1.000000000000000000e+00 2.527837735883191050e-01 2.144697653881808552e-01 3.191094519246361338e-01 3.461551471986382689e-01 2.762726982174765755e-01 1.672480711366951811e-01 1.724225369548783582e-01 1.801594614465490685e-01 6.000134861992963142e-02 -1.050939020072435004e-01 -6.496495383720350680e-02 8.458120051180527399e-02 -1.562219091332847087e-01 -1.982590597016970213e-01 2.216654777092914030e-01 -1.103363655906701157e-01 -6.950191126320394430e-02 -1.030595098496362716e-01 -5.735508078370098184e-02 -2.083554002745759970e-01 -7.942396886977040604e-02 -1.024430093453719548e-01 -8.159802124493233111e-02 8.424486293826925765e-02 -1.510174299124672770e-01 -1.233552624793204378e-01 2.344849550030275037e-02 -5.385609875732249446e-02 1.162802674310169787e-01 -1.366639271209118545e-01 3.611653368938282926e-01 1.088530952112476274e-01 -2.841532561866123158e-02 -1.070077292895179055e-01 -1.052577502431348705e-01 -5.695767453126913960e-02 1.321107278311584865e-01 5.897235166071915918e-02 -6.430291711597017901e-02 -2.027871276729708433e-02 5.406905305619663302e-03 7.927157210564395040e-02 5.204602099968037854e-02 1.181776721911436956e-01 4.660873665122359372e-02 -6.771777824020258629e-02 -1.039601466045317474e-01 3.302937873848093564e-01 1.453865967027207287e-02 3.342907074713579174e-01 2.049992550356510013e-01 1.258853141123178476e-01 2.584376725865382141e-01 2.516106959141731214e-01 2.316005300039723769e-01 3.331990263451092837e-01 1.302763230456102650e-01 -6.548978766366637949e-02 -1.788740510535407058e-01 -1.884155663049343898e-01 -2.581072993073612112e-02 -1.253530721073753684e-01 -1.174902879091098001e-01 -1.792337935590062603e-01 -2.391534872557745939e-01 7.015980265208655864e-02 4.406728554114332230e-02 -2.644207307575479476e-02 -1.096269108088956529e-01 -1.939611400205694114e-01 -8.976075681295173081e-02 -1.133202483921121467e-01 -8.361746303073892828e-02 -1.567011009712444003e-01 -1.570077932235970641e-01 -1.329466602744903414e-01 -8.667069964534984683e-02 1.133159875302848507e-01 -1.715850114382374073e-02 -1.684671539163578868e-01 -1.139166409109018951e-01 -2.300305469392885035e-02 -1.891330451087663289e-01 -1.926614524416406238e-01 1.363397245546963399e-01 -1.397029081702094999e-01 -1.546828386010035139e-01 -6.903709599968953226e-02 5.489856079538885797e-02 2.341934391940884291e-02 2.099442546606994087e-01 1.841812277492104188e-01 1.287085094527312852e-02 -1.384305981220260336e-02 1.674135446800916194e-01 9.885622181450100243e-02 -4.105510514570737124e-02 3.175338154075046937e-01 -9.855143446680725630e-03
2.527837735883191050e-01 1.000000000000000000e+00 6.466117510206892405e-01 7.115239731761104913e-01 5.339175623064748022e-01 5.791303310572039065e-01 2.271457318030964401e-01 6.978133682640147439e-01 5.949925413359116178e-01 -1.216225931661128745e-01 -3.287879391940466411e-01 -8.590129095879618648e-02 -1.517442076214698676e-01 -2.788815862630867892e-01 -1.601722154832581624e-01 1.322447761452637816e-01 -1.744985681127473875e-01 -7.755159134130119869e-02 -1.691677845541738612e-01 -4.142278257780567796e-01 -2.152641773432152072e-01 -1.640581831851549988e-01 -3.193763945798936410e-01 -2.177863712116837047e-01 -1.577368958224003581e-01 -2.118247972793838585e-01 -1.600012197085407262e-01 -1.075660801942263101e-01 -1.416352101933022190e-01 -3.288599495245075888e-02 -1.531133448758538740e-01 2.150945517091154210e-02 8.871281467970211498e-02 -9.904767999591224115e-02 -1.069410117636663271e-01 7.599859491560646829e-02 -9.437597071791238579e-03 3.001777839058463251e-02 2.089175964659453488e-01 -8.338855121050392505e-02 -6.325760495013482698e-02 -7.534230485294067525e-02 -5.744403708966099725e-02 -4.362105526390330085e-02 5.700820954506585422e-03 2.014515262811466811e-01 1.208770408156110455e-02 -1.858908013484199540e-01 3.162439318319016368e-01 5.328523090178977767e-02 3.116587287386208271e-01 6.924342743882802020e-01 2.472805063104958068e-01 6.712870115488246414e-01 6.440552549289265682e-01 6.128566152820045243e-01 4.487207842130456759e-01 6.119353086738374969e-01 -2.358148563249914675e-01 -1.630306335721485589e-01 -2.955485149879255036e-01 -1.403639450657681864e-01 -1.697954496072800468e-01 -1.734536537459066829e-01 -1.298179888964932083e-01 -1.581090238279989069e-01 -2.704944889216219228e-01 -3.066860404364923215e-02 -1.307769042389629599e-01 1.597376698667840123e-03 -2.384356164853357607e-01 -2.546703279444699763e-01 -2.649907862961018989e-01 -2.247350427731715783e-01 -2.755178281320716516e-01 -2.637817404346503580e-01 -2.613812221488806542e-01 -3.028727088214998031e-01 5.019517421415801983e-02 1.181640648186388018e-02 -2.630712842685005715e-01 -2.766489006999898748e-01 -9.236564705414899989e-02 -1.060798634316950928e-01 -2.323909286157820608e-01 -1.917465131674370160e-01 -1.570242102585378552e-01 -1.604316335155290818e-01 -3.766522232034098527e-01 -2.817173683089322367e-01 -4.972077119161317192e-03 1.348480942709694153e-01 2.256933212381217746e-01 -9.775493434542770199e-02 -7.036101962400391485e-02 1.445882262286113211e-02 5.252481615508045043e-02 -3.079350025890726372e-01 2.175339745031200089e-01 -8.106358295511913170e-02
2.144697653881808552e-01 6.466117510206892405e-01 1.000000000000000000e+00 6.297407705927117183e-01 5.154902381710122494e-01 7.546398393688062978e-01 2.314634980295955657e-01 8.310915709381028194e-01 7.412889261611994574e-01 -1.502045523556194417e-01 -2.923343718317092943e-01 -1.709461926026559775e-01 -1.596949115415532694e-01 -1.991629101389152945e-01 -1.147547877702441016e-01 2.448537568292044261e-03 -2.461608584991507864e-01 7.080828175209365194e-02 -5.849284443511090434e-03 -4.359056290509292220e-01 -1.756941406532420979e-01 -2.342163470112720025e-01 -1.706169727949528592e-01 -2.926322815433694546e-01 -1.703696286079328936e-01 -2.722077010354949644e-01 -2.757352879143569746e-01 -2.748090619005508772e-01 -1.840085274051141140e-01 -1.552422704063008696e-01 -8.540410366638603867e-02 2.693914634419165496e-02 -5.602759399657675221e-02 -1.294277208705059135e-01 -1.928164472540603025e-01 1.504701277910303614e-01 -5.046952876565616308e-02 -3.216055346818464528e-02 1.265668383971085276e-01 -1.373496657036136770e-01 -1.973289020674325323e-01 -6.219629253203453473e-02 -8.165690470890611674e-02 5.502493440540520697e-02 -2.745787287331784982e-02 1.321383112729163922e-01 -7.872393674253685969e-02 -2.373103372593867721e-01 3.116415274990183559e-01 1.633085288351066380e-02 1.352779805961211168e-01 7.403263403673953080e-01 1.176389329885932922e-01 6.405148665166384703e-01 7.298930029990805535e-01 8.028808491770504929e-01 5.062071887741348419e-01 7.521426729665502409e-01 -1.182983995681142764e-01 -1.014326871682652426e-01 -1.878489624671812741e-01 -1.161835123766353367e-01 -6.480228302176634092e-02 -1.173889463385981990e-01 -6.526091801470694509e-02 -1.354489233666140713e-01 -2.781960748136978467e-01 1.125190335379354228e-01 -2.855066540085547753e-03 5.033026174658438573e-02 -1.991949518273146424e-01 -1.727851467949703401e-01 -2.248798065349165431e-01 -7.630086058480851918e-02 -2.315109629454487339e-01 -2.521411396140931238e-01 -2.006398199867846233e-01 -2.918824511825243162e-01 2.101173189483480919e-01 2.627076708881875486e-02 -1.201156551551674639e-01 -1.776931707801143456e-01 1.143202844431965085e-02 -3.777591269369328514e-02 -1.856784699480978629e-01 -5.350261071889155645e-02 -8.561525851829467071e-02 -1.299694619299452958e-01 -3.013113793817963626e-01 -1.619154040915956327e-01 7.872892872501329256e-03 1.989828569474882958e-01 2.593795909300847802e-01 6.733908796833087962e-02 5.696584002162412286e-02 1.190174776002866780e-01 1.255207061810456048e-01 -2.621461192788094863e-01 3.018858400058498925e-01 -4.098225865018093050e-02
3.191094519246361338e-01 7.115239731761104913e-01 6.297407705927117183e-01 1.000000000000000000e+00 6.365466740987308913e-01 5.517721533144583912e-01 1.765981646526377513e-01 6.341591976998743885e-01 5.327430942895940991e-01 7.198050107090256389e-02 -3.501836288500260186e-01 -9.259151621994460291e-02 -1.905734636736720888e-01 -3.979577345281114509e-01 -3.190093046710873459e-01 1.179550918009879441e-02 -1.972574104982385834e-01 -1.778541578375891496e-01 -2.522320443493859532e-01 -4.715148358354629421e-01 -3.839155099433630425e-01 -6.243042510153512525e-02 -3.103481421655617800e-01 -2.804481589053263169e-01 -1.755688520609191838e-01 -2.563587457570808414e-01 -1.709824285889268991e-01 -3.409208986432104432e-02 -3.051062360245383465e-01 1.440478103545914379e-01 -1.808440294546763694e-01 1.068512775390677849e-01 3.870808165354469588e-02 -1.048885429757079324e-01 -1.742413182055045917e-01 6.896567863103826405e-03 -4.144654064522102638e-02 1.451482596457667473e-01 2.472775993771485215e-01 -1.203179687656893149e-01 -1.164559487341911004e-01 -1.894566559770315683e-01 -1.583279585371161202e-01 -1.251790278164184589e-02 -1.340936459080070975e-01 1.715172327531174767e-01 -1.221610111474196771e-02 -1.870798686119666543e-01 2.960225641992069723e-01 -9.679900393939646491e-03 3.594228940154596819e-01 6.547274654913232128e-01 1.800075333780740972e-01 7.019111550530777732e-01 6.090905807892225132e-01 6.187675632584911378e-01 4.771696698919510315e-01 5.098132795192212852e-01 -1.934602017542229047e-01 -5.464618404940881080e-02 -3.450860562547912735e-01 -2.106755895855577099e-01 -2.614476065312650310e-01 -1.417040334796707546e-01 -3.217836899127422545e-01 -3.669613298709064053e-01 -4.231387673778465031e-01 1.134587236471964466e-01 -5.646178050873207344e-02 -1.974873154639947004e-01 -3.894554863415017887e-01 -2.589602756613902934e-01 -2.470045419120070473e-01 -2.568074149743039825e-01 -3.704457172092693873e-01 -1.844161921251384062e-01 -3.949295231733556122e-01 -2.962401973746547346e-01 1.385649832053974066e-02 9.244246455415894292e-02 -1.976424553851121590e-01 -2.558387924865583862e-01 -1.005142430323181513e-01 -1.296999177903953443e-02 -1.145973824956547510e-01 3.851992699688707843e-03 -2.381725328812558662e-01 -1.358015561579968555e-01 -4.160555643459208364e-01 -2.797604201978370342e-01 5.755439184247106849e-02 2.788084125460770224e-01 2.739958262437020009e-01 -9.565727056878679802e-02 -9.959135629997330208e-02 -1.963389101256564004e-02 1.092075341022596957e-01 -2.600918074300178073e-01 1.971715893716910473e-01 -1.202268765060280215e-01
3.461551471986382689e-01 5.339175623064748022e-01 5.154902381710122494e-01 6.365466740987308913e-01 1.000000000000000000e+00 6.172406414566475874e-01 -1.244568604462402764e-02 5.093206919037761571e-01 6.034009242083755442e-01 7.665450618486131969e-03 -1.097783125421741002e-01 -1.109369039021950998e-01 -1.529523191103450974e-01 -2.768035208187512586e-01 -3.327947994327018488e-01 -1.374624055531662170e-01 -2.368631588710699842e-01 -8.051267705624343130e-02 -1.901234976118747755e-01 -2.641076846006327750e-01 -3.498646380596042715e-01 1.120534886220351661e-01 -2.317427559501188949e-01 -2.939183951125420302e-01 -1.087544991501746272e-01 -2.065644541762746422e-01 -8.238839495860120210e-02 5.658741929576740354e-03 -1.695960633101658011e-01 6.438982767515685768e-02 -5.871582616414298961e-02 -5.049770073545960247e-02 -1.569010549642962660e-01 9.394604309848719748e-02 3.045830884381129852e-02 8.333186003187373347e-02 7.233300190198329108e-03 4.352551455741522288e-03 1.410115082529596886e-01 -2.204570406088075529e-01 2.582013041057291958e-02 -9.446373455192645652e-02 -1.540410526805274516e-01 -2.483678888866815981e-01 -3.589582973661558513e-02 8.691131804148034823e-02 1.590246978688398816e-01 -2.598538763392165690e-02 3.877268543400094747e-01 8.959104987442946533e-02 3.252575203136714999e-01 4.603623075882497528e-01 2.121682633649109029e-01 6.562948104350300182e-01 6.012540053216970382e-01 5.742273811055803590e-01 4.511089753861451945e-01 4.373120920078226170e-01 4.526566290825498979e-04 -2.858075679938887892e-01 -2.485186491062874037e-01 -3.169509942649179762e-02 -7.734404397994210090e-02 -1.929055807954171975e-01 -3.136030491186624358e-01 -2.772090867170830530e-01 -3.295322364887300348e-01 2.920486470458101280e-01 7.953952644392719984e-02 -2.277147617667633628e-01 -3.559153486594555660e-01 -2.716328724301271882e-02 -1.697329787614569319e-01 -3.474968456461514088e-01 -3.393807894302274808e-01 -2.314248903798898083e-01 -3.385972681531890793e-01 -2.505032600050722258e-01 -4.084022047250786963e-02 -7.735815205649279602e-02 -1.550562470238451007e-01 -4.006642358184865638e-02 -7.484859637608354266e-02 8.941679258344964465e-02 -1.010164919767549130e-01 2.596255648698106988e-01 -1.926739595546551886e-01 -1.741138008240356305e-01 -3.522696969643043241e-01 -2.041026009523287943e-01 1.406932447183865675e-01 2.358386604916097029e-01 1.411645854024591307e-01 2.023018106802360050e-02 -1.639287531596421710e-01 -9.167846900754986206e-02 8.388138678008810745e-02 -1.183774780258015080e-01 2.800682639754802916e-01 -1.392254102249669036e-02
2.762726982174765755e-01 5.791303310572039065e-01 7.546398393688062978e-01 5.517721533144583912e-01 6.172406414566475874e-01 1.000000000000000000e+00 1.244870017502584386e-01 7.559104676543232371e-01 8.232961379648153777e-01 -2.558163989383297476e-01 -4.350399704299863224e-01 -1.793193326345664251e-01 -8.073555612327029674e-02 -2.709761866450761669e-01 -2.111695870927560170e-01 -1.049778544376274714e-01 -1.998959312819242051e-01 7.627350463633630895e-02 -7.479190169976081271e-02 -3.221254934168237272e-01 -2.181048965495213376e-01 1.784620533142339954e-02 -1.520937426437817541e-01 -3.883815652175113819e-01 -2.501239528450328042e-01 -2.766778199085941914e-01 -1.379163010912912990e-01 -2.973329434615290534e-01 -4.277620683019609654e-02 -8.691878522253511374e-02 -2.143996414329722433e-01 -6.196561952428699532e-02 -1.551220982056181197e-01 1.278652322990103543e-03 7.259262234349577771e-03 3.042113598012006204e-01 9.743399505388539161e-02 -7.488247031442935020e-02 1.238748061342847401e-01 -2.871377439701408574e-01 -2.177099158295366793e-02 -1.131608578369247553e-01 -1.347615930351788449e-01 -1.428422492511080277e-01 -3.023926287160121334e-03 1.542301362632591821e-01 1.342313422259131250e-01 -1.239750381821576042e-01 5.460103043385740040e-01 2.006638124160196601e-01 3.214759959246317189e-01 6.810747202251283827e-01 1.284255009512674794e-01 5.939803409454348371e-01 8.296230321224552506e-01 8.334220123592668283e-01 4.694663768720922503e-01 7.446021393626020002e-01 -1.689237875323677252e-01 -1.153218688463525932e-01 -3.905581981936851466e-01 -8.182191980113380503e-02 1.537318965139018593e-03 -1.309357337033781599e-01 -1.628179465173140161e-01 -1.536051889027665596e-01 -3.174290156917280448e-01 1.092133162379035072e-01 -2.090591660017839318e-02 1.737410704746232895e-02 -2.021183247936472471e-01 -5.513809027574188837e-02 -1.894527349095945223e-01 -1.766369758419814029e-01 -3.709413928867237864e-01 -3.707752001184484447e-01 -2.272320140771101893e-01 -2.783955803809721741e-01 -2.331207498299951719e-03 5.706888937119709328e-03 -2.947138911321441346e-01 -1.014818164165613157e-01 -2.037436155239985558e-02 -4.254516231675252447e-02 -2.501498368156476193e-01 1.153055170932859030e-01 -2.560700728317051589e-03 -1.638558218880039052e-01 -2.510999470514222454e-01 -1.451083966349805965e-01 4.251041026825707475e-02 3.550650923378453894e-01 2.292712239908461513e-01 -1.141942657523097732e-01 -3.963244495718826199e-02 -2.510674218062268481e-02 7.403557724369902449e-02 -2.245654329469192190e-01 4.244813826857406491e-01 7.688611670277673005e-02
1.672480711366951811e-01 2.271457318030964401e-01 2.314634980295955657e-01 1.765981646526377513e-01 -1.244568604462402764e-02 1.244870017502584386e-01 1.000000000000000000e+00 2.589257512905932535e-01 5.651983945021106515e-02 1.959307812050455899e-01 1.040174407877348696e-02 1.472441621535176826e-01 -1.005405481702873749e-01 -1.760542473451834899e-01 9.746395696182266755e-02 4.951583835968180192e-01 -1.139228784395620968e-02 1.798339875203126825e-01 -1.703343875433129262e-01 1.683268957328214466e-01 8.601280477704127680e-02 -1.776404687504039293e-01 -2.202901005159724201e-02 3.737953517998062192e-01 4.300808477125792062e-02 5.748748330303333348e-02 -2.658551592068711389e-01 7.256604930218584285e-03 2.282049109260475828e-01 2.938791727472710603e-03 -8.032266803112568521e-02 3.199551524854895440e-02 2.596411802220983112e-01 1.318084784759966099e-01 -2.586315438025054148e-01 -1.496875433611578876e-01 -1.812649880059796215e-01 -6.615932586544605309e-02 -9.828052465492015388e-02 3.326180713498119168e-01 -1.973773793241747343e-01 -1.979121098473262119e-01 -1.107985585034392539e-01 -7.762976920153578930e-02 -2.978292549730404137e-01 -2.173189878197628877e-01 -4.235730324763418708e-01 -1.293394545564112708e-01 -3.816689021491104228e-02 -3.480369944897364065e-01 1.435677466169664462e-01 1.523244482802574018e-01 1.328204227058318032e-01 8.380269588288269747e-03 1.368751997309589907e-01 1.265796437073906378e-01 2.776849490340512205e-01 1.289236146360618895e-01 1.571698793850605513e-01 8.180270781013097847e-02 1.481830210698144024e-01 -1.189014280070758989e-01 -9.489931484099597969e-02 5.329202743404672094e-02 1.568050912109059114e-01 -6.920820537825672636e-02 1.690966406347126083e-01 1.471323345119929238e-01 2.751810451079604314e-01 3.067905772158775468e-01 1.692360335486947365e-01 -2.258044395820892059e-02 2.442317552436648609e-01 3.980480164289993406e-01 3.168795508258900329e-01 2.510359894385782997e-01 2.668553750692998494e-01 5.547150311531885009e-02 1.530693248400687434e-01 3.972133951289692072e-02 2.335505696662625863e-01 -2.181985819255442549e-01 -1.729822773753902643e-01 1.480221841676079564e-01 4.010360603213589115e-02 -1.431798224719400547e-01 -1.343848196227634684e-01 -2.825951125554462817e-01 1.682462277125484629e-01 1.025411431463424811e-01 -1.181578431528021306e-01 -8.855263730164593394e-02 -5.768883583081344663e-02 -3.200152817924176683e-03 5.246322332824842477e-02 -1.213245659814015526e-01 -2.132633998367230166e-01 -9.358852700581896111e-02 8.136362237624363003e-02 -2.652731618735825192e-01
1.724225369548783582e-01 6.978133682640147439e-01 8.310915709381028194e-01 6.341591976998743885e-01 5.093206919037761571e-01 7.559104676543232371e-01 2.589257512905932535e-01 1.000000000000000000e+00 7.996681627682169502e-01 -2.339815050160115872e-01 -4.194687576465007672e-01 -1.605852541919764731e-01 -2.091758344589652874e-01 -2.513823227914552261e-01 -6.057607265567629962e-02 3.615912608046236570e-02 -2.127234308768844173e-01 1.716458875344594182e-01 -5.007976724372643906e-02 -4.227899372389106736e-01 -9.679887698247090222e-02 -2.123680319483761680e-01 -2.355330320524248455e-01 -3.279316162639941967e-01 -2.704412173062795133e-01 -2.598018821606751794e-01 -2.901437157473399364e-01 -3.069203370363390859e-01 -2.570605663814910791e-02 -1.298451012108794433e-01 -1.664489077842161435e-01 -1.093394169013037348e-01 -1.108886058822357440e-01 -1.205673310153300148e-01 -1.976346375883860085e-01 2.012881228926164945e-01 -6.441281739958559793e-03 -6.118778618530532065e-02 7.501012237245105463e-02 -1.911803030708092987e-01 -1.927781751550154687e-01 -1.374664969600512543e-01 -1.814979292116505882e-01 -4.930366527261963172e-02 -1.348584654510420200e-01 1.659056257889209018e-01 -8.696811684031827139e-02 -2.687231986307950793e-01 3.706166743873140490e-01 4.215107590456620285e-02 2.851177705173916221e-01 8.001227765427900707e-01 1.857701488173129634e-01 6.705040628417930915e-01 7.657016256843852675e-01 7.801249046433703649e-01 5.675581982128212744e-01 8.380559213484153336e-01 -2.037144753809005948e-01 -7.939766725858250773e-02 -2.781252877606025242e-01 -1.766244126065897313e-01 -2.587536866560221499e-02 -1.551352712484957430e-01 -9.452217140109556506e-03 -3.028815280202867485e-02 -2.286705917941913024e-01 5.174444907961980172e-02 3.113331187725516119e-02 1.915955096782764600e-01 -7.097628326140972832e-02 -1.488181237755880071e-01 -1.427760895911281691e-01 -7.829630881084176375e-02 -2.222735625683293359e-01 -2.971786264832770863e-01 -9.097848434936392503e-02 -2.434848872667907116e-01 1.070326610295372349e-01 7.446706225927128553e-02 -1.957348850132421547e-01 -1.586551877001949884e-01 -9.116285826942380210e-02 -5.585145040911667497e-02 -2.085800018308311965e-01 -1.079020423316253419e-01 -5.300956182904814455e-03 -1.223599588320727349e-01 -2.408362893663258675e-01 -2.122947520894244711e-01 4.653046421334144228e-02 2.250826480848567568e-01 2.155417499379704560e-01 -1.871779241522322432e-02 -1.486322575545273063e-02 2.296199786948417199e-04 6.905140440446581873e-02 -2.340554219095357658e-01 2.905217864173433306e-01 -2.460882793406918897e-03
1.801594614465490685e-01 5.949925413359116178e-01 7.412889261611994574e-01 5.327430942895940991e-01 6.034009242083755442e-01 8.232961379648153777e-01 5.651983945021106515e-02 7.996681627682169502e-01 1.000000000000000000e+00 -3.422456128311568424e-01 -3.979238090120804650e-01 -2.875484049847958912e-01 -1.170372423748610030e-01 -2.417567344657418071e-01 -1.961718012647179765e-01 -9.931688652788893401e-02 -1.708623253516852181e-01 1.233606696628713334e-01 -5.804314807691245137e-02 -3.913995010535830099e-01 -1.597743185618364925e-01 -5.823024965001762088e-02 -2.196639491449161874e-01 -4.429791064268681633e-01 -3.029605975946940144e-01 -3.302193916270851903e-01 -2.229938130512531258e-01 -4.092308987580411950e-01 -3.342423812610381684e-02 -1.973735538474031825e-01 -1.399129207881492643e-01 -9.211580082770576272e-02 -2.016508622912018267e-01 -6.766038023975365356e-02 -5.134945111361646775e-02 3.522572878658777329e-01 4.532571530348836891e-02 -2.463742569678476976e-02 1.451510108856369496e-01 -2.745606611153093013e-01 -2.142980117208222873e-02 -1.333013887610508819e-01 -1.407873718737822355e-01 -8.240215632153088943e-02 -5.746105368782839645e-02 2.226744464027139991e-01 1.299797136648064289e-01 -2.078379929636382240e-01 5.124735053235531801e-01 2.459542943919924562e-01 2.760935962149318468e-01 6.954296194535439790e-01 1.914708730046704444e-01 6.561840514032143412e-01 7.671066273747292330e-01 8.173549723531401412e-01 5.086227508148140064e-01 8.408626906125095113e-01 -2.721402190525051279e-01 -1.570937365222331850e-01 -3.664507831373730040e-01 -6.549406347506113446e-02 6.709081558499480069e-02 -1.700186052498508515e-01 -8.002605662650891238e-02 -4.321269973066005354e-02 -2.355430180085161807e-01 1.025635723870659821e-01 -5.689664383008091915e-03 1.063370781237265167e-01 -1.180076008183343628e-01 -8.779641543921280766e-02 -2.242090761716077352e-01 -1.761794917187456955e-01 -3.582402607816369544e-01 -4.306077409853377724e-01 -1.948094101585943483e-01 -3.439843773782813585e-01 -6.235357634628737114e-03 3.219438016991214846e-02 -2.937943399517590759e-01 1.462112240651587680e-02 -8.694596758781598933e-02 -1.118487963315543676e-01 -3.426551366431699330e-01 6.841853119086092894e-02 4.849974496257909023e-02 -1.757984565524566278e-01 -2.568427199381192461e-01 -1.449604936093816521e-01 9.584780151738889198e-02 2.727692604756263295e-01 2.923929354008751869e-01 -3.516377989293510004e-02 -3.441525693481484183e-02 -8.752383382848671900e-03 1.283776977414092801e-01 -2.084602444182038772e-01 3.597958188024467652e-01 1.943263850066744847e-01
6.000134861992963142e-02 -1.216225931661128745e-01 -1.502045523556194417e-01 7.198050107090256389e-02 7.665450618486131969e-03 -2.558163989383297476e-01 1.959307812050455899e-01 -2.339815050160115872e-01 -3.422456128311568424e-01 1.000000000000000000e+00 1.802776776104393075e-01 3.687606545514833800e-01 1.344006066638906427e-01 3.488547250243948655e-02 -1.638919037832323395e-03 1.656414647506612714e-01 1.910137976923168557e-01 -1.857948047059426178e-01 -2.716310960542964725e-01 4.264611313028961875e-02 -4.924122815466243364e-02 1.836266503816368079e-01 2.245126648796745006e-01 3.154712362341821064e-01 4.048807822673662904e-01 2.215956873803745786e-01 1.111799051142912387e-01 4.287189812382611320e-01 -1.539571424033869540e-01 3.461480099919848619e-01 9.033070456581711316e-02 1.542578699681639576e-01 2.181425932943972801e-01 7.575244820908390297e-02 -6.685121458082342316e-02 -4.520908503412102153e-01 -6.786481245435879717e-02 4.508597281599202589e-02 -2.095423405762029123e-01 1.839997423834077162e-01 -2.153935468411055931e-01 -1.161941400919961481e-01 -1.435983600612692757e-01 -4.262396389332729491e-02 -2.545463931976453265e-01 -3.093651235215617579e-01 -2.445813826447220118e-01 1.404355057400606122e-01 -3.518575692363084539e-01 -4.264873111194328326e-01 5.926424753686873603e-02 -1.595912615338681007e-01 -4.741706439187768490e-02 -1.743886455230383992e-01 -2.495474392697429322e-01 -2.062966652156025815e-01 -1.305398881976737452e-02 -3.698603167020915183e-01 4.031788778236489734e-01 2.792394736443954972e-01 2.248504019587110603e-01 5.260789843676321603e-02 -2.499586804106865290e-01 1.282646021964132521e-01 -1.099790739170716097e-01 -1.914045046104786985e-01 -2.148989230435058573e-01 1.088984166240251489e-01 9.156407427541971011e-02 -1.610770273976051825e-01 -1.066228735251165405e-01 -1.146723867110479023e-01 1.668218784387466846e-01 1.410143856461328338e-01 2.283631385630546518e-01 4.310760546695893702e-01 9.664668619779159808e-03 1.458231216739126757e-01 -8.692090892626327947e-02 -3.791932090702231084e-02 3.325799355476721231e-01 -1.597668294849334258e-01 -1.180904951505705736e-01 3.497911692150121876e-01 3.752469195844636562e-01 -1.236518415576710189e-02 -2.195408959864899867e-01 -1.293750164562875726e-01 -1.148962563992816377e-01 -1.559225284897341191e-01 -7.530079616310586532e-02 -8.834394918593682644e-03 -3.722433045644493177e-01 -6.712905008109221194e-02 -2.487402179774047539e-01 -2.574046440587507978e-01 -2.823167866439010854e-01 -5.117944717410601030e-02 -2.720809081776792149e-01 -4.186536976360277773e-01
-1.050939020072435004e-01 -3.287879391940466411e-01 -2.923343718317092943e-01 -3.501836288500260186e-01 -1.097783125421741002e-01 -4.350399704299863224e-01 1.040174407877348696e-02 -4.194687576465007672e-01 -3.979238090120804650e-01 1.802776776104393075e-01 1.000000000000000000e+00 1.688459125599241772e-01 1.505179693065704372e-01 3.392070646619251284e-01 1.625908353166891640e-01 9.161422557099825614e-02 8.849560122617085300e-02 5.732424033846778705e-02 1.272535294870549005e-01 3.149656627090374195e-01 2.253683555774582126e-01 -9.260654287091665826e-02 2.658374377415773648e-01 4.476405733734502568e-01 4.371201086484574061e-01 3.816367074126778003e-01 7.547542910828104745e-02 3.203093826288677670e-01 7.658502705775473152e-02 -3.518884504505370714e-02 2.978551121572508564e-01 -1.579658911259091206e-02 -2.807907846520399375e-02 1.546484116129397124e-01 -3.811026357391446989e-02 -2.819197215891404706e-01 -3.027201335471718657e-01 -8.457733160396826988e-02 -1.642767248656382129e-01 3.086841036107348391e-01 -1.343968768997449714e-01 2.364296983443913425e-01 2.294264482199467325e-01 -4.122683362950110841e-02 3.607379114641936363e-02 -3.147915110974812691e-01 -1.688093366213047619e-01 -4.451657924181032927e-02 -4.880855553283580117e-01 -3.249852904479169080e-01 -4.449004637346835600e-01 -4.591808276167274050e-01 -4.443713242575673961e-02 -2.982425330299364186e-01 -4.050807729535618740e-01 -4.285449950564630406e-01 -2.284316409685566984e-01 -4.532703889993640600e-01 4.413497562329277701e-01 -2.307447515881889677e-01 6.448976474537226888e-01 3.923409932396715316e-01 1.261736211796889162e-01 8.976552816121451117e-02 2.102727111476596356e-01 1.675144852548755559e-01 1.697150368431477041e-01 2.364818181259086272e-01 2.052170443941028211e-01 -2.790003127963305504e-02 1.767230681824497329e-01 1.436978660815730613e-01 1.719680903840265229e-01 7.378014558536986900e-02 4.630612924063796654e-01 5.049273715802173879e-01 2.084512192142661535e-01 2.891104076596818784e-01 1.501628207666067250e-01 -2.101538650477766668e-01 4.000503600657057679e-01 -5.586630391652901845e-02 -4.554859052516654905e-02 9.692152495933860357e-02 2.416082991435689886e-01 -8.138989233014011504e-02 -2.544221892006601760e-01 5.265924648013621534e-02 8.790786028501500204e-02 7.650727309401440801e-02 -1.282001108437802739e-01 -5.378923635236019241e-01 -1.953649488598942219e-01 2.362970729440806994e-01 9.879193638299242630e-02 4.283423712550248064e-02 -1.735675637925435388e-01 -2.546345001820697271e-02 -2.637970674619610212e-01 -2.462240247794240666e-01
-6.496495383720350680e-02 -8.590129095879618648e-02 -1.709461926026559775e-01 -9.259151621994460291e-02 -1.109369039021950998e-01 -1.793193326345664251e-01 1.472441621535176826e-01 -1.605852541919764731e-01 -2.875484049847958912e-01 3.687606545514833800e-01 1.688459125599241772e-01 1.000000000000000000e+00 3.540911154472557443e-01 1.592113958242816485e-01 2.931321974642149275e-01 1.095565796981985557e-01 2.526320099398376984e-01 -4.622601685469135413e-02 1.398059575458106274e-01 1.302327764322603054e-01 2.637370561668692104e-01 -4.521412827929056737e-03 1.592418392812448569e-01 4.848814127233959659e-01 4.825465264410044308e-01 5.400086249098500213e-01 6.674704960151059407e-02 4.093658184401328670e-01 1.227994591164597027e-01 1.400543109473671721e-01 -3.899533253511757586e-02 -1.254233407464140082e-01 -5.941614778167980671e-02 6.072924494932149461e-03 -1.452630696577062418e-02 -2.665116041618751375e-01 1.111325678935093791e-01 -4.064775018736386247e-01 -2.803733990131352938e-01 -1.051033261126609530e-03 -3.950647986238293718e-01 8.651612480757918389e-02 4.345669625837755151e-02 -1.713408504481051808e-01 -2.543773234391542015e-01 -5.003562919370143636e-01 -4.311093585788968729e-01 -1.204943914784942782e-01 -3.665358441896746089e-01 -3.746863460126811929e-01 5.551743588987788358e-02 -4.845093322669130620e-02 2.520095380303049096e-02 -1.577154023691627327e-01 -1.183188170996905819e-01 -1.982260776929228308e-01 -1.093523878345345340e-01 -2.142348812472668340e-01 3.930188410803859833e-01 2.881538196667410845e-01 3.244776228438415178e-01 3.322637718320739508e-01 2.439315337774690395e-01 3.204856089284492393e-01 2.275601884650289009e-01 2.822622601599628633e-01 -7.088732462280762647e-02 1.270527129777463404e-01 1.880913307259803324e-01 -6.058751594282284214e-03 2.292491527497408366e-01 1.849270611672941544e-01 2.704818667412139943e-01 3.249902825587378530e-01 4.547735629863058904e-01 4.537900233584197807e-01 2.938165699715421519e-01 4.612498974074379365e-01 -1.595032041073287665e-01 -3.865079032222172861e-01 4.139014040771289982e-01 -2.629641236392894488e-01 -3.044528200119602235e-01 2.090903939607550166e-01 3.458983356773123186e-01 -2.306299013411489685e-01 3.633448778911205213e-02 1.868926526331434468e-01 5.587066937500678038e-02 -1.619335638547767520e-01 -1.689743597754879978e-01 6.373456411472887273e-02 -3.372310335418385874e-01 -3.133569031931349724e-01 -1.341813959302316610e-02 -7.831098304700703783e-02 -3.313217708464818445e-01 -1.320358981412143584e-01 -3.255295474546044954e-01 -3.428071770359253367e-01
8.458120051180527399e-02 -1.517442076214698676e-01 -1.596949115415532694e-01 -1.905734636736720888e-01 -1.529523191103450974e-01 -8.073555612327029674e-02 -1.005405481702873749e-01 -2.091758344589652874e-01 -1.170372423748610030e-01 1.344006066638906427e-01 1.505179693065704372e-01 3.540911154472557443e-01 1.000000000000000000e+00 2.558285425944556990e-01 1.351701822444563161e-01 1.020390891847634818e-01 5.202204432418520152e-01 -7.935884034367077233e-02 1.734474783582113655e-01 4.319365622007157596e-02 2.071812080913895127e-01 8.163779571766485721e-02 2.339486102121517419e-01 2.726782788653102640e-01 4.327686565492809279e-01 4.209727054138721059e-01 2.947140967828771330e-01 1.042464690785360609e-01 1.267375731447897558e-01 3.547912266433304873e-02 -2.641686115187283357e-01 6.564155037666667691e-02 -1.180221635112546213e-01 -1.038451019040325801e-01 1.431834073359666004e-01 -8.435169905073780505e-02 1.682467050749327994e-02 -1.165600251233136347e-01 -3.539756047828972185e-02 -1.725679222984360245e-02 -1.875416795272716874e-01 7.924980500679398854e-02 2.640554031958587400e-01 4.173663487364508151e-02 -2.022533371202575592e-03 -1.624954484127348053e-01 -4.605173980492361513e-02 -1.614540751312363298e-01 -2.592105726535703369e-01 -8.802140161039817556e-02 -5.485901910513139856e-02 -1.095826666756275769e-01 -1.561206816926007102e-01 -2.065278613907830796e-01 -5.041043000904077420e-02 -1.367037934416439060e-01 -2.287918402477687463e-01 -1.429244660182873994e-01 1.079509202268634088e-01 1.787421460193528155e-01 9.509581707385211802e-02 5.053442857095756802e-01 1.508718391001687975e-01 1.551532694701298620e-01 1.127087326493190766e-01 1.871946725905732634e-01 -1.065972607486063706e-01 6.133748322789141227e-02 -3.251915318235953922e-02 -7.419503715970332536e-02 1.349624914269018372e-01 8.393203839892551810e-02 4.147088787737169407e-02 1.353289865561210226e-01 2.066168205402154623e-01 1.930606732089755473e-01 1.523926268940567208e-01 3.095549409060232571e-01 -2.908595250492460038e-01 -4.321736103029673592e-01 1.308717990950800936e-01 -1.880205093226399449e-01 -2.256784247223729556e-01 -8.028311211893393584e-02 2.016206956181209875e-01 -1.116250024664728058e-01 6.102090817243404491e-02 1.965259986142817716e-01 4.392286661852659591e-02 -2.937588080005137589e-03 -2.365823924257822730e-01 1.575488980180972040e-02 -2.494604742789888890e-02 -3.948081582596613126e-01 9.417362882375317212e-02 1.292872550390038733e-01 6.343265827380082690e-03 -9.343853085825128135e-02 -2.307999962425290041e-01 -7.134038769308848060e-02
-1.562219091332847087e-01 -2.788815862630867892e-01 -1.991629101389152945e-01 -3.979577345281114509e-01 -2.768035208187512586e-01 -2.709761866450761669e-01 -1.760542473451834899e-01 -2.513823227914552261e-01 -2.417567344657418071e-01 3.488547250243948655e-02 3.392070646619251284e-01 1.592113958242816485e-01 2.558285425944556990e-01 1.000000000000000000e+00 6.408543575313211393e-01 1.068272396346327813e-01 2.670566156316745987e-01 1.701362904134923471e-01 4.404050747563861279e-01 2.157007851105895158e-01 5.903399439130196935e-01 -2.241187045718411319e-01 4.848846431382780042e-01 3.288884855725002776e-01 2.915528302299044694e-01 3.413320096157194117e-01 1.302676081787007001e-01 1.503853198115941703e-01 2.295792780165750169e-01 -7.112247902477716877e-02 2.222629378079878648e-01 -7.192085847354121736e-03 -4.977556295944591397e-02 7.488274214037164700e-02 -6.357188462792270900e-02 -1.355503444073901664e-01 -5.715796079674480973e-02 -1.590461149629462112e-01 -1.353926860120481801e-01 9.367006500516120160e-02 -8.896150526089843802e-02 3.451368738269949832e-01 2.412836184397698369e-01 1.764911451835472211e-01 2.418611147380981541e-01 -1.821776555224529914e-01 -9.825215503809087148e-02 -8.757523524291706274e-02 -3.514094812264433321e-01 -6.967086667975493086e-02 -4.551818143817810136e-01 -3.045746014917808941e-01 -2.329452220820121544e-01 -3.111970926757239297e-01 -2.661035105659690370e-01 -2.733723532024602276e-01 -2.817234987655308776e-01 -1.708265038882805231e-01 2.270624517737424020e-01 6.672559544541830680e-03 2.966850614446485679e-01 1.664537252009281876e-01 3.231347046439023152e-01 4.173033473218599743e-01 5.412308006429619178e-01 5.499124943517964548e-01 8.147925494039592875e-02 1.491824012911390634e-02 -2.552814972608850180e-02 9.829567566640554088e-02 3.423349764684294749e-01 3.418448915085825403e-03 1.147812406963075460e-01 1.298182074814540343e-01 3.401927135324052109e-01 1.794094439564100085e-01 3.127826394641861074e-01 3.212597969311277724e-01 2.003136034952517075e-01 -3.682889208142516857e-01 2.019342421657819298e-01 -2.153085834381303076e-01 -3.146861558694281913e-02 -5.679584865203098770e-02 1.740012466058850349e-01 -2.314433643248321182e-01 3.856831365860809852e-02 1.423311701263714757e-01 7.228443408168290507e-02 -2.424219103546509935e-02 -3.629675221583152922e-01 -2.537331318736989472e-01 -2.099923475533677641e-01 1.729293381691494047e-01 9.960813418600636404e-02 1.636499007961033925e-01 -8.960040437146322978e-02 2.135339429666495772e-02 -2.595945979453309627e-01 -7.595143187642532101e-02
-1.982590597016970213e-01 -1.601722154832581624e-01 -1.147547877702441016e-01 -3.190093046710873459e-01 -3.327947994327018488e-01 -2.111695870927560170e-01 9.746395696182266755e-02 -6.057607265567629962e-02 -1.961718012647179765e-01 -1.638919037832323395e-03 1.625908353166891640e-01 2.931321974642149275e-01 1.351701822444563161e-01 6.408543575313211393e-01 1.000000000000000000e+00 2.503924009709216358e-01 2.080157279806162662e-01 3.735364025672362476e-01 4.034191201830995555e-01 2.762767903406577741e-01 7.272316972597433482e-01 -3.038937978320724320e-01 4.384104150628747587e-01 3.990857268869416608e-01 1.378613706162793717e-01 4.225440440932287656e-01 -5.795732253495766706e-02 1.569969266470496450e-01 4.194929965141771522e-01 3.392064466574222503e-02 3.628971651323119330e-02 -1.456981130475570874e-01 -6.041740317262023902e-02 6.224145346650541977e-02 -2.027844129352767422e-01 -1.087923898261432404e-01 -9.799707210436232885e-02 -2.708702185569403786e-01 -2.411585419726029467e-01 1.465954472501405370e-01 -3.110291559066609146e-01 2.116706489854078277e-01 1.442142585233500696e-01 8.393598041417703326e-02 -1.841604185836112281e-02 -2.910653536052097423e-01 -3.848411136089807671e-01 -2.433644987096355017e-01 -3.850170717389345132e-01 -2.695540865563593180e-01 -2.895873442897352046e-01 -1.352635416589251793e-01 -2.069363338092505000e-01 -2.724045547205647400e-01 -1.365461123683555933e-01 -1.971271634001756090e-01 -1.164276325475894075e-01 -4.661603110144231510e-02 2.372583336971311463e-01 2.144847303353339119e-01 3.209713698234893386e-01 3.331994796512610657e-02 3.384970146660552515e-01 4.164754189392652073e-01 7.122868629087546477e-01 7.219233170761124585e-01 1.195959904818043040e-01 -1.960377697001611935e-02 1.240158600913601195e-01 4.001990673093636652e-01 5.839164032537224047e-01 7.898769549032296985e-03 3.538007123891810934e-01 3.103635858621062171e-01 4.701307259436334762e-01 3.091615806070779349e-01 5.390785643628589474e-01 4.939469064622125094e-01 2.461200314734914851e-01 -3.084213966777233362e-01 2.811949902913055688e-01 -2.848932075920123652e-01 -1.720192328435682927e-01 -5.950848576523320305e-03 1.990045631083119937e-01 -3.806406155454137852e-01 7.493317401362088737e-02 1.914370414376494189e-01 2.077135811577348612e-01 -1.056702576820421347e-01 -4.102712556359980334e-01 -2.490844240101477147e-01 -2.696817147871978793e-01 1.059614576848060957e-01 1.002315648471805432e-01 -4.964100818439455901e-03 -2.574063094121709638e-01 -6.065111380338739783e-02 -3.255570464418057752e-01 -2.413791185713113074e-01
