1.000000000000000000e+00 -3.905017289865918978e-02 -1.954707978446009742e-01 -7.975201719881533369e-02 1.185006487225533506e-01 9.415897527835148662e-02 -2.927287805467476134e-01 -1.894334684751221853e-01 8.947657985867052410e-02 -1.656788189119645094e-01 3.011525270688314351e-03 -9.772307871986932182e-02 1.209642581323897570e-01 -8.995186088241267919e-02 -1.901799114480365871e-01 8.179419836921791864e-02 -1.819030842425028716e-01 1.561379034088982154e-01 -1.319434138842111859e-01 4.800520634133903508e-01 -1.332388000836369768e-01 2.817587769896806246e-02 8.045911416180449860e-02 -2.054185855847164566e-01 -8.184026417280436394e-02 -2.254622385378396987e-01 1.493528404360233430e-01 1.523387842104891032e-02 2.655966298015895455e-01 -1.050966660172093226e-01 -2.498955319890394378e-01 5.026062147331102070e-02 2.843861877203823219e-01 6.528237385549899574e-02 4.763614284677016031e-02 3.008063098443743422e-01 2.510551994636603945e-01 2.020324177754342920e-01 -3.258235432103804424e-02 -8.165766035595348193e-02 4.199991305782538875e-01 1.578721135759571792e-01 -2.343647485937764008e-01 1.028548667381158493e-01 9.713686522315202743e-02 1.036092963358193758e-01 1.038156284014331437e-01 4.906959056942916120e-01 6.202717265043045103e-01 3.381185669749357525e-01 1.752954241911745814e-01 -1.336660300822155867e-01 -8.701469657222471454e-02 -6.444382776531176749e-02 4.940288034484063839e-02 9.521880797196721757e-02 -8.828875975956894384e-02 -9.616969096782894411e-02 -1.229074168597125982e-02 -1.246623299428499948e-01 -1.890148061805445034e-01 1.313588252650042532e-01 1.440841784089008926e-01 -1.644094637219613853e-01 -2.658019706632034351e-01 -1.737027427049788464e-01 1.920523061423728139e-01 -5.325961584907490387e-02 3.557375542821886866e-02 2.113220096097286615e-01 -1.036799960071883853e-01 5.222755282007321420e-02 -1.590882332950928624e-01 -1.799002408805794873e-01 -2.786579707708403686e-01 -3.403679403448477414e-01 5.276364242737253268e-02 -1.602560789963859422e-01 9.401172510599477283e-02 -9.950461479080482952e-02 -1.089395660020480022e-01 2.209067368013389043e-01 -8.506502391024482745e-03 3.323964217007398247e-02 -9.337360011286367084e-03 -7.310037664067691593e-03 2.687728078080958150e-01 -2.000843530408369722e-02 2.772564251915777267e-01 -6.679574661418159753e-02 3.090097959805689354e-01 3.168561339281287248e-01 1.413967069585560787e-01 5.209900301753758733e-02 -2.273996182252596976e-01 1.879656985332139874e-01 1.487879044217923219e-01 3.585164756562921329e-01 6.481550987625470661e-01 4.342704854674623860e-01
-3.905017289865918978e-02 1.000000000000000000e+00 2.941740577830269099e-01 3.155077484524719256e-01 3.955508282462631420e-01 1.432849593139488287e-01 2.359728805569073218e-01 5.280327628156838982e-01 3.068195748150686630e-01 -3.791734319683782994e-02 8.130459962795362483e-02 4.885836787459914288e-02 -3.231416044408474963e-02 3.725105152264657909e-02 -9.648363404240886676e-02 2.222830239847695399e-01 5.997785422922636417e-02 7.832795664394810731e-02 6.508803638563749605e-02 -1.494979403378539906e-01 3.116670696272066943e-01 -1.122650075294490818e-01 1.251964461622985351e-02 6.598206257182109846e-02 -1.352302856423404087e-01 3.419319144557464440e-02 -4.298754861086050150e-02 -5.059608847548044408e-02 -1.431393836702906375e-01 -2.079268772614277505e-02 5.050646669375081360e-02 1.299795002393666805e-02 -1.212863979798062680e-01 -1.795351061658533864e-01 -1.420736597078814112e-01 -1.863523459793050285e-01 -1.633136207966398024e-01 -1.016895844441506186e-01 -1.660064886622588873e-03 7.470163036755059216e-02 -3.146088805720849146e-01 -2.354830806949199246e-02 5.337729050156526239e-02 -4.794203222692727806e-02 7.853623109097396249e-02 8.314798178586839394e-02 -1.144240128606929391e-01 -2.201559636188841484e-01 -1.375465505662563925e-01 -9.186870675566534417e-02 4.426737284320001603e-03 4.403672081982761832e-01 3.133368620409721639e-01 4.162988668921772661e-01 1.461123095452353249e-01 9.643929283050503565e-02 2.985816053912920265e-01 3.247760543843468128e-01 -4.764293913705714562e-02 -1.019049341566213990e-01 1.340675385657465468e-01 -5.748390710341603344e-02 5.949761242434222636e-02 1.015237964405718701e-01 3.997137786648254781e-02 -4.768325417501761976e-02 1.172491564654566248e-01 5.744451539987862482e-02 -2.092604348032249262e-01 -5.607750079730353110e-02 2.015825263245508703e-01 -1.418426069796595024e-01 9.346548630697988636e-02 1.347692272252054013e-01 9.747780508816267231e-02 6.905999106372036345e-02 -9.603617918486254124e-02 5.698190743739072611e-02 3.121661549868587002e-02 -5.445897423953681427e-02 -1.425604352397416008e-01 -3.003104561464787770e-01 -2.478015595376068247e-01 -1.471131101436003175e-01 -1.365407844156258099e-01 -7.207761659416690725e-02 -2.753271365185189223e-01 -6.652890520912661809e-02 -2.577985538178177438e-01 -9.244133050033245813e-02 -1.188348055746680926e-01 -1.159487176770669509e-01 -3.575369479783706977e-02 1.707134122933275377e-01 1.355390574311989352e-02 -4.922622587138660716e-02 -3.325876629105991439e-02 -3.176558888394949709e-01 -2.834615454864523043e-01 -1.603187589935905766e-01
-1.954707978446009742e-01 2.941740577830269099e-01 1.000000000000000000e+00 4.878771233723702347e-03 -1.800876923814151986e-01 2.096889821061416748e-01 3.925972238921456858e-01 3.777737221223149144e-01 1.103748423699938419e-01 2.238986875860911052e-01 -8.945660218578133094e-02 2.938800461264950981e-01 7.360045773237197664e-02 1.981115932140098124e-01 -1.705415485141673071e-02 -4.341559668616912226e-02 1.500764322560040331e-01 1.264604691372143430e-01 2.572780694588174266e-01 -2.158575116053322307e-01 3.595804420557927039e-01 2.173068158937117855e-02 9.597490832355337620e-02 1.863365324617378138e-01 1.490197373922193258e-01 2.848021674078359267e-01 -8.809249090952306349e-02 5.352468590328283982e-02 5.034818152542153841e-02 1.232568578773762524e-01 -2.660589772700327482e-01 1.257845510764550589e-01 -3.260920250574491086e-01 -4.401997072139644113e-02 -7.908113448901718523e-02 -1.825337188529814192e-01 -2.254237916487380426e-03 -1.866131406982744489e-01 3.366321820616354626e-02 1.411024563909915042e-01 -2.996014845549383465e-01 -2.410827746303375457e-02 1.969512034510898790e-01 -2.820623211642669242e-02 -4.986856130992462638e-02 -5.869028892649320178e-02 -1.394143468890410020e-01 -3.343136682880131771e-01 -2.245677561478509054e-01 -2.343461130421531924e-01 7.792344965052690198e-02 5.049129125346651925e-01 1.444425444599914121e-01 1.468664473836852891e-01 8.306324899615351309e-02 2.373896064263111283e-01 2.373984351840749407e-01 2.226592627152904624e-01 1.084887791261479884e-01 3.321032022846739928e-01 2.678947917647017674e-01 2.819529292026350456e-02 6.841558789102603066e-02 1.025605887250475440e-01 2.921307674963970480e-01 4.370954005700465952e-03 2.347498789962570304e-02 2.896881360856309318e-01 -4.161366283286783985e-02 -1.807927777240843914e-01 1.513990724334908777e-01 -1.839215184592981819e-02 1.366915029086555877e-01 3.172525060939256902e-01 2.613713332204792850e-01 2.527692540046766467e-01 1.600873430598009628e-01 2.277970460406423814e-01 5.465229130213095782e-02 1.723143694746151477e-01 -1.050845700046310581e-02 -3.157843830815996178e-01 -2.727349096424350750e-01 -1.115406295354722105e-01 -9.394991258851233262e-02 -6.880954333628466757e-02 -1.714372191941219425e-01 -6.537587310365844395e-02 -1.994728499531220334e-01 -6.432763001134848835e-02 -2.169348877497258576e-01 7.380019774240449693e-02 -1.834320060852960288e-01 9.896354776141609577e-02 5.507047888202740160e-02 -1.296477244274995000e-01 -1.692494931756045873e-01 -3.274600831834042491e-01 -2.590489593277321978e-01 -2.506749393499185796e-01
-7.975201719881533369e-02 3.155077484524719256e-01 4.878771233723702347e-03 1.000000000000000000e+00 2.942995655387151688e-01 -9.043888366679934954e-02 2.947743411621428500e-01 2.192430026278783528e-01 5.713413600283798882e-02 1.323174161030944984e-01 -1.493690988549921383e-01 -1.547986521222403933e-01 -1.132414946617970319e-01 -2.410073750637729550e-01 -2.387734798940210901e-01 3.557653136855181142e-01 -1.949011259701481091e-01 -2.066579675388801052e-01 -2.075994110881741461e-01 -2.024378959895443142e-01 -6.406272736980046789e-02 -2.090926560632576092e-01 -2.999071765455476046e-01 -4.857219569809503867e-02 -3.722766788828515278e-02 -2.490950812029181505e-01 -3.396550613980375138e-02 -8.803774686408886996e-02 -2.927411445934617884e-01 -2.707129009330557778e-01 3.664040836768294590e-02 1.541307827629680438e-01 2.010402613986208287e-01 -1.867905640982852056e-01 -2.027017696447985240e-01 -2.491820745246772495e-01 -7.788670525948672430e-02 1.238537726840665265e-01 1.185319334708848510e-01 1.133377543498983869e-01 -6.542850107622234790e-02 -1.826785205696845327e-01 1.289450697968291260e-01 7.757861368784860212e-02 2.101008981742126525e-01 1.739259101301655897e-01 -1.103563145323333827e-01 -1.084309678296805080e-01 -1.263979514358226919e-01 4.409092635401633958e-02 -1.506159280410617751e-01 1.405415004303155746e-01 2.813409278166780214e-01 6.174717449782356482e-01 -1.113080563500541964e-01 -5.683044596526275888e-02 8.880624354255457764e-02 1.162498676110923362e-01 -1.028069167042370280e-01 -1.888301659504585672e-01 -8.540796940417706706e-02 -1.074290437744835208e-01 -2.449525810092194056e-01 -7.495975857823607147e-02 -2.821047441478590212e-01 -2.408063969678285454e-01 -1.689751928853796409e-02 -1.399871058176983818e-01 -2.028928201015475219e-01 -8.531819794858629125e-02 -1.189236812306289776e-01 -2.409795295734898646e-01 -7.873535442553877828e-02 -6.461570777260758347e-02 -1.262368828009020894e-01 -2.118970040627484452e-01 -3.405326266104950483e-01 -4.058632406256142411e-01 4.868668881993268999e-02 1.711351547787063887e-01 -1.436816836522089025e-01 -1.122666134081943407e-01 -2.937323192272177710e-02 -2.178384539544935827e-01 -2.114784069022184465e-01 -1.891847158312745802e-01 -1.060064745504215866e-01 -2.049777646748533189e-01 -1.883530915875341605e-01 -9.334401005099664250e-02 -3.070860497417814486e-02 -1.522483619274462296e-01 1.138416215590156572e-01 -1.215370572726666709e-01 4.270803979770351755e-03 1.244229361582410431e-01 8.212529860399235548e-02 -1.863456925902936545e-01 -2.412524197843639306e-01 -4.348255947495979767e-02
1.185006487225533506e-01 3.955508282462631420e-01 -1.800876923814151986e-01 2.942995655387151688e-01 1.000000000000000000e+00 4.109822529192594387e-01 -1.231010588260327970e-01 2.299381547442293505e-01 3.335547178342139762e-01 -2.756317037020455940e-01 1.937077266713043699e-01 -2.006095075650385640e-01 -3.683693661705961936e-02 -1.529401400508945408e-01 -1.401893834489805757e-01 9.258307872615957265e-03 -2.188938654802250472e-01 -1.431804970164189672e-01 -2.687291791801234564e-01 -1.313124161789241268e-02 -1.208730911285872539e-01 -1.583146595976379079e-01 -7.701114278477251551e-02 -1.698951327329226435e-01 -3.226119944924893956e-01 -2.618715283364792534e-01 -2.130725375348845041e-02 -6.930083489079276460e-02 -2.363367351570285491e-01 -7.302542981283809131e-02 3.277636458819382925e-01 8.832816954892379335e-02 8.780183568695922036e-02 -2.270833064334172313e-01 -1.850884197498643691e-01 -4.159835764087883164e-02 -7.577140235460835815e-02 1.973178151992483198e-01 1.553524757628345909e-01 -6.752477222836736348e-02 -1.265616163384825424e-03 -1.020557533594061879e-02 -1.169159467600795338e-01 6.882480004651674033e-02 1.660278465611749465e-01 2.668670996126145667e-01 4.118357995804789590e-02 8.536203713663613468e-02 1.487944550690727952e-01 2.729315024697105962e-01 -2.671119180510928559e-01 -3.827409805489406791e-02 4.821234729288728996e-03 3.759916680190413807e-01 3.374784610950682939e-01 1.140681450676403891e-01 2.572163749128071955e-02 2.503469588787669564e-01 -2.346489313708831903e-01 -4.695528282308751855e-01 -1.864100231057019552e-01 -1.313785100978130845e-02 4.946270086993774517e-02 -1.965214402544393155e-02 -2.011903745185202597e-01 -1.311419628423831363e-01 -4.925821764866829960e-02 -1.698141515698652904e-01 -3.047981794452156445e-01 -5.548292455205863782e-02 -6.687352518374689581e-02 -2.025114620495566398e-01 -5.312043461525086524e-02 -2.394282496614309197e-01 -2.116812443131531329e-01 -2.328302594920161062e-01 -2.345970922992856311e-01 -1.097429576046031474e-01 1.248150929925504610e-02 -2.313074950184537681e-01 -2.937865861396943834e-01 -1.232316541790164921e-01 -1.132596609622431305e-01 -2.094171875991649445e-01 -2.362958897749078413e-01 -4.214218337680000759e-02 -2.364919721338238148e-02 8.982772748812452995e-03 -1.186145436749549975e-01 -6.202832635233031938e-02 5.242838035013382830e-02 -9.583396572649889589e-02 1.317406196880344937e-01 1.886915843421280436e-01 -1.555905651992233740e-01 1.474882620074817741e-01 2.133166951340375594e-01 -1.049045544476554098e-01 1.203464263117142580e-02 1.677152752779364209e-01
9.415897527835148662e-02 1.432849593139488287e-01 2.096889821061416748e-01 -9.043888366679934954e-02 4.109822529192594387e-01 1.000000000000000000e+00 -2.799293326850585406e-02 2.951954263799915767e-01 4.194915994477350085e-01 -2.402263950312115148e-01 6.817080365814724707e-02 -4.964591513088261604e-02 1.373651655554616602e-01 7.503856641306565212e-02 3.926729074244459522e-02 -2.850080417248426756e-01 -1.106285170560097758e-01 -9.063310005118039442e-03 4.387586164175229925e-02 -5.029748111662448590e-02 -8.845154957038452864e-03 -6.819666607651220236e-02 8.025016347922786508e-02 -1.437387385426428799e-01 -2.266648995116582188e-01 -5.153063378681950468e-02 -8.308537302718655218e-03 -7.135499556829349131e-03 -3.902073960933395008e-02 1.167152959433175041e-01 7.842518613714662135e-02 -2.077354263447987390e-02 -2.101855324627221466e-01 -1.919268161948229356e-01 -1.169936943940764196e-01 8.710991331313235053e-02 1.125796240354376698e-01 1.584036826984120405e-01 1.550530907658696500e-01 -7.350144226898476518e-02 1.647661985240851321e-02 1.566935378857653993e-01 -5.483973705599298754e-02 1.507914943214174464e-01 8.456709469076013896e-02 2.469831434936813896e-01 8.119616273433699627e-02 9.037124610295187155e-02 2.379290509720756452e-01 2.616478203674146852e-01 -6.096971131940113336e-02 1.127238257992945747e-01 -1.095804844364398241e-02 1.524647781670942781e-01 6.126105973998162701e-01 3.760593854938899527e-01 1.178591476762583662e-01 4.090864165102377492e-01 -1.353298703489574650e-01 -6.778004892558772698e-02 -7.566073854950423894e-02 1.737707266681549900e-01 2.010107774442489725e-01 1.389001763074688700e-01 1.062803517728390934e-01 -5.452513015053873924e-02 4.210743197002857208e-02 1.494232916999105321e-01 -2.222365358451067197e-01 -1.509464128575447317e-01 1.396722824919149203e-02 -9.452887334166722166e-03 8.790760048723822440e-02 -4.270413839011122543e-03 -6.053880349392163490e-02 -9.184921482830767092e-02 3.789675031924039962e-03 1.691399502261364263e-01 -1.246546845645449091e-02 -1.117762647496431255e-01 -1.864049414579959651e-01 -1.369223346932126051e-01 -1.757107884834245015e-01 -1.003516958271672005e-01 -1.134389328160543969e-01 1.063222147079808944e-01 1.131040696752355496e-01 1.574930288656725685e-01 -8.646276539142914996e-02 3.837987575142268876e-02 3.097763263403121442e-02 1.220087470202569080e-01 -5.561109290878405581e-02 2.637871847458389540e-01 -4.370885322294151137e-02 2.350481859030435772e-01 2.298100484121332887e-01 -3.300245179183966537e-02 1.592204940933398538e-01 1.930349182199064539e-01
-2.927287805467476134e-01 2.359728805569073218e-01 3.925972238921456858e-01 2.947743411621428500e-01 -1.231010588260327970e-01 -2.799293326850585406e-02 1.000000000000000000e+00 5.051635433413848020e-01 6.947079634745777221e-02 4.213309927257051779e-01 -2.789034104091268895e-02 2.567397920587864424e-01 -9.407784249523862274e-03 1.060827960897943872e-01 1.592258521487039183e-02 2.065648690695005563e-01 2.878869770418641671e-01 1.595208612355893951e-01 3.112822371519836095e-01 -2.816051890731205987e-01 3.707214333398152206e-01 -3.886834537006542134e-02 -2.076780012379653151e-02 3.210638557831450024e-01 2.714970718439764230e-01 1.510818192819163575e-01 -2.005576906473335030e-01 -1.891881491475492670e-03 -2.359435138929407913e-02 -1.168953174860352384e-01 3.994687760405123134e-02 1.028210368340183173e-01 -2.782693325453983735e-01 2.585837778103837123e-02 2.468966578402214881e-02 -2.468987524529314415e-01 -1.976978776176701036e-01 -2.024031180889819259e-01 -7.168035368556076314e-02 5.049058211931193307e-01 -3.297598209760567167e-01 -1.252841918655966391e-01 1.931150185749464787e-01 -1.342462023398931781e-01 -1.003454841896758987e-01 -1.567074984385479208e-01 -2.658951141398671614e-01 -3.953335071173068038e-01 -3.496884115157457562e-01 -3.094859825710883916e-01 1.600854475799124155e-01 3.835307932861848346e-01 4.260528522011575170e-01 2.832976925380377708e-01 3.556718490017677509e-02 7.177022157132677271e-02 3.959196693873981432e-01 2.684386940414999478e-01 2.888685003470484736e-01 2.032712334064245285e-01 3.639983475251999945e-01 -6.932545976069503894e-03 -1.521986777820897967e-02 8.198064482426944966e-02 2.561212053605748662e-01 -7.587681147453119446e-02 3.322261384547485763e-01 1.756291150441584015e-01 -4.008685320289542831e-02 -1.660650947273248357e-01 3.215811773986215205e-01 -4.739702475153881323e-02 2.406832042475869349e-01 4.636995409264973445e-01 4.513544518028710373e-01 3.033442509625831618e-01 1.009141319768669665e-01 6.870376270626338266e-02 4.390704136050119916e-02 2.083359872014171332e-01 8.961627286741311038e-02 -4.165907114219096763e-01 -2.696523839037540671e-01 -6.888941384211116903e-02 -1.653644034603238833e-01 -2.068074673357617743e-01 -2.949669243265723440e-01 -1.032541787981344494e-01 -2.496178743882728757e-01 -8.779491469574425555e-02 -3.112870946040274256e-01 1.660999105409779455e-03 -7.391493031807236380e-02 -7.575444344552259568e-02 8.861651390668513761e-02 -9.954103499541970546e-02 -2.684110743500675578e-01 -3.899260937009667582e-01 -3.247671925393578185e-01 -3.346751178421596973e-01
-1.894334684751221853e-01 5.280327628156838982e-01 3.777737221223149144e-01 2.192430026278783528e-01 2.299381547442293505e-01 2.951954263799915767e-01 5.051635433413848020e-01 1.000000000000000000e+00 4.663362664706213190e-01 9.633685223380322737e-02 8.958682444880410045e-02 4.038141428132885347e-02 5.666304719262649225e-02 1.242898807900425506e-01 -2.265185686682710548e-03 9.361076732170682535e-02 1.458407261329063009e-01 2.045181891529044005e-01 2.289362940578363315e-01 -3.618433885613805412e-01 3.971034406527828575e-01 -1.128090189403890969e-01 3.822225929205295969e-02 1.451341844067638720e-01 7.291584802892769890e-02 4.547442308212687467e-02 -1.778760760584622291e-01 -1.112040952585810483e-01 -1.321211951872105772e-01 -3.961471518275841430e-02 1.539942147053599830e-01 2.234070511685431006e-04 -2.026182625944107363e-01 -1.800345074857491179e-01 -1.348638456712432376e-01 -2.103201743014392056e-01 -2.016663281811427455e-01 1.136480683022082251e-02 4.764912033688136622e-02 2.557911783204735445e-01 -3.530664762269574153e-01 2.990244187916658164e-02 1.212668440504086481e-01 3.770171166219524195e-02 -1.559525401277724217e-02 6.008916821022143584e-02 -1.587616821111271226e-01 -3.764449749617125307e-01 -2.836246048878255932e-01 -1.144476579557080487e-01 1.245445504333303130e-02 3.619610355063547225e-01 4.091804844553106335e-01 3.732498766746231711e-01 3.186146284017201680e-01 2.606900026518285118e-01 6.665388133811126492e-01 6.473693286031511063e-01 1.177185481949798579e-01 1.394436762178186476e-02 1.577663795833626481e-01 1.517855477945678419e-02 4.346281443068134021e-02 2.048532249496734792e-01 2.923191138557296731e-01 -5.972059316690631753e-02 2.627154160566488872e-01 2.847670095275167124e-01 -2.274782134900755481e-01 -1.029924736516893945e-02 3.911263308140418005e-01 -8.241520535223244293e-02 3.021440978022869595e-01 2.833774189603033289e-01 2.582369955689726160e-01 1.672086873382059025e-01 -1.830165626614120578e-02 1.148098921120276755e-01 5.066330457859898051e-02 1.001513228687335444e-01 -8.495012581728755841e-02 -3.925173453250980771e-01 -2.689103789294651214e-01 -1.431196114211230608e-01 -2.369749455610970224e-01 -1.291691355411299924e-01 -2.912180391141295233e-01 -1.148605288585525103e-01 -3.313917819680351484e-01 -4.553235035115248130e-02 -2.778914982396109012e-01 5.294360526342775652e-02 -4.845099865290940916e-02 1.202450914350094713e-01 -1.024197688931002999e-02 5.897823344433436588e-02 -2.130086350521065951e-03 -4.230618649196103975e-01 -2.906228349148883838e-01 -1.840573651803676936e-01
8.947657985867052410e-02 3.068195748150686630e-01 1.103748423699938419e-01 5.713413600283798882e-02 3.335547178342139762e-01 4.194915994477350085e-01 6.947079634745777221e-02 4.663362664706213190e-01 1.000000000000000000e+00 -1.389056392475150614e-01 2.755753938109023471e-01 -6.505234858496935363e-03 3.740083443213452208e-01 1.462664898300722882e-01 -1.369442592324073525e-02 9.132369203035416161e-02 1.608735238389479294e-01 7.151123547087225030e-02 2.908902086333863685e-02 -1.006516024411295146e-01 1.023977481914450371e-01 2.188701832854792473e-01 1.553088465282324304e-01 1.032336152211531244e-01 6.199261489709773087e-02 1.672518431541060793e-02 1.012401600481708380e-01 9.130777674238092778e-02 2.009571287909829029e-01 1.072995685702166635e-01 5.500092143367402153e-02 -8.223645983814441285e-02 1.144650572649769105e-01 3.021234865696350094e-02 6.862978292254076629e-02 1.496954863250426204e-01 1.096605940021828096e-01 1.293320308912396521e-01 1.307301159910612409e-01 1.802322098800067940e-01 -6.077276615107458924e-02 2.576613114354541767e-01 -8.045950945518057229e-02 8.087190723788199864e-02 1.021717257453879507e-01 2.066414215385426745e-01 8.772005940697927273e-02 -5.314969585937110580e-02 -1.012988925338238755e-01 4.289577448143019195e-02 -1.558633228795383019e-01 3.512447492398937388e-02 1.313191651341379107e-01 1.069052603952932862e-01 4.230281104425570038e-01 3.715870396946237553e-01 2.615748858423315171e-01 5.928718383202821185e-01 1.111212752742083421e-01 -1.122803825492858371e-01 7.713509217034587861e-02 2.878186568870989559e-01 3.371770211036139719e-01 1.676091019242748614e-01 7.315596679344829600e-02 -4.204260267305656718e-02 1.113341378621596628e-01 2.542249409509001468e-01 -6.083064780645711100e-02 6.796185078890515374e-02 8.778935028633755300e-02 2.420368127853390061e-01 5.544720804152061117e-02 1.360713991500597519e-01 7.124207979711383310e-02 7.463804766199853835e-02 1.339333132089896017e-01 1.256730672107648494e-01 1.485269067695760559e-01 -2.573567233896972839e-01 7.574771696572665802e-02 -1.139249730612343359e-01 -8.215159529258263260e-02 9.077654087969165564e-02 3.849408458785415210e-02 9.926300848744747107e-03 6.984801802604732879e-02 6.291122848214314445e-02 -4.520653645396786185e-02 5.503790103649258691e-02 -1.611325154153058770e-01 1.395083188232200677e-01 1.042430457004210470e-01 2.553538514245291546e-01 -1.471126160187315457e-01 2.068809843279246358e-02 1.238740218503728285e-01 -4.919223770251901495e-02 -2.232670868442374057e-02 -2.333598267855281291e-04
-1.656788189119645094e-01 -3.791734319683782994e-02 2.238986875860911052e-01 1.323174161030944984e-01 -2.756317037020455940e-01 -2.402263950312115148e-01 4.213309927257051779e-01 9.633685223380322737e-02 -1.389056392475150614e-01 1.000000000000000000e+00 -1.283080507091467412e-02 4.179048475917405692e-01 9.916982720728122203e-02 -5.752309369214188284e-02 -5.584850313848667425e-02 1.997539646788805134e-01 2.404665081437043217e-01 1.345463814686866100e-01 -1.905997877757131462e-02 -1.413252583662435446e-01 1.660792861261420894e-01 6.613726240792995592e-02 -1.662514739263080618e-02 4.806071735334239148e-01 5.309245939016914440e-01 1.619144041721062577e-01 -1.656886198516367981e-01 1.009445795688419384e-01 1.035124865877067174e-01 -1.399841057326951521e-01 -9.404627989677417921e-02 1.818967657716058783e-01 -1.498099116890783400e-01 1.888118621575108624e-01 6.724504491084862257e-02 -1.100345964999125126e-01 -4.884474774874040560e-03 -4.282817236594780863e-01 -2.526846907199780667e-01 4.433240499543907309e-01 -2.514956095341298603e-01 -3.313615450377094818e-01 7.534964033091080815e-02 -2.162195829226067345e-01 -1.037101695035488602e-01 -2.684634759833663953e-01 -2.971816584423338514e-01 -3.275923580762070686e-01 -2.760413262884855445e-01 -3.586394471302751796e-01 -2.558190940939052138e-02 2.775669161571621135e-01 1.694607021650548495e-01 9.090817532852762950e-02 -1.851999245957559048e-01 1.312741102702836560e-01 1.113378154453756458e-01 3.942833797100413207e-02 5.861870624975975552e-01 2.811079478159722589e-01 3.451293576962455867e-01 -3.353041377119074518e-02 -1.135912155665821759e-02 -1.556158361340661545e-01 -3.107075677603642061e-02 -1.496682198812995246e-01 1.075133305270431772e-01 -3.117264367322544402e-02 2.339299764387802183e-01 -1.315516789683003791e-02 9.679505616837538740e-02 1.301444968764542132e-01 -4.422564887707128431e-04 4.826411140432674274e-01 4.421247865136424537e-01 2.804267038323692285e-01 1.720586015191826468e-01 2.763072208779658243e-02 2.358786945720586434e-02 1.519231837532335760e-01 2.852374966641237353e-01 -1.187293881924111477e-01 -9.414357266805795099e-02 1.030984423770434782e-01 5.728849540956530012e-02 -2.065979576891039948e-01 -1.772106828914269891e-02 3.109864966049493903e-02 3.970715625993746084e-02 -1.246667070498694019e-01 -1.819194784521616648e-01 -1.047835937222112712e-01 -1.259334552657501438e-01 -3.932895387462664871e-01 8.208447954997685758e-02 -2.081039187683830227e-01 -3.157371886649524284e-01 -1.476893472300327415e-01 -2.204657795265868581e-01 -2.938284304464348629e-01
3.011525270688314351e-03 8.130459962795362483e-02 -8.945660218578133094e-02 -1.493690988549921383e-01 1.937077266713043699e-01 6.817080365814724707e-02 -2.789034104091268895e-02 8.958682444880410045e-02 2.755753938109023471e-01 -1.283080507091467412e-02 1.000000000000000000e+00 4.733516902647697533e-01 2.620767497735566054e-01 1.409713386559545145e-01 1.948483754347129226e-01 1.681815664297305057e-01 3.901714082422933494e-01 7.613082065394501108e-02 1.030075151617337731e-01 -8.315171676912222476e-02 1.278514003311934377e-01 1.920424874741219756e-01 1.661874140550518852e-01 4.195349314456428558e-01 2.627626888364886781e-01 1.139336806839606892e-01 -7.173899725694776741e-02 1.288899408580684858e-01 2.756666719780228036e-01 -3.457805382239261677e-02 2.564645927679992665e-01 1.830344578396926047e-01 1.233443909531505844e-01 1.156227947692297503e-01 1.195774374769085213e-01 3.999446832328216322e-02 -1.803471504042774287e-01 -9.290544125112881746e-02 -8.111032867297593429e-02 2.624659374396970390e-01 -2.325536023718551559e-01 4.026106780076146169e-02 -2.193412873856771805e-01 3.766266667281775726e-02 -1.229053262831879406e-01 -1.107616750483623458e-01 -2.127177456159095315e-01 -2.170339871534074649e-01 -1.141547523569400036e-01 -1.536464290964899282e-01 -1.612966274428334901e-01 -4.642351805703604645e-02 -4.184914459495544560e-03 -1.485096548700376717e-01 1.795741682611743939e-01 2.484419135802327094e-01 6.212725468460508771e-02 1.125342526427225986e-01 1.734122084876754122e-01 -1.077059110229230676e-01 3.974223774128697872e-01 4.349156412148843381e-02 2.649490590260066836e-01 2.314442462606260478e-03 1.262501052608701602e-01 8.511477832992583870e-02 1.055604378351193695e-01 1.025194647469337417e-01 3.629736217650473412e-02 -1.433832287049479313e-02 1.253104031446217459e-01 2.634475899149615330e-01 -5.762922055685978234e-02 2.320666935880776049e-01 4.439036191642559692e-01 3.919306915482425047e-01 3.543654523956847324e-01 2.542556745489127912e-01 1.758137722945778414e-01 -2.508231827079035470e-01 1.862110601522839193e-01 -1.861198912537053718e-01 -8.069726136187344023e-02 2.808028363499820435e-01 1.296713823298645818e-01 -1.179771093279602528e-01 -6.946617076571491578e-02 2.414557287898157212e-01 8.415291326132917638e-03 -1.490551767891510476e-02 -2.152973612860865082e-01 -2.920730808315787422e-02 -7.707547285577814877e-02 1.327032512830554900e-01 -9.817054106518487144e-02 -1.498261117003189813e-01 -1.374267628974505662e-01 -1.258096060527948978e-01 -6.623156455720674574e-02 -1.526012529678069662e-01
-9.772307871986932182e-02 4.885836787459914288e-02 2.938800461264950981e-01 -1.547986521222403933e-01 -2.006095075650385640e-01 -4.964591513088261604e-02 2.567397920587864424e-01 4.038141428132885347e-02 -6.505234858496935363e-03 4.179048475917405692e-01 4.733516902647697533e-01 1.000000000000000000e+00 1.168471896465032717e-01 1.878913661284990488e-01 2.039289506621554671e-01 2.671893770210040375e-01 4.751617359337640956e-01 2.616071606116948112e-01 2.199592531455250854e-01 -6.188343178560016394e-02 3.440999221924294638e-01 2.759261001660840984e-01 2.229416584493883191e-01 7.124943866102816381e-01 4.497433036786286364e-01 4.637212148620208918e-01 -1.288998395767239069e-01 2.787974238447006314e-01 3.854216184508659215e-01 9.454226539343500713e-02 -1.796716942932649330e-01 1.654613165692694066e-01 -1.052746616673409658e-01 3.343291658967544322e-01 2.122214462998473494e-01 -7.781044031175607216e-03 -1.424142022739315061e-01 -5.108580315115002213e-01 -2.275465104018473961e-01 4.692366147404963828e-01 -3.740960427354443341e-01 7.319926322006850908e-03 -2.780116958033715738e-02 -2.281401059546775134e-01 -2.886090208950644054e-01 -4.461872971577801050e-01 -4.228353949295658443e-01 -4.660613194598551279e-01 -2.218292487295870641e-01 -5.593102285270860063e-01 1.516791462014767944e-01 3.350281537571001556e-01 1.668605331158952432e-01 -1.055439147317217830e-01 -9.743355288945879100e-02 2.503249160852232258e-01 6.854728202042410790e-02 -5.251468839414865503e-02 4.075436196941872313e-01 2.520784215700027642e-01 6.925794921812603588e-01 -1.164441965359593045e-01 2.658399257571078533e-01 -1.145212789799772285e-01 2.683432608716995182e-01 9.242885589240065758e-02 1.216898955683434203e-01 6.303104313593557717e-02 3.695646720720465184e-01 -3.577856069454599802e-02 2.794088341971379119e-01 3.583015591080894180e-01 7.790230567875124947e-03 5.746376225089059320e-01 6.821475672727631556e-01 5.963645630739340397e-01 5.856866578726749317e-01 3.974388493590308435e-01 2.743904448944001762e-01 -1.362791272118412389e-01 4.702251379272137100e-01 -2.617480491498099249e-01 -1.921856010229618938e-01 3.654960238121959248e-01 2.819184417628033956e-01 -1.816157840317938477e-01 -1.793614179195224811e-01 1.870649609802745028e-01 6.446625617601985103e-02 -8.700463463720009560e-02 -2.676469373579349886e-01 -1.107919987202412998e-01 -2.874513531146735690e-01 -2.868091934245071972e-02 1.220002291173436643e-01 -4.763910507573977937e-01 -5.277948176363863597e-01 -1.625404840162227860e-01 -2.268491968057408659e-01 -4.906432997925881390e-01
1.209642581323897570e-01 -3.231416044408474963e-02 7.360045773237197664e-02 -1.132414946617970319e-01 -3.683693661705961936e-02 1.373651655554616602e-01 -9.407784249523862274e-03 5.666304719262649225e-02 3.740083443213452208e-01 9.916982720728122203e-02 2.620767497735566054e-01 1.168471896465032717e-01 1.000000000000000000e+00 3.555580377468016695e-01 1.578164689665297882e-01 1.442270165322774578e-01 3.297359610574253086e-01 1.809500200158173921e-01 8.493693562627331606e-02 -1.167232360178833278e-01 2.205404354187607066e-02 5.109805109452767446e-01 2.362051767116465362e-01 2.935090295001100968e-01 2.385876463872282360e-01 1.490079582177919471e-01 5.976673151156135927e-02 1.713262712684282818e-01 1.989676375142987175e-01 2.821968792915270363e-01 -4.932603076731232467e-02 1.732589665724829087e-02 1.763700796247912594e-01 2.396543410852751410e-01 3.556877308419332251e-01 6.922688744712550413e-02 7.171955697266754748e-02 -5.921259071262457985e-02 9.460633210669003312e-02 2.375908547556400963e-01 6.509020233044052195e-02 2.036751338873131478e-02 1.505375835333199741e-01 -1.256907184091040353e-01 1.556120565892815111e-01 1.051262994483048163e-01 2.471370525987277855e-01 -2.262291681003143762e-02 -7.260693696679332287e-02 -8.012585417201900650e-02 -2.343086945074829841e-01 9.316653098743275102e-03 3.842088615016677616e-02 -1.074233113640140624e-01 1.599149544345170315e-01 2.875215628269086054e-01 1.821333453742332922e-02 2.038499924640360950e-01 2.484020484406770091e-01 3.527356345883563699e-02 2.525148699676632025e-01 6.177851774381059036e-01 5.414643686276332524e-01 2.868286141005568779e-01 4.603445196962567543e-02 1.090755985047901361e-01 -4.514119931228930543e-02 3.287013569616710207e-01 2.155385979510149666e-02 4.172133340343325836e-02 -9.008317820697581135e-02 3.620582035036907231e-01 7.018519426110393644e-02 2.429865651318795783e-01 1.358626965348363191e-01 1.127759162317905350e-01 1.612903904052508941e-01 1.384445266984570266e-01 7.538670715480204343e-02 -1.788729915650955349e-01 1.049773196289402188e-01 -1.487812483980958111e-01 9.426859697142376052e-03 2.314631689631030387e-01 2.999093666206788591e-02 -1.308260692861618057e-01 2.457817809036313625e-02 1.287418995947868516e-01 -8.589023294875461345e-02 -1.298335667789739245e-01 -1.266821458828777114e-01 1.182548618114229733e-01 4.830882253091201006e-02 -7.158874090697775472e-02 -4.365924597293596721e-02 -1.360663896013629692e-01 -1.091547724852036244e-01 -9.231127569916382225e-02 1.072229289698201603e-02 -1.204793834027268057e-01
-8.995186088241267919e-02 3.725105152264657909e-02 1.981115932140098124e-01 -2.410073750637729550e-01 -1.529401400508945408e-01 7.503856641306565212e-02 1.060827960897943872e-01 1.242898807900425506e-01 1.462664898300722882e-01 -5.752309369214188284e-02 1.409713386559545145e-01 1.878913661284990488e-01 3.555580377468016695e-01 1.000000000000000000e+00 4.529275316971421717e-01 2.873033961083114318e-02 3.018792823493363087e-01 1.832334474863227813e-01 4.476178910095184871e-01 -1.903933380316595869e-01 3.800640050092528033e-01 3.522081576737945974e-01 4.120317338061503798e-01 2.324904460868438272e-01 1.192782261672365313e-01 3.342118194746022675e-01 -2.089930792123587122e-02 8.767705505715162051e-02 1.950005266632763024e-01 4.633863769469287464e-01 5.376765127015908224e-02 -1.257981806153415649e-01 -4.032547554452940719e-02 8.138388024417574085e-02 2.114960039297320293e-01 -1.038972626772599467e-01 -1.739572717718067540e-01 -2.787835145985847682e-02 9.054462134834494191e-02 1.714757289606881341e-01 -1.339540764425763975e-01 2.333510777283960003e-01 2.294068694082138926e-01 -6.008365373046925528e-02 -1.913065395154830983e-01 9.850549431972256686e-03 1.642735002799395605e-01 -1.634588309334414347e-01 -1.867581937146357840e-01 -2.498328991488483197e-01 1.583875993213580968e-01 1.233762675547632470e-02 8.070768254107874365e-03 -2.617983406622335640e-01 4.908257538587625785e-02 5.377020084192494359e-02 1.784922518284733084e-01 9.741710721448540444e-02 1.250752118129213053e-01 1.801649059275759468e-01 3.269261308227229268e-01 2.818475939982323930e-01 4.233443976257588726e-01 4.575519242443453205e-01 4.276215582613902555e-01 4.776917063277124620e-01 -1.167897979291762506e-01 3.154969465189910727e-01 -6.046435409704650071e-02 -9.204574225820975897e-02 1.990272800442846046e-01 2.041453789132785246e-01 2.848029965189339818e-01 1.569911958309406219e-01 2.797726250507299728e-01 3.091004330693780666e-01 3.011193761350992038e-01 4.045816734376493917e-01 3.054454077164521584e-03 -9.663040569258440904e-02 3.097309905558445764e-02 -3.476689180054921557e-01 -1.806045872253171647e-01 7.167808952281268242e-02 -5.892558989935890029e-02 -5.911281560872454210e-02 -2.571265486172982784e-01 -4.356071108303952275e-04 -2.336478234474566318e-01 -9.245011328896320102e-02 -3.792652485078020774e-01 7.919031723207353712e-02 -1.280884291371980621e-01 1.081944788917746786e-01 -2.558434612804434682e-02 -1.945075373230016891e-01 -2.376917362417878266e-01 -2.412887343105358517e-01 -8.389391465788127722e-02 -3.172839176275378259e-01
-1.901799114480365871e-01 -9.648363404240886676e-02 -1.705415485141673071e-02 -2.387734798940210901e-01 -1.401893834489805757e-01 3.926729074244459522e-02 1.592258521487039183e-02 -2.265185686682710548e-03 -1.369442592324073525e-02 -5.584850313848667425e-02 1.948483754347129226e-01 2.039289506621554671e-01 1.578164689665297882e-01 4.529275316971421717e-01 1.000000000000000000e+00 -2.890637826818159492e-02 2.361094341258545837e-01 1.146389327527668894e-01 2.317529680770213651e-01 -1.620645912275236189e-01 1.742553561387979177e-01 1.774357126794877115e-01 2.406719209932091375e-01 2.250388952494963291e-01 1.424199874000658395e-01 4.079217444742313514e-01 -4.045411177194741664e-02 7.412154059495251746e-02 1.516115683798255898e-01 4.179279935427481774e-01 1.515619985720250140e-01 -1.194458640214805800e-01 -1.813241545912577524e-01 4.285996432668252865e-02 1.280022675973030155e-01 -9.234070494060374334e-02 -2.417903599719046226e-01 -1.640586571229253054e-01 -1.194086613644801675e-01 8.938644071444881711e-02 -2.762191421502376287e-01 4.752602741235023576e-02 1.182014068595798606e-01 -1.301212757090810801e-01 -2.090367778230882156e-01 -1.401023427901618157e-01 -3.303060588413690019e-02 -1.580421967218270662e-01 -1.306874883721331204e-01 -3.029456942675622377e-01 1.664058725151785767e-01 -7.312544349093466622e-02 -1.171010582268418032e-01 -2.736599203581465134e-01 1.049584599886504988e-01 -1.438178639513699661e-02 5.459299788944359938e-02 5.479769760901062603e-02 7.004091043174527631e-02 1.920608188906539060e-01 3.513039969610874946e-01 1.674395969151381558e-01 3.301179072206239518e-01 3.642788343663889150e-01 3.851068568041665641e-01 6.765180701762485427e-01 -2.341723526517941745e-01 1.520717680596924415e-01 -4.393592377623460610e-02 -1.861048598211186011e-01 1.933754433716801113e-01 1.195300227158315742e-01 3.084010752141130296e-01 1.132483943143855337e-01 2.862975719514250228e-01 4.231026299169660665e-01 2.590704502475976168e-01 3.992001947851499533e-01 -1.147976608627675338e-01 -4.795656948046767010e-02 7.420278886891107373e-02 -2.934359583325083509e-01 -1.627143780245150495e-01 6.033920357737821566e-02 4.455231271586806985e-02 -7.389896797079428814e-02 -1.882086447337661672e-01 4.720031221995214105e-02 -1.792448414998096817e-01 -9.668531784817505081e-02 -3.552109766542630442e-01 -1.164306844521625361e-01 -2.792974824457717942e-01 -2.289423234822418260e-02 1.684596932693935636e-02 -1.735456738970801438e-01 -2.564553834167425661e-01 -1.277114441990494231e-01 -3.341691010623699942e-02 -3.080859145710090896e-01
