1.000000000000000000e+00 -2.192356024473940124e-01 1.279739006856141226e-01 -1.709739978935315985e-01 3.557419468084598857e-01 1.530935797382535768e-01 -5.373790445526379495e-02 -8.644711993626395807e-02 1.615621513280150190e-01 3.013219836118226636e-01 2.895947705099151115e-01 3.861609013707912319e-01 -2.256482425192949115e-01 -1.763969242114668823e-01 -9.510974711448769159e-02 2.453862718337145865e-01 -2.653310396632319601e-01 -9.733285317418072236e-02 -1.388733197097061223e-02 1.758196315766653306e-01 -7.576136729160608263e-02 -4.991953211815066543e-02 -2.323256635690473804e-01 5.531237524303112690e-02 1.623598195714218428e-01 8.574873825995595056e-02 -2.339686132872386415e-01 -2.602157991700891349e-01 1.111008285905551868e-01 -2.430755203426955557e-02 1.455559478732672274e-01 1.760425907303587167e-01 1.386749026348961349e-02 2.248804539903213190e-02 -2.118091740199937872e-02 -1.117490141848724861e-01 -3.491356479159914983e-01 1.056437552907442262e-01 -8.448948451305926186e-03 2.957189690751316213e-03 -9.765608938979344900e-02 4.510698460224989437e-01 9.249864014691375202e-02 2.623638036473436089e-02 2.591285489202513337e-02 -3.136794372150646798e-02 -1.571288650867843084e-01 -1.577035734162500480e-01 2.311320244526865186e-01 -1.086683898564252404e-01 5.532320853234941049e-01 2.301224250341943334e-02 5.151526121631777588e-02 -2.008618329058928786e-01 2.255461483770139774e-01 -5.416362492344658358e-02 1.891133938443386245e-02 -6.597941161686665668e-02 4.274708892458074505e-01 2.778874266931860015e-01 -1.199205864478218031e-01 -8.112030028224155587e-02 -3.373453760129564993e-01 -1.968298601245982438e-01 -2.030338860562066750e-01 -6.674675717138524311e-02 4.163279265861472012e-02 -2.301489573006838540e-01 -1.923400916165495245e-01 -1.710848442931105565e-02 -6.477430397533687212e-02 -2.152946044458100283e-01 -1.279675146737048741e-01 -9.032239182140731903e-02 -5.754952391200097994e-02 1.952321510171273547e-02 -2.074928063008529833e-01 -1.716956573050345825e-01 5.173929019050571738e-03 -6.639903930303868440e-02 -2.679452652668872226e-01 2.303383577004315327e-02 -4.163648213106194151e-02 4.279635496499870073e-02 -1.956602270727806347e-01 -1.431154963535418712e-01 -2.247706453190908282e-01 -9.032641481914478743e-02 -3.098284459218990372e-02 -5.303950292220452334e-02 -3.932610442644539350e-02 -1.036993375475305512e-01 -3.532537815283824157e-04 9.593397615473171769e-02 -2.257533651845359257e-01 -5.485955166531850113e-02 -1.257455482094540500e-01 -2.752505934176494029e-01 1.813986565027596032e-01 -1.472728121881851648e-01
-2.192356024473940124e-01 1.000000000000000000e+00 -1.795125409578527398e-01 5.836042799427537675e-01 5.923955215619076259e-02 -2.132520213304159307e-01 -7.270998675067108855e-03 6.555723527036759132e-03 -8.227306998252077990e-04 -3.764136488615728582e-01 -2.847768073618131210e-02 9.203198435606761707e-03 1.499537195386288664e-02 2.971260157503658461e-01 1.938353749723912833e-01 4.102081422176088316e-02 4.974949691151011461e-02 1.948452691847148976e-01 1.591328451336329886e-01 4.357596266745811242e-02 3.433311107139297436e-01 1.153899864857517582e-01 2.303443067344002615e-01 6.267844586410006857e-02 -3.755010510648011945e-01 -1.519419152690401897e-01 2.701884428422450246e-01 7.114181266795559233e-02 1.370873384153080687e-01 4.899289104280316054e-02 -2.209897540841215535e-01 -4.431814977025874125e-01 -1.746650100829913177e-01 4.573640912301047551e-02 -7.100899136668402389e-02 1.500971109034915651e-01 1.765001055882439440e-01 -2.652938189865315377e-01 9.783561555873045157e-03 6.581630226836940323e-02 8.995716136631451421e-02 -1.965748089687477662e-01 -1.959309702512367080e-01 -2.186929395417073763e-01 -1.498416529922505236e-01 -1.298395841964297172e-02 1.290910275077147285e-01 8.487922429571202743e-02 -1.463656897284382474e-01 6.093596600385299544e-02 -1.865415997968060680e-01 2.653298637490895118e-01 3.168154676626114274e-01 2.826513457652791161e-01 2.521703195851870971e-01 -1.109558728612995010e-01 -1.699870859562032654e-01 6.299014874599105640e-02 -2.276005193603663490e-01 -4.442710632548956262e-01 -1.293287062740565985e-01 -3.249633934872256380e-02 1.369222001855536219e-01 2.479599893683802070e-01 3.154159002518885924e-01 1.877431139522041104e-01 8.603019438974711386e-02 2.239445656962407161e-01 2.279401029145985969e-01 1.302184283588291025e-01 3.209196578190241511e-01 1.918965131582257289e-01 1.001211706165355403e-01 1.772460257984235787e-01 -6.420877877743440265e-02 -7.191469058238483814e-02 3.953222642061398479e-02 8.414396649487168589e-02 -2.507922306073055441e-01 -2.517415243431346261e-01 3.961780926210345388e-01 1.427303508829264878e-01 -7.418235222196335743e-02 -1.122594604621981801e-03 1.095871579496161818e-01 9.912535742037366371e-02 2.075726290515422789e-01 2.080699640339425949e-01 1.581516852237255799e-01 2.294882638091211569e-01 -6.565371430877577075e-02 -4.752085931645747552e-01 6.910223550650197721e-02 -1.106338159742440846e-01 1.624606022177071604e-02 -1.315107469382869598e-01 1.212651387988718799e-01 2.171520832612635621e-01 -1.159658619847636629e-01 8.596660545362723449e-02
1.279739006856141226e-01 -1.795125409578527398e-01 1.000000000000000000e+00 -1.460325690622868711e-01 1.332590914190507347e-01 2.428994225309737132e-01 1.564291651483774026e-01 9.808362640014910150e-02 1.334998235335019545e-01 2.561623967613642083e-01 -2.333148303366560650e-01 -1.362790409867553898e-01 -1.354828916208823952e-01 -3.169882005666347508e-02 -3.024444086876421425e-02 3.259878685554151723e-01 -3.819907444364365606e-02 -3.156604626604810754e-02 -4.161224977311722695e-02 -1.173505441110271955e-02 -7.643118799893436344e-02 -2.785529470411564068e-01 -3.899494937246773818e-02 9.169504057023158961e-03 1.064089668048827236e-01 6.910533521823644665e-02 -3.230142165127674603e-01 -8.216372342648174676e-02 -2.559953777436975719e-01 2.524514846050425476e-02 -5.903616538899603833e-02 6.547784366026593306e-02 -1.487367565686455451e-01 -1.072038032473076469e-01 -1.092205803623507998e-01 -1.203141873960215241e-02 -1.635893018462655224e-01 1.313689621179438792e-02 4.055749317303599527e-02 -8.175890335339369708e-02 -1.223306249184919620e-01 -1.260143631818858370e-02 6.462649141642623496e-02 -1.719078326225825792e-02 -7.993236618378683767e-02 -1.127539352287200980e-01 -2.018897917994152136e-01 -1.070740634900572003e-01 9.057307630624199246e-02 -3.110202950734211255e-02 1.897624211961228269e-01 2.522055150511546273e-01 2.127247825430936268e-01 3.019026639952116300e-02 -3.513243239940386231e-02 3.122856005915693456e-01 4.352183898662960460e-02 6.124362471045251277e-02 1.258428473884775911e-01 4.076489242809075431e-01 1.689633090533148863e-01 -1.463605892542410303e-01 -1.059974419819520036e-01 6.899789938160891256e-02 7.928956281830047692e-02 -2.748174796025974406e-02 1.191984134609516827e-01 -1.551017755075815574e-01 -8.835117712914671018e-02 7.291134482387170990e-02 -1.132276920629455286e-01 -2.939667901352880919e-01 -4.515851650993435440e-02 7.664610267116421516e-02 1.465417012490705939e-01 -6.191218549023035783e-02 1.302289720367258707e-01 3.070077995627179708e-03 -4.939254901329600059e-03 -1.519546242134964427e-02 -2.011989265846935715e-01 -1.545435215586648536e-01 -1.694001359837220277e-01 -2.252080296603867215e-01 -2.723687104653714774e-01 -2.073406013574139173e-01 -7.012520562157764648e-02 -1.971008953935012298e-01 -9.840843492071274512e-02 -7.123928908313549579e-02 3.487502826662924882e-02 2.824384118424727586e-01 9.175053312506457892e-02 -1.408472704853234725e-01 9.501029626787537916e-03 -1.330297661644576357e-01 -1.337175418192892984e-01 -1.649455821664391753e-01 1.565371298526777311e-01 -3.015672634290720786e-02
-1.709739978935315985e-01 5.836042799427537675e-01 -1.460325690622868711e-01 1.000000000000000000e+00 3.842788213059215030e-01 -4.814059994091553496e-01 6.123801205290274607e-02 3.809013513988280392e-02 -6.057215617530464086e-02 -3.213469706501824730e-01 -1.047127897691565307e-02 7.939775908058721576e-03 9.023845710410827170e-02 4.526621416364112055e-02 2.302618114063937141e-02 6.034950033169288186e-02 -5.292152573116001846e-02 -3.602132246415196137e-02 -1.569513600583860580e-02 -6.300483814731298871e-02 1.664838928823466346e-01 -3.164671484966156967e-02 -6.766547449796243147e-03 -2.375229005565887910e-02 -2.454351037353858511e-01 -3.033676897102954295e-01 1.468526183434486765e-01 1.028776231459002828e-02 6.206452687219290304e-02 -9.420041092526248994e-02 -1.535620104987691914e-01 -2.678327678299087800e-01 1.251245202382771926e-01 -8.920875313162923703e-02 -4.642243550759291709e-02 -5.722956653215331008e-02 8.779646357169480775e-02 -1.915163551279656651e-01 -1.556474613603588478e-02 -6.858328792629317383e-02 -3.384216542576735931e-02 -2.173948859468184114e-01 -2.743185554542038052e-01 -2.301334058912216651e-01 -5.539322971536594920e-02 3.282545950390924894e-02 7.432142442353079081e-02 -6.407513346140133147e-04 -3.037557839942545690e-01 -6.134544182032680704e-02 -2.429033092481662215e-01 9.522882057704279424e-02 2.026172162178515868e-01 4.436081581649720662e-01 -6.534505939104560956e-02 -3.234185843726568588e-01 -4.933047736296429508e-02 5.367523308307194790e-02 -4.170479058917956339e-01 -2.871230011509049440e-01 4.058175189824891893e-02 3.765268458485017400e-02 2.053660951515681454e-01 1.213505835380360998e-01 1.453570895391673168e-01 -1.574308723922844197e-02 -1.660585426129290165e-01 1.367019602033064107e-01 -4.857132217001212254e-02 -3.849866945944195595e-02 8.920402163159603381e-02 1.399423428238898669e-02 -7.334307165769145265e-02 -1.259223850919459209e-01 -1.434099850080005345e-01 -6.523989799439741666e-02 -1.744822401989892524e-01 -9.029893325962601303e-02 -1.623061486657323416e-01 -2.496078737360233335e-01 5.782439039881347859e-02 -5.821468651452491733e-02 -2.359341559222797868e-01 -1.371130744138422675e-01 8.540474228617696978e-03 -8.635960094767361483e-02 -4.570992122800657254e-02 -4.224114556036443618e-02 -9.812289972880153255e-02 -1.404978743759444093e-01 -7.046607161239260009e-02 -3.185303820717635404e-01 -2.838886194366730537e-02 -2.347515456771286091e-01 1.039575442507943877e-02 -2.052404861924115309e-01 -5.373042583979909664e-02 3.303821677073044694e-02 -2.788248891880955593e-01 -1.062039935550074671e-01
3.557419468084598857e-01 5.923955215619076259e-02 1.332590914190507347e-01 3.842788213059215030e-01 1.000000000000000000e+00 -1.108975852062572681e-01 1.315921450691110162e-01 2.093110124914168424e-01 2.850583018427106929e-01 1.284564500526781394e-01 1.620441526564882773e-01 2.408182869938348680e-01 8.980887933172126275e-03 -2.284065240393831353e-01 -1.740450988794202958e-01 3.547745789023994956e-01 -2.503692513787657004e-01 -1.279899557842564262e-01 -1.496770813388550725e-01 -2.067338874145213667e-02 -8.371239659766240016e-02 -9.167095900394149621e-02 -2.915476482960463467e-01 -6.665009056473440718e-02 -8.473186813416314078e-02 -1.582813183662087619e-01 -9.506409218484687673e-02 -2.092608463307728539e-01 1.626887886504605613e-02 -1.646225454076000738e-01 -1.492558522521703155e-03 -8.714466699054762566e-03 2.776912484989438323e-01 -3.480290643397571798e-02 6.559057925746626661e-02 -2.155503430574604029e-01 -2.306067275213694034e-01 2.955871401584882208e-02 -7.354629984454844581e-03 -9.268500862893699899e-02 -2.129695811501465183e-02 1.302968444159939010e-01 -6.890618818101303111e-02 -6.796782636798319455e-02 2.614597233287751718e-02 4.096684705418486561e-02 -6.735886099558774376e-02 -3.865334685292130812e-02 -7.361491713813943238e-02 -9.909398238272201787e-02 1.787748703291805463e-01 1.668277051128873867e-01 2.955351591909857745e-01 2.453267104922533803e-01 1.553835790179859955e-01 -2.269075681156503543e-01 1.867075643515757055e-01 2.203880876038813164e-01 4.154007728677183708e-02 3.262643527041186181e-02 8.844297617205806872e-02 1.093689201564068680e-01 -1.106730408783032915e-01 -1.367339693024602065e-01 -2.093466776606535407e-01 -1.735328064041175844e-01 1.867656899274374024e-03 -1.655193591811681408e-01 -2.423871465772747813e-01 -5.633242475654110654e-02 -1.772820444025022812e-01 -1.465666221537106073e-01 -1.719788330822176470e-01 -2.187594420413614960e-01 -2.155969361053626798e-01 -1.529987505194842501e-01 -3.823203645118635752e-01 -2.245237051385795546e-01 -7.144593596879594832e-02 -1.859627078657420662e-01 -3.049341270977615204e-01 4.731622339898519658e-02 -1.635259981199236601e-01 1.488000127797473211e-02 -1.019580162377242277e-01 -1.893615418358130520e-01 -2.919563565269026051e-01 -1.029880268630995327e-01 -1.827980888782859414e-01 -1.927237603592087123e-01 8.947745266545299725e-02 -1.468390378495851578e-01 8.039567823998197693e-02 -2.634459879584086783e-01 -1.443816890150071974e-01 -1.612276877266589636e-01 -1.585499177234430956e-01 -1.666204773521084148e-01 -1.200067573880445188e-01 -1.813121356500551618e-01
1.530935797382535768e-01 -2.132520213304159307e-01 2.428994225309737132e-01 -4.814059994091553496e-01 -1.108975852062572681e-01 1.000000000000000000e+00 2.078583494084592365e-01 3.275861243457416361e-01 5.056555440698371484e-01 3.784638069513093228e-01 1.125752662724187197e-01 1.287765783528081048e-02 1.400493315036867581e-01 2.526065111886042769e-01 1.802838885652060519e-01 -6.269272136838138776e-02 1.099830667399398082e-01 1.893491004671626621e-01 1.203597154189096213e-01 1.918709520922529388e-01 2.998727459040563884e-02 1.123668882727322099e-01 1.951846741610855918e-01 6.326541024001525182e-02 1.911364486432668708e-01 3.509837229796187175e-01 1.197141018543962099e-01 1.533455610054109963e-01 2.821681798581648914e-02 2.819106407520504676e-01 3.379744585665224454e-02 1.387723001711999860e-01 -1.157879483305396251e-01 1.902158426540421221e-01 1.530865888316594037e-01 2.623080509278508665e-01 3.745623420325245451e-02 1.731673523881656074e-01 7.992401098645875168e-02 1.959697067065228060e-01 1.815855396008839717e-01 3.311566911967687710e-01 3.516781168282137604e-01 2.467161660421655911e-01 4.217070572533308803e-02 1.049526518974624595e-01 7.042920734987870302e-03 1.604935776192507046e-01 4.707458789943145816e-01 2.416526602323640915e-01 1.990662745615192075e-01 1.398700708183454600e-01 -1.075786722925091837e-01 -1.697249540895404696e-01 4.880689609590028177e-01 6.623216191610669101e-01 6.630897146161954248e-02 2.793047251808745135e-01 5.249311507272994559e-01 2.230797528622444348e-01 -2.839138108517829870e-02 1.414167328490872344e-01 -2.823822956439933987e-02 1.251279946224049255e-01 1.429399776345121123e-02 1.332581864016793571e-01 2.676058003197496760e-01 1.251900060488581913e-02 1.825155038753080161e-01 1.699449227536827534e-01 3.714540270254124837e-02 8.715627984364275604e-02 1.925104874419937273e-01 1.763487444416913519e-01 2.057314483738212907e-01 7.012870211423372080e-02 2.220891044393205060e-01 2.712971053574475544e-01 -5.937316845148508937e-02 5.328214137792790933e-02 -1.316123060155356163e-02 1.922392922673578919e-01 1.586091756485215332e-01 2.152916222935558066e-01 2.124887208072006317e-01 1.643148923340108369e-01 2.232526538605496824e-01 1.536092099915434550e-01 2.526645972700917731e-01 3.404647589519316786e-01 3.441477710587936335e-04 1.169961492924267293e-01 1.327547481807847818e-01 9.386919677605644330e-02 5.819323415286904722e-02 1.815971819866322168e-01 1.890608162593687414e-01 8.698946938265503248e-02 4.592415564443891873e-01 2.729654081601248783e-01
-5.373790445526379495e-02 -7.270998675067108855e-03 1.564291651483774026e-01 6.123801205290274607e-02 1.315921450691110162e-01 2.078583494084592365e-01 1.000000000000000000e+00 5.718563741882648488e-01 3.238222217748904508e-01 2.165236948382678051e-01 1.196948603281828977e-01 1.359736602929543792e-01 3.462310159158438760e-01 1.125032216004230590e-01 2.209302406143318631e-01 1.609784498867194991e-01 3.254010510623898123e-01 4.396297394843996509e-01 2.013437169362507495e-01 3.314045824623971376e-02 2.310769094190409656e-01 1.701426566801040319e-01 1.998167124803674755e-01 2.961610092231796165e-01 6.900862839848045938e-02 1.920433365953525817e-01 1.956186256568057946e-01 1.815754172452267445e-01 1.524205470316103705e-01 7.340147499057783631e-02 -1.195119754561644182e-01 -1.086267697221824924e-01 4.546432506613606525e-03 2.646124479467131807e-01 2.430395203076563815e-01 1.531845907844724963e-01 -5.878756788160824365e-02 -9.397448078520023729e-02 -7.037428891172761714e-02 4.149130573206614159e-01 -7.465323768596140996e-02 -8.885685562260647874e-02 -9.119271364647468792e-02 -8.854163320963713557e-02 -1.581030734904292634e-01 -1.737737116734908993e-01 -1.722718075247747505e-01 -1.167313667900031354e-01 -1.833047184417368070e-03 -1.451035102719206438e-01 2.709832670872745070e-03 1.475716369446481990e-01 1.244756311660604742e-01 2.181793962175611890e-01 1.629872135038428482e-01 2.344515157546003536e-01 4.766106878798865298e-01 4.463680635197471158e-01 7.876224050375349450e-02 1.312590982476752599e-01 1.759171990386884377e-01 2.456290415049558751e-01 1.604666120196305834e-01 2.230400250109441929e-01 1.505939454204040517e-01 1.413842240467286238e-01 1.660897389018327341e-01 2.687934436175406505e-01 1.804536049743280801e-01 3.908454431701308684e-01 1.972195280022899788e-01 2.362944132386119722e-01 2.329657798249917533e-01 5.765849014484834140e-02 3.037997380372304268e-01 6.002585948289582141e-02 1.523758641406218750e-01 1.786256462841070980e-01 -2.090618569141620697e-01 -1.557009461053193988e-01 3.221331183332232229e-02 -1.739589509161205971e-02 -1.447911923382804444e-01 1.865069552727009472e-01 2.131280176479288524e-01 -5.657774619035347424e-02 -5.203389292254909614e-03 -6.685860234886714659e-02 2.005633094728474786e-01 -9.252893865656126871e-02 -1.348965557484696487e-02 -3.421064316377064873e-04 1.796705361492010877e-01 -1.838978953229989111e-01 8.073493991219182764e-02 -1.294997420575263181e-01 -2.518747354247407033e-01 8.649890885778189001e-03 1.400522139960445889e-01 -2.860453220888828016e-02
-8.644711993626395807e-02 6.555723527036759132e-03 9.808362640014910150e-02 3.809013513988280392e-02 2.093110124914168424e-01 3.275861243457416361e-01 5.718563741882648488e-01 1.000000000000000000e+00 5.326049907109321468e-01 1.762848554572637727e-01 3.107499475829398131e-02 5.187391682909276575e-02 3.410800393179190260e-01 1.963580579923511760e-01 -2.765332795672771626e-02 1.896931162135966770e-02 7.025525957444633818e-02 3.207763794677578884e-01 2.352169660758531358e-02 8.956825142254309924e-02 -1.978613507678631325e-02 5.572186549844970055e-02 3.315742029334711044e-02 1.751849192755043083e-01 -6.510262172659513069e-02 1.166756112677271584e-01 2.387832285979261948e-01 2.239419261511769732e-01 8.808383125287583271e-02 1.092749318418693646e-02 -2.462447586851793657e-01 -2.139388135688224668e-01 5.130975342071603801e-02 2.157920222524599696e-01 3.349652576135575544e-01 9.104384272602328299e-02 1.502317687525228131e-02 -4.058385497619826365e-02 7.916085422502298907e-02 2.575360320651184365e-01 2.221207373497288140e-01 -3.938380795570040754e-02 7.658679255157499477e-02 -3.514094678993143119e-03 -1.660908222456279060e-01 3.339875974739717895e-02 2.977145831887326524e-02 1.428076669251556463e-01 5.480624391293662662e-02 6.796944580567286509e-02 2.558052073597564050e-02 1.590791014931750291e-01 6.296626491415291405e-02 2.353122338024326021e-01 3.311574769633110482e-01 3.224895398287181414e-01 4.779289657190081142e-01 6.642226500457426575e-01 1.378742731485333439e-01 -6.654431521604894928e-02 2.983659609010703290e-02 3.241233974556372299e-01 1.796759347659169226e-01 3.001812589754322413e-01 -1.774766200134333949e-02 -9.313284681990618985e-02 1.805918681462693742e-01 1.606900201715808219e-01 1.749479383223084272e-01 3.270902345774609477e-01 -2.201700573878074413e-03 1.714858305783952819e-01 4.077339200343074038e-02 6.635653013639317144e-02 1.130570261526470666e-01 -3.863716169373229703e-02 1.642479763183130048e-02 6.330542866490548870e-02 -3.254514704652178847e-01 -2.309919025279760230e-01 1.399794535435094477e-03 2.810545502798729167e-01 -1.396321274608818830e-01 3.010320955996417802e-01 3.444122731182924224e-01 1.491947764177943003e-01 6.997875163102690310e-02 1.476420917007047473e-01 1.711085119461945581e-01 1.363942348841491181e-01 6.288260200468240302e-02 -1.496574832447060965e-01 2.823959374505258246e-01 -1.763752591703245942e-01 -9.353416003977637477e-03 -1.324313793638900449e-01 -6.103600963024270742e-02 2.137937898648124280e-01 1.402625277597534803e-01 1.790911712930170485e-01
1.615621513280150190e-01 -8.227306998252077990e-04 1.334998235335019545e-01 -6.057215617530464086e-02 2.850583018427106929e-01 5.056555440698371484e-01 3.238222217748904508e-01 5.326049907109321468e-01 1.000000000000000000e+00 3.168970321661989664e-01 1.420922714467577064e-01 2.509225318753684486e-01 2.831685970279877451e-01 1.239207318570377109e-01 6.257109241615738116e-02 2.371407669653209302e-02 -7.846111650558174402e-03 1.580724641766246830e-01 4.133922045241248192e-03 2.287181677412946923e-01 6.527932281921706992e-02 1.192605186723688371e-01 3.426232471357223280e-02 1.373497067431797281e-01 -6.968960249198594137e-02 2.508983960767402488e-01 1.162886551496437881e-01 3.090031948253612118e-02 1.676122702916049423e-01 1.228358070996626722e-01 -9.033238291973215428e-02 -7.407156286424482206e-02 -2.357967605443197362e-02 1.193820790255394337e-01 1.514207031883330334e-01 1.388550347998238621e-01 -1.367258528286615649e-01 1.391650219228413900e-02 -8.242103673703186917e-02 7.577267240369590928e-02 1.541196934626226922e-01 2.139089166854178103e-01 1.767794622914758418e-01 1.111499417829400066e-01 -5.887683566472100456e-03 7.409250849279575002e-02 -7.592861882246078331e-02 3.455594954696115245e-02 2.667696614156916946e-01 1.209570266303172936e-01 1.428943415561673702e-01 1.268163044391300565e-01 1.251126914789134521e-02 7.243820933669044282e-02 5.046497256830733136e-01 3.630019232166552534e-01 1.955128396286779924e-01 5.573337865960862336e-01 3.173942433702824362e-01 -6.738346413008208802e-02 1.949325594172526474e-02 3.509917427607368579e-01 7.446553419311199851e-02 1.005227993216409460e-01 -5.071440481585422905e-02 1.661025810960235424e-02 2.178176290093678524e-01 6.091527722541763279e-02 6.674648520285617059e-02 1.733319741353737675e-01 6.184055961563734993e-02 1.231034606625516642e-01 5.518831618558737995e-02 9.195524746358700596e-02 1.469344579445970023e-01 1.340664500325785061e-02 1.077198349110419090e-02 6.297631412362143799e-02 -1.526514532150385628e-01 -1.783785776308227100e-01 -8.122561793654153178e-03 2.119022693827324333e-01 -3.424572091025952086e-02 1.651949916781634276e-01 1.794785650389118525e-01 6.892542880042150377e-02 -1.695158247496536281e-03 6.945569855511385393e-02 1.922240661413702201e-01 1.783014295134706384e-01 -8.729678009640036429e-02 -2.059210234336280310e-01 1.400751084515504674e-01 -1.135477183740303264e-01 3.634045981923770402e-03 3.389596196360077866e-03 6.894483888466067245e-02 3.832331204338429442e-02 2.290162770088623456e-01 1.139955444626633146e-01
3.013219836118226636e-01 -3.764136488615728582e-01 2.561623967613642083e-01 -3.213469706501824730e-01 1.284564500526781394e-01 3.784638069513093228e-01 2.165236948382678051e-01 1.762848554572637727e-01 3.168970321661989664e-01 1.000000000000000000e+00 1.879594665212031557e-01 2.961451428575609945e-01 3.612308309450304455e-02 3.267306324108378360e-03 8.634820648645886998e-02 1.126251716838992528e-01 7.032640925764205297e-02 -1.517665360355050473e-02 4.697791532215018356e-02 4.015517540502144128e-02 -4.129150804847728229e-02 6.454167556345077883e-02 -5.554762885665446431e-02 2.904522974437631078e-01 2.976746770232934769e-01 3.628585630920139193e-01 -8.420712584643405552e-02 -1.723596604745238894e-04 8.822711834898878946e-02 5.652526549342936496e-02 3.777390097312568334e-02 9.770946866105127693e-02 6.803433374301713632e-02 4.498701961879660732e-02 2.675454301225812515e-01 -2.809742698055861521e-02 -2.602133421025457638e-01 3.112832876627682002e-02 -4.558928501130867644e-02 1.316925060499679612e-01 -1.644560170358694007e-01 3.066967265166973267e-01 1.621185062510560604e-01 2.101242075649447164e-02 -4.607151286829497955e-02 -1.405425621674238901e-01 -2.747445712983088706e-01 -1.269033035231707518e-01 1.772635481541003089e-01 -1.676428024974350450e-01 2.813703556578394105e-01 -2.024332490104439886e-03 9.692635309718228287e-03 -1.610634008832320663e-01 1.313355025803474019e-01 2.828123080959766278e-01 1.905865759609998988e-01 1.373846729599809136e-01 5.899010615071293984e-01 2.497503661018088683e-01 1.081596228664229720e-01 4.865747204276110738e-02 -1.989313063650586522e-01 -5.285370843254796891e-02 -1.500223316328862522e-01 4.155591855839697868e-02 1.333811987787553999e-01 -9.341591578940504348e-02 -1.030753623651881196e-01 6.367875732099820274e-02 -9.180836246369034059e-02 -1.738925570059357203e-02 5.218067888308585561e-02 1.953138426268086481e-01 2.880953239284586576e-01 1.522595623721604008e-01 1.404365751137390435e-02 7.259130838597567525e-02 -7.032337312466314938e-02 -1.025476452979874747e-01 -1.929619442940109508e-01 -9.915339877699889948e-02 -4.606569675466711889e-04 1.470736589953312301e-01 9.731865271604087098e-02 -8.819060248653282086e-02 -1.250896520941908174e-01 -1.466635723246316643e-02 3.153729127289426476e-02 -5.355429692144585835e-02 -1.548207615540099676e-02 2.196479040378419012e-01 1.853294680254913840e-01 5.261610834472372350e-02 6.812170958713111013e-02 4.937274040287398247e-02 -1.613451483090738992e-01 -2.083520353612910991e-01 2.086950254233747026e-01 -1.115268843809675559e-01
2.895947705099151115e-01 -2.847768073618131210e-02 -2.333148303366560650e-01 -1.047127897691565307e-02 1.620441526564882773e-01 1.125752662724187197e-01 1.196948603281828977e-01 3.107499475829398131e-02 1.420922714467577064e-01 1.879594665212031557e-01 1.000000000000000000e+00 5.676376664328960375e-01 2.122538099469348238e-01 5.234506151413152036e-02 2.422138135315164420e-01 -3.801231536517581111e-02 1.039692267567428607e-01 2.544455147696052591e-02 1.243415402052562707e-01 4.521577579857526119e-02 1.530120959601125041e-01 2.620299109411516336e-01 4.530635234922165272e-02 2.602098906185251193e-01 2.709621518881688007e-01 3.521996763724571933e-01 1.769279091312098429e-01 -8.230786753788443474e-03 2.478582776245820130e-01 6.458020160001874677e-02 5.167242960630570592e-03 -6.844989212807114920e-02 1.218390945757779759e-01 9.713069568662126285e-02 1.262323919521882165e-01 1.107230393663335699e-01 -5.935788517352657417e-02 6.457681259097761313e-03 6.463980235618708992e-02 3.890927548925732227e-01 -2.961484941341489818e-02 2.500242436468342877e-01 -2.186364257591183469e-02 -6.248317447640833189e-02 4.099514258257578453e-02 -2.506294473724048413e-02 -9.493715426954645042e-02 -4.719608275131706443e-02 1.855591095757922748e-01 -2.957053576683145793e-02 5.775997381104151090e-02 6.000147034999726847e-02 -2.934683172659896186e-02 9.860490017945534869e-02 3.561745491167186417e-01 -5.152750643340995446e-02 1.062407451971142530e-01 1.774114034097409587e-01 3.005864319661699091e-01 1.940683673125095932e-01 1.224436253796154506e-01 2.103427229993967695e-01 -6.435410070742196564e-02 -1.494852308158637066e-01 -1.590038338934402773e-01 2.406353367170047386e-01 1.019287088738665970e-01 4.553835274121775106e-02 -1.215417474359840183e-02 -4.026160989281486746e-02 1.128122703852762754e-01 2.328471616483566986e-01 9.912267035957873784e-02 1.076549612482075556e-02 1.287705341113239699e-01 3.620246246950130642e-01 -4.146568047191990375e-02 2.728236155331940083e-01 8.540558364711389738e-03 -1.291100376952882545e-01 -2.725702985180792834e-02 -5.914436334075833662e-02 4.919168069549070127e-02 1.951621397056288731e-01 2.154177894715054720e-01 -6.756063147271880454e-02 -7.959310898890852026e-02 1.644853123787781424e-01 8.268156944665312758e-02 5.659127590980857041e-03 -8.553483728644997383e-03 -1.044264631510183339e-01 7.025276267682306619e-02 2.104974467991378370e-02 1.758411056893001700e-01 9.818892479762532377e-02 -4.924182661571774311e-02 -1.598098171312060112e-01 5.309283151439884302e-02 -3.762967345834621752e-02
3.861609013707912319e-01 9.203198435606761707e-03 -1.362790409867553898e-01 7.939775908058721576e-03 2.408182869938348680e-01 1.287765783528081048e-02 1.359736602929543792e-01 5.187391682909276575e-02 2.509225318753684486e-01 2.961451428575609945e-01 5.676376664328960375e-01 1.000000000000000000e+00 1.115309150892098422e-01 -9.344954194901010369e-02 7.049702480913867808e-02 1.010437544630570297e-02 5.745358030045084191e-02 5.726875520199055901e-04 1.546315406052609365e-01 8.404471246003007712e-02 1.899594551069690718e-01 2.491940718901198837e-01 -8.289061241023118476e-02 3.229332422457894536e-01 5.348451765054471063e-02 3.382657823050771451e-01 1.508788510120576479e-02 -1.345013099265610079e-01 2.259885902671621982e-01 -6.053195152962675268e-02 4.834881291352811916e-02 -1.288191051846849233e-01 2.606363863246547244e-02 1.040916476400716717e-01 1.298511017111802779e-01 2.231292619327032017e-02 -2.889283037074146798e-01 -9.101349638125780239e-02 -1.810869683881393133e-01 1.613566598020411413e-01 -1.261187879558166858e-01 2.240335349045384783e-01 -4.959929656946018145e-02 -2.569813062801299189e-02 7.328817025417178402e-03 -1.153970350499382014e-01 -2.563032253044277287e-01 -1.774105548958013201e-01 1.128686217397751740e-01 -1.234272549238117217e-01 1.330662005647355040e-01 -9.138803999202260719e-02 1.603562424534669961e-02 2.649553158490418336e-02 2.422348190181538574e-01 -1.384213214923782631e-01 7.798146761842479624e-02 1.644561158385901001e-01 2.043692712537150957e-01 -1.047135499034860216e-02 1.469816341578119856e-01 1.801875224755938587e-01 -1.901618119356332792e-01 -1.740061767229225675e-01 -9.358747152469139297e-02 1.454517006442621607e-01 7.235419972226848906e-02 9.180370617595066951e-02 -4.429464974625063611e-02 2.643769495378962830e-02 1.175107903834232553e-01 2.427589497065637814e-01 5.548763480581052343e-03 -1.189536854848499692e-02 1.253051417618286367e-01 2.750968467126925221e-01 -1.895994159982600513e-01 3.462789886656641308e-02 -3.629283138156390309e-02 -1.769633182001142946e-01 -3.561492063723512881e-03 1.893854228562620937e-02 5.964803654368883851e-02 2.037888240989466082e-01 7.102164396368926269e-02 -1.627897828643595501e-01 -1.991584523882572455e-01 -3.163586032801588618e-03 8.835081405633933571e-02 -1.028153511899134037e-01 -1.004279623360037760e-01 -3.575245400623459635e-01 3.763044327810392657e-03 -6.090167663856726338e-02 -5.329421940677304959e-02 -1.590912331541100011e-02 -1.429166399082130723e-01 -2.139847026741017733e-01 -1.796669143337765572e-03 -1.225206921303031160e-01
-2.256482425192949115e-01 1.499537195386288664e-02 -1.354828916208823952e-01 9.023845710410827170e-02 8.980887933172126275e-03 1.400493315036867581e-01 3.462310159158438760e-01 3.410800393179190260e-01 2.831685970279877451e-01 3.612308309450304455e-02 2.122538099469348238e-01 1.115309150892098422e-01 1.000000000000000000e+00 2.573314931074374701e-01 7.731785988696175671e-02 -2.120863313484643853e-01 2.905527733665020929e-01 1.876213312768843788e-01 6.866844996926562555e-03 -7.431938375190529078e-02 1.417076891727535488e-02 2.790300350960386866e-01 1.978625626277839000e-01 3.214182991355215568e-01 1.589439848566758517e-01 2.658571547782586642e-01 3.603320413112290344e-01 3.090051663570625440e-01 1.472089704096799234e-01 2.175782184404831121e-01 -8.463934361667284356e-02 -4.225092707085403160e-02 -4.570404444006267303e-02 2.296606367188040732e-01 2.768541487103622911e-01 6.278761189642743934e-02 9.102579939108002005e-02 -1.044586860888049307e-01 -1.533896290314096522e-01 2.561766869968361560e-01 -5.634601841773215908e-02 -5.739137661434662308e-02 4.836056060947591800e-02 -4.215537880883053756e-02 2.070634144905949062e-02 -2.702612053465608746e-02 3.609975738862584993e-02 -2.472440515288678795e-02 -1.357400436591298387e-01 -1.043510586099669762e-01 -2.328944337056394198e-01 -6.913259923181908073e-02 -2.847313862853416699e-01 1.711125286062354922e-01 2.086597153315897513e-01 2.437221644786293495e-01 1.761623464968160302e-01 3.645515635268829491e-01 1.991583446382524589e-03 1.650788508056088427e-02 3.490604779297588611e-01 8.213476182839810624e-01 6.795227297071703143e-01 3.306662897810410673e-01 4.856945951164123865e-02 6.959264631181238947e-02 -8.551615500480355681e-02 4.353261809148394890e-01 1.596182950808433809e-01 1.009364689463290443e-01 5.433826557239604393e-02 3.986053851948004323e-01 1.701999229932081581e-01 2.535546400709965537e-02 1.955651893027815780e-01 2.087630461873581367e-01 1.400605831697512849e-01 3.379481708886799551e-01 -9.836894309861969610e-02 -5.725493426900830907e-02 1.708257130524451772e-01 5.323131447581951059e-02 2.860439347526315401e-02 2.774453551653250361e-01 4.327489404337965806e-01 6.823066073445133162e-02 4.817394857327173679e-02 7.882008950940717906e-02 9.940875481690494841e-02 -4.212430962032213261e-02 -1.702541257672200714e-01 -7.324911295870509265e-02 1.581071576897931097e-01 -2.004131634748724522e-01 1.766645936262373207e-01 1.719275193425448111e-03 -7.743433800669294320e-02 1.209654459478852334e-01 -6.137712469196645454e-02 -6.112802976383669568e-02
-1.763969242114668823e-01 2.971260157503658461e-01 -3.169882005666347508e-02 4.526621416364112055e-02 -2.284065240393831353e-01 2.526065111886042769e-01 1.125032216004230590e-01 1.963580579923511760e-01 1.239207318570377109e-01 3.267306324108378360e-03 5.234506151413152036e-02 -9.344954194901010369e-02 2.573314931074374701e-01 1.000000000000000000e+00 5.181860067907586576e-01 -1.254643227282814799e-01 1.729034559684003713e-01 3.327066587037517675e-01 3.349215911683863789e-01 1.880259383778596360e-01 4.060727524463624838e-01 8.455511156530322314e-02 5.860857461987656336e-01 1.629265476863860362e-01 -3.216663258698805594e-02 2.237234484970698489e-01 4.105138116155402916e-01 4.265490938747956151e-01 3.137568988940346304e-01 5.143607653914412658e-01 -3.739433744381934210e-01 -4.202893606292477657e-01 -3.252065771787797654e-01 2.427515435004980737e-01 1.417250394971488192e-01 3.782022762107708491e-01 3.723517762623663740e-01 -2.521729141114862349e-01 2.082898248830155896e-01 2.526804366698892634e-01 1.678639429824020646e-01 -8.865592990203516321e-02 1.518484588015990844e-01 -2.421928458573263943e-01 -2.336579540285095014e-01 2.352473862828649911e-02 2.367278580827970047e-01 3.083317425192069194e-01 1.283443948666676271e-01 1.271664093096471770e-01 -1.584519782527109844e-01 1.432395481772854584e-01 7.902671758308903172e-02 7.379032440679660076e-02 2.946656571391759183e-01 2.706462617270520843e-01 -9.124261460636018395e-02 1.876583961904113584e-01 1.393551193587246328e-01 -6.171110659592866921e-02 1.520823469851021771e-02 1.380149870124597888e-01 3.576122630574423145e-01 6.352985249434622839e-01 4.428422407354535850e-01 4.758966090132677462e-01 1.143427449506509569e-01 2.768675104964981593e-01 3.920461661152724875e-01 2.465823088953418840e-01 3.982936485239219615e-01 1.502619771338815080e-01 3.807690166266747278e-01 2.995480608253682231e-01 1.547438374312983533e-01 1.509356222068324871e-01 4.130391499455661197e-01 4.839942643716727000e-01 -4.245091173232835025e-01 -3.546745395819241864e-01 2.712890488761546259e-01 1.985811630622963120e-01 -1.267347786396134657e-01 1.098492913554012934e-01 3.705512712868754277e-01 3.299499143520406297e-01 4.368245107071672684e-01 3.891775365790847707e-01 3.271731097414385392e-01 2.943018401488273761e-01 -9.193467963478500760e-02 -1.960583735331683508e-01 2.253612890872170871e-01 -8.133989659294545149e-02 1.818221350857649188e-01 -1.513903632338345628e-01 1.350318050771628364e-01 3.539534260876326943e-01 1.429729939778869308e-01 2.025460722216401166e-01
-9.510974711448769159e-02 1.938353749723912833e-01 -3.024444086876421425e-02 2.302618114063937141e-02 -1.740450988794202958e-01 1.802838885652060519e-01 2.209302406143318631e-01 -2.765332795672771626e-02 6.257109241615738116e-02 8.634820648645886998e-02 2.422138135315164420e-01 7.049702480913867808e-02 7.731785988696175671e-02 5.181860067907586576e-01 1.000000000000000000e+00 4.116900956741796624e-03 4.964789824068515101e-01 3.402436600130998023e-01 5.107208910358170817e-01 4.752971368603860214e-02 6.530210958538916755e-01 2.996809304259893669e-01 5.749427463954474016e-01 3.000393881636526094e-01 1.161596042869438572e-01 3.860820787430508383e-01 3.522521493119075697e-01 4.055322939573025032e-01 3.969371524890945580e-01 4.964231009234456038e-01 -2.367139967584051818e-01 -3.318657739280381769e-01 -2.331170678945213570e-01 1.884360668200420752e-01 3.044238802239936439e-02 3.133786333486175413e-01 1.621014302264862095e-01 -3.529627510907838994e-01 -5.728562985999944429e-02 2.829559862696118255e-01 -2.246147298007743764e-01 -7.992683545232605324e-02 -4.030469850770353885e-02 -3.225341985791434496e-01 -2.561056513217891961e-01 -2.387272501041833583e-01 -1.204325585017651939e-01 -1.059289774328242284e-01 -2.512191402541889829e-02 -1.518069756858899666e-01 -1.303585344487088321e-02 1.725630162118884647e-01 1.809705122569635616e-01 4.621301557826246881e-02 1.619478651952099002e-01 1.931980276018985809e-01 -8.752349927608335522e-02 8.462287719287498247e-03 1.384708197013342912e-01 4.272054118709502080e-02 3.652783324987597755e-03 -6.033318274258536035e-02 1.532220501339360275e-01 3.276809454446156789e-01 4.819407161452442523e-01 7.558548633605176592e-01 7.519561361605008043e-02 3.599082508142713577e-01 4.167859633336533087e-01 2.518676964602272195e-01 5.526566929261981231e-01 3.545665813925709120e-01 5.340720999688569615e-01 2.806473466728889865e-01 3.941506907214286093e-01 3.473152567893980636e-01 5.611983175706412030e-01 6.402584604290354475e-01 -3.113621030395647415e-01 -3.247646211539122474e-01 3.655578711394493197e-01 -1.026255282248074163e-01 -1.335319831316013617e-01 4.822350817277437640e-02 2.899404660289620073e-01 8.117072463149276051e-02 3.220220354214486380e-01 2.659628666293943344e-01 2.499792192433243077e-01 5.397451657367953459e-02 -1.491119655962941659e-01 -6.478325361503545210e-02 1.002490901222907183e-01 3.171731874712088728e-02 2.726791672656234122e-01 -1.883890683003081878e-01 -7.324008736372474015e-02 5.776816082679060022e-02 -3.828105468682229794e-03 -7.900967012694627700e-02
