1.000000000000000000e+00 -8.205532508809022232e-04 1.633698867480165573e-01 2.197342298704461350e-01 2.059632339161202030e-01 1.141935908418594547e-01 -6.744546645988974687e-02 8.936428644865512805e-02 -1.633412338776594197e-01 1.435757657413916089e-01 6.919764814505206807e-02 -2.678694544227305102e-02 -2.734997238453684351e-02 -1.724223096472590755e-01 -1.790713626938546521e-01 8.761846315554745745e-02 -1.787477101420567246e-02 1.103105765102011249e-01 -9.706401893701478711e-02 -7.688131140608858716e-02 -1.087267245542981459e-01 -3.406011318680028654e-02 -1.100891677443202599e-01 -2.324240608696987176e-01 3.029555900519010914e-01 -1.289715252563504999e-01 -1.928977551643191179e-01 -2.103671776454223152e-01 1.962118225284765760e-01 -1.343595169483738916e-01 2.392293185404212597e-01 4.270660011447587889e-01 3.294743366866925011e-02 8.541022978145113020e-02 -1.786946865643936067e-01 1.060696688955540699e-03 -8.402796834592959896e-02 1.413069818075418649e-01 9.199456136456313216e-02 -2.249693619262236807e-02 -6.698083585311317978e-02 3.031340611866991663e-01 -1.953499147737708663e-01 2.340908073875490603e-01 1.184025785050790147e-01 -1.910488499379345562e-01 -8.167032379285432686e-02 -1.389338601665324746e-01 4.073327753807150925e-02 -2.771980841823090680e-02 1.181265376618093610e-01 -3.153744308467251178e-01 -7.663623268678615430e-02 1.324050115821035489e-01 6.606247357590880331e-02 6.450070541662848711e-02 -7.354442445816221363e-02 3.094569991058864628e-02 -5.612282829978208765e-02 3.540034925808593358e-01 -3.134533497804188329e-01 -2.288470836702104216e-01 -2.088783941161501123e-01 -1.845168494726535102e-01 2.604113141999307018e-02 -1.053833320592164891e-01 -1.831639324076430597e-01 -2.316457969153119453e-02 -1.422156147413705385e-01 5.717414282049881197e-02 -1.210519008988962010e-02 -6.568750976155694754e-02 -1.407111949877888901e-01 -2.843162416461954001e-01 -2.038937953760507071e-01 2.173043582547390939e-01 -4.646561625417344049e-02 -4.453524109383265317e-02 2.038857375043263420e-01 1.483121713309540901e-01 -3.037922348690973995e-01 -1.729489486779016427e-01 -8.232720609808867607e-02 1.093361988193655883e-02 -1.336109810381223562e-01 -1.475423487521381749e-01 -6.310643820196554232e-02 -1.818153775867789868e-01 -6.843612343595488652e-03 -2.223498786306316033e-01 -2.219916182678158267e-01 2.153944375766908004e-01 -8.869461692261812469e-03 -1.041524106775370134e-01 -9.608283952316930276e-02 2.510060204166497111e-01 -2.668432314446385623e-01 -1.593263908693485775e-01 -1.217258967273889859e-02 -1.303107996491845383e-03
-8.205532508809022232e-04 1.000000000000000000e+00 4.827264014298514594e-01 5.838136843378031182e-01 4.856779371221758845e-01 -1.633692922419241814e-02 -6.738872278570594287e-02 2.998270294630359101e-01 -3.297691259554733634e-01 -1.162859207718740795e-01 -3.098295775198822155e-01 -9.579348254794947670e-02 -4.005912535739140912e-02 1.259316464066371211e-01 5.988748736401024175e-02 3.596170880961522820e-01 1.857135844196881325e-01 3.698943009387154479e-01 2.469706256417133761e-01 -1.811276404070682744e-01 2.123639309308849449e-02 3.865693882256191621e-02 5.204589021639363655e-02 -3.532086270319530468e-03 2.637042739367889341e-02 -1.272808448228474054e-01 5.229929737502234111e-02 -4.061936376120525716e-02 -4.944275229678060657e-02 -1.155634378301514803e-01 -2.044666445815344347e-01 2.210413292384665329e-01 3.449570754804726636e-01 2.473123770222786233e-01 6.204103408965241234e-02 -3.184722703482010253e-01 -3.218964157296177464e-01 3.877370419135423574e-01 1.957489466750730323e-01 4.133334193853664407e-01 -2.085775345473685483e-01 4.017600862473033607e-02 -2.419442117837240780e-02 -2.953755669993115007e-01 -8.810969225157753992e-02 4.299250450699514114e-02 -1.729067288875238695e-01 -1.564677111761834938e-01 -2.022301679815294018e-01 -4.027642474401451067e-01 4.512676174123554373e-01 4.622528815554978743e-01 2.172727923578932352e-01 3.494553736643307151e-01 2.506544236368925538e-01 2.588630797990261190e-01 4.418917405747288529e-02 3.315676523254721397e-01 -7.030128262617044155e-02 -3.323308872248501578e-01 -1.874199535339471367e-01 -9.890047663742664030e-02 -3.750559629832062730e-02 1.860156852042921527e-01 -1.180188024869044915e-02 1.492285745506320184e-02 -4.055404364296766873e-01 9.469301645414529567e-02 1.715458552761749134e-01 2.002066605641238950e-01 1.551152639703885228e-01 -1.614525982941512061e-01 5.892118102026321080e-02 8.819176089176350430e-02 -8.114712870272297596e-02 -1.902332911959832284e-01 -2.467116899407204855e-01 -3.052785294251876558e-02 -1.689735046971803656e-01 -1.454634804954881878e-02 -6.953489922437164350e-02 -2.711398817014000207e-01 -2.455148265376819461e-01 -2.772462963094978194e-01 -1.838995955707847518e-01 -2.738800477726589522e-01 -3.840047572930688213e-01 1.019160523092244378e-02 -1.741247966601939534e-01 -7.438231675540854515e-02 2.449766941380236013e-02 2.062219336609943665e-01 1.622658034947228323e-01 -1.722760361725351186e-01 5.007525217621036639e-02 -3.580047965287934675e-01 -2.253735814455282704e-01 -2.486241415750772010e-01 -3.456929297783882804e-01 -3.709614010454407862e-01
1.633698867480165573e-01 4.827264014298514594e-01 1.000000000000000000e+00 6.026200771129038847e-01 6.690381739844181164e-01 5.388554461176121579e-01 2.760596527555896351e-01 4.662153414646015293e-01 -1.806314886677903020e-01 1.959906339166483935e-01 -9.515340391714077750e-02 9.515130197581793056e-03 1.246334543947879847e-01 2.300439181866144323e-01 6.655710770926021036e-02 5.035258994131017740e-01 1.935775777650217688e-01 4.451967402818408082e-01 2.469104920073948162e-01 -1.081990776701906853e-01 9.616171054003527785e-02 1.088212171095183922e-01 4.168487630983098990e-02 8.996024124599929367e-03 2.091911003955518600e-01 5.803734509414413406e-02 -2.345259468697443242e-02 -1.387623450402692693e-01 -3.001817528356973578e-05 -6.370683743172236846e-02 -1.300282769747342082e-01 2.303991559551507307e-01 3.004457785758744559e-01 2.031426652534812360e-01 8.729971032296481026e-02 -1.429899391936363395e-01 -2.609188558093620269e-01 4.034749049177895341e-01 3.648436115586053963e-01 5.056989126154286529e-01 6.780118018461835094e-02 1.081085395801078958e-01 -2.472974217550758316e-02 -1.931578204669217869e-01 -1.280061364893113063e-01 -1.547384586313682864e-01 -4.901126920157455880e-02 -8.777987860435920719e-02 -3.189897390789601245e-02 -2.243688784334766373e-01 2.651305185965031064e-01 -4.644485978059898976e-03 3.650952950896388383e-01 4.872276052558699999e-01 6.351348732649608753e-01 3.446524099296386923e-01 4.147997130231180218e-01 4.079443485320548013e-01 -1.566947590989255581e-02 3.328382483502815431e-02 -1.167312367725495958e-01 9.626010361291928441e-02 5.544935109144544932e-02 1.996423171608514291e-01 7.688398183742507774e-02 2.582900626983324413e-02 -1.842860944512667576e-01 1.248655334758190238e-01 2.234005258245633785e-01 2.477511509822022950e-01 1.388548484827604457e-01 4.147353434707073266e-02 5.515980350272882415e-02 5.258066814336728040e-02 -4.380671357345049255e-02 -3.495323005840735020e-02 -1.446506763224311154e-01 -6.240527011151415782e-02 -1.323485585081903282e-01 1.556470768030187579e-01 -1.072462583538334319e-01 -2.380616556788826832e-01 -1.401448315756564922e-01 -1.502116580411735625e-01 -2.719482951035108731e-01 -2.572083192611209768e-01 -2.848720448099057445e-01 2.350506081343810977e-02 -8.006735344609663962e-02 -1.975758523707487058e-01 8.889830852755298274e-02 2.608651883852196041e-01 3.859060171060331168e-01 -3.887289673693302555e-02 7.996148705662846357e-02 -1.938973286882787750e-01 -2.935840220438161174e-01 -1.372520177956690623e-01 -1.244246222068172147e-01 -2.382414173639507693e-01
2.197342298704461350e-01 5.838136843378031182e-01 6.026200771129038847e-01 1.000000000000000000e+00 7.044258890899784964e-01 1.978144111001276517e-01 -6.923249397799269289e-02 5.566728047465416829e-01 -2.137059122494026631e-01 7.642955853385159648e-02 -1.156539224981631558e-01 2.543712949800081696e-02 -7.483344283589289658e-02 -4.813825491576519816e-03 -1.845874452553071185e-02 4.846929846377993623e-01 7.063583362520436948e-02 5.095956483231292022e-01 1.051346290785217658e-01 -2.166944128721957630e-01 -6.713845796195692939e-02 -3.194380790771631797e-04 9.270069327089945979e-03 -1.345947086944956905e-01 2.481857514836160739e-01 -2.080949661526275071e-02 -3.056203038034312203e-02 -1.768194468011039799e-01 1.207688633578010567e-01 -1.526554211304397279e-01 2.690147982442466293e-02 3.569807305693121768e-01 4.003576403481385326e-01 3.080771258672581059e-01 8.210745865573511326e-02 -2.085304676071448315e-01 -4.257185178390967550e-01 3.966461531582284872e-01 1.327530299858567520e-01 3.600411608364428862e-01 -1.087335341332185540e-01 9.382768420549232602e-02 -2.029765991494527841e-02 -1.014052492225665097e-01 6.774850771726655466e-03 -1.216668275940411131e-01 -1.491810909018581877e-01 -1.918036617603490479e-01 -1.927042829164547499e-01 -3.173595426447332057e-01 2.495578058411409561e-01 1.780523781918330051e-01 2.713845513852738423e-01 5.965426741926963539e-01 4.937946223972939919e-01 1.155707625358163987e-01 2.608166550452297172e-01 4.969040640694952771e-01 4.919307922687436718e-02 8.059120481398873367e-03 -1.707504598032771881e-01 -1.373321175362310909e-01 -1.677303065035738450e-01 8.977142151534059367e-02 -6.921567361667456397e-03 -8.118785978654283197e-02 -3.221877893098072376e-01 1.744343217511943323e-01 1.767326263632086336e-01 3.325888569973096121e-01 1.327859264153463670e-01 -1.435167087751436366e-01 -5.272062959428980289e-02 -5.623758514218179377e-02 -1.535143832545487474e-01 -8.708388595930292853e-02 -1.628813588857359884e-01 -5.600283522459328922e-02 -3.418027822107580493e-02 2.193652215878542089e-01 -2.429805362823704018e-01 -2.690933264910419509e-01 -7.906040912136712978e-03 -1.431741375902807478e-01 -2.881203180647494144e-01 -3.418363037548238226e-01 -3.507851361526235778e-01 -6.039740760176665058e-02 -1.088799607122384883e-01 -1.764942947330184198e-01 1.352750741559564929e-02 1.197515193320338733e-01 1.820236154963449371e-01 -8.551798244041876329e-02 -1.463860696774004107e-02 -1.205699319479282827e-01 -4.325567033447932919e-01 -3.499836346813588461e-01 -2.906876348335474813e-01 -3.126790555914245040e-01
2.059632339161202030e-01 4.856779371221758845e-01 6.690381739844181164e-01 7.044258890899784964e-01 1.000000000000000000e+00 4.034020261348722491e-01 8.251494910319039089e-02 6.106863639765098828e-01 -1.729034517654891578e-01 1.668811729558452583e-01 -5.641999664523670438e-02 1.992819267086311588e-02 3.868318631589543616e-02 1.045088951628221109e-02 -1.188990989071166265e-01 4.598845458557905275e-01 1.215564850612426556e-01 5.157271300173399409e-01 1.000969661884623940e-01 -2.033770298691586209e-01 -1.049326045745114927e-01 4.647540847023021865e-02 -6.175772246105845631e-02 -1.362347212665442064e-01 1.237193135383638926e-01 -4.270274371524541979e-02 -1.689961503341489146e-01 -2.786105575894954889e-01 4.480600468267943032e-02 -2.269628859234967266e-01 6.640795755911825526e-02 3.227776022451580573e-01 3.040756410683472799e-01 2.792507555151348408e-01 4.255228348964901902e-02 -2.024695181908443553e-01 -3.774403778104684637e-01 3.104074019319642552e-01 1.110275236535669952e-01 3.340443925313110185e-01 -5.683664710828184238e-03 2.914278462762330199e-02 -3.668554165125387234e-02 -4.004698338021919074e-02 4.804940988359425458e-02 -1.858652183516822654e-01 -1.364642352356584820e-01 -2.121744770123630275e-01 -1.893822289379780144e-01 -2.722372814820583908e-01 1.089952519239252710e-01 2.686679471056553983e-02 2.709234886593251401e-01 5.845995978605551535e-01 5.586181209124566616e-01 4.914334895715336687e-02 3.377504283889359304e-01 4.298605505254279868e-01 -3.646928049119669418e-02 1.137329832629789678e-01 -1.130815495005124405e-01 -1.972967435714469836e-02 -5.104273588334734546e-02 3.682066583765859075e-02 -6.538308678525557582e-02 -1.009373502075716494e-01 -2.547495896830418438e-01 1.449648503973965386e-01 1.732312837517088477e-01 3.170321645524373788e-01 -1.813036193770087073e-03 -5.303579446059381031e-02 -3.491723515623654239e-02 -1.641355165409948136e-02 -7.512653144137503014e-02 4.788594228976501138e-02 -1.470796127259759167e-01 -1.593284182951875128e-01 1.930596133683127810e-02 1.906587626777722921e-01 -1.976652934583723320e-01 -2.301498544192348006e-01 -7.317889981178825332e-02 -1.299822469039902950e-01 -3.625396593930992339e-01 -3.548628392230739892e-01 -3.577327300287182488e-01 -1.794294352727036634e-01 -1.924149628188231154e-01 -2.386848488430071136e-01 -2.238632777565919066e-02 4.665031779996636069e-02 3.253578285180927510e-01 6.727852217611962615e-03 -1.032401961409135233e-01 -6.967188912159967551e-02 -4.528206756678038181e-01 -3.196700237614588103e-01 -2.056597543795440075e-01 -2.989598056214493038e-01
1.141935908418594547e-01 -1.633692922419241814e-02 5.388554461176121579e-01 1.978144111001276517e-01 4.034020261348722491e-01 1.000000000000000000e+00 5.000701268050360415e-01 3.648276306468874464e-01 1.415645944200531470e-01 5.140735479206495206e-01 1.039530364152587011e-01 3.467856381993229820e-02 1.058840594175465832e-01 3.252361664867882418e-02 -1.128365508783799043e-01 3.485159247446883990e-01 1.057618122727271293e-01 1.646636928329551219e-01 -7.923097141252515019e-02 1.026615893751919029e-01 4.126039387497319744e-02 6.252118960837006745e-02 -9.896855406390878129e-02 -1.449034779095730203e-02 1.924508518979626825e-01 1.338296166566863843e-01 -1.481475367294260159e-01 -1.760853925032301037e-01 -8.042441835695790520e-02 -1.298666988226118701e-01 1.486995168027317737e-01 1.542011816830231030e-01 5.759133186855271147e-02 -1.285161073201826487e-01 -1.550530936449461550e-01 2.212283413148148914e-01 1.128013895527152088e-01 3.411415075587699852e-01 4.704862963968680645e-01 3.635006486516678681e-01 2.147997511494127987e-01 1.951950668662710831e-01 -1.864108582583315632e-01 2.176558008525719401e-01 2.927386475470484042e-02 -2.410043315667748376e-01 6.793610411155222989e-03 7.922993282369188150e-02 4.223348580830207366e-01 2.180286707130328072e-01 -1.445940939746447756e-04 -4.183005990078605962e-01 3.765417648258800321e-01 3.153334667713828532e-01 5.204312655732838966e-01 3.772161420389787412e-01 5.084392258978119861e-01 2.547669295920201860e-01 -9.569307281075900562e-02 3.132789489184962251e-01 -7.143426108968624344e-02 8.841945356068435513e-02 -4.000329947565090666e-02 -1.359008999231851866e-01 9.234925200116463062e-03 -1.516273776942198559e-01 2.703811889789414225e-01 -1.135700121181800609e-01 3.118957594332342782e-03 9.574415216859211153e-02 -7.939871292207821563e-02 1.475307636855736348e-01 -1.084173115074524851e-01 -8.608413315401962362e-02 -7.318703378742680288e-02 7.757024703501118335e-02 8.228373894582188472e-03 -2.422750401721147084e-01 1.027841743267480512e-01 3.169570322654785000e-01 -1.487618296405495422e-01 -4.549452812688381531e-02 6.382864097686677396e-02 5.956720268345628427e-02 -2.076229188740580933e-01 -1.094993202153246720e-01 1.489093395350359617e-01 4.208619478722061373e-03 1.462355909093929762e-01 -2.624005363161863724e-01 2.158609414956303152e-01 2.030613268500575386e-01 2.869345653808355046e-01 1.827314234886656952e-01 -2.242295168118177071e-02 2.935577911692130448e-01 -1.269521218911595084e-01 1.916927248137394180e-01 4.315187073050829603e-01 2.393007611833211090e-01
-6.744546645988974687e-02 -6.738872278570594287e-02 2.760596527555896351e-01 -6.923249397799269289e-02 8.251494910319039089e-02 5.000701268050360415e-01 1.000000000000000000e+00 1.087547106861661977e-01 3.637753493282301354e-01 4.350069630128443332e-02 4.091613691821843757e-02 -1.149696815240946468e-01 2.035566062456582170e-01 3.476974542145033764e-01 2.066243895151059495e-01 2.205499336121335627e-02 -7.987695150759741014e-02 1.635660372309505339e-01 2.572180322094063665e-01 8.570374832856003655e-02 1.544776698550094363e-01 1.309334450112249471e-01 3.267262828495849647e-02 9.102457789356279555e-03 -1.511798179645171547e-01 -1.763384482324019051e-02 3.080798882499624636e-01 2.840045447583111060e-01 -2.321270784179797486e-01 2.225710463597549080e-02 -3.635918367575319832e-01 -2.331283599265566442e-01 2.124172164801000628e-01 -4.310279543098002181e-02 2.178913740734476912e-01 2.583831410911280879e-01 4.870861899652705329e-01 2.978778243963327577e-01 4.366817827361713644e-01 2.918895072646337518e-01 5.533968220885151501e-01 2.690709999017462106e-01 2.005691348592897882e-01 -1.690583271066041227e-01 -1.817327569641913609e-01 4.042292137798130236e-01 5.066649876275965969e-01 5.470051810914451362e-01 4.628312642887921213e-01 5.860537345902228079e-01 6.312773340871419281e-02 -2.186104805254614480e-01 2.604523638824879361e-01 1.619474759112729881e-02 3.402911167167578244e-01 2.495699856515702919e-01 4.976706820930606456e-01 1.689983656824126379e-01 -1.000428175450855522e-01 -9.128709984228904062e-02 -6.767389634319796732e-02 1.875278216892329874e-01 1.795238483005271168e-01 1.682149528708358766e-01 5.846731376194887198e-02 4.543761368321577038e-02 4.355395471683938813e-01 2.884473028155371335e-02 1.446276234818913257e-02 -7.511950966535854701e-02 3.138613693228101131e-02 1.129383662011708943e-02 -2.782571342609541781e-02 1.182045434807128537e-01 -1.133177169673508893e-02 -2.791294533107198106e-01 -1.625992720475864231e-03 -5.216990159349400857e-02 -2.675339903236351735e-01 -6.067402095174813381e-02 -2.132755101633766748e-01 1.161444453185070391e-01 4.130615453523492353e-02 -4.233018398656009790e-02 1.871962629969758374e-01 2.665378126548979543e-01 2.632379669603771011e-01 3.622615778448629031e-01 1.218449210767593438e-01 -2.193220514205199700e-01 3.681296855959659831e-01 1.283003564020547271e-01 2.187290757648758799e-01 3.769992134914228188e-02 1.886992153046630760e-01 -1.085272253507140738e-01 3.690494342204931333e-01 4.945144907220924702e-01 4.258896712224687353e-01 4.692021403914315436e-01
8.936428644865512805e-02 2.998270294630359101e-01 4.662153414646015293e-01 5.566728047465416829e-01 6.106863639765098828e-01 3.648276306468874464e-01 1.087547106861661977e-01 1.000000000000000000e+00 1.536687751329805438e-02 3.432996328097019934e-01 2.749653580732900893e-01 1.715734150424367277e-01 2.601021715920925903e-01 1.156489107310941788e-01 -7.321643884471254471e-02 5.252168833684577320e-01 3.250602237937116334e-01 5.998314157299760030e-01 -1.735384179362541718e-02 -9.981429041019755644e-02 7.188296501319740850e-02 2.002958136868191186e-01 1.403681672392494695e-01 1.007075714276286088e-01 3.753942845915792664e-02 8.236940271167682293e-02 6.011642098021988817e-02 -6.996922238706343444e-02 2.105062222884877543e-01 -7.586951478548373262e-02 5.868819933386959509e-02 8.391459829326802788e-02 2.429845027585835204e-01 4.134779775263341950e-01 1.811211291325861006e-01 -4.684041293450253579e-02 -3.112327053754384010e-01 2.668504978133177108e-01 9.934314432803240114e-02 2.863279778458267533e-01 2.505416619856580453e-03 -1.910831401766101972e-02 5.200890778389714864e-02 -4.469436124475668209e-02 7.026079522451485204e-02 -8.786625057344187029e-02 -1.650192370173765577e-01 -8.563074045588997540e-02 -2.028462541484697679e-01 -2.052164010516320525e-01 -4.800844835889393758e-02 -6.369274306244322725e-02 2.719905410491432751e-01 4.666785602406358091e-01 4.555377609095837554e-01 -9.323480208568335481e-02 4.899138753086518805e-01 5.409680026590133473e-01 1.502566754953299499e-01 2.780684141514467855e-01 8.593049022291082695e-02 2.356461847022925937e-01 1.284678808667328032e-01 1.548470649417585110e-01 1.897679266811866036e-02 1.065449380569924963e-02 6.258107841667770455e-02 2.401050697012643287e-01 3.843341178496090249e-01 5.233864494384349308e-01 1.231741823825859561e-01 2.589024373541801149e-01 2.381649488562242456e-01 6.131801962861832545e-02 2.080955235888672927e-01 -8.055958123900465451e-02 1.536098493562835510e-01 -1.373315924466258879e-02 -1.722908905341164199e-01 7.462675403413086828e-02 7.663493546213352714e-02 -3.820336596643147259e-02 -7.439220872987696576e-02 9.373236719802323369e-02 -6.509192543034811318e-02 -2.492785885337121810e-01 -2.071943284697712884e-01 -9.372260691805599231e-02 1.154305810582683112e-01 4.247697747772122973e-02 -5.066052457827812695e-03 -9.599746280358500972e-02 4.178250124421679090e-01 -1.095784053646454287e-02 -6.976286256039046507e-02 -8.268612877696587815e-02 -2.589140776480363115e-01 -1.413856324504365325e-01 -1.147955122218729113e-01 -1.549320890939490381e-01
-1.633412338776594197e-01 -3.297691259554733634e-01 -1.806314886677903020e-01 -2.137059122494026631e-01 -1.729034517654891578e-01 1.415645944200531470e-01 3.637753493282301354e-01 1.536687751329805438e-02 1.000000000000000000e+00 -9.931134566892776960e-02 2.288298418719883764e-01 -1.333074824120994602e-02 6.932089247874138882e-02 2.114078352225633520e-02 1.427560697889646291e-01 -2.246231812972282749e-01 -2.433820405450411450e-01 -1.391371276627553499e-01 -4.036025479634259422e-02 2.118103464039773065e-01 5.489940697324736940e-02 9.202858924569403201e-03 8.666894427925976585e-02 1.049626920840913968e-02 -1.023001333626924053e-01 2.620970073887065807e-02 2.849025284617867637e-01 3.767898543457349758e-01 5.882691577740761096e-02 1.305074230202400432e-01 -1.781716548757728003e-01 -3.277538988939562303e-01 3.803234080095807112e-03 4.486902997674086652e-02 2.691240156481036760e-01 5.748691959852231248e-01 4.879859748955533982e-01 -7.174284801296544611e-02 -8.087840993931709466e-02 -7.587662121826650730e-02 3.227979235623089083e-01 -3.411990681807444692e-02 1.652188732645908653e-01 -4.929734489069997200e-02 -7.706968727064392177e-02 2.714414732629477078e-01 3.117350299582692386e-01 3.892787832775187473e-01 2.558212674908852957e-01 6.426554777238427940e-01 -9.728410785268762351e-02 -7.036544486413617849e-02 1.880960083319914156e-01 -2.309691591650730458e-01 1.546570843063188767e-02 -1.034382309181136744e-01 2.931125152915109444e-01 1.463703513584457827e-01 1.963547367813112121e-01 -1.912608552340222534e-02 1.548906784614941523e-01 1.674226743498075376e-01 1.085025970797948713e-01 1.251624442023684947e-01 -1.688138666222727818e-02 -7.128075390392049626e-03 5.571446449565761183e-01 6.465376010730911061e-02 3.330892045903691145e-02 -1.110882960849380735e-01 7.392243157547179894e-03 5.597537325795547136e-02 -4.336201340133210430e-02 1.309631863621254222e-01 4.734868341954046739e-02 -2.570023915647611235e-01 2.098551218766321336e-01 1.217367697834972479e-01 -2.394631444990265035e-01 -1.007800280030996670e-01 -1.623417655159624037e-02 2.856763672504875062e-01 1.929070070408142323e-01 1.317262464041757952e-01 2.169835437305956960e-01 2.374846914951367072e-01 3.805243767175831016e-01 2.845413058524750571e-01 3.199232543077700774e-01 1.173129254947208322e-01 2.288919537360715739e-01 -1.107172660426017641e-01 6.893206885498096015e-02 -6.203842752400866994e-02 3.931495481554459631e-03 -1.821316661995446215e-02 2.876558892087529018e-01 3.110592107303972731e-01 3.803194327390688745e-01 5.231662677780019033e-01
1.435757657413916089e-01 -1.162859207718740795e-01 1.959906339166483935e-01 7.642955853385159648e-02 1.668811729558452583e-01 5.140735479206495206e-01 4.350069630128443332e-02 3.432996328097019934e-01 -9.931134566892776960e-02 1.000000000000000000e+00 3.349719298251888078e-01 3.946662786589045790e-01 1.128972847599768181e-01 -1.810878444894762906e-01 -3.801948484189131006e-01 4.965768529680994470e-01 2.549141280648930530e-01 7.114665142731038845e-03 -4.207821119507452190e-01 -1.635275861749783954e-01 -9.793631005949880730e-02 1.055489776776213501e-01 -1.914260534211556508e-01 7.536109069398884419e-02 2.995743652854545580e-01 4.026798198639267024e-01 -2.855658063274156278e-01 -1.986819301750920863e-01 1.897052293048845026e-02 -2.061322325194328564e-01 4.307429924814151767e-01 2.268542266387611750e-01 7.841713341527227488e-02 -2.059967081245086262e-01 -2.195788774176742342e-01 9.894210572369757650e-02 -1.869364283651327174e-01 2.648000395203128909e-01 2.762559674025498735e-01 2.148208290610219839e-01 2.190459919954940160e-02 1.121439753215593416e-01 -1.867498787420878159e-01 4.159308885790911625e-01 2.802685576033592807e-01 -3.555780414881201668e-01 -3.006919425890708375e-01 -2.642610076959706622e-01 8.799530573971667269e-02 -1.010956751453631897e-01 -2.433326965059022795e-01 -3.842864019960678945e-01 1.496577208861862018e-01 1.426836241207015965e-01 1.220950555763659906e-01 -5.395820345079058167e-03 1.575936430124977861e-01 8.850505801359208335e-02 1.012998990750921813e-01 6.847980166509269884e-01 9.234450553739693979e-02 9.359005627219814383e-02 -5.795869045072864906e-02 -2.806735714644512658e-01 -1.774367818840804911e-01 -2.827142053817323086e-01 2.080527303154558749e-01 -1.639647490049310485e-01 6.378688054496883114e-03 1.851250490995534070e-01 -1.056926682607871593e-01 2.426837784284219257e-01 -8.452593098279259642e-02 -1.212824879959995966e-01 3.846973003868114221e-02 3.353697921400588533e-01 -3.955805271835489620e-03 -2.712394193869390180e-01 1.099527055082654137e-01 2.783197264703999863e-01 4.539989726689710320e-02 -4.365052782685923142e-04 2.059779281427554301e-02 2.639024361988234757e-01 -1.772804105023866317e-01 -1.953368166119648086e-01 5.554180659661115543e-02 -2.142614402103740490e-01 1.219920803897882322e-01 -9.258437594021892009e-03 1.601505637322885381e-02 -6.815716453436766742e-02 3.056122496051515980e-01 2.978145227626460279e-01 -3.801791160849160578e-02 3.696602824524166664e-01 -2.956802839763894575e-01 -1.106775106418927540e-01 1.340024871226207503e-01 2.680193030553370756e-02
6.919764814505206807e-02 -3.098295775198822155e-01 -9.515340391714077750e-02 -1.156539224981631558e-01 -5.641999664523670438e-02 1.039530364152587011e-01 4.091613691821843757e-02 2.749653580732900893e-01 2.288298418719883764e-01 3.349719298251888078e-01 1.000000000000000000e+00 1.409559108130735983e-01 4.693458852242125556e-01 6.973300074231184031e-02 2.002622073008160624e-03 4.670983380629029069e-02 1.554697843118531819e-01 1.298822861354438640e-01 -1.489993392942889350e-01 -4.983161228083118899e-02 1.068495715740231805e-01 2.353627234760122811e-01 1.476766879715292469e-01 2.567960724328694488e-01 -6.192879316189655453e-02 1.619481937837693730e-01 2.718497445437728297e-02 9.051389582633263819e-02 1.272393194401870986e-01 1.289318822471637593e-01 1.617441931831144764e-01 -3.318551967076470710e-01 -2.247280469163050187e-01 2.060339311240395044e-01 1.019575811456195358e-01 6.684224438563014792e-02 2.172115438910803345e-02 -2.724877226531637331e-01 -1.640907660092198739e-01 -2.150215349468910520e-02 4.561777819396582723e-02 -9.487538153809578489e-02 4.858169968779742914e-02 1.342722780061526289e-01 1.001843315127417811e-01 -6.615314046280351690e-02 -4.891477018572017166e-02 2.032113799647548499e-02 -1.242531964864005550e-01 2.755377315382458864e-02 -3.249262556261234280e-01 -2.570062041888750981e-01 -9.682014136758700096e-02 -8.957887692658189627e-02 2.987284287427623836e-02 -3.367064944398407977e-01 1.185486951005640943e-01 1.133946645207490611e-01 2.733405240407821291e-01 4.373111799040746428e-01 2.938151895934168478e-01 4.498741368805824759e-01 2.515062873469640636e-01 1.638537389803156399e-02 3.621595570641344855e-04 1.503133718147788012e-01 3.550886541057391432e-01 1.790168350567370725e-01 2.451167433938816476e-01 2.606833950685249479e-01 2.159260923335529214e-02 4.644469324105333641e-01 2.664555927013233516e-01 8.895723650282329198e-02 3.830309771843071753e-01 7.755638937666638200e-02 3.825375883885853701e-01 1.724190614391854226e-01 -1.018922600743419199e-01 -1.598058456812468386e-01 3.067601113438969684e-01 3.266697057319229991e-01 6.819258116372509115e-02 4.062107606173507857e-01 1.649149887758732391e-01 1.202742294077735474e-01 1.383071627994179043e-01 -4.653927794528652266e-04 1.814189275982629468e-01 2.321636046468289472e-01 -2.196112215628272801e-01 -2.485214446763232554e-01 2.924095171268041304e-01 -4.779227256532923157e-02 -5.761490623082895363e-02 1.357213772149814812e-01 1.066779113005892066e-01 7.036997175779043101e-02 7.891484403616731702e-02 1.697356941447945855e-01
-2.678694544227305102e-02 -9.579348254794947670e-02 9.515130197581793056e-03 2.543712949800081696e-02 1.992819267086311588e-02 3.467856381993229820e-02 -1.149696815240946468e-01 1.715734150424367277e-01 -1.333074824120994602e-02 3.946662786589045790e-01 1.409559108130735983e-01 1.000000000000000000e+00 4.294626584244358447e-02 -1.220173135566735012e-01 -9.266941462123592932e-02 2.731518457738048022e-01 3.897056669336040197e-02 -1.673647164300902934e-01 -1.218102168768648297e-01 -1.052062625100761428e-01 1.964630288590375404e-02 -2.516244255177392808e-01 -8.178236702683534809e-02 1.548478823876697219e-01 3.170992875848768211e-01 5.796077744121186370e-01 -2.680578239682848696e-02 2.153107794409658132e-02 2.967115446931027911e-01 1.029277261082814643e-01 9.300196207488455047e-02 5.941240580697682711e-02 1.311860520664602514e-01 -1.532875508656271757e-01 1.589652432991804643e-02 -3.045175076299258890e-02 -2.506451748450035377e-01 1.164556745711006480e-01 -9.748088704851370911e-02 1.558848452837123706e-02 -1.867403301072975974e-01 -9.747823408751805918e-02 1.950378027430020589e-01 3.854291046302453332e-03 -8.519812029641809711e-03 -9.923472539127536907e-02 -2.463571855303331448e-01 -3.236892598711963442e-01 -1.880403526070324460e-01 -1.586355510630626797e-01 -2.444976571786532105e-01 1.266589570638361750e-01 1.717975134829605177e-01 1.237488831150616170e-02 5.848782564175145256e-03 -3.090743179797317830e-01 9.357189584326044973e-02 6.166524752476641724e-02 4.178041069985651834e-01 4.515477226655643106e-01 4.835033629667112032e-01 1.893724914882725929e-01 1.222092907769691816e-01 1.004804763287528713e-01 -1.387170529028772248e-01 -1.824233713820799796e-01 1.778585608366376192e-01 2.017281293939076903e-01 2.065942862253235812e-01 1.610781225059646216e-01 7.951714042035689517e-03 8.272485153091163612e-02 -3.309026451148565362e-02 2.854772751467443137e-01 3.195596993849361134e-01 3.069774480823028173e-01 2.220698460332006310e-02 -1.903284352602868310e-02 -1.033998671332285180e-01 1.171486479929647745e-01 1.735867026874240160e-01 -1.090622312202484123e-01 2.016077657934462614e-02 -4.480177205185174871e-02 7.974095861705540744e-03 -2.161668853041494587e-01 -9.336403567551063154e-02 -2.171088697530121348e-01 -1.222488316534023067e-01 3.045486148945848459e-01 1.579492104222088300e-01 -3.583470296525234078e-01 4.246759431279736006e-03 3.733530084157439810e-01 1.570817877992662925e-01 -6.648867789027171349e-02 -1.738862877533676743e-01 -3.193435112834004941e-01 -1.579432643166893691e-01 -2.392767902959807291e-01
-2.734997238453684351e-02 -4.005912535739140912e-02 1.246334543947879847e-01 -7.483344283589289658e-02 3.868318631589543616e-02 1.058840594175465832e-01 2.035566062456582170e-01 2.601021715920925903e-01 6.932089247874138882e-02 1.128972847599768181e-01 4.693458852242125556e-01 4.294626584244358447e-02 1.000000000000000000e+00 4.896653639927631696e-01 2.824031207255129905e-01 9.397190184553511072e-02 4.265123327387118080e-01 3.273077981310361650e-01 2.430740742001898103e-01 5.839428819900332329e-02 3.526169897231817840e-01 4.090957910438179912e-01 3.701227302910307104e-01 4.468335739344709290e-01 -2.421432794733400229e-01 1.358910009037550548e-01 3.366431591881182683e-01 2.300848310936539354e-01 9.198393775519449200e-02 2.847461491494333585e-01 -2.381106603183992809e-01 -4.008820238309668826e-01 -1.893438898677033688e-01 3.511932228265330913e-01 2.876200274955659775e-01 -9.194717327422440023e-02 6.482710734768515337e-02 -1.520773280328384380e-01 5.995995030455836955e-02 1.598734615174466911e-01 9.771347138076638683e-02 -1.667909876414055970e-01 1.213751766072643790e-01 -2.515700019071554494e-01 -1.688719725703095587e-01 1.569666334150913722e-01 1.143363010308146438e-01 1.782928634275427471e-01 -6.256201424780885589e-02 -1.877416635726074021e-02 -1.544057570720171468e-01 -9.159795970076736737e-02 -3.990435036157553156e-02 -4.775765702961726200e-02 1.840853264497150366e-01 -1.201288915910940086e-01 2.391078245973921601e-01 1.939342605695675292e-01 1.201648585801802366e-01 2.184069286039014637e-02 2.320882618219817228e-01 6.833744348941702684e-01 5.977837117968838321e-01 3.674301992157106844e-01 2.401704062858808497e-01 3.949897986059902055e-01 2.082950512184375824e-01 3.912078642822024999e-01 4.515231783646124764e-01 3.589697579166595265e-01 2.623168691312535161e-01 5.409230555336449475e-01 4.706390979924691687e-01 3.084780545790236084e-01 4.197847740171159470e-01 -9.364953763917693852e-02 4.086752130808823935e-01 3.139155752808697741e-01 -3.272284109843850430e-01 -3.260210913981482217e-01 4.380240797460422941e-01 2.884717548545894239e-01 -6.720975434318528230e-02 3.052217266109730209e-01 3.720496195264535455e-01 2.759120696959947439e-01 7.949111750419504685e-02 2.045641090337154966e-01 1.948152137886593749e-01 2.834078584998943606e-01 -8.655034259763680349e-02 -9.081968306305084060e-02 3.592930921611134365e-01 -1.485927793339454628e-01 8.473246693617771108e-02 -2.175428783055596005e-01 3.586092629604584747e-01 3.053581865508379067e-01 3.316612339810617177e-02 1.062455728326530402e-01
-1.724223096472590755e-01 1.259316464066371211e-01 2.300439181866144323e-01 -4.813825491576519816e-03 1.045088951628221109e-02 3.252361664867882418e-02 3.476974542145033764e-01 1.156489107310941788e-01 2.114078352225633520e-02 -1.810878444894762906e-01 6.973300074231184031e-02 -1.220173135566735012e-01 4.896653639927631696e-01 1.000000000000000000e+00 6.424417613221603540e-01 4.693344331952126885e-02 2.424886199354514826e-01 3.470767771670913437e-01 6.700781562494425581e-01 1.243745191567374869e-01 5.849407155083570231e-01 2.537602982678393571e-01 5.916307664648923215e-01 4.131299193956776694e-01 -1.412554790526947268e-01 -2.535813315751394084e-02 5.269385711429214192e-01 3.336533141889935772e-01 4.946033714385388025e-02 4.499892453623621780e-01 -5.879396784512953555e-01 -3.980230607136612808e-01 -7.347142210856154321e-02 3.249363005903108670e-01 3.542277044454095747e-01 -1.871153855079133177e-01 1.777297240139201762e-01 -5.626597569367534912e-02 1.800287374090977777e-01 2.912941819599459414e-01 1.191099657316165017e-01 -2.298244384629767947e-02 2.421189052416870824e-01 -5.733133802065472073e-01 -4.393205046502667299e-01 2.642985671028334482e-01 3.064721681528841946e-01 3.966203882957569093e-01 2.334552734279670902e-02 -1.870762071525019707e-02 9.039638965703504503e-02 2.357918262088975342e-02 6.067358923194837543e-03 5.196164483331278117e-02 2.203629954986213446e-01 1.413276710647320134e-01 2.535814161122994514e-01 1.759140610564682017e-01 1.153274882903537607e-01 -2.950207557273114012e-01 1.737107705558194326e-01 4.786729134236062388e-01 6.189201493556221179e-01 6.337291341530936206e-01 4.187876871451585159e-01 6.476619138128699715e-01 6.479633669743938007e-02 3.664589324657561153e-01 4.937820153658398215e-01 2.226088996373466189e-01 4.409085998941905116e-01 3.460396040188223332e-01 5.689955045381821508e-01 4.274261477517725116e-01 3.363791856652731393e-01 -1.676769757428054064e-01 3.733672538505679595e-01 5.009914457405325594e-01 -4.868783376805689289e-01 -3.446441575486157705e-01 3.404052423874404654e-01 1.329832021111473084e-01 -1.875051874144022523e-01 -3.686834172468047427e-02 3.654765380135702735e-01 2.701982607099742695e-01 3.481243947392165944e-02 4.427135935839033865e-01 8.224497120474313916e-02 2.385525454386129007e-01 5.237676369925027553e-02 1.063781004821511417e-01 3.164829757362708773e-01 -1.175960442790911775e-01 2.896926415416108402e-01 -5.060275379837628762e-01 4.453923257089940635e-01 3.814198173741598641e-01 8.512704018627857347e-03 -2.569979924890861828e-02
-1.790713626938546521e-01 5.988748736401024175e-02 6.655710770926021036e-02 -1.845874452553071185e-02 -1.188990989071166265e-01 -1.128365508783799043e-01 2.066243895151059495e-01 -7.321643884471254471e-02 1.427560697889646291e-01 -3.801948484189131006e-01 2.002622073008160624e-03 -9.266941462123592932e-02 2.824031207255129905e-01 6.424417613221603540e-01 1.000000000000000000e+00 -9.108545742504330078e-02 -6.739970540817040445e-02 1.234878221406051357e-01 6.451216813878328793e-01 4.108866977448796254e-01 6.579858357023443682e-01 -9.336917829895463030e-04 4.355514137618222148e-01 3.858319558855551890e-01 -6.636179652936859130e-02 3.597902609551577313e-02 4.960215641192529668e-01 3.513422759173998045e-01 1.229749360644635976e-02 5.411909965186563198e-01 -5.885361263118450426e-01 -4.675191025416807755e-01 -1.862870031820533512e-01 1.786768076394096294e-01 2.440535633485096390e-01 -6.032305281740675540e-02 2.090349044086441677e-01 -1.927607246128137108e-01 9.129720154474291194e-02 1.913402219282353545e-01 -3.571529265418239840e-02 1.132609984476650291e-03 2.036613217603011894e-01 -5.871412663062456350e-01 -5.250963139556269477e-01 1.373853504042833740e-01 2.054917488224737854e-01 2.918393409361683677e-01 6.692865569328626009e-03 -2.124024152290186936e-04 2.142854406526666922e-01 1.177462108066417573e-01 1.308407497391486929e-01 5.240872330933354223e-02 1.813045610626103366e-01 1.890942816645077296e-01 1.923688753673454821e-01 1.451502470315819693e-01 2.434437141876079069e-01 -3.870794445979330312e-01 2.387055242605930216e-01 3.901670893725859290e-01 4.409028610827080419e-01 5.540612886096871748e-01 4.102229876492259342e-01 5.767921107374170964e-01 1.071401791727844000e-01 3.442333777355603974e-01 3.945445143367070640e-01 9.353994974168333698e-03 4.845339169108126565e-01 2.778765367613880155e-01 3.087777532533369507e-01 5.037674827755235230e-01 2.906543533409668978e-01 -1.960599661802226168e-01 3.724777947744001283e-01 4.480635027299101902e-01 -4.075387587015354973e-01 -2.570014064876709470e-01 3.169428325772949417e-01 1.058746649507125992e-01 1.000182474036516965e-02 -6.257394762962380230e-02 3.275515220649387604e-01 2.448575969531673335e-01 1.123076393190256331e-02 4.726217185404733567e-01 1.057812539500901650e-01 3.408666008856616192e-01 1.691190309551973414e-01 1.698505651166254682e-01 6.271292433508504627e-02 -1.221809165724444535e-01 4.127553495409159723e-01 -4.560248617893739032e-01 4.209849293460743991e-01 2.649887677765533356e-01 4.489081008290339569e-03 -3.875309757909044944e-02
