1.000000000000000000e+00 -1.328863246730413727e-01 -3.304037017321800190e-02 -1.525305565822101528e-01 -1.469303755774717946e-01 -3.149529360930803518e-02 2.335198323014220922e-01 5.407870831659855604e-02 1.328912894029822198e-02 2.366387608864197467e-01 2.030218094388388794e-01 1.523341939724874861e-01 -1.116241085020871215e-01 -5.635953697264622225e-02 -6.350042062899581563e-02 -1.063221776717338113e-01 -4.323712648406449061e-02 -8.619257926587836627e-02 -1.080785970310728095e-01 -2.070258241700652369e-01 -1.343414668252156663e-01 -6.823240604375740981e-02 -9.078631977172574308e-02 1.366876219488094568e-01 -1.955715939044382762e-02 -1.397298418123246455e-01 -1.888415871861181816e-01 -2.194021257517733414e-01 -2.394590075585636690e-01 -5.698415269860819532e-02 1.256879151651429938e-01 5.302827771925604922e-02 -4.703514551618386691e-02 -1.439042944082386533e-01 -1.071944150600469964e-01 6.198374827036478435e-02 -1.579929021549685564e-01 -3.853002717204471322e-02 -7.087452585892908830e-02 1.709470627482354843e-01 5.457943935611591496e-02 2.084484020364959500e-01 -8.367843752766176979e-02 2.113522706596171197e-01 2.229099514311875391e-02 -9.657502626959275915e-02 -7.252189329925567973e-02 -1.757942132723058215e-01 1.601126492350627706e-01 -2.768761213058290246e-02 3.285452695612877672e-01 -1.368788271655939914e-01 -1.973610181871604807e-01 -1.515484640026769081e-01 -2.365808793056847770e-02 2.905698060351716641e-02 -5.518298478240903950e-03 3.787689619764603166e-02 -5.005628272328220552e-02 9.701218654436109812e-02 1.016201740785195734e-01 -7.971962378240013414e-02 -8.040254338373054033e-02 -9.648622313560414887e-02 -1.375537747853358417e-01 -2.389078919499681292e-02 8.010732847722946970e-02 -1.249979399301444777e-01 -1.780293379951917998e-01 1.616685801180274551e-02 -7.128806696938763676e-02 8.516283097961048487e-02 -9.853185938581918157e-02 1.466904211738401242e-01 6.136838624657347044e-03 1.158370670317763057e-01 -1.529264372265195238e-01 -1.591180349961723306e-01 8.111497240458435953e-02 -4.840774125807778550e-02 -2.573006220890969309e-02 -9.133380375863195400e-02 1.178263295852265830e-01 2.049022298603119796e-01 -1.286017621908397413e-01 -8.389334048749433337e-02 -1.643402146335620206e-01 -1.479936983407719175e-01 1.087276926315577930e-02 4.429175749215842617e-02 -2.697680584097411072e-01 -1.643360837373128713e-01 -8.261129648131486369e-02 3.598385191918627990e-02 1.237687274427329009e-01 9.262743877291357286e-02 -4.630740644161709940e-02 -8.286729947024487619e-02 1.122701514387615396e-01 -6.207866683548478315e-02
-1.328863246730413727e-01 1.000000000000000000e+00 1.690501525410079420e-01 5.301072074722167349e-01 4.128321502334353910e-01 2.440724282260856859e-01 5.327793499536731536e-02 3.310029813576551572e-01 2.266195965749409624e-01 -4.620454880625168154e-02 4.254020616365727925e-02 -1.036449566051133586e-01 4.083273869271096188e-03 7.934831320375961006e-02 2.693437576621866558e-01 4.072894405256456962e-01 2.307727341900119196e-03 5.108476417429380634e-02 4.861990114689137416e-02 9.918126205904390091e-02 2.469655126005689261e-01 -1.140415317664074252e-01 1.354696169616386170e-01 3.520704719221451340e-02 4.571551317455165714e-02 8.149947586826469803e-02 9.409568174194599122e-02 1.662277594812058001e-01 1.441280200292733016e-01 3.749229025327627945e-02 -1.863847799191818144e-01 -5.989063261150313205e-02 8.866269381542983552e-02 -7.590837721246657122e-02 -1.353235821691444775e-02 -1.224769118219655104e-02 -1.780566503232790254e-02 3.829991734357741234e-02 1.172727316476598336e-01 -1.108008659885198893e-01 -7.123585423683999329e-02 4.132709809894610092e-02 7.480728581686536816e-02 -1.686061733754953273e-01 1.737309827008494054e-02 7.342521610152839828e-02 2.894740114675542833e-02 2.060174619949079172e-03 -7.871757241630615576e-02 4.619461160173986974e-02 1.867163269950662119e-01 4.660510946015863909e-01 4.492290637682714305e-01 2.603317682894423779e-01 3.038356721767222490e-01 8.517433082592347493e-02 8.858400689384551829e-02 1.100198561197086866e-01 -6.321201818418366314e-02 -4.818326460466417112e-03 -3.471470139633639485e-02 -4.296569516053266868e-02 -5.899850466524356185e-02 -5.526710745594692886e-02 7.611075511325050835e-02 2.130111525593822164e-01 -1.180140540411934585e-01 -5.962790526294058091e-02 -1.275981445199130537e-01 -2.370555500861843551e-02 1.886588382611950609e-01 -1.712618475161094278e-01 5.044116953994418062e-02 -1.479160213227932730e-01 8.373952715915282397e-02 -1.730337810494418996e-02 1.614177303740567115e-01 1.064695148152994680e-01 -1.877819267145904580e-01 -1.204379941424700839e-01 -1.177208480652570805e-01 -1.298626873608439702e-01 -2.566688583213694308e-01 -1.902176158666313011e-01 3.643783791222028265e-03 -1.270468476227278043e-01 7.719241280425159606e-03 3.576758111234781823e-02 2.841698431984415393e-02 -2.007825498652116292e-01 2.081895432940114310e-01 8.488117405207287747e-02 3.825105742961300986e-02 8.070083459290997019e-02 -4.095216347514360478e-02 -1.576676128335191829e-01 2.745513181185802593e-02 -9.081528161219955264e-02 -2.182253687099629247e-02 7.606776492033679414e-03
-3.304037017321800190e-02 1.690501525410079420e-01 1.000000000000000000e+00 1.898098462710650636e-01 1.546017375820121949e-02 1.773493032262782321e-01 2.204621146264024723e-01 4.275580294254118785e-01 2.563851786856364279e-01 2.758271603764549940e-01 1.188198843765203017e-01 2.096030824882373078e-01 7.178132297017024432e-02 -2.796412788704410665e-02 -7.077492288518213125e-03 1.588224192540330926e-01 1.393639378467067223e-02 2.971200337835836619e-02 4.040777671385941544e-02 -1.362160249024458314e-01 -1.444953315243437397e-01 -8.211274090586574703e-02 -1.371967551334145052e-01 1.384695538562295547e-01 4.656211410555259611e-02 1.174290568212021102e-01 -4.329474849238426626e-02 1.416354563866552008e-01 1.029131144215497951e-01 7.627741904988737109e-02 -2.964317095889762790e-02 3.442212596596219958e-03 -3.707803247841424000e-03 -8.994413261619131628e-02 3.957213290736227851e-02 1.794704791851950421e-02 3.361992441840388340e-02 -6.027794925409667159e-02 -4.813918346607937854e-02 3.400898805975337280e-02 -1.147395701857681777e-01 9.022489647845576000e-02 -9.849308326339659136e-02 -7.303796504807502643e-02 -2.782116084206136958e-02 -6.996982462643992762e-02 -4.645230733308598065e-02 -1.761863059916627117e-01 -8.551916534315848195e-02 -4.194267755081587667e-02 1.070036861709109111e-01 1.867758526699749289e-01 1.189018094753895582e-01 -3.557316252516666555e-02 7.893119469304248070e-02 1.222820645404910644e-01 1.192463342611957688e-01 2.707752665644095891e-01 -4.683800943640108183e-02 1.205456094908943510e-01 2.069334655206104823e-01 2.174597263604840236e-01 1.602547940818065952e-01 1.406165867483979703e-01 -6.878051488209348252e-02 -7.850948270904463400e-02 -1.988269935063015914e-01 1.059994178359395245e-01 5.443014245840376020e-02 5.953903718447944166e-02 1.226385747742517358e-02 1.398089267925815282e-01 -8.336339987295064702e-02 -2.146236707624836204e-01 6.163272807388224528e-02 1.450165855983484853e-01 5.945378922631400220e-02 4.559587012324758763e-03 -3.806942132854998495e-02 -9.100672834383069509e-02 -1.735453843418047482e-01 -2.137624379973459832e-01 -6.679677065460086494e-02 4.571973949418184358e-02 -3.481000825422961992e-02 -5.532305705700093362e-02 -2.859144122539408403e-02 1.359828281096023550e-01 1.049866403147391158e-01 -2.234408183012852600e-01 -6.211517412893365758e-02 -6.377421353008233540e-02 -5.050079294109324768e-02 1.226113867881404584e-01 4.997780539513238529e-02 -6.791602951285612144e-02 -6.803855356207018368e-02 -2.274742755401411576e-01 -7.272966868733135581e-02 -1.045380206046636062e-01
-1.525305565822101528e-01 5.301072074722167349e-01 1.898098462710650636e-01 1.000000000000000000e+00 3.208779069544160367e-01 2.936820246210023466e-01 1.568138017392629313e-01 3.160617512172079202e-01 2.231378168944283813e-01 6.762524405465117350e-02 8.852003164653672596e-02 3.597288567118791386e-02 -8.986026464664018110e-02 -1.432346392455303985e-01 6.288878886881178742e-02 3.868883326618986485e-01 -1.236593524985289405e-01 4.222010637489102131e-02 -7.146289265297958715e-02 -1.056516719617393019e-01 7.928912075216034555e-03 -2.026346691680650514e-01 -1.076278217224766187e-01 -5.376469946747820805e-02 1.533293437049500219e-01 1.878859976245186303e-01 -1.663007637000848971e-02 7.646226161285743506e-02 -2.712806170754687024e-02 -7.310598042481132597e-02 2.112883798676264309e-03 1.197995520359770583e-01 1.428732256973854753e-01 -1.548490693494289083e-01 2.721356266030377016e-02 -8.487555517899644797e-02 -9.736803861290951878e-02 3.215951446729973639e-03 -4.480161105703155816e-02 -1.606824963944362417e-01 -1.642756274739470834e-01 -5.535004428875745300e-03 9.892001821881342416e-02 -5.074109360655001955e-02 -5.273604106511130263e-02 -7.797611030149216582e-02 -8.840343258843207097e-02 -1.381139386145603110e-01 -7.918624431874560221e-02 -3.745287058605524522e-02 1.472678669346766667e-01 3.757706694855867946e-01 4.804816867794085011e-01 4.690747226037376150e-01 3.187249835179264967e-01 7.457719988321649673e-02 3.442289916585031251e-01 2.133660465279278717e-01 6.509742814597345439e-02 2.025350263948377805e-02 1.141860794877931906e-01 -8.591993755375774977e-02 -8.744699751225025464e-02 -1.135445668375605760e-01 -2.161556195906160216e-01 3.236728424335465551e-03 -5.086098205553927359e-02 -2.416590530843974460e-01 -3.172098722208041566e-01 -1.009681448879582027e-01 1.178282645477942044e-02 -1.769518588247573077e-01 -1.292959366749096561e-01 -1.611209363331931321e-01 -3.866362327517303826e-02 1.124743611425405021e-01 1.135382207865740511e-01 -5.563924556216082173e-02 6.022269562396874443e-02 9.374132784208032143e-02 -4.525894012482961637e-01 -1.466229125715911852e-01 -3.385967979386087651e-02 -2.596628532920120525e-01 -1.082902115651822039e-01 -3.630358649724045317e-01 -9.784985947314658872e-02 -2.813570162499595337e-02 -2.016405900860899700e-02 -2.503038332191795390e-01 2.098993658689139452e-01 -7.936963024927944088e-02 6.013151548217510883e-02 1.815510902603811594e-01 -1.504938889912754985e-01 3.972158789354020281e-02 -2.011963608220058708e-01 -3.147408361715480218e-01 -9.257229988422573108e-02 -1.134937636293478630e-01
-1.469303755774717946e-01 4.128321502334353910e-01 1.546017375820121949e-02 3.208779069544160367e-01 1.000000000000000000e+00 4.434421025011387463e-01 -2.604335366742853708e-01 5.050289263874192108e-02 3.114085404528036949e-01 -1.728152752394209457e-01 -1.723490628388703871e-01 -1.879275021357198761e-01 -1.277549652684279446e-01 -2.664360578434470800e-02 5.711144488015982429e-02 1.385227066038609289e-01 4.403097633519442548e-03 1.346460473565453397e-01 -6.499807669009552424e-02 2.653422214502828558e-01 5.973441974423863293e-02 5.850476710970543143e-02 1.623279912716756035e-01 -4.398615075702018429e-02 -1.134716962393389206e-01 8.079075592031361233e-03 1.854582410310192109e-01 1.268750060777112665e-01 -1.399184928599579159e-01 2.564930440808271123e-02 -2.975576100587851713e-01 -2.872083841147984873e-02 -3.609310107918454330e-02 2.971232181144470297e-01 1.570497539901616890e-01 1.505620285287756210e-01 1.199838925301533327e-01 -7.390896449971641469e-02 5.031858703866821242e-02 -1.326126167909044695e-01 1.090357162874583258e-01 5.004968458775022749e-02 2.877812793318080264e-01 -1.396511280417944700e-01 1.978663987479669928e-01 2.518241185723602005e-01 1.544545536354051674e-01 2.455626672796989152e-01 1.588060209238788961e-02 2.187247632863451585e-01 1.003414205508530201e-02 3.505434610178889132e-01 3.710143046004235612e-01 4.167778041751152296e-01 5.064692087073988658e-01 2.054936051768226357e-01 -9.666825903951879739e-02 -5.818186953467076317e-02 -1.055833825553995492e-01 -1.458136778833683811e-01 -1.318763721309874626e-01 1.518053355065922434e-02 -8.071776613610079365e-02 -7.574244606093002985e-02 1.101403873336936033e-02 6.895747888321784001e-03 -1.413435544670323118e-01 -1.356060739239530188e-01 -6.752966540513895277e-02 -8.917202328612280904e-02 -8.561246743840152107e-02 -1.631813971506737015e-01 -8.503892084009369301e-02 -2.423957877597747723e-01 -1.388354578239639481e-01 -2.484102071403243572e-01 -1.139538343847846247e-01 -1.732049174822177517e-01 -3.201658533489759040e-01 -8.187242536376475310e-02 -6.173845789015381530e-02 3.145450587372141532e-03 -4.016412285594266884e-01 -1.050334909006701567e-01 -1.098987248312202764e-01 -3.321127845393428979e-02 -3.511701220961442604e-02 -2.724477336344258843e-02 -1.188952039867682692e-01 -2.068060399023302076e-01 2.993574607744896587e-01 -8.072566389369219275e-02 1.829531082894298236e-02 -9.596458827462393815e-02 -1.152225532667729424e-01 -2.849331416693231533e-01 -7.190481909369025870e-02 -4.206154870095907272e-02 3.103030650816839334e-02 7.574980300292830093e-02
-3.149529360930803518e-02 2.440724282260856859e-01 1.773493032262782321e-01 2.936820246210023466e-01 4.434421025011387463e-01 1.000000000000000000e+00 2.396616738899968319e-02 3.206903927327882653e-01 3.786057777947632319e-01 1.289682123476847131e-01 8.259183712623930154e-03 -8.706872685635116960e-02 -1.357448013093156269e-01 -2.340067786084161147e-02 9.838411206867317405e-02 3.065645964813336621e-01 -6.496670919236939568e-02 2.138838742969799422e-01 3.956280059685044620e-02 1.775213645578694321e-01 -5.264788683383260504e-02 -1.624924376661559741e-02 8.284130636616950094e-02 1.223205145811533112e-01 1.792905083107940722e-01 3.008074737860469972e-01 2.190772069169862890e-01 2.833240637626877612e-01 -1.023350526427250079e-01 1.118202458775260227e-01 -3.619189679364379630e-01 -9.753816953980466720e-02 -1.983224428671560013e-01 1.141582028990622277e-01 1.805286144851397656e-01 2.108512690679195667e-01 -4.778803856178429760e-02 -6.295242674870452082e-02 1.386550291210199119e-02 -2.540594670873912858e-02 2.719336544853085541e-02 1.343033226444167172e-01 3.040298541075354133e-01 -1.553126396196681525e-01 5.868372388506899739e-02 2.041312263855672160e-01 1.096783700180229554e-01 2.285066030006295268e-01 9.274403749461315738e-02 2.018925126735703346e-01 6.787691311560960228e-02 3.548092846735304007e-01 3.654165713242539804e-01 2.836473254556092227e-01 6.382554536409427159e-01 4.415156895809733695e-01 2.019940521079844065e-01 3.002650198486973565e-01 2.269901776857700393e-01 1.222686357677955499e-01 1.029035934258800411e-01 3.897069259822404791e-02 1.347790034012115723e-01 1.642049362644945887e-01 -1.340691386641467420e-01 2.971485815310999715e-02 -3.865910352548834056e-02 -1.508473190917894724e-01 -4.840862242271847665e-02 7.922900546919030285e-02 -1.339294039310390261e-01 -1.108257841845904229e-01 -4.157156231215499570e-02 -1.060928539551163063e-01 -1.098184539558805239e-01 8.498691436450622749e-02 9.226985082934640106e-03 5.674227706012820172e-02 -3.664372848939945748e-01 -2.242621706322910080e-01 -2.570037658491852173e-01 -1.486840588018177034e-01 -3.882074699389241323e-01 -1.377120150710854918e-01 2.175451769432097324e-02 3.135843627347665447e-02 -1.999525408604019006e-01 1.161077110233453835e-01 -5.396558446430725804e-03 -1.911639288892163224e-01 1.936501872469393037e-01 1.679151500137586461e-01 1.425507576395487197e-01 1.079575860623065986e-01 6.924358170648560462e-02 -2.394868878517767141e-01 -6.252533998113989078e-02 -2.070129086456795955e-02 1.136842170509611699e-01 -2.154254081506745341e-03
2.335198323014220922e-01 5.327793499536731536e-02 2.204621146264024723e-01 1.568138017392629313e-01 -2.604335366742853708e-01 2.396616738899968319e-02 1.000000000000000000e+00 3.203771611666142993e-01 1.031785041153719662e-01 3.404742143783928698e-01 2.936714451341342347e-01 1.869237114503851382e-01 9.287442568575417223e-02 2.308529381382370699e-03 8.148646646477379629e-02 2.082972992198778295e-01 -5.516505006454564854e-03 -5.615138097450553950e-02 5.762706398963693410e-02 -2.184306361938315733e-01 -3.790781569281793939e-02 -8.183533002796325451e-02 -9.310996138755073259e-02 2.183416261838984074e-01 1.425908508195383451e-01 8.884358607228225180e-02 -9.131694298874457050e-02 -1.931782292990988012e-02 2.688729111433243307e-02 9.986927924077702856e-03 3.238386757446158615e-02 -6.032516880133871086e-03 6.401088688106902624e-02 -2.060952673390109846e-01 -4.719088966550629566e-02 -5.407277419971507487e-02 -1.362127325483425411e-01 7.415800956949872291e-02 4.362032462251191900e-02 1.918086534957499922e-01 6.216664639333712924e-03 1.813662204919980758e-01 -7.235400985096047954e-02 6.216359119486639107e-02 -6.088431801812640987e-02 -9.086962378733175194e-02 2.226484188014526619e-02 -1.367412412534300681e-01 6.560353971813377705e-03 -4.355406774549530624e-02 9.147048682480242443e-02 8.847212804874837744e-02 -3.176993925683482822e-02 -1.354475541454097376e-01 -1.935921043858878287e-03 9.306151454842485210e-03 1.253521863754121224e-01 2.391590630905167936e-01 -3.488840355608152644e-02 1.064856640709492680e-01 1.785249132086072499e-01 1.416428599315397614e-02 4.378951456450325824e-02 9.268921622902320800e-02 -4.150120661391672183e-02 8.159497958347787516e-02 5.482157012876569258e-02 8.694036345973108273e-03 -1.114282444242924441e-01 -1.610475558906076382e-02 1.056528222445211017e-02 1.782400945105440115e-01 6.496926826132800280e-03 4.111394252073203442e-02 1.148525920839478937e-01 2.334729549348165956e-01 9.388957940742630182e-02 7.276485037186285199e-02 3.723991394229429763e-02 -9.131628332886569666e-02 -1.548763359729221911e-01 -1.629111041687507366e-01 7.758676920255003218e-02 7.235730244272298162e-02 4.641157001617531724e-02 -6.383061755817662219e-02 -1.192779501919311314e-01 6.134401605301832011e-02 8.880382137097329875e-02 -5.641065538989390588e-02 -2.322627365125507770e-01 -4.579273957611532109e-02 4.775418320163904440e-02 1.789073346510284823e-01 5.633316438357992978e-02 4.869293222354801470e-02 -2.352115450618247686e-02 -5.443385479248229186e-02 3.560762173021612270e-02 -7.676069165153649732e-02
5.407870831659855604e-02 3.310029813576551572e-01 4.275580294254118785e-01 3.160617512172079202e-01 5.050289263874192108e-02 3.206903927327882653e-01 3.203771611666142993e-01 1.000000000000000000e+00 5.135866652197524918e-01 3.954529288477225957e-01 2.696992601755224261e-01 2.721116085939116469e-01 -1.245715328810548250e-02 3.971912619867054572e-02 1.167555953703610094e-01 3.050910094888633073e-01 -5.284655679145879026e-02 1.435610946636763086e-01 1.254629001834743074e-01 -1.217713211557636954e-01 6.412614278274055002e-02 -1.024185452294737314e-01 -1.308415746545101704e-02 9.564964532947543840e-02 6.909784997664000783e-02 2.346845751158288806e-01 -5.161596066820684642e-02 1.192240753447475071e-01 6.529268749051585219e-02 1.397526009561430027e-01 -1.900795835636580333e-01 -9.015492580686833290e-02 -9.347511564293847774e-02 -5.679148463423610432e-02 9.246734973142677061e-02 5.404915831384807939e-02 -4.583098257844090556e-02 -1.601671084573927650e-01 -1.273596182513243302e-01 1.678743597005516799e-02 -1.808504773703489277e-01 1.401972337170554750e-01 -6.006521871915122129e-02 -1.379987045616790919e-01 -8.271369773297949923e-02 -8.702107308911789796e-02 1.145139547076226734e-02 -1.551278543617727046e-01 -3.155044220963020701e-02 -4.073262224399373799e-02 1.044727597637025440e-01 3.147257260797627354e-01 3.019574841617069794e-01 9.768598274142570315e-02 3.407337044537450677e-01 3.183486814460865788e-01 3.331680002206897084e-01 4.246383735450858232e-01 1.260456509911428991e-01 1.788548437886250675e-01 3.369831208047149862e-01 1.556310987609233754e-01 1.439874179267908449e-01 2.021847811013738061e-01 5.690976269737815785e-02 8.075622763981439578e-02 -9.384882709890722541e-02 5.113380548555285926e-02 -4.303268074555333111e-03 1.031972174060860753e-01 9.164857439895332525e-02 6.583935060015899676e-02 -5.150079453867952017e-03 -1.915040297069788358e-02 1.117009316014712511e-01 2.576269995440010341e-01 7.447714614344028150e-02 3.243552090126726462e-02 -1.315287087613523642e-01 -1.899795859206381277e-01 -2.672815204170163050e-01 -2.808114764403353281e-01 -1.540313709346698423e-01 3.257965006718771539e-02 -3.561130655640633996e-02 -1.625047516374825418e-01 -1.011115907097750732e-01 9.388654564247388146e-02 6.211551167285404157e-02 -1.985074541300443363e-01 -1.684532655776059540e-02 -4.655792107155536791e-02 4.832351953768902753e-02 6.339968832154639633e-02 8.221927422367371341e-02 -1.739082519994706033e-01 -1.271140825724730583e-01 -2.136492188423574634e-01 -5.785381165603880466e-03 -1.440347881033869348e-01
1.328912894029822198e-02 2.266195965749409624e-01 2.563851786856364279e-01 2.231378168944283813e-01 3.114085404528036949e-01 3.786057777947632319e-01 1.031785041153719662e-01 5.135866652197524918e-01 1.000000000000000000e+00 1.968014985463266975e-01 2.539379622152723726e-01 1.047429174985694267e-01 1.408405689267248351e-01 8.830459539723728435e-02 1.811078230433336433e-01 3.490675234522865045e-02 8.003905001902152094e-02 -7.059840546559496832e-03 1.275132525026520247e-01 4.383564301837159817e-03 1.510259577407967735e-01 3.707131903654795752e-02 1.321969978205657925e-01 1.148004524248828762e-01 -9.998934368115416915e-02 1.093320269027005104e-01 9.628093100059542664e-02 1.539947353311136580e-01 5.949753103564520140e-02 2.538079879629790980e-01 -2.196376046507242108e-01 -1.156053314543610822e-01 -1.188086456841899591e-01 4.114815409167475735e-02 1.362254491214781593e-01 9.714287615954313171e-02 5.242116551342902719e-02 -8.007403126362910850e-02 -2.201956822534962416e-02 -1.747749718469003011e-01 9.424315640714323343e-04 1.977871235571408148e-01 5.274495716856052174e-02 -1.938262368802103341e-01 7.639564754364304433e-02 4.888766102895343579e-02 8.845099589282839903e-02 1.885866011041302873e-02 -1.082439516675936936e-01 4.235640945626926307e-02 -4.776026660299779319e-03 3.212526255802956587e-01 2.461122942479765374e-01 8.596084024419038683e-02 3.620623153603580446e-01 3.652212650688527185e-01 1.269824757528228709e-01 4.485971233747743092e-01 -4.498542959913634509e-02 -3.032307473944545213e-03 1.892121192666225415e-01 2.966130445881506317e-01 2.280512909604672234e-01 1.292824483106947697e-01 6.182855450677090386e-02 1.630507652740363911e-01 -1.415550313235350577e-01 7.793098094494210759e-02 -1.312643970380459602e-01 -6.848662900269135434e-02 9.513056193209021294e-02 8.912930100474200645e-02 4.331042901853981997e-02 -1.898092574157212997e-01 1.324612246003428750e-01 4.909917389208640764e-02 9.046985761971708395e-02 5.186642549828926474e-02 -2.482264501210913743e-01 -1.699303981820289300e-01 -1.362887076094043137e-01 -1.859523535052282905e-01 -2.510827392014085557e-01 6.980299759368366330e-02 -5.792469706143571744e-04 -1.398319652836301219e-01 -9.779172213505991917e-02 1.099021998195064548e-01 -3.376595799327546804e-02 -2.271153796702052863e-01 -2.495363413501047387e-02 -2.442127382741100805e-01 -3.904838776630537023e-02 -3.666173087739425969e-03 -1.218977502198343235e-02 -2.727572615464002870e-01 -1.124807380335478835e-01 -1.079857650013838211e-01 -5.530323774050864560e-02 -1.711835412407252677e-01
2.366387608864197467e-01 -4.620454880625168154e-02 2.758271603764549940e-01 6.762524405465117350e-02 -1.728152752394209457e-01 1.289682123476847131e-01 3.404742143783928698e-01 3.954529288477225957e-01 1.968014985463266975e-01 1.000000000000000000e+00 3.177754796476551236e-01 4.895000462411714937e-01 4.116612302841206328e-02 8.065787652467768659e-03 3.848911964802871621e-02 2.141355968043212876e-01 1.067235377891743581e-01 1.656799208877701435e-01 1.604640207461016654e-01 -2.233369624016528221e-01 -1.232346297770260252e-01 3.385489985651329858e-02 -5.894459558300774171e-02 2.415622718636657451e-01 1.480560108251021967e-01 1.638285092064694359e-01 -6.178995566572664799e-02 5.812482960564584883e-02 6.368860450621455227e-02 -3.071531309022382510e-03 -4.205936209913632012e-02 -1.020604172422540923e-01 1.647432940515336508e-02 -1.202913109714017804e-02 1.054399241393187137e-01 1.025289123718042955e-01 1.055472669766690103e-01 -1.964059402545828559e-01 -1.539966507786208194e-01 2.311374076162920899e-01 -1.308488146474808822e-01 2.263785559881599518e-01 -8.610012918960557871e-02 -4.114289172731265543e-02 -1.292609825929656175e-01 -1.760834165046539224e-01 -1.103989718518926938e-01 -1.788615190250663067e-01 -3.272892936066680233e-03 -1.119484940231219583e-01 2.101832805935729964e-01 -3.717098177284202526e-02 -2.276374403470287841e-02 -2.384186327706003250e-01 8.118373325321645573e-02 1.054430253604466544e-02 8.356544889506263563e-02 1.736009734422300499e-01 2.044861742581246533e-01 2.480674041330465374e-01 4.849713704049675167e-01 2.396879297913797335e-01 1.959833170341339081e-01 1.535147530563917562e-01 1.642518168673886073e-02 1.150404727334515195e-02 -9.734916295009921061e-02 1.896617977875966476e-01 8.585382539913834210e-02 1.285199625674273427e-01 2.079533984546746983e-02 3.616965565352183165e-01 7.893583861001686464e-02 1.519150472753541814e-01 2.464639538261391982e-01 3.676481938915276970e-01 1.009794990215034105e-01 4.073796903256971663e-02 -5.413543506159956137e-02 -1.889123840299248014e-01 -1.249344280380947358e-01 -2.097893294880695259e-01 -1.808376047888815910e-02 3.148904044828488846e-01 8.766165319343435791e-02 2.094917444977477134e-03 8.531876073824408435e-02 1.639173469174148301e-01 2.423627504642080210e-01 -1.029674468608663129e-01 -1.843020462403303639e-01 -6.297713140918248520e-02 -2.048506391413732614e-02 1.452437015290368449e-01 2.522714121303327173e-01 -8.345190695381124457e-02 -9.450051734674957959e-02 -1.612858009676145787e-01 -1.896716852934116071e-02 -1.127971328689462149e-01
2.030218094388388794e-01 4.254020616365727925e-02 1.188198843765203017e-01 8.852003164653672596e-02 -1.723490628388703871e-01 8.259183712623930154e-03 2.936714451341342347e-01 2.696992601755224261e-01 2.539379622152723726e-01 3.177754796476551236e-01 1.000000000000000000e+00 2.908795388922613689e-01 2.322789898466237901e-01 1.813263097033633031e-01 3.181816299235818990e-01 3.939693248275177168e-02 4.342452624038698611e-02 -6.633207185054372512e-02 2.023994163844978211e-01 -2.645846810759892587e-01 2.649833334087994263e-01 2.416192380571192261e-02 2.853021634841011386e-02 1.240571174352756434e-01 1.577906042318678870e-01 2.665560546292417010e-01 -1.868152844854134853e-01 2.101802886784720145e-02 2.105582806367279347e-01 3.812289844687720419e-02 1.803385291670858356e-02 -1.158110707517905069e-01 -7.386999181024204997e-02 -2.580889293594664791e-01 -5.239959055979927227e-02 -1.825346646932957673e-01 -1.645189422234444310e-01 -2.102039583034013559e-01 -2.006618667224400188e-01 -6.574561542855031360e-02 -2.156700390238344422e-01 -3.496811825105141172e-03 -1.991898861081224936e-01 -1.049368278488132245e-01 -1.668040956293963539e-01 -3.338264235985445860e-01 -2.315980000297427344e-01 -2.239646920113795292e-01 -4.308263968236849401e-02 -2.335495343676793623e-01 7.796470294838815651e-02 -2.745036520650495984e-03 -1.557872418674206005e-01 -5.079052161170501817e-02 3.516976385670817634e-02 8.620491748242814500e-02 1.044876712464215956e-01 1.620205749682065155e-01 8.482735208884258082e-02 2.430880659765277951e-01 3.252794272959496080e-01 2.278057806290862686e-01 1.825734617669221849e-01 7.365885527060295201e-02 6.627855737835776362e-02 3.644051261680933407e-01 -1.357794344879245940e-01 1.767222696590856346e-01 -5.677932776105763107e-02 3.617460407240619819e-02 3.134455288413581786e-01 1.910843350435506016e-01 2.499821842672691474e-01 2.758773559755557311e-02 4.107878736957039645e-01 4.326680119186213647e-01 3.676483358982143845e-01 3.234907620155875740e-01 5.187421205159407217e-02 -8.745457922747286450e-02 -1.556445449010683546e-01 -1.802375190240028124e-01 7.932545807801956450e-02 1.185111966668871697e-01 2.490464661744221445e-02 -1.629982930230134963e-01 -1.594119864266936235e-02 7.934681771936824210e-03 9.612287446548446745e-02 -1.734079139398386760e-01 -3.997704510714110149e-01 -1.824539539859248438e-01 -2.474445376351002424e-01 8.180624085474945406e-02 2.400359026497524972e-01 -5.706763996515352988e-03 -2.142572902131666124e-01 -1.474924145460119740e-01 1.154577667895843700e-02 -1.666299158807963421e-01
1.523341939724874861e-01 -1.036449566051133586e-01 2.096030824882373078e-01 3.597288567118791386e-02 -1.879275021357198761e-01 -8.706872685635116960e-02 1.869237114503851382e-01 2.721116085939116469e-01 1.047429174985694267e-01 4.895000462411714937e-01 2.908795388922613689e-01 1.000000000000000000e+00 1.774066552821778331e-01 1.489256687274961299e-01 1.048325261233119254e-01 8.551788228548239112e-02 1.601465812636994057e-01 1.995988298827353069e-01 3.376466193323429676e-01 -2.982108736615045608e-01 6.141055088064566875e-02 6.628763087881663074e-02 2.321470674934800194e-02 -4.964396912557703795e-02 -7.526655459414102745e-02 1.598590990157896241e-01 -1.557984221370056488e-01 -1.817738782071446832e-02 1.343345872831392396e-01 1.311182917237992962e-01 -1.234615645615891495e-02 -1.576740924322720949e-01 -2.549671339014651927e-01 2.980182482111050357e-02 7.660476985274830564e-02 -6.265621054542794277e-02 -1.006630169828017472e-02 -4.739886243921348496e-01 -3.874385952356836915e-01 -8.400384154318256413e-02 -4.737835305517317241e-01 1.356345803462090382e-01 -3.265035890228095150e-01 -2.102227909492853097e-01 -3.641175822858336852e-01 -2.869954758660844818e-01 -2.144420756648248716e-01 -3.018116937976900727e-01 -1.047868089825018112e-01 -4.117911500904677391e-01 1.560698351997712729e-01 1.699145976794668236e-02 -5.994523469102386141e-03 -7.984422648712835580e-02 -4.783652819682532309e-02 -2.280348212115008034e-03 1.427270686203239713e-01 1.328874512996373602e-01 4.860721793839953980e-02 1.531841941384780859e-01 6.526914368277338951e-01 3.321231669945336473e-01 2.325731242783577457e-01 1.344669948654133307e-01 1.479133373401868012e-01 1.192340811296366820e-01 -1.583148792337382982e-01 4.345265798529093226e-01 2.352867790077241839e-01 1.387002698292931213e-01 2.551700220879580816e-01 3.131899038988135153e-01 2.187500224774363566e-01 1.865572853343052534e-02 3.484672332576506659e-01 4.729790993113843212e-01 2.701884685909670680e-01 1.613699380482253587e-01 4.374241800772602634e-02 -1.288044952324811920e-01 -1.417421262435011875e-01 -3.843404904130300892e-01 -9.772647908096664462e-03 2.381012839346501042e-01 6.245158069199727158e-02 -1.820513827201045987e-01 9.128531376148010801e-02 9.968201476278362727e-02 1.050323236233233620e-01 -3.238901654003286112e-01 -2.231854147173042702e-01 -3.632337285806973570e-01 -2.350213963374064852e-01 -1.683642187565011772e-01 1.680479838612089771e-01 -1.268262218387928575e-01 -2.099185935742797215e-01 -2.655133015566521482e-01 -1.886984920322369585e-01 -3.757124501851409892e-01
-1.116241085020871215e-01 4.083273869271096188e-03 7.178132297017024432e-02 -8.986026464664018110e-02 -1.277549652684279446e-01 -1.357448013093156269e-01 9.287442568575417223e-02 -1.245715328810548250e-02 1.408405689267248351e-01 4.116612302841206328e-02 2.322789898466237901e-01 1.774066552821778331e-01 1.000000000000000000e+00 3.222057458982570677e-01 1.612467406872521158e-01 -4.192117528127889403e-02 5.663983511289627515e-01 -2.946496706691402803e-02 4.511745044705542385e-01 6.629238881691168483e-02 2.184976272255715612e-01 3.782622971254892552e-01 2.547022267883721769e-01 1.354191593928868176e-01 -4.839543139434109714e-02 -3.772692169355817970e-02 1.652740029270473310e-01 1.949421841463889193e-01 4.163791708989453277e-01 1.699504378510032221e-01 -6.204194519749375164e-02 -2.494059969529174581e-01 -1.151707000383403318e-01 1.598481189318459172e-01 1.704285200425235403e-01 -3.646610519992909277e-02 2.943991164071965705e-01 -7.676432631330563916e-02 -5.947811953102070254e-02 -1.244121705143356668e-02 7.569429101614058575e-02 4.670304717272159151e-02 -2.039179742222163305e-01 -2.646102661896692632e-01 -6.907291879169076554e-02 -6.540941913333214730e-02 5.243148209760976897e-02 8.826833637265736610e-02 -2.436825051354869487e-01 -4.554185833559205171e-02 -1.325816193343191118e-01 -2.978104700728149978e-02 -1.298120053506880978e-01 -2.318551233795815292e-01 -6.832776156832122416e-02 -5.661750011780712633e-02 -1.286125588886887494e-01 1.247758029787910811e-01 -4.111758161110819904e-02 -5.174988698064409386e-03 1.942253584031840008e-01 5.940375696625109780e-01 4.434395004728378109e-01 1.397449969748927323e-01 1.766646791391001114e-01 2.352923134662416038e-01 -2.777746580763386375e-02 4.499925037377792703e-01 1.465979849726622708e-01 1.498053793542476475e-01 3.293396905354433191e-01 4.273278413051098679e-01 2.969429863893799926e-01 -1.035411899241644590e-01 3.264661375061410631e-01 3.572215032937149648e-02 2.901158740910645961e-01 3.275225427229266351e-01 -1.795710581888704527e-01 -2.015635411169244828e-01 1.196864152251804342e-01 -1.165479052713326059e-02 -1.251494391126929118e-01 2.545048989531351613e-01 3.092110442384302105e-01 1.923513905186528816e-01 3.025760718984966124e-01 2.450351799532319019e-01 1.794685607304926378e-01 2.300821348611708367e-02 -2.664246403689163323e-01 -1.147977670028572372e-01 -1.397932183003621764e-01 -1.666459812340032320e-01 -5.193836307129755941e-03 -2.371474646660237384e-01 1.488317868842544411e-01 1.379726305583968693e-01 -1.017344782848829121e-01 -3.791391598412623826e-02
-5.635953697264622225e-02 7.934831320375961006e-02 -2.796412788704410665e-02 -1.432346392455303985e-01 -2.664360578434470800e-02 -2.340067786084161147e-02 2.308529381382370699e-03 3.971912619867054572e-02 8.830459539723728435e-02 8.065787652467768659e-03 1.813263097033633031e-01 1.489256687274961299e-01 3.222057458982570677e-01 1.000000000000000000e+00 5.777590729723246499e-01 9.381704800427766167e-02 1.729277461963171780e-01 1.680068699601178495e-01 5.126754266598860799e-01 5.779926398794728998e-02 5.130936766305986829e-01 3.893915396881539870e-01 6.432101752887722235e-01 2.486046659011465626e-02 -5.802792468529582165e-02 1.106366357320967830e-01 2.652822153973568020e-01 3.281547769387462288e-01 2.721147720833021477e-01 4.989401063012737225e-01 -2.535333657288421083e-01 -3.166265302345738775e-01 -1.385460307400627755e-01 1.314143656608849076e-01 2.688013663118431484e-01 1.802687517852494953e-02 2.999700682236946039e-02 -1.273178160371272738e-01 1.994267622283027452e-02 -1.121467690089949371e-01 -1.501384018968365541e-01 4.607243395750052622e-02 -1.569252454015343176e-02 -2.784293867044098647e-01 -9.725316968008937413e-02 1.911136410214402948e-01 1.833928211863425362e-01 2.766746245412727845e-01 -1.789953378228202607e-01 -1.680861856770443363e-01 -5.330364952111395216e-02 1.448060654051277476e-03 -5.204362464123476334e-02 -1.008409630874538970e-01 8.039006853352107310e-03 8.310285836594079323e-02 -3.802376711555909006e-02 1.455693381629455663e-01 -4.584960632156877269e-02 5.874046551096822472e-02 2.180200939582433994e-01 1.905283052736418958e-01 2.350765636449602958e-01 3.642988204813376596e-01 4.514053615861235991e-01 5.241922815742947606e-01 -1.674707894591693225e-01 3.116134126539633065e-01 2.298123911996708957e-01 2.952043041444170068e-01 3.949363938935813723e-01 1.123252073181122274e-01 5.375029853407551350e-01 -1.884170171850878817e-01 2.555212955276440767e-01 1.999955018779447924e-01 2.867673357370646992e-01 5.420139996112586234e-01 -3.472243034262463279e-01 -3.160523672513121385e-01 1.446206516406721605e-02 -2.012869949072943476e-01 -3.364298784630762040e-01 1.280323639506831812e-01 2.294241927397085434e-01 5.121112916695633177e-02 6.344746522548561085e-02 2.604134699497245853e-01 1.200370749135207422e-02 -2.732407754898364405e-01 -2.552832204114843795e-01 -7.661270410926446055e-04 -1.793079764783341024e-01 -2.997592616746919680e-01 1.258279605961332426e-01 -3.429160563833654751e-01 1.186544106448537972e-02 1.871370826795455411e-01 -8.945275050124311400e-02 -1.887028568083460034e-01
-6.350042062899581563e-02 2.693437576621866558e-01 -7.077492288518213125e-03 6.288878886881178742e-02 5.711144488015982429e-02 9.838411206867317405e-02 8.148646646477379629e-02 1.167555953703610094e-01 1.811078230433336433e-01 3.848911964802871621e-02 3.181816299235818990e-01 1.048325261233119254e-01 1.612467406872521158e-01 5.777590729723246499e-01 1.000000000000000000e+00 2.037340194783489322e-01 9.941250941240775685e-02 1.450861671975397782e-01 4.414402982690890931e-01 9.761924051587754503e-02 6.744381327600558196e-01 9.752463069871700196e-02 4.895695931672002787e-01 4.909478262722510172e-02 6.111849267277088410e-02 3.184760303406749538e-01 1.461211076933183750e-01 3.052899755477613275e-01 4.433995541854965916e-01 3.757984380587363615e-01 -3.405501875364132514e-01 -3.021287860325532759e-01 -2.584025367658813188e-01 -4.936193431313781743e-02 1.346417923816647932e-01 3.490108811995376592e-02 2.909284925173990372e-02 -2.223692388571498479e-01 -8.781610876975597113e-02 -1.849140836599190707e-01 -2.371374672067027012e-01 -6.554495528459728694e-03 -7.819736580689023997e-02 -3.487634589729558532e-01 -2.568612186475670578e-01 -3.389215459053743044e-03 1.892411478742738601e-02 9.765029652857901143e-02 -1.383649870233400192e-01 -1.170749491640535184e-01 -6.774160391898814172e-03 2.002226378493474346e-01 3.928711615127856993e-02 6.076465232668308569e-02 1.850267070628025257e-01 1.595460844738200712e-01 -1.139607632299558318e-02 9.347547471643893879e-02 -2.062268470699423970e-02 2.640168244777328643e-02 2.264169302043519960e-01 9.155178395995536289e-02 8.482924814507761258e-02 3.078193633763515735e-01 4.888490253713151934e-01 8.244599736948339253e-01 -1.711275272438023132e-01 2.757984760809271685e-01 7.724690818355364752e-02 8.189176448597457192e-02 5.882719193673735525e-01 3.282828171635111814e-02 5.987452386956411132e-01 -6.416045341670789659e-02 4.402944163445433601e-01 3.393153516441034800e-01 5.377080710714428058e-01 6.312542533579603710e-01 -2.804415817336727290e-01 -3.497912204761214894e-01 1.447167972866093832e-02 -2.500588107018218986e-01 -3.324709241940589366e-01 -7.700666613695981988e-02 2.755436237051351323e-01 -4.786174026769735024e-02 4.963205613318580345e-02 2.217192201085746439e-01 1.284785177087009178e-01 -2.269542955356802505e-01 -2.709373984162932736e-01 -9.631718121732067706e-02 -1.537134147590726307e-01 -1.618263061759907528e-01 2.037127962640491730e-01 -3.054037200865848400e-01 -6.078648641812605530e-02 1.041255019450848113e-01 3.544677423454086623e-02 -1.141705566966363661e-01
