1.000000000000000000e+00 -2.072916674470286769e-01 -1.634460444365383736e-01 -1.215862217799654893e-03 3.611263554229660055e-02 2.707504178759262414e-01 1.061082345938287388e-02 -3.032320317865674908e-01 -1.754858489526105458e-01 2.623055967637266672e-01 2.162444534621782710e-01 -1.242971878428351939e-01 -2.688511855245604987e-01 -3.140543996735479237e-01 -1.820636697998035125e-01 2.039998039136620145e-01 -2.530384549425125987e-02 -1.108163980530152554e-01 -2.048391310914679242e-01 -1.358752369663652759e-01 -2.343780227988011833e-01 -3.134244573302996661e-01 -9.119624185888566825e-02 1.703077681870075397e-02 4.794472627485550920e-01 2.393145825361472356e-01 -2.386553604431397579e-01 -2.373167540927022534e-01 1.244800003328307980e-01 -5.336303006881935179e-02 -1.265799436953540802e-01 3.800508444235752847e-01 1.652940388983313302e-01 -1.538292956101360021e-01 -2.059874606180124579e-01 3.119954457873806708e-02 2.939577893925188201e-01 3.198997218105967821e-01 -1.105049780964176449e-02 -1.609876407847273538e-01 -1.043720883236846364e-01 3.350701566968256051e-01 -4.579364083641291328e-01 1.684659732650911103e-03 -1.348174458067971093e-01 -1.666286270109491874e-01 -1.033566326165480387e-01 -6.958529520293334214e-02 3.214303517398701127e-01 -4.606794905001620338e-02 6.314203508236514439e-01 3.001700609738564701e-02 6.358579694947537331e-02 4.785419371036337549e-02 9.813413331693329744e-02 9.503682966197668502e-02 -1.588762359817534886e-01 -2.252904898609368323e-01 1.867163938300078485e-01 -3.170605912629342882e-02 2.686577397274829138e-01 -2.857544894927706025e-01 -2.090327060478408550e-01 -9.435773581419294731e-02 -1.149355228704073001e-01 1.921138047972895807e-03 1.087408381708723226e-01 -2.791564666507004855e-01 -2.678415706619691750e-01 -7.711981294153645583e-02 -1.500558202380089801e-01 -3.855312010753051966e-01 -1.119699610558883840e-01 -1.584973862897728347e-01 -6.599057653198259210e-02 2.447766675057072849e-01 4.042896713756363031e-02 -1.209589648529049710e-01 6.649101510627795919e-02 4.889354334406134095e-01 -3.223661041152577900e-01 -7.058833373046771026e-03 -5.148232093325745551e-02 -3.110381818085710126e-01 -2.210906204654395357e-01 -1.505483430758078611e-01 2.600352247438920683e-01 -1.728321978511951074e-01 9.105941351563211911e-03 -4.484141988656099864e-02 2.786912150540157840e-01 1.047587380303415527e-01 -7.868854751326621877e-02 3.444898898237617191e-01 -3.746701324072491124e-01 -5.524291986965161605e-02 -1.890758742387256830e-01 -1.323769569742821728e-01 1.793472417548154507e-01 -8.431629472398693981e-02
-2.072916674470286769e-01 1.000000000000000000e+00 3.422384782338123155e-01 6.418152624282422725e-01 5.386788214444722112e-01 -2.721119887409521598e-01 -9.332080713060154908e-02 3.177552557297756430e-01 1.537367429588677170e-01 -4.955238930484875612e-03 1.276993460741738529e-01 1.439989407026331936e-01 -3.557998212255461534e-02 -1.747597076154971674e-01 -2.573132750057317564e-01 3.053876208848534946e-01 -9.609760913084292033e-02 -1.021982349351712449e-01 -1.368598959209313404e-01 -1.540810132030449586e-01 -1.510932135740748750e-01 -2.309101696757795974e-01 -4.090889283473767568e-01 -7.215331962565903201e-02 -1.090020637402880771e-01 -1.584156899113827177e-01 -9.135954357347179922e-02 -5.833745371252058165e-03 -2.781512037488061417e-01 -2.825509398264194894e-01 -1.890303822446525242e-02 1.729167904987063964e-01 3.203657575576146499e-01 -1.871026834560786944e-01 -6.469922000559255593e-02 -9.711233716072482924e-02 -2.089162885032649630e-01 2.783706214649292465e-01 -7.083657818180458428e-03 3.053765756119035044e-02 -6.343195868384023106e-02 -1.103968661889319774e-01 3.275056649458726876e-02 -1.415707788139997370e-01 -6.261945494781155641e-02 -2.705248064198914615e-01 -3.324484009679994911e-01 -3.168276140839521582e-01 -1.324051289669437026e-01 -4.046113378647109293e-02 -1.372770336549980486e-01 6.313722484999420015e-01 3.800904275684602873e-01 6.086156936118191085e-01 1.748981620547315763e-02 -3.172494585967175484e-01 1.668865320704998045e-01 2.445066132210590437e-01 -3.831322896513586485e-02 7.787886072792260528e-02 1.413983877739881552e-02 -8.920578389818935305e-02 -2.204942764695075053e-01 -2.582801238208809469e-01 -2.031170291536555927e-01 -2.524982317340454530e-01 -1.002996369201397814e-01 -7.399321500789471373e-02 -1.076018871621705064e-01 -1.080863560244366695e-01 -2.212932787287916481e-01 -2.603482235747194840e-01 -4.355169830802922415e-01 1.361097734626211253e-01 -7.629100922565255904e-02 7.162270171320782308e-03 -3.000847293678632344e-01 -2.111015296731253432e-01 -1.033350668194700922e-01 -5.360397953410886429e-02 -1.321483544703046797e-01 -1.343901127255357209e-01 2.111351710927237418e-02 -1.139450171967570785e-01 -1.376269325919581565e-01 -2.963207612610322950e-01 -2.796053744236876026e-01 -3.855876497068938535e-02 -1.148107885022210395e-01 -6.848675006273227672e-02 2.133880414504124301e-01 7.861200637649747025e-02 1.093070413684903569e-01 -2.693717499191262132e-01 -1.324629318988726490e-02 -1.222197955281904141e-01 -2.312724973531821437e-01 -3.274723842363351234e-01 -9.149301919298491459e-02 -4.917898390269569153e-02
-1.634460444365383736e-01 3.422384782338123155e-01 1.000000000000000000e+00 3.423372999675597939e-01 3.187399415494459043e-01 3.130512277356408135e-01 1.060807343880587755e-01 4.965030763542839232e-01 4.060458003999481980e-01 1.311748890337385842e-01 1.716666611688067168e-01 1.943302099106448133e-01 1.872821413393606083e-01 1.238072469440278101e-02 -1.501455782339664313e-01 2.025918847929059768e-02 -1.686045741809267737e-02 -9.944187110248536160e-03 -6.621241925106657877e-02 -2.148615815629365822e-01 -4.382826019492619407e-02 -2.391891485014109239e-02 -1.550499696149599260e-01 -8.556149569107930619e-02 1.316843656816398152e-02 7.675256071618351272e-02 1.123835421345396185e-02 7.616811425795444457e-02 -1.714072883898831168e-01 9.421279817310225860e-03 3.392777279473902646e-02 -8.386176204513866306e-02 4.630583705212037299e-02 -2.518518117713855128e-02 1.042039260099732710e-02 -5.808884562231230592e-02 -1.782230605236849730e-01 -8.141054452506095093e-03 -6.641231479552782424e-02 6.216155268758417202e-02 -1.535514096023762598e-01 -9.434660809018498295e-02 6.388999917243112781e-02 -1.727609438208054793e-01 -4.408049411448938804e-02 -1.442717724053035888e-01 -1.578757289704260935e-01 -1.906274928345776665e-01 -3.666616041428202161e-02 -5.774719271934768139e-02 -1.614659212177385061e-01 4.460948386317262759e-01 6.742968677379918008e-02 2.142833441502504932e-01 3.326887395935806402e-01 1.298132804856307748e-02 3.356294847666425052e-01 4.162408451798744191e-01 2.123973933942309433e-01 -1.585163736884748556e-02 1.853490782076477883e-01 1.661611985275074643e-01 9.486689641070668311e-02 -9.482947419121209864e-02 -2.172090369429688639e-01 -8.684411874763399430e-02 -9.162314570215726595e-02 3.554796368200458662e-02 -6.011899559266140752e-02 -6.292175510766907787e-02 -2.040935111918485700e-01 -7.402104500857967576e-03 -2.603810740982797634e-01 1.584664354018118504e-01 -2.982891262976599886e-02 1.135298104137831138e-01 -1.481980782534944308e-01 4.668027434648493873e-02 4.334136031038982734e-02 -1.759567930181022699e-01 -3.375301448499621465e-02 -2.605653972262079732e-01 -1.021842916142518126e-01 2.283692293940443527e-02 6.367200246668848485e-02 -2.113206380180460142e-01 -2.445181501969591331e-01 6.844693520066234826e-02 -1.052870353806090176e-01 -2.633942351258066750e-01 -9.719160760485026640e-02 1.520999030265551832e-01 -6.852535937292640079e-03 -1.997726634168273951e-01 -1.455817471017610831e-01 -1.622494549115904849e-01 -2.453314246122937636e-01 -2.676614037510873234e-01 -2.357519545329114438e-02 -8.899337322957183438e-02
-1.215862217799654893e-03 6.418152624282422725e-01 3.423372999675597939e-01 1.000000000000000000e+00 5.308090467596923157e-01 -2.773357238143560680e-02 -1.109227163422250861e-01 2.302136484862377375e-01 1.463519084942081772e-01 2.103047865318951604e-01 2.480159140862897849e-01 2.007765230244833166e-01 3.695468705852351238e-02 -2.403788552633871201e-01 -2.958395216491103152e-01 1.891518169790556148e-01 -1.222906879513786932e-01 -2.486588288669195623e-01 -1.884575111467069741e-01 -3.753775005287467437e-01 -2.666294639163224178e-01 -2.038742283306315406e-01 -4.638785843232508532e-01 -9.857037660552230018e-02 1.214562296811658865e-01 3.010807818094693791e-02 -1.408877840411377202e-01 4.129026968270044923e-02 -2.763971669093181482e-01 -1.997562488807993475e-01 -7.889693965355910887e-02 3.036284784334676301e-01 2.968440775138360133e-01 -2.412470823329860015e-01 -5.061032925199009103e-02 -1.581697041910922752e-01 -6.587064311750509549e-02 3.722605991038580031e-01 -8.449319057034168634e-02 -1.936776001065279237e-02 -1.208864625008362753e-01 -6.197500189153253708e-02 -3.541455446628570536e-02 -1.878124948779951175e-01 -7.627758657848519863e-02 -2.543388929146159216e-01 -3.865410111844790331e-01 -3.759204781006937335e-01 -7.575959439784546445e-02 -7.504259818115388558e-02 3.662350041521401749e-03 5.687824343641303404e-01 2.433488985542908434e-01 5.544443917694047430e-01 1.802301190306249967e-01 -2.205650928966751689e-01 2.320821513323846341e-01 2.002185452388723363e-01 1.771481537611494517e-01 2.015460152862980775e-02 1.934530563140710313e-01 -3.132800028157062266e-02 -1.573929803752418533e-01 -2.747870473696722438e-01 -2.430286674287754078e-01 -2.310783021085018596e-01 -1.440168927475754812e-01 -1.413420709008924581e-01 -2.339518141084296621e-01 -2.528308049026747883e-01 -3.355597087296036118e-01 -2.660496657854819480e-01 -4.637629311026057466e-01 1.791601216842809152e-01 -1.103443176084139693e-01 1.396389958834279299e-01 -3.535300858428699344e-01 -1.815019696372589253e-01 1.099700220308937916e-02 1.077629091704400272e-01 -1.927126775511781853e-01 -1.446479422910907087e-01 -3.542943055832113892e-03 -1.733147026096085175e-01 -1.962307966460686282e-01 -3.390779289530185259e-01 -2.588114283959450646e-01 -2.337795199036827101e-02 -2.447817481995989419e-01 -9.836690538481507318e-02 2.175507633163584476e-01 1.836876155791208887e-01 8.671068374472885865e-02 -1.070657528568639272e-01 -1.163103873238631042e-01 -1.921950643711116680e-01 -2.457886699476774517e-01 -3.805703947741324589e-01 -7.898857848154307304e-02 -1.033757134134364875e-01
3.611263554229660055e-02 5.386788214444722112e-01 3.187399415494459043e-01 5.308090467596923157e-01 1.000000000000000000e+00 9.819992622928799819e-02 -1.336490383219189615e-01 3.329091919847255165e-01 2.683066016419405897e-01 9.967138823241558643e-02 1.024407363046964808e-01 -2.694393269728772092e-02 -6.698297071512096523e-02 -2.553378996846564220e-01 -3.683888691080148825e-01 1.459131373407645260e-01 -1.822176246614918005e-01 -2.656601901509205166e-01 -2.424771737925529858e-01 -2.532739681280233301e-01 -3.124299084550783978e-01 -1.785372718303781525e-01 -4.309933941093102572e-01 -2.628824501793435298e-01 -5.389011292276475566e-03 -1.714437208252742595e-01 -1.513368143267159183e-01 -4.599050699496098210e-02 -2.538695392860119138e-01 -2.833746183462023671e-01 -9.383933442153702398e-02 1.833723954434085257e-01 3.398266377400243621e-01 -1.509351476225428701e-01 -9.762580020034596073e-02 -6.900120903738697631e-02 3.738982782777263564e-02 4.006868727507718053e-01 1.015479546711214875e-01 -1.258933677950422325e-01 5.997012283589280880e-03 7.111722791160948742e-02 -1.273073696331252468e-02 -9.733094233504110959e-02 3.872476208409732917e-02 -1.484121577143913406e-01 -1.383751537516609009e-01 -2.534930207460927565e-01 3.891267573000960212e-02 6.400118966844069168e-02 3.735770234016959346e-02 4.163833895564111875e-01 1.674442733437723208e-01 5.844213624877322433e-01 2.835933301096004167e-01 2.605117077728094296e-02 1.730213244777807358e-01 3.136069240586039641e-01 7.563401910196641820e-02 -3.095314395522594936e-02 1.282115342790624869e-02 -9.224233117910431157e-02 -1.885695398284972790e-01 -3.299038861411793255e-01 -3.238700266380532544e-01 -3.885269981696739539e-01 -2.279922120939442964e-01 -2.524536142671130468e-01 -2.247346554164009746e-01 -3.135792428955672118e-01 -3.676936135064911571e-01 -2.580649439734928330e-01 -4.201156710730697963e-01 1.614113348295898726e-02 -2.110044383108988508e-01 -5.024124402501987247e-02 -3.816758689177853769e-01 -3.675742369527423281e-01 -4.473630784382273684e-02 4.706171102843608595e-02 -2.763529942143650997e-01 1.670242207914602456e-02 -3.219467367300864885e-02 -2.106534223036117537e-01 -2.481675363062135486e-01 -2.000845577016178156e-01 -1.899851732754723466e-01 -1.417651256150521955e-01 -1.188980271356654961e-01 -1.908920736013275388e-01 2.364189609703586381e-01 7.915218210173308178e-02 1.463262781271882362e-01 -2.430585595712686509e-02 -7.385791419977767724e-02 -8.973853630582628860e-02 -1.632172095552633373e-01 -2.577320487242262259e-01 1.742550805871491762e-02 -4.820641440966287432e-03
2.707504178759262414e-01 -2.721119887409521598e-01 3.130512277356408135e-01 -2.773357238143560680e-02 9.819992622928799819e-02 1.000000000000000000e+00 -3.780546174459665371e-02 1.439560213427152069e-01 3.795593882727776869e-01 2.840513189173970998e-01 1.257976911763011019e-01 -1.012581163055087385e-01 -5.963207432581433404e-02 -1.347130314721379889e-02 -1.564879420553261513e-01 -2.478556720131911140e-01 -1.196749320202188244e-01 -1.483939263103166706e-01 -1.519047205290174896e-01 -1.855234308668694265e-01 -2.572728081617821072e-01 8.568605179789201554e-02 -4.033616961351446650e-02 -2.504235921923719799e-01 3.049055271765837016e-01 1.524396856803243439e-01 -8.939866516811195707e-02 -4.443952905958313722e-03 -9.325170916349742600e-02 1.098894757549230411e-01 -8.429699362612157187e-02 1.274380031820895043e-01 -8.090497621825189223e-02 3.423233806146589592e-02 4.302302866939015924e-02 7.730604175398388123e-02 1.991873666271203325e-01 -7.012284069444015347e-03 1.091285942392443836e-01 -3.390505119405463202e-02 1.702904260336041489e-02 3.337456546488847681e-02 -1.923832179845784696e-01 -5.886898687431651317e-02 3.452850563164822431e-03 7.696874717747452521e-02 1.551687308978904611e-01 1.974758172359900033e-02 2.214427352899742685e-01 6.351814066677205495e-02 4.427876533337943288e-02 3.583412643374698364e-02 -1.883762154507545028e-01 -1.575073057125818410e-01 5.839932308826105700e-01 3.074290739906380132e-01 9.490459643904775033e-02 3.181797733891035818e-01 4.324531657328337664e-01 -2.911404911209508062e-01 2.096679585089436526e-01 -6.966963040338323455e-03 1.050039294075518909e-01 5.850101633767763182e-02 -9.273034261229258501e-02 2.327475209656676425e-02 -1.858376818827604804e-01 -1.850674781146242620e-01 -6.938355922652970909e-02 -1.650511352640955387e-01 -2.669745295405677177e-01 9.676669386520476979e-02 6.042297318515021942e-03 6.081876218546310858e-02 -2.542460146374828645e-01 1.682678241214400350e-01 -1.513135189593765861e-01 -8.599775716751460741e-03 2.240332101157050115e-01 1.827111204501897512e-01 -1.385272386106440878e-01 3.916110039505769913e-02 8.937970563450253758e-02 -1.021970706117951433e-01 -1.323853925533690079e-01 6.000067671568229399e-02 4.579781723133654475e-02 9.826310414092333245e-02 3.156414497331445912e-02 -1.265197131151239995e-01 -1.435455400288726362e-02 3.115370763636475804e-01 1.153793357144805576e-01 1.200257115713672385e-01 -2.748672613768446960e-01 -1.985688760873922931e-02 5.226559702420401771e-02 -5.434192752560567524e-02 1.430887490157597974e-01 -2.251076649481221700e-02
1.061082345938287388e-02 -9.332080713060154908e-02 1.060807343880587755e-01 -1.109227163422250861e-01 -1.336490383219189615e-01 -3.780546174459665371e-02 1.000000000000000000e+00 2.443694346810629803e-01 1.732230524913900283e-01 9.945679719824042364e-02 -9.580327564296026166e-03 2.052085447433304177e-01 -1.818963018150596481e-02 9.421064910990161606e-03 9.341296402202658999e-02 6.941674935559107029e-02 1.200903669579762335e-02 2.549807397040996237e-01 1.190543921816830664e-01 3.365693398340903753e-01 3.304781467795196992e-01 -2.034211895680237969e-01 1.511931077529093947e-01 2.056889031539196888e-01 7.547117130875991009e-02 1.467221515476239968e-01 1.991034515639441282e-01 -2.745755176710168999e-01 1.461993987164689479e-01 2.101227209487163076e-03 -5.534314375480105241e-02 -1.834774933865216950e-01 -2.289913252519684694e-01 -1.407368151007455381e-01 -2.694721100639933531e-01 2.140320889477042021e-01 -3.652723723492526386e-02 -2.299011012354589684e-02 2.550116698232647756e-03 3.118181103640376151e-01 -5.334994203058843892e-02 -2.186035404624466216e-01 -1.526220977517532829e-01 -5.181784028897783861e-02 -4.128803933609281884e-02 -1.782828758062101129e-02 -3.596787001250469767e-02 4.556163911138949585e-02 5.669342396503179726e-02 1.293092501009937556e-01 1.266718874870503830e-01 -1.623361074948185406e-02 3.769370102238001063e-02 -9.358360591497140446e-02 -5.784648466098221697e-02 -8.074523369240291237e-02 2.772434869712724348e-01 3.282415860704129135e-02 1.642252453231901055e-01 -3.203217755928358668e-02 1.383957448897276954e-01 -4.026622853445158828e-03 -6.193788095404151317e-02 4.409240206378031886e-03 -1.584058230216409818e-02 6.243509004699306086e-02 4.784508053141413586e-01 1.167153758446212164e-01 -1.320426343448925233e-01 1.942768592246003345e-01 3.190229319494379268e-01 -1.770034367491331584e-01 2.706361315785230093e-02 -2.187578957268028479e-01 2.390300696295376559e-01 1.406850428618069138e-01 2.345772053082195441e-01 1.540349132299328461e-01 2.218348922831803183e-01 -8.230089675013789463e-02 -2.503014407618659332e-03 -1.825924299940683837e-01 -3.062906359449997229e-01 3.972068271427640906e-02 2.973461564551654335e-01 -2.476655823442418802e-01 1.157459100802428753e-01 -1.236115296105826378e-01 2.389839366698922885e-01 7.264326153679651890e-04 -1.387613144870587789e-01 1.679741156340747166e-01 -1.382256300929028958e-01 -1.951217034785796833e-01 -2.600803418102288767e-01 1.023115467166859638e-01 -5.358239649988635195e-02 1.787108485580325701e-01 1.728040841076707024e-01 1.607965049026964521e-01
-3.032320317865674908e-01 3.177552557297756430e-01 4.965030763542839232e-01 2.302136484862377375e-01 3.329091919847255165e-01 1.439560213427152069e-01 2.443694346810629803e-01 1.000000000000000000e+00 5.943146845389947197e-01 -1.915248619266940986e-04 7.997588307592250201e-02 7.258766138837670356e-02 7.445864038214379532e-02 1.345061393479298206e-01 -6.668691457467695871e-02 8.285176631833569838e-02 -2.355670929660940438e-01 4.037716707488426399e-02 -1.599341284428951460e-01 -4.742232516049110086e-02 3.165843683669194390e-03 -9.807607742424212516e-02 -1.797213809655800465e-01 -1.288393236167009737e-01 -1.779217822592943921e-01 -1.120227712802300962e-01 6.952667410965122918e-02 -5.355984608700378041e-02 -2.696218416359961179e-01 -7.343931670183918847e-02 6.387462500861981751e-02 -1.688447208179338077e-01 3.695272160594442745e-02 -9.871955309784299915e-02 -1.094848915548363999e-01 6.567282902060182781e-02 -1.887688002448781044e-01 -9.772005600090014413e-03 4.921786206976016403e-02 2.523086984183948167e-01 -2.230960403204410372e-02 -1.451857592818397158e-01 2.168564940065931534e-01 -1.133088276686442797e-01 4.926210108274779731e-02 4.661543800928191761e-02 -3.597083127766264460e-02 -1.393082015939913210e-01 -1.301282311494930954e-01 4.043308541837734721e-02 -1.581638419978119436e-01 3.482060279070652298e-01 4.747883403388349251e-03 1.885672976091031794e-01 1.948998132192976962e-01 7.408659778538241591e-02 5.173759474203032394e-01 6.728118477546346510e-01 8.274494209283037027e-02 6.674538645762220779e-02 -4.070299640984699485e-02 5.011739497473455957e-02 4.755270691226030216e-02 -4.687843466551597227e-02 -1.505722196653003497e-01 -6.476283202752299017e-02 -5.915475592804799593e-02 -9.812386420906848983e-02 -9.342908892970597234e-02 -4.197619917965621228e-02 -8.374542340242675798e-02 -6.097377924364742741e-02 -2.738062376921066021e-01 1.174733556142803503e-01 -2.586721582562688873e-02 -3.745725019219094815e-02 -8.956482008260650829e-02 -4.522438210106950046e-02 9.701939601432203741e-02 -2.913428023271082412e-01 -3.069846192831279796e-02 -1.967636494815343806e-01 -2.232264727871859089e-01 2.107912832407316320e-02 1.636825703995339054e-01 -1.830398314448733188e-01 -2.069280490632594838e-01 -5.002534926553971195e-02 5.105925176273784505e-02 -1.175919784879545932e-01 -1.293820345082578038e-01 6.731207468513304704e-02 3.529111994340797254e-02 -1.784113803926415387e-01 4.238836983978036543e-02 -1.656519485260373728e-03 -9.930728554154155674e-02 -1.262902470338508887e-01 -6.966305066009509384e-02 1.160631459700661033e-02
-1.754858489526105458e-01 1.537367429588677170e-01 4.060458003999481980e-01 1.463519084942081772e-01 2.683066016419405897e-01 3.795593882727776869e-01 1.732230524913900283e-01 5.943146845389947197e-01 1.000000000000000000e+00 4.480765770928320235e-02 -3.991330941689107299e-03 -2.695936056796850028e-02 2.386338759952514460e-02 6.284834868477082170e-02 -1.978852134580839084e-01 -1.570981749643710346e-01 -3.057084791122341438e-01 2.041024943352308732e-02 -2.091370459196552067e-01 1.679067632014937805e-01 -1.575874771600081214e-01 -6.812025359231760335e-02 -2.178989323948876400e-01 -3.259430205456941287e-01 -3.340727396353499606e-02 -2.079853473803875141e-01 -6.731092760814627596e-02 -5.907477963820589872e-02 -1.860404782274515667e-01 -1.371625091566825161e-01 1.218207988414930429e-02 1.111301659214999384e-02 6.607398452315987880e-02 -7.645864230955783103e-02 -8.928573124351818491e-02 4.505061482981158605e-01 1.465475059567946658e-01 8.014711962046132399e-02 2.357799393537367560e-01 1.957324772381744959e-01 1.913430057585723265e-01 -2.222097722128153763e-01 1.349129981217757172e-02 1.504612364235440210e-02 2.264325024960831337e-02 9.759018027792802641e-02 1.090320410027913883e-01 2.051074569556791613e-02 2.133605000668052920e-01 3.747969791172041099e-01 -1.928631226892823514e-01 2.550581761036668227e-01 -5.269143905509891812e-02 1.415493271816835597e-01 2.448588651913238823e-01 1.183781083657167582e-01 3.387704140480188308e-01 6.332044364025426475e-01 2.266035579012865842e-01 -2.212275248827245966e-01 3.451126180255468644e-03 -1.337737752545286110e-02 1.033986701669149279e-02 -1.142103403065471007e-01 -1.893926049374365372e-01 -1.489840248280517310e-01 -6.988480464842923567e-02 -2.649508893088432515e-01 -1.747604486269726254e-01 -7.931473478932016263e-02 -1.768037554330696148e-01 -9.650619145229887008e-02 -2.463722952308022573e-01 3.588355386365724153e-02 -2.757846314494158402e-01 -3.499729436233731811e-02 -2.350628908872924305e-01 -1.360427267125214612e-01 2.724786094460431296e-01 -5.964193959873056311e-02 -1.921349672340388615e-01 4.755937688285537951e-02 -7.513065871579682753e-02 -1.711198183544705986e-01 -1.084683819789814124e-01 -1.748291357283347780e-01 6.604637114041191082e-02 -6.148998778383536756e-02 3.611757739138506396e-01 -1.682121649987639578e-01 4.752687241930863421e-02 3.245632243235345715e-01 2.308637866533751193e-01 -9.168055117746909399e-02 -1.552667068003654172e-01 1.302792379494783492e-01 9.174036278558213298e-02 -4.296569089392519511e-03 2.881467791481034935e-01 3.284731545132718589e-01
2.623055967637266672e-01 -4.955238930484875612e-03 1.311748890337385842e-01 2.103047865318951604e-01 9.967138823241558643e-02 2.840513189173970998e-01 9.945679719824042364e-02 -1.915248619266940986e-04 4.480765770928320235e-02 1.000000000000000000e+00 4.450788417752544746e-01 5.151761786412119015e-01 8.006480037670159200e-02 -1.914586140339429032e-01 -1.458982879109425312e-01 2.870524056805475177e-01 2.566747762377379893e-01 -8.251231765964936460e-02 -3.183131212266678261e-03 -2.802951490093694709e-01 -4.537743748652692949e-02 -2.963230234866397542e-02 -2.112304534461631467e-01 3.834675968300118032e-01 6.844013535883725075e-01 5.419201641646665957e-01 1.584386478354715411e-01 1.032748038626971482e-01 7.204844587123017396e-02 -2.426245346615110016e-02 -1.299511446135291903e-01 3.130687487245599754e-01 2.099543206651339686e-02 -1.611761482130119605e-01 1.490222209579463164e-01 -3.304026064081723724e-01 -5.874111451419761210e-02 9.993105230680679463e-02 -2.979925725579230522e-01 3.043759876467827530e-01 -3.551340310579924608e-01 6.194998203144584659e-02 -1.631449569957489631e-01 -2.928049409869820097e-01 -8.956757885393046292e-02 -3.179455495116542685e-01 -4.737153363737637846e-01 -4.188378050661678564e-01 -1.992256396224269532e-01 -3.903363893211534985e-01 8.303072987228735102e-02 2.630110212866125785e-01 2.596995086142002696e-01 1.044165542148738218e-01 2.773230054162670322e-01 -2.646744923819548401e-01 1.987725331188648914e-01 -5.659010455304280818e-02 7.674931971255253282e-01 -5.755264678706484283e-02 6.919623261591490992e-01 8.815585888139468307e-02 -2.661314250347604146e-02 -2.117556729065099563e-01 -1.016143293528175423e-01 -7.300084156609215613e-02 3.087598626271615410e-01 7.860250912849268967e-02 -1.739517223064734885e-01 -5.314370888028160239e-02 -5.808538376927873531e-02 -8.344288359215050466e-02 -1.621481073982099508e-01 1.428250200443323958e-01 3.193293419305783809e-01 6.938151654605377860e-01 6.208786193240943205e-03 8.681607051237805184e-02 1.693908543916852749e-01 2.332802344793547533e-01 1.214379273819235078e-01 -4.001774247990037003e-01 -2.809983141191914769e-03 1.775472782965454854e-01 1.447299027171351227e-01 -3.589447012471522758e-01 -2.699965809025406949e-01 2.492574409177607253e-01 -4.652231152479310849e-01 5.723632233175283968e-02 -1.127858487646239000e-01 4.117411869081141207e-01 -2.666608160778526915e-01 -5.364393364752637235e-03 -3.882475497330930003e-01 -3.165468710984281064e-01 -3.859785581648457198e-01 -4.134644242670112435e-01 -2.296413941481239007e-01 -4.396630389430037922e-01
2.162444534621782710e-01 1.276993460741738529e-01 1.716666611688067168e-01 2.480159140862897849e-01 1.024407363046964808e-01 1.257976911763011019e-01 -9.580327564296026166e-03 7.997588307592250201e-02 -3.991330941689107299e-03 4.450788417752544746e-01 1.000000000000000000e+00 4.834051706668698323e-01 1.943631477495945115e-01 9.727590763429150994e-03 -5.674914001960053994e-02 2.792443419318004771e-01 4.792838321963212300e-02 -2.169605927917842292e-01 -1.738687589637440134e-01 -4.143696070673623666e-01 -1.008953309527088615e-01 -1.804214391719856925e-01 -1.119643702709339078e-01 2.011125326545999403e-01 3.657533459017225930e-01 4.880356522967526089e-01 -2.714262930513514777e-02 5.344280696254951474e-02 -1.600157437139097805e-01 1.370377860304108908e-01 -2.858216388950388098e-02 2.400765437582853268e-01 5.800532885099830838e-02 -2.136213208642228911e-01 -9.531800362065796783e-02 -2.599573549848964160e-01 -1.722491186756873738e-01 9.943423329176655223e-02 -2.382929476370271304e-01 1.865159036676869442e-01 -4.181541224218812136e-01 1.830891392297246123e-01 -1.822873381887256047e-02 -5.997790565673823127e-02 -8.510341114342255542e-02 -2.034120709887903278e-01 -2.716432505782486184e-01 -2.689603537569084657e-01 -5.494565908349400424e-02 -2.783869758723949706e-01 1.180999569780084718e-01 2.728536505252606159e-01 8.130804573267681745e-02 1.464927904032880257e-01 1.330094826089765758e-01 -8.762289807154719293e-03 7.744244539896021073e-02 3.783520620310838745e-02 3.407015975099039751e-01 4.308098248580227163e-01 5.055515980688847222e-01 1.410761458818421132e-01 1.442647195243417224e-01 4.589960863848064482e-02 -1.094066688306609830e-01 1.166019068847854862e-01 -1.066279330022633018e-02 -5.972622621786399788e-05 -1.583777173293312301e-01 -1.763227800244160370e-01 -1.958710996568730489e-01 -1.123707338382105569e-01 -2.100355305005144613e-01 1.901264842782469378e-01 2.572715925119803959e-01 4.552868207295363012e-01 -8.577635509267196243e-03 1.554239141554398795e-01 1.782657042273681769e-02 4.521455672154314764e-02 -2.587146104329473770e-02 -3.945937402411384132e-01 -2.290113754283790160e-01 8.197536016994473596e-02 9.344427236971986073e-02 -2.923204978315492863e-01 -1.842894908627958905e-01 5.817887891892285779e-02 -3.574202695344700365e-01 -9.932582924820117232e-02 -1.084812890102157534e-01 2.969507831317437854e-02 -2.544203758257975179e-01 1.471110216393274953e-02 -9.375393558973467434e-02 -1.888384681422531908e-01 -3.858049311891610933e-01 -4.157167926457183138e-01 -1.760878168876152394e-01 -3.058974029607929301e-01
-1.242971878428351939e-01 1.439989407026331936e-01 1.943302099106448133e-01 2.007765230244833166e-01 -2.694393269728772092e-02 -1.012581163055087385e-01 2.052085447433304177e-01 7.258766138837670356e-02 -2.695936056796850028e-02 5.151761786412119015e-01 4.834051706668698323e-01 1.000000000000000000e+00 4.821088201366237058e-01 8.751306641083639315e-02 1.116169487022257434e-01 2.479306306710405694e-01 3.499642811523994146e-01 3.459009270598754210e-02 2.139773835150983461e-01 -1.941925267611495642e-01 2.434419002698179624e-01 3.981497919226270610e-02 6.705563740920744351e-03 5.441669131465908249e-01 3.322164605479196453e-01 5.990054703087988042e-01 2.770546371392531571e-01 1.912033081540316370e-01 -3.962084061568620259e-03 2.127346552644024391e-01 5.683903988276632624e-02 1.001372356481597947e-01 -1.494009890046863742e-01 -8.820790316511839535e-02 1.030012882565360527e-01 -3.344151889900813801e-01 -3.610161807640983045e-01 -1.844965481423962161e-01 -5.171515100724161096e-01 3.458167124114188140e-01 -5.243927705549343843e-01 -2.898195715282908536e-02 1.286230578253450552e-01 -1.634210144212583371e-01 -5.830751239574510220e-02 -3.242220876757173076e-01 -4.784404813050194827e-01 -3.758408330577934220e-01 -2.896217260952540506e-01 -3.933957168453139364e-01 -1.335546057882611437e-01 2.267857091756474708e-01 1.994828698505208553e-01 6.409037021724001137e-02 -4.589447820009283363e-02 -2.419554203533030301e-01 2.349790381808596063e-01 -4.446332975334024717e-02 3.687460895460759613e-01 3.239871274867240913e-01 6.702794421741140596e-01 4.435737823366951438e-01 1.977180205004406832e-01 -3.430026174146939139e-02 4.908319509028235411e-02 9.650891848743638202e-02 3.553587355467917597e-01 3.609859850727794583e-01 -2.321219536840242199e-03 1.080021964167720838e-01 1.786184182571084189e-01 1.087090182206073554e-03 -5.990759946349497739e-02 1.044658822486952826e-01 5.981566555982436029e-01 6.099653408484865258e-01 1.540792480426066702e-01 4.076654183392404152e-01 7.408353225005948062e-02 -1.150446874524682500e-01 2.551980310469062485e-01 -5.265662004975285582e-01 -2.387238947726375016e-01 3.401502916516824238e-01 3.933059159922815962e-01 -3.930728763039340046e-01 -3.604514693302438011e-01 2.729066654152174087e-01 -3.891993472540398180e-01 -6.373610925414346928e-02 -3.530058195210341587e-01 9.350712846327868810e-02 -4.697931179904435983e-01 -1.225733962572122110e-01 -1.398299649354368124e-01 -2.365077143541359506e-01 -4.407316632620400521e-01 -3.452110809916329459e-01 -2.217711946862926664e-01 -3.446865495177608429e-01
-2.688511855245604987e-01 -3.557998212255461534e-02 1.872821413393606083e-01 3.695468705852351238e-02 -6.698297071512096523e-02 -5.963207432581433404e-02 -1.818963018150596481e-02 7.445864038214379532e-02 2.386338759952514460e-02 8.006480037670159200e-02 1.943631477495945115e-01 4.821088201366237058e-01 1.000000000000000000e+00 3.875200747106652410e-01 2.320007461656282688e-01 -8.496639675489760235e-02 2.434573074269926751e-01 -4.197384366318091496e-03 1.779642397582519298e-01 -1.646476449276361442e-01 1.913768267620765406e-01 1.888029328280126373e-01 1.406172938995135790e-01 1.803278862970618124e-01 -9.191652519564341012e-03 2.693647865681760845e-01 1.515834706426828771e-01 1.371997386059708168e-01 -4.201758029263314570e-02 4.143057760433628278e-01 1.589455188702364463e-01 -1.505382351221573878e-01 -2.008842474002699718e-01 6.244379742321225918e-02 9.064177421975526394e-02 -1.771085126905453111e-01 -3.407186208603872890e-01 -3.159410472454223240e-01 -3.219971886875029332e-01 1.381288689242241297e-01 -3.285978508558103917e-01 -1.064444360925262539e-01 1.588818104055181590e-01 -1.010256527539481058e-01 3.135422902562723466e-03 -1.115374332256460210e-01 -1.145845120429899722e-01 -8.240315465146404172e-02 -2.101081620980618236e-01 -1.952977434176881577e-01 -1.404553874250926981e-01 2.031027443098138915e-02 -9.521653368277702145e-02 -9.340210230622428278e-02 -1.345676763376729701e-01 -8.557457435725439321e-03 1.647267685770673340e-01 4.108275604284774424e-02 5.023248322020684026e-02 2.889438608180970314e-01 3.531124503410513760e-01 8.487656825904899005e-01 5.612199747916526427e-01 1.436758081933350584e-01 1.680181413860667439e-01 2.041772163279007568e-01 6.219033163360864619e-02 2.635154438587365422e-01 6.652061588197058506e-02 5.501489332109358275e-03 8.362488698634276685e-02 1.659924504337740581e-01 5.593878676486196272e-02 1.810637822616910642e-01 3.287864360872028713e-01 1.582617026999400545e-01 1.410251490037159328e-01 4.894063578594837205e-01 -6.408680145641502957e-02 -2.423065885936976360e-01 9.119837208067743672e-02 -2.946156509662892775e-01 -2.561635017819605675e-01 2.067182737291106687e-01 2.808287851018907988e-01 -1.202865962624155849e-01 -2.855451587420191895e-01 1.021657297920132296e-01 -1.601464564456703266e-01 -2.367975157342680770e-01 -3.513569760212542081e-01 -1.203564960201319312e-01 -2.914353533903878413e-01 -1.313102305025048433e-01 4.076339348356750568e-03 -1.207116976031078065e-01 -1.757601679722933241e-01 -8.150268413485411978e-02 -1.241295324868843253e-01 -1.463987714081511626e-01
-3.140543996735479237e-01 -1.747597076154971674e-01 1.238072469440278101e-02 -2.403788552633871201e-01 -2.553378996846564220e-01 -1.347130314721379889e-02 9.421064910990161606e-03 1.345061393479298206e-01 6.284834868477082170e-02 -1.914586140339429032e-01 9.727590763429150994e-03 8.751306641083639315e-02 3.875200747106652410e-01 1.000000000000000000e+00 6.619674836387773320e-01 -2.823047928299158293e-01 2.866114144455996632e-02 1.552577896285549375e-01 3.237808992843975164e-01 8.622197461235645011e-02 4.575837366931578831e-01 2.556331933923589039e-01 4.969892723961434333e-01 1.245584912594859539e-01 -3.267346068063103348e-01 5.749077027929853229e-02 1.567424038256269858e-01 1.451577199961160691e-01 6.804326984171692183e-02 4.786024846213708939e-01 4.048775238825482597e-02 -3.304937728348349424e-01 -3.899293070387027660e-01 1.744998035199648023e-01 6.228170415058700143e-02 2.110596926358333097e-02 -1.830513602263092177e-01 -5.889403431727698868e-01 -1.757207427258705434e-01 1.102090516178022561e-01 -1.332291382450460637e-01 -2.152964032386593674e-01 1.605841968776752227e-01 -5.415574448969857208e-03 -8.172194838292026753e-02 1.947540905644465636e-01 3.123762188436971510e-01 2.635403328661530820e-01 -6.854714346826670801e-02 -3.104230883903916216e-02 -2.010099086646116029e-01 -2.331068464786588690e-01 -3.424252251478218656e-01 -3.557414257158546533e-01 -1.142374267878598637e-01 2.622501892589281236e-01 6.175506359881893087e-02 2.299623277919956577e-01 -2.116520171817362905e-01 3.228903069435788975e-01 -1.415660730302872317e-01 3.632417657163556357e-01 6.151240163768032509e-01 6.335418467566252820e-01 5.379817467164726974e-01 5.798037772141909629e-01 -3.665765922817296879e-02 2.002301755503827219e-01 3.006880226698072089e-01 1.615934078409956565e-01 3.196391668164870747e-01 2.993887510626498938e-01 4.276943006321156648e-01 2.260927988035689729e-01 2.274752632012515818e-01 -1.383951140793947820e-01 2.991607528232398394e-01 4.843287653409649729e-01 -2.665954594295439906e-01 -3.457338088808724064e-01 1.846952399148534818e-01 -9.859152789281490359e-02 -2.733735896989327174e-01 2.492055064160113298e-01 2.829373466572813745e-01 2.146487986442133511e-01 -3.850058658908132175e-02 7.480039988121836569e-02 3.527143781712784726e-02 -1.671592280266438191e-01 -4.168473537308270971e-01 -3.457888447878570970e-01 -2.301684142569644098e-01 -1.606246854090293830e-01 2.757720749461755050e-01 -6.216104239142362931e-02 1.387731968556730755e-01 2.872749337352206722e-01 -7.569959579141939676e-02 -8.387868347932436047e-03
-1.820636697998035125e-01 -2.573132750057317564e-01 -1.501455782339664313e-01 -2.958395216491103152e-01 -3.683888691080148825e-01 -1.564879420553261513e-01 9.341296402202658999e-02 -6.668691457467695871e-02 -1.978852134580839084e-01 -1.458982879109425312e-01 -5.674914001960053994e-02 1.116169487022257434e-01 2.320007461656282688e-01 6.619674836387773320e-01 1.000000000000000000e+00 -1.712138867074546045e-01 1.091075373975358975e-01 2.456298609844002334e-01 3.382675223462592862e-01 1.660907027302284400e-01 6.266892648526125598e-01 2.246093302794589242e-01 5.927617604490472702e-01 3.572567861681980594e-01 -2.328923398524320454e-01 1.797138467744826273e-01 2.868387260829183827e-01 1.653039492786659292e-01 3.010831193946164608e-01 5.244484913832708761e-01 -7.146615414107582165e-02 -3.195398855946214312e-01 -4.140404055754839385e-01 1.370534036620278118e-01 5.935095914552707824e-02 -9.916343065013770441e-02 -1.522600747682870681e-01 -5.604889659549447956e-01 -2.350346122977185204e-01 1.321539621817965082e-01 -2.215141635863456526e-01 -1.947066148318598866e-01 6.245010435117753778e-02 -6.390537644384965132e-02 -1.709048325295121351e-01 1.552206400590095958e-01 1.273351416342726750e-01 1.980724414536742528e-01 -1.568264775440052772e-01 -1.610604018884637112e-01 -4.626116862913546429e-02 -3.314050028460376884e-01 -2.501207383728059619e-01 -4.372201009330017318e-01 -2.585035676837063590e-01 1.176844254695608577e-01 -2.311395190471422778e-02 -2.548104344059751863e-02 -2.548991030085887011e-01 3.195179747182271823e-01 -1.158100489641783470e-01 2.304094089396465372e-01 4.841320556900512440e-01 5.736644676085400629e-01 6.088739443861634903e-01 7.001791612115534358e-01 1.575148850345903795e-01 2.831619403706179816e-01 2.907338769028630088e-01 2.921089261100759393e-01 5.497721000056181584e-01 2.729383021674532950e-01 5.141030195482826359e-01 1.758431211727797261e-01 4.406467396014847049e-01 -3.615726986081771455e-02 5.372044347090790817e-01 5.446487402726951643e-01 -3.634355805507137327e-01 -3.204143279527314481e-01 2.929432544525586990e-01 -1.727045869253391874e-01 -3.200270517142666526e-01 3.709888625594900402e-01 4.029402415010190919e-01 2.012679663899141214e-01 1.452953422786389809e-02 8.202356321521933613e-02 -2.953029987780305191e-02 -1.228725258203805862e-02 -4.201554623121429577e-01 -4.316397724489545173e-01 -3.544334265938672845e-01 -1.566750192767987770e-01 2.283352525767562147e-01 -1.780547771139641966e-01 5.479975264737655533e-02 2.549565133189110600e-01 -1.587827439176707767e-01 -1.215206295288948357e-01
