1.000000000000000000e+00 -2.021501436498348570e-01 1.793581303559029227e-01 -4.423739846069852516e-02 2.123106226458400941e-02 2.806592441856796127e-01 -3.847154880811763655e-02 -6.837377700308101824e-02 1.198610397988332521e-01 2.848487351720434546e-01 7.152967728837296424e-02 4.852931222659936927e-02 -1.853661178930279263e-01 -2.000149671759844650e-01 -1.994159554007238211e-01 1.856741569447771245e-01 -1.864095060493843325e-01 -1.713285282876945981e-01 -7.108177612836479031e-02 1.311579580477602591e-01 -2.143597963946427265e-01 -2.138557876351001030e-01 -6.293589577140168423e-02 -8.417987876251437074e-02 4.039957396175634097e-01 1.441462571450216890e-01 -1.475936472324166499e-02 1.594315170957526784e-01 -9.871120423098275753e-02 -7.613739833966730319e-02 -1.711005181828814947e-01 3.621128814698196252e-01 9.731373179900741632e-03 -1.227945879339584490e-01 -1.607431232835665469e-01 2.939934086013157657e-02 -1.869126041116307979e-01 6.860682042600534103e-02 -8.937356067720618469e-02 1.753140005840313903e-02 -1.290656211256041297e-01 -2.536459903756677625e-01 -1.181248152833181547e-01 1.923986616208598066e-01 5.560271604336022855e-02 -7.052982329781976034e-02 -1.383877183236141284e-01 9.974512120659090320e-02 2.788432633391249027e-01 3.279349863140077620e-02 3.542793961503347688e-01 5.795726327856488835e-02 1.004090858926148799e-02 -1.063922283899688126e-01 1.497435647524438529e-01 2.053693524165553785e-01 -8.237226527767420314e-02 -9.370200813697755760e-02 2.963296336804564501e-01 3.459406564066982437e-01 3.195236146004588051e-01 -1.467257076697828233e-01 -1.787565270391039407e-01 -9.811358539277531543e-02 -1.497549775921944715e-01 -2.188806153437843904e-01 5.813544850820644844e-02 -9.093393792767991146e-02 -2.317898312120084958e-01 -1.975262022113027094e-01 -1.509517321600245543e-01 -1.397166618395570548e-01 -3.790517318968678051e-02 -2.114266422996699882e-02 3.481254833932598963e-02 2.020969897926947478e-01 -8.737421193277616904e-02 4.505858795705243447e-02 -5.125248934262259526e-02 1.932948999928988387e-01 -1.725298884667881283e-01 -1.527113006332351530e-01 -1.224131012955237824e-01 -1.235370637586657855e-01 -4.904002548925701088e-02 -2.230220690809880946e-01 -1.660075775641871310e-01 6.491890869151267784e-02 6.407044049872943903e-02 -5.251392686257142645e-02 2.625006317620497825e-02 2.653008467489293420e-01 1.020401075071687980e-01 1.737075552360917152e-01 1.037005958040436090e-02 1.963097339271296371e-01 -8.340071210974135674e-02 2.372930105820799523e-02 2.614586465660934667e-01 5.486741174791524844e-02
-2.021501436498348570e-01 1.000000000000000000e+00 1.498097061023202503e-01 4.493458340398287509e-01 2.502426910508157576e-01 -2.242932213173757031e-02 9.752383342259027255e-02 2.704299369391754970e-01 5.664235371274686792e-02 -1.591897647406400884e-01 1.990286782776927166e-01 1.323591336024350917e-01 2.535989780148673045e-01 3.937436041980535983e-01 3.107213852441019775e-01 1.842306635824489669e-01 1.202210386857373824e-02 2.130734016361393868e-01 1.842169392665728433e-01 -2.269638504479383201e-01 1.091255689508812549e-01 -7.624965938317586345e-02 1.340095901162283165e-01 5.877104179750410745e-02 -1.750779238057680320e-01 9.678611385653493326e-02 1.442071870476842599e-01 -1.299729696288877412e-01 -8.401284744550951977e-02 8.876792750405463131e-03 -1.487380268390423588e-01 -4.256549187767216247e-01 -2.977265219608812852e-01 -1.439816509774243802e-01 6.610102425109952093e-03 -6.602672870220412105e-02 -1.805791680346630415e-02 -2.283568415003411345e-01 -6.552728914419980732e-02 1.989129520117904615e-01 -1.970033937351590159e-01 1.702615445688457629e-01 -1.956369056265535450e-02 -2.183022484423452203e-01 -8.858369596688316083e-02 -5.261582525898145235e-02 -5.959663536289592362e-02 -1.307085763064393946e-01 -2.222487998548811905e-01 -1.694718171888281166e-01 -2.907989335169656742e-01 2.881416403215381616e-01 2.168053331138769801e-01 2.282604607912617767e-01 1.698946281770465083e-01 -5.643426534699628322e-02 2.539202727732842169e-01 2.161225105287069848e-01 -2.874959527480326349e-01 -1.612229395717025837e-01 -9.094736864829741640e-02 1.777808925588463540e-01 2.930772901138598563e-01 8.772896939404017935e-02 1.393304025512960564e-01 3.622184028126629318e-01 -3.439436695063165239e-02 6.039617307504416277e-02 -2.388380566935682098e-02 1.022743780016288767e-01 4.756983078541937582e-02 9.062334562105665847e-02 2.156633961290265605e-02 7.979387287357352088e-02 1.145592900729696523e-01 -3.800931821842328906e-04 -2.382323744588517658e-02 1.154499936201929394e-01 -2.564924497877116849e-01 -3.671786919182951636e-01 6.057901685242036982e-02 -2.005148908024867449e-01 3.724086706598409707e-02 4.619589965251830188e-02 1.950151937118688450e-01 -1.330877801687010420e-01 -8.900175397791539045e-02 -4.955366791937189375e-02 -1.697050522836950071e-01 -1.965779076001008541e-01 -2.850580121704930359e-01 -3.148556857396315189e-01 -1.674301005002438725e-01 -2.074831793246057488e-01 3.507269204517376310e-02 -1.779247566652978896e-01 -4.700297401300636974e-02 -1.596028484900637034e-01 -1.661848391905837163e-01 -1.602404983407591244e-01
1.793581303559029227e-01 1.498097061023202503e-01 1.000000000000000000e+00 1.372259903919239299e-01 1.022013543832852589e-01 -7.381033253304518371e-03 8.487119831733225261e-02 4.824979027658999470e-02 2.642921032586650343e-01 -4.727675895802221223e-02 -1.721982166318376251e-01 -1.796859885340675311e-01 -4.913650594144040179e-02 2.080738420556288992e-01 2.266495258867531337e-01 1.563690962957125230e-01 -1.400334055527437949e-01 1.207900443975622878e-01 1.926997487197090464e-01 5.683038390673950807e-02 1.459070260258996665e-01 -1.141429629557423608e-01 2.822137982256728850e-01 -1.933176590057626432e-01 -1.197235250312170263e-01 -9.328917605904925303e-02 1.281974288092558017e-03 -8.568769530408659740e-02 1.555577286698379136e-01 -4.771315742683967381e-02 -2.370153109789841228e-01 1.821268629576384412e-01 -2.785910380075041770e-01 -1.038770328044195113e-01 -1.118728310853355362e-01 9.673270962501823167e-02 2.840378573263726003e-01 -6.149324081336721842e-02 -1.506254193691638210e-01 9.725989638296471396e-02 -1.694378166369628069e-01 -3.568616994438416623e-01 -3.110826818650687664e-01 -2.705227716188823295e-01 -2.095644421659029755e-01 -7.370915871888357451e-02 -2.024812701846300314e-02 -5.471794035661840111e-02 -1.420020942365382392e-02 2.388991320858450951e-02 -3.021277514085191074e-01 2.872684765327105927e-01 1.981396915493804922e-01 2.590964670320344831e-01 3.405087260456436948e-01 5.925636672209824152e-01 1.178235596107321675e-01 1.324470967395922072e-01 2.103935012000575019e-02 -5.908832624284238166e-02 1.457477581144031240e-02 2.851115805053492172e-02 1.280802170973427967e-01 3.043065345872064675e-01 1.474684641210372293e-01 2.625651135498089928e-01 -2.224826966745930557e-01 4.641235496609637592e-03 -1.525358682416674480e-03 6.439048899527427539e-02 -4.947266204031117859e-02 -4.445812902612473333e-02 2.348425589020972648e-01 -2.306675884601157855e-01 1.380814255670792245e-01 -1.275958534965412061e-01 1.954022716712628116e-01 2.359045232325250596e-01 -1.636531148119572121e-01 -4.364546184597509898e-02 -5.345702719487446103e-02 -5.133623408556899081e-02 -1.952677931987117643e-01 -1.681436106100014372e-01 -2.416391634389859419e-02 -5.445782986179038138e-02 3.028754830309413615e-01 -1.098193230332174079e-02 -6.706870830391226113e-02 -2.055956017544373349e-01 -9.703446873169296882e-02 1.074555636450655605e-01 -2.294799737122568684e-01 -3.960533480345849733e-01 -1.702463679548501807e-01 -1.474534282112993921e-01 -5.517854133602952127e-02 -6.627032182240634450e-02 -7.648283632580447911e-02 2.469246933065007837e-02
-4.423739846069852516e-02 4.493458340398287509e-01 1.372259903919239299e-01 1.000000000000000000e+00 5.373336790591531908e-01 -6.747090488038981482e-02 1.546942752449388392e-01 2.370295199993142643e-01 4.247144674452604102e-02 -2.066266575274350314e-01 1.137323545220441795e-01 1.401372403240373488e-01 -2.800154863052451565e-03 -5.675535008809957926e-02 -1.757135867588110745e-01 3.282128816788427716e-01 -1.722291489971890244e-01 -1.425781652053405013e-01 -1.219588304720720662e-01 -2.253310969839865952e-01 -1.683780047280729608e-01 -2.264967020419799693e-01 -2.121048806151278887e-01 -1.360032106464022505e-01 -7.741365203279558516e-02 1.869949244291740642e-01 4.585421511007474471e-02 -8.740087349886042911e-02 -1.419599685372387177e-01 -2.466703957576549533e-01 -1.655142720333987738e-01 -2.980568342523295944e-02 4.196780669679350123e-02 -3.801917332017589746e-01 -2.765550522058974892e-01 -3.468466281224534542e-02 -9.025211413553118830e-03 -4.343011717088324924e-02 -1.031412590852324035e-01 5.583491267258284402e-02 -1.778229614906987333e-01 1.264293072997390577e-01 -1.611779897912299642e-01 2.939529631319899540e-04 -1.485825233424551035e-02 2.340385168918201336e-02 -1.981596799693931543e-01 -1.058412379703991407e-01 -8.903738534294795837e-02 -2.957969554422769029e-02 -1.632296119907117662e-02 2.202792886716847531e-01 3.581140714771300915e-01 6.074891069963326284e-01 8.470035306017009713e-02 -1.037839767392616415e-02 2.364974224990997187e-01 1.357981359533386723e-01 -2.670651553659653676e-01 -1.033873430917730228e-02 3.939392876484297534e-02 -5.820847036052873708e-02 3.155203065744737606e-02 -2.970680965545841601e-01 -2.393126759793283431e-01 -4.096908199944609280e-02 1.044579076393346989e-01 -1.840070648215696991e-01 -2.971358283371934861e-01 -1.059981785503537055e-01 -2.752791099595024438e-01 -1.852397743610546821e-01 -2.202336457637464329e-01 -1.451983777436551271e-01 1.764495355557916395e-02 -3.117820004017150121e-02 -1.008659398133752438e-01 1.942117133905830323e-02 -2.227527986787241343e-01 -4.009761399764420059e-02 -1.632452414895463610e-01 -1.701251944662669213e-01 -9.753870811394300955e-02 -3.653612397117316640e-02 5.648580546235244110e-02 -3.252919933947811537e-01 -5.541237347458091017e-02 -9.534511066129776335e-02 -1.014952239763509539e-01 -1.358585980047710140e-01 -1.944262834396400241e-01 -1.524528050851090000e-01 -1.452652994190963276e-01 -1.528120096336671174e-01 -3.263411079187197861e-02 5.538069516595001823e-02 -1.205044467286687376e-01 -1.445252702391812138e-01 7.645743961115852687e-03 1.896126275889104896e-03
2.123106226458400941e-02 2.502426910508157576e-01 1.022013543832852589e-01 5.373336790591531908e-01 1.000000000000000000e+00 2.980885693679602433e-01 1.304215675249680850e-01 2.427446604801727637e-01 1.906765661300240944e-01 6.398998424122986917e-02 -1.597129420595141680e-01 -2.973879141957434802e-02 -1.208374353296878950e-01 -1.189067496356689818e-01 -2.404271427400007655e-01 3.267095090999271867e-01 -2.075304762906205747e-01 -3.636633894242087550e-02 3.428658120070020299e-02 -1.398528926370324818e-02 -8.961723128411908101e-02 -2.324980946048786634e-01 -1.124528274139595385e-01 -2.152922062012478099e-01 -8.083663424954459775e-02 -4.001593660623210119e-02 4.600958081397025015e-03 -8.139034938154959820e-02 -1.649265621320913922e-01 -1.260340471153992836e-01 -1.022049510209886575e-01 7.694662833166911881e-03 1.635314672983028683e-01 -1.352584776187407967e-01 -2.085368614800992282e-01 -9.126795966234861612e-02 -1.441202169245390796e-01 6.907690547295750050e-02 3.772873869854909135e-02 -7.895356834610216257e-02 -4.270619049566188458e-02 -3.622212496238003121e-02 -1.394045513441227735e-01 1.656100237301467160e-01 9.843552242790419571e-02 1.392731803004027269e-01 9.900389802438356159e-05 4.739373146894958894e-02 1.530556866949789596e-01 1.042667070039837024e-01 1.093364359674591085e-01 2.505247695389128948e-01 4.777029356281429218e-01 5.468580452219029553e-01 3.664391135490491780e-01 1.394883906708379306e-01 1.994087208268315592e-01 1.355925609513650987e-01 -2.181922263632634640e-01 -3.126739455007166574e-02 -5.012432847904473021e-02 -1.146116011668536355e-01 -2.135625383976642588e-01 -1.987051302417481013e-01 -2.467143775655355753e-01 -2.523785863031576260e-01 7.051875961729587444e-03 -2.072128470312274706e-01 -2.331949786948519787e-01 5.689630900899385335e-02 -2.245840723375183701e-01 -2.169124134362862277e-01 -1.613278461265283403e-01 -3.317625144200550547e-01 -2.621725115631685643e-01 -2.196284671251740872e-01 -2.948369945292640959e-01 -1.576915750444398967e-01 -1.570941386952647290e-01 -3.790067752046862720e-02 -3.185261856629299504e-01 4.237665596403564910e-02 -7.274855976069173613e-02 -2.196230010410534228e-01 -1.375642171943629311e-01 -1.726202716302748241e-01 -1.577398759512534665e-01 -4.047359833726568712e-02 8.465701752758601067e-03 -4.155197082002328769e-04 9.003144291383320674e-02 -6.419326317853082942e-02 -3.811224477715556558e-02 -9.473700533557191314e-03 -1.001004686260148491e-01 1.781433121079127879e-01 -9.951243720941090054e-03 7.052687648555061584e-02 1.496528498757697667e-01 1.166744352369861459e-01
2.806592441856796127e-01 -2.242932213173757031e-02 -7.381033253304518371e-03 -6.747090488038981482e-02 2.980885693679602433e-01 1.000000000000000000e+00 3.459204751272146328e-01 3.043917635308255321e-01 3.902744423638840332e-01 5.049667815547005389e-01 6.543125080024107809e-02 2.253952509797159387e-01 -9.178118024689749244e-02 -1.003104423972324410e-01 -1.159809295276579416e-01 3.641088055035454629e-01 2.372814435191621107e-02 9.782732485423077662e-02 1.002460482999958380e-01 -6.942694990860799609e-02 -5.231622906062663447e-02 -5.127451655116641721e-02 7.270979934217902674e-02 9.806793393939952641e-02 3.531454602578099067e-01 1.725368927281557274e-01 -9.059708219234627324e-02 1.123176051944443643e-01 -3.443669611272269782e-01 8.885412496722096265e-02 -7.010299043791420881e-02 1.684284507582303192e-01 6.809551100693973791e-02 1.227747145277423846e-01 2.383998855094498007e-02 -1.349102248183968733e-01 -5.176829286569009092e-01 -2.594309733737071647e-02 -1.461851044895435270e-01 1.958167314697123740e-01 -2.308807281747236040e-01 -2.749882589898440810e-01 7.229979209215191271e-02 1.897040323974888421e-01 1.430077267747010550e-01 -1.644535210331330710e-01 -7.369188651626971953e-02 -1.242596590092540781e-02 1.612000802497434992e-01 -2.079126917006706987e-01 3.360138159990235796e-01 2.953693495101337718e-01 1.680267289154497024e-01 -6.716878829182997002e-02 5.072645931568807720e-01 2.100082770705571367e-01 1.801749234468835448e-01 2.098985612643011478e-01 1.953893706977331834e-01 3.151760911973978119e-01 3.125158815978898996e-01 -9.860306330101897831e-02 -2.036915562441162508e-01 2.397462743310012356e-02 1.966354627100465324e-02 -2.136020150073691670e-01 1.713869738394245557e-01 1.753107726406186173e-01 1.967443064767773406e-02 8.012655047675928954e-02 3.679957513049737089e-02 1.337619528163320748e-01 1.080031879405941309e-01 5.266182726029162986e-02 -3.069943135347381197e-02 1.851686557525120402e-01 -3.095976519361501866e-01 -4.481088447344377251e-02 -8.776357640819375250e-03 2.451887774184670354e-02 1.239426924043973786e-03 -1.157832705762791986e-01 1.508147265067325549e-01 8.406076947459077686e-02 -3.732676638617647702e-02 -9.775357187462950515e-02 -4.738633802814393170e-01 1.246771698028125569e-01 -1.291142728056181022e-01 -1.140132644738527240e-01 1.134159197790525625e-01 7.872497866353150853e-02 1.587527473456792626e-01 1.652019545708232895e-01 1.357555040661779892e-02 8.386717462258085065e-02 -1.704952947244579020e-01 -7.293290815481232037e-02 1.144711616965329859e-01 -2.103530488695492251e-01
-3.847154880811763655e-02 9.752383342259027255e-02 8.487119831733225261e-02 1.546942752449388392e-01 1.304215675249680850e-01 3.459204751272146328e-01 1.000000000000000000e+00 4.215400183882124785e-01 3.672098291753272958e-01 1.376296423718238182e-01 8.832824338096481598e-02 2.682128146864137253e-01 5.275779728943667812e-02 -3.133215364869643832e-02 -1.217354682005537397e-01 4.905127642249820785e-01 3.991686518832320285e-01 2.010872031947869010e-01 1.172225961794155502e-01 -1.206578657646140973e-01 1.993300564200626013e-01 1.836712914367923388e-01 1.632988278690050143e-01 3.418866632807481820e-01 2.294341449254825027e-01 2.733371696366511117e-01 -3.228694688367476223e-02 1.379528233209047390e-02 -8.282893224022074008e-02 8.303699734698964663e-02 7.665522217368551938e-02 5.351575049842479531e-02 -1.170763283325741144e-01 5.426363377853359732e-02 -3.796687844888219088e-02 -2.939362342144092189e-03 -2.493100461836892656e-01 -3.312630736348944893e-01 -2.922493132672844274e-01 2.366414273653619227e-01 -3.285679460137019281e-01 1.456006989958515043e-03 -1.543278513890491976e-01 -2.134445858718014843e-01 -1.877830251248472360e-01 -4.789661269224466666e-01 -3.099676974418197339e-01 -2.609960330557197228e-01 -2.139387562683618682e-01 -4.064115553661026836e-01 1.083213712047356170e-01 2.472798032931009249e-01 1.947021458200918764e-01 5.934685604710547568e-02 2.099915145559189122e-01 2.223729883858778511e-01 2.827857040246506970e-01 3.640077102275667831e-01 1.730297326779840425e-02 1.208292067717595675e-01 1.777122749857640294e-01 4.662334727034898180e-02 9.254081140761040436e-02 6.794147076974765831e-02 2.451656939628948650e-01 1.608399505413789579e-02 3.579690032335279271e-01 4.360018470924944545e-01 2.081924041309914375e-01 2.322730364944451953e-01 2.183481170547934003e-01 3.126805223593694949e-01 2.887036175846864894e-01 1.675816631808128843e-01 3.635816328333710823e-01 3.382382536867781786e-01 1.192762591280353279e-01 2.550978192733814875e-01 1.279825210357189158e-01 -1.203253016145437448e-01 3.324375067039149201e-01 -2.902649578902695149e-01 1.238689697574750677e-02 2.898817243120481169e-01 2.671277455758314656e-01 -1.660319574106879636e-01 -2.451243776848867073e-01 -5.107439767263567687e-02 -1.908614954686720100e-01 -2.985388651940408811e-01 -3.266321420455926550e-01 -1.431883680676295234e-01 -1.320738962287093532e-01 -1.359913193500788819e-01 -1.449985686222590719e-01 -3.221085152141191510e-01 -4.555266065877565107e-01 -3.490652720819543142e-01 -1.577159012142305972e-01 -4.069464054393760466e-01
-6.837377700308101824e-02 2.704299369391754970e-01 4.824979027658999470e-02 2.370295199993142643e-01 2.427446604801727637e-01 3.043917635308255321e-01 4.215400183882124785e-01 1.000000000000000000e+00 5.091064344255835650e-01 1.205057713897532273e-01 3.026159267242163331e-01 3.527293458972921014e-01 3.772850769238154101e-01 2.470996320983849248e-01 1.486343793838222072e-01 3.240461579381351820e-01 1.489423267697499720e-01 4.423434337013350537e-01 1.506865504891584939e-01 -1.825920471722214666e-01 2.744651459878800770e-01 -4.199481863014725702e-02 -1.022216814388266365e-01 3.155671264925546948e-01 6.579137481460695103e-02 9.875070456685283715e-02 9.390284281795285848e-02 -5.058157704964883622e-02 -7.481620602486269145e-02 1.125414374835614489e-01 1.625865075315532648e-01 -2.948110203355108760e-01 -1.637731840851800180e-01 -1.266445348632768142e-01 -1.679527972876443120e-01 7.918063982849868343e-02 -5.681523174072794502e-02 -2.004116471612440165e-01 8.254363705001013102e-03 3.273964154164628049e-01 -1.648267348074285432e-01 1.496478485265779756e-01 -2.215146556915076614e-01 -9.614077345854545043e-02 -2.120503554974886018e-01 -1.723076085233305743e-01 -3.075034076916837722e-01 -2.406060560046253405e-01 -1.842575522105639740e-01 -1.058242076782684588e-01 5.544820676935848305e-03 4.224894936954235458e-01 2.121526759296784859e-01 1.296247973913263463e-01 2.361351824033352254e-01 1.572543264192916290e-01 7.035223468458107199e-01 6.352047752474111464e-01 -1.271913131401260777e-01 -7.430150769978378922e-02 1.274104394075072089e-01 3.715134271881754269e-01 3.094565159765849671e-01 9.224820404030062426e-02 1.688317257821373429e-01 2.890667020088235617e-01 5.256192881664258076e-02 1.554883191422039013e-01 -1.027282520618256201e-01 3.261810735824802188e-01 3.112649785017608806e-01 4.991668138042878317e-02 -1.588498374581842898e-01 1.151949516251433436e-01 2.089451804845726957e-01 1.751207056464455791e-01 -1.120581710416024557e-01 1.056521163454111623e-01 2.989985210356525119e-02 -1.898792454750749259e-01 6.299700477290014200e-02 -1.645612474220135291e-01 -2.154848568716800084e-01 -3.188525732198246865e-02 1.405803399127643072e-01 -3.281328816126121151e-01 -1.858369956633089126e-01 -1.234645002881802761e-01 -6.725374725625332673e-02 -1.678639173719369271e-01 -2.720736571577485607e-01 -2.764022835624794783e-01 -1.528550210310595514e-01 -2.646620841583045558e-01 -3.120113634469621200e-01 -2.560264896400120671e-01 -2.529049614616660779e-01 -2.450594337227925967e-01 -2.071461717460853502e-01 -1.250813504890385675e-01
1.198610397988332521e-01 5.664235371274686792e-02 2.642921032586650343e-01 4.247144674452604102e-02 1.906765661300240944e-01 3.902744423638840332e-01 3.672098291753272958e-01 5.091064344255835650e-01 1.000000000000000000e+00 1.725055730283139854e-01 2.420567233004239024e-02 7.953991395850996959e-02 1.108915058772637907e-01 1.055512262665698753e-01 -8.991115794121665172e-03 3.376687590895840474e-01 -7.398439016888156382e-04 3.251768506498018407e-01 2.412817836828690388e-01 1.013667535197068231e-01 2.289064739202570087e-01 -1.832940997096172142e-01 2.643984464979409407e-02 1.020294789775842842e-01 1.446693263007324259e-01 4.287116055089706945e-02 1.867763909743218320e-01 5.991405276553535275e-02 1.093235530937007455e-01 -3.553042621176513705e-02 -1.950683088923918229e-01 -4.874342721697948883e-02 -2.657717194521767023e-01 -7.107646874502929202e-02 -1.900763437704890424e-01 3.767710460715765763e-01 6.806602124280618227e-02 -1.364474109573394212e-01 -5.283737718969840069e-02 1.823938780350543576e-01 -1.868432620959042667e-01 -2.018224878303166436e-01 -4.460880664748892999e-01 -1.536184674950501206e-01 -2.442203650302209039e-01 -1.386388442382744390e-01 -2.753106806870450618e-01 -1.296116482289864091e-01 1.054114413443694859e-01 3.884110627921776721e-02 7.516654540676845353e-02 4.034551666211645404e-01 3.116426928034488619e-01 9.556705031672678430e-02 4.046860221410839564e-01 4.731539412210041262e-01 4.701052457411585839e-01 5.764094723423522915e-01 7.433707269514674976e-02 1.892096247047907187e-02 1.166284560445869783e-01 1.674907343790546232e-01 6.076808130754256937e-02 1.662096924227825789e-01 2.308570434112413861e-01 8.247181659917833529e-02 5.794387724567669901e-02 1.678007168808834659e-01 1.920100151664623847e-02 2.772521233888942671e-01 2.424453941012323921e-01 -1.137127516630904826e-02 8.246706627171518367e-02 1.078121111283232222e-02 1.216605754697299702e-01 1.284307107123502101e-01 5.812214696209071912e-02 2.208837541071874411e-01 -1.855018618651539664e-01 3.737890511006611988e-02 1.030730140708361331e-01 -1.510560534825039838e-02 -1.447343952870665806e-01 -1.196561937522758051e-01 2.411379562512374064e-01 -2.097063917354655416e-01 2.390021872433316028e-02 1.443231256949554786e-01 1.863666953597081510e-01 -4.931981545282852764e-02 -1.098451609764888037e-01 3.480658388651525215e-02 1.469503997497421423e-02 -2.110253847571754993e-01 -1.905905387225066139e-01 -1.173635987817958776e-01 -9.331049094393605026e-02 -8.288791097970174548e-02 4.185742321124412413e-02 1.067427118126178069e-02
2.848487351720434546e-01 -1.591897647406400884e-01 -4.727675895802221223e-02 -2.066266575274350314e-01 6.398998424122986917e-02 5.049667815547005389e-01 1.376296423718238182e-01 1.205057713897532273e-01 1.725055730283139854e-01 1.000000000000000000e+00 9.620453969914700976e-02 2.233833206206522759e-01 -1.057314408021465257e-01 -1.885987501097666774e-01 -6.465581102135133096e-02 2.932830227513885668e-01 -5.567995108783897057e-02 -1.299493381016166571e-01 -1.385486926706266386e-01 1.326246399534704024e-01 -1.177365730917458442e-01 -7.668736216142491013e-02 1.409516545202259621e-02 1.452616133090955663e-01 5.619952514215842410e-01 1.984930925137173008e-01 1.262440866106235293e-01 4.261475653261375118e-01 -1.533162448215355245e-01 8.222646745093492582e-02 -1.778925722372527718e-01 3.193780812593040586e-01 4.452252151494827392e-02 -6.936732802601096315e-02 2.852774563578650349e-02 -8.748498538411238201e-02 -4.198361678535734165e-01 4.710112622572239227e-02 -1.069636829619535073e-01 1.229248783178812643e-01 -2.330232618078214024e-01 -4.147919543071790227e-01 5.139067584170578518e-02 3.074412481355792148e-01 7.380902471166540801e-02 -5.031936039949631151e-02 -1.864657279000890289e-01 1.472118225252663226e-01 3.977192157421389762e-01 -5.258254415229630246e-02 2.971399457771357611e-01 1.362254065400580749e-01 -9.829032416445832379e-03 -5.143771207787423833e-02 2.106647336958745176e-01 2.805160121618262559e-01 1.078432001280179436e-01 3.458990471781121789e-02 4.597386117493512669e-01 5.148276235291410208e-01 4.111847362649911908e-01 -1.474225977201419346e-01 -1.493268449437252232e-01 -1.273841167614045422e-01 -3.186920832943442861e-01 -2.611596805869824678e-01 1.962701913536295806e-01 1.496004079456794700e-02 -2.498279749741376676e-01 -1.130523874758176950e-01 -1.041905204364484971e-01 1.015720540549414769e-01 3.474044373094812340e-03 9.804225918132517675e-03 -4.472334942176495881e-02 2.485349204312972127e-01 -2.686309182200947721e-01 5.430361842504807801e-02 -4.074190497532151345e-02 2.146055755363505679e-01 -1.931530808902338359e-01 -1.815277283362295990e-01 -1.142326782601899016e-01 6.453997286653032073e-02 5.317259439632396334e-02 -2.049251659957537497e-01 -3.941422961506609868e-01 3.626847376234180187e-01 -3.924173974048122959e-02 -1.414173436712591603e-01 4.828427244732531182e-02 1.908927797167716267e-01 1.093536262366773537e-01 2.509855782164934213e-01 8.450771862736881912e-02 2.655964555347860023e-01 -5.519108892724083892e-02 -3.876730184258103239e-03 3.450986434324682661e-01 -7.109619084409275758e-02
7.152967728837296424e-02 1.990286782776927166e-01 -1.721982166318376251e-01 1.137323545220441795e-01 -1.597129420595141680e-01 6.543125080024107809e-02 8.832824338096481598e-02 3.026159267242163331e-01 2.420567233004239024e-02 9.620453969914700976e-02 1.000000000000000000e+00 5.407261406313932373e-01 3.848129736256296618e-01 2.100718441399293812e-01 1.879509414055942351e-01 4.891175097851215708e-02 7.947868800062937722e-02 1.751084588128034303e-01 5.646935238651801942e-02 -2.927621267814244366e-01 -4.178481773375918723e-02 4.431991973548233404e-02 -6.087370136084651467e-02 3.703413635277593152e-01 2.686085399290086828e-01 3.377433476762590758e-01 4.822144570266299196e-02 6.943181285630656285e-02 -2.476623904104116869e-01 1.075267060901773930e-01 6.154556011804662025e-02 -2.135968676071180183e-01 -1.865212193854581257e-01 -1.513800766393451624e-01 9.289430894618472268e-02 -3.760310393143759256e-02 -9.862870695128125864e-02 -1.471696558133193389e-01 -6.535716240226806771e-03 3.349877490236153887e-01 -2.242903756021144279e-01 2.377367613499943577e-01 1.436332099606517088e-01 -4.307326841040783755e-02 1.690438542233110158e-02 -1.446668358261384846e-01 -1.826161293190246837e-01 -2.576091843607175580e-01 -1.752505799025779465e-01 -1.684086880575636769e-01 1.410978075962245337e-01 9.089060403754774253e-02 -5.231570466022032739e-02 -1.514030077371651684e-01 -6.717217458791248375e-02 -1.771936247456484814e-01 2.156846448170539887e-01 1.974883403312093777e-01 5.139727636682422246e-02 1.826612453405267178e-01 2.733482635520594339e-01 3.281636302742778066e-01 3.401916000742959412e-01 -7.101953997214378866e-02 1.446578644903344368e-02 2.797404538176549993e-01 5.177303952375162527e-02 1.200394088296177775e-01 -1.221366639762756778e-01 4.149871037769519572e-03 1.132058880877215984e-01 1.616099986845608294e-01 -2.316805117013860660e-01 2.223827260110672610e-01 3.196061404168984432e-01 4.258668700739612345e-01 -1.445400035597481647e-01 1.456396500853485432e-01 -5.575864657414406587e-03 -1.198732225998093148e-01 8.273753361532451556e-02 -3.270481114783184706e-01 6.208213103477890765e-02 1.948104556189619307e-01 1.420784315076311088e-01 -2.790892358595916667e-01 -2.621632960580997374e-01 -1.802788540504053237e-03 -2.036766111064932661e-01 -2.733446551923089940e-01 -2.668436709180358468e-01 -1.994500243439555898e-01 -5.033989391371321287e-02 -8.916976712844415509e-03 6.182272315556218423e-02 -1.387286907511902367e-01 -2.045614416992801166e-01 -3.499174237429478751e-01 -1.716456245976260286e-01 -1.986374147660618095e-01
4.852931222659936927e-02 1.323591336024350917e-01 -1.796859885340675311e-01 1.401372403240373488e-01 -2.973879141957434802e-02 2.253952509797159387e-01 2.682128146864137253e-01 3.527293458972921014e-01 7.953991395850996959e-02 2.233833206206522759e-01 5.407261406313932373e-01 1.000000000000000000e+00 2.418801005563109008e-01 8.333695780423525101e-02 8.375461653530712203e-02 3.298915891351316132e-01 2.216133577332202731e-01 -8.583355938943430796e-03 -9.943483924794856155e-02 -4.317934147507574982e-01 -1.659841036870483844e-02 1.062816512355561210e-01 7.488845223446226849e-03 5.107187392793475222e-01 4.073383321813936475e-01 6.178697952760254797e-01 -1.177560052172790389e-01 1.592841297510214083e-01 -4.468200886659386972e-01 1.531072604437220264e-01 3.388869785207558605e-02 7.737201109098647278e-02 -9.323738570939943404e-02 -2.291760886970737321e-01 2.202234990488833102e-02 -1.038846434822106868e-01 -4.365337523971744571e-01 -3.264493678942689270e-01 -3.309200093658531960e-01 2.840967846244872863e-01 -5.214222800618016906e-01 1.180540609173853089e-01 1.087765636512550843e-01 5.016348817766169005e-02 -1.102098152822557492e-01 -3.855475769133452357e-01 -4.169680956196531452e-01 -3.949419742942285594e-01 -2.299782132992930495e-01 -4.515630664076148992e-01 2.153216275058279228e-01 1.474265824021177285e-01 1.163664145957971213e-01 -1.521492198199794754e-02 -3.913877473877269003e-02 -1.297905643964980538e-01 2.267598143074548989e-01 1.517455282252995197e-01 -8.081084549030224939e-02 4.853785307590210985e-01 5.945121576539067476e-01 2.543782425280519122e-01 3.334963146891009589e-01 -2.407954850173181227e-01 -4.804545292516750055e-02 1.431950178364764792e-01 3.045153571939382964e-01 2.183952481021837200e-01 -1.850012245095502550e-01 -1.216573921752802656e-01 9.451497251401749788e-02 3.221776698627134006e-01 -1.239149198488084108e-01 4.289526808041407846e-01 5.114009060903187409e-01 6.045556362866242317e-01 -2.021624289195249058e-01 3.005618337231441561e-01 1.226290329919308142e-01 -1.781217446667081317e-02 1.801107717779494855e-01 -5.876253258510381050e-01 8.340854034978258114e-02 3.959339200292937289e-01 2.559051981960814293e-01 -4.986623630748384106e-01 -5.531767230473265684e-01 -4.471822301875766348e-02 -3.436547559650937056e-01 -4.847713092067889029e-01 -3.923388598809439132e-01 -1.270256211612885711e-01 -1.937322298763844916e-02 1.498677980337009483e-02 7.498334194127628805e-02 -6.974582326264230914e-02 -4.332888652008180519e-01 -5.695760062740536922e-01 -1.941205302013531697e-01 -4.665321471816984977e-01
-1.853661178930279263e-01 2.535989780148673045e-01 -4.913650594144040179e-02 -2.800154863052451565e-03 -1.208374353296878950e-01 -9.178118024689749244e-02 5.275779728943667812e-02 3.772850769238154101e-01 1.108915058772637907e-01 -1.057314408021465257e-01 3.848129736256296618e-01 2.418801005563109008e-01 1.000000000000000000e+00 5.180978661569499710e-01 3.842381927712301137e-01 -1.466291361850113328e-01 3.854674650247675305e-01 5.033628457902086240e-01 3.685951268626494470e-01 -5.253233859685375179e-02 2.505862847930935833e-01 2.440654784718484793e-01 2.137099829041867183e-01 4.468154650906672187e-01 -1.141714395473753807e-01 3.789783073830353677e-02 2.540667753276191210e-01 -6.195363952316769885e-04 9.963512919418258951e-02 3.656067449998587904e-01 8.171336345032530202e-02 -4.631481094925160025e-01 -3.738909836865691450e-01 1.190133296152576514e-01 2.490700230448837649e-01 1.944935240189798673e-02 1.238163337284956672e-01 -2.860350551816484010e-01 1.329328839527172124e-01 1.936246684515725014e-01 -1.626201976090940055e-02 2.424056682886385761e-01 -5.472296721074670217e-02 -3.673528260588626582e-01 -1.661424675764776315e-01 -6.286730294514837614e-02 4.402051371733119167e-02 -1.112012802527141409e-01 -3.128178938425462685e-01 -1.001115138744064492e-01 -3.061541605835477742e-01 9.247406852768037810e-02 -7.725136704543295041e-02 -1.295084367860944163e-01 5.601923598451825220e-02 -8.438549587077562308e-02 2.381357803173469734e-01 3.320176863869016004e-01 -1.481343901794202889e-01 -2.350200137907798581e-01 -6.363671252459926486e-02 7.837401545222422161e-01 6.238792227437174320e-01 2.648070696441001126e-01 2.712144595292154126e-01 5.289339679006476169e-01 -1.496385234353112548e-01 2.916861381952660093e-01 1.550449021353245971e-01 3.579516518322729546e-01 3.617845495769246855e-01 2.954245337274261085e-01 -1.342940530903705999e-02 1.530536199771820316e-01 2.267832238748486162e-01 1.611357925709781258e-01 8.444326378291885926e-02 2.737186052033650507e-01 -1.035620500858360493e-01 -3.086229991832806774e-01 2.038587176278672808e-01 -6.962371997337528373e-02 -9.688805911894760037e-02 4.984046159145832933e-02 2.213521665613554790e-01 3.392559921794800065e-02 -6.519633833612577256e-02 5.636328533442139938e-02 -3.673949727666615123e-02 -8.628106697509151102e-02 -2.081967522117470770e-01 -3.304648902089609153e-01 -2.279340762667254883e-01 -2.532272660965979583e-01 -1.733239145488142952e-01 -3.692188179351533761e-01 -4.331221845151969618e-02 -1.404725519248264942e-01 -2.877032707122085808e-01 -1.398166451463040416e-01
-2.000149671759844650e-01 3.937436041980535983e-01 2.080738420556288992e-01 -5.675535008809957926e-02 -1.189067496356689818e-01 -1.003104423972324410e-01 -3.133215364869643832e-02 2.470996320983849248e-01 1.055512262665698753e-01 -1.885987501097666774e-01 2.100718441399293812e-01 8.333695780423525101e-02 5.180978661569499710e-01 1.000000000000000000e+00 6.782676092945295609e-01 -6.514100137130866830e-02 1.664908924808789770e-01 5.060645257052581725e-01 4.292161752645168860e-01 -1.504201569268694139e-01 4.701655640265305358e-01 1.201836975149230685e-01 4.221687246087700851e-01 2.203699989733345910e-01 -2.113558874041015778e-01 -5.472396958370513015e-02 1.062752597098220869e-01 -1.069466317718289067e-01 1.172894561424314003e-01 2.870703702923262934e-01 3.013981836242629261e-02 -4.517168689192923026e-01 -3.722493305548501552e-01 5.169916170105561676e-02 1.211645498071191873e-01 -5.582078805727742205e-02 1.769728421841986754e-01 -2.465783508458910256e-01 4.809254847424408730e-02 2.243940520951437090e-01 -6.096006798848985220e-02 2.086821158043244973e-01 -3.858941189056303012e-02 -3.487461677637481716e-01 -2.121192054721424136e-01 -1.990371817374324281e-02 6.572909721399000649e-02 -1.836775695588937773e-01 -3.643364921548000734e-01 -1.362488440808120038e-01 -3.484702573149148774e-01 1.954830050637399730e-01 -1.659135948230937643e-02 -1.121631844675958917e-01 1.170574288861354617e-01 -1.140988592350241672e-02 1.889456298742562546e-01 2.050595634689308389e-01 -1.580382712059488215e-01 -2.932120025241014560e-01 -1.182139505523501360e-01 4.269270224385668389e-01 5.572410717030515936e-01 4.399918271196142094e-01 4.442981450647669472e-01 6.846640447983367572e-01 -3.018949367791297633e-01 1.678460523656603032e-01 1.378844063519432117e-01 3.113783229140352216e-01 3.804097270129255803e-01 1.552809042613838286e-01 1.301000087882310530e-01 1.019193911311030848e-01 1.904587766757520340e-01 6.528905693125978960e-02 1.334534774241092348e-01 2.829138684525643321e-01 -1.021406516138022025e-01 -2.983766759531837898e-01 1.604045813235965012e-01 -1.154564812437185728e-01 -5.605365377238261115e-02 -1.642439443775628102e-02 1.522471380379239458e-01 -3.017589452639345485e-03 7.175475757482339956e-02 -1.288886261112832943e-02 -1.646057888727946172e-01 -1.795443021929997163e-01 -2.115139213501891491e-01 -2.880648147282412475e-01 -2.579011392442649986e-01 -2.527631349923065152e-01 -3.663151613609713642e-02 -3.221806806797156697e-01 9.400140258270407723e-02 -1.569049931969407619e-01 -3.955000667317410956e-01 -1.379864824456831229e-01
-1.994159554007238211e-01 3.107213852441019775e-01 2.266495258867531337e-01 -1.757135867588110745e-01 -2.404271427400007655e-01 -1.159809295276579416e-01 -1.217354682005537397e-01 1.486343793838222072e-01 -8.991115794121665172e-03 -6.465581102135133096e-02 1.879509414055942351e-01 8.375461653530712203e-02 3.842381927712301137e-01 6.782676092945295609e-01 1.000000000000000000e+00 -1.453118885605830524e-01 7.022389881309391846e-02 3.822766603625165627e-01 2.661839260135103746e-01 -6.706534650151792232e-02 4.350205715091735592e-01 8.002539886965573390e-02 3.970523477234282339e-01 2.425383284935099248e-01 -1.290707006951439251e-01 1.743890769252037440e-02 8.711802623569177284e-02 2.321342133159643231e-02 1.780945444024465973e-01 2.971312972022442933e-01 3.798848684073086873e-02 -3.657444311000232484e-01 -5.272847054290324964e-01 4.832694383143554435e-03 1.904901313525017847e-01 1.903895121303799190e-02 2.183794782774973187e-01 -1.963171940407040517e-01 2.369428025054131151e-02 1.595521186452071583e-01 -1.210758211199899764e-01 1.136983645538916649e-01 6.440765189873056719e-03 -2.002416022510460081e-01 -1.654400274516577007e-01 6.504398824943640085e-03 1.603106675562392808e-02 -2.036336364934764054e-01 -2.254286219160480942e-01 -5.689580044128340897e-02 -3.502706109780011623e-01 1.140758167266064799e-01 -8.720387934284896947e-02 -1.307494069012453686e-01 7.769780846369461758e-02 2.647056242462983433e-02 1.472924101896849747e-01 1.838369037377442228e-01 -2.165603453842699158e-02 -1.748286953617504136e-01 -4.210212189537793082e-02 3.717541664344993224e-01 4.493536882854214376e-01 3.443025035731234751e-01 2.932816558281593489e-01 7.639877565163185613e-01 -2.608525918285530265e-01 9.839752960150313643e-02 4.887410749738882454e-02 1.776441188497373258e-01 4.008297987540179186e-01 1.742600034790312280e-01 8.575669576778947867e-02 1.635327969051272035e-01 2.427075837010411186e-01 1.103590626896680804e-01 1.708592671758272230e-01 3.357326935593785144e-01 1.097464553225130889e-02 -3.018291668985498277e-01 1.136583604658751301e-01 -1.811229446523922038e-01 -1.487221220091504981e-01 1.827724883941046416e-02 1.513545976329821741e-01 -3.570705462578517564e-02 1.080413302011567350e-01 2.756905310598993519e-02 -1.172111320336395174e-01 -2.653034279269776419e-01 -2.837009551356062254e-01 -9.520503076570988044e-02 -1.839560993771099939e-01 -1.459545253688976640e-01 6.370128327900173235e-03 -2.058985381813794868e-01 1.408099274646778254e-01 -1.737989030413104874e-01 -3.044972957436772321e-01 -1.087396415659500071e-01
