1.000000000000000000e+00 -1.724904372199583535e-01 -1.796796033215419530e-01 -5.396068592907358324e-02 4.977184579266656639e-02 -7.612481378605596982e-02 1.486537997998733096e-01 -2.311251186119112622e-01 -9.997399466290321501e-02 -1.452178910254614541e-01 -1.784717701540295409e-01 -3.215475991074972506e-01 -1.165766060291445333e-01 -2.292539627534629088e-01 -3.054359112224544481e-01 -1.103199508704217312e-02 -4.029353331995157855e-02 1.120189517817811869e-01 -1.169456212412507412e-01 3.446960825686072871e-01 -1.889916511395969556e-01 -1.926129951737971524e-01 -2.791001594301809607e-01 -3.000416923621004872e-01 2.141175599759167492e-01 -1.321255306707072065e-02 -2.674626806545589153e-01 9.479599703375281294e-02 6.174599924038936746e-03 -2.670193351428924999e-01 4.014253465280288174e-02 1.142201473294734981e-01 1.897752496153771451e-01 -6.885563420343221441e-02 -1.176514817781332545e-01 1.385086937718286726e-01 -5.546242060140466057e-02 1.241349991679170511e-01 1.392413525977407862e-01 3.723017432000433891e-01 1.602029502014620799e-01 8.077843711840172747e-02 -1.014086747456766219e-01 1.840155745383776076e-01 -6.569013693348894900e-02 -1.337667227667810876e-01 -7.837661163857016777e-02 2.061946431539098679e-01 4.886452939220756742e-01 -8.024372388411455878e-03 2.212537248048228045e-01 -1.841411906973956236e-01 -1.497554771705589816e-01 -4.067936495618345444e-02 5.953756439785303639e-02 -9.697188098437245496e-02 -1.178143163797955445e-01 -3.837881533533002987e-01 2.492293791099552680e-01 2.160800656349989857e-01 -1.429922269186820324e-03 -1.894422676907801459e-02 -2.682903279793603657e-01 -2.366044288421510211e-01 -1.749985287880645446e-01 -4.144177253182583787e-01 5.638431695498599128e-01 -2.142777250533018929e-01 -1.056173409313756195e-01 -5.073877516976896956e-02 -1.082612934910094776e-01 -9.261489984452513091e-02 -2.215961960540664411e-01 2.430554733312619564e-01 1.506532852469731620e-02 6.824155220176675654e-03 -4.642574945041259837e-02 -1.631742228891056579e-01 7.743619088173306353e-02 1.134699662681650234e-01 -1.776642836190802099e-01 1.722838034294403575e-01 6.729542544809101468e-02 1.001442872308580812e-01 -6.391287253655221490e-02 3.368810954786662787e-02 1.432267655169731368e-01 -4.294980279491453917e-02 2.103442921432701063e-01 7.823270867647968974e-02 7.315132064831221526e-02 3.631032148039158858e-01 -8.060928200981569425e-02 2.443759787330011812e-01 5.185317651604197386e-02 1.355492828006213402e-01 1.467374389370569229e-02 1.960705968059022197e-01 5.427828542950352553e-01 1.056621065961287353e-01
-1.724904372199583535e-01 1.000000000000000000e+00 1.825529054792479344e-01 5.703484332710799798e-01 4.430539280409037661e-01 -3.685832281713521258e-02 -3.917460872524274051e-02 3.825768076189416111e-03 -1.008064646378732249e-01 -3.496847270160874932e-01 -1.642333662121642779e-01 -5.794092715959328621e-02 7.731813754439983977e-02 5.191596972125589460e-02 3.904362659397304924e-02 2.859624119584859292e-01 -2.112398458333467066e-01 -2.702416202483371999e-01 -1.590245441596277454e-01 1.302065602835809632e-01 -7.973728644738137250e-02 -1.421274318695189484e-02 2.678929929206515514e-01 -1.457114946801250088e-01 -5.372709635763012193e-01 -1.916289453603308157e-01 2.906719441075543142e-01 -3.164419124833196539e-01 -2.619250877386224419e-01 9.166547547777806337e-02 -3.265311725170406132e-01 -9.388319454328432345e-02 -1.374069679693018520e-01 -6.265304731916233882e-02 1.886167290524464191e-01 1.864955759152553405e-02 -2.931152513786177208e-02 -1.257122383178000194e-02 -1.049359721325114903e-01 -1.424734394609188104e-01 6.665135915367652319e-02 -9.786698978971074270e-02 -2.593309038084849749e-03 -2.689376282188398748e-01 1.871667958502777895e-01 1.083118834789141421e-01 3.626544356949925052e-01 1.851495249804550880e-01 -1.066826905769246159e-01 2.399000383068825015e-01 -3.186633332162736587e-01 4.276798654614047956e-01 4.879760009815310717e-02 2.317573601283485218e-01 -3.542177767496931112e-02 7.684282517782431432e-02 -1.003125237221906135e-01 1.375213300899354174e-01 -4.721369062448758647e-01 -3.039388970436456838e-01 -1.895838212814034418e-01 -9.938348858131365593e-02 1.791781218463439074e-01 4.668156359193208899e-02 7.800895715961074506e-02 9.293930578525566588e-02 -2.371430339395566300e-01 6.085033636537772600e-02 -1.596321411825245007e-01 -1.472943616988442450e-01 -5.676053598781142379e-02 -1.882973317969956761e-01 1.070990365483115714e-01 -4.008347411283244011e-01 -4.379134274095863866e-01 -2.382113657757858327e-01 -7.818542926899607615e-02 -1.661398708730475460e-01 -2.111645017181597861e-01 -4.145249656210306943e-01 -1.597729509935665315e-01 -3.106480864852002866e-02 6.849783778291393399e-02 -1.124569230345267012e-01 -2.600349113148451435e-02 7.956595355777508483e-02 -1.887142239440299518e-01 -1.000760217104929156e-01 -1.498037882180663638e-01 -6.320731950140244526e-02 -1.101501679771882958e-01 -5.757819145815712414e-01 -2.129473733197273788e-01 -3.825344895653916555e-01 -1.516869085298536979e-01 -2.472116529800352236e-01 5.123270652862681879e-02 4.874486974666953493e-02 -1.060963815654748371e-01 1.046253017321733952e-01
-1.796796033215419530e-01 1.825529054792479344e-01 1.000000000000000000e+00 5.195082354721295564e-02 2.457835389182000951e-01 4.473350916675903899e-01 1.707720590589167642e-01 3.490051172753966813e-01 1.899235424187568910e-01 1.866443170997428291e-01 2.197555980757207317e-01 3.122687861769428697e-01 9.180423358747494267e-02 2.336734089398613545e-01 1.236247368892020165e-01 2.979942864191179389e-02 -2.247856448320929845e-01 -4.382903309117729823e-02 3.625805112732560787e-02 -4.765410645866959005e-02 1.720744246665626143e-01 -9.486322238942238028e-02 1.098900686799002824e-01 -5.393625613445948014e-02 -1.476085055357130582e-01 1.796977210757740584e-01 7.482435806606789475e-02 -2.014460247668945214e-01 6.708223086405856739e-02 7.618703829838847918e-02 -1.349920642729866005e-01 -2.154119877531600058e-01 -2.053186135839084603e-01 -2.366211533488584984e-01 -8.106528565525787655e-02 -4.152267972110840893e-02 1.034951865896989731e-01 -9.511070655287123810e-02 -1.204143974728400790e-01 -3.798565514788835862e-01 -2.093274325739047370e-01 -1.733156427790106258e-01 -1.803907481512870281e-01 -6.259530810652695620e-02 -1.068283307504603631e-02 -9.280571381630831063e-02 -3.502482239738958364e-02 -1.265673627608623064e-01 -7.634089020727714836e-02 6.763981943716300058e-03 -2.668270022225905508e-02 4.740078177967554929e-01 2.655817430339397003e-02 2.713256581589725269e-01 2.591901282289375552e-01 2.978959992994102413e-01 3.484563651827614628e-01 4.128850996051134925e-01 -5.684848135154969839e-02 -6.089562571471410224e-02 2.515303211064833788e-01 -2.667797004915004391e-02 1.428629632657660853e-01 1.305477811894785733e-01 5.841581433893839465e-03 8.799877629502665666e-02 -2.344910509650322827e-01 4.697921013637226806e-02 -2.231736165745744904e-01 -8.610215127402683077e-02 7.898873214274931831e-02 -4.228434698704120615e-02 6.984472296274923941e-02 -1.103520042525150263e-01 1.729454853713834062e-02 -9.013822396274562970e-03 3.769300864371250698e-02 2.268563629833382500e-02 -1.950906963945666928e-01 -2.153918268901210964e-01 -1.106507759676229469e-01 -2.891468178381130238e-01 -1.870739748637314237e-01 -1.664633594293212226e-01 -1.175285342971868208e-01 -1.544005406770757594e-01 -5.327605334145583960e-02 -9.465063735080986307e-02 -1.063129977056584963e-01 -2.262623063431001003e-01 -2.910977153825700658e-01 -1.769751382389112004e-01 -1.276501316223492555e-01 -1.763884118480437690e-01 -2.810996403559258561e-02 -1.231410916381670273e-01 -1.884323679896438564e-01 -1.997332961694241737e-01 -1.071571121033890045e-01 -8.497643174596744564e-02
-5.396068592907358324e-02 5.703484332710799798e-01 5.195082354721295564e-02 1.000000000000000000e+00 5.628360874889921650e-01 1.218408873681469801e-01 1.129695595723655688e-01 1.740850359809608880e-02 -1.089791122090760372e-01 -1.819154652852989773e-01 -2.475667888813233297e-01 -1.616881307242115373e-01 -7.697879851960968967e-02 -4.582292763921917006e-02 -1.897662494094113084e-01 4.860920499311466303e-01 -3.620981380712760545e-01 -2.020371925712345917e-01 -4.451745985811448869e-01 2.694287637210794339e-01 -1.307622130578560138e-01 -2.555194967194530098e-01 1.040384045788801948e-01 -2.517588214033996685e-01 -5.226809468454267638e-01 -3.748622253885209865e-01 1.646558548936734034e-01 -2.684586749210495782e-01 -3.644974270595350285e-01 -3.824332133768500175e-02 -2.915933638528863669e-01 2.838044724060127533e-01 2.586708118036325499e-01 -2.744615780022413021e-01 -5.158522619523350783e-02 -8.684508131334978120e-02 -2.499289125609692117e-02 5.816384015810793784e-02 2.191556610103457814e-01 9.093837053837325324e-02 1.074284660558973703e-01 -2.950764073046990288e-01 -1.454902453309911414e-01 -1.170738605676947264e-01 1.739540001418579396e-01 5.991813594923869890e-02 2.139232621938376155e-01 1.960215378780074680e-01 1.019997170057495711e-01 1.180315125668954246e-01 8.732119523017341234e-02 3.226346679870797374e-01 1.447923496029591972e-01 4.660538536224514972e-01 1.545262449855026032e-01 -1.182366038991072565e-01 -9.093095298707069840e-02 -2.393818277046811088e-03 -4.166903653902342408e-01 -2.312826425723310819e-01 -1.924121157196553855e-01 -1.480744477216330013e-01 -1.115992013736250184e-02 -5.844480967208512054e-03 -1.376937464929811894e-01 -4.091672443648004809e-02 -6.659406872395437493e-02 -1.166816222267219455e-01 -2.694171472330490480e-01 -2.201800042324007778e-01 -2.035894922070222157e-01 -4.103858733203892828e-01 -1.358682099241925734e-02 -1.953524260698289994e-01 -4.599660210549619266e-01 -4.460180187923591943e-01 -3.803537102043531570e-01 -3.441378474751973782e-01 -4.102288382510492770e-01 -1.403290208865859701e-01 -3.829777912192928180e-01 -3.123668336671108631e-02 -2.537550770910413922e-01 -3.278793419743989968e-01 -1.522282385855248110e-01 -4.436712071308741845e-02 -2.371914212685556911e-01 -1.727224889607697211e-01 -1.362312687133481748e-01 -1.708425722638094724e-01 -1.732946635349057463e-01 -5.019199240940894757e-01 -1.700534875430892712e-01 -4.171473043092399635e-01 -3.558034094378618173e-01 -2.339413656245929174e-01 5.853382239199801662e-02 9.246628576861284921e-02 3.060397635601534716e-02 5.114088321346578481e-02
4.977184579266656639e-02 4.430539280409037661e-01 2.457835389182000951e-01 5.628360874889921650e-01 1.000000000000000000e+00 1.436154872787170078e-01 9.353498366120588381e-02 -1.542392745155587441e-01 -7.004747546863455965e-02 -2.525812086265064038e-01 -2.011199759485080840e-01 -5.940080600996438392e-02 -1.550507007940245541e-01 -4.012327110741410741e-02 -2.022434352499218602e-01 1.813204724750030472e-01 -4.207373310835204605e-01 -2.565835895989196924e-01 -3.376435380592618940e-01 4.466598183088392182e-01 -2.181414009279895594e-01 -1.151728156923149116e-01 -3.107653730322622321e-02 -2.319634260306966123e-01 -4.837102989711857814e-01 -1.907977720259590171e-01 1.179436799407928838e-01 -2.162272967870613738e-01 -2.893009023641206490e-01 -6.174433109604673259e-02 -2.649457447078961692e-01 1.041377312187077714e-01 9.184213787774732352e-02 -3.268649396139199914e-01 1.271893004290934048e-01 1.064437814510905099e-02 6.877223514385191749e-02 -4.207973724849085884e-02 1.122946822372463682e-01 4.504772447667972080e-02 1.494191342500638675e-01 -3.554618659443116169e-01 -8.974002645811070267e-02 -8.711736838807065952e-02 1.447809262216381010e-01 1.721299339040616161e-01 2.780828918489684498e-01 1.691184577842524128e-01 9.898442583196304101e-02 2.589828651137177085e-01 8.819614436290032500e-02 4.041840961598181514e-01 6.998408171921897958e-02 5.192197537102213323e-01 2.940409130101255819e-01 -1.150886191539303022e-01 -1.156566668930471969e-01 -8.661685775749959626e-02 -4.015724047338889435e-01 -3.556457986819833161e-01 -2.408176323778724315e-01 -2.259671027203082883e-01 -3.209103741769194634e-02 -1.811992779224509964e-01 -3.100592439717584914e-01 -2.261177459226549058e-01 2.648880998340924151e-02 -1.737780404752337637e-01 -3.281443119320199275e-01 -2.683122201254709571e-01 -2.066019706397819178e-01 -3.628437530282763168e-01 -1.339471431164302451e-01 -6.995826423188851451e-02 -4.487752237717066439e-01 -3.910308651571525185e-01 -2.475880542663902451e-01 -2.293009300204400525e-01 -3.621869798184667033e-01 -2.006376840826043229e-01 -3.169174016172919273e-01 -1.156492214939328252e-02 -1.742641151696391055e-01 -2.134454179223804204e-01 -8.075104266990722202e-02 1.141773141615089610e-01 -6.522182650800330272e-02 -2.338176129340941573e-02 5.813326198664889310e-02 -6.698584113104004423e-02 -6.326437605089328675e-02 -4.056062301914532542e-01 -6.290652284675704586e-02 -2.328267084897139294e-01 -1.522594143772827147e-01 -2.042696460546562509e-01 1.342694463525796467e-01 1.003136795733246822e-01 1.394469561151811532e-01 1.733669153512695515e-01
-7.612481378605596982e-02 -3.685832281713521258e-02 4.473350916675903899e-01 1.218408873681469801e-01 1.436154872787170078e-01 1.000000000000000000e+00 2.025360708737156956e-01 5.245093823331445915e-01 4.105328231934339822e-01 3.109247963637813417e-01 1.388391521311863330e-01 1.725485345090605610e-02 3.531227124226002378e-01 2.852648847032008828e-01 1.650305174645936845e-01 -7.361257057085385247e-02 -2.271037268311807689e-01 -1.114847573327175795e-01 -1.477932208588970953e-01 -2.373714177746124310e-01 3.031359266099254990e-01 -8.789268869634656034e-02 2.697361234334723079e-01 -3.055072203085875682e-01 7.420229785544130152e-02 -4.464250251536935887e-02 -2.024646945714050211e-02 -6.396762243201196962e-02 4.784484655062959911e-03 1.818538253657034087e-01 -1.362408089776372955e-01 6.699606764744021892e-02 6.928544972294028992e-02 -2.009174670661617590e-01 -1.901965334629777959e-01 -3.076736730470110981e-01 -2.784288996022597495e-01 1.963483774071671933e-02 2.219426393085917881e-01 -1.593411112377129957e-01 -2.661503246213819951e-01 -2.355635330536813010e-01 -2.632697114940922289e-01 9.244548514948230933e-02 4.251215177091356712e-02 -3.999121633151192512e-02 -1.342339732800613972e-01 -2.080398979745388677e-01 2.686014667814310419e-01 -2.578649244073676905e-01 8.234690761016701110e-02 1.966031244755788721e-01 1.097344912177773690e-01 3.425845786694661083e-02 3.620529168720222346e-01 4.988656035771228403e-01 4.695374090670569878e-01 4.826911581180071686e-01 3.068271302379881327e-01 3.647645583420409121e-01 3.809751036961759318e-01 3.436281596204194266e-01 3.168565869312973682e-01 4.667368450139232072e-01 3.398953730156814568e-01 2.107066880615874882e-01 -2.781688672098951987e-01 2.593363883104982115e-01 -2.514351141981538418e-01 -1.647630339474741995e-02 1.124877299782239687e-01 -1.658678641322121894e-01 2.394546994451486610e-01 3.590280555967731435e-02 1.250223637487324346e-01 -5.806081523997577015e-02 -8.739132997077286857e-02 3.480450607448399430e-02 -2.883102461134636751e-01 -2.028303535053929407e-01 -3.265950838626519581e-01 -3.571158845038329699e-01 -9.331596525603143288e-02 -4.174723354905122141e-01 -2.974541444694790426e-01 -4.160694445706178413e-01 -3.978813321159985206e-01 -3.455862491933935354e-01 -3.270286832556253409e-01 -4.003215357671022212e-01 -2.689191876509092749e-01 -3.397090218893911162e-02 1.861577515512153475e-03 -2.971629081283173046e-01 -2.545072426843779101e-01 -3.128657047640188149e-01 -2.907680104343430272e-01 -3.300005677512179436e-01 -6.227384505330534753e-02 -3.399775550926271150e-01
1.486537997998733096e-01 -3.917460872524274051e-02 1.707720590589167642e-01 1.129695595723655688e-01 9.353498366120588381e-02 2.025360708737156956e-01 1.000000000000000000e+00 2.082534127360463894e-01 7.474094379170656555e-02 7.356010574303900595e-02 -2.093979808045271507e-01 -1.688992381562376410e-01 -3.417856348494749397e-02 -1.607114146243878994e-01 -2.117530634651971777e-01 7.149662992988307930e-02 -2.076008514975749009e-01 -4.116835702638266259e-02 -1.795626291929427742e-01 2.448053836034799480e-01 -9.187362357561955351e-02 -1.903322485791145713e-01 -1.817854004598295492e-01 -2.293725944373246339e-01 1.342658445329537875e-01 -2.342565193947079571e-01 -1.756133899558012523e-01 -3.205884824856913146e-02 -1.501453349675614946e-01 -2.247374263627692770e-01 -1.423226184151775708e-01 5.110229102973991300e-02 1.152540640306230629e-01 -1.614587228349484982e-01 -2.205861532898182042e-01 1.762118119289090290e-01 -1.648625076995554883e-01 2.173233922448615241e-01 1.653375629271427449e-01 2.413713455321716272e-01 1.929813629133951269e-01 -4.946589253746123439e-03 -2.433103973616883020e-01 2.180288726435241076e-01 1.302744674354451571e-01 6.793658836153032565e-02 -1.705945128115356202e-01 -6.842684746338920099e-02 4.152706383292670278e-01 1.078748618858338948e-01 4.099744601153001294e-02 1.110705105516051061e-01 -1.111215156449697067e-01 1.356962288447137802e-02 1.258716194564751464e-02 2.345622783873476669e-01 2.961546198397412843e-01 1.051614935021688846e-01 1.516565400272393838e-01 1.726679635516991385e-01 1.785387423155057884e-01 9.151731270905174784e-03 -2.155497000873727587e-01 -2.643451766017484994e-02 -8.580454984505943294e-02 -2.650666286564601903e-01 2.571127955378946228e-01 -2.041897269827213091e-01 -3.551663666582124956e-01 -6.967353606078210970e-02 -1.393451510225661161e-01 -3.554263251241533417e-01 -2.774025190207150549e-01 4.274353743833094604e-02 1.789386297316383420e-02 -1.169903981371456930e-01 -2.807947093116353598e-01 -2.698830009905114902e-01 -3.151424864752674221e-02 9.619543088150278587e-02 -4.494763945144781836e-01 5.175148954527922923e-02 -6.249581675794305818e-02 -1.134213452729948557e-01 -3.876806999601979387e-01 -2.737674752431319969e-01 -4.591974592613280032e-02 -2.223005761973321781e-01 1.950586054404679637e-01 -6.687578423682169482e-02 -1.479770575889944317e-01 -5.352181809017764885e-02 -1.223625367329009006e-01 5.486246338741563450e-02 -1.465846670500520199e-01 7.097222192026983456e-02 -6.558034556868375109e-02 -9.291027915265083481e-02 3.197080906658162913e-01 1.836624606625968659e-01
-2.311251186119112622e-01 3.825768076189416111e-03 3.490051172753966813e-01 1.740850359809608880e-02 -1.542392745155587441e-01 5.245093823331445915e-01 2.082534127360463894e-01 1.000000000000000000e+00 4.510302703312517036e-01 4.406324060187911118e-01 3.037139918182104603e-01 2.372165066172439718e-01 3.406682731258142138e-01 2.955415037764519415e-01 3.881996633692655907e-01 1.079104392367343512e-01 -1.273759011062798770e-02 1.756412914900132016e-01 7.035728750846549640e-02 -4.407765617350741238e-01 4.521388779553029424e-01 3.494466454742818640e-02 4.247594397167301916e-01 -2.275211323202360469e-01 1.341702941346668565e-01 7.482423130985707549e-02 -1.588433447630364188e-03 -1.450615915235586029e-01 1.158057791940086678e-01 3.592840797911525663e-01 -3.390530994654082642e-02 -9.358867904212031519e-02 -9.239657092174810571e-02 7.212680729695751525e-02 -2.647570826715906489e-01 -3.521078408045860142e-01 -3.525407832931289898e-01 -5.520923535569230434e-02 -1.286433329614055099e-01 -3.942988848234826316e-01 -4.375100149231558877e-01 1.304138155485677075e-01 -2.013451253517617445e-01 -1.838375708382328499e-01 -1.656612344104879952e-01 -2.390627727376115064e-01 -2.840340167502929392e-01 -1.925523572332121236e-01 3.722969590134307671e-02 -2.926161042852037375e-01 -1.116470415251762660e-01 1.702727307793171774e-01 1.294746000589642732e-01 -9.849971800842342862e-02 6.031419822819909099e-02 3.726038987961485804e-01 6.258134342707242226e-01 6.689581326672869865e-01 1.780377697453099373e-01 2.826377780910033777e-01 4.510283486943706399e-01 3.054812123364077370e-01 2.593779355425322453e-01 4.826022172363864104e-01 3.965656397709235725e-01 4.848331002935490908e-01 -3.326197345866521160e-01 3.212951952993440274e-01 -5.843195564447636881e-02 2.312809769569924012e-01 2.887875315987623037e-01 5.160165226758067075e-02 3.786620604187782568e-01 -2.433516857175772874e-01 2.477997381555354928e-01 1.583001502699986351e-01 5.237155170428081652e-02 1.904277759455702546e-01 5.644051373050496673e-02 -1.019745438255979381e-01 -2.069626984985282192e-01 -3.964185030044100611e-01 -9.409344162750496454e-02 -2.723799434214454473e-01 -2.778187153712113888e-01 -4.741416309898904280e-01 -5.096109388234902893e-01 -3.622613422760630475e-01 -4.808101114497665418e-01 -5.218019722039085595e-01 -3.300984158808592528e-01 -9.857829767002218579e-02 -2.975759538527225634e-01 -2.548271266024899062e-01 -2.527846971841265500e-01 -2.833154802754797030e-01 -4.642155864542084065e-01 -3.408186570630657442e-01 -2.430608444115034961e-01 -4.136589750782726504e-01
-9.997399466290321501e-02 -1.008064646378732249e-01 1.899235424187568910e-01 -1.089791122090760372e-01 -7.004747546863455965e-02 4.105328231934339822e-01 7.474094379170656555e-02 4.510302703312517036e-01 1.000000000000000000e+00 2.168123893112062772e-01 1.657409702224176828e-01 6.196944775417986134e-02 4.034585152306123246e-01 2.352342923870036906e-01 2.672944811849268243e-01 -1.584654662325820501e-02 1.838758193233185900e-01 4.483847145731773010e-02 2.062595779420405562e-01 -2.583569487291574873e-01 2.557636446149421650e-01 3.517243081831160634e-01 3.371470161872767712e-01 -2.466656725682756998e-02 1.226884610133694431e-01 8.363860808604431374e-02 1.231386182258890766e-01 1.476174172183072723e-02 1.066771209555650995e-01 4.578962139638465545e-01 -1.495177148074006424e-01 -7.509505610613762330e-03 -2.871964554843592921e-01 2.174489937819349406e-01 1.577827219399967618e-01 3.215484951628604809e-04 -1.086582894492874457e-01 -1.650481311868386702e-01 -1.636246366105602867e-01 -2.343632484329081778e-01 -1.430249844819924676e-01 7.270126346015147456e-02 2.125472405247734800e-02 -1.216250782276175613e-01 -2.077276728960273378e-01 1.197783576109152509e-01 1.052251954363888405e-03 -6.016808076219483381e-02 5.549925001667076196e-02 1.643856572822060269e-01 -2.760093371154592745e-01 -2.204451094553281087e-01 -2.648973122906928546e-01 -3.044690653524588231e-01 -1.625455407673321861e-01 2.044240436126507077e-01 2.167764107342219082e-01 3.224598056353267239e-01 -3.505862127323824268e-02 1.375803616277801178e-01 8.141212746750532692e-02 2.785076305371295136e-01 2.678892833346566693e-01 3.031244081014241032e-01 2.950644766029313915e-01 2.089054528847058279e-01 -2.004681041235328587e-01 3.575177781621917683e-01 -5.181360141449050695e-03 1.622550547675924160e-01 2.954567051780678799e-01 6.758986113383964878e-02 2.727247196418411401e-01 -8.749957503901249767e-02 1.003850168400717419e-01 2.343070290438310499e-01 1.907063157233689632e-01 2.216689178058932896e-01 4.377510852058776047e-02 -5.377971924149006766e-02 -2.543384413860686963e-02 -2.247433443567476707e-01 1.596392414411634863e-03 -3.769199053319632897e-02 -2.250363327700821356e-02 -5.411534595646333434e-03 -2.334966469890072671e-01 -9.200211543392243507e-02 -7.444216659697912297e-02 -7.835563952512027142e-02 -3.683585002558605881e-01 -1.323547726595905583e-01 -1.760089032513940666e-01 -1.286779574484391009e-01 2.708914946207477414e-02 -1.624370598454008552e-01 -2.179626751177221322e-01 -1.616390967364670639e-01 -1.048185621397948325e-01 1.219069439398278408e-02
-1.452178910254614541e-01 -3.496847270160874932e-01 1.866443170997428291e-01 -1.819154652852989773e-01 -2.525812086265064038e-01 3.109247963637813417e-01 7.356010574303900595e-02 4.406324060187911118e-01 2.168123893112062772e-01 1.000000000000000000e+00 3.851074456108544153e-01 4.181643807971098803e-01 1.333485256395516572e-01 2.975427492002284402e-01 3.230503773232869524e-01 8.599483567795723760e-02 8.948345198761784025e-02 2.319624459448776654e-01 8.890366940956166697e-02 -3.200630309322012867e-01 4.298323732519923612e-01 -1.509104401475192501e-02 1.586375132398422372e-01 7.990534282199894534e-02 3.042497141315982923e-01 2.687479729395252925e-01 -8.020539759096985410e-02 7.945174166416632544e-02 3.581631635907052691e-01 1.507137021550790934e-01 2.107787905976874210e-01 -8.377760964268002319e-02 7.516086135556587777e-02 -9.657996822051059457e-03 -2.716542988639188416e-01 -3.742119218065991237e-01 -1.075973049980734342e-01 1.037320511968048897e-03 -1.538721599907190386e-03 -1.987960552101966094e-01 -4.372845818737668977e-01 1.901965502761448351e-02 -2.505264777788670516e-01 1.133438554309152378e-02 -1.879673614653697700e-01 -3.608262708647680950e-01 -4.316880420241828165e-01 -2.445059883220243313e-01 -3.645702974577610250e-02 -3.800467988885377624e-01 2.252914725448496858e-01 -4.690190776056666483e-02 1.980090370890490725e-01 -4.467566099072076136e-02 1.155185607822807048e-01 3.034819640501761409e-02 2.955107553910209517e-01 2.923613533196323666e-01 3.711264316346272740e-01 2.659346604354650423e-01 3.935839862467321870e-01 1.680156494170382819e-01 1.746507418090115227e-01 2.746967823625136029e-01 2.113098603672184939e-01 4.038146745472230292e-01 -1.469282065909184865e-01 1.728991847261016623e-01 5.535854325655974184e-02 7.937404077428659999e-02 3.413660997863536828e-01 1.789086516189051512e-01 2.583036146065216254e-01 1.419655717317701293e-01 5.033689404482699636e-01 2.798703672765082695e-01 1.507161882502885131e-01 2.300721661667869400e-01 8.061294071857000310e-02 1.552675156381045918e-01 7.781291230114853463e-02 -4.029465761201337926e-01 -1.833132229420569581e-01 -2.268381586241370318e-01 -1.059941200659221261e-01 -4.364787644669964606e-01 -1.918009591377667078e-01 -3.005819313710315077e-01 -3.416098286506212278e-01 -4.284927569045360873e-01 -2.291628708004442294e-01 1.848277412196614178e-01 -1.235191733026242966e-01 -5.309955262211194654e-02 -7.395400998639550805e-02 -9.295832417442378981e-02 -4.185296390586987214e-01 -2.595329299517328825e-01 -1.564597993442859436e-01 -3.925463473857201957e-01
-1.784717701540295409e-01 -1.642333662121642779e-01 2.197555980757207317e-01 -2.475667888813233297e-01 -2.011199759485080840e-01 1.388391521311863330e-01 -2.093979808045271507e-01 3.037139918182104603e-01 1.657409702224176828e-01 3.851074456108544153e-01 1.000000000000000000e+00 5.477018183724045031e-01 2.950672941181670672e-01 3.199232079663693051e-01 4.386929635610155587e-01 -5.566805337202868076e-02 -2.318674142930858897e-02 2.081674982791637818e-01 1.607327003534702869e-01 -3.090031753711548479e-01 3.977269944542154434e-01 2.420950412819468031e-02 2.939902045823140631e-01 8.735221140652791108e-03 -5.453121679624922669e-02 2.396453044217468076e-01 1.109631851935011793e-01 -1.796544903456382125e-01 2.284221583911316966e-01 2.477572035924790195e-01 8.624180140352945279e-02 -2.610944817423703768e-01 -2.632309489415535775e-01 -4.137417251884744490e-02 -1.515400917004181558e-01 -2.462645604402530775e-01 7.455996571680326146e-02 -2.347276718535142026e-01 -3.189195578748241777e-01 -4.636941435244903986e-01 -2.684687867370746384e-01 8.856476197885686241e-02 -5.568662642513608901e-02 -1.835770578012279053e-01 -2.540473110658442724e-01 -2.273064449584453750e-01 -7.182829297351883691e-02 3.379417031631552857e-03 -1.186551039590595380e-01 -9.135997122035442730e-02 3.563450387957991378e-02 -8.025463753699739466e-02 7.709275863983358623e-02 8.158053794497896472e-02 -8.422121342150066386e-03 8.698874103431498972e-02 2.113813850358727819e-01 3.371649449923312947e-01 7.530589214916662277e-02 1.954923702360645832e-01 3.825911529281330048e-01 2.055805889158236754e-01 2.635210560961965265e-01 3.084327601701594701e-01 2.642367321080801301e-01 4.827435404961909482e-01 -2.143027634250299074e-01 2.973485560542760142e-01 5.985897077776154707e-02 7.826932227677352305e-02 3.727128942640359766e-01 1.566054819695093803e-01 3.340126225805504778e-01 -1.088307068250491533e-01 1.436075530960707058e-01 1.724246148014406121e-01 1.706023981379582444e-01 2.976791307496528538e-01 9.700459563083872749e-02 5.077830265846208779e-02 1.610256702036218929e-02 -2.173800369262468557e-01 -1.411019138384399241e-01 -1.945018116017151744e-01 -5.397868150923250397e-02 -2.027892734661489449e-01 -1.131312338846784393e-01 1.623041573794685791e-02 -3.300018034045406612e-01 -1.757637062864938760e-01 -6.460332780461347513e-03 4.536793826970890453e-02 -1.375040967208960574e-01 -4.087517344997756985e-02 -1.035909561819869790e-01 3.855133017969963882e-02 -1.470073468576390541e-01 -6.398887283699995765e-02 -1.675287365496281877e-01 -1.898087214296073078e-01
-3.215475991074972506e-01 -5.794092715959328621e-02 3.122687861769428697e-01 -1.616881307242115373e-01 -5.940080600996438392e-02 1.725485345090605610e-02 -1.688992381562376410e-01 2.372165066172439718e-01 6.196944775417986134e-02 4.181643807971098803e-01 5.477018183724045031e-01 1.000000000000000000e+00 2.290066440845947293e-01 3.120331192319231728e-01 5.050648578098614339e-01 8.562590231520056383e-02 1.054838303720236903e-01 2.635773089073514264e-01 2.737141172323180882e-01 -1.661360452137048138e-01 3.777956545769992625e-01 1.003899396347969070e-01 3.139160455846771169e-01 2.272373911420590420e-01 -9.545819662517072979e-02 3.514734969678108834e-01 1.922520091983260793e-01 -1.698221556382202568e-01 3.874660351104972644e-01 3.214740909249279577e-01 7.270973228161735358e-02 -2.973493677838503491e-01 -1.626850035982904952e-01 6.224307534919539669e-02 -2.399646453820332426e-02 -1.347854963846489840e-01 2.434583091268658073e-01 -1.432669882636208314e-01 -3.033963307410394994e-01 -5.531793614319867602e-01 -2.990569034581751495e-01 -7.415978723331276279e-02 -1.935380418370237776e-01 -3.859382917778445554e-01 -1.290182238580288021e-01 -2.499001783285614564e-01 -6.099095777605682833e-02 -4.152798220363784071e-02 -3.375846608709485719e-01 9.525996916474046075e-03 8.646803203421134232e-02 1.800454561099793238e-01 1.451149984358390266e-01 9.996874381130857468e-02 9.820783291889237376e-02 -1.507469472528320531e-01 1.189083399656818280e-01 2.717353294411251063e-01 -1.637279452448457961e-01 -2.578613913196987073e-01 2.873771570952082244e-01 6.287715139362973216e-02 3.025121234929691316e-01 1.688089033700648778e-01 1.309873316346741035e-01 4.637093192434771916e-01 -2.985958796442665930e-01 3.066981032377557037e-01 8.973158296276734225e-02 6.774382098010103825e-02 3.760922167911384673e-01 1.915234749362937083e-01 3.354285050053510964e-01 -1.604621634716521250e-01 1.296031021999858868e-01 9.653233489361337516e-02 3.063662445929010159e-01 2.801388794427124851e-01 -5.353552817927139523e-02 -1.197604492067196880e-01 1.683119968497563124e-01 -2.902683351631479280e-01 -2.528606902474181406e-01 -1.571689331356356523e-01 6.064362230024863271e-02 -1.324373179267768763e-01 1.066740546064243352e-02 -8.161750085811132760e-02 -2.314958831718406940e-01 -2.113598489449072249e-01 -8.819287037018903874e-02 -6.622183016215640872e-02 -1.839312448888047180e-01 -1.575220117993492708e-01 -1.236476489454045036e-01 -2.100547929987875706e-01 -2.280913680649119812e-01 -9.081816426302244394e-02 -2.940614404885034117e-01 -1.495758913988612659e-01
-1.165766060291445333e-01 7.731813754439983977e-02 9.180423358747494267e-02 -7.697879851960968967e-02 -1.550507007940245541e-01 3.531227124226002378e-01 -3.417856348494749397e-02 3.406682731258142138e-01 4.034585152306123246e-01 1.333485256395516572e-01 2.950672941181670672e-01 2.290066440845947293e-01 1.000000000000000000e+00 3.162455643411598016e-01 4.447482243908857380e-01 -1.268337047982175392e-01 2.106209291741714118e-01 1.015583059695469026e-01 2.161543075429976923e-01 -3.371697103613033319e-01 3.194650789952372394e-01 3.198832487137612812e-01 5.084346757739846012e-01 -1.591077371090269532e-01 9.722813510661933167e-02 -7.891307577619800784e-02 1.357623013638669662e-01 -2.611701088634196255e-01 1.367251219635892412e-01 4.283202313730087307e-01 -1.578680103309958449e-01 -1.810968599522756739e-01 -2.824603995480743368e-01 2.408016709646007558e-01 1.161245913975330751e-01 -1.840882673086106924e-01 -2.735726855974294769e-01 -8.179277024702147347e-02 -1.663104846235909373e-01 -3.628630757555322273e-01 -1.941243156755768640e-01 9.190988112360323758e-02 -1.035741518624627711e-01 -2.680645600528762662e-01 -2.378909580617506736e-02 -3.917088051894610651e-02 4.353712165054584443e-02 3.190528170858061840e-02 2.165001607222757918e-02 -4.775898941502822181e-02 -2.722257314357472424e-01 -1.229782948807355558e-01 -1.040257017718154708e-02 -2.572028273265700715e-01 -1.559275052491817248e-01 3.574043546433086083e-01 2.951772541682530782e-01 4.052387809387545947e-01 1.075803558772066848e-01 2.339438523810926374e-01 2.971012027311392134e-01 7.906735274011401637e-01 6.277728970474983905e-01 6.626014756501786840e-01 6.261757841525316115e-01 3.934877488780857968e-01 -2.569647295458907243e-01 6.411864147042779516e-01 6.663936989815709422e-02 2.872441230702716952e-01 3.643138034195274044e-01 9.399307795384480302e-02 4.803113279297321347e-01 -2.923832982417065574e-01 1.054081878840176234e-01 -2.031358549916658165e-02 1.901845904776344742e-01 7.747301183818731951e-02 -5.596092647566550810e-02 -2.928483854230712335e-01 -1.041972778786341425e-01 -1.369867804704118230e-01 1.102999762313591620e-01 -1.857213017256738041e-01 -8.603248271430483096e-02 -1.999051238509313988e-01 -3.866742314771283162e-01 -2.987744011778624698e-01 -2.811007997744771059e-01 -1.556691678742653795e-01 -1.848350641075664214e-01 -1.114071263310209003e-01 -1.353782841307269169e-01 -2.842497618091043288e-01 -1.427295076904516180e-01 -2.847774235009540855e-01 -2.381605449867862934e-01 -1.636949580505618063e-01 -1.691252975141958326e-01 -1.839673474452839796e-01
-2.292539627534629088e-01 5.191596972125589460e-02 2.336734089398613545e-01 -4.582292763921917006e-02 -4.012327110741410741e-02 2.852648847032008828e-01 -1.607114146243878994e-01 2.955415037764519415e-01 2.352342923870036906e-01 2.975427492002284402e-01 3.199232079663693051e-01 3.120331192319231728e-01 3.162455643411598016e-01 1.000000000000000000e+00 5.003900251799522358e-01 2.796413206469363852e-02 1.003084946827574320e-01 2.157548851644866816e-01 2.367768018442077960e-01 -1.970677740103665976e-01 5.080455257881885123e-01 9.023109580932497931e-02 4.401528871851879687e-01 -1.143908813001454430e-02 1.247857669500599016e-02 1.921878207065513544e-01 9.662284433271438322e-02 -2.884267345643459768e-01 2.553149867696044573e-01 2.495255509134699512e-01 1.000211571201798516e-01 -9.124273961682920209e-02 -2.163733840659110008e-01 5.534493211445725563e-02 -4.998341295284851327e-02 -2.492636416755202033e-01 -5.850177940161532114e-02 -6.077089467745801915e-02 -1.046349118028551822e-01 -2.836999914248474752e-01 -2.311174826973954599e-01 9.180535507802214945e-02 3.543503331215292623e-02 -2.428468230408304673e-01 -1.708387526847552906e-01 -2.342898163172877357e-01 -1.853036679267309333e-02 1.996094660794576689e-02 -1.722566436537252554e-01 -1.679529087036989166e-01 -9.907483556661808577e-02 1.184701206567339848e-01 1.178535227274346148e-01 -8.407905874618140304e-03 2.180004418600139937e-03 9.861771481838514652e-02 2.063999764731903885e-01 3.548987656154422576e-01 2.155868504553063413e-03 1.493296614945931744e-01 2.059716312650875236e-01 2.088605340266806443e-01 4.068358851507563045e-01 3.560184065891009442e-01 3.942004544191849980e-01 4.126848963931460390e-01 -2.780693592367819433e-01 3.442647787775029999e-01 2.104813173510055868e-01 2.125749913542024083e-01 4.722175302585475132e-01 2.257871234862015575e-01 4.870200170559491060e-01 -9.953122475506208378e-02 1.591066316817776605e-01 1.385278529938757386e-01 2.374544034767440970e-01 2.025490103870478120e-01 8.054625347459376528e-02 -1.699471240722895404e-01 1.914810129204108646e-02 -2.855747759211883507e-01 2.326414386493086753e-02 -1.320291820265623028e-01 -1.081162061584021866e-01 -2.229358092895626919e-01 -2.295083548299921283e-01 -2.117127666204847158e-01 -3.045064811251450565e-01 -2.992089759981663155e-01 -2.207647696626856559e-01 -1.032246995928511740e-01 -1.782281207385337796e-01 -2.198186834955506708e-01 -3.950350681745591619e-02 -1.057754587428547527e-01 -3.143932915590116894e-01 -1.282390565738004973e-01 -2.645800064166938248e-01 -2.773856223071675120e-01
-3.054359112224544481e-01 3.904362659397304924e-02 1.236247368892020165e-01 -1.897662494094113084e-01 -2.022434352499218602e-01 1.650305174645936845e-01 -2.117530634651971777e-01 3.881996633692655907e-01 2.672944811849268243e-01 3.230503773232869524e-01 4.386929635610155587e-01 5.050648578098614339e-01 4.447482243908857380e-01 5.003900251799522358e-01 1.000000000000000000e+00 -9.762306766588747450e-03 2.276333684314194028e-01 2.246834567139137095e-01 3.249479558784231781e-01 -4.664988463637703697e-01 5.430902942837267933e-01 2.027004296714129683e-01 4.809634856465213049e-01 5.201698920169028212e-02 8.626324271349654349e-02 2.718122278214955001e-01 2.138806611793900025e-01 -1.890536578488643746e-02 3.772840798076271818e-01 5.894231786740549150e-01 -5.615732500296573282e-02 -1.774937407102960829e-01 -2.554445915398865230e-01 2.340500703370846369e-01 -2.993925209633382586e-02 -2.511866469442162741e-01 -1.798799567081756090e-01 -1.343676809528347171e-01 -2.014503301727008922e-01 -5.222831283539390856e-01 -5.082922168077282921e-01 1.623711903056744565e-01 -1.238567104258046642e-01 -2.740623952071449265e-01 -1.693593363118086892e-01 -1.662917605819126399e-01 -2.345996662377221320e-01 -2.115353529532908172e-01 -2.202606427412761581e-01 -1.614769237116903400e-01 -2.519352879245268517e-01 5.315610571301507097e-03 6.804827850716380078e-02 -2.891157297458231690e-01 -1.638127077751382055e-01 1.537117222118389581e-01 2.728983263761660116e-01 4.191544353832776793e-01 3.708361942684020029e-02 1.084375429867292795e-01 3.425711074802139100e-01 3.372189364470879469e-01 5.119656966083250271e-01 4.202447569633493973e-01 4.738199221782611326e-01 7.253888940693205001e-01 -4.140050360956699094e-01 4.665806242980078400e-01 1.658180538441093588e-01 2.095145633171047184e-01 5.551110959689978808e-01 2.735995250307955984e-01 4.651204073756589064e-01 -2.633504321549645644e-01 3.080979326612900415e-01 3.050462608686745902e-01 4.566425321432030504e-01 4.720075258218188741e-01 3.680628521549676041e-02 -2.424209024259474377e-01 1.685414475449562854e-01 -4.501190614256190825e-01 -3.092393433582378559e-02 -1.302998430244364791e-01 2.570148160721792696e-02 -2.528665093584557821e-01 -2.423198456017182367e-01 -1.958432965987529639e-01 -2.973841388818598275e-01 -3.344183634740783284e-01 -2.923632504168915403e-01 -1.697283560332054908e-01 -1.780533741470123610e-01 -1.774046681919795310e-01 -9.843450825721694608e-02 -2.065515351335496796e-01 -3.866254474488315940e-01 -3.183725194229763411e-01 -3.642983198573820358e-01 -3.155859011041757811e-01
