1.000000000000000000e+00 3.249061247336975256e-03 2.396272459207653971e-01 -2.201473382415314317e-01 9.232529353598280600e-03 -1.475141023126936256e-02 -2.167630155974943629e-01 -1.324491955642194407e-01 1.507960858247858662e-03 -2.921079752733579116e-01 -3.638028567234099370e-02 -1.898912990023745584e-01 -2.336347291736158138e-03 2.302441052812253044e-02 4.148499139417660513e-03 -2.148432562003505519e-01 1.286362642369255349e-01 -1.206496308801789374e-01 -1.442783831073012335e-01 4.315136925487011305e-02 1.957123288611989365e-02 1.857664692116827148e-03 -6.627091908296448008e-02 -2.395760648307627416e-01 -8.736388203810771524e-02 -2.741278680009981428e-01 1.071173962798007556e-01 -1.911527701925654910e-01 -2.323247856402141653e-01 -6.364232142614736909e-02 -1.933052857225238050e-02 -2.949744584843259632e-01 -2.075411025699722134e-01 -7.588959417956829545e-02 4.991904025020837098e-03 1.360797824331287653e-01 3.199410290624611908e-01 5.076344586999131242e-02 -4.325626529771418177e-02 6.373687593565599552e-02 1.074035195171948731e-01 -7.468918144491648592e-02 9.795600224348928464e-02 8.727118716300512682e-03 2.720117190570340085e-02 1.012627646784571289e-01 9.561128988978652432e-02 1.525225927857368213e-01 1.650812469559599649e-01 1.751830766666421513e-01 5.292691688982458231e-01 3.078420599772506150e-01 -2.063530649376149606e-01 -1.439541109652424100e-01 1.127256711451818660e-01 8.466513395037476852e-03 -1.875706644562077918e-01 -1.309972742883915575e-01 -3.155579950897410835e-01 -2.626493907105999503e-01 -8.335027652617826160e-04 2.568568564312864733e-01 3.216985846128552762e-01 1.443997694841934187e-01 1.661828865169376335e-01 2.601138843486207608e-01 2.194561457061736109e-02 -1.303262143575183996e-01 -5.551946236143636554e-02 -9.145632777107889216e-03 -2.478806955201975915e-02 1.650618624213892882e-01 4.141654535325271780e-02 -3.381416898633470697e-02 -1.118440098584699977e-01 -2.229990254335171562e-01 -1.889185279754541924e-01 2.928692180301970677e-02 5.682789413715075982e-02 -4.966070055819067630e-02 -1.194168824319559175e-01 1.256566738759902213e-01 -6.691561906291923489e-02 3.152819286849722902e-02 4.918635889604596780e-03 1.075877799065970142e-01 1.375237632045725189e-01 3.876242970356975903e-02 6.860086189973220450e-02 1.120440328285200564e-03 2.459221731573812530e-03 -8.858069420411426864e-02 -1.758354709502651381e-01 -7.102510714107498901e-02 -5.613590206828734941e-02 8.949289672811014396e-02 1.407706742732398320e-01 1.275539733910673323e-01 1.975997104395031956e-01 1.500419076018991993e-01
3.249061247336975256e-03 1.000000000000000000e+00 2.634463327111732922e-01 7.262086364546670447e-01 6.178242096666645145e-01 6.621866855596303392e-02 1.276282682669540314e-01 6.050599015592866836e-01 4.378319246968573331e-01 -4.246293948151860093e-02 -1.667073056229275430e-01 -2.037721202211282279e-01 4.674865827615441033e-02 3.344460772201240939e-02 4.054705116528170561e-02 3.226781152233892946e-01 1.201708212756095843e-02 -9.737306606098780626e-02 3.586484593576835800e-02 -2.711934833289196822e-01 1.688768703604757726e-01 -1.150482939135400728e-01 -9.333356243699614252e-02 6.199758456089473485e-02 7.162680408640528795e-02 -1.030139975371251702e-02 -1.201219332211743707e-01 -8.141560466352896347e-03 -8.600658619575815567e-02 -3.810139962405555830e-02 -1.520120445968439482e-01 -1.147084074697506534e-01 7.542671516927969277e-02 -9.155176000944445155e-03 1.690577391170225707e-01 -1.212670337921128022e-01 6.756109628100347153e-02 -2.613912666394630491e-01 -1.079544326938352422e-01 -1.463453950660874303e-01 -2.031988338553992468e-01 -4.119859343314299371e-01 7.374976914336521527e-02 -2.593642858058799461e-01 -1.510746787673954150e-01 -2.730573850235752942e-01 -2.131672140453697711e-02 -1.581042701198485112e-01 -2.704810879903204457e-01 -2.122539534245337922e-01 7.668356645146195971e-02 5.703781366830202870e-01 1.243336173001941408e-01 4.634466033933458684e-01 2.851856237480644984e-01 -9.585387871552160377e-02 3.330803872627617346e-01 3.505200423017243994e-01 7.059517653164429363e-02 -2.878652448933852106e-03 1.567896113399955549e-01 7.256973000277563025e-04 2.815286413545328801e-03 1.735136976814379561e-01 7.778252701733628927e-02 1.545456418303067236e-01 -4.394252186621567802e-01 -1.149665950495758508e-03 1.056043740694271593e-01 4.547942684495737825e-02 8.592972479238618344e-02 1.575194008956626660e-02 4.355066871109168625e-02 6.587049190451724212e-02 2.082997283729964288e-01 5.025374028364647944e-02 1.299822373274776566e-01 9.051880164380686489e-02 -1.078182874973892258e-01 -2.588695746032158573e-01 1.464319290434524801e-01 -1.090716834327534468e-01 -1.232088663003356871e-01 1.256691540645393235e-01 4.360206357004939304e-02 -1.072690467647797324e-01 1.132471426549384354e-02 -3.847866531499322118e-02 -2.276182669826622984e-01 -3.052243611097594234e-01 -6.202059245586609426e-02 -1.825827873849391325e-01 -3.053990074239891772e-01 -1.579397195109520091e-01 -3.517600172217208009e-03 -3.409420757876945873e-01 -2.911488993794597580e-01 -1.818693241368634361e-01 -3.036208445766724884e-01 -2.770730162991398293e-01
2.396272459207653971e-01 2.634463327111732922e-01 1.000000000000000000e+00 2.370740148734819530e-01 2.362036439332634852e-01 7.900244996684731291e-02 5.530873627266040538e-02 2.659078339784095579e-01 2.612331627374342990e-01 2.491903728053418421e-02 -1.683848118165862384e-01 -2.085908161996526955e-01 5.333242232546174522e-02 -5.618899020690158036e-02 -8.879380177849074962e-02 -1.016762936010771612e-01 1.012370574003995105e-01 -1.013854228281172720e-01 -6.899646431190398221e-02 -2.200388354892573450e-01 -1.001526540071441540e-02 -3.082219028967456489e-02 -6.382614678234550809e-02 -1.257627389850950184e-01 2.109640693749209595e-01 -1.158897344870851998e-01 -2.527687035177241144e-03 -4.273688185727031463e-02 -2.475399398547429020e-01 1.724641408276630927e-02 5.950531515909137509e-02 -4.175752961148217028e-03 9.472740759148805256e-02 -3.961825983110019156e-03 1.005238439633446418e-01 -7.218233451495106867e-02 1.829712291227648391e-01 -6.513586653577355112e-02 -8.588114947437774926e-03 -5.363096876122438322e-02 -6.991012228642774773e-02 -1.819575073088407213e-01 1.230251943968758629e-02 -4.932189984401145338e-02 6.641943132547320494e-02 -3.451850790606591363e-02 7.795795841208950916e-02 -7.138243664370644281e-02 -2.336302956302814537e-02 -6.285857613420103851e-02 4.283783573627414354e-02 2.407659348423044909e-01 -1.476100847954487094e-01 1.968372757087319957e-01 2.375628308206699790e-01 -2.299982367983601297e-02 1.571289799327183767e-01 8.962850675482479657e-02 -2.033504807893006180e-02 -2.836056134635236980e-02 2.149911608095482138e-02 1.434509110396162135e-01 1.435705204436333315e-01 1.531488458456874702e-01 1.458419077119782747e-01 5.103260393039812243e-02 -2.622336768428484843e-01 2.726146300354588548e-02 6.858703370552892906e-03 1.515611818804485020e-02 -7.749285663088403830e-02 -7.124596703113450676e-03 -8.643075471541038224e-02 7.237902129465365042e-02 6.007318325246892993e-03 -1.999681785747129195e-02 -1.039390132509591114e-01 -5.613421391863666898e-02 5.332822641724300344e-02 3.795408802563667722e-02 -1.734464571273972152e-03 -3.438644464581760464e-03 9.876328147052494677e-02 -3.263459177387003501e-02 -8.335653915231099401e-03 -6.238446063480387882e-02 9.703422550952936487e-02 -9.667066118218951842e-02 -1.407167496820870278e-01 -2.116047950386692744e-01 -2.018414492683152095e-01 -3.886827465360642025e-02 -2.368578184876585502e-01 1.189218094956121796e-01 -6.385972980936278909e-02 -9.955570562776534793e-02 -1.657198069313838285e-01 -1.164908126751586642e-01 -1.642347205085705197e-01 -8.999382991644011565e-02
-2.201473382415314317e-01 7.262086364546670447e-01 2.370740148734819530e-01 1.000000000000000000e+00 5.487258692203276222e-01 3.386599582522871466e-02 4.365530377102505577e-01 5.576764864043961545e-01 3.804552459620662574e-01 -1.466324345073838353e-02 -1.953124174117705503e-01 -1.516743961351295356e-01 -1.337871404592321234e-01 -2.399344861037855103e-01 -2.280498637845251864e-01 3.669134146733448731e-01 -1.561466678416458254e-01 -5.681721221746943717e-02 8.420518645274546743e-02 -1.269773858887863205e-01 1.533487868199469584e-01 -1.363227924289498461e-01 -1.599574019624191157e-01 3.526782779728537126e-02 9.315231689259835524e-02 2.295642930537274487e-02 -2.058831936067214430e-01 -1.238920594148338883e-01 2.418299740673899873e-03 -1.537747440313189107e-01 1.805367683059050377e-01 2.442419758612775216e-01 1.085607883382355143e-01 1.347937630941970118e-03 -5.065141821024751745e-02 -5.419436128089187565e-02 -6.226615345535778390e-02 -2.806906752590178009e-02 3.509267982385734508e-02 -5.517692500102037989e-02 -8.300362258415176775e-02 -3.047907361104492674e-01 5.536848839583218690e-02 3.542438864894529443e-02 5.447497736549320596e-02 -2.055787724789167603e-01 -3.234982984941400797e-02 -1.575633746153614345e-01 -1.261619179480586161e-01 -1.148723392356314349e-01 -1.789340253308052964e-01 2.863468312428950058e-01 1.274178673865512257e-01 5.406350995544736415e-01 2.002829753102244315e-01 -1.757463098462811457e-01 4.606105409750289037e-01 2.531739615006983191e-01 8.847889958852159231e-02 1.608972384239885228e-02 4.128497795781774921e-02 -2.828822753635956144e-01 -3.393478519810467220e-01 -2.068007748217729758e-01 -1.874454663535600474e-01 -2.107588001301750613e-01 -2.780614093600544678e-01 -8.817716586009312352e-02 -5.247305954737535583e-02 -9.855002550544156303e-02 3.844403122181395353e-03 -2.806569301575130848e-01 -1.861276290601939776e-01 9.703819937203621293e-02 9.405697004862656474e-02 3.656879690632947738e-02 1.094903881301941689e-01 -1.677647163878367709e-01 1.601460452695330772e-01 3.416594185556649094e-02 -3.260471934208113154e-02 -1.310389633680997257e-01 3.716826102469707183e-02 -1.494201310174963215e-01 -2.098745686311581371e-01 -2.965537304938437591e-01 2.385745133971708953e-02 -2.841410602222530501e-01 -1.731984906614639497e-01 -3.289739379646068884e-01 -4.360794489757654005e-03 7.175598416681534808e-02 -1.843489628812061965e-01 1.435177221020776939e-01 -1.613792166974125086e-01 -1.189646793151021564e-01 -2.927267616662586058e-01 -2.016577978551796491e-01 -2.266544200132749876e-01 -1.908029794391036815e-01
9.232529353598280600e-03 6.178242096666645145e-01 2.362036439332634852e-01 5.487258692203276222e-01 1.000000000000000000e+00 3.607173919224870295e-01 1.096035736158863655e-01 3.728236656720833042e-01 4.643762185238858309e-01 1.233358539777979976e-02 -3.209499087808234674e-02 -2.226916100103234347e-02 -1.846920047741108968e-03 -4.919434142753092293e-02 3.967611488098462397e-02 1.259853303963786308e-01 8.387280791348988851e-02 -8.003980848031519435e-02 -6.539316970898984352e-03 -1.825163997338669353e-01 6.867754135678647009e-02 8.982791078298599241e-02 -3.708983000227848020e-02 8.382009117734028070e-02 4.181388873425611469e-02 5.064173167126529568e-03 -6.806333163431607658e-02 2.725602669342781868e-03 -9.784882127538606367e-03 -3.360397635018873286e-02 -1.262682305744412536e-01 -5.039656831182534602e-02 1.266253875388088646e-01 1.433716736872171216e-01 1.796366038863850545e-01 -6.559181771468411415e-02 -1.690637185265925907e-02 -1.549444193702394501e-01 -9.933892306346328582e-02 -5.376165431062080585e-02 -7.189644383653313875e-02 -6.906237004402780710e-02 5.783521690905983267e-03 -1.399268406054718084e-01 -2.437782583540592726e-02 -1.509840272033090292e-01 3.655627464353366791e-03 -1.661145530719132166e-02 -1.893266366056524097e-01 -1.375595612714905214e-01 3.944968220712492812e-02 4.453799821157599093e-01 8.001030913055358351e-02 4.635872391039451701e-01 5.847751229503280745e-01 9.634677779448187762e-02 3.464923168424138278e-01 3.975970396456299794e-01 -9.168702611773621447e-02 -6.570612687283197695e-02 -9.175403849138273615e-02 1.422052785336420933e-02 2.002689821823000645e-05 4.937736637701112957e-02 1.306614312518291077e-01 3.722963529335791139e-02 -2.056976899893144806e-01 2.479012884024570443e-02 1.169584466298873443e-01 4.459933496638984751e-02 -2.332457327366336750e-02 3.975508184249197663e-02 -6.100297864909656753e-02 -6.880998415509473332e-02 1.317699110311760721e-02 -6.689123217750685135e-02 -6.157851369911752915e-03 4.872725248501202922e-02 -7.144711013043082704e-02 -9.950053407917031079e-02 9.761808526047673074e-02 1.672540702803163720e-02 -6.219845305003449468e-03 1.065846895571389841e-01 -7.727494916477407882e-02 -2.411043584747977336e-02 -1.190037455150768780e-01 -4.327447541472691228e-02 -1.246126509026971169e-01 -1.403072528262994390e-01 -5.025724582918063288e-02 -8.802598263389166400e-02 -1.803418178840399677e-01 -1.295717502979140678e-01 -1.197478246218049019e-01 -1.641432817770321351e-01 -2.382860407987811291e-01 -8.602816221663708851e-02 -1.817953399286169613e-01 -1.886074382085836665e-01
-1.475141023126936256e-02 6.621866855596303392e-02 7.900244996684731291e-02 3.386599582522871466e-02 3.607173919224870295e-01 1.000000000000000000e+00 1.295924463378615998e-01 2.502673716873606846e-01 4.176392016959168396e-01 1.966088777381869157e-01 2.787684954642431490e-01 2.352409870311406304e-01 -3.862021696760725709e-02 1.067556952463771802e-02 1.177534261263713244e-01 -1.120048785432842670e-01 7.979089039035892894e-02 2.548505967792399352e-01 4.401241407287333207e-02 -9.655404599238147367e-02 -1.264130479510257588e-01 2.218848590089733397e-01 1.934209684923118150e-02 4.746662146960849149e-02 -7.582980168303431190e-02 1.028396160393220266e-01 7.272838021949783183e-02 5.581645361800868094e-02 4.786787860890574092e-02 -8.333811525855359947e-02 -2.687210314760925534e-01 -2.035816750945050255e-02 2.172968980631014568e-01 2.683487774049015395e-01 2.122891686812075351e-01 6.496385956379072124e-02 -2.968835054248852856e-02 6.750919926483293920e-02 -5.159920631949801214e-04 4.137510616433088401e-02 1.623029227676533737e-01 3.005658952469293932e-01 -1.313176976296071552e-01 -1.902059321772684997e-01 -4.714381116598863330e-02 4.852047214922326074e-02 5.463946254462771768e-02 7.755465857177258615e-02 1.143920904780984689e-02 5.678133772713508942e-02 1.039449585552971872e-01 4.792686234495294878e-02 1.446892446557977163e-01 1.206247120994163730e-01 5.966017423844005574e-01 6.485518616338230569e-01 2.688643690996641022e-01 5.198394917409598914e-01 1.375874295818915218e-02 5.671870648530441539e-02 -1.608209222071032840e-01 -5.832899068820261018e-02 -3.749168169422925634e-02 -3.330994993320984809e-02 1.064056353515069608e-01 -5.640953400345909141e-02 7.256094444672643584e-02 8.296881191319691040e-02 8.235457359977610414e-02 2.035399153349982115e-01 -1.739467282000079218e-01 3.726627310112164138e-02 -8.020000308311857340e-02 -3.458792794204362114e-02 -1.448698683043382895e-01 1.578262211131974124e-02 -1.659911533520119498e-01 -2.275129942177188131e-03 -2.835148374309442443e-01 1.423793049723591150e-02 -3.941199850840874236e-02 1.311100773775457085e-01 -1.654222940961671828e-01 1.135921728118111929e-01 -1.901668266692590759e-01 1.421374107747337134e-01 -1.585994530600289276e-01 8.930465909081755638e-02 4.073137682768344925e-02 8.770002730263588842e-02 1.022235859757477522e-01 2.605296034211353542e-02 2.034647477120483938e-01 -2.625720610942747779e-01 -3.079439503253018906e-02 -1.236876900046651739e-01 -7.802967473955924917e-03 2.275322582207243982e-02 1.002632075267863021e-01 1.652794524760060543e-02
-2.167630155974943629e-01 1.276282682669540314e-01 5.530873627266040538e-02 4.365530377102505577e-01 1.096035736158863655e-01 1.295924463378615998e-01 1.000000000000000000e+00 4.528176804632589869e-01 1.501713642287146877e-01 4.436013797263591019e-03 -1.717821509723178874e-01 -1.055091138104827936e-01 -3.311368965626608207e-01 -4.510834365335548712e-01 -3.319302210365632222e-01 1.735440023683718913e-01 -3.768730664827308896e-01 8.807352655827369037e-02 2.186059196305246977e-02 2.769626696728784698e-01 -1.043393889351072468e-01 -1.264041614768056931e-01 -1.617489462440603598e-01 -2.597284613850279755e-01 -1.619630765026571634e-02 -1.304037862803626435e-01 1.431717912419422922e-01 -2.406280351421835884e-01 1.621723271693710500e-01 -2.737334918067128031e-01 1.415410537780521505e-01 3.750808884589849068e-01 7.339227082897584187e-02 -2.878683989701887394e-02 -2.382528698477151818e-01 2.718101091326164398e-01 5.545312392118498246e-02 4.978881509598360178e-01 4.787693949406550131e-01 4.122175889825570594e-01 4.677331795373288470e-01 -2.106375302973045177e-02 -1.039564332012099662e-01 2.070464988403924733e-01 1.042652871673684922e-01 3.008741239798199962e-01 2.461952821284354997e-01 1.363231037328296036e-01 3.921655154588293279e-01 4.102136854243412789e-01 -8.702594015639082692e-02 -1.926318389422437827e-01 2.574109437953719243e-02 1.525892896317684044e-01 1.457535074935466246e-01 1.078734851936448275e-01 3.575415962656587898e-01 1.283693555317548529e-01 9.486907240128496233e-02 -1.804002495992709093e-02 -1.217542174334494687e-01 -4.370182018812328040e-01 -4.735702413126599564e-01 -4.654203777651759188e-01 -3.527591092754759905e-01 -5.100628880085386063e-01 1.892136297053788330e-01 -2.362600760791299381e-01 -3.733995000421651000e-01 -1.976143753193360109e-01 -2.461415502336377070e-01 -5.644409946517469079e-01 -4.431996552444234516e-01 2.345268044650224148e-01 -3.359077795879392148e-01 -1.562467098845193858e-01 -2.217051050704572923e-01 -5.090246195440688570e-01 6.314893194588813707e-02 2.288025936343555111e-01 -4.489407368574495072e-01 -1.946277455156486882e-02 -1.665732464591179740e-01 -4.440132070626389704e-01 -3.548824953580619335e-01 -1.371577036274255756e-01 2.383501780486581845e-01 -4.317910990035400132e-01 1.768705476675778987e-01 -4.167713911387746495e-02 2.167190675027318436e-01 4.462127008685591867e-01 3.546742211504960163e-01 1.614830461588380728e-01 -1.058135524310932774e-01 1.392327137737061349e-01 1.637926112833894554e-01 1.320282181839091129e-01 3.190083351273854118e-01 3.484834290771021692e-01
-1.324491955642194407e-01 6.050599015592866836e-01 2.659078339784095579e-01 5.576764864043961545e-01 3.728236656720833042e-01 2.502673716873606846e-01 4.528176804632589869e-01 1.000000000000000000e+00 4.033753422643673314e-01 2.714482497945380074e-02 -2.242294985827467113e-01 -1.740405146276479131e-01 -4.360449643667924091e-02 -6.152232122811004955e-02 -8.334532632441196687e-02 3.733518958049951153e-01 -9.357188971535548849e-02 1.434580964789592961e-01 1.264477291808608350e-01 -1.766659501162740620e-01 -1.258487670891348005e-02 -1.505159720377833021e-01 -7.114177027900783767e-02 -7.679470089183723647e-02 7.466078405909182258e-02 -2.146267717008759623e-02 1.623143656460678680e-02 -4.559503035560805162e-02 -8.721834742316635081e-02 -1.630268649753383314e-01 -1.617192310062481320e-01 5.418610345134649946e-03 1.320764439529019396e-01 6.288430442897327555e-02 9.182212516784096779e-02 1.842370029554444080e-02 1.176094241695959525e-01 4.242007691176154227e-02 1.745597753391635309e-01 3.625736736408101402e-02 6.164988927197861263e-02 -2.910931176937247011e-01 -1.831610456661806816e-02 -2.414699215348926065e-01 -9.750655422653621562e-02 -2.938229902934265045e-02 1.861322306911880886e-01 -4.157058345083469719e-02 -4.644824735071487187e-02 2.776439275361994655e-02 5.097087771186263605e-02 2.781162883742012704e-01 2.434038991779171046e-01 3.839607775035425163e-01 3.719064223440859962e-01 1.227870639367052430e-01 4.177960809698846312e-01 4.893613546047378415e-01 2.340191648863504670e-01 5.054675127681641095e-02 1.700795617510597324e-01 -1.309637665686690378e-01 -1.399644835361144590e-01 3.377470709392068476e-02 -8.361749035939390270e-03 -7.036598739476183917e-02 -3.508889470313849013e-01 4.143199682226466479e-02 -2.995024646842555857e-02 7.984039650371689556e-02 -9.480551932000499948e-02 -1.886280362592127613e-01 -1.285791322536461723e-01 1.601900100505907754e-01 9.433781649862242602e-02 4.299137731368857240e-02 -2.027396204689260739e-02 -1.067428505618793766e-01 -2.244214243076903537e-01 -1.671333726097867511e-01 -9.747823931351078108e-02 -1.049872382290401307e-01 -2.994788355424309323e-01 -5.427699909064434558e-02 -1.254037092119888452e-01 -1.316535521527076036e-01 1.327379084455231339e-01 -1.928024834252780456e-02 -1.509460189518559703e-01 -3.353410308073996871e-01 9.670390314372438734e-02 1.158203170912994462e-01 1.151639906312885156e-04 -1.300957470133476401e-01 6.233567183275735141e-02 -2.727151650630225133e-01 -1.039305332304497065e-01 -1.398174306089732255e-01 -1.063288448237078992e-01 -7.598585463111248717e-02
1.507960858247858662e-03 4.378319246968573331e-01 2.612331627374342990e-01 3.804552459620662574e-01 4.643762185238858309e-01 4.176392016959168396e-01 1.501713642287146877e-01 4.033753422643673314e-01 1.000000000000000000e+00 -3.914505646277451761e-02 -6.963957834941429670e-02 -4.387560830196431810e-02 -7.571796532918226297e-02 -2.077922886260308577e-01 -2.159309999046380435e-01 -2.443737201311530632e-02 -2.341602394372235482e-02 4.999878099156230410e-02 -2.067917109847749318e-02 -2.199164315956682325e-01 -1.398119274987808525e-01 1.201236570978963525e-01 -1.952160032170057458e-01 -1.132988840166205269e-01 -1.099565802824015309e-01 -6.537582207640474374e-02 2.222815048924869745e-03 -1.151277811574781679e-01 -6.293082186144935419e-02 -8.913038201279464834e-02 -8.435378927992613629e-02 -6.427818557796564219e-03 8.105722933585371437e-02 1.799728594346389765e-01 1.942965647896665038e-01 1.150978445420218210e-01 5.705540669506622975e-02 -1.253463356333247257e-02 1.126651446454795674e-01 2.010398378793612148e-02 9.355235479768861384e-02 -1.413634429858459940e-01 8.480714551580485761e-02 -7.881250123463565127e-02 7.299917133901476229e-02 -4.724911313638585630e-02 1.669850636787795217e-01 -2.223132992677682648e-02 -3.451939191925126882e-02 1.630736356348056262e-02 -3.166444915895420820e-02 3.296120697802493171e-01 -5.532714720567478289e-02 3.833111506826007986e-01 5.060592251081070803e-01 3.433000854825067893e-01 2.927244547298714084e-01 4.545104546276538260e-01 -1.573268303485341191e-01 -1.180701550181817994e-01 -7.551898959844882686e-02 -1.954649254423893034e-02 -1.047784349309917838e-02 1.818881053082415170e-02 -1.228390835239738868e-02 -1.636426894895145479e-01 -2.714101879658974981e-01 -2.100316670459299873e-02 1.563962478363149083e-02 6.946126943253674857e-02 -2.903599393326020128e-01 -7.375181838891683994e-02 -2.212938251612926455e-01 -6.806254517235572898e-02 -2.231370489214171415e-01 -1.190379568492986595e-01 -2.301806301302405378e-01 -1.432489440200341579e-01 -7.596985940334012588e-02 -3.658585315924180181e-02 -1.484481550625782464e-01 8.606900316959524566e-02 -2.359903852736995947e-02 -2.544178276301338817e-02 -2.724328392340493732e-01 -1.319672709691888622e-02 -5.676912294072475329e-02 -1.288911050910044875e-01 1.218352171411598781e-02 -1.693046116299275483e-01 -9.153015035743873595e-02 -1.093731313477556977e-01 -1.970951400555003355e-02 -9.652047557253072563e-02 -1.553298679848193753e-01 -1.669793216592462826e-01 -1.802371341747748545e-01 -1.291877617321789962e-01 -6.911277082131624117e-02 -6.869656804046493648e-02
-2.921079752733579116e-01 -4.246293948151860093e-02 2.491903728053418421e-02 -1.466324345073838353e-02 1.233358539777979976e-02 1.966088777381869157e-01 4.436013797263591019e-03 2.714482497945380074e-02 -3.914505646277451761e-02 1.000000000000000000e+00 4.679923692547726111e-01 5.456693375175357685e-01 3.884070908653039500e-01 1.985100005332432749e-01 3.317852908629986275e-01 6.487670956149610424e-02 1.737080401914218586e-01 8.181941702563401420e-02 -2.751857398238086519e-02 -2.753496701441068839e-01 2.609392958998995107e-03 4.167977371836287942e-02 1.511256432595724786e-01 4.559801113131133343e-01 5.686964702045048670e-01 6.605610812400992682e-01 -1.498761136632258684e-01 4.684772671854731674e-01 2.589111399139551462e-01 2.928309840625550886e-01 -1.364978195318346521e-01 3.468212386390128743e-01 6.356501073846479999e-01 1.833261214134266071e-01 1.655066680722620809e-01 -2.813673341588834864e-01 -2.473277778798343429e-01 -2.540540887522119151e-01 -1.824727173398544566e-01 -1.435284166636741077e-01 -2.398623645490099709e-01 2.887674676432349097e-01 -3.201468390173384804e-01 -2.230297244717860672e-01 -1.812618671905183720e-01 -3.276315643320929505e-01 -3.222977569724251312e-01 -3.458414344589544331e-01 -3.268923360067755302e-01 -4.039238258900927914e-01 -3.931407217764680828e-01 -1.888056442864502471e-01 2.015235228161587344e-01 -1.449385938194552859e-02 -2.276823597799272278e-02 1.308692044099507845e-01 1.530931299752118224e-01 2.217478082557589880e-01 5.328348743559929712e-01 5.338604266280927435e-01 1.911618208630943283e-01 6.394904090048283973e-02 1.316305010636777684e-01 1.459403944326914150e-02 1.852598274684109092e-01 -1.009203649101237943e-01 3.832813617703845210e-02 4.574079883554488801e-01 2.731321073247248710e-01 2.490484264949132387e-01 1.555877339375480173e-01 2.383561768114363100e-02 1.473419856801558292e-01 2.323396434368997510e-01 3.654030790673015172e-01 5.966552184029232375e-01 2.753577756096818874e-01 2.750235070368006185e-01 -2.685786583236283720e-01 1.814205529442659282e-01 4.124487915810223226e-01 -1.566342124687014614e-01 1.477057942603726415e-01 1.847550973439636424e-01 4.823672830044897775e-02 -1.136263364248237401e-01 -2.634925311377304125e-01 -6.574503443079245807e-03 -1.714770985434899975e-01 1.626579213850245717e-02 -3.173869907062276119e-01 -1.405066081703110759e-01 -6.694170807271909718e-02 -1.503410946560745087e-01 -1.489474198856143711e-02 -3.062015629555044915e-01 -4.321619537503789688e-01 -2.491185308669771614e-01 -2.959014567892204739e-01 -3.839523820251590225e-01
-3.638028567234099370e-02 -1.667073056229275430e-01 -1.683848118165862384e-01 -1.953124174117705503e-01 -3.209499087808234674e-02 2.787684954642431490e-01 -1.717821509723178874e-01 -2.242294985827467113e-01 -6.963957834941429670e-02 4.679923692547726111e-01 1.000000000000000000e+00 7.435382651172012247e-01 2.101378929837257048e-01 2.799294646320063529e-01 4.336316874754127526e-01 -1.623666803451968565e-01 2.746549399278222503e-01 1.595372684065715641e-01 5.177196861145446499e-02 -8.645464171279848564e-02 2.734713479893683408e-01 1.663270922254803108e-01 1.715712918294444445e-01 5.253064105287569285e-01 2.095845203074949425e-01 4.979108226075133481e-01 -2.033849037809814519e-01 3.023309784123033861e-01 2.120444289412024563e-01 9.878931628574098844e-02 -1.604328932705167687e-01 1.469183424696233475e-01 3.060675640272372267e-01 1.140368675861336140e-01 1.695715027922461149e-01 -1.447932662421474725e-01 -2.605650997110307010e-01 -1.549187100912090276e-01 -3.019027871281023123e-01 -1.985637575370841068e-01 -1.928698285053275230e-01 6.005618782476913609e-01 -1.658641983083161964e-01 -1.384942017601370479e-01 -1.002881247194844505e-01 -1.601357720373981219e-01 -3.487655067047682467e-01 -2.251012609912498019e-01 -2.508438370677716911e-01 -2.495582028435611166e-01 -2.432344291576911954e-01 -1.864599908198410205e-01 1.315766082193090825e-01 -5.606697220257411685e-02 1.792209153641002861e-01 1.946738540451436184e-01 9.809449741163402126e-02 2.435090053644512198e-01 8.910317866760537886e-02 5.003503077131011834e-01 -1.464756446319008254e-01 9.298782091269366945e-02 1.297752947117239430e-01 -6.706920790794253240e-02 2.366331214632647062e-01 1.250646183204116024e-01 2.772920338511377092e-01 3.226896572841514987e-01 2.568138687509738394e-01 2.545702404212249470e-01 2.649698093552421696e-01 2.104580337521032574e-01 1.898217533298435789e-01 -1.273810726117750869e-01 2.026866488964727819e-01 4.082848124371991072e-01 1.996995928352594263e-01 2.843128665655031972e-01 -1.948122863893251011e-01 1.940703299847962027e-01 3.337594513535165897e-01 -1.368903913517531545e-01 8.921674336452471710e-02 2.269222001492764429e-01 -1.824735307605861428e-03 1.134864532411121105e-02 -3.762430035843200016e-01 1.015703297663963084e-01 -7.310758343769552248e-02 2.184026053032017411e-01 -1.902118900356798981e-01 -2.527485700901193622e-01 -7.997128552782329508e-03 -2.761774101810037796e-01 -2.448780344412417737e-02 -1.086172455766373501e-01 -1.765081676407422584e-01 -1.625340735494687772e-01 -7.846214938559201157e-02 -2.270498076409196708e-01
-1.898912990023745584e-01 -2.037721202211282279e-01 -2.085908161996526955e-01 -1.516743961351295356e-01 -2.226916100103234347e-02 2.352409870311406304e-01 -1.055091138104827936e-01 -1.740405146276479131e-01 -4.387560830196431810e-02 5.456693375175357685e-01 7.435382651172012247e-01 1.000000000000000000e+00 2.565373530744026187e-01 1.701308573142416014e-01 3.037141021476761349e-01 -4.610831598027069489e-02 3.357658638434535270e-01 2.654797641917442941e-01 1.585027668559315650e-01 -6.776489542162619784e-02 1.699861832966771957e-01 1.807949225931664849e-01 1.893649217137657881e-01 6.290137196761489413e-01 2.018824367017752197e-01 6.173063390334790901e-01 -2.423301927825270985e-01 3.512881238946896634e-01 2.124353659950042605e-01 1.674072895528415372e-01 -1.785376968257293973e-01 2.006519444067937918e-01 3.651654069510764100e-01 2.494427531387093389e-01 1.853991563249058061e-01 -1.145007892108668712e-01 -4.010307688237464419e-01 -2.313805697831326780e-01 -3.008195914173114049e-01 -2.537694407561209564e-01 -2.137380415701173875e-01 5.998115768588400121e-01 -2.881172104697898861e-01 -1.878821283235556916e-01 -1.245918337094945177e-01 -2.411073324449415078e-01 -3.766189305162342404e-01 -2.175953021671278576e-01 -2.744963385128131872e-01 -2.977432265121444654e-01 -3.889781687807667421e-01 -2.276977968248054818e-01 2.048939357558066943e-01 3.588499256273692574e-03 1.864552977675964784e-01 1.781473683420329024e-01 1.524076953669137313e-01 2.264571519704267621e-01 8.212771154115135197e-02 5.389656525472684701e-01 -1.158015379027118180e-01 1.084608981853525111e-01 1.303812338355472000e-01 -1.158881423011704492e-01 1.987850698105043112e-01 -7.884736447396488435e-02 3.169936331816334829e-01 5.001267996443253816e-01 3.409478208789522014e-01 3.487787395781700162e-01 2.432121517319782433e-01 2.052118611236339318e-01 1.695370562152403449e-01 -1.998706077207779430e-01 2.477903616182828839e-01 4.701418453215306936e-01 1.940657693986967136e-01 2.868736070252429493e-01 -2.445994708560180475e-01 1.522713570240391556e-01 3.764517840852099617e-01 -1.342754788070895378e-01 8.918113545842806800e-02 2.633459559241900783e-01 -5.111399012337615282e-03 -2.309335940288130204e-02 -4.565958639345011338e-01 1.030493399676800231e-01 -1.474269691654374673e-02 1.682578422198120760e-01 -2.705695387446763744e-01 -2.897039231610372134e-01 -2.541543580417775228e-02 -3.224395019762969494e-01 -6.725759737387605741e-02 -2.062336801890585214e-01 -3.103675867348367201e-01 -1.610415164772044383e-01 -1.162736669486990199e-01 -2.798578068246746486e-01
-2.336347291736158138e-03 4.674865827615441033e-02 5.333242232546174522e-02 -1.337871404592321234e-01 -1.846920047741108968e-03 -3.862021696760725709e-02 -3.311368965626608207e-01 -4.360449643667924091e-02 -7.571796532918226297e-02 3.884070908653039500e-01 2.101378929837257048e-01 2.565373530744026187e-01 1.000000000000000000e+00 5.159423406851896265e-01 3.725435328413284064e-01 2.186397166734932104e-02 4.002068381202366631e-01 -2.382089769812748559e-01 -1.762128877709705568e-02 -3.477562373047343725e-01 1.316160473355892646e-01 6.746018359716526858e-03 8.915647862466358209e-02 2.532784163429326885e-01 3.184866780541161235e-01 4.514662264667221314e-01 -9.314105768458704263e-03 4.428269157159109293e-01 -2.405314082333875891e-02 4.140312455880213460e-01 -3.137734759170153209e-01 -1.646073585433354969e-01 1.037385728996981088e-01 -1.183045828591679227e-01 1.611731817496999397e-01 -3.213594546374771155e-01 -9.033987104766026677e-02 -4.367140171228461876e-01 -2.322203906122386474e-01 -1.826554594818103616e-01 -3.318769007172275298e-01 -1.898276849508259007e-02 -3.468473074200840306e-02 -3.491082183929568594e-01 -3.467890261845645861e-01 -2.930557394417155903e-01 -2.794110604725000280e-01 -3.468937339740539305e-01 -3.373979697460520177e-01 -3.779384511109314948e-01 -1.065347176144725988e-01 2.220032361801654863e-02 -8.645374675172053103e-02 -1.136008493719241341e-01 -3.349795280112068119e-02 -1.015516051767453160e-01 -2.394116864467670525e-01 -2.059344165045734823e-02 3.352269967960030406e-01 3.359865125867174118e-01 6.123363860647755841e-01 6.637881229327572408e-01 6.032476132351730636e-01 3.742728528803983545e-01 1.590118233083833710e-01 2.198164310433648738e-01 -3.184737745090335248e-01 4.881967937258047674e-01 1.895888673588673745e-01 2.162555787839930480e-02 1.662883989688114517e-01 3.693089017230368198e-01 3.107176269905549404e-01 5.529055046593519401e-02 5.055325644676232910e-01 4.990523938123402337e-01 3.087666195781419431e-01 5.112559083140678640e-01 -3.226714201443780516e-01 -2.753836330618301131e-01 3.864504433217835211e-01 -3.061688317128700709e-01 -9.035416234661122759e-02 3.667544014523255180e-01 2.403221334469434756e-01 -1.352669400433273439e-01 -1.992324826931690940e-01 1.823096630229016080e-01 -3.237192904795931914e-01 -1.507487731491324034e-01 -4.411882733954849978e-01 -3.927530360678744836e-01 -2.410432219756358796e-01 -2.383176004782744661e-01 1.406005249147880831e-01 -4.080822984558866717e-01 -3.274531062652928370e-01 -3.056647146383530966e-01 -3.211151273064788980e-01 -3.799535294499458149e-01
2.302441052812253044e-02 3.344460772201240939e-02 -5.618899020690158036e-02 -2.399344861037855103e-01 -4.919434142753092293e-02 1.067556952463771802e-02 -4.510834365335548712e-01 -6.152232122811004955e-02 -2.077922886260308577e-01 1.985100005332432749e-01 2.799294646320063529e-01 1.701308573142416014e-01 5.159423406851896265e-01 1.000000000000000000e+00 5.704090228601499390e-01 -5.075433910264454118e-02 2.346064075827931084e-01 -9.706398764848600536e-02 5.139506192705187160e-02 -2.521267183480545016e-01 1.829859762794459888e-01 -6.486037226428902069e-02 2.053268970571826280e-01 2.278214968462260737e-01 1.441864469204058585e-01 3.098674564083973015e-01 2.528667104467225216e-02 4.382071426882531151e-01 -6.152063880778043531e-02 2.541289106347134896e-01 -3.984137853722486411e-01 -2.976238494161576043e-01 -1.392210602688681922e-02 -1.543238588113376719e-01 1.551957530649676620e-01 -2.886271041710212204e-01 -9.672698693228264089e-02 -4.133253906837810465e-01 -3.291998927103292338e-01 -2.027602941250368773e-01 -3.903328052658478486e-01 -2.765625850578358122e-02 -7.914132862151578018e-02 -3.843684235206162869e-01 -4.034381243848962906e-01 -2.632184887535754525e-01 -2.395298680714637030e-01 -2.223637036159155367e-01 -2.534094270726742759e-01 -3.405192619066038096e-01 1.200889544784736196e-01 6.997183831129689946e-02 7.000795552984015110e-03 -8.590273457545556657e-02 -3.822461379442412127e-02 -8.446095249465310206e-03 -2.854859841239063001e-01 -1.787841624986472380e-02 2.791246649382103651e-01 3.277294086778031468e-01 3.939550697695578529e-01 3.557504467286475847e-01 4.238491790230513034e-01 4.565128345383351882e-01 2.878646449535888774e-01 5.073028439464036810e-01 -1.911357318850883669e-01 2.378781239013117721e-01 2.144947647353570019e-01 1.360298728326432005e-01 2.670200704231516786e-01 4.293498215484911618e-01 4.587362580193959927e-01 1.205691524805711096e-01 4.441371788439922863e-01 3.696554493546606590e-01 3.286391476590229122e-01 5.435019991657895622e-01 -3.872784945767563936e-01 -3.679767339685156013e-01 4.004288515036747431e-01 -2.538094807154419041e-01 -2.571794003137629070e-01 4.314108548553191036e-01 3.695254731741697274e-01 1.074220889963483222e-01 -1.516668624466051829e-01 4.329810259699929387e-01 -2.560639315652717962e-01 -3.215774613065496695e-02 -1.701271475839868097e-01 -2.580051982494402929e-01 -2.119008063970465594e-01 -3.671459857686172890e-01 2.876279228931893361e-01 -3.804391909735080346e-01 -1.341137408245223483e-01 -1.598394781936875175e-01 -2.113131710505605221e-01 -2.832418887629181703e-01
4.148499139417660513e-03 4.054705116528170561e-02 -8.879380177849074962e-02 -2.280498637845251864e-01 3.967611488098462397e-02 1.177534261263713244e-01 -3.319302210365632222e-01 -8.334532632441196687e-02 -2.159309999046380435e-01 3.317852908629986275e-01 4.336316874754127526e-01 3.037141021476761349e-01 3.725435328413284064e-01 5.704090228601499390e-01 1.000000000000000000e+00 -1.700549355764538473e-01 2.454215011146162195e-01 -1.365442596492892624e-01 -2.155234711575429174e-01 -1.549804363589336043e-01 2.895652145465752447e-01 -9.798661498785551927e-02 3.676103259207280094e-01 3.761250917008489569e-01 1.488833120231270180e-01 3.859037225487402800e-01 8.389638485295045078e-02 5.224839946979507044e-01 2.551444792480824786e-01 5.229692665841860766e-01 -4.341519421062179362e-01 -2.742023568624421537e-01 2.607011812271860587e-02 -1.329822948624126977e-01 1.911894284895424567e-01 -2.834355813293440440e-01 -5.327841180360569362e-02 -3.852276345741157404e-01 -3.603444906615549947e-01 -1.635689066117838320e-01 -3.652256157733447250e-01 2.060866363168363802e-01 -1.397998775223731616e-01 -3.558948125054265388e-01 -3.993118132524381414e-01 -2.384612331946650288e-01 -2.415472299866732731e-01 -2.648015414580935922e-01 -2.976089033562308028e-01 -3.378434904358503799e-01 1.321591609341451340e-02 1.426948233491953932e-01 9.893125899001330853e-03 -9.594420709618364795e-02 1.461014277793948671e-02 5.360707559909360514e-02 -8.037543747446404541e-02 1.625423203106459991e-01 2.043575178330853948e-01 3.434655752007885754e-01 1.091201349287095612e-01 3.048977684181245484e-01 3.219149486771565871e-01 3.194181841384284848e-01 4.649210542284183401e-01 6.490597471056748224e-01 5.053841203451813445e-03 2.453560325868214265e-01 2.545660989449438638e-01 1.404367561309688150e-01 3.950370488624904142e-01 3.756315857528811364e-01 4.940646684142857015e-01 9.277473021629789596e-02 4.211788891174265692e-01 3.629627324021412749e-01 3.213422475562882630e-01 6.233634786339588008e-01 -3.848642988058759151e-01 -2.728291100904124966e-01 5.032857148970102390e-01 -2.473496800599557788e-01 -1.873550623158400097e-01 4.384621337411336306e-01 4.305740627150427824e-01 1.277901139633516869e-01 -1.769812313040545482e-01 4.010913320356692680e-01 -1.620469174292310799e-01 2.021813822855149378e-01 -2.727410312033037298e-01 -3.048421895433515716e-01 -1.518075382635446502e-01 -3.996977401036432287e-01 2.096178651228980117e-01 -2.890473884320678422e-01 -1.379241313855007756e-01 -1.705515056262240092e-01 -2.016869649405023113e-01 -2.544009764901821180e-01
