1.000000000000000000e+00 6.963476143848611188e-02 -1.351567342438183827e-01 3.347581683919071960e-01 2.750270050926904020e-01 3.456769338533000058e-01 2.133298287512609415e-01 1.449353215007939955e-01 1.594112001337307793e-01 4.216107881657619322e-02 -6.940466660364613682e-02 4.296463091477759760e-02 -4.452208292995454147e-02 -3.995378376865690306e-01 -2.196759763659879849e-01 4.033219401121161396e-01 -2.573356374882212472e-01 -1.204874345103724431e-01 -7.792238179704763512e-02 -2.390855888263704598e-01 -3.732433009081354558e-01 -9.249057434103610809e-02 -2.879187469604522209e-01 4.144620327209543043e-02 2.020049879817836236e-01 -3.165013099272826480e-01 -3.440835221727310267e-01 -2.637802862727179898e-01 -1.075833510483515248e-01 4.374303560501194288e-02 -1.492040794467901776e-01 4.469899053969987324e-01 2.632250500160377982e-01 1.539989501400581585e-02 -1.988354630962514136e-01 1.689951321451586830e-01 2.003895732406865138e-01 5.054473490591377960e-01 3.316324363044102497e-01 1.827869382966579304e-02 1.849764252143319965e-01 7.977788383121213467e-02 3.404632850744519768e-02 6.081094853623407459e-02 -1.274777898026515366e-01 -2.257147628425907049e-01 1.019861420482304076e-01 -4.579267176150481622e-01 3.148168002562098944e-01 1.846932087134878775e-01 2.151248340226368308e-02 1.703916745301666813e-01 2.898656591198573440e-01 2.215907203389514968e-01 1.527650954436728936e-01 8.636096964118569752e-02 1.208511376499352280e-01 -1.883106309896281916e-01 1.041515921282868129e-01 2.715392152504471079e-01 1.805624617285168376e-01 -2.142707506205558943e-01 -2.622185459197102775e-01 -3.039310120424780215e-01 -2.562581450183833987e-01 -3.269165423700989281e-01 1.629890645644286318e-01 -1.486802082078517440e-01 -1.924312070284424636e-01 -1.148559999221351047e-01 -3.279569565496200378e-01 -3.403154593535784311e-01 -2.828378935019025264e-01 -1.631786706848264712e-01 -2.858200671767919254e-01 -1.384658654256622212e-01 -2.083329722419705876e-01 -3.463006330545213562e-01 1.756680246838291104e-01 4.254624934721425999e-01 -2.662606193567237378e-01 1.578645233561134509e-01 8.308379314538668833e-03 -3.761566309472997860e-01 -4.486966700849699397e-01 -2.651997101841439552e-01 1.292230243786021138e-01 -1.878477700823432406e-01 5.757598096979996138e-02 -1.093974214774172254e-01 3.620660801515342975e-01 5.015042788980293986e-01 2.629926451397999188e-01 2.227824793660336811e-01 -1.437317897792153229e-02 5.740374726226523533e-02 -3.621457180626320715e-01 -2.338074946608593441e-01 2.005521673184448017e-01 2.745569501718021499e-01
6.963476143848611188e-02 1.000000000000000000e+00 3.803638824677385566e-01 4.766588307234340127e-01 2.738745892472775889e-01 1.053759301993235781e-01 4.126927970207504570e-01 4.273392956179266067e-01 2.992447786998050918e-01 -9.140522891135889616e-02 -7.387110003706856554e-02 -1.817785032154382308e-01 -1.864236900246957485e-01 -1.614200362014153733e-01 -1.785922700645390937e-01 3.127722165623427752e-01 -4.577071210098768161e-02 6.874985653314323597e-02 -1.132510690646004736e-01 5.406703672906760377e-02 -5.068724813440592114e-02 -3.029343071507647478e-01 -1.403062924719611082e-01 -9.704449091972544572e-02 -2.884460147041601266e-02 -2.557978576121682779e-01 -1.091101375958111186e-01 -5.559892944498018297e-02 -7.194857828393487302e-03 -3.898033386601225392e-02 -3.166645742454207713e-02 1.377274760741907245e-01 -4.193706475549475315e-02 -2.537138383991206503e-01 -3.136431106699857363e-01 -1.343234557934808691e-02 1.929155355926179607e-02 -1.698838964177322094e-02 -3.569664664393699949e-02 2.263471000851902393e-01 5.214272272334183334e-02 -6.364199023676830880e-02 -2.683994147712836509e-01 2.392329210815932403e-02 -2.439146342560372660e-01 -2.440014909869793469e-01 -9.699431615170715781e-02 -1.269681096500181738e-01 1.156698594460032897e-01 1.239502503027754693e-01 2.978262905399026161e-01 6.460299657893533443e-01 2.697498956563518790e-01 2.816798028483561978e-01 2.381338819749808655e-01 2.614351266606320667e-01 1.383476749174695764e-01 2.808779524040715403e-01 -4.922771388765481010e-02 -5.300043669181418726e-02 1.319247787950336426e-01 -2.219437076123386143e-01 -2.530407253679557988e-01 -2.021066315969984040e-01 -1.894505438103888384e-02 -1.727598461100531557e-01 1.132935464916303980e-01 -1.578320391288270397e-01 -2.315459276311578884e-01 -1.492514752707149173e-01 -1.264112374231554925e-01 -2.529769223894848817e-01 -8.911513184944368227e-02 -1.797521053899208410e-01 1.758622966307951396e-01 -1.525021069942671670e-01 1.651416468652389391e-01 1.176231541020982332e-02 -3.584579612506026865e-03 4.636394755743646068e-02 -8.152112005876314960e-02 -2.834605828550744167e-01 -2.307513030587570735e-01 -3.870789209974661027e-01 -1.503371350175458643e-01 -2.719861980765864162e-01 1.548896762024571661e-01 8.768456366046294137e-02 -6.039456065421775106e-03 -1.998436116477312827e-02 -2.685168155404768844e-02 1.023288368999297065e-01 1.954639353501990140e-01 -2.895555183685977196e-01 -2.176272154132001813e-01 -2.551926218507197947e-02 -1.657119433757864857e-01 5.412063005290620316e-02 2.045623505984671409e-01 9.077015776034763617e-02
-1.351567342438183827e-01 3.803638824677385566e-01 1.000000000000000000e+00 -6.513889611069000052e-02 -1.134510088473958400e-01 2.542500917534101235e-01 1.695619659731172901e-01 4.970397428654592664e-01 3.296858158284525220e-01 7.005473982049777171e-02 -1.630453938940051306e-01 1.230615038190986405e-03 1.865046624331542086e-02 1.134685871969186438e-01 8.738070213812064446e-02 -1.285613204066764770e-01 5.088871606666813679e-02 9.199598859076392465e-02 9.861386926067949865e-02 2.510159912675017160e-02 1.804538676576684930e-01 -1.815115713197026359e-01 8.533042345818468710e-02 -3.401079492175773655e-02 -1.688409535315481616e-02 3.808498938118944511e-03 -2.393929216144733904e-02 8.294322518996312399e-02 -1.682823395710468517e-01 3.511037243774477179e-02 2.580887725654738493e-02 8.843979281849156937e-02 -1.175520597043664683e-01 -2.460859817220630297e-01 -2.502537359040839515e-01 -5.319981766701054049e-02 -4.449063646337944600e-02 -2.582311397528560537e-01 1.096103365410646263e-01 5.734034836805357305e-02 -5.669313196794191489e-02 7.010957945395081270e-02 -6.436212355704955257e-02 -8.201372501045098296e-02 -4.776488650070692676e-02 -5.658966746074432091e-02 -1.068425026777864023e-01 -1.314682983724449750e-01 -7.486670490248092079e-03 -6.563255057017530932e-03 2.263433510641201518e-01 5.539219497101086631e-01 -8.785761691771663828e-02 -1.179379243369798602e-01 2.846016286528431638e-01 4.919445085558021846e-01 2.470534607299745555e-01 5.003368808425463499e-01 -1.931397973290615785e-02 -2.683102231254529471e-02 -6.802903771742613293e-02 8.483502397088393820e-02 -7.245653600326757392e-03 1.831377959293594704e-01 1.577264093574063109e-01 1.478564993902287683e-01 -1.073353154173820739e-01 5.734033270083088718e-02 -4.568273845545246792e-02 3.506412723107442397e-02 1.342758952501874048e-01 2.551418575918714196e-02 1.527655084638016025e-01 8.538810408770464155e-02 1.632226895430960723e-01 1.694025173759025225e-03 1.763785366576705593e-01 2.693661850371396049e-01 4.447478727359059636e-02 -1.011998466386478807e-01 1.737413420317365439e-02 -2.428379743468833951e-01 -1.430708279574836872e-01 -4.953720122550248073e-02 1.419100119879280857e-02 4.235662970189491006e-02 1.167293244540958397e-01 2.471259313820905468e-01 3.651119304031592155e-02 8.130034842374495030e-02 -5.131364200800971748e-02 -1.445148158959745077e-01 7.456087602291400218e-02 -1.203720381913097742e-01 3.649741138934971783e-03 4.871856089982860155e-02 3.463568117906005300e-02 3.680736104321898766e-02 1.917813376753200461e-01 -9.000517531880244948e-02
3.347581683919071960e-01 4.766588307234340127e-01 -6.513889611069000052e-02 1.000000000000000000e+00 6.671482220906167493e-01 1.533492167893327207e-01 3.389548187604864427e-01 1.379948173293131242e-01 1.658134000104546091e-01 -4.038034245595148453e-01 -1.264414456374038723e-02 -2.291547544575921747e-01 -1.909973609528538563e-01 -4.611541682091405137e-01 -4.768356026540062631e-01 5.975253694000258742e-01 -1.286595811852941362e-01 -3.445503665231117521e-03 -3.362903969284162797e-01 -1.936663000342326302e-01 -3.474994515137287965e-01 -1.008225999632437753e-01 -3.696128777781061969e-01 -2.026338361794629006e-01 -2.009801302430549441e-01 -2.486058101263844688e-01 -1.602987939106954585e-01 -2.134095252897127426e-01 -5.970904142829422390e-02 1.540527576069055937e-01 -2.046507113486620566e-01 9.200414519888794329e-02 1.642237305166854566e-01 8.033235047028960268e-03 -1.619724504484368333e-01 -8.724211886574906316e-02 -1.228423449032383236e-01 4.787383569441173159e-01 -5.049366770039158750e-03 2.388664253358828704e-01 3.517402736066242014e-02 4.697721457523668792e-02 -4.415636476438018071e-02 -8.449797797848523917e-02 -4.300587644891700201e-01 -2.395230324756670026e-01 1.120280247047981265e-02 -2.488790243074284758e-01 1.947667263432371343e-01 -7.850851536512457344e-04 2.682006684029833443e-01 3.840717852102039642e-01 5.876046358002350312e-01 7.240677536023599759e-01 2.698060400138218018e-01 1.796571763529696275e-01 2.504985724957778381e-01 1.034663150978426364e-02 -2.882340777174365321e-01 -6.893254245987380513e-02 1.553947946707045780e-01 -3.629399037804504902e-01 -2.544985457343877377e-01 -4.730658147341778585e-01 -2.309373512166361109e-01 -5.528446182691866273e-01 2.234171738618642711e-01 -3.223099698879154373e-01 -2.770106617604424781e-01 -8.416804280643341851e-02 -4.044513383500085713e-01 -3.916138025097919417e-01 -3.188305455938336697e-01 -3.568454816326532830e-01 -1.177049323399295827e-01 -2.855465975700012815e-01 -2.299178869834123673e-01 -4.069423270122028424e-01 -2.015255697124662126e-01 3.636374241553826381e-01 -2.314375973451888724e-01 -9.479060771772630789e-02 -2.439216867407911771e-01 -5.196256791451345780e-01 -3.736891476228529352e-01 -4.850450751907377511e-01 -1.430170651205470433e-01 -2.917731737285013116e-01 -1.197142453157593461e-01 -2.861234231617369450e-01 1.492900942855215074e-01 2.556355529986274466e-01 1.295722715366462163e-01 -1.497362572860050367e-01 -9.872381995433161805e-02 -2.203476119382792309e-01 -3.788818505151510529e-01 -1.904026118858297423e-01 1.415932204558241203e-01 4.017668688531322863e-02
2.750270050926904020e-01 2.738745892472775889e-01 -1.134510088473958400e-01 6.671482220906167493e-01 1.000000000000000000e+00 1.731890500197046934e-01 1.516461685263554293e-01 -8.635736340718443149e-02 8.154358246987666869e-02 -2.359866534893272638e-01 8.109407438956303671e-02 -1.754078888448852569e-01 -2.188330758272631071e-01 -5.126441280797083833e-01 -5.145098796216652781e-01 4.131112910535815752e-01 -2.599364684662911484e-01 -2.559228074991012902e-01 -4.818061525744132823e-01 -1.941791760421948398e-01 -3.982813552072830832e-01 6.222567596927758293e-02 -2.890350893537139698e-01 -1.569739863608204666e-01 -2.762874908794660592e-02 -6.225341122694689339e-02 -7.910689192030419259e-02 -1.310592812184175303e-02 -5.118785779585723755e-02 1.198824912782513741e-01 -1.681682779562372887e-01 1.346628797616029605e-01 6.246911312074782119e-02 -8.614874123526818778e-03 3.498283329341457526e-02 9.119989788720023194e-02 1.283932607561193429e-01 4.419586567634172791e-01 8.578674392586368991e-02 1.111282695891582933e-01 1.770041595239998378e-01 1.283782491432348405e-01 1.605646761349366070e-01 1.627581591585020374e-02 -2.251448346343817852e-01 -4.052343963535127991e-02 1.567886331254426113e-01 -2.144389266499169555e-01 9.353346518114473429e-02 1.319612632785976680e-01 1.946924537882724349e-01 2.500716448119462698e-01 4.447185064495102202e-01 7.578841148423689500e-01 4.096408303290799413e-01 5.448257769213144669e-02 1.875007954588223946e-01 -1.126189059701461909e-01 -1.548954476237430489e-01 -1.909181600147210819e-02 3.920557639484018031e-02 -4.128074787675454216e-01 -3.068437300941762036e-01 -5.809044984361890762e-01 -4.616428946502977859e-01 -5.391927914758616325e-01 2.299078933659073898e-01 -4.189742254678752165e-01 -4.180868391202626211e-01 -2.968327983354359101e-01 -4.392699587505778935e-01 -3.732588508576819009e-01 -3.692844579936961358e-01 -3.100552572918771066e-01 -1.087002002905270298e-01 -1.554377036755333619e-01 -2.589450636537063422e-01 -2.920611374246516179e-01 -2.175070767837523622e-01 1.812915684421885221e-01 -2.092045923546513031e-01 -1.055317822142126834e-02 -2.835186023069424244e-01 -4.004146073475213230e-01 -3.285927332196122985e-01 -3.165657879644087624e-01 2.159763090933202595e-02 -1.208619696017115136e-01 -1.175842286728680797e-01 -2.068760133426069958e-01 4.695089057158007007e-02 1.988571054006137706e-01 9.275151679675798511e-02 -5.084910016021573775e-02 -2.523618927228928749e-02 -2.438986718583244784e-01 -2.681051107895445762e-01 -2.333074583207754293e-01 6.594351606638090835e-02 5.487011266703769458e-02
3.456769338533000058e-01 1.053759301993235781e-01 2.542500917534101235e-01 1.533492167893327207e-01 1.731890500197046934e-01 1.000000000000000000e+00 1.899719599523347902e-01 2.807348922864140728e-01 5.329958284927808210e-01 1.305540355340733833e-03 -1.069967342233072716e-01 1.105563215484638290e-01 6.613377839415306159e-02 -1.807414920514218912e-02 2.623701754102031325e-02 3.830580143905513990e-02 -4.550076812755853017e-02 2.555413767559021419e-03 2.581555093324351680e-02 -1.635735989706148807e-01 -3.115321393253175919e-02 2.942820823723938523e-02 -7.276845077541883866e-02 -1.766247519475305783e-02 4.046595804890640302e-02 -1.334163936609710499e-01 -1.705075331058720223e-01 -2.063633498067356797e-01 -9.694066883566405946e-02 9.421673099291635878e-03 -3.050842429025481944e-02 8.531709359928980885e-02 1.475370492696628233e-01 6.119230363785398835e-02 -1.359432135575175948e-01 1.579397463040517202e-01 1.447755933396763922e-02 1.664858245182740393e-01 9.500620873859949578e-02 -1.463417827698410834e-01 7.931366409196430670e-03 1.428691110738120051e-01 6.105831134699089835e-02 -1.007211787609954279e-01 -1.142538148981938340e-01 -1.114375899136616777e-01 5.886808697867638301e-02 -2.117007358363995617e-01 3.529523844569212865e-01 3.639503520605055775e-02 -5.222719319612598166e-02 1.656243212561236411e-01 8.098882093367429369e-02 1.268461732593703997e-02 5.036632473155573386e-01 5.295362290361607105e-01 2.596795967130670069e-01 2.572217797776367165e-01 3.877151728544823983e-02 1.507880013162312127e-01 3.590104137652980199e-02 9.901963631888974909e-03 -3.923826134379270608e-02 1.262305479638447248e-01 1.243847787862126936e-01 -9.329525343980696328e-03 -1.251791973194550656e-02 5.287001591773002329e-02 -4.857723656243335270e-03 6.965250321241435449e-02 1.762600445592145057e-02 -1.341028978277027384e-01 3.985576892033859675e-02 -1.042230433733502687e-01 -2.655698456928394791e-01 -9.960528276504312939e-02 -1.078937763766154023e-01 -2.086705680557675302e-01 8.412524007897115297e-02 9.638278254902855890e-02 -1.365126889883857275e-01 7.811711605846971551e-02 -7.154055027880448780e-02 -1.737817861091498217e-01 -2.421770705852888672e-01 -1.128174586242945976e-01 -6.748996111947445919e-02 -1.612308953752572271e-01 2.285087248616146649e-01 -5.989939600916886070e-02 1.655705157465568456e-01 2.004692098458487615e-01 3.431539228845835454e-02 7.658689169761707938e-02 2.250135351145701387e-02 -4.336034716185938748e-02 -2.167759773396523981e-01 -1.622918159086971512e-01 3.456094565096580196e-01 1.268259977790415216e-01
2.133298287512609415e-01 4.126927970207504570e-01 1.695619659731172901e-01 3.389548187604864427e-01 1.516461685263554293e-01 1.899719599523347902e-01 1.000000000000000000e+00 4.392130715443985367e-01 3.683808397783127631e-01 -2.724643959865887324e-02 1.437693921836393808e-02 3.349363648841574559e-02 -5.519840419500941092e-02 -2.312595487003628603e-01 -1.682348633785605285e-01 2.888997331767305665e-01 -1.321479245799544455e-01 1.412277963161918948e-01 -1.161472714275891133e-01 1.778514114872638274e-01 -6.520254994948820881e-02 -2.623675889649491610e-01 -2.861284445330036785e-01 -2.334158641438575585e-02 -2.098059567641152867e-02 -4.017874328787885418e-01 -3.463680504468160115e-01 -2.816285796134749275e-01 4.669566189091765851e-02 -1.837093129407892100e-01 -1.274983076397865137e-02 2.077709790889382957e-01 8.771672507361112647e-02 -9.617029878521940467e-02 -4.061749968663622701e-01 2.181437235048413192e-01 2.006227766780793037e-02 2.847166445664618961e-01 1.222164812744008511e-01 8.899420452681143512e-02 1.525802724292774915e-01 -1.713598173780024325e-01 -3.599927890154904775e-01 1.048084967703891840e-02 -2.432105317971753611e-01 -3.394401604911179704e-01 -2.357742963438176909e-01 -1.164233730669447242e-01 2.517190659256636209e-01 1.294585700550503204e-01 1.300287000270465010e-01 4.415204011003283080e-01 4.448644325256446153e-01 1.673776191594062990e-01 1.253210430628930172e-01 1.883024462496944162e-01 2.579769266149640194e-01 1.258231452469828482e-01 3.818851029782652923e-02 3.669034521864100035e-02 2.249099192535788105e-01 -1.803530000246724718e-01 -1.786160658442491611e-01 -1.766960462979244861e-01 -2.135338732610746453e-03 -2.204176488536072620e-01 4.011561758616947748e-01 -1.286447822899229876e-01 -2.405540896736383522e-02 1.476131595587487355e-01 -4.418681650645255726e-02 -3.405307810905005006e-01 -9.531717027641542495e-02 -1.105844399426959973e-01 4.859872265893568771e-02 -2.456521148817490396e-01 1.205424872319230262e-01 -1.570544712577362501e-01 5.300145727054200728e-02 1.440809951602031180e-01 1.589126992504127228e-02 1.559976006215188851e-02 -1.408290188703535117e-01 -3.800693739498018919e-01 -2.256529636433133590e-01 -2.406560328485198297e-01 9.472354680000712179e-02 -1.380141773637247327e-01 1.784733143893888208e-01 7.488601567794868352e-02 1.888254882433032245e-01 3.385987212037576133e-01 1.230531970693521521e-01 -1.735894049121427252e-01 -2.886195744188639334e-01 2.167547406093259590e-02 -3.364771634912305243e-01 1.136912219847406730e-01 2.739840395067758561e-01 2.925544550937388411e-01
1.449353215007939955e-01 4.273392956179266067e-01 4.970397428654592664e-01 1.379948173293131242e-01 -8.635736340718443149e-02 2.807348922864140728e-01 4.392130715443985367e-01 1.000000000000000000e+00 4.722430008883424235e-01 -7.789645372347074603e-02 -1.275115961306963197e-01 -6.293520748827682865e-02 -9.543139204558817590e-02 2.184915009340685638e-02 2.293090657907371002e-02 9.131294700088496419e-02 2.902960178129940921e-02 3.792094500258658130e-01 8.946666382039517029e-02 7.528514015770902679e-02 1.274431026550276180e-01 -2.056802167299969231e-01 -5.478947437282084831e-02 -2.213776944625265100e-02 -4.863574299502502335e-02 -2.427149354533155168e-01 -1.596260575695738482e-01 -1.872945073064052335e-01 4.000887651530604661e-02 -9.295690456199702523e-02 -7.217938509607473019e-02 5.054119825690605444e-02 5.177506238186029008e-02 -3.632772212925734073e-02 -2.488506530221024915e-01 1.791932443378358233e-02 -1.192690135843221672e-01 -4.996543086496287728e-02 1.196995518820279519e-01 1.253393288614708112e-01 3.915147380685229939e-02 -4.896596865478878430e-02 -1.586373731850362068e-01 -1.942032799824563449e-01 -1.777423443301233974e-01 -2.194528954643727992e-01 -1.446144132197029752e-01 -9.166365856667593737e-02 1.395447579797574333e-01 -4.167084019360105251e-02 1.722069904087372427e-01 5.638873121904267594e-01 2.118663333335134014e-01 -1.100379114044863216e-01 1.886060299975444443e-01 3.510825659127219667e-01 5.062921937802998817e-01 5.019430609338531024e-01 -4.299325749561305060e-02 -2.985245149873094056e-02 -1.010885936262828980e-02 -5.728234696335954279e-02 -1.110144081778515063e-01 1.376166374538864423e-01 2.101422439398092090e-01 1.986473952053615950e-03 9.389180919964174032e-02 1.114815290125725084e-01 1.446250102004611737e-01 2.981814750502652100e-01 1.758743974293551227e-01 -1.015291171078481353e-01 4.129035360914747044e-02 -7.400576072683298645e-02 6.836363926985121464e-02 -1.224730305722575713e-01 1.793662520317131914e-01 -5.863053916347869821e-02 -2.020691581351607286e-02 -1.293087093888971653e-02 8.673672814133324971e-02 -8.127953995085906991e-02 -9.896019927928384474e-02 -1.707777232078122598e-01 -5.945294300401012672e-02 -1.171783175859280463e-01 4.256508737991599248e-03 -7.253137521039652869e-02 1.333586949983961156e-01 5.986486591318870842e-02 1.038656298487954099e-01 6.215517853184207575e-02 1.254192845533880774e-01 -1.683062402022658943e-01 -1.042562529962165752e-01 -5.448395740620549932e-02 -1.140184687132027030e-01 2.686763098851874601e-02 1.712976264447772234e-01 2.402637167651310371e-02
1.594112001337307793e-01 2.992447786998050918e-01 3.296858158284525220e-01 1.658134000104546091e-01 8.154358246987666869e-02 5.329958284927808210e-01 3.683808397783127631e-01 4.722430008883424235e-01 1.000000000000000000e+00 -3.167006491127558054e-02 -1.515879381535376325e-01 -7.573764976184815811e-02 -6.199432248594675607e-03 -1.081267078043172541e-01 -1.560764884893486859e-02 -5.472716339783265105e-02 -1.882062682076292293e-01 4.832217215317379660e-02 -1.458310421489089903e-01 1.471620923879722320e-01 -9.275109799127737031e-02 -2.173334315277745121e-01 -1.872513543505252565e-01 -1.040989659249918625e-01 -7.641301098898273247e-02 -3.112111464812405970e-01 -1.154286513904854011e-01 -1.227847424515323277e-01 7.949141977359890088e-02 -7.342368421060598005e-02 -5.032691220783040015e-02 3.431171851155504632e-02 -4.155304203642051775e-02 -1.680928300569518030e-01 -3.734718776513455962e-01 3.320446795949544838e-01 1.149539213622363526e-01 6.976365867109836361e-02 5.005564327655652457e-02 3.862240282642738498e-02 1.741278333109538279e-01 -8.050541780526292157e-02 -2.498958465221633729e-01 7.605016640140414841e-02 -1.733340599483045585e-01 -1.512351561913134190e-01 -7.788261500498955270e-02 -7.606588305339657963e-02 4.034916596591672233e-01 2.394322293688852799e-01 9.402497607510117150e-02 3.733169191426229383e-01 2.016984879906549011e-01 3.317965833131263087e-02 2.670927484231869764e-01 5.078040368559839646e-01 2.790518817822552622e-01 5.221197873409191281e-01 3.634930830223886966e-02 4.282043054512255087e-02 3.777646288757189469e-02 -7.165721138612377028e-02 -1.574437262094751100e-01 1.199884915747641799e-02 4.737215799146200779e-02 -6.383739504010781107e-02 2.882499573912565838e-01 -1.535840115057469923e-01 -9.984097886387648113e-02 2.975555786823730342e-02 7.968918960164522725e-03 -2.186996958750309639e-01 2.695682971034983264e-02 -1.719703504181425424e-01 -5.271846316307039759e-02 -3.115862124647871823e-01 1.688754448470531078e-01 -2.849109499529374132e-02 5.883747693037214010e-02 1.195039910357787415e-02 -2.712099572452914692e-02 3.255968840573713469e-02 -1.679323259203207852e-01 -2.548315761612953145e-01 -5.551339573659529181e-02 -2.050009137204344134e-01 1.826441859124911526e-01 3.062429852995153176e-02 3.604294153350327545e-01 1.284369786081115405e-01 2.109705466287723208e-01 2.092098555351145084e-01 1.524468567056328494e-01 -1.765347372035976081e-01 -2.324532773191488044e-01 1.720718135240610347e-01 -3.963875322721004124e-02 1.991283018591981646e-01 4.795403342637351574e-01 3.289497799265505007e-01
4.216107881657619322e-02 -9.140522891135889616e-02 7.005473982049777171e-02 -4.038034245595148453e-01 -2.359866534893272638e-01 1.305540355340733833e-03 -2.724643959865887324e-02 -7.789645372347074603e-02 -3.167006491127558054e-02 1.000000000000000000e+00 1.964977790781884115e-01 2.760307754997449736e-01 1.011256045121402825e-01 2.641203221903762333e-01 3.753079918374975787e-01 -1.765783215159806019e-01 -7.150436496463506708e-02 -5.822888211253932772e-02 1.812625743885894758e-01 1.268635472009434217e-01 2.153569637829570727e-01 1.706309065352276388e-01 3.728648386410416959e-01 4.053275155015075848e-01 5.134729425504710454e-01 8.434379849468870774e-03 6.936648883536926033e-03 2.927137536477188995e-01 7.385927660522953464e-02 -6.053959977518266061e-02 1.179958703320291291e-01 3.244993030789136146e-01 -2.166259882846573448e-01 -7.580168170867469454e-03 2.301984487104577828e-02 1.002647598564039705e-01 2.245277177810902636e-01 -1.619030896426542909e-01 1.141134879065213853e-01 -6.254867505360665880e-02 -9.548810303070855154e-02 -1.846783694895063332e-01 -1.964788275112235860e-01 2.644620383897499649e-01 2.070414291329170930e-01 2.520992623828725507e-02 -9.809953498503758140e-02 1.291221327338812064e-01 -1.263088179218620766e-01 6.550213070742823274e-02 -2.826538305874494172e-01 -2.613952274431766490e-02 -3.757538834362993962e-01 -3.366270132821714278e-01 -1.389339592916985222e-01 -3.429892999819107030e-02 -1.742489467989473406e-01 -7.454715979971468509e-02 6.787213855484690583e-01 3.344325393689936976e-01 -2.885170160520646176e-02 1.103488699659666561e-01 6.542748787686029910e-02 2.014320845085521561e-01 -2.913384123894377509e-02 4.099459998970073071e-01 -1.089727113768595435e-01 1.138081475312026913e-01 4.663804631011558843e-02 -1.065931062084652520e-01 1.211234412715643805e-01 1.870539789653388185e-01 3.443438770676000016e-01 2.826601609063161824e-01 2.552331667238564306e-01 1.783772166730064057e-01 2.420591332083144032e-01 4.332674828565148961e-01 3.299716609850240623e-01 -2.350461746001790975e-01 1.350502022833292570e-01 -1.202691762695260735e-01 -4.824106330636623169e-02 2.762074486061189549e-01 1.408118681894343638e-01 1.841026869797701415e-01 2.305553532116962900e-01 3.169450561556806933e-01 3.029133015622694630e-02 7.063694935053434210e-02 -2.163251419928901853e-01 5.511475605347743861e-02 -1.117987075398288038e-01 -7.275324603118686617e-02 -2.813085238047018932e-01 1.637017176691504816e-01 -1.566422232004397938e-02 1.747096074263336518e-01 1.595126343164256222e-02 3.568030195035567370e-02
-6.940466660364613682e-02 -7.387110003706856554e-02 -1.630453938940051306e-01 -1.264414456374038723e-02 8.109407438956303671e-02 -1.069967342233072716e-01 1.437693921836393808e-02 -1.275115961306963197e-01 -1.515879381535376325e-01 1.964977790781884115e-01 1.000000000000000000e+00 2.998537744763127844e-01 3.034989295260383593e-02 4.613039933203378490e-02 2.601500659626342360e-01 1.139769882552830599e-01 1.123625692692856171e-01 8.227603408600503432e-02 -6.028481817419158173e-02 1.183834821003091203e-01 2.245000637294003731e-01 1.265620873348836661e-01 2.745883991741003907e-02 3.566336556422380344e-01 2.759473295535762594e-01 1.757922718343275237e-01 -5.435498377531787495e-02 1.615931863278001202e-01 2.398361778390920573e-01 -2.743980786743370828e-02 1.637210305353395678e-01 -1.043332175101017306e-01 -6.609423545498373243e-02 1.134177554398775045e-01 8.456842824728261210e-02 -1.043433868950637833e-01 -8.924150455214689692e-02 -6.060958635987917682e-03 -1.965884054131483150e-01 1.309684172843693650e-01 -2.458755749793027912e-01 -1.386494182107879947e-01 -1.916273314496531599e-01 1.459085466311426001e-02 -3.876490397573413571e-02 -1.703509101804330794e-01 -2.631756825981684811e-01 1.330897504845559021e-01 -1.641321329474318691e-01 -2.395120445487115557e-01 -6.619899575419083138e-02 -1.535331408556738497e-01 9.928984423826217598e-02 4.668782516116293940e-02 -4.214849258070690885e-02 -1.718071359341357685e-01 -2.665331001723756157e-02 -1.292943572877589820e-01 2.681484995778737890e-01 2.740238113591916269e-01 3.173124137729463889e-01 -5.501784728718669970e-02 7.921288031442283439e-02 -9.229717877437329521e-02 3.782879673056057344e-03 1.178396271705856035e-01 8.267524031896920922e-03 -5.680021091338772338e-02 5.593830923462567162e-02 -1.597677965344654685e-02 1.200626598861037342e-01 7.798089345444984832e-02 -3.519223756303188622e-02 2.876073683474808518e-01 3.632324472883413646e-01 3.015818227968813381e-01 1.287658514931537268e-01 1.135038197197154042e-01 1.102830706629183422e-01 -1.618096234112984325e-02 2.896807168679139122e-01 -1.594523917771417665e-01 1.014591698734340630e-01 4.745358349851632601e-02 9.362698685123031772e-02 -1.354183344943675760e-01 -1.506025086614548869e-01 -2.085482235514608134e-04 -6.777721402187558697e-02 -8.008967771814425041e-02 -1.795391307406824233e-01 9.778628078767219456e-02 -1.254210004828290592e-01 -7.287900173139374993e-02 -1.032519838516634397e-01 -5.458265319478202565e-02 -1.714531724334563967e-01 -1.798555410037195809e-02 -1.792620353265717281e-01 -1.958257655302941547e-01
4.296463091477759760e-02 -1.817785032154382308e-01 1.230615038190986405e-03 -2.291547544575921747e-01 -1.754078888448852569e-01 1.105563215484638290e-01 3.349363648841574559e-02 -6.293520748827682865e-02 -7.573764976184815811e-02 2.760307754997449736e-01 2.998537744763127844e-01 1.000000000000000000e+00 3.003615039264713737e-01 1.414445661338857019e-01 3.908707266688098425e-01 -1.049310644383251168e-01 1.931498108389052837e-01 5.443196275419313196e-02 1.413880382612529019e-01 1.525402742571006220e-01 1.916669632935109613e-01 4.437858765501922738e-04 3.283920371668784532e-02 4.629441554674163517e-01 3.475395153420501870e-01 1.277093855209526230e-01 -1.999664089806396094e-01 -2.601786434015999905e-02 1.322551697674569371e-01 2.065607846969852793e-02 1.613621702344355258e-01 5.335643396174763464e-02 -1.914888515478652409e-01 9.144685909881944408e-02 -1.242341846259449600e-01 1.085864739497423570e-01 -1.986939336134091807e-02 -1.080488707504428103e-01 -1.068231798438352836e-01 -1.495806575196015065e-01 -2.927310123958203336e-01 2.674348487739916166e-03 -9.268722830053802153e-02 -2.001927659030622308e-03 1.240587903886622044e-03 -2.068269117071937502e-01 -3.451829849608047951e-01 -7.814135998113665160e-02 -9.424756914287540921e-02 -2.319061972670149185e-01 -1.225001465818201657e-01 -1.449570662118368769e-01 -1.052383794325471439e-01 -2.474505165554782005e-01 5.468656823760890268e-02 4.564745210803649450e-02 1.502320993793863392e-02 -3.142184445968566192e-02 3.198755560265890696e-01 6.045177770716468890e-01 4.235757489563966582e-01 3.425205502257552825e-01 1.852978126810805592e-01 1.324386734351275241e-01 1.623904768665680731e-01 3.292583719818963361e-01 4.595482290297093347e-02 2.124797447471591383e-01 2.019932449029555321e-01 1.331835385217530754e-01 2.894299567921852501e-01 9.215923429128797251e-02 5.249842403250207234e-02 3.908184696354411458e-01 2.147588473437440360e-01 4.265672244907179333e-01 1.301186838970205539e-01 1.790390424017034854e-01 2.661454469639041309e-01 3.595060306956216617e-02 3.108404023818720496e-01 -9.485846987423283971e-02 1.263343491105319294e-01 1.121931522829567734e-01 -8.006475668930936040e-02 -7.136337234790479656e-02 -8.452699119545431516e-02 -2.295745456686925506e-02 1.419641480087380780e-01 7.447422830116975923e-02 -2.080371282927198640e-01 6.372373370020556482e-02 -2.093804740338275072e-01 2.943330788144970719e-02 3.728821603718309591e-02 1.159163954287373427e-01 -2.372576297801483880e-01 -1.464920999580761607e-01 -4.440948890662763104e-02 -7.283314056085728183e-02
-4.452208292995454147e-02 -1.864236900246957485e-01 1.865046624331542086e-02 -1.909973609528538563e-01 -2.188330758272631071e-01 6.613377839415306159e-02 -5.519840419500941092e-02 -9.543139204558817590e-02 -6.199432248594675607e-03 1.011256045121402825e-01 3.034989295260383593e-02 3.003615039264713737e-01 1.000000000000000000e+00 3.146357040776965319e-01 2.011868937814080827e-01 -3.360374066418421179e-01 2.824310376728378924e-01 8.354488536275664345e-02 3.694396387712609031e-01 -5.599011956936655876e-02 5.234524506600438110e-02 -6.842969691169707713e-02 1.397912719387748581e-01 3.086467600581793702e-02 4.027934831230779722e-02 2.139962050712015604e-02 5.775996740098434529e-02 -1.554899113149660513e-02 -9.642473231137825562e-02 2.134915078517432008e-01 8.471234000872081282e-02 3.254531844115929329e-02 -1.489906350704392479e-01 -1.386260677188659307e-01 -1.452176261007001590e-01 -4.130900143263178254e-02 -6.596541295478328126e-02 -4.332580445464756513e-02 -2.085716955333540013e-02 -1.806720502692880648e-01 -2.442929512666822400e-01 4.375313982744472724e-02 -7.271912552231576954e-02 1.177232525738363539e-01 1.295554613210424533e-01 9.834663117849636038e-02 -4.747958908117914933e-02 -5.317294473326922982e-02 1.548745381848119218e-01 2.865703202052808860e-02 -1.557217236362141641e-02 -1.162113859230995139e-01 -1.770416387006889247e-01 -2.109980771304925673e-01 -7.376856787492934442e-02 3.942008436881812988e-02 -5.022105044612434899e-02 1.080063720676490736e-02 1.458667381819583331e-01 1.601533449246913543e-01 1.964168560658802742e-01 7.842131797023776940e-01 6.003522726224040928e-01 2.552244230095869204e-01 2.119803586599558476e-01 2.105572278169003386e-01 -4.142794360539110016e-02 3.438106210719506506e-01 5.161924457212570261e-02 2.854619593684844595e-02 5.561169517622273351e-02 9.464859886022032598e-02 1.570043900616496513e-01 1.648422628486742592e-01 1.025788225376837309e-01 1.263807833539877870e-02 -5.964525818482094982e-02 1.970906709343507868e-01 4.026793570274571354e-02 9.684954827329059213e-02 -7.478395323518792492e-02 -8.547892598045757351e-02 -4.404086533929502112e-02 -2.966284880402312446e-02 -8.833827803062804448e-03 -3.261210710864283300e-03 -1.169447783631689941e-01 -4.112809277529502761e-02 -6.494543295898719260e-02 -6.918705991497586805e-02 -3.534248963671426935e-02 2.760879403655368963e-02 -2.019715839415056335e-01 3.555852522693760814e-02 -3.564030693156420432e-02 2.474134712279755788e-01 7.855432566453708632e-02 -3.733686230543044327e-02 1.620224543857483046e-01 3.195201800907222084e-02
-3.995378376865690306e-01 -1.614200362014153733e-01 1.134685871969186438e-01 -4.611541682091405137e-01 -5.126441280797083833e-01 -1.807414920514218912e-02 -2.312595487003628603e-01 2.184915009340685638e-02 -1.081267078043172541e-01 2.641203221903762333e-01 4.613039933203378490e-02 1.414445661338857019e-01 3.146357040776965319e-01 1.000000000000000000e+00 5.544870153878983521e-01 -4.665149453262836809e-01 3.175333149600143012e-01 1.943177427134580582e-01 5.410966323721256854e-01 2.438005641628680428e-02 5.783005359503232690e-01 1.109039470563653040e-01 5.460259447623488915e-01 4.082583240325945301e-02 6.824440840522624785e-02 1.063679035580652188e-01 3.055709427797797528e-01 1.611590991778539261e-01 -9.282253360158497502e-03 -1.197052834464488319e-02 2.658614835921649724e-02 -3.003024553400222563e-01 -1.443179520813850647e-01 -7.712884232774274394e-03 1.379814706562370596e-01 -2.413527301784282875e-01 -2.675251848980194636e-01 -3.910362738530734350e-01 -2.104769695112413963e-01 -1.040864215062056314e-01 -3.260996074492301666e-01 -1.492782119877315017e-01 -1.045220686674987187e-01 -3.584179665153052613e-02 2.417376978239489937e-01 2.660904272150641514e-01 5.270978857160301886e-03 3.734859279662036124e-01 -8.197695634888521599e-02 -1.594143223337559645e-01 -2.095437743766405403e-01 -2.451610604854674302e-01 -4.354857943005796539e-01 -5.571062591064739333e-01 -1.681093803393539365e-01 -5.139266074553644481e-03 -9.519961209662368418e-02 1.691141937911346260e-01 1.784541248370384581e-01 -1.220576257421939065e-01 -1.484380205549649390e-01 4.445012112340564481e-01 5.042946096676126366e-01 7.247741348554918028e-01 5.914110298784802655e-01 6.474238976728311501e-01 -3.302766493723152119e-01 5.080887362062345147e-01 3.696675390495983704e-01 2.330702148489676995e-01 4.666639383883907088e-01 4.912661830443276201e-01 5.752152929391540770e-01 3.067924989789862500e-01 1.469095069177029089e-01 1.266183209769846385e-01 1.140697463266531764e-01 3.400562937488189053e-01 1.170418512676302085e-02 -3.330214956324738518e-01 1.148207883905752319e-01 -1.788249330361573741e-01 5.965141587277419943e-02 4.383035710352886638e-01 4.307928069354501899e-01 3.817206424320945257e-01 -1.632277213061927024e-01 1.230311501328657658e-01 -4.803605777977754815e-02 6.230476389389063945e-03 -2.858304511743622878e-01 -2.679138271622820144e-01 -2.598212431220785490e-01 -7.460382732306168607e-02 -8.563678417323163095e-02 2.970395758593382535e-02 3.278729092718812854e-01 2.201542596067993240e-01 -4.935008105636798370e-02 -1.832668182952802149e-01
-2.196759763659879849e-01 -1.785922700645390937e-01 8.738070213812064446e-02 -4.768356026540062631e-01 -5.145098796216652781e-01 2.623701754102031325e-02 -1.682348633785605285e-01 2.293090657907371002e-02 -1.560764884893486859e-02 3.753079918374975787e-01 2.601500659626342360e-01 3.908707266688098425e-01 2.011868937814080827e-01 5.544870153878983521e-01 1.000000000000000000e+00 -2.684371278017203544e-01 3.085636011748130181e-01 1.789949905430678889e-01 3.002699782079880642e-01 3.534696230070755729e-01 6.389524826809116487e-01 1.209132268881506905e-01 3.575093848956599762e-01 5.099369561162394593e-01 3.528048758560120568e-01 1.605520967366306229e-01 2.518110162863027718e-02 2.851668893904727997e-01 3.146165046462462977e-01 1.138329338336367853e-02 1.821950501501865549e-01 -1.506930183105636423e-01 -1.348812478120790803e-01 1.353450623270427144e-01 5.415692667024954443e-02 -3.603762063754564066e-02 -3.050785617136490824e-02 -4.001050999023199051e-01 -2.481581743152781461e-01 -1.168214358854185730e-01 -2.625229954309704627e-01 -2.001652686676386461e-01 -2.217758916864188690e-01 2.260266284378273025e-02 9.937402583040634563e-02 -8.800907127373783223e-02 -3.622462901986279182e-01 3.195529272241772745e-01 -2.478183381450152767e-01 -3.107601726296353450e-01 -2.445011451769114885e-01 -1.819784381108753568e-01 -3.529940577368861909e-01 -5.769137345658346128e-01 -1.844949549758251039e-01 2.944569532197430835e-03 -1.598005690916401433e-01 1.021964227679603709e-01 3.562370448035681592e-01 2.079480807145997756e-01 7.255724843386129885e-02 2.812265919415991022e-01 3.152867701320670735e-01 4.728608665469821171e-01 4.685024694472441631e-01 6.972619138378002290e-01 -1.898310858608690532e-01 3.075607789967810812e-01 3.579025948481781572e-01 1.729067157743551797e-01 6.303470041456440409e-01 3.855258459729083431e-01 3.657912650079370165e-01 3.627562682375081171e-01 3.333281524579473354e-01 3.931608995978386756e-01 4.384314280222636473e-01 4.538488019142347674e-01 2.867210957450669340e-01 -1.873485278215740457e-01 4.667935756145831228e-01 -1.856332466773839840e-01 2.219956787777241924e-01 4.298065091004180660e-01 4.094636305613863492e-01 2.101932628667289304e-01 -4.322881078770840317e-03 2.187057282636616362e-01 1.763552401862424346e-01 1.860559896769942434e-01 -2.538297935220020229e-01 -6.051008375416590951e-02 -1.600109783062256819e-01 -2.915517086234216751e-02 -5.842964162308549037e-02 1.309107063553687222e-01 5.617304899296694104e-02 1.343365996945168062e-01 -1.844540844708119076e-01 -1.803897914214428466e-01
