1.000000000000000000e+00 1.801268955641779079e-01 4.296021949615910773e-01 1.597350491454037624e-01 2.605786921825488101e-01 5.520815801728238270e-01 3.267930294742166231e-01 1.966183450370856400e-01 1.360892421340129943e-01 4.059221417972343482e-01 3.974426362444294369e-02 2.887756057077500160e-01 -2.912229497065241604e-02 -2.130407166441606603e-01 -1.384921433967660487e-01 4.092771472209031924e-01 -2.703978207238131315e-01 -6.963944612293795910e-02 -2.448193604018122915e-01 8.962356836283755235e-02 -1.819052987266571719e-01 -3.457684524233306522e-01 -2.279096773256793773e-01 -2.129014854528663570e-01 5.493927865024463841e-01 -1.398407469727740993e-01 -3.565276793905974850e-01 -1.574674230372953287e-01 -2.019199186902764509e-01 -2.812183908316941428e-01 -3.358265439028407240e-01 4.629085084290912033e-01 4.098731918317665562e-02 -1.793038120231302268e-01 -4.603529325678584194e-01 -9.824360228572132092e-02 3.827573849357584351e-02 2.557227805279381760e-01 -2.116753422701467269e-02 1.568523437733410075e-01 -4.271265243258246663e-02 -1.706931774493448128e-01 -8.064842417059654711e-02 -1.014876651557959780e-01 -8.431795545190474972e-02 -7.301038678716581520e-02 -1.626740833772359895e-01 -1.525300268452847441e-01 2.924171908164938660e-01 -9.746560360118044358e-03 4.005547532394067023e-01 3.315826357264755053e-01 1.946033869282149387e-01 2.159785992831045887e-01 2.412120552656645822e-01 4.589742676442539193e-01 1.166074813197548465e-01 7.456722533156058541e-02 3.693622603840151508e-01 4.653847440173621702e-02 -3.457901629667248927e-02 -3.839179016804411537e-01 -2.448304773551029656e-01 -2.176947457974998390e-01 -2.940763942621849036e-01 -3.051511505381195866e-01 -8.720199134480192960e-02 -2.763304097432964790e-01 -3.275865576680499491e-01 -2.162228583576813745e-01 -2.354384069103929444e-01 -3.823721501963199820e-01 -2.211872561791338454e-01 -1.497188219465585002e-01 -3.732390304597518749e-01 2.690484542980813853e-01 -2.755727334168076720e-02 -1.354577270930228117e-01 -3.670473911643949705e-02 2.045869588240159798e-01 -4.253481213217261137e-01 -2.740116087057279382e-01 -4.284938213879568164e-02 -2.896683532448625087e-01 -2.001750659389464615e-01 -3.387119357146903265e-01 -1.072827332106937731e-01 -2.068236672051843583e-01 -1.388640094702116023e-01 -1.450379046287307294e-01 2.049187140836150889e-01 5.197389111960356578e-01 2.434081454435214065e-01 2.769218031623609660e-02 -6.841429453922763526e-02 -4.499468254163453695e-02 1.461451396576307279e-03 -9.043209434523974410e-02 1.391066995210205048e-01 2.083625889655704722e-02
1.801268955641779079e-01 1.000000000000000000e+00 7.155485993803970546e-01 6.431913843924961238e-01 5.149822298475229543e-01 3.231314874727969078e-01 -6.495837330249586150e-02 4.414487413753195311e-01 -5.608704385636215789e-02 -1.123839522373332594e-01 -6.608897294067528350e-02 5.260366868106196997e-02 1.823141991560203179e-01 7.077621220541045755e-02 5.893368457941365601e-02 5.438134695935257223e-01 8.208184243451950579e-02 1.404329307618693012e-01 4.741338206449398351e-02 -1.041949948952937688e-01 2.661568365960605143e-02 3.998301638045431011e-02 -6.090682953669655786e-02 -1.572069588771469184e-01 1.316047356075359664e-01 -5.604094881195749445e-02 -1.035822996518745154e-01 -1.029183907801062420e-01 -1.762618921616730394e-01 -1.016122711893106129e-01 -5.529648106883364861e-02 1.888444371888379006e-02 -3.187908382123378660e-03 8.597198065694092867e-03 -5.505668092625835841e-02 -3.444182059511080585e-01 -2.914193651573372401e-01 -1.164595359125840945e-01 -3.313184572223049074e-01 -3.758678175029338542e-01 -2.884199243236021948e-01 -1.237219962920806104e-01 -7.769552331861889413e-03 -2.119912735020736128e-01 -1.168105543600759105e-01 -2.221410033403964368e-01 -2.631773390086135089e-01 -1.738450226908129226e-01 -5.056692827628869735e-03 -2.326861040743631315e-01 -4.451924320190187717e-02 5.065497258795127467e-01 -2.164391051586538606e-01 7.539385727636460643e-01 6.351347027950832169e-01 4.995631139089066197e-01 -1.563886065320125585e-01 2.067237819429552093e-01 -1.011085171709315625e-02 5.665428517461239960e-02 2.284029893725447041e-02 5.028204238650352265e-02 -1.686228838576526723e-01 -6.961440384185309249e-02 -1.178503520390853238e-01 -6.662174889749071169e-03 -5.603782741294879299e-01 5.311036495383934103e-02 1.660959140118294097e-01 1.106114438211281137e-01 4.443138696744185906e-02 -2.278687217998396630e-01 -2.714208718686877408e-01 7.060297212205485229e-02 1.284714448762357686e-01 -2.328710300757806315e-02 -4.158785736604594940e-03 -7.792702438110916952e-02 -1.011740500243756419e-01 -2.799873681677732540e-01 9.651102954902827935e-02 -3.288396051024358169e-01 -1.867777796977763138e-01 -5.648203138887650937e-02 -3.382291698002636293e-01 -2.844770696481602190e-01 -3.005653395087411472e-01 -2.336755528675564242e-01 -1.644359092614177675e-01 -5.917892778550178784e-02 -2.575387332257558226e-01 -1.739243771303516191e-03 4.034745237419230107e-02 -1.424545209593254258e-01 -1.845480668747127573e-01 -2.361175646675441886e-01 -2.183610861793029712e-01 -3.224309256538198110e-01 7.456318201114174593e-02 -2.401485098493623682e-01
4.296021949615910773e-01 7.155485993803970546e-01 1.000000000000000000e+00 3.774176096173874062e-01 3.969522397974128980e-01 5.541512985143305370e-01 4.508831276597542737e-02 3.468635410373537287e-01 -4.520767451930709363e-02 3.894848652755262403e-02 -1.214713295979573948e-01 7.253410547790123397e-02 2.142226358512045181e-01 1.013939826803681860e-01 1.681206058319986429e-01 4.623398870115103532e-01 2.461874823440290266e-02 6.235164503563808691e-02 2.525859750559867126e-02 7.002147169255767967e-02 2.700005146089761929e-02 -4.937330297123990880e-02 -1.573994243096775783e-03 -1.831959572485661047e-01 3.892959270327470134e-01 -2.215151914750307649e-01 -2.605783938007343870e-01 -2.443300435369757662e-01 -1.096892171028688162e-01 -1.974991555671508636e-01 -7.504260262234958845e-02 1.515386126224282370e-01 1.187929476402948270e-01 -4.881852021779394674e-02 -1.639367509765699837e-01 -2.767884985343876392e-01 -1.568348001569988825e-01 -5.587558761370148980e-02 -1.695527783418280254e-01 -2.713684476678430713e-01 -2.531924359786730805e-01 -1.607836368022441953e-01 -6.428932513170353136e-02 -1.807740583593077655e-01 -9.574253599753788924e-02 -3.128801576937003670e-01 -2.813881291113602967e-01 -1.863563068418278290e-01 9.298748655780728067e-02 -2.155517702538362057e-01 1.616243339643006482e-01 4.887536640907698127e-01 -6.301339299826047569e-02 5.803557593930230851e-01 6.162862687756875957e-01 6.326902077426890258e-01 -1.330361353814411562e-01 1.569828347098571608e-01 1.242257036437880019e-01 1.125872566807085626e-03 -8.473527517662561570e-02 -2.404769483422579054e-02 -1.520612383935027734e-01 -1.204429405523485958e-01 -5.419367095971028281e-02 4.985941618606697795e-02 -4.546365359142395257e-01 7.939837970839527803e-02 1.247132691878316407e-01 4.998467094366807612e-02 1.114067946437752032e-01 -2.891030521013781551e-01 -2.141065580278411762e-01 -9.612764763848516761e-03 -3.402055511695773610e-03 3.855701444804282563e-02 1.361147846107277903e-01 -1.363081064229217654e-01 1.211685542067474086e-02 -1.159385679592204177e-01 1.567325258207144176e-02 -3.058169913109759497e-01 -6.836570071943037785e-02 -1.246077744463270631e-01 -4.036119973317184861e-01 -3.032475689443077660e-01 -2.250820407360084596e-01 -3.860560364144098866e-01 -1.445997398937139133e-01 -3.467157770751800455e-02 -1.328993727047922402e-01 1.769117119129496596e-01 2.469137966365707315e-01 -3.618849100589079798e-02 -1.663116203551334715e-01 -1.538501144331370640e-01 -1.800368669835735180e-01 -2.590154223996471994e-01 6.179794453123443887e-02 -2.057694421408950980e-01
1.597350491454037624e-01 6.431913843924961238e-01 3.774176096173874062e-01 1.000000000000000000e+00 5.489172836660924926e-01 1.362193131681209701e-01 -1.272180321683124837e-01 4.118716547912293358e-01 -1.119280975881429968e-01 -3.784053456497097484e-02 2.759467134442104008e-01 1.106586947133065685e-01 -1.032606454212205843e-01 -2.812926409518157755e-01 -2.838485100342730827e-01 7.020682460623426380e-01 -1.722105117981111988e-01 -1.519600349846725595e-01 -1.877187044619996192e-01 -8.771065032820817009e-02 -1.324016415490680276e-01 -1.525393298782803109e-01 -3.507816338742253404e-01 1.149779519493947244e-02 4.815783460151864398e-02 1.014575438742611052e-01 -2.560831131528853999e-01 -1.026999063826532499e-01 -2.905212087676111721e-01 -2.914839089352461166e-01 -1.313733049087556157e-02 8.429428040836127456e-02 2.009340799878108971e-02 -2.187543575087856906e-01 -1.802675709152729011e-01 -3.470529351156300124e-01 -3.302542829686079262e-01 1.579691067649795222e-01 -3.898001812015817746e-01 -3.422552735857913864e-01 -4.471671514801145997e-01 -7.880647589042563683e-02 -8.353228116936070591e-02 -4.008804320846999503e-03 -5.942529907589418070e-02 -6.282401457120942445e-02 -4.435460077566173442e-01 -3.194472316229495235e-01 -2.360096976745321984e-01 -2.622395415550934361e-01 2.555821894857906451e-01 2.097891850248441992e-01 -7.842919583774411729e-02 6.282328551125612170e-01 4.946413251507479902e-01 2.596035757726307680e-01 -1.493922046296015382e-01 1.144670146991219467e-01 4.082733840121745283e-02 2.921446701444022631e-01 3.983675912684270237e-02 -1.011376435578209276e-01 -2.295423552214893026e-01 -1.852108712394519990e-02 -3.202436984010134102e-01 -3.078916214904497406e-01 -4.392286662080941428e-01 -1.143166961390138237e-01 -1.477931837643730872e-01 -1.433307198866007326e-01 -2.524710036341890618e-01 -3.004773360895166001e-01 -4.352158551422051769e-01 2.746205242462023688e-01 1.416079794703063999e-01 9.375255611677432710e-02 -2.495041541147711428e-01 -2.752793755288535094e-01 8.869367411242503121e-03 -3.293267919451392522e-02 -4.695817940742808005e-02 -2.528132531246342629e-01 -2.461051588248162197e-02 -1.199445501691696198e-01 -1.317721200635641188e-01 -3.298565350327145040e-01 -3.349802682271609822e-01 -2.345044662226272725e-01 -2.882030156540769661e-01 -1.548016606244250193e-01 -1.686669902617693728e-01 5.563855611021478048e-02 -1.013760189225887121e-01 1.125853273303648316e-01 -9.030003244107932814e-02 -2.646070669189299132e-02 6.023916849793112434e-03 -3.696595242633152201e-01 -1.442238771925559160e-01 -2.460478921036615974e-01
2.605786921825488101e-01 5.149822298475229543e-01 3.969522397974128980e-01 5.489172836660924926e-01 1.000000000000000000e+00 3.632751686926254941e-01 -7.318496835367795106e-02 4.227974786356319958e-01 8.753185874649922760e-02 8.352022895656874280e-02 1.089958807042737676e-01 1.457692607732590795e-01 6.440489951811041204e-03 -5.874510350800174474e-02 -1.315896270025180559e-01 4.210956460967695825e-01 5.483883600929054247e-02 1.469525248479217061e-01 4.360817557709088105e-02 -1.281237317429953504e-01 4.709998522137053001e-02 5.700623335679459724e-02 -1.573411504197850808e-01 -1.207702607590837446e-01 1.056479576587142089e-01 7.000223621220509618e-02 -1.321189827479640200e-01 -3.351444711711070584e-02 -1.658895078137050949e-01 -2.143266863910106568e-01 -8.105643137140416954e-02 1.108735275470844467e-01 -1.034546332082694614e-01 -4.200504169106308167e-02 -8.729878608746467761e-02 -2.625987668859137703e-01 -3.519151730330992711e-01 -6.605570823443687734e-02 -3.350610892088873860e-01 -2.123200046518079198e-01 -2.822607272010264068e-01 -9.265621451408509457e-02 1.655509634487523085e-02 -6.921075609254666305e-02 -7.743351297073824968e-02 -5.726858867504646539e-02 -2.106054060200679423e-01 -2.069098366191333416e-01 -2.268415764933574136e-02 -2.165286042772281150e-01 5.385448578269107223e-02 4.766229650784056804e-01 7.757141450143122119e-02 6.483738093565134530e-01 6.603483406153337620e-01 3.864251802610719766e-01 4.505010369746521165e-02 2.335276952388080085e-01 1.278006026451185828e-01 1.158263817500216342e-01 1.902527145134688957e-01 2.970573478653267332e-02 -2.574612442278239599e-01 -2.022619801304317289e-01 -2.645245229725421976e-01 -2.184686946748071457e-01 -3.985434491354317710e-01 -7.141570196857308095e-02 -4.625101699913562736e-02 2.862705411354793048e-02 -5.733654572080900541e-02 -2.150635346647405133e-01 -3.420663155606140649e-01 1.271004181753893070e-01 1.523076624117196132e-01 7.842773665516393489e-02 -1.730561132665483504e-01 -1.241367030965036949e-01 -5.800563399643098028e-02 -4.703920594298338642e-02 -9.022756872901334380e-03 -2.435595816675044101e-01 -1.487659186725851512e-01 -4.280851530261857441e-02 -2.497002423400440096e-01 -3.113209748145014943e-01 -4.056047134541154731e-01 -1.559672943536440926e-01 -1.904992611189836593e-01 -4.039074723599756639e-02 -1.229793347026354872e-01 5.635905147359928508e-02 -1.619112692303711631e-01 1.502224010136188510e-02 -5.801538012676737445e-03 -7.038815972272831345e-02 -1.564851185823498136e-01 -3.459155851490783862e-01 1.187402570390834189e-01 -2.080346719421335977e-01
5.520815801728238270e-01 3.231314874727969078e-01 5.541512985143305370e-01 1.362193131681209701e-01 3.632751686926254941e-01 1.000000000000000000e+00 4.863266803265601235e-01 2.218029240873717334e-01 4.391321599344201743e-01 1.679511392644546519e-01 -2.145513708765540983e-02 1.498095993824548333e-01 1.207203249175389931e-01 -7.253507360515273894e-02 -4.905003616932637062e-02 1.775527078742544507e-01 -9.261950189258746913e-02 6.310726149719003697e-02 -6.311627172980721623e-02 -2.943439042122779695e-02 -1.366723437720576972e-01 -1.357053009692577861e-01 -1.432173229911035683e-01 -4.995756710912208076e-01 2.552560944746400939e-01 -3.144708284506771978e-01 -4.065207188324153620e-01 -2.353623488296104904e-01 -2.785071655568065463e-01 -3.072197447526356928e-01 -1.384706437051368977e-01 2.139635738618218819e-01 -1.228640362242059830e-01 -1.615734622074799232e-01 -3.662697133512036740e-01 1.272508702969734305e-02 -2.375667750853084712e-03 6.370880754477339925e-02 -2.632502599267443899e-01 1.175533970301742420e-01 -3.007718602379114148e-02 -1.544201438127370818e-01 -1.286640384936129367e-01 1.435959842608539871e-01 -3.549817383027461387e-02 3.051375671436684298e-02 -2.622262059113557656e-02 1.488174674793696917e-01 5.989045473363643346e-01 3.069675810443707742e-01 2.567366442061370102e-01 3.590225745742032237e-01 2.096426483935366347e-01 2.972856567889322066e-01 5.380237210618542543e-01 7.855059254318478290e-01 3.081661695922939259e-01 3.651919939154479322e-01 2.674068089417230287e-01 -1.749369166355382171e-02 -5.349568163690728712e-02 -1.684524913461528939e-01 -4.366942602437842713e-01 -2.328291853741113193e-01 -6.936433522926045703e-02 -2.262551163474560423e-01 -2.244161913607793102e-01 -5.025347618908355268e-02 -8.429984541018467614e-02 7.038106137780261728e-03 -9.330824505508938937e-02 -3.554169299397063053e-01 -1.709694164723168652e-01 -2.974523210469369183e-01 -7.900050248429670019e-02 -5.377846330805292896e-02 -1.018044972723222558e-01 -1.992462265250545816e-01 3.357555563805592752e-02 9.951416569486014330e-02 -3.157268791407626951e-01 -4.228102785888564474e-01 -9.549629776828771899e-02 -4.806370443683360971e-01 -2.384151635905037703e-01 -5.331007909852735205e-01 -1.381481083501134577e-01 -2.729717250990452704e-01 4.091319746193025630e-02 -4.192831295797919688e-01 1.543465665738636694e-01 3.850123034752353512e-01 1.905053651999723818e-01 3.227871764979786673e-02 -1.137281331245115490e-01 8.934590032711747787e-02 -8.083672411711197159e-02 3.187868981750669600e-02 5.031308831610089571e-01 3.105379057549214061e-01
3.267930294742166231e-01 -6.495837330249586150e-02 4.508831276597542737e-02 -1.272180321683124837e-01 -7.318496835367795106e-02 4.863266803265601235e-01 1.000000000000000000e+00 1.548264558913876321e-01 6.287807026200726845e-01 8.995056544478732471e-03 -4.058596881327204003e-02 -1.200121846769564016e-02 -2.070523163317080240e-03 -8.421728683805751459e-02 -1.871645693239629982e-01 -6.480671731047282086e-03 -6.469661714818694676e-02 6.424442498460561368e-02 -2.642985926966961302e-02 -4.287327430127729072e-02 -1.573435431250467254e-01 -1.678261418763723201e-01 -1.171240002735288999e-01 -5.223119456710687558e-01 -5.144441172442227629e-03 -3.700618730262522638e-01 -2.660181702683207527e-01 -1.442108391556689018e-01 -1.360691999954064535e-01 -2.497194102943114113e-01 -1.281542909171082267e-01 1.556164411907107470e-01 -2.476858678769522371e-01 -1.205485256495091029e-01 -3.997006354010748108e-01 2.213214631739904847e-01 3.230951245952077278e-01 1.608706877797347334e-01 -2.181587926387054677e-01 4.340390354020999819e-01 4.119259388912834829e-01 -1.399762401872191031e-01 -2.011864485942882474e-01 2.312445905108571065e-01 -6.330912003023213275e-02 3.972686861892468224e-01 3.191577191691321036e-01 5.267969099322256099e-01 5.653393828761588136e-01 7.223305449246008036e-01 8.405169453361456544e-02 6.574726554397329614e-02 1.498860496672821951e-01 -1.552644685702751250e-02 7.133036217456303896e-02 3.970747263853628972e-01 6.128045879945823726e-01 3.608903469503917938e-01 -4.128395705824949857e-02 -1.069273873369854244e-01 -1.993567524455392981e-01 -2.165531782063194743e-01 -2.667822928720829934e-01 -2.225766026380202878e-01 -1.879346598814261513e-02 -2.543651430687015602e-01 1.824060908106103218e-01 -1.498296218726441753e-01 -4.658032270292410126e-02 5.120299250869309038e-02 -1.751610886892941699e-01 -1.981881179761021405e-01 1.009120280033135447e-01 -3.791194911891866415e-01 -1.424065429029298113e-01 -2.746105313965371830e-01 -2.130115462748080335e-01 -2.534222643873818570e-01 -9.165030025508759393e-02 1.613641947722211922e-01 -3.490872616408204343e-01 -1.687553582967565302e-01 -1.314216587844142248e-01 -5.876049245588350622e-01 1.515568776788315530e-01 -2.460065873670989334e-01 2.025377369989940779e-01 8.724882531608000886e-04 2.884304678321951698e-01 -4.612379217478680404e-01 6.699498967627399992e-02 2.570602365405888490e-01 -6.636882235866914392e-02 -1.675580907918476081e-01 -2.169836910693556664e-01 1.354265034156459935e-01 1.727122813234982235e-01 5.201002299512959004e-01 5.197114840813545911e-01 7.172357122282605468e-01
1.966183450370856400e-01 4.414487413753195311e-01 3.468635410373537287e-01 4.118716547912293358e-01 4.227974786356319958e-01 2.218029240873717334e-01 1.548264558913876321e-01 1.000000000000000000e+00 1.544943940486377953e-01 9.026707509459155898e-02 -3.539641664557076350e-02 2.063325301907081855e-02 5.830573876303254272e-02 8.147425800198790369e-02 1.484601886434664363e-02 3.881264089007282481e-01 2.098876285231147110e-01 3.899969184713076853e-01 2.377979652580224645e-01 -9.435632634422441711e-02 1.348289623160011663e-01 1.968087909375330624e-01 4.464328645508908178e-02 -7.156641138855168727e-02 1.537794770330115635e-01 -7.448418704298495618e-02 -1.050928641410880937e-01 -1.141176318949330970e-01 -9.124482834977015733e-02 -6.191297429425117460e-02 -7.299975290553836760e-02 2.666498183219403670e-02 1.007891549095982359e-01 2.960804709728934725e-01 7.958639112395899870e-03 -9.785804309350877583e-02 -1.954283437491165232e-01 -9.618525070556652179e-02 -1.377859089186168617e-01 -1.824295112518178885e-01 5.123015854750359588e-02 -2.629884014350604704e-01 -3.813558513272392175e-02 -2.167326084204340142e-01 -2.724035523016424265e-01 -1.096084549088996163e-01 1.825963308348861960e-03 2.827327896580001179e-02 -2.223253349946796922e-03 -7.840196591335875376e-02 -1.534450100890790702e-01 2.684466554853714437e-01 -3.593704460148040847e-02 5.884572542683412788e-01 4.431401393996147742e-01 3.073500226413040659e-01 2.530417335302054260e-01 4.941191573979528129e-01 9.790663149544645560e-03 -3.337379142686502931e-02 7.258761332254605458e-02 1.824606079180069451e-01 -1.804374158544471210e-02 -1.030681186198184329e-01 -1.005831034674823099e-01 -6.576882292192397228e-02 -2.957625374888634417e-01 -5.132497258616748603e-02 1.658684241376046087e-01 3.430974992406317092e-01 4.145781285423690704e-02 6.566261782883757447e-02 -4.825459697046161761e-02 3.235731142699868612e-02 1.380013508927058485e-01 -8.402044229452339252e-02 -4.166485061068913968e-03 -1.402224443982292290e-01 -1.754608519475928941e-01 -2.494939566795606745e-01 1.793276027797125749e-01 -1.318210486184250574e-01 -1.951399586113652385e-01 -2.981068781778137278e-02 -2.596173467272798741e-01 -2.575745589894852181e-02 -1.858506860437520725e-01 -1.895432679321350233e-01 4.262094977116228506e-02 -8.541027473390099337e-03 -8.891909666619370045e-02 -5.247599759636144973e-02 -1.447573286732101172e-02 -2.391555582335059549e-01 -7.627760679106149189e-02 -2.405481991102643435e-01 -1.773158200686841823e-01 -2.656264337407571868e-02 1.113796282054055620e-01 -7.068626031155705869e-02
1.360892421340129943e-01 -5.608704385636215789e-02 -4.520767451930709363e-02 -1.119280975881429968e-01 8.753185874649922760e-02 4.391321599344201743e-01 6.287807026200726845e-01 1.544943940486377953e-01 1.000000000000000000e+00 -5.824772816530636443e-02 -1.688094816073336044e-02 -4.807219324755286627e-02 -5.386439485546124645e-02 -1.201084776717914887e-01 -1.802863723010864339e-01 -1.458272608803982962e-01 -1.321274329035664486e-03 1.579551908001450566e-01 -1.506938724545792141e-02 -8.067681598429922094e-03 -5.679565943811716588e-02 -8.780293904106846459e-02 -1.107230203455571993e-01 -4.555200577475668200e-01 -1.563081506596136760e-01 -2.882965480211552300e-01 -1.373985710501497148e-01 -7.164642964523942892e-02 -7.147157631361128471e-02 -1.582944215447532055e-01 -1.072395578367379004e-01 1.451795011877652503e-02 -4.300763317215710591e-01 3.127857215169782545e-03 -2.977108475181767244e-01 4.357279468926468224e-01 3.814601487568748395e-01 -5.467216518542059337e-04 -2.239052910751223036e-01 4.482936382636117933e-01 4.353715962058246070e-01 -5.531410429610068846e-02 -2.181221151186192031e-01 2.321748624461118238e-01 3.846126127958115343e-02 3.464280706143348931e-01 3.221584442268535242e-01 3.763769884932923748e-01 5.431388437379530698e-01 6.933123879828930747e-01 -8.422796050881700691e-02 8.611960704688934043e-02 2.179930004218967043e-01 3.136543523567400515e-02 1.605767736455479266e-01 3.928101438832390935e-01 5.919516282386554362e-01 6.460910749570539791e-01 -6.637573816911240820e-02 -1.615696802493713224e-01 -9.915464851025475312e-02 -1.120010094612128998e-01 -2.302960831715455958e-01 -2.164591189679395122e-01 -1.357777872867650115e-01 -2.617096248649415369e-01 1.853337671043054358e-01 -1.474948374627240988e-01 -1.044587232031311264e-01 1.999265970745983667e-01 -1.319928365232735379e-01 -9.948031807198388921e-02 6.447622519511968242e-02 -2.913145052048498607e-01 -4.838511371216660389e-02 -2.779267622468593602e-01 -2.342788893210898116e-01 -1.787983132662337993e-01 -8.864798026109313445e-02 6.242589876309379698e-02 -3.101591775081173896e-01 -2.332937367185333732e-02 -1.421096373945541780e-01 -4.513934747432328809e-01 1.771727313271359017e-01 -2.101762510656304261e-01 2.746535993902463058e-01 2.672430948678187687e-02 4.745807359721884722e-01 -3.816837265380702560e-01 -2.215092678250143304e-02 1.462513165216193234e-01 -1.468412662864811147e-01 -1.644408793778528999e-01 -1.771486798748139746e-01 1.701411990927028939e-01 1.846267747848389651e-01 3.749046578094790139e-01 5.152633823704613203e-01 7.283510686369153442e-01
4.059221417972343482e-01 -1.123839522373332594e-01 3.894848652755262403e-02 -3.784053456497097484e-02 8.352022895656874280e-02 1.679511392644546519e-01 8.995056544478732471e-03 9.026707509459155898e-02 -5.824772816530636443e-02 1.000000000000000000e+00 3.517993289775325216e-01 6.156658230983075297e-01 -1.200832883724102691e-02 -1.428416323489995754e-01 -1.514181527344307145e-02 1.933039038920367492e-01 -1.973264621621270698e-02 -7.631160109813213410e-02 -9.808108937988896381e-02 -1.174257876693345776e-01 -6.537528086015370610e-02 -4.543849543604994157e-02 -1.679159358710644867e-01 3.320321860524856339e-01 6.118608994462582107e-01 3.660127434001653746e-01 1.838693910822489924e-02 2.462741676982950489e-01 8.697302349775998601e-03 -4.402320008485205091e-03 -3.209901017899196574e-01 2.986290217269210179e-01 1.903500232967766659e-01 8.228611301772048581e-02 -5.646347567200728571e-03 3.987580829516306630e-02 -5.211943004219713599e-02 2.274222042111588016e-01 4.115780428522962664e-01 3.104959172853224425e-01 2.369710096601797267e-02 -1.199860230960361068e-01 1.112774664263649904e-01 -1.809888341340564477e-01 -2.056939988453981294e-01 -6.914941788582294746e-02 -1.238755790926164835e-01 -2.607351785987010451e-01 5.179519713497916095e-02 -2.084972892434616420e-01 9.744385890047412013e-02 1.190861373667134737e-01 1.871110542357217466e-01 -1.273804846199021734e-01 -1.465389351232458948e-01 3.299030922546214439e-02 3.755684859604995623e-02 -1.556706268491332978e-01 6.197697347942748847e-01 3.078297699139696531e-01 3.334580447912096623e-01 -1.597363694714815097e-01 8.938509725511099846e-02 -1.823851840916276834e-01 -2.287123765323306746e-01 -1.747183888295621990e-01 1.873032002591826783e-01 -2.203219147448838566e-01 -3.166168388063350103e-01 -1.698165043634957405e-01 -1.813006761080492579e-01 1.387584718783806681e-01 -1.010162989238690412e-01 2.009541579807102019e-01 -1.780202093607904656e-01 6.564597240097038711e-01 1.992375150718126570e-02 5.209678038473065237e-02 -1.381700465610740114e-01 3.922519336605813367e-02 -9.297556065097896394e-02 -1.145143963884667354e-01 8.396758758288914992e-02 1.946132862784287210e-01 -1.033215058232226091e-01 1.295173819816842764e-01 -9.731760092616577318e-02 1.151815003107198865e-01 -8.867948636342633251e-02 1.797424468101613271e-01 2.933025209673587042e-01 3.148600832574502961e-01 2.170643772923729620e-01 4.347537991120346140e-02 2.385659369318332834e-01 -1.522637659424027623e-01 -3.676317179135161345e-02 -1.413391100054952332e-01 -8.486089310081221249e-02 -1.641571386626444473e-01
3.974426362444294369e-02 -6.608897294067528350e-02 -1.214713295979573948e-01 2.759467134442104008e-01 1.089958807042737676e-01 -2.145513708765540983e-02 -4.058596881327204003e-02 -3.539641664557076350e-02 -1.688094816073336044e-02 3.517993289775325216e-01 1.000000000000000000e+00 5.441483993394803376e-01 -9.911449979366923624e-02 -3.075019985827741054e-01 -2.983353391680739208e-01 3.064923803468548313e-01 -8.090549162897991975e-02 -2.197227872512438895e-01 -2.132249445543709099e-01 -1.699079466500987845e-01 -1.035782101551879220e-01 -7.093790888305746833e-02 -3.476391476962837346e-01 2.879686888535453737e-01 8.982400951946127587e-02 4.816613599514794064e-01 -1.411876221984804392e-01 1.087328920734636772e-01 -2.125171636259881591e-01 -2.069510180521101639e-01 -4.928873872549959650e-02 6.342307830214388709e-02 -4.308664239797255213e-02 -9.827167928661574570e-02 -1.716952290320785312e-03 -7.340610275498279935e-02 -1.941648640829262418e-01 2.866361479688502856e-01 -1.193638043846845798e-01 1.912028378186986927e-02 -2.261127459881750734e-01 -6.295111509688930407e-02 -4.158168741292028736e-02 1.274662379711230253e-01 -6.042648105241276574e-02 8.329614136747867659e-02 -2.894414426071629243e-01 -1.703551364678559388e-01 -1.697533905542073507e-01 -1.104872690918863032e-01 2.457567583610126560e-01 -6.145382823759060892e-02 3.668067241915455579e-02 -4.327567034529190143e-02 -1.433743828664122907e-02 -7.008456114900887823e-02 8.961267812404150046e-02 -1.022941067362514028e-01 3.981288350862042247e-01 6.270087481173789445e-01 3.151339890296859791e-01 -1.238750050636015926e-01 -5.685172755349247181e-02 -9.059251847849089656e-02 -2.540082591742441331e-01 -3.067131139489723823e-01 4.021421833591996842e-02 -1.055248843527689523e-01 -2.888566471149546788e-01 -1.516185902387509610e-01 -2.946687760916646415e-01 -2.787140130729583165e-02 -2.465281467249674507e-01 4.726118400116013918e-01 2.541134294083181588e-01 3.987359040603506433e-01 -3.423717706003956973e-01 -1.896038038156845629e-01 1.371808700797824167e-02 1.286205746778185943e-01 -9.227504358621154562e-03 -1.684562072047180630e-03 1.676850610969807809e-01 1.028923272979010393e-02 9.065480998872643692e-02 -3.382177428502489841e-02 -2.010420922466130411e-01 4.549919631310451323e-02 -1.180692717504771838e-01 2.792303881495942358e-02 7.027577011549988872e-02 1.489623499494742154e-01 -1.402305940877814072e-01 2.303515233335099721e-01 9.655448664242302637e-02 9.303141472282226709e-02 8.893796848084331574e-02 -2.061648759556154731e-01 -1.097323817490281350e-01 -4.724965938417384492e-02
2.887756057077500160e-01 5.260366868106196997e-02 7.253410547790123397e-02 1.106586947133065685e-01 1.457692607732590795e-01 1.498095993824548333e-01 -1.200121846769564016e-02 2.063325301907081855e-02 -4.807219324755286627e-02 6.156658230983075297e-01 5.441483993394803376e-01 1.000000000000000000e+00 1.185777494332041909e-01 -1.389833516036093342e-01 -5.325284703010111503e-02 2.506906206027629813e-01 3.147707157411119144e-02 -3.846007300100393045e-02 -1.565858111627007887e-01 -2.175799162699873224e-01 -3.429390335865437067e-02 -8.132594541787493969e-02 -2.773686117212894597e-01 2.375137523657392669e-01 4.011577515592206766e-01 5.061590746340766112e-01 -8.340770508058374666e-02 1.295136018519018883e-01 -1.774739924123205637e-01 -1.493450769797388389e-01 -2.269498831312501130e-01 2.507062032702401244e-01 -6.531989968571942640e-02 3.943049693644564563e-02 -7.202701271415357098e-02 -1.345498089020759347e-01 -1.855312910676432114e-01 1.058204944467499159e-01 4.187755195037422967e-02 1.387386892826851237e-01 -1.119435309152654184e-01 -1.717913905345781478e-01 -1.346009076061575015e-02 -8.892983239652485494e-02 -1.401796100768110120e-01 -7.001592675189001469e-02 -2.526077306119877686e-01 -3.022473159610017945e-01 -2.758172282539173015e-02 -2.154156162992955648e-01 9.002652985367100291e-02 2.561603595971385094e-01 6.594855368103583193e-02 2.790827106552432740e-02 -2.446883825766163478e-02 5.581844571075599698e-02 3.637986886537019487e-02 -1.024810249935117212e-01 6.693109927973006634e-01 5.025591796645220155e-01 5.625307833125565704e-01 -1.527328788463666320e-01 4.552937593787532988e-03 -1.870402243133913733e-01 -2.682541269270467543e-01 -1.470252018775996539e-01 5.980245150003519333e-02 -3.793916162927406938e-02 -2.907453686336927690e-01 -1.222727606430368125e-01 -1.194709663576848796e-01 -2.303758907248442539e-02 -2.549443773598162877e-01 3.810283694643341601e-01 3.590734265748640047e-02 6.414983815597700145e-01 -8.039348573815016663e-02 2.687639019161615003e-02 -1.077810249655128533e-01 9.501513201651941298e-02 -7.113688971693443719e-02 -1.354652650129809788e-01 7.137252279089632834e-02 1.452166223422694524e-01 -1.649046718730828309e-01 -4.054205375453948795e-02 -2.083975387089724296e-01 4.810024141223091104e-02 -1.847329062929002341e-01 2.098941425943678385e-01 1.991484300606745084e-01 2.926550294289958498e-01 1.030820618445800474e-01 4.307754306054428772e-02 9.984716473963504979e-02 -6.685501894832102110e-02 -1.139758268712161710e-01 -2.421732661066439696e-01 -9.723403641319042223e-02 -1.407705580316424843e-01
-2.912229497065241604e-02 1.823141991560203179e-01 2.142226358512045181e-01 -1.032606454212205843e-01 6.440489951811041204e-03 1.207203249175389931e-01 -2.070523163317080240e-03 5.830573876303254272e-02 -5.386439485546124645e-02 -1.200832883724102691e-02 -9.911449979366923624e-02 1.185777494332041909e-01 1.000000000000000000e+00 5.789531739926827569e-01 5.510882868324551431e-01 -1.648793096472845887e-01 5.848937977289465628e-01 3.305134110391433899e-01 4.958927978469078734e-01 -1.584957688084208949e-01 4.096115926606760382e-01 3.477830225609006010e-01 3.391040263130510879e-01 -6.000422963554016831e-02 1.521087600348308422e-01 -2.442625231134050098e-02 1.305085089151638011e-01 -6.330861623158931702e-03 1.970558659386729417e-01 2.033983382437291876e-01 -7.577670722866652886e-02 -4.279485507278290440e-02 -6.283246549296486738e-02 3.218372002188550907e-01 2.385142878536884170e-01 -1.598466043395525560e-01 -1.134563837824485583e-01 -3.448214899632192632e-01 -9.135847518552790703e-02 -1.167777592637651851e-01 7.194319111068091244e-02 -7.542731670610093586e-02 -1.148116290640473630e-01 -2.175422498064684129e-01 -9.217152558253573214e-02 -2.407858678336751990e-01 1.725485659036807840e-01 1.280998009030321072e-01 5.494429387777207546e-02 -5.628043659856381969e-02 -2.228280032341790340e-01 1.814854153478728249e-01 -2.378526392164669601e-01 1.111322701610673452e-01 1.288855535433800492e-01 1.215693984467624417e-01 -3.370845849094462193e-02 1.262448672848030980e-02 2.190247468329619696e-01 -8.580775770393855861e-02 2.283158946204225936e-01 4.040474736073070283e-01 2.478993237068623512e-01 2.451294360042004239e-01 3.962877878796071673e-01 5.111946806476030947e-01 -7.589686576450618838e-02 6.804737842717097918e-01 3.897723142178060596e-01 3.195393619729788859e-01 4.912434983944337641e-01 1.801288165854469658e-01 1.873505035407455610e-01 8.945451100218848595e-02 3.029558254474150059e-01 -3.399055235600619701e-02 3.278455205766194203e-01 2.673752951716795168e-01 -1.287356416398791614e-01 -1.009379600546120997e-01 3.524228067527859776e-01 2.095956603356537856e-02 -2.415135803691684790e-01 1.625722656428672253e-01 -1.800473053981143934e-01 8.872438088162538927e-02 -1.006995548803351834e-02 -1.876574448560563990e-02 -2.205988921925389635e-03 1.282308542936185791e-01 -7.176330788342343003e-02 -1.053165865226782377e-01 1.633980080575699600e-01 -2.544936256904177796e-01 -6.337718738384900963e-02 -2.291774024785702413e-01 -3.453736909742102235e-01 7.099993864488159112e-02 4.082706913096600942e-02 -8.303524461471450957e-02
-2.130407166441606603e-01 7.077621220541045755e-02 1.013939826803681860e-01 -2.812926409518157755e-01 -5.874510350800174474e-02 -7.253507360515273894e-02 -8.421728683805751459e-02 8.147425800198790369e-02 -1.201084776717914887e-01 -1.428416323489995754e-01 -3.075019985827741054e-01 -1.389833516036093342e-01 5.789531739926827569e-01 1.000000000000000000e+00 6.788511108444685860e-01 -3.064343142108240103e-01 6.576419960003252463e-01 4.578769247680163912e-01 7.253577613813090297e-01 -1.165280288632016686e-01 5.735662358741125955e-01 4.864917238651568776e-01 5.463663940594863933e-01 -7.529465658811505813e-02 1.592171972288999524e-02 -7.485127966928813159e-02 3.131335579348847320e-01 1.173961709031294022e-02 3.204143457782722137e-01 3.524495226271520676e-01 -3.731315295265291709e-02 -1.577742990797054434e-01 9.319430663698294315e-03 4.492441637731304227e-01 4.167533345866868411e-01 -1.447272272955916761e-01 -5.097551358680825484e-02 -4.007659242029174562e-01 6.094747669063255158e-02 -1.428409298955280460e-01 2.198910544867073991e-01 -7.069101324909546347e-02 2.127935144558937286e-02 -2.974940574361629175e-01 -1.252959415080849293e-01 -1.937878416020720196e-01 3.708729202964424210e-01 3.004782255022905857e-01 -2.838315265693365855e-02 -4.441247229742278924e-02 -4.191167932482051661e-01 1.285688754132372214e-01 -2.245646682277686046e-01 4.391285038190347045e-02 7.510740758055529931e-02 -4.643657981545323832e-02 -9.366907694977087695e-02 -1.091615879849975115e-02 -1.140379768321749809e-01 -2.671777934598438820e-01 3.263941755271907580e-02 4.376086287362306315e-01 2.833494763398146654e-01 1.496521445652326809e-01 5.715566979506745415e-01 6.368517345030555443e-01 -2.559479211809591315e-02 4.846491453354808132e-01 6.442577616654605599e-01 4.637358154426774459e-01 6.492197874091643062e-01 2.973058312702740458e-01 3.719116129677522697e-01 -3.999901624871972372e-02 1.642578987081629027e-01 -2.004076129131024675e-01 3.510100745535660871e-01 3.205484318302148083e-01 -1.940396485508726898e-01 -2.354761999838208553e-01 4.555004047946905610e-01 1.661046560939500594e-01 -2.300205392552890915e-01 2.760572931814984088e-01 -1.356484316150093350e-01 2.671994549088868021e-01 1.602842056801339829e-02 4.674402639075202204e-02 1.942109523904250387e-02 2.176838446171927011e-01 -1.839276583628361994e-01 -2.656513997481891876e-01 -2.872536404282951053e-02 -3.376896719515016798e-01 -8.178906485799811166e-02 -2.950901439352630051e-01 -3.232129346944817572e-01 1.940900584908889226e-01 8.762067069854898027e-03 -1.013686416327069656e-01
-1.384921433967660487e-01 5.893368457941365601e-02 1.681206058319986429e-01 -2.838485100342730827e-01 -1.315896270025180559e-01 -4.905003616932637062e-02 -1.871645693239629982e-01 1.484601886434664363e-02 -1.802863723010864339e-01 -1.514181527344307145e-02 -2.983353391680739208e-01 -5.325284703010111503e-02 5.510882868324551431e-01 6.788511108444685860e-01 1.000000000000000000e+00 -3.091462614805694509e-01 4.797963496430415198e-01 3.824265160501905125e-01 4.881960980641487646e-01 3.007378255796713806e-02 6.003492050920377077e-01 3.427407288173494604e-01 6.414055082549520170e-01 7.825043255501093475e-02 1.822294260135815247e-01 -4.015837156732585816e-02 2.833044476894107100e-01 5.177953524142415304e-02 4.750793531964169758e-01 3.749909998066111028e-01 -3.741476999505436579e-02 -2.049989472652092026e-01 8.423665967591865977e-02 3.681943769816857781e-01 3.124063306959202202e-01 6.266756214807643090e-03 1.054354278955687285e-01 -3.979881181742927487e-01 2.129932026330871031e-01 -9.818572285742802053e-02 8.993691245491629294e-02 -4.886257592927976262e-02 -4.004709242990072554e-02 -2.712682644710104896e-01 -1.289345783112368360e-01 -2.903324957460111655e-01 2.341131337690906533e-01 7.848080778840942073e-02 3.945333256808032651e-02 -1.378618269754159353e-01 -3.081939886013667085e-01 6.963103227759395719e-02 -7.570736000476104011e-02 -3.376014487255617202e-02 -3.353087727469934720e-02 -1.679960608836920596e-02 -2.069346009773522510e-01 -3.635305106878953391e-02 6.421554578358738830e-02 -2.368023791692922542e-01 8.466416784140001761e-02 4.275366242263352046e-01 4.149546803692660824e-01 2.584009580388878513e-01 4.916139015475136098e-01 8.018768201015570307e-01 -8.084947924676495409e-03 5.278224019123757271e-01 4.396715575853180624e-01 3.624605606547480763e-01 7.498239657171766881e-01 3.052491345700864001e-01 4.006727352804733133e-01 4.436943823450918700e-02 5.644921046500399331e-02 -3.248598119395990774e-02 6.298804717804206144e-01 5.003970322653986669e-01 -1.127931071820951203e-01 -2.699709779290395684e-01 3.693680919619479752e-01 1.387211563083617927e-01 -1.919460734563593896e-01 3.639836340852258822e-01 -1.643851125678274794e-01 2.645009907134140414e-01 2.392451485571612801e-01 2.637799868896464894e-02 1.021235357378993541e-01 3.214060484984648802e-01 4.283785210454074330e-03 -2.259700951579470818e-01 2.804925872241284535e-01 -2.100482142018418041e-01 5.907958895129643978e-02 -2.632622475519146299e-01 -2.788395340137404532e-01 9.125458441182492109e-02 -8.145430260903635533e-02 -1.710730678638282820e-01
