1.000000000000000000e+00 3.744539468800221760e-02 2.012979924816602484e-01 1.331991695124873087e-01 2.599707623291190872e-01 -1.284020489922051145e-01 -2.576537206539630809e-01 -2.757987332535450156e-02 -1.696251061405275595e-01 -2.756055369238952224e-01 9.848425803322762018e-02 -2.095889819673768806e-01 -1.475993276782778529e-01 -1.454780212188655497e-01 -2.002731924519049467e-01 -2.442642695362632899e-01 -2.376430613993548158e-01 -3.649723830384085654e-02 -9.480802813122894690e-02 1.567837519216848038e-02 1.343138406273522434e-01 -1.170815639573464240e-01 -2.926296459280657292e-01 -2.248234078022471605e-01 -2.687317010484478463e-01 -2.646089807954502549e-01 -1.934222019094721523e-01 -2.366240482174280513e-01 7.268331073455806812e-02 -1.465885284648338616e-01 -6.240104411220739195e-02 1.529698285216851417e-01 -3.242598903982885639e-01 -1.024905503791381928e-01 -9.873231168772818311e-02 8.314070130143405568e-02 1.760068692437814081e-02 -2.656750732849465502e-01 -2.039986776664730606e-01 -7.486471418221482543e-02 -5.923786043854711858e-02 1.197660637681338264e-01 -9.635781178852699524e-02 1.655270033336459501e-01 -1.300221196582163896e-01 -1.022078311926275830e-02 -2.723662849072559788e-02 -3.914279352684632562e-02 1.828177496625313092e-01 1.422842248802625997e-01 -1.934075637652507840e-01 3.510758646387263787e-02 -6.985159746516240997e-02 1.044484516546182601e-01 3.752617032281065912e-01 3.752130881290819536e-02 -1.709118338006156493e-02 -6.623267561989351626e-02 -3.480701051938934754e-01 -2.511236701091844603e-01 1.003590248938643070e-01 -1.811942081743174726e-01 6.254495620453001670e-02 -1.842854915088313339e-01 6.762875015183188177e-02 -1.106474605045895954e-01 -9.480975857021164965e-03 -1.226359077664960912e-01 -2.182161088017772754e-01 -3.018754589904120711e-01 4.916187645670715839e-02 -2.141972520843887506e-01 -2.107495284037678163e-01 -1.659750116581487078e-01 -2.008278018370832918e-01 -1.471692455820363676e-01 -1.554519877372909434e-02 -2.337310980878219147e-01 -1.558552403544840037e-01 1.371477822946648162e-01 -1.752948016169762202e-01 -8.759188570498241747e-03 -8.524993523981662380e-02 -1.470165114024335196e-01 -6.137110934891881059e-02 2.970452292755650439e-02 1.421924367753376883e-01 -1.573492264593784329e-01 1.486668899309223288e-02 -1.705048419362502343e-01 1.631664843624101580e-01 -6.260958551395515159e-02 -9.105127567663195975e-02 3.327333859894290313e-01 -6.623833515016269713e-02 1.181600395713455487e-01 -4.230597523193584814e-02 -1.397935494827268720e-02 2.007686543518524269e-01 1.188093072846467674e-01
3.744539468800221760e-02 1.000000000000000000e+00 1.260712003849334406e-01 4.653984701996509710e-01 2.634000424673967333e-01 2.378294522469182395e-02 -2.700336695479457205e-01 1.751979357752128930e-01 -2.380643773545061126e-01 -4.651471384115467983e-02 -8.118846612364888707e-03 6.264291264328847308e-02 4.624992610060064957e-02 -3.592659560112279604e-02 5.559473056268367241e-02 1.151096929055281798e-01 9.697816029228236096e-04 -4.919021903807180990e-02 -7.213050935749354409e-02 -1.586410149530683156e-01 -1.542092228738985160e-02 5.566051936884797852e-02 -9.358989623283664461e-02 8.699303502457844672e-02 -1.309866437920843840e-01 1.100534827645482661e-01 1.590650878895596629e-02 -6.847346743155167947e-02 -3.609541279901977429e-02 2.187642233122555346e-02 -4.979201292207647428e-02 9.161665703766706803e-02 1.463591693291179108e-01 -3.576131487771876116e-02 -1.257804983802767070e-02 -3.078812784664313185e-01 -2.380270432662056346e-01 -7.204700088820206738e-02 -6.170904901245916063e-03 -1.542589144485322821e-03 -1.388795220091773586e-01 4.646369134724806851e-03 9.540661621262869208e-02 -1.853409751328926325e-01 -1.092457621159788859e-02 -1.881061256221448486e-01 -1.530869874555920995e-01 -1.688087166672474215e-01 -2.590425691166960975e-01 -2.145416060937923586e-01 6.396101848609911378e-02 4.883588776498835604e-01 2.600353709205048824e-01 3.335294648916318772e-01 1.028084656206216668e-01 -3.700537752049273127e-02 1.444910493359554959e-01 -3.967011829947402618e-02 -9.660602688237281133e-02 -2.753021777508654622e-02 6.942981949794534147e-02 7.938927034646751923e-02 7.938351151762568225e-02 8.353202893531251269e-03 2.320832831319033247e-03 9.516990563736772712e-02 -1.999293234652384232e-01 6.565616917993065405e-02 3.874087165584406967e-02 -5.710243596948198080e-02 4.785646397399380414e-02 1.572751818246519717e-01 -3.042584800544725215e-03 1.238846378682216115e-01 5.325967319700816022e-02 1.171713484274601452e-01 5.872084165308567166e-02 3.964595595627477126e-02 -9.501787922820448262e-02 1.306410982619255791e-02 1.251859316188581317e-01 -1.104420989839851874e-01 2.605099483021995621e-02 5.944947193511824352e-02 9.972493504118204455e-02 2.700179553253461741e-03 -1.880534395820952775e-01 -4.572739449959496716e-02 -2.089513530991513601e-01 -8.097304252105197442e-03 1.212127525212024631e-01 -3.043236039678776095e-01 -7.181024960463583406e-02 6.320146730016563963e-02 5.441298891788923925e-02 -2.042762179335212980e-01 -1.443060424605820680e-01 -5.180013501380037466e-02 -2.030574608791358426e-01 -2.273666676711729173e-01
2.012979924816602484e-01 1.260712003849334406e-01 1.000000000000000000e+00 -3.100279063434696267e-02 1.482263523832476337e-01 3.545277560828739016e-01 -1.289917637468171729e-01 2.249464783898521558e-01 1.535889761768772788e-01 1.527943797615824439e-01 -6.136283715723780778e-03 9.431702792078583419e-02 -1.856365426166869115e-01 7.600458555005222550e-02 9.771621815604268624e-02 -1.981455158717062015e-01 -1.931849046607760356e-01 -4.067773539041404790e-02 -1.034321746747355608e-01 -2.626173984729156530e-01 8.614795086070173302e-02 8.692579683079076566e-03 -3.601499373438477730e-02 -1.211597832694225468e-01 -1.118503679350685634e-02 3.360813716785738658e-03 8.013078274507704629e-04 5.082793215424190325e-02 -1.757256824522307470e-01 1.347787745881301735e-01 -2.145222420043947989e-04 -8.518724366731476871e-02 -2.159475897886704576e-01 -1.231489847350655947e-01 7.929368485285158419e-02 -1.403546335160202885e-01 -6.534948666099783809e-02 -7.847077100147757667e-02 -2.150926604316165738e-02 1.586844232239039976e-01 -1.957527470857912677e-01 3.162809994596033625e-01 8.043622322444927975e-02 -1.186420891063695721e-01 -5.319553640093568209e-02 3.971921681439156970e-02 7.693099338304166049e-03 -1.363136928550473526e-01 -9.535138958796665620e-03 -1.393056416257480723e-01 -2.540125236099111672e-01 -1.345457580763255723e-01 -9.388727400697897962e-02 2.373524986830105876e-01 3.029255631091655188e-01 2.200447248185841420e-01 3.288625866961053523e-02 9.591422043221012328e-02 2.346527925674544990e-02 -3.706418055793218522e-03 4.602814069733202756e-02 -1.164105118580569809e-01 -5.094348252850453701e-02 7.479008992140910583e-02 4.028899350187446771e-02 8.336002290859188812e-02 -2.161820899710990840e-01 -2.724437858231774090e-01 -1.636092648333784816e-01 -2.560938554853325333e-01 -1.202207810976978382e-02 -2.898504505566583400e-02 4.664615041218626162e-03 2.984091312079290362e-02 -1.120169578499328605e-01 -7.742636476998920186e-03 -1.577327776283732885e-01 9.487533469343360781e-02 -1.048565852603823845e-01 -5.875503777061327065e-02 -1.091156104577218067e-01 -2.572749304651642532e-01 4.868262435042857578e-02 -1.765225444199395102e-02 -2.435702125305024696e-02 -5.478489518535534925e-02 -2.127872508169388055e-01 2.106475193142100938e-02 -2.255649672515004645e-01 -2.432257459316517489e-01 -2.569374932331172992e-02 1.199093394270261126e-01 -9.686906252158658526e-02 1.502931969864822470e-01 1.549065779495854001e-01 -1.474934963915847663e-01 -5.443910596395609008e-02 -1.424501130020074946e-01 -1.396710902702730517e-01 -1.509211685731798036e-01
1.331991695124873087e-01 4.653984701996509710e-01 -3.100279063434696267e-02 1.000000000000000000e+00 5.010486871373456275e-01 -1.174501449129305847e-01 -2.419465175201961360e-01 1.238289340995057247e-01 -1.697625268277939969e-01 -1.223202691000730147e-01 -4.772651249786414446e-02 -7.997089763634580850e-02 2.138185316601842745e-03 -6.942675208964971256e-02 -1.420824348541320503e-01 2.831638801378087988e-01 -1.292200816166282247e-02 -1.370295519497405634e-01 -3.621706731495711457e-02 -2.682129815939729434e-01 -2.002679928495707529e-01 3.016076549389284378e-01 -1.684826630757594312e-01 -9.934621043273057783e-02 -1.619871826867056719e-01 -3.857873359647250727e-02 2.140206041157124983e-02 -7.255393777162190416e-02 -1.742600476375150698e-01 7.636446354031788120e-02 1.157395208531547676e-01 1.864072726321015505e-01 3.398007350028903750e-01 1.918709183029740362e-01 2.281068226120654685e-01 -2.839254770113130433e-01 -2.639968981110952240e-01 6.533502667347525217e-02 1.976336515683513873e-01 -4.362440715138386771e-02 4.896975354428900057e-02 -4.933330519457354568e-02 2.963304340122085434e-01 -2.090578392624379001e-01 4.361400322172444277e-02 -5.740343254647353732e-02 1.156913875568865435e-01 1.104539605267412794e-02 -3.595428113122555169e-01 -2.453828684956694817e-01 2.178523273107281222e-01 3.324263567385217777e-01 2.657852264407510878e-01 5.282673718557511222e-01 1.526082070258415191e-01 -8.110520559391110051e-02 2.191450256989379564e-01 -1.417187128572941768e-01 -1.807336386406592221e-01 -1.369510394848315049e-01 -1.319342085885556390e-02 -1.134361697738994756e-01 -7.936032937878717552e-02 -6.066963351757097972e-02 -1.336028849622069303e-01 -7.106415952892282915e-03 -2.601741713541249612e-01 5.545918507903530026e-02 1.942365790579929086e-01 -8.088508804308852662e-02 -1.367967978360589698e-01 2.083844795507774628e-01 -8.428357293433685893e-02 -3.915019171633305622e-02 -1.878633899691343478e-01 1.081146504092619920e-01 -1.455544119263108283e-01 -2.159717541899033866e-02 -3.997085155823262848e-02 2.855755382349767779e-01 1.079622978233738401e-01 1.075024019696520748e-02 1.286032548096043004e-01 -6.308096085640955974e-02 -2.218173074977750764e-02 4.501791782746623199e-02 -2.510301904528726147e-01 -1.672042115618494473e-01 -3.588647605430290710e-01 -9.302133222135927637e-02 1.875743624059422743e-01 -1.915241063575276181e-01 7.611006561194917641e-02 7.433082106922851706e-02 8.833237239627947379e-02 -1.633606224549426778e-01 -1.690408255331676823e-01 -9.716772712453587701e-02 -3.549327263812853683e-01 -3.430335927336241042e-01
2.599707623291190872e-01 2.634000424673967333e-01 1.482263523832476337e-01 5.010486871373456275e-01 1.000000000000000000e+00 2.187016706508366770e-01 -2.790744592257181633e-01 -4.259961937190286790e-02 7.359278550295657480e-03 -4.451707031529292258e-02 -2.884959992992531808e-01 -2.864985523003935608e-01 -1.733226711306252443e-01 -1.157550907321121814e-01 -7.788051223182287930e-02 1.227302481196077127e-01 -3.562186550532513984e-01 -2.342879113009734837e-01 -1.499385678559930490e-01 -1.586588173461624673e-01 -1.601617971471291924e-01 6.372862542573785871e-02 -2.209238224676648155e-01 -2.995309713736023505e-01 -4.178958025022320166e-01 -2.565193420019091716e-02 -1.420504894562637788e-01 2.713354213427626119e-03 -1.663851890392080701e-01 5.625665321278634778e-02 1.150068104294417748e-01 9.315013009910222408e-02 1.353892370637043430e-01 -3.307267903485937126e-03 4.912822376290722215e-02 1.507885143906906658e-02 1.421285591737550709e-02 8.142850543030051569e-02 1.546793446358748214e-01 8.334969433564044794e-02 1.828662696998824833e-01 1.399177296632121426e-01 2.353489615079319974e-01 -1.935780612647670582e-02 3.129115904984410782e-03 9.962602162367639735e-02 1.618698591592523939e-01 -7.491970937516382809e-03 -8.640937019944187891e-02 8.122318198372176223e-02 1.137587682548048956e-01 2.174521345937265038e-01 6.288195959328959916e-02 4.898290321619583887e-01 3.892627486901552580e-01 -7.373356580992534992e-02 4.682379618947075939e-02 -4.686538494779185493e-02 -2.861657429839339906e-01 1.109980861964973836e-01 -4.486649096592785352e-02 -2.282857132488156082e-01 -1.219788081838996119e-01 -1.791255630445865166e-01 -1.029797471670533260e-01 -8.099113242583527716e-02 -1.509768840211949681e-01 -2.385343169724851164e-01 -1.412099854789880538e-01 -1.911469614243778148e-01 -2.590935783364599621e-01 -1.247286176202697106e-01 -2.526245727087036430e-01 -3.109877520693034580e-01 -4.081306497520391652e-01 -1.371211616994754690e-01 -3.628860370572581928e-01 -1.575517887149510965e-01 -3.146829890735632768e-02 3.118573340954650108e-01 -2.366296248195092211e-01 3.536388994385492035e-02 3.388491869837401832e-02 -1.820614792385761571e-01 -2.639287226693051713e-01 -5.593531528700586286e-02 -1.330515672240822067e-01 -1.107315197774993015e-01 -2.265942772865930099e-01 -2.122382565059110215e-01 3.936366937110361564e-01 -5.651787815905785078e-02 1.056510867828309996e-01 2.689012145284801480e-01 1.127300799343714660e-01 -6.561961185091089166e-02 -1.183291290537713397e-01 -2.599189743360007521e-01 -8.476512376451594832e-02 -1.693837537397175144e-02
-1.284020489922051145e-01 2.378294522469182395e-02 3.545277560828739016e-01 -1.174501449129305847e-01 2.187016706508366770e-01 1.000000000000000000e+00 -1.105687509941332136e-01 -2.193350841561872780e-02 7.558639708137367130e-02 5.426968622502296308e-02 -4.170657507897667093e-01 1.387387024940276437e-01 -1.922979697809946709e-01 -1.796562009828755746e-01 1.861030016347451077e-01 -1.442393805180575694e-01 -1.944609428464134648e-01 -6.703579487430855188e-02 -1.894338225136955878e-01 -4.184243145064500680e-02 -1.238285992537788149e-01 -1.363616891892090177e-01 1.900841257568032169e-02 -7.781899871257028090e-02 -2.553668836331207670e-01 3.061074266867073179e-01 -4.286612756036486949e-02 2.414417515186310370e-01 -1.347482225452719395e-01 1.829846535083057557e-01 -8.096043301090713462e-02 -2.052371238777504492e-01 -8.144469996795170030e-02 -1.205079125032790799e-01 -1.079317211674296756e-01 9.362301031400406537e-02 1.719513250825358552e-01 2.568694251053026470e-02 6.849431898443639199e-02 1.303531137231002668e-01 4.515314259230308880e-02 4.679513709545317091e-01 1.822596300197015518e-01 5.655284285797452376e-02 4.097034567442144753e-02 1.474253086637537791e-01 -2.168839858713514021e-02 -1.283582356648929890e-01 -1.418577854881039324e-01 9.836226082131419024e-02 -3.266362679570753991e-01 -1.992741229280010073e-01 -1.634062377081851314e-01 1.187420171686027343e-01 -1.477212447282732523e-02 3.616044469959557861e-01 -9.672399761785510641e-02 -3.208509350128637555e-02 -3.489407846848240763e-02 3.250659503396099437e-01 -1.148803013341501839e-01 2.909645357969481080e-02 -2.146617426174010357e-01 8.603313999575380733e-02 -9.960162374687406284e-02 2.688255763323167333e-02 -1.066955820208459749e-01 -3.310520564899048224e-01 -8.183150703422324701e-02 -1.373430884597492832e-03 -6.471487144564778971e-02 -6.309575727961617975e-02 -5.646532439556575800e-02 -5.732427667065336657e-02 -9.365019234771417012e-02 -1.089909599629307335e-01 -1.923080935846652462e-01 1.432740049316436060e-01 -1.257979149436234401e-01 -8.799806865298526182e-02 -1.575117072143475405e-01 -1.163161932805081428e-01 -1.336841991118596336e-03 2.530295649948389666e-02 -9.558972851165950524e-02 -1.165586405261262865e-01 -9.837029458665365322e-02 1.863116002542056782e-01 -1.389504181417596657e-02 -1.165658109313696678e-01 1.159387506809494567e-01 -7.126708547724354414e-02 2.791117201264598641e-02 6.314091406717986521e-03 7.517370275786576517e-02 -9.056604184158369153e-02 2.755565552966893206e-02 -1.972162353701276682e-01 -1.274843560634416062e-01 7.377553611748702278e-02
-2.576537206539630809e-01 -2.700336695479457205e-01 -1.289917637468171729e-01 -2.419465175201961360e-01 -2.790744592257181633e-01 -1.105687509941332136e-01 1.000000000000000000e+00 6.631714450963502316e-02 4.793148716294241551e-01 1.405737081174374681e-01 -2.230213512846943025e-02 -7.409443244402001694e-02 -1.525463090024580526e-01 3.262367635105078989e-02 5.333090168576733181e-02 2.734634058288968883e-01 2.431776175234376391e-01 1.606619506505755912e-01 2.394063814671473223e-01 4.427245855507067618e-01 1.634617108305593813e-01 -1.824970088621399034e-01 3.260492995392484383e-01 3.161337843806921177e-01 1.932511534661866537e-01 -1.206569009636317413e-01 -1.345043948373167084e-02 3.426963492837158121e-02 2.209340429573408149e-01 -2.248913250955947296e-01 1.124108173391198812e-01 -1.871773524230866126e-01 1.886335226455566616e-01 7.389168079393010347e-02 -1.540630555985061101e-01 2.433480323493205644e-01 1.601584439076592647e-01 1.390408429984847649e-01 -1.573775527308166056e-01 2.266686929019919583e-01 1.631859287615754772e-01 -2.756509492654591331e-01 -4.060104223999239093e-01 1.985445189079563799e-01 -3.401861249622162298e-01 -6.051831810708614701e-02 -1.696942916275852864e-01 2.306987636052505453e-01 3.153399409173676671e-01 1.787389805112379049e-01 1.161609324852713454e-01 -9.692361811297994789e-02 1.838783407393497216e-01 -1.109966368884996862e-01 -2.574654501196610434e-01 -7.464962322793432942e-03 2.424057022892838198e-01 2.164079680985838416e-01 2.817389981951919364e-01 1.268371641445517339e-01 -7.435555707225253996e-02 -1.540178641412552618e-01 -3.382056507377707022e-01 -7.896520130691692119e-02 1.299076095679206448e-02 -1.975613920586785990e-02 5.258132542240491203e-01 8.138930677440261996e-02 1.139074538286367344e-01 2.644041629775338298e-01 1.598906098876398951e-01 -1.273042166670954600e-01 2.234457184165170029e-01 1.637444433331403382e-01 2.658510494635115129e-01 -4.189438577806000458e-02 2.833603739377253961e-01 -1.926040697953669556e-02 2.904898417313889203e-02 -4.867183635962676197e-02 1.717725276395316025e-01 5.964005954898621287e-02 -2.830563422251352601e-01 -2.655419047537744826e-01 -1.134877324152887756e-03 -2.444392945072711709e-01 1.295299231307448784e-01 3.040726380463305498e-02 4.258430282395698763e-01 3.828946050076427743e-01 -1.960206267832614868e-01 3.433536089273716563e-01 -5.874723972616674450e-02 -1.896764471245590278e-01 -3.992769614262624556e-01 1.726008729709666012e-01 9.919585892529880766e-02 3.226509205317920626e-01 3.536620147141086856e-01 2.598532761152927417e-01
-2.757987332535450156e-02 1.751979357752128930e-01 2.249464783898521558e-01 1.238289340995057247e-01 -4.259961937190286790e-02 -2.193350841561872780e-02 6.631714450963502316e-02 1.000000000000000000e+00 1.443524013458639399e-01 9.912418586447352409e-02 3.683925434842402064e-02 1.124908594391621497e-01 5.555979374939540999e-02 1.490997572358554457e-01 8.093513957541191572e-02 7.386553524925540404e-02 1.843726954332935430e-01 3.962417142988225449e-01 1.076231945137747226e-01 -1.494367427293206707e-01 2.821627516885448772e-01 8.625823202779732413e-02 1.033084378884243232e-01 1.947589496046614743e-01 2.626785767256591964e-01 5.497386069016093474e-02 6.994524737450587282e-02 4.791867057888221648e-02 -7.647694838445669163e-02 5.631680000497685246e-02 -8.550059669847383248e-02 6.598215045647096155e-02 -2.367733250196395536e-02 4.067800895741495448e-02 2.927794483027479008e-02 -2.175206707039300247e-01 -1.736829425454547160e-01 -1.044890518646156702e-01 -2.755294445741047343e-02 9.782931427158091109e-02 -2.731920729292529604e-01 -2.401158435080550865e-02 -7.750241554374838471e-02 -1.901327994167660573e-01 -1.177847254449707060e-01 -1.483666657399722866e-01 -1.374031713039281788e-01 -2.310471756622214101e-01 -1.127555812983100786e-01 -2.916617906335848831e-01 6.360362786853195061e-02 1.018968586684938366e-01 1.395492396634168963e-01 1.081632465203333782e-01 1.248579337643498932e-01 5.745432998876424252e-03 4.365624961443006491e-01 4.256690361907464748e-01 1.116449611388318774e-01 4.149549657048448581e-02 9.334635786806547153e-02 4.720899048638811657e-02 -2.096080136681610986e-02 1.823943717799148823e-01 1.929161055863683194e-01 1.355896117509519383e-01 -8.994494320185884850e-02 1.876540382709302179e-01 1.316002720441536156e-01 1.292404597130590582e-01 1.470748316821158252e-01 1.331245033380895892e-01 1.847136505773051274e-01 1.613331918752154703e-01 1.428806159976984402e-01 2.198774625225330681e-01 1.037314903931297605e-01 1.271188969906759669e-01 -2.074327798024600822e-01 -6.218363754766306067e-02 1.579834621784765580e-01 -1.662827825776732327e-01 -5.294156636010131922e-02 -1.331139221096775543e-02 1.687941805459350353e-01 -6.498145573205453551e-02 -2.073721841996994941e-01 4.759392561644586184e-02 -1.095079662149543720e-01 9.037082015788308609e-02 -1.306911793670400557e-01 6.864211718863447165e-02 -5.883193966698544580e-02 6.572491336132223194e-02 6.958180812670200499e-02 -2.289426980694957980e-01 -1.062272999918699029e-01 1.177419336364715803e-02 -2.121998456715683823e-01 -2.582395168061140667e-01
-1.696251061405275595e-01 -2.380643773545061126e-01 1.535889761768772788e-01 -1.697625268277939969e-01 7.359278550295657480e-03 7.558639708137367130e-02 4.793148716294241551e-01 1.443524013458639399e-01 1.000000000000000000e+00 1.616636958300106675e-01 7.126313999383835675e-03 -1.193934167961031717e-01 -1.566577306926344171e-01 1.527840222605493514e-01 1.268781979260731052e-01 1.773053312281008820e-02 -1.445219620436995756e-01 5.487254539424751137e-02 3.651711648189467224e-02 1.892291940242812887e-01 5.307917693616990423e-02 -1.094964514824012802e-01 1.967226938921126378e-01 -7.426343147343036910e-02 1.072584440012114004e-01 -6.731294632914992804e-02 2.717309738682594997e-02 3.861209651249170732e-02 -4.634533963668597406e-02 -5.804973126706133163e-03 5.373016520585304628e-02 -1.747572956668402011e-01 7.726891413723399604e-02 -1.177182149841839720e-01 -9.372453540609511358e-02 3.031836289383845195e-01 1.386963746754490134e-01 1.942719669506060010e-01 2.868903879372521060e-02 1.995659821885386320e-01 1.112446509581512394e-01 1.470495455782855690e-02 -1.822569017364475130e-01 1.586688624048629148e-01 -7.990763265060545073e-02 1.367416121706150622e-01 8.405859137479841647e-02 1.395209672541744272e-01 3.821537354643252393e-01 2.201014234476532383e-01 1.052497442096250319e-01 -1.667766757039797765e-01 -6.037311721026156208e-02 1.256489414319128806e-01 -2.587634860174508559e-04 3.213076884257300841e-02 9.349824571107752391e-02 3.979816417473007739e-01 8.368787123868069722e-02 1.247621492857178480e-02 -3.992261022946740762e-02 -2.114187364465361929e-01 -1.882712557896120686e-01 2.899211461518264726e-02 3.772133789996709452e-02 4.748311403424641114e-02 2.080261274267981297e-01 -1.155470821615066507e-01 -1.806394512184583689e-01 -2.740705587256292083e-02 -6.823791239452048352e-02 -3.036734596128947694e-01 1.381340524505588960e-02 -1.103422283615585753e-01 -4.661719290031079294e-02 -8.484682141892102569e-02 -1.284875839961612254e-01 -8.236208783070832207e-03 1.401294229944598513e-01 -3.315488150774590845e-03 -1.781745050575070932e-01 -6.324939048175574896e-02 -1.774270709824974923e-01 -4.252941860508535066e-01 -1.777983521122920574e-01 -3.821786755675816161e-01 3.035116558676690529e-02 -5.050021837520178580e-02 1.871029156626448642e-01 -3.774443925455787940e-02 -1.074518643085416725e-01 3.100626038465659207e-01 -4.089863293274099282e-02 -3.465593452889872278e-02 -2.649480809337796949e-01 1.064846229561959567e-01 7.660154578884836862e-02 -4.934175849385306206e-02 2.169528271479634063e-01 1.840617718640977507e-01
-2.756055369238952224e-01 -4.651471384115467983e-02 1.527943797615824439e-01 -1.223202691000730147e-01 -4.451707031529292258e-02 5.426968622502296308e-02 1.405737081174374681e-01 9.912418586447352409e-02 1.616636958300106675e-01 1.000000000000000000e+00 3.328475172415568673e-01 2.838088348800281158e-01 1.342405008058333016e-01 3.634396236892959431e-01 2.793865395270824226e-01 2.697088736092255190e-01 2.584286966819349662e-01 1.151100299764327151e-01 9.587354216670720963e-02 -1.156966312206183095e-01 -2.822531307907780521e-02 2.364810178704673527e-01 2.290776830871939229e-01 3.736362016963303279e-01 4.686222216237947436e-01 3.097306612674334270e-01 2.093848570061321024e-01 2.110537226506619402e-01 -2.802333251312594253e-02 1.406017762721850639e-01 -3.613363165706371533e-02 -3.218720921674037561e-01 4.041094943376694212e-04 8.973628540650009644e-02 1.921697519400816512e-01 -2.536237338464465418e-01 -1.174287456308098637e-01 -4.472968342127228020e-02 -8.065404459568560613e-02 2.482006869839333552e-01 -2.437171531144814440e-01 2.604809834946470934e-02 1.244719601268211712e-01 -4.038057991716298978e-01 2.430915919687566887e-02 -2.618917435107649405e-01 -1.622275060581200579e-01 -9.672791743450018243e-02 -1.313545701314179082e-01 -3.311750562718348556e-01 2.458760765918243385e-01 -4.024906764581543533e-02 1.452001080026207869e-01 4.019302273792021291e-02 3.191251907308051416e-02 -2.713069280998376201e-02 9.609261736259155917e-02 -1.472725659520015412e-02 4.956502684894039112e-01 2.897138032043810041e-01 4.653143649749391653e-01 1.620489371926254196e-01 1.110128887244257873e-01 2.230433446812285225e-01 1.419846660182905729e-01 2.645165864157384972e-01 -1.018705211834099456e-01 9.238273567400402675e-02 1.660521213942752483e-01 1.253744829152180773e-01 1.127677575481878941e-01 3.224539507942330574e-01 1.989913210780108466e-01 3.378893089943084682e-01 2.921188267737628852e-01 3.987706443829400760e-01 2.029594690767960730e-01 3.052293969100779991e-01 1.867313441881558178e-01 -4.460606331028998950e-02 2.905925312948453021e-01 -8.748970876204278935e-02 3.041381886404613821e-01 -6.943873504945405339e-02 1.894011703760850873e-01 -7.425430119935667872e-02 -6.442398960592141122e-02 2.203580330260292153e-01 -5.082974339014827841e-02 2.606333357844441423e-01 -1.815175070514849220e-01 6.250575843506811502e-02 -1.720409594832191316e-02 -2.641477719614266501e-02 2.147645472358746810e-01 -1.991778153470205870e-01 -2.807056183799080951e-01 6.507091170175469119e-02 -1.991401828098771642e-01 -2.228473620173259673e-01
9.848425803322762018e-02 -8.118846612364888707e-03 -6.136283715723780778e-03 -4.772651249786414446e-02 -2.884959992992531808e-01 -4.170657507897667093e-01 -2.230213512846943025e-02 3.683925434842402064e-02 7.126313999383835675e-03 3.328475172415568673e-01 1.000000000000000000e+00 3.442246295612907958e-01 2.656453203428750798e-01 3.486304537115255675e-01 1.890801382156939436e-01 -7.095060684415960273e-02 2.219568086448338307e-01 8.817539881411669278e-02 1.064776583899966628e-01 -9.126112287121444788e-02 8.383325457846182993e-02 1.842957240042507605e-01 1.801129034873943380e-01 2.569406856701962893e-01 4.890613229944233420e-01 1.026083308116228776e-01 2.631307892842415508e-01 -4.217839029024391534e-02 1.131306432180196053e-01 1.498926309175908078e-01 -4.362705331774058282e-02 4.664997248973048322e-02 -1.224892678464700180e-01 -8.954161746217241535e-02 1.544859900513633755e-01 -2.279728241977140857e-01 -3.161264900556905455e-01 -1.243853960786226037e-01 -8.469131049789939414e-02 5.502804367529445101e-02 -3.701969465164767770e-01 -6.505096168552712728e-03 -8.181081747039341615e-03 -2.352457710504239075e-01 2.155198025314489924e-02 -2.509871928166182986e-01 -1.386339102610966156e-01 -1.245462174100511465e-01 1.002547336455940491e-01 -2.973518712961478738e-01 9.980270843213918941e-02 7.178866595563469788e-02 -4.145133665756377955e-02 -8.962464375568601760e-02 1.349450948614166756e-01 -7.989670259613886050e-02 -5.091575101635156808e-02 -6.428050480209471229e-02 2.378019525135220413e-01 -2.276554595856153940e-01 4.635568329219835193e-01 1.892897401785412492e-01 3.965586941937355725e-01 2.296627833898229887e-01 1.631298848231096943e-01 2.749098777746655786e-01 -1.686698644464632302e-01 2.309043262128651630e-01 -1.962685498398184653e-02 -1.788451470621390538e-01 2.287127105200954524e-01 2.188295202818883178e-01 1.502333757565456895e-01 3.124356878538094850e-01 3.299750147267065947e-01 3.773369285999397804e-01 3.156923229396479402e-01 3.231403869441935028e-01 1.627799189314061146e-01 -4.095084451106736911e-02 1.234038723094052353e-01 -2.777749947666557917e-01 1.653532137793857493e-01 -3.652267009740327308e-02 1.984897223697366930e-01 -2.338507561176359981e-02 -5.356269959701057820e-02 2.895686646795230315e-02 -8.997149455126580986e-02 2.834180134646121021e-02 -3.285998383404523659e-01 -6.003608596149433846e-02 -9.346346697173217588e-02 3.141576222054935641e-02 4.883088013637306574e-02 -3.381124459236678481e-02 -1.747198462031927246e-01 1.124962490801799039e-02 -2.926566324581238859e-02 -2.589596125478729194e-01
-2.095889819673768806e-01 6.264291264328847308e-02 9.431702792078583419e-02 -7.997089763634580850e-02 -2.864985523003935608e-01 1.387387024940276437e-01 -7.409443244402001694e-02 1.124908594391621497e-01 -1.193934167961031717e-01 2.838088348800281158e-01 3.442246295612907958e-01 1.000000000000000000e+00 2.795808673074252071e-01 1.358496606366031978e-01 1.917681238168402469e-01 -6.236306910094126243e-02 4.174377608675169382e-01 1.323423991327024873e-01 5.248226822776118003e-03 -3.061179012136634459e-01 -3.878637724225530298e-02 1.657626136578196907e-01 1.714678842858393115e-01 4.831235186906596146e-01 4.724978323601262131e-01 5.309682031947231540e-01 8.915628398795753806e-02 9.838040165635214551e-02 -1.198878751786562197e-01 2.852984601080284510e-01 -1.918159806762695652e-01 5.526164072630773867e-03 -1.418771570021632455e-01 3.642712074984291032e-02 9.234051992194373948e-02 -4.251826272581937238e-01 -2.725074968612812842e-01 -2.374271917853349734e-01 -5.330601595813953819e-02 1.780616877324738279e-01 -4.546792422889057717e-01 1.977212158301390188e-01 8.580847608645535141e-02 -4.145399609090910098e-01 7.184397649381202809e-03 -3.820776224523118603e-01 -2.946208136469258276e-01 -3.588244144247157985e-01 -2.476015505252339155e-01 -4.725524105974412414e-01 -2.384232361737437800e-01 2.204631929429008708e-02 -5.348115635918060384e-02 -1.281014267100858139e-01 -6.556568725779519935e-02 1.961251495229220099e-01 -3.397598843195474751e-03 -1.769176808984789240e-01 2.094782651031469878e-01 2.369978424267536188e-01 4.743968397817727722e-01 4.881892340970613309e-01 1.664052678858005951e-01 2.968716619999353101e-01 5.551532867037362040e-02 2.387654038864195638e-01 -3.453934194329477680e-01 1.746040980632086181e-01 1.949690555920106094e-01 -4.066371748626219917e-02 1.873239688617175658e-01 4.231230738867206576e-01 2.377411321792601007e-01 4.351309187979473525e-01 5.036736749065314767e-01 4.733597568858625149e-01 2.948002114586488198e-01 4.980070906475777548e-01 -1.709809917659404765e-01 -2.469581176282713286e-01 2.874709700796181933e-01 -3.882727406007722148e-01 1.388461967201754521e-01 2.891104749679708208e-01 2.838375962469820712e-01 7.609335885488111018e-02 -1.929224881266028702e-01 1.655285630948508113e-01 -2.162301449312486468e-01 4.151575437358315940e-02 -2.718685072878146980e-01 -1.900373443907039106e-01 -1.417561701076342495e-01 -5.534761042920534335e-02 1.987145752602986204e-01 -3.476649713227480398e-01 -3.261483732963426641e-01 -1.435450860410640017e-01 -3.474928919656971593e-01 -3.714615745008981729e-01
-1.475993276782778529e-01 4.624992610060064957e-02 -1.856365426166869115e-01 2.138185316601842745e-03 -1.733226711306252443e-01 -1.922979697809946709e-01 -1.525463090024580526e-01 5.555979374939540999e-02 -1.566577306926344171e-01 1.342405008058333016e-01 2.656453203428750798e-01 2.795808673074252071e-01 1.000000000000000000e+00 4.118997279615792539e-01 2.206334045813210243e-01 9.597629931274258286e-02 3.938159182308177964e-01 2.778074932554626675e-01 3.364872566167698698e-01 -8.619884796659070536e-02 3.968043438851913407e-02 4.472291995189653369e-01 1.493676086903511502e-01 1.264242491732934515e-01 3.540514960970415070e-01 3.031813005141451023e-01 3.452309128167875274e-01 2.689523987010108974e-01 1.804532727805300552e-01 4.264090807400882088e-01 -7.264542257760200905e-02 1.707994934782709473e-01 1.272047949848676973e-01 1.662660580344199335e-01 3.466716245536833330e-01 -1.628093934580221169e-01 -9.715782969849300066e-02 2.574037422586885615e-01 2.536550578930960587e-01 6.327904742041780273e-02 -1.853440485575830188e-01 -5.286702432097864501e-02 3.225156884657734424e-01 -2.070534984641371756e-01 3.824782514885660678e-01 -1.212062463997567729e-01 6.383849213446132764e-02 -1.443624193627675578e-01 -2.977049131952825278e-01 -2.288685162498339531e-01 2.257668344254568360e-01 1.355008145574027323e-01 1.341161418258571963e-02 -1.630312700074494636e-01 -4.548584598292961662e-02 2.009152836816059315e-02 -1.665253213771968888e-01 -3.535786998629496247e-02 2.048897699412998430e-01 1.209482654652984379e-01 2.231183127515252995e-01 6.432845733681914480e-01 6.434589403789550133e-01 4.663238231965345926e-01 2.727397642202673556e-01 2.314671364511152740e-01 -2.499733981945837236e-01 4.708569989399365996e-01 2.019037215021714515e-01 6.675723421126342205e-02 1.767314796550236433e-01 4.574763296630300347e-01 2.063807460948168526e-01 2.070400172587327503e-01 2.529624991660463507e-01 4.447236355133161179e-01 1.686133173258579643e-01 4.244370628944300061e-01 1.704551436215192006e-01 -1.162305482618051014e-02 8.163098755065198442e-02 -1.892770840163698620e-01 3.437450202947468503e-01 3.213075486619441090e-01 1.353621227916784464e-01 4.701380635993344242e-02 -2.119440353774524124e-02 -3.237077274348356543e-02 -1.918436324996218301e-01 -1.487448702249782873e-01 -8.586415029935434706e-02 -1.080773644730747135e-01 7.804265194588973220e-02 -9.253716562087570263e-02 3.218899315572169018e-01 -5.757027029038524341e-02 -2.095848201042113668e-01 -1.729919721458889337e-01 -3.004007061232960574e-01 -2.719405244157533930e-01
-1.454780212188655497e-01 -3.592659560112279604e-02 7.600458555005222550e-02 -6.942675208964971256e-02 -1.157550907321121814e-01 -1.796562009828755746e-01 3.262367635105078989e-02 1.490997572358554457e-01 1.527840222605493514e-01 3.634396236892959431e-01 3.486304537115255675e-01 1.358496606366031978e-01 4.118997279615792539e-01 1.000000000000000000e+00 4.877618034981360817e-01 9.954006761447450891e-02 1.789009598410486457e-01 2.279123844860118375e-01 3.752861298138738810e-01 -3.025946962260913156e-02 3.244435905557197519e-01 3.407571239865996304e-01 3.985107522410725189e-01 1.607017691215190947e-01 3.947073388079694323e-01 8.622514728066693612e-02 4.191812924237178772e-01 1.698619659339031807e-01 1.220859214428384742e-01 3.952131151595493774e-01 -4.681247410424111549e-02 -1.999849146181117629e-02 1.485733382138000082e-02 5.156731251125991344e-02 3.005396932544200372e-01 -8.680192079757051427e-02 -1.036946443112537475e-01 1.582548422438208313e-01 1.916963360812800610e-01 9.501711351363249791e-02 -1.977309994648515923e-01 9.479582609469220170e-03 1.600614403528246021e-01 -2.514455250316866564e-01 2.649666419495973479e-01 -6.840479029073275909e-03 1.843730643041898432e-01 -1.383914084621301437e-02 2.072566833468470100e-03 -2.147315310058403870e-01 2.977654907624935343e-01 9.447549779945245071e-03 8.325173880868674825e-02 -4.660130640602132973e-02 1.990376459449019197e-01 -3.039729185070435408e-02 3.068452495046056910e-02 1.307834129882089191e-01 2.296890627532291451e-01 -9.319250790718037331e-03 2.621244204306790171e-01 2.474564338529794683e-01 4.908175556399812511e-01 3.709439439436931774e-01 5.060129240412111207e-01 5.134229189592334208e-01 -1.670099780972223169e-01 3.411783402644121277e-01 4.480369435652661880e-02 -7.548216348946430732e-02 2.735180044896284302e-01 2.049131857495413989e-01 3.062051315151623210e-01 1.616917454555569789e-01 2.549190621275559954e-01 3.818061833805380667e-01 1.551767335088612698e-01 3.279808293885302928e-01 2.658035167626312534e-01 -1.546321890252117526e-01 -2.343199699623056687e-02 -2.295617476170846161e-01 1.997158429633648924e-01 9.105638449605423304e-03 1.230700954523076124e-01 -1.489334596802426858e-01 -1.032656533048831836e-02 -8.069801431036749406e-02 -1.634656010113120228e-01 -1.512127969116916666e-02 -2.069386403395158391e-01 1.331426434389450797e-01 9.968988576834848792e-02 2.625734690507255248e-02 1.863901935739926685e-01 -1.446614544985669881e-01 -1.408410775196715925e-01 -1.005520930777071553e-01 -1.240582452957581516e-01 -2.435910289518779803e-01
-2.002731924519049467e-01 5.559473056268367241e-02 9.771621815604268624e-02 -1.420824348541320503e-01 -7.788051223182287930e-02 1.861030016347451077e-01 5.333090168576733181e-02 8.093513957541191572e-02 1.268781979260731052e-01 2.793865395270824226e-01 1.890801382156939436e-01 1.917681238168402469e-01 2.206334045813210243e-01 4.877618034981360817e-01 1.000000000000000000e+00 6.767438373420062159e-02 1.785779603293658480e-01 1.862177544600626122e-01 2.412626653819445466e-01 1.527676278984140823e-01 3.383883502849789893e-01 1.287446694970058036e-01 3.688787467153313293e-01 2.640626167697363580e-01 1.919539196756124833e-01 2.624415214524525308e-01 4.070203360861515685e-01 3.192408167327308033e-01 3.153308129878928945e-01 4.036210861149552853e-01 -1.675520004602784052e-01 -5.927782199401466362e-02 -1.295547730767219671e-02 -2.852067861869720181e-02 8.763828728773837007e-02 -1.878240058824388534e-02 -3.322205747506495888e-02 1.376725558995198218e-01 1.063015711532193375e-01 8.209014231792134686e-02 -2.364883882708771201e-01 1.201407249107411257e-01 9.586689603300234397e-02 -1.629993909632630467e-01 2.072452666167014235e-01 -8.124983557165794956e-02 -8.872906357016933920e-02 -1.878148287604108346e-01 -1.071244640697755074e-01 -1.605406601873998473e-01 7.516827407310061604e-02 -7.972268455920372698e-02 7.042296469374852153e-02 -1.094945347546931735e-01 8.449705469249213508e-02 1.067544579907635377e-01 -2.711710943640722668e-02 2.649526438217925453e-02 2.799907607160423972e-01 1.914598848451904978e-01 2.649127970975216906e-01 2.938462262349629817e-01 3.492714165597504694e-01 4.661308040752655257e-01 4.729328630710904480e-01 6.936196185051431984e-01 -9.160618197204963009e-02 2.277156249166636115e-01 5.346868845997324038e-02 -2.912492179104858581e-02 4.838154203995984615e-01 2.174233107404340559e-01 3.007007627313063591e-01 2.222987335158834454e-01 3.486184374859843671e-01 3.446357924252369531e-01 3.379609093782411922e-01 4.512067809912108651e-01 3.648360612006523035e-02 -1.902461211072681013e-01 1.643952813642380467e-02 -2.740777392315753569e-01 1.480829352076359351e-01 6.366916098034779148e-02 2.424822181374159114e-01 -1.718929934990210961e-01 -2.331538255481337835e-02 8.949398800643190710e-02 -2.024591968122812016e-02 2.536223720055318445e-02 -1.575718087718217808e-01 2.216118938869020630e-02 6.564242655779431446e-02 -9.115144313473964865e-02 9.357034188530503893e-02 -1.236621400775045343e-01 -1.484977489551244090e-01 -7.863096123349340438e-02 -1.455427950935344050e-01 -1.693156827552806387e-01
