1.000000000000000000e+00 3.170828766658930209e-01 2.299345294414586460e-01 1.039788532030404833e-01 3.537116388833413949e-01 2.850278614488184203e-01 3.434344106285798781e-01 2.785691255612884887e-01 1.950288325842315929e-01 -2.456935060302437024e-02 4.036941365030199264e-02 5.106270755860713856e-03 -1.694239870655216140e-02 -1.979637622970643607e-01 -1.789187972379486791e-01 3.834982128935113255e-01 -1.687197088899848874e-01 1.894346761386442313e-01 -1.296337809255780071e-01 1.986314517216431277e-02 8.461463819875313097e-02 -2.369307223070467316e-01 -2.217999719414700532e-01 -2.870182574638656670e-01 4.618763439217356964e-02 -1.239007023929403345e-01 -1.960780551495869550e-01 -2.858099396225751154e-01 -1.923616719278042897e-01 -4.203410510596142791e-01 1.275172220933100120e-01 2.588447881325698363e-01 -9.831727622698004446e-03 -1.850296277473733042e-01 -1.860969432683820812e-01 6.987284322580795959e-02 -2.590645789176577174e-01 1.007544994219123358e-01 6.533497324567212605e-02 -1.227493044356443852e-02 -1.848233122156698327e-01 6.792400661170418241e-02 -1.516283351332542995e-01 -1.292679193398882653e-01 -2.111141206491856936e-01 -2.527547102038789073e-01 -3.186600507764419388e-01 -2.512007234363867747e-01 3.621130409163333952e-01 -1.125215628333795376e-01 4.736885091539638770e-01 2.953196272652789389e-01 2.287432876709837859e-01 1.030818241606847735e-01 2.147429703494928288e-01 1.603509983016736251e-01 2.526462895614510207e-01 1.679673022691680895e-01 -2.264388843140420493e-02 1.849674146202557462e-02 3.352039432469165747e-02 6.371844520860414640e-02 -1.155263330291126656e-01 -1.116993883117626540e-01 -2.585759449203785948e-02 -1.203806998959536662e-01 1.038715453293026503e-01 -5.918772685741472556e-02 -3.187582785086212067e-01 1.045197129256316831e-01 7.829278706053059700e-02 -2.100811186214563420e-01 -2.106125786146526846e-01 5.044967253760047204e-02 -1.265189957560751144e-01 5.191103198913406963e-02 -2.730802299384552101e-01 -4.101117922405433935e-01 1.720512044763680415e-01 2.305270650782803854e-01 -3.771329491322482630e-01 -3.535549599371174412e-01 -1.242291470060641750e-01 -9.284426507830648156e-02 -1.688034479344126815e-01 -3.669750539881757589e-01 -2.428717973781834849e-01 -2.906622957962751164e-01 2.297963851841332283e-02 -1.977531599543307095e-01 -4.309685902973690169e-02 4.207466771818789419e-02 -1.383178852958555881e-02 5.057411947084865245e-02 -2.662680064967957172e-01 -9.225282691206431948e-03 -1.427882807849269464e-01 -1.495486258069242680e-01 2.903959423567806786e-01 -7.864897751938763892e-02
3.170828766658930209e-01 1.000000000000000000e+00 4.701455806654870062e-01 5.537105997867458607e-01 6.122544691284069751e-01 1.551599574637437251e-01 1.626061441570366972e-01 3.632852123379665121e-01 2.885058854378125814e-01 -1.305469308746855517e-01 -1.946112168087976158e-01 -5.211995757354807857e-02 -3.123857806002055745e-02 -1.651479177804153764e-01 -6.999836219134805693e-02 5.354134999971423836e-01 -2.735545724825292346e-01 2.035756521251307349e-01 -5.931191214938488776e-02 3.637246334265290676e-02 8.776056148180463867e-02 -2.280233619889124874e-01 -1.095453703687123553e-01 -2.178740688809320813e-01 -1.784043635589145915e-01 -1.024479181323138532e-01 -2.208520344084562714e-01 -2.103733108726325851e-01 -1.345492048262859064e-01 -1.274501862216267933e-01 2.362723062961955278e-01 -2.587821618810989127e-03 1.203248600712833183e-01 -1.473723570955765283e-01 -2.730881112320760473e-01 -3.371745110750186403e-02 -1.869524351145469554e-01 -6.776625887064557929e-02 3.787073635633438073e-02 -1.748384767591787681e-01 -3.616922827789617045e-01 -2.971622594759775263e-02 -1.743619435166473275e-01 -2.356448105638759005e-01 -2.325105792904462454e-01 -3.372126487270536432e-01 -3.407458823935227699e-01 -2.125802334875137312e-01 -5.056014538762491906e-02 -2.032376651140256896e-01 5.333770447086657596e-01 6.512106084462080391e-01 4.807909081006946361e-01 4.954785913345339798e-01 3.686285708857156007e-01 1.656805946066787216e-01 3.698379875528973737e-01 2.717522402656896707e-01 -1.736052689432349416e-01 6.207229835109900895e-02 1.594430653958173183e-02 -8.539884516142570714e-03 -1.028684833281679617e-01 -3.453689232443744872e-02 -1.486710739908902491e-02 -9.485519828304858278e-03 7.328886036315503116e-02 -1.032604146721083499e-01 -1.107770983099387596e-01 1.590096604724712814e-01 5.449179618359589056e-02 -2.205985381158257763e-01 -7.819129850423821304e-02 -1.801731769281159773e-02 -1.359319023739587740e-01 -1.404788125992029457e-01 -1.884743080265988968e-01 -8.972600516285569872e-02 2.675285102849392915e-01 -1.832601463480393322e-02 -4.248145672993138278e-01 -3.456458303699856960e-01 -1.830715576993663107e-01 -8.646877855675458302e-02 -2.054318791382545376e-02 -3.235830196410893755e-01 -2.090438414780478038e-01 -2.396220620552208247e-01 -2.395164105699953971e-02 -3.154384765834373217e-01 -3.063905077421088001e-04 -2.452538966016236943e-01 2.019757295492392302e-01 -3.160878193298645722e-01 -2.971192502021218762e-01 -2.325746118564365195e-01 -1.218281915598102144e-01 -1.645522765676037946e-01 5.460621945812595135e-02 -1.937692564949456686e-01
2.299345294414586460e-01 4.701455806654870062e-01 1.000000000000000000e+00 2.854547830514530538e-01 5.129499518664970559e-01 5.679938310291726689e-01 2.059060700843263758e-01 6.910206908932395864e-01 6.695364158528092080e-01 1.815972415249214045e-01 1.969606586392473602e-02 -2.968673271351005005e-02 3.674888968098006248e-01 2.089162134348245548e-01 7.642302366389244761e-02 3.581690258629561252e-01 1.580991481201287352e-01 5.497427630368683094e-01 4.065556900566349441e-01 -6.023958939804856250e-02 5.120588486354442637e-01 8.183303704328798167e-02 1.657935029053827780e-01 -4.521358988176865101e-01 4.844886492728048277e-02 -3.254677663052941150e-01 -5.096269953482125414e-01 -5.545633085242763771e-01 -2.229386522158156581e-01 -1.074952864227227967e-01 2.042196908358738794e-01 5.399154047333735995e-02 -2.225328428263225744e-01 1.080241429048562213e-01 -4.724996322290673234e-01 -1.389329736966768980e-01 -4.267801855693457713e-01 -8.092954524871490141e-02 1.302412638171693803e-02 -1.426559518174891905e-01 -4.554301620965705566e-01 -1.727159217819202452e-01 -5.746310875226600112e-01 -1.065333250714689678e-01 -3.412359638394972250e-01 -5.197034212107399798e-01 -4.988786976273531515e-01 -2.054334448248464617e-01 3.044487006778329174e-01 -3.395403969287555945e-01 3.343290899272622907e-01 6.693066538220484585e-01 3.387325886937213593e-01 2.729178234274619586e-01 7.353942291258493968e-01 7.244034565377597268e-01 6.421067348227103011e-01 7.208991641623517799e-01 2.547236791863916050e-01 1.369644055955925033e-01 1.175334603564997388e-01 4.057764549054317937e-01 2.189776470761409521e-01 4.441305577041571584e-01 4.596312111594360039e-01 3.404096058463576546e-01 2.166203189546765939e-01 2.335834706006087169e-01 -2.169999254071570960e-02 5.077021213259457211e-01 5.126714781430937729e-01 -5.897846506691131752e-03 2.604795748747271711e-01 1.016751683972031833e-01 8.241340008773342940e-02 -2.366343039481657862e-01 -2.296300948693238697e-01 -1.692791040601530628e-01 1.687019919291346537e-01 -8.826939774239102310e-02 -5.806201180476793233e-01 -4.370489766068784143e-01 -3.900587593835142530e-01 -2.299334006360745364e-01 -3.575762484237723915e-01 -2.136936572550785784e-01 -4.515968259459944290e-01 -5.076678303216028976e-01 -1.726894607074811253e-02 -4.765707581549928906e-01 -3.920903372363511163e-01 1.431433074193289579e-01 2.625005876295555818e-01 -2.686680909832330766e-01 -4.534276034881862816e-01 -6.996997249090225468e-02 -4.167338581403032816e-01 9.475190603415456145e-03 4.367371065499644489e-01 -2.068897236646147497e-01
1.039788532030404833e-01 5.537105997867458607e-01 2.854547830514530538e-01 1.000000000000000000e+00 3.655244891860059409e-01 2.268232688563299321e-02 1.610423969093497873e-02 2.834745415158702597e-01 1.084866231935130987e-01 -1.595986371586723129e-01 -1.954038253981715545e-01 -8.522058339035418206e-02 7.799045624104926355e-02 -1.420276936662973333e-01 -4.942975091980909841e-02 3.573822986738924845e-01 -9.918439116926659749e-02 9.619622436598174176e-02 -9.859894935324920937e-03 -6.956612665745152968e-02 8.699701329034839614e-02 -1.160851583811083922e-02 -6.437989911552116640e-02 -7.962980799880958749e-02 -1.196376334387326962e-01 -5.976667146513297418e-02 -1.872848159606506913e-01 -2.304649323207474954e-01 -1.207359550056970460e-01 2.400544242139368914e-02 2.067184931090710331e-01 2.659570078462597520e-02 5.918757688843050146e-02 -1.798722152125361087e-02 -2.153419966924354778e-01 -1.410224548734939076e-01 -1.807221278273827558e-01 -1.799457905067617658e-01 -7.710720727109383237e-04 -8.347801368696952662e-02 -3.086599798352961943e-01 2.929781090518157605e-02 -6.804518092934339069e-02 -1.571116607695973444e-01 -1.519037236533704038e-01 -2.675632131388768209e-01 -3.475626378473954947e-01 -1.946366783211551654e-01 -1.304376647713654802e-01 -2.690777066613621038e-01 4.054531512671814553e-01 4.021199663300968896e-01 3.287582113596263511e-01 4.792015551598425294e-01 2.133337984909232099e-01 7.834027349700527221e-02 2.939307368633179429e-01 1.066082675724275980e-01 -1.679681936374326223e-01 6.416116518620175457e-02 2.498511674631817992e-03 4.862174392220127567e-02 5.553395955536993139e-02 -2.492850086199027097e-03 4.581805157827370523e-02 5.198119200605104406e-02 -6.502031334614070957e-02 1.533257500601386582e-02 7.415788230782281720e-02 1.101915803849811137e-01 5.908021127164592851e-02 -7.112764494511808477e-02 1.068723442856601633e-02 -5.401279637277278667e-02 -1.587528747670396631e-02 -1.402187762142335370e-01 -6.933643719791170168e-02 1.780244415738215652e-02 3.084507789721492865e-01 7.316454832942540475e-03 -1.609851429912255716e-01 -2.190870992665727990e-01 -7.688374679240081444e-02 -3.840775589486800090e-02 5.327285353158812270e-03 -1.625678072456124834e-01 -1.969141564318306059e-01 -1.254742334856498442e-01 -1.240264768639394027e-01 -2.953339051233503931e-01 -4.090634235820091169e-02 -2.244408598303291036e-01 1.514236567009339118e-01 -3.093436728360970389e-01 -1.550636269976804205e-01 2.603639766187442958e-02 -6.378105010859280721e-02 -9.066896579165203973e-02 5.136039311845410835e-03 -2.263046630420558203e-01
3.537116388833413949e-01 6.122544691284069751e-01 5.129499518664970559e-01 3.655244891860059409e-01 1.000000000000000000e+00 4.877363877295778360e-01 9.928555048760984159e-02 5.519174655566450038e-01 4.918743695457583609e-01 9.097773380565118972e-02 9.236601055032531149e-02 1.162163948045996931e-01 1.716953945930401182e-01 -1.053975863204583419e-01 -1.682649176868351859e-01 5.304034086687352545e-01 -5.085194263657154268e-02 2.800269311856550813e-01 8.171842969461287631e-02 -1.968570252753774064e-01 1.716716310677953716e-01 -1.656712513441368495e-01 -1.415437483168787147e-01 -4.530935763756603341e-01 -4.353997350027155773e-03 -2.370537909977197544e-01 -5.060143392059847089e-01 -4.017607884149486663e-01 -3.657279869762043445e-01 -3.108553205025453292e-01 2.299754599331541860e-01 1.163446293716060287e-01 -7.974658791805648572e-02 -1.348370694440365336e-01 -4.741550659854694150e-01 -1.798532653010968541e-01 -4.165341056151167787e-01 2.570702720691672022e-02 4.282009402147273630e-02 -9.457868447118680799e-02 -4.692051905457685357e-01 -1.871948201948370749e-01 -3.346578314197116155e-01 -5.990868317261861115e-02 -3.033275338392338871e-01 -4.844924343549976697e-01 -5.143085448565121176e-01 -4.421922608275872801e-01 1.520594733151221234e-01 -3.898213646333495985e-01 3.185162223605171317e-01 6.458417027474333549e-01 5.642708224045634990e-01 5.159925491114195628e-01 6.257513288808290719e-01 4.105861946392032058e-01 5.549621937544341188e-01 4.375221829247233907e-01 1.768322173486214510e-01 8.876603330941759684e-02 1.477822025760981983e-01 2.180347793875111739e-01 -7.597904514319823999e-02 1.567474314624737464e-01 1.785570814514592930e-01 2.029641002502477129e-02 9.894928950813629276e-02 2.276458732128582019e-02 -2.170733289839223423e-01 2.817852133971583406e-01 7.722318771886584055e-02 -1.054338670737823558e-01 -3.885424000556211843e-02 7.323594019352737405e-02 5.357541932750093522e-02 -6.146215922740688731e-02 -4.273225269924680325e-01 -2.759362217736088807e-01 1.963823386373183266e-01 1.008206884008028825e-01 -5.662138861369624410e-01 -5.159175655519685488e-01 -2.841803244915478421e-01 -3.171415678278285966e-01 -3.810053900801161353e-01 -4.740984600462692100e-01 -4.236565775983743842e-01 -5.179181063012460173e-01 -2.284212268370565957e-01 -3.401818477248320094e-01 -2.819470606830499354e-02 9.665994400896257832e-02 2.591664292818250392e-01 -2.008649673812276104e-01 -4.154920422606353525e-01 -1.448313826351347033e-01 -4.053854008912589069e-01 -2.742722419533835665e-01 2.313675111356993386e-01 -3.191988489277655661e-01
2.850278614488184203e-01 1.551599574637437251e-01 5.679938310291726689e-01 2.268232688563299321e-02 4.877363877295778360e-01 1.000000000000000000e+00 1.403334970914664193e-01 5.785256472660715854e-01 6.390003914678770158e-01 4.438245751757325941e-01 2.956009017772775471e-01 3.656223119563210000e-01 4.893439121401117475e-01 1.929165228582609970e-01 -7.901541583223097021e-02 3.140411491476307049e-01 3.387054074100220302e-01 3.117105390887523475e-01 4.293880356451624802e-01 -4.175095486746418505e-01 3.055671803205329828e-01 9.381740797442791879e-02 -1.120609710147061830e-02 -4.233307012834803817e-01 1.570194258324989767e-01 -2.017174569196439060e-01 -5.567567791989435078e-01 -5.135834505882442835e-01 -5.114578669889369156e-01 -2.680130638155922007e-01 9.734047777316695571e-02 1.466663125901364606e-01 -3.013072738736385370e-01 8.669651068810484227e-04 -4.355418309900656593e-01 -2.919059879948991965e-01 -6.150992029016517648e-01 -5.186064771909295462e-02 7.570317474667981328e-02 -2.432355675116295857e-01 -4.628085373039947381e-01 -8.171582806402842569e-02 -4.958523645921182332e-01 -1.269713144871842392e-01 -3.594982067172441398e-01 -5.273316448951229640e-01 -4.920673614228793236e-01 -3.940974600790038140e-01 4.338824058955561003e-01 -3.905544434568099521e-01 1.668324950911855564e-01 3.819143574930810581e-01 3.312048833143926840e-01 2.043264265219928988e-01 6.914124660968470337e-01 6.865110895097751298e-01 5.458785246338814234e-01 6.092657163756142191e-01 5.725749667308929203e-01 2.942400465820931843e-01 4.413382918980641723e-01 5.838258438165089270e-01 2.885351890523465412e-01 5.110029964257505330e-01 4.927318068733317347e-01 2.644206779442404009e-01 1.635356636159429888e-01 4.583767426227760566e-01 -4.300808758365760875e-02 4.082349404119777203e-01 2.709953733320321634e-01 3.297899436425780206e-01 1.667919866400637552e-01 3.229805424691981619e-01 3.119719185532728867e-01 1.751797862116665216e-01 -4.535779608283047049e-01 -2.595368574627777702e-01 -7.769045174998223668e-02 1.360958767615760290e-01 -5.103356547576903823e-01 -4.134639568725030911e-01 -4.203712714935910477e-01 -2.013925741124764635e-01 -5.305077597102521025e-01 -2.072654492329555620e-01 -5.471132428070372145e-01 -5.008472688123778438e-01 -2.592925121521171827e-01 -2.935149123632538881e-01 -2.634016922556496887e-01 4.911346919235348163e-01 4.332205353722023977e-01 3.971215255502838493e-02 -3.967559565802827315e-01 -2.090493504307842920e-01 -5.458438687795925670e-01 -1.230102829693866112e-01 4.193925609938597976e-01 -2.126983754560021200e-01
3.434344106285798781e-01 1.626061441570366972e-01 2.059060700843263758e-01 1.610423969093497873e-02 9.928555048760984159e-02 1.403334970914664193e-01 1.000000000000000000e+00 2.277279866107037865e-01 2.502854260026795563e-01 4.744088968328276368e-02 -7.403544752822135977e-02 -1.745087328146731342e-01 -2.443133220208527911e-02 -1.259807504546217594e-01 -1.655913659879661437e-01 1.819044428692337401e-01 -8.424129770258230454e-02 1.431625684725993941e-01 -1.292408918476216917e-01 2.312651286960878405e-01 -1.772295993919752524e-02 -1.342382131982230165e-01 -2.264264259094992404e-01 -6.444587454127757853e-02 -1.970250728980430799e-01 -2.068329676403873607e-01 -2.974653498011719816e-04 -2.135965636616275198e-01 -6.917517801579482761e-02 -3.295184175020851036e-01 7.804870948898623428e-02 7.234497015869141567e-02 8.868200723488890713e-02 -5.264703053819583950e-02 5.855118745999065427e-02 3.101770193557799038e-01 -8.362365931415800813e-02 2.364487391088212764e-01 2.974707153931800407e-01 2.831105593797481057e-01 1.916514638414146821e-01 1.459374372364260208e-01 -8.918318262182134415e-02 1.008353964666906105e-01 -3.693682868987498147e-02 1.497142138724984195e-02 -8.276760431319986344e-02 3.115789619969464713e-02 3.023479474454015548e-01 2.171931043776920978e-01 2.571955175175379971e-01 1.215706703647602277e-01 9.061236375478681770e-02 6.920435718069228859e-02 1.025367150438467323e-01 6.023103883090429739e-02 2.347516200079148019e-01 2.326495339467418155e-01 -1.360285181228548246e-01 -9.948650237331475854e-02 -1.948370566140956717e-01 3.857677936435680022e-02 -1.016506531557098969e-01 -1.420662638921435794e-01 -1.529345578094059022e-01 -1.504287190301730470e-01 4.594798006861687822e-01 -8.650228743113107244e-02 -2.524119546158440364e-01 4.677167619550148120e-02 7.500744323802835400e-02 -2.178936114489264386e-01 -2.840573519293970173e-01 1.395518823682190823e-01 -2.410140565091578591e-01 -1.646038441045361844e-01 -1.649645084959120156e-01 -3.815395399972085766e-01 1.194741506660634278e-01 6.774129909733624111e-02 -1.799243680048561167e-01 -1.031190187905843825e-01 -3.203105324990433017e-02 -5.729593152106922382e-02 -4.293386237470457091e-03 -1.557487418450773931e-01 -1.116117415853610934e-01 -1.666629103233411013e-01 2.725275670518554350e-01 7.793553130909017246e-02 -6.016313911822340071e-02 -4.939521803463340667e-03 1.718361814032239726e-02 7.449376183785304251e-02 -1.850995796208807220e-01 2.978277207925542069e-01 2.662700499277810551e-02 5.224893452556072029e-03 2.435097988690808068e-01 1.595267647086332230e-01
2.785691255612884887e-01 3.632852123379665121e-01 6.910206908932395864e-01 2.834745415158702597e-01 5.519174655566450038e-01 5.785256472660715854e-01 2.277279866107037865e-01 1.000000000000000000e+00 8.228609090101020040e-01 3.553518239779793197e-01 1.435459316248708095e-01 1.549322662739401613e-01 5.551763295147746913e-01 2.062789778190156353e-01 -1.021962152068937590e-01 5.087240036816040867e-01 4.157375130929593099e-01 6.816044284952484933e-01 5.007705810244434952e-01 -2.808797412153806738e-01 5.040177199007749298e-01 2.307716622419904717e-01 1.760061841021810791e-01 -4.730857043751535707e-01 3.002680783896595831e-02 -3.666251774435199673e-01 -6.818778376138058261e-01 -7.375231229014274081e-01 -4.360210826724645328e-01 -2.421010151004784061e-01 2.069133910415985877e-01 1.121641315259325894e-01 -4.041485842502072767e-01 1.743041913317783520e-01 -5.367487009475896409e-01 -3.446027397821270766e-01 -7.445743965223617922e-01 -2.424745665352786572e-01 -1.045060661289207160e-02 -2.989700430522942431e-01 -6.510830286884053963e-01 -1.278573387455654575e-01 -6.363474612354503845e-01 -5.270561577456465280e-02 -3.967979722366136719e-01 -6.634699394828075247e-01 -6.864381650344709707e-01 -4.348864863768527877e-01 2.404473128538865134e-01 -5.590771088334831607e-01 3.544697822246201668e-01 6.340495934535441691e-01 4.208539134151046412e-01 3.971595020418539068e-01 7.464950027544144939e-01 6.696316100276547001e-01 8.631586717939195852e-01 8.468409190564584188e-01 3.956541140289978609e-01 2.067672867232745737e-01 2.287360024682626169e-01 6.276945064377195127e-01 3.483566042569202770e-01 5.321310432216094233e-01 5.736277798480329260e-01 3.693667339665832050e-01 2.109802623266014698e-01 4.899228732726433333e-01 3.126019551566157611e-03 6.595531587727044842e-01 5.136114593940686035e-01 2.448953895530248392e-01 3.044367394600165921e-01 1.266012422345091648e-01 2.269841293278774264e-01 -9.364204453380950421e-02 -4.119846227659537119e-01 -3.452875364510800682e-01 1.818840108985164405e-01 4.375864150793457030e-02 -6.892625667983440785e-01 -5.459258083868219202e-01 -4.123128710228662341e-01 -1.327979315786541326e-01 -5.491246556485860353e-01 -2.864168940901687943e-01 -7.494394301200478781e-01 -6.939929501020087876e-01 -2.384573540713984807e-01 -5.929072118917486645e-01 -5.261174947436628724e-01 3.989184703044347247e-01 2.094018253923913830e-01 -1.632125926411717165e-01 -4.721355919926529254e-01 7.895050319234905856e-02 -5.999434519077363470e-01 -1.796941466967079959e-01 3.675853556025271973e-01 -4.252561003938492568e-01
1.950288325842315929e-01 2.885058854378125814e-01 6.695364158528092080e-01 1.084866231935130987e-01 4.918743695457583609e-01 6.390003914678770158e-01 2.502854260026795563e-01 8.228609090101020040e-01 1.000000000000000000e+00 3.901205058176432372e-01 1.365920747120935308e-01 9.774082182901679128e-02 4.963619266198026625e-01 2.514081799955960039e-01 -5.960781441777682904e-02 4.114223216627942437e-01 3.349024969575623567e-01 5.931949735297735726e-01 4.785779486501511859e-01 -1.283053471587323746e-01 4.680814961391219220e-01 1.658003797432039128e-01 1.204932751325034218e-01 -4.821371284833703141e-01 -1.931681749251668934e-03 -3.931340108526926724e-01 -5.398683327923516906e-01 -6.214244310195058407e-01 -3.383181859636981148e-01 -3.188129014323085042e-01 1.823766399895301038e-01 2.984698648970638205e-02 -3.763431316369360013e-01 1.473398450216213962e-01 -4.478314350520147813e-01 -1.495437530567305662e-01 -6.347173933057211892e-01 -1.583523335361120554e-01 2.501459504149041932e-02 -2.594059242032387136e-01 -5.026162308884779550e-01 -1.775638846711901919e-01 -6.422088604334621476e-01 5.871470713015572961e-03 -3.438040306365663934e-01 -5.284797637435494355e-01 -5.434657744026087922e-01 -2.912787189178715486e-01 3.402842788622910675e-01 -3.481037163743524454e-01 2.522461441263937343e-01 5.536866600124326077e-01 4.265670653455884143e-01 3.245426523900099558e-01 7.380196332685411420e-01 6.605541039683169302e-01 7.619821373768931316e-01 8.805879851046772844e-01 4.220514709278752608e-01 1.622440297767053230e-01 1.864192961745410326e-01 6.017262644614794764e-01 2.903511334092665486e-01 5.200751788555117994e-01 5.081785035560199004e-01 3.686477636507359268e-01 3.050176132448452204e-01 4.004729015542528581e-01 -5.474350629299934434e-02 5.707337205712542660e-01 5.227446352827870291e-01 2.128288482606290333e-01 2.296686552745729748e-01 2.052060188068463575e-01 1.719930818915222648e-01 -1.230405581576756308e-01 -3.513431721830652110e-01 -3.570610808616045406e-01 3.470518377003105337e-02 1.264450394812115935e-02 -6.654459371961717329e-01 -4.441321370704229832e-01 -4.083926698858825755e-01 -1.502532488649073739e-01 -4.877959515453799688e-01 -2.384977556801695653e-01 -6.413719318782138412e-01 -6.150662470572733076e-01 -9.549255567151657131e-02 -4.497154327015491226e-01 -4.608279116781901497e-01 4.279197625669911575e-01 2.366006498189328899e-01 -9.622352302899250809e-02 -4.776262704677094462e-01 -1.937337518732715549e-03 -5.342725905939544884e-01 -9.123569247826532336e-02 4.230929994598585653e-01 -2.340635404427676425e-01
-2.456935060302437024e-02 -1.305469308746855517e-01 1.815972415249214045e-01 -1.595986371586723129e-01 9.097773380565118972e-02 4.438245751757325941e-01 4.744088968328276368e-02 3.553518239779793197e-01 3.901205058176432372e-01 1.000000000000000000e+00 5.835879046681549109e-01 5.589984615635085197e-01 4.784205590693016985e-01 3.070751429469946170e-01 7.810983029161183699e-02 2.381445790961484732e-01 4.695189961097828157e-01 2.181505916286196889e-01 3.844487122378088539e-01 -3.173710466086857029e-01 3.458696290899351267e-01 3.180302039713115980e-01 2.638286185014422358e-01 -4.533963704866810634e-02 2.933228251952978982e-01 8.097162431341622946e-02 -3.321930600105921227e-01 -2.479185780157711350e-01 -2.117635996480354277e-01 -6.190107980601693843e-03 -1.261163789350267794e-01 8.765110990407808111e-02 -3.479451718619220313e-01 6.728585260674604940e-02 -1.886716957290040242e-01 -3.015272993047303229e-01 -4.291933326305416019e-01 -1.206978699402776467e-01 3.552999217267632792e-01 -5.265078314773932039e-02 -4.000193555428049330e-01 -4.623346158588647822e-03 -2.150875696945560855e-01 -1.656505214972479045e-01 -2.489411581621950031e-01 -3.107317183613753642e-01 -3.234328102712512032e-01 -3.246909103650204020e-01 8.681309548784460484e-02 -3.863772459471889187e-01 -1.063002232500268873e-01 4.277661154830679491e-02 1.017920847072085327e-01 -4.295273774053993965e-02 2.920425897322097564e-01 3.191595696547488425e-01 2.535575036848847774e-01 3.712132071743914352e-01 7.112359558525450653e-01 4.931549266034192525e-01 5.550518565715593100e-01 4.783818974841317351e-01 4.110148053502111209e-01 3.931955296534537792e-01 4.278443937757102078e-01 3.610724795743308624e-01 -1.241126305908141769e-01 4.116966375101732134e-01 9.151263873902429347e-03 2.118747168734932129e-01 3.028660875265247743e-01 4.221570091299385319e-01 2.988386251864068588e-01 3.433972615242471549e-01 5.994788090786141721e-01 2.904898497956631687e-01 -9.209873050273918726e-02 4.790058302476264684e-02 -1.840047368766534186e-01 1.393826908850816781e-01 -3.143196595601269183e-01 -3.349689917164764830e-01 -3.081203322646684506e-01 -1.395616044854131217e-02 -3.625173565328147496e-01 -9.188326188917489423e-02 -3.930688537434944840e-01 -2.573239955003648882e-01 -3.152590483995015846e-01 -2.241841342034970597e-01 -4.008167458565170538e-01 5.029368360428023710e-01 4.495088635767626739e-01 1.364900762640459952e-01 -5.330991677386882205e-02 -1.571132834640054377e-01 -3.589151234497177656e-01 -2.295015544188337420e-01 4.887009846036512867e-02 -2.809633717629008154e-01
4.036941365030199264e-02 -1.946112168087976158e-01 1.969606586392473602e-02 -1.954038253981715545e-01 9.236601055032531149e-02 2.956009017772775471e-01 -7.403544752822135977e-02 1.435459316248708095e-01 1.365920747120935308e-01 5.835879046681549109e-01 1.000000000000000000e+00 5.485696081324482609e-01 2.590617016784209081e-01 1.663722079565323753e-01 1.553324998849008876e-01 1.335177364458779437e-01 3.294125805786669026e-01 -2.406943841768283479e-02 2.196149622392319367e-01 -3.056404934221299552e-01 2.564548872631061682e-01 8.065692322752450460e-02 1.971630769966551955e-01 5.254507317624031171e-02 5.323381303192195046e-01 3.308061941288680807e-01 -2.420335273016473443e-01 -4.144668279624921792e-02 -1.072877436625637310e-01 1.553212171588968515e-01 -1.550512937903773258e-01 3.431578420157443965e-01 -2.806774124060130715e-01 -9.587329744726584557e-02 -1.871868148009812605e-01 -2.192419789322374024e-01 -2.321656512666032957e-01 -3.737590447328765358e-02 1.574010075575602574e-01 7.414457239513567999e-02 -3.205269736207261300e-01 6.998305705229326823e-02 -8.171536208428526252e-03 -1.506272037531432573e-01 -1.783507645534480879e-01 -2.182051766514403746e-01 -2.879855445442984219e-01 -3.319808988644404879e-01 1.149851574795136971e-01 -3.614345925335126219e-01 -1.106954615715141643e-01 -1.863533108037678312e-02 4.662770848175341702e-03 -2.145171917073198931e-01 1.407274272790685343e-01 1.850414555597186261e-01 9.529129648383122264e-02 1.161684150923224801e-01 6.275908805848359195e-01 6.275855217674719544e-01 5.671740535437908015e-01 2.522781376041781654e-01 2.677933339804143831e-01 1.631410664645935316e-01 2.513117461738387237e-01 1.938258446191950812e-01 -2.415143273585574069e-01 2.434739991067427778e-01 -1.058261845826387465e-01 -3.005135740781791909e-02 1.454550899274568709e-01 2.107746831225444095e-01 1.726380311446501503e-01 2.346786945912717470e-01 5.546016235396985516e-01 5.652303414370033474e-01 8.775268234372465836e-02 1.756268786014633931e-01 -1.454677631695440732e-01 2.921252118056406610e-01 -1.380405758297670316e-01 -3.909714484681410251e-01 -2.564674970956042910e-01 -1.468035762255886501e-01 -3.210958758820859904e-01 -2.324263180882997770e-01 -2.212445811537157581e-01 -1.033309060512152405e-01 -3.016082223628553383e-01 -1.613572318605248079e-01 -2.609870486178275106e-01 4.565521080282633481e-01 2.025169637025562019e-01 2.185752584569648493e-01 8.051081041697069618e-02 -1.685282675605727087e-01 -2.951017628681917859e-01 -3.121588824491282055e-01 3.111197163161201831e-02 -2.625126745646877424e-01
5.106270755860713856e-03 -5.211995757354807857e-02 -2.968673271351005005e-02 -8.522058339035418206e-02 1.162163948045996931e-01 3.656223119563210000e-01 -1.745087328146731342e-01 1.549322662739401613e-01 9.774082182901679128e-02 5.589984615635085197e-01 5.485696081324482609e-01 1.000000000000000000e+00 3.106974701353743540e-01 1.445734930985493605e-01 -3.688063692006161159e-02 2.311273583688106814e-01 4.390652979359690455e-01 -1.552950867016202746e-02 2.736234945771960358e-01 -5.356358119261186435e-01 1.370090722055598287e-01 1.533188414517813181e-01 1.760529930601901494e-01 2.084171149852730998e-01 3.483855059651866370e-01 3.564026617655119966e-01 -3.623752816766051543e-01 -1.303759353818256805e-01 -3.265474509056871533e-01 1.318982907808480542e-01 4.271299619471667641e-03 1.622942176052985797e-01 -2.081676675652916753e-01 -1.062042777170240371e-01 -2.806800323979457001e-01 -4.508521828209825499e-01 -4.260251533675106228e-01 -2.336303617588566250e-01 1.087524238357616829e-01 -2.261589777249375655e-01 -5.070277091832660066e-01 2.326705805848993114e-01 -1.766107336301064173e-02 -2.642270239995676007e-01 -2.065498238404540610e-01 -3.930054724075895400e-01 -4.052665536278988734e-01 -5.266610488917254917e-01 -8.944726803395545989e-02 -5.104146464165991715e-01 1.023372747223898205e-02 -2.270521672879940653e-02 8.611000637780404088e-02 2.606325912569904674e-02 1.464490007110603731e-01 1.670399066549615730e-01 1.399409084816150284e-01 1.327722123645730667e-01 4.771069218055941641e-01 6.259581140703499580e-01 7.138579232055498602e-01 2.863133716866479994e-01 3.498431872752367222e-01 2.479213270135441627e-01 3.164240140030488702e-01 1.514469346801183558e-01 -3.265612006886694507e-01 4.973122756513668197e-01 4.085647743254793712e-02 3.190411172971564097e-02 2.317702689601145241e-02 4.293390159064734979e-01 2.075190141396162924e-01 2.495490945438149644e-01 6.333817447912306609e-01 6.206273912407410664e-01 -1.678217890545925794e-01 1.401455114423394432e-01 -5.553862854018994100e-02 2.237769806290870467e-01 -2.210117575150228331e-01 -3.731340397511092033e-01 -2.753283062813822735e-01 2.391083667879468320e-03 -3.850501928069297031e-01 -2.020764419043466209e-01 -3.828175850933646096e-01 -1.871651151207970876e-01 -5.040848315428132498e-01 -2.621434566195929294e-01 -2.578879669094019111e-01 3.289043917021797214e-01 3.364024028069942940e-01 1.491813901131685272e-01 2.777009675782358272e-02 -2.927507060800285665e-01 -4.101388023965212293e-01 -4.819095151808194810e-01 -8.434272272676811288e-02 -4.112042645563412924e-01
-1.694239870655216140e-02 -3.123857806002055745e-02 3.674888968098006248e-01 7.799045624104926355e-02 1.716953945930401182e-01 4.893439121401117475e-01 -2.443133220208527911e-02 5.551763295147746913e-01 4.963619266198026625e-01 4.784205590693016985e-01 2.590617016784209081e-01 3.106974701353743540e-01 1.000000000000000000e+00 5.840092806226486744e-01 2.460210905006492699e-01 1.292990856310588521e-01 6.506918759473016012e-01 5.004957101636726691e-01 7.330586349094767584e-01 -3.316120396671155546e-01 5.688331908774791890e-01 5.628500529738362790e-01 3.359406219986824649e-01 -2.557613842007668836e-01 1.190107057218033754e-01 -2.567343697185037743e-01 -5.386448113632197332e-01 -5.785981390852658057e-01 -2.493485075129859008e-01 4.424078076731092352e-02 -6.500343441928119192e-02 -8.302552867267780357e-02 -3.963332308732001041e-01 2.540495462609525523e-01 -3.289908318859823266e-01 -4.088643641524189465e-01 -6.246857773099591116e-01 -2.894092230148666012e-01 8.213489439868201791e-02 -2.783199876530514927e-01 -4.656861105581792115e-01 -1.768398355953551548e-01 -5.669819977724928073e-01 -1.669456285639160098e-01 -4.429566747399106275e-01 -4.317834458684493004e-01 -3.938859954706612765e-01 -2.341132128777807242e-01 2.131955577398701451e-01 -4.342235554548297127e-01 8.304491056560782403e-02 9.860982719798255802e-02 5.040006059131931643e-02 1.229975065533669698e-01 5.046463522132761392e-01 5.743345847496800216e-01 4.299846315703360622e-01 5.643159301224676128e-01 5.534766010757720123e-01 3.168504360233457828e-01 4.946361782472600832e-01 9.033605653719591899e-01 7.709034460900666685e-01 7.836541778037610095e-01 7.398438516101926155e-01 6.966597748914211685e-01 -6.697295837910951372e-03 6.557752175301460040e-01 2.018582266359558453e-01 5.562316853590215660e-01 5.831380799199740173e-01 5.813529976107251196e-01 5.474652597010288835e-01 1.182846749839822353e-01 4.221717427996592997e-01 -2.172872737690896214e-02 -1.987524735228028139e-01 8.032864672454044508e-03 -9.318832527072239136e-02 -1.482508702721956617e-01 -4.326987106198235677e-01 -3.061652331456071741e-01 -5.204711650091389252e-01 -5.393122852023980035e-02 -5.614842406894725579e-01 8.834819088310745527e-02 -6.137810900885415366e-01 -4.540439687660482448e-01 -2.389242777954924402e-01 -4.279669552775676178e-01 -5.108336329568278211e-01 4.277559967607322267e-01 2.814418801645235946e-01 -1.522362249742902074e-01 -2.792628929694959683e-01 -1.124649771476829985e-01 -5.008019711597970769e-01 1.165622172777245821e-02 3.207476001674203769e-01 -2.967039085338211146e-01
-1.979637622970643607e-01 -1.651479177804153764e-01 2.089162134348245548e-01 -1.420276936662973333e-01 -1.053975863204583419e-01 1.929165228582609970e-01 -1.259807504546217594e-01 2.062789778190156353e-01 2.514081799955960039e-01 3.070751429469946170e-01 1.663722079565323753e-01 1.445734930985493605e-01 5.840092806226486744e-01 1.000000000000000000e+00 6.466644596679342882e-01 -1.210073037363873644e-01 4.887178619491460707e-01 3.379931442875088177e-01 6.777298048152710086e-01 -7.147457003737640868e-02 5.447697302170709799e-01 4.690408168808065659e-01 5.432557269907469788e-01 -6.329594057234733118e-02 7.696922866187660972e-02 -1.504366674629320777e-01 -1.971727698455074396e-01 -1.353805169334771630e-01 2.025440797034703810e-01 2.811028613102633522e-01 -1.686696193623959394e-01 -2.682111634959105095e-01 -2.909338916579592982e-01 1.763237558531297045e-01 -9.894638051360042652e-02 -2.744363497552319009e-01 -2.186052076880367345e-01 -2.302642012652064418e-01 2.036789252941027112e-02 -1.381159923121576538e-01 -1.929590558265283085e-01 -2.630752165189986225e-01 -3.591960209459114650e-01 -1.408229791455284548e-02 -1.941537193852773124e-01 -8.293517324813808045e-02 -1.968113984620496401e-02 6.419126809658816379e-02 1.182978683956515953e-01 -1.598659105910175959e-01 -1.063813958875523408e-01 -3.520386704234997749e-02 -1.664718452101596191e-01 -5.897746581382245362e-02 1.809521756422391436e-01 4.003751411753118661e-01 9.338439283171298677e-02 2.978061274279409365e-01 3.786833717891498474e-01 1.769193305742697286e-01 2.373944355322522848e-01 4.951123014125131672e-01 5.698208759164823389e-01 6.147972565731815164e-01 5.546311359621535209e-01 7.403721208280460431e-01 -1.310480318527155325e-03 4.021437221879660684e-01 9.041894812570117068e-02 2.816506987502822579e-01 4.867799526975711277e-01 3.990238083041412476e-01 5.110985556569244137e-01 6.668894209717982080e-02 2.350477571146609712e-01 -1.052060269863465403e-01 1.260331902235055090e-01 1.964912833340181353e-01 -2.872372656007630143e-01 -2.946589619680402006e-01 -1.752027648236133550e-01 -7.336133596131054480e-02 -4.183464438984951239e-01 -1.204895638708535083e-01 -3.492974080984892482e-01 2.549061151674241188e-01 -2.650601507703231885e-01 -1.343758462764904071e-01 -7.822653883324014179e-02 -1.687816581291658458e-01 -3.721399031515550404e-01 1.905708720058359174e-01 1.518129254117291105e-01 -2.004152288265293735e-01 -1.530988024828866534e-01 -1.518819701493249186e-01 -2.357701453414009496e-01 1.465618563766065974e-01 2.024739539571116798e-01 -6.174141015091622747e-02
-1.789187972379486791e-01 -6.999836219134805693e-02 7.642302366389244761e-02 -4.942975091980909841e-02 -1.682649176868351859e-01 -7.901541583223097021e-02 -1.655913659879661437e-01 -1.021962152068937590e-01 -5.960781441777682904e-02 7.810983029161183699e-02 1.553324998849008876e-01 -3.688063692006161159e-02 2.460210905006492699e-01 6.466644596679342882e-01 1.000000000000000000e+00 -1.354676472457786718e-01 1.231392660366493613e-01 1.046221996019417039e-01 3.410639388045124121e-01 2.296249914137193093e-01 5.259665416972382213e-01 2.762449544145422764e-01 5.205903950369934474e-01 6.755857968061525221e-02 3.520265526414260993e-02 9.070270802906227336e-02 1.043015792481014337e-01 2.197482815523923161e-01 5.267453521318583576e-01 4.383300786329993870e-01 -2.741490821095342034e-01 -1.965216353204773947e-01 -1.043212342937484688e-01 3.954279422100043934e-02 1.141621618394477178e-01 -8.643872067958095762e-02 1.700783945363416316e-01 -1.198349147656220942e-01 -2.068472623599143523e-02 -7.892212264829091828e-03 -2.515563245041209373e-02 -1.999383529835395412e-01 -8.460336752210088906e-02 -1.055627614166890493e-01 -7.954285581984635312e-02 1.159163784783923401e-01 1.551938720841976038e-01 2.930974910834271974e-01 1.047938413994568309e-02 -1.000092324962046156e-03 -6.069494485729837185e-02 -5.687498471005359574e-02 -2.128273200947105592e-01 -1.613725812530366899e-01 -6.135170530456418581e-02 1.232795517561016407e-01 -1.914332056087334200e-01 -1.188870593099751807e-02 1.158128061517379043e-01 1.324561742926965435e-01 1.188487937456157717e-01 1.480815285703183659e-01 2.763233948065602630e-01 2.697765957651638846e-01 2.449988032300510488e-01 6.502111386598964371e-01 -1.805310047363654635e-01 2.332915937629176373e-02 -1.582173371579873727e-02 -1.098547758335097040e-03 3.822641678513431507e-01 4.271796898712983820e-02 3.759511148341424525e-01 3.173229026670808944e-02 1.089949801021515008e-01 -8.376226201879850841e-02 4.182875216903604865e-01 4.906362887680285056e-01 -2.641402353307489292e-01 -3.187933148153594409e-01 5.519857255071353858e-02 -7.850927485795219929e-02 -1.949542011127220476e-01 -1.081669756076396594e-01 -6.238113958597531206e-02 2.152516680725901632e-01 1.079021443720511592e-01 1.573252857481837741e-01 6.616652948345179419e-02 -7.116962224276851545e-02 -1.511788261021349555e-01 -1.071418667971901217e-01 2.940718518383928989e-02 -1.572951741440852258e-01 2.013397065026860736e-02 -2.194864597519865235e-01 5.007339283862703716e-02 1.641356240962509871e-01 1.279724367035479059e-02 1.834973949864723147e-02
