1.000000000000000000e+00 1.159390488802299057e-01 2.754555852019169859e-01 2.425513220979870765e-01 4.768133051776172679e-03 1.144056317703583542e-01 1.244884440171811490e-01 2.438171828002408670e-01 -6.090200931189945766e-02 3.738430116689211435e-01 7.620816175525502167e-02 1.077528315598329373e-01 -6.171392035959562955e-02 -1.696470605011844990e-01 -2.370014203225642713e-01 1.102876259293947142e-01 -1.265308216583747591e-01 -7.178309220329956442e-03 -2.065896251023304764e-01 -2.624204568065557353e-01 -2.273725532852674536e-01 -2.120358227268289708e-01 -1.697660449932593407e-01 -1.358804419621889858e-01 -4.161220199104367912e-01 9.477955002245357086e-02 -1.965828391955083687e-02 5.135845475051383641e-02 -1.648874216929784864e-01 -8.265431110994210517e-02 -2.122153404874974891e-01 -3.081129235641023867e-02 -1.477079327676095524e-02 -1.010945563850022405e-01 -1.690499544772932072e-01 9.861518540739949018e-03 -1.203147359512503900e-01 3.278201010441008645e-01 1.578985411409742912e-01 -1.860842083275413006e-01 -1.434161954545472815e-02 1.538692544987496080e-01 -1.477239340811403456e-01 -2.074246813436843306e-01 -1.320667510516657928e-01 -1.812866048893065352e-01 -1.631484537453829764e-01 -1.455323826738475490e-01 2.056858216144910600e-01 -5.952195273947101517e-02 2.778664953628391943e-01 1.228965467422397373e-01 7.764403509175962260e-03 -5.394231391086614508e-02 1.814362174253756899e-01 1.149355831833359931e-01 2.715079117254816099e-01 -1.058267661871376518e-02 2.020008329299992009e-02 3.357911620318808077e-01 8.085549484629002415e-02 -1.874071003077005526e-01 -1.843229616050947872e-01 -2.150660573557132693e-01 -3.283131861411866526e-01 -1.864331410215480100e-01 9.742564809631061584e-02 -1.471794193153478092e-01 -3.873757767977656918e-01 -8.932138742005518717e-02 -2.842714284347888642e-01 -1.508474503761034480e-01 -2.149627196826467690e-01 3.832596258265750233e-01 2.816182755939423878e-03 1.231420123826775653e-01 -8.012748631368914187e-02 -5.222295316290293671e-02 -3.162344896683509377e-01 1.491714120969117770e-02 -6.637725475920362717e-02 -1.600970606928419637e-01 1.431754838140403621e-02 -1.971913562333358350e-01 -5.979941838422755951e-02 -3.087891366428194839e-01 -1.306557570366870813e-01 9.892752961626229136e-02 -7.833795129578904892e-02 7.674594227883869968e-02 6.277607354759404124e-02 2.199470184391637551e-01 9.735285025477972976e-02 1.406386568201115905e-01 9.634873941877065973e-02 -3.627481529595419363e-02 -6.230137301870020128e-02 -1.582633330272764094e-01 1.217001171312713376e-01 -6.860656332293890713e-02
1.159390488802299057e-01 1.000000000000000000e+00 3.982389263820458325e-01 7.126435799450535624e-01 7.001937490133841591e-01 3.088434843146025122e-01 1.904160100244859932e-01 4.891771728922457707e-01 1.719442819697537539e-01 -1.298675338770025334e-01 -2.296211771401878710e-01 -2.773203337500436683e-01 6.279477941143069009e-02 -1.793029420317405753e-01 -1.173808210234740385e-01 4.715379635531786184e-01 7.691956991058407356e-02 2.464480031853054087e-01 -1.064235767693308132e-01 -6.567009359145369041e-02 1.187186417746873557e-01 -8.116984340080932170e-02 4.797775364861068398e-02 1.363409043212536476e-01 9.479200164371295867e-02 -1.327614950226656265e-01 -2.016990910550781890e-01 -4.154061812483974409e-02 -1.688943852306857840e-01 7.313186072486048406e-02 2.345761489135888764e-02 2.876598905992753252e-01 3.952065015931167657e-01 -1.920730849892225423e-01 -2.837159336407889532e-01 -1.927579176191220045e-01 -3.038745192330811751e-01 -7.127537382778283657e-03 2.428592581481098332e-03 4.753171039392077579e-02 -1.814158830438991066e-01 -4.973709543187466164e-01 -3.071317443658613255e-01 -3.671956032591076891e-02 -2.481562118258900107e-01 -2.964048315836746994e-01 -3.293877290188031992e-01 -4.517574082463433616e-01 -5.843630479339206180e-02 -2.885214781822046937e-01 2.848951503817674924e-01 6.101170004942956249e-01 4.246782813525452061e-01 5.602009325264610817e-01 3.027122851486599431e-01 2.283309347250896126e-01 4.146256789948705168e-01 6.034154962632772012e-02 -2.789081437595367086e-01 -7.203310477738376905e-02 2.056822118719087988e-01 -2.357070701696094839e-01 -2.075848228669769646e-01 -2.218392759667991709e-01 -7.096178339563789794e-02 -1.974863340999792882e-01 -1.689977810206931830e-01 -2.628040023320134533e-01 -2.879919815892849067e-01 9.585904962946494023e-02 2.392544900663507237e-02 -2.917741139469693379e-01 -3.657210667934283066e-01 -3.407885076105510724e-01 -2.457048305330057358e-01 -2.120936904225654424e-02 -2.140511398114078312e-02 -1.144935151412414392e-01 -2.054747530134443390e-01 -1.408671909969930747e-01 -3.009012924383795973e-01 -4.605365742211789404e-01 -4.151893742569222057e-01 -2.101569967286053553e-01 -1.594052471594699649e-01 -1.811089745270198503e-01 -3.032858761988844742e-01 -3.524322010236261016e-01 -1.016063463568733921e-01 -3.499921164505961357e-01 -4.456215431740225830e-01 -1.753052941480527371e-01 -2.591283016901204106e-01 -4.572175070651008921e-01 -2.846753207748335401e-01 -3.083146685943446985e-01 -3.634656730537713099e-01 -4.603004086216016533e-01 3.503735879243092405e-02 -2.507704669257678209e-01
2.754555852019169859e-01 3.982389263820458325e-01 1.000000000000000000e+00 9.775822177987401884e-02 4.132158477321736800e-01 7.587177709844900031e-01 -2.595066135694011969e-02 4.953524440060492195e-01 5.607971475815295426e-01 1.194063337556387494e-01 2.679084208710182380e-01 2.299277824308064086e-02 3.363182844922366077e-01 1.734944825862028694e-01 7.212142750774773459e-02 -1.533688067592490004e-02 2.346964148728613864e-01 3.444211164248369705e-01 1.949101829536677433e-01 -2.265140994033271529e-02 1.985392449994399511e-01 -8.737753132112859034e-02 1.461883422892214790e-01 -7.410712341136328762e-02 7.687494040660342032e-02 -1.006259710871479779e-01 -3.317103910137795819e-01 -2.857630154358447028e-01 -1.446033639458953191e-01 3.475199486755545242e-02 2.789582550371371220e-02 1.046437597200980257e-01 -1.211012397718841810e-01 -3.239633421836791288e-02 -2.068373655940687894e-01 -5.970334212335606794e-02 -1.141799476655058765e-01 2.409757348301862778e-01 -1.040968639798021717e-04 3.017137316382412573e-02 -8.989976699668413007e-02 -1.198870680602696637e-01 -2.247039707366376982e-01 -2.035364223815561147e-01 -6.949072280095998366e-02 -2.777014001394165210e-01 -1.367823015790478880e-01 -2.961789057336229325e-01 3.371006020524155988e-01 -8.501331829611559476e-02 1.895511088727623306e-01 6.100635620231977807e-01 1.774290897934888145e-02 3.548172694354637113e-01 7.125037568998365822e-01 6.700148431380510416e-01 3.047307582589280361e-01 5.522483032434162276e-01 -1.115442567207437369e-01 2.091567706941694638e-01 1.111559967481112327e-01 1.576666255637894087e-01 1.377775623998118426e-01 5.664002287326702634e-02 -3.153553142312948837e-02 -4.036753920001510954e-02 -1.569110643022672003e-01 -3.212245025531662579e-02 -2.422496450475329355e-01 3.104322164704579889e-01 9.515098279278463855e-02 -1.562266568722006921e-01 -1.570180132528890549e-01 -6.007649271635841920e-02 -5.272988415461024592e-02 -3.852650014288201263e-03 -4.353371868521636184e-02 8.099545452518058797e-02 -8.887272660116148082e-02 1.185852330051628649e-02 -2.391484261636502573e-01 -3.439878487635529281e-01 -1.935731753809294409e-01 -3.209959691543831095e-01 -2.499750404874440946e-01 -3.714880128136248127e-01 -1.373910046938088547e-01 -2.066428834838252848e-01 5.189617206870553862e-02 -1.742821422733262238e-01 6.440646916694488071e-03 1.137969243834508065e-01 -1.488654223036944835e-01 -1.412891676103375793e-01 -1.572297148556570934e-01 -1.867274814321636112e-01 -2.529739878141084031e-01 -2.330308805308907993e-01 3.330500789751099089e-01 -1.092556167097965547e-01
2.425513220979870765e-01 7.126435799450535624e-01 9.775822177987401884e-02 1.000000000000000000e+00 5.116630750736999023e-01 5.555094636894033350e-02 2.019901950227517284e-01 3.777219345112814430e-01 -8.447934220948902229e-02 -5.205899008281156953e-02 -3.323341265978549397e-01 -2.226984811809839537e-01 -1.579327631552673583e-01 -3.993845707619085861e-01 -2.914972019385655977e-01 5.164846676757099964e-01 -1.016160588682894356e-01 1.159876709905269115e-01 -3.236058645996573446e-01 -2.351360367875208746e-01 -8.695640842662592795e-02 -1.534227194499344915e-01 -1.419908646191926915e-01 9.846456401723016616e-02 -4.950043427452996414e-02 -7.829464849252816896e-03 -1.189659959799529154e-01 1.291817437770179933e-01 -2.763065223693640937e-01 -4.298510595427164349e-02 -1.206891846280307851e-01 3.306016914092560488e-01 4.523800706634100721e-01 -2.597113577333209911e-01 -2.738731640668500278e-01 -1.595719383318618956e-01 -3.480684376550374215e-01 5.802712180823755422e-02 5.641620999608898401e-02 -9.584406121390931510e-02 -2.340915731442740066e-01 -3.545768685786006569e-01 -3.076837450327588042e-01 -1.163408693428723273e-01 -3.669520914236932829e-01 -3.536016529027243838e-01 -3.996596369484017863e-01 -4.144049554401469937e-01 -1.188783584421188033e-01 -3.257100424559995488e-01 3.185171458267641031e-01 3.915308552970667155e-01 4.876096965852133591e-01 4.789745241389838371e-01 7.269117950898534852e-02 1.668387597595884578e-02 4.531677737377605708e-01 -8.941625803666000682e-02 -2.323260936092288176e-01 -7.791744361294553924e-03 2.190529327523205172e-01 -3.626543655114757292e-01 -3.852199556198365737e-01 -3.503537144324010977e-01 -2.651219007042048825e-01 -2.830575796898861518e-01 -1.223270699744561096e-01 -3.432453816404970048e-01 -3.363119216845133486e-01 -6.841086571204342548e-02 -1.597633141190265282e-01 -2.905647947177973367e-01 -4.107931234101287465e-01 -2.005576214008835401e-01 -2.427873010255712782e-01 9.652163862109658030e-03 -5.648482188628031753e-02 -1.875099858551337872e-01 -2.900491853350904981e-01 -7.046359447753132443e-02 -2.320425095784073577e-01 -3.603262804675024800e-01 -4.165232584902377466e-01 -1.088146683753774824e-01 -8.538561231501556881e-02 -2.569721462416539315e-01 -3.160365460623012490e-01 -1.668497096423374459e-01 -1.955226732339352402e-01 -3.076046719246158245e-01 -4.161199363014170816e-01 -1.799905366888948088e-01 -2.449457237080800986e-01 -3.021691606717133438e-01 -1.990130310370183397e-01 -3.375260858884549520e-01 -3.719043520460510455e-01 -4.373719754017544314e-01 -3.423928777632427589e-02 -2.762521189227839513e-01
4.768133051776172679e-03 7.001937490133841591e-01 4.132158477321736800e-01 5.116630750736999023e-01 1.000000000000000000e+00 4.437515044302612899e-01 1.006401087002749550e-01 4.877099604928632481e-01 3.650750412680141554e-01 -1.538585970653103541e-01 -2.099209521358262331e-01 -3.283842310871225023e-01 2.344877028750706194e-01 -7.091996757920442096e-02 -5.181779798006798388e-02 2.853788278524466149e-01 3.095713103265472221e-01 4.393050035645536533e-01 8.371604644154037600e-02 3.173954623165898409e-02 1.652296928964641365e-01 8.915363002134227277e-02 1.158039750855733296e-01 6.247921867558105941e-02 1.971394260644203367e-01 -2.247502589632016379e-01 -2.839670268641838469e-01 -1.220340941696521353e-01 -1.086102269214963556e-01 5.461846739455086114e-02 -7.446156120590635696e-02 2.818518358709883320e-01 4.422200229945800753e-01 -4.270132157136471290e-02 -1.875868808480243288e-01 -1.300256582064132083e-01 -1.866603542764029844e-01 -8.769935176652546294e-03 6.256670388897478657e-05 1.588527433283948853e-01 1.605987031805686466e-03 -4.472084828487710717e-01 -2.575911610401442897e-01 -1.281275441982843710e-01 -3.838815873380438393e-01 -2.313069334826755863e-01 -1.325382687855613251e-01 -2.903583159818499126e-01 9.204771683682905214e-02 -1.027269045421358301e-01 2.958269907118168951e-01 5.856124975822682988e-01 3.206705960221091778e-01 5.388924042720811824e-01 4.507458936572237285e-01 3.515432776455580943e-01 3.372778368995078546e-01 1.994581266235256889e-01 -3.874091069834520451e-01 -1.941500932215498854e-01 2.400008547663379233e-02 -1.408383164256241937e-01 -6.771100143406252880e-02 -9.090180219673406337e-02 -9.823431884211315801e-02 -1.817095243262563387e-01 -8.460101614821793903e-02 -2.002523790350984045e-01 -2.443345969094975478e-01 2.151724835887829090e-01 1.813372609960237775e-02 -2.474796186549029497e-01 -2.275263980845329548e-01 -3.440539946048725151e-01 -3.514941783817021603e-01 -1.907575232635330131e-01 -8.496256912196582800e-02 -1.971297290962012450e-01 -2.479435471771229971e-01 -2.491164072315937561e-01 -4.141497425716048064e-01 -3.597799791112264445e-01 -4.574172836491647853e-01 -2.290124363102373217e-01 -3.460327602240287903e-01 -1.586907973135022465e-01 -1.968967985504508633e-01 -4.401926109387875874e-01 1.796553380097241654e-03 -3.300177926622940849e-01 -4.042778152070981013e-01 -2.838749974925039998e-01 -3.519954299517164542e-01 -4.802856310709790466e-01 -4.094019063774027578e-01 -4.197277423090864934e-01 -4.090797629391088597e-01 -3.489835757813931072e-01 1.883482165372622752e-01 -9.145396747131356863e-02
1.144056317703583542e-01 3.088434843146025122e-01 7.587177709844900031e-01 5.555094636894033350e-02 4.437515044302612899e-01 1.000000000000000000e+00 -2.890533205066062473e-03 4.655375029941437592e-01 7.158218138757883597e-01 3.114711697364578452e-02 2.146992675691188068e-01 -2.681384231175897720e-02 4.349189959200449040e-01 2.309345809826074125e-01 1.693114035059458400e-01 -3.859637735909811351e-02 2.771260429936818204e-01 4.213009861486908258e-01 2.865837625341711159e-01 8.743459969468313220e-02 2.847252245175604379e-01 -2.719199328786466377e-02 1.681163265205446455e-01 -1.056451785172362184e-01 2.262232072774909286e-01 -1.859853891254268921e-01 -4.031245959169734161e-01 -3.732398722212482145e-01 -8.041128943927881856e-02 5.545623675745919683e-03 8.000002486773090393e-02 2.155570983917665384e-01 -3.533935995532286323e-02 5.816584711656256138e-03 -2.102595436395491013e-01 -6.594972282280014975e-02 -1.072535048108572420e-01 2.704102545734858865e-01 -1.727764252132621761e-02 1.735220307838648557e-01 -1.594146040835273462e-02 -9.588345824606568646e-02 -1.712441121939651256e-01 -1.203186829647372585e-01 -3.028102344880487240e-02 -2.455527117368761225e-01 -2.351877076532915903e-02 -2.593802767478367022e-01 5.302308619430698977e-01 3.887200269564271976e-02 2.228823824651793850e-01 5.742453365335306037e-01 1.899819193678983428e-02 3.775310987980904920e-01 7.311847280355452394e-01 7.392150979986865655e-01 2.379037868581165283e-01 6.870160180168974895e-01 -1.997347513338902092e-01 9.671824970155760981e-02 7.106832777358852715e-02 2.525133504464584511e-01 2.505855608645620181e-01 1.481055961772587137e-01 1.757405641010601621e-02 5.755392643912760585e-03 -4.111252675801896350e-02 -2.887954259734455340e-02 -2.645048026366983440e-01 3.932145876913537563e-01 1.532036284428736905e-01 -1.695003133873671797e-01 -1.288095057268408006e-01 -8.138149947267327156e-02 -1.573675985929261500e-01 -1.447608116152255264e-01 -1.219799303945829083e-01 2.004899973550994252e-02 -8.249412902035702100e-02 1.221066974219155166e-02 -4.118920777366265051e-01 -2.897260281306826557e-01 -2.923843211567586642e-01 -3.903626500470157579e-01 -3.833801022151532290e-01 -3.610227294904225781e-01 -1.163329228390905384e-01 -2.703524833431433794e-01 1.243793273148005724e-01 -2.350487847627399651e-01 -3.145182859399982267e-02 1.782676491028481122e-02 -2.627797632246707815e-01 -2.207082756184277628e-01 -3.171648368111359972e-01 -1.955839345122924455e-01 -3.478536601734960043e-01 -2.194933701960683770e-01 4.902236982401613763e-01 1.555920181609076781e-02
1.244884440171811490e-01 1.904160100244859932e-01 -2.595066135694011969e-02 2.019901950227517284e-01 1.006401087002749550e-01 -2.890533205066062473e-03 1.000000000000000000e+00 2.154591525564174270e-01 -2.137256130634864609e-02 7.249477918677880127e-03 -2.268454492992931504e-01 -2.665288850060788528e-01 -4.338911644551341970e-03 2.063791179025281641e-02 2.055939771221639012e-01 5.414514009489240776e-01 1.162187096928370307e-02 1.235984079867862295e-01 7.986976860310439352e-02 3.128401669681518116e-01 2.034511348722745083e-01 -2.829158024045796971e-01 8.794140015066032046e-02 -2.745320345420531050e-01 -1.440853140942063570e-01 -3.399418088795284620e-01 -6.267325927227009041e-02 -2.846406793112893907e-01 2.249874389706991717e-01 6.624332566597246341e-02 1.074789803179050374e-01 1.614690109686520436e-01 2.695706849357407675e-01 -1.267086786549373179e-01 -2.498762676046445697e-01 -1.604713891183555952e-01 -1.264112747787059510e-01 1.088893418503652372e-01 1.463036801354353766e-01 3.448363717949654572e-01 2.027205183269399635e-01 -2.414260608010312115e-01 -1.609102489300277272e-01 1.536464119719345989e-01 1.453163375072452981e-02 1.297649223778373495e-01 3.539440795879546242e-02 4.278594237958855025e-03 1.418490461569189010e-01 2.089519333846721338e-01 3.534096286098283302e-01 1.478787361267248912e-01 3.794477601503475905e-01 1.482666447636352136e-01 -1.727628060902356225e-02 1.299204777718908077e-01 2.533232875458940603e-01 -3.848262334512696226e-02 -6.860195489822058790e-02 -2.263792158969020127e-02 1.297693177643096303e-05 -1.269381771187672037e-01 -3.347179424668618453e-02 3.395226649924876910e-02 1.279671898242595862e-01 1.209462733930654482e-01 3.984449910347852564e-01 -1.194194313535651836e-01 -2.169757189757674787e-01 1.103519103105371491e-01 1.942392686494336107e-01 -2.692324057050033970e-01 -1.599077921909577149e-01 4.260835976580897022e-02 -2.765615704305932065e-01 -2.895556609909307744e-01 -9.412107435193026173e-02 -8.299484358758663083e-02 -1.972667630167424663e-02 -1.456073675252705646e-01 -3.332350552292713819e-01 -1.589922054761800929e-01 -1.427923070822799678e-01 -3.273895944241940192e-01 -2.956008348545589026e-01 6.051518921846504168e-02 -1.194738577405468488e-01 -3.989137932037672973e-01 3.762998986645783861e-02 7.330155853709788283e-02 -1.290358441826818248e-01 1.436288597727983507e-01 5.483473901622295393e-02 -1.337543754568372434e-01 -2.783030530402063607e-01 6.237421362428470506e-02 8.294999492491543502e-02 -7.561021721608268686e-02 1.352393458216589461e-01 1.839817919524631695e-01
2.438171828002408670e-01 4.891771728922457707e-01 4.953524440060492195e-01 3.777219345112814430e-01 4.877099604928632481e-01 4.655375029941437592e-01 2.154591525564174270e-01 1.000000000000000000e+00 3.763340259760724615e-01 6.425245225127440563e-02 9.464976147057185818e-02 -3.652849306525752376e-02 1.560643073453289731e-01 -3.335381062851072026e-02 -1.589085553804829576e-01 2.525040844553909647e-01 1.174338357592042692e-01 4.542549958471513438e-01 3.560934895156638025e-02 -1.916089007867692595e-01 1.241153853623426333e-02 2.666680310414068847e-02 -1.256976935431901032e-01 -4.487521947660175203e-02 5.946990483242057569e-03 -5.568515877069268351e-03 -2.602937402833855329e-01 -1.599114070768212770e-01 -2.514831699725533776e-01 -7.618488557975662545e-02 1.179016506019638227e-01 3.344789278162051960e-01 2.137202827905350100e-01 -9.829513284756326297e-02 -2.554819859869110199e-01 -1.603846672036879917e-01 -2.854640861422464981e-01 1.989028572592014543e-01 3.930042445407751217e-02 5.158767801608858151e-03 -1.345654726601280271e-01 -5.591894469176297150e-02 -2.259725139230037427e-01 -2.311428278642684714e-02 -1.063029746805028986e-01 -2.622968485734885058e-01 -2.371137918539889533e-01 -3.440743655367445308e-01 1.450817583251754750e-01 -1.527604716075738334e-01 1.249587294319456088e-01 4.757813317503181705e-01 1.453145698847191913e-01 4.376879797184275445e-01 4.337080515605447606e-01 3.225543694281639562e-01 6.623101513668054885e-01 3.915478246933202233e-01 -1.483777108232591235e-01 9.912257063205681673e-02 5.578859300040072550e-02 -5.013797642116216147e-02 -9.647234317395809999e-02 -1.819524850368856028e-01 -2.616759465276022878e-01 -3.183895678139753715e-01 -2.099558574383678794e-02 -2.147925647375308611e-01 -3.434485156110701487e-01 2.578011279529771049e-01 -1.340902798380390615e-01 -1.188054281362235648e-01 -2.889495742089344121e-01 -6.852941849498918325e-02 -1.602765156376435851e-01 2.347860613708460664e-02 -2.298282253578379508e-01 -2.389181012139083293e-01 -2.125364494347925792e-01 6.128075161540796206e-02 -3.418230815049683180e-01 -4.187824468866955252e-01 -4.028118865363162771e-01 -2.660557787262918805e-01 -2.306567107423119212e-01 -3.910508330135875066e-01 -3.547954948042083001e-01 -1.784658467195646692e-01 -1.316696396530524782e-01 -2.613373686523755013e-01 -2.426924728607384729e-01 -1.149701134334818603e-01 -2.040191868611985204e-01 -1.137946599313553742e-01 -2.630704199119421882e-01 -1.648507853288607994e-01 -3.755094818853753624e-01 -4.246250776979664798e-01 1.454127184723685851e-01 -2.016630720904769858e-01
-6.090200931189945766e-02 1.719442819697537539e-01 5.607971475815295426e-01 -8.447934220948902229e-02 3.650750412680141554e-01 7.158218138757883597e-01 -2.137256130634864609e-02 3.763340259760724615e-01 1.000000000000000000e+00 3.454221696202258024e-02 1.251205711130462250e-01 -1.154351352780320500e-01 4.416602601125310112e-01 3.282272201003777479e-01 3.040672294706213141e-01 -1.006533466396042492e-01 3.248066914001468963e-01 4.133027096536216471e-01 3.817271773566897619e-01 1.487590923504668872e-01 4.216864926002081848e-01 1.600764298506012484e-01 2.881773193182111115e-01 -5.893534615735534360e-02 3.304785198532436685e-01 -1.418819871267034127e-01 -2.321139191986346106e-01 -1.763695814558135511e-01 6.434326792822130103e-02 9.270095322488977607e-02 3.656728626031374024e-02 9.621390095993342939e-02 -2.836468065160711871e-02 9.423363993657425663e-02 2.955307906680228192e-02 3.728213064685355349e-02 4.057334631842871714e-02 3.922582585459329779e-02 -1.094332497336020782e-01 2.493190844797573968e-01 -1.964120939281896461e-02 -3.833083020290002640e-02 -1.309291549726086974e-02 -1.222047157920424926e-01 -2.400118155256801902e-02 -1.521782611666353535e-01 1.194413070391919102e-01 -1.092428516947685085e-01 4.183584200164351397e-01 6.365047134092605141e-02 1.527098657899692569e-01 3.364534281327393739e-01 -3.342615964931723582e-02 1.983469530508424894e-01 4.740110337583319788e-01 5.839959680454476221e-01 6.822774530510641866e-02 6.592013290392637614e-01 -1.987472603536064308e-01 -2.589208968968393981e-04 7.340012893917684245e-02 1.768082693131190486e-01 2.971327586672888321e-01 2.597416447608841272e-01 1.086865500975280618e-01 1.276383539479947204e-01 -1.583370884668222345e-01 -2.772034320626692860e-02 -1.535225939345016277e-01 3.578439507189487001e-01 2.354309790104141265e-01 -1.431372376302850746e-01 3.122963812076632803e-03 -1.842583697834107859e-01 -1.767323515037402815e-01 -1.242458920580543774e-01 -3.970884712183851695e-02 7.512951565307847412e-02 -7.397643547747298487e-02 -1.727382397679001758e-01 -3.626524956359493124e-01 -3.154380506462983735e-01 -2.938443877126460935e-01 -2.216712089830838450e-01 -2.737834441053173529e-01 -2.105613356471393027e-01 -4.675136482817333211e-02 -2.165994326710590223e-01 9.545046828301421982e-02 -3.454467729392120545e-01 -8.392016192210453862e-02 -9.982338061429735232e-02 -2.797758128564760693e-01 -2.253704526987082846e-01 -2.494595735147190907e-01 -2.597276413656079974e-01 -3.012101584399328180e-01 -1.877803545684310349e-01 3.180911241665134170e-01 -1.386616058463301278e-02
3.738430116689211435e-01 -1.298675338770025334e-01 1.194063337556387494e-01 -5.205899008281156953e-02 -1.538585970653103541e-01 3.114711697364578452e-02 7.249477918677880127e-03 6.425245225127440563e-02 3.454221696202258024e-02 1.000000000000000000e+00 3.177044318435359171e-01 3.599620785072475959e-01 1.687149024047468193e-01 1.197858931528714005e-01 1.203562214967771188e-01 -4.064801936950097200e-02 1.978488024667786893e-01 -3.641928850334131412e-02 6.474771446983434986e-02 -2.028984818576352878e-01 1.194859293560067703e-01 -2.777377271132070499e-03 1.180567618688407733e-01 2.085764176867537789e-01 4.116758123632237309e-02 2.794283386226277255e-01 -1.172461626039351425e-02 1.585062725767880099e-01 -1.650569279704241221e-01 1.229584461475122792e-01 -1.192954688715308770e-01 -3.789780147636103574e-02 -1.700019887163925214e-01 -1.475477911562680655e-01 -1.101776838459621738e-01 -2.757993138964269786e-01 -1.961685130076221140e-01 1.651848024213921906e-01 1.877853970241749881e-01 6.750344676775665853e-02 -1.009234949505856821e-01 2.731318932391310073e-01 -3.782455815843389912e-02 -1.374017603321804337e-01 -1.915229291791451238e-01 -1.785696046710139318e-01 -8.168017836545833632e-02 -1.519341801815728143e-01 -1.158305094446419325e-01 -2.464241932852140882e-01 5.720514020555083484e-02 -9.209878782788220863e-02 -1.175382557866559152e-01 -2.092571817059925288e-01 3.966573307183495628e-02 8.986837076788610490e-02 2.871496477830363936e-02 -2.037049749889413564e-02 3.604138470586089604e-01 3.995912688872859664e-01 2.287555595282105281e-01 5.654733162148851966e-03 5.816743553946760598e-02 2.972710633430787619e-02 -5.999979103952990866e-04 1.520763977373137399e-01 -8.317985693429863492e-02 -7.015599898834411208e-02 -1.733716032436507515e-01 -1.958030913228830105e-01 -3.016202824672198964e-03 -1.621623786201700085e-02 -6.369984464114487877e-02 3.882074115409618331e-01 2.149539807858958096e-01 3.233109950075941930e-01 5.354763014356699047e-02 2.073540406387395230e-01 -1.658747367312145837e-01 -3.484612171421846288e-02 4.126216221877829909e-02 -2.178982724804640891e-01 -1.908295771817240805e-02 -1.589506183731935474e-01 6.520908512098548548e-02 -2.450570371236352463e-01 -2.265961003871641843e-01 1.186290126207455858e-01 -2.214147024187593793e-01 3.387819874669931869e-02 9.256015640662720173e-03 2.348351563178475154e-01 2.322474860147702991e-01 1.423558091491211042e-01 1.172159429872803998e-01 -3.949518313980970863e-02 -3.963487941411540649e-02 -2.075441414649553118e-01 -1.233885174645479865e-01 -2.629324288692242995e-01
7.620816175525502167e-02 -2.296211771401878710e-01 2.679084208710182380e-01 -3.323341265978549397e-01 -2.099209521358262331e-01 2.146992675691188068e-01 -2.268454492992931504e-01 9.464976147057185818e-02 1.251205711130462250e-01 3.177044318435359171e-01 1.000000000000000000e+00 6.903013703982330274e-01 2.494115365259132189e-01 1.734627532349383161e-01 9.453376828229602402e-02 -2.497309479742625127e-01 1.043781050257016618e-01 3.786961029633560075e-03 1.467931178793920322e-01 -2.095988061719021023e-01 5.229030094557018254e-02 1.736716396037431553e-01 -9.582661604671899314e-02 3.002309333976132533e-01 2.181663905310027574e-01 3.885514094714525579e-01 -2.260525105984394212e-01 1.418230372508222717e-02 -1.203534850781308452e-01 3.527326986110690399e-02 1.047863765875444580e-01 -1.558047077165215615e-02 -4.026130500676379786e-01 5.648039013675058839e-02 -3.992322319064001840e-02 -8.760001055463099984e-02 -2.914230815086287993e-02 1.482831668248052286e-02 -1.434803649739220532e-01 5.930827527569614704e-02 -1.911186404579944265e-01 3.878371273707400535e-01 -1.773345032910652805e-02 7.751544060298624569e-03 8.146795294313610714e-02 -4.495123482874033294e-02 -1.353458202405492250e-01 -6.205823323187994317e-02 1.532001763112897375e-01 -1.113808234797723506e-01 -1.905171183310602201e-01 5.930469371785134641e-02 -2.548404423369396432e-01 -9.640185582119219221e-02 2.478069788684761077e-01 1.601024716167760709e-01 9.693833196728325260e-03 2.575938788350305431e-01 3.594227974520401436e-01 4.519571152935040748e-01 1.853058283888491253e-01 4.079172127226638467e-01 2.249823926616547620e-01 1.109473705287384593e-01 1.170387023918627034e-01 6.149115229365484381e-02 -4.409934078686279096e-02 2.074331259714822517e-01 1.649983523971979282e-01 1.116746395761560456e-01 1.012225229332065213e-01 3.466751014027060762e-01 2.475320662582842710e-02 3.006926457260295504e-01 4.366938905825759054e-01 4.712207351612962558e-01 -2.270073038164009335e-02 1.954620157448720974e-01 4.720158612715593532e-02 2.615152434372955415e-01 1.132182356509206789e-01 -8.672310948825766308e-02 8.484228134961672996e-02 5.751861950047476059e-03 7.959835441992826194e-03 -1.970087395521818441e-01 -1.178832001823049425e-01 3.355056369467382393e-01 -1.003156993961535487e-02 -6.347226476103337567e-02 1.294495532809264438e-01 9.154165903025753698e-03 9.566208959311819915e-02 2.015120198757281711e-01 1.555402820669207764e-01 1.606124569905641453e-01 4.168021216569414711e-02 -3.809903398759632853e-02 1.112717311307157841e-01 -9.964424271097435670e-02
1.077528315598329373e-01 -2.773203337500436683e-01 2.299277824308064086e-02 -2.226984811809839537e-01 -3.283842310871225023e-01 -2.681384231175897720e-02 -2.665288850060788528e-01 -3.652849306525752376e-02 -1.154351352780320500e-01 3.599620785072475959e-01 6.903013703982330274e-01 1.000000000000000000e+00 -4.442659343001465616e-02 8.549717410114414731e-03 -4.594878254136831180e-02 -3.310697225070720617e-01 -8.481880225130279671e-02 -2.111218014089806805e-01 -1.072764184073481536e-01 -3.690734470510676490e-01 -1.495249351790398917e-01 3.355400608285919600e-02 -2.091712946511586069e-01 3.339427574016524125e-01 5.377193325202152263e-03 6.209774685189668464e-01 -9.687125225653607508e-02 9.794814575574356530e-02 -2.645122023118623988e-01 2.633224580198938181e-02 -1.146774007625491788e-02 -1.378577972152210118e-01 -4.741872626572770089e-01 -1.088200188082202730e-01 -3.748080401331243400e-02 -4.205458297487763009e-02 -8.276591116868178832e-02 -1.923124628132998060e-02 -9.703677242268807235e-02 -1.521257127298386858e-01 -3.548709846995768968e-01 5.428930666255594728e-01 4.768998878398618413e-02 -7.260409093666252145e-02 2.908678024051253655e-02 -1.317949511145228292e-01 -2.486502287072363537e-01 -8.486348328327254775e-02 2.040254241184433995e-03 -2.473268850588069556e-01 -2.199734703273125980e-01 -1.157325735804910771e-01 -1.781239871107692663e-01 -1.165796285486715156e-01 4.198563672863645652e-02 -9.489659556361820791e-02 2.159017231302759118e-02 9.996336227828643561e-02 4.972357836445518431e-01 4.548912478978136553e-01 2.812173838810875792e-01 2.836576448888241120e-01 1.323721981218565491e-01 -2.522907970546008592e-03 7.243327310925580520e-02 5.515051189522097302e-02 -1.282780526846341064e-02 2.279545197193444672e-01 2.104970450883616728e-01 -3.479353970419196002e-02 6.297382052795107155e-02 4.281312969111262245e-01 3.331433327445186554e-02 4.738772104672842045e-01 6.175688878370255708e-01 5.997218939449351360e-01 2.223254850438382765e-02 2.873346183552042965e-01 -1.265235609737673864e-02 2.860547240678393277e-01 2.746706272596414755e-01 -3.328839914438040670e-02 1.695443325113041855e-01 7.469742348336180782e-02 2.393287520860078732e-01 -1.797715063139391500e-01 -1.520701672089575518e-01 5.302961545820826794e-01 -6.798540191678210942e-02 -1.339475702887034034e-02 1.735935695259507583e-01 8.498552378937528073e-02 2.200076936082999146e-01 3.296984656298529992e-01 3.698692357123166130e-01 1.688831813031440587e-01 7.941901309189222657e-02 5.315382751878688222e-03 -1.748222990939363522e-02 -2.161845537467307621e-01
-6.171392035959562955e-02 6.279477941143069009e-02 3.363182844922366077e-01 -1.579327631552673583e-01 2.344877028750706194e-01 4.349189959200449040e-01 -4.338911644551341970e-03 1.560643073453289731e-01 4.416602601125310112e-01 1.687149024047468193e-01 2.494115365259132189e-01 -4.442659343001465616e-02 1.000000000000000000e+00 5.360069533364896222e-01 4.338524538405636455e-01 -2.493370497159893423e-02 6.675640618608044141e-01 3.551555927962918857e-01 6.192697399335225228e-01 1.874365378103076407e-01 5.100961814721687304e-01 3.277236706526756027e-01 4.643310899863029584e-01 1.019965969668765737e-01 4.483953759458975674e-01 -2.300406301069774784e-01 -1.930907157588372114e-01 -1.474024222964579467e-01 1.944928241461392482e-01 3.069583598953083969e-01 2.071999087822302688e-01 6.142261736767803959e-02 -3.274619542203043715e-02 1.532783959806510721e-01 -4.708158800200385602e-03 -2.705344979201811384e-01 4.766135991926788440e-02 -8.000029362032193281e-02 -2.176369865914641322e-01 4.062325592518668538e-01 7.760620463625013399e-02 -9.702895166541020133e-02 4.505576547268023979e-02 9.704911342260759410e-02 1.046016840613421539e-02 1.589524679427173348e-02 1.846262189765246475e-01 9.917028273369559235e-03 2.819879065153712561e-01 4.415710083862884466e-02 5.154759319519976873e-02 2.668166865881441141e-01 -1.833925965241650080e-01 1.240435899710308487e-01 3.425035600866067065e-01 4.078415620891508442e-01 -8.720666577482328414e-05 2.964051830916315522e-01 -1.874984172743862920e-01 -5.125286582643173022e-02 2.591007639536362789e-02 5.171902723864149065e-01 4.746756390288783822e-01 3.532464196487611896e-01 2.740120558304148801e-01 2.467057892275160702e-01 -7.621612669896225822e-02 1.410516767641277758e-01 -3.023125810484605935e-02 3.419089382140323430e-01 2.532178008646504552e-01 2.323855536690523985e-02 1.894556966297612777e-01 -1.841817791181870612e-01 -1.300327694096327369e-01 -1.173212924521290224e-01 1.139341553914109163e-02 1.430469414611783008e-01 1.918816907312226594e-01 -1.992456078183729717e-01 -3.000881103862406696e-01 -2.394031383194062945e-01 -1.022027381067518725e-01 -1.565771576585469338e-01 -2.998913154593975117e-01 3.059038896023491983e-03 -3.414390800135883031e-02 -3.065118790504264834e-01 2.433450540033894882e-02 -2.051886220030228192e-01 -6.965334283879918986e-02 -1.175999684619683239e-01 -1.311132305433016509e-01 -2.620362126966903626e-01 -2.562584078590563474e-01 -1.911041772471631234e-02 -5.107270183026835220e-02 -9.623961854842426333e-03 2.826449724119691198e-01 6.854070137406612084e-02
-1.696470605011844990e-01 -1.793029420317405753e-01 1.734944825862028694e-01 -3.993845707619085861e-01 -7.091996757920442096e-02 2.309345809826074125e-01 2.063791179025281641e-02 -3.335381062851072026e-02 3.282272201003777479e-01 1.197858931528714005e-01 1.734627532349383161e-01 8.549717410114414731e-03 5.360069533364896222e-01 1.000000000000000000e+00 6.005746743166290313e-01 -1.699270531192532963e-01 5.183625038563727250e-01 9.453720292816766846e-02 7.534251800459609294e-01 2.150492187581200809e-01 5.448496280314667484e-01 1.907230634388114299e-01 5.449969386337033539e-01 -3.197063100306016953e-02 1.708363804211449066e-01 -1.468311104946240508e-01 -3.207245373147559614e-02 -1.673710512988705879e-01 2.236270213399398077e-01 4.760354756203915016e-01 1.659500803036757788e-01 -1.555634376464217483e-01 -2.418841929258856438e-01 9.099013320137115668e-02 6.577937419955225129e-02 -1.906202560902319210e-01 1.252547947182112709e-01 -1.113311444263052757e-01 -1.358525433545339778e-01 2.470428853065235186e-01 7.699565268207152029e-03 4.738041790495994138e-02 1.696894450309206215e-01 7.653745743839501792e-02 2.145556631560791294e-01 1.571410697440060455e-01 2.955210994686194304e-01 4.671519427360044246e-02 1.092827737181306519e-01 6.184142759981837295e-02 -3.263054588322829297e-02 1.110503985324364819e-02 -2.038535674258673547e-01 -1.370895280022233764e-01 1.330034166053396527e-01 2.570837848262572667e-01 -1.640599530839543518e-01 2.219776400150775264e-01 -2.096032075140952591e-02 -4.446584296238111078e-02 -4.628658319363498225e-02 3.582279299423486996e-01 6.565776673465343327e-01 6.306572688862890352e-01 4.826134162923285120e-01 4.963190596044227965e-01 -1.159386575961968008e-01 3.536264536904868416e-01 2.238920000457819415e-01 2.320213530225686827e-01 3.927077257128913090e-01 2.068663293880270426e-01 3.878149855972821136e-01 -3.224520320426389752e-02 9.868886441110558128e-03 -1.315248066504608460e-01 4.612356532708163093e-02 4.240331574500235678e-01 2.099741519985224292e-01 -1.888431633913821850e-01 -1.323906558781423604e-01 -1.086506871326234913e-01 5.922471748749831566e-03 -1.159638370170233690e-01 -1.286629872834145760e-01 2.024459047281058355e-01 8.675961504216311848e-02 -1.536410355948363005e-01 -5.302855846281886998e-02 -7.710942349248955940e-02 9.428949697760041770e-02 6.438600776233027734e-02 3.684623894530294347e-02 -3.931597882443031711e-02 -2.821049479240954685e-02 1.104967672886720681e-01 1.544942395266776236e-01 1.076675173273177882e-01 6.007269962683636083e-02 4.674328361415502897e-02
-2.370014203225642713e-01 -1.173808210234740385e-01 7.212142750774773459e-02 -2.914972019385655977e-01 -5.181779798006798388e-02 1.693114035059458400e-01 2.055939771221639012e-01 -1.589085553804829576e-01 3.040672294706213141e-01 1.203562214967771188e-01 9.453376828229602402e-02 -4.594878254136831180e-02 4.338524538405636455e-01 6.005746743166290313e-01 1.000000000000000000e+00 -3.726535616574758875e-02 3.254697018801618325e-01 5.348461111484079100e-02 5.833622828650693037e-01 4.196683004007474294e-01 7.693938713647608951e-01 6.938862385475733086e-02 5.881244610309216414e-01 1.821762977792772131e-02 3.014160863266212020e-01 -2.264970842544449248e-01 -1.039373271697270062e-01 -1.226919387100236791e-01 4.835899189593674818e-01 4.555631893018807776e-01 1.454324552913072444e-01 -1.057620045395641500e-01 -1.008894290256971971e-01 -8.838190233278689356e-02 -8.953832351369943321e-02 -3.258739347374270956e-01 9.078253877021816298e-02 -2.645968852800698601e-01 -1.150139613401899435e-01 4.892133423478087217e-01 3.257811750289629771e-02 -1.302389117999911416e-01 2.073058891363973102e-03 1.634924226938722913e-01 6.607190776415620970e-02 1.347858527475954971e-01 1.902453179995580446e-01 4.774658410832773731e-02 1.046179684541152788e-01 6.204179428165709081e-02 1.144463925265298415e-01 -5.347526971798099299e-02 -1.076660294671579338e-01 -1.196998244883487189e-01 -1.974344119012059594e-03 3.089722926941081416e-01 -2.781250553230827371e-01 1.227501306131889708e-01 6.148666362204987385e-02 -8.659092114132412032e-02 5.762633809894049386e-02 3.606248760321741909e-01 5.343880354592390747e-01 5.863044102671864932e-01 6.998679240439651394e-01 7.790225578135707707e-01 -3.252714719276180583e-02 1.302801839843755471e-01 1.039901803347716841e-01 1.214184564626345914e-01 6.814355620971116467e-01 1.079714753687234102e-01 2.282926752426417683e-01 -1.090152154104730570e-01 -1.110381078051306675e-01 -1.441524942593597758e-01 2.809287447958196959e-01 4.158948040039015526e-01 1.871880142637578626e-01 -3.141950399968599372e-01 -1.490953980145944269e-01 -1.949763241143318282e-01 -7.743839685953060603e-02 -1.287778684529340689e-01 -1.665757464690680589e-01 3.413528294025054977e-01 7.763734175930442349e-02 -2.751132588227379605e-01 2.644236389352171146e-02 -2.102058654490333856e-02 -7.737757287747391854e-02 5.174623745929443630e-02 7.150035067442396530e-02 -2.111534552644936114e-01 -1.481903298682915038e-01 9.481863338493665139e-02 1.522486197531199015e-01 1.169668151300230774e-01 1.183757431323436138e-01 9.054700179069681554e-02
