1.000000000000000000e+00 -1.352874073111841324e-01 -5.621526940581120235e-02 3.640004420754330752e-03 1.739501539221226245e-01 3.978941233450431630e-02 -2.012666948696064662e-01 -3.407234731509482806e-02 2.411514298658068781e-02 -2.911009536173368994e-01 -1.727557476074942644e-01 -3.168984434798434724e-01 -1.726058600578660451e-01 -1.481513711553437800e-02 -6.952049429500273270e-02 -1.639046586978699649e-01 -5.112486331510740500e-02 1.245063271997851051e-02 3.423515035349169316e-02 6.292179356533175727e-02 -3.092440157035298773e-02 -1.311506636045663143e-01 1.605615444320133631e-02 -1.595115597956187348e-01 -3.338725279858792416e-01 -4.911858660422974143e-02 3.513395908401806267e-02 -1.083356657681040919e-01 -5.140490173349946540e-03 1.596048949930116978e-01 -9.290340916088921097e-02 1.691463306317797163e-02 -1.905187666944295477e-02 -1.117615913026844821e-01 -1.946622140313076024e-02 5.112489816682804639e-02 -2.015908753051531555e-01 -1.928242480829123751e-01 2.263473516004838385e-02 -4.182454818578215661e-02 -1.479948424608948376e-01 7.748312977415494629e-02 -1.348067818364894477e-01 9.720788910650109138e-02 -6.650497821947159646e-03 1.401508638097870643e-03 -8.600884854906389043e-02 -7.057406398001252190e-02 1.494314274747290949e-01 1.851534551369078407e-01 2.179970961729662260e-01 -1.119895574244495970e-02 -6.094902331809413237e-02 2.962220488201284807e-01 -5.751232585893546051e-02 -9.412170652799112247e-02 -5.752460113971077232e-02 2.668258216788878256e-02 -1.359085601069647542e-01 3.091190114747719223e-02 -6.913228993738733397e-02 6.184549566133141357e-02 -5.976413968143545752e-02 6.180960462667373090e-02 5.602507700709526833e-02 1.631457545655860125e-02 -1.373630356225821469e-01 6.664407016302231063e-03 -1.067893763816661068e-01 -1.268184634791782450e-01 -6.465640697210389698e-02 -1.550234960739209078e-01 -8.471224984833937433e-02 -6.072863020996700431e-03 -1.212478628294984123e-01 -2.913646173464546907e-01 -1.931238469742482533e-01 1.072555280580191617e-01 -1.935412066685659738e-01 -1.194122164787010804e-01 -1.413107063109244887e-01 -9.122027157243772777e-02 6.236922343689917797e-02 -3.695380783608054331e-02 -1.116498704499530731e-01 -6.493761700252055624e-02 -3.470441001152070604e-02 7.411015249863553422e-02 1.702686662582265087e-01 -1.395805518588153771e-01 -4.940256092756799278e-02 -2.312804174868853535e-01 -3.910958719676491668e-01 -3.590218357431661927e-02 -8.655598023613961245e-02 4.626588685754642188e-02 -5.805139618900383158e-02 5.767559575703678360e-02 1.450015263926955900e-01 1.027967479435765719e-01
-1.352874073111841324e-01 1.000000000000000000e+00 6.684638349128229073e-01 4.600927401660859228e-01 3.975346640665742837e-01 2.069317014763464024e-01 3.048288101792183680e-01 7.044793258809504133e-01 4.601017256362481822e-01 2.480712391286745699e-01 2.438655922071129509e-02 4.112096702442533114e-01 2.615589549196557506e-01 9.618816250164921589e-02 -4.514528786086907663e-02 7.068536354533567767e-01 2.583571717225103814e-01 5.278650334316254966e-01 2.637851320404186461e-01 -3.212481545049465925e-01 1.584684514824018231e-01 -1.460732124958869470e-02 -7.110772085484041993e-02 3.567978839979595029e-02 4.012048235091543180e-01 2.191420586924359704e-01 -2.401505473504274638e-02 1.395511774273003880e-01 -6.283632368761687959e-02 -2.415381362675186327e-01 3.440426112363197814e-02 -3.405854585290200576e-01 2.016083227227802310e-02 2.520057273278893950e-01 5.244236002119503914e-02 -8.949841375390067688e-02 -3.837076952109857303e-02 1.909281108950494632e-02 -1.814184176916106006e-01 -2.532518491954859063e-02 -1.517859808190671622e-01 -3.476698729710746283e-02 2.768669141268808101e-02 -1.247434352441152278e-01 -1.756770833153687983e-01 -1.326177539310021691e-01 -1.077642673615615554e-01 -2.909848547976595298e-02 -2.728459725805558109e-02 -2.952527888798812672e-01 -4.988422296509794490e-02 6.851299573172050517e-01 3.621330226635766092e-01 3.442594227039104116e-01 5.059730769887471613e-01 3.274651184705010820e-01 6.369055220774852977e-01 4.630387787916930842e-01 2.925130703323858272e-01 2.031783686059841498e-01 1.428887168919004413e-01 1.607815203432529372e-01 1.107060100030307637e-01 1.884906794727773394e-01 1.995674729348521359e-01 -6.658025597617622804e-02 5.174456485097823216e-02 4.234996223771032020e-01 3.838351557753317822e-01 5.685198824313710819e-01 1.435639823867568554e-01 1.212335156601100222e-01 1.441105044944495095e-01 -1.560256586895604758e-01 5.357736896876839211e-02 1.995511623802068979e-01 1.370313570547505022e-01 -1.175934257326298193e-01 6.206458634777643757e-02 -9.987447334603773152e-02 1.329950363567217186e-01 -1.970259519651803432e-02 -3.080660188023945367e-01 -1.370907062789589459e-01 6.973932835850180090e-02 -6.400334741139114547e-02 -1.399589006160912030e-01 -3.348702991726999062e-02 -2.065965452759466470e-01 4.802135642692533651e-02 -8.532666684634149235e-02 1.960222543436521692e-01 1.714809633034716230e-01 2.905457399697877752e-01 -1.653541049123630480e-01 -9.918252028358098826e-02 -1.089734935197076426e-01 -1.716014247454322739e-01 -1.564651024860917450e-01 -1.815843248713235325e-01
-5.621526940581120235e-02 6.684638349128229073e-01 1.000000000000000000e+00 4.186349612601109604e-01 3.834091429497722414e-01 3.940430738092960405e-01 1.703164127361345981e-01 6.488409912711253780e-01 4.263112336241795530e-01 1.214195595919720372e-01 1.218500627576494522e-01 3.327872136381209156e-01 2.639528211795749146e-01 2.638340504265548336e-01 -3.194693233663703697e-04 4.645197819400059269e-01 3.033141457794980567e-01 5.224904740647871026e-01 4.660275741265039740e-01 -3.916189029205655592e-01 9.087101672675726438e-02 -1.365656954308762383e-01 9.842653754166870439e-02 2.352662625033085514e-02 1.796247642087948349e-01 5.751368601715629164e-02 -1.480332911657756545e-01 -1.788561493076223641e-01 -1.571825574065629783e-01 -2.353946092387926570e-01 8.010870902974842611e-02 -1.151342359195308418e-01 -1.991886502375187495e-01 2.857532904585191047e-01 4.931003052047538276e-02 -1.810343768481507409e-01 -1.424280181053032834e-01 -1.338326735278579371e-01 -2.763995936384932572e-01 -2.167803626800219319e-01 -2.648823724120358825e-01 -8.746567869254873173e-02 -6.177177079197090914e-02 -2.220802066401546537e-01 1.378340675216780525e-03 -2.390226392565645563e-01 1.015466085687186451e-02 -9.292972767040245941e-02 -1.129681517975844873e-01 -3.784687349738688478e-01 -8.883686433498702573e-02 6.142236165966472594e-01 8.941719642402097545e-02 2.514479881884239543e-01 4.798914418719110730e-01 4.804426439484774103e-01 5.000863189370506889e-01 4.278796612538768307e-01 2.734752168676098383e-01 1.575961721648698813e-02 1.538479127326156798e-02 2.849937046637910365e-01 1.548323018403652274e-01 3.467168044881088207e-01 4.320133062297178972e-01 1.155219364938972204e-01 -6.871917306182248608e-02 4.909186142461066660e-01 4.562220768959670547e-01 4.616150772740065800e-01 1.289901513207132866e-01 -2.134213392914142970e-02 2.345818238952202262e-01 -1.523831271194575621e-01 9.715766934411759759e-02 6.713869781533847447e-02 8.494909353788371309e-02 -4.785847291555684301e-03 3.688941970197008591e-02 -1.122637237497372542e-01 1.853884203492069949e-01 -6.168407241305403493e-02 -2.188675873040115127e-01 -1.330768438397323394e-01 -5.300903646357314064e-02 -1.570460860206201736e-01 -9.908694871856525699e-02 -4.453806001725230113e-02 -2.084769731111529578e-01 -8.322918068460744001e-02 -7.658605997415957045e-02 9.465059636082676087e-02 1.687049620241222458e-02 1.354822618602500792e-02 -7.442385331707572493e-02 -1.373688320725049983e-01 -1.482947114049253390e-01 -2.444699319053514341e-01 -1.051406341535105204e-01 -2.569823975475328814e-01
3.640004420754330752e-03 4.600927401660859228e-01 4.186349612601109604e-01 1.000000000000000000e+00 5.596198703690682397e-01 2.630384032004129957e-01 1.126585885283800659e-01 4.074985646856017496e-01 2.227473276215531928e-01 4.596613240005398976e-02 4.303413381930288467e-02 5.942616697858580516e-02 -1.339931243707350242e-02 6.050903018472834904e-02 -6.480249403548517251e-02 2.790790801878749727e-01 -4.734831862595900720e-02 2.257050262924330530e-01 1.969895447622345419e-01 -4.118157833912527988e-01 -7.052551262364661899e-02 -3.099710495333061200e-01 -3.362996714724066777e-02 -2.274828459671034697e-01 1.562063896937321561e-01 -2.579664802143272770e-04 -1.426129303592612307e-01 -1.815401672992539572e-01 -2.844900628639734363e-01 -8.422831358506946420e-02 -6.220507115110172208e-02 3.020515655950920531e-01 5.258167740517988298e-02 -1.532804487341019595e-01 -2.423061824640109496e-01 -3.404076660908254559e-01 -1.214203672844617471e-01 1.689837163133406650e-01 4.862366482804596907e-02 3.843375361219136116e-02 -3.323338588604093369e-01 -1.768905655343078545e-02 -1.864339160608807222e-01 -4.109163468763894073e-02 -5.615789224427737182e-04 -7.933946306023902106e-02 -6.579307165504788557e-02 -1.511556989045312882e-01 -6.379867475323895698e-02 -2.263573678060801231e-01 1.636602334821116722e-01 3.225131250669458494e-01 1.576237265800534970e-01 2.417844640310393978e-01 3.139937838856194374e-01 3.769371351642639700e-01 3.292991655305043119e-01 2.832203688346548454e-01 9.400321584329507374e-02 -1.665553790790864908e-01 -1.857744888894380386e-01 8.009831132466485593e-02 -8.309232062883452341e-02 1.850335779750393594e-01 1.447091352936574205e-01 1.649654586636661591e-01 -1.410229403635241685e-01 2.410040642148846279e-01 9.899259941681938513e-02 1.124266281738694889e-01 -1.223822226054894907e-01 -2.204303268802257354e-01 -9.048651377430145734e-03 -5.739033873752990428e-02 -1.518111056569584338e-01 -2.172540256397949635e-02 -4.481799484182051596e-02 -1.657369189775751870e-03 -4.208942142294807426e-02 2.043384202967865326e-01 -1.936403528778874172e-01 -3.006663509797352085e-01 -2.544571216673325864e-01 -2.428378939799342440e-01 -2.134069983259258840e-01 -2.174433913853821010e-01 -6.356580064156047705e-02 -1.048383343839893039e-01 -2.824582973156414822e-01 -2.621479090246721100e-01 1.444284625152953694e-01 8.849271673567292440e-02 1.556454179991530740e-01 2.672381030615229511e-02 -6.200395435684022752e-03 -5.619244986597072417e-02 -1.272093501410880706e-02 -2.489732690872636656e-01 -5.172391868954002297e-02 -1.402211354471797899e-01
1.739501539221226245e-01 3.975346640665742837e-01 3.834091429497722414e-01 5.596198703690682397e-01 1.000000000000000000e+00 4.176821464891954383e-01 -1.492318968539952939e-01 3.161295114848851617e-01 1.656245718799668198e-01 -2.015481204414153182e-01 -2.617256002596207720e-01 -1.636647699430491265e-01 -1.326943590802595954e-02 1.035011803266500940e-01 3.473593185663792493e-02 2.024425194450478471e-01 -8.011164389485504744e-02 2.213714586138822160e-01 5.032423080031558915e-02 -4.093494310611671128e-01 -6.741305769595147546e-02 9.624693457287126705e-03 7.450871844038149672e-02 -3.047265189002434371e-01 -2.420190351983203259e-01 8.714937398041574385e-03 1.128812587809922968e-01 2.833728408665308479e-02 -2.964185526266991388e-01 2.414773116960461374e-01 -2.738974977629498042e-01 1.789658288335504955e-03 1.766467550811662290e-01 5.547947529149963031e-02 1.332236249752357937e-01 -2.655525215568023678e-01 -1.071694407034559787e-01 -1.411103520823605295e-01 4.554988955991487454e-02 -2.157426450329020529e-01 -2.507378486206289225e-01 -2.120253790223926293e-01 -1.109706635536403946e-02 -1.686454732080774066e-01 -1.645222976756597622e-01 1.125390918464641010e-01 3.717252963900702367e-02 2.476112302064396517e-02 -1.790576202798124239e-01 -2.704746123237533606e-01 2.378121007940629111e-02 4.568324126988239087e-01 7.081675880403158485e-02 5.461036712380368252e-01 5.388125520893380926e-01 5.904469020458699008e-02 3.022480619533826074e-01 2.691211005277936441e-01 -8.073613213065966576e-02 -1.025491472680442329e-01 -6.446866902828136958e-02 1.048587875315722950e-01 6.309149458507125330e-02 2.554644311182748817e-01 6.643798758993958720e-02 2.708063670444998405e-01 -3.572536005601575360e-01 1.406939785072012783e-01 7.909526031932452572e-02 1.047623196214213237e-01 -1.052637571680206385e-01 -1.093363935377339585e-01 2.852253751419132552e-02 -3.093990130847368292e-01 -1.716351901867518015e-01 -2.332485990848126300e-01 -2.521484137790298008e-01 8.701638877903085378e-02 -3.288770066880534193e-01 -2.481604153646694844e-01 -1.277677357894015375e-01 -2.109642877986484533e-01 -2.384284575677037832e-01 -3.611208712242277435e-02 -1.860891604418423995e-01 -2.033421990724561812e-01 -1.823758870109808139e-01 4.045669157013793982e-02 -3.420632973286869549e-01 -3.398282668204533619e-01 -7.553719479276142790e-02 -3.608940215421417852e-01 -1.695867608892398515e-01 -1.717614366501529488e-01 -1.518746710200341854e-01 -2.534613319985294932e-01 -1.106306072217405762e-01 -1.894802046333623480e-01 -2.532814763708245431e-01 -3.365472496543520653e-01
3.978941233450431630e-02 2.069317014763464024e-01 3.940430738092960405e-01 2.630384032004129957e-01 4.176821464891954383e-01 1.000000000000000000e+00 -1.480462132055051228e-01 1.656402529979061067e-01 2.847183572358397141e-01 -1.173440619597661827e-01 -1.470212792419783310e-01 -1.681219246839645298e-01 5.934388747202841430e-02 -4.361973087440654262e-02 -1.896641151861058194e-01 -4.832893852789429262e-02 -7.111743262114994524e-02 1.965182368378726452e-01 2.818779707804943205e-02 -3.060569901818843697e-02 -2.191815138145446762e-01 3.122528524262120977e-02 1.045941921776474687e-01 -3.219266227413908887e-01 -5.043719519634636689e-02 -1.134642349683468304e-01 1.100501856097922670e-01 -3.556403499088848369e-02 -2.024088284928611536e-01 -7.395606001507537552e-02 -8.932072310168144569e-02 7.704031866714129706e-02 -1.079850416819779085e-01 8.768524639158355172e-02 -5.657590353821533719e-02 1.826767206965008994e-01 8.415853516657088862e-02 1.314100792361470871e-01 3.864707175750544538e-02 3.264297660918816235e-02 1.436065265015884773e-01 -4.350081648391564831e-02 -6.078097908220801704e-02 -3.655193098305938720e-02 4.330561648783929490e-02 8.562763968170819529e-02 2.118540385569217810e-01 1.957633644334560996e-01 3.147269952782243974e-01 1.445183076103055964e-01 5.034918979201213375e-03 1.817126072074009835e-01 -8.156483459201972763e-02 4.136985552726572986e-03 6.117269769784594580e-01 4.183861724099998680e-01 4.746914851554811382e-02 1.633750433742337527e-01 -2.018503047696109109e-01 -2.494540709630947151e-01 -3.056168631201177655e-01 -5.255485472479423659e-02 -5.898797658480950390e-02 8.587495105219869820e-03 3.421423714899363838e-02 -6.155049109315281763e-02 -1.764737808558215423e-02 -3.122379327520953540e-02 -2.942500500347508194e-02 8.546420846623395406e-02 -1.386356168924597898e-01 -2.047373782016201904e-01 4.317755347669212374e-02 -1.708023961086963805e-01 -3.368379975591145881e-01 -2.879267250025409619e-01 -1.346892237128095027e-01 -1.708744141777674974e-01 -6.616712229680392354e-02 2.894174532566493388e-02 -2.290207095644156421e-01 -2.991240974652100912e-02 -1.604905607113682464e-01 -2.049965073454300957e-01 -1.869785847861537009e-01 4.967675980978987493e-02 1.838730837575837732e-02 -1.623151752617998100e-01 1.356884807469182185e-02 -1.480264372585618493e-01 5.452392009745894719e-02 6.968671769931521209e-02 1.064941123378158327e-01 -4.138268810474293735e-02 -8.369277530335050841e-02 -1.048685579164976844e-01 5.568783440571973414e-02 -2.633394423162578168e-03 2.183560371526579169e-01 1.139059317802210147e-01
-2.012666948696064662e-01 3.048288101792183680e-01 1.703164127361345981e-01 1.126585885283800659e-01 -1.492318968539952939e-01 -1.480462132055051228e-01 1.000000000000000000e+00 3.996202130528898055e-01 2.801370601538810123e-01 3.953807141052851359e-01 2.462177757065107109e-01 4.647358277945078942e-01 1.392425259392404413e-01 4.590511019773425155e-02 2.345941040536944910e-01 4.795839140693851643e-01 3.663093345302869674e-01 2.084337726681406988e-01 1.944747254641776280e-01 1.102733408545975291e-01 4.643857340103911269e-01 -2.506926326234400551e-02 -6.686428774100201811e-03 5.453634910383087231e-01 4.852365439778282830e-01 2.579482197695804335e-01 -1.131524967149256655e-01 1.184902970982367049e-01 4.565406917138304932e-01 -2.734668670999381712e-01 1.142586990698610250e-01 -2.709185114435007091e-01 -8.691972876317366481e-02 1.635897654652102018e-01 1.989383051172106953e-02 1.017535738155586206e-01 -9.636234496509113803e-03 -1.136477294093619778e-01 -2.552267963387261918e-01 3.158305766370082535e-01 -5.779259240740746567e-02 -1.161794821666412014e-02 -1.349068423540212003e-01 -1.107071614083651317e-01 -2.269144557951542351e-01 -2.659258526389913779e-01 -2.982306225715887771e-01 -9.161821727234467638e-02 -1.407950846958296509e-03 -1.881291973061628708e-01 -1.357013287829610393e-01 2.343561842358240499e-01 2.621216996340950400e-01 1.516442723037267695e-02 9.216767375056937606e-02 2.039688582845640141e-01 2.784675315801982687e-01 3.161971874191779608e-01 3.506233455093922813e-01 2.662670848969438953e-01 3.034537370163996606e-01 7.123101031027009866e-02 1.078901244347306998e-01 -9.019882742124482600e-02 1.543010409201181210e-01 -1.156266797604243446e-01 3.641295297413312260e-01 3.041374407944711367e-01 3.739283797321857894e-01 4.404114393840008468e-01 4.598281720464769129e-01 4.152085747630393509e-01 3.761473789651392785e-01 3.754965267434969278e-01 4.040158270139675434e-01 4.246420679565408030e-01 5.466131657842359104e-01 1.117878398209921770e-01 1.308591186289304320e-01 -3.905200996917611994e-02 4.096682077610745432e-01 1.075904409006723794e-01 -1.746658145172906296e-01 1.212327727549763617e-01 2.856375033790963802e-01 1.060943082603711118e-01 1.280259004060314565e-01 -3.297386337182425797e-02 2.883087700713023449e-01 3.969984516194868807e-01 -1.810261229400645933e-01 3.118395166924639028e-01 6.933564003495422401e-02 2.500830713722594356e-01 -6.053194784273931150e-02 -1.253178086673553335e-02 -7.762178269711686451e-02 1.175964792593841603e-02 1.040791467608366827e-01 3.954663052420192421e-02
-3.407234731509482806e-02 7.044793258809504133e-01 6.488409912711253780e-01 4.074985646856017496e-01 3.161295114848851617e-01 1.656402529979061067e-01 3.996202130528898055e-01 1.000000000000000000e+00 5.567978093916621241e-01 1.079967212378390579e-01 1.881860666916926328e-02 3.381131008898401458e-01 3.155188741259087881e-01 1.946985493967749448e-01 -9.810848884072440740e-03 6.143662918234372716e-01 4.604347203332755933e-01 6.898218571724177295e-01 4.996267011640450062e-01 -3.279995667052222341e-01 2.155294858078089792e-01 -6.415841120061816644e-03 -2.749450995858124594e-02 1.278447987066965996e-01 3.137187229481790962e-01 1.982220337050720482e-01 -7.757583040904590665e-02 -4.600614080379213794e-02 1.259094689376482473e-02 -2.476838382001676775e-01 2.002332889178757291e-01 -3.194905889308071734e-01 -1.459882954462965454e-01 3.944087617765342224e-01 7.108481386881719544e-02 -1.031042460311964171e-01 -1.002963212749666960e-01 -8.533041156105508618e-02 -2.676119650038885078e-01 -3.754360422072865189e-02 -1.827360122572627421e-01 1.548042839042542973e-01 3.893301077148661471e-02 -1.477974780296759938e-01 -6.610776022783444728e-02 -2.344608025276210539e-01 -1.003194420798794034e-01 -1.840371021832951093e-01 -1.440818969820998052e-01 -2.815399756263212705e-01 -1.694720138288768885e-01 6.762767523378971912e-01 3.027874603459341785e-01 4.136241353825912404e-01 4.025819955352104018e-01 3.074917224604855059e-01 6.768416418909796173e-01 5.932259166214165491e-01 1.633191731532201152e-01 1.658479813674847425e-01 5.058974595671800190e-02 3.080866074189508863e-01 1.000440123342618837e-01 1.839461305663891988e-01 3.421445789939031035e-01 -6.852160340265819882e-02 -8.465101165565466768e-03 5.357499707088779761e-01 5.152836422802026251e-01 6.462168495704289084e-01 1.552010041757037606e-01 1.075175607287796181e-01 1.714338801248130317e-01 -1.321156442219538207e-01 8.143503691966898217e-02 1.063620283544098183e-01 9.409995722907481264e-02 -1.911586010530477026e-02 1.271452598875137951e-01 -1.365890251443482306e-01 1.447677742368870812e-01 -5.418733618671196101e-02 -1.972424615059091280e-01 -1.038921518584485920e-01 -1.917236657166900005e-02 -1.089852768306734526e-01 -9.224993522441383986e-02 1.148369266662304169e-02 -1.011362742218372412e-01 4.045765709627584250e-02 -2.520292821019067264e-01 1.399545416084146676e-01 3.753142861416498138e-03 2.196386347608185463e-01 -7.098555890288225922e-02 -1.413396064803815709e-02 -1.174137250316299730e-01 -3.131136078153660129e-01 -1.784064467651175767e-01 -1.527649614370667486e-01
2.411514298658068781e-02 4.601017256362481822e-01 4.263112336241795530e-01 2.227473276215531928e-01 1.656245718799668198e-01 2.847183572358397141e-01 2.801370601538810123e-01 5.567978093916621241e-01 1.000000000000000000e+00 1.474956769942658563e-01 2.173560402273210998e-02 2.487534798920620627e-01 3.387631129750062198e-01 1.611137395262709493e-01 -4.130711393062514586e-02 4.315445928007644039e-01 1.981117784585521568e-01 3.674012609152028097e-01 2.844918302044543990e-01 -2.030459848364508657e-01 1.595910579569900789e-01 1.006911808295560123e-01 -6.527684875607360493e-02 8.560941831499972732e-02 3.381313874637413841e-01 2.809081042835270825e-01 -4.280214652286579158e-02 1.574995934111678708e-01 7.032246592929086715e-02 -3.875566628471942970e-02 1.593435589389918250e-01 -3.491344367571301843e-01 5.769406110908180396e-02 2.180036917829744902e-01 8.042094750182859908e-02 1.594194522502785372e-01 -3.978116887048853412e-02 9.822484694709787689e-02 2.815233335499557968e-02 1.818451136551250680e-01 -4.404183941902461291e-02 2.345983466696441311e-01 2.349275516437905886e-01 5.640908373318681557e-03 -8.014339445819539109e-02 -7.887140047597553105e-02 -1.181970118692683147e-01 -1.766854390383908735e-01 1.340859141075096683e-01 -6.629478753825854276e-02 6.037516485866118755e-03 4.771675488163519829e-01 4.186935462851741341e-01 2.474062325907064042e-01 3.965828267325242074e-01 4.137470754775982029e-01 4.545958947898722791e-01 6.969580912655545246e-01 1.275714847146589281e-01 3.597428423097128736e-01 5.764194602565911318e-02 2.809538249520607822e-01 1.122236944490772603e-01 1.477506172635864590e-01 1.660423254629836143e-01 -1.887431448893840125e-01 4.431644160676918159e-02 3.143401985765321704e-01 2.267678471902729864e-01 4.247518027705812771e-01 1.090831864191397077e-01 6.059113007261925782e-02 -4.239004666137678040e-02 -1.003839017635000247e-01 -5.816454882405960349e-03 1.102924756260340866e-01 6.844720029137298795e-03 -8.885635594698614026e-02 8.362939298515806308e-02 -6.523298996191172205e-02 -2.180955484341027054e-02 -1.125913154550572393e-01 -1.796312681231342634e-01 -1.513467831857095436e-01 -1.321858770036287156e-01 -1.611000149455570907e-01 -1.954280298985184572e-01 -1.913994874936450138e-02 -3.826201107117502276e-02 -5.602670031568408870e-02 -2.358648977750182063e-01 2.084433439475167349e-01 8.383989437642132281e-02 2.882685630128986598e-01 -1.393344425389840824e-01 6.027552696444784391e-02 -1.867629791598827138e-01 -2.960925844029295706e-01 4.299477640622174912e-02 -4.686871392897767191e-02
-2.911009536173368994e-01 2.480712391286745699e-01 1.214195595919720372e-01 4.596613240005398976e-02 -2.015481204414153182e-01 -1.173440619597661827e-01 3.953807141052851359e-01 1.079967212378390579e-01 1.474956769942658563e-01 1.000000000000000000e+00 4.183810018271824083e-01 4.555677277125104729e-01 2.088557238565980911e-01 4.959771985176921610e-02 4.677123276737404217e-02 3.484120184002366671e-01 1.604988929502035866e-01 -6.881690349672776874e-02 -6.300056732285466699e-02 -4.657734491315749495e-05 3.528244628166695707e-01 -1.346510536525681416e-02 -9.284506366064285143e-02 3.889165487539033017e-01 5.960029372686652671e-01 2.666823725295114356e-01 -9.050484057552193873e-02 2.769867760934494605e-01 2.627309385481630399e-01 -2.182438894274327523e-01 2.998812658336167877e-02 -1.697175909096906021e-01 1.487726486910544987e-01 9.027373978427086221e-02 -1.551935925361654367e-01 1.417514227041011265e-01 1.782999314155958581e-01 9.265681772307721165e-02 -3.724596695898513971e-02 2.641673448667425372e-01 4.300765921313188384e-02 -9.194552643924792934e-02 -1.062323307657939836e-01 8.864210997208674114e-02 -2.384117333083498047e-01 -7.824545589095974196e-02 -1.811492631579822710e-01 8.061636038099492807e-02 1.403341001702907709e-01 -1.208577186418451077e-01 3.608074725423128515e-02 5.036200986493062637e-02 1.316035379187501797e-01 -2.508865822574545268e-01 5.348367699502910855e-02 2.898243813672377045e-01 2.006370749556354860e-01 1.133700399001190823e-01 5.531954597488067948e-01 3.949988767795910571e-01 3.917606043096111823e-01 -1.342775094621980192e-01 1.384271816820214218e-01 -6.105312727694237745e-02 -2.769740863807139668e-03 -1.494808477768923838e-01 2.892169288964017149e-01 1.545908025574939393e-01 1.216945770132401017e-01 2.572820463961059678e-01 3.193194136335587019e-01 2.510740882780034267e-01 1.330339888557621197e-01 1.638488785196644260e-01 2.585264614922391235e-01 5.175603466656315543e-01 4.576802892519208354e-01 -2.114689855479364444e-01 1.282387842156194890e-01 3.110862444491059239e-02 1.840535731951656040e-01 1.479445474575534492e-01 -1.957512993094275844e-01 -1.376473173291132071e-02 3.456411439557153242e-01 1.470513815785426393e-01 1.592733836691196114e-01 -2.112491369083327464e-01 4.644667009093089022e-02 2.059318778097461444e-01 -6.897575497095247143e-02 4.497115082466753844e-01 2.584331252005748203e-01 3.066008401144181272e-01 -3.062254745019785118e-01 3.018386477272077401e-02 5.286704895704688947e-03 2.242305241259149595e-01 5.582203193634096422e-02 7.796130047658375584e-02
-1.727557476074942644e-01 2.438655922071129509e-02 1.218500627576494522e-01 4.303413381930288467e-02 -2.617256002596207720e-01 -1.470212792419783310e-01 2.462177757065107109e-01 1.881860666916926328e-02 2.173560402273210998e-02 4.183810018271824083e-01 1.000000000000000000e+00 4.247123025864242840e-01 1.304764294484408171e-01 6.841347475512957188e-02 1.827125645152343769e-01 2.538944381428408226e-02 1.304422290184065469e-01 -7.371016507187212741e-02 1.101716751095988406e-01 -1.444943506550901702e-01 2.030152919896580921e-01 -6.657666935653976104e-02 -6.256619163123619543e-02 3.642623588983959770e-01 3.874090399225185166e-01 2.562354861824518437e-01 -3.194177667392975040e-01 -8.214953440220712499e-02 7.928964406395135056e-02 -1.156975739007980036e-01 -5.015408931717348952e-04 7.053687111083170591e-02 -1.062958370228102162e-01 -2.038181732419601551e-03 -4.425139154328060903e-02 -1.189828272659304714e-01 -4.156629326094162663e-02 -3.562736335489512934e-02 -6.221637001420825958e-02 4.233091909716061446e-02 -1.437606555383004470e-01 -3.577202225468446156e-02 -1.233927625416062213e-01 -1.088834879105414488e-01 6.100220655208946768e-02 -3.502543456544601752e-01 -2.525860063151408874e-01 -1.822599984019802055e-01 -3.832382888449534925e-02 -3.056991215532009476e-01 2.032899247819744404e-01 -3.764059963330826375e-02 8.110633841465566402e-03 -2.404066519359223664e-01 -9.805938637299406457e-02 2.516546147787397936e-01 4.031556240267440694e-02 2.993064643358557195e-02 5.559480942200811793e-01 2.578612020796933191e-01 2.918499934156960629e-01 7.103724846072688448e-02 8.385944989016892726e-02 4.239260222858950294e-02 1.485268539591557413e-01 5.112519124858734554e-02 7.308263531646988498e-02 1.065158774657853358e-01 1.053291523183298023e-01 -5.978122002943447345e-03 1.691023440719152948e-01 1.989894316415749820e-01 1.074666053646716329e-01 2.009881045442172554e-01 4.348123645912350677e-01 4.121185447211098141e-01 3.964952367046547521e-01 1.375040630389524343e-01 1.730769883039569024e-01 2.039517407702706175e-01 2.577030997800431877e-01 8.701152031936926212e-02 1.075777556473143798e-01 1.848483263823198219e-01 1.088623368010413206e-01 -4.677819505185741578e-02 1.311388949424615313e-01 -6.622875257523462567e-02 6.320933124861485668e-03 1.871890201134389087e-01 1.074244553566739840e-01 3.034750964431894293e-01 1.334282087341773504e-01 1.115943155537045955e-01 2.618162907740794604e-02 -6.554962937384981037e-02 -1.985621330102281257e-01 1.848893590512583340e-02 7.984755729433799798e-02 -9.477611726785417634e-02
-3.168984434798434724e-01 4.112096702442533114e-01 3.327872136381209156e-01 5.942616697858580516e-02 -1.636647699430491265e-01 -1.681219246839645298e-01 4.647358277945078942e-01 3.381131008898401458e-01 2.487534798920620627e-01 4.555677277125104729e-01 4.247123025864242840e-01 1.000000000000000000e+00 1.853756131982235156e-01 1.352331318377992808e-01 2.324461829113488587e-01 4.595191877999172392e-01 3.295365469546628345e-01 1.910259069345552063e-01 3.756200802648406167e-01 -1.778035704286126950e-01 2.756506466856917803e-01 -1.132752946419317425e-01 -4.052394455774293441e-02 5.485826285386945500e-01 4.773079845259924903e-01 4.582845226546379269e-01 -3.439809710148392652e-01 3.226327130447696062e-02 1.408035291127380240e-01 -2.882234268201741001e-01 1.581388118340209537e-01 -2.374251199841047322e-01 -2.272704998533430498e-01 1.216596543193856766e-01 1.331413432972746239e-02 -1.161801920237666569e-01 -2.020746716983025937e-01 -1.921126811325049033e-01 -3.005960203135514819e-01 -8.063251525896897309e-02 -3.361886522230733143e-01 -4.719211462045114214e-02 -1.255534599501118530e-02 -1.584917714725217197e-01 -1.207650535792774253e-02 -4.512772535024197063e-01 -3.692993258850220673e-01 -2.765770640557563831e-01 -1.407512485845117123e-01 -4.860828292469367984e-01 -6.396843557483083975e-02 2.885746076097240875e-01 2.141683488705262428e-01 -8.814959639419393811e-02 7.148873073430597747e-02 2.218427927539528277e-01 2.866886023865429789e-01 2.067090404730159980e-01 5.388493823845907915e-01 3.456504755223144820e-01 3.804147874606871871e-01 2.222086967329455209e-01 1.448951609098982907e-01 5.889256111257617360e-02 2.484798069076430693e-01 4.767270858770403935e-02 1.347442582464941918e-01 3.505078585706092320e-01 3.340675078586725633e-01 3.145659320276651405e-01 2.802678802736133790e-01 2.859292179227793107e-01 2.241958037032327211e-01 1.091382717179716355e-01 5.718841931264703193e-01 5.812019700744038841e-01 4.718014203646644367e-01 1.162538130809445125e-01 2.678366191377102301e-01 5.731709424551240106e-02 4.475718560467735752e-01 -1.849398045527543555e-02 -1.247460293912849988e-01 5.440263489989768247e-02 1.340388189365124549e-01 -1.664065737542940737e-01 -1.088104463932116073e-01 2.172206813613868429e-02 -6.135057426893433807e-02 2.084612240649305615e-01 -7.799286689925113980e-02 3.108172303075982801e-01 2.051917095623759513e-01 2.693222739046607361e-01 6.221272365347898549e-03 -3.036276493932044129e-02 -3.207267198533301777e-01 -2.222721871730049537e-01 -2.561949687681508783e-02 -2.442240034668634319e-01
-1.726058600578660451e-01 2.615589549196557506e-01 2.639528211795749146e-01 -1.339931243707350242e-02 -1.326943590802595954e-02 5.934388747202841430e-02 1.392425259392404413e-01 3.155188741259087881e-01 3.387631129750062198e-01 2.088557238565980911e-01 1.304764294484408171e-01 1.853756131982235156e-01 1.000000000000000000e+00 3.660344400454411673e-01 2.002631108283229222e-05 3.404027195378833137e-01 4.190358727388539539e-01 2.741868400028584785e-01 2.057136082314540426e-01 -2.619740006614835193e-01 2.499938655073912497e-01 2.981389960982653298e-01 1.005966799555727681e-01 1.598242335161369210e-01 2.833163039414663409e-01 2.615149851684386156e-02 4.042155866188220509e-02 1.742318394365212353e-01 1.341639091218187196e-02 1.544891136847681146e-01 7.376413760065760050e-02 -1.605978037429813543e-01 4.264313030775637725e-02 2.938398063605110466e-01 1.354073226763297944e-01 -1.207510719563877899e-01 -2.840607863548814255e-02 1.115766348127599089e-01 2.311591013404208986e-02 8.684729844407128307e-02 1.541035836139230120e-01 4.651809572707690799e-02 2.167263413665266036e-01 -8.000518454063619556e-02 -1.041988923514889087e-01 4.365682936856091906e-02 8.742051257109118012e-02 -2.370268877148561451e-02 -1.158271023900894758e-01 -1.161741873718107054e-01 -8.342483273746799377e-02 2.863922700113414321e-01 2.142334871383553274e-01 1.706813005506819525e-01 2.054889808000661122e-01 1.483867205031067504e-01 3.583777135433287020e-01 2.445245101196285020e-01 2.442015076660807305e-01 2.750328590678887131e-01 2.240590256976045802e-01 4.408459730675905464e-01 4.277948847254986475e-01 3.674026762485153030e-01 7.432200918630028907e-02 -7.161347105139277691e-02 -2.687593495952452990e-02 3.701678429947983240e-01 2.796478434423220194e-01 2.888005913638231892e-01 1.277729849596962453e-01 5.241952755569450478e-02 1.023243630341088978e-01 -6.685177271642360475e-02 4.261662363609552973e-02 5.945991517943115950e-02 2.286079750588767764e-02 6.301465060129686491e-02 8.388184028400884340e-02 -3.530583746886927637e-02 2.336300192968807088e-02 -1.004582870929337096e-01 -1.847384892649714117e-01 -9.703221677433508663e-02 1.100863056387899747e-02 -1.252597154523600875e-01 -2.236370245793097566e-01 -1.256687089536394630e-01 -2.483566417484432132e-01 -5.586341659173198887e-02 -1.445472354038762064e-01 6.805290041773259802e-02 1.290013360472457016e-01 5.068534255685357842e-02 -1.532476307075143485e-01 -3.053246619797604644e-02 -1.784063095034659277e-02 -1.516523838469849561e-01 -2.704526537648796469e-01 -1.168572801945259865e-01
-1.481513711553437800e-02 9.618816250164921589e-02 2.638340504265548336e-01 6.050903018472834904e-02 1.035011803266500940e-01 -4.361973087440654262e-02 4.590511019773425155e-02 1.946985493967749448e-01 1.611137395262709493e-01 4.959771985176921610e-02 6.841347475512957188e-02 1.352331318377992808e-01 3.660344400454411673e-01 1.000000000000000000e+00 3.758773310880295648e-01 1.778399258005465278e-01 3.018961683026723519e-01 1.948263738586893390e-01 3.565966685001522030e-01 -2.589373123336593530e-01 3.672914800297230609e-01 -1.293651620975495332e-02 1.905635971427671604e-01 1.450859310847474326e-01 -8.958934867944071123e-02 -1.992543060925570930e-02 -5.472630868428786377e-02 -1.194129238784019664e-01 2.495298487738809717e-02 9.657406802911643051e-02 -4.724017737610999162e-02 6.141250192357872693e-03 -1.435741556534886609e-01 2.315832549141666474e-01 9.260803784375293279e-02 -2.544353267825064102e-01 -7.116157082748354734e-02 -2.383168278798491468e-01 -1.962951441191609359e-01 -2.050461216630048988e-01 -2.711182968698958584e-01 -1.208993977427332556e-01 -6.301198256047395307e-02 -1.926527061667642482e-01 -1.512144467925039260e-01 -5.639621084058959316e-02 -2.272428234988432480e-02 -9.981700773847686226e-02 -2.525590588344662768e-01 -2.874153056046277466e-01 -2.170555872312237566e-01 1.274689080434469601e-01 -9.472638460068229238e-02 9.741666933922182858e-02 6.322661306115690341e-03 5.852511073213451098e-02 1.472647532674185022e-01 1.802979583374796635e-01 1.976003983266381436e-01 -3.603291984158945964e-03 2.478155146830377797e-01 4.002383843734080293e-01 5.172218975203696223e-01 5.407609812106027869e-01 3.544208096802334285e-01 3.635372436486675185e-01 -2.140339463637653261e-01 4.117890926738758672e-01 4.427611117711317545e-01 1.997443849184163678e-01 3.210220166298282662e-01 8.602585367286763596e-02 3.019418695558898080e-01 5.597473409370315456e-02 2.082643687304836233e-01 3.476422042984193134e-02 7.935108787853457912e-02 2.204985072153762271e-01 -1.818985617862964033e-01 -2.444940958994239744e-01 2.403474177697537684e-01 -3.841001215468437674e-02 -1.221618033137144843e-01 7.402104490438826678e-02 1.136954737250804731e-01 -1.083630300731136947e-01 -8.813885698145526235e-03 1.077250506960329007e-01 -1.552786147698014818e-01 -8.258551533800340128e-02 -2.013899470336514563e-01 -1.593643052636821156e-01 -1.905514967278666705e-01 -1.485018224888340899e-01 -8.035632549822006865e-02 -1.590125343160695426e-01 -3.507815224166968560e-02 -1.777285696882935084e-01 -2.287122000479124007e-01 -2.620702982381704627e-01
-6.952049429500273270e-02 -4.514528786086907663e-02 -3.194693233663703697e-04 -6.480249403548517251e-02 3.473593185663792493e-02 -1.896641151861058194e-01 2.345941040536944910e-01 -9.810848884072440740e-03 -4.130711393062514586e-02 4.677123276737404217e-02 1.827125645152343769e-01 2.324461829113488587e-01 2.002631108283229222e-05 3.758773310880295648e-01 1.000000000000000000e+00 4.284188038639070994e-02 1.930514905196605568e-01 -6.578781255398163941e-02 1.490275866066798904e-01 -8.291182154857477948e-02 4.619318709600050976e-01 1.686125693380212398e-02 2.547154943959198947e-01 3.589867399736155207e-01 -7.431406191678943673e-02 1.334942777284368609e-01 4.424410673277592160e-02 2.336937885649018054e-02 3.019217033622874080e-01 1.165829099822749404e-01 -2.255761052763174124e-01 -3.362595372382049669e-02 -1.180711342594111812e-01 1.407631879134380037e-01 2.514199878246232145e-01 -1.292274080836331163e-01 3.873807640580895217e-02 -4.434322472110253099e-01 -3.114010417326480984e-01 -1.943851703441011880e-01 -2.891847960888930258e-01 -2.769489691236612927e-01 -1.345156726641248690e-01 -3.012446588429362193e-01 -2.311632035238412874e-01 -5.122047516341943219e-02 -1.722526292233432232e-01 -5.074578580116473336e-02 -3.276767540873465334e-01 -3.883668562579503658e-01 -1.604471478755461200e-01 1.155073568427045227e-02 -1.233859347556526403e-01 8.618661551462176822e-04 -7.767107727097673220e-02 -1.254417906993513521e-01 9.612083772633414278e-03 7.570347971218641114e-02 1.991210138950398056e-01 3.958418012697142302e-02 4.115701030267013838e-01 6.413825019373868563e-02 3.128059150650893683e-01 1.998971420122152842e-01 2.056566401813182954e-01 5.734627225564071784e-01 -1.786045437511898648e-01 1.493786201346344045e-01 3.157378484597394008e-01 1.282814041598819843e-01 4.596569859604807129e-01 2.946692726623937886e-01 4.008592758126005018e-01 2.134255346439798695e-01 5.048390504286091041e-01 2.951232611869330502e-01 3.643015983695376270e-01 3.311455657633035066e-01 -1.545011652704563199e-01 -3.066858006799635383e-01 4.672763871445372308e-01 3.977166235014533563e-02 -2.979871087984064734e-02 3.706029920612246564e-01 2.969467508716939208e-01 -1.382686455968589649e-03 1.589494100437733037e-01 2.274358097939178647e-01 1.680156573302457601e-02 9.782156912192639664e-02 -2.216597420373208338e-01 -2.381097132465276600e-01 -2.121352108123775171e-01 -1.673181308579582693e-01 1.838718861459957832e-02 -2.636568113914691258e-01 -9.494859964709975730e-02 -6.655689306087343715e-02 -1.240365174418225774e-01 -3.361534072673674212e-01
