1.000000000000000000e+00 -2.896276254812945108e-02 -8.755339220632463171e-02 -1.704549437545500867e-02 -1.784715925751997612e-01 -1.067039877862898667e-01 3.215533291889380862e-01 1.923914484819446435e-01 1.285425279878410765e-01 1.368345098403332127e-01 1.712462523088030542e-01 8.583476867608136329e-02 9.639148605458323915e-02 2.631733786909633971e-02 4.967151248496926019e-02 3.651304366079327068e-01 4.433670913239139144e-02 -1.024413750060895190e-01 5.798454955116663645e-02 2.243670839876216461e-01 6.171773084055406228e-02 -6.784033793145248514e-02 -1.325337418211773588e-01 2.127695750929119445e-01 6.842902547596874108e-02 3.942568650293690191e-02 -5.392819901767543361e-02 -3.301402413395350399e-02 2.517105314976794128e-01 -1.039868858527764062e-01 1.483041688665947544e-01 1.797177510777051290e-01 -1.728740536353954582e-01 -5.359641257097808725e-02 -7.581021514267949346e-02 -6.799630750283217062e-02 -7.927405906343983066e-02 -3.436705647502981409e-02 -2.233893630881503001e-01 1.603185234167421036e-01 -9.560057038637097271e-02 8.346854240259399260e-02 3.504357638156880422e-02 -1.653105339163823684e-01 1.451882268343076821e-01 -1.696435744355553887e-01 -1.980394296576220570e-01 -1.307017628390448050e-01 1.963225560707893697e-02 -4.761523851572241339e-02 2.816444560537518238e-01 8.916909020280577858e-02 1.075019012835254500e-01 -5.807639955073788142e-03 3.080165102756111939e-02 4.931338042026849749e-02 6.135592538995882778e-02 1.394507987902466328e-01 1.012756362071712546e-01 1.401684127413569403e-01 1.665360208227592842e-01 2.488370269636111173e-02 -2.004938648994054537e-02 -1.600085995416381706e-03 5.291252533055405133e-02 4.073709984625117908e-02 1.646036323637645182e-01 -5.621311702620078454e-02 -1.128586673180017180e-01 -5.562547755374035868e-02 1.188602294758753092e-01 7.541264091980043327e-02 -9.045663977630262476e-02 7.843190696065453771e-02 1.129226332786204129e-01 1.238897812943462184e-01 2.206892011298022815e-01 2.844851051939812497e-02 1.225036265758810416e-01 8.686300591475863697e-02 -2.880076836641064578e-02 -1.117601345635480664e-01 5.329447141968358254e-02 -7.155581258632849606e-02 -6.970346291181823972e-02 -1.991367926681850142e-01 1.149111059408937721e-02 -4.655111806697190269e-02 7.702762597717080495e-02 1.328500170912125800e-01 -9.079703440109140877e-02 1.355366663891658108e-01 -8.510787220532030350e-02 -1.328564314852962169e-01 -3.394609776521562844e-02 9.817246036864835101e-02 -5.497960251017251082e-02 -1.572526063847379529e-01 8.003667301355195385e-02 3.274086494919117851e-02
-2.896276254812945108e-02 1.000000000000000000e+00 4.950366252005305445e-01 6.595242017179870908e-01 6.540400267014265800e-01 2.628313817959697096e-01 -6.940119543130357505e-02 4.938013271357769018e-01 2.415801379494520174e-01 7.913770132466269036e-02 -1.991781783489455226e-01 -1.037188134860635019e-01 -1.414574490123741146e-01 -3.431977504133414819e-02 -1.068886792283650494e-01 4.120922018055404590e-01 -2.074900943216349478e-02 1.970918099051602868e-01 2.059191826164322170e-02 -1.266008305361460695e-01 4.919952660147235840e-02 -2.333293821120431821e-01 -1.237697101499986435e-01 -1.377967237119092914e-01 -1.598004526142335069e-01 -1.605429380068193468e-01 -1.865070128440438346e-01 -2.639726552977438301e-01 -2.885088957179910429e-01 -1.070732539175557885e-01 -1.552174623858455504e-01 -1.989440702494528201e-01 5.216594690779157578e-02 -7.669987773037445500e-02 -1.943223110920875296e-01 -1.030932992307450474e-01 -2.881056492244090661e-01 -6.840656750918015783e-02 9.191674533112996481e-02 1.404145272687109258e-01 -1.296935379851052172e-01 -2.914698665419440671e-01 -1.596807069229879139e-01 -1.353490722150909320e-01 -1.341085433183920039e-01 -2.058077127086024860e-01 -2.398734448057252278e-01 -2.805604673357099954e-01 -8.105761826958610139e-02 -1.400921067126115194e-01 5.789105159561654113e-02 5.659959401593455119e-01 3.229530817575644863e-01 5.894275746895040191e-01 4.681631443307755491e-01 2.646728747315633123e-01 1.071166141689418733e-01 2.900289187392212642e-01 -1.656610529594755923e-02 -2.372032654753127023e-02 -1.198474703846948430e-01 -2.168153746487616051e-01 -1.149273711753422134e-01 -1.118518295746574326e-01 -9.082598724652052313e-02 -2.017548108280012575e-01 -1.128543619097773509e-01 4.326379745315733771e-02 4.360852745818194487e-02 1.342452404581162828e-01 -1.396596399475637795e-01 -3.316953860888074423e-01 -1.314034657328254085e-01 1.063111256559210738e-01 -1.621129131236207221e-01 -1.858402110530986695e-01 -2.324921723018639474e-01 -2.773574224961103396e-01 -8.846118424033203032e-02 -7.798532591504429845e-02 -8.144423858758817469e-02 -1.823092896081985881e-01 -1.935857276754930079e-01 -1.673732229495679125e-01 -9.666383458093256997e-02 -2.819794218593904001e-01 -3.509800875702570599e-01 -2.978051517979599661e-01 -1.586582287085816778e-01 -3.424214590691555538e-01 4.963815889850826599e-04 -1.357236672715359804e-01 1.672159336934161411e-01 -9.182955290428049255e-02 -1.993336431101215001e-01 -2.983052152184016981e-01 -2.625580408372540919e-01 -2.773240672788598871e-01 -5.451084490915102804e-02 -2.072742078230619400e-01
-8.755339220632463171e-02 4.950366252005305445e-01 1.000000000000000000e+00 2.770402058615125118e-01 4.442736254741642687e-01 6.115411033041084909e-01 2.052360904375075124e-01 5.349853844575774842e-01 2.612172392065778004e-01 3.139185853597216136e-01 -9.596649558472751529e-02 1.034437774714545011e-01 5.873435979652222305e-02 -2.009032394215287329e-02 -3.207482287958771106e-02 3.075222984835105366e-01 -4.510973467631371192e-02 1.177870679943011090e-01 1.486910044738567194e-01 3.235510364538297240e-02 5.492687318959713072e-02 -3.477418040207943539e-01 7.389245791262393295e-05 -1.169259328275669002e-01 4.748976784575655724e-02 -2.389267255884589269e-01 -2.924752688372961873e-01 -3.512825169586114571e-01 -2.206082945440495102e-01 -8.691241479821897042e-02 -1.264975096008502664e-01 2.259134033672051747e-02 -8.269490846476509546e-03 -1.972630304079802110e-01 -3.356501501519734698e-01 -1.179611226559880849e-01 -3.916980072665459667e-01 -1.885871459323265886e-01 -5.768331438293369806e-02 2.023146940703919594e-01 -3.454161686865571124e-01 -4.161182016402835138e-01 -3.796267951101204852e-01 -1.636110447358674058e-01 -2.727787066016003070e-01 -3.079088336450651053e-01 -2.729351281491793624e-01 -3.179048654294038267e-01 3.738065776314440647e-02 -1.588603752899921118e-01 2.712058342608731909e-01 5.334724507917262271e-01 2.269506453624912379e-01 4.665301432787624103e-01 4.770547291811902402e-01 5.837132386374757065e-01 1.931223686165486064e-01 3.576596189442640683e-01 2.271620687448080711e-01 7.117489344685556940e-02 1.339823706851332175e-01 7.371415391293113448e-03 -7.667691269280799138e-02 6.565144137685362258e-02 1.528979605585988923e-02 -2.013703083261301000e-02 3.609770351665417959e-02 1.632391971199362302e-01 1.270183256823634865e-01 -1.247903510552084670e-02 1.102933271025699491e-01 -3.446361997739305627e-01 1.753665086350802635e-02 2.228983174229554887e-01 1.505543770383391822e-01 -7.500476589952792539e-02 -1.090156990892319488e-01 -2.520713203979569328e-01 -1.185496393692028888e-01 1.391171567997791236e-01 7.986249324882137290e-02 -4.358537446983495878e-01 -2.640515454897068293e-01 -2.886471022291437483e-01 -2.087417124502037591e-01 -4.197029374637447074e-01 -4.374276295403084491e-01 -4.229399813470282599e-01 -2.190956562915641892e-01 -3.663582787720763290e-01 2.675037697279400092e-02 -3.525737581991429670e-02 7.974863503120328823e-03 2.234652548711177633e-01 -4.123967723580476141e-01 -3.987631860639826442e-01 -4.231764406080707475e-01 -2.868430133677513094e-01 1.102055878909550812e-01 -2.566963900486677885e-01
-1.704549437545500867e-02 6.595242017179870908e-01 2.770402058615125118e-01 1.000000000000000000e+00 5.899862780442016730e-01 2.737686399290293893e-01 1.852582626170407032e-02 3.581851663713003786e-01 2.585059591557405390e-01 -9.407782630658874032e-03 1.392940804360026930e-01 -1.712256809279373015e-01 -1.780225723599395404e-01 -7.598524915965951254e-02 -2.740551691430558393e-02 3.100589372394436660e-01 -9.541802409268648755e-02 2.012967724170369177e-01 -1.064736477904194567e-01 -1.384302041620513735e-01 5.994792986337035140e-03 -2.517092420500344208e-01 -2.521184738173314899e-01 -1.986023505696100366e-01 7.661254696236437234e-02 -2.263810745404008229e-01 -2.233843403551050988e-01 -1.350301004628575441e-01 -3.605533445446136298e-01 -2.561501862410543451e-01 -1.325722514001022867e-01 -4.219249658941577608e-02 2.257852911349023939e-01 -8.718971091506673432e-02 -2.184374531779840478e-01 1.540934351209379688e-02 -1.486711932805407921e-01 7.839383382307742176e-02 1.409893689434823794e-01 7.983303124007153084e-02 1.253803780654404697e-02 -1.403699004557833474e-01 -2.310899057736750806e-01 1.732402506202969719e-02 -8.249405566864878581e-02 -1.489763722200165841e-01 -2.185473606548890835e-01 -3.090429207162450065e-01 9.597669412238860054e-02 2.798144795116375150e-02 5.238075088185237260e-02 3.080111221369121743e-01 2.934749127256874868e-01 5.585379824152595374e-01 3.471731283567409121e-01 3.003422462723293607e-01 1.170307030304777590e-01 1.772509609102979056e-01 8.063445623284874741e-02 -1.737981023308795836e-01 -4.267658214755265522e-02 -2.601122757267436691e-01 -1.372525332520063146e-01 -1.165902086060968540e-01 -7.538518378654421315e-02 -2.267417778411635609e-01 -8.832603939617844624e-02 2.652621654398479648e-02 -7.043417282789955249e-04 1.482742180326771242e-01 -1.886382567413691647e-01 -2.916870125036246097e-01 -7.853695612176735119e-02 4.670878730702283932e-02 -2.180451125402536328e-01 -1.182785803151102698e-03 -2.217369047702806573e-01 -3.557655722367877305e-01 2.320641566510458220e-01 -3.949165914032605473e-02 -2.015967953281321834e-01 -1.437898346207829026e-01 -1.820472325284968607e-01 -2.348984444900238666e-01 -1.797815089016575330e-01 -3.248630274567679277e-01 -2.847199034200972312e-01 -3.082834989433342332e-01 -8.926178286554564689e-02 -2.889795151743113077e-01 1.395764526585976384e-01 1.598697570943870550e-01 1.466869239327958652e-01 -1.322604861808860943e-01 -1.564512941826075032e-01 -1.550435710234636111e-01 -2.854656323256367645e-01 -2.450306391819157825e-01 -8.128982089874324524e-02 -7.021442582003330213e-02
-1.784715925751997612e-01 6.540400267014265800e-01 4.442736254741642687e-01 5.899862780442016730e-01 1.000000000000000000e+00 4.422383940386570012e-01 -8.145658611491207735e-02 3.824315471532029886e-01 2.927755700067374289e-01 8.756029857953651074e-03 -2.193250093351603869e-01 -2.408094439145048171e-01 -7.263420222972080675e-02 6.978781260884207860e-02 3.724755629447698557e-02 1.171339197140791322e-01 6.826097585358635589e-02 3.187351807778532331e-01 2.290554783132309896e-02 -1.703350912914420867e-01 1.316657333048150136e-01 -1.876033630502021432e-01 4.647851984569409227e-03 -3.625253119739885732e-01 -1.551704737307943172e-01 -2.388210388181364607e-01 -2.566915511184507115e-01 -2.864360245522653003e-01 -3.013559415643239370e-01 -1.188151217341655852e-01 -2.108070955982098704e-01 -1.561053940274646223e-01 1.935319257585772501e-01 2.556800037354988592e-03 -1.996005500015391732e-01 -3.724062924781782608e-02 -1.678447121726527047e-01 9.875525655279864673e-03 1.745275048520020522e-01 -2.885658834431839310e-03 3.875603023786628951e-03 -4.294653032878033017e-01 -1.536355805832166910e-01 4.151735198691924172e-02 -4.937596308821997487e-02 -9.230856846215960976e-03 -6.153978485200777004e-02 -1.364158993869813707e-01 4.953117871522923210e-02 2.274637898383806422e-02 5.127008532815292147e-02 3.384990467985541929e-01 2.562980708651525497e-01 5.616508191197581157e-01 5.704062644941081395e-01 3.391789830026514796e-01 1.041367952713228434e-01 2.033796492679959544e-01 -6.081203780390084801e-02 -1.345636406132311169e-01 -2.003321094282150827e-01 -1.274353922170007036e-01 -2.711854752307692878e-02 1.134240203403310242e-02 4.301176812719736432e-03 -5.093647442125769087e-02 -2.276351010895349136e-01 1.612246343967947970e-01 1.840678823915183060e-01 2.243129928271077322e-01 -6.046008129006275739e-02 -3.775740037628411705e-01 8.231538968319939906e-03 -3.854354045719230598e-02 -3.341248167653682599e-01 -2.819092945521118332e-01 -2.145090639922695719e-01 -3.321281251377450894e-01 -1.249810116880950700e-01 -7.159324755621736258e-02 1.078265724952350013e-02 -1.167977412564943640e-01 -1.861875209124971287e-01 -3.380090925316174832e-01 -2.268245624326240273e-01 -2.081546950281813191e-01 -2.430359875591368846e-01 -3.627378266767005144e-01 -1.812963675941644814e-01 -4.042703943687936397e-01 5.919773950823362801e-02 -6.524314691512761444e-02 3.192221636600470897e-02 3.785160043299536786e-02 -3.415140134054137078e-01 -1.925027249620293035e-01 -1.790204299215515382e-01 -1.492636443106873378e-01 3.928682252929407287e-02 -7.082639382622284152e-02
-1.067039877862898667e-01 2.628313817959697096e-01 6.115411033041084909e-01 2.737686399290293893e-01 4.422383940386570012e-01 1.000000000000000000e+00 3.210002281933260759e-01 5.364782183712590857e-01 4.716460498533719403e-01 3.067716650269732281e-01 7.272206430709590719e-02 1.487596352761461904e-01 2.243222653025764846e-01 2.457605490907384949e-01 1.915388036050128806e-01 2.311809320933632672e-01 8.132838501645422991e-02 1.599193706915104651e-01 3.398085451564890058e-01 1.380108402525299649e-01 2.947710379003889436e-01 -2.985901826787490942e-01 1.369182620359016000e-01 -1.485876342628236202e-01 1.816820988620803934e-01 -3.442334436484554283e-01 -4.747429162946198988e-01 -5.081203320778898691e-01 -8.171989544670470174e-02 -3.592432949532619046e-01 -1.525691178175843654e-01 9.560346789961411684e-02 -1.287658325513314217e-01 -1.744226845552416250e-01 -4.469824811460661462e-01 -1.174258873900750968e-02 -3.175063724567079859e-01 -1.063083754390008462e-01 -1.402702892984883098e-01 2.192193958240457319e-01 -3.157844514798693325e-01 -2.794687616954718568e-01 -4.499549047207899166e-01 -2.159288255042283444e-01 -1.192554023060028306e-01 -3.905814646583896099e-01 -2.960561911473614249e-01 -2.937655206583345002e-01 1.788906615818428303e-01 -5.237419990458955926e-02 2.972016676493711707e-01 4.140947869896479672e-01 3.359820168599625401e-01 5.289322862918232060e-01 6.160278740359333982e-01 8.136382637576362598e-01 3.301143548185077603e-01 4.557093569885072859e-01 3.474039154905749216e-01 -9.128114019031022958e-03 2.035179286753779904e-01 2.677405482196863473e-01 5.957772680243472729e-02 2.523630844982855392e-01 3.265244404401921319e-01 2.455806283179254867e-01 9.233339348619373776e-02 3.392802037971704432e-01 2.271705826201338985e-01 6.006021246932254781e-02 2.996114187655439243e-01 -1.940046264655907182e-01 2.266253521772291224e-01 2.810887068784750920e-01 1.340322529413360830e-01 -7.299475531363792957e-02 1.699509936335603100e-01 -2.980144734590847166e-01 9.994501811763963073e-02 1.343696259066881338e-01 2.334986370849552739e-01 -2.226004270366850613e-01 -8.889762235501148802e-02 -3.633308346050531656e-01 -2.896357968119147586e-01 -3.367915282202104676e-01 -2.003677465549636716e-01 -3.715841654402795569e-01 -1.212521758002755579e-01 -1.654716914002506145e-01 1.089427500972319079e-01 1.961087849391780213e-01 1.312525948562150158e-01 2.399966134745172286e-01 -3.733306909616410652e-01 -1.498256490713512634e-01 -3.729619006377720147e-01 -1.420239660516320335e-01 2.772016339686905195e-01 -3.520566628517456803e-02
3.215533291889380862e-01 -6.940119543130357505e-02 2.052360904375075124e-01 1.852582626170407032e-02 -8.145658611491207735e-02 3.210002281933260759e-01 1.000000000000000000e+00 3.371863514934329564e-01 1.061667081301130022e-01 1.899166741381884682e-01 1.751079947779672075e-01 2.080314922735266581e-01 1.308210339676309508e-01 6.933418631989188285e-02 -2.557251209402722214e-02 4.083782839949157695e-01 1.342682650885740625e-01 1.131686963233596204e-03 2.067369762260202748e-01 3.798818679608641502e-01 7.891415225924434951e-02 -7.727139514118326613e-02 6.196451673366402263e-02 2.943508980833909883e-01 2.144871076722707770e-01 -1.050183547791284505e-01 -2.687030901316400655e-01 -2.117431097375797322e-01 1.658116041754700565e-01 -2.975698760213538185e-01 -2.388606660549921420e-02 2.206488912580323591e-01 -2.051341698409125391e-01 -2.132290449128601273e-01 -3.415137757939424867e-01 -8.142786374772935376e-02 -3.099330613434766457e-01 -1.067343154346944989e-01 -4.156239684713379789e-01 3.153440887139803417e-01 -3.526383359088305913e-01 -3.817922885821855433e-02 -2.462619041763910166e-01 -1.956030153959744666e-01 -4.602572048484795952e-02 -3.939129908848683082e-01 -3.960248030797491881e-01 -2.385519369058916594e-01 1.623730434897627806e-01 -8.648530900865707138e-02 3.669630426021533443e-01 7.583907161207702197e-02 2.313721876550417222e-01 1.007567768030053212e-01 7.891773410163581415e-02 4.062037536252153802e-01 3.059803363681767863e-01 2.334215014843962765e-01 2.792635572027853397e-01 -1.163976634525469046e-02 2.302234329073350738e-01 1.725100429724969742e-01 -3.035378695235162183e-02 1.240009163185183255e-01 1.452840365500316366e-01 1.157858706124246795e-01 4.453902179042001364e-01 1.578923720612546988e-01 4.150677069923372486e-02 -2.858106908850160596e-02 2.838872550627434821e-01 1.210675769996613221e-01 1.441693220016856680e-01 3.035575829836100747e-01 3.689508740558083422e-01 1.027695883388084208e-01 3.095331620016388285e-01 -8.403406059022500152e-02 2.531202178761534083e-01 2.170410916864113360e-01 2.169565051471775419e-01 -2.150234480525929914e-01 -7.311501924355159020e-03 -2.301075816507743010e-01 -1.846234365345775785e-01 -3.020003511978411881e-01 -1.000682414178932361e-01 -1.382197381704534378e-01 1.052353983354132605e-01 1.215124116344080685e-01 1.293722225388732883e-01 2.587993229813710383e-01 -1.843088832180227177e-02 8.652547530555733390e-02 -2.479439855238173840e-01 9.794847751404708869e-02 -2.241561475498825562e-01 3.116286680018984928e-03 2.121767469932588357e-01 3.655318274538492396e-02
1.923914484819446435e-01 4.938013271357769018e-01 5.349853844575774842e-01 3.581851663713003786e-01 3.824315471532029886e-01 5.364782183712590857e-01 3.371863514934329564e-01 1.000000000000000000e+00 5.950550864325743206e-01 3.719379744022951462e-01 5.810856860406053703e-02 1.710183421818472493e-01 2.024786761647740518e-01 1.935189733143990176e-01 7.433812395831210229e-02 5.737846735385303543e-01 2.196219038689238290e-01 2.360825795210574896e-01 3.941144686275172004e-01 1.304247800872988527e-01 3.276432667933999454e-01 -2.690020337429523956e-01 4.711724933376036732e-05 6.769818963037485537e-02 -4.639534976071123945e-03 -2.527342932297425571e-01 -3.930890965888627631e-01 -5.130388128116076807e-01 -8.190911618297241903e-02 -3.789812375503944786e-01 -9.193416370211014016e-03 -1.834442426369616366e-02 -2.596299079215975136e-01 -1.325299464389584347e-01 -3.699513139788739302e-01 -2.022655320531229484e-01 -4.805153164382418574e-01 -1.170779487854057554e-01 -1.357312049592726555e-01 2.857517604865003058e-01 -3.535483444737865799e-01 -1.180729163590414910e-01 -2.035078041147163341e-01 -3.506917101995975505e-01 4.726522012859721983e-02 -4.488743519070098054e-01 -4.004126007481842997e-01 -4.914672376850114377e-01 -1.632028127541468310e-01 -2.004907196621890930e-01 2.679528192432396594e-01 6.310367737004979327e-01 4.960954247458454480e-01 6.194134566765097105e-01 6.888091214681464347e-01 5.605228145693679220e-01 4.919733699210096511e-01 7.547168503864057909e-01 4.148092881481654781e-01 8.492882951867578023e-02 2.008749022278893959e-01 2.211384784923122182e-01 4.570514918847527752e-02 1.599928655764671359e-01 3.144610982497632601e-01 1.109839061023346202e-01 4.551534295974921096e-02 3.712640540433425618e-01 2.627187285259784399e-01 1.981213587740841831e-01 2.739569489629582466e-01 -4.654452029476417729e-02 6.397054283322671508e-02 3.275342058454136507e-01 2.258469384790089407e-01 -1.266112912510506394e-01 1.054026056765419439e-01 -3.191658399451814399e-01 3.326985015742039281e-02 3.088427436295715020e-02 2.891305805842304122e-01 -3.091722041745068039e-01 -1.825093251520595872e-02 -3.137295669370358531e-01 -3.436823989943574298e-01 -4.715856812905383499e-01 -3.621822667989763045e-01 -4.597128452160407774e-01 -1.876795346984184709e-01 -2.180891566885453936e-01 -4.856059535313610176e-02 1.092994275601128079e-01 2.246891843901232255e-01 -1.108172354449276781e-01 -2.195825971639467356e-01 -2.130447575084904455e-01 -3.695542069773307681e-01 -4.370747560637286422e-01 5.392210747269612220e-02 -1.866947807455259234e-01
1.285425279878410765e-01 2.415801379494520174e-01 2.612172392065778004e-01 2.585059591557405390e-01 2.927755700067374289e-01 4.716460498533719403e-01 1.061667081301130022e-01 5.950550864325743206e-01 1.000000000000000000e+00 2.381107875504205884e-01 9.957642918557214895e-02 8.388397514607813521e-02 1.552163917041776003e-02 1.139626411952280177e-01 7.193129268248056596e-02 2.760975425814574113e-01 -1.482707458393175970e-02 -1.730523299972141771e-01 2.459454803218916741e-01 3.685368240287442698e-01 3.037889530773417168e-01 -2.062153488115853750e-01 -1.004232844814304110e-01 1.626748660410620995e-01 -7.388950152722380260e-02 -1.008495696402218617e-01 -1.812976373759294935e-01 -2.184962053004049498e-01 2.491404446702359388e-01 -2.893708704947448029e-01 3.654735725133066715e-02 -3.891167524848915260e-02 -1.948353948764527110e-01 -1.203453851536545743e-01 -1.808527324125788482e-01 1.794155965489804827e-01 -3.499053517671601998e-02 -4.114006340292331726e-02 -6.064384935365635387e-02 3.299278222830351326e-01 -1.406362923358346340e-01 6.015344650805741489e-02 -1.336843607479239193e-01 -2.585660566012054629e-01 1.109389779161094602e-01 -3.043280988343863847e-01 -2.685997264727673084e-01 -3.166266672588655129e-01 6.567582636155314124e-02 4.673855370579575903e-03 -1.246197324736934278e-03 2.557024566740667137e-01 3.246256467166105386e-01 4.233358105606300770e-01 6.453671090181790637e-01 5.021973499296330523e-01 6.376837794540406168e-02 7.000898487042128693e-01 2.677057972594639179e-01 1.547098537896785808e-01 1.247147648865560010e-01 1.189464372848368645e-01 4.647277337389653764e-04 8.776306197639116222e-03 3.581123554098225581e-01 6.059719344981573386e-02 1.093696705630137905e-01 1.571223488180590599e-01 -4.172991643918214782e-02 -1.079776804899572201e-01 2.690385168921489156e-01 -1.030657245724568710e-01 -9.426029962201462609e-02 2.791818145563030873e-01 1.212374718008730062e-01 -6.897717442498661755e-02 2.869053137013938271e-01 -1.332869257314109601e-01 1.308964827527650358e-02 -1.461285074236156611e-01 9.419740783626236180e-02 2.167787341274736088e-02 1.579100413494876620e-01 -9.322894127128465713e-02 -2.586959737991671726e-02 -1.626860772349843498e-01 1.041728657297287808e-01 -1.468735524729906927e-01 1.261830667725344357e-01 1.234054445795648713e-01 -5.686223960131023270e-02 1.660041893368813526e-01 3.229530342962682044e-01 -2.179244564395539097e-01 2.795587243122530860e-02 8.727840800512715741e-03 -1.432813531988232358e-01 -2.651429142236160219e-01 2.268854048192817663e-01 1.282846510594653211e-01
1.368345098403332127e-01 7.913770132466269036e-02 3.139185853597216136e-01 -9.407782630658874032e-03 8.756029857953651074e-03 3.067716650269732281e-01 1.899166741381884682e-01 3.719379744022951462e-01 2.381107875504205884e-01 1.000000000000000000e+00 3.714560290812108923e-01 6.119965621776495279e-01 2.922315976647787417e-01 2.023920300785764792e-01 1.584660085949608499e-01 3.342336146719776524e-01 7.671940938405448496e-02 -8.706271529883087557e-02 3.135293679107332698e-01 9.163336330551578868e-02 1.428749317020386600e-01 -1.402959259389160995e-01 -5.687411699936591181e-02 2.926986825879011600e-01 4.171644718313500255e-01 4.557446015413803286e-02 -3.904097034326696192e-01 -3.041365505902182687e-01 5.823770437467648553e-02 -7.232143955068473518e-02 -8.476379253408740377e-02 3.311019930658437027e-01 -1.662228081628936704e-01 -1.673787453051556184e-01 -3.088933477399233851e-01 -2.794183671003437897e-01 -4.231068369100801640e-01 -1.714106206937334176e-01 -2.644315889414281529e-01 2.940529465481754867e-01 -5.471158342857374013e-01 -2.376988827928226133e-01 -2.733012225106508097e-01 -3.818739992322470744e-01 -2.318284399403463258e-01 -4.913161715045400446e-01 -3.869760889023676209e-01 -3.489398037313040657e-01 -2.045730028503852937e-01 -3.809790936860366628e-01 4.244618952679625190e-01 3.016640184548761150e-01 7.271018780821747463e-02 1.503533890730013034e-01 2.075084017140465809e-01 4.467944197816433038e-01 1.450971975191597818e-01 3.041271539252120570e-01 7.400476422685987599e-01 2.773517770881968048e-01 6.747088738161022281e-01 2.409758071415548097e-01 6.664560660226240274e-02 2.720292345259239242e-01 2.627789263076211190e-01 2.579568470653781920e-01 3.173678554447850048e-02 2.312144089559206028e-01 1.574045345227962356e-01 -1.123285782601444321e-01 2.269160839908986038e-01 3.353484210742382204e-02 5.628188387802663534e-02 4.944140721390302695e-01 5.338890105679813258e-01 4.069886128276212767e-01 1.763772846822322382e-01 -1.224022311774664445e-01 2.299064294437435929e-01 3.131396626763967017e-01 2.285038226716866183e-01 -4.274031273041744572e-01 -6.048793919056349479e-03 -7.556014716570412515e-02 -1.644708816143520269e-01 -4.860610559188964785e-01 -3.515650226693665115e-01 -3.243617376302603827e-01 -1.873744111820667135e-01 -6.314766674877861363e-02 -2.160170473396439417e-01 2.646940581538789750e-01 1.060467302922471627e-01 2.218312870244706358e-01 -5.935874075476037931e-02 -3.935603628343686267e-01 -4.865317593598508794e-01 -3.770505403560788227e-01 -8.561380221746520136e-02 -3.274362048658048807e-01
1.712462523088030542e-01 -1.991781783489455226e-01 -9.596649558472751529e-02 1.392940804360026930e-01 -2.193250093351603869e-01 7.272206430709590719e-02 1.751079947779672075e-01 5.810856860406053703e-02 9.957642918557214895e-02 3.714560290812108923e-01 1.000000000000000000e+00 3.330326758063161807e-01 1.335585299404836723e-01 1.093484835321200527e-01 2.798023387128662498e-01 2.807566712619019231e-02 -1.279777379054759454e-02 -1.311581019223634070e-01 7.354194311790131222e-02 5.289769196378388272e-02 3.504822186249344218e-02 -2.539001810097970407e-02 -1.972537323331566561e-01 1.978862003201887210e-01 6.271027572389772375e-01 1.025212354853320545e-01 -1.868580938571400007e-01 2.855983208743993751e-02 3.520679105461881064e-02 -1.429326538505448774e-01 -1.800627094840682452e-01 3.377894275134037949e-01 1.039554612373688042e-02 -1.324635633086038433e-01 -1.698771887977474082e-01 -6.254980298523249438e-02 -5.558068076724932000e-02 1.747273994509927070e-02 -7.802165445256713239e-02 -5.535663599432368021e-04 -1.717919289479756251e-01 2.087369770533245850e-01 -1.395688612220897240e-01 -2.189122552845498837e-01 -9.005880342073062372e-02 -2.787065163653706379e-01 -2.306802408499227242e-01 -3.130839753192408703e-01 -1.479511800401888462e-04 -1.574301131346698968e-01 2.825693064965848489e-01 -4.949082427668459461e-02 -1.049735330701439678e-01 1.684210769269241931e-02 -4.780236461908004414e-02 2.302495559931814206e-01 1.213950787093004136e-01 5.264187699090797784e-02 5.778351074686967070e-01 -5.304674609873456965e-03 5.040715628234576640e-01 1.632151265044501365e-01 1.014010064530945082e-02 1.515367482818358036e-01 1.748202124314429395e-01 1.654864292452211672e-01 -5.458116640804135805e-02 7.879287121696525176e-02 3.364891618042181731e-03 -1.072430877716439579e-01 1.246073561617533076e-01 2.529926341913116827e-01 9.148594709090000776e-02 8.378957518472356092e-02 3.391458470354891119e-01 6.197740580737045590e-01 1.792513012186225385e-01 2.046747481939925964e-02 5.329674650990658957e-01 1.412361421260387995e-01 -3.271026217467065678e-02 -1.490224638836239457e-01 7.096853992162711899e-02 2.596958952334341847e-02 -1.715946013152359340e-01 -2.909598439080928745e-01 -4.307029695182766627e-02 -1.011453154142099575e-01 -1.112203184022276387e-02 1.241452222006174805e-01 -3.898830309649598674e-02 5.700441234165440907e-01 1.980097162569551244e-03 3.254435836426727846e-02 8.975263884216377885e-02 -1.473802901942514176e-01 -3.095026769344326745e-01 -2.465911752759702980e-01 -2.116684753636809968e-01 -1.350374033732096024e-01
8.583476867608136329e-02 -1.037188134860635019e-01 1.034437774714545011e-01 -1.712256809279373015e-01 -2.408094439145048171e-01 1.487596352761461904e-01 2.080314922735266581e-01 1.710183421818472493e-01 8.388397514607813521e-02 6.119965621776495279e-01 3.330326758063161807e-01 1.000000000000000000e+00 4.218451554053485597e-01 2.966558658822989747e-01 2.661704265350164356e-01 2.821284285103583533e-01 7.802609608190702595e-02 -2.613598329131081033e-01 3.466745356586443116e-01 3.081668508890439973e-01 1.964923543167367281e-01 -4.222943358808602110e-02 5.808290310689243757e-02 5.411085459781040941e-01 2.212584638663785686e-01 2.521740050608447525e-01 -3.101284610223100091e-01 -2.101988058752910227e-01 2.841863259275319575e-01 -3.326974319031602428e-02 3.007082754408321040e-02 1.169734204702021219e-01 -4.431457268623024692e-01 -2.051139138376475435e-01 -2.965120602183693443e-01 -2.742017449142890029e-01 -3.686147632388485640e-01 -4.548825696498377535e-01 -4.443742871308016262e-01 2.453808039581499845e-01 -5.824784338854364085e-01 2.582591701343810858e-02 -1.774601562530645771e-01 -5.101649226681954641e-01 -1.841781590501571642e-01 -5.824895713576736522e-01 -3.672578038269789791e-01 -3.370016742761147155e-01 -2.212520354058168381e-01 -3.952438032664702949e-01 1.508933832600818092e-01 7.269356869131317345e-02 9.616306821640819430e-03 -8.860681717297019810e-02 1.499416602883412754e-02 2.824775828091963814e-01 7.318876261957124596e-02 2.147112526034926916e-01 5.589509834755050921e-01 5.271817777169017782e-01 7.171435305747343447e-01 3.931850365449408025e-01 3.076064409874980643e-01 2.682855117324927652e-01 3.681103238059710847e-01 4.087549759294308305e-01 1.472668806111884221e-01 1.705050001092207612e-01 -5.648367410967232959e-03 -2.265234982826358767e-01 3.873695087760589129e-01 2.216570783710377357e-01 1.225833975275345683e-01 5.276077417214805054e-01 6.704247635690692153e-01 3.532727764493380773e-01 3.819223377714867085e-01 2.205732571199065239e-01 1.509360995742654588e-01 1.188800389248303134e-02 2.559484257519951678e-01 -2.689952594832387689e-01 -8.627365473004503307e-03 -1.971487818392246225e-02 -6.440404386183654073e-02 -3.399542191452486484e-01 -1.694966189781152155e-01 -7.345921508525601884e-02 -1.147501415172845138e-02 1.616202766797364687e-01 -2.439188354688124893e-01 2.021717022101417877e-02 4.422380346663512540e-02 6.421134059245880987e-02 1.961137789836376044e-01 -2.820089908926606270e-01 -3.625438987009606540e-01 -2.501754547831341879e-01 4.580131896572342542e-02 -2.262149307304082702e-01
9.639148605458323915e-02 -1.414574490123741146e-01 5.873435979652222305e-02 -1.780225723599395404e-01 -7.263420222972080675e-02 2.243222653025764846e-01 1.308210339676309508e-01 2.024786761647740518e-01 1.552163917041776003e-02 2.922315976647787417e-01 1.335585299404836723e-01 4.218451554053485597e-01 1.000000000000000000e+00 6.516617476774040352e-01 6.235295964951558245e-01 2.373751459579351297e-01 3.458669322813850977e-01 2.870040131161135655e-01 5.000146411804788915e-01 3.110992897213193595e-02 4.551972455340146939e-01 1.880556011173239450e-01 3.949666638922189610e-01 1.202650973464051143e-01 -6.844867525859914259e-02 3.746122180172192090e-02 -3.762441436045180221e-01 -3.605067092813395990e-01 1.308906612897421384e-01 2.955649338440381052e-02 2.045346256091201964e-01 -7.759411783562336629e-02 -4.266489776245863119e-01 3.048979559270103071e-02 -1.736838698733906838e-01 -3.741884758872579542e-01 -4.088280243152366822e-01 -3.657174602987765533e-01 -3.766947795029298995e-01 -1.247897145475165420e-01 -4.023666959958573930e-01 -4.826090408085276923e-02 -1.012258326822120941e-01 -2.537961731630875017e-01 8.293384226787453573e-02 -3.247399987347627248e-01 -1.932853882169539017e-01 -1.068493931246228823e-01 -2.935535768888334895e-01 -2.699204270294621733e-01 1.228090297864243147e-01 1.889222997308367680e-01 2.789615567935181950e-01 4.521270301080870108e-02 2.268583788823995695e-01 1.974871416856177619e-01 4.169977026460042202e-01 1.811456976330789448e-01 3.324316191470622628e-01 3.329094881416148066e-01 4.373474209608031460e-01 7.964123173500619046e-01 7.271685906545592992e-01 5.957740495742993581e-01 5.609530180175825720e-01 6.930701057998206460e-01 -1.372829485909428104e-01 5.433994831897220879e-01 4.749546345430382677e-01 3.226815235611151245e-01 5.072573475962925960e-01 4.497368209112384552e-01 4.823797052006218999e-01 1.580975719638846866e-01 3.609575057752376637e-01 -1.771010199125462939e-02 2.314164541112116447e-01 1.152193952163393376e-01 -1.208173385355939683e-01 -1.559762739008206667e-01 5.197446900024050853e-01 -2.496117239948763555e-01 -3.610342384966996887e-02 -1.835981994824204544e-01 -3.201368285158948113e-01 -3.652964480600167652e-01 -3.061760668568111465e-01 -3.781816918018047757e-01 -1.917289638779973160e-01 -1.628287712266682785e-01 -2.801507907777726625e-01 -1.282957626884285718e-01 -1.409815908582184030e-01 -1.183998293218950365e-01 5.856088616984447132e-02 -2.121857976960589420e-01 -3.817402044783912429e-01 -2.099793038455931571e-01 6.253358748810061360e-03 -2.622717375661154371e-01
2.631733786909633971e-02 -3.431977504133414819e-02 -2.009032394215287329e-02 -7.598524915965951254e-02 6.978781260884207860e-02 2.457605490907384949e-01 6.933418631989188285e-02 1.935189733143990176e-01 1.139626411952280177e-01 2.023920300785764792e-01 1.093484835321200527e-01 2.966558658822989747e-01 6.516617476774040352e-01 1.000000000000000000e+00 6.798709826370809006e-01 1.563439331595208037e-01 4.166502079413650916e-01 3.063690815893636565e-01 7.100334423662327810e-01 2.202672960516750475e-02 7.045056740522940286e-01 2.824907382590503557e-01 4.980640879357585149e-01 8.364697249980969015e-03 -9.162784103945736947e-02 -1.489775103912718140e-02 -2.954678198041394976e-01 -3.678703310175139296e-01 2.131771703949184860e-01 -5.736035132639654560e-02 8.601331427615309388e-02 -1.083985400975779750e-01 -3.227038369692786235e-01 -2.522666479410717519e-02 -2.024483598976468124e-01 -2.674186161792078686e-01 -1.842374861245562323e-01 -1.414850786817247741e-01 -1.218459686787369267e-01 -1.507940666212788938e-01 -2.055826460969543135e-01 -3.814696622384235875e-02 -5.367690880897237060e-02 -1.480907252082789560e-01 1.246418541992706623e-02 -1.999930729902322513e-01 -6.056504225290156723e-02 -3.086730793319927835e-02 -2.543821350245110691e-01 -1.367437673098087225e-01 9.419920677278112442e-02 1.756848199630960672e-01 3.487151869138949700e-01 8.947962383973584455e-02 2.732756719172471094e-01 2.201440052301578965e-01 4.163697099734801621e-01 2.365042294908503429e-01 2.430146665385311544e-01 1.947227711694118346e-01 2.405124275250521138e-01 6.817644370859037295e-01 5.553780600571630588e-01 7.378604141530458183e-01 6.745086838660436790e-01 7.357538434340269440e-01 -2.185580497524947652e-01 6.014470695099094488e-01 4.560728739414888211e-01 3.555358918022066828e-01 5.327458104140213591e-01 3.749641208692401917e-01 5.304608863989781486e-01 1.064521734008538056e-01 1.326957601479290261e-01 -6.500339249357824090e-02 2.682133792394913452e-01 2.620147518531459191e-02 -8.099490824264303501e-02 -2.094588997163220612e-01 4.569712063557831438e-01 -5.482342547359039808e-02 -1.011109516952021087e-01 -3.053230389933373479e-01 -2.256414507695813088e-01 -2.228955965974059594e-01 -1.152964983286448725e-01 -3.544374423828352549e-01 -1.487840157474019653e-01 -4.891585445822919931e-02 -2.025505452867339962e-01 6.008607094254396833e-03 -3.871234422530732411e-02 -1.470986592118729841e-01 4.009301820392459359e-02 -1.229437168931598462e-01 -2.497719098557514839e-01 -9.902986158674434436e-02 6.046165517087381119e-02 -8.112575143831168845e-02
4.967151248496926019e-02 -1.068886792283650494e-01 -3.207482287958771106e-02 -2.740551691430558393e-02 3.724755629447698557e-02 1.915388036050128806e-01 -2.557251209402722214e-02 7.433812395831210229e-02 7.193129268248056596e-02 1.584660085949608499e-01 2.798023387128662498e-01 2.661704265350164356e-01 6.235295964951558245e-01 6.798709826370809006e-01 1.000000000000000000e+00 1.285120460301303509e-02 3.069968302891349365e-01 2.105578545061324580e-01 4.524877035732893238e-01 8.669048102499658792e-02 5.744333985488121463e-01 2.782023323040414553e-01 4.147303816388147601e-01 1.564513697150879748e-02 -5.995409940354163615e-03 5.920574211669766412e-02 -2.984375155033968663e-01 -2.002387834941177502e-01 2.393476513332286337e-01 1.380054194226705555e-01 5.351657768235576831e-03 -4.388730940629959748e-02 -1.530117984526621622e-01 3.906802805369401221e-02 -1.217158715778039885e-01 -1.996022615196586247e-01 -8.642569255226741076e-02 -1.904246820165617637e-01 -1.001470095638694741e-01 -1.860073442352364603e-01 -1.784323548722384634e-01 -1.020475248032384624e-01 -1.107540042315261486e-01 -1.229451013968242967e-01 1.137982307777005327e-02 -1.857121826837081768e-01 -2.897472053886659613e-02 7.795729745708647332e-04 -2.072605383070576790e-01 -9.498098437304390573e-02 4.476149206675431036e-02 6.229004655914861105e-02 1.367718205326362568e-01 6.861848774879961664e-03 2.200770886328814457e-01 1.647295008861319465e-01 2.366549479808622014e-01 1.209483937687783062e-01 2.292914276855773925e-01 2.137745857297695395e-01 2.843368270680453613e-01 5.820638666044146703e-01 5.058712499637475490e-01 5.939799673612438102e-01 5.278548269333092069e-01 7.673591702918398649e-01 -3.081173487437067204e-01 4.592335520509767122e-01 3.699306545570492655e-01 2.518139508161229556e-01 5.011397676819201452e-01 2.973123173845080847e-01 4.790126148409472040e-01 -1.744862371987259200e-02 1.243836951960837073e-01 3.776719161406329184e-02 2.504527867893987514e-01 1.358437135590437606e-01 -5.786043379218895610e-02 -3.002613961433053813e-01 3.295209248338926145e-01 -8.603610012452220235e-02 -9.878988614288290726e-02 -1.986457854323549765e-01 -1.977379974653840911e-01 -2.207806297377096771e-01 -1.106193353386804579e-01 -3.424452996345148104e-01 -9.064976167003115093e-02 -5.491211039782902675e-02 -3.353790026341913477e-01 -9.607812764178937440e-03 -2.009234318218547644e-01 -1.714173291353558448e-01 7.045056138177735461e-02 -2.275804701526510376e-01 -3.092110131084711555e-01 -1.088339002334876709e-01 2.682750588532179306e-02 -9.574707686587598243e-02
