1.000000000000000000e+00 -1.597744683685399514e-01 1.828568164455175726e-01 -1.430633445556231953e-01 8.144789424370160041e-03 1.530784815198402704e-01 -5.248617784372999751e-02 -2.301411305026991594e-02 -2.803504697071897492e-02 7.743540098806921124e-02 3.013295110909237629e-01 6.393212489200732207e-02 2.574984441829872989e-02 -4.787080384319486459e-02 3.416839239402517936e-02 -3.761072126086073553e-02 3.803916867455318929e-02 2.668015001507137440e-03 -1.400485482470159027e-01 -3.333419602917729596e-02 -1.304006066697948607e-01 -6.286827707776944385e-02 -1.106468903914352292e-01 -5.427897806240076541e-03 1.398022934229662950e-01 1.570312688973077020e-01 -6.700459631908904645e-02 2.954420117498288839e-02 5.930890940646831554e-03 -2.423026589981176482e-01 -1.180694836461820552e-01 2.609423994518281775e-01 -1.714680236110631972e-01 -1.257683722312390173e-01 2.718092204431630035e-02 -4.120094471839965550e-02 4.153050271077798699e-04 -2.705322003847179801e-02 -2.179478570579259644e-01 -1.193927350930589285e-02 3.721188542536421617e-02 -1.762163302560901812e-01 -1.182199175072639295e-02 1.492654944897833236e-01 -5.664088243994856720e-02 -1.772380633605440958e-01 -1.498053193779191328e-01 -4.336964395871622385e-02 3.917385381115334742e-01 -6.901773095641679234e-02 5.818160941039240974e-01 2.352289371950074537e-01 1.238377883008668669e-02 2.573009035921980728e-02 1.990786062409675150e-01 3.453991369939179434e-01 1.746046226647006150e-01 7.261814454976836530e-02 -1.050285283462444944e-02 2.938473302184227420e-01 1.662566146486925411e-01 -2.941382753874081935e-02 -2.211153912896222928e-02 -1.373250313175463332e-02 -7.914262213880930708e-02 -1.824205400916655310e-03 3.265916034368669396e-01 -8.389972401810923130e-02 -1.389823613913530598e-01 -8.164643158252105071e-02 -5.889053671024594566e-02 -9.220372434516804772e-02 -7.449447139076732782e-02 8.232006066627237106e-02 3.606168898683673879e-02 2.205754934841786807e-01 1.566833204729890239e-01 -1.233796645828605792e-01 -1.876971777804044561e-01 2.417379658405914011e-01 -5.488437274792625636e-02 -1.216334555319582011e-01 -6.983769565458192163e-02 -4.128822740462778640e-02 -9.246316466722342281e-03 -1.053081767766066018e-01 1.340186483851937838e-01 5.311929444242911164e-02 9.916030075474610572e-02 3.792011082001041367e-02 -8.309130378847583154e-02 -1.132512034721212292e-02 -1.347420974139699190e-01 2.416634054176467483e-01 -4.772177042906630001e-02 3.176532701958260929e-02 1.125664578860637120e-03 -2.318302455112683166e-03 4.203109221552126518e-01 1.238771770294126023e-02
-1.597744683685399514e-01 1.000000000000000000e+00 3.465998397337080594e-01 7.638852682301849883e-01 5.815893158107168226e-01 1.778956241215166323e-01 3.541660898058289209e-01 4.696330394182358092e-01 1.751786775388307904e-01 -4.830193660523068866e-01 -3.504543236573783305e-01 -5.253921233366292132e-01 -2.422578389955362954e-01 -1.713765088921065383e-01 -2.601832155437225902e-01 6.518289467970582729e-01 -1.716009589760550402e-01 4.627572834513448696e-01 3.582531304177147269e-02 3.703479054539138282e-01 1.061289548242587699e-01 5.976918958690057709e-02 1.488843754362608740e-01 -2.203833519488107850e-01 -3.660690851564587511e-01 -3.722026836433787733e-01 -1.500623507764734244e-01 -3.327693998352271865e-01 -2.749939142815336912e-01 -7.674147809668231679e-02 4.626859247638343692e-02 -6.784502514428893995e-03 -7.116497760727355515e-03 2.288785408876440608e-01 -1.731517190181057486e-01 8.697546625932907338e-02 -2.320868856847623785e-01 -2.093967507542265349e-01 -3.180445847169467988e-01 -2.283603696552767570e-01 -3.648468928615157814e-01 -1.397094037173529923e-01 -4.078390445777981821e-01 -2.802714627613295262e-01 -1.035797329786991919e-02 -2.890592024007406780e-01 -1.744118334932332204e-01 1.113792560496374290e-01 -1.938659498983857643e-01 -2.742246950510389691e-01 7.093156824793457604e-02 6.302328631805401704e-01 2.862557477759375413e-01 6.431114116095324462e-01 3.241235221881391126e-01 -1.292889866552399819e-02 3.179459304881542270e-01 2.881971677279567823e-01 -4.280654475090389655e-01 -3.619599499521219954e-01 -2.917656124106862148e-01 -2.360498754555475365e-01 -2.129818889148970829e-01 -9.293372010577850839e-02 -1.622957013223190470e-02 -1.929133704466177712e-01 -3.231532528158022055e-01 6.347016303493499892e-03 1.189837806999733683e-01 4.267779220488268632e-01 2.317011704099665725e-01 -1.261366878228709631e-01 1.716937980524527174e-01 -2.077415141223515893e-01 -3.466229671737464657e-01 -3.914580367830493013e-01 -1.023844986129450602e-01 -2.385039608218005869e-01 -3.292696732571812751e-02 -2.505290500013356292e-01 -1.192698002827167342e-01 -1.705259182591901401e-01 -3.405367485051044030e-01 -1.266421677715833805e-01 -3.421882148853958583e-01 -1.011928506246430187e-01 -1.643984967586264445e-01 -3.048170146641300260e-01 2.388720219020137869e-01 -4.347459688586062798e-01 -2.142300917505173263e-01 -2.266547298320784609e-01 -3.306373405165681789e-01 -3.383576561103457392e-01 -4.289353337770028252e-01 -2.263913202213335141e-01 -2.887217532369894535e-01 -5.104208683116343015e-02 -1.939167864375747341e-01 -3.541014599551914332e-01
1.828568164455175726e-01 3.465998397337080594e-01 1.000000000000000000e+00 1.089006895361896293e-01 4.329297408026138716e-01 6.605681884173520979e-01 3.686635025064302629e-01 3.641298621392400348e-01 4.968758580777545286e-01 -1.883458947817197027e-01 -3.518686293533204289e-03 -2.054587032966802007e-01 3.380032851726184201e-02 -5.693984447747073296e-02 -4.440575934126431840e-02 3.164428953666378330e-01 -1.257466142029155243e-01 1.259047301867553537e-01 -9.132380302628427537e-02 2.725707114093555150e-01 1.799165496225122174e-01 -2.464616298352972634e-01 2.305029014977559923e-02 -9.965740870905240301e-02 -1.627000206470604060e-01 -4.392466717208698967e-01 -2.180784783064329269e-01 -3.823389910850362727e-01 -2.248063631538023965e-01 -1.962876211112848379e-01 -1.289095960165769772e-01 5.359924082820695379e-02 6.226816123400034583e-03 -1.774455652510738557e-01 -2.699508793815692531e-01 2.909463207076793956e-01 -2.922855160525489326e-01 -1.132304443546010980e-01 -1.710042542912607599e-01 1.874503722499232944e-02 -2.972143497208745155e-01 -2.519192186676066370e-01 -3.434279325183447473e-01 -2.408075173137049774e-01 2.217514865819512557e-02 -1.871274118945135956e-01 -2.875082330356321103e-01 -1.617799228403217771e-01 2.915634733524568034e-01 7.489995259858683863e-02 2.135842310406403932e-01 4.928975893999217317e-01 1.744907920285962144e-01 1.176587469497590022e-01 6.743032599223633961e-01 5.658444807972198287e-01 1.876193702382927819e-01 5.579274340577998759e-01 -1.753631284422590697e-01 -1.290285033130297576e-01 -3.795630933460996531e-02 -2.216564805787028455e-02 -1.106266017115534739e-01 -4.395802043648556340e-02 -5.319382813677080851e-02 -8.248919155857689992e-03 -5.407064110258406886e-02 -1.021734253909943602e-01 -1.538265401877267347e-01 -4.140014353707433675e-02 2.852940218770859127e-01 -3.170372349809313373e-01 -7.547284673592198970e-03 3.327995950112596496e-02 -1.586751959367810050e-01 -3.610675324004454789e-01 1.884605528715440625e-01 -3.181768468322352383e-01 -1.700815154621602709e-01 -1.262242827050455707e-01 -2.447541411825667479e-01 -3.589797942212241133e-01 -2.797109794291111617e-01 -2.961786341690899049e-01 -2.514397257883790315e-01 -2.493347765689995776e-01 -1.118557942449259768e-01 -3.760894461484081130e-01 1.115621031449856027e-01 -2.031543573885368770e-01 -1.492914782364309634e-01 -1.497004806359404916e-01 -1.316845300584996159e-01 -2.800153287732010665e-01 -3.320160038422554361e-01 -2.215763568039244291e-01 -1.277064430936393769e-01 -1.213816565652414137e-01 2.429506907625183509e-01 -1.401100718149781710e-01
-1.430633445556231953e-01 7.638852682301849883e-01 1.089006895361896293e-01 1.000000000000000000e+00 5.582293563187518126e-01 3.051584070095397089e-02 2.459522763665564771e-01 2.912021330993822543e-01 -3.821886665927616555e-02 -3.514427048753384075e-01 -2.447561417116628224e-01 -4.729823595808331227e-01 -1.985546395223191651e-01 -1.257351857083901514e-01 -2.477168713023167324e-01 5.929371203118454225e-01 -1.789025713438768539e-01 4.586277624573429912e-01 -8.113723527000802141e-03 2.614627196672302256e-01 -5.861779975768471353e-03 1.015051997357191704e-01 1.334764901153447925e-01 -3.119743616686491139e-01 -3.749098995199227069e-01 -2.765305299273024264e-01 -1.684588677872237150e-01 -3.164291956277606177e-01 -3.793193449405981021e-01 -8.408250462354309451e-02 8.374219622446174571e-02 1.299458232993187801e-01 9.756029351854182685e-02 2.866169580824738383e-01 -1.349033927116961851e-01 -8.237174950599815415e-02 -3.001475862298496611e-01 -2.869005579460343763e-02 -2.121960076376683824e-01 -2.007279102365192303e-01 -2.963787591925770570e-01 -1.965529271224872865e-01 -3.027396867072771891e-01 -2.149732688557932647e-01 -8.916608547667846663e-02 -2.255912914454820672e-01 -1.534720760097238734e-01 1.543511751684024103e-01 -2.466952936935971619e-01 -3.696232933171223478e-01 1.039016181735838151e-01 3.983217816945064937e-01 2.714384771354292347e-01 7.037202001616573721e-01 1.079601538934933797e-01 -1.556593560706738266e-01 2.127764136098852510e-01 4.613495765624942013e-02 -3.452121213793592491e-01 -2.878191085548280070e-01 -2.093250297112914937e-01 -2.423173175965188664e-01 -2.101141226924741479e-01 -6.569412333720529851e-02 -2.125052640402868079e-02 -1.932791480972362863e-01 -2.888592791472001098e-01 -6.958029283771689777e-02 6.568036613036057347e-02 4.357884466802821044e-01 8.388827703004771152e-02 -1.717860542279489589e-01 1.455969238051120218e-01 -2.223551518878487121e-01 -4.353390301933684481e-01 -2.950219181926078682e-01 -1.766995751205130138e-01 -2.895064502889090341e-01 -1.046898645831854102e-01 -1.331461046559397343e-01 -1.644747722695556469e-01 -1.672557428398668833e-01 -3.012615619826415347e-01 -1.946418244431526445e-01 -4.021785776575010352e-01 -1.633879565124044253e-01 -2.021493979103182459e-01 -3.086655962494708749e-01 1.280696287285900681e-01 -4.943486945350428208e-01 -4.900234234707974423e-02 -5.847129593942511014e-03 -2.303781520101043367e-01 -2.219077687630702511e-01 -4.106709614116081930e-01 -1.684743384966797264e-01 -2.769395599015704867e-01 -9.269115287787944857e-02 -2.713932552324604397e-01 -3.693388036400708230e-01
8.144789424370160041e-03 5.815893158107168226e-01 4.329297408026138716e-01 5.582293563187518126e-01 1.000000000000000000e+00 3.798445738290139873e-01 1.803156279895901937e-01 1.863749130681626454e-01 1.994097637465201966e-01 -3.122235211044139813e-01 -1.805736909562828327e-03 -3.754364820786721402e-01 -1.682239771915466364e-01 -1.329364244538585316e-01 -1.419825055202307562e-01 4.685356216294808140e-01 -2.136196266258784948e-01 2.322587768216933524e-01 -2.186720177446170310e-01 3.094270225840707322e-01 -5.728296985381638867e-02 -3.417344156240246372e-02 3.143418159234540044e-02 -3.796210277903293018e-01 -4.237787600963375811e-01 -4.375184404654734460e-01 -2.027696197044874249e-01 -3.479835997350336219e-01 -4.008603257635279249e-01 -2.499283733840002852e-01 -1.905201115109090571e-01 1.707488500168752310e-01 1.289288451205173880e-01 9.292714200912786937e-02 -1.728731864658568651e-01 1.400875961301971673e-01 -2.681383357117659849e-01 -1.412728821948935065e-01 -2.304734085892911066e-01 -1.630045373045725665e-01 -2.248177712769046932e-01 -4.377715410405934593e-01 -2.578863832795321720e-01 -2.279792166351984339e-01 -9.577105729935617151e-02 -2.615821394608844330e-01 -1.451804198686817982e-01 8.383207020809901877e-02 -7.606326131524882191e-03 -1.645799245409423073e-01 2.401466879527314469e-01 3.890667514569224328e-01 1.185988317422536492e-01 5.187145143679812165e-01 4.865327436578667508e-01 1.541836732470056592e-01 -4.044238516064646571e-02 1.923092834764375259e-01 -2.602232246897226431e-01 -1.453566687755199760e-01 -1.063556181278019902e-01 -2.553772871285204249e-01 -2.022684416663778073e-01 -9.337600105530985406e-02 -1.279751681485703785e-01 -1.161256786153488235e-01 -2.823680088841564184e-01 -2.115482001815730262e-01 -2.031697792717893636e-01 1.149742464739394038e-01 2.922145372413566602e-02 -2.840269102002789814e-01 -2.548178461756697016e-02 -1.632682976339124015e-01 -4.654417588082865320e-01 -4.727418194999666312e-01 -6.222983424160269394e-02 -4.123406938837822500e-01 -2.796512940749783516e-01 -2.197766628316248638e-01 -2.406488268702501043e-01 -1.873938674372488955e-01 -2.567659088693779457e-01 -2.813704648010160181e-01 -3.668123388570604937e-01 -1.499386234001004181e-01 -1.282458100125026534e-01 -3.416736959139646257e-01 1.436057087394840837e-01 -4.603994390705628548e-01 -1.604738179471058845e-01 -1.985259800148199971e-01 -1.033701774586637256e-01 -4.644208158419099175e-01 -4.590367981079276349e-01 -1.762191585625446644e-01 -2.725241654979735917e-01 -5.558335861943745210e-02 -7.632533980842944044e-02 -2.639059925436895715e-01
1.530784815198402704e-01 1.778956241215166323e-01 6.605681884173520979e-01 3.051584070095397089e-02 3.798445738290139873e-01 1.000000000000000000e+00 3.171994957834499140e-01 2.556933182555120032e-01 6.778438247875733236e-01 6.295535696457905950e-02 1.852611561577439947e-01 3.715897689429080442e-02 7.986174733251248659e-02 -5.807488724789245521e-02 -7.005104486601383684e-02 2.147125084404622186e-01 -1.083938331493055351e-01 2.664996633525089711e-02 -1.428746268981874457e-01 3.660336302171141032e-01 2.489254904031452248e-02 -2.324236007950167826e-01 -1.146050820765670830e-01 -1.490367985872503853e-01 -1.340338127256034406e-01 -2.834602227797092810e-01 -3.056236358426043243e-01 -3.377358496903338780e-01 -2.352802958340064199e-01 -2.748088339554140558e-01 -6.987777542542843168e-02 1.361345350604399873e-01 2.351890017996430271e-02 -1.816487713561213135e-01 -2.061973327370708042e-01 4.364299318073052159e-01 -3.528513463066770273e-01 2.882545871367736545e-02 -4.185345185750704439e-02 1.645148254584708203e-01 -2.166628545351337587e-01 -2.676520433076422512e-01 -2.498227965641523218e-01 -1.544416786111707240e-01 -1.324764768817115503e-02 -2.183579987348736318e-01 -3.204527425708842969e-01 -1.697553024539345812e-01 5.817338136231134937e-01 1.811895615407390359e-01 2.413044622214321477e-01 3.530780502120953179e-01 1.451205777266949826e-01 4.146663898966676358e-03 7.780238642628806156e-01 7.675973819674806187e-01 8.325694619812437636e-02 5.236540366284910819e-01 1.507675968782578625e-02 1.181651395295166274e-01 1.275768640743436544e-01 1.414551322759179629e-03 -4.495186038742351314e-02 1.832150405553443356e-02 -6.464508409363507735e-02 -3.760998659000614613e-02 4.729666551379280159e-02 -1.364673452652498120e-01 -2.393277264947665239e-01 -1.386680013824570235e-01 1.541540388762571712e-01 -3.481540151879862766e-01 -1.423717478666967906e-01 1.369233716630204045e-01 -1.602382088951191941e-01 -1.497360580411825348e-01 6.908127198112996858e-02 -3.530222804134729997e-01 -2.828711951396837287e-01 -5.573225382420984864e-02 -3.691329417426076898e-01 -3.476096200721788820e-01 -2.055021269936101180e-01 -3.066383698568383442e-01 -3.876391620978213992e-01 -3.789284443645402622e-01 -2.209125069858896839e-01 -3.014448952508217983e-01 1.597057052273295752e-01 -1.901631713993147954e-01 -2.572786634635135586e-02 8.361170503442215407e-02 3.425490381648202409e-03 -1.009748963423331980e-01 -2.944934905334073982e-01 -2.108772245752428276e-01 -1.386960879943109071e-01 -2.256889684577981225e-01 5.204267891458338458e-01 -2.130048449732970667e-02
-5.248617784372999751e-02 3.541660898058289209e-01 3.686635025064302629e-01 2.459522763665564771e-01 1.803156279895901937e-01 3.171994957834499140e-01 1.000000000000000000e+00 5.774448047810751827e-01 3.871826616989033076e-01 -2.130906766231140115e-01 -2.424836023655785322e-01 -2.566868584206511428e-01 -1.876534212968582194e-01 -2.280185716914160873e-02 -2.227971460053949637e-01 5.717147816817275130e-01 1.695387287094847484e-01 4.625363823451523748e-01 3.070420126386380621e-01 3.649721475449564378e-01 3.581461879969207729e-01 1.596055438780804858e-01 3.897751349262612020e-01 1.649901108299906272e-01 -1.936626536798917164e-01 -1.667386068655006270e-01 -1.500600380166709491e-01 -2.548344468801197471e-01 -2.205304561478899639e-01 -9.061227391424927016e-03 5.840596262798342792e-02 1.253902451826674654e-02 -5.609415169250739353e-02 1.328375381248653730e-01 -1.903889442776198204e-01 1.004744760308970558e-01 -3.335897916542051589e-01 -1.670784712443920128e-01 -2.781839154812178472e-01 9.136081861919825853e-02 -3.428490098743470771e-01 -1.856898897338145060e-01 -4.271146976165608455e-01 -2.864591502835836523e-01 -1.275861292298414162e-01 -2.365548867698457902e-01 -3.147017378463322634e-01 -1.791561394968266621e-02 2.202131730978245175e-02 -2.252526415996828346e-01 -1.841583261386203763e-02 4.269064994649570677e-01 3.854738687959237686e-01 2.119641057336769940e-01 3.997270517874449980e-01 2.453170658152142580e-01 5.601579582713254180e-01 5.550555503088143716e-01 -4.022827661863196957e-01 -2.660249998330898591e-01 -2.247271512758136081e-01 -2.560096844844945152e-01 -2.024213461861258945e-01 -7.099762456224166518e-02 -8.749953835270477334e-03 -1.660270156676700304e-01 -5.110049930924225048e-03 1.755529228665408947e-01 2.814630067708945305e-01 4.021087504973335780e-01 4.396674729449309704e-01 -1.557913693283867196e-01 3.563987580620980311e-01 1.237287229136325257e-03 -9.126008797662599203e-02 -1.710542007669007825e-01 -1.309020598326412002e-03 -1.920946652413995648e-01 -1.398305972768642824e-01 -2.213838493619234571e-01 -9.623527362001724206e-02 -3.512426456870694769e-01 -3.921879833289483863e-01 -1.215087414007045979e-01 -2.122527942787750810e-01 -2.190479456410965031e-01 -2.094320825064391600e-01 -3.543442508642186684e-01 1.982233014882347211e-01 -2.774147347823781029e-01 -3.040436858855676272e-01 -9.106860306934420890e-02 -2.000989458586235614e-01 -1.798250527594530135e-01 -3.969505836081087535e-01 -3.182765296862352100e-01 -1.934251828871200174e-01 -1.878145401088711919e-01 -2.881150533298871066e-02 -2.119789272744100617e-01
-2.301411305026991594e-02 4.696330394182358092e-01 3.641298621392400348e-01 2.912021330993822543e-01 1.863749130681626454e-01 2.556933182555120032e-01 5.774448047810751827e-01 1.000000000000000000e+00 5.233815043904431752e-01 -4.056136065295685156e-01 -3.220218350098927873e-01 -3.135046182543730908e-01 -1.850055138972494240e-01 1.291152529992507514e-01 -1.418156213745919436e-01 3.530524577199328218e-01 1.842919743309598679e-01 5.553835177067246720e-01 4.270061871169289480e-01 1.991526026558144147e-01 4.790390869432890053e-01 -3.653025140858547765e-02 3.104062668444115269e-01 -3.708783156037610135e-02 -2.124216127043434821e-01 -2.412268302474997184e-01 -1.741278004326475559e-01 -3.091816035297382803e-01 -2.579567780849776892e-01 -7.968347377184573088e-02 1.766767731795303720e-01 4.459405310595229016e-02 -3.316284218373920234e-02 9.702280921583706242e-04 -3.237021451437705477e-01 1.310038890323872718e-01 -2.681128845919430459e-01 -2.262752810084184552e-01 -4.059579573929877894e-01 -3.552108076416420901e-01 -3.627960068434665231e-01 -1.386196714099408589e-01 -5.184382958685390674e-01 -7.097243269934665200e-02 7.977590663666192516e-02 -2.020932542246626773e-01 -4.382236693074998968e-01 -2.012870384714343097e-01 9.761107286713166520e-02 -1.500969964739472529e-01 -3.698002251809660856e-02 5.247721088080399277e-01 9.045617407444754565e-02 2.658676054161083768e-01 4.419545430902345751e-01 2.181034385589313007e-01 5.900572895634650372e-01 7.358855404955281232e-01 -4.735695313056476063e-01 -2.534102571052304076e-01 -2.017813794751582845e-01 -1.717622100865891510e-01 -2.344939580409549640e-01 1.380684973112755037e-02 9.349118610106121885e-02 -1.157394926409088254e-01 -3.210835672263992469e-01 3.365107344640687614e-01 3.465943091957208733e-01 5.199756608153531801e-01 4.849288922307467553e-01 -3.494156606507691776e-01 2.999263033457069128e-01 -3.846734327723639879e-01 -3.645519407966059389e-02 -1.377000778156963479e-01 -7.036761638816196873e-02 -2.119579729071869867e-01 5.324420502884893297e-02 -1.391553461744412246e-01 -2.024170825906727311e-01 -4.166230558929503447e-01 -3.478262629692431829e-01 -8.715787212447993759e-02 -2.130340479708486556e-01 -2.548674840158462462e-01 -2.102508740660614939e-01 -3.165718063569576413e-01 7.252859679980752650e-02 -3.762739876880477619e-01 -2.862382036955625764e-01 -1.521962201139893667e-01 -3.987132580711415519e-01 -1.384555273809675857e-01 -4.576142415995830826e-01 -2.913299709013787986e-01 -2.096731449639202549e-01 -2.429616606734765760e-01 3.394570658244324551e-02 -2.896521072010695419e-01
-2.803504697071897492e-02 1.751786775388307904e-01 4.968758580777545286e-01 -3.821886665927616555e-02 1.994097637465201966e-01 6.778438247875733236e-01 3.871826616989033076e-01 5.233815043904431752e-01 1.000000000000000000e+00 -1.129981476172320504e-01 -3.746084656328498713e-02 -4.751190709733790069e-02 1.633431374335929463e-04 -6.067175425585043247e-02 -5.825263484286524046e-02 1.535790744718954492e-01 -8.166286511403206272e-02 6.614271137831204128e-02 -1.148275301146619957e-02 4.275715699144742588e-01 2.190055993178713634e-01 -3.457064958275242739e-01 -3.320778762646738741e-02 8.763901199947785048e-03 -1.989504935472925784e-01 -2.766939915273515238e-01 -2.718477245196281866e-01 -3.141541262348597763e-01 -1.662547634889378068e-01 -2.088471521728599289e-01 9.547709926655230384e-02 4.903253692347890602e-02 1.844285083264576418e-03 -2.962076007364785046e-01 -2.890365879479275812e-01 5.950114662899239626e-01 -2.615392577081543934e-01 -7.147155937720499341e-02 -1.305373207659528134e-01 3.858792570930551225e-02 -2.468217787250626127e-01 -1.789006463661894364e-01 -3.263287838159366627e-01 1.103544271365294177e-02 1.029679414495127121e-01 -1.892659755316636050e-01 -3.706913117720734285e-01 -2.973170162615791368e-01 5.179296201291961887e-01 2.128986676744695772e-01 9.928327008382605012e-02 3.826692601355777823e-01 1.006188555376290317e-01 -3.814979887098942507e-02 6.493467039552174302e-01 5.878396763987545626e-01 2.168850755834171584e-01 7.729854732658666405e-01 -1.612727231178303355e-01 -8.211482335989532186e-03 7.355610077094312110e-03 -3.519747944221873759e-02 -1.048672811969948160e-01 -3.286392071601908910e-02 2.438169339986042544e-02 -4.392044112868426220e-02 -5.909992586811627785e-02 1.607701662487860672e-02 -7.996313890622862297e-02 -4.211298697998142049e-02 3.437418655012414725e-01 -3.891294493387799092e-01 -5.627828148801627961e-02 2.979586046800624874e-02 -3.390968230866637373e-02 -1.109795962758897275e-01 6.079571914165560198e-02 -2.725660818562955501e-01 -3.099698304314090977e-02 -4.411329470991551954e-02 -3.067759058816318940e-01 -3.680213554171711809e-01 -2.106487050298570529e-01 -2.189152939990683389e-01 -2.823286310084153206e-01 -3.884807698862669523e-01 -1.751863159534308989e-01 -2.943280495783794914e-01 2.075886999962084645e-01 -1.390758172261479797e-01 -8.272496317297924062e-02 1.266315452391719894e-02 -7.931004993519435997e-02 -9.515687711067838395e-02 -3.251574360582086820e-01 -2.080604393308868316e-01 -2.169615712815572972e-01 -2.668456248526588914e-01 4.101069757496537127e-01 -1.184183762260788281e-02
7.743540098806921124e-02 -4.830193660523068866e-01 -1.883458947817197027e-01 -3.514427048753384075e-01 -3.122235211044139813e-01 6.295535696457905950e-02 -2.130906766231140115e-01 -4.056136065295685156e-01 -1.129981476172320504e-01 1.000000000000000000e+00 4.890728885496088973e-01 6.794211152000992904e-01 2.748590507270063932e-01 4.692490389721316185e-02 1.862575002459124218e-01 -2.951436151358229343e-01 5.710437791952705650e-02 -3.202826921317915021e-01 -1.457949422165947528e-01 -2.256822386252411716e-01 -1.823850866290719352e-01 1.453488080293053632e-02 -1.828620991918212257e-01 2.139482715125317902e-01 4.169416008777231952e-01 3.701680512665199707e-01 5.192353425430159229e-04 2.325802162785285954e-01 1.864583049608147525e-01 4.376904192158196510e-03 2.493812238382015975e-02 -4.851364102925125044e-02 -2.636279931268754526e-02 -5.130628602007138162e-02 3.172492506661500067e-01 -1.399187596268204048e-01 -3.218175042138689268e-02 3.097348664912519811e-01 4.958778959724478574e-01 5.452117532440799996e-01 2.254266601428101535e-01 1.709802353475952941e-01 3.994617678056381904e-01 7.154124817593243701e-02 -7.856541109487776009e-02 7.323208025522438824e-02 1.964786574525397567e-01 -6.421469139256916203e-02 1.434815293671116432e-01 9.398162487826138001e-02 -8.115794610771348561e-02 -4.145123776582909647e-01 -1.527344559221519849e-01 -4.290702301245093442e-01 -1.443618663988915918e-01 1.524997714111173686e-01 -2.740596893218998908e-01 -2.901091712924142585e-01 7.593627000313979414e-01 4.096615330509792430e-01 3.722449684691638283e-01 1.793113663500603694e-01 1.552407723115043214e-01 -1.756149203799656916e-02 -4.895511407194288013e-04 1.612066343105149624e-01 2.684451423775360279e-01 -2.357391547668349907e-01 -2.192188162789004413e-01 -3.145979354610977108e-01 -2.354863388224671394e-01 8.982552585923286870e-02 -2.561933815569593098e-01 3.896958368499812697e-01 1.632987452909284432e-01 3.355994290041602879e-01 9.131835926492840386e-03 6.628697629339229402e-02 -1.173847674222326387e-01 1.052800545193924991e-01 2.128535239223154629e-02 1.308375498135289916e-01 1.533189877290748460e-01 -2.234229555734904352e-02 5.904711717655104775e-02 -5.781034390353823049e-02 -1.818007703463985977e-02 1.957010282571660098e-01 -2.040568243087529932e-01 2.794769002279357539e-01 2.390085739203532400e-01 3.554524875836173603e-01 5.172275179732497286e-01 2.354656911465574931e-01 3.103546193435627876e-01 1.388431530579972012e-02 8.789686528758210160e-02 -8.776166279956451599e-02 1.873927400566838819e-01 1.056912008160764138e-01
3.013295110909237629e-01 -3.504543236573783305e-01 -3.518686293533204289e-03 -2.447561417116628224e-01 -1.805736909562828327e-03 1.852611561577439947e-01 -2.424836023655785322e-01 -3.220218350098927873e-01 -3.746084656328498713e-02 4.890728885496088973e-01 1.000000000000000000e+00 5.805962093945569169e-01 2.755322799451623283e-01 8.466247643421052904e-02 2.353986145868026958e-01 -1.997923006334394458e-01 5.619694355940212105e-02 -2.882863138045381746e-01 -2.508812416262693468e-01 -1.403885424763439416e-01 -1.208945783410253633e-01 -7.642429383862713033e-02 -1.877769502623053977e-01 5.775814615639920241e-02 3.274309452114608776e-01 3.055917119082237066e-01 -4.028705473198032627e-02 2.473892731926568556e-01 9.053670259068710702e-03 -1.776926494776237542e-01 -1.710313866690722218e-01 2.418864669487207353e-01 -6.704248432759307708e-02 -1.022066510813484652e-01 1.603919577598318935e-01 2.966480521899366937e-02 3.887928369496931186e-02 8.700801902826632572e-02 7.879098246077567702e-02 1.307953391662790010e-01 9.929312254921095204e-02 -2.417808309351229812e-01 2.333873243945949749e-01 7.686573502278125358e-02 -8.538617336833699556e-02 -1.385638548022143923e-01 1.884090202295303842e-02 -1.045809365431613208e-01 3.177037610025118530e-01 5.420017645862635486e-02 2.570686966807715357e-01 -2.681884209836578603e-01 -1.883122750540787149e-01 -2.946281751935996285e-01 2.507475969782019948e-02 2.113428313366200739e-01 -2.833658875383950337e-01 -1.952749416508613722e-01 5.194553831695192248e-01 7.500080987890709316e-01 5.705142267666468703e-01 1.754152402160062685e-01 1.742629498120378262e-01 1.068386934460796439e-01 1.118411767188916967e-01 2.119690709796852590e-01 6.437905076661329384e-02 -2.013022387083112652e-01 -2.051204222172916813e-01 -3.593564015534843059e-01 -1.324333556485620678e-01 -1.042350840479354945e-01 -2.728599975815311218e-01 1.048718855539486072e-01 2.198299659113042981e-01 2.975884186244057150e-01 2.366102891378983886e-01 -3.036455909636137651e-03 -4.053620610125946433e-01 6.925783376606753361e-02 5.864593642759474701e-02 4.788113895011139945e-03 -2.722579719485664421e-02 -1.350680748772541129e-01 1.180511066531192560e-01 -5.007768247589446803e-02 2.497641114984706923e-01 2.636466638577805166e-01 -1.421249845020290947e-01 1.021100218164013584e-01 1.402889017492569557e-01 7.181239843478717799e-02 1.553291983416736355e-01 1.711299611380791286e-01 1.665969897761729879e-01 2.879416537064188528e-02 6.344777235455034692e-02 -5.456362654381818195e-02 1.813709426225841859e-01 1.154084499755994725e-01
6.393212489200732207e-02 -5.253921233366292132e-01 -2.054587032966802007e-01 -4.729823595808331227e-01 -3.754364820786721402e-01 3.715897689429080442e-02 -2.566868584206511428e-01 -3.135046182543730908e-01 -4.751190709733790069e-02 6.794211152000992904e-01 5.805962093945569169e-01 1.000000000000000000e+00 4.467635050475710079e-01 2.023384428189955453e-01 2.629381052677055575e-01 -4.332666835418814144e-01 3.094287859645435956e-01 -3.870041953326724404e-01 -7.790327840488817969e-03 -3.488005567321544875e-01 -3.099589867575148691e-02 -1.227974108584558091e-02 -1.655846816179268322e-01 2.936113070175528916e-01 5.068857373627478902e-01 4.803733687221625193e-01 3.538294965669071257e-02 3.207982709878735017e-01 1.864298497802794607e-01 2.157779172670897406e-03 -5.376158055055935830e-02 -7.538592826661480450e-02 -1.307698184412637021e-01 -1.976386266028709038e-01 1.567579428495145533e-01 -8.007729593419561642e-02 7.709889922868831680e-02 9.503058263757709068e-02 2.842699684466723498e-01 2.464120108067649473e-01 6.035038677965470083e-02 1.225314220392052789e-01 2.876225545660663907e-01 2.145804716743514584e-01 -2.974016812721101341e-02 -3.129916455777027179e-02 3.109368719758410018e-02 -2.599047305839133903e-01 2.043969834021837628e-01 1.176664673708654046e-01 -1.445991709627784672e-01 -4.535795876180841457e-01 -2.497156320011826025e-01 -5.028846393878173560e-01 -1.271225711073333264e-01 3.536690055455080778e-02 -2.742131971215363007e-01 -2.418829129492338637e-01 6.186624085322105504e-01 5.864489484829279453e-01 6.008893759216394903e-01 4.081904744853643852e-01 3.220841903275884488e-01 1.551695424530935841e-01 1.647598536848491890e-01 2.462795408537802599e-01 1.087679389938728536e-01 3.882536104000015864e-02 -7.250587112548846636e-02 -3.397595353687763997e-01 -1.436738900746873382e-01 4.885736855742581208e-02 -2.689942464064493111e-01 1.605549876252041486e-01 4.590039327771023858e-01 4.623265122906143887e-01 9.788163034043245725e-02 2.406551083058950102e-01 -6.017836890382341486e-02 9.425038416230760441e-02 1.333269129204397718e-01 5.526384054014182173e-02 1.201007558667767233e-01 6.313819527537596621e-02 2.151608604684799031e-01 -7.556845194958093648e-02 1.021969131240533790e-01 3.119892566701052417e-01 -3.232361538450770899e-01 2.713648412239200169e-01 1.878985285198196409e-01 1.491500673842555136e-01 2.928875874620965325e-01 2.747310054955049985e-01 3.497159361960658353e-01 1.169439837101892282e-01 1.539622120880200229e-01 -1.074506873334339363e-01 1.564690742479515617e-01 1.318194757986886900e-01
2.574984441829872989e-02 -2.422578389955362954e-01 3.380032851726184201e-02 -1.985546395223191651e-01 -1.682239771915466364e-01 7.986174733251248659e-02 -1.876534212968582194e-01 -1.850055138972494240e-01 1.633431374335929463e-04 2.748590507270063932e-01 2.755322799451623283e-01 4.467635050475710079e-01 1.000000000000000000e+00 2.180699425706320027e-01 1.946427854208201969e-01 -2.611838432165031754e-01 2.351886647344418879e-01 -1.878816753613259671e-01 -1.764824301054296676e-02 -1.870118612533371305e-01 3.800869858699527926e-02 -4.265191193212881232e-02 -3.138000897571225495e-02 -2.218929879889660478e-02 1.561160043737418457e-01 -7.176671102804371108e-05 -9.073816024035008532e-02 -6.947196083859133453e-02 6.501926007926701889e-02 2.585750819321900110e-02 -4.777800098695202807e-02 -1.666187811465291158e-01 -1.040511609478819155e-01 -1.466951225092811284e-01 1.307582973020523509e-01 -5.167466828546108532e-02 1.909213170944948704e-02 9.907366297232192420e-02 1.592825080297361473e-01 2.060696924248960338e-01 7.539138346252376166e-02 6.461011237651495542e-02 1.003664259626683292e-01 4.799038381650273105e-02 1.200860725041999338e-01 1.508622077019635965e-01 7.640858122841978628e-02 -1.909449814142525348e-01 1.818602543491684986e-01 2.566053639408525378e-01 -1.105234542792991742e-01 -3.168278677673726507e-01 -2.525530279759498065e-01 -2.930565248952591850e-01 -4.110914176635910300e-02 1.229897928660877854e-01 -2.098024992800390509e-01 -8.588851572741522389e-02 3.026674692684228063e-01 2.152739612260615720e-01 6.446928254134848268e-01 8.508439910706129261e-01 4.535763469166096962e-01 1.864120200798596305e-01 2.289086102841052794e-01 2.400025166874031057e-01 2.258471324244163206e-02 -4.999770813980698031e-02 -1.356378682938826907e-01 -2.203021785868436166e-01 -7.497769298254651493e-03 -1.905830509979517320e-02 -1.299326949862395220e-01 9.809209671198659830e-02 5.002535647974477861e-02 9.298222096075488274e-02 1.329265713359379375e-01 2.624608506322113552e-02 -1.594728104565370785e-01 -7.552940164204036133e-02 -1.275109900833916454e-01 5.745205106662589628e-02 6.381192188463474801e-02 -1.297369549830028612e-01 3.907637369727431226e-02 -1.219819766908548514e-01 2.782253459253049288e-02 3.288196821825363492e-02 -2.296707441630768676e-01 1.843777985632425176e-01 2.716312776466852652e-01 1.059099611573886268e-01 7.300944731497881202e-02 1.266777162195433515e-01 1.725084723119981178e-01 4.172084338166347217e-02 2.827180392983847379e-01 -2.578787199294332172e-02 1.114586114032600356e-01 2.260680125296709864e-01
-4.787080384319486459e-02 -1.713765088921065383e-01 -5.693984447747073296e-02 -1.257351857083901514e-01 -1.329364244538585316e-01 -5.807488724789245521e-02 -2.280185716914160873e-02 1.291152529992507514e-01 -6.067175425585043247e-02 4.692490389721316185e-02 8.466247643421052904e-02 2.023384428189955453e-01 2.180699425706320027e-01 1.000000000000000000e+00 5.811508060821235500e-01 -3.075497663753900546e-01 6.051216604228278895e-01 3.183071490091353706e-01 5.952201911499797049e-01 -1.727621891169324186e-01 5.721963106388755493e-01 2.774770578928394960e-01 5.646185489163205729e-01 -2.105011615547977902e-02 1.199931457122520029e-01 4.135501835793164299e-02 1.900374778149371002e-01 5.567461943525382068e-02 1.228313805487744603e-01 2.450291605161243336e-01 8.264760491911650464e-02 -3.163013674525553265e-01 -2.175285257241934556e-01 1.118143092224785640e-01 1.617807137403512174e-01 -2.106719503251935910e-01 9.853973155778962545e-02 -1.154122595624794273e-01 -1.046838461852718227e-01 -2.698754048947489270e-01 2.932079007776047103e-02 8.954049423377503925e-02 -1.643336088491389457e-01 -7.145983505237313294e-02 4.777094896465997054e-02 8.808050620109487625e-03 4.321079775877377516e-02 5.998801454589731269e-02 -1.108448858935871945e-01 -1.128402036693734733e-01 -1.886474845885588447e-01 -2.717388413377727630e-01 -4.386448933204530887e-01 -2.682023858195165533e-01 2.861378179104399899e-02 1.844764881438397050e-02 -7.746239896761464294e-02 1.803656279155799527e-02 1.372208803121184872e-01 4.213804020079456140e-03 5.994228832476049262e-02 1.950965577260859729e-01 3.500232804038864165e-01 4.330742960950192955e-01 4.632047878434630284e-01 4.796414854612114365e-01 -3.674843563328567542e-01 3.861286494927889668e-01 4.025362766906883660e-01 2.448037414447687410e-01 3.486991453143601372e-01 5.363988075650441556e-02 4.540665574569924257e-01 -3.494183003824392619e-01 1.975734076473444345e-01 -4.219434230144819315e-04 3.314739931615298674e-01 2.333074084937588055e-01 -3.396258711292311772e-02 -1.863358856505918648e-01 8.629647924814437543e-02 -6.040807213704755402e-02 -7.545745372893734870e-02 6.305375492998676820e-03 1.992088168126826264e-01 -2.754524588823492950e-02 1.812321927720332015e-01 1.402344685024276560e-01 -1.932989563607785399e-01 -1.225148214799806623e-01 -2.542769779593532804e-03 -9.090976658700428148e-02 -1.920466440597465574e-01 3.405677145855071780e-02 7.371098592450296694e-02 -1.945444283700656085e-01 2.611628749129249472e-01 1.278836825862995907e-01 -7.288759217343333818e-02 -1.305446965393546599e-01
3.416839239402517936e-02 -2.601832155437225902e-01 -4.440575934126431840e-02 -2.477168713023167324e-01 -1.419825055202307562e-01 -7.005104486601383684e-02 -2.227971460053949637e-01 -1.418156213745919436e-01 -5.825263484286524046e-02 1.862575002459124218e-01 2.353986145868026958e-01 2.629381052677055575e-01 1.946427854208201969e-01 5.811508060821235500e-01 1.000000000000000000e+00 -3.620544294915838401e-01 2.994811052604868795e-01 6.223984160319227105e-02 1.477491049206947904e-01 -1.218066648745541602e-01 4.724830448955033013e-01 1.576676587950192332e-01 3.437951119485305185e-01 1.467281610819270998e-01 1.643701370762776504e-01 1.919619011857161550e-01 2.241578429633638292e-01 2.265318457842599165e-01 2.555447681156782225e-01 2.583220726808295731e-01 1.452417587383215795e-02 -3.696210251639209243e-01 -2.586656638239074324e-01 4.190380765590915463e-02 2.972804089981228026e-01 -1.217661871110480992e-01 1.965929314528939709e-01 -1.633470600513495796e-01 -8.500154978365558056e-03 -8.907372089693085804e-02 1.124944527595369143e-01 9.634536400274471002e-02 -7.057410783599804560e-02 1.378144387934955029e-01 -1.059574625675489823e-02 -3.744530241517685445e-03 1.886970248713548126e-01 1.927436031213131118e-02 -3.105333320318438492e-02 -5.912398377197818772e-02 -1.310138788700997425e-01 -3.009679832371392472e-01 -4.809147836366068907e-01 -3.598171886924882990e-01 -6.850178381177760012e-02 -1.578954603447486546e-02 -2.944109623150403254e-01 -9.760541977572842476e-02 2.881374478819937468e-01 1.235649448237172016e-01 1.175654121780653899e-01 1.842954230995987042e-01 4.023903809858359604e-01 3.040822637946350993e-01 5.016483824449249340e-01 8.312293961831669353e-01 -1.907977315240386995e-01 5.475935969462598918e-02 9.166295167353402662e-02 -5.939863251185174831e-02 3.429988981233635936e-01 2.244229689356518898e-01 2.474405333609775159e-01 -1.673899232131990378e-01 2.275646209992381597e-01 7.377980626679211951e-02 5.912450425527867592e-01 3.434980084453375104e-01 5.282653577293590363e-02 -1.276376676717091985e-01 1.195488140508134123e-01 5.480547735071008425e-02 3.438613484251509811e-02 8.165175869990000390e-02 3.451458354778517701e-01 8.706886779716192792e-02 3.600775822228379219e-01 3.206534610195705404e-01 -6.677130565303969478e-02 5.408002023657347557e-02 -3.437997807329472993e-02 -1.031036556652387415e-01 2.824626935949931666e-02 6.923174510730990827e-02 2.171631521596537329e-01 -2.631744903355062726e-03 2.785534086070068360e-01 1.998035174517203416e-01 -2.832715080482815437e-02 -3.856069288063500994e-02
