1.000000000000000000e+00 -2.883973273499546366e-02 -6.830043530209402303e-02 1.192363096580536380e-01 -1.415051249473000573e-02 2.641543583523803251e-01 1.080995961440454484e-01 -3.113366010909377271e-02 -2.330299551186061080e-01 5.870305592372766085e-02 -4.735012553710618577e-01 -1.004806949653166831e-01 -1.895741658630008264e-01 1.308012773004972595e-01 8.924987588388789972e-02 1.749345912446632345e-01 -9.459580387992191919e-02 1.151641639838386494e-01 -2.409116878614423474e-01 1.949712130813845146e-01 2.139317278923979215e-01 -2.126583565276754795e-01 1.617812418492236004e-01 -7.183068343588000504e-02 3.303773221496121848e-01 -1.924255302983239324e-01 5.496364641795610517e-02 -1.209606745132109501e-01 1.322059827348170402e-01 -1.520340936356749384e-01 -1.143167350171479975e-02 7.443121386734004308e-02 -8.092344289522835840e-03 -6.646127855519481931e-02 -4.980885684772641542e-02 4.943338547135137789e-02 1.255257530638107522e-01 -4.919507601452665496e-02 -2.431349736001499062e-01 -1.320125156300435698e-01 -3.643094962989022051e-02 -4.001570484947965245e-02 -1.538601414428912573e-01 7.953916001019591120e-02 4.792313851151849130e-02 -6.105842747393249587e-02 -4.351914045438241840e-03 2.381769643332440067e-01 2.150365176252722055e-01 7.247573856971852024e-02 3.961207469832639383e-01 7.190315689192101900e-02 4.001082422797356403e-02 8.947464133218473170e-02 7.665115327530169775e-03 -1.357322939261019490e-01 -6.106428947500365523e-02 -2.083491912847424687e-01 -1.997866305768887241e-01 -2.357715141485489663e-01 3.488642122703792137e-03 -1.943166877821267957e-01 -1.490950680785305682e-01 -8.025536709304499638e-02 1.300426346791604959e-01 1.137957045092268665e-01 2.276012912068001159e-01 -2.278364180491092017e-01 -9.432099830203044544e-02 1.629703688439165105e-02 -3.856258252316405871e-02 -2.945099221680295698e-01 2.137025486265384522e-01 -1.228754143957075939e-01 -4.603402386293710402e-02 -2.591764008225143634e-01 1.503775738874088830e-01 -2.024873318512273035e-01 -1.643148911038734838e-01 -7.118382879187500067e-02 -3.451438271482719367e-02 -5.773489363719332829e-02 -1.339285804758427179e-01 -1.407416840079582510e-01 -1.376758680348151576e-01 -1.036842345038178764e-01 1.942781710980781562e-01 -2.331340788129561137e-01 9.562104787506561787e-02 -1.984595900723511441e-01 2.367838389746591485e-02 2.249084277253643807e-02 -3.713818557124830555e-01 -8.186318707081333135e-02 -1.420523643474685960e-01 -1.228766639376426689e-01 2.456523540868055591e-02 3.968259296654547824e-02 2.321202907214817424e-01 1.008515161343145478e-01
-2.883973273499546366e-02 1.000000000000000000e+00 4.558090383737491424e-01 6.072834427461736295e-01 5.620617892264404558e-01 2.156129396614805127e-01 1.341870901547027872e-01 3.442262887672219995e-01 1.090891809706049514e-01 -6.305815920806949471e-02 -5.510208762563831991e-02 4.363647822369042667e-02 -2.920987984886239813e-02 4.348458855298168585e-02 1.754649777907897265e-02 1.272076621669696039e-01 9.605239349519592573e-02 -6.405128001332288656e-02 9.267516012113480306e-02 -2.091364720346990461e-02 1.365022927552277943e-01 -1.458087054462283705e-01 4.802008451398932093e-03 -7.893281879614023888e-02 5.806535692025509288e-02 3.385178063250462305e-02 1.860655929469459402e-01 7.904350782848051926e-02 -9.927565607848537477e-02 7.500582404801142689e-02 -8.996168037421638231e-02 -9.920389509141419593e-02 -1.812071156531629701e-01 -1.882237521178287964e-01 -2.204657230393435863e-01 -2.045887845933302140e-01 -2.137610670195353446e-01 4.502562585530681116e-03 -4.947883567146820101e-03 -6.620310827903133633e-02 -2.200591441979782292e-01 4.200168046373682629e-02 7.212043929696647371e-02 -2.640449237902936942e-03 2.835906276262974146e-02 1.551236903406117418e-01 1.003256473080774147e-02 -1.976128730005966838e-01 -1.711343919214048936e-01 -1.253866744607470551e-01 7.392008227828709976e-02 5.725924184733779398e-01 2.562114516635290995e-01 6.274909432307964607e-01 5.238557649810587913e-01 1.549885662310185597e-01 3.118999163782398831e-01 3.252862835866104363e-01 -3.046717952332522739e-03 4.244386292828725843e-02 4.277040424568706589e-02 1.396129393278545787e-02 8.369222186459124302e-02 1.633357416727506672e-01 4.380462572188904835e-02 -2.823298400175395031e-02 -4.422379100114195299e-02 2.112978978416465148e-01 -1.301661225390871035e-01 -6.815565384243038594e-02 -1.329844640039791470e-02 -7.664662315421602590e-02 -9.575724017289129197e-02 3.191000807810943224e-02 5.746100562433810455e-02 5.131115866655336366e-02 -7.646846919386869612e-02 1.712870882088458613e-01 -3.537657642972591998e-01 -2.175117787503302869e-01 -5.947557359027360463e-02 -4.106161973935644194e-01 -1.706629195315981229e-01 -1.955194827134611457e-01 5.021236191430125673e-02 -3.026302305754152155e-01 -2.348989170922206882e-01 -1.466699209226165757e-01 -2.416965747521291341e-01 -1.770061904164813571e-01 -2.348027538845087470e-01 9.609292156815362959e-03 -3.959689305497166370e-03 2.395773120990372235e-02 1.204784566456004735e-01 -5.331907851988428731e-02 8.315866257085445523e-02 -1.816574294022031966e-01 -2.304606704629932612e-01 -1.601313921620788339e-01
-6.830043530209402303e-02 4.558090383737491424e-01 1.000000000000000000e+00 2.581747766589732040e-01 3.900021389612330358e-01 3.474463225714601311e-01 2.224378034715776553e-02 2.187236034057500333e-01 2.303872140325310403e-01 1.122167273100643375e-01 -3.104092094661071652e-02 1.677990252086886680e-01 1.708469992586844621e-02 2.290538363436315505e-01 5.000263624177038457e-02 6.704164646191987376e-02 1.716048891899543127e-01 -7.719047109275224694e-02 1.581383406237035771e-01 -1.401980155296352892e-01 2.027679382211593495e-01 -2.219891898154907270e-02 7.071933999014753600e-03 -2.721954012862340400e-02 -9.354775902561095202e-02 1.253501458073965902e-01 1.136523004258680886e-01 -1.459981630609192074e-02 -1.357050362930672938e-01 1.250684346576324824e-01 -1.592973233103038011e-01 -1.730686342357088403e-01 -1.508935500026261922e-01 -1.797900549749018029e-01 -1.230194562791031843e-01 -2.671508350840948731e-01 -3.057888245924771931e-01 -2.226849504476738351e-01 9.023019260359707583e-02 -1.269971560342142598e-02 -1.726564289529525786e-01 -1.402774573564238673e-02 1.072083701873954714e-01 -2.289135025456932870e-02 -4.248514285743832525e-02 1.166318825917979779e-01 -1.645701032713444908e-02 -2.034872589343834637e-01 -1.882867225946160405e-01 -1.018485560433227410e-01 -8.015223432335345788e-02 3.887373753782831232e-01 -9.026509617529628049e-02 2.774526387998783039e-01 3.876670017753315878e-01 5.207584771499356169e-01 1.432544522307568347e-01 2.210452665771086289e-01 1.348848833725161123e-01 -1.041799179224702360e-01 1.486649062288168330e-02 4.958437872692302711e-02 1.566790879698373717e-01 2.305414529060509921e-01 9.363830917524598729e-02 1.451371558731484046e-01 -1.636003829096158713e-01 2.203085709853615792e-01 -7.314884929484249954e-02 -9.862562999961953236e-02 9.931819611570769871e-04 4.434227259521768966e-02 -1.462072197771268622e-01 1.573259431628336660e-02 9.233066523912962509e-02 -7.896528817462884764e-02 -2.117213630481771247e-01 1.995044831504617644e-01 -1.743090902346205728e-01 -2.742093267253698508e-01 2.943452565298481163e-02 -3.112107956601923298e-01 -9.032971318140417538e-02 -3.065417806799930131e-02 1.005141420772146382e-01 -2.161583291072919910e-01 -1.648061966818310242e-01 -8.101463628312891019e-02 -2.658506166355476541e-01 -9.802471721960695494e-02 -1.718519605688972329e-01 -2.268797520295098499e-02 -7.407928545947248256e-02 -5.170227136577542487e-02 1.657493492060851947e-01 -3.195885864364041151e-02 1.062891218857473785e-01 -2.310160051918623003e-01 -2.123176915236479889e-01 -1.216149825000713142e-01
1.192363096580536380e-01 6.072834427461736295e-01 2.581747766589732040e-01 1.000000000000000000e+00 6.078161290194513677e-01 2.191008074493634439e-01 2.770888695045760630e-01 4.811032119761751713e-01 -3.085145921798837162e-02 8.394206340567136881e-02 -1.377754056867494803e-01 1.926736009275660175e-02 2.465672054718870410e-02 8.356248548830030876e-02 3.643424342906725205e-02 2.532828130984849380e-01 9.733135266664183494e-02 -2.241983350658227972e-02 -1.364402510787743501e-02 5.369902220044656116e-02 8.725078006087731708e-02 -2.958676455581286113e-01 3.766938837447655897e-02 -7.230621400869152726e-02 2.639577893206092596e-01 -7.461058441351819948e-02 2.433292347502255815e-01 -8.451859254196288085e-02 -2.424331097720441169e-02 -8.133592581649022601e-02 -1.727409085054286420e-01 7.650155943128279790e-02 -1.706182396374042454e-01 -1.750551912627811568e-01 -2.723052809645064576e-01 -8.453672155019584245e-02 -1.025610670185002071e-01 1.363153063828306533e-01 -1.009220450786013218e-01 -2.928937873625130518e-03 -1.463900098532690264e-01 1.421090389910016072e-01 -2.539087052087902335e-02 4.509841232903836344e-02 -8.452336020971594477e-02 1.393807354553917577e-01 -7.678414202466621319e-02 -7.531813958933984698e-02 -3.236474140276434514e-02 -2.575752299898378863e-03 2.188609476870835013e-01 5.528615230030170524e-01 4.013173740162052083e-01 7.627795039059366289e-01 5.468124286715518867e-01 5.246137306905820225e-02 3.287084871646269724e-01 3.942698811114981328e-01 -8.585262591920916897e-02 5.209147714781865030e-02 1.143259726439696186e-02 5.116041390170046610e-02 -2.160543536490412350e-02 1.289433326142470637e-01 1.325033334664695861e-01 3.636265372834296405e-02 1.565007545766085861e-01 1.206543425861577035e-01 -1.701966644034512144e-01 -5.513691832899947354e-02 4.691052332792047808e-02 -1.407588179685137775e-01 -2.236239421160845370e-02 5.407025167265643723e-02 1.038977513311537329e-02 -3.973008390592570535e-03 2.618636789338167625e-02 4.812765609803335703e-02 -2.237068551674886718e-01 2.439105120460499654e-02 -9.735516567865427906e-02 -3.643237067982296740e-01 -2.796159551869432103e-01 -3.169928432730627077e-01 1.629304116864950872e-02 -3.808685654523173425e-01 -1.328248411188505396e-01 -2.315987398927283614e-01 -7.577786988374517196e-02 -1.359445812755359639e-01 -3.200079651325943852e-01 1.456492000927232244e-01 -8.726868439530112431e-02 -2.053206532855312433e-02 1.202557162219510395e-01 -3.074314716023346383e-02 1.503803253242469717e-01 -1.342979908247572129e-01 -9.966642003035582065e-02 -2.138052334539734811e-02
-1.415051249473000573e-02 5.620617892264404558e-01 3.900021389612330358e-01 6.078161290194513677e-01 1.000000000000000000e+00 2.789307222740521341e-01 1.176934916646983770e-01 4.173241349728010752e-01 2.359025093575461141e-01 5.465246673073295008e-02 -5.021305295370047383e-02 3.435526787630510670e-02 9.980330156517062956e-02 1.151749020791670991e-01 2.171817650772707095e-02 1.289080299268540175e-01 3.443873786703441353e-02 -1.706958052485441080e-01 -5.875952159538614349e-03 -1.122202085417844386e-01 1.591465567653932781e-02 -1.962633333437909799e-01 7.391963899256045155e-04 -8.648959226839159076e-02 1.525604894260890187e-01 7.728467639989536342e-02 2.636557727652633631e-01 -6.717693096481724968e-02 -1.419748477334638881e-01 1.002818604070658953e-01 -6.967670985518013838e-02 2.431900822873852078e-02 -1.739583146999020002e-01 -2.860820586753310413e-01 -1.856648720340903225e-01 -2.344142889313097500e-01 -2.443781164205411360e-01 8.283341554291069608e-02 7.389738361129762068e-02 -2.755041602069412468e-02 -1.891252747738864093e-01 1.670040745642507041e-01 1.744361195284299115e-01 -3.077782484355352788e-02 -7.148317363018562298e-02 2.075875572927136925e-01 -2.787597463809189310e-02 -2.006251590543071672e-01 -1.463859701823851944e-01 -1.078918083658719357e-01 7.084066319471125917e-02 5.251874828709710563e-01 2.664950933812508804e-01 6.173848244101464156e-01 6.434662506767043766e-01 1.388324239052965703e-01 3.261229724208130065e-01 5.398288216513502658e-01 1.220837007639558394e-02 4.686407870091811173e-02 9.076756009081211884e-02 1.533455577754903321e-01 1.444218576476020421e-01 2.971354542591558845e-01 8.157989402180235161e-02 3.155951552446430858e-02 -5.504462116323284582e-02 1.376198400733266436e-01 -2.122614452771930671e-01 -1.788607828592509164e-01 -1.535769294953560730e-02 -7.901310253186423493e-02 -1.417111104396413523e-01 3.841570253366084070e-02 -1.204097201707425178e-03 5.693226972672023323e-02 -1.056755430748507613e-01 2.204937608106948554e-01 -1.971890407766339892e-01 -8.844322869870901993e-02 -1.313250338531589401e-01 -4.536251942725711417e-01 -1.951580050903246322e-01 -2.618320596178111415e-01 5.648654926166900986e-02 -3.558509712715886564e-01 -2.977451350123097584e-01 -1.543260755625965319e-01 -2.986040512579358208e-01 -1.923596520772759555e-01 -2.910633956672713518e-01 1.330065869055970518e-01 3.610028352617508651e-02 6.338814026689937320e-02 2.569899965306944312e-01 -8.253945149556876637e-02 1.551793556453221479e-01 -2.375761401266572592e-01 -2.078705034964704601e-01 -1.433076205620792687e-01
2.641543583523803251e-01 2.156129396614805127e-01 3.474463225714601311e-01 2.191008074493634439e-01 2.789307222740521341e-01 1.000000000000000000e+00 -8.560564170383636994e-04 9.263891430179302389e-02 1.510975478989200205e-01 1.447789673573971758e-01 -1.529909949222012788e-01 -7.181667918136448725e-02 7.381120022813932036e-02 6.507098113100774628e-02 -1.453053520983559332e-01 -2.229785090283600488e-02 -2.090224527586358461e-01 -2.134810552344823531e-01 -1.238333101693023242e-01 -4.023492711017090384e-02 7.726935005231662205e-03 -2.667593864276420201e-01 3.109763822275758705e-02 -2.362832263642800079e-01 2.608922198733875653e-01 -6.538465410972049696e-02 8.249926097287715865e-02 -1.189654425515537933e-01 -1.328460339617434094e-01 9.670012595856316076e-03 5.173307420446681543e-02 4.497807551985932850e-02 -8.609603780979988019e-02 -2.677867928955266486e-01 -7.587672057925132219e-02 -3.719001161599122529e-02 1.194271514586594668e-01 8.512478408576940048e-02 -5.501231922602943525e-02 6.189926082892764636e-02 -5.659587614023164556e-03 2.570221955881330511e-01 4.295305018008496734e-02 2.068406476386504822e-01 1.007856918852780420e-01 1.700749459589535884e-01 5.889258434177406520e-02 1.448338997456583288e-01 2.056254319822745646e-01 7.774824158317429623e-02 2.524253277161856435e-01 2.240426507294192848e-01 -8.872911166181593479e-02 2.631652864019688454e-01 4.651997924289360542e-01 1.951233422746973811e-01 1.588437811642668188e-02 1.591328589755671430e-01 2.396903159899208598e-03 -3.073326807075898656e-02 4.059987708402321149e-02 -8.046083305747415981e-02 -9.221954123948725504e-03 1.363995743709079944e-01 1.113390412811491453e-02 -5.645154415028073164e-02 -2.105525310127624034e-02 -1.673523034746457749e-01 -2.480370135768078521e-01 -2.182247940567730859e-01 -8.336425887200304974e-02 -2.920529670991200422e-01 -1.382344697799181565e-01 -1.469608518507245776e-01 -1.984727852297739348e-01 -1.516719839256736313e-01 -8.443920119301703830e-02 -6.449760376890073532e-02 -1.249244392658116209e-01 -1.211023710054751762e-01 -2.124537515512773811e-01 -2.273218003159489797e-01 -1.056546589735393865e-01 -1.345573442430569311e-01 -1.626655415048547659e-01 -1.333353882206250729e-01 6.036301105061098876e-02 -5.860719177916003803e-02 -1.142447634198291845e-01 -1.698287853194211661e-01 -1.091484168250834996e-01 7.311337017349341105e-02 -1.540912388115629472e-01 1.185787525904482241e-02 5.860899191428746435e-02 -5.846302235389543023e-02 5.754125722607551785e-02 -1.143754423844218909e-01 1.658728386556085344e-01 8.292805387895046954e-02
1.080995961440454484e-01 1.341870901547027872e-01 2.224378034715776553e-02 2.770888695045760630e-01 1.176934916646983770e-01 -8.560564170383636994e-04 1.000000000000000000e+00 4.364170010920666587e-01 -4.895841769892426282e-02 2.911480612583699015e-02 1.427496154367335623e-01 2.427540899563005415e-03 -2.554443023492690146e-01 -3.960148421725138285e-02 4.687058985334507238e-02 3.477184564923047616e-01 2.904401946808504720e-01 3.333796583331756214e-01 3.461183302071577789e-02 3.908902955725307438e-01 1.615108921955089316e-01 -1.163821648042772244e-01 -6.516506268136386393e-02 4.465437567911145211e-01 1.305187691447746989e-01 1.062447849772985287e-01 6.728291588436684234e-02 9.188716937393417647e-03 4.304848074163258875e-01 -3.381342637222159442e-01 -8.290258226476694692e-02 -5.825343108788891971e-02 -1.094924909994533513e-01 1.409757993514987144e-02 -2.200493650994847228e-01 1.022496015835895888e-01 -3.108153879680970386e-02 -9.008021907323014721e-02 -2.635063056702214301e-01 1.229821524121824661e-01 -1.917856845519917419e-01 5.109207202622582933e-02 -1.260382913059757970e-01 -7.021731236340220117e-02 -1.660497669005423504e-01 -9.711976483771667112e-02 -3.504167826342814429e-01 -1.403685872221333009e-01 -2.410450033304967557e-02 -3.922883219216311002e-02 2.014682473785900374e-01 8.832813011714206464e-02 2.814656948739240327e-01 1.506878660559225203e-01 1.111145469406694675e-01 3.218629210452342293e-02 2.175861073443931815e-01 2.529341852126671362e-03 8.745941611030520757e-02 7.031425130999019446e-02 7.231604389789443588e-02 -1.428045883640575442e-01 -1.134337860160439249e-01 -3.817172232576708513e-02 -5.901827621369688109e-02 5.900236446352546960e-02 4.974707139610713980e-01 4.857616584581756630e-02 -1.620744168079462852e-02 2.888039308022474771e-01 5.156980212116445417e-01 -3.871281213821734651e-02 2.023885410431733312e-01 4.416880111370130590e-01 4.072034686585658814e-01 2.180689196043974210e-01 4.573024093396972911e-01 -6.406997253282042948e-02 -4.522289756894366797e-02 4.663749990880701295e-03 2.362604630698786068e-01 -2.108559084590422017e-01 -2.274397213966726505e-01 -3.003832486269387980e-02 1.133714946675360713e-01 -2.935490156864329347e-01 -8.483447859643296340e-02 -1.172791292407158459e-01 2.828403997638300749e-01 -3.558502417487034719e-02 -1.481538211734207966e-01 4.900077887941362009e-02 5.348850816254048512e-02 -2.715587708554077079e-02 1.569462894248458090e-04 4.941441003905562568e-02 8.542946291465021436e-02 7.480264040146031301e-02 1.071614722059346658e-01 -2.982198389402928446e-02
-3.113366010909377271e-02 3.442262887672219995e-01 2.187236034057500333e-01 4.811032119761751713e-01 4.173241349728010752e-01 9.263891430179302389e-02 4.364170010920666587e-01 1.000000000000000000e+00 1.146642710298803047e-01 8.897764079657062564e-02 1.430341026198230781e-01 6.900981274766106177e-02 7.253034090033184944e-02 4.452130433164608325e-02 -3.592997288017525746e-03 4.145816691476314486e-01 1.866731427966407120e-01 2.330313106098094444e-01 3.521716797538341354e-02 6.256561930915409409e-02 -2.347397423451677567e-02 4.856561250291338561e-02 -3.975266565397873875e-02 1.820303252894051038e-01 1.500175128047761819e-01 1.854057195792070678e-01 1.776784645457006873e-01 5.547849192091252463e-02 4.822418032728248427e-02 -8.544842683145099926e-03 -1.080490188630903597e-01 2.748465884700530479e-02 -1.715479083675035543e-01 1.475716828440017392e-01 -4.919989616089387452e-03 -8.653202304061853589e-02 -1.637069271690111683e-01 -3.975503606856318345e-02 -1.957309215588659834e-01 -8.301297837471341423e-03 -2.429937094807916864e-01 1.676587741428520739e-01 2.472090659473787783e-02 3.279895926438918669e-02 -9.332874448674359502e-02 -1.126554328759713647e-02 -2.110343279721777487e-01 -1.545609347343040729e-01 -6.829686173918898123e-03 -5.300755975566026623e-02 1.470071789692098396e-01 3.924202535175188578e-01 4.131328209967229381e-01 3.704991648285470007e-01 3.824062657629360706e-01 7.016267245726229285e-02 5.064882183234581392e-01 4.525905296391787846e-01 -1.225685061783010274e-02 1.710666562503475874e-01 4.227657775811983348e-02 8.517864053536643165e-02 1.025393281948398317e-03 7.306273778735025703e-02 4.665812618475849612e-03 2.173956547221565089e-02 2.101354102651930567e-01 1.761912658041376589e-01 2.275426863134454372e-02 1.596806226093623882e-01 1.686604213410226594e-01 1.199310962684899812e-01 5.514472471355069683e-02 6.852819332857872092e-02 1.174381976244594367e-01 2.384591107853535896e-01 7.852498474009572682e-02 8.309360910241063436e-02 -5.908984551248020606e-02 5.266525592493030011e-02 8.669959362238191525e-02 -2.361549356480811268e-01 -1.918641900911670917e-01 -2.715002804540424600e-02 7.786540285502793757e-02 -2.298931585734426686e-01 -2.610266448895162128e-01 -4.901580339994600355e-02 -5.207143163456435381e-02 -1.397735157423760088e-01 -3.050056049155999149e-01 2.431851621821535733e-02 -6.490064392958229400e-02 -2.380987853514625330e-02 3.474734473292472731e-02 3.959779532896282039e-02 4.397324287750171978e-02 -6.308641353582493394e-02 -2.364820439033544011e-02 -6.867972315006180828e-02
-2.330299551186061080e-01 1.090891809706049514e-01 2.303872140325310403e-01 -3.085145921798837162e-02 2.359025093575461141e-01 1.510975478989200205e-01 -4.895841769892426282e-02 1.146642710298803047e-01 1.000000000000000000e+00 1.382158285143092746e-01 2.068390960482826002e-01 2.010330621233826498e-01 7.212639411326193795e-02 -3.516866763760497666e-04 -1.397965548204467556e-01 -6.332537996899538502e-02 -7.885948948344417841e-02 -3.606388401060266480e-01 -1.449410196100718411e-02 -2.611168772726670251e-01 -2.500122679695140349e-01 -1.242705992304798425e-02 -3.067265740825652620e-01 -4.664318304480929989e-02 -3.196907068461724705e-02 1.272209561400791944e-01 -1.300982194553510635e-02 -1.132544602779817916e-01 -2.874455645170302942e-01 1.000694692706937394e-01 3.319524846012626706e-02 -7.356665669781989325e-02 -6.743274720312973647e-02 -1.677221654665846662e-01 1.010317599072570321e-01 3.701971550845571928e-03 -5.246162066353059900e-02 2.007735741759729062e-02 1.160718300749114945e-01 1.420594671209090554e-01 8.530873529779335607e-02 6.326148541273760029e-02 2.095538020106509358e-01 2.137803207250173199e-02 -4.290687474865889639e-02 1.147801000177631897e-01 5.471971485787231748e-02 -1.120632325694366355e-01 -7.301131687264000858e-02 4.980354349236564004e-02 -1.393775349672326525e-01 8.074130404163186447e-02 -1.539959632101914333e-01 -2.925153878158311821e-02 2.085021233493491444e-01 2.175437563819739295e-01 1.766204619045904922e-01 4.723772328667063536e-01 1.744745049979783691e-01 1.016367700264265567e-01 1.824415247311189370e-01 4.129011943752498165e-02 1.187699756051362326e-01 1.285411385117802840e-01 -4.559975408541225295e-02 -1.741585760038878994e-01 -2.963252516387413979e-02 2.509934929084087132e-03 -1.879315504008559901e-01 -3.021569578215387297e-01 -1.234263687566332784e-01 6.459598271108381827e-03 -3.827836362596714892e-01 1.701423311399927751e-01 -7.182262346966206135e-02 1.379577581449987211e-01 -2.402713354732265993e-01 8.296477838826237655e-03 -6.439790372833970045e-02 -6.374271734193898142e-02 -1.532631359464996790e-01 -9.321525659843557521e-02 7.830401634568312508e-02 7.037900258190397940e-02 -7.079701238347418935e-02 7.278818087476933429e-02 -1.759040690705096777e-01 4.990698878712159642e-02 -1.316734967395449263e-01 7.237424437866708804e-02 4.322833141464531292e-02 1.840102403846710644e-02 2.885768499968564549e-01 8.646908999398897344e-02 2.324898098955310854e-01 4.338144638484132953e-02 6.351419807675076634e-02 -2.506965985861296931e-01 -4.803363167658627163e-03 2.041199092984700980e-02
5.870305592372766085e-02 -6.305815920806949471e-02 1.122167273100643375e-01 8.394206340567136881e-02 5.465246673073295008e-02 1.447789673573971758e-01 2.911480612583699015e-02 8.897764079657062564e-02 1.382158285143092746e-01 1.000000000000000000e+00 1.964731489805328635e-01 5.637914414279758812e-01 2.555485266088576846e-01 1.808467024208791074e-01 1.721237182057735737e-01 -1.447562759620475703e-02 6.105236293841294348e-02 -2.267347858663295856e-01 -1.774715180110737478e-01 -1.932653477682672039e-01 1.190250621175474727e-01 -6.200517060064777292e-02 -2.246459336735032175e-01 8.059703805624669759e-02 4.399518852319084794e-01 2.173600112677950280e-01 -4.932158795846536964e-02 -5.030138668536578844e-02 -1.820801942905312110e-01 -2.038806519081599183e-02 1.611343954526835431e-01 1.454490154356914422e-01 -4.847636566484347931e-02 -9.231497593611927288e-02 -7.192860904367522068e-02 -2.334992854526655170e-01 -4.641881001300245807e-02 -1.673867213350468605e-02 -4.745301731679158613e-02 1.376895403428222142e-01 -1.815899245442386123e-01 3.098400270866394357e-01 1.273762181297348473e-01 5.202867585368856074e-02 -1.669957379200928960e-01 2.329602834936923047e-03 -1.076238370441061076e-01 -1.932129774853024173e-01 -1.305525381413437935e-01 -1.727040783479463493e-01 1.547471020918953777e-01 8.062655407098311133e-02 3.279799335766711565e-02 -1.043612283492403002e-02 7.139743821590310846e-02 -3.544745824711836163e-02 1.865017582656313400e-01 1.068386787203394334e-01 1.510263496309370290e-01 3.747783955718343440e-01 4.804774595500483358e-01 1.804643941245917815e-01 1.580113116422486585e-01 3.873423492100435545e-02 2.726451411879338149e-01 1.641852532058988567e-01 3.429639438495461073e-02 -1.262009295867365932e-01 -1.774368085907458009e-02 -3.543949816534161523e-02 8.997871111473938754e-02 2.241967302414729982e-02 -1.361749258443898380e-01 1.395710727446310973e-01 1.539713430699082009e-01 2.196344478411571544e-01 5.829864676465844331e-02 1.676524737348282501e-01 1.726461500834478580e-01 1.686241546898469279e-01 4.108721635508185213e-03 -1.177212994576617294e-01 -2.212736272072404475e-01 1.020068383981436316e-01 -1.142141658879763655e-01 -5.629383646905749411e-02 4.423155410920659447e-02 -2.976879669535643924e-02 -1.282302566006460753e-01 -1.341050392305676575e-01 -2.419865219077567495e-03 2.443457217559586170e-01 -1.725344497401306437e-02 -3.512320276601681862e-02 2.535454112464824994e-01 -1.432327887827478663e-01 -9.748204409143843008e-02 -2.771541145935368378e-01 -1.292041993967238400e-01 -6.935563151843558705e-02
-4.735012553710618577e-01 -5.510208762563831991e-02 -3.104092094661071652e-02 -1.377754056867494803e-01 -5.021305295370047383e-02 -1.529909949222012788e-01 1.427496154367335623e-01 1.430341026198230781e-01 2.068390960482826002e-01 1.964731489805328635e-01 1.000000000000000000e+00 2.560895218521773153e-01 9.030249259671820072e-02 -2.397422454614170639e-01 -7.167026525503003564e-02 -1.713878325826820315e-01 9.060161908457547986e-02 -1.219167593275948258e-01 1.847638801554204457e-01 3.567163028911581740e-02 -1.702942491917150691e-01 2.517241528482991875e-01 -3.161101566023823972e-01 2.210065132133370858e-01 -1.614109682636512000e-01 3.610268095266417343e-01 -7.544608759820280175e-02 1.664739636553089486e-01 -1.325441863598815148e-02 5.622775108917392461e-03 1.375696598778647084e-01 -1.132431543801185325e-01 8.948762597226508561e-03 -2.499233842471514783e-02 8.618963292499187689e-02 6.357665763909159384e-02 -1.239620387405701747e-02 6.681930676990208151e-02 -5.851192677619014570e-03 3.269665856176069973e-01 -2.065873082675723574e-02 2.708453569394007054e-01 1.106327881792064233e-01 1.098425114996239016e-01 -7.501139452030951282e-02 -3.273853348108227146e-02 -1.612502457978717274e-01 -7.051242552822348242e-02 6.562704320987605700e-02 8.476010246846245322e-02 -1.828315079237195773e-01 -1.963954780921194632e-01 5.656906547852966725e-03 -1.110017714946883172e-01 4.640334371251433887e-02 6.675283577292964732e-02 1.106974899456192457e-01 8.145609275968947183e-02 2.983071722795989644e-01 5.383845181963506921e-01 1.856138156917705728e-01 1.680391580349735181e-01 2.045622854407369573e-02 1.203066825192719985e-01 -1.321226210089565811e-01 -1.658024306229158654e-02 7.738429695038311074e-02 5.374950313569697852e-02 1.421345292228366232e-02 -2.878356761876720710e-02 2.787359639452224314e-01 1.804910865967277456e-01 -2.444977875042427806e-01 2.304101009875393902e-01 1.388357708509443955e-01 5.623077500037277909e-01 2.842231027779513336e-02 3.650538104811176104e-02 1.772075625981930358e-01 8.687459417302259568e-02 -5.403685971149347483e-02 2.752284076454298428e-02 6.545500983573149245e-02 1.052340392931969681e-01 -8.568505023986339175e-02 -3.947211328260312457e-02 -3.029695180757323025e-01 1.811980140991037991e-01 2.659106360822688364e-02 4.918155784058874519e-02 -3.920119646799522656e-02 -1.936837167996894801e-02 3.430730041445602674e-01 1.013742527871842741e-01 -2.223904754016800545e-02 2.705721423980392282e-01 -5.114759842734645234e-02 -2.187277378350139731e-02 7.619083944407864517e-02 4.756145826322349252e-02
-1.004806949653166831e-01 4.363647822369042667e-02 1.677990252086886680e-01 1.926736009275660175e-02 3.435526787630510670e-02 -7.181667918136448725e-02 2.427540899563005415e-03 6.900981274766106177e-02 2.010330621233826498e-01 5.637914414279758812e-01 2.560895218521773153e-01 1.000000000000000000e+00 2.584804877496119646e-01 2.354947399734170776e-01 2.879817857395319258e-01 3.174953513649471371e-02 2.555854828691986880e-01 -1.314625851321745142e-01 -1.202350823198901769e-01 -2.149925818199490968e-01 1.508625625838171114e-01 5.987980786399745708e-02 -2.590502579200268940e-01 3.113422905319221390e-01 2.322202693879081847e-01 4.538275532874968543e-01 4.297695589794078841e-04 2.169141305955832669e-02 -9.588120988378612264e-02 8.896624416196642626e-02 1.252519639138309319e-02 -3.345524579463930032e-02 -2.132754047916810280e-01 -3.078666143636564489e-02 -5.667286103135561054e-02 -2.673076956516877156e-01 -2.077254430616027048e-01 -1.349117782306839264e-01 -5.059906136576376723e-02 -3.715898610016025311e-02 -3.337991750865054730e-01 2.150880940188079626e-01 1.760525035023750573e-01 -9.891506613370652790e-02 -2.481290807547567034e-01 -1.386570157753825860e-01 -1.907082365165391480e-01 -3.511497824781023569e-01 -2.737376091266933154e-01 -2.981539062189637601e-01 -4.680834977712882046e-03 8.427425299710357420e-02 1.083525615472219900e-01 -8.778403240805530972e-02 3.219197950499015637e-02 3.560749994303888388e-02 2.747940228970731091e-01 1.591223465325287967e-01 1.126706615714667820e-01 3.774452336639154693e-01 6.003995737593419424e-01 2.022321262350385007e-01 3.003157229812956075e-01 1.013070298106052702e-01 3.115549702242995656e-01 2.878879465176266139e-01 9.363865747316575672e-03 9.651566735176969614e-02 1.337634361472558597e-01 8.772074985485289744e-02 1.928917147040916658e-01 3.124600786282435427e-01 -9.547279526923785342e-02 1.845920912922620893e-01 4.233328854781689410e-01 4.437096734275936538e-01 1.228051197116910853e-01 2.995679871061510680e-01 -2.841963434583423542e-02 7.201371379624628422e-02 2.289089623193540646e-01 -9.890509935210764492e-02 -1.724097224996158084e-01 2.383413857535524039e-01 6.332224155405151433e-02 -7.517800529352319794e-02 -3.236914402803541674e-02 9.128965859417229392e-03 -1.734829431559801183e-01 -6.871522547411169912e-02 2.920819703927469545e-03 2.609645644745214529e-02 8.697730508419034001e-02 -5.293732959824461876e-02 3.153525721183032537e-01 -1.860385330824171346e-01 -1.668348300533839812e-01 -2.712784921514009295e-01 -1.902083241726552354e-01 -1.926218800674793508e-01
-1.895741658630008264e-01 -2.920987984886239813e-02 1.708469992586844621e-02 2.465672054718870410e-02 9.980330156517062956e-02 7.381120022813932036e-02 -2.554443023492690146e-01 7.253034090033184944e-02 7.212639411326193795e-02 2.555485266088576846e-01 9.030249259671820072e-02 2.584804877496119646e-01 1.000000000000000000e+00 3.075834322878516769e-01 3.729197106266438771e-02 2.675286169219694490e-02 9.605959764110913457e-02 -2.003810125001294629e-01 1.033648874146654711e-01 -4.001073647145019230e-01 -1.119143004828909438e-01 2.000576900030356098e-01 1.215206284351927346e-01 -1.865117678813258545e-02 2.838829348701266131e-02 1.261254891816289414e-01 6.960561805167148064e-02 -9.858201946848370312e-02 -2.834658524038083383e-01 3.731300857108836300e-01 -3.529300760134088111e-02 1.920637689094099043e-01 7.590556897141592652e-02 2.460327299015198713e-02 1.123600593361163136e-01 -2.944793913475260427e-01 -1.620528864703023875e-01 1.600844076912649183e-01 3.557598171174355950e-01 1.908783153638326791e-01 1.634783796399629993e-02 4.927033564713299146e-02 2.745582163975801571e-01 -7.484206739526742813e-02 -1.132753813885597621e-01 7.671270735907724514e-02 1.069382006247908135e-01 -1.682638672774993682e-01 -1.408030804145076198e-01 -1.352273034026227894e-01 -6.011954729514328716e-02 5.440207729206920917e-02 -8.838674403358772304e-04 -1.536424105392819595e-02 2.668469628148048903e-02 1.285068032073622031e-02 9.482948911527043501e-02 2.672034992336348447e-01 1.504215807386913850e-01 2.469557976508266195e-01 1.729704838230064212e-01 6.680613931220514834e-01 4.558127637793721321e-01 3.334798967559091665e-01 1.978835337604009093e-01 1.360542216356220024e-01 -2.434006317057388069e-01 1.393500645804368332e-01 -1.905923164528314576e-02 -5.889288535888614895e-02 -1.843903035311681982e-01 2.362383751565096945e-01 -9.963088743386659674e-02 -1.000799322503235361e-01 3.728784706797267593e-03 5.268001586952277687e-02 -2.426230361219813836e-01 3.344680403178800776e-01 9.152772323464855586e-02 1.316983246060764445e-01 -1.255276761778637007e-01 -1.851153542861086188e-01 -2.051746856562492727e-01 2.671103526003691317e-02 -1.431053896375667489e-01 1.020607791565718153e-01 -2.098317078708517303e-01 -1.838338964739644199e-01 -2.920535987887523111e-01 -2.611247308629842112e-01 -1.508585518074196108e-01 1.974640353241872148e-01 1.438425021760886269e-01 -1.560399791232499472e-02 2.592692526472358816e-01 -1.615774190846034908e-01 -1.431735333908808472e-01 -4.118144311030408899e-01 -2.034646560357639689e-01 -1.249768189806621660e-01
1.308012773004972595e-01 4.348458855298168585e-02 2.290538363436315505e-01 8.356248548830030876e-02 1.151749020791670991e-01 6.507098113100774628e-02 -3.960148421725138285e-02 4.452130433164608325e-02 -3.516866763760497666e-04 1.808467024208791074e-01 -2.397422454614170639e-01 2.354947399734170776e-01 3.075834322878516769e-01 1.000000000000000000e+00 4.461859739437186723e-01 1.024741850508735369e-01 2.892525798823437633e-01 1.018990316752307890e-01 2.040385245539763914e-01 -7.209332493920511675e-02 2.713127392400004334e-01 1.014205562597762234e-01 1.663267663200863333e-01 7.745315229205075591e-02 -2.530021449935909716e-02 9.153349869146792939e-02 2.407033375409673159e-01 -4.911612024512868740e-02 1.604478997800620199e-01 2.207238345199929730e-01 -9.181820455082048693e-02 -2.952211154919720526e-02 -2.297606363786770522e-01 2.504205785583452255e-03 -9.994655490543610799e-03 -1.747719162233950518e-01 -1.003570726899830762e-01 -1.671944600774693257e-01 1.520815459642519962e-01 -2.522301925557399183e-02 -7.737651762740702099e-02 -9.642107603703335694e-02 1.288267860247944707e-01 -8.291865842635826045e-02 -1.121759435584549353e-01 3.421169184649468925e-02 4.144526060505424742e-02 -8.721046346231108026e-02 -1.154651100902191890e-01 -4.335456148651953279e-02 -1.350731053060914288e-01 1.418293524669618222e-01 -1.217381005896014667e-01 -2.959551638110563890e-02 -5.065426419322884705e-02 1.330798652808874993e-01 -2.617525134006907454e-03 7.360832395850774867e-02 2.003204327266999152e-01 -2.066070463038798544e-01 9.791154958538872410e-02 3.531751463968391125e-01 5.301126845065164961e-01 4.615897164656580509e-01 2.837131166441804186e-01 3.308500180871937202e-01 -1.513990029918377000e-01 2.596066154500925038e-01 2.458720308641771171e-03 3.098413158440986581e-02 -4.246805937423887151e-02 1.012314064322044210e-01 1.818271721301758723e-02 7.544122334282639397e-02 5.993960669592095919e-02 -1.716554611267031571e-01 1.542824436357025618e-02 2.102256492218474437e-01 2.019783410674857657e-02 -1.306338631393477445e-01 2.519311633830142658e-02 -2.086664143657567527e-01 -1.642643837641279969e-01 -8.716051340792194124e-02 8.474450841272536394e-02 -9.344782757208675017e-02 4.182796022424002669e-02 -2.240798264216403990e-01 -1.959432849546275668e-01 -2.290980895762518565e-01 -2.580824442499855542e-01 9.633236486808889609e-02 -8.042486303713457241e-02 -1.033781481460312873e-02 1.265081444828511092e-01 -8.541784451967895930e-02 1.933884159621174562e-02 -2.220696219172445529e-01 -2.080321957660273002e-01 -9.912328207865360452e-02
8.924987588388789972e-02 1.754649777907897265e-02 5.000263624177038457e-02 3.643424342906725205e-02 2.171817650772707095e-02 -1.453053520983559332e-01 4.687058985334507238e-02 -3.592997288017525746e-03 -1.397965548204467556e-01 1.721237182057735737e-01 -7.167026525503003564e-02 2.879817857395319258e-01 3.729197106266438771e-02 4.461859739437186723e-01 1.000000000000000000e+00 1.240627673251087498e-01 2.160500297598074160e-01 2.561937264939331826e-01 9.709345943339461882e-02 1.154192583428782781e-01 4.735115949313161710e-01 6.721750909414180020e-02 1.023758456142212225e-01 2.188895867223255298e-01 9.095607971865303509e-02 1.141016746062355619e-01 1.956997976235375636e-01 1.136050995582268131e-01 2.991852980020963670e-01 1.430796508278322776e-01 -2.203152569914412773e-01 -4.455558743321162002e-02 -1.823281599605314496e-01 7.378132390426328513e-02 -1.186325769748186043e-01 -2.023208415160711315e-01 -3.553211659415424217e-02 -1.760462998346093988e-01 -1.095959809900410031e-01 -1.943762389403456414e-01 -3.466629773882458632e-01 -1.433476866001121841e-01 -3.153591992867725569e-02 -1.447435016499855898e-01 -3.495045360984240235e-01 -1.887260863920705856e-01 -2.160166516568034489e-01 -2.596114112526617390e-01 -1.347330107415282696e-01 -1.646919267668250364e-01 8.067689787076802455e-02 8.689643919874219524e-02 2.003954587133539300e-01 -7.120028828658349872e-03 -1.106188190395613891e-01 -2.588556214871433683e-02 1.196154326358459807e-01 -1.815932055649343776e-02 6.001875711428310278e-02 7.397965232460861074e-02 1.971592281222664111e-01 1.650041215929145544e-01 2.287939366052152146e-01 1.089130072939335780e-01 3.052121331271532290e-01 5.467999259699231063e-01 5.571341808219906072e-02 2.091639215666306062e-01 1.673473272047275306e-01 2.647010500149698520e-01 2.867217377784627153e-01 1.115652264996501580e-01 1.512734522399757087e-01 1.603791267723454206e-01 2.978668546241505233e-01 9.597425062027968579e-02 3.454316370691312699e-01 2.502282385520479546e-01 -1.478295859941490542e-01 5.894249659022935024e-03 2.170875118089096167e-01 -1.122468972462986048e-01 -3.443164519404746660e-01 -6.569575537673438999e-03 1.294666870036588757e-01 -1.466126700087424239e-01 1.112792351485168557e-01 -1.295390341719121208e-01 -7.951046621900317857e-02 -2.109866607411331196e-01 -7.836494155125582617e-02 1.214867038592390147e-01 -1.062324909891435992e-01 -1.244216932544417592e-01 1.552788403710227486e-02 -1.280363723319499214e-01 -1.292397700684218831e-01 -1.426630633983903829e-01 -1.195898208709015170e-01 -1.224582703017482177e-01
