1.000000000000000000e+00 1.656023848756402184e-01 -1.439306176142070570e-01 -3.085425321907559471e-01 4.219426107037463347e-02 3.727750243152540555e-01 -1.372783679366556819e-01 -8.788396562134019596e-02 1.329090839128622970e-01 2.008383896928814805e-01 3.262456053472854722e-01 3.489793598975215461e-01 2.409078620084681432e-02 1.749648869608681073e-02 2.467784270356387921e-01 -3.270213725737262656e-01 4.455712599138338809e-02 1.389829949486392491e-01 -6.810918229975577998e-02 3.785267575896292813e-01 3.404637420776632228e-01 1.023592606227727575e-01 5.946746542589890355e-02 1.076572788028842126e-01 1.270883366274489779e-01 2.543576764257380329e-01 -7.656392390187863328e-02 3.711271631856009612e-01 2.760901845590391090e-01 3.027889858234649768e-03 -2.661702884676596659e-01 -2.525189781065474981e-01 1.436330498945675438e-01 2.113927001673601702e-01 -3.568869674109045875e-01 3.536266409978149061e-02 1.358300975155873058e-01 -3.044052928938892899e-01 2.758980295722198717e-01 -3.242701343720919560e-01 2.829615162319426003e-01 2.144342030838922442e-01 -2.647581099766309065e-01 -8.109625866633458913e-02 6.112895782109862425e-02 1.594152354334847921e-01 1.481347681217820567e-01 -1.777975561791529310e-02 9.429209248242920172e-02 8.037221544227196590e-02 2.612285332813935046e-01 1.265586853578902216e-01 1.951304894268957035e-01 -2.657300995293555013e-01 2.062427892955668307e-01 3.827806321895639852e-01 1.743402162982091996e-01 2.234395066082437709e-01 1.321763949193060783e-01 3.719219855984339240e-01 2.756993023367166340e-01 9.640638130117461235e-02 -5.064333533142015981e-02 -7.084205192320507105e-02 9.623777207855134519e-02 8.493151490272550508e-02 3.871079776431376462e-01 -2.163469506231910089e-01 1.792486572426917057e-01 2.901384492864030329e-01 2.106201502102059142e-01 6.493025611976105393e-02 1.896432076334430838e-01 -1.099992007726481036e-01 -1.246430425189520713e-01 5.446757401821287203e-01 2.563456185075291827e-01 -1.917736733719431763e-01 -4.321670557985064498e-01 -4.052657148997601544e-01 8.481580418130284238e-02 5.554060630099847545e-02 -2.517637441440897031e-02 1.907379619866241549e-01 2.112042029042996913e-02 -3.440096936989650578e-02 8.782863469314897142e-02 1.597417664985902874e-01 2.983565867820610062e-01 3.212163424397430078e-01 -5.923922462890633678e-02 -4.426363130423954795e-02 2.271570158007957252e-01 4.513919331677121449e-01 -5.993156845086092255e-02 1.043413132851647857e-01 1.321027006061716302e-01 6.556679621836132565e-02 5.035621346566691026e-01 1.821156114093778755e-01
1.656023848756402184e-01 1.000000000000000000e+00 2.981783027996348645e-01 2.199203182549667179e-01 3.361586182329413114e-02 2.122617030950845959e-02 7.595561826831220831e-02 9.646885258597846791e-02 9.973975333363307993e-02 -7.905492575677237899e-02 -2.205061441130714284e-01 -7.029690201408893280e-02 -8.679182425934860168e-02 -2.091567835645180840e-01 -2.116460904734263418e-02 4.537429303140292497e-02 -7.693385080619005723e-02 1.223395634922533337e-01 -4.789411803949641944e-02 1.478375476977859815e-01 3.862015492057990773e-02 -7.630205770783539398e-02 -1.520412886219583461e-03 -7.595740286927206431e-02 4.209363000694248125e-02 3.885377377186592651e-02 6.443446070524350144e-02 -1.497555968846651653e-01 -3.472625137927180111e-02 -9.847296871657275352e-02 -4.878803804422037621e-02 1.679642506304707128e-01 2.255577368392784054e-01 2.329547799297384744e-02 -6.324662484285736852e-02 2.396137397309648642e-02 -1.090285996275852792e-01 -1.636547255899372527e-02 1.283974963426539051e-01 8.184475389322722148e-04 6.098052196393668328e-02 -1.809400487423878101e-01 -1.140989796085594143e-01 -7.677332851784255362e-03 -2.772169526976367426e-02 -8.596136010994005761e-02 -2.167891398235462924e-02 -2.741592475379008714e-02 3.151226090880168695e-01 6.435770732628137702e-02 2.030188193186273360e-01 5.194163770082598219e-01 6.628567367431616175e-02 -8.523431824496423281e-02 3.132444855601161926e-01 1.879165001997890605e-01 1.352586499808170195e-01 -3.864102655275607895e-02 -1.007361532313349045e-01 -7.873786475258502671e-02 -3.776775972800532760e-02 3.013306733399385984e-02 -7.101214979981435027e-02 -1.372025657331182313e-01 -2.134907335944248030e-01 5.042675878436204788e-03 1.066993533393989224e-01 -8.046654642048892137e-02 2.988784812176540490e-02 4.857650373493434953e-02 1.436029001379689673e-03 -6.355568245442226594e-02 6.482032933163685284e-02 -5.475925984132511831e-02 -2.187624153974893626e-01 2.551007081234859739e-02 3.933149576852424528e-02 -4.692565698178831346e-02 1.230577180353599682e-04 -9.966255344611171796e-02 1.202964005413255377e-01 5.643442919764506127e-02 -5.469360935858878087e-02 1.212205576694285608e-02 -1.381427208054386048e-02 -2.723865664841309750e-02 2.891003064991575552e-03 7.767041145056047605e-03 1.660156896187897357e-01 8.100288956226416037e-02 4.155394439298500803e-02 1.512411127946006739e-01 1.243376787616399248e-01 1.610720142547183206e-03 1.151804714222338238e-02 1.756614842292621159e-02 -8.214670041564453573e-02 4.117102733420854518e-03 2.916273816292949128e-01 1.147821636264717560e-01
-1.439306176142070570e-01 2.981783027996348645e-01 1.000000000000000000e+00 3.491074472252505417e-02 -3.445226175063711982e-01 2.800436871159098784e-01 2.206638375436189292e-01 1.472708437839769791e-01 3.478154860508234081e-01 1.336733333060632078e-01 -4.525681815455315227e-01 4.095123031558387666e-02 -2.466480116828922639e-02 -1.653386944041155826e-01 -1.986685412656080119e-01 8.282550770327790080e-02 -1.466350413985502699e-01 -1.194426019115306659e-01 -1.316142840438185857e-01 -8.711180957531497460e-02 -2.391181255506016623e-01 -1.701975661686909169e-01 -1.343641896482154208e-01 -1.276848379694722931e-02 6.163543657235289602e-02 -7.159003030093667730e-03 -6.332821307960714852e-02 -3.300023663398051754e-01 -3.486658513341446830e-01 -1.571390046237043370e-01 2.469912348628960086e-01 3.397861503262276095e-01 1.374849661128706990e-01 -6.073127455950222409e-02 -8.355224279353971883e-02 1.278804754820394296e-01 2.394700022220466046e-02 3.212754303965315028e-02 1.337337452322379626e-02 2.699727589633112435e-01 5.152517288169145698e-02 -2.197971465103862321e-01 6.460477206041831399e-02 2.107411479879525151e-01 -1.662679589050773954e-01 -1.513073763600686072e-01 -1.021299021860837828e-03 -1.203494017932034699e-01 4.194271730142797305e-01 2.954983986768336401e-01 -2.269243386870159387e-03 2.532939799215080390e-01 -1.362248478157741249e-01 -5.089710648916673241e-02 3.408385014535246782e-01 2.836504220635881479e-01 1.125531694517756115e-01 -2.815378282208166189e-02 -2.323290457017924415e-01 -6.170563927805380877e-02 -1.210876253442353112e-01 8.379463033660397575e-02 -7.919002484485411497e-03 -1.376718784941710905e-01 -1.115641668322223390e-01 3.724246714826582455e-02 -2.232261217279684629e-01 -2.145517285066007585e-01 -1.582191886454696050e-01 -2.870544532170927754e-01 -2.262369009670506526e-01 -1.961332130142370844e-01 -1.081580698413981134e-01 -2.349939203756276282e-02 -1.471971613504268750e-01 -9.632380234910063732e-02 -1.643060794773493205e-02 2.168774144906289794e-02 3.275939373062698445e-01 3.791744155171612035e-02 -1.019449506796683662e-02 1.171291366403478529e-01 7.847941282476127156e-02 -8.462001925205486774e-02 -2.966403242969134837e-02 -4.841587692580956448e-02 8.915380652806970119e-02 7.726572907587334060e-02 -7.397917616726890078e-02 1.549766764959921439e-01 5.328547272404516796e-03 1.492812542959690847e-01 5.832016970563116270e-02 -2.537037168143467247e-01 2.531756191332371064e-01 1.922273064598172543e-01 1.774053198809461343e-02 4.596180791843192115e-02 4.270249660021090132e-02 3.122284501326871853e-01
-3.085425321907559471e-01 2.199203182549667179e-01 3.491074472252505417e-02 1.000000000000000000e+00 1.754987001057526363e-01 -3.915751483502557528e-01 1.189115682280240394e-01 1.097040270942400558e-01 7.925437263126459964e-02 -1.845071493092255432e-01 -2.491289555246726239e-01 -1.834213334507302229e-01 -2.997047170769011615e-01 -2.510837967244469171e-01 -1.545838360765779129e-01 4.359870642806605301e-01 -2.762712831154411908e-01 2.013962576442275554e-01 -2.412478811950138913e-01 -1.737522759216728052e-01 -1.482959192068001586e-01 -1.766000628801867867e-01 -9.940550236608303170e-02 -7.858695995122036426e-02 -1.831383703172215563e-02 3.945661326537001218e-02 -9.543874885973092914e-02 -5.182135095825517457e-01 -3.313011128050291632e-02 -3.051917191738111670e-02 3.635143741332023115e-01 2.687725082964051992e-01 -1.144099925546706309e-01 -1.424474900306811898e-01 1.366973308792322483e-01 -1.848521317792104490e-01 -4.153557135644808107e-01 2.175004852235358221e-01 -1.784904653250707907e-01 1.681334569329127615e-01 -3.259373127826592498e-01 1.065372870153484704e-02 1.066366517594306285e-01 -2.739054943649454343e-01 -1.941175453693167602e-02 -2.253383279008543405e-01 -1.539265229327962670e-01 -7.518182549555134375e-02 4.822427460871878124e-02 -2.582070125791332549e-01 2.130186440975936901e-01 1.972905636029410326e-01 1.145923713290911694e-01 3.454587673741378873e-01 7.132956661779771279e-02 -3.609229952305387235e-01 -6.980188734555189956e-02 -1.022631930779477512e-02 -2.650892765022328512e-01 -6.303778190970357742e-02 -7.433303384135871161e-02 -1.850011458556156674e-01 -5.591815836304865617e-02 -1.725424074973409549e-01 -2.996295685466174863e-01 -1.739795763347991298e-01 -1.236876558885644656e-01 1.303922611961140232e-01 -3.227381022881181671e-02 9.259489796169344950e-03 -1.671266431288445653e-01 -3.029943107589181880e-02 -9.360023335759307117e-02 5.092430435064486394e-02 4.292164433664277107e-02 -3.352368603636188271e-01 -1.076466486839592063e-01 3.452322293655576274e-02 2.749169979636304495e-01 4.754146239287200260e-01 -1.254037691736107352e-01 -7.034082944377144375e-02 -1.339324888316884288e-01 -2.091858295495483966e-01 -1.224977592009941496e-01 -7.469470151590200391e-02 -2.807230823835107358e-01 -3.041058201547126583e-01 -8.161850811284972196e-02 -2.233215946764193771e-01 1.642088699661313211e-01 4.736474317402980267e-04 -3.854573529144431632e-01 -3.593276514156504842e-01 3.660947110338584609e-02 -2.268327490974219041e-01 -2.618297265872525093e-01 -1.819276334319403221e-01 -1.224846872146101856e-01 -1.408348409956303171e-01
4.219426107037463347e-02 3.361586182329413114e-02 -3.445226175063711982e-01 1.754987001057526363e-01 1.000000000000000000e+00 -1.320156540347292018e-01 5.421434408453534165e-02 1.628648102761798555e-01 -3.725365100413230990e-01 -1.116846039595934814e-01 1.919745506477836261e-01 -2.320378974929113436e-01 -1.688329202804008944e-01 -2.031303612222841448e-01 -4.706383468406017540e-02 1.009842803319335736e-01 -8.865510054851094557e-02 1.559001867302486355e-01 3.499406968286937480e-02 2.517575005977811670e-02 -6.638767753047590536e-02 -1.550737303407078438e-01 -6.050987375301866700e-02 -1.233057375581887161e-01 1.559910700299597941e-01 -1.168339833979009784e-01 -4.083653369654504511e-02 2.208512279428746349e-03 -4.040059560212722056e-02 -8.070832736030352991e-03 -6.598645772099254181e-02 -1.945336057143865482e-01 -6.913431212476825460e-02 -1.294293609960760760e-01 -1.198813024181731024e-01 1.079634160360046363e-01 -2.381566537065439582e-01 1.324955546956282093e-01 -1.547515281388743211e-02 7.378016768108489054e-02 -9.392599177551143319e-02 -2.821895843975197674e-02 -2.506767399635131399e-01 -3.268919178118990798e-01 -1.281804861083518932e-01 -9.483734396150619861e-02 -1.621434227316653209e-01 -1.561568683988854775e-02 -2.371746402344769300e-01 -1.798874526205672397e-01 6.912928707955399987e-02 7.646747494637752551e-02 3.632626002276703181e-01 1.111643601664736580e-01 7.332213894969566437e-02 -1.703138214279529550e-01 1.413934909989216782e-01 1.014769433654438974e-01 1.434173979687365375e-01 -2.141313770370711633e-01 -1.576241179352491084e-01 -2.986349876081934029e-01 -2.202248057767190459e-01 -1.001717008258472957e-01 -7.757336383508027511e-02 -1.409397346622417446e-01 2.407344916450117334e-01 5.527423307924888424e-02 -5.463346291969772839e-02 2.046702474936227811e-01 -1.326583323559196899e-02 -1.626062312227242179e-01 -6.605923251465160850e-02 6.645187807886338005e-02 -1.180251177595480760e-01 -8.270623658222238384e-02 -1.420112202953667802e-01 -5.605620529915530253e-02 -4.951299138301321068e-02 8.644075524467047245e-03 5.045711607406437246e-03 -1.089894610739691183e-01 -2.731715991714270264e-01 -1.862828436943914923e-01 -2.239004909578087288e-01 -1.114280853494097889e-01 -1.248974526006991909e-01 -2.685345132341080410e-01 1.451202533194421718e-01 -2.012566968367213160e-01 1.274990287639288511e-01 -7.355742767410236582e-02 7.650152063125245823e-03 -1.240326664356924263e-01 -2.657360472129846052e-01 -2.836743226291180697e-01 -2.510100672002866795e-01 -1.687384134855725026e-01 -4.642395791338107570e-03 -1.524975952818157787e-01
3.727750243152540555e-01 2.122617030950845959e-02 2.800436871159098784e-01 -3.915751483502557528e-01 -1.320156540347292018e-01 1.000000000000000000e+00 2.130846862467634384e-01 1.577508724812450025e-01 1.515329579935732196e-01 4.607616741396342031e-01 8.307130093391930370e-02 3.846398810245189037e-01 8.179602712324011982e-02 -1.330786683747517407e-01 -6.228725610334943236e-02 -7.213062495709368638e-02 -3.672948543584846071e-02 -9.802892535937665630e-02 -1.555155558049887421e-01 -8.529972224554994639e-03 3.795692826211134741e-02 -5.746387262571636678e-02 -2.317114516266733371e-01 8.970090944181802195e-02 2.502662266422395199e-01 1.824933375013964854e-01 -2.097302496886764012e-01 2.431960766135755556e-02 -5.899650135267273804e-02 -3.404869977572128059e-01 -1.973466579859787240e-01 -1.018607195930929105e-01 -2.867697689620559223e-03 -7.999053625430447775e-03 -3.172750856528209762e-01 6.747718603224261980e-02 1.548572330285332144e-01 -1.361334347776307629e-01 3.806638917571257830e-01 -2.296952664616755749e-02 1.966022879433467763e-01 1.779309864832021449e-04 -1.269730205342372020e-01 -1.217640372826223581e-02 -8.325253988513811598e-02 -5.507674602366313676e-02 -8.046614895849113491e-02 -3.619507365168362911e-01 1.923657651542638181e-01 6.682905465133426315e-02 -6.344673745224965744e-02 -1.168401705827910690e-02 2.645970256634923023e-01 -7.992123565873236746e-02 3.362546887490452940e-01 6.694732073364927372e-01 3.543449205047631834e-01 2.870037198731965056e-01 2.342320030756128435e-01 7.842996520850595288e-02 -4.387211630809184637e-02 1.178860319846326971e-01 -2.342774181234252573e-01 -3.129526617886351225e-01 -5.417391400916353461e-02 -1.300585074157517007e-01 3.163544287119622878e-01 -4.300029982755221858e-01 -1.382494741925759385e-01 -3.462806631248843692e-02 -1.666280397881960695e-01 -1.438227909064272447e-01 -1.531592131531783474e-01 -1.127327183145103023e-01 -3.060436594888848449e-01 3.523169243987984700e-01 7.990793770180304456e-02 -3.803074668265425395e-01 -9.694118037156190804e-02 -1.716501871632380161e-01 -2.063233635146849085e-02 -9.096252791326783771e-02 5.786208667544474188e-02 -4.243268700672794130e-02 -1.022843890382141574e-01 -3.449871564589852557e-01 1.709522504095027928e-01 2.913948489562254857e-02 7.817314654718936218e-02 2.368126398090272811e-01 5.014808170893136907e-02 7.564456658663583355e-02 2.826688075594738780e-01 1.100775393625522541e-01 1.088575670863213413e-01 1.389385225152165171e-01 -3.661554409361329060e-02 -1.700810652789191135e-01 3.227612546094527080e-01 1.229337870412260947e-01
-1.372783679366556819e-01 7.595561826831220831e-02 2.206638375436189292e-01 1.189115682280240394e-01 5.421434408453534165e-02 2.130846862467634384e-01 1.000000000000000000e+00 5.612599123440132898e-01 1.714088979812019298e-01 4.120211588889366450e-01 -9.679499335830382689e-02 1.410689019675943068e-01 -1.813501749563073140e-01 -4.220460175101400924e-01 -3.480942676217459453e-01 3.920316079287280431e-01 -1.779727619361035906e-01 1.180499654964728140e-01 -1.274068090536992492e-01 -8.370753795375079909e-02 -2.033886363643855055e-01 -3.000599676143190231e-01 -3.166193118195972933e-01 1.658194192582556903e-01 3.653193803518034466e-01 2.758412238723637055e-02 -3.337710524792249500e-01 -3.970878858175660997e-01 -2.224802302462753345e-01 -4.232472426071869354e-01 2.001107159443218098e-01 3.413073408460114422e-01 -1.122215662170761297e-01 -2.617139761617375271e-01 -2.051115637235570444e-01 1.728009039043534867e-01 -1.772374161283440941e-01 3.664889142394703869e-01 1.018637114570353913e-01 4.530274732558489115e-01 9.310737036189266347e-02 -1.867623935993774076e-01 -7.638479412724239435e-03 2.662023437862134478e-03 -2.678264233429411001e-01 -2.890968195802877116e-01 -3.330373650932592078e-01 -4.062518617426748024e-01 3.206855402997416116e-01 3.190201967965593938e-02 -8.351144789646657018e-02 5.062599828058043927e-02 4.328176007368422229e-01 1.931412900063012861e-01 3.318070759114790658e-01 1.944154210624280954e-01 4.728801598525394501e-01 1.860200689937751006e-01 1.776416787706052713e-01 -4.940351877153725813e-02 -2.582580871674731715e-01 -1.602275755862557494e-01 -4.320965355007881370e-01 -3.568173542791087671e-01 -2.301726175664506879e-01 -3.184853861922202212e-01 2.044507677355449360e-01 -1.369826838636827304e-01 -3.063983966888641497e-01 -1.096724572525640679e-01 -3.567790540706460845e-01 -3.396840521371764510e-01 -3.567259606455326915e-01 5.367401183891214178e-02 -1.951640713097592683e-01 -1.544821763314653713e-02 -1.222875036957450645e-01 -1.856529723330636317e-01 4.353423252803600429e-01 3.745572481659820152e-01 -1.766994648653396893e-01 -7.120456657880687434e-02 -3.131323782714512949e-01 -3.922699978961861067e-01 -4.118702383499493469e-01 -4.648238897027222039e-01 6.056485465755408193e-02 -2.016480671641539268e-01 6.523887689526358669e-02 5.965770020579271721e-02 3.040369419896006287e-01 4.704135193568015350e-01 2.422068294978394210e-01 -3.060123158912920194e-01 1.966866400814134552e-01 1.411513358236732851e-01 -2.393554672197958089e-01 -3.265379883454631593e-01 2.024344711882903880e-01 1.415632240101705741e-01
-8.788396562134019596e-02 9.646885258597846791e-02 1.472708437839769791e-01 1.097040270942400558e-01 1.628648102761798555e-01 1.577508724812450025e-01 5.612599123440132898e-01 1.000000000000000000e+00 9.409068796634262322e-02 3.385862937264257355e-01 7.619930044070419295e-02 -2.854092683367105004e-02 -1.395242189739478132e-03 -3.381808609906899465e-01 -3.461495694692696690e-01 2.352543000584559341e-01 -1.819730115440803056e-02 3.356684323722895075e-02 5.827184264404049185e-02 -1.177578519290733844e-01 -2.314905926870067798e-01 -2.098092675613343616e-01 -2.742649105947476129e-01 2.730315578298821433e-01 3.369604492312252009e-01 -5.757498140160766109e-02 -3.431738817908999151e-01 -1.969677782016900636e-01 -2.522365270761283695e-01 -3.429922645993181973e-01 9.754989838356639686e-02 1.644414232907077111e-01 5.526966043322007610e-02 -1.604210635389947959e-01 -1.336367903691527415e-01 2.531261741381938823e-01 -1.916571492463335635e-01 3.790383816384980675e-01 5.075964456097081107e-02 4.068157714762761779e-01 1.518485092339159903e-01 3.878809776179492630e-02 9.367577533479023999e-02 -3.467524999239309826e-03 -2.748503821097609268e-01 -3.293377399175940190e-01 -3.575321937997001931e-01 -3.033534811935600928e-01 9.378353031000760676e-02 3.698019706488887837e-02 -2.245683819758902480e-02 1.624004903156947219e-02 3.896276270232509886e-01 2.068649535309990267e-02 3.389576703103211464e-01 6.346474329811904735e-02 5.406900320298807516e-01 3.786902688069476164e-01 3.277794069548863320e-01 -1.413575696435466489e-01 -3.036974181858975164e-01 -2.096594732447210896e-01 -2.539953956108078614e-01 -1.768254174951274516e-01 -1.167264454967512355e-01 -2.599509311124898470e-01 2.998459961384470351e-01 -1.084451346395128440e-01 -2.027671287499077657e-01 -5.292253336877345699e-02 -2.170419381490604760e-01 -2.985681262216597354e-01 -3.683831188867314754e-01 1.452262481676113159e-01 -1.087939947510805777e-01 3.849163093568214872e-02 -1.647440865450735537e-01 -1.029149711784404370e-02 3.769028136440327192e-01 2.284867495497369672e-01 7.990138948518361872e-03 9.790043019808898628e-02 -2.012693851909794773e-01 -2.752001837215190538e-01 -3.759757341620110216e-01 -3.118193147079350025e-01 -2.639712764341485204e-02 -1.016245405420083542e-01 1.179598636681698232e-01 6.745298243231814816e-02 2.969554906432766983e-01 4.237582461870093575e-01 2.440825232266715661e-01 -1.454161193438764099e-01 1.898191865278040513e-01 8.679636624997444372e-02 -3.319216707361723473e-01 -3.154514893350147675e-01 4.112318562974644903e-02 1.355640514636433785e-02
1.329090839128622970e-01 9.973975333363307993e-02 3.478154860508234081e-01 7.925437263126459964e-02 -3.725365100413230990e-01 1.515329579935732196e-01 1.714088979812019298e-01 9.409068796634262322e-02 1.000000000000000000e+00 6.408804493528638679e-02 -2.970972690120070037e-01 1.193485965952834349e-01 -1.480894097950420929e-01 -1.286547040755351423e-01 -6.341035702976241528e-02 1.488374568431506950e-01 -1.345520012382080965e-01 8.549772317642045927e-02 -2.877971743610778788e-01 4.124248899416888686e-02 3.228832643959983484e-02 -3.744333261490501857e-02 -1.523208227630162837e-01 -9.114837341570383722e-02 -1.595666462854944678e-01 2.060844057406555907e-01 -1.417498212578393035e-01 -2.050237974017029285e-01 1.819119759753199395e-01 -2.290800095785189561e-01 1.052132337651175559e-01 2.552202995089076221e-01 6.338937485998283328e-02 6.257878647487109813e-02 -1.005738825422684557e-01 -6.712322456486399802e-02 9.952502160779619356e-02 6.642865264733073538e-03 1.639386466257561070e-01 1.997953582447821799e-02 5.242421153794057237e-02 6.861366346765516077e-04 -6.723073395254358653e-02 6.119086590928455444e-02 1.102345252864363051e-01 -6.950206095426013364e-02 2.988999912657382130e-02 -2.200299947050684823e-01 4.265256135628829881e-01 8.236973123345629755e-02 2.218359959004485293e-01 2.986224681993093211e-01 -8.866458621664494166e-02 2.213588076246446046e-01 2.616255006351929091e-01 3.154103080453521946e-01 1.882585702098870106e-01 2.062529035315196491e-01 -3.065272704117558145e-01 3.246457353142314650e-01 6.678592682210686415e-02 2.271869701249541740e-01 -6.687493645796090125e-02 -2.840913256831814615e-01 -2.453723831962267565e-01 -1.416067416938704970e-01 -5.378234715207309835e-02 -1.938216796501100458e-01 -4.458742569003656606e-03 -5.687758316308210577e-02 -1.482448239657191136e-01 9.983306568808837655e-02 -1.387778235755011136e-01 6.294810502461982427e-02 4.954988427814014523e-02 -3.606841583143007707e-02 1.300603450662451144e-01 -1.666481669948496891e-01 -8.175377805571239220e-03 1.067480011494254671e-01 -2.570096590877836706e-01 1.136026957498332268e-01 9.984009805808786997e-02 -7.350158080962888169e-03 -5.180794228545657076e-02 -1.278380600724899896e-01 -3.778534892748573043e-02 4.058823556684332950e-02 4.143975916436584001e-02 2.180550859717902690e-01 7.699298668575234317e-02 9.611954507689432492e-02 9.105931929835847649e-02 1.072350861733429583e-01 1.827489530490467029e-01 7.506328528689011625e-02 7.930748804434241406e-02 -9.271741525570245668e-02 2.902288780742263707e-01 2.949221921874842223e-01
2.008383896928814805e-01 -7.905492575677237899e-02 1.336733333060632078e-01 -1.845071493092255432e-01 -1.116846039595934814e-01 4.607616741396342031e-01 4.120211588889366450e-01 3.385862937264257355e-01 6.408804493528638679e-02 1.000000000000000000e+00 9.804015156461723390e-02 3.963364295059723097e-01 2.455741520503960940e-02 -1.760909720628633657e-01 -1.614893803662079963e-01 2.858437137055887256e-02 8.880553409425385319e-03 -1.622874860659588026e-01 -5.992582158231257727e-02 -9.660084987400377465e-02 -4.307684546936062231e-02 -1.446196935619251112e-01 -2.636017484675826639e-01 3.039366876419748453e-01 5.707498248842455268e-01 1.859919034812113903e-01 -2.245080104132890497e-01 -7.352958990508742798e-02 -1.508005254870563583e-01 -3.091244610556842520e-01 1.337635600638006628e-01 2.277094364931585846e-01 -6.745573714619393368e-02 -1.349085913886863275e-01 -2.999816521255367352e-01 1.099130123863259062e-01 -9.742279173957417437e-02 3.722886518888025853e-02 2.431774669911936360e-01 2.362196012887309571e-01 8.557334955379811148e-02 1.290200137769746402e-01 -2.902108637751734527e-02 5.831490418712224899e-02 -2.098249955298234770e-01 -1.331578548032119613e-01 -2.868091071691579175e-01 -3.485455629998562288e-01 2.428330865990779575e-01 -7.858332946055525403e-02 -8.085901836658548891e-02 -1.778691716578821580e-01 3.164753492152416747e-01 -1.299725931105964738e-01 1.860779633659468413e-01 3.825981818015145031e-01 3.747698293255086743e-01 2.217948600323401409e-01 4.056394728408270756e-01 1.576706439273600213e-01 -1.062108965979070840e-01 -1.541916103402331891e-04 -2.175301679621895468e-01 -2.248484498324126168e-01 1.744854205320671078e-02 -1.667619376390402086e-01 2.453540593056306729e-01 -2.588062703479624971e-01 -1.169250044686456769e-01 -1.135137001930006523e-01 -1.541871527558306976e-01 -2.164938669905517865e-01 -2.404114911838812207e-01 -7.305089646181206486e-02 -2.088507496743053915e-01 4.225253131391566996e-01 1.171596198535093843e-02 -1.467221191460061358e-01 2.048665784086138031e-01 1.347858280104336504e-01 1.104656844676303595e-02 -3.822512268904353083e-02 -8.933156712125503440e-02 -1.153808539829522528e-01 -1.091054845609963214e-01 -3.461242762551731134e-01 1.372898213670393219e-01 -1.229134501781061449e-02 -1.922585402481309875e-03 1.553123705999594484e-01 1.573814737906193695e-01 3.492440466948200095e-01 2.236036806701716673e-01 -4.104978447212981330e-02 2.860587308735633716e-01 2.309673384395274920e-01 -1.286235513768899386e-01 -1.807067631274776320e-01 2.670832711493053013e-01 -3.248382129856913769e-02
3.262456053472854722e-01 -2.205061441130714284e-01 -4.525681815455315227e-01 -2.491289555246726239e-01 1.919745506477836261e-01 8.307130093391930370e-02 -9.679499335830382689e-02 7.619930044070419295e-02 -2.970972690120070037e-01 9.804015156461723390e-02 1.000000000000000000e+00 2.259334758866058390e-01 1.944132959825857487e-01 -1.677541686964600931e-02 -3.784156183316018940e-02 -1.120187075263779641e-01 2.162456352253773750e-01 1.263738942941468324e-01 3.416601494212713752e-01 6.714935241221203777e-02 4.721968340311123898e-03 1.151642173698690375e-01 -6.007799359554421258e-03 3.812803569956237371e-01 2.321428574510913390e-01 6.057854887957878770e-02 -2.044437285341514365e-01 2.866271963440591986e-01 2.271010548337938986e-02 -5.192096812408020928e-02 -2.875499855547278827e-01 -3.477265148555890861e-01 1.455595857153681692e-02 1.837266507563825590e-01 -1.106613564679619077e-01 1.472554216722146425e-01 7.689691951547426851e-02 9.747345707664868686e-02 -1.365223508092465732e-01 -2.115566848860479243e-01 1.806781602472954384e-01 3.995285699889895015e-01 1.614319228962595443e-01 -1.035461051148953426e-01 3.715303947079418717e-02 -1.555174946677901904e-01 -2.243330316709382100e-01 -4.174282188025222468e-02 -4.652809907137974155e-01 -2.122707540374597565e-02 2.908371344147404197e-02 -3.263425031949409028e-01 3.228732927003804543e-01 -1.647637061509339418e-01 -4.378980874794145828e-02 -1.313653520489641707e-02 1.470298930266702442e-01 2.153147880225239341e-01 5.830756931859784054e-01 1.212827035262680903e-01 1.497285498040113183e-01 -2.333959342548917737e-01 -1.328996147186279897e-01 1.434755891404995987e-01 2.273664474681144076e-01 -5.625130202159590864e-02 3.706334635449778925e-01 1.932220451714402876e-01 1.477081913179430772e-01 3.060968710121341751e-01 6.282704641526749845e-02 -9.352195278488312224e-02 -1.102989719192185580e-01 9.983172045278373985e-02 2.218883393626578382e-01 5.266784615507136280e-01 -1.124922043780110653e-01 -3.951686908030740963e-02 -1.562141335850319168e-01 -1.330000400931080351e-01 1.785815605936647565e-01 -2.582075392251178408e-02 -1.294000685596298494e-01 2.994486673589541112e-02 -2.144785322634408797e-01 -1.167231739119091311e-01 -4.504931547136412778e-02 -5.212222294410560897e-02 1.693532018655784233e-01 -5.153742124321084028e-02 1.281337489977408921e-03 7.767489621571047054e-02 9.475915564090083010e-02 3.860287813931874701e-01 -1.144572324799779800e-01 2.255411879493706903e-02 -2.695924581032729805e-01 -2.078799857642543714e-01 -5.221624386280494107e-02 -1.865426654613701885e-01
3.489793598975215461e-01 -7.029690201408893280e-02 4.095123031558387666e-02 -1.834213334507302229e-01 -2.320378974929113436e-01 3.846398810245189037e-01 1.410689019675943068e-01 -2.854092683367105004e-02 1.193485965952834349e-01 3.963364295059723097e-01 2.259334758866058390e-01 1.000000000000000000e+00 4.058330613557017963e-02 -4.066811518921634866e-02 -3.661911311051808254e-02 2.114435059332413561e-02 -5.203448035712610054e-02 1.657246922758506547e-01 -2.139633489764910246e-01 -9.294552616223469149e-03 1.389709881397695745e-01 6.345102038878175366e-02 -1.662159685134846354e-01 2.104235245546460520e-01 1.496524637048580186e-01 5.338908307993188718e-01 -2.103484552778209782e-01 2.693540719693000504e-02 2.165957759032066388e-01 -1.196321489630130658e-01 -1.728600904202763078e-01 -1.169233308234586405e-01 -2.914494925117875890e-01 1.024766081406435492e-01 -3.225337660323034372e-01 -1.377032876575528531e-01 1.954370499797688510e-01 -2.999820261915012165e-01 1.816860193672702739e-01 -1.815566293033320788e-01 2.338595566927310909e-02 8.406394604106171009e-02 -1.846177792299584508e-02 4.167064318975816084e-02 1.549264562819666069e-01 8.957921231855275890e-02 -3.354548131076572071e-02 -2.740327058582177067e-01 2.079427071125314053e-01 -3.891739065883719623e-02 -1.275955423097619723e-01 -1.429478867054914670e-01 2.449643768957770196e-01 9.040313825229458200e-02 6.321703063954347591e-03 4.616201902223144860e-01 1.276240392790524147e-01 7.164827501627915596e-02 3.139315228009979808e-02 4.151567337711720707e-01 3.361172432867129967e-01 2.960521053518653800e-01 -2.649132341490196274e-01 -2.719160582111672109e-01 -7.949160277238949412e-02 -1.559273983642383010e-01 2.181390957322900948e-01 -2.084241124097342968e-01 2.877334932560996275e-02 1.316379265097676610e-01 -1.001218233892515741e-01 6.519642147278149891e-02 -4.970547478614419090e-02 -2.521824954970596222e-01 -2.460582625563094081e-02 4.718529173362279172e-01 1.579451155450532218e-01 -4.085760702185067261e-01 -1.830480423407926105e-01 -1.313405816579371610e-02 -2.256243104413738765e-01 -1.554021418405784893e-01 4.110500470631987119e-02 3.981344788789257377e-03 -6.186022487479828774e-02 -3.273536651817962606e-01 1.057600534514746560e-01 -1.253238802884619474e-01 -5.259818212741250443e-02 1.849287501348770846e-01 -1.154471112164293101e-01 -3.457888494429421644e-02 -2.521693699526508445e-02 1.060319670774546863e-01 3.519958186173861164e-02 1.907083403716915149e-01 1.127576930233761543e-01 -5.526147656009688242e-02 3.879727640014297152e-01 9.814690834635160510e-02
2.409078620084681432e-02 -8.679182425934860168e-02 -2.466480116828922639e-02 -2.997047170769011615e-01 -1.688329202804008944e-01 8.179602712324011982e-02 -1.813501749563073140e-01 -1.395242189739478132e-03 -1.480894097950420929e-01 2.455741520503960940e-02 1.944132959825857487e-01 4.058330613557017963e-02 1.000000000000000000e+00 3.376572290809876642e-01 1.287399901250452783e-01 -3.001653878634938932e-01 5.602847110425391852e-01 -2.976564389962020954e-02 4.851479706579099327e-01 6.152229073312662916e-02 9.837410682895963987e-02 3.995778337109498479e-01 1.781793213110875185e-01 3.051857664237242473e-01 3.393441192943741358e-02 -1.098933960596108345e-01 1.334898080547277932e-01 3.736430168515215700e-01 -6.910885440165105698e-02 5.232945333416772621e-02 -3.515460653343821518e-01 -2.686596754688576061e-01 -2.635721396772097366e-02 3.990309158272523082e-01 2.663347581255662844e-01 1.131516583199098369e-01 3.031579352660085935e-01 -2.080214139882619051e-01 -7.645840986420271435e-02 -8.849485031271646374e-02 2.505268501745420706e-01 1.069534698947187251e-01 1.803890318292962480e-01 3.303078437536972611e-01 9.316450709013142373e-02 -2.900483312549767198e-02 9.842363060649617079e-02 1.966506581933577247e-01 -1.764496630294219159e-01 2.141374839006540964e-01 -3.061098970070095793e-01 -2.465601394791658851e-01 -1.730970800789663755e-01 -2.517560351556382692e-01 -2.714709869340760084e-01 5.688840143407324079e-02 -9.104431307439167509e-02 -6.744756437947936611e-02 2.717980471005586596e-01 -1.256396535094168598e-01 1.046727470147873346e-01 2.518327485881641237e-01 2.139213240533575922e-01 4.015817390553600985e-01 3.622413879230728662e-01 2.643110036945061636e-01 1.020785818647291891e-02 3.057322864250183181e-01 3.391127391295674642e-01 1.882599028338946545e-01 2.979994467649289547e-01 1.502232139371147135e-01 1.396826102673174308e-01 -4.454923156290125502e-02 2.265109147972745041e-01 1.941899325165623025e-01 8.776862560969143912e-02 1.444705438109060158e-01 -5.458559178231577047e-02 -2.777880874620020646e-01 3.337110205583720957e-01 2.602368227879344187e-01 2.856464164996691535e-01 4.026051278049245230e-01 1.672349812362703692e-01 2.183030840229349123e-01 2.460390713491971693e-01 2.999452938887855469e-01 1.369337840397744088e-01 1.359411958661100872e-01 -2.853927475492478716e-01 -6.379375357030694915e-02 1.032766979218719128e-01 2.183251471588093517e-01 1.265969180869210564e-01 2.590523960511088575e-01 2.562445714139402475e-02 1.503387966687909638e-01 -9.003982159012108299e-02 1.369346986178240737e-02
1.749648869608681073e-02 -2.091567835645180840e-01 -1.653386944041155826e-01 -2.510837967244469171e-01 -2.031303612222841448e-01 -1.330786683747517407e-01 -4.220460175101400924e-01 -3.381808609906899465e-01 -1.286547040755351423e-01 -1.760909720628633657e-01 -1.677541686964600931e-02 -4.066811518921634866e-02 3.376572290809876642e-01 1.000000000000000000e+00 6.770484857581909877e-01 -4.328601376035506876e-01 3.194550031701302029e-01 -2.422149723316715381e-02 2.460000103745423883e-01 2.314283303376188372e-01 5.334401681795880590e-01 4.329511261220095331e-01 6.535776577278683552e-01 5.747811815535260743e-02 -2.713747990835947421e-01 8.271322739279850234e-02 5.762392254909751710e-01 5.305734379301733084e-01 3.103531934249492696e-01 6.655219134113689039e-01 -1.855004367996514469e-01 -3.268631800806731103e-01 -5.359331610025178105e-02 1.996681015893961852e-01 2.405353146045896284e-01 -1.197395561235452821e-01 2.708015174743606535e-01 -4.540957917596234461e-01 -6.566191311781999218e-02 -1.980571709028598471e-01 5.889873188258981651e-03 7.739262224133876267e-02 -2.467765058909944520e-02 1.203796535847056204e-01 1.623280251746221647e-01 5.910567901440151317e-01 5.635603177447803258e-01 5.818025995391048477e-01 -1.800847563270975560e-01 -6.837229163970072465e-02 -1.119627862042703731e-01 -1.608108014590962365e-01 -4.192510780555612215e-01 -3.510969130918903391e-01 -3.514505768357258919e-01 -1.677075010588794657e-01 -3.397663416721564134e-01 -1.692980670949271182e-01 -2.045193694108193017e-01 1.545292099275354103e-01 3.051245215179823611e-01 3.460699274860096208e-01 5.935539374355931486e-01 5.742649355508464559e-01 5.573928900825056987e-01 6.660041661117511724e-01 -1.365951846523158486e-01 1.868282603163551880e-01 3.243710296008405214e-01 7.658181202421138201e-02 6.568393675450856506e-01 3.790933876775168798e-01 6.498021672543011773e-01 -7.166089554626266234e-02 1.815554600021582199e-01 3.357726680633376509e-02 3.749629095360987874e-01 3.763402042870645503e-01 -4.352365217141037634e-01 -4.109628144599354327e-01 1.473094187516922893e-01 8.070823610140796800e-02 2.261323111775324635e-01 3.389630932323066115e-01 5.938364479475908286e-01 6.457732077271343130e-01 1.639246584602733203e-01 5.136691528149763819e-01 1.100409825844435828e-02 1.230329481565638899e-01 -4.998464738626903769e-01 -3.576528552666099481e-01 -1.098273419443584059e-01 9.559596479193303853e-02 -2.880877263186801610e-02 7.698190547102141956e-02 5.997170352697067663e-01 6.545619673138588501e-01 -1.663996220530463144e-01 -4.785392864389169387e-02
2.467784270356387921e-01 -2.116460904734263418e-02 -1.986685412656080119e-01 -1.545838360765779129e-01 -4.706383468406017540e-02 -6.228725610334943236e-02 -3.480942676217459453e-01 -3.461495694692696690e-01 -6.341035702976241528e-02 -1.614893803662079963e-01 -3.784156183316018940e-02 -3.661911311051808254e-02 1.287399901250452783e-01 6.770484857581909877e-01 1.000000000000000000e+00 -4.530900909891865114e-01 1.832273181227491166e-01 3.906310222964765738e-02 9.696753376610840747e-02 3.498870515484527322e-01 6.921439942547319424e-01 3.404379541061104963e-01 6.388344264273806417e-01 3.422541649388503165e-02 -2.640589938301443063e-01 2.798267104882030676e-01 5.244085036420854662e-01 5.646628021661032060e-01 4.973114484627433329e-01 6.416132462073447229e-01 -1.230220474058349583e-01 -3.231681386198251849e-01 1.257284110261256693e-01 1.118316706838406310e-01 9.623648695349021343e-02 -1.478737105556972020e-01 2.206513587256624942e-01 -4.448600701719695460e-01 1.099723514224326681e-01 -2.415337326151741348e-01 -4.390189481891507844e-02 1.190421463649702499e-01 -1.296859269834485517e-01 7.713764910716552209e-03 3.395564923226254694e-02 5.520078144337028370e-01 5.899226213073446301e-01 4.455912980610032270e-01 -9.617391606751771183e-02 -1.502267530543633656e-01 9.818213063592588774e-02 5.521203691873641239e-02 -2.676527103896546578e-01 -3.904342791613266139e-01 -9.825469920923633749e-02 -5.810666019651775788e-02 -1.697300966557683255e-01 -3.504194616460423045e-02 -2.524210641169128966e-01 2.120014721770070443e-01 3.130887597263919409e-01 3.022680917616256124e-01 5.624011045371889450e-01 4.501854166746560582e-01 4.495246101827266583e-01 7.121145836989062339e-01 5.405907468258427939e-02 9.340301891460045525e-02 2.419876329136731452e-01 1.443349553333852231e-01 7.026311557447340039e-01 3.926185181759835885e-01 7.082233494521288364e-01 -1.114118408113297203e-02 1.072306238911970161e-01 1.384454710875760164e-01 5.644354154436009852e-01 3.449381201293092447e-01 -5.062259669243718285e-01 -4.241337320567395430e-01 1.598975454825614650e-01 -5.021514589987043781e-02 6.415118660470434109e-02 3.141994459640464754e-01 5.123768766005730724e-01 5.352591244665018122e-01 1.326787813083106227e-01 5.323958283099387012e-01 1.570986760218638367e-01 1.540561292339838184e-01 -4.057487729460966808e-01 -3.693596159734797157e-01 -1.487831522468567114e-03 2.448864730086445229e-01 -7.525661182529266857e-02 7.050197552665223022e-02 5.437468410694267229e-01 5.504868786572276740e-01 2.590503449826988755e-02 -7.942383596086646097e-03
