1.000000000000000000e+00 2.189622080712565477e-01 2.090944078840910603e-01 6.668061258302139527e-02 5.736994622736178023e-02 -1.046706725534666815e-01 8.014795413148545489e-02 -3.590508651740820789e-01 -3.967059583947761259e-01 -1.992212470067539209e-02 -2.395789029740920950e-01 -4.779431288628314123e-01 -6.146667846180023376e-03 -2.715463234064660614e-01 -2.202142415927034191e-01 4.342051121079774229e-02 -4.824681430249471575e-02 -3.353480718994312770e-01 -3.333055698669433742e-01 5.430898128422127075e-03 -2.435829680982784795e-01 -1.398617733106779504e-01 1.019457759691812931e-02 -1.133332067437474583e-01 -3.598897067306531389e-02 -4.275114633072276682e-01 -2.562043382308440975e-01 -2.970426701427700822e-01 -6.012647983345557889e-02 -1.118538991570818680e-01 -1.721401235455798095e-01 6.142043175937584865e-01 -3.590073764362740061e-01 -2.718370803137213354e-01 -5.064159388580434795e-01 -1.486326560504671046e-01 -2.382904637719561458e-01 2.471661227626168189e-01 7.209041528442167168e-02 2.416203059881344983e-01 -2.953119578307174531e-01 -4.150598453196958637e-01 1.370931926565102932e-01 -2.778638409963676281e-01 -1.690641220374516085e-01 3.302073649179789600e-02 -4.190610697086282754e-01 4.507571583713689684e-02 -1.364377144796097285e-01 -1.197553078284506051e-01 5.215273583127113532e-01 1.229452167476238200e-01 1.651647656250350149e-01 4.357815080340931013e-01 -3.171286118072399463e-01 2.440694127609661368e-01 -2.207358295549676219e-01 -3.161252114107968580e-01 -2.340027300432335755e-01 2.788545165572323126e-03 -2.826258876527459329e-01 -2.149768664987662670e-01 4.461839306221219298e-02 -1.559649858285601931e-01 6.773106112469268192e-02 2.761774947518425005e-01 2.422307736364084363e-01 -1.331183162883917970e-01 -1.608880652378976150e-01 -3.242381597120960746e-01 -2.516445223175111656e-01 -2.290015383346591937e-01 1.224659860541597450e-01 1.958017974705076880e-01 -2.004801220995811040e-01 5.580870793034097693e-02 -1.356888274508511183e-01 -1.443670929825112415e-01 -1.639265761282315548e-01 7.327900598058859072e-02 -1.126700486109562804e-01 -1.433394635693553409e-01 6.010015949731554313e-03 -1.728914364594059672e-01 -5.367005780832899420e-02 -1.239441442450539277e-01 4.240760866306202831e-02 -3.824454106695309719e-01 6.172900524431071748e-03 -1.950686854400331405e-01 3.099939759022419250e-01 3.859193104199583058e-01 2.508313215782001504e-01 -3.113895120773699787e-01 -1.906161438789094331e-01 -1.828288520862859923e-02 5.397707362315672802e-02 8.035444561099998328e-02 -5.247446765270975116e-02 -7.590798496792665329e-02
2.189622080712565477e-01 1.000000000000000000e+00 2.347835661283790010e-01 3.816594828199137424e-01 2.539708579375883901e-01 -3.971854782588681021e-02 2.428331765747463854e-03 -1.086619731515413023e-01 -1.793790631543676073e-01 -6.950032604964298533e-02 -2.813189093618261027e-02 -2.020128347532621771e-01 -4.252039184244429948e-02 -2.193635537725383278e-01 -1.774181049323207138e-01 4.294209544028580461e-01 -1.220044839878917375e-01 -1.972214523461821578e-01 -1.241725742020444341e-02 2.014553802907676633e-02 -1.929240808243071481e-01 -3.822995909908537548e-01 -5.244572648604486909e-02 5.472601206529024293e-02 -2.381140158191381168e-02 -8.680303514359473394e-02 -1.215670910854492331e-01 -3.871430458997418556e-01 -1.068759660746836232e-01 -1.603307908926454028e-01 -7.068549104261880045e-02 6.315036390383643727e-02 -3.928390341788435269e-01 -1.545373307884552738e-01 -2.958552803384095764e-01 1.793715733851760155e-02 2.442362660727853962e-01 -3.581202790242445089e-02 4.973379905419941099e-02 3.570221079195118885e-01 -3.070704971199126332e-01 -2.132501028701531687e-01 -5.522398265240526655e-02 -2.101889430099042055e-01 7.902601281799190303e-02 -6.958203698362214239e-04 -2.482143969656446791e-01 -1.512798665154240219e-01 -2.664685945607191409e-01 -2.421430290883980901e-02 1.870387161847659463e-01 5.798652435428531815e-01 3.695949987193791197e-01 4.669598348632837959e-01 -1.263515300679226572e-01 -9.624911072149253122e-02 1.233610200332439094e-02 -1.658038063865313605e-01 -6.331643813699922019e-02 -8.828894590146101062e-02 -2.200652342989405097e-01 -1.446314348739586308e-01 -2.037838491050024793e-04 -1.113422375656890340e-01 1.965694726976203177e-01 2.377459987716497303e-01 1.621167682980287350e-01 -1.739483254395821632e-01 2.132756814962647601e-02 -1.270225101672855291e-03 -6.820125161919778078e-02 -3.073843068342784202e-01 -3.320173390076421732e-02 1.049679522404529247e-01 -1.577851382147938686e-01 -2.640494418682766756e-02 2.916739984181634937e-02 -5.761090375874874242e-02 4.180909848323938194e-02 1.245957769592125203e-01 6.006176321089243958e-02 -1.367292828987717868e-01 3.377523387078784634e-01 -1.670896541996811507e-02 1.123839140931411767e-01 5.391145193132124147e-02 1.828502625719603258e-01 -1.848658689699797519e-01 3.285370154714665342e-02 -1.606648212103890805e-01 4.242735814899412650e-01 1.753536553362510242e-01 3.877211176647716862e-01 -9.991361890603964180e-02 -3.126351630267003995e-02 9.027270534188533424e-02 1.089508173960054144e-01 1.687086914865124632e-01 -1.766886531404818217e-02 1.665223208797308183e-03
2.090944078840910603e-01 2.347835661283790010e-01 1.000000000000000000e+00 2.185167925797705246e-01 3.154531268465173288e-01 3.089933772928418199e-01 6.404887211566397121e-02 -1.005218874730782336e-01 -1.353097334476255353e-01 4.801585359959881227e-02 2.011528782620819744e-01 -8.884235201256920900e-02 -1.256390406798069126e-02 -2.388318642089752308e-01 -2.190459573727172593e-01 1.099623994342347963e-02 -1.381199571617654220e-01 -3.017659607225537388e-01 -5.034024025202610275e-02 -1.151457609211987421e-01 -2.570154158337085715e-01 -3.263617866729049549e-02 -8.323894645832637107e-02 6.949979902519955177e-02 3.453020347837605641e-02 5.630000752244934681e-02 -1.033243876232940311e-01 -3.115284887463230512e-01 -8.781365298956216037e-02 -2.453652938634201253e-01 -3.425799990239288828e-01 3.238208556749613276e-01 -2.701446959359042332e-01 -2.013657367777652030e-01 -2.107117945075073495e-01 4.302812996380371569e-02 -8.569061505353219033e-02 8.370832113075878100e-02 6.914337936869988099e-02 3.132650726594090052e-01 -2.203871824919737821e-01 -3.582812659367450858e-01 3.494908404457092166e-01 -3.980393803692934725e-03 1.148310180506708217e-01 -1.148911442681194994e-01 -2.242331731932928618e-01 -1.906851498240809961e-01 1.691911423822024807e-01 -9.058246931834777749e-02 1.126534710873355882e-01 2.581560472981971888e-01 -4.995111487166457170e-02 3.045473052496214805e-01 1.647708130974662732e-01 4.671634801061344544e-01 2.845417832417074938e-02 -2.710192902457764577e-02 4.000722012615322981e-02 -2.047242695589729031e-02 7.498371207779053194e-02 -1.992429607076426634e-01 1.074100821333001804e-01 -5.526735230646860619e-02 1.293287540735742480e-01 2.176151805351912993e-01 2.127716895441839062e-01 -8.077308200045792141e-02 -1.663144961736706673e-02 -1.441167935416849954e-01 -7.209161061836827367e-02 1.442506438703816396e-01 1.020089561657048505e-01 3.679957232959133601e-02 1.101128376009724297e-01 6.819369768959582245e-02 4.259427537318287438e-02 9.185060704984299162e-02 1.813328415539635155e-02 -2.909150745935028259e-02 1.318772014561055972e-01 -9.222047957513772320e-02 1.741276849586266551e-01 2.207692358807901711e-01 1.845831467563548434e-01 2.447028596684695106e-02 5.579483542446352085e-02 -8.767391784476165351e-02 -1.066957677414115818e-01 -1.982568490659756544e-01 2.799133990173721109e-01 2.361845871047131284e-01 2.731715477210540644e-01 -1.558215847892103767e-01 3.432575764485353842e-01 -3.583100796025957043e-03 1.551700168859888596e-01 4.181004170574520451e-02 2.639651139098534993e-01 -1.101346047101971898e-01
6.668061258302139527e-02 3.816594828199137424e-01 2.185167925797705246e-01 1.000000000000000000e+00 4.289995604115028893e-01 -1.469727817582761054e-01 -1.419227894852029548e-01 2.168921697465595998e-03 -1.070808609362327440e-01 -2.098481582953410085e-01 -1.615933533695768087e-01 -2.248736147248595885e-01 -2.079660846246426387e-01 -2.020661271947661319e-01 -1.189939062979269851e-01 2.008306550368628429e-01 -8.925373178812093244e-02 -1.298404703395950321e-01 -1.700891192947250052e-01 2.050396827128483923e-01 -4.213631022361076506e-02 -2.356438241617930252e-01 -2.243733606319981908e-02 -1.165729675317224955e-02 -1.426867447070510539e-02 -2.325539684591907408e-01 -1.703240466945860343e-01 -3.736135885527518963e-01 1.902773068207760931e-02 -9.421595649926836624e-02 -7.725027005803877800e-02 -5.524771844211371491e-02 -8.627823544035022330e-02 -5.021114713298507892e-02 -2.807209348723384568e-01 -3.553557579664586713e-02 1.368424883287215343e-01 -8.346724374036490479e-02 4.065181457919454094e-02 2.019062888108901777e-01 -1.390891499423170139e-03 -1.834425411341928866e-02 -1.367499042647664885e-02 -7.231109486073009074e-02 -9.327551708806160191e-02 6.954407553717018020e-02 -1.989536163652689538e-01 -7.534217426440255327e-02 -2.006999471442052485e-01 2.285254987803487514e-01 1.451491353306240406e-01 5.274136326694310872e-01 4.165054582963054752e-01 4.210148104863517537e-01 -1.956850054723404120e-01 -2.352320841519789374e-01 -1.063842712239718158e-01 -1.923597259765185974e-01 -1.361791576455091968e-01 -1.943538589062313304e-01 -3.036351611634133807e-01 -8.808314954033068245e-02 8.005610740607207315e-03 -6.924464215222816098e-03 2.606961625838419283e-01 4.137183866167616630e-02 8.531841335689709094e-02 -2.488041597718843034e-01 -1.120024238831453800e-01 -8.778009922560746359e-03 -7.589031026101925037e-02 -2.056323733436526136e-01 -7.323295004256749618e-02 8.081262512719700197e-02 -1.557565089232477440e-01 -1.591151130960436616e-02 -9.398651563569662692e-02 -5.467734325009463575e-02 -8.655796986359914902e-02 2.376303689605317043e-02 -3.961597563946761547e-03 8.612101125821446101e-02 4.227665146155764470e-02 -1.400494194985852925e-01 -4.242226313726694259e-02 -4.973458886154986935e-02 1.689930064719475655e-01 -2.137325731852130206e-01 4.873491234051251925e-02 -9.823332935221136542e-02 2.305276517650176604e-01 7.031979052112155570e-02 2.078689004446495625e-01 -1.268417206407985443e-01 8.009267509164687271e-02 -1.020829236636804915e-01 6.276416960743323378e-03 1.106161774301027689e-01 3.953591772140138509e-03 1.456886841067376315e-01
5.736994622736178023e-02 2.539708579375883901e-01 3.154531268465173288e-01 4.289995604115028893e-01 1.000000000000000000e+00 -1.772350207862810612e-01 -1.267285860960606914e-01 -2.298935618461298847e-01 -2.277483350736014267e-01 -2.739451275686864418e-01 -2.330383386490809394e-01 -1.940351731696611515e-01 -2.381826654373347951e-01 -2.987537620116698101e-01 -2.065130294807921707e-01 9.648768636013767275e-02 -3.189392595970898941e-02 -1.488414260702218550e-01 -2.670147392089243232e-01 1.557517158899231757e-01 -1.570777399253121820e-02 -1.706758345784523401e-01 3.016843363270296438e-02 -1.490409562485338069e-01 -1.112168850235262241e-01 -1.557392319798135139e-01 -2.111175338969728255e-01 -3.878853943834557061e-01 8.430755737573092379e-02 -9.674464190900240734e-02 -2.436412508342170324e-01 -7.723583365018417413e-02 -1.208290390706440454e-01 -7.812399927091505381e-02 -2.881810487056772896e-01 -1.065044500497932256e-01 -5.207401735972560369e-02 -9.356314502611534634e-02 1.311888628400981194e-01 1.006407768934437369e-01 2.866348433272686291e-02 -4.927866929278226088e-02 3.905015092920902792e-02 -7.249127929874470133e-02 -1.691063535802515283e-01 8.164056597981639296e-02 -1.408311513973930784e-01 -5.256530371048399181e-02 -1.195807413209770687e-01 1.646689888642677568e-01 -6.290651275129668582e-03 3.552755270846985058e-01 2.990866934883824046e-01 4.638611648852760116e-01 -4.789632066233888430e-02 -1.205237536007989912e-01 -2.429920519940110268e-01 -2.613127970435734082e-01 -2.460567974587053452e-01 -3.038801070711276142e-01 -2.583190144798059862e-01 -1.043957271319534141e-01 4.298147571583006005e-02 -4.058772432742786818e-02 1.725018386910255608e-01 -1.154836318571531711e-02 6.667553304097735556e-02 -1.261799408441395820e-01 -1.203518894027661851e-01 -7.350045911963607424e-03 -4.820365911548590843e-02 -6.923894647931345958e-02 4.721309400027023928e-02 5.441616443364453472e-03 -1.183663769845837710e-01 -6.359048654408573642e-02 -2.247483558652560720e-01 -8.666330502474307862e-02 -2.227230584135511671e-01 -2.297421890919577603e-01 -5.073357357146991362e-03 1.209608982382796571e-01 -1.008448618588805301e-01 -6.778116294941394226e-02 -2.455533966385543138e-02 4.210284338956356981e-02 -1.624921188950377571e-02 -2.430810221688308737e-01 -1.220620566600933050e-02 -1.514362455138967556e-01 1.455714406939744854e-01 -9.994270944978102256e-02 1.533062985671895251e-01 -2.283238934139817933e-01 5.712742705706261304e-02 -2.347058830531391915e-01 3.078899505418486535e-03 2.680622205377590495e-02 -1.214125876805491680e-02 7.332409723342282748e-02
-1.046706725534666815e-01 -3.971854782588681021e-02 3.089933772928418199e-01 -1.469727817582761054e-01 -1.772350207862810612e-01 1.000000000000000000e+00 3.351148592036849450e-01 2.634068061469149180e-01 3.178025902930012303e-01 5.406629984751930573e-01 5.383946550356384364e-01 1.020163643892045557e-01 1.091526943777399172e-01 2.713783586225581440e-02 -1.161227099064012641e-01 -3.837697608562166962e-02 -2.828154543400270837e-01 -1.939394387865912284e-01 2.976796869809770207e-01 -2.000454790598734656e-01 -2.014906803872519303e-01 1.072215123921340246e-01 -2.056376521531458890e-01 3.525135033545817032e-01 1.866634658203353558e-01 2.864000775003243682e-01 -8.805334984068947587e-03 7.901990289611277030e-02 -1.238786868898218152e-01 -2.327849495467500807e-01 -1.923285186196385665e-01 9.319022720034830787e-02 6.401154140897150069e-02 -3.096843667975545181e-02 1.799648741868902502e-01 2.439324238762013153e-01 1.473500179441516733e-01 2.757671219851497418e-03 7.961418159517905449e-03 3.052762677509904821e-01 6.431367265493860563e-02 -3.510088520728031347e-01 -6.529726105974657802e-02 5.611122325702099650e-02 3.091182739642294175e-01 -2.249307936642178651e-01 1.410594719829912297e-03 -2.925930802165662148e-01 5.048263700560685630e-01 -1.098771823422664273e-01 -1.062440003351209639e-01 -3.309536194318116881e-02 -3.548695217255818379e-01 -2.226396906599674430e-01 4.477364530575358437e-01 5.625602489452795618e-01 3.957567613828151809e-01 4.562615231094654389e-01 5.226764973822097815e-01 2.322152689866631703e-01 4.423405535266689004e-01 -1.940279289932430873e-01 -1.585189319361855406e-02 -4.601947696567765950e-02 -4.006710013129452519e-02 6.087697009276371585e-02 2.039983670791013226e-01 -7.828053126978382070e-02 -6.562513242298891741e-03 -1.287466974181558643e-02 8.333910255429091696e-02 2.360879006569765459e-01 1.740867769138550528e-02 1.224491915093023353e-01 2.540748399058960216e-01 -1.072306601539379095e-01 2.859443924490044919e-01 6.724144792012300142e-02 1.544086637813732177e-01 -6.664626288193373216e-02 8.946888006206359101e-02 -1.268922690861889191e-01 1.619163465452514439e-01 3.121130980488621698e-01 1.878324532084626741e-01 6.950931326305566371e-02 3.048727619359490812e-02 1.757710550955608741e-01 -1.960906382696579742e-02 -6.185235922088649918e-02 6.981344722125178148e-02 2.202861315955076116e-01 1.843070534895394630e-01 -6.986849695700150797e-02 2.104856754023485821e-01 1.419334949229052734e-01 1.232326049409156882e-01 -5.559175840332506585e-02 3.805242083282383558e-01 -6.836733819172720328e-02
8.014795413148545489e-02 2.428331765747463854e-03 6.404887211566397121e-02 -1.419227894852029548e-01 -1.267285860960606914e-01 3.351148592036849450e-01 1.000000000000000000e+00 2.426990325551190986e-01 3.586231201217036646e-01 2.802954137592382766e-01 1.775384633165474901e-01 2.581748705890596352e-02 -5.527132482603325236e-02 -1.401324263449391927e-01 -1.816330102530084312e-01 1.075277857193457226e-01 -8.315846864057001298e-02 9.725103140793733836e-02 8.136808558525560064e-02 -4.751157570793020785e-02 1.024272489123592700e-01 -1.480243558216903614e-02 -1.535915433062758906e-01 2.796533098389178407e-02 -9.146359680782530088e-02 1.563183853330350481e-01 -2.084451624005491943e-01 -5.333753867511255298e-02 -1.386902345946080806e-01 -3.364175940432403422e-01 -2.360415104116657947e-01 8.397143963973281722e-02 -8.813732426684097246e-03 1.695051177106217388e-01 2.955924192130877579e-02 2.070008582637736794e-01 -4.643546920538235007e-02 1.955570028429119422e-01 2.128290535189307775e-01 1.894347437367033260e-01 1.169520552667190211e-01 -1.350281558504129453e-01 -1.413075731312179173e-01 -1.231343090742591656e-01 -8.262032703119535915e-02 -1.736521147686175548e-01 -1.053204874327471896e-01 -7.258789282087935169e-02 2.992447639454556829e-01 -1.725984415915806647e-01 -7.642535185644795670e-02 8.423827532064009915e-02 -1.874420060923711120e-02 -1.145512833640137257e-01 2.808447915995790356e-01 3.377784973809394020e-01 2.771706016753385793e-01 3.458221879898143447e-01 1.474937634780363049e-01 1.073657924111473400e-01 2.812413824113528249e-01 -3.073238338194989594e-01 -3.608415791718972976e-01 -1.183539829673408428e-01 -1.558386759209507699e-01 -1.202569302477160817e-01 2.307641465523430913e-01 -3.761037408471008120e-02 2.729145614830676830e-02 1.665068119559570681e-01 -6.369545069519320923e-02 -8.321783282202137311e-02 -8.743859481066028339e-02 1.931877843969143360e-01 1.867975300008876682e-01 -6.522834241434685709e-02 8.879712275295737270e-03 -2.380490895229220583e-01 -1.447312860901184828e-01 -2.192965440783511410e-01 -3.758089090864134146e-02 -1.202142356362969899e-01 -1.847286590183026475e-02 -3.602475611350086822e-03 -1.130021452671700344e-01 -1.228934861923568211e-01 -9.981926841745665524e-02 4.507266536127033790e-02 1.465544808937219862e-02 -9.993843638829198739e-02 1.703259268662427606e-01 4.938864661413826934e-02 1.035764363043558400e-01 -2.265379768335739341e-01 -1.148998809771760304e-01 -8.630978136425894454e-02 -1.031397059772518887e-01 -1.758735241844414654e-01 7.662661648839091955e-02 -1.283846640085569701e-01
-3.590508651740820789e-01 -1.086619731515413023e-01 -1.005218874730782336e-01 2.168921697465595998e-03 -2.298935618461298847e-01 2.634068061469149180e-01 2.426990325551190986e-01 1.000000000000000000e+00 5.756917897023446917e-01 2.251465925283214764e-01 2.841682610034906853e-01 2.198736111207580113e-01 1.261304053170416439e-01 1.958618458539951868e-01 1.230285653050837841e-01 -6.213270170151660027e-03 -1.912649515807425538e-01 2.324727757367333614e-01 3.102842938717336185e-01 -2.192927511957419584e-02 1.069381002267601327e-01 9.414382349437783182e-02 -8.599269567902796674e-02 1.690550024450954980e-01 1.108661620627781341e-01 1.897745211724699843e-01 2.278345362508013006e-01 1.478039425542717056e-01 -1.488747103366040714e-01 1.558123855324036050e-02 2.357203468760252912e-02 -1.790128391969194599e-01 2.657832143440212458e-01 2.710642154481112120e-01 3.200535933327547933e-01 2.141025097900513818e-01 6.138438101350832121e-02 -1.285610192203509305e-01 6.518941243649460301e-03 -2.278105478841075185e-02 2.236041847618557010e-01 6.601153388332112182e-02 -1.133852092584622107e-01 -6.539807041893049705e-03 5.960290744171506394e-02 -9.431294971120370019e-02 2.507272753092423812e-01 -1.091062637545452130e-01 1.587526418362775749e-01 -7.760235058216422011e-02 -1.992362634946852062e-01 -4.801808909211111726e-02 -1.096081397106084682e-01 -3.064790901476308060e-01 1.682804359443668962e-01 4.958318817172107512e-02 4.765042738565993807e-01 4.591356582463421154e-01 3.625453576001023692e-01 2.165443966621987959e-01 2.734956580659601011e-01 -7.429979121185316393e-02 -1.370247676178625307e-01 7.070544355190998276e-02 5.292956457432682754e-02 -8.000860436795251274e-02 -7.170660858885068156e-02 -1.371517345182380054e-01 -1.746505958567996786e-02 1.300416202303850133e-01 8.746680842196156297e-03 1.000166797273102093e-01 -1.287213106821897546e-01 -3.624951218794084801e-02 1.022675978315242817e-01 -2.963342301259986114e-02 1.291051467477192238e-01 4.551584328258585777e-02 5.980255051799026472e-02 1.887142215498581813e-02 -3.559087272801014779e-02 -2.390685132771985105e-02 2.153475127801950518e-04 7.559414105523046268e-02 1.175257413051594008e-02 -5.484032094014248959e-02 -3.128928551254652607e-02 2.008306801147881626e-01 -1.180327588090448188e-01 1.040123438562287200e-01 -1.705725557886505483e-01 -2.584333686469613648e-03 4.525296487399783560e-03 1.242852157985325223e-01 6.944260510895028382e-02 -3.888019102741515493e-02 -4.973576205985210524e-02 -8.147660213336507806e-02 7.633457755337598460e-02 -9.313886470479797175e-02
-3.967059583947761259e-01 -1.793790631543676073e-01 -1.353097334476255353e-01 -1.070808609362327440e-01 -2.277483350736014267e-01 3.178025902930012303e-01 3.586231201217036646e-01 5.756917897023446917e-01 1.000000000000000000e+00 3.542702850663221326e-01 4.065138434749658858e-01 3.409129405638211541e-01 7.766390202880110727e-02 5.479700777182233001e-02 -2.915060083677957492e-02 -4.836356340538225385e-02 -3.328744192456644657e-01 2.154701005986022488e-01 3.698698168958549637e-01 -1.249169436496157526e-01 8.953938867025509896e-02 1.801627741793996873e-01 -1.835465871043041042e-01 2.028252935255961953e-01 1.362231704257160225e-01 2.701059800349221440e-01 7.292284177082937469e-02 2.196772619154252759e-01 -1.785671705147388044e-01 -1.737800449710435180e-01 -2.597482121581436848e-02 -2.476530492968295194e-01 2.579010839225503449e-01 1.641727591777560058e-01 3.491523464556324230e-01 2.486784764980045914e-01 1.770567306250682982e-01 -1.708609795959095123e-01 -2.360594690333800080e-02 -1.059361396761402015e-02 2.619401859940150845e-01 5.183955776701038715e-02 -2.015785924584182209e-01 -3.419856075033111259e-02 5.692110229919301878e-02 -2.329735558459543054e-01 1.886045309781232138e-01 -1.942401614993899961e-01 2.661308137269102758e-01 -1.755604045650649425e-01 -3.312967758972647503e-01 -4.210550478557022885e-02 -2.357874184232092163e-01 -3.263770286900298800e-01 2.754463602294729418e-01 1.164219334256485078e-01 4.915720655463763911e-01 6.459078402836716526e-01 4.774731676039982720e-01 3.877777373736573940e-01 4.426651071213850708e-01 -1.450277689949419913e-01 -3.293849475799791593e-01 -2.504800939545939048e-02 -1.298829524973388050e-01 -2.689299898287455526e-01 -3.616177153389030924e-02 -1.676206322346436850e-01 -3.670082770488407309e-02 1.754852537754425512e-01 2.116138307112603104e-02 1.099921036743548575e-01 -2.737123186699919053e-01 -3.238316040524589351e-02 1.434367095989104168e-01 5.753524815932218803e-03 7.546475134717334221e-02 -2.109539314058088075e-02 8.596190198963862827e-02 -8.104758065968453717e-02 1.883938258692851144e-03 -8.378884193229677035e-02 1.412095220889877933e-02 7.448744111831205605e-02 -8.416454646732533795e-02 8.095868050395953891e-03 3.808354769601291628e-02 3.406480799965455053e-01 -9.021304370846010279e-02 1.346414292306639948e-01 -2.107651127096575039e-01 1.591404279800532609e-03 -6.318422162716177959e-02 1.533810173200408355e-01 5.026604324217480435e-02 -5.571933199410535748e-02 -1.206364879924018696e-01 -1.903485812440403047e-01 1.505542196186705761e-01 -1.154492072262387758e-01
-1.992212470067539209e-02 -6.950032604964298533e-02 4.801585359959881227e-02 -2.098481582953410085e-01 -2.739451275686864418e-01 5.406629984751930573e-01 2.802954137592382766e-01 2.251465925283214764e-01 3.542702850663221326e-01 1.000000000000000000e+00 5.407602151501655907e-01 1.382430891348885305e-01 1.494533972545191158e-01 -6.786754961524449348e-02 -2.616843400678154907e-01 -1.900975371014563542e-01 -5.037927382236263574e-01 -2.976005607163383915e-01 2.334239664623961319e-01 -3.706332917221579204e-01 -2.682211033805050882e-01 1.372422188859399352e-02 -2.765472029195444326e-01 5.013125975802360523e-01 5.589285679634120596e-01 1.017100142334826374e-01 -5.583888429367746958e-02 7.563429461805330767e-02 -2.331870663695264911e-01 -2.759246837293730659e-01 -1.416740076135268936e-02 2.469459620236802433e-01 5.048180144427474175e-02 -2.673933117768289014e-01 -2.665276094015403552e-02 -1.772977507784028253e-02 1.669269786155299085e-01 -3.153481335976357491e-02 -8.604698215235118131e-02 3.978295825905386329e-01 -3.632008515123120312e-02 -2.753728300449527211e-01 -1.822344647471327850e-01 -1.300623038599199310e-01 3.123296228461948654e-01 -3.590424469706050004e-01 2.666343263041485653e-02 -3.461775476602088064e-01 3.097223357529649279e-01 -3.129670024096369851e-01 -5.922809142541959372e-03 -1.461931640080356420e-01 -4.931034974052560527e-01 -7.662613983296315268e-02 8.793945923602183856e-02 3.147707553567375416e-01 3.386025345453625990e-01 4.424994797013753201e-01 6.730598683684509975e-01 4.744989951162224551e-01 4.012900672616834252e-01 -1.414158368817390599e-01 -8.448433639972616205e-02 -7.976256445839896569e-02 -6.214275841705078907e-02 2.777481532610674708e-02 2.090575826919204294e-01 -1.969000613964940194e-01 -1.123661610045396941e-01 -1.445036302198753064e-01 4.420526696048629467e-02 7.943661096637358310e-02 -8.030510543383354016e-02 2.001893438684932414e-01 1.451556740381705901e-01 1.998135104297230347e-01 2.419193883181393889e-01 -2.549952545370858664e-02 2.587642386240344150e-01 -1.682542001642064284e-03 4.835545077875370162e-02 -2.434564371499795543e-01 1.590997890595514941e-01 2.115080032608734617e-01 8.351854939364324049e-02 1.395183335669634428e-01 1.067649126691545408e-01 1.075753209022099061e-01 -1.643575098991568728e-01 4.471853018489363452e-02 5.245262956254778154e-03 4.769871271823878378e-01 2.304728447141030645e-01 -5.868489278234895190e-02 2.035797157235900712e-01 2.121713194638726319e-01 1.071852507606755739e-01 -8.456761767798341711e-02 3.563868618807412569e-01 -1.176263686247090434e-01
-2.395789029740920950e-01 -2.813189093618261027e-02 2.011528782620819744e-01 -1.615933533695768087e-01 -2.330383386490809394e-01 5.383946550356384364e-01 1.775384633165474901e-01 2.841682610034906853e-01 4.065138434749658858e-01 5.407602151501655907e-01 1.000000000000000000e+00 4.093609255246490886e-01 1.219203252169318991e-01 -4.048515513866132037e-02 -2.083113184603019030e-01 -9.796513920318893065e-02 -4.209271899038744547e-01 -1.504259654241278110e-01 3.908735002361851119e-01 -2.616259508357471342e-01 -2.678180649937721980e-01 1.000696860780197761e-01 -3.296084056116767025e-01 4.736019191389574945e-01 3.126983481303369228e-01 4.620917813561763454e-01 4.403217893411787848e-02 1.629691265168026482e-01 -2.519778539961028963e-01 -3.645378388671640657e-01 1.356930297885270212e-02 1.731909156103316264e-02 4.768465251790430376e-02 -1.904693592480929398e-01 1.519106167589866496e-01 2.221970281532593128e-01 3.233229600191915298e-01 -1.282992106630523599e-01 -2.235185846997404524e-01 3.297090484601652438e-01 4.668139968500049919e-02 -1.549714481476513195e-01 1.609542557095924170e-02 9.646731907842114040e-02 4.114264270296296711e-01 -2.758005897902793824e-01 4.063305616763947942e-02 -3.483398809519662742e-01 3.883421020960305947e-01 -1.748971063710806073e-01 -1.221819715190817779e-01 -1.430923695727171485e-01 -4.122742828519076475e-01 -1.725381786022997244e-01 3.067628621162564184e-01 3.155639748613223161e-01 4.744215851629389746e-01 5.561895683626325582e-01 6.549739336738615858e-01 5.082347517059304653e-01 5.011166739012385962e-01 -1.840377870083834966e-01 -1.062121319266049607e-01 -1.665245341763613163e-01 -1.495214357476631062e-01 -8.072371686565028848e-03 2.651803640940009754e-01 -2.049635385317581382e-01 -4.583321492471943703e-02 1.612006260127193946e-02 3.090300692432440197e-02 2.428736354695516519e-01 -1.520059753675618575e-01 1.235696105541018580e-01 2.394452769966868566e-01 1.492394936919557991e-01 3.033028680382541253e-01 1.077606598523523640e-01 3.171792602100099168e-01 3.545671040491060050e-02 1.093132016192683437e-01 -1.269569531387043926e-01 2.745825300931744040e-01 3.331109998383246507e-01 1.904125248695467121e-01 1.583901392604727953e-01 2.606495223040501963e-01 3.441908335284321607e-01 -4.245378305045965917e-02 2.164086101165285658e-01 4.927247329423973393e-02 2.482362455681292046e-01 1.746041348992646292e-01 7.256419151642076737e-02 3.592793224781365424e-01 3.213668354221371204e-01 1.892521023298582294e-01 -1.447206573950269304e-01 5.161783233434045215e-01 -1.398187370278655521e-02
-4.779431288628314123e-01 -2.020128347532621771e-01 -8.884235201256920900e-02 -2.248736147248595885e-01 -1.940351731696611515e-01 1.020163643892045557e-01 2.581748705890596352e-02 2.198736111207580113e-01 3.409129405638211541e-01 1.382430891348885305e-01 4.093609255246490886e-01 1.000000000000000000e+00 2.100342953424412518e-01 1.468776289594233841e-01 8.583598035411806049e-02 -1.412730814153849435e-01 2.764137894448424546e-02 2.045933338952144465e-01 4.361332454165847139e-01 -8.137724843662563767e-02 1.096610128120315275e-01 7.974005793663438424e-02 -8.174905411922780973e-02 3.149077615156035126e-01 1.861022985046024147e-01 5.562964334858053750e-01 5.597774102328810508e-02 2.677377121353575196e-01 -5.940465504463927904e-02 -1.366242698508992048e-01 4.335272732594210032e-02 -3.516119926242021743e-01 1.118366066059395536e-01 8.436753953840767095e-02 3.306808459290421220e-01 1.651289540666639744e-01 1.682134463388491874e-01 -2.317612920990460290e-01 -2.580457483492119564e-01 -1.373565379551095478e-01 9.755449334942230266e-02 4.339093870005401588e-01 1.413335856565352822e-01 2.801253904223537372e-01 1.855178354888637748e-01 -1.955465555852694270e-01 6.829511554889394764e-02 -6.175117553193116421e-02 2.671896548696905960e-01 -4.665557751534746278e-02 -2.734191277668696629e-01 -2.284615812008551905e-01 -1.853838782625705783e-01 -3.633421249195387115e-01 3.503154274150418468e-01 -4.651260697629901186e-02 2.439534920774147353e-01 3.360504696985986417e-01 2.563462012425679615e-01 3.664020213327567888e-01 4.965930417569156541e-01 1.935899924685366702e-01 -1.164849975761665241e-01 -5.913327177640116672e-02 -7.263090054473143875e-02 -1.156813994516102673e-01 -1.922920554787353742e-02 8.073077111626875135e-02 1.727022476537551643e-01 2.143694984791167102e-01 1.457223220209689085e-01 3.264325780299615065e-01 -7.655596250316705487e-02 -4.299764420767374778e-02 4.262208995393029776e-01 4.452947403059380194e-01 2.128641565154220927e-01 1.488913568888957928e-01 7.390774021762554213e-02 -6.313276059055616951e-02 1.096397706970701075e-01 -1.534397948732902674e-02 1.949365262647889396e-01 1.378508268046656771e-01 1.166831933659574772e-01 8.248506081624524047e-03 1.903604814399608158e-01 4.462411469748745474e-01 2.163317063853757716e-02 2.322956780949650968e-01 -1.461164179234336891e-01 -1.262050261730714440e-01 -1.684473710892676335e-01 3.361394436068391722e-01 4.188766276011309797e-01 5.993977408821402758e-02 2.782640514984018043e-02 -1.401110129247892522e-01 1.905447058653154391e-01 3.687830610564243883e-02
-6.146667846180023376e-03 -4.252039184244429948e-02 -1.256390406798069126e-02 -2.079660846246426387e-01 -2.381826654373347951e-01 1.091526943777399172e-01 -5.527132482603325236e-02 1.261304053170416439e-01 7.766390202880110727e-02 1.494533972545191158e-01 1.219203252169318991e-01 2.100342953424412518e-01 1.000000000000000000e+00 2.589333437080180711e-01 2.767780095738743840e-01 -2.103548268617088379e-01 6.537458022392862722e-02 5.316249488987526833e-02 2.652046928218210198e-01 1.723139307655431607e-02 -3.300338800180986631e-02 2.011648000314681661e-01 1.767476018107221880e-01 3.380309821263233205e-01 1.905688714671713579e-01 6.068929168615284225e-02 1.853245883416411999e-01 2.780376149075280967e-01 7.218256777213656432e-03 1.302368287802037894e-01 -5.111322926668544764e-02 7.838796274807038889e-02 -2.231786881523900867e-01 1.212531700471764784e-01 1.248334899850896962e-01 2.523612288029622452e-02 6.211832842893912771e-02 -1.635836216708204671e-01 -2.283614531628572475e-01 5.292130095565179826e-02 -1.632998448011419718e-02 1.050520467101558270e-03 1.544918003227479519e-01 8.753892300950780192e-02 5.772151721898145793e-02 2.076951035079824259e-02 -4.028415431869565577e-02 1.840215629373690709e-01 -5.990652226679204009e-03 -8.133906991242076390e-02 2.649214616650349269e-02 -1.388091766126536841e-01 -1.550227747329560313e-01 -1.523903857450588373e-01 -2.960500569415443553e-02 6.116734135861592869e-02 1.951935993187365326e-01 1.464862970202125414e-01 1.107140842288541205e-01 3.184714695717148492e-01 1.198708715651356088e-01 1.803703168652434352e-01 1.334364183983486885e-01 4.687261114473618290e-02 1.291578733872709717e-01 3.461810870596831458e-01 1.071398427381199843e-02 4.968107835324427068e-02 1.037242437407150109e-01 -7.615591457779460893e-02 -3.890223252441375040e-02 2.691295555844665510e-01 2.300094282142660929e-01 6.825490993095843784e-02 1.101649315291973186e-01 3.549522169425748386e-01 1.524780304608708281e-01 2.622938433103700895e-01 -9.284470503265499983e-03 1.957270487741307949e-02 4.157655140723631737e-02 -9.070211156632192184e-02 1.584386399314492988e-01 6.176333576999671476e-02 1.688529492773641894e-01 -1.135925123515903884e-01 1.860743126101462031e-01 1.949367025335649317e-01 4.125799658628730160e-02 9.754744592488409638e-02 -1.091739116322827247e-01 2.444581950317482322e-01 9.975536836755454981e-03 1.469189721547891070e-01 2.084934113320665583e-01 3.452021802088976743e-02 2.565776951580365783e-01 1.354080392359115481e-01 9.106323936206159320e-02 -3.560311413529793079e-02
-2.715463234064660614e-01 -2.193635537725383278e-01 -2.388318642089752308e-01 -2.020661271947661319e-01 -2.987537620116698101e-01 2.713783586225581440e-02 -1.401324263449391927e-01 1.958618458539951868e-01 5.479700777182233001e-02 -6.786754961524449348e-02 -4.048515513866132037e-02 1.468776289594233841e-01 2.589333437080180711e-01 1.000000000000000000e+00 6.554568413919441561e-01 -8.045070692933609102e-02 3.684223428392024435e-01 3.080542276248718903e-01 3.330771045150213716e-01 9.101690413239808819e-02 2.703621700660926996e-01 2.731660533815927216e-01 4.837853568293327688e-01 1.015143643598465234e-01 -6.438883759367913795e-02 9.824117011291701174e-02 5.365544216701642055e-01 4.414119222837534773e-01 3.021312805445166561e-01 4.753329713457925543e-01 1.422234492863250765e-01 -2.742226329459878098e-01 1.194940097137060786e-01 3.252771541288727031e-01 4.273048244897271197e-01 7.150408807993913207e-02 5.273640896091338209e-02 -2.289090874221805239e-01 -2.287485575235482516e-01 -2.265489103728359765e-01 3.792094260135021183e-02 1.736168871404273895e-01 -3.113541445528253057e-02 2.363439814767752944e-01 1.178296153056446749e-01 1.339595178383004292e-01 2.454151362409621728e-01 2.685723776612467528e-01 9.803093694752526913e-03 6.333484252376987700e-02 -1.601718594162149789e-01 -2.105116236215109626e-01 -1.009279002605121683e-01 -4.347619463724231026e-01 1.282242450236271980e-01 -1.591897001907265352e-01 3.967576535505087931e-02 1.281358178148434869e-02 -6.526780335420988982e-03 -8.707979097686184555e-02 1.773066602036891745e-02 2.578812947203571460e-01 2.809134538886059462e-01 3.664997985351537424e-01 9.451450666517056953e-02 1.956912935917976826e-01 -2.688217464971177084e-01 3.516709903134424553e-01 3.210358303873100394e-01 1.409454744346805288e-01 2.039084672313744573e-01 3.246832855026509090e-01 1.922067020428112061e-01 -1.768313495323294016e-01 2.131425427902310099e-03 -7.908125474107895181e-02 3.257737030758492969e-01 3.836285514587400303e-01 3.934685898674952081e-02 4.939710439853688129e-02 1.926542833139967227e-03 -2.353247679678322629e-02 8.790957215485750709e-02 7.084974883083333674e-02 1.196663995284360238e-01 -8.863283162147843341e-02 -1.106742954615980504e-02 2.815960749130802521e-01 6.678474352259322622e-02 5.397656749818163791e-02 -2.243229378133801133e-01 -2.146127772206987694e-01 -3.156593668243244388e-01 2.132812653370545763e-01 5.612017348647049819e-02 5.865002527383396391e-02 -4.681161911865722863e-02 1.893604649688598318e-01 -4.336553388584333396e-02 1.063886049633538770e-02
-2.202142415927034191e-01 -1.774181049323207138e-01 -2.190459573727172593e-01 -1.189939062979269851e-01 -2.065130294807921707e-01 -1.161227099064012641e-01 -1.816330102530084312e-01 1.230285653050837841e-01 -2.915060083677957492e-02 -2.616843400678154907e-01 -2.083113184603019030e-01 8.583598035411806049e-02 2.767780095738743840e-01 6.554568413919441561e-01 1.000000000000000000e+00 -2.668924846720248725e-02 4.731777061008916596e-01 2.682923132456437321e-01 2.143325402715783035e-01 1.997374787348241421e-01 2.987826408602420880e-01 2.494603463504407870e-01 5.600713207473798638e-01 -3.773850634341530813e-02 -2.051262626858147142e-01 5.789344592139437223e-02 5.172563972935568799e-01 4.247650044328009078e-01 4.146464918648884446e-01 5.875724819795561382e-01 1.439632761600615207e-01 -2.949174925217908361e-01 9.378845084028471224e-02 3.598455702939720724e-01 3.509071634442881837e-01 2.470510593456952744e-02 4.362370107650812706e-02 -1.673354962640012655e-01 -1.433728473556842575e-01 -3.330161542795853080e-01 4.137070598256833293e-02 3.045310784551667482e-01 3.066102748218301616e-02 2.317294837119713846e-01 2.721580513560210510e-02 2.481163180581798799e-01 2.146015081716327599e-01 3.963892001633952944e-01 -1.086491040968274313e-01 1.628336597608221470e-01 -1.719977958989397648e-01 -1.582935004767630216e-01 5.213546045807108953e-02 -3.963417440267972269e-01 3.946336822213394185e-02 -1.824256805369936230e-01 -9.341632446225972553e-02 -1.501957936624994383e-01 -2.164032955298116900e-01 -1.440039220375348150e-01 -9.772343266170505083e-02 2.398565841514540553e-01 2.361474312234819184e-01 3.310276301570019286e-01 2.403817727413030403e-01 2.284626904682338366e-01 -2.847353652540449143e-01 3.932573281213568861e-01 3.603502889953639765e-01 1.189114655497787304e-01 2.274932285341980109e-01 2.339179384301265097e-01 2.762506844287041519e-01 -1.873493459885706425e-01 -1.936117298029601044e-02 -4.846656470530202182e-02 2.158150453046687733e-01 4.100775211193581349e-01 -6.383274342114717004e-02 2.870226665116035886e-02 -6.496544438893878115e-02 2.799223400243296481e-02 1.141139073536804639e-02 -5.510281257594231569e-02 1.126013249137094996e-01 -1.662655145798090095e-01 1.397327994425380700e-02 2.245941658433632526e-01 1.356775190274911724e-01 -4.183866386220893435e-02 -2.681566172344544419e-01 -3.210044163517605798e-01 -3.294442305412353389e-01 2.398247885010452163e-01 -3.432533470735162767e-02 -5.721235325627276741e-03 -3.857803840349937567e-03 2.919014452561709549e-01 -1.845980580647276770e-01 3.447960898903142807e-02
