1.000000000000000000e+00 -6.911947285402859908e-02 -3.089018008552538719e-01 2.977132206647503110e-01 -2.112881598954227322e-02 6.900764268800757030e-03 1.722810971999032825e-01 -1.981936625862181500e-01 -3.470659547286147201e-02 1.118709287131198077e-01 -2.919637155229148906e-02 -5.689567845494224174e-02 -9.805115118129358043e-02 -2.031795368195457030e-01 -2.033060636201364513e-01 1.686036283997028040e-01 -2.284964970735339773e-01 -1.717459130946862589e-01 -2.580275135811563314e-01 -3.061046924425512780e-02 -1.260658917207981566e-01 -2.272208010789220078e-01 -1.893784704010716691e-01 -1.840832825670591921e-01 -8.987520618407034492e-03 -1.100563933267884598e-01 -3.006896041578825951e-01 -2.968154189781290753e-01 4.847866012643304960e-03 -2.358940521904523691e-01 -6.241572752571668964e-03 3.881542187503990715e-01 2.305570482578813973e-01 -1.380670919891062443e-01 -1.838923817250874559e-01 3.113432844499753327e-01 -2.516644347539095938e-01 2.465957140629010946e-01 -1.827105566361224009e-01 -2.494533179947168167e-01 2.219571632201693678e-01 -3.981707706604639685e-02 -2.104922658678910208e-01 2.636585743693923845e-01 1.157317096782953247e-01 5.773390034146071159e-02 -2.437115628803533315e-02 2.355884615366188040e-01 4.236429668007383187e-01 2.152181643270349720e-01 1.917885289288630557e-01 -1.527181685465612837e-01 -1.295799066564617963e-01 -4.090864343276785497e-01 -3.038330977813550327e-01 -1.651550629215949029e-01 1.323313099905256383e-02 -2.500500545227191673e-01 4.213030526451756741e-02 -4.838987873942657975e-02 -3.087783079956827881e-01 -1.264670831346179081e-01 -1.430410309373660316e-01 -2.378856635955247933e-01 -2.565368598666776245e-01 -2.743544513611151370e-01 3.207092292169975156e-01 -2.438419119656987932e-01 -2.029671966833989372e-01 1.105842397999148713e-01 -9.611255070708264736e-02 -2.332489927161256749e-01 -9.418352612964624171e-02 -8.652071310729275710e-02 -2.178689418035984204e-01 -1.365722752805542117e-01 -2.322411975786039806e-01 -2.364576472495858728e-01 1.542978750829773482e-01 3.044753542336386398e-01 -1.584293034156913915e-01 1.639386985817579412e-01 7.558176694329493683e-02 -9.556621465497926182e-02 -2.377200342856693738e-01 6.866379236190124635e-02 -6.113622695534962764e-02 -2.635695825682594085e-01 1.190209678772475577e-01 1.305419596732937670e-01 2.298383596123330930e-01 2.709175566719516093e-01 -1.511149634435000333e-01 -2.770659591611008277e-01 -1.706750209556819053e-01 3.972413635066147641e-01 1.656651820912805606e-01 3.536837403736713958e-01 4.007654573019622801e-01 2.251473172251983457e-01
-6.911947285402859908e-02 1.000000000000000000e+00 1.345597123069902368e-01 6.027217940372788796e-01 3.102379123820033224e-01 1.492769983247888566e-01 -1.581537592577219598e-01 9.751018651779742863e-02 2.646290874376331925e-01 1.151028857136570521e-02 -2.419108390560495148e-01 1.258170634632621403e-02 -8.403156696107239032e-02 -1.752384488296176157e-01 -1.989011667426598684e-01 1.407652295506263140e-01 -1.256879414409768914e-01 -1.615317778910028632e-02 -7.646091658792052853e-03 -2.257054921001888093e-01 -1.802018768144761640e-01 -1.828983200253508079e-01 -1.528124172612538023e-01 -5.699032787809563128e-02 -4.479364456650168635e-02 -5.174165099291003905e-02 -2.805232946703395749e-02 -1.444019783314538785e-01 -1.866850430209162082e-01 -4.013881561922952312e-02 -2.299875835286778747e-01 -1.512918632601989166e-01 5.474786856662469670e-02 -9.050381525352955980e-02 -3.334351320343208885e-02 -1.146055250434169087e-01 -5.202227850814503812e-02 -1.317148431286103427e-01 5.820962566553718187e-02 -8.001972105649174383e-02 -1.162211681368112148e-01 -4.016159913082949923e-02 4.175474394270164979e-02 -3.013561859935091070e-01 -7.263062286549078206e-02 -3.926895097114716654e-02 5.518937711173952862e-03 -1.668077595083471143e-01 -1.345193076500778295e-01 -8.218496487328361133e-02 -2.045608446211818476e-01 -5.467157327933785949e-02 -2.834314356308068397e-02 -1.588324252117607471e-01 2.684271840278624685e-02 -1.836901013255233250e-01 1.085980546543960645e-01 1.946966174108401559e-01 1.003264909612365530e-02 4.704618744373139511e-02 3.508619835348830013e-02 1.762294466813663779e-02 -6.347701800871304034e-02 -1.435878328087254185e-01 -1.327068587325566928e-01 -1.335559878994942995e-01 -1.503505417228621910e-01 -8.999099130525230195e-02 -1.522538344807368993e-01 -1.089725301921870282e-01 3.409799361861399342e-02 -9.660425313887598467e-03 -2.655144599374175685e-01 7.157493311613130627e-02 1.862705204926108291e-02 -1.179916560877797282e-01 -1.278329302831128222e-01 -8.270396397626236795e-02 -3.321927223138244623e-01 -2.796853923758180760e-01 -4.585985921897992729e-02 -2.034668492179774191e-01 -2.648153974825298920e-02 -1.596497743622343757e-01 3.194733293658313239e-02 -5.645344897079313667e-03 -9.451857653985656915e-02 -1.991620347509541200e-01 -5.459008081755892250e-02 -1.768251770166781589e-01 -9.521296913820559427e-02 -1.502270481751933617e-01 1.162831309033677124e-01 -1.614802502587985300e-01 -5.180735325175738620e-02 -1.971446162676354086e-01 1.881145542254620759e-02 -1.620334485493088450e-01 -2.636843031815579858e-02 -4.311277286519189095e-02
-3.089018008552538719e-01 1.345597123069902368e-01 1.000000000000000000e+00 -1.528985505216984009e-01 9.488993312374961742e-02 7.009502983116620844e-02 1.265022044107006471e-01 3.004833178786832093e-01 1.507067805417414419e-01 3.216834052993446103e-02 -3.354217656307906248e-02 1.715538283901374694e-01 1.830282792361764554e-01 3.281355183476268311e-01 2.578771187244566776e-01 -8.801352750191915320e-02 2.070987227633274141e-01 1.828730179491984964e-01 2.926535614417233311e-01 -1.260832444744298120e-01 2.144285087667406609e-01 1.843063386973298190e-01 1.532712446382933635e-01 2.010065344068631132e-01 5.312757174517102748e-02 2.416145059267592043e-01 3.164694554620952616e-01 2.566600363781844085e-01 9.251403930613102955e-02 3.401021895337705825e-01 -4.307598460335013146e-02 -1.325798130436695588e-01 -2.056672417279817033e-01 8.010526662816660299e-04 2.770314685448018940e-02 -2.975356992475614026e-01 -3.211293817005432538e-02 -3.113579375397285132e-01 -1.239902045318572593e-01 -2.116532039046758670e-02 -4.716821704737816923e-01 -1.565191127800454884e-01 9.765074268147368175e-02 -3.691998804396232625e-01 -8.593421466932968378e-02 -2.929731182073273543e-01 -1.350024291997721504e-01 -1.836683355824872688e-01 -3.839787022959518792e-01 -3.628011685998784319e-01 3.146124615664798452e-02 2.053061842627464939e-01 6.154009038399887305e-02 2.487487913156893327e-01 1.135899549914926310e-01 2.558698295988329763e-01 2.469083058552787591e-01 4.768723996646606622e-01 2.036691595489733761e-02 1.912859029158082633e-02 2.802284704298467211e-01 1.740828046917885508e-01 1.688227080663795843e-01 2.724896420563574506e-01 2.107528004616920636e-01 3.440425512050633294e-01 -3.829419481376780121e-01 2.679137070477936589e-01 1.549612764246356134e-01 3.346183429958454747e-02 2.243296414262934135e-01 2.499289363074320425e-01 2.088074225132904305e-01 7.054625563509675512e-02 2.048981189151910243e-01 2.606377781295041718e-01 2.355381014530958661e-01 3.850375981503342260e-01 -1.966425437768835049e-01 -2.516449989404246912e-01 2.526017183653536113e-01 -3.368750294564553105e-01 -2.215556105605458737e-01 7.963366542407106230e-02 3.548171322766609515e-01 -4.765294447146955353e-02 -2.016678171515632056e-01 1.081889626258337872e-01 -4.013579316488542770e-02 -2.092053436935845806e-02 -3.822412320353744120e-01 -1.789303859979226030e-01 1.551583345488205812e-01 8.796020611269028677e-02 1.818526833467455361e-01 -3.890266676139730873e-01 -2.282194663418959657e-01 -8.834192904787009637e-02 -2.919018026612983374e-01 -3.453408312606102148e-01
2.977132206647503110e-01 6.027217940372788796e-01 -1.528985505216984009e-01 1.000000000000000000e+00 -1.374118765496877559e-02 1.255153079135895300e-01 -2.024845525684633787e-02 7.197014975094280509e-02 1.775821806033523464e-01 2.142792606589060400e-01 -7.517319875261445350e-02 1.482618918371261529e-01 -1.216088766365996596e-02 -2.824273070567050459e-01 -2.621475843881327927e-01 2.637463397650262609e-01 -1.035707949405745704e-01 -9.492369837742070660e-02 -4.183463625800058067e-02 -3.527173104582121410e-01 -1.650582859364083943e-01 -1.156791457183267841e-01 -7.908012764407651440e-02 -4.982525518961463534e-02 5.582694326560721371e-02 5.122913352045675717e-02 -4.179777904598682564e-02 -1.344868560645295918e-01 -1.123966520225384708e-01 -8.646202774887974674e-02 -6.440633731161164721e-02 8.585351431788089405e-02 1.484257337214204830e-01 -8.274731353316643750e-03 2.069548057216188258e-02 -4.531377569174008940e-02 -1.620062820442939311e-01 -9.074215436420498757e-03 2.717874125584911205e-02 -7.350029772241981063e-02 -5.521178153522179888e-02 2.751217538728667478e-02 9.667566598595409011e-02 -6.377507146738373156e-02 1.086112267570518292e-01 8.725975670549297736e-02 4.780555509154981592e-02 3.297256517694569650e-02 2.180334866101218266e-02 -4.000088346120302119e-02 -2.824259139349953318e-01 -2.219268495761583249e-01 -1.277774916511233427e-01 -5.767358308882473139e-01 -1.755468585764850542e-01 -3.109173189122324543e-01 2.156998595254338846e-01 2.966603970243710670e-02 2.006693241943121320e-01 1.079517248420162751e-01 -1.197049179165929483e-01 3.774127877673358333e-02 -1.098061917115496916e-01 -2.684794661169133678e-01 -2.090252855912967389e-01 -3.349866694559070490e-01 -5.231447557025860340e-02 -1.741652973030251295e-01 -1.558501410113793673e-01 -6.900440019321077423e-02 -1.875144545849528332e-01 3.468808827462530053e-02 -2.601140760190400192e-01 1.718268600530027668e-02 -6.891550748428350304e-03 -3.269337762795465618e-02 -1.860882923814048406e-01 -7.692741288957513635e-02 -9.776034992216227348e-02 3.434406893884797696e-02 -5.467538543320465960e-02 -8.791105639645784009e-02 2.912093663315440395e-02 -5.489629289675496820e-02 -1.856427089521472257e-02 9.495070318865776737e-02 -9.970956967592375930e-02 -1.329183027228605374e-01 -1.542213898447137022e-01 -1.611695947613171406e-02 5.794416376544859679e-03 -2.063649296831530575e-03 5.044510258984213902e-02 -2.888410392485278866e-01 4.842219226293157514e-02 4.857080436288147701e-02 3.886529058466225289e-02 -3.244849722485228932e-02 1.553319235041611228e-02 -3.152778257254334332e-02
-2.112881598954227322e-02 3.102379123820033224e-01 9.488993312374961742e-02 -1.374118765496877559e-02 1.000000000000000000e+00 1.369271577058708278e-01 -2.265835140677199266e-01 -1.614150268185147452e-01 8.817023113508887233e-02 -2.095776579915787363e-01 -2.448162235670172937e-01 -3.378496708269664861e-01 -2.417963597088594596e-01 -1.247482856867401790e-02 -1.561242023455095829e-01 3.192753736364501577e-02 -2.386887431681415650e-01 -9.350758572003439739e-02 -2.194237168007907302e-01 -6.743400832454826688e-02 -2.648053951693833397e-01 -2.344340602312575683e-01 -2.683181979932822703e-01 -2.305822464042403819e-01 -1.795603299042791423e-01 -2.801888521338090077e-01 -1.830521226678614444e-01 -1.323293934138011496e-01 -3.137202537346286402e-01 -9.762096901192633680e-02 -3.330727513120152472e-01 -6.818039547159474023e-02 1.941683778420867923e-01 -8.338275990623530975e-02 -5.798903869827273794e-03 -3.896237334905616745e-02 -3.121442976240900238e-02 -3.004824166177126957e-02 9.321867764441736648e-02 -8.225925013430798738e-02 8.300373718931178257e-02 -2.272688549214126885e-01 -1.057750283096198091e-01 -1.777114369207902778e-01 2.111226198794560749e-02 1.894224795876721379e-02 1.256099483900307845e-01 2.062605578289259528e-02 -2.173095584450801185e-02 5.821876898783392290e-02 1.715465666524378652e-01 1.493641467661055711e-01 1.875413778182809799e-01 3.397707124864343120e-01 1.785826441421522470e-01 5.195510383421214629e-02 -1.308658257102953137e-01 5.795334797927712694e-02 -3.149516009766461511e-01 -1.563636450388797561e-01 -1.478858574169048534e-01 -1.762725975452436311e-01 -1.735561453148832811e-01 -2.780744083123483715e-02 -1.796625183128547631e-01 -3.253580883150411496e-02 -5.240277820280369453e-02 -2.466444913905355141e-01 -1.594757292911403446e-01 -2.055579330822868145e-01 8.845113408595985105e-02 -2.345942620884645391e-01 -2.275104936703267744e-01 -1.725543764555283466e-01 -2.990714171171059421e-01 -3.250888395074467696e-01 -2.714304499570689977e-01 -2.056782804318885716e-01 -2.469080250920228092e-01 -2.524208899659914906e-01 -1.854555907992014308e-01 -3.243230955129921406e-02 6.564740154237609648e-02 -2.146679971573622892e-01 -6.954437881687969281e-02 5.815322847938161899e-02 -1.278805162338857715e-01 -1.600973646127722416e-01 -6.348241803146914553e-03 -3.609018397567834158e-01 1.509375384317951929e-01 -1.312034887356782475e-01 4.502469349267193555e-02 1.152480853009163614e-01 -2.614565026622729937e-01 -9.357526699355091238e-02 1.559848231309328426e-01 -1.312058847300796582e-01 1.665556160011876993e-02 9.503554837551507484e-02
6.900764268800757030e-03 1.492769983247888566e-01 7.009502983116620844e-02 1.255153079135895300e-01 1.369271577058708278e-01 1.000000000000000000e+00 -2.080775577704001567e-01 4.037579101345373928e-02 3.714419401839237911e-01 9.022812744834449172e-02 1.219581211947621535e-01 2.194763603844435973e-01 1.895630985773686106e-01 -9.369860390580257714e-02 -1.201500439510972129e-01 -1.711096319763539542e-01 -3.735869259394453135e-02 -1.887117657636005197e-01 3.644004037497218518e-02 7.914574952240438499e-02 -9.415068784880548103e-02 -4.461215829793882537e-02 -7.319625196128477784e-02 -1.145636252922140053e-01 -1.143917773781699676e-01 -4.819202264435793609e-02 -1.894377568411416968e-01 -5.814444586153778155e-02 -1.467477822632022866e-01 -7.612903243038576795e-02 -1.196167615426921571e-01 -8.743109334357605789e-02 5.329490704115902311e-02 -2.086841877602962081e-01 -5.503454662223292854e-02 3.186082716875444643e-01 2.439503861529888906e-01 1.959946395028812072e-01 2.334769344747227304e-01 1.398874837946046945e-01 1.440834328646370954e-01 1.705099793302395361e-01 -2.582299788057408618e-02 3.051266791541426895e-02 -9.102507621228096701e-02 1.629536851037095557e-01 8.584241978226520020e-02 -7.166841996323543296e-02 1.965244734040105246e-01 2.901463945223292096e-01 -1.069669151403984664e-01 -2.028588693680622723e-01 -3.244339766549478310e-01 -5.491758427773469481e-02 3.075223239459490832e-01 1.155938901779550165e-01 -8.403553071395944429e-02 1.319321230938588774e-01 3.306252526777282708e-02 1.215346577564393737e-01 6.796640077049820317e-02 1.954142631342164205e-01 -1.372418901246129641e-01 6.354297098514921638e-02 -6.789330800432746837e-02 -5.636084887402083299e-02 1.267312288084090632e-01 3.652353094413363782e-02 -2.752716250379673157e-01 -1.750448984859029333e-01 -1.568495257242247531e-01 -1.680348158236969480e-01 -1.537440222019879621e-01 9.691372071619433481e-02 -7.315372556683505390e-02 -1.057170437152478021e-01 -1.495773286982290950e-01 -1.498076358201250735e-01 -2.481124148408218044e-01 -1.130246481075576070e-01 -1.567253614542377660e-01 3.204554935086206119e-02 -9.298738215665575124e-02 -2.522577326446303614e-01 -2.778741045571133106e-01 -2.178466595847010009e-02 2.928404384705100560e-01 -3.611260931443055489e-02 1.370902464658917130e-01 -1.609170000042448589e-01 3.957590276435860033e-02 3.771096531748911046e-02 2.142119527184526209e-02 -5.390715368526602380e-02 -9.067249535940620497e-02 -1.606731332359162198e-02 4.568189983712772628e-02 4.365946283342943962e-02 2.644186010763734940e-01 2.771554356363006288e-01
1.722810971999032825e-01 -1.581537592577219598e-01 1.265022044107006471e-01 -2.024845525684633787e-02 -2.265835140677199266e-01 -2.080775577704001567e-01 1.000000000000000000e+00 3.001143520668893561e-01 -1.605784609780799566e-01 2.292807432257186473e-01 2.255737032025856015e-01 3.412011803966769619e-01 9.414612509714358202e-02 2.544873472734174302e-01 4.368609060917556519e-01 4.315833142150116153e-01 2.418704734949055080e-01 3.696160027913767410e-01 1.981797205929229921e-01 2.283263028502294234e-02 4.535984527423119750e-01 2.138934369106235411e-01 2.788171458718866624e-01 4.590968416278075059e-01 3.363932906547263957e-01 4.492942533754918921e-01 3.986711233081705608e-01 2.321709731753226202e-01 4.190094567554381033e-01 1.075670978947715906e-01 -1.391866323948988959e-01 3.250694865459011901e-02 -9.033940085588798574e-02 2.166809603347220337e-01 8.307798841339862628e-02 -2.300526275422106193e-01 -2.505306257267314596e-01 -2.425375826250739109e-01 -2.659276792124024014e-01 -8.721496493289657148e-02 -4.130281307246003730e-01 -2.053895638164217052e-01 6.187011164728498797e-02 -3.248703775367643987e-01 -1.425859416259518675e-01 -3.931590963153577811e-01 -3.516098727187380590e-01 -8.913409473336776634e-03 -2.322528949227983530e-01 -4.179443174607762046e-01 1.988880158299707879e-01 1.424032924881312445e-01 2.911968531046219555e-01 -8.774061881824148090e-02 -1.818499543737621127e-01 -2.036497691872505428e-02 2.973021517073695108e-01 5.217100224689873861e-02 2.239561508256614208e-01 1.341237103375633455e-01 2.759255932277150936e-01 9.025891279183323457e-03 2.493515096883662518e-01 1.637487113355640123e-01 3.128339616586042204e-01 2.429449450611317618e-01 -2.288354062106873477e-01 2.577228566270171606e-01 3.189525998052804012e-01 3.574644057286011090e-01 3.272787751531844869e-01 3.345366229700894589e-01 3.142776653957330413e-01 5.041255823371836031e-02 4.525716273291959801e-01 4.460436222783434324e-01 4.108274042848191754e-01 3.099286237967505686e-01 -8.247578951445905249e-02 -1.060253717831955711e-01 4.322309561421360247e-01 -2.405326115063541326e-01 -3.875924252409856385e-01 3.722589309427863924e-01 3.548973871793006385e-01 -4.173900774477955905e-02 -2.248926838318136001e-01 -4.373346719421257467e-02 1.272825941096225252e-03 2.093262327114655819e-01 -3.565502156466958117e-01 6.316356124258308558e-02 1.559321893154597405e-01 -1.693892247825476705e-01 2.504367218995232069e-01 -3.300731667281082138e-01 -3.219630478083231884e-01 -3.021025526970194663e-02 -2.334517003629821286e-01 -4.009323364624331476e-01
-1.981936625862181500e-01 9.751018651779742863e-02 3.004833178786832093e-01 7.197014975094280509e-02 -1.614150268185147452e-01 4.037579101345373928e-02 3.001143520668893561e-01 1.000000000000000000e+00 2.430671206678987895e-01 1.125234387227165844e-01 1.101249183833502010e-01 3.313440377754353072e-01 2.414711849782028574e-01 2.585787550965381043e-01 2.241398261699204253e-01 -2.297774030137317638e-02 1.858512788621934086e-01 3.839806515670046716e-01 2.088526769896304203e-01 -2.003496384899957072e-01 2.308368327760139949e-01 2.161123124433965981e-01 1.738400533012490756e-01 1.808942341090778450e-01 1.365385055328858233e-01 3.490532227894934669e-01 2.843518969580910993e-01 2.589485626445095501e-01 1.210810481361592750e-01 2.978780359946184286e-01 -4.108602064317554842e-02 -4.253689474911669099e-02 -8.835071545083586497e-02 1.183365115599001038e-01 6.764306540095768594e-02 -2.586385708047920229e-01 -4.487560976098066770e-03 -1.747114866918470510e-01 -4.414076967589383726e-02 4.056418117918218075e-02 -3.755776873704419483e-01 -6.518416190270541477e-02 1.684791551541004739e-01 -1.989953434901328144e-01 -7.598954139229389948e-02 -1.955506221739368999e-01 -5.138562415076972784e-02 -1.532832824456520360e-01 -3.184524485330504917e-01 -2.620663437139584273e-01 -2.202532080877669385e-01 1.173222315624199846e-01 2.069927398367583590e-02 -4.548668526417070507e-02 -7.775222771143033840e-02 6.672287580737344681e-02 4.404979378194230355e-01 4.962885162036913544e-01 1.347252362626409072e-01 9.196489453436454409e-02 3.115434221057134523e-01 1.339052864499351292e-01 2.838591061242762836e-01 1.767931614214766911e-01 2.462859641751757867e-01 1.443325863054619185e-01 -3.679787682021931072e-01 3.062524966134900217e-01 4.704785808410991838e-02 -2.143871978501775064e-02 3.329957154431163746e-02 2.960652996508754686e-01 1.431545392629035296e-01 5.156238684055944321e-02 2.304492372410937850e-01 3.461999025002310826e-01 1.696094537193236496e-01 2.661207518033743558e-01 -9.030173684118911193e-02 -1.203756243116708008e-01 8.335930525570679761e-02 -4.401706405195595639e-01 -2.731724349107879091e-01 5.239155406902109430e-02 1.878398176651523144e-01 -1.364438891095280659e-01 -2.024238419315199378e-01 -5.056029942254702814e-02 -2.045928056860418232e-01 -1.121049834143126450e-01 -4.506542127219808624e-01 -1.341039133862793054e-01 5.004772919566823075e-02 -3.904135206746193326e-02 1.735167621535070592e-01 -2.909710698686858166e-01 -3.936015730785256683e-01 -2.817344423260935149e-01 -3.207855297697211339e-01 -3.368134565184789930e-01
-3.470659547286147201e-02 2.646290874376331925e-01 1.507067805417414419e-01 1.775821806033523464e-01 8.817023113508887233e-02 3.714419401839237911e-01 -1.605784609780799566e-01 2.430671206678987895e-01 1.000000000000000000e+00 -2.683646166904265357e-02 -1.216467965449863631e-01 3.450652789048014313e-01 1.254283561911963829e-01 -1.301955791580060029e-01 -2.122905728363810585e-01 -2.504512769269573447e-01 -2.038731744424919154e-02 6.528819683060654855e-02 2.199204224587043843e-02 -4.519315680403167973e-02 -1.198829345448856713e-02 -9.657296608560647644e-02 -1.651667230221744165e-01 -1.203862232030650098e-01 -1.861078531600790509e-01 1.072049564068919790e-02 -1.816986374812899208e-01 -8.985395629550285701e-02 -8.867796940894676072e-02 -1.737335148687094155e-01 -8.016978281625888880e-02 -2.287175092808266530e-01 -2.928638174201328784e-02 -1.793971031702033536e-01 -1.160084462711422626e-01 2.224959864499204965e-01 1.598500062655230924e-01 -1.306510137901402413e-01 7.752285318650951884e-02 1.031026173721357820e-03 -2.405643398154259233e-02 1.318163138769721798e-01 -6.110627819842725378e-03 -9.574380298361567787e-02 -2.209169245667018111e-01 -9.650276478691037496e-02 -6.127547742655992113e-02 -1.843384709167053270e-01 4.689536165730452677e-02 6.202176765285681570e-02 -3.623678633700116447e-01 8.567664100254913928e-02 -2.418203981396272739e-01 -1.518886276879524155e-01 1.410285545431909926e-01 -2.379071200712380152e-01 1.425751124955576266e-01 4.215770012447612736e-01 7.255857376731773833e-02 9.678205850182164394e-02 -1.534522923166242170e-01 8.470350048427693901e-02 -1.719303773584407724e-01 -1.537175947055303971e-01 -2.436325568354331256e-02 -1.699457975197987969e-01 3.643011395853162915e-02 9.305809485015031912e-02 -1.484756285650825347e-01 -7.483563134925001747e-02 -3.110280473381915600e-02 -3.300002154158381690e-02 -2.239380186012462359e-01 9.033972056889874591e-02 3.009924277230950282e-02 -8.142062661987919947e-02 -1.097182775886793998e-01 -2.472262196578820515e-01 -2.465966715052108904e-01 -2.107166897883628320e-01 -1.614080549076274407e-01 -4.879152445899773149e-02 4.846253724626598328e-03 -1.677678343664995297e-01 -1.623124547739017709e-01 -1.968083958179520643e-01 9.157589932685067380e-02 -1.462238607946219349e-01 1.544977968933275714e-01 -5.194612815023633146e-02 -2.300892753414690572e-01 -2.221730573264017045e-02 -1.835497207812589182e-02 -4.137860290247683537e-01 -1.011286117904881821e-02 -8.733895526491911032e-03 -2.335670691631343554e-01 -2.113280247866755612e-01 1.914067081449256635e-01 7.873443495150903026e-02
1.118709287131198077e-01 1.151028857136570521e-02 3.216834052993446103e-02 2.142792606589060400e-01 -2.095776579915787363e-01 9.022812744834449172e-02 2.292807432257186473e-01 1.125234387227165844e-01 -2.683646166904265357e-02 1.000000000000000000e+00 2.339358987217721175e-01 3.982141228691596924e-01 1.905447379051194712e-01 1.157965044801383542e-01 1.282799153205670672e-01 1.594188367813020868e-01 1.588362132391887838e-01 -1.002963997807245489e-01 1.676569456107341038e-01 -9.511280522543517912e-02 1.689930222226238288e-01 2.026170100533799482e-03 2.107581045041680701e-01 2.485435536790710775e-01 4.842124602550815782e-01 2.582178149796300892e-01 1.023999782926819091e-01 1.171502797773960325e-01 1.040462654476257548e-01 4.263691241872836005e-03 -1.751800759723108961e-02 2.467105391919714175e-01 9.412373549985837695e-02 -1.209836347530346551e-01 -3.725778550709209908e-02 -4.175548731427574517e-02 -6.265701678440381561e-02 4.840412332961349651e-02 -3.352099043437683362e-02 1.122246151050041302e-01 -1.877582049134056130e-01 1.578849522671081085e-01 3.249210851031202052e-02 -1.031055387389549910e-01 3.081158130754325930e-02 -9.592372918871125420e-02 -2.349938480776062044e-01 -3.092490951095651711e-03 3.961320708047254128e-04 -6.647169099849839502e-02 -1.400977756172673734e-02 -1.407336244920485147e-01 -6.629811778528930943e-02 -1.612725945735545563e-01 -4.384140544665818262e-02 1.056426522516639155e-01 1.137540068695493956e-01 4.223038277611037422e-02 4.252682734397542630e-01 1.818785749872399715e-01 1.672702400716324367e-01 2.321107322975543008e-01 1.989267162897035979e-01 1.220038769503272030e-01 -5.069206463871909346e-03 1.266419395457553908e-02 -9.336460792745885848e-03 7.186353356656932645e-02 -3.574399560179688379e-02 8.462419977745945510e-03 -1.318977563134958453e-01 2.238402590165231298e-01 6.195892663887490708e-03 1.979601646419186234e-01 1.532061031419628960e-01 3.209328618360565710e-01 1.120492689340523290e-01 2.005918876036445198e-01 -2.895639062870380628e-02 4.918331855439238287e-02 2.255794533240741973e-01 -1.466725104499809473e-01 -2.116554693539521026e-01 6.597337480267009835e-02 8.755662298443782701e-03 -3.783998690747918808e-02 6.940197321578649159e-02 9.163946787586904619e-02 -4.409321978024326183e-02 1.271036518899361090e-01 -6.375801198165700900e-02 2.744966766133719038e-01 1.164499844912834092e-01 5.497575754883066157e-02 1.828491727340015582e-01 -9.944176062159552909e-02 2.942664957854559948e-02 1.672140908471490828e-01 1.662094551248125343e-02 -1.144614673850477549e-02
-2.919637155229148906e-02 -2.419108390560495148e-01 -3.354217656307906248e-02 -7.517319875261445350e-02 -2.448162235670172937e-01 1.219581211947621535e-01 2.255737032025856015e-01 1.101249183833502010e-01 -1.216467965449863631e-01 2.339358987217721175e-01 1.000000000000000000e+00 2.493692120588923422e-01 1.605340166266122359e-01 2.084023267663641377e-01 1.479803702150956080e-01 7.061719405837388330e-02 7.802783355004608290e-02 -7.768109555701009639e-02 -1.984673908588591856e-02 2.089843325843996347e-01 6.577173630811211646e-02 9.489334346469587012e-02 1.804796618175291689e-01 1.556154182735376423e-01 1.186990982553255275e-01 2.254149958251418784e-01 4.039177755095547245e-02 7.290474178926151239e-02 1.268098213932693785e-01 8.472151917558848333e-02 -8.001747952114379725e-02 2.893930892289888271e-02 -9.613281423176971152e-02 -1.138502584794828382e-01 -4.392740964403300287e-03 1.025969148858274366e-01 3.843760026369238969e-02 2.302653886109906067e-01 7.017841894433410332e-02 2.241542088852747361e-01 1.226170028096227292e-02 4.240789679789404992e-02 -5.775812856881841484e-02 6.396032986463209835e-02 -1.517737152711863269e-01 9.491608057791930952e-02 1.117855749092196973e-03 8.873949483167269114e-02 1.368820346436360469e-01 1.603217200408227350e-01 1.695324818678138890e-01 1.770064941139879930e-02 -2.049277901095549956e-02 2.688752573359464923e-02 1.554055729784162808e-02 2.555725764602175820e-01 -4.809215421886857411e-02 -6.654500856680675702e-02 2.602374708930560443e-01 1.876196910128981321e-01 3.234783443178871898e-01 1.622751740346291827e-01 1.746971246961256108e-01 1.862089247896248634e-01 1.203552483896285219e-01 1.225860393515152552e-01 9.280220834544679331e-02 3.246605837668039424e-02 -1.132035388073753951e-01 -1.097959110752650125e-01 -1.325180080067280552e-01 4.964773196916762860e-02 2.200627403772850432e-01 2.484222015886443369e-02 5.903584778370146030e-02 2.338833550188037513e-01 1.483227584019559675e-01 1.739671397793760010e-01 -1.427670561116919923e-02 1.259618541673605818e-01 9.105099830602151473e-03 -7.470482541717017588e-02 -3.158791904840305143e-01 2.625350349389642818e-02 -8.577892915507041860e-02 -8.733713630257719518e-02 1.025957481041625957e-01 1.080969175500910567e-01 6.593682483065412339e-03 7.151078704813237930e-02 7.471472431220904653e-02 1.591401992929799558e-01 -3.416987978864809844e-02 1.244313441805472431e-01 8.259607617246464417e-02 -8.199064425763766262e-02 -2.286534269335417299e-02 1.761206720508991241e-01 2.537837566408158649e-02 7.379662660797395302e-02
-5.689567845494224174e-02 1.258170634632621403e-02 1.715538283901374694e-01 1.482618918371261529e-01 -3.378496708269664861e-01 2.194763603844435973e-01 3.412011803966769619e-01 3.313440377754353072e-01 3.450652789048014313e-01 3.982141228691596924e-01 2.493692120588923422e-01 1.000000000000000000e+00 4.359809754742951515e-01 1.033394454570724097e-01 2.458913499897223409e-01 7.775797470535668332e-02 3.798613872732976016e-01 2.314299199262574991e-01 3.445775173705033501e-01 -5.629394834324263214e-02 3.850283921474538240e-01 2.407064296632727141e-01 2.698397418361569988e-01 4.523611189269375332e-01 3.188467476716858040e-01 5.512613579730086810e-01 2.908972614910940169e-01 2.660055571961580378e-01 3.460173133887342045e-01 8.887972575752485505e-02 -4.848410958554399269e-02 -1.273466410834564189e-01 -1.080769522627043205e-01 4.301029087228918496e-02 5.501463947682441041e-02 -2.771699434310935864e-02 6.538253688893572169e-02 -1.642431498337498519e-01 2.607459536784997520e-02 1.229990847214214866e-01 -3.026570392834834755e-01 1.715608688546602090e-01 2.215876693354457971e-01 -2.360357794794954722e-01 -1.652791624467673526e-01 -2.026374567431709350e-01 -2.609078952674980245e-01 -9.263312181116906130e-02 -1.838545625723985721e-01 -2.338087635764151406e-01 -2.411499086311416074e-01 -8.029852058055515773e-02 -1.737543579762260426e-01 -2.629458508371317893e-01 4.939245237302087449e-02 -8.520371092394847523e-02 1.989776122250473678e-01 3.035268365199492724e-01 4.364912362251783806e-01 3.420023948988633045e-01 3.057307374331612038e-01 3.851857329598040725e-01 2.625127843677663164e-01 1.037923131163307755e-01 2.581486903744573680e-01 7.315081325789044020e-02 -1.713355587478465891e-01 3.180919839352825962e-01 1.363366217663433411e-01 1.622417631174775388e-01 -2.503776970689887502e-03 3.908314933046480033e-01 1.222345877424837191e-01 2.848750085843650415e-01 4.714465279561165789e-01 4.757641039545871808e-01 3.054614094891295317e-01 2.354939923117679856e-01 -2.134699222962796183e-01 -1.200850157387640393e-01 3.429971999023082585e-01 -2.598083790841079765e-01 -2.792194667191609803e-01 2.330171035474251362e-01 1.674697840595212872e-01 -1.797887782658247613e-01 8.586728591741189798e-02 3.926184099649847326e-02 4.169655016977372175e-02 1.859491508839797858e-01 -3.985316805706102250e-01 6.653746072329064232e-02 1.080447135062708591e-01 -2.728939311263089973e-01 3.411766911306565730e-01 -2.894646105558021931e-01 -3.556438896111163150e-01 -1.169483175671515857e-01 -7.135604790652987084e-02 -2.066667252798125021e-01
-9.805115118129358043e-02 -8.403156696107239032e-02 1.830282792361764554e-01 -1.216088766365996596e-02 -2.417963597088594596e-01 1.895630985773686106e-01 9.414612509714358202e-02 2.414711849782028574e-01 1.254283561911963829e-01 1.905447379051194712e-01 1.605340166266122359e-01 4.359809754742951515e-01 1.000000000000000000e+00 1.317486518423419406e-01 8.118988714878347390e-02 -9.508344970783626227e-02 1.915224079584624817e-01 1.191188185307889974e-01 1.859731559153712521e-01 -3.107084563298658647e-02 1.302823545285017037e-01 2.548424728736710110e-01 1.314619014521889451e-01 2.480077571233004485e-01 1.847047206289712529e-01 3.230554752135266217e-01 2.503797001688727875e-01 2.725413649837776786e-01 1.798116411906156009e-01 2.898792277968593178e-01 -1.708310003932998668e-03 -5.811885812893140268e-02 -8.076475433553774452e-02 4.189811348573167782e-02 1.710486139199363376e-01 -2.481773035669218239e-02 1.149867608381794637e-01 -4.583335888802262531e-02 1.421095632352142035e-01 2.469388947929399281e-01 -1.330088090286652702e-01 9.830114711268257699e-02 1.781669559763880972e-01 -1.276407816941228790e-01 1.866039349599107541e-02 6.270182683097470094e-03 7.204662149551853412e-02 -1.251894734918571409e-02 -1.012643751089044031e-01 -8.712027265002758591e-02 -1.102242125974110670e-01 1.371593340436207868e-04 -1.496299301464916742e-01 -1.105639698960963480e-01 7.597712821607152667e-02 1.622878214431484889e-02 7.543434841521429179e-02 2.787702017890122952e-01 2.076158903354670682e-01 1.453817765809484741e-01 3.028856016687478947e-01 5.401816889803052746e-01 2.247963846751291350e-01 2.203828574350656100e-01 1.692304417592669918e-01 5.913723273034664218e-02 -1.552604225730240817e-01 2.690253490055476981e-01 1.606992926959566886e-02 6.717039521032869276e-02 -5.923513903167983846e-02 3.079737225288008418e-01 1.303721529509642707e-01 1.389283268655241987e-01 1.492425665857943784e-01 2.378737527176790212e-01 1.427133810180027107e-01 2.200955257189046166e-01 -1.648628653779506126e-01 -5.141151221616728495e-02 7.067073833192852317e-02 -1.866716595902465081e-01 -1.352509636908829360e-01 4.920825938250866088e-02 1.405496204405873029e-01 -2.819221939186865311e-02 7.061811185239585953e-02 1.758925182370174034e-01 -2.418144432515174219e-02 6.577082215568198428e-03 -2.077207928880070997e-01 2.466220381703320558e-02 1.125229141361102220e-01 -1.119503521422978848e-01 1.717438989699070773e-01 -2.177645319120414258e-01 -2.135915258460130139e-01 -3.295257124461996312e-02 -6.653209006186942831e-02 -1.142132565980723546e-01
-2.031795368195457030e-01 -1.752384488296176157e-01 3.281355183476268311e-01 -2.824273070567050459e-01 -1.247482856867401790e-02 -9.369860390580257714e-02 2.544873472734174302e-01 2.585787550965381043e-01 -1.301955791580060029e-01 1.157965044801383542e-01 2.084023267663641377e-01 1.033394454570724097e-01 1.317486518423419406e-01 1.000000000000000000e+00 4.576614903982076377e-01 -6.494343375557182219e-02 2.971863968516035848e-01 2.711426252027539507e-01 3.135157486378412628e-01 5.375219563071356038e-02 3.308581938057642002e-01 2.652708380248930964e-01 3.250324150805185552e-01 1.122607608466345552e-01 9.467331463567096872e-02 1.261039414942932979e-01 3.108466535916976081e-01 2.904862684396407047e-01 1.003102051101524145e-01 2.798313640413118142e-01 2.644998452685717524e-02 -5.320974399313761066e-02 -2.686150523663068806e-02 1.469233266646643721e-01 1.263368288802659278e-01 -2.332365260754964420e-01 -5.315346415570806199e-02 -6.083114908947932081e-02 -1.081121998841019227e-01 -1.453112598823633195e-02 -2.834717258909444371e-01 -2.472777355663770549e-01 -7.357828297508206550e-02 -1.570392253952859474e-01 -1.855047552393927421e-02 -2.689657256410062924e-01 5.197525852209373097e-03 8.347703195831572553e-02 -2.578579779320665510e-01 -2.222354173408149780e-01 2.444032087044884505e-01 6.143329110917344904e-02 6.232728897324803924e-02 2.982824666298405369e-01 1.577418129633845201e-02 3.603836517251075011e-01 1.125183330771911266e-01 2.632441157364644457e-01 -2.008930025166142663e-01 -4.026518126683698712e-02 2.191239497186632246e-01 1.923180005538498438e-01 3.446118805227554316e-01 4.845895270187671189e-01 4.294780027586179716e-01 4.642606524743638219e-01 -2.848166145164117147e-01 3.574734016122492197e-01 2.189336338223762668e-01 1.445856916948395909e-01 1.720527719415921863e-01 1.464590826864747841e-01 4.328934012894970484e-01 -3.660598021973397731e-02 7.291184011882646809e-02 1.688590046458276761e-01 1.847435913514531292e-01 3.664780244697196099e-01 -2.323815803143167852e-02 -1.009943675754195608e-01 2.052461721970839648e-01 -1.981044826168165685e-01 -1.889788085217604663e-01 1.818409608877314121e-01 2.561035255397594024e-01 6.004747447248754560e-02 -8.886365887688875420e-02 2.381087363258627965e-01 -2.972023209947367156e-02 -1.595724344535993378e-01 -2.071294890535312350e-01 -4.872502312374090566e-02 1.549472166292287538e-03 2.709197196253542717e-01 3.724146012367035574e-02 -2.838274715253955027e-01 -1.926163183204672724e-01 -3.760150685198779263e-02 -2.420507570411944143e-01 -2.366535653706634268e-01
-2.033060636201364513e-01 -1.989011667426598684e-01 2.578771187244566776e-01 -2.621475843881327927e-01 -1.561242023455095829e-01 -1.201500439510972129e-01 4.368609060917556519e-01 2.241398261699204253e-01 -2.122905728363810585e-01 1.282799153205670672e-01 1.479803702150956080e-01 2.458913499897223409e-01 8.118988714878347390e-02 4.576614903982076377e-01 1.000000000000000000e+00 1.961472144888391500e-01 3.602926086446491261e-01 4.162332539773795359e-01 3.092452922157490902e-01 1.360119930262573273e-01 6.277478986764514213e-01 2.727350495122766727e-01 4.593255532107237693e-01 5.191066046133875345e-01 1.826831809815078755e-01 4.139151354911270730e-01 5.237430144648538288e-01 3.966462197295407277e-01 4.374498750536343072e-01 2.666270801623822906e-01 -1.696936188949691631e-03 -1.123267309999536057e-01 -2.075543903948088298e-01 2.195195491334475391e-01 6.483986198626545683e-02 -3.270660979106023158e-01 -7.860418937130222994e-02 -2.805529413230063440e-01 -2.461021308414176600e-01 -1.327060465621368313e-01 -4.403471062661964974e-01 -1.644516171682154637e-01 1.265844733800889910e-01 -2.711609361972487919e-01 -1.466873434379019174e-02 -3.508846383402188240e-01 -2.728700464192290176e-01 -3.232676911348564969e-02 -4.190094584129699373e-01 -4.289551300728709493e-01 1.469844321519111485e-01 3.574710849082823189e-02 1.369826826929110841e-01 1.972717656605791903e-01 3.371067457201704087e-02 2.211287184449226562e-01 1.900219942495477987e-01 1.434324418458502726e-01 -9.338261844463777162e-03 4.619551245531040851e-02 3.013606179322561029e-01 8.839464538982953756e-02 3.073642324786480806e-01 3.939804020017767527e-01 4.604528793770413242e-01 7.364867682707462171e-01 -3.409962464299515772e-01 2.529157683461116246e-01 3.718037807671089601e-01 2.741877531013343638e-01 4.871222998948596672e-01 2.964356152183920123e-01 4.066458780304278986e-01 2.581988057991949775e-02 4.801860937928584816e-01 4.253591367927681000e-01 6.058340366416034017e-01 4.378342131786053248e-01 -2.800386982379846068e-02 -1.473739273483948842e-01 4.940774716008660139e-01 -3.075287220521015774e-01 -3.576515256809520427e-01 3.253926018241480311e-01 4.238365074810211408e-01 -9.498518830464725005e-02 -1.588819982603002501e-01 1.560047668194957937e-01 -1.582455370792647947e-02 -9.139133248484995406e-03 -3.898742107588970551e-01 -1.210699447373641824e-01 2.564174545970478863e-02 1.401402029581541031e-01 2.745684104123861102e-01 -4.034521996087906404e-01 -3.233234938487884458e-01 -1.241202895337446682e-01 -3.699567698093386148e-01 -3.909324499027960753e-01
