1.000000000000000000e+00 -7.247588647571803766e-02 8.808345702625005463e-03 -4.052972715012563287e-01 -2.316296514759079994e-01 -2.478315507759446534e-01 1.513764173144757641e-01 5.654827034995150992e-02 -2.322196888899983325e-01 3.348050439230181863e-01 -5.717124014739451976e-01 -2.541937229723993941e-01 -2.853348765944463961e-01 -8.893909291459964339e-02 -6.006140414746351242e-02 2.377670788179976069e-01 -2.905298192029978077e-01 -1.805360359845143148e-01 -2.151672700662778659e-01 -1.683106503297494838e-01 -3.776599244876677752e-01 -2.293105568456083598e-01 -1.534443582921983518e-01 -2.551869335509672210e-01 -4.711030691193465909e-04 -4.285143681589031334e-02 -1.956152345280201266e-01 -3.277145175108402975e-01 -1.667859693855935077e-01 -2.010440989539329648e-01 -3.351303869631080956e-01 6.843500826555870553e-01 7.085099004083764140e-02 -2.959717967733360711e-01 -3.676094042454252087e-01 6.899611982144995825e-02 -1.679461110295238369e-01 2.678189936534983162e-01 -1.568387939814908927e-01 2.348734213610939592e-01 4.750677335033906545e-02 -4.919311750807605077e-01 -4.797913706646637633e-01 -2.737574836473032347e-01 -3.329914276617882418e-01 -7.194282052715812725e-02 -1.280419064826509856e-01 5.604811536664527916e-02 1.122432681638905472e-01 -2.297483270755782195e-02 3.698808275353436814e-01 -1.179186291945713283e-01 -7.303604947790752477e-02 1.601850211188841355e-01 8.975756073401086957e-03 4.808492824449521752e-01 7.291323573435284922e-02 -2.452101283939720766e-01 2.639430115104094421e-01 -2.490076206574012019e-01 1.356424333325687848e-01 -2.665724082141039397e-01 1.218364450082492223e-01 8.354619610015964759e-02 9.169048831091858309e-02 -7.658522914706633600e-02 5.633757848482585234e-02 -2.024988532013732023e-01 -2.514575024460199981e-01 -2.931352781054246681e-01 -1.775978413576562165e-01 -2.795405379665443779e-01 -1.654000903285435253e-01 -1.935264704205834352e-01 -2.090901309769099548e-01 -1.457168409882805306e-02 2.280541534902469636e-01 -1.007766838828766387e-02 -3.210885459740938641e-01 5.476025302132157824e-02 -2.242042312861450837e-01 4.949488008199599831e-02 -2.263463549586511026e-01 -1.777598007645733447e-01 6.142080514630238229e-04 -3.430009589111446960e-02 -4.583198169780575842e-02 -1.669823463414395193e-01 -1.708421010143086893e-01 8.244321475443061598e-02 2.295848979324449646e-01 3.535971827015459423e-01 4.530185158355639306e-03 -2.399198411824359500e-01 -9.593565007896429075e-02 -2.315097076102843876e-01 -3.233858252720837358e-03 4.709265855404832363e-02 -9.029102292253766981e-03 -3.176134537995169149e-02
-7.247588647571803766e-02 1.000000000000000000e+00 6.042492567514512816e-03 4.032033550893403540e-01 4.791336177607110614e-01 -1.628028926609280114e-01 -3.599485752055936461e-01 -1.826541323918640936e-01 -3.361273547999254346e-02 -3.446702885198549282e-01 7.047386525667921620e-02 -2.100385360719493055e-01 -2.450720159896429065e-02 -1.959580388824677388e-01 -1.262904409130716776e-01 4.724477377217580765e-01 -1.552483371608743678e-03 -1.113875154571574433e-01 1.250431234700203897e-01 -1.144134717707241851e-02 -1.972598807767437790e-01 -1.433475972893304695e-01 -1.991063363084565746e-02 -2.185945884637041092e-01 -2.391970461561564176e-01 -2.689815378367471643e-01 -1.148539767753445628e-01 -1.259107743107621968e-01 -1.230456580103946457e-01 -1.740572348809564240e-01 -3.999540666687170232e-01 -1.738296331955790086e-01 8.804527191156250043e-02 -2.147586418125701016e-02 -7.701315257114867141e-02 -1.454638900234009845e-02 4.319862104498103580e-03 -1.580698050739518523e-01 1.022736562640942093e-01 -1.376823860313469428e-01 -1.826738070319943452e-01 -1.022450751437374017e-01 -8.950126479073300390e-02 -4.871356901669776640e-01 -1.690230991158243878e-01 -1.889906098793989464e-01 -5.547948483359246147e-02 -2.410954295287784377e-01 -1.932843126520366606e-01 -8.022939635640910505e-02 -1.034964149485688989e-01 5.636193509882388986e-01 4.495714019108609794e-01 4.213329839922318465e-01 4.721308375591763001e-03 -3.605913364379807473e-01 -2.939581034248658353e-01 -2.629628837109789785e-01 -4.120504908602900529e-01 -1.919696321180145715e-01 -1.732740262963581857e-01 -1.105198962016451514e-01 -2.215628338548427112e-01 -1.646469441741981732e-01 -5.969082966251836736e-02 -2.328023069524898792e-01 -4.251990496135504283e-01 1.861287664715285603e-02 -1.523659583799140751e-02 -1.727027328193160571e-01 -1.735478174497664949e-01 -1.155807523391943203e-01 -2.156741716759351668e-01 -2.052254736561569537e-01 -2.147769710698212431e-01 -2.526116253765383068e-01 -1.703504251025988736e-01 -1.179778550244718061e-01 -4.319270014835042137e-01 -2.986862101166595784e-01 -7.563874728761732502e-02 -3.259149151904563446e-01 -1.774309167431930290e-01 -1.680684500560742645e-01 -1.563217923949127841e-01 -2.422767259883852053e-01 -1.295491419083337203e-01 -1.436691165855263630e-01 -1.822271334711719759e-01 -1.481343278386656748e-01 -1.847610841348899368e-03 -2.051102522195521194e-01 4.747078266977440564e-02 -3.821512677725423246e-01 -1.111614682416738609e-01 -4.587338804326479558e-01 -2.045101605910286113e-01 -2.105772216844762346e-01 -2.860703585951798189e-01 -1.281025280189949656e-01
8.808345702625005463e-03 6.042492567514512816e-03 1.000000000000000000e+00 -2.792174729591722637e-01 4.200827483981098842e-01 -5.228584247816173147e-02 1.429928959070999872e-01 1.321880439709744197e-03 -1.006778759954934793e-01 3.192878143175376660e-01 -4.467238540402679869e-01 -2.463698477839133261e-01 -5.357735716930049630e-02 1.284237791981850119e-01 4.158015327308817732e-01 1.659384128983876494e-01 1.648950943244417624e-03 -2.010305371950951714e-02 1.904004629390321224e-02 2.448255657232131788e-01 1.616795220240442588e-01 -3.734504889018604862e-02 1.840380204383397778e-01 1.783723932991712890e-01 -3.012679809951092080e-01 1.479658938734821627e-01 -4.524174533724223402e-02 -9.958681277193867643e-02 -2.036614120429169617e-01 1.091518575097460697e-01 -1.460136849298921957e-01 2.822051692394107469e-01 -1.951406490901153035e-01 -1.370622866246574423e-01 -1.748839902662618906e-01 1.866620273696049936e-02 3.642892609089240508e-02 9.079696519770362462e-02 2.635509205514169687e-02 2.097041603574099078e-01 -4.367574294701052906e-02 1.107499054276196576e-01 -2.770008999147620665e-01 -1.848665041534577336e-01 1.875491812250440482e-02 2.472736008921544437e-01 -8.844184760354414573e-03 1.168284642200522333e-01 2.155351164624099425e-01 1.982641706098240975e-01 1.316155019685554817e-01 7.355727994476350673e-02 4.588740602014488856e-01 3.243027648101083349e-01 7.470006633027373444e-02 3.172490960863489362e-01 1.318970007981810910e-02 -7.120770098482009924e-02 5.496053410475812417e-02 -1.769948731403375164e-01 -7.002831703064421077e-03 -3.459577780978790457e-02 1.686371452586920561e-01 2.682364532150920411e-01 1.901497093016386308e-01 3.402812603796632196e-01 -1.913588990389465672e-02 -1.125171576768110721e-01 2.187086210132561243e-02 -6.040202980564026575e-02 1.191230737321218990e-03 -1.218267039118226397e-01 9.022815762494057479e-02 -8.606280717159449367e-02 -6.912367378868945755e-02 -3.377949609948464882e-02 2.277537412692182683e-01 2.116726732471725936e-01 -1.555716676483648864e-01 3.213560483635760634e-02 -7.318362243002159151e-02 -1.715957694746992612e-01 1.504151075208902746e-02 7.395492316878765626e-02 4.097183674089706351e-02 8.243028599787605160e-02 -1.182970923632775256e-01 -2.005848666076968934e-01 -3.283167825640934123e-02 8.342904031960217404e-02 9.640825897813028178e-02 -4.009312022335629333e-01 -6.360986044414045082e-02 1.001351021201496855e-01 -2.914241431904058821e-01 -1.446375632389426402e-01 3.079128370155987011e-03 8.758201381995416035e-02 -1.354113205416486790e-02 4.803033742779743570e-02
-4.052972715012563287e-01 4.032033550893403540e-01 -2.792174729591722637e-01 1.000000000000000000e+00 2.464204917772628844e-01 2.660053429156274407e-01 -1.929915639922725745e-01 -4.712243681952950347e-02 -2.805237440116640016e-02 -3.681230246015658736e-01 5.078065585426835282e-01 4.208138480495677430e-02 3.683034985379318171e-01 8.977032820213134978e-02 -8.400122575846534489e-02 2.645614755219441450e-02 2.402813979999726957e-01 2.016394392237433053e-01 2.601502952974217298e-01 1.181903988901344960e-01 8.555569546004236636e-02 2.478974385938171876e-01 1.237517011634172437e-01 8.283315203873838073e-02 -9.466891058587346974e-02 2.395637391257456408e-02 1.894984813916948119e-01 2.422517193703944416e-01 8.776599380581305565e-02 -1.633722602155041059e-02 -6.425925620986758235e-02 -4.987180148028207971e-01 2.652533653913955458e-01 2.868212799618777842e-01 2.850972665629232794e-01 8.111286502581942226e-02 2.930573157729768896e-01 -4.498489345341505352e-02 1.675538025943770215e-01 -3.475110659283873193e-01 1.331957203744863760e-01 9.847857346188831906e-02 3.307805804306189201e-01 -4.931192288666867707e-02 6.144812404453509069e-02 -4.257645279330731294e-03 1.567665707882550941e-01 -6.011306452497091474e-02 1.519644539636057744e-02 2.055056391887512823e-01 -1.813745348755786413e-01 4.375163306972525978e-01 4.409957102458404721e-02 -1.673466615897793719e-01 -4.911941622862376657e-03 -4.273382582843194832e-01 -1.173961491852291844e-01 1.120371794856659942e-01 -2.958700276463065992e-01 1.286575558825263643e-01 -2.444383754987452806e-01 3.618563062633627370e-01 2.890742072563427106e-02 -8.561118181785239145e-03 1.126538741190103166e-01 -5.832292080272725304e-02 -1.057851959128591757e-01 2.749788554690036357e-01 2.595595238514147307e-01 2.608925596940205316e-01 8.343521226918447151e-03 2.879678042150523587e-01 9.793175838792315957e-02 -1.619617296015160579e-03 1.020863087203318781e-01 -3.386655982842364659e-02 -1.222273284153962136e-01 1.782841399987644335e-02 -4.791577624138282365e-02 -3.025842068045096062e-02 2.726693506404808676e-01 9.057492387366411490e-02 7.273622047409045166e-02 6.805208251547691101e-02 6.838285302441916846e-02 -6.833274801628837387e-03 2.284321417177038460e-01 2.327365915638803240e-01 2.172400924033653091e-01 4.506126583498869242e-02 7.632575158052602726e-02 -1.777628189138220627e-01 1.527577797388079972e-01 2.662833308225441217e-02 -2.249468476620974239e-02 -4.012543051544262968e-02 1.386145910522879332e-01 9.364616864224614701e-02 -1.318448157696832691e-02 1.938644938392770356e-01
-2.316296514759079994e-01 4.791336177607110614e-01 4.200827483981098842e-01 2.464204917772628844e-01 1.000000000000000000e+00 -2.929315874930809027e-01 -2.940629506137200089e-01 -4.414402932266826562e-01 -3.599235797063520259e-01 -2.208223995216667401e-01 -1.052129858398170997e-01 -4.095438885626339620e-01 3.993606621235334941e-02 -2.508076976800583530e-02 2.025950831500529792e-01 1.103886039874928671e-01 5.907834854367287336e-02 -1.435487758858218776e-01 1.309803538069495010e-01 1.919071338714640751e-01 1.578620854276469865e-01 -8.605726048432171815e-02 1.319988728155401803e-01 8.550705154299874378e-02 -5.236285821700797927e-01 4.709049915289660994e-04 4.989427494024503001e-02 -1.501149318488522941e-02 -1.336818490799137060e-01 -5.141672872442566017e-02 -1.132371733432176036e-01 -1.460670494456662860e-01 -5.107335964302022607e-02 -1.197976506436350258e-01 -9.743835046397263111e-02 -2.165356770162833455e-01 3.995411737840015576e-02 -1.283195182677834001e-01 1.344014539606674663e-01 -1.942622942312977330e-01 -2.103588771763452436e-01 2.009882600896023830e-01 -1.221447278593969510e-01 -1.590168833924528735e-01 6.810068514197489820e-02 1.587508682997929854e-01 2.288814773245104878e-02 -4.912687984001849750e-02 -6.525242167937074511e-02 5.905957390183661643e-02 -1.420346680596721034e-01 3.793661559386708459e-01 4.942308618104355733e-01 5.123955356127498639e-01 -3.097502764037746159e-01 -3.655262534654228901e-01 -4.884553781289004415e-01 -4.132399985579264245e-01 -4.441591577732967866e-01 -2.165508972519707698e-01 -4.126208615912880240e-01 3.806434772412064377e-02 5.438386877577931072e-02 -5.031482716176524650e-02 6.180637305237162565e-02 -1.765490612210682958e-02 -4.343810698578601248e-01 1.182885511015404484e-01 8.683417472562270090e-02 -1.105555980639548463e-01 -3.113096181932147044e-02 -1.249874947184717727e-01 -1.001779002238382399e-01 -3.549822588586974415e-01 -1.505631874979824203e-01 -1.631828583177306891e-01 6.217033806381277311e-02 1.008601844559632865e-01 -1.174972583508460122e-01 -2.091735996175772827e-01 7.627066934022302958e-02 -2.759482488856380700e-01 -1.557561159403056048e-02 -6.657240846296486048e-02 -6.025617639639666706e-02 -1.015627947265005243e-01 -1.176357041061251996e-01 -1.877963477226934630e-01 -1.659379535173386433e-01 -1.393273624514672071e-01 1.000430465844459049e-01 -6.559879916270020539e-01 -1.431365274139915489e-01 -1.472582414903871040e-01 -4.050220776393891331e-01 -1.453858943971086670e-01 -6.831502009284239063e-02 -8.794107175779221353e-02 -2.942714144270669463e-01 -4.383074544412381146e-02
-2.478315507759446534e-01 -1.628028926609280114e-01 -5.228584247816173147e-02 2.660053429156274407e-01 -2.929315874930809027e-01 1.000000000000000000e+00 2.001808339736503572e-01 4.329028261715255899e-01 3.499239374208240605e-01 2.189974772485823312e-02 3.478641594447527408e-01 3.190111264844638361e-01 4.691172538257630253e-01 3.500242297061417762e-01 2.048880584880783950e-01 -5.446923847158897068e-03 3.601516366419338366e-01 4.666145357786786185e-01 2.987180340188561045e-01 2.850266254583362358e-01 2.022679266079004945e-01 4.353873710808880415e-01 2.558865280341621751e-01 1.474934234964688229e-01 1.881105703123151784e-01 1.735041858168276385e-01 1.287189851107796157e-01 2.697897710180862108e-01 2.041004827506279207e-01 2.928093939439536664e-01 -5.850545536036754618e-02 -2.974591115665194963e-01 9.500609276639492007e-02 4.600310810964860497e-01 3.316530304006385377e-01 3.470098456758687333e-01 3.536038342614976626e-01 1.209340045928301438e-01 2.313821372140736077e-01 7.340797186757008763e-02 3.460238559538413861e-01 -1.643124744691079261e-02 2.704588198022859769e-01 -2.793729639062820722e-02 -2.968645555056270702e-02 9.444530071010791283e-02 2.186651158427263542e-01 2.128259183566884316e-01 3.124085364119482122e-01 3.686564504486656291e-01 5.225525571150480691e-02 9.531685665373050564e-02 -1.764347883845192311e-01 -5.292452658957056411e-01 4.668614963849935240e-01 2.532843720249234321e-01 3.611470325743284526e-01 5.451552429908108621e-01 2.453228900195950635e-01 2.281709005041644145e-01 1.351889672951144816e-01 4.601399855272518824e-01 1.592355362288651044e-01 3.147549967923736203e-01 1.908029320689932917e-01 3.188098540240129619e-01 3.801805802054320504e-01 1.723964186729139147e-01 4.218905862382252847e-01 4.693064745750865630e-01 2.465752740880194360e-01 4.528488717994509360e-01 4.152610505921370820e-01 4.493363641538981601e-01 2.860625245874243716e-01 1.341148642231134169e-01 5.902973243911423945e-02 2.031788154904103638e-01 -3.651811864837026939e-02 1.290624299295014821e-01 2.254716590291091227e-01 3.633800289305413878e-01 6.786986827415503187e-02 3.284317989850391584e-01 2.177083444413725755e-01 3.054802261050876266e-01 3.573086603355073998e-01 2.905787646386635559e-01 5.278820704220319460e-01 2.786000703810595502e-01 1.815131435411883321e-02 1.005253625004313422e-01 3.392823260974189292e-01 2.013680956126814026e-01 2.735038707019104565e-01 -1.426183470057673479e-02 2.623112087670419479e-01 3.234437398273264930e-01 3.399130231613907149e-01 3.872242959202714108e-01
1.513764173144757641e-01 -3.599485752055936461e-01 1.429928959070999872e-01 -1.929915639922725745e-01 -2.940629506137200089e-01 2.001808339736503572e-01 1.000000000000000000e+00 5.915800409426605899e-01 2.259157992879460564e-01 3.605192429011368493e-01 -1.052163437664671991e-01 -1.618163550469413001e-02 2.056865501911753769e-01 3.554206976264227547e-01 3.287677000489572787e-01 1.604138509412550151e-01 1.795759320535015580e-01 4.679688574942819090e-01 1.944053944941664114e-01 2.165099295114283617e-01 2.156422798442249600e-01 2.610077592221759502e-01 2.538283993321929222e-01 2.193821016727623974e-01 1.076467761001924511e-01 1.808764900477410342e-01 3.078901249500693438e-01 2.282682854945760342e-01 2.463661293608037928e-01 3.295947922014757503e-01 -5.144548767700213299e-02 1.598033764773766352e-01 5.470801622576104695e-02 2.505527353860032558e-01 2.344796362708803650e-01 2.347258835319597503e-01 2.245088137797303651e-01 1.616240163349037806e-01 2.929812431524292035e-02 3.035918563936366166e-01 2.294630013872952790e-01 -1.485103775819109906e-01 4.198191696062652709e-04 9.785995708531601903e-03 7.701853695010731082e-02 2.518767893291067872e-01 2.970829945155413765e-01 3.977596342406043428e-01 2.458336804226425865e-01 1.918784329623381135e-01 1.759419137467357064e-01 -1.597997149204521961e-02 -3.073681449004338553e-02 -1.377835038436167892e-01 3.814249659450696384e-01 4.778979491014749836e-01 5.890722655973107402e-01 3.672680813463086724e-01 4.098372840964992769e-01 -8.123313688692378187e-02 7.271568772548503423e-02 2.081867283666500312e-01 3.627610228211964882e-01 4.686056848877843128e-01 2.425593512115999939e-01 3.402364349902975427e-01 4.611004736102559121e-01 2.054446331141849824e-01 2.416310863108579732e-01 3.527862798554240453e-01 3.027167254629242743e-01 2.912228027654560347e-01 4.281905616842687778e-01 2.373272946524648541e-01 1.629739674196994115e-01 5.280437884054413333e-02 4.080139703771529236e-01 3.497995959563359736e-01 -5.656136223994055745e-02 -4.633834479876714624e-02 1.805417707199751809e-01 1.740523456797461177e-01 5.959836755205979997e-02 3.107901647581827187e-01 3.292982381007229509e-01 3.682939860389478071e-01 1.981467231093751447e-01 1.878029364971966764e-01 2.701089702410593985e-01 9.230240284164324682e-02 8.402658707257960879e-03 1.709865193251575433e-01 2.874571381889354238e-01 3.107124166727125159e-02 8.189590099126856093e-02 3.935321602230971993e-02 2.264315190402454991e-01 3.448189504996630461e-01 9.116182499734416800e-02 1.141166119323187289e-01
5.654827034995150992e-02 -1.826541323918640936e-01 1.321880439709744197e-03 -4.712243681952950347e-02 -4.414402932266826562e-01 4.329028261715255899e-01 5.915800409426605899e-01 1.000000000000000000e+00 4.595984851816267147e-01 2.032814885958765527e-01 -1.126088525609817391e-02 1.218429009076291009e-01 1.971608921967586692e-01 3.739738775596947451e-01 2.432508322077276131e-01 2.213026453065619903e-01 1.314716375509221991e-01 5.594751209527348834e-01 2.446277421971863320e-01 1.537666184759459709e-01 1.500608916448207542e-01 2.597202233490296663e-01 3.104035995713858576e-01 8.745387981588956250e-02 1.787875830309469949e-01 1.092480589178439765e-01 2.821275049927981504e-01 2.387717364955870558e-01 2.291869434774393977e-01 3.617986748861315993e-01 -1.086284669346167242e-01 2.120538714296862220e-02 1.086094565525193151e-01 3.353030213326809172e-01 3.397349870891842039e-01 3.988350039627733823e-01 2.608860585612122196e-01 1.183022551487885182e-01 1.532042885028365720e-01 3.165637573093997292e-01 2.946306071424762973e-01 -9.024545508425950435e-02 5.226394719314123721e-02 -6.726114125272204813e-02 -2.726687182147132654e-02 1.810109128454265026e-01 3.475840178641912415e-01 3.043626340358930871e-01 2.104710054462795576e-01 2.204323815669571029e-01 1.444948229222228764e-01 1.656828880222177558e-01 -7.749660800003532746e-02 -2.639301671019422812e-01 5.390456868667293788e-01 4.121830237395530672e-01 6.668683700935743586e-01 6.077234240441803381e-01 3.397490729413779609e-01 -3.828600415539507029e-02 1.303162359124812042e-01 1.760652712207008974e-01 2.220578175074591487e-01 4.296528415969693149e-01 1.459901254362762357e-01 3.023717630234369902e-01 4.483239356332088810e-01 1.435343146712763085e-01 3.161236291249259756e-01 4.028886394541997262e-01 2.331286720604055507e-01 3.258380082557381652e-01 4.213348057228372134e-01 3.464761117173559835e-01 1.454309401514764233e-01 2.536476872921179793e-02 2.586314821426556887e-01 2.023846613608581702e-01 -1.004605422429379197e-01 -7.857537643532480631e-02 1.159779495663568610e-01 2.389114555173674770e-01 5.155292723558155960e-02 3.052967544795526789e-01 3.122925208629406812e-01 3.929065499616763435e-01 2.880853230942995169e-01 2.629895249042652483e-01 3.532185123340344512e-01 8.913557926275535170e-02 -9.729256261315159804e-02 2.449188254109979646e-01 3.350844226913536339e-01 6.698679084528032061e-03 2.189451409924361436e-01 -1.033539486965261329e-02 2.275324892827654821e-01 3.316368366201246642e-01 1.881553581010650122e-01 1.619731077328552815e-01
-2.322196888899983325e-01 -3.361273547999254346e-02 -1.006778759954934793e-01 -2.805237440116640016e-02 -3.599235797063520259e-01 3.499239374208240605e-01 2.259157992879460564e-01 4.595984851816267147e-01 1.000000000000000000e+00 1.377006453257689222e-01 2.566437840746930710e-01 4.707753118777119328e-01 1.922694130736427726e-02 3.583258762751658898e-03 -1.057408998672459688e-01 1.858948814763790036e-01 -6.048815647514319688e-02 1.477057001960626337e-01 -3.746687321845003620e-03 -9.536916296257751113e-02 -1.772659879090281165e-02 4.464679537654888536e-02 -3.885622017401097611e-02 3.492097361712802328e-02 3.408253717704664010e-01 -1.459364462126927220e-01 -2.114799205728327709e-03 9.323721919629224253e-02 2.136490826173251256e-01 1.350220827664549150e-01 -2.364726866964913382e-02 -2.025046894737321801e-01 -2.975313533182871381e-02 1.843086883954258570e-01 1.484462529222634886e-01 2.453415948628970833e-01 1.075707235679208146e-01 -6.434671759908321131e-02 4.080114393186415334e-02 1.711291378834596810e-01 7.230023904523460998e-02 5.735539122483724467e-02 1.960756642271745120e-01 -8.930234423062131943e-02 -2.720957693497593269e-02 -2.641241163294089783e-02 4.727241370886980237e-02 -4.245448814978835389e-02 7.165323183434769982e-02 -1.493236552142420681e-01 7.710683957940138444e-02 3.877616074533991181e-02 -6.531031920845507778e-04 -8.393471219551335016e-02 4.443026176449770270e-01 8.717847145392612629e-02 3.505592856583605310e-01 4.282889880329276977e-01 2.006178136783820232e-01 2.781220668768681903e-01 3.796960826387859034e-01 -5.934484519515582923e-02 -1.620257154275449307e-01 3.182246340830140185e-02 -6.092084705403582462e-02 -4.703126278030048818e-03 2.612355631274119183e-01 -6.903758654240847725e-02 -4.095491177398554589e-02 3.068910315696211574e-02 1.458454180123769373e-02 8.262306502127204910e-02 4.193716359526529491e-02 3.503568276860468678e-01 7.433242387807836860e-02 8.411232196590498478e-02 -2.011209827032974518e-01 -9.742790050025751381e-02 -5.163571161804313137e-02 -8.837621343923045270e-02 -1.054937859903416209e-01 -7.277980118347501803e-02 -1.300750543245990654e-01 3.789380429124571126e-02 -7.761835917112115679e-02 3.633908595528691221e-02 -1.626649149623981411e-02 4.883908019658503297e-03 1.334244568676263010e-01 -9.655861004232867487e-03 -1.712202630889448352e-01 2.022187447719287490e-01 2.440194067196865546e-01 9.732157055204564144e-02 2.685284244539972165e-01 -9.961052711224284428e-02 -3.027034353083262602e-02 -7.997566721950610802e-02 2.316970115539292441e-01 -8.552657577026082092e-02
3.348050439230181863e-01 -3.446702885198549282e-01 3.192878143175376660e-01 -3.681230246015658736e-01 -2.208223995216667401e-01 2.189974772485823312e-02 3.605192429011368493e-01 2.032814885958765527e-01 1.377006453257689222e-01 1.000000000000000000e+00 -2.977267190029486699e-01 1.845652999029134267e-01 -2.309053842549281532e-02 1.575366589834024389e-01 1.403130787340835794e-01 -2.619920060220302938e-02 -1.752346910569665683e-01 -3.031772460585314619e-02 -1.448924739392870864e-01 -5.557435924214376710e-02 -8.900581065144548554e-02 1.609171958017914239e-01 5.120052850956310908e-02 3.181035909922142468e-01 3.521883389369863115e-01 2.708680012570202078e-01 -2.544771996194990921e-02 1.652247037389650841e-02 -1.712895159763444183e-02 5.161335728902196468e-02 -2.600637443427341045e-01 5.204161437688039626e-01 -3.889514190165623692e-02 -1.198918432599057615e-01 -1.628686178171515342e-01 1.355030982877248602e-01 4.311300642689195467e-02 3.576962233601957419e-01 -1.020038553698054684e-01 3.279944307870387155e-01 1.478656273873243110e-01 -2.142209892115672920e-01 -1.728419330495430950e-01 -2.045240284427256860e-01 -2.241461218473931039e-01 1.658189160385677152e-01 4.859324311921880968e-02 1.849847577633828288e-01 3.768535585958651679e-01 9.325437208081330254e-02 2.781700501488244548e-01 -3.056958612078500837e-01 2.449065341244804558e-02 9.447995017820114139e-02 2.102468159635546840e-01 6.141038969940945114e-01 3.086961610703132797e-01 1.066729899281382982e-01 6.385719664680794549e-01 2.839285051726370690e-01 5.110673252824653456e-01 -1.625992005537466034e-02 2.507330317903473937e-01 3.104321544793464671e-01 2.911853134498126328e-01 3.000263320422023594e-01 3.479110054019075582e-01 -1.534693304467512620e-01 -1.223562877118909431e-01 -5.809639016629534330e-02 -6.842385720628024748e-02 -4.364897406436407667e-02 1.731489372305659857e-01 1.375652514591917397e-01 1.192219622598203743e-01 4.543465793219073068e-01 2.709945979330691812e-01 2.326279399063241604e-01 -2.287418711778574920e-01 1.960652294460822620e-01 -9.487751703583488516e-02 1.203332722253148551e-01 -1.323070494358778715e-01 2.575621778710522614e-02 7.401952253199244047e-02 1.650726724570434345e-01 1.264120869984788342e-01 1.688828888961282915e-02 9.048163703238636113e-02 1.748076738073103820e-01 1.659144504416157628e-01 2.650327563118868301e-01 7.842583777011723212e-02 2.972044401676600112e-01 -7.892560429980194359e-02 -1.975856364187719427e-01 1.496742530406146021e-01 2.212724337653576290e-01 3.114931838884180126e-01 9.316695760714158170e-02
-5.717124014739451976e-01 7.047386525667921620e-02 -4.467238540402679869e-01 5.078065585426835282e-01 -1.052129858398170997e-01 3.478641594447527408e-01 -1.052163437664671991e-01 -1.126088525609817391e-02 2.566437840746930710e-01 -2.977267190029486699e-01 1.000000000000000000e+00 5.291241456965934953e-01 3.899237709012280950e-01 2.704708252662930967e-02 -1.500315906460294446e-01 -2.119691478100250159e-01 2.883479884511024882e-01 1.809109037487072191e-01 1.486524656493430074e-01 3.398903387696938349e-03 1.678663050083611108e-01 3.179921204780590260e-01 2.983501580654121521e-02 1.980032068323683836e-01 3.464058343794780837e-01 3.253411550141741687e-02 1.345618714394608839e-01 3.259960290431587748e-01 3.220314227427585885e-01 1.147015570359326969e-01 1.312789843314263738e-01 -6.346103964255929153e-01 9.233460083744259028e-02 3.568199556764447555e-01 3.619216178298484965e-01 -3.928532442151138476e-02 1.730285800168634425e-01 -2.010057746234564791e-01 -1.547372455253005763e-02 -3.220289680960891077e-01 4.606596546340754189e-02 1.641040426496976901e-01 5.367009239505124985e-01 1.232212150418092733e-01 1.351031244008422671e-01 -1.423417143583056155e-01 6.821211240834412770e-02 -8.488080095208815068e-02 -8.713009523386143484e-02 -3.572343601515383382e-02 -3.034906762994057927e-01 2.670294932433043764e-02 -2.434265347791781386e-01 -3.247742834527811429e-01 1.163199641077184016e-01 -3.946437262790851719e-01 -1.507540741132276478e-02 2.333279892227732855e-01 -8.064923661135585398e-02 4.709498140678298750e-01 5.318862861930118147e-02 3.732945713418125977e-01 -1.431650275209215561e-01 -1.259770000019463099e-01 -8.528803363417826466e-02 -1.060034899319589885e-01 4.844548084242714103e-02 2.841160608733430681e-01 1.505062023537467875e-01 2.894468918437645977e-01 1.185279638958906256e-01 3.454580071873992742e-01 1.344849568285992336e-01 2.166050772295888827e-01 3.423888593347696463e-01 2.166404530050545230e-01 -2.282518745356842405e-01 -1.760229655374193417e-02 1.365593006443911461e-01 3.496868403101166534e-02 2.139647258702611909e-01 9.849368225344710959e-02 5.951554926127290007e-02 1.472674811328874289e-01 4.418190426792931169e-02 -8.114435983215813331e-02 1.855005417842225390e-01 2.985086563211184485e-01 2.090361784094001141e-01 -5.413971073923128791e-02 -1.713764210306014668e-01 1.085306411266491466e-01 1.200415793521517199e-01 2.109596804016736493e-01 2.905808841287517152e-01 7.048390553388368673e-02 4.863891992671035176e-03 -1.192930918774052704e-02 1.419248582911718237e-01 4.616897552486671358e-02
-2.541937229723993941e-01 -2.100385360719493055e-01 -2.463698477839133261e-01 4.208138480495677430e-02 -4.095438885626339620e-01 3.190111264844638361e-01 -1.618163550469413001e-02 1.218429009076291009e-01 4.707753118777119328e-01 1.845652999029134267e-01 5.291241456965934953e-01 1.000000000000000000e+00 7.769646377290857775e-02 -7.898606589981096993e-02 -2.524521559496778478e-01 -1.571695225075705749e-01 -1.256654212476645931e-02 3.334279030082512585e-02 -1.510769950724763222e-01 -1.412048765566751574e-01 -2.857700546242751202e-02 2.021184114246551145e-01 -9.317973037051272001e-02 1.493025464541175296e-01 6.359078789286001232e-01 2.167954837901127085e-01 -8.778216507811861802e-02 1.775148697539283837e-01 1.751926966961817045e-01 6.613745875818109743e-02 9.284139321396249478e-02 -2.376028807338218252e-01 -1.100318940980367644e-01 1.034267073812625837e-01 1.515703001319464172e-01 1.223616264911377427e-01 1.278855913353156961e-03 -1.004173543230903048e-01 -1.711896330300298752e-01 -1.352260443964190539e-01 1.173835446071889582e-01 1.462796048339049804e-01 4.250287071353338608e-01 7.986063916089658488e-02 -1.314988850461391856e-02 -1.895022363637563767e-01 -5.665696537914015340e-02 -8.871892151140124694e-02 6.534502361109854884e-02 -1.703528175394376509e-01 -9.342117372471098191e-02 -3.171678748980379936e-01 -2.174791406929608428e-01 -3.448446774789649671e-01 2.272742099655654380e-01 2.091117362955188450e-03 1.730772131750274723e-01 3.185553156739306946e-01 2.534803744460023545e-01 6.928513100513479239e-01 5.436467747500116632e-01 6.305957922712961128e-02 -2.565674097901027850e-01 -1.662153479535174450e-01 -1.474169315892419063e-01 -9.701246402143928749e-02 2.903104186187367430e-01 -6.588491253533587666e-02 -1.191428383306036565e-01 9.701618606858158911e-02 -3.111001923999838145e-02 6.610129412791490577e-02 -3.703901286507959179e-03 3.042747386171212876e-01 2.912019427712915220e-01 4.530639613739961824e-01 -2.721812682596467248e-01 -9.138256464252618450e-02 1.008784110418986107e-01 4.308717059024361196e-02 -1.378441539924830650e-01 1.834598788039163708e-01 -6.941107426657656954e-02 -2.566641984972786034e-02 -1.205231632209190357e-01 -9.684406021411981480e-02 4.814969949329652582e-02 1.006491318647666638e-01 1.516499778627363737e-01 1.365674187727277944e-01 -1.366428167891648171e-01 3.631113547442668121e-01 7.007174734853778564e-02 4.436041267554129419e-01 3.959936674181950278e-01 3.612349203624127397e-02 -4.424531695006419380e-02 -4.396042012952669498e-02 4.304674473296585258e-01 -3.720207931790772693e-02
-2.853348765944463961e-01 -2.450720159896429065e-02 -5.357735716930049630e-02 3.683034985379318171e-01 3.993606621235334941e-02 4.691172538257630253e-01 2.056865501911753769e-01 1.971608921967586692e-01 1.922694130736427726e-02 -2.309053842549281532e-02 3.899237709012280950e-01 7.769646377290857775e-02 1.000000000000000000e+00 5.665195392391483287e-01 4.060581142015282641e-01 -8.431385782499763171e-02 5.005331528534378016e-01 5.581116165687046715e-01 5.347275685780975563e-01 3.979963421241718979e-01 4.645869302703120041e-01 6.289200289160331581e-01 4.669546878575916993e-01 3.411322821562951524e-01 -5.745734708369350935e-02 1.959080553011381121e-01 3.499854217855659644e-01 5.153235897184710312e-01 3.653315632681315428e-01 3.548485937851967864e-01 -1.377437044479167816e-01 -3.701989628847305314e-01 2.053751541209448139e-01 5.863736351013406622e-01 4.778919110707838813e-01 9.223195161983552270e-02 4.915317181086342191e-01 9.771396999938805616e-02 1.893671498216644711e-01 4.213181594629368532e-02 1.802931486013926443e-01 -6.279424865540209066e-02 2.919562307237427157e-01 -5.554182394018892382e-02 2.636073358357970964e-02 3.919868084195889946e-01 5.036447968603471326e-01 3.725421127507539953e-01 1.990984318081981119e-01 4.518426543142107787e-01 -2.095864188478725187e-01 1.910234675414970162e-01 -1.526572694578914036e-01 -2.297406310748235925e-01 1.640993469577045893e-01 2.422763831731630443e-02 2.287863459248265230e-01 3.861946555607436715e-01 2.322147215938663301e-01 1.150297669486181062e-01 -8.211584385805087427e-02 7.510808745420328725e-01 4.872940627905583133e-01 5.336053766403557885e-01 4.376493763782407509e-01 4.601111151912903319e-01 2.182655712809577209e-01 5.204128305802843135e-01 5.797605055393383333e-01 6.311387474611778181e-01 4.177950607735637090e-01 6.680032540314374545e-01 6.022432505616813758e-01 1.654681397392011866e-01 3.313762169016871706e-01 1.607876890674540538e-01 3.114164092535047779e-01 5.010416840186661114e-01 -6.874827590052355608e-02 1.816559308867037315e-01 4.185371704174918328e-01 2.134428005724200161e-01 1.018377266597755848e-01 4.488158590931055070e-01 3.115039314458301623e-01 4.805147009016038639e-01 4.095880112996972411e-01 4.646245556617106254e-01 4.094824573732298578e-01 1.068296285209367619e-01 -8.347535918123288878e-03 -9.559567091376292014e-02 2.084407635266732339e-01 1.202266317316115496e-01 9.454187630588768709e-02 -6.989712687596418006e-02 3.832882105414802121e-01 4.028250088053945133e-01 1.057139290008852622e-01 3.810001852021494551e-01
-8.893909291459964339e-02 -1.959580388824677388e-01 1.284237791981850119e-01 8.977032820213134978e-02 -2.508076976800583530e-02 3.500242297061417762e-01 3.554206976264227547e-01 3.739738775596947451e-01 3.583258762751658898e-03 1.575366589834024389e-01 2.704708252662930967e-02 -7.898606589981096993e-02 5.665195392391483287e-01 1.000000000000000000e+00 6.135592872316302238e-01 -8.286533902002164720e-02 2.633371368743778196e-01 5.600167158367078679e-01 4.243747543152948665e-01 4.376643023308675606e-01 4.771812157808275612e-01 4.926880953569978128e-01 6.843868545511986312e-01 2.808107884417733735e-01 -6.047988342553380775e-02 3.405295600128459554e-01 5.697988091463820348e-01 4.353561981249872148e-01 1.945413960364218708e-01 4.757468415690618291e-01 -1.042020727956696619e-01 -1.015645654346785665e-01 1.910010370124049783e-01 3.919339639902233996e-01 3.507531535382106269e-01 2.393484128776708075e-01 4.182802027104651765e-01 1.596938964110684589e-01 1.616737584795581162e-01 1.979306346548259099e-01 3.110927331970325116e-01 -3.904968000434936443e-02 1.207502654712194617e-01 -4.288914366913941972e-05 1.079452770226095176e-01 6.127018347581152380e-01 5.868093651899856100e-01 5.883889210463338904e-01 2.890984972298222822e-01 5.730847835746957220e-01 -9.488428254586826760e-02 1.178023711810846919e-01 -3.758127770837586812e-02 -2.080149157701602913e-01 2.562679135110583761e-01 2.639861500057962829e-01 4.152890345052607235e-01 5.090236217374446426e-01 3.444867940420373587e-01 -3.365607384997421070e-02 -8.327299328951096036e-02 5.361601386602700137e-01 6.367597345696639488e-01 7.265542661920438849e-01 5.298597019263240337e-01 6.432478871072548898e-01 2.731861797834389538e-01 2.239385264219259097e-01 5.006946055116153760e-01 5.029513371306792990e-01 2.854448742745938628e-01 5.054979122373904898e-01 7.231905875404660566e-01 9.826552061658466730e-02 2.483168702868423783e-01 1.311295400646238229e-01 4.977707946399097527e-01 5.494096516577890998e-01 -6.297782898030031273e-02 8.516908743612724986e-02 2.884500957397536647e-01 2.892787430733528842e-01 1.772778432081923705e-01 4.346229656598010194e-01 4.242479538317245336e-01 6.151959257931962632e-01 4.765381251794853501e-01 4.456205884881187518e-01 3.970331967510679627e-01 1.622094945668821619e-01 4.180532798154582702e-02 -3.469917238989898844e-02 1.423380636180168191e-01 1.376112703864189601e-01 8.249790234638395420e-03 5.343512110198584547e-03 5.187718952285956808e-01 5.720363051007096855e-01 1.768391175943472560e-01 4.026762524649667441e-01
-6.006140414746351242e-02 -1.262904409130716776e-01 4.158015327308817732e-01 -8.400122575846534489e-02 2.025950831500529792e-01 2.048880584880783950e-01 3.287677000489572787e-01 2.432508322077276131e-01 -1.057408998672459688e-01 1.403130787340835794e-01 -1.500315906460294446e-01 -2.524521559496778478e-01 4.060581142015282641e-01 6.135592872316302238e-01 1.000000000000000000e+00 6.082331824344575782e-02 3.551550221587406742e-01 4.770724264414367144e-01 4.360784285365070789e-01 5.702753760652689019e-01 6.407633437354910422e-01 4.117421119868000523e-01 6.767555756341436801e-01 3.421274947792603549e-01 -2.628337501593298042e-01 2.964830092712288367e-01 4.943789699127356663e-01 3.973815865124414315e-01 3.406704589882965095e-01 5.938315608396690370e-01 -9.761453186665915160e-02 2.883971321556398192e-03 1.279411291304164977e-01 3.361633222950010103e-01 2.517597792515430810e-01 1.249973209872188608e-02 3.462594995155967026e-01 3.853787400706095052e-03 9.464890549403716380e-02 2.419994115218209729e-01 6.205937567268667715e-02 4.590452833277366279e-02 -4.343728739229111430e-02 -6.021856142610467616e-02 1.147164472836869759e-01 5.261637422548078868e-01 3.978791272266652412e-01 5.140702420819251994e-01 1.816393535925274194e-01 3.853176417027852074e-01 -4.355594719267409654e-02 1.681518810220211935e-01 1.798185234378418818e-01 1.207457193383569827e-01 1.811057162161906209e-01 2.744816258715802038e-01 1.527434140184625866e-01 2.481164388231192064e-01 2.581700079989753260e-01 -2.468533164348470921e-01 -1.870033574867344672e-01 3.802712344779567433e-01 5.253249633556384968e-01 6.080927165432611359e-01 4.532471827750522153e-01 7.220942302590418471e-01 6.859234742135625340e-02 2.585584776747001934e-01 4.551206763825212942e-01 4.110149993934368307e-01 4.955279577620630982e-01 3.666733502506492326e-01 6.110295643899050777e-01 -5.561776289584676597e-02 2.207684362388778743e-01 4.536069549579857529e-02 6.870633274029983584e-01 6.827562873579255953e-01 -6.161925528674421643e-02 9.452342301771129995e-02 2.793551565588076047e-01 1.654542737246074077e-02 1.458881750922132459e-01 3.753560659543612177e-01 4.712665540595351032e-01 4.595609657537557124e-01 2.973955145331596550e-01 2.807373773762391611e-01 2.140203951327113163e-01 -8.369637159792987779e-02 -7.598185318338081251e-02 -2.776171428450082135e-01 -2.157668098356929978e-02 9.745234812707084110e-03 -1.427084397375896208e-01 -2.923617324099319487e-02 2.372356648873186202e-01 3.718234568636106796e-01 -3.395362990930649028e-02 2.193820190022651162e-01
