1.000000000000000000e+00 -1.466829798300492982e-01 7.308629814922841528e-03 7.686834006585659129e-02 2.328087878486475859e-01 2.162307709755407759e-01 2.184083982737855534e-01 -2.386215589136651549e-01 -3.344779279162226476e-02 2.333088140916913522e-01 1.485384423370811890e-01 1.958713017758834940e-01 -2.142597952468362418e-02 -1.519402852452615138e-01 -1.520758949850073427e-01 9.904979375210509751e-02 -7.291246029701828335e-02 -2.633718893408119044e-01 -2.901829091088756751e-01 -2.094197572954518138e-01 -6.390443731012324102e-02 1.835500558250735825e-01 -4.713583072585601080e-02 -1.921061084013001297e-01 2.544436140891790377e-01 1.642029010205431350e-01 1.346264799065022832e-01 -7.574538845431645628e-02 -2.679962756073585584e-01 7.963536321240664850e-02 5.896074755434264035e-03 3.043449311636259313e-01 3.271370625582308012e-02 -3.622924616482344762e-01 2.740925233554438248e-02 -1.489497964489720772e-01 -2.243626159612168713e-01 1.408594841343726034e-01 1.386179009455681677e-01 -1.468003719229548365e-01 -3.082902833292394673e-01 -1.556640686497830217e-01 -2.867624612443386845e-02 6.712602683024992967e-02 1.482044040705769727e-01 9.120858216075584946e-02 -8.210263678550430710e-02 4.529208148156670111e-02 6.006075775502317526e-02 -2.106318513591122765e-01 4.092320347541578140e-01 2.204538391465276082e-01 3.241751081662666567e-01 2.939994103442173934e-01 8.870930667946540227e-02 3.272784587896443442e-01 -1.304685992005314710e-01 -1.303350502988101789e-01 1.983296608270317674e-01 2.128661471172502151e-01 -7.049400942006611541e-03 -8.212709934863390848e-02 -2.474195485459569910e-01 -2.277467836954817915e-01 -4.707797381865957975e-02 -1.837719290360383118e-01 -2.285191445098861546e-02 -3.644725299039067723e-01 -3.289300825738581402e-01 -3.354111597012570112e-01 -5.881880516505739315e-02 -9.885908990135117147e-02 -2.523402133009194359e-01 -1.938733599283235243e-01 2.824745126389483288e-02 9.815538250314104207e-02 -3.473014757342139935e-01 -1.551273757377614193e-01 -1.309879053988150799e-01 2.905979973603216027e-01 -2.768553975806172240e-01 -3.135362160093115302e-01 -8.861433487240119589e-02 -6.758367492192574044e-02 -1.265815130404733535e-01 -2.031616493983595673e-01 -1.820739608994177139e-01 -1.171187608007890901e-01 -2.771707015581190703e-01 -3.199466903292353392e-01 9.119108426137732815e-02 1.466783149826959842e-01 7.044083429806405339e-03 1.247940086886026451e-01 -8.387352319388233571e-03 6.530928882572764604e-02 1.298637370213472642e-01 7.716611669010661756e-02 1.042266596056353328e-01 -1.106985034769096682e-01
-1.466829798300492982e-01 1.000000000000000000e+00 1.373736542816552941e-01 3.019947997475194157e-01 -3.512310154347297320e-01 -3.624736125896765304e-01 -2.570722405869496074e-01 -3.369544832151499109e-02 -5.480863634996598066e-02 -1.393330202364293224e-01 -6.385857104284067831e-02 -2.274261083413380014e-02 1.346845869290271558e-01 1.229334925208380863e-01 3.136993123118221316e-01 1.064139799293754018e-01 2.348606900877656806e-02 -1.553858386455433671e-01 -4.079941360495126929e-02 -1.458017323274987329e-02 2.326600516538930297e-01 1.545126072642215853e-01 2.482759193706051692e-01 1.627609879684168565e-02 -2.278670068359767154e-01 8.579462855790188219e-03 1.276233587688906448e-02 2.091680708443741932e-01 1.015809658504138874e-01 3.004475921802816640e-01 -2.121197065096696865e-01 -2.150252909429165027e-01 -9.061068899301581714e-02 -2.304997378847609968e-01 1.184871676333724561e-01 -7.867029283730732347e-02 8.040954501968992918e-02 -1.611862920426670176e-01 -1.772145781495968464e-01 -1.314976190282009516e-01 -9.163711163340657051e-02 2.826910057379743990e-01 -1.257122073348090618e-01 -1.972397880270434778e-01 -1.017264833538720215e-01 -1.008968494260347737e-01 2.028280790066795958e-01 8.482563971372264477e-02 -2.035869628777782769e-01 1.975247054069597386e-01 -1.247145571384571661e-01 2.694858787329514338e-01 1.051208651918921488e-01 -7.878408143006783437e-02 -2.730204151663673251e-01 -3.015865073511749817e-01 4.652375762028369138e-02 1.893568164343371885e-01 -2.808260495061219442e-01 -1.827328899906183191e-01 3.098458946489229121e-03 6.492121485781743306e-02 -2.342805935413904903e-02 1.082262446869520917e-01 -2.834838426684623512e-03 3.176979007761454032e-01 8.447394876853688006e-02 1.721207669058856526e-02 -1.790972682216766254e-01 -1.499385146873954133e-01 2.153011713452860354e-01 9.606126075706038214e-03 2.499389255921011521e-01 -9.299280767091107347e-02 -3.000388901113177839e-02 -5.011692081816322697e-02 6.201975845718250141e-02 3.083330787887577640e-01 -2.118066488871072073e-01 -1.167947578986003321e-01 -1.272038099911535214e-01 -9.097253834919111215e-02 -9.201774252858206660e-02 -2.820425491099375417e-02 1.024721698823209855e-02 9.014155871621802596e-02 1.699234460402782865e-01 -3.656878137816373803e-02 -1.204219811607142587e-01 -2.092010914649566899e-02 -8.444436607638264314e-02 -9.844646453110092454e-02 -1.025646814506609578e-01 -2.494787868604224912e-01 -5.995028129535426992e-02 -1.726572359467492546e-01 -4.618645276525754073e-02 2.017019648887987127e-01 -3.056462435801988176e-01 8.532790875980800216e-02
7.308629814922841528e-03 1.373736542816552941e-01 1.000000000000000000e+00 9.097734482812964985e-02 1.904364087384967374e-01 1.864090744394050481e-01 -2.070389045160243024e-01 2.240867376895152030e-01 1.611016565658451860e-01 1.662149811323513637e-01 -2.812529344908825703e-03 2.612556789847307881e-01 2.305104213695970961e-01 3.013936425726948531e-01 3.471425804391618519e-01 -3.309529468424736720e-01 -1.523489535144972040e-01 5.188956538309959232e-02 -8.934692002891861384e-03 4.788705140004808486e-02 9.999648146314565889e-02 9.773149518111638734e-03 2.394173424720828225e-01 2.007118458651823978e-01 3.446340351703796601e-01 3.028059747423267889e-01 -1.385933267747391506e-01 2.617029269045034190e-01 3.153120798505639616e-02 2.368716766986594946e-01 -2.891535342399801922e-01 -8.397521429962627459e-02 -5.203215694244019973e-01 -1.379244444100172218e-01 -3.173249978140413319e-02 2.666555142959206037e-01 1.527890973375836403e-01 7.386972731680133131e-02 9.919256272751894588e-02 6.667296675317122001e-02 -1.279678084121407544e-01 1.868326115331287451e-01 8.390772553065306560e-02 -1.015024751290668076e-01 -3.504061599220937850e-01 -1.432024208416012301e-01 -4.983921617355945022e-02 -2.462976270818998947e-01 1.657441991401180023e-02 -7.190767489092470335e-03 -2.684721989614042292e-01 2.992546979789779682e-01 -2.167195554972425886e-01 -5.775592371104159434e-02 2.855504290385070254e-01 2.872765881569587787e-01 3.407245807231694124e-01 3.039972176198155185e-01 1.943381356839549989e-01 4.266543658988406623e-02 3.595520238865767548e-01 2.149306750635565297e-02 1.265198762021023382e-01 1.523161429904776876e-01 -8.679698880883018886e-02 1.948045625291911498e-01 9.933665228912537393e-02 -7.884933613764942562e-02 -1.156691782168815380e-01 7.447937875112520256e-02 1.481449566453351130e-01 1.700822726186023703e-01 1.625214678359380160e-01 5.860817531041769522e-03 1.831149996544165215e-01 2.996368006891902969e-01 2.172505658582386812e-01 2.372530256713605012e-01 -2.115906222586195484e-01 -2.898134789474545170e-01 1.529039166832386332e-01 -1.378866176900842566e-01 -1.808322784635353966e-02 8.692526648134932254e-02 7.158309143423122189e-02 7.439986048925779916e-02 2.734021327795005656e-03 6.705549103094465835e-02 9.088501015969793762e-02 -1.741746073832092234e-01 -1.088834070453914976e-01 2.493398462987319042e-01 3.848514530340794160e-01 7.233849890952934181e-02 3.513595619018526905e-01 -1.106191846144757712e-01 -9.169376580802347798e-02 -2.006963687607445437e-02 1.769103167081948202e-01 -1.806526750700251649e-01
7.686834006585659129e-02 3.019947997475194157e-01 9.097734482812964985e-02 1.000000000000000000e+00 -3.527504607752051657e-01 -3.199035327113348703e-01 -2.174523589332714394e-03 -1.469973740613175484e-01 -1.570922663950157783e-01 4.244753745017808971e-02 -2.867284205238125883e-01 -1.812611433096961433e-01 -6.600561352436917772e-02 -1.249697780411025000e-01 5.509145336199153947e-02 2.670144721626604434e-01 -1.683222475681815378e-01 -2.362573558748915781e-01 -2.748491020809130103e-01 -2.074125880927231713e-01 7.464376457741261905e-02 2.061180741756696994e-03 1.239061077253872101e-01 -3.312890457995437687e-01 -1.463093032890724343e-01 -2.154423754623866483e-01 2.262554393482449078e-01 -1.695557714342719180e-01 -2.506402453089869864e-01 8.843329727657217587e-02 -5.589449949342533558e-02 1.747708506036153298e-01 1.201504800554578992e-02 -2.471472590049828277e-01 -2.604904367522259748e-02 -2.310342519988579368e-01 -2.460234693137323680e-01 -6.658812212161020760e-02 -1.574488483543801942e-01 -2.558627321810157396e-01 -2.358486110225131716e-01 8.408790664285099858e-02 -1.845787387411136626e-01 -1.738362398982149781e-01 -6.913306948724778911e-02 1.186702310118150361e-01 1.863169390756247157e-01 2.278719904857451906e-01 -1.790730884103713949e-01 7.337522526302472925e-02 -1.538193266894292144e-01 8.179346400820340646e-02 -7.124399362170935612e-02 2.827772518460159312e-01 -2.098630800373796623e-01 -1.145695046195635974e-01 -1.056343925643943166e-01 -9.068872642066570788e-02 -2.341802949646363818e-01 -3.587835781035795257e-01 -3.087019477732958483e-01 -1.636601836357069462e-01 -2.830473076627733064e-01 -1.739905878285905316e-01 4.326376710065258507e-02 1.198533395148697472e-01 -1.023926981127747798e-01 -2.645085736563615453e-01 -2.859668659343100883e-01 -2.879677882173937720e-01 7.257391968668219784e-02 -2.356907946642250173e-01 -2.587756371637062874e-02 -3.524754984965288718e-01 -2.977557002351505222e-01 -2.700446075555243963e-01 -1.472166086303617616e-01 -2.831762063396807763e-02 -1.690238746171174589e-01 4.196699177264471420e-02 -2.741869503437334710e-01 -1.440078248631461721e-01 -2.152518907319415642e-01 -1.493933181444448699e-01 4.277119651852369364e-02 3.020447293911842496e-02 1.686120172343636260e-03 -1.994548493541623280e-01 -3.270962448988974924e-01 -1.968385561226368707e-01 -2.627748347361646020e-03 6.132483344802604902e-02 -6.085415762978295395e-02 -2.510681720517514703e-01 -1.299856621737760509e-01 -1.538995438603719124e-01 1.314057250738632499e-01 2.199251626308147689e-01 -8.271310893431144118e-02 -6.054988296073863380e-02
2.328087878486475859e-01 -3.512310154347297320e-01 1.904364087384967374e-01 -3.527504607752051657e-01 1.000000000000000000e+00 3.434581877409479400e-01 -6.462680932218216323e-02 -9.283832900805208399e-02 5.862608861439516129e-03 2.438612721773386338e-01 5.425569529584941403e-02 1.654815218155322731e-01 -1.359899295396557461e-01 -1.654346792619487139e-01 -2.499290370526746907e-01 -1.012242304511628138e-01 -2.147537901176298780e-01 -1.713416285128240013e-01 -1.483620859122703750e-01 7.010071069335305216e-02 -2.382948055449375657e-01 -8.805686694396551439e-02 -2.136812485403997985e-01 2.563361283903270796e-02 5.259935455932408521e-01 2.099160828979411419e-01 -2.886610156451032139e-01 4.730394811985676878e-02 -1.609790327003373933e-01 -2.682141421713043691e-02 -8.791981269245158215e-02 1.262416553141258169e-01 -4.560798909787097677e-02 -1.416633722133511797e-01 -1.888932210325064143e-01 7.460603812116334277e-02 2.990952895064560163e-02 2.653111599489628158e-01 3.460086863448561534e-01 1.682042809093088620e-01 -5.152209653994045679e-02 -1.237423973434065988e-01 2.881007961411256035e-01 1.724656961350432005e-01 6.173263986949403814e-02 -1.990716486430012810e-01 -2.621758550029884560e-01 -3.054251769241184689e-01 1.433300386329179055e-01 -2.651827124555760640e-01 2.982716312456568097e-01 5.872912533700816451e-02 1.636492904004580376e-02 2.334083509790901290e-01 3.510257187759675546e-01 3.493500424682155492e-01 6.644678299536507793e-02 -1.521874752778713813e-02 5.155603714917423863e-01 3.554410583786805078e-01 3.158503245170767304e-01 -9.391994212535319242e-02 -1.372033664065950287e-01 -1.354623934197230761e-01 -2.512872126843748721e-01 -3.499085916997390355e-01 1.840808056581853466e-02 -2.648160430678609401e-01 -1.838871741748769606e-01 -1.123217828605857227e-01 -3.112646956232771878e-01 -9.415043978282337800e-02 -2.481907808227847012e-01 1.070878952793242606e-01 1.208880890144359288e-01 2.894268076033626458e-01 -2.076811474750416553e-01 -1.899216175718044519e-01 9.763473448429713444e-03 -1.180306563070009501e-01 -3.328346478883700138e-02 -1.885293758139847398e-01 8.267588825495560123e-02 -1.311530251708909744e-01 -2.782432843395670208e-01 -1.811215850943865835e-01 -2.055916646369423950e-01 -5.991436218638615530e-02 -2.503356910324795390e-02 -7.459711830105668351e-02 2.028890082899068859e-01 2.626223182245454035e-01 3.665943665122826656e-01 5.223783217451042349e-01 2.432298736095084846e-01 1.018493368486210471e-01 -1.396835828691799508e-01 -2.260097487227645252e-01 2.923581728572828276e-01 -1.276641380729990061e-01
2.162307709755407759e-01 -3.624736125896765304e-01 1.864090744394050481e-01 -3.199035327113348703e-01 3.434581877409479400e-01 1.000000000000000000e+00 3.039064822234343044e-01 1.335430691786521351e-01 3.600037440327611415e-01 1.980366080143725338e-01 3.784429830811389950e-01 3.624603641602160975e-01 1.216899051518901126e-01 4.123679395220117283e-02 -9.333492846126446862e-02 -2.177589484259375707e-01 4.581388925748879071e-02 1.115425243206085715e-01 8.689070782921967662e-02 1.135984114969784513e-02 -2.190216465906278942e-01 5.863025500787132083e-02 -1.627812670560090658e-01 2.272986977925537944e-01 3.230066519837689332e-01 2.820240972179968164e-01 -8.718071603255142521e-02 1.032752729663510005e-01 -1.143260768655813371e-03 -5.980821937722152065e-02 5.925757523048897496e-02 5.742457281895578351e-03 -1.021567842879649163e-01 5.759072877563468223e-02 -6.791540484065889359e-03 2.584967773796795765e-01 7.004229000366769819e-02 1.765849612914947020e-01 3.168389314050307215e-01 2.825044516722873267e-01 9.638703883233275260e-02 -4.562532920008752213e-02 2.175339788833255406e-01 1.898905200286145067e-01 8.905826830197512145e-02 2.378904999956923949e-03 -1.724137545940919447e-01 -1.983335265228215738e-01 3.246800381428488480e-01 -1.539709787085878634e-01 1.395324647284530428e-01 1.613177526323031907e-01 1.927146323237667880e-01 1.190491119953106768e-02 4.606179770193613576e-01 6.111786349345594838e-01 1.279839862702666087e-01 1.053311519173437544e-01 4.169344730964414381e-01 4.652806206575199055e-01 2.692886831585971641e-01 8.758884226262332595e-02 5.379222855980787810e-02 -5.885391875479321216e-02 -1.872184562111066028e-02 -1.756499292228724529e-01 9.822478968089007334e-02 -6.261754343807149348e-02 8.723013700546518312e-02 4.971887605624782797e-02 -1.347325305550814423e-01 1.063707561560677112e-01 -2.055401006018474364e-01 2.009532381532364576e-01 2.294236920896656207e-01 2.963348289540860825e-01 1.987373674225397045e-03 -1.081909679913973243e-01 9.924161825289140593e-02 6.790945190820482300e-03 7.374465813981580242e-02 -1.459857168765221584e-02 1.238058795230093934e-01 1.079887628850856318e-01 -1.265334312783363002e-01 -1.523655217369621895e-01 -1.239620631008635371e-01 1.296985772270835835e-01 1.271059266771877583e-01 3.502163885064709433e-03 3.277819217187853684e-02 2.852317550725212703e-02 2.717358109169650815e-01 3.146325809804254026e-01 2.587552461493540790e-01 2.065245230700193668e-01 -2.813191457144441354e-02 -2.007608650149031726e-01 3.534008965466997609e-01 -1.918599662936261788e-02
2.184083982737855534e-01 -2.570722405869496074e-01 -2.070389045160243024e-01 -2.174523589332714394e-03 -6.462680932218216323e-02 3.039064822234343044e-01 1.000000000000000000e+00 -5.301979703688298236e-04 1.441354429274024906e-01 -1.701335665093314520e-01 1.842012597609243296e-01 8.360229767766377829e-02 2.505124538212798874e-02 -7.514237466792179909e-02 -1.605759248071544631e-01 9.410695910785733809e-02 6.945443192800153376e-02 1.972242831564422483e-01 1.533514678966312883e-01 3.763290962652034166e-02 -2.325903066776050243e-01 -1.126169138956140819e-02 -1.186251514095158360e-01 -3.556780011312475620e-02 -2.101203154013265295e-01 -1.569241590599552705e-01 2.848734879245465312e-01 -1.463492657992500889e-01 6.047201974947993830e-02 -2.838650612566543940e-01 2.619620604408649522e-01 -1.075350397410871628e-01 9.653580074673691336e-02 1.461237753777105686e-01 3.498437082808573961e-02 1.021651575045231103e-01 -6.343833235027460105e-02 -5.640430899664432285e-02 3.226527190506067733e-02 1.814903177819163493e-01 2.672416405460853461e-01 -2.258338485768460469e-01 -1.352668505915294861e-01 2.362707079465481974e-01 1.611976950128403419e-01 3.785987281281937289e-01 1.318414717184522300e-01 2.958596210095711943e-01 3.078614147335405615e-01 1.495013163978786419e-01 1.411165563294815850e-01 5.443476122471592460e-02 2.854083083142397448e-01 9.720801354291802587e-02 4.655995390287607366e-02 2.036464193738553030e-01 -1.453330604048090891e-01 -1.017162306885558004e-01 -1.412060671311868854e-01 1.064678604861983291e-01 -1.657960937392204126e-01 1.066482603520347294e-01 -1.623231210474691544e-01 -1.469348868199740477e-01 2.161201851892273484e-01 -1.272093238883977850e-01 2.159758592486575590e-01 -8.411153724855435776e-02 9.578632999263403391e-02 -4.695669111727258926e-03 1.054653611952072328e-01 -1.031083050535906709e-01 -3.369059691173426629e-01 4.596366189453729434e-02 -1.355267746470530665e-01 -2.421381802054671517e-01 -7.996733728261677665e-02 -3.077837779363360449e-01 2.446151212767461169e-01 1.314984112867429444e-01 -1.881017211843497294e-01 2.067528921259840502e-01 -1.306506111259922963e-02 4.981710586434953854e-03 -6.987306748070723494e-02 -1.906623121158540490e-01 1.105371794667741984e-02 -3.967171438558268065e-02 7.903598263337670293e-02 6.605919418468450544e-02 -4.323361732018125153e-02 -3.526475874058920823e-01 -1.268046924781611740e-01 -1.288750330162722613e-01 -2.128460970340097236e-01 3.092911417775878191e-01 3.060834735996751377e-01 6.784489873028512474e-02 1.199660086680773424e-01 2.717645954652451734e-01
-2.386215589136651549e-01 -3.369544832151499109e-02 2.240867376895152030e-01 -1.469973740613175484e-01 -9.283832900805208399e-02 1.335430691786521351e-01 -5.301979703688298236e-04 1.000000000000000000e+00 4.334560290107533631e-01 -1.135069412987421283e-01 1.505641572357722113e-01 1.334124727394037646e-01 1.204655999091994445e-01 3.262229720652281006e-01 3.072556067465123109e-01 -4.164943435466030852e-01 2.508053199132846967e-01 4.518140133394287217e-01 2.495579586118180093e-01 8.364111900999331162e-02 1.704028372941558678e-01 -1.573299964841969878e-01 6.721492714624027753e-02 4.548339805808596648e-01 -4.605549900734445812e-02 1.249921651717622179e-01 -3.137135891343050265e-01 1.002913385035402311e-01 2.521847329381111669e-01 -6.493689668260647918e-02 -1.200705264953816527e-03 -1.972107704662640348e-01 -2.778471800787946644e-01 3.645776279030716327e-01 -1.231929623065036034e-01 3.424949250348746643e-01 1.672527622749018228e-01 -1.901724269125880940e-01 -2.141376320256052068e-01 1.296503534566637583e-01 2.102111467671347600e-01 5.026403549541360455e-02 -7.671990674811599020e-02 -1.035874596175567902e-01 -1.565347857772654561e-01 -2.441143070710140028e-01 -1.928235632339654892e-01 -3.179160766989388431e-01 -1.095727177646819680e-03 -1.801130237892230312e-02 -3.648254336304028178e-01 -4.325293350249297120e-02 -2.333694745805486859e-01 -4.150297611633061434e-01 1.315333268837901859e-01 1.123372812377112021e-02 5.941811733628212799e-01 5.964077218796038915e-01 -1.225078507945406847e-02 1.665353658053783104e-01 1.907689866946666313e-01 1.385241189865386857e-01 4.021124815105917572e-01 2.572688952988304023e-01 1.479891539807945411e-01 1.959024730461581820e-01 1.569404769754310369e-01 4.186316760683309601e-01 3.426526796717492829e-01 5.186504179510034174e-01 1.742113841570320509e-01 2.706674568842900030e-01 2.726020204158337568e-01 3.291488256214994412e-01 3.026544762473658001e-01 2.110352366771962307e-01 4.022146142948775371e-01 2.368521641668054067e-01 9.183198714762939863e-02 -1.944393521033725980e-01 4.105074616216016214e-01 2.120530946933337768e-01 -4.609741019227018427e-02 1.368038772839483830e-01 8.381523681204765264e-02 6.366941422776511983e-02 1.228527393672993254e-02 1.034287012640790204e-01 3.604398937011892845e-01 2.584929399980505083e-01 -2.184773905937960614e-01 -1.093551075492605329e-01 6.586530322159642181e-02 -5.557324020489338989e-02 1.375293109396228952e-01 -4.112687297162736372e-02 -2.330401975629665945e-01 -2.563086341112811306e-01 4.922405314541872939e-03 -3.021068851081239529e-02
-3.344779279162226476e-02 -5.480863634996598066e-02 1.611016565658451860e-01 -1.570922663950157783e-01 5.862608861439516129e-03 3.600037440327611415e-01 1.441354429274024906e-01 4.334560290107533631e-01 1.000000000000000000e+00 -6.244159444589109098e-02 3.070355633763985348e-01 2.944518118610562341e-01 8.396154253940908696e-02 1.118421629291927455e-01 1.392271883474031913e-01 -4.276743163613913046e-01 2.172538184228287594e-01 2.150297003519952010e-01 1.560261708049344165e-01 4.242647303488217281e-02 6.465276529274144313e-02 6.191167013168966810e-02 -4.170656208491236444e-02 3.506821027417697523e-01 1.214459312678900504e-02 2.247735124883821489e-01 -1.734781496619105245e-01 6.445716300775507224e-02 2.106517352966831846e-01 -3.367277815732881967e-03 6.851024947639036689e-02 -9.631123234745439521e-02 -3.280544737956415657e-01 1.504064241441106231e-01 -9.206567314523325662e-02 2.706817678196563048e-01 6.518842383711542787e-02 -6.457627809742820524e-02 -3.152852615422863970e-03 1.319743397102330629e-01 1.871879256780350220e-01 2.020010538799961800e-02 -5.773077565393248956e-02 -6.566938393161541980e-03 -2.068586742170903242e-02 -8.615819450795680901e-02 -1.708439240129763503e-01 -2.412922000232072817e-01 1.210034271619725849e-01 -7.575520277458401390e-03 -1.717533519265618536e-01 5.980932173402246643e-02 2.390288264906665489e-02 -2.148113419445117356e-01 2.063588714758053111e-01 2.500642697013494842e-01 4.324220841526189574e-01 4.735921966251319115e-01 4.460595584746233910e-02 3.181973149108234811e-01 1.369063832387397983e-01 1.131971030010366641e-01 1.074870901600897266e-01 4.309043451160591426e-02 8.663053796120510908e-02 -1.880332056136140018e-02 2.184110113560537025e-01 1.261447674656580864e-01 1.602631047323775926e-01 1.893640245531951483e-01 1.078101150676050307e-01 1.444896509024356235e-01 -1.038523854419145728e-02 3.017329235528272702e-01 2.167468133251861939e-01 2.169786422482496979e-01 1.532608765921243676e-01 1.270926478823357630e-01 3.144375267681988328e-02 -9.316162364335071888e-02 1.784417126505851436e-01 2.090590715278793921e-01 -8.313077512369437816e-02 1.141516450440379776e-01 -1.061153287237332626e-02 3.358852315544746947e-02 -7.372564411590956657e-02 7.603983126254396097e-02 1.682274037455399884e-01 1.665248921657420111e-01 -1.536584605765339839e-01 -1.225078904887275388e-01 1.411168179000793221e-01 7.776421564693024053e-04 9.733352691360273867e-02 4.376555072032818627e-02 -1.095817522035983510e-01 -1.585174948052312238e-01 1.855554355044292504e-03 3.688935923594786198e-02
2.333088140916913522e-01 -1.393330202364293224e-01 1.662149811323513637e-01 4.244753745017808971e-02 2.438612721773386338e-01 1.980366080143725338e-01 -1.701335665093314520e-01 -1.135069412987421283e-01 -6.244159444589109098e-02 1.000000000000000000e+00 1.056905616078718246e-01 1.929775506832177023e-01 -6.755920193785913859e-03 -1.243722140737679588e-01 -1.261162632652829407e-01 7.841983010517135366e-02 -6.211225957839811712e-02 -3.668432893272319251e-01 -3.826003799983832554e-01 -3.885688464052670099e-01 -4.333710117260960309e-02 2.146796253223650086e-01 -6.939792695621543883e-02 -3.807588002749311140e-02 5.745825925476713003e-01 3.225478297675659078e-01 6.827557482981813641e-02 8.487405624695815165e-02 -3.471770184422299788e-01 1.787056467437982965e-01 -1.066879314988736227e-01 3.806715775176231498e-01 -2.634836425214754350e-04 -3.125046803169893028e-01 1.068776918949568971e-01 -2.801701331523483440e-01 -1.493675583054352995e-01 3.141143679805847855e-01 3.008678319536611245e-01 -1.022803661730063846e-01 -3.905189880985643347e-01 6.763907355025093604e-02 3.417090451810516627e-01 -2.130056604311177798e-02 1.345829696594576519e-01 -8.140448027483605797e-02 -6.849586845404621871e-02 -1.479729347174216503e-01 -1.662690775032762691e-01 -3.919282569654102821e-01 8.313577340894062750e-02 1.440863724706242799e-01 -3.842453493973884554e-02 2.742512718098937818e-01 2.064522046482391016e-01 3.286976259430255398e-01 2.206182958285450232e-02 -9.200159966559168234e-02 5.369413704037456769e-01 2.052718989673134597e-01 2.210825089351086126e-01 -1.464586411602575300e-01 -1.579057036098778788e-01 -2.531580886619003712e-01 -2.920627138210625806e-01 -1.438926177333725021e-01 -2.563453740875535902e-01 -2.289229949287384380e-01 -2.419665548491316542e-01 -2.494694057393719855e-01 -3.171402137560145329e-01 3.725450378645956545e-02 -1.975464362739469751e-02 -6.961093952988668676e-02 1.119942063315449016e-01 3.951124857094350240e-01 -1.776324262007442090e-01 1.293686160443680358e-02 -2.923480383169677621e-01 7.492329099599849551e-02 8.999093933276733348e-02 -2.764936173261010599e-01 1.912754219293349434e-01 1.695026485331186661e-01 1.183026836556310690e-01 3.453557868810706172e-02 -1.802437187900215176e-01 1.075810253934077476e-01 -3.482229345305706825e-01 -1.978687002502619308e-01 7.192645564149648119e-02 4.424990037824073075e-01 3.497411355075190076e-01 3.117170992741120084e-01 3.451918017638594960e-01 -6.044497519727792811e-02 -1.449667070648475754e-02 -7.813049240482613719e-03 1.119940957074124915e-01 -3.330930046606637718e-01
1.485384423370811890e-01 -6.385857104284067831e-02 -2.812529344908825703e-03 -2.867284205238125883e-01 5.425569529584941403e-02 3.784429830811389950e-01 1.842012597609243296e-01 1.505641572357722113e-01 3.070355633763985348e-01 1.056905616078718246e-01 1.000000000000000000e+00 4.512173750780386627e-01 3.001111416758276418e-01 2.075152926005997822e-01 1.174753505396461950e-01 -3.137711487981256764e-01 2.361744553220903597e-01 8.408428266105420767e-02 2.082377560096900226e-01 -9.413247478687798708e-02 3.763010239242396953e-03 2.941861278170312399e-01 9.331689949552181285e-02 3.375309662062492277e-01 1.507252291597573068e-01 4.601961223731223516e-01 1.177337279001959280e-01 2.395436231245574588e-01 1.781865641662560007e-01 2.209603121047363505e-01 -7.662114572276129514e-03 -1.287027271846307164e-01 -2.034353851068530783e-01 4.347033940231114640e-02 2.480127626189678469e-01 4.793813958309233597e-02 7.373549590574939028e-02 -3.048265358157898133e-02 1.716032753096046748e-01 1.106749983364461315e-01 -3.820632941565450802e-02 8.758309396065228070e-02 2.291390223327740283e-01 5.985605960232309730e-02 1.830233286816966287e-01 3.984171384800066357e-02 -6.159019431104680725e-02 -4.868944943950408860e-02 1.682929461416072248e-01 -1.329353871608437154e-01 5.429073999949694806e-02 1.070467777998796860e-01 2.558018894588048875e-01 -1.063096758394466990e-01 5.249578470544381120e-02 2.444030335600734793e-01 6.302833158018154858e-02 1.121744582875611879e-01 2.576334675731415391e-01 5.221241612018867606e-01 2.640608535207489838e-01 3.436183459711353860e-01 1.656407952163637953e-01 -3.188731644118777964e-02 1.606874650972867913e-01 6.166252179322256194e-02 1.886261940588072894e-02 9.879334214408580506e-02 1.522065853166626737e-01 2.144344520627983544e-02 9.782584268021372875e-02 3.303975619514172291e-01 4.669681469417879399e-02 2.244862569810162634e-01 2.298556772768846623e-01 4.044641431054282199e-01 6.216563068647833895e-02 2.303905321892017188e-01 -1.976937626996189482e-02 9.150131235868382007e-02 7.619738907159265273e-02 -4.083477543760949402e-02 1.859057108566451733e-01 3.295543461381307271e-01 1.407186576827809121e-01 6.106571224611459514e-03 -9.237521806505248623e-02 3.365851023865135683e-01 6.711955444186401554e-02 -3.499438627407874119e-02 -2.855352820714269768e-01 -2.280098858451853894e-01 -9.824249968123302187e-03 9.791765899738077983e-02 2.510379653590724125e-01 1.039852544391182271e-01 6.914125113269924128e-02 -2.923559830067905263e-02 -3.579669434894738010e-03 7.832343560969327878e-02
1.958713017758834940e-01 -2.274261083413380014e-02 2.612556789847307881e-01 -1.812611433096961433e-01 1.654815218155322731e-01 3.624603641602160975e-01 8.360229767766377829e-02 1.334124727394037646e-01 2.944518118610562341e-01 1.929775506832177023e-01 4.512173750780386627e-01 1.000000000000000000e+00 3.675788111016039528e-01 1.937838770177350844e-01 1.154905658307330552e-01 -3.464361832300223432e-01 9.192724913700130174e-02 3.274039853635116876e-02 1.044733938868310369e-01 -4.258685620087730023e-02 -9.949701258736967646e-02 3.201063450754013662e-01 9.379042187104730255e-02 4.221230313458609884e-01 2.437575441302739787e-01 5.715377099260970928e-01 -3.121628635249758948e-02 3.564368225004997948e-01 1.411987677650357598e-01 2.511988712428114834e-01 -1.100986167662806325e-01 -1.312498352798534551e-01 -4.319536966925129340e-01 -9.398243137195221031e-02 1.572661497368594841e-01 1.345408808751819840e-01 4.793913628306239322e-02 9.085355909311960965e-02 2.228988724378247188e-01 2.833738100263624160e-01 -8.662593003590826624e-02 1.774728214575337082e-01 7.105305714579251974e-02 1.192125053431052940e-02 -9.169025093839248963e-02 -5.381786869960831360e-02 -1.205287280758239737e-01 -2.360171401449869533e-01 1.121037219331183221e-01 -1.732782648108800450e-01 -9.340801837557477505e-02 2.395694229854423707e-01 8.914602691356247888e-02 -1.296396585483324260e-01 1.871467773614528818e-01 3.307561998390979863e-01 2.132631217960715697e-01 2.194570297602715936e-01 2.757608259735139233e-01 4.622766121091819169e-01 4.806982883949073582e-01 2.188472947312013472e-01 6.155001348975987913e-02 -4.212886220733345899e-02 -8.072193695195556407e-02 -5.794338799912958360e-03 1.539681405300690753e-01 -4.854978144225692571e-02 3.854556601555231277e-02 -2.472779634783167299e-02 1.086795128344704708e-01 3.724736427437433384e-01 1.352080394062838420e-01 2.367736398939296605e-01 2.600430201242584505e-01 5.280217298190688080e-01 6.643269408524554720e-02 2.720688784157651585e-01 -9.506965212061344039e-02 3.044452180982306147e-02 8.344385912305501973e-02 1.774376559117722338e-02 1.155724073470977553e-01 3.059102605310307088e-01 1.186387220065505399e-01 2.815491995826209168e-02 -2.738545258295099760e-02 2.320246770998599661e-01 1.008536930555649636e-01 -2.328474515710847806e-02 -1.283668620734138843e-01 -1.965571575608103874e-03 3.020153373177592582e-01 8.479059217375270463e-02 3.496289662826269073e-01 1.139845092421192807e-01 -3.908448469261390640e-02 -3.170543760117407878e-02 1.382757242479216997e-01 -2.030784311087820149e-02
-2.142597952468362418e-02 1.346845869290271558e-01 2.305104213695970961e-01 -6.600561352436917772e-02 -1.359899295396557461e-01 1.216899051518901126e-01 2.505124538212798874e-02 1.204655999091994445e-01 8.396154253940908696e-02 -6.755920193785913859e-03 3.001111416758276418e-01 3.675788111016039528e-01 1.000000000000000000e+00 5.214196730427520521e-01 4.335497678699412605e-01 -2.188995542860909249e-01 1.150025969673775794e-01 1.717845474474028467e-01 3.371162901506037368e-01 1.074436699691496411e-01 5.474487541591208095e-02 2.292742380152759385e-01 3.283246398109174735e-01 3.366068576322241435e-01 4.027341045398477593e-02 3.513637232828252799e-01 1.301267363054095239e-01 4.189374739930957214e-01 3.164006132392843118e-01 3.824020087395358369e-01 -5.510920756741595483e-02 -1.804472432899299761e-01 -3.111096578010445479e-01 1.976073792636761153e-02 1.715533857634214954e-01 2.368541566433399470e-01 1.782412062848263423e-01 9.433866343879161731e-02 5.926512428423272999e-02 1.421984428407293277e-01 4.193282932141691871e-02 3.214800746001725829e-01 5.211297238790319614e-02 7.333704991434242260e-02 -1.738386027678873180e-01 1.272923593721640156e-01 1.254621524573317493e-01 7.146571399966632210e-02 1.339251620197856874e-01 1.638918851148404299e-01 -1.516555526175866475e-01 8.819643898156170891e-02 -8.873059420033817257e-02 -2.898355939757543687e-01 1.022062386471080282e-02 6.739871620876755620e-02 3.906903518831385952e-02 7.188563702128868138e-02 2.087523593974973876e-02 6.941724630597861934e-02 4.286285601335677042e-01 6.358051361221357389e-01 3.434898312831040079e-01 2.359731405756650691e-01 9.932470497314399571e-02 4.224956838270442216e-01 8.928629474380164743e-02 1.813946071113115843e-01 8.128480684963636238e-02 7.703869233512601611e-02 2.246348558010210217e-01 4.030206184112276047e-01 2.183469439381613975e-01 7.196418883962313329e-02 1.297453351297900848e-01 3.106205531077408377e-01 3.522422584132847700e-01 4.062719082092093315e-01 2.391923882687062991e-02 6.437469755295131824e-02 8.362806041894388365e-02 9.487832395588235643e-03 1.238953611017362816e-01 2.495977677713283049e-01 2.025659162656832379e-01 2.226039944654123817e-02 2.203414712420895261e-01 3.067057716041013959e-01 2.515846678067697462e-01 -1.878384649934807665e-02 -1.978199027931724918e-01 -5.393567011816015333e-02 3.918751024664508115e-02 -1.441790578781895205e-01 2.973164742633804258e-01 1.229911227816097297e-01 1.119983366475033187e-01 8.416186378016729530e-02 6.924214354455271447e-02 1.518551322170820783e-01
-1.519402852452615138e-01 1.229334925208380863e-01 3.013936425726948531e-01 -1.249697780411025000e-01 -1.654346792619487139e-01 4.123679395220117283e-02 -7.514237466792179909e-02 3.262229720652281006e-01 1.118421629291927455e-01 -1.243722140737679588e-01 2.075152926005997822e-01 1.937838770177350844e-01 5.214196730427520521e-01 1.000000000000000000e+00 6.521694822143249137e-01 -3.342534429359055870e-01 1.661336394513344139e-01 4.388281747532221666e-01 4.882650669215171657e-01 1.790733285550076825e-01 3.844406775844447788e-01 5.665319902847303773e-02 5.023617883108850712e-01 4.420743661116146028e-01 -2.998149447164340578e-02 2.333890410583120134e-01 -4.721017318731970946e-02 3.170668931509732502e-01 3.866838336673213972e-01 3.269511160737469946e-01 -9.745826170443604164e-02 -2.078069416818553450e-01 -3.511219296164019288e-01 2.364849771327844352e-01 6.898972831207092482e-02 2.956621719957205352e-01 2.819707158511790546e-01 -1.021015170627840446e-01 -3.248342476527543016e-02 1.493869623067155261e-01 1.169641835846400857e-01 1.846564426610576015e-01 1.845358459286497790e-02 -5.880075721131277494e-02 -2.991835159245918030e-01 4.991489474169669843e-02 1.369861813554445751e-01 1.455836201262284205e-02 5.402865191699878639e-02 1.543259450640591945e-01 -2.874028945856177408e-01 6.091225346726339071e-03 -2.289463505227093965e-01 -3.945332955418274778e-01 2.332604789175497101e-02 -2.332856495158004001e-02 2.319067984673580662e-01 2.675758243089685351e-01 -1.325607527408875080e-02 6.512664598936762639e-03 3.441675267813137928e-01 4.501497467050720735e-01 5.995416652311538197e-01 5.635972417817819435e-01 3.686638941003493875e-01 6.389680738978659180e-01 1.113900175180755070e-01 4.108678770829743421e-01 3.295631338011488221e-01 3.891668917413765860e-01 4.770274542796780204e-01 4.053633810585969832e-01 4.456263241212585213e-01 9.727229036738781198e-02 3.066815497957681713e-01 2.372178991875267262e-01 5.672536196561362987e-01 4.623214127608050728e-01 -1.442960544218425956e-02 -4.222767546994455473e-02 3.288020393089491900e-01 1.069200340209994909e-01 4.180817451748845143e-02 2.105938535696307568e-01 1.729313336689046743e-01 2.068981683035550911e-01 2.213891439584502185e-01 2.470125033956626914e-01 3.618643758841521563e-01 2.883705144542286422e-02 -2.512287294343351629e-01 -9.123287470206509903e-03 1.356850701731763045e-02 -1.363136207880960293e-01 2.442064559193043993e-01 -3.047664235342618065e-03 2.561105160377967829e-02 7.269995104000048780e-02 1.836781501722508508e-02 3.409885853800516398e-02
-1.520758949850073427e-01 3.136993123118221316e-01 3.471425804391618519e-01 5.509145336199153947e-02 -2.499290370526746907e-01 -9.333492846126446862e-02 -1.605759248071544631e-01 3.072556067465123109e-01 1.392271883474031913e-01 -1.261162632652829407e-01 1.174753505396461950e-01 1.154905658307330552e-01 4.335497678699412605e-01 6.521694822143249137e-01 1.000000000000000000e+00 -3.318240756218416299e-01 1.296699643587544970e-01 3.264482129834548330e-01 3.678370529254674781e-01 1.908036974820696285e-01 4.488917344387289288e-01 5.925327264607979649e-02 5.371723222587309055e-01 3.740553015937733705e-01 -6.126331834908688156e-02 1.844180516780374868e-01 -9.502088711341671878e-03 3.751094786127488478e-01 3.875859884516360543e-01 3.855781904911022573e-01 -1.778030254797244025e-01 -2.336031645233089260e-01 -3.986125101254683889e-01 9.777185216929008826e-02 6.384385903588213340e-02 2.740901606825225101e-01 2.782117947638618749e-01 -1.359994874206636450e-01 -8.807233745575336614e-02 3.413503990660628207e-02 5.775895798026869921e-02 2.718641589629386401e-01 -7.105386999244754642e-02 -9.580586372271658602e-02 -2.739313797959977426e-01 7.878232371451200297e-03 1.533182650007780534e-01 5.334335399988484466e-02 -1.180232303662711105e-02 2.062553549582030465e-01 -3.813993701692647842e-01 1.139502161209099834e-01 -2.169104839558152475e-01 -3.693657881225528294e-01 -5.965468077121232476e-02 -1.157908709906910610e-01 2.832067630278671255e-01 3.485514242963710929e-01 -1.270730704685844870e-01 -6.492987309075513858e-02 2.468120375242063569e-01 3.477698154945965681e-01 4.355694251295341157e-01 5.344542196160876335e-01 3.608067441752081383e-01 6.814634296789330303e-01 1.098220845569823495e-01 2.729931167429818228e-01 1.811609538332533964e-01 2.633120253475664807e-01 5.339026282426635461e-01 2.629073082776948178e-01 4.186363362162779378e-01 3.383655452304328709e-02 2.589930860038726079e-01 1.759428901424348601e-01 5.121088910253016602e-01 5.225835028307413976e-01 -1.321239095983224310e-01 -1.382112638726122333e-01 2.252706418006794331e-01 4.726569747827524814e-02 -5.011423849466890151e-02 1.216710059180153430e-01 1.466999068827091468e-01 1.776248461432459180e-01 2.446159671006229719e-01 2.452135515196115223e-01 2.767698164181628950e-01 -2.148620264243109122e-03 -2.957111678072255057e-01 -3.489638943762878726e-02 9.182928911175962730e-03 -1.916837513560624984e-01 1.544140662693745947e-01 -4.340815827235555702e-02 -9.335365536587876545e-03 1.589065567163301940e-01 -5.797501649485538311e-02 5.996214345387713973e-02
