1.000000000000000000e+00 -2.005645303548297120e-01 -2.456127633258366194e-01 -1.445313498792059614e-01 -4.980316039683385099e-01 2.422611459222333286e-01 -1.806891295410486264e-01 1.757838871175561868e-01 3.699119862671930159e-01 5.774242762460712886e-01 1.595592558983263409e-01 3.900433842113768534e-01 -4.840931263620570912e-02 7.285222890235137916e-02 -1.503253778198434809e-01 -1.486719361357802423e-02 3.387171195207003827e-01 7.699647981091920813e-03 3.113046657893008828e-01 1.663380601115026503e-01 -1.830340261032404603e-01 2.939869209407702244e-01 -1.422236829242000677e-01 1.778305067973491027e-01 3.367770172332071321e-01 2.589311206014238143e-01 -6.427369424124662611e-02 2.165886589404261431e-01 1.196960630837269474e-01 -7.065230870489140440e-03 -2.125097060440821750e-01 -1.325364243158167754e-01 5.075446927525623098e-02 8.848553858075335066e-03 1.470785817244881777e-01 5.073993076324954943e-02 1.366902324989452688e-01 -3.109344701486546278e-02 2.022185924141660929e-01 6.918478814385987941e-02 1.045265126774422154e-01 4.506897054284821902e-01 2.410038844032336147e-01 4.330520979009618854e-01 2.556408636987062000e-01 -6.256643127149037753e-02 -7.955902709771017767e-02 -1.554165470224662948e-01 1.658454404125258297e-01 7.569727984128983220e-03 2.865342638421010391e-02 -2.518600120775598139e-01 -2.532094372647967218e-01 6.698512484033321279e-02 2.889351965987056459e-01 -1.334858383623369893e-01 3.336896377830294580e-01 2.115511864485453142e-01 4.208167099971648617e-01 9.333032681825903509e-02 4.190175505237555553e-01 1.285125827734008297e-01 -1.274333844983799036e-01 4.414720415206608434e-02 6.559152703082005154e-02 -1.443160845964188421e-01 1.967861846835731454e-01 3.944787757614754420e-01 1.466490019902982334e-01 1.317537318152088022e-01 -2.213391408446205022e-01 1.572470710313930153e-01 -2.542474650723683394e-01 -2.682655221123297351e-01 2.188615347771066255e-01 3.624398436026036174e-01 1.427931341752072536e-01 -1.974539038909487176e-01 2.802727976624270201e-01 -4.561743319869922589e-04 1.185173492984796101e-01 1.102969293644207316e-01 2.796741903460581713e-01 1.151067455577432508e-01 -6.914372201556948094e-02 -1.621753986219179322e-01 -3.238123608490633965e-02 2.545046528248536832e-01 9.010537977862395631e-02 2.779759374955601547e-01 1.427257147357183509e-01 2.692215522389540538e-01 3.581866112470432073e-01 2.856204700422079745e-01 3.736180877896211894e-01 4.166829552115316471e-01 -1.048001876161349342e-02 -9.660566236559492426e-02 -1.214542883811136481e-02 -5.297877109386597838e-02
-2.005645303548297120e-01 1.000000000000000000e+00 1.589822698215043184e-01 2.529552745407678827e-01 2.137447214055234190e-01 -9.442135042562090075e-02 1.673006227888157796e-02 -1.438153404577694090e-02 5.867714679872767375e-02 -2.726257359537979652e-01 -2.214671825228030910e-01 -2.175567001176797674e-02 -3.592806503985596089e-02 1.004483222581967622e-01 1.444020363189356670e-01 -1.072182546607108045e-01 -5.051769300073075120e-02 1.354991322702150114e-01 -3.894605152407807358e-01 4.807420631633058106e-02 1.917308004965934676e-01 4.430167039008177376e-02 2.037459305471358562e-01 -1.073711405043170364e-01 -2.605396653092401094e-01 -8.890631921022559836e-02 1.634016225444342163e-01 -1.800287396835676679e-01 -6.863936275600708570e-02 1.480870514067328392e-01 2.046727640573749452e-01 -1.679850055394039310e-01 2.425324131893142054e-01 1.664885668964591614e-01 1.264070441244300597e-02 4.212083259071739555e-02 -2.000262793565671729e-02 1.296443276182277123e-03 -4.295135154508800818e-02 -3.603983566238914277e-02 4.431921850787247374e-02 1.122071982110641325e-01 -1.969263837791013216e-01 -2.149991394655754451e-01 -6.733693191985411219e-02 1.362278647974905083e-02 2.489034952172299864e-01 2.247705039486099510e-01 2.675037722590932476e-02 1.112063889103478143e-01 -9.240635980546089978e-02 3.209671501739231325e-01 2.234457011496601142e-01 1.243206107090586432e-01 7.485916359525536523e-02 4.216431215843731706e-01 -1.213001182783133430e-01 1.349416653388422205e-01 -3.649171303845841763e-01 -1.184844446940857693e-01 -1.419368264455962148e-01 -5.048981154922558418e-02 -4.121485276318352653e-02 6.234638377353531741e-02 -4.651530254522624752e-02 1.158014462704269332e-01 -3.505222962333947034e-01 -1.831858132278783025e-01 1.270951255025235815e-01 6.451337893478076291e-02 7.825578144317533319e-03 -1.977181890044468204e-01 2.644655673784949701e-01 -1.824286247717393228e-01 -2.770426331678719767e-01 -2.767274084407412849e-01 -1.969586771630688349e-01 5.182409546883460366e-02 -1.335289447775717120e-01 1.116731470634716415e-02 -1.690509890907749280e-01 -1.167053642026362886e-01 -1.067693699636692306e-01 -1.036517341754413790e-01 9.903241571525973896e-02 1.416210523839155633e-01 -1.349040853415214292e-01 -4.276817440890442329e-02 -5.190069851516464911e-02 -2.825764397394873173e-01 -3.495614630958295277e-01 -3.886931968498101853e-01 -4.401371337379624826e-01 -3.138528815936603711e-01 7.981683508324290480e-03 -2.368779861983053570e-01 -1.269436350487735399e-01 4.227773177466651044e-02 -2.358873995200142654e-02 7.538838291482968801e-03
-2.456127633258366194e-01 1.589822698215043184e-01 1.000000000000000000e+00 3.206156714872645530e-01 3.501781757836029407e-01 2.561973601225494557e-01 4.746988095294666365e-01 3.838094256691081396e-01 9.535506179547552363e-02 -7.524791429393362652e-02 3.028764670848759551e-03 -2.436543659456897049e-01 -6.960379809659822392e-02 -4.212070140048646688e-02 1.401454106225971108e-01 1.993392539736940638e-01 -3.287011101502741450e-01 -1.031481602076824017e-01 -2.172421716517268786e-01 -1.620630921823415505e-02 9.328558430185167338e-02 -3.886481194337671474e-01 2.684920794124306259e-02 1.022586403107958626e-02 1.960222190602596559e-01 -3.142155889017242965e-01 -3.045751698606377067e-01 -3.773700373697235766e-01 -1.501900947742474714e-02 -1.962892613427776600e-01 8.490252688990133911e-02 3.909966292243458597e-01 -2.209325064169512243e-01 -1.478760218461419029e-01 -3.375621252953096563e-01 -6.602850439433717578e-02 -2.056571591223254891e-01 9.393450753008529552e-02 -5.186523704062349222e-02 -3.850720871510932009e-02 -2.555814746016790151e-01 -2.343643202031298611e-01 -5.919741898464073865e-02 -2.332598707560809004e-01 -3.980415092596366611e-01 -2.305443838980406890e-01 -9.430314143424216311e-02 -2.296066111282202560e-01 2.822618304841768011e-01 -1.643138199360902885e-01 2.333349381553748436e-01 6.206292329066939173e-01 2.290263483673243838e-01 2.936969437259703830e-01 -1.085867627710300626e-01 3.622390628303768789e-01 2.917363642764442266e-01 3.380587012057584828e-01 1.355442306116231843e-01 -5.309974866795565129e-02 -1.576361354480275076e-02 -2.971803937707665488e-01 -1.646555151243747628e-01 -5.582756365616475813e-02 -2.045975826143834331e-01 1.076286647393448759e-01 1.074107598086079252e-01 -3.517810020786023006e-01 -2.800467520979387781e-01 -2.017362222213172629e-01 1.721087969532881234e-01 -1.397514792640195680e-01 -5.661904577840790043e-02 3.752237975365487616e-02 8.395420089858317281e-02 7.608244345653142338e-02 8.976257315317585916e-02 -9.732740326989960944e-02 -2.967521028592732049e-02 2.159405781743738428e-01 -1.867614012605278428e-01 -2.130340479765663597e-01 -4.206554178388929310e-01 -1.803041396662879436e-01 -3.086059706765861832e-01 -5.188598507667004783e-02 -3.398995921598429309e-02 -2.789115228571545924e-01 -1.371869511983347112e-01 -2.160641715221499337e-01 -4.355353650579369545e-02 1.303492107776565989e-01 9.431565212322676195e-03 -5.572817594411552666e-02 -3.572118701798523421e-01 -2.332342265779724644e-01 -3.051275931444797362e-01 -1.776003811219311890e-01 2.725172398293028708e-01 -6.540895780774093338e-02
-1.445313498792059614e-01 2.529552745407678827e-01 3.206156714872645530e-01 1.000000000000000000e+00 4.909327361289269054e-01 -1.119962780803897828e-01 -2.000578890583941394e-02 -2.185465959969515662e-02 -1.849178946251090749e-01 -8.530913524232829059e-02 -6.320472088896089691e-02 -2.183976294008587171e-01 -1.275061747557507952e-01 -2.585688453006231291e-01 -1.946920183760520173e-01 4.962070416964068503e-02 -3.668664152476334706e-01 -1.959541519939591858e-01 -3.119678828895827150e-01 -5.027884707632845201e-02 -2.367981994716479299e-01 -4.050211275312983750e-01 -2.226906296841312249e-01 -3.389298866888620920e-02 1.193858249386644116e-01 -3.542799213434345562e-01 -3.779994566237436793e-01 -4.265094584815252721e-01 -1.179499449705457836e-01 -3.876143501249048606e-01 1.411054159111171380e-01 3.329079213101220902e-01 1.113180714580646047e-01 -1.225489587408347819e-01 -2.578373313681275314e-01 -2.353204103225771393e-02 -1.093077874872386973e-01 1.480183210405177641e-01 -3.931702598314984476e-02 -9.212108739239201205e-03 -1.389201561212864422e-01 -1.858464059099996790e-01 -1.331297957484010031e-01 -2.479573472640194676e-01 -3.440193575950845073e-01 -2.856585375771250601e-01 -3.394792958487322793e-02 -2.619372034401133975e-01 1.750505130044703039e-01 -1.037241631774285661e-01 3.382130436346338920e-01 3.168267908105643071e-01 1.769752725573213448e-01 4.195464223907162116e-01 -2.405283433815589567e-01 9.062028398686343411e-02 -4.800546192418830155e-02 -3.086910823703062010e-02 4.161497430606224401e-02 -1.034724560804048260e-01 8.402908461838914933e-03 -2.039528512117834147e-01 -3.552359993480635469e-01 -2.977325562350418009e-01 -4.324230921087137136e-01 -2.195361993049537996e-01 -6.134537570966572956e-02 -3.751371461017548592e-01 -2.132777480320207364e-01 -2.431233171785567582e-01 -4.238238215446307744e-02 -3.056009894541535932e-01 -2.819198909792125507e-01 -7.880288934310623883e-02 1.023766080928900472e-02 -6.282741310627227606e-03 -6.566180842862945344e-02 -1.926054880583976392e-01 -1.308063496585828989e-01 2.566978084555565642e-01 -3.033643498188814958e-01 -1.768204658719071121e-01 -4.276517822382310818e-01 -2.449130517778817517e-01 -3.357633710924157189e-01 -6.721080461079517732e-02 -1.239451101134158295e-01 -2.051203738393194420e-01 -3.572711890890379466e-02 -3.150508393256125084e-01 1.126479564289612073e-01 2.203123115209651775e-02 9.906215621344796607e-02 -8.912223321373581586e-02 -3.832048281831546555e-01 -2.394880554903731640e-01 -3.608696013828848748e-01 -1.808945923026075986e-01 1.861917681463563790e-01 -5.982136533837935366e-02
-4.980316039683385099e-01 2.137447214055234190e-01 3.501781757836029407e-01 4.909327361289269054e-01 1.000000000000000000e+00 -1.556846378870121173e-01 1.012567840543225905e-01 -5.375857547630937677e-02 -2.669634981249540684e-01 -4.318994921447452118e-01 -2.389690285991330487e-01 -4.518040072796142281e-01 -1.042930250034764944e-01 -1.230144499014075021e-01 9.214771442383337674e-02 8.148896983401231198e-02 -4.770221689427571188e-01 -1.401706387708398782e-01 -3.991344622802446285e-01 -1.250607584554772334e-01 -3.291253357643968147e-02 -4.942089926223038887e-01 3.861120616238119391e-02 -1.543274278628195828e-01 -2.318278372213167793e-01 -4.234564976483102816e-01 -1.394285309408271889e-01 -4.219454383463785430e-01 -8.250961912441107104e-02 -1.665222956513686681e-01 2.953215954125216203e-01 1.869021479466895785e-01 1.072915428360738527e-02 -8.496213027766208459e-02 -2.632118869607917300e-01 -7.718511693724633416e-02 -1.325550438144860455e-01 1.017210954783553251e-01 -4.213104667590008429e-02 -5.974151483507048055e-02 -1.783910763723532966e-01 -3.405914056028206405e-01 -2.871772224970274845e-01 -4.461100792863647024e-01 -3.493452736314704987e-01 -7.626286211256634584e-02 7.325504090700452053e-02 1.512916130209084747e-02 4.266571103481670707e-02 -6.878153603394412952e-02 2.248090236346895199e-01 2.989460644881786200e-01 4.202692234601829724e-01 3.029778879333086539e-02 -2.933126789225488085e-01 1.986876901399983186e-01 -2.163518962629775721e-01 -6.143361569109415110e-02 -2.369769377886310757e-01 -1.911099579932458714e-01 -2.544601781725463474e-01 -2.502888339265168516e-01 -1.667063970953404917e-01 -1.369705298563848317e-01 -2.521682399778290562e-01 4.600975857693751642e-02 -1.313048896007819044e-01 -5.520936391375238506e-01 -2.196057020069531462e-01 -1.691273713979115356e-01 1.340492890883190624e-01 -3.962444040915659715e-01 2.582366275145584616e-02 8.774688386482140667e-02 -1.472079205386662426e-01 -2.617253848996816679e-01 -1.170645144641572627e-01 -1.377355919147025577e-02 -3.255271581144668636e-01 1.001750097360126074e-01 -3.139983301286806694e-01 -1.852905617608324174e-01 -3.590780225434322404e-01 -2.462240522605029514e-01 -1.673741481742863080e-01 8.961307939745478957e-02 -1.514090108351665888e-02 -3.352944893240504265e-01 -7.857385242684115922e-02 -3.550574035594534217e-01 -4.697059958218387926e-02 -1.902093962504543267e-01 -1.128911976962268804e-01 -2.774106971345841610e-01 -4.294002615502681142e-01 -4.293303693499738172e-01 -1.347696767907730353e-01 -4.803992063989098726e-03 1.942758028413660576e-01 -2.290926974576322842e-02
2.422611459222333286e-01 -9.442135042562090075e-02 2.561973601225494557e-01 -1.119962780803897828e-01 -1.556846378870121173e-01 1.000000000000000000e+00 1.505387212752723469e-01 2.367283141183411932e-01 3.857124967149145878e-01 4.386710825191652563e-01 6.396243272528391588e-02 2.629383260990437177e-01 2.329163565633160238e-01 -2.652302678729664270e-02 -3.984958090494654381e-02 2.476588080365262068e-01 5.583400481591326708e-02 -1.887435623047931804e-02 9.808338495792465889e-03 5.648926249232006508e-02 -5.753643190455001027e-02 9.630379564452488939e-02 1.012745919773926258e-02 2.158251772662367063e-01 4.531680904263791221e-01 2.555549872597846495e-01 -1.711955252930610072e-01 1.287289591979688674e-01 2.693830357517713533e-02 7.015007916715181036e-02 -3.306235319524579164e-01 1.553363042521131998e-01 -3.360178527019078848e-02 2.708041326090051756e-02 -9.203909532872691854e-03 -1.634978452586142716e-01 -2.151462294268207953e-01 -5.352510530685480883e-02 2.690211541552225971e-02 -2.590877380280099188e-02 -1.222679686733767757e-01 2.537084431274861940e-01 8.438965153863491053e-02 -1.130317905896921354e-01 -2.362771418938129919e-01 -2.826778129182547228e-01 -8.997808468485010702e-02 -2.025181390037965601e-01 2.332209719436606488e-01 -2.434945283771990376e-01 6.182224103669273912e-02 1.237161110702747896e-01 -8.340575792570464886e-02 2.344981226954230835e-01 5.065444763900770475e-01 2.468205691789345513e-01 3.909931987037665868e-01 4.304665832165285311e-01 5.074356573396020531e-01 5.845242834656194653e-02 4.161732803312799267e-01 1.020204352200649450e-01 1.192567370283289380e-01 -1.401167747597203139e-01 -8.921142553503953743e-02 -8.064124397004911182e-02 1.219688540919628417e-01 4.903114518823931817e-02 8.731188988605652346e-02 1.053654971915527205e-01 -7.501209302122278932e-02 2.401534310548952833e-01 -1.629192059751050081e-01 -1.091432766784344727e-01 2.125039344353047144e-01 4.275924471857684428e-01 8.339313388769485635e-02 -1.697641940386587084e-02 1.066768859765468563e-01 2.568882977167512988e-02 2.356355691163564137e-02 5.926939406077021827e-02 -8.550948811305937591e-02 4.723336447399992255e-02 -1.498837863276364091e-01 -6.495608063127347731e-02 -1.522789432896014816e-01 7.783456049416029310e-02 -2.009249482529932018e-01 7.917207662763051795e-03 2.252737249112705953e-02 3.216966153491759850e-01 2.106009655053210639e-01 2.587086948293869093e-01 2.624764602420254916e-02 -7.155119499359886837e-02 -3.104122857209683506e-01 -7.080996924632515510e-02 1.388721914998185536e-01 -2.301230401174025053e-01
-1.806891295410486264e-01 1.673006227888157796e-02 4.746988095294666365e-01 -2.000578890583941394e-02 1.012567840543225905e-01 1.505387212752723469e-01 1.000000000000000000e+00 4.898183526982158309e-01 1.746318182334764268e-01 -2.707103993570936784e-01 1.932464309564918548e-01 -1.080159902207031425e-01 -8.771940594140961722e-02 5.275274772250795191e-02 2.003017519428559878e-01 2.651698527094579205e-01 -2.759666478438055348e-01 -1.336245099803864966e-01 -3.121629669247929020e-02 -4.691336814299079672e-02 3.003644663573328821e-01 -3.196871471485514538e-01 -3.755455260148255620e-02 -4.304276706473759290e-02 -6.689411717300187965e-02 -2.086525250450702307e-01 -6.374188156915906733e-02 -1.155884699238832053e-01 -4.736248556263501081e-02 -1.417946646176971304e-01 3.094437723512199166e-03 1.575851584174383924e-01 -1.314870039773758659e-01 -3.201738972667902972e-01 -3.414489347449233825e-01 7.735025221876856705e-02 -9.179593392053427003e-02 2.810459874429875882e-01 -8.031931395962471631e-02 -4.363942969166330343e-02 -2.827798048083013382e-01 -2.228488538852133327e-01 -4.738445997218712624e-02 -3.150866722937288589e-02 -2.667787498872913887e-01 -4.208387846449623826e-02 -3.054374075014673062e-01 -1.748327182319593109e-01 4.256574243434999710e-02 3.425044119678028604e-02 2.987030071352177463e-01 4.003366485501250738e-01 4.024542139300452681e-01 -4.054877009181653835e-02 -1.750917851938758596e-01 9.161748147135613529e-02 3.725863277356991077e-01 3.493578328846344005e-01 -5.773126238864931953e-02 1.804955101982523846e-01 -2.494780015480292101e-01 -2.665337235159510598e-01 5.123850049954736113e-02 1.450341722627044028e-01 1.121223837493259962e-01 3.598237311543281969e-01 4.232727837448065078e-02 -1.360871240805610893e-01 -3.958169827806939378e-01 -1.876934427200684374e-01 2.600216944609097802e-01 -4.295339274788632228e-02 -8.834100867432333193e-02 1.520075975663006396e-01 1.489883280888179840e-01 -6.064015551859495284e-02 1.538096499817613160e-04 -3.586606268201570497e-02 -3.403400410525542902e-02 1.551995894502589679e-01 1.101084955365149443e-01 -3.175616916883975405e-01 -3.396721583695401225e-01 -1.628817759006029320e-01 -2.117417685141389505e-01 -2.721162382239095123e-01 8.855042765259700521e-02 -3.426005643098293252e-01 6.335753875843512690e-03 2.232177048256215549e-03 1.934805349626834703e-01 4.299640249128839492e-02 -6.879992123587862218e-02 -3.779585374073711479e-02 -1.827987548433277210e-01 -1.031594169559397339e-01 -9.886390878893772105e-02 -3.010921139218811771e-01 4.270663765138329321e-02 7.156076385644542792e-02
1.757838871175561868e-01 -1.438153404577694090e-02 3.838094256691081396e-01 -2.185465959969515662e-02 -5.375857547630937677e-02 2.367283141183411932e-01 4.898183526982158309e-01 1.000000000000000000e+00 5.701132630102470067e-01 7.817323697755433620e-02 8.755533551194778774e-02 -7.047314672472322628e-02 -6.112873197775216261e-02 1.117495889712166873e-01 9.093566303535714768e-02 2.921712258718232036e-01 -1.534816356023600559e-01 -1.252124689975824268e-01 -6.821430612350425429e-03 -1.164507879193906331e-01 5.099230882366552475e-02 -1.814083703632046463e-01 -1.433066718495363268e-01 -3.094196895740224627e-03 1.310102243394196120e-01 -1.044468346875953996e-01 -1.138764853632231039e-01 -1.254954395564717440e-01 8.408765818149357973e-02 -1.794662149791508565e-01 -1.710982467463586024e-02 1.164222420449027434e-01 -8.511529989262738016e-02 -2.683499093846319905e-01 -2.431873609902583389e-01 -6.408945551442989108e-02 -1.929555596994068922e-01 1.620367766251157304e-01 -3.611792830048105724e-03 -1.850237709961962684e-01 -3.371839431844576573e-01 -2.755706984549245037e-02 -3.553495370207142984e-03 5.830459868685818753e-02 -7.954541044518093074e-02 -1.693380786286499962e-01 -2.354740057602667525e-01 -2.800539022726331595e-01 9.343822514892488607e-02 -1.048602359185369925e-01 2.766263887432511281e-01 4.151103938410764527e-01 4.101989764109133518e-01 2.135104080658093220e-02 -5.422935448415207998e-03 2.135253219048343920e-01 7.116866417448058924e-01 6.956452434514935890e-01 1.814270012347221350e-01 -3.368059144966684820e-02 -2.560367181946569468e-02 -1.029773480011277886e-01 -8.574109143318758841e-02 -9.427439834874699670e-04 -4.609232670859292336e-02 1.738595761451972033e-01 2.585045076710933837e-02 -5.077556003007040880e-02 -2.716225828283551080e-01 -9.813906332671902544e-02 -1.081483816901723100e-02 -6.635410916877246268e-02 -1.785699310726504008e-01 -7.204664891927275994e-02 1.143861319274355609e-01 9.209066782759536829e-02 8.382745917577887063e-02 -1.226768677237896760e-01 4.705144521226305165e-02 1.321260192706818215e-01 -7.003013073883608552e-02 -2.609075807027044225e-01 -1.300530299540304802e-01 -1.908849789424259258e-01 -1.434073847148583658e-01 -2.793471772497043148e-01 -1.615412376981477938e-01 -9.168469436608035761e-02 -1.527648835113661618e-01 2.337878966011863735e-02 1.237913439121689496e-01 8.543926260857857835e-02 1.875328367025657639e-01 2.462806869534047219e-02 -6.206466974093423350e-02 -4.085958638305589585e-02 -2.176548025265138409e-01 -3.395238190922656996e-01 1.425887233233933370e-02 -1.810169599496161408e-01
3.699119862671930159e-01 5.867714679872767375e-02 9.535506179547552363e-02 -1.849178946251090749e-01 -2.669634981249540684e-01 3.857124967149145878e-01 1.746318182334764268e-01 5.701132630102470067e-01 1.000000000000000000e+00 2.837672601341161283e-01 -2.756192632618406635e-02 1.971280396525764977e-01 1.084090000967026513e-01 2.204319097575392628e-01 8.298612634557818446e-02 1.555554964926308403e-01 2.065555111673181843e-01 -1.770940529228527682e-03 8.035276374960287349e-02 -9.620628542041477493e-02 1.913295858334740362e-02 2.289976409752088604e-01 -8.222700510782790517e-03 -4.816657665717326287e-02 1.651081723952699531e-01 1.651153876440137613e-01 -7.737006939814528028e-02 7.146093176895808308e-02 1.118444405516324514e-01 8.135639545605242995e-02 -1.616781578860580770e-01 -1.066869273348296093e-01 5.232051130409533235e-02 1.399978047970427443e-02 4.650701560258444639e-02 -1.824482309576667127e-01 -1.886973682909049710e-01 -4.396805568408646697e-02 4.068888610589795063e-02 -1.688085044885407338e-01 -1.279351282428727588e-01 2.575946075046023354e-01 7.960342731196565214e-02 1.349239421739536482e-01 6.862010264084898899e-03 -1.774401968362413762e-01 -2.067264851128829822e-02 -8.875466764534307995e-02 9.635602151668788695e-02 -1.136297855773676924e-01 1.006689656744083790e-02 1.530776340531586899e-01 2.099286946825121569e-01 8.326513405340804988e-03 2.546481655972663849e-01 2.964195761819392594e-01 5.716461871400467798e-01 6.996675761885853273e-01 2.215488864968312988e-01 -7.806114084867640801e-02 1.904837859528804855e-01 1.574992340810824065e-01 5.849739978937872759e-02 9.148403595984283543e-02 6.451110257811087934e-02 9.643383922046555590e-02 -9.547810074342476250e-02 2.064015559689727219e-01 3.493112198715130762e-02 6.664078070187690050e-02 -2.486596124440879907e-01 1.059468593450677010e-01 -1.030120312411372391e-01 -2.737011137851477205e-01 -5.951409596931045778e-03 1.326514932559898774e-01 1.026077157484477226e-01 -1.978426360960574004e-01 1.395084495360783550e-01 -8.412396114647805291e-04 -1.004201214757411836e-01 -6.986934302656273854e-02 6.043592128999986796e-02 -1.702239069830170648e-02 -1.292978544973477639e-01 -1.749369084259825569e-01 -2.755476055087038301e-01 5.829697234765614244e-02 -3.157520486090732992e-01 -7.462895556701341915e-02 -5.647864769474949392e-02 2.066133874582610358e-02 5.241126588089785321e-02 -9.562446221444088814e-04 1.462258951861406808e-01 3.766999190618268434e-02 -2.232968665103306216e-01 -1.206541147015198906e-01 -1.114405468533319760e-01 -2.861121119799209800e-01
5.774242762460712886e-01 -2.726257359537979652e-01 -7.524791429393362652e-02 -8.530913524232829059e-02 -4.318994921447452118e-01 4.386710825191652563e-01 -2.707103993570936784e-01 7.817323697755433620e-02 2.837672601341161283e-01 1.000000000000000000e+00 1.112380948791643759e-01 4.357468549777380740e-01 1.678093430800748354e-01 -1.009089561270057472e-01 -3.183138471234820410e-01 9.662680997303606245e-02 2.582931513878963248e-01 -2.762700887253055279e-02 2.444274697904623983e-01 6.777283612370149646e-02 -3.360617821335303290e-01 2.599683752481182775e-01 -2.073000484859748860e-01 3.294472521665317566e-01 7.251215681217103581e-01 2.943574870684428912e-01 -2.713115211580864883e-01 2.110520248042606628e-01 7.830463683709038003e-02 -7.371010722624911360e-02 -3.886559517609436964e-01 1.922782195441245789e-01 2.990840921955866937e-03 3.799162307247885839e-02 1.413694759674997414e-01 -7.790137226981448670e-02 -1.444226136738145302e-02 -1.101962961862265333e-01 1.168669621352516202e-01 4.179002903997090963e-03 6.928950720091602011e-02 4.550434175270386405e-01 2.058455822454524076e-01 1.800624014807449547e-01 1.260162386628610465e-01 -2.630651761267965849e-01 -1.245050234686712054e-01 -2.701639545230111739e-01 2.846822383677851676e-01 -2.433832894642411482e-01 -8.658257991822553012e-02 -1.283739300422816199e-01 -4.074012388005154861e-01 3.058744808121505732e-01 4.290628383432800175e-01 1.521511871132554504e-02 3.446706788229393359e-01 1.449127621832976831e-01 7.073345885513206976e-01 1.215046438259180239e-01 6.935091311855017260e-01 2.280140874752236146e-01 -5.627504953197039889e-02 -1.870596449620077484e-01 -1.421952720812857673e-01 -4.018484776093971256e-01 2.856843124928322153e-01 2.742946837818757699e-01 1.470414138545212968e-01 5.783903085761228635e-02 -2.766898372485718238e-01 2.924783770204353317e-01 -3.354577753796930684e-01 -1.784713030383948407e-01 3.356155210668991251e-01 6.920874343336506085e-01 1.732301363464519017e-01 -1.761233634988178531e-01 2.770275263801135202e-01 -5.340936079635801026e-02 6.619365306219496259e-02 2.486463878745178990e-01 1.479310129799808748e-01 1.160232355089570871e-01 -1.271433552973182668e-01 -1.281830770680790210e-01 -1.322050513795590410e-01 3.011818439507656930e-01 -7.476025453371695773e-02 1.879404321234032782e-01 6.176015737247672610e-02 5.176075547741251226e-01 5.008375890767712280e-01 5.144673184238078845e-01 2.648312805724473695e-01 2.260361505077962407e-01 -2.016867446627813310e-01 -9.479959435324905592e-02 1.435678207598445888e-01 -2.089307411843122353e-01
1.595592558983263409e-01 -2.214671825228030910e-01 3.028764670848759551e-03 -6.320472088896089691e-02 -2.389690285991330487e-01 6.396243272528391588e-02 1.932464309564918548e-01 8.755533551194778774e-02 -2.756192632618406635e-02 1.112380948791643759e-01 1.000000000000000000e+00 2.811118668247734598e-01 6.625018219413483789e-02 1.209099302465222771e-02 2.435688584832191098e-02 -8.639258490239134364e-03 -2.332565802209859290e-03 -1.491014515631239878e-01 4.192911255909430590e-01 -5.012427011832981671e-02 1.671987345288892812e-01 3.666214857208329597e-02 -1.861913199775697136e-01 1.965196798532570788e-01 1.604736807879304228e-01 2.475077082887445212e-01 -8.794467695708671484e-02 2.037944499494022399e-01 1.512199546606016881e-02 -4.941866722353156945e-03 -1.943946829966028689e-01 1.303133099603523285e-03 -2.225661524152920123e-01 -2.651451455383925238e-01 -1.788678958564916543e-01 8.667927843764906826e-02 -7.478687226179679681e-02 8.077281815791939601e-02 -8.422732778021739530e-03 -1.526314458438285393e-01 -2.270077104450044514e-01 -1.699163160858774280e-02 2.597266770603630093e-01 2.187150335439357884e-01 5.351652189154163658e-02 -8.825262033426796437e-02 -3.256183713119006340e-01 -3.020531063995848808e-01 -1.624332244488794486e-01 -1.179580571477640838e-01 5.615196870382477973e-02 -6.946162202101530125e-02 -7.610278659621720621e-02 -3.348198648290924562e-02 -1.056786875544627746e-01 -3.489386299029234584e-01 1.607362215612885281e-01 -8.961008398589380419e-02 1.475258246124309947e-01 4.972734620975207132e-01 2.282781342174646996e-02 4.128987548125819668e-02 1.346081838089462634e-01 5.622313598875661178e-02 1.052509428850866430e-01 1.488157000149475939e-01 1.593725807448347631e-01 1.671621716250762946e-01 -2.785292121246322750e-01 -1.008613190029443579e-01 1.717444923414612468e-01 2.408263761487681176e-01 -3.015665862249876095e-01 1.557223789344221732e-01 3.584932563543941630e-01 3.298752528751778823e-01 1.501452474264681758e-01 1.403042621052640881e-01 4.446386396523332313e-02 1.258582135491954045e-02 2.333681199278799245e-01 -1.085288896340985410e-01 -4.294253112009829149e-02 5.082520373017435783e-02 -1.430765762912989680e-01 -2.906259873737707111e-01 1.402657672082356921e-01 -2.739346870033623413e-02 1.435865693196629322e-01 2.374595790370580550e-01 2.202752721277778103e-01 1.388805678220043638e-01 1.556985647811640616e-01 1.914605839117425601e-01 2.098583863252130033e-01 2.004445671127299822e-01 6.302397503100162779e-02 -2.907575047224701947e-01 -1.877178732965728569e-01 -1.780077378818490860e-02
3.900433842113768534e-01 -2.175567001176797674e-02 -2.436543659456897049e-01 -2.183976294008587171e-01 -4.518040072796142281e-01 2.629383260990437177e-01 -1.080159902207031425e-01 -7.047314672472322628e-02 1.971280396525764977e-01 4.357468549777380740e-01 2.811118668247734598e-01 1.000000000000000000e+00 1.611779527131830536e-01 1.875616389250454596e-01 -3.837108554930569737e-02 -7.997556855450248248e-02 3.299768881184519387e-01 -6.960253490258042075e-02 3.020877178400494523e-01 1.355616793345120787e-02 2.839864101732572296e-02 4.282795225392845850e-01 2.884484752263389695e-03 2.609636836089574974e-01 2.551148354378575678e-01 5.657181055334331576e-01 1.360679810813331114e-01 3.701200052660379436e-01 9.364154514432369847e-02 1.771324206246553401e-01 -3.372390132802862706e-01 -2.036765034097196836e-01 1.866778056524964063e-02 -1.288188082606479823e-02 8.971380679772486544e-02 2.560406002039053788e-02 2.070036236496997431e-02 -1.200742393518901135e-01 9.145333585818202216e-02 -9.980703607069586064e-03 -1.305551902150865751e-02 4.966685662037939597e-01 1.545025399879529360e-01 2.097682907678483921e-01 2.455043152946938256e-01 -1.094635108613154634e-01 -6.943930738997577956e-02 -9.361920148672533970e-02 -3.785330549457478766e-02 -6.411282527406132747e-02 -2.237485186072001031e-01 -2.132804507602893140e-01 -2.502332957846661321e-01 3.371161986015671491e-02 3.129614784454254339e-01 -3.421781445649418885e-02 1.136703410405267151e-01 5.201294953457234055e-02 2.117331550988048039e-01 4.808300611795714441e-01 4.878758041460025119e-01 2.695968035215218772e-01 2.199488510069667335e-01 1.441752019841747445e-01 1.925595455531415312e-01 -2.171088180631532139e-02 -8.166405092158515039e-03 3.782097556182041354e-01 1.263680388416242584e-01 4.891198448059258519e-02 -1.511274759683027824e-01 2.618735138550983832e-01 -1.107390315043397522e-01 -3.408482245020230672e-02 1.966866249533174849e-01 3.875565585856816653e-01 1.143761456881518396e-01 5.458189311301435420e-02 5.505754613371204725e-02 -1.810964002406429130e-01 2.022762103472272033e-01 8.233094502956465888e-02 1.963023799497345123e-01 1.090861279144806351e-01 1.479878978221859098e-01 -1.034086119686527944e-01 -1.131249570329667387e-01 2.449975780680927750e-01 1.384646071638920284e-03 3.157139892645024482e-01 -5.143928818841898842e-02 1.285153024506060504e-01 8.716525390405041596e-02 2.544975208709939762e-01 5.030486987428788304e-01 1.995009485285478834e-01 5.328168628476137765e-03 -1.317265162554083213e-01 -1.563827274145569435e-01 -9.461199107563900146e-02
-4.840931263620570912e-02 -3.592806503985596089e-02 -6.960379809659822392e-02 -1.275061747557507952e-01 -1.042930250034764944e-01 2.329163565633160238e-01 -8.771940594140961722e-02 -6.112873197775216261e-02 1.084090000967026513e-01 1.678093430800748354e-01 6.625018219413483789e-02 1.611779527131830536e-01 1.000000000000000000e+00 1.846497130135925646e-01 2.500926455871048115e-01 -1.107285323607149208e-01 2.288574458816606538e-01 -9.278277278160076968e-02 1.770861317535322166e-01 -9.717611718776839047e-02 2.316194056308929494e-01 1.460401207314998007e-01 1.100775904948454315e-01 2.079404769406479891e-01 1.400907784471822348e-01 3.238243146422914998e-01 1.235436717953928426e-01 3.502868634397421355e-01 2.104042184601563337e-01 3.504902973484971263e-01 -1.822573551434984729e-01 -1.047731676939699930e-01 1.584421895661098506e-02 -2.113461705083112541e-02 4.100088342064789684e-03 -1.079892674476850972e-01 -7.851902427109372362e-02 -2.587991836870323636e-01 -1.914684472925440861e-01 -3.556968267779921922e-01 -2.640928989946340621e-01 -5.357499172880832692e-05 -1.170635751151962306e-01 -1.092890647686717287e-01 7.283725872104777725e-03 -1.480296774978077934e-01 -1.434232746685241422e-01 1.538594700147660407e-02 -4.422656819123746419e-02 -1.573609646500135351e-01 -1.211536191394886330e-01 -1.001018601901798866e-01 -3.684602354420257742e-02 3.889625699054269359e-02 1.915279906425337575e-01 8.818423232870827022e-02 7.396445535818405026e-02 5.270009700374826689e-02 1.009555616097405489e-01 -3.943581432842248324e-02 3.575185152348088757e-01 7.041891503976448474e-01 5.940602516679965861e-01 7.728288048474833694e-02 2.210981305253761076e-01 2.351799061758869380e-01 -2.197907192409602195e-01 1.880654737392532527e-01 3.085812973425082831e-02 -1.311921709439065886e-01 8.260001136272079880e-02 2.036103904394802044e-01 1.162906498030981117e-01 -1.830056272027282827e-01 1.709525945522913926e-01 1.841860086898592375e-01 1.735537945199883414e-01 3.825968023154553976e-01 -1.203554302118506059e-01 -2.712870709576656325e-01 1.277214899445442975e-01 -1.189708251989153726e-01 2.627298067517217992e-02 -1.207168218315708974e-01 1.515644115448145923e-01 -1.333017075817980457e-01 -4.532144125053867711e-02 4.353787593549821727e-02 -1.131283823287263374e-01 -4.439185789008663618e-02 -1.829326732134289868e-01 -6.190353706914993731e-02 -6.240046699144068121e-02 -7.221034564930471633e-02 -2.966330491042742587e-02 -6.403815835545030588e-02 3.915440709756119048e-02 -3.459458286821743417e-02 1.284060776262580320e-02 -1.442478837936044533e-01
7.285222890235137916e-02 1.004483222581967622e-01 -4.212070140048646688e-02 -2.585688453006231291e-01 -1.230144499014075021e-01 -2.652302678729664270e-02 5.275274772250795191e-02 1.117495889712166873e-01 2.204319097575392628e-01 -1.009089561270057472e-01 1.209099302465222771e-02 1.875616389250454596e-01 1.846497130135925646e-01 1.000000000000000000e+00 6.486278747325316951e-01 -2.042700561350917488e-01 3.650562154493833256e-01 1.887901479187570619e-01 2.993261076188759029e-01 3.154616329001427161e-02 3.527814833464896771e-01 3.922958895078524910e-01 5.436485005969751150e-01 -1.578237244824301500e-01 -3.411177245327620122e-01 1.675830512580360199e-01 3.261093797519598603e-01 4.268985849093220875e-02 2.566272775608524626e-01 4.378660879036749276e-01 5.539356993309874078e-02 -4.902264243650561459e-01 3.211886154574228585e-03 1.978603137752555918e-01 2.185398521109295500e-01 2.315932817573122804e-02 2.016979563960034569e-02 -2.725916151265168619e-01 1.176743621123778200e-01 -2.585441588984397840e-02 1.660748996263883975e-02 2.271963192776924739e-02 4.005800487181952751e-02 2.141270097747046963e-01 2.002489513321267789e-01 1.573219100698904360e-01 3.900482691998455320e-01 3.048660031480515120e-01 -6.195308189092085110e-02 1.158376669112548552e-01 -2.875597021060621872e-01 -2.249447369577464370e-02 1.321587693709521394e-01 -3.672027895469200942e-01 -3.488957356712030916e-02 1.694577892614819170e-01 5.507762288423188879e-02 1.809965206776724955e-01 -2.948391346001225100e-01 -5.226531888863691910e-02 4.605606216966445787e-02 3.114719188530767346e-01 2.818424609686120963e-01 6.551795621183050811e-01 4.817983842429047203e-01 4.828699602703072080e-01 -2.094155330745873789e-01 2.650215552154991383e-01 2.266492576511225099e-01 1.500128114070680974e-01 -9.738582816324120595e-02 -8.073115297468375084e-02 4.283363152069065705e-01 2.236153965043279762e-02 -1.807377284923790128e-01 -1.972879281355396086e-01 2.325646657330938116e-01 1.124579219709771066e-01 -2.905526940911807854e-01 -3.739313663973366508e-01 -1.244692863380557485e-01 -2.153669221737758779e-02 2.742771849180407062e-01 2.055778737953372903e-01 1.434694686214688097e-01 2.819947921854022432e-01 -9.028808487333862820e-02 1.449490973823903128e-01 -3.099850830063586443e-02 -3.029401316802182373e-02 -4.192059549756076420e-01 -3.701261354016591176e-01 -3.043070960235212397e-01 -4.132133501677038301e-01 1.949124410079215719e-01 1.431546018383235142e-01 2.675457434863053874e-01 2.272038139340643859e-01 -1.803854142010069828e-01 5.399049680979021992e-02
-1.503253778198434809e-01 1.444020363189356670e-01 1.401454106225971108e-01 -1.946920183760520173e-01 9.214771442383337674e-02 -3.984958090494654381e-02 2.003017519428559878e-01 9.093566303535714768e-02 8.298612634557818446e-02 -3.183138471234820410e-01 2.435688584832191098e-02 -3.837108554930569737e-02 2.500926455871048115e-01 6.486278747325316951e-01 1.000000000000000000e+00 -2.117554707913217593e-01 1.773116149495886362e-01 4.782057434868421109e-02 1.647129295542619498e-01 1.043408840238487095e-01 5.589388166955771009e-01 6.162460859545963732e-02 5.660850487961123223e-01 -3.512374399618822807e-02 -4.022204788246324658e-01 1.201682568972152129e-02 3.284126770514791405e-01 3.508372479633067864e-02 3.716200975300282261e-01 4.557400149879342610e-01 9.900055378886844781e-02 -3.760102754037283890e-01 -1.731564362825550873e-01 -3.121049953579259698e-02 -1.012940627089042589e-01 1.519083079229762157e-01 7.233943869809442845e-03 -1.572363009277690515e-01 -1.969470324899290012e-02 -1.309504539965993530e-01 -1.343042181769354970e-01 -1.406464801401383635e-01 -1.690918208925729915e-01 8.687227625179265444e-02 5.391332913184529452e-02 1.693145523799675090e-01 1.947160830752626415e-01 2.482963312447065418e-01 1.898787818604890515e-02 2.101380079550433655e-01 -2.118592416957875979e-01 9.864893149765538438e-02 2.362139708248019165e-01 -3.707071444977592112e-01 -1.831047954170849923e-01 1.324476151203519692e-01 -3.462749341825464150e-02 1.259544617304440006e-01 -3.978440478228140731e-01 -7.910553661762721733e-02 -1.161072861332737433e-01 2.384363966271265678e-01 3.115308699100183820e-01 6.263430449927432919e-01 5.506047843000815289e-01 7.405873789939926288e-01 -1.071768308213991994e-01 9.060499693317175529e-02 2.596674865721946592e-03 9.720070081579733345e-03 2.925187348557871658e-01 -1.499996187431486550e-01 5.351933141660080162e-01 8.424493365282025026e-02 -2.113422369909535165e-02 -2.336697273224128957e-01 2.809942983520248294e-01 3.443108539558247805e-01 -3.667478527892776841e-01 -2.393374660366661688e-01 4.269207821592333786e-03 -2.064289164937027632e-01 8.482810129924801823e-02 -2.851060402600710808e-02 1.859055288530954142e-01 1.453791094874949674e-01 7.697586023084949935e-02 -7.101822690191930687e-02 1.046523491325787591e-01 2.419485682281053221e-02 -3.799542746559138595e-01 -3.629263888636319879e-01 -4.010815011154963416e-01 -4.899922239460092754e-01 4.199406044816621220e-02 5.714426484666006167e-02 3.506050167787443383e-01 1.286396540361096907e-01 1.127972863156436953e-02 2.141480473613905366e-01
