1.000000000000000000e+00 8.909678494269900051e-02 -1.336802665278351288e-01 -1.249327378411466405e-01 2.272622963685041186e-01 -2.760505703666932820e-01 -1.749443135517124992e-01 -7.455594490156311482e-02 -1.354195758923522862e-02 -4.422865604930765748e-01 -2.911862374909576778e-01 -1.881651754706604729e-01 -9.593001155075715769e-02 9.287331270852508536e-02 4.686566192840794370e-02 -1.034030141505811323e-01 -1.210459778007054628e-02 3.029429986638262906e-02 -6.078517898159814525e-02 6.746491206327523416e-02 4.816338611149364318e-02 -6.218190319804656196e-02 1.458111117471706797e-01 -1.401249250579207906e-01 -3.887259117213641701e-01 -1.861436580914523770e-02 1.906616617581887441e-01 7.705885640383425272e-02 -2.444394002815372408e-03 1.262539495805025669e-01 2.594236584712462101e-01 -8.680704456875652786e-02 1.465489806345986711e-02 -7.756680285985162807e-03 3.521661577072825178e-02 -6.389458227854092134e-03 1.772607539874505173e-02 -1.724559078209070284e-01 -3.490721140215304330e-01 -4.116990244664041065e-01 -4.092976863733214371e-02 1.645832130451355124e-01 -3.071070760305703862e-02 -2.002658010471778174e-02 -2.306709204949014200e-02 2.139114026329642926e-01 8.462770949973823231e-02 1.505185339482403017e-01 -2.085558551745747211e-02 2.702225737268455497e-01 4.065009606820309540e-01 4.642243796956649349e-02 2.733470292923844691e-01 -1.578970312916213592e-01 1.364942593318652642e-01 -2.558926685332683637e-01 3.316130806610191606e-02 -5.872792330748943107e-02 -3.279452243121411259e-01 1.335173191389368158e-02 -1.905105318888955512e-01 5.661723188995744505e-02 1.236145336720373689e-01 7.343655540817566052e-02 3.479151512250969885e-02 1.279345171050344510e-01 -3.768106932474536708e-02 1.201052918779704215e-01 1.015510512728241416e-01 8.542650170784309160e-02 8.557495518732126383e-02 1.186816963886177523e-01 1.876691049854150861e-01 -3.314648244200228411e-01 -1.776210967798028117e-01 -1.583833415765456831e-01 -1.218102393138923573e-01 9.787012258242004659e-02 1.801337288032616168e-01 -1.571742718472382838e-01 -1.441010792004196739e-01 2.272027063638240932e-02 -8.833994133311687258e-02 1.933144594512474848e-02 1.858870446448863678e-01 1.499775250959408668e-01 -2.797688690328926225e-02 8.712350402997495746e-02 4.392216581622809812e-03 -6.446604407235703715e-02 -1.959778075879815562e-01 -4.526463694391610892e-01 -5.429277574367296494e-02 -2.981595778998150092e-01 -2.212146481924993358e-01 1.109672368604003034e-01 2.832119571198190577e-01 2.922090024389531471e-01 1.737231271456260162e-01 1.818976302751644791e-01
8.909678494269900051e-02 1.000000000000000000e+00 4.289851623037625461e-01 4.868605396122948070e-01 3.470912283079204408e-01 -1.316160160701631832e-01 3.078700374595847999e-01 4.273224040655310696e-01 1.174020916002258691e-01 -2.099934581063992167e-01 -3.966691335877191582e-01 -3.363009782123661529e-01 -2.339972794568919712e-01 -1.317027485315943880e-01 2.692683629084480224e-02 2.960928198155230451e-01 -1.979617747390549909e-01 1.867895512734475127e-01 -1.302209072523208451e-02 -2.171797688328787335e-02 5.372056802008193244e-02 -2.052849171302476294e-01 -4.535454583556740304e-02 -3.395266125452205963e-01 -1.154627092700771240e-01 -2.386767751866150922e-01 -5.009919063730611938e-02 -3.484432118821604307e-01 -1.092056446161142474e-01 -1.462461656739709737e-01 -1.388319189788863872e-01 -1.023363494887704998e-02 -2.223676348693214358e-02 -2.896395747167218593e-02 -2.540979017435695542e-01 -3.310246401497324298e-02 -1.505924413363385062e-01 5.540857127521595094e-02 -1.369304521220223447e-01 -5.579356694651381454e-02 -1.567737072300636192e-01 -1.847460067043604492e-01 -3.913560871052353812e-02 -2.494384553769769808e-02 -2.508662930838791508e-03 -3.574317709718933395e-03 -1.935878197101413350e-03 -9.299671318446441071e-02 -5.303272096302005800e-02 -9.830476251906460419e-03 5.183783839051875342e-02 5.768550225829077727e-01 3.713852498691761483e-01 2.358541265324897995e-01 -3.369848669537223174e-02 -4.393721962820845012e-02 5.261384554300709837e-01 2.359072516125647334e-01 -2.516208292029454840e-01 -3.332997613537793669e-01 -2.048985251777404593e-01 -1.619356800846610267e-01 -3.050044568161020542e-01 -1.294316879484652509e-02 8.280719643669448571e-02 -1.532493101446185356e-02 -4.578474327926396192e-02 -3.536131040010005028e-02 -7.985763346820991260e-02 9.218906945592535152e-02 -2.049009695306693857e-01 -1.872762771370385937e-01 -1.003734468262448970e-01 -9.799089752011506949e-02 -2.731135605865775973e-01 -2.167810246821674225e-01 -1.908644015808033667e-01 -3.340893476428064002e-01 -2.686939719015059569e-01 -1.984471273187256302e-02 -2.544476682057103534e-01 -1.194018084496613064e-01 1.345922577787111440e-01 -2.452847455942728030e-02 -1.724081132894402513e-01 -1.022240055480551357e-01 -5.540615136134971475e-02 -3.123070963051048921e-01 -9.362646394832645214e-02 -9.211061509877239983e-02 -2.910135145001565005e-01 -1.247533195818970875e-01 -1.778724524006510266e-01 7.992119451319758261e-02 -1.688831098621270121e-01 6.102087775610232252e-03 -8.110162001143977895e-02 -9.009342866828121132e-02 -1.188726184023598392e-01 -8.035798041181001217e-02
-1.336802665278351288e-01 4.289851623037625461e-01 1.000000000000000000e+00 4.162479838405768184e-01 2.495625677447923241e-01 3.641217923665595602e-01 5.014435338880071091e-01 6.076980877469536635e-01 3.107847185679513680e-01 -1.043959859031736853e-01 -2.510587130626272256e-01 -9.889678610127866643e-02 -7.541168351536130243e-02 -1.363680420193692441e-02 2.632990720965138753e-01 1.565742379923737437e-01 3.438656520877778067e-02 4.458132398794049100e-01 2.519591431589666142e-01 -1.158179373757621533e-01 3.014916016509711638e-01 -1.937754046531242613e-01 -2.572397888338750355e-03 -1.880430205417480960e-01 4.206342026598266365e-02 1.076077130662508874e-02 -1.145328088378984727e-01 -1.848325080317350655e-01 -3.791689791046962826e-02 -4.583553604770163048e-02 -3.975351436857215703e-01 -1.084493862830561012e-01 -2.891413864984970772e-01 1.425749079132843378e-01 -9.443803751464154017e-02 -1.120692465870368930e-03 -3.519987382265294396e-01 1.294609154647599625e-01 1.262273618136008219e-02 3.485446573297357187e-01 -2.384445511683832841e-01 -1.733754868582684794e-01 1.352155847983935455e-01 8.370716802905706078e-02 3.425733034276059463e-01 -1.609789995076568725e-01 -1.465183540989996036e-01 -1.803435592759853046e-01 1.885525641225360149e-01 -1.777367925342946409e-01 -9.205934243999516764e-02 4.060560231236324258e-01 3.281444269266830527e-01 -7.044596357533350339e-02 1.649393400518182340e-01 2.787670892432032588e-01 4.921541786003338914e-01 4.832529612953099241e-01 -1.878957420416318969e-01 -2.300314527318278457e-01 9.607703903067624229e-02 -1.071490232324377456e-01 -1.927300040226950784e-01 1.255411696844551117e-01 3.865449899967384750e-01 1.230519007204026460e-01 -1.217146824612413414e-01 9.083061102439038415e-02 9.119061118922586195e-02 2.347880795957439926e-01 -2.282663897853924595e-02 -2.470917416611931594e-01 -1.015756353313290172e-01 -4.908791958177459447e-02 -3.710539804014486437e-02 -1.282057223433987446e-02 2.587873338031387166e-02 -1.420573322990156817e-01 -3.454709586278839617e-01 1.772291231145121243e-02 -1.584586583092299217e-01 -3.551193444491581030e-01 3.777708488823405819e-01 2.641651332333486493e-02 -2.992941646742973694e-01 -3.345073400459432911e-01 -1.800207385757854606e-01 -3.943434296385882609e-01 -8.620155455800819488e-02 -3.260370895950512327e-01 -3.062013209695682581e-01 -6.893311133953189396e-02 -1.670876683741324698e-01 3.143297651297745632e-01 3.806612655922729516e-02 1.111915763046451427e-01 -2.608448176928681583e-01 -2.363660139300017282e-01 -7.156106538968237674e-02 -2.193117166610597524e-01
-1.249327378411466405e-01 4.868605396122948070e-01 4.162479838405768184e-01 1.000000000000000000e+00 2.676940065628138909e-01 1.620548557628663511e-02 3.412248153278910068e-01 3.381455663833101699e-01 4.533375063810295147e-02 -2.302787020703452037e-01 -2.965329636906867683e-01 -2.090355257385265453e-01 -2.513725945089728686e-01 -1.865506336375871710e-01 1.362719598296951440e-01 -8.853011735719171216e-02 -2.345383344190200003e-01 3.238737904965650893e-02 4.371390139588127166e-02 -1.835016170276427827e-01 -4.970945331912831472e-02 -4.002551813598849706e-01 -2.373670485860535639e-01 -4.002381332920521562e-01 -1.506378338421514307e-01 -3.368107869423204170e-01 -1.621068596609118451e-01 -3.427530665462810155e-01 -2.877079480530442823e-01 -1.588585980633084316e-01 -2.381539190875643919e-01 -1.670415334430777332e-01 -1.513146967839289203e-01 -4.218187829457185206e-02 -3.987436960583805590e-01 -4.103558414388571579e-02 -2.583988386053461261e-01 1.077114737632290375e-01 -7.841589671937423955e-02 2.398721419672246724e-01 -4.882763668289732961e-02 -9.769336607962379737e-02 -8.657779866941268943e-02 2.333173141705644216e-01 1.548540901078517829e-01 1.609677348879853809e-02 -3.932146436687994351e-02 -9.393210522972011978e-02 1.065714651966013886e-03 -9.042758030870444441e-02 -1.245379886007607073e-01 5.249379656250811044e-01 3.297273937773109731e-01 3.067133627950776598e-01 -1.368769889301565679e-01 -7.551486134594642685e-02 2.904858866850270060e-01 2.168433926910858234e-01 -2.457588178531258938e-01 -2.182019260396728111e-01 -2.162646295430697141e-01 -1.886928008803757939e-01 -3.871351320494454407e-01 2.553838447229756642e-02 1.618955347641422848e-01 -2.433492384345248283e-02 -1.379198411407305258e-01 -1.242247161411968032e-01 -1.559129027480514185e-01 -1.415201148600286341e-01 -3.349081882990868064e-01 -4.499717054319485321e-01 -3.397307417196572810e-01 -2.331046063089214082e-01 -3.202028346839647099e-01 -2.363154019543219075e-01 -3.202467749808933228e-01 -4.272086820816374808e-01 -1.736525067356849694e-01 -4.894000835681669437e-02 -3.102989906273293519e-01 -1.880028154853091160e-01 2.073863984633554369e-01 -1.874320008034431884e-01 -3.633414082617120178e-01 -2.599035391777210213e-01 -1.072430241843666671e-01 -3.334343600798266305e-01 -1.969314935549699719e-01 -1.869071327890171053e-01 -8.370603248965868826e-02 -1.063712190582637857e-01 -2.262148103138603428e-01 3.719539104911367411e-01 -1.356740199990408846e-01 2.590751466316806861e-01 -3.238634322244762775e-02 -1.508894417219704409e-01 -1.807160020464718131e-01 -1.059857824171868135e-01
2.272622963685041186e-01 3.470912283079204408e-01 2.495625677447923241e-01 2.676940065628138909e-01 1.000000000000000000e+00 1.019368989172427103e-01 6.787195850154849330e-02 2.737086220732953823e-01 1.540205317205971813e-01 -3.302458122204404711e-01 -1.525765241198610012e-01 -1.082372775988131169e-01 -2.054775746681179738e-02 8.579146753361004130e-02 6.599166422622713968e-02 -2.495070211918065314e-02 3.657501747468509812e-02 1.624209672795340897e-01 1.212140376786792068e-01 -1.074746165449691065e-01 5.935331127572918142e-02 -4.349377487534793196e-02 1.083980750190057657e-01 -1.290215868131497357e-01 -3.189989293639826085e-01 -6.472841806575589663e-02 -4.144437502890742364e-02 -2.333649124734770569e-02 1.901502734016043139e-02 1.071977964105887277e-01 -6.946269852702345593e-02 -2.078973468344590125e-01 -1.119189561017208123e-01 1.851192188007253214e-01 5.433629637147974201e-02 -9.015296280705001331e-02 -1.103940527867617316e-01 -2.292168415336739151e-01 -8.716950270795413569e-02 -5.383292152219247562e-02 5.755104030623229422e-02 3.492138153563829617e-01 1.411003326558047388e-01 -5.036286886704734872e-03 8.628154473418217507e-02 6.056427413512584235e-02 1.461901006574681527e-01 1.980089323616876854e-02 -1.022862692617532154e-02 -4.746613113318500637e-02 -3.258797922464449787e-03 3.985696193910182039e-01 2.998968414889606748e-01 1.412812985177179792e-01 4.740647516871386857e-01 -1.446728679103588822e-01 2.681851996367913271e-01 2.382296250519101155e-01 -2.242229429236222704e-01 -9.842685327575459442e-02 -1.955320576986807890e-01 1.169759281056497457e-01 1.288399676723647747e-02 5.863069015730661138e-02 1.294364463122778530e-01 8.482882159752555551e-02 -1.531383819842445093e-01 8.687550034321350756e-02 1.271067873996555020e-01 7.185280991512289772e-02 -2.564291722323863362e-02 7.835889797764394871e-03 -7.641011765290364743e-02 -2.371046999414708478e-01 -1.965084888977719491e-01 -2.784489695680412158e-01 -2.505723886280104007e-01 -1.074439302950369601e-01 -4.746381646056264253e-02 -2.442195691917073419e-01 -1.496955646473721591e-01 -1.532810329732773973e-02 2.516801260290632211e-02 4.684816778157119277e-02 -1.243176885300348866e-01 -3.872092519880928480e-02 -1.752968488452117113e-01 -5.636742421154118665e-02 -1.492236865764250686e-01 -1.131291807712147823e-01 -1.963211902283138188e-01 -3.204872726527085991e-01 -3.107553671208730401e-03 -1.434709864234601749e-02 -1.338554142510202105e-01 3.284180343969434618e-02 -1.860408451107590719e-02 2.269732134860744446e-02 -8.969329379502026522e-02 -1.052240247371911686e-01
-2.760505703666932820e-01 -1.316160160701631832e-01 3.641217923665595602e-01 1.620548557628663511e-02 1.019368989172427103e-01 1.000000000000000000e+00 1.418427955833108656e-01 2.399996508854077004e-01 3.936770347132743653e-01 1.775528583248877079e-01 2.703939488979060779e-01 2.745009361904455769e-01 7.842761171952573884e-02 5.199569132361513829e-02 7.642525092762582350e-02 -7.539992978075510388e-02 1.005775660623707685e-01 1.790572751567649501e-01 2.055716330206072695e-01 -2.472290029258096891e-02 1.418582143448902100e-01 -2.490273103852664455e-02 -4.278839172556117565e-02 1.053083299878776052e-01 1.391626455135155649e-01 2.031409892845230103e-01 -6.545170385600027063e-02 1.856548153069909890e-01 2.241428375213016522e-01 1.000072469082341486e-01 -2.613435358014592480e-01 -7.467281020935120917e-02 -2.988266449801224023e-01 6.202441625276167159e-02 1.048627788136371058e-01 9.700263375517655107e-02 -7.188318665840870425e-02 8.892375270263611076e-03 9.866539970042130514e-02 3.361721159026494488e-01 -4.903182808469475767e-02 7.296852536398648614e-02 7.366044092390869324e-02 1.820346522900899780e-02 1.720257623026239246e-01 -2.133041292904374331e-01 -1.793590867845722969e-01 -1.932718221123341518e-01 4.519436626649407929e-01 -1.467059142717997144e-01 -2.292848038329909355e-01 -9.558944900059221372e-02 -1.938088739996407239e-01 -4.411170777856723152e-02 4.331252397207431826e-01 5.207351813340050928e-01 1.062956143779172913e-01 3.604303830108271933e-01 1.380137805856180844e-01 1.239215804227849355e-01 2.288048177208777401e-01 8.181376853627384677e-03 1.102498474198652934e-01 6.927725888282268429e-02 1.443764600846814405e-01 4.210676475327151252e-02 1.879783838333074289e-02 -1.289063508945134532e-04 7.278272439562234394e-03 7.078609430157982441e-02 1.538001070337310372e-01 -3.069858168438205012e-02 -6.712569607559791540e-02 5.467929786407536158e-03 1.610000735412299988e-01 1.184875268894232947e-01 1.866827037006850987e-01 1.442014297480649354e-01 -1.356917795883470501e-01 -3.480211467647844692e-04 6.941942549847243682e-02 -8.092779577987738171e-02 1.539503074448953512e-01 5.971753406284973330e-03 -1.021156519745523017e-01 -1.898984835558326645e-01 -3.325935772950980307e-02 4.841022943069633877e-02 9.312091368555276694e-02 -7.630104173475746321e-02 -9.358234271131068982e-02 1.792487129165955539e-01 -2.707392982604601636e-02 1.046974109883779119e-01 6.186247831493314059e-02 3.295920351987636360e-02 -2.565469960705644703e-01 -1.120760244747531914e-01 1.916009856308701631e-01 -7.511519452458284563e-02
-1.749443135517124992e-01 3.078700374595847999e-01 5.014435338880071091e-01 3.412248153278910068e-01 6.787195850154849330e-02 1.418427955833108656e-01 1.000000000000000000e+00 6.296343064392240230e-01 2.824536134545508892e-01 3.352315668141581800e-03 -1.041558718138674150e-01 -7.414272494665896662e-02 -1.601793826890783590e-02 3.767457757143949371e-02 1.497488568227948458e-01 2.890240327098945738e-01 4.558173548786419865e-02 4.499181916382773982e-01 2.879917516801047683e-01 -7.015747575375093359e-02 2.453835510899401162e-01 -1.936078983253534391e-01 -1.286643319877327218e-01 -3.106358955054043247e-01 6.781324148747565339e-02 -7.222420297332234063e-02 -1.249284764044899798e-01 -1.226739773969075797e-01 -3.628947260058137773e-03 -3.443461964017834054e-02 -2.571106640921295150e-01 -1.519285791184016516e-03 -8.353680028429817661e-02 -1.791127255828145817e-02 -1.711178961964708034e-01 -6.489357906405297804e-02 -2.654203901613493288e-01 2.393965535497986352e-01 8.508926008612108238e-02 2.406444171448441915e-01 -2.084991752313826718e-01 -1.654397659745140137e-01 5.930009613038542127e-02 1.639498463348148527e-01 1.829429524982202349e-01 9.769593179997591512e-03 -1.249941583029040570e-01 -2.760548819184695524e-01 9.085270518290564090e-02 -9.985394649217671503e-02 8.409663485490032064e-02 2.661691818989349589e-01 2.763608389238623175e-01 -2.169034901784640604e-02 5.899263810761930932e-02 2.550063342413685930e-01 6.129752012230820224e-01 4.339304900412377375e-01 -5.679631832435882294e-02 -9.568457065703164788e-02 6.299567945428789784e-02 2.563557785006463988e-02 -1.328039755486399021e-01 1.955457477437499425e-01 2.591189486649629337e-01 1.387733453438674547e-01 5.209229025994270568e-02 1.873593346826368522e-01 -3.154069187306216687e-02 2.226507683601864906e-01 1.288898537121948296e-01 -2.002995832770780582e-01 -2.362832545811398635e-02 9.659511064375601863e-02 1.515616506310697546e-02 -2.209751465057826353e-02 3.214443635845882011e-03 -1.369038611224289159e-01 -3.878687530764766689e-01 -3.097075925130501547e-02 -3.945806675114092998e-01 -4.462537728257633951e-01 2.670079188684153504e-01 -6.948487739395051155e-02 -2.867434866654053893e-01 -4.167849581128714731e-01 -1.947396543775566924e-01 -3.471456220674283832e-01 -7.651620474645209891e-02 -3.912192382563659532e-01 -2.265830900730102793e-01 4.017848125348801036e-02 -1.478966287965399751e-01 1.650827935003583435e-01 -9.864241637984937083e-02 1.282354118505717733e-01 -2.190938740131455342e-01 -2.595804313296591337e-01 -5.398783840530189254e-02 -9.134756563863208334e-02
-7.455594490156311482e-02 4.273224040655310696e-01 6.076980877469536635e-01 3.381455663833101699e-01 2.737086220732953823e-01 2.399996508854077004e-01 6.296343064392240230e-01 1.000000000000000000e+00 4.463203090763060987e-01 -4.491322194614121716e-02 -7.916937753413452739e-02 -8.332261147852573768e-02 3.377944253602384317e-02 1.207526351554805144e-01 2.152606041041536244e-01 2.292359782460196005e-01 6.665105787046199382e-02 5.933162652713277474e-01 3.314082679634406392e-01 -4.387531156580058017e-02 3.143320658264110445e-01 -1.497475579010200120e-01 -4.104332318463248946e-02 -2.013328739555089453e-01 1.862216821308455839e-02 2.397231801840871493e-02 -1.201857333305541148e-01 -1.147520302111802171e-01 8.211668053807788525e-02 -2.833060627607871581e-03 -4.221249088581063846e-01 -8.390115769233967569e-02 -2.163839055172782078e-01 4.804264775843118673e-02 -6.281794280727295843e-02 -5.953082722515778274e-02 -2.545578003158248670e-01 2.989573069776686395e-02 -1.669197925713971492e-02 1.155591351194945882e-01 -2.690670690110809060e-01 -5.993016048408420643e-02 1.765675151156442246e-01 4.550377257926541130e-02 2.869326878795180891e-01 -1.130995634088392265e-01 -1.616572248263628553e-01 -3.434662957253742932e-01 7.256632087252577745e-02 -1.901323816425276869e-01 1.058145504919485828e-02 3.793841720111195137e-01 2.648353789655977786e-01 1.623741960910621632e-02 2.336708491990050485e-01 2.151483188012522918e-01 6.768579241011982717e-01 6.500281227898616621e-01 -1.247818739670400051e-01 -1.054232284226010036e-01 1.161244713555911884e-01 5.345573080674064642e-02 1.770375786423464964e-02 2.018090960727162986e-01 3.532265500424094373e-01 1.821757666731413094e-01 -7.705608486857246087e-02 1.845505066178203535e-01 -7.012279517331530647e-03 3.538510873264847922e-01 1.647461512197139488e-01 -1.328401729691940647e-01 -1.282523307722698291e-01 -4.578089902513675369e-02 -2.339625109668969430e-02 -2.968139410293041576e-03 4.490617238301568281e-02 -1.531394522409500469e-01 -4.501318618100746405e-01 -1.049770240826110868e-01 -2.284022229940731452e-01 -4.158591438509840477e-01 3.570698282693563486e-01 4.372906381186290881e-02 -2.692055650968728231e-01 -4.090227142244009517e-01 -2.067347639502130352e-01 -3.107235851112478131e-01 -4.820892644695655427e-02 -4.173067026884220154e-01 -4.511851164442129969e-01 -7.731610463020352486e-02 -2.245538831201509822e-01 1.704478240167786318e-01 4.092688693101102088e-02 -1.286855709028995832e-03 -3.115771617771975199e-01 -3.346013528699893769e-01 -6.265899775884123390e-02 -2.042733550283641342e-01
-1.354195758923522862e-02 1.174020916002258691e-01 3.107847185679513680e-01 4.533375063810295147e-02 1.540205317205971813e-01 3.936770347132743653e-01 2.824536134545508892e-01 4.463203090763060987e-01 1.000000000000000000e+00 5.598355613786738891e-05 -4.800804788500596249e-02 -1.187075033316142558e-01 -2.101551437656048460e-01 -1.023976139397740764e-01 -8.018041410763621091e-02 6.828388053069835151e-02 -2.277496194783193983e-01 4.770330726073022110e-01 -7.247538810596668157e-02 3.494628698404182998e-01 1.189101505901589140e-01 -2.109144327483760684e-01 -3.545127441586772704e-02 -2.188778733314463709e-01 -3.574170243601309388e-02 5.854145550548619376e-02 1.020322852867448227e-01 6.459807268861110507e-02 2.569983382676438444e-01 1.920019569368493564e-02 -2.909124852420135743e-01 -9.991263370606605354e-02 -2.460466009342920923e-01 -3.083405245206675971e-02 -8.108689041051639346e-02 2.744174506668791702e-01 9.872759574148530504e-02 -1.892984160230408441e-01 -1.449775925116840447e-01 1.246394308247452710e-02 -1.864026570393575999e-01 4.130257894741051761e-02 -1.172788403961565473e-01 1.596680593314527344e-02 2.311340769284047497e-02 -8.032088259829736621e-02 -1.200494862974176014e-01 -3.367850302564391329e-01 3.241898584896124036e-01 1.795357526594158065e-03 1.064213281264572708e-02 1.106325729890908355e-01 9.154333761208956199e-02 7.306600183227685008e-02 4.068078200097773323e-01 3.719928836938496408e-01 3.415685804729216568e-01 6.803841333320252982e-01 -9.463099270532580876e-02 -1.042077250416548612e-01 -1.009600368997182057e-01 -2.200364689440078014e-01 -2.789856495205379414e-02 -1.299447225434478825e-01 2.502127757601939687e-02 -8.263142520998714713e-02 6.284945910597643237e-02 -1.901770083060668748e-01 -1.044386004767811071e-01 3.093762620000077290e-01 1.124793122464820411e-01 -1.831959988133542716e-01 -8.163911119180780607e-02 -7.678584698631087113e-02 -2.164593175372026002e-01 -1.351964388772833141e-02 1.713435938813860360e-01 8.566343041751416088e-02 -1.945399749635478848e-01 -1.115042289473430759e-01 -1.306327356351179025e-01 -1.578478853422536909e-01 1.527113696138157443e-02 -6.803317562522778750e-02 7.815046728470274873e-02 -1.904220748200665392e-01 1.232187373469687541e-01 1.631732829407220309e-03 3.184303677259509024e-01 -1.211172483733119198e-01 -2.891917334620179858e-01 -6.722684205621780318e-02 -1.628406879444526667e-01 1.726394263866642617e-02 -4.204168931472433701e-02 -6.943089481037494071e-02 -1.587054476485476595e-01 -2.120767840092623036e-01 2.560214764332915394e-01 4.608655965760424800e-02
-4.422865604930765748e-01 -2.099934581063992167e-01 -1.043959859031736853e-01 -2.302787020703452037e-01 -3.302458122204404711e-01 1.775528583248877079e-01 3.352315668141581800e-03 -4.491322194614121716e-02 5.598355613786738891e-05 1.000000000000000000e+00 4.972251644075188493e-01 3.916164632745999241e-01 1.029091738315755095e-01 -1.338726508530606041e-01 -2.103724178014815260e-01 1.021368978277850670e-01 -3.030699787637881545e-02 -1.118166858762707216e-01 -9.421383982304687432e-02 5.164260376798997937e-02 -1.975910498142623428e-01 1.430109711993640120e-01 -2.162685785608903510e-01 3.119835917227594124e-01 5.464433154804847481e-01 1.165719387953235431e-01 -1.881461094870537365e-01 3.681284854052617461e-02 1.327232857996686333e-01 -1.664921864319522105e-01 -1.020706720793601759e-02 2.241703917906554822e-01 1.370277069859673902e-01 -1.082065041547360940e-01 6.618509088836016518e-02 -2.205500216495811031e-02 1.371782339370054005e-01 2.044879345095945711e-01 3.440835710267565739e-01 2.498427417076694856e-01 -4.124129337439832316e-02 -1.507615409496177450e-01 -5.370611370137893387e-02 -4.414882917460308427e-03 -8.392874210409868863e-02 -3.032472414711326336e-01 -2.647028709079942699e-01 -1.537946942156424857e-01 4.314657837214262021e-02 -2.007975854414061345e-01 -1.003579692077531532e-01 -1.558643531291356576e-01 -5.106733472335558410e-01 1.122900475425948619e-01 -9.902830381550521699e-02 3.421693282472519360e-01 -9.940810617383433190e-02 -4.168135060590699020e-03 6.053738851684188349e-01 1.781350634615378459e-01 3.378322183185555883e-01 -4.942750606606285957e-02 7.749729194398578304e-03 -2.254389867249178836e-01 -3.065199578089686794e-01 -2.216740036876709008e-01 1.584375039350373326e-01 -2.286762046357353750e-01 -2.060728753861662821e-01 -6.281212442193494228e-02 -3.405090251880937835e-02 5.766962223553305511e-02 -1.278865821938389713e-01 4.968525430984107594e-01 2.975831208405890216e-01 2.917310385780856885e-01 2.217845796603132025e-01 5.246442275122589066e-02 -7.300998177986539606e-02 1.877481366756248160e-01 2.491774519461738280e-01 6.899459345337025096e-02 -2.835165182644549045e-02 7.287321760801562798e-02 -7.424819438492175072e-02 5.172235076828391592e-03 1.456094855672860899e-01 1.346000973397261657e-01 9.435031198093048188e-02 1.799800389998959249e-01 1.574552759729550833e-01 6.034501149614277526e-01 2.928398138196717237e-01 1.457981410766735764e-01 2.292244771330592679e-01 -1.683606627848842074e-01 -2.429119111053043567e-01 -2.670716480705551676e-01 1.533201551553394285e-02 -9.515704842270679420e-02
-2.911862374909576778e-01 -3.966691335877191582e-01 -2.510587130626272256e-01 -2.965329636906867683e-01 -1.525765241198610012e-01 2.703939488979060779e-01 -1.041558718138674150e-01 -7.916937753413452739e-02 -4.800804788500596249e-02 4.972251644075188493e-01 1.000000000000000000e+00 6.074426722409344004e-01 3.551983004007449041e-01 8.238815227710701017e-02 -1.492526894344235744e-01 -1.859473678231665650e-02 1.874050827669632158e-01 -1.573284328029339318e-01 1.093792352903188020e-01 -4.738129067686805418e-02 -1.991139595192319423e-01 2.757085827002827561e-01 -1.543451509912110997e-01 3.207375358071112847e-01 4.705396342224199002e-01 2.468152665330168305e-01 -1.680130275829503084e-01 2.292332337403957532e-01 1.155938714361189334e-01 -1.125920897682715638e-01 7.528522601697082677e-05 1.242879633813921830e-01 2.422695806745514893e-02 -1.067349859679591756e-01 2.774673008100477234e-01 -8.763276624867719078e-02 6.324897155589045972e-02 6.661612153274935888e-02 1.764377294262985396e-01 2.426124592922781001e-02 3.281107084188292222e-02 2.477975320379633695e-01 1.221206199021683397e-01 6.215702160597012110e-02 5.287554895550997808e-02 -2.302617231032511591e-01 -2.393905805907229623e-01 -1.240083094265435615e-01 1.227669216986920775e-01 -1.847826731777462428e-01 -1.866506509049772888e-01 -2.430239995416000609e-01 -5.651524645465988428e-01 1.895854504180887468e-01 1.584669670952505161e-01 2.106468288232626884e-01 -1.546228101338224248e-01 5.497577610121312866e-03 5.993599266873231857e-01 4.542258809177954770e-01 4.156437414595839930e-01 2.808108690195173507e-01 2.429329550211343780e-01 -4.126573017868646193e-02 -2.655550657946100790e-01 -6.855851465379902976e-02 1.297090192589296920e-01 -5.440101764449443121e-03 -2.014108582378736079e-01 -9.104796671245177220e-02 1.065794849412561446e-01 2.932722271950978232e-01 -5.560835977702236615e-02 2.069371253243267317e-01 4.119480741368459209e-01 2.961330550713070497e-01 8.980864189948313536e-02 1.161322839607510093e-01 -7.483947149138554800e-02 1.076268972505866200e-01 1.506572149830920637e-01 1.895489634175864455e-02 -6.007092545062666343e-03 9.749323712970513200e-02 -7.673463492526727547e-02 -1.252045554646436798e-01 -1.787300103831942696e-02 1.970816211149102326e-01 2.949029879210988275e-02 1.097234467952624554e-01 1.142180053391156913e-01 5.204159129763250569e-01 2.052781366702278176e-01 1.826056107384350577e-02 1.974191496076011243e-01 -6.994488128890384571e-02 -1.789602798045461796e-01 -1.470008522953672181e-01 6.134138825536163825e-02 -3.190608300369689870e-02
-1.881651754706604729e-01 -3.363009782123661529e-01 -9.889678610127866643e-02 -2.090355257385265453e-01 -1.082372775988131169e-01 2.745009361904455769e-01 -7.414272494665896662e-02 -8.332261147852573768e-02 -1.187075033316142558e-01 3.916164632745999241e-01 6.074426722409344004e-01 1.000000000000000000e+00 3.885952289793501713e-01 1.543941467990971039e-01 1.051651565953040796e-01 -7.279378010853940206e-02 3.288275163790735922e-01 -1.254888325058841902e-01 1.897887869933845284e-01 -1.430183698101140932e-01 -1.089731984432835456e-02 2.025358706069285974e-01 -7.346919281032493476e-02 3.533223680772706876e-01 4.157016825349700295e-01 4.090919174616876042e-01 -1.370714413798085063e-01 3.173264521056511356e-01 1.332870542691367566e-01 -1.145893081462069120e-02 -1.565115268591493747e-02 9.204506678022962574e-02 1.458970734281659840e-02 -4.713742888537639231e-02 3.179822985758928855e-01 -1.647353367024230741e-01 -7.587510489575106931e-02 7.604962462813616431e-02 2.370935411048317731e-01 1.159589115363784950e-01 -1.767490055717544917e-01 2.650361002658215837e-01 1.516147352959075767e-01 9.346197965552879849e-02 1.040467756899636220e-01 -2.647309420292032756e-01 -3.238403924036156178e-01 -7.790788699755329949e-02 1.049671795377416089e-01 -2.540876977545293292e-01 -6.796235297643231366e-02 -1.538031363084998160e-01 -3.389381632373779651e-01 2.519947440648096990e-02 1.531269369731072527e-01 1.780402868249301995e-01 -8.859006427813108375e-02 -8.130158190049667152e-03 5.045480729644297169e-01 5.412136239740823473e-01 4.836422731065703196e-01 3.303160928598111723e-01 2.215358087507901252e-01 1.229528630100364950e-01 -9.847074565667539303e-02 1.094178327853827654e-01 1.265964130738295168e-01 1.311167492390682421e-01 -2.697260770040616623e-02 -5.379948484774878248e-02 1.712989572116131731e-01 3.274494919895507006e-01 1.237362804569938496e-01 1.850199151547017029e-01 5.783708281396212625e-01 3.675114280899258734e-01 9.633728412667420804e-02 2.175924718336283981e-01 -1.428060870358509038e-01 5.630394567450340559e-02 1.294513187457718151e-01 -1.524342927066990594e-01 5.264430962315010815e-02 1.258896729121315450e-01 -1.637862385013092448e-01 -1.926808790024265583e-01 -1.150156987013358501e-01 1.738962858015476731e-01 -6.463646781678043796e-02 2.874143978181982820e-02 1.134270306068456274e-01 3.865122222074627856e-01 2.225335624456237227e-01 8.115497440315753638e-03 1.971525217420061205e-01 2.739577727265011045e-02 -1.960956456649431412e-01 -1.146968448532850737e-01 3.732670953747588977e-02 -9.956486166654168746e-02
-9.593001155075715769e-02 -2.339972794568919712e-01 -7.541168351536130243e-02 -2.513725945089728686e-01 -2.054775746681179738e-02 7.842761171952573884e-02 -1.601793826890783590e-02 3.377944253602384317e-02 -2.101551437656048460e-01 1.029091738315755095e-01 3.551983004007449041e-01 3.885952289793501713e-01 1.000000000000000000e+00 5.808576984032455259e-01 3.489190400087109345e-01 1.957966974957145792e-02 5.680762127085624558e-01 -2.060718304730596584e-02 3.819758961912448902e-01 -3.950473963498278840e-01 2.509239780013961529e-01 4.821090113628697105e-01 2.724077825394806140e-01 2.255972508441303204e-01 1.965188813527320999e-01 4.199912917985907934e-01 -2.008810476928695465e-01 2.393855395170253753e-01 1.811792758375036297e-02 1.997218475885446931e-01 4.694994556827484372e-02 2.526508981673116216e-01 1.547050126574057161e-01 5.822445746818427637e-02 3.941143545521619274e-01 -4.171138604731323696e-01 -3.152725048747396230e-01 4.282096679836622927e-02 1.295171224945155242e-01 -1.571618385758263015e-01 -2.182132516297874691e-01 7.807335449533839289e-02 3.964051455736816720e-01 -2.312181126636013162e-01 2.173961324830587793e-01 -2.032729562009806534e-01 -6.000546359538283525e-02 8.432672821334775970e-02 -1.775963004066814788e-01 -3.233491472195469951e-01 8.497774301887227322e-02 -1.957150500713713825e-01 -9.790073251036167379e-02 -2.305006949740675826e-01 1.404951312697449994e-01 1.069946181611554498e-01 8.029855855023807637e-03 -1.152619062213445511e-01 2.221947339092897045e-01 3.932675632589001657e-01 6.090535653052372433e-01 7.680428965863358437e-01 6.250600753681672117e-01 4.892220555847676677e-01 2.686010541551815956e-01 4.764715911181572894e-01 -1.986466249258499184e-01 5.084346890770874428e-01 1.389331052124761490e-01 5.683835639537661300e-02 2.234952118133820831e-01 5.122047097228767942e-01 3.300685869395050265e-01 2.223709439064927573e-01 4.723046034001613935e-01 3.883427594106963476e-01 1.252934423379138962e-01 2.653169303804978618e-01 -3.211256719682799993e-02 1.633924935673221335e-01 1.111953153357074092e-01 -2.230982211007940808e-01 1.189850236874388512e-01 2.959467533493206348e-01 -1.295927645814140272e-01 -1.037823372911319403e-02 -3.430399606336975160e-01 6.001223197856329905e-02 -2.751398629297655551e-01 -2.185179468730694130e-01 -3.418220689370558493e-03 1.348614260850323210e-01 1.263692440434495967e-01 -3.571707190066120141e-02 2.796842362925113235e-01 -1.821257985187741124e-01 -2.235560424694366666e-01 -6.330540622127776851e-02 -1.185781815653885185e-01 -2.736468763963951223e-01
9.287331270852508536e-02 -1.317027485315943880e-01 -1.363680420193692441e-02 -1.865506336375871710e-01 8.579146753361004130e-02 5.199569132361513829e-02 3.767457757143949371e-02 1.207526351554805144e-01 -1.023976139397740764e-01 -1.338726508530606041e-01 8.238815227710701017e-02 1.543941467990971039e-01 5.808576984032455259e-01 1.000000000000000000e+00 5.804847730702565878e-01 4.716774891198650260e-02 6.305879025891567569e-01 1.265725366236026550e-01 5.978450818777373277e-01 -3.762889214361455070e-01 5.394506657850167697e-01 3.218407852367715094e-01 4.468275579355527882e-01 2.531657628099266422e-01 -1.386256699713644680e-01 3.026919418860976596e-01 -1.719471006956967141e-01 2.189409555018703712e-01 1.639335524909295849e-01 3.952581442898933095e-01 3.948506301410159569e-02 8.142085911399747633e-02 8.909984318991701069e-02 2.421232732238929319e-01 2.692829073443743226e-01 -3.950155177654283145e-01 -2.705650569655706494e-01 -1.402748011953180718e-01 2.765466797156570025e-02 -1.984189813777917921e-01 -1.728247968290235193e-01 7.375110543773796823e-02 3.487422674343572115e-01 -2.773484178501275377e-01 1.937373043558021091e-01 -8.155227332691321329e-02 3.754154826670862838e-02 6.780416549392359604e-02 -2.755050774359746324e-01 -1.988652743603611939e-01 1.686713150169038833e-01 -2.446417845966082361e-01 1.392821757665995419e-01 -4.245855936959849752e-01 1.662381335805333260e-01 -6.901097948179642227e-02 1.083074885569636492e-01 -7.177565696004480078e-02 -9.075820399272045702e-02 1.736736970579363104e-01 3.567487035979879928e-01 5.929480465979797277e-01 5.660700509262379665e-01 6.589487775007670800e-01 5.385754281186873049e-01 6.740491121862424162e-01 -3.318716006839880772e-01 6.608231507481694411e-01 3.341212666636506623e-01 1.804778573455081692e-01 4.472058438067079145e-01 3.728587945889927924e-01 3.558490420947622579e-01 1.038573137933814818e-02 2.742257715352895975e-01 1.328630198512285310e-01 8.199134245531600196e-02 2.425016347448499254e-01 -9.893165983938112182e-03 -6.359518544800961404e-02 1.081869424872815705e-01 -2.307276139989651031e-01 6.559378432741236331e-02 1.158715903947755144e-01 -1.134484302495042951e-01 -7.988436641487413337e-02 -3.438063802168762062e-01 -4.336929568567353399e-02 -3.153234787989711574e-01 -3.577705954390163479e-01 -2.156004631779800951e-01 -2.507238746826230824e-01 8.555335234680116335e-03 -2.312370208274736882e-01 1.257455221950099511e-01 -2.063593547040760146e-01 -2.559370555238646983e-01 1.919061765554398724e-02 -2.042883068293939175e-01 -2.332030780829901784e-01
4.686566192840794370e-02 2.692683629084480224e-02 2.632990720965138753e-01 1.362719598296951440e-01 6.599166422622713968e-02 7.642525092762582350e-02 1.497488568227948458e-01 2.152606041041536244e-01 -8.018041410763621091e-02 -2.103724178014815260e-01 -1.492526894344235744e-01 1.051651565953040796e-01 3.489190400087109345e-01 5.804847730702565878e-01 1.000000000000000000e+00 -1.623587034336897994e-01 4.559736595739899978e-01 1.998860749737434161e-01 4.886207654873687134e-01 -3.575942051255339704e-01 5.725357098465714278e-01 -6.616962342710121237e-04 2.956616009432749825e-01 1.549602220604891778e-01 -2.165073545488224449e-01 1.577533684510172007e-01 -1.274853857999688478e-01 1.095429279810885281e-01 1.203007215850408623e-01 2.751873200519790452e-01 -1.785915772283844793e-01 -1.037744153643247180e-01 -1.386960857264340763e-01 3.163247198738394772e-01 4.759270403786551584e-02 -2.136967868399198278e-01 -2.797816485962683619e-01 -3.944625984191661716e-02 -3.824327836809383874e-02 7.748619546427917837e-02 -1.925345528513975335e-01 -7.695740178640256279e-02 1.712490884811140035e-01 1.212146066991920922e-02 3.424264350300607607e-01 -2.498057385812011214e-02 -8.123398897823007336e-02 8.740330292226576592e-02 -1.188787294738497674e-01 -1.113546044788495532e-01 5.110668992656108162e-02 -5.645936497885331584e-02 2.667505756018648810e-01 -3.627901968512154962e-01 -1.338796200577264776e-02 -7.210401738147476092e-02 1.161110076224829563e-01 1.888350856870871577e-02 -2.707110283259811512e-01 1.593164070247276576e-01 2.566655161096726423e-01 3.360785437338029702e-01 2.844516660924772400e-01 6.335048159330746165e-01 6.702632565944437459e-01 7.256179865845645560e-01 -3.687178783205946608e-01 5.106823741541957062e-01 4.359367461849502079e-01 1.465216478852514881e-01 3.386003837070143407e-01 6.681393977368058068e-02 2.112567630767198112e-01 -1.490761334941369531e-01 1.788474193750874131e-01 5.361294746052139987e-02 1.163188028723144141e-01 1.146574977759956676e-01 -1.110087920619242247e-01 -1.211020865838666333e-01 1.879134064805751750e-02 -3.100018330992866389e-01 2.472004415836446534e-01 5.416134504115321067e-03 -2.469360224719049368e-01 -2.398024864050853355e-01 -2.609770699872721034e-01 -1.979958256223388613e-01 -3.255868243416402685e-01 -4.127782623878950563e-01 -1.668818508439972037e-01 -3.264040697538779789e-01 -1.488562282501059986e-01 -2.124598048183419172e-02 7.323680437509007268e-02 9.287507503386319141e-02 -1.219119244998944501e-01 2.963429922690491089e-02 -1.900993315341931167e-01 -2.015353077881106014e-01
