1.000000000000000000e+00 3.686207584760594486e-03 -9.399257547818873348e-02 2.017004623334761604e-01 2.057184058079734035e-01 -1.325677097775979779e-02 5.516191014143023014e-02 3.792470087739564094e-02 -2.205546755669433590e-01 3.907070861638264336e-01 -1.779054224889911606e-02 1.858392240080630753e-01 -2.013469352250360847e-02 5.341909856560832226e-02 -1.014875043929349685e-01 1.383039137519880835e-01 -1.608835622195295689e-01 -8.485214351934765309e-02 -2.298986162335124039e-01 -8.454171601696006122e-02 -1.719157902127146920e-01 -1.938863088353448283e-01 -2.139065437283345916e-01 -5.208278018746141658e-02 2.683461990206004733e-01 -2.702119578049526349e-02 -2.109432564767770024e-01 -1.967881582613627001e-01 -1.240444425635805620e-01 -1.145676915183336669e-01 -1.435351447480622544e-01 2.997843528723611595e-01 2.250745249855925778e-01 -2.069142879037550453e-01 -1.443248086616815140e-01 1.437234552277265147e-02 -1.781912718742892712e-02 1.176343075328789983e-01 -2.049684766261651581e-01 -1.406822995577068081e-01 -1.854576821018344146e-01 -2.084539042776854464e-02 -2.021187570520712184e-01 6.376852591214395016e-02 -1.334279429709354925e-01 -1.770609529553037187e-01 -2.885459092604903963e-01 -1.134301454081014515e-01 5.578433172059434064e-02 6.453002383896644378e-02 3.018079791902913422e-01 2.148658146810407399e-02 9.523077682498320984e-02 -5.300104247631211296e-02 -1.114007111832490682e-01 8.639602942833760069e-02 -9.647543115766826771e-02 -1.385119811436573145e-01 6.519084658541088317e-02 2.094701488960363511e-01 9.439796174592512620e-03 -4.886544228886554285e-03 1.224336357201034550e-02 8.381148929691674410e-02 -2.797406119100201080e-02 -6.432851771591376056e-02 -1.317808367559974714e-01 -1.784849320245315840e-01 -1.952415346873624946e-01 -1.229400840444380555e-01 -5.656185615922211529e-02 -1.740899064182777622e-01 -1.756649325558451158e-01 -9.338019717478872328e-02 -7.631951449761004147e-02 1.633198925372651988e-01 -5.715930554932249774e-02 -6.096607128263539094e-02 -1.004308053133950579e-01 1.578606370883182675e-01 -1.159969789248377348e-01 -7.123651851621660980e-02 -1.042081446984020887e-01 -2.180378964734965841e-01 -1.384099011415415026e-01 -1.106713823450889422e-01 5.986485181629645075e-02 -5.592449356812712047e-02 4.499466161185680657e-02 -2.291804353526096794e-01 6.446821679726201515e-02 1.658851695763484957e-01 -1.717371766127928912e-01 3.202553895235942805e-01 -1.901531817113453204e-01 9.896537488741372068e-02 1.630266219857891274e-02 2.648944993003803788e-02 1.324741470870887117e-01 4.217640050639216015e-02
3.686207584760594486e-03 1.000000000000000000e+00 -7.215613439072716961e-02 5.539281801137566769e-02 4.872551409484173618e-02 -1.732274020618307375e-01 -9.011108831490764748e-02 -1.053144612484382264e-01 -7.983687183246880592e-02 -4.906584119435319913e-02 -9.830092472066308262e-02 1.401975238169844706e-02 4.477177215860090459e-02 -8.747469579589201016e-02 -3.816728897420911676e-02 2.107426321832951144e-01 3.731091760900930726e-02 1.339606484047524693e-01 7.528947206984375196e-02 -6.611476704689483661e-03 -5.675168490948883510e-03 1.468669337689378768e-03 -1.221801455910402484e-01 -1.688097476015228970e-01 -8.929082398383050845e-02 -4.002446361756404475e-02 3.081340423201344228e-02 1.024588668880692666e-01 -1.648952505269565272e-01 -6.468721169515065372e-02 -5.931863778928658099e-02 -8.982591566466897881e-02 2.999532649560769648e-02 1.944899577114952705e-01 3.653211834050949791e-02 1.045693679694258971e-01 1.711181842763645489e-01 -9.658731218941503383e-02 3.990333020455407581e-02 -2.468438270380227395e-01 -8.515009245830050533e-02 2.323159913271462262e-01 -1.119708721899784903e-01 -6.872677105341612469e-02 1.426916004861003172e-03 1.736330657969462022e-03 -7.649487656779736799e-02 -2.714625484244253054e-02 -5.139754231375993215e-02 5.469978996509768793e-02 -5.886242728545942188e-02 2.005290791579626974e-01 7.273634707126168386e-02 -1.441106274819708433e-01 7.006733802161045632e-02 -2.303346904193200317e-01 -1.379627567389233589e-01 -1.599052351575750153e-01 -1.268914754328580863e-01 -2.532970511602834762e-02 -2.650762888203734777e-02 4.157284061304235973e-02 -1.046460145473766534e-01 -1.093738270138259194e-01 1.161135184959638106e-01 -1.596202475740250148e-01 -3.239630066579686773e-01 6.060317458493801740e-02 7.184072987972187074e-02 2.626831277466743636e-02 -5.997369250491613180e-02 -9.331641004495118408e-02 1.028681786731060199e-01 -2.773094627969343584e-01 -6.113390692765847262e-02 -1.094377958652573285e-01 -5.200529055822719626e-02 -1.255796449198424980e-01 -1.180692457652976063e-01 -3.593757450170140255e-02 -4.166624694471314505e-02 -9.936319447499050717e-02 -2.155573873052236966e-01 -1.304099898777574262e-01 -3.727107165301987018e-02 -1.096298139663784421e-01 7.342518664936299733e-02 -2.346937455618390914e-02 -3.538750943401454407e-02 -2.058973863732170284e-01 -2.133317407218341955e-01 -2.403054111960443995e-01 -9.902279982549749837e-02 -2.620022379061648712e-02 -1.412954013518096519e-01 -8.678496462757803731e-02 -7.657909329903429818e-02 -7.439393910814119659e-02 1.371754847826558293e-02 6.519649033820623663e-02
-9.399257547818873348e-02 -7.215613439072716961e-02 1.000000000000000000e+00 -8.121191075103338652e-02 2.245170186022815983e-01 2.398613170692235619e-01 3.027948364373075352e-01 2.603421461242848567e-01 1.252169627631780774e-02 -1.030930584685095935e-01 2.574165429393402565e-02 1.304627549243121687e-01 4.316915159038928196e-02 -6.600137761210347898e-02 1.191112977709992138e-01 5.130164502102306512e-02 -1.177220254475292577e-01 -1.385034446465878699e-01 -6.127487536800718670e-02 -1.657603770428303924e-01 6.646612096644213818e-02 -1.857218236076051410e-01 -1.638113836717834115e-01 1.236993828973084603e-01 7.529988368739189836e-03 2.634352264614833738e-01 1.147994965761070935e-01 2.320063940677448422e-02 2.012630073471103898e-01 -7.788426405384306361e-02 -2.079224902009458587e-01 1.023562887884810618e-01 -3.158001555826169815e-01 -1.869868388335388376e-01 -1.941002201989205367e-01 -1.383945142360885894e-01 1.253770165405580263e-02 -1.728931976511650648e-01 1.462875593933593045e-02 5.489307589566234241e-02 -1.676296910692693654e-01 4.735902766152558924e-02 1.819281085653337016e-01 -1.199886165827892398e-01 -1.622898854793352330e-01 -1.770580999441503101e-01 -7.744430255985165767e-02 -3.075873716654967671e-01 9.572400980807305171e-02 -2.813905072049004974e-01 9.391059096225309877e-02 2.041921565197827027e-01 3.324232998240073816e-02 2.387708267205593260e-01 -5.278998079535353327e-02 4.354929939271340311e-01 2.620252463035840362e-01 2.265311475241837402e-01 -6.667331762852643506e-02 -1.023150950249004792e-01 4.257861317950246277e-02 5.779840749406450762e-02 -6.469495831445699202e-03 -5.314413978949578815e-02 7.037244033749344430e-02 9.472402969620813407e-02 3.761698209868927223e-02 6.935395968561118910e-03 7.168144550050914443e-02 -2.444805840015046652e-02 2.200921326831786415e-02 8.182981484793860893e-02 -1.107052623878262698e-01 7.856220067415997654e-02 1.227306571284219744e-01 -2.460932312685727447e-03 1.442434259669801710e-01 1.101095352822659178e-03 -1.303505403469412127e-01 2.747269780937918165e-03 7.855202093554043696e-02 -1.371182342112035046e-01 -8.134122225196364908e-02 5.031058813150254827e-02 1.110782224874568291e-01 -1.005598320001240137e-01 3.872201600355545253e-02 9.599381015682093010e-02 -1.173465485375869838e-01 5.761091368921018863e-02 -1.247422627659749844e-01 1.220634702564654811e-01 6.227548246254288600e-02 -2.370247151046904754e-01 2.548630442041949773e-01 -2.491339533553897923e-01 -1.118460795406726604e-01 -2.059926960192446921e-01 -9.210582743795378557e-02 -2.467266398975589137e-01
2.017004623334761604e-01 5.539281801137566769e-02 -8.121191075103338652e-02 1.000000000000000000e+00 -5.348276223795551260e-02 8.371120179454481780e-02 -3.384881400983298649e-02 1.178280321955946786e-01 -1.898815355931702253e-01 1.652571296994605754e-01 -4.886854162624582748e-02 -9.024282612339995513e-02 -1.450581199306782976e-01 -6.648770975607067035e-02 5.699403512812683398e-02 -3.449150828957577020e-02 2.538825132886010291e-02 1.688687605496293903e-02 1.295968692541245304e-02 -1.374842950680286169e-01 6.326046176337920927e-03 -6.798342692332742798e-02 1.133506448514647463e-01 3.500695272877127340e-02 1.186532797101988307e-01 7.356549591832835765e-03 9.346971593064971190e-03 -9.919184336958886128e-02 -1.475082382606423825e-01 1.361467058204342100e-02 -1.172248624366268865e-01 2.699491391940616603e-01 -1.393384632674398993e-01 -4.005688945998788289e-03 -8.489454286353291523e-02 -4.175928279345115374e-02 -8.906195599810956542e-02 -2.093456830607788310e-01 -3.153665549856189410e-01 -1.340634011797897374e-01 -1.870752609070535366e-01 -1.341042284283733843e-01 -1.944775558071124011e-01 -1.438356329957674040e-01 -8.824347629535320148e-02 -1.610996773739704346e-01 3.814315239890057191e-02 3.457853547630777846e-02 -2.331857030570017031e-02 -5.329605428005229628e-02 -7.418258813907892268e-02 -5.413022362452928060e-02 -8.017228971835999030e-02 3.860985558873258200e-02 3.053800715589677361e-02 -2.373764307410192349e-03 6.696980082817002855e-02 -2.733961084204884415e-02 -2.336299478227975984e-02 4.747905789473614441e-02 -9.108173475979419731e-02 -6.366399901906119596e-02 -2.562030178354027157e-03 9.100090667292455582e-02 3.364696123722480531e-02 1.854107801456688631e-01 2.306920275071088280e-02 4.528043387665961483e-02 1.103135453723107923e-01 1.433823095381139834e-02 1.132770998434546594e-01 2.876976861761459947e-02 6.749102902286462091e-02 -9.274500529336411614e-02 -5.481011306246841297e-02 9.428589490971794884e-02 9.501738660203096210e-02 2.232114165727674404e-01 6.303008769057386051e-02 1.847069270345876868e-01 -3.287018336305972538e-02 -3.930567352625947281e-02 -8.937759287683676168e-02 -2.402235162387258982e-02 9.538607535590140629e-02 4.124264526433938510e-02 -3.969195099997435694e-02 -1.428807201265566151e-01 -4.324383329754537264e-02 -9.661924305267621804e-02 -9.484322626446016480e-02 -8.949672623337855126e-02 -8.007646373007144824e-02 2.196959167804192758e-01 -1.303748159479978241e-01 -2.802653191385767392e-02 4.665664419364647965e-03 1.311214029296347838e-01 5.502062725990305471e-03 -6.762004180933675612e-02
2.057184058079734035e-01 4.872551409484173618e-02 2.245170186022815983e-01 -5.348276223795551260e-02 1.000000000000000000e+00 2.927402431571582975e-01 1.148513505841346760e-01 6.081916594698077300e-02 -2.726261584676484967e-02 3.107731372906962549e-03 5.112051580013994567e-02 -4.543748487315898976e-02 -1.045246287321452416e-01 -2.975782266439068735e-01 -3.197189425145352537e-02 1.025347768762166767e-01 -2.440708162657903857e-01 -1.064659941253743997e-01 -2.952510314072140929e-01 1.130973386388590546e-01 -1.469856243083829395e-01 -2.304536364082614419e-01 -3.938129959592984730e-01 -1.043370127226012495e-01 1.754575663496371063e-01 7.101134462366182065e-02 -2.308423938953757804e-01 -1.166581955029545176e-01 -8.790676727508956595e-03 -1.792708654488306963e-01 -1.390242794004042937e-01 2.801755124269964536e-01 -2.380804551251860732e-02 -1.280475815085007352e-01 -2.480542450176816682e-01 1.291945464789212850e-01 1.966359244684635910e-01 1.220008154871423389e-01 3.764709416902857486e-02 -1.392885252805528273e-01 -2.434409337723492789e-04 6.626931238087076063e-03 -5.863784815225994013e-02 1.018766118223078387e-01 -8.741384100540125490e-02 -1.635164419951420367e-01 -1.383320944826675336e-01 -1.936995130171033641e-01 2.864349834706270692e-01 3.106985812118682327e-02 3.348296152818968641e-01 5.257756041159459409e-02 8.715500143426220493e-04 2.326196071619934524e-01 -6.038794111952334315e-02 1.796846223152911703e-01 1.173459058607457528e-01 -8.119918745657193904e-02 -7.656475411173825629e-02 -1.395276415790945579e-01 -6.781416410461367505e-02 -1.907867728192781664e-01 -2.693978642457349193e-01 -3.530197287373611492e-01 -1.442010374356785807e-01 -3.778833471705476260e-02 -1.884997180660353266e-01 -1.110786345650820739e-01 -1.369818117410110947e-01 -1.100275337831768258e-01 -2.140030889339999687e-01 -3.010182030073609849e-01 -4.615727094752035686e-01 -2.402829335744378347e-01 -2.373258017000009351e-02 -1.765398789182150152e-01 -4.958618033670475489e-02 -1.376365109735568082e-01 -9.263704485139526157e-02 2.044402407562509183e-01 -9.950095585472190640e-02 3.417742711298735192e-02 -1.920470554752591319e-01 -1.210121360166787757e-01 -2.895488228400098785e-01 -1.604216515319425995e-01 9.428816093880058868e-02 7.747467048736518536e-02 8.246427400750879280e-03 -6.807505043175146597e-02 2.306585436523991006e-01 4.418426467447935657e-01 1.427644506691196913e-01 -3.015709870371728260e-02 -1.573655271489965701e-01 4.009119343729532214e-02 -1.471905800640494200e-01 -2.085259506230300319e-01 7.802991768560818553e-02 5.082887115523071486e-02
-1.325677097775979779e-02 -1.732274020618307375e-01 2.398613170692235619e-01 8.371120179454481780e-02 2.927402431571582975e-01 1.000000000000000000e+00 9.263000179974371917e-02 1.136531514625763878e-01 8.532996213783164419e-02 -1.781748507561273231e-02 5.705066993763845823e-02 -1.131272650117739753e-01 -4.957884930686926039e-02 -1.413630958956638983e-01 1.570883133742118909e-01 -1.322206022023108413e-02 -1.448146097452256698e-01 2.918826591775556395e-02 -1.636706706136169254e-01 1.839088979217378961e-01 -1.900262778150756116e-02 -3.631392132553489666e-02 -6.263590710005718931e-02 -3.372086031412170615e-02 -5.200486953025437037e-02 1.710076687496304426e-01 4.791272231427885081e-02 8.674914858097221293e-02 1.365226531290443523e-01 9.577020227362048610e-02 -1.027061567813244009e-01 1.449806163434084749e-01 -1.086303880047740228e-01 2.479028569568202806e-02 -1.368009399823606753e-01 2.107861219570445477e-01 2.217931994969709331e-01 1.445751935975280733e-01 -4.280651637182446290e-02 -4.811260252262204717e-02 1.417014845605550355e-01 -7.001380701043395660e-02 6.045405623326412931e-02 1.724373458605573395e-01 7.008369107679356114e-02 8.978929737318586124e-02 1.571781727145996344e-01 3.826691089227694104e-02 4.344839844438132537e-01 9.763012862901668254e-02 -4.685227121903725450e-02 -2.071321116525823985e-02 -1.364238315442969640e-01 1.731452273302620248e-01 3.354955267317178413e-01 3.156915238415805014e-01 2.297920347171522257e-02 1.404489448391788575e-01 3.868685450838476106e-03 -8.837337417426306685e-02 -6.151808591861263747e-02 -1.551724896258368513e-01 -1.424068759402142836e-01 -9.501052846031339538e-02 -5.763412497234752380e-02 2.548824589072927194e-01 2.704504354698597512e-02 -6.046459678112799802e-02 6.046221753520798770e-02 5.869087456798051383e-02 -1.432712017493199819e-02 -4.409319603542687788e-02 -2.437763689828126856e-01 -1.041539581296198336e-01 1.820292396567589968e-02 -1.029734390504534469e-01 1.010419836666960614e-01 1.056843940471853260e-01 -7.773738742107809407e-02 3.770317428728920534e-02 -1.282581610116086401e-01 1.042419540820607726e-01 3.473224995398035281e-02 9.421046696653373465e-02 -2.656502885108403406e-02 1.689962490712658139e-01 2.494600137223324798e-01 1.960029907616938905e-01 1.407275407766438446e-01 2.418278511122184254e-02 1.781775489445788507e-01 1.627682281111822449e-01 1.867185132228730282e-01 9.280939894947816404e-02 4.005446428354326321e-02 1.535036487104911862e-01 1.683333305700925597e-01 3.402562155977519043e-02 2.034208968320123379e-01 8.991182195807452537e-02
5.516191014143023014e-02 -9.011108831490764748e-02 3.027948364373075352e-01 -3.384881400983298649e-02 1.148513505841346760e-01 9.263000179974371917e-02 1.000000000000000000e+00 3.383173645380115890e-01 -2.195815379359173369e-01 1.127588021981963812e-01 6.924254454377821999e-02 2.194994407648306889e-01 1.674312378155342340e-01 9.519034055043501530e-02 1.094898933411980052e-01 2.718463864240291961e-01 4.120876850135055981e-03 -5.870755128288707853e-02 4.703055485126849539e-02 -3.052411082640651974e-01 8.637604383520539053e-02 -9.128617704211000605e-02 -1.153991676457930410e-01 1.410569311852619134e-01 2.165491222158053286e-01 2.263261052266758722e-01 -5.845715152749372812e-02 -5.005030959239314958e-02 1.613325511516920385e-01 -3.182332093160385612e-03 6.665324018020175878e-02 3.070996466155162530e-01 -2.659168463975890295e-02 -1.746851624169143136e-01 -2.088270994386795254e-01 -3.390972693328966892e-01 -1.540159560758068702e-01 -5.871637794937972082e-02 -2.881630628147732742e-02 1.819964188723022236e-01 -2.241478732424498632e-01 5.903638210418517968e-02 5.954482352653665128e-02 -1.718170619394669973e-01 -3.250146100465567400e-01 -2.764089559997284229e-01 -2.437981845401157865e-01 -3.651224514054413062e-01 -1.190295379513899299e-01 -3.192157386019942034e-01 1.422451208247432486e-01 1.844317394757488404e-01 2.515506804321777645e-01 1.353142535617769260e-01 -1.946742512163785188e-01 2.117576352568769915e-01 3.996396057410703251e-01 1.262883817505242867e-01 1.070356622186293960e-01 -1.956822236570921608e-02 2.169138721473262144e-01 1.145740480548002593e-01 5.696618744644089960e-02 1.026448499365457678e-01 1.883780081946602181e-01 1.615130778053812666e-01 1.967614968663304875e-01 1.008681646495295237e-01 1.324801021419527158e-01 3.126272813736778733e-02 1.175475973727266171e-01 3.107066473127827883e-02 -5.943223156636040505e-02 1.929603851783331936e-01 1.901706542451532256e-01 1.631123348823680652e-01 1.071911677166451360e-01 3.581534434508370363e-02 1.171437079765384470e-01 2.388980742205855379e-01 1.130061499551428678e-01 -2.199118628128333419e-01 -1.542070465453893868e-01 2.340868718004421312e-02 9.330972500425643856e-02 -1.934829039607485202e-01 -1.228203011272112066e-01 1.059322278881690976e-01 -2.704547524422986071e-01 -9.281402964844058176e-03 -9.932361581449755672e-02 2.374588057146206077e-01 9.599152570460267597e-02 -1.093469140600716455e-01 2.090754491562293593e-01 -2.034742182396231114e-01 -9.460885885024579445e-02 -1.431139917547694929e-01 -1.968681704725573633e-01 -3.415265815915110581e-01
3.792470087739564094e-02 -1.053144612484382264e-01 2.603421461242848567e-01 1.178280321955946786e-01 6.081916594698077300e-02 1.136531514625763878e-01 3.383173645380115890e-01 1.000000000000000000e+00 7.188623574626337720e-02 6.612865950307988960e-02 2.245348051250827259e-01 9.640353110775728984e-02 7.194201472946946258e-03 -1.130816890015222953e-01 7.245531868747054349e-02 7.193530718245786694e-03 2.906205471830183504e-02 2.155684379195164577e-02 -1.175375175981822479e-01 -3.090923107885513721e-01 2.181167689893192055e-02 -8.402103831599365413e-02 -1.983509822132308378e-02 2.954697041187937523e-01 1.592085298346317401e-01 2.468897310174890392e-01 7.384971698915945848e-02 -1.925648727601004737e-02 -2.043190840589836910e-02 -4.864152563047579106e-03 4.678450495800266090e-02 1.996620660139681869e-01 -9.058013652652390640e-03 -1.436090513005082447e-01 -1.317533812245800032e-02 -2.008231918802645677e-01 -1.039883370942491225e-01 -1.456816694330746731e-01 -1.506380262112479440e-01 2.019954591086964568e-01 -3.094897469015209790e-01 4.028933664359759387e-02 3.424060015363444842e-02 -1.963584125888925003e-01 -1.976297155198568078e-01 -2.817433835734334813e-01 -1.231571513249529459e-01 -2.477089456958816716e-01 -1.768776155060344524e-01 -3.398966515375119735e-01 -1.245801911752973147e-02 2.270806796951395368e-01 1.437707837878907935e-01 1.206460534261021428e-01 -1.410235867687733569e-01 2.865529460771166770e-01 3.317554360443543127e-01 2.274306936701860071e-01 1.173972154012487418e-01 7.989641331008023872e-02 1.422486068024024219e-01 2.770342806536547908e-02 6.871806571448663137e-02 -6.440935058785626777e-02 2.456484794007153527e-02 2.748863731059507098e-01 2.793364049920405989e-01 -1.207041623336220365e-01 9.357736822113209285e-02 6.610290652521480514e-02 6.307370679080979980e-02 7.507609995291357474e-02 -7.916582265486500625e-02 2.287202669344133577e-01 1.361247893302701684e-01 1.609541027086735521e-01 1.774409505374531792e-01 1.978169929673683491e-01 1.310299348517895146e-01 1.332608390173443680e-01 1.399403733779292780e-01 -3.205106334245377830e-01 -4.493997817488049051e-02 3.131584168623764708e-02 2.349333330094585115e-01 -1.955453424491294390e-01 -6.080872770263151539e-02 2.326359401646226344e-01 -2.216130687272009070e-01 -5.923007918870689531e-02 -8.962095242986144183e-02 2.220316080189286001e-01 -5.273526790509103224e-02 -2.262757411546356678e-02 1.911951710136868821e-01 -2.000983823359770708e-01 -2.160988169866058239e-01 -1.420476407276292929e-01 -1.799274817127562709e-01 -3.623731356956233496e-01
-2.205546755669433590e-01 -7.983687183246880592e-02 1.252169627631780774e-02 -1.898815355931702253e-01 -2.726261584676484967e-02 8.532996213783164419e-02 -2.195815379359173369e-01 7.188623574626337720e-02 1.000000000000000000e+00 -1.270899386782227414e-01 2.417666697458824010e-01 -1.128946574930210639e-01 4.831785207750329686e-02 -1.253068759023535372e-01 1.229505364494818190e-02 -1.684836523128602215e-01 -2.484442584707707499e-02 6.048063528761030844e-02 -2.804062710791612595e-02 1.679588323305409858e-01 -1.052293375543434106e-01 4.630666031227620438e-02 -3.427436008233162440e-02 -6.914478621203583308e-02 -1.468856105031360049e-01 -5.738945196270188454e-02 9.280344042364249701e-02 1.516192712406016219e-01 4.544663602704227673e-02 -2.999035719520513638e-03 -3.285507614035940854e-02 -2.773282362288141956e-01 -1.421023104739608245e-01 5.234797668812230659e-02 8.631943132182991196e-02 2.403351261153967300e-01 5.178404535689463961e-02 1.204418127846970275e-03 2.391986835178600557e-01 -4.968642918819778098e-02 2.279116615738598639e-01 3.596265799027660581e-02 9.475576791577848546e-02 1.370981665631126611e-01 1.572589947741052929e-01 1.675744038310774398e-01 1.276097621321971576e-01 1.402732388410023179e-01 1.835522874902025259e-01 1.228503486104126491e-01 -8.468713208644194912e-02 -3.459961495071672832e-02 -1.737054412508953205e-01 -4.557800239928343905e-02 2.421703107876030103e-01 1.795189422313725469e-01 6.858809605195075043e-02 4.238207727115850254e-01 1.138637540882458943e-01 1.437976318267465137e-01 4.234311474109922480e-02 5.343692703719714159e-03 3.278926013495916340e-03 -7.759947374314581092e-02 -2.068833069672563196e-01 -3.474756365752137977e-02 4.032353574840326360e-02 -1.074162254263128363e-01 -2.005958367370476725e-01 1.732173693823218542e-04 -1.087928034141302513e-01 -8.206855723075484610e-02 5.288052382380081795e-02 -8.025726448236222832e-02 8.211798812752460139e-03 -3.586598183225805231e-02 -1.077151585716113330e-01 -1.040175610083995776e-02 -1.176904805303082002e-01 -2.491416842474856175e-01 -1.695113428574295533e-01 1.184973068454024253e-01 8.498681814169187221e-02 6.130886202718462130e-02 -1.573276746833617845e-01 -4.206764364092287906e-02 -1.893189879245878518e-02 8.061798115405192922e-02 1.525754932648592799e-01 8.644892114293088736e-02 5.826426378088898211e-02 -1.377772299693211799e-01 9.643462483504035287e-02 -1.048759520616444341e-01 -2.087024894613878287e-02 1.518244101460199391e-01 -6.965855951134453106e-02 -4.778095393181059497e-02 1.419720446315863305e-01 1.851040595191982552e-01
3.907070861638264336e-01 -4.906584119435319913e-02 -1.030930584685095935e-01 1.652571296994605754e-01 3.107731372906962549e-03 -1.781748507561273231e-02 1.127588021981963812e-01 6.612865950307988960e-02 -1.270899386782227414e-01 1.000000000000000000e+00 -4.942335827825158900e-02 3.434730579226586977e-01 -1.122576617330667964e-01 1.807037439444353789e-03 2.425148566091968882e-01 1.980801161080500764e-02 -9.788550247021668427e-02 -1.260000629255896565e-01 -1.616813207917996154e-01 -2.144017754855103708e-01 1.079755404760761456e-01 -4.656385132440554048e-02 -7.243907938558313830e-02 3.252829764681881008e-01 4.931205797735855878e-01 2.829748679504795472e-01 6.365219535018455665e-02 1.541089910107613370e-01 2.617548496212024345e-01 -2.339157215447984495e-02 -8.820311368719700729e-02 9.341695707744759880e-02 5.171284466739272528e-02 -2.294305998351233444e-01 -3.415947396392152169e-02 -2.315985548209655853e-01 -7.807546365768347485e-02 -1.661154469636908770e-01 2.176516821154853010e-02 2.886491801153051595e-01 -2.204257451390119749e-01 1.224826005854522393e-01 8.451259905089514302e-02 -9.777413903149262397e-02 -3.333146908007116882e-01 -2.161497044973001436e-01 -2.441358853817831298e-01 -2.134465152190830051e-01 -1.153495109216296222e-01 -1.763405949166397813e-01 -7.399411846854130059e-03 -1.507354515444113419e-01 -7.835719851769631927e-02 -1.662051242003263762e-01 -1.109520097616012307e-01 2.714247080257355116e-02 1.085016699650008382e-01 5.157056442770747984e-02 3.496474537712668806e-01 3.617838270406826817e-01 2.689465052462784445e-01 -6.071616579963302202e-02 1.838404096586196967e-01 -8.054644259241034582e-03 -3.502062964274185470e-03 1.293076715107612518e-01 1.001301728246972861e-01 -4.464718813086378246e-02 -8.351780536393700605e-02 -1.136143376455436838e-01 1.901305511653100244e-01 2.171731491551739945e-01 -8.612768643470118668e-02 2.208618311682025159e-01 2.732009288281632142e-01 4.966550865949447835e-01 2.669296842390974089e-01 1.693073219409418351e-01 -8.028711652209469252e-02 3.541091938919814497e-02 2.375575413487245047e-01 -5.809886850114907159e-02 -1.354989756470852402e-01 1.050033837958192079e-01 1.336603873541135079e-01 -1.759704240793885308e-02 -1.672321415031067723e-02 1.260746232353543439e-01 -1.264657580202574461e-01 6.492772722227022064e-02 -5.862702573322140648e-02 2.566959384336716665e-01 1.673877403311577750e-01 3.591791762287309675e-01 1.342952198817831400e-01 -2.498887670475147260e-02 -2.757762595632630778e-02 -6.203032946513777068e-02 -6.700889897387571348e-02 -1.673082098804209994e-01
-1.779054224889911606e-02 -9.830092472066308262e-02 2.574165429393402565e-02 -4.886854162624582748e-02 5.112051580013994567e-02 5.705066993763845823e-02 6.924254454377821999e-02 2.245348051250827259e-01 2.417666697458824010e-01 -4.942335827825158900e-02 1.000000000000000000e+00 2.841686655714230694e-02 1.341890193580011492e-01 1.801219298701860552e-02 2.702137375122050655e-01 -1.147259788547314446e-01 -1.765283817144303741e-02 -2.584566316899217578e-02 6.470694105645401206e-02 -9.429022631359675055e-02 1.073709556424214118e-01 -4.584111974478261194e-03 7.337120566849575365e-02 1.550758787740576239e-01 1.417993208632831736e-01 1.866216176714199648e-01 1.667478269849922146e-01 2.423338670641120851e-01 9.808968549695959438e-02 1.314878861040400249e-01 -9.826708281198592160e-03 -1.230221740945686495e-02 -1.425819885345080973e-01 -3.231466168660572513e-02 1.790748251360886265e-02 3.568921312288084874e-02 7.721110609713727202e-02 -5.626174794463879164e-02 8.477861720696081016e-02 1.071607327152774569e-01 -5.310724958998267256e-03 9.219167903936259512e-02 1.268742938841551093e-01 1.260737311752717880e-02 -1.660163514869754109e-01 3.375746751329453815e-02 1.631173100216659969e-02 -3.785962457927708608e-02 -5.726988149378617679e-03 -9.553930133399965441e-02 5.425129094099541416e-02 -1.158195093121327929e-01 -5.055819764232334645e-02 -1.275994800898076591e-02 -6.424682796205669066e-02 7.105632663259309201e-02 4.128161591436799172e-02 4.439054777856613065e-02 1.740838815494136771e-01 2.736508188778514206e-01 2.558397810779406423e-01 7.037634967204792202e-02 9.345682609241787175e-02 -7.675879796663372112e-02 2.807415699642552831e-02 3.101938461005294689e-01 2.023767744963511084e-01 -2.374914144328358137e-02 3.118670189328875963e-02 2.637594821911070156e-02 8.204785320846580410e-02 -3.124062171391554787e-02 -5.479252445302277424e-02 8.810665485102281425e-02 7.691462782891640704e-02 2.169642521653789569e-01 2.453472777138709093e-01 2.443981019775317842e-01 -1.246670321371774574e-02 1.139028250180500745e-01 9.316727976740488137e-02 -6.851661971115938221e-02 -8.479970556697495609e-02 1.323105757479235978e-01 8.260075340021477697e-02 -1.718156724569272764e-01 7.882000816416825928e-02 2.463419318615329423e-01 -7.200294424472271013e-03 -1.981299900913534653e-02 -6.618999745224814213e-02 8.112693156839090314e-02 -3.009145481354221635e-03 7.476591131944319846e-02 1.765935031288928536e-01 6.877830333591238021e-02 -1.566826066798434128e-02 -2.575147589597980360e-02 2.915510406838025398e-02 -3.986591427392546100e-02
1.858392240080630753e-01 1.401975238169844706e-02 1.304627549243121687e-01 -9.024282612339995513e-02 -4.543748487315898976e-02 -1.131272650117739753e-01 2.194994407648306889e-01 9.640353110775728984e-02 -1.128946574930210639e-01 3.434730579226586977e-01 2.841686655714230694e-02 1.000000000000000000e+00 1.212894609096321907e-01 4.738568269601192706e-02 1.830136401701107640e-01 1.816505267891649622e-01 -5.624676087042702194e-02 -2.760691222224196939e-01 -5.386347611154405218e-02 -3.411580184334858656e-01 1.547587027849958441e-01 -1.552659241380713318e-01 -1.979716939415846477e-01 3.708621791611831364e-01 2.902210016692421402e-01 4.788038465326596160e-01 9.055706127729639537e-03 7.235192850458095626e-02 2.489565769466715317e-01 -7.948895433344900507e-02 -1.434939168819147071e-01 2.357057420298043493e-02 -8.258683810217697097e-02 -4.290508277146860006e-01 -1.198051026885988274e-01 -2.790151831084536349e-01 -2.212440353175938179e-01 -8.753305371882984243e-02 6.138103477105281286e-02 2.061983410854395515e-01 -3.200249906735128658e-01 2.247022832427319483e-01 3.322088004249971194e-01 -5.724641793532365963e-02 -3.713721711425852501e-01 -2.491274800341720386e-01 -4.294832332745543990e-01 -4.204625354019676520e-01 -1.013641601307930656e-01 -3.878365987402726534e-01 2.103469185208338976e-01 2.182077491508461753e-01 2.744697992338945292e-01 1.036452695107455135e-02 -1.307300664946405289e-01 1.850609340310949980e-01 1.949117955508556516e-02 1.887472146210672774e-01 3.706628894400399998e-01 3.488508824269064834e-01 5.151248247448185769e-01 4.696267885813949772e-02 1.800510863927355376e-01 -3.378602954808283820e-02 1.240845113696545099e-01 1.056694445966352008e-01 1.253556262487444672e-01 -1.456085331401376082e-01 -1.663924360344150311e-01 -2.211968660810877674e-01 1.546339548044643741e-01 7.755531361229603404e-02 -6.232933192769796876e-02 2.385570282644219886e-01 4.873605283636373575e-01 5.164163913161898822e-01 1.371898596691843719e-01 8.146792601724527072e-02 -1.749573037682340682e-01 1.445732647834161583e-02 2.153288223664703294e-01 -3.151600090599160908e-01 -2.601869782052479430e-01 -1.453477979589404834e-01 -8.564436188246306704e-04 -3.644714617984149974e-01 -1.537097268135031447e-01 1.065333135171676743e-01 -2.428702436356894312e-01 -4.541414914393351182e-02 -1.420617694433523870e-01 2.360036490275941312e-01 1.191354010900002869e-01 1.241542001952765928e-01 1.690731145918055178e-01 -1.079970690692651919e-01 -1.569206013851658921e-01 -2.883282698946552647e-01 4.182322876243542605e-03 -2.791117900794997664e-01
-2.013469352250360847e-02 4.477177215860090459e-02 4.316915159038928196e-02 -1.450581199306782976e-01 -1.045246287321452416e-01 -4.957884930686926039e-02 1.674312378155342340e-01 7.194201472946946258e-03 4.831785207750329686e-02 -1.122576617330667964e-01 1.341890193580011492e-01 1.212894609096321907e-01 1.000000000000000000e+00 4.362297728090495652e-01 1.973319946795239754e-01 1.957177348087221491e-01 2.358864251777294252e-01 1.258672077699413416e-01 2.729239198902054242e-01 -1.538250736002920449e-01 1.288702201392627478e-01 2.366578315077416950e-01 1.813187888981056539e-01 3.060051600786154943e-02 -7.422938931756475900e-02 1.895644074721529806e-02 1.079912940338783184e-01 1.846286035657325464e-01 6.989771816404227733e-02 6.559106169008332987e-02 -7.887145200397918665e-02 -3.517525959039606576e-02 4.235467476996222086e-02 9.179635778189597362e-02 1.946315328546617818e-01 -9.518151688312176395e-02 -1.486217329608207904e-01 -1.749221635231630601e-02 -1.042161957155910007e-01 -4.615637788759557880e-02 -3.415371693835258290e-03 -8.480094904834141467e-02 2.563088663867845590e-02 5.218419375219511547e-02 -9.685769335908402111e-03 7.061329882462781538e-02 -1.897848170097897746e-01 9.983406227569676869e-03 -2.223094649745624429e-02 -3.592675150908503784e-02 8.528289886661531705e-02 1.261799808657927124e-01 2.131572955495070476e-01 -1.127869519633905721e-01 -2.606815524570434139e-03 5.610880569000900597e-02 4.573353134392173225e-02 4.625932840396794477e-02 -2.388230479012798738e-02 7.756427571970275769e-02 2.173472923455634920e-01 6.967081686439765553e-01 3.846461641638335704e-01 3.316849325514777957e-01 2.223940957121810225e-01 1.736137385005640521e-01 9.593845322317351432e-02 2.026954284126444017e-01 8.769729460431105461e-02 6.885760310467410605e-02 1.530068152504031609e-01 1.081262656755225537e-01 1.387227683026586167e-01 2.850655500082833332e-02 1.081654983093104094e-01 -1.991967854955287512e-02 4.279362444501369489e-02 7.322021911416150275e-02 -1.515085234941671855e-01 -1.583258773933775843e-01 6.299788732565561600e-02 -2.398696289530868608e-01 -4.879219150649995174e-02 1.364935740913146567e-01 3.908953587437559267e-03 -2.057690947690021255e-01 -1.856866562573344370e-01 5.678296612079098554e-02 -1.114444516952396297e-01 -1.639907368234406748e-01 -1.905010328673794884e-01 -1.134302357206212197e-01 -1.885085159447925929e-01 -1.796343768442320576e-01 2.435998496597582483e-02 -6.876309932753744969e-02 -1.489992905777655363e-01 -1.942589775201018082e-02 2.120250973868727240e-02 -6.475227709929079478e-02
5.341909856560832226e-02 -8.747469579589201016e-02 -6.600137761210347898e-02 -6.648770975607067035e-02 -2.975782266439068735e-01 -1.413630958956638983e-01 9.519034055043501530e-02 -1.130816890015222953e-01 -1.253068759023535372e-01 1.807037439444353789e-03 1.801219298701860552e-02 4.738568269601192706e-02 4.362297728090495652e-01 1.000000000000000000e+00 2.413233670287947275e-01 1.059845155139167994e-01 4.256713671993650472e-02 9.130670018969179458e-02 3.269061387720232359e-01 8.008104831977419513e-03 1.653764003903172297e-01 1.075564175508184200e-01 1.996336032690226026e-01 -4.118688101612050928e-02 -1.642949961233116929e-01 -9.753175891242645001e-02 -8.629348203542304765e-03 8.946475500580247653e-02 1.182930005979859200e-01 5.501681852311395698e-02 -1.025800424922783047e-02 -1.349643617178979127e-01 1.030596314591581825e-01 3.040929533612811778e-02 8.159615623428283226e-02 1.279987075603930026e-02 1.634320137215781316e-02 1.094982800140138490e-01 -1.683315091099066851e-01 4.341180001445479886e-02 -4.441194602931122087e-02 -5.350567996056738301e-02 -1.132062723335655052e-01 9.685690972025622070e-02 -7.257925175430649314e-03 1.353185543618595776e-01 4.341547905468823298e-02 5.956413345318810337e-02 1.668347023670963339e-02 1.343257627393588949e-01 3.119149812327609919e-02 4.000022553200648784e-02 7.802627162347874901e-02 -9.213519503809589062e-02 5.060730169987269489e-02 -2.662819855993656462e-02 3.540616644617850667e-02 -5.233433933925788276e-03 -1.357478851726406921e-01 1.430519237681898703e-01 1.603955945112492676e-01 3.823157687299428287e-01 4.120213669261862388e-01 6.040063958298950153e-01 3.059444415800177675e-01 1.963979807634264052e-01 8.361416936342312700e-02 2.381720280971866555e-01 5.768719736835786066e-02 5.190442426714440838e-02 2.473192514170608758e-01 1.136130509977522213e-01 1.262285480649258385e-01 9.082761749411935592e-02 1.058915529333045308e-02 2.270371923735066411e-02 1.138601165195286258e-01 6.131813767916153429e-02 -5.824226515152725048e-02 -1.687168890952600309e-01 2.593984625701517208e-02 2.106427207610611640e-02 8.135863742466803439e-02 9.645579136433940493e-02 2.027172040950027052e-02 1.291768724752337949e-01 8.164874500313075434e-02 -8.172664801342716112e-02 9.233129866993516899e-02 -3.114017795704663791e-02 -2.994143369660801773e-02 -2.316315511671128702e-01 -1.267298960448006717e-01 8.443281850758163620e-02 3.858470911152123151e-02 3.366305959783914142e-02 1.470465599960653069e-01 7.970502897616357774e-02 7.951243148889496071e-02 4.497923680098556837e-02
-1.014875043929349685e-01 -3.816728897420911676e-02 1.191112977709992138e-01 5.699403512812683398e-02 -3.197189425145352537e-02 1.570883133742118909e-01 1.094898933411980052e-01 7.245531868747054349e-02 1.229505364494818190e-02 2.425148566091968882e-01 2.702137375122050655e-01 1.830136401701107640e-01 1.973319946795239754e-01 2.413233670287947275e-01 1.000000000000000000e+00 1.932678322008500940e-02 3.816020415445895569e-02 -7.999190629546355791e-02 1.409125402100630808e-01 -1.880253747956525667e-01 5.599437319054032525e-01 -1.271637542845479099e-02 1.785600381579245943e-01 4.733166989980039929e-01 2.306858602587272267e-01 4.513721995205645654e-01 3.987635411113589212e-01 4.859826332568854546e-01 5.152699663851236789e-01 1.859720574452291830e-01 -1.737418765883345095e-01 -1.302265011978340770e-01 -3.385491649855650320e-01 -1.639433511398679655e-01 -1.733517522167839567e-02 -2.309103237355137062e-01 -6.261229150182812120e-02 -3.164844908238180765e-01 3.483515093112004440e-02 4.211788339780818680e-01 -1.879338440161257007e-01 1.621127921571000885e-01 2.211916962094269412e-01 -2.277383691091381945e-01 -4.144142662292336077e-01 -1.039466632347619962e-01 -1.199752436499371550e-01 -1.998327644412340176e-01 -5.901625524388150190e-02 -3.300877042269402817e-01 -9.223262751525192205e-02 -1.593167640192674483e-01 -1.864694504856173607e-01 -1.499521772686538967e-01 -1.307782506452097593e-01 9.375072111951805731e-02 1.578469693596838419e-01 6.963157295328496754e-02 1.486401260992831208e-01 2.823637831089046424e-01 4.790129793299469085e-01 2.180943520183362683e-01 3.411865464585182028e-01 8.933239831641139050e-02 2.570757161817368019e-01 6.100436921581063876e-01 2.867656203640739365e-01 2.040220211067863276e-01 1.145109368372397990e-01 2.103287096219766741e-02 5.226488620822457021e-01 3.501268223642811095e-01 1.590163201502836354e-01 2.918414752246737409e-01 4.377200048537981392e-01 3.494391769047828777e-01 6.335533067174694555e-01 4.887836583235663501e-01 -2.311419574848134484e-01 -3.218243858823574555e-02 4.833284570822672377e-01 -8.159863160205477195e-02 -3.426630564772248366e-01 3.546094186810802018e-01 2.891967127498336620e-01 -1.069128406794477848e-01 -2.163214491080005936e-02 1.932283022952364648e-01 -1.764016310862240589e-01 1.743939421999617934e-01 -2.030081014569836140e-01 1.077286506824946810e-01 6.634680942058689135e-02 2.488060284759962756e-02 3.660351860136276114e-01 -2.194158785822498403e-01 -9.967223464354826867e-02 -1.328279096976181517e-01 -1.235382476676462338e-01 -2.607464452576087055e-01
