1.000000000000000000e+00 -6.948837998612299172e-02 -1.022198933050356556e-01 9.332299879998126602e-02 4.318995868214592360e-02 3.153760179965752197e-01 1.718044411049613474e-01 7.689344201733487594e-02 1.118012918729201499e-01 2.509956748313742492e-01 1.895331843226069624e-01 -2.281971017136154994e-02 -2.240684653695315665e-01 -2.616432321236570879e-01 -2.303199083215294596e-01 2.030354586804093975e-01 -6.642124755104690526e-02 9.682336427743672147e-02 -2.981170317541181891e-01 -4.080330732446181552e-02 3.363748132520070935e-04 -1.377816186438591550e-01 -2.056081748077450699e-01 -1.241896077328431686e-01 3.231226167607090249e-01 1.352086583830174604e-01 -2.600103570098190042e-01 -1.207576323385208122e-01 -3.527584307707255507e-01 4.249121817613821933e-03 -2.987197113410568483e-01 -3.870194043883497526e-01 -7.444077885642468029e-02 -5.708365166559320469e-02 -2.124362030656624933e-01 4.152314554159898356e-03 4.825968436525808480e-02 2.071680831002647438e-01 -1.554270907853746997e-01 1.920447198080847337e-02 3.051484840812662136e-01 -3.099427004880140335e-01 -1.757177704602910229e-01 5.211932625103395111e-02 -7.267708602872101353e-02 -1.408759336211454216e-01 -2.683813472967980784e-01 -2.893695822902034309e-01 4.191680763475946203e-01 1.999447694401289555e-01 1.602468524461417021e-01 -3.217576326975521428e-02 -2.016966879613276212e-02 -1.461893251471629504e-02 -5.801384703469696785e-02 -3.120448531923388225e-01 8.817628210958813884e-03 -1.449236202869354229e-02 1.787784900064593729e-01 3.332563234910967953e-01 2.376330639942051404e-01 -1.947098224184555249e-01 -3.027066768941963359e-01 -2.838132511752196607e-01 -6.293738459221150106e-02 -3.573704787303568220e-01 2.306374148607840124e-01 -2.374970186849363341e-01 -2.685057514360038589e-01 1.483231000389137744e-01 -2.254311680639422069e-02 -4.930223606319114778e-03 -3.193422731047007579e-01 6.709460606535576355e-02 1.303094558789530955e-01 2.534975615240321889e-01 -2.974723110179436358e-01 -1.108951298433428628e-01 9.336211771178692942e-02 -2.160551212612135674e-01 -7.499605418512440835e-02 -6.800210043772307589e-02 -2.292150797274806751e-01 -1.612795882253790225e-01 -2.007821938672410544e-01 -2.371640453241932178e-01 -1.492764869992462343e-03 -2.382325852040354797e-01 1.404735881055145519e-01 1.605888106614104527e-01 -3.693748114082554546e-01 3.977618553240134247e-01 -1.204948382980525201e-01 4.774083164111730948e-01 -1.526983589973257838e-01 1.036417648799693725e-02 -2.093022842209179557e-01 -1.506016264220717549e-01 4.496592751209768091e-01 2.334830628061536906e-01
-6.948837998612299172e-02 1.000000000000000000e+00 4.284412016080738628e-01 -2.217897185038079089e-01 2.659182108082435159e-01 -2.035328788876585582e-01 5.578457015647187989e-01 4.514683052618136960e-01 3.330483289219113852e-01 1.866819248761012184e-01 2.084491413348811550e-01 4.668402564855170245e-02 -1.892113670292020766e-01 -2.686710974766862159e-01 -1.103267275215385479e-01 4.348674292498331262e-01 -1.453892563403301752e-01 1.356992297046727136e-01 -1.469665070172221366e-01 1.253831740531201056e-01 -6.028151238024112568e-02 -4.764195695359014771e-01 -3.218729622301191307e-01 -1.123118896911341619e-01 2.607335597239802127e-01 -1.201828962187033306e-01 -3.542736998011774552e-01 -3.046614089319891749e-01 -1.175966631591930101e-01 -3.831784473741872143e-01 -5.065646402803145737e-02 3.847379747488927082e-01 3.121149944371738941e-02 -1.796071520593592041e-01 -3.928045508470109914e-01 1.373597298156921109e-01 1.644262210400603691e-02 1.928534621458855569e-01 3.518993091200506990e-02 1.017914614926037492e-01 6.444624517420066701e-02 -7.083778680036672583e-03 -3.850512036594649357e-01 -1.767725819548489619e-01 -3.377371618018435440e-01 -4.815131304165496950e-01 -3.053096013863099700e-01 -3.320129677537752566e-01 1.278896056043222207e-01 1.087303965583128890e-01 1.643004533706794446e-01 6.408411464643086752e-01 5.413154062025659075e-01 5.342868962972150415e-01 3.193297749816603193e-01 1.285028191679874199e-01 4.449526841917332276e-01 5.045390225561365849e-01 2.591843151257685052e-01 2.497299146419009186e-01 3.666873703292963804e-01 -2.704443808992434972e-01 -2.921012751336976021e-01 -2.738678311833080969e-01 -9.872926326181814816e-02 -2.826985027063794176e-01 1.207350294908400429e-01 -1.426557964874611006e-01 -1.633189874656398588e-01 2.484386118268486765e-01 1.389721020675892260e-01 -4.807127178028089975e-01 -3.159644622179709761e-01 -1.111372820355693014e-01 1.637347373174310727e-01 -5.817699288725508566e-02 -2.020157373802756728e-01 -2.450070715160799217e-01 7.844379325184176743e-02 9.622254897152061892e-02 -3.607311446597735727e-01 -1.011728599190311884e-01 -4.376172919337261713e-01 -3.712246734855361718e-01 -3.196818565789187327e-01 -3.169397861635604441e-01 7.082131876950019389e-02 -2.484839223051563684e-01 1.478465158976156602e-01 -1.729498697032973500e-02 2.382636099283019782e-01 1.094486881234622844e-01 2.349975885013523003e-01 5.899538832920993986e-02 -3.138166364628419136e-01 -5.408072461676944470e-02 -3.404426732629966534e-01 -1.074100856061885462e-01 1.856477588260168066e-01 -1.460916170606226449e-03
-1.022198933050356556e-01 4.284412016080738628e-01 1.000000000000000000e+00 -9.696726876371788983e-02 2.657512076037382709e-01 -5.554904245617194730e-02 3.892954765612960943e-01 5.321506611080426552e-01 5.233469348595970461e-01 9.598548230626843814e-02 1.600357781487770636e-01 9.618047807458841858e-02 -1.069275174638613241e-01 -9.918385653179877248e-02 3.413095113473524345e-02 2.856540787064961728e-01 -1.289157482310918784e-02 2.624108603813177232e-01 -3.985643136271740938e-02 1.631912288516045029e-01 9.299717510143146182e-02 -3.209114195971173311e-01 -2.458727674946094566e-01 -3.790622667618139680e-02 6.277141593967258681e-02 -2.203912612722683795e-01 -2.564917504221406741e-01 -2.544393309771892930e-01 -1.081422042692548741e-01 -2.590806986540801216e-01 -7.106494558261419736e-02 2.616909347016564413e-01 -1.435101840248856064e-01 -1.880572751738234794e-01 -3.195095014812490697e-01 2.769644107252513532e-01 -1.600536483238818308e-01 4.448139479955470765e-02 2.037061994107376012e-03 9.058822698564879261e-02 -7.615521279234496732e-02 -7.180910048204082463e-02 -1.941198406987115765e-01 -2.608514314206917054e-02 -9.574250520275542908e-02 -2.911658708474961221e-01 -2.496769614372195689e-01 -1.527957840067337980e-01 1.457221745612456154e-01 7.919543637183436291e-02 1.093046007221427640e-01 5.566184420195059435e-01 4.557314481749394353e-01 2.684513829070118152e-01 4.237045326746254892e-01 4.073002891620998156e-01 5.169433676824659596e-01 5.966068394788871521e-01 -2.580678101376801363e-03 7.040847770856158150e-02 1.390365449353692384e-01 -1.569829648067411487e-01 -2.474999777838198523e-01 2.595292188974234610e-02 1.102777065298411463e-01 -6.874357649548763771e-02 4.204139334207916689e-02 1.458983458547994869e-02 -1.832168281834812007e-01 3.840701985701449606e-01 1.398444935753093976e-01 -3.081670452213979283e-01 -2.178679829682751146e-01 -2.545428079021226642e-02 1.409914912922248797e-01 -1.800301072801994418e-01 -1.094454980071800226e-01 -1.014755273013612930e-01 -7.205644277187911451e-02 2.060948739645197814e-02 -2.992413581096386999e-01 -2.040987461402003211e-01 -3.876073259643116886e-01 -2.074955330223123839e-01 -3.053479416964964277e-01 -2.409321012846646348e-01 -1.764172558085023990e-02 -2.202422787674825633e-01 1.973383312731459005e-01 -1.328896479411986187e-01 5.960515257713406428e-02 -3.253763402337210564e-02 9.180650868198735048e-02 -2.647864125260076043e-02 -2.102892114449286809e-01 6.180331294776213180e-02 -2.129839260301500392e-01 -1.414959815098121299e-01 1.559535336184869614e-01 2.754595979908189274e-02
9.332299879998126602e-02 -2.217897185038079089e-01 -9.696726876371788983e-02 1.000000000000000000e+00 -7.545681704614225216e-02 -3.859998164107817514e-02 -1.966318829738338825e-01 2.763451341179905610e-02 -1.079878022958629114e-01 -4.771711566032617036e-01 -3.711408820605932579e-01 -1.940753329633371216e-02 1.520064264041929569e-01 3.615609312745535764e-01 2.294275507077964960e-01 8.463028589388495518e-03 1.560979438613125381e-01 -1.084265520443613573e-01 1.270264525926894372e-01 -6.810214784219155437e-02 1.480100449017090203e-01 2.405597610228189451e-02 8.797846300829149577e-03 -5.101348722470112201e-02 -5.557592215607762842e-01 -1.580420653719276092e-01 1.758242636896683864e-01 2.116709748524792448e-02 1.170661738194939960e-01 1.511014786262168119e-01 7.671558684667448280e-02 -2.918928021919607874e-01 3.040967343719973293e-02 -4.985863107466408095e-02 4.800233054076211842e-02 -1.540722383285210995e-01 -6.433926568523413991e-02 -2.566346260047066563e-01 1.312479958397964885e-02 -3.014609084320852284e-01 -1.114508904078035101e-01 1.225567292213800147e-01 2.642025645956296853e-01 5.500485792831021070e-02 2.419972013693046375e-01 2.595238563842685031e-01 9.873457595378189178e-02 1.479492856820757429e-01 -5.559199039340213117e-02 -4.725150691284282778e-02 2.181016463293192903e-02 -2.783898688664269150e-01 -1.840840520217821019e-01 -1.815136980971426492e-02 -6.021335896665783866e-02 1.011839031111264886e-01 2.654567212934848264e-02 -5.995323412826192300e-02 -6.002692204203173842e-01 -4.673459200421622439e-01 -6.413203463622090261e-01 -1.201346959691129007e-02 2.766309921931521809e-01 3.096158346509441661e-01 2.916200369317909491e-01 2.595788671490295019e-01 -9.295005364721227459e-02 2.248457589719854155e-01 6.665887397841671613e-02 1.292136148999560759e-02 3.919768641479342425e-02 4.275037724428034681e-03 1.110363946584668748e-01 -1.140473107948210968e-01 -2.578118694157187085e-01 -1.875546371596976125e-01 5.360215602865218976e-02 1.493017471795279709e-02 2.237034735536986008e-01 -1.424308355266675208e-01 2.593246408756750832e-01 4.817662009693844151e-03 1.913014469441043919e-01 1.346034332805817746e-01 9.276293785386353907e-02 2.028758272919085059e-01 -6.139079659102018166e-02 2.512351594582188374e-01 -1.473639553057111140e-01 6.634604201817834689e-03 -1.389116962459847893e-01 -4.032894608628365685e-01 -2.957567707658095846e-01 -3.630353843631619615e-01 1.696381995437982459e-01 1.595208298574173345e-01 2.875740922155378687e-01 1.049874512779958996e-01 -3.537875021384576102e-02 3.989935924611776735e-02
4.318995868214592360e-02 2.659182108082435159e-01 2.657512076037382709e-01 -7.545681704614225216e-02 1.000000000000000000e+00 9.442191299857725928e-02 2.217672579360511209e-01 2.518810948788746118e-01 2.426356536942468611e-01 1.426736590687240416e-02 1.482591545949568101e-01 -8.890271751076772588e-02 -1.691565310561038704e-01 -1.284565610230881116e-01 -2.079544424353530208e-01 6.047231241809925689e-02 -2.687214329995830236e-02 8.165840343793136225e-02 -6.884067543850799775e-02 1.746756493468763771e-02 -6.328711561112929096e-02 -1.531565280257208006e-01 -9.734171275413079638e-02 6.215689974212881309e-03 4.388417212882065460e-02 7.165007218913999922e-03 -1.367236906899232385e-01 -1.334023737386057229e-01 -3.176075585086114983e-01 -8.105868670489013716e-02 -2.508440854930435449e-01 -1.138575506734083864e-01 3.194637714785247135e-02 -2.543731262893436096e-01 -1.907792917296761426e-01 -9.149729876274635687e-02 -1.801734646219836089e-01 1.819720572474959330e-01 -1.691921442586455104e-01 -1.047157013884634086e-01 -1.519792195537799095e-01 -3.363885132440866954e-01 -2.977779781904929535e-01 1.719223024729107235e-02 -1.122947730976852077e-01 -1.875717825502872527e-01 -3.611408945110682889e-01 -2.042010542667614947e-01 2.733890354443494486e-01 2.033116730175359849e-02 1.597481587304238129e-02 2.266742902898151169e-01 3.363005046807620579e-01 3.070548794585817656e-02 3.985744053756106187e-01 8.192098695735841596e-02 2.198762299095227968e-01 2.496094758916888035e-01 -2.480680138601457432e-02 1.249580849313218917e-01 6.315189385464306873e-03 -1.411291803187273708e-01 -9.258129389509994756e-02 -8.667544609708212333e-02 1.057286157993318591e-02 -8.315495328990724078e-02 5.448436799750686760e-02 -6.473742688350998808e-02 -1.464404515047880162e-01 8.053493597055337572e-02 3.240860855926744333e-02 -2.206722232961328134e-01 -2.570503347995068411e-01 -1.670659877722703024e-01 -4.298735084628333564e-02 7.781985649843171926e-02 -2.037485494330206204e-01 -1.062668467173176617e-01 -7.635200622273285997e-02 -8.918446360736489303e-03 -1.941450506697833533e-01 -1.966593656028215176e-01 -1.993229011115084937e-01 -1.789890061340087823e-01 -2.741155439831679530e-01 -3.336323862902089155e-01 -1.486635974184691844e-01 -2.776404320859875430e-01 -1.086281789625509302e-02 -1.378250425928181644e-01 -3.675618093996883828e-02 1.496714574218168947e-01 -1.856347724076345684e-01 2.084640041727844062e-01 -3.684787427154032624e-01 -6.384593354992026959e-02 -2.100495167590259726e-01 -8.773229836946189186e-02 1.209023052463420039e-01 3.507841740637196448e-02
3.153760179965752197e-01 -2.035328788876585582e-01 -5.554904245617194730e-02 -3.859998164107817514e-02 9.442191299857725928e-02 1.000000000000000000e+00 -6.196700113231177337e-02 1.361599908617953658e-01 2.200188877471865589e-01 6.828515833086658271e-02 8.228651092154165569e-02 -1.231229010389558870e-01 -5.692187069419943346e-02 -7.168891222101439475e-02 -9.135088051924092345e-02 3.170664526914546144e-02 7.330591666269785367e-02 5.670864588817906699e-02 -9.362873528994233863e-02 -1.299641765527866644e-01 5.888780239917143586e-04 1.343075021216047493e-01 3.777758212817035333e-02 -2.017780120658267326e-02 1.364245163887959633e-01 1.759122328931671730e-03 -1.475176932702227661e-01 -3.529836198368086625e-02 -2.228616198781959989e-01 8.645925414008710785e-02 -1.434532894283055138e-01 -2.446611337391321472e-01 2.711042209821598256e-02 -9.921398856490119822e-02 9.522157634709368240e-04 -3.079011510905087234e-02 -1.319606087379545101e-01 9.404858086042224008e-02 -2.035084497723515240e-01 1.497717017089432098e-02 -1.145217147273457636e-01 -1.419392994649870954e-01 -6.747206304975114644e-02 -1.157418719831179166e-01 8.459022493597513626e-02 -4.154579581487314460e-02 -1.769516580783613846e-01 -9.648502769421811454e-02 8.410789225355813636e-02 -8.987773153158230832e-02 1.401577108938296123e-01 -1.597081933103470380e-02 1.103869282711016780e-01 -2.243160568559253720e-01 3.205437530231323162e-01 1.880806051670837198e-02 8.047990973693000538e-02 8.196806838236833648e-02 4.440607317886866023e-02 2.024644758253399679e-01 5.892326642362140376e-02 3.554203765331716280e-02 -7.446184893283715189e-02 -9.166468034093579187e-03 -3.321781825089725054e-02 -4.480054310308329013e-02 -1.457039886784490361e-02 -3.006224806213747547e-02 -8.909659349967370690e-02 4.782604149378029412e-02 -1.142162723367548954e-01 9.212132228384974086e-02 1.337270236167439896e-02 4.331975292500775399e-02 -4.069040411291040965e-02 1.439365059947966125e-02 -1.539821265290208796e-01 -2.609883832063762329e-02 -3.640784594231297883e-02 9.941843931040932059e-02 5.032926891302696992e-02 -1.305178204795839902e-01 -9.644974377921002387e-03 -1.439394619465480391e-02 -1.033070182282948835e-01 -2.110366668252328659e-01 -1.542983216360584720e-01 -8.626091127016041749e-02 -1.048134454204708854e-01 -1.026706312336464755e-01 -1.792539502146982267e-01 2.159065613684753859e-01 -2.295687915664103296e-01 2.807781338796734305e-01 -1.403622618772368824e-01 -9.919295675384848243e-02 -1.300376845611681542e-01 -1.096416585615153927e-01 4.385378298720143952e-02 -8.481426620150396556e-02
1.718044411049613474e-01 5.578457015647187989e-01 3.892954765612960943e-01 -1.966318829738338825e-01 2.217672579360511209e-01 -6.196700113231177337e-02 1.000000000000000000e+00 5.401989577068356807e-01 4.018435548972824067e-01 2.212313186601646831e-01 2.273749925475720690e-01 1.176579774994534061e-01 -1.875537791806374810e-01 -2.222291661690525832e-01 -1.374591806958618267e-01 4.976427504757275910e-01 4.290688562981194443e-02 2.635496233334958527e-01 -1.847969086546560613e-01 7.389251677426957043e-02 1.179160970684240382e-02 -3.436586237698571189e-01 -3.234493301698978529e-01 -1.180393342971163551e-01 2.968464934753910489e-01 -1.121306278240498250e-01 -2.817627560804162878e-01 -2.142776142215212787e-01 -2.531609208917277032e-01 -2.546040742128610757e-01 -1.870998364578908280e-01 2.026078426635843088e-01 3.215953253097763448e-02 -1.725509171694021571e-01 -3.806278921049642272e-01 1.474346616683487876e-01 1.065780575527350109e-02 2.984145522666526440e-01 1.634263233913259561e-01 1.570236791087020467e-01 1.590654040968782490e-01 -1.137231908586344292e-01 -2.561656045965716166e-01 -9.520441193573887795e-02 -1.751304304730764705e-01 -3.588321318513726932e-01 -3.146142392650213004e-01 -3.481157700952138279e-01 2.555656356718910560e-01 1.614452796346901031e-01 1.756045743081274257e-01 5.108959282558642734e-01 5.079074517228011620e-01 2.508829044073327408e-01 2.863937912627032012e-01 1.318400432197444627e-01 5.244916940707263775e-01 4.684792425661092330e-01 2.188530710968102089e-01 3.321804880640954472e-01 3.596803868874687282e-01 -2.581365597079252616e-01 -3.727546310341880997e-01 -2.146667815748783681e-01 3.583482379836777643e-02 -2.779074557523715239e-01 2.947497419152683151e-01 -1.078380196543451131e-01 -1.843186387340595145e-01 4.427387764446567564e-01 1.128769569700703856e-01 -3.190639692189128906e-01 -3.174308298456957611e-01 9.665935429666072318e-03 2.014123713859396758e-01 1.636005682050136259e-02 -2.542425211405325292e-01 -1.810150071988871623e-01 4.717750806759350712e-02 -2.033866828130457063e-02 -2.997305195719394688e-01 -9.876195690954171769e-02 -4.202628981773102179e-01 -2.490190004764324394e-01 -2.620607070449403886e-01 -3.385557943859668351e-01 2.912895513420042659e-02 -2.607194812247178306e-01 2.100149183903909367e-01 1.074505532900366239e-01 5.235894079829637310e-02 1.794254020351547796e-01 1.571454645647022974e-01 2.222511399750395356e-01 -2.115940332327640727e-01 -4.155815463656073808e-03 -2.785686921687839934e-01 -6.008172039988127211e-02 3.041510567467042847e-01 1.339226030483554042e-01
7.689344201733487594e-02 4.514683052618136960e-01 5.321506611080426552e-01 2.763451341179905610e-02 2.518810948788746118e-01 1.361599908617953658e-01 5.401989577068356807e-01 1.000000000000000000e+00 6.913254094959335738e-01 1.816377068694792485e-02 1.833350291071503269e-01 1.279053275108557319e-01 -1.282020314003489425e-01 -1.896515728114073207e-02 4.371991054188429510e-02 4.234735709120276415e-01 2.482960299828645967e-01 3.332161094129342249e-01 3.518989668415433564e-02 -9.092136018533904240e-02 1.557742982122702069e-01 -2.413665096863152615e-01 -1.870322705621172421e-01 -1.032192122575199128e-01 6.483475320541151610e-02 -1.324380370539255114e-01 -1.646444993265153145e-01 -2.357316996154525668e-01 -2.187085553119057502e-01 -1.423225912229257317e-01 -1.817166634185298224e-01 1.263327059556983434e-01 -9.978957824103719398e-02 -3.103193343164891149e-01 -2.429079238117658746e-01 9.566192485681196400e-02 -2.676918570517345386e-01 8.722306574675001145e-03 -8.825156702561445798e-02 -6.379253536909994249e-02 -2.336741656013096857e-01 -6.412787451272294881e-02 -8.643647338366869382e-02 -2.071765431760158593e-01 -7.980481038628660373e-03 -2.806400594442474694e-01 -3.118903618642482889e-01 -1.455274745028476979e-01 1.213417611191846823e-01 -1.187393479497257515e-01 2.467068534514807177e-01 6.271427516453211837e-01 5.639908360192195103e-01 2.245897851738609674e-01 5.326215457240266460e-01 3.652510396089966305e-01 7.587706688315514203e-01 7.342718128687356627e-01 3.443226497697534499e-02 2.121504741331160238e-01 1.316418362498471273e-01 -1.192823632493367203e-01 -1.938682501981376927e-01 5.155636337966790911e-02 1.701370128836225126e-01 -1.379760117553048733e-02 -3.720501865263425856e-02 1.414507640939097477e-01 -1.606776341974353872e-01 4.982668757848882080e-01 4.788899353575254425e-02 -2.200934988387914237e-01 -1.193809061198471549e-01 -5.798508151924243459e-02 1.459589341733110723e-01 -3.263178411391911421e-02 -2.022432751442714560e-01 -8.648927087769299471e-02 -4.229812892421209308e-02 8.272447680774211790e-03 -1.771383320452484533e-01 -3.326019908180122830e-01 -3.343489789909958043e-01 -1.496722916317023144e-01 -2.651045756862091540e-01 -3.466737356990274854e-01 -2.162978479015373323e-01 -3.061014381208854718e-01 -3.824300369043216047e-02 -2.201652652193541448e-01 -1.074662985445924562e-01 2.167108901483310365e-03 -8.380735454452833966e-02 7.707484554246078756e-02 -1.446587898448023768e-01 -1.026901784548237273e-01 -2.265243082595288227e-01 -1.214535200203486071e-01 1.331866932464703113e-01 -1.535229978540370577e-01
1.118012918729201499e-01 3.330483289219113852e-01 5.233469348595970461e-01 -1.079878022958629114e-01 2.426356536942468611e-01 2.200188877471865589e-01 4.018435548972824067e-01 6.913254094959335738e-01 1.000000000000000000e+00 1.786989538229574737e-01 2.702678807408679384e-01 5.061618144832379790e-02 -1.484490531360034560e-01 -1.096242701207609249e-01 -5.553800118622636423e-02 2.999498792255319568e-01 1.440195377930644782e-01 3.497601242185205406e-01 -8.194346002321259426e-03 -9.227025345335373996e-02 5.019808992406778886e-02 -1.842575977526831055e-01 -1.704189900498465637e-01 -1.332666984707537861e-01 2.174012523784238649e-01 -5.791122029459281478e-02 -1.879959134425893685e-01 -2.805546285348828328e-01 -2.623076366946435756e-01 -1.653302519539056048e-01 -2.906998230995547217e-01 1.312610498531818597e-02 -2.223200091966246739e-01 -2.163928072134410630e-01 -1.811831054420565135e-01 2.339589899834661757e-01 -2.168589623246239828e-01 6.800726078268912178e-02 -1.701307039405704491e-01 3.789074824560681454e-02 -1.202723687256592039e-01 -2.155840269392587660e-01 -1.511893712036050386e-01 -1.520150902665854398e-01 -4.120123009308387235e-02 -2.311055160864116109e-01 -3.156840654495191023e-01 -1.653958151572047786e-01 2.391477598738518395e-01 -4.688841550783304918e-02 1.457823057663734656e-01 5.661423313007090119e-01 4.592051712733707380e-01 1.390862989999347432e-01 4.914071568306220272e-01 3.138301783170182047e-01 6.041127603341358565e-01 6.731195152819111627e-01 1.592321170985026568e-01 2.825768436794650063e-01 2.195325484855012166e-01 -1.209784817000912338e-01 -2.498190744374940708e-01 1.152752484455708999e-02 7.784420024106629421e-02 -5.760116802529040292e-02 3.278984350333281200e-02 3.121179990822671793e-02 -1.917355442797242793e-01 4.322524778366349518e-01 6.460979226695975734e-03 -1.506865575685269465e-01 -1.773559207826518880e-01 -3.639725284294351854e-03 1.992548012314269423e-01 3.606377005495632615e-04 -2.206668603587389754e-01 -1.189084122876047783e-01 -1.836827990905843533e-01 -5.170357352924604549e-02 -2.363095706668155993e-01 -2.430181858954366392e-01 -3.061586605629591507e-01 -1.395598354867858271e-01 -2.915313392990025454e-01 -2.962189770083127338e-01 -1.344503223374418355e-01 -3.240865085971278980e-01 5.220419860028010367e-02 -2.117901387914580547e-01 -1.603266662154635702e-01 1.626741187831894919e-01 -7.235716125062589821e-02 2.075254457380955042e-01 -2.342961811776959336e-01 -6.761446211470099887e-02 -2.417960386001315465e-01 -1.301785388126935616e-01 2.286739022562764290e-01 -9.166627723600651034e-02
2.509956748313742492e-01 1.866819248761012184e-01 9.598548230626843814e-02 -4.771711566032617036e-01 1.426736590687240416e-02 6.828515833086658271e-02 2.212313186601646831e-01 1.816377068694792485e-02 1.786989538229574737e-01 1.000000000000000000e+00 5.096009800617549157e-01 7.633666653858037221e-02 -1.597616538309097889e-01 -3.872968477204667415e-01 -1.763851321813075523e-01 1.039553435730658643e-01 -1.273042584198297023e-01 2.298783734156358560e-01 -1.784545411033937323e-01 4.489038520335812688e-02 -2.058114514023276775e-01 -1.087440367778153144e-01 -1.653186300327031399e-01 6.722069823226918539e-02 6.903706622555042527e-01 2.656654571544533883e-01 -2.300531894176522374e-01 -4.750736815920243716e-02 -2.165584317932900960e-01 -1.881107959286841547e-01 -2.726588774301771378e-01 -1.195922868758436675e-02 -2.121217355726927600e-01 5.075296929774858468e-02 -1.202043435067243898e-01 2.748197432550784081e-01 1.455346977656264418e-01 3.521685873983462778e-01 -1.805014919385389965e-02 3.749012817002248532e-01 3.063858797893262986e-01 -4.430422416309601208e-01 -3.404804252713020118e-01 4.710831699233898606e-02 -3.280737789232796575e-01 -2.503584500352222797e-01 -2.028773365290471309e-01 -2.315606529574997796e-01 3.749118961538817074e-01 1.554180724240488143e-01 -2.217381417031267024e-02 2.005796129902003011e-01 9.234814315056670553e-02 -1.352765216586364859e-02 9.494530865599282513e-03 -1.626313412241590373e-01 -1.870138298844005106e-02 5.489408052787935616e-02 6.088148127124314302e-01 5.487888678286882982e-01 5.844165696969149115e-01 -2.591043377779037125e-03 -3.763485702049963466e-01 -3.730621378985038428e-01 -1.489416325423818521e-01 -3.273261276483802051e-01 2.170201426195561278e-01 -2.747558211561543784e-01 -2.086630445043245463e-01 3.866567144695325087e-02 -3.682464690785599432e-02 3.218639214632867257e-02 -3.185684223503602586e-01 2.431386035502771936e-01 4.368327420412410622e-01 3.196652157588906751e-01 -6.250824837212805296e-02 2.331016283440643343e-03 -2.774872474607223416e-01 -7.797356213974264427e-02 -2.465596530841498157e-01 8.100110009596740712e-03 -2.637559815869392477e-01 -1.052624500026185100e-01 -1.436969360680874219e-01 -2.441272773209913205e-01 1.609538294988406837e-01 -2.748480491990603070e-01 2.732398745150840802e-01 1.333969890980446771e-01 -8.441707588675333163e-02 5.712254702627481695e-01 3.031496427318539078e-01 5.400044160480050870e-01 -2.030139104198020183e-01 -3.770833293596813351e-02 -3.020950756734558929e-01 -2.090884757660855242e-01 3.444147049473238464e-01 1.724350258373880673e-01
1.895331843226069624e-01 2.084491413348811550e-01 1.600357781487770636e-01 -3.711408820605932579e-01 1.482591545949568101e-01 8.228651092154165569e-02 2.273749925475720690e-01 1.833350291071503269e-01 2.702678807408679384e-01 5.096009800617549157e-01 1.000000000000000000e+00 1.345161438306148038e-01 -1.226621570884313256e-01 -2.913913573133771751e-01 -1.520007116592795859e-01 1.441644755897317220e-01 -2.798356358585350062e-02 1.688368569185432211e-01 -6.232993980253249966e-02 -2.858601718183895191e-02 -9.196164660810308977e-02 -5.933805252813476733e-02 -1.541698797381999830e-01 1.824153112486394390e-02 5.368906926183278916e-01 2.498244352892321773e-01 -2.221017357178936835e-01 -1.352161884649684953e-01 -2.243618872339035730e-01 -1.733455850748290561e-01 -2.214845546023516409e-01 3.370102341348037850e-02 -1.748310580870228725e-01 1.135389799037211933e-02 -1.227793508568521541e-01 1.633188244798195465e-01 5.233420719229383428e-02 2.795647647173487016e-01 -1.080403629735245952e-01 2.273292603534017020e-01 1.320843507765829816e-01 -3.392586809873188725e-01 -3.348273943698454880e-01 2.867395196269551319e-02 -3.722942824899523329e-01 -2.451963677943550801e-01 -2.285715388599890985e-01 -1.907063297337192875e-01 3.070003573812383757e-01 6.051988360022619862e-02 -1.429456452302373462e-02 2.409802845492197698e-01 2.297069069122112117e-01 6.956464443251832684e-03 1.128618232177401454e-01 -5.795045880429168517e-02 1.236373421198772443e-01 1.513640511569269431e-01 4.775913361026202786e-01 5.482570207060021295e-01 4.559459688877385286e-01 -9.315270800172473220e-02 -3.480053761691128122e-01 -2.702245417058298238e-01 -1.231086230613843979e-01 -1.737020996271454176e-01 1.104109653040310779e-01 -1.565440262630089785e-01 -1.374087409937413962e-01 1.223476556905187113e-01 -6.131299700973755207e-02 -8.023807083955242225e-02 -2.450563304292449063e-01 1.277205876694645081e-01 3.663900638562107015e-01 2.983226758117770161e-01 -1.212657026152489936e-01 -7.030983216576539019e-02 -2.382567916314564660e-01 4.197542509475993278e-02 -2.677587737093157227e-01 -7.737052074407652080e-02 -3.404464711958181122e-01 -1.771126895156971970e-01 -2.206730848501826936e-01 -2.194648119152480537e-01 -4.261245268330308977e-02 -2.907846168199630377e-01 1.160756875950132577e-01 -7.245669165308706028e-02 -5.366846427048632684e-02 4.559066910467003408e-01 7.556156417396760194e-02 4.628306632553904620e-01 -2.607569434775999784e-01 -1.360548252817527504e-01 -3.091876918008161779e-01 -2.249889086825957729e-01 3.049934572293375723e-01 7.349482768796287979e-02
-2.281971017136154994e-02 4.668402564855170245e-02 9.618047807458841858e-02 -1.940753329633371216e-02 -8.890271751076772588e-02 -1.231229010389558870e-01 1.176579774994534061e-01 1.279053275108557319e-01 5.061618144832379790e-02 7.633666653858037221e-02 1.345161438306148038e-01 1.000000000000000000e+00 1.714479231993304986e-01 1.507466959371766835e-01 2.452634735868217397e-01 1.277815510296069490e-01 2.159508849919144213e-01 6.782033308571207460e-03 2.184778576462035327e-01 -5.889530894793697235e-02 1.663332002860802017e-01 -1.662474017916205221e-02 5.160413172277325544e-02 2.338144669623465899e-01 1.021671161499928399e-01 2.262815642769358537e-02 1.407224375103358592e-02 1.092315959266597358e-01 1.702233251919229584e-01 2.238796697688692338e-03 8.911012914071421431e-02 1.914133194393012882e-01 3.001782503868261412e-02 -5.008092036164329269e-02 -5.828635382927981187e-04 2.532085914066041499e-02 6.796704484002957271e-03 -6.744019979782103769e-02 -7.361745647743289656e-02 -6.286454508387843976e-02 -1.433584714982160391e-01 2.321056562643785404e-01 3.707202711664688011e-02 -6.435936224800978267e-02 -1.202130587560325259e-01 -1.196174553955597353e-01 -6.543303102183996300e-02 6.348851591792581406e-02 -2.011820559439042866e-01 -5.396076969654804018e-02 9.744450922972570928e-02 1.176658193311813788e-01 1.049037274874692061e-01 1.606735915014425309e-01 1.179868666176588261e-02 -1.686905722788302475e-02 1.124921702251234085e-01 1.263287718075081778e-01 1.367803804521871280e-01 1.536191743392941178e-01 1.805914068453376153e-01 5.366434957227543545e-02 3.415382697759493380e-02 8.669067877415644052e-02 2.074287557238707613e-01 1.601969100388225820e-01 -2.166479710399113745e-01 -1.906733723403531908e-02 9.599985103642179329e-02 1.555109335661906400e-01 1.527442630487617914e-01 -1.984199528623277475e-02 1.730775442377098239e-01 -4.847096560622066869e-02 2.168659287873864472e-01 1.648383449542749069e-01 1.402890679476368752e-01 1.442604341590364436e-01 1.362541381411908666e-03 1.812371276362362629e-02 1.343004778315211589e-01 -2.063042288276158154e-01 -1.919345582877137746e-01 5.553952723381046230e-02 5.074965807838591886e-02 -7.000366941352180461e-02 -2.427277799327941937e-02 2.033331824192035481e-02 -4.943566417865606633e-02 -1.607854025838956202e-01 1.733051196169351632e-02 -6.549108678015272411e-02 -3.502512691345181783e-02 -5.942412372209774502e-02 2.023682897316625429e-01 -1.089106898900188969e-01 2.079912485106999789e-02 -1.362949753219099003e-01 -1.227247906602506322e-01 -1.025414064120679369e-01
-2.240684653695315665e-01 -1.892113670292020766e-01 -1.069275174638613241e-01 1.520064264041929569e-01 -1.691565310561038704e-01 -5.692187069419943346e-02 -1.875537791806374810e-01 -1.282020314003489425e-01 -1.484490531360034560e-01 -1.597616538309097889e-01 -1.226621570884313256e-01 1.714479231993304986e-01 1.000000000000000000e+00 3.788809141463870822e-01 3.635619225172341817e-01 -1.021407434851733798e-01 2.631256141644989777e-01 -6.002444064064398066e-02 2.429163606451140156e-01 -1.002354206649419682e-01 1.189472181330741424e-01 2.784165122188222985e-01 3.010075598449110101e-01 2.460650825090837102e-01 -2.684992664412738650e-01 4.719272119516464831e-02 4.280768042972113996e-01 3.938208608939494093e-01 2.242186462100590194e-01 2.776968306342706971e-01 1.615004808384181700e-01 -7.704825309092183487e-03 -6.333980311308538835e-02 -5.136677053993306957e-02 2.626522032228966741e-01 -9.824901530556837126e-02 -8.984589135216559941e-02 -3.231016005081680520e-01 -2.228509717363217138e-02 -2.171558068466269975e-01 -2.674361731389206520e-01 1.876001908241104743e-01 2.252432873651558920e-01 -5.727353937982600576e-03 2.518278316018527363e-01 2.248510918991689089e-01 1.869341958704013318e-01 3.356774612761813104e-01 -2.054161078922751849e-01 -1.827000367763043365e-01 -1.026441757687654166e-01 -1.276379134179531083e-01 -1.715063235554565302e-01 -1.059501058038020971e-01 -5.664686684992992910e-02 1.149311504219613644e-01 -7.685091535593810419e-02 -8.553081158832571973e-02 -2.073203040010916653e-01 -1.848639458069622210e-01 -2.136347031596347312e-01 4.748385876181209775e-01 3.589918762830689447e-01 3.413987840716645739e-01 2.841831154249813696e-01 3.169223972784490639e-01 -1.899593780021141265e-01 1.515357050987013732e-01 1.068332681869895440e-01 -8.662858088448954774e-02 7.979616199523930503e-03 2.333664820582089516e-01 3.377585259136775542e-01 -1.373790515756312947e-01 -2.189553674129528227e-02 -1.950479744241619129e-02 2.636139928037908864e-01 3.821122725708137047e-01 -1.220050106007337931e-01 -1.120728723750733929e-01 2.771818096053322855e-01 -1.134592418971184929e-01 2.079164802592234629e-01 4.177427795091461782e-01 3.821509055144025613e-01 1.440045102694554047e-01 -8.077136454550937206e-03 3.188694871228346384e-01 -2.468820855200086761e-01 -1.502532184777554403e-01 -1.257264293778437292e-01 -3.089566052812085517e-01 -1.463261778175697636e-01 -2.975474255327717477e-01 2.199368324340855163e-01 1.232983089751356204e-01 3.319178068644328961e-01 1.487028866078556055e-01 -2.267253254443818700e-01 -2.127351713768791674e-01
-2.616432321236570879e-01 -2.686710974766862159e-01 -9.918385653179877248e-02 3.615609312745535764e-01 -1.284565610230881116e-01 -7.168891222101439475e-02 -2.222291661690525832e-01 -1.896515728114073207e-02 -1.096242701207609249e-01 -3.872968477204667415e-01 -2.913913573133771751e-01 1.507466959371766835e-01 3.788809141463870822e-01 1.000000000000000000e+00 5.420326135806624590e-01 -9.905727547413009648e-02 2.945060010725779054e-01 -1.793520234866514962e-02 3.189498952553352362e-01 -3.190455330223408020e-02 3.136144180588998909e-01 2.872228608173703623e-01 4.223482628674852246e-01 1.300479093985248968e-01 -4.818737354615521551e-01 -5.727305992288849595e-02 4.364642426932598962e-01 2.701698311007268427e-01 2.060488523260295968e-01 3.855417005211368431e-01 1.475280566715924391e-01 -3.473763985585525543e-02 4.142567932766017674e-02 4.363993884714576638e-02 3.058355451043173190e-01 -2.004278878290260968e-01 -1.997786247607371557e-01 -4.074797511522384452e-01 -8.968186066675139234e-02 -3.250605437920341956e-01 -3.061509175675963257e-01 1.939448262236325715e-01 4.228798454717960231e-01 -1.885087900064641095e-02 2.939903067424136096e-01 2.756568808601261855e-01 3.072605934653997450e-01 4.296632095751545810e-01 -2.518406691113214690e-01 -2.197530031930882144e-01 -1.300870049027033348e-01 -1.848578371383727548e-01 -1.751886529421528838e-01 -1.899710069804536050e-01 8.231338825064550557e-02 2.690367967165611107e-01 -6.697811629103523311e-03 -3.782591199235853241e-02 -4.106644978692813863e-01 -3.652192994896834577e-01 -4.422872862154632601e-01 3.138364708321672580e-01 4.711672967168680781e-01 6.059386009857675726e-01 4.452950498269112045e-01 5.885592495591385198e-01 -1.743187050624633028e-01 2.132874325479394984e-01 1.408387127414722217e-01 -9.433691965885013589e-03 7.885529640003409446e-02 1.683185751206114078e-01 4.868143939659128616e-01 -8.086040497511885750e-02 -1.988380063953274768e-01 -1.677586904355697905e-01 1.211384227633786892e-01 3.251082551192632786e-01 2.519605870792568370e-02 -1.853734788664247735e-01 3.303299212615835034e-01 -7.723198567391732772e-02 2.726701606567427105e-01 3.653676813862485884e-01 3.558075694582990556e-01 1.962642316492117511e-01 -8.368900265930885596e-02 3.034846508550242961e-01 -2.462803503726830046e-01 -7.094075972819721687e-02 -1.265771141211519679e-01 -4.269475454439653483e-01 -2.495875837680105735e-01 -4.012054308144021864e-01 2.801381662137940043e-01 1.764603311461792889e-01 4.363807876698524435e-01 2.672971285444693534e-01 -2.837335981376249427e-01 -1.972134803189293517e-01
-2.303199083215294596e-01 -1.103267275215385479e-01 3.413095113473524345e-02 2.294275507077964960e-01 -2.079544424353530208e-01 -9.135088051924092345e-02 -1.374591806958618267e-01 4.371991054188429510e-02 -5.553800118622636423e-02 -1.763851321813075523e-01 -1.520007116592795859e-01 2.452634735868217397e-01 3.635619225172341817e-01 5.420326135806624590e-01 1.000000000000000000e+00 3.991311753710792554e-02 2.575694797493299770e-01 4.167961327386206227e-02 3.037812098993690757e-01 1.573448435088070363e-01 3.943858748172707207e-01 1.523109296127125034e-01 3.575375797907751063e-01 1.279054560848871258e-01 -3.104176519046566995e-01 -1.390790184378489780e-01 2.777254453548903546e-01 2.095455491797330871e-01 3.685498590520029927e-01 2.719849337092776764e-01 1.974855987084765119e-01 1.343444086102313362e-01 -3.262990788081782112e-02 -1.874311265713332619e-02 2.033258534598739731e-01 6.154557415909765739e-02 -4.083748785653919244e-02 -4.032741506767808515e-01 -8.644457735753696692e-02 -1.173284756289871694e-01 -2.521970347669683643e-01 2.236643428719891635e-01 2.022121071188863750e-01 3.665671341253008003e-02 7.384736818681664205e-02 1.902522201730774409e-01 2.980738148711775115e-01 4.143710941525226565e-01 -2.619670907282661831e-01 -7.818706823247212334e-02 -1.180702843794495388e-01 2.059789053505115333e-02 -6.593295984988213621e-02 3.548040433630540030e-02 1.379687910637336090e-01 1.731429717908471444e-01 9.990686808548487896e-02 6.604139999932491512e-02 -2.034425881818148207e-01 -2.128461094041640411e-01 -2.155775502447141723e-01 3.009687902206913401e-01 2.995160474922082816e-01 4.949277756979519327e-01 4.085276036655623444e-01 5.982929841764428325e-01 -1.898502320830945667e-01 1.824077901340912244e-01 6.684807714568523351e-02 -1.422125552309761766e-02 2.665374995186796103e-01 1.434597449209097098e-01 3.683023099570972847e-01 -5.749667751427851164e-02 2.173339272191668770e-03 -2.087089538964532753e-01 3.283230466856777996e-01 3.702656889289837050e-01 -8.839901952187852185e-02 -7.166575165236899192e-02 2.030057317459259825e-01 -1.541295324721152216e-01 4.830434790385193522e-02 2.400125214779943728e-01 3.517175869163329249e-01 1.104749401668291553e-01 5.105384630981198851e-02 2.180332353578500748e-01 -5.434468741522281016e-02 -3.181681220478646543e-02 -1.197732790073964687e-01 -4.134202203030431511e-01 -6.951171651449516986e-02 -4.340882984565205827e-01 2.113637322059520318e-01 1.580940103390620077e-01 3.306791972161981508e-01 1.913070955435637044e-01 -1.811453864667933455e-01 -7.643345067502180235e-02
