1.000000000000000000e+00 -1.492659258479442641e-01 -3.968677021586673043e-02 -1.631609131496300769e-01 1.275484341999971183e-01 1.463013925040040075e-01 -3.747991166312924366e-02 -2.325994088915656344e-01 -1.483429613014032866e-01 2.921824499379518589e-02 1.312989842179088928e-01 -7.923004911481039414e-02 -1.462703313275464101e-01 -1.381110315720424919e-01 -6.196840239283957913e-02 -6.809394269406565496e-03 -2.005643035690407028e-01 4.775979889715198379e-02 -9.790182957230512961e-02 3.339651109499118808e-01 -3.189040744699746938e-03 -1.426010025009376569e-01 4.510060981106887162e-02 -2.792596640163638733e-01 -1.349492363408184292e-01 -4.786937648129684086e-02 -1.382011848178403279e-01 -2.372151494452179599e-01 -9.343572927131088557e-02 -1.503096831403822886e-01 -5.135770720326441469e-02 1.183529442671991255e-02 -1.407055945144477648e-04 -3.401268208669923354e-02 -1.765322339173172050e-01 2.943780089281781143e-01 1.461424307267682188e-01 2.099899327326026355e-01 -9.825180157240837042e-02 -8.904184501652587236e-02 2.677212643476548082e-01 -4.148303485091647119e-02 -1.221321126504894689e-01 1.537931445483426141e-01 1.912457815904578806e-01 -3.222336275801118005e-02 1.544418367807842696e-02 2.457027441267604639e-01 3.522891094469357554e-01 2.036565555550118867e-01 7.696009079901947048e-02 -2.217490846621040512e-01 -4.408903513809745572e-02 -2.138833835263436456e-01 -8.853946734482866232e-02 1.470760039390033302e-01 -1.472656099138107966e-01 -7.617048773967469155e-02 -4.105710862145295348e-02 1.959222690089880980e-01 -3.919887840270269708e-02 -2.079890413083952949e-01 7.879423701875521227e-03 1.942252210990001032e-02 -2.948992539738664112e-02 -3.817085873377257244e-02 5.512942897241827206e-02 -3.522280053991567322e-02 4.710946622661213098e-03 1.910412888511105467e-01 1.502739325214092758e-01 -1.548802263282529901e-01 8.228179331377935557e-02 -5.679426102655244640e-02 -2.969838634266214195e-01 1.088469661439694786e-01 8.050874404111332816e-02 -1.723162338963909745e-01 -4.581513312604471033e-02 6.275591194097585035e-02 -2.694806514960115251e-01 7.364507482489053569e-02 -6.867129833486391999e-02 -1.680967516593277200e-01 -8.299713337566919091e-02 7.344948314766637509e-02 9.632431160456142449e-02 -1.426454561414925715e-01 2.297175150865593818e-01 -1.177885792076660415e-01 -4.299968695920768080e-02 1.816054381210239488e-01 8.363956829405923277e-02 8.648294713887949570e-02 -1.392423263499253105e-01 2.160508356169248134e-01 -1.679540263437865888e-01 3.073442476249931277e-01 3.935294314632377111e-01 2.716845079517329897e-01
-1.492659258479442641e-01 1.000000000000000000e+00 5.819761850275879944e-02 -9.290945774624355391e-02 -3.207103890542942204e-01 -2.405499240453945753e-01 -1.725390526174434835e-02 1.546227971501488996e-01 9.749748645327425967e-02 -2.364191170099928241e-01 -9.215048583610696564e-02 -1.503480013111935243e-01 1.743323378150947456e-01 9.554409950279327268e-02 -3.598766590396550169e-02 4.935928244065027060e-01 1.185845165298665127e-01 2.914795515157732678e-02 1.095223596462855387e-01 -3.583379387061095406e-02 3.169631996828801285e-02 -1.253816965202858742e-02 -1.503988751924444645e-01 -1.628511227659905636e-01 -1.712222400726114979e-01 -2.079855988376961839e-01 9.417381665631670284e-02 -4.353625793946655498e-02 -5.723486598373383333e-02 -7.148591171437067293e-02 -8.937846569973850394e-03 -4.335939371053079000e-02 -3.913685010977556167e-01 1.410319047124886094e-01 4.409391351853982760e-02 -1.089751027595714655e-01 9.272066003249186325e-03 -2.451195491243255142e-01 3.275544153573333589e-02 -7.169330448405446254e-02 -3.546546143955174590e-02 -3.732375512433357134e-02 -1.212221917603656385e-01 -4.022284668128933705e-02 9.459152461436334813e-02 -1.483137715068877649e-01 -5.806274977847457330e-02 -7.284274454908108883e-03 -2.209874650756322723e-01 -6.919011045300058060e-02 7.631479909913412019e-02 3.591990837261212488e-01 9.611185230168673571e-03 4.911193295583289320e-01 -1.722766767622236073e-01 2.584892047666280390e-02 -1.451196679852221061e-01 4.711796525894954013e-02 -2.700267607638539014e-01 -3.805623980075971136e-01 -2.309492093435629723e-01 1.360014827530423298e-01 -3.609092226061929448e-02 -2.621578256752251507e-02 1.152531761680977845e-01 -3.892514583266452888e-02 -7.848967028958292458e-02 3.628104563643198138e-02 1.193587077286018816e-01 -3.704553192563848213e-02 7.733415981028143871e-02 5.317546401013949209e-02 -3.947025973252952374e-02 -1.717344377870556049e-01 2.602482082469788002e-02 -3.064645451536632814e-01 -1.249574717521292379e-02 3.735314942465177510e-03 -4.383894311640972735e-02 -1.467867539125720655e-01 4.673069149194063882e-02 9.788120551285560411e-02 1.091697079520462937e-01 2.072693185423811826e-02 1.874657002322904775e-01 -4.781019595613104217e-02 7.961338381071966785e-02 -4.710010523050581210e-02 -3.661490235989187277e-03 -9.134625979843899457e-02 -8.182341455104698291e-02 -2.504985046461987164e-01 -2.986107456903225321e-01 1.026868325510748303e-01 -2.734822548296791944e-01 -5.766387395288262441e-02 2.880360211333738568e-02 3.191087567145541037e-03 -2.454755173842372018e-01 -2.082198194844141204e-01
-3.968677021586673043e-02 5.819761850275879944e-02 1.000000000000000000e+00 -2.763711425149022616e-03 2.296208215999624713e-01 3.374814402654081058e-01 1.490482304342619357e-01 3.312513436958899327e-01 8.286970001803055375e-02 2.371450360968131443e-01 1.422177153882658585e-01 3.515182021315994831e-02 5.390785213381169699e-02 6.748022531007284719e-02 1.994953230945061551e-01 -9.110882632089672972e-02 -2.050659809702969072e-02 -9.558368883666586158e-02 -2.941267209986528353e-02 -6.301652393333023738e-02 9.787144797299529575e-02 -4.847427385960446922e-02 1.045822349554984543e-01 1.821662925340227779e-01 1.725976495079947493e-01 2.703142220380051475e-01 1.509825809562101995e-01 4.967238655476904213e-03 6.991530250239352817e-02 1.525876454386593251e-01 -4.059260914921399704e-02 -1.479950569657171033e-01 -2.545997375759869591e-02 -1.334457204173890854e-01 -3.864454151629263812e-02 -1.840916072403802339e-01 2.777085113093123725e-02 3.378044636604510265e-02 -4.857679690361266581e-03 2.049844983301787882e-01 -2.723464807535871390e-01 -9.282050786638899875e-02 2.567402868822929798e-02 -1.408193792963434443e-01 -6.471629418404679923e-02 -1.854462586614325781e-01 -1.406446689447340692e-01 -1.813256794892660617e-01 -1.298294722953448332e-01 -2.545067507702141740e-01 -2.335549838204684786e-02 2.607242070222226104e-03 2.518502905807178394e-01 -1.297820472907283695e-01 1.457766132571389206e-01 8.075463153380198211e-02 2.232702441522121384e-01 4.456418427228155815e-02 1.233566120216973289e-01 5.193700463533233724e-02 1.720576850737072228e-01 -5.151221878032894580e-02 1.773336862117889934e-01 8.983623830004223987e-02 5.236223437111327261e-02 5.057886436710623546e-02 -1.998895346958088903e-01 1.069174055681685600e-03 -7.186316872223892822e-03 -1.676289964442410907e-01 1.436031207318759322e-02 -1.345382137295111635e-01 6.405275207443000829e-02 1.597385894726757738e-01 -2.292879279993138286e-01 2.970938047122401726e-01 1.370871712220847125e-02 1.315788524095532763e-01 -1.424014426666713427e-02 -6.850392209000825960e-02 2.372555145703379026e-02 -1.224206895494048819e-01 6.011499920490334659e-02 3.127098781211548606e-02 1.148912562973623958e-01 8.580686965042846892e-02 -5.533782243189827588e-02 -3.792536983007778473e-02 -1.533774345350374102e-01 -5.828642128956887380e-02 6.470878967457795172e-02 2.401117750047843669e-01 2.253027994556003610e-01 -6.156421604358215671e-02 2.705770127181353346e-01 -6.118929224481527845e-02 -2.292477392696968749e-02 -6.223269313515780721e-02 -3.587547065484549685e-02 -7.489757189188853137e-02
-1.631609131496300769e-01 -9.290945774624355391e-02 -2.763711425149022616e-03 1.000000000000000000e+00 7.080760599265363553e-02 -1.372978316042390845e-01 1.218986042848578810e-01 7.088092363388191763e-02 7.657999700430094536e-02 2.147728952201491924e-03 -4.357604788136344998e-01 -4.605470095418000287e-02 -2.586728784159605388e-01 -3.489788789467003771e-01 -2.828666948694196215e-01 -2.852988949375024341e-01 -5.005452311121347730e-04 5.543926651151841190e-02 -5.617331858136232620e-02 -1.631039243668494787e-01 -1.903489246247346556e-01 -1.231310154481649738e-01 -2.971316467534755867e-01 4.882977282162193067e-02 5.589636295039041025e-02 -2.758103388258807340e-02 -2.170584717318699564e-01 -1.040378139508330718e-01 -1.553186051833584935e-01 -1.219898699808417697e-01 4.017230758922434031e-02 3.626110978675679136e-02 1.615301761119007640e-01 -1.056551069893843231e-01 -2.050934005071015642e-01 -5.489141777709359571e-02 -2.162536797369639940e-01 -4.078656754165931875e-01 -8.525502396608243549e-02 -5.754295892392060491e-02 -2.451393817291561139e-01 -3.873560502042487641e-02 -1.436747662272393200e-01 -3.046062055032051907e-02 -4.568504997218801600e-02 -2.301269196901962744e-01 -3.122161890410222185e-01 -2.720964711734162322e-01 -2.266223683003604564e-02 -1.432066302926551793e-01 -5.240569597833556054e-02 3.756284167982567035e-01 1.806905403205394042e-02 3.647810558317428342e-02 2.729862712416536441e-01 -4.130023894901562742e-01 3.156509324700981084e-02 2.402172546336776848e-02 1.159337567274979358e-01 -2.176087280901623233e-01 -1.507079350926711081e-01 -2.143653891526915989e-01 -3.534727823771796063e-01 -3.335238189569579847e-01 -1.566674897843236547e-01 -3.379129245655318470e-01 -5.681380214730245154e-02 -3.043920230401340743e-01 -1.687010386095205428e-01 -1.704770398911529816e-01 -1.555107901581543051e-01 -1.455306358914574549e-01 -3.048338830814084632e-01 -1.452905495123769930e-01 1.478527546380934421e-01 -2.709512557503356289e-01 -2.894345033503304965e-01 -2.460689671539451340e-01 8.471313291749585361e-02 -2.672556633096321785e-02 -9.265015812034223253e-02 -3.480575822055796964e-01 5.586966312783447214e-02 -2.206030521279989942e-01 -1.184730154124799539e-01 -3.326500402973862625e-01 -2.361590780928747302e-01 1.632165439365165782e-01 -2.350322166096616150e-01 -1.167876217274295275e-01 1.481651592686691887e-02 -1.308848628269750347e-01 -2.504609305208951864e-01 -3.290169551173616203e-01 -9.306877009507712184e-02 -2.248704794792510397e-01 -1.873654140629074094e-01 -3.047419661389674794e-01 -8.766510019611155335e-02 -2.260667336259678806e-01
1.275484341999971183e-01 -3.207103890542942204e-01 2.296208215999624713e-01 7.080760599265363553e-02 1.000000000000000000e+00 4.116259754870668641e-01 2.684632512865806619e-01 2.280562861637864744e-02 7.618427181067176368e-02 4.134351465157001249e-01 3.668466315286578877e-02 1.881781781799624076e-01 -3.712322983837254564e-01 -3.973391736411525099e-01 -9.670352409152394024e-02 -5.090083524211338473e-01 -2.374109420682838367e-01 -1.866579262605302936e-01 -3.398612732345466791e-01 1.111438811360803552e-01 -1.259496521954133093e-02 -2.542088304797924803e-01 6.569566220293429626e-02 2.100901498419473490e-01 3.852676903843596512e-01 3.065578544134158201e-01 -9.478302228958573883e-02 -1.035081276934859823e-01 -2.635095315557176021e-02 4.182882850191599702e-04 -2.067753879046484999e-01 -2.986975221857616214e-01 4.136842218034925134e-01 -4.522139241292410516e-01 -1.490207896705642299e-01 7.027332945477975101e-02 -7.290697838537432696e-02 2.738319667629494636e-01 2.464123709859102410e-02 3.033138182306499564e-01 -1.745309006926861750e-01 -2.413901846458308409e-01 2.005604381597024879e-02 -1.766839138838209311e-01 -1.123713283902693927e-01 -7.134949717730852681e-02 -9.927076900379933760e-03 -7.009411484620053923e-02 1.756737317742602389e-01 -3.245604318388467524e-02 -3.277052705306061076e-01 -1.837848389449555364e-01 3.952997480850162781e-01 -3.796005465285366975e-01 3.574202994521170629e-01 -1.643932112083631436e-01 1.168530922306696557e-01 1.010025911584220004e-01 4.091147766444501732e-01 3.220914368721976007e-01 4.314112142200421940e-01 -3.724388509734002373e-01 -1.495298455207614563e-01 -1.626066903338465597e-01 -2.568952566088711365e-01 -2.987321464337483468e-01 7.302115854020636843e-03 -2.446766403321234407e-01 -2.652891998360196735e-01 -2.094861214594593291e-01 -6.947089749917728652e-03 -4.162963536674438858e-01 -6.140603685768716152e-02 2.752035160193022079e-01 -3.676274096668447622e-01 4.561893635194079200e-01 -2.089533450521732505e-01 -1.531274163939745914e-01 -8.820814065667453852e-02 -4.343590514242388900e-02 -2.336269625161022379e-01 -2.401182801510673703e-01 1.186119494411286557e-01 -2.458324417993099087e-01 -1.890823157348691108e-01 1.881476525093970023e-02 -2.220222764168162943e-01 -8.505120434235889648e-02 -6.558923789246950964e-02 -1.218936024535022394e-01 2.427455764197711252e-01 5.293399200542064920e-01 3.864500193534071704e-01 -3.568317681105793726e-01 2.562098874019346773e-01 -6.874877662156136937e-02 -1.128663913541668312e-01 -3.869494922241772938e-02 1.586546135774067612e-01 1.822809401811585073e-01
1.463013925040040075e-01 -2.405499240453945753e-01 3.374814402654081058e-01 -1.372978316042390845e-01 4.116259754870668641e-01 1.000000000000000000e+00 3.990769679678601162e-02 1.383004423750559542e-01 1.429358982916706100e-01 4.819012630705367672e-01 1.247651655732634757e-01 2.280391610845329889e-02 2.266070484092905929e-02 -7.690224850297128212e-02 1.518951884687538556e-01 -4.301971659594544528e-01 -3.127393958951865671e-01 -2.546042272982717014e-01 -2.712374237623519924e-01 4.501610424512325626e-02 -5.676712456592070827e-02 2.944538365724119408e-03 3.006612593239206890e-02 1.424494355662838940e-01 3.875286948636250117e-01 1.761217367188946115e-01 3.798054949064417346e-02 8.149083206048016170e-02 8.680143138841091288e-02 1.924707246961986085e-01 1.575717871741850185e-01 -1.934015439365666666e-01 2.197329483661758787e-01 -3.037734242157760778e-01 -6.725783626907008705e-02 5.044443004285677212e-02 1.198640802379333792e-01 2.732164740544839043e-01 4.482873648625651519e-02 1.710416636016838521e-01 -6.928589398133155886e-02 -1.456085466314880617e-01 -6.064395528530996948e-02 1.862079990708934707e-01 -5.480169505832603594e-02 -2.346938239833113934e-02 8.371834703616072570e-02 3.553342731609229754e-02 3.200518360599162171e-01 9.157943295226701752e-02 -2.007734044573438459e-01 -1.215829879239071487e-01 3.178356227814075480e-02 -4.346606357055062819e-01 2.824760455986628505e-01 1.901005006235451655e-01 1.859999442616401544e-01 2.280465224030410465e-01 4.936010732040259641e-01 2.750138784521770630e-01 2.809517342608878199e-01 -9.448435926893145390e-03 1.293956065461491500e-01 1.157621699995808190e-01 -4.224052058980535401e-02 7.439919030961500424e-02 -4.764010892318954610e-02 -4.001464159223005329e-02 -1.629592344144707161e-01 -4.055251419163617699e-02 -1.612630935788682968e-02 -4.523748194232436737e-02 -2.097791347465871505e-03 3.021565194816198119e-01 -2.557149573114880226e-01 3.788848980008301393e-01 -4.923014297723559557e-02 5.979491167027025517e-02 1.763145659834319812e-01 9.761341534246235907e-02 -1.365673661798626759e-01 1.333119379259473970e-02 6.832747629627729247e-02 4.489779864702122397e-02 -4.120435678036592220e-02 1.042193712693870872e-01 5.713768096748469971e-02 3.916360857352550046e-02 6.906612562054176285e-02 9.134328657397516871e-02 8.788871179042762050e-02 4.517318197586286943e-01 3.828063678560441052e-01 -1.736983212943309374e-01 2.612604645096360256e-01 2.223951059029737887e-01 -2.333228804633866726e-01 4.826748280745352115e-02 3.085085491089907817e-01 1.964674347640203989e-01
-3.747991166312924366e-02 -1.725390526174434835e-02 1.490482304342619357e-01 1.218986042848578810e-01 2.684632512865806619e-01 3.990769679678601162e-02 1.000000000000000000e+00 2.414118787121541099e-01 8.429254734708484242e-02 1.882418939414479686e-01 -1.798876840860212101e-01 1.558498696961276297e-01 -1.632198524646819304e-01 -3.045491266483488918e-02 1.914934214399439394e-01 -1.492356810717254956e-01 2.927617785128647787e-01 7.252642460739985864e-02 -7.510145686697890233e-02 3.641167571923955432e-02 2.979526372830233472e-01 -4.424443315234209695e-02 1.110193082024233668e-01 4.488330064506672046e-01 2.107228474547428454e-01 3.141721109386930166e-01 4.936199953426325532e-02 -7.966639619345970702e-02 2.821591465412981448e-01 1.471040830520584097e-01 8.510522875435824058e-03 -2.129683546553637896e-01 -4.153791453424784952e-02 -1.506319955369109787e-01 -2.027002761708429635e-02 -3.373020919430739367e-02 -1.249635349849917004e-01 -4.150765603359181377e-02 -1.093092828799951122e-01 2.605791799382209395e-01 -1.063442928334445009e-01 2.896284158120047275e-02 -8.086809994971069782e-02 -1.981978090857322572e-01 -1.925708596965121366e-01 -1.061556808611539837e-01 -1.319276463329752402e-01 -2.893432799429575542e-01 -7.320739010507766598e-02 -1.365912955913899662e-01 -2.082993420601708667e-01 1.376885366740043248e-01 9.453873920844894918e-02 -9.357285339293683335e-02 3.282685506653576502e-01 -1.871829366407544437e-01 1.488433066095152524e-01 1.505423751704281221e-01 1.712828269116157542e-01 -5.021929931433911920e-02 2.323076258621116774e-01 -1.466420384967973001e-01 -2.304099140470086404e-01 -1.739731399481838081e-01 1.176916760054910055e-01 -5.875253857847032024e-02 2.130000562623738103e-01 -1.064721867727855265e-01 -4.272546970728198501e-02 -1.494816534465149560e-01 1.829826877294684906e-01 -1.945221544278747938e-01 -7.504436410835789439e-02 1.764196411988409319e-01 1.684143707411550894e-01 1.405972687041197045e-01 3.827399648698632389e-02 -4.065954900356436724e-02 5.430677877206935289e-02 -8.406317805429742995e-02 1.349376880015672742e-01 -2.764528561041411092e-01 -4.289028028029011341e-02 -4.240466049289622757e-03 -1.252899589231866451e-01 -1.287710182412775406e-01 -1.198325294446574985e-01 -1.202562492957045398e-01 -5.406454177203564443e-02 8.401340861289149919e-02 1.177289508517315349e-02 1.188357554141800387e-01 5.948533866609426179e-02 -1.873627453702157164e-01 2.009241120854281804e-01 -2.538675144949241180e-01 -3.169482571657229741e-02 -2.467406957014662006e-01 -1.289521485440139337e-01 -9.444423301431564832e-02
-2.325994088915656344e-01 1.546227971501488996e-01 3.312513436958899327e-01 7.088092363388191763e-02 2.280562861637864744e-02 1.383004423750559542e-01 2.414118787121541099e-01 1.000000000000000000e+00 5.246926343082461974e-01 1.376939563278437584e-01 -3.542546031640064069e-02 1.722451673628856150e-01 1.681910238550241021e-01 2.163524617827237984e-01 2.975130400505573980e-01 -7.223225607585993802e-02 7.152944137378774991e-02 -1.214742582998977645e-02 -1.491985782446936248e-02 -3.413531820275438888e-01 1.091478760352442151e-01 -4.271434331216647506e-02 1.518620578972239114e-02 3.075369676639427841e-01 6.739417353147296452e-02 2.977469422753539208e-01 1.933469491867194079e-01 8.882770991877238231e-02 3.442557966116627189e-04 3.862862792657799083e-01 1.231524249031340917e-01 -1.754408032308592824e-01 -1.791999230081252614e-01 -1.183478771057960982e-01 -1.067356991347305495e-02 -2.757634205072550526e-01 -2.943758978987094377e-01 -2.645141120972168136e-01 -7.464078638907503671e-02 2.098493118682309977e-01 -4.363122844896782371e-01 8.918617871746342685e-02 1.054286532551987204e-01 -1.872721489798179206e-01 -1.956786260119877108e-01 -1.909824030289918317e-01 -1.664382165281469983e-01 -2.881484290971385032e-01 -3.186212829236333421e-01 -3.844345470892995276e-01 -1.454052876319184562e-01 3.039591729079317850e-01 3.375086281406484284e-02 2.430661654879030537e-03 2.549979113018718824e-01 9.012332036789184875e-02 6.323287734305420571e-01 5.756241644559997317e-01 9.501590342875546047e-02 4.664353702991363287e-02 2.019259132163201409e-01 1.816133103487744538e-01 1.225760987410761810e-01 5.782057574581757342e-02 8.593776988138020212e-02 2.930420039476240579e-02 -1.709424625507668105e-01 -3.179311398727327487e-02 -1.023907263091905356e-01 -2.167785373133625237e-01 -4.425674098379806659e-02 1.058197493922859687e-02 -3.070314401800893975e-02 1.888127793293755963e-01 1.241359535316143847e-01 1.486827216122952322e-01 -1.499163967697053623e-01 2.547782807752746459e-01 8.467784513026409277e-02 -1.241339928908361950e-01 1.842272784603774527e-01 -3.090027980977669841e-01 3.947200695120632596e-02 1.229555978112430031e-01 1.825624900891239799e-01 -1.900346550249253363e-01 -2.907717248635214857e-01 -2.523671498338014504e-02 -3.565894200249287160e-01 -1.549074011887669779e-02 -1.120307557793614461e-01 1.560957800770291191e-02 1.530294449761153974e-01 -7.429623142975423644e-02 2.399548956268333921e-01 -3.307785216649880011e-01 -8.558474879045205319e-02 -3.125306810246566980e-01 -3.362080650662263026e-01 -3.841024671057959305e-01
-1.483429613014032866e-01 9.749748645327425967e-02 8.286970001803055375e-02 7.657999700430094536e-02 7.618427181067176368e-02 1.429358982916706100e-01 8.429254734708484242e-02 5.246926343082461974e-01 1.000000000000000000e+00 1.281704601703889668e-01 -2.330117311486541165e-01 1.951463571563628596e-01 6.889093166156466663e-02 8.269373980965503967e-02 7.151316695929448020e-02 -1.878238199874053826e-01 -2.419648457466110070e-02 2.211652825655318136e-02 -6.461477430410367262e-02 -2.366230579139290691e-01 3.175115058899528886e-02 1.004938351056077622e-01 -8.880114029993670111e-02 1.495948584101137735e-01 1.287707588649454095e-02 1.772877527375169848e-01 2.429830965976569890e-01 2.023679116001724232e-01 4.923821581806994002e-02 3.167977988218201868e-01 -9.061509392453998002e-02 -3.598698933771959374e-01 -9.985313104555061658e-02 -8.261186491424934997e-02 9.959896416960405119e-02 -9.282078884692690490e-02 -3.778125427119026214e-01 -3.368285063159570103e-01 4.753317205324218524e-03 1.983943295502453297e-01 -2.667746614146605522e-01 -1.534504720678446683e-02 4.701677676618650631e-02 -1.180818841824223808e-01 -1.002423008969864499e-01 -1.671967239988314813e-01 -2.101257208138354246e-02 -7.720904632568538484e-02 -7.646154196353881216e-02 -1.666067041976146135e-01 -3.858493362533134130e-01 3.556815524744194046e-01 -1.492579794612818866e-01 9.760252325573365306e-02 4.228049918088782055e-01 -1.499583557895594645e-02 4.355534514660197032e-01 5.743678973209543903e-01 2.198890107061273191e-01 8.791633468569764673e-03 1.675693769662528754e-01 1.454036693935042701e-01 -1.124145207968902660e-01 -2.467972268558430438e-01 -2.416632164546084205e-02 -1.131740401082018954e-01 1.370674221687009919e-01 -1.893085555031454037e-01 -1.615184385950527157e-01 -1.546184581053464679e-01 -2.140633015879289669e-02 1.164332793082357639e-02 -1.292405248882564327e-02 1.769228548181984439e-01 1.110275772076526057e-01 -3.973946481613283704e-02 -2.130517195035311895e-01 1.698293637892067387e-01 -1.875565638360899290e-01 -3.641377483124892955e-01 1.186548154544828787e-02 -3.040275072783218402e-01 2.125221315211513473e-01 1.129481475594353579e-01 2.497561291468892164e-01 -2.409729119782120510e-01 -2.738575853952650574e-01 1.109188023603085160e-01 -2.091492576925063351e-01 4.078962894677263390e-02 -1.815464099390365904e-01 -1.084337997791914032e-01 1.774055112437283865e-02 -3.730401866210050765e-01 1.302212596744813655e-01 -2.975089917514634474e-01 -1.069230664474106335e-01 -1.485400794624579801e-01 -1.205130834628083958e-01 -3.018650950308532366e-01
2.921824499379518589e-02 -2.364191170099928241e-01 2.371450360968131443e-01 2.147728952201491924e-03 4.134351465157001249e-01 4.819012630705367672e-01 1.882418939414479686e-01 1.376939563278437584e-01 1.281704601703889668e-01 1.000000000000000000e+00 1.658188262201050478e-01 2.202809479383299740e-01 -1.033231484304953096e-01 -1.464526662098076526e-01 -2.281321081660229576e-03 -4.047171926559623989e-01 -1.085663067856502684e-01 -2.941935905223270198e-01 -2.702115124391129553e-01 -8.045382503167539112e-02 -1.301641523151611871e-02 6.241967114039050080e-03 -5.878248510813689938e-03 2.634972424620327658e-01 4.416056540620035831e-01 2.236573393886467642e-01 -3.157226511110797218e-02 2.285318731583225668e-02 5.999746432355630016e-02 6.647977794477857860e-02 7.420796983877797626e-02 -2.509889068957376068e-01 2.636429418209438880e-01 -3.171861177296275702e-01 7.568390161667780391e-02 -1.069243250323067967e-01 -7.437619012715414313e-02 1.220858905844472153e-01 5.685039513254796367e-02 1.537009337936672826e-01 -2.578754228360899958e-01 -1.415428016972578307e-01 1.615279373972079158e-01 1.269153962557092452e-01 1.177776529064428063e-01 -1.471074187396550492e-01 -8.702754110742558225e-02 -1.760016693292323908e-01 4.624918882503086665e-02 -8.171894303409544744e-03 -1.600685807792222581e-01 -1.028104768055810997e-01 1.492379884516399358e-01 -3.492916527785023817e-01 3.696600639279461475e-01 5.044121732192867469e-02 2.081404523591092459e-01 1.319659212046513652e-01 6.788540525717531304e-01 2.412086752555100133e-01 3.360121312684664630e-01 -1.679811679932309010e-01 -4.552078940147883529e-02 -4.790008942083628235e-03 -2.107659826933833691e-01 -1.695390447587632188e-01 5.018576898277764958e-02 -1.083485184784086786e-01 -2.576474508022487120e-01 -2.384736429308363381e-01 -1.046974016584995282e-01 -1.298213298620638223e-01 -5.183639092321452174e-02 4.433744271378226576e-01 -1.651379289806148565e-01 3.078580336326542932e-01 -1.504759900063417366e-01 2.729857668253087358e-02 1.195119534564805380e-01 -5.076642835961173855e-02 -1.479370444066132884e-01 -1.680873387846341382e-01 2.478524019647752041e-01 -9.172179813157003980e-02 -1.327662704429504736e-01 -1.471542366490888321e-02 -8.969342678501956989e-02 -1.571008520043109397e-02 -1.313827668617152666e-01 -3.688707568894083327e-02 6.538959549244760527e-02 4.632814842365047814e-01 3.677630635645629531e-01 -1.897491070697499282e-01 2.173659535967681355e-01 1.194289223752427048e-01 -1.835773438241480870e-01 -1.053816259668284155e-01 1.250344358065481887e-01 9.893421024184680113e-02
1.312989842179088928e-01 -9.215048583610696564e-02 1.422177153882658585e-01 -4.357604788136344998e-01 3.668466315286578877e-02 1.247651655732634757e-01 -1.798876840860212101e-01 -3.542546031640064069e-02 -2.330117311486541165e-01 1.658188262201050478e-01 1.000000000000000000e+00 2.570442343991352629e-01 3.204625316389371203e-01 2.839079655479894160e-01 2.674517417255846685e-01 1.495623254572080174e-01 -2.185572364098493231e-02 -1.037339182412021915e-01 1.035287197197737319e-01 1.114525081489051578e-01 9.744547896836257272e-02 1.454124261096094994e-01 3.909942323319710034e-01 4.358099993903366554e-03 3.073408774772021582e-02 2.265774156061882705e-01 9.547207071650244681e-02 1.897370277906905711e-01 -1.692105044153190477e-02 1.718806015043757296e-01 -1.458183546856039459e-01 1.414295798575211927e-01 -1.237986920779229894e-02 1.017040146724933203e-01 2.720181647614182685e-01 -4.860677408901232371e-02 3.038665442604557287e-01 3.078541897842171360e-01 7.246869382258340486e-02 -5.343892101466513056e-02 3.662087118529899071e-02 -3.309625271513005895e-02 3.373602560946250550e-01 1.348447546702938359e-03 2.078476742121153353e-01 3.709488080074474503e-02 5.354274918298448926e-02 1.596458517409897748e-01 -1.221832448402804250e-01 -4.829033823514062435e-02 3.219077545998383361e-01 -5.353994000866343361e-01 1.751378191081104652e-01 -2.041454666297283782e-01 -3.414434888518274591e-01 4.387669462311033497e-01 7.042836031707391288e-03 -1.946501249412113665e-01 -3.993998460034353659e-02 4.915543648501140006e-01 2.686304271678143785e-01 8.149024533124403502e-02 4.775488444587143166e-01 5.194600237830956369e-01 1.711347216496049151e-01 3.196797977024763426e-01 -1.788314584558332032e-01 4.490988554484630635e-01 2.076990442643520951e-01 1.164565705966851827e-01 5.035455882097807784e-02 1.506071543061576479e-01 3.180274648919741431e-01 3.078643719214586572e-01 -2.752306623380355588e-01 4.731006617103565293e-01 2.019670231773097735e-01 3.954094323231898134e-01 -7.961370843445920997e-02 1.249811726175699272e-01 4.848900774608257830e-02 1.874990616247172170e-01 2.354977306047522159e-02 1.563614239541217532e-01 8.001086649566151177e-02 3.252001007947967204e-01 1.876726921971555440e-01 -2.213143000129980387e-01 7.564282697608061545e-02 1.034461024926348373e-02 -5.986424100447151897e-02 2.137367668210235494e-01 4.543301092120408669e-01 4.301576830756269065e-01 8.615764046929812181e-02 2.734939917070867699e-01 1.316931221859254653e-01 2.189901740375905792e-01 1.491114681217204363e-01 1.806047594211174223e-01
-7.923004911481039414e-02 -1.503480013111935243e-01 3.515182021315994831e-02 -4.605470095418000287e-02 1.881781781799624076e-01 2.280391610845329889e-02 1.558498696961276297e-01 1.722451673628856150e-01 1.951463571563628596e-01 2.202809479383299740e-01 2.570442343991352629e-01 1.000000000000000000e+00 1.791035500118237922e-01 8.316111779164475637e-02 9.649259908550361642e-02 -1.116520872976546896e-01 2.137178026074238735e-01 3.450643156992180133e-02 9.093192166506856855e-02 -9.095193237882699677e-02 1.745355127458550482e-01 1.257829809272683896e-01 2.085583983810946618e-01 5.229023743406258085e-01 1.862104995946439190e-01 6.089209211045030212e-01 8.742106199721974558e-03 1.616638982972847527e-01 1.127004768969654958e-01 2.662360867731958236e-01 -1.989386127813188090e-02 -2.040663776696915455e-01 -3.397344024990760908e-02 -9.086634822932343480e-02 2.109626053961661529e-01 -1.174929429255121005e-01 -2.900625292079069273e-01 -1.415770941244600123e-01 -1.052760981069760654e-01 4.632196967169840279e-02 -1.842659558546486109e-01 -2.752561225482019411e-02 3.114351237550906926e-01 -1.895307446748272506e-01 -7.316009742441925701e-02 -1.833057682317190962e-01 -6.231664537860078651e-02 -1.851532824658253251e-01 -1.539776839062833858e-01 -2.800972361517413689e-01 -2.126761933736855958e-01 -2.199893491424573244e-01 1.217362162733471795e-02 -1.607035186709179220e-01 1.751801735767082036e-01 -8.852945096276969295e-02 2.054014337234965903e-01 9.072511155747844946e-02 1.657961090313567198e-01 4.710407121164771893e-01 5.953577004715380205e-01 7.767684272097642728e-02 -5.271494537267160281e-03 -4.291640769925161164e-03 6.248847800138350450e-02 -2.013142205619580447e-02 1.064186226742430130e-01 -5.724845688231179619e-02 5.273706908984359537e-02 -8.214832094757665293e-02 5.906606890449474234e-02 4.480351364485086335e-02 5.876889151488209201e-02 2.881595417344166576e-01 7.087940920500292175e-02 3.681364779634448969e-01 -8.030116868130500463e-02 2.779062235603395603e-01 -6.381742913841473297e-02 -8.605285245900316793e-02 1.774455190742655897e-01 -2.458403706945474498e-01 6.682256280016965477e-02 -2.394853964479761246e-02 -5.407905082340599967e-02 -1.239050677314250254e-01 -1.465209665671761696e-01 -1.298990651335989455e-01 -1.778582254880081981e-01 4.502385417304275578e-02 -1.712879849545127786e-01 2.245501126185886834e-02 2.248557532650247992e-01 -1.000086523892359663e-01 2.208590134240381031e-01 -1.275314435276670155e-01 -3.336049236544579282e-03 -1.807837089302898603e-01 -6.655920593783215544e-02 -1.413725213766643674e-01
-1.462703313275464101e-01 1.743323378150947456e-01 5.390785213381169699e-02 -2.586728784159605388e-01 -3.712322983837254564e-01 2.266070484092905929e-02 -1.632198524646819304e-01 1.681910238550241021e-01 6.889093166156466663e-02 -1.033231484304953096e-01 3.204625316389371203e-01 1.791035500118237922e-01 1.000000000000000000e+00 4.714123804329064527e-01 2.439009475445027275e-01 2.460848598713728519e-01 2.770109589101886760e-01 1.401444664410987917e-01 2.326215842443467574e-01 -1.162494541617158927e-01 4.462112999443544614e-02 3.881026184360764075e-01 2.192749794211517056e-01 9.426124532776324061e-02 8.138243268580699213e-03 1.068784002640437575e-01 2.508979443333543835e-01 3.692601358537703216e-01 1.366348309651594095e-01 3.619854151879849935e-01 1.837484629955540016e-01 1.195978388376133378e-01 -2.625124415035571812e-01 3.141430768697955900e-01 3.354309041630938459e-01 -1.740438939916100214e-01 4.186815542450580963e-02 -2.010825556524171998e-01 1.979771475230454603e-02 -1.374054083309798335e-01 -6.794520073319480769e-02 4.851911184590091027e-03 4.230312663800521455e-02 5.007196409417582345e-02 6.418577961790095099e-02 -1.717946678054215748e-01 -3.847102344833257942e-02 3.651321277120864184e-02 -1.634795480763392150e-01 -1.994705577363088123e-01 1.323822507112091540e-01 -6.416692600676138919e-03 -1.642835522220987277e-01 9.936314319710165543e-02 -2.178225507677127026e-01 2.649540983717916243e-01 5.873692685673355396e-02 -8.240825583122272924e-03 -1.207486110071614022e-01 7.256299871876728536e-02 1.106963996162132757e-01 6.530100894624242258e-01 3.812831174864512174e-01 2.637720179741591120e-01 2.154341583354001111e-01 3.396330566551060692e-01 -2.081348783130430591e-01 3.596372231844440215e-01 2.958067580726303492e-01 1.490508981284459911e-01 4.603456533358130792e-02 4.297392539009707857e-01 2.047244915460502690e-01 8.125344779492531255e-02 1.948971308840974914e-01 7.840208381575829166e-02 2.442312752855388402e-01 4.696644574889953239e-01 4.799385941839195285e-02 -1.261383290105661144e-02 3.035335599721656896e-01 8.252096093124612619e-02 -6.961884193352148309e-02 2.710758046339601379e-01 1.869345239398415293e-01 -1.119068914528876940e-01 6.208614292807326102e-02 1.953537655952538102e-02 -1.464901924207871568e-02 1.215113231493695212e-01 -2.638374100176676951e-01 -2.472963343295632443e-01 -7.061865930462679630e-02 2.047420109052365544e-01 1.561468143890274362e-03 -4.745786091617567313e-05 -1.170543212600358290e-01 -3.573890798516012740e-02 -8.904548042923837725e-02 -2.297511070675050948e-01
-1.381110315720424919e-01 9.554409950279327268e-02 6.748022531007284719e-02 -3.489788789467003771e-01 -3.973391736411525099e-01 -7.690224850297128212e-02 -3.045491266483488918e-02 2.163524617827237984e-01 8.269373980965503967e-02 -1.464526662098076526e-01 2.839079655479894160e-01 8.316111779164475637e-02 4.714123804329064527e-01 1.000000000000000000e+00 5.569644443758404728e-01 3.697826449000687354e-01 2.308360554822936894e-01 1.516261405617060631e-01 3.748600140398609670e-01 -8.066902821317972760e-02 2.925887336642203351e-01 2.983502066578482270e-01 3.975157440451251856e-01 8.389546800643930824e-02 -2.413258626738695178e-01 1.631252898640078997e-01 4.477453657564310907e-01 2.485071795358927138e-01 1.825366828112494899e-01 4.679693767923276404e-01 -2.142167586495887302e-02 7.029016283331665504e-02 -3.181322612581163334e-01 3.071341888854037250e-01 1.988253565354342889e-01 -2.158529518545787562e-01 8.654492435089209193e-03 -9.589686508519264241e-02 -1.035314904143425502e-01 1.333346601756575829e-02 -6.351129939441294003e-02 1.427130701050827732e-01 1.593449257175846567e-01 -1.146324475393996623e-01 -8.140110683709791961e-02 -1.516360498899000167e-02 1.157508254647553331e-01 9.456692032603114528e-02 -2.711327051645630037e-01 -2.188256274190396033e-01 1.850413096158434190e-01 -8.838772632381668160e-02 -1.595209657038966777e-01 4.127328445317899469e-02 -2.239784835492733273e-01 4.219922999769472605e-01 1.666546568466295286e-01 -1.039200530885276211e-02 -2.068760474432890240e-01 9.455091094958824327e-02 7.304439518163141631e-02 4.162609441535473076e-01 4.652817940876677327e-01 4.009551981966701928e-01 4.801019954872557394e-01 5.836412199662559530e-01 -2.564600915269485415e-02 4.160041472372799087e-01 3.862890875820960690e-01 1.618713897994180917e-01 2.171465924432872396e-01 4.739697241616152579e-01 4.099643115307240460e-01 1.517604960611803055e-01 2.161444892898370107e-01 9.563340546461873704e-02 3.116909021054966034e-01 5.379879089095710443e-01 -1.063448664103593538e-01 -6.482053461029141372e-02 3.889393587020624765e-01 1.185753312239750806e-01 -2.712584683793201057e-02 3.872077413731723206e-01 4.533463379401586058e-01 2.199803639636372654e-01 1.371075410502227698e-01 7.197585564937555858e-02 -3.157072982332654459e-02 1.867410879227805187e-01 -2.647575375577015944e-01 -2.601366750316991272e-01 9.204755452873915333e-02 3.144078246865731341e-01 1.519682971442453123e-01 -8.886567836269772258e-02 2.048381435266164730e-01 1.172500999336030109e-01 -1.649579117225877245e-01 -2.119246142553621592e-01
-6.196840239283957913e-02 -3.598766590396550169e-02 1.994953230945061551e-01 -2.828666948694196215e-01 -9.670352409152394024e-02 1.518951884687538556e-01 1.914934214399439394e-01 2.975130400505573980e-01 7.151316695929448020e-02 -2.281321081660229576e-03 2.674517417255846685e-01 9.649259908550361642e-02 2.439009475445027275e-01 5.569644443758404728e-01 1.000000000000000000e+00 6.352503299974632256e-02 1.863615756663745127e-01 6.342805973599643585e-03 2.001171881433944921e-01 3.479725076343171720e-04 3.509374924071759216e-01 1.192598397239005292e-01 3.514935778897093632e-01 2.493735218925793307e-01 4.594648971709079655e-02 2.990692512311062257e-01 3.265654583995496463e-01 2.765784363307606797e-01 3.446095007600525895e-01 4.381638982519110437e-01 3.788441841884899325e-02 1.581482060653556510e-02 -1.807348295162564122e-01 6.154523894791495003e-02 4.264758148603139953e-02 -1.120405348287300401e-01 8.768728750635372549e-02 8.605334695742349049e-02 -9.541653141664779847e-02 6.847685571390893511e-02 -8.945779627641184395e-02 8.337470941020765081e-02 1.446896462009179471e-02 -8.889107262000835175e-02 -2.037707478933360739e-01 5.440114638345591724e-02 1.181597009830253758e-01 1.175863653064461445e-02 -1.415279464775747731e-01 -1.217820242512119289e-01 -2.088280646836953875e-03 -7.231563414223844688e-02 -1.152512372826369480e-01 -1.128882568418987098e-01 -6.031261208969471849e-02 2.497616937174038376e-01 2.688656983113916765e-01 1.069229299318370519e-01 -8.735871373665403394e-02 1.928598044471399320e-01 1.988523819942782100e-01 2.294324135520423857e-01 2.944906364560053724e-01 3.018085289203953914e-01 4.110019800673965773e-01 5.811597425176383558e-01 1.035528269124162334e-02 3.467847386167494106e-01 1.852425704359946246e-01 7.391237701860259302e-02 2.281511909030898289e-01 2.446397067322676477e-01 2.599908713975940255e-01 2.032695011951410613e-01 1.978969298721284242e-01 2.640906469572391613e-01 3.106366118419496281e-01 3.978118035037462308e-01 -1.729960375152094290e-02 2.171082507908742715e-02 3.480954029287221529e-01 7.236535597777289663e-02 -1.380048567064667553e-01 3.112932848293331611e-01 2.897341502724796181e-01 1.906535565485693862e-01 9.788972108411601869e-02 4.747470399558836873e-02 1.941676517137273794e-02 1.542493080936628014e-01 -1.378045560652618184e-01 -4.648953518536268897e-02 2.119343170685705768e-01 2.021271336452329093e-01 2.370376466616892219e-01 -3.477104050095555093e-02 1.351994198407023007e-01 2.396665744358041084e-02 -1.035699565334788075e-01 -8.877890230900101209e-02
