1.000000000000000000e+00 1.415421949835366788e-01 -6.243300947312330901e-02 1.379531733889161615e-01 4.182096464376600653e-01 -1.473653748441434708e-01 -1.535345056939058928e-01 -2.879113731352717781e-02 -1.363466836696655415e-01 1.165431026527572467e-01 1.591283692895721080e-01 1.010496405938104136e-01 -1.635525418328823699e-01 -3.598159094817858228e-01 -1.828972130318163025e-01 3.736298224198031370e-01 -2.741389793938946440e-01 -2.395950547190451307e-01 -2.682701677306553179e-01 -1.175969109562554488e-01 -1.338728012894582417e-02 -2.341381686531946171e-01 -3.011207555192738083e-01 -4.386216379179838643e-02 -1.702857319066289343e-01 3.061060720046892558e-01 -3.159360114200681080e-01 -1.899791068290195284e-01 -2.697763132304732969e-01 2.941798320898539321e-02 6.429284711171581734e-02 5.334984567742336870e-01 1.064702529606668668e-01 -3.689981959229116648e-01 -2.788287011341211707e-01 -2.310579034291796452e-01 -1.756936444694398580e-01 4.327091458985698469e-01 -1.524463769255409995e-01 -2.085304942007230877e-01 -1.478769881063285441e-01 1.340381402878207673e-01 -1.491040366045318089e-01 9.252639817834919234e-02 -3.393665198371446645e-01 -3.842509321078912965e-01 -2.656763699008233837e-01 -1.927246691081820618e-01 -6.318471608206838175e-02 -2.251107548138016612e-01 7.082985836107549282e-01 -4.491018343080906972e-01 1.454933139009728649e-01 -3.001303945835644485e-02 -1.108679205358853170e-01 -2.928226662417931017e-02 8.489878114346979809e-02 1.428027507196547898e-02 9.965376947406640040e-02 1.628991070581766454e-01 -3.081674580163983879e-01 9.318326378910146701e-02 -1.509903852675386349e-01 -1.320991967946715806e-01 -2.569101719924670735e-01 -2.213919128993463714e-01 -1.170416324558250648e-01 -3.204286686803652917e-01 -1.119122388740744801e-02 -1.877475903840277738e-01 -1.031473659920897623e-01 -1.713650598563563332e-01 -1.531514207045586995e-01 -1.499023340864458487e-01 -2.467028621782858533e-01 1.355657426150939648e-01 -4.218025761924092398e-01 -3.575915564037836503e-01 3.308479453549528215e-01 6.026124736513037705e-01 -2.907291718946473646e-01 -1.742466582934048269e-01 -2.016400343060888722e-01 -1.363628657481342210e-01 -2.505078736493777658e-01 -2.550663910478586649e-01 -2.289957743519991096e-01 2.664588130481339995e-02 -2.147668482029713166e-01 -2.203236884162444176e-01 4.382261041107005650e-01 9.315640177870571081e-02 -2.707436352236345378e-01 9.242666617456131439e-02 -1.366652838799179981e-01 -9.604432557371864188e-02 -3.028409350017392532e-01 -1.398505377861680721e-01 -7.986341734448902663e-02 -1.936558100734538934e-01
1.415421949835366788e-01 1.000000000000000000e+00 2.269049405644140149e-01 5.417148492445821306e-01 4.223255881428494285e-01 1.111340729614085782e-01 1.183245308362164266e-01 3.609159842103393800e-01 3.763295597149903249e-01 -2.775584074046938965e-01 -2.703677316442999468e-01 -1.490730519532921794e-01 -2.946633479034806158e-02 -1.336491784056769161e-01 -2.122496176428930736e-01 2.817171230421864347e-01 -5.395980425019623189e-02 -6.329403787012502849e-03 -6.753789577073296413e-02 1.115195336807421750e-01 -6.491040538542579286e-02 -1.172118533774381410e-01 3.629476951349570879e-02 -2.085801244672382260e-01 -2.541536237665934506e-01 -1.746783143006872541e-01 -1.026269819493944024e-01 -1.282862741989170274e-01 -4.433547250509098370e-02 -3.304126563722935561e-01 -2.410736925420519927e-01 1.291365887845722926e-01 -7.602104390323698169e-02 -8.381556657338920524e-02 -7.996444866023477704e-02 9.591115577346047416e-02 -1.307057958457845948e-01 -7.818503963939683887e-02 -2.161858155936032533e-01 -2.120391764666558210e-01 9.611355595862705603e-02 -3.427609020266530471e-01 -1.316746065418177292e-01 -4.034621555713591851e-02 -1.138312400715462691e-01 -8.471372760863851714e-02 -1.935981950834636256e-01 3.203453135821807823e-02 2.120046026989988799e-03 8.584459193962316881e-02 1.483398410830568115e-01 2.542826237233174469e-01 3.259393827079625633e-02 1.848717561144276322e-01 3.676894472602100228e-01 3.158331722362242838e-03 2.822332335830121108e-01 3.161228806074014019e-01 -3.364866658880285022e-01 -2.428389536703969842e-01 -1.736157627222802979e-01 1.107799161863723958e-01 -1.025617806107760877e-01 -2.524466589325612409e-01 -1.989918102674436973e-01 -9.455217717763647611e-02 1.324760358307821295e-01 -1.256040904724695650e-01 -1.184495527926382324e-01 1.929290626588060220e-01 -5.063373597145744837e-02 -1.030055135827485230e-01 -5.915520228962567462e-02 -2.599212889277873195e-01 -1.815012682409158917e-01 -2.376498192674618426e-01 -3.216292733261779530e-02 -1.050647759327895669e-01 -1.160229467111377616e-01 1.758776933219009103e-02 -1.389358491712316679e-01 -1.880683117146626782e-02 -5.218702630067804764e-03 -6.516509153082591932e-02 -4.060042450051364049e-02 -1.736229245601639826e-01 3.688041652824047834e-02 -1.209605824488269449e-01 7.577711233567405169e-02 -6.744363863072340426e-02 -3.764145548556505072e-02 2.128376103614650419e-02 -1.775065057106752497e-01 -2.917644348081885886e-01 -2.431037225487864828e-01 -7.849550725848163102e-02 -1.107749923664799185e-01 5.060055060306166419e-02 3.125317356966652443e-02 8.672570289164170665e-02
-6.243300947312330901e-02 2.269049405644140149e-01 1.000000000000000000e+00 8.816270295050886163e-02 9.318850988273151559e-02 3.242337705771980438e-01 4.830351660641685196e-01 5.277572574742291911e-01 5.642342194338009209e-01 -1.815573735773168913e-04 -7.035622539223156113e-02 3.545380522314475064e-02 1.320605903353631316e-01 2.854248505888966059e-01 1.703243869714581860e-01 1.149510843267194382e-01 8.594343898728193376e-02 1.688975453597229559e-01 1.179602768421661868e-01 4.317445836220972222e-01 3.156439726175443994e-01 5.789366199289996268e-02 2.787585860277815297e-01 -1.000311468039521007e-01 -1.112198086099041444e-01 -4.927027062425106546e-02 1.392537792722274570e-01 1.020592616533914365e-01 2.239059043779021430e-01 -3.955315170517194161e-03 -1.762633386957335735e-01 -2.321888917468758196e-01 -9.610943218260381560e-02 -3.056838338058740639e-02 8.417230222252128358e-02 2.562865951362290340e-01 8.673583496888674638e-02 -2.126720398072591556e-01 -8.893563673045387641e-02 1.034377973576057763e-01 1.944455079961030231e-01 -6.375273983711049475e-02 -2.634880447938024728e-02 1.598862393722291775e-01 1.127042958550764779e-01 9.724407586555040839e-02 1.081473101733296249e-01 2.349984588363647764e-01 2.639165337907657949e-01 2.676390218052873138e-01 -2.367009811168562516e-01 2.758443777280089049e-01 1.343771879213893905e-01 1.517209668914394904e-01 5.066467076998145691e-01 2.008323956106351504e-01 5.195353245769968042e-01 5.655314566125886344e-01 -2.310600759693917372e-01 -4.471123751944625774e-02 1.787524922291935242e-02 1.147828306760903805e-01 3.655250635274658738e-02 1.421335479139885227e-01 2.104811703191735994e-01 2.995490613222415166e-01 3.561052368029114512e-01 1.252920297213933887e-01 -1.361543313252893128e-01 2.477190265880138964e-01 2.260592791587736350e-01 3.307590740832869192e-02 2.997396217293289422e-01 3.515586644405797878e-02 3.793121701202775697e-02 -1.163291729635315547e-01 1.512528394302584123e-01 8.552278847865574241e-02 -1.783200889885106777e-01 -2.698496119458484999e-01 9.559064182281319655e-02 1.174214556305841761e-01 1.383487273668229378e-01 8.778374850096776205e-02 1.267384734102079968e-01 7.702389380583415934e-02 2.957764784936048330e-01 1.004637486264933349e-01 2.983975502401292612e-01 1.765547151147972282e-01 -2.374244707967119450e-01 -9.671437410612612751e-02 -1.573756548535890643e-01 -6.813585715848326230e-02 -6.801579171367778953e-02 1.402147684777834691e-01 1.832554467883933114e-02 2.615504369075131175e-01 3.785977451054639009e-01 3.105533877682845056e-01
1.379531733889161615e-01 5.417148492445821306e-01 8.816270295050886163e-02 1.000000000000000000e+00 3.893777530488738425e-01 1.479513385875036169e-01 -7.479522236932267809e-02 4.938711684556013753e-02 1.032401869718307941e-01 -2.125990803631593595e-01 -1.221119885616649692e-01 -8.820591255495624505e-02 -1.029781342647018982e-01 -1.198926922400371797e-01 -2.709343340662839217e-01 -1.010405062026459716e-01 -1.162095694557716552e-01 -3.015832534203172210e-01 -2.962960074896782703e-01 4.675757404386215316e-02 -1.243684169577391335e-01 -2.066728170843869783e-01 3.889978106308861205e-02 -2.096593903086470811e-01 -1.700219087511224136e-01 -2.312448583573367134e-01 -3.280936566674522159e-01 -2.773152595209001925e-01 -1.450052277036287529e-01 -2.920044317773743403e-01 6.076749455104604736e-02 4.007053397951323981e-01 2.471628648575304732e-01 -3.237876601735800164e-01 -2.370445752869602962e-01 -1.899482454177229551e-01 -2.433737713853276197e-01 -1.271200120228391239e-01 -1.825376479664767848e-01 -3.009512734973039394e-01 -6.842580715209582720e-02 -2.593902600307711470e-01 -1.225136621610179166e-01 -9.892249194186848726e-02 -1.659412968600996741e-01 -1.689154438121409640e-01 -2.134970635305663000e-01 3.311489024104825180e-02 6.579326571065405305e-02 -2.792687851949212860e-02 9.032885896606861198e-02 5.524658706933065211e-02 -7.698572670014368347e-02 4.129990371836115282e-01 1.244020951186461665e-01 1.934476977234327044e-02 5.005187186118346954e-02 1.296584991315881674e-01 -2.186543005397169892e-01 -2.481307770500044141e-01 -1.847121149031548670e-01 -8.378565452586451967e-03 -2.579381126736506324e-01 -2.648510639082600204e-01 -2.274239299585474883e-01 -7.239668115747366350e-02 -1.086099400376109303e-01 -2.735159162068263594e-01 -3.696317203563334042e-01 -1.673230470507649503e-01 -1.518771287651586033e-01 -2.442926436628638787e-01 -2.338653347485624562e-02 -3.291968288830054434e-01 -3.025439577729103213e-01 -2.714315822315535587e-01 -1.710900980543821337e-01 -1.051124444689875981e-01 1.206814444049606888e-01 1.539552300805639706e-01 -2.193854575888124214e-01 -6.492786154660103171e-02 8.404035220174739529e-02 -2.316801820107584342e-01 -2.084271283021794929e-01 -2.574760280797570022e-01 -4.803208235291193950e-02 -6.527231273462404115e-02 -1.668052304182282564e-01 -5.759596670365407095e-02 -4.297478915026532731e-02 -1.641318345430566872e-01 -2.958271283028490184e-01 -2.910760393018034797e-01 -1.394080223099093963e-01 1.570361237557681144e-01 -4.860693961881557001e-02 1.339484662684673963e-02 -7.197929328831774443e-02 -4.245116196151533378e-02
4.182096464376600653e-01 4.223255881428494285e-01 9.318850988273151559e-02 3.893777530488738425e-01 1.000000000000000000e+00 -1.934030386932387990e-01 -5.646829046187234330e-02 1.457957018250465309e-01 9.382011598246246808e-02 -2.016584005352987652e-01 -4.103918336775895515e-02 -1.600910841818162789e-01 -1.575759824277083165e-01 -3.715726914282406756e-01 -4.435620337264131741e-01 2.246184510870679329e-01 -1.447409658164324209e-01 -3.017538496942633874e-01 -2.393008812998220491e-01 -6.500681755353410196e-02 -1.888622465162975994e-01 -1.722095798858721549e-01 -3.268406527566524167e-01 -3.265673143882557028e-01 -1.344386944145698759e-01 -5.556151102862429136e-02 -3.460602163401779729e-01 -2.205701757858286316e-01 -2.444335270812265093e-01 -3.188837721068118469e-01 1.364160877736918243e-01 3.780354713606254857e-01 1.046087495350116539e-02 -3.881266196199892327e-01 -2.524858624530146867e-01 -2.767462285226199303e-01 -3.562672620142140478e-01 1.151898425139055576e-01 -2.119137985798221213e-01 -3.614857432485985567e-01 -8.888271794046441465e-02 -2.177465586153383426e-01 -2.417773164044131340e-01 -1.961655585139782387e-01 -4.420364246778090145e-01 -3.357100260650991985e-01 -3.750794463996440786e-01 -7.126050281632688443e-02 1.278182843386174161e-01 -6.385066283561022238e-02 3.923041887242726955e-01 -2.206065788676961903e-01 1.445773942173330384e-01 2.954211739514946422e-01 2.158776560799828548e-01 -1.353755168501056261e-01 2.258756193413448965e-01 1.836946021977384769e-01 -4.592969560193719408e-02 -1.283805733343697797e-01 -4.136598569967427363e-01 1.613634787988284525e-01 -2.338720485268653282e-01 -3.056815836262723463e-01 -3.157950025903070168e-01 -2.176920509913130297e-01 -1.194272779501441423e-01 -3.073766556700713304e-01 -1.575970890680224445e-01 -1.893623894206980518e-01 -1.159616018983685437e-01 -2.299337883890362477e-01 -2.488542539176366308e-01 -3.070002227461068323e-01 -4.361355837270959879e-01 -1.381387778574574010e-01 -3.182965062321153615e-01 -4.075946014693565544e-01 2.277594019209953358e-01 3.653996046760110139e-01 -2.221592044303330182e-01 -9.547059259313986357e-02 -1.905088143170235448e-01 -2.070478369447064926e-01 -3.539362085090163035e-01 -2.923402159363718278e-01 -8.401000143009786092e-02 -7.352529722488181096e-02 -2.110992769901538224e-01 -1.929082707367190883e-02 1.835883795017102249e-01 8.794897877232756012e-02 -4.236184937881748436e-01 3.368453777964786761e-02 -2.325972027599761127e-01 -1.396141455994105718e-01 -3.016891858816403427e-01 -3.313663018653507236e-02 1.770342254594756692e-01 -4.323060428410434308e-02
-1.473653748441434708e-01 1.111340729614085782e-01 3.242337705771980438e-01 1.479513385875036169e-01 -1.934030386932387990e-01 1.000000000000000000e+00 1.535809551975406972e-01 3.031792530111782624e-01 4.158032905632796927e-01 -7.057282893746541497e-02 -4.808921810566520183e-02 -1.035395959768967838e-01 1.412300288488388122e-01 2.049129784963650558e-01 2.258825209235605369e-01 -1.175112865675794760e-01 -1.466263083634399278e-01 2.197778859165224474e-01 1.332503495999742271e-01 1.902476046203961935e-01 1.812528100573105871e-01 -2.590981408139208728e-02 2.810352611204293138e-01 3.008568207774456674e-02 -1.706933665849253989e-01 -1.108161726303553835e-01 -5.269107102941029269e-02 -1.443726084961010833e-02 2.840115877470010264e-01 1.127084933855944243e-01 5.810557880237247723e-03 -1.037752241703359529e-01 1.276222021120750338e-01 5.649903383439355137e-02 -1.768086753922029075e-01 9.442244477895364585e-02 1.427261783306738585e-01 -2.015160265967219644e-01 8.015900784830699843e-02 8.316137955149865480e-05 6.613016261665756457e-02 7.046837761435291447e-02 2.238538106305015124e-02 1.369014690071038987e-01 2.548109945547289978e-01 1.713304461449524085e-01 2.523173477274431864e-01 2.375603184511081434e-01 1.652983463652228646e-01 2.844887743720712070e-01 -1.364001481880493249e-01 3.344711912045589819e-01 -1.243103523798484988e-01 6.817432520367480708e-02 4.054405661928334736e-01 5.193894128329147319e-01 1.909035400804940941e-01 3.604981980259920338e-01 -1.582234765751765471e-01 -1.918344993828200590e-02 2.064625271330103595e-01 -1.857632247149293148e-01 1.410505453756751848e-01 1.918979985835345681e-01 1.218150816556680116e-01 -2.844401069193859891e-02 3.143675708234255906e-01 1.012535603653868105e-01 1.521256982759276455e-01 2.657222788383281076e-01 5.246887762002813704e-03 -1.378248643567931975e-01 1.306220838081819657e-01 -4.811238086926194341e-02 7.033015045155006917e-02 -9.245432276217258744e-03 -9.887009647949766833e-02 4.545679204414350416e-02 -8.202771173762488099e-02 -1.215744880542768552e-01 -1.247025116535106226e-01 2.672413372462798531e-01 4.663860326890239549e-01 -1.115644524235528123e-01 1.646659406502580525e-02 5.327777745237064454e-03 8.083764673809994139e-02 1.663935048033931829e-01 4.042119714821290621e-01 -9.756660155431168269e-03 -1.167301361325298881e-01 -2.988169705058332792e-01 2.278019724972183968e-01 -2.184286962135226773e-01 7.277461964147173556e-02 4.052294713748294530e-01 3.801670234367752199e-01 1.619926399905415593e-01 1.113384022202551643e-01 2.790613493934240852e-01
-1.535345056939058928e-01 1.183245308362164266e-01 4.830351660641685196e-01 -7.479522236932267809e-02 -5.646829046187234330e-02 1.535809551975406972e-01 1.000000000000000000e+00 4.702578282218334293e-01 4.029270696999058265e-01 5.491275949825316638e-02 -1.744209784363800475e-01 -9.138738797666222380e-02 1.431381900895229431e-01 3.011345312952091735e-01 1.667239179337051125e-01 2.073192340385132948e-01 2.404269910436134527e-01 3.874184513539122854e-01 3.304541837758022127e-01 3.791552327009905521e-01 3.009908227243811019e-01 2.728467785332696627e-01 3.212931684386096109e-01 -8.041453808374988965e-02 -4.501128397578312706e-02 -1.656653485800234915e-01 2.186844436625010046e-01 7.043978104010673036e-02 1.896186066541070969e-01 4.318463516125223278e-02 -6.478385225399384273e-02 -3.352699317956707170e-01 -2.491434408806526141e-02 2.868046229912441514e-01 2.280694536569155828e-01 3.124165706966100520e-01 8.477424776303495169e-02 -9.330714972062571777e-02 1.098003145662551500e-01 2.625444367109190380e-01 3.016979881606837721e-01 -9.418716918656107329e-02 -3.138099633669425622e-03 3.940252353156645237e-02 1.497458477167131763e-01 1.113789733289301948e-01 2.244850448368637674e-01 1.796168273211951050e-01 1.237143223876361608e-01 2.333993781844423965e-01 -2.782847030795370102e-01 2.816855530374858252e-01 2.827963756249732286e-02 -6.437896003768504849e-02 3.399367538109404063e-01 7.665916395296179520e-02 4.219713876754279669e-01 2.957910356049564538e-01 -1.332745657667576411e-01 -6.286347986492082929e-02 1.385645067031431726e-02 9.471700684038551754e-02 1.016491449618704690e-01 1.270355616209780658e-01 2.528456926157988671e-01 2.680974460061272824e-01 4.115269866360259932e-01 3.009001568417469796e-01 -1.254228873009341277e-03 3.926192027614005542e-01 2.400947838912440846e-01 2.307907383487509956e-01 3.609337510736360666e-01 2.643890984513145304e-01 8.726104362063000219e-02 -1.458340125776380336e-01 2.734270062258978284e-01 1.746067583023632186e-01 -1.208674858237396149e-01 -3.399498550041730738e-01 3.093690862137651876e-01 2.331353545643088665e-01 8.459229144939639511e-02 2.434798920523123522e-01 1.380791081453915381e-01 2.726197034682114606e-01 2.750633761420683832e-01 -4.942669425350489781e-02 2.913088755636892291e-01 3.080870108863235091e-01 -2.232159728786675401e-01 -1.049882895754186973e-01 1.891801254085137898e-02 -4.924346112097049283e-02 2.721818076313418586e-02 1.255859533768465333e-02 3.913958443254252767e-02 1.894532949092352925e-01 3.148355293773969499e-01 2.958152288419662601e-01
-2.879113731352717781e-02 3.609159842103393800e-01 5.277572574742291911e-01 4.938711684556013753e-02 1.457957018250465309e-01 3.031792530111782624e-01 4.702578282218334293e-01 1.000000000000000000e+00 7.057819864416463584e-01 -2.164325680439860566e-01 -2.350965217804390772e-01 -2.933757568933415549e-01 -2.289220320607135428e-02 7.579443893741463767e-02 -3.442067373904345029e-02 2.760521638018492152e-01 -1.097550040336403854e-01 3.945543911323194930e-01 2.243254785253400163e-01 3.162619893671574922e-01 5.194078300656796571e-02 -4.902457088436702748e-02 1.994428222409603546e-01 -1.263016360870693189e-01 -2.112179958881680031e-01 -2.219551833910706484e-01 9.667058881182877261e-02 1.327175278998008433e-02 1.910688229640682134e-01 -5.988674412095491145e-02 -1.163710704173939875e-01 -2.682555367541505920e-01 -1.224972714103202687e-01 1.643982569434092877e-01 -2.027160784694096579e-02 2.529613422402629541e-01 8.005423830263111440e-02 6.063228920986254988e-02 1.042146391085136889e-02 -7.162004143431127678e-02 3.330016111225765907e-01 -7.879283961881740350e-02 -1.420095026211569758e-02 1.425459822950095323e-01 7.857687107670055515e-02 1.787851182900177527e-01 1.747895306867904286e-01 3.079982464664560715e-01 1.559070848178009949e-01 3.700478367613717068e-01 -9.387271966533669576e-02 4.414287166602603452e-01 8.639498045411234117e-02 5.914196839913377773e-02 6.898516479386336275e-01 1.735060792939112917e-01 6.905415316041836338e-01 5.641393854921401552e-01 -2.946803573999101089e-01 -1.524166687413781862e-01 -1.921992210097674125e-01 -3.245907033301352607e-02 2.946626025931042489e-02 1.345268733868636331e-02 6.757695701125038257e-02 -1.676029345676192245e-02 3.359716035068999185e-01 6.508172400062739449e-02 1.374719365438001328e-01 4.068800265070767752e-01 -1.137741768105769193e-02 -5.717357825627211732e-02 1.872895749120237485e-01 -8.906249816468732317e-02 -2.416908912040052204e-01 -1.433497931289204608e-01 3.278631116743297574e-02 -9.346707380819105349e-02 -9.227019494067990879e-02 -1.837924817085296314e-01 -1.824572693952385485e-02 2.551846818959734309e-01 1.571851680958123998e-01 -1.890410776830118295e-02 2.340000974851777840e-02 5.961434589120866157e-02 2.157444752327758175e-01 2.273998052789543214e-02 3.782066018500983007e-01 1.477054627052279689e-01 -8.945991171010625465e-02 -8.235990666790246606e-02 7.627197347634902258e-02 -4.420509182378717927e-02 -1.348757182098330454e-01 9.586016212436379580e-02 1.544160019174417586e-01 2.402329682327072058e-01 3.091747087715243647e-01 3.522415661806059806e-01
-1.363466836696655415e-01 3.763295597149903249e-01 5.642342194338009209e-01 1.032401869718307941e-01 9.382011598246246808e-02 4.158032905632796927e-01 4.029270696999058265e-01 7.057819864416463584e-01 1.000000000000000000e+00 -1.515035838714517968e-01 -2.379497451295272958e-01 -1.707007256492267533e-01 1.546039283238420381e-01 1.737701553493845308e-01 7.110938738772423773e-02 2.123708499957334406e-01 1.062865245040365419e-01 3.050263119284248314e-01 2.600893917927446508e-01 3.164973541125581935e-01 1.261510216740280577e-01 9.719490913850656333e-02 2.812474209865900021e-01 -1.786733915870507838e-01 -1.867623054316841502e-01 -1.689136624678236887e-01 1.193244868579804996e-01 8.612606506830593200e-02 3.378815174604025695e-01 1.831095744380119641e-02 -1.876350361498878017e-01 -2.868708600661974417e-01 -2.161709685988743301e-01 1.483260192551493495e-01 7.400257488919327609e-02 2.311072311505223686e-01 1.896590625518137230e-01 -1.468124287107689108e-01 -1.615906387957235235e-01 -1.266053320579239028e-01 2.302832705306231964e-01 -1.393280216030827190e-01 4.438796112971931523e-02 1.559871437350221490e-01 -3.575926700401045599e-02 4.680211680816098035e-02 1.152110672547727171e-01 2.366268495267059568e-01 1.294553831673875000e-01 3.592960591502303291e-01 -1.845701233085798310e-01 4.941413193866499576e-01 -1.781197151558981673e-02 1.258900022373738714e-01 7.395357634841862593e-01 3.860053363012183603e-01 5.622370451633589283e-01 6.850107072702097399e-01 -2.977924684398002286e-01 -7.209657823706244750e-02 4.241090325128066274e-03 9.364091285325641667e-02 1.447696778495426440e-01 6.461306702935069868e-02 7.762829483833162680e-02 2.367426940993149279e-02 3.923569609654399271e-01 1.975838442759107749e-01 1.238132349889530526e-01 3.973008703918146090e-01 -1.534160318330753635e-02 9.089537738089907559e-02 2.070083672116959095e-01 -9.463416896030764358e-02 -5.586855790991622495e-02 -1.310166238413196793e-01 1.368402639716895797e-01 7.827257914902230329e-02 -2.194249617030351318e-01 -2.709347556523196143e-01 5.646753304770642939e-02 2.501475594363530841e-01 1.695283882162983147e-01 6.898553192881860807e-02 5.449377965868047735e-02 7.394822356873322067e-02 2.839212460307810049e-01 -4.170762710060350875e-02 3.906529188389196716e-01 1.620139575540649191e-01 -2.944018308555353403e-01 -1.978840604408329262e-01 2.458233281346081794e-02 -1.123398699567068337e-01 -6.140523439510892079e-02 -1.262683829224032182e-02 6.847868082392294387e-02 3.449650317255536502e-01 2.144650196835805323e-01 3.839645312121241494e-01
1.165431026527572467e-01 -2.775584074046938965e-01 -1.815573735773168913e-04 -2.125990803631593595e-01 -2.016584005352987652e-01 -7.057282893746541497e-02 5.491275949825316638e-02 -2.164325680439860566e-01 -1.515035838714517968e-01 1.000000000000000000e+00 4.641917010895426077e-01 6.116115702364860462e-01 1.446789117561856630e-01 2.004580102448979828e-01 1.084482833025837284e-01 9.774616221466313030e-04 2.254618833276323120e-01 -1.908750892226689644e-01 -3.116855478265646504e-02 -8.793676942417462394e-02 2.018966120421001320e-01 1.007920561672158433e-01 7.027603598213540137e-02 -1.308135937089384693e-01 4.949093299347079866e-01 4.964567660516371883e-01 6.587239064664225652e-02 -7.532628833912219379e-02 -2.496853348701022490e-02 6.314032163950537846e-02 -2.051654167911934681e-02 -5.426446894316885178e-02 -9.524075062989779961e-02 -4.882250300317602515e-02 2.075755185254050950e-01 -5.984265535045187046e-02 4.851678371606726881e-02 -1.026001097204593537e-01 -1.214840217407784917e-01 1.312636751166376403e-01 -2.041250843790305969e-01 3.898047848819912731e-01 1.045913964309784089e-01 1.868800515502573867e-01 -4.219280113473401067e-02 -2.732566043651271093e-01 -1.566839779850950354e-01 -1.435980336658279621e-01 -1.558434182337849194e-01 -2.974812593704478925e-01 -1.049001039554564030e-01 -1.331725800904139667e-01 1.608639204696568348e-01 -3.569732384872931902e-02 -2.173346173843316576e-01 1.007630111082231661e-01 -9.823773984088518541e-02 4.157802266491241990e-04 4.170918301731889044e-01 5.455144279473489455e-01 2.669343666949782201e-01 1.430023202238441260e-01 4.394055965646871675e-02 1.271577219718920126e-01 9.471853256928930084e-03 1.616020037771794815e-01 -1.727525361599651366e-01 1.313244094295616671e-02 -2.571333288948381424e-01 -1.196666827195841665e-01 1.042668096831528418e-01 3.671375136910204895e-01 2.001121789876900148e-01 1.873822619484107610e-01 2.437282654556703898e-01 4.830598182129541285e-01 1.969275932754401548e-01 2.544633365878002373e-01 2.168682285424569992e-02 -1.144600925785242279e-01 1.310458988279518677e-01 -2.533259786024409932e-01 -2.207979732985868582e-01 1.924560005241259808e-01 -2.033885825328903690e-02 6.643431427519344568e-02 2.181787055524118599e-02 -2.215673040188914644e-01 -2.851669754210375829e-01 -2.263509285276266436e-01 -1.548656134515435379e-01 -5.270626355117973699e-02 -1.625297706302857859e-01 3.376306669592151199e-01 2.893528440722045181e-01 -2.405605139077175436e-01 -3.432060829764356780e-01 -1.424584499747409694e-01 -2.045948514120962958e-01 -1.655243612674310305e-01
1.591283692895721080e-01 -2.703677316442999468e-01 -7.035622539223156113e-02 -1.221119885616649692e-01 -4.103918336775895515e-02 -4.808921810566520183e-02 -1.744209784363800475e-01 -2.350965217804390772e-01 -2.379497451295272958e-01 4.641917010895426077e-01 1.000000000000000000e+00 5.889545374670561717e-01 -3.801288177679450903e-02 -1.112523156179320849e-01 -1.082537783633696557e-02 -1.404719505139767621e-01 -1.432219778271027477e-01 -2.887381002518859541e-01 -3.200266831054710548e-01 -1.443767048534171649e-01 -6.531468731947123740e-02 -1.762130821452597973e-01 -1.314715225146261823e-01 1.206386588548132195e-02 5.421361954353085544e-01 5.869041565442235653e-01 -2.077292736585982791e-01 -1.307171122077029346e-01 -1.399281493060845483e-01 3.014492507841956548e-02 1.834660726483820781e-01 1.198672010309582286e-01 1.754901892380951456e-02 -2.919080140653487199e-01 -1.673165283609607812e-01 -2.524604024554492621e-01 -9.784053900377927271e-02 -1.464527821307626543e-01 -8.152847785929380475e-02 -7.955672070537213314e-02 -2.331165487632251010e-01 6.121662139097538979e-01 1.572743257670055628e-01 1.823528610949349538e-01 -1.900579294589228030e-01 -2.666216533001689037e-01 -2.110090588875655482e-01 -1.965992069845737544e-01 7.045407877378848105e-02 -2.516581951158802233e-01 3.897817563133643831e-02 -1.818067424523560349e-01 2.700014993448404677e-01 2.299551327788340316e-01 -1.573950445530985509e-01 -2.929191426825425437e-02 -1.561343878254084216e-01 -1.286953091048496922e-01 4.635199717001222131e-01 6.887327659573115879e-01 2.438772671659065472e-01 -4.992762062082713170e-02 -5.865915155212243076e-02 -1.692892835020527176e-01 -1.923198388374996182e-01 -8.376911814181718652e-02 -2.136141661224714716e-01 -2.060169256033861085e-01 -1.482168632989058210e-01 -3.010432683802283238e-01 -7.576273176667382148e-02 7.870714744443897681e-02 -1.723546579800734890e-01 6.251100532654130237e-02 3.812894822473109763e-02 6.209377622884840742e-01 -1.424598922768605669e-01 -1.223783235643420564e-01 1.645361224428253943e-01 5.099397168231135230e-02 -1.729270309758776103e-01 -1.705856824069229283e-01 -1.323254402478612202e-01 -2.331016881099304272e-01 -2.825792809573571818e-01 -2.684394827500368730e-01 -1.052994307224681264e-01 -6.469319981987679824e-02 -2.707726322560058962e-01 -1.799742442104532991e-01 -8.073199435942195190e-02 -8.534878410495087830e-02 -1.552410041866553181e-01 5.041498460846834950e-01 4.106294758704187586e-01 7.518587301129536771e-02 -2.021158315539484940e-01 -1.714975127249630527e-01 -3.280230145333241400e-03 -2.323823775422025339e-01
1.010496405938104136e-01 -1.490730519532921794e-01 3.545380522314475064e-02 -8.820591255495624505e-02 -1.600910841818162789e-01 -1.035395959768967838e-01 -9.138738797666222380e-02 -2.933757568933415549e-01 -1.707007256492267533e-01 6.116115702364860462e-01 5.889545374670561717e-01 1.000000000000000000e+00 1.122129096862216902e-01 1.753875126894441916e-01 1.304996250329936158e-01 -1.393815491373291693e-01 1.873966869332158447e-01 -2.842403586438540519e-01 -1.904531864611223035e-01 -3.571168519809751751e-02 1.708845008193140835e-01 2.144716022825168475e-02 1.028527122456531773e-01 8.516393000731485585e-02 4.591821616457507083e-01 6.889697114254014210e-01 7.061584469034272449e-02 6.275718411144473596e-02 -1.224524133593797581e-02 3.754671559820552118e-02 -1.889153663823763540e-01 2.149483271322975841e-02 -9.230169697242754379e-02 -1.966454167175122336e-01 1.631448618102198933e-01 -2.331804849687482521e-03 5.619116330647060814e-02 -2.440688430882088367e-01 -2.450861330796561544e-01 1.499308733869961774e-01 -2.130697263507654038e-01 4.018840082612924469e-01 2.099674368271121916e-01 2.461469744607903409e-01 -1.470538775446217639e-01 -2.714676829680205405e-01 -1.789501125232204060e-01 -2.139738492089499899e-01 -1.988880563601962137e-01 -3.758967730064391444e-01 -7.103071002409694357e-02 -5.592745308772945761e-02 1.832369435945029323e-01 1.857541170523291096e-01 -2.946767845020195620e-01 -3.110996949126578967e-02 -2.039502102273963724e-01 -7.204832630722811382e-02 2.154455520003174529e-01 6.503637676465058304e-01 3.606411172418629851e-01 1.767038587209569800e-01 2.704597708414753499e-02 3.763101900023117785e-02 -2.214066686399386238e-02 2.066018969928993809e-01 -1.649376884532645637e-01 -2.345842217317843648e-02 -3.697670930896627128e-01 -1.744634164805214938e-01 7.201836227956324998e-02 3.621535112502675680e-01 8.858746920362754740e-02 1.437269215195285388e-01 3.059171441483679588e-01 5.319591405679241491e-01 2.018310688103361339e-01 2.943846849744787275e-01 -1.487933423209797656e-01 -7.677558999451503108e-02 9.392806973565288875e-02 -3.441094585128916528e-01 -2.910916059818179913e-01 5.129975838439694569e-02 3.139064809848405441e-02 -6.265656266602505353e-02 4.868176642714139302e-02 -1.223217446674129821e-01 -2.859235979486818846e-01 -2.229456973401724440e-01 -2.314903193249002178e-01 -2.057026699025467364e-02 -2.726154346383594107e-01 2.701788796435952711e-01 3.363957277716571048e-01 -1.693770311400771833e-01 -3.582241993567953364e-01 -1.189868446887127479e-01 -2.214465247075385057e-01 -2.281283823881351258e-01
-1.635525418328823699e-01 -2.946633479034806158e-02 1.320605903353631316e-01 -1.029781342647018982e-01 -1.575759824277083165e-01 1.412300288488388122e-01 1.431381900895229431e-01 -2.289220320607135428e-02 1.546039283238420381e-01 1.446789117561856630e-01 -3.801288177679450903e-02 1.122129096862216902e-01 1.000000000000000000e+00 5.418222026340816511e-01 4.330327170471063858e-01 -7.636178208243322996e-02 3.028005638560584689e-01 1.515372878295712100e-01 2.130304077414467423e-01 1.055852092897016647e-01 3.114552746712551112e-01 3.789008980644372748e-01 2.890232932482421635e-01 -1.113158636898599341e-01 5.440816761227459247e-02 -2.143690085308644355e-02 1.140735161039692913e-01 1.313355524375302286e-01 3.272174341259998509e-01 3.624657965934588444e-02 -8.196137719365624574e-02 -1.743899904076907093e-01 -1.788705169438450371e-01 2.959210392974065407e-01 2.599248062842226537e-01 2.343237088950088712e-02 2.375891698905336080e-01 -3.053632769436221972e-01 -1.574619552637229192e-01 5.939385106899164324e-02 7.016282976017905459e-02 -8.520034755724925635e-02 2.291869038526604951e-01 -1.976069545445246697e-02 -1.744373039107124379e-01 -6.230843972667487324e-02 6.887630935198450766e-02 8.695341977417718471e-02 6.930478684804847189e-02 7.189277816374178842e-02 -2.703338049034605395e-01 1.251138445834603374e-01 -2.150988375916098039e-01 -9.658039565439861807e-02 7.919944969170643334e-02 2.225232233141715699e-01 -6.682418845308678301e-02 1.650226234340527176e-01 2.756412851490059115e-02 6.601645728845889627e-02 3.340515340560298863e-01 5.393263931280183332e-01 5.757055978435705601e-01 4.724455665041937813e-01 3.257477143705367895e-01 3.469293903244469179e-01 1.223585039007262093e-01 4.588420139463643133e-01 1.880740961107041712e-02 2.065417370744149217e-01 1.406878654789984195e-01 4.140065290812624532e-01 3.231974957543499727e-01 2.337319547590997401e-02 3.044276049024043918e-01 -2.241303123909875114e-02 3.062402754256625115e-01 3.002933686690496540e-01 -1.830345628339589623e-02 -2.122549481257160198e-01 1.205153545982034224e-01 5.977688967398856607e-02 8.066003910798788534e-02 2.680473591062624283e-01 5.817667121276742098e-02 1.613041537463033304e-01 1.738341928288958116e-01 -1.408017223875361601e-01 6.315013042608316751e-02 4.228621629595217223e-03 -4.252577555292353928e-01 -2.092804780403339504e-01 -1.153119323992111145e-01 -2.187495492923197116e-02 1.408290809259878928e-01 -1.322115839515004831e-01 -5.979902257891197420e-02 1.105417957789873035e-01 8.134486729691853268e-02 1.130897035938195905e-01
-3.598159094817858228e-01 -1.336491784056769161e-01 2.854248505888966059e-01 -1.198926922400371797e-01 -3.715726914282406756e-01 2.049129784963650558e-01 3.011345312952091735e-01 7.579443893741463767e-02 1.737701553493845308e-01 2.004580102448979828e-01 -1.112523156179320849e-01 1.753875126894441916e-01 5.418222026340816511e-01 1.000000000000000000e+00 5.342751881052064666e-01 -2.387155842824767449e-01 4.145441116980300156e-01 2.770063251632847168e-01 4.430499572412444076e-01 3.672433293046008518e-01 5.311219589139487551e-01 3.735725548133960183e-01 5.801892735185132377e-01 -3.107678193437443323e-02 9.566606184399893686e-02 -2.965680109670771475e-02 4.224697761898278392e-01 3.182740326605557613e-01 4.015098805366924539e-01 5.432050352896508616e-02 -2.366980464277644303e-01 -3.764807038321399957e-01 -1.174478918701892527e-01 3.717961362322101393e-01 4.291765010815176140e-01 3.291728070320439903e-01 3.203442831075155595e-01 -2.907363941637478577e-01 -6.545545994946563861e-02 3.065021179583771183e-01 1.843100792294962154e-01 -1.000954027817685249e-01 1.046277605372529090e-01 9.875585307144492397e-02 1.411074830142065584e-01 2.331584808575387635e-01 2.114716826416615236e-01 2.157303548107451507e-01 -3.885714296864543199e-02 1.612421400270825922e-01 -4.680670026274034168e-01 3.668677224120919234e-01 -2.186082311280460599e-01 -1.045504416932711844e-01 1.695606377301709516e-02 1.431466548197362909e-01 -6.497482166799906089e-03 1.234859140862524796e-01 -1.104438458867977452e-01 5.035792181026844949e-02 3.435172856843519140e-01 3.370331030936584704e-01 4.153727673443546875e-01 6.262143333333837214e-01 5.653548920249280574e-01 6.226763695953038136e-01 2.257191260507339092e-01 5.456369486021620530e-01 -1.455141489053781989e-01 3.618499653715134823e-01 4.036926247133943435e-01 4.746990626575316452e-01 5.760802691636198736e-01 1.608980511043135164e-01 4.023760759843322821e-01 -7.659731021186780286e-02 6.032965848150965149e-01 5.748847003210368900e-01 -2.118245248621754007e-01 -4.912111981620364554e-01 3.847945637077774261e-01 6.043522285131015109e-02 3.897736522739978643e-02 3.693427315501153219e-01 3.735916311910215670e-01 3.998166407736969963e-01 3.575939616461408233e-01 -8.854971252601644138e-02 1.678807750203802629e-01 4.547396383918482499e-02 -4.703413726711602738e-01 -1.279630050583779322e-01 -2.492248221933373795e-02 -1.382038202683142369e-01 6.639900565098404150e-02 -6.068724887848097466e-02 3.143208889463260797e-02 1.531074764144364775e-01 7.818063031313041145e-02 2.253717624402286623e-01
-1.828972130318163025e-01 -2.122496176428930736e-01 1.703243869714581860e-01 -2.709343340662839217e-01 -4.435620337264131741e-01 2.258825209235605369e-01 1.667239179337051125e-01 -3.442067373904345029e-02 7.110938738772423773e-02 1.084482833025837284e-01 -1.082537783633696557e-02 1.304996250329936158e-01 4.330327170471063858e-01 5.342751881052064666e-01 1.000000000000000000e+00 8.897793624752856068e-02 1.938686135832226876e-01 3.083947789288865038e-01 2.982706837843523417e-01 1.405740579213082264e-01 5.704556859142162484e-01 1.948729015773608964e-01 2.994483536042876204e-01 2.710249534141986327e-01 -8.209461719506720712e-02 -1.103350535245955534e-02 3.506504127954975791e-01 3.328046427022763876e-01 4.084314806475619619e-01 3.163105474586134780e-01 -1.665354470888512628e-01 -3.340006443443549466e-01 -1.368981365647872206e-01 2.371455565683238953e-01 2.521073203494499926e-01 2.972889450336577699e-01 3.405264799958219180e-01 -1.574649081462969058e-01 5.606634577755022913e-02 3.633645300862710092e-01 -1.999480867681949214e-02 -1.843556484198061174e-02 1.174859600942494697e-01 9.256818061971723577e-02 1.733621353861974634e-01 1.867850376607465557e-01 1.991170342799203075e-01 -4.679441304531616747e-02 -5.947753652360083382e-02 4.098487547395013308e-02 -2.327853888785338665e-01 4.921050700984345994e-02 -2.125234116015294883e-01 -3.165677767266120712e-01 -9.771956892381265802e-02 1.803573237947020125e-01 -5.982005980807441475e-02 -3.690734202560211341e-02 4.934303854898108160e-02 8.655160286897477240e-02 3.865243021646904142e-01 6.119929570160404647e-02 3.306156369566735087e-01 5.123230018230132687e-01 5.457761660409532478e-01 5.592411172573944489e-01 2.611697593886564972e-01 4.011083924499049269e-01 1.759245574138121881e-01 3.490987169298751525e-01 3.684547675415544288e-01 2.801358690729078837e-01 3.606232497825349603e-01 3.688147597093675012e-01 5.897175206369128508e-01 -7.564628634153834630e-02 4.016597264083234808e-01 4.058636278922977958e-01 -1.121489653758524080e-01 -2.663523061900635591e-01 2.371866307845998945e-01 2.019794162190892764e-02 9.739253945892463113e-03 2.899436126554518212e-01 3.285083932573342747e-01 2.598397877913810050e-01 1.672117491589987515e-01 1.727017407635738078e-01 2.531668489218195095e-01 2.201116576521801316e-02 -1.868786007781399749e-01 -2.035218091423688508e-02 2.477252070276131091e-01 -1.603346492885511787e-01 -2.139678399239626494e-02 -4.178986908376023691e-03 1.123580633195061101e-01 7.008678054820065284e-02 -5.224655816401336389e-02 7.027299179877996571e-02
