1.000000000000000000e+00 9.670510475890843616e-02 -3.934727993964179937e-01 -5.334528254309702788e-01 -1.373650459054412964e-01 -9.319472089054614550e-02 7.099417873526871203e-02 -1.273137490859321472e-02 -5.036863274337158997e-02 3.991030471045113881e-01 1.590538049763531858e-01 1.983670337551005636e-01 -5.511486201645683647e-02 -1.727697544086732040e-01 -2.264142433704104396e-01 2.639060596295395023e-01 -3.171053526942048117e-01 -1.062998357681653461e-01 -1.563725691430346565e-01 1.573696140307402347e-01 -3.065123633239930090e-01 -6.864295569578719725e-02 -6.043034632504157982e-02 1.675078036217782784e-01 5.878498859154137612e-01 3.299303559533189878e-01 -1.284480546435978476e-01 -1.199841011949734915e-01 5.876805659288199951e-02 -2.582239075412032236e-01 7.486294222363708284e-02 3.045663792248969881e-01 3.355858854383215739e-01 -1.635262858304816491e-01 -3.246146419916371983e-01 7.920107651595120757e-03 9.233096268362349368e-02 4.995389152055127457e-01 1.556477430523784955e-01 2.321598987665668967e-01 -3.329119591776531079e-02 -3.946736591431936891e-01 -2.959350296543847292e-01 1.131258036618468521e-01 1.710043568798623459e-01 -8.762615654375101315e-02 -1.676126649331879936e-01 -1.582766863379704847e-01 2.194928711332739812e-01 -3.215256272607927568e-02 1.314319209124676646e-01 -8.134066595974019653e-02 5.694227891487294579e-01 3.172827075004518438e-01 5.801556739355248626e-02 -2.242822426325011102e-03 -3.098084654882779856e-02 -1.747715104528533847e-01 4.074949831238554587e-01 2.612992379204086557e-01 3.022490596274211017e-01 -1.701451512543456224e-01 -1.774353159756063836e-01 -9.783276888700181625e-03 -3.375311485194187194e-02 -8.833591384117500667e-02 1.626522507170923282e-01 -1.155006940262288812e-01 -4.803837655862951833e-02 9.381214751395619555e-02 -1.171142249696880966e-01 6.012273006852498353e-02 5.150385973844065490e-02 1.392845830114229078e-01 2.727669165911983939e-01 5.438365173813941578e-01 -3.339816268917054909e-02 -1.525407226474243261e-01 3.266726603899871018e-01 1.828374358445447045e-01 -2.116786119831601254e-01 2.880787905778822711e-02 1.652491239609345242e-01 1.160608905778392434e-03 9.164659120245786939e-02 -2.027035269549992136e-01 1.462140406842174778e-01 -1.711740946805645758e-01 1.759577509136799056e-01 -9.565614804203079191e-02 5.195917057526646676e-01 5.000512365474748533e-01 2.936343640335959959e-01 2.286687389324599529e-01 4.108021194397743492e-01 2.864717180635895089e-01 -3.252175818327804890e-01 -1.885140241190983723e-01 2.943817119417030947e-01 6.130166373990608708e-02
9.670510475890843616e-02 1.000000000000000000e+00 3.186128009049674636e-01 7.330476306953517818e-02 5.145439643884980319e-01 3.755536947352028920e-01 -1.167000093181575354e-01 3.228061904233748836e-01 -1.156201981414641117e-01 4.991551023422412942e-02 -2.615521836191702088e-01 -1.321588671431520035e-01 -2.226099999486296291e-02 2.634958673164157494e-02 7.547272888711591132e-02 1.356361539050050802e-01 -1.499975573033386911e-01 -8.234701343578543220e-02 -1.232390043957181797e-01 -2.523171308743298313e-01 9.048715877193068760e-03 -1.348798783241702548e-01 -7.290923234272062015e-02 8.696383810566446493e-02 -1.255965477882669823e-01 1.078090588388977561e-01 -4.264287311714386186e-02 -2.137456815411917788e-01 -2.668589790602358680e-01 9.626036093434157948e-02 4.237091371529632666e-01 2.969486496484243787e-01 -6.147240690646372380e-02 -1.576709526169732256e-01 -2.845362066856952366e-01 -2.815054470023152233e-01 -7.614702689456029350e-02 1.361735636949299166e-01 2.732126953248230627e-01 6.192980278070187722e-02 -2.625170051411174765e-01 -1.734768571463819742e-01 -2.238953572615059173e-01 -2.002994461349199562e-01 -1.119372766859439705e-01 2.174002874460798443e-02 2.997783923808110609e-02 -3.155382642871816246e-01 7.304071604701375953e-02 -1.241942673166838706e-01 6.513847366645039716e-02 6.256855275962226459e-01 3.576982222324827654e-01 4.259268247704966481e-01 3.676239345747770448e-01 4.402527322416152078e-01 5.675331802544798798e-02 5.596001056218275621e-02 1.777071225728877601e-01 -2.084914774911296731e-01 -3.008125219052411592e-01 -1.597666084953765497e-01 -1.844018330645272596e-01 -5.637566899615944344e-02 1.250777658829077266e-01 5.347377848013318280e-02 -2.440738438801749177e-01 -1.627163263422730377e-01 -1.127963430396214939e-01 -2.092308180747586011e-01 -5.813263107115672346e-02 -1.360680160590927168e-01 5.171658336272595691e-02 6.272806099396191493e-02 -1.560896035504068594e-02 -2.392008827988515926e-02 -4.419875348838907952e-02 1.649537612165968004e-01 1.004093537000537578e-01 -2.391849248608434730e-01 -8.177854790014053854e-02 -2.090044879847154091e-01 9.535557996857177421e-02 -3.666151739208524662e-01 -1.382869072045810749e-02 -7.640894155268349031e-02 -1.978024312562931264e-01 -1.705047030101570493e-01 -3.373521892535665812e-01 -1.316077971899696497e-01 5.520667133402460541e-02 1.937886246426463177e-01 2.297562309950429427e-01 -4.252925290697028848e-01 1.554255466884665315e-01 -1.074420214403803142e-01 -2.241716233615972109e-01 -1.151613201547734174e-02 1.082127615379697115e-02 -2.322241535502514997e-01
-3.934727993964179937e-01 3.186128009049674636e-01 1.000000000000000000e+00 3.700859079121376349e-01 4.164728625676950013e-01 4.039028867045398319e-01 -1.170720582662562875e-01 2.829537920377354632e-01 1.824897250312039754e-01 -2.205180529158703440e-01 -2.173290911448364227e-01 -1.990543555078656823e-01 7.071344756542467802e-02 2.644895289469765820e-01 2.487167304264520651e-01 -2.116000981583711360e-01 -1.677620628998759481e-02 -1.894032328819893543e-02 -9.401280024296807328e-03 -1.770975530124905273e-01 1.819617591375453647e-01 -3.143391288671761041e-02 4.251038341620699823e-02 7.519181876103868400e-02 -3.771732596733248233e-01 -1.316891411309296378e-01 6.176733509852880277e-02 7.466850235874225583e-02 -1.832952175047439791e-01 2.586469601081418657e-01 2.892918154213151016e-01 -1.169714905192043575e-01 -3.420080351426552090e-01 -1.106269266975883209e-01 5.145970945044281430e-02 -6.777136765500080262e-02 -7.149636284946921105e-02 -1.794788948283921881e-01 1.887733887322684267e-01 2.961250077861034627e-02 -5.060679095591544274e-02 1.120253190222480766e-01 9.763549158574863496e-02 -4.165289532314925269e-02 -1.618714475674657427e-01 1.634884100714721344e-01 1.928265103828438187e-01 -2.254029129301961015e-04 -4.368804645675789661e-02 5.274841501865656923e-02 -1.014296724245821422e-02 4.083658715971553721e-01 -1.482835426515672073e-01 -6.109840215449365008e-02 3.030209771165573995e-01 4.906988330520095087e-01 -7.809005465498371559e-03 2.398464851261697395e-01 -1.731064752039438714e-01 -2.484985074130944549e-01 -3.217458803619558383e-01 1.630964225650094745e-01 7.100834303644960877e-02 5.459419869761581411e-03 7.253257983593140723e-02 2.354802850789795288e-01 -2.733138388725490087e-01 -5.964792576914842298e-03 -1.150375626461888484e-01 -2.723421247606088724e-01 6.956345801272893759e-02 -2.643324914746315868e-02 -5.035309970620160946e-02 9.898988378591687398e-02 -1.639854021693093467e-01 -3.163770929983112379e-01 -5.106141798839871487e-02 2.964687975908815165e-01 -1.210301119489596844e-01 -2.396161547540646697e-01 -2.629315576960053816e-02 -1.199827922972958455e-01 -5.490867306545327287e-03 -2.339971544603171860e-01 -3.746552222145405064e-02 -8.043353315336126616e-03 -2.090654504103870714e-01 7.601496119885051139e-02 -2.686087461484823469e-01 6.640924127004963276e-03 -3.014323305638892392e-01 -2.227155682450461804e-01 -3.037910176939467161e-02 -2.953895553500128224e-01 -2.992458845506096865e-01 -1.128627667284951563e-01 1.507849659913531315e-01 1.856903339082480453e-01 -1.821149042663908479e-01 -7.043700228023727639e-02
-5.334528254309702788e-01 7.330476306953517818e-02 3.700859079121376349e-01 1.000000000000000000e+00 2.705848662935237958e-01 1.643350363982564177e-01 -8.742691068827218581e-02 1.753487092315464679e-01 4.674194904455160338e-02 -4.176047452521280401e-01 -2.250729793894517827e-01 -2.827566663268075708e-01 -1.657647007560089300e-02 5.966193659811688116e-02 7.473254442104151907e-02 -6.399869217133562216e-02 1.321055637728047183e-01 6.488021963414078441e-02 7.705496823687017771e-02 -1.743871470187552120e-01 3.626960574664674919e-01 -5.036832907740895066e-02 2.002461164268547200e-02 -8.949906384519593083e-02 -5.011959317701356609e-01 -3.340160853204067193e-01 -1.853331531638787583e-02 -1.725828538845716464e-01 -1.713437466588489944e-01 1.305627899349836307e-01 -2.650274191282196018e-02 -1.590934650813044249e-01 -1.989924181653494328e-01 -2.338901645139846233e-02 1.167035188996501244e-01 -2.045528891517487124e-01 -2.251516433719162325e-01 -3.053081323309760897e-01 -1.612564761195482222e-03 -1.778173213050382451e-01 -8.496473194576992238e-02 1.638064246978060690e-01 1.438464976895918734e-01 -2.093348173394659062e-01 -2.363745007314125846e-01 -1.611837939976462977e-02 3.602339810621817823e-02 5.268626972042132067e-02 -2.183921868301390290e-01 -5.065402212935096737e-03 -1.575784770586181049e-01 1.794361147434223591e-01 -2.734445837543367785e-01 -6.990972680111327830e-02 1.123197798499381700e-01 2.015410757983918943e-01 9.266615541584115323e-02 2.160087387824227434e-01 -3.500206765519376928e-01 -3.444260651249168026e-01 -3.978067743613136198e-01 -4.134588338169498112e-02 -6.181213790917772927e-02 4.435321275454523482e-02 9.775342228295795521e-02 9.099501570368618078e-03 -1.727672886916333250e-01 2.276461380924114236e-02 -7.705700379885845053e-02 -2.112069670363879992e-01 1.261225106650883943e-01 -9.606293875895702272e-02 -2.912610557818340329e-02 -1.069898910403887099e-01 -2.533971323022697897e-01 -4.655313608222604316e-01 1.233543538925297237e-02 9.151402764153938885e-02 -2.563213521910477355e-01 -4.974840153448215757e-02 8.391826610276954812e-02 -6.690210046349918949e-02 -1.364830337720207565e-01 -1.281833129154890116e-01 -1.412916417655182000e-01 2.660970454561180365e-02 -3.410554273182899165e-01 2.241257385001446667e-02 -3.294247120178780408e-01 4.790645606872814821e-02 -2.728696937030647418e-01 -3.260169987561719052e-01 -1.462027916615123158e-01 -2.293149903896964659e-01 -3.282142522698185405e-01 -2.349658850559547540e-01 1.404705736286383233e-01 1.454453239693036526e-01 -3.444776813235790880e-01 -1.251001759838906158e-01
-1.373650459054412964e-01 5.145439643884980319e-01 4.164728625676950013e-01 2.705848662935237958e-01 1.000000000000000000e+00 5.009427139254067907e-01 -1.972302498167982920e-01 9.058538530150039847e-02 -5.044188079242951928e-02 -1.146654923423767319e-01 -3.791036280217073284e-01 -2.465140037302267495e-01 6.166290837587600632e-02 2.284476857017479490e-01 2.060981541518427662e-01 -3.176774738419214233e-02 -1.371531921569588142e-01 -1.050853602344586774e-01 -1.014639609534030568e-01 -1.595091858490445269e-01 5.097617430206926453e-02 -2.010747067894624041e-01 -5.372571412097047056e-02 -1.108582430712583694e-01 -4.363509450834776593e-01 -1.303498571436942921e-01 2.761714627915145756e-02 -1.986257900091231432e-01 -2.651676576324462631e-01 3.125264240043246211e-02 4.029040030026955765e-01 2.531198578011565337e-01 -7.273401608475658919e-02 -1.717876003148719466e-01 -2.869399720677049959e-01 -1.369095918966041492e-01 -3.673258871983754725e-02 5.308775944544587289e-02 2.204885363911508467e-01 -4.856774787045160802e-02 -1.701161980623735470e-01 -5.020271208265413010e-02 -1.735031677539225214e-01 -2.366442566348024579e-01 -2.304989286010278027e-01 1.201052443556793747e-01 1.648898464262021635e-01 -1.118964480223415617e-02 2.353975446708141961e-01 1.200046252465178896e-02 1.198583289153553749e-01 5.471228946119143233e-01 1.763908201071600068e-01 4.653659811563828907e-01 1.987372854099200004e-01 5.978245013334976266e-01 -1.790072070291821860e-01 9.753357940443195540e-02 2.200336942729082604e-02 -4.141136942016420130e-01 -5.068459916119351094e-01 -1.213648974815642601e-01 -1.145045341749333645e-01 1.138838544785321233e-01 2.282645312806519666e-01 1.117305759419727762e-01 -2.573705290166299897e-01 -1.339520782215497807e-01 -2.503335507480711208e-01 -3.858066486765773240e-01 4.538747798065950224e-03 -3.284460630397408321e-01 -4.264897061206687073e-02 -1.117733262152017029e-02 -2.954295074391353193e-01 -3.313262789624016325e-01 -2.858815896302905127e-02 9.502326932380626701e-02 -8.889549719669476158e-02 -3.465241292367544079e-01 -1.450071436555152582e-01 -2.890876044170144765e-01 -1.668519790562655314e-01 -5.112011317463514004e-01 -2.566045812027261674e-01 -7.578871978748172311e-02 -1.760102981677562073e-01 -1.882823376741013380e-04 -2.919979250493834888e-01 -6.661623730378507524e-02 -3.301858998240417287e-02 -2.452632879889839190e-02 1.518234666264758337e-01 -6.385496210956420615e-01 4.287957051186917778e-02 -2.103571960276270358e-01 -2.104503487150683957e-02 1.586350158779402109e-01 1.161310090535285222e-01 -7.526435296593346480e-02
-9.319472089054614550e-02 3.755536947352028920e-01 4.039028867045398319e-01 1.643350363982564177e-01 5.009427139254067907e-01 1.000000000000000000e+00 -1.880853855478381853e-01 1.170730736761886326e-01 1.664071764306070400e-01 -2.791556911277633113e-02 -1.900939749483751551e-01 -1.374219834180365751e-01 1.071654555152539712e-01 2.699760067959684484e-01 2.565497848362817690e-01 -4.113425514277919276e-02 -7.907863423344158038e-02 -1.128559117988791327e-01 -1.463770747978621056e-01 -1.930008735907207951e-01 2.212370322636302358e-02 -1.191885715402795365e-01 -5.685006789992053111e-02 -1.148770272255431914e-02 -2.810360796612310086e-01 -1.949410677903034086e-02 -8.625400377782130312e-02 -7.556231235945233549e-02 -2.257670113601560891e-01 -3.741188257390700572e-02 3.234577480245185988e-01 1.067130060312403428e-01 -6.173356781603660942e-02 -1.854632950282323334e-01 -1.264917788888564598e-01 -7.209624203859704705e-02 -2.538808295282651145e-02 1.081490587816288651e-01 2.304205999515386571e-01 -1.454544769585081748e-02 -7.358095460063369952e-02 -1.284040394926622489e-02 -1.686798429197819693e-01 -9.081738362590341396e-02 -1.715718108777307405e-01 1.963169106779205364e-01 1.635578491888181607e-01 -1.452355239873123240e-02 2.843133372361220101e-01 1.732053803787765300e-01 1.190901139597716762e-01 4.325088180640876412e-01 1.896443949219438208e-01 3.218329604953747425e-01 2.220181076163456890e-01 5.645561445191249472e-01 -1.377485959659799086e-01 1.666775632927679218e-01 2.422947167267952215e-02 -2.051546297426501964e-01 -3.411197902424572548e-01 -3.461484265643389319e-02 -9.832482497392949772e-02 1.421598294366864176e-02 1.548574441940696877e-01 2.002656627907256626e-01 -1.935163940092552437e-01 -1.536911378824993846e-01 -1.835449175601260863e-01 -3.159730594134753101e-01 -2.968698503966474278e-02 -1.589373212438282001e-01 -1.078082971526297673e-01 3.761039814980477597e-02 -2.209211315601820325e-01 -2.173122621234315210e-01 -5.287581691604435058e-02 3.900640493815412529e-02 -5.166378179384730623e-02 -3.130473350084341799e-01 -1.473492089792256543e-01 -1.641929985265057623e-01 -6.003043978011282644e-02 -2.302519009779939174e-01 -1.952619890354584387e-01 -5.897357016209439640e-02 -1.291447467409917726e-01 3.768589087841821283e-02 -1.800728570737601397e-01 1.019897593580753291e-02 -1.408702600007790406e-01 5.040607589800143520e-03 3.988868584444186377e-02 -4.118712778257818119e-01 5.811457313584313805e-03 -5.778198869770399121e-02 6.045167414722393134e-02 1.660576287531284057e-01 2.008187635505003510e-01 3.799825107063080354e-02
7.099417873526871203e-02 -1.167000093181575354e-01 -1.170720582662562875e-01 -8.742691068827218581e-02 -1.972302498167982920e-01 -1.880853855478381853e-01 1.000000000000000000e+00 -6.753010971514074312e-02 -1.314681127243622072e-01 1.245456983133215630e-02 1.261000561126626174e-01 2.234107675879567351e-02 8.574405144215524466e-02 -7.408001965501689878e-02 -2.964315406280597018e-02 3.673558203711998482e-01 3.498090295055910071e-01 3.563233074529312816e-01 1.918578614445348440e-01 4.468216456324498875e-02 3.039815062376901578e-01 2.391257071899940412e-01 3.460966253347265154e-01 5.103735391519216569e-02 2.404475342667420079e-01 2.103521558079083087e-01 1.364298548972626424e-01 1.258341010418133898e-01 3.372393402726545086e-01 3.014077855312603110e-02 -9.747442598818595316e-02 -9.292154780958911120e-02 -8.122798862430874456e-02 3.468192968659015163e-01 1.589022951209605530e-02 -3.068861197636186047e-02 -1.967038649166421519e-03 -1.447224071275365898e-01 -1.376769667451108459e-01 -5.463627224680222411e-02 -6.121846529416551108e-02 5.448584772150303485e-02 -1.184025779501143572e-01 -9.873122584300722190e-03 9.761045817827888188e-03 -3.061266092709665210e-01 -2.772749882414215494e-01 4.391972421134244381e-02 -2.024080980405084176e-02 -1.279012101725369166e-01 2.388658318398728941e-01 -1.212169596043923964e-01 1.482003626833090504e-01 -1.433160294420940950e-01 -5.223675067138986577e-02 -1.670128026000052002e-01 2.951101835445183452e-01 -2.655478059032705396e-01 5.886554262051983677e-02 1.131387649165083858e-01 1.862098097747580394e-01 3.655815864976224433e-02 -1.513791864180919801e-02 -1.183937012322087284e-01 9.845430507508862172e-02 -3.632187661225121794e-02 4.790520873507925215e-01 2.149895978778869343e-01 3.383067590863794716e-01 3.451194875845026711e-01 2.831717313082637300e-01 2.270544137292645481e-01 4.114276565921820561e-01 3.287641055889622271e-02 3.695339379815360537e-01 1.605793306712257895e-01 2.610287668493352919e-01 6.260054331179312759e-02 4.243775686262899610e-02 1.542368289845651858e-02 1.046738418824588596e-01 -4.289482110649423668e-02 -6.662219559274719372e-02 1.316623302030104914e-01 1.878136806534109748e-01 -1.789942757685182850e-01 8.815322260571345492e-02 -1.564643514535139224e-01 1.702316946853081325e-01 -4.830338668430515098e-02 1.257740664666915720e-03 -1.162439718609015737e-01 -1.920578393609738144e-01 1.165476288691533469e-01 -5.282231749804729148e-02 -1.112069354092876661e-01 -3.108278502796689158e-01 -1.208487084651525684e-01 -4.831942724543891038e-02 -1.661852025633185279e-02
-1.273137490859321472e-02 3.228061904233748836e-01 2.829537920377354632e-01 1.753487092315464679e-01 9.058538530150039847e-02 1.170730736761886326e-01 -6.753010971514074312e-02 1.000000000000000000e+00 3.470510495035706855e-01 3.710937037237619501e-02 1.165619957831302844e-01 2.144581869141863606e-02 1.468484708626107416e-01 2.009511995089454175e-02 -4.599755524358124098e-02 -1.443012654592988886e-01 -3.420415468311537310e-01 1.383216801588421987e-02 -1.206179601164989734e-01 -3.973655607831252934e-02 6.231600582799033672e-02 -9.405553927186793145e-03 -1.887748217143865592e-02 2.447475320239942964e-01 4.175720219546261158e-02 7.862731321504126680e-02 -4.827800555609355893e-02 -1.437500949553824070e-01 -6.460617591127890136e-02 1.664239701583981323e-01 -2.096544432246186598e-02 -8.262678940088390156e-02 -1.336054490168150366e-01 -2.504134898059285907e-01 5.619306196233639361e-02 -2.224800887808531247e-01 -2.995966340847849296e-01 1.105978662351034120e-01 2.029030172066772497e-01 2.310545921778253131e-01 -1.756811441914156446e-01 -8.093226896906934378e-03 1.232009208527802546e-01 -2.759688606476777550e-02 -8.600775141139070656e-02 -8.159630649155683035e-02 2.107095448188963174e-02 -2.530746091962684519e-01 -2.705352614497879560e-01 -1.540806501024276076e-01 -1.410213757275805835e-01 3.297290317889584044e-01 -7.777240722738537615e-02 -3.469333474075463053e-02 4.007010973395014886e-01 1.330770450055735465e-01 3.481566689876766652e-01 5.256732911069404990e-01 9.598891168730151746e-02 5.099105055748554688e-02 1.539959756596235609e-02 9.521333805757073443e-02 1.311300670650428768e-01 1.950197342919661805e-02 -7.039396155386264120e-02 4.282841194837883753e-02 -2.595399531578563290e-01 -9.489944736455827035e-02 -2.969129461436044726e-01 -2.794233799638218274e-01 -8.154438477601211321e-02 1.034853025581940755e-01 -1.046495224048283601e-01 1.949347424798494877e-01 -2.180671507229620457e-02 4.283877552946804834e-02 -7.560291513251285456e-02 2.711426538106871953e-01 9.800287499543629093e-04 -3.399879734845217411e-02 -1.445617067357304331e-01 -8.214928806790507132e-02 -5.201928050769853012e-02 -1.128914969948308367e-01 9.212563431526152313e-02 -1.114096939352151733e-01 -3.067160919888208825e-01 -8.967871625110870881e-02 -2.828230393927737563e-01 -7.332410117753913881e-02 -5.450470802638707896e-02 5.625513267132672968e-02 1.918533047497439914e-01 1.350962432371641958e-02 -5.940216001007946750e-02 2.487031390520963448e-02 -9.770304982276946382e-02 -1.583653642380952187e-01 -2.965880857021897521e-01 -2.694015818591430911e-01
-5.036863274337158997e-02 -1.156201981414641117e-01 1.824897250312039754e-01 4.674194904455160338e-02 -5.044188079242951928e-02 1.664071764306070400e-01 -1.314681127243622072e-01 3.470510495035706855e-01 1.000000000000000000e+00 3.192308680967891055e-02 1.382921392088105883e-01 6.619713092218100503e-02 2.071139172587656008e-01 1.438016281847665778e-01 6.552996623116352781e-02 -2.594638190465539673e-01 -2.722795215510175337e-01 4.216863211812165585e-02 -1.501351976603221561e-01 1.664828452519147572e-01 -4.508257404026119741e-02 -2.664557852590116252e-02 -9.142347225600633287e-02 1.731565097865291059e-01 -4.894162175968913564e-02 9.692910206670932866e-03 -2.973507613906157740e-02 1.119595784670510269e-01 9.483902261465812500e-02 1.523499164653965843e-01 -1.119691236373766413e-01 -3.093676090727163208e-01 -2.745999750306901688e-02 -1.350542193929316903e-01 1.763171508382848640e-01 2.005810062250635573e-01 -8.363092156335179272e-02 4.668152756057614150e-02 2.330977990038571313e-01 2.182182269375433914e-01 1.232092159035993034e-01 -1.994798023513370822e-02 1.416605472657521958e-01 1.016800676162647465e-01 2.854631952914164772e-02 7.301369792581968721e-02 1.066443334918867059e-01 2.451538159766978101e-02 -5.173030878976126595e-02 1.218218305275545199e-01 -8.678845323979261783e-02 3.708654018813426542e-03 -2.202852922733937180e-01 -1.582537486673649130e-01 1.479186190498464615e-01 9.569065902574806770e-02 7.599994143715571582e-02 5.787108475446237632e-01 -4.790358272279615637e-02 1.677905464380646527e-01 1.044266220401842971e-01 2.100042351753672598e-01 2.574488113935881617e-01 3.639980909821442095e-02 -2.178663387625779657e-01 1.294382397893446557e-01 -1.504943332467143791e-01 -1.141535997476540720e-01 -1.987823920542063083e-01 -1.694769296347271303e-01 -9.610477946998030596e-02 1.193493621601932342e-01 -1.795901856953836251e-01 2.031665446787619678e-01 -1.178632510217523660e-01 -3.530727240136981998e-02 -1.092721719810278158e-01 1.621282469344872967e-01 -1.433763278880627046e-01 -4.665212780024115963e-02 -1.589534210043311580e-01 3.449942362365953502e-02 -4.273729985663209802e-02 5.262662253713303040e-02 2.370093084359387037e-02 -4.065312606585057276e-02 -2.759838162725792438e-02 1.917241842633293780e-01 6.311055825639623473e-02 1.344029208206695691e-01 -9.310965146082157695e-02 -5.728436929576206232e-02 1.014799590686871894e-01 9.154358158132444578e-02 -1.016628757257614507e-01 1.193874208362971923e-01 1.185424310958996807e-01 -3.273562032321118698e-02 -7.111066625597915747e-02 6.699452452237633637e-02
3.991030471045113881e-01 4.991551023422412942e-02 -2.205180529158703440e-01 -4.176047452521280401e-01 -1.146654923423767319e-01 -2.791556911277633113e-02 1.245456983133215630e-02 3.710937037237619501e-02 3.192308680967891055e-02 1.000000000000000000e+00 2.588528921606145228e-01 3.912498079606736012e-01 1.518086053370906741e-01 -6.519315207970677317e-02 1.041392912435521248e-02 -8.147864600400008678e-03 -1.543532288792779650e-01 -2.030991927720343371e-01 -1.799506556870243412e-01 -5.095059788258350826e-03 -1.324835887822057856e-01 -5.564989517032629951e-02 -3.156089003902307066e-02 2.856328470751862691e-01 4.397946777509768035e-01 2.645624892425548214e-01 1.996927297551577551e-02 1.420830242455986547e-01 1.478122842243480839e-01 -3.714333009740748009e-02 3.121526357902218787e-02 1.867744613800236264e-01 1.129308435564225777e-01 -1.377410015665319343e-01 -1.572460290733436183e-01 -2.789494948251754550e-02 7.559665932381405551e-02 3.056386043906760830e-01 9.041769671461052926e-02 1.480838141719470202e-01 -1.080496546099264515e-01 -2.077989535645319574e-01 -1.520194574009604838e-01 1.544121417306016097e-01 9.789215141118812191e-02 -4.645024896334716547e-02 -1.510990791378993559e-01 -1.921084280422892532e-01 2.095665283332930756e-02 -7.192511149815630778e-02 6.095911683063705983e-02 -4.489602046304246724e-02 1.677393625952274536e-01 8.828414567104748978e-02 8.286726513732357857e-02 -1.604433601323524555e-03 -3.964065510748241566e-03 -4.384391113174006954e-02 5.366154743652148396e-01 3.313204701449283252e-01 4.052011151448907667e-01 1.454493564401585642e-02 1.537113007955965942e-02 -6.062847244671145525e-02 -7.805162173840138329e-02 7.903503031991275518e-02 -2.130921422339726243e-02 -9.341555962072806141e-02 3.275503936750280565e-02 2.080832756411927359e-02 -6.711705838514418765e-02 1.491865953109188514e-01 4.285419793920458575e-02 1.316928678650604589e-01 2.535587587552280975e-01 4.816756784766713095e-01 8.706260316475646077e-02 3.498286444604172679e-02 1.482981719059099091e-01 1.153156910152496883e-01 -3.625663355466573340e-02 6.478735174438890639e-03 1.439961367045878016e-01 1.278094905389479674e-01 1.793424842574564970e-01 -2.893130511641735583e-02 2.559903075090507185e-01 -4.413259872073744400e-02 6.806156167359091180e-02 -1.587851141671963937e-02 1.468269913953653416e-01 3.619375780383782271e-01 2.488844269145780441e-01 2.150577202010479083e-01 2.459189357876565285e-01 2.919206994320878157e-01 -1.052445418159215079e-01 -1.593469546314857099e-01 1.587038962786974372e-01 -3.645658960738975760e-03
1.590538049763531858e-01 -2.615521836191702088e-01 -2.173290911448364227e-01 -2.250729793894517827e-01 -3.791036280217073284e-01 -1.900939749483751551e-01 1.261000561126626174e-01 1.165619957831302844e-01 1.382921392088105883e-01 2.588528921606145228e-01 1.000000000000000000e+00 3.455839676864128629e-01 1.495152820731955601e-01 -9.113263302115087727e-02 -9.205322288918491025e-02 -8.808042363026653832e-02 5.817698196682510176e-03 -6.304880989108106737e-02 -6.530580616032397034e-02 6.687377217459922196e-02 -9.296947463576583914e-02 1.014373916796586922e-01 2.500806343721168751e-02 2.477263498687742871e-01 3.635449383896361963e-01 2.691162894549897766e-01 6.102148872620907771e-02 1.568436882354569961e-01 2.005401288141709093e-01 1.953931910333136374e-02 -1.392791266636721481e-01 -1.114514900352824300e-01 1.671417391341690692e-02 -6.716128397643064685e-02 1.972585717411493855e-01 -4.207075333639980451e-03 -5.627919115172568681e-02 1.680385537954818542e-01 6.529630091904148337e-02 2.275083727911232090e-01 7.193620562453602318e-02 1.296703143062659103e-01 1.771464629318380835e-01 2.042791779068954816e-01 7.704911503734364342e-02 -3.063884249504010907e-02 -5.863126913815054631e-02 -9.334234316159419065e-02 -1.378332870561738421e-01 -6.741971866841130201e-02 3.829729445321890247e-02 -2.286659556127207393e-01 -1.253722514816555389e-01 -3.042602908322694089e-01 -8.953629545863918404e-02 -2.455417778860574385e-01 3.836135135657690876e-02 8.387669763259492095e-02 1.758761929141092473e-01 4.121383943704474140e-01 4.094316701551914406e-01 2.208993135291762167e-01 1.796302553325110907e-01 3.569511736386823952e-02 -1.371091826710135742e-01 5.440509038631707872e-02 6.517173238345916331e-02 4.097505728725268914e-02 2.825391985177848689e-02 3.724596037622943806e-02 -3.254215675592969648e-02 2.332939361978814685e-01 -9.488111644857644134e-02 1.560888242077636545e-01 2.487131145327235171e-01 3.739621353771181433e-01 9.474785886539124902e-02 7.774694038556660691e-02 1.516239260499666897e-01 2.283615380837097364e-01 1.226176848190111725e-02 1.354137066395470490e-01 1.196898428960860156e-01 1.510748440634116507e-01 1.930992902465084038e-01 -2.929732766576463934e-02 6.449504960558859190e-02 8.910024256803891762e-02 1.369746820686039424e-01 9.930413841134590192e-02 4.223429992284202100e-02 6.861440064803908667e-02 1.774398890568751677e-02 4.136642797729011556e-01 6.133825757878306334e-02 2.720892570679838696e-01 4.763172980044996091e-02 -1.497719680602536130e-01 -5.930631144476556510e-02 9.137186461831326920e-03
1.983670337551005636e-01 -1.321588671431520035e-01 -1.990543555078656823e-01 -2.827566663268075708e-01 -2.465140037302267495e-01 -1.374219834180365751e-01 2.234107675879567351e-02 2.144581869141863606e-02 6.619713092218100503e-02 3.912498079606736012e-01 3.455839676864128629e-01 1.000000000000000000e+00 1.142661428462894146e-01 2.568455535287435948e-02 1.035637819297911995e-02 -3.826844799374774786e-02 3.873770747723984803e-02 -1.825624884501919343e-01 1.036499405867165047e-01 3.165054173625601788e-03 -1.009743939274433261e-01 6.298628527580976688e-02 1.953327075580332719e-03 3.312755594612058485e-01 3.533067732349847723e-01 3.808865735586505763e-01 3.814925058055884666e-02 1.714564336944464917e-01 2.088181525776747205e-01 -1.581833070299120940e-05 -1.844856780048541034e-01 -5.911719079685270883e-02 -3.728506576641404252e-02 -8.781994919542733535e-02 7.158491420389771764e-02 -9.676719358721681125e-03 6.522621415919545307e-02 1.565485417619021102e-01 7.047582139817805055e-03 5.693429620868570989e-02 -8.421726115050293116e-02 5.100396798324059733e-02 8.218059296974677963e-02 2.177319428912167509e-01 8.088931264313355129e-02 -6.872184956111525300e-02 -1.534018054156637556e-01 -1.136253353895318452e-01 -8.230548440843471480e-02 -4.793609664166397638e-02 -5.889762067149300478e-02 -1.940866599740520004e-01 -7.905635594464856253e-02 -1.094995394818986667e-01 1.024278724613764679e-01 -2.348111394662558138e-01 2.049109101866800758e-02 3.117862807093125035e-02 4.132053917205457116e-01 5.177584293355647072e-01 4.436088859165605580e-01 9.057817424284847485e-02 9.774703488790369155e-02 -2.740637027113881213e-03 -1.142950423492148648e-01 1.313132377790810490e-01 -1.455042354674366406e-02 1.287745796716393554e-01 7.352827107169818133e-02 1.029894764229859205e-02 1.771306815201197831e-03 2.338904395688472249e-01 4.933046744719425669e-02 7.687819206374854608e-02 3.127529130370689803e-01 4.468251450384957413e-01 1.892135676828512747e-01 1.322272155909598734e-01 1.079708135247317152e-01 2.371620358046288290e-01 -1.582262334073858065e-02 -5.784823270489103386e-02 3.223559980018961962e-02 2.618255289665146757e-01 2.976458569900399254e-01 -8.759561221773212725e-02 1.702931423573735559e-01 8.373456681410199054e-02 5.237745013652731624e-02 1.694341878068144833e-02 2.105064032805808311e-02 1.256303711390169831e-01 1.402056173344420620e-01 3.314141760905831569e-01 1.651816921493977908e-01 2.611140797275450232e-01 8.449706614016587458e-02 -1.392510534458701044e-01 3.153065712945393728e-02 -4.246582359325976356e-04
-5.511486201645683647e-02 -2.226099999486296291e-02 7.071344756542467802e-02 -1.657647007560089300e-02 6.166290837587600632e-02 1.071654555152539712e-01 8.574405144215524466e-02 1.468484708626107416e-01 2.071139172587656008e-01 1.518086053370906741e-01 1.495152820731955601e-01 1.142661428462894146e-01 1.000000000000000000e+00 1.399373761296271446e-01 7.335241637527298297e-02 -1.280008114140405440e-01 -8.792547088240516839e-03 9.487695635920129905e-03 -4.895995397742240046e-02 -2.368529447844430064e-02 9.282075829366849551e-02 1.586563920252303805e-01 1.211215951989472878e-01 -1.845453464485015752e-02 -3.666452729013194162e-02 1.296473292094802755e-02 4.345167727474143204e-02 1.771322453460962565e-01 8.550623673125089252e-02 1.482818641891469613e-01 1.189634544315344711e-01 -3.773877286027719352e-02 3.924809641276891942e-02 4.962060451401298367e-02 8.997241688449825192e-02 1.948722157588117163e-02 -3.157948480139825126e-02 5.613778841817157472e-02 1.202932677635309006e-01 -2.018433657300740258e-02 2.645555620906020564e-03 1.443158598219017319e-01 8.773674657099068963e-02 9.184954354470296900e-02 5.051406280519142589e-02 -1.207685021572379655e-02 1.348614018176970408e-01 7.420902778590492133e-02 7.511392347636209298e-03 2.813433530739192778e-03 6.736868696029968406e-02 1.566963031328296591e-02 -1.471276158304636872e-01 -9.233664126109258907e-02 1.024761001718093728e-01 7.522243321287772067e-02 6.462183116000830285e-02 1.685436142854095376e-01 6.808700285411140030e-02 1.137321115681499545e-01 1.078117851058937732e-01 4.168701126043778404e-01 3.215239508192448969e-01 1.039255929601803491e-01 8.609186623077649814e-02 1.017683560535921627e-01 2.481412963904079325e-02 1.459169670344501180e-02 -2.536009030921190441e-02 -6.745949409746314351e-02 -2.589680574094364862e-02 1.607234341905658948e-01 -8.091255051433944231e-03 1.729264355949669263e-01 -2.036591633048985550e-02 5.036374180489192748e-02 -8.002757726158296354e-04 1.154700636627902371e-01 -3.346776595241067465e-02 -3.471558001971802171e-02 -8.850750127606292483e-02 -1.395179512540988681e-02 1.031389003666521170e-02 -3.915548463023670110e-04 -2.416268680641454891e-02 1.215695675713871935e-03 4.576033227479358451e-02 1.109757737274473938e-01 -1.292789345481732376e-02 -1.814346549835397365e-02 -7.902730125864805555e-02 -2.861318815398521814e-02 -1.575666972651968561e-02 -5.333949322867853615e-02 2.930066045226748656e-02 1.607521231028153641e-01 7.448861634195628502e-03 3.032146217941888988e-02 -4.490457994641629952e-02 6.805379449861052562e-04
-1.727697544086732040e-01 2.634958673164157494e-02 2.644895289469765820e-01 5.966193659811688116e-02 2.284476857017479490e-01 2.699760067959684484e-01 -7.408001965501689878e-02 2.009511995089454175e-02 1.438016281847665778e-01 -6.519315207970677317e-02 -9.113263302115087727e-02 2.568455535287435948e-02 1.399373761296271446e-01 1.000000000000000000e+00 2.628130185781715200e-01 -9.117822296670978488e-02 5.093515469564979803e-02 -4.479441290542638537e-02 2.575628773285555950e-01 5.950608552928034894e-02 -2.936722549000913857e-03 6.560742947357903199e-02 1.851478657196773958e-01 -1.009827692332830595e-01 -2.043835243100158017e-01 -1.042675683641452328e-02 -5.442327292761744290e-02 1.225557131070223044e-01 -4.382754223774730507e-03 9.774243394910130112e-02 1.593141735214741450e-01 -9.475117843684620345e-02 -5.187487844122527086e-02 -1.041879200018884684e-02 9.626192275218925509e-02 2.324494485249647135e-01 4.291177274621753995e-02 -1.255533599317736927e-02 1.799749934893226933e-01 -2.022618507760923570e-02 6.906434844536693540e-02 1.420751252754554050e-01 6.102063460086680491e-02 3.425347079005646583e-02 6.649735085548771907e-02 1.920792207875326729e-01 2.572449333556794948e-01 2.892745818403080760e-01 2.419270847360304733e-01 1.596958878679947125e-01 8.530959178847898061e-02 1.493228314539943313e-01 -9.424018012226363650e-02 1.032188095377306186e-01 4.332949299577441155e-02 1.659975448373452733e-01 -8.867360603214308190e-02 1.550042437606894696e-01 -8.226616500028040291e-02 -5.669174030923610635e-02 -1.457192457481533976e-01 1.287078376715861394e-01 1.016154139192396305e-01 3.993090259854469304e-01 3.104985255659961085e-01 2.055778885838738801e-01 -1.825333732746163562e-01 2.016782812090105736e-01 -4.804194990652598668e-02 -1.503790321613709680e-01 -1.927766928896074497e-02 -1.157732145929973033e-01 -1.374526306736845727e-01 8.292924108775936304e-03 -2.076361601369295096e-01 -2.272264775659579572e-01 -3.663542690660632345e-02 7.047636131436661733e-02 -4.680532623358527045e-02 -2.026338891241635243e-01 -1.052340293950514843e-01 -1.361257715785235689e-01 -1.509178004337970724e-01 -4.511650163184955514e-02 -1.082674324732332827e-01 -1.444421488479560034e-01 5.065619850974997784e-02 1.763092763880592384e-01 8.725140871638832618e-02 -2.250373564518624511e-03 -1.346497848186129775e-01 -6.378822457010742408e-02 5.838515338989496047e-03 -2.240591316092613583e-01 -1.586599106990787544e-01 3.404409153458769904e-02 6.776869289857927192e-02 1.980484007910207900e-01 7.710948901794667520e-02 1.267296200523694016e-01
-2.264142433704104396e-01 7.547272888711591132e-02 2.487167304264520651e-01 7.473254442104151907e-02 2.060981541518427662e-01 2.565497848362817690e-01 -2.964315406280597018e-02 -4.599755524358124098e-02 6.552996623116352781e-02 1.041392912435521248e-02 -9.205322288918491025e-02 1.035637819297911995e-02 7.335241637527298297e-02 2.628130185781715200e-01 1.000000000000000000e+00 -1.002866481018509642e-01 9.572304749195542639e-02 -1.842828436023961625e-01 5.328079078210427866e-02 -1.132089096204818290e-01 2.249014653725597834e-01 -5.649358530228989345e-02 1.815874956189933442e-01 -3.072196796580938319e-02 -1.992634075152215078e-01 1.438379105550077197e-01 2.889839811691298221e-01 3.062688084930810795e-01 1.182040251835142636e-01 3.647838379490591088e-01 1.130323221858732796e-01 -1.135218118887606070e-01 -2.474719887251954076e-01 -1.328605168971183359e-01 -6.260697081708330169e-02 6.695181909268524412e-02 2.829696959839088019e-03 -1.029090703940919310e-01 5.725282597362334885e-02 -2.202899891315225900e-01 -1.467035475814320589e-01 4.750490711642585406e-02 3.937956279879226834e-02 -2.245359053407691013e-02 4.484857415853449325e-02 2.083669990357207291e-01 3.057011771910702475e-02 2.593227969782230247e-02 -8.530346189536891022e-04 3.343000738622186035e-03 -1.908024157983398972e-01 1.088504675075021161e-01 -6.233440480180588855e-02 5.186678827899873084e-02 7.402268977180791187e-02 1.404543825789857925e-01 -1.412409949289591404e-01 4.781491643445594242e-02 -2.421071255358287627e-02 -1.794166615535522716e-02 -3.402821691302857637e-02 5.984637523413748744e-02 -1.785619124374863975e-02 6.047168981284722217e-02 2.792751404170046303e-01 5.896980295102599579e-01 -1.138546431646773743e-01 8.642344152033915039e-02 -3.904905155883911429e-03 -1.451553198758829544e-01 2.609894268721500987e-01 -1.490768200991567094e-01 -1.958821140297439811e-02 -1.405956287019408113e-01 3.605548492739807376e-02 -1.228953670846728435e-01 2.987147383472766315e-01 2.561044065260286717e-01 -8.960946854890905477e-02 -3.168521877547417764e-01 2.954751115890812477e-02 -1.937434786485235649e-01 -1.311156258289957743e-01 1.103895604125767864e-02 1.925904357934599687e-01 -6.093825256278368602e-02 3.091528918514057419e-03 9.385578881905401460e-02 -9.916928782757281069e-02 -8.290836734421851151e-02 -3.908848980421400499e-01 -1.952025200038350894e-01 -1.562049167198051591e-01 -2.197777144079214040e-01 -2.482871707914797166e-01 -3.837862316633146348e-06 2.215364099530220676e-01 5.894965841120460015e-02 -2.295015422434260738e-02 -1.918324710155500448e-02
