1.000000000000000000e+00 2.645497907191442510e-01 2.353702299544329912e-01 2.486739211046514741e-01 2.245725232395450466e-01 1.025521951973443757e-01 6.665109217599404431e-03 1.097554610663603186e-01 1.376556332050228870e-01 2.098238701527589400e-01 -3.124013819877561882e-01 -3.316530431901617004e-01 -1.477007435000957103e-01 -1.846414223175819880e-01 -2.596220733975556083e-01 1.524389198218713548e-01 -5.097764175411903520e-02 5.533817606877327461e-02 -2.506020808980231607e-01 1.081298682930571103e-01 -9.138367194693307327e-02 -2.025502395613501538e-01 -2.752638107252688426e-01 -4.133608952633305300e-01 3.368406034767865154e-01 -1.312074774874430472e-01 -2.716761960379339147e-01 -1.537139818570349148e-01 3.807947854953190603e-02 -1.404112263071037314e-01 2.081194935397866208e-01 2.826786501754390002e-02 -5.651780124205186412e-02 -2.677408088872666458e-01 -1.083312966420730272e-01 -2.666217983235520395e-01 -2.543257944714469310e-01 1.612293860355770436e-01 -1.076960507485870688e-01 -1.224904838361288474e-02 -7.728910689703426262e-02 3.130147924924503444e-01 -1.763432095715151415e-01 3.391950404187947022e-04 4.321999616611620076e-02 -2.604456257379829665e-01 -1.041687291621743311e-01 -5.968378582940628979e-02 1.931190585343793287e-01 9.848887567611083749e-02 3.095385567918930159e-01 8.789204059637821531e-02 1.280947290934062247e-02 1.629291082932048107e-01 2.527254774935163151e-01 1.989597111785051664e-01 8.992368211992987637e-02 1.190866348445316497e-01 2.458192031013454737e-01 -1.148997874313030243e-01 -4.976138860435919131e-02 -1.586301111934011743e-01 -2.466134405126569062e-01 -3.195615232764965619e-01 -3.304759201973653249e-01 -3.214784060313493619e-01 1.144808961146988741e-01 -4.082891624192485636e-01 -4.160214511144005867e-01 -1.967708702403307419e-01 -1.603478506291971251e-01 -3.848904668760869674e-01 -3.278232653999941792e-01 -2.616281906039577901e-02 -1.881203608144973727e-01 1.266042744331886405e-01 -1.559989979900404111e-01 -2.232383214217990297e-01 1.583885432049732533e-01 7.670112784910991868e-03 -3.432752847967090459e-01 -1.064140347463365111e-01 -1.135966983650956753e-02 -1.529221257563350977e-01 -3.786584776748075920e-01 -3.684456865228034617e-01 -2.003801260717981980e-01 -2.026762581249544337e-01 -1.359769854872368566e-01 -1.227729376355263941e-01 2.301399851771689931e-01 4.076158986160398068e-01 1.545792172500942141e-01 1.641889017880559243e-01 -1.066106997425694675e-01 2.369623168989115902e-01 -2.501857365101473607e-01 -1.240342198978818533e-01 1.672292785806970272e-01 1.440443190898886006e-01
2.645497907191442510e-01 1.000000000000000000e+00 7.173799712807276130e-01 -1.284837719922148416e-03 2.128427592705584848e-01 1.921282136194081280e-01 2.199143219899740986e-01 5.072943117140239488e-01 4.939470950688978346e-01 7.137991155139887522e-02 -1.297206579033257645e-01 -8.562827580122676918e-02 8.777033345849082069e-02 6.329543712793017640e-02 -1.164003351251665236e-01 5.148448804876665230e-01 2.586399606704880005e-01 2.929392353029340312e-01 -6.670391236340940389e-02 -2.467942214411596447e-01 9.847819302515520290e-02 7.801825123696280728e-02 -1.302173366175146951e-01 -8.297790195117057954e-02 -4.296089762886398655e-02 1.558070558384579141e-01 5.843011633821311793e-03 -8.662331903079439899e-02 2.055518324189806456e-01 -2.011741741943566184e-02 -1.700721104801321826e-01 -5.153618719732245834e-01 -3.382447097974918271e-01 2.818994722926113083e-02 1.073500261699493752e-01 6.975566749246718545e-02 -2.238567234179305865e-01 -1.835550807375152527e-01 7.481069871683508621e-02 -1.026843970309522375e-01 -4.183253725580789867e-02 1.330727121754280151e-01 1.161135885247367855e-01 -6.542505973870683944e-02 2.321227109543823608e-01 -2.347727144170293490e-01 2.050898124599099051e-03 -6.068369616431439767e-02 2.867943999919325138e-01 -1.324109943074979756e-01 -7.557928670046921982e-02 6.049305261137968293e-01 4.029288670775600933e-01 1.662942406381050509e-01 6.820624774633187171e-01 5.090475536326658501e-01 6.065503733518239349e-01 5.316991239934347746e-01 1.136951605269388293e-01 -1.101514463806583799e-01 1.754964163774178354e-01 1.299011029206885992e-01 -1.364572009431537503e-01 -1.378478676618010712e-01 -1.930306243510304109e-01 -1.366692064884052482e-01 2.416477147057606301e-01 -1.607208472157478363e-01 -1.826205383765195089e-01 1.789300824085792163e-01 -9.799859752057549223e-02 -1.169103504892178569e-01 -1.370102787513039488e-01 3.293339707885578616e-01 1.524263478447808184e-01 8.202290097942543934e-02 5.749515622508191703e-02 -2.320046693437834585e-03 -2.000298950773357065e-01 -4.710680204163320561e-01 -8.718449244882392479e-02 -2.802154325778274946e-02 -5.161725445403657353e-02 1.539301691711801034e-01 -2.032452255355935988e-01 -3.032421518678294348e-01 -2.287073571452298837e-01 -1.035128508763146771e-01 -4.697251927219826123e-02 -1.301200954934934040e-01 7.114274008487529721e-02 1.421569803241699015e-01 6.804136927317894039e-03 1.228900580053604863e-01 1.214564849098406507e-01 7.092096527422026182e-03 -1.970412871890190598e-01 -2.176090275543178798e-01 3.330196832849973143e-01 -1.953788748082285753e-02
2.353702299544329912e-01 7.173799712807276130e-01 1.000000000000000000e+00 -4.098531329373197862e-02 8.900973366974110346e-02 2.905167343657780732e-01 3.732824541172825583e-01 6.127135621115825659e-01 5.205942327101266143e-01 1.296281670514156659e-01 4.521218738640812862e-02 7.280954965468290629e-02 1.024401125060640100e-01 -2.830464419047587846e-02 -1.741750100986108607e-01 4.164202637748930513e-01 1.560397695447117150e-01 2.815960871833323997e-01 -1.190844291058676396e-01 -2.265156273295400313e-01 6.947768947191448885e-02 4.846732896036731048e-02 -1.241274390181572734e-01 3.465423498687474763e-02 -2.863806261803770667e-02 2.713743514475459584e-01 7.403320243104463553e-04 -1.397508433306860753e-01 1.228840402467645671e-01 -3.720772066859753119e-02 -1.632377475756781049e-01 -4.616535139691890222e-01 -5.425158674968750816e-01 -1.101590668188374110e-02 9.750339715217234970e-02 2.024949356580548199e-01 -1.495004413779993380e-01 -1.160550110802676255e-01 -3.334039265666791096e-03 1.478423313106147496e-01 7.239431690292471785e-03 2.024851177708279215e-01 2.048173534070652224e-01 -1.267118943648607166e-01 2.129816031949316457e-01 -2.854802139714290865e-01 -6.256049137416380690e-02 -9.463195129232233882e-02 4.414759887399104521e-01 -1.495695661435841317e-01 -7.753809258538052473e-02 6.225969319788388079e-01 2.427460450552355875e-01 -4.058320669580061518e-02 6.467808401391000883e-01 6.159927110402325656e-01 5.778771653770790051e-01 5.501675799929861554e-01 2.032920393414122673e-01 2.610472037584679258e-02 2.091780770357951347e-01 9.961161176431704289e-02 -1.779754079672572487e-01 -1.888082852705796344e-01 -2.118672148626122298e-01 -1.781149724314566307e-01 3.324109083453189450e-01 -1.899749474269130378e-01 -1.716630118056671761e-01 1.849049488430126731e-01 -1.022569104322808148e-01 -3.386021025030223203e-02 -1.494547978072874317e-01 3.219601925976919854e-01 1.866700683604787248e-01 8.117356877855354258e-02 5.405643980316120071e-04 -5.629316335416415656e-02 -1.519294595305243356e-01 -4.812267876344275552e-01 -3.977385147491844380e-02 -3.593654977290328817e-02 6.234642568870676915e-02 6.428486946263529955e-02 -1.584573713858841437e-01 -3.397661749758827954e-01 -1.513153187462029092e-01 -1.182403801890036105e-01 2.001662094425889910e-02 -1.324202044725244186e-02 -1.860462007761556069e-01 1.914252111439775639e-01 1.540221059658251068e-01 9.997378229637363112e-02 6.597332417689363848e-02 -1.492635693942634401e-01 -2.386580846567115388e-01 -2.561874443780644550e-01 3.939570615388639507e-01 -9.695489803915689764e-02
2.486739211046514741e-01 -1.284837719922148416e-03 -4.098531329373197862e-02 1.000000000000000000e+00 3.726907898500802507e-01 2.037541980633198746e-01 2.726110827284476401e-01 1.030839102957600700e-01 5.240829084652089825e-02 6.616740693601433354e-02 -9.798985654012913604e-02 -1.305641432841921357e-01 -2.057064220085750850e-01 -1.737377105684123346e-01 -3.092180507266686917e-01 -3.472267799425392543e-01 -2.105995516346278462e-01 3.288220696042798430e-02 -1.692579321382085555e-01 -6.100553989807452893e-02 -2.219029849891131501e-01 -3.358811682011149102e-01 -2.522109082034936778e-01 -1.198324015859835306e-01 1.467676719950502806e-01 -3.535986048148273553e-01 -2.534623587492578212e-01 -3.012564742038725818e-01 -1.955476397890599793e-01 -2.456549533475249070e-01 2.760916611462740367e-01 2.204244187919884856e-01 3.699120713231834889e-02 -2.185250624005909692e-01 -1.789071385263384661e-01 -1.587049226398870583e-01 -1.462696850148557937e-01 1.849491100667775556e-01 -1.160114606230426421e-01 3.162580254752335729e-01 5.919379422982685990e-02 1.286858229040339086e-01 -1.671947196209075670e-01 -1.152972295567168681e-02 -1.527532407843351925e-01 -2.531273570197535294e-01 -1.064499123223600074e-01 -1.020883414922541949e-01 6.785538104918473201e-02 5.981677427243584783e-02 2.898718001209317774e-01 -1.717608380875826901e-01 -3.230513189245295957e-01 4.202022062544041869e-01 -1.313172600875990581e-02 8.886790919381930276e-03 -4.578739647433278936e-02 -6.868374930102925935e-02 2.603268572824870009e-01 1.077058213237297307e-01 2.725750906905718973e-02 -2.065038779147252701e-01 -2.428291435537190124e-01 -2.231031831598429549e-01 -2.595122342387410352e-01 -3.259146897125123066e-01 -1.027021145988493353e-03 -2.505312756903307903e-01 -3.079655700145183528e-01 -1.379656653612361672e-01 -2.246660061425526378e-01 -2.378687364100684765e-01 -3.394018373732609617e-01 -1.863062047013413769e-01 -1.895888142210702121e-01 -1.723366694253464226e-01 -2.340761956574699820e-01 -4.085568919329424786e-01 3.164272063358323228e-01 1.472999081871710358e-01 -1.921349221506287730e-01 -2.155778356546589891e-01 4.064908397277861712e-02 -2.412737511770321475e-01 -3.027236243472393729e-01 -3.009999511500449643e-01 -1.007905538175690729e-01 -2.587553103892559214e-01 -2.370396407946112616e-01 1.245315913630883758e-01 2.312089435174808152e-02 1.141794626412081931e-01 3.104206427001716118e-01 5.172706558405944233e-02 -1.072604404555599633e-01 9.607520656436553674e-02 -2.293923396372013201e-01 -2.052745037518167726e-01 -6.723119825922661483e-03 3.357928682810069204e-02
2.245725232395450466e-01 2.128427592705584848e-01 8.900973366974110346e-02 3.726907898500802507e-01 1.000000000000000000e+00 3.847762764875051755e-01 2.080573047370361528e-01 1.386896651841541817e-01 5.238472265510995401e-02 1.249535587359953959e-01 -1.864430483763365731e-01 -2.047559623510875892e-01 -3.331889256450882297e-01 -3.221689363279715002e-01 -5.083022434124367939e-01 -1.501060755182013207e-01 -3.211998913582135295e-01 1.542099844917092441e-02 -1.441508884513562072e-01 -1.385447925438167485e-02 -2.624098313077276590e-01 -2.926069893463169036e-01 -2.545004474322901111e-01 -3.427930178164666497e-01 1.283005792821862723e-01 -3.273387465808925700e-01 -2.626291125683533623e-01 -3.633442738918173931e-01 -3.154022078657928163e-01 -2.784590359293242501e-01 2.727954925725939450e-01 1.705487259133441624e-01 -1.347371135024053718e-04 -1.480113461440406286e-01 -1.426116999279696818e-01 -2.633943986741328902e-01 -2.174833020824592233e-01 1.599205906339660754e-01 -2.632408454858392033e-01 1.575133057347128662e-01 2.119039085324502317e-02 1.109869107473812622e-01 -2.287828227981378859e-01 -2.128171580846155431e-01 8.698728735705161044e-03 -3.559406712483513258e-01 -9.414564754816205638e-02 -1.504907874188142480e-01 6.466571523295329416e-02 9.861854116947466053e-02 5.475982730427093603e-01 -1.801047438338021500e-01 -1.784765165647552443e-01 2.203607859069786901e-01 2.171371731758327817e-01 -4.379686337765186649e-02 -1.300948054698036760e-02 7.122359139660985883e-02 2.173369307976966425e-01 -1.713673360638172383e-01 -1.512856105324113243e-01 -3.358020966009651609e-01 -3.373904949700871625e-01 -4.027277132310770336e-01 -4.175536223664533808e-01 -5.155283411115071379e-01 -8.261769306642111066e-02 -3.513604302086024145e-01 -2.735579306179840575e-01 -1.148402556243261485e-01 -1.821280914086947367e-01 -2.641501478074796960e-01 -3.663831823725900994e-01 -2.921135403562114541e-01 -2.767514888690320030e-01 -2.633089007594771602e-01 -3.885545287433269102e-01 -4.015865405132426069e-01 4.062968926694149885e-01 1.375757078960862245e-01 -2.846004568763611520e-01 -2.227279995463140871e-01 9.992991908479857688e-02 -2.054645593179811325e-01 -2.374980242013444709e-01 -3.683299736261792523e-01 -8.970718436471276924e-02 -1.815630946389518441e-01 -2.369291878811501939e-01 -1.452138265964972585e-01 8.425120440298848601e-02 3.010635161596937268e-02 3.382021510059184388e-01 9.224597784270943679e-02 -1.821549078673085353e-01 -5.123390825307844176e-02 -3.514789910575084608e-01 -2.470776596100975053e-01 -1.196562381338944908e-01 1.059488978799524722e-01
1.025521951973443757e-01 1.921282136194081280e-01 2.905167343657780732e-01 2.037541980633198746e-01 3.847762764875051755e-01 1.000000000000000000e+00 5.391415079629232610e-01 5.317401881945458264e-01 2.350802579647142121e-01 5.842768530229752733e-01 3.293326902941263734e-01 -3.106510933864103582e-02 1.161396037954396873e-02 -2.380163186185131341e-01 -3.545960208428167171e-01 -3.019999406746196602e-01 -3.106731238740100265e-01 -3.287309727589259045e-02 2.523284716160151958e-02 -1.810838261746070821e-01 -2.820046136767412337e-01 -1.898317043958346884e-01 -1.601301567701816919e-01 8.901584359299664656e-05 4.463173159324247408e-01 -1.826691131691412506e-01 1.084406037990133381e-01 -3.291561200983732505e-01 -3.867725910083050778e-01 -4.212057071102942030e-01 4.147914720462097526e-01 9.519022993176246006e-02 -3.718485927658493062e-01 -2.363283881336123229e-02 1.348730738877756130e-01 -2.422758070729364999e-01 8.117274532488003014e-02 5.179256791658659598e-01 -3.170511287998315497e-01 5.434094240877709314e-01 1.331679113214122856e-01 1.571785908760983119e-01 1.667681676566989957e-02 -1.259575859923561525e-01 4.141613275851163123e-01 -2.996557614258560931e-01 -3.441564229379985851e-01 -3.092509990070337889e-01 1.566695614223137523e-01 -6.590961028977827818e-02 3.298490501262454910e-01 -7.800406943410942429e-02 -3.562873255361959091e-01 5.892887730808926694e-02 3.190665218881554299e-01 3.982138767116460421e-01 7.934269303122541694e-02 1.842543616071662116e-01 6.162734909454429255e-01 1.165570391261170069e-01 -5.159346298272105003e-01 -1.299630002899863079e-01 -1.174661337075406375e-01 -3.242725541215643603e-01 -2.502715522573424334e-01 -3.287129997203749876e-01 -3.062269656376945693e-03 -1.227932409500414601e-01 6.025333930118551701e-02 -2.087530743394761315e-02 -2.479226506854450285e-01 2.472815434600777740e-01 -2.671105200217483433e-01 -4.677959206229409528e-01 -3.634290050923089654e-01 -6.074405997819024711e-02 -3.297288564992223447e-01 -3.715888973503235215e-01 4.001807343964157160e-01 -2.999243824011718282e-02 2.284507963796078567e-02 -3.509748514476327408e-01 5.736975250242899449e-01 -5.920324653425634159e-02 5.803588342758871782e-02 -2.517888982323153169e-01 1.875051502509587908e-02 -2.924902588378657797e-01 -2.178324176054065586e-01 -1.399301508632642965e-01 -2.036062627836838501e-01 1.434418266987980972e-01 6.271628063344665271e-01 3.485200946130707633e-01 -3.520487730317691799e-01 -3.010825071815813603e-01 -3.420449502752625492e-01 -3.548179769177393639e-01 -2.402471203049999227e-01 -1.894459116578350866e-01
6.665109217599404431e-03 2.199143219899740986e-01 3.732824541172825583e-01 2.726110827284476401e-01 2.080573047370361528e-01 5.391415079629232610e-01 1.000000000000000000e+00 6.582385188732863268e-01 3.735159885184621831e-01 2.943569650079504996e-01 2.974270242540124620e-01 2.173241564600586484e-01 2.260047904729719781e-01 -2.081459212472647896e-02 -2.694541769731317316e-01 -1.017765011892393379e-01 -6.747142429053046286e-02 2.628620473775681310e-01 9.139648216967984073e-02 -1.699539353763580840e-01 -2.357856393459394767e-02 -6.534660439662369480e-02 -8.383898701688084765e-02 3.278827185194133076e-01 1.756134486879372680e-01 -2.218340472304708780e-02 6.418747907047143986e-02 -2.836509988156054041e-01 -8.040366024381789822e-02 -2.422156146045940928e-01 1.677173831421745198e-01 -1.260726263015870541e-01 -4.378488625439159176e-01 6.958681288048214342e-02 5.650561756494716648e-02 1.067169465385947591e-01 2.376623979416749716e-02 2.254032406169368674e-01 -1.748868263294521552e-01 6.544215440442114895e-01 3.234152894928398747e-01 2.698898258201276046e-01 5.516566227730320543e-02 -1.032082751384445635e-01 1.433410820646336958e-01 -3.247148497366273423e-01 -1.418483157801995187e-01 -2.170392552170053724e-01 3.894659390336160376e-01 -4.484395567669268584e-02 1.001870687020387229e-01 1.312355494237746889e-01 -1.877290169070494619e-01 8.278206131933563139e-02 2.790304671657185542e-01 4.265408727941339961e-01 3.890076235242690417e-01 3.387788359709703601e-01 3.970695796987114834e-01 2.862639786594491365e-01 1.180272810826437681e-03 1.581650675998142463e-01 -1.292783789643531592e-02 -1.172748594469261996e-01 -1.016913347563977166e-01 -2.253556825415801157e-01 3.320944080507301499e-01 1.958023374479727491e-02 4.151168364518757065e-02 2.476896572401485475e-01 -7.591339884978853814e-02 1.867114794258700194e-01 -2.304808939426745973e-01 2.182362470542906566e-02 4.856239574860991837e-02 6.232324375551755516e-03 -4.696259598782656641e-02 -2.682835561069709662e-01 2.087643007113478555e-01 -2.171986046180983954e-01 2.647574643900983959e-01 -1.600668960491052062e-01 3.133483936665737435e-01 5.690718525498577457e-02 -3.383904854954994379e-02 -2.593730526848385676e-01 6.534967041134819021e-02 -1.565290842226699786e-01 -4.622692904188339252e-02 2.470025454289856703e-01 -3.007659381105816654e-01 -1.224324822125816108e-02 5.524214259151217776e-01 3.133984996744417773e-01 -4.533070265467036009e-02 -2.269641463847940910e-01 -2.675210855412235023e-01 -3.787356865670237216e-01 1.521345215894825686e-01 -6.804517720756990407e-02
1.097554610663603186e-01 5.072943117140239488e-01 6.127135621115825659e-01 1.030839102957600700e-01 1.386896651841541817e-01 5.317401881945458264e-01 6.582385188732863268e-01 1.000000000000000000e+00 6.146190883828744900e-01 3.952222276917837229e-01 2.995793927491703368e-01 2.259362266502131511e-01 2.644411980528442729e-01 1.020646573237038446e-01 -1.091175852291158960e-01 1.901596962063971386e-01 1.699951496104233906e-01 3.682049590718985410e-01 1.643006593752117106e-01 -2.115204992578743615e-01 1.198291191259206884e-01 9.828972550265965835e-02 -1.145132296114201136e-02 2.923253001673704610e-01 1.951267563549192730e-01 1.986587530686032832e-01 1.615423566509937292e-01 -1.151358174474492735e-01 1.307411802927919975e-01 -1.041156174908636906e-01 -5.244436255578355938e-02 -4.377198758914408461e-01 -5.773594068304580551e-01 2.453937771668679990e-01 2.189639345164791084e-01 2.237874601973620092e-01 7.053627870058440386e-02 3.415285415455455303e-02 -1.051359650524232997e-01 4.303487324595821062e-01 1.665579659051801553e-01 1.873331288381325233e-01 1.814022052258821016e-01 -1.246110060009338050e-01 3.035151369216967376e-01 -2.862861852670648410e-01 -1.189484624511179534e-01 -1.073163644458223348e-01 4.450143550581995289e-01 -1.777041678815383108e-01 -9.518346655935319700e-02 4.841334388729421900e-01 4.298974351048549108e-02 3.940822835276332897e-02 5.637358393088006681e-01 6.860279003299333267e-01 6.501131544711484800e-01 6.823214549456618760e-01 3.990749854360852167e-01 2.732598184282178377e-01 3.934868758930386290e-02 1.900406129444864867e-01 1.765196732488677478e-02 -6.402243762799307569e-02 -2.412209407736744249e-02 -8.238357887711059147e-02 3.733673863937136961e-01 7.821550079371002162e-02 1.479589325330589178e-01 3.736045652052280008e-01 -4.196787760696715774e-02 2.547557004657183821e-01 -1.066809278084321772e-01 1.761115306217108378e-01 1.488960472175198668e-01 1.674223305322085353e-01 1.110463261565106524e-01 -5.113694401720345756e-02 -7.519340702068509630e-02 -4.959918445812653842e-01 2.670693494727141570e-01 -7.253023400268408805e-02 2.816585941616233657e-01 2.144651252108643047e-01 1.433644859698300286e-02 -2.037927174670097485e-01 2.409479586204592294e-02 -1.302429857489909859e-01 3.494374085611747643e-02 6.570606194152510404e-02 -2.962146649976505897e-01 1.093610416785402994e-01 3.347475556314757905e-01 2.213457078781320420e-01 1.239741707189207474e-02 -2.036566733610777058e-01 -2.282988908291668229e-01 -3.158388854344787444e-01 3.274696751415550056e-01 -1.998353234951121826e-01
1.376556332050228870e-01 4.939470950688978346e-01 5.205942327101266143e-01 5.240829084652089825e-02 5.238472265510995401e-02 2.350802579647142121e-01 3.735159885184621831e-01 6.146190883828744900e-01 1.000000000000000000e+00 2.303033151262365852e-01 -8.988507762704070481e-02 -8.051987460130026475e-02 6.652913765538352731e-02 -1.398920730767813994e-02 -2.225722713980412826e-01 2.318984974875716309e-01 1.501811802350632996e-01 3.893196314907970690e-01 -1.148338184004280699e-01 -2.354001558060391797e-01 9.004858710054356591e-03 1.387021982647899943e-01 -2.563040595511121844e-01 6.229568731383528651e-02 6.053548000652827360e-02 1.806351725925468277e-01 -1.524242411171614353e-01 -1.915069265225126105e-01 1.509273106968187506e-01 -9.123653614593484062e-02 4.082797470129523841e-03 -3.217932089492051562e-01 -2.882336448191204492e-01 1.471944295238474532e-01 2.229612013314368618e-02 1.238092962507273270e-01 -2.006191767702324158e-01 -3.699416835420553384e-02 2.307391024573415550e-01 5.099743552232679361e-02 9.013598105290072937e-02 2.193186728796287233e-01 1.168921778995916927e-01 -8.409600421438012674e-02 1.880327589458066495e-01 -3.774722749615091466e-01 -1.526174059208608713e-01 -1.980300313265083156e-01 3.007874683252220738e-01 -2.061535185974135709e-01 -7.647577403197537704e-02 3.964528737708050143e-01 1.839498775382044649e-01 1.910562386236177579e-01 6.323261594823529341e-01 6.594647160482902670e-01 6.016606767428483993e-01 5.535643900886357827e-01 3.418475230902770501e-01 1.278510470847954439e-02 1.729118709542679655e-01 1.423666244768803657e-01 -2.792432009114073632e-01 -2.198425658484496892e-01 -2.712679354040702373e-01 -2.513855569682464375e-01 3.168518903998719383e-01 -1.743733390033880559e-01 -9.715944201218279508e-02 2.449148644339823044e-01 -1.965102840022039388e-01 -5.852366377719965540e-02 -2.837562996672828297e-01 3.130638968367963071e-01 1.410923036904602468e-01 1.008914588070347895e-01 3.202701512240352377e-02 -1.837280199255086344e-01 1.326125180608325217e-03 -3.466686830376647377e-01 -2.184307933133592186e-02 3.774419660435648222e-03 4.968674219655699886e-02 7.372024276834647505e-02 -2.484986058739308556e-01 -4.227894901012452800e-01 -1.266717524422507346e-01 -1.133618306858086150e-01 -3.377001132859246135e-02 1.019500426008334570e-01 -5.802435312630200431e-02 1.952622190585820150e-01 1.656509252741260318e-01 2.643939349001095951e-01 4.922165684644335543e-02 -2.756414798863398782e-02 -3.609196566092439107e-01 -3.642476701049419119e-01 3.942850395034457889e-01 -8.254021663155530764e-02
2.098238701527589400e-01 7.137991155139887522e-02 1.296281670514156659e-01 6.616740693601433354e-02 1.249535587359953959e-01 5.842768530229752733e-01 2.943569650079504996e-01 3.952222276917837229e-01 2.303033151262365852e-01 1.000000000000000000e+00 4.039586475326578108e-01 8.227802453608153849e-03 4.111928695334410300e-02 -2.451425462476440609e-01 -1.521147250549468866e-01 -1.852608982650950364e-01 -2.861389052639310981e-01 -2.257508404711217331e-01 -4.407220920985017998e-02 -1.506622428870951214e-01 -3.401655751162615537e-01 -8.297733999077473721e-02 -1.584127016339592353e-01 4.165408049617772002e-02 6.938015178310812381e-01 -4.608229982815303244e-02 1.130727815783445361e-01 -1.745227696080951518e-01 -2.738678221101809585e-01 -3.927852132499363713e-01 4.105038924873364858e-01 4.267445461860624317e-02 -2.278261235577384858e-01 -4.230059672436367602e-02 1.507968998797978577e-01 -2.155826788712094932e-01 2.489364686909428803e-01 4.830154039846512593e-01 -1.491826729031517640e-01 4.303490696353400313e-01 9.904363432566817838e-02 2.198953019846675849e-01 1.281405035036517204e-01 9.452188853072995833e-02 4.972646000180518944e-01 -1.881547340941890356e-01 -3.805369502881710830e-01 -2.628559831733166541e-01 1.204873618117260070e-01 -3.222272629058419574e-02 9.590263524800068939e-02 -6.917158969536997548e-02 -2.535397890684283340e-01 -7.815292636681224481e-02 1.311066861823428631e-01 3.765901981435312851e-01 -2.859756430893654541e-02 7.986863821364960370e-02 7.278283721140968998e-01 2.137547243319893320e-01 -4.403373635238354566e-01 -4.228127696468225033e-02 -2.939484942124720099e-02 -3.379647489785447267e-01 -1.711862223648170644e-01 -1.566779842582095850e-01 9.787386844315557055e-02 -7.731172994192658798e-02 1.042668114634692361e-01 -2.099895733762337791e-01 -3.348959447096612196e-01 2.956813024439630677e-01 -2.507391635442536293e-01 -2.887820486308417811e-01 -2.916579275815585071e-01 2.536440097233783053e-01 -1.604679202770325497e-01 -2.221980514641616888e-01 2.892215084306851147e-01 -4.059491503206776736e-02 1.402476069290353733e-01 -2.461008381566399117e-01 6.509056466362233007e-01 5.978184023535106084e-02 7.129930869747794220e-02 -1.260055145907397478e-01 1.033971724922178453e-01 -2.883056074940497648e-01 -1.392009670615600159e-01 -1.468411145881899464e-02 -9.675930285959323616e-04 3.340801011284644795e-01 4.481463954804409955e-01 3.942633841077080037e-01 -1.790782282624660826e-01 -3.567901547218497310e-02 -2.323455967954202728e-01 -2.513660850732684637e-01 -1.705446591105745369e-01 -1.986635289859045306e-01
-3.124013819877561882e-01 -1.297206579033257645e-01 4.521218738640812862e-02 -9.798985654012913604e-02 -1.864430483763365731e-01 3.293326902941263734e-01 2.974270242540124620e-01 2.995793927491703368e-01 -8.988507762704070481e-02 4.039586475326578108e-01 1.000000000000000000e+00 6.040560148458818945e-01 2.340220991920496652e-01 4.782917610224624722e-02 3.204130478246030589e-01 -1.368994971830825857e-01 -8.418986569589440028e-02 -2.570391001451915458e-01 2.808876504920494455e-01 -6.524176113111815334e-02 -7.046917305752755344e-04 1.610897541397666999e-01 2.913485491426042184e-01 5.620621797640543704e-01 2.614150155566684619e-01 2.308860177537125913e-01 3.862920185766728909e-01 6.809124237390641599e-02 -9.259524963570293921e-02 -1.668019894318961971e-01 -9.204621051498705631e-02 -1.701298606582055672e-01 -3.990027260095083683e-01 2.113273787499384826e-01 2.947659310127410670e-01 3.015667825170837424e-01 5.846697188713741999e-01 1.614993849116480862e-01 -2.609784829551169971e-01 5.038479419821321192e-01 2.680330212150862090e-01 -9.000517835303734214e-06 3.472386699907009655e-01 2.165254997755271249e-01 2.382669223110076839e-01 2.565353223509592717e-01 -9.401521906342717727e-02 4.057539408592553132e-02 2.434714046967264289e-01 -2.075263221559407734e-02 -3.644330703371682634e-01 1.013166431185976435e-01 -1.253307906462534649e-01 -2.881153173536630807e-01 -1.652055623476023083e-01 1.904655196464032363e-01 -2.629703608740275797e-02 1.623818752253037567e-01 2.323774820019693099e-01 6.011829166100801647e-01 -2.074241167113121953e-01 1.034405866229883980e-01 2.827139702046193026e-01 1.606602308647714361e-01 3.779961110222768150e-01 3.611584639713948386e-01 2.559940460931859896e-01 4.338605402384540510e-01 4.823658314951846937e-01 5.575157350887728624e-02 2.940641245099049825e-02 6.094478335972106642e-01 2.401168777721603698e-01 -6.831715862528243977e-02 3.856037338751661797e-02 2.741987933501348618e-01 1.335816816495005999e-01 8.065202387963028852e-02 -1.767566830259154620e-01 -2.586898054822745485e-01 4.474540003285592538e-01 1.179899175379020698e-01 4.221053442567881397e-01 8.805860610106257258e-02 2.943415582862342061e-01 3.842329732553832478e-01 3.611779474518592714e-01 -6.446943540696620234e-02 2.586424500204478338e-01 1.781898715921772236e-01 -3.338491842752370209e-01 2.929407252755312704e-02 1.073601673392205469e-01 1.012711216410473319e-01 5.244022516597371744e-03 -1.333222010633602905e-01 2.546636888207610139e-01 1.150513112255263370e-01 -2.391466841597821025e-02 -2.149309440728819631e-01
-3.316530431901617004e-01 -8.562827580122676918e-02 7.280954965468290629e-02 -1.305641432841921357e-01 -2.047559623510875892e-01 -3.106510933864103582e-02 2.173241564600586484e-01 2.259362266502131511e-01 -8.051987460130026475e-02 8.227802453608153849e-03 6.040560148458818945e-01 1.000000000000000000e+00 3.621475734983728989e-01 2.394836261331582672e-01 3.974298530801704810e-01 8.927831666109575792e-02 1.658047325939301930e-01 -5.338416415901987670e-03 2.596087890485901939e-01 4.433679956199846478e-02 2.514124708015165743e-01 2.061460739254367402e-01 3.117486597182905772e-01 6.771386303211991420e-01 -8.372250619739003696e-02 5.010169908525280436e-01 2.542059328337233359e-01 2.154865726013285854e-01 2.146404082718314787e-01 2.113280319176935318e-01 -4.289422629874860560e-01 -2.809096501383095967e-01 -3.139924329440912376e-01 2.696622434073935870e-01 6.781929536756739485e-02 5.999723551857060189e-01 3.457590872668388493e-01 -2.584652475484998657e-01 -1.537149589496793756e-01 3.077444553635427793e-01 1.689952014011611714e-01 1.117045405137978425e-01 3.348767194176665019e-01 1.021270373055322839e-01 -1.335040969105101283e-01 2.575106685501433179e-01 1.483401859612958618e-01 2.217657043969320230e-01 3.221825351143019489e-01 -1.756931172557027743e-01 -3.987466842883718998e-01 2.519490503480765198e-01 8.274288707301442891e-02 -1.894876832242429754e-01 -1.412199009345235790e-01 1.275532957358264941e-01 1.762668275793310702e-01 3.039313309177318900e-01 -1.570033156467930124e-01 6.356840480356868994e-01 3.513199735912051480e-01 3.380411903101138704e-01 3.544343038131610446e-01 4.077010171642739822e-01 4.625786949562860628e-01 4.141088281166192542e-01 3.539931312757209625e-01 4.519980027240552145e-01 4.023384720017740279e-01 2.538235231612424592e-01 1.941537471129506365e-01 3.947131023293324881e-01 3.450411434674510169e-01 3.380223045795126557e-01 5.067914714052745850e-01 4.501665327408334583e-01 3.562756493553669856e-01 3.218439515914726101e-01 -4.407635564982441689e-01 -3.131024818409906540e-01 4.824790983233058217e-01 2.490607202910951057e-01 4.185239699066083986e-03 1.508141175313023330e-01 2.079575967733897079e-01 3.823135819872761076e-01 2.108465454328177224e-01 1.661654967809620687e-01 3.849675500054061117e-01 3.128252768277995366e-01 -3.244107009538047537e-01 -5.423838248047418986e-02 -8.826796851247921405e-02 -6.709844872131284776e-02 4.158032829957379328e-01 -8.539363606639274740e-02 3.116667848180588174e-01 1.533453166354861730e-01 2.594308765338362854e-01 -2.212429372010038253e-01
-1.477007435000957103e-01 8.777033345849082069e-02 1.024401125060640100e-01 -2.057064220085750850e-01 -3.331889256450882297e-01 1.161396037954396873e-02 2.260047904729719781e-01 2.644411980528442729e-01 6.652913765538352731e-02 4.111928695334410300e-02 2.340220991920496652e-01 3.621475734983728989e-01 1.000000000000000000e+00 5.107837377061771322e-01 3.015042091943469504e-01 1.283325758764906344e-01 4.643857826513819731e-01 3.799707662406265896e-01 4.155695532026876249e-01 7.977272065921273136e-02 4.209194933735133648e-01 4.418635055095530006e-01 3.974835806799630333e-01 4.182537093898643921e-01 -1.491714443878494178e-03 4.247224874409651907e-01 4.143574163725299297e-01 3.851322509990922072e-01 4.480767422235141795e-01 4.590035218369399317e-01 -2.841776031174628736e-01 -2.832025391778063561e-01 -2.861904667880415531e-01 4.453197256680203053e-01 3.529305081798645993e-01 2.722645684770587104e-01 1.283080021278361349e-01 -2.286297069802880610e-01 9.327940839984406873e-02 9.918199931751021936e-02 1.051339219172613415e-01 4.344764787464449468e-02 1.792418746089532999e-01 -1.049565457998946488e-01 1.091831533687875333e-01 4.455398470629187702e-02 2.333602456911147982e-01 1.881221915428532288e-01 1.097971786858638471e-01 -1.026356132668323068e-01 -3.215172978039880780e-01 2.142188947010310873e-01 7.842987221147090793e-02 -1.582516823613214774e-01 5.448677759583536034e-02 2.561768179451930916e-01 2.976785913386997273e-01 2.470959608218940562e-01 -6.133996996214267916e-02 2.372370538904241821e-01 1.397503363209492699e-01 8.162985205260394617e-01 6.233002654419013133e-01 4.548572346745718975e-01 3.217384412203868060e-01 3.321212976975896347e-01 1.576235830919254788e-01 4.284180167583613308e-01 4.034439393357505121e-01 4.806482417199052781e-01 3.231182141836181354e-01 3.996101988050899667e-01 3.749107497024897762e-01 3.041188789646293578e-01 4.678449675864430612e-01 3.234444272092434902e-01 4.888912360982277105e-01 4.810978126741242700e-01 -3.052014229700532044e-01 -2.607895043011082548e-01 4.560801394738953074e-01 1.936334824091613949e-01 2.958143850338394026e-02 4.221640757507710839e-01 3.479262716545129530e-01 2.740994444333121893e-01 7.192520959152919058e-02 3.103224864251358239e-01 2.233145775041151804e-01 1.446670523268260566e-01 -2.732747636911308509e-01 -1.314399313970087413e-01 -2.610928271782396795e-02 4.519303108143556819e-02 2.792660526131758858e-01 -1.537591452876813369e-01 9.649018008121534873e-02 1.103228837181638618e-02 9.613790704329666648e-02 -1.297407972251757302e-01
-1.846414223175819880e-01 6.329543712793017640e-02 -2.830464419047587846e-02 -1.737377105684123346e-01 -3.221689363279715002e-01 -2.380163186185131341e-01 -2.081459212472647896e-02 1.020646573237038446e-01 -1.398920730767813994e-02 -2.451425462476440609e-01 4.782917610224624722e-02 2.394836261331582672e-01 5.107837377061771322e-01 1.000000000000000000e+00 6.064446350462446844e-01 3.491116589152373773e-01 5.565322486075232611e-01 4.955283269683878888e-01 6.547100694650346275e-01 7.692247510229746621e-02 7.140745036765453468e-01 4.266437723497347734e-01 5.950011060955014974e-01 3.356325551845285582e-01 -1.949360415170008909e-01 2.542853570280496633e-01 3.133218046025417758e-01 3.894403263765524037e-01 5.698844628706586368e-01 5.878840739615091016e-01 -3.786118595766899686e-01 -3.289006905351189447e-01 -1.503542514223028988e-02 5.294383393173412999e-01 3.373858592647021593e-01 3.037047727498501937e-01 5.024712706481968688e-02 -4.732515867496787099e-01 2.236162748630517449e-01 -2.103432967187862102e-01 -6.889905975895201096e-02 -2.632775420357354457e-01 -1.885375038125502870e-03 -2.265277552385509541e-01 -1.772258400359617014e-01 2.170012118791129208e-01 4.737921254244697455e-01 3.180545239811874980e-01 -1.534695115225065132e-01 -8.889960959368641003e-02 -2.533152317400632070e-01 2.967918098148530914e-01 3.562998596573139221e-01 -6.293210756661267447e-02 -3.974958932833572850e-02 3.316017982455345819e-02 3.629704076617105701e-01 1.952977134547770055e-01 -3.731699221034820435e-01 1.942271041444738888e-02 2.154011706657329162e-01 4.210306586482542857e-01 6.043961769181451782e-01 7.762732459131035379e-01 6.171785424712113999e-01 6.071133515766256039e-01 -5.440187410895436226e-02 5.641797574329058262e-01 4.767441769109120875e-01 6.369996479944487477e-01 5.332786028388784016e-01 2.261271061287800366e-01 6.044346342829861607e-01 3.209434176315766329e-01 4.379279393098609030e-01 1.955401805526066350e-01 5.828286276601205573e-01 6.161320413548257990e-01 -4.345537804711531726e-01 -2.598918398619241565e-01 3.742152786608475279e-01 1.654616627136611395e-01 -2.581753322596658240e-01 4.397006636186501227e-01 3.443028406064806424e-01 4.075857153518593345e-01 4.644054099634415539e-02 2.745011458911146285e-01 1.413212078281408379e-01 -8.727139847646014914e-02 -1.334789659655857275e-01 -2.754146616849929563e-01 -3.464279671871965949e-01 -3.074314063372045602e-01 2.398733033642404255e-01 -1.237168270685025107e-01 2.897152886076168610e-01 1.848471661534074884e-01 4.123506239034828436e-02 -1.558053655219364397e-01
-2.596220733975556083e-01 -1.164003351251665236e-01 -1.741750100986108607e-01 -3.092180507266686917e-01 -5.083022434124367939e-01 -3.545960208428167171e-01 -2.694541769731317316e-01 -1.091175852291158960e-01 -2.225722713980412826e-01 -1.521147250549468866e-01 3.204130478246030589e-01 3.974298530801704810e-01 3.015042091943469504e-01 6.064446350462446844e-01 1.000000000000000000e+00 3.109293436953432521e-01 3.453995938133571086e-01 -6.444096312516883751e-02 4.706166050792091604e-01 9.437265376526922378e-02 5.403015266783572912e-01 2.948000555539290191e-01 5.960740103161187298e-01 3.827019297529695163e-01 -1.222272714358365875e-01 2.498509473788742552e-01 3.210272565394431954e-01 4.186430838220801531e-01 3.963573699979008880e-01 4.208563065445052875e-01 -4.772863804850068781e-01 -2.540809043334559814e-01 5.363669338785611446e-02 2.967458946704825684e-01 1.635882955149969564e-01 3.560267663002203986e-01 3.147465722687894929e-01 -3.805963261419976762e-01 1.752906899241064020e-01 -2.313845363275648659e-01 -1.017551650125265716e-01 -3.052903978362108695e-01 3.338486912879171098e-02 1.134873890234748134e-01 -2.193092382838058574e-01 5.927246013170317518e-01 3.079837266842003207e-01 3.557257884969221573e-01 -1.109684118195277402e-01 -1.541182394519631238e-01 -5.538376703732155182e-01 2.993337387458126497e-01 4.288229907184658019e-01 -1.841207097027103834e-01 -2.463974687535431252e-01 -6.719664630623183033e-02 1.095065464654986498e-01 2.612232578394966739e-02 -4.053080154132830959e-01 2.294592498380604306e-01 1.348478338970994506e-01 2.571519366735237622e-01 5.312837744723074573e-01 7.259092246178791008e-01 7.866621038354033590e-01 8.800597914606201888e-01 7.226314829352357971e-02 6.039093421711101417e-01 5.323557947636097243e-01 2.304530232498971098e-01 4.152360535882568815e-01 3.378997527633747500e-01 7.213389680677788629e-01 2.714638267385489079e-01 3.108170109857472663e-01 3.356193623544572180e-01 5.459602968588401772e-01 6.420160842509132770e-01 -5.714663618168662751e-01 -2.402333015753802259e-01 3.835905334962886326e-01 2.305982941883019111e-01 -2.416941387407969821e-01 1.964426971261236110e-01 3.488952286143566783e-01 6.771319969194972144e-01 1.097373532604318941e-01 1.563457820234396833e-01 2.719994197818905723e-01 -3.032023672171164225e-02 -1.418040849194346364e-02 -4.088932074386868870e-02 -5.740246706039074942e-01 -3.424384421048692340e-01 2.535403663675277475e-01 8.127043745458457924e-02 6.212558743096981972e-01 4.728320321473516441e-01 4.040014442075580414e-02 -2.467359942649185733e-01
