1.000000000000000000e+00 2.749576216242561322e-01 5.043342030223959549e-01 -2.067834174340983980e-04 -8.290889436374651589e-02 2.408934228048470738e-01 8.980956887584715109e-02 -4.964016514027699833e-02 -9.073650249347352259e-02 -8.831015539120967706e-02 7.752463790617805661e-02 1.818457968471871578e-01 -2.018770749449800284e-01 -1.105613784079887696e-01 -7.663627775603704118e-02 2.270893981999141109e-01 -2.251895583932699840e-01 -1.102221348777820409e-01 -2.026201163691283558e-01 -1.235857599022875536e-01 -3.236983917834735866e-03 -2.909425136708146398e-01 -8.037013034978825188e-02 -1.506371632621430201e-01 5.179143884419179500e-01 2.424259865348202536e-01 -1.948109551499681291e-01 -2.285359008373823719e-01 -9.700991572431660881e-02 -2.173181965270827298e-01 -1.208832104591475304e-01 1.357444629715392481e-01 -4.865542063213417617e-02 -1.661451455041811354e-01 -2.329402679985815294e-01 -1.029884366725053318e-01 -2.102524889287958887e-01 2.627002578775880504e-01 -1.073898674995442393e-01 2.610821961056467022e-02 -7.572819226605193021e-02 3.951535996034769016e-01 1.116951204805160941e-01 6.192991419218110694e-02 -1.103167529468913610e-01 -3.238547184338459450e-01 -2.184937938489546205e-01 -1.566787704972420758e-01 2.436814931900572745e-01 -1.912345750931948862e-01 4.239947839078279657e-01 5.240199856087677244e-01 2.849995935670423530e-01 5.576106194895713575e-02 6.488434058312290975e-02 2.663083428363433036e-01 -2.321715674780868224e-02 -7.133172262991496759e-02 -1.412054309349283499e-01 4.775243806697677951e-02 -3.503514550107617552e-03 -2.051466628839202222e-01 -2.807161448365532719e-01 -1.393061147922605436e-01 -4.366689148141974369e-02 -5.041327231493206162e-02 4.659497552430083567e-02 -2.136946836871209121e-01 -1.309416829578580188e-01 -1.078524585938421265e-01 -4.034657510864825963e-02 -2.694249461039281979e-01 -1.100290233956184999e-01 -5.019091285982724832e-02 -1.999041303416207727e-01 3.308717476055183515e-01 -1.171746582306498058e-01 -2.246679397563149383e-01 -6.247189788230846259e-03 5.157583630005162928e-02 -7.342301285794859689e-02 -4.521457486619790550e-02 -6.013700845072776635e-02 -1.787337210714855795e-01 -2.476001742515204496e-01 -3.060360072787305930e-01 -1.152557376495010194e-01 -2.819408908030410221e-01 -1.116867580767027940e-01 5.650266661753717938e-03 3.202796901214667591e-02 2.908355924049482732e-01 2.280290748347542362e-02 3.563138727974369258e-01 1.410654202710310279e-01 -8.802794420790742425e-02 -2.693508865825950949e-01 -1.520860907050447797e-01 2.175216937361680036e-01 -2.101443404328998954e-01
2.749576216242561322e-01 1.000000000000000000e+00 2.694945029850065454e-01 5.133360153518280455e-01 5.860795239171933124e-01 1.593138914439444498e-01 4.184925473251595307e-02 1.746289619567211737e-01 -7.285366494307561613e-02 -1.430879366216835091e-01 -1.449009814679446395e-01 -3.689669343494730131e-05 -5.497580125347951985e-02 -1.146899041132606704e-02 -1.632760683871742682e-02 5.771450567062430537e-01 -6.998890201957312651e-02 1.352385002909304579e-01 1.316570386271530106e-02 -7.764826406810011739e-02 1.545183878573476444e-01 -2.873759444940114371e-01 3.545726274916002202e-02 -2.252713997469363294e-01 6.356600219637753568e-02 -1.056634189876259761e-01 -2.702870066502646162e-01 -2.912906785337905369e-01 -7.810260903536410393e-02 -2.729613835212355566e-01 1.667659955784100145e-01 4.259005555119402819e-01 3.438092062081026246e-01 -4.060099930322463163e-02 -3.058462894928124509e-01 -3.077735459590835720e-02 -3.183085042807518583e-01 3.338616146406446217e-01 -3.620672130269363131e-02 -1.708406494203829340e-01 -2.325578274575381132e-01 6.123539865130824683e-02 -2.826496556172695129e-01 -5.922874049055758955e-02 -2.077297945802787371e-01 -2.295854978942435398e-01 -2.439125600004946048e-01 -1.191140145836203645e-01 -5.851422098798186866e-03 -3.195959110370939493e-01 4.830892738066845382e-01 6.193066762662853275e-01 5.236656423869111565e-01 5.523740926562196174e-01 1.964584201881836023e-01 6.994611940564916808e-02 1.469724298956198438e-01 5.438147072856034520e-02 -2.195887292707937033e-01 -1.346848006422226574e-01 -6.270612755240918823e-02 -9.338929904113234953e-03 -3.000242717991908337e-01 -1.898538287725966833e-01 8.843788046873980735e-02 -2.101929727539862333e-03 -1.144373488503550029e-01 -4.783263902924766303e-02 -5.829995791975047664e-02 8.921236687763781092e-02 5.164623685244396772e-02 -2.944741253191971442e-01 -5.034159954218753175e-02 -1.356818730247448535e-01 -9.979559362513787391e-02 -5.760754677344302049e-02 -1.601641217449030485e-01 -1.708657312031733044e-01 1.953864481258234254e-01 3.978367527372686507e-01 -1.366653708241323262e-01 -2.648947578761124966e-01 -2.890995637223068293e-01 -2.291294128400356567e-01 -3.149355355382336685e-01 -3.843649630763540936e-01 -2.021721053899551424e-01 -2.531067653899410907e-01 -1.498180814960694829e-01 -2.478271776603833410e-01 2.846888091630782602e-01 -2.693763812876268440e-02 -9.332334422799219709e-02 6.142156146470344885e-02 -2.342646171882497852e-01 -1.530496235485554746e-01 -2.969147677167341959e-01 -1.876621169160651859e-01 3.633259275999779075e-02 -3.774206670574138389e-01
5.043342030223959549e-01 2.694945029850065454e-01 1.000000000000000000e+00 -2.438504202948147681e-01 5.042588419620885887e-02 6.231994332053678587e-01 4.316310338808749814e-01 3.080932038991266997e-01 2.405416894444625808e-01 -6.091477363997879757e-02 2.804565263032736677e-01 3.569689640921762108e-01 4.098218426574663786e-02 -9.646570771659902788e-02 -1.569859576243263499e-01 2.824161929228555246e-02 -2.547912269565238627e-02 -1.789704713000909650e-02 -3.623666051546219763e-02 -9.311967146956681707e-02 -3.519196048113994169e-02 -1.152380738353104422e-01 -1.030181397907216634e-01 6.852356202868047086e-02 4.374308278652482840e-01 4.628291646365606526e-01 -5.060623304021584501e-02 -7.894673061614976284e-02 -1.785219823674781374e-03 -2.411884151522878939e-01 -2.658474151047695577e-01 -1.744730535881769129e-01 -3.661729294002533663e-01 -8.453427126886653431e-02 -7.985945656864831821e-02 -6.073084918861774290e-02 -6.871589190674065595e-02 1.789536106626758716e-02 -2.113058780062445074e-01 2.661279029036316413e-01 1.819144969487718894e-02 2.397493813958627706e-01 2.846209715704122178e-01 3.167534751382799357e-02 -7.345186856036649281e-02 -2.561015394472875295e-01 -3.024755169197734794e-01 -1.575363529614517977e-01 4.824254494113472402e-01 -1.311193197495237606e-01 8.129519421907933918e-03 6.490839385876561174e-01 2.039465111920279738e-01 -1.493866551356575756e-01 4.801395525318093438e-01 7.017918293086841119e-01 3.252357595313598027e-01 2.648189894312352188e-01 1.568517877793042248e-02 2.705433088094546523e-01 1.710533008117443854e-01 -3.256893616766760174e-02 -2.161796674990336398e-01 -3.965003064187792164e-02 -9.832407017237497493e-02 -1.709787480406898263e-01 2.619806079514355734e-01 -5.450811135764917215e-02 -7.587711920698343715e-02 -8.028236747455147482e-02 -7.657030622373756090e-02 -4.533531230012968760e-02 -9.465819749746710865e-02 2.197227460694196610e-01 -6.184576257558362100e-02 4.143334777454960594e-01 2.448050667152972676e-02 -2.208967836513314187e-01 -2.680810878747658665e-01 -2.571187241469901630e-01 -6.984865740813261947e-02 -1.025244765734484031e-01 7.327432483241601291e-02 3.419242689863693369e-02 -1.611181613357733633e-01 -3.328209115585417655e-01 2.116756818193440970e-02 -1.119117398020359200e-01 -1.190639121917641263e-01 1.339104875392795047e-01 -3.500005353570352362e-01 3.414820550766436980e-01 -2.492517633812519479e-02 2.498569674533329954e-01 2.368814408149465534e-01 6.037730348665731536e-03 -1.795627474489751296e-01 -2.187498374906924614e-01 3.498127133195142457e-01 -1.031968542558453078e-01
-2.067834174340983980e-04 5.133360153518280455e-01 -2.438504202948147681e-01 1.000000000000000000e+00 4.073222875380259067e-01 -1.792168156702575454e-01 -2.031136320269496531e-01 -2.067320619484436239e-01 -4.332637347034247188e-01 -1.275072884671471785e-01 -1.894682173780802559e-01 -1.793903114455814019e-01 2.687385874770739647e-02 1.932129825720888816e-01 2.592519507784813437e-01 5.226409669847777995e-01 3.216477226177427012e-02 1.683812589009499594e-01 1.375605253674541395e-01 9.120104581288683565e-02 3.485278807763726450e-01 -1.283386000396184723e-01 2.759725335948475800e-01 -1.983625309185723384e-01 5.290760954522417958e-02 -2.827067475799137086e-01 -1.454474002151845413e-01 -1.045063378725799019e-01 4.435527872183085696e-02 -9.298528450367934961e-02 4.602794374864815907e-01 7.139690190810907833e-01 7.426505743886115951e-01 1.813355772806891919e-01 -2.196569654015742834e-01 4.282460731363467443e-02 -9.693532999141414586e-02 4.542325055368416353e-01 1.430233040945744771e-01 -3.262816752012649424e-01 -1.418772142442991102e-01 -4.332276325815499762e-02 -4.151475344435462400e-01 -9.321851429404375000e-02 -1.526383074096450410e-01 3.633971328916814347e-02 1.403892833205404034e-01 5.232671291418804216e-02 -2.699773837891491501e-01 -6.701008771908374684e-02 6.342561566590881883e-01 1.460040853221858670e-01 4.803213130324827662e-01 8.777348697718597714e-01 -2.343451681052474422e-01 -3.248249119980868294e-01 -1.702714378134921047e-01 -2.929474324852297529e-01 -2.884838165329684512e-01 -1.368032727304003549e-01 -1.274166448136291596e-01 1.048990105779708942e-01 -1.965948089154081480e-01 -2.975672768173622806e-01 3.179435620464806656e-01 3.418202285431267140e-01 -3.067611026760693749e-01 1.063616264701525982e-01 1.747220338855202393e-01 1.992469489162953800e-01 2.471510516823399173e-01 -1.970278270742280569e-01 -1.158487747156549535e-02 -3.468278005755252580e-01 -6.236627821733919420e-03 -2.284780315999959954e-01 7.791685387124699068e-03 9.987288935764573883e-02 4.295960792945202056e-01 7.869746147964733485e-01 8.331263448312832554e-02 1.445387638780586473e-02 -2.975249231403391259e-01 -1.866225621655279165e-01 -1.334563589882857559e-01 -1.544891559568935258e-01 -1.402507488637755872e-01 -7.314795705259576064e-02 1.445507177749849881e-01 -2.124009914558949441e-01 6.332535920433551846e-01 -1.080885262280226189e-01 -3.777770943676072787e-03 -1.106112301489754896e-01 -3.976754234465564308e-01 -1.230669845122604189e-01 -1.009633932877845031e-01 8.834852736313192345e-02 -1.658164938546939915e-01 -2.282902405803402812e-01
-8.290889436374651589e-02 5.860795239171933124e-01 5.042588419620885887e-02 4.073222875380259067e-01 1.000000000000000000e+00 3.093257504447549655e-01 1.581262893251582924e-01 3.483454823486207830e-01 1.486260149062217650e-01 -7.339149055449571690e-02 -1.102886432299783337e-01 -1.087391852212932636e-01 5.441372555301503960e-02 1.555867892089822513e-02 -9.356864630269035032e-02 2.221295983542199981e-01 1.422483957804409303e-02 1.999561031098918695e-01 7.865116646479834717e-02 -4.805513784478356726e-02 5.450269589215937793e-02 -5.125068873720386997e-02 6.154105324326536973e-03 -6.895908219298829689e-02 -1.748502983030277014e-01 -1.030141484621132086e-01 -4.411775870310691988e-02 -1.213178904023882870e-01 -6.943808023841902509e-03 -1.559269472728605221e-01 5.143024406831639417e-02 1.366455421172640960e-01 1.726787472152083447e-01 1.319166778844814147e-01 -5.600139299566648382e-02 1.387256368744582968e-01 -1.702552520854893336e-01 6.719613517245430490e-02 -1.273062805535761163e-02 -2.932804088901764042e-02 -1.074053701770092371e-02 -1.247655936569751350e-01 -1.915683695912368534e-01 -1.100262507109687204e-01 -2.460761872998146887e-02 -1.547521209257592956e-01 -1.261389175506747451e-01 -3.337495538583541005e-02 4.209819246519521524e-02 -1.189840950027124811e-01 1.492601401505247449e-01 2.763250244630281460e-01 2.014753082722428590e-01 4.911124760488356777e-01 4.863908052622149536e-01 8.662039901419976706e-02 3.256983053942793527e-01 2.463966906501638965e-01 -8.114461504137857051e-02 -1.176779453251582813e-01 -1.100404314149053681e-01 8.400119879420614444e-02 -1.398796802920193316e-01 -5.866280506531574429e-02 6.068304738723222236e-02 -5.957559719366772172e-02 1.560688670316822844e-03 3.032483887313190338e-02 5.549161996515915990e-02 1.159462194789997597e-01 -2.564853139458778131e-02 -9.638762516532478619e-02 -1.254133957569257898e-02 -5.276713999936216704e-02 -5.540393951965426333e-02 -1.382559030176513937e-01 -3.726480164667629602e-02 -9.850643108514234303e-02 3.436481504410621862e-02 1.582020903682657131e-01 -6.978886738377744481e-02 -1.561367902052721857e-01 -1.028159003629185719e-01 -9.039128424904598058e-02 -1.168361951631427254e-01 -1.844352865834979205e-01 -8.737761351908647500e-02 -9.316871721324790356e-02 -3.793725961567511601e-02 -1.675397027773081193e-01 8.642924555984370094e-02 -2.369207434037019777e-01 -1.131543745502183312e-01 -1.232031832778217838e-02 -1.453613557912358523e-01 -1.512734157927251577e-01 -2.114283926158405102e-01 -1.480438610670006816e-01 7.028158790189695249e-02 -1.599031936036878765e-01
2.408934228048470738e-01 1.593138914439444498e-01 6.231994332053678587e-01 -1.792168156702575454e-01 3.093257504447549655e-01 1.000000000000000000e+00 5.460506347688384166e-01 4.950995461358403404e-01 4.715297476646970742e-01 5.990558744776369737e-02 2.689993693984471523e-01 2.805129112582960826e-01 9.891376679045715825e-02 -6.439260945307287778e-03 -1.584502274033615654e-01 -9.863207729903579468e-02 6.358508453218007783e-02 6.912083246389474911e-02 2.415442021228816905e-02 -2.193065252437523954e-02 -1.786223257849327978e-02 -5.866837733856340720e-02 -8.922792944395389891e-02 1.697410175469590832e-01 3.047963954894853389e-01 3.900840279083788720e-01 1.013107687641832955e-02 -3.673490128290215345e-02 4.717196537373787024e-02 -2.579156248726563461e-01 -2.482805620044265249e-01 -2.633069184282520458e-01 -3.503389960738835240e-01 -1.135213367117003311e-02 -1.788152004330197456e-02 1.152334757218044514e-01 -1.745327044167003031e-02 -1.350314613143915321e-01 -1.108710149249805543e-01 3.728717889860295731e-01 6.641274824787926634e-02 7.084151793701425059e-02 2.737648644608817183e-01 4.238071353573386740e-02 -2.600986636244044005e-03 -2.542345713100571669e-01 -2.899461159544620692e-01 -1.379545000220864515e-01 7.096273641571997359e-01 -2.062425540230857987e-03 -1.111870513941543293e-01 4.169460789199610495e-01 4.954188375902501135e-02 -8.581125300112857346e-02 7.482400650859092339e-01 7.939460007979106670e-01 4.582231342603176327e-01 4.678200544100959424e-01 8.983581250342262403e-02 2.555934744962639615e-01 1.789055325239643779e-01 1.038414080422006419e-01 -1.023591035970758262e-01 7.856101462107878408e-02 1.433788053601998437e-02 -1.538296289939690975e-01 2.519095936527880331e-01 4.190673244555261773e-02 3.915932975112002001e-02 6.056615420149570085e-03 -4.471794961725604478e-02 3.559125266616441213e-02 -7.962944669863913916e-03 2.413912466006581659e-01 3.930996186086888750e-02 3.376252837328286294e-01 9.229977963483215753e-02 -1.713999206623524618e-01 -2.672152343044943978e-01 -2.865844225870879391e-01 -5.753813440872219791e-03 -4.166293354497289242e-02 1.381364444960195281e-01 1.128501967619790908e-01 -2.919920021173084621e-02 -2.072696924987926792e-01 4.998555920462086771e-02 -6.366707990043707355e-02 6.939260143277701815e-04 8.494811277362401825e-02 -3.639535765190425876e-01 2.036867712293004284e-01 6.507428143376413343e-02 1.152522782894995212e-01 2.370181902585772882e-01 2.215102510411870104e-02 -1.910192362273025468e-01 -1.908310729269374340e-01 5.920051262764766120e-01 2.469473125824905510e-02
8.980956887584715109e-02 4.184925473251595307e-02 4.316310338808749814e-01 -2.031136320269496531e-01 1.581262893251582924e-01 5.460506347688384166e-01 1.000000000000000000e+00 6.203503555310386774e-01 4.177946141985411366e-01 2.544776404101574130e-01 1.986335855379103288e-01 2.551685038290376073e-01 8.720250825573777620e-02 -1.892585968286355225e-01 -2.691524923495524080e-01 -3.206913073572056905e-02 7.483050894835158867e-03 -1.395436308700303413e-02 -4.828279778600409744e-02 -4.450142069710780190e-02 -1.202242315627686520e-01 8.015252659629440446e-02 -1.971949714370564710e-01 2.715811135573248936e-01 1.317557670964777106e-01 2.834585008167724851e-01 1.105560116225980626e-02 -4.674660351043952861e-02 -4.509387992646493593e-02 -3.160796366526302803e-01 -2.436151146058706252e-01 -4.035069484110521132e-01 -4.754886643636896948e-01 -1.245603135469836899e-02 2.153442779334900081e-01 5.662894636604944021e-03 1.808378639113967026e-02 -3.498644819441672910e-02 8.536197618426581701e-02 7.467176814881162361e-01 2.679402360578874154e-01 1.300365224461832725e-01 4.867524773803107441e-01 2.745064120835645216e-01 2.156070358611744120e-01 -1.514054244566510332e-01 -2.750129302442460566e-01 -1.878942680911391272e-01 5.523819497747307627e-01 1.746851498182626361e-02 -2.427704512232077838e-01 2.896431550709691050e-01 1.289040061077724175e-01 -1.549953661682220429e-01 5.282150923309258950e-01 5.850383223949963130e-01 6.462143839868330630e-01 3.444855513611429498e-01 3.303141799600836093e-01 2.359227285524807260e-01 1.110705003329923168e-01 2.884665117502377071e-02 -1.728832048935063925e-01 -1.067392356639459416e-01 -1.295235781509035677e-01 -2.647041034850390329e-01 6.435535149081678119e-01 -5.514341936375385250e-02 -7.071022751538759421e-02 -1.212984039868369446e-01 -1.511278908681491229e-01 4.389800649925217763e-02 -1.660616042636801348e-01 5.497649616443701648e-01 3.772401166917353083e-02 1.641328043701014150e-01 -3.302606789765488715e-02 -2.751914174390691081e-01 -2.489079157970312539e-01 -3.799321147490962169e-01 -1.535985799401734520e-01 -5.929639520697991412e-02 3.525523719898583930e-01 2.356921370047470321e-01 -1.231619575494720398e-01 -2.300964855397281683e-01 1.000796245015902197e-01 -3.399345145654888295e-02 -9.654120069520928660e-02 2.058340847981293409e-01 -3.782209872921939442e-01 2.527196266877488884e-01 1.892384831065516693e-01 9.568825537406154547e-02 3.706704438828068993e-01 2.908262025254301220e-01 -1.066904211191167379e-01 -1.886011132774343124e-01 3.649766854359607904e-01 1.043211842382931326e-01
-4.964016514027699833e-02 1.746289619567211737e-01 3.080932038991266997e-01 -2.067320619484436239e-01 3.483454823486207830e-01 4.950995461358403404e-01 6.203503555310386774e-01 1.000000000000000000e+00 7.061693659391616862e-01 9.572781464344573554e-02 2.556954751264344794e-01 2.922091965997120067e-01 2.155417820156649011e-01 -1.121693790017136427e-01 -2.296200437727268229e-01 -1.374395309542205956e-01 1.823600399812809747e-01 3.525359091257278532e-01 1.293450200289734398e-01 4.513203791095016931e-02 -3.012822176343560310e-02 1.707237954341024322e-01 -9.916174469517852197e-02 3.295621113249477263e-01 -1.748969333320844477e-01 2.459658277557625616e-01 1.204678674876941136e-01 8.974495477480473604e-02 9.353976512827834322e-02 -2.435304116369807204e-01 -2.989356066611058571e-01 -4.004619576274164872e-01 -4.371893438978757263e-01 1.791543453418961707e-01 3.343911091355158405e-01 2.974279327533045358e-01 1.066467793635116484e-01 -2.918015391104151757e-01 -1.234319766051123479e-01 4.189650088098009761e-01 3.735176025353364460e-01 -5.470205913948608667e-02 3.326074368121413327e-01 2.271415415190009834e-01 2.394787152536141384e-01 -7.144832786965095439e-02 -2.402988710176999498e-01 -5.311479932219059091e-02 4.616665974687291785e-01 1.149338809357007968e-01 -3.762889290545925469e-01 1.924642073536622644e-01 -4.392238478436712168e-02 -1.601996271071431943e-01 6.239500518032579102e-01 5.426743380278005180e-01 7.890743860536566512e-01 7.464048368008932011e-01 2.767224408024344662e-01 2.239936798190775291e-01 1.889980265822840400e-01 1.211361775577610295e-01 -8.523456281104929699e-02 1.729232261629728984e-02 -2.834131168706978399e-02 -2.202373848896425068e-01 4.235460143513021802e-01 1.202337927142356905e-01 1.160812719454619585e-01 1.975948020633470359e-01 -7.171425381823259837e-02 1.509432778811600484e-01 1.033074172749746666e-01 4.043008610232748379e-01 1.654993146930502645e-01 1.473999445754267112e-01 8.349473799791211348e-02 -1.665560578982670514e-01 -3.156291009584163976e-01 -3.974328494877593099e-01 -9.979274848607480597e-02 -8.030740759379378577e-03 2.912164675529977376e-01 2.940523337265195103e-01 -9.959452418688405709e-03 -1.116849764049723803e-01 2.159761694635446150e-01 1.029734588566857817e-01 4.319465129147753019e-02 1.464048421917732989e-01 -4.106205732339681669e-01 -3.432862632597598329e-02 -1.621633295964930443e-02 1.155444981403143910e-03 2.473936995773768632e-01 1.965636893117921058e-01 -5.687527341470003522e-02 -1.281376336327057219e-01 3.974034757094896397e-01 1.858352824097040112e-01
-9.073650249347352259e-02 -7.285366494307561613e-02 2.405416894444625808e-01 -4.332637347034247188e-01 1.486260149062217650e-01 4.715297476646970742e-01 4.177946141985411366e-01 7.061693659391616862e-01 1.000000000000000000e+00 1.797508014714419844e-01 3.938629322229810215e-01 3.617785739334056228e-01 2.487227470694751696e-01 -7.497687883671649844e-02 -1.968160933214971320e-01 -3.570273837745129852e-01 1.358918714138116768e-01 1.877553217875428393e-01 7.287689655639303932e-02 5.727581379744565993e-02 -1.056112755323714986e-01 2.358397197323807981e-01 -1.383409824945327493e-01 3.908577550548414381e-01 -1.783491379233551055e-01 3.436030326240616106e-01 2.565757790302052865e-01 2.337407200811837671e-01 1.316970124325426150e-01 -1.016086796698803529e-01 -3.846901046061576568e-01 -4.442973818748838788e-01 -4.789788930932479261e-01 9.675866233608093614e-02 3.929588309501310661e-01 3.903652670504951239e-01 2.469789351648462306e-01 -4.049352680689603523e-01 -1.499356318084701933e-01 3.793952202752259306e-01 3.488493234730228876e-01 -5.609095528893217122e-03 3.450032931462886920e-01 2.403012360886757903e-01 3.009464601093566061e-01 6.364150189534192002e-03 -1.900504867181939950e-01 -1.439934472880583308e-02 4.633595548843975620e-01 2.345725229412258805e-01 -4.884653485908105330e-01 -3.062826584601612695e-02 -3.050121129357301619e-01 -3.847971252776610784e-01 5.659137397656088808e-01 5.536677147383375353e-01 5.538315617201771124e-01 7.970960274557417069e-01 3.780136078079476269e-01 3.201100004426142287e-01 3.335525946703176148e-01 1.275193162224619314e-01 3.047148297797836261e-02 8.490198887287035701e-02 -8.865429185014957192e-02 -2.052371910027195878e-01 4.064968254073194065e-01 6.884656001558572824e-02 2.313189831382157780e-02 5.954389855034749462e-02 -8.825189454118884114e-02 2.577578943245804055e-01 8.272671736766652739e-02 4.912897385466410971e-01 2.285386842080658898e-01 2.543275447695006464e-01 1.413029710262446725e-01 -4.742624219721696538e-02 -3.656265606179501804e-01 -4.975097764436218206e-01 -1.234872309138146246e-01 -3.210427261513888741e-02 2.997297333341322201e-01 3.233532339581267068e-01 1.370295630586784164e-01 -2.649159540504356439e-02 3.730874242062137691e-01 2.188710735234720706e-01 1.084733959964188088e-01 2.487413216915270175e-01 -5.110550099397821455e-01 -9.176295176094827200e-02 -4.987757264462153867e-02 5.841619946225488219e-02 3.695429000948111664e-01 2.344046427088481988e-01 5.230778478685402244e-02 -8.064852940500101541e-02 4.420799762976183045e-01 3.734254806842294827e-01
-8.831015539120967706e-02 -1.430879366216835091e-01 -6.091477363997879757e-02 -1.275072884671471785e-01 -7.339149055449571690e-02 5.990558744776369737e-02 2.544776404101574130e-01 9.572781464344573554e-02 1.797508014714419844e-01 1.000000000000000000e+00 1.607528252582673678e-01 3.811445588571798493e-01 -2.079653058107363561e-01 -4.022889026868495810e-01 -3.697748552062586347e-01 -1.582355685660138955e-02 -2.155739535097399850e-01 -4.455231627314397702e-01 -2.870454790724607519e-01 -3.140403692433316185e-01 -3.422468281461517048e-01 1.462291143140125385e-02 -3.777597793589872466e-01 2.044115406910426980e-01 1.373243701082174917e-01 1.490494520828176128e-01 -1.396264044758800393e-01 -1.226162929493535558e-01 -3.186644601030865220e-01 -2.127034041826780519e-01 5.005831437599837785e-02 -1.262692490176688664e-01 -9.602910444704514104e-02 -2.914907191803416953e-01 1.319851575595907822e-01 -1.351780989643990294e-01 4.258596015994363382e-02 1.921399031506515753e-01 5.686690593094829715e-01 5.006721798124778022e-01 2.757367804371443909e-02 1.247925864188227929e-01 3.329750053940224719e-01 4.082991934898773101e-01 2.435711436151030695e-01 -2.123339104513624620e-01 -1.971564194497436862e-01 -3.519732963967606709e-01 1.310255126150236260e-01 -1.888805259253940327e-01 -2.486464736132668399e-02 -7.386609361455681935e-03 -8.882717090990137343e-02 -1.364255369441147447e-01 1.413077341737896120e-01 1.141050873653235848e-01 7.256557301083454981e-02 -1.733196628578385912e-02 7.908606878375917804e-01 4.923694892389890443e-02 4.073425171774109343e-01 -1.820936403588568897e-01 -9.769666000153180707e-02 -2.010762255176546665e-01 -3.427566912120498244e-01 -3.397141121048632972e-01 3.965715371052175309e-01 -3.274378583188579106e-01 -3.340427302189408754e-01 -4.686608380928952711e-01 -3.540996778226880859e-01 3.222053349555473178e-02 -3.954977426768036541e-01 4.938412392988839605e-01 1.352412714635351509e-01 2.800905467543350347e-01 -2.755076456452305034e-01 -2.751973116994513302e-01 1.249712931518314092e-02 -1.086768126163838721e-01 -2.149964403364390819e-01 -2.167081480619602596e-01 3.219561106192563305e-01 2.076980267020118454e-01 -3.960014348168893611e-02 -9.400959029229971620e-02 1.320232099423052918e-01 -1.071776533013235749e-01 -2.110414303123006874e-01 7.037561660578474376e-02 7.585284869426392462e-02 3.518000710329130531e-01 5.984607434371951307e-01 6.468341787366663209e-02 4.942205593251902673e-01 4.242624460557165023e-01 -2.205888532129956225e-01 -2.456981462985296794e-01 2.142809681332383809e-01 3.547461672265137672e-02
7.752463790617805661e-02 -1.449009814679446395e-01 2.804565263032736677e-01 -1.894682173780802559e-01 -1.102886432299783337e-01 2.689993693984471523e-01 1.986335855379103288e-01 2.556954751264344794e-01 3.938629322229810215e-01 1.607528252582673678e-01 1.000000000000000000e+00 5.957361329040735676e-01 3.459901472596217387e-01 -3.937424096975571108e-02 -9.741173943946401792e-02 -2.029052978032386545e-01 1.857173953844842018e-01 4.580592337666354597e-02 8.498422656220570859e-02 6.282329343336953177e-03 -8.744097363276229218e-02 1.957587214906219009e-01 -9.546247730220176753e-02 4.703281979698342163e-01 1.396455609975721379e-01 5.986976120253850731e-01 3.270359295195096050e-01 3.450743161723139885e-01 8.839550121434952556e-02 -1.201007899161214282e-01 -2.299302480331334997e-01 -1.739191058493994302e-01 -2.720569692023483976e-01 1.181425997365726649e-01 2.708742434852483560e-01 2.749021792678075227e-01 3.842674352502395974e-01 -1.439559649823799192e-01 -1.681174673939107855e-01 2.471021197785148449e-01 3.196049535006388331e-01 2.252585824369364963e-03 3.328455325547861610e-01 3.508389381262638218e-01 2.350325373495845416e-01 1.395937159678420636e-01 -8.140898351883575634e-02 -3.054787407038189045e-02 3.493336823048009965e-01 3.126655759926220690e-01 -1.974352667109628423e-01 6.429732511269951878e-02 -1.700572295959353608e-01 -1.610448462017912696e-01 1.566396455284362055e-01 3.572114225953140210e-01 1.317738816737812901e-01 3.587464923782834325e-01 3.390796649204131374e-01 8.015256643007895310e-01 5.909365381010248663e-01 2.503749537145245063e-01 4.605869678487107405e-02 -3.352636175706574795e-02 -5.645502600190158149e-02 -7.133249149479328755e-02 2.917129219121223915e-01 7.694891205695443548e-02 1.353503834371438258e-02 -5.476254483576258048e-02 -7.580369909289376429e-02 2.739909757293734205e-01 -8.966314496163120540e-03 3.606203097214710773e-01 3.261519687718678617e-01 4.592668361164707891e-01 1.415437686076104762e-01 -3.576888298702705221e-02 -3.419363766768298563e-01 -2.203095023963843047e-01 2.964132132556394211e-02 1.029836752558892787e-01 2.722879742738364417e-01 4.030342410160270838e-01 1.753713592675592292e-01 4.149547933845713910e-02 4.518649071176690790e-01 3.634741348288592078e-01 2.474196559027687370e-01 4.519252746259857512e-01 -2.284877491382273085e-01 1.396507298294114574e-01 4.124580116562576518e-03 8.006531490677188875e-03 4.226790045742078172e-01 3.294036346902095014e-01 1.942304899290744069e-01 3.840652999281870747e-03 3.528025506750804841e-01 3.605583711132815949e-01
1.818457968471871578e-01 -3.689669343494730131e-05 3.569689640921762108e-01 -1.793903114455814019e-01 -1.087391852212932636e-01 2.805129112582960826e-01 2.551685038290376073e-01 2.922091965997120067e-01 3.617785739334056228e-01 3.811445588571798493e-01 5.957361329040735676e-01 1.000000000000000000e+00 1.816384765818837010e-01 -7.427449775554112454e-02 -1.169039239473717851e-01 -1.042044983053197760e-01 1.747644776558313351e-01 5.009308641930312889e-02 8.477820482277551029e-02 2.468930219123713788e-03 -1.311507260965500375e-02 1.283536914660338979e-01 -5.530143102991642162e-02 4.080383640599009598e-01 1.381085276623074121e-01 6.434508735093501519e-01 9.243817928492767400e-02 1.175731728298381046e-01 2.817157970226390196e-02 -1.986241694050794870e-01 -2.375424421025963406e-01 -1.451049200658054983e-01 -2.399320171989685613e-01 8.529797771517139138e-02 1.991250159055308888e-01 2.082574027429158758e-01 1.552611615271490275e-01 -4.960993740635233351e-02 5.602251491570701958e-02 3.458140067174969579e-01 2.535512702881281277e-01 1.509786691495630384e-01 3.323526298603866613e-01 3.622753907052594369e-01 5.702300545468098197e-02 -2.434784986982424515e-02 -1.461483714783862187e-01 -8.247211011908320288e-02 4.201421718740410149e-01 4.757227841701045651e-02 -1.378742928597227468e-01 1.841630429906972455e-01 -9.146930393887992006e-02 -1.766169285685116885e-01 1.963835675323565011e-01 4.186307656913322850e-01 1.832904487607461275e-01 3.244294296866965799e-01 4.946761569798656666e-01 4.701091151194894402e-01 7.271654404275327277e-01 1.183308602487022770e-01 -1.397848498946234752e-01 -1.134769836698767687e-01 -3.189164666777540014e-02 -9.606120493605077582e-02 3.344846937182546776e-01 1.084907032242074174e-02 -1.061687932096043755e-03 -3.412589269702705902e-02 -4.056778488076714928e-02 1.563742725635443032e-01 3.312957690960673801e-02 5.524426754498596992e-01 3.086847265936546458e-01 6.484317450488621404e-01 5.588771108286756661e-02 -7.700346268949986861e-02 -3.405229342128152648e-01 -1.838611819200620112e-01 -1.268345829061511831e-01 -2.349693440099249672e-02 7.679283424627686427e-02 3.275658862318923670e-01 2.199703293997506623e-02 -1.426294173750680128e-01 2.838630580164547279e-01 1.508925658381891632e-01 8.055751444184001964e-02 2.370142467535166497e-01 -2.190116418980106172e-01 1.746434916999755060e-01 2.739624746116202658e-01 7.096078579869030678e-02 5.134155431781827206e-01 2.487793965843738686e-01 6.522718017621637922e-03 -3.293398303250467257e-02 4.795794248841308560e-01 1.532819452730608545e-01
-2.018770749449800284e-01 -5.497580125347951985e-02 4.098218426574663786e-02 2.687385874770739647e-02 5.441372555301503960e-02 9.891376679045715825e-02 8.720250825573777620e-02 2.155417820156649011e-01 2.487227470694751696e-01 -2.079653058107363561e-01 3.459901472596217387e-01 1.816384765818837010e-01 1.000000000000000000e+00 4.282152037437312320e-01 2.887455891497432980e-01 -9.882081485417053279e-02 6.651679885423072980e-01 5.134051045460089613e-01 5.653985175915621220e-01 3.751334717273789865e-01 3.745686179932996573e-01 5.476641412189194869e-01 3.128646554045081407e-01 4.984199714990554808e-01 -4.253704018529474995e-02 2.171602965455904366e-01 5.247689637745471813e-01 3.380778546650385352e-01 5.297298478911578457e-01 1.362577581446294817e-01 -1.665883562156013631e-01 -5.405548064820940579e-02 -9.063295723706933649e-02 6.118364683588638497e-01 4.658492649082980330e-01 3.019255035582148472e-01 3.194477384573977674e-01 -8.382538386362854699e-02 -1.422057278455621521e-01 4.343982614543034915e-02 4.752252879543039654e-01 -7.980002653406742530e-02 1.175022218819817138e-01 8.365580554825254034e-02 1.902352663159169177e-01 3.853506006308385357e-01 1.582321087488184619e-01 3.465658056469189674e-01 5.349360665812227106e-02 4.876256380355598052e-01 -2.067147971237903448e-01 -1.134671174701858271e-01 -6.731214188360838679e-02 -2.165269934402332119e-02 5.065670779707188986e-02 1.136051879979549095e-01 2.062559573927102985e-01 2.940497870015455484e-01 -7.530336565964276807e-02 3.900097902814321782e-01 1.625677654090073865e-01 7.843486295143741183e-01 2.064630817571423138e-01 2.227859730169602925e-01 4.103248249197641861e-01 3.335782524906990565e-01 5.137354232105953433e-02 5.951261281183576335e-01 5.143241601506240990e-01 4.820065011473719796e-01 3.827054649134881137e-01 4.621839420706921331e-01 3.930026467626643871e-01 1.039576071541994384e-01 3.549846551761605129e-01 7.978724630372045767e-02 4.901528842179587175e-01 2.724746190740617302e-01 -2.881921975913139811e-01 -6.228668061892818353e-02 2.314199568195778600e-01 3.090065633252640498e-01 -4.644201055740409395e-03 3.528538851782064278e-01 1.862077949447560055e-01 5.256034482443123351e-02 2.740161437400920330e-01 3.837882957990512156e-01 3.614765814002648403e-01 3.156831269180783162e-01 -2.267512112467412189e-01 -1.057852874140343541e-01 -1.528600358455589614e-01 -4.105642220047314717e-02 -1.421910989920920423e-02 9.998283586470142759e-02 3.062408080547374123e-01 2.883688862220344373e-01 -1.243658244112647374e-02 4.026900265653263200e-01
-1.105613784079887696e-01 -1.146899041132606704e-02 -9.646570771659902788e-02 1.932129825720888816e-01 1.555867892089822513e-02 -6.439260945307287778e-03 -1.892585968286355225e-01 -1.121693790017136427e-01 -7.497687883671649844e-02 -4.022889026868495810e-01 -3.937424096975571108e-02 -7.427449775554112454e-02 4.282152037437312320e-01 1.000000000000000000e+00 7.924084667427544471e-01 -1.011735061540137010e-01 4.203223576203300449e-01 5.454616906654610187e-01 6.110353974533224708e-01 6.274234454343231571e-01 7.224228246576857027e-01 2.145568879078939284e-01 7.331016541710163592e-01 1.053058276318668135e-01 -6.567133367318511716e-02 -8.599853890707989668e-02 3.233710890420293249e-01 1.115237926178476863e-01 6.127172987868919618e-01 3.921233244757714176e-01 1.298778772183766493e-02 1.908400924269761378e-01 2.311837580323100327e-01 4.458807533303038029e-01 4.177535814240401768e-02 2.142126785054311588e-01 4.539938618340745580e-02 -5.778963851156808385e-02 -1.750899840603406532e-01 -2.839278098745065537e-01 6.543321178279790096e-02 -1.634660680844602920e-01 -2.516086938429889508e-01 -2.021595054536218239e-01 -1.270356522294167623e-01 4.326683180875303680e-01 4.370563503274377815e-01 5.203000827293716712e-01 -8.601895052802871477e-02 1.645477060739274910e-01 3.617869501223090062e-02 -1.363171274923992149e-01 -2.666579468895468458e-02 1.619865177745190288e-01 -1.488767999897192829e-01 -7.675634075565518355e-02 -8.843231653309076290e-02 3.437402684178963996e-02 -3.559972977424141760e-01 5.074989020970475939e-02 -7.962287228345615864e-02 4.507983774296751012e-01 2.377111746854458640e-01 3.270597499782348372e-01 7.455826725798340160e-01 7.703460636289876096e-01 -3.050143131235479865e-01 5.740340446493934490e-01 5.587494530448785524e-01 6.057976610689199681e-01 7.489058951540901177e-01 2.236578916312829679e-01 6.191706087618347176e-01 -2.185912757592333444e-01 1.503519040915579918e-01 -1.535038559858489249e-01 5.616894191820575033e-01 6.002017529470976553e-01 -9.513453323454919286e-02 2.047725354342506965e-01 3.464343730784074649e-01 3.581795360370866321e-01 -2.881452286739838997e-01 6.912926271191750793e-02 2.336346373589873460e-01 1.642839448086322596e-01 4.455992928363235184e-02 1.983235142149670782e-01 3.437780146112482393e-01 -2.180751630739531655e-02 -7.415078712896708973e-03 -2.532213898053221612e-01 -2.169310225968454908e-01 -6.071498466439040342e-02 -3.119950859027503798e-01 -2.481691132344367168e-01 3.321977967918151031e-01 5.397367046259509138e-01 -1.198284649856718870e-01 -3.335100869110863703e-02
-7.663627775603704118e-02 -1.632760683871742682e-02 -1.569859576243263499e-01 2.592519507784813437e-01 -9.356864630269035032e-02 -1.584502274033615654e-01 -2.691524923495524080e-01 -2.296200437727268229e-01 -1.968160933214971320e-01 -3.697748552062586347e-01 -9.741173943946401792e-02 -1.169039239473717851e-01 2.887455891497432980e-01 7.924084667427544471e-01 1.000000000000000000e+00 -1.113268838556707441e-01 2.778710925430399881e-01 4.636805691518089412e-01 4.080174630275729131e-01 7.013312028836737877e-01 8.049252732457373716e-01 9.668611742601632142e-02 8.009430159760286827e-01 3.831513466891399433e-02 -5.331757559827324244e-02 -1.603381582397614968e-01 2.783161111770386942e-01 1.137664722561049085e-01 6.118054316865648712e-01 5.073609207465886728e-01 5.695004507947185046e-02 2.634725339757815199e-01 2.990311534283704997e-01 3.437048401174310763e-01 -3.648582718991978408e-03 1.870596364854041904e-01 3.521184694471819060e-02 1.751352188405171442e-02 -1.315158705119769678e-01 -3.374966186960529635e-01 1.766523637554619913e-02 -1.385899623826531424e-01 -3.055347729661864187e-01 -1.538748109239288786e-01 -1.809204956444602497e-01 4.598191633979974435e-01 4.248800078201714348e-01 5.430667486900874197e-01 -1.538004916934257726e-01 1.527364903202870772e-01 7.577405965525174647e-02 -1.821925233493733309e-01 -3.230023035842008450e-02 1.783743991119950967e-01 -3.179130606481551657e-01 -1.809548531172406050e-01 -1.855693183007389446e-01 -7.836406288890654381e-02 -3.327297081355386488e-01 3.190159208902287966e-03 -6.222309798669275333e-02 2.916393116029727395e-01 7.281812135258887431e-02 1.262958711497008113e-01 7.329693142507047732e-01 8.940432851030530870e-01 -3.050773305081269093e-01 3.974482059957148428e-01 4.659662287612056364e-01 5.544104529023263783e-01 8.508901525587884151e-01 1.152782543597706821e-01 5.700231335487659923e-01 -2.578128454551977811e-01 1.291116921515821359e-01 -1.292390335459023543e-01 5.374018463185212813e-01 7.093202212067978296e-01 -3.651901911571687337e-02 2.819159245919919954e-01 3.018437844418012661e-01 3.700939291761315975e-01 -3.346537046749007982e-01 4.408786418285749742e-02 2.028883749369694012e-01 5.479683985046981953e-02 3.521183124232871858e-02 2.032884948170914363e-01 3.568807378746695624e-01 5.951926945057839022e-03 8.533010403412773226e-02 -2.328038504373751150e-01 -1.523145576767189202e-01 -4.173029074689497270e-02 -3.324934417949633736e-01 -2.480280900464768845e-01 4.257930558426112899e-01 6.620554474581320514e-01 -1.166141068158846883e-01 -2.245825359302262500e-02
