1.000000000000000000e+00 2.690611639486947260e-01 3.432327042913153048e-01 6.276404388034889648e-02 1.635654098326843331e-01 5.252525804702941059e-01 2.992659554770389363e-01 4.179462778951127389e-01 4.304818848835322287e-01 8.601251524394303016e-02 1.811335076415692968e-01 2.446707860774888776e-01 -1.530139947502860975e-01 -9.004846530647153680e-02 -2.123577380594338648e-01 4.448875002124011435e-01 -2.610480916256066944e-02 1.352214841082487462e-01 -1.377751751543883352e-01 -1.963169904981961963e-02 -5.565475696015300539e-02 -1.151110953446717877e-01 -1.857934862057569053e-02 1.750097581093035815e-01 -1.983957258182863226e-01 1.985129416243232303e-01 -5.564957736674031735e-02 -1.068567781073898187e-01 -2.717990565976075579e-01 -2.124451336009678393e-01 -1.378130071291504000e-01 3.269630094699827461e-01 5.680154399469553028e-02 -4.952466199999139979e-02 -1.821416464340666966e-02 2.432334611585220130e-01 -1.842939703700789134e-01 1.131224422563247983e-01 1.154394648366565967e-01 1.607760564314936191e-01 -9.127694624551514757e-02 -3.975488322325965163e-02 7.849151685703872894e-02 -2.946188402220174807e-02 -4.519854166852426552e-02 -5.582448783151257310e-02 -5.837225269853998227e-03 -9.936584602047696460e-03 5.556507450539081017e-01 -8.880734584967141243e-02 3.966846788694572967e-01 2.158210355509887768e-01 3.845861746410542820e-02 -2.231807139212913481e-03 1.671788590225844751e-01 6.101027017064104552e-01 1.852548327350815593e-01 3.372490797567906373e-01 5.225873555605805576e-01 5.728385161032109041e-01 5.009885783643305279e-01 -1.886687564443297604e-01 -1.938495091854868790e-01 -1.483809498568508245e-01 -1.149209434790990081e-01 -1.306477496068652322e-01 3.086847931352666441e-01 -1.022245564142571367e-01 -3.061610667920725871e-03 1.147054804737590028e-01 -3.006726122967892743e-03 -5.691427175967063434e-02 4.612395719335090488e-02 3.620467349355294129e-01 2.063669390021495575e-01 4.984697324875015934e-01 -3.376316862920459433e-02 1.042758413128924699e-02 4.200497939979911527e-02 2.435876898542775337e-01 -7.319726530201667303e-02 1.019022130694531916e-02 -4.864997426307735018e-02 -8.581937069023712339e-02 -6.806833777450141398e-02 -1.482978093681014409e-01 1.183947553803679428e-02 -5.418180634305697768e-02 1.931640566003531567e-01 9.465041143979624483e-02 -1.822206717684480767e-02 5.014206931932716493e-01 2.692451621976333920e-01 -3.661437426315647947e-01 2.960026545494919836e-01 -2.260057352372325801e-01 -2.970441195998757555e-02 2.431714299450424711e-03 6.191324013253465264e-01 7.994131183640994232e-02
2.690611639486947260e-01 1.000000000000000000e+00 3.064271035104221830e-01 4.717338719630363442e-01 5.814242899638568662e-01 3.821790314896315044e-01 2.652713226798417145e-01 4.642715652217265787e-01 2.763844874786052230e-01 -2.783315318529949733e-01 -2.286748741759699610e-01 2.463626649612890834e-03 -2.101707928419229154e-01 -1.617521643139409604e-01 -3.004049522791727433e-01 6.183371178425586256e-01 -2.143221117021963107e-01 1.973724338646730692e-01 -1.835818551462179982e-01 -5.797189621074946148e-02 -2.641589529454595464e-01 -2.244503764992275274e-01 -1.971205034196891748e-01 -8.751427088765696694e-02 -3.432371772381563324e-01 -1.434360543492580464e-01 -2.161261158123010395e-01 -2.809429503791376348e-01 -2.722210390620605769e-01 -2.764774630008390854e-01 -1.737893825969590855e-01 -6.111828572302579338e-02 1.006966981771098835e-01 -1.198520077966540170e-01 -2.036630183363095092e-01 1.229651735071389668e-01 -2.157890619785922670e-01 5.653847393258022713e-02 -4.275208568261969211e-02 2.274459298273066171e-02 -3.388869797941262280e-02 7.984765253853090550e-02 -1.750132075004802723e-01 -1.095395158345065373e-01 -1.770874600677471156e-01 -2.447957232944293904e-01 -2.282267432782708327e-01 -1.778817593675439679e-01 2.260456458584618744e-01 1.112725832358646139e-01 4.842281632136025693e-01 6.566029991856544568e-01 2.828576222639038185e-01 3.042215457677062695e-01 5.592808554967931833e-01 2.933226060939859714e-01 4.469068018410304877e-01 3.271849390191619023e-01 1.633161024625530769e-02 1.277535199760662099e-01 7.962072793318339392e-02 -1.542790615515986508e-01 -2.252732352483526601e-01 -2.424498501138888096e-01 -2.419329325793563856e-01 -2.877651404815912417e-01 2.281909993096203348e-01 -2.877823325254065812e-01 -1.379773985618796550e-01 2.833842874545418056e-01 -2.373894620435046399e-01 -2.045032602737910654e-01 -2.359925867529018007e-01 9.624088101621430802e-02 -4.566898404648601917e-02 -4.399404091588806492e-02 -2.484818787468109358e-01 -3.330358798257548880e-01 -9.290559275761710312e-02 -1.940549336455452004e-03 -3.008507336396343268e-01 1.233101513395326587e-01 -2.825184437596552356e-01 -2.297996424451012043e-01 -2.339848608192422186e-01 -2.839270788874238005e-01 -1.336978575187254825e-01 -3.171018790846450441e-01 1.772017031356178662e-01 2.168127504634080049e-01 9.083040034796519002e-02 1.449158783114522231e-01 2.921249022341095292e-01 -2.519188328074379868e-01 -3.672375176070927921e-02 -2.072848649725324566e-01 -2.026057280793308601e-01 -1.960270218555273669e-01 3.004911422009771127e-01 1.377239209423923028e-01
3.432327042913153048e-01 3.064271035104221830e-01 1.000000000000000000e+00 7.480931256758964476e-02 1.106035193779651982e-01 4.753076546173775063e-01 1.620525343177474653e-01 3.920192636008053011e-01 4.393383303247267446e-01 6.270918450089012393e-03 -5.354418939089023582e-02 8.215071509881329004e-02 -6.303097482377526505e-03 6.406403497572168981e-02 -7.850738974942705894e-03 2.599265160463996027e-01 1.254769475703087500e-01 6.648181710586879845e-02 -3.357491646863289964e-02 -5.999417163983231799e-02 -2.614309007182353747e-02 -9.473155539087192017e-03 1.234663618172675559e-01 1.966989024254549023e-01 -2.819021361430862002e-02 -1.002668777480061058e-01 8.767236618729926101e-02 2.741519512066660155e-02 -2.151536474430385537e-01 6.480187819211964684e-02 6.048743110865791028e-02 1.069320854446607037e-02 3.737092448143885387e-02 -6.704600765608184632e-02 5.772791630465690799e-02 2.215431251695747783e-01 -3.267770457280620433e-01 1.036492033977371025e-01 -6.846257771319230745e-02 1.248503708128525791e-01 -4.247770401767721193e-02 8.009239940447202000e-02 -1.828008985444424042e-02 2.280983380494791372e-03 3.746582906537512803e-02 3.422096476364674261e-02 5.620468228205065253e-02 1.127262883773308411e-01 3.857841234812492415e-01 7.056791687169669883e-03 3.712555688972612455e-01 2.675451220449334699e-01 2.080441874459746515e-02 9.601482514804915436e-03 2.187896284804020930e-01 6.071551523772253933e-01 2.409300835817950459e-01 4.413519890289713810e-01 3.901041699103189458e-02 1.492553860325585013e-01 3.012630077878928891e-01 -1.745514416788726819e-01 -1.087323818049466262e-01 -1.353281248923174709e-02 7.931298818078309776e-03 -1.178162457093748401e-02 1.415136665887142542e-01 -5.820917078577841214e-02 1.386906496914204262e-03 1.099724800728327512e-01 1.858111431075321757e-02 -5.710153885495042325e-02 1.139120312816111202e-01 1.149648044737588137e-01 1.773817837119488761e-02 1.753198336593901063e-01 2.693316398839675115e-03 1.137335956899408612e-01 5.106386288007224925e-03 8.334739217948791690e-02 2.125381714593805108e-03 -4.633929541437070004e-02 -3.630176604676790125e-02 -1.255867242168158537e-01 6.454362681140220215e-02 -9.661100313446759069e-02 -1.242302650108426526e-01 -6.455761601599883936e-02 2.494694683299543414e-01 1.355533935761447928e-01 -8.354829938082136698e-02 -2.178277602827273160e-02 1.169903907728995184e-02 6.366704021923595691e-02 1.466045390714741103e-01 -1.740868729151907324e-01 1.667510583994146270e-02 7.011608314961685628e-02 3.773534634324115511e-01 8.656918091610776855e-02
6.276404388034889648e-02 4.717338719630363442e-01 7.480931256758964476e-02 1.000000000000000000e+00 7.843152927000699437e-01 2.951949539981953419e-01 2.810910070076789724e-01 2.620420637906356043e-01 6.562316779096441510e-02 -1.717264136692759902e-01 -2.176857009181942526e-01 9.940239661857116441e-04 -3.731096231484090642e-01 -2.170125201931805484e-02 -1.810476914092499362e-02 2.460646692202032582e-01 -2.213907096366134197e-01 2.660152065774467056e-01 -1.316775056601747658e-02 3.890640063415082284e-02 -4.673293153447939663e-02 -4.171792661808070291e-01 -6.027675184204993319e-02 -1.607413995354344260e-01 -2.225826308433117851e-01 -1.283122968546787090e-01 -3.538553431956364403e-01 -2.529675811985257483e-01 -1.626267520786851550e-01 -1.027736962248298330e-01 -2.314413652647731856e-01 2.522745220322715753e-01 4.313947211878932375e-01 9.908602483501444125e-02 -2.372684952204892617e-01 -7.233730562258743058e-02 -7.927821789939756836e-02 3.135404234165039550e-01 1.880343090503519554e-01 -2.046678988023271639e-01 4.465572343034718804e-03 -8.503562896105813784e-02 -6.793370418243208086e-02 -2.401539981656097555e-01 -2.955680236543070660e-01 -2.623771394741253316e-01 -1.749581004960191200e-01 -1.914138992545442175e-01 1.261401478200598891e-01 2.196129826820782394e-01 3.120852978908517095e-01 5.199487192840815952e-01 7.430872163169457423e-01 7.968956723975059164e-01 4.538633128057459887e-01 1.017888280755280678e-01 6.256722454210981166e-01 1.271011033136308921e-01 -3.848334557121319000e-02 1.708502813328469094e-01 1.367032953056521727e-01 -4.495836853601641869e-01 -2.709892790972411869e-01 -3.080692119589100719e-01 -5.398723249463711210e-02 -1.677329166321938902e-01 3.794533566442583328e-01 -3.360317745666433487e-01 -1.594287034076714848e-01 4.326623015475026257e-01 -5.417323872257367307e-02 -4.782159169715729519e-01 -1.972721901909057773e-01 -2.203944471181695872e-03 -2.797080357670145290e-01 3.095860084726308886e-02 -2.122104522393185866e-01 -3.969905400499910142e-01 -1.392106258270284225e-01 4.419601329960070046e-01 -3.322642848905094648e-01 1.375901634529115569e-01 -4.291681527928820072e-01 -5.765289511926414701e-01 -4.731842945111707777e-01 -2.941079051179396608e-01 -4.320842332753787457e-02 -5.509449274210437286e-01 1.843692014349364583e-01 1.508804756082647580e-01 3.687948014406379760e-01 5.104075365890053256e-02 1.830640784881361893e-01 2.046583099886460297e-02 2.227122730475868118e-01 -4.277362369228920880e-01 -3.447458233532736949e-01 -3.748166663154585132e-01 2.142480398431588495e-01 3.407594866330930228e-01
1.635654098326843331e-01 5.814242899638568662e-01 1.106035193779651982e-01 7.843152927000699437e-01 1.000000000000000000e+00 3.778036876605885275e-01 2.410938089954832442e-01 3.610082308039221921e-01 2.796947420536039508e-01 -1.341279376068656159e-01 -9.463387047614754688e-02 9.481261355457543116e-02 -3.573809412944605191e-01 -5.095742645552427813e-02 -9.619888004224121103e-02 3.030073029163247722e-01 -2.170603541706287165e-01 2.739707484933920356e-01 -3.745128901802931287e-02 7.555669903138315102e-02 -1.001489652279220072e-01 -4.250388501905408289e-01 -1.218229903212171145e-01 -1.237007358721827766e-01 -2.633623947701353440e-01 -4.389929506000225974e-03 -3.297844838037763959e-01 -2.386568039234687466e-01 -2.019064086411712644e-01 -1.897141546010231439e-01 -2.844079307665197121e-01 2.246087874603791834e-01 2.966748987207842303e-01 -7.846557483229151669e-03 -2.650696962989885219e-01 5.346699992595210088e-02 -8.054106918860735875e-02 1.806064635015895981e-01 1.645362229556084632e-01 -1.919285179548503306e-01 -7.017786500539299754e-02 -1.145126334227252324e-01 -1.079251187667253226e-01 -2.022138281075935851e-01 -2.631652810150107991e-01 -2.531266043562360180e-01 -2.165538718958542885e-01 -1.784077230157342098e-01 2.539797352338800662e-01 1.118745595278492766e-01 3.393997708921070999e-01 5.486712616417747101e-01 6.463109971712635016e-01 7.043469624301811338e-01 5.621653667090976692e-01 2.113604775267063363e-01 6.012357723415880928e-01 3.122226656097616404e-01 1.090586850494049131e-01 2.378331545987404649e-01 2.242246667271993732e-01 -3.636707982440718911e-01 -2.342077544580905835e-01 -2.584027441018872939e-01 -8.442204489956667279e-02 -1.802509513923880036e-01 3.945524576766953895e-01 -2.885588735763135460e-01 -8.648269065828916025e-02 4.144817522529964937e-01 -6.779926502507818697e-02 -3.992852404797247456e-01 -1.617176178961130528e-01 2.814993870627419820e-02 -1.468341388895579858e-01 1.357741640373922587e-01 -1.411094467117320894e-01 -3.552978192789684186e-01 -1.462071591823367878e-01 2.943591291241099972e-01 -2.521631331058374337e-01 2.063456717170082944e-01 -3.758388813863171030e-01 -5.012531879212643871e-01 -4.006585353092432800e-01 -2.925601436474759565e-01 -1.686098258584057749e-02 -4.547250196710324044e-01 2.313240880244924191e-01 1.736690833152082503e-01 2.889945371500092230e-01 1.100970953568784771e-01 1.971662906413756411e-01 -1.236128543882134001e-01 2.235385689653905938e-01 -3.645432655237313968e-01 -2.888300865164385445e-01 -3.201549811990986871e-01 3.249242443788828427e-01 2.691622449755690649e-01
5.252525804702941059e-01 3.821790314896315044e-01 4.753076546173775063e-01 2.951949539981953419e-01 3.778036876605885275e-01 1.000000000000000000e+00 4.684240963618059861e-01 6.960763872319385426e-01 6.789088749856523330e-01 1.899486748453796392e-01 1.070252958862132620e-01 2.283253818915940980e-01 -3.230340152054553826e-01 -2.698294756234630998e-01 -3.952853955288448407e-01 4.497052599268580586e-01 -1.606128166366186660e-01 1.115553585716126950e-01 -1.971671087767088992e-01 1.134049731429192381e-01 -2.447023534347615714e-01 -3.523287123345471561e-01 -2.573305761430591532e-01 1.565655166018279157e-02 -6.251500763282173689e-02 1.889075010437945845e-01 -2.912089811058314326e-01 -1.916922647232229826e-01 -2.233968898865810737e-01 -3.641947327002769130e-01 -2.515816438179724890e-01 3.318866620711587445e-01 2.785899489996528922e-01 -7.551355767995558688e-02 -2.304056818374774496e-01 3.409812805518045997e-01 -1.180665756314186327e-01 2.836255503917785581e-01 2.097918890902622235e-01 7.156775416473366846e-02 -6.417410171839502131e-02 2.758622386372128373e-03 -1.577431441708811513e-02 -6.836717869323609420e-02 -1.811038291013479518e-01 -2.871216381443977284e-01 -2.809386552826669825e-01 -2.281044838890568527e-01 5.511861455566798851e-01 1.368247520737253253e-01 4.002064930027250389e-01 4.740686291456999713e-01 2.138233474007137647e-01 1.161172595243045030e-01 5.591468077987995500e-01 7.837442557501701490e-01 3.187923394770635910e-01 6.537176342305814902e-01 3.929517640732098083e-01 3.618161067226383643e-01 3.527134791422493199e-01 -1.864238824958741048e-01 -2.832435975209228185e-01 -3.020052663245639257e-01 -2.481895777386744495e-01 -3.824242691557373508e-01 4.420092886799638077e-01 -4.212290143550575378e-02 -3.157240754324908832e-02 2.503650960283043125e-01 -1.154106397772259873e-01 -8.721403483519368782e-02 -1.642997407080142025e-01 2.246826868317730042e-01 2.320182388871112056e-01 4.255974778980892714e-01 -1.373226252861958242e-02 -2.091417270240037429e-01 3.741981854702732674e-02 2.021989064593090191e-01 -6.822920214708613762e-02 1.768143385629970255e-01 -2.240143149013875401e-01 -2.374435190985246802e-01 -3.005036374203561844e-01 -3.923264908119889482e-01 1.154133691915705182e-02 -2.280996173735314603e-01 3.307779283945835869e-01 2.633114665604088800e-01 1.504409782494651460e-01 3.369266211785221232e-01 1.344412088302192054e-01 -2.674610460071014661e-01 2.476855974031488827e-01 -2.281756347385697214e-01 -2.831701673428537736e-01 -2.624108620494548516e-01 6.245253768729867039e-01 2.642806857620907945e-01
2.992659554770389363e-01 2.652713226798417145e-01 1.620525343177474653e-01 2.810910070076789724e-01 2.410938089954832442e-01 4.684240963618059861e-01 1.000000000000000000e+00 4.796718452333783023e-01 3.709795634907114836e-01 1.948205203835696731e-01 1.279500025065104518e-01 1.272767210724986275e-01 -1.022872665789817254e-01 -9.130874017874379689e-02 -1.797783429020044510e-01 5.145342508558442551e-01 -1.728959668753796142e-02 1.710964465159193204e-01 9.382427012905246791e-03 1.813022608528336854e-01 2.509367270191412147e-02 -1.773299358616500787e-01 -1.054111346266475846e-01 9.018263664848419348e-02 2.316334703014351348e-02 1.294079478876064837e-01 -1.861993330752412523e-01 -8.131844235739505225e-03 2.111957881735665801e-02 -1.752726354289345922e-01 -7.082904038985132766e-02 2.597902566528589863e-01 2.658832332865593284e-01 -3.400125198203452631e-02 -1.044537747589323884e-01 2.136254436236288690e-01 -1.188391706088532535e-02 2.831950115505795229e-01 1.937293016423437264e-01 3.266068128220808164e-01 7.568139686511952090e-03 1.802262997150664431e-02 2.264027020270961699e-02 1.290412385499986880e-01 -7.035761549493835254e-02 -1.129865683167942253e-01 -1.764614993447665425e-01 -1.116546428306565558e-01 2.645555784669758048e-01 5.785202162629957123e-02 2.923565950238612432e-01 2.395432457559507622e-01 2.753997113238951244e-01 8.540108009673466616e-02 3.625633439952021808e-01 3.853064754941025183e-01 2.483218582951150499e-01 2.884253319338977439e-01 2.919063701250390608e-01 2.984380414641146784e-01 2.016651233164351020e-01 -9.803943368994796903e-02 -9.483289085841732635e-02 -1.741332129001168516e-01 -3.459365251972122690e-02 -2.413898980357664092e-01 5.745358907596886944e-01 -2.559464735288074014e-02 -1.043056928490350074e-02 2.715952899919505947e-01 5.976826917336622302e-02 3.668503571129741458e-02 -4.529472315032866125e-02 3.820492808364707171e-01 1.430749600350732231e-01 2.958995975619790886e-01 -5.578036974415927045e-03 -1.554000269659134292e-01 1.194745251095988836e-01 1.069009566104096309e-01 -1.228959759482949193e-01 2.057104308518417982e-02 -1.275490553706553065e-01 -1.725862247613859923e-01 -1.588282782035813356e-01 -2.314112485384619000e-01 -1.508768101795699909e-02 -1.709499716911627720e-01 2.662573547287806486e-01 1.695144339119148691e-01 -1.604769655347907178e-02 3.646477844224344511e-01 1.676016495445367405e-01 -1.665421936618192156e-01 1.997872270989990429e-01 -7.745316569247645555e-02 -1.301248425942900799e-01 -1.662550712474791248e-01 3.548762139130693938e-01 1.574504983715720730e-01
4.179462778951127389e-01 4.642715652217265787e-01 3.920192636008053011e-01 2.620420637906356043e-01 3.610082308039221921e-01 6.960763872319385426e-01 4.796718452333783023e-01 1.000000000000000000e+00 7.144642015581484928e-01 1.918891286814509989e-01 9.655809128526766927e-02 2.307081365921578586e-01 -3.579537663113441237e-01 -3.474398555520131771e-01 -4.016820611245218164e-01 5.695651627615383461e-01 -1.882240942059962008e-01 3.712661130624151373e-01 -1.888998222003967220e-01 2.422510489957139801e-01 -2.129651715038616278e-01 -3.183994961667935830e-01 -2.898982569994072445e-01 -4.521289226100774078e-02 -8.332844517065438050e-02 2.800613364718918530e-01 -3.605411241261339828e-01 -2.090803849612347942e-01 -9.160189223096097677e-02 -3.687943716263462623e-01 -3.454386579025033877e-01 1.954449096049060142e-01 1.434302217570632143e-01 -2.734068689118161061e-02 -3.007495333559435102e-01 4.372735892946510994e-01 -6.103080480959947873e-02 1.294522391607347001e-01 1.516962512856206979e-01 2.284928996236023080e-01 -6.337946094230380994e-03 -1.303013499468197792e-02 -1.187480797518718906e-01 -1.400142870417269980e-01 -2.525598650880082063e-01 -3.247444828528249783e-01 -3.303059499230633356e-01 -3.030943275056228736e-01 3.607686889012587383e-01 6.653275360589863685e-02 3.770007581101028071e-01 5.219597750436784089e-01 1.787599514510478937e-01 5.756003665098225613e-02 5.809393964316333925e-01 6.576317804109567122e-01 4.493541337439701522e-01 7.730130838483797451e-01 3.288914859362367937e-01 2.638359533727129280e-01 2.947403384388275205e-01 -1.537648820972214170e-01 -2.439065332280881682e-01 -3.373736606140519956e-01 -2.641358763896849426e-01 -3.898532891055701555e-01 3.267767569777786929e-01 -3.772304677628578878e-02 4.397587398117007440e-02 4.712198281441359882e-01 -1.089583221758012449e-01 3.328228429683602850e-03 -1.948547858416834755e-01 2.788704964637319650e-01 1.996508069116155748e-01 3.528520383061203303e-01 3.094171713347781960e-02 -2.028405773904281839e-01 -3.934587392998202537e-02 4.279568372337987092e-02 1.560847191923037461e-02 1.292848186403606214e-01 -2.917969681992005349e-01 -2.498005912488171498e-01 -3.073672439465743866e-01 -4.143265018618804696e-01 -2.118257680557813008e-02 -1.965009627961759042e-01 4.337622672737893037e-01 2.052759818422897620e-01 4.973912259971091133e-03 2.630605989958391677e-01 1.144224713462169696e-01 -3.582473919975704968e-01 1.151556461248236657e-01 -2.150203859593197431e-01 -3.216003889314331121e-01 -3.124932526797906118e-01 4.333663043071555032e-01 1.434281317953268742e-01
4.304818848835322287e-01 2.763844874786052230e-01 4.393383303247267446e-01 6.562316779096441510e-02 2.796947420536039508e-01 6.789088749856523330e-01 3.709795634907114836e-01 7.144642015581484928e-01 1.000000000000000000e+00 3.158659874090340991e-01 3.367197021724962491e-01 3.617085701722662083e-01 -1.654642790544728070e-01 -1.520935035379038791e-01 -2.282204977328184392e-01 3.557263254156742271e-01 -3.012764780099332074e-02 1.230741504273104858e-01 -6.715467982231708433e-02 2.205158140484526352e-01 -1.040127919973694165e-01 -2.350276890180789113e-01 -1.587852078424738800e-01 1.140430228235408128e-01 -5.186005142311257005e-03 4.147034608478678552e-01 -1.409914356162201288e-01 -7.303678286536218443e-03 -1.123663148440352116e-02 -2.030808458310119913e-01 -2.413062387531566544e-01 2.835731470016291111e-01 2.316616360769652508e-02 -9.006487499902682270e-02 -1.582822911611559968e-01 5.888317330441491526e-01 7.953227553480926582e-02 9.458066106954557406e-02 2.221942083913753807e-01 2.123986286379348498e-01 -1.726210774588957109e-02 -1.501304724947763458e-01 -1.935784322419564774e-02 3.645798087766997236e-03 -7.446875907346373058e-02 -9.152926937784332251e-02 -1.541857772920676439e-01 -7.715261158334922598e-02 4.971163396636587573e-01 -1.621798809776949304e-02 1.720316590790669786e-01 2.569381641776166680e-01 5.322882814214111025e-02 5.111500563034237013e-03 4.580821817814783037e-01 7.686090961936611343e-01 2.738682350925941700e-01 8.283747105696113167e-01 5.259630701787615381e-01 3.833629485072074794e-01 4.565874956109642335e-01 -4.398012407338056096e-02 -5.159414990442319493e-02 -9.707911107120391347e-02 -6.837030045727893190e-02 -1.867472912454975209e-01 3.443617002518530867e-01 8.073590343349484888e-02 9.999496236795821225e-02 2.117349969100092155e-01 -1.392696172373194749e-02 1.522914220349157188e-02 1.204684708464347047e-02 2.686566791379178532e-01 3.120109170638102891e-01 5.133738017669446929e-01 2.319501300179139802e-01 4.397329309711125317e-02 6.334676764199508037e-02 5.681761350777626146e-02 1.429175405293665602e-01 1.725724456415934638e-01 -1.071482694243730965e-01 -1.638793922551446680e-01 -7.361465744672790468e-02 -2.582480982079568554e-01 1.363093648137944924e-01 6.808035215105555371e-03 4.807958273847188213e-01 2.110587273779361006e-01 -6.474742280744623379e-02 3.555478091800423623e-01 7.363132632499545804e-02 -3.314037363050072460e-01 1.852846880556383857e-01 -9.469131611437257845e-02 -7.711819421879965997e-02 -9.482572979269660030e-02 5.365563247977888084e-01 1.252933287696107179e-01
8.601251524394303016e-02 -2.783315318529949733e-01 6.270918450089012393e-03 -1.717264136692759902e-01 -1.341279376068656159e-01 1.899486748453796392e-01 1.948205203835696731e-01 1.918891286814509989e-01 3.158659874090340991e-01 1.000000000000000000e+00 6.985886817536447468e-01 2.816531933604191074e-01 -9.862268087390642368e-02 -2.685402073594155281e-01 -2.272620413555039853e-01 3.968686184999867250e-02 -7.645455084941589485e-02 -1.402223071218960671e-01 -7.694321511655331791e-02 1.558581550774124913e-01 -1.103937155843615486e-01 -6.714293426832597389e-02 -2.743560005896898968e-01 -4.140801765928010109e-02 6.543757332725264053e-01 5.480085059370445322e-01 -9.457189962329251576e-02 2.459421116288862397e-01 1.104469482067094444e-01 -2.383459511918231688e-01 8.944763095073174353e-02 5.573123586570855048e-01 1.998756645861734793e-01 4.318077747523292598e-02 -6.345784339691047660e-02 2.259974482964139664e-01 3.481352392865543766e-01 3.843876704906026287e-01 4.531603423192085978e-01 3.578530482754428976e-01 -6.237139113174070687e-02 -1.763544874367103388e-01 1.868700926594717426e-01 1.751690864805705294e-01 1.186133848421638687e-01 -7.703876951668599260e-02 -1.160752706127994721e-01 -1.443726949386054115e-01 -1.869616342513758314e-02 -1.513689485713792526e-01 -3.096235657475409631e-01 -2.514458982202695814e-01 -2.378762896890538325e-01 -2.287047524668358034e-01 4.049390939077283924e-02 1.603443491724639292e-01 -1.798364140644278797e-01 2.586288157696056134e-01 5.525234379935406448e-01 2.799842488282660580e-01 2.553270561430466268e-01 9.827687779270977489e-03 -1.125861207778498380e-01 -1.157345090071016380e-01 -1.151172678189185672e-01 -1.829224793565281948e-01 5.599853655559181714e-03 2.646420994713496455e-01 1.651578466339888029e-01 -2.106129028548033369e-02 -4.473444384061044804e-02 2.685947880581975866e-01 -8.594848416814244996e-02 2.042636696660375950e-01 3.674990870784490271e-01 6.166315580683264796e-01 2.548773168647959775e-01 1.447147684493979014e-01 3.423204034592431944e-01 7.671877246286751273e-02 3.214581929822522000e-01 1.197734918613212879e-01 1.934299477132297718e-01 4.639647126147244949e-02 1.729213091461933357e-03 -6.461453650610277100e-02 2.494163989908903256e-01 3.911364295275261971e-01 2.296067326415313636e-01 2.018303664492841418e-02 -1.247994323884911022e-01 3.447269019194835193e-01 -1.521516327375824762e-01 5.710358608846284600e-02 3.470925205370284372e-01 2.436038756964172824e-01 -4.694035779279902287e-02 -9.628165875815582198e-02 -1.824907538256264825e-02 5.296069790991259942e-03
1.811335076415692968e-01 -2.286748741759699610e-01 -5.354418939089023582e-02 -2.176857009181942526e-01 -9.463387047614754688e-02 1.070252958862132620e-01 1.279500025065104518e-01 9.655809128526766927e-02 3.367197021724962491e-01 6.985886817536447468e-01 1.000000000000000000e+00 5.127342659213338649e-01 -7.329110274791456048e-02 -1.271397265035910940e-01 -9.729032902692111295e-02 1.087257297686685387e-01 -3.778629804462184383e-02 -8.585707898865502230e-02 3.124408146118184265e-02 1.398308587737662756e-01 -1.229029732527549788e-02 -1.300483889561220574e-01 -1.678630184965224925e-01 1.664486155248629251e-01 4.107864623582317409e-01 7.344747848949525482e-01 -7.897913879530293890e-02 1.829700970686773676e-01 5.461414217910473545e-02 -1.503726728130196366e-01 3.945788854686494568e-02 4.556023118046262921e-01 -3.505470538739990233e-02 3.598962344766244714e-02 -8.176693067487933453e-02 2.569204783412198378e-01 3.284607715828869456e-01 1.585216812485396032e-01 4.310246033115645026e-01 3.555527379617176020e-01 -2.375099110741826780e-02 -9.129509847618809404e-02 2.403897984414596345e-01 1.615694369379110373e-01 7.647784139374137757e-02 -2.197590550710123644e-02 -3.351397021564161971e-02 -7.560515453743187064e-02 1.196037644101295011e-01 -1.308338250802507929e-01 -2.262283451028414827e-01 -2.028930591550898721e-01 -1.794175251238626922e-01 -1.435107610668475697e-01 5.161612749485292723e-03 1.985452873877191493e-01 -1.190420239664186225e-01 1.996491871192553336e-01 6.260855601582752117e-01 3.163408853144641375e-01 3.130675559025258292e-01 5.736308648198947674e-02 2.455763074312028796e-02 1.550265230449288448e-02 6.037813137248894402e-02 -3.838940726366895512e-02 1.010170110106349550e-01 2.821465346314362965e-01 2.226962417970957397e-01 -8.964332882083347886e-02 5.071941270829367909e-02 2.028098347322259409e-01 5.952416224070972844e-02 2.001578074425632570e-01 3.437549679780542711e-01 6.555694254436473800e-01 3.443254453364272272e-01 2.342362274263785904e-01 2.377048323757098292e-01 9.648435507927061172e-02 3.745820155662859530e-01 1.141730775854176566e-01 1.736415994743003288e-01 6.445467072876563674e-02 2.158757271171721226e-02 -6.021770349579845527e-02 3.211902878526523009e-01 3.314273137656575385e-01 2.073705253883451893e-01 8.092178983808898107e-02 -1.476778415067556693e-01 4.134682511935797722e-01 -1.169681770096187290e-01 -1.639086874608949029e-01 4.219988162271428034e-01 2.383155380217560071e-01 1.904152228236580952e-02 -5.315259460467822855e-02 9.671243811712813832e-02 1.287338876689903856e-02
2.446707860774888776e-01 2.463626649612890834e-03 8.215071509881329004e-02 9.940239661857116441e-04 9.481261355457543116e-02 2.283253818915940980e-01 1.272767210724986275e-01 2.307081365921578586e-01 3.617085701722662083e-01 2.816531933604191074e-01 5.127342659213338649e-01 1.000000000000000000e+00 -2.962205709803695242e-01 -1.249680545034121022e-02 -4.737038558476677937e-03 1.535612068281655695e-01 -2.115278628737560229e-01 1.327952018611672502e-01 -5.519992569897332708e-04 1.284883221546057885e-01 9.374812251794598095e-02 -4.247346501450628975e-01 -1.907923390490102178e-01 1.453188851680840832e-01 -1.779546943095124123e-01 5.969895978817288951e-01 -3.136339765665883128e-01 -2.456487146826332735e-01 -1.103428607982543108e-01 -1.893562748248854011e-01 -4.085660870698349378e-01 2.103777758314884505e-01 -2.629002207316097350e-01 -1.597113696105891822e-01 -3.878196628315128125e-01 2.612332040302851599e-01 -6.996655149349116469e-03 3.513771084029310848e-02 1.965456720961175907e-01 4.240601674562622936e-01 -6.544639981721070421e-02 -1.639015439414096553e-01 -5.482907232717978280e-02 -3.150727915016884317e-01 -4.478390837506869837e-01 -2.216831393962645780e-01 -2.143036846745087209e-01 -2.336138436838578192e-01 3.073080185660850838e-01 -1.371286342767946143e-01 8.133142031377989245e-02 7.648865605236214449e-02 1.520608062880025313e-01 7.445811096881782554e-02 1.123532924542281208e-01 3.673036684259407547e-01 7.282196509833380182e-02 2.958955428142804878e-01 5.240734635019961285e-01 4.986229294524026079e-01 4.874129194727242487e-01 1.051122457121457521e-01 5.064867582431088061e-02 7.708493399417315484e-02 1.263139730814501205e-01 1.166833432714783070e-01 2.989671139055712357e-01 2.917558626014759016e-01 1.830633478175099638e-01 1.214937531546259331e-01 2.268036665766081372e-01 1.380540143392368357e-02 3.297257714615373786e-02 3.364929398827748996e-01 5.028959350865090938e-01 5.789883429206761356e-01 2.866054320628032559e-01 1.647091282422835645e-01 -2.022136889945138072e-01 2.335224686501864433e-01 2.691493560480592850e-01 1.343657606123785653e-01 -2.584503350806616195e-01 -2.799289549809274580e-01 -2.201607385977986941e-01 -2.672828547337862126e-01 1.588708100020924108e-01 -1.824687384574392307e-02 3.194643637341284537e-01 2.734404954986772718e-01 1.273584376464732548e-01 2.852414597896235082e-01 1.286163328980741705e-01 -2.646326170810231471e-01 3.654920334136334548e-01 -3.003485021413796474e-01 -2.095607598787104509e-01 -1.642407009547498520e-01 3.036872575139615837e-01 4.781091426879588435e-02
-1.530139947502860975e-01 -2.101707928419229154e-01 -6.303097482377526505e-03 -3.731096231484090642e-01 -3.573809412944605191e-01 -3.230340152054553826e-01 -1.022872665789817254e-01 -3.579537663113441237e-01 -1.654642790544728070e-01 -9.862268087390642368e-02 -7.329110274791456048e-02 -2.962205709803695242e-01 1.000000000000000000e+00 5.121434804848941091e-01 4.296128729746760966e-01 -2.449886599921067554e-01 7.205947761543192165e-01 -8.404086226268903115e-02 4.080524879374357594e-01 -1.017128419039657096e-02 3.629814565516349956e-01 7.199877486785968284e-01 5.810084570553170069e-01 4.202129184466771306e-01 1.147413837140466158e-01 -2.259191772103177065e-01 6.827839991461371882e-01 5.132881861071020291e-01 3.896738027838320129e-01 4.926835105403692960e-01 4.125402174660563470e-01 -3.331861023403089317e-01 -1.619365203552538823e-01 2.032374711777530651e-01 6.198282555488799916e-01 -4.095773645220152775e-02 1.633791327604445509e-01 -2.468409130989867306e-01 -2.505612393022851325e-01 -4.077246130704613447e-02 1.762812501468348225e-01 1.526345240530576075e-01 2.369663145433055507e-01 4.155058297470595186e-01 5.746841650756051578e-01 6.142240923915889272e-01 5.204591335576331801e-01 5.985098916187941986e-01 -9.587200430042451538e-02 9.322811860114570137e-03 -2.472445699317069867e-01 -4.565185487834981237e-01 -3.545114755355093239e-01 -2.683424461219384161e-01 -3.347119305636164777e-01 -2.001406069495835494e-01 -3.191135196326355672e-01 -2.745426965028482380e-01 -2.394148804863560631e-01 -2.098313134727893825e-01 -1.467983161829834737e-01 4.515438164411710864e-01 5.704160845361291310e-01 5.728400781166529399e-01 3.989020171792824199e-01 4.718705098537918641e-01 -2.435285641861302808e-01 2.429578185865606255e-01 2.160663395685157306e-01 -2.342348176224315626e-01 2.769785464557152910e-01 3.758396047876045865e-01 5.334030051069562628e-01 -5.651364245123088187e-02 -1.409746259905441182e-02 -2.945124009259825759e-01 2.691133233600138119e-01 5.055498410556689137e-01 5.679926157005538850e-02 -3.127302231623234063e-01 9.004723232648122189e-02 -1.704606009721914561e-01 5.619160107736803633e-01 5.215834022256223834e-01 6.909018413890284371e-01 5.646347554658980306e-01 7.581248415762290027e-02 4.618743427245183275e-01 -1.303326722011654004e-01 -1.925094122720412693e-01 -4.045731501714712741e-01 -2.061890357162387832e-01 -1.344030528065970065e-01 1.433280494289179696e-01 -2.383419711469975111e-01 3.896158375893946091e-01 6.475171695564858609e-01 5.910147739323946547e-01 -1.585747008875796338e-01 -1.818945293545037589e-01
-9.004846530647153680e-02 -1.617521643139409604e-01 6.406403497572168981e-02 -2.170125201931805484e-02 -5.095742645552427813e-02 -2.698294756234630998e-01 -9.130874017874379689e-02 -3.474398555520131771e-01 -1.520935035379038791e-01 -2.685402073594155281e-01 -1.271397265035910940e-01 -1.249680545034121022e-02 5.121434804848941091e-01 1.000000000000000000e+00 8.021697862909721310e-01 -3.161061246542684056e-01 6.036172756682458562e-01 6.304637351982610161e-02 6.603310421009090936e-01 8.543595592107128267e-02 6.802579448887136060e-01 3.637356610377852073e-01 7.486982300180050620e-01 4.524189107534217213e-01 -1.689186749009462529e-01 -2.298947805666614608e-01 5.213774178408775439e-01 3.331608790296556877e-01 2.166531473294860954e-01 7.045208677215026860e-01 9.958604091625342103e-02 -2.878075118518961806e-01 -1.772484824724687436e-01 1.312568248008978422e-01 3.947162230780772441e-01 -3.524366935605515588e-02 -2.840452554536630064e-02 -2.287035256697620145e-01 -2.065080479202696662e-01 -7.796947090245209822e-02 1.499965504320863174e-01 7.107305515624952330e-02 9.593039834978579761e-02 8.230558792092403098e-02 2.180939209090282938e-01 5.570880483705844544e-01 5.489000250294755467e-01 6.009734869183763761e-01 4.679935012278722134e-02 4.673925422976234201e-02 8.931274015833686256e-03 -3.168661272216012903e-01 1.505591663465464733e-02 1.530872360732733750e-01 -2.764586807040264604e-01 -1.147741745566469157e-01 -1.236300079716615014e-01 -2.292937007921559689e-01 -2.486924661133448344e-01 -4.717296586442811662e-02 5.517022432511153179e-02 -4.210507946038212490e-02 4.658739958366692191e-01 6.474530885200689978e-01 6.570235585639682130e-01 7.482266300121245273e-01 -5.781004901869049584e-02 1.223817140443040491e-01 1.544318714051123309e-01 -5.977812251773638452e-02 5.131713365642386337e-01 -6.448890191561955365e-02 6.967284114902257963e-01 -7.072473484742397565e-02 -1.511070161823507285e-01 -2.059350798380039371e-01 2.254499722759154001e-01 5.499513699814716494e-01 -2.479214540430317026e-01 -5.720456984793067384e-02 -3.804020454609749469e-02 -1.266863207276112679e-01 1.792180286139447853e-01 6.028686412231017144e-02 4.309027691585757269e-01 4.160080656955855161e-01 1.270106763320310861e-01 1.056976006896436782e-01 1.164701662628118452e-02 -1.815646705434830199e-01 -2.229848631007433912e-01 -2.245684867935205664e-01 1.006592908484827270e-01 3.754278745362297359e-02 -8.762933208304522770e-02 -1.642715216976011958e-02 5.056502060994033654e-01 4.980948026401644801e-01 2.022639462491626627e-02 -1.481480914176056853e-02
-2.123577380594338648e-01 -3.004049522791727433e-01 -7.850738974942705894e-03 -1.810476914092499362e-02 -9.619888004224121103e-02 -3.952853955288448407e-01 -1.797783429020044510e-01 -4.016820611245218164e-01 -2.282204977328184392e-01 -2.272620413555039853e-01 -9.729032902692111295e-02 -4.737038558476677937e-03 4.296128729746760966e-01 8.021697862909721310e-01 1.000000000000000000e+00 -4.155974623641774945e-01 5.388778002816496659e-01 1.413831064039784702e-01 6.020087827076107123e-01 2.183765683083485620e-01 7.703135290404911073e-01 3.005856944098826422e-01 7.174806165540448255e-01 4.029726796616640572e-01 -1.048274074882222101e-01 -1.711394292411801965e-01 4.672670576307460522e-01 3.729029155536537909e-01 3.431291449515428971e-01 7.928647930771584029e-01 8.292089230780476383e-02 -2.514645367864967729e-01 -1.430395016294553900e-01 2.085168582685728023e-01 3.618972500077530241e-01 -6.466097993518668541e-02 7.938262268059641247e-02 -2.248149039963366902e-01 -1.715645203580872802e-01 -8.619418298489549268e-02 1.890951668766265026e-01 2.165256561760760950e-02 9.066835149123637916e-02 4.520166928709389020e-02 1.988594810250066125e-01 5.597028081218814455e-01 5.366266528185710261e-01 5.822851523060366130e-01 -3.001933316365296145e-02 6.513910425652195968e-02 -1.495369917513713065e-01 -3.825290090558182698e-01 6.715444366763891060e-02 1.751890555893137746e-01 -3.054961197953228735e-01 -2.300286449727075022e-01 -6.062292290133328154e-02 -3.097800529974140127e-01 -3.134784195660123562e-01 -1.026427663618656450e-01 1.204096948325372035e-02 -2.938932506125183780e-02 5.081347075139891478e-01 6.066672232358186756e-01 7.253634859659913170e-01 8.175314860742307621e-01 -8.293206566095913390e-02 1.343606008712298350e-01 2.168934925119360424e-01 2.047199944351552753e-02 6.089787967944619851e-01 -9.316218856836244733e-02 6.613801098483265140e-01 -1.212124551719245547e-01 -2.032599605563407963e-01 -2.090225703048771144e-01 2.779562815475583593e-01 5.556083137704588282e-01 -2.243027066605186026e-01 -1.609607738261515167e-02 7.284898669415004746e-02 -1.859061814922181866e-01 1.465616170667798090e-01 -7.562493571415526000e-03 3.684879311689707726e-01 4.459832995898127539e-01 1.411059869128751809e-01 1.339073045644969540e-01 4.863270718999871539e-02 -2.185118501752850717e-01 -2.143924719795900491e-01 -3.093402757905947542e-01 -6.261307115591853434e-02 1.613302400849487284e-01 -6.974527762251656049e-02 -3.028973170871092249e-04 4.799392670050789955e-01 4.765742667813404609e-01 -6.367908882413135518e-02 3.519852778747196986e-02
