1.000000000000000000e+00 1.021201334252656336e-02 3.951877206237793261e-01 -2.365298601638836928e-01 -2.011406138527576937e-01 1.980956377615713526e-01 1.697187579728801354e-01 2.126870218057943518e-01 1.084846797994219875e-01 4.000746308135092605e-02 -9.912272396350006731e-02 -1.839833898379704402e-01 6.373770930972856574e-02 -8.479750724877013757e-02 -1.856102560574121596e-01 2.449141162200940136e-01 1.355414377188185193e-01 2.060464816462672932e-01 2.957658387466893454e-02 1.455928619562076864e-01 -4.949656792237083075e-02 1.557691951593521418e-01 -1.433348654116161636e-01 -8.016190435587582097e-02 1.941835120847500429e-01 -5.898493098839383691e-02 1.131345240435467497e-01 2.987239739579358386e-02 7.236240953304769186e-02 -2.065557531990688533e-01 1.064354485160803193e-01 -2.121514638789759599e-01 -1.595695743736944838e-01 1.068692540817734044e-01 2.343156391597287988e-02 -2.244723264633530571e-02 2.407908662801479943e-02 3.051876891565045713e-01 3.633832741512798420e-02 4.202826662988720652e-02 1.689520662130697126e-01 1.294441990579171531e-01 -9.210770095976159033e-02 -4.401630669610555324e-02 -2.922208201549394502e-04 9.725487759456333259e-02 -4.810238800328163478e-02 9.464497715236845979e-04 2.756855955176260586e-01 1.286530618188875263e-01 4.343713048489493689e-01 3.256871061249866361e-01 -1.268292898890387155e-01 -2.334755481853008907e-01 3.250490632442399885e-01 2.730787633687024041e-01 2.186985903529307385e-01 1.604767719802460690e-01 -7.890773111713418608e-02 -1.802013616509062777e-01 -2.217343779051093866e-01 -6.204298995767922043e-02 -3.012021408875022741e-04 -9.730931392184526130e-02 -1.187195352153257860e-01 -1.488497210039511909e-01 1.630077379808554106e-01 -1.896099593090750518e-02 3.783471592483136220e-02 1.837630290168390801e-01 6.473424682803198549e-02 -2.418309011889317392e-02 -5.779565176723988618e-02 -4.105161537948915848e-03 -2.076330285156800237e-01 -1.749078138899922141e-01 1.223713161844971337e-01 -1.542821059770966008e-01 1.619032063630460594e-01 -2.443891610833974770e-01 4.634430723425619902e-03 1.577861534741172855e-01 5.134338211539708763e-02 -1.780313264387176422e-02 1.239665099607043519e-01 -5.933057200087087091e-02 7.929254539603423912e-02 4.730084270352299253e-02 1.046161611780991457e-01 1.772338175262255051e-03 -9.097634327381573516e-02 1.714521673886022501e-01 -1.092764846748743440e-01 2.408931359459097477e-01 -5.664708151821589571e-02 6.991078903542229106e-02 5.349685859722504849e-02 2.176873495930971812e-03 2.659911803174955791e-01 1.118922172552039851e-01
1.021201334252656336e-02 1.000000000000000000e+00 5.653967428844289267e-02 4.806327756552944419e-01 5.110676287647575311e-01 -7.282162360027846781e-02 -6.628005016539309513e-02 -5.299459805684915426e-02 -2.560017042063501003e-01 -3.961647174842009567e-01 -3.024348223918775780e-01 -1.202786731840830292e-01 8.817312475470875932e-02 1.436874601406938901e-01 9.219065385054485418e-02 4.729968788728942108e-01 1.688446558316497870e-01 1.321514973165555662e-01 1.731071336069167077e-01 4.254920239442133018e-02 1.935712385965480953e-01 1.017439950575457219e-01 1.641364621168521498e-01 2.562939268748778976e-02 -4.769998187510818832e-01 1.234988573210401008e-01 2.256988036963748778e-02 5.433549638155497213e-02 1.245676735256718154e-01 4.757491716968697409e-02 -4.925243490832154764e-02 4.507996423373252792e-01 3.501320721041393247e-01 4.987015351255277840e-02 4.236413021405990159e-02 -1.207669001674425840e-01 -9.203231477797323146e-02 -5.979226787073724930e-02 -1.019158001488550402e-01 -2.667823291956498699e-01 -1.148006297013312582e-01 -1.997017227458316169e-01 1.097516121359102398e-01 -1.212076413808355346e-01 -3.378049100372272351e-01 3.432776709828022632e-02 3.725762945618123385e-03 3.330567544549274672e-02 -1.268669961832240567e-01 -2.579600534882619742e-02 2.640440821868615950e-01 5.857120401200089921e-01 5.789498297543769212e-01 4.052744143371095897e-01 -1.403511372563525650e-01 -6.504053344259846936e-02 -5.042387404151467238e-03 -1.721124341023474447e-01 -3.746594231557015542e-01 -1.618471799085980101e-01 -1.009040420731867477e-01 6.525873909668364337e-02 -4.928910375873923888e-02 5.877901473815227984e-02 1.221245595781549065e-01 7.859085816063893226e-02 -2.233686211661544685e-01 2.278394767912118868e-01 5.928356248601187456e-02 6.364090941338708396e-02 2.348954481116691598e-02 4.790295935517611958e-02 5.840521170554531516e-02 -2.785849467445379868e-01 -1.293419486125349863e-02 -1.595198798836284515e-01 4.498777403961291832e-02 9.619918727213049026e-02 3.086150490889040185e-02 4.465650982401280777e-01 5.881508805124389949e-02 -2.776923113859846581e-01 -3.831875368886793476e-01 -2.327380051177199705e-01 -1.911325513307277763e-02 -7.487176784475194080e-02 5.772928556494179991e-02 5.947694311303671627e-02 2.202600197424088579e-02 -2.956282221351410611e-01 3.702852068274756214e-01 -1.915517894725544956e-01 -1.785679332751983206e-01 -2.371671149611409568e-01 -2.248915253199743336e-01 -1.599753988575781383e-01 3.037709340643631253e-02 -5.959192570778250320e-02 -3.380561906544370804e-02 -5.363503303885603507e-02
3.951877206237793261e-01 5.653967428844289267e-02 1.000000000000000000e+00 -4.966499098748580199e-01 -3.576387336714280663e-01 6.417085486536316941e-01 4.046444488686757879e-01 4.974502156751423598e-01 5.186523863002510115e-01 2.132479331775911646e-01 -1.614603279306285610e-02 -3.145250186386895352e-01 -8.997792520808946259e-02 -2.216990214272938076e-01 -3.333229287405185537e-01 1.488105158659678608e-02 2.033343355701495297e-02 1.741875144601035541e-01 -1.456185076877762052e-01 1.655969568105360168e-01 -1.292599313994810262e-01 3.642016767263963478e-02 -2.469311101587337298e-01 -2.441601545915048355e-01 2.073200367447325110e-01 -9.800638194358736455e-02 1.709373792560275329e-01 -1.273355791661679171e-01 6.617359418449136887e-02 -2.521238687221250552e-01 2.401498165885272273e-03 -4.381874248423421880e-01 -4.535921961144295245e-01 -9.435811042784268687e-02 -5.806835579930840624e-02 1.840981947714866729e-01 -1.659747197321216339e-01 4.538005472424613274e-01 2.052537931369295132e-01 2.835715369343397296e-01 1.270210360784004566e-01 -4.892452483944077779e-02 -1.819384459790873432e-01 -2.038934845422520348e-01 -4.485684421330778798e-02 6.510612230721657401e-02 -1.183636063066294403e-01 5.169500257755013650e-02 5.638926014837584155e-01 1.315222201462555862e-01 3.148702645031521419e-01 3.619093396885808001e-01 -2.984756086355268567e-01 -4.952505338048399652e-01 5.636615581426704935e-01 7.673374560868220229e-01 4.933000577078106574e-01 4.940436205997991159e-01 1.175615377792372934e-01 -2.984916418558710705e-01 -2.442342770233918159e-01 -1.015394195050947496e-01 2.958027770130656348e-02 -2.594098766206517914e-01 -1.952620180396054395e-01 -3.071427892077239763e-01 4.563521129248157560e-01 -1.386808627457434551e-01 -3.212825066636291332e-02 1.416303381637214198e-01 5.019250160324056909e-02 -2.158322570874252402e-02 -1.245623144516601888e-01 2.380416815814914155e-01 -1.903664489963337869e-01 -1.298888162059085583e-01 1.663821210146950447e-01 -9.212481669271614659e-02 1.058339497122343653e-01 -4.795976973263116339e-01 3.915532212730363920e-02 1.938534781375648719e-01 1.891500578468248150e-01 -7.073783408742881362e-02 2.233430221593672715e-01 -1.547638019523516484e-01 -1.390319509700154443e-01 8.138977404797130555e-02 1.302535432048494424e-01 1.503848850474663046e-01 -3.073059722719461151e-01 4.005332574443256632e-01 1.029236634824488295e-01 3.109660902779631253e-01 4.586737776413730289e-02 -5.096561372913172017e-02 1.541184277406256464e-01 1.088902381885204496e-01 5.780695526408490270e-01 1.300281219994267046e-01
-2.365298601638836928e-01 4.806327756552944419e-01 -4.966499098748580199e-01 1.000000000000000000e+00 8.354604249397679094e-01 -3.611643703856508569e-01 -2.310126089915439385e-01 -4.678736991163843784e-01 -5.159179958902359031e-01 -4.375825025866109108e-01 -2.520323912750555007e-01 5.677972691407816991e-02 -3.969028385681579868e-03 3.647566734732402005e-01 4.686622834827660067e-01 3.565371853497886212e-01 -1.267060071286816025e-01 -3.233111339107503368e-01 2.388354200976535724e-01 -1.442475462826086352e-01 2.832587601703012714e-01 -2.055170698349871594e-01 4.118123184134384607e-01 1.358280701815868519e-01 -3.112657726681485881e-01 3.064633940941655782e-02 -2.110644604788886880e-01 2.055225531365697470e-03 1.577442952957005748e-02 3.688040837200413646e-01 -2.918982907074339425e-02 8.509894462315278352e-01 7.392577783792829704e-01 -1.738062991466517160e-01 -1.278465584690076373e-01 -2.102840145999555210e-01 -1.199195673028459336e-01 -2.863987840147917407e-01 -8.432574699730245593e-02 -4.171199679950639005e-01 -4.206420924056532562e-01 -2.822447471954607212e-01 3.778356168753769367e-02 8.907698752605729131e-02 -4.523879219440765653e-01 -8.873959903867728594e-02 1.887020901688681862e-01 2.776454835581642841e-02 -4.197948277378255599e-01 -3.091697903531508973e-01 -2.360832546953504085e-01 1.540160969251424539e-01 7.668485949886878483e-01 8.989773314841960072e-01 -4.084424063742842503e-01 -4.962699022404886140e-01 -4.061641088886930873e-01 -6.006190239985131907e-01 -3.324444611958234930e-01 8.416851685992884913e-02 1.231087599918599534e-01 1.065279963716942030e-01 -1.055524559887417030e-02 2.547387574606830296e-01 2.638947571115779489e-01 4.113315494267517636e-01 -5.426782186046021916e-01 1.505561621419204688e-01 -9.893947034384274752e-02 -3.125830688260319290e-01 -6.621779574207686814e-02 -1.098113963832001577e-01 1.994945550117404598e-01 -4.305798717363372718e-01 9.443535997321488018e-02 7.764067485288418669e-02 -2.454214173577512759e-01 2.216973819886129404e-01 1.664785281090974678e-02 8.493441764835988339e-01 -1.374310429454469740e-01 -6.045202119976538224e-01 -6.241901020575977288e-01 -3.426821994501640378e-01 -3.511943173062339607e-01 7.629088710219653069e-02 -6.179261148674427412e-02 -1.683801974856408978e-01 -2.597073343871889595e-01 -5.114686528073573157e-01 6.324960078733072866e-01 -3.051265061519715105e-01 -3.698197925354560628e-02 -4.667639397097703702e-01 -2.631367250174741490e-01 -2.641387582179099969e-01 -1.751653285070571275e-01 -1.576016800007282725e-01 -5.051615294293090308e-01 -3.800292768773675944e-01
-2.011406138527576937e-01 5.110676287647575311e-01 -3.576387336714280663e-01 8.354604249397679094e-01 1.000000000000000000e+00 -1.263763505093136452e-01 -1.212754011495195128e-01 -2.981703858306525290e-01 -2.973290481699436549e-01 -3.137524942856544374e-01 -1.770995746659639047e-01 4.907342205556453757e-02 -9.546066885845809480e-02 2.543168077808359295e-01 3.590436239612238012e-01 4.299579038270801568e-01 -1.453380469732905300e-01 -2.542810810803496357e-01 1.721899703045802199e-01 -1.861806608215937076e-01 2.405772564534760793e-01 -2.796719415887945481e-01 3.314922307657089395e-01 1.229423684747364548e-01 -1.725015594379167849e-01 4.099599235967990585e-02 -3.144753251551479223e-01 -1.089436683215377621e-01 -1.308669499200948959e-02 2.702148057673077197e-01 -9.098222891769593146e-02 7.337565034004762676e-01 6.464675464737975608e-01 -1.872947044985214526e-01 -2.111083148249246477e-01 -1.174942747181735581e-01 -9.653209432503918885e-02 -2.196429820115466669e-01 -6.752726620113347344e-02 -3.629291939607204309e-01 -4.164478885748265635e-01 -2.939514154457769091e-01 -3.356860740381133190e-02 3.103790322750720615e-02 -4.048891440489571503e-01 -2.276833425754524742e-01 5.038645998049456898e-02 -3.575062244283738755e-02 -2.161801475614973100e-01 -2.879672879395666629e-01 -1.796579918307087687e-01 2.767666161522720492e-01 7.927989504460721815e-01 8.547052318225173417e-01 -1.465656615060782486e-01 -3.238174087656472966e-01 -2.483289729243519373e-01 -4.163437477596622638e-01 -2.093167815019299216e-01 9.494299724290239384e-02 1.300887104774077485e-01 1.163045781513039100e-03 -9.372224614032621803e-02 1.408316551053654386e-01 1.756065713269286954e-01 2.955922735025993120e-01 -4.233300332081119111e-01 8.389062842705372058e-02 -1.293781978921348386e-01 -2.714443693630977372e-01 -7.131457872128392494e-02 -1.447710602453307627e-01 1.438861676720900318e-01 -3.181990538761046428e-01 1.156125390894319205e-01 1.260381211443880045e-01 -2.549399984516734774e-01 1.248536373413314526e-01 -3.190769001922667825e-02 7.378030194657899665e-01 -1.392900204545914900e-01 -5.696396191205402859e-01 -5.849617967780381678e-01 -3.474210861701367836e-01 -3.950982341196044301e-01 -3.542241354077822757e-02 -4.878560947649823037e-02 -2.522911111752136337e-01 -2.321074497587713170e-01 -4.565443434140600276e-01 5.834311751222639453e-01 -1.959890406159063292e-01 2.972054319602204092e-02 -3.555903603052508188e-01 -2.354243313652015224e-01 -3.040658435344877897e-01 -2.679274379690120833e-01 -2.171900362613476687e-01 -3.196340407172746367e-01 -3.347870313476636328e-01
1.980956377615713526e-01 -7.282162360027846781e-02 6.417085486536316941e-01 -3.611643703856508569e-01 -1.263763505093136452e-01 1.000000000000000000e+00 4.254845712323288009e-01 4.457685943310410459e-01 6.456863726098257539e-01 3.408371088191587406e-01 1.438702588281724759e-01 -1.446719252684833812e-01 -9.354417265312810204e-02 -1.329123863141392081e-01 -1.893124166453158674e-01 -4.715944542537763712e-02 -8.858598353792163094e-02 2.381687853050368925e-02 -1.883602066770488359e-01 6.958340286392122875e-02 -6.857726854292545138e-02 -1.122403698252373433e-01 -1.443587139918386941e-01 -9.380269425934746608e-02 3.350065776505803394e-01 -3.117708122383292153e-03 -4.734998926441202211e-02 -1.273065355948767019e-01 6.117522132342342184e-02 -1.523799571867777425e-01 -1.397601415452469353e-01 -3.499361650178536287e-01 -3.627251615961793463e-01 -1.141480598900269927e-01 -1.902134940669828189e-01 1.885731972883241681e-01 -6.610290319110194435e-02 2.299281523713878894e-01 1.324209165758634676e-01 3.659315637892111561e-01 7.169117527854361460e-02 7.252304709558926588e-02 -1.933114581329939408e-01 -1.791186887153429774e-01 1.492588083369799333e-02 -1.748383841571959085e-01 -1.664930452860220733e-01 -1.522316824782768592e-02 6.850182791644120472e-01 2.598615191386584658e-02 4.746402085942572069e-02 1.764459371791222697e-01 -2.256942676231785683e-01 -3.203166842304820405e-01 7.468158109301714642e-01 7.289071546015756242e-01 3.911412796979168993e-01 4.802501752934362211e-01 3.127598277014680406e-01 -1.425685539871243968e-01 -7.394051509842135272e-02 -1.389056397182816538e-01 -3.057881946422368047e-02 -2.577809817110531254e-01 -2.034478364001069128e-01 -1.979003324699977473e-01 4.154194816722878714e-01 -2.590082804711938413e-01 -1.182141401592784052e-01 3.258516544981357715e-03 1.707174583901497483e-02 -4.780500262824242952e-02 -9.196779752364744875e-02 3.549905065477413357e-01 -6.989543840618867021e-02 1.553385792351535122e-01 8.595859295080830742e-02 -3.611922485885005196e-02 -4.355178326281238660e-02 -3.300483170406469102e-01 2.353160559618653128e-02 1.253882476263962209e-01 1.365495224230123261e-01 -6.904375589384492695e-02 2.860445898585186816e-02 -1.923289974189521245e-01 -1.010611559467125414e-01 -1.780727274086418496e-02 6.910143112321039116e-02 1.630619295761600029e-01 -2.548372939676564752e-01 2.644708434077371328e-01 3.142693417741038719e-01 3.384698339168280001e-01 1.166650157383329195e-01 -9.125385799570853718e-02 -4.006668870570920249e-02 -1.733493346153745437e-02 6.087455657975266998e-01 5.246744438745415406e-02
1.697187579728801354e-01 -6.628005016539309513e-02 4.046444488686757879e-01 -2.310126089915439385e-01 -1.212754011495195128e-01 4.254845712323288009e-01 1.000000000000000000e+00 7.099140512516179946e-01 4.794443772976783591e-01 4.254628130153237375e-01 4.430027723478090380e-03 -3.587562325926639262e-01 -3.085574334829045418e-01 -3.515592447009685539e-01 -3.187117391092138541e-01 2.802408006018463071e-01 -2.731515433857545361e-01 1.051065697832016810e-01 -3.191902654474026435e-01 1.130059052836495173e-02 -2.706229215508355601e-01 -2.504119671726499630e-01 -2.194458823535327674e-01 -3.235589146505621905e-01 4.942279137274508405e-01 -3.371404015734710269e-01 -2.266091577319704620e-01 -4.511672677948990740e-01 -1.485891895050336364e-01 -2.438379385694720569e-01 8.092737370660803287e-02 -2.763304570979919217e-01 -3.215829643534145466e-01 -2.420013592451397966e-01 -2.971646071216129115e-01 1.564188789647243116e-01 -1.074602623440690102e-01 4.573377081960792179e-01 2.646247163656439416e-01 6.386275294293530802e-01 1.090564334988294443e-01 2.478337911689765943e-02 -3.449260667703851757e-01 -5.577006508449560557e-02 -6.158790292665965171e-02 -1.836830056638801278e-01 -2.460224570352780582e-01 -4.801284502267191140e-02 5.273645606370660488e-01 5.863058502616515927e-02 1.577932499488827744e-01 1.258745580396387342e-01 -4.882277906354631075e-02 -2.021442257415899113e-01 4.459189465906015504e-01 5.120273433084184811e-01 6.353013849657864753e-01 4.353176196013485710e-01 3.244251257994991700e-01 -3.141871540643512151e-01 -2.110876265963417819e-01 -2.606092727188551450e-01 -2.475261133595303975e-01 -3.355952716382472611e-01 -2.611481123518657466e-01 -2.935750877428009442e-01 6.630822447109437912e-01 -3.874878644685356699e-01 -2.783099677014382878e-01 2.593583891347456261e-02 -1.051245770055262013e-01 -2.280607957040922951e-01 -1.525243992353362832e-01 4.919070878570933059e-01 -3.088145168053997858e-01 -1.008056929657465961e-01 -1.047883484999918291e-01 -2.471862279894009307e-01 7.214241937510498803e-02 -3.417701215243457713e-01 -2.802353733881967623e-01 5.399054273318085184e-02 1.829769705014375469e-01 -1.507267616670215915e-01 -7.204946721467266058e-02 -1.194561798129430419e-01 -1.170758565665926260e-01 -2.535589135296237306e-01 -2.752294040953451315e-02 1.069020691808211659e-01 -1.637130056661434407e-01 5.116397357223718689e-01 3.825701696509252181e-01 3.877584383403299140e-01 6.832382682703799781e-02 -1.541887595285988330e-02 -7.326259840243673493e-02 -5.132319415159913162e-02 4.000521868275813686e-01 6.526265650760300352e-02
2.126870218057943518e-01 -5.299459805684915426e-02 4.974502156751423598e-01 -4.678736991163843784e-01 -2.981703858306525290e-01 4.457685943310410459e-01 7.099140512516179946e-01 1.000000000000000000e+00 6.501272519583030096e-01 4.552881350063932020e-01 1.774271131799911028e-01 -1.936161126683461353e-01 -2.427305886459328599e-01 -3.992050022383428209e-01 -4.018193347095013745e-01 1.636361671196807643e-01 -1.155189084992230830e-01 4.209347393075193455e-01 -3.236648056588356526e-01 4.181939627152349293e-02 -2.602381581643897768e-01 -7.168869783673101348e-02 -2.750816029959389231e-01 -2.547455678899196441e-01 3.994150634593849336e-01 -1.509952439493333354e-01 -8.944239469107632956e-02 -3.076822698255929911e-01 -1.354633651336239752e-01 -3.149891184634004415e-01 3.787225205057102861e-02 -5.336160004311585325e-01 -5.446426051299855242e-01 -3.787360131832698956e-02 -1.711125945444980923e-01 3.031651311479279243e-01 -3.332526868040530665e-02 3.163554101760465698e-01 9.456423174359343542e-02 5.709255888814305235e-01 2.832282005903528632e-01 1.331560122911471244e-01 -2.169076151224423599e-01 -8.163687135297703623e-02 1.238673485283025844e-01 -1.169507603166959619e-01 -3.052154741112022562e-01 -4.404287059980577929e-02 5.929168624662368714e-01 1.896363989297989439e-01 2.184045294169191798e-01 1.634908162153745625e-01 -2.667732333018825175e-01 -4.300135658772235581e-01 4.949985324993936842e-01 5.411983290850624906e-01 8.358252131759947856e-01 7.694192006003814921e-01 3.864896272278260381e-01 -1.399534281107329137e-01 -1.294580485957597948e-01 -2.070491037155376413e-01 -1.822352643194831978e-01 -3.058013564595912781e-01 -2.550760259843789513e-01 -3.484755809620816991e-01 6.912484662231794807e-01 -2.277330936099120906e-01 -4.535953378540374253e-02 3.636189817177874484e-01 -1.856910527448029508e-03 1.849363198109578096e-02 -1.176415425694239264e-01 4.984194113162314643e-01 -1.480909264357579136e-01 -1.889795641186659339e-02 4.380879573427392398e-02 -2.367239417970240234e-01 5.210010229600086501e-02 -5.422181197071749281e-01 -6.839246419009918643e-02 3.192083850103145659e-01 3.904264017091531036e-01 9.184748811862228357e-02 1.373163529552033635e-01 -1.279088427753687363e-01 -6.599580007798552805e-02 -9.810904324867983362e-02 1.237642241597364801e-01 3.262920656713461098e-01 -3.734126707755597296e-01 4.325731402819377736e-01 1.849858177067377485e-01 4.252599052921704481e-01 1.862153627540555079e-01 1.031271963913780315e-01 2.648584684305429343e-02 5.821275544094625144e-03 5.736733277071632831e-01 2.540202674878984102e-01
1.084846797994219875e-01 -2.560017042063501003e-01 5.186523863002510115e-01 -5.159179958902359031e-01 -2.973290481699436549e-01 6.456863726098257539e-01 4.794443772976783591e-01 6.501272519583030096e-01 1.000000000000000000e+00 6.260843206910239322e-01 4.457837231291369440e-01 -1.121078860839709590e-02 -2.816142411489814257e-01 -3.971637700421939976e-01 -4.079725408526571617e-01 -9.878977207175049235e-02 -1.666899206082604612e-01 1.232354679567152778e-01 -3.696775789455094552e-01 -1.341828187052333254e-01 -2.722095580915089852e-01 -1.862979480529676768e-01 -3.511763836357714164e-01 -1.430282034708286465e-01 4.148484324942997570e-01 -2.938616960534541980e-02 -1.126556544090818734e-01 -2.403754234142678192e-01 -1.739649964994287035e-01 -2.884363158055895937e-01 1.094976138381517812e-02 -5.021441484244283382e-01 -4.452341609067750339e-01 -6.216573528249921127e-02 -2.144112535418005450e-01 3.602546706778770313e-01 2.074776129956747150e-02 2.167460429402907895e-01 1.287356687344023698e-01 5.443047948549742943e-01 2.821722570329163182e-01 6.424679143310499385e-02 -1.933626908878658679e-01 -1.084147845753217348e-01 2.245603343179584377e-01 -2.032776337300042091e-01 -3.498516759772837270e-01 -1.394208701928436878e-01 6.884432576031622730e-01 1.746347875433331420e-01 1.323918109758897566e-01 6.800056375682675402e-02 -3.690804637134217914e-01 -4.618723849054843233e-01 6.554872547939630811e-01 7.007592580398506188e-01 5.514872711717198062e-01 7.801272819496127831e-01 5.536762122583789303e-01 -1.794538534434723248e-02 2.470204314742104751e-02 -2.181530865711319156e-01 -1.696308536765946950e-01 -4.130878317770890207e-01 -3.544519657174196037e-01 -3.948119034623649437e-01 5.458283592398351924e-01 -3.901012725829544059e-01 -1.731257702378956598e-01 8.635609395672470823e-02 -1.274401317360376873e-01 -5.744895041906560723e-02 -2.502432385139004567e-01 5.103826315416476467e-01 -8.984025804777545643e-02 1.572514316183995231e-01 -3.581697434903965277e-02 -2.279581835218167374e-01 3.971955113362334727e-02 -4.783544093757100546e-01 -5.068806053394196015e-02 2.841828537286967271e-01 3.541941611969320336e-01 9.621805456772439258e-02 7.622349830182949260e-02 -3.094342381252523921e-01 -3.894222083863592421e-02 -5.950260881481695546e-02 4.784074992522566183e-02 4.272252116464174687e-01 -2.850074758667984209e-01 3.233667893874693222e-01 2.703322715594410619e-01 3.794680694874126847e-01 2.615257507406820725e-01 5.360511072109522962e-02 -7.427982817343833921e-02 -7.832142435245714740e-02 6.197165719648565219e-01 2.945458932463212998e-01
4.000746308135092605e-02 -3.961647174842009567e-01 2.132479331775911646e-01 -4.375825025866109108e-01 -3.137524942856544374e-01 3.408371088191587406e-01 4.254628130153237375e-01 4.552881350063932020e-01 6.260843206910239322e-01 1.000000000000000000e+00 4.125272768584720140e-01 4.948980269270526408e-03 -3.032843521721207969e-01 -3.983409888434838453e-01 -3.164002812123178909e-01 -1.344146377336510600e-01 -2.587812721657573589e-01 -9.232970103532625594e-02 -3.795170894427309927e-01 -3.434478236937969498e-01 -3.675056841113975570e-01 -2.988035010571543637e-01 -3.340045894655139791e-01 -2.434683797581751741e-01 6.573127323021680235e-01 -2.496829759283209493e-01 -2.571286778859211419e-01 -4.113084834429290848e-01 -3.273036842695133952e-01 -2.269912883523809433e-01 6.310971567624251710e-02 -4.316719325205818358e-01 -3.568744749950066297e-01 -1.553301475723648795e-01 -2.390316488841698339e-01 7.131412349720829547e-02 -6.624150680987719864e-03 2.775550096092203600e-01 2.482174381366216431e-01 5.659268598302393816e-01 9.408572703182821462e-02 1.358929431667978138e-01 -1.912324104568140781e-01 -1.566026508677636694e-02 2.850849744743194081e-01 -2.581094833240501485e-01 -2.773212109329675767e-01 -1.909565834812219642e-01 4.175785702369759766e-01 -4.373364575110443714e-02 6.431941146299600953e-02 -1.290565089594037929e-01 -3.784505306092434962e-01 -3.786800433263794452e-01 3.932223656789802790e-01 4.721628268276998330e-01 3.565852198654793082e-01 4.798393815263471973e-01 7.500753068976077076e-01 2.503023371170561354e-02 4.536473808116556899e-02 -2.557234207871028620e-01 -1.871766080077895966e-01 -3.169029945163815420e-01 -3.469936701101913878e-01 -3.234166058626813944e-01 3.956290761455367178e-01 -4.567865031816354393e-01 -2.790541884132150541e-01 -9.915173010246139396e-02 -2.188887431005459572e-01 -2.159537702524597369e-01 -2.344850277231259050e-01 4.804625975233429158e-01 -1.689243063558870384e-01 1.813954176857092426e-01 -2.170352276949844561e-01 -2.929559169463388235e-01 4.896413909395436886e-02 -4.750845481221638855e-01 -2.594554883866827533e-01 1.168343881604764350e-01 4.140693017639359153e-01 3.844328686727749300e-02 -1.110070673115842177e-01 -2.597266603235150462e-01 -5.233270903651618400e-02 -2.282466827456361425e-01 -2.486772438664334173e-01 2.688481770333567278e-01 -2.364548005026773092e-01 3.855726352715848626e-01 4.107753548322579662e-01 4.115960248316389847e-01 3.056333095854846249e-01 8.436197520213908896e-02 -1.576255275152144697e-01 -1.366177594278482066e-01 2.841018375674621010e-01 6.462505762494524797e-02
-9.912272396350006731e-02 -3.024348223918775780e-01 -1.614603279306285610e-02 -2.520323912750555007e-01 -1.770995746659639047e-01 1.438702588281724759e-01 4.430027723478090380e-03 1.774271131799911028e-01 4.457837231291369440e-01 4.125272768584720140e-01 1.000000000000000000e+00 6.463165999203086542e-01 -1.880964091716493328e-02 -1.728402840274654850e-01 -9.920533893500073364e-02 -2.689652752549582804e-01 -7.391539867349794513e-02 1.661290842313995625e-02 -1.949949654568126911e-01 -2.536544837416508935e-01 -1.442378280677545088e-01 -8.197964760684942065e-02 -1.372053878804064819e-01 3.325150982820344603e-01 1.503742193614489853e-01 4.154446825766277551e-01 -1.693196344845335488e-01 -3.498296984250764963e-02 -2.043593667675890069e-01 -5.606471470692223763e-02 -1.550951711809260558e-01 -2.661356198263410966e-01 -2.617894362746236436e-01 1.077701091345063672e-01 -8.618447571689764886e-02 4.000947175897313635e-01 3.099933599992060196e-01 -2.248223983679446536e-01 -7.537896145785746849e-02 3.077518580037951201e-01 3.297794959068037213e-01 3.045625488282643900e-01 3.060989670338065682e-01 2.807221755962800436e-01 4.724116347883985934e-01 -1.478083615043795374e-01 -2.127405789339343600e-01 -1.066755128187348439e-01 2.254302216071314979e-01 3.011072324319293836e-01 -1.792319270595409131e-01 -3.035390531757034549e-01 -2.747962899710058027e-01 -2.190303297625420254e-01 1.483300351638394410e-01 4.199989302753219522e-02 1.017947711585847070e-01 4.183013411466760534e-01 5.132361244335351680e-01 5.770714832434173935e-01 5.316007211593113402e-01 -8.712960795069208883e-03 -2.225641304472156523e-01 -1.731277407918886124e-01 -1.265792163643441881e-01 -8.727308648892494192e-02 1.561425544246000940e-01 -2.302664697219240220e-01 -7.987311552492783184e-02 -4.389995618334965183e-02 -1.535641532442383328e-01 1.165269872287152814e-01 -1.372536035989867786e-01 3.135077012756452008e-01 3.251921849901701078e-01 4.623013929895427032e-01 -1.650660848266750635e-01 -8.866701489050024532e-02 -8.881808695000119325e-02 -1.802959769199241058e-01 1.407687886827421395e-02 2.013855735386186618e-01 3.221567663276023730e-01 3.063022197907471211e-01 -5.138618218312619029e-02 -2.597287472298849820e-01 1.440166332537050897e-01 3.162915569649973543e-03 1.107026361487175592e-01 5.404640051474911555e-01 -2.370886296238661206e-01 -1.044848874650172593e-01 5.103590553038460376e-02 1.006646997327001747e-01 4.129332542148571594e-01 3.377992920838365776e-01 -1.122827724909189889e-01 -1.172275174889184507e-01 2.038419644664247188e-01 4.395755046201319516e-01
-1.839833898379704402e-01 -1.202786731840830292e-01 -3.145250186386895352e-01 5.677972691407816991e-02 4.907342205556453757e-02 -1.446719252684833812e-01 -3.587562325926639262e-01 -1.936161126683461353e-01 -1.121078860839709590e-02 4.948980269270526408e-03 6.463165999203086542e-01 1.000000000000000000e+00 2.510774648514927931e-01 6.074490928272802126e-02 1.231101789329299701e-01 -2.098400431784944453e-01 1.114467763021512875e-01 -3.257591270984530607e-02 5.551094419568083915e-02 -1.522666142053636928e-01 -8.501248029151020884e-04 1.036031346000129971e-01 2.562561291096704386e-02 6.156462560968034570e-01 -1.764656914169603907e-01 6.447277736870202780e-01 -1.124664203296031756e-01 2.722218851219144198e-01 -3.968999591923325077e-02 5.443002761453863414e-02 -3.332930981296039485e-01 1.685460840485215883e-02 -4.620421092119778722e-02 1.855240395723804503e-01 1.163940067991397348e-01 2.840811431730721481e-01 4.435585176025951260e-01 -5.233425387528385375e-01 -3.726379125145236060e-01 -1.079829435472772770e-01 1.820070078950470349e-01 4.145338718040018078e-01 5.657573315069809317e-01 3.862823760530670891e-01 4.438578777444830425e-01 -9.668856596144211057e-02 -1.141710558423226912e-01 -1.271259234492012613e-01 -1.155940949399491408e-01 2.096135075123548019e-01 -2.797919327672046541e-01 -3.078972788483688716e-01 -3.196796215749295872e-02 5.239406078201184341e-02 -1.731848368746298494e-01 -3.815179951686453741e-01 -2.254145271922032012e-01 1.108934761528398635e-02 1.975595936257602825e-01 7.814416121049966302e-01 7.010346879311194490e-01 2.430496986089202283e-01 -1.333574064649162005e-01 -3.233542975425392641e-03 6.659204292507384104e-02 1.131760109918577284e-01 -1.738321090803610913e-01 7.707786072707882574e-02 5.066594899942723773e-02 -7.087678132671701436e-02 -1.192095656061770703e-01 3.149503234904393878e-01 -6.437621807567264764e-02 7.796027869710472555e-03 5.447142508073987699e-01 5.299029723276412751e-01 -3.173637529374478961e-02 2.946956509717933714e-02 -2.478319360881249267e-01 1.385214090704722789e-01 1.954398683858541430e-01 7.928659849212078836e-02 1.539884617864543670e-01 3.877178035121228716e-01 -5.600393635366990308e-02 -1.538694003936032784e-01 3.065838964045519144e-01 1.693939770513443743e-01 1.904742791866557428e-01 3.456393814292343936e-01 -1.304755602828003846e-01 -4.675880565145364987e-01 -2.693294011316306746e-01 -1.659999021359339355e-01 3.596514653128791150e-01 3.583421482586319762e-01 -1.465796903385387651e-01 -1.905366563440771543e-01 -4.610590099658627705e-02 3.302987762444045683e-01
6.373770930972856574e-02 8.817312475470875932e-02 -8.997792520808946259e-02 -3.969028385681579868e-03 -9.546066885845809480e-02 -9.354417265312810204e-02 -3.085574334829045418e-01 -2.427305886459328599e-01 -2.816142411489814257e-01 -3.032843521721207969e-01 -1.880964091716493328e-02 2.510774648514927931e-01 1.000000000000000000e+00 3.624140728730222416e-01 2.219114666991811313e-01 -1.153752189319655480e-01 5.373263074932250749e-01 1.473273975835879268e-01 4.535330483788808653e-01 2.582947698599408759e-01 2.125184320405980043e-01 6.217283631442837022e-01 1.996096306270432053e-01 3.271320574741978793e-01 -3.520279090679614975e-01 3.880516901008344566e-01 4.819570384848730904e-01 6.000096512719931274e-01 4.431546951831629721e-01 1.442526572146425046e-01 -1.647731897483822316e-01 1.058057492800490093e-02 -1.121341313672004070e-01 3.323876439236019831e-01 5.933588715616836540e-01 -1.572355172907592136e-01 3.226330027287961921e-01 -2.621942989855935990e-01 -2.749015188886863581e-01 -2.432174983280585012e-01 4.162834392987060234e-02 2.717346720330895415e-01 3.807855389216309727e-01 7.108221357416191766e-02 1.819925473850423636e-01 3.485975025972157804e-01 2.111370983604042850e-01 1.410540674279963103e-01 -1.983068744589747134e-01 6.265918393811382991e-02 -6.523410286427798466e-02 -7.464862388578001606e-02 -3.485614642398122964e-02 -5.749116358632515994e-02 -1.629408774092185042e-01 -2.290039305399287073e-01 -2.410031707327169315e-01 -2.137757704352120924e-01 -2.493012297913674291e-01 1.114016827909946883e-01 1.526464873278776668e-01 5.528899690874153894e-01 2.634822296038523137e-01 2.196568374528321543e-01 2.435771776982219861e-01 2.148596339951747425e-01 -2.426625678325026458e-01 4.027029363068640455e-01 3.220326374456998209e-01 1.424207287346902495e-01 1.165060047098152168e-01 4.208046015010996066e-01 1.636517115888938001e-01 -2.846224320017207710e-01 1.866272302627730306e-01 -2.527173614966737522e-02 4.317916686416449212e-01 2.597051994708566847e-01 -2.084770786909668217e-01 1.263046258052154536e-01 3.861126952558399106e-01 1.298045500242625272e-01 -2.033613984293983559e-02 2.915266118867632095e-01 3.894095080836747491e-01 1.230534476667617533e-01 3.197524522398508817e-01 4.779183445842601907e-01 2.377913665456519443e-01 -6.779505458253005934e-02 -8.904738160112694867e-02 -4.284652070440859162e-01 -3.096124998921293558e-01 -2.041719446385574510e-01 1.828190842507788298e-03 1.858988158769594723e-01 2.456218473167196825e-01 8.702903141159258615e-02 -1.025021174279358016e-01 2.020248404654416061e-02
-8.479750724877013757e-02 1.436874601406938901e-01 -2.216990214272938076e-01 3.647566734732402005e-01 2.543168077808359295e-01 -1.329123863141392081e-01 -3.515592447009685539e-01 -3.992050022383428209e-01 -3.971637700421939976e-01 -3.983409888434838453e-01 -1.728402840274654850e-01 6.074490928272802126e-02 3.624140728730222416e-01 1.000000000000000000e+00 8.244898001144758126e-01 -1.549217155683565716e-01 2.252369279612162767e-01 6.669881913785685908e-03 5.714361536495602412e-01 4.085746382066656746e-01 8.003959743767533608e-01 3.031134555611125769e-01 8.045570653128069072e-01 2.456494230963777448e-01 -3.463779851403265275e-01 1.604765185067135447e-01 3.986076279263602307e-01 3.567448026365101499e-01 5.012947247658348093e-01 6.566730473923363398e-01 -1.396707974130015351e-01 3.265112142054087951e-01 1.924358098504480585e-01 1.576780613849257107e-01 2.902008335172261422e-01 -9.009259149258713739e-02 4.771792032045273080e-02 -2.749505088831358801e-01 -3.970855974678089151e-02 -2.453889078778212773e-01 -1.135613375053877577e-01 1.163044927988988834e-02 1.810952337850325333e-01 1.700421073469887967e-01 -8.602688313195841485e-02 4.263234911104614167e-01 6.973161891615812236e-01 5.112512457039101177e-01 -2.003408172058926129e-01 -1.167944690260464130e-01 -4.150706485112966582e-01 -1.644698534056903694e-01 1.566973543964605420e-01 3.178043821280657766e-01 -3.153452636168567191e-01 -3.494648726650090298e-01 -3.822917616705620025e-01 -3.879398413395746537e-01 -2.894718529702722254e-01 7.657398179124218218e-02 4.995162566842865220e-02 2.231324790521891643e-01 4.341291857668822529e-01 6.820821507282794904e-01 6.369554607709914107e-01 7.874537175425490032e-01 -4.509263637958401683e-01 3.774837466387452878e-01 3.442833048282734620e-01 7.837467553937743636e-02 5.678029402142963367e-01 1.798401923717732331e-01 7.174754263590822356e-01 -2.704769437798386633e-01 1.103271343770299423e-01 8.616071126310165251e-02 2.855714703549387390e-01 6.834262207133041667e-01 -1.679776837820315949e-01 3.789301910630212267e-01 1.670763265365194650e-01 -1.521310626734286298e-01 -3.101550618937869430e-01 -7.307574440734479482e-02 1.691128970961645051e-01 4.527453699008066046e-01 4.215257205694808440e-02 1.584379017276973389e-01 6.216368104441734321e-02 -2.604355693087812007e-01 9.927007779073780680e-02 -3.114683918037080002e-01 4.217972541412189080e-02 -2.058018104809024584e-01 -2.090809964721247194e-01 -1.776391121018235358e-03 3.732668340930030415e-01 4.031607897128114404e-01 -2.133077420895905241e-01 -2.187707238333433668e-01
-1.856102560574121596e-01 9.219065385054485418e-02 -3.333229287405185537e-01 4.686622834827660067e-01 3.590436239612238012e-01 -1.893124166453158674e-01 -3.187117391092138541e-01 -4.018193347095013745e-01 -4.079725408526571617e-01 -3.164002812123178909e-01 -9.920533893500073364e-02 1.231101789329299701e-01 2.219114666991811313e-01 8.244898001144758126e-01 1.000000000000000000e+00 -1.682675294064044647e-01 1.751969981913726812e-02 -1.652312602611569758e-01 4.472180382853953584e-01 2.304766628530725558e-01 7.172346649896579329e-01 8.214592241457502331e-02 8.384568348185486020e-01 2.228523475028125200e-01 -2.234901823297777979e-01 1.410984318292700934e-01 2.316949111873069234e-01 2.543947878020850206e-01 3.121314249372563188e-01 7.732420936861564842e-01 -1.436639705425588609e-01 3.937775989264454823e-01 2.437531504817477823e-01 -1.323531956123514750e-02 1.440767597664058264e-01 -1.071149791612563545e-01 1.693653259130581401e-02 -3.374459081420261852e-01 -2.288480816392688896e-02 -2.356151210643057381e-01 -2.601037109899310140e-01 -1.224792320143991593e-02 1.439940372619204489e-01 2.175140938981496019e-01 -1.030183237381558370e-01 3.066314912415954441e-01 6.695567331513641030e-01 5.009161734730358528e-01 -2.461613524790533247e-01 -2.418760993239063573e-01 -5.436517384147199206e-01 -2.494576304823960533e-01 2.083747234926548730e-01 4.454216707406450926e-01 -3.626742572320701408e-01 -4.426170852287066859e-01 -3.983179226070650558e-01 -4.217497414893831564e-01 -1.727977489001369660e-01 1.762624714651679081e-01 1.691643535484443905e-01 1.972892863206964220e-01 3.934994792058337798e-01 7.255880874874627295e-01 6.998155424437126904e-01 9.023866751041407230e-01 -5.046148095775200293e-01 2.925486852336475763e-01 2.250435721452583027e-01 -2.404607089682133519e-02 5.206847987460136995e-01 1.366491533689083437e-01 7.421406773696778147e-01 -2.808980326904497726e-01 1.658553927347798940e-01 2.077904090621291722e-01 1.099261244421869677e-01 7.288208694840353497e-01 -1.302306209261477610e-01 4.494762534217559558e-01 6.216111766610783046e-02 -2.896093757548683922e-01 -3.616725277868542143e-01 -1.001845288987156940e-01 5.265870644078270851e-02 4.651365355423432435e-01 -1.267013754432775273e-02 7.318034142339904791e-02 -9.042329632810211515e-02 -3.049895860864645369e-01 1.188462801114860690e-01 -2.926185499109605903e-01 8.616990438266419750e-02 -2.195476592564840901e-01 -1.759828932374676858e-01 -2.224246574471605564e-02 2.747419602264219995e-01 3.639639099825373592e-01 -3.211068207710067735e-01 -3.150197769113201596e-01
