1.000000000000000000e+00 2.379875647823270768e-01 4.780644990882179091e-01 5.144705162865845921e-02 1.939041699248751915e-01 2.469121780454566206e-01 -3.047813165792589291e-02 9.506734080530319930e-02 -7.017866757863235050e-02 -3.155257104014828617e-01 -8.650631895100108215e-02 -2.684039655280071046e-01 -1.230472319352578087e-01 -3.486211532257848522e-01 -4.057849389439394105e-01 2.492372575503311871e-01 -9.005483613963848055e-02 6.495784053375555644e-02 -1.883842692102198901e-01 -1.616031616530554105e-02 -2.977037365265395308e-01 -8.892444636631752219e-02 -3.391561253757987004e-01 -1.771767076597278723e-01 2.004451984543506038e-01 -5.815749068026587060e-02 -1.007370107033930123e-01 -2.033274793676782127e-02 -1.726494427689469202e-01 -4.084929819145828866e-01 -1.309160578033095046e-01 1.869738369355179175e-01 5.863711906042035418e-03 -1.176720976487445197e-01 -2.678319239765131546e-02 -1.555862329412876222e-01 -1.766945608321991990e-01 2.028841203654396519e-01 -7.901528860253206887e-02 -2.960962710750725257e-01 -1.243848275559293060e-01 -1.532000497390494376e-01 -1.222649337122101165e-01 -3.832425679375222466e-02 -1.048664510405416112e-01 -2.642537292585681596e-01 -2.460443219133102155e-01 -2.878206808254960558e-01 2.053843407720855885e-01 8.325740412643012345e-02 6.132351120407185663e-01 3.500929341207743573e-01 1.085181769706501376e-01 -1.193295314272165980e-01 1.982222445073523742e-01 3.426395612412921898e-01 4.597784278921710627e-02 4.536750667572148066e-02 -2.370111453978694938e-01 -2.659226084913531019e-02 -4.218120349204220604e-02 -1.120702026592540618e-01 -2.456420788760706464e-01 -2.869865096727361453e-01 -3.586541995922230552e-01 -4.084331522086013799e-01 -1.015981715467806495e-01 -1.906846183655115934e-01 -3.073761248440617933e-01 5.209211366375578189e-02 -1.601181526074374195e-01 -1.143800088892277661e-01 -3.179939922659083540e-01 -1.573794632210979982e-01 2.001398804577245866e-02 2.956612920797861005e-02 -2.268669027670720817e-01 -3.185689122183282262e-01 -8.207682214530018228e-02 4.964367203621734836e-02 -1.850249170281959010e-01 1.060561946212688761e-01 -1.783617729126335538e-01 -5.858375820610004642e-02 -1.696751475812775245e-01 -2.589266537581215721e-01 -2.669158037018442564e-01 -6.874423457624531664e-02 -4.453203715096563237e-02 -9.058147612294735473e-02 2.591341220696489686e-02 1.071394949655336132e-02 -2.545316936434101063e-01 -7.249049595575600413e-02 -1.701092986539741725e-01 -2.103014962129902132e-01 -2.269100507269853628e-01 -3.001945205965007024e-01 7.448583814516469837e-02 -1.059068640172574054e-03
2.379875647823270768e-01 1.000000000000000000e+00 4.722950189728424841e-01 6.995352390021613020e-01 2.413924672879032562e-01 2.568781657727293721e-01 3.671883667965462061e-01 6.333771897361911707e-01 3.468115665883358401e-01 -1.781458325114056995e-01 -4.312969224198937579e-01 -2.847317921812284047e-01 -3.254796063286804486e-01 -3.779912181567619545e-01 -3.908375176648216653e-01 4.377573497976042782e-01 -2.007478833623775882e-01 3.337199104538502437e-01 -1.385455369784687474e-01 -1.520591692626770408e-01 -1.616934727736122901e-01 -3.419246568827674637e-01 -3.745494926746236741e-01 -3.523650927308145109e-01 7.134333666861568390e-02 -4.012739566983447026e-01 -3.807989134119894592e-01 -3.426202109504390969e-01 -4.378238950401018292e-01 -3.414198983225222861e-01 7.835866731237260685e-02 1.016128000747353738e-01 3.414188348986239158e-02 -1.026808185780375277e-01 -3.022117713596882971e-01 -1.744362714419618599e-01 -4.872767547761319151e-01 2.623057684285405866e-01 -8.891706908705804269e-03 -1.565152532102757899e-01 -4.241615836647353865e-01 -8.364862555611843331e-02 -3.372353857923849341e-01 -1.101047549074612303e-01 -2.076209816619395132e-01 -4.008710997123252073e-01 -4.269559461008322065e-01 -4.287718368897876497e-01 -1.464699858801578047e-01 -3.715887421773695354e-01 4.557652704177549419e-01 6.631219522359845797e-01 5.529279884230959841e-01 2.502690110844286164e-01 2.490261374827740237e-01 3.015787535233742656e-01 5.136400086141388321e-01 4.847469664295027680e-01 -3.277019473504885760e-01 -4.733424475389723662e-01 -2.358270184699642336e-01 -3.053608021816913154e-01 -3.510837352078047258e-01 -1.597706716742100241e-01 -2.308702063446000097e-01 -3.156108131751907964e-01 -1.203420259112755464e-01 -1.850190511521003778e-01 -2.281082731658672647e-01 2.631711244165122476e-01 -1.521038606986798158e-01 -3.272030021931153776e-01 -2.840580146159464303e-01 -1.668942356950436356e-01 -1.603181890456299719e-01 -2.075019317727055113e-01 -3.623308773559377749e-01 -3.847742788182263451e-01 9.405975009842809653e-02 1.616454374069630981e-02 -3.808633928680352776e-01 -2.074161464136124455e-01 -3.260438202500823279e-01 -2.506404840324480965e-01 -3.451021458076554693e-01 -3.824622894750145941e-01 -5.286089207062645290e-01 -3.725653378623450251e-01 -1.230708077945699280e-01 -3.307266359058512739e-01 5.007483193839549346e-02 1.717997589227356903e-01 -2.517750561338283344e-01 -5.847072822474781717e-02 -3.546064224049816915e-01 -1.894423565036386092e-01 -3.831098873089017753e-01 -4.221419855394945575e-01 -1.099782833412065869e-01 -4.627205395410560196e-01
4.780644990882179091e-01 4.722950189728424841e-01 1.000000000000000000e+00 1.184315300714250258e-01 3.808136159271136578e-01 5.631271622339834027e-01 2.467017230817559192e-01 5.763716649905974432e-01 3.559733735621608552e-01 -3.671942506657793204e-01 8.073254692579214659e-03 -9.905981476270891983e-02 -4.732430016689329055e-02 -2.858684760283390358e-01 -4.141628810038427422e-01 4.473620864550240106e-01 9.728848691728740616e-02 3.654829274487596535e-01 2.838053207714849938e-02 4.198459718613448133e-02 -5.899865438791392774e-02 -4.275699126732303984e-02 -3.332075232109500962e-01 -3.847411837897483922e-02 1.518237455933941216e-01 -4.922459997721823077e-02 -8.846209892916098716e-02 -2.389608908625513381e-02 -1.675376370169907037e-01 -4.306817266924973797e-01 -4.895816068463736126e-02 -2.091008607434700906e-01 -1.928400576772157649e-01 5.833028240362930078e-02 5.949897104147684052e-02 -1.153252459519463480e-01 -2.679853320432295516e-01 5.620605372745009209e-02 -1.698928620491471919e-01 -1.779946158274243462e-01 -1.944285345883356164e-01 1.936679087711217981e-02 -5.837590837728967585e-02 6.367553499640486725e-02 -8.952028696028941680e-05 -2.703322805022516095e-01 -3.394617382360000102e-01 -3.609344721600981631e-01 2.358495280448827947e-01 -1.544581606255742215e-02 4.381302181745030944e-01 7.299844990991150029e-01 1.767739549389074072e-01 -6.557477373806722132e-02 5.941907477447375685e-01 6.408772987052625547e-01 3.707387195299205462e-01 4.367240271658699990e-01 -2.226199798967528343e-01 -1.796178604115696714e-02 5.202085523066075912e-02 -5.381691946504942037e-02 -2.835517492045592225e-01 -1.230773932462106562e-01 -2.963542272774816189e-01 -3.785205559388457597e-01 -7.863341726555908573e-02 -2.907422636233061158e-02 -1.585269867367553598e-01 3.173215799925324654e-01 -1.010102633055198207e-01 -5.494761532551585559e-02 -2.541474170814052580e-01 -5.127082650967173215e-03 1.637047545707939478e-01 1.838007038263389237e-01 -1.614132303279774971e-01 -3.268758551324305039e-01 -1.012691218174529145e-01 -2.211726221805035697e-01 -1.068132199588635728e-01 -4.573334087167484768e-02 -6.455877862333006534e-02 9.489041621357305334e-02 -7.636070553514438808e-02 -3.144747901406608759e-01 -4.189555325801974095e-01 -1.962792148236256196e-01 5.267248037065530575e-02 6.087424631939281419e-03 -1.806908927644653717e-01 1.154770978833434963e-01 -3.820500427201795612e-01 7.132630806801795731e-02 -1.062224723715931712e-01 -1.340658769927297878e-01 -1.873966210090594331e-01 -3.841204385928854714e-01 1.138821842347698260e-01 -1.154922736202140393e-01
5.144705162865845921e-02 6.995352390021613020e-01 1.184315300714250258e-01 1.000000000000000000e+00 7.226100181846570325e-02 -8.369879963681911561e-02 2.370864567155302194e-01 3.721632220371613453e-01 6.816146612837921392e-02 -8.758643777373903427e-02 -4.177444685520526058e-01 -3.707984269315784398e-01 -3.196571602628873743e-01 -1.688669108156057030e-01 -4.894533432991104993e-02 3.230434874201061346e-01 -2.224794401586584203e-01 1.315910106946415747e-01 -7.323704268109641757e-02 -2.253644086646568456e-01 -2.120747527585362460e-02 -3.491897036004434907e-01 -8.631393066243037149e-02 -3.844892760316999669e-01 -3.760912025679306186e-02 -4.091546962523248121e-01 -3.276004129181276370e-01 -3.804743227314171250e-01 -2.431317997346429671e-01 -2.450777334494693219e-02 1.572191581520598902e-01 4.125829151916820536e-01 3.295671611197855122e-01 -6.255545095056622151e-02 -3.571604396202377463e-01 -2.546777661959498951e-01 -3.724211114096672715e-01 2.596555872580171842e-01 6.236943949112169761e-02 -1.571339039260809256e-01 -4.489330643259877296e-01 -1.477815753911848051e-01 -4.128956167392557886e-01 -1.413215716081562545e-01 -3.290260007822674027e-01 -2.135858286118991756e-01 -2.224012820721152361e-01 -2.397615817060441690e-01 -3.223774531111651687e-01 -4.375398672765400954e-01 3.212372213996535497e-01 4.059311271791973263e-01 6.017690812136554657e-01 4.098413329435590113e-01 -1.654955735137818296e-01 5.193495531086973239e-03 3.592089282956145158e-01 2.226878395897302909e-01 -3.424052507375751064e-01 -4.056878981001321716e-01 -2.939919899585210494e-01 -1.950825492662396909e-01 -1.128387212573549597e-01 1.184962657407261262e-02 8.224566077471522074e-02 2.744211463372678295e-02 -1.493823204894086931e-01 -3.182517410659359280e-02 -3.415900766923937737e-02 9.733235820066193922e-02 -4.753721625400096976e-03 -2.367890329451070031e-01 -2.867102035197011123e-02 -1.358791971962833023e-01 -2.149505247079658843e-01 -3.119194500680676496e-01 -1.574021707013572580e-01 -1.501991475983300572e-01 1.347836257393092152e-01 3.087442602411651915e-01 -2.739911720294798125e-01 -3.064242630099443532e-01 -4.317417629848591121e-01 -2.787764815940404484e-01 -2.889403983878646165e-01 -1.554970142592498328e-01 -3.050952287830470122e-01 -3.269389692323617647e-01 -2.198853600667564911e-01 -3.667405968517538639e-01 1.899241976414490496e-01 -5.055177936138565559e-02 -1.172881264191319578e-01 -2.398152894421419212e-01 -3.990116099086573054e-01 -1.351690130805193457e-01 -2.697648314811366688e-01 -1.541573103543219803e-01 -2.769436752293057968e-01 -4.766512731789476764e-01
1.939041699248751915e-01 2.413924672879032562e-01 3.808136159271136578e-01 7.226100181846570325e-02 1.000000000000000000e+00 2.632489163553358713e-01 -3.326623774980121823e-02 2.542428072768090352e-01 2.806047669596640204e-01 -2.625704237654970519e-01 6.236106188348525953e-02 -3.383734094945346077e-02 4.394414006441427212e-02 -4.083420020899636987e-02 -1.657631548053620785e-01 2.066170066861436894e-01 1.168038079548329167e-01 2.552794964404536127e-01 3.344629021344482783e-02 2.060206593699256128e-01 -5.473083311758284580e-02 2.312535770723408643e-02 -7.019078881027009109e-02 1.621349182883185819e-03 -6.488014952451745532e-02 9.198429634262160481e-02 1.859463682436491086e-02 2.673601708870143590e-01 3.379263919505941238e-02 -2.411568652607765095e-01 -4.458569706133946875e-02 -2.463732092662656858e-01 -3.811090204209951343e-02 6.702271838795588466e-02 1.439183696145879265e-01 1.197033182928728678e-01 1.463829952854289913e-02 -1.932363348769839395e-01 -1.929563843212892260e-01 -2.440925613233532465e-01 5.309111427344945233e-02 1.961575887623780989e-01 -2.278444827491405214e-02 3.004459970609001940e-01 2.706739042927418515e-01 -6.473724203523038845e-02 -5.135457158666629357e-02 -1.445302028266897409e-01 1.336861984869723297e-01 7.961064675591754403e-02 1.347440407734305512e-01 2.297938393541568425e-01 1.613624342652905386e-01 3.951988404348121264e-01 4.827670602619734685e-01 1.503229583842003170e-01 1.393738018971696913e-01 1.978349881346287420e-01 -2.373178117994793612e-01 -3.704941600874818441e-02 8.977207389563354734e-02 -4.087153828526470661e-02 -8.867680516478759767e-02 -8.063651219288200944e-02 -1.986829342424025757e-01 -2.123719201614386876e-01 2.055523964695389616e-02 -3.477811783671774098e-02 -1.102522197507227741e-01 1.559641176277325458e-01 -6.968443498975927797e-02 -3.532253541554010445e-02 -1.761759778507710206e-01 -1.327125997116005429e-01 9.836225116037342064e-02 1.049442863510467866e-01 4.499187900966327563e-02 -1.980459879424717462e-01 -1.439488795894192374e-01 -2.143695227429613936e-01 -1.693022079923014456e-01 -1.717093333636015781e-02 1.705265200070237575e-01 5.539307213114418038e-02 -2.193499151202911793e-02 -1.282399097049058967e-01 -1.756232398999111877e-01 1.161371868644453659e-01 1.362386094106827761e-01 1.278924466049977983e-02 -1.060294118650123713e-01 -1.887478685896245567e-01 -2.031749708531396803e-01 5.215898348407228824e-02 1.680083090789838071e-03 1.389285976001456147e-01 -7.599555457839650419e-02 -2.422245894747658279e-01 5.393354969678126887e-02 -7.493232205009449365e-02
2.469121780454566206e-01 2.568781657727293721e-01 5.631271622339834027e-01 -8.369879963681911561e-02 2.632489163553358713e-01 1.000000000000000000e+00 3.305048679244653731e-01 4.394563954652619953e-01 5.924691173223475271e-01 -3.929839726079464163e-02 6.605250181613522842e-02 1.698458515032011396e-01 4.466857343997983343e-02 -1.948292062608963093e-01 -3.372257596513712485e-01 7.127274886956777578e-02 2.492259280858480711e-02 2.007777284667461026e-01 -7.136072714997421761e-03 2.101940726208982035e-01 -8.771311994984212768e-02 -3.093189172367073053e-02 -3.379836459833204243e-01 -1.293667099530639367e-02 1.042570146381067708e-01 -2.348021222077219944e-03 -1.257609257538213621e-01 -1.909789055159452908e-01 -5.942950877687522282e-02 -4.013460352506188489e-01 -4.503526228065837800e-02 -2.964979453221746053e-01 -3.033149932430499462e-01 -5.615952352374834616e-02 -1.183541624459190714e-02 2.098813822949841257e-01 -1.447977376861512289e-01 1.907312498543623988e-02 -9.664168624272378993e-02 7.162188090641408156e-02 1.176172560248338501e-02 -8.324678833849724624e-02 4.388704794383278818e-02 -9.832876722231261024e-02 6.715886859781411422e-02 -2.770708706996059534e-01 -2.593387461649174219e-01 -2.260487617999483445e-01 5.140517932688204450e-01 1.010696353058929686e-01 1.207272462616819364e-01 4.503864646407579331e-01 -4.981238153119228046e-02 -1.583217232358515580e-01 7.108909594071627369e-01 7.858325738372352598e-01 2.145721813263056221e-01 3.659174273136175937e-01 1.833312520850866392e-02 -2.640199397777064083e-02 -1.913087031354395590e-02 2.044697852551133690e-02 -1.842946228286180821e-01 -1.485174190152569740e-01 -3.288053854047836566e-01 -3.093558918077798925e-01 -1.458892749176193999e-02 -6.287646013619851981e-02 -1.939070199290625629e-01 8.507187861814029251e-03 -1.121482928724786415e-01 -1.093663143068255572e-01 -2.469022491558525711e-01 -7.001501601970880340e-02 -2.349677043826923703e-02 7.136063824198229932e-02 -1.254073730281114740e-01 -2.742322445939786579e-01 -1.000980303459019366e-01 -4.043242357581570134e-01 -2.002209252212469592e-01 -1.489708247037379862e-01 2.418660740656714339e-02 5.135748780259859203e-03 -7.300795804480983420e-02 -2.362271691129733120e-01 -1.266678269369725107e-01 -2.886506816746689519e-01 2.812836340157555126e-01 -2.304621893799123356e-02 -9.075139550737128247e-02 2.675523659111248564e-01 -2.605937139794109458e-01 1.756399706083013879e-01 -7.284382749914666833e-02 -7.841937796928688531e-02 -1.743990324841665773e-01 -3.212680782109923472e-01 5.839796443661773306e-01 6.536868343401548709e-02
-3.047813165792589291e-02 3.671883667965462061e-01 2.467017230817559192e-01 2.370864567155302194e-01 -3.326623774980121823e-02 3.305048679244653731e-01 1.000000000000000000e+00 5.271531077720493785e-01 5.193965056432254812e-01 5.996740447347623931e-02 1.753619511334624653e-02 1.385774477731811782e-01 -3.865937027154730393e-02 -2.416321529346099617e-01 -2.152468937594098353e-01 5.870369426431771842e-01 -1.944846991619594238e-03 2.812963402756814002e-01 -6.154890799958032815e-02 7.844411019053397494e-02 -6.553710295120962481e-02 -8.653376426881717598e-02 -2.578895455686844862e-01 6.107519595327485368e-02 -4.027618788674361232e-03 -1.559711558254566754e-01 -1.099699611953080525e-01 -2.277274220393914750e-01 -5.644838003543353744e-02 -2.777121334438628630e-01 1.293382647943435992e-01 -2.633370451982289251e-01 -1.989808369399245491e-01 3.076414713818895891e-02 -5.786410446522968071e-02 2.905687327483095772e-01 -5.655709379345778831e-02 1.223564191234729481e-01 3.274020756610977051e-02 4.883557889837624733e-01 7.953809805023995261e-02 1.685838139748243106e-02 -9.609442361813279321e-02 -5.365303992354679419e-02 6.993471396549826025e-02 -1.954282178354461719e-01 -2.169280661336440708e-01 -1.284230032183774628e-01 1.873182205954019575e-01 -1.333565283204445583e-02 9.378749679019349195e-02 4.363805721698379991e-01 2.478879094718462461e-01 5.301376715313983745e-02 2.982263207236105496e-01 3.684714820938982394e-01 6.133726933374437085e-01 5.164279465424154170e-01 6.580538694875194550e-02 -6.311094379960258127e-02 -2.328476490472918686e-03 -8.972251623539516385e-02 -1.776839052125526175e-01 -8.297707473176307857e-02 -1.534751015160384646e-01 -2.050045333847148599e-01 4.183152642158617374e-01 -3.364136846312973383e-02 -8.883103893395277728e-02 1.324494827747330072e-01 -6.870218925825806455e-02 -1.095422426200935995e-01 -2.115396284495140444e-01 3.639201840017641243e-01 6.263271514857185474e-02 -4.498993566231156149e-02 -3.602928709973041155e-02 -3.056438493052526795e-01 7.355870611953073401e-02 -3.263973756504895407e-01 -5.798816422726792846e-02 -7.217929037792068792e-02 -1.362604796478408299e-02 1.174962234099076117e-02 -1.429780756551475400e-02 -2.231196975119347503e-01 -7.343813656640435505e-02 -3.532137855620071099e-01 2.840753885818010360e-01 1.357464283147813977e-01 -1.614659939277464096e-01 2.635784251331892980e-01 -2.840602251539060819e-02 1.030763193119398763e-01 -2.724784844302068770e-02 2.697101838202119184e-03 -1.206807355918982916e-01 -1.934781951362298247e-01 2.626955699615621809e-01 -3.013726063136127134e-02
9.506734080530319930e-02 6.333771897361911707e-01 5.763716649905974432e-01 3.721632220371613453e-01 2.542428072768090352e-01 4.394563954652619953e-01 5.271531077720493785e-01 1.000000000000000000e+00 7.003039954606244955e-01 -1.041948888819632379e-01 -3.194600908379210957e-02 1.170343785437444606e-01 2.750601574834008953e-02 -1.954068299942383902e-01 -3.201545436442906900e-01 3.890763524021850217e-01 1.966666617029394493e-01 6.423866977647934018e-01 2.089623371860158119e-01 9.528114890456618191e-02 5.257362679126377503e-02 -6.072540858234791797e-03 -2.209671336122610852e-01 2.868105313536086290e-02 4.012614247626408032e-02 -1.824202594907663733e-01 -4.595552540229911470e-02 -1.344568383622755936e-01 -1.281008763126390282e-01 -3.538030031183487800e-01 1.148813475963856093e-02 -3.085102674157879643e-01 -2.892972519695997669e-01 2.249367805965371836e-01 5.584014913140565584e-02 1.914355136683678626e-01 -2.125830089589366978e-01 1.580965216874198609e-02 -1.094604471362071452e-01 2.923644153834304912e-02 -1.888557080779332265e-01 -2.144618458854441814e-02 -9.686112975167199268e-02 -2.983412084884549433e-03 9.005149524132660677e-02 -1.747681586889862360e-01 -2.646416506854326611e-01 -2.952116237606846050e-01 5.023963276146925505e-02 -1.517511672204976125e-01 2.224453983419653336e-01 6.555934285003319761e-01 2.938162804533420158e-01 2.766269546626613784e-02 5.136971001775141321e-01 5.578925668461718335e-01 8.141210252228568978e-01 8.305438472392223659e-01 -6.891938019915354319e-02 -6.845087277145199545e-02 1.759302122057296580e-01 -6.880514186448777325e-02 -1.677187862802547447e-01 6.369180847922484290e-02 -1.265505089378595460e-01 -2.693543191345118548e-01 1.448487005010709316e-01 1.433907698444751022e-01 3.522180511562261057e-02 4.756108161469823625e-01 -9.036586675354212755e-03 -8.331251266335378686e-03 -1.181561666252623904e-01 1.478182494184368534e-01 1.814429467527621243e-01 1.242946363439967616e-01 -9.733106239716585173e-02 -2.510573290840599769e-01 2.077195250033121721e-02 -3.793856461502668753e-01 -8.374806753666259873e-02 -1.923129686563317953e-01 8.059275367209245509e-04 1.524000236783058237e-01 2.327795693833623059e-02 -2.469258978144937555e-01 -2.841616449312944215e-01 -3.072131661564275751e-01 2.701751801996556401e-01 7.323551018966723003e-02 -2.525882231610062645e-01 2.615360435726588606e-01 -2.739879147545971061e-01 8.224382834770477269e-02 4.203312104462272013e-03 -4.035409700431198676e-02 -6.993524181302877840e-02 -2.852424732920903483e-01 9.583239079057935539e-02 -2.172182536191709368e-01
-7.017866757863235050e-02 3.468115665883358401e-01 3.559733735621608552e-01 6.816146612837921392e-02 2.806047669596640204e-01 5.924691173223475271e-01 5.193965056432254812e-01 7.003039954606244955e-01 1.000000000000000000e+00 6.254825465567055709e-02 1.155213742037888291e-01 3.033503392791379594e-01 1.518706647054817171e-01 -1.026871520275585148e-01 -2.215764616639268325e-01 2.230334738024861707e-01 1.849889610234085047e-01 4.197399582067390944e-01 1.785257789181455557e-01 2.654340315966372543e-01 -1.555949955154619160e-02 2.958999815537307482e-02 -2.431661136278093216e-01 1.181249317217331202e-01 2.632938314530363158e-03 -1.405704081357645463e-01 -6.695688980016263614e-02 -7.956795353461729170e-02 1.459524883684749919e-02 -3.268021855297792433e-01 9.701451852558493072e-02 -4.224498504746321270e-01 -3.490448810695044313e-01 6.755844811068832667e-02 3.577333871525253256e-02 5.180905875753376577e-01 -2.106450277124407439e-02 -1.195211009278484698e-01 -1.515318286772883993e-01 2.205178513861488498e-01 1.335601708561058587e-02 2.536909105677883844e-02 -2.875865390246941378e-02 5.316792919990694782e-02 1.935085136433893627e-01 -1.521439440860049008e-01 -2.103996178351245916e-01 -1.832508136843207791e-01 2.765854473458896901e-01 -5.893626705960226808e-03 -2.349162440938769650e-02 3.364451013332300233e-01 1.567696557223655363e-01 1.112304862131812677e-01 5.853980433589025534e-01 5.794926408150760100e-01 6.082334978408970860e-01 7.733658093082138585e-01 6.829638700666118556e-02 -9.917985339365242327e-04 2.237761007209137232e-01 2.190941383882364507e-02 -9.367263307359498248e-02 7.910771016709304548e-02 -1.385358311030571443e-01 -1.683069871275481022e-01 2.960306449498603110e-01 1.084357710556767690e-01 -2.990941765484524117e-02 2.173425756600733394e-01 -2.659142957711843613e-02 -8.590779549948288074e-03 -1.646533965963880575e-01 1.948010779018543581e-01 1.514393308692835172e-01 7.727795292433400909e-02 -1.340686136841523317e-02 -2.259995768167333274e-01 3.098540467290140238e-02 -4.556829466844247722e-01 -1.118376662985855335e-01 -1.608673759699877914e-01 1.373403436332485128e-01 1.060113046113766583e-01 2.811685592691975585e-02 -1.954947810901359051e-01 -7.492162408018034070e-02 -2.441267659680898261e-01 5.477751805913061434e-01 1.588538506972564934e-01 -2.518370191058187935e-01 2.529879670207134668e-01 -2.044793675775421482e-01 1.765091062777603692e-01 7.427937471762982580e-02 6.969616823922071547e-02 -6.253150516527156144e-02 -2.670382715048293387e-01 4.278977227164417196e-01 -6.793945324962889776e-02
-3.155257104014828617e-01 -1.781458325114056995e-01 -3.671942506657793204e-01 -8.758643777373903427e-02 -2.625704237654970519e-01 -3.929839726079464163e-02 5.996740447347623931e-02 -1.041948888819632379e-01 6.254825465567055709e-02 1.000000000000000000e+00 1.101611697258444572e-01 2.974931198530019194e-01 -2.001784802728370227e-01 -6.420924037719212552e-02 -1.938183727820844485e-02 -1.841618565983642319e-01 -2.534177167965367405e-01 -3.671518730482398740e-01 -2.393432249793403521e-01 -2.957257612050547269e-01 -2.234677120499921343e-01 -1.721873600023614004e-01 -1.152879447985683536e-01 -9.322421223536928037e-02 3.972338569646837736e-01 1.221320033122935342e-02 -1.915446675289821654e-01 -1.976384668707914238e-01 -6.948958181151231039e-02 2.417290914186075515e-02 1.370689066757431740e-01 9.311370956603093330e-02 6.416694158564639761e-02 -3.182021946249505295e-01 -2.172261374754216323e-01 9.106838805639129453e-02 -2.317095426921783607e-02 2.337671227990325076e-02 1.716519359584870175e-01 1.676341605393026069e-01 -2.442005642878301297e-01 -6.929436183637930138e-03 -5.800515754337137730e-02 -1.894303393585098916e-01 -1.482700000121654760e-01 -2.124477210624460821e-01 -1.742490326401642808e-01 -8.904339323879383039e-02 -1.304393425327407263e-01 -3.686397794973904074e-01 -1.188941005113088867e-01 -1.217356564492051846e-01 9.347606658997291429e-02 3.451957394766159287e-02 -1.191055503925253362e-01 -1.495530066294160909e-01 -1.551632464197090847e-02 -1.694189983574782149e-02 7.279107948322997013e-01 2.741859857470716269e-02 -6.299715615987390438e-02 -2.942023445742069088e-01 -6.617416217070003215e-02 -1.853498025734383048e-01 -7.453874765127339874e-02 -2.405888038606434493e-02 8.468520409029436924e-02 -2.130310848216100672e-01 -1.600689865659989108e-01 -3.335922378242143771e-01 -1.587683958143350227e-01 -1.905369697199618684e-01 -7.648233448129267142e-02 1.249035180468138426e-02 -1.786924308861584099e-01 -1.055137091797531540e-01 -1.073733166372963788e-01 -2.537363287606794054e-02 2.224152232984926147e-01 4.275267598598038454e-02 -1.885836667194940031e-01 -2.708250690337405397e-01 -6.221911118200255941e-02 -2.925515051147942192e-01 -1.650119553686672791e-01 -1.603821644093130216e-01 1.768036284047889428e-01 -1.569023249383958152e-01 -1.194259527651882064e-01 -2.981697613739154873e-01 5.881404542464862412e-02 2.791551977052517119e-01 3.810738537152767447e-01 6.603570976483915224e-04 -1.492691612221252739e-01 3.998258844529595235e-02 -1.626030478095267240e-01 -7.786389709727363495e-02 7.398141573650408864e-02 -1.848462085738881155e-01
-8.650631895100108215e-02 -4.312969224198937579e-01 8.073254692579214659e-03 -4.177444685520526058e-01 6.236106188348525953e-02 6.605250181613522842e-02 1.753619511334624653e-02 -3.194600908379210957e-02 1.155213742037888291e-01 1.101611697258444572e-01 1.000000000000000000e+00 6.638808004924510175e-01 5.696155239440731100e-01 3.144271540073495519e-01 2.174839838697590899e-01 -4.739392524992992045e-02 4.943588058419049469e-01 -4.505063631744569280e-02 3.208471796867892190e-01 1.814054121739425984e-01 1.153338935250050323e-01 4.774745321238653140e-01 1.665980355024145876e-01 5.952622577589967712e-01 1.481108975439413555e-01 5.444256593915792752e-01 3.877232021099216719e-01 3.764091632881191307e-01 4.699773030688328967e-01 5.920959710584959568e-02 -1.719126884058191085e-01 -3.819839477222547464e-01 -3.679833579019926026e-01 2.374823313744152675e-01 4.997735205905760036e-01 2.617101020508132980e-01 4.692717609938406031e-01 -4.131881098226519722e-01 -1.860135276638009705e-01 9.769043544517601318e-02 2.616725203006198819e-01 1.724815972007728848e-01 3.721419646786151558e-01 1.532690280765261759e-01 3.288761126094587595e-01 2.388798417194408219e-01 1.956044769874994982e-01 1.499433880254807672e-01 2.900981239151164126e-01 3.666284817301073695e-01 -3.713044627355022165e-01 -2.220323016557377016e-01 -3.561527374829417947e-01 -1.254874784300372137e-01 1.994995140911385578e-01 1.719120815261296897e-01 5.799009878508848415e-02 5.727543508160083674e-02 4.107571737198478790e-01 7.251014791280742111e-01 6.212722241052555106e-01 3.322946626568935580e-01 3.241064178166488396e-01 2.647669162274213228e-01 1.446795052017507133e-01 1.499303424578976862e-01 2.351715284765910630e-01 2.840611174629717461e-01 2.155522060151318087e-01 -1.382111316018343194e-01 1.106328737198215284e-01 3.988360943812312986e-01 1.794521918155330964e-01 3.000585971555158604e-01 3.551230175971955005e-01 6.194278006023582472e-01 3.995065003694329708e-01 1.985440565026109216e-01 -1.801072049712222345e-01 -3.267478316615088918e-01 2.591886401989720867e-01 -1.761790285823538471e-01 4.499117915037778581e-01 4.093560352098440380e-01 3.872964785210798455e-01 1.452484493246740116e-01 3.936514288422523489e-01 1.820291007624373625e-01 3.133496179499343226e-01 4.362899983689340067e-01 -4.615278058059556487e-01 -1.352249153916823717e-02 -3.945214135509170217e-02 1.777265173286643185e-01 4.441683820188871978e-01 2.295871542807774446e-01 3.123864397086881239e-01 1.539828097966693676e-01 3.153536469120767904e-01 3.909413519035778162e-01
-2.684039655280071046e-01 -2.847317921812284047e-01 -9.905981476270891983e-02 -3.707984269315784398e-01 -3.383734094945346077e-02 1.698458515032011396e-01 1.385774477731811782e-01 1.170343785437444606e-01 3.033503392791379594e-01 2.974931198530019194e-01 6.638808004924510175e-01 1.000000000000000000e+00 5.277154628826785654e-01 2.850658916018061761e-01 1.672912603398964138e-01 -1.827257416435859594e-01 4.715393136349255720e-01 5.658674903714472348e-02 3.276291551177389905e-01 2.281221452608603595e-01 1.597874629867518381e-01 4.423677271589032123e-01 9.763742565308283772e-02 6.194714216240743143e-01 2.466566044387426271e-01 5.335135981388066106e-01 3.081657125818603737e-01 1.904238832860487840e-01 3.527521016216755290e-01 5.505342304435868750e-02 -1.488902535510178149e-01 -4.189010917467823059e-01 -4.477185538682823540e-01 2.411821950730238251e-01 4.455613385073184940e-01 4.036260783152861853e-01 3.875102243424439763e-01 -4.006880064889799531e-01 -1.733373311008171713e-01 1.591739847674090436e-01 1.854060344158057205e-01 1.475602962102997868e-03 3.650109186295493746e-01 -7.635277548152277771e-02 2.642487283995740288e-01 9.899001303966352416e-02 1.087884181831840075e-01 6.965964102273113079e-02 1.452433756032400491e-01 1.882326245691792466e-01 -4.223598169905949384e-01 -1.786054997209395034e-01 -3.238965513046793698e-01 -2.392306428132285057e-01 2.331218917835926885e-01 2.112647715453049024e-01 1.840195962150404374e-01 1.933565402684072343e-01 4.951024106679877135e-01 4.736607204171852659e-01 5.422244355217217260e-01 3.289805099040252756e-01 2.988878560975802290e-01 2.613150476768824615e-01 1.085497606741726295e-01 1.428887387028744127e-01 2.031001698444219461e-01 2.569585362799970407e-01 2.333804435289026646e-01 -3.215763149219812156e-02 1.553471128047128336e-01 3.205512442359209069e-01 1.497643057175207792e-01 2.220470431635361563e-01 3.697398760790674976e-01 5.058613031777818847e-01 3.281442028885017126e-01 1.646266526222008308e-01 -1.132896674145677240e-01 -4.447299804899081388e-01 2.544362512003094379e-01 -2.209016080709824414e-01 4.209426907011064589e-01 3.696353774332628572e-01 3.350179299378387432e-01 9.135115771599887358e-02 3.937403830154546647e-01 -2.917439861761537620e-02 3.723399924914490011e-01 3.415514632739978240e-01 -4.760466808357355917e-01 1.562133474888038609e-01 -2.301460916114430114e-02 1.802507339689498889e-01 4.185263440209931463e-01 6.029609358453855844e-02 2.124615375693923724e-01 6.277001821153009586e-02 3.318509613512230505e-01 2.882915855286818929e-01
-1.230472319352578087e-01 -3.254796063286804486e-01 -4.732430016689329055e-02 -3.196571602628873743e-01 4.394414006441427212e-02 4.466857343997983343e-02 -3.865937027154730393e-02 2.750601574834008953e-02 1.518706647054817171e-01 -2.001784802728370227e-01 5.696155239440731100e-01 5.277154628826785654e-01 1.000000000000000000e+00 6.058777555940791926e-01 4.599228902743554559e-01 -1.689188963974921076e-01 7.745240747286290528e-01 1.954720067292516350e-01 6.571264739269051525e-01 4.793071679740800173e-01 4.960707031124312327e-01 7.201026414846495305e-01 4.536161664624361323e-01 7.178879433496655471e-01 -9.119666049219145310e-02 4.571086851208773782e-01 6.924016850122240996e-01 4.249613859536052751e-01 6.802414755831899251e-01 3.048014726447608735e-01 -2.658130596103326360e-01 -3.987302053330007423e-01 -3.815700604615564484e-01 5.812849323293785009e-01 7.167655636035082933e-01 2.678624298210352528e-01 5.637056988912347855e-01 -4.434466208535650100e-01 -1.868619896623569809e-01 3.876369651184603804e-02 4.270828879785021903e-01 -1.788926210979080098e-02 3.776816700687795625e-01 2.972964817100066937e-02 3.757799809734307384e-01 5.416267158929065628e-01 5.639284700168146758e-01 4.405404523953118656e-01 1.957974367248704051e-01 5.263384012536658219e-01 -4.486932677282621240e-01 -2.797070187026539645e-01 -4.745263128308097600e-01 -2.270992991563974828e-01 1.103542877364115382e-01 1.345528738412782588e-01 4.771262261573362001e-02 6.487254072957486517e-02 1.622885639051936946e-01 6.388219731918847177e-01 6.784931939713551019e-01 7.489514957579854748e-01 6.734930791084278168e-01 6.331349164129288498e-01 4.095768390700997297e-01 4.281180695504093747e-01 4.052877091723212227e-02 6.658178962216891872e-01 6.053732372795500583e-01 1.475447909371251087e-01 3.844397278841902299e-01 7.336741067480616607e-01 4.572132418362609418e-01 2.247544772033416849e-01 3.946287642578511501e-01 5.785048790888598358e-01 6.384940988764430392e-01 4.678279700465585167e-01 -3.660215876303227756e-01 -3.960570434986124821e-01 5.819117512924129043e-01 1.308290167417695739e-03 5.568488723337199353e-01 7.336780181981676918e-01 7.063902692146725171e-01 5.373485514742527558e-01 5.049608583828640862e-01 1.674781186950604073e-01 4.911846245641776076e-01 6.421239135635263828e-01 -5.464035163993361532e-01 -8.911094173390478324e-02 -1.457575408382768556e-01 1.367393556475173522e-01 6.082014558736679177e-01 8.903563178088343133e-02 6.110729813275993516e-01 4.399490988438866657e-01 1.998775052608386948e-01 4.717083510851035055e-01
-3.486211532257848522e-01 -3.779912181567619545e-01 -2.858684760283390358e-01 -1.688669108156057030e-01 -4.083420020899636987e-02 -1.948292062608963093e-01 -2.416321529346099617e-01 -1.954068299942383902e-01 -1.026871520275585148e-01 -6.420924037719212552e-02 3.144271540073495519e-01 2.850658916018061761e-01 6.058777555940791926e-01 1.000000000000000000e+00 8.141126758892583970e-01 -3.565079994049030199e-01 5.455107909769942864e-01 6.834709199518481174e-03 6.890285154278316115e-01 3.804291700035929424e-01 7.405450599974660042e-01 5.127908367884801422e-01 8.024315086561091270e-01 4.606877838181777651e-01 -1.989347637350302178e-01 3.604398452457581725e-01 5.920265260402735041e-01 4.366879509953536798e-01 6.993320889303606958e-01 7.416019412398082711e-01 -1.262954536422383200e-01 -1.023719476313566246e-01 -1.110614263664668443e-02 4.160691232611048451e-01 4.967777438345497010e-01 1.305437673665720832e-01 4.654153969951392855e-01 -4.047264876921293775e-01 -4.056036439544389444e-02 -8.409667206967734454e-02 2.599594160713409874e-01 -2.069996650388201964e-02 2.630740374121547376e-01 6.869223828294303280e-02 1.975012002035521630e-01 6.787797939811460735e-01 7.319039324894872633e-01 7.059545060853243958e-01 -3.651250390382300426e-02 2.509808132333530284e-01 -5.425074895857521229e-01 -4.353248773181694897e-01 -4.021863321955893578e-01 -9.916474286151778783e-02 -2.055038007577626724e-01 -1.772281207103443279e-01 -2.213929075373107236e-01 -1.908509140251954950e-01 6.441219769442793619e-02 3.568401148794951849e-01 3.518175714207088522e-01 5.572779987068481322e-01 7.839285913568021513e-01 7.230119966045266411e-01 7.174921254926395209e-01 7.371633532588309778e-01 -1.464619519024805416e-01 7.448459220945365944e-01 7.476561663408290981e-01 6.783150668277139472e-02 5.497440101836973403e-01 6.524096058904141904e-01 7.230857532017271883e-01 -9.812126125466795815e-03 1.892268408917144040e-01 3.549410845039605578e-01 6.457822501985689412e-01 8.026907283455586573e-01 -3.104627298453401241e-01 -9.850605857478654526e-02 5.737912388287615961e-01 -3.822170113686446102e-02 3.299421133084773916e-01 5.165025105594590604e-01 6.369141095016473963e-01 7.184389116340019754e-01 5.035912011551300083e-01 3.215444154541139410e-01 2.341364702061415615e-01 3.302059152307014189e-01 -3.217064090894458661e-01 -3.113846558503451933e-01 1.011507568187051606e-02 -4.152590604471256136e-02 4.411050190560353301e-01 1.309218703704497500e-01 6.551129843367409222e-01 7.161299140475266833e-01 -5.911559596288918500e-02 2.512261281719163630e-01
-4.057849389439394105e-01 -3.908375176648216653e-01 -4.141628810038427422e-01 -4.894533432991104993e-02 -1.657631548053620785e-01 -3.372257596513712485e-01 -2.152468937594098353e-01 -3.201545436442906900e-01 -2.215764616639268325e-01 -1.938183727820844485e-02 2.174839838697590899e-01 1.672912603398964138e-01 4.599228902743554559e-01 8.141126758892583970e-01 1.000000000000000000e+00 -3.136738088823432524e-01 3.065090058121046068e-01 -2.041313177683218016e-01 4.426877646896537621e-01 2.185569309655816250e-01 6.154939777719136140e-01 3.497803368609894159e-01 8.184065840966582295e-01 3.572133010801715192e-01 -2.477371214270288613e-01 2.754947957063767494e-01 4.346791839005084146e-01 3.070316336359263376e-01 6.287629272855429496e-01 8.402062756753728712e-01 -7.354686292763244759e-02 9.447698214982208631e-02 1.470175647407312158e-01 2.359566756237729546e-01 2.812130983180400889e-01 6.853011746521238401e-02 3.828799579386311658e-01 -2.747213760929261839e-01 4.234845894783200761e-03 -1.191593018374367124e-02 1.886441044432332348e-01 -2.861687696748562576e-02 1.275781687549453758e-01 -2.554162142396050258e-02 5.048875946915610397e-02 6.129697495011658948e-01 6.648749704313158260e-01 6.877845915740200544e-01 -1.404352531171400020e-01 1.378173250176821241e-01 -5.176986642078377221e-01 -4.696480783271338999e-01 -3.251742783157480221e-01 -3.889122880050614739e-02 -3.752978507751432158e-01 -3.116099993757958653e-01 -2.568396367814363423e-01 -2.791660294871385339e-01 3.289015602845798275e-02 2.727234421262716979e-01 2.176311530059809318e-01 4.787677994914823487e-01 7.793400783454811354e-01 7.341908182713210440e-01 8.465161896566287814e-01 8.875135379032229599e-01 -9.988873743136089667e-02 5.968892483659048454e-01 6.767199915013843992e-01 -1.027501310221385494e-01 5.944655828293129440e-01 5.271868223573696888e-01 7.457822511724210290e-01 3.669190322064924681e-02 6.729956612054349696e-02 2.059151286256439561e-01 6.467959038448812814e-01 7.807144401035144288e-01 -1.783030092695288837e-01 1.311142079019353701e-01 5.093458331276707884e-01 -4.893955163277594750e-02 1.786029910348897187e-01 3.371084169292785093e-01 4.919280106027822397e-01 7.132274499255041311e-01 4.815148471171091238e-01 2.536306743234817973e-01 1.601159834320203534e-01 2.400252882701233159e-01 -2.073169347713134658e-01 -3.259444749723308110e-01 9.807075328664482949e-02 -1.134849796315702541e-01 2.939794082944963693e-01 1.178728535027081248e-01 5.518113946779676926e-01 7.580617957326690748e-01 -1.136470792130005736e-01 1.844909668412286485e-01
