1.000000000000000000e+00 9.223669725352154347e-02 6.914318153915289811e-01 -2.371434464170159295e-01 -1.412701379819363001e-01 3.196118635517549711e-01 1.745531866043621982e-01 1.442625628982254493e-01 1.525943906289315699e-01 -6.084532685136595509e-02 -3.423860904107111497e-02 -6.656467559952342072e-02 -1.025910337598300894e-02 -2.402532553743865207e-01 -2.922777178698316991e-01 5.783286367830879904e-01 -2.982266394903117929e-03 -1.160555417687876220e-02 -8.924639853823786162e-02 7.637200617509001810e-02 -1.529144166387355064e-01 7.572541144826203455e-03 -1.578743965588738918e-01 6.042234987105200850e-02 -5.035882872453190801e-02 -6.594949882639225547e-02 -1.517170549866315721e-01 -1.726643783166827983e-01 -1.202335826694958670e-01 -1.143199467593163515e-01 -4.774215287834517735e-02 -2.004492012760596409e-01 -1.955665033223429328e-01 7.976763305879149002e-02 2.723785529451974718e-02 5.378494278808903378e-02 2.295593928157758923e-01 1.359574930573949347e-01 -1.777766794690742169e-01 4.020773824290711090e-02 1.749616426342262554e-01 2.299707632167243276e-01 -6.024414568355018762e-02 1.109162285382441909e-01 6.614964329682018751e-02 -2.088054852222677171e-01 -1.105640543114180530e-01 -1.087881834056565883e-01 4.421186176516582189e-01 3.575595456015843165e-01 4.158998345996602342e-01 3.846131272643695670e-02 -2.475195037475846072e-01 -3.181071591956612932e-01 1.483125838429209253e-01 3.619663573652980859e-01 4.133819585981720474e-02 1.220813731267690050e-01 -1.082397282321131693e-01 1.432052262266849396e-01 -6.960471048041777520e-02 2.210073848840058038e-04 -2.221752696591540732e-01 -1.115176638358560401e-01 -2.281050642922633209e-01 -2.833611261044985397e-01 3.701277553528653508e-02 -1.810121542984874099e-01 -4.263630726440433699e-02 -1.239132877842078623e-02 -9.236135288049225622e-02 -6.354974285885681140e-02 -9.662590394174257885e-03 -9.250189703091013516e-02 -1.138555621815082602e-01 -4.946176986403243159e-02 -1.539748315844864934e-01 -1.250950434684927615e-01 -6.788804442430827757e-02 -2.464292524619501601e-01 -8.256967374896889700e-02 1.204685347982428628e-01 1.755726616868573120e-01 5.249642142643741460e-02 -9.710248483617407722e-02 -1.775928049698107802e-01 9.377781908276450196e-02 -2.094687737786677939e-01 1.253501233231165690e-01 1.268974932420232349e-01 -2.487428275986103554e-01 3.957551293744145235e-04 -9.303381251832855414e-02 -8.578198583521112058e-03 -7.174706642005014567e-02 7.701741672637413272e-02 -1.841825234747299089e-01 -1.079276762334682171e-01 3.060920741755908669e-01 3.335698572897777825e-01
9.223669725352154347e-02 1.000000000000000000e+00 1.764452278272573837e-01 6.030008442869005947e-01 4.546044052237934729e-01 -1.050229835858115524e-01 -1.557824219940234511e-01 -1.270705987428160932e-01 -9.557180749765406547e-02 -3.180111431320543081e-01 -3.099854741457968021e-01 -9.872622842844354374e-02 -4.366670322648846803e-02 6.762510650564491910e-02 9.857092105900784607e-02 3.113670218432464942e-01 5.482878654068670810e-02 -1.307881874260514443e-01 -2.261179036554205463e-02 -2.271870281916864576e-01 5.147992764621796107e-03 -1.731655852922375227e-01 1.673938593134955966e-01 9.982467449661444614e-02 -2.303901627564490795e-01 -1.242249906228709705e-01 -1.982775818095982440e-02 -2.096369504573002140e-02 -1.277973967685736567e-01 1.934419784743565407e-01 1.012450077775933766e-01 5.028245355260115845e-01 4.557724676991409818e-01 6.939413795176378047e-03 -7.388149344849709310e-02 -5.984807372608941939e-02 1.130970573282309294e-01 7.053059970001961110e-02 -1.904642069203715260e-01 -4.246821415284203483e-02 3.124518463630192311e-02 1.844579879430328362e-01 -1.348221670151819318e-01 8.341906095983503411e-02 -5.358873373365976439e-02 6.400944563173346924e-02 9.938128831492769322e-02 4.294922561570158753e-02 -1.044619792340822778e-01 -3.020350182653228684e-03 6.131148518619610188e-01 6.878289355310379660e-01 5.849136245517665422e-01 5.118247741983075194e-01 -1.482892635174243856e-01 -4.635725626975119307e-02 -2.596793268870060262e-02 -1.352728938340250764e-01 -2.953385825509630136e-01 8.404199779350216004e-02 2.067912592476201517e-01 7.179496688611294863e-02 1.816135243100640978e-02 -8.305317668825350219e-02 1.613121390763838925e-01 1.603327668671962747e-01 -1.835500949649287172e-01 1.083229023398158547e-01 -9.086085286675027461e-02 -3.271098018758032411e-01 -2.491297273584903438e-01 -4.900644901223802363e-02 -4.069744911894709882e-02 -2.308195814008253688e-01 2.795230093259783253e-03 -2.054370029560626323e-02 -7.367833267261479635e-02 1.202000186341369431e-01 7.936241688051191845e-02 5.179044151615058711e-01 -6.421300229059262454e-02 -2.583695101391405013e-01 -1.357320056560671062e-01 -7.095554850250208878e-02 -7.364675880901655480e-02 -3.805998200532637044e-02 1.082406681905845464e-01 -4.788505674757909114e-02 -5.328854790288035242e-02 -9.910809833437074501e-02 4.633634981038588507e-01 -1.887736546363439349e-01 -2.306516902336093466e-01 -2.049805076049020236e-02 -2.180303572305871407e-01 9.577103207992944400e-02 7.680390205322963626e-02 -8.169811414486638501e-02 -8.119711428128083275e-02 -1.348222313230211175e-02
6.914318153915289811e-01 1.764452278272573837e-01 1.000000000000000000e+00 -2.867212026373339162e-01 -1.290720662978757094e-01 5.015036880542896869e-01 3.701640303026063061e-01 3.057417789232633187e-01 3.380099852506146529e-01 6.873538145700573698e-02 -3.979984256236079182e-02 -1.583526487324358745e-01 -6.050889467831538360e-02 -2.711453003542779738e-01 -3.590631356837018506e-01 5.490905534484572525e-01 6.477672127092967691e-02 -3.006469039086998030e-02 -1.180691967944591941e-01 6.034949076460550260e-02 -1.299844674546378753e-01 5.983182416452007294e-04 -2.308179990135142967e-01 1.410800371365273365e-01 1.936606034648829799e-01 2.456600951903434651e-02 -1.295164067059373647e-01 -1.432560896226123259e-01 -1.400907753103490805e-01 -1.684705465642309941e-01 4.000682055870975057e-02 -2.891035871370309929e-01 -2.621384448320442928e-01 7.596387540898191792e-02 -1.823162132745832775e-02 -3.139126639245965519e-03 1.986899324378158804e-01 2.829397669593566311e-01 -3.389845064643132871e-02 2.657919625414579268e-01 1.289066556943540831e-01 2.405003987412518696e-01 -1.329723581665177845e-02 -4.489298771555416678e-02 8.984122208334485715e-02 -2.289186782388881181e-01 -1.419686487963444932e-01 -2.027604099604490562e-01 4.470899405455527886e-01 3.185219840468856978e-01 2.763876258915853312e-01 2.944052557823619298e-01 -2.310028423115338680e-01 -3.348643197028161045e-01 4.116585770288277990e-01 6.090336727210478029e-01 2.097245410290637657e-01 2.645606015749777939e-01 7.215735519569770051e-02 8.462982536056434801e-02 -1.910235604404035004e-01 -9.440086998684761588e-02 -2.769190949036584026e-01 -1.820758054254154323e-01 -2.634109199931362610e-01 -3.474980791689675219e-01 1.214568241066641407e-01 -1.531939054497638286e-01 2.096182941963307261e-02 -6.855516159964483713e-02 -1.054217273603447746e-01 -3.316135860847533451e-02 -4.253819209565256471e-02 1.678510978795925979e-01 -1.759250641090685493e-03 1.067792345321726122e-01 -1.488946721667361861e-01 -1.648102308738364219e-01 -1.163324756279068102e-03 -3.451619744348039531e-01 -6.251125908467509984e-02 -3.646838514770774087e-02 2.693379129394207760e-01 6.985599558018071309e-02 -3.255832376585721111e-02 -2.098713758456653422e-01 5.290122478791008803e-02 -1.945394140747101208e-01 8.669226436323772267e-02 1.509931420496411214e-01 -3.266311207855991938e-01 2.272050213119650164e-01 8.749468765066903408e-02 1.431020417534602518e-01 7.111228792451947112e-02 -1.581291097669912382e-03 -2.288029876935629148e-01 -1.635669991257268918e-01 2.936241811150944736e-01 3.041029927876937600e-01
-2.371434464170159295e-01 6.030008442869005947e-01 -2.867212026373339162e-01 1.000000000000000000e+00 6.784614245053162129e-01 -3.099984258497672784e-01 -3.176223999132668507e-01 -2.376677145163938742e-01 -2.305821738905016460e-01 -3.767353912265795080e-01 -2.736713192821237373e-01 7.092369609060632067e-03 9.015396548255842635e-02 2.581245286101784275e-01 2.782922562340172101e-01 -9.893470907764277678e-02 1.864067568788459195e-02 -4.356903195265001555e-02 6.849821242160401835e-02 -1.819868305460613234e-01 9.701530979575946623e-02 -1.111104476005920910e-01 2.596961907498495647e-01 3.966052616844335799e-02 -3.586046433277988443e-01 -4.680240902906672440e-02 1.123257771388217752e-01 1.092210555804995348e-01 2.951082696991279633e-03 2.373333266916649309e-01 1.831029569797561554e-02 5.572266751934229490e-01 5.472738438375703840e-01 -2.117784259968854069e-02 9.154326030965453248e-03 -1.144921077573431319e-02 -1.139685838685795816e-03 -1.242925091944056676e-01 -1.914986119446081547e-01 -1.612844191408851213e-01 7.550391835070995906e-03 1.765215246618362030e-02 -5.649160040327712295e-02 2.280037062322925190e-01 -1.035535382950707878e-01 2.071670614504185493e-01 1.902545451527410669e-01 1.684775122534397929e-01 -2.949248860688022389e-01 -6.231020707256317709e-02 3.830139004097728450e-01 4.553896829421606451e-01 7.181170224719125583e-01 8.255516429803961831e-01 -2.956690624727311145e-01 -3.482555426883734429e-01 -2.973996819071416178e-02 -1.974791095337144475e-01 -3.802682665834500875e-01 1.960479243139171684e-02 3.370239529788857102e-01 1.873868501676897447e-01 2.217520703193628651e-01 -1.874940115081820402e-02 3.193157163149843991e-01 3.306202300385869819e-01 -1.923347461936100733e-01 2.411950438970280886e-01 -6.052823399708431862e-02 -2.166517677862646041e-01 -1.860046248391467871e-01 4.293674765865024973e-02 -1.041732688453244904e-01 -3.590728952818001973e-01 1.825629731953624588e-02 -4.833752330982053758e-02 9.065153267481100563e-02 1.796611718560628401e-01 9.356528336350748709e-02 6.328914952296402774e-01 6.515634470727221794e-02 -1.311127822905762130e-01 -2.882957160451376510e-01 -5.266092541737511790e-02 -2.432299517517176254e-02 1.343522372327206338e-01 7.868806001777543802e-02 1.082330532927820999e-01 -5.230122635382760538e-03 -1.401838846940391126e-01 6.499112166010195812e-01 -2.820222282132358593e-01 -2.799442928265722386e-01 -1.074921014706813477e-01 -2.174858577592757858e-01 1.763193946076545005e-01 2.175779096251826139e-01 2.297843423338315899e-02 -1.566511465298138783e-01 -9.129272593990021833e-02
-1.412701379819363001e-01 4.546044052237934729e-01 -1.290720662978757094e-01 6.784614245053162129e-01 1.000000000000000000e+00 3.243483385154095205e-02 -1.165954376703932094e-01 -4.789506513875930321e-02 3.055863110401945207e-02 -4.889959021110430737e-02 -6.723602913291245979e-03 -1.442316669896246406e-01 -3.447975473322019424e-02 6.012112192835824404e-02 9.954840774898075784e-02 4.393131309564416581e-02 -1.604180340421589024e-01 -2.786382862416949061e-02 -9.390217243111609324e-02 -1.085084010487551848e-01 -1.591009132242643051e-02 -1.675627087830571793e-01 3.601747170045853375e-02 -1.653747295431183817e-01 -1.583772271425203937e-01 -1.800200408242145500e-01 -3.087658594152727434e-02 -9.539551941888191333e-02 -2.145892569412063272e-02 3.542363535486272447e-02 1.303467413780880768e-01 3.503447407554693971e-01 4.696571869108190911e-01 -7.583112569226674315e-02 -3.912635486524502354e-02 -5.961014564769318014e-02 -2.164272343490851458e-01 1.727918366640407433e-01 3.500492608756785445e-02 -7.188286506715879653e-02 -9.752995195328042349e-03 -2.355923600168714216e-01 -1.596799608079297328e-01 7.421442177554871122e-02 -2.041224584756590743e-01 2.787896820155517236e-02 3.197348543994401465e-02 2.660257268405571973e-02 -1.543434080906318784e-01 -1.118627368560627805e-01 3.014431806047507267e-01 4.027858016424017973e-01 6.107977914547295661e-01 6.316209303949007481e-01 1.281752719917594596e-01 -1.307143808508473004e-01 1.811491627430446005e-01 1.712511703340856978e-02 -3.100017708690465390e-02 -1.727788713702986534e-01 1.657320579058734270e-02 -5.343670229284040035e-02 5.136366958036447938e-02 -1.078124549398438298e-01 9.707653144066218098e-02 1.204566004857579586e-01 3.871833282629330575e-02 -3.356893924105120580e-02 -1.798887640813923716e-01 -1.560050743839989096e-01 -1.842819117489145342e-01 -1.132394954415374133e-01 -2.593929715495600918e-01 -1.782970818733657925e-01 -1.105963626317524873e-01 -2.083254188001499585e-01 -2.668986754176148543e-02 -2.151074175412308678e-02 3.041546025032146883e-01 4.078189672439208047e-01 -9.285948248335385014e-02 -1.104219292467705921e-01 -2.606413962183584121e-01 -1.286584873672681206e-01 -1.240385388652203574e-01 -5.462389213612958705e-02 -9.267026313036208496e-02 -3.426116376747573994e-02 -1.023020688455564681e-01 -8.713860780198906530e-02 5.324479310518627218e-01 -4.606151954981690944e-02 -2.407317667274494477e-02 -1.666255040183837188e-01 -1.280890062521422568e-01 3.606448760690929983e-02 2.911945000314361542e-02 -6.314545961493349402e-02 -8.800028014917372909e-02 -1.346389890000765643e-01
3.196118635517549711e-01 -1.050229835858115524e-01 5.015036880542896869e-01 -3.099984258497672784e-01 3.243483385154095205e-02 1.000000000000000000e+00 5.688525332451488392e-01 4.558802339024937145e-01 4.381601424116810528e-01 4.281414972544029252e-01 1.204009613411856777e-01 -1.782366265317662790e-01 -1.405981761842907407e-02 -3.474486284816516446e-01 -4.763886339929422897e-01 2.423889884555577856e-01 1.643588714562075823e-02 8.580041181541549211e-02 -1.624031991438956990e-01 1.887123362207754618e-01 -1.484636216946357834e-01 -1.188613945172602160e-02 -4.404210092485323358e-01 -9.584217347215930397e-03 5.133937277165646629e-01 1.006995243129807788e-01 -1.516033512573974618e-01 -1.824862180532150491e-01 -3.284365438458116543e-02 -3.957288926320199351e-01 8.616337315285879650e-02 -2.966500935320643961e-01 -2.182955271890560933e-01 9.733709421687158914e-02 -1.060616391016086651e-01 3.629518155180559702e-02 -4.914521405942876703e-02 4.975504483588835125e-01 4.109159844207551093e-01 3.414217392374227500e-01 1.237993230978625125e-01 -1.097193457091073382e-01 5.004547418473340170e-02 -1.810222049461466254e-01 1.330586647902639620e-02 -3.139794757062679964e-01 -2.841446136762221242e-01 -2.610600242501750490e-01 5.667801163342313098e-01 2.586692141599203354e-01 -5.129586198594931340e-02 1.135464897097197695e-01 -2.416983059836038117e-01 -3.443753168867546566e-01 7.717479143241681161e-01 7.677388513001455195e-01 4.297107737909932057e-01 3.065547681437967298e-01 4.168334992024913532e-01 -1.237137020691333050e-01 -3.196622567637465440e-01 -2.037628834860694127e-01 -3.715544227846594993e-01 -3.666636696977310095e-01 -3.740649340129268974e-01 -4.971823925001430666e-01 3.012422229412715091e-01 -2.135246936139332807e-01 -2.964613878655084425e-02 3.890716841097587725e-02 -9.676865187038526106e-02 -6.145967673721625113e-02 -3.511624383730945209e-01 3.107347159746638998e-01 -1.098841640905663108e-01 1.113774733606215372e-01 -1.253091509225712219e-01 -3.684487378616075337e-01 1.918964215310628163e-01 -3.818265552695971343e-01 -1.341967445182936924e-01 1.193569876896717792e-02 2.392883450815924684e-01 2.664038215603434234e-02 -1.573724630576324446e-02 -3.606691618762426499e-01 -1.146090487306562072e-01 -1.880885816606633065e-01 8.476440580446925610e-02 9.384464369325720701e-02 -3.184602480651141931e-01 6.185997235832875196e-01 4.576621160770171226e-01 1.858922945282317496e-01 1.139621424120762366e-01 -1.120668598912012426e-01 -3.507455602770828684e-01 -1.828746556364945208e-01 3.821633498074674118e-01 2.439805362775202824e-01
1.745531866043621982e-01 -1.557824219940234511e-01 3.701640303026063061e-01 -3.176223999132668507e-01 -1.165954376703932094e-01 5.688525332451488392e-01 1.000000000000000000e+00 6.616571413803118418e-01 5.604232254792583801e-01 4.583848672978444450e-01 2.513075136433153278e-01 1.247072328331104429e-01 -4.124587992711686163e-02 -3.433884058350448187e-01 -4.628092185643630230e-01 1.220668320718039379e-01 1.303518687795514330e-01 2.349614935412152050e-01 -1.741738657434180604e-01 2.515256718466308827e-01 -1.091864438051327879e-01 -4.409071000484552499e-02 -4.000651669125518950e-01 2.741775184869763571e-01 5.172523366185611815e-01 2.336837405995192407e-01 -1.568913645196886864e-01 -1.835567371503791512e-01 1.882169267566645432e-02 -3.486884296927741933e-01 1.287571246788055124e-01 -3.865205151421206020e-01 -2.951173277063685041e-01 3.796453963712130564e-02 -1.629419401312597604e-01 2.630813968863069396e-01 7.685692194950516712e-03 2.621334731178966426e-01 3.013413835058638690e-01 6.373506929155099421e-01 1.873652835281746920e-01 1.637909931430709121e-01 1.690180874008299361e-01 -8.525691735489863976e-02 1.099590896970068093e-01 -3.501259424342086923e-01 -3.425951926900284161e-01 -2.886496622784208155e-01 5.891989369823913414e-01 2.903956491573826959e-01 -1.859553982195933375e-01 7.259890769832216817e-02 -2.435568260661913065e-01 -3.854808276200193951e-01 5.065431169270901979e-01 5.586414692414551908e-01 4.217527291229308251e-01 4.526267057772479507e-01 4.532982199331763717e-01 1.989105439960491273e-01 -1.053245730640202243e-01 -2.684439377026724416e-01 -3.988640244402715251e-01 -4.210204024790753508e-01 -4.067977454169885987e-01 -4.544844281251581020e-01 4.839618344047480480e-01 -1.287588943515038387e-01 6.802355661053530178e-02 1.563534601906188537e-01 7.982227278429928144e-03 -3.605362613459760918e-02 -2.984617555618407359e-01 5.136339863142037609e-01 2.343254226574842392e-01 4.278903489433110163e-01 -2.258490837877175084e-02 -3.617749544934465433e-01 1.177819461926079003e-01 -4.437437448187249167e-01 -3.673146402948743346e-03 1.013183180165083512e-02 3.387642608973607805e-01 3.043775498152639231e-02 -8.845165222965198706e-03 -4.441375298671241256e-01 1.914583289178033512e-02 -2.006641148070543723e-01 2.406954261475365286e-01 2.897816160724210333e-01 -3.709153387587758588e-01 5.114757892497353575e-01 4.272781060761543515e-01 4.530247436966221009e-01 3.916564702488625760e-01 -3.376503041624785966e-03 -3.515419671621824449e-01 -2.384851532476468805e-01 5.115326464006426654e-01 3.263465899822959315e-01
1.442625628982254493e-01 -1.270705987428160932e-01 3.057417789232633187e-01 -2.376677145163938742e-01 -4.789506513875930321e-02 4.558802339024937145e-01 6.616571413803118418e-01 1.000000000000000000e+00 6.548324050266476348e-01 4.507472474263670703e-01 2.945820307013649053e-01 1.898258761291738150e-01 -9.308143355824360921e-02 -3.033018064595363605e-01 -4.436113226129538289e-01 1.353971947365680550e-01 8.454472570881854665e-02 3.355676883140080724e-01 -1.750109189915574348e-01 2.807175256086218984e-01 -9.780347614946127699e-02 7.875718898915498589e-02 -3.262195098777281865e-01 2.091216840662680487e-01 3.383129278524524830e-01 1.978419883173324900e-01 -8.695755166158453120e-02 -1.713301604341782580e-01 4.365861379893191951e-02 -2.660851028896295545e-01 4.571188005909446878e-03 -4.196870444458111749e-01 -2.543876841765250196e-01 1.445971619570098066e-01 -5.211863459355749184e-02 4.028120434151747919e-01 7.189431089987673162e-02 1.516176082141725279e-01 3.621356922906941445e-01 6.615239998136006605e-01 3.845278535336673076e-01 1.455581996869351469e-01 2.031817505983189442e-01 -3.636115742439267884e-02 2.039145174976250696e-01 -2.343374423203138379e-01 -2.333651617736419992e-01 -1.316830631512830863e-01 5.139546828514539589e-01 3.542603494302441480e-01 -2.093525433352686760e-01 4.655898811585505032e-02 -2.740383723778516689e-01 -3.389640613010932446e-01 4.713861636117301912e-01 4.565348706156008296e-01 4.937985938532775676e-01 6.799641956944155741e-01 4.456669674341315890e-01 2.923891982317816662e-01 -6.300967060316087220e-02 -2.636671135476649219e-01 -3.884085687146207055e-01 -3.791791101030931865e-01 -3.516671175052996645e-01 -4.145607572805783958e-01 5.020233340101296626e-01 -1.936435449937710107e-01 6.228129218349082868e-02 1.855242060864618348e-01 -1.043453252786864793e-02 2.840785562646351917e-02 -2.388237940322960606e-01 5.584851565565419618e-01 1.950503393070351921e-01 3.586648875612040710e-01 -3.872338974683654095e-02 -3.175983839482289239e-01 4.507491186465847899e-02 -4.427540344818572393e-01 9.630434007546147257e-02 1.624472294315622012e-01 4.002948168036956633e-01 3.076543313773845087e-02 7.667709788469595500e-02 -3.267672891137118896e-01 6.348335470023012961e-02 -1.985693537581555423e-01 3.585912742045906376e-01 4.296119284484826162e-01 -3.440260666318946670e-01 4.318601710047246800e-01 5.097891457858076958e-01 3.966394314995756454e-01 3.887520342410706875e-01 2.052501769404548038e-02 -2.378231964146205746e-01 -9.587931868502191923e-02 5.402784795223802838e-01 3.822633254952211845e-01
1.525943906289315699e-01 -9.557180749765406547e-02 3.380099852506146529e-01 -2.305821738905016460e-01 3.055863110401945207e-02 4.381601424116810528e-01 5.604232254792583801e-01 6.548324050266476348e-01 1.000000000000000000e+00 6.066264869491750922e-01 5.600287301430728615e-01 2.681195977507933037e-02 -2.681466155918721395e-01 -3.314859052654005045e-01 -3.964952573820411108e-01 2.159964405814298605e-01 -1.436111952046769114e-01 1.282851136027629291e-01 -3.624955062648824167e-01 1.534859146613712089e-01 -1.264650584510960407e-01 -9.002157530520001061e-02 -3.817798282060240744e-01 3.504814487059240702e-02 2.502120989367849768e-01 -1.103795054656431796e-01 -1.683790986025127390e-01 -4.231993174671004887e-01 -1.753079530064937663e-01 -2.875845692253888863e-01 3.434836983860937720e-01 -5.228971025616010460e-01 -2.467976382154329629e-01 -1.110080081015105691e-01 -2.175768993000344875e-01 1.810091095315232990e-01 -1.787487211158717004e-01 2.284138752329247513e-01 1.781644733125838376e-01 5.616683551268057961e-01 2.031012744452911634e-01 1.280427768843194203e-01 -3.130510126066497062e-02 -7.376841705048507725e-02 5.583579170092501515e-02 -2.609070122491866095e-01 -2.847827911030244574e-01 -1.948521873369079283e-01 3.820804336722478656e-01 2.451060527102932041e-01 -1.395178486989087918e-01 1.329964577827848909e-02 -2.221838467630793401e-01 -3.497046689863045899e-01 5.648580988113697243e-01 4.824821627607762675e-01 5.784484575083632674e-01 7.928479552356639815e-01 5.807057354460932741e-01 1.513330746050914610e-01 -3.733451161725765965e-01 -4.750106615053777404e-01 -4.621046632833790690e-01 -2.755038312154281521e-01 -3.373170613742622614e-01 -3.864525141191250679e-01 6.639790385477292167e-01 -4.114565603732830978e-01 -1.261643322932098910e-01 9.077247618935686824e-02 6.858554628958167011e-03 -1.881157557883209597e-01 -2.467463820571278721e-01 6.228996177561362257e-01 1.946165958631859705e-01 9.750999760114890946e-02 -2.572975334755110977e-01 -3.427158666603163373e-01 3.659404983383948706e-01 -4.583307616805818996e-01 -1.394657435667503165e-01 3.746718878379744905e-02 2.437459626615469666e-01 -1.466318961189651826e-01 -6.847179774673360642e-02 -3.385573239191301820e-01 -1.343082481051321164e-01 -3.136188153422945213e-01 1.709868188040047920e-01 4.599922324583659017e-01 -2.989185633874442694e-01 2.739845807418018198e-01 3.420817977323622472e-01 3.029757330465473464e-01 3.046756673153362405e-01 -2.571538420851540371e-02 -2.871906271606753935e-01 -9.914506569756821597e-02 4.339964782170453450e-01 2.867718091001097980e-01
-6.084532685136595509e-02 -3.180111431320543081e-01 6.873538145700573698e-02 -3.767353912265795080e-01 -4.889959021110430737e-02 4.281414972544029252e-01 4.583848672978444450e-01 4.507472474263670703e-01 6.066264869491750922e-01 1.000000000000000000e+00 6.100513324184767550e-01 5.384533598566758339e-02 -1.611080319571541186e-01 -3.059602081010163732e-01 -3.291135980397963956e-01 4.576482298484560451e-02 -1.892857975464005416e-01 6.300149572852499491e-02 -3.342263978262224877e-01 1.260877122904222047e-01 -1.069294059305445355e-01 -1.242846847247457004e-01 -3.740389338584899637e-01 -7.465020809552028180e-02 4.782982958092926729e-01 -5.957335436385372690e-02 -1.784823201429650008e-01 -3.022601144941871598e-01 2.427341395966955973e-02 -3.237875815688736059e-01 2.823150979796202331e-01 -3.886142898357675679e-01 -2.296337443296365133e-01 -1.564403593903275769e-01 -2.392691742799728238e-01 6.262791299069858653e-02 -3.294323219437426120e-01 3.074798772889932308e-01 2.391212099622759268e-01 4.224628162640535201e-01 -5.102450388405103260e-02 -1.469211350236805935e-01 -7.559345452701275725e-02 -2.402004784659516057e-01 -6.064178018934800879e-02 -3.110335562122910624e-01 -3.724287960138635278e-01 -2.737753502948631068e-01 2.431538302283213493e-01 -4.505621992014317151e-02 -3.157962935967950080e-01 -1.901748670921813156e-01 -3.018322418182535216e-01 -4.218852646601131684e-01 5.325142517221346239e-01 3.874198949911507039e-01 4.314884232918704821e-01 5.400413484843281653e-01 7.981207737542803660e-01 -5.153316851144618994e-03 -3.589578116861524282e-01 -3.839832358765949416e-01 -3.350541963321532757e-01 -2.152167842150827515e-01 -2.982853115472356986e-01 -3.481510727689428042e-01 5.274242920462041129e-01 -4.086817060195945817e-01 -1.929807760746092560e-01 6.954593867650940564e-02 3.771264359640703195e-02 -1.994566990739477241e-01 -2.152352414603347086e-01 5.847149010313683615e-01 1.527742575344226139e-01 1.172402192967488266e-01 -9.708331785954360527e-02 -2.886569296805415741e-01 3.692925940910931626e-01 -3.576622174115718922e-01 -2.505339639444360000e-01 -1.228185617793097484e-01 1.202222288033098635e-01 -1.714318522808979672e-01 -6.302019054017549138e-02 -3.649436267177312287e-01 -2.756889264112146187e-01 -2.004292745797055242e-01 -2.340861836824363346e-03 1.882326252478694062e-01 -3.273063105614520962e-01 3.333503269005874126e-01 3.630456517895522817e-01 2.453002010181966341e-01 2.473186059092441769e-01 -2.055180565944492166e-01 -3.593668924240365214e-01 -1.522321446307781656e-01 2.650898644907173085e-01 1.712366602197130244e-02
-3.423860904107111497e-02 -3.099854741457968021e-01 -3.979984256236079182e-02 -2.736713192821237373e-01 -6.723602913291245979e-03 1.204009613411856777e-01 2.513075136433153278e-01 2.945820307013649053e-01 5.600287301430728615e-01 6.100513324184767550e-01 1.000000000000000000e+00 2.456828340691495083e-01 -2.597518484860235066e-01 -1.027231813929217752e-01 -1.513317680524520767e-03 4.494249474799790617e-02 -3.587487694263042926e-01 5.190322949981291539e-02 -3.524351133159353555e-01 1.529975219730505265e-01 -4.828111638838210144e-03 -1.138613619703919971e-01 -1.327428262059866804e-01 -1.032674076228452670e-01 2.695153125589578452e-02 -2.063883277351565293e-01 -8.498655584598996393e-02 -3.665735884529714439e-01 -1.219692412687990446e-01 -6.021789595330649669e-02 2.507768514050213171e-01 -4.092658909212406049e-01 -1.397594165728400228e-01 -2.608438259747401511e-01 -2.039625249169022270e-01 1.903599999452501024e-01 -3.410766303212030559e-01 8.237759790786639003e-02 1.389895422213360647e-02 2.249172307010640637e-01 1.008482608449608048e-01 -1.057867606413988026e-01 -5.721158684721120574e-02 1.187798799598608832e-02 -4.068348045811715635e-02 -5.223973945664276558e-02 -1.317011081821497231e-01 -4.229297860076668136e-02 1.243553600237799206e-01 3.503745161101932265e-02 -2.395021366949895703e-01 -3.088397776343473344e-01 -2.206503707873777864e-01 -3.498586721221475515e-01 3.251065045728154246e-01 1.397480759791350051e-02 2.733572432314884670e-01 5.626448268793711183e-01 5.812706641733526025e-01 2.188578169231354398e-01 -3.316875143941779847e-01 -4.004046770211310835e-01 -1.903008550822549994e-01 5.483171355451009477e-02 -1.254120250841161133e-01 -2.584603950000172526e-02 5.745865984177279673e-01 -4.046872973976317622e-01 -1.515036768753773577e-01 2.005312071355585535e-01 2.284898637533136767e-01 -1.806966943294801009e-01 -1.044105997644378774e-02 4.598728655587601688e-01 2.243927279852898915e-01 -1.090932987520279174e-01 -2.275132467150106919e-01 -8.543990708966381353e-02 2.784560380597871920e-01 -2.986533273714184200e-01 -1.597266871054465465e-01 6.425517275760439517e-02 5.739760076287678953e-02 -1.656385271148407001e-01 -7.736459474513147916e-02 -8.186138258044178828e-02 -1.763350084308744348e-01 -1.016534156981305781e-01 5.775768343926064585e-02 3.421762211871333670e-01 -1.897045817992457639e-01 -2.919176929094388639e-02 1.646276654587868205e-01 -2.917788685658066761e-02 2.934128817291787317e-01 1.250521920138149582e-03 -8.650565479874394725e-02 4.987885091796975118e-02 2.303636578688128267e-01 8.497289925271890587e-02
-6.656467559952342072e-02 -9.872622842844354374e-02 -1.583526487324358745e-01 7.092369609060632067e-03 -1.442316669896246406e-01 -1.782366265317662790e-01 1.247072328331104429e-01 1.898258761291738150e-01 2.681195977507933037e-02 5.384533598566758339e-02 2.456828340691495083e-01 1.000000000000000000e+00 2.237209853311963315e-01 8.119733096274812933e-02 7.422168068220587334e-02 -1.714618724426212326e-01 1.963356209085556914e-01 1.825808863100741031e-01 -1.542448759869410879e-02 6.187053265936381073e-03 7.664778747993150620e-02 -4.872371231962813014e-03 1.189510353355618666e-01 4.716548663194514712e-01 5.808789938864820229e-02 3.930545240492407943e-01 4.641744699920075296e-04 8.282933756638918843e-02 1.056143826891272758e-01 1.077955703932276105e-01 -1.533899207485865390e-01 1.858890440802559926e-02 -9.776951427175904763e-02 5.788116729922475334e-02 -2.000002009951397028e-02 3.728870603709342202e-01 1.236040804451683656e-01 -2.323229061952545027e-01 -4.343914607096421854e-02 1.898054400614866133e-01 1.226106409533476160e-01 2.183462146573081630e-01 2.732670654720517622e-01 1.479155712504481024e-01 1.267471369634894929e-01 -4.556381511901694964e-02 -4.543785640627868994e-02 -5.782132630271915111e-03 5.981610350001793919e-02 8.591792941985791632e-02 -1.288236122819248486e-01 -7.949153469996038390e-02 -1.248480554083324437e-02 -3.041527503319294695e-02 -2.152824536938513500e-01 -2.061880228542462834e-01 3.138090485702336313e-02 9.384332465841288551e-02 3.651085257218358859e-02 6.495726180993909304e-01 5.796715967932064562e-01 1.640840175191983219e-01 3.223251882069030124e-03 -8.916320380544941193e-02 3.100209306452322150e-02 1.022126544218111277e-01 7.590256005306983411e-02 1.994437488724484231e-01 1.523565985662273248e-01 1.236376184656941962e-01 5.896094267618580409e-02 1.055661912881041137e-01 5.465551447972519239e-02 1.410884600360332863e-01 4.713667570802511642e-01 4.923359513319248149e-01 1.035917421241324687e-01 4.254775218198001557e-02 -2.362003829540830491e-01 4.709346630688461197e-03 2.016239379953463640e-01 1.611967817595537367e-02 1.896433419016842203e-01 1.346803369581536236e-01 -1.965842857589893394e-03 -9.430385428347556886e-02 2.032033919392263743e-01 1.175380230130710323e-02 2.907761567666889979e-01 7.270059514628182673e-02 -9.950763916006387377e-02 -3.936057566248925971e-02 1.307155815272958641e-02 1.760978350717652685e-01 2.482476783244308149e-01 1.137932482019685804e-01 -2.251749682791535229e-02 -7.930082359373652467e-02 1.491317987894096031e-01 1.693337366186648540e-01
-1.025910337598300894e-02 -4.366670322648846803e-02 -6.050889467831538360e-02 9.015396548255842635e-02 -3.447975473322019424e-02 -1.405981761842907407e-02 -4.124587992711686163e-02 -9.308143355824360921e-02 -2.681466155918721395e-01 -1.611080319571541186e-01 -2.597518484860235066e-01 2.237209853311963315e-01 1.000000000000000000e+00 4.042251894232502529e-01 2.322341641456208139e-01 -1.761070271570510104e-01 6.292377655216688792e-01 3.628723143589957512e-01 5.586097628782812352e-01 2.723201357380431453e-01 4.313144443075243029e-01 5.323952569538139556e-01 2.869582130142128706e-01 2.049502257949116779e-01 5.321496874383985914e-02 3.274621036045422540e-01 3.778639552092329379e-01 5.436579397339967867e-01 4.687544414269738668e-01 2.308798931428898971e-01 -2.238481582925270497e-01 1.186110360942121411e-01 -1.208246570158702377e-01 5.102173624387960071e-01 4.678914599278172770e-01 5.705898335896272822e-02 3.909474927092797536e-01 -2.283030915262917182e-01 -5.075481884968277568e-02 -1.992669831299976810e-02 7.968948081551927021e-02 1.659362255545805409e-01 1.774402417346439831e-01 2.186316821227396456e-01 2.124686177625585148e-01 2.318921565395022921e-01 3.020455199125944845e-01 2.654976332299619490e-01 8.350720009684173273e-02 1.323700192334101577e-01 -1.006933349284947765e-01 -7.682055650251350294e-03 -7.519440130302854075e-02 5.876319901528506695e-02 -1.672057636130282188e-01 -9.836137605994697830e-02 -1.752209175205174108e-01 -2.301665871284629128e-01 -1.916519915652330486e-01 1.151449287009635447e-01 3.662566938361737634e-01 6.689943437984559038e-01 3.362233419309069715e-01 7.267461323895978154e-02 2.941969551787118609e-01 2.206630030203453052e-01 -2.562110860111643795e-01 4.829619488054945897e-01 3.926341532844666582e-01 1.619358668313484739e-01 1.811285690305523277e-01 5.059308119760034250e-01 1.671494997589175469e-01 -2.217200169203661364e-01 -4.289953521488376609e-02 2.160303627664303949e-01 4.030277034721784779e-01 2.177844707213784370e-01 -3.484423535101627278e-01 2.053211509787421923e-02 2.758114758134826427e-01 1.178961589291689371e-01 1.147333881982535719e-01 4.488975886762228695e-01 3.976084221700764698e-01 1.908532320421705009e-01 3.007514416215901765e-01 4.071986870859138352e-01 2.658395231550160220e-01 -2.065766318517316957e-01 -1.052801671577700132e-01 3.027829397196229663e-02 -6.644174400376576251e-02 3.609536589513742677e-02 -9.670134563832435970e-02 6.506912139177641052e-02 1.921719847323445918e-01 1.779120771086398489e-01 4.218910022078102562e-02 2.943445535155511661e-02
-2.402532553743865207e-01 6.762510650564491910e-02 -2.711453003542779738e-01 2.581245286101784275e-01 6.012112192835824404e-02 -3.474486284816516446e-01 -3.433884058350448187e-01 -3.033018064595363605e-01 -3.314859052654005045e-01 -3.059602081010163732e-01 -1.027231813929217752e-01 8.119733096274812933e-02 4.042251894232502529e-01 1.000000000000000000e+00 8.109729593286800764e-01 -3.208403882788158912e-01 1.687550896885273155e-01 1.015940014809513098e-01 4.026980774550004694e-01 1.637828131577175050e-01 7.645876341514696861e-01 3.688525943889421899e-01 8.001859515419464941e-01 -6.575741313173377733e-02 -2.976383094289243303e-01 -6.620042944214764302e-02 7.145317190825410947e-01 6.161016794655549411e-01 4.363553526793741977e-01 6.931682845365357837e-01 -2.399549023485209598e-01 2.142868829697124888e-01 3.676907342630736809e-03 1.037092908562217003e-01 3.189975755765848131e-01 -9.370349028634017419e-02 1.416171169567488342e-01 -3.226901284666568448e-01 -1.752094439326354058e-01 -2.470899499840258084e-01 -4.531089029370012622e-02 1.349520403883765207e-02 -9.208655545552565935e-02 2.118492676563440702e-01 6.058744630120233704e-02 7.393912573553608203e-01 7.824717509242963276e-01 7.067987175242679276e-01 -2.300544896999255351e-01 -1.142533526384961473e-01 -7.257411553830508955e-02 -3.263485158931168223e-02 8.836093995116452160e-02 3.007327562206062455e-01 -3.464642091106184818e-01 -4.405179604531533899e-01 -3.125532344454886591e-01 -2.291150921290546205e-01 -3.101561370237475579e-01 4.324360285038092444e-02 1.577803771321220905e-01 3.139356634023887094e-01 6.082262029353958654e-01 5.405855667490760963e-01 7.844008461943451360e-01 7.539482444355932733e-01 -2.392084793294939060e-01 2.517458450459367780e-01 2.295539140450278126e-01 5.725080223267157292e-02 3.989545593035754845e-01 3.202347721089321975e-01 5.646072356842815054e-01 -2.499954528444734980e-01 -7.152225740010113852e-02 -1.189541369807404492e-01 4.419482105660950122e-01 6.624646061923831208e-01 -3.213413587680057359e-01 2.601890396313515375e-01 8.334017538443294626e-02 1.091479909643706669e-01 -1.416933819067450750e-01 1.256445568142521008e-01 5.629839468205598552e-01 6.596262823551646282e-01 9.871737375860910324e-02 5.554271056251588456e-01 -1.979566796421952657e-02 -1.477527584637954861e-01 1.296601340011052650e-01 -2.782956715996428021e-01 -1.990975981812244389e-01 -2.064048181282969185e-01 -1.975077705897750613e-01 9.638454711285833476e-02 6.961115633191818919e-01 6.275034042358766939e-01 -1.459703930469835875e-01 -1.593076976876520445e-01
-2.922777178698316991e-01 9.857092105900784607e-02 -3.590631356837018506e-01 2.782922562340172101e-01 9.954840774898075784e-02 -4.763886339929422897e-01 -4.628092185643630230e-01 -4.436113226129538289e-01 -3.964952573820411108e-01 -3.291135980397963956e-01 -1.513317680524520767e-03 7.422168068220587334e-02 2.322341641456208139e-01 8.109729593286800764e-01 1.000000000000000000e+00 -2.800337188270747846e-01 -3.027279625855771802e-02 -4.770167422429483911e-02 2.682241177882924710e-01 2.545910938324308023e-02 5.802089356834051470e-01 1.266478748737296933e-01 8.012276600399682591e-01 -1.278884878199674224e-01 -4.067382217426241953e-01 -2.056237572147090742e-01 5.200984958416391413e-01 4.649478548115494325e-01 2.446111444633027321e-01 7.387975023179321754e-01 -1.992104706283464588e-01 2.624083562326490204e-01 1.311816511781803973e-01 -5.601656452555636018e-02 1.816723652377709441e-01 -9.073223885619922935e-02 1.260822948140117965e-02 -3.489760682143831505e-01 -2.782338888481002415e-01 -3.803191781443834851e-01 -1.531769403015657283e-01 -9.891238577833767753e-02 -2.140412337746213645e-01 1.753320807232996992e-01 -8.189739399442606815e-02 6.624323943328962461e-01 6.768300305854516585e-01 5.991082372182290339e-01 -3.705822356260127792e-01 -2.573365127459306678e-01 -4.762985320516816695e-02 -7.372915473731440905e-02 1.737477438811891317e-01 3.325431089802661222e-01 -4.249743375164241610e-01 -5.837743101052583761e-01 -3.804594931518749390e-01 -2.703056557276237171e-01 -3.016925151990638154e-01 2.886153775336049512e-02 1.703841014245433827e-01 2.899710684434008146e-01 6.519466560341909966e-01 6.500821562707035373e-01 7.774092611141665277e-01 8.980388504072202016e-01 -2.478688460417131922e-01 2.489342115421114277e-01 1.184537366624831833e-01 1.141655955382211117e-02 3.677681974750316996e-01 1.721547685167619524e-01 6.035664014456061377e-01 -2.777354309104821395e-01 9.958398482113925421e-03 -2.307067905132320629e-01 2.914580982898550277e-01 7.095223938936359165e-01 -2.543583078247441676e-01 3.414976366204237612e-01 2.795090688456549483e-02 7.508368836352207615e-03 -3.258570427243936973e-01 -1.242986634912414054e-02 3.365780251340766971e-01 6.173577483115901821e-01 5.376284483159994576e-02 5.107069798785203174e-01 -1.068744309282092658e-01 -2.164811805741962414e-01 2.263655128729241683e-01 -4.229707134429715465e-01 -3.042113302347239645e-01 -3.616268055916892488e-01 -2.643747487731568646e-01 1.025895453749156444e-01 6.216541265113078030e-01 4.944589376836007188e-01 -2.646160183742722327e-01 -2.778517873844303931e-01
