1.000000000000000000e+00 1.192970340899105891e-01 1.665200709780956245e-01 1.461565083499472839e-01 -7.034228812279430532e-02 -1.231166090416193210e-01 6.694657638502332642e-02 8.421128946732205078e-02 -3.870010890138256970e-02 1.186644835126412223e-01 -3.441366999402196980e-02 7.324042638688479934e-02 -5.411324693426860372e-02 -2.597246403920521196e-01 -2.667185257572769475e-01 3.542422310209960568e-01 6.970476326827809710e-02 1.002053904174274139e-02 -2.094318230817960313e-01 -7.120008693198709437e-02 -1.274683741446911434e-01 -1.053755951298184501e-01 -1.705852100820732242e-01 -6.429496061105556548e-02 1.184891289416072080e-01 -9.216996621985464044e-02 3.257408505745258004e-02 -2.371885117998983605e-01 -2.297998379107992484e-01 -2.548978579231803709e-01 3.083864129599515544e-03 1.411388034777630862e-01 8.217890814294115387e-02 -9.250391323920749420e-02 -2.278155214305735976e-01 4.847005735279365235e-02 -1.429935052219456215e-01 5.337317518025198881e-02 -2.591099983942545815e-01 -1.315349886021987269e-01 -1.085756463751902726e-02 8.412669805121968103e-02 -1.806141964576020442e-01 7.540243757341684450e-02 -1.306287161000168617e-01 -2.316640001180512165e-01 -2.151335991101778478e-01 -1.323010175729157079e-01 2.323602652515251860e-02 -1.736082823099563133e-01 5.904639472011605772e-01 1.694828361310165843e-01 2.262814661193532084e-01 1.091960208083547074e-01 -1.988542913952434932e-01 1.342956114818574451e-02 7.196138569379914585e-02 4.652728961567792476e-03 8.064582084412227903e-02 -1.116918524425995901e-01 -1.461231775594555582e-01 -4.026482912516541335e-01 -2.746394232035788696e-01 -3.036676868444633803e-01 -2.626775537991133391e-01 -2.449599703053155497e-01 1.513946371390113149e-02 -2.533321782984200299e-01 -8.316682765747687722e-02 -8.768057747964920490e-02 -7.242182065720365047e-02 -2.878838989998534492e-01 -1.701602440380088066e-01 -1.156919699768001325e-01 -1.290425247533502073e-01 -1.074357188152254977e-01 -2.542317855025632567e-01 -1.916072540521046585e-01 4.940476421756972297e-02 1.128358723970982608e-01 -1.572893551273389368e-01 -1.198762883587185801e-01 -2.313287953706499867e-01 -3.422700603849105905e-01 -1.897381603290677898e-02 -3.106467688290909801e-01 -1.133316299139152800e-01 -1.718744363583068480e-01 -1.076775461574034781e-01 -1.310883669514382732e-01 9.815062479496595993e-02 -1.724083402116410590e-01 -5.783096070918681414e-02 1.190181192508671382e-01 -3.936491158682054459e-01 1.116362515651720955e-01 -9.773645669902288058e-02 -1.705362867008229644e-02 3.556388308296433431e-02 -1.193133680831388876e-01
1.192970340899105891e-01 1.000000000000000000e+00 4.976672797607891718e-01 1.262681058695588610e-01 1.830424824780021997e-01 3.702619179869147126e-01 2.897513908689163808e-01 4.487181887501382471e-01 2.606335848128459864e-01 1.082894310501937712e-01 -4.945095403297632836e-02 -9.832100935424674393e-02 -1.425190940330168521e-01 -3.359864608425182086e-01 -2.638690601302160488e-01 5.426779618550673367e-01 1.799804524124513916e-02 6.908323462885790313e-04 -1.951298993995234932e-01 -2.689004639486723969e-01 -1.789192253645982278e-01 -1.094175249969712022e-01 -2.282229130764535097e-01 -6.929793120178601162e-02 4.985460435976434707e-02 -1.199452056836115971e-01 -1.450094716902327885e-01 -2.445430729267879244e-01 -2.195157660152892432e-01 -2.380829039036782557e-01 3.325982534524044389e-04 3.280713759147741576e-02 -1.903465226582890663e-02 -1.476701927531484382e-01 -2.984196606507957816e-01 -1.814383540874376088e-01 -2.116436425507459140e-01 -1.308093915266548557e-01 -1.066048734695785455e-01 1.327894001700096749e-01 -2.659168809926814592e-01 -1.303226847622025175e-01 -2.721062501882378637e-01 -1.401790927818114540e-01 -3.015562553246300403e-01 -3.481956772418171586e-01 -3.439757292604352368e-01 -3.592886779640704908e-01 -1.852213364446937682e-01 -3.029290846573232110e-01 2.646506424575199024e-01 5.649048636113799260e-01 3.653930882199251662e-01 9.876957377056980181e-02 3.651448187948208579e-01 4.342203573493412239e-01 4.215311716249583451e-01 3.162762415144357298e-01 8.187638244329956128e-02 -2.114146316885595067e-01 -1.284566621376013740e-01 -1.374651124903593369e-01 -2.360918061497501164e-01 -2.975517648400902715e-01 -2.869601943441770220e-01 -2.836688577835093650e-01 1.730622656813412819e-01 -1.388208679400607382e-01 9.039917015619810745e-03 1.557432277691182636e-03 -1.463822238340885817e-01 -2.305183728597496040e-01 -2.520877182582513254e-01 1.537547810152204986e-01 3.119393107455420075e-02 -9.824173973604539978e-02 -1.882807332222398711e-01 -2.192892450527084425e-01 2.563404843409229205e-03 4.682893768582017946e-02 9.222666397561385399e-02 -6.037548800414328787e-02 -1.945301813396618784e-01 -2.316563929717915249e-01 -3.562481498094369897e-02 -2.644059544395082617e-01 -2.139771697593891853e-01 -2.018353888119207018e-01 -3.250684079932030790e-01 -1.230690921778839209e-01 2.735962170560751403e-02 1.154142168423882703e-01 -2.098163702869112329e-02 -9.747964936373863798e-02 -2.272363803463035570e-01 -2.007202638092398794e-01 -3.399996934397288006e-01 -3.185277314159493112e-01 -1.109118759475363758e-01 -2.452264927734112143e-01
1.665200709780956245e-01 4.976672797607891718e-01 1.000000000000000000e+00 -4.397911758102156926e-02 6.804285300592703700e-02 5.470365854971380726e-01 2.071960587791582820e-01 4.520364151179612211e-01 3.249935991530797930e-01 5.315829704330749667e-02 1.883385914112774284e-02 -7.733855672165709794e-02 -1.188958154704968379e-01 -1.743100401647307285e-01 -1.318541816229535923e-01 3.059556944604206463e-01 -6.194324455429635334e-02 3.977282652077598207e-02 -1.079889792305393503e-01 -3.715786131103144818e-01 -9.228886242743176982e-02 -5.421111590897796650e-02 -6.880341278062929167e-02 6.368375035729843814e-02 1.795541237056718850e-02 7.283193496420635460e-02 -1.688103790581311492e-01 -2.400013161652361227e-01 -5.873617078475570907e-02 -1.323512556285759145e-01 -1.361808832263319835e-01 -1.802889741136894930e-01 -2.554112067476655423e-01 -2.445081980466031965e-02 -2.148856079381859241e-01 -2.381631764707847487e-01 -1.112420344665556032e-01 -3.325504850448174898e-01 -3.329159279340718758e-01 1.348863349605232409e-01 -4.450726809548811724e-01 7.052001293529663872e-02 -1.801853201331072574e-01 -3.300875700336837193e-01 -3.993788342828142879e-01 -4.106885745238981200e-01 -2.316656423450471625e-01 -2.346873495694088152e-01 1.095858487451508573e-01 -1.665732482369529088e-01 1.612256865466732414e-01 5.615476066155843382e-01 2.230992166933160326e-01 -9.903906685836286194e-02 4.800331730889021431e-01 6.809541848460081148e-01 4.395490808819231265e-01 3.339405898494113845e-01 3.206440395699672319e-02 -2.343182171373896228e-02 6.197390311189786977e-02 1.080728155941073146e-02 -1.010990761755371226e-01 -2.686130948506715854e-01 -1.833685378113950049e-01 -1.234558009178767929e-01 4.864430129297367400e-02 -4.759013761372177936e-02 1.252210872045741996e-01 8.486114415253435961e-02 -9.148146860009093162e-02 9.415259520494771023e-03 -7.198815608878113281e-02 3.006263787882649252e-01 1.124604123630295743e-01 1.732054726355916063e-01 -1.124240656500402058e-01 -5.864971527636550497e-02 -8.602954485240932314e-02 -1.279752270957335847e-01 1.878640521171598965e-01 -8.699894256695676897e-02 -1.105140392586739378e-01 -4.381095437335379844e-02 -2.152543520974328425e-02 -1.710155332483691559e-01 -1.176387500722868851e-01 -2.704351455368904089e-01 -2.731537933801155837e-01 -2.375221016662432683e-01 -2.286511825455299629e-01 6.352898916711234578e-02 -2.327104831878093194e-01 9.854937346854764774e-03 1.386915787939088304e-02 -3.644887466505310480e-01 -4.404018888092191553e-01 -2.949237597754105211e-01 1.907826117657167586e-01 -1.072725149239745768e-01
1.461565083499472839e-01 1.262681058695588610e-01 -4.397911758102156926e-02 1.000000000000000000e+00 4.925424991830039123e-01 -1.763401427160747881e-01 6.084715960575871191e-02 7.023482216376603082e-02 9.851309266286710498e-02 -2.035043927156117149e-01 -2.300342704721541343e-01 -1.660590923955534426e-01 -1.029853999278328019e-01 2.353836301667063813e-01 2.824053165657111619e-01 1.348865318986360307e-01 -9.395383321919104080e-02 3.195231247993075147e-02 1.711207806622957739e-01 -2.306652479196005245e-01 6.650433271491737464e-02 -2.150593364992691159e-01 3.464122636045675052e-01 -1.623950084627742985e-01 -6.146579358604315618e-02 -1.142559284704700584e-01 -3.350204788153285373e-01 -1.426321366190111961e-01 -7.955019799352620880e-02 2.391461035463484930e-01 -2.391589986721867622e-01 4.686164658586569054e-01 3.966213155317796502e-01 1.724455183358197113e-02 -1.521660538218947423e-01 -1.580769680938244881e-01 -1.092991671925929061e-02 1.172940685453700976e-01 -8.674586526051383806e-02 -7.588288665223204277e-02 -9.032152553963554431e-02 -1.274524338546276503e-01 -1.305652912831166690e-01 -1.331716023466347487e-01 -6.865564465226324520e-02 3.307785428797005867e-03 1.617486337004252483e-01 1.150511407813566561e-01 -3.315968674235330593e-01 -2.576143492098574295e-01 2.932371569378734999e-01 2.824221934775718590e-01 5.802612228904121539e-01 8.027159090997399993e-01 -2.633858502159239223e-01 -6.817885293332680285e-02 3.008287950573687031e-01 1.139359902051640810e-01 -2.104327889667740592e-01 -1.829176585314612746e-01 -1.456954109185203128e-01 4.317536340321741217e-02 3.296083735369491341e-02 -8.769862228709067453e-02 7.151488478905070056e-02 2.683274518069361236e-01 2.835318659839610941e-02 -7.492261243483767930e-02 -1.233893776904991663e-01 -1.356426560555319960e-01 -7.959110093484485227e-02 1.725208666970271670e-02 2.946676499458124043e-01 -1.152763876806327387e-01 -1.990723759554413330e-01 -1.406972098819137540e-01 -2.398522766029199602e-02 1.864402752934206930e-01 -3.306971429663577711e-01 3.929300498308005429e-01 -1.991970438316251202e-01 -3.440407765288734376e-01 -2.883540458428531794e-01 -2.025163171676643004e-01 -2.743467518152271634e-01 1.074980220833640226e-01 1.513374763947519970e-02 -3.059421290572863494e-01 -2.160488329011312492e-01 -2.992452189513565841e-01 2.018222948494906022e-01 -3.545672173341015143e-01 -1.191214109199860982e-01 -1.651884577711827951e-01 -1.330494001349612765e-01 -9.003053533493868277e-02 -5.892676399461684728e-02 -2.057089008870392061e-02 -3.595321504795028766e-01 -3.065375186946198705e-01
-7.034228812279430532e-02 1.830424824780021997e-01 6.804285300592703700e-02 4.925424991830039123e-01 1.000000000000000000e+00 -3.634324488991146768e-02 -7.996541780318848491e-02 -6.093699751064898806e-02 1.938370778074741674e-01 -8.069393093626295310e-03 -1.496832288205336425e-01 -1.353309268371833962e-01 -1.339704017842110462e-01 6.398893701168467674e-02 8.814626555754255521e-02 -2.175034528941990203e-02 -9.596407515711223579e-02 1.093553880790762954e-02 -6.527988240823223709e-02 -4.176026608475572749e-02 -7.343791540802081796e-02 -1.160338525790760023e-01 8.686878693046391764e-02 -1.710494526659942782e-01 2.666234368615120164e-03 -2.255950718711439984e-01 -1.836395252434057657e-01 -6.178921195595020455e-02 -1.256152804203356788e-01 1.526899566968891175e-01 -4.033388789830148757e-02 1.826936476786927277e-01 2.145001781194384727e-01 1.931792438779331503e-02 -2.445802428801830547e-02 -1.308040983699353468e-02 -3.375900379893598258e-02 1.187599142059757445e-01 1.160114639262829067e-01 -6.206847883281176644e-04 1.052638265856557925e-01 -1.749277462268546413e-01 -1.106463995201589223e-01 -3.034121235217309906e-02 3.447838437796463262e-02 3.485160181814210556e-02 5.408057455813081171e-02 7.085408431056626488e-02 -1.519618514471326454e-01 -1.981482763187771001e-01 -4.948767225903896727e-02 8.395466667912925007e-02 2.139818676824253307e-01 5.997129645490928418e-01 1.499132284227328582e-01 -7.461962645202830334e-04 7.395055211596963940e-02 7.832089211183464184e-02 2.110283100120548608e-02 -1.574684471918301465e-01 -1.567767310935910263e-01 -2.570176360350731951e-02 1.159490052333940827e-02 4.294470372928724938e-02 1.772483892263115521e-02 8.032909593652430569e-02 6.157394962928799259e-02 -1.025688429394548129e-01 -6.742195462964670205e-02 -1.033442470970890731e-01 -1.115146932863066154e-01 -1.883220532254483229e-02 6.792085466188965692e-02 -4.006374094367291805e-02 -1.057619493661138971e-01 -1.215692061565630672e-01 -9.347041012703298513e-02 5.506415041039378760e-02 -9.228096587479603374e-02 2.059488748209917786e-01 -1.619432222159812307e-01 -7.995309183382495744e-02 -9.109608500327118219e-02 -8.285348550661786327e-02 -1.114350717638023236e-01 7.242135970929323985e-02 -4.939463632359993722e-02 -1.773389299670931618e-01 -1.739221547788212530e-01 -1.851123716531148933e-01 1.375315648077410635e-01 -1.072349559123388779e-01 8.971096775116892130e-02 -2.280673256127781212e-01 -1.886310395048681476e-01 -1.288475006861649619e-01 -7.985708204966543433e-02 -5.248302066550182554e-02 -1.669127982050592762e-01 -2.796982237031676033e-01
-1.231166090416193210e-01 3.702619179869147126e-01 5.470365854971380726e-01 -1.763401427160747881e-01 -3.634324488991146768e-02 1.000000000000000000e+00 1.207665404673097104e-01 3.559082805009786132e-01 2.901898932308071277e-01 1.480944212183794295e-01 1.272227715950537685e-01 -1.038340099326760524e-01 -2.077921891222944684e-02 -1.421054300909638246e-01 -1.145955825794316013e-01 1.857913918544891740e-01 -2.686905884859859192e-02 3.975618053838097382e-02 -7.014377054312170845e-02 -2.118025297840825938e-01 -6.555489564434151262e-02 -4.853167033684123444e-02 -9.010386753829134621e-02 -5.849724179208914791e-03 4.781600093223831172e-02 -5.127547540206730571e-03 -1.825709143704916937e-01 -9.292060840553473255e-02 7.408699180931745121e-02 -1.593564040129752946e-01 -7.326302117165699179e-02 -7.563878996157658019e-02 -2.702504879454238895e-01 -4.106986562828300602e-02 -1.376364076117403135e-01 -1.060543547676884579e-01 -1.065202216468981444e-01 -2.203013144868859186e-01 -4.163016134789430250e-02 1.693024563698033447e-01 -3.306272062338364015e-01 -1.725293064846603608e-01 -1.606722328116833298e-01 -2.332683406787857405e-01 -3.097880583329373216e-01 -3.674382133154520669e-01 -2.704845271966078157e-01 -2.093613048379709685e-01 2.684691476746070560e-01 -7.082206629452444556e-04 -5.248237899875009271e-02 3.516316490948213636e-01 3.501977136651220068e-02 -2.374063033842195580e-01 5.926283501380844587e-01 7.148572487137120346e-01 3.524548445171053479e-01 2.286928068698538263e-01 3.597110296010865016e-02 -5.678050170572264410e-02 4.534240749458393061e-02 2.040846736301636655e-01 -7.358568654662096808e-02 -2.301777676373320813e-01 -1.838780871277606310e-01 -1.442568998153119231e-01 5.447561624674605169e-02 3.332593467583949698e-02 6.248877333390494282e-02 7.028424978224037667e-02 -5.779213154820496412e-02 1.147246483823785232e-02 -1.296100845172259708e-01 2.359506313263566302e-01 1.455393717806724718e-01 7.411807936825415277e-02 3.609550628103408692e-03 -1.113685202472331076e-01 -5.077294999130546604e-02 -9.646646232556961575e-02 1.575755545873806507e-01 -3.378729940158395340e-02 -5.078850703737691069e-02 1.246294981427892475e-02 -6.498736085657297323e-02 -1.526595861438470869e-01 -1.221088609071910303e-01 -1.098805383703198302e-01 -2.021867204163146359e-01 -1.793978590085579528e-01 -1.796487871208858889e-01 3.318159222581905654e-01 -1.195136819353374569e-01 -1.057867973549912327e-01 1.093997197351383455e-01 -2.637869449842527025e-01 -4.519449425157993638e-01 -2.415358879780443446e-01 3.202713113476534645e-01 5.436069426303248575e-02
6.694657638502332642e-02 2.897513908689163808e-01 2.071960587791582820e-01 6.084715960575871191e-02 -7.996541780318848491e-02 1.207665404673097104e-01 1.000000000000000000e+00 6.021208564038993405e-01 3.550515640015307617e-01 4.293331633630633609e-02 1.439935639152082891e-01 1.947699167324364600e-01 1.000209443898834594e-01 -1.717507291831738003e-01 -1.435625474880029007e-01 4.515327871551307881e-01 1.903027431571859829e-01 1.633546287044250200e-01 1.173971082662192238e-02 -1.261404582805992006e-02 -4.468750660097053906e-03 -5.408436604384418006e-02 -1.468249092287426116e-01 1.542527191251790442e-01 2.681994019968413356e-01 6.578037328687813545e-02 -6.972319767049427186e-02 -1.375171853157614865e-01 -1.338403622493419265e-01 -2.888115539205042825e-01 6.289142006978035160e-02 -4.151319017761313790e-02 -1.219839067180839287e-01 2.003990867528199216e-02 -1.779338828853975762e-01 5.622957997984510264e-02 -2.581945804283945767e-02 1.451761940860402944e-01 4.112442995756208919e-02 4.665705081696837064e-01 1.496037547868125581e-02 1.090104506840020027e-01 5.972818233837992770e-03 1.143739352631577139e-01 -9.159639311037359732e-02 -1.385410419160818529e-01 -2.472338517195574736e-01 -3.034711490470393680e-01 5.687695814347183687e-02 -2.345563043550719096e-02 9.280428566553551584e-02 2.915148650452298318e-01 2.988332313949377816e-01 -1.240134026721741948e-03 1.626016579012545815e-01 1.605338735989043086e-01 5.095227177482571923e-01 4.574288999120145749e-01 8.988487442026653340e-02 1.103491302530264645e-01 7.548982761273266562e-02 -5.369196515636271566e-02 -4.011523215170833406e-02 -2.436106797918351219e-01 -1.710766671180650733e-01 -1.696816404555449298e-01 4.896495759965119876e-01 -4.304304433230923474e-03 -4.056689502439735778e-02 8.495979966186234522e-02 -1.510803211186040503e-02 -3.900012641127855589e-02 -1.515528947705640228e-01 3.415019955369453797e-01 1.026502477000752617e-01 9.713574825268651847e-02 -5.982863795912237576e-02 -1.547108798688301978e-01 7.751697463020480738e-02 -1.082258285525686432e-02 2.239382546344764052e-02 -1.080052571471974837e-01 -1.476140326961080107e-01 -1.561617437930954977e-01 -7.220087313052017675e-02 -2.844533255888701540e-01 -5.313385081816347430e-03 -2.294041981556178139e-02 3.575675426375082150e-02 1.080728577626406256e-01 1.287388945466194472e-02 1.189088769109540450e-01 2.507865084129362598e-01 1.757457600882151860e-01 -3.728559117497844827e-02 1.244021482885320357e-01 -4.357019970052024294e-02 -2.253841294808709705e-01 1.298132950947320820e-02 5.793521718778783802e-02
8.421128946732205078e-02 4.487181887501382471e-01 4.520364151179612211e-01 7.023482216376603082e-02 -6.093699751064898806e-02 3.559082805009786132e-01 6.021208564038993405e-01 1.000000000000000000e+00 5.307874429168634167e-01 1.954506859695836346e-02 9.925880468587465477e-02 4.664148539622918477e-02 3.706964660867606565e-02 -3.325248782962162419e-01 -2.896900866577299949e-01 4.897663205732439851e-01 7.017199303913712605e-02 3.382633428507333950e-01 -1.318460778748938023e-01 -1.101301197627113926e-01 -2.320262203378455762e-02 -4.656580143751900408e-02 -2.629467480002273816e-01 5.549045563948325904e-02 1.066051109960458182e-01 -9.646670629211038725e-03 -5.411990304206260038e-02 -1.365607493435088970e-01 -1.819046949604836982e-01 -3.900430587663296644e-01 -5.957419693630176816e-02 -1.133572160732752715e-01 -1.191805270729074107e-01 1.261438767255728954e-01 -1.289948504066048551e-01 -1.792235246807052235e-02 -1.431105145998648187e-01 -1.325147416628567332e-01 -3.445648419658785266e-02 3.009625359072012896e-01 -1.422981612540828444e-01 1.474579693592163732e-01 3.931667234918970882e-02 2.281475355089109675e-02 -8.557174617246494919e-02 -2.368105536496607211e-01 -2.941920677359371461e-01 -3.191264076426413299e-01 -7.420861205747839029e-02 -1.688292961043307006e-01 1.843899750533493642e-01 4.486211620526256438e-01 3.544150239762739463e-01 -2.075737154716262092e-02 2.818239958888696939e-01 4.407849132033483941e-01 6.782092079601087509e-01 6.363922357631746074e-01 1.094102472153744426e-01 4.765982432702913635e-02 5.466371632128918384e-02 -4.704501047519540902e-02 -1.934301856703420919e-01 -4.083923825144987196e-01 -3.314577822479824465e-01 -3.032827434218969831e-01 2.958122707437671473e-01 -1.795116987708858525e-02 1.547321242365659877e-01 2.693221985088374293e-01 -5.226943624906330715e-02 -6.827956596599084327e-02 -2.391904432945713976e-01 4.114000798688369209e-01 -1.805895216834061887e-02 3.690917632984869190e-02 -1.630975851235260399e-01 -3.176447295739436849e-01 -2.121338744616049765e-02 -1.445710461830400084e-01 1.328193632020249759e-01 -5.067025132141308313e-02 -4.096946753864995350e-02 -4.384802372587735808e-02 1.601161000780630672e-02 -3.078572518070007979e-01 -1.319503221824536721e-01 -3.894609107583326540e-02 -7.020296536907802420e-02 -3.811990066664396049e-02 -8.311776365920237053e-02 1.780629048267206027e-01 9.329091124772811994e-02 1.091181898058964650e-01 -4.445469465869194420e-03 -7.720261024682810447e-02 -2.616501888033758716e-01 -3.764154711573375889e-01 -4.673842454843358390e-02 -1.289046573015069086e-01
-3.870010890138256970e-02 2.606335848128459864e-01 3.249935991530797930e-01 9.851309266286710498e-02 1.938370778074741674e-01 2.901898932308071277e-01 3.550515640015307617e-01 5.307874429168634167e-01 1.000000000000000000e+00 1.181369010830557453e-01 4.832211287321706850e-02 9.626080540739796743e-02 -8.328188319007696905e-02 -2.361992610390309111e-01 -1.664641015451656103e-01 1.309373307842061074e-01 -1.242267658236409222e-01 2.798657600783266419e-01 -2.286969881788931958e-01 2.702108941937449507e-02 -1.577660278209197520e-01 -2.153629127349386829e-01 -2.022800163874177715e-01 2.068466263144241868e-02 2.735304731079836182e-01 -9.159434078875142160e-02 -1.344785420322491543e-01 -2.199033377234133890e-01 -2.936168879200412030e-01 -2.452615901418607192e-01 -3.279031365099634296e-04 -1.921113436917915307e-01 2.908544920622657855e-03 1.229821033849952810e-01 -5.470517072253044261e-02 3.248356472381313531e-01 -3.010204248845570196e-02 3.731667592124391503e-02 8.815787983112333137e-02 3.141696697085605283e-01 1.100232477807242815e-01 9.347331193085413326e-02 9.964580193307433220e-02 3.563637997001938007e-02 2.094785350971536605e-02 -1.374945419398793667e-01 -1.730764387880097122e-01 -1.714388876909567483e-01 1.228324428257896311e-01 -1.065020712552481458e-01 -1.949056075754023939e-02 2.061481927252789281e-01 2.303237154515266893e-01 1.444867982037286169e-01 4.543403196965936641e-01 4.208913403530275543e-01 4.691236595051604397e-01 7.416536358764773684e-01 2.294440670598839049e-01 2.043309363282215865e-02 1.438489856542048313e-02 -6.745754349102904557e-02 -1.117395266248257940e-01 -3.075432907291014706e-01 -2.181128018042998440e-01 -2.044185848477768075e-01 3.386125435356365232e-01 -2.457746272548294031e-01 -1.958780412104993082e-02 1.141553319159288316e-01 -1.803260238691525852e-01 -1.326082920256773379e-01 -2.520424662670175953e-01 3.117404156906939949e-01 -1.429378114690378898e-01 -2.021912764463995593e-02 -2.368828126029483561e-01 -2.326610195885524257e-01 1.190303374541057668e-01 -2.916875572110603707e-02 -3.206808509446198302e-02 1.215419214928585914e-02 4.603658700046105168e-02 -5.825563509581894311e-02 -6.172772855960868138e-02 -6.552076899595661585e-02 -9.083765453216482988e-02 -4.322743616198058275e-02 8.136635525530347413e-02 -2.701417747976459643e-02 7.184628835706190209e-02 1.091296578350965385e-01 2.170930258845862326e-01 9.875309391240266743e-02 -4.421522880150531576e-02 -4.948422551090303489e-02 -1.555261375321888018e-01 -2.136951476997123733e-01 1.054582644687464960e-01 -1.001189514182819346e-01
1.186644835126412223e-01 1.082894310501937712e-01 5.315829704330749667e-02 -2.035043927156117149e-01 -8.069393093626295310e-03 1.480944212183794295e-01 4.293331633630633609e-02 1.954506859695836346e-02 1.181369010830557453e-01 1.000000000000000000e+00 3.101315321126700275e-01 3.637271464023127399e-01 -3.994542859104324717e-02 -2.911655489786521001e-01 -2.557090474741259833e-01 1.245699488399823057e-01 9.721312265731772706e-02 -1.314178001379724403e-01 -3.395567250178095353e-01 -1.057449248276344234e-01 -2.718320103943260846e-01 -9.430470081571207253e-02 -2.927133331164906149e-01 2.311239880866972907e-01 4.522590502741634655e-01 3.980542740958160908e-02 9.584388151210904150e-02 -1.870196764963862404e-02 -2.902486453509968770e-02 -1.649361545039545740e-01 2.839229616115134247e-01 -1.369987101658469214e-03 -1.320736593472720821e-01 -2.381512165839778650e-01 -2.700217422377514942e-01 1.327506352392046618e-01 -3.919699250504835031e-02 2.027977274484697168e-01 1.211955619456973748e-01 3.191461170822949556e-01 -5.611219640513065432e-02 1.428578799663442200e-01 -6.466497154338471387e-02 1.618583897988536136e-01 -1.423368206640110156e-01 -2.164076440294731007e-01 -4.381846762322148536e-01 -3.790955290925734911e-01 8.566182300461636090e-02 -5.990368606583829081e-02 -5.178618918110979019e-02 -6.978748944223160666e-02 -1.222660594054400945e-01 -1.905398511016081764e-01 1.885950083330016902e-01 5.891557399988913563e-02 -4.561999635684209353e-02 -1.189079501576665102e-02 6.204599838479348817e-01 1.637849855210074881e-02 1.181238145620058660e-01 -1.668262734138186154e-01 -1.428375012710376805e-02 -2.310549248499108380e-02 -1.616427409183344155e-01 -2.497819910949863331e-01 9.801668842324486042e-02 -1.249204251954227768e-01 -7.480096783620174272e-02 -1.443530720523954203e-01 -1.070944626672151734e-01 -1.307676038763928295e-01 -2.497392956578097234e-01 3.057254933418048215e-01 2.590856499920370926e-01 1.924267774129973518e-01 -8.340797028688116954e-02 -8.588578044341231565e-02 3.336447560968687776e-01 -5.871077512184678937e-03 6.132264680588895428e-02 6.222545361311233175e-02 -2.863399725267864321e-02 -9.325428989009058867e-02 1.869642773316594897e-01 -2.744438043249428638e-01 -1.588336692604793918e-02 3.494484380454492695e-02 -4.817981391269934160e-02 9.313961823490896075e-02 8.975958490766816622e-02 2.512669590280333654e-01 3.941440196651670447e-01 1.796166557012100484e-01 1.881658600266033002e-02 1.082488369835790804e-01 -9.535998364601200317e-02 -2.103394655465639640e-01 1.893165388222665668e-01 2.862474781642223437e-02
-3.441366999402196980e-02 -4.945095403297632836e-02 1.883385914112774284e-02 -2.300342704721541343e-01 -1.496832288205336425e-01 1.272227715950537685e-01 1.439935639152082891e-01 9.925880468587465477e-02 4.832211287321706850e-02 3.101315321126700275e-01 1.000000000000000000e+00 4.726505789428034343e-01 1.096864714444010236e-01 -7.192099424155594389e-02 -8.529678394647631501e-02 9.539604883538690960e-02 1.789913836742214048e-01 -1.120799985454153519e-01 7.412058354081781271e-03 -1.264716220598891272e-01 2.678763410609576873e-02 7.348090815639984896e-02 -1.778112922573883425e-01 3.609898100348657990e-01 3.742001906356972052e-01 3.527782553626175321e-01 1.606456004431399132e-01 2.668591293467956760e-01 1.620187579600836369e-01 -6.950058691351075624e-02 -4.860726389535845876e-02 1.000385792515670266e-02 -1.447769788269781810e-01 -1.887862558015060976e-01 -3.978631003071948780e-02 -3.517872279810447395e-02 1.576913017582851628e-01 1.193006102570968036e-01 2.502061413595269568e-01 2.463205175169209116e-01 -9.160745670466977075e-02 8.288538026077528487e-02 1.790953721145765454e-01 1.192466328492514660e-01 -1.112219975674828970e-01 2.790427290513403102e-02 -2.569644602054151905e-01 -2.272631016426529260e-01 1.101748976399454238e-01 3.866889810528726518e-02 -4.844132432535968452e-02 -7.874271905887578193e-02 -3.313371594539268883e-02 -1.750176476213051724e-01 6.755243978120056489e-03 1.357493889470109405e-01 -1.266303463663882162e-02 -1.324314504029770398e-02 2.722818263898484359e-01 3.202402262908891628e-01 2.899251534049893109e-01 4.643208689101025605e-02 5.392395334073420143e-02 1.144323890477958600e-02 -1.656523830432994962e-02 -7.149510091128190303e-02 -7.232240619754712330e-02 1.756599136728075883e-01 -2.428718676922725014e-02 -1.774263333711519064e-01 5.263484695516688905e-02 -1.698866914417978755e-02 -1.077721578622738985e-01 1.565003463865722588e-01 3.252742755453890688e-01 2.829543587030994289e-01 1.833776358384801575e-01 9.586797668427652838e-03 -1.329752236690078318e-02 -1.945041458577666062e-05 3.395562453249548196e-02 -1.391500340685341008e-01 -9.799395177983630245e-02 -9.534956977290123814e-02 1.687480928731163177e-01 -3.954882634831839994e-01 1.607570571632988277e-01 2.211151553679950588e-01 -5.506568226950857986e-02 -1.844839560808068588e-02 -7.814154338544004874e-02 3.558154259871712521e-01 3.069696402616084452e-01 4.473088198953961703e-02 1.289578906372927658e-01 4.296293787289368060e-02 -9.865790774541806710e-03 -2.051428047459675497e-01 6.892130113572106365e-02 1.116596888526675269e-01
7.324042638688479934e-02 -9.832100935424674393e-02 -7.733855672165709794e-02 -1.660590923955534426e-01 -1.353309268371833962e-01 -1.038340099326760524e-01 1.947699167324364600e-01 4.664148539622918477e-02 9.626080540739796743e-02 3.637271464023127399e-01 4.726505789428034343e-01 1.000000000000000000e+00 2.080764305948020754e-01 4.308261448862753945e-02 4.339273824670768914e-02 -5.884744984932997747e-02 3.056579880105899094e-01 9.422665086522243050e-02 9.401957380738540371e-02 2.388747626954760075e-02 -7.803724781510847953e-03 1.651764010955321660e-01 -1.426548003265186090e-02 5.559070564123332892e-01 4.845346822528022734e-01 4.640376146884616082e-01 9.065859842264847868e-02 -1.765120774768099213e-02 1.280019153637321494e-01 6.366501880199432195e-02 7.039273441775779905e-02 -1.860223602029769663e-01 -1.716989299338037844e-01 6.109662527966269047e-02 -1.386074424387113424e-01 2.104019366546930891e-01 1.088867769708490724e-01 1.913866495596480977e-01 -7.918365176224609683e-03 1.958722304534088465e-01 8.434061636349270141e-02 3.203220385749314114e-01 2.602035685209502791e-01 1.634152715026559732e-01 -5.625921354618250436e-02 -4.688353054600696845e-02 -1.785232583764717884e-01 -1.705991366792022346e-01 4.147723464942376648e-02 -7.822860327799236433e-05 -1.055096300017055871e-01 -3.025649396819291015e-01 -1.938070762304462957e-01 -7.568858696555685883e-02 2.941849277287517106e-02 -2.297369050305409777e-01 -7.234627408385596592e-02 7.714149849134713244e-02 4.746198412042934578e-01 4.847487899059111371e-01 4.735569564660086495e-01 -2.354241666078048939e-02 1.687440249833344619e-01 2.231878645711408149e-01 1.125599782859918324e-01 4.587898524575246412e-02 1.714294615929237708e-02 1.364360380406905437e-01 -7.827052137488972605e-02 -3.439161330903955927e-02 4.397726712806967336e-02 9.475456916062705015e-02 4.368633794779446661e-02 3.087502117758547659e-01 4.018660808702925191e-01 4.377109907797006039e-01 1.346572549408009412e-01 1.765234748410131893e-01 7.565146390811373911e-02 -2.965752995768609554e-02 8.007369859690785519e-02 -6.663845089309806957e-02 -5.043902643530051577e-02 -5.547547101547072035e-02 1.639486316257237064e-01 -1.524264054532920298e-01 1.612267589657128686e-01 8.363049017674839547e-02 2.416199692287799017e-01 1.658289279947660899e-01 -1.017988099415004788e-01 -5.262561587217007980e-02 1.907957345537859006e-01 4.087885608859745390e-01 1.774378013915041685e-01 1.106742888822496718e-01 6.598540681024647747e-02 -8.684945025170408284e-02 2.229408883409379413e-02 1.009989156773003355e-01
-5.411324693426860372e-02 -1.425190940330168521e-01 -1.188958154704968379e-01 -1.029853999278328019e-01 -1.339704017842110462e-01 -2.077921891222944684e-02 1.000209443898834594e-01 3.706964660867606565e-02 -8.328188319007696905e-02 -3.994542859104324717e-02 1.096864714444010236e-01 2.080764305948020754e-01 1.000000000000000000e+00 1.182642700819392378e-01 5.784479731497759597e-02 -1.284405540426153229e-02 2.653920364740827709e-01 2.403821444129055629e-01 2.659080848642145223e-01 1.745976531891123562e-01 2.373941367835717131e-01 4.074627003008757242e-01 2.458080637379744110e-03 1.896990468193067714e-01 -1.218376924688083923e-01 2.329854250726604292e-01 2.547742785467680959e-01 2.090694614479680913e-01 2.697260194580841097e-01 1.502703122679440069e-02 -1.036408299884174211e-01 3.632662755441241897e-02 -4.933217637631191060e-02 3.322461301032834657e-01 3.212375163774498499e-01 -1.210382695498990642e-02 -4.424085557855590017e-02 -7.908993867678876244e-02 5.578592931727966754e-03 7.605403405341321088e-02 8.678025387004816016e-03 2.687742486284305787e-02 2.676932244300082031e-01 -2.823239857874534388e-03 5.328953368312405736e-02 -1.063238711427836637e-02 1.383333850294358458e-01 9.400793613411304039e-02 2.773693269070898193e-03 7.443973317917583488e-02 -1.336434566298944776e-02 -1.013877975510918406e-01 -1.349020989410504023e-01 -1.013217473170333477e-01 -1.457392756030032321e-01 -1.186287381031045918e-01 -8.703107751311918439e-02 -1.362366332758961629e-02 -1.186676829987969722e-01 1.481166349699085671e-01 1.828242678849072711e-01 2.519539216096708389e-01 2.378188898922578287e-01 1.828205175176652597e-01 1.611489226665795971e-01 5.568954530999263575e-02 -1.003087172280393985e-01 2.933249530999681443e-01 2.302916354438641622e-01 2.443181358841006456e-01 2.597175087621550471e-01 2.630581666467946000e-01 7.339762949146408366e-02 1.568853302134034719e-02 7.579130508420123258e-02 7.270214069941108304e-02 2.166071948138321712e-01 8.273278541471255909e-02 -1.486094077625827181e-01 -1.393225818237719127e-01 1.735231909659289140e-01 1.020554393124846471e-01 7.904880171018753565e-02 2.596969759036580339e-01 1.644346022550743636e-01 3.300645301276452365e-02 -4.309141092019215871e-03 2.409019130494643446e-01 1.156037330160059468e-01 1.706128418416640730e-02 -1.598588351767888660e-01 -4.313093937978114412e-02 -2.064678045327231551e-02 7.636216107265784286e-03 1.485032109048242122e-01 1.893032695293683093e-02 -2.369898504076361004e-02 6.415599576060192211e-02 -2.307554196838305580e-02 2.117282643122013475e-02
-2.597246403920521196e-01 -3.359864608425182086e-01 -1.743100401647307285e-01 2.353836301667063813e-01 6.398893701168467674e-02 -1.421054300909638246e-01 -1.717507291831738003e-01 -3.325248782962162419e-01 -2.361992610390309111e-01 -2.911655489786521001e-01 -7.192099424155594389e-02 4.308261448862753945e-02 1.182642700819392378e-01 1.000000000000000000e+00 8.501166114384903771e-01 -4.492342907106748884e-01 -2.606111395766583239e-02 -1.288446157613185594e-01 6.502452990776877995e-01 -8.873437488073136759e-02 5.493657114528446295e-01 1.610466289171581522e-01 7.430177787510876541e-01 1.665472040476163595e-01 -2.416583455538990344e-01 2.740266052795333751e-01 -6.568191805958706331e-02 2.463667691937993232e-01 5.365442365260699731e-01 6.908675650753187680e-01 -2.198223856153006250e-01 1.271818275420402433e-01 3.024796712742714409e-03 2.964847887662635031e-02 1.375160176728059958e-01 -1.233689211971335936e-01 3.675288222160088547e-01 -6.595679909196136559e-02 -1.448235475186260279e-01 -1.578007433043147889e-01 -1.981351267723517884e-01 -1.265873306586845770e-01 5.843419444453158001e-02 -1.832746329069969704e-01 -8.799085072990993350e-02 3.098690103396794515e-01 5.923560751036951455e-01 4.348938318653474133e-01 -3.379101260262431378e-02 7.028086148513623677e-02 -1.825601371744355050e-01 -2.192507141412737837e-01 -1.218732468175195705e-01 2.258040331576844362e-01 -2.109094998493432904e-01 -2.663938082877190805e-01 -1.835849800152761502e-01 -2.839871644025199759e-01 -2.021098718753959744e-01 1.914620653618601953e-01 2.696195216493754709e-01 5.031531698245770290e-01 6.269509062926026388e-01 5.230942579341996135e-01 6.819773282091773359e-01 8.201464005373808597e-01 -2.926755928488243841e-01 3.189196027264724620e-01 -1.327948656769866731e-01 -1.627719338449787889e-01 3.138682632429856678e-01 4.903363678406111870e-01 7.047347963910028934e-01 -8.933409404266527687e-02 1.734062456742084535e-01 2.203324689858181529e-01 5.586437543264964889e-01 6.769375651741178501e-01 -3.359025569754369167e-01 1.031310748346654094e-01 -5.617002270596731933e-02 -3.178745707646434271e-01 -1.333812266015646231e-01 1.460014031380988953e-01 -1.440254122369854228e-01 4.049633616574116468e-01 4.018128562770612588e-01 -3.715681604406796679e-02 7.721257760320229813e-02 -1.879120848766309138e-01 -1.780619292314273849e-01 -2.654522410414006939e-01 -2.171910901720925102e-01 -1.062982601052030046e-01 3.532184208836389727e-01 -9.296779988571061970e-02 2.687357329439141185e-01 2.875322488747668048e-01 -8.636721625660676027e-02 6.511260731265948454e-02
-2.667185257572769475e-01 -2.638690601302160488e-01 -1.318541816229535923e-01 2.824053165657111619e-01 8.814626555754255521e-02 -1.145955825794316013e-01 -1.435625474880029007e-01 -2.896900866577299949e-01 -1.664641015451656103e-01 -2.557090474741259833e-01 -8.529678394647631501e-02 4.339273824670768914e-02 5.784479731497759597e-02 8.501166114384903771e-01 1.000000000000000000e+00 -4.261682796118747008e-01 -7.883324935129727706e-02 -1.304827281944201389e-01 6.237242537887273119e-01 -1.315654401095729120e-01 5.206514578944193561e-01 3.408381937870526984e-02 7.907151906217509962e-01 1.856440302748694759e-01 -1.711650972124253156e-01 2.659776749964814502e-01 -1.329332210868257036e-01 2.051017212495906128e-01 5.184345261408304095e-01 7.189904781836938819e-01 -2.390171628403988391e-01 8.448530372471184380e-02 -2.466773014200611749e-02 -4.379633447091829668e-02 -7.174779947416350286e-03 -1.059374506706362989e-01 3.716618275934696070e-01 -9.367990631203086671e-02 -2.101535108815109909e-01 -1.058282626761760381e-01 -2.726521710216607275e-01 -1.496606695476142834e-01 -3.969015393901419164e-02 -1.871610255732545913e-01 -1.645508583046222939e-01 2.301138139217587530e-01 4.908911748904972172e-01 4.091491667817857003e-01 -4.668918437715570413e-02 2.840724686716992933e-03 -1.635367923061619710e-01 -1.645718568969172235e-01 1.881895890337969982e-03 2.885692833243143629e-01 -1.824537175972009984e-01 -2.278029583161733373e-01 -5.489323427426692076e-02 -2.111649248216095620e-01 -1.118272635962121453e-01 1.862258063204608738e-01 3.036627163475021374e-01 5.499420960362656485e-01 6.689709243873037670e-01 4.923232452382613755e-01 6.963309032313814706e-01 8.849222067081736753e-01 -1.487341569697099020e-01 2.901704309736262144e-01 -1.556486540819028708e-01 -1.577953252645263871e-01 3.351554697441739283e-01 4.834119079388775608e-01 7.481967244080441892e-01 1.953471831676724044e-02 2.255354146041600449e-01 2.604766290423268238e-01 5.983834825729874574e-01 7.237804494071379269e-01 -3.441734082036995157e-01 1.502710519618927487e-01 -2.692704995555997988e-02 -3.718822293409929092e-01 -2.164857594865096102e-01 7.290678902607523881e-02 -1.700036550955510428e-01 3.853117524349507494e-01 4.447714062761596865e-01 -7.030872935923433709e-02 7.291188640420626088e-02 -1.831196118291807673e-01 -1.678486988619941334e-01 -2.482087350508208612e-01 -1.725492551424271936e-01 -1.155355339181861063e-01 3.754224807986388246e-01 -8.822270268351425915e-02 2.349062426499284595e-01 2.616493122515036185e-01 -8.052781107546608252e-02 3.657888389644523008e-02
