1.000000000000000000e+00 5.344130720371177701e-02 3.240438368637595934e-01 -2.143971419183326454e-01 -5.380773869231385981e-02 1.951000322497169204e-01 5.777164567882408369e-02 1.760990601027727087e-01 6.689188173877888555e-02 2.253086270017804205e-01 -5.403734875988319697e-02 8.757879307076554820e-03 -2.323787160366090343e-01 -3.737738925326110073e-01 -3.415640862132664490e-01 2.213637333288780706e-01 -2.876664345913500509e-01 7.117442188661254887e-02 -3.335242913175675006e-01 -1.243244910658647534e-01 -2.640701140008106518e-01 -2.946441011537436205e-01 -1.984947699974398960e-01 -7.681871143516880163e-02 1.840655855295290910e-01 -1.660715954604582711e-01 -3.927805243840264970e-01 -2.430613923921305375e-01 -3.768852261033748818e-01 -1.525352408320563291e-01 3.311928463783257448e-01 2.794173141199169375e-01 -9.858258859174472144e-02 -2.663474235527250600e-01 -2.955530297319639010e-01 4.033521278012355826e-02 -2.461881490120076121e-01 3.340339194410166246e-01 -8.963963206011497931e-02 1.938691290070192891e-02 1.685280225425245249e-02 3.688772151983517045e-01 -1.431028472445189659e-01 -1.316026468547211170e-01 -1.129896983128791388e-01 -3.259593386916880275e-01 -3.302336628171076982e-01 -2.754994999831812952e-01 2.411648346570886836e-01 -3.092231611896855553e-02 6.672926475780246447e-01 1.676906204404121636e-01 1.833722878150596813e-02 -2.606024721864378946e-01 1.218076679399884843e-01 2.646972611338936909e-01 4.559469849370864636e-02 9.321815879401826321e-02 1.695371305226041625e-01 -2.170008594339433716e-01 -9.907423236123090449e-02 -1.501369498394132529e-01 -2.818642719613364545e-01 -2.079057950630066043e-01 -3.557295041593140361e-01 -3.227811628842802150e-01 1.030107598191334628e-01 -3.019522244311675374e-01 -3.570385602122420066e-01 -6.480564293413088039e-02 -3.607241533794813826e-01 -2.883902795584393774e-01 -1.593287060031007563e-01 1.018543558529011323e-01 -2.252593350023169294e-01 -1.534992226383184721e-01 -2.947658594306763469e-01 -1.935084737906415941e-01 2.411453451330504427e-01 1.799652535388630292e-01 -3.458167705692268279e-01 -3.140831265697548169e-02 -4.838440042495390295e-03 -3.144590516883240539e-01 -3.957411952362817065e-01 -3.619871791638746283e-01 -2.133104524669594826e-01 -1.264084552141784557e-01 1.265066927722315326e-01 2.273623246827110450e-02 1.509148966540541370e-01 1.746042994026354711e-01 -1.999600047275193471e-01 1.843619532993176213e-01 -9.576386961116525876e-02 2.721352555041748472e-02 -2.342795083359649200e-01 -2.126906084386755436e-01 2.843193486264866676e-01 7.041159426464638216e-02
5.344130720371177701e-02 1.000000000000000000e+00 4.843503951713138966e-01 5.829039266151870846e-01 6.135276144984508351e-01 4.230053177050711599e-01 4.548222073330897008e-01 4.619695269156850470e-01 4.936304479819773605e-01 -1.016038968735562820e-01 -1.237133659041650402e-01 2.220093371410015656e-02 7.442953424005471774e-02 1.947008627874569908e-01 3.439506661614862848e-01 4.977418642679796723e-01 6.567058554405777460e-02 2.287984529655605059e-01 9.167651971321963411e-02 9.824706421168630244e-02 2.446241638441347122e-01 -7.831653764171644938e-02 1.324556436955465211e-01 -1.074113271492134897e-01 -3.528006970332810410e-01 -3.497715184896879603e-01 -1.683257252004491944e-01 -2.801357199062753378e-01 1.550921058238303139e-02 1.930253000632440319e-01 5.901661694363266597e-02 1.309809447555893847e-01 1.362319887631204263e-01 -1.446292936550759300e-01 -1.823274441955279324e-01 -1.117185745539184677e-01 -3.618822416064971237e-01 1.023237491783869080e-01 1.033824578546566897e-01 1.071334143843003517e-01 -3.116435656202934945e-01 -1.291430871392966750e-01 -2.807079408748591742e-01 -6.816146980445295621e-03 -3.055233465243322732e-01 -1.213006061532669738e-01 -1.952353214642129076e-01 -1.436024104263488865e-01 5.130361301076653141e-02 -2.777592154834240268e-01 1.321730783026151268e-01 6.781021167922065551e-01 6.561052451642951366e-01 5.190376791990629624e-01 5.091993672054221376e-01 3.877427616590757298e-01 4.450355895446150289e-01 5.073385952001973065e-01 -2.047784431949408179e-01 -2.439404685654648908e-01 7.354890156253536537e-02 1.485929454804121308e-01 3.113691497378638373e-01 3.142390001838740732e-01 1.973993935080838313e-01 3.199694667516542190e-01 1.152972896428697130e-01 2.291258010462253469e-01 -1.674797066145204127e-01 1.849424371445546333e-01 2.786729629735870128e-01 5.225921032918105086e-02 1.109676159424856506e-01 1.492280850969429917e-01 9.308194278737391691e-02 -3.381400585020730154e-01 -1.232166905078917740e-01 1.349529725851952022e-01 1.426743226881615478e-01 1.072187912245199659e-01 -1.526367162326682236e-01 -4.843259716060207554e-01 -2.605581562508135218e-01 -1.815759966494978062e-01 -1.991959288244317949e-01 -2.447101184385084560e-01 -2.015852358132297351e-01 -2.758425373739745168e-01 -1.161690839836281713e-01 -2.254537248108401115e-01 -8.003000049635460023e-02 7.130843952930675245e-02 -7.287534852342583691e-02 -1.693018796731684400e-02 -2.418471847735415570e-01 -1.424081575602860750e-01 -1.345307090078133871e-01 -2.811209319400672091e-01 1.198858640186677010e-01 -2.840695014256521822e-01
3.240438368637595934e-01 4.843503951713138966e-01 1.000000000000000000e+00 9.696511852480201032e-02 3.719055088945267262e-01 6.286779597816986032e-01 4.261337189478107690e-01 5.188127771475078420e-01 6.375935363343360196e-01 1.601374798024147728e-01 2.516818947054130784e-01 2.724268758980127880e-01 1.462651967437608447e-01 -2.436189444459715275e-02 9.066733176345391845e-03 3.042968744961424554e-01 1.289824108685501958e-01 1.730502504692654486e-01 1.350901625313725984e-01 -3.884928292479045142e-02 1.220501744768657942e-01 8.819642945698719094e-02 -1.266507287409826543e-01 2.077581903411013786e-01 8.183297029160321867e-02 -8.394442277128906504e-02 -1.966967645878716087e-01 -3.333220734820062092e-01 -7.880449438188329159e-02 -9.283951190082469218e-02 9.434367743726805589e-02 -1.914819335668624736e-02 -2.756534389144573716e-01 7.405999167648422143e-02 -4.439295752528873290e-02 -1.001388252524080952e-01 -3.029508642748870439e-01 2.585422004454081546e-01 1.414623317743657349e-01 2.996694170676412750e-01 -2.290096282089318092e-01 3.249129033202370898e-01 7.358918138146150652e-03 -1.353393863983869683e-01 -2.306212263774194138e-01 -2.821445669099491016e-01 -3.221112859375322435e-01 -3.714629649405766232e-01 4.157078244233471387e-01 1.422565383730601749e-03 4.072322827073148188e-01 6.725798804462688185e-01 3.287179800574571709e-01 7.751987557720793620e-02 5.858429685533669273e-01 6.745155032298896236e-01 3.840232192931143373e-01 5.938433981518066451e-01 9.004505490061688600e-02 1.709357506056613171e-02 1.615334004406151769e-01 1.785803791529756990e-01 1.277796514409565709e-01 1.243585382203332285e-01 3.280164694974064404e-02 -1.266897551905268871e-02 9.845109183294387112e-02 1.680180083444580974e-01 -3.233898269716211499e-02 2.069768784187344390e-01 2.506669164420395959e-02 7.434247882817913988e-02 -1.594653957367523078e-01 3.143131903375533387e-01 7.332487214508409679e-02 -1.044280542105918697e-01 -2.542498092599164705e-01 -2.685593237044642950e-02 1.474078674575416414e-01 -8.501655212410123841e-02 -1.544906628029557860e-01 -3.599211535834574982e-01 -2.157683703137627251e-01 -1.366839807368451509e-01 -3.761728084199437161e-01 -4.020003968205385636e-01 -2.231431029850384495e-01 -2.987008127093777055e-01 -7.484219273048554888e-02 -3.801607910976142340e-02 -2.847011692026831797e-01 3.599338998551426250e-01 -1.604334794457049629e-01 2.250813653796586711e-01 -1.377807609091209751e-01 -1.472773671759327052e-01 -2.691858510015277539e-01 -5.071207497058964897e-01 5.055764440294839845e-01 1.984359375268757511e-02
-2.143971419183326454e-01 5.829039266151870846e-01 9.696511852480201032e-02 1.000000000000000000e+00 4.089447455881328741e-01 1.272546517939128485e-01 4.534823211831399137e-01 3.822560061332285208e-01 3.155881744519740684e-01 -3.641655206873726791e-01 -2.327399815599592026e-01 -1.838243962456942784e-02 3.137375781873916747e-01 5.564458291668905598e-01 6.211259601962073607e-01 2.996060976423158828e-01 2.663947527646112201e-01 2.802771029187950957e-01 3.937468459091857942e-01 2.459886295201855200e-01 3.816023940320725227e-01 5.419977973177318720e-02 4.011841759716973654e-01 -5.065051424330935942e-02 -4.456388139203947829e-01 -1.382079755025181211e-01 1.376982775418238714e-01 -1.190052217470857626e-01 3.416489246622521070e-01 3.190367190851448043e-01 7.912491029056267777e-02 1.506524709787833705e-01 2.494962088331602323e-01 3.734867562854483208e-02 8.480511454261741022e-02 -6.266236703070868219e-02 -5.587335714967777561e-02 1.218600065335059268e-01 2.188902008013166312e-01 2.329950692326470119e-01 -1.083166001162531727e-01 -3.185750069762525172e-01 -1.666347524242656475e-01 -1.897392199312482319e-02 -5.233755373931207704e-03 9.389484621509594509e-02 1.464554181781732856e-01 1.349431630867428678e-01 -6.063862586438215768e-02 -1.985934192611961413e-01 -2.128330540834798001e-01 5.197224518534863114e-01 5.973195491307732308e-01 8.226323933011970846e-01 3.799690211294613484e-01 1.576468714903133950e-01 5.464779016031275916e-01 4.434282032464203493e-01 -1.728610262722803936e-01 -3.086056592198713894e-02 1.066237481697034917e-01 3.342629097847905073e-01 5.406957444912321442e-01 5.846624875292799617e-01 4.923428769429940011e-01 6.083122607636746171e-01 2.464152283446439662e-01 4.568607983243733739e-01 1.178500189954237165e-01 3.732943772416096873e-01 5.698453043255451433e-01 2.762556591083804580e-01 3.290602751740141496e-01 9.781284394477633704e-02 1.800089767125463702e-01 -2.530130229423861454e-01 1.518753081446495845e-01 3.203163904858727373e-01 -5.546735633502890284e-02 1.157804310762383659e-01 4.077208044612765092e-02 -3.978452202948208338e-01 -4.195486009573839298e-02 9.958164970413610484e-02 1.140653777181375172e-01 4.859858044861887355e-02 7.164671994967782009e-02 -5.586305137288814088e-02 4.919369281173955472e-02 -2.991836868354462164e-01 4.717575985575930830e-02 4.870993567351666886e-02 9.068434680761658373e-02 -1.083976301769336986e-01 6.692274210006466870e-03 1.627129934701246339e-01 1.271141172849919732e-01 1.827480294636608243e-02 2.949083773062228728e-02 -1.937458727249644075e-01
-5.380773869231385981e-02 6.135276144984508351e-01 3.719055088945267262e-01 4.089447455881328741e-01 1.000000000000000000e+00 4.970887003743812427e-01 3.786078715703675157e-01 3.907809545236840543e-01 5.309648205143527866e-01 -3.267655380931849818e-02 -1.409835112316898120e-01 -1.002375677786677410e-01 1.902716920232364051e-02 1.741009263504931515e-01 2.499174362795193449e-01 2.128068397217880992e-01 -4.804645596772319505e-02 2.071399312227916734e-01 2.007985573955311034e-02 2.392895839425429605e-01 2.816280281295023835e-01 -2.282860190512844487e-02 8.330027841712336900e-02 -1.696028134631903384e-01 -3.456033891145056658e-01 -2.608623425180903177e-01 -1.489130322574040710e-01 -2.312680985703254866e-01 2.575910021989964369e-03 1.901771646101020846e-04 -2.178993334342129162e-01 -3.464250587568314110e-02 1.607132157043475174e-01 -7.186653646479027047e-02 -2.279443555642609587e-01 3.062747213229649861e-03 -3.006466062592565436e-01 -8.206909293613133538e-02 -1.361445404568319834e-02 2.011492421876341641e-02 -1.712532714664777855e-01 -2.440960386148769978e-01 -2.403370890092657031e-01 5.414886141959778659e-02 -3.197353011457296779e-01 -1.377845529373751821e-01 -1.378360940569882953e-01 -1.004679811425805841e-01 9.932214166173519709e-02 -9.242484904655753897e-02 6.275617516567544296e-02 4.092403130187178828e-01 4.427195700288217295e-01 4.530040564187411967e-01 4.735277136991359326e-01 3.651899158571274007e-01 3.932919777298858888e-01 4.665900181665753599e-01 -3.492095218823131897e-01 -1.711847868281788365e-01 3.617857578454619638e-02 7.132333062750347008e-02 2.024548418809070938e-01 2.423505247441974098e-01 1.738220182116735346e-01 1.775913431396632935e-01 2.190883583652692146e-01 1.283755647205281347e-01 -5.754124652530493572e-02 1.774992053908283629e-01 2.308849446771415459e-01 -5.760430490597805153e-02 -1.026175816295716095e-02 2.380914947879091484e-02 1.109623871175326529e-02 -3.205733192390939901e-01 -2.049419123091084649e-01 -4.044483956120786122e-02 -1.672245685196491194e-02 -1.208865157832167275e-01 -2.188890274456265772e-01 -3.887070552917583077e-01 -3.587246051785237810e-01 -2.469811615763051194e-01 -1.867893772003866582e-01 -1.597303358685292496e-01 -1.883446841898054613e-01 -3.857800311595566689e-01 -6.606565334555877800e-02 -3.409207571256689384e-01 -3.000726803968159495e-01 -2.730251169073351358e-02 -2.193454064008724391e-01 -1.053640321450554918e-01 -3.175900831687697989e-01 -2.698904033366554822e-01 -2.071128228270089910e-01 -2.743021858431133331e-01 1.605219354469289428e-01 -1.100016897273285166e-01
1.951000322497169204e-01 4.230053177050711599e-01 6.286779597816986032e-01 1.272546517939128485e-01 4.970887003743812427e-01 1.000000000000000000e+00 4.625945544877733129e-01 5.899376821876111121e-01 7.279893300460898997e-01 1.239797358055392956e-01 2.429184031185524784e-01 2.056039067129619424e-01 1.977947275779007585e-01 1.113012479620126283e-01 -7.386984509021654773e-03 1.783877660304677704e-01 1.725309259161448283e-01 3.146095522910337117e-01 1.812208760607373070e-01 1.362985770125825502e-01 1.784683484071893367e-01 8.240750482554498602e-02 2.591621187194105384e-03 1.324526114323660957e-02 -4.042759027056840732e-02 -7.054366601383052493e-02 -1.482945826028009007e-01 -3.125765080031427945e-01 -4.577378268953966739e-02 -1.606847627924101185e-01 2.758111429539619394e-02 -6.146971083410924380e-02 -1.975593954112874195e-01 9.545596827778395077e-02 -3.427306687758095716e-02 6.574654860845004223e-02 -1.461842826679611296e-01 2.265827256255673050e-01 2.069582143105533900e-01 2.355305721543412001e-01 -1.808968661594940186e-01 1.192098029605713205e-01 1.998354704534352141e-02 5.190826704033541482e-03 -7.007541852364039536e-02 -1.507752671212780893e-01 -1.400283254997277682e-01 -1.558814265471101801e-01 5.464247510060248336e-01 9.046867130227483067e-02 2.601218658851949805e-01 4.763103191417870086e-01 2.101888274255918898e-01 1.819043217760229481e-01 7.736407933320459396e-01 8.135698249944743887e-01 4.807385840410755007e-01 6.427327585084670059e-01 -4.870921146344039943e-02 -2.030781973973758148e-02 4.160300838879637392e-02 1.829044081134823529e-01 9.648417312197613005e-02 2.017419660995783126e-01 9.783847458708808120e-02 -5.936547841281065128e-03 1.842928184515889856e-01 5.134366453773425709e-02 -5.642453342218948370e-02 2.119266855885079959e-01 8.325492455352703769e-02 -6.429795018406575524e-02 -7.169492187562716279e-02 8.414645284004841630e-02 -1.476945447549992407e-01 -1.124137773960767334e-01 -1.682455631374031035e-01 -1.475234664852321242e-01 -3.909386008754007352e-02 -1.883080665276683774e-01 -2.601450022329929723e-01 -3.241620140059451871e-01 -2.168463141393973670e-01 -1.923591344235519307e-01 -2.587548335922828513e-01 -2.985118108640333334e-01 -1.774424825184046095e-01 -3.480535134660917018e-01 1.621025173652491588e-02 -1.677381252751629082e-01 -2.997198803807518686e-01 2.040775444472995581e-01 -2.937331392159613364e-01 2.619337511227207496e-02 -1.252656481452806558e-01 -1.495685940221913243e-02 -1.413448393684513527e-01 -2.652320525521242311e-01 4.498111406110695265e-01 1.755247733302809643e-01
5.777164567882408369e-02 4.548222073330897008e-01 4.261337189478107690e-01 4.534823211831399137e-01 3.786078715703675157e-01 4.625945544877733129e-01 1.000000000000000000e+00 6.757061490997565700e-01 6.454219303152040066e-01 -4.934375620212217567e-02 -3.493572038015276687e-02 1.362583492940603047e-01 2.046602528231911966e-01 2.192729636949165839e-01 2.406340166763882293e-01 3.295830956767542008e-01 1.626839986621908818e-01 5.105814250778408780e-01 2.723941873516873002e-01 2.739353809213407875e-01 3.109182177569719818e-01 -1.040317735937519930e-03 1.777390575061049971e-01 3.739258104308059577e-02 -1.845121531989701025e-01 -4.198887803344729386e-02 -5.675882460492825965e-02 -2.414494733066020193e-01 6.428814379485822683e-02 3.769520582681062937e-02 1.982795399276240655e-01 1.219501119657998428e-01 -2.885196999219374892e-02 8.633472952712410720e-02 -3.082369350531647886e-02 7.376582684386354116e-02 -1.749427694976225245e-01 4.204570026582936659e-01 4.029353387168176925e-01 5.338275167792687625e-01 2.577088626553674516e-02 -2.687353943387008059e-02 2.014578965238179864e-02 5.686761660357000925e-02 5.651656908889082787e-02 -4.140718426702364591e-02 -9.928275827721218250e-02 -5.415211937414413784e-02 3.740672097185107070e-01 5.635593889679807629e-03 5.283564695228126079e-02 5.194429005759558793e-01 4.755451655638195385e-01 4.667431255479875252e-01 5.493039796177950906e-01 4.910133569705829037e-01 6.368688592998233977e-01 6.547950444252725877e-01 -1.192090720763852932e-02 -3.479297873370965771e-02 -1.089570056948699003e-02 2.847442775909538315e-01 2.296419845056430764e-01 2.991154491118074299e-01 2.100042975819952917e-01 2.183720825849313485e-01 4.562996789043901047e-01 2.447927479810512452e-01 -2.356996194327595426e-02 3.468115653698574663e-01 2.867802300027592066e-01 1.353258302518210998e-01 1.110134675189660691e-01 2.883420639328331814e-01 -6.719720481477019225e-02 -2.095833567416917065e-01 -1.051284660558175349e-01 7.338430295324485653e-02 7.307655744061378189e-02 -2.275318528544972158e-02 -2.610888769768853757e-01 -3.812419984150363095e-01 4.210208906225249709e-02 -8.391382322786822279e-02 -1.162807568487762983e-01 -2.090370620087608766e-01 -1.599247142756842766e-01 -2.313007742308849646e-01 1.376104105321534210e-01 -2.347630554221401544e-01 -9.770081326268903466e-02 2.894769965863194239e-01 -1.755733445719359284e-02 3.917498971484861120e-02 2.205874119261930222e-02 2.224478656433034884e-01 8.249350845371812568e-02 -1.185972449645356780e-01 2.730905393005623183e-01 6.274461850104383343e-02
1.760990601027727087e-01 4.619695269156850470e-01 5.188127771475078420e-01 3.822560061332285208e-01 3.907809545236840543e-01 5.899376821876111121e-01 6.757061490997565700e-01 1.000000000000000000e+00 7.571102705153550660e-01 1.207326815293540412e-01 4.278053420044051341e-02 1.467251422126775451e-01 2.057710022818918794e-01 1.119432044647400704e-01 1.247907642975037285e-01 2.855299289348246505e-01 1.383290983659579698e-01 5.024467106258172500e-01 2.085156227628335301e-01 2.176346473313385890e-02 2.689952470601811307e-01 5.155530655519090580e-03 1.597337015605306554e-01 -7.540548970024106394e-03 -1.337057493569054380e-02 2.312404137782237898e-02 -1.583420563094694589e-01 -2.607570648296163585e-01 -4.535979892241711470e-02 -3.167495881274701858e-02 3.485428343380719274e-01 2.551255372345972994e-01 -8.022211007442997532e-02 3.428316457606014195e-02 -4.288459059220291192e-02 -1.397003821819646774e-01 -2.977116298610961165e-01 5.038160228736736634e-01 4.800439136710090149e-01 4.998547806842261187e-01 -1.336716467860621649e-01 1.058667176129654414e-01 5.421365873392886697e-02 4.479934384610224918e-02 9.644822812001602186e-02 -9.253503388244956052e-02 -1.808002110401140672e-01 -1.994035221976541428e-01 2.882724096941870484e-01 -1.957127539012416262e-01 1.735178940830449656e-01 5.313027008146956609e-01 3.634793165842197249e-01 3.673900180789199110e-01 6.940187774994449610e-01 6.396244845635890020e-01 7.850175965161360070e-01 7.788668009907765422e-01 1.315207921607794150e-01 -7.466818102657288292e-02 1.007103914397951792e-02 2.399681580872557729e-01 1.657559886671130522e-01 3.109583418688889878e-01 1.354245848373368255e-01 1.405043315942138826e-01 3.085403746258493229e-01 1.361603232456629897e-01 -1.220074800560814327e-01 3.866117389294512208e-01 1.250391684104273093e-01 7.926197757264934196e-02 9.694691320437127946e-02 2.256690384695379248e-01 -1.142090527363384816e-01 -1.281771053966097029e-01 -2.231732325838984010e-01 2.818700884342583216e-02 1.980997247358573798e-01 1.789503615933861827e-02 -3.068079407551704274e-01 -4.038897487554381494e-01 1.009244808469006438e-01 -1.104259251426717714e-01 -2.060419421489424197e-01 -3.143649318330814513e-01 -3.317201426690734589e-01 -1.611720116434822714e-01 -7.478661232145067395e-02 -3.105679893754341170e-01 -4.380869258343050854e-02 3.993191511524231130e-01 -7.813231855315212748e-02 1.203950658452274947e-01 5.226837589920002580e-02 2.972995262384020010e-01 4.461365832250743096e-02 -2.046281100259297048e-01 2.550366579455738414e-01 -7.746696388132622013e-02
6.689188173877888555e-02 4.936304479819773605e-01 6.375935363343360196e-01 3.155881744519740684e-01 5.309648205143527866e-01 7.279893300460898997e-01 6.454219303152040066e-01 7.571102705153550660e-01 1.000000000000000000e+00 9.103345002660498397e-02 1.387133250266048001e-01 2.251363647126436995e-01 2.411078604594868446e-01 1.882297358846809765e-01 1.740544929345560210e-01 2.252125299926022173e-01 1.985993041187760766e-01 4.281695325330601709e-01 2.595034713284417038e-01 2.309012129221238163e-01 3.364471981125085054e-01 1.175207428903804890e-01 5.513492615488230914e-02 6.696053024804081433e-02 -2.072403586089134955e-02 2.674712263607998200e-02 -7.813858133795788252e-02 -2.623098307772745441e-01 3.353661548270909371e-02 -1.045245173512421022e-01 7.783565084940770318e-02 -2.479338686571730052e-02 -1.922260780876767494e-01 1.287842485369000978e-01 -2.761250436954769058e-03 5.147984225119094787e-02 -1.858114089061083107e-01 3.139632524614581199e-01 3.070283248797884834e-01 4.373229996505536010e-01 -1.867335518403289707e-01 1.181972933737057002e-01 4.558479465955806581e-02 -1.678621875315125522e-02 -3.976010796771987238e-02 -1.352749230429992622e-01 -1.686082977890870083e-01 -1.909009520172171015e-01 4.201784376183199110e-01 6.264071429829255744e-02 1.544497547045846353e-01 5.750455505484763918e-01 3.427349174277346533e-01 3.862107997331747922e-01 7.594766385359698058e-01 7.242068274364042990e-01 6.443712174722274755e-01 8.391578283001245309e-01 -3.222350586734392536e-02 1.586198531509452198e-02 7.608169534180997395e-02 2.445363273335028897e-01 1.878693662765460459e-01 2.963044231068872603e-01 2.355499094847745278e-01 1.477161097587844085e-01 2.123063851559474913e-01 2.069528723356990896e-01 1.442007890914798196e-02 3.538053190696014982e-01 2.551684518855905082e-01 7.949846843698467336e-02 -4.463760928372174919e-02 1.744902525630930012e-01 -3.181699147271248307e-02 -7.552642790398619854e-02 -2.150791320622587044e-01 -3.374250846232913076e-02 4.500245452062270890e-02 -1.710643382951125002e-01 -2.357445526183110929e-01 -4.089528632866717972e-01 -1.165435472123500099e-01 -1.001682545931654733e-01 -2.262878803806036565e-01 -3.013810744918351547e-01 -1.721724057993245793e-01 -3.164775314606704248e-01 1.429818142040609197e-02 -2.842516229718004550e-01 -2.998899888438286698e-01 3.098177274395720326e-01 -2.119396589266861752e-01 8.752152553673621382e-02 -3.686615985450696770e-02 3.778480745874505248e-02 -8.500005147511524584e-02 -3.108289715739852022e-01 3.691119816368946260e-01 9.300555709850436004e-02
2.253086270017804205e-01 -1.016038968735562820e-01 1.601374798024147728e-01 -3.641655206873726791e-01 -3.267655380931849818e-02 1.239797358055392956e-01 -4.934375620212217567e-02 1.207326815293540412e-01 9.103345002660498397e-02 1.000000000000000000e+00 3.766068930603561071e-01 1.505237615873455115e-01 -9.499048131205765910e-02 -4.598035196050301865e-01 -4.130185232428110753e-01 -1.407220109792539364e-01 -1.500106688635130248e-01 -1.021028680834153435e-01 -2.685554771753121961e-01 -3.287554364326908951e-01 -1.663987797843060334e-01 -1.184994500495747116e-01 -3.212371101533104123e-01 8.753935164572322625e-02 5.957103586577888743e-01 -3.830462373066389342e-02 -2.430342245189689998e-01 -2.884991700919522714e-02 -1.744211323788245893e-01 -3.699135140574970060e-01 1.347417987308689447e-01 1.633295504035956955e-02 -2.730359786480157647e-01 -6.757278822291635199e-03 -1.283809113846430539e-01 -7.011807701788680403e-02 -1.447462292254971528e-01 1.594238546397202250e-01 1.459474558528844369e-02 9.477244203753486251e-02 1.049406683513222915e-01 4.675202766271592258e-01 4.424207927314825067e-02 1.493918288904161062e-01 7.332043405708772721e-02 -2.281220734399443117e-01 -3.880413204895243884e-01 -3.463989008373153933e-01 1.725019391265880941e-01 6.788098327078481709e-02 1.942943659635972542e-01 -1.311146020399920065e-01 -1.898980616270269373e-01 -4.315620380812555390e-01 -3.185768320756485888e-02 2.213190209079377579e-01 -7.673772591020286415e-02 5.523332763102383955e-03 4.856666595353107407e-01 -5.289532884304876115e-02 -6.268941608008807287e-02 -8.305320639782189096e-02 -3.614514951747936911e-01 -3.206839100699748757e-01 -4.586055303250031745e-01 -4.347954590397778984e-01 6.902895588949660433e-02 -2.785470544463486409e-01 -2.283026237366556632e-01 -1.694436283809373778e-01 -4.275232200637813507e-01 -1.810286811048346101e-01 -2.896664110807671277e-01 3.102930215207920228e-01 -9.419429511057293702e-02 1.024148439393176152e-01 -1.609552385828832421e-01 -2.228981476722648181e-01 2.119536077703974564e-01 -6.696969518961444490e-02 -2.069183941348392286e-01 4.536589017959408165e-02 3.552779524156688545e-02 -1.612018952780345238e-01 -3.033293166891571913e-01 -3.396162076915086314e-01 -2.010812817738655278e-01 4.925920028644141524e-02 -5.585471621290364480e-02 2.373692686305989841e-01 -1.194089797763916577e-01 1.879056309233693156e-01 -5.987322703076497499e-02 4.054862263011441148e-01 -8.522130428880982100e-02 5.443017972199999666e-02 -1.113158552050743239e-01 -2.429554415706463577e-01 1.775666356578662619e-01 1.470211386094385231e-01
-5.403734875988319697e-02 -1.237133659041650402e-01 2.516818947054130784e-01 -2.327399815599592026e-01 -1.409835112316898120e-01 2.429184031185524784e-01 -3.493572038015276687e-02 4.278053420044051341e-02 1.387133250266048001e-01 3.766068930603561071e-01 1.000000000000000000e+00 6.874819403185223887e-01 4.293335472336707315e-01 -4.524133306485858541e-02 -1.749804766365475606e-01 -1.235530632892643671e-01 4.565506211188200547e-01 -8.917513645044017334e-02 2.986853730694986053e-01 -9.687886598527378768e-02 5.096928539430535532e-02 4.589531651946413549e-01 -3.001280139112501577e-01 5.934250728392206353e-01 4.458282539189630800e-01 3.827691451969567615e-01 9.843118083019014586e-02 2.446493823047309404e-02 1.971278194983661636e-01 -1.997106648425690245e-01 -1.205046660383736895e-01 -3.926899068207648780e-01 -5.877193488682275202e-01 3.935288621473239101e-01 3.787108500269922295e-01 -1.716908370164163256e-01 1.346633263992448037e-01 6.225655920872238958e-02 7.807253291901067316e-02 2.484670742081586947e-01 -1.974344595298904714e-02 5.239063594455628525e-01 5.186777271356233232e-01 -7.094717783975854064e-02 1.337925146328442227e-01 -3.307734747610345527e-02 -1.985061362772068128e-01 -2.389858022728704734e-01 2.971005932058758958e-01 2.733397522704630322e-01 1.002946497012097427e-01 1.867856880402630759e-01 -1.813294732788062191e-01 -2.213052081520656134e-01 8.365766159614457242e-02 2.595099483964432019e-01 -6.907485104880969028e-03 6.655171743700889764e-02 3.553316987963104356e-01 4.531671520284609178e-01 4.074340747569427656e-01 3.059379851550336760e-01 -7.642623998774578098e-02 -7.071905470591600962e-02 -2.678368189518146383e-02 -1.450957020622255511e-01 -7.847041482736086260e-02 1.068777616976959444e-01 2.050538296438773611e-01 -2.659120546810695568e-02 -4.212729142779925162e-02 2.113917748284442621e-01 -3.004214236458010445e-01 2.681004972544770992e-01 2.219939564057389902e-01 4.612825049253447829e-01 1.568728092521255446e-01 -8.567254707705766748e-02 -6.820062672362209311e-02 -3.917677539127066288e-01 1.119651153188161441e-01 -1.150771896325051419e-01 -6.817143910061920255e-03 2.251647254642935858e-01 -1.615720667559297774e-01 -2.528466675058837487e-01 1.731749763298593425e-01 -1.844061914643310707e-02 -3.919980270751199231e-02 3.295808306180015856e-01 -3.547667690026180543e-01 3.139224731953638159e-01 -3.541886733384082275e-02 3.248704366939573762e-01 2.631920382761175348e-01 -2.065761352755506042e-02 -5.989436088465771579e-02 -2.813608085768274925e-01 3.652124745875310330e-01 3.587035934716971686e-01
8.757879307076554820e-03 2.220093371410015656e-02 2.724268758980127880e-01 -1.838243962456942784e-02 -1.002375677786677410e-01 2.056039067129619424e-01 1.362583492940603047e-01 1.467251422126775451e-01 2.251363647126436995e-01 1.505237615873455115e-01 6.874819403185223887e-01 1.000000000000000000e+00 4.660130543453377405e-01 6.144661731386896059e-02 -3.650776286621604250e-02 6.717948257478288665e-02 4.886621967593049454e-01 1.602416839467349641e-01 3.973043592877809060e-01 -2.042211680598727402e-02 1.370188515433420628e-01 3.825173983311825898e-01 -2.385416619783985726e-01 7.656474402645159216e-01 2.854485344943212821e-01 5.216894505304315866e-01 3.275219766849784414e-02 -6.245684401434635491e-02 1.925077375127214330e-01 -1.288731389264690386e-01 -5.661097396460652853e-02 -3.267403013887432150e-01 -5.528369824260975784e-01 4.366687059875197230e-01 3.302630848513106732e-01 -9.406807317695581316e-02 1.593376673307834446e-01 1.944096545330207537e-01 1.738573987936122556e-01 4.003090942855482837e-01 5.644137305930505000e-02 4.626133144756871540e-01 6.320564763588980561e-01 -1.702569246341318621e-01 1.485481192964547004e-01 -1.832172883145716247e-02 -2.196408694888812851e-01 -2.711255604471244918e-01 2.899180655019499842e-01 2.150381113410561873e-01 1.624588001567792706e-01 3.746870263922311706e-01 7.856469144075563585e-03 1.281427389412211071e-02 2.063564634433355249e-01 2.524705223255998554e-01 1.523475701716926756e-01 1.915242146174260252e-01 2.991466617516960746e-01 4.987811652670987028e-01 5.556750359832995922e-01 3.985085924424724424e-01 6.274494205899483479e-02 6.941695507310606528e-02 1.313967747169532685e-01 -1.386135728164769425e-02 1.021167372854094903e-02 2.275316869674258169e-01 2.403681541880557937e-01 1.574429072896607607e-01 1.157824985536697188e-01 2.799858709336331963e-01 -2.533458021361860713e-01 3.252322750887598479e-01 3.807944669308220287e-01 5.240545946012951095e-01 1.520919408178128263e-01 -1.351137008429397109e-02 -6.724989503114138512e-02 -3.354099301583051140e-01 1.407343924365823951e-01 -2.193059949914959172e-01 7.440143695034127924e-02 2.391863511191538727e-01 -2.071573690625188868e-01 -3.214261672815199034e-01 2.163862245699790798e-01 -2.483043726992986353e-02 9.245296197170448094e-02 1.440788224374165705e-01 -2.553471338624619946e-01 3.901181654499207285e-01 3.926796519614110179e-03 2.535218357922743304e-01 4.325255945875726149e-01 7.694516653340369161e-02 -5.889329832727550201e-02 -3.136505933370949406e-01 3.184491885595011618e-01 2.732424390529178404e-01
-2.323787160366090343e-01 7.442953424005471774e-02 1.462651967437608447e-01 3.137375781873916747e-01 1.902716920232364051e-02 1.977947275779007585e-01 2.046602528231911966e-01 2.057710022818918794e-01 2.411078604594868446e-01 -9.499048131205765910e-02 4.293335472336707315e-01 4.660130543453377405e-01 1.000000000000000000e+00 5.180600219473913137e-01 3.781469964591806510e-01 1.005514484290015095e-02 7.688137912875164792e-01 2.054247781264862960e-01 7.691468617813195241e-01 1.835971427081624086e-01 4.600789251264136293e-01 6.686614065682356944e-01 1.861571987800371697e-01 5.011189444535626425e-01 3.387888876965997054e-02 3.765755278377297954e-01 4.490808463381348870e-01 8.991079781778273106e-02 5.983809478043627950e-01 1.290992053756023217e-01 -1.689705714792912594e-01 -2.591443297359474207e-01 -2.540721178388861690e-01 5.031744301003959752e-01 6.834127318959511976e-01 -1.403933768088584666e-01 3.291763759014987301e-01 5.370179546903454393e-02 2.168117350878737692e-01 3.312906562835898905e-01 2.305133049739615386e-02 2.157633621812730940e-02 4.146326766039191147e-01 -1.155810240121159932e-01 2.930617756272415053e-01 2.174415920367837318e-01 2.029618696452654969e-01 1.040657031838427560e-01 2.704793995013063945e-01 1.628384171765248911e-01 -2.052288254139706669e-01 3.384860178814592113e-01 1.019674393634912996e-01 3.680965672241715558e-01 2.962396836245301812e-01 2.089392559372883484e-01 3.630177621710824476e-01 3.038307318337839513e-01 8.440850531538471313e-02 5.006945622098994964e-01 4.154169597868992980e-01 7.404230771125467347e-01 4.828570233630667397e-01 3.367042023276037299e-01 4.576684183516216975e-01 3.345393433692884222e-01 1.662180237295314833e-01 6.050103187485771361e-01 4.991216241536823306e-01 4.105957643740284491e-01 4.735533975182823485e-01 6.576035979839134349e-01 1.182959222321953024e-01 2.005983662091002651e-01 3.820921467841539299e-01 2.938514772384567819e-01 4.775049215964726756e-01 2.843260390276841632e-01 -2.754526895925436536e-01 -3.120204018382936595e-01 3.102878818052463572e-01 -2.266670954097629864e-01 1.419667956435218259e-01 6.263695100370799684e-01 2.258245734153523920e-01 8.386680372102411907e-02 4.051914061887770813e-01 1.161225970061676022e-01 4.883552301983506982e-02 -5.055423047921551137e-03 -2.442350485959317863e-01 1.754466028517249199e-01 2.204627027598120292e-02 8.732651302934758136e-03 4.385638500164625864e-01 2.450673012478708779e-01 2.055627753078289321e-01 2.301448831886545102e-03 2.927732993111896720e-01 2.235662764688936544e-01
-3.737738925326110073e-01 1.947008627874569908e-01 -2.436189444459715275e-02 5.564458291668905598e-01 1.741009263504931515e-01 1.113012479620126283e-01 2.192729636949165839e-01 1.119432044647400704e-01 1.882297358846809765e-01 -4.598035196050301865e-01 -4.524133306485858541e-02 6.144661731386896059e-02 5.180600219473913137e-01 1.000000000000000000e+00 7.844518247348458706e-01 2.112152914634139039e-02 5.001108066501309679e-01 1.891223630002402123e-01 5.864836802704529450e-01 2.924117866532466858e-01 4.510923730764820894e-01 4.246439533250697673e-01 5.914398087319487907e-01 1.453386582590238674e-01 -3.425133222698200086e-01 7.328346724902501386e-02 5.587092403314769529e-01 1.507843861427335397e-01 5.368168081057181906e-01 4.878684697859714259e-01 -1.825511424884443679e-01 -3.821873714854615717e-02 1.630496815691999113e-01 2.851454037335548475e-01 4.788974891739005701e-01 6.865339921234367426e-02 2.319283070088079823e-01 -2.602938485448750422e-02 1.428549063080145898e-01 1.767292805013864487e-01 2.906948528135771398e-02 -2.619317867634540220e-01 4.174398669288294228e-02 -4.626557974877189977e-02 1.339715421070046819e-01 3.958275933703991889e-01 6.206314884346815219e-01 4.517953318998185752e-01 -1.658175475705345875e-02 1.810406365795189446e-02 -3.170590648355192664e-01 2.377468781883115556e-01 2.782558835644314832e-01 5.529793694994742381e-01 2.405160769727709980e-01 2.241885728913348488e-02 2.572876964320795490e-01 2.568693527284753864e-01 -2.313417463535116514e-01 1.839719623430159379e-01 1.737165815493504073e-01 3.719719763900519727e-01 6.894801167696035238e-01 5.802940121161673792e-01 7.208847566427863951e-01 7.549636411255563617e-01 7.095724814799345137e-02 5.102380871297310660e-01 3.894638077389767084e-01 3.121235633241377094e-01 6.840505922025068575e-01 4.877700043971289756e-01 4.561291449283912947e-01 -3.339369084200675963e-02 2.563726655774419827e-01 -2.270801855771655345e-02 4.078569508899543838e-01 5.333508997139597696e-01 -2.948141769071035423e-01 -6.782197067160641857e-02 2.969776020201421729e-01 -1.448456144029938719e-01 5.916166766205464139e-02 4.088618816590658955e-01 5.019814310953678582e-01 4.901459732065436281e-01 3.211913357376275924e-01 1.649709737198247483e-01 1.278891476913217307e-01 -1.474440276919098403e-01 -1.691454385915481737e-02 -1.542024136973952353e-01 4.944786720197659469e-02 -2.258433221883225095e-01 1.950275280338506501e-01 1.631332576086559349e-01 3.458781107137923194e-01 2.919237624209109483e-01 5.446143664558138198e-02 -1.878344003832673956e-02
-3.415640862132664490e-01 3.439506661614862848e-01 9.066733176345391845e-03 6.211259601962073607e-01 2.499174362795193449e-01 -7.386984509021654773e-03 2.406340166763882293e-01 1.247907642975037285e-01 1.740544929345560210e-01 -4.130185232428110753e-01 -1.749804766365475606e-01 -3.650776286621604250e-02 3.781469964591806510e-01 7.844518247348458706e-01 1.000000000000000000e+00 1.416960916699644690e-01 3.631992118396430991e-01 1.239220333444544381e-01 4.231016562012199778e-01 2.823526679772633274e-01 5.208472643028143612e-01 2.531309663053404879e-01 5.865319750881795580e-01 3.834462064804444736e-02 -3.445474418060204269e-01 -8.176551713122851006e-02 4.337024163800923815e-01 1.436878509486145539e-01 5.536297867830258790e-01 6.304066655733555624e-01 -1.005330454487639164e-01 7.105309179601070058e-02 2.331055509704798023e-01 1.160961113067177364e-01 2.801906648635182351e-01 5.225184100422992743e-03 4.550102683657886865e-02 -9.961598796007192780e-03 8.908472441705690692e-02 1.223824887793631133e-01 -4.034817835973465716e-02 -2.771456087796690393e-01 -1.138204367990228866e-01 2.695947812322980683e-02 1.502505693799032448e-02 3.509998235431320279e-01 4.449512877680901757e-01 3.954164448158764000e-01 -1.535258078199052134e-01 -1.644086609634242691e-01 -3.100098943149435793e-01 3.052575940507064045e-01 3.989682828988199703e-01 5.696060277570049735e-01 1.658770406652685103e-01 -5.972315563439990066e-02 2.328592605676074179e-01 2.522086156964667980e-01 -2.009986110653985414e-01 -1.048432037089785593e-02 1.629751681290131926e-01 3.532861408847801088e-01 6.967176654101848721e-01 5.825195474462865342e-01 6.433762067529985584e-01 8.587383245717373770e-01 7.492615342858946481e-02 5.461304034878272651e-01 2.305336437807716798e-01 2.852027318769829178e-01 7.473946534112299034e-01 4.601449501057592317e-01 5.159930954371357847e-01 3.718232553436394416e-02 3.166904452991228247e-01 -1.311769552539520656e-01 3.754336904707096245e-01 6.408735237394945772e-01 -3.580567369455916332e-02 5.666062735977411141e-02 2.798762814292276579e-01 -2.006115628945183416e-01 9.795027857699378782e-02 3.210283188094544271e-01 4.364127748184775668e-01 3.910819080405976145e-01 2.068761723860348123e-01 2.180801478376155622e-01 6.643935707530258805e-02 -1.576987055077304911e-01 7.571246092497901925e-02 -1.430630301010616390e-01 1.196554743655338787e-01 -1.269744248434163947e-01 5.005988034580047957e-02 1.166586631868418017e-01 3.395348870799657637e-01 2.599836768485572214e-01 -3.212317753364412470e-02 -2.207463042626055805e-01
