1.000000000000000000e+00 5.473828227573433042e-02 2.825219180128112351e-01 2.790114336720244115e-01 3.875570007777492387e-01 1.829531178358217436e-01 1.178127873157874539e-01 1.001471367246984101e-01 -3.538626762767193429e-02 -6.867922616818024351e-02 3.235950478224903781e-01 3.462378725350918618e-01 -3.507588481174640505e-01 -1.764442563187015034e-01 -1.767689136962977137e-01 3.518692441408502458e-01 -4.051400713364509132e-01 -3.679019045419064382e-02 -1.738635851915219799e-01 -1.333239432348987397e-01 -1.629000146288680229e-01 -4.322676538276936653e-01 -1.837485796410116556e-01 7.345514285389447007e-02 2.209827751471681867e-01 2.354731584256220533e-01 -1.822986105055038331e-01 -3.275933163242264468e-01 -3.558572297326308420e-01 -1.611318149733872995e-01 -2.819200515919220718e-01 5.400437941790572349e-01 3.043424662071610443e-01 -2.938882881800566893e-01 -2.888896584489407671e-01 3.444859396292123122e-01 2.447420671597696704e-02 2.133347069131040774e-01 1.683488420216578685e-01 -1.511099073711126214e-02 -9.245126204035616913e-02 8.102048944480901016e-02 -2.719447216951903501e-02 -1.637999307354736367e-01 -3.417067187362363145e-01 -1.443022137565389829e-01 -1.087363824585883959e-01 -1.254452261515350830e-01 1.569921045616702593e-01 -1.465822735330720994e-01 6.297308242742032380e-01 8.583493550728625229e-03 4.698232486008647735e-01 3.723575631214847137e-01 2.199849081234775683e-01 6.302380647502663080e-02 2.510649735132590779e-02 1.029982692116991616e-02 -2.133539945892292677e-01 2.727640499187041767e-01 2.807294439876010794e-01 -3.892444039312590309e-01 -1.824020288619727370e-01 -2.886059921564783637e-01 -1.546524674967780788e-01 -1.522887950637263899e-01 4.286349400740430138e-02 -2.867593168692449956e-01 -2.182708009287928075e-01 -1.643842866655504664e-01 -2.367548672225393280e-01 -3.887386988428881418e-01 -2.526317542084482448e-01 3.528290239835675524e-02 -1.361393031193798842e-01 1.514741575813287056e-01 -3.338042070577160736e-01 -1.948541378889670217e-01 -3.137118984713137548e-01 3.460864056462706895e-01 -3.358526686396993144e-01 -2.510325645797889527e-01 -3.197083904193248061e-01 -2.785905174499467285e-01 -2.252067966989604597e-01 -1.592937013132346147e-01 -7.080547135753188608e-03 -3.229120013675534917e-01 2.377264843996390042e-01 -2.102908393274025289e-01 3.258898555486020587e-01 1.541429119734140929e-01 2.187656366139179853e-01 2.053727960437361222e-01 3.831726784177359735e-02 -3.609209819098276872e-01 -6.516121960659090884e-02 -1.198300035153864601e-01 1.778099466173444498e-01 -5.463846206059194688e-02
5.473828227573433042e-02 1.000000000000000000e+00 6.306804307825309985e-01 4.150026740087226496e-01 3.653008797497239168e-01 5.416025767134841074e-01 4.110520771093041370e-01 5.593025717521568074e-01 3.785808530208286116e-01 1.345305057800084692e-01 4.977523393205315200e-02 7.329174902480754990e-03 1.409733023788162232e-01 9.563610993024561358e-02 9.753018413839491252e-02 3.580937481344073081e-01 1.346536498863575293e-01 1.393806414617376477e-01 7.892834060698980525e-02 2.149475058061611210e-01 2.449105999254176380e-01 1.331029279972625184e-02 1.101388472101869076e-01 8.935726816842023967e-02 1.168611938301625103e-01 -1.933093067433146531e-02 1.096815940113127080e-01 1.038710819180117401e-01 2.825075517596338237e-01 1.143545858370934865e-01 1.287851950602476314e-01 -6.769520230360609458e-02 -2.801421765807817210e-01 1.799385509833049956e-01 2.235199064740459388e-02 2.291548533495681855e-02 7.112832874472546640e-02 1.901488943959306621e-01 1.350718442099233807e-01 1.804646561903293367e-01 1.801837307346537964e-01 3.158507327133580622e-02 7.579346823775589236e-03 -3.372933902316247595e-02 4.638563502224214014e-02 7.202927920935110750e-02 4.333417622814480369e-02 9.688585526890029775e-02 4.228170185307598139e-01 1.855761670643384653e-01 2.881516205196935632e-01 7.580734985708156293e-01 8.062370144424103879e-02 2.615601543317402911e-01 6.127047793241926499e-01 5.725769136420850725e-01 5.523372244329208813e-01 5.134997030028495280e-01 1.565874630042554672e-01 8.895799340929672755e-03 8.621893684281130288e-03 9.911009800686534921e-02 9.401423767187877534e-02 9.278357377995295752e-02 1.341034953923187223e-01 6.031568403726881439e-02 1.616503808917867657e-01 1.954036436160763168e-01 1.725995391132987000e-01 2.194107784945009965e-01 2.831853053106813678e-01 7.401164737662173365e-02 1.055977249782988486e-01 2.309228264308322010e-01 1.192938501709667545e-02 4.717346153691627519e-02 2.718944860468688884e-01 1.634251655201469922e-01 8.815239535066263232e-02 9.027504895016164044e-02 8.503221570574055060e-03 7.752246814267335639e-02 1.164958251596060895e-01 3.526175449167514436e-02 7.580018651067743640e-02 7.443075885013700731e-04 1.072805093451446867e-01 7.841126709562544483e-02 1.468627935977798726e-01 1.010942628751128614e-01 -1.579405307036861328e-01 1.197021540814236090e-01 1.549754871822232316e-01 -3.154436526864413948e-02 -6.990626400461616430e-02 3.524878873797161055e-02 9.586534544287991788e-02 9.735247072825263526e-02 4.343287953498767284e-01 1.336392910517522903e-01
2.825219180128112351e-01 6.306804307825309985e-01 1.000000000000000000e+00 1.149259932005933932e-01 2.836596906528720541e-01 7.273496891574309231e-01 4.450971032336650812e-01 4.446187665845674486e-01 4.479004206539806687e-01 5.869324481958124173e-02 3.265714806393609226e-01 3.064763348697350231e-01 2.460756699782019608e-01 3.138228649696389039e-01 3.107646540023474291e-01 2.293172469919821377e-01 1.158707417938778100e-01 2.599435389033847854e-01 3.026498777076593316e-01 2.172311855180400486e-01 4.231681227061466211e-01 8.409733771740537933e-02 2.973697082919544710e-01 3.085008481513136225e-01 1.741223753190272172e-01 2.679299017118565995e-01 2.423281998594461473e-01 1.701855499795023874e-01 2.242443800724343295e-01 2.689242104331998617e-01 -3.047914812719201144e-02 -3.407891027231308573e-02 -4.627924351810107084e-01 2.523948718858652907e-01 1.723200997752955821e-01 2.703381322033912015e-01 2.814457038500213781e-01 2.824195561672853128e-01 3.379335355296906318e-01 2.313986847167284200e-01 3.608776246812027688e-01 1.909778303751686057e-01 2.298728431471255829e-01 2.360127967919066483e-02 1.292593688628973780e-01 1.963779984156510117e-01 2.163164626705081084e-01 2.765394186808758925e-01 6.464857720491293813e-01 1.696814218506300931e-01 2.775234357776437677e-01 7.052856241269996884e-01 -6.973142610241868378e-02 7.536316590757495548e-02 6.489795851921134062e-01 7.188092488356668808e-01 4.211889409413633323e-01 5.720948187724465006e-01 1.352092746754712249e-01 2.884070853650659294e-01 1.934738215585297683e-01 1.628394427361442853e-01 2.779232415823491564e-01 2.907663555683821510e-01 3.761233236869312990e-01 2.960850715126258081e-01 3.657871030960279102e-01 3.014579884169737989e-01 2.990495799705095714e-01 2.599565738317491381e-01 3.800560566224727155e-01 1.396396842629374357e-01 2.452052876608594723e-01 2.951753101271818447e-01 1.550674026733738498e-01 2.800150758458163636e-01 2.802203637032628092e-01 3.113801309037956822e-01 -1.283118443116474383e-01 1.784405289823525476e-01 3.578603699690370565e-02 2.072094724781637365e-01 1.954276313977168222e-01 1.320161712678866728e-01 1.899506503661682888e-01 1.530320278865521244e-01 2.830750704382065108e-01 1.384003998599991347e-01 3.518113995891621326e-01 2.292129509840380996e-01 -2.283561546643059215e-01 2.178627150088565667e-01 2.647716955355998159e-01 1.177085389284784761e-01 5.546252202660090225e-02 9.907856087006044338e-03 2.534807436144796977e-01 2.686668674793242784e-01 5.364157200368729894e-01 1.676586234573553824e-01
2.790114336720244115e-01 4.150026740087226496e-01 1.149259932005933932e-01 1.000000000000000000e+00 4.995958146122660426e-01 7.822760193784490668e-02 2.814786139007780519e-01 3.521157173953338715e-01 -9.110025462885448788e-02 -3.341884521763346383e-01 1.868102913958357147e-01 2.874866972859443370e-01 -1.008229008220178496e-01 1.393198360639006927e-01 1.276598394961909466e-01 3.324004840578226871e-01 -1.893656115454199762e-01 1.680418833315949767e-01 9.624052466637228465e-02 1.449456376098548216e-01 2.933025074622399100e-03 -2.449241584333652910e-01 9.878788361454525491e-02 3.914648475258648841e-02 -2.148704194373890763e-01 1.614115420742278373e-01 1.084448830440800648e-01 6.644799443124262822e-03 -1.405588824099865408e-01 1.330956813659799065e-01 -3.708430091138522067e-01 4.556760147808668754e-02 5.659012613841802458e-02 -1.491264958564411103e-01 4.168939011296751707e-02 3.178459516598986512e-01 9.311831637003470385e-02 -1.069054552239499800e-01 1.508830265988673480e-01 -1.024746529871225775e-01 5.922342058267678587e-03 -1.946088178649337253e-01 6.963017444925506672e-02 1.408514822993948978e-01 -2.393388226317990156e-02 1.522224835759963257e-01 2.089158812951636968e-01 1.461610859756892755e-01 1.433304533132532255e-01 3.291933356494855523e-02 2.587170778654096504e-01 2.234633163728070304e-01 4.099198764296246300e-01 7.800072781819290535e-01 3.231096592158029246e-01 -1.759568035642849549e-03 4.787232694742248884e-01 1.584402060399079659e-01 -3.590683877223317388e-01 2.017909961291249055e-01 3.378770218482368137e-01 -4.972966744033193581e-02 1.526338974065125087e-01 5.546456412390880775e-02 1.042962402130639815e-01 1.341260005761713836e-01 -5.343123739127456084e-02 3.905059934187985610e-02 4.693988564264352237e-02 1.307244753939252047e-01 1.049616302731976175e-01 -6.757983759596188078e-02 1.307540586573595863e-02 2.839739758773772160e-01 1.216198517150429564e-01 -1.966787296352898867e-02 -1.201342179231611601e-01 1.198513270585115503e-01 -3.897258878357973133e-01 -8.847707879182659108e-02 -2.019678845512197785e-01 -7.418551573413466327e-02 -5.693476610895810419e-02 -3.261340127422476809e-02 2.335998531703444014e-02 1.347975683746075737e-01 6.212216438034469379e-02 -3.557066771989973036e-02 3.593623082980588745e-01 -1.067965751634310373e-01 -1.507112924472562288e-01 -1.164375314247771964e-01 2.268932950561968753e-01 -4.288616884315796934e-02 2.924523896787679655e-01 -5.454244575182769922e-02 1.995850566943435378e-01 1.229157550721352021e-01 1.238106673733211233e-01 1.134742248674926318e-01
3.875570007777492387e-01 3.653008797497239168e-01 2.836596906528720541e-01 4.995958146122660426e-01 1.000000000000000000e+00 3.588170626881494463e-01 1.473239069802980417e-01 4.646983043489946175e-01 1.767747158963257625e-01 -2.135729286227056600e-01 2.703788106479660391e-01 2.697837634894967862e-01 -1.973909591122001428e-01 3.095918520508527533e-02 -1.717835609314344314e-02 1.800322428287530752e-01 -2.985365097021798197e-01 1.164470259145907599e-01 -6.089613024423357751e-02 4.663919785978320326e-02 -8.943618049912574475e-02 -3.618763217887394079e-01 -1.316798014851936621e-02 -3.133752961731623571e-02 -1.210509916142083614e-01 1.186012592133099397e-01 4.272680780340376572e-03 -6.401591710404638813e-02 -2.639105005561098172e-01 3.333410837784270969e-02 -4.545578475031393784e-01 8.864869670794512865e-03 1.020083754609853177e-01 -2.049972559542839745e-01 -1.134850857638653454e-01 4.208609435385541331e-01 6.868352698572366410e-02 -1.428432583294019786e-01 4.119641485844541956e-02 -1.008121084849972482e-01 1.053677398560501008e-02 -1.382467955593424946e-01 2.513283745166828773e-02 1.855137689534433476e-02 -1.627778252747453802e-01 4.581292687094893484e-02 7.964265296796019244e-02 4.069992717451351161e-02 1.988363278002785728e-01 -2.891887450356892680e-02 2.262301987045776952e-01 8.432524678231745341e-02 2.339770839366256960e-01 4.932155705587870642e-01 7.101833771311816257e-01 1.526127090201268022e-01 1.467073726952271562e-01 3.344660700818402610e-01 -2.312750083697032999e-01 2.730959716037218987e-01 3.206742611770070361e-01 -1.842793937135458193e-01 4.229343568745134313e-02 -5.873609286739534668e-02 -9.820201782610350413e-03 -1.794717799332561927e-04 -1.239915704585029393e-01 -1.343393551851565504e-01 -1.175442906831543344e-01 -4.512425893092555929e-02 -9.881745492766499939e-02 -2.142708540524470018e-01 -7.821161059932009441e-02 4.645054088083323124e-02 2.767959405296679248e-02 1.146568135589835363e-01 -2.262840471256118979e-01 5.873108327778708837e-03 -4.528889677058950403e-01 -8.360577570125990454e-02 -3.241221332198253036e-01 -2.446657379072260663e-01 -1.884768327965640200e-01 -9.996175594370301787e-02 -4.407603727819474349e-02 1.406176596193896809e-02 6.058324374415544750e-02 -7.349217100559241045e-02 3.027243041914560173e-01 -1.935522461729017041e-01 -6.551794403601363115e-02 -9.135032688909797138e-02 1.318791040165498973e-01 6.864266183187935078e-02 2.049675575710396824e-01 -2.574274414299922431e-01 7.605444539102784729e-02 6.800464903825832741e-03 1.872376256001037909e-01 -2.900859890243600095e-02
1.829531178358217436e-01 5.416025767134841074e-01 7.273496891574309231e-01 7.822760193784490668e-02 3.588170626881494463e-01 1.000000000000000000e+00 2.716308726342832047e-01 5.665043318958210561e-01 7.131271395294829230e-01 2.669990679630482866e-01 1.372931682175846657e-01 7.899205554185864675e-02 2.880701164520693691e-01 1.963711157119280848e-01 2.346559481022753024e-01 8.089120987969897203e-02 1.362360841633276365e-01 1.227724311334668639e-01 1.258605839268328308e-01 1.500497041207478621e-01 3.572229891586489181e-01 1.062673910516027109e-01 1.536373938748658297e-01 1.957534213396694422e-01 2.740033059198175858e-01 1.436885439482599724e-01 9.078281586737158015e-02 7.913876718493562112e-02 3.290984191745269238e-01 1.649969693973369067e-01 4.322547790791422297e-03 3.967881824186931389e-02 -3.596321427140746207e-01 2.523215577684687627e-01 7.444262174701139767e-02 7.935672656132573832e-02 2.013003876848750429e-01 1.702013093951363909e-01 1.580043152398514228e-01 2.551549504056380147e-01 2.354238759818706728e-01 2.192666105677940347e-01 1.129455442082089728e-01 -5.786916895878459893e-02 1.173272035836763968e-02 4.813762129319212879e-02 5.334514168230302528e-02 9.175065743689644893e-02 6.237313556976094020e-01 1.569005190751199263e-01 2.889278623639738863e-01 5.978174896325331167e-01 -1.035001713238485471e-01 -3.494989779850189021e-02 6.953028317496681154e-01 8.381095393202996346e-01 3.229476193626397151e-01 6.714057798304777780e-01 2.849629711853101099e-01 1.645787175490465715e-01 1.375357133585981828e-01 1.893158801453420359e-01 1.950954622134236927e-01 2.023111358213476041e-01 2.690899573955274904e-01 2.103705633986075463e-01 2.273069089224749595e-01 2.734500217792300569e-01 2.387238848200002872e-01 1.411950083609548601e-01 2.627710743472537192e-01 1.049880024233581649e-01 1.530102289371076396e-01 1.404074888343589400e-01 1.546336599730207262e-01 3.147997513276649673e-01 3.371946819601134848e-01 1.810407999713322114e-01 -7.695369428482376484e-02 1.374044655078270061e-01 6.068353269022586094e-02 6.004207893496647797e-02 5.231062621390543399e-02 7.684661347176748036e-02 5.991562964587754392e-02 7.738626436885983522e-04 2.044682513567047666e-01 5.905757811243150801e-02 1.111836650104720547e-01 9.111094131399201379e-02 -1.912447212959919596e-01 2.079770747651787932e-01 2.018309099899226744e-01 1.145595106978754552e-01 -7.236129014933696812e-02 -1.122820129359571734e-01 8.677769287727510328e-02 9.059602062735046257e-02 6.197892435802331290e-01 1.052119652883116985e-01
1.178127873157874539e-01 4.110520771093041370e-01 4.450971032336650812e-01 2.814786139007780519e-01 1.473239069802980417e-01 2.716308726342832047e-01 1.000000000000000000e+00 3.742727452758471962e-01 2.048076022045972333e-01 1.253093552203495276e-01 3.583628863309427648e-01 3.625050925865025420e-01 1.525968738686935278e-01 1.623775884735332298e-01 1.376732189608431134e-01 3.544984930738576678e-01 1.448113481544131831e-01 3.114456581278295388e-01 3.201941107660875030e-01 2.155408341446899967e-01 3.150381883846803399e-01 2.554914701074754296e-02 1.081728010549341396e-01 4.816980763539811528e-01 2.552976256616503736e-01 2.818983609903346621e-01 7.629892426061084254e-02 -6.432898183369738232e-02 1.127511279971979002e-01 1.075592042075226434e-01 9.527783246757048907e-02 3.545890844117649543e-02 -3.303686852018855036e-01 1.816298175868041598e-01 7.572855241199662191e-02 2.936611320510027490e-01 2.873730602823997282e-01 4.491298260183137492e-01 6.013493590699643399e-01 6.023759522982831127e-01 5.124822765068082209e-01 1.492166883488188212e-01 3.206196526038244676e-01 -8.562674415767571046e-02 -1.596288672112990484e-02 4.578000095459052593e-02 1.235479241560841490e-01 1.217846455748001350e-01 4.202810341942255778e-01 3.246457219744615652e-01 2.211847688182024541e-01 5.567575274105149852e-01 1.344286885061599934e-01 2.163545776073986515e-01 3.423856631998866695e-01 3.596975656294282842e-01 6.707954808751923625e-01 3.167374872503606609e-01 1.113318310617349982e-01 1.816574798131971036e-01 1.518507781572860649e-01 -9.727186364103435415e-03 4.805394004895031240e-02 8.458466056915940612e-02 1.908859232039814835e-01 1.169444577423255083e-01 4.183063175393278987e-01 1.786030568716198419e-01 1.639787344894624299e-01 2.764998818063097441e-01 2.964513036504516919e-01 1.291388177750920491e-02 2.912946156288639954e-02 5.908190184100313713e-01 1.194957501255030224e-01 1.792536373014479156e-01 1.600391666904353305e-01 1.349314072183682434e-01 4.701878118742516127e-02 2.448068909728949583e-01 -2.852400561842218310e-03 1.823935339090309304e-01 6.475859888646598450e-02 -9.085773754307244210e-02 -2.970356554257277959e-02 -5.524807981285533021e-02 3.429576163887320117e-01 -7.237509823184253011e-02 3.644476845211338523e-01 2.817049045834019716e-01 -9.821355409181858898e-02 3.153646337152068990e-01 4.957540961381888267e-01 1.192016792505636302e-01 1.296872606593787725e-01 2.329961465305397262e-03 1.032817785327874299e-01 9.323466148387178631e-02 2.881768094165775840e-01 3.724200922192992258e-01
1.001471367246984101e-01 5.593025717521568074e-01 4.446187665845674486e-01 3.521157173953338715e-01 4.646983043489946175e-01 5.665043318958210561e-01 3.742727452758471962e-01 1.000000000000000000e+00 6.368294570443326919e-01 9.024299886279918415e-02 4.191398441678634984e-02 3.662570448115576305e-02 1.526983935596841480e-01 1.246626407100556860e-01 1.184402529482395799e-01 2.327739998926959542e-01 1.344429670033424340e-01 3.527154265491287966e-01 1.366888497888218146e-01 5.160588761255915924e-02 2.345813401785729058e-01 2.760989313171456974e-02 6.021135998035887643e-02 1.277956746905364004e-02 8.507218495050976326e-02 8.268595062623954051e-02 -4.050850754965527531e-03 -4.832225042744286991e-02 1.361802851256008473e-01 5.980893074879282956e-02 -6.486012322094471261e-02 -1.711787227026933741e-02 -1.346694614514016564e-01 2.047816834091063520e-01 2.258470986951081200e-02 8.144585750014818326e-02 -2.690467660868768249e-02 2.763648080112628830e-02 9.883985352747003128e-02 1.418433757580699894e-01 7.427706914135295824e-02 4.534428010907750467e-02 2.136378875474065353e-02 -1.511913726414114145e-01 -6.995991169709418755e-02 -2.489627713137049572e-02 -5.933482472283650895e-03 -1.228245864866754113e-02 2.757697151424979287e-01 -2.379057772539856265e-03 2.062082530049824947e-01 5.053020144064976904e-01 1.048882016546407413e-02 1.134438490444624886e-01 6.279905600871669158e-01 5.165792145573022687e-01 4.977665223274342354e-01 7.492183656592823482e-01 6.240301773460294604e-02 4.825842248513480259e-02 4.126722650979135210e-02 6.711124623107604659e-02 6.056897693333779253e-02 1.218597906610773690e-01 1.236381079849165898e-01 1.113067962511757464e-01 3.887780845879744429e-02 1.702494964138279165e-01 1.452934917587053731e-01 3.444124026149699147e-01 1.805851775848771323e-01 3.457335243961533189e-02 8.950244194751937055e-02 7.181991396590038657e-02 9.313842067514879752e-02 1.245164072501730723e-01 1.549076724727345422e-01 7.491474283867452510e-02 -8.043513773184331195e-02 -4.669060381703254992e-02 -2.201959280772506841e-02 -2.297172918314131090e-02 -7.280383156571033909e-02 -3.154749472305050199e-03 -1.105065268360374067e-02 -7.819851619213684379e-02 2.790707953174110731e-02 -7.462910042178776127e-02 6.493417677422458345e-02 -9.615080675899576046e-02 -2.232920035686866700e-01 -4.155556785369546313e-02 8.015790743993410350e-02 -6.117876791780730433e-02 -8.481959892338097884e-02 -1.965056076663971862e-01 5.967562324830358832e-03 -1.983580584185907006e-02 3.637873779198246282e-01 -4.282402659805403800e-02
-3.538626762767193429e-02 3.785808530208286116e-01 4.479004206539806687e-01 -9.110025462885448788e-02 1.767747158963257625e-01 7.131271395294829230e-01 2.048076022045972333e-01 6.368294570443326919e-01 1.000000000000000000e+00 4.106318641514702383e-01 -1.010289781635824863e-01 -1.736262837047914953e-01 2.419186049877341538e-01 2.718858068305475550e-02 4.793067185528160357e-02 6.590393405391502257e-02 2.405491367934841362e-01 3.112388855531994514e-02 2.289727948996029411e-02 -1.217844387752167398e-02 2.504963496306417126e-01 1.655168581449747434e-01 6.086743324706960466e-03 2.148750925942811973e-02 2.605408039709858348e-01 -7.360096652923303617e-02 -6.669429364617447675e-02 -4.988228051120070783e-02 3.594189614091768958e-01 4.047514668801055655e-03 1.963168752270545436e-01 1.845008586048581603e-02 -1.982185500786680932e-01 2.574349782755936400e-01 -2.439415892493662294e-02 -1.188889192803597311e-01 -3.389453821154621294e-02 1.611062583782246482e-01 8.795546884150401423e-02 2.985854656903358384e-01 1.228500266619289849e-01 1.825684827312452907e-01 -6.159062591184721880e-02 -2.449702848620931850e-01 -3.692926669146202184e-02 -1.179265979847158169e-01 -1.479961648646665739e-01 -9.714934107925356221e-02 3.009942780682107744e-01 8.994225536119467013e-02 1.671765722155298117e-01 4.794092893339393924e-01 -4.775723148466170381e-02 -1.951917768467763270e-01 4.945871977324532431e-01 7.357910132561757965e-01 2.957989414760030522e-01 8.147659299186665871e-01 4.008409720451235336e-01 -1.073871364405675349e-01 -1.610379332480121051e-01 1.367216648493496389e-01 1.612566872867855078e-02 1.150739344934215008e-01 1.021928704424080875e-01 4.193106113563416920e-02 1.841830816915093760e-01 1.944415917310435560e-01 1.133436443614137118e-01 1.038296357783622392e-01 1.579464660854763003e-01 8.893766294476293521e-02 7.697513023797013243e-02 7.222722344102801284e-02 1.928567742693653234e-02 1.304328149008750770e-01 3.367071730863502310e-01 3.040637969213594652e-02 1.998573826951773325e-01 8.501085689576771964e-02 7.804417500464513879e-02 -1.680784230752629515e-03 -5.940267112827563208e-03 1.348917495520208674e-03 -5.595512797808444710e-02 -1.681230121736354277e-01 4.874505369094150886e-02 -4.435450910182581197e-02 -1.225223075632502073e-01 6.316944425929538198e-02 -5.159945572267775338e-02 1.357325361118261742e-01 1.111620377516505526e-01 2.779942690420906040e-02 -2.732601508543124336e-01 -1.490693748269744101e-01 -9.555195022220985823e-02 -8.079853446185027155e-02 4.350008354397399413e-01 1.565299205172922606e-02
-6.867922616818024351e-02 1.345305057800084692e-01 5.869324481958124173e-02 -3.341884521763346383e-01 -2.135729286227056600e-01 2.669990679630482866e-01 1.253093552203495276e-01 9.024299886279918415e-02 4.106318641514702383e-01 1.000000000000000000e+00 -1.707714551875509634e-01 -3.452529835331792918e-01 1.080885732737447147e-01 -3.145944518284635727e-01 -2.983461825873682249e-01 1.129243912021638818e-01 2.729314270748822713e-01 -3.369407763292630031e-01 -3.073230280831157346e-01 -7.244885366884727673e-02 2.697826370414639630e-02 2.144887072364153324e-01 -2.583671087341039563e-01 1.959157499875655850e-01 7.165181839520180507e-01 -1.988014834270079856e-01 -3.111321034276571806e-01 -2.173638131639878401e-01 4.620289823710665433e-01 -2.633869045804568820e-01 6.004147938979850219e-01 2.646417751873951230e-01 -1.106671278458959962e-01 3.132428465602697942e-01 -2.381420602033764711e-01 -4.084388297039363569e-01 -7.513911659476275873e-02 5.146513175911456850e-01 9.798894100227463488e-02 5.406202623888280989e-01 1.442732342608453178e-01 4.635359346536476188e-01 -1.610900154924558569e-01 -4.120973134251820214e-01 -1.961365119658851630e-01 -3.762347076364387921e-01 -4.447843506562463856e-01 -3.608445728005217346e-01 4.592149184225503139e-02 1.814125020515995335e-01 2.240218733155835695e-01 2.686480842148731285e-01 -6.530044261648924875e-02 -3.799898533380867693e-01 -5.310419198265050461e-02 3.622067398298057794e-01 1.219239333743968728e-01 1.114942991595320732e-01 8.287815621944443212e-01 -2.080590019149400893e-01 -3.187716808929679790e-01 -6.717343706641853984e-02 -3.248802756422889959e-01 -2.737536479667919131e-01 -2.717299124548673839e-01 -3.457746629671498151e-01 1.727157046262061402e-01 -2.052544954663027346e-02 -5.671377658562878898e-02 -1.773197180749780111e-01 -6.914173042019002013e-02 -1.355667654542248336e-02 -1.768484308089656176e-01 1.424582408593821070e-01 -2.257482353985664214e-01 1.858007478730311912e-01 3.568704974105353922e-01 -2.234719789851341287e-01 5.818281850715195658e-01 3.579300310351392622e-01 1.632927106510231319e-01 -9.019683313556533730e-03 -1.566384353223046200e-01 -1.841023119056145740e-01 -2.897182698861482941e-01 -4.292811995175359607e-01 1.092935455105560096e-02 -1.857287307227996620e-01 -4.073036347611823649e-01 1.950289579256127004e-01 2.344273412392130496e-01 5.988444745389426283e-01 2.585271131539049194e-01 1.805318879749565342e-01 -4.323067600798572441e-01 -1.781095328821804546e-01 -3.633140554120430910e-01 -3.235104982311811095e-01 2.553084171559917848e-01 5.114719091621273972e-02
3.235950478224903781e-01 4.977523393205315200e-02 3.265714806393609226e-01 1.868102913958357147e-01 2.703788106479660391e-01 1.372931682175846657e-01 3.583628863309427648e-01 4.191398441678634984e-02 -1.010289781635824863e-01 -1.707714551875509634e-01 1.000000000000000000e+00 8.686240430858698236e-01 -2.577309921638675817e-03 2.273401313983019201e-01 2.495881502215603898e-01 -4.966702943397326847e-02 -1.898789329717122110e-01 3.011643074045429747e-01 2.982160653599696953e-01 1.494012565346929944e-01 1.320592743879689390e-01 -2.800227601365027907e-01 1.175280305277509041e-01 5.876997715707646952e-01 2.260926704626210204e-01 6.564090257782505544e-01 1.102612170381018497e-01 -3.195647648777122374e-02 -3.141378961962854044e-01 1.194822480210302462e-01 -2.435826128890321574e-01 7.513568055839524307e-02 -2.234212349766337147e-01 -1.097368259598284213e-01 8.671824558905211200e-02 6.036908660744566557e-01 3.326161603748640228e-01 2.300151661400872960e-01 4.453308537491889041e-01 1.717273457650979329e-01 3.473769309437637620e-01 2.180264044274330404e-01 4.528997004169600382e-01 1.164007051073583932e-01 -4.556905238521165996e-02 1.116668155463879514e-01 2.368238390742713195e-01 1.783645592767420240e-01 4.361768159040197990e-01 1.141317005443652499e-01 9.346584714201493227e-02 4.948784693205069557e-02 2.227023967219855446e-02 2.777331444700936736e-01 2.712281392542755243e-01 1.221893356289008165e-01 1.449588932022836674e-01 5.150859047352420589e-02 -9.127897933117251617e-02 7.702691211690263495e-01 6.722965413371034815e-01 -8.016748940340144569e-02 1.570518573212826285e-01 7.905667767509981514e-02 1.953509670223869399e-01 2.793517406524490543e-01 2.903624382252704139e-01 2.358968759052236172e-02 8.995331352737258312e-02 2.029187193922266375e-01 1.316757206821894677e-01 -1.264895597576478070e-01 -3.152386565314845707e-02 4.656140478897073387e-01 3.608926107607602352e-01 5.530127022004760473e-01 -1.639644340110241183e-01 1.741930254955584845e-01 -3.602615132669539921e-01 1.605447306163704235e-01 -1.556474062608644293e-01 1.283461188707023248e-01 -2.869575605365663057e-02 -8.956634218503738143e-02 3.421035290838526661e-03 1.004660481190590565e-01 2.672098525301965233e-01 -5.725403121363765307e-02 6.325831091659424033e-01 2.469765136835229968e-01 -1.195270948662662674e-01 3.638725271829730823e-01 4.711948971267688191e-01 4.269103477445224115e-01 4.944048152691869480e-01 -2.004358664996061176e-02 1.900258964201470557e-01 1.374403786504857505e-01 2.705294742821978127e-01 2.348072154041705994e-01
3.462378725350918618e-01 7.329174902480754990e-03 3.064763348697350231e-01 2.874866972859443370e-01 2.697837634894967862e-01 7.899205554185864675e-02 3.625050925865025420e-01 3.662570448115576305e-02 -1.736262837047914953e-01 -3.452529835331792918e-01 8.686240430858698236e-01 1.000000000000000000e+00 1.902684928514296672e-03 2.883161867622768826e-01 2.822153284783400218e-01 -3.011149136727243186e-02 -2.017124276241556435e-01 4.006158963979141729e-01 3.888279607596025200e-01 1.122291487999112353e-01 1.184933855315053325e-01 -2.718979190090840548e-01 1.352513494780314685e-01 5.795134155286997268e-01 1.178032040335408454e-01 7.466809255619017982e-01 1.339832689776993269e-01 -3.265051805364944937e-02 -3.995058379217341082e-01 1.366382424888337166e-01 -3.467864205483571216e-01 5.761666448150862263e-02 -1.385653793729372252e-01 -1.762545037092757838e-01 1.470999576262915776e-01 6.859691195766718375e-01 3.420843870909083817e-01 1.494744223970823904e-01 4.674487822155679040e-01 4.695063379418504962e-02 2.794224437943158001e-01 2.055696058718990693e-01 5.209527002340743618e-01 2.289560367904925064e-01 -3.915316220672824046e-03 1.384042165590892437e-01 3.022259747222966753e-01 2.040652524929490452e-01 3.918559137283185723e-01 6.824636370797571017e-02 8.756290411900907733e-02 4.910358451209095344e-03 1.087359988785287224e-01 3.628354010885242453e-01 2.467086205082418549e-01 2.452355773607986858e-02 1.412104053739105802e-01 4.492924353370006396e-02 -2.883141101879754253e-01 7.586648576249740428e-01 7.432629261392340592e-01 -5.501167997539719440e-02 1.886167074102405861e-01 1.113974098059225537e-01 2.316113429205060581e-01 3.031602938021288884e-01 1.967771071440048147e-01 3.443843012635374595e-02 8.594477409412509816e-02 2.459185963832515032e-01 1.266337297586275779e-01 -1.202738034973494796e-01 -3.757736275320107400e-02 3.983008140571102085e-01 4.119625543704465431e-01 5.217012695274435563e-01 -2.614065226936035935e-01 1.685371793261778717e-01 -4.542706491502023214e-01 8.449451099045637847e-02 -1.750657904786648011e-01 1.217327285945073306e-01 -1.657066034296254819e-02 -7.660788299717463667e-02 9.386838478834829205e-03 1.374130867377899579e-01 2.439859109692587291e-01 -6.027388890184793430e-02 6.864803814889555156e-01 1.444140335316686230e-01 -1.234005906727238810e-01 2.197800024494838689e-01 4.312775597046684117e-01 4.091458024871695853e-01 5.706646104630940242e-01 3.051006596840032462e-02 2.211363798546112092e-01 1.576521109198877058e-01 1.683623296954663562e-01 2.102344830587530855e-01
-3.507588481174640505e-01 1.409733023788162232e-01 2.460756699782019608e-01 -1.008229008220178496e-01 -1.973909591122001428e-01 2.880701164520693691e-01 1.525968738686935278e-01 1.526983935596841480e-01 2.419186049877341538e-01 1.080885732737447147e-01 -2.577309921638675817e-03 1.902684928514296672e-03 1.000000000000000000e+00 6.306012674089063186e-01 6.067545658620624449e-01 -2.877969016089801935e-01 6.721777080715841679e-01 2.313617382551070023e-01 6.042584242566083619e-01 2.130388250293995256e-01 6.015305817593157300e-01 7.061545158710196279e-01 5.473363286328200017e-01 2.675555260409841485e-01 1.523092363503775540e-02 2.886123470047072259e-01 4.926434396982929398e-01 4.998113551249007136e-01 5.849961175261533253e-01 4.935932323924843157e-01 1.431335970241868205e-01 -3.103285658196358598e-01 -5.615591677531497350e-01 5.447632235337758200e-01 6.592644851522777572e-01 -2.042129671955436876e-01 3.606147387284701078e-01 -6.020562565976175784e-02 9.036732664877966670e-02 1.546973246253998679e-01 3.329752152968091239e-01 1.430282686099859091e-01 4.701007942710117571e-01 4.133740847423547637e-01 6.164493028011329701e-01 3.958153516930033033e-01 4.721703181847549113e-01 4.373019335373377614e-01 2.973975618271449406e-01 1.409246954166217536e-01 -2.455933416301817607e-01 3.015772348811973091e-01 -3.727464913095805965e-01 -1.754980283573266686e-01 8.274405995201618291e-02 3.330654781689604826e-01 2.645679653155087463e-01 2.662353865067185743e-01 2.226049415211190374e-01 1.374239429579246496e-01 1.743214134652222580e-01 8.367165798625956219e-01 5.699085289911417496e-01 6.124267353488896948e-01 6.035267007480403789e-01 5.696237688203029670e-01 2.451179985686707252e-01 7.364801823219090382e-01 5.959040874896281981e-01 3.370666869758767170e-01 5.525096328765957132e-01 6.643397857304809140e-01 5.327591877477918514e-01 1.137323192648519443e-01 4.654338516669675463e-01 2.717185057720170605e-01 6.576146904988601216e-01 5.357963174290100161e-01 7.616996401282663531e-02 -1.967567119649604457e-01 5.511785185135427145e-01 4.084937209176405792e-01 5.940704672732990410e-01 5.646691541681604365e-01 4.664421229227390109e-01 3.916381862141741221e-01 4.305389243422647616e-01 4.944263997568782432e-01 -4.791773679632502225e-02 2.681523667272411870e-01 -4.168767107615762302e-01 3.404104186323115427e-02 5.089602995974568805e-02 1.173426508219765560e-02 2.147852374379601303e-01 5.226989503867363052e-01 3.972611345138377104e-01 4.378282008460557262e-01 2.110131369173703642e-01 1.007749616363591977e-01
-1.764442563187015034e-01 9.563610993024561358e-02 3.138228649696389039e-01 1.393198360639006927e-01 3.095918520508527533e-02 1.963711157119280848e-01 1.623775884735332298e-01 1.246626407100556860e-01 2.718858068305475550e-02 -3.145944518284635727e-01 2.273401313983019201e-01 2.883161867622768826e-01 6.306012674089063186e-01 1.000000000000000000e+00 8.938140822059399415e-01 -2.774312348713452447e-01 4.182760637913801594e-01 4.437683208043150529e-01 7.761311562597934532e-01 4.033079320448862415e-01 6.667824329959569640e-01 5.153086308510800295e-01 8.491590008913730836e-01 2.090396202418464688e-01 -2.994546791249781403e-01 3.792556994633828893e-01 8.108580280974270194e-01 7.495886546572948506e-01 3.196163884068132788e-01 8.388426581855127351e-01 -3.416916247270209706e-01 -3.762035271757423471e-01 -5.782864698401183334e-01 3.580777905100244740e-01 8.011999646121124030e-01 2.120385913934591249e-01 4.238541610299764728e-01 -2.489722357165502220e-01 1.388133687213042866e-01 -7.042052028688629284e-02 2.850183940540694794e-01 -1.184955156689175698e-01 4.933071949232755715e-01 6.318265776153980662e-01 7.187495379341178880e-01 7.699640512562831995e-01 8.342377655865982344e-01 8.000447298237098881e-01 3.611029591840104747e-01 9.992266930227473865e-02 -3.149860183177619621e-01 1.704116204022500802e-01 -3.084614410551642094e-01 1.331587110173554633e-01 1.633151352738688999e-01 1.660441215278186389e-01 2.404502705774214100e-01 2.089417654112997735e-01 -1.771152335100250608e-01 3.035111867932909213e-01 3.646236319607022991e-01 6.533924967166769848e-01 8.630453073127530850e-01 8.487380124619358090e-01 8.604154181751454411e-01 8.765279952341036296e-01 1.733363613781082890e-01 7.648885244488177193e-01 6.486951581795227240e-01 3.900579559315592859e-01 6.874116943732954121e-01 6.958399403585247001e-01 7.677192846506991630e-01 2.251429278557497971e-01 5.987934765105449308e-01 2.534291959434694652e-01 4.873042029531625685e-01 8.336969030818749404e-01 -4.059711955475236445e-01 -2.394093918522760545e-01 3.700193364896069426e-01 3.320786490558810256e-01 6.716053918677018508e-01 7.076083448027473688e-01 7.417157527343254397e-01 7.670453745697108916e-01 4.689534917063966635e-01 6.931464038801598004e-01 3.479492110370378533e-01 1.581909466690139821e-01 -6.261193436956665748e-01 -1.894466187181548522e-01 8.330666993019182620e-02 -9.791813202925594983e-02 4.631289553284710925e-01 5.126349776129776048e-01 7.773106000242154812e-01 7.812128870699946992e-01 1.410503120489605411e-01 1.323049673638137802e-01
-1.767689136962977137e-01 9.753018413839491252e-02 3.107646540023474291e-01 1.276598394961909466e-01 -1.717835609314344314e-02 2.346559481022753024e-01 1.376732189608431134e-01 1.184402529482395799e-01 4.793067185528160357e-02 -2.983461825873682249e-01 2.495881502215603898e-01 2.822153284783400218e-01 6.067545658620624449e-01 8.938140822059399415e-01 1.000000000000000000e+00 -2.745478299422775548e-01 3.586236028834666190e-01 5.047720005889940742e-01 7.228531632262916728e-01 4.716113022865601190e-01 7.263044937709046689e-01 4.831229434374306742e-01 8.141037170956054725e-01 2.139246559296818229e-01 -2.561584994630833889e-01 3.621410979203845137e-01 7.586273643535422773e-01 7.039862795065141565e-01 3.480112829771713767e-01 8.037835523256565695e-01 -3.151836401918116093e-01 -3.218813774075090506e-01 -5.740689451145237765e-01 4.065086229700200504e-01 7.532762597380571190e-01 2.002962224399294500e-01 4.193736134108217994e-01 -2.549153681919570369e-01 1.302206058186222981e-01 -5.979423603519821995e-02 2.835094953985194954e-01 -1.301629975943671691e-01 4.268051117119139315e-01 5.100501710787861409e-01 6.261752646614001661e-01 7.161294406692639836e-01 7.802030267494525217e-01 7.614775266791726782e-01 4.008192771819102385e-01 8.180270815737637757e-02 -3.100208857091770187e-01 1.655968100103080431e-01 -2.975042622006583426e-01 1.011119193549025463e-01 1.630833951305978580e-01 2.008230289154311621e-01 2.449920027730698724e-01 2.130413184433642970e-01 -1.456874050391716024e-01 3.421532811664477203e-01 4.000737781556430450e-01 6.315696258397379692e-01 8.264473508334844176e-01 8.338670452662209076e-01 8.541568090088521581e-01 9.361430263126371276e-01 2.379624506445376653e-01 7.407527511294517142e-01 7.295866299861382132e-01 5.032349841149463820e-01 7.522215194091993462e-01 6.617204820103435026e-01 7.439653617132664376e-01 2.073705542031276938e-01 6.367493741028562582e-01 2.763761385033257079e-01 5.246666666369443899e-01 8.083844443112911948e-01 -3.815181678522820974e-01 -1.899405923841284149e-01 4.484235353967282456e-01 4.513236183100338139e-01 6.005684871206286024e-01 6.762787367680371808e-01 7.058238528935238953e-01 7.446991493227571590e-01 4.641346423524708720e-01 6.307158418961482660e-01 3.680236059651638136e-01 1.898733701058069878e-01 -6.035352113283101172e-01 -1.672977614051584516e-01 9.717427342383971878e-02 -1.012826687330962844e-01 4.171871111942757615e-01 4.132172163585998703e-01 7.343744319594449621e-01 7.461648632565603956e-01 1.914937084746408669e-01 1.146005610159042953e-01
