1.000000000000000000e+00 7.903097469048983581e-02 2.768438122361208675e-01 -1.617609479407845774e-01 -7.695974186097986891e-02 -6.054385778137172380e-02 -3.045385285520020927e-02 -8.870074022669517666e-02 -2.405063749914733151e-01 7.030648621118434916e-02 -2.252329253151982569e-01 -1.381761454750782270e-01 -1.551255222064932549e-01 -1.450212232842539029e-01 -5.368750988830887222e-02 4.171083753796009930e-01 -1.940498860812533144e-01 -1.342792636677705986e-01 -1.683467753314965010e-01 -1.129165591676368902e-01 -6.964582380008442486e-02 -2.188787168891384236e-02 -5.949945168651465943e-02 -2.311398326973382600e-01 1.964249938775966819e-01 -2.336376573188924666e-01 -9.790050736098615536e-02 -1.776127269784180951e-01 -3.744588055519049163e-02 -8.506796947747843896e-02 2.817294955168839765e-01 3.729210685505483514e-01 2.042649467075196290e-01 -2.223989879672036707e-01 1.614843706095166415e-03 -3.038213237907936293e-01 -1.537465503064713856e-01 2.771881468967309914e-01 2.610897401708667798e-01 -6.947738801816412402e-02 -1.702536829213160685e-01 3.134140835493142707e-01 -1.098596187314438838e-01 -7.992098125072051237e-03 4.475780458852853666e-02 -9.087741093151992244e-02 -1.074391352990002046e-01 -2.264318505591954300e-02 8.283615762129206694e-02 -2.431375388968604889e-01 3.086886112679096406e-01 2.347980251911566119e-01 -1.903564895720915792e-02 -2.758101043121654605e-01 -3.469479430427441224e-02 9.671274923127057277e-02 -1.874089287611359345e-02 -9.437508694190790970e-02 4.756361377138201493e-03 6.164643761466224309e-02 -6.662100776739288133e-02 -1.237416141623426113e-01 -1.814116063263013778e-01 -1.783749902217975358e-01 -2.358689293702374012e-01 -1.390550844587200574e-01 -4.149687222342712117e-02 -1.846422226751176787e-01 -2.436056503599773049e-01 -1.081400538556542279e-01 -1.118520992468884923e-01 -1.528921548120383278e-01 -1.536723820304191912e-01 -7.876168673114328223e-02 -3.692641917296427684e-02 -7.972640545614245733e-02 -1.700402925229856921e-01 -6.776350588297078148e-02 1.172154044719933147e-01 2.440134070272758915e-01 -1.775336743518279303e-01 -5.292563225583069714e-02 -2.097905513695767429e-02 -1.487253485232203076e-01 -2.652059277059203302e-01 -1.566306122859775496e-01 -5.005686233923054701e-02 -3.621638286722183436e-02 -2.462870241519632408e-01 -5.808518193639497507e-02 -6.890643791625522541e-02 1.746667929752176718e-01 -1.067875232518026574e-01 3.794515476131926635e-01 -9.873441416376374513e-02 -2.592593586296173744e-02 -1.383298697727836646e-01 -8.381940034806066586e-02 1.287197830656600928e-01 -1.842857939980295789e-01
7.903097469048983581e-02 1.000000000000000000e+00 4.998790819457786805e-01 1.262810856490026445e-01 2.666764097530359146e-01 3.265475650595556778e-01 -1.675763532515373300e-01 1.187973090333090398e-01 5.873398387367769619e-02 6.482932569217801644e-02 -9.977860514969631722e-02 -2.223561512421101394e-01 -3.392719125372663513e-01 -3.684163506363504204e-01 -3.699342817696547048e-01 2.971634654119356678e-01 -2.575626934618444608e-01 -3.445617832791605939e-01 -3.361317889002564674e-01 -2.080592952079447222e-01 -2.604803174711016189e-01 -3.072881385575663704e-01 -3.547443180973149923e-01 -2.365104800584764688e-01 -1.475855199995940448e-01 -9.316090849319404177e-02 -3.063270287206222853e-01 -4.154901880909134260e-01 -2.592317373506642930e-01 -3.351962677816032743e-01 -1.629857464283454849e-01 -2.861989140538227089e-02 2.756224180093466009e-02 -4.064134232828496840e-01 -1.666518710475133613e-01 -1.884696381539015253e-01 -3.102655553894375084e-01 5.856699843801529276e-02 -2.282823704153900263e-02 -5.900509176744299367e-02 -3.200588610733379191e-01 -1.519705742863273201e-01 -2.495724495334199489e-01 -2.585123864720577092e-01 -2.377794805740808537e-01 -3.990180336550471774e-01 -3.065984743762313336e-01 -2.845768892335178157e-01 -1.565124688727209390e-01 -2.227618817689204778e-01 -2.175485685346883746e-01 6.219685870048640153e-01 -1.393812464771927162e-01 3.802986765771920047e-02 4.121853301435695061e-01 2.157950544319214015e-01 -2.067061059402309012e-02 8.478905388242650998e-02 6.224901487278273332e-02 -2.567543209246230806e-01 -1.108908694415830093e-01 -1.743918247676587430e-01 -3.817892350186854467e-01 -4.356128127821841112e-01 -4.130973764259773251e-01 -3.757461471125077557e-01 -1.800237292424960722e-01 -3.946183587266725579e-01 -4.194877668718118291e-01 -4.398792592052473971e-01 -3.606583456592085679e-01 -2.571011838655787862e-01 -3.846039748934596547e-01 -2.186143587406724070e-02 -2.265413188573957015e-01 -1.829911957522899479e-01 -3.237313950614207902e-01 -3.771349372002671951e-01 -8.102263101367407350e-02 -1.589919528478485333e-01 -3.653874430712406585e-01 -2.572887440359816758e-01 -1.561307570252385146e-01 -9.339062740796592876e-02 -2.899413719643089138e-01 -3.694689798070587838e-01 -2.499752660267375581e-01 -2.746058666806412973e-01 -3.431077536660233629e-01 -3.120214025981265515e-01 -1.408902506983541192e-01 -7.193074670644679369e-03 8.197840271581406657e-02 -2.364993022242749265e-01 -9.516144898582788725e-02 -1.214199000163145026e-01 -3.678452582579765373e-01 -4.168645303607912411e-01 -1.977039299475251422e-01 -2.009380517174205738e-01
2.768438122361208675e-01 4.998790819457786805e-01 1.000000000000000000e+00 8.870050120703212859e-02 3.007735735776204677e-01 5.777082252756340353e-01 2.384730989119997896e-02 2.728471486714356686e-01 2.555774341334027255e-01 4.185190073805126337e-02 1.278343721935781552e-01 2.788885794349354585e-03 -1.880826431806919552e-01 -4.353877902119190901e-01 -3.499020759389347424e-01 -9.621933011901399879e-02 -1.227795584455708688e-01 -1.951827004840554769e-01 -1.352249230746359332e-01 -2.716407816753758087e-01 -3.295344524466531366e-01 -1.087526970856160236e-01 -3.583643875600860396e-01 -6.785852306647821575e-02 1.260359195716692360e-01 -1.736324376422834423e-02 -9.391671073793898816e-02 -3.169011886644083620e-01 -1.043804543393947876e-01 -3.039426952098203683e-01 -1.219783770783640642e-01 -1.263467297721785343e-01 -3.408085157553156219e-01 -2.636423768236093035e-01 4.509972990898976353e-02 2.247475288227704718e-02 -1.231045969841604165e-01 -2.437346204524028503e-01 -2.610019026239696616e-01 1.078746336644653969e-01 -1.479377148546628384e-01 -7.521936357137300969e-04 -9.588356862547825488e-02 -2.542729200462907069e-01 -5.776503396380608391e-02 -2.255452425554061446e-01 -2.845802917023288470e-01 -2.549538028347365648e-01 1.958853742537886022e-01 -8.574060898722933588e-02 -2.334974473076170953e-01 3.628125435187998793e-01 2.109520498195507562e-02 8.457981682620357988e-02 5.309907453276284661e-01 4.685273576831087139e-01 1.294771689869127218e-01 1.318853431539953602e-01 3.175950725655193319e-01 -4.532503687301130818e-02 1.431784217676799476e-01 -2.689380534153788804e-02 -1.744447335360875817e-01 -3.213199363150534005e-01 -3.273694817295950688e-01 -3.664646671392003396e-01 1.006538618670492352e-01 -1.777003348966756380e-01 -2.075159297628789978e-01 -2.828451931378885842e-01 -3.364601357219417221e-01 -4.485412903838750624e-03 -3.343834869246061214e-01 1.079880562232085617e-01 -3.989632447171937574e-02 2.012721314615638357e-01 -1.384188464956151998e-01 -2.387030168893498061e-01 -1.561282599472731125e-01 -1.426004794293695976e-01 -1.374033685662907345e-01 -1.444829915463258785e-01 7.023901968982608490e-03 1.418114977499896345e-01 -6.892148517279238218e-02 -2.740863786452507056e-01 -9.970242536375425665e-03 -1.138048965468846513e-01 -9.762943424467453168e-02 -2.297036286626685450e-02 -1.395021798180346162e-01 2.686847086220294223e-01 1.861964015004647088e-01 3.275972513873259828e-02 1.957243264916382064e-01 -8.052798487404835837e-02 -1.371490224743797948e-01 -2.717785414351238660e-01 3.575567410221396764e-02 -9.025076782766894290e-02
-1.617609479407845774e-01 1.262810856490026445e-01 8.870050120703212859e-02 1.000000000000000000e+00 6.664628289594677346e-01 2.162560561272854065e-01 1.829885551234068097e-01 2.697433311529895406e-01 2.721396680773723875e-01 -9.170775116858004283e-02 2.320966250428097288e-01 8.303581659938483184e-02 8.899932710743635456e-02 1.150601033035081322e-01 1.710037054324290914e-02 -1.500082288142776110e-01 8.809390731228897153e-02 2.082306789589533913e-01 1.344846449290411639e-01 1.899844409243270082e-01 8.764751918189599145e-02 1.076386159823010252e-01 -1.301947531734459068e-02 1.937570123002461953e-01 -1.753626241698215682e-01 2.369467047164026119e-01 -3.248998873351368558e-03 -6.133420177092824277e-02 9.869627998752131259e-02 -2.801641209722675538e-02 -3.859287995052791964e-01 -1.708018481568667479e-01 1.074481783715735966e-01 2.398062701305709588e-01 1.408445843003516273e-01 2.926965270153721738e-02 1.309820707344451773e-01 4.784892548133767159e-02 4.123049396965981772e-02 1.583743080300124284e-01 3.858100210354182269e-01 -2.580850648237441036e-01 2.914673538909028916e-01 -6.988429581643428035e-02 -7.545750325940431269e-02 1.177370503597685164e-01 1.599906219888890258e-01 8.826787749202416600e-02 2.310112313217533020e-01 2.810732069222089957e-01 -2.108537237629883876e-01 -4.035907323038401967e-02 3.417431484239664974e-02 6.785974461599939556e-01 1.503662625105184891e-01 1.941855768117936032e-01 2.164534299773688275e-01 1.115706466220337950e-01 -2.139162538092545252e-01 6.542147130901718177e-02 1.780906211493497870e-02 1.531010570262835158e-01 2.216479525690012442e-01 1.905829348680423974e-01 1.487577096788893216e-01 9.421522780190101642e-02 3.880320549435731931e-02 6.319498703915522875e-02 2.287031577317827913e-01 2.847628727517878544e-02 7.944734894438883199e-02 1.912984811764707749e-01 6.146494453124564522e-02 -1.982481422678837035e-01 -1.834289710111949856e-01 5.093861854034834047e-02 -5.837504549923821368e-02 -1.357570184333615204e-01 -3.844302227376617531e-01 -2.797971020998866187e-01 4.063418622146346137e-02 9.334608591241871922e-02 -1.864351577766521495e-01 1.467150487830613803e-01 -1.658485576531861655e-03 1.976734986017356088e-01 -4.409324428214833613e-02 -3.112613276193356149e-01 8.781228816944909588e-02 -5.711427719445919676e-02 -3.068711215601947484e-01 -2.027255422679952734e-01 -1.735611056482258552e-02 -3.192251731501367096e-01 1.246379058236536524e-01 1.486147001973225357e-01 7.919512151525014143e-02 1.116367507660115214e-02 1.859204570585209770e-01 2.283105740184002974e-01
-7.695974186097986891e-02 2.666764097530359146e-01 3.007735735776204677e-01 6.664628289594677346e-01 1.000000000000000000e+00 3.759974597666915219e-01 2.516999333199750888e-01 3.961112592576351288e-01 4.120963397025294572e-01 1.088075855748142293e-02 2.201900205200901517e-01 5.735954337424455790e-02 -8.165467972169415667e-02 -1.087086345704905976e-01 -1.449683262457811261e-01 -1.181804146633865932e-01 6.113274190867063612e-03 1.136924062117172091e-01 -7.250132085011540273e-02 -9.217745523230787968e-03 -8.570822240756430233e-02 1.058283000804488144e-01 -1.536747144822011302e-01 1.035358629255885426e-01 -1.443745592391643823e-02 2.499677154673687340e-01 -3.455504302842213327e-02 -9.754436363407242849e-02 -3.418955321363210259e-02 -1.089455025453291287e-01 -5.286614859439239256e-01 -1.983762619333803157e-01 -8.167295729415867400e-02 5.516892047973745439e-02 1.229838961349647292e-01 -3.806678172256402343e-02 1.074994682296194631e-01 -9.037325763653704380e-02 -4.870024056283416870e-03 1.584603820318366274e-01 2.911669623714820410e-01 -2.221853838651490498e-01 2.459923573537584340e-01 -2.821341187938090911e-02 -1.212691115054745639e-01 4.817751683747862473e-03 6.053574454685030012e-03 -1.909016629062141798e-02 2.118196110743592042e-01 2.000638359474230243e-01 -1.462293399452665177e-01 2.165083209104056161e-01 2.746678377073824562e-01 6.394432644606913296e-01 3.562362456663569765e-01 3.359579785869213908e-01 3.896706167081250838e-01 1.617659816545610196e-01 -1.446471556118421320e-01 8.941759303134601267e-02 1.365721754584907181e-02 -2.474407674597646142e-02 5.811514398863162206e-02 -5.895629709254897322e-02 -5.397752245803751764e-02 -1.093387151990014294e-01 3.812741815870406004e-02 -2.677975917622970117e-02 2.670411606022753473e-02 -1.090956814012556536e-01 -1.174021075437147038e-01 9.283202865526389569e-02 -1.452850525857876662e-01 -1.716219778978173571e-01 -2.108679500122608574e-01 1.192322770960645567e-01 -2.279862900173176277e-01 -2.657309927755835965e-01 -5.504967571971997042e-01 -3.008214767365752218e-01 -2.087518662990594520e-01 -8.798838618354637431e-02 -1.919252307898421106e-01 1.054851183994078845e-01 -1.456525097915200573e-01 -2.864197145842582032e-02 -5.687553282458812642e-02 -3.311468707825162561e-01 -8.318600505582629534e-02 -1.795040935678103022e-01 -2.050668176801982434e-01 -6.654476042493452648e-02 8.172571464642328087e-02 -3.349769885882392106e-01 9.679490660496575805e-02 2.452939052668951653e-02 -5.601642066846139467e-02 -1.565040306269862014e-01 1.442914044887204927e-01 1.266012097903832512e-01
-6.054385778137172380e-02 3.265475650595556778e-01 5.777082252756340353e-01 2.162560561272854065e-01 3.759974597666915219e-01 1.000000000000000000e+00 2.022761632646111474e-01 5.509736223398836730e-01 5.237259096840847228e-01 -5.768841836790267186e-02 2.778358201919047255e-01 8.460633710701981336e-02 -1.608538821869198027e-02 -1.891499248086298823e-01 -2.001914177177814003e-01 -2.758322779804393554e-01 3.884838701210951983e-02 7.607262050966179245e-02 1.601338289793795971e-02 -9.185661784668285035e-02 -1.258456243800814001e-01 1.930644822563138963e-01 -1.468143936414260664e-01 1.053730601146852935e-01 -1.829835598078764433e-02 2.483935146044010944e-01 9.622916449998160371e-02 -5.465522025909140547e-02 1.315920235486421098e-02 -1.611980799182732293e-01 -2.671361431186972668e-01 -1.664640865320066443e-01 -3.540726722357683820e-01 1.617732886657558683e-02 2.529432283000259130e-01 1.399340533592081381e-01 -6.237240407687340282e-03 -3.024850474204185402e-01 -3.248714289027923030e-01 8.204163836388279896e-02 1.114567559781000916e-01 -1.660727472003830918e-01 1.271684678784225364e-01 -1.410690203945410837e-01 -8.916811418374391562e-02 -1.497342616704735660e-02 -2.447458757573965638e-02 -7.488772394855432168e-02 4.941716752205836949e-01 2.130550876500881263e-01 -1.760597443339403378e-01 2.351707465252125262e-01 8.757581371826970995e-02 3.373938940661022068e-01 7.182926369723892090e-01 6.412660276340000909e-01 3.752648449656642016e-01 3.062674529932182255e-01 1.063226050741172407e-01 -6.205030184494749607e-03 8.957746405169836335e-02 6.564188157274278290e-02 7.184484802786832158e-02 -7.781112219962883769e-02 -5.489405577841585671e-02 -1.439839712037234154e-01 2.612414222222956273e-01 2.346102289978280186e-02 3.707440661432775258e-02 -8.831733162418098360e-02 -1.477083517062325324e-01 2.715668264959780198e-01 -9.895132361529121456e-02 3.987624644555499281e-02 -3.791493005217887180e-02 1.450242325975631963e-01 -7.435531988854367225e-02 -1.316826956549157213e-01 -2.597529254409751687e-01 -1.963839281861260999e-01 -6.041944554647898230e-02 -5.523172807525469907e-02 -3.615743523020162331e-02 2.758201297381237538e-01 1.440352545700436353e-02 -2.826493871303535979e-02 -1.103303035517586850e-01 -1.238587128466361459e-01 2.940867124773229035e-02 -1.551275854915770344e-02 1.869653208858514451e-02 1.692715611197071479e-01 6.835423698515204205e-02 -1.968701166510251344e-01 2.273641670495475942e-01 -6.161513174896748879e-02 6.002453054632687739e-03 -9.309939486138596454e-02 2.985683007189549598e-01 2.332165850654318862e-01
-3.045385285520020927e-02 -1.675763532515373300e-01 2.384730989119997896e-02 1.829885551234068097e-01 2.516999333199750888e-01 2.022761632646111474e-01 1.000000000000000000e+00 4.450397786127224808e-01 4.047790308286544070e-01 8.396175839373710981e-02 3.452270879313401597e-01 4.040603525021530529e-01 2.099612565529731523e-01 3.953743682834065520e-02 6.148910221007260896e-02 2.996531311530856515e-02 3.069193416684202202e-01 3.822764207163763528e-01 1.767877777204079071e-01 6.392764037308168446e-02 1.704657008513772443e-01 4.190392294474175050e-01 8.126827583722502635e-02 3.241520155853592766e-01 2.804397708557852531e-01 4.010357057598100683e-01 2.470486987534961654e-01 1.637453336935049408e-01 2.141132829634211365e-01 1.341332891556749896e-02 -4.282055659496197125e-02 -1.942019572385027303e-03 -1.151178049331557929e-01 2.765487839793112634e-01 3.304544465456809021e-01 2.841702224134226018e-01 8.497930136339829077e-02 -2.044314938255139061e-02 -5.428006324403236021e-02 4.542159065022504105e-01 3.434076793128569838e-01 8.750902870416153723e-02 2.935269001634321362e-01 -9.993832148492125256e-02 -1.539035657691456213e-02 5.617852906511502931e-02 1.101290106094874321e-01 -4.620844373980569075e-02 2.714679304947243965e-01 9.172636301775057011e-02 3.009703443823516164e-02 -1.579890939220102153e-01 3.049487646697401910e-01 1.641419664522568711e-01 1.838991505793298176e-01 1.193840672050992813e-01 4.460629440338875207e-01 2.567858856574317117e-01 5.514089769160285953e-02 2.961657227446309881e-01 2.422654110501933078e-01 1.221239410478774240e-01 2.579386858258219117e-01 1.044384401363099846e-01 1.571203078149239485e-01 7.436295943960037624e-02 4.344906233674671325e-01 3.436331921592604144e-01 3.029178265960427163e-01 2.791233057120267036e-01 1.028398975562028195e-01 3.841420371081616936e-01 1.521809655466684341e-01 2.080707015402069593e-01 3.404263246878233562e-01 3.878821872105397417e-01 2.339142658375022998e-01 1.223782233939219449e-01 -9.429620738489037646e-02 -3.226450481025103928e-02 2.700741796554626539e-01 5.481511231450997279e-02 6.401932525840955956e-02 2.400674007240025110e-01 8.250028545549364933e-02 1.264563421456172954e-01 1.227692229073596847e-01 -1.372825072922778666e-02 1.912647490842915299e-01 2.037686788456415932e-01 -1.370019348175246232e-01 -1.806952796927712226e-02 -3.880179189788877936e-02 2.564732407139148213e-02 2.288710465840630703e-01 -1.013218007059859677e-01 1.051012825992176346e-02 -3.165719459448126244e-02 1.449328549785051101e-01 1.024545825664093524e-01
-8.870074022669517666e-02 1.187973090333090398e-01 2.728471486714356686e-01 2.697433311529895406e-01 3.961112592576351288e-01 5.509736223398836730e-01 4.450397786127224808e-01 1.000000000000000000e+00 7.627217164117054971e-01 -7.726775061156113122e-02 2.141429452856126736e-01 9.785559597887899530e-02 5.337238783607158726e-02 -6.343684085436598896e-02 -1.153154023053739041e-01 -1.124576329263961283e-01 1.494063079431678653e-01 3.082094068936274134e-01 4.313578458517649400e-02 5.579771610272438176e-02 4.960263976285084891e-02 3.209223650428627561e-01 -3.047420151327023471e-02 1.342649363464732959e-01 -5.592815416677590634e-02 2.590127341293579910e-01 1.726784848029900843e-01 6.478287365652603139e-04 1.213073767802220759e-01 -7.539402898736460856e-02 -1.896386405309417045e-01 -8.358712723169495207e-02 -1.570500998390206571e-01 1.203730141693373501e-01 3.565304638262858372e-01 1.800960443093052032e-01 -3.350690010043862795e-03 -2.021250912756052120e-01 -1.148568503194697943e-01 1.756893552426339600e-01 2.640810536871691094e-01 -9.233621127855189126e-02 1.389622841889586735e-01 -2.496644948279646004e-01 -1.724138680790814337e-01 7.542489609785947569e-02 1.351445829342746430e-01 -6.557248590920021492e-02 4.300714838474983814e-01 2.779606165123316153e-01 -1.006905268310035323e-01 1.249121627085416630e-01 1.067495602078282896e-01 3.734397304727192779e-01 5.898136055922894583e-01 5.081632902514162664e-01 5.895572408686412524e-01 6.623895096817831174e-01 -3.258084332977551740e-04 1.224158538025829773e-01 4.244676368015747742e-02 -1.348447053300607171e-02 1.201225369565511319e-01 2.676038962744979252e-02 2.673954824697709690e-02 -5.862759272274434968e-02 3.864850338132329588e-01 1.121281817940958658e-01 1.674800357976007625e-01 1.161902744196000731e-01 9.422905393871260776e-03 2.649089435514982993e-01 -6.614631303196063031e-03 6.538017979405597035e-02 3.028170195561482106e-03 1.468184798513618716e-01 1.356013790567249782e-03 -5.435165612576801919e-02 -3.151921309891733136e-01 -1.569834051605221159e-01 5.619533543384480634e-02 9.922898510832173224e-02 -1.848435626253994157e-01 2.620407563807670148e-01 2.799613079225042253e-02 1.665969791590146964e-01 -5.371622381134855823e-02 -1.068660358723395043e-01 1.252011195717582515e-01 1.295992010357971680e-01 7.007678651609680100e-03 -4.355688130562387211e-02 4.340702082537987311e-02 -2.007725977832223174e-01 1.274573969598306600e-01 -1.855735652830349525e-01 5.221393052274724694e-02 -6.152738276978909210e-02 2.794501794091580615e-01 2.791856118330905967e-01
-2.405063749914733151e-01 5.873398387367769619e-02 2.555774341334027255e-01 2.721396680773723875e-01 4.120963397025294572e-01 5.237259096840847228e-01 4.047790308286544070e-01 7.627217164117054971e-01 1.000000000000000000e+00 -3.112643416009578529e-02 3.166253014376349539e-01 1.220049690892316546e-01 1.528497474365263509e-01 6.962681190074137064e-03 -4.778047372085579558e-02 -2.394303800055815334e-01 2.529416016910615017e-01 3.834899012219517567e-01 1.376910413069660777e-01 7.488302318458511797e-02 9.033181190416852968e-02 3.062528474667485234e-01 -2.145894237940566135e-02 2.299655761418756827e-01 -6.094959677709081702e-02 3.001005102764022214e-01 2.081113274086904830e-01 5.274713813931803524e-02 1.692163093678344110e-01 -4.491438669110172505e-02 -3.012217197981268413e-01 -2.134712708846080997e-01 -2.278942575197723253e-01 2.118491414214659363e-01 3.611157794408906274e-01 3.234296815019311877e-01 7.392329613252410225e-02 -2.687456655445801257e-01 -2.408204354171219475e-01 1.466455470838374520e-01 3.461074546357639226e-01 -2.384516365110478653e-01 6.704746998541311065e-02 -2.895281755307562710e-01 -2.039202033881382103e-01 5.537839740563374469e-02 7.694341903484763767e-02 -1.041189626884041486e-01 3.653954226191112320e-01 3.331044001388236420e-01 -2.261508644360020193e-01 3.357875199309280634e-02 1.228112804045631834e-01 3.979265078511237119e-01 5.212718667431092134e-01 5.222406471421480179e-01 5.513720989489212521e-01 6.795903165461208983e-01 6.360242252943773544e-02 7.096582878471249800e-02 2.376280093348720132e-02 5.539544861732426800e-02 2.049252830401877556e-01 1.107661567350542720e-01 1.442482960382702462e-01 2.185375624417406487e-02 4.207893968669113582e-01 2.028416402387655804e-01 3.114140187549836458e-01 1.887330465355512299e-01 7.904408878222290991e-02 3.431371606667650842e-01 3.088058757826402101e-02 9.390753946235778915e-02 6.030867194272609977e-02 2.200730619798886012e-01 6.658421898278514550e-02 -2.637746616152834866e-04 -3.890977769001979780e-01 -2.579529573006775767e-01 1.281977862530392087e-01 1.519752055623311005e-01 -2.013048722154171521e-01 3.426676003669308357e-01 1.588216499789251723e-01 2.022150677196253299e-01 2.951174944537937432e-03 -9.733415875661791117e-02 2.591903857002569866e-01 1.618649418527981776e-01 -4.358299258826753286e-02 -4.057681881028869092e-02 9.318831491141431334e-02 -2.941456105807567778e-01 1.413311266888167550e-01 -2.188698039404149698e-01 9.644506819301058853e-02 -4.880886039134915699e-02 2.375908477188912182e-01 2.948273714017007885e-01
7.030648621118434916e-02 6.482932569217801644e-02 4.185190073805126337e-02 -9.170775116858004283e-02 1.088075855748142293e-02 -5.768841836790267186e-02 8.396175839373710981e-02 -7.726775061156113122e-02 -3.112643416009578529e-02 1.000000000000000000e+00 -1.426599970354267277e-01 -3.576527338399592554e-03 -6.864059733667673968e-02 -1.388705474346219604e-01 -1.118831465492753884e-02 2.588922198737560465e-01 -5.382101417533059068e-02 -1.440621410277735936e-01 -1.942739933592687041e-01 -1.643374132121619424e-01 -9.743392584400499545e-02 -1.117799495778811492e-01 -1.234803390414083712e-01 -8.018001406217929727e-02 4.822648530141955270e-01 -2.065982844757411618e-01 -1.087521014794413099e-01 -8.681136666362507248e-02 -7.505958086434394438e-02 -1.248659078010872364e-01 1.011425347277600251e-01 -4.050046002338834189e-02 1.580695724816031933e-01 -2.113164472347753842e-01 -2.144806127260902584e-01 1.302348029114146766e-01 -4.040204072762951411e-03 2.341574535151567105e-01 2.580173962894386497e-01 4.692862799664313522e-01 -1.104452610102302362e-01 2.119543205368590033e-01 -2.109537033095719438e-01 2.048010478035486998e-02 9.430442555746331584e-03 -2.259525222116593457e-01 -2.670387155891167374e-01 -1.488026981004498817e-01 -2.469210470091717791e-01 -2.368624607019886585e-01 -9.861850615097088324e-02 -1.249246181451759731e-02 -1.552144410240374056e-02 -2.707303353364755583e-01 -1.454235214647595364e-01 -1.025958863502447610e-01 -9.027492724817318126e-02 -1.863389656545574175e-02 1.831129479871165533e-01 1.152306122520425219e-01 1.023807400761244935e-01 -2.072400263616255567e-01 -1.677328856453485229e-01 -1.927021273264787893e-01 -1.383936098862371122e-01 -8.708800497496504978e-02 -2.576538045203345395e-01 -8.491644772636851302e-02 -1.358013716402357018e-01 -8.071141221621468131e-02 -7.396389595351754442e-02 -2.467139067195074087e-01 -1.759613228348980152e-01 1.907607210567477118e-01 1.083545484553928989e-01 3.060699667907632038e-01 5.091214669510859409e-02 1.016662775557875820e-01 6.088112178227966104e-02 -7.285393639666244703e-02 -2.232049359765546012e-02 -4.990785906221867352e-02 9.886304542948573526e-02 -1.926375273086487483e-01 -7.625340294127529173e-02 -1.580457971717756649e-01 1.951064180490530708e-01 9.394020687346761600e-02 -7.103544732548543184e-02 4.857944384114301628e-02 -2.456818050120980479e-01 -1.206322299300269102e-01 1.737793190373516095e-01 1.338981974447602530e-01 -1.547182502397091153e-01 -1.911845422306573672e-01 -1.660308467901879803e-01 -1.091691446372804047e-01 -1.526193150081308902e-01 -1.763455442688489083e-01
-2.252329253151982569e-01 -9.977860514969631722e-02 1.278343721935781552e-01 2.320966250428097288e-01 2.201900205200901517e-01 2.778358201919047255e-01 3.452270879313401597e-01 2.141429452856126736e-01 3.166253014376349539e-01 -1.426599970354267277e-01 1.000000000000000000e+00 6.640049260287030908e-01 3.964900801723524326e-01 1.330091013031854397e-01 3.664895090380661941e-02 -4.501809723415861053e-01 3.040388609033461975e-01 2.389402643762950917e-01 3.023830428382460189e-01 -1.306278348036839058e-02 1.233536770773294294e-01 3.125572055450108189e-01 3.948295118837188283e-02 6.203805830036277502e-01 1.481920047816701613e-01 6.875942979446976189e-01 2.059228143341601813e-01 7.937988928738697048e-02 1.374087889717689470e-01 7.457778993498828668e-02 -3.002961677179716293e-01 -1.249521010949915523e-01 -3.995167919915332266e-01 3.045009831675992151e-01 3.444861221710028287e-01 2.623963164214619392e-01 2.099692639762032742e-01 -3.191522120695791109e-01 -3.146329179452367897e-01 1.876105355964349519e-01 4.152958381711334135e-01 -9.024688391592083914e-02 5.119940650609510202e-01 9.084154415729610993e-03 7.444494512301624844e-02 1.166418445247952435e-01 1.263450026617520261e-01 -6.628635783780444102e-02 3.649022167527658511e-01 3.932699307823211421e-01 -9.921925079926627311e-02 -9.085184031531154392e-02 1.109969181369222235e-01 3.317312123483512898e-01 1.662263388237071038e-01 2.840104379646331001e-01 2.225004852185759052e-01 5.319091889423113728e-02 2.983350130654725541e-01 3.616066983157913417e-01 4.250173665209155405e-01 3.739512553901122027e-01 3.470526065840638386e-01 1.840004611804896828e-01 2.522657371914023838e-01 1.557946214163828946e-01 2.682251785511654552e-01 2.675855091619482873e-01 2.876155804681315709e-01 1.253495496629184192e-01 8.525843743870073488e-02 4.721492191401401306e-01 1.353837515552531734e-01 1.692026475923080198e-01 2.145274318129657132e-01 4.557323494599993530e-01 1.029432560553480563e-01 -2.006441491937688976e-02 -2.356124762888230639e-01 -1.273170788080821014e-01 1.263260251998928330e-01 -1.877219771651600366e-01 6.546666932430000863e-02 3.663429062981087281e-01 1.779930312418290528e-01 -2.700084055797775853e-03 5.687260338738482635e-02 -1.396889425349995273e-01 3.046064396765504334e-01 5.255376328972560102e-02 -9.916949480839013994e-03 1.356149696067808497e-01 7.044644882887073079e-02 -1.561060987059890437e-01 4.985072756723778475e-01 2.366409861096283596e-01 9.058978963077771174e-02 -5.727476448003485099e-02 1.744572878005304639e-01 3.010206848611617358e-01
-1.381761454750782270e-01 -2.223561512421101394e-01 2.788885794349354585e-03 8.303581659938483184e-02 5.735954337424455790e-02 8.460633710701981336e-02 4.040603525021530529e-01 9.785559597887899530e-02 1.220049690892316546e-01 -3.576527338399592554e-03 6.640049260287030908e-01 1.000000000000000000e+00 5.181732549046832448e-01 1.540686020458057470e-01 1.258960451044942863e-01 -3.409654271475554554e-01 3.591718524071218499e-01 2.656466224720619440e-01 3.656398686844062884e-01 3.780328976146162673e-02 1.799973275388192517e-01 2.424654964807698432e-01 1.375480381287330356e-01 6.453491273625767688e-01 3.148408029703461675e-01 6.304334887666950271e-01 2.934787741366351455e-01 1.707214739761258038e-01 2.027501923218460456e-01 9.426143354786520323e-02 -9.991053911726743841e-02 -4.465102385817750624e-02 -3.291038776510696318e-01 2.971063448502049842e-01 2.683812729107552530e-01 3.757833679206854516e-01 2.395522579257979567e-01 -2.224436870001365307e-01 -1.793653721794659650e-01 3.520548981210733785e-01 3.315703291292475541e-01 1.663673730914263793e-01 5.122539279840893078e-01 1.469034880990533753e-01 2.850970921661834523e-01 1.162871634096481060e-01 1.407575607964572095e-01 -3.376586089603085539e-02 2.511305632480406169e-01 2.699598874789250202e-01 9.007492736755212670e-02 -1.521649910290606145e-01 2.342817167703632741e-01 1.609367511320807798e-01 1.474241811799372609e-02 7.314530701208772634e-02 2.565112153655396687e-01 -5.551192179533837381e-03 3.123057145381639144e-01 5.589477266511609921e-01 6.658084055063354656e-01 5.043674054146829455e-01 4.565037184484164179e-01 1.994878260515060286e-01 2.955458144515386021e-01 1.940458688877248206e-01 3.265486317512646952e-01 3.806688836064735515e-01 3.111158008665717567e-01 2.484062562354193149e-01 1.683903432158341817e-01 4.918399911503446020e-01 2.397982092772041329e-01 3.828954044588704364e-01 4.744372085079036627e-01 6.228313369738734950e-01 3.578227522715627940e-01 1.766433899280586417e-01 -8.973294743161376597e-02 3.008459033310219299e-02 3.016861620188389659e-01 -2.009226572108917253e-01 3.115075256953560578e-01 3.516896603610317751e-01 3.037836522259585448e-01 8.958185233672731618e-02 1.494478832546445590e-01 1.347970761297405395e-01 4.136618064812563889e-01 2.931256041654415334e-01 4.722807926329701186e-03 1.331003407381280701e-01 1.005743704899683122e-01 7.866948605609543066e-02 5.717140391618014128e-01 3.084051663935740706e-01 1.266060361156275405e-01 4.749972791874727124e-02 1.274164187976294937e-01 2.237496317893999942e-01
-1.551255222064932549e-01 -3.392719125372663513e-01 -1.880826431806919552e-01 8.899932710743635456e-02 -8.165467972169415667e-02 -1.608538821869198027e-02 2.099612565529731523e-01 5.337238783607158726e-02 1.528497474365263509e-01 -6.864059733667673968e-02 3.964900801723524326e-01 5.181732549046832448e-01 1.000000000000000000e+00 5.676261059312488477e-01 4.988673035963910873e-01 -2.642279677146557315e-01 6.954880418768516481e-01 6.132141855451239687e-01 6.297646473038649440e-01 2.782034642170669869e-01 4.729183850394242938e-01 5.052222575120612902e-01 5.632646277030033399e-01 5.869387669087900994e-01 1.713734083799856589e-01 3.335301404209911058e-01 5.614962457956342856e-01 3.989505038598767372e-01 3.588404850075727071e-01 4.349686257013143376e-01 1.037929824920607591e-01 4.265261256303685272e-02 -1.149089322002120050e-01 6.234649791291695387e-01 4.310398770029968407e-01 4.049683074872376110e-01 1.441904687901874871e-01 -1.112400694574815913e-01 -7.107259894685349910e-02 1.655572567981441479e-01 4.696600207917027148e-01 -6.803333434397441926e-02 2.980072815746911408e-01 -3.390648675076969598e-02 2.784084712577968301e-01 3.448532932704809761e-01 4.582427375321470597e-01 2.571868463219439405e-01 1.789917670670327643e-01 1.984553389637659648e-01 1.502069473052519977e-01 -3.204016655188878793e-01 1.442252361298021757e-01 1.881195781103184583e-01 -1.319208061712295044e-01 3.264558717304520685e-02 2.218819955574970471e-01 7.947915648562266233e-02 3.508237270547938380e-02 2.367637387218464451e-01 3.023364664935320745e-01 6.603103516528628925e-01 6.693648166519914344e-01 5.422659692819224997e-01 6.306217108559951656e-01 5.430043909415739334e-01 2.957336112757869007e-01 5.981862878879911083e-01 5.907082476377809588e-01 5.720229327966422916e-01 5.309940107066941639e-01 5.484763295096034552e-01 6.046870341392024395e-01 1.884847767533568419e-01 4.016500066022112292e-01 3.141253269514283630e-01 4.690109281520756235e-01 5.796443057843585489e-01 -1.221437854270982226e-01 3.949579783965991020e-02 4.861575056304533460e-01 1.111555420520970450e-01 1.333161176180165941e-01 2.821358633258877480e-01 4.430670570624603011e-01 3.903347214670891407e-01 -2.640198146103520799e-02 2.938975190462841391e-01 4.883846893002377065e-01 2.498096955094291360e-01 -1.540556480364210085e-02 -7.638774663216406358e-02 -1.238833504709419275e-01 -9.740036094672598066e-02 2.876999477417067075e-01 1.239888334026851280e-01 4.047950571140895848e-01 3.764191474818087690e-01 1.960278569728748921e-01 1.903039744921721510e-01
-1.450212232842539029e-01 -3.684163506363504204e-01 -4.353877902119190901e-01 1.150601033035081322e-01 -1.087086345704905976e-01 -1.891499248086298823e-01 3.953743682834065520e-02 -6.343684085436598896e-02 6.962681190074137064e-03 -1.388705474346219604e-01 1.330091013031854397e-01 1.540686020458057470e-01 5.676261059312488477e-01 1.000000000000000000e+00 7.883493687827239915e-01 -4.117122377739053374e-02 4.662300386210544434e-01 6.338227226863938357e-01 6.050586219935516485e-01 5.324217329268927656e-01 7.886963766950146892e-01 3.465906913268725908e-01 7.741139918032456935e-01 3.141107513091139780e-01 1.553386153292635012e-02 7.419193117127675929e-02 3.488691891253532518e-01 4.198729801391901661e-01 4.185181735400643199e-01 6.498005150898543691e-01 8.169715360624048295e-02 1.087292021032964656e-01 2.354368878958768008e-01 5.815279395794785700e-01 2.034655259990726939e-01 9.749558770430424848e-02 1.322822593117286283e-01 1.505654983110707446e-01 1.535903261391665664e-01 -7.732747839856195238e-02 3.902166997482492961e-01 -1.215626248930259390e-01 1.418301814958426721e-01 3.638759148187852704e-02 6.941272715662430426e-02 4.041190736267822325e-01 6.371606635147019082e-01 4.492494473743443018e-01 5.916413105146058060e-02 1.800594565669005331e-01 2.193567444322968574e-01 -2.311002926784631595e-01 1.000586454836930733e-01 1.572813660255062973e-01 -2.598812232495991137e-01 -4.273458112674793918e-02 1.101161681775649909e-01 3.653247048535260277e-02 -2.598520751640795989e-01 1.325716144893980264e-01 -7.803425629296689703e-02 2.731741359618130582e-01 5.566906791680892308e-01 7.201827293078875147e-01 7.253601466208395854e-01 8.164546591315656743e-01 5.603351336882086281e-02 4.240954541318823212e-01 5.286331881739017025e-01 5.836081058028051993e-01 7.671669418504922788e-01 2.186905339451111763e-01 7.585482622514251316e-01 -8.134530674404127915e-02 7.435503458396272580e-02 -7.220873281344862560e-02 3.348196115296613873e-01 5.864213427454794125e-01 -9.340858252786828075e-02 8.395325803636573270e-02 3.153580065162341350e-01 1.586450691650601041e-01 -1.927149922497242984e-01 -7.235676991296068061e-02 2.163703032261871939e-01 5.126857092551675432e-01 -5.393471368792488591e-02 7.040900033010234760e-02 3.090901020311514480e-01 6.089626624533821253e-02 9.370672727728274198e-02 -3.368365246853358697e-01 -2.928881556012278287e-01 -1.406036390125641744e-01 -1.422638931153070441e-01 1.582518066327039119e-02 3.757639450738822773e-01 5.147149645426827291e-01 1.708998613885073792e-01 1.252412230673473625e-01
-5.368750988830887222e-02 -3.699342817696547048e-01 -3.499020759389347424e-01 1.710037054324290914e-02 -1.449683262457811261e-01 -2.001914177177814003e-01 6.148910221007260896e-02 -1.153154023053739041e-01 -4.778047372085579558e-02 -1.118831465492753884e-02 3.664895090380661941e-02 1.258960451044942863e-01 4.988673035963910873e-01 7.883493687827239915e-01 1.000000000000000000e+00 2.483561311666506247e-02 4.131059253646940377e-01 5.804195695687334178e-01 5.551550811124237317e-01 4.279764918298914478e-01 7.438769638977693610e-01 2.956879388456116753e-01 7.489073358920231849e-01 2.417781659868395161e-01 2.073667323641565641e-01 -8.742478194720723628e-02 3.021025904631089443e-01 3.865785726032183178e-01 4.453538168681615006e-01 6.667660231946089811e-01 1.701011333899312694e-01 1.181744085875809369e-01 2.090212790890936534e-01 5.163384071520044083e-01 1.490159858865323095e-01 1.315643877295753494e-01 1.913074656994061262e-01 1.800170731507196309e-01 1.732695341892628860e-01 3.215529655458971778e-03 2.673517912026175392e-01 -3.167314393795044730e-02 1.876352343305108181e-02 5.075586653714240365e-02 9.163948181852189789e-02 3.447396015633265587e-01 4.803307433277784755e-01 4.049018624352442308e-01 -4.883730465616151900e-02 2.631593052777024891e-02 2.408168626377314991e-01 -2.324580939373042665e-01 1.374912144120982727e-01 2.400454688732876415e-02 -2.600618829248459440e-01 -1.009407395236812804e-01 9.301413032734856534e-02 -1.231370083897960141e-02 -1.200469397952552975e-01 1.486352425878561534e-01 -6.130654707979025370e-02 2.620964191409794197e-01 5.619602592373297290e-01 7.059844218087543144e-01 7.185129640119208849e-01 8.619476564349954906e-01 1.385751852685134476e-02 4.587522275608861277e-01 4.918701846964730895e-01 5.819669650636555280e-01 7.827269184052304540e-01 1.551176672189194528e-01 7.691950566932717059e-01 -2.083834062689270475e-02 1.798709428546780564e-01 9.094627848912871515e-03 4.191299118603015184e-01 6.528830986376752410e-01 1.875628211648543153e-02 1.527931177772727800e-01 3.431613774932529282e-01 1.121490667252780238e-01 -1.359673993287421889e-01 -1.309475777105997829e-01 1.618764530232382204e-01 4.452391162217663734e-01 9.854681532257693333e-02 1.071773743709639876e-01 2.604716920760765109e-01 8.344926112568570864e-02 9.373636853118449963e-02 -2.912956276414401802e-01 -2.882941136056337839e-01 -1.413493611601560757e-02 -1.927981779283071406e-01 -2.284170155591137494e-02 2.900853103429584245e-01 4.840924279499770888e-01 7.289316795898709289e-02 -3.579883926061815796e-02
