1.000000000000000000e+00 1.811987164242238879e-01 5.846164927054724458e-01 -3.547852092480716091e-01 -3.427167540162597836e-01 3.184903500810661314e-01 1.743035930570797365e-01 1.338841786990993266e-01 6.234147182261228631e-02 1.580947371782352451e-01 2.009259140402999411e-01 6.638511133676082421e-02 1.444539018052377055e-01 -2.453936613597355043e-01 -3.144537981596975951e-01 2.751784597261030529e-01 1.189895788250875247e-01 -5.097618178855708310e-02 1.142162536699454708e-02 2.271966972136404417e-01 -4.399309052612406304e-03 4.803268899966877531e-02 -3.722001870514765609e-01 -3.072140560363274125e-02 1.775825222298123840e-01 2.014375932860269225e-01 -3.272934506908268260e-01 -1.930746951662886957e-01 1.298210663376021534e-01 -3.670926614771953811e-01 2.867934015508281573e-02 -1.834642743309031487e-01 -4.496273972352389237e-01 7.272104453685979131e-02 -1.114638571625087143e-01 -4.216397336407740407e-03 9.841402289679954465e-03 1.736852403061064365e-01 -1.518377587790245009e-01 1.248267858656357081e-02 8.873707933089708400e-02 3.512247091016217904e-01 1.459665714384668911e-01 -5.876041085777333056e-02 -1.568764089214612356e-02 -2.654356581764266698e-01 -3.835289979208779121e-01 -2.440087021894264130e-01 4.948853248804460647e-01 3.362008617625777407e-01 6.954841845969604863e-01 4.087646466519861965e-01 -3.687615258961223219e-01 -3.513261422818244051e-01 1.211817771774110625e-01 4.300750266296310964e-01 8.596651838573154958e-02 1.049978656189773894e-02 1.488363002990578665e-01 7.377154779359226811e-02 2.521460227549490729e-01 6.888945918948553848e-02 -1.432953730653754032e-01 -1.951160727554734908e-01 -2.632473508543044516e-01 -3.502414303092643011e-01 1.776241846717572792e-01 -2.211860889148300688e-02 9.826648478130295405e-02 1.281233434655212368e-02 -1.791369924002422231e-01 -1.516753749475770185e-01 -3.681647436746987023e-01 8.138796983351412329e-02 4.103996322117349493e-02 3.113132011154053358e-01 -1.370973946315093561e-01 -4.187985669375646758e-01 1.553341350994949348e-02 -2.936936910355242292e-01 4.562590823053862092e-03 7.454194688384509215e-02 1.176872172221544027e-01 -1.091331102539488812e-01 -2.962788003428380446e-01 -3.822043488955220725e-01 1.905968936529126370e-02 -2.853136356739606194e-01 5.673958503360023581e-02 2.010892004085117202e-01 -2.626440496167813388e-01 2.542965432638837897e-01 -1.160416271599447324e-01 2.997548623564109116e-01 2.811605336675425115e-01 1.512405238597858137e-01 -2.866443499478383283e-01 -2.635709314574556372e-01 4.283030036955540742e-01 3.513180730042022026e-01
1.811987164242238879e-01 1.000000000000000000e+00 6.534291152808686665e-01 3.434036072480479707e-01 4.707642854015375300e-01 5.172179122504703130e-01 4.795367912880098560e-01 7.902049516093999637e-01 5.801932676742139749e-01 -2.138910577105584410e-01 -3.536457665606847905e-02 -2.620400424181862972e-03 8.270846890323209355e-02 5.602923133600230116e-02 -1.202005243671451229e-01 6.078619217596640256e-01 2.764551997707864750e-01 6.221755089498314240e-01 2.969977526417705849e-01 1.810780157454004446e-01 2.829416860200558714e-01 1.214662286005549069e-01 1.501023480663526422e-01 5.512569776167486335e-03 -3.608633674136799835e-02 1.280504226574036009e-01 1.926688721764585263e-02 -3.240416800266286423e-01 6.307656456376394168e-03 -2.051268583454286532e-01 -1.987324794289417329e-01 -2.064921074081830787e-01 -2.004265382919095673e-01 3.821904902100841106e-01 1.266255310039615944e-01 -1.896006547428398178e-02 -2.927396339840615536e-01 -1.827969460413003955e-01 -3.075619205085740604e-01 7.501463577398441440e-02 -2.016444252709992946e-01 -1.398807620396446960e-01 -2.443737554285748195e-02 -4.311798231259669212e-01 -2.116303112615840198e-02 -2.055854486483389698e-01 -9.364394987159557759e-02 -7.902431006194522711e-02 2.352015797746523362e-01 -1.825202422780292655e-01 2.408438229693729560e-01 7.939918838526550671e-01 3.449717617170410255e-01 2.705713925494397376e-01 6.406198215685320330e-01 4.573319369397385592e-01 7.539261240406257558e-01 7.484860268264794669e-01 -2.436283815095401373e-01 -5.259537881332618930e-02 2.346580625319333660e-02 1.235764653594459972e-01 5.974740795944004368e-02 3.124139269488320284e-02 1.086688090734686807e-01 -1.699642863886128563e-01 3.605695824376615177e-01 2.018392547939629189e-01 1.826496351797789186e-01 6.127853894213712849e-01 2.037868993649058769e-01 2.785320270767414549e-02 1.132122743748360666e-01 9.337356353750629612e-02 7.711639259831935822e-02 -4.310758236220751244e-02 -2.118319524760700623e-02 -1.077413691061400308e-01 -1.958149815474316824e-01 -2.247702815680394373e-01 -1.152422041673924064e-01 -1.953072647164535436e-01 -7.308106864454586016e-02 9.385300016276978963e-02 -5.204846487323793597e-02 -3.237087604879706343e-02 -2.413780246758236991e-01 -2.588953283034717834e-01 8.976727536972463339e-03 -2.419711717949207530e-01 -3.328828126060264792e-01 1.476614008377880906e-02 -1.687197311974582559e-01 -9.486181676192421974e-02 -9.083749597562745803e-02 -2.058323187133467291e-01 -1.461500391709438795e-01 -1.484138085231171966e-01 2.892654159725485119e-01 -1.192389553384356760e-01
5.846164927054724458e-01 6.534291152808686665e-01 1.000000000000000000e+00 -1.583960222715684041e-01 3.704327844420084864e-02 6.578161887377089734e-01 3.654133337155823780e-01 5.568946456054935101e-01 5.708580920356320920e-01 -1.448556612279600087e-02 5.058881127077119455e-02 -6.162454693866908223e-02 6.735746713231137439e-02 -1.599099412061765757e-01 -3.589335122306501757e-01 5.339591389940322452e-01 2.907247654428562478e-01 3.524016385586896671e-01 2.575812456735618872e-01 2.778120681688416305e-01 2.510675176359354888e-01 1.757403164639411985e-01 -1.641648007444297397e-01 2.147203617777363426e-03 1.141509525347161741e-01 1.431064002932990742e-01 -2.150023995766829621e-01 -4.139036989111907205e-01 7.931849958300443704e-02 -4.198535276485393375e-01 -1.519098803496492511e-01 -3.032883881198150111e-01 -4.426002121535515532e-01 3.449411456425521272e-01 1.379954823776882548e-02 -1.309381616745504129e-01 -1.906040229032498756e-01 3.682684614572968168e-02 -2.947630176230999766e-01 5.082888294469074808e-02 -8.903792327009042717e-02 8.911153272870844799e-02 8.863409149135428877e-02 -3.920321580446842202e-01 -7.216838941080043479e-02 -3.310259252609170089e-01 -3.116284387165956793e-01 -2.333227049336443204e-01 4.001837979308981996e-01 5.872968523294340437e-02 5.650084601041250876e-01 8.056276915540849792e-01 -9.615056622573903145e-02 -2.149701422370877968e-01 5.608351287594172119e-01 6.880749075824093008e-01 4.798732704681751837e-01 5.064107544527528537e-01 -5.240151322084198732e-02 -1.544255440133156243e-02 7.163731615669960417e-02 1.324204668239545302e-02 -1.402788839241934093e-01 -1.289899135146511944e-01 -1.045952422036599411e-01 -4.131656247107716173e-01 2.674078600121135296e-01 1.771536891527609736e-01 2.658728442410032144e-01 3.418441791832891874e-01 -6.142941188026532218e-02 -7.684156781444796691e-02 -2.245767982293402909e-01 7.464479564549376944e-02 5.723907707048195292e-02 8.825629014775483727e-02 -1.692242910948677515e-01 -4.245885843755578537e-01 -1.842878504810471219e-01 -3.701126586698914034e-01 -1.343477724543292451e-01 -1.235184066919275125e-01 4.121941079789934181e-02 -3.776372919409240470e-02 -2.586566414258209545e-01 -3.207450229584336010e-01 -1.900044424419219669e-01 -3.862917566807620440e-01 -7.215336819988832362e-02 -8.999868543154281031e-02 -3.620548757733750289e-01 2.553139952362532550e-01 -1.787058413908654830e-01 8.501657395263739758e-02 9.347672718077257303e-02 -1.783175983438295420e-01 -3.486366662282387452e-01 -3.008118105333897341e-01 4.143001734856269769e-01 6.214119042475047677e-02
-3.547852092480716091e-01 3.434036072480479707e-01 -1.583960222715684041e-01 1.000000000000000000e+00 6.348508532322825193e-01 -1.708838610045128881e-01 6.742707410355845699e-02 3.089177362368951685e-01 4.461053596952335026e-02 -3.386234085456410470e-01 -2.231292746079180100e-01 -3.450504483483955026e-02 -1.771539640452601816e-02 2.637673558777096638e-01 2.537606404129343352e-01 2.120161694529990593e-01 6.216487956667823139e-02 4.426532637273587478e-01 8.633763195344321129e-02 -1.058324191719696994e-01 4.792314943753157169e-02 6.147730786784991013e-03 3.902399814948972478e-01 -5.658751071510265823e-02 -2.581080755574879371e-01 -8.384140107525761554e-02 2.478692270488659921e-01 -4.009426532070340873e-03 -1.541629408951613323e-01 2.697007188487717810e-01 -8.132853037266395482e-03 2.969657269885060402e-01 4.351372007242005346e-01 1.355736849923002696e-01 1.384950473574406982e-01 9.719266070997384377e-02 -2.380050218098578585e-01 -1.896180771965353673e-01 -6.115749576846482571e-02 -4.743892457333304807e-02 -1.716515186841117147e-01 -3.437866331581703183e-01 -1.909787554984230806e-01 -9.198369899892455681e-02 -2.908561706527133806e-02 1.568283712656027840e-01 2.909146574060736956e-01 1.346540229138677436e-01 -1.976664399619669776e-01 -3.066227551629678305e-01 -3.035356485924471381e-01 1.017199032231528993e-01 6.896107738656882535e-01 8.190391466408625254e-01 5.759407921939110886e-02 -2.207576949488834761e-01 4.357230462426524009e-01 2.171919781196354204e-01 -4.255016709228304772e-01 -1.599843741790566154e-01 -9.476412623844064631e-02 1.025723728303905014e-01 1.249700870482399195e-01 1.366220283150971215e-01 2.225825889693313075e-01 2.588183029878515784e-01 8.058532170149844409e-02 9.385188467024403736e-02 -1.237819439812003902e-02 4.542171465252773932e-01 2.998361288171467742e-01 1.718844740730817444e-01 3.717794230945653533e-01 -1.299327166976795012e-01 -3.527081887216037669e-03 -1.656561576631549737e-01 1.157087924911579940e-01 3.674764791634637651e-01 3.804993582047674211e-02 3.667736735353105404e-01 -6.845225278615180153e-02 -9.474125070323934084e-02 -2.760883140103788103e-01 1.068450250437948668e-01 1.890037518027199992e-01 3.653103042972845604e-01 -1.621626300378355146e-01 4.175592658685692987e-02 1.074261930824772643e-01 -2.942423426531234898e-01 6.021166526332291657e-02 -3.709459339967831060e-01 -8.169801673565255107e-02 -3.463074067073607654e-01 -2.179266177654878567e-01 -2.151735550794007037e-02 2.619196105265118035e-01 1.016452589437693982e-01 -1.676573675650973039e-01 -2.710812163206820502e-01
-3.427167540162597836e-01 4.707642854015375300e-01 3.704327844420084864e-02 6.348508532322825193e-01 1.000000000000000000e+00 2.341309454723254635e-01 1.067115352297876851e-01 4.016427946567046048e-01 3.008320634281613226e-01 -3.439566981342341290e-01 -1.796327407427760481e-01 -7.276113547754811672e-02 -8.529558889194491234e-02 1.700755888243857539e-01 1.242118752434288181e-01 2.222743499564562852e-01 1.127324576156122499e-02 3.961561178854383081e-01 4.179787019567278439e-02 -3.388446386511998615e-02 8.155046759660998512e-02 1.179086168320439727e-02 3.484215439619556820e-01 -9.741104539845275856e-02 -1.295524878519492273e-01 -8.521183435814597140e-02 2.169550589611385083e-01 -1.791924420103454402e-02 -9.640742202055950505e-02 8.519678780616928016e-02 -1.099508517241915700e-01 9.036754430543553207e-02 2.841995856400545972e-01 1.848300639635100662e-01 1.791578799292043722e-01 6.346490181431309330e-02 -7.479045028306102738e-02 -2.406905742547470195e-01 -3.670875712702727917e-02 -2.177271735506077291e-02 -1.032670672680177093e-01 -4.058627522713517677e-01 -1.120263589398203252e-01 -1.994059056921584638e-01 7.273370990352912013e-02 7.466795510791587875e-02 2.328118928201713955e-01 1.326243359496398766e-01 -1.477251134279150557e-01 -3.077276814876200306e-01 -2.821817375847370246e-01 2.225030859834314367e-01 5.212702603233232423e-01 6.576475054458967850e-01 5.299006697314900816e-01 -1.896680425588971944e-02 3.921544182392856515e-01 4.984671009236181782e-01 -3.328269709895934625e-01 -1.112325528360586235e-01 -1.582483808277057868e-01 -1.306734369601059501e-02 1.120980715071557415e-01 9.120171295370194109e-02 1.233112270010814637e-01 1.358509654324523142e-01 9.778510857344450968e-02 -1.651638218686157442e-02 2.093034907463298469e-02 3.931892464664677456e-01 1.863360671237878075e-01 8.972382656720245819e-02 3.210199951069917512e-01 -3.248704529963628712e-02 -4.531239782021940360e-02 -2.386164069914744057e-01 9.902156317001023500e-02 2.410012304210774614e-01 -7.538137705834735414e-02 1.613349701535870540e-01 -2.268554210736109522e-02 -6.338670313346654595e-02 -1.179091784906910606e-01 9.566449472926928654e-02 1.588942997911424460e-01 2.690696203332170189e-01 -3.823575881660613851e-02 5.192954604519785938e-02 6.684658772502982682e-02 -2.099585419407349884e-01 5.452231447575273809e-03 -2.218237728068837566e-01 -6.866638284543616355e-02 -3.133932555819021748e-01 -2.341691343242849888e-01 -1.007592244053274189e-01 1.878827341828796793e-01 5.084835218553187403e-02 -9.817962094035226350e-02 -2.563144361720233189e-01
3.184903500810661314e-01 5.172179122504703130e-01 6.578161887377089734e-01 -1.708838610045128881e-01 2.341309454723254635e-01 1.000000000000000000e+00 5.101794974905979885e-01 5.640859862273227554e-01 6.816241025220873828e-01 -2.116243848052739782e-02 1.854369772310027753e-01 1.043107745469392944e-01 1.428175173688998878e-01 8.292819217631404449e-02 -9.259985669092374305e-02 3.153795538352325289e-01 2.916879267774552531e-01 3.140261755918381525e-01 3.063094468993218800e-01 3.482708588915387482e-01 3.300333580286285984e-01 2.739535338751545868e-01 1.134847927845215321e-01 1.552932578452327628e-01 1.610850880949915853e-01 2.544052006397323762e-01 7.474860373424990767e-02 -1.848975659176289310e-01 2.279727221763196143e-01 -2.686405121041959276e-01 -3.448498652758713590e-01 -4.194455258633428274e-01 -4.208194700434004232e-01 3.112470928129634218e-01 2.797951621859607885e-01 1.463639859336615112e-01 4.673462010831822694e-02 -8.953364775995609204e-02 3.069683817107319787e-02 3.578260615725297189e-01 1.635619957710102157e-01 1.160911710409794073e-01 3.316913917735659356e-01 -2.677740822034426760e-01 1.659325853297016207e-01 -1.952442309375252219e-02 1.850809006483987093e-02 4.535894309290980364e-02 5.632953243091780582e-01 1.203833406331804440e-01 2.717569357460194457e-01 6.240258410441509307e-01 -1.176755003627686785e-01 -1.419251589262230939e-01 7.692298174620082474e-01 7.960362362168894590e-01 4.113520393074749371e-01 6.477142322700926158e-01 -1.230271115391287119e-02 1.709773086065573544e-01 1.522184609243694975e-01 9.921940853234149926e-02 1.381508871609379574e-01 9.544371793115388747e-02 9.722206890027219883e-02 -1.337924956427306300e-01 4.158483407299978785e-01 2.424330376959020761e-01 1.995714285250888564e-01 2.772449674433504763e-01 9.952010389984301819e-02 1.010973731595846414e-01 5.669580875229290884e-02 2.980259072359737194e-01 1.830920221643002332e-01 1.293178270880038505e-01 1.596516806993944493e-02 -1.559389827143049523e-01 -3.963933737436945992e-01 -4.085515232384354101e-01 7.957016262214844371e-02 6.050405629839282311e-03 2.167395858598693270e-01 1.823065769125312430e-01 -2.192953358094898442e-03 -6.995602316224124040e-02 1.444166190762082719e-02 -8.313051144400000758e-02 2.016295069157163777e-01 1.244887496105440972e-01 -3.296020760527648696e-01 3.571710325121978946e-01 1.209999473736608072e-01 1.657405424507307767e-01 1.586349396516857913e-01 -7.015133349382823846e-02 -3.073392813402646417e-02 -4.017764679099141562e-02 5.648252458885132388e-01 1.044519112860631954e-01
1.743035930570797365e-01 4.795367912880098560e-01 3.654133337155823780e-01 6.742707410355845699e-02 1.067115352297876851e-01 5.101794974905979885e-01 1.000000000000000000e+00 6.319754459163181570e-01 4.437585176013627009e-01 1.086222299085119920e-02 2.182214366503122394e-01 1.715567974813579366e-01 2.487916869910983264e-01 1.060238486833375432e-01 -5.375989442557116416e-02 3.422399740037850857e-01 2.763796318920512807e-01 3.333578412617401732e-01 2.284799932787265064e-01 3.537968302587656266e-01 2.155094297332984521e-01 2.823616123199654271e-01 1.620360352168329354e-01 2.540721552466090327e-01 2.644396268017582541e-01 2.583035763662016038e-01 1.204764975673434518e-01 -1.474684104419665132e-01 2.224955777337610519e-01 -1.121413836342362857e-01 -2.703510689074594131e-01 -3.417905279054184176e-01 -4.401430326115048364e-01 2.495032178854709182e-01 3.010129697359252843e-01 1.494316150377139052e-01 -4.171047811561070379e-02 -5.948085617024963939e-02 5.086924184673045912e-02 5.880870138806048031e-01 1.006447223852393463e-01 9.743700698922057313e-02 2.180212708530645249e-01 -3.393193127834122635e-01 8.098209959479170383e-02 -2.731917182607150954e-02 4.099242742403545747e-02 5.967400761790295216e-02 5.327424299057690327e-01 -3.667226651245115293e-02 1.949614452123032138e-01 5.051773650565287710e-01 4.408680414023139621e-02 4.751221234873106297e-02 4.222049016733954718e-01 4.844761330324766635e-01 5.909708211217280516e-01 5.025822588091068965e-01 1.740654766456756555e-02 1.689755753178579234e-01 1.654504729249944295e-01 2.356751792016476277e-01 2.346616358966297222e-01 1.100223300737375592e-01 7.308144444280215146e-02 -8.870955374730413179e-02 7.233923549203130632e-01 2.090012034845775968e-01 1.285741420023585324e-01 3.648890810179869493e-01 2.124990142544345151e-01 2.209861625406140950e-01 1.966191939914971043e-01 4.841577603943233998e-01 2.131129403843173564e-01 5.978351184539731911e-02 8.207126399940356531e-02 -2.496312331739581475e-02 -3.119280955717820270e-01 -3.278725828463720515e-01 8.526165123438086968e-02 -8.270754698338919630e-02 7.450817137131227064e-02 2.808470133294821425e-01 6.164962360699514227e-02 1.122219172860084851e-01 -1.385043888550401003e-02 -1.251078704296949284e-01 2.403790844444657071e-01 1.046665164181644764e-01 -3.170670203335367310e-01 4.088583858741127175e-01 2.673714485239186978e-01 1.379819558292487980e-01 4.966372038048465914e-02 -3.648145333467577023e-02 1.142180184351513153e-02 3.004582379199852507e-02 5.756131671034844244e-01 5.682414892293966013e-02
1.338841786990993266e-01 7.902049516093999637e-01 5.568946456054935101e-01 3.089177362368951685e-01 4.016427946567046048e-01 5.640859862273227554e-01 6.319754459163181570e-01 1.000000000000000000e+00 6.332139849205433713e-01 -1.404660601722476365e-01 1.548301328499111507e-01 1.360336285041441329e-01 2.390751728380630103e-01 1.961395779094704250e-01 2.377068165210743239e-02 5.093987968300018876e-01 4.629182703882496197e-01 7.420495262300763617e-01 4.613140448338261534e-01 2.697500517496551065e-01 4.436869671594668163e-01 3.431412823487126063e-01 2.755281541121033517e-01 1.331314031997266889e-01 1.116322396608757511e-01 2.453662655679426929e-01 1.174312732745092930e-01 -2.584919690993472408e-01 1.614322927723858547e-01 -1.110970869422304858e-01 -2.591086605833717305e-01 -3.200558041531249565e-01 -3.276620999170212212e-01 4.870291857424264292e-01 3.270533185669820542e-01 3.428159645691335189e-02 -2.148523677970640144e-01 -2.145611660312646829e-01 -1.880749630686413265e-01 2.392141750500003383e-01 -1.098907234750992196e-01 -2.387021827620370087e-02 1.490165693712060258e-01 -4.057210575760969995e-01 4.521338658863973542e-02 -7.195304859162861277e-02 4.686710495629809597e-02 2.564093490167184547e-02 3.708549074854985972e-01 -1.197603756791524726e-01 1.744153727256482767e-01 7.476961085247262329e-01 2.587806025819946454e-01 2.018935103938402642e-01 6.184717362434433152e-01 4.919133695402893025e-01 8.686747921176342091e-01 7.980082209235058732e-01 -2.006013716338073960e-01 9.952215415496101780e-02 1.450421270507270821e-01 2.618963334737288706e-01 1.888703190426638534e-01 1.288640221819463139e-01 2.530599497791261587e-01 -6.249625364071538514e-02 4.534241639620577580e-01 4.140914335099799559e-01 3.260584326559394786e-01 7.345842587483576436e-01 3.577918518203476728e-01 2.543519901565892138e-01 2.480995474709295490e-01 1.600713034212333796e-01 2.364200694412839088e-01 5.816054571613556157e-02 8.434756491443351489e-02 -2.405051845276755251e-02 -3.162185512347867600e-01 -3.323671293703538976e-01 -3.261517452454894966e-02 -1.649634959785424015e-01 1.745605446221082033e-02 2.909686899866957277e-01 4.352975297429696744e-02 1.109542924323784208e-01 -1.542435357948551133e-01 -1.775622233361088265e-01 8.543025662467211567e-02 -1.792663482073237058e-01 -3.934995153097415876e-01 1.771196947049272219e-01 -5.656853550302722022e-02 3.666262656570129508e-02 6.268573222166796965e-02 -1.544854007042427146e-01 -2.856593295318646600e-02 -4.837336115710864914e-02 4.134539556126322069e-01 -6.120672145745812559e-02
6.234147182261228631e-02 5.801932676742139749e-01 5.708580920356320920e-01 4.461053596952335026e-02 3.008320634281613226e-01 6.816241025220873828e-01 4.437585176013627009e-01 6.332139849205433713e-01 1.000000000000000000e+00 -3.989197053908102863e-02 -8.477062122873186070e-03 -1.397275791661109490e-01 -1.828628492629681690e-02 -4.823002798154657489e-02 -2.105809660973321229e-01 4.394917405115679188e-01 2.093698041025625067e-01 4.597792394540768379e-01 2.883565079059871583e-01 3.436767117654260240e-01 3.424387952133404744e-01 1.532625860746402724e-01 7.070793619740595171e-02 4.570964962986080043e-02 1.245977460935059344e-01 -1.897639918532470146e-02 -4.683786037933609925e-02 -3.370101353521677834e-01 6.054077014695354725e-02 -2.431468755194323705e-01 -1.150418895772199190e-01 -2.206757247856900583e-01 -1.402105910664947774e-01 3.840043278370242064e-01 1.111035357559022885e-01 -3.359485428098801102e-02 -1.015860996237331337e-01 6.173295378832351077e-02 -1.382447486391084057e-01 1.484499334091135825e-01 3.681566219559034153e-02 -1.493296833516439548e-01 3.758442720659994907e-02 -3.776944859374935515e-01 -1.376759791703056068e-01 -1.159598671200489789e-01 -7.211471664009792837e-02 5.495369080801339526e-03 3.056686835637380528e-01 3.650683067704683232e-02 2.513361972376607079e-01 6.090974386911726102e-01 1.648543270865893695e-01 -5.150708360309761563e-02 6.410510909762432430e-01 6.105892136078164834e-01 5.442427445735132929e-01 6.932831521028939292e-01 -1.161363823465488276e-01 3.230615515021116602e-02 -9.541296209013289120e-02 -3.717111781511946156e-02 -9.019575613639316258e-02 -6.668481381953368647e-02 -4.640484571539477479e-03 -2.645575909337877230e-01 3.910109352335164323e-01 2.052854790059415180e-01 2.055768122285584476e-01 4.091462781052160325e-01 5.823320107544151247e-02 1.970096319476028618e-02 -1.860914394030146329e-02 1.042661554740021007e-01 -2.801006689838662911e-02 -1.587786653093659073e-01 -1.282188978533213009e-01 -2.149092734926339732e-01 -2.316455432216279198e-01 -2.047705194884078539e-01 -2.111577952094216559e-01 -6.932040591518695560e-02 -6.769033175015894133e-02 1.918027310995934834e-02 -1.226252960243357781e-01 -1.291406031762168949e-01 -1.586645746431019077e-01 -2.303290542818808850e-01 4.578106321422396874e-02 -8.066288008874501758e-02 -1.622004814697068642e-01 2.922075425564905071e-01 -9.718465283139603172e-02 1.141149387906451040e-02 -9.865657545760322944e-02 -2.154632273142891019e-01 -1.398558646275112616e-01 -9.073648534117986775e-02 4.036843479108888078e-01 1.904681291466141582e-02
1.580947371782352451e-01 -2.138910577105584410e-01 -1.448556612279600087e-02 -3.386234085456410470e-01 -3.439566981342341290e-01 -2.116243848052739782e-02 1.086222299085119920e-02 -1.404660601722476365e-01 -3.989197053908102863e-02 1.000000000000000000e+00 4.821222558909069034e-01 3.668147466266251100e-01 1.610751230633738762e-01 -1.257902557659620613e-01 -2.252628992761250004e-01 3.053928269742210364e-03 1.329258911986231084e-01 -2.286642691842799280e-01 -2.535238116799975322e-02 4.898327056191927736e-02 -1.206127222280081873e-01 5.558852284654308695e-02 -2.485624810375578475e-01 3.857051047835590163e-01 4.578617067212201741e-01 1.210635671531046925e-01 -2.367345810188672683e-01 -6.699062383103236706e-02 1.054109772380631693e-01 -2.678206612974180501e-01 2.174397316659149315e-01 6.388449402057723436e-02 -2.289308052044691510e-01 -2.423618394083124766e-02 -1.270772518643153715e-01 -2.736757220504794086e-01 7.748816121743393182e-02 5.214116239397483810e-01 2.310473471329619888e-01 2.618500778551522412e-01 1.152251678231643733e-01 3.039358780263026749e-01 1.034941814076896088e-01 -8.102077549461275674e-02 -1.499994843842640535e-01 -1.529190456229663764e-01 -2.693836437989741706e-01 -3.046654742521280879e-01 6.019855412715237331e-02 2.106859292898519420e-01 2.362508620396064629e-01 -1.123071965734082217e-01 -2.442321657323327788e-01 -3.711207424467125038e-01 -1.743754147049940695e-01 1.252598167864383272e-01 -1.446091371386247215e-01 -1.975185954823909795e-01 7.066504288600592432e-01 4.229875313944380655e-01 3.290289798676792610e-01 9.772122688400536328e-02 -1.920010048055447588e-02 -1.854210165163117444e-02 -1.827179599166626756e-01 -1.831611011685070067e-01 7.324307335312414680e-02 4.949260513437827441e-02 6.457903696839560614e-02 -2.237856891598629105e-01 -2.621682341815346207e-01 -7.005121204619005337e-02 -2.493880938883158149e-01 3.107546673626438438e-01 2.555270532300218944e-01 1.995200720213172740e-01 -8.618688012862728287e-02 -2.435647598146129245e-01 1.722943337384102436e-01 -6.921885037575793709e-02 -3.671012874886882965e-02 -1.086068786451008378e-01 -3.197460562346932100e-02 -1.525105263450326487e-01 -1.304062183017846432e-01 -3.096333614130194478e-01 3.194755591746818724e-02 -1.389767315449030594e-01 -1.789147658720599832e-01 2.136824370520129523e-01 -3.811770721852806437e-02 4.895216431702789084e-01 2.777209962717567815e-01 2.985935813719293175e-01 4.460934889932791775e-02 7.607410365853876921e-02 -1.921949953239863174e-01 -2.490636730688497447e-01 1.106144487167042834e-01 1.885887908677849611e-01
2.009259140402999411e-01 -3.536457665606847905e-02 5.058881127077119455e-02 -2.231292746079180100e-01 -1.796327407427760481e-01 1.854369772310027753e-01 2.182214366503122394e-01 1.548301328499111507e-01 -8.477062122873186070e-03 4.821222558909069034e-01 1.000000000000000000e+00 7.191814468498477497e-01 5.076974776318308180e-01 3.110584705157021790e-01 2.198375062457188778e-01 1.197864204491081233e-02 4.216997924840628076e-01 7.339004539194780852e-02 2.947510837966874631e-01 5.935503554379175511e-02 1.738910511393465252e-01 3.112327938692796558e-01 1.580945805441799357e-01 4.720074041800561004e-01 4.654301664405395278e-01 5.711988947342676592e-01 1.400129551408782480e-02 4.755311166477536183e-02 3.580321079891197744e-01 -5.833349870705987171e-03 -1.443083079332567187e-01 -1.783606456178949695e-01 -4.538523491779034580e-01 1.293632083688671663e-01 2.083416630685751003e-01 6.379874695109055693e-02 1.893017685648027970e-01 1.340578943689379465e-01 2.843431849243304721e-01 3.656754722428000037e-01 2.347719361749124323e-01 3.426024630546078975e-01 3.782006028280590071e-01 -4.960080893602283880e-02 4.502110006050728114e-02 1.090099677179777043e-01 7.288980842861851606e-02 -5.375978533230488937e-02 3.307801412898978555e-01 2.151625460912529320e-01 9.294454320735885677e-02 3.980046808306708650e-02 -2.847866169910843737e-01 -2.496254594080575540e-01 6.303470598801834412e-02 2.065400053920818935e-01 9.891421466090824510e-02 6.944052145398535436e-02 4.870124868975975740e-01 7.199771183696163090e-01 6.486650302891053821e-01 4.882066720600621301e-01 3.813041048814870826e-01 3.923121010791131846e-01 2.422725396084864091e-01 2.291736382519256043e-01 1.459907272682989532e-01 3.514089332067584226e-01 2.277906552651920435e-01 7.059303096349864304e-02 1.923311472278529943e-01 2.323850629536724222e-01 1.932980204742569263e-01 3.391597906906708149e-01 5.590850498289149373e-01 5.532564971836665402e-01 2.446592726371056015e-01 8.004519136322281458e-02 -1.829934818716625333e-01 -2.261988332278188352e-01 2.920832991804629408e-01 3.192024156845239824e-02 1.731972450711807276e-01 1.667153871624698358e-01 7.618844057779708412e-02 1.791267785932497067e-02 2.096582832585139611e-01 3.117539409072500947e-02 7.673821294216454092e-02 3.385683630669360511e-01 -3.100529997846839247e-01 4.702665510064203414e-01 3.459241606760968812e-01 2.797319514093157822e-01 3.552530182164624351e-01 1.689290492181588221e-01 1.206327195083339576e-01 -3.086847497912504831e-02 2.957116871151381776e-01 2.410105002356701387e-01
6.638511133676082421e-02 -2.620400424181862972e-03 -6.162454693866908223e-02 -3.450504483483955026e-02 -7.276113547754811672e-02 1.043107745469392944e-01 1.715567974813579366e-01 1.360336285041441329e-01 -1.397275791661109490e-01 3.668147466266251100e-01 7.191814468498477497e-01 1.000000000000000000e+00 5.629646953594081848e-01 5.074377983823148419e-01 4.218429758270590413e-01 -4.703593226713255471e-02 4.514309483660993161e-01 1.794963572093718762e-01 3.297192031225351094e-01 4.880648280417364260e-02 2.153968209469723227e-01 3.358605302858692632e-01 3.860751713580581890e-01 6.065958139545986061e-01 1.837725211954397142e-01 6.631836707670674125e-01 2.526927508212950535e-01 2.444686040758388135e-01 3.936357961758877311e-01 1.460513063109198095e-01 -2.625266918214378964e-01 -8.767493809831093665e-02 -3.168855198610614488e-01 1.795583668799797805e-01 3.443542366759799744e-01 3.150814355208773065e-01 1.275826808216537489e-01 -3.679931098181727506e-02 3.074653652296772122e-01 4.570907447722324934e-01 2.541178598704642022e-01 3.340461470169278080e-01 4.241494407463436978e-01 5.024660155138865186e-02 2.566125290251728419e-01 2.418829292222778315e-01 2.892513652700733906e-01 8.372010319533287892e-02 2.607355654511390730e-01 1.280702589848684847e-01 -8.357766523645901446e-02 1.347639897685613472e-02 -1.092817697495711698e-01 -4.424265939403131814e-02 3.365855959287483712e-02 1.523880040298798699e-01 1.159098437395624653e-01 1.172153052734593581e-01 4.023706586659887008e-01 7.693083631207781048e-01 7.669969612472898879e-01 5.748949081209498990e-01 5.665583954118846854e-01 5.721115289232349133e-01 4.628368627935078305e-01 4.512233054494511619e-01 1.925571130773156003e-01 4.393602595560860968e-01 1.437420004326846745e-01 1.235018590184320808e-01 3.261937900155187919e-01 3.349482355055100058e-01 4.003488650691086059e-01 4.632975656869329772e-01 7.215676217363754530e-01 5.808390620683929750e-01 4.193012832279111035e-01 3.469431997936894829e-01 -2.436515491791341470e-01 -1.329591474164190656e-01 4.251586344517180316e-01 7.079674754867777697e-02 1.748218976734011998e-01 3.018867453036653825e-01 2.433046241509100316e-01 2.287094797080368724e-01 1.937018137442837185e-01 2.091241118484207517e-01 2.695924582880239728e-01 2.960474949988242122e-01 -3.114836961494373280e-01 2.458502910286197718e-01 4.471321422420044822e-01 2.428680493085719205e-01 2.952153374685670961e-01 1.739248758753566826e-01 3.163149061985777166e-01 1.146968743852126993e-01 2.368740063393501016e-01 9.705345965747450010e-02
1.444539018052377055e-01 8.270846890323209355e-02 6.735746713231137439e-02 -1.771539640452601816e-02 -8.529558889194491234e-02 1.428175173688998878e-01 2.487916869910983264e-01 2.390751728380630103e-01 -1.828628492629681690e-02 1.610751230633738762e-01 5.076974776318308180e-01 5.629646953594081848e-01 1.000000000000000000e+00 5.465376521311919866e-01 4.103520716601755103e-01 -1.245653520036431490e-02 6.289602428618464858e-01 2.340283246945605578e-01 5.613836762237972566e-01 2.461285707168484327e-01 4.227117995174551335e-01 6.490911582172017580e-01 3.537064653215515886e-01 3.258351901306965615e-01 8.154888356395953442e-02 6.228485752196533110e-01 2.220654764299795081e-01 1.034369307871925714e-01 5.514332212768258135e-01 1.853958341547394528e-01 -2.405900099817373239e-01 -1.340614178134504619e-01 -3.101241222341341031e-01 3.451360855094349200e-01 5.501367681249613728e-01 1.514344234463892158e-01 -1.631065356212775541e-02 -6.706686308379626593e-02 1.822329420142546619e-01 3.100768945319811731e-01 1.883642346409198642e-01 2.074370978451797742e-01 4.524828664893632557e-01 -6.724713957165853739e-02 2.571533728039971378e-01 1.642722470146938951e-01 3.424416225312748585e-01 1.791127761091232118e-01 3.142768402891113477e-01 6.766481211299629761e-02 2.716124061054482619e-02 1.433496780908050383e-01 -1.812040991555331493e-01 -9.736281763469180339e-02 3.711270465900869120e-02 2.581963053683239973e-01 1.945317077780197856e-01 1.415319921398222325e-01 8.815349379977815980e-02 4.931806437887273353e-01 6.556221836376873169e-01 8.467280649773587520e-01 5.632449006172621786e-01 4.946986443400901989e-01 4.538355431170109089e-01 3.726894358688618292e-01 2.171852402140881100e-01 5.758188092349060261e-01 3.703517519689223936e-01 2.334908807476900050e-01 3.901740426738757317e-01 5.441526792362119114e-01 3.468971611041075653e-01 2.400128035350708455e-01 5.127619881970409965e-01 4.815990552588291229e-01 4.136485438147390892e-01 2.692306443474991595e-01 -2.334899097411338997e-01 -1.886195366599194012e-01 4.122722458550420743e-01 1.958271199039305077e-01 2.822762189221911799e-01 4.836471792677129455e-01 1.955773621481023961e-01 3.027462442169783219e-01 5.868279841133588332e-02 1.203200263448330753e-01 2.478548961928963568e-01 2.155578584387961294e-01 -3.848839546212497464e-01 1.463481912922127981e-01 3.555995656912904201e-01 1.640317915616623379e-01 3.488837677786271740e-01 2.082257622587241341e-01 2.715777848385805271e-01 2.011026208026542583e-01 3.344440946751208177e-01 7.821563809273927859e-02
-2.453936613597355043e-01 5.602923133600230116e-02 -1.599099412061765757e-01 2.637673558777096638e-01 1.700755888243857539e-01 8.292819217631404449e-02 1.060238486833375432e-01 1.961395779094704250e-01 -4.823002798154657489e-02 -1.257902557659620613e-01 3.110584705157021790e-01 5.074377983823148419e-01 5.465376521311919866e-01 1.000000000000000000e+00 8.021910722295757523e-01 -1.743150236509264650e-01 4.609533891844928011e-01 3.353931678428641039e-01 5.576308165575136755e-01 1.246710242509502936e-02 4.162291867907074172e-01 4.914675862200387213e-01 7.744399731478145421e-01 3.248200338216145622e-01 -1.392527709491109267e-01 4.723190784976502021e-01 6.055172885336644883e-01 2.535110680455595622e-01 3.432936985801217089e-01 5.260138076140481456e-01 -4.384881117101419590e-01 -7.698451845848125474e-02 -4.193886180425792504e-02 2.668996052528053720e-01 6.510000071088052342e-01 4.280724063518119848e-01 2.195513374537731710e-02 -3.525372342311863805e-01 2.762380975418664009e-01 3.012870728703200274e-01 1.570291077043265981e-01 -8.381401699379519704e-03 3.511289532728182894e-01 5.382602308059386553e-02 2.902014480488289694e-01 4.873123070036478599e-01 7.487317636697832235e-01 4.474191032570911664e-01 1.679412647282763071e-01 -9.916793549138992747e-02 -3.770595693052417596e-01 1.076711617035337222e-02 9.791603629663629682e-02 2.265436174901443167e-01 6.684045397294430257e-02 7.449084524667901053e-02 1.795750988750220156e-01 1.963150683798297602e-01 -9.433473766222437440e-02 4.022581700956185946e-01 4.030904639825893532e-01 5.633549311378462932e-01 7.024530579485412929e-01 7.804338885358174105e-01 7.644923161630537978e-01 7.842928345055885098e-01 9.423903931113573884e-02 5.299606886804285599e-01 1.559922175553618007e-01 2.572533042734557740e-01 6.064104293440514271e-01 5.412564719780630362e-01 7.049213725516503271e-01 1.601210492585089240e-01 4.582380006371060688e-01 3.072323859200938312e-01 5.182001621809664282e-01 6.252123651603593846e-01 -4.054776643850264706e-01 -3.922695780762554783e-03 4.039714546353905256e-01 1.920744123237063394e-01 1.920998080617739023e-01 5.459514198973494103e-01 4.453720393435476321e-01 6.490474912024662979e-01 1.181421478268551428e-01 3.399540238716699525e-01 3.704636768764843491e-01 6.529515996056560467e-02 -2.140417135714788865e-01 -7.254826652188217651e-02 3.958627921159732499e-01 -2.077272008101051226e-02 1.857746729422907472e-01 1.025150212076715722e-01 5.927106424998669354e-01 4.342697565443590646e-01 1.469077114019965991e-01 -1.257873843798259228e-01
-3.144537981596975951e-01 -1.202005243671451229e-01 -3.589335122306501757e-01 2.537606404129343352e-01 1.242118752434288181e-01 -9.259985669092374305e-02 -5.375989442557116416e-02 2.377068165210743239e-02 -2.105809660973321229e-01 -2.252628992761250004e-01 2.198375062457188778e-01 4.218429758270590413e-01 4.103520716601755103e-01 8.021910722295757523e-01 1.000000000000000000e+00 -3.251420376371421117e-01 2.537247260676425697e-01 2.040708277014573746e-01 3.427161842647346579e-01 -2.206220787880278436e-02 4.054692586144309496e-01 3.444699424586673553e-01 7.275090121078514604e-01 2.779564315255439455e-01 -2.093999928662734489e-01 3.820592630584253580e-01 6.750485186176643504e-01 4.810737017748470401e-01 3.685343701693240548e-01 6.905089911505785105e-01 -3.541586400962429271e-01 -2.969254009590635915e-02 9.527009992521236204e-02 7.348444413875888925e-02 5.275152939721523548e-01 4.597682346022925470e-01 9.715913238440147814e-02 -4.520695863309551754e-01 2.079176835489592035e-01 1.875541132721498250e-01 8.438876898324730591e-02 1.668229644832272540e-02 2.522660459747352868e-01 2.430422436879271508e-01 3.327079683537609300e-01 5.775940244799022683e-01 7.641596585683905207e-01 5.573152656634079438e-01 3.713779768458327218e-02 -1.446504359399402306e-01 -5.082103654128962145e-01 -1.968938546589451000e-01 7.396503861358841303e-02 2.269748010130578364e-01 -7.481975142240707144e-02 -1.357021519683972721e-01 1.923838703560055985e-02 5.863198868991432305e-02 -1.433300233640162902e-01 2.974598132733520250e-01 3.216928956565538456e-01 4.503856839214657737e-01 6.199164283800401298e-01 6.535529624483049638e-01 7.357422787070467818e-01 8.935186602727404059e-01 -6.753844688317590939e-02 3.727355240935606995e-01 6.556831557366127328e-02 1.412792978476591910e-01 6.994524809613691385e-01 5.365062623395675523e-01 7.202399240191831309e-01 8.721876143737450349e-02 3.846697848371356532e-01 3.156573659105305074e-01 5.975494032039635472e-01 7.733963228463572870e-01 -3.107159306128270959e-01 5.727537504096354842e-02 4.279036228017483179e-01 1.379420766227869022e-01 1.638613499510530036e-01 5.322154948369897109e-01 5.766118460625799802e-01 6.936164348341096186e-01 1.712328177976174259e-01 5.033839845839083171e-01 3.452273690173564558e-01 3.012610151771264941e-02 -1.215691621710824899e-01 -2.238439972566544367e-01 2.871214449755739029e-01 -5.389699959367086346e-02 1.944136377357605916e-01 1.214437484039120746e-01 6.527135155672351141e-01 5.521468645380424034e-01 -1.356067444849287824e-02 -1.733990288787475853e-01
