1.000000000000000000e+00 2.743012185560583793e-01 1.730163228503089345e-01 4.342655428549281084e-03 6.312579552769977120e-02 7.877713534469361900e-02 1.653987232525885032e-01 1.461271408805843719e-01 8.427076500321369068e-02 5.567494485970511664e-02 -2.020473283799651132e-01 -3.245421975576520679e-01 -6.430534370364390795e-02 4.495728572798578584e-03 2.564297867627912328e-02 4.014634692293606033e-01 7.117633355749539148e-03 6.083165713479666420e-02 -8.414716100769831231e-02 8.820273109945414580e-02 -3.359561822429530525e-02 -8.295291039267120581e-02 2.220007953432659789e-02 -1.030938667923399776e-01 -1.583083020999733193e-01 -3.461150592242128732e-01 -9.307538712075252851e-02 -7.526315620515008735e-03 -1.012499343274154556e-01 -1.012807352706274616e-01 1.630575835244435778e-01 -1.074417032779454301e-01 -1.282492560437972252e-02 -2.585043277440235987e-01 -1.354278013419971394e-01 -2.825458587509580011e-02 -1.510094444622943066e-01 1.732294936630828508e-01 2.098708970562819867e-02 -3.354000083706674268e-02 -2.253334430932844579e-01 1.247962935325233891e-01 -2.944563185028638008e-01 -1.621227421035219274e-01 -1.655051205359233668e-01 -1.167197412188334116e-01 -1.846594671371513119e-01 -1.808390216748718138e-01 8.048148257836509889e-02 -1.115848799794855462e-01 1.364798146221205266e-01 2.265879570204618332e-01 9.938050352161482970e-02 2.843626840105790282e-02 2.123179222197826566e-01 5.722953256383099541e-02 2.904546399218806974e-01 9.642862653346762070e-02 1.526739570780085431e-01 -3.903468881904662013e-01 -1.792145837974151446e-01 -2.648392772076840068e-02 3.646612738758049643e-02 9.816895014100959771e-02 5.231446865762739290e-02 -7.011153233973357185e-03 1.708850489361829761e-01 2.793336182067444190e-02 1.469983125568962157e-01 2.126453904295729225e-01 1.875029454710421539e-01 -1.292243513249388409e-01 4.215742947276916036e-02 1.316840471684172509e-01 2.215145614172982225e-02 4.596255887957868824e-02 -3.063502923050163973e-02 -5.055908760257288130e-03 -2.270766864003763777e-02 -1.374397217147043937e-01 2.688318544240799191e-01 -6.818229336415923547e-02 -2.926216055048727616e-02 4.286650515124120625e-02 -4.477647460471195773e-02 -2.143149496215649916e-02 -3.336109004885508961e-02 5.891293542576472170e-02 -4.067525528209224583e-02 8.191830396752936005e-02 -2.110586376586231216e-01 -1.584406308339492836e-02 3.090350997777495043e-02 4.528692527040711902e-01 -2.281457813688219510e-02 -1.044944793700960384e-01 -1.306258200881836584e-01 -1.332834772021105896e-01 7.005798841420314560e-02 -9.260454058280402634e-02
2.743012185560583793e-01 1.000000000000000000e+00 3.591789940410805571e-01 2.754941940482341645e-01 2.530870448873335787e-01 2.609387815839955826e-01 1.688335128394078954e-01 4.082593081876574326e-01 1.931834136489671838e-01 2.055134557930488048e-01 -3.685324233235526270e-02 -8.613699221328623146e-02 6.829916007248687006e-03 -9.169825836690458087e-02 -9.586200117474882876e-02 5.206762566694673744e-01 -1.023877494288438494e-01 1.927184369719824042e-01 -1.252478384846623938e-01 1.262278463700909348e-01 -8.821823825580724088e-02 -2.531565849267653281e-02 -2.598463464970920955e-02 -1.064446797262717098e-02 9.872114390504194148e-02 -4.526020232174340213e-02 -1.013871467343078897e-01 -9.393069999548442350e-02 9.743226851198013780e-03 -2.215270938680983515e-01 -1.705182526191824088e-01 -8.964090011174744022e-02 -4.679145703473519546e-02 -2.483565740519304565e-01 -1.012629811869382862e-01 -1.555230070626373862e-01 -2.930298996786888099e-01 1.380236304231911293e-01 -1.306490465457949279e-01 -4.540572209888603383e-02 -2.297525361218704376e-01 1.803116303129759929e-02 -1.727725219328138939e-01 -2.507921764253099872e-01 -2.543902372396795730e-01 -2.215795562847706901e-01 -2.624166893516020616e-01 -2.822555779357145966e-01 -6.353207226292127696e-02 -1.913046941907094178e-01 2.615313136135076211e-01 2.849349354164039672e-01 1.539822326734239522e-01 2.294374344434185059e-02 2.805311200188986831e-01 2.582013615554245023e-01 5.098772804759679200e-01 3.190559076214508072e-01 2.065983425352641289e-01 -1.080218747917446320e-01 -8.151126054412509425e-02 -1.633869840196309348e-02 8.810557761412568523e-02 1.180252210724728190e-01 -5.002931663600215101e-02 -1.222429636058115082e-01 1.610366996126736672e-01 -4.932942003514159679e-02 9.199381386682775608e-02 3.270148796146732928e-01 7.285486703210229675e-02 1.841927498065458468e-01 1.920872511933643945e-01 7.252814334155238685e-02 1.149166643347435263e-01 1.435619741892020240e-01 -1.230168078229097045e-02 -6.643446118807196099e-02 -7.463029109039637232e-02 -1.541241140164030521e-01 1.931024686205439489e-01 -3.568248150902914029e-02 1.026041949461693054e-01 1.957442541838828598e-01 -8.519125159900485522e-02 -5.657970850483164810e-02 -2.747322104833564982e-01 -6.803198957949165016e-02 -1.134469306456587639e-02 2.950106833697972997e-01 -1.274306041518027677e-01 1.984963174596461044e-01 -1.233537240493914108e-03 1.393594973187199104e-01 -9.856103544253052087e-03 -2.360893540124396617e-01 -2.663696931718347871e-01 -2.269658496203105780e-01 -9.326179840080364714e-02 -1.396382504386848855e-01
1.730163228503089345e-01 3.591789940410805571e-01 1.000000000000000000e+00 -2.018185313310066065e-01 1.348272653026861279e-01 5.608301895655708469e-01 4.043794276405019983e-01 3.750773869472739941e-01 3.842788075513581814e-01 1.917044357540355348e-01 8.933442891453743928e-02 9.458969812664817789e-02 2.185317466643482420e-01 -1.139218289132370165e-01 -1.035378995818704573e-01 3.190794091427169854e-01 6.221774481425267067e-02 4.033231823558807716e-01 -1.129969745902604551e-02 3.100184798685810539e-01 1.073753571011799024e-01 1.953096539524180053e-01 -7.127580770959793255e-02 -6.291546645705771434e-02 1.429616249760875812e-01 2.610465604941829276e-02 1.479923888181544911e-01 8.978918075076310415e-03 1.650875012022230970e-01 -1.740328801005665837e-01 -1.451847757807932238e-01 -3.734948544784859603e-01 -2.236429865285034513e-01 9.472895131430156268e-02 1.415287700358110745e-01 1.203226500077114736e-01 -7.082822501874731346e-04 -4.959386186054223072e-02 -1.722432332748229378e-01 1.225514798570611352e-01 1.109586677577776570e-01 8.609861158704673612e-02 1.476365164244624051e-01 -1.742820794693217268e-01 -9.003984014330225494e-02 8.636926427018565278e-02 3.293636995081261620e-02 -2.812842899664937460e-02 2.827175584188321711e-01 1.784957430687533764e-01 -1.004225185565584821e-01 -1.555839097768425480e-02 -2.576300782519664323e-01 -3.314494236201088739e-01 4.556467609871059921e-01 5.808719412417303607e-01 3.347783325113263819e-01 3.545120916853673476e-01 2.820017167641400979e-01 1.276758696636702273e-01 2.107554052885340368e-01 6.245672906836124277e-02 5.183724199197702054e-02 -1.013696015351031460e-01 -6.300575547425742162e-02 -1.201295729487803082e-01 3.378131633624204544e-01 1.016263369952510737e-01 8.134900067164051174e-02 3.795110117360825930e-01 1.761632818199499462e-01 2.356223462143555714e-01 2.180675106384411671e-02 2.195012397915661051e-01 2.525715367701730774e-01 1.479707321623462135e-01 2.091822604444034533e-02 -9.882120522455044298e-02 -3.422382194033895542e-01 -3.992141249573881168e-01 3.321826708298324798e-02 1.708245083589112756e-01 -3.594586806238676824e-02 3.269073487591192539e-01 1.526215650347025228e-02 5.984053601626610625e-02 -1.360736855494747710e-01 9.816437880352812950e-02 2.140723879152270637e-01 2.701667635498425923e-01 -3.416077973819654501e-01 -7.448315101148825917e-03 8.210453247425056333e-02 5.931455674916304849e-02 1.770429629740885580e-01 -2.380418232194922989e-01 -3.849146023491217881e-04 2.082489864969771370e-02 2.289086373481874770e-01 1.939950052819265913e-01
4.342655428549281084e-03 2.754941940482341645e-01 -2.018185313310066065e-01 1.000000000000000000e+00 4.624928271361293253e-01 -1.740266989578719836e-01 -2.382451478337699047e-01 -7.448741038324990793e-02 -8.141586404948315814e-02 -1.481904893481178487e-01 -2.071717899200607449e-01 -2.415863936601513051e-01 -3.544942276256877189e-01 8.041656874809988143e-02 1.144185200465228786e-01 1.653507619243667903e-01 -1.502274408439390752e-01 -1.801637504362328668e-01 2.513643618325939882e-02 -1.095651396693712865e-01 -2.259253417425064955e-02 -2.600264701956125357e-01 1.675824040409955862e-01 -3.871682529733631861e-02 -2.675239169058523658e-01 -1.169796404829276382e-01 -4.682213565676685008e-02 3.896793347038504662e-02 1.066044979991083615e-02 1.132305448106238482e-01 6.748941971198452183e-02 3.561846626543269112e-01 3.357922833924276151e-01 -2.333224943056581291e-01 -3.488334489496027202e-01 -2.348767171153726130e-01 -2.307036407285135982e-01 3.841036358737734968e-01 1.276199311148876470e-01 -2.908627395166774043e-01 -2.391260450915775604e-01 -3.477492137345513656e-01 -4.005408874242536998e-01 -3.478389036609748353e-02 -5.902916257241486858e-02 -2.160563778929557588e-01 -2.667115685765348299e-01 -1.706184863449324296e-01 -3.068510193109736384e-01 -2.861098321112683918e-01 3.214724839625714981e-01 4.423362193247047935e-01 4.759789287619280995e-01 5.291491192030921553e-01 1.558230182965239796e-01 -1.666396251037967347e-01 1.322479678227266586e-01 -1.078781895965886389e-01 -5.560753108869194439e-02 -3.206564871240550896e-01 -4.810867215997869928e-01 -2.067757230298493676e-01 -2.630274076309951567e-02 1.582394445373842828e-01 7.033487891163742178e-02 9.527702663401291239e-02 -1.034822298570107491e-01 -1.553860260714765851e-01 2.899208702579101488e-02 -6.483001819763208051e-02 -6.645652782099048528e-02 -3.977971474052727219e-02 1.163462645932493295e-01 -2.406171709113150425e-01 -1.914017406402364896e-01 -3.743752795339583272e-01 1.328490465276911114e-01 8.933417944268404187e-02 2.755001466661469722e-01 1.734340819186695748e-01 3.451453289322285733e-02 -1.844945953561244745e-01 7.322061959231823680e-03 -2.314423055552412845e-01 -3.782922856893034479e-04 -7.225944081492559345e-02 -9.586191177028220711e-02 -3.289512863279386162e-02 -4.111303018303584522e-02 -4.910930614965881152e-02 3.255541861389258385e-01 1.000369433759166482e-01 8.248270965359347229e-02 -1.864484314203553039e-01 -1.500286312396974520e-01 -6.378018106413139987e-02 -1.041525490461741310e-01 -2.416179567699371922e-01 -2.522548112083383143e-01 -3.266597019065796692e-01
6.312579552769977120e-02 2.530870448873335787e-01 1.348272653026861279e-01 4.624928271361293253e-01 1.000000000000000000e+00 3.245211886404810175e-01 8.667511059729594847e-02 7.246716655271689955e-02 3.349084716065956480e-01 -1.548065782106795296e-01 -1.678325755829303545e-01 -1.754846677906287122e-01 -1.534240689309398498e-01 -1.983956262781366164e-01 -1.219048364053907235e-01 8.822073105177945240e-02 -1.327244514414280818e-01 6.803779287545674848e-02 -1.419708769770855472e-01 2.878060507567417603e-01 -1.014712615730515854e-01 1.013131600199327909e-01 2.905288076699018979e-02 -5.782717228843647743e-03 -3.074220474881019793e-01 7.384172139524804168e-02 2.316415473484867704e-01 2.302003486430536927e-01 3.971239585154828777e-02 6.324460394710733346e-02 -5.675807072478070148e-02 -7.832587544076206887e-02 -2.701415321835822989e-02 -1.147803102304578438e-01 -2.051620321507013206e-02 4.656032545456328248e-02 -6.308034431462873626e-02 2.373840791238261416e-01 1.313988802660535637e-01 -1.037408816149005680e-01 -1.752627959474196973e-02 -2.278806502193967132e-01 -5.344044920843340346e-02 5.034762976426921527e-02 4.053054502517164370e-02 3.926747718713599622e-02 -4.958955919536722767e-02 -1.918015944621395408e-01 6.186231587262272513e-02 3.931409497677845755e-02 -8.595042676554198735e-02 1.741135131386740142e-01 -5.613454414519630786e-02 1.801988463742088542e-01 4.731966019900556430e-01 2.229195082985702958e-01 6.392300241704151897e-02 -1.123118791487131285e-01 -6.776851823675693332e-02 -2.855307688410192446e-01 -2.734482820911134926e-01 -2.183126394249678415e-01 -1.597519441455753364e-01 -2.173300195085837438e-01 -2.131460314891757413e-01 -2.208517611955505278e-01 2.019575297406941625e-02 -1.902249396093271261e-01 -6.257099485726136390e-02 -4.893147792033695175e-03 -5.052987084809713175e-02 1.005079316809096290e-01 -5.941901631425605679e-03 -1.540466267364878905e-01 -1.299568398306361894e-01 -2.804218615669396009e-01 1.087540120038635837e-02 -6.723899418490672519e-02 -1.198493129996192341e-01 -3.170687434984009734e-01 -3.377614315522694394e-02 3.225654974281738727e-03 6.816935298446769043e-02 4.835907499279088612e-02 1.164844609389330821e-01 -1.842896094185855066e-02 -8.930698363549538499e-02 9.456454740152762939e-02 1.131989078634609153e-01 -4.973694989883754858e-02 -2.595288739656516006e-02 -6.867448352465112260e-02 7.341165272218941329e-02 -2.119234260706934561e-02 4.703263903945521102e-02 -2.039855291844034912e-01 1.997777265262348778e-02 -1.704209173503896946e-01 5.032036893189598126e-02 -2.593136528083464856e-02
7.877713534469361900e-02 2.609387815839955826e-01 5.608301895655708469e-01 -1.740266989578719836e-01 3.245211886404810175e-01 1.000000000000000000e+00 5.281096633147044361e-01 3.299610029859266214e-01 5.024014564645518099e-01 2.833702921676582998e-01 3.667933733740835062e-02 1.396846033478377769e-01 1.952719390493274643e-01 -2.802513955239326893e-01 -2.530423692837348582e-01 1.955808269720578085e-01 -1.267545575204024610e-01 2.680484816261268777e-01 -2.149989987767467192e-01 2.604388583227832399e-01 -5.490305258273829592e-02 3.622251580780059266e-01 -1.828728747875678351e-01 -2.861025953176222700e-02 1.299100736497447173e-01 1.617727023419804067e-01 2.127068058320541744e-01 1.514035066898854198e-01 3.309530649472773589e-02 -1.362735500700326952e-01 -2.301043815931183012e-01 -3.979773576264176160e-01 -2.249972178099518549e-01 8.693225035655478827e-02 3.576705844747526397e-01 2.749024179943035939e-01 1.409623238377979426e-01 1.634716551732103354e-02 3.195765284000301465e-02 1.843613796592153686e-01 2.205766068242331623e-01 1.397838640747010586e-01 3.869896320836204717e-01 5.369230150687835657e-02 -3.095082970851899175e-03 2.626100105016772046e-01 1.710298165218330502e-01 -3.934808998770889660e-02 6.017856746396311740e-01 4.139555260852568197e-01 -1.771647806390082847e-01 -2.565142285409948708e-01 -4.646905169355864951e-01 -4.641909560059573892e-01 6.203111511163157399e-01 7.379337277184164767e-01 1.472643676865579010e-01 2.212230401210585340e-01 2.487172918342202277e-01 1.281531674293389378e-01 2.755401783406222771e-01 5.685455129038373412e-02 -7.119996597947847450e-02 -2.958588815287596097e-01 -2.814349921250771658e-01 -2.687051074132519313e-01 2.988543293640551490e-01 -9.658375242786418000e-03 -1.251796212643795647e-01 2.003379608903825548e-01 5.400751851988869895e-02 3.296125021289390000e-01 -4.065072202889174341e-02 2.359744405933659195e-01 2.461449382007849518e-01 1.803077599265902331e-01 -6.098148740268527490e-02 -1.530542193980745092e-01 -3.810352913094393612e-01 -4.792842008466599579e-01 -6.185613122046834667e-02 2.304822677732979441e-01 5.828010506023636322e-02 3.919620020284542150e-01 8.427869889285671823e-02 5.965490232239659824e-02 -5.333190913990715210e-02 1.530242905952181320e-01 2.055781236802186052e-01 1.778324211591530146e-01 -3.446182927007649943e-01 -8.516378811653349534e-02 4.135583379044961705e-02 6.046310592781364152e-02 2.870436602481162280e-01 -5.262099729059799280e-02 1.287113323179844837e-01 1.307926291069875790e-01 4.777947872279357244e-01 3.970878410529792846e-01
1.653987232525885032e-01 1.688335128394078954e-01 4.043794276405019983e-01 -2.382451478337699047e-01 8.667511059729594847e-02 5.281096633147044361e-01 1.000000000000000000e+00 5.641749469060336475e-01 5.720790637751899110e-01 4.326556182237343839e-01 1.579471290446216036e-01 2.301891318400561826e-01 3.502756285569361694e-01 -3.612498208173886560e-01 -2.781574143661274534e-01 1.708560790429775600e-01 7.439145056520522770e-02 3.465445256046125744e-01 -2.367321560257332758e-01 3.343595546642342264e-01 5.200407398458553251e-03 4.046541451323013017e-01 -3.046088621537338392e-01 1.401395757248276031e-01 2.161538658399891205e-02 1.328822490117734512e-01 1.778811999114334741e-01 2.689014678933941607e-03 8.092983978294862601e-02 -2.666578230752449929e-01 -9.931940121248074294e-02 -5.805697890555164831e-01 -2.412334998470491709e-01 4.222082357884920228e-02 3.757935841512593522e-01 3.802429567938285238e-01 2.363555707243144011e-01 -5.441112122534944029e-02 8.317940245890827200e-02 5.246473208449774495e-01 3.648077831913281166e-01 2.949215093488272155e-01 4.142254866097347388e-01 2.318571940131763584e-02 4.202086593223739591e-02 2.290833799421516936e-01 9.074551665873198392e-02 -9.373004461878574334e-02 5.861243772572748423e-01 5.240827493117792280e-01 -3.036509442943543524e-01 -3.587127743631285948e-01 -4.153591089738756792e-01 -3.819984667391595479e-01 4.267465046382966642e-01 4.548266376618493867e-01 3.215739206774159697e-01 4.090690995188142609e-01 2.584801224323332591e-01 5.065891277481357480e-02 3.043926880863860873e-01 9.263364764731593648e-02 -1.750858732013747254e-01 -3.253658730900697016e-01 -2.776768300571057502e-01 -2.869747062511187052e-01 5.217025056289124052e-01 -4.387189907711330078e-02 -1.224892495105629475e-01 3.322584685332495846e-01 2.067579510228306494e-01 2.171855310154384155e-01 -1.795410185731723673e-01 4.861783411614918338e-01 3.181400921710914598e-01 2.370382101721325019e-01 5.939904609424633344e-03 -2.391247540183707443e-01 -4.194154862400747974e-01 -4.597800423054699825e-01 5.079724563295549139e-02 2.642738811656198950e-01 -3.976692373836340777e-02 4.180853004851792232e-01 2.127402969148137757e-01 8.886706704957832159e-02 1.390473705329659526e-01 1.723693966006719924e-01 2.669869992175929463e-01 3.263350732734190962e-01 -4.684536478103836221e-01 -1.810272776349353685e-01 5.094516245154753764e-02 2.663886200972079288e-01 2.408252503926588128e-01 -1.456480432919001478e-01 1.736898559596204705e-01 1.277684078357370911e-01 4.728278237940716777e-01 5.058777819332975767e-01
1.461271408805843719e-01 4.082593081876574326e-01 3.750773869472739941e-01 -7.448741038324990793e-02 7.246716655271689955e-02 3.299610029859266214e-01 5.641749469060336475e-01 1.000000000000000000e+00 4.884715331464113963e-01 4.765035715558786356e-01 1.938588850973551325e-01 3.216055820441128810e-01 3.227895862468742050e-01 -2.119732690808519837e-01 -1.763220733712893007e-01 3.526972558025984195e-01 1.457185585708485054e-01 4.662737589657666160e-01 -1.636333438514111505e-01 2.674574433161082676e-01 -2.760486187546017101e-02 3.658449893814614828e-01 -2.145746804879279379e-01 2.710687716944897852e-01 2.225657754270385924e-01 2.431143884495223506e-01 1.182299841857281791e-01 -1.000084382629735646e-01 1.396582594027566682e-01 -2.413232983394906495e-01 -2.620355162003369931e-01 -4.831829987637100698e-01 -2.793058725339245818e-01 -5.322771362858703947e-02 2.256747963518763167e-01 5.223236429397402208e-02 -2.679110231192661368e-02 -3.007855683936909164e-01 -2.385798434590667982e-01 4.089857838708498283e-01 3.494897999521375670e-02 2.306944778303051391e-01 2.261201300312434270e-01 -2.908362430520619046e-01 -1.751810058022720551e-01 -1.224497534701368268e-01 -1.764208932601383228e-01 -2.375406544757129867e-01 1.915610024045733550e-01 1.151939797442430163e-01 -6.165919461100656529e-02 -1.264125351670417896e-01 -7.794277009649736021e-02 -2.530109541692436292e-01 3.208816395502989138e-01 3.184821225360162100e-01 6.799430368573059491e-01 7.181106463346510482e-01 2.147256613897940980e-01 1.235683387588742965e-01 3.022728578309522574e-01 1.262724989206181203e-01 9.864064590386624476e-02 -2.167784835925409045e-03 -3.732294039650562584e-02 -1.600800756373343126e-01 2.862927245303701351e-01 1.078684054519159774e-01 2.016552984915092606e-01 5.835619734911308143e-01 1.969575608811210687e-01 4.061570036808513917e-01 1.019239239012908610e-01 3.682758002837270284e-01 4.491248864182493250e-01 3.547168938075194733e-01 6.129858651725415136e-02 -6.689821330867178062e-02 -3.744134146624188975e-01 -3.569907438725143933e-01 3.129193603509803356e-01 7.036557667340476163e-02 3.090992992633107006e-02 4.693176820145675832e-01 1.914617512639298913e-01 1.669316866189420878e-01 -2.430802815565445696e-02 8.649094686972935708e-02 2.154753468014318496e-01 5.177145024510995119e-01 -4.303674705238360598e-01 -6.905455094626751500e-02 -1.366118655079167632e-01 1.886802460838258588e-01 2.036906846368867763e-01 -4.258661958225465338e-01 -1.232718983475615399e-01 -4.957039154497777655e-02 1.225483925903129018e-01 1.654772253083063027e-01
8.427076500321369068e-02 1.931834136489671838e-01 3.842788075513581814e-01 -8.141586404948315814e-02 3.349084716065956480e-01 5.024014564645518099e-01 5.720790637751899110e-01 4.884715331464113963e-01 1.000000000000000000e+00 3.167568673392301415e-01 1.776816925085553944e-01 2.397574511054027802e-01 2.310402316347649754e-01 -3.068527060917335958e-01 -2.139278913016291472e-01 9.788755038910483541e-02 9.355637754207815626e-02 3.654842345206822385e-01 -1.806325601375775303e-01 4.822072208948877114e-01 3.574502509538825257e-02 3.548125376547066057e-01 -1.848113829150365706e-01 2.102240265304111677e-01 -3.598878319513591079e-02 2.655530461264904996e-01 3.188110252619777985e-01 1.611398755907526847e-01 2.083504864135873602e-01 -1.908244547782909084e-01 -1.090766763932834310e-01 -4.864009008999643502e-01 -2.279526595313977055e-01 6.951372496076549390e-02 2.034945386659536837e-01 4.870225810863334504e-01 2.345607132464340994e-01 -6.963518423187788076e-02 9.644945233086635317e-03 2.976736003389154894e-01 3.131849506876118738e-01 9.272906365223219927e-02 2.711022670581472727e-01 7.712950877088184387e-02 1.214146156840910512e-01 6.609193832980976568e-02 -1.751077332173842788e-02 -1.319586161790727019e-01 4.617125483356874782e-01 4.396118818623754310e-01 -3.032578059564548512e-01 -2.190013942989575968e-01 -3.055597683958957145e-01 -2.351473633716137102e-01 4.076684443949654124e-01 4.857321987309706213e-01 3.035126014546569162e-01 3.880352354193274400e-01 2.030434427426182631e-01 -3.243806154029703175e-03 1.874502149967819109e-01 8.388407542663338379e-02 -1.322979171009822652e-01 -2.843409221664177089e-01 -3.092801952409064414e-01 -2.967429864752167967e-01 3.339761770398972929e-01 8.040419722250972956e-02 -9.285927270109080311e-02 2.768361168300808028e-01 1.729868076104698060e-01 2.195658898746672971e-01 -1.326456840938245452e-01 2.560970448144050948e-01 3.411897845458489176e-01 8.865125573272976400e-02 6.171518320232550342e-02 -1.534039154008309258e-01 -3.764856846338730523e-01 -5.104980220257460122e-01 1.004380002099159869e-01 2.759045307326756791e-01 5.841307607846311922e-02 3.170193112366788135e-01 2.903145651740777766e-01 -3.953314224513914538e-02 1.379234667090517008e-01 1.582979560856810908e-01 3.916433212212729886e-01 2.687536302917971631e-01 -3.758499383427181817e-01 -2.786167627985648987e-01 -3.503233016246049686e-02 1.187856686537112488e-01 1.336784826173319785e-01 -2.464306286081688613e-01 1.491315660839062640e-02 6.149168873394934495e-03 3.657195335281533954e-01 4.199972011932474603e-01
5.567494485970511664e-02 2.055134557930488048e-01 1.917044357540355348e-01 -1.481904893481178487e-01 -1.548065782106795296e-01 2.833702921676582998e-01 4.326556182237343839e-01 4.765035715558786356e-01 3.167568673392301415e-01 1.000000000000000000e+00 2.859136388624831659e-01 4.493833890278196019e-01 3.132420825492473471e-01 -2.411955587548883506e-01 -2.559230107607818328e-01 2.593723882308973105e-01 7.927391399673568151e-02 2.119867076051113186e-01 -1.694420950923483105e-01 1.235663890476392524e-01 -6.412441147230016347e-02 2.716994874218630618e-01 -3.663287701472969227e-01 2.976393269373271422e-01 4.009765942762408275e-01 2.159973885453290721e-01 -3.683032236602189202e-02 -1.508165963668328668e-01 5.513545052632409793e-02 -3.269112646700754188e-01 -1.283558757703706088e-01 -3.934478067402861767e-01 -1.692431337110401612e-01 -4.392929388842371080e-02 2.144104070122635486e-01 1.594155403568613405e-01 4.082849425619333728e-02 -1.058498441930715156e-01 -4.817351042275800493e-02 4.043290601031215292e-01 -9.829117707605722343e-03 2.980564857603345552e-01 2.805270012901224241e-01 -1.953822407210505097e-01 -1.275002781522825701e-01 -1.344847492102858866e-01 -2.292208864826108805e-01 -2.472493712671468002e-01 2.294745706467831436e-01 1.836750391034635832e-01 -1.058440761249129086e-01 -2.418274765859650954e-01 -1.531298926476252209e-01 -3.185431003353860757e-01 1.683528109245694127e-01 3.625246397601102344e-01 3.249539095117467413e-01 4.736432697190277596e-01 4.423698989046399022e-01 1.829595611560926316e-01 3.973507461294820686e-01 2.283862666435350630e-01 1.062019582894915132e-01 8.559578395364911274e-02 -9.926548248955702203e-02 -1.738190208291411076e-01 2.552344490325769710e-01 6.905434863833070924e-02 -1.348712005453067339e-02 3.277582226823487210e-01 1.934679540936754261e-01 2.308394333389183484e-01 -9.841729061281397073e-02 3.571424002749706839e-01 4.943895608432428146e-01 4.308489363525720428e-01 -1.487562615028984597e-02 -1.705528665539940703e-01 -1.751197386656045130e-01 -2.815172856786241073e-01 2.197095586353857155e-01 6.565322058443781583e-02 4.810586860392417063e-02 2.823489030522592369e-01 1.450020851893650542e-01 -5.474019138352477151e-03 4.750914692577794946e-02 -2.073536009423707430e-02 2.042787034716887773e-01 3.653823283760338492e-01 -2.912819013007102997e-01 3.513120253508170837e-02 -7.472450181450224216e-02 1.825742598328177202e-01 1.923790045419525863e-01 -1.834129575641750831e-01 -1.974967001637666086e-01 -3.720262399638969014e-02 1.884785982868726895e-01 2.493451228429860445e-01
-2.020473283799651132e-01 -3.685324233235526270e-02 8.933442891453743928e-02 -2.071717899200607449e-01 -1.678325755829303545e-01 3.667933733740835062e-02 1.579471290446216036e-01 1.938588850973551325e-01 1.776816925085553944e-01 2.859136388624831659e-01 1.000000000000000000e+00 6.319842192174076612e-01 4.603547233409436279e-01 -9.434653516735505563e-02 -1.816194846144764952e-01 1.186255421182970393e-02 1.998717888900283512e-01 2.200041013496965014e-01 4.563339968309663985e-02 6.810991546323372225e-02 -7.461501343403334485e-02 3.688496907895266186e-01 -1.206895634303601916e-01 2.272475625796359644e-01 2.431867775096958617e-01 4.882938130479884120e-01 -6.294112132198945164e-02 -2.200747381763288602e-01 9.639778000016414883e-02 -2.078709380265485740e-01 -1.661318117163016472e-01 -6.906597413330614610e-02 -7.603714836928374132e-02 2.413137255478744192e-01 3.063607676450149642e-01 2.422453270841024575e-01 2.386987081914407616e-01 -9.538324858536266493e-02 -1.729790398812295626e-01 1.920067258821648026e-01 1.953267040913166108e-01 -1.511337434793974532e-01 3.663516479906764878e-01 -1.095426438994398233e-01 -1.680897820686995670e-01 -6.028897985464271025e-02 1.009091930708327645e-01 7.712412131067531047e-03 2.138750024028474028e-01 3.250788852121601624e-01 -1.140512306430795098e-02 -2.277591644583459307e-01 -7.028939910410279823e-02 -3.081518893852336904e-01 -1.721650189960423627e-01 2.519085273997724861e-01 -8.570169040298013241e-02 1.530914592191126855e-01 9.039096421175947527e-02 5.737062758386940464e-01 2.547847594995733544e-01 3.663282543300567240e-01 -3.764401880012809704e-02 -1.075680994604717167e-01 -2.069612421578420902e-01 -1.191710828936005107e-01 -5.176958742667167948e-03 2.125325547049639885e-01 -7.873982413320299023e-02 7.639601700285125752e-02 -1.184983355035172103e-01 1.715974870193359147e-01 -1.740957311019603326e-01 -1.822385882419070777e-02 2.535406422549901229e-01 4.063511147995905320e-02 -9.003919220833452031e-02 -2.199924624718648247e-01 -1.333754204202563243e-01 -7.638116318614424083e-02 -1.699692492901002661e-01 2.112771561512077623e-01 -1.234549070831905959e-01 1.361133864479794897e-01 -9.021000140941255740e-02 -3.678022960989233564e-02 1.520320536555650748e-01 -5.942741607443847995e-02 2.425427228860916051e-01 1.195944524286022409e-01 5.082552276575968975e-02 1.159430347822312801e-01 -8.431192176096524715e-02 -3.368386006081287021e-01 -3.219878882195714026e-02 -2.818086833588418980e-02 -8.515920151421620121e-02 -1.068465729873594935e-02 2.000418028960595507e-01 3.798229440886127795e-01
-3.245421975576520679e-01 -8.613699221328623146e-02 9.458969812664817789e-02 -2.415863936601513051e-01 -1.754846677906287122e-01 1.396846033478377769e-01 2.301891318400561826e-01 3.216055820441128810e-01 2.397574511054027802e-01 4.493833890278196019e-01 6.319842192174076612e-01 1.000000000000000000e+00 5.366682025315258064e-01 -1.034928319955328024e-01 -1.322736031738706852e-01 -6.590259579084128960e-02 2.764362045759461428e-01 3.047454726108875245e-01 -2.536441653327975877e-03 1.649155056102669659e-01 7.704858540596103145e-02 5.062905163826220134e-01 -1.804902125173871996e-01 4.573918403707633584e-01 3.939539235282307206e-01 6.383082789035491311e-01 5.687347434983964362e-02 -1.456644052483170304e-01 1.966413136693534458e-01 -1.201361855892471020e-01 -2.839234106330641438e-01 -2.073482936745443261e-01 -1.863477672006582653e-01 2.906491449923380710e-01 4.053965711380759229e-01 2.871270175881325826e-01 2.607775298368529282e-01 -3.363670895526523763e-01 -2.129252448873341919e-01 2.996032272095163207e-01 2.060405785023993464e-01 3.142709710176378249e-03 5.085086668085702089e-01 -1.096709696609485252e-01 -8.091618067903325051e-02 5.181898147869910647e-03 7.653119448854586726e-02 1.497792724078027271e-02 2.391743273413034221e-01 3.064646424572979311e-01 -1.010200286840573086e-01 -3.951634700869466887e-01 -1.417547790043443001e-01 -3.718893537896487689e-01 -8.799108692875706739e-02 2.563178698456836102e-01 1.187508406292419813e-02 2.820145760770516041e-01 1.011525287125909778e-01 5.839364799854762644e-01 4.878586544895588961e-01 3.725109179938995152e-01 3.374686393515514277e-02 -1.070891485812432986e-01 -1.017581212648335509e-01 -8.841597363940646714e-02 -9.178547469796105585e-02 2.092519249028892137e-01 -2.628131972815750741e-02 1.494717689635898794e-01 3.915449633084170517e-02 3.528064126475852214e-01 -1.020685654368501533e-01 4.158301271959194412e-02 4.852598541851794178e-01 2.685372718020746508e-01 -8.993165706391154784e-03 -8.180420626761132630e-02 -2.237294782402987625e-01 -1.177020194791852242e-01 -2.350138152277267412e-02 7.781863480733819394e-02 -1.292313971749006196e-01 2.557314185930818495e-01 6.720648717510807613e-02 2.823840597891717763e-02 1.588387074271173371e-01 -3.680463702098991929e-02 2.564583005354153511e-01 1.590209020540254981e-01 -1.360711219500375935e-01 -8.700445819764747457e-02 -2.627689543006000994e-01 -2.639384220251453916e-01 8.092026470885398115e-02 -1.510331068891470896e-01 -9.943118230226204168e-02 3.560190348778335262e-02 2.116814760358605163e-01 3.208479484284174621e-01
-6.430534370364390795e-02 6.829916007248687006e-03 2.185317466643482420e-01 -3.544942276256877189e-01 -1.534240689309398498e-01 1.952719390493274643e-01 3.502756285569361694e-01 3.227895862468742050e-01 2.310402316347649754e-01 3.132420825492473471e-01 4.603547233409436279e-01 5.366682025315258064e-01 1.000000000000000000e+00 -1.612875650907393821e-01 -1.385226407201871901e-01 1.481145989555875640e-02 4.684624396423002768e-01 3.625074344809354754e-01 8.049524472734684299e-02 2.133956927858983443e-01 -5.564422237492697154e-02 4.892873055399232785e-01 -1.829239332804160900e-01 3.975712862325889718e-01 2.190843706485467168e-01 3.326759987215777148e-01 2.567105140282746056e-01 -4.749438725812127338e-02 2.541996021764630909e-01 -1.475829759631934746e-01 -9.206610321123802343e-02 -3.495854125493321196e-01 -1.805226247358066860e-01 3.310969368530237711e-01 4.262276704302566666e-01 3.168019710770065833e-01 3.101965470267962210e-01 -2.136409761807741003e-01 -1.197479340575418605e-01 3.644426316533795340e-01 3.113685469752084933e-01 2.440048442654633998e-01 3.839172830790120727e-01 -1.912254665108435942e-03 3.779099931293668918e-02 1.247510984331414718e-01 1.594693510186342422e-01 4.720729909347570058e-02 2.483409092216264380e-01 3.348303097344348389e-01 -1.993767909522151383e-01 -3.507913003369778071e-01 -2.494277695955074425e-01 -4.076854966568329575e-01 -1.420418365684470406e-02 1.872621998738778770e-01 8.508883488004438667e-02 2.783178113547720711e-01 7.496445558037261037e-02 3.180962116554532093e-01 3.947887181674745172e-01 4.488395003879352418e-01 1.714019236704359961e-01 -1.525774865294556026e-01 -1.601370679995226531e-01 -1.161486077489794627e-01 8.666804635329047879e-02 2.509168043824827055e-01 3.730230523975407164e-02 2.601266355624520243e-01 1.714401553522609534e-01 2.194182666586495245e-01 -9.107106343239292079e-02 5.536830057782863440e-02 3.198581849625486417e-01 3.316896184571636597e-01 8.699165353796671496e-02 -6.823236256879287864e-02 -2.320651908920888795e-01 -2.338635932551098862e-01 3.239053067674887813e-03 1.822935445489169137e-01 -1.295346950403752917e-01 2.496393687457101052e-01 1.399028687878550448e-01 8.533046174579823895e-02 2.241486695874309321e-01 1.213051140750289608e-01 2.946630457494836541e-01 1.954853753625054313e-01 -3.083175887359287937e-01 2.712293009229482799e-02 -2.158533336731452146e-01 8.754856483615551521e-02 -1.079620827283097814e-02 -5.285410752972197201e-02 1.480035452637313426e-02 1.920853489791481961e-01 2.450656467225318380e-01 3.189458409660698157e-01
4.495728572798578584e-03 -9.169825836690458087e-02 -1.139218289132370165e-01 8.041656874809988143e-02 -1.983956262781366164e-01 -2.802513955239326893e-01 -3.612498208173886560e-01 -2.119732690808519837e-01 -3.068527060917335958e-01 -2.411955587548883506e-01 -9.434653516735505563e-02 -1.034928319955328024e-01 -1.612875650907393821e-01 1.000000000000000000e+00 6.563846186709482167e-01 -8.183929562423777893e-02 1.307569358846835395e-01 -1.538719394239358440e-01 5.847719491849890927e-01 -3.557137489780954342e-01 4.634452030019877156e-01 -3.193547292782482061e-01 6.905148997391978849e-01 -7.572251244117635116e-02 9.258798811477687851e-02 -8.591770552194796795e-02 -9.690761982465878610e-02 5.357111604859832177e-02 5.519114909205433128e-02 5.408579554808238266e-01 2.963211201408966558e-02 4.152097564669682273e-01 7.670563339933461622e-02 2.588817614427816813e-02 -2.993804088542013631e-01 -2.358214988179223870e-01 -1.134261997295701735e-01 -8.232956530002524809e-02 -7.937325557315424995e-02 -2.298467142653057294e-01 -2.360722983607267678e-01 -1.665760226011330294e-02 -3.221896067664921093e-01 -5.277569478061718000e-02 -1.501147741747276554e-01 1.184737953429106788e-01 1.775454294397054156e-01 4.349508993167903736e-01 -2.576722251949237763e-01 -3.518190965954153260e-01 1.863503565440611243e-01 1.493336145494345568e-01 3.203927363047170407e-01 2.245217388993658858e-01 -2.857908757594046500e-01 -2.065044181198586459e-01 -3.416819101448847346e-02 -2.004927464086561917e-01 -1.230608550271110185e-01 6.787534402584937190e-03 -9.838917626014281187e-03 -7.318460701949151305e-03 2.351543911659004504e-01 3.526391828708020926e-01 4.955586718291801751e-01 7.195755076222120072e-01 -2.057929198233843793e-01 1.278397464832363994e-01 1.692443238917061554e-01 -1.517908563098350205e-01 4.595607197205223149e-02 -2.070617375224264312e-01 3.110489422018725136e-01 -1.668664262869849479e-01 -1.619573599124394525e-01 2.258338508707549361e-02 8.646243304602595214e-02 5.956153938678440118e-01 1.261740291202827491e-01 4.508619237272399327e-01 -1.548023868108020992e-02 -2.985199015962053393e-01 -2.205670962633304311e-01 -2.649744613014962114e-01 -1.783102010591734177e-01 9.380719494595848862e-02 -9.046367917949534043e-02 5.580823963582965536e-02 -2.003598036314616360e-01 -1.374966468731361746e-01 1.278571924283891381e-01 -5.599444268857481366e-02 -1.349000768936869654e-01 -5.906831509088444204e-02 -1.042342029724645791e-01 3.819440633333786445e-02 1.215056336809981069e-01 1.255035255161005836e-01 -2.288879771897761317e-01 -3.672392570151073454e-01
2.564297867627912328e-02 -9.586200117474882876e-02 -1.035378995818704573e-01 1.144185200465228786e-01 -1.219048364053907235e-01 -2.530423692837348582e-01 -2.781574143661274534e-01 -1.763220733712893007e-01 -2.139278913016291472e-01 -2.559230107607818328e-01 -1.816194846144764952e-01 -1.322736031738706852e-01 -1.385226407201871901e-01 6.563846186709482167e-01 1.000000000000000000e+00 -1.269217144128766683e-01 1.409535844698015239e-01 -1.718616193018872029e-01 4.731968517377550532e-01 -1.913314801948856614e-01 5.906664429795507321e-01 -4.000167051866468371e-01 5.650944340317691772e-01 -3.060232331632994907e-02 -6.425866972006819000e-02 -1.974487890511469890e-01 -1.415592640645896814e-03 1.996134769874322590e-01 2.704161484463033505e-01 5.017013148545362844e-01 8.970159029576249554e-02 2.778911548189065828e-01 7.212634723205928189e-02 -1.083784592370041489e-01 -4.281561820733190693e-01 -2.106070437127867956e-01 -1.061855125361819002e-01 -4.626686881093877018e-02 -2.891928768982380757e-02 -2.062478010532017847e-01 -2.420925786419030057e-01 -5.407600347887174530e-02 -4.513444834318545706e-01 8.273725440728114944e-02 1.320566230261968101e-02 9.743553403472636487e-02 -2.282638579268547047e-02 3.511162039111041522e-01 -2.766778037510864707e-01 -3.043063078524686493e-01 1.159900553612992491e-01 1.851557420590663472e-01 3.482289982030449260e-01 2.582339784287456252e-01 -1.881041100299163937e-01 -2.624175800931526914e-01 -2.712626138147560331e-02 -1.590971964696419050e-01 -1.272085144938147694e-03 -1.718258688137898615e-01 -7.073577954284945846e-02 3.842832164264602113e-02 1.979715061686983801e-01 2.722165803274305684e-01 5.581830766939354094e-01 7.734672143886274220e-01 -1.570954106647776960e-01 1.496773227532386674e-01 1.684263492992157107e-01 -1.272669997149734888e-01 2.584895831009810241e-01 -2.335598103834340966e-01 2.148105369183380964e-01 -8.005031199302758971e-02 -8.045960446110589359e-02 -2.623218140875263962e-02 2.880148953910187104e-01 6.201546770486527915e-01 1.882570758402102307e-01 3.641306249723592625e-01 1.107303000193319703e-01 -2.205114224059293859e-01 -1.273129737227388092e-01 -2.985207535529127432e-01 -4.170614623864677545e-02 -3.343851707654168018e-03 4.431503537012430188e-02 1.450409099643608091e-01 -1.175484988559186844e-01 -1.105997894227458422e-01 6.699265642421863010e-02 -2.040850143298317820e-01 -4.005061164646806643e-02 -2.649926558906559593e-02 -1.907767431212963882e-01 9.502238371677824980e-02 5.748506766327102918e-02 1.059039635556736914e-01 -2.445869307006030280e-01 -3.509927790942797832e-01
