1.000000000000000000e+00 2.322631748285501063e-01 2.164485895070278332e-01 -2.510448748413593098e-02 1.697672547144833399e-01 2.610845532227628052e-01 6.162183384746009601e-02 2.402475745219408432e-01 2.292274428319124036e-01 1.154192163142281208e-01 1.531537677925268182e-01 1.221122073682799070e-01 5.697187389164262705e-02 -3.430901701063910347e-01 -3.925098176472259226e-01 2.124675765625752832e-01 -2.609224066190449220e-01 1.596969863657175526e-01 -2.005436594349029045e-01 2.978720787939793668e-01 -4.058099757950806019e-01 -6.329866946486525925e-02 -2.560900321408479674e-01 -1.062355132118312923e-01 3.335689811945756200e-01 -1.310195017451199762e-01 -7.718974624142277419e-02 -9.359084654455464281e-02 -2.433761898833536330e-01 -4.195146911102086706e-01 -3.253018053775345170e-02 -3.887797311767143271e-01 -2.968468098496722662e-01 -4.024194342605095370e-02 1.295467474878132796e-01 1.222049329922293009e-01 -2.255597305005925535e-01 -7.270399572676665943e-03 -2.455480691288720041e-01 1.761812168959304981e-01 -1.770927912129325113e-02 7.141599008195859133e-03 2.046183397682663774e-01 -7.364180249550172919e-02 -1.676338326753888941e-01 -1.832498894323773830e-01 -2.990525279488635002e-01 -4.449139026019383221e-03 5.002462392497636356e-01 1.128179635328213914e-01 5.609116543162678825e-01 4.345697230208226403e-01 -8.580611379286586654e-03 7.751660430257185930e-02 1.157073025841292430e-01 2.297970901719457448e-01 3.015741542162614919e-01 3.144972279689993155e-01 1.916866616061339013e-01 9.265127671297447576e-02 1.410198470105595292e-01 3.046295127529767832e-01 1.069739455590915517e-01 -5.824082640030789348e-02 -2.790519883694170811e-01 -4.313965243996301657e-01 2.838858873290139306e-01 -1.652990278102649258e-01 -4.534285226234557181e-02 3.324006178599299144e-01 -2.960573694037509362e-01 2.196888870946610561e-01 -2.383238709104302244e-01 4.076411215980032393e-02 -1.642228808439625057e-03 1.919964237389168160e-01 -1.676901885465643671e-01 -2.639505011214974828e-01 1.428355064807273513e-02 -4.130832885995328052e-01 -1.729849789673768290e-01 1.846474796777926863e-01 1.946066647691522687e-04 3.840439810400416709e-01 -1.187131323197833793e-01 -1.442418377347237379e-01 -3.171435549591810621e-01 1.186468536879858177e-02 3.777280336081284551e-01 2.103744998113868114e-01 -2.721245336489585553e-01 2.536147666595269801e-01 -2.813516733801038061e-01 -3.486196770480169682e-02 3.240733947162173223e-01 9.674965987561938430e-02 -1.359014041213303936e-01 -9.685822289960090148e-02 4.266959915625595512e-01 2.774380760008337554e-01
2.322631748285501063e-01 1.000000000000000000e+00 5.605404654574847045e-01 6.449712025059015641e-01 6.886307868334917703e-01 3.623121537771247236e-01 4.420128169233817350e-01 7.386382588840799679e-01 4.704239003260796692e-01 1.765945959486330541e-01 3.725842756220067165e-02 2.890173432513960805e-02 2.798363259232297326e-02 -1.013099742173033668e-01 2.568246771226371009e-04 2.663395428311747803e-01 -7.490067258888755131e-02 1.435749399546471794e-01 -7.802511705044500034e-02 2.163434268944704475e-01 -1.033739769086433058e-01 -1.842492628116029485e-01 -1.455263883446590578e-02 1.575578702262932229e-01 1.442148341849662785e-01 1.557709560534852877e-01 -1.499429480414143090e-01 -2.032105631511514909e-01 8.903142431920847699e-02 -2.089271446235231311e-01 -4.302176244190488580e-03 -1.564439022087149300e-01 -3.344641438599555983e-01 -3.653005237222108348e-01 -8.869874648204635614e-02 -7.029681585262474719e-02 -6.988153137880209753e-02 -2.669016421238958880e-01 -4.216222538924229157e-01 1.391902925862404106e-01 -5.218621849061743090e-01 -2.501440827149924440e-01 -3.074820790293019690e-01 -2.068645130571935553e-01 -2.876194931331561566e-01 -3.361112779432005593e-01 -2.252563996211550679e-01 -2.673099601058611108e-01 1.045862516127455677e-01 -1.679490153348819903e-01 1.213249483820471042e-01 6.187460334710374044e-01 9.233373773536712736e-02 5.831685010440045280e-01 5.104105896195322289e-01 4.127845192474717817e-01 5.652508290738393892e-01 6.371876553604207682e-01 4.139273330778948934e-02 1.844539784119412357e-02 1.098602136128782464e-01 5.610828070591700883e-02 3.860752385985513624e-02 -2.279138986314897253e-01 -1.715875735011599956e-01 -4.497137300999288351e-02 2.834097545464886458e-01 -2.894421963637544559e-01 -3.291676806764368690e-01 6.174422246584310159e-02 8.755246318585707677e-02 1.824618306590796435e-01 2.790761601366840636e-02 3.195259597806948126e-01 9.641079267831907662e-02 2.285561939575583290e-01 3.168081653607047188e-01 6.968999528344281547e-03 -1.170528666945135771e-02 -2.307047669227428599e-01 6.174833104083200797e-02 -3.201926539311230058e-01 -3.762019714351789168e-01 1.042344089025009080e-01 -1.250276757761737412e-01 -2.598385811784538202e-01 -8.254595677439391377e-02 -1.775248404940495683e-01 1.324105535430742941e-01 1.992288283171584073e-01 -4.830411486472424576e-01 1.297994606390272809e-01 -1.741452734284221759e-01 -1.215266723188896114e-01 -7.013095220226566590e-03 -1.214913037316900785e-01 -2.069459489909019068e-01 -1.820486070731761608e-01 1.551435716702637135e-01 -5.776148760863845238e-02
2.164485895070278332e-01 5.605404654574847045e-01 1.000000000000000000e+00 2.278803620782907657e-01 6.719625884612959732e-01 7.118962273210007741e-01 2.017471492307990610e-01 5.718420239772172842e-01 4.377995168240034762e-01 1.470808254882925437e-01 -6.053545232609665490e-03 -1.262224443894762460e-01 -1.231105218158792952e-01 -1.971882857415615531e-01 -2.046336786385674067e-01 1.980298490133005906e-01 1.693999013659332198e-02 1.639197959990592590e-01 -1.120728919236248650e-01 6.890349466376559373e-02 -2.123747205731005561e-01 -2.068022514471262174e-01 -1.820808506549530248e-01 2.666322902695246744e-01 4.629242910379487846e-02 3.024510546039011483e-01 5.921223834175405598e-02 -2.193417439911785338e-01 3.792896701426100303e-02 -2.138454124479984286e-01 1.179824251233196342e-01 -1.396619910515501661e-01 -2.530218460276066339e-01 -1.604173234277262716e-01 -9.122539060423119628e-02 -2.480274489119174350e-02 8.567762478789739400e-02 -2.899372084258696747e-01 -4.118443905282763162e-01 -3.010028806647676788e-02 -4.882337844233119450e-01 -1.705237098622894021e-01 -2.567211755224345082e-01 -3.018646256219663093e-01 -3.335589137695829653e-01 -4.271300671336013544e-01 -2.941038343736499527e-01 -3.436832082341978456e-01 1.552717578483132632e-01 -2.212153839274630107e-01 3.069192191988190724e-02 5.266195472277251932e-01 -8.472079413655460300e-02 9.076580938126053988e-02 7.139968057263180734e-01 7.361408188263947050e-01 3.320566113813463449e-01 5.626272347371141791e-01 1.210962305876766149e-01 -1.885783780939966625e-01 -1.024933044782316421e-01 -2.155189995238332434e-01 1.077905593155903258e-01 -4.579290747468008765e-02 -1.856836192898661531e-01 -1.966992548347512859e-01 9.873223052504008501e-02 -3.286726928001931780e-01 -9.430542447047648991e-02 2.547653500088490827e-02 -2.993572334791683512e-02 3.763373295669081992e-02 -1.475362507982967974e-01 1.253650855965702249e-01 1.018138764087915260e-01 1.682153159209954230e-01 2.528939763387628159e-01 -4.253731861683126420e-02 -1.394019937488081250e-02 -1.893083529356338335e-01 2.684542726662266232e-01 -2.783278151383316024e-01 -2.463339289173152036e-01 3.114568796203585118e-03 6.897112584153999859e-02 -3.071617907295329242e-01 1.188074430444192031e-01 -8.926306512406534388e-02 7.251183358105729726e-02 6.220089692532397574e-02 -4.240541468477763143e-01 1.549258548705471361e-01 -2.144580251245564173e-01 -7.852340517495130789e-02 2.879554180392942218e-03 -2.680447693236617801e-01 -2.874171267105275485e-01 -2.850457550101608839e-01 1.630823688357222745e-01 -1.382425815073595743e-01
-2.510448748413593098e-02 6.449712025059015641e-01 2.278803620782907657e-01 1.000000000000000000e+00 3.008502823558127925e-01 7.810548502103258073e-02 4.731309813972894296e-01 5.729918632362036579e-01 1.029934677354215344e-01 -7.861554869478535809e-03 -1.030736154412984773e-01 -8.475224520736407419e-02 1.438850707676300744e-01 1.046586827305183293e-01 2.898398887218301967e-01 3.642475403674255152e-01 8.535322907829313160e-03 2.387757404198100619e-01 3.543212492044555545e-02 1.266478536983062231e-01 7.009660158405614516e-02 4.330177512953314878e-02 3.087853724070305783e-01 1.251000842043795414e-01 -4.674594783580396373e-02 1.042016020921439079e-01 -2.475852616366504555e-01 -1.805946243580953681e-01 2.440322179312004736e-01 8.581914160750701848e-02 -5.293718525640922490e-02 -3.885897360884790069e-02 -1.626084620126740654e-01 -2.544450037093437533e-01 1.635881003808970641e-02 -3.718770372929428580e-01 -2.548646649690841648e-01 -3.184171429811721299e-01 -3.717598412183356071e-01 5.312843017568351367e-02 -5.558456612344345737e-01 -3.409369261688040553e-01 -3.418794055779150187e-01 -2.211556818286831427e-01 -2.194247279830916220e-01 -1.709173500377607902e-01 1.001683924155820186e-02 -7.314400529143039176e-02 -7.994893780731850141e-02 -2.968328013860707104e-01 5.864158185691698000e-02 4.695773660813101769e-01 4.628579633706214058e-01 7.480613626613493716e-01 2.833299478102565550e-01 1.758265386531394081e-01 6.304171729930438950e-01 4.153502572075425392e-01 -2.039276706110744464e-01 -7.062902793395775536e-02 -3.579271381568251836e-02 5.199002615843530822e-02 1.046917801281965765e-01 -1.992493008539243660e-01 -1.155639937223670310e-01 2.143032428725376304e-01 2.049798508093492455e-01 -6.098103093740465941e-02 -1.647485453743717521e-01 1.885824283866271989e-01 2.210180679984752039e-01 3.061456100826354110e-01 2.958433856969055475e-01 2.940773563196699691e-01 9.143887679223400289e-02 3.243236544000558524e-02 3.733954747992594969e-01 1.773311089678399066e-01 9.237848620714809306e-03 -6.111852189828915344e-02 3.163513397736774507e-02 -4.256663974708371212e-01 -3.684817933541169044e-01 1.722826183223003793e-01 -1.803869028405247765e-01 3.557190727164791233e-02 -1.971205200600482654e-01 -2.140583620299042755e-01 -4.430692493654816294e-02 5.002610702649959440e-02 -3.290825540460088350e-01 -2.054276367649628468e-02 -1.501885946749676459e-01 -2.102352299777159594e-01 -2.266691351262348497e-01 -1.939794914222449651e-01 -1.256560944660168877e-01 -1.776279884855312685e-02 1.555900915882913772e-02 -2.312189171245717656e-01
1.697672547144833399e-01 6.886307868334917703e-01 6.719625884612959732e-01 3.008502823558127925e-01 1.000000000000000000e+00 5.335847600177312522e-01 1.790284380087505678e-01 5.757788200753445329e-01 4.547190323294575398e-01 1.379200898791574925e-01 1.415960533129047988e-02 -4.011995852384012129e-02 -1.113340746590439079e-01 -1.579256744586947370e-01 -1.429775219763921856e-01 6.623175114570852007e-02 -3.476367104980531558e-02 9.628235577457192051e-02 -1.111384122595318880e-01 2.434205751080131819e-02 -1.691453588672203745e-01 -1.686010064951918852e-01 -1.204672202924839675e-01 1.431806197833257466e-01 6.585794338366818268e-02 2.019568806241954784e-01 5.081299128074587279e-02 -1.397235038290808584e-01 -3.128799535678531557e-02 -1.709757501143749359e-01 5.358285700125887258e-02 -1.435115419648011204e-01 -2.134245421721940317e-01 -1.753779449132049639e-01 -6.929362773430028377e-02 1.277101084439872247e-01 1.202748228964021227e-01 -2.232308687167425532e-01 -3.103789613063666630e-01 -2.164031358521043003e-02 -3.671780414804672321e-01 -8.512144744039711053e-02 -2.113613455885348102e-01 -1.361986894035030204e-01 -1.970971369129415618e-01 -2.978187547278722258e-01 -2.322669614986111741e-01 -2.518291346549559884e-01 1.609517535048205772e-01 -8.780073790124745536e-02 1.547725309042839725e-02 3.771614051175415927e-01 -1.871282955404475479e-01 3.108600822408060238e-01 5.573298527957847304e-01 5.401209334780767701e-01 2.352793795258087128e-01 4.608335887685969801e-01 7.769812372281706403e-02 -9.058479328727245261e-02 -1.367812107058794663e-02 -1.383413004650213551e-01 -1.009248514784935082e-02 -1.017863096293097902e-01 -1.327805608156833739e-01 -1.223935599321740175e-01 6.312038308651631013e-02 -2.627524427858008438e-01 -1.904888914113208320e-01 -3.079481716666127716e-02 -3.089632870220676564e-02 2.485966395681330973e-02 -7.334037778247975981e-02 7.749987336047346742e-02 4.322555258557068264e-02 1.765620795193377501e-01 1.935878026610221847e-01 -3.195211130874883732e-02 -3.441853129509414577e-02 -2.393585834539115054e-01 9.509006405984407606e-02 -2.162248935627810176e-01 -2.525627630440985261e-01 -2.696558359071593233e-02 2.065867778323163609e-02 -2.444667124747981479e-01 9.916578903315675930e-02 -2.495933923151773953e-02 1.167950185734689811e-01 5.197311973374509758e-02 -4.091167358892494055e-01 1.163163412165102717e-01 -1.870728138453897071e-01 -6.506416753142330034e-02 2.440212963608244176e-02 -1.002007232292695116e-01 -1.912086993434790050e-01 -1.988552660119143889e-01 1.583034917390024887e-01 -3.947712812523579418e-02
2.610845532227628052e-01 3.623121537771247236e-01 7.118962273210007741e-01 7.810548502103258073e-02 5.335847600177312522e-01 1.000000000000000000e+00 1.540063847124180096e-01 4.660082238145530353e-01 4.464324961081664878e-01 1.202470799852811967e-01 1.293125357400037520e-02 -4.941822483738468608e-02 -1.195677345363140576e-01 -2.576215620279724838e-01 -3.258374035789761702e-01 1.688681125337678779e-01 -3.956938279218198684e-02 1.731216899545382215e-01 -2.084190462278717182e-01 1.396984312889251179e-01 -3.510909408835236056e-01 -1.306221931099657285e-01 -1.474775811907172718e-01 1.798757790274163604e-01 1.214218424231144344e-01 1.754689153205878371e-01 1.595025436428266705e-02 -1.209025127877944306e-01 -1.455125495776292965e-01 -1.769614353365348836e-01 7.410611214052398310e-02 -1.814825268380414469e-01 -1.989299974496449297e-01 -3.494082336385310322e-02 -3.950336503732218563e-02 8.979655465046378071e-02 1.080987686512152740e-01 -2.424699177075911316e-01 -3.670335212685496562e-01 -8.780365382156618895e-03 -3.021250637640682246e-01 -9.309912501081972491e-02 -1.682604948604831396e-01 -2.566454648318018950e-01 -2.415493102168745909e-01 -4.123272518138621501e-01 -2.463352754614989426e-01 -2.500650697702629377e-01 3.829089778305522218e-01 -1.135051213248847446e-01 1.010271418564935159e-01 4.730397878458071359e-01 -9.996820158601581185e-02 5.492925546475609100e-02 7.663559684553566953e-01 8.345514213864073660e-01 2.780583561172644824e-01 4.959495253693790850e-01 1.164763376911304299e-01 -4.511923715879385954e-02 -1.307646083304988410e-02 -2.176884489611480011e-01 3.986842486054108237e-02 -5.995156829757276873e-02 -2.351727347070414753e-01 -2.974571085351363497e-01 2.233938297491883940e-01 -3.275407076038312493e-01 -4.583050545430411571e-02 5.083551770724890201e-02 -2.003647478387887149e-01 7.022242294365910187e-02 -1.380648110644578652e-01 7.938982355502705035e-02 7.356672695013272145e-02 1.878738843292097060e-01 1.423534095403930222e-01 -3.822774800983638754e-02 8.700394427957482135e-02 -2.294744243881940426e-01 2.035811739153077227e-01 -7.362806672658601947e-02 -4.338375118390822710e-02 5.657712501929317711e-02 5.221049474620834130e-02 -1.826669574437859711e-01 1.311177268103488058e-01 -4.306610466941498266e-03 2.223806949827972224e-01 1.298504542199656331e-01 -3.165013685114484443e-01 4.424855889171617519e-03 -1.927244518413691599e-01 3.731042416556067803e-02 1.020830224584099583e-01 -1.674707039668395236e-01 -2.732074280432367774e-01 -1.829726791757394777e-01 3.778835564363973165e-01 1.357295517721041718e-03
6.162183384746009601e-02 4.420128169233817350e-01 2.017471492307990610e-01 4.731309813972894296e-01 1.790284380087505678e-01 1.540063847124180096e-01 1.000000000000000000e+00 5.584476258497684809e-01 7.284989706364265738e-02 3.465022575084902856e-02 -9.445162381629566839e-02 -1.331330049672205529e-01 7.646738899297862713e-02 -9.437961375956675433e-03 -9.206452508800391094e-03 4.437121627308348026e-01 1.148524116045440344e-02 7.802115168976066217e-02 2.838964751047142951e-02 1.369926641976803028e-01 -9.926381546612707274e-02 -1.458103636047096696e-01 6.062393281591655497e-02 -8.243237741531083546e-03 -8.500883711121244579e-02 7.308645029269179860e-03 -4.275996189665916547e-01 -4.459019511650527678e-01 1.232872529160877334e-01 -1.820264854120314801e-01 7.133359711461949304e-02 5.895729212527861529e-02 -2.196393654313861243e-01 -3.426297241301383689e-01 -1.153697853913600579e-01 -3.406335734834745055e-01 -5.507125392925510399e-02 2.486758893502091436e-02 -3.331651320382672532e-01 4.051158367644954739e-01 -4.810538823855312063e-01 -2.250230072022455508e-01 -3.533414484755036389e-01 -1.586707762889333628e-01 -3.871782064080947494e-01 -2.254203020158035420e-01 -2.461961832257262284e-01 -2.070401765675646821e-01 1.342869431970827310e-01 -1.081616021904208413e-01 1.428883206355455460e-01 4.677978869340839174e-01 3.427551642372562157e-01 3.084634596759278646e-01 1.881449766674103408e-01 2.586718756660712493e-01 6.353049944630128065e-01 3.444558065562658422e-01 -1.216792739590600997e-01 -4.188113251392915071e-02 -2.194693235364674963e-02 2.415801012802487255e-02 3.357501936376619533e-02 -8.227766218008650267e-02 1.079933479258100848e-02 -3.101043684362125852e-02 6.082359329528254088e-01 -7.146697776207730501e-02 -2.459544237089185403e-01 3.372320607685156540e-02 7.093023590771263542e-02 2.423381464858486989e-01 8.577302813036645490e-02 7.032157035104251719e-01 2.170457255076603531e-02 -5.439725322230486854e-02 2.245473670723250603e-01 -5.069171253524147602e-02 1.608413621542913174e-01 -3.869994046906582302e-02 -4.105987992986594864e-02 -2.699104919956585857e-01 -2.945731096652335346e-01 1.351437358729058458e-01 -4.052269827868087426e-01 -1.809294603852039385e-01 2.983228896803790872e-02 -4.027703758390852040e-01 6.071823518585135054e-02 4.155808159750734587e-01 -2.698017550936208098e-01 2.007934760227108040e-01 1.619140492405375664e-01 1.198063476396725967e-02 -8.194527668840775880e-02 -9.494348425100737621e-02 -1.496109828172813572e-01 -8.416080064567044161e-02 2.467154101235381480e-01 -3.721688830609577031e-02
2.402475745219408432e-01 7.386382588840799679e-01 5.718420239772172842e-01 5.729918632362036579e-01 5.757788200753445329e-01 4.660082238145530353e-01 5.584476258497684809e-01 1.000000000000000000e+00 4.100142548951966615e-01 2.165252965015287689e-01 6.855220337380188433e-02 3.191616399662857567e-02 2.725249049581695421e-02 -1.374810268077925335e-01 -1.146169736991060756e-01 5.280793214875197927e-01 5.763243558530796451e-02 4.418065982121305857e-01 -3.000106245600732760e-02 2.617994590221220386e-01 -2.306132212014638250e-01 -2.768411789681021751e-02 8.421573719712074912e-02 3.096958063869844624e-01 1.925829936338553927e-01 2.259476761272042056e-01 -1.285869309091531298e-01 -1.997463548142258682e-01 7.132585810790678660e-02 -1.539665256099497781e-01 4.138402686538646819e-02 -1.965955550321667189e-01 -2.945558474693068529e-01 -1.347054654996056033e-01 4.874341520474482353e-02 -2.410616390217450999e-01 -1.440633818506281971e-01 -3.598093321905466713e-01 -5.047029410474216382e-01 1.871105388537082637e-01 -6.102332993650824156e-01 -1.900205838337896136e-01 -2.303389624809332736e-01 -4.525106792302195369e-01 -2.871640330424028442e-01 -4.897674377042612326e-01 -2.354315641292390460e-01 -3.093962227081699101e-01 4.765858627349305043e-02 -3.669305782092084356e-01 2.075175394698930142e-01 7.074563036485842504e-01 3.075530367852472025e-01 4.449916486039729446e-01 5.115872572292392562e-01 4.942796596286454514e-01 7.571052668936707475e-01 7.014344779247124739e-01 1.126612743909526232e-01 5.272829925241215993e-02 1.506419907925229951e-01 -5.816225253990812971e-02 2.004590844526275839e-01 -1.241323268224401866e-01 -1.979475436657889553e-01 -1.219893442541822581e-01 4.065791066516012409e-01 -1.672396901541379488e-01 -9.635253160707164810e-02 3.144741776300029601e-01 1.093072431244462503e-02 3.617487067737296114e-01 1.092116994287035403e-01 4.215012418460261090e-01 2.182662109551247454e-01 2.744971716750017610e-01 4.025116243883917200e-01 1.084546992442776137e-01 7.782516415193113657e-02 -2.832854026958834814e-01 2.056791330404298401e-01 -3.818290576892117705e-01 -2.708316016214354915e-01 2.411595428508452044e-01 -1.255737375790199895e-01 -1.798802250099583722e-01 -1.013149517565093277e-01 -2.039418294152678113e-01 7.356574915642982715e-02 2.258237561105348179e-01 -5.328196214115338281e-01 4.987665692065797879e-02 -1.810652448055694586e-01 -3.003220026427013897e-02 6.779485707162637154e-02 -3.362092036594956923e-01 -3.829856192465506681e-01 -2.478027047432377616e-01 1.189395626282208906e-01 -2.539395794982696186e-01
2.292274428319124036e-01 4.704239003260796692e-01 4.377995168240034762e-01 1.029934677354215344e-01 4.547190323294575398e-01 4.464324961081664878e-01 7.284989706364265738e-02 4.100142548951966615e-01 1.000000000000000000e+00 4.643969868533911471e-01 2.858737519775708114e-01 3.708464336319177712e-01 -3.021035705878603178e-02 -2.173317482692105618e-01 -2.041515119319284866e-01 1.771768851795733554e-02 -5.824893242198023874e-02 -4.953083852907020496e-02 -2.350305702700546395e-01 2.339035319741763486e-01 -1.229434480745566077e-01 -3.225841009542748106e-01 -1.801211484748719838e-01 1.958790683182303483e-01 4.798239958635056590e-01 1.022760790156729410e-01 6.989724196107283127e-02 1.145460313723748874e-01 -1.408750590834071115e-01 -2.246535168893021572e-01 1.213293863046339092e-02 -1.947914488110730480e-01 -1.401218173177382620e-01 -2.932929386542453276e-01 -2.629684861534113960e-01 3.265545863291469120e-01 -1.378340607565191160e-02 -1.417616025379193623e-01 -2.867072737626863987e-01 8.543354438795255912e-02 -1.636335182525368859e-01 3.040404306578225677e-02 -1.665049595795948800e-01 -5.689215723298567118e-02 -2.399595624466770438e-01 -3.214785162121402418e-01 -3.007625023149035903e-01 -3.187632012838253481e-01 1.268624555557061329e-01 -9.661231441133237563e-02 7.802959353724242542e-02 3.016525705210490460e-01 -2.498672272945403061e-01 2.024228934704289662e-01 4.500089937732448253e-01 3.660691326533210832e-01 1.845960918161856923e-01 6.806339942729020542e-01 3.711556757524556716e-01 3.458487348330471223e-01 4.001787800040876308e-01 2.362452332476258285e-02 -4.019809912063995044e-02 -2.038977516890448094e-01 -1.393318211570396814e-01 -1.850189190842053688e-01 2.568354793301453332e-01 -3.353007234583622043e-01 -3.363395423585086030e-01 -9.853265765192162351e-02 -1.783744536559036392e-02 -1.589428382825847363e-01 -1.467989566175104121e-01 1.248271742450927646e-01 2.192615778894193290e-01 4.466037395335228921e-01 1.483220703353688441e-01 2.137613547491350185e-02 -1.334168451271999963e-02 -2.740079935323698757e-01 1.573929558331866596e-01 4.112155304681660434e-02 -1.551310899507967189e-01 -1.280979755354665905e-01 7.369431230221656914e-02 -4.173914738592887086e-01 -7.530966402695740691e-02 2.348573807304453476e-02 2.165520015937277554e-01 2.179727553131437512e-01 -3.277360167869726726e-01 -1.353537169857875477e-02 -1.065346139987416313e-01 6.544283538416328927e-02 1.503745878863408936e-01 8.486398413648231498e-02 -2.042807030725497797e-01 -2.687393164605756946e-01 1.418905121594294105e-01 4.861410584525182460e-02
1.154192163142281208e-01 1.765945959486330541e-01 1.470808254882925437e-01 -7.861554869478535809e-03 1.379200898791574925e-01 1.202470799852811967e-01 3.465022575084902856e-02 2.165252965015287689e-01 4.643969868533911471e-01 1.000000000000000000e+00 5.031182827077387287e-01 5.773218521497297528e-01 4.019241289441059795e-02 3.591312127780154489e-02 -9.310220730308588211e-02 7.459565229334960690e-02 2.542017238344214114e-01 -4.300388926965745262e-02 1.812113693981209084e-01 -4.142811274934204285e-02 6.646045082334814391e-02 -1.233097061937569322e-01 -1.526895651095451500e-01 3.758522454078871977e-01 6.517179029761079878e-01 3.610069985012771543e-01 1.779638132559335784e-01 2.103885061381513266e-01 -8.432592019768901659e-02 -2.782512835371764651e-02 1.643866656315630947e-01 8.824191779803475244e-02 -1.971281168484644020e-01 -1.145216026174027957e-01 -1.071189757316737962e-01 9.316635211914300885e-02 -2.854763551866663918e-02 -2.027702049863258360e-01 -2.803177350348010632e-01 1.474428822883110668e-01 -2.322176270804845177e-01 1.697772152864115147e-01 -3.772172155919788217e-02 -1.101890969881024196e-01 1.330013895225024174e-02 -3.886509465613486314e-01 -2.715203903308827660e-01 -3.906010277991662782e-01 -9.671872819703726532e-02 -1.985000024993043566e-01 7.045521248257573255e-02 6.977871810720949475e-02 -1.642907169087595709e-01 -1.755420960674282035e-02 1.452964902364386468e-01 3.205895427635917921e-02 8.470761761875462981e-02 3.254841134374371614e-01 6.900474639270004484e-01 4.724999099020643634e-01 5.143129552570838703e-01 3.000101498910805534e-02 5.490970228254780233e-02 -4.158138398379896371e-03 2.321629210544073341e-01 -7.687546668513633996e-02 4.988432846112015456e-02 1.446111704007178311e-01 8.819547290279148438e-03 2.833423691225518681e-02 9.572093517345056646e-02 -4.118402771562463399e-02 -5.210200767471083461e-02 1.183184947943467097e-01 4.999939066163796575e-01 6.364325112580180299e-01 1.365728244546798864e-01 1.517160169374246192e-01 1.770072262171467348e-01 -1.255907322975010065e-01 2.506704828557855813e-01 -8.565690391347005606e-02 -3.805200860607087232e-02 -6.985858115503117138e-02 1.582038217233380228e-01 -2.659441180701486163e-01 -7.343254146504042679e-02 5.547003664870144186e-03 -4.260956100804058622e-02 7.444204548123735388e-02 -3.896697852594565026e-01 2.754479681940871089e-02 -9.448318792892333728e-02 2.553679942020648519e-01 2.305727428535312984e-01 -3.252287977828217935e-02 -3.320217782647106319e-01 -3.175630743617541274e-01 -1.399206130311714813e-01 -8.138834994407818935e-02
1.531537677925268182e-01 3.725842756220067165e-02 -6.053545232609665490e-03 -1.030736154412984773e-01 1.415960533129047988e-02 1.293125357400037520e-02 -9.445162381629566839e-02 6.855220337380188433e-02 2.858737519775708114e-01 5.031182827077387287e-01 1.000000000000000000e+00 5.426442312957677760e-01 1.832274606235288761e-01 1.269181397595651184e-01 7.377288274545384938e-02 -1.112073044371076069e-01 9.781504427258613799e-02 -9.500248139433270511e-02 1.178486291688061877e-01 -2.416881510405603090e-02 1.098621002402352387e-01 2.091783248656142388e-02 8.964393753008228008e-03 1.591680760565755415e-01 4.713355878636524277e-01 3.151403307504331841e-01 1.280365106516391793e-01 3.103860724043413510e-01 8.435430396827788002e-02 6.638503646609379694e-02 -4.683788787635325703e-04 1.152906206051632493e-01 -1.956496526381057699e-01 -1.374451412265633443e-01 2.699794596326848470e-02 1.617438294172472146e-01 -6.376697774591044698e-02 -6.958626286625960167e-02 -1.315167655025463456e-01 -1.595683214728867096e-04 -3.811720272350453687e-02 1.321927689390558491e-01 9.080061693137979340e-02 9.025878130617603912e-02 1.364327300183098557e-01 -5.546630773045798518e-02 -3.194483112342332010e-02 -2.945239401589763370e-02 1.670193152040695336e-02 1.910650608483656018e-02 1.285107371919828323e-01 5.375144778512552790e-02 -1.539817895423012395e-01 -8.185220517554933628e-02 3.613490409788486929e-02 -5.435536204884690997e-02 -1.384230282548952300e-02 2.105076765674134542e-01 4.663975226645566963e-01 5.103992987240805190e-01 4.164824771396581915e-01 2.038561341936671045e-01 6.322437171751106588e-02 -1.069061606600033715e-01 1.213479104439912776e-01 7.039482228443755263e-02 -2.602327860363204404e-02 9.315765782740831336e-02 -8.864594834763389608e-02 -4.577909126712956765e-03 1.059782757260565866e-01 2.309108167971441264e-02 6.496062727972504169e-02 1.147547642847025935e-02 3.355089657544874648e-01 4.955881030676319576e-01 1.349793434351872490e-01 2.247499883358736461e-01 7.398916349825478134e-02 -7.231795398375037015e-03 -2.749530139863829228e-02 -3.125828268459111131e-02 -1.098176049982435044e-02 2.347917723598094697e-02 9.761502979862798912e-02 -9.334252749153162942e-02 -1.015222543112497822e-01 1.443494005583911555e-01 9.176313394859514361e-02 2.630176974504353990e-02 -1.888999939089407720e-01 1.331527725533258530e-02 -7.689454969162980158e-02 1.037803719233374722e-01 1.848614422664893175e-01 1.078666323182118497e-01 -6.189740509317314537e-02 -4.413573091801303860e-02 -3.051732391736117905e-02 8.056655701806343661e-02
1.221122073682799070e-01 2.890173432513960805e-02 -1.262224443894762460e-01 -8.475224520736407419e-02 -4.011995852384012129e-02 -4.941822483738468608e-02 -1.331330049672205529e-01 3.191616399662857567e-02 3.708464336319177712e-01 5.773218521497297528e-01 5.426442312957677760e-01 1.000000000000000000e+00 1.704127677588185008e-01 2.635197157282282432e-01 8.603229425039750355e-02 -2.790610357451300469e-02 3.525916423646234255e-01 -8.512817618530590241e-03 3.303850073867322656e-01 -3.235036184305667417e-02 2.286801872926632062e-01 7.715491990455887461e-02 1.315399538336649299e-01 2.739237847886609178e-01 6.733698187561308890e-01 3.072762282401290124e-01 1.863910065812437455e-01 5.788093030436040065e-01 -3.472116985986740262e-02 2.300415072276538186e-01 -9.426167100252139108e-02 7.256001055218923301e-02 -1.429242282503252470e-01 -1.163604321609212761e-01 -1.586311619922823116e-02 1.645442043235320062e-01 -2.122313374685837473e-01 -2.402579461351346535e-01 -2.305305324878627049e-01 3.452355706385736023e-02 -1.141195340069941083e-01 2.084491285539276373e-01 3.741268754915632461e-02 -4.963831851481521895e-02 9.822010847707467185e-02 -1.668700487249599185e-01 -3.103094711764471311e-02 -8.131198277682852305e-02 -6.807685036046277893e-02 -1.350370773439546201e-01 2.116635955506767086e-01 -4.727809462470230865e-03 -5.504946932082779160e-02 3.499089952268986253e-02 -1.034541765007574408e-02 -1.467065308283157232e-01 -3.900933008798137397e-02 1.682838140656625070e-01 5.629510932368445575e-01 7.595969927273914513e-01 6.872864535639833239e-01 1.563181564176007454e-01 7.205961012348430228e-02 3.060553807744739382e-02 3.601079570650671524e-01 1.011843641980691988e-01 -2.715967354303523013e-02 3.355829974210461364e-01 8.120964490196865351e-03 5.886268814572415825e-02 1.825185033182124272e-01 5.270840358671800840e-02 1.890843873578707535e-01 -4.940175708109567632e-02 6.316524953304761825e-01 7.015003789808232915e-01 7.154216666734453112e-02 4.348955354137054585e-01 5.734190697471176767e-02 2.006902506853977183e-02 1.284716663465499363e-02 -1.285859848168716402e-01 -9.681323386376645967e-02 -6.471487562493860590e-02 1.540541720661065817e-01 -6.719104926408815681e-02 -2.959943072613893111e-01 1.707480832656818326e-01 -5.912550622379745754e-03 -1.242587321574703391e-01 -2.992710379463988102e-01 -2.073477510943537994e-01 -2.164365738262988281e-01 1.360929344254001305e-01 1.086833110839412059e-01 6.148604962316065597e-02 -2.040430346374684234e-01 -1.657563216644500903e-01 -1.194332074695368673e-01 -5.235599554915867232e-02
5.697187389164262705e-02 2.798363259232297326e-02 -1.231105218158792952e-01 1.438850707676300744e-01 -1.113340746590439079e-01 -1.195677345363140576e-01 7.646738899297862713e-02 2.725249049581695421e-02 -3.021035705878603178e-02 4.019241289441059795e-02 1.832274606235288761e-01 1.704127677588185008e-01 1.000000000000000000e+00 3.885378802482044036e-01 4.107606683393318359e-01 -1.181065274901287182e-01 -5.685482902031033237e-02 5.047535754902633676e-02 1.267068625027054918e-01 1.063957506627115079e-01 2.528000666646837979e-01 2.101991033395970709e-01 2.920638903784270046e-01 -1.306404257042238226e-01 3.875197673842995655e-02 3.977149237984639596e-02 -7.870393386864764362e-02 5.299525731084567259e-02 3.562588441280443163e-01 2.383267972578081706e-01 -1.839727195242355784e-01 3.740670974843587210e-02 -1.768914728371905054e-01 -1.980349892740960738e-01 7.727370735643208921e-02 -5.483426252408427071e-02 -1.172677242563793104e-01 1.225685862175915309e-03 -2.194434001338991039e-02 8.823310893959177004e-02 -1.847030918537324595e-01 -1.589898569920923099e-01 1.837990398408837975e-02 1.336652065935387546e-01 9.516750720086498971e-02 1.087500567271694474e-01 1.173511262607188355e-01 1.618908429081442613e-01 7.479376771937065738e-02 4.725836285059553665e-02 1.056172936642231219e-01 8.463441003747058933e-02 1.087090731247249142e-01 8.730648880023875180e-02 -1.461450052744113770e-01 -9.350086674893798300e-02 1.418837421542950838e-01 4.919519050250423242e-02 5.393098805275100410e-02 1.826991073541214261e-01 3.346595190732767899e-01 6.491418400167590086e-01 4.282157304899204542e-01 -5.266794269430286057e-02 1.897078112376964984e-02 3.315236970493190549e-01 3.227005431576818878e-02 1.678306805018582315e-01 -1.194006633095303083e-01 2.359051409140395517e-01 3.070054797582584261e-01 3.570314573376005551e-01 3.578059840744567954e-01 1.134396685256884307e-01 8.806831509586385276e-02 5.996016658264212429e-02 2.529249009762268297e-01 2.079720128547546953e-01 2.076183058141261098e-02 -1.243154278280905571e-02 -2.876672511710897107e-01 -1.183014869316070250e-01 -2.127839873791233516e-01 2.156868083793530566e-01 -2.174153065648797289e-01 1.431281989694976331e-01 -9.046826296850725424e-02 5.900152227261824811e-02 1.019341920852407934e-01 1.186132218648613089e-02 -1.425483113808470315e-01 1.600935408848788433e-01 -1.022504760469566780e-02 -1.348958544909452939e-01 -5.427118507030560812e-02 1.833037264352248286e-01 1.011834458702931261e-01 2.124843139222702126e-01 7.189104861373338262e-02 8.072729812115313208e-02
-3.430901701063910347e-01 -1.013099742173033668e-01 -1.971882857415615531e-01 1.046586827305183293e-01 -1.579256744586947370e-01 -2.576215620279724838e-01 -9.437961375956675433e-03 -1.374810268077925335e-01 -2.173317482692105618e-01 3.591312127780154489e-02 1.269181397595651184e-01 2.635197157282282432e-01 3.885378802482044036e-01 1.000000000000000000e+00 7.317565358217658078e-01 -1.752238140491707841e-01 3.851512536059797376e-01 1.002136543124793923e-02 5.438742946707217918e-01 -1.189078899050720894e-01 6.978172137251491547e-01 3.200604871247201832e-01 5.492182493835215951e-01 1.150790577730074898e-01 -1.739473494949957122e-02 2.341343510500573377e-01 9.096325961228045320e-02 3.082107440214199023e-01 5.226965663268763329e-01 6.015549490782418074e-01 -1.781762542530165860e-01 2.862390298967812385e-01 -3.442625767579835655e-02 -9.125597910801147572e-02 1.220531886302352181e-01 -1.640266711523200582e-01 -4.895219441716227443e-02 -2.082259475165378071e-01 -1.158945092748921157e-01 -1.562742605917356864e-01 -2.162542006946905904e-01 -1.941130602182751241e-01 -1.747502953139522808e-01 1.963676376882742599e-03 9.262727511515797540e-02 2.014015993639726443e-01 4.163330475565962807e-01 2.963890981665019964e-01 -2.615885618718652994e-01 -9.661603041099858791e-02 -1.021122842046361667e-01 -1.314974696434206836e-01 1.360030632500756897e-01 5.732779683364491036e-02 -1.448999928557218875e-01 -2.309197639171585992e-01 -1.251714554574388516e-01 -2.037125037492136526e-01 1.483049398619183668e-02 1.512105656191153336e-01 1.128232697383575733e-01 1.067341212898324093e-01 3.072665916948024711e-01 1.918201083397306772e-01 4.712592437525416345e-01 7.172797039069636060e-01 -2.110313327641868131e-01 4.293373945130114500e-01 6.088619747504230711e-02 -1.566772784095810112e-02 6.621722567971455309e-01 1.863313877585305034e-01 6.456106279212628918e-01 -9.022534694421012469e-02 2.899877523925462053e-01 1.010300288124176687e-01 3.424947453661114638e-01 5.668169502370753454e-01 -5.382494656069557876e-02 3.160800219553130397e-01 -4.713630942804224178e-02 -3.835973886299930968e-01 -2.961323979002670748e-01 -4.995589535045390911e-02 7.594787446750986271e-02 3.221706254349400167e-01 -3.553641803790179993e-02 8.413001535775767314e-02 -1.957492705823914991e-01 -2.726493592891031659e-01 -5.903521525896967409e-02 -9.552341853224603774e-02 -1.039853958275802903e-01 -2.408976561073371825e-01 -4.037963889620521107e-01 -8.122369182286326428e-02 1.199761623840973346e-01 2.735351139902171269e-01 -2.349508093917782592e-01 -1.834233884598500119e-01
-3.925098176472259226e-01 2.568246771226371009e-04 -2.046336786385674067e-01 2.898398887218301967e-01 -1.429775219763921856e-01 -3.258374035789761702e-01 -9.206452508800391094e-03 -1.146169736991060756e-01 -2.041515119319284866e-01 -9.310220730308588211e-02 7.377288274545384938e-02 8.603229425039750355e-02 4.107606683393318359e-01 7.317565358217658078e-01 1.000000000000000000e+00 -2.879408516785224581e-01 1.536610195636644582e-01 -5.344862873889636573e-02 3.290581362508760432e-01 -1.239387774389498764e-01 7.348138206415277818e-01 2.856539562668778398e-01 6.716511644589158170e-01 -4.806987976426482616e-03 -1.521433382709966309e-01 1.035661033980773832e-01 -1.721615226302702223e-02 2.269992743058334150e-01 6.332384654821903158e-01 6.101642881393056772e-01 -2.896558702351874071e-01 2.583484552478698126e-01 3.567299427847125948e-02 -2.427382558566776039e-01 1.285496326094917041e-01 -1.494181807057464173e-01 -6.623498356119818242e-02 -1.512528830147634173e-01 -3.791266488425368980e-02 -1.631162511834140794e-01 -2.336183329622773253e-01 -3.100956536449600009e-01 -2.389130842726363557e-01 1.878879749014081002e-01 8.842707196479310250e-02 3.751392192098821354e-01 5.465934875349285349e-01 4.167887358778272211e-01 -2.340533691962892460e-01 -2.112203563390736838e-02 -1.462147403016535174e-01 -1.064847379262631732e-01 1.466404172876236700e-01 2.303454309353713536e-01 -1.796104539824480428e-01 -2.673106891994849188e-01 -8.347861354048277671e-02 -1.424662664566326564e-01 -2.232873237037642511e-01 1.745709005231023056e-02 4.396844598322264576e-03 2.043249651523193211e-01 2.001090737810972409e-01 -1.221729946049980725e-01 1.999274198583534945e-01 8.550652738282595866e-01 -2.052951220291210632e-01 1.732816652877191554e-01 -1.283501948773142221e-01 -7.592967769242847664e-02 6.825499860241449612e-01 1.785140332458441392e-01 6.990478234764607723e-01 -5.200986385795268452e-02 7.756775841368629409e-02 -5.340866748746434661e-02 4.115231106636674241e-01 5.220329678813825369e-01 -1.869057092052033575e-01 3.271556904797428555e-01 -1.595974928353059707e-01 -3.416665315774385925e-01 -2.949580740568819026e-01 -9.021563531228939115e-03 3.589804831014688224e-02 4.250848455233023349e-01 -4.000617384929250342e-02 1.545165163336267578e-01 -1.057813448498579056e-01 -2.357238574186839575e-01 8.253993389085649557e-02 -6.609304565423529398e-02 -7.023714436443170839e-02 -3.538861745797617364e-01 -4.767996505961120124e-01 8.375180167815050869e-02 3.452735899714390322e-01 4.414781253836562724e-01 -1.773985364345101456e-01 -8.401469307243251972e-02
