1.000000000000000000e+00 2.425344813167766567e-01 -6.071063806932042867e-02 9.089181720381651897e-02 1.603572739071309483e-01 -1.345444643737229128e-02 2.144163853786395513e-01 2.449793825377849510e-01 2.711166311411987717e-01 2.537348700276966240e-01 -3.535683096849684959e-01 -2.393304860368349607e-01 -1.724925980335163811e-01 -2.928220711763023232e-01 -2.329288358377346047e-01 1.091322274564244382e-01 -2.859319013824774269e-01 9.783594092479568766e-03 -2.466114713901917388e-01 -2.151089445735692440e-01 -2.252816882572061807e-01 -4.128625289384930119e-01 -2.714134443502894123e-01 -3.005150712330575957e-01 3.491438906087923622e-02 -4.443046476902042241e-01 -3.217632239447791309e-01 -2.153518086448875102e-01 -2.336305388282921558e-01 -2.395397280046223099e-01 3.077295853886812815e-01 1.590365078149041100e-01 -7.424733339164304481e-03 -3.739450505637113009e-01 -4.045107343347753015e-01 7.266557864226803887e-02 -5.447918772379356511e-02 4.266839600026183787e-01 1.643462183960961165e-01 1.900817850959512015e-02 1.841884521380868570e-02 8.755707678295164553e-02 -1.897504013466018435e-01 1.233031996417343346e-01 -6.427290369125078506e-02 -2.394977831674414415e-01 -2.855308447545796824e-01 -2.430758691740105282e-01 1.869421905943829398e-01 -1.225360497320605452e-01 5.857905425187490689e-01 2.848508206815025812e-01 2.117887961615245451e-01 3.520632625711590524e-01 1.622955027390705074e-01 3.920411076374165360e-02 3.225406289542921412e-01 3.287284225641094043e-02 2.376230203282647946e-01 -5.379935648526074088e-01 -2.174965581759546185e-01 -1.059401796689073416e-01 -1.806260831596424032e-01 -3.058157466603882435e-01 -2.858059589833098491e-01 -2.414998410226801839e-01 2.766484940509602586e-01 -2.798312585967083210e-01 -3.864870295443748605e-01 -7.107308061097117324e-02 -2.602900181473155050e-01 -4.179662981843076941e-01 -3.285342242254540857e-01 -1.179001563626707744e-01 -3.603603275129785288e-01 -3.667784682898653226e-01 -2.339995445056816115e-01 -1.995761818043096381e-01 3.092514964691681079e-01 -3.920240543445316361e-02 -3.366809511832769553e-01 -1.651299349719685394e-01 -7.921725612186762688e-02 -3.868451422235066328e-01 -3.707298193615667925e-01 -2.479254698175351324e-01 8.894076895209418465e-02 -1.604057699566822925e-01 -2.247869496839439429e-01 -1.282722411821390074e-01 1.611315779158009054e-01 1.727642229954428066e-01 1.483485982220380806e-01 1.627682066886593226e-01 -2.564634833964458127e-01 -5.993763887188219286e-02 -2.621384415471823548e-01 -2.899710777464752365e-01 2.339965675196577222e-01 -9.907439011535808249e-02
2.425344813167766567e-01 1.000000000000000000e+00 3.791887310965559310e-01 5.473002220759286551e-01 4.387013713128676273e-01 1.887750924317350421e-01 7.315790758256238147e-02 4.318502374345309369e-01 2.505642079356917851e-01 -7.817115485671713437e-02 -2.191558905790484124e-01 -1.593953802882229764e-01 -1.315919263677875206e-01 -8.980358184150173673e-02 -1.184937004154477808e-01 5.931829686072628283e-01 -1.850104666470177572e-01 2.525190990824859316e-01 -2.224601472627926735e-02 -5.431743855577993857e-02 -2.771580761785167116e-02 -2.372954133360429541e-01 -5.364727858715236802e-02 -2.937467781683548718e-01 -1.698415383765513598e-01 -2.721309988596884444e-01 -6.870407149409239744e-02 -1.630261888110387247e-01 -3.619481952613630149e-01 -7.824502267833773062e-02 -1.201340092343646665e-02 1.541347379605422785e-01 1.954378155679321882e-01 -2.578392042969117615e-01 -1.962493339654845792e-01 -1.971206143528316801e-01 -2.320435725456689580e-01 8.362712624166998565e-02 7.249156621735799999e-02 -7.977698670375420187e-02 -1.483859392275845845e-01 -6.715042040192968631e-02 -2.173666182646820655e-01 -1.461833336082472325e-02 -2.708803915698014264e-01 1.248960295260354882e-02 -1.206552142036238923e-01 -1.140866769535473502e-01 1.020528285090660792e-01 -1.855084911790087221e-01 4.423318355958776316e-01 5.986471664229756628e-01 4.300023977133978215e-01 5.356159564691580499e-01 2.853747188920366384e-01 1.745028901331052984e-01 3.928955164947432466e-01 2.772773391184979452e-01 -7.683593169016564306e-02 -2.134532745162329437e-01 -1.089084164595590515e-01 -3.339501157216674676e-02 -1.684283493854334401e-01 -1.309819727789661992e-01 -8.127480918939952725e-02 -8.046990951082019783e-02 5.082393912714141399e-02 -1.322057036416121323e-01 -1.952975988291377196e-01 1.832488629408242711e-02 -7.310654498546563518e-02 -2.817297736351255799e-01 -9.681382664951125594e-02 -4.340607958202632316e-02 -2.131866575200832004e-01 -2.439695221925033408e-01 -2.670054104900027592e-01 -1.523078720413031106e-01 -1.377731590680174312e-01 1.438781844539881727e-01 -3.150022024164131906e-01 -1.914912636825896741e-01 -6.080265967380713010e-02 -2.595645003191083822e-01 -1.328205537586907847e-01 -2.288832214393703157e-01 -2.810090478607211728e-01 -1.255191087768225133e-01 -1.318574445428613851e-01 -1.131758362617896196e-01 8.341776806866785243e-02 -2.838772761342741799e-02 3.498962011065936354e-03 -7.043801657192362564e-02 -2.758088029324801127e-01 -8.656062215379572988e-02 -1.862575201776894146e-02 -1.637310152194781654e-01 2.948979292773438315e-03 -2.222747924800219099e-01
-6.071063806932042867e-02 3.791887310965559310e-01 1.000000000000000000e+00 2.493890903657371150e-02 4.050079416600557702e-01 6.906413641347618482e-01 3.907233307559762059e-01 4.829791180164422215e-01 4.377206908894845094e-01 1.636475462820960458e-01 2.599604551913360373e-01 1.233602758723623127e-01 1.432267965162473122e-01 -1.059805908662670160e-01 -2.199487647400468204e-01 4.799320823138382153e-01 2.884506832779004659e-01 3.929419654411388518e-01 1.542590889428035184e-01 1.035837421514047320e-02 -1.105153036989584142e-01 2.324814595109309934e-01 -1.215639261266084764e-01 1.037424105034102928e-01 2.840567214084702141e-01 1.912734490704720847e-01 6.961417668181155149e-02 -1.034059478761985701e-01 -7.389041538831940537e-02 -2.590894206256468268e-01 -7.361986335129754033e-02 -3.553823821109531877e-01 -2.835702704042621369e-01 2.340759491178696083e-01 1.842503324381149499e-01 -2.967882952418915976e-01 -1.280029784060257581e-01 1.372646635278126637e-01 4.889608970557052237e-02 1.642772402276270749e-01 -9.042476219057732703e-03 -1.576549811526642766e-02 2.347292867152022122e-01 7.356188501781524280e-02 -1.012977179679195039e-01 1.949427296127844919e-02 -1.759854505477520537e-01 -2.014620359801713168e-01 4.404049555382364978e-01 1.712637987662128103e-01 2.799049764628698256e-01 6.260147891462639613e-01 8.452072201303286250e-03 2.184922184555847594e-02 6.274204249753134732e-01 6.936865863958892042e-01 3.265629024857015783e-01 4.229599668077774766e-01 5.435649506517110929e-02 2.815417660893633767e-01 1.514501955302323573e-02 7.985557236977772200e-02 -2.385743414712275801e-01 -1.534548022408597223e-01 -1.290153349756480161e-01 -2.150537652800419419e-01 4.078102695955399676e-02 1.519917579534264263e-01 7.121079142873645851e-02 2.315850292692197276e-01 -1.142280697947750945e-01 8.473047374926322151e-02 -8.475777558654264132e-02 -4.524412837483546279e-02 8.031340175124714043e-02 2.254501597117888334e-01 -6.205935114116212931e-02 -3.104772232869613680e-01 -2.009477089299552266e-01 -2.780362146585139693e-01 -2.205749457938776803e-01 -1.075323164276197341e-01 9.353262131630007969e-02 1.764008483493472723e-01 -1.001290149724864444e-02 -2.300710944488632836e-01 -3.362064825087772157e-01 -2.209277808807623700e-01 5.073290199432758940e-02 2.617747036175919681e-02 -8.057769435749796705e-02 3.985914865457805822e-01 -7.978050901097011316e-02 -1.432333614107560438e-01 1.999939330843122642e-01 4.148340154813133507e-02 -5.810479315762753783e-02 -1.757634974425842656e-01 3.224351685293354031e-01 7.727067777086132905e-02
9.089181720381651897e-02 5.473002220759286551e-01 2.493890903657371150e-02 1.000000000000000000e+00 3.499900024995006298e-01 -4.622274428013140729e-02 -1.695776710782479213e-01 2.476351067478020640e-01 -4.764810618925561375e-02 -4.093130236098379005e-01 -1.745776644535437516e-01 -9.841712996076128206e-02 -9.585355543203132045e-03 1.722815443949065328e-01 2.353576451042111439e-01 1.638978398277945170e-01 -2.295570405040768536e-01 1.088696989834882500e-01 1.091832338307525962e-01 8.055348816005085399e-02 2.874136692903619394e-01 -3.716702077606788279e-01 2.609292810907829496e-01 -3.485283133905849873e-01 -4.317776388421344369e-01 -2.416405847462764489e-01 -1.114373116234207844e-01 -1.034043356016609155e-01 -3.785401298191929942e-01 3.294198059373689702e-01 3.370567498986464655e-02 5.194679974155165247e-01 4.299222478790226121e-01 -4.268929123297923178e-01 -3.174653270150577522e-01 -9.305287550375755667e-02 -1.812218445969831226e-01 -1.839337543578626333e-01 -3.749136549283032388e-02 -3.404396976593377366e-01 -3.048609089643772307e-01 -2.221110877358654923e-01 -4.393707426270191396e-01 -9.606327866680836047e-02 -3.254042571875382928e-01 1.404590665909479300e-02 1.021945444897277566e-01 1.376950490769317248e-01 -6.881697179877488413e-02 -2.702228110584140031e-01 2.306755361166825669e-01 3.883818112357143026e-01 5.717554094701361445e-01 6.884616885628563887e-01 2.946326540375171846e-02 -4.606350179070613921e-02 2.359812089731729290e-01 1.945080590671504350e-01 -3.506589428295496247e-01 -1.319311166425819193e-01 6.806121692700559112e-02 2.341838244028648652e-01 1.594401923407463006e-01 1.837219670552601158e-01 2.339279980262438108e-01 2.870229455039882138e-01 -1.389003999641003628e-01 -4.523477943544947089e-02 -7.958259877334372678e-02 -1.485619758567990889e-01 2.142280652309408451e-01 -2.601038702234407807e-01 1.771210841160908989e-01 -5.396856403495204485e-02 -7.199509715638771623e-02 -3.517748602180988948e-01 -2.181289140837289198e-01 2.472532428938384874e-01 -3.168704538596097547e-02 5.077247566360048037e-01 -2.309693513677964494e-01 -3.265003535028502824e-01 -3.510996208544847064e-01 -4.003170787616967541e-01 -1.127356934446601122e-01 -6.551829111330829958e-02 -1.406308176827478218e-01 -7.455695566346738634e-02 -7.196783813009256792e-02 -3.056312585029565820e-01 -2.002927152855882298e-02 -3.269663932939973483e-01 -8.099212320904029816e-02 -8.144083817492675514e-02 -5.228629162216472670e-01 -1.258051111273663092e-01 4.907886349481029031e-02 5.732300926942691249e-02 -1.313663606754657542e-01 -3.014496541242779326e-01
1.603572739071309483e-01 4.387013713128676273e-01 4.050079416600557702e-01 3.499900024995006298e-01 1.000000000000000000e+00 4.836899631765236851e-01 2.024472574270995140e-01 3.905522123472151552e-01 3.303138711646174119e-01 3.136379355862264212e-02 -1.948018288836071091e-03 -5.448077208475148037e-02 -1.188035899298807013e-01 -3.154459229687912591e-01 -2.862052249377490254e-01 4.095757971084826865e-01 -1.843767623191520377e-01 1.308146491681679846e-01 -1.997888606535473954e-01 -1.973998408944373506e-01 -2.053790541766228883e-01 -1.595981544202239866e-01 -2.307330768270095256e-01 -1.879716155712335135e-01 -5.205102594763979379e-02 -4.744845008736463081e-03 -6.104715244572262584e-02 -5.497376378240557276e-02 -3.599681550947349540e-01 -2.142067555080303387e-01 -1.656703779278493327e-01 -6.584525118834799740e-02 1.950518394107211492e-02 -1.007650474945948893e-01 -1.637772451340435975e-01 -1.517415916221546701e-01 -1.449452673340085596e-01 6.009898015484685385e-02 1.102402779386234682e-01 1.627470278187471758e-03 -7.296380515350663065e-02 -1.579005731001485446e-01 -6.079664566656028252e-02 -1.841471338717947867e-02 -3.478397574877918341e-01 -7.554039383318471301e-02 -2.961789985734314401e-01 -1.981890954751083511e-01 1.610948597880294264e-01 -8.117387113643376173e-02 2.829609665038848587e-01 5.102071158129364292e-01 4.307848535968151205e-01 5.740391397297189835e-01 6.261700190341846772e-01 3.178623109844398997e-01 2.078629129279582766e-01 2.358287710231387335e-01 -9.005825837139490309e-02 -3.178007498465189318e-02 2.473790362899024216e-03 -4.807986620917931858e-02 -4.070547175954429275e-01 -2.984054046749408662e-01 -2.555126426373806603e-01 -2.377132487514199144e-01 9.849283737185351995e-02 -2.792989204074542431e-01 -2.014170368638583120e-01 3.419265887887606298e-02 -2.920946232562792733e-01 -2.261510150091492755e-01 -2.306057306063473422e-01 -8.306144252379160653e-02 -1.787458585299589175e-01 -4.168052748087226755e-02 -3.160945556648831478e-01 -2.504524700035943852e-01 -2.026710514698182308e-01 -5.561759298241189531e-02 -3.305689398304096360e-01 -9.018019011360900450e-02 -1.365261934934200450e-01 -2.131765791050081182e-01 -1.337548785156037201e-01 -3.154277020558476918e-01 -1.641607894966076453e-01 -1.071251121120707223e-01 -1.482992129307598717e-01 -1.059331790850211175e-01 1.435991807951456367e-01 1.199459588142611222e-01 -6.484607518409420124e-02 -2.183455570135338364e-01 -1.681209593731022856e-01 -1.247906519383231161e-01 -8.840357238801779816e-02 -2.293845655662611616e-01 1.061636946712664481e-01 -1.162472738090361002e-01
-1.345444643737229128e-02 1.887750924317350421e-01 6.906413641347618482e-01 -4.622274428013140729e-02 4.836899631765236851e-01 1.000000000000000000e+00 5.231335788661276576e-01 4.924727735527817396e-01 5.106169657937698059e-01 3.978995633014986155e-01 1.617836683951906773e-01 8.103662485983458008e-02 1.342508667933164646e-01 -2.611698152488663438e-01 -3.687328591085264895e-01 4.037164894738781706e-01 2.957104275886002775e-01 3.027336233486315753e-01 3.795464848020106002e-02 -6.043144276441003021e-02 -2.765368877654227897e-01 2.322178809205248384e-01 -3.021480904365457243e-01 5.758054737074786572e-02 3.332661525511543821e-01 1.596022373316007548e-01 -1.039442908690283579e-02 -9.269594311540756137e-02 -5.296171774140637570e-03 -3.865170102561656940e-01 -1.466490158007061756e-02 -4.063130811730436553e-01 -2.955308149838085652e-01 2.793367338002807898e-01 1.545433651402537412e-01 -2.386437040926942255e-01 -9.479969385404878046e-02 2.165758647540837745e-01 2.257128638226864048e-01 3.208119214518262985e-01 7.468637057169967564e-02 -6.931202261067659354e-02 3.004613347420127534e-01 1.132171686932943039e-01 -8.566504107802666579e-02 -5.085400253685003202e-02 -2.984157903058454187e-01 -2.866427567946554511e-01 5.190919008017802483e-01 2.153631764822980521e-01 1.806148395062383838e-01 4.994674905325469094e-01 4.963335027333524302e-02 5.529693157361591227e-02 7.646575888925077891e-01 7.267197108733023381e-01 2.786660019981849756e-01 4.209355807739575406e-01 1.487162820664686969e-01 1.797032079720842501e-01 -1.002298619067329560e-01 7.519381342030458104e-02 -3.486797662011260623e-01 -3.165143347103240301e-01 -2.732593953927896502e-01 -3.746513794735346625e-01 5.874833885567057323e-02 5.891031859253892389e-02 9.465543063386011591e-03 2.347506638398707546e-01 -2.645875123407149254e-01 7.717573388315362992e-02 -2.395702513241199094e-01 -7.969974788014362599e-02 3.273867099241286466e-02 1.410862372677363918e-01 -3.521014121315761691e-02 -4.210826276941121993e-01 -7.797502052003336959e-02 -3.700636298627339449e-01 -2.229335784770789808e-01 -7.173453131048093678e-02 3.320514513869692735e-02 1.508180706206669608e-01 -8.489604728025869351e-02 -2.508859385408258591e-01 -2.462856639983676543e-01 -2.393737585293916337e-01 7.117225234986496001e-03 2.643612256825602497e-03 -9.150551939634156418e-02 4.490442642842501497e-01 3.970276407336991581e-02 -1.949409475433086514e-01 1.513528783270864375e-01 1.689136858474045086e-02 -1.312674211306353866e-01 -2.613147941212892178e-01 4.396925303121846929e-01 1.293323734623344767e-01
2.144163853786395513e-01 7.315790758256238147e-02 3.907233307559762059e-01 -1.695776710782479213e-01 2.024472574270995140e-01 5.231335788661276576e-01 1.000000000000000000e+00 5.947362347423463813e-01 6.891809141716283005e-01 5.398375828727038916e-01 7.096100023397132472e-02 1.128899364238622333e-01 -3.067017517022445003e-02 -4.232573444534787899e-01 -4.933667702724818804e-01 4.054518804878759486e-01 1.377067879032228548e-01 3.553736133416484644e-01 -1.654250976440229115e-01 -1.918762081437684897e-01 -4.567776096082499238e-01 1.268992024457877843e-01 -4.825450883806614022e-01 1.439404140301826229e-01 3.795315315679281820e-01 7.773614919851237759e-02 -1.688688691123884922e-01 -1.367409609693321926e-01 -3.001614231472047364e-03 -5.334695338554844568e-01 1.088036695035735774e-01 -3.576887173388928476e-01 -2.396090017872484212e-01 1.634849253413259429e-01 2.002916511015320755e-02 -3.044273666179901985e-02 3.002609597036012476e-03 4.232579958489570693e-01 3.068337505362416229e-01 5.145044659478171800e-01 3.285501141170509287e-01 1.101471982522283788e-01 4.132270172531717911e-01 2.259076143926695424e-01 -3.260897389241990130e-02 -5.519308192436193916e-02 -4.042328652608275785e-01 -4.645330025328326951e-01 4.905439904296879372e-01 3.144421331810294817e-01 2.914894539318594324e-01 3.295218876922050844e-01 6.421377153211804689e-02 -1.837580934490918097e-02 5.445217689263941452e-01 5.757607114624833100e-01 4.242663665320976496e-01 4.596125224251260688e-01 3.300085322939967925e-01 -1.092506109173448439e-02 -1.291646040208167534e-01 -1.090419416379157236e-01 -3.880660526891931417e-01 -4.394460730560938999e-01 -4.411696307484869739e-01 -5.044408909255877482e-01 3.994923880347408529e-01 -9.803645474443806185e-02 -2.075593844067049054e-01 2.845356397382904912e-01 -4.138951494260896813e-01 -9.204808305991793449e-02 -4.777383308608892376e-01 1.154862402394443710e-01 -5.834227714166784727e-03 1.119406047565875001e-01 -9.240173053156312821e-02 -4.947894534591844029e-01 3.460139830079094619e-02 -4.327225717630110990e-01 -3.091285710285555099e-01 -1.764244258138070870e-02 1.666861135663762509e-03 6.260217620557943785e-02 -2.499623554409587944e-01 -3.546180808493936132e-01 -1.355953903784842540e-01 -2.565035052090092194e-01 -9.061760564109512875e-03 1.906749140202705917e-01 1.053696154037013326e-02 5.018039210510862880e-01 2.176527222825569707e-01 -1.233060878931423535e-03 2.644529611725409679e-01 1.285721412336968648e-02 -1.654989789195933925e-01 -4.204819150735994437e-01 4.342530045988513554e-01 2.101743924307684641e-01
2.449793825377849510e-01 4.318502374345309369e-01 4.829791180164422215e-01 2.476351067478020640e-01 3.905522123472151552e-01 4.924727735527817396e-01 5.947362347423463813e-01 1.000000000000000000e+00 7.322293082514317319e-01 2.538988665700606107e-01 -2.098585629022053228e-02 4.278842834081035551e-02 -1.930328270696636886e-02 -2.572200686500207834e-01 -3.736343047646577542e-01 4.696003286046753211e-01 1.042173537840119929e-01 5.903085840776652882e-01 3.933456006872737554e-02 -1.221240126382650837e-01 -2.422004476764428593e-01 -2.818315480683453167e-03 -2.907460494680395580e-01 -3.600265031618415934e-02 9.557895760956962306e-02 -7.783787797603602954e-02 -1.129398819195417125e-01 -1.199825931763637415e-01 -2.041547092121301366e-01 -3.501643196452395856e-01 7.043997050041866936e-02 -1.893045560168571395e-01 -1.353515936994887647e-01 1.125179753085380346e-01 -8.747253304107191485e-02 -9.087919877764125132e-02 -1.132259719863300262e-01 2.238769228374202502e-01 1.645766955818752098e-01 2.325086445958615411e-01 2.010914773941493428e-01 1.014332333446210238e-01 1.428909584924515641e-01 1.392222182871512282e-01 -1.665095005564210251e-01 2.229645331581476056e-02 -2.992476719166896060e-01 -3.000609648953854180e-01 4.323997618897980622e-01 1.177103123293663511e-01 4.034282975646313329e-01 5.994480799386985304e-01 2.435365389769303945e-01 3.018424300079850520e-01 5.853075187830756310e-01 5.891990290745963144e-01 6.583602117937216169e-01 6.713536712452644606e-01 2.421400549201596364e-01 -1.158500177406694559e-01 -3.589842344500771693e-02 1.705507252450423269e-02 -3.091018937533763777e-01 -3.593561367320867173e-01 -2.747630409444795641e-01 -3.717727112307827042e-01 2.130517186286533526e-01 -1.623567324135146220e-02 -4.789249927534901252e-02 3.618740412877520796e-01 -2.575156857675199862e-01 -2.065988199937856540e-01 -3.280370745296806723e-01 -8.552636214202423990e-04 -1.754171870060589056e-01 -9.024785373437396035e-03 -2.123329392257078951e-01 -3.505185421673951973e-01 -2.023951121729180083e-02 -2.391936518210450446e-01 -2.917034502478313973e-01 -7.822056066094319748e-02 3.163628369874550705e-02 -8.412820692318803695e-02 -1.967406721685988347e-01 -3.029536514684554316e-01 -2.427021133082015725e-01 -1.188267923212539406e-01 7.244404351362258854e-02 6.616973940651534047e-02 7.427543065457126170e-02 2.861954889764653509e-01 1.654811337280689409e-01 9.932955862997963625e-02 4.948116879670362567e-02 -5.405679492629422711e-02 -7.018319618985995045e-02 -2.576397972905562495e-01 3.810236376417460158e-01 9.311838248997608702e-02
2.711166311411987717e-01 2.505642079356917851e-01 4.377206908894845094e-01 -4.764810618925561375e-02 3.303138711646174119e-01 5.106169657937698059e-01 6.891809141716283005e-01 7.322293082514317319e-01 1.000000000000000000e+00 4.777370576239370337e-01 3.303316286409372499e-02 1.409082657604472655e-01 -1.048901139114458564e-01 -4.949794032567391144e-01 -5.869699465146410722e-01 4.907263232690447508e-01 1.196001890335330817e-02 4.705035514004192732e-01 -1.529932423885266013e-01 -2.623633114291200052e-01 -4.739296021657430358e-01 3.409889421063244663e-02 -5.233899945954240129e-01 8.619155599655160815e-02 2.998353431882740394e-01 -2.147367755873807321e-02 -1.858296128557882787e-01 -1.901895846235178433e-01 -1.961771347688866240e-01 -5.677651818084343827e-01 6.731797772449145401e-02 -3.135666008927949222e-01 -2.405844001679381949e-01 1.450562011652990202e-01 -7.532241841436271290e-02 -4.143618709096734409e-02 -1.267986591499995486e-01 4.056058374675033384e-01 2.018922633581655413e-01 3.745982289419067524e-01 2.544106793968829439e-01 3.091204355959591976e-01 3.367046345204492974e-01 2.115901232990337610e-01 -1.082961106300574239e-01 -1.149115654677108356e-01 -4.853788294043770435e-01 -4.890504129101719832e-01 4.804577623935703534e-01 1.787852369686012965e-01 4.325001731525261461e-01 4.800169254586038603e-01 1.499736990986121343e-01 1.516797409183108514e-01 6.144001905556059073e-01 6.495891246437026645e-01 6.401715648345086551e-01 6.105526695408763915e-01 4.481066621681810691e-01 -1.067439328062996795e-01 8.101712695192041583e-03 -1.828122022384217338e-01 -4.759360213277619711e-01 -5.442793209182260616e-01 -4.947218624834578971e-01 -5.799478705555108915e-01 4.296473450960321960e-01 -1.473077272080364764e-01 -1.983880708418324368e-01 3.916371764007809952e-01 -4.637618959657528461e-01 -2.256079181381536736e-01 -5.095644638364282830e-01 8.053505650712175501e-02 -2.005432536616902350e-01 1.591976463378138029e-01 -2.509223600818239475e-01 -5.120130155894921931e-01 1.648641101181110534e-03 -3.960309658046973769e-01 -3.487574971993099848e-01 -2.916704757362482969e-02 1.139137856080936900e-01 -4.765773948995735004e-02 -2.983767832267557041e-01 -3.936610399946682826e-01 -2.171198508334587496e-01 -1.710101027552219655e-01 1.165835369065620127e-03 1.645706029044160801e-01 5.046191882394254064e-02 4.347002412867037036e-01 2.215418859607805047e-01 2.251238542916673413e-01 2.299850612385559157e-01 -8.873465105537867159e-02 -2.288127650868669594e-01 -4.645302561924994356e-01 4.506294728668502891e-01 1.623000899473685532e-01
2.537348700276966240e-01 -7.817115485671713437e-02 1.636475462820960458e-01 -4.093130236098379005e-01 3.136379355862264212e-02 3.978995633014986155e-01 5.398375828727038916e-01 2.538988665700606107e-01 4.777370576239370337e-01 1.000000000000000000e+00 1.081573053951307289e-01 1.166599132021350488e-01 -6.146379914061289584e-02 -4.252243107294531588e-01 -5.047946798825937442e-01 2.620613777622481377e-01 1.408758782394219644e-01 8.196452731426617788e-02 -2.155841484881475256e-01 -2.493187545210915068e-01 -4.697292791773203247e-01 1.630476073168387330e-01 -5.252756900318324984e-01 2.685550539253374058e-01 6.685776520797018785e-01 1.160799098721480571e-01 -1.126358687086348315e-01 -1.133296390992627883e-01 1.535310972763010151e-01 -5.490697562960948908e-01 1.100000481301817157e-01 -4.455858729916510330e-01 -3.545478744430811679e-01 2.055214139873903778e-01 1.510479604488175476e-01 -3.078634853724828216e-02 8.730293408150083256e-02 5.515467843852966956e-01 2.717752988772439426e-01 5.920817470946213579e-01 2.806169900906435033e-01 3.036080221684936964e-01 4.372051867994521945e-01 2.127873806440836457e-01 2.114254685701642544e-01 -2.107597276374525430e-01 -4.159433344408398070e-01 -4.177277301790257025e-01 4.043982998264097906e-01 2.380184054996708487e-01 1.493790325162588362e-01 9.064908937884942619e-02 -1.788529316082660969e-01 -1.766973105335107042e-01 3.675770514098897768e-01 3.604024812043676862e-01 2.334137699433185553e-01 1.895673380832088861e-01 6.273881117759448900e-01 -4.847365162695815854e-02 -1.117852310360371582e-01 -2.592436078528332910e-01 -3.506286967452409975e-01 -4.700850391202336387e-01 -4.340830109943497606e-01 -5.528804934020626893e-01 2.582144656925338677e-01 -1.204668870415009779e-01 -1.881164311519727406e-01 1.313311058348902993e-01 -4.569637711212610198e-01 4.377786683864171025e-02 -4.824444896913895886e-01 1.233983007828199085e-01 -7.813673840598787945e-02 2.369892232443444324e-01 1.749796320844400691e-02 -5.313678775575402247e-01 5.299266994447391493e-02 -5.631982056013756788e-01 -1.947288942722570915e-01 -2.903115890166720406e-02 2.891358499428005047e-01 2.093361883640326160e-01 -1.618962934324549297e-01 -2.363617852082643689e-01 1.896686239726201595e-02 -1.565236940507739871e-01 -6.221457643945743632e-02 8.770231699682762283e-02 -2.512639507147611945e-02 5.319797598017903528e-01 3.676829673858276748e-01 9.456149017306716975e-02 4.130371208550481232e-01 1.127683262874261266e-01 -2.720959481009598280e-01 -3.812335938581447592e-01 4.216697266924585574e-01 2.511879717709865067e-01
-3.535683096849684959e-01 -2.191558905790484124e-01 2.599604551913360373e-01 -1.745776644535437516e-01 -1.948018288836071091e-03 1.617836683951906773e-01 7.096100023397132472e-02 -2.098585629022053228e-02 3.303316286409372499e-02 1.081573053951307289e-01 1.000000000000000000e+00 7.290071854880290081e-01 3.860034752842605443e-01 1.352425994930294140e-01 1.113089624888580209e-01 2.095915490887815050e-02 3.980375734373652885e-01 7.916513977800636315e-02 1.625521459555718251e-01 1.519826952968248712e-01 7.539004359471490613e-02 4.547463317563968932e-01 1.512640132148212468e-01 6.642486720090312602e-01 2.364340346410979954e-01 7.334381710329400672e-01 3.186115543370953151e-01 2.004902934661022817e-01 2.497402521425979016e-01 9.086976863779244740e-02 -4.380654487293770272e-01 -3.318320140788762473e-01 -3.073812573203983378e-01 2.969368472693778571e-01 4.388712639331208143e-01 1.095974592328356201e-01 3.009824186242307520e-01 -1.584212787822857349e-01 -1.414164108892812244e-01 1.909417773073760483e-01 2.166810798935001336e-01 2.112639301433687777e-01 4.555253474299368333e-01 8.662848523171286230e-02 1.916617468872253982e-01 1.078784467409329983e-01 1.418644929815821853e-01 6.957269082811763650e-02 2.256500624467604743e-01 3.987069970440463296e-01 -2.657807146076227034e-01 -6.401971975251492808e-02 -3.659912098677176595e-01 -2.819679732507152092e-01 6.062563472383237367e-02 2.442348043182305251e-01 2.005191197129904332e-02 1.053213849610994957e-01 2.037698139390400620e-01 7.766788330013090214e-01 6.250410994047945756e-01 1.522061782165904653e-01 6.708652190619547595e-02 1.726137429143217161e-01 1.276383676893940444e-01 1.261482015099849308e-01 2.062766220233973602e-01 1.874834820877762098e-01 1.712906175796619079e-01 4.058347777290179786e-02 1.093895881963948963e-01 4.028387681905426509e-01 2.123356358950690692e-01 4.066854041852324131e-01 4.679889394395458369e-01 7.103152755295263354e-01 2.117536987258004655e-01 1.578038040076772397e-01 -4.224799262399187572e-01 -2.361456137478566419e-01 7.881657560044580402e-02 5.428755326969263856e-02 8.784616454678390030e-02 4.706409389843370650e-01 3.341338311144472217e-01 4.954154287165230680e-02 1.124435101772930518e-01 1.413392430048711346e-01 2.190402380068968702e-01 3.095775005752613995e-01 -2.657059894364838248e-01 1.395892240358868053e-01 -5.685955785541042112e-02 5.936120239226384127e-02 4.714067387292723565e-01 1.820905325687982301e-01 1.836593565774863324e-01 1.576351761050325540e-01 1.887271277542164616e-01 4.379186948992472295e-01
-2.393304860368349607e-01 -1.593953802882229764e-01 1.233602758723623127e-01 -9.841712996076128206e-02 -5.448077208475148037e-02 8.103662485983458008e-02 1.128899364238622333e-01 4.278842834081035551e-02 1.409082657604472655e-01 1.166599132021350488e-01 7.290071854880290081e-01 1.000000000000000000e+00 4.359019550124941800e-01 4.241342813723417149e-02 5.223078499841555394e-02 4.414318748516691399e-02 3.144401122996342002e-01 1.498679074479508933e-01 1.228485398600373812e-01 8.792830900872375399e-02 -2.426629203524342804e-02 3.472457509344487048e-01 9.867694531600217089e-02 6.066561969871526738e-01 2.024908086642693006e-01 6.568936805034857329e-01 2.400478352479037680e-01 1.332728749996204831e-01 9.415655785123824839e-02 6.803050687170801580e-02 -3.631781634057869024e-01 -2.103076314447991091e-01 -2.361948814049271983e-01 1.686740164465173331e-01 2.790048929382318299e-01 1.458126676156594470e-01 1.670113228046682108e-01 -1.615261187138118670e-01 -2.004622631138353317e-01 1.759545803423447352e-01 1.926079284364240196e-01 3.098287678116224964e-01 4.452050631431378469e-01 1.302387565451641749e-01 1.679211877948696141e-01 3.898964634091414694e-02 6.441936281406651643e-02 1.713154473020021828e-02 2.303388424048395666e-01 2.838173762423336077e-01 -1.793634241430415444e-01 -7.140599854258991575e-02 -2.801408057756744618e-01 -1.631169324606731585e-01 -8.279364254439371476e-03 1.725192806246512445e-01 1.652136789731150635e-01 1.801654684375444126e-01 2.235574620110797883e-01 6.108427318572658971e-01 7.188308251180395292e-01 1.971588297174804993e-01 8.249168204330127596e-02 9.339513534381234383e-02 4.609333412123142043e-02 7.166473488273439330e-02 3.238289354812974308e-01 1.029000022992501567e-01 9.240259255923394255e-02 1.243497181666501084e-01 2.773295093493555533e-02 2.426339152891974493e-01 1.488320667298277666e-01 4.133567810737606152e-01 4.258835336421900042e-01 6.523244572071199565e-01 1.049297818296701379e-01 1.804456227931103274e-01 -3.764035514659088699e-01 -1.790343353287772721e-01 2.281339212171012640e-02 3.488359983465857961e-02 4.327667352538345363e-02 3.109748693676810394e-01 2.067817736125641959e-01 1.381691116384415642e-02 3.836352413969217057e-02 1.450062767654012597e-01 1.740691149796562975e-01 2.894374978363414286e-01 -3.124835272403827524e-01 2.579351517569584279e-02 -4.769324407789587994e-02 1.741621491930356036e-01 4.196561336914362839e-01 5.681580257245339577e-02 1.020390707242950085e-01 8.144569419971685320e-02 1.265305610597502184e-01 3.409497481843349886e-01
-1.724925980335163811e-01 -1.315919263677875206e-01 1.432267965162473122e-01 -9.585355543203132045e-03 -1.188035899298807013e-01 1.342508667933164646e-01 -3.067017517022445003e-02 -1.930328270696636886e-02 -1.048901139114458564e-01 -6.146379914061289584e-02 3.860034752842605443e-01 4.359019550124941800e-01 1.000000000000000000e+00 2.956793055326164543e-01 2.241792143916531976e-01 -1.292577718194659331e-01 5.733162503057235293e-01 1.780212009300158327e-01 4.545045691160341517e-01 3.251700299740480915e-01 2.145809210563487113e-01 4.013831705737243016e-01 2.241984661689385983e-01 2.695381869455913959e-01 3.871585523374995730e-02 3.368472891044594353e-01 3.372059821368810217e-01 2.347760827369826664e-01 2.489531005114602458e-01 1.964126558489606711e-01 -9.051728801927361179e-02 -1.002263097745884901e-01 -1.096731496878694673e-01 2.564963855246925051e-01 3.358172652353539345e-01 9.629661144410238405e-02 1.997114254597312788e-01 -1.972750096261734476e-01 -1.267649907378949337e-01 -6.157671737550889091e-02 9.521549418943855980e-02 -8.715065177041633748e-02 1.288794273275802316e-01 1.046749322368388108e-01 6.642507390691987368e-02 1.914585312508663151e-01 2.652714496680718681e-01 1.566255720857700207e-01 1.836001960957804879e-01 2.519033075770403807e-01 -1.184504483085089682e-01 2.444918534189647816e-02 -2.154825842678270431e-01 -1.349714767142810301e-01 1.920592611181891340e-02 1.215243707555073438e-01 2.713360163364722522e-02 1.348916256184664875e-01 -4.157653172273460818e-02 3.988719539255738411e-01 3.098235448525266111e-01 7.002706333284017814e-01 3.054932077663900514e-01 2.059874147953509871e-01 2.217005296495047351e-01 1.873680446180851222e-01 -2.512236504031537324e-02 3.840926078394101273e-01 2.921952066866083109e-01 7.351067733545958716e-02 2.233106207501846519e-01 3.366464181257585175e-01 2.108629333626367841e-01 4.491865109946108214e-02 3.625966780851132554e-01 2.302571992031133830e-01 2.875917798273385784e-01 2.632182278802810416e-01 -1.035246822519996501e-01 -3.862198976044341984e-03 1.445332853897606795e-01 -2.173491918083690980e-02 -3.696294718972447518e-02 2.911183280847997046e-01 3.084738818655597958e-01 1.545274844686663762e-01 6.797868907376553027e-02 1.470132305247249527e-01 2.120869275522474506e-01 9.484191231734009908e-02 -2.607303431528398829e-01 2.023823717554715587e-02 -1.781209915427051094e-01 -1.091173861247818899e-01 1.179620614054368716e-01 1.659586288196665538e-01 2.253277187769739121e-01 2.210846017620273218e-01 1.204409028112289060e-01 2.083761516476705378e-01
-2.928220711763023232e-01 -8.980358184150173673e-02 -1.059805908662670160e-01 1.722815443949065328e-01 -3.154459229687912591e-01 -2.611698152488663438e-01 -4.232573444534787899e-01 -2.572200686500207834e-01 -4.949794032567391144e-01 -4.252243107294531588e-01 1.352425994930294140e-01 4.241342813723417149e-02 2.956793055326164543e-01 1.000000000000000000e+00 8.453873459423565384e-01 -3.007976930905802426e-01 3.463276682712541632e-01 1.019075462010608363e-01 6.285530027103538586e-01 6.383555040171180472e-01 8.290929086993862329e-01 1.952534533884384138e-01 8.419156047903177953e-01 8.038628491078866900e-02 -2.730822287986856556e-01 6.548064140707614278e-02 3.277990567254786547e-01 3.350752314818384314e-01 4.051591153105687515e-01 7.390039374676153905e-01 -1.116057282655548016e-01 1.019228548377598548e-01 5.209119030293896113e-02 2.786293295358627589e-02 2.106725007486817680e-01 1.419125474024884037e-01 1.842925706617968284e-01 -4.478095085919907570e-01 -1.274692467172916510e-01 -2.079798654387372825e-01 -2.414181441537453440e-02 -6.432018861433841384e-02 -1.630668907262588507e-01 -4.339207232985006768e-02 9.967133294058511117e-02 4.402152543260090534e-01 8.318380315372283507e-01 6.948456157404689915e-01 -1.558205653143124036e-01 2.759624789690104038e-02 -3.997121993914907745e-01 -2.038768914999041504e-01 -2.027312122392581628e-01 -1.403830548037396653e-01 -4.066835474582009002e-01 -2.298615127206792286e-01 -1.334563106751255057e-01 -8.376542647884016590e-02 -2.725762580136459334e-01 2.261556577718992489e-01 1.593101115872088691e-01 3.686458477521131205e-01 7.793028185497297144e-01 8.244652204656909289e-01 8.421809070093749794e-01 7.955126260851155262e-01 -2.084930158641782882e-01 6.089671551208096778e-01 4.877296222181210505e-01 -1.467747226918214021e-01 8.162480289472807682e-01 3.511670731005841484e-01 7.604693347664608361e-01 1.425114061041083402e-01 3.326518406609009770e-01 -3.243395145643023642e-02 5.235972238503401321e-01 6.921332394800245869e-01 -9.320492757886605917e-02 1.972320098413682665e-01 3.980661829185123679e-01 -5.565441328755513922e-02 -4.813304027025067794e-02 1.713118046299040298e-01 4.646590032920324131e-01 6.023089049642895709e-01 1.824446077223236540e-01 2.425491594276787954e-01 3.364875033135466542e-01 3.349707548304144827e-02 -2.697339821388865522e-01 -3.681502009169927980e-01 -6.882821533347588394e-02 2.215574539927568989e-02 -9.425727924453752848e-02 2.066926857831545006e-01 5.501759689064681380e-01 7.282297962509963751e-01 -1.630199998982801435e-01 1.236265688040558142e-02
-2.329288358377346047e-01 -1.184937004154477808e-01 -2.199487647400468204e-01 2.353576451042111439e-01 -2.862052249377490254e-01 -3.687328591085264895e-01 -4.933667702724818804e-01 -3.736343047646577542e-01 -5.869699465146410722e-01 -5.047946798825937442e-01 1.113089624888580209e-01 5.223078499841555394e-02 2.241792143916531976e-01 8.453873459423565384e-01 1.000000000000000000e+00 -3.724701743557568001e-01 1.505949622692091261e-01 -1.211784200827174286e-02 4.642425150233077114e-01 5.309377567370927586e-01 8.124078304244242155e-01 -1.514816699987037510e-03 8.758659692988076673e-01 -7.991603871618924507e-03 -3.634528776288076801e-01 6.065729402513662938e-02 2.107191917690516281e-01 2.759729957223703845e-01 2.784675890197932380e-01 8.358063941650074602e-01 -1.363343537906243907e-01 2.338530998747733458e-01 1.413003922053193973e-01 -1.772530937039552279e-01 4.229211826130521712e-02 1.897045078921437145e-01 1.451314198105093101e-01 -4.620367303056672204e-01 -1.691292363459244719e-01 -3.013750256559374341e-01 -1.138604162980693946e-01 -1.297367519437804817e-01 -2.522665306649143901e-01 -9.659311521290228630e-02 1.871446357072796204e-02 3.670557307966331728e-01 7.687896972613618152e-01 6.656888991897178531e-01 -2.521098348951879564e-01 -7.518070545443114594e-02 -3.865750190502333927e-01 -2.642813641166863459e-01 -1.232485982568117672e-01 -4.680510331372688543e-02 -4.913758272782416947e-01 -3.574156950377567754e-01 -2.212141253213529002e-01 -2.008172912753631856e-01 -3.559486706151840374e-01 2.030386597160794282e-01 1.886778232124817489e-01 3.682215448623205600e-01 7.858932391422445152e-01 8.843477334388147870e-01 8.527112727516937829e-01 9.061704938241859075e-01 -1.891977260880128575e-01 4.693010138038544721e-01 3.478374645866720294e-01 -2.099850143614424014e-01 8.099268861742164871e-01 2.549393284657635594e-01 8.241025446235153984e-01 1.477895519869895091e-01 3.538392089193787560e-01 -8.379932087093605597e-02 4.057798679406930398e-01 7.913501659898004581e-01 -1.024823831707875332e-01 3.323247942791862086e-01 3.382480027873765449e-01 -6.151158119179014894e-02 -1.640570586281775989e-01 4.166446910713225704e-02 3.718769774826768404e-01 5.702044557195530272e-01 1.880249266835948840e-01 1.955449386420411995e-01 2.606606570439788384e-01 -4.076860293126750856e-02 -2.458539967265701842e-01 -4.484507517514733643e-01 -9.271021387470115838e-02 -5.849822737614026463e-02 -1.843759887008905585e-01 1.421379626484307046e-01 5.014715331694811207e-01 6.832913242464485615e-01 -2.753079421707789742e-01 -8.929996746646257089e-02
