1.000000000000000000e+00 -3.774894293614560609e-02 4.275982837210904330e-01 -3.903187924597233127e-02 4.245655688679093182e-02 -2.294416745178476102e-01 -3.142228401867332432e-01 -3.257070728231878376e-01 -2.869019676114460404e-01 -2.319421736280337654e-01 -7.636155227739724327e-02 2.097503292863378901e-02 -2.707097699180073258e-01 -3.145415254504093650e-01 -2.228217752852970357e-01 6.976514624794022401e-02 -3.554041468722735631e-01 -3.385191655986716230e-01 -3.591053568594161916e-01 1.792033325809417460e-02 -2.187638174268788371e-01 -1.536810882117547183e-01 -1.411292739807329943e-01 -2.239100860202538068e-01 -1.330240224083132916e-01 1.657038785202236686e-01 1.777315760359821431e-02 1.241294243793530788e-01 -1.221967012600624486e-01 -1.290057636639310723e-01 -1.427871326538138474e-01 4.349670444049654749e-01 1.169266190697134666e-01 -2.094573818411224475e-01 -2.029910849173562626e-01 2.061895248935535219e-01 2.357712019065701381e-01 1.513927975661644998e-01 -7.655848217522888410e-02 -1.432483552568063201e-01 3.345715617556276923e-03 -1.607025304705341495e-01 1.698471152574600462e-01 -1.425981165010387630e-01 -1.064647947570452752e-01 -6.059571722669425398e-02 -2.116469139703462954e-01 4.561686794464715755e-02 1.814913580880362920e-01 -5.038412705881040871e-02 6.852906216795119354e-01 6.546223384043123317e-02 -1.513385451778558564e-02 -4.403533968792738146e-02 3.754622203021236448e-02 -1.435750680451568229e-01 -3.301608404864372903e-01 -3.705893947876607863e-01 -3.214586314800255140e-01 -6.445578856822965774e-02 -5.275794729487185385e-03 -2.960468130107721252e-01 -2.838305038709983963e-01 -2.808367515062783482e-01 -3.567176288067419043e-01 -1.227242278327440456e-01 -1.632094316002369871e-01 -3.884661041953183513e-01 -3.372975089951498195e-01 -2.767820512172333713e-01 -3.418338324303450415e-01 -1.811821413337959541e-01 -2.065562966839246950e-01 -3.702104344633054267e-01 -2.487783029022700709e-01 8.754291201662928179e-02 -2.630166825707139222e-01 -1.493451119726877940e-01 1.080019942640745786e-02 1.148219806719255054e-01 -2.495996460406175177e-01 -4.487222818825500198e-02 -1.719018427624334211e-01 -2.630950183377389062e-01 -1.931935269645660702e-01 -2.200502954076694329e-01 1.322635269331177699e-01 1.279025666505939907e-01 2.183610472861297405e-02 -3.212903882366022756e-01 -3.312792183935556189e-02 -2.657942752900575578e-01 -3.604341217750567372e-01 -2.842676082238433377e-01 7.337803381069718522e-02 -2.090982782354755265e-01 -1.743446036855519632e-01 -4.856366257361052763e-02 1.488266897082473617e-01 -8.413205645319536685e-02
-3.774894293614560609e-02 1.000000000000000000e+00 2.531728782075665651e-01 6.571938299706002740e-01 3.755251848406561122e-01 3.314708644782896063e-01 4.625045903404848557e-01 5.192079481523383944e-01 3.117929414055198856e-01 8.169198462585352746e-03 4.986209453967395920e-03 1.752594573529727973e-01 3.032709171916849605e-02 8.273898023413994718e-02 2.910917215559814461e-02 4.650786624597435526e-01 1.869349874356917851e-01 3.415933857422228104e-01 2.252613872456173116e-01 -3.302470397062526319e-02 1.811669836028274305e-01 -1.469551122214148194e-02 1.385442734042532931e-01 1.846985922071361086e-01 8.735090975135012537e-02 6.926189691777573376e-02 -1.384073382524863283e-01 -1.152044561273506268e-01 1.994072536288459818e-01 -3.383875320404210185e-02 -1.913200537826441339e-01 9.271876444764931557e-02 7.999228583541159732e-02 2.284322225959758632e-02 -9.453996534684278030e-02 2.721157618258221098e-02 -7.672705965960445462e-02 -1.916856023287095701e-01 -5.321695322845918646e-02 7.043169795418305346e-02 -1.429347317388233451e-01 -9.435850066592174623e-02 -6.481103982625922855e-02 -1.573374537453534339e-01 -1.410834061033593712e-01 -3.665200023523268458e-01 -2.072954796681766021e-01 -2.458899746908380646e-01 1.486389972246291435e-01 -4.032379768508939644e-02 2.083592095398743502e-02 7.447821667768934617e-01 5.616665269790936943e-01 5.736138144272310280e-01 3.252317716665147906e-01 3.188544053257276190e-01 4.690536215252770202e-01 4.569383440779683503e-01 2.426580144060432043e-02 2.847916785180748533e-02 7.424647502706795132e-02 6.633298966851053358e-02 5.531936087662404911e-02 1.176857123369410563e-01 1.813041356088249956e-01 2.201908746406809961e-02 1.480599818116981325e-01 1.884597125786743599e-01 1.532501436692373931e-01 3.505514307685323461e-01 1.735704173504317160e-01 -1.510893034204802967e-03 1.313939857992870996e-01 1.303398268576153596e-01 8.808641714179207827e-02 1.018645128849214182e-01 1.515381877302183211e-01 3.471352954209501462e-02 5.599175208681372862e-02 1.082438790003524831e-01 7.044754446290733829e-02 -1.840159746461424717e-01 -2.020407990997423742e-01 -1.238126658573212302e-01 -1.078124100317635475e-01 -1.181455857850381846e-01 1.351472993687044544e-02 -2.897183722131075889e-01 4.116875006909488655e-02 -4.789103717124939576e-03 -4.726178248562372397e-02 2.780123336961430602e-02 1.591045400110931429e-01 -1.985747949286213732e-02 -4.111709332809011103e-02 -2.006907703353406069e-01 -3.033177037708545964e-01 -1.570189001331938339e-01 1.922242613433661207e-01 -3.575512763191772414e-02
4.275982837210904330e-01 2.531728782075665651e-01 1.000000000000000000e+00 3.747007945132523055e-02 -1.689353190464912557e-01 2.865645018881610162e-01 2.540009820129426887e-01 2.247488598965069750e-01 2.542633018778591714e-01 -1.217403190260782225e-01 1.891326238556195749e-01 4.049415735701004659e-01 6.616312633823516476e-02 2.103903056850804643e-02 -2.513354348903740557e-02 2.479803111451193420e-01 5.813436484315381153e-02 5.782199070381884021e-02 -5.786518198210403169e-02 -1.446569508513066704e-01 5.463279252687006093e-02 7.274150586589378520e-02 1.001484589927605223e-01 1.720357298839073346e-01 5.875441381911288702e-02 3.757655166724579998e-01 1.288659179940129518e-01 2.218427004300237704e-01 7.803062570650373675e-02 9.976770386828147374e-02 -1.118477744161197468e-01 1.781973064205902291e-01 -2.053318208815633691e-02 -7.361851508064494454e-02 5.452992253072809492e-02 -4.359602848218505078e-02 -6.827811088527026284e-02 -9.891742799790896601e-02 -1.764659926520766864e-01 2.714402124671631833e-02 -1.447996438491193638e-01 -1.915792320504115451e-02 4.145005071518226281e-01 -1.257482593110560709e-01 -1.316019099692520289e-01 5.425826981660213794e-02 -1.577052590827426881e-01 -4.080096359150901797e-02 1.052789918445914269e-01 -1.219426003069662284e-01 4.659800807958660029e-01 4.265151381507245043e-01 2.661852873086795190e-01 5.279512811884069790e-02 1.524193971294061367e-01 3.486960310730733426e-01 8.245580805568419880e-02 2.235013843838561942e-01 -1.378025812203277078e-01 1.766741021372603970e-01 3.227955393938501949e-01 7.618976103289371027e-02 -5.456374999416402360e-02 1.655576793098941088e-03 -1.334882756660059865e-02 4.820661509281012197e-02 6.647279477910614243e-02 2.498253574355948151e-02 -5.713365390822749273e-02 -7.559777026219303975e-02 -3.139322964148340972e-02 1.495979677200031943e-01 6.995098551846730406e-02 1.242441450195751196e-02 1.855071938999831027e-01 4.267650497029131240e-01 -1.162795793341322124e-02 6.923910659457935268e-02 8.706078506708532505e-02 2.203759092999641594e-02 -4.377373224831562076e-02 -2.068139194025214456e-01 -4.106227965930042689e-02 -2.397576243743299376e-02 9.541374840505056909e-02 -1.578104386152590355e-01 -1.282886020941522431e-01 9.851266450745267689e-02 -1.807693387567318455e-01 -7.908767444383128786e-02 -1.548777868402033409e-01 -1.915802674219007351e-01 -9.059906559336249054e-02 -1.113147950855496587e-01 3.508620496106527598e-01 -1.558650138847190447e-01 3.154693181959766779e-02 -1.449969194645985872e-02 9.595244176853819085e-02 -6.074901119544549866e-02
-3.903187924597233127e-02 6.571938299706002740e-01 3.747007945132523055e-02 1.000000000000000000e+00 5.654153660279930271e-01 2.046952023853733094e-01 3.350060844544233141e-01 4.108256968321094549e-01 1.634230587866853379e-01 -9.444349258410365822e-02 -7.735270457041437675e-02 8.670858653305252295e-02 3.006095490669952533e-02 1.603151108880015718e-01 1.836289554336121566e-01 3.453990234974587681e-01 1.611094407416500951e-01 3.067305193094225779e-01 2.674022386117524963e-01 -2.911038517092658789e-02 2.151825824032343737e-01 -5.824823572985039777e-02 1.984674899067830067e-01 8.736041446009622236e-02 1.540770338497468236e-02 -2.250125550841579683e-02 -2.988405189289422559e-01 -1.352744363594606813e-01 1.795966069791061492e-01 7.117414696253900053e-02 -1.938434165851936342e-01 2.337947384056449363e-01 3.039017137506447863e-01 8.249092740118323108e-02 -2.046433366450552682e-01 7.598255119873838226e-02 -2.229697711788837522e-02 -1.784839145008384198e-01 -2.291689101133243672e-02 -2.005515659006297524e-02 -8.962933956431860805e-02 -1.285566639699277924e-01 -1.941279158729319332e-01 -1.074701909099091135e-01 -2.650430416675908507e-01 -3.832204366922775107e-01 -5.547367105740003135e-02 -1.540855337341931197e-01 1.758940443710284851e-01 1.562332539655056536e-02 -1.130700044056520276e-01 5.879291808102112826e-01 4.939350037037412156e-01 8.005503317975281030e-01 3.885262755053989769e-01 1.206255583874852738e-01 3.493997942862184791e-01 2.475594022155687690e-01 -7.073466262971449259e-02 -5.422247228628793159e-02 -6.719760859309300768e-03 6.743484522434717299e-02 1.155603696184533680e-01 2.130040388193421286e-01 2.487747622331230035e-01 1.511258549324248079e-01 7.428553504971445801e-03 1.641537490906324892e-01 1.509719619438078808e-01 2.728241672779820881e-01 1.436711028419942748e-01 -5.482257648070606310e-02 1.791161483486516937e-01 3.122355903627770102e-02 -6.869496897424798298e-02 -2.371859078512111516e-02 1.147477088400864348e-01 1.746935424991012953e-01 6.514650248278916478e-02 3.678143399720408269e-01 6.510931651153559208e-02 -2.415376272561622351e-01 -4.266884042124334808e-01 -2.743190252752269465e-01 -2.486356046041633960e-01 -2.099062509303933205e-02 9.106777563487110372e-02 -3.088746699156075248e-01 2.865164802102071473e-02 -1.116688451137229504e-01 1.466836487878591918e-03 -5.343182144933643352e-02 5.784627655825892029e-02 -6.305653140088064712e-02 -1.676231839181033245e-01 -2.090733039949945749e-01 -3.880201808977528088e-01 -5.225879058337312699e-02 1.653065863612457886e-01 -3.574790833527622031e-04
4.245655688679093182e-02 3.755251848406561122e-01 -1.689353190464912557e-01 5.654153660279930271e-01 1.000000000000000000e+00 -1.119793004177057627e-01 -2.305862428214253967e-01 -1.726397380100687107e-01 -2.408066243064184986e-01 -1.451328289914483594e-01 -2.474068542181009911e-01 -1.779711524203901885e-01 -3.328468829233872661e-01 -2.721059333294314486e-01 -8.591476870278297318e-02 2.949524785815428596e-02 -2.796021614545367018e-01 -1.313876093138491574e-01 -1.688007817667394328e-01 1.610189220024561552e-01 -5.923239147136993149e-02 -2.639606328720205952e-01 -1.035144998090259255e-01 -1.206695489460159892e-01 -9.863155973628985607e-02 -2.539601002060332124e-01 -3.478082670616692296e-01 -6.788213156122158143e-02 1.799216481309112436e-01 -1.858299418574087258e-01 -3.191322417385076826e-01 8.485046954440905731e-02 2.324236907736573488e-01 1.378646893884589823e-02 -3.744369328391842777e-01 3.761876417602858513e-01 4.029038622947612169e-01 -1.676782845396450894e-01 7.325816500813123189e-02 -1.248431042183486585e-02 1.332199869635081191e-01 -3.055529634438735598e-01 -3.601493180062392829e-01 -1.281987655496056866e-01 -1.936835778814814391e-01 -3.926149594008393473e-01 -2.606605077031954112e-02 -9.057340510738971784e-02 1.634642715343816721e-01 1.166189223454054680e-01 -5.609068964662788925e-02 1.412603080875727835e-01 5.743551299611867472e-02 6.072255784668464385e-01 5.486719214647864939e-01 -2.679306566871091921e-01 -1.592717580704260671e-01 -1.962687259918281524e-01 -2.179390723947114694e-01 -1.992828952232032214e-01 -1.959007119603337344e-01 -2.673512604705495788e-01 -3.461116138651146312e-02 -1.016774959732514721e-01 -9.433057747089140799e-02 -4.027899550494608988e-02 -1.408063897790459151e-01 -2.906652087614856605e-01 -1.646991772571037849e-01 -4.035050641190868898e-02 -8.287411655493510942e-02 -3.771033059988253555e-01 -1.790293719253807370e-01 -2.947572877105459344e-01 -2.904313113924046341e-01 -2.757876638277793058e-01 3.551762328450783907e-02 -7.043231265064633928e-02 -5.798194083086315176e-02 6.374337061573857877e-02 -4.044265714693470043e-02 6.306604686757251443e-02 -3.520755180400085282e-01 -3.686127494534627846e-01 -3.663979574233283132e-01 -5.011346543662430209e-02 4.134544454896883492e-01 -1.482715564553631071e-01 3.123233478879018366e-01 -1.116227997639109015e-01 6.055545911444575741e-02 -1.873190765191292961e-01 -1.974768724173330270e-01 -2.418521714407845802e-01 -4.447351344279721341e-01 -1.174430250807429049e-01 -4.381429951194744654e-01 -3.626526308102768353e-02 1.272162507121806230e-01 1.413740914512048585e-01
-2.294416745178476102e-01 3.314708644782896063e-01 2.865645018881610162e-01 2.046952023853733094e-01 -1.119793004177057627e-01 1.000000000000000000e+00 6.260989008549256996e-01 6.385883790227189216e-01 7.370932975679624910e-01 3.155877599472626804e-01 3.564792821724126481e-01 3.267734489030079681e-01 5.390886997250623480e-01 5.098842856238662291e-01 2.220294909847899401e-01 2.659080563324500157e-01 5.838065554693229187e-01 5.047654308278997082e-01 4.684754401424135462e-01 -8.815370633491279029e-02 2.495663792055094199e-01 3.063927768937480534e-01 2.310076982986037641e-01 3.390360735646701373e-01 2.764045432322184137e-01 2.261443309479649333e-01 7.997442905837824634e-02 1.190755211858731712e-02 2.360111423978664136e-01 1.520687129255956505e-01 4.434459050484297615e-02 -1.685857296353384382e-01 -1.300159675425166805e-01 1.148374669915235430e-01 3.131485203734035716e-01 -1.473443164184803644e-01 -2.997122237084712260e-01 -2.946228155652514877e-02 -1.249708998633110163e-01 6.923529593483145061e-02 -2.177512441790429576e-01 1.409996371903229073e-01 1.359552076074930504e-01 2.319056393231702928e-01 5.787278647449227431e-02 5.314852339168811557e-02 -5.227637527656918415e-02 -1.964665605940719151e-01 3.829217139281288484e-01 4.928257163004962776e-02 -1.216356270139482693e-01 3.374492748499165473e-01 2.110928973587423430e-01 1.261192401688156772e-01 2.110356614604761150e-01 7.185017502819678326e-01 5.007493149452859615e-01 6.854458853787296357e-01 4.292934695228209363e-01 3.563811913242159179e-01 3.293911525512046024e-01 5.523758852790411344e-01 3.163855282550997461e-01 2.960393251400745829e-01 2.433748764521556085e-01 6.764815368282550700e-02 1.755313666743449630e-01 4.879113534667856023e-01 2.225092176946285860e-01 2.495397510489942572e-01 2.327896137610188376e-01 3.274511179378598036e-01 2.290978862694986740e-01 3.936955398139250217e-01 3.276489382812343698e-01 2.743958891113261744e-01 2.342513689956464695e-01 2.080194893158637814e-01 7.495828763627973568e-02 -7.955883788683072722e-02 3.390119363966778189e-03 -3.346475832338174916e-01 1.975885383559685196e-02 8.457340180871532331e-02 9.277531872476577068e-02 -1.243264243711129091e-01 -2.162289340047519604e-01 -1.203795110707458343e-01 -2.118524052916789246e-01 1.338132947089536260e-03 -2.360219774692296768e-01 3.096364986378464246e-01 3.460274372543640231e-01 2.204554939674124026e-01 2.110228586659254613e-01 6.173761460505943627e-02 1.052896111180276484e-01 -2.020032853943518336e-01 3.001597350092022887e-01 1.310961917396257295e-02
-3.142228401867332432e-01 4.625045903404848557e-01 2.540009820129426887e-01 3.350060844544233141e-01 -2.305862428214253967e-01 6.260989008549256996e-01 1.000000000000000000e+00 8.286239351360570327e-01 6.860225451436315902e-01 2.163727717404368422e-01 2.472585323387055389e-01 2.879859661293129869e-01 4.584634248361691977e-01 4.620242829269889384e-01 2.142787957509771912e-01 5.221881256556906159e-01 5.911227933918542510e-01 6.612006894294185644e-01 5.192793838239881943e-01 -9.959729867968260264e-02 3.732700955424871347e-01 2.969485505067360753e-01 3.084723561504933986e-01 3.702204862708612931e-01 2.256638050689500630e-01 1.911743805349565284e-01 2.470971840226348151e-02 -1.815419425804456477e-01 1.884337026965791084e-01 1.682363790472999610e-01 1.644822527471833107e-01 -2.861521544411693707e-02 -1.420500468671153510e-02 1.675209025923042327e-01 2.861926274083346766e-01 -3.022334441947606143e-01 -4.828871097707716498e-01 -3.925715395498310945e-02 -8.530358717665581514e-02 2.096726025752070066e-01 -2.299537073835670742e-01 1.372209994483658269e-01 9.920453636782829154e-02 1.274069281000709923e-02 -1.035030702982954465e-01 -5.662570556331290167e-02 -6.486142296620088510e-02 -2.074599348540519805e-01 1.282383957554764642e-01 -6.808045184183401932e-02 -1.287549918064181120e-01 5.968848949268098503e-01 5.541978164630094739e-01 2.553617387649081971e-01 6.295903390929155630e-02 6.112855498637387308e-01 7.590129572068152752e-01 7.403468178762256935e-01 3.099804037888975738e-01 2.547848730798993322e-01 2.122874009611629420e-01 4.519169794283666164e-01 1.831049142366565630e-01 3.460325800071878399e-01 3.986451681020464211e-01 1.137799902446916256e-01 3.591466864236009804e-01 5.926915515639360477e-01 4.123347232733491352e-01 4.984872767866677101e-01 4.014457585861632705e-01 3.585658491711161688e-01 3.421923457981810857e-01 5.225334839835131806e-01 3.694636688188478457e-01 2.298222232422676148e-01 2.554107774529426056e-01 2.161372856739822435e-01 2.010498960187057094e-01 1.360357330494864347e-01 1.709645249236412812e-01 -3.280992858898003073e-01 -3.344322343240959533e-02 1.007593162343290577e-01 1.073322703870552980e-01 -7.160128091527542815e-02 -2.796193337788183686e-01 -3.012580265540645841e-01 -2.294613709076263053e-01 7.936253428577896840e-02 -1.122849840551045919e-01 2.733010378278753483e-01 4.265703737113182847e-01 1.851041018821516504e-01 1.935831053411830038e-01 -9.522452021902198804e-02 1.958068456611165853e-02 -1.491896786734550617e-01 1.287681927836610563e-01 -7.428190276706596318e-02
-3.257070728231878376e-01 5.192079481523383944e-01 2.247488598965069750e-01 4.108256968321094549e-01 -1.726397380100687107e-01 6.385883790227189216e-01 8.286239351360570327e-01 1.000000000000000000e+00 7.016020866164491832e-01 1.616303824281385693e-01 3.001182603500745505e-01 2.840919348484458595e-01 4.724665976661845401e-01 5.140479985739716540e-01 2.295867523209387528e-01 4.981677159853348802e-01 6.256667597707897821e-01 7.079965874257938552e-01 5.616596342167411438e-01 -1.356699348062415100e-01 3.205951857570289443e-01 2.600163640848170976e-01 3.323424066248330533e-01 3.390633620091180189e-01 2.452452632577200586e-01 1.907121983312297375e-01 5.691622685869095893e-02 -1.300867298607290001e-01 1.628002634134212978e-01 1.560476630398381082e-01 1.662105536471464584e-01 -8.879826895427801736e-02 -4.221155197458371228e-02 1.994184928466873341e-01 2.704230845919312065e-01 -2.882873554642980118e-01 -4.854802283108857752e-01 -7.940058604873630188e-02 -1.270221095441254611e-01 6.591881277878891554e-02 -2.551467654450220723e-01 1.561081343450583803e-01 8.722442740139006723e-02 1.127821739426528580e-01 -2.586390853171917359e-02 -5.596960730769014875e-02 -9.181434515583482281e-02 -2.426872368738437757e-01 1.578817305596869613e-01 -3.646832839140027455e-02 -1.695114073387279652e-01 6.155794429994125849e-01 5.622303405590033387e-01 2.804597424904993752e-01 2.845749451006534397e-02 6.417600039215697327e-01 8.198348948595172159e-01 7.828394486311440748e-01 3.095988401835141346e-01 3.171398248468411118e-01 2.349668395577751978e-01 4.818418510004957023e-01 2.271923271739239303e-01 3.636944639557697645e-01 3.837827667352294858e-01 9.051400100310852403e-02 2.595496573774719873e-01 6.122919408448589396e-01 4.701597724205932027e-01 5.658442651325277239e-01 3.499230063893929432e-01 3.865622063367009087e-01 3.587868996636159880e-01 4.733252146659057691e-01 3.637496925734610698e-01 2.485987144143239069e-01 2.293789474720822064e-01 1.994021276414609800e-01 1.764137224904908097e-01 7.417563868278302663e-02 1.960971701699464331e-01 -3.094161202814790235e-01 9.375556863029975777e-03 1.598976998720016696e-01 1.563759358099714447e-01 -3.779094893115503978e-02 -3.061376233503552147e-01 -2.507560042949082413e-01 -2.205539681509476879e-01 1.105328034234497742e-01 -1.032743823102265646e-01 3.119661170684366325e-01 4.281437600978095226e-01 2.448861740875682425e-01 2.039180800347360212e-01 -1.476588745275353096e-02 4.823354160156703013e-02 -1.472656886900981510e-01 1.920149377521958578e-01 -7.876046215899951131e-02
-2.869019676114460404e-01 3.117929414055198856e-01 2.542633018778591714e-01 1.634230587866853379e-01 -2.408066243064184986e-01 7.370932975679624910e-01 6.860225451436315902e-01 7.016020866164491832e-01 1.000000000000000000e+00 2.762313592413128127e-01 2.920619987318252564e-01 3.025684154222539335e-01 4.674618790824404124e-01 5.314442992976562419e-01 2.217238878072837482e-01 2.582618094295013322e-01 5.417797027739997828e-01 5.254207452487533736e-01 5.085028993047910895e-01 -1.637209501274867196e-01 2.310166657482097541e-01 2.310975210323291396e-01 2.370028973958838714e-01 2.734469829397362384e-01 1.671243645519669974e-01 1.731068206535517906e-01 1.618008979641901712e-01 -7.684753630167430460e-02 1.334437856559098079e-01 1.510027167138587867e-01 1.708526257405920679e-01 -1.420188649190354813e-01 -4.139426211405686229e-02 1.157689727699345306e-01 2.927702435403966019e-01 -2.307530247929925338e-01 -4.041450792072405207e-01 -1.074031987616788364e-01 -1.449876094194833820e-01 5.451786520430219884e-02 -2.201054891287269333e-01 2.750295652525626688e-01 1.914927221812496583e-01 2.112464672920486009e-01 5.854773109829283784e-02 1.092044608573723152e-01 -1.842839261316011126e-02 -1.668580615947623802e-01 2.078369205929113672e-01 -5.002478093285524230e-02 -1.396600093273238918e-01 3.741062539361120209e-01 2.811892171229876669e-01 6.328553133229655736e-02 9.685946712255191771e-02 6.855797694046792401e-01 5.422832159286640197e-01 7.626031973830651456e-01 4.231008050983526281e-01 2.979198857213286589e-01 2.366176452071108716e-01 4.469140749028395199e-01 1.838617045432375530e-01 3.216538834639866007e-01 2.500390289273862754e-01 7.224506592329558996e-02 2.083206630362738621e-01 4.566430697656838067e-01 2.135815139235010540e-01 2.909563537005693812e-01 2.248380222283662688e-01 3.002081555739875562e-01 2.376040136939075176e-01 4.235578918214876754e-01 3.090775645994382481e-01 2.363865903535155855e-01 1.710495834233475843e-01 1.414836200497458785e-01 1.029660746926399778e-01 -2.153888721820330920e-02 1.181085512046895110e-02 -2.716994812867346010e-01 9.892800840700431697e-02 1.376247076625412846e-01 1.586084937142187290e-01 -9.495855333365217643e-02 -2.904142329732765648e-01 -9.923173079077766967e-02 -2.432287638867046131e-01 5.565702259471369540e-02 -1.388761071207136877e-01 2.264130669282564123e-01 3.735858367357988707e-01 3.185233817785496635e-01 2.077110847666255866e-01 1.050295986304770335e-01 1.883034120256329991e-01 -1.853487292995976976e-01 1.699306792605745076e-01 -7.653878024257709800e-02
-2.319421736280337654e-01 8.169198462585352746e-03 -1.217403190260782225e-01 -9.444349258410365822e-02 -1.451328289914483594e-01 3.155877599472626804e-01 2.163727717404368422e-01 1.616303824281385693e-01 2.762313592413128127e-01 1.000000000000000000e+00 3.294217554066204007e-02 1.334336434968708407e-01 2.258094395849114810e-01 2.008826218455560531e-01 -9.901566633112725280e-02 4.100138810062638195e-02 2.119649033471914801e-01 1.247136292914341818e-02 1.073096812523237908e-01 -3.522352515310621657e-01 -3.824655792512306890e-02 1.963535944404363187e-01 -1.434887561787089316e-01 2.798360106488098076e-01 4.818225296778160804e-01 2.169076272907865047e-02 -8.403721540570095044e-03 -1.039181577445073834e-01 5.084042376510912453e-02 -4.975111134248413197e-02 1.846401853217354561e-01 -1.908477279880135546e-01 -2.661825770258740564e-01 -1.164672468875188882e-01 2.541945025985826168e-01 -3.113115075858803316e-01 -2.378800581416069815e-01 1.750978923028857770e-01 -3.091472187159280405e-02 4.858763098060031593e-01 -3.913852318891834492e-01 1.278348947045655493e-01 -1.219325954188131139e-01 -3.333963259041973319e-03 2.648630420993326740e-02 -1.210709407339204957e-01 -2.479999298817743003e-01 -4.111842901099839187e-01 -1.155702870463967691e-01 -3.401547253112968128e-01 -9.610478617042016170e-02 -5.737826215440481464e-02 -3.320634675980271844e-02 -1.849778218118862672e-01 -5.692321493636082891e-02 2.591827640418816192e-01 1.366335218495699777e-01 1.893647929484422454e-01 7.906122648097761996e-01 4.015588932569004454e-02 1.116198985533472104e-01 1.887158090339980943e-01 1.381697477156252629e-01 2.242135089444899018e-02 -7.784452601937247307e-02 -1.324418735371296618e-01 1.548395720044997148e-01 6.937887576936442591e-02 -3.793311412171290059e-02 -8.238514426444440431e-02 -1.034625622866479355e-01 1.921962570915138890e-01 -5.315976774692150048e-02 4.307473495046009737e-01 2.067223311360744942e-01 1.592898944535887651e-01 9.906826322381059868e-02 1.213706454970152164e-02 1.894329077425734864e-01 -1.128126912051577030e-01 3.127068768228991741e-02 -3.050998034801881698e-01 1.119754481732789936e-01 1.531473230225111337e-01 6.617151468180218488e-03 -2.372001565330243145e-01 -4.634079609228661939e-02 -1.044044234175790370e-01 -3.497104166983307505e-01 -8.978710788621954708e-02 -2.530575547213125831e-01 4.403688350119437378e-01 2.712253726806875820e-01 2.053281545303601019e-01 -1.457233600747244728e-01 -4.918878699583344866e-02 -5.119689745712158874e-02 -3.863591837472167834e-01 -2.286514303678977844e-01 -2.369807605257649996e-01
-7.636155227739724327e-02 4.986209453967395920e-03 1.891326238556195749e-01 -7.735270457041437675e-02 -2.474068542181009911e-01 3.564792821724126481e-01 2.472585323387055389e-01 3.001182603500745505e-01 2.920619987318252564e-01 3.294217554066204007e-02 1.000000000000000000e+00 5.979645083832916264e-01 4.233430680936068335e-01 2.711083133265724809e-01 1.287049019327513311e-01 5.251609472028250652e-02 3.566244800648299407e-01 2.481146449115332608e-01 1.406376807914710425e-01 4.144443454628524322e-03 1.266526975531302446e-01 2.699248952151060976e-01 1.136066540806805608e-01 3.032002993900974608e-01 2.669314425534581314e-01 5.287405368157129804e-01 2.046820876385139210e-01 3.212592287164353633e-01 1.796224788792060989e-01 1.606552401701561161e-01 -2.028455765625786569e-02 -1.800547395783524962e-01 -2.802097683192071309e-01 1.157742858841531997e-01 2.605476540784514849e-01 4.711741524684732313e-02 -1.159722010378516355e-01 -3.700791134762806273e-02 -1.489174922929900335e-01 -1.059598067065457699e-01 -7.110551039460852318e-02 1.788126529243200258e-01 3.822099583925027133e-01 2.141254952895522978e-01 2.526117546816918358e-01 1.268030542710341380e-01 -7.421813241157645957e-02 -9.330773570547444551e-02 2.402684786244552451e-01 1.680095608084893610e-01 -3.671289841178401042e-02 4.060240176574537313e-02 -1.640912023661595526e-02 -9.574949894346072854e-02 -4.461645964606850145e-02 2.801705506270324997e-01 1.856350487065037413e-01 2.578570068093020140e-01 1.441659581490930542e-01 7.757604305615111162e-01 6.100419893783978198e-01 4.346535313992178629e-01 2.174853526887280952e-01 9.224173531176316221e-02 6.925926539292037720e-02 3.948658069224642714e-02 -1.835750725927837862e-02 3.363940691162521923e-01 1.699344724385322691e-01 1.167417934829042409e-01 1.183544993315048255e-01 4.167281304850313228e-01 1.330123215482806043e-01 1.610322065878923015e-01 4.316432093676235704e-01 5.782143053514473552e-01 2.023436773156449819e-01 1.804357957768129295e-01 -9.772848665635909537e-02 -2.859047499410464210e-01 6.035046170946157043e-03 -1.519751263679560982e-01 2.775507429424251549e-01 3.032940846570555404e-01 2.428978836575725331e-01 -5.402249120189754616e-02 -2.128124211337370786e-01 1.731872178777528748e-01 -3.837605556526224593e-02 1.619356077458252163e-01 -2.034886343319491087e-01 1.299311627009531178e-01 7.742115708980600031e-02 1.791043013521638472e-01 5.246231909106435776e-01 1.818210418609777224e-01 2.133752172494640387e-01 -9.461261336064775984e-02 2.597342147402982304e-01 1.300856470801775855e-01
2.097503292863378901e-02 1.752594573529727973e-01 4.049415735701004659e-01 8.670858653305252295e-02 -1.779711524203901885e-01 3.267734489030079681e-01 2.879859661293129869e-01 2.840919348484458595e-01 3.025684154222539335e-01 1.334336434968708407e-01 5.979645083832916264e-01 1.000000000000000000e+00 4.357446472111692892e-01 3.240730362171295731e-01 2.039029247428737202e-01 1.092010008041564284e-01 3.450147976191125787e-01 2.040695678928727275e-01 1.661760618470427553e-01 -2.018854124223493363e-01 2.226514955137537943e-01 3.194708933826415631e-01 2.224391545498620448e-01 5.576750211016210379e-01 3.102263417293485426e-01 7.040763624813449750e-01 2.099328337914377896e-01 4.591278730238727013e-01 2.999554216402174900e-01 3.659981563485836253e-01 -1.018396233861024458e-01 -8.560989960672320265e-02 -1.215718456458538127e-01 8.076038644107590148e-02 2.510002835557249012e-01 -1.172193679268806465e-01 -1.282696190861830621e-01 -3.442592063323521301e-01 -3.860603928297807186e-01 4.711725947916919899e-02 -3.383945359122739194e-01 1.262286147972327410e-01 4.140484736704362900e-01 -1.479535860666729430e-01 -5.743127300762970733e-02 -5.712600237458303337e-02 -1.328664084489310504e-01 -1.732606385436679108e-01 -3.437615758550044420e-02 -2.534788447697625124e-01 7.326566267303398494e-02 2.112915179190515136e-01 1.237419595581441545e-01 2.638096760008978511e-02 7.499782211105315843e-02 2.465441508292857409e-01 1.231043190135719667e-01 2.282668663321559543e-01 1.521212763066670248e-01 5.673504879432763603e-01 7.777911822325054292e-01 4.610157311114954082e-01 3.189172113457187097e-01 1.787911491981129808e-01 1.576271871229047439e-01 2.186723399104859022e-01 -1.171008390068541960e-01 3.331587557800255728e-01 1.736490815592818260e-01 -5.598553262763912228e-03 8.694542217074979762e-02 4.517215948738678710e-01 2.805714530917470251e-01 1.149328513577807936e-01 6.232923678767303688e-01 7.625662762907432501e-01 2.999516497348334587e-01 3.905572003212455234e-01 -7.899118362887433409e-02 -1.600403784183599132e-01 1.996727990161901167e-01 -3.800035511258129106e-01 2.228333284198280237e-02 2.192570697887097908e-01 3.064682658693818063e-01 -9.249590713079597348e-02 -2.578407374332845059e-01 9.598258002039780634e-02 -3.279597037417567029e-01 -2.898206334960306413e-02 -4.349570530363487397e-01 -1.632085542214027352e-01 -1.591238826568212306e-01 -7.360367127780273466e-02 4.276532888747525130e-01 -2.261604448345120311e-01 -5.259494846675843993e-02 -8.351678557279977599e-02 -5.522856588476001555e-02 -2.298809671023072654e-01
-2.707097699180073258e-01 3.032709171916849605e-02 6.616312633823516476e-02 3.006095490669952533e-02 -3.328468829233872661e-01 5.390886997250623480e-01 4.584634248361691977e-01 4.724665976661845401e-01 4.674618790824404124e-01 2.258094395849114810e-01 4.233430680936068335e-01 4.357446472111692892e-01 1.000000000000000000e+00 6.210543674143489401e-01 3.541711770884568566e-01 2.160497239478273435e-01 7.090764995161762396e-01 5.030474990511748512e-01 4.789992187642171939e-01 -1.042241988022976629e-01 3.355818003067453370e-01 6.226491543850574129e-01 3.700134031992277084e-01 4.149601189891484188e-01 2.733169349872743292e-01 4.278722914756279416e-01 1.523375503035395984e-01 1.047551816343523234e-01 1.891510590615882170e-01 3.767590890786448043e-01 1.849364203531462247e-01 -9.495042155394078920e-02 -5.186834670760303440e-02 3.383092880613610132e-01 5.110020191605506579e-01 -3.238921157590012312e-01 -3.805031098433255821e-01 -5.640880250332129531e-02 -1.674378427582722539e-01 1.117703385794877047e-01 -2.629409988279995392e-01 1.673118415503355993e-01 1.646656264274405368e-01 8.189929498541366482e-02 1.202350728486086505e-02 8.676625360674854182e-02 1.166612637671500113e-01 -9.115901281052131433e-02 9.313127934060047575e-02 -4.652313432891331396e-02 -1.324815172444580025e-01 6.779662093136878953e-02 1.599404200081719629e-01 -9.414387898940851374e-02 -1.517327520511993766e-01 4.471642236541003013e-01 3.630380624778975496e-01 4.024554599390865461e-01 2.980050455036081791e-01 4.058143843681862317e-01 4.368718079858304737e-01 8.772365204703641561e-01 4.979824926603466095e-01 3.799940669647771108e-01 3.690290154544964007e-01 2.260734541230390582e-01 7.655455222060039699e-02 6.213424998089048801e-01 4.092894489365952460e-01 2.667663494183640238e-01 2.837165543603135109e-01 6.230929659684041333e-01 4.147600826677093622e-01 4.042800591276569655e-01 4.563548011676404337e-01 3.413610123464023705e-01 2.908674449113014537e-01 3.798687165386786524e-01 2.395783627129081245e-02 -1.165189760546788030e-02 2.135019907094866942e-01 -3.071907389537096855e-01 1.009561388643309271e-01 2.615190868016004644e-01 2.687991793742512403e-01 1.063387585963126158e-01 -3.130053084862716162e-01 -2.849969770787577975e-02 -3.048410592911666162e-01 4.903311809982114494e-02 -1.578764292442957629e-01 2.347396031081553092e-01 2.503607671972329363e-01 1.329612210025749308e-01 2.963784964577417247e-01 -2.710193288679400500e-02 1.931318846547130097e-01 -2.280202343291289416e-02 1.079598901447833131e-01 -1.086091394160584728e-01
-3.145415254504093650e-01 8.273898023413994718e-02 2.103903056850804643e-02 1.603151108880015718e-01 -2.721059333294314486e-01 5.098842856238662291e-01 4.620242829269889384e-01 5.140479985739716540e-01 5.314442992976562419e-01 2.008826218455560531e-01 2.711083133265724809e-01 3.240730362171295731e-01 6.210543674143489401e-01 1.000000000000000000e+00 6.623126612233127819e-01 9.361737313290501017e-02 6.415989980543581606e-01 5.595813512982961146e-01 7.093532021178636793e-01 -1.306943190864336968e-01 4.743747199101993051e-01 3.995643396412708603e-01 6.445429869317004234e-01 3.616572419803231186e-01 1.576034545811396126e-01 2.301035686257842938e-01 1.685089378841958807e-01 5.621949641141167631e-02 2.243425263841371808e-01 5.679434147050429482e-01 8.457248448913375072e-02 -1.172639098445241446e-01 3.700267270318615548e-02 2.784284971692626010e-01 2.513978372346257206e-01 -2.279806478574585293e-01 -3.350144015720854518e-01 -2.315568115171754981e-01 -2.372351932035185462e-01 -2.264589085205806485e-02 -2.588636128511804801e-01 1.938509559850043196e-01 4.071271910346525164e-02 7.322307264824801099e-02 1.269516067972138208e-02 9.065973280648373378e-02 2.381789120605845855e-01 5.640835658723419160e-02 3.987599033355155448e-02 -8.783123105258816565e-02 -2.869651830847786966e-01 1.150905920070065813e-01 1.522688562357349396e-01 1.394220139902711125e-02 -1.331848197318108162e-01 3.876864822540042055e-01 4.118440267319022907e-01 4.354242018153940963e-01 2.655520336565984629e-01 2.217791869770673607e-01 2.416428250466887417e-01 6.055791738215642317e-01 5.642433909990414165e-01 6.707430393125233259e-01 5.586651361627484880e-01 5.229520435308608883e-01 -5.152733204488175317e-02 6.374603673079102251e-01 4.044532174252838397e-01 2.851517740127353373e-01 3.245727697608355999e-01 4.366458309602765930e-01 6.246329988467478334e-01 2.997206339190000568e-01 3.003520261313408768e-01 2.012446676393936651e-01 2.875735569322279694e-01 5.430574993981028831e-01 -2.691404686979126035e-02 6.892808287557145031e-02 2.403010632924428014e-01 -3.238701019140893811e-01 -3.035920398529736927e-02 1.362902608479519551e-01 2.540711705070413662e-01 2.501441590473708065e-01 -2.496143887754246893e-01 -1.067087151795148292e-01 -2.776716917204264945e-01 -4.482417069654564927e-03 -1.964616111115968788e-01 6.945474210886033728e-02 2.121679117916000779e-01 1.956494631071347134e-01 1.320131123832719577e-01 -4.253064573057808301e-02 1.694184160813153039e-01 1.415521785960514867e-01 2.467890196057647041e-03 -1.384276041781067890e-01
-2.228217752852970357e-01 2.910917215559814461e-02 -2.513354348903740557e-02 1.836289554336121566e-01 -8.591476870278297318e-02 2.220294909847899401e-01 2.142787957509771912e-01 2.295867523209387528e-01 2.217238878072837482e-01 -9.901566633112725280e-02 1.287049019327513311e-01 2.039029247428737202e-01 3.541711770884568566e-01 6.623126612233127819e-01 1.000000000000000000e+00 -1.287355680782023559e-01 3.653708740737739991e-01 3.842362090665045748e-01 5.182087083098837477e-01 5.498893238255125188e-02 6.536020340832773279e-01 2.047808982021629975e-01 6.806596589016463694e-01 2.461672990302355424e-01 -5.114569690078125085e-03 1.243315313320193516e-01 4.173756341704188549e-02 1.486388140942662139e-01 3.787218437567845264e-01 7.392801835776242614e-01 -3.537006042843388043e-02 4.696792112886057774e-02 9.980976923962611713e-02 1.970158961329885605e-01 9.703400030007866897e-03 -2.694199568239288162e-02 -6.119130095303979000e-02 -2.579396654276127632e-01 -1.859898816710433278e-01 -1.763013030074836729e-01 -1.054744122769658149e-01 7.010014471088404919e-02 -5.208601121553100427e-02 -5.184838796770785407e-03 -8.983959745597544511e-02 8.496447967094560016e-02 3.828135925436604858e-01 2.987697332514362980e-01 2.068684786080852642e-02 -1.619427414555911493e-02 -3.586394057217353604e-01 2.238049713306620656e-02 -2.276028421172899760e-03 1.202953415372050305e-01 -8.314671958461467005e-02 1.278177125768722722e-01 1.503637948150428894e-01 1.971793663929888862e-01 -6.919962008565541667e-02 1.073042730315283827e-01 1.326443441734640460e-01 3.526272283732712065e-01 6.193374557981528028e-01 7.307134335730012253e-01 7.251414143224490516e-01 8.474438962986405866e-01 -1.932361529797976818e-01 5.308709190546918588e-01 3.487244142798314184e-01 1.526430904688753087e-01 4.920230149660334007e-01 2.333414863879919032e-01 7.160544845083655074e-01 1.789588536888709822e-02 1.652441807083527558e-01 8.071435394829008791e-02 4.296172716265302394e-01 7.266414417769858636e-01 -1.317669562180191767e-01 1.936106678410502990e-01 3.036658143463596971e-01 -2.492293317162625199e-01 -2.615357441459837395e-01 -4.552525425948397014e-02 2.144886728193750036e-01 4.014700366988239733e-01 -8.069515284576210534e-02 -1.943528466308732175e-02 -1.267595668531782127e-01 -2.547414135388345255e-02 -1.811964919824258224e-01 -1.817437225785784316e-01 -2.036077002295122451e-02 1.442333700562562458e-02 2.713908536344366434e-02 -6.971203282434904058e-02 8.138225452713028496e-02 3.961443537767804779e-01 3.206511176180960182e-02 -4.898436997242400226e-02
