1.000000000000000000e+00 2.119105151393202158e-01 4.397334112901401526e-01 8.873749249483847690e-02 2.284953359438606779e-01 2.011774715234456723e-01 2.424899979415127693e-01 1.570226409157351455e-01 1.861945093998852163e-01 2.179088879116211352e-01 2.647858716214457897e-01 3.631874873866848819e-01 -1.715147930265723542e-01 -2.018837849552943264e-01 -1.427355869172929059e-01 2.557583343328216352e-01 -1.295960252780136990e-01 -1.802218988917285714e-01 -2.518078038691030640e-01 -1.321063546898236241e-01 -1.742649319653753193e-01 -1.966654157097652844e-01 -1.117058065022071001e-01 -2.426472895758898657e-02 7.334286851532752227e-02 1.473717905093418212e-01 -2.795752097444278994e-01 -2.251791533433739403e-02 -1.433512393782327143e-01 -2.360867547639705910e-01 7.651243188202358492e-02 7.446507366368533554e-02 -6.687899424772322798e-02 -1.952880209775610942e-01 -1.266006263709989858e-02 -1.554179079677671660e-01 2.713056377762452231e-01 8.339465361818217126e-02 -4.330762042702595432e-02 2.373174348742606576e-01 8.252400465323211920e-02 8.760254101029502083e-02 2.686744269672951269e-02 1.207380617790936445e-01 1.393416267744818915e-01 -1.758855422095422782e-01 -1.461216075223293609e-01 -4.963467626831414431e-02 8.238504818068523305e-02 -7.791030854337856193e-02 6.249251147212824264e-01 5.837683473188977068e-01 1.276541058895856451e-01 3.268823938681962860e-01 4.872962853151076024e-01 3.395586711929636237e-01 1.896049988698419730e-01 1.631676505387918696e-01 2.875423036064244653e-01 1.427491744332743673e-01 3.004439289851180694e-01 -2.222005128531225893e-01 -1.501820223291286394e-01 -1.324890622842146426e-01 -1.679495309889274257e-01 -1.803151642406645161e-01 4.282321525212627322e-01 8.183478178354236000e-04 -1.527062883144060801e-01 -1.026939260433665513e-01 -1.144949176504524435e-01 -1.861755661881245860e-01 -5.330153598827335609e-02 1.150085530708968157e-01 -1.328594586198332261e-01 4.079630619065603425e-01 -6.789443264949823753e-02 -3.673002649392917429e-01 9.351375342562365245e-02 3.237423706273317991e-02 -1.215966626747218421e-01 -8.408827887578751437e-02 1.288980883514547759e-01 8.200259485329708387e-02 -1.112550676044503917e-01 -1.100272938212547985e-01 7.438645860008324950e-02 -3.402736710953304655e-01 -7.805530314269915060e-02 -4.186156574064234942e-02 -2.397626348225222193e-01 7.463528470532415637e-02 -9.105658040999625724e-02 1.222415728773322968e-01 1.887786228690324919e-01 7.504835603177834047e-02 -2.740664912290800004e-01 -4.906587333708600784e-02 1.545212583390906114e-01 -4.278149642163664446e-02
2.119105151393202158e-01 1.000000000000000000e+00 1.390686334875903540e-01 5.334378063766124223e-01 5.341893286261119034e-01 3.970511111204691468e-01 4.948855081713153248e-01 5.686666482144645540e-01 4.331478695287248049e-01 2.188390971980082866e-01 -2.007524415248913563e-01 4.555117368837255376e-02 -1.483615117629340230e-01 -5.162268461482117932e-01 -4.306995211343453422e-01 5.471784957039375064e-01 -1.862948554162411618e-01 -1.252822787292803552e-01 -3.681067540434259100e-01 -2.775882827648920581e-01 -4.550578468514959174e-01 -3.331560872614496294e-01 -5.404506679450267193e-01 -1.749288056930757840e-01 3.746651930254244478e-01 -1.045273442091732702e-01 -1.559081052843171722e-01 -2.446413842485246626e-01 -3.646571053449438327e-01 -4.677274721590459761e-01 1.644422759428345038e-01 -8.857286378763350176e-02 4.351237505565068095e-03 -3.463528285592264999e-01 -2.486732459737502343e-01 -7.363205852133851426e-02 5.844992059041428240e-02 1.320829089801906220e-01 1.654355110697978692e-01 2.417461966303058318e-01 -2.785102655303634545e-01 6.806876350879724480e-02 9.146507234705396339e-02 6.438064610637952989e-02 -7.140231357697110481e-02 -3.897214656179295300e-01 -5.340030280999905621e-01 -5.078779073860143489e-01 -2.121067284478182421e-02 -1.769852813857313578e-01 2.490352713860465028e-01 6.539835916740693866e-01 5.549171101102855497e-01 4.178622595171075371e-01 5.077184657579139060e-01 2.608996220316674441e-01 4.969982292397693291e-01 4.203967050432654839e-01 1.938117921851608694e-01 -6.069624199985278190e-02 2.044200406708885503e-02 -4.265012609267510718e-02 -2.505983975851044931e-01 -3.270789479236468900e-01 -3.115542430785180894e-01 -3.997903179636991267e-01 3.467590286710621195e-01 1.364150557378242951e-02 -2.321828353703288828e-01 4.164148523134999363e-02 -3.861337371705395594e-01 -2.441457923667629815e-01 -4.870607118104722799e-01 3.588853527714854774e-01 3.685389247197054519e-02 1.710597519252128884e-01 -2.266258158286895141e-01 -3.179113350414614070e-01 1.345666859680288707e-01 -1.826581177147699742e-01 -2.145912091281412526e-01 -2.344299587038878585e-01 3.061360644189024122e-02 -6.467732525901428997e-02 -7.907177339302011443e-02 -4.992417770678573841e-01 -1.005947392925630492e-02 -2.409522547334935205e-01 -1.512135738474245927e-01 -2.792873113824947962e-01 2.086231206569791330e-02 4.167122695010672673e-01 1.895802328955203953e-01 2.338326916447037718e-01 1.314052312439886461e-01 -1.733080636917411557e-02 -4.414027610591442774e-01 -4.302509554918765855e-01 1.627385339462446984e-02 -1.501980548006303373e-01
4.397334112901401526e-01 1.390686334875903540e-01 1.000000000000000000e+00 -6.713744932552356826e-02 2.782317512090729528e-01 3.205075697756635256e-01 7.250567499775224800e-02 3.509472995483627900e-01 3.734745985358071119e-01 -1.422382529264975271e-01 3.837340879351662792e-01 2.444202630243443863e-01 5.057760768035268750e-02 1.748641768281630413e-02 9.210417292580921553e-03 -2.647739124275475323e-02 1.514407495641285906e-02 4.447017208598925964e-02 3.249362916201543883e-02 -8.320158300296578643e-03 8.957741600548720096e-03 3.333117673051687324e-02 2.046981420527017870e-02 5.314240841321399289e-02 -4.003212212627880739e-01 1.770556880067662153e-01 -3.918811829615564263e-02 -1.500533196174936787e-02 -1.934887503096779926e-01 -7.749635590748845185e-03 -2.590661873940120485e-01 -1.348804669756518797e-02 -2.009043949073639757e-01 8.030491593997154953e-02 1.046235357127957150e-01 -7.689494758923216648e-03 -1.895644935446974266e-01 -1.098157033147313527e-01 1.123703652451010521e-03 1.303933105317842400e-01 5.905578931962585792e-02 -2.342136880631316143e-01 1.926493704634143211e-01 2.022760961113501815e-02 1.882787315738271017e-01 1.124575152985931442e-01 2.015156875310182838e-01 9.734745658306193095e-02 -6.479750027121167211e-02 7.685854666267609436e-02 3.183751301297257363e-01 3.801218848561923047e-01 -1.959774935367819826e-01 1.685703888216798924e-02 4.954743668041519111e-01 6.445943361570229957e-01 2.911829216470519510e-01 4.189143508192867404e-01 -3.201388512921469337e-02 2.237486911733441719e-01 2.903698845349186319e-01 -3.777880801106579811e-02 5.639587996544708631e-02 1.603165168449648958e-01 -3.429704577006477753e-03 2.221685529832820652e-02 1.982686910262008995e-01 -9.319777374911471235e-03 7.954666848978378044e-03 1.043222017786119421e-01 1.474140130407027884e-02 -7.669550800306755567e-02 7.405329564571795642e-02 2.579287224465349332e-02 -2.705756265455616649e-02 1.474531133885695344e-01 -2.517947929304236165e-01 -2.328238001667081725e-01 -2.284796668359972971e-01 -4.760794140926668389e-03 -7.059443393022907243e-02 -2.342135074062055289e-01 6.842753282011965199e-02 1.593056478780940921e-01 -1.529473840701786602e-01 7.338963953047621114e-02 -3.475722114840169019e-01 -3.117053662317523788e-01 4.476390279482972412e-02 5.468285741870396871e-02 -2.458222967732420217e-01 -1.329476998344518990e-01 -1.195317014905932229e-01 -2.793328770395178129e-01 2.117697178208196307e-01 -8.283083298750233692e-02 3.962943781003699234e-02 4.399590429259837149e-02 -8.199775319277785579e-02 -5.591186588378654898e-02
8.873749249483847690e-02 5.334378063766124223e-01 -6.713744932552356826e-02 1.000000000000000000e+00 5.928583993945567565e-01 2.517340517853956516e-01 5.859711326172275525e-01 4.106752274466535790e-01 2.760839776407378321e-01 1.757942856611254545e-01 -3.376224397616958695e-01 -5.870198537178510784e-02 -2.387882720124114289e-01 -2.822152921400380432e-01 -2.340440495307429258e-01 5.288764523265641060e-01 -2.520243978537293206e-01 -2.470509963068421300e-01 -3.370280462708207803e-01 -2.690904146467266722e-01 -3.586305149965097194e-01 -4.388933727380349703e-01 -3.410871883411319971e-01 -3.447390541007478992e-01 2.754195904835663455e-01 -2.511091718617079471e-01 -2.232249399459708683e-01 -3.659560044675997936e-01 -3.187849314802282952e-01 -3.093764631188450909e-01 3.556507481431983586e-01 2.066648392845934490e-01 3.644064894134741439e-01 -3.534387345860180996e-01 -3.977484403958855275e-01 -1.027576348394836081e-01 1.742672929139829630e-01 1.508949334757551941e-01 3.163253865919439800e-01 1.528363262278803480e-01 -2.990619238248459766e-01 1.984816731046658567e-01 7.391720968138143499e-02 1.388273124737268438e-01 2.051321023073677131e-03 -2.969346527175072414e-01 -3.057720823185350878e-01 -3.116139566320954013e-01 -1.071722092877309129e-01 -1.561198616362507174e-01 2.345187913034932625e-01 3.673397497410018087e-01 6.189867211315421835e-01 6.723530117733081957e-01 3.753895731098079169e-01 9.473915366031149254e-02 4.227420430188359446e-01 2.501852447636446208e-01 1.003751289280934850e-01 -2.180865368398014204e-01 -8.946901052590401637e-02 -6.709201596529262845e-02 -1.472944424286019571e-01 -1.502407839149506596e-01 -1.604155255221801912e-01 -2.067197980401889734e-01 1.352919590320169341e-01 1.672857439107449176e-02 -3.292085299806362664e-01 -7.031797862649871722e-02 -3.179236414919535125e-01 -3.924134103557095909e-01 -3.670473284779331991e-01 2.008007138056705776e-01 -1.244735280058148763e-01 3.295427017913778178e-02 -2.214143423382598230e-01 -2.739746310553507480e-01 3.082429811907689832e-01 1.532406729950850366e-01 -3.247895854598975562e-01 -1.305279965148178623e-01 1.084014491602932478e-01 -3.933437430643979549e-01 -3.197692822839424132e-01 -3.055110036410116914e-01 1.127227166042520379e-01 -2.164618627574292353e-01 -2.534733378256774361e-01 -3.892047733176604574e-01 1.632831740530941433e-01 1.583946665342545745e-01 1.764335939793217900e-01 2.809854512947152494e-01 -3.171841208676354218e-02 7.614477345771837602e-02 -4.071656461753201950e-01 -3.738533861328166563e-01 -6.491735404487430916e-02 -1.730007635730729798e-01
2.284953359438606779e-01 5.341893286261119034e-01 2.782317512090729528e-01 5.928583993945567565e-01 1.000000000000000000e+00 4.167304529957308601e-01 4.795968775402442152e-01 5.457890691136584316e-01 6.081176205506361176e-01 9.993582175160083125e-02 -6.167691667321040933e-02 -1.599645130846537831e-03 -1.380862934522972436e-02 -2.618124994523290949e-01 -2.851301953338607476e-01 3.483877082542374271e-01 -9.918951189474430052e-02 -6.283223682643149233e-02 -2.047725721109871777e-01 -1.218327247157615367e-01 -2.966619958873640273e-01 -2.255642704426677470e-01 -3.060112280556335773e-01 -2.420667738755739040e-01 4.061727596015055758e-02 -2.178403977102154887e-01 -1.361912923023603783e-01 -1.971548222911032044e-01 -2.652124807404840356e-01 -3.392722877933149750e-01 1.485677086158851135e-01 -3.717431682629562806e-02 1.045788420238418226e-01 -1.354918856656328052e-01 -1.373390419683185870e-01 -8.527928856305458383e-02 8.324711191501291130e-02 -2.502777793456650163e-02 2.078427103687147948e-01 1.734626576896030892e-01 -9.735337224311453597e-02 8.256642502832966255e-04 9.763509638924203204e-02 1.208472692586892577e-01 1.216978309456754753e-01 -1.637828943495583667e-01 -2.271203272300202081e-01 -2.230095282644124211e-01 2.257569827645606111e-02 -3.002065704296918644e-02 2.454475543797209058e-01 5.076498851520235833e-01 4.237845284994477546e-01 6.016878661154976271e-01 6.196860597511446578e-01 4.339582861267710645e-01 5.170782296860219063e-01 5.441898855733539042e-01 3.328204349465958140e-02 -3.053372375434679209e-02 -3.119929168204786663e-02 2.129427762182172293e-02 -7.381273260716644802e-02 -9.481216733799151253e-02 -1.906943134278588359e-01 -2.723057756415772079e-01 2.837824981400502988e-01 9.855279324977762878e-02 -2.282469172593599716e-01 1.208534534847953423e-01 -2.794738565916928819e-01 -2.821761108483811231e-01 -3.248411255029909905e-01 1.999471780798325049e-01 -1.581876267722479856e-01 -6.950348177513853733e-03 -2.318844351525805869e-01 -4.001339800336929375e-01 9.076803563214293213e-02 -9.766618023098071200e-02 -3.404160338842385225e-01 -1.020232151413410504e-01 1.117173353835433230e-01 -1.350730363845224213e-01 -3.013351768666906461e-01 -2.747165575644581748e-01 -6.544714165614970436e-02 -3.260280446357575190e-01 -6.723744818189139605e-02 -2.496823774552913155e-01 -2.006441580627403923e-02 1.099306322174214839e-01 4.268496037018797151e-02 6.977322025865503874e-02 1.998645495641403549e-02 1.991968916904025139e-02 -2.787827682615474645e-01 -2.494437694119688853e-01 6.039858959704363234e-02 -5.870848574868246794e-02
2.011774715234456723e-01 3.970511111204691468e-01 3.205075697756635256e-01 2.517340517853956516e-01 4.167304529957308601e-01 1.000000000000000000e+00 3.224696330717454762e-01 4.277835613925302649e-01 5.708677682697903544e-01 2.588142931406373082e-01 -2.190617485210268403e-02 -4.682155784184494768e-02 7.126955690112821151e-02 -3.066990998808855062e-01 -3.947831830173683110e-01 2.540633422229466865e-01 -3.993223251677031210e-02 1.331027497034397052e-02 -1.848077379956397925e-01 -4.061573163833240990e-02 -2.799656392020380968e-01 2.908739296745570246e-02 -2.894559540832458144e-01 -1.058273492908558960e-01 9.691368657459525915e-02 -1.204047846633118923e-01 2.442031378326194394e-02 -4.158649651205853937e-04 -2.044907147221589061e-01 -3.811213963654173642e-01 1.023171671772824254e-01 -1.300076939190777936e-01 -1.516975466589897716e-02 -5.732173440983939078e-02 1.303272894547718996e-01 -1.460639269309921551e-01 -1.088331672980275555e-01 1.185256182539757563e-01 1.043318026904734991e-01 1.915518565189011091e-01 8.509748185004435694e-02 -7.685053167408217867e-02 2.157223265461913064e-01 1.762567862823261888e-01 1.320204431986260474e-01 -5.432546070885452272e-02 -2.290934292287474250e-01 -1.062553915739325033e-01 3.961002892919642249e-01 4.280016744960022518e-02 3.131764153752906177e-01 2.417389205330512658e-01 1.930059365396709914e-01 7.468661075026536422e-02 5.519869215880360835e-01 6.839207887858357315e-01 3.706398629347727458e-01 4.988618128231441795e-01 2.046153656747311256e-01 9.345701898750860548e-02 -1.059022094261977409e-01 4.678190773428721194e-02 -1.530022396711177568e-01 -1.744966182778503183e-01 -3.086486690759590590e-01 -3.756127504576532994e-01 3.180999264103598900e-01 -2.957679693773179047e-02 -1.966102796009633336e-01 3.655120224768562687e-02 -3.281238154180315947e-01 -4.842596655010706491e-02 -3.250739291764217498e-01 1.191640876540341620e-01 -5.034812985953852210e-02 3.067383305298171381e-02 -2.602810012083422442e-01 -3.825625868955893072e-01 2.399835726916204823e-02 -2.237430444711154820e-01 -2.789310918566987874e-01 -6.958829175343073103e-02 2.068751053995867076e-02 1.196179499711223781e-01 -8.225151183836085234e-02 -3.581421677971020068e-01 -1.980302746381110424e-01 -1.206946032020345116e-01 -2.015539048307116513e-02 -6.175073391703445741e-02 -6.902819030696694114e-02 2.981689337364617498e-01 4.487452977295894666e-03 -5.221040812243401413e-02 1.201514037022313741e-01 1.064617531962955277e-01 -1.624184898029871205e-01 -1.332263985605658674e-01 3.723839471019508296e-01 9.561460123888501639e-02
2.424899979415127693e-01 4.948855081713153248e-01 7.250567499775224800e-02 5.859711326172275525e-01 4.795968775402442152e-01 3.224696330717454762e-01 1.000000000000000000e+00 5.038870043814043242e-01 3.454081302982840440e-01 3.459920321227518691e-01 -1.000939491556808864e-01 2.563017887935641892e-01 -1.857516687207460271e-01 -3.259143308374590209e-01 -2.397006705102427970e-01 5.424352463159406446e-01 -1.335345878581485901e-01 -1.649195574025469346e-01 -3.647125627131694858e-01 -2.524195288647129720e-01 -3.053981978474808456e-01 -2.959879292842678700e-01 -3.320143182938452009e-01 -4.423916536464351200e-03 3.768352948723426854e-01 1.961493477545890249e-02 -1.319868019500405887e-01 -1.105182928083984079e-01 -2.497786401306034132e-01 -3.964292997197114699e-01 1.932493181398369786e-01 9.186628928501940072e-02 1.361491526228895133e-01 -2.839820115920218546e-01 -2.196134080669786826e-01 3.036232290272603690e-02 3.140682487796937483e-01 1.474533797901969034e-01 1.338186495227636219e-01 4.604046956878571351e-01 -1.088446004204759732e-01 2.047089802034980088e-01 9.289234314500502410e-02 2.035747099349717315e-01 1.099514469056602772e-01 -2.683371079512406054e-01 -4.051351475786125200e-01 -2.847781552362379509e-01 -7.833869560020936818e-02 -1.331456753981984931e-01 3.072243564438836283e-01 4.403423946484649742e-01 5.909492666653588522e-01 4.985385947691054476e-01 5.112620754897166941e-01 2.045596178875905002e-01 4.655124304791929957e-01 3.472824186986977479e-01 3.050878554584378066e-01 9.183845810498835957e-03 1.555770671775674185e-01 -5.291154075197162382e-02 -2.174624206296113249e-01 -2.446578611987609009e-01 -2.097488463027293304e-01 -2.206714375708138387e-01 4.708829208661219345e-01 2.059067212884127529e-02 -2.627372266118173094e-01 -1.044990201320137729e-01 -2.380818867873703559e-01 -2.938669612865260627e-01 -3.427074028625054503e-01 3.987643424820695448e-01 7.210678188534835192e-03 3.435323286728090286e-01 -1.298034371356280303e-01 -2.369544362746976440e-01 2.004410939631658950e-01 2.408870008021103681e-02 -1.989158897555057259e-01 -2.610853342501253671e-01 1.389881861287424747e-01 -5.173501579613247470e-02 -5.440155095457213652e-02 -4.283546478954730619e-01 1.924670604889190950e-01 -1.371665675342026158e-01 -1.513679540746151464e-01 -2.401979698764341031e-01 1.110981665560949183e-01 2.437935781038677585e-01 1.781738247155396915e-01 2.965469421019486518e-01 1.388960508749646772e-01 1.722778902760199460e-01 -3.683623305748529031e-01 -4.197551316388000164e-01 -3.433576876081747414e-02 -1.247469104512290983e-01
1.570226409157351455e-01 5.686666482144645540e-01 3.509472995483627900e-01 4.106752274466535790e-01 5.457890691136584316e-01 4.277835613925302649e-01 5.038870043814043242e-01 1.000000000000000000e+00 6.909218044875210518e-01 1.733251374778435050e-01 1.218853296078978160e-01 9.968770331604702439e-02 8.883792636972261125e-02 -2.564729980481002536e-01 -2.422219862848447591e-01 2.965438912727819121e-01 -1.710350657849285527e-02 1.847193475584114064e-01 -2.117069850964881372e-01 -6.752682453405532692e-02 -2.231238565795816420e-01 -1.454436206674361576e-01 -3.688918238863113652e-01 -5.548433893797731498e-02 9.289684460728217519e-02 -1.000855730288291168e-01 -5.658976933588822159e-03 -1.664369754692194003e-01 -2.711830097203113410e-01 -3.296061059693034534e-01 -8.170336856299069417e-02 -2.607837045653138563e-01 -1.139573986969515534e-01 -1.126205164458929098e-01 -9.000758134556674506e-02 1.722028464857110197e-01 8.547472510048727268e-02 -2.582155277586562284e-02 1.661943039490862417e-01 2.485888058854793803e-01 9.896705589194743774e-03 1.146167888597566659e-01 1.729320702627764328e-01 2.291525805136207516e-01 1.753975719500969754e-01 -4.783128090902295099e-02 -2.094196513061997167e-01 -1.731697252682669330e-01 -2.840234264844540557e-02 1.516143116813842007e-01 9.300407992940024071e-02 4.700888675053221943e-01 4.079407022406451588e-01 3.657394448323815217e-01 5.752962720654888340e-01 4.695330477297071092e-01 7.860744903940792838e-01 7.036299780331982667e-01 1.688110120561923111e-01 1.508032532702093254e-01 1.165500567395791054e-01 1.022859514323359448e-01 -1.354163006628515860e-02 -8.442653520045997895e-02 -1.831660339749065225e-01 -2.301197814835205802e-01 3.815869382593246595e-01 1.448450019830998803e-01 -6.881910579797674565e-02 3.637689103857765782e-01 -2.144639473155461329e-01 -1.442369385531704351e-01 -3.481530153576209985e-01 2.632425067384602246e-01 -2.219541050122788087e-03 1.054371288410074770e-01 -2.402711946816320221e-01 -3.181408815554662706e-01 -7.924345005839943112e-02 -3.145849655411507295e-01 -2.802449887834430609e-01 -1.318982245698186451e-01 1.633132773202109200e-01 1.176462587941973642e-01 -7.191994156199855992e-02 -2.460008663513391647e-01 -3.616398993643837878e-02 -1.800971085441618047e-01 1.043867662191407253e-01 -1.486101486562951823e-01 -1.745457443838575526e-02 9.597735303385093730e-02 7.549827674065286501e-03 7.952837282627304993e-02 1.002586165188283085e-01 1.226482466823168166e-01 -1.041716683775162494e-01 -1.715983225993659989e-01 5.176986174968241025e-03 6.388965127715326431e-02
1.861945093998852163e-01 4.331478695287248049e-01 3.734745985358071119e-01 2.760839776407378321e-01 6.081176205506361176e-01 5.708677682697903544e-01 3.454081302982840440e-01 6.909218044875210518e-01 1.000000000000000000e+00 1.061113935704616762e-01 2.161247664532406632e-01 8.286784457785313293e-03 2.229736834876433205e-01 -2.406813773014331304e-01 -3.193010699947592679e-01 1.501246089425412877e-01 1.056500977138172676e-01 2.322417258163486375e-01 -7.376319419396369648e-02 3.270313083626447820e-02 -2.164175044751549815e-01 9.994312131448733483e-02 -3.065016815352377133e-01 -2.657263551630153001e-02 2.244057152281075593e-02 -1.034501075617068749e-01 9.712769845448004924e-02 -1.204549254779988497e-02 -1.322882531192577094e-01 -3.022312088802521779e-01 -7.460389568835436302e-02 -2.977528232435253108e-01 -1.410629597670443880e-01 6.331542155748817735e-02 1.960656075222315109e-01 9.595685744794406336e-02 1.161161943858535217e-02 1.905820835947835690e-02 7.606914650975940551e-02 1.344951972881059943e-01 2.230659829069015221e-01 5.306728690547629634e-02 2.196943658479227068e-01 1.944838794231698864e-01 2.372188189062679198e-01 7.745500895010451470e-02 -1.547093772711971293e-01 -6.979595666920912489e-02 2.086378208837729731e-01 2.447319900193206943e-01 8.611815716999185466e-02 3.842191593883576561e-01 2.146432340913326520e-01 3.051704690851337332e-01 6.358934432930541947e-01 6.498827273603208221e-01 5.784600383206613960e-01 7.865574638859027523e-01 9.095918639151280571e-02 2.032287281594082062e-01 -5.305251481645409731e-03 1.558573538155977045e-01 4.244348593811105019e-02 -7.751336813772331802e-02 -2.366006237817076252e-01 -3.338662724125162073e-01 3.648207647470828596e-01 2.068303638775585429e-01 -9.547147958874659113e-02 2.892382730998577789e-01 -2.693123442900710041e-01 -4.536574888792443971e-03 -3.078182835919687221e-01 1.580248929263217139e-01 -5.497709864251013046e-02 -2.380721652315273551e-02 -2.006742551520228901e-01 -3.984826979834706351e-01 -1.498957942751098227e-01 -3.532702505952093341e-01 -2.968639594483214461e-01 -6.454500172219668208e-02 6.158518609369074970e-02 1.571205610747930248e-01 -1.477728590860985514e-01 -2.386454161560121190e-01 -1.638675316862872600e-01 -2.469038553766584876e-01 1.326017455119128940e-01 -1.076461641607768804e-01 -8.926999686915004784e-02 1.255195952924411384e-01 -1.168933545581730821e-01 -9.982340765447829389e-02 5.649307824611764922e-02 2.562560747949923709e-02 -6.730178466129485559e-02 -1.100918433062600399e-01 2.238250325641730765e-01 1.396295227896128810e-01
2.179088879116211352e-01 2.188390971980082866e-01 -1.422382529264975271e-01 1.757942856611254545e-01 9.993582175160083125e-02 2.588142931406373082e-01 3.459920321227518691e-01 1.733251374778435050e-01 1.061113935704616762e-01 1.000000000000000000e+00 7.672057498219676808e-02 3.224837434082213905e-01 -1.383997122642953992e-01 -4.243431335529559978e-01 -3.803547813711361525e-01 1.603245419140595096e-01 -2.776010862825182834e-01 -3.553850697663034630e-01 -4.312658659966905339e-01 -2.719723293800974107e-01 -3.397621727848688100e-01 -2.993802973016735369e-01 -4.734594337317459822e-01 9.744911348276943941e-02 5.786040125727208716e-01 4.876049067945976978e-02 -3.521360629183239305e-02 1.860914913091166467e-01 -2.045671748625105535e-01 -4.225618572990075261e-01 2.883739378617961591e-01 -6.610115144274593402e-02 9.392076032297000387e-02 -4.484547814120743991e-01 -1.276360856850457248e-01 -2.641303010740624416e-02 2.801546571157836341e-01 3.350219383070137114e-01 2.005595206778811035e-01 3.590284168842391432e-01 4.118905534926511208e-02 3.335025522504314055e-01 1.412390636734571492e-01 3.480674638623943440e-01 2.501346930866342744e-01 -1.027921672585230678e-01 -4.267672488679791765e-01 -2.778334061997881355e-01 3.533639521490127694e-02 -5.916720352828619932e-03 1.399995090238159712e-01 2.056434608039017231e-01 2.413228025974062663e-01 2.156886088814305158e-01 1.735701048616261066e-01 1.901320864137216390e-02 1.797277687815903857e-01 7.544417312368034527e-03 7.505463510689796003e-01 2.158603847526264774e-01 7.047037165484609789e-02 -9.164196807825450430e-02 -3.209589117398279345e-01 -4.396727347991674084e-01 -3.874740082816077180e-01 -3.786160346542231658e-01 3.125280500865339484e-01 -1.844048160302692585e-01 -2.786702750493452729e-01 -2.848854547394670256e-01 -3.413565683263725670e-01 -2.302358160838375301e-01 -4.159008697628696072e-01 3.759596847888760363e-01 9.289557798544989531e-02 4.183928944363555225e-01 -6.024917222661477223e-02 -2.418382406281114061e-01 2.628801710027762195e-01 -8.876382646049095493e-02 -1.210289353802712353e-01 -3.025515145824948793e-02 2.677044651020926702e-01 1.187484472221644050e-01 2.256387338131978504e-01 -3.313979942414296831e-01 1.724619280558185586e-01 7.559635156985519688e-02 -7.764580403830337318e-02 1.045886752937478723e-02 1.179665723743211492e-01 3.247276608770717221e-01 3.466915414275780760e-01 4.696653776076484266e-01 2.690640546222676233e-01 4.179106926369676733e-01 -2.047690903163462139e-01 -1.811675467418878971e-01 9.370062014030779152e-02 5.160442567306751382e-02
2.647858716214457897e-01 -2.007524415248913563e-01 3.837340879351662792e-01 -3.376224397616958695e-01 -6.167691667321040933e-02 -2.190617485210268403e-02 -1.000939491556808864e-01 1.218853296078978160e-01 2.161247664532406632e-01 7.672057498219676808e-02 1.000000000000000000e+00 4.307520883632665054e-01 3.715111255060540296e-01 1.307738372235599245e-01 1.255401003233924673e-01 -2.979423898242009594e-01 1.730905679492973359e-01 8.414445808679459071e-02 1.247934830516383153e-01 1.339740401962255176e-02 1.040357456344207510e-01 2.043277719615421428e-01 7.059669897135271988e-02 3.190018627130111195e-01 -2.686240329503751800e-01 3.177014881641479493e-01 3.496977854945593905e-02 1.850839245682257550e-01 8.885599954986390936e-02 1.248354508001400381e-01 -2.621540051864670873e-01 -4.974991661696404055e-02 -2.563849196830240151e-01 9.495464566519501437e-02 2.073501906017051477e-01 6.994986303819403228e-02 1.737690370255453795e-02 -9.642272706253465775e-02 -7.945995459903305858e-02 7.371532517371960636e-02 4.024985285515546574e-01 -7.942152887282194484e-02 1.422763327945802125e-01 2.077737428210279236e-01 2.118453736149336075e-01 2.928199825943468837e-01 2.131918638582106507e-01 2.040645139361680349e-01 8.910514477023141755e-02 3.111847893695973699e-01 5.197241821308523635e-02 1.612736965490714769e-01 -2.355510705419612272e-01 -4.289343533358929567e-02 1.255159374269506911e-01 3.133255588734083497e-01 1.488905202777258963e-01 1.963663925271526556e-01 2.133540313539463162e-01 6.555137727682706084e-01 4.005110473489995049e-01 2.023141918856558030e-01 1.609749438031631563e-01 1.543282324425069019e-01 8.073995527253502837e-04 1.104503409961652000e-01 2.451520026948518505e-01 9.394543300101143579e-02 6.728919530232430057e-02 3.235870795760756313e-02 8.514837444436787472e-02 1.270340555388715098e-01 1.293999063161556662e-01 6.364354364695061494e-02 9.731352348287836129e-02 1.492791481335697668e-01 2.704722010099648664e-03 -6.398125418929315189e-02 -2.590520774602638743e-01 -3.135752861965614841e-02 -3.147243226636807500e-02 -1.169858986691712024e-02 1.461258464790801985e-03 1.991516941150633102e-01 -5.376957559875056997e-02 1.545433933421363759e-01 -1.076715210483193547e-01 -1.821958002225568807e-01 1.559493476856276817e-01 2.736372424513524027e-01 -1.149851862410003756e-01 -2.635619882269845671e-01 -1.420503131895483051e-01 -2.230394891964783965e-01 1.273489547636112440e-01 7.233647760690409267e-02 1.707256285032969501e-01 1.783850548342771070e-01 7.901448592211916810e-02 1.955244167833434243e-01
3.631874873866848819e-01 4.555117368837255376e-02 2.444202630243443863e-01 -5.870198537178510784e-02 -1.599645130846537831e-03 -4.682155784184494768e-02 2.563017887935641892e-01 9.968770331604702439e-02 8.286784457785313293e-03 3.224837434082213905e-01 4.307520883632665054e-01 1.000000000000000000e+00 1.053902057405439047e-01 6.431134867081968187e-02 1.369481286314774005e-01 -1.137025919542352173e-02 5.522998085671148444e-02 -2.135273232386871722e-01 -1.337155445756924854e-01 -2.293707812070132912e-01 -3.550497526701313321e-03 -1.711157117486200030e-01 -8.040891537828621927e-02 4.366828480674045387e-01 6.855478734362283055e-02 5.336831606921510485e-01 -2.279948950867645152e-01 1.353803850840521183e-01 -6.038939629811147791e-02 7.252258031219192824e-02 -2.044904230398796041e-01 1.141238252104898598e-01 -8.223244133793436439e-02 -2.268210840869376022e-01 -1.945033991986967747e-01 6.220945789435620987e-02 3.501229268900571956e-01 -6.604024787948220565e-02 -1.201619085190170216e-01 4.330630852711119805e-01 -1.125735919235373254e-03 3.124523163968390832e-02 -8.500944002577581673e-04 1.292077725045917558e-01 -2.494798849327859933e-02 -1.041973670912776651e-01 -8.747493879402898354e-02 -1.056132914303029580e-01 -2.189906210433845701e-01 -7.795541708946251980e-02 2.550835157065988734e-01 3.384519083171902420e-01 8.993579500337516019e-02 1.693562363112796898e-01 2.163032177088941299e-01 7.782025730167851929e-02 1.499160205863081519e-01 -2.282234311485524612e-03 4.462128991927377664e-01 5.058556165459973109e-01 7.470897583424197519e-01 9.175563116219689896e-02 7.451151748720757917e-02 1.172522826139288932e-01 1.165921131506688219e-01 1.357784318107085608e-01 3.220387629463786761e-01 6.754132087345353364e-02 2.284976376689442853e-02 -1.241756940726557318e-01 1.198732523527321625e-01 -8.772488729418781439e-02 3.038970901301288677e-02 3.703272955373250741e-01 3.672918270598399260e-01 6.553774704170419740e-01 8.547646317030532792e-02 1.168211160490965350e-01 -1.366254298442489690e-01 9.907248601095058893e-02 1.283198094153229774e-01 -2.295118022463557839e-01 3.784928874150521316e-02 8.530471816056998946e-02 2.369784188389948212e-02 1.255618771632060170e-02 2.602782415006263395e-01 -6.183610114209155822e-02 -1.821110754768358667e-02 1.726696512835976943e-02 -3.296870706111796473e-02 -1.954265430400997372e-01 1.016100678362193699e-01 1.702213666063350783e-01 2.750109763226149528e-01 1.509140253792761732e-01 -8.807371514868951590e-02 -8.431698207922910804e-02 -1.749631067335996049e-01 -6.506072525450455613e-02
-1.715147930265723542e-01 -1.483615117629340230e-01 5.057760768035268750e-02 -2.387882720124114289e-01 -1.380862934522972436e-02 7.126955690112821151e-02 -1.857516687207460271e-01 8.883792636972261125e-02 2.229736834876433205e-01 -1.383997122642953992e-01 3.715111255060540296e-01 1.053902057405439047e-01 1.000000000000000000e+00 3.261837127323995444e-01 1.495331682504881521e-01 -2.955419218806663029e-01 5.215018857083452142e-01 3.833385331482279113e-01 4.070276680189511276e-01 2.787259422632701877e-01 2.950769078333613238e-01 3.847165258462296733e-01 1.436257972631348467e-01 2.939200469795600901e-01 -2.045354734346117032e-01 8.716848814249486543e-02 1.596654070182962071e-01 1.183961064416786391e-01 2.659880097911263563e-01 2.249942388980761543e-01 -3.047111436153364106e-01 -1.481330586044941888e-01 -1.999716698179063723e-01 2.813065385566115850e-01 2.538886374436437054e-01 -6.255585377839764823e-03 -2.004942416382521353e-01 -1.884676778440980971e-01 -7.927370449807162600e-02 -7.164527874331960700e-02 2.213125655648386925e-01 -5.892911247009597481e-02 -3.299784385836157519e-02 -2.109205746580274446e-02 -6.385909823047507261e-02 2.320865365846890016e-01 2.376896035823801989e-01 2.071117726486962352e-01 9.151031596728678719e-02 2.205519932174812014e-01 -2.551886259185205952e-01 -1.425429615761359403e-01 -2.541204273968674099e-01 -1.875321251036849990e-01 -4.713708496774447060e-02 2.087998885359566847e-01 3.221660802484981739e-02 2.216787689447088094e-01 -8.109601355200109218e-02 5.005347018659017655e-01 1.966941309179518482e-01 7.403476313148298349e-01 5.277403548151474721e-01 2.815000214914423760e-01 1.490009069893078186e-01 1.343546349964107323e-01 -2.592240496841530933e-02 3.652892679986204372e-01 2.096735532306181204e-01 2.667169236496749751e-01 1.286977585541436708e-01 2.535725429138961373e-01 1.310572411716040830e-01 8.061396645591982837e-03 2.717364505593309887e-01 -1.723278543388695461e-01 1.094538111069646297e-01 2.228257281606053908e-01 -3.876118340037330579e-01 -1.281636741172035299e-01 1.590555388769105544e-02 -8.078873101395121770e-03 -3.007035969024061117e-01 6.741232260694929312e-02 -8.833804123834611624e-03 9.476553985444763351e-02 -1.669157067326133559e-01 3.480465113508160457e-02 1.601296902595705507e-01 7.674314549187709333e-02 -5.381236996589449512e-02 -1.275408035165734033e-01 -1.610200278036837129e-01 -2.801678399851827983e-01 -1.682967239993703457e-01 -1.067536547306519590e-01 1.809547948198365341e-01 1.491130505085784264e-01 9.426376708762741752e-02 1.338827433354993213e-01
-2.018837849552943264e-01 -5.162268461482117932e-01 1.748641768281630413e-02 -2.822152921400380432e-01 -2.618124994523290949e-01 -3.066990998808855062e-01 -3.259143308374590209e-01 -2.564729980481002536e-01 -2.406813773014331304e-01 -4.243431335529559978e-01 1.307738372235599245e-01 6.431134867081968187e-02 3.261837127323995444e-01 1.000000000000000000e+00 8.070412704835266959e-01 -4.403748345845792667e-01 4.256772656100504815e-01 3.476705656380448262e-01 6.418552142020387263e-01 4.001671644623541746e-01 7.294405833541530715e-01 2.512671184169504857e-01 7.290200361452195965e-01 2.352731109920273289e-01 -4.931804133070696317e-01 5.874311055163423945e-02 -9.009044859888563905e-02 2.542237991282847095e-02 4.902593831257103241e-01 6.611357516048135263e-01 -2.794882505382355053e-01 1.574583916384018623e-01 1.651889770520502398e-02 3.413878731126322452e-01 -1.053568969330105111e-02 4.073247079280083172e-02 5.875642345947269460e-03 -3.694368058620792206e-01 -2.667142850876507709e-01 -2.963724165456279036e-01 8.181284958128625523e-03 -1.993096149701941711e-01 -3.258902347264079902e-01 -1.453770647009752781e-01 -2.999914143488147111e-01 2.966782773306854137e-01 6.559470311134265597e-01 5.585131202780480031e-01 -1.041199380049191714e-01 1.062296651485453332e-02 -2.070433712033367124e-01 -3.795298964658780361e-01 -3.041819320042105645e-01 -2.162822597505060784e-01 -2.869181785427086795e-01 -1.447560922872702938e-01 -2.108914775830489918e-01 -1.717618262530270501e-01 -3.855340629465116575e-01 1.350026531485524761e-01 2.425236134789003906e-01 2.292456850802951085e-01 6.022432981599633584e-01 7.535305305929326236e-01 7.202566609845408863e-01 7.447227543110305215e-01 -2.803335881147712705e-01 2.736077794357040793e-01 3.485103848586806885e-01 2.356947976422384405e-01 6.924859749348810656e-01 2.245964071246868976e-01 7.285876654221328241e-01 -2.591570541580982545e-01 1.723131586461192077e-01 -1.684613446814149929e-01 4.051432186672217495e-01 5.067387371672966712e-01 -2.471107314747569006e-01 1.800164074278264859e-01 2.875327075819023581e-01 4.174260522112526600e-02 -3.312103648746866913e-01 -1.530091247468190474e-01 -8.753766759383688201e-02 6.025051515452000128e-01 1.026122100505682533e-01 1.389881254743819683e-01 1.821656765622829133e-01 4.880853105994330948e-02 -5.531359851444584558e-02 -5.814643639248845419e-01 -2.268418018524611945e-01 -2.987165366519454746e-01 -3.472798179415884090e-01 -1.375397434040118994e-01 4.100102156015075772e-01 3.866338993935039547e-01 -9.592360014300918558e-02 1.792189643189295509e-02
-1.427355869172929059e-01 -4.306995211343453422e-01 9.210417292580921553e-03 -2.340440495307429258e-01 -2.851301953338607476e-01 -3.947831830173683110e-01 -2.397006705102427970e-01 -2.422219862848447591e-01 -3.193010699947592679e-01 -3.803547813711361525e-01 1.255401003233924673e-01 1.369481286314774005e-01 1.495331682504881521e-01 8.070412704835266959e-01 1.000000000000000000e+00 -3.569611099374176422e-01 2.913564073926054321e-01 2.558022555266887266e-01 5.014850863673919745e-01 3.547173711828034981e-01 7.090587972455189014e-01 7.864133365192707559e-02 7.089647123272477813e-01 2.018332924436397890e-01 -4.226106492712198848e-01 9.936195290935261049e-02 -1.974626139969972716e-01 -1.601182728268213049e-02 4.591658679026593970e-01 6.773021379735885139e-01 -2.098797374148478057e-01 2.239456567951461363e-01 4.090554188510180100e-02 2.023928410718931481e-01 -1.601376380185438875e-01 6.998235833603366762e-02 1.113504008914303484e-01 -3.322613559382147086e-01 -2.870964433239525659e-01 -2.826223478493707364e-01 -1.605142564749857392e-01 -1.913913979791302677e-01 -3.975068377156150690e-01 -9.613006669020231210e-02 -3.608015793323374742e-01 1.527303747863032468e-01 5.193387620284498629e-01 4.844528303555037940e-01 -1.443186030256712604e-01 -9.744759039091660524e-02 -1.653283926510687452e-01 -2.453223797831818875e-01 -1.955337378597039599e-01 -1.245707679949467073e-01 -2.897222565206390987e-01 -2.364782615150725631e-01 -1.663513631785645541e-01 -2.368712242551664626e-01 -3.390755619903091933e-01 8.196455868529134436e-02 2.817171764644316734e-01 1.423056911845734518e-01 5.482574022765889232e-01 7.341350325121974718e-01 7.881499543846082201e-01 8.753030777968148213e-01 -2.390447923874519098e-01 2.629755193759347742e-01 3.655593975925015005e-01 2.363635583433739418e-01 7.636995637711542217e-01 1.352739948701392192e-01 7.557782649450331958e-01 -1.857044080319038559e-01 1.771357420094471224e-01 -9.231231231127143277e-02 4.603290170516071700e-01 5.578498580075051949e-01 -1.767588883749690587e-01 2.313179916640605016e-01 3.242138876390867619e-01 -5.673741580067224663e-03 -3.374966082957472913e-01 -1.983066733804826898e-01 -1.090673154690083163e-01 5.730567100983270379e-01 1.926343486822845452e-01 1.066358675836542175e-01 1.327070853995420963e-01 -5.817885636707652817e-03 -7.875619225809099566e-02 -5.968406159384815890e-01 -1.847469518536610511e-01 -2.000824205924486010e-01 -3.465791532583472057e-01 -8.658711447162541208e-02 2.831331877889952109e-01 3.085633002659794455e-01 -1.292548491358771756e-01 -5.426311692113089391e-02
