1.000000000000000000e+00 3.106685891305107639e-01 5.610734189140815786e-01 5.910413994763027978e-02 8.585063748886451532e-03 1.205787746467647664e-01 2.032628536579663137e-01 1.248223855536123306e-01 2.466775340197371047e-01 1.319099293470592238e-01 -2.617883070832171533e-01 -1.303843101994903858e-02 -2.284222139413902564e-01 -3.685767381711738677e-01 -2.491799091668148447e-01 4.862917933868226017e-01 -2.448921071002024274e-01 -8.662082419189078009e-02 -3.865098398169675709e-01 -1.996824047304722738e-01 -2.980429084413931395e-01 -3.684725723336100267e-01 -2.115375906511494097e-01 -4.137085796828026546e-02 -1.238851193659636640e-01 -5.206075602673916336e-01 -3.081580328505021948e-01 -3.606630680458779992e-01 -3.127071312806997128e-01 -1.870276587638337318e-01 2.055670242729123187e-01 3.498178944353909636e-01 -4.012636451171070623e-02 -2.709165396014923677e-01 -3.590449513120065328e-01 7.352404085716818076e-03 -2.157220538684270217e-01 1.091329033299698326e-01 2.015046141874144922e-02 -2.433936008771046128e-02 -1.523878817592809465e-01 -7.193507733637752311e-02 -4.830374415069179639e-01 -3.552972132085983059e-01 -4.050844438917920454e-01 -2.333254464594242961e-01 -2.091821281056595039e-01 -2.376710426337505788e-01 2.465153505177116455e-01 -2.186563457618908024e-01 4.642375022640888305e-01 6.327054748210143575e-01 2.494414099557485109e-01 -8.614303720106020190e-02 2.404448900540864797e-01 4.445181105605524041e-01 2.580678890903522760e-01 1.951105171115626313e-01 1.632614909279019033e-01 1.235237662413921078e-02 -2.242910143660143407e-01 -2.196927506218958603e-01 -2.651701521069509959e-01 -2.132576206300436095e-01 -3.508106092046201496e-01 -2.345639598464196451e-01 2.570400624844730864e-01 -3.119145305271925350e-01 -3.817673212586494280e-01 -7.968422704348604446e-02 -3.683480914160888742e-01 -2.554415590543326342e-01 -2.013744864980963056e-01 -1.189991284746263269e-04 9.940204016155806954e-02 -3.506358568810695742e-01 -2.199613888370955395e-01 -6.709245892181636695e-02 2.869142999118012155e-02 4.061407463319373079e-01 -2.922778198952864503e-01 1.030076135339384885e-01 -3.740526410481829767e-01 -3.254988411516485103e-01 -3.018855604297409623e-01 -2.367865047491927444e-01 -2.385304797293241741e-01 -2.817754796759623370e-01 -7.134576055465761957e-02 5.954828107599549614e-02 1.753447953916923985e-01 5.203859955865618170e-02 3.503478656987565887e-02 -2.456539493596646695e-01 -3.659731360226063934e-01 -2.181000645693152162e-01 -1.704661745265287354e-01 -2.245769823213353000e-01 2.601887914958404546e-01 -2.344106113344427700e-01
3.106685891305107639e-01 1.000000000000000000e+00 3.325007749874512308e-01 5.565763442019590057e-01 5.789410657313314168e-01 2.920353243885743244e-01 2.067331431388693963e-01 5.781744487280215949e-01 4.557753905014660933e-01 2.653494865869947539e-01 -2.769257805124447636e-01 -1.695333097527742527e-01 -4.362163648770477353e-01 -3.317077685641515172e-01 -3.006665231905921720e-01 6.511402494502042115e-01 -2.610195247845694122e-01 1.200333000874696521e-01 -2.997796833261970328e-01 -2.454029693192424644e-01 -1.287210278450202638e-01 -4.045280229961790708e-01 -2.885762901021943772e-01 -1.788111956976989186e-02 -3.314363160824816863e-03 -3.451707828424687152e-01 -3.463431227176815841e-01 -2.250266549915823366e-01 -3.188445796459690729e-01 -1.464467279685609524e-01 6.441787627405620720e-02 2.392079607307721623e-01 2.280691046914378461e-01 -2.309131952090994200e-01 -3.624867805728853587e-01 -7.755169457043112335e-02 -2.221924412381888481e-01 1.536612206987000850e-01 1.049213864359409276e-01 2.078959323922646707e-01 -2.943055746117871907e-01 -3.550124086415177849e-01 -4.533545296799448288e-01 -2.975790813105395616e-01 -3.676704463210144769e-01 -2.914426067391280850e-01 -3.483293774117459662e-01 -3.948119573570262886e-01 -1.859811216501355557e-01 -4.499741409828288408e-01 1.192630551072939166e-01 5.441712288326198133e-01 4.687201962943827738e-01 2.285827937259591880e-01 5.414303743435262550e-01 1.748057815317369257e-01 3.861748421731266978e-01 4.431221368455852128e-01 -1.231612988963109723e-01 -2.801958348973587198e-01 -1.948542824244695881e-01 -3.543252351937392075e-01 -3.862223811803550677e-01 -2.904884600301084197e-01 -2.066360294381096863e-01 -2.746035143043363269e-01 -1.276860577778114458e-01 -1.834846541657278451e-01 -2.429749813204616360e-01 1.732136892008763474e-02 -2.153019512343377628e-01 -4.120619729145598709e-01 -2.208733153030407736e-01 -9.073364010179202355e-02 -3.837030317784840411e-02 -3.545947595299685506e-01 -3.093943321864839890e-01 -2.121899807870337440e-01 -4.700073082222101101e-02 1.235060304184017882e-01 -3.193958070225942358e-01 -4.382798318049493935e-01 -2.619213077681054602e-01 -3.519590265372521398e-01 -2.786410202384828616e-01 -3.395609802742663441e-01 -2.673347680528624370e-01 -2.622551790410651562e-01 -1.647146558070086975e-01 -3.641114983901822533e-01 -7.652807231653219189e-02 -1.736500300188787149e-01 -1.018239113825640391e-01 -2.073865549734469349e-01 -3.952242500295244376e-01 -4.066825036924063275e-01 -2.392118175475763941e-01 -3.080445026312624845e-01 -5.723311792670834203e-02 -4.023690259564383087e-01
5.610734189140815786e-01 3.325007749874512308e-01 1.000000000000000000e+00 -1.473638628974874576e-01 -1.373527646219668275e-01 5.132512591684532666e-01 3.991590390085020257e-01 3.861647108265974793e-01 5.054673548260520954e-01 5.495606542262421873e-02 -4.474768003727244703e-02 1.097493775429837226e-01 -7.384992126214319497e-02 -2.970630087222227989e-01 -3.222515073484062964e-01 3.281388748187242799e-01 2.504368943128277084e-02 2.703170715421824299e-01 -1.912786802419086940e-01 -5.498652292987280671e-02 -1.084429711709995192e-01 -1.550878268883121025e-01 -2.880090087336767413e-01 2.228726697618082231e-01 -6.247017108629133314e-02 -2.253495889859021828e-01 -2.343922860797527374e-01 -3.486037086935978024e-01 -1.271049635829008539e-01 -4.712212026202355908e-01 3.141522418094965796e-01 -8.478248192185525167e-02 -8.303598819438391676e-02 5.086269546239665512e-04 -1.838934924132104576e-01 1.456851867063244099e-01 -1.920310248500911587e-01 -7.862353469660492145e-02 -9.909404619029896222e-02 3.360799888198132135e-01 1.330431469135855693e-01 1.013648562913336548e-01 -1.963041916243293550e-01 -2.753790037749421216e-01 -3.480478662514359667e-01 -2.890573980494802742e-01 -2.765107833262304138e-01 -3.707625677969069167e-01 4.214772172962086283e-01 -7.004336005178794788e-02 1.782488537324288524e-01 6.076743468746599319e-01 1.366086721588089248e-01 -2.848689118377271123e-01 5.493572341111255808e-01 7.627946969204540961e-01 4.642372567562325636e-01 5.207997105880013411e-01 4.115977138282501113e-01 2.970555426758920148e-01 -2.184678976675945641e-02 -6.378967189381715142e-02 -1.223769091702787276e-01 -1.516321013582713206e-01 -2.449903574435508546e-01 -2.684039514314844888e-01 4.735794408148697454e-01 -8.105196850710026657e-02 -4.172039482439938995e-02 2.960687261727764641e-01 -1.686642043825219150e-01 -2.677328903369784879e-02 -3.668126864105820673e-01 2.798770838627175350e-01 3.332858507976996787e-01 4.854474458527187342e-02 -1.375327764191028659e-02 -2.979054425629407699e-01 2.010375555792996427e-01 9.723058414039754960e-02 -2.212281526493809977e-02 1.035619887280226914e-01 -2.575874406265449279e-01 -8.112270480540788309e-02 -2.494715301337968594e-01 -3.968451795785110092e-01 -2.192756289519705304e-01 -3.123333136654803388e-01 2.127332221202837548e-01 3.186653499400309841e-01 6.248898905940106219e-02 3.035104798326177522e-01 2.260768203304193980e-01 -1.612417682742347744e-02 -2.273678029675232221e-03 -1.962501020248211270e-01 -2.681110673293956026e-01 -4.410501330135658815e-01 5.417157986591604191e-01 1.421235791101740052e-02
5.910413994763027978e-02 5.565763442019590057e-01 -1.473638628974874576e-01 1.000000000000000000e+00 7.111124565162403321e-01 -7.424119050515412543e-02 -1.699313279086014372e-01 3.244436378279849098e-01 1.794224147506026656e-01 -3.829548387555820749e-02 -3.701394893718160106e-01 -9.272633035817032243e-02 -2.087622434564050389e-01 1.134493879301911451e-01 1.967886982481574232e-01 3.692192700891245849e-01 -1.827214546664737982e-01 2.349314400492825625e-02 -1.303979018332315949e-02 -1.392202992762808789e-01 1.102801736005988298e-01 -1.924268415405523402e-01 1.951016967793986479e-01 -1.686931118936926266e-01 -2.771212570775610229e-01 -3.189057194481123014e-01 7.666873458203644909e-02 1.298360119256266876e-01 -8.203487255944617862e-02 3.157089931912044900e-01 -2.006971398655980621e-01 6.541278120659264894e-02 2.988753909323791369e-01 -8.467975405979398518e-02 -4.498860597675168743e-02 -1.000317040942995256e-01 -1.826018345251578410e-03 -6.569912699748871494e-03 1.689846226029649567e-01 -7.906957634927588852e-02 -3.330656460043361911e-01 -2.980548153864390759e-01 -2.681443187811669571e-01 -1.402135066503583105e-01 8.258455924648996915e-02 6.471514113538313906e-02 1.324657091987611890e-01 6.946970783055657350e-02 -3.043194991428267437e-01 -3.591195720823107673e-01 6.340232013687933932e-02 9.545750470121606990e-02 3.367587270124585141e-01 6.511456645756109607e-01 1.787297535601825582e-01 -1.808675067328818220e-01 1.629844410678871758e-01 2.047634119421653243e-01 -3.428747311462986280e-01 -3.307571606820708388e-01 -1.378788611759943494e-01 -1.463009179085099365e-01 -3.903904536140197223e-02 3.174759906616312494e-02 1.629769142549896133e-01 1.810987055351560293e-01 -3.343774275558256681e-01 -1.629775354090774730e-02 -1.066556399978911274e-01 -4.401663393903353788e-02 8.256507114622017862e-02 -1.206226854168857276e-01 2.249732067567446481e-01 -2.150162221055914591e-01 -2.518684667311804071e-01 -4.175547539984438283e-01 -7.169178324611906461e-02 1.997145579210127531e-01 -2.570621679367984802e-01 -1.999505806049114293e-02 -2.553496468346412307e-01 -5.390286421605882117e-01 4.949470309369078530e-02 -3.911997836440111315e-02 9.957379313876786597e-02 8.977220990510897947e-02 -7.401048414700682476e-02 2.870229393505975904e-02 -1.923211741743746928e-01 -4.542550085754308298e-01 -1.293978841931849311e-01 -5.435796824801556459e-01 -3.944692029400024280e-01 -2.408946458082612818e-01 -2.313562173338233607e-01 -1.776169538134029502e-01 3.730054915023058026e-02 1.240966701853504217e-01 -2.952575692445408295e-01 -3.977672981079437009e-01
8.585063748886451532e-03 5.789410657313314168e-01 -1.373527646219668275e-01 7.111124565162403321e-01 1.000000000000000000e+00 4.149598176831547670e-03 -1.302153614263575343e-01 4.449915423769272294e-01 3.279709656491210934e-01 1.179105036601215128e-01 -2.801786680295906273e-01 -1.680569283334452657e-01 -2.721078427413646250e-01 6.611123413253683356e-02 7.487174779427631377e-02 3.034759452625249709e-01 -1.297904766599934923e-01 1.085282224366927034e-01 -3.158284891247208764e-02 -1.406787828124238526e-01 1.020774536194748588e-01 -8.081695315653796008e-02 1.611498631683618843e-01 -8.586708603385564964e-02 -2.067240451749725039e-01 -3.356798794709214828e-01 3.103492385441230725e-02 1.681117920029502888e-01 -5.195952206194990458e-02 2.125046211670702512e-01 -7.115940724864582012e-02 7.511397575156149309e-02 4.019850908202883821e-01 3.590274724082282570e-02 3.202270194992950375e-02 -3.474189584662752683e-02 6.766747340202347583e-02 5.429394913447898458e-02 8.711971529180352614e-02 -6.263470156958370061e-02 -2.226579978889308420e-01 -2.367903938463944147e-01 -2.372419992069039474e-01 -2.470703744018929587e-02 1.266772731078757985e-01 3.638444438852666413e-02 1.075842966847959520e-01 7.026912889784436844e-02 -3.263771093377263455e-01 -3.011281509645288290e-01 -1.615607037409007296e-01 1.521510497244567099e-02 2.773332813501911964e-01 3.965420067295062356e-01 3.119652702841635983e-01 -2.574460437348413122e-01 2.048882145240310537e-02 2.109185213337565479e-01 -3.621569557197868439e-01 -3.353044318570835847e-01 -2.992818670273914572e-01 -2.883677605974718783e-01 -1.456490233043196691e-01 -3.365143076594945271e-02 1.117895211187244359e-01 6.175808310163750231e-02 -4.771694362953913249e-01 -8.746287696908328080e-03 -3.172685181704597290e-02 1.483196463914285453e-02 1.437773945487309107e-02 -1.690160591916369248e-01 2.049973191802446915e-01 -1.897695427412765534e-01 -3.771184341712559562e-01 -4.357473762856462485e-01 -7.617601638644115603e-02 5.153818314434148451e-02 -2.327669603916379393e-01 -1.425867949953174285e-01 -2.700320340439095745e-01 -4.840391044404906418e-01 1.515897726891114183e-01 -5.699455666398715870e-02 7.015218252055617498e-02 1.224002311836288603e-01 2.026141913106304510e-02 -9.500281697383362173e-03 -1.099926915531515004e-01 -4.408788981930014672e-01 -2.509852113576591104e-01 -4.901534610003632220e-01 -4.215217014935139783e-01 -1.415542050178404121e-01 -3.044784232838936844e-01 -1.576230620999258814e-01 6.681490926169587896e-02 1.884334771273980802e-01 -2.887082937428737672e-01 -3.533595120300980219e-01
1.205787746467647664e-01 2.920353243885743244e-01 5.132512591684532666e-01 -7.424119050515412543e-02 4.149598176831547670e-03 1.000000000000000000e+00 5.298620686098720611e-01 6.246318020939354287e-01 5.817800684922449506e-01 6.506988001843480585e-02 1.255939159007244676e-01 -9.366009153602937454e-02 9.338536446762971815e-03 -1.802876058218547961e-01 -3.751631783509112861e-01 1.700618937305455325e-01 1.120372827681970634e-01 3.547816055967117355e-01 -2.499491773177739753e-02 -3.726124306085142057e-02 -8.725332413511504258e-04 2.087165126481100533e-03 -3.405787430313433339e-01 9.965481851059239393e-02 3.367121911612556140e-01 1.822596252833830754e-01 -2.948882011152784699e-01 -3.566858071076592918e-01 -6.430541844909733185e-02 -3.899923730720277759e-01 2.012613201287183351e-01 -3.229074693584643024e-02 -7.325710740054799941e-02 7.570921304862193724e-02 -5.501423046739058187e-02 -1.599301292940361746e-02 -2.458178356746754389e-01 1.499932931388946455e-01 5.978123189820029604e-02 5.584608540044819769e-01 6.432137414964186894e-02 -3.697804956670272536e-02 -1.593119564053327442e-02 -1.094912330287599878e-01 -2.666740859722390722e-01 -3.398577122128027539e-01 -3.556958230065003779e-01 -4.092516242311948771e-01 3.112271508958267541e-01 -1.009075667375701618e-01 -2.222034941975660483e-02 4.015672107003833702e-01 2.165929193674383801e-01 -1.227421403723310128e-01 6.677132685238723608e-01 5.924920525599238763e-01 5.180092036147809775e-01 5.445734536593792585e-01 1.408720311685061066e-01 7.694541937284091106e-04 1.578552067656849023e-01 4.401038188989393057e-02 -1.528726584364618613e-01 -1.866015390732324308e-01 -1.735663688055689435e-01 -3.558973725548174039e-01 2.004765441161064088e-01 1.355877419923983140e-01 8.650301873747325010e-02 2.882262491972066853e-01 -5.072240298020255778e-02 -1.101458608715231574e-01 -3.370668655897228749e-01 1.110518603304017637e-01 1.605948052373721568e-01 2.180453322987712939e-01 -2.185057834699336357e-02 -3.956384141854271674e-01 2.227887305520743766e-01 -5.035359259953765820e-02 -1.731001817715434668e-02 -1.612631375034794257e-01 -1.692822783230870931e-01 -8.656634088739283139e-02 -3.006504230584185478e-01 -4.076050332187398650e-01 -3.169862451686350502e-01 -3.723717276103242768e-01 6.718953157411736155e-02 6.733154704021458714e-02 -1.242130348978748473e-02 3.150917904716488138e-01 1.618355521752822546e-01 1.937876216595968981e-01 4.270585159260593955e-02 -2.703945569223992207e-01 -3.753989035668447993e-01 -4.095508722325565953e-01 4.267059229924500818e-01 -2.116095234562562905e-02
2.032628536579663137e-01 2.067331431388693963e-01 3.991590390085020257e-01 -1.699313279086014372e-01 -1.302153614263575343e-01 5.298620686098720611e-01 1.000000000000000000e+00 4.270305767949686970e-01 3.427773981745743659e-01 2.952233413399448780e-01 6.395020552964780780e-02 -1.051823881548859252e-01 -9.284387726164172738e-02 -2.432952228473016787e-01 -3.593660363581334671e-01 2.612733966566008759e-01 3.446675524360873905e-02 1.852875525932510814e-01 -1.281420734202962930e-01 1.205218006328129116e-01 -5.143108553847069303e-02 -1.535569163001287152e-01 -4.090524080638361926e-01 4.467099856491854593e-02 4.164088304298367293e-01 8.956527036653720575e-02 -3.476042812349276478e-01 -3.369192241589333836e-01 -2.985912538626547263e-01 -3.040081096523015725e-01 1.965547236674689557e-01 1.673051756127769962e-01 2.061170797011568911e-02 -1.348246738747859996e-01 -2.511594499512324052e-01 1.655265436589066844e-02 -4.124696724704567941e-01 4.795228074003020646e-01 3.345401497699824755e-01 6.055339823134887611e-01 1.675505881103825923e-01 -1.969317198194849294e-01 -1.238428172845856406e-01 -1.797403043890018941e-03 -4.076844573680050154e-01 -1.860461950831913680e-01 -3.832088714049812772e-01 -2.869346798295839829e-01 2.469092284835107121e-01 -1.646999518954457564e-02 -9.048182027309358000e-02 3.632755662436301658e-01 2.715255507016376968e-01 -3.017473494298691938e-01 3.717646618727909469e-01 4.265638499163045827e-01 4.708080266693265847e-01 3.341011883981290231e-01 -9.152239034160151651e-03 4.981291355206751703e-03 1.604347993562448838e-01 2.792598285776265454e-02 -2.985398560483462083e-01 -2.444661243942406192e-01 -2.316198325256691448e-01 -3.679984751579841729e-01 3.161446239371247247e-01 9.976653027090615078e-02 -1.604459437752408235e-01 6.492642044273279345e-02 -1.640877396411583311e-01 -2.961657320444550101e-01 -4.422757899894816380e-01 1.850182931189614521e-01 1.029184165366277409e-01 1.457389692809158144e-01 -2.970273977547775446e-01 -3.685899932758523456e-01 2.922646289566533870e-02 -3.347694506335039538e-02 -2.214148404070701570e-01 -5.738824847371339077e-02 -2.816778667733933483e-01 -2.819061970600097999e-01 -4.597189560148334797e-01 -4.763406880115563791e-01 -4.146419827642028877e-01 -4.751449706949780749e-01 -6.575779913920977438e-03 -2.209644165290913093e-02 -9.147276169827504855e-02 4.520672990155807369e-01 3.828049756907269119e-01 3.254564345667388531e-02 -2.099333237119700435e-01 -3.651919375154662473e-01 -2.707937865586055870e-01 -3.308574468523327594e-01 2.827682082403592534e-01 -6.334624854587479759e-02
1.248223855536123306e-01 5.781744487280215949e-01 3.861647108265974793e-01 3.244436378279849098e-01 4.449915423769272294e-01 6.246318020939354287e-01 4.270305767949686970e-01 1.000000000000000000e+00 7.592268509116973929e-01 1.382056930128766348e-01 -7.405155344381782190e-02 -2.521348923061285385e-02 -8.861196600871827644e-02 -7.192132289311323201e-02 -2.000377109105327955e-01 3.507659557606891965e-01 4.388389819181520018e-02 5.636455787921905713e-01 -2.103820860679606400e-02 6.758863507128000381e-02 1.629206822299021362e-01 -2.138073297245905030e-02 -1.595709144838592108e-01 9.398072229081115558e-02 4.995536124399158756e-02 -5.976877690818967193e-02 -1.762607724334577242e-01 -2.001417849547980909e-01 -8.294277041976266807e-02 -1.823013639730707569e-01 1.491314854258226630e-01 -6.943282397521814697e-02 2.434503865376292098e-01 1.202818121828805320e-01 -1.657490578200855602e-02 1.293878001793239974e-01 -1.819479076362913450e-01 1.746771143003800209e-01 1.852044180524946571e-01 5.188803578087874957e-01 2.565460286593107195e-02 -1.379375090624254951e-01 -6.063636778998026527e-02 -5.764550835140401508e-02 -1.565980584069050774e-01 -1.352480398365782654e-01 -1.895670807336175823e-01 -2.420670763179346707e-01 1.173220291808211163e-01 -2.567628653002944628e-01 -8.761977339974102996e-02 3.814734761072430258e-01 3.736656286027590368e-01 9.007522202888190721e-02 7.107317111684943178e-01 3.441498901489377649e-01 6.324576655378701950e-01 7.812929572446323245e-01 -1.031606938570966275e-01 -1.298110929805484925e-01 7.767351067860393810e-02 -4.294071221581811926e-02 -1.585514289990941350e-01 -1.604602530257542847e-01 -2.854162980184347248e-02 -2.024919445856928901e-01 3.562287314667139659e-02 9.963657073309202528e-02 1.545778313700520851e-02 4.238979071339131766e-01 3.838762659321288268e-02 -1.576688372926261239e-01 -1.424230738990034384e-01 1.935156075837508038e-01 -3.757290197641732082e-02 -5.356917852939244856e-02 -5.470412295303238304e-02 -2.449264605375972015e-01 5.353098059448434948e-02 -1.400133166591938094e-01 -1.901101450621510147e-01 -3.446141192440826395e-01 -4.833732340117095905e-02 -6.566168633893947060e-02 -1.874089214268615522e-01 -2.819326172890650462e-01 -3.024923546361922844e-01 -3.144670972823978561e-01 1.325769565198869626e-01 -1.767094699452005646e-01 -1.500076071414163659e-01 -2.451206363747328656e-02 3.737611971256642879e-02 3.495920543205543324e-02 -1.030832971494387296e-01 -3.245355583809298450e-01 -1.850526396630591541e-01 -1.839625548259417598e-01 2.174386654583712886e-01 -2.612147878577542603e-01
2.466775340197371047e-01 4.557753905014660933e-01 5.054673548260520954e-01 1.794224147506026656e-01 3.279709656491210934e-01 5.817800684922449506e-01 3.427773981745743659e-01 7.592268509116973929e-01 1.000000000000000000e+00 2.387393634334314674e-01 -4.378748370332976453e-02 3.562512356266626934e-02 -1.465194100008343492e-01 -1.555514261556561750e-01 -2.375852316305004652e-01 3.731172045089872769e-01 5.456831926590491322e-02 4.558565755885339299e-01 -1.357275158997183484e-01 2.127361547118840346e-02 5.382863205228714115e-02 -5.782125381279509119e-02 -1.654810415655071365e-01 2.014512020169452744e-01 1.672773019805075950e-02 -1.901428460091955652e-01 -2.075401716729725621e-01 -2.052679738630389106e-01 -7.412656470282609489e-02 -2.703352869255191693e-01 2.738347229429942131e-01 -4.811653314063957243e-02 2.048964553803615807e-01 8.046009671502293847e-02 -9.213547987909755099e-02 1.968394162752742371e-01 -1.268092702225210588e-01 6.459394146472918763e-02 -7.626687849163879887e-03 4.395167393310773774e-01 2.299367221117889007e-02 -1.077609161960993156e-01 -1.866761992988837660e-01 -1.350762805153608581e-01 -1.888601678193530808e-01 -1.790381825566966234e-01 -2.100402132764427054e-01 -2.703061524198659971e-01 1.513032273219783452e-01 -2.537421195019686215e-01 -1.088017716086880395e-02 3.899405095794727938e-01 3.377346825269361141e-01 -5.308037271926088242e-03 7.595098670249910144e-01 4.403586501391330010e-01 5.092594506279100042e-01 7.830062378434192727e-01 3.013143087244291030e-02 1.359448295392525104e-02 -6.205073431280589552e-02 -1.258461172724812949e-01 -1.486994244041105750e-01 -1.701848676370997793e-01 -1.370075050288801777e-01 -2.276943631645866606e-01 1.923455191601555481e-01 -1.900141600011933177e-02 -3.232869009680906097e-02 3.804634126890862889e-01 -5.537891792069239705e-02 -1.320776563545965065e-01 -1.724973334529489033e-01 2.134278073746346538e-01 4.690990730644313544e-02 -1.477451165906190078e-01 -6.046638295827608950e-02 -2.855114155150778044e-01 1.749994221447454812e-01 -5.118421827996529061e-02 -1.340607717891038608e-01 -1.475667946074154246e-01 -9.933375079639400473e-02 -1.089642485031717678e-01 -1.501641047863024325e-01 -2.223620865420831427e-01 -1.911835196112655622e-01 -2.550199414072862880e-01 2.434212103979868369e-01 -3.823128614679377479e-02 -6.443792798020234192e-02 3.940342996198629294e-02 4.526864771320206898e-02 -6.655213967188777779e-02 -1.103347671944741037e-01 -2.617927730766295147e-01 -1.374294239071674750e-01 -1.644122993448839387e-01 2.863773408786842167e-01 -2.392156053305026508e-01
1.319099293470592238e-01 2.653494865869947539e-01 5.495606542262421873e-02 -3.829548387555820749e-02 1.179105036601215128e-01 6.506988001843480585e-02 2.952233413399448780e-01 1.382056930128766348e-01 2.387393634334314674e-01 1.000000000000000000e+00 9.722520845470243589e-02 -9.823915484449968760e-02 -4.006376278136996594e-01 -3.795307500831328618e-01 -3.774234366882656677e-01 3.652936876441277847e-01 -2.296322267497007685e-01 -1.251283642907252414e-01 -4.134006412316523216e-01 -2.075954938671752958e-01 -2.900228607675749970e-01 -2.612717672471446817e-01 -3.622785734292764404e-01 1.380046287595029786e-01 5.193873040579873868e-01 -1.052481085883298084e-01 -3.624018030320295125e-01 -1.277605247309810954e-01 -3.488344417935713149e-01 -2.126014904622526847e-01 2.891811475083603256e-01 3.657722885382898026e-01 2.398297084080575348e-01 -3.098306492260636258e-01 -3.364939867210016144e-01 -3.028510888873454932e-02 -1.437519516046907031e-01 3.964808596297587084e-01 6.189032048824531090e-02 3.219844951839672675e-01 -1.547354597107427898e-01 -2.542879074880176060e-01 -3.904609863923593771e-01 -3.577065625336015714e-02 -2.843889913291925975e-01 -2.601771190328631134e-01 -3.803382922154557311e-01 -3.380317751333819509e-01 -2.281779835005664225e-01 -2.975026003809150832e-01 -1.144472258285146454e-01 1.087614139473595809e-01 2.501429838466468492e-01 -2.503641526125910954e-01 1.990315541378500641e-01 -4.987654489867793944e-02 -1.224011894266171206e-02 4.167627930490024751e-02 9.589402398437599229e-02 -8.294895255309481241e-02 -1.594004585086423176e-01 -3.254111088591341017e-01 -4.448776453759610283e-01 -3.503769865529353100e-01 -3.895442064046413799e-01 -3.979131629131036907e-01 -1.173466010348079777e-02 -2.585889576462634398e-01 -3.157679783403536389e-01 -2.027534777397425048e-01 -3.948523065598048554e-01 -4.378762446769990935e-01 -3.019682549804678651e-01 8.917346953761934314e-02 7.635395035628723959e-02 -1.266741929948379808e-01 -4.465902467235025597e-01 -2.700353560048117663e-01 3.119445261276294901e-02 1.551106665753899938e-01 -2.216871678076319796e-01 -6.360337501275678540e-02 -2.090875534697133609e-01 -4.337946110912701547e-01 -2.417180574873002974e-01 -2.808640291947299694e-01 -1.263906193651453680e-01 -6.539938668596279037e-02 -1.220085370748194703e-01 -2.293143939170899925e-01 -5.556168123019638964e-03 2.493477192060561398e-01 1.771977770608965663e-01 -2.100698136142681860e-01 -3.816472366938151728e-01 -1.747669769942082618e-01 -1.214922548350967635e-01 -2.010537518698660153e-01 -9.121348920835925522e-02 -2.718125718713814698e-01
-2.617883070832171533e-01 -2.769257805124447636e-01 -4.474768003727244703e-02 -3.701394893718160106e-01 -2.801786680295906273e-01 1.255939159007244676e-01 6.395020552964780780e-02 -7.405155344381782190e-02 -4.378748370332976453e-02 9.722520845470243589e-02 1.000000000000000000e+00 3.423828262666662181e-01 2.385067729464099007e-01 8.666547606587877983e-02 1.077203227135557426e-02 -2.533196998418676404e-01 2.303317896538457921e-01 2.941584682886383417e-02 1.145799894849788420e-01 1.363826128843315631e-02 2.812134485640233744e-02 1.850848280322317241e-01 -1.575814077346918834e-02 3.394715070988338357e-01 2.755288817285617142e-01 3.579655182728966323e-01 -1.679183947681840358e-02 -1.220009785573352400e-02 1.780502094550455994e-01 -5.559561074060410946e-02 -3.199295921484122951e-02 -5.169277084739606204e-02 -1.750950942411866607e-01 1.138056341978976871e-01 1.316226288376841635e-01 3.996420409696713888e-02 1.371636302284807152e-01 1.670128691602704857e-02 -5.891127451068393223e-02 1.695356909914383092e-01 1.612974209454750285e-01 1.990402751972335516e-01 2.147143949574575605e-01 6.314185024745340435e-02 -1.465829775878487069e-02 -7.786240605675888438e-02 -5.059926325692985782e-02 -2.123318621623560346e-02 1.365037190927064215e-01 1.677183762096406405e-01 -4.448117815507951489e-02 -1.647778066214333759e-01 -1.613119343136311112e-01 -1.699024459971980594e-01 -6.186261990185634718e-02 -3.101402984701381871e-02 -3.487217722510727730e-02 -4.130216667161009519e-02 3.724010313363433355e-01 3.191386502569747985e-01 2.288807216630522612e-01 1.877852091101138987e-01 9.027012920482602176e-02 2.489275943046957706e-02 -4.304534323204259848e-03 4.219611629634326816e-02 1.009579525035397829e-01 7.795680651454332810e-02 9.734691576279842773e-02 1.127878260515397489e-02 2.053506153520419722e-02 1.179649767428802287e-01 -5.232457276017478398e-02 2.737736866167463368e-01 2.293710792321584091e-01 3.807693184266466857e-01 1.553295057670236456e-01 -1.667317872411653787e-02 9.956562560451115429e-02 -7.060253087163548269e-02 1.923316932070022189e-01 7.836658532599377613e-02 -4.064204669180024321e-02 2.688459474768263927e-02 1.172057831814097770e-02 -4.678503918706751474e-02 1.722229620971529596e-01 5.382212346679743353e-02 1.277264243201159388e-01 2.596282605175099789e-01 1.592028946129947151e-02 2.316809385087084672e-01 1.766629728965995183e-01 2.752306161748561686e-01 1.580654949332919446e-01 9.127951610191545329e-02 -1.135635866638627922e-01 -9.330855850407482333e-02 1.628352506364998398e-01 2.112147741141367219e-01
-1.303843101994903858e-02 -1.695333097527742527e-01 1.097493775429837226e-01 -9.272633035817032243e-02 -1.680569283334452657e-01 -9.366009153602937454e-02 -1.051823881548859252e-01 -2.521348923061285385e-02 3.562512356266626934e-02 -9.823915484449968760e-02 3.423828262666662181e-01 1.000000000000000000e+00 3.268764327135958436e-01 2.439168393582711591e-01 2.788634328244055660e-01 -9.537338301267854479e-02 2.025779306619747977e-01 2.086318592278839923e-01 1.977388336998298357e-01 1.281170505086880740e-01 1.700396736953732890e-01 1.182487819171968990e-01 1.943086141717353388e-01 4.185960426000898127e-01 -3.012610469989486783e-01 -1.860518632548587362e-02 2.077233605918926695e-01 1.002907008861435023e-01 1.991094507015276349e-01 1.073683749323564446e-01 -1.958631797305531996e-01 -2.143062003827331530e-01 8.636783645067406048e-03 1.492784333870910973e-01 1.163770943905286792e-01 3.084616172540662338e-01 1.678638828656451309e-01 -1.475594855911287751e-01 3.726348911545880604e-02 1.113545256113213783e-01 1.107457287538694268e-01 1.306712868023748308e-01 1.178302351044537705e-01 -1.232497381935758612e-01 9.916005457247346888e-02 7.559195189423584260e-02 1.750340371360012692e-01 1.602725454095782764e-01 2.239018220891101363e-01 4.513630432054401009e-02 1.063638852302783433e-01 -5.625201695624926397e-03 -1.069889275446072874e-01 -5.508244769319725620e-02 -1.007303066799583313e-01 1.208060798020881010e-01 1.067858232500079052e-01 1.353416281269552990e-01 3.059471631052393947e-01 3.603372989946542204e-01 2.033480672501266351e-01 3.669687250426381664e-01 3.470179612079102305e-01 2.279486557304453431e-01 2.381081443713985724e-01 3.270559634394952231e-01 2.682600320791815318e-01 1.221444931010651630e-01 7.032937371571097718e-02 1.785644763517556244e-01 1.679257532364729910e-01 2.938173334114639323e-01 1.456184372914189895e-01 3.866237801557051990e-01 2.355995572646765179e-01 1.793673639478241544e-01 2.670578194370210046e-01 2.311584546945349150e-01 -6.934233252066136777e-02 -8.370629944551782886e-02 1.149774257030890257e-01 5.549660037887216291e-02 1.362141734275120180e-03 2.118302094661041191e-01 1.914301356371155283e-01 8.211306548941307848e-02 1.545978063282417159e-01 8.649026363345882484e-02 1.994441390702018091e-01 2.051134574068482208e-01 4.336158198897140624e-03 -2.391564193583895631e-02 5.863257619913718466e-02 -2.358451516679388807e-02 1.116930154344951409e-01 5.811004067698617020e-02 -1.769369472732712847e-02 5.638503587157031594e-02 1.781241067726204719e-01 9.843163997639667318e-03
-2.284222139413902564e-01 -4.362163648770477353e-01 -7.384992126214319497e-02 -2.087622434564050389e-01 -2.721078427413646250e-01 9.338536446762971815e-03 -9.284387726164172738e-02 -8.861196600871827644e-02 -1.465194100008343492e-01 -4.006376278136996594e-01 2.385067729464099007e-01 3.268764327135958436e-01 1.000000000000000000e+00 6.407807431366080442e-01 5.343715024534001490e-01 -3.779090795744144970e-01 6.165071249549674004e-01 3.146735360271838977e-01 6.982669994250115808e-01 3.776936992362633916e-01 5.442429063769437247e-01 6.503745350698419969e-01 4.534922050026684581e-01 1.643148821109958468e-01 -2.107817617826517054e-01 4.153706500851341854e-01 4.808652040558076268e-01 2.216372154472874556e-01 6.085027073260453889e-01 2.761920159308116629e-01 -2.270409833034396085e-01 -4.239144410360166648e-01 -1.117618830841049654e-01 5.923412133252570211e-01 6.533311172067087780e-01 5.299921342939177549e-02 3.144827216484095689e-01 -2.492282400764359584e-01 3.969341315304099164e-03 8.282245680503909357e-02 3.914198830652840799e-01 3.661378107571932605e-01 6.214713687995899738e-01 2.046730934597941198e-01 4.935275836594805732e-01 2.706795359509361898e-01 4.882099288441976159e-01 3.652243938977448590e-01 3.401163021044349977e-01 4.379629429282311803e-01 -1.564245237517206122e-01 -3.200355213751203687e-01 -3.963439500213840061e-01 -7.706461908863262988e-02 -2.472472545568022706e-01 3.031224748783869355e-02 -1.407895770180576933e-01 -1.191411548055636149e-01 4.336562082095758025e-02 3.716726297072675544e-01 4.554439048280047309e-01 6.405224611163999882e-01 6.339667714833084888e-01 5.075370261076908029e-01 5.521195675111641998e-01 5.316943735928634229e-01 -5.264703701112097983e-03 5.710791839005771031e-01 4.805596601906478305e-01 2.892218722168576894e-01 5.400074024803890316e-01 5.735159712172612778e-01 3.232975357661030946e-01 2.481730425104551885e-01 6.338691938785179225e-02 4.425840480379913955e-01 6.439746184032556497e-01 3.560144656144801356e-01 -1.103786318068808864e-01 -4.001095874905873373e-01 3.776860455057973187e-01 -2.212492395316413563e-02 3.234513058028647414e-01 5.680544527235450447e-01 3.071220426731875452e-01 3.453594149732298058e-01 2.012259553817805080e-01 5.640309087416901790e-02 2.168943281556547364e-01 3.166022341933796835e-01 -2.634679187077195728e-01 -5.183200986386853754e-02 9.038471924294732077e-03 6.642996615730843712e-02 3.889831205888621413e-01 1.647728052370668883e-01 7.235433642520723574e-02 2.075169400960331090e-01 2.259509102306828943e-01 3.513973362141175616e-01
-3.685767381711738677e-01 -3.317077685641515172e-01 -2.970630087222227989e-01 1.134493879301911451e-01 6.611123413253683356e-02 -1.802876058218547961e-01 -2.432952228473016787e-01 -7.192132289311323201e-02 -1.555514261556561750e-01 -3.795307500831328618e-01 8.666547606587877983e-02 2.439168393582711591e-01 6.407807431366080442e-01 1.000000000000000000e+00 8.181056145802925172e-01 -3.267865115933041298e-01 5.392652283695822391e-01 3.000805821801201811e-01 7.831726789290591739e-01 3.328868959548320627e-01 7.428665036869267491e-01 6.530017566902330817e-01 7.775707842665605662e-01 1.095371762689655165e-01 -3.486443474145930477e-01 2.765421990230390037e-01 7.619663942555027214e-01 5.448269090207034093e-01 6.097723487824434629e-01 6.122895570985638081e-01 -3.886397509621981050e-01 -3.863836871069619705e-01 1.108232270363554844e-01 5.220257393891407638e-01 7.471949225343968992e-01 6.929382035824042940e-02 3.045849666198405248e-01 -2.130514076949060476e-01 6.042679779879259194e-02 -4.885425662289654553e-02 1.452240262397907766e-01 1.478561630526923909e-01 4.591157487968310913e-01 2.212957855944712171e-01 6.468443327232578088e-01 4.831464229707113645e-01 7.530651591819184087e-01 6.221140884781505287e-01 3.138043284462401633e-02 2.284990608161136527e-01 -2.015051537484500999e-01 -5.059084336352449585e-01 -2.593906540514046566e-01 1.640704856892071517e-01 -2.941988543830016956e-01 -2.761194826421087822e-01 -2.366221703402388576e-01 -1.391916670672876111e-01 -2.814830084572487734e-01 1.399198444728197155e-01 3.085296192172807261e-01 5.366801503329182710e-01 7.064242299612039089e-01 5.840120061572832144e-01 8.048069130431477758e-01 7.728329373955100667e-01 -3.265367486561447929e-01 6.025553973081778647e-01 5.035636188797016910e-01 2.817208117396543532e-01 7.300656958750285641e-01 6.700038740203568821e-01 5.973801050280872493e-01 1.444877510986917191e-01 -1.185173904442325399e-01 2.311050272718262188e-01 6.205327305634407153e-01 5.707079318086865083e-01 -2.951107013517565991e-01 -5.320715209731029516e-01 3.588429601836317095e-01 -2.504101135532966205e-01 4.945837773530075698e-01 7.090365279573679347e-01 5.827804433450594068e-01 5.603649627107960551e-01 2.504799560884576337e-01 2.755660697119125535e-01 1.428293052991109757e-01 -5.609299889104027263e-03 -4.029515758073373144e-01 -4.084422237565826785e-01 -2.416305158029591893e-01 -3.359053324010171510e-02 3.329546834138018552e-01 1.417625416236871772e-01 2.980596302023357791e-01 5.012281483836469320e-01 -6.175376228503411807e-02 1.189236289237902561e-01
-2.491799091668148447e-01 -3.006665231905921720e-01 -3.222515073484062964e-01 1.967886982481574232e-01 7.487174779427631377e-02 -3.751631783509112861e-01 -3.593660363581334671e-01 -2.000377109105327955e-01 -2.375852316305004652e-01 -3.774234366882656677e-01 1.077203227135557426e-02 2.788634328244055660e-01 5.343715024534001490e-01 8.181056145802925172e-01 1.000000000000000000e+00 -2.578768297984950220e-01 3.453557570258665721e-01 1.385804801594895941e-01 5.896359776865127689e-01 2.761672158356099915e-01 6.296603114053910266e-01 4.748538786959586311e-01 8.385324554117695728e-01 3.461368998911313472e-02 -4.430996925729043801e-01 8.463822213501430436e-02 7.479155678925488715e-01 5.430853325204038073e-01 4.973991252706925770e-01 7.239307946456204901e-01 -4.211408312761491524e-01 -2.874412168173660076e-01 9.152884967107453862e-02 3.476085043404730790e-01 5.854254585083397133e-01 9.629168722077433018e-02 3.150822828745174498e-01 -2.365392235017498845e-01 7.561304161157980652e-02 -1.922014542194470099e-01 3.470016614378980402e-02 3.661827048797765272e-02 3.042109590874614300e-01 1.046337995533366955e-01 5.562616675167024738e-01 4.828003912333364567e-01 8.000874267359110448e-01 6.762696076930033717e-01 -4.256681117621509414e-02 1.358591439644312726e-01 -5.175060331576903511e-02 -4.480929163805023041e-01 -2.422677257593177647e-01 2.539925241991511373e-01 -3.974867110639505596e-01 -3.236467446561553385e-01 -2.538318876802938551e-01 -1.919382293919656146e-01 -2.578174381391454273e-01 1.227356637735461803e-01 2.507760951925206427e-01 5.069995243120183348e-01 7.377662986294089009e-01 6.251962263856137847e-01 8.059672919434934801e-01 9.054813432951411833e-01 -2.894281773819163406e-01 4.351079460704598278e-01 3.113531715039987713e-01 1.673751957366712007e-01 6.855553195550152523e-01 6.346337994866452226e-01 6.739447125934105998e-01 1.385308908619070356e-01 -9.825356677307965636e-02 6.263658415782294431e-02 5.276084058487021666e-01 7.138694722474761001e-01 -3.393373831065072954e-01 -3.751061312059789099e-01 2.613948726687665425e-01 -1.765640934033669285e-01 3.529413137159682634e-01 6.225426946777840032e-01 5.681850541814990052e-01 6.348561722520487116e-01 2.614492629692217185e-01 3.107528523172551349e-01 9.445530911661148554e-02 -5.399904133842232945e-02 -3.113128742068953514e-01 -4.916880637408539423e-01 -2.339905329703493020e-01 -1.627743356316335710e-01 2.163649827122749447e-01 1.630929262719399420e-01 3.145731735391000261e-01 5.558367636132952594e-01 -1.797013946740198265e-01 1.301307797384996384e-02
