1.000000000000000000e+00 -2.612169634934254775e-02 4.062715593136427272e-01 -1.913071348965504348e-01 2.017207083991727230e-03 2.607448057871021296e-01 -1.110386601366236820e-01 -6.702866679065547229e-02 -6.866759876872785551e-02 -2.127248700387403008e-03 4.667449418641582415e-02 -5.947081288859279447e-02 -1.049445395963462674e-01 -3.029722724735962047e-01 -3.022510583763216574e-01 4.215807360491753975e-01 -5.047377897959362536e-02 -4.794615987874033258e-02 -1.149148331803237638e-01 3.358569689234808253e-02 -1.704360256767238069e-01 -6.686731631631913364e-02 -3.127714338113596892e-01 1.603449973738710821e-05 2.724198036823256008e-01 -4.097625601078794255e-02 -2.291233349072525904e-01 -2.008664422604486688e-01 -1.183701843198376735e-01 -3.358586110826501936e-01 1.127020078859297392e-01 1.762251900306119334e-01 -9.848968621482295793e-03 -9.326240044755923497e-02 -4.493379690597761045e-02 -3.886284230404603995e-02 -4.601591191738746423e-02 2.237112574000247600e-01 -1.594694501050348268e-01 -1.308157535778168012e-01 -9.723091059377660106e-02 -9.212880128009001690e-02 -1.162051800582948324e-01 -1.156113962804360962e-01 -2.027942223145251244e-01 -3.490747144773523325e-01 -2.739374408969714736e-01 -3.324563290948794880e-01 1.093248268545560231e-01 2.354493219332657802e-02 6.267963766940358727e-01 2.731698187330963701e-01 -1.617547654208582701e-03 -2.623930119367423042e-01 5.401402841403604715e-02 2.733034759242977119e-01 -9.467668348461362460e-02 -1.089456564750583695e-01 6.453450173516167565e-02 -5.510992119335064027e-02 -1.499552394441275582e-01 -8.689089024791069038e-02 -1.598102930328130222e-01 -3.209864003648573716e-01 -3.090621428061992582e-01 -3.373987999043695507e-01 -1.511822937427166613e-02 -7.320399906768833287e-02 -9.869085047030906610e-02 -1.407181912374901207e-02 -1.503673666063586323e-01 -4.611906400807461170e-02 -3.224391325143295961e-01 -1.462049282751345936e-01 -6.208344661928842656e-02 2.136690046279680552e-02 -1.078864157277078933e-01 -2.441355334099618302e-01 1.425818390172068351e-01 9.423739527751302802e-02 5.898456588819299407e-02 1.402984176630420882e-02 9.705827702992995965e-02 -5.433630931822185095e-02 -2.352300003299936937e-01 -3.129451681799474416e-01 -1.321701997757660507e-01 -4.207343392106584895e-02 -1.600351352940990526e-02 -5.307745348242441652e-02 2.248303636683613993e-01 1.922332009791779817e-01 -1.312728799209375019e-01 2.575445813176427401e-02 -1.494794678587518799e-02 -3.205127006119663780e-02 -3.584494084404745706e-01 -2.435254961815556674e-01 1.890115731556076262e-01 6.758387008538331575e-02
-2.612169634934254775e-02 1.000000000000000000e+00 4.305822440385186911e-01 6.123966957277413581e-01 5.937417319515020386e-01 4.519434756036731504e-01 2.090047287652357366e-01 4.565731560370356323e-01 4.375046822277526282e-01 -1.424012692382110312e-01 1.230415577402635408e-02 8.053458493300177934e-03 8.432579598236971188e-03 1.343336446918685090e-01 1.178592257357024067e-02 1.786842345433544144e-01 1.508923003097755898e-03 1.744766097810472316e-01 1.248746929516076631e-01 9.673413658322965736e-02 5.540439389130824566e-02 -8.299949140134342540e-02 -2.253098236119947112e-02 -4.242143882788819431e-02 -9.361247218414484039e-02 7.841012629272763740e-03 2.024291177875367845e-02 -1.061246432028250530e-01 5.469577812812958855e-04 -1.674635501478885791e-01 1.379589872334378298e-01 1.350581545794859173e-01 1.024294889456421609e-01 -6.401677021628904111e-03 -1.518434858701042667e-02 9.432489188699205718e-02 -1.639944260552976540e-01 -3.625914438733483791e-02 5.685969796647295099e-02 -8.534392344826660648e-02 3.742979259659443697e-02 -1.037188896272230459e-01 -5.388744180920355858e-06 -2.056209145619005557e-02 1.737100681487434295e-01 -6.063218196676437716e-02 -1.741273285020150663e-02 -1.150945886008521574e-01 1.035302180020394175e-01 1.541924049311595435e-01 -3.070591208733046765e-02 7.093577334035578996e-01 2.889531552710436491e-01 6.024524195249010283e-01 4.986524154147942145e-01 3.610310209590432695e-01 4.811513517551603281e-01 4.940805990815478332e-01 -7.245783951864334660e-02 -2.436361828856984844e-05 -4.652636612649389131e-02 -5.474375701682138856e-02 1.029823973186178160e-01 1.823128413691848804e-01 1.597076607779252255e-01 4.027357158101919909e-02 3.966623211850772712e-02 5.578133427560809550e-03 -2.638785171937983384e-02 1.327825056434054907e-01 3.260611038731455608e-02 -6.218370220194671671e-02 -5.237519451003685295e-02 -2.305427809343111312e-01 -7.501787212979867114e-02 -1.640837545220481253e-01 1.761994775819015341e-02 -1.235253554871168502e-01 1.175321290028195353e-01 1.075945268714338654e-01 -2.330896291992853031e-01 -1.324519804792602673e-01 4.341561003651547845e-02 -3.836212258496792676e-02 -6.728047204838730200e-03 -2.238643523182039519e-01 -4.845266967600331265e-02 -1.895384715000722475e-01 1.636501365488970960e-01 -1.966242080726890162e-01 -4.124160060106590864e-02 -3.968184071232994103e-02 -9.033322399627541355e-02 -1.643927940642921359e-01 -7.284465205978626900e-02 5.327438986286885114e-02 -7.204838833476421645e-04 -1.418477125056341326e-01 1.031501903773687639e-01 5.833972491009482841e-02
4.062715593136427272e-01 4.305822440385186911e-01 1.000000000000000000e+00 8.711748197572519170e-02 5.272463260275428443e-01 6.983476002125311721e-01 7.971487820934161639e-02 3.979559337950063225e-01 5.463027141195455627e-01 9.568667176816487985e-02 2.172205668098467213e-01 1.026010375755446874e-01 1.827355791495977738e-02 -7.537083175393183287e-02 -1.294579914494533579e-01 1.657148930803460374e-01 5.620174695784892899e-02 3.980475057772632497e-02 3.533917414134710167e-02 1.139640394721883609e-01 1.740464014946176141e-02 -6.239153246695700733e-02 -2.514704713954742377e-01 1.080717267853400637e-01 7.287224644741217838e-02 2.328417223113347576e-02 -8.365255826620766888e-02 -8.323224242070298429e-02 3.982717242361671212e-02 -3.271266323601731418e-01 2.380104592004238795e-01 2.374997914699119791e-02 -2.266940156961219643e-01 5.164899560186801165e-03 -5.573306327395630144e-02 4.511834558398299111e-03 -1.253902221132479622e-01 1.982017784185742260e-01 7.896113806319676742e-02 4.426526962992817504e-02 -3.845606043294086396e-02 9.767761131730139101e-02 3.599702390265199087e-02 1.210196634280343297e-01 -4.492128080757120528e-02 -2.246134100320968108e-01 -2.134569416706806333e-01 -2.746128096867251345e-01 2.644652730237597726e-01 2.816907609158268433e-01 2.762647260099744817e-01 6.024313747799955321e-01 -1.319875834927408120e-01 7.063473696343743058e-02 7.060973553166701722e-01 7.811944420537637601e-01 2.352431640461912776e-01 5.655531592098099747e-01 2.077138944050726799e-01 1.333316110134450116e-01 -5.627307177363781443e-02 1.978860776064152865e-02 -3.832597009545696352e-03 -2.009393483109409018e-02 -6.172276565188982572e-02 -1.145058922095745085e-01 1.174665249681413476e-01 4.179217017353312885e-02 -6.211390748524299454e-02 4.600490828554731904e-02 -1.810600656642558136e-03 -2.875291156050378480e-02 -2.166054004944047151e-01 -1.624490085430124742e-01 7.105518506042479698e-02 -3.152202605992621837e-02 5.085057812222583493e-04 -1.830174024596328275e-01 2.812887621717588549e-01 2.463648538368356979e-03 -9.363216873078175628e-02 -1.450892259627172042e-03 2.695771824035179121e-01 -2.299666380960643797e-02 -1.194202097681512365e-01 -2.936909950154287241e-01 -1.115568187618108248e-01 -4.973877163298950216e-02 2.006295937988214761e-01 -6.228120511101091494e-02 -2.864692360699441775e-02 1.145803873599485906e-01 1.383121290691808475e-02 9.987791674150306095e-03 9.993570973565372995e-02 1.785862954564524374e-01 -2.312514889049876454e-01 -1.734895148701622036e-01 3.890423983210393177e-01 2.292409940395658818e-01
-1.913071348965504348e-01 6.123966957277413581e-01 8.711748197572519170e-02 1.000000000000000000e+00 3.684722401578309769e-01 1.321926802405924417e-01 1.418051599318737865e-01 5.349414893576651675e-01 2.572153223048252446e-01 -1.960512289187360813e-01 -5.431551428738123910e-02 -7.548403567701779393e-02 6.792402909471356720e-02 2.097038843239836248e-01 1.074388112403401180e-01 6.761707544879407006e-02 4.383396552713621913e-02 2.088811335579968398e-01 1.142254986358686858e-01 -5.009950226054261241e-02 4.158721897164891629e-02 8.980162588515798461e-02 1.523831340158126324e-01 -9.827532012447719179e-02 -1.271709816554609240e-01 1.705850652057877212e-02 2.291386159485761867e-02 -2.168209051100683515e-02 4.970668708343514014e-02 5.914951517209337400e-02 -2.794662850240138552e-02 3.985053566832465893e-02 7.392227927674556442e-02 6.761072244587484903e-02 5.933761014925018756e-02 -1.279881525032929880e-02 -1.533235983306659167e-01 -8.712468778567333816e-02 8.405347425584080989e-02 -3.284524072422088936e-02 5.850560956929679729e-02 -1.120615738564523928e-01 6.854763039543887437e-02 -1.019981698913877133e-02 1.224812452341162983e-01 1.159313038491000813e-01 1.114651130699429865e-01 7.343969291809218647e-02 -2.052289401253031553e-01 2.261825282256836947e-02 -1.588566833875121875e-01 4.403840864221265083e-01 3.456481322924069288e-01 6.154879938471576883e-01 1.543946425242394005e-01 1.004255766040401954e-01 5.189675531310190548e-01 3.205206672458018602e-01 -1.717002430580389649e-01 3.956888985500008754e-02 -5.451158739155561456e-02 4.465259214113066061e-02 2.242563382183994092e-01 2.793119511526633847e-01 2.289145970438923039e-01 1.750423405863320570e-01 -5.386744110093101036e-03 1.338994693436956485e-01 6.044300610045702515e-02 1.449799057188725648e-01 1.465867136165396531e-02 3.370140532265339384e-02 1.267361771342468968e-01 -1.379113083470206169e-01 -5.754858199586731365e-02 -1.239517010484656179e-01 8.456927371401447291e-02 4.969002132361710622e-02 -4.036193244896396637e-02 1.150244203117288533e-02 -1.502567517210509906e-01 -1.911087957029825313e-01 -1.637427982896514644e-01 2.408120152007241568e-02 5.378236417622581263e-03 -4.001314502635217735e-02 -7.823822458090091969e-02 -1.823336611830152498e-01 -4.645812616003546641e-02 -1.986391716371528893e-01 -9.840552712369009247e-02 -1.048739024682358995e-01 -6.797001982301101308e-02 -2.190055731876383860e-01 -1.451515610343587226e-01 -1.257963313824957997e-02 1.348408258460730980e-01 -5.608046498375884870e-02 -1.355205945872514917e-01 -8.623315415695553821e-02
2.017207083991727230e-03 5.937417319515020386e-01 5.272463260275428443e-01 3.684722401578309769e-01 1.000000000000000000e+00 6.745246707357456240e-01 2.152611052961185267e-01 5.215358889638507245e-01 6.832172501039267543e-01 5.176361477852899767e-02 1.607897757735983757e-01 1.657705658384240610e-01 1.299149249368213854e-01 1.763085408994740089e-01 -2.324563980318942666e-02 4.843394743022570725e-02 1.228428192011440934e-01 1.104304264836802330e-01 1.609980018270426860e-01 8.491603204705869268e-02 7.159460215552353179e-02 -3.681573218124910285e-02 -9.223709498388332761e-02 1.280162950699057778e-01 1.478005950690062381e-02 7.681488383359136307e-02 1.889277281141069076e-02 -8.693093189458471481e-02 1.361713536425472604e-01 -3.407439422312466548e-01 5.092186124445842454e-02 -1.739696025434896804e-03 -1.204796308018959705e-01 6.919069376245774033e-03 9.384273032601459993e-03 1.139361222874077234e-01 -1.051935834036684669e-01 1.219817203478805283e-02 1.316707226557993216e-01 3.889333333525737263e-02 -2.054570160690412373e-02 -2.888775423080115409e-02 8.355930516445504719e-02 -4.966997796336893728e-02 1.359286983632312096e-01 -1.772062068367019627e-01 -9.181135409876071962e-02 -2.505689325297455472e-01 2.536962612196023703e-01 1.987986431549642330e-01 -1.022598416404586347e-01 5.387219400701456218e-01 4.166340352724470786e-02 5.522049447836193670e-01 7.984982976836609847e-01 5.206827630688786179e-01 3.908994870816418499e-01 6.878114222592870419e-01 3.496400293715923313e-02 9.850429005063951471e-02 4.949672670870579327e-02 5.589619194252840040e-02 1.323991827995914805e-01 1.778537873681112769e-01 8.823256025887316056e-02 2.597434976634836051e-02 1.552326638533951461e-02 2.773635246245353611e-02 -7.024800115670098988e-02 1.114103130137771430e-01 1.591547162483656144e-02 -3.650029710629720814e-02 -1.241017669660882672e-01 -1.389523508048764733e-01 9.607486005822048203e-02 -1.150829496465068796e-01 1.094746056630219039e-01 -1.607811459644896690e-01 8.420691918206235638e-02 -8.129940885561780239e-02 -1.710804333673742461e-01 -7.748121738281672777e-02 2.018436899606639301e-01 -2.248084099813885128e-02 -3.028671439019887598e-02 -2.936333523407712587e-01 2.586442296141074071e-02 -4.013564315034343077e-02 2.098214583763619023e-01 -1.632661667115369031e-01 -8.119289303319024431e-02 2.786232411261654190e-02 2.142798269496396305e-02 -6.380964023632500204e-02 1.781605754422725674e-02 3.621658329638706431e-02 -1.156609179723248060e-01 -2.332607666806931768e-01 2.206706272570366223e-01 1.216276617858295106e-01
2.607448057871021296e-01 4.519434756036731504e-01 6.983476002125311721e-01 1.321926802405924417e-01 6.745246707357456240e-01 1.000000000000000000e+00 2.654531608097250861e-01 4.767184476929863801e-01 7.218277747976702408e-01 1.787350917572541054e-01 1.805981919076324327e-01 1.228894040776965652e-01 8.042070957091150551e-02 5.356636464639759343e-02 -1.270555914552215226e-01 1.291324741262038223e-01 3.018184735330887644e-02 9.895115447527637678e-03 7.959816125550277233e-02 7.010409383250446047e-02 -8.412134611520347962e-04 -4.351496200322927527e-02 -1.863701085060489038e-01 1.124083867674852827e-01 2.391171220135212827e-01 1.235416142307973857e-02 -2.970332502615724568e-02 -8.565431762277719852e-02 9.792547689260404364e-02 -3.951997951907589290e-01 2.294034909554036605e-01 1.670669185880940266e-01 -6.582154241567729491e-02 -4.111274987242482387e-02 -2.110888949138397044e-02 7.789966162165343211e-02 -1.990962307142796484e-01 2.153614051314818589e-01 1.565215690878472288e-01 8.974664959950699739e-02 3.537367871643855993e-02 8.763628936708163161e-03 3.942972170763563329e-03 4.664304677972280072e-02 5.202736354273589103e-02 -1.997618096845873437e-01 -1.244680812615798493e-01 -2.700421846120528158e-01 4.579930471769773637e-01 3.164788013487190854e-01 1.238610844825996926e-01 5.326615225764852468e-01 -1.477765953682210961e-02 2.276179702157425377e-01 8.156091176718495150e-01 7.463435528141229014e-01 3.046696267527228552e-01 6.609959623302783527e-01 1.823977283613594513e-01 1.484286490460265950e-01 -2.115666133757384756e-02 4.460408568343841168e-02 9.549934396867332254e-02 8.168714802557165700e-02 -1.681796490006804215e-02 -6.981681051162869078e-02 1.497499828338826056e-01 1.124317123127913792e-02 -1.538577963426696060e-01 -1.571452977597834894e-02 -6.737888972208053162e-02 -6.210567484088499492e-03 -2.097858056851609754e-01 -1.113221693859169498e-01 5.573235037479837978e-02 -3.604107236561529537e-02 9.119532799593903227e-02 -1.696430551717242607e-01 2.528715185744609406e-01 8.607638477228542195e-02 -1.853601088268386488e-01 -7.030368568641675794e-03 1.942306107192897646e-01 -6.283752990754469525e-02 -9.171047288496263217e-02 -3.312467792916945486e-01 -6.463936770700950962e-03 5.624154792242408440e-02 2.537749456627063083e-01 -1.192920126785237261e-01 9.960036290364147893e-02 2.309890459757236447e-01 1.260415094400202940e-01 2.483474447957002146e-02 2.879751923144328873e-02 1.688181309614624204e-01 -1.654884480021961424e-01 -2.063879386824301054e-01 4.511505576274538742e-01 2.661637469868561312e-01
-1.110386601366236820e-01 2.090047287652357366e-01 7.971487820934161639e-02 1.418051599318737865e-01 2.152611052961185267e-01 2.654531608097250861e-01 1.000000000000000000e+00 4.676444201051662697e-01 4.097573754492310205e-01 1.811384183517022739e-01 5.120334881224336554e-02 1.489783104248161849e-01 1.672865759499527205e-01 2.145577431488313591e-01 9.850496602669862878e-02 1.678600072664961917e-01 1.671222693393898950e-01 2.623861202049756480e-01 1.674345914056853679e-01 2.513690630304532547e-01 2.146125116464284166e-01 1.965067895856494329e-01 1.354128375907868442e-01 2.613752755992116428e-01 1.049123709043201479e-02 1.183696533395622863e-01 2.638047670769783082e-01 1.690663512148525005e-01 2.173229930788479203e-01 -1.451837868913318508e-01 6.544758431039748858e-02 -7.246947237046745538e-02 -2.854447915478281264e-02 1.360412351382511709e-01 2.122409187889773563e-01 2.670442416257150509e-01 -6.584401847438664523e-02 3.950245473038858923e-02 3.738005608878078867e-01 4.048745428972246874e-01 3.818235614264602340e-01 1.426297012339691195e-01 2.206397904974659874e-01 1.647319137110201670e-01 1.909164128271355898e-01 1.222047333943738212e-01 1.509391705820691820e-01 7.896967658939926804e-02 3.223952820551144738e-01 2.129077564566467518e-01 -1.403456095536780024e-01 1.408611905281013099e-01 2.549129531851308528e-01 2.298134891378643407e-01 2.723903219429127942e-01 1.905160043366733724e-01 3.603115456310640452e-01 3.636711068297392990e-01 2.572479664547973610e-01 9.036599782419543758e-02 1.054210075582789341e-01 1.155553252895862998e-01 1.341928205798760543e-01 1.797951339463504938e-01 1.445337647805181869e-01 8.822692440857229923e-02 4.716527213306605515e-01 7.493092812393549462e-02 4.059882142943570249e-02 1.833539659399424371e-01 1.452065427417059129e-01 2.311775903993862347e-01 5.423625894451220009e-02 3.852398208961505532e-01 3.158758899335502024e-01 1.029426334814262933e-01 2.215303058646992673e-01 4.014602561261575858e-02 5.803805954953500379e-02 -1.809042191593076415e-02 1.022546451677635443e-01 1.393143790535644744e-01 1.193529248934733500e-01 2.205210434178662970e-01 2.503334652539232486e-01 5.380075144519037150e-02 1.758821063300557985e-01 2.295773154213590628e-01 2.616092084401749340e-01 2.063705944523918645e-01 8.053984994151947019e-02 7.897706342617079323e-02 3.239345284885790655e-01 2.160518584687629307e-01 2.573899298856713314e-01 1.224714247102586112e-01 1.261354584789638467e-01 9.329425143937386533e-02 2.686844816433945904e-01 1.414659950026141422e-01
-6.702866679065547229e-02 4.565731560370356323e-01 3.979559337950063225e-01 5.349414893576651675e-01 5.215358889638507245e-01 4.767184476929863801e-01 4.676444201051662697e-01 1.000000000000000000e+00 6.928021224842951797e-01 -3.041212666161433043e-02 1.231052536945765330e-01 9.770489271952391419e-02 2.346982159726970496e-01 2.231177042011099620e-01 1.024346148380063243e-01 -1.879039817235243076e-02 2.745338322499124573e-01 3.555221226063511875e-01 2.341272151653961964e-01 1.717224998360981358e-01 2.419653273760737078e-01 2.862209002112283684e-01 1.098341242633590065e-01 1.365159827116101399e-01 -4.256097813402110602e-02 1.360428257754377479e-01 1.621471966960422728e-01 1.069680147659546054e-01 2.660309329598365413e-01 -8.060798293750585930e-02 -7.978229527309274594e-02 -1.983535174132343981e-01 -2.500130133188837589e-01 2.399913117396372808e-01 2.398567418411260976e-01 2.120157326130159836e-01 -8.850848250749548951e-02 -5.483577494948137926e-02 2.812211418614460334e-01 1.584026396984302421e-01 2.142400931037550249e-01 6.555194937961840440e-02 2.179518344801428809e-01 1.214799853794882728e-01 2.290608444619562922e-01 1.075042613819210818e-01 9.981433547234970505e-02 1.114363427452962907e-01 1.779776089355616930e-01 2.878370818394354047e-01 -1.741936830782806755e-01 5.296161056522606936e-01 1.475900899763664675e-01 3.704105475699826511e-01 5.075148311085557751e-01 4.224817352398535508e-01 6.483860089831122719e-01 7.009631343934490388e-01 4.958251536032019444e-03 1.750907811161414029e-01 4.131610644312691538e-02 2.064842488830840594e-01 2.507488743335600789e-01 2.634687870435604151e-01 2.346060972933372291e-01 1.207085952402005558e-01 1.969929122102420660e-01 3.175739630153908699e-01 1.387893494225362623e-01 3.123966290300869142e-01 1.486469152738743027e-01 1.960557501038555084e-01 7.545298026090220544e-02 -1.502585764444451868e-02 1.461716290186234057e-01 -1.150373103790112029e-03 2.479473669618849907e-01 4.008687746687786269e-02 -6.679296319688361738e-02 -2.192943267900288595e-01 -3.836078352210373077e-02 4.945367605077611271e-03 -2.685955561377828191e-02 2.079022275155553989e-01 1.293305530591432051e-01 -9.779404039518269087e-02 3.804936732661176602e-02 -1.470252191201771620e-02 1.895364805423351562e-01 -7.775924143934402621e-02 -1.178814752856808812e-01 -5.129247602974656983e-02 8.795791505861784432e-02 -5.753989254489889904e-02 2.124239655822141807e-03 8.948277879079526154e-02 1.249186002558444475e-01 4.651235526096766937e-02 2.218845624477072120e-01 1.105091932481968853e-01
-6.866759876872785551e-02 4.375046822277526282e-01 5.463027141195455627e-01 2.572153223048252446e-01 6.832172501039267543e-01 7.218277747976702408e-01 4.097573754492310205e-01 6.928021224842951797e-01 1.000000000000000000e+00 1.326710684835095966e-01 1.547911544219091329e-01 1.381903778525539750e-01 1.063637433060186099e-01 1.392100843245368536e-01 -2.083180284880436009e-02 -6.768912927925960221e-02 1.330934654979813170e-01 1.505211370910058133e-01 1.726304898846735270e-01 1.159750164040857234e-01 1.186358993049691085e-01 1.724781643069614456e-02 -7.156858571422752835e-02 1.138613265981850975e-01 -7.828579900518953250e-03 1.512242588981039561e-02 4.438792673368472524e-02 -3.413689586624018418e-02 1.652471169029217368e-01 -2.315830244070002930e-01 6.754473370666787269e-02 -7.357055200905493475e-02 -1.576590923354060370e-01 9.218336077390214267e-02 5.242608893153180051e-03 1.965250908181932210e-01 -2.058820187540185698e-01 1.169034825909654601e-01 3.186180942798489957e-01 1.970177746468823876e-01 1.264837077730998349e-01 4.291681312210960525e-02 7.166136115243998406e-02 4.687329346969019983e-02 1.917039917750931466e-01 -7.464634820829429973e-02 -4.061920739569017946e-02 -9.940839447332866508e-02 3.519611383430584772e-01 3.122103097718282316e-01 -1.873085205826021116e-01 4.208657938898561768e-01 -6.671573161088685013e-03 3.320324968816089073e-01 7.831512795222673740e-01 6.377044778148914794e-01 3.566126102154188460e-01 8.509763720738512394e-01 9.609671968341450266e-02 1.272610324505989710e-01 3.523343449051002246e-02 9.050833705559267750e-02 1.492388707298527850e-01 1.958838156047833234e-01 1.287539539244824116e-01 2.784960665013696754e-02 1.444719478696159798e-01 1.289929527954916388e-01 -7.873368397056199064e-02 6.802807204018998521e-02 1.859085193680860143e-02 -3.396000173702237203e-03 -8.458136237980833083e-02 -7.871021139488786067e-02 1.001147937437344704e-01 -1.156904377056593297e-01 1.323266930843100542e-01 -1.139442755152851455e-01 1.085743849093953467e-01 -1.063170902714352800e-01 -1.539257479985439991e-01 3.337389322569314642e-02 7.301578051801582703e-02 -2.330363757780996165e-02 1.565085302613163391e-03 -2.230974959013686809e-01 -3.361771213124708363e-03 2.100907640020518996e-02 2.450282535392776517e-01 -5.733220245768508305e-02 -6.339113950888020099e-02 6.133676972951118689e-02 1.724529004634446083e-01 -4.417370697496751653e-02 -2.634721998156013337e-02 1.014005826275598682e-01 -4.453128419131453103e-02 -7.693912686234945231e-02 3.390596578373595849e-01 1.846926961187893845e-01
-2.127248700387403008e-03 -1.424012692382110312e-01 9.568667176816487985e-02 -1.960512289187360813e-01 5.176361477852899767e-02 1.787350917572541054e-01 1.811384183517022739e-01 -3.041212666161433043e-02 1.326710684835095966e-01 1.000000000000000000e+00 2.312441904186673391e-01 3.995289680673703159e-01 1.008872501789884329e-01 -1.871901178527085319e-01 -2.188468651178663016e-01 5.134331044269640348e-02 6.515425841116578853e-02 -8.129947454666443252e-02 -1.681355455959570033e-01 1.589869231856944620e-01 -2.879616462179143688e-02 6.251591583772884118e-03 -2.902425460700149840e-01 3.717247630537990344e-01 4.599883746238108695e-01 -4.681154074806459509e-02 -1.043569494768786660e-01 1.375400476639704328e-01 1.446161316779973616e-01 -2.672006126937195858e-01 3.170298558346614781e-01 6.419586061910073117e-03 -2.137792955252633409e-01 2.209107271813218545e-02 -8.516390729800747683e-02 8.260820489626810592e-02 1.274291914595310771e-01 3.040228761132666158e-01 2.654640040081920893e-01 4.378801471352489205e-01 2.441615151008721951e-01 5.258328190107383060e-01 1.802991330877176945e-01 2.255663520186515225e-01 -1.884256432874370848e-02 -1.900559455683549781e-01 -2.542548011025532739e-01 -2.382487486448762737e-01 3.201678718210624330e-01 2.986350983331477194e-01 4.643803906005939536e-02 -1.072783269492554870e-01 -1.592155646239309386e-01 -1.395564182551478974e-02 1.686274657015562617e-01 1.667726897761206140e-01 -3.861778626355543559e-02 1.075725078908839755e-01 7.456934779845675321e-01 2.750967608733069780e-01 2.406482215233494981e-01 6.482770373040001866e-02 -2.279453615801569077e-01 -2.268119876400215285e-01 -2.586715210788551045e-01 -2.209968581245196906e-01 3.572062077995706852e-01 -1.473638010966324685e-01 -9.181307269717761677e-02 -2.912282136426626311e-02 -9.465326132735273068e-02 5.482966158362859860e-02 -3.330424516103118737e-01 3.847532772601383599e-01 3.381017181003210248e-01 2.896924048663298557e-01 9.042846433803343464e-02 -9.213605227365898043e-02 2.994550295381295801e-01 -4.982483452703123650e-02 7.650402702589929882e-02 2.171927288629222630e-01 4.540423785562054393e-01 1.141536940399787321e-02 -1.082922300870677867e-01 -2.801264491918892263e-01 2.645753590576855885e-01 3.434341656291058364e-01 3.102504575264709019e-01 3.660677231876953153e-01 9.463244323728811636e-02 3.578705600943997700e-01 3.649418059526901570e-01 4.782474811895509048e-01 4.148428721410155617e-01 3.075535376205525417e-01 -2.353906949612688537e-01 -1.033970820539289182e-01 3.417191253035134491e-01 3.396541320284435228e-01
4.667449418641582415e-02 1.230415577402635408e-02 2.172205668098467213e-01 -5.431551428738123910e-02 1.607897757735983757e-01 1.805981919076324327e-01 5.120334881224336554e-02 1.231052536945765330e-01 1.547911544219091329e-01 2.312441904186673391e-01 1.000000000000000000e+00 7.040212516753976413e-01 5.179939696571640440e-01 2.442348790904488032e-01 2.125512062212142061e-01 -2.985870594495464436e-01 4.176645373305524211e-01 1.345883842956936693e-01 3.006578929414293611e-01 3.035857440036839328e-01 2.797388202457868345e-01 3.241601477466132808e-01 5.282124552519468913e-02 6.650227180003716043e-01 1.809699348922430284e-01 6.404227944076521517e-01 2.205317457491103861e-01 3.775552020859037072e-01 4.746644225289979868e-01 -2.452758085520327994e-02 -8.703397336158127245e-03 -2.026782071008812469e-01 -4.490778288659874606e-01 3.103589380568865241e-01 2.474388574010044084e-01 -6.666599098759265485e-02 3.086555577402875783e-01 -6.600739784934776463e-03 2.681442605680763869e-01 1.605740027214631604e-01 3.071118920977044531e-01 4.116502702267563762e-01 5.909619004917416873e-01 3.924039937336661898e-01 2.692688487359893856e-01 1.564549010847190169e-01 8.558347977915596594e-02 1.085844675522584929e-01 2.531389851162489379e-01 5.421216623833222670e-01 -2.075461402710699343e-01 5.427902352102244310e-02 -3.501499865056064142e-01 5.515705706429304550e-02 1.912081775521385363e-01 2.509690725575984271e-01 -1.130710034123495224e-02 2.210502695162031572e-01 3.022493818766012197e-01 7.586644011192807957e-01 6.170884220093253436e-01 4.208778110506457004e-01 1.430649067887667103e-01 1.733375730641785739e-01 1.927785835058933861e-01 1.593158730773314158e-01 4.035008417103115586e-03 2.377247179164810043e-01 2.803272973065337181e-01 1.436576541419644082e-01 2.791254124937744829e-01 3.260567538668368015e-01 -3.728308436953828992e-02 2.579438861134447092e-01 5.481468971282702496e-01 5.374763898523967631e-01 4.394868806677881823e-01 1.870794289582956016e-01 1.513053641595175740e-03 -2.209791437598176700e-01 2.421597144593047590e-01 1.436469411343023195e-01 3.385351946718930249e-01 2.390573623669542125e-01 2.170024193308873750e-01 -5.473174360268239641e-02 3.143424478538475730e-01 2.577145198955382854e-01 3.267001289779075113e-01 2.252258218980817406e-01 -1.779010286998143620e-01 1.579860986669562317e-01 3.696183110053635201e-01 1.151164303574407771e-01 4.754848043060673768e-01 4.198113071581965339e-01 1.621383828109948244e-01 1.626542192907065310e-01 2.934935419370494070e-01 5.218096126563028792e-01
-5.947081288859279447e-02 8.053458493300177934e-03 1.026010375755446874e-01 -7.548403567701779393e-02 1.657705658384240610e-01 1.228894040776965652e-01 1.489783104248161849e-01 9.770489271952391419e-02 1.381903778525539750e-01 3.995289680673703159e-01 7.040212516753976413e-01 1.000000000000000000e+00 5.563909540985714219e-01 3.225797388612158811e-01 2.749936753208189755e-01 -2.160209464703205795e-01 5.249926291331760142e-01 2.397124397095354298e-01 3.552782175737241865e-01 4.215637548104518850e-01 3.525094993114745723e-01 3.761892894162778833e-01 1.041374278165473899e-01 7.798462477008145655e-01 1.294753074667490678e-01 5.893185795420842199e-01 3.166479752171857953e-01 4.592350830145616736e-01 5.329948071431268586e-01 -2.345169942196472304e-02 -3.513944902879841820e-02 -1.231982518789372927e-01 -3.801582354680665965e-01 4.067848671564313068e-01 3.516396287334750959e-01 1.850044449801485358e-01 4.763480602090310323e-01 -1.764835245631321825e-01 2.304841005402092635e-01 1.972427524668717846e-01 4.862915921830882615e-01 4.750566393066531501e-01 5.913862322465438526e-01 4.674757044653022886e-01 4.015195897511745771e-01 1.780224243852971400e-01 1.651442239693341474e-01 1.084832631200228353e-01 3.507786632677412086e-01 5.870616338650354038e-01 -2.567188160389832774e-01 -2.806382648693793512e-04 -2.939826663118220718e-01 1.647719995263325632e-01 1.673073758560104651e-01 1.066815090133907268e-01 -8.333995303307865921e-02 1.951636837252383183e-01 3.003381409320157180e-01 7.439284473808341902e-01 8.048906028814869495e-01 4.584594193735221923e-01 1.833918315572475033e-01 2.252344157669249891e-01 2.579324848621553090e-01 2.232621188953013147e-01 1.978703328396728967e-02 3.125850605729899589e-01 3.925520399529836002e-01 2.405444397336343187e-01 3.451582388472260732e-01 3.877548539813542861e-01 7.800838201153059530e-03 2.604180607855840490e-01 7.057331254570331502e-01 5.751209982626318551e-01 4.892303671319105374e-01 2.199790924151339699e-01 -5.444189450941092079e-02 -2.050956196634678708e-01 4.020166916848716410e-01 3.118989532391106545e-01 4.194657002694875403e-01 3.529364877158750469e-01 3.048836898298053488e-01 -2.670826334140478930e-02 5.044438253790179960e-01 3.207892504541539069e-01 4.925076005859756467e-01 3.630013102128627489e-01 -1.601666098155067608e-01 2.977275878935254153e-03 3.519200046851345132e-01 1.295555468658152465e-01 5.283120270937478047e-01 4.603395375604856232e-01 1.704426202752152564e-01 1.340182289653779890e-01 3.079388103570439017e-01 5.469581359092332562e-01
-1.049445395963462674e-01 8.432579598236971188e-03 1.827355791495977738e-02 6.792402909471356720e-02 1.299149249368213854e-01 8.042070957091150551e-02 1.672865759499527205e-01 2.346982159726970496e-01 1.063637433060186099e-01 1.008872501789884329e-01 5.179939696571640440e-01 5.563909540985714219e-01 1.000000000000000000e+00 6.312771696360659490e-01 5.804693133816571926e-01 -2.944989549567024745e-01 6.901688775153622668e-01 3.361601440945204966e-01 5.889340943822384267e-01 3.750997333658255828e-01 5.417449492578405579e-01 6.731642420141180638e-01 4.384665849823663475e-01 5.676030234137622310e-01 -2.354740627747357179e-02 5.732358673668166427e-01 5.562223262736740725e-01 6.178288849380851877e-01 7.180448495538581666e-01 2.202827683231913802e-01 -1.411047312302405599e-01 -2.096638302720496561e-01 -3.378172805124518563e-01 5.502635962643720458e-01 6.453530075824188694e-01 6.609858392839378094e-02 5.216507805175210066e-01 -2.516310373247368504e-01 1.954406850853482314e-01 8.735856607376028815e-02 4.414662057704433207e-01 2.483859908777184544e-01 5.197239786655765137e-01 4.717313319340895594e-01 4.961854642411854255e-01 4.159438123521099762e-01 4.634621314856103846e-01 4.000015341031854521e-01 1.958667786220603391e-01 4.720683109270567002e-01 -4.025126657919330664e-01 4.643316283088599894e-02 -1.900673692306276419e-01 1.787883427450487617e-01 6.456780770942448233e-02 5.882826237177023881e-02 1.130293920238221173e-01 2.046778883197838683e-01 1.382725178093626162e-01 5.692231895284193266e-01 6.444536606429752679e-01 8.597992894688946119e-01 5.339351856200175162e-01 4.879169265943718581e-01 5.360416884125995818e-01 4.993699161050115243e-01 -1.263296088954111301e-02 5.700751245179679350e-01 6.334280153484010967e-01 3.242131393557480812e-01 5.492608717749482006e-01 6.395701315880273352e-01 2.691585097229066692e-01 1.733355082288742244e-01 5.188422620219887982e-01 4.478878721050249534e-01 7.252524293502488062e-01 4.743455846816880261e-01 -1.577655307914760940e-01 -2.973277892411607670e-01 4.552552876447772956e-01 2.834528739057611824e-01 3.016210238426152990e-01 5.761116755446662463e-01 5.351613252572371415e-01 2.541451106671230864e-01 5.842579332758003341e-01 3.385474763020849265e-01 3.805459873726159681e-01 1.939892331624827604e-01 -1.814808039524882233e-01 -1.223445219887339952e-01 3.287868538638500371e-01 4.762018261861242913e-02 3.726421785223115180e-01 4.303227806398612909e-01 4.107182647478929693e-01 3.771991826198081155e-01 1.990224341370122607e-01 4.187476262239299141e-01
-3.029722724735962047e-01 1.343336446918685090e-01 -7.537083175393183287e-02 2.097038843239836248e-01 1.763085408994740089e-01 5.356636464639759343e-02 2.145577431488313591e-01 2.231177042011099620e-01 1.392100843245368536e-01 -1.871901178527085319e-01 2.442348790904488032e-01 3.225797388612158811e-01 6.312771696360659490e-01 1.000000000000000000e+00 8.087054563493223380e-01 -3.528289458557293257e-01 5.131670383979686223e-01 4.098011648288864550e-01 7.464388255980214382e-01 2.346649359701847848e-01 5.655494906692469792e-01 5.120680331285991649e-01 7.780517643975142228e-01 3.290435683997541827e-01 -2.280455999580284498e-01 4.784798951532678868e-01 7.179371296712551143e-01 5.444744956176668094e-01 5.726652208034601621e-01 4.341215626699591046e-01 -1.722645975246802630e-01 -2.736269676588497582e-02 -4.633336086107973928e-02 4.752093448082497229e-01 5.996402277306670525e-01 1.619402664311376805e-01 3.150848263105993641e-01 -4.133813659563363996e-01 7.585808080987524460e-02 -9.444580087910932342e-02 2.933613496032828061e-01 3.732482421955293783e-02 3.334380379768648317e-01 3.377042619803560797e-01 5.654019984797685749e-01 5.812892827928743955e-01 7.565876653054144363e-01 5.304621354133192135e-01 6.141137389108614064e-02 2.361843792477975046e-01 -5.023566423289985705e-01 2.316083552294373460e-02 -9.612623070599442265e-02 3.029489641115734599e-01 8.211267083405916767e-02 -3.372521179888575416e-02 9.222727252841768364e-02 1.989250686682458857e-01 -6.529764032791388062e-02 3.596728999586756292e-01 4.330994319841620088e-01 5.541594880014673041e-01 7.580544511342932612e-01 8.124611241683706853e-01 8.192391549030947351e-01 8.025979303856368707e-01 -1.863436899769973232e-01 5.533812776279977141e-01 6.034072500898108871e-01 2.695520326538246580e-01 5.714300541833364777e-01 5.509762867021598121e-01 6.454976148059066166e-01 -3.781775352389382672e-03 3.329775187917881629e-01 2.742459232994837737e-01 6.703082431046655243e-01 6.284939481572714426e-01 -1.759075194663085595e-01 -1.011754845228401145e-01 2.991533633648250090e-01 5.434834963211228331e-02 1.407777741452169440e-01 4.844745867697667907e-01 6.917359253182986389e-01 4.971883377324310960e-01 4.679031201963880782e-01 2.577959139654873444e-01 2.559060288029132435e-01 -7.464575843869035443e-02 -1.368281115842732987e-01 -2.272117818142986856e-01 2.075875133260391414e-01 -1.364965213852366854e-01 2.029673589923483568e-01 3.258681171807509824e-01 6.198806068941083991e-01 4.521354388743270003e-01 3.753267455690005583e-02 1.868252828270228483e-01
-3.022510583763216574e-01 1.178592257357024067e-02 -1.294579914494533579e-01 1.074388112403401180e-01 -2.324563980318942666e-02 -1.270555914552215226e-01 9.850496602669862878e-02 1.024346148380063243e-01 -2.083180284880436009e-02 -2.188468651178663016e-01 2.125512062212142061e-01 2.749936753208189755e-01 5.804693133816571926e-01 8.087054563493223380e-01 1.000000000000000000e+00 -4.101343935581371336e-01 5.116850468374339878e-01 3.974429747164346383e-01 6.906872501656793339e-01 2.962223321446905699e-01 6.735020160041829129e-01 4.851904447866742243e-01 7.556577494985614596e-01 3.150705935399233937e-01 -3.157216615085748912e-01 4.055086878559197028e-01 6.957769760930421210e-01 5.594670511416964809e-01 5.811563795987746417e-01 5.705233615341953612e-01 -1.564369124700606406e-01 -1.034425426493166267e-01 -1.284704554072034210e-01 4.752180647541008884e-01 5.370765967201505120e-01 8.281696342418208567e-02 3.401793956694757481e-01 -4.514575282296315883e-01 2.745761825444596130e-03 -9.576784605277821605e-02 2.293088468457676887e-01 5.205523871726462637e-02 2.751556173754179380e-01 3.455608566618609268e-01 4.401772256404618000e-01 6.091203586111121338e-01 7.247293562439643955e-01 6.172536278752794869e-01 -3.909438266380151072e-02 1.938011391703012287e-01 -4.733666239407372522e-01 -8.736095288755674204e-02 -1.746543336896782539e-01 1.142454524186229808e-01 -9.233923627861523320e-02 -1.109962848208897040e-01 2.181264794134557192e-02 8.045221039601564705e-02 -6.169261646723845499e-02 3.181858022549068354e-01 4.130329122026157873e-01 5.618458664120545842e-01 6.483867090732754468e-01 7.258463389470320992e-01 8.017024635339179417e-01 8.954256925722179350e-01 -2.153532411668572788e-01 5.568326619014100087e-01 6.786706039233251220e-01 3.043254423702151379e-01 7.523986861689961891e-01 5.250868768169167922e-01 6.516937514016066801e-01 -6.156271561206408220e-03 3.154340310755480159e-01 2.508938385150660810e-01 6.720402955015398749e-01 7.002088675878647139e-01 -1.765457227354979841e-01 -1.334216935840126794e-01 3.989406815394141992e-01 5.027830962531106701e-02 7.833343407811722836e-02 4.806675308872657149e-01 6.642194606901361542e-01 5.882147610734201892e-01 4.373463742995690740e-01 2.489289106763582227e-01 2.264332602932988270e-01 -1.258772933087937834e-02 -2.096629564241015431e-01 -2.630433558282732620e-01 1.180499335000685240e-01 -1.533979081787971988e-01 1.874386363800681632e-01 3.105360174879984170e-01 6.026873522467016686e-01 5.341538729700753274e-01 -9.433526996815724819e-03 1.379641638248285673e-01
