1.000000000000000000e+00 3.656618470993611147e-01 6.052328814616948494e-01 -1.442268672871399315e-01 1.810208194844668272e-01 4.833540772586444878e-01 3.741129462268456551e-01 3.828762032081206024e-01 3.233537875817903973e-01 2.422405704866417153e-01 1.661808713810994653e-01 -7.771649166838159872e-03 -4.281740948507297556e-02 -5.147455043981055134e-01 -5.641390644992640979e-01 4.553672026813396223e-01 7.434408913640182248e-02 -7.415695591191458214e-02 -2.211371150316131240e-01 -1.180596930194566102e-01 -4.125488552899815309e-01 1.477736855979637672e-02 -5.505444536902593944e-01 7.022379247699220284e-02 2.526353693632773512e-01 1.213935760101271383e-01 -2.636101775221444399e-01 -3.261245929845486002e-01 -7.742428748154238372e-02 -5.025086522558204205e-01 -1.933743157926723077e-01 -2.208776487888780560e-02 -1.469313569840941247e-01 -4.765935558134611061e-02 -1.446936465114746495e-01 1.088431465014340072e-01 -2.148668309303633783e-01 4.749522311788409445e-01 1.248730921611485439e-01 9.018708779740416959e-02 1.106604381836101270e-01 5.220183661345544936e-03 1.136828487191761938e-01 -2.061778835108326324e-01 -3.874758858717328169e-02 -4.415047014659531088e-01 -4.007187248120788192e-01 -3.594220642305190339e-01 4.713485933042240172e-01 2.272424970301606673e-01 5.356831631225617008e-01 5.015441222507444063e-01 -1.151224060268675325e-01 -7.207555990444552974e-02 4.084955247571698811e-01 5.515952281396213630e-01 2.270899303653729218e-01 2.058497227404288976e-01 1.497512443503907498e-01 -4.074924395128914217e-02 -2.021207592101265382e-01 8.386776989743563449e-02 -1.973497370341126822e-01 -3.180382847725612416e-01 -4.912214638065917072e-01 -5.786886188957638399e-01 1.871928732161608488e-01 -5.464480246933580559e-02 -1.412510618419461350e-01 -1.605093952347355357e-01 -4.362005554790255868e-01 -1.830234342333366890e-02 -5.301540528086480242e-01 2.202323475235519468e-01 2.368873648723242645e-02 1.736922615785383428e-01 -1.317793557929239912e-01 -5.049004169886982529e-01 -1.347074988356039282e-01 -1.096600215257788752e-01 -7.442663511721521463e-02 3.179890380962156760e-02 -1.000539889721052400e-01 -1.057112818780225894e-01 -3.590471328459383660e-01 -3.907539567361874022e-01 -1.010144412174046047e-01 -2.889655766332437925e-01 -4.285098347963845616e-02 9.655638722194133383e-02 -1.342437718111935295e-03 4.587223196387025803e-01 3.005885608388502162e-01 9.164302142772837168e-02 -3.709385311379823774e-02 -2.555650721152546989e-01 -4.216187738546507413e-01 -4.363576685182783965e-01 4.100344181559341106e-01 1.915433229795290848e-01
3.656618470993611147e-01 1.000000000000000000e+00 5.944088580549065082e-01 3.933126790900970393e-01 6.030610371666299541e-01 3.682632893132846696e-01 3.104501607605684721e-01 3.368256149394897037e-01 3.076507102128008264e-01 6.813936139657522130e-03 -2.913743294168531783e-02 -5.009097613926906389e-02 -1.287308827808517631e-01 -3.330309556276639382e-01 -2.855149000503320322e-01 6.548456516635591251e-01 -3.058461475104705049e-02 -1.438211087051723958e-01 -3.292815995640798188e-01 -2.930493585641515408e-01 -2.201775592170388263e-01 -2.895439730540460554e-01 -3.380460752419981452e-01 -1.415136992966225526e-01 8.327530566882951693e-03 -8.724594063870219629e-02 -3.573398881679933359e-01 -4.223816966579470034e-01 -2.502320931057791520e-01 -3.173815256959519604e-01 -5.014035932839303739e-02 1.757460602117571213e-01 2.522585955754327869e-02 -2.913604995751816751e-01 -2.545700415409993811e-01 -7.433773837688849306e-02 -3.706557591532627094e-01 1.256913648914443904e-01 -1.285191602492291862e-01 3.376663895032840090e-02 -2.388270621936013638e-01 -1.908737225634980494e-01 -1.488684686337752860e-01 -2.903803412733340084e-01 -2.538910714500037247e-01 -4.442918032563656361e-01 -4.115256773402177770e-01 -4.002010945520709240e-01 1.881535467678326912e-01 -3.571693863467865354e-02 4.457536873577572223e-01 6.853393587898569672e-01 4.104023991176773967e-01 2.606929152991845355e-01 4.951088176455026302e-01 3.600726106430293672e-01 3.370620828281207793e-01 2.413036406448126892e-01 -3.670353426440097627e-02 -1.203398083937861768e-01 -2.097658921663054024e-02 -2.235983104461899615e-02 -2.602124215466504187e-01 -2.629656589078762097e-01 -3.044754482187829736e-01 -2.959480400329193572e-01 -3.854729066387208025e-02 -1.880758877892252101e-01 -2.118356164254424356e-01 -2.013988663198353624e-01 -2.213707932635007591e-01 -2.261822889425217087e-01 -2.916843894013164129e-01 9.194320532857111483e-02 -3.838297907545125398e-02 3.010386049058338259e-02 -3.388274204142137647e-01 -3.085874618921937707e-01 -6.785100888598924462e-02 1.673162150027882600e-01 -1.808182980820856878e-01 -2.508954889389320431e-01 -2.704877808275939488e-01 -1.923273008126208383e-01 -3.717213513258023627e-01 -4.331629328956989045e-01 -2.990091959982768555e-01 -3.285264506695489972e-01 -7.358696113763785185e-02 -9.483224674231528761e-02 1.151957204402907359e-01 1.470777003103584946e-01 8.332828755433265011e-02 -9.470675148042273506e-02 -2.155784336925786748e-01 -2.572828730093377758e-01 -4.406557647278164791e-01 -3.732107462383596475e-01 1.642187192409176877e-01 -6.326380992354449506e-02
6.052328814616948494e-01 5.944088580549065082e-01 1.000000000000000000e+00 -3.290286338817922929e-02 4.277346100447879662e-01 7.096225502497638393e-01 5.249527604959147720e-01 6.289585938128479103e-01 5.467685635373791264e-01 2.041804167600702880e-01 3.733413138130909359e-01 2.554272653099897150e-01 1.054043743171741987e-01 -4.595993055974438302e-01 -4.762433375864506546e-01 4.989234627058895533e-01 3.154045422007115684e-01 3.620364428138579671e-02 -1.834981800260685747e-01 -1.231941976016335261e-01 -2.576144794628925649e-01 9.999477278819410286e-02 -5.135868410096214864e-01 2.589214463764589191e-01 2.365151170201102715e-01 3.211617088183073565e-01 -2.007987998401811469e-01 -2.481854031111883629e-01 3.380466884443998621e-02 -4.408486257491242566e-01 -1.718946522432256707e-01 -1.977061671141415733e-01 -4.033058168543268707e-01 -4.447434039816065485e-03 -4.979745657592157121e-02 1.229180427977660112e-01 -3.099779295988147609e-01 3.070338947913005545e-01 6.055466305842961694e-02 1.968654748411459710e-01 9.495680617095862697e-02 1.557061797821889249e-01 2.808534587971978080e-01 -1.353238664393895951e-01 4.535415078998714100e-02 -4.376464806398140395e-01 -4.891399812014495807e-01 -4.324680932703480751e-01 5.472422841654677184e-01 3.444640147237868488e-01 2.646535234486678823e-01 7.770294364339951354e-01 -1.471140973258643070e-01 -2.129205457145501301e-01 7.024762900788065201e-01 7.712934498103959369e-01 4.215727513079038924e-01 4.416487120443316483e-01 1.104765138999596052e-01 1.050995230334445807e-01 2.464966377069663719e-02 2.434688891609555483e-01 -1.278367643724770408e-01 -2.685830242658023281e-01 -4.437460528483408440e-01 -5.395597534145453178e-01 1.743514507183464013e-01 1.000380746781487223e-01 -1.622719555588548676e-02 -6.017225638803952621e-03 -3.045184590180870510e-01 3.821668479722471756e-02 -4.602880094016878476e-01 4.128340749057988757e-01 2.457291058827636709e-01 4.314074447338147600e-01 -6.039193706467167744e-02 -4.141375712375680584e-01 -2.140780227258741453e-01 -2.433680353747604552e-01 3.436706996772322109e-02 7.252054919294378954e-02 -6.967663255732507895e-03 2.781379778053437793e-02 -2.516517094356727768e-01 -4.695894999763306488e-01 -2.922432256557231933e-01 -2.392488810219811080e-01 8.274892714451027864e-02 2.861805232849675695e-01 -2.204358086106115167e-01 2.765236322032658678e-01 2.871772532324637917e-01 3.327949372615985474e-02 5.710179450225216780e-02 -1.082850318841857146e-01 -4.124943977209067913e-01 -4.577618608037422598e-01 4.124422934326289480e-01 2.885505239442537340e-01
-1.442268672871399315e-01 3.933126790900970393e-01 -3.290286338817922929e-02 1.000000000000000000e+00 5.761288635430706906e-01 -1.500942213753159449e-01 -2.000597069155871655e-01 -2.135810701389919131e-01 -2.442957423659188054e-01 -4.697529807875920338e-01 -1.918752961001599922e-01 -1.718788114068564576e-01 -1.327186338317054293e-01 1.979455774427180403e-01 2.959142248851166501e-01 9.675330806626084024e-02 -1.928255060487185923e-01 -1.713118710776823372e-01 -7.493273945119759138e-02 -1.478453418649883500e-01 1.951687428480459729e-01 -3.423463917019398672e-01 1.783023170198128060e-01 -3.776209125964238855e-01 -4.596191141099976729e-01 -3.179048846648033777e-01 -1.901586304437386798e-01 -1.691954749512915301e-01 -1.680135639510834944e-01 2.536245074816074196e-01 -1.803219211138110123e-01 3.870240270515744041e-01 4.988678898680982687e-01 -2.705535619079326715e-01 -2.027616112910584079e-01 -2.087463815469362549e-01 -2.183933975921469317e-01 -2.844793126054132593e-01 -3.000953955377912985e-01 -3.513363930977145277e-01 -2.972014974572806945e-01 -4.857747557104483138e-01 -3.294829922460428273e-01 -3.531502026915835368e-01 -3.423345469099968175e-01 5.332697474448820640e-02 6.700801493063476832e-02 3.753250754480711576e-02 -1.487126815665396617e-01 -1.744118353442659086e-01 2.067479651393067386e-01 7.810652689781581726e-02 4.190761172442694638e-01 6.297242024799453164e-01 1.020226972207416948e-02 -1.966195367194601973e-01 -6.589046796223439750e-02 -1.123014559704009069e-01 -4.890147718333432425e-01 -2.908781130361948741e-01 -4.073700746775531581e-03 -9.950355207113649458e-02 -3.002141980732027024e-02 1.350229152033255442e-01 1.992904859222126845e-01 3.239024709518721901e-01 -5.202477140437344882e-01 -1.554352678035441915e-01 -1.081603123109843440e-01 -1.722589041155009604e-01 2.605645160775803548e-01 -4.184335517471776122e-01 1.415252902925874523e-01 -5.108817676719046297e-01 -2.668764143196434846e-01 -2.391400522774461690e-01 -2.729006739751850263e-01 1.458404983562527346e-01 -1.690603949188096422e-01 5.139033741564401625e-01 -1.762082978836224390e-01 -3.462727541936886921e-01 -5.468652883196022385e-01 -4.254118181996614512e-01 -1.247102775101220362e-01 3.265454663066284097e-02 -3.008866908983324207e-01 4.653013181359255679e-02 -2.245560461984148215e-01 -4.874228654180053355e-01 2.560692608695275263e-01 -3.956815680165893245e-01 -3.403548286971831427e-01 -4.842922242003872002e-01 -5.310966075893170935e-01 -2.449999925780547982e-01 -2.006894034453238565e-02 5.189557918948961568e-02 -9.498336438456139730e-02 -1.771819693330231316e-01
1.810208194844668272e-01 6.030610371666299541e-01 4.277346100447879662e-01 5.761288635430706906e-01 1.000000000000000000e+00 3.013584786570741025e-01 1.529663035690730921e-01 2.842186541398370458e-01 2.269212647529522120e-01 -1.993548949728102260e-01 1.066944170752809062e-01 1.154907221432697889e-01 1.768245981150174881e-02 -1.014328620127879638e-01 -5.310546379480950846e-02 2.490498080163116301e-01 1.140901984688528076e-01 -1.502440524575560099e-02 -1.323375074019068343e-01 -1.426296393507140436e-01 -2.770334074642806510e-02 -8.473568197170119887e-02 -1.458559551017463429e-01 -5.019877986370352430e-02 -2.158018269397110056e-01 6.028355726804883463e-02 -2.229601790726893074e-01 -2.311863751465656758e-01 -3.684724990217534690e-02 -1.148592734253577330e-01 -2.541292531257571263e-01 5.553654707031585721e-04 1.009908417251409452e-01 -1.340594443424183435e-01 -7.414440471495117868e-02 -2.278988087727832831e-02 -2.508970563024628952e-01 -1.108981585492786887e-01 -1.676115697929604076e-01 -8.878299740961691222e-02 -1.155337482350956430e-01 -1.331967389654021838e-01 1.176375255840591584e-02 -3.051700236386308829e-01 -1.885503214518152448e-01 -2.568271758923432180e-01 -2.080425177761280331e-01 -2.190574713158614240e-01 1.875538702351593756e-01 1.030565584269194368e-01 2.751314537590948128e-01 5.300810460031252225e-01 1.677925194578723245e-01 2.441586322911233897e-01 5.701759790097296055e-01 2.910812565649192329e-01 3.017792779178485874e-01 2.774487646713176825e-01 -2.678419996905180844e-01 -1.972455147155656452e-02 9.502590085038249701e-02 8.062916521009763637e-02 -1.165151447827266623e-01 -2.658222633515285732e-02 -1.038065645536016407e-01 -6.591348246217061668e-02 -1.782090673964711325e-01 -4.357753180828887601e-02 -8.349998169374620027e-02 -3.495676698458582282e-02 1.675495106807538064e-04 -1.915736744246697987e-01 -1.545920937516967741e-01 -9.964898344413744558e-02 -7.597056545617060508e-02 9.631205606930437479e-02 -1.860377938989674629e-01 -1.427959794300118213e-01 -3.098128684580673253e-01 6.462213571791332323e-02 -9.753487149258895095e-02 -1.394128915770002641e-01 -3.095616481451112234e-01 -1.781881412807585774e-01 -2.552335271133841510e-01 -2.495997284518622628e-01 -3.403118892469329526e-01 -1.267205356885290068e-01 -2.593993517897011727e-02 -1.673433759825943556e-01 -3.246267805807028645e-02 -1.910158424531471222e-01 -1.635845977433162679e-01 -3.164164910630084537e-01 -2.767112386289958259e-01 -2.087729056583265963e-01 -3.012043314546457573e-01 -2.378480337537610678e-01 2.181721740351347805e-01 3.971331247806284687e-02
4.833540772586444878e-01 3.682632893132846696e-01 7.096225502497638393e-01 -1.500942213753159449e-01 3.013584786570741025e-01 1.000000000000000000e+00 6.718997648759064134e-01 7.194208335967353651e-01 6.845089251305735978e-01 4.182050568635053978e-01 3.240181232406463274e-01 1.932084837236413555e-01 1.567098614187849848e-01 -4.417187838076446216e-01 -5.037921176883336516e-01 3.666288616196583527e-01 2.571632917551408548e-01 7.337822969788186656e-02 -1.259604501929641185e-01 -1.175952638588086407e-01 -3.258910681520648112e-01 1.805686671063188309e-01 -4.884882309009111467e-01 3.577295257464851996e-01 4.124241960929548312e-01 3.398426852101092410e-01 -7.408845191261283214e-02 -1.654399115697872125e-01 3.199260688637507732e-02 -5.060035636622725042e-01 -9.222169990074721713e-02 -3.009208627670361680e-01 -3.593408141446212678e-01 8.348068144258741219e-02 5.298807172068985272e-02 1.046025859216466319e-01 -2.254286461133844510e-01 3.261392525633534101e-01 3.667879101639343609e-01 4.151349795771244189e-01 1.591687127040809779e-01 1.722090316219478112e-01 3.789841189423850953e-01 -1.185617817987836241e-02 1.324133654836826268e-01 -4.085103642717970995e-01 -3.512412863223508541e-01 -3.424011611658411280e-01 5.924414882800405069e-01 2.956263872897959555e-01 1.890453944151365695e-01 5.437626951307432677e-01 -2.094200887825355129e-01 -2.506862921248533271e-01 7.288075833695094596e-01 8.275278634862274219e-01 4.883639074062477436e-01 5.147226819143833065e-01 3.991379442173252912e-01 1.801708813864976999e-01 -5.090059508358282803e-02 1.787609311341872564e-01 -1.448804196036692638e-01 -2.979950179417521494e-01 -4.419764960216340799e-01 -5.597409253386157468e-01 3.715411131848960213e-01 1.286401256577192342e-01 -4.733381576828779580e-02 -2.587597470503829461e-02 -3.628222593803531737e-01 1.360487604405772322e-01 -4.513670403402695874e-01 4.884124814672377024e-01 3.136851374170296358e-01 3.793454281870911049e-01 2.936444389360511574e-03 -4.271616386585863068e-01 -1.895429200295647709e-01 -3.398854572211447711e-01 -2.827595100984330728e-02 2.940492586231060676e-02 1.878740821667274075e-01 1.634845563105034594e-01 -2.429897438282671573e-01 -4.431734341337494332e-01 -1.404545810351992274e-01 -2.568834211113896204e-01 4.510447800698458298e-02 2.673651300816793919e-01 -1.841551899673846693e-01 4.646432192492741531e-01 5.185867767391268979e-01 1.811348367659995628e-01 2.197497055310224101e-01 -6.219631176009623313e-02 -4.463007848273558009e-01 -3.792999604094589583e-01 4.480738516530510807e-01 2.117306107407569415e-01
3.741129462268456551e-01 3.104501607605684721e-01 5.249527604959147720e-01 -2.000597069155871655e-01 1.529663035690730921e-01 6.718997648759064134e-01 1.000000000000000000e+00 7.160105369610560988e-01 6.487834860185444086e-01 5.371174958763917928e-01 2.825410170422998357e-01 2.105180257445630754e-01 1.865867904117834153e-01 -4.298233508045387063e-01 -5.035114565765973493e-01 3.312203916592372233e-01 2.303160168309370814e-01 5.706676470090368131e-02 -9.356706998424824118e-02 -1.462739604743461819e-01 -3.158999073223605625e-01 8.169386679654266903e-02 -4.780897582759970899e-01 3.283929575333572326e-01 5.728546989272038648e-01 2.519070524654818954e-01 -1.491353418932848396e-01 -2.205819170729555745e-01 1.545222879742696835e-03 -5.022212232813250132e-01 1.555261751260227365e-01 -1.559204969285160058e-01 -2.494723001634832626e-01 1.530199086732184910e-01 -3.154376828914066261e-02 1.345826985821411692e-01 -1.002310510813449462e-01 5.097244383500968423e-01 3.519866657998653725e-01 6.038879597965132184e-01 2.629178675299322920e-01 3.098594911272086194e-01 2.857350756736726227e-01 1.094885723853348675e-01 1.415712130125090507e-01 -4.261512649587146373e-01 -3.978852073199148909e-01 -3.616109933167879764e-01 4.868404949654707714e-01 2.760650417493930586e-01 1.598903339283323788e-01 4.235938636751848674e-01 -6.946249303887411242e-02 -2.728508125440436416e-01 5.280488950759790745e-01 6.029620295239063177e-01 4.799588040264395339e-01 4.612896776512260266e-01 5.213609093949043150e-01 2.682718471550693540e-01 1.234019809824981467e-01 1.896898719422572543e-01 -2.245745279334479538e-01 -4.465755299223674313e-01 -4.196732574161681772e-01 -5.622993324255260994e-01 5.382385869182951810e-01 4.805041952556889095e-02 -7.155033946151656554e-02 -5.493413478351504703e-02 -3.873723812589492943e-01 4.562271061941898520e-02 -4.747648616047667192e-01 5.335721653510338003e-01 2.426246326103394246e-01 2.878263110768649047e-01 -1.066398479543712724e-02 -4.678916720957045916e-01 -7.416898332545067765e-03 -1.935614666928031358e-01 -6.642661952227589539e-02 3.230940190827725350e-02 2.290930842090752872e-01 1.557885767644983654e-01 -3.194496437092319563e-01 -5.042332854810386289e-01 -3.581267502647831474e-02 -4.025695744179932922e-01 4.779005567589970915e-02 2.768996169876346558e-01 -5.315117813300648808e-02 5.121629350623648769e-01 5.525518640233417766e-01 2.970664353067473673e-01 2.528521642040115203e-01 6.875042476163781280e-02 -4.783964246957608801e-01 -3.837331104797171988e-01 3.506710274728608856e-01 2.307393113674161278e-01
3.828762032081206024e-01 3.368256149394897037e-01 6.289585938128479103e-01 -2.135810701389919131e-01 2.842186541398370458e-01 7.194208335967353651e-01 7.160105369610560988e-01 1.000000000000000000e+00 8.227156758826583705e-01 5.023047539031796349e-01 4.393532352554441744e-01 3.720856927287570226e-01 2.867631313520856429e-01 -3.789396997350081842e-01 -4.726748892981708083e-01 3.010867225950581427e-01 3.447630976326035990e-01 2.224536402242628663e-01 -6.144704885904760799e-02 -7.057747708873270132e-02 -2.693684464542422385e-01 2.409555026486046025e-01 -4.479498802090717269e-01 4.486416469030369836e-01 4.360957374751388005e-01 4.318570400209489901e-01 -8.729453214252377857e-02 -1.330114414103632237e-01 1.329899372515638001e-01 -4.951091757250341008e-01 -6.068251325121350875e-02 -4.120200546839128952e-01 -4.874373299254786129e-01 1.659443819108524509e-01 5.247842451797023883e-02 2.963122695883185220e-01 -1.232913880005776230e-01 2.931834697037589144e-01 2.605164365575798335e-01 5.268303114842149970e-01 2.067454343947953410e-01 3.122277151210625656e-01 4.111752801278702463e-01 7.754209336164273603e-02 1.847440090249753697e-01 -4.290777696077371917e-01 -4.035263276138468247e-01 -3.669371091425094322e-01 4.963996485805842740e-01 3.048480056556375217e-01 7.051479389044994217e-02 5.469270377690383933e-01 -2.121972307276836223e-01 -3.282317426884942546e-01 7.113288136266580075e-01 7.521680451182091165e-01 7.050824505700291622e-01 7.718117561951739480e-01 4.284934876452634600e-01 3.937753812559489641e-01 1.541736697773347931e-01 3.177799226147720035e-01 -1.160281338473416884e-01 -3.644948457023741151e-01 -4.017650451385350041e-01 -5.345281892165886228e-01 5.129474594197064308e-01 2.089404066608363530e-01 -2.508351972044587166e-02 1.451894149781162990e-01 -3.147313811728388866e-01 2.588942693894535907e-01 -4.273223465293040646e-01 6.285492937783435652e-01 3.772085696954284306e-01 4.818384410617500557e-01 9.343969587330326620e-02 -3.918714960729468011e-01 -1.780522505086213902e-01 -4.482089856257798766e-01 8.110389789116263792e-02 1.458748477807552957e-01 2.683260058128991710e-01 2.744865306721450682e-01 -2.229394105795608483e-01 -4.854038613528584567e-01 -5.735931158735984442e-02 -3.080393948664374992e-01 2.225636323630099944e-01 4.134194782178687855e-01 -3.547045926493944124e-01 3.761339234708335755e-01 4.456509776004418666e-01 2.087957261253662877e-01 3.161433919051800379e-01 1.266953493840551094e-02 -4.426224172563019699e-01 -3.908153725055855676e-01 4.040484358110077445e-01 2.365213228139898538e-01
3.233537875817903973e-01 3.076507102128008264e-01 5.467685635373791264e-01 -2.442957423659188054e-01 2.269212647529522120e-01 6.845089251305735978e-01 6.487834860185444086e-01 8.227156758826583705e-01 1.000000000000000000e+00 6.594324293312009422e-01 2.860109081829836919e-01 2.582732738853731891e-01 2.051526360087465028e-01 -4.132679335414470856e-01 -5.083651690382920973e-01 3.012010961827747413e-01 2.614882933663412734e-01 1.332152905009709176e-01 -1.340432431312599537e-01 -1.537279254387025618e-01 -3.434015918171255954e-01 1.840393581831666903e-01 -4.425140833999590129e-01 3.318746020608632774e-01 4.955457988022324844e-01 3.486530803713370208e-01 -1.533237202896282347e-01 -2.144035745906684998e-01 4.883513799052108945e-02 -5.148590131689126936e-01 4.689168637248915944e-02 -3.370405118482607265e-01 -4.463418440742135118e-01 6.553735124579677940e-02 9.801608342355503170e-03 2.050291740490906567e-01 -1.816520518055874389e-01 2.975458361242258598e-01 3.084381132566468287e-01 6.026821689741981292e-01 1.103105653192894275e-01 3.778121303445818313e-01 3.203675415956123707e-01 1.223223769253762722e-01 1.474587777703920133e-01 -4.926066567198190138e-01 -4.303059031722640260e-01 -4.109043882244591273e-01 4.534145235120408679e-01 1.279027564591501687e-01 2.045822113554844265e-02 4.504260831171513768e-01 -1.724455274961798068e-01 -2.471540533834555575e-01 6.770043044972104962e-01 7.523124490160087996e-01 7.332646524759715012e-01 7.407084793078928531e-01 5.669826035253309193e-01 3.634769002745917854e-01 1.190189307550035686e-01 2.168504172880002523e-01 -1.830769616265177646e-01 -3.861644804600794512e-01 -4.505541862509578888e-01 -5.383469504194419164e-01 6.386438068975723859e-01 1.355375895381394080e-01 -1.116440600863430610e-01 6.214533210803299679e-02 -3.944097247749782098e-01 1.979286709907372432e-01 -4.371551521257681650e-01 6.153830288157278172e-01 3.113232637470376152e-01 3.535196648498675209e-01 4.178743230496559380e-02 -4.440618792896849354e-01 -5.929705015131059298e-02 -4.074873760858099825e-01 -2.248292051366875682e-02 8.024849850752291403e-02 2.981178007341195868e-01 2.649502478366097535e-01 -3.144712952956433827e-01 -5.075653715482759676e-01 -1.115365992553116331e-01 -4.306940874828354415e-01 1.740736955064778324e-01 3.337594325881043655e-01 -2.988272600318458427e-01 4.110685407072884878e-01 4.628042228451088036e-01 3.109381599049566014e-01 2.993792056877371266e-01 3.248492051929909030e-02 -4.706448841624185087e-01 -4.237537381050083263e-01 4.027728140030626958e-01 6.172403356813905423e-02
2.422405704866417153e-01 6.813936139657522130e-03 2.041804167600702880e-01 -4.697529807875920338e-01 -1.993548949728102260e-01 4.182050568635053978e-01 5.371174958763917928e-01 5.023047539031796349e-01 6.594324293312009422e-01 1.000000000000000000e+00 8.476758156679320422e-02 1.149821768053407335e-02 2.972252135469775208e-02 -4.529329078548793297e-01 -5.499111945881048902e-01 2.164095925344517168e-01 4.602544990051218171e-02 -1.557316759548376117e-01 -2.270978168600119307e-01 -2.981384610685813841e-01 -4.479824045185678560e-01 3.325587315948087819e-02 -4.269359206913705962e-01 2.050851246209640655e-01 7.319937568282911533e-01 1.443472312481083875e-01 -2.173569266008773815e-01 -2.887078174200529701e-01 -1.544464904830613883e-01 -5.188480381253602891e-01 2.747459408995749364e-01 -1.141867409278456286e-01 -3.025302174589596937e-01 -6.369545146348104536e-02 -1.535681486885552283e-01 -5.927019997469965690e-02 -1.411200510319698398e-01 4.519565851198271145e-01 3.899129716626569264e-01 6.342975472100031986e-01 2.761426853489375166e-02 3.606733640782207040e-01 1.376022232732569683e-01 1.827060570953655538e-01 1.389834018194576470e-01 -4.704681770552219811e-01 -3.847589815127300805e-01 -3.853854484027244842e-01 2.460665697081301506e-01 -7.513497977181907150e-02 -2.768726670203497386e-02 8.089562372696158798e-02 -1.449943364007793001e-01 -2.555649743477047542e-01 2.540877655383343425e-01 4.616257391676127919e-01 4.236466121938807228e-01 3.714029821608100801e-01 8.143009443697201144e-01 2.459265188377579570e-01 -1.223734884533660833e-02 2.205865296406956180e-02 -2.889441634435463424e-01 -4.421249716390920903e-01 -4.600740156329813368e-01 -5.372088019681378057e-01 6.910646708812112626e-01 -2.882400437575626667e-02 -2.652322173978440834e-01 -1.942286311910116081e-01 -5.077081003373025148e-01 5.913201293346619786e-02 -4.328101501553285324e-01 5.756750997420686522e-01 1.567919611007100311e-01 1.721747719502694507e-01 -5.915283009966528643e-02 -4.611810973031574834e-01 1.819486601142192295e-01 -2.146083799273820480e-01 -1.462156001508333192e-01 -8.467918199938583024e-02 3.657540490348133444e-01 1.453041849808838493e-01 -3.612738546819838636e-01 -4.784867501795730949e-01 7.676718859848850884e-03 -5.196982091218407263e-01 -1.108311445734826012e-01 2.089576021604931111e-01 -1.403196447699415483e-01 5.732305176487854093e-01 5.813173314856671103e-01 5.213092104978133134e-01 3.060739145885644774e-01 2.418645592117840346e-02 -4.484198780840794041e-01 -4.078420835290468838e-01 1.954583250962887986e-01 -1.320658655268811821e-01
1.661808713810994653e-01 -2.913743294168531783e-02 3.733413138130909359e-01 -1.918752961001599922e-01 1.066944170752809062e-01 3.240181232406463274e-01 2.825410170422998357e-01 4.393532352554441744e-01 2.860109081829836919e-01 8.476758156679320422e-02 1.000000000000000000e+00 8.227342347894378571e-01 5.955297766491389755e-01 2.988421161648421170e-02 -7.398072588657181314e-02 -1.548402231287580588e-01 6.245801670859782995e-01 3.922802396415852599e-01 3.307297521272856700e-01 2.328312683251843596e-01 1.110249055810856589e-01 5.486585799471739300e-01 -1.223824199596845880e-01 7.472475189729638201e-01 2.169264863757613404e-01 7.955502986291750345e-01 2.390239261451364561e-01 2.365415767086653798e-01 4.749525298325617539e-01 -1.034414770194283933e-01 -2.032004796480722242e-01 -4.145587537202361506e-01 -4.428695695960083167e-01 4.548870213728226641e-01 4.000027679320253826e-01 5.214390632984740037e-01 9.869725406263846201e-02 2.294703277851248974e-02 -1.209501601771680729e-01 1.394752657074423974e-01 4.510658826012184930e-01 4.365975581487904766e-01 7.108908232944484151e-01 2.300271641293133162e-01 4.069300331846538166e-01 -3.155953947956340044e-02 -4.256959092827994340e-02 -8.171695980663273851e-02 4.644029482434256506e-01 6.122361457785298056e-01 -1.788311881445476814e-01 3.183993617408266141e-01 -4.412864806008873764e-01 -4.283239020536901975e-01 4.210352959848611687e-01 4.343523929182975807e-01 2.341451802862464515e-01 4.059305137847721845e-01 7.632445262263069796e-02 6.306655509569232265e-01 4.647271303244303597e-01 5.954065382289628339e-01 2.680120141491571517e-01 -7.495626733980970124e-02 -3.389321758311074351e-02 -1.852798175125297819e-01 1.961480438167795270e-01 4.919941466066937719e-01 3.836734799562360743e-01 3.807664951482492843e-01 6.652283873392642044e-02 4.292793443798918473e-01 -1.231886460110388215e-01 5.243684232410936730e-01 4.142053318107431492e-01 7.870640123525868281e-01 3.335521499376671861e-01 -4.009216726842804168e-02 -3.299326715705785396e-01 -4.458014816087270682e-01 4.476348418952793007e-01 4.036083516540424632e-01 2.634324329276016008e-01 3.922590626186348572e-01 1.545136170232239148e-01 -9.148357088574352036e-02 -4.193274756699946065e-02 9.111158696375604160e-02 3.474133166933549566e-01 5.400871251214522939e-01 -4.814191809252930110e-01 -9.231175333373760339e-03 7.520536280160254605e-02 -3.168167296603980037e-03 4.255058794827417668e-01 2.240640071629766972e-01 -8.457833980169861265e-02 -7.302735155687718749e-02 4.585019550388987897e-01 5.943815151832474442e-01
-7.771649166838159872e-03 -5.009097613926906389e-02 2.554272653099897150e-01 -1.718788114068564576e-01 1.154907221432697889e-01 1.932084837236413555e-01 2.105180257445630754e-01 3.720856927287570226e-01 2.582732738853731891e-01 1.149821768053407335e-02 8.227342347894378571e-01 1.000000000000000000e+00 6.447146313748856050e-01 1.585064953846068436e-01 4.727032054957780449e-02 -1.943868238851681751e-01 6.845636508194433700e-01 4.898680210625065978e-01 4.464818060270040467e-01 3.260338712855883059e-01 2.264400342227287644e-01 5.822206973662625851e-01 4.973578203176803186e-02 7.420624678757258286e-01 1.279870471883580163e-01 8.013286547614615341e-01 3.500469946519335074e-01 3.565328657685472025e-01 5.538710947251950234e-01 1.620785188955175746e-02 -1.280413767298502759e-01 -4.448276128550884279e-01 -4.521292325401340961e-01 5.144944447645375396e-01 4.721299148486970410e-01 5.750458032362630867e-01 2.246952319769345841e-01 -1.357240943335511485e-01 -2.107025260570840886e-01 1.768066271294521929e-01 4.941628395255012185e-01 5.240639390524873820e-01 6.779283230765560386e-01 3.689427956026590794e-01 4.778595955216018432e-01 6.699873416114898728e-02 5.344359602350007982e-02 3.893018232435446757e-02 4.252082104717417321e-01 5.973295492109940152e-01 -3.039864074851301168e-01 2.090512323961445929e-01 -4.439543283352208047e-01 -4.121743233265081074e-01 3.582962749639838074e-01 2.999128605228686961e-01 2.120885657603751584e-01 3.930529280154428928e-01 3.413138818405254266e-02 7.181034043730722960e-01 6.064960047586738234e-01 6.011494610055571064e-01 3.349812505275723828e-01 4.268816050543546708e-02 9.265041766218033714e-02 -3.783306841202950521e-02 2.128023822169036738e-01 5.938477669112665058e-01 4.594711876310744736e-01 4.805019129689366286e-01 1.980284087281074523e-01 4.966019968275203200e-01 5.101992170075374256e-02 5.029686218424853639e-01 5.152013397102973569e-01 7.810156258291945930e-01 4.263103086074769843e-01 1.205634907372442749e-01 -3.044973544154302436e-01 -4.784894539037963801e-01 5.137125206253376763e-01 4.794668848593026667e-01 3.487744263036458015e-01 5.135395357305477804e-01 2.636541489048341846e-01 1.270228172361523994e-02 3.940899236930822669e-02 1.599200938666125171e-01 4.773276205626002522e-01 5.854550152339812463e-01 -5.413888283751820962e-01 -2.118351230199504165e-01 -4.934265512106544155e-02 1.146712775108542186e-02 4.832779290347175016e-01 3.934790605383033379e-01 1.724015126929257652e-02 6.500354030595888177e-02 4.563433164097681072e-01 5.911179888491323586e-01
-4.281740948507297556e-02 -1.287308827808517631e-01 1.054043743171741987e-01 -1.327186338317054293e-01 1.768245981150174881e-02 1.567098614187849848e-01 1.865867904117834153e-01 2.867631313520856429e-01 2.051526360087465028e-01 2.972252135469775208e-02 5.955297766491389755e-01 6.447146313748856050e-01 1.000000000000000000e+00 3.792217840660919159e-01 2.290177003317419302e-01 -2.276186286843652207e-01 7.333979291156851321e-01 5.259336068792102026e-01 6.580429788454369433e-01 3.384352113670756612e-01 3.166591350497515167e-01 6.851961564577363495e-01 2.128414540590109483e-01 6.426690941184882711e-01 7.455629612322857425e-02 5.225386817984787324e-01 5.113151754219060763e-01 4.641285743499635741e-01 6.765847264419130314e-01 1.604792031351724435e-01 2.394592171008868772e-02 -2.533721441677777020e-01 -3.213664425942502345e-01 6.166931129458689265e-01 6.116093856310624854e-01 4.761559486071151870e-01 2.810907172815133581e-01 -1.031584886865462153e-01 -3.421556211573292816e-02 2.417063956489587939e-01 4.542877182471856123e-01 3.146768313381406723e-01 5.058894852586067747e-01 4.308893739404632828e-01 4.828547823111707382e-01 2.299827578020955110e-01 2.878368758305479003e-01 2.165700824312695727e-01 2.762793671241950966e-01 4.338417883917712325e-01 -2.867229405816706378e-01 5.531652437653829940e-02 -3.875589205078324162e-01 -4.035685194074283832e-01 2.095710421977704241e-01 2.100538874330188377e-01 1.638916778045501343e-01 2.984620115121419115e-01 1.115357309304654612e-02 5.359547869717117274e-01 4.864360067393121989e-01 8.253291733828350685e-01 6.209122470121540838e-01 2.233239336670795050e-01 3.324815886158989375e-01 1.416058808892604326e-01 9.992529391610197043e-02 6.727980519346469235e-01 6.278658398311468547e-01 5.228055192962213216e-01 2.951729391867516927e-01 6.118987163682363395e-01 2.155072694999870808e-01 3.669877986815480719e-01 4.716664538063217726e-01 5.425308376835689117e-01 6.119911270423177285e-01 2.480196783554492190e-01 -2.626239606832089235e-01 -3.089218324534461768e-01 5.938268279373305480e-01 4.430716284381076009e-01 3.700977123917575384e-01 5.594846991576889472e-01 3.783039914373814150e-01 2.158585227182919508e-01 1.686818150276649941e-01 2.065578752515657701e-01 4.494231546689798629e-01 4.421801707190988751e-01 -5.075475542672014395e-01 -2.491640255935433645e-01 -2.520406426208648271e-02 -9.195819132983369670e-02 3.818242937103181744e-01 4.685743694325422148e-01 1.444922888488353319e-01 2.221289465622423576e-01 3.044833179807502344e-01 4.039121461412648606e-01
-5.147455043981055134e-01 -3.330309556276639382e-01 -4.595993055974438302e-01 1.979455774427180403e-01 -1.014328620127879638e-01 -4.417187838076446216e-01 -4.298233508045387063e-01 -3.789396997350081842e-01 -4.132679335414470856e-01 -4.529329078548793297e-01 2.988421161648421170e-02 1.585064953846068436e-01 3.792217840660919159e-01 1.000000000000000000e+00 8.846158493771164588e-01 -4.815127380967491044e-01 1.878019422519653647e-01 3.286319714030331851e-01 6.839277949202023921e-01 4.138262054662490419e-01 7.755032779534882792e-01 2.414240243731891888e-01 8.469047396492261903e-01 7.600007962744252665e-02 -4.024771639939261902e-01 -7.825110970046604553e-02 5.959882328684693586e-01 6.098348018416059890e-01 4.846889910284902236e-01 8.004214572634955616e-01 8.221439299391984645e-02 6.700685348525867169e-02 8.583694668716743137e-02 2.966978518552009225e-01 3.324236228838562957e-01 1.079658311414021382e-01 3.100391862751523675e-01 -4.857749176414810632e-01 -2.675444985948906007e-01 -1.860190155316269467e-01 7.968136667474298718e-02 -1.098042140996336041e-01 -9.094466213964590151e-02 1.850976676277640842e-01 5.463476322668154445e-02 7.564635326595293696e-01 7.692422117083159705e-01 7.120308979932277182e-01 -2.230532936588158488e-01 -6.481897653570470666e-03 -3.537828282941178348e-01 -4.669881773684257942e-01 -9.914449506551566149e-02 9.177724643835569185e-02 -4.141232770031921806e-01 -4.704205587412881306e-01 -3.044383769190733835e-01 -2.547115268564020818e-01 -4.209370768765166582e-01 2.210822777993459720e-02 2.138727376560140003e-01 2.760912436793481750e-01 6.766475234624558244e-01 6.932302144063652305e-01 8.765412130659946399e-01 8.611651523288498256e-01 -4.082374358927834956e-01 3.929174699224519118e-01 5.771028128297083226e-01 3.670573532799645267e-01 7.979074065786356806e-01 2.025770192187433538e-01 8.153128428858603671e-01 -2.731761007351227177e-01 5.093843009066077038e-02 -8.444803959531517468e-02 4.869888889290282519e-01 7.996891286611357286e-01 1.071975630857157740e-04 7.052964388415590424e-02 3.954670076253304356e-01 1.144601635534845951e-01 -2.729419415162581686e-02 1.682503680955426406e-01 6.461525398208189941e-01 7.130331578805370052e-01 1.539913475133922183e-01 5.400044067776469392e-01 1.857974327290182748e-01 -7.972903409057546797e-02 -1.507690514521798086e-01 -5.684042935248858619e-01 -4.400641828364011965e-01 -2.715845272389077469e-01 -4.872777711677857976e-02 3.085416458132262396e-01 6.834125888072132282e-01 7.614759893944943459e-01 -1.543267676322002124e-01 4.618996061070551606e-02
-5.641390644992640979e-01 -2.855149000503320322e-01 -4.762433375864506546e-01 2.959142248851166501e-01 -5.310546379480950846e-02 -5.037921176883336516e-01 -5.035114565765973493e-01 -4.726748892981708083e-01 -5.083651690382920973e-01 -5.499111945881048902e-01 -7.398072588657181314e-02 4.727032054957780449e-02 2.290177003317419302e-01 8.846158493771164588e-01 1.000000000000000000e+00 -4.545268685672306797e-01 5.123166483127023635e-02 2.937829320597559191e-01 5.542399457090380066e-01 4.217454859079430296e-01 8.188551674610656805e-01 1.020881465043151776e-01 8.468580039366612189e-01 -4.809371337235756466e-02 -4.949568882359703936e-01 -1.943021070532791050e-01 4.989596474578170127e-01 5.298667467157156530e-01 4.024833529610825633e-01 8.261436424280752533e-01 4.313391053861287405e-02 1.277499300633719304e-01 2.096073305880753468e-01 2.211443617087007485e-01 2.502888433211924446e-01 3.738571059260281659e-02 2.814654101095361849e-01 -5.150961351287364209e-01 -3.107084653637501859e-01 -2.745054859371010569e-01 3.298349724581006726e-02 -2.118685332096444385e-01 -1.888068879849828796e-01 1.029596532019754623e-01 -1.611514090331746946e-02 7.456473861537065151e-01 7.355480449040724400e-01 7.002313572985164880e-01 -2.636262933050262935e-01 -2.369957971341963773e-02 -3.271519092895736613e-01 -4.544859736708300457e-01 1.116394087221577770e-02 1.677458833805207383e-01 -4.525351273641180505e-01 -5.458966872211596932e-01 -3.541213171222714062e-01 -3.199360658209608466e-01 -5.100878502481425159e-01 -7.696799961863670658e-02 1.485862689396491298e-01 1.458340731030040582e-01 5.685964601701242183e-01 6.928053014899098194e-01 8.605152675794670580e-01 9.198817150452819336e-01 -4.829889212977514501e-01 2.291265586419020395e-01 5.103895599758369039e-01 3.409590650657088884e-01 8.551337658887401272e-01 7.488941438901947079e-02 8.158182516517029637e-01 -3.914436345715576193e-01 -4.380948037204063922e-02 -1.882428897346867247e-01 3.777255667351605006e-01 7.960162580077697614e-01 2.527956316032193423e-02 1.575724370500785620e-01 3.039322728744832114e-01 7.087516984125712127e-02 -1.281319639474212402e-01 7.778051653601644744e-02 5.680432000888097077e-01 6.935658039521880314e-01 9.407134860088724182e-02 4.973849214754912929e-01 1.436935201257070749e-01 -1.629953977550534783e-01 -2.843926875693927186e-02 -6.012753989073470473e-01 -4.958529460391598032e-01 -3.378856865057784931e-01 -1.509481848199632492e-01 2.380098852934244003e-01 6.603107323656406402e-01 7.563658434986519907e-01 -1.943567600949677454e-01 2.842788420090361368e-02
