1.000000000000000000e+00 9.097848543340029959e-02 2.255037870873780048e-01 -2.572954713931716389e-02 -2.009515668788013597e-03 1.206336813217058490e-01 5.815178470876248423e-02 -5.527691184216017295e-02 -7.389543148344214669e-03 1.734984079042591887e-01 -5.192234453239440162e-02 -1.515133447285691992e-01 -2.889741489043905487e-01 -3.720737207030954119e-01 -3.480486682659106323e-01 4.794901169514292349e-01 -2.978635605492614968e-01 -2.972064165132998204e-01 -2.628114555289604026e-01 -2.755104406401461259e-01 -2.535649905396750170e-01 -1.307950623689164982e-01 -3.486500851806749735e-01 -2.842636311457057419e-01 3.930850422283383439e-01 2.262996426478258716e-02 -3.411333026205460861e-01 -3.517946092504974365e-01 -1.835249428326780341e-01 -3.709647475338574973e-01 1.079484784145659931e-01 2.106299847287978477e-01 9.436572580680474553e-02 -2.693881795382435662e-01 -5.633477124485412879e-02 -1.448082380501221345e-01 -1.436231882712429020e-01 3.574804588496618973e-01 -7.337290777488894578e-02 -1.322151564673024471e-01 -2.228021229771744438e-01 2.208046434787072076e-01 3.917169413058662480e-02 -1.369430902770064629e-01 -2.046532641961948673e-01 -3.858759421492649611e-01 -3.927879462603977578e-01 -3.697418091436494025e-01 2.074894353129027591e-01 -8.784814276696863156e-02 6.444633904812436809e-01 3.691410455377618915e-01 2.515113874356627033e-01 -2.907909175928842516e-02 3.043295715228981346e-01 3.067588925618329188e-01 -6.695072092556576815e-02 -5.780950351909032447e-02 -6.136439834020866041e-02 -1.961971084347555738e-01 -9.457042120996161927e-02 -2.883297850952890040e-01 -3.648634341206328791e-01 -4.209409123356158688e-01 -3.698054161964405284e-01 -3.373752488951520245e-01 -6.388025646870530705e-02 -2.950514888018973547e-01 -2.782515074848818104e-01 -3.830868657332969218e-01 -3.039555719537849199e-01 -2.892399856673757985e-01 -4.030586885893783222e-01 -1.064009878158091726e-01 -3.068542693280125744e-01 -4.718816746585986072e-02 -2.255233331473809055e-01 -4.375453784907927246e-01 2.053621860744289096e-01 7.604747472806953901e-02 -2.584276356259450624e-01 -2.442516145738712896e-01 8.068481684799351517e-02 -1.191516136606074333e-01 -3.452241941508165657e-01 -4.615043059041567530e-01 -2.273698309454840749e-01 -2.973630159863668299e-01 -2.815370642340838114e-01 -2.889587378551185526e-01 1.377158428835257784e-02 5.578176158968284337e-01 -2.401291808146664986e-01 2.761681522588169124e-01 1.643901079093061934e-01 -7.970466458863274817e-02 -3.770317094271898317e-01 -3.964303335386318294e-01 1.645519708686636884e-01 -9.022107990861467919e-02
9.097848543340029959e-02 1.000000000000000000e+00 5.204731459472173860e-01 5.959629905496300895e-01 6.844025188127518255e-01 2.205690315896694231e-01 2.738138983357553125e-01 4.493980534190995524e-01 2.855701514661507789e-01 -1.283226985580990243e-01 -2.107458140474870179e-01 -1.562626167275915912e-01 2.512960087889329341e-02 2.987934127412976149e-01 3.166084103302221897e-01 5.133715737516748590e-01 7.972187755450090008e-02 2.192380754237713558e-01 3.110773078215521292e-01 -1.568972067386287805e-01 3.589338400531014162e-01 -2.954604802590201085e-01 1.714462653094951938e-01 -3.274636309374324150e-01 -7.414906393336717638e-02 -3.439590182772124249e-01 -1.424518995706530733e-01 -1.503064565042611933e-01 1.714199256171564933e-01 1.650780693431999069e-01 2.019998108101239698e-02 3.767205809066266342e-01 3.405255611238682811e-01 -2.555277740100214690e-01 -3.410261940393667923e-01 -1.195417903435052054e-01 -1.436112635698737761e-01 1.709074463092653262e-01 3.196732810630467658e-02 -3.045499601503465770e-01 -4.922002084013370471e-01 -4.235255814454756962e-01 -4.569532170868302878e-01 -8.224902572358958053e-02 -3.568117416309584122e-01 -1.102523272789971281e-01 -3.577301684131292681e-02 -2.305746638645486679e-02 -1.924020489407869405e-01 -3.634912258402395180e-01 2.100858723460568289e-01 8.142957503391055063e-01 5.680207626409222721e-01 6.087468110163346546e-01 3.819706234117770105e-01 2.728969614697740464e-01 5.252010640344406678e-01 3.735484555060462064e-01 -1.456930003982215283e-01 -1.493815606040257149e-01 -3.380645876195846611e-02 8.882121396695319415e-02 1.009380581926493797e-01 2.879841798915843132e-01 4.008866479134423622e-01 2.788532010262111949e-01 -2.576351058363895441e-01 3.096294590090422627e-01 1.784136923302633015e-01 1.812459464765563966e-01 3.732024519461559775e-01 -3.154239904450450438e-01 2.679690269653380863e-01 -2.210162028680277835e-01 2.424870782707159306e-02 -3.020957172050713901e-01 1.621689048722866899e-01 4.267838971790762631e-02 -1.104986219378743806e-02 3.551425710048489170e-01 -2.453230553243486434e-01 -3.506880490018964291e-01 -4.018835098730799138e-01 -3.995628348947375952e-01 -2.572196779418162160e-01 -1.978790587222133690e-01 -1.299433564381223816e-01 -1.416612597736651713e-01 -2.664664358535402955e-01 -4.677824338554925632e-01 2.129824174768385758e-01 5.450108192460009771e-02 -8.282298352100373601e-03 -2.495197862650834209e-01 -3.910616180207693859e-01 -1.997612126136130706e-01 -1.918895922244242269e-01 2.097803958429711110e-02 -2.265982375827165218e-01 -4.266177418281559830e-01
2.255037870873780048e-01 5.204731459472173860e-01 1.000000000000000000e+00 -2.250206543814904647e-02 8.485422054993685403e-02 6.312385735839545209e-01 5.117838078543869296e-01 5.699690859171452351e-01 5.180869832915070416e-01 1.116732963772985032e-01 1.522835670572922906e-01 1.938740568583589008e-01 -3.896208443225810530e-02 -7.482037442097387581e-02 -1.421259434688887935e-01 2.308897277283337712e-01 6.985638458463004630e-02 1.629815625749980457e-01 5.283031818193743845e-02 -3.389850558463879948e-01 -1.420386987014178939e-02 -1.156888809909544374e-01 -2.073910036943277524e-01 -8.262158568321453789e-02 1.252907003557658661e-01 1.685106459280534263e-01 -2.217184232629380580e-01 -2.910472424041172235e-01 3.552808177117689186e-03 -2.404837797617928874e-01 -5.467510978848939135e-02 -1.917577530815867681e-01 -2.215267728369628153e-01 -3.548487011682572301e-01 -1.137353453590831814e-01 2.182943887656948467e-01 -1.403856758791240944e-01 -1.130737708917010087e-01 -2.403049954915555675e-01 4.086645367089666858e-02 -1.853903210468282603e-01 -5.993076918962478988e-02 6.748205620656824721e-02 -1.351046071610529087e-01 -1.953103513947415659e-02 -3.228331830115681589e-01 -3.173656852487603541e-01 -3.399029705632252707e-01 2.136422882848345584e-01 -1.223249205583335913e-01 5.828391607836322375e-02 5.576201963854190424e-01 1.489518908069512315e-01 6.729024946978976254e-03 6.549847299344767615e-01 6.921046170329486769e-01 5.582696864427797445e-01 5.488246893756834055e-01 8.748798103778214486e-02 1.659456900317002603e-01 2.216870108364136782e-01 7.817965217808729717e-02 -1.111146067639097179e-01 -8.174879295763586018e-02 -1.080753938155571379e-02 -1.813159846536290809e-01 -3.006139960089154045e-02 1.458827970857171918e-01 3.767442451007244064e-02 8.866153028725400065e-02 -1.149882149310943458e-02 -9.415820450553681609e-02 -1.144373314380888740e-01 6.055680475429782439e-02 1.504326109253618926e-01 1.284185790108883785e-01 -3.592198729257881779e-02 -2.179295911014995646e-01 -1.319184700526321863e-01 -2.035246365271010383e-01 -2.472505639383174303e-01 -3.727692353294120298e-01 -2.327382248675095508e-02 4.595695081186709600e-03 -2.386369915854029689e-01 -4.058150814541406914e-01 -1.636069889749252881e-01 -3.802014859184346673e-01 -1.000852772695874082e-01 -1.471338326993973655e-01 -2.835745979689455742e-01 8.929068589834540659e-02 -1.521139403321413175e-01 1.774672545823456626e-02 1.363577601216344470e-01 -1.222640837633332256e-01 -3.520984673041787083e-01 -3.142584748352322821e-01 2.811661390419549211e-01 -4.647252995050947522e-02
-2.572954713931716389e-02 5.959629905496300895e-01 -2.250206543814904647e-02 1.000000000000000000e+00 8.679359341403961592e-01 -3.053304382393351446e-01 1.024576834393240432e-01 -7.346905062510776518e-02 -2.172091928200451105e-01 -2.388541894944681554e-01 -5.718950618595491919e-01 -4.528269744197227498e-01 -8.690578909856577772e-02 5.563439801766977277e-01 6.000976836661258140e-01 6.053684818587393712e-01 -4.487021113366644609e-02 3.180083099249003675e-02 4.182902881687795560e-01 1.094738336440245347e-01 5.781382543237694183e-01 -3.406751008326364683e-01 4.835312335322617394e-01 -4.111967604479146443e-01 -3.335235425980564994e-02 -6.018612069943016785e-01 -1.379851348233741004e-01 -3.141111594288273356e-02 2.200949782211508166e-01 5.351557173414880353e-01 2.119614069634382092e-01 7.666003421091368564e-01 7.528460795147298157e-01 2.961067964959434098e-02 -3.702167401631647481e-01 -4.692472903902206727e-01 -1.198503256577703319e-01 4.779970032105961830e-01 3.168593498271994879e-01 -2.679799202671088731e-01 -5.417171244525889051e-01 -4.950058047374771841e-01 -6.845810887545523693e-01 -3.328410177733804459e-02 -5.155328769185067994e-01 2.886533721968941729e-02 2.992426087293463821e-01 2.367076977880613609e-01 -4.935975470729592751e-01 -4.233592107962189099e-01 2.952613354516666067e-01 5.414119095329064102e-01 7.118484971759708735e-01 9.372418979858385679e-01 -1.383410922489738959e-01 -1.950996515146121990e-01 1.330764998861233006e-01 -1.471086161750467525e-01 -4.285965001031093458e-01 -4.132112192860744049e-01 -3.477655955064674065e-01 -7.943008678340408857e-02 2.446847562075495364e-01 4.692382055046889211e-01 5.987994336365330961e-01 5.920476094216388097e-01 -1.572838390141503007e-01 1.998210739250622925e-01 2.363942776825451453e-01 1.798754081824461559e-01 5.649045021167257152e-01 -3.723382681314291176e-01 5.049667705585612065e-01 -3.119554900920676332e-01 -2.016851957347250979e-01 -4.808397002057502312e-01 2.615318496919736280e-01 2.913698058130270163e-01 2.448274772487803175e-01 7.875280687663348544e-01 -3.467296132952005228e-02 -8.411817072989111188e-02 -5.540689753623367908e-01 -5.542848490467111588e-01 -2.158016936191034518e-01 1.736774929162486214e-01 -6.132499274413370782e-02 8.816984008826764252e-02 -3.081909786519335670e-01 -5.254375860947627652e-01 5.851311283850116896e-01 2.626914973130730496e-02 4.137451897373773529e-02 -3.541468316853724208e-01 -6.049296262086487630e-01 -1.846485060095166275e-01 -7.083428389200792374e-02 2.973445364912011279e-01 -5.543601484422869818e-01 -5.657806810360398453e-01
-2.009515668788013597e-03 6.844025188127518255e-01 8.485422054993685403e-02 8.679359341403961592e-01 1.000000000000000000e+00 -1.426983662874676817e-01 1.097327453047074602e-01 8.541156792693355149e-02 -8.251475426618740117e-02 -2.733379319969179155e-01 -5.187147778035358092e-01 -4.649557084243252092e-01 -7.561119437195927551e-02 4.948981087064778239e-01 5.225492212173109552e-01 5.688769571452836349e-01 -6.167375080294303091e-02 1.091655287188594420e-01 3.955158087132276679e-01 1.234954195893823575e-01 5.454444989662577958e-01 -3.126324760219922894e-01 4.363107105952170328e-01 -4.634406760422193905e-01 -1.315605846117182676e-01 -5.822671199780607987e-01 -1.284487860199621523e-01 -3.236879473918412992e-02 1.822195563225172399e-01 4.470498116365858032e-01 1.218224059105180723e-01 6.517102123838753869e-01 6.659073359686934479e-01 -7.999161271753981589e-03 -3.698597126704001314e-01 -3.952666177420334770e-01 -1.465921235460929395e-01 3.831381331604107876e-01 2.965119342729550245e-01 -3.133210589994134265e-01 -5.622822581751827364e-01 -5.029651816629155947e-01 -6.841375241945536478e-01 3.768273665654012922e-02 -4.946316285795108736e-01 7.086226345773910529e-03 2.182462497883767560e-01 2.022930005801350517e-01 -3.956798834392554753e-01 -4.182765692615302844e-01 2.625623574810108662e-01 5.851840115374665752e-01 7.297948847016727525e-01 8.836386581202529955e-01 3.911975432227979971e-02 -1.177738618963283385e-01 2.378411463009514337e-01 -1.661307750054438065e-02 -3.605161465776471896e-01 -3.967284385859047302e-01 -3.245964192932792591e-01 -3.732475827441950056e-02 1.996581844817488238e-01 4.236236662477035897e-01 5.404619221917389416e-01 4.890337853457784045e-01 -1.941943224497531262e-01 2.246541724716426824e-01 2.205000330620673077e-01 1.903898731539759581e-01 5.211932303524481336e-01 -3.871975802430037139e-01 4.481197027415950163e-01 -3.463545140145460888e-01 -2.254327146709232954e-01 -5.195102978595758092e-01 2.007483314437386590e-01 2.001953274631097235e-01 1.479727309741878383e-01 6.768149129851288581e-01 -1.395241887864450137e-01 -1.695690405069590900e-01 -5.658358567788097648e-01 -5.588536403492051496e-01 -2.589599434798844912e-01 7.973944899332825742e-02 -1.087186268100738540e-01 5.829770673191418673e-02 -3.366911652641296215e-01 -5.600049670650398825e-01 5.369769242004085452e-01 1.030600654240617330e-02 3.724349478718174539e-02 -3.820947277830789579e-01 -6.323540138389609488e-01 -1.906984016142331262e-01 -1.272207462309186965e-01 2.347609191260900952e-01 -4.751484602167611593e-01 -5.584320687218022883e-01
1.206336813217058490e-01 2.205690315896694231e-01 6.312385735839545209e-01 -3.053304382393351446e-01 -1.426983662874676817e-01 1.000000000000000000e+00 5.032807140865306339e-01 6.217290299994945313e-01 6.601791606372787724e-01 2.935993014260726564e-01 2.927548966137911157e-01 2.513633509214316941e-01 1.964088449096131062e-02 -1.863737034488970878e-01 -2.236233245827580485e-01 -6.622507395785610929e-02 6.814453811428049235e-02 2.170454270599223856e-01 -6.729321838172926812e-03 -2.870439590694629506e-01 -1.534020795538817428e-01 4.844792820405697392e-02 -2.464121229181837347e-01 -2.976153369412053162e-02 1.611260115180316588e-01 2.482407830155449191e-01 -1.314454319206642408e-01 -2.342767282897680048e-01 -7.450270756530033567e-02 -2.951964600866354149e-01 -7.152984329290550114e-02 -4.402142983977630486e-01 -4.262511592759005152e-01 -3.298693153391487609e-01 3.516058141264058468e-02 3.671410995892920304e-01 -4.613978930982262638e-02 -2.620218910974601023e-01 -2.895599495478473062e-01 2.295993514277773484e-01 -1.539108548457346001e-02 6.671719163355972759e-02 2.324516576956683622e-01 -5.773429130491722350e-02 8.264812492341098993e-02 -2.868183434081427730e-01 -3.872195140975939198e-01 -3.065915455911824017e-01 6.518279431102255161e-01 1.437465365687931595e-02 -8.164965514842331684e-02 1.665314342064708741e-01 -1.455216494480255085e-01 -2.903464907966040176e-01 8.026824713510201104e-01 7.697983669973365028e-01 4.248691776094297157e-01 5.756713577762719858e-01 3.365954537444966199e-01 1.816265633864028450e-01 2.251640660838949981e-01 1.015898541466333932e-01 -1.042389157987684278e-01 -1.222631991723983347e-01 -1.156614461975669778e-01 -2.797309068415408939e-01 -2.294601284939713770e-02 1.401586540706713513e-01 -2.590336074898535665e-03 3.753868777967936388e-02 -1.548804462354816947e-01 1.466188887732563541e-02 -1.812599939433552076e-01 1.624083616008255987e-02 1.470370359939326133e-01 2.015909753526069492e-01 -9.980108856990496657e-02 -2.049043647889971231e-01 -9.712975701794003547e-02 -4.272948342114770148e-01 -3.384885239759725106e-01 -4.098409126320767260e-01 1.190332962779974552e-01 1.782480440160901514e-01 -1.571099947486275239e-01 -3.405164562212205648e-01 -8.922323021390668463e-02 -3.357025646153331544e-01 -4.736592195016470219e-02 -5.209173116680911736e-02 -4.073264965996766795e-01 1.443588532407304725e-01 -2.711637367123898024e-01 9.972321710679368789e-02 2.748950854361886798e-01 -2.238349971766526517e-02 -2.978826693040803053e-01 -2.901990931897932557e-01 6.548841459556391520e-01 1.002132719773633218e-01
5.815178470876248423e-02 2.738138983357553125e-01 5.117838078543869296e-01 1.024576834393240432e-01 1.097327453047074602e-01 5.032807140865306339e-01 1.000000000000000000e+00 4.911020873093465688e-01 4.531690284859670736e-01 2.620747119896086885e-01 -4.057626853827065588e-02 -1.706298606125246711e-02 -1.825277251660942235e-01 -4.251399690740835513e-02 -1.070537970195916122e-01 2.117900669008749570e-01 -1.270515781848464421e-01 -8.745579519178144079e-02 6.315158083459959659e-02 -3.722239577745255490e-01 5.119342748408414051e-02 -2.654974934585951907e-01 -1.855804415170218824e-01 -1.719304505694988217e-01 3.343302126945378316e-01 4.086367467835702594e-02 -4.122495566145544243e-01 -4.583492887788086501e-01 -4.700634695817498127e-02 -1.807929680004657369e-01 1.127364928177262832e-01 -7.877580163672449898e-02 -1.415570229252476331e-01 -4.390604315293952786e-01 -2.217332066559481452e-01 -4.946014485787265935e-02 -1.940335211429744244e-01 6.598154814337295337e-02 -6.314505520156071805e-02 5.094747604603547808e-01 -1.026224026330728178e-01 4.459309155012316367e-02 3.500911291269531017e-02 -2.776705526974717481e-02 -5.615961988236256759e-03 -3.779102302183064421e-01 -2.568271699083819470e-01 -4.151082775002713499e-01 2.576164286172770157e-01 -2.133233762002583744e-01 -8.153080938557077939e-02 2.853344939625939714e-01 2.097381962522731624e-01 1.149798226547485425e-01 5.021525364201369079e-01 5.810923626609162396e-01 5.567704931105681432e-01 4.015130571847058127e-01 1.003698699839610520e-01 -2.523107858958056546e-02 3.158974080937949902e-02 -1.185058420025574405e-01 -1.794461037201479925e-01 -8.161681710010984525e-02 5.052396139569573230e-02 -1.255450647914836126e-01 3.456863108095106774e-01 3.792733229255478011e-02 6.899280409049278473e-02 2.756266437835156943e-02 5.261758527534205615e-02 -2.239334292185830855e-01 -9.715597767468539536e-02 2.383397762035200373e-01 -5.960158385444570828e-02 1.476282039375220456e-01 -3.253055609554508093e-02 -1.816203376099167766e-01 8.899814052714760670e-02 -1.227017083693571209e-01 -2.140448612408307194e-01 -2.994171571534701148e-01 2.597235865756231717e-03 -1.280265170994550061e-01 -3.571780832456254440e-01 -2.971472115265294534e-01 -1.911691138103723542e-01 -4.483098982190248383e-01 -2.965581396838603001e-01 -7.353065489109525399e-02 -1.533182191549154749e-01 2.136092500200052757e-01 -5.296815498699829206e-02 1.314136904066612321e-01 1.773300575335484686e-01 -3.071314044271660285e-02 -4.401293980547588691e-01 -2.944448459437841725e-01 2.516299122603947724e-01 -9.295791765844932386e-02
-5.527691184216017295e-02 4.493980534190995524e-01 5.699690859171452351e-01 -7.346905062510776518e-02 8.541156792693355149e-02 6.217290299994945313e-01 4.911020873093465688e-01 1.000000000000000000e+00 7.761950263199001165e-01 9.189518734829144053e-02 2.133075024957157839e-01 2.364695918760973403e-01 5.284025111187395582e-03 -6.016244968786231551e-02 -1.264201169147518566e-01 -1.852167137157539542e-02 1.274044339692380901e-01 3.789855072693718019e-01 1.170673599258579278e-01 -3.076633080810995957e-01 6.729337461628957795e-02 -5.391955501618504731e-02 -1.751232559454371229e-01 -2.370335347244394847e-02 -1.514215425917296749e-02 1.714822324353733884e-01 -1.422925793976330122e-01 -2.840898104967259918e-01 -7.391535371883586718e-03 -2.615593154533695230e-01 -1.474937850819288410e-01 -3.029519970333224288e-01 -3.183688800171987077e-01 -3.552356814820232245e-01 1.515916002986330072e-02 3.679417142020641740e-01 -1.629685271132134128e-01 -2.783110505393946443e-01 -2.946819339837596918e-01 1.106857237547653611e-01 -5.621609834776110370e-02 1.861126273611753146e-02 1.246713256845777412e-01 1.426246927887208846e-02 1.453929308304663104e-01 -1.981747216569038905e-01 -2.894386953396087536e-01 -3.006919691203042699e-01 2.686876614251175188e-01 -4.941713956442777417e-02 -1.192522936039530912e-01 3.252135761819513471e-01 7.640539780269231529e-02 -4.092877726263025040e-02 6.511393835849481615e-01 5.644930403247024886e-01 8.105575692678238520e-01 8.462802595239435899e-01 1.913631154664780509e-01 2.316864153922124359e-01 2.026396716865705994e-01 1.264524266372537009e-01 -1.046569520089838806e-01 -4.792014970750292646e-02 2.278466100240033113e-02 -2.131122012734806559e-01 1.131168397911790427e-02 2.104674760029237590e-01 1.157146074391489643e-01 2.375815624485781430e-01 6.574671435535035802e-02 -5.637171819064516753e-02 -7.363319357605571658e-02 1.422522517131500075e-01 1.782647174714026006e-01 1.747041500104506151e-01 -9.239863963400729574e-02 -2.579560440726079151e-01 -2.200407435792503252e-01 -3.283619063896403567e-01 -3.505108795376932207e-01 -4.072348463499449456e-01 4.820157701233011155e-02 8.576854756581590855e-02 -1.898871786522695615e-01 -3.539947623843184288e-01 -1.780716223104592544e-01 -3.151415941516727548e-01 -6.963165986263875062e-02 -2.005162862022569562e-02 -2.864344553871686072e-01 -2.091498426438053587e-02 -5.731537541097792010e-02 -8.992796387110616949e-03 1.184227011227192705e-01 -4.865135097249336654e-02 -2.544161173824295297e-01 -2.424418767906723615e-01 3.017283847954766451e-01 5.979027857834579018e-02
-7.389543148344214669e-03 2.855701514661507789e-01 5.180869832915070416e-01 -2.172091928200451105e-01 -8.251475426618740117e-02 6.601791606372787724e-01 4.531690284859670736e-01 7.761950263199001165e-01 1.000000000000000000e+00 3.022523051004826211e-01 2.999432983435772471e-01 3.180889150408929833e-01 -1.813239584264437002e-02 -1.935730619115666740e-01 -2.016509552525165561e-01 -1.438173667698911529e-01 6.460149472978622687e-02 1.971621903360266659e-01 -4.786202786090976158e-02 -3.873949913434380221e-01 -1.135478188097484159e-01 -6.852020484832044289e-02 -2.919882021641664882e-01 7.731290392357163810e-02 3.206118376661434843e-02 2.227261564774296043e-01 -1.863434081162033129e-01 -3.002647100446021455e-01 -5.519125523137042438e-02 -2.980134790274350798e-01 -9.740544854574396949e-02 -3.942620524004050719e-01 -4.140966353452775195e-01 -4.625113075438754273e-01 -1.065193199962559747e-02 4.595416187995634560e-01 -1.519863000180618484e-01 -2.986610016540642842e-01 -3.702958611564579616e-01 1.290138459507726432e-01 2.518027820020027514e-03 3.713791571083463472e-02 1.995235267349013963e-01 -3.406957516359682830e-02 1.554374094624341729e-01 -2.883015671721141371e-01 -4.046427216681108274e-01 -3.893158026715383691e-01 3.873888775285754260e-01 -4.023687282057768905e-02 -1.390366819015816380e-01 2.048453921289617452e-01 -8.573674448435662787e-02 -1.755052136429419429e-01 6.571300755924985859e-01 6.767192619970034961e-01 6.580255173539384383e-01 8.473636418656808056e-01 3.388775564315587019e-01 2.669509043895662015e-01 2.411036065449300714e-01 9.057909047500871391e-02 -1.489670525371218357e-01 -8.925507419704875600e-02 -9.321967619606796873e-02 -2.574017563647431062e-01 6.672179836696615074e-02 1.013531625796092878e-01 -1.011671271195833596e-02 4.794667107304279724e-02 -7.262389805124597197e-02 -7.353277500803853672e-02 -1.663974943570218912e-01 1.957219997625083141e-01 2.309885596066022229e-01 2.277783529577293853e-01 -1.154028568183683157e-01 -2.251126538652145626e-01 -1.670165450783329120e-01 -4.163995376002933568e-01 -3.316724826844527629e-01 -4.666435184058663199e-01 3.946148073836465431e-02 1.124605321105946049e-01 -1.559124245848188539e-01 -3.992228278107397554e-01 -1.792061125027692714e-01 -3.777236193895235350e-01 -5.349300485993534193e-02 4.564126464213634493e-02 -3.588411344846458295e-01 1.655260622595244174e-02 -1.644006991851403032e-01 -2.768208552523920146e-03 2.094718886269558433e-01 -2.158181330885811447e-02 -3.153851966634475534e-01 -3.247156142296017123e-01 4.550185194586756632e-01 1.372408286475280681e-01
1.734984079042591887e-01 -1.283226985580990243e-01 1.116732963772985032e-01 -2.388541894944681554e-01 -2.733379319969179155e-01 2.935993014260726564e-01 2.620747119896086885e-01 9.189518734829144053e-02 3.022523051004826211e-01 1.000000000000000000e+00 2.692460266561878535e-01 2.408904036797764603e-01 -2.161158824083536101e-01 -2.589639301360514012e-01 -1.840743849776481922e-01 -4.621267335495106432e-02 -2.186312298123613551e-01 -3.812871608115727673e-01 -3.095087271789129790e-01 -4.493114076702170445e-01 -2.726642112204805124e-01 -1.269161180043709702e-01 -2.928454730644870496e-01 2.101913008414755049e-02 5.144483260071989195e-01 1.924893374718759098e-01 -2.849964760301832989e-01 -1.735852408107348144e-01 -1.058307472113139830e-01 -2.187801024445973630e-01 7.720230593910125741e-03 -1.243281337926032959e-01 -1.441413064660140575e-01 -4.122300363899473186e-01 -1.100218461552947558e-01 -2.497554540237062817e-02 -9.305122358553760686e-02 7.751720340072944249e-02 3.176032426277922149e-02 3.352094015376347325e-01 -9.523421108624557929e-02 3.593324378771980410e-01 1.641266772071777735e-01 8.519974275503761768e-03 2.966692711326729751e-02 -2.472503588775647743e-01 -3.216363134139302304e-01 -3.172700914640274039e-01 3.057131216797593920e-01 -1.998432282193619292e-01 4.935143541382085858e-02 -4.366407622055391846e-02 -1.880616034100691669e-01 -2.389088872450527423e-01 2.890304881380798552e-01 4.021566569760940402e-01 2.294021593717003246e-02 1.472523024009072812e-01 5.963979064898486948e-01 1.114206597573159097e-01 1.742443065163412075e-01 -2.201331528171959484e-01 -1.647587245035930237e-01 -2.369043952932903818e-01 -2.251355247764079137e-01 -1.576552188250530673e-01 1.783062040380380686e-01 -2.706865231170675345e-01 -1.371600824140370434e-01 -3.944260705783246834e-01 -2.416043432941512581e-01 -6.994738934655855833e-02 -2.545733117391488221e-01 3.300112286316999044e-01 -1.945715270703815905e-02 3.525938425037962731e-01 -9.190741660704150606e-02 -1.395037597267043128e-01 2.491629272765523428e-02 -1.508021008949555486e-01 -6.557062685670628222e-02 -2.945732068898735956e-01 1.335427586750191076e-01 4.734424708143584321e-02 -1.736263447194943688e-01 -2.666017137170574314e-01 -1.397648844913391419e-01 -2.092909642328255326e-01 -2.237444723899071897e-01 -2.771368609680712955e-02 -1.796295860322655313e-01 2.556721296703860502e-01 3.362087972591109447e-02 3.609486592984128550e-01 3.887477680007248582e-01 3.682895622196841190e-02 -1.920231744259657536e-01 -2.739328533441888203e-01 3.693007499574978980e-01 -2.297844764342978074e-02
-5.192234453239440162e-02 -2.107458140474870179e-01 1.522835670572922906e-01 -5.718950618595491919e-01 -5.187147778035358092e-01 2.927548966137911157e-01 -4.057626853827065588e-02 2.133075024957157839e-01 2.999432983435772471e-01 2.692460266561878535e-01 1.000000000000000000e+00 7.960181017957268512e-01 3.372434902678888013e-01 -2.321007295072515519e-01 -2.708424897762052863e-01 -4.352695108807624336e-01 3.071048365845951977e-01 1.213149278883739607e-01 -1.081260341482283283e-01 -1.942939806841233186e-01 -3.298372652708102537e-01 3.375256174041043611e-01 -2.501551815006345936e-01 5.693995668740069460e-01 3.544954489292095196e-02 7.371620602185741111e-01 1.812376794974444316e-01 1.164284577694794515e-01 8.510362327534252980e-02 -2.700329992495091869e-01 -1.891674366249701533e-01 -5.264552520827610049e-01 -5.523418415113151569e-01 -2.254467025077076803e-02 3.816641090312914431e-01 5.319393198015154312e-01 2.339951804144179415e-01 -5.004166557494215128e-01 -3.280837842231753565e-01 1.411758245514325716e-01 4.785413297446767800e-01 2.950781069778103394e-01 6.282775909026226957e-01 -1.907408678190088483e-02 5.271422418159230627e-01 3.047612652892540616e-02 -1.843828858236131463e-01 -1.594889455002299616e-01 3.932100491415383425e-01 3.043237831959724193e-01 -3.024112912231054495e-01 -2.962002072229362182e-01 -5.220120882286198860e-01 -5.917599485134876769e-01 9.343082539243731388e-02 1.930760515987752779e-01 3.924198515069102916e-02 2.828064541729295445e-01 4.501822354623997158e-01 7.787694124471853385e-01 7.316735902147550874e-01 3.656449704180673721e-01 2.575133210878587098e-02 -2.339841236581649830e-01 -2.445261088486899992e-01 -2.941618688591300379e-01 5.825502102650626651e-02 1.231676030466940935e-01 -3.977640882808569645e-02 -6.912576589515996572e-02 -2.636983289504296613e-01 4.427152795497967808e-01 -2.287434427374321066e-01 3.595353806138766317e-01 5.148145614067729525e-01 6.513669268531170342e-01 4.567330167020729886e-02 -1.215598497013318235e-01 -3.832129646922664556e-01 -5.806635675406357500e-01 7.896078614725886291e-02 -4.576132620912202326e-02 5.127224492557047597e-01 5.559247335209800411e-01 2.544774328430109422e-01 -1.407763712228702613e-01 1.399684098020738954e-01 -1.125929136127029190e-01 2.936787962293020970e-01 4.082169429936468585e-01 -5.803933312365298081e-01 -1.978370380619010327e-01 -6.619061571392985746e-03 3.051085516796882002e-01 6.048715803027440163e-01 9.618160089121885470e-02 1.050403714904005609e-01 -1.508672382930536515e-01 4.361171227003337592e-01 4.198601431198914491e-01
-1.515133447285691992e-01 -1.562626167275915912e-01 1.938740568583589008e-01 -4.528269744197227498e-01 -4.649557084243252092e-01 2.513633509214316941e-01 -1.706298606125246711e-02 2.364695918760973403e-01 3.180889150408929833e-01 2.408904036797764603e-01 7.960181017957268512e-01 1.000000000000000000e+00 3.557269977727507970e-01 -1.025463620823455074e-01 -1.339052030277942951e-01 -4.337115742158437759e-01 4.235957826491382749e-01 1.805496058055156006e-01 3.642821839685375651e-02 -2.223542317677432156e-01 -1.697523966666050210e-01 2.757193736088612845e-01 -1.730394594858739032e-01 5.878779808773739735e-01 3.247415938922233042e-02 7.438574178872154885e-01 1.708865209103558602e-01 1.592226123630039736e-01 2.505298151842760279e-01 -1.320125259703518461e-01 -1.821376814235789454e-01 -4.601024273100012829e-01 -5.160690171803721249e-01 -3.983801774422910530e-02 2.834419892289904430e-01 5.401067690644533181e-01 1.955291939868838424e-01 -4.779630076120147675e-01 -3.600611283192836631e-01 5.513521952118018155e-02 3.384575275168607567e-01 2.118517821123132305e-01 5.216673962664420960e-01 -7.375886914198166722e-02 4.497766360092780857e-01 6.609710905937617176e-02 -1.626857708696334559e-01 -1.697084573950346509e-01 2.576509595962622745e-01 2.465759891803795123e-01 -2.670633106425588377e-01 -2.454184504834512059e-01 -4.901861613551157792e-01 -4.737005923280632746e-01 4.006853314263843918e-02 1.789859752683116978e-01 9.816687991271892677e-02 3.402441120201558644e-01 3.812773646114995807e-01 8.154931319538951673e-01 7.569962638078306938e-01 4.118944421996463268e-01 1.057413789754071687e-01 -1.388152985598543887e-01 -1.174712567399816554e-01 -1.487964010532951409e-01 -1.133530337424291413e-02 2.210198603701420961e-01 1.102035393353697490e-01 9.289559563414344356e-02 -1.000207397141698595e-01 3.902875130043743090e-01 -8.536334466517496444e-02 3.709483190537131714e-01 6.392602836153433721e-01 6.943151230336662705e-01 1.817698438020367846e-01 1.363985557365895128e-02 -3.782164700937840629e-01 -5.027394436914300879e-01 1.258444008645860368e-01 -3.838867339958133840e-02 4.146207326212224542e-01 4.680397580836701543e-01 2.540025925293921127e-01 -1.037834009542896313e-01 1.200745937098755683e-01 -8.044213950064244001e-02 3.509363224001817438e-01 3.442108643509296795e-01 -5.377651800368522528e-01 -2.806370052742472310e-01 2.423849173366084131e-03 2.165134898044886180e-01 5.036732569654777114e-01 5.743850476078139755e-02 1.261905780204398697e-01 -1.011044349407056731e-01 3.611063671891639459e-01 3.439721915899280336e-01
-2.889741489043905487e-01 2.512960087889329341e-02 -3.896208443225810530e-02 -8.690578909856577772e-02 -7.561119437195927551e-02 1.964088449096131062e-02 -1.825277251660942235e-01 5.284025111187395582e-03 -1.813239584264437002e-02 -2.161158824083536101e-01 3.372434902678888013e-01 3.557269977727507970e-01 1.000000000000000000e+00 3.134498127139617729e-01 2.285155605721730931e-01 -3.259899849743738143e-01 7.051831018803667028e-01 4.740159777623237369e-01 4.185938929909454598e-01 3.056681293129417942e-01 2.011117776511701649e-01 4.956345116066783740e-01 2.685347147240468857e-01 3.294826867171044005e-01 -2.341217200985794833e-01 1.608351183537762574e-01 5.485676166353791183e-01 4.331190768206682473e-01 3.883612957510184649e-01 2.567962578974258281e-01 -1.452178693309135737e-01 -1.713310771495684670e-01 -2.194080491166894575e-01 3.421946417443483823e-01 3.735458435938346367e-01 2.709057512250715449e-01 2.567443995138253832e-01 -3.481641520696126535e-01 -2.429625207574511725e-01 -1.228101757310976899e-01 2.318357923991520575e-01 -2.792693781028087741e-01 1.477176583531440712e-01 -2.120020450391027766e-01 2.524560344037332094e-01 2.956422194023427541e-01 2.960507341332355158e-01 2.917095337869701210e-01 3.747566551708764876e-02 2.321584989135738741e-01 -3.068721570662557574e-01 -2.035209896741335955e-01 -2.362611444881184408e-01 -1.289439322050116299e-01 -1.727122003517499171e-01 -1.400467030136155477e-01 -1.437924470492381139e-02 2.283899158692855383e-02 4.491747414146411710e-02 3.235140932819943194e-01 3.991851064840343799e-01 7.968817920261098697e-01 5.868496761933235106e-01 2.508736625881532456e-01 2.870429591925792168e-01 1.901998315971483722e-01 -1.134702744991226558e-01 5.954701157178218240e-01 3.274894032351827189e-01 3.136032490002243489e-01 2.094625768683709699e-01 5.056074067504467973e-01 3.334292732579081653e-01 -6.386837693508262692e-02 5.726780245906162303e-01 1.577962950687293586e-01 4.131318607444928737e-01 3.585453869616578304e-01 -3.729892926616991677e-01 -1.782372135678355896e-01 1.476118547049297680e-01 1.701530645978970580e-01 7.404176225793315802e-02 3.146349877139758555e-01 5.813439212343955997e-01 3.043895717875262918e-01 2.399342816278826895e-01 2.196006579907582024e-01 4.182195936762678201e-01 1.030583058154814213e-01 -2.532961202297367986e-01 -3.048199869639440229e-01 -6.406274668926718874e-02 -1.440093027268587456e-01 -1.352805725865761748e-02 -5.277336531265815200e-02 3.290959403917409487e-01 3.407246180829217597e-01 2.262843980530869145e-02 7.809198348841828174e-02
-3.720737207030954119e-01 2.987934127412976149e-01 -7.482037442097387581e-02 5.563439801766977277e-01 4.948981087064778239e-01 -1.863737034488970878e-01 -4.251399690740835513e-02 -6.016244968786231551e-02 -1.935730619115666740e-01 -2.589639301360514012e-01 -2.321007295072515519e-01 -1.025463620823455074e-01 3.134498127139617729e-01 1.000000000000000000e+00 8.505826366116399084e-01 6.151387410125867816e-02 4.005847856397939388e-01 3.547250956495949792e-01 7.452539697960590681e-01 3.833410310201519899e-01 8.072562087402107567e-01 1.138200340402998993e-02 8.451093582389177516e-01 -7.947561998880306455e-02 -2.536530796755231409e-01 -3.338839921502990693e-01 3.228738676122109852e-01 3.423900427715412254e-01 5.028083718935103530e-01 8.307567551239986026e-01 -2.266415050000167297e-02 3.471159423309674308e-01 3.415273796174174148e-01 3.049678932060005399e-01 -8.954265532445578046e-02 -1.629531800295832555e-01 8.832575643001666643e-02 3.927809557081949482e-02 1.928919707680901430e-01 -1.758631458838171568e-01 -2.393722690355049865e-01 -4.897562897232966561e-01 -4.371114642051325272e-01 -5.400548209773606972e-02 -2.350619615063891665e-01 4.537847320235012250e-01 6.919482362569128187e-01 6.228488542102237346e-01 -3.418423812754748381e-01 -1.851856017920924247e-01 -1.234372764397882738e-01 1.100968084695147786e-01 2.498024175137636693e-01 5.240186979232716036e-01 -2.532288347340841406e-01 -2.887575882647033798e-01 5.465002819825145325e-02 -6.887554081971214437e-02 -1.963002896679003351e-01 -8.807104364780914130e-02 -9.733401724231556529e-02 2.537136975437241371e-01 6.960216468945549240e-01 8.052271784800897336e-01 8.330696226581402186e-01 8.162920976383947202e-01 -2.000060811606348687e-01 5.585895395471305314e-01 5.139932710159348384e-01 4.844807193840075521e-01 8.162989134419409432e-01 7.021977465221770909e-02 8.705255286155705319e-01 -1.961887780830718631e-01 1.726099762928315628e-01 -2.800624249207190886e-01 5.546942863106377741e-01 6.984762578094233509e-01 -1.319665060541151125e-01 4.041143960027835380e-01 1.762303163108903670e-01 1.808516148293720649e-01 -3.766489263641166763e-01 -2.074803991029091355e-01 2.711585341896974866e-01 6.139323525492393907e-01 1.494357945225331386e-01 3.759489716144983062e-01 7.064637466209952588e-02 -2.120440811215920929e-01 2.680999432793086390e-01 -2.347628116253905051e-01 1.521425650580493227e-01 -3.474919135176636198e-01 -4.841335838207757591e-01 -1.271166044927304617e-01 3.780267214931596897e-01 7.545916314885370291e-01 -3.452246528997722219e-01 -3.524934494071123026e-01
-3.480486682659106323e-01 3.166084103302221897e-01 -1.421259434688887935e-01 6.000976836661258140e-01 5.225492212173109552e-01 -2.236233245827580485e-01 -1.070537970195916122e-01 -1.264201169147518566e-01 -2.016509552525165561e-01 -1.840743849776481922e-01 -2.708424897762052863e-01 -1.339052030277942951e-01 2.285155605721730931e-01 8.505826366116399084e-01 1.000000000000000000e+00 7.055182930886762238e-02 2.681997634518868967e-01 2.181392101031885411e-01 5.758922808638763380e-01 3.320164336761325385e-01 7.312934738090435260e-01 -8.703895205339712282e-02 7.904974035840506286e-01 -1.253617499682445902e-01 -2.034390994162011967e-01 -3.713308124191738724e-01 2.641435257365680189e-01 3.611557047387710662e-01 4.395816555535940751e-01 8.766099218379328484e-01 -1.534311079344123641e-02 4.467644318860377051e-01 4.068233685438924496e-01 2.133487896957480534e-01 -1.357572042022787695e-01 -2.325272494777346488e-01 9.322810619375658525e-02 1.394540934329487059e-01 2.597353117317448001e-01 -1.933862073217842703e-01 -3.183041531644507094e-01 -5.026126699512717400e-01 -4.854494569068029119e-01 -3.112334488622009454e-02 -2.775723188879105630e-01 4.215442276317341586e-01 6.322574210826220620e-01 6.115034559518162105e-01 -3.609738544588533271e-01 -2.190176091634351285e-01 -6.837982554420503345e-02 1.276637545156138198e-01 2.542662090521158325e-01 5.687369741843840698e-01 -2.676804291304012984e-01 -2.878584207769399050e-01 -1.033273827167481779e-03 -1.087535961979053806e-01 -1.427645949128219238e-01 -1.513919549142208887e-01 -1.426058036439815102e-01 1.546182481338727599e-01 6.293417869039583668e-01 7.847531495582104055e-01 8.337693726067024746e-01 9.173408005590764080e-01 -2.212276087972223637e-01 4.143770338445824652e-01 4.173584245136953141e-01 3.413674847868605200e-01 7.759026872537763131e-01 -1.602235870109080390e-02 8.302895145379075581e-01 -2.201033867669796862e-01 1.071415506460214745e-01 -2.841912249518267486e-01 5.404691419275888808e-01 7.440069712739160179e-01 -5.887529904718523388e-02 4.992645193500150902e-01 1.409349328086301756e-01 9.052978810062738135e-02 -4.204295565482505936e-01 -2.665879602503197221e-01 2.339714443459371962e-01 5.581154806857423489e-01 1.541262955182492456e-01 4.161371918821462623e-01 1.797966628517012888e-02 -2.644047029148914318e-01 3.327424712459814415e-01 -1.710899139906564004e-01 1.735538141735590845e-01 -3.289669083566334473e-01 -5.047516208684719174e-01 -9.458914566552865943e-02 3.792912946472792868e-01 7.461652952872278588e-01 -3.667052124875722074e-01 -3.703804672129758502e-01
