1.000000000000000000e+00 -6.993379784239699137e-02 3.851037856464152309e-01 -2.015982499004684292e-01 -7.991414492997846175e-02 6.272356045266477831e-02 -6.117477060534108613e-02 -1.049991025978586207e-01 -1.381171171492926453e-01 7.398681092780486079e-02 3.589086790139820599e-02 -9.790590314205969980e-02 -1.138512981247164074e-01 -3.455353365224566597e-01 -2.733875199243686049e-01 6.216847248439748980e-02 -2.266010827876294154e-01 -2.470068207974356889e-01 -2.649131099075258677e-01 -2.574893347992199821e-01 -2.121819180883995071e-01 -1.385308904685381703e-01 -3.314621464962521080e-01 -8.320720991460002491e-02 1.656977034833236329e-01 -7.874335098417475920e-02 -1.958302158961996997e-01 -1.365640633045825392e-01 -2.722335524993100275e-01 -1.922350025439191201e-01 6.439879305360812767e-02 3.790116363752644990e-02 -1.842943384490841885e-01 -2.055585483763462673e-01 -1.635693762926435091e-01 -1.498972427046735001e-01 -2.260672654068723586e-01 2.849408562898547159e-01 -1.066397298019337025e-01 8.141929313370367205e-04 -8.687650942885262462e-02 9.766381760262864142e-02 6.321542623778285408e-02 -1.654105093145374350e-01 -4.722631006239059320e-02 -1.508797099332206681e-01 -3.279037149404197549e-01 -9.859811068092584618e-02 1.266991368400163798e-01 -1.305399503481036172e-01 5.598275363651321612e-01 1.675343185284301206e-01 -1.551084683674024967e-01 -3.509141044992562519e-01 6.092109329185207978e-02 2.500238971055616655e-01 -1.885431309109907028e-02 -1.325045620554335113e-01 1.182867312098016682e-01 7.345798968317748812e-02 -1.444440128177658933e-01 1.109056919611976083e-02 -1.425642189537809912e-01 -2.220118799648933550e-01 -2.326879627607975343e-01 -2.717987245679178154e-01 1.794763372864615139e-02 -7.626478354818885808e-02 -1.755272760259168063e-01 -1.453352831214785312e-01 -1.911924997944582094e-01 5.411179520472034210e-02 -2.982492055440347234e-01 -9.243336995347409268e-02 -8.331594561824068323e-02 1.065174938930575771e-01 -1.845657402507333289e-01 -2.413586020243768393e-01 2.819688439010395800e-02 -6.281603792697663946e-02 -3.537211608492104448e-02 -6.124749926183156723e-02 -4.655870129826695375e-02 -1.142723067193607001e-01 -1.976978911907703584e-01 -3.225668960570081123e-01 -3.060209002062109773e-01 -2.872039572771903915e-01 -1.968619055213610691e-01 1.190055598430754015e-02 -1.332096409150477501e-01 3.698409404827742719e-01 1.972447006232786598e-02 1.113254498726849728e-01 8.373784765808581221e-02 -1.142553058581144421e-02 -1.594110349492043333e-01 -1.222130475434874547e-01 1.743230222591725387e-01 -1.405273128475137134e-01
-6.993379784239699137e-02 1.000000000000000000e+00 5.579545670983475647e-01 6.831780346988941544e-01 6.154752968382679601e-01 5.791359403138206519e-01 5.234396933944300834e-01 7.309688467203208084e-01 6.666796849118369339e-01 -8.252728023953423420e-02 5.147639894344994971e-02 1.870472965938460574e-01 3.136074174540932069e-01 1.976560433630814573e-01 1.227408705192644250e-01 5.131485512948729122e-01 2.771158126534351007e-01 4.025001358271567131e-01 2.839182478313131419e-01 4.402939100039596210e-01 3.005196741154786966e-01 2.181463522606188754e-01 1.676771265592647830e-01 2.552254007791048829e-01 -8.859540340525691449e-02 4.567061896056771181e-02 3.978919757459386530e-01 1.158334531714555332e-01 4.495026639742070729e-01 4.655267037121736673e-02 -1.751581362331172120e-01 -5.211451794601499321e-01 -2.622228018702497665e-01 3.164065408677157465e-01 4.759492129607176825e-01 5.008312769432670120e-01 1.967576963747482421e-01 -3.308181586687915510e-01 1.700955705397022288e-01 3.450370420438717556e-01 1.075757218225001505e-01 -1.550998405311289075e-01 1.123233553768799298e-01 2.890879315928497340e-01 1.719626664164456142e-01 3.604811618941359264e-01 2.783137939062098332e-02 3.508234082952894628e-01 4.998169115965203080e-01 4.145815406903377576e-01 1.733374923707051369e-03 8.237209244004232156e-01 2.773698770731188867e-01 5.722997457734717575e-01 5.455306537820383550e-01 5.403661529406968977e-01 7.038232784854616675e-01 7.141592016159725720e-01 -1.961112259238336972e-02 6.463548706894693685e-02 1.855053274676334851e-01 1.165118644646037649e-01 1.479501167185412816e-02 2.232377440476406572e-01 3.446374726358094054e-01 7.208875547932788730e-02 6.632375736239230768e-02 3.673799800002353622e-01 1.980698689363814824e-01 3.329564503259644370e-01 3.319709265569451562e-01 2.395993091369640893e-01 5.726207754481213441e-02 2.920984552476393881e-01 3.242309604680732038e-02 1.226340162174475723e-01 2.804061163315220706e-01 -7.138621821371675391e-02 -4.523281284022960813e-01 -4.903325988899286947e-01 -3.673355866187324459e-01 -1.912859638232648485e-01 7.150225839976127873e-02 2.761147549614499930e-01 2.218934251946821090e-01 -2.508052033690187921e-01 2.108697898066581033e-01 6.608563696449798464e-02 4.484678310737582052e-01 -1.333517842504366169e-01 -4.337367193037110491e-01 -1.504531279180810477e-01 -1.402495894140004529e-01 -1.552387514892094034e-01 -1.557584690280005776e-02 4.168590950618936142e-02 2.550356319161082852e-01 1.351418334792016118e-01 4.862490123684043430e-01 3.515718734085671038e-01
3.851037856464152309e-01 5.579545670983475647e-01 1.000000000000000000e+00 8.751601958982255236e-02 3.152244379219763526e-01 6.780689893553444314e-01 4.614559897913458331e-01 4.539710162496851664e-01 5.255742267896466036e-01 2.058091560264153630e-01 2.496405104117818408e-01 2.843048940310549111e-01 2.993706696074003304e-01 -1.151634666728727080e-02 -6.632686458629417914e-02 3.122460414021516750e-01 1.629483578737026261e-01 1.770093918822361057e-01 1.356379948648385181e-01 2.184052766541366986e-01 1.747053521728706704e-01 2.159340900327917367e-01 -1.004865916754919541e-01 3.550433082665723772e-01 1.987625795305926202e-01 2.057333012967227648e-01 2.560701227122139101e-01 4.466957133410533187e-02 2.435096579576467579e-01 -1.033537180657603249e-01 -2.214494570279571806e-01 -5.096098365575567612e-01 -5.143474602580908606e-01 1.834809578742702674e-01 4.072021866446047245e-01 3.319250182619203349e-01 1.117950953110516815e-01 -2.324161388919846610e-02 7.312137401942477022e-02 3.665525460792213863e-01 2.504045908374861185e-01 1.068330351971147757e-01 3.865451008579242620e-01 1.960813812141894985e-01 1.918794767309301152e-01 2.781825637871218060e-01 -1.463708601259001429e-01 1.869999961714491621e-01 5.778171836248400250e-01 3.423900800103972242e-01 1.403680157360941150e-01 6.953678645111783796e-01 -5.767337117647969302e-02 -2.149471023911542558e-02 6.156726075421357081e-01 7.850952261361513473e-01 4.471610532823883100e-01 4.760344401992447905e-01 2.754444442166290585e-01 2.553244437149103097e-01 2.050168279621677470e-01 1.502460768610083819e-01 -9.302560039214041385e-03 4.115951968595492338e-02 1.395998117386717807e-01 -1.185561967107960080e-01 1.720549282656555212e-01 2.669344997654928830e-01 1.043053583901722703e-01 1.780511846027514056e-01 1.715344142726566157e-01 3.786797321505950831e-01 -1.402568051130916316e-01 2.238439744451967695e-01 4.109061723307473601e-03 4.849152150077993828e-01 1.360977030388802189e-01 -1.863515310025946059e-01 -4.639393266664241233e-01 -5.571232594362660606e-01 -2.093234715643066401e-01 2.503722332324891456e-02 4.229132519257887413e-02 2.789303863567511588e-01 7.863851678784505861e-02 -3.698097457077219041e-01 2.848371258543849413e-02 -8.111082557975175800e-02 2.703931406672364646e-01 8.241391721280208471e-02 -5.719384768961910392e-01 2.351378058284735451e-01 2.199289780513504194e-03 6.366141589226397002e-02 3.051529070223845119e-01 7.764376378496885833e-02 1.334199901012465272e-01 1.552192349597567890e-02 5.979346887439020986e-01 2.772912169462579124e-01
-2.015982499004684292e-01 6.831780346988941544e-01 8.751601958982255236e-02 1.000000000000000000e+00 4.804897846259238992e-01 1.210724007237172772e-01 2.097849232189251123e-01 5.327361388643070406e-01 3.156032153490422876e-01 -3.359237859917519331e-01 -2.854836058256625397e-02 -3.082973146176221785e-02 2.310790783744340882e-01 2.969028400326105266e-01 3.125227470310301681e-01 3.174948570902461076e-01 1.989117566567696616e-01 3.202983770999355273e-01 2.396008235117744467e-01 4.456270328426943927e-01 3.118951828824597095e-01 1.420908491138857810e-01 3.424575113710702778e-01 3.269928983589324295e-02 -3.287809668391443729e-01 -1.450515982776472701e-01 2.494474299563293473e-01 4.135576770840906913e-02 3.447364359862039596e-01 1.148791141865103393e-01 6.140353010819715740e-02 -5.607717019298533861e-02 1.259520695361049658e-01 2.434221336241698952e-01 2.568159723333600097e-01 3.734189822330526431e-01 1.413783625848168690e-01 -2.778348301189038083e-01 1.569573090418501515e-01 1.788793868120657771e-01 -2.236953187313276900e-02 -3.914353753152683413e-01 -1.761785583314717518e-01 9.463841677539476527e-02 8.594163424836634424e-02 2.249380546537648184e-01 1.872515958694036808e-01 3.112326831541229466e-01 1.977277578392394874e-01 3.101103901647185856e-01 7.514174157989819691e-02 5.383945854620157956e-01 3.418296698278786572e-01 7.133625780980593634e-01 5.024429180212648671e-02 7.145910469791724728e-02 5.170516207408294429e-01 4.444608840682744422e-01 -3.422815305921728113e-01 -9.117093062454442731e-02 -1.923605691162156434e-02 5.929707384650263757e-02 7.323124125089773562e-02 3.045569101431900294e-01 3.826709762256102487e-01 2.915421233222367237e-01 -3.948440580931350530e-02 2.149484345370557825e-01 1.800219150740966223e-01 2.678201540533480807e-01 3.796742714906151117e-01 3.983601496871993358e-02 2.034542693088560450e-01 2.249521325667486749e-01 -8.673880461672364706e-02 -2.541521171953682323e-01 2.778813164947360748e-01 6.005578897914756048e-02 -1.858566324711740381e-01 1.355633764585069054e-02 -2.992746967928197610e-01 -1.528179256657314355e-01 5.389093618606253383e-02 2.440626069763085146e-02 1.554223506886965867e-01 2.926099736299984932e-02 2.092430816231227730e-01 4.403602945345905240e-02 3.793883699527447750e-01 -1.138285996725956900e-01 -3.433103453907512814e-02 -3.051148744836477134e-01 -1.896016634676257195e-01 -2.874902030999684777e-01 -3.206200653252835320e-01 -8.131835725263605874e-02 2.112229529547134388e-01 2.034997993361621627e-01 1.830901116384745508e-01 3.039199260492995158e-01
-7.991414492997846175e-02 6.154752968382679601e-01 3.152244379219763526e-01 4.804897846259238992e-01 1.000000000000000000e+00 4.892843165614412793e-01 2.742462729324640636e-01 4.543933065959538387e-01 4.915510657286528140e-01 -1.871451686050661922e-01 2.097265471171805007e-01 2.441303231131410623e-01 2.889231255066557202e-01 2.718588128430480810e-01 2.024971991179422282e-01 2.701456548614787345e-01 2.699249985078764347e-01 3.550396546408080556e-01 3.014464817882085979e-01 4.308504744026808164e-01 3.452551571425267474e-01 2.406772047762514855e-01 2.480561938234116803e-01 3.090526587101048994e-01 -2.401944448529205189e-01 1.792907620374107613e-01 3.294014711252137850e-01 1.740856586598596156e-01 4.091361004828848458e-01 5.516729068332058145e-02 -2.036776141942966412e-01 -2.546242263294995478e-01 -8.830254087807769270e-02 3.020619249134458006e-01 4.134944430876228427e-01 3.726618822712395862e-01 1.922164298926011261e-01 -3.630838369832693480e-01 1.321409095848537218e-01 1.667837106005888304e-01 1.347179906424890161e-01 -2.196155213241366699e-01 2.591440814861114758e-02 1.655674144748605359e-01 1.256717855771160297e-01 2.737738046784273793e-01 9.037015380016372168e-02 2.223453366495664607e-01 3.171294371875601481e-01 3.898980247214747785e-01 -9.581462439913580875e-02 5.179240920935851422e-01 3.001574960784484380e-01 5.309870832741059310e-01 5.582864611493090212e-01 3.615017330702389731e-01 3.865976804881008921e-01 5.087423428821736815e-01 -5.649472358616729195e-03 1.815704619235486150e-01 2.619950948114459499e-01 1.468384522114027924e-01 1.119614478964676002e-01 3.134740807585191247e-01 3.977775194784644586e-01 1.781607107590373051e-01 -6.944909119471144587e-02 3.350931374867753276e-01 2.712962175066683246e-01 3.079387700807987294e-01 3.985905750217257348e-01 2.380436668756411023e-01 1.532108048627605079e-01 2.458131647481719140e-01 2.267145801435982710e-01 1.003145204588603255e-02 3.162461239947801372e-01 4.376226418382019034e-02 -3.267780540776007436e-01 -2.232514413998586134e-01 -2.537423741291304213e-01 -1.435286591991917493e-01 -3.509645268922541306e-02 2.846558693907150217e-01 2.327702067539642594e-01 -1.842930133134947079e-01 1.201801570176943695e-01 3.092158299812366312e-02 3.903789286890394505e-01 -1.525313767509078322e-01 -3.462536911760786262e-01 -3.119146753431769059e-01 -1.171321446399996441e-01 -2.346370471643491606e-01 -1.192823817192515193e-02 -8.438524781544150255e-02 2.376285926980063468e-01 1.011179324966174770e-01 2.780641173357515927e-01 3.321848773127347720e-01
6.272356045266477831e-02 5.791359403138206519e-01 6.780689893553444314e-01 1.210724007237172772e-01 4.892843165614412793e-01 1.000000000000000000e+00 5.271532879384271952e-01 5.254301227036691779e-01 7.268024748590203865e-01 3.080751286854723214e-01 2.778875322924542202e-01 4.227237876082158841e-01 4.372386327276173712e-01 1.738814015447254224e-01 8.586280303441679029e-02 2.947268397110970883e-01 2.931234758716129707e-01 2.977856853416637750e-01 2.989785969322485970e-01 3.832751830801635617e-01 3.171157945222406460e-01 3.055350999925112165e-01 5.033963797197464618e-02 4.936938107018872257e-01 1.766698926447372309e-01 2.736201804325159581e-01 3.907887041186760557e-01 1.098486120882488648e-01 4.730370754318701243e-01 -1.029970507914256157e-02 -2.887302606507324287e-01 -5.269263253167967287e-01 -3.571269720669337233e-01 2.937155052798135491e-01 5.445870960966454621e-01 3.963682030539870116e-01 2.164004567678264324e-01 -2.561645450847938599e-01 1.598521611938767961e-01 4.101233360620417101e-01 3.304594920566523708e-01 1.532115150352664767e-01 3.986874542446402492e-01 3.545671871217990767e-01 2.680539763544407816e-01 3.705906096072049127e-01 -2.905748578499329701e-02 2.212142134399169013e-01 6.950595776620612787e-01 4.842689920361574751e-01 -1.332011660009062570e-01 6.068187024259108497e-01 5.549624596507891916e-02 1.976938028075944931e-01 8.481125352818028595e-01 8.351570142680377895e-01 4.388049021717630449e-01 6.274994024425443184e-01 4.123305625054525247e-01 2.673417561647112306e-01 3.518131819930321869e-01 1.797582391150204795e-01 1.224826418640930781e-01 2.125289159413839557e-01 2.934463675083955336e-01 4.152182429407689362e-02 1.259677133429765172e-01 4.001048221043937425e-01 2.450840854639746436e-01 2.588676645763773876e-01 3.297466258204669876e-01 4.447714300344594029e-01 7.007992399479899678e-04 3.025140674783642347e-01 1.825752067598040984e-01 4.524568796478282140e-01 2.902941191187581316e-01 -3.318207829819319610e-02 -4.914240335954468963e-01 -5.709837475388339634e-01 -2.106056821165857851e-01 3.654948505587009202e-03 4.884329987351981872e-02 3.728742401666793604e-01 1.725172785021451827e-01 -2.909125974584587104e-01 1.474545366938263269e-01 2.305878813263581920e-02 4.050196579161036148e-01 -1.218514654581699577e-03 -5.448502842944086266e-01 1.286835763963747881e-02 2.182488050908371405e-02 -1.460155595009858705e-02 3.128741187929953704e-01 1.309615722807051241e-01 2.114096423202178054e-01 1.011700586276823889e-02 6.780943654617055394e-01 4.336525983489030733e-01
-6.117477060534108613e-02 5.234396933944300834e-01 4.614559897913458331e-01 2.097849232189251123e-01 2.742462729324640636e-01 5.271532879384271952e-01 1.000000000000000000e+00 6.370577204862902798e-01 6.141207386885110253e-01 2.835081007890877247e-01 1.546554834148091140e-01 3.899447251278616022e-01 2.446094670186352571e-01 1.463155384274410498e-01 -3.309635303762548802e-02 4.407766792661453881e-01 3.187674737220799748e-01 2.721893895101554217e-01 3.180018811583503191e-01 3.050269606483624885e-01 2.045148018868826745e-01 2.411508393815350315e-01 2.804658690259305247e-03 4.024859049697264712e-01 7.666048612980488897e-02 2.138102867846627675e-01 3.407680715320620668e-01 5.509739677208110725e-02 3.453269445431499385e-01 -6.282261262490305975e-02 -2.726618694157867395e-01 -5.223799011420078298e-01 -4.169635310188427035e-01 2.445120499315939222e-01 4.232908625217369214e-01 4.805070107648202749e-01 2.336786131122491339e-01 -7.618088707197340215e-02 3.254908074333591750e-01 5.980236824239658633e-01 3.347272625886059672e-01 5.282777251223645665e-02 3.596341300113296557e-01 4.320015666471538895e-01 3.209841831966643300e-01 3.881996965818791945e-01 4.443500309472183524e-02 2.532967769275830117e-01 5.433045550764055154e-01 4.945102107745511510e-01 -2.143809410844341734e-01 4.677583710777197812e-01 1.353967949479048527e-01 1.530890327095621173e-01 4.530822414789179020e-01 4.937179931488027140e-01 5.754909292026513246e-01 5.920565024057290460e-01 2.153187622054972827e-01 2.246837117674908846e-01 3.176409499673418235e-01 1.451254601605672379e-01 -1.047400662472124794e-02 6.713375630742370037e-02 1.430362745608125818e-01 -6.527556641087346734e-02 3.672163330694742656e-01 4.196202778432176483e-01 1.222595427825694525e-01 1.727977811350981385e-01 1.532767796208585886e-01 2.372377642213228666e-01 -1.154187539300793458e-01 3.761245756586459876e-01 2.610185781201041499e-01 2.681930937034026630e-01 1.405654887976357514e-01 -1.448908674255084961e-01 -4.950775554783503063e-01 -5.296697766251653450e-01 -1.787333326899029629e-01 -6.461020315323226515e-02 3.400682728180257075e-02 2.162976694603513661e-01 1.159215689876374605e-01 -2.357660229887482140e-01 1.663430021045235463e-01 3.638449187454959044e-02 3.390547829467036034e-01 3.331140091142152106e-04 -4.871663000979212788e-01 3.745582783700970777e-03 9.168269888956152858e-02 -1.325652241243580887e-01 1.152379540991640972e-01 1.852400893998837061e-01 1.914245866716853262e-01 -2.093693462658382728e-02 5.091343457039049225e-01 3.811768366183421186e-01
-1.049991025978586207e-01 7.309688467203208084e-01 4.539710162496851664e-01 5.327361388643070406e-01 4.543933065959538387e-01 5.254301227036691779e-01 6.370577204862902798e-01 1.000000000000000000e+00 7.705910592085830624e-01 1.089568843099958731e-02 3.204873485403683664e-02 2.297946619196469531e-01 3.112372723632930716e-01 3.434285533060962292e-01 2.177750091591322268e-01 2.876395712164842022e-01 3.890136418650618211e-01 5.437787681117650651e-01 4.088799283194586298e-01 4.315772658790101302e-01 4.001398269281429831e-01 2.443879560427622277e-01 2.972362425020436127e-01 3.617078114436447223e-01 -2.221469308308716695e-01 8.404232861455436521e-02 4.111084478151367794e-01 1.785857551581079283e-01 4.562406159645975290e-01 1.094833988688716925e-01 -5.929520995260802868e-02 -4.873543088964737424e-01 -2.710656704483008772e-01 4.419112290143251687e-01 4.514767153505928610e-01 5.910525679616986938e-01 1.796335890038108507e-01 -3.547754595954524248e-01 2.208085123038826258e-01 3.521239367694613542e-01 1.744127528212851830e-01 -1.486492703132370474e-01 1.417257216997939440e-01 3.732968778838003376e-01 1.331802274285769361e-01 4.030251447198439640e-01 7.607024634528605778e-02 3.389935228991758365e-01 4.168655274067052940e-01 3.707901861465726090e-01 7.115989122403553087e-03 7.113469560775169676e-01 2.972200034443250316e-01 3.997119263118547039e-01 4.543862135631239196e-01 4.928360973088817820e-01 8.627997593331245829e-01 8.312406617736971537e-01 -1.338879804548590881e-02 1.932086605066609397e-01 1.937627722848859479e-01 1.178345420023901025e-01 1.015313392538663428e-01 2.870216450624737403e-01 4.160418166346933622e-01 1.873054104506165496e-01 1.431400486078371892e-01 4.646746830786475657e-01 3.191482396437930746e-01 4.774326551962757570e-01 3.785839381396227665e-01 2.779948551299802895e-01 1.554336478889229989e-01 2.456506722965573486e-01 1.525678303327962781e-01 1.211597162543784911e-01 3.233072968605153474e-01 -2.767804401478972734e-02 -4.482314307671769749e-01 -4.296738467270131978e-01 -2.398644150407197306e-01 -1.412964309663106433e-01 2.990653042557428476e-02 2.477229512668444045e-01 1.495738046593818593e-01 -2.348844186991935479e-01 1.681480352922243016e-01 6.927709023498501706e-02 4.484072079359876506e-01 -1.339302636512977596e-01 -4.058226254961702084e-01 -1.750756614810676792e-01 -1.857097512896086211e-01 -2.608369122403974560e-01 -1.450664195272774459e-02 1.107123255911220822e-01 2.290580862890815306e-01 1.067883945814773611e-01 4.256071670629562598e-01 2.547531075874031603e-01
-1.381171171492926453e-01 6.666796849118369339e-01 5.255742267896466036e-01 3.156032153490422876e-01 4.915510657286528140e-01 7.268024748590203865e-01 6.141207386885110253e-01 7.705910592085830624e-01 1.000000000000000000e+00 2.937142998294199267e-02 1.865811784691039366e-01 3.833246617298445846e-01 4.376550105508724697e-01 4.025593771885828120e-01 2.602918528801003162e-01 3.001245675982107119e-01 4.605322094341459116e-01 5.775285488673317369e-01 4.975154963240071559e-01 5.321041884667204735e-01 5.011047739408295287e-01 3.034093592560314079e-01 2.997822221680648824e-01 5.197434083484033795e-01 -1.615306417309081144e-01 2.021050951228322290e-01 5.413633584033928914e-01 2.171396504116081538e-01 5.464431745785287564e-01 9.918409799091229551e-02 -2.229605953276025676e-01 -5.427253873275174056e-01 -2.920847733170582328e-01 4.742538370879889609e-01 5.660601535870836143e-01 6.328788651333866477e-01 2.495553957431685954e-01 -4.338985249520354026e-01 2.519374160239173377e-01 3.262288668765675470e-01 2.874517158656461624e-01 -1.545786005997510093e-01 2.151812621808763537e-01 3.564058458307078348e-01 2.142618741195582710e-01 4.561853916049363189e-01 1.110941890474470561e-01 3.539306671254056624e-01 5.249292444559802151e-01 4.616855284950320271e-01 -1.448428371421992544e-01 6.397370382600177097e-01 2.542101706624487756e-01 3.636448156033431633e-01 6.446807546731433414e-01 6.528899287009621855e-01 6.556121918373050139e-01 8.853607474744983330e-01 1.040114460889897813e-01 2.815618831631532260e-01 3.296732530435555475e-01 2.079854374384253468e-01 1.787390495542506563e-01 3.550170102020423490e-01 4.911635912484075273e-01 2.192654979154288752e-01 4.269478055903739439e-02 5.392431601758601589e-01 3.977170480306563283e-01 5.024493637976685800e-01 4.863933350447122161e-01 3.585691164841158796e-01 1.692536410704480188e-01 2.293285791406723395e-01 2.598714600429085642e-01 1.836462537741767598e-01 3.904868192097777357e-01 8.833008415111084921e-02 -4.900860552379374124e-01 -4.838606557886043213e-01 -1.902214194858824481e-01 -5.722036228390178780e-02 -3.185972026138647606e-02 3.556387087112427015e-01 2.643072376692488512e-01 -2.690748197293714172e-01 2.141211768693877249e-01 1.328457961080264094e-01 5.265067561777511118e-01 -1.256838796980543627e-01 -4.821939779259179493e-01 -2.272296397604491036e-01 -1.794867389273388514e-01 -2.952585887307067058e-01 3.074465264362363781e-02 4.431408876932909496e-02 2.897286699982595803e-01 1.315845742189059031e-01 4.767562198397736206e-01 3.561568283752542530e-01
7.398681092780486079e-02 -8.252728023953423420e-02 2.058091560264153630e-01 -3.359237859917519331e-01 -1.871451686050661922e-01 3.080751286854723214e-01 2.835081007890877247e-01 1.089568843099958731e-02 2.937142998294199267e-02 1.000000000000000000e+00 8.270895502862112003e-02 3.188636212124780211e-01 2.420238342959765004e-02 -3.015264512495945404e-01 -3.063175066086553100e-01 -3.953455807051718673e-03 -1.949785481453506775e-01 -4.053804419864616704e-01 -2.459108303015815344e-01 -2.850001063253419509e-01 -2.123738540873185976e-01 -7.279066709657094902e-02 -4.568067422949582124e-01 1.228762731364596295e-01 6.112619283367516365e-01 1.315632152749737216e-01 -2.124317307518943931e-01 -1.513583434299998476e-01 -4.669655592660251070e-02 -1.812982774102684103e-01 -7.098774239773923689e-02 -2.699704523914894794e-01 -3.035547376072240677e-01 -3.153163282186867700e-01 -7.047556134191564937e-03 -1.311673037783326057e-01 -3.937719116730974828e-03 3.512345567804192603e-01 1.654651037317373674e-01 4.893032922517852046e-01 9.576184104714581535e-02 6.001838620720598705e-01 4.469361228668264907e-01 3.461661839935878393e-01 2.483359354720457712e-01 2.100191312242857128e-02 -3.143570823195469544e-01 -1.861084458033033240e-01 2.682236614075521608e-01 7.610224044555571887e-02 -2.154324023001081556e-01 -2.326191181879331410e-02 -3.440077312111924912e-01 -2.462943463957736612e-01 2.491194338219312465e-01 2.907971748712863125e-01 -5.809365212777327370e-03 -7.069517743109467178e-02 7.834823096817046251e-01 1.461250086920079239e-01 3.008175457135252029e-01 3.316939888493419808e-02 -1.409419135580141369e-01 -3.470490500176980908e-01 -3.707764275551402866e-01 -3.260288014186368266e-01 3.085777563947650903e-01 -1.153023810920874581e-01 -3.089770620551424152e-01 -3.729620148517676093e-01 -3.409390957840091607e-01 4.848348502850460123e-02 -3.942689862757334240e-01 2.604546828779590872e-01 2.652578539398460847e-03 5.161001545587937667e-01 -2.272503810124972823e-01 -2.832561319086157048e-01 -1.386509771922297407e-01 -3.861809385473796707e-01 -1.367732011118621416e-01 -3.731298693026639107e-02 1.669239408352882481e-01 -3.579012109338031156e-02 -2.531552107273632446e-01 -2.093607867534490186e-01 -3.518135094435848043e-02 -1.437566038003981195e-01 -2.194770506298263923e-01 6.740230844983430281e-02 -2.186531097483779273e-01 4.364045520395526401e-01 4.321116772434180353e-01 3.821957885259355536e-01 4.740048813037165965e-01 4.478648419146623039e-01 -1.475913864187788638e-01 -3.264406363003161116e-01 3.227561607826331946e-01 7.823341111428228078e-02
3.589086790139820599e-02 5.147639894344994971e-02 2.496405104117818408e-01 -2.854836058256625397e-02 2.097265471171805007e-01 2.778875322924542202e-01 1.546554834148091140e-01 3.204873485403683664e-02 1.865811784691039366e-01 8.270895502862112003e-02 1.000000000000000000e+00 6.800354423822391192e-01 5.955372960737136401e-01 2.089037040338243556e-01 1.897348966242192458e-01 -6.110400958180651348e-02 3.687433137961712015e-01 1.620224100777012954e-01 2.870197306419661198e-01 3.428836789956818953e-01 3.056083802287658524e-01 4.986844122877917007e-01 9.582956618865023923e-02 6.192025503713689538e-01 -2.508249166984931680e-02 6.217880355888203425e-01 2.223941275184306288e-01 1.047513774626831762e-01 3.302846802299501117e-01 2.107663923889367685e-02 -2.575875347341370358e-01 -2.954801365770443056e-02 -1.998257146209648782e-01 2.778870264926714961e-01 4.406206747876140750e-01 2.641843112282560302e-01 2.621403861670503210e-01 -6.525160354707788823e-02 1.623361182615876419e-01 2.285977622518549357e-01 5.418697059064011556e-01 -1.237733205865710479e-01 3.791722353124352685e-01 1.318827399333724788e-02 3.814553726006758572e-01 2.693703794042242583e-01 1.632270611926931458e-01 1.089684292694417522e-01 3.681529971899939468e-01 5.488671118383183778e-01 -7.370743897313571102e-02 1.060704478435292308e-01 -1.311869070978196605e-01 -1.043230836376812382e-01 1.854139758286961759e-01 2.340970278427626228e-01 2.056235344763191527e-03 1.419411998495852256e-01 2.191951772483781979e-01 6.212168047036741303e-01 4.601499354264506070e-01 4.504433162592678674e-01 3.594925464092849077e-01 2.427931334251578199e-01 2.310945060324789413e-01 1.631081402899824673e-01 4.651263179396970121e-02 3.006079702170056933e-01 2.983273868416344010e-01 1.885633496593854541e-01 3.463842678925290741e-01 5.062236421883392623e-01 3.164824884307668867e-02 2.758555673903242966e-01 2.797502059541696617e-01 2.674629893757751176e-01 3.320448853190388072e-01 1.714749481695669597e-01 -2.991521426296666064e-01 -3.591546064220023371e-02 6.641219548459459388e-02 3.956305072378520360e-01 -5.086015604819701420e-03 2.879696102765412213e-01 7.336868296144616330e-02 1.198552287739891586e-02 1.668765658349709857e-01 -4.254137206128339593e-02 3.308528591821502385e-01 3.198059953485553053e-01 -2.483179527720086044e-01 2.544875065509679193e-02 1.222211745775749342e-01 -1.867250814347869714e-01 1.489578049771279056e-01 -1.312201967582148077e-01 1.436879421392233125e-01 3.882637736289188540e-02 2.641962618009109920e-01 5.338767472387718760e-01
-9.790590314205969980e-02 1.870472965938460574e-01 2.843048940310549111e-01 -3.082973146176221785e-02 2.441303231131410623e-01 4.227237876082158841e-01 3.899447251278616022e-01 2.297946619196469531e-01 3.833246617298445846e-01 3.188636212124780211e-01 6.800354423822391192e-01 1.000000000000000000e+00 6.044194325335405793e-01 2.337064993630335874e-01 1.316264362700955981e-01 2.244111610494673933e-02 4.825069604327383299e-01 1.989709495855003785e-01 3.399865115836011031e-01 2.655492863006181925e-01 2.915866649321167681e-01 4.293844190840256925e-01 4.816865126171870903e-02 6.896330294950652195e-01 8.169381243083780053e-02 6.980136135751419113e-01 2.856023215030941698e-01 2.222842715091470911e-01 3.574295235530537407e-01 4.956010611612408218e-02 -3.042248345109714869e-01 -2.849431417246867104e-01 -3.112992038714557652e-01 2.662818420344177373e-01 5.015479745193773820e-01 3.266740303327463901e-01 3.005969966891571254e-01 -1.344251470716506247e-01 2.279000227524722033e-01 4.093292198349169908e-01 4.955418418739341857e-01 -1.608576102939638167e-02 4.653644891725475796e-01 2.451855737428699777e-01 3.720344683076993730e-01 3.611276483962903572e-01 4.421653694753172742e-02 1.294346079043761921e-01 4.342943328913555501e-01 5.253379738072707639e-01 -2.559584516532604770e-01 2.031080447818965629e-01 -7.115539520124763984e-02 -4.343625581949558251e-03 3.462662422185932565e-01 3.274417456861000719e-01 1.645943873967821158e-01 3.422071759380531097e-01 3.594308762823963943e-01 6.342711454120115722e-01 6.674807886765907750e-01 4.855682057843537236e-01 3.276415407942071534e-01 1.617053579865402324e-01 2.076398776108795141e-01 9.834700623774424166e-02 9.551455185162452399e-02 4.030554679310106581e-01 3.004092807656833508e-01 2.220447125501443797e-01 2.524329940318486010e-01 4.699786757230460799e-01 -4.042103200330231932e-02 2.803018175748868690e-01 4.506384634580583026e-01 4.526866782591152383e-01 2.521267598415000144e-01 1.630546375508867274e-01 -4.072518518661795150e-01 -2.967981102432841189e-01 5.092246828758983934e-02 2.545660975153273831e-01 7.106214236658543910e-04 3.346498212801586880e-01 1.183646016966199421e-01 -1.161719546179663110e-01 2.628564585631897321e-01 9.087887914304489112e-02 3.239807794111008166e-01 1.781079928670897816e-01 -3.899718911639153962e-01 2.029660972430558791e-02 1.363919761415420540e-01 -1.626086418238618103e-01 2.057758297878165277e-01 1.263869977066202875e-02 1.606667832534459661e-01 -4.448720710710801080e-02 3.334017394969433501e-01 4.661708815957988361e-01
-1.138512981247164074e-01 3.136074174540932069e-01 2.993706696074003304e-01 2.310790783744340882e-01 2.889231255066557202e-01 4.372386327276173712e-01 2.446094670186352571e-01 3.112372723632930716e-01 4.376550105508724697e-01 2.420238342959765004e-02 5.955372960737136401e-01 6.044194325335405793e-01 1.000000000000000000e+00 4.629827674562778661e-01 4.596171467395310795e-01 6.995800890145899634e-03 6.009053737670567719e-01 4.423900423329223952e-01 4.924338628837222620e-01 6.003753332539143450e-01 5.023322058812970115e-01 4.914397096570259360e-01 3.801629877813567648e-01 6.530258584169442715e-01 -1.124485228558893546e-01 3.610907202798898652e-01 4.430937035617475983e-01 2.108689625868185313e-01 5.955485012294760017e-01 2.307140050850160495e-01 -1.695753249268344420e-01 -1.369485857888237679e-01 -1.474638881939202562e-01 4.829699583055243606e-01 5.024084760847662423e-01 4.767885260407863646e-01 3.704450839793541617e-01 -2.845229911941989376e-01 1.858672770801338969e-01 3.251192741657603635e-01 4.620252606426324959e-01 -2.554731523096199219e-01 1.484927760389438411e-01 5.064177864456828604e-02 2.979070990203517288e-01 4.426087804651658297e-01 2.626757050952139294e-01 3.663132711908709815e-01 4.640430367788658805e-01 5.891227757554833300e-01 -1.091407358008863598e-01 3.315198365542701975e-01 -1.623195372222439176e-02 1.890199249633350842e-01 2.892398501352540507e-01 3.592145312458671080e-01 2.249716517568862428e-01 4.374423234553068696e-01 1.369242175704932230e-01 4.034222010045959705e-01 5.049229879748046157e-01 6.577772964121882948e-01 5.450141332612352674e-01 4.181460284055993903e-01 4.725338442557907581e-01 3.942284744672653884e-01 -2.982532020835147041e-02 4.257493183354976174e-01 4.170466429363144933e-01 4.053017422744234488e-01 5.553372094651888302e-01 5.109953135308473726e-01 2.728227648010844164e-01 3.245369385408792273e-01 2.817538722635186677e-01 1.627910854263976692e-01 5.382593377053218608e-01 3.672501209926399279e-01 -4.144382974797243824e-01 -1.173659729421194509e-01 4.303989474274524940e-02 2.487957131310074566e-01 -5.084434626221729508e-02 1.951754417824659860e-01 2.191347899970702562e-01 1.576733872932543218e-02 3.831334196732614772e-01 4.856127134560120351e-02 5.349457173645448815e-01 1.769603075615855392e-01 -2.745577722260636455e-01 -1.307855786462725489e-01 3.971033169895726161e-02 -2.935396187024937875e-01 -1.222957331984787961e-02 -1.309246375297467846e-01 2.995133833330271833e-01 2.410781286909530474e-01 3.693278604881267135e-01 5.533996226920570027e-01
-3.455353365224566597e-01 1.976560433630814573e-01 -1.151634666728727080e-02 2.969028400326105266e-01 2.718588128430480810e-01 1.738814015447254224e-01 1.463155384274410498e-01 3.434285533060962292e-01 4.025593771885828120e-01 -3.015264512495945404e-01 2.089037040338243556e-01 2.337064993630335874e-01 4.629827674562778661e-01 1.000000000000000000e+00 8.157204300859991486e-01 -9.302857048083029712e-02 5.719044491037152955e-01 5.899719910000476020e-01 6.645613215865063816e-01 5.964465130092811984e-01 6.988891477024981036e-01 3.951372805690943069e-01 8.165042268865341235e-01 4.126954514238473926e-01 -5.734719904726168771e-01 1.027427987567856998e-01 5.628639076807637753e-01 4.170324043136788283e-01 5.926835442907263385e-01 5.188878166305634920e-01 3.458440054593434065e-02 -3.205639987129163537e-02 2.169966872817750414e-01 4.973748259504914282e-01 4.224131962398656737e-01 4.880162608740684083e-01 3.742195774587479540e-01 -4.816501822569677627e-01 2.047476578053191998e-01 4.710448882741251342e-02 2.942174725088428922e-01 -3.877466747806547209e-01 -1.261106492074247909e-01 1.431593894864402194e-01 6.012467171245369085e-02 5.035357900929076092e-01 6.827436907347453898e-01 5.504947920836930075e-01 1.018816157908848941e-01 3.880383232954148776e-01 -1.144596087527927075e-01 1.531093989911285758e-01 2.094795007684611132e-01 2.666621410674965276e-01 8.381533671654260720e-02 5.883609752728277686e-02 1.954823409293346970e-01 4.040666802565331395e-01 -2.904541160580235148e-01 2.607399413766789409e-01 1.322638227827389878e-01 2.596291975378711148e-01 5.551295804490182784e-01 7.143105991440733549e-01 7.395379936370364282e-01 7.736041976348462246e-01 -1.363590826621064456e-01 4.580966631401489630e-01 5.294101276187471727e-01 5.093308514697671985e-01 6.640312752089879700e-01 3.133755449158756035e-01 6.996854142663894160e-01 6.148378613891464922e-02 2.920020479581153516e-01 -2.051532114176487231e-01 6.156717094168292492e-01 5.610885349433993863e-01 -8.775624936188755609e-02 8.446643713426400801e-02 1.441007315594254046e-01 1.026068883451607822e-01 -7.509963899350638461e-02 2.019814831200720251e-01 4.153754285981008931e-01 3.790555334731982029e-01 3.806285315573514350e-01 3.507195171612927376e-01 4.692274684273304852e-01 -4.464225145666617794e-02 -4.320232148372639067e-03 -4.344477580465489486e-01 -2.918049267450102402e-01 -3.919610197679859187e-01 -2.761986435507678417e-01 -1.273897593354336999e-01 4.673033896293903311e-01 4.863182581063286714e-01 2.889886010730432706e-02 2.974589747941818740e-01
-2.733875199243686049e-01 1.227408705192644250e-01 -6.632686458629417914e-02 3.125227470310301681e-01 2.024971991179422282e-01 8.586280303441679029e-02 -3.309635303762548802e-02 2.177750091591322268e-01 2.602918528801003162e-01 -3.063175066086553100e-01 1.897348966242192458e-01 1.316264362700955981e-01 4.596171467395310795e-01 8.157204300859991486e-01 1.000000000000000000e+00 -2.298163459769690387e-01 3.758787987576282519e-01 4.468404512596351741e-01 4.075479298264428341e-01 5.455537708821946996e-01 5.950313251171954754e-01 2.543038598044233822e-01 8.126530080932466982e-01 2.826778734024846806e-01 -5.879256600890500062e-01 -2.598581520610135712e-02 4.748261967759761504e-01 4.210089269902419495e-01 5.221782128609002704e-01 5.828671450557931788e-01 1.205370649804144989e-01 7.795895394864597872e-02 3.126758095340688715e-01 3.006986948536691240e-01 2.455421462848797198e-01 4.765199758215141190e-01 3.262447358722005419e-01 -4.941130492556262688e-01 1.846676096741703965e-01 3.961804468480462083e-02 1.781471978010267798e-01 -3.945386428944895885e-01 -2.077505083665333874e-01 5.943059649279977541e-02 6.722120895108714411e-03 4.631369910085454400e-01 6.661859598193771159e-01 5.344788715370687449e-01 8.341104750499690745e-02 3.090545672578938197e-01 -7.971184956689371034e-03 8.377042830819132757e-02 1.188954281955291459e-01 2.587940056713889381e-01 -2.079647717196274337e-02 -2.483799065245060472e-02 8.718221827091165999e-02 2.733906438986555276e-01 -2.598636511023900697e-01 2.440339092823651246e-01 1.631330006983920666e-01 3.401389975699933843e-01 6.505246618997255759e-01 7.210065439576501811e-01 7.044504468183565571e-01 9.134202944722755735e-01 -9.389370897581661435e-02 2.782629807926051413e-01 3.563258339797517049e-01 4.104186482755061705e-01 6.239973700817259550e-01 2.476940369551771381e-01 7.374748646018399745e-01 1.431771009207340462e-01 2.085928337227248019e-01 -2.590351224388919849e-01 6.021589272935705672e-01 6.816216765383491527e-01 2.756117464420587693e-02 2.182337935419605690e-01 1.522390542056996920e-01 7.236182023855947110e-02 -2.405274214540443697e-02 3.556363113723611663e-02 4.048604418860517473e-01 4.530623953343146937e-01 3.629061669910807475e-01 3.327935788301843445e-01 4.460219457347367467e-01 2.264615924329184057e-02 1.173943943078067237e-01 -4.214842243971798630e-01 -2.217185510661551229e-01 -3.159066509201483020e-01 -2.723535470235571854e-01 -1.157306900218081636e-01 4.807780538809590665e-01 5.679906449749554387e-01 1.639269152430496493e-02 2.651068317840861166e-01
