1.000000000000000000e+00 7.821128655863210377e-02 4.578781728262986683e-01 -3.070955094688044285e-01 -2.915516241531464214e-02 3.894522091098449601e-01 1.098057138475911493e-01 2.530298438364909919e-02 -3.787802608157657402e-02 2.692157125986808786e-01 4.050432330818282134e-02 -1.253718205487820148e-01 -2.229803756808327320e-01 -3.692490134708998895e-01 -3.852391785240243949e-01 1.388978571462226030e-01 -1.902001806517415461e-01 -1.625903516501634449e-01 -2.936310967502769875e-01 1.819777492234806587e-03 -2.846513341567191713e-01 -2.144765819662398931e-01 -3.302732543950891442e-01 -9.592798332343752121e-02 2.107931049429052905e-01 -1.258224896801902470e-01 -2.259140776276981899e-01 -2.567886956577052904e-01 -1.640768908959912009e-01 -4.400795690479135103e-01 7.125917709881926521e-02 3.349425642471697273e-01 1.078351318270684978e-01 -2.348054719056695550e-01 -2.408095947505501377e-01 -3.114449888317302184e-01 -7.349503988119832770e-03 2.922193095010832131e-01 7.498298791727248461e-03 9.382058874942515725e-02 7.992490027508529493e-02 9.420325663869169933e-03 -3.699339357833869579e-02 1.277948702236607059e-01 -8.587587266578715350e-02 -2.862392957153680473e-01 -3.490358450912823263e-01 -3.058399446176601755e-01 4.490570017369863720e-01 1.370834101262495830e-01 7.339675639575234944e-01 3.713417874748846104e-01 -2.500855793334949007e-01 -3.106759588518600013e-01 4.340175006792705292e-01 2.708010821509704291e-01 -4.393973536382007883e-02 -4.680173056330452080e-02 2.349230452207096420e-01 -6.402708092422318420e-02 2.381413914780657753e-02 -2.291619295675539625e-01 -2.863550344355838551e-01 -3.629648720384325844e-01 -3.852285063770087836e-01 -3.782756308526042943e-01 1.672276807679543842e-01 -2.750871754393388602e-01 -2.227566081182585367e-01 -2.581546708159513370e-01 -4.108675244954992922e-02 -2.317658450057823449e-01 -3.245535166850753162e-01 1.108530268026982346e-01 -1.245287619998262790e-01 1.996564294778156723e-02 -1.575729188706684880e-01 -3.860254513665758447e-01 2.287306928187614330e-01 3.257089948921108591e-01 -1.745325639494396119e-01 -6.968292712476186618e-03 -9.217030948733337392e-02 -1.848673602427662044e-01 -2.930054642942068188e-01 -3.691187001079453411e-01 2.392275630357718064e-02 -2.682567681312436059e-01 -4.012567665893141539e-02 8.129354388579763946e-02 1.306148632977421065e-01 3.239646008487771511e-01 -7.609315713163154749e-02 1.569169008130334997e-01 -1.087099513794935468e-01 2.613872018349569504e-01 -2.608498557435878773e-01 -2.976461463828315446e-01 5.047218190285558403e-01 2.560669608878468062e-01
7.821128655863210377e-02 1.000000000000000000e+00 2.935691814654923237e-01 6.453781121920315611e-01 5.671746438589306827e-01 4.213298436528061797e-01 5.493470556337203270e-01 7.303652125814915630e-01 5.941074301795683521e-01 -1.038794594524064391e-01 -1.292997382050202204e-01 -5.394031461679277967e-02 -1.753973868229428412e-01 2.290214636449484226e-02 -5.411792497242585293e-02 6.794365686390525516e-01 -5.535996018482558512e-02 3.948867198689928193e-01 1.080072948134192384e-01 2.457834379919877632e-01 2.318976751132958425e-01 -1.702689649790590232e-01 2.281477341489061145e-02 -1.136734843402870676e-01 -2.229869727202034302e-01 -2.463198329609732895e-01 -2.119520107873016507e-02 -2.188451641826325011e-01 4.244182510044110929e-02 -1.208518250164508090e-01 -1.380503606380798498e-01 -1.221543051831760693e-02 -8.964660674849447841e-02 -1.823829139313404846e-01 -1.209280881688564319e-01 2.215490312660772787e-01 -2.290067823407263559e-01 -2.809427572728545042e-01 -4.641520639460549463e-02 1.081650021347024815e-01 -4.257192717233151402e-01 -3.686878175729744189e-01 -4.018609909794751966e-01 -4.321817877873896929e-01 -2.225972916256511447e-01 -2.542301157055619765e-01 -1.472936216309956026e-01 -1.863838591261015865e-01 -9.841610199564522488e-02 -3.693252296471690177e-01 2.848566617787229860e-01 6.032303529264473330e-01 6.913712681939838678e-01 6.186641417483846883e-01 4.757564201466368825e-01 3.803977056718217398e-01 7.133926415009490540e-01 6.551493362039771950e-01 -1.811834220275614360e-01 -2.166855583095005644e-01 -1.913228641889014869e-01 -1.669574053981252859e-01 -1.529744477053272267e-01 9.772166867705532611e-02 1.229961944044295902e-01 -1.787736958737040638e-02 2.652198682960048570e-01 1.631334414466034666e-02 -2.033618368958713396e-01 4.557588696487698821e-01 3.173814706720248791e-01 -8.037801714941962550e-02 1.530987463776148491e-03 7.555054281698790619e-02 -8.415441263894930064e-04 -2.917553082867944680e-01 1.712810784218324334e-01 -4.410533381671112585e-02 -1.739319731760236021e-01 -1.280596838903077239e-01 -1.877766419337408843e-01 -3.679972056393735480e-01 -2.251642551938595749e-01 -1.075879666428255360e-01 1.722104613042597931e-02 -2.248871842284980160e-01 -8.124079028379380119e-02 -5.696077360395784134e-02 -1.424313893047157997e-01 -1.988508007926009513e-01 -1.587939988838725780e-01 -2.797577022844746075e-01 3.060909435077209528e-02 -3.392978595884864057e-01 -3.636411734016306574e-01 -3.853108390615971879e-01 -1.902670632428010988e-01 -1.280269426362471985e-01 -6.239602054540271253e-02 -4.040117344509091546e-01
4.578781728262986683e-01 2.935691814654923237e-01 1.000000000000000000e+00 -2.533174070785159659e-01 -1.394439364177661733e-01 4.972854018831987521e-01 5.377695547113587882e-01 3.889269149515021118e-01 3.252684862896098594e-01 2.116719378285887299e-01 1.726740627551718310e-01 2.266049463623574234e-01 9.380237143801602173e-02 -1.737513779170447303e-01 -1.914820165148889697e-01 3.552190989532311716e-01 1.949907717787496553e-01 3.248654925956905304e-01 7.838360535231592152e-02 -1.619790872026988238e-01 1.028261705151979621e-01 1.292111652985675763e-01 -2.348426219899360790e-01 2.315832173483084178e-01 3.464581448856504653e-01 1.353657130536458364e-01 -1.623103381874307083e-01 -1.841662592209322991e-01 8.197338464170220163e-02 -2.737093212051324720e-01 1.763190969809872721e-01 6.652459760907375452e-02 -2.418721231455799869e-01 4.209977213840523924e-02 5.958858170153133807e-03 -1.086643951699898247e-01 -2.323158241160055149e-01 1.068158655861576878e-01 7.508792928731090888e-02 3.648839718759341877e-01 -2.042010140125987694e-01 2.580340155068265307e-01 1.230344468569929267e-01 -2.350900579605885721e-01 -1.436219929248960803e-01 -3.607742351398406933e-01 -3.924952611078053044e-01 -3.341446762059251951e-01 1.508827020138304442e-01 -1.646663067078930065e-01 5.393437408162222724e-01 6.773063085847350617e-01 -3.873369760164485642e-02 -2.818685954709108654e-01 4.097045691660302635e-01 6.496690003639550293e-01 3.372121012491881009e-01 3.770725539510582647e-01 2.878104022902005510e-01 1.870313685044797669e-01 3.261711625885493904e-01 4.576242338004088417e-02 -8.339998723575511863e-02 -1.822282153213484190e-01 -4.668043014378505523e-02 -2.026281444388336739e-01 2.687256774110953206e-01 9.884889596883197904e-02 -1.674410584734040836e-02 1.718275241378516283e-01 2.833988148138567031e-01 9.543022983701018869e-02 -1.583207581487575677e-01 4.354352159297988356e-01 2.418491653867760049e-01 2.412112356240292688e-01 6.992000756594991817e-02 -2.186875316474675979e-01 2.346253942843690710e-01 2.244069418249177925e-02 9.561008842366200411e-02 -3.754700765401348117e-01 1.091083372969903764e-01 1.835433963238972468e-02 -1.237495425501987795e-01 -2.843792246679001656e-01 -2.312375906978867413e-01 -2.264539101239612939e-01 -2.041850153593725015e-01 -3.712485951695371905e-02 -2.320987488894471484e-01 4.648339732859718132e-01 2.149955969039772305e-02 2.504411884022719748e-01 1.702993711746373373e-01 -1.557470301219635034e-01 -3.748885917489402364e-01 -3.961502157812030189e-01 2.348741641159915461e-01 -5.616546676584050629e-02
-3.070955094688044285e-01 6.453781121920315611e-01 -2.533174070785159659e-01 1.000000000000000000e+00 6.522260818601732790e-01 1.304739820366379865e-01 1.380265353786264970e-01 4.877364319369463797e-01 4.021486170616961342e-01 -2.181235377901237782e-01 -3.174328479085120058e-01 -2.313611451100996419e-01 -2.745832005869500159e-01 1.180981031771417000e-01 6.337710538192625753e-02 4.467083276265385594e-01 -1.968765541820942655e-01 1.735855089773137572e-01 7.060181609452197138e-02 3.922430292124374218e-01 2.021369792940228838e-01 -2.466033900121666900e-01 1.600605555015085224e-01 -3.270810875133387530e-01 -4.735563993951998896e-01 -3.345947431235568037e-01 7.798845139936599891e-02 -7.259844046405322660e-02 -8.950252474243467968e-03 9.402457286462172215e-02 -2.820758927062829713e-01 -1.020464365838850002e-01 2.059984295997140114e-02 -1.872265058462185272e-01 -1.136049372044916766e-01 3.102961703752347145e-01 -9.731985093772264894e-02 -2.964212266585482536e-01 -7.037315193875726127e-02 -1.140083862573130213e-01 -3.200484140907626784e-01 -5.227920348017822683e-01 -5.161311407096798032e-01 -2.990505427639172931e-01 -7.836212762513179719e-02 -3.680972457651435908e-02 1.065266277038997705e-01 3.229134322688054920e-02 -1.925276402369351658e-01 -2.023013205692745231e-01 -9.279283551087340320e-02 1.177805984370071390e-01 7.859604415138377043e-01 8.879244347693351358e-01 1.563807202556705411e-01 9.210660553690448379e-03 5.120962771020106663e-01 3.989134587075671146e-01 -3.630690667562152529e-01 -3.991250195537794365e-01 -4.474956988868536434e-01 -2.203057783998054187e-01 -1.675451313272437182e-01 2.102709697808435862e-01 1.720695227264496530e-01 1.124230921761887325e-01 -1.491381104605676682e-02 -4.846567696341106540e-02 -1.913451300819682954e-01 3.744558596247299920e-01 1.284361301650714660e-01 -1.847491078551100341e-01 1.077466398080401122e-01 -2.423749816790417289e-01 -2.344185408149535577e-01 -4.776705562387327797e-01 8.314689235398585454e-02 1.167937860861531785e-01 -3.423702025891803280e-01 -2.016779952159684919e-01 -3.108270446822237743e-01 -1.199540114442025351e-01 -2.743281546890916633e-01 -2.148717426338181691e-01 9.588136461095063401e-02 -5.008053528848070007e-02 5.486668638272747256e-02 1.154611014703288141e-01 -3.823415864052685104e-02 -2.431331243796842623e-01 -7.772369829166532462e-02 -6.061136771871796780e-01 -1.989337758735162248e-02 -5.699244479151767129e-01 -4.659405535442235902e-01 -3.363769662737049471e-01 1.597129844051460232e-02 1.182226701419835380e-01 -2.437761340859860570e-01 -3.283050233547244456e-01
-2.915516241531464214e-02 5.671746438589306827e-01 -1.394439364177661733e-01 6.522260818601732790e-01 1.000000000000000000e+00 3.111993276646367601e-01 8.114583464399469093e-02 4.272383307141349174e-01 2.932871326571611093e-01 -2.496428513865456555e-01 -3.075673785917169001e-01 -3.199882499419753890e-01 -4.082774907342284210e-01 -4.528843199627552440e-02 -1.488496550073341584e-01 3.108673088901794390e-01 -3.079872113442950199e-01 1.494634665836074849e-01 -1.206052160718039529e-01 5.056962564455288467e-01 -3.511993755163607400e-02 -3.112840431656757056e-01 4.522584580490538603e-02 -3.463563523903102626e-01 -4.352591813492398543e-01 -3.520844697632862230e-01 1.499646797124622871e-02 -1.764937181777593567e-01 -1.159544613593114643e-01 -1.306817902900863637e-01 -2.366679047258053170e-01 -1.095523097692270853e-01 6.473813185028363948e-02 -2.258723189678936705e-01 -2.039370442385187443e-01 2.282913268335211854e-01 1.120478805692950303e-02 -3.460293115104371986e-01 -2.209694561493004139e-01 -2.072542109200212201e-01 -1.052946553838438326e-01 -4.503363773700817529e-01 -3.542511043137896998e-01 -3.790042597108444350e-02 2.123176344678729885e-02 -7.548871461127247551e-02 3.232285967056715975e-02 4.692728671482856474e-03 7.647931196818318067e-02 -7.712528793696395157e-02 3.767429144726251733e-02 1.267841518524591704e-01 4.948292455577755766e-01 6.216383044954632009e-01 4.520070417123621676e-01 3.741225877328861055e-02 3.127926142085466488e-01 3.350922657184922104e-01 -3.530299225824675147e-01 -4.331993846064618459e-01 -4.320547510187346951e-01 -3.154699076260174539e-01 -2.303743020545407638e-01 7.409166869882664874e-02 -8.136359624349805489e-03 -9.333362513193041443e-02 6.064167847069376616e-02 -1.809582778573137485e-01 -1.064416267504743330e-01 3.003558846768961121e-01 6.184340364171837107e-02 -2.534251735203642553e-01 -6.615357840707248270e-03 -3.099589994778297886e-01 -2.751072514649600675e-01 -4.157411557218396725e-01 -5.860691944903020749e-03 -4.861751474691664021e-02 -1.804387945894763701e-01 -1.209813362954088867e-01 -2.387402863735782199e-01 1.883555986846347993e-02 -1.915922498092579862e-01 -1.326644134560419075e-01 -2.576732980134041617e-02 -5.480648930734738355e-02 1.433556504418078692e-01 -2.385685573715312299e-02 1.291156648875915469e-01 -1.188506047586986164e-01 1.316805497559002947e-01 -4.570832523818667004e-01 -1.445157753848510529e-01 -3.816346869663158614e-01 -3.725026955522984795e-01 -1.083484675145649501e-01 -7.206426690606179165e-03 7.901121536814126323e-02 1.794826540306017001e-02 -1.352191012249668589e-01
3.894522091098449601e-01 4.213298436528061797e-01 4.972854018831987521e-01 1.304739820366379865e-01 3.111993276646367601e-01 1.000000000000000000e+00 3.691904112650548075e-01 5.147608669273260329e-01 5.743380813210624547e-01 1.008701876482495513e-01 -4.728283726432616629e-02 -1.212477052269260031e-01 -1.497144134202659516e-01 -1.633868381390912172e-01 -1.833570012152326567e-01 3.706379001506220350e-01 -8.876217822452940609e-02 3.032343439425682630e-01 -7.115576967676964792e-02 2.563776634820706390e-01 6.006129173672138111e-02 -8.633786184507359629e-02 -1.470812406948383277e-01 -1.133026905641868892e-01 1.727455009026959351e-02 -1.152248857305673974e-01 -1.772155775772968067e-01 -1.895899998926230123e-01 2.284166867053110880e-02 -2.617570745408408506e-01 -3.873753783983596710e-02 7.998705561749306844e-03 -1.187173534426547300e-01 -5.355975059011548745e-02 -8.966332511638105962e-02 4.085936462491593368e-02 -6.778462011549370170e-02 -5.219612823559553055e-02 3.435351951273344501e-02 2.024629187875653380e-01 -1.194686291182367882e-01 -1.369045468235119689e-01 -1.362253276214841491e-01 -1.757778789502990324e-01 -6.437057351427626084e-02 -3.791678600897324669e-01 -2.398078030859914778e-01 -3.039419021702338131e-01 4.338003463655301095e-01 -1.147982532694057957e-02 4.586399188987552167e-01 5.217936683443027412e-01 2.295436837589242274e-01 9.685063350212788635e-02 7.009122830656752123e-01 7.680735958453002166e-01 4.419834696833380705e-01 5.149454683162699720e-01 5.418898803229338368e-02 -9.637527111760690879e-02 -8.074044734535128220e-02 -1.409218000321507402e-01 -2.108317224218834995e-01 -8.254144689077370922e-02 -1.137277369081085843e-01 -1.620914285184785197e-01 2.884451725342154771e-01 -9.994330806311477189e-02 -4.573670063635822125e-02 3.405820844696912930e-01 2.929943599809345933e-01 -1.084658072982069565e-01 -1.546371228444696766e-01 1.310324870850563816e-01 -8.104099448067238198e-02 -1.022307123860834860e-01 8.454616759105873514e-02 -2.252450066940223927e-01 -2.598891212710208523e-02 -2.662244706247183026e-02 -1.450661997791296010e-01 -1.246919635146773314e-01 -5.931263436125534805e-02 -6.057879487095404331e-02 -1.301287851187552524e-01 -2.849204280868444794e-01 6.061924800487243636e-02 -1.897961004645004057e-01 -4.162528602321145842e-04 -7.485632676988503154e-02 -4.951281916116166693e-02 -3.369544781190055276e-03 -3.198204352043185900e-02 -1.056823571631585607e-01 -1.360840801743687378e-01 -2.053632209344318504e-01 -3.618633162344477849e-01 -2.550071546324400584e-01 4.682681254172019747e-01 1.942415632884050489e-02
1.098057138475911493e-01 5.493470556337203270e-01 5.377695547113587882e-01 1.380265353786264970e-01 8.114583464399469093e-02 3.691904112650548075e-01 1.000000000000000000e+00 6.242223512291005250e-01 5.476686246495161559e-01 4.794274528427487636e-02 1.566856307141278326e-01 2.514120592601382653e-01 1.321696945578394178e-01 1.087974144378860003e-01 9.321849363274369027e-02 5.299419404101999298e-01 2.381461025171432155e-01 5.884554821143641590e-01 2.202180179219975498e-01 7.968166375744786464e-03 3.401075824164628281e-01 1.255196353819344746e-01 3.948333483906244640e-02 2.229423948061414196e-01 1.515688809875428977e-01 9.274794185307877470e-02 1.023022436062709928e-01 3.581300311277166738e-03 2.276736521027019622e-01 -5.428758415657626568e-02 -3.138170279366176568e-02 -1.661476395074927472e-03 -2.019123166396158964e-01 -1.282858411336858023e-03 4.157931884525702809e-02 2.547730971865780347e-01 -2.405611922221476962e-01 -5.920898725216670183e-02 4.168460977512035426e-02 4.109284267772915222e-01 -3.176690630557300610e-01 4.991284880452578898e-02 -8.850880601171612350e-02 -3.924444668374811873e-01 -1.095921757711528916e-01 -1.780811803495725987e-01 -1.570037344909931409e-01 -2.005284599997816664e-01 -1.149228687502764495e-01 -3.957746033844475320e-01 2.414218010065297404e-01 5.981545615877915667e-01 3.430595875317082877e-01 1.037587107663304337e-01 3.473603390341392649e-01 5.290393050392876440e-01 6.069081018986007825e-01 6.370922859649887915e-01 2.211757087831841412e-02 1.249503202741403390e-01 2.013604149640437491e-01 1.117049020402592630e-01 4.642497136912126371e-02 1.051696864503258444e-01 2.054421794177982707e-01 6.631956110304655649e-02 5.212110193800535418e-01 2.221579090572025073e-01 -4.477499148959781378e-03 4.265134516322705571e-01 4.649427567931115335e-01 1.839429601568679518e-01 4.010240248419547765e-02 4.350859558902082647e-01 3.312329531096180335e-01 1.085432026237457409e-01 3.024017467410599069e-01 9.533024600758806255e-02 1.589788866354320193e-02 -5.437359714506524722e-02 1.414751343531736039e-01 -4.832156423367050535e-01 -9.092898560747606634e-03 1.235328919060083713e-01 1.752971941930633049e-01 -1.202481220106851045e-01 -1.792401769052649196e-01 6.479806312675140401e-02 -7.412219732562691510e-02 3.547059705645110028e-02 -1.837206962744995786e-01 1.382699920719692999e-01 1.816168947426843872e-01 5.523573995527535085e-02 8.311326911792513844e-03 -2.805618466772786257e-01 -9.881073714862638468e-02 -1.922470360418717106e-01 9.584000869524267330e-03 -3.283458267986610335e-01
2.530298438364909919e-02 7.303652125814915630e-01 3.889269149515021118e-01 4.877364319369463797e-01 4.272383307141349174e-01 5.147608669273260329e-01 6.242223512291005250e-01 1.000000000000000000e+00 6.925352649535984062e-01 -6.769419187740761956e-02 -1.224001596946621973e-01 -3.881320641526495724e-02 -1.820327429605364533e-01 -4.622293327885113046e-02 -1.241175351661833182e-01 6.422197450494999682e-01 -6.802738288502786779e-02 5.512400158014924001e-01 7.439261567951507836e-02 2.386686556586341268e-01 2.114129796927209926e-01 -1.252828990151963473e-01 -4.645881015260346775e-02 -9.973423174397472168e-02 -1.436714092993571501e-01 -1.805902624387678290e-01 -4.781732860380678157e-02 -1.735994345474716205e-01 3.888419797054964988e-02 -1.413660026478922860e-01 -2.307794849853625138e-02 -1.357010303020767805e-01 -2.824464001259519574e-01 -1.611152750778641618e-01 -1.148740130843853569e-01 2.977565014891238593e-01 -2.620331629156719688e-01 -2.789846338518451874e-01 -1.106295463390327138e-01 9.060442259828099809e-02 -4.864801962199581387e-01 -2.373147507168120729e-01 -3.290854790602062985e-01 -3.711032153007761680e-01 -1.379074843741078804e-01 -2.898258080628219879e-01 -1.915896180260815151e-01 -2.592340762957040523e-01 -9.234542503554311887e-02 -3.302311253988778894e-01 2.126934849452837561e-01 5.302786618706054611e-01 6.016161311116433597e-01 4.143143347783322938e-01 4.800469518823101134e-01 5.112716544400112140e-01 8.133384567582120361e-01 7.710011060603130240e-01 -1.248016551939008650e-01 -1.712454612908378415e-01 -1.493770995471782603e-01 -1.799779785443990365e-01 -1.688547420407524036e-01 2.551479868216747354e-02 8.867827439326286809e-02 -1.014440413810119845e-01 2.779306607206178392e-01 4.373640846922286635e-02 -1.204859648520108656e-01 6.098614025506295944e-01 3.443115339351659476e-01 -3.699614385117714482e-02 -4.331631825863918595e-02 8.871033823156092291e-02 1.428781368047537734e-02 -2.047696239443401178e-01 1.315399788183287677e-01 -5.119807544092461193e-02 -5.761079608322378087e-02 -2.092267147110931647e-01 -1.065416867029265885e-01 -3.812521838864140755e-01 -1.010970053806047181e-01 -5.528467738197837683e-02 -7.679919982678293233e-03 -2.001175163426222037e-01 -1.002506294514956126e-01 1.026648006533273285e-03 -8.981882075116712216e-02 -2.083028128116355959e-01 -2.332348608137940760e-01 -1.779426088746647316e-01 -5.031886971672892145e-02 -2.207863223349461612e-01 -2.354322983651621348e-01 -3.615540052791164638e-01 -2.554840571898735480e-01 -2.334735380745269762e-01 -5.445778486432747978e-02 -3.558375091731770246e-01
-3.787802608157657402e-02 5.941074301795683521e-01 3.252684862896098594e-01 4.021486170616961342e-01 2.932871326571611093e-01 5.743380813210624547e-01 5.476686246495161559e-01 6.925352649535984062e-01 1.000000000000000000e+00 2.870669209054245441e-02 -1.215321012690037533e-01 -4.098675826113960113e-02 -9.314336429314123977e-02 4.092379552231578677e-02 4.434717570195313013e-02 4.362806427074717996e-01 -2.435813343639612813e-02 5.010482046089177466e-01 7.154590187526541079e-02 1.664005838206079613e-01 2.752889812919508405e-01 -6.767629843918278321e-02 6.013836467691951321e-02 -3.089466153319143232e-02 -9.542801922421363658e-02 -1.500896287882477476e-01 -3.086577693905613248e-02 -5.019018079482807926e-02 3.089609398461228354e-02 -1.755533635212106272e-02 -2.166748580136004104e-02 1.211686486456777824e-02 -1.049303179922631973e-01 -4.701649905172095717e-02 -8.667443105773739442e-02 3.725510168790816534e-01 -2.944717416265339449e-01 -2.058410354317087576e-01 -7.283693937696436929e-03 8.824983100458438923e-02 -3.162690649566730627e-01 -2.609439175506346187e-01 -3.507818821158335543e-01 -3.629197944552395305e-01 -1.260968928157747693e-01 -2.418876205364770271e-01 -9.624392128226691434e-02 -1.411344076993883145e-01 -8.637493178018591788e-02 -3.631716310959471339e-01 1.192412971572818919e-01 4.006477967813468211e-01 5.136951923268957554e-01 3.785854327580124301e-01 5.096388322297534801e-01 5.525917791407412016e-01 7.211104292516923309e-01 8.380913636468133587e-01 -7.208919549278799965e-02 -1.322408037094984501e-01 -1.193187848811416707e-01 -1.125868587733379195e-01 -7.878179044512079177e-02 8.610012683444877302e-02 8.159762535595643795e-02 4.775476617928064993e-02 3.696153087506542367e-01 1.266878963048971660e-03 -1.431164635598187185e-01 4.716113825263956172e-01 3.371651338900030215e-01 -2.138119769456476790e-02 5.726575248619987513e-02 7.547943370169826749e-02 4.351895648909375608e-02 -1.875027719305943086e-01 1.428604733748303768e-01 4.072808763737934684e-02 -1.103962414395984748e-01 -9.917451955216721737e-02 -8.409471531505606501e-02 -3.676857480995904814e-01 -1.887364407877118455e-01 -4.142659516210692172e-02 2.467258449179532409e-02 -1.553701145867676381e-01 -1.459939709938600505e-01 2.056257965184345865e-02 -1.182812114789245500e-01 -1.626067607461592901e-01 -1.967020809308755169e-01 -2.083287873804802182e-01 -1.558520867591127934e-03 -2.943545002192597959e-01 -3.282672847068254240e-01 -3.880089074983770203e-01 -2.096771549616750496e-01 -1.474126324951728073e-01 -2.049188475348463420e-02 -4.182980888565339117e-01
2.692157125986808786e-01 -1.038794594524064391e-01 2.116719378285887299e-01 -2.181235377901237782e-01 -2.496428513865456555e-01 1.008701876482495513e-01 4.794274528427487636e-02 -6.769419187740761956e-02 2.870669209054245441e-02 1.000000000000000000e+00 3.626212612522513035e-01 4.203299960600094809e-01 7.116930752931231730e-02 -1.445899104142611691e-01 -8.308316926770453748e-02 -1.227216442392733559e-01 1.334130821574326942e-01 -1.259441556477093882e-01 1.484603222178273660e-02 -1.331524284101207045e-01 -2.894925813731053996e-02 -1.829449878848549843e-02 -1.773080939416944168e-01 4.263227936123605843e-01 5.380635771876510764e-01 1.022075623955300827e-01 -1.425415232086177098e-01 1.460971147565142680e-01 6.325955897557802854e-02 -2.051381994967502176e-01 4.529339821957423934e-02 4.337618961405632911e-02 -9.866372842038562130e-02 -2.381305214743126633e-02 -1.173945507378022085e-01 -1.472180015476211579e-01 2.689641208978045192e-02 3.007823468766785968e-01 2.290445152411300644e-01 4.192767488178008595e-01 -2.353951672399601583e-02 2.402013962854355755e-01 -9.211400881121284412e-02 -1.641315879913308323e-02 -1.156749445705931717e-01 -2.493929823056152406e-01 -1.967467283668292433e-01 -1.876358873940033867e-01 5.734737084403025709e-02 -3.346955100139340639e-02 1.971810148693239617e-01 -4.123705117388355018e-02 -2.073222777632554858e-01 -1.825279839211517152e-01 1.731968638581222741e-01 1.793691282901982986e-01 -8.545614565370021620e-02 -5.237089496048284373e-03 7.390346503940059542e-01 2.220158375394982730e-01 3.096695958972553453e-01 -1.965288590871400176e-02 -6.245158522411414087e-02 -1.663617617505244728e-01 -1.983050251715546275e-01 -1.126641064188898533e-01 1.136474959415373909e-01 -4.987505940136643945e-02 -1.717881459060149052e-01 -2.436092667805522527e-01 -2.171135423361527511e-02 1.110767324720376113e-02 -1.538890015494369101e-01 3.520211634558206293e-01 2.430507800960553799e-01 2.183999305665161872e-01 8.887315676784132701e-02 -5.779114518645322995e-02 8.530781766105810515e-02 -1.274441950969016496e-02 3.418092953161314812e-02 -9.569177449988397477e-02 -4.889766224506024439e-02 -4.807252014244357136e-03 -7.878890102003857643e-02 -1.444957228150398620e-01 9.747131313390442961e-03 7.128450568810001942e-02 -9.092930886461316614e-03 2.982663988886290474e-01 -1.111492630679290911e-01 3.470989481103452512e-01 4.376097517969169681e-01 3.382497522141797441e-01 4.751029945928619130e-02 1.073194531864086337e-01 -1.717547545955214472e-01 -1.880582566476755313e-01 2.173213693576744321e-01 7.803288119695890590e-02
4.050432330818282134e-02 -1.292997382050202204e-01 1.726740627551718310e-01 -3.174328479085120058e-01 -3.075673785917169001e-01 -4.728283726432616629e-02 1.566856307141278326e-01 -1.224001596946621973e-01 -1.215321012690037533e-01 3.626212612522513035e-01 1.000000000000000000e+00 7.083922609181466656e-01 5.984071742241917624e-01 3.977943668845808078e-01 2.929803325912548329e-01 -1.629258132352331689e-01 6.585718260495344589e-01 2.079477586011819201e-01 5.291255148300759714e-01 -2.508371461963774807e-01 2.188088282920604977e-01 5.767401003795364911e-01 2.631363897351832737e-01 6.516227988348808342e-01 5.415300884708935669e-01 6.718355859537220587e-01 1.845624925384473092e-01 4.196865378013157621e-01 6.040069253817180739e-01 1.363473260009640808e-01 -1.226809063396327310e-01 -3.187643629206761142e-01 -3.354010987859881165e-01 4.191057685896877327e-01 4.464270556366568554e-01 -1.337634597941687875e-01 3.348062568363079361e-01 -1.376859810857686550e-01 1.080624420313905792e-01 3.614396788916771075e-01 5.683737818169794231e-02 5.524175585502769659e-01 4.879415252674101922e-01 -2.440916581064248719e-02 7.802961772991184874e-02 1.173243403713173233e-01 1.778824237992547297e-01 8.678505835387534395e-02 8.144300061853911032e-02 4.577263558607984339e-02 -1.400962088807616857e-01 3.470814073418118650e-02 -3.706381804982908923e-01 -2.379173498415408372e-01 -1.254741143156657135e-01 1.278163641373810944e-01 -1.772046307349733063e-01 -8.612873767559109384e-02 5.194017913920117024e-01 7.682072845174613418e-01 7.135759486730075540e-01 5.470689245154285452e-01 5.036404953055653166e-01 3.383466963201731126e-01 3.165591929410414562e-01 2.944270427251011735e-01 -3.783785462061761695e-02 5.719886301672172380e-01 3.284940254066210374e-01 6.995528620849630376e-03 1.786912239239576150e-01 5.703035634297686229e-01 2.664820500320301822e-01 3.488582602261541821e-01 6.634204669226694273e-01 6.610250428951361945e-01 5.383280955693390268e-01 2.817578360438955931e-01 -1.737341669166250768e-01 -3.251991694044145675e-01 4.383575252492715180e-01 -1.044456544874272086e-01 1.285105229211833955e-01 4.301014206011157803e-01 1.505771870277547719e-01 2.478397722592826091e-01 2.289111981099283821e-01 2.299475279835363206e-01 -9.215884729294944455e-03 2.432030971553596488e-01 -3.055724217607181381e-01 3.576264370837892725e-01 2.302214639042291233e-01 4.555527795655998080e-01 5.165688419018379385e-01 6.743570758951139554e-02 1.305312446079650301e-01 1.162758843881408072e-01 9.676973096539218111e-02 1.374226998776917619e-01
-1.253718205487820148e-01 -5.394031461679277967e-02 2.266049463623574234e-01 -2.313611451100996419e-01 -3.199882499419753890e-01 -1.212477052269260031e-01 2.514120592601382653e-01 -3.881320641526495724e-02 -4.098675826113960113e-02 4.203299960600094809e-01 7.083922609181466656e-01 1.000000000000000000e+00 6.324068255560280072e-01 3.727100449059572718e-01 3.920456139254155925e-01 -1.082715145947571594e-01 6.697509862650938839e-01 2.488656507258261152e-01 5.293414372569865689e-01 -2.981490510678930228e-01 3.082374769330518682e-01 5.353871465835500221e-01 2.320664119858085184e-01 7.722433662567336210e-01 5.184188097405972862e-01 5.676705385770436374e-01 1.485770422784509492e-01 4.225995316381005451e-01 5.138559213760861555e-01 1.988529811832453476e-01 -3.585061039527734361e-02 -3.276055368325440087e-01 -4.198763737861391787e-01 3.249273347653630073e-01 3.437804200943114230e-01 -3.459818597416281644e-02 7.756011137808058176e-02 -8.777287523687493653e-02 1.111779502128889124e-01 4.467668800752996328e-01 -1.408039322783946612e-01 5.575478579392240119e-01 3.360101707814006078e-01 -1.991511784599764578e-01 -1.134970241593350887e-01 3.472733307919900932e-03 6.248015999203244963e-02 4.422049805659927085e-02 -1.089231640408422491e-01 -1.857207948163741851e-01 -1.687787260608845652e-01 5.140540184733125711e-02 -2.178403994261663423e-01 -1.822304325456970131e-01 -1.977214360001937066e-01 1.658854335050607143e-01 -7.486180633426735287e-02 2.755680040146607848e-02 5.585616544430960229e-01 6.665572488457028877e-01 7.840817995184881095e-01 5.659830815883548638e-01 4.900159684111571323e-01 3.296905399157462613e-01 3.350071268411207170e-01 3.643345553114076263e-01 7.215288896122225293e-02 5.491397622692487657e-01 1.835666372752004505e-01 5.177442341041162827e-02 2.300082604721727653e-01 5.577316716052337364e-01 2.441501316781292119e-01 5.211251184464936737e-01 7.502937669049332126e-01 5.637791911146377011e-01 5.122915006567961838e-01 3.334188341797376665e-01 -8.483536852501297187e-02 -3.740381858293224671e-01 4.036004491232924596e-01 -3.313551162727010890e-01 9.819318517425588977e-02 3.440998256170762493e-01 1.599434303311938477e-01 1.861770201165848238e-01 -1.910584758599451205e-02 2.649272336655557614e-01 -1.026160085756995521e-01 2.175319918462457203e-01 -3.685164218017792925e-01 3.405879974749531636e-01 3.872767624952113130e-01 4.847521633294318288e-01 4.667124978844362504e-01 -5.141938774191849582e-02 4.583683787020859102e-02 4.529680112239745093e-02 -9.298668051686624983e-03 -7.377461933905933578e-02
-2.229803756808327320e-01 -1.753973868229428412e-01 9.380237143801602173e-02 -2.745832005869500159e-01 -4.082774907342284210e-01 -1.497144134202659516e-01 1.321696945578394178e-01 -1.820327429605364533e-01 -9.314336429314123977e-02 7.116930752931231730e-02 5.984071742241917624e-01 6.324068255560280072e-01 1.000000000000000000e+00 6.906335285358610188e-01 6.497504407490397593e-01 -2.124358560162248333e-01 7.796213575713589750e-01 3.438374239931917264e-01 6.715719996599773811e-01 -3.066354909875290691e-01 3.361200531399060609e-01 7.726436106252431157e-01 5.212959186917944798e-01 5.528555926771467899e-01 2.486005043570212181e-01 6.004848752081278773e-01 3.554987775113419013e-01 5.737790183935100874e-01 6.575241409866146025e-01 4.816951380602275123e-01 -5.101552599851285480e-02 -3.452224400452622577e-01 -3.384744098957894187e-01 5.114217540970298348e-01 6.478746505627578367e-01 -1.038022883840022254e-02 1.769373869331228033e-01 -1.510487504655111113e-01 1.828445651852068921e-01 3.703164176908436689e-01 1.068117033030251684e-01 5.441919035079442191e-01 5.188857799100548007e-01 -1.390167353509189907e-01 4.880869818550365169e-02 3.254083075323360164e-01 3.929196939614692519e-01 3.687615744188264544e-01 -2.387475027017754020e-02 -4.731891957569686613e-02 -2.902973656391033552e-01 6.501349102193325000e-03 -2.742140471297947468e-01 -2.051907915518868530e-01 -3.344626761659617586e-01 1.059868457573455020e-01 -1.303079655685851768e-01 -5.771020938015688356e-02 2.173845641271810736e-01 6.719563611148529070e-01 6.223438063465616121e-01 8.748628117259723558e-01 7.827690293700696467e-01 5.957899965272120957e-01 5.723867311712904637e-01 6.450313943267146355e-01 8.557081372732723568e-02 6.985956574732221647e-01 4.448084262618748896e-01 1.616204935870854120e-01 2.568387887880794751e-01 7.328325457391656750e-01 5.382131728447746566e-01 3.942219709587458376e-01 6.310266351336955015e-01 4.656260244867657105e-01 5.993722545945007196e-01 5.227280731952074211e-01 -1.918613983334677697e-01 -3.760438712926045812e-01 4.869734785664659449e-01 -9.321735857788331081e-02 2.227379578817105243e-01 4.740307775255013789e-01 3.669657975623152879e-01 5.216318176484201485e-01 7.576256610128295765e-02 3.645455050592956714e-01 -1.792863836559446811e-02 2.048499710730591061e-01 -3.634324185675482655e-01 2.102177766741365195e-01 2.851455550138365935e-01 3.692865154046111598e-01 4.587136356625055589e-01 -6.123031859723856996e-02 3.300252981776146122e-01 3.839500287046353488e-01 4.386532786516155434e-03 2.907498994110796833e-02
-3.692490134708998895e-01 2.290214636449484226e-02 -1.737513779170447303e-01 1.180981031771417000e-01 -4.528843199627552440e-02 -1.633868381390912172e-01 1.087974144378860003e-01 -4.622293327885113046e-02 4.092379552231578677e-02 -1.445899104142611691e-01 3.977943668845808078e-01 3.727100449059572718e-01 6.906335285358610188e-01 1.000000000000000000e+00 7.791725146877093167e-01 -1.197392289010811295e-01 6.321393525266966185e-01 4.008580880896296383e-01 7.113741588526956150e-01 -4.438221812692606100e-02 4.070873024882240010e-01 6.439434855529101442e-01 7.834874697289982981e-01 3.272617896481109234e-01 -7.313575182147639964e-02 4.055919598757262157e-01 5.591330304839640108e-01 6.596739712147221546e-01 6.648280421934217310e-01 6.238909351251373803e-01 -2.879805282312933867e-01 -3.772892967809087228e-01 -2.016857527342303946e-01 4.179857087406082528e-01 6.339223273084112487e-01 2.435077278860561245e-01 2.489501247164517539e-01 -3.794508304638975482e-01 3.068853299081496233e-02 1.340073783056447421e-01 6.096413670911900867e-02 1.741006554756078795e-01 2.840388894134060482e-01 -1.296117384785021587e-01 1.333023088255068933e-01 5.226973663286371696e-01 6.807518255443135713e-01 6.144343034136438009e-01 -1.228446522041405781e-01 -1.031982532364967842e-01 -4.401361632625107045e-01 -7.149230257138608491e-02 1.594926721300194902e-02 2.085398961237928117e-01 -2.823665091879374867e-01 -6.673361852973329345e-02 -1.811379809458075682e-02 8.218327453604883093e-02 -8.454643752948509672e-02 4.251683215568161645e-01 3.064401613013708059e-01 7.124587444354016919e-01 7.966358025328924564e-01 8.698403089823207868e-01 7.853823361078493548e-01 7.994650194961516743e-01 4.909702100355432808e-02 6.575103167677569527e-01 4.379449726209378446e-01 3.063442298000261799e-01 2.757867230935110436e-01 6.435063137730411276e-01 7.199425815445953392e-01 9.792317208548824425e-02 4.898721297091856997e-01 2.269300413133433780e-01 6.832269065166103328e-01 7.442822882101762794e-01 -3.977283243103975074e-01 -4.201214234596128971e-01 4.206962737865716506e-01 -5.157470874742726280e-02 4.343649582489930022e-02 4.789719954566278859e-01 5.158985038290800906e-01 6.841257075631345108e-01 2.493504854797400916e-01 6.012188586784308342e-01 1.146664873664734463e-01 1.044681987444391197e-01 -2.488190440508240009e-01 -1.624768655642188087e-01 1.975048902401922990e-01 6.920063525905068014e-02 1.822590893294716297e-01 -8.860961273323671172e-02 5.774501160427069069e-01 6.325503629079580747e-01 -1.327300684710044643e-01 -9.958418478631266002e-02
-3.852391785240243949e-01 -5.411792497242585293e-02 -1.914820165148889697e-01 6.337710538192625753e-02 -1.488496550073341584e-01 -1.833570012152326567e-01 9.321849363274369027e-02 -1.241175351661833182e-01 4.434717570195313013e-02 -8.308316926770453748e-02 2.929803325912548329e-01 3.920456139254155925e-01 6.497504407490397593e-01 7.791725146877093167e-01 1.000000000000000000e+00 -1.008047142335202345e-01 5.513836370626743477e-01 3.033983521471986244e-01 5.118869756071925403e-01 -9.912604496762156270e-02 5.073100837133759367e-01 5.259544488314673583e-01 6.986480646517800874e-01 3.137066874818247864e-01 3.132436695185047276e-02 3.970330166862344190e-01 4.992992999806366572e-01 6.300049340674528375e-01 5.265235123639500081e-01 6.754464854542890917e-01 -2.402968076012370890e-01 -2.054241337092707342e-01 -1.106719347740930115e-01 2.927141612159447903e-01 4.497427204056732020e-01 2.343069277245422299e-01 7.391664169967558651e-02 -2.166219722201900011e-01 2.301072297410857587e-02 1.394295640022769622e-01 7.960313073400742193e-03 1.476931283341265666e-01 1.680843556272526573e-01 -1.424091235510447917e-01 -1.753803240019649514e-03 4.343598020055963738e-01 5.598799444112095847e-01 5.466965073226859317e-01 -1.990879711019273857e-01 -1.835597989645960937e-01 -4.023094163467056394e-01 -9.630556241584685429e-02 5.703199046674038274e-04 1.331786115292964423e-01 -3.126797233460067438e-01 -4.430516717801159798e-02 -6.780996428225782857e-02 6.696191686624129724e-02 -5.644420161855186885e-02 4.099345876922568244e-01 3.240518068768137305e-01 6.698651057819888788e-01 6.973826837854200100e-01 7.490547127901280300e-01 7.192355687815563670e-01 9.064943854325031580e-01 7.696071618710273454e-02 4.674183968615514551e-01 2.725603277281402059e-01 1.872329071388589006e-01 3.537856261003178848e-01 4.896668472300753638e-01 6.479799561414725240e-01 1.384288909493629482e-01 4.814868631153684242e-01 2.373609764356184315e-01 5.522587276243001719e-01 7.352040711788626615e-01 -3.054122514930746601e-01 -2.289575592029307605e-01 3.528702542912057205e-01 -1.341943298619810987e-01 -4.927604405006311833e-02 3.015493195732826814e-01 4.388497244048613077e-01 5.537585129527730077e-01 7.084368976877446211e-02 5.042493572719372041e-01 4.224494680350603104e-02 7.361302761861202026e-02 -1.727890387550528595e-01 -1.603562659827198200e-01 2.100348010649087382e-01 5.318903093151104711e-02 9.975314542522994987e-02 -1.441299344299275531e-01 4.707356675773129440e-01 5.494768545359698386e-01 -1.489476624702573138e-01 -1.585854026548605966e-01
