1.000000000000000000e+00 2.139529523526285948e-01 3.536502177290048454e-01 -1.777396612837687517e-01 -8.438311874759574227e-02 3.077527224974706543e-01 5.455153898455044476e-02 2.737275442803478454e-01 2.379901330429700090e-01 2.154755437479776436e-01 -1.869512050307362838e-01 -1.708833911939627581e-01 -1.710550521635929577e-01 -1.790869249889090742e-01 -2.292297317198620232e-01 4.088571540130126435e-03 -2.485871096034188432e-01 7.709262778785898329e-02 -1.918814998693784135e-01 1.164947802211992178e-01 1.710237533060105994e-02 -2.900156152670972376e-01 -2.742893064448683749e-01 -2.824175203076545460e-01 1.703400102997621457e-01 -3.220950962808353801e-01 -9.308448949012550211e-02 -1.349742811375707618e-01 -1.885734819248384986e-01 -2.500315950262278486e-01 2.004032982830513676e-01 -1.363350558335220952e-01 -1.546505180596048079e-01 -1.570874775920249322e-01 -2.410315155603712234e-01 -2.404002484008275001e-02 -2.310555762565991988e-01 7.707947529316329371e-02 -6.691759013902517927e-02 4.094913633365365041e-02 -1.922571804671081019e-01 2.650827382037459490e-01 -4.147412370630456507e-02 -1.020230275061497910e-01 -1.398311914088707329e-02 -3.607316251934207241e-01 -4.005685879877284306e-01 -2.984191924489667525e-01 3.205078288312324108e-01 -1.421412890884082847e-01 5.515878131034706033e-01 3.759885530918873897e-01 -4.872469796784310164e-02 -2.609714206290129623e-01 2.711509348746052872e-01 3.577054455992015325e-01 2.962096126710942467e-01 2.845704721621982736e-01 -2.117127579037265603e-02 -3.088550796001974796e-01 -2.446594111017088014e-01 -9.115101071630138385e-02 -4.147846761592734188e-02 -5.269983031718702103e-03 -1.172450683993218334e-01 -2.298730277015155476e-01 7.811543891621401670e-02 -1.177087735837789445e-01 -2.559438424865517758e-01 1.155374876740679763e-01 8.396893319768250485e-02 -2.348212944592271145e-01 -1.861899889608307490e-01 -5.487352618854453301e-02 -3.906927860339892700e-01 -1.506189240614861369e-01 -1.084604897064355838e-01 -2.598960797587622218e-01 1.462104091020771657e-01 -9.360189798528537053e-02 -4.792287815191301203e-01 -2.468870226502801191e-01 4.432955628762233480e-02 -3.620364950265736459e-01 -1.216735049452494360e-01 -3.332681935857283451e-01 -1.152145040324621672e-01 -1.636728412589915638e-01 1.176701764749597638e-02 -3.377124283952412376e-01 2.074475311156994892e-02 2.536254981758299110e-01 -8.108181520286979194e-02 3.210489900858890522e-01 -7.431071641011269269e-02 8.064486506005717759e-02 -3.804624877883702183e-01 -2.820326810104537008e-01 3.484112610944723465e-01 -1.044794679004020510e-01
2.139529523526285948e-01 1.000000000000000000e+00 5.724292100572478947e-01 2.451877489597269755e-01 6.076331417105091948e-01 4.192768714512565276e-01 3.488700005989402858e-02 7.871174070602344752e-01 5.009540642172702896e-01 -3.006892304801662141e-01 -1.249886606518339945e-02 -1.997676530349799529e-01 1.136547639687703753e-01 7.235401692449083821e-02 -6.792992309100773229e-02 3.373922069335807961e-01 1.083679878025841925e-01 4.514615010584991928e-01 2.353612386436838844e-01 3.971897894438853327e-01 1.614151341955493424e-01 2.760802042425158573e-02 1.522061544892352736e-01 -1.960368249395822993e-01 -1.935821136337653459e-01 -5.687811343557623578e-02 1.018674585441809027e-01 3.630734028789425749e-02 9.967962659317243512e-02 2.458518573129064161e-02 -1.481635076840608078e-01 -5.820897608025744213e-02 -1.314604597472434355e-01 3.603819187744131125e-01 8.063692867776271755e-02 1.613134597468738329e-01 -8.513892737050634402e-03 -1.675390403235390013e-01 -1.747397853814790791e-01 -1.414670295261316046e-01 -3.375263730588449196e-01 -1.496625733386065527e-01 -2.693814901064396361e-01 -2.328273878675955200e-01 -1.547795490926727191e-01 -2.011173997559942694e-01 -4.148971652226672580e-02 2.872876845254107581e-02 1.086823680422228378e-01 -1.087586963325891526e-01 -5.344719834742243242e-02 8.001830743894128295e-01 1.476821631952305036e-01 2.847523079520764555e-01 6.266630196385911677e-01 3.659042413573860286e-01 6.205970418042310310e-01 6.177689665726933121e-01 -4.346540849385543970e-01 -1.472320360708802844e-01 -2.137056379828537744e-01 4.798570414193872175e-02 -4.394459342322592880e-03 1.235961592128639597e-01 1.558518075060911778e-01 -6.590980426476049370e-02 -2.638613834692462579e-01 2.135445589101641894e-01 2.172900026035924359e-01 5.492896170167357317e-01 2.778630984622157407e-01 1.409123864352631629e-02 1.902608240223676583e-01 -2.173689472264226097e-01 -1.198159996353703738e-01 -2.490471210367635746e-01 8.880867193021133033e-02 -2.441706816888075324e-02 -3.913961480531841231e-02 -1.636358828330867765e-01 -1.224975812272535991e-01 -2.367378499949284176e-01 -2.666068002453747532e-01 -2.131447417829424873e-01 4.980732057060190121e-02 -2.369268541290410202e-01 1.366469325622411517e-02 4.177615345949610426e-02 1.832217804173812692e-01 -3.386265017172738756e-01 -2.711562183115620583e-01 -2.513703884234559371e-01 -3.066629410693659796e-01 -2.578315654385430755e-01 -4.347917181636882233e-01 -2.053528274841378287e-01 -1.936180997571102513e-01 5.625120535499418539e-02 1.461009955925113568e-01 -1.913129359269781504e-01
3.536502177290048454e-01 5.724292100572478947e-01 1.000000000000000000e+00 -2.885606691274755775e-01 1.894178520990748571e-01 7.838317780579266980e-01 1.153094862203316584e-01 6.004325867924071858e-01 7.177364139917490338e-01 -1.813501216589287757e-01 1.820202285073140858e-01 6.045532711036096657e-02 2.349732389716618353e-01 8.729259217924584258e-02 -4.040192360918203052e-02 -6.276822118971536746e-02 1.858994686279270558e-01 3.237741746405696230e-01 2.051756924395323478e-01 4.605321181488886140e-01 3.176596794589762185e-01 9.662377828238838395e-02 4.857537737277758255e-02 -1.142524863624439224e-01 -1.651092522392125783e-01 1.336013664999566586e-01 1.276417900436948305e-01 6.058540788503670449e-02 2.710626088136144918e-01 -1.131758309368890297e-01 -3.179875525868873232e-01 -4.325402967493438000e-01 -4.926006310429270063e-01 1.915737798505815492e-01 1.705882135531600063e-01 3.028316240909326162e-01 1.044942371054513736e-01 -2.262022442976721892e-01 -1.152514610277912827e-01 -4.534241148923241066e-02 -2.564018280453459475e-01 6.991865120730100802e-02 -1.389973140111581129e-01 -7.186352211686700131e-02 4.482145073989078632e-03 -2.417510778304302610e-01 -1.122655481633072633e-01 -3.540810740129418654e-02 4.385439972812988918e-01 4.584339896656544622e-02 -2.725059853635590501e-02 5.870721726915917316e-01 -3.062346021704617782e-01 -2.956197421314747387e-01 7.393277664203705690e-01 7.286480544314770658e-01 3.462163009889581700e-01 6.828809389248379214e-01 -1.183251717666585212e-01 1.249549523905107429e-01 4.060994788377367964e-02 7.141320560161988629e-02 5.259483540725475720e-02 2.296929184319662087e-01 1.636525016884184947e-01 -5.123855477568062949e-02 -1.823348556107602936e-01 1.843035190623249775e-01 1.129694502581530258e-01 3.457296766698929602e-01 3.913248441258267429e-01 -1.876900576759564163e-02 9.121576037144236981e-02 -8.311613481955361371e-02 4.325832305248109022e-02 1.004594668751931930e-01 2.023071256641349736e-01 -9.479595045147361232e-02 -1.582399289856732671e-01 -4.631562085419388963e-01 -9.351949529686499896e-02 -8.736982827523606665e-02 -9.853511470136452899e-02 -2.806607575452096937e-01 1.114990183639781168e-01 -3.176774604274176239e-01 7.512946418995332387e-02 6.452598569981971011e-02 3.170196003519824002e-01 -1.262033446116567204e-01 -3.803681490612233485e-01 -1.078810065282223007e-01 -1.855379620410026742e-01 -6.736383812897964174e-02 -1.436479694112783589e-01 -1.018897842420774663e-01 -1.897410685657982543e-01 4.602741296295689150e-02 4.730214429343088112e-01 2.972575650505431336e-02
-1.777396612837687517e-01 2.451877489597269755e-01 -2.885606691274755775e-01 1.000000000000000000e+00 5.132127796516966489e-01 -3.315679233968173989e-01 1.146892419868725393e-01 1.086615324532607396e-01 -2.685968738339021833e-01 -9.162326025522146700e-02 -1.377511795035800957e-01 -1.492681040150114491e-01 -7.126524168682582538e-02 5.931910287646523228e-02 -1.113351189528193584e-02 3.979607723201394331e-01 -2.155617217495451807e-02 5.210045053698973694e-02 9.536805815796068481e-03 -1.963343729596634946e-01 -2.428209271536642677e-01 6.193078409550594604e-02 1.349855248618606063e-01 -2.939680279085146383e-02 -2.709617029176921224e-02 -1.581841652568075074e-01 -1.582014424175196832e-01 -1.546629126358673445e-01 -2.622428122667211370e-01 1.851469896740532417e-01 1.893352782676289425e-01 3.569817719632403241e-01 3.741821647978210152e-01 1.551836335419539414e-01 -2.054958538752764581e-03 -2.087447552184077126e-01 -1.846461022291455700e-01 2.766145987556660191e-01 1.517651450257863910e-01 4.353163086588438674e-02 1.280098465552202691e-01 -1.345475972757260996e-01 8.170074589864434467e-02 -5.191922207401593325e-02 -1.961560053211039434e-01 1.341028655373999179e-01 2.071236115062414507e-01 1.082057194926274446e-01 -2.800744551668074567e-01 -2.765244923749063041e-02 -8.584060198524735841e-03 1.040536192020604517e-01 5.052386853870007855e-01 7.751772472733882147e-01 -1.878630333086047932e-01 -3.724742454016153892e-01 1.634940418051990252e-01 -1.972784756414879548e-01 -2.384172680521522425e-01 -1.893219557265198860e-01 -1.692059118120513850e-01 4.120266253291887497e-03 2.034745180395936687e-02 4.714945392237102073e-03 -2.773597561732019101e-02 2.105172813894255063e-02 1.631485617307227437e-02 5.578211975627529740e-02 -4.510911197954416141e-02 2.314370144261614429e-02 -2.531137309457208717e-01 8.496961102820899114e-02 4.949029404268386056e-02 -8.553509713788054469e-02 -2.033817737997168917e-01 -3.058914053586104798e-01 -2.394861961789425397e-01 4.201788907767439740e-02 1.562658387829655438e-01 2.440589216630422165e-01 -1.436702553933362769e-01 -1.495156301136873755e-01 -2.719430414795854234e-01 7.996222570129422891e-02 -2.092724198767242361e-01 1.221358296892573886e-01 -1.538014810679480815e-01 -1.675542389211907568e-01 -2.429258170718822385e-01 -1.279599111153250923e-01 1.713644332860384256e-01 -6.972367605867490874e-03 7.422534101156427755e-02 -1.191834452890079693e-01 -1.685755861708547187e-01 -6.142261710957453574e-02 6.859911936992901804e-02 -5.165999753035462050e-02 -3.522239549494206035e-01 -1.615236806521441193e-01
-8.438311874759574227e-02 6.076331417105091948e-01 1.894178520990748571e-01 5.132127796516966489e-01 1.000000000000000000e+00 2.153364232210079332e-01 -1.003338581297201215e-01 4.095423292227259315e-01 3.143847341489549585e-01 -2.411719867773021442e-01 -3.191595382762776184e-02 -1.430440319180331099e-01 7.688845826716596277e-02 1.981781548346601141e-01 1.532705182470312788e-01 2.615029364987681015e-01 1.513259158051742381e-01 2.512149982243677693e-01 1.848012203896061412e-01 1.325548602681717036e-01 4.049247228128512177e-02 5.294286726209256055e-02 3.367936136214782494e-01 -1.181264561058314871e-01 -2.249108008374087475e-01 -1.207884964861314636e-01 5.720453071236526743e-02 4.983120256543615428e-02 3.255783321064909669e-02 2.969633119501816632e-01 -5.386185127042439347e-02 2.160180133829991689e-01 1.859434012530565283e-01 2.858928298132907275e-01 4.684883961236488426e-02 1.730047924298788731e-01 3.730430302297501471e-02 -8.392655145265753847e-02 -1.196549929678049629e-01 -1.971216393356724217e-01 -1.380155625555913590e-01 -2.914154894605798796e-01 -2.608168551089745657e-01 -1.343070501170307296e-01 -2.504139661540318307e-01 5.489723602260252605e-02 2.444559241266398841e-01 1.991156605990717643e-01 -9.117237819915748054e-02 -1.173075376846463985e-01 -2.478550129346521469e-01 4.209346765467718021e-01 2.405191942967125629e-01 6.126801407349442563e-01 4.461246111412007775e-01 1.401100850138567999e-01 2.855976773511414435e-01 3.084508976357284160e-01 -3.876481708985470287e-01 -1.052176422794035698e-01 -1.236881621698506101e-01 4.515279359190207259e-02 1.311847661172872437e-01 1.963227202702305940e-01 2.043475852552423255e-01 1.784558242471497302e-01 -2.623840992329377064e-01 2.566032037736721283e-01 1.230434509902893214e-01 2.225814884436340124e-01 1.296277960025496792e-02 6.213191309752044006e-02 2.754135690138742598e-01 -3.250235122128983800e-01 -6.333523628185734611e-02 -2.742788451587269138e-01 7.688364616496864978e-02 1.934463777777735982e-01 -4.318704481118130351e-02 1.172995714056744576e-01 -8.551522739675636309e-02 -2.008052197551009888e-01 -2.987435100586516845e-01 -1.151196853449071023e-01 1.274183623679781864e-02 -1.255795691857136340e-02 6.971142219667879336e-02 5.218466360740416782e-02 4.420639167812408232e-02 -3.151963888669421787e-01 -6.499081486103071292e-02 -3.368860547795983762e-01 -2.439551829385065984e-01 -2.418198840007881878e-01 -4.139996409093700258e-01 -1.690730695954133778e-01 3.612246937385023282e-02 1.489512039219925421e-01 -1.013201142456587600e-01 -2.417350626275505954e-01
3.077527224974706543e-01 4.192768714512565276e-01 7.838317780579266980e-01 -3.315679233968173989e-01 2.153364232210079332e-01 1.000000000000000000e+00 5.271943322590625508e-02 4.752497198337133355e-01 7.856306847295916329e-01 -1.278304458086979012e-01 2.471204024996405679e-01 1.203001651922945281e-01 2.830458918401422275e-01 1.238544386987202178e-01 7.722728676100866496e-02 -1.204966740259548058e-01 2.594556546739988923e-01 2.699984857686552053e-01 2.156384740190111504e-01 4.265353997710853440e-01 3.848410911233777765e-01 1.151115329818690053e-01 8.210960797953351098e-02 -1.129022662771404367e-01 -1.319382947570628684e-01 1.231990030823837817e-01 2.148214509660468230e-01 1.388627803562314800e-01 3.271075429079388086e-01 -4.835652981038728038e-02 -2.916908214446823355e-01 -3.939210970460126915e-01 -4.374886194705235321e-01 1.397251209876712585e-01 1.522912074776814895e-01 3.780304234830724752e-01 1.362140989105219135e-01 -2.908469469700371568e-01 -1.171539594231665871e-01 -6.912135192551327467e-02 -2.201485067284672248e-01 8.583100637792974441e-02 -1.472053853057983530e-01 -6.433825339650665887e-02 -3.523744098856113754e-02 -1.607856709973506659e-01 -6.616446017000097990e-02 -8.692664734374423371e-03 4.999619759768807459e-01 7.129885154400709968e-02 -1.633569348276166511e-01 3.952119981808796534e-01 -3.755493262291145773e-01 -3.261574715952698100e-01 7.681055607259182905e-01 8.202477309258909832e-01 1.951390167495691552e-01 6.638081635440191697e-01 -5.920853724956242486e-02 1.984765992940118462e-01 1.440194103137120429e-01 1.632641924889138563e-01 1.636677884139293160e-01 2.722947735320581653e-01 2.316301121762600890e-01 6.869799831122484768e-02 -2.042049219671193405e-01 2.601449673087959935e-01 9.527291596136266971e-02 2.119907507337980279e-01 3.867360605307397781e-01 -5.627506683578626864e-03 1.166288060658719622e-01 -9.332441255710577366e-02 1.119916454450848586e-01 1.335878688634110079e-01 2.816671987074143013e-01 1.191330694543535004e-02 -2.025097767509696223e-01 -3.984128502167468278e-01 -6.635752129616628858e-02 -7.036214321389483439e-02 -1.043798346104635733e-01 -2.858183229386835889e-01 1.798430601450941024e-01 -2.691066111511293824e-01 1.037803331028031434e-01 1.253657668514025214e-01 3.076041201966315253e-01 -1.244167747206917224e-01 -3.231586709104012911e-01 -1.375750644261999056e-01 -1.751326726526678257e-01 -4.315930117000058019e-03 -1.134545187706576252e-01 -9.243261561658129566e-02 -9.286776681467114047e-02 7.804951414172428548e-02 5.163441552767878973e-01 6.127016899896740865e-02
5.455153898455044476e-02 3.488700005989402858e-02 1.153094862203316584e-01 1.146892419868725393e-01 -1.003338581297201215e-01 5.271943322590625508e-02 1.000000000000000000e+00 5.528383756722907855e-02 6.540692118078976491e-02 8.778371203707602266e-02 -6.582200921435100993e-02 8.269630145848352529e-03 -6.683195982579965590e-03 -6.622670222017008890e-02 -2.072078154935987626e-01 4.814733167721815116e-02 2.900901441189194380e-02 -8.751133623518404792e-02 4.463629467115920457e-02 -1.568028590127311037e-02 -1.093571119605179880e-02 6.973855048312128935e-02 -1.651726830738224350e-01 5.791457216503422684e-02 -8.804968981691778038e-03 -5.348776871164710213e-03 -2.034854140282966461e-01 -3.424865360085590504e-01 -1.302321359037384163e-01 -1.767778688240691509e-01 -1.030483859944297115e-01 -1.373103688146502244e-01 -1.753722535243335823e-01 -1.236740979151321335e-01 1.476774120979512488e-02 -1.393724457308908038e-01 -1.668981795992499906e-01 2.591430177032744142e-01 3.273854520159846793e-01 6.364464179926424547e-01 2.604774108923659237e-01 2.123136537190649931e-01 2.114891621649253872e-01 -1.450638402089088619e-01 -1.074631874420201583e-01 -5.232305613586525628e-02 -1.206011700723274432e-02 -1.213739006454796626e-01 1.104005848762181913e-01 2.400229370204301771e-01 9.313986516094747981e-02 -2.159509369512924160e-02 1.879630344927076258e-01 -3.371522375013924488e-02 2.195180232315112334e-02 5.558035887785327256e-02 1.789686580069920485e-01 4.987653927478800236e-02 5.633218574798272427e-02 -1.766654660907784544e-02 -1.389087831935332390e-02 -5.117635277140164529e-02 -7.525264366247423620e-02 1.282868639215687667e-01 -2.292987953617693642e-02 -1.753340011996773196e-01 4.937032876216587152e-01 1.199854950791666153e-01 -1.559821269979569935e-01 -1.045891490824550490e-01 -4.529005294700033483e-03 1.225241935476958505e-01 -1.452816408369009549e-01 6.187590794979606068e-01 -3.491671037110300607e-02 -3.201745923269264105e-02 -1.226777556632007576e-01 -2.007327303408285024e-01 -7.718036959282133236e-02 -2.055753878286219194e-01 -1.981416986730610008e-01 6.638735199330735026e-02 -8.499847698474456703e-02 5.862674028477533883e-02 -2.851849484352620423e-01 2.656652942367985701e-02 -1.659626795385074349e-01 -3.142080206191804059e-01 3.016720686106423230e-02 2.326196224757085818e-01 -7.014308434344293519e-02 3.527988545027404554e-01 4.897142095640567572e-01 1.322535242398398536e-01 2.058264678495906330e-01 -1.620413173225392911e-01 -8.124953460322287269e-02 -1.400186074655607182e-01 1.324856410623117819e-01 1.629961230330064237e-01
2.737275442803478454e-01 7.871174070602344752e-01 6.004325867924071858e-01 1.086615324532607396e-01 4.095423292227259315e-01 4.752497198337133355e-01 5.528383756722907855e-02 1.000000000000000000e+00 5.158479600255144737e-01 -3.006568158846831262e-01 1.028026913141512899e-01 -1.015482872373936057e-01 1.471462933441701482e-01 1.376579638952705187e-01 -4.331508248573187614e-02 2.808617101811333172e-01 2.813423626023306423e-01 6.851187918882112315e-01 2.793950378228461373e-01 4.923366560347552934e-01 3.495964757005466939e-01 6.586224133264519109e-02 1.724143160485815673e-01 -1.122348250941083286e-01 -8.258386808576541338e-02 2.630616519203609477e-02 1.634688144371423402e-01 1.116777232086399729e-01 1.927791034404148229e-01 2.921449071516122112e-02 -2.037030629957082006e-01 -2.277807489960677056e-01 -2.927314684614567564e-01 4.580662705842347693e-01 1.371275027140211600e-01 2.061742041872277331e-01 2.012205753685969087e-02 -2.574539159550619516e-01 -2.554858583389194027e-01 -1.361392667878124352e-01 -3.723108723675130349e-01 -5.996153353597505342e-02 -1.796163032240923607e-01 -2.037758446441022553e-01 -1.580317600515599163e-01 -2.034862030250196852e-01 -7.093777341434041872e-02 1.449238913466256717e-02 2.035627102678168598e-01 -9.089138738609763013e-02 -9.194740249196349524e-02 7.433069593552138477e-01 1.155585198021662034e-02 8.048258759566666309e-02 6.077651070216096851e-01 4.232397213467647967e-01 7.007767609116414276e-01 6.849890801358951009e-01 -3.921286275445677871e-01 -8.298215223148656949e-02 -1.510983875871402538e-01 8.200188407157067705e-02 -2.011222217234337516e-04 9.267044505555652179e-02 1.924574376159093048e-01 -6.571203110800880043e-02 -3.122991883165975868e-01 2.274892199113750790e-01 3.230057984009099825e-01 6.718338240782142368e-01 4.371439981525387375e-01 5.421285162219747350e-02 2.451870619636051241e-01 -1.481890148288479425e-01 -2.624853985125868983e-02 -1.227976900590768833e-01 1.708535057266141743e-01 -9.377111948118745446e-03 -8.325778207489890892e-02 -3.386996869002628641e-01 -6.828970272488349424e-02 -2.549282077227023047e-01 -1.833369200133904142e-01 -2.468753733249502702e-01 1.530661606718515255e-01 -2.969287907708443308e-01 3.076072739507366288e-02 9.276855054075247575e-02 2.143634584055998382e-01 -2.948162210741590572e-01 -3.313376417691074050e-01 -2.910050428363649133e-01 -3.974392702821947787e-01 -1.500898312228507447e-01 -3.556993323957534647e-01 -2.018237191748298021e-01 -1.687406397534306768e-01 8.351836584949869080e-02 2.430566239084312186e-01 -1.224971010630097196e-01
2.379901330429700090e-01 5.009540642172702896e-01 7.177364139917490338e-01 -2.685968738339021833e-01 3.143847341489549585e-01 7.856306847295916329e-01 6.540692118078976491e-02 5.158479600255144737e-01 1.000000000000000000e+00 -1.480927916173505332e-01 2.447755850720855220e-01 9.417492587364652279e-02 3.048941218271229991e-01 2.213576175859466866e-01 1.753285348439779789e-01 -3.611991576219863304e-02 2.286140504760491854e-01 2.618389444172762315e-01 3.051559585608228375e-01 5.000339868041684399e-01 4.379987120282056168e-01 6.474355245699789721e-03 1.979303880475031530e-01 -6.389536611171102443e-02 -2.445373860882433248e-01 4.261842621490258276e-02 2.081859953971598731e-01 1.441965513594783976e-01 3.218497345723237979e-01 9.124428277612604832e-02 -2.561995197497580201e-01 -2.214742165346630376e-01 -2.930814151583583382e-01 1.104753362325826826e-01 5.391024745224785863e-02 4.421530336056337385e-01 7.865425216399700437e-02 -2.982039363909658181e-01 -2.077638991975999383e-01 -7.892632668386888317e-02 -2.065386281438529592e-01 -4.360658155225356075e-02 -2.706732592175842833e-01 -5.425268278732360561e-02 -6.758916574804212096e-02 -1.154283311730792960e-01 1.981823689307096389e-02 1.378981243122276990e-01 3.959336474567139441e-01 5.273059526040164979e-02 -2.389015968501414788e-01 4.493285954663448489e-01 -2.149933156705769732e-01 -1.866695033302335771e-01 7.460734509679574078e-01 7.688052201008512831e-01 2.935756543794042495e-01 8.204720345765139644e-01 -1.405662668539189863e-01 1.783652073935360349e-01 9.247441531655986591e-02 2.345107904385036746e-01 2.092422473086521795e-01 3.377308076856336272e-01 3.781404015249783535e-01 1.754627919712592465e-01 -1.271964450962293491e-01 3.550309608301826514e-01 9.459476414343691297e-02 2.360364770663587464e-01 4.440361371139493474e-01 -3.315651870889669423e-02 2.110328372084880888e-01 -1.222435995659312408e-01 1.024398992840607203e-01 2.458213597339505355e-02 3.118957637138633499e-01 1.152258734663546141e-01 -1.282109086693695443e-01 -2.929100398298477015e-01 -1.034692560969896341e-01 -1.310882342257583821e-01 -1.766855636561071308e-01 -3.043422403703545109e-01 9.766270690495555684e-02 -2.490496852690171348e-01 8.205994000747125761e-02 8.265634274092296951e-02 3.753817010772020901e-01 -1.605221447296865944e-01 -3.779516278518892380e-01 -2.982112887419519631e-01 -2.383849327891954251e-01 -1.247887705740977765e-01 -2.596549352076302219e-01 -8.584144356530459818e-02 -8.065452711402100461e-02 1.556606438114198354e-01 4.522443667110907506e-01 -2.076455043484607202e-02
2.154755437479776436e-01 -3.006892304801662141e-01 -1.813501216589287757e-01 -9.162326025522146700e-02 -2.411719867773021442e-01 -1.278304458086979012e-01 8.778371203707602266e-02 -3.006568158846831262e-01 -1.480927916173505332e-01 1.000000000000000000e+00 -2.071916858091347319e-02 1.679728290776530686e-01 -1.223485386804556152e-01 -2.917784566986896810e-01 -2.073077313012510192e-01 -1.459816565689555090e-01 -3.455124653525059042e-01 -3.341713892155513399e-01 -3.895247438419474073e-01 -3.475744457075861105e-01 -2.674059889798418577e-01 -2.755457469976098084e-01 -3.840460458509556974e-01 1.269993549531186761e-01 4.200646987233660479e-01 -1.451922174870343141e-01 -3.503667441129218463e-01 -2.772704336037155048e-01 -2.495125731448079587e-01 -3.055125067341713518e-01 3.296889715777915342e-01 2.055810841038710479e-02 7.487609263658118186e-02 -3.688889768282111459e-01 -2.489970431391268779e-01 -1.300446177623880706e-01 -1.323281058180316438e-01 2.785441848652883690e-01 2.048908320274246964e-01 3.980389754234521238e-01 1.271948034854047671e-01 3.680211393341872306e-01 2.385822304468811494e-01 1.896790594368296667e-01 2.296250854153317478e-01 -2.676984767059956138e-01 -3.002318118330902230e-01 -3.787359340573918098e-01 4.509176103603443342e-02 -2.155444320620567705e-02 1.975638024803513526e-01 -2.373926086731182605e-01 -3.308032516581613930e-02 -1.352142395363425675e-01 -2.388401689660188398e-01 -1.284905661397372501e-01 -2.235715062418652532e-01 -2.133455622913882355e-01 5.958392365849614070e-01 -7.017422324971971104e-02 5.724131392667250462e-02 -6.493788030381157650e-02 -9.633254269808043391e-02 -1.957577386576525857e-01 -3.609874544614176672e-01 -2.281991010118689378e-01 2.389073474030304900e-01 -3.147956553376859423e-01 -3.690469316162195423e-01 -3.036212787607278085e-01 -3.194968917381376672e-01 -2.469588611053882554e-01 -4.459526781932033890e-01 2.182147413274253822e-01 -1.717386304260366814e-01 7.307560303981787408e-02 -2.490232440306890671e-01 -2.923150330003757569e-01 2.470593548860128830e-01 1.131752202355612059e-02 -2.475044990305912962e-01 1.541679722490332327e-03 2.806191513118782566e-01 -2.343591402132315371e-02 -2.879504008623577915e-01 -2.199824261763273503e-01 -1.156343243173330593e-01 -3.146408034103684859e-01 -1.255205808940617063e-01 4.340863941791228697e-02 4.966463764867259933e-02 3.538293474105695391e-01 3.785646678973740298e-01 4.123994686938626253e-01 2.310849278921408012e-01 3.259817629890910395e-01 -2.637558341490323643e-01 -4.194679627043463865e-01 5.418789472930529011e-02 5.101305243069865353e-02
-1.869512050307362838e-01 -1.249886606518339945e-02 1.820202285073140858e-01 -1.377511795035800957e-01 -3.191595382762776184e-02 2.471204024996405679e-01 -6.582200921435100993e-02 1.028026913141512899e-01 2.447755850720855220e-01 -2.071916858091347319e-02 1.000000000000000000e+00 6.973191037049427665e-01 6.170729585331191647e-01 2.892112336533625427e-01 4.193444900956808663e-01 -2.340035536142011652e-01 3.785473137527350929e-01 1.243885084480871595e-01 2.088466257624181088e-01 2.679430462603585861e-01 2.996895069305386405e-01 2.737219961561414006e-01 2.011726090295483660e-01 5.856691155080494537e-01 -3.146760875182176564e-02 6.326413540476751862e-01 2.268251081649465262e-01 3.631962956552692856e-01 4.971972953091759462e-01 1.802848549211415741e-01 -3.427251648762154601e-01 -2.428282484636473670e-01 -2.377585548777604030e-01 1.309958336837692139e-01 2.717216783964550020e-01 3.016811809188799653e-01 1.558365533525294666e-01 -2.806647194069868956e-01 -7.022763236174853207e-02 9.038353497870293962e-02 9.159164268494557337e-02 1.133940072353710055e-01 1.982989726424998211e-01 2.462077351988607443e-01 -2.641489354807162807e-02 1.261704244687205101e-01 2.200151423267798223e-01 1.397317107374635714e-01 2.270642055058954834e-01 2.789446359651069907e-01 -3.105227507597546066e-01 -2.771086786646568753e-02 -3.285150718910085921e-01 -5.631819668374558191e-02 1.075582495698083757e-01 2.155209206388614684e-01 -2.410779387055972736e-02 1.368406015042922530e-01 2.897373553516410238e-01 6.752046373505311561e-01 6.308853783694441386e-01 5.072523371843532525e-01 3.852911910227642678e-01 1.922768544544882774e-01 1.963890271695519496e-01 3.671740428756369301e-01 -1.738328933626871187e-01 1.746232203013840523e-01 2.073926280231014885e-01 3.121701228198287686e-02 2.835700053956499711e-01 1.543319186363733830e-01 1.407768661190488546e-01 2.146217492596943447e-03 4.944653742066010826e-01 5.048644003676734382e-01 4.493641283491559557e-01 2.880915226111132599e-01 -1.571110886277937990e-01 -2.990443321131315835e-01 2.335063643848189485e-01 3.436027452020899708e-02 -4.613446710292921915e-02 1.009625776541456244e-01 1.784527902545955946e-01 -8.440919763492320260e-02 1.008924507647041002e-01 2.203491461790452466e-01 3.576077769836725762e-01 2.414343420893820813e-01 -2.942999047908917976e-01 -2.376361245969949576e-01 -7.926288176599892432e-02 -5.566887367037588047e-02 2.411209968668718284e-01 1.081631796424696035e-01 2.011943451280252537e-01 1.806236068201156064e-01 2.470751340003938534e-01 2.273110257213695196e-01
-1.708833911939627581e-01 -1.997676530349799529e-01 6.045532711036096657e-02 -1.492681040150114491e-01 -1.430440319180331099e-01 1.203001651922945281e-01 8.269630145848352529e-03 -1.015482872373936057e-01 9.417492587364652279e-02 1.679728290776530686e-01 6.973191037049427665e-01 1.000000000000000000e+00 4.361285398940827340e-01 4.828365061270094988e-02 1.996077224690998853e-01 -2.440255153518170461e-01 3.260089863723897308e-01 -4.825568370346508540e-02 -2.312720492812046086e-02 2.204906033215830313e-02 1.298130617287621968e-01 1.862734725790565482e-01 -1.206894844916407868e-02 5.543277496074882071e-01 5.892337952328070838e-02 6.215807672129175510e-01 9.045697726039809983e-02 2.228384825515137557e-01 2.562897243649768786e-01 1.874777899253115415e-02 -3.161002863730345003e-01 -2.440360119022935426e-01 -2.321231514459033696e-01 3.315321540629398434e-02 1.711416080096231085e-01 2.845641266026664451e-01 2.308927694374245387e-01 -2.191512968286585261e-01 -5.784640283605040068e-02 1.292517415612397247e-01 2.503413295760695267e-01 2.161121059975855963e-01 3.352662388807640115e-01 2.825641595634912351e-01 1.307129115839764377e-01 2.806347755105306416e-02 1.022594190246221835e-01 -2.241033598518469422e-02 2.816607901638966127e-01 3.253161806714907067e-01 -1.661692403950895680e-01 -2.130135420140315816e-01 -2.894866575182286628e-01 -1.549405707351557970e-01 -2.998903741041093057e-02 8.835475468002698674e-02 -2.259110292196809533e-01 -3.311417162929262969e-02 5.110277088338335272e-01 6.142470398228436768e-01 7.117107989784633437e-01 3.237294137790569515e-01 2.341265376706467005e-01 2.715379552422659756e-02 -4.846322238756695100e-02 1.500618343885919137e-01 -6.157527917450971583e-02 -3.837187607297977681e-03 7.069433168812742918e-02 -1.034810619575981944e-01 4.874616014531980845e-02 4.108886770706969560e-02 -8.361582534905198649e-02 1.167629746729362122e-01 4.949830916149802751e-01 6.211077838998549927e-01 2.007930651112516118e-01 1.292467156204063217e-01 -1.413436705592960030e-01 -2.508729876490736754e-01 1.803630941583080349e-01 1.556959291474044327e-01 1.516066097959470615e-01 1.125830120151065372e-01 9.383075120057157714e-02 -1.018147391572537391e-01 1.468464073230094091e-01 5.529971429023936708e-02 2.386072004907483224e-01 3.220649815804224603e-01 -2.499141183140504152e-01 -4.738531131888613912e-02 2.303605324205837065e-02 6.344572334017663240e-02 3.794240813014393976e-01 1.332719487606592867e-01 1.017216570430528599e-01 2.723200596441523874e-02 2.365405191601341328e-01 3.086402945941367770e-01
-1.710550521635929577e-01 1.136547639687703753e-01 2.349732389716618353e-01 -7.126524168682582538e-02 7.688845826716596277e-02 2.830458918401422275e-01 -6.683195982579965590e-03 1.471462933441701482e-01 3.048941218271229991e-01 -1.223485386804556152e-01 6.170729585331191647e-01 4.361285398940827340e-01 1.000000000000000000e+00 3.789952180275196203e-01 4.122834070316180322e-01 -2.356069222677270592e-01 4.155360892581536625e-01 1.398284042096774593e-01 3.548818563721904407e-01 2.865577021609427288e-01 2.931556217684422316e-01 4.473494604910721595e-01 2.789583110286942280e-01 2.944344696116008020e-01 -1.806388890026879857e-01 5.054620539711389693e-01 2.986569936492815547e-01 3.949957082333107605e-01 5.348322583285460841e-01 2.605311059078799230e-01 -3.097806345947046180e-01 -2.595556563667142935e-01 -2.935979349050964471e-01 2.230309946727875858e-01 4.496570103297565790e-01 2.524424223967260961e-01 1.707601474031311684e-01 -2.437964472814136418e-01 -1.998279071052420225e-02 -1.329256656980334038e-02 5.253926504922141333e-02 1.095756100097265290e-01 1.433861933625794893e-01 1.415822800462097353e-01 -1.010652050480530945e-01 2.125494531142186616e-01 3.457172027650450286e-01 2.366201054799239867e-01 2.316366674961386762e-01 3.320143741113557034e-01 -3.123962065999955073e-01 1.056210869508703715e-01 -2.903841775624164678e-01 9.904810963859540796e-03 2.065767151559639581e-01 2.272607713616545400e-01 1.258926597389814321e-02 1.903547702197545266e-01 1.288023483268446179e-01 5.694162939651247202e-01 5.629344429965162933e-01 7.637535994379346382e-01 5.633210619026697286e-01 2.033584559682541648e-01 2.707694239225736377e-01 3.433673793579706257e-01 -2.287234288181672071e-01 2.896607584739257502e-01 2.708412109291151171e-01 1.198285818820715859e-01 3.148518218411094916e-01 2.944953717998440301e-01 1.999687230445866826e-01 -4.831055272775992837e-02 3.917345141339586001e-01 4.007977986279860905e-01 4.821195113416519851e-01 3.488544247521063180e-01 -2.067925888445541760e-01 -3.319569880817103691e-01 3.001019236481204944e-01 9.842641966099441309e-02 -1.388607718089313603e-01 1.649425612286064824e-01 2.011681757653658587e-01 8.741551659207782987e-02 1.059668098898533528e-01 3.028067569110633461e-01 3.343762249587755031e-01 2.200341933362310043e-01 -3.865787109205638394e-01 -2.323877302655840138e-01 -5.702019526800004845e-02 -1.331522504473654223e-01 1.971237596136675707e-01 -2.292437757969215464e-02 2.246181097758224443e-01 2.838333700631952006e-01 2.801849961757604812e-01 2.147458602990181542e-01
-1.790869249889090742e-01 7.235401692449083821e-02 8.729259217924584258e-02 5.931910287646523228e-02 1.981781548346601141e-01 1.238544386987202178e-01 -6.622670222017008890e-02 1.376579638952705187e-01 2.213576175859466866e-01 -2.917784566986896810e-01 2.892112336533625427e-01 4.828365061270094988e-02 3.789952180275196203e-01 1.000000000000000000e+00 6.693231916498261214e-01 -2.980357567239574554e-02 4.825252917883672277e-01 2.007894454862023670e-01 6.805538762372789208e-01 2.185440398527135619e-01 4.747735336662474159e-01 3.315796407488053044e-01 6.728537436418216000e-01 1.157923647177307724e-01 -3.405911557020698255e-01 1.115256701539580619e-01 3.525941686972338118e-01 3.005134903399024893e-01 4.450485394105714310e-01 5.873195275244510460e-01 -2.078221995923269505e-01 1.440384280554926066e-01 3.191992405319968307e-02 1.430954354449652521e-01 2.751321174641127021e-01 1.108401298837750348e-01 -4.443376856526849022e-02 -1.731608372127017847e-01 -8.328100440922528436e-02 -1.648533026755970854e-01 -5.761894407170096294e-02 -2.440314223057765686e-01 -1.993390984024013823e-01 -1.627492764051788887e-01 -3.624503397678285332e-01 4.118255243829386236e-01 6.199569195447777181e-01 5.912914495979482155e-01 -5.500194636360136030e-02 -2.590843667908247425e-02 -2.914398562091781719e-01 9.860002315316149235e-02 5.011389404397437186e-02 2.282109747227904217e-01 1.422722104978445534e-01 1.455379203325549431e-01 9.374938856350528704e-02 2.637513191405906343e-01 -1.715887744849502183e-01 1.709991228207675962e-01 7.799798423692624882e-02 3.170001831309333662e-01 4.826686663126628640e-01 5.361688683287255675e-01 6.706927160670478338e-01 6.644265731742631242e-01 -1.540121692123578023e-01 5.498077878330193125e-01 2.800782585960335802e-01 3.373693822387902053e-02 3.921079589794675968e-01 3.501381888042779389e-01 6.007895675654318923e-01 -1.341269886367840725e-01 1.660223231307871306e-01 -7.272659596115779897e-03 4.472032635524660904e-01 6.136445684891108643e-01 -2.006796013924648514e-01 7.408423834993595192e-02 1.879645441483767665e-01 -1.069547608352248158e-01 -3.674167371535232429e-01 5.129958838681815403e-02 2.163794661038992706e-01 3.392029632360893943e-01 2.413500244171531972e-02 2.393756860519183904e-01 9.970479304666644838e-02 -3.779492484404477215e-02 -1.523990942379395974e-01 -3.139278290365934976e-01 -9.497134363041558058e-02 -2.669882220607930901e-01 -1.523086335165042271e-01 -2.228190354793769812e-01 4.693364928880273124e-01 5.587997039914588404e-01 -8.783317252209467407e-03 -1.164969579976932179e-01
-2.292297317198620232e-01 -6.792992309100773229e-02 -4.040192360918203052e-02 -1.113351189528193584e-02 1.532705182470312788e-01 7.722728676100866496e-02 -2.072078154935987626e-01 -4.331508248573187614e-02 1.753285348439779789e-01 -2.073077313012510192e-01 4.193444900956808663e-01 1.996077224690998853e-01 4.122834070316180322e-01 6.693231916498261214e-01 1.000000000000000000e+00 -1.096621298248928039e-01 2.926222787712101647e-01 3.380940687167686282e-02 3.605429389670671281e-01 2.532885500051039185e-01 3.552138360533080297e-01 2.444695334568917910e-01 7.150725047677597424e-01 2.385544424241230754e-01 -2.185397713363103622e-01 1.867781376478600264e-01 4.312489178653629573e-01 4.952016570872869727e-01 5.600954009630360053e-01 6.781609412396676362e-01 -2.051666724144172449e-01 2.045819185137927321e-01 1.369867183315089665e-01 -9.053576384630887661e-05 1.577826110709815155e-01 1.898190740011290734e-01 6.842762956599206248e-02 -2.933940885052563341e-01 -2.267144695367950824e-01 -1.493184463168187592e-01 -9.988000014800074711e-02 -2.203288766912540608e-01 -2.408062775365222563e-01 6.059889386566267439e-02 -2.987445860927245844e-01 4.399076236716424892e-01 6.226113183464969669e-01 6.496574394296702470e-01 -1.231243264133595333e-01 -9.095324810734747856e-02 -3.912349841848027365e-01 -6.884547649189057261e-02 2.154977158750289584e-02 2.231960645561980594e-01 -3.249836122063251738e-03 6.604943169182940499e-02 2.297813752989035993e-02 1.132015346545875156e-01 -2.578915901208337150e-02 3.514303641108927900e-01 2.890909476784415122e-01 4.713575106793546632e-01 6.303103445876588884e-01 3.848590251989651434e-01 5.725366791270872779e-01 8.953344788204921079e-01 -5.014909001017284901e-02 3.263293490661167695e-01 2.157325041222006579e-01 -1.093921587874469165e-01 3.185847105147077696e-01 3.148519212651068599e-01 6.117147456257552296e-01 -6.677208841529704009e-02 3.573420810221356048e-01 1.491081872830460064e-01 6.322589012154162802e-01 7.489611594855004606e-01 -1.861644128918253649e-01 1.282110665919988512e-01 2.818979397403246212e-01 -1.162606047368303919e-01 -3.133055226030528329e-01 1.190888169492132914e-01 2.805085452271999236e-01 3.779597295851187533e-01 1.148643003167317128e-01 3.661534627761602323e-01 1.939324065526693286e-01 2.766739676360698355e-02 -1.153344412422927789e-01 -4.207929275598530916e-01 -1.464037114597784295e-01 -2.194521587877393265e-01 -5.113032986496735682e-02 -2.707103836408569081e-02 5.053785781031722157e-01 5.929255805859982020e-01 -5.730458356807310860e-02 -1.484475146134422163e-01
