1.000000000000000000e+00 4.356313687515642186e-01 3.843490986346729810e-01 3.444944581147104667e-01 2.893285255332914141e-01 1.071233314436472739e-01 -3.819498973033007196e-03 2.101852756677829448e-01 1.715232644728427736e-01 -3.609739655615099019e-02 -1.735798498235257559e-01 -1.826881642311206644e-01 -1.788184109534396438e-01 -2.303218365756573571e-01 -1.461792888540348889e-01 3.961408124445789380e-01 -1.808797225141560716e-01 -2.319002674231329664e-01 -2.226456992319874040e-01 -1.853508278053191960e-01 -1.283643659523193703e-01 -8.740421208634471806e-02 -1.152158918045306513e-01 -2.841717873878427114e-01 2.910176021020884907e-01 -1.753561493183738995e-01 1.694427684235620679e-02 -1.045874794053946594e-01 -6.904791663644289923e-02 -2.142212146820878238e-01 -2.052663172270106084e-01 1.137074177822536142e-01 2.335201456861442926e-01 -1.051657227049791477e-01 2.999033329366342787e-02 -1.807302062781563357e-01 -1.494449791037265980e-03 3.576722268398017657e-01 2.538722338344178708e-01 -2.133488615694606808e-02 -2.051761664829465370e-01 1.634562673875676331e-01 5.551935565908962256e-02 2.905229318101831479e-02 1.952227819055741415e-02 -1.121699233048917416e-01 -1.075078358666089751e-01 -6.911328962773409523e-02 1.020615746956385524e-02 -8.325999741241980889e-02 3.036829602486237900e-01 3.952333562945586909e-01 -1.344538676151302292e-01 1.928778134777702491e-01 2.946959906249927985e-01 3.898152575925086238e-01 2.323537969356431754e-01 1.498091412065759576e-01 -2.907282541947397297e-02 8.231064125989646929e-02 6.479766156220193030e-02 -2.133000510796586036e-01 -1.926045789898217231e-01 -1.525391962397970314e-01 -2.558602314449256454e-01 -1.286767180773974451e-01 1.340195864031518309e-02 -1.389813983863597835e-01 -1.771122174713579411e-01 -1.850085717249597139e-01 -1.723235321208125836e-01 -1.910500340517850837e-01 -1.327728821189784192e-01 1.323618496720796456e-02 -1.680684718502387098e-01 2.800281224433576743e-01 -8.865392408151324954e-02 -1.063280797509110476e-01 4.531026719512137174e-02 5.922866227520758031e-02 -3.440306741912034227e-01 -2.019409879341768632e-01 1.196452039640147486e-01 -9.740465492800799707e-02 -1.230776599998292115e-01 -2.099106420285934138e-01 -8.810614326724376319e-03 -5.396316086149197978e-03 -2.401071760811613887e-01 -9.531897925499016599e-02 -3.736207553709302437e-02 1.913561296469413475e-01 6.376086842630435125e-02 2.837206826447876140e-01 3.419394580704260278e-02 9.326458968613093869e-02 -8.897027522187821169e-02 -6.818180193338627126e-02 8.580260792181694518e-02 -1.210574684993299399e-01
4.356313687515642186e-01 1.000000000000000000e+00 3.680019084992574574e-01 4.918335505287449450e-01 5.979669523343517090e-01 1.276889988191988734e-01 8.151232088373620843e-02 2.678775447091423234e-01 1.707181466981491924e-01 -7.246363052006886407e-02 -1.190998680725646047e-01 -1.795670873760310537e-01 -5.199738072082262658e-02 -2.578443851183487845e-01 -2.987063597808799487e-01 5.318960612400660537e-01 -1.271232517617754965e-01 -1.405276101517100029e-01 -2.214962567253331016e-01 -2.436244070977571785e-01 -1.640481447755108013e-01 -1.373578884459724855e-02 -2.394670631572151376e-01 -2.166258939545583906e-01 5.795620468106679746e-02 -1.142761077089178012e-01 -1.662666187492849515e-02 -1.663322043146927276e-01 -5.226814769224078644e-02 -3.466524744018704696e-01 -3.475558243671348357e-01 -4.195643737249353522e-02 8.404154661617188604e-02 2.394011216995927185e-02 -2.413799817360140400e-03 -1.743451589382044031e-01 3.893286119749889140e-02 3.151061768934424467e-01 3.304985459021014815e-01 2.035692627454466566e-02 -1.185126692916214225e-01 9.584338338683011382e-02 9.996733018772538393e-02 -9.284545073085727351e-02 5.496275914286916781e-02 -1.001138858351576788e-01 -2.121227028417913552e-01 -2.466141563965296712e-01 5.474457255836841230e-02 -9.308280167135511707e-02 1.843414526377569196e-01 6.092637909885596503e-01 2.116780710387952125e-01 4.921177325610514020e-01 3.017145553527962321e-01 2.557511050843681022e-01 3.125097755278415379e-01 1.490167237742699990e-01 5.611930857051637689e-02 1.282547926396747535e-02 5.786182665567568550e-02 -6.432622311518322589e-02 -1.032522695213101416e-01 1.607869715919668652e-02 -1.289639855842462657e-01 -2.981114111121049293e-01 2.199931535838040852e-01 7.915977701572265990e-02 3.458666180132796003e-02 -9.422573426437569344e-02 -1.542205190473363297e-01 -1.734101195141958193e-02 -2.172861531923718226e-01 1.892280263488859693e-01 -2.685911562302010017e-02 1.343974766806270427e-01 -9.872450874214894201e-02 -3.073647133507252383e-01 -6.285033725035517500e-03 9.113686625307804851e-03 -1.930436272998737324e-01 -1.583335361448838519e-02 1.318019420422972821e-01 -2.626177456013408656e-02 -8.914658802827009343e-02 -1.433492348558919049e-01 3.675749747403117551e-02 -1.803091346476587142e-01 -2.252123533626224638e-01 -3.318457602622192776e-02 3.085926947101390316e-02 8.842436562153158097e-02 2.623725448022942164e-01 3.817520176203082621e-02 7.813411475375083015e-02 1.844840278710280571e-02 -1.380506232488383778e-01 -2.380213981545319657e-01 2.838269057357816275e-02 -6.192253408357702854e-02
3.843490986346729810e-01 3.680019084992574574e-01 1.000000000000000000e+00 9.363646044467155427e-02 3.647823438392600037e-01 4.945386239260904371e-01 1.343006317108918768e-01 4.133906029312822694e-01 3.978003312636612110e-01 1.610103315179825176e-02 -8.545254438154629983e-02 2.453486519176494018e-01 -5.719064655603926101e-02 -1.513647039905225700e-01 -1.965589625474106483e-01 3.141927055666965396e-01 -1.116119285419812229e-01 3.288384082491856153e-02 -8.127569800788206344e-02 -1.225521966729802570e-01 -1.062837726419253309e-01 -1.052630727795149518e-01 -1.421868276225206063e-01 -4.328373331742608326e-02 -2.521040372092307053e-02 1.565004206411272358e-01 -1.035288516622021593e-01 -2.623640263526993283e-02 -3.594332066735770465e-02 -2.402677446146409823e-01 -4.345722573256257659e-01 -1.693828433202054784e-02 -2.106607784171576556e-02 2.861285921821783707e-02 -4.484523545316860399e-02 7.278002364931261854e-03 -1.038574045239829165e-02 -2.772353507800491904e-02 6.580668604838614544e-02 -6.492320825701307363e-02 1.680356202474747249e-02 6.939890789207167621e-02 1.376127281611304320e-01 -8.652541327391204129e-03 -6.995725924038487253e-02 -2.059838596067013750e-01 -2.140600917920780499e-01 -2.134607197413994628e-01 4.271125260119611466e-01 6.689929718389148183e-02 1.039831438218575266e-01 5.111121917925445235e-01 -2.127097673052163740e-01 1.089474132930723788e-01 4.836863052408984509e-01 6.589031008895646080e-01 3.659482570706149018e-01 3.982646506641263628e-01 -1.794324554114524739e-01 1.726867458664990973e-01 6.646340007775949910e-02 4.723518468005219462e-02 -3.750480587753315248e-02 -1.610797043413297533e-02 -7.504572267044581912e-02 -1.410819063584599076e-01 -7.523361265526048308e-03 1.577763854445642655e-01 1.278629771562251882e-01 2.744709889333077704e-02 -5.435608737068099022e-02 6.314644005576383612e-02 -1.330470096663277646e-01 -3.549191164209131860e-02 -5.618526755680743057e-02 1.845394565022311362e-01 -1.242934682026487908e-01 -1.608470474743610157e-01 -2.333035481650252985e-01 -1.451580519597314989e-01 1.341303943813640549e-02 1.399558895073836629e-01 -8.033811078533226180e-02 -8.768902467941156603e-03 -1.198963370666837058e-01 -2.042385710157483825e-01 -8.421017051850913926e-02 -6.825908393546041564e-02 1.337424281647373731e-02 4.081367049629498756e-02 -1.923055802331828101e-01 -1.044959474464681182e-01 -8.401444827173909502e-02 -7.600799302342672870e-02 -1.556184787841447814e-01 -1.307938916479621516e-01 -1.720400874428859028e-01 -1.197781993233757308e-01 4.113827599161847259e-01 1.262209784484314701e-01
3.444944581147104667e-01 4.918335505287449450e-01 9.363646044467155427e-02 1.000000000000000000e+00 4.041747762392336463e-01 -3.408841544060522283e-02 -1.915385549378937138e-02 -2.869566040887090025e-02 -4.490040437344368363e-02 -1.279886773278053336e-01 -2.430594271540633400e-01 -3.168767523901405148e-01 1.663946827216083307e-02 -1.387990723309149022e-01 -2.184458960339476230e-01 5.311411854128300636e-01 -1.387659794186062723e-01 -2.463202204072439949e-01 -1.771863899961257649e-01 -2.633291552363293264e-01 -7.483969614370693246e-02 1.788272036972799947e-02 -1.284684522666606488e-01 -2.514021131912113627e-01 7.218231999838756185e-02 -3.339601279240248521e-01 1.313447704362163786e-02 -2.751044212651665988e-01 -1.863712561622033748e-01 -1.512445963527870030e-01 3.046153137922346515e-02 2.846781266098739605e-01 5.011418771452883503e-01 -1.121050197269321674e-01 5.782390016853613396e-02 -3.649853478937473694e-01 -1.456112170865013489e-01 2.892154605541041867e-01 2.699569572814651819e-01 1.032842991771002472e-01 -1.951758308065354164e-01 -1.052587505176643817e-01 1.088721491629922183e-01 -1.476592863201751094e-01 1.963271253550646356e-01 -7.542186119102842201e-02 1.997896153918844037e-02 -6.185898389936094269e-03 -1.949526788331074623e-01 -2.413665122349453462e-01 3.480526678855919709e-01 2.630478266961592260e-01 2.566595676603659060e-01 4.988863622903602080e-01 5.053230727639094338e-02 3.003528662944758565e-02 7.181947664972654355e-02 -1.238259380617982297e-01 -5.145364577582429294e-02 -1.450525191375113820e-01 -1.008029105735469694e-01 -1.543143523019487040e-01 -2.403616404634569270e-01 -1.195113396664370248e-01 -2.588262820850835699e-01 -2.163844581744309159e-01 4.529014469169916068e-02 -1.339032395506078721e-01 -2.053323215659291490e-01 -2.521250923764181695e-01 -1.856879771497776110e-01 -1.950122175434112759e-01 -2.253893860900354484e-01 -4.709245765505282871e-02 -1.525893786574659405e-01 -1.679548904311419788e-01 -1.211838173379640587e-01 -1.394021181004842236e-01 2.584593066973832620e-01 2.467289670969455562e-01 -3.667552936366252347e-01 -2.724784944426231759e-01 1.590895381998154445e-01 -2.198505780867657522e-01 -1.946728875573083273e-01 -2.185662932825505334e-01 -1.882648143312674882e-02 -7.700241018222100942e-02 -3.244213029828940109e-01 -2.398498971167873917e-01 2.729785695796695458e-02 8.014654796673128037e-03 1.261791462550096721e-01 -1.696589956587673809e-01 -1.469655382429474189e-01 -3.307532688140882304e-02 6.146627151189573007e-03 -1.304924530842103969e-01 -2.174604003409503217e-01 -2.483124761147340598e-01
2.893285255332914141e-01 5.979669523343517090e-01 3.647823438392600037e-01 4.041747762392336463e-01 1.000000000000000000e+00 3.361547599252395213e-01 8.077081484299412917e-02 1.617736258665774252e-01 8.045831456414788418e-02 4.470238010544280022e-02 1.218008953377289066e-01 -6.445771093105359673e-02 -2.194331592131199687e-02 -2.922862744458303297e-01 -1.943762534865719482e-01 2.175459924968227432e-01 -3.819244894920488520e-02 -2.079596056547157804e-02 -2.189912554652989063e-01 -9.964188838150822569e-02 -1.881291716851456880e-02 1.124131972927129020e-01 -2.441730375473180059e-01 -8.743099357076493383e-02 3.691949941995818080e-02 4.478555984032400739e-02 1.118755753533434288e-01 9.677281410423312080e-02 1.429909943070452882e-01 -2.147199667469872619e-01 -2.263177401043326709e-01 -1.309002098226914323e-01 -5.052495033498760613e-02 1.440869066401769816e-01 -2.707660213511199968e-02 8.549313031548869124e-02 2.644887373530867003e-01 5.846431248308103096e-02 1.405048227410843620e-01 -4.224970112960269031e-02 2.298112851789290909e-02 1.716031574560703266e-01 1.552172033387620199e-02 1.100053960140077586e-01 1.513698890545626674e-01 5.517108002608786532e-02 -2.120112112230157220e-01 -1.822148594715793934e-01 1.956369683755527500e-01 1.709096668760745619e-01 1.602565880608892157e-01 3.850828991989708738e-01 3.017606248021773019e-01 5.731726462419035606e-01 5.604130961379960585e-01 2.817479124687537473e-01 3.132757875406389503e-01 1.317589856782803437e-01 7.531141955743700378e-02 5.748657828173559664e-02 2.265703365450920936e-01 -2.736268587605008781e-02 -5.329222138678432752e-02 -2.550633675181534707e-02 -1.076768820715139942e-02 -3.147089150293272408e-01 3.478210884623693100e-01 1.374543923163017989e-01 2.002501818345715778e-01 9.908154013058277643e-02 -4.939060681608201803e-02 1.542433376941521606e-01 1.901405624176375972e-02 2.808658426799998109e-01 6.687548642524430986e-02 1.887100635973113782e-01 7.140521462916359086e-02 -3.531479585483429107e-01 -7.730502019332177732e-02 -8.420098048196254792e-02 -1.984723262870480981e-02 1.406875079283687879e-01 1.560528412329729997e-01 1.693032247216792463e-01 1.287428568420333486e-01 6.914431945466249785e-02 2.737840323179193125e-01 -2.561502273743685443e-01 3.283932114521354723e-02 8.422014795234859796e-02 7.191704425167762260e-02 -8.993035705766620758e-02 2.650306696751633662e-01 -4.274604051095024643e-02 6.235130763051764669e-02 -1.131447585817560268e-02 -1.201502472466896287e-01 -7.510700440499037955e-02 2.027647470151697495e-01 2.322121411682790126e-01
1.071233314436472739e-01 1.276889988191988734e-01 4.945386239260904371e-01 -3.408841544060522283e-02 3.361547599252395213e-01 1.000000000000000000e+00 1.002100174764301993e-01 3.356121536506549985e-01 4.213277272621017699e-01 2.172666722328582822e-01 1.367265791587419510e-01 7.717775915109224838e-02 4.096572453211332066e-02 -2.319306640442970746e-01 -2.097001704909232656e-01 1.821498743963936295e-01 -1.695482606487231092e-01 1.395940879494935415e-02 -9.990288766107666141e-02 -5.430122541840429196e-02 -5.089284626561164926e-02 -1.335481326857314299e-01 -1.027102023014107579e-01 -1.560639602176680518e-01 2.323346186475234443e-01 3.403925100526911367e-03 -1.584975097630015595e-01 -8.629893491251799942e-02 1.559352122991353173e-01 -2.687545942590458536e-01 -1.231706268536408300e-01 -7.715882353695945051e-02 -9.292623258765146665e-02 3.544493709332030562e-02 -2.055865422841917090e-01 4.646590435430016097e-02 5.222747078420464373e-02 -1.039541167273985156e-01 -1.082998927166427400e-01 -1.799627862730038830e-01 -5.009689975279629087e-02 -6.155126410845274815e-02 -6.007542338355232464e-02 7.764270964759048890e-03 1.556563480652343734e-01 -2.810381391133773832e-01 -2.850973105079820935e-01 -2.664654036735888409e-01 4.297890091696533466e-01 1.088439408539040310e-01 -1.117765671207458927e-01 2.452906128163488686e-01 -6.017380153721847008e-03 1.031940820915379503e-01 6.858477474977884292e-01 6.314245783828861258e-01 3.742135505593133793e-01 3.609195216876928125e-01 -7.687811156843283276e-03 1.680935775100934337e-01 9.740627050046375690e-02 -2.820453770851386738e-02 4.028241691839951066e-02 -8.804910694170582641e-02 -9.663390989666810482e-02 -1.758450666282141417e-01 1.322668092329789269e-01 -9.465613917950102540e-03 1.484272651824387890e-01 9.943252160459785730e-03 -1.237082685977025781e-01 1.224073193547441929e-01 1.434635572504316427e-02 1.794209571117424129e-01 -5.707450418165066486e-02 1.477868127225475947e-01 1.966230036673483755e-02 -1.529414548472123603e-01 -1.195832485144627533e-01 -2.283469804095225875e-01 1.027416128023832254e-01 1.041532375779948283e-01 2.092032168412391244e-02 4.364390664479225052e-02 -9.742926877915417117e-02 -3.654922531039978689e-02 7.568429744271017168e-02 -1.283091648157119458e-01 5.271605586596050941e-02 1.429850895608925920e-01 -1.663458864307897078e-01 -1.176985010591573427e-01 -2.264025495166473861e-02 -8.105610662064505201e-02 -1.125886038121119009e-02 -1.986608867272685874e-01 -2.959703882277308074e-01 -1.315060758681979580e-01 5.701751290536881678e-01 2.424779409258641938e-01
-3.819498973033007196e-03 8.151232088373620843e-02 1.343006317108918768e-01 -1.915385549378937138e-02 8.077081484299412917e-02 1.002100174764301993e-01 1.000000000000000000e+00 5.359615873914682638e-01 4.336720594414470997e-01 4.656955349375624387e-01 1.849671830731784983e-01 2.504302022946370276e-01 5.332200148299311854e-02 -8.038132140659573488e-02 -4.312547297472765773e-02 2.581632350068048254e-01 1.571949526044362846e-02 2.104179795055694246e-01 -1.238733502275486675e-02 -3.129672788735458466e-03 -5.846145944420286927e-02 4.859223849162429276e-02 -7.847622527365091805e-02 2.857560450270223429e-01 1.239803633939154798e-01 2.639100070724811897e-01 -1.055525528001782093e-01 5.705186476127507150e-02 1.032401355389517689e-01 -4.934514576858142071e-02 -2.432909287570854395e-01 -2.669018367561376559e-01 -2.345572814636034953e-01 1.611407111500597344e-01 -7.883725154287677533e-03 2.455569022145039915e-01 1.333416016247978009e-01 7.343847897554216242e-02 3.194217024591068377e-01 5.630646685083694480e-01 3.138796277845490312e-01 2.808975631447999666e-01 2.483276729744464950e-01 1.033543002804909877e-01 -1.056064480529797685e-02 -1.894923481612833735e-02 -1.242174979386014844e-01 -1.269698010643545427e-01 2.631908034350537995e-01 2.113614328061065584e-01 -1.757787847310374185e-01 4.307906681958711265e-02 1.672627095404313202e-01 4.900207737472240394e-02 1.181121435025693778e-01 1.016390022122335146e-01 4.249912257659457793e-01 4.461589950703624963e-01 8.536173170283767320e-02 4.768117342701236328e-01 3.438826656355480349e-01 2.089536031494692858e-01 6.551740791617842452e-02 -3.924106032523634602e-02 2.413832505554447047e-02 -8.457405283016211639e-02 3.337879521699903540e-01 1.324491359632318510e-01 2.076475365089040792e-01 8.976973956662102905e-02 -3.383181699441161622e-02 2.592483807442624300e-01 -1.212797743534005657e-01 4.583862361574967403e-01 3.513558772700038912e-01 3.633050517793711687e-01 1.134568688179008189e-01 -9.396311975006187145e-02 -2.586523082146142127e-01 -2.740565726096464427e-01 2.579238145215042577e-01 2.001434750084258862e-01 6.710723694417032375e-04 3.094443070152033681e-01 -5.495979321964343522e-02 -3.515233994234438081e-02 6.603518953943751657e-02 -7.344912363466303551e-02 2.052257934713515586e-01 4.065911077207940427e-01 -9.890239114313562063e-02 3.303663453972859390e-03 1.428061319487851366e-01 1.029407463908377507e-01 2.169484570387253675e-01 -2.028042683229879656e-02 -1.471202797271890239e-01 -1.438281896897182777e-01 2.988396956164022233e-01 2.530905973185215152e-01
2.101852756677829448e-01 2.678775447091423234e-01 4.133906029312822694e-01 -2.869566040887090025e-02 1.617736258665774252e-01 3.356121536506549985e-01 5.359615873914682638e-01 1.000000000000000000e+00 7.173408462344221803e-01 3.172194201423638726e-01 1.777263966250481053e-01 2.829981120112409210e-01 8.776595191206264246e-02 -6.103650179488676747e-02 -9.695159639856117118e-02 2.389464967042501664e-01 5.424922256840108287e-02 3.038874798514815678e-01 2.990535741321488986e-02 -1.528977865044450248e-02 7.430070634747500645e-03 -6.630433696918666686e-02 -7.141453814767209640e-02 1.170366204266995863e-01 2.223711819861456662e-01 1.946797520082584054e-01 -6.699357300917054003e-02 4.522650263722183955e-02 1.438282341713648937e-01 -1.370600906894712256e-01 -3.182482318755503470e-01 -2.507500977390619834e-01 -2.746887098180385567e-01 1.817626066885059677e-01 -2.622448897513334279e-02 1.364757548500615536e-01 2.506960311030959065e-02 6.239386117876074417e-02 1.279605938225475970e-01 1.444462103378005291e-01 1.664234779328417346e-01 1.888149115484472063e-01 1.523140587235322363e-01 3.164928537312932527e-02 -6.019776698527686681e-02 -6.948777757255988896e-02 -2.011463130917815756e-01 -1.947267146825268636e-01 3.136055623882920140e-01 6.937263148586020334e-02 -1.221690127659675607e-01 2.976538248324597791e-01 -5.002137870300417399e-02 1.061413902690298422e-01 2.986783332283795556e-01 4.520835334334186162e-01 6.716680458127940456e-01 7.318692821827650352e-01 3.507774574225835246e-02 4.122074323398279283e-01 2.826664164200289320e-01 1.706172781259716331e-01 6.872506690890471670e-02 5.018309651070738953e-02 3.288612231432620249e-03 -6.812828675994092587e-02 1.743505915435161480e-01 1.994596874964184308e-01 1.811852417061071141e-01 1.277234808959852308e-01 -5.407351952291757080e-03 1.024473051778101856e-01 -1.361832184968167769e-01 2.470927015281360328e-01 1.793673843636937604e-01 3.701190971348690129e-01 4.711646381120365018e-02 -9.481531755290868724e-02 -2.356527667159311334e-01 -2.625875069852456334e-01 1.380692999172641600e-01 1.666547729923078813e-01 -1.118186847153609942e-02 1.389144986948363525e-01 -8.802240321894240493e-02 -2.032167550844494741e-01 -3.634266179109729017e-02 -5.614357806090890940e-02 1.049448970190315217e-01 2.801062143076513689e-01 -1.489017843227069537e-01 7.998845550829621065e-02 -3.434537412272307272e-02 1.650547668759476394e-01 1.378724024951108185e-01 -2.565606577286232495e-02 -1.528715751870211859e-01 -2.691576213762339465e-01 3.575587230261578209e-01 1.584127755389829195e-01
1.715232644728427736e-01 1.707181466981491924e-01 3.978003312636612110e-01 -4.490040437344368363e-02 8.045831456414788418e-02 4.213277272621017699e-01 4.336720594414470997e-01 7.173408462344221803e-01 1.000000000000000000e+00 3.668568012050908989e-01 4.021923852721475540e-02 1.561423038951774422e-01 8.428941865830535951e-02 -7.184145162087611503e-02 -1.421801033166252559e-01 1.152867803556908849e-01 -9.224618217358654393e-02 1.910429192607661641e-01 -4.284348691969905309e-02 -2.576989556148133811e-02 -2.198101891669598101e-02 -1.920630598981138137e-01 -1.001647701464875029e-01 1.317401339639909588e-02 2.367916221403000010e-01 4.669306625196997795e-02 -1.208755370880966462e-01 -2.729816847182934842e-03 1.246958474089101682e-01 -1.915475404770148049e-01 -2.615777297456892136e-01 -1.751596855764190330e-01 -1.422742731080823830e-01 1.072089110139821527e-01 -1.534343576695687827e-01 1.512947615643669974e-01 -7.065031284541027287e-03 3.993968280759504358e-02 8.475539346511469507e-02 1.794096335259033892e-01 1.334594115351184773e-01 1.343570983977804278e-01 1.101985873363666296e-01 5.715862736370936475e-02 7.862103325933339493e-02 -1.298498253723882057e-01 -2.387117214243175134e-01 -1.815787414888605789e-01 2.351380141744497665e-01 6.367910543387278466e-02 -1.122130675530737531e-01 2.325907615092366321e-01 -1.767955124223084540e-01 8.742363277762711660e-03 3.124538488499074562e-01 6.077540304082954536e-01 5.831306348063494127e-01 8.356274237952947548e-01 2.059610855238925078e-02 4.313786150168976152e-01 2.557508228388599147e-01 1.483542684034023784e-01 7.317585423388446586e-02 5.191397191508316522e-02 -6.325965100430706867e-02 -1.063871823734267724e-01 1.178516351379273741e-01 1.204557466539863814e-01 1.077987502774554046e-01 1.001253913089898417e-01 -8.007136249480881207e-02 1.539369128817479233e-02 -1.971843781075105495e-01 1.852877959935543828e-01 1.109721276053980965e-01 3.068283869133474062e-01 3.284971723295746025e-03 -9.495990495959105715e-02 -1.233787141923154973e-01 -2.478223204389788104e-01 8.696674301523496520e-02 1.779783599057701560e-01 9.487088790848165198e-02 1.866482480677454994e-02 -1.802489464351833826e-01 -2.473211084803756954e-01 -7.000051892795784714e-02 -2.018496353334365070e-02 1.353976385549237604e-01 3.066793554725082971e-01 -1.616592533787241381e-01 4.525886402379990930e-02 -1.127076717039535991e-01 4.705460027570441961e-02 1.270737755732095076e-01 -2.395471756552564752e-02 -2.016403042301199156e-01 -2.567359345990813946e-01 3.642697245435976838e-01 1.138615284749472656e-01
-3.609739655615099019e-02 -7.246363052006886407e-02 1.610103315179825176e-02 -1.279886773278053336e-01 4.470238010544280022e-02 2.172666722328582822e-01 4.656955349375624387e-01 3.172194201423638726e-01 3.668568012050908989e-01 1.000000000000000000e+00 4.877295130299233450e-01 3.828388840875969756e-01 2.800545251433299576e-01 -1.626300119539337008e-01 -2.985391835223424536e-02 6.235664828739034826e-02 9.446197883194451528e-02 1.637992414717589773e-01 -7.111368511121561597e-02 1.547835383159261724e-01 6.229504683982298868e-02 6.924048298438359450e-02 -8.493908440005033811e-02 2.831236886341116921e-01 4.364697501032744897e-01 2.905436511848786818e-01 6.514376863293945552e-03 1.977387680917799817e-01 4.166815495166469874e-01 -1.749335099527953366e-02 -1.818633747070126372e-01 -1.927405476850587718e-01 -1.600350200517687838e-01 2.293142116097440508e-01 -6.236638605663442914e-02 2.190847136508970172e-01 2.864952155252096788e-01 4.703821378686463134e-02 9.128453759024215963e-02 3.787984650100573170e-01 2.670354654542140826e-01 2.214137220854140164e-01 2.587177758990745757e-01 2.704198550256335931e-01 2.456030487477953161e-01 -1.150102963510076653e-02 -8.055013972045506343e-02 -6.359453435879386385e-02 2.613282338287509776e-01 2.777428035155652952e-01 -2.621661941554860875e-01 -7.642766384156603199e-02 1.795592525672641271e-01 2.476109794626007998e-02 1.031305097700039308e-01 1.290100591275139541e-01 1.602869016967508053e-01 3.343035677288750951e-01 2.304068690012616716e-01 5.682760961180693959e-01 3.514397520909642858e-01 2.266334901692879378e-01 2.177213222753207889e-01 3.733134053958510334e-02 3.767453088616962847e-02 -7.098536110398005750e-02 1.993981906892063338e-01 1.876379429166789570e-01 2.782935551213923664e-01 1.730194490878591007e-01 -1.176801199215671452e-02 3.879126258982690256e-01 -3.035183443929611452e-02 4.248417450318218713e-01 3.309348568849954653e-01 4.000993363970817285e-01 2.517589083848997822e-01 8.349276552151729813e-02 -2.139872782277383589e-01 -3.207706741468664413e-01 2.787613166476965998e-01 1.953386490577140033e-01 1.297563954232761330e-01 4.080791575681692041e-01 1.116744397364725777e-01 9.462178247119373831e-02 1.764598342902164996e-01 1.374863595574462617e-02 2.056832016840736410e-01 3.079673106310110153e-01 -8.634096049130905726e-02 -2.208264957510466461e-02 1.485013846625040101e-01 6.898180866579307902e-02 1.619772652581603356e-01 -5.309973572105549516e-03 -1.161318803049316561e-01 -1.366827854346846192e-02 3.786210607402106798e-01 3.530175253384983947e-01
-1.735798498235257559e-01 -1.190998680725646047e-01 -8.545254438154629983e-02 -2.430594271540633400e-01 1.218008953377289066e-01 1.367265791587419510e-01 1.849671830731784983e-01 1.777263966250481053e-01 4.021923852721475540e-02 4.877295130299233450e-01 1.000000000000000000e+00 5.088651159777722865e-01 3.690367879876655377e-01 1.975935550744096700e-02 2.176606087418617996e-01 -1.079154561220227321e-01 2.553369044534792853e-01 2.254331161859592925e-01 1.201325332806058369e-02 1.957215818615613001e-01 2.281005155206396739e-01 3.044990629495423762e-01 8.411222857996130189e-03 3.634498751468024369e-01 2.389240066449909439e-01 5.246641751245574303e-01 7.641307927777295228e-02 3.809846516088942203e-01 4.420041334059542359e-01 1.235172767392749144e-01 -1.328580448475059628e-01 -2.825535343667656685e-01 -3.343182522639923104e-01 2.213219908709217754e-01 6.606115780760671297e-02 2.667433860833684500e-01 4.035224595387984503e-01 -3.475777084538007877e-02 -4.174072398430200836e-02 4.644422398959070775e-02 2.438478178047465972e-01 2.035727789432053014e-01 1.918851401263995671e-01 3.444444350995489179e-01 -6.334642944351501215e-02 1.442482578233238166e-01 7.414484264189650023e-03 -3.982449604378238139e-02 3.645295319268809231e-01 3.345876971917571274e-01 -1.921735642093421181e-01 -1.530176967553091294e-01 2.907688817480940102e-01 3.303494536727874520e-02 1.446171094637139880e-02 -9.957492201539769328e-02 2.082859939800652330e-02 9.538298065817862881e-02 1.820821967989481593e-01 4.596898772837766933e-01 4.197306772962999810e-01 3.378699348957216464e-01 4.158107290495388075e-01 2.454613105015029106e-01 2.925484477262691452e-01 1.263441855935821811e-01 1.047394635600602253e-01 3.083326989184367872e-01 3.295619146499702556e-01 2.435594243210731369e-01 2.111246332297078976e-01 4.483582604546657024e-01 1.868398453315795738e-01 2.552928035457157629e-01 3.446887322276085408e-01 3.338810969403592233e-01 4.165836814856278547e-01 3.722615407049312958e-02 -3.320089393684258483e-01 -2.369855470270340603e-01 2.914507788354889772e-01 1.670577913585712670e-01 -5.287190432382804506e-02 4.937496216448234998e-01 3.190539990283661753e-01 2.737758801239228990e-01 2.838996128160357069e-01 -8.379585189867611028e-02 2.127386496120163284e-01 1.133837367964249387e-01 2.127865873452413487e-02 -1.521086675100338792e-02 1.190928159205552894e-01 1.351383434620002655e-01 1.017541669825291067e-01 7.561321484730407043e-03 -5.307180811834086298e-02 3.564393381008387068e-02 2.951168129199626122e-01 3.994403538393823117e-01
-1.826881642311206644e-01 -1.795670873760310537e-01 2.453486519176494018e-01 -3.168767523901405148e-01 -6.445771093105359673e-02 7.717775915109224838e-02 2.504302022946370276e-01 2.829981120112409210e-01 1.561423038951774422e-01 3.828388840875969756e-01 5.088651159777722865e-01 1.000000000000000000e+00 3.620040959844744166e-01 6.458819193138980175e-02 8.062684197783535900e-02 -6.092873370999385418e-02 3.692046902913560524e-01 3.693553272020348444e-01 1.954771107276901676e-01 2.400582793149339256e-01 1.230211844534878501e-01 1.805044275536501763e-01 2.223535097893495141e-02 5.631381462713553887e-01 -4.533636844054709375e-02 7.440131877353481915e-01 6.916282916939844871e-02 2.936462287701359086e-01 3.440366685325819129e-01 5.623682106395685304e-02 -2.948608623887141733e-01 -2.314277060200712055e-01 -3.070640875740385245e-01 3.053561283908116097e-01 1.788526775655709389e-01 3.682877123656036478e-01 1.956669261189896425e-01 -2.263884360350828795e-01 -1.119194214169365320e-01 9.317220992767870358e-02 3.929278933636285442e-01 1.858788220712302985e-01 3.890291296508577856e-01 2.055303178369298767e-01 -1.793819159639020722e-01 5.760901715695241482e-03 -6.207667853802602276e-02 -5.399198081816587030e-02 4.608389685732907637e-01 3.592648186965355372e-01 -1.811391361728019178e-01 -4.703032041335836883e-02 1.753536629154146820e-02 -9.530810883573603842e-02 2.338972154212644664e-02 6.285731999703872419e-02 1.084317096176019707e-01 2.082389505151620301e-01 -1.990965648798049409e-02 3.352166480859620212e-01 2.182603035134762781e-01 4.019116112289043974e-01 2.987472665754510870e-01 1.519881323999933975e-01 2.158280237840725924e-01 4.513290010513659051e-02 2.088404123452406586e-03 4.123065691786289566e-01 3.557462825238491555e-01 3.057434001831115244e-01 1.825101213625788532e-01 4.270589324118392871e-01 4.553278600529453435e-02 8.691225810339184288e-02 3.309778573492598297e-01 2.145427030120291567e-01 2.407826673206845680e-01 1.489522225377741538e-01 -4.278589855491639615e-01 -2.596641358089074036e-01 4.334359015120307079e-01 3.338250727205657742e-01 -1.985676743272868361e-01 4.081164561532076296e-01 2.827526171301295022e-01 9.130049571261943109e-02 3.527895786823715546e-02 1.679657300923140806e-01 3.577593996377637087e-01 1.664537919654977272e-01 -1.198273082843075987e-01 -1.111608477234372061e-01 -6.723641754407733151e-02 -4.454504829014294121e-02 -3.800279644144397700e-02 3.969400308574864283e-02 7.071120153208719505e-02 5.758499043317903687e-02 3.914379220257548919e-01 3.843754280213135255e-01
-1.788184109534396438e-01 -5.199738072082262658e-02 -5.719064655603926101e-02 1.663946827216083307e-02 -2.194331592131199687e-02 4.096572453211332066e-02 5.332200148299311854e-02 8.776595191206264246e-02 8.428941865830535951e-02 2.800545251433299576e-01 3.690367879876655377e-01 3.620040959844744166e-01 1.000000000000000000e+00 2.763878042131251433e-01 2.697253452651908745e-01 -9.501582439775599354e-02 5.258932577450912138e-01 4.141301921043625822e-01 3.443855926346152119e-01 3.888494983498707591e-01 3.695742374056404378e-01 3.975897650263899852e-01 2.383791289718886486e-01 4.330368709907218006e-01 -1.879611825506378314e-02 2.698676813370574634e-01 2.029050548529761910e-01 1.678656439562953573e-01 4.717103166324458363e-01 2.223372035893242671e-01 -4.564346139435943722e-02 -2.328601992652098718e-01 -1.432324458404911349e-01 3.542558084023301745e-01 3.505572072698526220e-01 1.942741807170652313e-01 1.968916179703159575e-01 -1.310294035026914883e-01 -3.523630091377277090e-02 1.424510859672846186e-01 3.392816805075428710e-01 1.174748781167469364e-01 1.680707971154526137e-01 5.741191872671475710e-02 -3.560085259142926201e-02 1.247774213620664735e-01 3.118294167053924371e-01 2.749542716528761144e-01 6.012239536902454912e-02 1.856429093007455622e-01 -2.132748329919226804e-01 -1.567750890942959385e-01 1.016401839745601776e-01 7.946436809614478014e-02 -4.949725167614651283e-02 -6.550177515414991325e-02 -5.428099173278342487e-02 4.624084821011152646e-02 3.207024134144733502e-02 2.545252590473384702e-01 2.607386579933685389e-01 5.886456405658093693e-01 5.536429000767441044e-01 3.243911995910966350e-01 3.030954054871183856e-01 2.681990984880769369e-01 8.259385371926424718e-03 3.406991422340696629e-01 2.680696076721370558e-01 3.137391324979825202e-01 3.207364297781947760e-01 3.305807589694125248e-01 2.423386637317645476e-01 8.418017018188041212e-02 3.138935878252149259e-01 4.951885166111946041e-02 4.152527112541625764e-01 4.144394721998402309e-01 -2.561365920678511099e-01 -1.513790606086187485e-01 2.720123752692708008e-01 1.800202776156145379e-01 -2.293032626819342390e-01 1.668277361558037353e-01 3.056543638839575583e-01 2.826931019831618319e-01 2.570245062673015002e-01 2.426448798390214157e-01 2.481133716948313583e-01 9.832362397619424932e-02 -1.233341022551082689e-01 -1.893460851492113073e-01 -1.098190087770399281e-01 -1.593520106052605523e-01 2.161944083047976153e-02 1.546324594979832656e-01 2.928700723895426572e-01 2.845555029372064393e-01 9.772487573290040974e-02 1.912049641017312118e-01
-2.303218365756573571e-01 -2.578443851183487845e-01 -1.513647039905225700e-01 -1.387990723309149022e-01 -2.922862744458303297e-01 -2.319306640442970746e-01 -8.038132140659573488e-02 -6.103650179488676747e-02 -7.184145162087611503e-02 -1.626300119539337008e-01 1.975935550744096700e-02 6.458819193138980175e-02 2.763878042131251433e-01 1.000000000000000000e+00 6.566839525807590672e-01 -2.107061721245057084e-01 3.797147493218221426e-01 3.708826482712405115e-01 6.315745266479149134e-01 2.495931008002334472e-01 5.247696185284866921e-01 3.627614531496992645e-01 6.481451873335435376e-01 2.110587836579622401e-01 -1.042443790079710664e-01 1.183826937711406763e-01 2.104688219785449399e-01 1.550617693966673261e-01 6.790091789837457426e-02 5.225289215604577153e-01 1.629086646294489356e-03 6.032735889977050570e-02 -4.227186940960735162e-02 1.371299862673304448e-01 2.966956559752019773e-01 1.557014015134195947e-02 -8.580515340212904740e-02 -1.187229258466688531e-01 -1.253921042605180836e-01 -1.098250465757749511e-01 2.604523280342365896e-02 4.387513446989319693e-02 -3.366440677511819968e-02 4.565721985878411909e-03 -2.931255632144609824e-01 2.524768699301339625e-01 5.941390531010600773e-01 5.290483377505783569e-01 -7.585961984034386707e-02 -7.957402451434185398e-02 3.891948548487116771e-02 -2.445113251648831365e-01 -9.111689704877861881e-03 -3.075661409957371473e-01 -3.724630289774513714e-01 -2.413375866512432188e-01 -1.979515092452543701e-01 -1.250672358577835930e-01 -1.623101194040211803e-01 -5.117049393786320816e-02 -7.877616093338704606e-02 8.664427147602818402e-02 2.343012054269449917e-01 3.679045990637075381e-01 4.306360818042931915e-01 7.002423728053599472e-01 -2.924689339809435906e-01 5.725048034458410373e-02 2.514914195243820802e-02 1.493980237962752033e-01 5.042883934390259837e-01 -2.831265960501492748e-02 4.417598762456394490e-01 -2.950222294996689421e-01 -2.651858004615231454e-02 -1.699917699378721003e-01 2.065414735478684760e-01 4.266472398512820563e-01 -9.651579390892908727e-02 1.094167564607978066e-01 6.495107324502553958e-02 -7.766409143729194331e-02 -2.807524245106225447e-01 -1.784323498191956944e-02 1.232824718218552273e-01 1.902311920681354351e-01 -2.235758147061233866e-02 1.801560335485543063e-01 1.234150309905715226e-01 -2.047963744404274478e-01 4.871735771528729227e-03 -1.049825054873819302e-01 -3.005444254381412494e-01 -4.427615324596094470e-02 -1.509276234763507196e-01 4.990083622578576905e-02 3.844602966271657984e-01 3.602465423981486836e-01 -2.164120411207687833e-01 -1.169294998263843838e-01
-1.461792888540348889e-01 -2.987063597808799487e-01 -1.965589625474106483e-01 -2.184458960339476230e-01 -1.943762534865719482e-01 -2.097001704909232656e-01 -4.312547297472765773e-02 -9.695159639856117118e-02 -1.421801033166252559e-01 -2.985391835223424536e-02 2.176606087418617996e-01 8.062684197783535900e-02 2.697253452651908745e-01 6.566839525807590672e-01 1.000000000000000000e+00 -2.691752561252056530e-01 4.342570481163645635e-01 4.519987362453761759e-01 3.719336305829618605e-01 5.236960046815912762e-01 7.475949718371329711e-01 5.603510393960127178e-01 5.201180624901527993e-01 3.162001960820623458e-01 -6.093246706815640817e-02 2.194426514084130142e-01 2.885411809825815799e-01 5.367967728682119244e-01 3.488014864875740861e-01 7.673470040210218501e-01 6.653497448735175290e-02 1.083162098837591250e-02 -6.578249497348073738e-02 2.769572041169719445e-01 2.493875111366394559e-01 2.112671536658384530e-01 2.343296976317331415e-01 -1.812870378911427827e-01 -1.263824669580295712e-01 -1.171636672471351864e-01 1.298838893645923587e-01 1.061922149390096548e-01 -6.485485908404708955e-02 3.121597326099100900e-01 -2.323223608979740062e-01 5.461887677838240807e-01 5.489790462548309602e-01 5.902058469835604892e-01 -3.291925187381795903e-02 1.173765301428875141e-01 2.148592700077568696e-02 -2.524707750238224246e-01 -2.422048083625621961e-02 -3.356868527462578133e-01 -3.384840347291587226e-01 -2.965700341210903423e-01 -2.635639497984600954e-01 -1.595252892845943349e-01 -2.498113102050147638e-01 8.078648453790492068e-02 -7.322121357802273411e-02 6.916813164242041623e-02 4.119671237303449418e-01 4.503402518205995575e-01 6.940288599068284991e-01 8.298488677941668890e-01 -3.053325745272278957e-01 9.493514414959572378e-02 1.910871890901559567e-01 3.806641766977426067e-01 7.528667893322626981e-01 1.130041282158457394e-01 5.856849963788022251e-01 -1.840752085688995565e-01 1.378284383789457970e-04 -1.183413976113515710e-02 4.439943114539323110e-01 3.408581879908562096e-01 -3.689271166879326547e-02 1.854566446856299039e-02 9.046179385619329549e-02 -2.323835112476000178e-02 -1.819951915203871229e-01 1.673759869919690113e-01 3.447320866174395926e-01 4.969109050758014900e-01 1.719476511700433197e-01 -6.528561090033148384e-02 3.043592038247138754e-01 -2.024580509662577410e-01 -1.028042024592645126e-01 -1.550622975665933156e-01 -3.086608153882295369e-01 9.602905057059801797e-02 -2.158935875184058162e-01 -4.946069536800460492e-02 3.680527653664116827e-01 5.172529869420708915e-01 -7.986374451767601357e-02 6.618539956984909045e-02
