1.000000000000000000e+00 2.211683843164636287e-01 6.949585835580565085e-01 -3.076121320516360114e-01 -8.772452644285869475e-03 3.839464432764608248e-01 4.930996960017589581e-01 3.991979364446037737e-01 2.743145167042077559e-01 4.225295122943724668e-01 1.390397950307732111e-01 3.876639269190243486e-02 -1.863991122154432245e-01 -3.749051847250632341e-01 -3.609469714284144759e-01 3.408987997719500340e-01 -1.505964303318379494e-01 -1.951531829092844339e-01 -2.556461140652415143e-01 -1.340988707441323202e-01 -2.243815151541742881e-01 -3.473777058349263314e-01 -4.243800427604234038e-01 -4.493036612740783364e-02 2.789777143047064700e-01 -1.702547187015020502e-01 -3.084914495942174262e-01 -2.738855520131679988e-01 1.916412752984584557e-03 -4.479318535588932559e-01 1.766130792844977648e-01 5.132123587258165254e-02 -2.242905983353055965e-01 -9.393965141649272821e-02 -3.796211119957408342e-01 -1.313959208990080063e-01 -1.317662571691393114e-01 3.737466140723751384e-01 -5.263421593340205512e-02 1.840365604412081690e-01 -6.440722700826498684e-03 1.345263946068438465e-01 -2.113257314763981043e-01 -1.659567208900425417e-01 -2.072803207563794492e-01 -3.754699569703752182e-01 -3.894897256027236021e-01 -3.667047504631323340e-01 4.211782778909424763e-01 1.178876185774049984e-01 4.366670170925879280e-01 4.069971217230782257e-01 -1.400821805257866925e-01 -2.406334823525244637e-01 4.441480789710543498e-01 5.102632600522986062e-01 2.117401295417389584e-01 1.631295356220353876e-01 3.512832847899705624e-01 1.659634043976090101e-01 -4.892389281261326495e-02 -1.249536650949718969e-01 -2.476529033684926051e-01 -3.442674069816414884e-01 -4.271440318744741949e-01 -3.516956006370844379e-01 2.528284575000235290e-01 -2.328566340137649959e-01 -2.157290151143280155e-01 -2.094787783230456502e-01 -3.074449206686122871e-01 -2.201027947811189378e-01 -3.513705842769129228e-01 2.075167959444297883e-01 2.956525273143494146e-03 7.409126043508602877e-02 -1.692484625062325443e-01 -3.728053361376660879e-01 1.254197784583778452e-01 7.629870592131833551e-02 -1.918294614818431554e-01 9.133301700575098547e-02 -2.593870544189868718e-02 -2.175038591644127273e-01 -2.912653921620535491e-01 -4.014983295814987252e-01 -1.296318033659283053e-01 -1.507522826242589098e-01 -4.784436815435533924e-02 3.034099365632312306e-01 -1.576270939229223733e-01 2.904221755416170336e-01 -1.225749623524028525e-01 1.391308801729577438e-01 1.408019966007314529e-02 -7.223806437295462145e-03 -3.150839042896250719e-01 -2.506485925386442992e-01 2.968978781297194613e-01 1.515659580826565489e-01
2.211683843164636287e-01 1.000000000000000000e+00 3.661244828122307005e-01 2.220527476199405104e-01 3.886757918969985792e-01 1.740180153764440407e-01 6.126658967341219036e-02 2.502144623287888558e-01 1.970897170881242555e-01 -1.151309589844765613e-01 -1.646232358645297045e-01 -1.927913304809357187e-01 -1.427551410166661150e-01 -1.552717882019532813e-01 -1.709599196720196779e-01 5.397545261509252290e-01 -1.228276351828376800e-01 1.329903830108388751e-01 -5.161822735245486654e-02 -5.631565338404375537e-03 -6.531059156785161413e-02 -1.098596068042701629e-01 -1.349191551015548052e-01 -1.453563183292893024e-01 -1.889973672897296286e-01 -2.446049653413015224e-01 -1.776232913300632155e-01 -2.958584475769139854e-01 -1.430129195755156235e-01 -2.569203855410810977e-01 1.399641697258989792e-01 1.754259643110988309e-01 1.600359044294089039e-01 3.878762532067685925e-02 -1.421533982718290179e-01 -6.657637800135030037e-02 -2.527484122352187668e-01 5.912600016767240174e-02 -1.767667980238621095e-01 -1.559643474027367915e-01 -6.644406666595349675e-02 -1.231440075900979841e-01 -2.285860359362723582e-01 -1.755263927614926500e-01 -2.028952638494345775e-02 -1.638082669912273304e-01 -1.050688558902276443e-01 -1.382384953454013354e-01 3.336110916392289599e-02 -2.139135324984076797e-02 5.034098780006318608e-01 7.181599597180522432e-01 2.936600377995474687e-01 2.762467797048575036e-01 3.714013642667142734e-01 1.766072459019946972e-01 2.717770687475645763e-01 1.688148274891110578e-01 -1.505350525911469117e-01 -1.710142859089300305e-01 -1.703113903062549728e-01 -1.130041955056686337e-01 -2.059503228122158691e-01 -1.518482297313357710e-01 -1.321878817013387442e-01 -1.348151943261930163e-01 8.381318811838177341e-02 -1.171770451926471973e-01 -4.591643406858335330e-02 8.166067609984339892e-02 -1.084843403847304821e-01 -1.058624756038362147e-01 -1.265916547767985401e-01 -1.133277930382868282e-01 -2.029956499144904836e-01 -2.949612445323459564e-01 -8.224713568229580218e-02 -2.132105669797202674e-01 1.211304686435920736e-01 3.333851130661549811e-01 -7.925178162024074449e-03 1.136606822614929652e-01 -4.025599023931127063e-02 -2.188488058566853411e-01 -1.459504561796564626e-01 -1.242000053988743247e-01 -1.641250616132975126e-01 -1.339774242616489086e-01 2.149601915808494607e-02 -5.006416913085780934e-02 2.845957661409776462e-01 -1.230764324591167302e-01 -9.224327821343797362e-02 -1.227914703843347305e-01 -1.728390926560988139e-01 -6.266161415366271192e-02 -9.251190752294430331e-02 -1.355256597612530256e-01 -6.293665060384171341e-04 -4.370099169769181557e-02
6.949585835580565085e-01 3.661244828122307005e-01 1.000000000000000000e+00 -3.691073740752425225e-01 1.314683865502291327e-01 5.930734583741255062e-01 4.127485454831372191e-01 4.175640892317227237e-01 3.837783148644977049e-01 2.300692635605008640e-01 1.475942508606608305e-01 1.155077971520851315e-01 -5.090800398851934999e-02 -2.346550314346916022e-01 -2.831973123950380922e-01 2.148557422013627205e-01 7.478456865470488324e-03 -7.978390027564880027e-02 -1.056262908642146559e-01 -7.717466109244526529e-02 -1.470630549659752151e-01 -2.005370255034428506e-01 -2.691486069324587338e-01 -3.093650604818515455e-03 1.640466068875845451e-01 -9.493017848923192281e-02 -2.198120101082635114e-01 -2.146739085411767112e-01 5.792063492315011747e-02 -3.534345489334325685e-01 7.465605944828253987e-03 -1.170979037341010331e-01 -3.807922789351225745e-01 -6.747271309685515944e-03 -2.723086075246872184e-01 -2.381735601324010132e-02 -4.256845159169000969e-02 2.717808097928915423e-01 -4.729988768725044979e-02 9.567192795639946346e-02 6.711113501880346111e-02 1.550308582523837464e-01 -1.292381961701308257e-01 -1.479305956432737101e-01 -7.471521456470488209e-02 -2.913836744706095883e-01 -2.564105848759974382e-01 -2.822270595761594003e-01 5.084028279461386690e-01 1.445463016712416615e-01 2.558937491807818376e-01 5.108256492806702020e-01 -2.721404889822384154e-01 -2.999241280699984635e-01 6.261421972366357780e-01 6.544970289656708573e-01 1.144818106337169294e-01 2.918864225148399827e-01 2.448820493308671575e-01 1.784102987819267960e-01 4.412604857441708439e-02 -8.335360711182666568e-03 -9.491675866204823953e-02 -2.343889328275279016e-01 -3.193719452054848973e-01 -2.490841390340688966e-01 1.979447607778980212e-01 -6.542976677229125904e-02 -1.046227384651678832e-01 -1.266788258688045232e-01 -1.999210165448512544e-01 -1.550942919204320036e-01 -2.680139179549690387e-01 2.384228575358407487e-01 5.985176515320192459e-02 1.349437294558916978e-01 -6.971706953414212593e-02 -2.878357365566804882e-01 1.164328008855793116e-03 -6.747576023823222136e-02 -5.400171388600436689e-02 1.353300163189183614e-01 8.226701752293638648e-02 -1.822116272517230462e-01 -2.001999889932751242e-01 -3.092328865820835881e-01 -4.449012442462742245e-02 -9.955045639063730967e-02 4.341528811843075458e-02 2.535135610081261093e-01 -2.831084494032192200e-01 2.297201278457003948e-01 -9.395371058609031101e-02 8.484277680388684073e-02 3.525827466673901733e-02 -2.630801139782994527e-02 -2.294918868433242498e-01 -1.979196093806952217e-01 3.688305401433783492e-01 1.667507584213562544e-01
-3.076121320516360114e-01 2.220527476199405104e-01 -3.691073740752425225e-01 1.000000000000000000e+00 6.194427781973083080e-01 -1.134027139024826047e-01 -2.636776988254240783e-01 -1.176647005337646407e-01 -3.931003466866128671e-02 -4.398306149151979261e-01 -9.543778162200193538e-02 -3.347530042832688041e-02 9.956236002673441582e-03 3.466074336498617958e-01 4.314801913992252769e-01 2.654694847436973038e-01 3.497799529267803242e-02 3.221151818786782139e-01 2.865694704049694397e-01 2.711985952285594359e-01 3.716095594754889597e-01 2.614301412309426587e-01 4.239897489312054457e-01 1.435209671513599725e-02 -4.283723409130142934e-01 3.546637067311780855e-02 1.497021209679856857e-01 1.112280649718144498e-01 2.705070584164712480e-02 3.888460975278270060e-01 7.143072362687208701e-03 3.590150025186545912e-01 5.853437570930617451e-01 9.206877867948574934e-02 2.795520966927886874e-01 1.461158191931175576e-01 -3.051799486273260378e-02 -2.154324193044933888e-01 -4.750639396081066806e-02 -2.188938363623621486e-01 -1.197475928139676710e-01 -2.709303437063689257e-01 1.455406910552502035e-02 9.461353070709552227e-02 1.767971493658224424e-01 2.766136762802851035e-01 4.307137227430651305e-01 3.067002568910480176e-01 -2.805120735974281909e-01 -4.055112420100363824e-02 1.082312485686959397e-01 8.153738078811680057e-02 5.832305915473089408e-01 8.230049954007914170e-01 9.828356582280222201e-03 -2.472172261419429973e-01 2.144316234064215232e-01 4.448431673092459460e-02 -5.127733288148389468e-01 -1.734588359948614489e-01 -5.137874966518886366e-02 -1.054802809121680451e-01 2.269986463658036149e-02 4.205601275332690459e-01 4.024503384471338485e-01 4.077971665337140617e-01 -9.093075296399061314e-02 9.186083660935037698e-02 5.180521111132496692e-02 4.166769126003472823e-01 3.572936661944721148e-01 1.167118900433786743e-01 3.819274933523680304e-01 -3.671610661509681628e-01 -9.887360683846256604e-02 -2.958459888783803171e-01 1.822664020040253852e-01 2.026011972584059184e-01 -6.380130877614502427e-02 2.477288962181039278e-01 9.568319177792827812e-03 -1.880838851047180460e-01 -1.504779630974360238e-01 -3.094504004928450014e-02 2.514673937331984299e-01 4.218311161058093117e-01 9.943447318057621262e-03 -1.474003088396465266e-01 1.428891542985537000e-01 -4.112304447711276345e-01 5.240534507753202842e-01 -4.000473844081511299e-01 1.030005490578988492e-01 -3.048161341348228359e-01 -2.377941811384507165e-01 -3.842768119144836236e-02 2.933224234096057925e-01 2.373288113738286076e-01 -1.469472413503805086e-01 -7.572575946105743194e-02
-8.772452644285869475e-03 3.886757918969985792e-01 1.314683865502291327e-01 6.194427781973083080e-01 1.000000000000000000e+00 4.314820528106788067e-01 -1.384589336780481517e-01 2.591756532436459426e-01 4.201305796332070464e-01 -2.569264192914689215e-01 1.439948580032986980e-01 1.577279972838567801e-01 1.871116300959641265e-01 2.915758476271785860e-01 3.136442492503472845e-01 2.092293475326943986e-01 1.369558707852561175e-01 3.414764025684602355e-01 2.399988647056374713e-01 3.042689301858351736e-01 3.036241660915950935e-01 1.806854054567148260e-01 2.745719934659062722e-01 1.206221723245485267e-01 -2.457913965728810990e-01 9.585689859044613237e-02 1.220899291373868795e-01 1.106358730770156534e-01 1.900631445289942267e-01 2.094518243003330726e-01 -1.152475961210470412e-01 1.426115872040211174e-01 2.139541549099908402e-01 1.371758266928152503e-01 1.787810698956907307e-01 2.412277571150341637e-01 9.148364606450681835e-02 -1.567112212652389258e-01 -2.430890349799674777e-02 -1.694221003571342865e-01 2.074379375683358881e-02 -1.593400897797796478e-01 2.532407342225849456e-02 1.064546103487277878e-01 2.540945023820823656e-01 1.726306079767302437e-01 2.812116628536937557e-01 2.250831301534003404e-01 7.054875422466058699e-02 1.113333734446730477e-01 1.164085001468853631e-01 3.787210832792815007e-01 3.616388369560645799e-01 6.177981920708031094e-01 5.180934383972755075e-01 2.844543752527621261e-01 2.924893202651366320e-01 5.070399403665427629e-01 -2.574618588468877145e-01 5.764711027642630686e-02 1.222659921095340108e-01 1.219763479643667797e-01 1.527026922465757330e-01 3.142744940668194542e-01 2.224116248036504540e-01 3.108315812282801960e-01 2.609241540460638387e-02 1.512159061151030492e-01 7.594201282513586559e-02 3.855997357451346197e-01 3.029555217232613451e-01 9.475832314979734661e-02 2.633417831772715267e-01 -2.292672664927537240e-01 4.358752991478790501e-02 -8.041496295939773442e-02 2.961676881320076116e-01 7.030739217643494632e-02 -1.433459623396768634e-01 7.004071332115846538e-02 9.266705590890990385e-02 -1.284916314733722600e-02 3.870132625473885618e-02 -3.408526655567495345e-02 2.543509546232687879e-01 2.635716749471215814e-01 1.554817638174366690e-01 -1.054878710133336922e-01 3.095602202151930271e-01 -1.831937153635450621e-01 2.029270058393465581e-01 -2.308033744524232989e-01 5.126225611391684728e-02 -2.349620894513539948e-01 -1.811691512233550572e-01 -7.297619732226656025e-03 2.242689211437851049e-01 2.022786068427233352e-01 1.780779946097340027e-01 7.578875075790610094e-02
3.839464432764608248e-01 1.740180153764440407e-01 5.930734583741255062e-01 -1.134027139024826047e-01 4.314820528106788067e-01 1.000000000000000000e+00 2.929956045430991418e-01 4.745190460002801647e-01 6.430487344554493001e-01 2.038722438878732279e-01 1.708783125039399498e-01 9.235248199046346140e-02 1.680528854675680528e-01 -3.272678300371838905e-02 -7.021738465765700599e-02 1.099305942336680914e-01 1.065837664589735084e-01 5.990681378462466705e-02 -6.074444376731006484e-02 1.485845060329990530e-02 -3.163028829597449784e-03 -5.734229922505671567e-02 -1.015885446005023590e-01 2.836248673649721663e-02 1.478005768359148264e-01 1.110082969979307374e-02 -4.607137405221195525e-02 -6.181506777436302641e-02 1.775547388358237888e-01 -1.486078247878098724e-01 -7.242165752745038931e-02 -6.495402327176819091e-02 -2.142124619719485146e-01 5.151693702167483430e-02 -1.020537928477849993e-01 1.148889081769424447e-01 4.467485613664614469e-02 1.400763572853724881e-01 7.412932055983516288e-02 8.804684383505077816e-02 1.134859261116020618e-01 3.806429204678007938e-02 -4.338091173020233032e-02 -3.510927458833276726e-02 5.690804825586263938e-02 -8.408960769085853382e-02 -7.829344919491638966e-02 -9.022820962675986989e-02 5.696461486860956436e-01 1.035857935158978615e-01 8.352674527137848859e-02 3.214200159935498013e-01 -1.270119357407802907e-01 -6.395265655283063899e-02 7.273703717071213770e-01 7.544799335257693640e-01 2.020654671636480937e-01 5.074500430747564961e-01 1.896641211070133615e-01 1.365258330298790013e-01 7.551811173665609611e-02 1.639849116490195713e-01 1.131856696899420645e-01 -4.573431739527001466e-02 -1.603303663264895318e-01 -4.535646335020478842e-02 1.410572882254716720e-01 -4.530108622117297486e-03 -8.557484070013411659e-02 3.341968900617629801e-03 -3.482233035161404894e-02 -7.111557587680353287e-02 -1.024944122631915727e-01 9.306560894197767053e-02 5.662679876548469549e-02 1.326779507114437817e-01 1.117525538858172018e-01 -1.191502139711221320e-01 -3.641294341186507993e-02 -1.207638946138768765e-01 -1.675541086049432346e-02 4.860361303228661473e-02 1.029969288392774684e-01 -8.525040867192841543e-02 -2.156272048475829997e-02 -1.261530869856683224e-01 7.249252480198763171e-02 -7.473740177056160949e-02 1.282378880298512269e-01 7.655443719570004246e-02 -1.807710207865618757e-01 1.254245065852976626e-01 3.766488077370616638e-02 3.394954400683111197e-03 -4.261929126893525266e-02 -7.226726641446613864e-02 -4.589831582209606686e-02 -6.878907508122082681e-02 4.482550613979372489e-01 9.932475101558058128e-02
4.930996960017589581e-01 6.126658967341219036e-02 4.127485454831372191e-01 -2.636776988254240783e-01 -1.384589336780481517e-01 2.929956045430991418e-01 1.000000000000000000e+00 4.969135937439739248e-01 2.854744431440383590e-01 3.557790251617215516e-01 1.436578206920321663e-02 -1.500342717910718889e-02 -8.102439522157386942e-02 -2.414037321552857385e-01 -2.518263552935856020e-01 2.526762121699100416e-01 1.071756933727696232e-01 4.906184252105912601e-03 -9.334552295934539501e-02 4.868278620909646803e-02 -1.466005261558979422e-01 -1.232698237921640433e-01 -2.448055680533936795e-01 -9.465054202457678922e-02 2.554765766456478793e-01 -8.306352768517363816e-02 -1.112517528972430531e-01 -1.730301814830343121e-01 1.366073038768430836e-01 -2.984389330889503644e-01 2.223739831722443619e-02 -1.414986168287113710e-01 -2.376474639943406131e-01 9.464837807111554924e-02 -1.472581651730238417e-01 3.503509325133633001e-02 -1.347064466980181854e-02 3.971193310031065904e-01 2.320809808952714881e-01 4.930462285140452816e-01 2.194823322595322035e-01 1.585257813324385812e-01 -7.774885857209359874e-02 -3.388481057612566238e-02 -6.574917241605512941e-02 -1.760612173103350275e-01 -1.846410837119074333e-01 -2.050096879288897112e-01 5.598635610686499842e-01 2.278538716999361502e-01 2.410099719205537339e-01 2.894750715927286722e-01 -1.087653646032454152e-01 -2.253973430040849268e-01 3.105548691857076826e-01 4.629647789626989418e-01 3.647036495875866646e-01 2.063940011204327685e-01 3.112928108345161538e-01 7.609520089538966692e-02 -3.333348006996520591e-02 -9.232509413889018746e-02 -1.028455943125522049e-01 -2.227346347167313001e-01 -2.853460947158674155e-01 -2.871165022911109088e-01 5.176442161788026297e-01 -3.543032466200515124e-02 -8.147720740033066733e-02 -1.295734774551060009e-01 -1.623659558448176665e-01 -3.703472252220308542e-02 -1.609825271049253603e-01 4.784280460493897102e-01 3.343329968980453953e-02 1.414882638847429208e-01 -8.451404603857894104e-02 -2.378671074453356238e-01 -1.937261134543397448e-02 -1.072039298490479464e-01 -9.916900196795067068e-02 8.539047767426113933e-02 3.985167332203502777e-02 -7.667417122567334042e-02 -9.061619730373712822e-02 -2.624247660202614352e-01 -7.154546814284037937e-02 -9.109168970584215208e-02 5.330815856277820730e-02 3.652513735058799949e-01 -2.427945361874407348e-01 2.177313631427620355e-01 1.491961997232393866e-01 1.099104694563375062e-01 1.098019444916549375e-01 9.964019619655967164e-02 -1.152962865717048757e-01 -1.372051625890499948e-01 4.853262096399341696e-01 2.125989108185969978e-01
3.991979364446037737e-01 2.502144623287888558e-01 4.175640892317227237e-01 -1.176647005337646407e-01 2.591756532436459426e-01 4.745190460002801647e-01 4.969135937439739248e-01 1.000000000000000000e+00 6.114391121232342075e-01 2.403408758341027684e-01 1.078848248680948779e-01 5.702615037004089144e-02 7.283352389050053166e-02 -7.367898459893652829e-02 -9.305999327947186983e-02 2.014718295328727649e-01 3.052434826978598914e-01 3.653330001742668975e-01 7.675258475290991367e-02 1.659015952858556298e-01 9.024014537505616051e-02 1.539999814246242882e-01 -8.265289514495702261e-02 -3.520688194007946803e-02 1.656947180653211005e-01 4.443196544811330029e-02 -6.856701091850517238e-02 -1.388405007307188244e-01 2.516631792726041761e-01 -1.779846630329543211e-01 -8.440960750471555862e-02 -3.146040929119940377e-01 -3.627131615818783295e-01 4.075375392773251115e-01 3.035017310899917019e-03 9.884285545120506666e-02 7.121805324260856163e-02 1.880828304524015948e-01 6.084544641181918040e-02 1.815300349566716931e-01 2.931245205084197503e-01 1.678630715721195765e-01 2.243400309904574827e-02 4.319951562051185150e-04 7.809202802870610083e-02 -1.041471597178325464e-01 -8.605727347160428697e-02 -4.983231304288038982e-02 5.127796649932484518e-01 2.756233474606482048e-01 1.193567545986031209e-01 4.338749510154844002e-01 -9.866213994468786552e-02 -8.969676872708959303e-02 5.497887894341267900e-01 6.201609650203006030e-01 6.364862128044509459e-01 6.631427155808057305e-01 1.533976662116676160e-01 1.447585046853171742e-01 5.679236360415695212e-02 1.886742551775811086e-02 6.906534021437926718e-02 -1.913670910225409236e-02 -8.223715413280655029e-02 -6.377624032336821902e-02 3.211669249426446493e-01 2.194178293797667822e-01 2.253900556115962517e-01 2.239245894440630991e-01 5.902082422107644832e-02 2.111517363457608709e-01 5.618664428117627063e-02 3.197093017277835014e-01 3.611068614621582018e-02 1.660366971419825199e-01 1.780513099311744618e-01 -1.022088026340889633e-01 -1.333091655579489165e-01 -2.759322663500069495e-01 5.494745301453176495e-02 2.110140373227098742e-01 1.735363738750013984e-01 5.624962123475858028e-02 5.557233348548640262e-02 -9.973993072459197418e-02 1.106557588719956076e-01 -1.397794172282724144e-02 2.140820441558012321e-01 3.337214800963826944e-01 -3.031524039412474836e-01 7.401407652580210828e-02 7.244455714108492816e-02 6.695275643955077294e-02 6.612127074222391709e-02 5.873043089119844157e-02 -1.333122465277550642e-02 -8.399378928526386734e-03 4.763621927705624648e-01 2.587282027821205532e-01
2.743145167042077559e-01 1.970897170881242555e-01 3.837783148644977049e-01 -3.931003466866128671e-02 4.201305796332070464e-01 6.430487344554493001e-01 2.854744431440383590e-01 6.114391121232342075e-01 1.000000000000000000e+00 2.374699012383722219e-01 7.888003033663676389e-02 -5.259784149952096560e-02 7.577943866446452958e-02 -7.000357175652431596e-02 -8.284724923661704321e-02 1.447665865134490637e-01 1.596574029831231978e-01 1.597863617252451296e-01 -3.593869380212372233e-02 9.477334684429521150e-02 -3.652032669603012122e-02 -3.673847277400513634e-03 -1.119735953866741046e-01 -1.691909399309498019e-01 4.205862914036188199e-02 -6.240241868390575264e-02 -7.104857865538535822e-02 -1.142763953231081958e-01 1.822041470534365437e-01 -1.094500273450903366e-01 3.898176674980741597e-03 -1.025411204462170905e-01 -7.729065216452814246e-02 2.026975869644721540e-01 -3.000339441856278086e-02 7.344996943037572501e-02 -2.929201745279171737e-02 7.330544411751105383e-02 -2.724661000836074362e-02 6.172833419318960596e-02 2.048050082445000697e-01 -5.914258250436729702e-02 -1.062934707383104277e-01 -5.819280420750320287e-02 9.741669052778186011e-02 -5.899934429412566350e-02 -9.226477096570497027e-02 -3.176379145913977436e-02 5.068265789899778495e-01 2.573768031094906816e-01 1.340810620662885033e-01 3.518254696007880322e-01 -4.547699331192126687e-02 -2.429062930696394840e-02 5.656585915003273790e-01 7.285097310396730919e-01 4.395666575315126390e-01 7.354905179625803591e-01 1.143152576307998325e-01 2.461858830560005248e-02 -4.204807578663620482e-02 3.473671258599901612e-02 2.361506406632865943e-02 -7.502875359481607498e-02 -1.539531814016244782e-01 -7.123885316801316370e-02 3.543363938420149295e-01 3.215414122001063885e-02 1.277883205225889942e-03 6.913528574381315461e-02 -4.048388867501939020e-02 -3.007331089791571641e-02 -8.055428438050801776e-02 1.732217125937119684e-01 -9.938157955447776692e-02 -4.404348508104208304e-02 1.331277428785237193e-01 -1.890795013790251555e-01 -4.262957617820392620e-02 -1.616050043958915938e-01 -1.291498583509724518e-01 1.846069064833600892e-01 6.628180689526792790e-02 -5.528005632389812463e-02 -1.168062515386430501e-02 -1.241416623640892447e-01 3.750542590842238094e-02 -1.033811907759183135e-01 2.288558230055040277e-01 1.773242747872770253e-01 -1.587422189125075322e-01 -3.613200756591119361e-02 4.601089068074120519e-02 -9.645528104255127189e-02 -7.621842993917193887e-02 -5.354124213038587848e-02 -5.529906757614515972e-02 -6.233406243352126314e-02 5.096314643364011632e-01 2.262363626472621292e-01
4.225295122943724668e-01 -1.151309589844765613e-01 2.300692635605008640e-01 -4.398306149151979261e-01 -2.569264192914689215e-01 2.038722438878732279e-01 3.557790251617215516e-01 2.403408758341027684e-01 2.374699012383722219e-01 1.000000000000000000e+00 2.137677320428005567e-01 4.390138089864987353e-02 -1.268926377980401365e-01 -4.891326751604109235e-01 -4.522902012462899912e-01 5.933086981340568444e-02 -2.219730937955905620e-02 -3.174619473914894185e-01 -4.005417902060380841e-01 -1.584226284638896864e-01 -4.019706806516791242e-01 -3.936135308382134324e-01 -5.154498446555206836e-01 -8.727894672949165766e-02 6.024719552604111961e-01 -1.571515737412767788e-01 -3.190310320056495286e-01 -1.872413609405880475e-01 8.840511239311470149e-02 -3.484302761232163648e-01 2.367482862649164799e-01 1.211005091490384433e-02 -1.563336385846241516e-01 4.920562691167774949e-02 -4.146749650476466709e-01 -2.512984844242523441e-01 -1.077327096868799516e-01 3.752635833386064879e-01 8.126238012695399804e-02 3.780854115026843765e-01 1.379629805587157254e-01 1.654424473532564166e-01 -2.616695490502413679e-01 -4.279778091350204539e-02 -3.046298163514806756e-01 -3.145861436469742922e-01 -5.396858973004778903e-01 -3.837029435549578205e-01 2.764191218133881245e-01 1.756647521623243002e-01 1.411670603918269706e-01 8.507820537924659643e-02 -3.109331537285507929e-01 -4.285167921278569825e-01 1.470350199551022918e-01 2.854671463374608975e-01 5.836996988534406267e-02 6.288036303618520229e-02 6.300945373518226367e-01 2.653346252527380433e-01 6.050228169242029969e-02 -5.871248903675732600e-02 -2.079372200066897103e-01 -4.370900651308667895e-01 -5.172682213298690490e-01 -4.859478406195051337e-01 1.389464962652503799e-01 -2.494936068333469814e-01 -1.953064230672588997e-01 -3.304171174095278940e-01 -3.859981230102775274e-01 -2.904584645152296085e-01 -4.597347320147692762e-01 2.759282335493494220e-01 -3.005642342868010235e-04 1.954824093294098564e-01 -2.097846976403856256e-01 -4.293926060050947680e-01 1.359732369431340959e-01 -8.876627859177541047e-02 -3.264002965871534157e-01 6.941776750494713100e-02 -4.071681857007731359e-02 -1.343771225077786680e-01 -3.181468524199930759e-01 -5.317083045289714427e-01 -1.105964649420455720e-01 -1.319847674712602004e-01 -7.322729026153192156e-02 3.829633301113610777e-01 -3.026440150497147763e-01 2.553489074853100282e-01 -2.638540870534145794e-02 2.701009521439479699e-01 6.096419234181821994e-02 -1.016029215134376107e-01 -3.420177989283550435e-01 -3.521997078498280698e-01 2.047193122477051208e-01 1.849998275483240306e-01
1.390397950307732111e-01 -1.646232358645297045e-01 1.475942508606608305e-01 -9.543778162200193538e-02 1.439948580032986980e-01 1.708783125039399498e-01 1.436578206920321663e-02 1.078848248680948779e-01 7.888003033663676389e-02 2.137677320428005567e-01 1.000000000000000000e+00 7.937804419512750620e-01 4.532018281419958328e-01 2.969135752412747631e-01 2.875577962289188605e-01 -2.139549482509444100e-01 2.884639630646238517e-01 1.889461565845612645e-01 2.099200358395806043e-01 2.873911576555904235e-01 2.268428161388929276e-01 2.602143350194927041e-01 1.860856874305410746e-01 6.838917872720108315e-01 2.418659001987985557e-01 6.769410470106562716e-01 2.516397942327745496e-01 2.696279417853986726e-01 4.455283137826848705e-01 1.267006963574812406e-01 -2.739191901294832365e-01 -2.541127095453467599e-01 -3.672402115713315207e-01 1.098821209597562187e-01 1.981570038013703017e-01 3.540731230250716566e-01 4.105220633039991518e-01 -3.421686329944582244e-02 2.455929529606021566e-01 2.750787286578336710e-01 3.606907882639843188e-01 4.168052257271250838e-01 4.814689625274637952e-01 1.668052225492222262e-01 3.118340125894429327e-01 9.740168397439362413e-02 2.173407287690061196e-01 1.787510785198465901e-01 1.739441167553617273e-01 3.318801823547125607e-01 -1.300774941958686426e-01 5.002932847658250054e-02 -6.796895026751559321e-02 -1.327257380808256546e-03 1.690622654871289654e-01 2.237327378672988865e-01 -7.772949896234242206e-02 2.481443620838252040e-01 4.031391309172283610e-01 7.535193946095057882e-01 6.718675504559397105e-01 4.179710345722622011e-01 4.013135083369752110e-01 2.457859341042193113e-01 1.188811335190090857e-01 2.867465211108903844e-01 9.690800280924175003e-02 2.234523541556959758e-01 1.812035146840052791e-01 1.835335160476364857e-01 3.016104916497328592e-01 2.180574211602753221e-01 2.514100941012349932e-01 2.108004730957722672e-01 6.421317490987766829e-01 5.730319355684841964e-01 4.333970557079786512e-01 2.625768876922157657e-01 -3.176257785898410346e-01 -1.883571381462593453e-01 3.450400500241846968e-01 2.024857540502738584e-01 2.173639542725878948e-01 1.888869055101443650e-01 3.610877575595359268e-01 1.669631699648000123e-01 4.927323756637469465e-01 2.527503702414715669e-01 3.555464071667417403e-01 3.229581834022802744e-01 -1.837586224180282890e-01 7.450349842238221387e-02 1.644312423863135697e-01 2.373011916500896712e-01 3.624584686487234420e-01 3.578738277811971957e-01 2.611678272912329457e-01 2.749803905374232915e-01 2.618744202664418097e-01 3.688802512314389714e-01
3.876639269190243486e-02 -1.927913304809357187e-01 1.155077971520851315e-01 -3.347530042832688041e-02 1.577279972838567801e-01 9.235248199046346140e-02 -1.500342717910718889e-02 5.702615037004089144e-02 -5.259784149952096560e-02 4.390138089864987353e-02 7.937804419512750620e-01 1.000000000000000000e+00 5.272315903671744852e-01 4.133156367923170871e-01 3.931172461254405781e-01 -2.797557455833628581e-01 4.186425053293603704e-01 2.928545194244446814e-01 3.425437028475012413e-01 3.760865576024862156e-01 3.571335392669521269e-01 3.892170554300539709e-01 3.236831464474721476e-01 7.693850545843743394e-01 1.320988436796051158e-01 7.408990698075657022e-01 2.905259309009208812e-01 3.857908257549670372e-01 4.998839991470949151e-01 2.306195271952241332e-01 -4.283450511814156370e-01 -3.432182592368696605e-01 -4.199820549438745276e-01 1.928391425397295578e-01 2.855214763212550189e-01 4.394741748123460745e-01 5.228507544074639801e-01 -1.183797104844418885e-01 3.405226417905881653e-01 2.266910130009580360e-01 3.913258052713209367e-01 4.782021494086238222e-01 5.733439694074946580e-01 2.668945968108015765e-01 3.708497222205376365e-01 1.478159453891423891e-01 3.301125444034986867e-01 2.339064293329451150e-01 1.533078207129455472e-01 3.802969201856957193e-01 -2.334549688616005536e-01 -3.909886501297042682e-02 -8.826646542342315993e-02 4.868198744355702740e-02 1.258094243566780235e-01 1.401559511414246506e-01 -1.282030196795016785e-01 1.970184627290247903e-01 2.807995724975904661e-01 7.472628342553583325e-01 7.313977840602106095e-01 4.676476339444562980e-01 4.999275858949646101e-01 3.583483393459113153e-01 2.447377183652862942e-01 3.909052967806223577e-01 2.326406220296413016e-02 3.594061536073367980e-01 3.264363691843035764e-01 2.758774591884214922e-01 4.096501800421110118e-01 3.475346032299463372e-01 3.764255755974987294e-01 1.861564026988773712e-01 7.178518038028448567e-01 6.483686547089139163e-01 5.172429167834227126e-01 3.600318514210272269e-01 -4.179306046059044211e-01 -2.670099299733060816e-01 4.870384124780268165e-01 1.730929120139503008e-01 2.546896931399731945e-01 2.606693851418052654e-01 4.532713337132145415e-01 2.885429111839225014e-01 5.506797272154698719e-01 2.671023989160126733e-01 4.108956171109721112e-01 2.768010545399958722e-01 -2.203245339442312656e-01 6.047852934496805721e-02 1.960645279880751934e-01 1.465707831720479692e-01 3.499226488920178513e-01 3.959181609180654760e-01 3.449303160097449417e-01 3.361156394269779191e-01 2.361030715989001771e-01 4.023623886767642155e-01
-1.863991122154432245e-01 -1.427551410166661150e-01 -5.090800398851934999e-02 9.956236002673441582e-03 1.871116300959641265e-01 1.680528854675680528e-01 -8.102439522157386942e-02 7.283352389050053166e-02 7.577943866446452958e-02 -1.268926377980401365e-01 4.532018281419958328e-01 5.272315903671744852e-01 1.000000000000000000e+00 5.806728911149789951e-01 4.692036298359543167e-01 -2.870284483728439140e-01 5.969248808222635816e-01 2.483408501341739516e-01 4.239832072871885238e-01 2.783850806638465403e-01 4.166277342405984574e-01 5.491002032404516120e-01 4.404117293273281386e-01 5.929855176645305592e-01 1.204210072669676945e-01 5.882939620983763662e-01 4.265942448077866267e-01 4.119134667216965418e-01 5.156633754496838806e-01 3.398494270917292726e-01 -3.682857448343682671e-01 -3.630812748200288320e-01 -3.780585006475215559e-01 1.801823210182122714e-01 4.740252314374445719e-01 4.017891750016664432e-01 5.095882025997834353e-01 -1.267812155607651592e-01 4.291043525538797421e-01 1.488892314661743044e-01 2.997460731539433043e-01 3.670888149657544619e-01 6.030230312623251487e-01 3.410374635307610869e-01 4.584815684607790320e-01 3.643515642200713667e-01 4.510355617424033903e-01 3.961349677772399436e-01 1.665923237678730850e-01 1.904937840389734349e-01 -2.820018615958052033e-01 -4.127819141724149710e-02 -7.016338121009024417e-03 8.979931117881063962e-02 1.503390213233281592e-01 1.717860937138541155e-01 -8.868550506073664963e-02 2.616438936888521027e-01 2.240719994302451390e-01 4.276737644695478013e-01 5.574124012989651877e-01 7.976678638287166834e-01 7.771451913872542416e-01 4.821103961425361462e-01 3.570074233294724952e-01 5.065401475190953740e-01 3.651540697852695416e-02 5.025420715977704234e-01 3.254082089517203458e-01 2.025115277262111713e-01 4.284834767258864363e-01 4.732758486375860385e-01 5.007875822132142885e-01 1.881591825041312172e-01 5.714818994158432641e-01 4.621685681140926261e-01 5.344181181866846098e-01 5.074823151427569901e-01 -2.948133660489314356e-01 -2.431783335705178239e-01 5.103110652880831211e-01 1.689769699516326107e-01 3.063521341390762487e-01 3.930427210385555870e-01 5.279042116891585756e-01 4.269419763217181529e-01 5.454484179244944997e-01 3.744837622043825087e-01 3.355991544893112688e-01 1.579844192519054280e-01 -1.415861586897428359e-01 3.825925061847060271e-02 3.783644390007475100e-01 1.965855430995740727e-01 3.586055150424978244e-01 4.352288567951207998e-01 5.097902394893862876e-01 4.314217761809610585e-01 2.175808278615932734e-01 1.579286713200746539e-01
-3.749051847250632341e-01 -1.552717882019532813e-01 -2.346550314346916022e-01 3.466074336498617958e-01 2.915758476271785860e-01 -3.272678300371838905e-02 -2.414037321552857385e-01 -7.367898459893652829e-02 -7.000357175652431596e-02 -4.891326751604109235e-01 2.969135752412747631e-01 4.133156367923170871e-01 5.806728911149789951e-01 1.000000000000000000e+00 8.656773576146247207e-01 -2.660315633313998229e-01 4.401665242182333238e-01 3.723936893320429764e-01 6.908205531359433715e-01 3.621956514647686753e-01 7.003436985238292722e-01 6.488417114221678439e-01 7.738570426783298872e-01 4.550172453116564375e-01 -2.336764819714223229e-01 5.225646627084231666e-01 5.640029737685632316e-01 4.960724253593342681e-01 4.033753966240746780e-01 6.274363438252732461e-01 -4.262512174365107320e-01 -2.911496370056421701e-01 -1.170499501556173660e-01 1.308121684296696952e-01 6.025952969988447316e-01 4.139053664413643863e-01 4.349403251595544417e-01 -3.611846993718119680e-01 2.409832822328068225e-01 -1.008199389761905290e-01 1.159207994835190908e-01 1.732069741942318108e-01 5.055712463549507651e-01 2.900452695789592084e-01 4.711380271531028230e-01 4.744884968949597548e-01 7.416250752909444577e-01 5.598085093947516855e-01 -4.563661563657184922e-02 1.017028594127355468e-01 -3.345985526766499518e-01 -1.411122183862899837e-01 1.233083801506092425e-01 3.537530066076451374e-01 1.123974263600346435e-03 -6.968501421802698881e-02 -9.398103336560999221e-02 1.265112766159913749e-01 -1.997208301081221660e-01 2.067247474418502651e-01 3.826180731311036309e-01 3.715519877738697740e-01 6.460724412744399681e-01 7.776376421685040619e-01 7.761050672087675961e-01 8.585280650214944798e-01 -1.122028934217078749e-01 4.931280002507970606e-01 3.622805666595205754e-01 3.870143270877802744e-01 7.130400993743615246e-01 5.026247259405787204e-01 7.757949794046158365e-01 -7.929418584828619443e-02 3.998828716579775899e-01 2.080519103469773978e-01 5.780786330158679265e-01 7.148600102860442895e-01 -4.017359107848802457e-01 -2.402181409297532155e-01 4.347364771823744034e-01 -3.997667781121585356e-02 1.381678267756526468e-01 2.871624801600047849e-01 6.955667327758989771e-01 7.310198568523632590e-01 4.814228612138093388e-01 3.063407663781512191e-01 3.007564830052755767e-01 -1.774703591235453071e-01 1.906644004963415837e-02 -2.466899834874695663e-01 2.530013960140365947e-01 -4.953962996866274199e-02 1.277799677290968883e-01 3.329476899178142602e-01 5.869713589127835141e-01 6.081759323508140191e-01 5.690296060250369520e-02 4.947829708899531553e-02
-3.609469714284144759e-01 -1.709599196720196779e-01 -2.831973123950380922e-01 4.314801913992252769e-01 3.136442492503472845e-01 -7.021738465765700599e-02 -2.518263552935856020e-01 -9.305999327947186983e-02 -8.284724923661704321e-02 -4.522902012462899912e-01 2.875577962289188605e-01 3.931172461254405781e-01 4.692036298359543167e-01 8.656773576146247207e-01 1.000000000000000000e+00 -2.387589110372286549e-01 3.635547140143445266e-01 3.739778220351809845e-01 6.228057951400377545e-01 4.185446823621025159e-01 7.503292714584274270e-01 6.168064350635626969e-01 7.638729894065627857e-01 4.428858245233680546e-01 -1.969225852193744186e-01 5.158380340850662327e-01 5.837369908712259914e-01 5.876248129215604354e-01 4.538527186065304253e-01 7.050130430444723206e-01 -4.084662066017897830e-01 -2.073738419129323995e-01 -4.224260323603327288e-02 1.514718913874097961e-01 6.034894289569796566e-01 3.859778167086364009e-01 3.859604681141087790e-01 -3.489605681240633417e-01 1.973494204904214511e-01 -9.515523703823383639e-02 9.870979914213062756e-02 1.089620146115681393e-01 4.527103475071147520e-01 3.424717885348465551e-01 4.222014744099337746e-01 5.035828561701564121e-01 7.424888961291320477e-01 6.146732309559806984e-01 -9.583962489163476428e-02 6.188567821547164005e-02 -3.451901392142581182e-01 -1.570936553909170474e-01 1.486122148651849439e-01 4.105399344825121921e-01 -4.295397025203650382e-02 -1.297397860739860909e-01 -6.549522152449313572e-02 9.972744801023575301e-02 -2.310468816167835504e-01 2.019451543929844939e-01 3.581042596709583803e-01 2.707885315881098376e-01 5.996510195965121248e-01 7.970932367216860825e-01 8.178437720986428960e-01 9.029090944290194543e-01 -1.466361132719139204e-01 4.329206943147984599e-01 3.473460954805446255e-01 4.429325678847387260e-01 7.559823877812156256e-01 4.846592230178065064e-01 7.787314622271607201e-01 -1.205182137299633249e-01 3.751352549115398727e-01 1.924544724131180551e-01 6.059545075675818460e-01 7.232649148042021858e-01 -4.149082604799210205e-01 -2.360778477827085720e-01 3.841003684542648178e-01 -1.308713279357842374e-01 2.483501669562243955e-02 2.877900477155206360e-01 6.975841092500657536e-01 7.692575123430017703e-01 4.383264314404987094e-01 2.863266240402431162e-01 2.667155343238031273e-01 -2.326452300325772826e-01 3.117274303573756497e-02 -2.525739097569675295e-01 2.358399223851543325e-01 -8.280912129613318684e-02 5.335633264521804503e-02 2.726366561231785557e-01 5.816353898222963448e-01 6.473206997737177559e-01 2.659190607139144680e-02 2.757479417945715369e-02
