1.000000000000000000e+00 3.071706306308881196e-01 6.085624461304962596e-01 -1.421387982285071683e-01 1.857490186375166941e-01 1.700163472335514125e-01 5.169023861979196027e-02 4.759362734060938044e-02 5.974163522266209662e-03 4.596728452715968111e-02 1.044166218509978566e-01 1.806625988642703573e-01 8.431118268007077934e-03 -6.942390956948968350e-02 -2.229973089144108300e-01 2.999248660564940994e-01 -6.797935365828250420e-02 -1.826115691378242811e-01 -1.175195614328576887e-01 -2.636754081344276357e-01 -3.023906255389759434e-01 4.942856559826270396e-02 -1.224329287990374993e-01 8.549404105780920859e-02 1.307883708399029676e-01 1.323825101101298862e-01 -1.473467473073611367e-01 -2.249910724116312155e-01 -6.818035870399642706e-02 -2.367863900813222677e-01 4.258135307001494757e-02 9.928587026084183254e-02 -1.498696044527539351e-01 -2.347803786647832958e-01 1.756408713120380660e-01 -1.622732053618041459e-01 3.976695128534260548e-02 1.536147890377824454e-01 -1.013066037863094293e-01 3.934077167713079248e-02 -8.784681232377830606e-02 2.294249834102158880e-01 1.265762798426391944e-01 5.246773208066725369e-02 5.317761253235356311e-02 -2.979325843855480938e-01 -1.841456989478663930e-01 -2.569016174371653860e-01 2.623916574408127200e-01 -7.549027236480027048e-02 4.257527781891861096e-01 5.805688700055791074e-01 -1.353574453984177084e-01 -3.405626538137987436e-02 1.615400623714058348e-01 2.972517612104134122e-01 1.926859320192386982e-01 7.109712421227185747e-03 2.496461017100980867e-02 8.735586334807275699e-02 1.262683049495361975e-01 -5.655543869471509749e-02 2.662503190507439083e-02 -7.377343058880313220e-02 -2.442269332193635067e-01 -2.357567085261547124e-01 1.745853612519533138e-01 -1.787511887315200443e-01 -2.145740685808981418e-01 -1.763660120427346378e-01 -3.033697279851503281e-01 1.093202267562763258e-01 -1.347392410255238981e-01 4.448390433774962460e-02 3.143242106507967287e-02 2.206313817723555282e-01 -3.573430782926551724e-02 -2.215318006676883500e-01 2.199395750075908845e-02 -4.442651492188882251e-03 -6.869455414321011533e-02 -2.417888723772692594e-01 1.562304832813847244e-01 1.329842273309458367e-01 -1.438872518866790295e-01 -9.780802739116573052e-02 4.979391282509852690e-02 -2.495087732564170713e-01 -1.050377313874803487e-01 -3.740450959119789170e-02 -1.419417393934852278e-01 4.039111016546458321e-01 -9.495927498766221220e-02 2.721086080883603486e-01 1.975763819902015273e-01 8.935809284771389915e-02 -2.196317302074292932e-01 -1.540661428046514181e-01 2.727188593348150447e-01 2.532346128957466830e-02
3.071706306308881196e-01 1.000000000000000000e+00 4.761037320596344102e-01 3.236082655157471177e-01 6.141723025882506182e-01 3.657146760147718667e-01 2.179888550537212866e-01 5.078945173655710077e-01 2.542078875508415603e-01 -1.718364180343236181e-01 -1.776324739939519337e-01 -4.702495557829224765e-02 -1.618911026605044379e-01 -7.356752871328958721e-02 -2.197211867065891888e-01 5.541571427578547704e-01 -3.766119139607852079e-02 2.293563852527013003e-01 4.758197974755103837e-02 -6.701351919259111722e-02 -4.385954531332891121e-02 -1.167389268970360321e-02 -1.801048877890781275e-01 -5.974259439036896935e-02 -2.691792109688926141e-02 -1.010861887469919999e-02 -2.081382260981824162e-01 -3.156138892908191829e-01 -1.202312754751233281e-01 -3.346027799444741269e-01 -6.158632105578262100e-03 -1.307192741114708567e-01 -2.123272700901364940e-01 1.477835397067082078e-02 5.983493165668524183e-02 -1.115255428209788874e-01 -7.245079698386673595e-02 2.077738974141923878e-02 -4.664209111786193213e-02 6.264161242501467552e-02 -2.800557923809308125e-01 -8.739980330892743385e-03 -1.412893571086497845e-02 -1.108588358022590259e-01 -8.038196440091623096e-02 -3.434922848172886067e-01 -3.490520719958985496e-01 -2.680080525194211694e-01 1.994809947532344419e-01 -2.598178593478384785e-02 1.495344522374660035e-01 6.200477495863642163e-01 1.697793276367280668e-01 3.608084291120442488e-01 4.543804724030640063e-01 3.494109236953856779e-01 5.914955493311894186e-01 3.529153148953586561e-01 -1.548964471402389242e-01 -7.975116160558530509e-02 -5.935814531904899660e-02 -1.075315755935967177e-01 -1.522195962209613729e-01 -6.291034642295152690e-02 -9.407202652705369539e-02 -1.893360501282781161e-01 1.461753143456029358e-01 2.359587770832054579e-02 4.372714770622917330e-02 2.347206029265314631e-01 -6.720671277096357255e-02 2.843043627613738369e-02 -2.203028164367757391e-01 2.995746118898788904e-02 -1.683756581800699079e-02 -9.946088090700384854e-02 -9.376593991466440625e-02 -2.863092044846330397e-01 -8.200993372053279329e-02 -1.543680472328345654e-01 -3.878056375653800292e-02 -2.313067232668882534e-01 -1.532687999162361259e-01 -9.343810091709797011e-03 -2.983115723128229035e-01 -2.858951528290265554e-01 -2.953918456120010333e-02 -2.393597617982788361e-01 7.840797238743917041e-02 -7.561183813506872076e-02 -2.283436066274069365e-01 -3.762118848278086375e-02 -7.033618418475186262e-02 -7.393375694405676288e-05 2.526847598008133498e-03 -1.394146321252987819e-01 -3.613760618008619585e-01 -3.486666689076969861e-01 1.810389558099575191e-01 1.379287495397196472e-01
6.085624461304962596e-01 4.761037320596344102e-01 1.000000000000000000e+00 -2.908557669712898419e-01 3.311300302993100964e-01 5.353858618251150503e-01 2.530955545468043799e-01 3.404973368466928663e-01 3.236198264473893471e-01 1.307995708348707598e-01 1.326363835391312224e-02 1.947636059466184288e-01 -5.985200262282904665e-02 -7.807346973319648220e-02 -2.909403159344601253e-01 3.847362288897109295e-01 -5.553387842001583641e-02 -7.995621749762900354e-02 -3.783053289612883091e-02 -1.668678668440500001e-01 -1.884451019773496772e-01 -2.413046472625112598e-02 -2.419461485341255214e-01 1.725806339100814657e-01 1.413653112697095815e-01 2.188220328196001374e-01 -2.825130164841910610e-02 -2.961009458613125256e-01 -4.954523579223852475e-02 -4.552957136933909466e-01 -2.553077823917647080e-02 -2.541713782627928464e-01 -4.584009258869166659e-01 -2.278584910235246508e-01 2.246990499618023163e-01 -1.291503462429737514e-01 -1.265632356996152785e-01 2.598000263346313815e-02 -1.536755372706264389e-01 1.824542077624790315e-01 -2.697333887981382960e-01 2.984804989822167909e-01 1.516444174419419588e-01 -7.273106267831987160e-02 8.745849850705342265e-02 -4.071215208787422601e-01 -3.452078042588094253e-01 -4.096761678551202324e-01 4.040129394018935893e-01 -8.706587416932362600e-02 1.538775961401181169e-01 6.995533966131428638e-01 -1.415489854558573124e-01 -1.754686022226918940e-01 5.558130493683728357e-01 6.277228987329028786e-01 3.626106163939762927e-01 3.032799871206222631e-01 1.510718038452018019e-01 6.237703633376184137e-02 2.163198920422154392e-01 -1.296031015576515621e-01 -9.041117440324782095e-02 -1.464029983162857540e-01 -2.641838714108222796e-01 -2.681350103145230812e-01 2.052624913998789824e-01 -1.448716551468981484e-01 -1.977782153685707645e-01 -5.447131729195869160e-02 -2.346475087758140288e-01 7.290841155705170273e-02 -2.929398040950206838e-01 2.506981269416549973e-01 1.627044308967116881e-01 3.094556722142206007e-01 2.570081454354314343e-02 -3.518009144804377097e-01 -1.205362130247654567e-01 -3.138751101716905079e-01 -3.751492081091603592e-02 -3.721727123942530913e-01 1.994043251481148193e-01 1.310858531530867954e-01 -1.495120973583145274e-01 -2.846012661385679543e-01 -1.099111887815801131e-01 -2.939470654346877931e-01 -3.892463880033517065e-02 1.181802186403286825e-01 -3.877185074588789804e-01 3.439233623917106741e-01 -6.687242260250679526e-02 2.557300453527694972e-01 2.674785429613257826e-01 -1.270928746455054700e-02 -4.409870013117465071e-01 -3.842041846921471215e-01 3.457108694212337463e-01 7.634106354846509346e-02
-1.421387982285071683e-01 3.236082655157471177e-01 -2.908557669712898419e-01 1.000000000000000000e+00 3.517854593139196351e-01 -2.016481808006630183e-01 -6.496952407571683630e-02 1.810365833349848741e-01 -1.092316799219237716e-01 -3.344450105476276525e-01 -2.287123811739959767e-01 -2.927294810281071968e-01 -1.414219155266872030e-01 1.140045499474831164e-01 1.816479547476796685e-01 1.575271482959647307e-01 -5.050749709711753119e-03 2.968456450935631485e-01 8.940637802844142445e-02 7.379606652083138540e-02 1.440740345770926689e-01 9.599974572441067472e-03 2.226581051937655820e-01 -2.291328804333754576e-01 -9.729800035274049907e-02 -3.263987907536016198e-01 -1.525039705135960433e-01 -5.055283886237092045e-02 2.293832051039175132e-02 1.942899473047495773e-01 1.268035345690794735e-01 2.090031950422115981e-01 4.029503971571455345e-01 2.399074905957101767e-01 -1.456715384254146373e-01 -9.053677064894823101e-02 1.008184678689957002e-02 4.877000821300352118e-02 1.569118425930812744e-01 -5.986314837161106628e-02 2.790367700864452172e-03 -3.720915564164516964e-01 -2.691525580752550106e-01 7.345775881691894542e-03 -1.805493005674430051e-01 9.873525971005438218e-02 1.476297536698727431e-01 2.347116421685572218e-01 -2.514263905965887225e-01 -3.672618386068421392e-02 1.197073512599623885e-01 3.171372050924529951e-02 3.696308366275474766e-01 7.642254727473076770e-01 -8.151937633051033194e-02 -2.536373959545387691e-01 2.361580139248339871e-01 4.165263853335025857e-02 -3.762094131982398615e-01 -1.765628963536783891e-01 -3.402336064409585692e-01 -3.205257150698431756e-02 6.080152219749709180e-02 1.123467399992431337e-01 1.793404411997753800e-01 1.269110509937483589e-01 -5.448237756388021186e-02 1.187116477101122780e-01 2.450333653600777484e-01 2.378462234168088330e-01 1.673115892663542825e-01 8.684406017788412480e-02 2.079651288959205591e-01 -2.457728721157789176e-01 -2.525921920693727230e-01 -3.809423216110653376e-01 1.177852905276385691e-02 1.573977154275035817e-01 1.180211804434013884e-01 2.967828331637409334e-01 2.343446717403577240e-02 3.216074070353896336e-02 -3.675186127149592252e-01 -8.110539600978351749e-02 -1.907213324123418000e-02 2.379273853992948107e-01 5.836214117517100897e-02 2.419470658045197800e-02 4.836445710911838752e-02 -2.332901662881350924e-01 2.682787979278880575e-01 -3.239918527436584372e-01 4.977096647777527749e-02 -2.306288231562461100e-01 -3.113046512605834870e-01 -1.339668400835591633e-01 1.802735427821609560e-01 1.807937507485336825e-01 -2.383403496899886287e-01 -1.748013193780627653e-02
1.857490186375166941e-01 6.141723025882506182e-01 3.311300302993100964e-01 3.517854593139196351e-01 1.000000000000000000e+00 4.742289559480230565e-01 1.023972088798002639e-01 4.908855190339336261e-01 4.316988077209127361e-01 -1.158107736542952210e-01 -1.492339397987168803e-01 -8.388409268886090620e-02 -1.722138139348149410e-01 2.768069623697891682e-02 -7.610745149336489712e-02 2.870832289682184735e-01 -5.681820875166003482e-02 2.259208815321276653e-01 7.171488121450679543e-02 5.908608862379961801e-02 7.495074231490105043e-02 -1.289078622226012827e-01 -7.076008091070508377e-02 -6.873097088845672720e-02 -9.519672525627902171e-02 -1.156920657804952207e-01 -1.680531592201381097e-01 -2.887508956298701079e-01 4.863852899713012878e-02 -2.597193995571909775e-01 -8.546858776080272502e-02 -2.047917012401687942e-01 -1.457790083419712446e-01 -3.771550036347923185e-02 -2.081003853670138765e-02 6.503904865511282718e-02 -1.059146197604136225e-01 -4.586471401031592954e-02 -1.353077891039108360e-01 -1.960556370061124210e-02 -2.230672657121511582e-01 -1.011775380264801488e-01 -1.635682498458699563e-01 -4.984552625273355742e-02 -1.607325385013450847e-01 -3.575996168152760224e-01 -2.670144213108275877e-01 -1.915697794517113861e-01 2.952419707943482741e-01 8.501389112140249338e-02 6.149166176859057614e-02 3.940059916955495067e-01 1.365023640264388938e-01 3.975436427457146871e-01 6.148257347381457238e-01 3.770947957120728278e-01 4.070279104033826534e-01 4.333699827246115244e-01 -8.602196004806765550e-02 -1.332515362212690659e-02 -7.444320875690997596e-02 -9.546332662562602434e-02 -4.640199059812134819e-02 6.484490372332493702e-03 -1.891388999661218831e-02 -2.770564247641382413e-02 1.066439783981931316e-01 1.019392595314660005e-01 1.439390720319207694e-02 2.042449604982957134e-01 5.978608246664477571e-02 3.899530782081198858e-03 -1.141515139750791941e-01 -6.440372476862306350e-02 -6.010800069483780012e-03 -1.321607873770504205e-01 8.840703964107099466e-02 -1.896658539714940195e-01 -9.223602957449485162e-02 -1.510437110148770412e-01 -6.385056553308579574e-02 -1.854673174613173936e-01 -1.337408231754989574e-01 -6.651659953891024546e-02 -2.084659432983980987e-01 -1.709016253862275514e-01 -5.314030714870715544e-02 -1.387744234412805477e-01 1.486755074275318833e-01 -4.686037899743762669e-02 -1.577284008160118045e-01 -1.375043606968693599e-01 -1.362692416741097257e-01 -1.007191606872757661e-01 -1.187800506148730811e-01 -7.578232349261813938e-02 -3.419435493172569562e-01 -2.275531950832686834e-01 2.233667724500396357e-01 1.863692420140408146e-01
1.700163472335514125e-01 3.657146760147718667e-01 5.353858618251150503e-01 -2.016481808006630183e-01 4.742289559480230565e-01 1.000000000000000000e+00 4.247416506379953494e-01 5.983953029603684692e-01 7.276678828950481348e-01 -1.646915535708663508e-03 1.232217129967426092e-02 9.604254172137635659e-02 1.032688737651265981e-01 1.313718101333779739e-02 -1.422888538454464002e-01 1.955976706230021234e-01 5.680650422671899846e-02 1.880185455393761085e-01 1.142216364025258196e-01 1.772168944907938914e-01 9.743163845336294537e-02 -7.073043948245612278e-02 -1.958964641561422859e-01 1.184378368415633792e-01 -7.754904536088760847e-02 9.158598024390385284e-02 9.193609918762642164e-02 -1.438933193507733188e-01 1.597658043293383456e-01 -4.448535289715902508e-01 -2.380181529338121216e-01 -5.201755481722371011e-01 -5.786022304360990409e-01 -5.327887285626649316e-02 2.071414559208593631e-01 2.125990312485524225e-01 -8.498450192874024145e-02 -2.026662083982396223e-01 -1.534294110286175961e-01 2.231452968352360677e-01 -2.049096669204186483e-01 8.721461795110257986e-02 3.608663439646059984e-02 9.456417778052323905e-03 1.078071847757315627e-01 -3.054011310383962785e-01 -3.102479154725797383e-01 -2.598506105961420065e-01 7.112105742495057337e-01 2.135318039351627450e-01 -2.678889424924539853e-01 3.358013110222038411e-01 3.401537489021991961e-02 -1.111785233804745560e-01 7.727612209075652716e-01 7.889874960752465416e-01 4.790075367381809168e-01 6.448308059631577827e-01 5.975362003263721966e-02 1.201942398981915988e-01 1.690336539878343480e-01 9.240216256745630019e-02 -2.629835336800388432e-02 1.169707209840742737e-03 -6.723083480273907286e-02 -7.748603699586022187e-02 3.013621839654050394e-01 7.952911811553908805e-02 -8.371278442511688456e-02 1.515172964145801715e-01 3.992202570020250002e-02 2.462246965885681385e-02 -2.366186356004260083e-01 2.371727261921691976e-01 1.690849306495232351e-01 1.448301592750926847e-01 1.771638111084225531e-01 -3.155941903584870700e-01 -3.637086783933269341e-01 -5.382107260394243253e-01 -8.655089866131884802e-02 -2.706816136600829203e-01 4.471360935684715737e-02 1.004300436792530254e-01 -5.056802620109683566e-02 -2.205578767993824074e-01 -7.031774775661574217e-02 -1.121016822352303433e-01 3.008651957686484524e-01 1.502965391486441316e-01 -4.762631104150781280e-01 -2.281282201019322817e-02 -1.254580311612042975e-01 3.343237592373470707e-02 1.138857033676678732e-01 -4.897082207687308147e-02 -3.932880320927692464e-01 -2.745781523466876983e-01 5.682071543010102088e-01 2.867803038075516509e-01
5.169023861979196027e-02 2.179888550537212866e-01 2.530955545468043799e-01 -6.496952407571683630e-02 1.023972088798002639e-01 4.247416506379953494e-01 1.000000000000000000e+00 5.665255704216436428e-01 4.490823187913550174e-01 4.742061143513447846e-02 1.100565636918427424e-02 2.393082666953054716e-01 1.884606170912475620e-02 -3.813660610821364982e-02 -2.233081389590577948e-01 3.641945127331291943e-01 1.957307836146102709e-01 2.584015087032414115e-01 1.829327943405420764e-01 1.662013433623504011e-01 1.337511556266290647e-01 -7.874771463801165383e-02 -1.538899958637301169e-01 2.516052497370545593e-01 -2.165611059900021673e-01 1.148725747547754278e-01 9.097189676591985880e-03 -2.266672827965268144e-01 -3.136723888473928051e-02 -3.446784709350902420e-01 -9.423942131839714575e-02 -4.202348730670179000e-01 -3.729794470709671961e-01 4.494211218282739839e-02 5.578166741026683445e-02 9.272183864451696844e-02 -1.464271094553868113e-01 -1.502946538035610236e-01 6.489694203926973937e-02 5.033783860586765746e-01 1.094095464635203574e-01 -1.237282275380203606e-01 4.798172412588368879e-02 1.008547052213541184e-01 1.115916369260004787e-01 -1.236010605360745862e-01 -2.511294491483287428e-01 -1.126258656404595521e-01 4.226982459775862067e-01 8.850540881950683114e-02 -1.466386193021336770e-01 1.946118587641933184e-01 3.893342569111576945e-01 -1.320944239924987940e-01 2.587428295277265922e-01 4.233167423009759900e-01 4.813138646288550593e-01 5.052293029064647278e-01 9.147702824105985453e-02 1.658237743587979984e-01 2.166430633818837437e-01 8.414538684704085669e-02 -9.876922753720389359e-02 -3.500591190933634300e-02 -1.009118139368473353e-02 -2.076630575810571588e-01 4.802250149805412094e-01 1.673284646402476983e-01 -1.406901571119973174e-02 1.649497487704721099e-01 -6.530656060106704471e-03 -1.316543571391536223e-02 -2.047818291284216052e-01 4.212532015681803577e-01 3.136122136338663768e-01 5.637482402793877329e-02 -9.949264516743211786e-03 -2.722507736071119178e-01 -2.785219154069117908e-01 -3.996013081502586828e-01 -8.033923753384417110e-02 -1.263775308593949043e-01 4.333675219426376402e-02 7.620330701972129195e-02 -2.953836220044116223e-02 -1.546448291098491967e-01 -7.922240613153254396e-02 -1.184164427233150296e-01 2.199949040399408196e-01 2.823562532311235662e-01 -2.433785926221926355e-01 -4.114555450682316068e-02 1.139104295767483753e-02 -9.530122132486355813e-02 1.031046176941799036e-01 4.748512914700379894e-02 -1.263990055538913027e-01 -1.806703263555752281e-01 3.467034212445855301e-01 1.349527255821325322e-01
4.759362734060938044e-02 5.078945173655710077e-01 3.404973368466928663e-01 1.810365833349848741e-01 4.908855190339336261e-01 5.983953029603684692e-01 5.665255704216436428e-01 1.000000000000000000e+00 6.881920629838426118e-01 -2.472819845888715451e-01 -1.525483607581076539e-01 -1.154995580837764151e-02 1.219688150052114853e-02 1.400737160407385939e-01 -9.575362985358838730e-02 2.542484098934456038e-01 2.570531460644888688e-01 5.598992064874542818e-01 3.875848703303235721e-01 2.572380349907027464e-01 3.116806027613934216e-01 -4.581139120079113364e-02 -7.621832708947275103e-02 8.384301478478128899e-02 -2.899820238574993825e-01 -6.670260006890731119e-02 7.530865033687751675e-02 -1.249150820110028898e-01 1.083013909225404997e-01 -3.508947668668803699e-01 -1.675882033284157857e-01 -4.926351111297774810e-01 -4.052581454061246480e-01 2.417194906540973687e-01 1.201934740672615937e-01 1.844666846021243423e-01 -6.088080767588178316e-02 -2.515601221606661442e-01 -1.502626910820717976e-01 1.002638022749889612e-01 -9.000869925158884455e-02 -1.662867539061619049e-01 -1.144041923811524031e-01 3.093652396087607712e-02 6.661252843527083745e-02 -1.500428707153163843e-01 -2.567827116809218158e-01 -8.516869098699413054e-02 4.525524270729757159e-01 2.099658175598187182e-01 -2.545112966445878255e-01 3.133491653257368115e-01 1.891724955963864918e-01 8.209069181468696408e-02 5.614239946209379495e-01 5.500850961918768434e-01 7.437504425837109245e-01 7.883906790601139525e-01 -1.810214252349571507e-01 2.275711211358472444e-02 2.776799555196723598e-02 1.024749028644177523e-01 -4.257853263273220223e-02 8.826919686442112611e-02 1.143700341434579354e-01 -9.009852295513468001e-02 2.634871421185264739e-01 3.540592143596117958e-01 2.041649437773283560e-01 5.009863844515425324e-01 1.474008957234392014e-01 1.364983083336094583e-01 -1.178589126717928676e-01 4.404507965364010819e-02 2.090834833106023360e-01 -9.702447732416870363e-02 1.466279255259663183e-01 -2.327648402791743232e-01 -3.488900930941789547e-01 -4.863792431529851967e-01 9.707153877712893300e-03 -1.260830949281571134e-01 -3.830340374958834254e-02 1.174966452900044339e-01 4.202853262556321273e-02 -1.789122241590383466e-01 -2.264717518922437431e-02 -4.718019007520974500e-02 3.773629687296997104e-01 7.784872443485142679e-02 -3.303459396763817613e-01 -2.719317145962598659e-01 -2.381276437749336450e-01 -1.744871180617970641e-01 -3.708805305590836404e-02 -4.385073237398288970e-02 -1.931638613909455182e-01 -1.596086175872184487e-01 4.027071981858789673e-01 2.836240122636737859e-01
5.974163522266209662e-03 2.542078875508415603e-01 3.236198264473893471e-01 -1.092316799219237716e-01 4.316988077209127361e-01 7.276678828950481348e-01 4.490823187913550174e-01 6.881920629838426118e-01 1.000000000000000000e+00 -3.130456784277177440e-02 1.373711744080926547e-03 1.183309497299613322e-01 1.352318337879349353e-01 8.581200281603321156e-02 -6.015234948675050181e-02 6.625314420078792788e-02 1.435649727675953891e-01 3.027866440307745433e-01 2.175511175054161139e-01 2.700822513529368418e-01 2.341803308168651510e-01 -9.582957281628910751e-02 -1.335665044837338056e-01 1.995322748347656272e-01 -3.166212706159646784e-01 3.652709997436382611e-02 1.618944870248023304e-01 -4.883645567551841982e-02 2.178087558617404218e-01 -3.270276860024038390e-01 -1.937116120723191004e-01 -4.982563770133953129e-01 -4.341647840527940172e-01 7.857187915101143671e-02 1.049579835260719407e-01 3.726869627865682100e-01 1.138470253154379511e-02 -1.969138754313534134e-01 -1.250922229446510825e-01 1.813357627377744918e-01 4.431502759073460695e-02 -4.120338057121474516e-03 -2.382922969603321756e-02 1.549324893329489250e-01 1.867989466826756872e-01 -1.333362016678911466e-01 -1.994361293772739796e-01 -1.169791971583655499e-01 6.264868469763449355e-01 3.596155389698744709e-01 -3.365140539935027597e-01 1.783090281033028468e-01 1.008348928169935793e-01 -9.471933642284267874e-02 6.195451023261855372e-01 6.656457532547442879e-01 4.236267910998034458e-01 7.988235052652300494e-01 2.579181055528395605e-02 2.253942433012236235e-01 2.381144579141027118e-01 1.968433775484932646e-01 4.304701355066482132e-02 4.903024194211350745e-02 1.717022934606313167e-02 -2.284512459740534532e-02 2.257212315870928965e-01 2.386914449888766498e-01 -3.428703899107326397e-02 2.394152003869922107e-01 7.738963408521362664e-02 3.334360091674627019e-02 -1.741198194471581528e-01 1.826432843890420932e-01 2.989127528953224866e-01 4.062867243049651800e-02 2.256070327218407945e-01 -2.464644356862317753e-01 -4.095246955040803827e-01 -4.973432238336517042e-01 -7.467468632471677137e-02 -1.089401860933081612e-01 6.718197029536089604e-02 4.493457176098936134e-02 7.446864494663212042e-02 -1.673343887233138261e-01 -1.582649022847150075e-02 9.213969222625316424e-04 4.039752390786909841e-01 2.531522029165678700e-01 -3.970800675815679415e-01 -1.482006468770619145e-01 -1.986519490980344360e-01 -1.377409263171464893e-01 6.670231798573270088e-02 1.131358231078861132e-01 -2.084828106961494898e-01 -1.507987523858759782e-01 4.879366037307913961e-01 3.159435456983125667e-01
4.596728452715968111e-02 -1.718364180343236181e-01 1.307995708348707598e-01 -3.344450105476276525e-01 -1.158107736542952210e-01 -1.646915535708663508e-03 4.742061143513447846e-02 -2.472819845888715451e-01 -3.130456784277177440e-02 1.000000000000000000e+00 2.953388431715134876e-01 4.713299504226013958e-01 -2.075913242711517268e-02 -2.276040938860457441e-01 -1.956128150721959391e-01 -3.556903461129754668e-02 -2.380905788626495878e-01 -4.854482632200830539e-01 -3.791015026721771819e-01 -2.993154143130776212e-01 -3.120901693544244626e-01 -1.966443399251253596e-02 -2.652941661582245980e-01 1.728610798808543070e-01 2.621251024590385836e-01 3.948105262053492881e-01 -4.422299384342873868e-02 -2.144693985863491414e-01 -1.362658304092849992e-01 -1.919990941730849998e-01 1.353338025024437841e-01 -4.947785666870779114e-02 -5.983604536510262611e-02 -3.905734877703809227e-01 -5.228763462411836760e-02 -1.315468549181982860e-01 -3.626455497744928563e-02 1.332301032540860464e-01 2.337099714638253833e-01 3.910893380432717281e-01 7.598559886413673581e-02 3.083466522440334590e-01 3.164394363429558488e-01 1.535080997505117728e-01 5.741694317336438341e-02 -1.492335814734622179e-01 -1.451894838782774866e-01 -2.780879932131759547e-01 1.123667152108454581e-01 -9.923047824097497305e-02 4.112834995442290337e-02 2.871974649992633036e-02 -1.909256033524673879e-01 -2.472160912130131338e-01 -1.881513688382402589e-04 1.320323354351689016e-01 -2.721104471522938772e-01 -2.262628937003332286e-01 7.383018353656052302e-01 3.039623178414146976e-01 4.431179643836181681e-01 -9.468324469696694223e-02 -9.515413725821642021e-02 -2.148925033989652622e-01 -3.285612693194417400e-01 -1.307764424563816474e-01 1.135887189437100459e-01 -3.145805211709396532e-01 -5.035606690510285866e-01 -5.064366586865397535e-01 -3.385596342841204476e-01 -2.257652056826625897e-01 -3.410143422921084189e-01 4.635601567766455267e-01 6.213986343267094425e-02 3.789610761846288201e-01 -9.139590438791790616e-02 -2.417957076580361797e-01 7.876452873774335284e-02 -4.872606261662662530e-02 -2.974657468918227021e-01 -2.503448705628944504e-01 2.016057871603583185e-01 -1.333715007525449747e-01 -1.161979805462924065e-01 -2.299027597991252780e-01 -3.790035743698837167e-02 -1.069842696239021590e-01 -3.181181953851263122e-01 1.753269380817555900e-01 -1.299208472349376309e-01 3.201237768046093501e-01 3.614683384472029970e-01 1.293840147054070300e-01 2.771142808463968321e-01 2.378517788211289286e-01 -1.813306704967360683e-01 -3.072779402175668251e-01 9.639840663157840661e-02 -9.281717712464518377e-02
1.044166218509978566e-01 -1.776324739939519337e-01 1.326363835391312224e-02 -2.287123811739959767e-01 -1.492339397987168803e-01 1.232217129967426092e-02 1.100565636918427424e-02 -1.525483607581076539e-01 1.373711744080926547e-03 2.953388431715134876e-01 1.000000000000000000e+00 6.809791324421651248e-01 1.990101259825260982e-01 -2.630956393150214456e-01 -2.046335973493929594e-01 -5.236222987340938273e-02 -1.660387062728687635e-01 -2.730715093790597736e-01 -3.033014369478753136e-01 -2.928483601915473633e-01 -3.257797978841191489e-01 1.271063062928414478e-01 -3.073155326435663137e-01 5.321530109790088003e-01 1.409383607194283350e-01 5.325600326350719005e-01 -1.065073246878432550e-01 -7.184263319731985786e-02 -1.209415039082959997e-01 -1.800828573581799152e-01 -6.543396604978110598e-02 -7.109711507268577646e-02 -2.258952434151683397e-01 -1.333851991073925491e-01 -1.885316175403034533e-02 1.382041184443534021e-01 1.521468738401043630e-01 -7.417799878480907383e-02 3.748399134531360533e-02 1.826380004005022928e-01 3.595517172043836696e-01 2.094671577326870926e-01 4.408462987155860602e-01 2.136477379862397052e-01 2.855100405762951432e-01 -1.542396162349684574e-01 -9.550457820147358057e-02 -2.033958722362868843e-01 1.686825539634274618e-01 5.475313213579532413e-04 -1.019380147307371448e-01 2.847804387023757447e-02 -2.391664779949298492e-01 -1.782237293164627978e-01 -1.217958749139365221e-01 1.295403371180080471e-03 -1.386659730019064729e-01 -8.735264097523447180e-02 2.283449807566952094e-01 6.188494483241773203e-01 4.875257648488677265e-01 1.643305918305327795e-01 -1.927462810205641738e-02 -2.174081049188908987e-01 -3.306927831642195170e-01 -1.351160520584937241e-01 5.805928414843056912e-02 -2.903228198918685887e-01 -4.257936771219469341e-01 -3.951309952370340994e-01 -3.805702414356275098e-01 -1.445821447418401962e-01 -3.034688929295596971e-01 2.352128067642521581e-01 2.737818312808550369e-01 4.647167205991116767e-01 -1.337006815276310656e-01 -1.878171703555982230e-01 -1.022351893414225332e-01 -1.684682716024352711e-01 -1.227718134005723744e-01 3.907815124139784636e-03 2.640584465515790069e-01 -7.591673336025955843e-02 -1.229550363499437166e-01 -1.477544535602418330e-01 -7.509123786534177124e-04 -1.073782943377320220e-01 -1.180334503659359602e-01 3.519132934015451464e-01 -1.248571093998042392e-01 2.255938186689124825e-01 4.272210869884594114e-02 2.065282089227617468e-01 3.729041073093941061e-01 2.620534237392324051e-01 -1.604648503842798501e-01 -2.018847800393656633e-01 1.857488506217268298e-01 -6.570194240180117495e-02
1.806625988642703573e-01 -4.702495557829224765e-02 1.947636059466184288e-01 -2.927294810281071968e-01 -8.388409268886090620e-02 9.604254172137635659e-02 2.393082666953054716e-01 -1.154995580837764151e-02 1.183309497299613322e-01 4.713299504226013958e-01 6.809791324421651248e-01 1.000000000000000000e+00 1.708530847728923219e-01 -2.270428345013904281e-01 -2.885129204999877239e-01 7.893235570783527222e-02 -4.821497156923210820e-02 -2.590664356043229088e-01 -2.276465797471517449e-01 -3.342343840001270605e-01 -2.782381559683866357e-01 1.390457760357446670e-01 -3.280063542828344225e-01 6.025620942788860734e-01 8.388589428344754573e-02 6.414447342135946029e-01 -7.039353444405900551e-02 -1.956275738219336591e-01 -2.092755813493350214e-01 -2.734678466699183574e-01 3.419786611304933416e-02 -2.139273054070294777e-01 -2.824090843282959229e-01 -1.322232423994736950e-01 3.566382318660458323e-02 5.002263219687301532e-02 8.740003420087505415e-02 -2.636469539585482164e-02 1.262770753281741987e-01 3.529228060304714365e-01 3.501975114845245485e-01 2.354412058596050406e-01 5.225625649052131338e-01 2.288375305211355903e-01 3.135976571819485414e-01 -1.458878328922735279e-01 -1.603857929779605174e-01 -2.231201209357555337e-01 2.818793885573285807e-01 -1.602162634643578693e-02 -1.002779657511375377e-01 1.377483703198840448e-01 -1.605449459843742155e-01 -2.249166523366920023e-01 -2.892103321324280760e-02 1.668011150189080416e-01 -1.259971941036712884e-03 1.360135231706395206e-02 3.618220995350142632e-01 6.384961036890105524e-01 6.883441291201758405e-01 1.520141834900275712e-01 -6.980021517050857827e-02 -1.618725548366059530e-01 -3.002427097065736850e-01 -2.353048371095001201e-01 2.170050048378029117e-01 -1.599774289182542830e-01 -3.997159040370432681e-01 -3.348181324922033797e-01 -3.954566874404671917e-01 -9.226849567141472142e-02 -3.588424762130515422e-01 3.983894094927247775e-01 3.988014899475604280e-01 4.848137815972332065e-01 -1.577858440380438265e-01 -3.006695855981907362e-01 -1.357500277568916280e-01 -2.855583133201886059e-01 -1.564055238206590592e-01 -9.826647514713690579e-02 3.051266180632244973e-01 -1.187398617252007245e-02 -1.228692383560444634e-01 -2.406873149222945318e-01 -4.730698311881983975e-03 -1.622618035805844794e-01 -1.587205688824645244e-01 4.313528795589429143e-01 -2.126520374881664954e-01 2.843452709406645851e-01 1.280251452232862575e-01 1.625328451791847040e-01 4.446948829262176717e-01 2.912859623268506670e-01 -1.589375131873110303e-01 -2.870736221511334119e-01 2.596723512052452332e-01 -3.390527177132923037e-02
8.431118268007077934e-03 -1.618911026605044379e-01 -5.985200262282904665e-02 -1.414219155266872030e-01 -1.722138139348149410e-01 1.032688737651265981e-01 1.884606170912475620e-02 1.219688150052114853e-02 1.352318337879349353e-01 -2.075913242711517268e-02 1.990101259825260982e-01 1.708530847728923219e-01 1.000000000000000000e+00 3.414616558617396547e-01 2.589846235803573982e-01 -2.582157752169333409e-01 3.410149545787366510e-01 6.870412959111688034e-02 2.015273231725080438e-01 5.371924107447133973e-02 1.136632461783773640e-01 3.560393301850684478e-01 1.304202983843601726e-01 1.958251308629951337e-01 -1.487878560056508648e-01 6.580651444137189388e-02 3.992875894964354466e-01 3.791253905490979403e-01 2.443605964065022340e-01 2.296289940129024598e-01 -5.321386610120642374e-02 -7.870643206041524897e-02 -1.098539052044382597e-01 2.322476899516183746e-01 2.511803883746300259e-01 1.887021037417573599e-01 3.230125538128123530e-01 -5.813994519324560545e-02 6.067488080377948789e-02 -1.268958645310355737e-02 2.179515305099358480e-01 4.681746903894435513e-02 1.328887278599007460e-01 2.438439678818770662e-01 2.964833770131530266e-01 2.693141799869653297e-01 3.408972891828874197e-01 1.735926697608627944e-01 1.688638996042873541e-01 1.685151132695924536e-01 -2.557356127264753809e-01 -1.690837399977525302e-01 -1.474999006992959993e-01 -1.773748462668563730e-01 -8.100480188961098338e-02 2.012467416765085712e-02 -2.641513459792545898e-02 1.148217701695389004e-01 -1.450081924985495985e-01 1.547746810932921213e-01 2.952968424236141476e-01 7.398622328661615954e-01 5.471842615602532378e-01 2.738694935600652913e-01 1.457313137506726086e-01 2.379767226212818887e-01 -1.543889363172690210e-01 1.731453325116434072e-01 1.246134735552712619e-01 9.830346697882486398e-03 3.767805579262947877e-03 2.627191515735181615e-01 2.019838436292293038e-01 -4.359377713066697746e-02 1.236932048435636783e-01 8.920324805762751275e-02 2.263798952358475336e-01 2.082263333539012551e-01 -1.392841893173265566e-01 -1.409813766088686693e-01 1.480617948424681751e-01 1.713227519127245579e-01 1.895069553197281931e-01 2.904637140590814459e-01 3.703558463649415655e-01 2.727038453230168358e-01 2.070586581548169713e-01 2.888699967136679758e-01 1.357362484723735052e-01 7.594687630819111496e-03 -9.816057282004163331e-02 4.521086066170043605e-02 -5.610613158453006677e-02 4.273801383455230057e-02 7.565842999949812242e-02 1.613527021138949358e-01 2.620159350076679550e-01 2.739721336588956113e-01 1.180898885054080388e-01 -2.344973688212316151e-02
-6.942390956948968350e-02 -7.356752871328958721e-02 -7.807346973319648220e-02 1.140045499474831164e-01 2.768069623697891682e-02 1.313718101333779739e-02 -3.813660610821364982e-02 1.400737160407385939e-01 8.581200281603321156e-02 -2.276040938860457441e-01 -2.630956393150214456e-01 -2.270428345013904281e-01 3.414616558617396547e-01 1.000000000000000000e+00 6.807464523165031034e-01 -2.997944944600297035e-01 4.419399394188333607e-01 2.363972876823774438e-01 5.797791148789835924e-01 2.214431303142702090e-01 5.358251892538956618e-01 1.075256901257417019e-01 6.384750119673374691e-01 -1.293332496039170110e-01 -2.120264589285526524e-01 -3.230839413995020837e-01 2.886707121577488100e-01 2.936478715038512433e-01 4.290366488225740849e-01 4.865874239548148017e-01 -6.171875271452442052e-02 3.465809059146578858e-02 1.301019920495853355e-01 7.527979419970898256e-02 9.311105237753235231e-02 -9.846652158650168532e-03 1.019952946175967656e-01 -7.305205661609680268e-02 -8.679470393732746647e-02 -3.021362357574518542e-01 -1.703947621609417096e-01 -1.640860123904374634e-01 -2.970152584635992743e-01 3.827381725853728350e-02 -1.393124132057374509e-01 3.129572108104831663e-01 4.625130760390655515e-01 3.169808716002106008e-01 2.258036998697824510e-02 1.257053993204857445e-01 -1.681961563872181875e-01 -1.615202591140070532e-01 -2.814318321561094099e-02 6.445281357207190663e-03 1.739584686607047875e-02 1.121595130217517208e-02 5.002151886991601515e-02 1.677884240650866499e-01 -2.633317501122408033e-01 -1.676736735337666373e-01 -1.023522542146821923e-01 2.385068994217567906e-01 5.205130134776696504e-01 5.693245314441114369e-01 6.344884632319884865e-01 5.723689782435176232e-01 -3.013217370641286252e-01 5.000411133455383572e-01 4.604080896826423519e-01 2.761674314147598563e-01 4.435838338369644807e-01 2.842917240360511855e-01 6.091449799216064331e-01 -2.936822670892238474e-01 7.618875325653720609e-02 -2.284141337188778653e-01 5.149165326330920056e-01 4.994271990027468466e-01 -3.805768058800897830e-02 5.311722550043878471e-02 2.217831068950870121e-01 -3.984286729653633424e-02 -2.363507917073692788e-01 1.583114596506973448e-01 3.434793889308321857e-01 4.801729816252619520e-01 1.407520621802948457e-01 1.731665889049905094e-01 1.376200804482864415e-01 -2.717185080388058727e-01 -6.608892413889555506e-02 -2.428783680283714552e-01 -1.494043536475314626e-01 -2.321050962628634362e-01 -2.622036257866573461e-01 -8.306962801950848463e-02 3.660390458834585359e-01 4.999663528955342606e-01 -5.527100479969181655e-03 4.592896843343916707e-02
-2.229973089144108300e-01 -2.197211867065891888e-01 -2.909403159344601253e-01 1.816479547476796685e-01 -7.610745149336489712e-02 -1.422888538454464002e-01 -2.233081389590577948e-01 -9.575362985358838730e-02 -6.015234948675050181e-02 -1.956128150721959391e-01 -2.046335973493929594e-01 -2.885129204999877239e-01 2.589846235803573982e-01 6.807464523165031034e-01 1.000000000000000000e+00 -3.827845653605848608e-01 1.714441486960450456e-01 1.246084723959088175e-01 2.971665776449816110e-01 3.444250708058165800e-01 5.029574335503852467e-01 -1.872903288795603818e-02 7.231205278103617351e-01 -1.774802009553298199e-01 -1.976647630062153549e-01 -3.368406076765035340e-01 2.857980232066855697e-01 3.881826296403249055e-01 5.245888393106338254e-01 6.921038844788324207e-01 -4.678540239877510692e-02 2.295553422293279133e-01 2.910258382517117992e-01 -1.772137620260166163e-02 -6.748081357326647656e-02 7.380627538877924942e-02 6.195992921841867590e-02 1.887017661299378313e-02 -3.404944998216267310e-02 -2.745117818975257862e-01 -1.442066848881149999e-01 -1.270451063245998935e-01 -3.875332894332311207e-01 5.488423718666836371e-02 -1.815966915191688236e-01 3.794931820224405894e-01 4.919064102306339725e-01 4.204554070507344199e-01 -1.425859031352315343e-01 1.394195563675258431e-01 -1.197073970983675711e-01 -3.656186168894619004e-01 -2.193241932014555404e-02 9.381799017694160414e-02 -1.462872377772921617e-01 -1.696198230929601425e-01 -1.475768553730144317e-01 -1.511108255516803445e-02 -2.656212164934017572e-01 -1.532668257156583058e-01 -1.852309523123463197e-01 1.920272900948184480e-01 5.301590431851456175e-01 5.261541800075865138e-01 6.713234492058521852e-01 8.525075168526133895e-01 -3.221750754698474717e-01 3.164318637218645480e-01 3.855696148722013716e-01 1.774229328153127672e-01 6.274992129079268732e-01 1.705855450863697498e-01 7.321264774705243950e-01 -2.818076230032978691e-01 -7.069266135428310671e-02 -2.720689131389573134e-01 5.978755956492693979e-01 7.220966750029345071e-01 -5.601589464210638553e-02 2.725334504275623293e-01 2.242236425856766191e-01 -5.671596433360582418e-02 -3.987618838014448386e-01 -8.250563289227919039e-02 3.089951373165241710e-01 5.233400041227872501e-01 1.157988329078774442e-01 2.596880199444895343e-01 1.927412862859367859e-01 -1.639972354270104460e-01 -7.560984155008236562e-02 -3.195928281103896373e-01 -1.318002431564953281e-01 -3.152899313129424730e-01 -3.940173185208096784e-01 -7.573323314899227388e-02 4.177344775752936945e-01 6.121523574100660170e-01 -1.674627855567912549e-01 1.611759563878076285e-02
