1.000000000000000000e+00 3.492079372666902493e-01 6.063812647796859023e-01 -1.781730717504226985e-02 -4.675730492813915534e-02 3.345078415532734550e-01 1.800042271608349731e-01 1.136429177691209991e-01 2.801148118383202101e-01 1.372271739566293669e-01 1.256213627559940593e-01 -1.354426414334330454e-02 -1.256873883949248816e-01 -1.664488921498466223e-01 -1.413196660792709614e-01 2.021507805714812811e-01 -1.136171106631796573e-01 -1.240868137329459789e-02 -2.390112415384674505e-01 -1.196489802851749273e-01 -1.804491064372681919e-01 1.620533921972892866e-02 -1.940449231474604963e-01 9.698032655449703721e-02 2.485534944398793966e-01 -9.324889391800907090e-02 -7.999987289669330259e-02 -9.198703373075535483e-02 -5.436583940525824971e-02 -1.627777127781013244e-01 2.156422483216973718e-01 2.409796987668020585e-01 7.281983862661135787e-02 -5.421367895056351804e-02 1.255624682302121653e-01 1.620852607831927694e-01 -1.120234351137131962e-01 4.137097805531338990e-01 2.188087481234667342e-01 2.579841393414086803e-01 1.546407213110021772e-01 3.835257405474158388e-01 1.401564076304144257e-01 1.410653319383887994e-01 -1.675181352204163296e-02 -5.786441752331178412e-02 -1.755350242608124944e-01 -1.580655304054048860e-01 2.521633182226376002e-01 2.347585759868887900e-02 6.852976143190724345e-01 3.374858432999378599e-01 -3.846987118024779162e-02 -1.412752844970223409e-01 2.846007396265336498e-01 4.549214884751184851e-01 2.379756395922754397e-01 1.227124217495513536e-01 2.306804085028096030e-01 1.261322057314552894e-02 1.850086504222920453e-02 -7.507031650004059031e-02 -1.366674056064141329e-01 -1.822796687334731491e-01 -1.943474482554529426e-01 -1.407762093534101477e-01 3.686551119260306764e-01 -2.210345222373393814e-01 -3.116409482506803386e-01 -3.319874890031643266e-01 -1.937131563993219063e-01 -9.175442846625198046e-02 -1.985670322395708121e-01 1.184540755743221895e-02 -1.063107139448152549e-01 4.923785206233063927e-02 -1.145477880677057553e-01 -1.364858515380416859e-01 1.704576331918052079e-01 2.273045120740671277e-01 -3.003140544304084836e-01 -1.192971281852057558e-01 -1.993989304862602563e-01 -5.428533809523400366e-02 -2.092176449745926092e-01 -2.212878092127762431e-01 -6.235482465293090693e-02 -3.188830307971184108e-02 2.619989671553964172e-02 1.416794380707868395e-01 1.934132602092473452e-01 3.096147976028022497e-01 2.794916662465323220e-01 3.911007259438889494e-01 -7.749603289905919457e-02 3.263929867440672206e-02 -1.636828695579160831e-01 -2.345666594373694291e-01 3.109317575168645820e-01 4.898533667044609186e-02
3.492079372666902493e-01 1.000000000000000000e+00 6.280734345980780731e-01 5.409292727929231742e-02 7.843205186673815610e-02 3.449665349437822104e-01 4.320366065215547335e-01 5.121006082384217395e-01 4.683150769082890519e-01 1.925623902917726615e-01 1.129126077240225623e-01 1.256423528013095314e-01 -1.105378976525624585e-01 -3.194657965378174813e-01 -3.431685324292411687e-01 5.486362247284062299e-01 -1.093084401009757900e-01 2.742196947515479401e-03 -1.858479156184281444e-01 -1.893853656657270013e-01 -2.398964240747595844e-01 -1.068686994523223438e-02 -3.230915068872933227e-01 9.732995521957112095e-02 1.659183395602122635e-01 7.286858555039084362e-02 -9.713820486148649902e-02 -1.283440911501029791e-01 -1.489849883333094760e-01 -3.332033702390531649e-01 -7.352352766151852397e-03 1.376196248127739274e-01 6.729513486700436364e-02 -1.891522282450814052e-01 -5.387021460282372110e-02 -2.041215148127284093e-02 -1.244945599461611541e-01 2.437489491738021596e-01 2.429565905709642482e-01 2.491064737904509496e-01 -2.750190327369778781e-02 7.074937820209244816e-04 1.869559041431987645e-01 -4.289915149843848141e-02 2.038574821331257392e-01 -2.334183441358929079e-01 -3.745979434662222163e-01 -3.525662845066679374e-01 -4.474820454917920881e-02 -8.323210249304523189e-02 4.374013188750009440e-01 7.827960286856111560e-01 1.848580949790562811e-01 -1.002715391168596589e-03 4.820697188947929424e-01 4.790153613494132490e-01 5.061943178959465994e-01 5.096857180468332693e-01 1.024897411439200795e-01 7.131183532684304271e-02 1.243566200387733606e-01 -7.532275156993689658e-02 -2.387719320875423823e-01 -2.706208668167557341e-01 -3.019971513030320076e-01 -3.487820897832386580e-01 1.359957854532215793e-01 -1.089370080272639152e-01 -2.079263995461754500e-01 -8.703491270608078312e-02 -2.495557394608408364e-01 -1.030885044792772126e-01 -3.109332287048696686e-01 7.135735738654847005e-02 1.334557885026439461e-01 8.314323884733118564e-02 -5.501800845310254179e-02 -2.785035397958524062e-01 7.046500598713497862e-03 3.984972380304151879e-02 -1.503515422036840743e-01 -1.161780257436570846e-01 1.728002226010241782e-01 -6.813502182522644668e-02 -1.844903995465863589e-01 -3.188652715510598701e-01 -6.171537768304750926e-02 -1.210302640138309072e-01 -1.021651274295265824e-02 4.581282555524027189e-02 9.043016270452750027e-02 2.476201213784311184e-01 1.805776261790972836e-01 8.368508775933533594e-02 7.383069525304340741e-02 -8.771353441627817438e-02 -2.997165878334523970e-01 -3.573661866237923257e-01 5.191358683570164445e-02 -5.118219500466025806e-02
6.063812647796859023e-01 6.280734345980780731e-01 1.000000000000000000e+00 -6.767906766781915662e-02 3.997050715075004673e-02 4.953630071645341859e-01 4.423970864744616316e-01 4.824674695934738633e-01 4.899338609718724147e-01 1.365039658075196671e-01 -9.919810249174780895e-04 8.860730727780144131e-03 -1.896293702219382649e-01 -3.138437149015319561e-01 -3.043712091057717006e-01 3.136642455793164364e-01 -1.196991831342694435e-01 2.196212793909944200e-02 -2.139785282585762172e-01 -2.365367380239161432e-01 -2.347877628036096065e-01 -5.248617438761001008e-02 -3.066571864060921304e-01 -6.675888667845382429e-02 1.385084379553999656e-01 -7.750931598585843185e-02 -2.105110702785484289e-01 -2.355492055730588619e-01 -2.601844152505946584e-01 -2.931401023485897261e-01 1.941178188139700278e-01 1.926442358215550710e-02 -1.161182595306382431e-01 -1.584217919551996756e-01 -9.962738014529522179e-02 -6.658400039611396537e-02 -2.064306304952762683e-01 1.977676562845514241e-01 7.869498499350265075e-02 3.114240041487332800e-01 -1.495983880270589927e-01 2.126830928653222486e-01 6.292676669094059150e-02 1.020094386414862643e-02 1.451907225897820508e-01 -2.744781355060535444e-01 -3.839681521759476523e-01 -3.051839327452873230e-01 1.011974257835692760e-02 -2.334623457981751249e-01 4.818622228954014819e-01 6.925193591339255939e-01 2.207405579073155183e-02 -1.595642278791979396e-01 5.689659685852460624e-01 6.675532465059672571e-01 4.939774434186086638e-01 4.509897973391949755e-01 1.294429801579409511e-01 -7.215481485313123000e-02 3.554401950161823615e-02 -1.231079687424355279e-01 -2.730499255802858460e-01 -2.737846734438988405e-01 -3.023805331213942904e-01 -3.084748977435747275e-01 2.256783679416510258e-01 -1.393962884736373309e-01 -2.109949466783238858e-01 -1.382359925118439581e-01 -2.437872210510149407e-01 -1.966210677651221150e-01 -2.976247926902571561e-01 6.931024336078947523e-02 5.870457227766441577e-02 3.044172447430202808e-02 -1.259687906246128031e-01 -2.762509902352229263e-01 1.816355955594816940e-01 3.422505272487613714e-02 -2.459852490320072471e-01 -1.830381273886839966e-01 1.149050648507094347e-01 -1.284464399277643332e-01 -2.697344016191297600e-01 -3.453623520745584541e-01 -1.124327455902275757e-01 -1.397751123664904283e-01 -4.321419962710353058e-02 -4.890142541020281453e-02 -3.135434436476067233e-02 2.624744879607230352e-01 3.891135522546270570e-02 1.882912418766936880e-01 2.725246816804340402e-02 -9.040279668156554760e-02 -3.240479522940717949e-01 -3.655767193681733751e-01 1.203582068905551250e-01 -1.218237500847988014e-01
-1.781730717504226985e-02 5.409292727929231742e-02 -6.767906766781915662e-02 1.000000000000000000e+00 6.543714418937938149e-01 -2.979531292978661039e-01 -9.957239744527358882e-02 -1.388159699295824223e-01 -2.289901929813746573e-01 -2.073118651820467229e-01 -2.052931819671490188e-01 4.265108201029137180e-02 -3.759355027925518917e-03 5.407275948615734851e-02 5.676764475624606482e-02 3.079396578534878692e-01 -1.297561671665773408e-01 -1.576023856424772218e-01 -9.570578558381315215e-02 -1.667935267474149608e-01 3.798987147625190047e-02 -2.806059888532326796e-01 -1.472258469350233578e-02 -1.439959543158297051e-01 -2.034714917269435375e-01 -7.623890232096526554e-02 -3.306493791353661837e-01 -1.102697018759003084e-01 -1.434370834861847625e-02 9.916918442073448248e-02 -1.603331170109862369e-01 3.191983263333142418e-01 4.094132330476973336e-01 -1.046405105882961817e-01 -2.611460151488942949e-01 -1.468783441863832639e-01 -2.817047354146889546e-02 1.870378607817287098e-02 -2.823121964171215054e-02 -7.780933222385917614e-02 -8.926909747047441501e-02 -1.598019165764284488e-01 -2.121236191194057485e-01 -2.457134931183241333e-01 -3.153245091642224995e-01 -1.754739147809063204e-01 -7.864924408888671059e-02 -1.045059292364095282e-01 -2.577307867503750294e-01 -1.259633634452486939e-01 1.289677872837065031e-01 1.034674056906108169e-01 6.506479566650027468e-01 8.316858041164699733e-01 -1.199173802324297183e-01 -2.601800432165981003e-01 1.467193341210138368e-03 -1.253873015706691019e-01 -1.612889845118672394e-01 -1.282136201545267806e-01 6.096799423156395309e-02 -8.355868067045489622e-02 -2.345705319724381704e-02 3.001162932420283619e-02 9.879200399383554487e-02 9.790255353070442812e-02 -1.170911894886197679e-01 -1.668193273561310586e-01 -1.911925381904737431e-01 -1.035247787475778170e-01 2.130059334943613589e-02 -1.131647136785826346e-01 5.334954705809947855e-04 -1.053668663125032212e-01 -1.232719541608939401e-01 -1.633516382678538714e-01 -6.113398262305465465e-03 3.230675619663885695e-02 -1.722132152764646873e-01 4.138837163698818600e-01 -2.807509015275838626e-01 -1.167350860917656385e-01 -3.523009049142377114e-01 -3.273955699521169938e-01 -2.974140533815479159e-01 -1.189660004929582321e-01 -3.608780315053798649e-02 -1.736498610486557070e-01 -2.479589872293498087e-01 -1.950697027741327971e-01 2.383399487408600359e-01 -3.155770441404032178e-01 -8.375714773082040820e-02 -2.455831071636315477e-01 -3.942649628179436538e-01 -2.052728355553371242e-01 -1.225212096589890637e-01 -9.908013848884836272e-02 -3.265422252241129697e-01 -2.535809078046562526e-01
-4.675730492813915534e-02 7.843205186673815610e-02 3.997050715075004673e-02 6.543714418937938149e-01 1.000000000000000000e+00 -1.158652601198450066e-01 -1.248059454040016669e-01 -1.043160894809557898e-01 -1.568442111480479739e-01 -2.335598071965707678e-01 -2.882199180165631591e-01 -6.503439886288203686e-02 -2.089031348307384683e-01 -2.066511855893833627e-01 -1.846690822057590331e-01 2.866613183280742327e-01 -3.057792824937206611e-01 -2.092696982330776168e-01 -2.976974381431969352e-01 -2.770654910750584010e-01 -1.708614907789008375e-01 -4.021711839734103955e-01 -2.368455262411084394e-01 -3.246961023102600818e-01 -3.002467178097968370e-01 -2.020592819680072372e-01 -3.281689305349236307e-01 -2.184416742773217512e-01 -2.456066220538672129e-01 -1.590772302586942744e-01 -3.879651648833689487e-02 7.850626449867588452e-02 1.667623872363898641e-01 -2.221255583937549738e-01 -3.991239656668671976e-01 -1.309922911141102320e-01 -6.576035568714799773e-02 -6.146044171424045605e-02 -1.562083212000794363e-01 -1.379233794967012483e-01 -1.261653958293154631e-01 -2.755718592812872458e-01 -3.084083452826853478e-01 -2.662246726595242086e-01 -1.878672807667670919e-01 -3.678874614099266194e-01 -3.163116254728294829e-01 -2.975940894088913713e-01 -1.944045264604538914e-01 -1.901115784049751956e-01 1.003011183725634470e-01 7.643276563344843233e-02 4.332652199253032577e-01 6.828670092522566293e-01 1.406224007519339958e-01 -1.378610372264159334e-01 -4.149330577521562202e-02 -8.691874377081529324e-02 -2.509395358280206989e-01 -2.872349026936654171e-01 -1.510178762585591937e-03 -2.823586401193437512e-01 -2.407214279829236470e-01 -2.316519920891240425e-01 -1.406663349210064140e-01 -1.583333013851362103e-01 -7.399217743844832551e-02 -3.508148036152123339e-01 -2.776242882380636767e-01 -8.410744839150555152e-02 -2.020545577672673843e-01 -3.370474613358941385e-01 -2.397923213008045784e-01 -2.414508774887204057e-01 -2.518106497751492201e-01 -2.980285699633808405e-01 -1.798312904228939191e-01 -1.814750094883458842e-01 -5.858183188258148794e-02 1.606665313729888911e-01 -3.076635605199937729e-01 -6.908146808087024804e-02 -1.700892474424440803e-01 -4.318736975186838190e-01 -4.156157204105936365e-01 -3.491430212163540991e-01 -1.489146331359031961e-01 -2.351582227593060070e-01 -2.676057164487673501e-01 -1.680875991949047077e-01 1.879644027611580559e-01 -3.306609477389637619e-01 -1.818981022959325067e-01 -3.309264237005306031e-01 -3.773056225196555480e-01 -2.164701656979436395e-01 -3.161924156418298160e-01 -2.958860079028344248e-01 -2.335822524349575602e-01 -2.736671624322890017e-01
3.345078415532734550e-01 3.449665349437822104e-01 4.953630071645341859e-01 -2.979531292978661039e-01 -1.158652601198450066e-01 1.000000000000000000e+00 4.296727729755332459e-01 5.931234916669637647e-01 6.857096751620584962e-01 4.227755918587267625e-01 1.570560289514657260e-01 -2.802907816982011004e-03 -6.025561453680049889e-02 -1.792104073950433474e-01 -2.587563630650654978e-01 6.588827930070424721e-02 -4.133052618339869144e-02 4.476495657341763960e-03 -8.654290192881290700e-02 -7.960667991123873688e-02 -1.832574877481843167e-01 1.528028102961065671e-01 -1.583775292342884389e-01 2.325033576359362628e-02 3.294382805018558624e-01 -4.431099906783417426e-03 -4.938109559159840206e-02 -8.520020485951589062e-02 -1.063104665856282743e-01 -2.253521680746374267e-01 2.028328028212496581e-01 -7.866945550209999971e-02 -1.722520804096673297e-01 -1.295243732793274483e-01 1.204054835637777404e-01 2.971674866535304813e-02 -1.875413830939967330e-01 1.978124940909564700e-01 1.574593978472838274e-01 2.343512509481037176e-01 -5.175426022565716294e-02 1.565962228316486182e-01 2.200898766541958818e-01 2.389951656451070883e-01 2.039215964905364276e-01 -1.113306030236208416e-01 -2.318788811449519205e-01 -1.848513761576970615e-01 3.767908523891995709e-01 1.481692211737796298e-02 1.642821683898303686e-01 4.010082294035806627e-01 -2.716186380723106808e-01 -2.667141464705868326e-01 7.449470323736321342e-01 8.075214056209094604e-01 5.685046241473942219e-01 5.705670446734122381e-01 3.349292158331918512e-01 1.219628646219936691e-01 6.550098762621735238e-02 1.507624056651789106e-02 -6.892746959983016286e-02 -1.302361068527294052e-01 -2.696315986795308484e-01 -2.776223338093632975e-01 2.935621441174175450e-01 -8.242545253185595833e-02 -1.289507427556336183e-01 -2.166115636949182688e-01 -1.750242726589917863e-01 -1.285070779944579022e-02 -1.619256766027783179e-01 1.828832352959972596e-01 9.566781452448046286e-02 2.481520317180282986e-01 -3.816755994010291586e-02 -1.554898182439219678e-01 1.166512480682547481e-01 -1.780979200419557651e-01 -6.906706843950113917e-02 -1.420646914918771986e-01 1.474259155677786204e-01 1.406805586335120872e-01 -7.821235000968423945e-02 -1.671874825412122956e-01 -1.280688074933923337e-01 -1.104302324920114764e-01 7.395925967657338007e-02 8.226887515969381892e-02 -1.510004559007214475e-01 4.109213498881485460e-01 2.376248053673990224e-01 2.443528077321241443e-01 2.159988486315416178e-01 8.752457782507487571e-02 -1.216759172805365052e-01 -2.062793999842982284e-01 4.567723835681598565e-01 1.087047837110411697e-01
1.800042271608349731e-01 4.320366065215547335e-01 4.423970864744616316e-01 -9.957239744527358882e-02 -1.248059454040016669e-01 4.296727729755332459e-01 1.000000000000000000e+00 7.066311519083116055e-01 6.009428777478696970e-01 3.945872380583845818e-01 9.814856520175989363e-02 4.447330842662469003e-02 5.415288844124111628e-02 -2.204047848008639510e-01 -2.050807554024252077e-01 3.177363031733329568e-01 -1.099082744069161260e-01 1.058090699578738830e-01 -1.539354789184386174e-01 -1.460784021817928269e-01 -1.563100580455822619e-01 4.183924236695507615e-02 -1.969657321446805220e-01 9.363495843740285429e-02 3.505412854486885665e-01 1.776031792419957914e-02 9.666296567796852507e-03 -4.397135532700453125e-02 -1.761903777571187935e-01 -2.188998354234923394e-01 2.297107402662326714e-01 -1.295854619299683340e-02 -1.046343908561360447e-01 -1.394469200151385035e-01 -2.749821137384618128e-02 -4.382721422251514842e-02 -2.496866481865656628e-01 2.247752962069470006e-01 2.890470749098578152e-01 4.574368579601563733e-01 -4.922871817331635896e-02 1.670877787555544725e-01 1.482650724125922637e-01 1.379020006931253040e-01 2.651300108135914435e-01 -1.686997573050657839e-01 -2.887865387521221794e-01 -1.841671821547523902e-01 5.948864070680370299e-03 -1.659953524443635586e-01 1.740022846997290040e-01 4.958058995563689453e-01 1.069191652170876361e-01 -1.299881446117846784e-01 3.790063223564958950e-01 5.105407978651517187e-01 6.637332346586736209e-01 5.545499627321418545e-01 3.545337325096643566e-01 5.865326685431773018e-02 7.842783151858602475e-02 6.965049755491540921e-03 -1.501083867124527460e-01 -1.827941369267954697e-01 -2.647685034413644334e-01 -2.050528716992223166e-01 3.218524914283885097e-01 -1.362178782118807774e-01 -2.147170984232917579e-01 -1.225209793838825806e-01 -1.774257960374941989e-01 -5.900118478954356760e-02 -2.339483611532871266e-01 3.051822558193275636e-01 1.611690779082205482e-01 1.416614095930772421e-01 -1.015719758900175962e-01 -1.524051081055279588e-01 2.013446493350496136e-01 -8.097600695744808230e-02 -1.816392013753607704e-01 -1.471985000268578592e-01 1.768485272498911132e-01 -1.019566984331256448e-01 -9.878475159185284848e-02 -3.036219093995538021e-01 -1.903290143575525617e-01 -6.548307925478653868e-02 -1.231287796679526730e-01 4.090940973816199061e-02 -3.378763801194049898e-02 3.496318480452004218e-01 1.451680005053591349e-01 1.014608161917688878e-01 4.391646490504771960e-02 5.915049613833378572e-02 -2.115814312183192658e-01 -2.900701316079679626e-01 8.413022513722537288e-02 -1.360849356673298760e-01
1.136429177691209991e-01 5.121006082384217395e-01 4.824674695934738633e-01 -1.388159699295824223e-01 -1.043160894809557898e-01 5.931234916669637647e-01 7.066311519083116055e-01 1.000000000000000000e+00 7.338547020070399496e-01 4.120002737426024519e-01 1.427484420846671931e-01 8.069977748893872316e-02 1.425254567402111684e-02 -1.542379590016207391e-01 -1.998379245476526178e-01 2.932959776193030388e-01 -8.766795451217569701e-02 6.461046493850929051e-02 -5.025627786930599028e-02 -1.316349258050039106e-01 -1.067148093854401181e-01 8.062849147846425091e-02 -1.256343818083892616e-01 5.738990944396322319e-02 2.585134276380730567e-01 3.582151022006198338e-02 -3.942615471488867401e-02 -6.789314009738121880e-02 -1.354445219511442866e-01 -1.657046607126355098e-01 1.923768963716135372e-01 -1.331654307151816374e-01 -1.997348987740883430e-01 -1.583419349988443581e-01 -5.451085340762494569e-02 -1.099661970534858840e-01 -2.272009868236868346e-01 4.523206693713190812e-02 1.998291447001631638e-01 3.792913375371364526e-01 -1.602382897022393282e-01 3.382377108041496883e-02 1.248378490229452159e-01 1.753956989185897208e-01 2.510885635713026032e-01 -1.541030233179733755e-01 -2.666306274592338821e-01 -1.935545633632334006e-01 4.734477116373778799e-02 -1.704307841221949782e-01 7.413030476253471002e-02 5.664813587048209698e-01 -7.124146299790375288e-03 -1.447198812079502073e-01 5.229224935946117370e-01 6.156521728604390509e-01 7.429913317885765700e-01 7.648568291709679778e-01 3.448295854599180976e-01 1.397631110286730038e-01 1.550857082865776393e-01 4.323534562967317613e-02 -3.872348722391657366e-02 -8.705768372602727678e-02 -2.251527554555418642e-01 -1.845983142696774049e-01 1.647075211693832808e-01 -5.469272799099028637e-02 -1.248138524709244690e-01 -6.732290380166940091e-02 -1.206641188673195364e-01 1.224037574080323598e-02 -1.321724469623339060e-01 3.777709652278580799e-01 2.112231245304565797e-01 1.967148911087912566e-01 1.817185824179075662e-02 -1.026272563048998415e-01 1.621840749585602981e-01 -2.354145903609325963e-01 -1.304962517120208110e-01 -2.124858113640958612e-01 2.055036727340955605e-01 -8.259180336727886540e-03 -7.691097842113162053e-02 -1.907820251042360860e-01 -1.761226182750861291e-01 -1.125252585449502823e-01 -6.697289464223940558e-02 -5.155078887753930701e-03 -1.868109341095727238e-01 2.982356372044516202e-01 6.963449321506678946e-02 3.977140047535542011e-02 1.037636911245616578e-01 5.451010730005171473e-02 -1.691004678109504222e-01 -2.128491409071253115e-01 1.445054377639374832e-01 -1.010520637398216737e-01
2.801148118383202101e-01 4.683150769082890519e-01 4.899338609718724147e-01 -2.289901929813746573e-01 -1.568442111480479739e-01 6.857096751620584962e-01 6.009428777478696970e-01 7.338547020070399496e-01 1.000000000000000000e+00 5.387462640504205869e-01 1.887337283606707605e-01 5.955401567743733027e-02 3.499432763401863489e-02 -1.764311730701242642e-01 -2.253219461035838034e-01 2.148836669488420614e-01 -1.109498765194617126e-01 8.047644894644970237e-02 -1.054452863285324921e-01 -7.127927242462925306e-02 -1.627145319877230933e-01 1.658400053303734634e-01 -2.038953017387637734e-01 1.682922619931158936e-01 3.688386949303525952e-01 -1.964738536967156057e-02 -2.924523291943257469e-02 -1.287914250635376623e-01 -7.917299469931569911e-02 -2.346948239325544194e-01 2.408291537042807628e-01 -1.719192057062216561e-01 -1.600998251441393960e-01 -1.001298162927531099e-01 9.046297736200466233e-02 1.111161002822791677e-01 -2.320459655254370201e-01 1.823759002708751908e-01 2.555062816912062607e-01 3.430667773294351353e-01 4.604598159702606025e-02 2.107034459229519263e-01 2.189929766915527931e-01 1.645208850124547650e-01 1.751694158996320305e-01 -1.208232492379815864e-01 -2.479730340948372858e-01 -2.094317210056757528e-01 2.222360799709026391e-01 1.431329088599475434e-02 1.284603198083971165e-01 5.042755670006846547e-01 -1.384156846985880873e-01 -2.261626864771033862e-01 5.914480349261505010e-01 7.453860485675231073e-01 7.183715465003229772e-01 7.892360698103026984e-01 4.794698048246335276e-01 1.654109032450132299e-01 5.522719656870464511e-02 6.195714802393886139e-02 -1.717097822181488584e-02 -1.318681912455105798e-01 -2.999001895188984634e-01 -2.288054726495970803e-01 3.811487808560267698e-01 -6.707951427467020999e-02 -1.600572265770825731e-01 -1.096532619470412806e-01 -1.771875270722854112e-01 4.618222152341298903e-02 -2.188500103290541843e-01 3.705704833442274859e-01 1.390210725915087264e-01 1.699682112760710628e-01 -3.140179319311173223e-02 -1.810977736792431791e-01 1.746276798220300630e-01 -2.409964981695160435e-01 -7.869754989975719095e-02 -1.103230210411705048e-01 1.205325276079520780e-01 9.384475141542195087e-02 -6.797624818650878364e-02 -2.238226518182409031e-01 -1.615040745801468169e-01 -1.080839382753558398e-01 6.252317318125084900e-02 1.982318193488907532e-01 -1.440722440714965746e-01 3.764547645449843327e-01 1.872194192618678033e-01 2.674078421647694270e-01 1.689696722720354927e-01 6.680140570651163512e-02 -1.607927268467009563e-01 -2.534687523568972534e-01 3.564848007060665291e-01 7.720806077930648936e-02
1.372271739566293669e-01 1.925623902917726615e-01 1.365039658075196671e-01 -2.073118651820467229e-01 -2.335598071965707678e-01 4.227755918587267625e-01 3.945872380583845818e-01 4.120002737426024519e-01 5.387462640504205869e-01 1.000000000000000000e+00 3.814338840835527211e-01 2.804343989152211503e-01 3.001204484769613989e-01 -2.226791138615939053e-02 -5.248788344592492799e-02 1.538677581333046940e-01 5.505399450581035387e-02 8.826359229094077330e-02 1.957713056734685861e-02 -5.817196745760729731e-02 -7.225370812602312232e-02 3.034472880981777809e-01 -6.182561038603770487e-02 1.802911572488013203e-01 5.610042849724089509e-01 1.183012484869073733e-01 8.393323805382460479e-02 1.461971690804071133e-01 6.591367940284385829e-02 -7.487018168297597531e-02 1.795664256359314481e-01 -2.611720213848297764e-02 -2.096450397531816195e-02 -3.790506265458227358e-02 1.496029931700588733e-01 -1.404598406864172519e-02 -3.391120565803676379e-02 1.846171662133507807e-01 2.720809720974484702e-01 2.994227394223492045e-01 -7.813354463057314500e-03 2.189560300561058104e-01 1.837259943074713575e-01 2.587068867622007162e-01 1.883005741752032114e-01 -5.223056370730726899e-02 -1.504224178154792146e-01 -1.197466783755087444e-01 1.147228714720885667e-01 -3.950622311178188933e-02 2.623484673112888230e-02 1.658610573561514756e-01 -1.526862175911767594e-01 -1.997161956566335661e-01 2.625405855623110241e-01 4.321083336068278213e-01 4.501664159070706273e-01 4.685442338643363569e-01 7.746266323650287111e-01 3.633418778048387865e-01 2.574784090920295143e-01 2.926575896297298751e-01 1.004992905117935154e-01 -2.323939035010008994e-02 -1.277109910577308438e-01 -7.454577279569733761e-02 3.723871369154987954e-01 8.383045093014339366e-02 -8.651036887413969534e-02 -9.232110030532807154e-02 -8.125222853365818287e-02 2.613956338093734177e-01 -7.527389225263675376e-02 5.970752646568426858e-01 2.405250305748619644e-01 3.963373159736159890e-01 1.289088838150930783e-01 5.556544178477679924e-02 1.091047140612931843e-01 -1.547199448498306207e-01 -8.547316952436321766e-03 -9.112835097571254928e-02 1.761824764368499774e-01 2.032547918669808940e-01 8.950305792008257655e-02 -6.152189441702864137e-02 -3.907549954661093672e-02 7.866750877617670334e-02 2.282098357784765122e-02 1.197468205945869946e-01 -1.504955743634865950e-01 4.093812708695458991e-01 2.101538250275410691e-01 2.470216833573389836e-01 2.154272740303154188e-01 1.487037940692453042e-01 -3.551693519664848170e-02 -1.246355971108523003e-01 1.987384618934131264e-01 -1.229863766661225266e-02
1.256213627559940593e-01 1.129126077240225623e-01 -9.919810249174780895e-04 -2.052931819671490188e-01 -2.882199180165631591e-01 1.570560289514657260e-01 9.814856520175989363e-02 1.427484420846671931e-01 1.887337283606707605e-01 3.814338840835527211e-01 1.000000000000000000e+00 5.948357591598795180e-01 4.088592785799033957e-01 1.084531128145251877e-01 5.303864937046304240e-02 4.389633504992167951e-02 2.156514012752647480e-01 1.311886742886570478e-01 1.474717370622606605e-01 8.892401315267808859e-02 3.403627233727336138e-02 3.450493314934120481e-01 8.238178656619184193e-02 4.050866095472420159e-01 3.893961717039757797e-01 5.927350325579860968e-01 8.990643291976177509e-02 3.246107807928936273e-01 1.984413003476567794e-01 7.994067784449231107e-02 -1.361596872553065551e-01 1.741395641673593453e-01 4.167715599979211760e-02 -1.339861715571487484e-02 2.090909777618262522e-01 -1.777639288278273083e-02 6.134731192566769686e-02 1.045457351821850872e-01 1.946681719636878805e-01 2.196852092250766997e-01 8.034867426182012995e-02 2.240061898514587591e-01 4.310551969413340401e-01 1.602978307169093120e-01 1.143036379108161027e-01 8.117048631485453136e-02 1.705380489533198790e-02 5.086857818600094144e-03 1.224539736193969719e-01 1.114249097057218724e-01 1.151626822027631281e-01 6.479741812855556449e-02 -1.191405096006165620e-01 -2.483730674129009663e-01 7.521424054278130766e-02 8.880682298927720930e-02 3.954530999686697162e-02 1.960266058122709654e-01 5.059105577073846893e-01 7.576873238262641364e-01 5.645703127989426529e-01 3.681988712826668175e-01 1.734756115570476043e-01 7.378957344561619391e-02 2.218565560995142127e-02 3.693252533746622240e-02 8.849758890037257020e-02 1.492750550858700231e-01 3.431811804048933573e-02 -3.883013308539892683e-02 4.717372857907559114e-02 4.282953730630935096e-01 3.577427357316884798e-02 4.305326016800881117e-01 4.458939285452904744e-01 5.862767193955835676e-01 2.303867813235629114e-01 1.832272192809529798e-01 -1.663987681356668968e-01 5.505164308197368211e-02 9.429830076943178374e-02 -1.540640138935850945e-01 1.865834999192950427e-01 2.962791909111977540e-01 1.625195804182682224e-01 7.040704796707350499e-02 6.988626558122197630e-02 2.644862048923444786e-01 1.510358649202167003e-01 1.351920491266285773e-01 -9.622951737931807747e-02 2.491999988568627533e-01 2.388313593771749510e-01 2.303251637226507165e-01 3.655634416526734598e-01 1.607394076043812681e-01 6.830759709965306126e-02 1.460590687856735959e-02 1.326063073708693696e-01 1.097572325567262308e-01
-1.354426414334330454e-02 1.256423528013095314e-01 8.860730727780144131e-03 4.265108201029137180e-02 -6.503439886288203686e-02 -2.802907816982011004e-03 4.447330842662469003e-02 8.069977748893872316e-02 5.955401567743733027e-02 2.804343989152211503e-01 5.948357591598795180e-01 1.000000000000000000e+00 4.678544289763299502e-01 1.575398449641083887e-01 1.369647342528613754e-01 2.326221734949072695e-01 3.056673959657294493e-01 2.998932729152443688e-01 2.782275736944528899e-01 1.079065441839002631e-01 1.792515320030267645e-01 3.845423690067142908e-01 1.852051271309659020e-01 2.231314423295804039e-01 2.646056125882325638e-01 6.917995026360940214e-01 -2.047050686944214531e-03 4.634683276877085700e-01 2.431498767300578345e-01 2.336250124438802866e-01 -2.747492347929992307e-01 1.078613904923415023e-01 1.071679987009601792e-01 1.471649020740847282e-02 8.004844288655374451e-02 -2.072823226441060096e-01 1.187291031964457511e-01 -1.872706684704140145e-01 1.615637502971604272e-02 2.899767934951546500e-01 -1.920761195694259404e-01 3.097332304063667510e-02 3.195544787693921918e-01 -1.069344497710871117e-01 4.707696373541109432e-03 2.778942297202993943e-03 -2.824136864168853497e-02 -1.305776034146952091e-02 -1.834666842048301438e-01 -1.653118433019782063e-01 2.063160087431934950e-02 1.278056820958815842e-01 8.254841442246289851e-02 2.355746557319997325e-02 8.691086217544190251e-02 -2.918515383830627349e-02 -9.933878408013533268e-04 1.861950841993407213e-01 3.706177958326645761e-01 6.451994848172580843e-01 7.196051292910592423e-01 4.651725161035274447e-01 2.006184166130280111e-01 1.083252164352778990e-01 1.231133873989331967e-01 1.156254823906732038e-01 5.193187437314270016e-03 2.812467893777605421e-01 1.325035465861757189e-01 9.492043545474396216e-02 2.038198390872279497e-01 4.307473339231903675e-01 1.374373668485910083e-01 4.295939161088530578e-01 5.909607901154320109e-01 5.517902229549994653e-01 3.742261000616506350e-01 3.590159023177058595e-01 -2.700632138023991158e-01 1.091409927019423298e-01 -3.034391593804343368e-02 -2.971744201185579914e-01 1.378960638352826062e-01 1.651317594771319619e-01 6.088714644992891667e-02 4.927454113549170622e-02 9.663680374183498956e-02 3.610812363899904565e-01 6.458371545086408205e-02 -1.335093926014797594e-01 -1.398290121498500238e-01 2.174220802465997443e-03 -5.174690991580834648e-02 -3.974061745420730263e-02 2.439047497417503041e-01 4.421126380450336214e-03 2.868167997571421240e-02 3.050637185271441384e-02 -1.937474105949164860e-01 -1.700713592630797577e-01
-1.256873883949248816e-01 -1.105378976525624585e-01 -1.896293702219382649e-01 -3.759355027925518917e-03 -2.089031348307384683e-01 -6.025561453680049889e-02 5.415288844124111628e-02 1.425254567402111684e-02 3.499432763401863489e-02 3.001204484769613989e-01 4.088592785799033957e-01 4.678544289763299502e-01 1.000000000000000000e+00 3.247042316559655695e-01 2.930832411626621559e-01 2.542694053283224218e-02 4.113272834532272215e-01 2.051350441391684709e-01 3.725567440346032044e-01 1.613094319770517204e-01 2.226003926343317618e-01 5.315648100199356074e-01 3.214688837825163681e-01 2.575851427434988072e-01 1.809115701312728752e-01 3.907964145768230146e-01 2.576694060773063732e-01 3.728900940911390460e-01 3.070380322105732973e-01 3.846706647139233604e-01 -1.920431863263107608e-01 9.114578418914380531e-03 1.762127641144685675e-01 1.887057662219567000e-01 3.113543952577186302e-01 -1.537944225691260658e-01 3.652492621819507235e-02 -6.473465242063976277e-02 1.570786699223295779e-01 1.342958647995932953e-01 -3.205363361219215612e-02 4.659184618992776028e-02 2.523523094158972579e-01 -9.606707380348727954e-02 -1.226196429783363573e-01 2.486259451571072587e-01 3.174209302880411920e-01 2.152749477795959931e-01 -1.713225641244846553e-01 -2.859272184531284205e-02 -1.531992972741239578e-01 -7.649514744774206509e-02 5.272259264524101208e-02 -2.071850879632388277e-03 -6.672162394974219535e-02 -8.988832087846040930e-02 4.642996335814830039e-02 8.521611726286558441e-02 3.392855211746170219e-01 4.508316823441533283e-01 3.586421747801108451e-01 7.228650866200679870e-01 4.265323476365004973e-01 2.744721485970471053e-01 2.139114591486031003e-01 3.029183215673171836e-01 -1.257272124811128766e-01 3.902899021962771831e-01 2.012824442750718590e-01 1.105058840663450531e-01 2.301735634600764746e-01 7.102450567459472897e-01 2.544956788815234683e-01 3.461412910419046640e-01 3.383345084291200511e-01 2.952920937986091565e-01 3.404460192355763803e-01 4.450994930068863931e-01 -2.157634566851348024e-01 -1.092776591373162930e-02 1.709253390050663735e-01 -6.355453293755237987e-02 8.665284179209274684e-02 2.922551182439970252e-01 3.258064592881863564e-01 2.677627091889276945e-01 9.362766722086424132e-02 3.311035103374786459e-01 -3.066546444654455125e-02 -1.172128616737079937e-01 -9.992303724908209450e-02 7.888012842367543576e-03 3.002440830458984883e-02 3.576235934872828981e-03 1.163178177619639819e-01 -2.678705756048694459e-02 2.120176411550961648e-01 2.269580481522560089e-01 -2.155338562690850002e-01 -1.107223933439582808e-01
-1.664488921498466223e-01 -3.194657965378174813e-01 -3.138437149015319561e-01 5.407275948615734851e-02 -2.066511855893833627e-01 -1.792104073950433474e-01 -2.204047848008639510e-01 -1.542379590016207391e-01 -1.764311730701242642e-01 -2.226791138615939053e-02 1.084531128145251877e-01 1.575398449641083887e-01 3.247042316559655695e-01 1.000000000000000000e+00 8.461338862199142552e-01 -2.830313313220535476e-01 2.884579911273471575e-01 -2.841151124318991653e-02 5.892240485083741763e-01 3.895432225397037485e-01 7.185190185985452782e-01 1.302978750976864497e-01 8.055787619566969759e-01 1.275635697196077500e-01 -6.972169899610132504e-02 2.009453832559721653e-01 3.120498876028630075e-01 3.271929095161797973e-01 5.343553720324276668e-01 7.575430709758145253e-01 -2.510521789914596513e-01 -3.786952614268015993e-02 5.294057392318682331e-02 1.075481220284051770e-01 1.542894048487585268e-01 -1.244430794527107281e-01 2.694197212545716008e-02 -2.083760294339088714e-01 2.996086319747091539e-02 -3.953770255613505563e-02 -4.890623354893498809e-02 1.515920728524726077e-02 4.781458380139683856e-02 -3.105873846971018634e-02 -2.664279720180940392e-01 5.863260127717511150e-01 6.990463415798015001e-01 6.127818847379467027e-01 -7.308841234436351531e-02 8.602756131281477647e-02 -3.125831019186439130e-01 -2.519793254467552202e-01 -2.802980555689358125e-02 2.710505958216286385e-02 -2.949271962795542712e-01 -2.438307023271136798e-01 -2.352886353955607468e-01 -1.698550175755474678e-01 1.909553047083852734e-02 2.660272159037323503e-01 1.267710691434407455e-01 2.680789156279216323e-01 7.280807972036287268e-01 8.506673826249488979e-01 8.037684114097323196e-01 8.269790519993531763e-01 -2.513015835691208011e-01 3.624133203095992184e-01 3.791455210849620783e-01 4.845141554733064897e-03 7.253227488177635962e-01 3.942691616197923632e-01 7.966811482253793875e-01 2.198821464984589968e-01 1.985168299605421238e-01 1.704391981245643728e-01 4.360262476210242655e-01 6.929870723208537697e-01 -2.220291057638739685e-01 -7.692820929439167510e-03 2.050727647517129604e-01 -1.116831839767627593e-01 -2.648953335974068013e-01 1.904852329622487017e-01 4.856960400176220105e-01 7.348552488512509751e-01 1.086433442985260678e-01 2.048652559210930590e-01 -3.575439052382734656e-02 -1.231849491368543908e-01 -2.218906917978524518e-01 -1.480915682316871207e-01 2.816114187988214695e-02 -1.648054368269584805e-02 -2.506026836920628720e-02 -1.206030112351832301e-01 5.925155900366918527e-01 6.966819103183435891e-01 -1.576413105594246244e-01 1.275557362378558664e-03
-1.413196660792709614e-01 -3.431685324292411687e-01 -3.043712091057717006e-01 5.676764475624606482e-02 -1.846690822057590331e-01 -2.587563630650654978e-01 -2.050807554024252077e-01 -1.998379245476526178e-01 -2.253219461035838034e-01 -5.248788344592492799e-02 5.303864937046304240e-02 1.369647342528613754e-01 2.930832411626621559e-01 8.461338862199142552e-01 1.000000000000000000e+00 -2.814723514278849037e-01 1.828859039686326626e-01 -6.141486436838847901e-02 4.867295145285381319e-01 3.531837764049792772e-01 7.183152188166282981e-01 7.858208663758081691e-02 8.036601825908612495e-01 4.687338685271878053e-02 -4.298441562584968262e-02 1.526585265652150580e-01 3.294900382107386339e-01 3.330760796848346028e-01 4.835338288166628473e-01 8.254078759839398316e-01 -2.249953171402589158e-01 -3.323072743355363207e-02 6.642373182133853859e-02 7.036480147473049562e-02 1.020850009297608468e-01 -1.081797363874362067e-01 5.676275557031080707e-03 -1.744647924303943110e-01 5.133911402933368645e-02 1.616650354406094434e-02 -4.984907236320165747e-02 6.411802113490944199e-02 -1.635054985260464902e-02 -7.457989871702074003e-02 -2.763891055935621122e-01 6.240481807892352961e-01 6.859075802322338600e-01 6.592803955428852003e-01 -1.334054122364305706e-01 2.476358602502812516e-03 -2.715376583079644468e-01 -2.630653921375095128e-01 -2.094277847313210858e-02 1.334780308422988358e-02 -3.403148102767061256e-01 -2.917677001953467575e-01 -2.658637553974441126e-01 -2.346877926875403642e-01 2.569740135028666939e-02 1.937844476609970612e-01 9.572633396172293418e-02 2.299191203952002938e-01 6.572187947040042388e-01 8.046365773335971694e-01 8.131130882368491353e-01 8.893750770272188522e-01 -2.592053630435044997e-01 2.702733056838654280e-01 2.754911216417784692e-01 -4.295031918574235275e-02 7.319983399348378716e-01 3.307008020556589378e-01 7.883810259309447233e-01 1.804845799818383667e-01 1.199592737877367837e-01 1.512192969672222775e-01 3.792205157809654392e-01 7.419390995966341773e-01 -2.078334159853559016e-01 2.716785305231530015e-02 8.961301840233092120e-02 -1.520801220103842333e-01 -2.948602282400497043e-01 9.695611463874248548e-02 4.673010203792737904e-01 7.065648015468934950e-01 6.748306767393444372e-02 2.376054042326960491e-01 -1.303070084314023047e-01 -1.582163856576543071e-01 -1.698769928231056991e-01 -1.325802272110402635e-01 2.446337378904746285e-02 -5.524059982388333442e-03 -9.218226515652019892e-02 -1.762396119703626973e-01 6.325977722247148050e-01 6.934467172686683556e-01 -2.122125912371108925e-01 -1.105721862538602690e-01
