1.000000000000000000e+00 4.242124404493124307e-02 4.251093748319579868e-01 -2.187696078005235967e-01 -9.664779620671123950e-02 4.962526149117683916e-02 1.656792889461422280e-01 5.638911716380923950e-02 6.906072705097042463e-02 2.934067576180587889e-01 1.350215595625788578e-01 1.242319263611846997e-02 -1.834924406860941395e-02 -3.338167892717667229e-01 -2.942044885671136756e-01 2.533858080104378629e-01 -1.132229481336690657e-01 -1.793075185167151975e-01 -2.532110810703345760e-01 -1.131784713419922289e-01 -2.535798722753912493e-01 -2.353136611276234521e-03 -3.076461719770117731e-01 -1.656334357124655543e-01 2.244901015261273336e-01 -1.038730484953409167e-01 8.949140026840628204e-02 2.056081125022601597e-01 1.427297828210900366e-03 -2.023160388547528832e-01 9.793399768501163949e-02 8.515716072984928775e-02 -4.865972786290163193e-02 -1.697619275927430005e-01 5.474802255717624994e-02 -2.943091201939525628e-02 1.093275776608447214e-01 -1.293605899075075394e-01 -2.471235263843906960e-01 1.873761427239420754e-02 -9.084499860910934255e-02 1.125063497930681722e-01 7.095400508373479742e-02 2.411354587763202828e-01 2.156404470989974897e-01 7.794696702252523757e-02 -1.055613055910039344e-01 1.023432002813284836e-01 -3.510387658208195122e-02 -1.180973025865286047e-01 4.171066957112503082e-01 1.078970052821371234e-01 -1.097745163871853002e-01 -8.603565139779102700e-02 1.195251729320879197e-01 1.495645289561687297e-01 4.723548859944585315e-02 2.533999257665563686e-03 1.400781655069430198e-01 8.419407325580877122e-02 -8.197704234515479360e-02 1.171367880084142887e-01 -2.306026432965316009e-01 -2.563768777403063748e-01 -2.067073845864682846e-01 -3.684641941859276293e-01 2.993853387762653354e-04 -1.057645581293041037e-01 -2.068355780648504227e-01 -1.423511403344076276e-01 -1.306664639618204393e-01 9.211500823362754609e-02 -2.702894705186917879e-01 1.426326922870293223e-01 2.999781133367348390e-02 1.672078195549858426e-01 6.391335117462558502e-02 -9.217625437895476948e-02 -5.461753353373022951e-02 -3.339352068781305943e-02 -1.405176545529652765e-01 -1.489523297303955995e-01 1.853452333562749799e-01 9.452609966833118438e-02 1.976055685003807183e-01 -1.288181525852709064e-01 1.677147858053375518e-01 1.162182934253573746e-01 -1.397072426523212896e-01 1.862684200771483941e-03 -7.051395677587687927e-02 1.730681538224483340e-01 -2.943655873969421854e-01 4.255583466477796950e-01 7.278051208361405178e-02 1.611039709772403850e-01 8.891707564801158703e-02 -5.493210969284467726e-02 2.359536571840724004e-02 -5.125564731470722002e-02
4.242124404493124307e-02 1.000000000000000000e+00 3.431319251952248406e-01 6.838663383364511628e-01 6.954172469551543889e-01 5.470160546179845262e-01 2.546377154779223551e-01 7.231751794320775417e-01 4.587249544334297546e-01 -1.591408452814158103e-01 -7.784042898843272773e-02 -6.307530634730047596e-03 8.768467673904795090e-02 2.465376730944144335e-01 6.433123948191586672e-02 4.324987510875650809e-01 1.994364761879357240e-01 4.192452153725353403e-01 3.922595780766162110e-01 5.580162171637372687e-02 1.462660270002831830e-01 1.216049262242651502e-02 4.690041556663707839e-02 -2.313259730718438545e-01 -1.193313408080753507e-01 -1.793447558614893189e-01 -2.622220448784627900e-01 -2.405482933861457784e-01 1.038389011756237212e-01 -4.487921580892795942e-02 -1.078304216104268159e-01 9.777282668041789582e-02 -1.302781131241203816e-01 2.409043422839584336e-01 -1.101138150205448335e-01 -5.457540301241561170e-02 -1.227184540219293518e-01 -3.900119969874305502e-03 -5.493856927023220427e-02 -6.159670757570542832e-02 -1.748435577023461640e-01 -3.296049277680697664e-01 -2.266531217444892332e-01 -3.306724902957111634e-01 -1.434686370525383448e-01 -4.665631866026710983e-01 -1.621874637664942609e-01 -2.144895384814216877e-01 4.136267433173653751e-01 -8.371363666209999388e-02 1.913839581406005241e-01 7.459937394057920557e-01 5.393659525635621232e-01 6.741918481931534757e-01 6.539008954271103846e-01 4.979429240397798551e-01 6.212827518985681863e-01 5.507329626585296678e-01 -2.102062051790919983e-01 -1.059370104960780934e-01 4.379618667190564307e-02 5.427659601724565963e-02 8.565898945554230315e-02 1.748490366400829721e-01 2.651814615588086177e-01 -2.387668620777675527e-02 9.984358765217342391e-02 3.991698796566673368e-01 2.315464838781016998e-01 4.009272620493887218e-01 2.529069367878318819e-01 -5.962235758193452223e-02 3.127122338684731190e-02 1.693442242442390056e-01 1.602199943366321849e-02 -5.596235013471976411e-02 1.291014538878577089e-01 7.418681338981028030e-04 -1.125562202047248467e-01 1.073117555294518660e-01 -9.501656241448991347e-02 -1.519902628497257491e-01 -3.543793813157768979e-01 -1.667315210169866557e-01 -2.518874484269674197e-01 -6.215075360482645583e-02 -1.443840405212086231e-01 -2.476894055607145873e-01 -2.089063671389610605e-02 -2.348908848114649173e-01 -1.807948117034508528e-01 3.365198091593369842e-03 -7.833922987727746923e-03 -1.398286489670049759e-01 -3.142800419388340205e-01 -3.192579891264920033e-01 -4.366746518254220888e-01 -2.588967686661886591e-01 4.265741993123056686e-01 -6.504109458985359027e-02
4.251093748319579868e-01 3.431319251952248406e-01 1.000000000000000000e+00 1.021746097528610092e-01 2.695730405966972887e-01 5.172534367801160382e-01 7.221692122576370276e-02 4.223740645098827406e-01 4.688861117997162320e-01 4.246595691969972525e-02 3.662509612564697203e-01 1.263784145585270247e-01 1.220891429695498825e-01 3.514112400377142342e-02 1.212099554468702711e-02 1.395448137387090559e-01 3.052264103546422497e-02 1.792316596932876371e-01 1.245800612795489593e-01 -1.184326933314237551e-01 7.233468015177564776e-03 -3.649794971894369799e-02 -5.990795987234887737e-02 -1.087942596528968381e-01 3.165460735407624182e-01 -5.286099498440861161e-02 -2.300497546594958143e-01 -6.030118802372037151e-02 1.304723309913629614e-01 -3.298078114111693826e-02 3.936777250303569176e-02 2.157950099671595012e-01 -1.461204619570088126e-01 1.276370572287927052e-01 -1.037590606144343508e-01 3.366339060427901014e-02 6.410821964629435932e-02 -5.343478036300831902e-02 -2.318076169368337713e-01 -1.009640190996527638e-02 -1.363000170113009279e-01 -2.182564490901710633e-02 -3.082709740668286916e-02 -1.269784556950876719e-01 -9.003872958072653421e-02 -1.523860958627631379e-01 -1.220832576000902558e-01 -1.243247983078546587e-01 1.764274025057802064e-01 -1.341837609054228331e-01 3.009295381425700633e-01 4.062296232898710002e-01 9.894827557283587816e-02 1.895641365697663394e-01 4.918071220185429304e-01 5.602144313375450047e-01 2.818456954698646544e-01 3.016417062657140158e-01 -6.473905893956492796e-02 2.442799670206796392e-01 1.624473949490505831e-01 1.892877550448263946e-01 1.888005460940563734e-02 6.915520383114012737e-02 9.428926880152806167e-02 -1.239589148501677313e-01 7.498760626920398555e-03 1.901448963117945423e-01 3.451851462776595048e-02 1.313663608574079933e-01 1.351743537989738286e-01 2.090477037053500159e-02 -1.033565799948521491e-01 1.553033692282592415e-01 2.056798996366194371e-02 3.719006843669503959e-01 1.949479557133346475e-01 -2.745629747118783978e-02 -1.277511881892897383e-01 1.790801323302939618e-01 -1.284740635634077366e-01 -1.838300021650237370e-01 -6.085379791223812646e-02 6.143231132245930565e-02 -8.693325680729330554e-03 5.557053545419272239e-02 2.171714482791700929e-01 -1.801405024358997686e-01 -5.974394663586995308e-02 -1.206980762127564388e-01 -3.087671378209132038e-04 2.422282414536284789e-01 -1.950600413506200503e-01 2.156402130609981760e-01 1.248352727590748903e-02 -1.341881325726479168e-01 -1.662062168191582034e-01 -7.249984746988899498e-02 9.751585176036413338e-02 -2.440576525216854933e-02
-2.187696078005235967e-01 6.838663383364511628e-01 1.021746097528610092e-01 1.000000000000000000e+00 6.658400558379132805e-01 3.470488712881632520e-01 6.816622702413197010e-02 6.586603004921015581e-01 3.526604583559934114e-01 -2.200417181430227020e-01 -4.714697953975884037e-02 -4.847203749386393146e-02 8.334969973603555127e-02 3.701098131048336515e-01 2.706271581832160877e-01 2.472661485993973007e-01 2.947550399875086824e-01 5.029715812900439342e-01 5.117585465777304554e-01 3.682822800000694341e-02 3.213168045627884939e-01 -9.941999956570168537e-03 1.710502075647171438e-01 -1.838073947995774449e-01 -1.044486155457228643e-01 -2.244606613382415794e-01 -3.675985382574963878e-01 -3.463983078365869828e-01 8.788212445129002515e-02 5.840328846756500519e-02 -1.333474599173093411e-01 2.762251256670777422e-01 -4.213783217498368039e-02 3.195114061583820275e-01 -1.767574638372455820e-01 -2.261326250676925359e-02 -1.651088910019271883e-01 2.256927293905182375e-01 4.398088888228365162e-02 -1.021160185299309492e-01 -1.709260699285912455e-01 -3.960900526705789515e-01 -3.330825932759218788e-01 -3.958837817676348902e-01 -2.740063650259892958e-01 -4.685932505086448097e-01 -1.348293679986086180e-01 -2.383698753220495348e-01 3.274309126622972355e-01 -2.311248719478043931e-02 1.342672919169037860e-01 6.387436656066196594e-01 7.297626791686971925e-01 7.877550649637060642e-01 3.997380738019937207e-01 4.303562103970964281e-01 5.930154041871311676e-01 4.848673108200087234e-01 -2.869836854885059463e-01 -2.864672986105889357e-02 9.575412372904634761e-02 8.281058890984525911e-02 1.842760288176984729e-01 3.324395986645621859e-01 4.316761466451492502e-01 1.808333210913025402e-01 6.783025770032442836e-02 4.881689379138352547e-01 3.632831893825640424e-01 4.765261550988535433e-01 3.420445286691184417e-01 -7.568302988925736108e-02 1.485014207826474975e-01 7.131958728560482130e-02 2.782660711923516314e-02 -1.038390305733380148e-01 1.105966102888824992e-01 -1.360329185661736558e-02 -2.038615927083244073e-02 2.399131792471339841e-01 -6.719814324341277789e-02 -8.518402242138713165e-02 -4.205963819264268433e-01 -2.124970871961630869e-01 -4.018680012164042026e-01 2.769476486253049513e-02 -1.530395438891430371e-01 -3.584337926868078616e-01 5.754743052119157265e-02 -2.029673255619932892e-01 -9.057690326065341579e-02 -2.864567934626876741e-02 9.129152294661847800e-02 -2.926091322623710078e-01 -3.323967332248957129e-01 -3.626610284003116136e-01 -4.215388303003773096e-01 -1.459865109924841087e-01 3.730991073010500592e-01 -6.495037252223485966e-04
-9.664779620671123950e-02 6.954172469551543889e-01 2.695730405966972887e-01 6.658400558379132805e-01 1.000000000000000000e+00 5.714470060913577898e-01 1.874465219745943476e-02 6.475524221922458468e-01 5.304177800863595360e-01 -3.042988864807618654e-01 -4.110547336482898301e-02 -1.490157611855130182e-01 6.470634176520298486e-02 3.116515399924291718e-01 1.611348433327775553e-01 1.992720862174508500e-01 2.093424896243000488e-01 5.319836522621123054e-01 4.082604349472199745e-01 2.122839202545906412e-01 2.395799933489178857e-01 9.934697278128794273e-02 2.503399947363189604e-01 -2.236748029086563505e-01 -1.787993338756564410e-01 -1.483324518879108600e-01 -2.526760285212136248e-01 -1.759057769381635883e-01 1.323388048516090376e-01 1.267484442046173387e-01 -3.477493053439514176e-02 1.970323887629024107e-01 -2.858537908331880775e-02 4.054120943294212132e-01 6.834469050400653403e-03 9.217032731260171863e-02 -1.936178683303975412e-02 -4.211584907941274343e-04 7.965985094700046495e-03 -2.078491722163235689e-01 -2.841295132445793500e-02 -3.056514591345222409e-01 -1.485703088857216747e-01 -3.757465331416501297e-01 -1.206404106292291029e-01 -4.240487332257264486e-01 -1.309113830272919630e-02 -7.417994054774143531e-02 5.053758365815976816e-01 3.950649242800491345e-02 2.657304088674068004e-02 5.282735993426627141e-01 5.011246074579025489e-01 6.685253497116967480e-01 6.611713659829353551e-01 4.682494893772434219e-01 4.521538868458839788e-01 5.379127073462713904e-01 -3.286021857419128001e-01 -9.493376674670180038e-02 -6.956589852569942944e-02 -2.367079603520499606e-02 9.008718597737989942e-02 3.041347428785677875e-01 3.436936558398265840e-01 6.413407762185190097e-02 -2.671096032432152684e-02 3.560897391030615200e-01 3.201621762386785419e-01 4.350875533682250218e-01 2.961655776662552864e-01 -1.332500568061415203e-01 1.035978317382082736e-01 -5.170110522588835383e-02 -1.255514229265493054e-01 -1.431134522920854135e-01 9.663995874711507617e-02 7.472171381233225218e-03 -8.120928540938103513e-02 1.678035651548654972e-01 -1.477843888872309719e-01 9.378538131170522860e-03 -3.378431372618482809e-01 -1.290506528842232103e-01 -3.643642026875318352e-01 7.239982646220992357e-02 -5.841093949434147947e-02 -2.919962799005866860e-01 9.675096012889035368e-02 -2.309885140899392286e-01 -8.675919538176274370e-02 -1.312220583045676514e-01 -7.342865758863142966e-02 -1.708538253448523281e-01 -3.436512486150076762e-01 -3.187292373880014074e-01 -4.008610664167388538e-01 -1.479763782090201818e-01 4.581550477866047077e-01 2.371667677924503212e-02
4.962526149117683916e-02 5.470160546179845262e-01 5.172534367801160382e-01 3.470488712881632520e-01 5.714470060913577898e-01 1.000000000000000000e+00 1.222876890923065007e-01 5.799243862589956722e-01 5.817901089346642074e-01 -1.241963050259821122e-01 3.848986950126556672e-02 2.472308907614750861e-02 2.105381810162421374e-01 1.809935643401185401e-01 1.185947095689123508e-02 3.104514632371563332e-01 1.510357423155595236e-01 3.468726291187569921e-01 2.966305419907142582e-01 9.768062276241074038e-02 1.121283996582953246e-01 8.620526121676949649e-02 1.264415523473010339e-01 -1.540977926612902005e-01 -3.955173726321211530e-02 -1.770032591363277300e-02 -1.137227505670611455e-01 -1.173566482115663834e-01 1.171879462224747204e-01 3.429723988753406033e-02 -2.570684388509369631e-02 -2.355008077345766958e-03 -1.733338048919536023e-01 2.414600886113623390e-01 -5.042328240554904556e-02 9.128170821882820862e-02 -6.044169650751026607e-02 -1.093677750115636810e-01 -5.524203252323872659e-02 -8.943182365792692878e-02 -7.964275570491703704e-02 -1.161718067791188830e-01 -7.127738837314488707e-02 -2.016729276138483073e-01 -2.155402733893003325e-02 -3.017846677564978153e-01 -1.104821919912693795e-01 -1.068136825416786256e-01 5.691828832837332319e-01 3.200106193456987713e-02 3.515735121272357822e-02 4.924538427962941167e-01 2.220119805131963719e-01 3.211806226763556094e-01 6.988796976253339732e-01 6.390304412468872375e-01 4.200677744386544510e-01 5.144412275203849028e-01 -1.246447371818919791e-01 3.030556905998935818e-02 9.534897308980735953e-02 6.992938676000319542e-02 3.773020920899700092e-02 1.609204240945922570e-01 1.478966777667284904e-01 -8.633931987531170971e-02 3.992745578579426358e-02 2.739856671097045115e-01 1.257877663905472287e-01 2.778700902336229683e-01 1.630627016810517471e-01 -6.592930822221987341e-02 6.760111876509751483e-02 5.327724155333185552e-02 1.344212088853335638e-02 5.759758916338453966e-02 8.376128345065668446e-02 9.847513889143318447e-03 -3.215703509407789179e-02 -3.448877672132873162e-02 -1.650247571456658346e-01 -1.388039439849734213e-01 -1.952810015507223107e-01 -3.906476558787384118e-02 -1.104831399188413443e-01 5.770408895549358069e-03 -7.734894890447746585e-02 -2.192930076911472626e-01 6.644718096031820842e-02 -2.593455824698769896e-01 -2.442348706214828302e-01 4.313721140633698659e-02 -3.310610653709577210e-03 -1.580191696721805483e-01 -1.550359712914024524e-01 -2.332074155088654233e-01 -3.087964995470561802e-01 -1.686099016069835255e-01 5.027782942293164137e-01 1.757943992470361455e-02
1.656792889461422280e-01 2.546377154779223551e-01 7.221692122576370276e-02 6.816622702413197010e-02 1.874465219745943476e-02 1.222876890923065007e-01 1.000000000000000000e+00 2.315100072456537372e-01 5.714691738421302097e-02 1.766713632057756722e-01 -1.544293869495961535e-01 4.590550549375262829e-02 -3.418067287582278457e-02 -8.666947026412229194e-02 -1.359944093479271698e-01 3.729595884195609501e-01 4.330862790943573737e-02 -6.636599331411623115e-02 3.444196412426444448e-02 -8.047790569176767328e-03 -2.623159098982935644e-02 -8.152930706268636529e-02 -1.949898171807868397e-01 -3.198261897466261189e-02 -3.215619550634335466e-02 -1.398286327450163069e-01 9.732578199088828819e-02 -3.164363319356323923e-02 6.040005809952066207e-02 -2.014570764243946988e-01 -7.685019006895571492e-02 1.841608089322546368e-02 -4.313264169155507644e-02 -1.773039730827657423e-01 -9.428493513236503587e-02 -1.077045360910546534e-01 -9.819790284056344534e-03 1.544978474397306623e-01 2.470808733123841527e-02 3.706989979258646373e-01 1.832349270498785307e-02 1.246735248022342972e-02 9.080735388466659730e-02 1.264102512417267232e-01 1.299531373131187217e-01 4.982342734002111195e-02 -4.595653075446372998e-02 -7.009544764775287040e-02 -3.456132271465917755e-02 -1.857629097783440944e-02 2.393853039241053970e-01 2.657762212980241956e-01 2.017953357510844370e-01 8.560078924986218307e-02 1.151764904177211141e-01 4.018501754812371651e-02 3.121232950777951820e-01 1.082669875747536425e-01 1.430175385263001420e-01 -1.386956966707494354e-01 -5.284660346769436134e-02 -5.483426909632482804e-02 -1.125652861256824511e-01 -2.256969516345234406e-01 -1.723417711646184625e-01 -1.675319126909747269e-01 4.074230004599558308e-01 2.976852701109794150e-02 -1.853220447878814181e-01 -8.414087867472044846e-02 -2.971070104543699353e-03 -6.370412990764329209e-02 -2.640660596490775891e-01 3.146799724259527475e-01 1.114960659663399856e-01 -4.505065192562288795e-02 1.091720528357321141e-01 -6.862435023550889079e-02 1.226019868019852244e-02 -1.563248501224949460e-02 -1.185812280111837314e-01 -3.211699079031589688e-01 -3.553885169538405914e-02 -2.233099162284195305e-01 2.333332992198738215e-02 -3.311421545017775303e-01 -1.016580056433550455e-01 -3.928781367657913082e-02 -1.250603326536113002e-01 5.199410416068456220e-02 -1.617517419506417919e-01 3.610635453655043625e-02 2.502921438349654804e-02 9.922732573388760857e-02 1.542842949366684743e-02 2.815885176725610103e-02 -5.085797106836337927e-02 -3.710229343209980324e-01 4.578260137316515765e-02 -3.970506999127192821e-02
5.638911716380923950e-02 7.231751794320775417e-01 4.223740645098827406e-01 6.586603004921015581e-01 6.475524221922458468e-01 5.799243862589956722e-01 2.315100072456537372e-01 1.000000000000000000e+00 6.370752758253972470e-01 -1.141419628132825104e-01 3.349418035979084829e-02 1.143043468892676259e-02 1.567709417978045139e-01 3.623542112896519507e-01 1.825187937685762707e-01 3.462739985304376100e-01 3.624475724219268225e-01 5.979532824080098230e-01 5.489648201999893784e-01 7.645329236143151574e-02 3.136783758060728289e-01 7.878929045477919835e-02 1.593945966914798174e-01 -1.773402345271457015e-01 -5.374080175482112698e-02 -2.275459351175173339e-01 -3.516044360553607917e-01 -2.702340348386635949e-01 2.052477559638364313e-01 2.716954243008047262e-02 -1.079959477791633121e-01 2.784168020659733012e-01 -1.151881842871317618e-01 4.122936046376539099e-01 -1.292571469826634956e-01 -2.511789604642474319e-02 -1.361254819608726796e-01 4.656443540405111325e-02 -7.227095859014262547e-02 1.231274496028291095e-02 -2.243975035105846005e-01 -3.407241583900211257e-01 -2.495300815843357889e-01 -4.114848520832958823e-01 -2.025380322194103577e-01 -4.608103763069605896e-01 -1.202630716750240497e-01 -2.182742922518575435e-01 4.141724390378192511e-01 -9.853552220283050278e-02 2.958720873276168284e-01 7.002598558899288950e-01 6.029654546209688437e-01 6.609529725934281119e-01 6.146459712984339019e-01 6.560843787865452414e-01 7.356994157894561903e-01 6.628012069293173214e-01 -2.297642741535417532e-01 7.666602744041188522e-02 1.040275879980220169e-01 1.663482850095568955e-01 2.034786607409767578e-01 3.384249371674232787e-01 4.200439076600439026e-01 9.506942490258162015e-02 1.397734275277714433e-01 5.767950785767712585e-01 4.285387013791667199e-01 6.039042141939654496e-01 4.195173258217554380e-01 3.956656627375108176e-02 1.262221503341571516e-01 2.239788101136757914e-01 1.105175178928181623e-01 -2.963481696968289086e-02 2.259168288071277120e-01 -8.291784001094506390e-03 -1.124988551547570076e-01 2.237512215599940513e-01 -6.683411344833835310e-02 -5.955190581502510516e-02 -4.141265008377212897e-01 -1.234618049071397744e-01 -2.952645322107596004e-01 8.745387052531201910e-02 -8.316353737023383930e-02 -3.797954796436193159e-01 4.811392772868408607e-02 -2.469440609744243953e-01 -1.723432350127274693e-01 -1.975269665523432874e-02 -7.503667505082321776e-02 -8.942599080002265610e-02 -3.657699730937026272e-01 -3.986616207057516736e-01 -4.630380700700580388e-01 -2.120604277138808946e-01 4.440672738252422480e-01 -4.215675382509807140e-02
6.906072705097042463e-02 4.587249544334297546e-01 4.688861117997162320e-01 3.526604583559934114e-01 5.304177800863595360e-01 5.817901089346642074e-01 5.714691738421302097e-02 6.370752758253972470e-01 1.000000000000000000e+00 -1.711103666102406773e-01 1.899887125018943079e-01 -1.221463796550902731e-02 2.906907886677829924e-03 3.176439381267396889e-01 2.149824813428203307e-01 1.887724447746779929e-02 1.405473120382726704e-01 4.825958971597073544e-01 3.708669417783894695e-01 2.896727261810819187e-01 2.381448257853366890e-01 -3.919340548272512437e-02 2.414046413521013790e-01 -1.781810396107783578e-01 1.045554235498648114e-02 -1.314358407390651962e-01 -2.630662737873305512e-01 -1.022462191566054363e-01 2.774748703206508793e-01 1.323392135660270974e-01 -5.335669812745136298e-02 2.192430499484447626e-01 -1.074292995891003022e-01 4.285415177212093529e-01 -1.315905835664100132e-01 3.586883793394895492e-01 2.182876167340188078e-01 -8.401028671782082707e-03 -1.613248714652635307e-01 -1.167807754082820643e-01 2.770347798612149762e-02 -2.900065815229898036e-01 -1.461970206699947095e-01 -2.952618918652379354e-01 -6.498571276084275095e-02 -2.825541747431705719e-01 2.790169397671357979e-02 -8.819955751347892392e-02 5.485034014383016743e-01 1.991678744939128498e-01 8.807729440191375270e-02 4.395760741168550090e-01 3.113127188321534455e-01 3.944152095286831972e-01 6.451010645101559193e-01 6.519709118957932592e-01 4.239881514288637021e-01 7.124963692488105460e-01 -2.731883291043324391e-01 1.342523888165861878e-01 2.531503258238839565e-02 3.479774824186128435e-02 1.897051937285306744e-01 2.632199576181797895e-01 3.718195120607797888e-01 7.528565921781189829e-02 1.607452663721870012e-01 3.477789103041042940e-01 3.376043974821064664e-01 4.933164988271320772e-01 3.394029537201514457e-01 -1.058817440568202012e-01 1.362734145138956576e-01 1.014925456573698981e-01 -4.871909598213183812e-02 5.305928875896682301e-02 2.299072322265913737e-01 -1.027467029629489624e-02 -1.894362050413062881e-01 2.444239183614802524e-01 -6.851457410571472340e-02 1.707623924734290310e-01 -2.302090503992589299e-01 -4.232446341534922690e-02 -1.300470715562038193e-01 2.996444529948345536e-01 2.546036138666729620e-01 -2.893243588914423126e-01 3.566864450409173992e-01 1.870578823176297437e-02 1.607136338604757408e-02 1.016577025048209879e-03 -1.202819922573971217e-01 -6.820441478659175494e-02 -3.042740897237106168e-01 -1.547067857768375798e-01 -2.565397036498128780e-01 4.728359396667186632e-02 5.310582878517977612e-01 2.800132597689575231e-01
2.934067576180587889e-01 -1.591408452814158103e-01 4.246595691969972525e-02 -2.200417181430227020e-01 -3.042988864807618654e-01 -1.241963050259821122e-01 1.766713632057756722e-01 -1.141419628132825104e-01 -1.711103666102406773e-01 1.000000000000000000e+00 2.985843298839080395e-01 3.634314394658180181e-01 7.578913406390344609e-02 -2.390381446371221130e-01 -5.030972747021315167e-02 1.833671115630100268e-01 -1.131553863540873672e-01 -3.545727628729544167e-01 -2.580433700471163605e-01 -3.181626759803901083e-01 -7.544753747304759617e-02 -3.185306632345250022e-02 -3.258280863945930417e-01 5.232155376700635407e-02 4.699123325466178502e-01 6.141021791455959777e-02 5.313061506589741856e-02 7.867675508940813467e-02 2.433513427028933043e-02 -1.977469701785190270e-01 -7.056862612143219304e-02 -1.365101191248871970e-01 -7.386289645265485537e-02 -3.820223939172162630e-01 -7.528285626953123977e-02 -2.260910076451072281e-01 -1.823125539798933770e-01 2.162705153031398500e-02 -2.177719768697626568e-01 2.897976191537850466e-01 -3.928295821535948140e-01 2.888612181032879644e-01 -2.685162897237789240e-02 1.561626203616257313e-01 -1.645213768350508449e-02 2.052218217495188277e-02 -3.711593635506438837e-01 -2.155260314818761846e-01 -2.106644168477630752e-01 -3.013652583824224518e-01 2.165483032290117515e-01 -3.435700932883794384e-02 -2.392141400410310315e-01 -2.655206673993308342e-01 -1.487205131240844358e-01 2.398743010804805457e-03 -5.550114436544611313e-02 -1.055165264007351944e-01 6.211099029201007093e-01 2.516459428353999828e-01 1.968359731934164192e-01 2.477864752344724752e-01 -1.205768149098497694e-01 -2.934191755770892418e-01 -1.998200860684131164e-01 -1.112443680466186358e-01 9.766724876071056216e-02 -1.541043786041722263e-01 -2.994915909313016766e-01 -2.701034412100589144e-01 -6.473831890282512325e-02 1.498497515042387929e-01 -1.943778867233466046e-01 3.857272364100275963e-01 3.676526329070629595e-01 3.429080730861549520e-01 1.039733762073296736e-01 1.804764786028706033e-02 9.912965452998463711e-02 -2.481637728013936783e-01 1.735858317871165693e-02 -2.881999410877181256e-01 1.491714960686438551e-01 7.719754012646239116e-02 2.661346809855226758e-01 -2.905741822248893436e-01 1.577515667771201002e-02 1.822785287950338118e-01 -2.554494562134239644e-01 3.148489698503258855e-02 -9.714451607670433753e-02 3.991799247123177241e-01 1.631344400786402804e-01 2.003690934842180527e-01 1.907782110290350552e-01 1.805119252922392781e-01 3.503103806812815635e-02 -1.026944769508857797e-01 -1.374885468251043907e-01 -2.025027405137256042e-01
1.350215595625788578e-01 -7.784042898843272773e-02 3.662509612564697203e-01 -4.714697953975884037e-02 -4.110547336482898301e-02 3.848986950126556672e-02 -1.544293869495961535e-01 3.349418035979084829e-02 1.899887125018943079e-01 2.985843298839080395e-01 1.000000000000000000e+00 4.004416764510847493e-01 5.899771307113724217e-02 7.088630711069167367e-02 2.282317346214920162e-01 -2.206200537484434843e-01 -1.147210600992695506e-01 -5.950929029829735845e-02 4.096566310212015199e-02 -2.071644183086681079e-01 7.838059711823164299e-02 -1.763520879246398554e-01 -7.623946245763738028e-02 6.910005706711203760e-03 5.754876271748246008e-01 6.144705655099835101e-02 -2.695362085463393620e-01 -9.466546381745466476e-02 1.184084918043645379e-01 3.334593110728702875e-02 5.516032471507812535e-02 9.447704224055168687e-02 -1.532730644585028890e-01 -6.327309727886547275e-02 -2.227293343152128291e-01 2.692553791165565313e-02 -2.596856112837672009e-02 1.662527015366881689e-01 -1.745355199017247505e-01 -6.194741203194263635e-03 -1.233982071667480279e-01 1.139624126961218537e-01 -1.123858476257412614e-01 -4.922054088203808853e-02 -2.072984718204004262e-01 6.820046965968304398e-02 -1.294880886102793560e-01 -1.320702935234874253e-01 3.822936296596691347e-02 -1.581443805783216278e-02 9.243771396082366143e-02 6.703436680280817905e-02 -1.219125333498817521e-01 -9.499776703195590699e-02 1.840788697034368218e-02 2.191367229106040981e-01 -8.376587739384026843e-02 4.025315840287167074e-02 1.681883224248140740e-01 4.895576379964646230e-01 3.700392376997102550e-01 2.365874190172648495e-01 2.175514605238687560e-01 6.148361381290162742e-02 9.809726149352972213e-02 9.376881164499019372e-02 7.542725945310700675e-02 7.092286713193830805e-02 -6.947612840773992327e-02 -6.981365615893991849e-02 1.322595709442683232e-01 3.509911025825309533e-02 -8.237212138003967288e-02 1.928267612609486370e-01 1.169988524717230499e-01 4.672606471411767659e-01 2.118291275147562713e-01 7.887577344659653378e-02 -6.113533970593433738e-03 1.484916650335907640e-01 -4.221860499167808672e-02 -1.011558054251074229e-01 -7.942595349620147627e-02 1.585303363054882397e-02 8.981120323668018157e-02 9.427146533249777804e-02 2.578116822573861544e-01 -1.070312478871758427e-01 1.605266650847347876e-02 1.474201435813726202e-01 2.150669228881875450e-01 4.173526188863094233e-01 1.281034042497715963e-01 7.473043767446524432e-02 5.497697108683206879e-02 9.048374911288281641e-02 9.629038004397511008e-02 1.841485887658315945e-01 -1.143787346478359057e-01 1.230680520433317937e-01
1.242319263611846997e-02 -6.307530634730047596e-03 1.263784145585270247e-01 -4.847203749386393146e-02 -1.490157611855130182e-01 2.472308907614750861e-02 4.590550549375262829e-02 1.143043468892676259e-02 -1.221463796550902731e-02 3.634314394658180181e-01 4.004416764510847493e-01 1.000000000000000000e+00 2.322393899352852287e-01 5.670194632266501583e-02 3.209861464220220562e-01 6.453335190988189474e-02 1.943119120995421556e-01 4.541127197779821351e-02 6.620956002921163375e-02 -1.680293022686429327e-01 2.761307054303148156e-01 1.017312551939495019e-01 4.093645943594253350e-02 5.047439424173779665e-01 5.028681963627618101e-01 3.918462564671362225e-01 -5.762128119016325656e-02 -9.345831542344223974e-02 3.314888942316106535e-01 2.376557015434611897e-01 -8.905427478349491055e-02 3.592109656343532575e-02 -2.566299814777873167e-01 -1.030057632729099691e-02 -8.453325418819443438e-02 -1.268846844062072599e-01 -1.540203576961158005e-01 -7.340471936468354053e-02 -2.956087587031753783e-01 3.779351431931812777e-01 -4.084837524847841350e-01 -6.914263274629856536e-03 -7.853569631455266375e-02 -2.040301341624229381e-01 -3.269304692783150390e-01 -2.449731504434165263e-01 -3.891784039072004320e-01 -3.875929907660171647e-01 -9.659389745070837141e-02 -3.112057189136517299e-01 1.744049111649176587e-01 9.732327580282093549e-02 -7.927925192099755103e-02 -1.195311019054253743e-01 -2.440524832543863876e-02 4.370995895047123658e-02 -3.587140994697449875e-02 -3.615338532752043754e-02 2.871842836851519754e-01 5.299369866658828476e-01 6.519994075033687109e-01 2.850466489800650982e-01 1.300011290509662520e-01 -1.753476562792926491e-02 4.132076507722933639e-02 2.129872677716774243e-01 7.980648050573320440e-02 3.708511351841602827e-02 1.045344247996520502e-02 1.419145480783886443e-02 2.887117580488511859e-01 2.719887862822236713e-01 9.236003700684738971e-02 3.969754652761180447e-01 6.512490477870983563e-01 6.081239624647032382e-01 4.309590260911423942e-01 3.729434508108310786e-01 8.293935506074971709e-02 3.340653759153005935e-03 3.422830567323630335e-01 -2.934899129481878810e-01 -1.116303784193132254e-01 7.595340371923747780e-02 1.934656755331477795e-01 -1.615087061100989319e-01 4.837970326739041843e-02 -1.102458989855331466e-02 -7.359508576260941071e-02 -9.533823074382163920e-02 -1.416229772869172510e-01 3.574754691784511884e-01 1.211035174802687214e-01 -7.789968559839523243e-02 1.970416890560515999e-01 -1.464088732614648447e-01 -2.284738454872065616e-01 -2.818994248811234060e-01 -1.155020911641821413e-01 -2.024683217315970951e-01
-1.834924406860941395e-02 8.768467673904795090e-02 1.220891429695498825e-01 8.334969973603555127e-02 6.470634176520298486e-02 2.105381810162421374e-01 -3.418067287582278457e-02 1.567709417978045139e-01 2.906907886677829924e-03 7.578913406390344609e-02 5.899771307113724217e-02 2.322393899352852287e-01 1.000000000000000000e+00 9.625095590586743577e-02 3.814912391557671173e-02 1.191179424485305088e-01 2.355120310787861548e-01 1.727783575601433419e-01 1.753362779575396990e-01 -5.967791433124913780e-02 5.138654804013555177e-02 2.415826113294618771e-01 1.111384184438487105e-01 1.248239501499193993e-01 2.528948259381988764e-02 9.134878686063692410e-02 3.553544468295290193e-02 2.416582925634290502e-02 1.943997929364745525e-01 1.580241477696180952e-01 2.549809850813706744e-02 6.688185383643305282e-02 -9.472861700971581256e-02 1.247271814185770961e-01 6.096230845704659479e-02 -1.102770212122672761e-01 -1.249672494702438186e-01 -4.751417749204490948e-03 -6.373108589722012440e-02 1.418195781764716445e-01 -1.352369049635957776e-01 -5.651627771304187919e-02 -2.000733501228693645e-02 -1.965021930324639676e-02 -5.085594369336453313e-02 -1.010816662508966929e-01 -7.186760357474665517e-02 -9.706893029100237269e-02 8.245513351881351982e-02 -9.814538180085249919e-02 1.080001533905118188e-01 1.139847708574004970e-01 -2.221734087153740336e-02 4.378179911784033096e-02 9.549520614253179107e-02 1.611844321239523647e-01 1.262196473978943190e-01 -2.547661795817939001e-02 2.225323203014032900e-02 1.250546155860825237e-01 2.518699442404009892e-01 5.007250111685214167e-01 2.333465458254460889e-01 1.514079346194204256e-01 1.063885327760854677e-01 6.854092723173524360e-02 -8.432751808616013867e-02 2.331707577384006524e-01 1.481666625266998549e-01 1.415897928058034994e-01 1.142348476397942458e-01 1.432906005358015877e-01 1.045077464928613753e-01 1.046656281193712595e-01 2.159833539552655224e-01 7.749142916617456078e-02 1.521383524717210001e-01 1.764530049964391223e-01 -3.487869844748384823e-02 -1.266988703453362760e-03 5.430121564608290236e-02 -1.581510005702317367e-01 -9.816898624280806507e-02 4.696191386645891946e-02 1.963929288241366561e-02 -5.945168877804266755e-02 -8.022564311059694753e-02 -2.602766851440652812e-02 -9.986725729315079625e-02 -2.720426099686709676e-01 -2.536331160430262410e-01 7.029735916309186317e-02 -3.865325635574880930e-02 -7.298625544957193512e-02 -1.192840862896881043e-01 -6.461362551732158233e-02 -1.546893762321226717e-01 -1.968805773727344000e-01 2.831882770734824376e-02 -1.354766708872194858e-01
-3.338167892717667229e-01 2.465376730944144335e-01 3.514112400377142342e-02 3.701098131048336515e-01 3.116515399924291718e-01 1.809935643401185401e-01 -8.666947026412229194e-02 3.623542112896519507e-01 3.176439381267396889e-01 -2.390381446371221130e-01 7.088630711069167367e-02 5.670194632266501583e-02 9.625095590586743577e-02 1.000000000000000000e+00 6.054990511210073256e-01 -2.047787291116230091e-01 2.590882798441485058e-01 5.396760784028870050e-01 6.077761269846084780e-01 2.055043361856506989e-01 4.961157719214871475e-01 -1.688208204947291152e-02 5.774961394474311671e-01 6.116041781114780335e-02 -1.455403750169344257e-01 -1.463533645738266109e-01 -3.131888238425067361e-01 -9.693863419279495630e-02 3.173537838003320233e-01 5.030975077176890187e-01 -1.517177510255870165e-01 3.874907535491434740e-01 -1.026515940107616820e-01 4.722095846142262410e-01 -2.094285462219905858e-01 1.460728298908066103e-01 1.156196170768727105e-01 1.310373574102064453e-01 5.835277477865787044e-02 2.834308449490551690e-02 -2.363062913612911861e-02 -2.485072468020167458e-01 -1.704182545287832584e-01 -2.559484225516301947e-01 -3.198635444163351882e-01 -1.918844263381923321e-01 1.207411466030884756e-01 -1.763653842131771843e-01 1.903001467653429590e-01 6.980860458179442840e-02 5.143828152787066014e-04 1.361381124178038526e-01 2.861371151367654297e-01 3.674158193306029108e-01 2.145756138746532649e-01 2.029604609018548222e-01 1.607108100804426065e-01 2.286221472976465163e-01 -2.851641006327746974e-01 1.743915910144042680e-01 1.200943142891663373e-01 9.020429739892862897e-02 4.886008038812973409e-01 6.661607265040401238e-01 6.535320441330201291e-01 5.545403058986734246e-01 -1.928523546361319597e-03 4.290469304841057485e-01 4.727233820045519397e-01 5.079086167167914390e-01 5.141156938871628279e-01 3.174177771418684735e-02 4.832444789134857643e-01 9.938426563908468736e-02 1.088492115697102108e-01 -1.359134199886230000e-02 2.694076703179771326e-01 3.710078791841964763e-01 -1.986082121278427703e-01 3.646697607122351137e-01 1.629283574339279173e-01 1.639372794301984515e-01 -3.404069960637434167e-01 -1.703681813989887939e-01 -2.533686447932242958e-01 4.091011388415019545e-01 1.781325433361385380e-01 -2.928057482076483753e-01 2.887177520420500243e-01 -6.104988985616643937e-02 4.783417765480385553e-02 -2.639582530042755559e-01 -5.409111620338134113e-02 -5.929988709547100861e-02 -2.378843372289222713e-01 -1.468508518753890157e-01 -1.929140552324274394e-01 8.835914184389545567e-02 1.657281917267641458e-01 1.936127205355424874e-01
-2.942044885671136756e-01 6.433123948191586672e-02 1.212099554468702711e-02 2.706271581832160877e-01 1.611348433327775553e-01 1.185947095689123508e-02 -1.359944093479271698e-01 1.825187937685762707e-01 2.149824813428203307e-01 -5.030972747021315167e-02 2.282317346214920162e-01 3.209861464220220562e-01 3.814912391557671173e-02 6.054990511210073256e-01 1.000000000000000000e+00 -2.648177274930746949e-01 1.391676605108442821e-01 4.302213063067081289e-01 3.515426636547249184e-01 1.865835774009915460e-01 6.334955518866162150e-01 -8.224780340690228744e-03 5.320613384736995188e-01 2.589597536096179264e-01 7.161831974942890755e-02 5.868685353639871427e-02 -2.835373466388235175e-01 -2.353095640072408110e-02 4.397051799646640724e-01 6.392652408373753481e-01 -1.175681967904886327e-01 3.019347332818279606e-01 -6.949454967193170740e-02 4.076490154416725908e-01 -1.301837619697351622e-01 1.566115626276589901e-01 1.374526811728879472e-01 3.830988735454224359e-02 -1.346422801258507496e-01 7.856787766583532562e-02 -1.030293306634350869e-01 -2.196117193888875718e-01 -1.256081716850447894e-01 -2.684637564348551497e-01 -3.542832741709501798e-01 -2.208161372592260807e-01 -1.604836292510340712e-02 -2.486124221641283771e-01 5.115839774711344878e-02 -6.302632921691560253e-02 -6.009822264667132041e-02 4.602579950511231921e-02 2.024643101604519935e-01 2.098866939366800244e-01 8.824490361392868520e-02 6.579778194776159106e-02 -2.888876036126678676e-02 1.583591659114278183e-01 -1.703914515305610944e-01 4.608423407547919681e-01 3.536860466824235383e-01 8.450228150175706499e-02 4.624121346570060909e-01 4.984166163668966587e-01 5.844369812479913717e-01 7.686859792952358550e-01 -2.431533418062823554e-02 2.764040030783771473e-01 4.129250830347139245e-01 3.821367863311901925e-01 6.530461122090597259e-01 -6.591657957442898300e-03 4.599211764330609631e-01 1.377604203101852054e-01 2.939888577214093690e-01 2.300333574989265606e-01 4.662590855376744226e-01 5.232454706209248574e-01 -1.296801188489407619e-01 2.384615182128662081e-01 2.294048798385480148e-01 8.130022835683115012e-02 -3.292950762407362286e-01 -9.478519976626721688e-02 -1.606197999779583607e-01 3.360805499765029403e-01 2.842241549980834003e-01 -1.532099591032737573e-01 2.518330117933013645e-01 -9.227137222551323736e-02 2.222769725300386898e-02 -1.164333801340815544e-01 -1.039824321641312499e-01 -1.805843454129456294e-01 -1.317694298591275126e-01 -1.715362741123496459e-01 -2.354085123810771563e-01 8.002272354943310018e-02 2.316095943482948671e-02 6.285415135886633642e-02
