1.000000000000000000e+00 3.197779047089670534e-01 1.407436225403230767e-01 1.141582931254709610e-01 1.974494598733773087e-01 1.962872961517665438e-01 2.677528965914922066e-01 1.312723744138606929e-01 2.055536550822855135e-01 2.039640114843654928e-01 -1.353696494344120427e-01 -1.296960889458309008e-01 -2.648897103827123622e-01 -2.997713131715639689e-01 -2.441866331390156741e-01 4.571537295440660231e-01 -1.989262669967024888e-01 -2.519982155190073625e-01 -2.619113061653827734e-01 -4.801874196393580291e-02 -1.646187433456715310e-01 -2.327329673222707229e-01 -3.511692508999260109e-01 -3.082389256654316512e-01 2.343661263959180563e-02 -2.064213372174816541e-01 -2.931578462929864126e-01 -3.960522609782831105e-01 -3.147637035487283463e-01 -2.954149747531895631e-01 3.462792568197806675e-01 -4.806381908735442299e-02 1.157334450192952641e-01 -3.837883356671922264e-01 -2.081619958487402056e-01 -2.295456430321821395e-01 -3.772614708416474616e-01 3.472720070624242261e-01 1.688195883319559831e-01 1.960544547241721003e-01 -2.483822603043429333e-01 3.572559257629208118e-01 -2.435347096429193656e-02 4.675498341953111120e-02 3.980664612637220545e-02 -2.576070590606664990e-01 -3.469857146468974252e-01 -2.943113475194584217e-01 1.712793241153653667e-01 -2.408131588510810939e-01 4.842333868981706924e-01 3.516748675679566283e-01 1.916402991853706217e-01 1.796314690286415217e-01 2.766585248454584978e-01 1.086156309319841612e-01 2.102625996135821240e-01 1.516200083209908733e-01 1.545319804542336639e-01 -4.526007593772938403e-02 -2.487523283681322694e-01 -3.535799806508698184e-01 -3.204687258041656883e-01 -3.111487864479102750e-01 -2.958958009402741229e-01 -2.846257877292530103e-01 2.167476201667640212e-01 -3.384039604717318794e-01 -3.455717853689257435e-01 -1.296507966740699513e-01 -1.425397574795018163e-01 -2.282749523539996661e-01 -3.854398930310908855e-01 5.534992559293356457e-02 -3.544960656386397790e-01 -1.361026897510924372e-01 -3.243994553713164253e-01 -3.320425812562507462e-01 1.377270459663440527e-01 -6.519321156863680695e-03 -4.064888463391455042e-01 -2.955867478777580160e-01 1.224435638657066228e-01 -2.172944617889824015e-01 -2.901259490262639851e-01 -4.278743274723385004e-01 -2.161781889052732109e-01 -1.647828019008222289e-01 -2.656715330621061688e-01 -2.557219547913561764e-01 -1.132715160377336348e-02 -2.751427717103682377e-02 4.072629239217652464e-02 4.167778373454266161e-01 5.557597977714760079e-02 1.965152069737249041e-01 -2.279753547107709888e-01 -2.807260906962040781e-01 1.584201604050514134e-01 -2.152913497350010530e-01
3.197779047089670534e-01 1.000000000000000000e+00 6.391729903640201993e-01 2.259247261807565965e-01 3.721464326053440796e-01 5.322163183922811180e-01 5.737275677353396164e-01 5.939051028533313126e-01 5.487266241469653805e-01 1.216372769464587611e-01 2.912351399046497757e-02 3.365965406431323942e-02 4.862476443745054888e-02 -2.512883525148033037e-01 -3.536609168882528520e-01 5.314012846041251681e-01 1.534305623521733664e-01 5.407333779597370965e-02 7.251988178420065712e-02 -1.454960613968794281e-01 -1.281556583825579632e-01 3.754323646730761688e-02 -2.448583923759494185e-01 -1.436658226639715430e-01 1.252768113848825582e-01 2.095395903906822205e-02 -1.848892872339914784e-01 -4.091044727040234474e-01 -1.303576876335853507e-01 -3.631296416296728724e-01 2.185920608072104698e-02 -2.224898829368541220e-01 -1.669096735985815538e-01 -1.268681150467310670e-01 -1.009099098395822153e-03 -2.263991700379069938e-01 -3.481628868648397601e-01 3.602007380558549521e-01 4.245955294537036295e-02 5.260652096716935539e-02 5.957124930678853701e-03 1.242336115114347078e-01 1.005871275008486665e-01 -1.125335546566617051e-01 -4.473300840915105103e-02 -2.460400875448012781e-01 -3.230622467260217956e-01 -3.250656959494425124e-01 5.138607429060227938e-01 2.588239678692430892e-02 4.709041398372744436e-02 8.139340809302152424e-01 2.345187881590608536e-01 3.600715506075125028e-01 6.501604606374058459e-01 5.344208404633860043e-01 6.795573431127612807e-01 5.656701596300239832e-01 1.973587896366962510e-02 -3.331411699244771207e-02 8.576326690451377063e-03 9.788733305487468117e-02 -2.343891068343703643e-01 -1.214243534900327076e-01 -2.441739942443537092e-01 -3.114308433249374786e-01 3.893902922163903213e-01 1.612637621234739027e-01 3.609752222149224810e-02 1.288925499844896794e-01 -1.570883981016255593e-01 1.441553161129288385e-01 -2.692018167828207353e-01 1.337150923538438507e-01 -1.023277191379416140e-01 9.856694363175223794e-02 -2.286383796326866003e-01 -3.030795355790794066e-01 -1.529096047664301253e-02 -1.728311065837754013e-01 -3.588678113675198289e-01 -2.396359662155379266e-01 -4.787921591997741644e-02 3.266450269825053182e-02 -1.007433705104075206e-01 -3.942472944106575894e-01 -3.724390567833632537e-01 -2.401720586898681287e-01 -1.326110646413119210e-01 -1.338333735355335674e-01 -1.547935721478191640e-01 2.089543472276877423e-01 2.886611325980268858e-02 1.358027926934726459e-01 8.686289318562682993e-02 1.057157507645419513e-02 -2.315791845921198466e-01 -3.177434747725398356e-01 5.381552252535887204e-01 3.466884921801489938e-02
1.407436225403230767e-01 6.391729903640201993e-01 1.000000000000000000e+00 -3.232235768819894939e-01 -1.789611924950917227e-02 6.653365510762310198e-01 5.758930875619034939e-01 4.676735815044591460e-01 5.819528386503752815e-01 3.403612937568601393e-01 3.306591185701343028e-01 2.698903669267792016e-01 9.956140786208027282e-02 -3.501904145944069180e-01 -4.624302058530141979e-01 3.689838158814595093e-01 2.343321953553293424e-01 -4.113759175330120726e-02 5.891881167480108455e-02 -2.477552885143846362e-01 -2.344628274988444783e-01 1.419155214307483703e-01 -3.427018448634606695e-01 8.140213394489421994e-02 4.438056598187596347e-01 2.923697878933377847e-01 -1.341228703635483077e-01 -2.844852988655355852e-01 -1.700506471587812443e-02 -4.855560358371526219e-01 -1.928453016017724619e-01 -4.951701529070787200e-01 -5.192370272611265269e-01 5.836688789235685432e-02 2.002245329491929848e-01 -2.621681553408280463e-01 -1.231824662352262040e-01 4.303629548857539899e-01 7.016816085936052050e-02 2.254057945193500279e-01 2.157049247401711389e-01 1.469805835755869927e-01 2.513819932844930105e-01 -1.436714627985828385e-01 -2.575207739805115970e-02 -2.278973887156867661e-01 -3.972932503113373315e-01 -3.475426179270341698e-01 6.167985659016835820e-01 2.561141687413443502e-01 -2.776691163194873191e-01 7.630733007622820807e-01 -1.925533959812933682e-01 -1.988462614170562470e-01 6.541608389670285906e-01 7.631766365486718495e-01 5.353597267766241341e-01 5.131621426660488705e-01 2.101050894260075852e-01 1.773487876434556021e-01 2.167167284630620028e-01 1.566633952197050705e-01 -3.015203630439573512e-01 -2.173191164107905193e-01 -3.224116742748206477e-01 -4.264300879969246671e-01 5.095216226590991715e-01 2.394459319298879174e-01 9.114219891161727538e-02 2.983622429923392383e-02 -2.622643401386202666e-01 2.176400157746943842e-01 -3.449240661732023705e-01 3.654756070255764100e-01 1.398066897186603930e-01 4.720243775795218144e-01 -1.849195052695839225e-01 -4.265690270280783625e-01 -1.195919737671005123e-01 -4.939143558996996752e-01 -2.363633546038111100e-01 2.727432474990818326e-02 -3.875038705961426216e-02 2.322520486738286760e-01 2.110316817908495862e-04 -4.266385588400801732e-01 -3.955042817697678181e-01 -2.200992254697541339e-01 -1.074058225556010215e-01 2.412350870241268541e-01 -2.912680139340140806e-01 5.844092841395420734e-01 1.164869717090978030e-01 1.806863411630841576e-01 2.217169968871357533e-01 -1.968697164780778275e-01 -2.441985856972572755e-01 -3.369779948372975120e-01 5.792878276017150441e-01 2.784795719819580517e-01
1.141582931254709610e-01 2.259247261807565965e-01 -3.232235768819894939e-01 1.000000000000000000e+00 6.372264953924560160e-01 -2.432623009598147423e-01 -1.730736382643416615e-01 -3.103442765449411500e-02 -1.888434129888970914e-01 -3.780897179030734967e-01 -4.192999505497739809e-01 -3.496218118148516352e-01 -8.126448266616066729e-02 2.135058071848489891e-01 1.874372615678770171e-01 2.663153034594304969e-01 -1.198098568395122993e-01 5.115315016049472308e-02 3.260170058517194297e-02 2.075742907062421566e-02 1.156332131869927671e-01 -2.028869687522140419e-01 2.380022296599683396e-01 -3.595943850881149206e-01 -3.776470707546706884e-01 -3.881566456001973031e-01 -1.645530203284535364e-01 -1.650190287203174566e-01 -2.086627299364990917e-01 2.172857144309224275e-01 4.212371925905570302e-01 6.197489591046999591e-01 6.885196791966814445e-01 -2.673295695010597384e-01 -3.772327916842511120e-01 7.373428363215750458e-02 -2.443483755268954227e-01 1.006384426220835633e-02 1.620293535223854900e-02 -4.213545313783579327e-01 -3.016019492376935673e-01 -1.584135556093290431e-01 -2.193494792577193597e-01 2.035773255452026295e-02 -1.469094637547524451e-01 -3.836320524651280761e-02 1.803367297854608919e-01 7.193472937039205317e-02 -1.834820770425484859e-01 -3.162620628402506018e-01 5.133220585679986181e-01 2.581091982276472602e-02 6.784059128490935731e-01 8.535361498164136806e-01 -4.278583388786157821e-02 -3.226199326710485482e-01 2.425691628366168084e-02 -1.147550151804818397e-01 -3.620421105805344264e-01 -3.857454315817639423e-01 -2.469809864832238355e-01 1.796550120649963861e-02 1.922125237571536138e-01 2.548077841855871939e-01 1.850245265630459657e-01 2.812257060538401188e-01 -2.736879830761395627e-01 -8.780284446438502144e-02 -1.138795696010274777e-01 2.669337277236775996e-02 1.252606333937930361e-01 -1.529962053219017792e-01 2.165595462784384861e-01 -5.123267998830866032e-01 -3.327730064031543256e-01 -4.835916649454126137e-01 -9.107870515087777841e-02 2.281179294422742698e-01 1.850208592765196502e-01 6.418222778772344483e-01 -1.457521038671027169e-01 -4.196934650523035937e-01 -1.837758733731055250e-01 -4.145275526021416357e-01 -2.711178187337350276e-01 1.003596778596701072e-01 -2.625887195422974690e-02 -9.579971643703510953e-02 -5.895861063652248907e-02 -5.538848538677523248e-01 3.978779704040177889e-01 -4.633866632408277231e-01 -1.653201765924799949e-01 -2.234138421267513885e-01 -2.906931673721185327e-01 2.173440584595661140e-01 -3.298690719109613478e-02 4.680388050856349597e-02 -8.942366394132092444e-02 -3.404750285438524759e-01
1.974494598733773087e-01 3.721464326053440796e-01 -1.789611924950917227e-02 6.372264953924560160e-01 1.000000000000000000e+00 1.576801673313178997e-01 6.049320102125185089e-02 2.181464759024575040e-01 1.556469445927690376e-01 -1.586711176605463680e-01 -1.768913947469444858e-01 -8.402080658311834871e-02 1.127530113950286073e-01 2.136718857516833325e-01 8.327711511680604972e-02 2.730619686328135121e-01 2.566140268358354723e-02 8.173343514293170131e-02 8.303388311562980018e-02 1.375836055771637555e-02 5.465060710407946415e-02 -4.978385949928178754e-03 1.404423902560805459e-01 -1.431941023527635859e-01 -2.526076204144780402e-01 -1.733270591151274687e-01 -1.849532423965650485e-01 -9.225343979677465278e-02 -1.044911069994428621e-01 1.308643724587762180e-01 1.024712316136419388e-01 4.082307584632671182e-01 3.875584188578450329e-01 -1.694782179791372023e-01 -2.107860759662905370e-01 5.091451509025977235e-02 -1.302065875393543515e-01 2.314413861679273307e-02 -1.476162091294397523e-02 -2.237135106589831224e-01 -6.345872210706812733e-02 4.077568593583190404e-02 -1.151138514873023128e-01 9.091760287042788269e-02 -2.005729335714155070e-01 -8.971121128165837622e-02 6.705956903385652812e-02 2.639319412671605261e-02 1.624958110859240079e-01 -8.185259914579824658e-02 3.551137611003576389e-01 2.168827858645640261e-01 4.780382755764936986e-01 6.886824657828651830e-01 3.471644998880217270e-01 6.816179072673919648e-02 2.507772584855171294e-01 1.920451073985645074e-01 -1.455126974811527252e-01 -1.046747907215427598e-01 -5.606010145565025991e-03 1.553850109715484984e-01 2.270841780844830571e-01 2.915719676533269911e-01 1.564117792485891778e-01 1.835462316415017725e-01 2.172031284449264452e-02 2.498068303502748444e-02 -4.889179123405414107e-02 3.314761828829278917e-02 5.587930702575784336e-02 -8.169927128865136557e-05 1.685074012697593548e-01 -2.186246580639777115e-01 -9.927276238625641624e-02 -2.407377302800345897e-01 -4.548586704815901077e-02 1.431417578240898603e-01 -1.476977419074259890e-01 3.060177329095877252e-01 -1.961533300732645202e-01 -3.139047042011678390e-01 -1.757577028611050640e-01 -2.280633731466173153e-01 -1.899487442434503459e-01 6.570072860383976976e-02 6.381661210632656560e-04 -1.301396683222166006e-01 2.062046045839713987e-02 -2.729490774764457006e-01 1.393847983775095556e-01 -3.188574537096440231e-01 -5.816084564866515205e-02 -1.213410779376546400e-01 -2.136516492699509218e-01 9.882398264689981615e-02 -5.999229044795564153e-02 8.242867634898700530e-03 2.429386705302426230e-01 -6.497229612441955682e-02
1.962872961517665438e-01 5.322163183922811180e-01 6.653365510762310198e-01 -2.432623009598147423e-01 1.576801673313178997e-01 1.000000000000000000e+00 7.128023489292599768e-01 6.332029001170579319e-01 7.363854595042428342e-01 4.818752155924478919e-01 4.188624599460616937e-01 2.662846178824983534e-01 2.479190284957532853e-01 -1.603562749643827612e-01 -3.603221793861625666e-01 3.605995824639868785e-01 3.442180217717700219e-01 7.927544395607941108e-02 2.054929157567314257e-01 -9.914060323591418478e-02 -1.077757164779371696e-01 2.892448753633127811e-01 -2.518774614468469730e-01 1.910370431136707015e-01 2.562497123605276261e-01 2.972672800307945007e-01 -6.374388870447664224e-02 -1.815955937043413071e-01 6.963003031039839696e-02 -3.000720018058835037e-01 -2.163716219254133433e-01 -4.858160284307150856e-01 -4.569476857342308906e-01 7.329025293362877169e-02 2.367529924592002011e-01 -2.278711717892352162e-01 -1.686319450541542975e-01 2.475778078234114887e-01 2.224360180856077840e-01 3.586792606405000972e-01 2.276216322512984724e-01 2.813282746061704920e-01 2.246344233370003440e-01 -6.214551066470468815e-02 -1.764741199506204491e-02 -1.456904121791622320e-01 -3.542816953832549354e-01 -2.327037570472367256e-01 7.450948623440680763e-01 2.574553033621875264e-01 -2.226970235108895468e-01 6.506994434372604941e-01 -6.601893331873744108e-02 -5.726904003672563664e-02 7.988308104431905976e-01 8.071127383824929780e-01 6.621143716065625018e-01 6.673546360178305159e-01 3.534753227641924123e-01 2.666034146311823672e-01 1.540748185026431516e-01 1.855671789410774097e-01 -1.259531033675450329e-01 -3.793505858878986475e-02 -1.697665864833648730e-01 -3.027921604764459707e-01 5.775154749335237314e-01 2.969271062455208221e-01 1.472519396500863165e-01 1.448702233288463037e-01 -1.547472803722823864e-01 2.508118749815839710e-01 -2.386833776584646183e-01 4.949900696288423441e-01 2.045897239257332134e-01 3.284501028384439469e-01 -2.241341589227532557e-02 -2.402400454970737287e-01 -2.680763285854357303e-01 -4.969364199724765618e-01 -2.357844109849457082e-01 -2.739865434624960336e-02 -3.926343572635993678e-02 2.262603295337305975e-01 2.592234575257587603e-02 -3.274042417722943243e-01 -2.830905709138786808e-01 -1.810482016035742381e-01 -3.723886797994559184e-02 1.933270595915935752e-01 -3.836248755985959824e-01 3.087170404021921111e-01 2.848617761786363944e-01 2.658413866307713369e-01 2.587049245371467743e-01 -2.584337441631264290e-02 -1.674972779457007122e-01 -2.501225312953359037e-01 6.696979804159551852e-01 2.779411671828490027e-01
2.677528965914922066e-01 5.737275677353396164e-01 5.758930875619034939e-01 -1.730736382643416615e-01 6.049320102125185089e-02 7.128023489292599768e-01 1.000000000000000000e+00 6.858705009904771943e-01 6.676972199800460528e-01 5.202440332143493107e-01 3.990686408266901908e-01 3.165362296974097434e-01 9.644285788116524483e-02 -3.248975789285923343e-01 -4.831353181078317793e-01 5.499622736587117533e-01 2.661249385434765191e-01 2.768259194280961108e-02 1.161103930377880289e-01 -1.769169422336211717e-01 -2.226377806162525563e-01 2.356079993300279340e-01 -3.624365320193501105e-01 1.674986582463207363e-01 2.651107435657126254e-01 2.997548445269068718e-01 -1.396058363918765421e-01 -3.050364241352416794e-01 -7.223284997988636824e-02 -4.048810417876452239e-01 -1.225305570349292522e-01 -5.209049571446042748e-01 -4.423441417780087370e-01 -1.298230606765307139e-02 2.346133467895063496e-01 -3.421851705693366164e-01 -2.914962134864747534e-01 2.767285717873472217e-01 1.359448737766086601e-01 5.088424314525887837e-01 2.048835917000695617e-01 3.345417751444735299e-01 2.817505840036494957e-01 -4.596874436087461380e-02 8.211681784308766385e-02 -2.440913430317858124e-01 -4.756618045763855163e-01 -3.678565462186471624e-01 5.673048998173969570e-01 1.080539423806575056e-01 -1.731346725770530892e-01 6.154514055274556972e-01 3.797024881535394913e-02 -1.882544857390482454e-02 6.951391733891599811e-01 6.768436403784648947e-01 7.262663329046523675e-01 6.157040888536290391e-01 3.767965246032425330e-01 2.618005541209243447e-01 9.017939079905147592e-02 1.317064250273491596e-02 -2.893123890196531711e-01 -2.163123898231823772e-01 -3.285653400873503882e-01 -4.633997512260535356e-01 6.622523645752274035e-01 1.824355035822403659e-01 6.342029781560841462e-02 1.398738284381793595e-01 -2.503128016515884235e-01 2.153937771149402602e-01 -3.867737601119221047e-01 5.733070619595380668e-01 9.572571824562010889e-02 3.158755438641256963e-01 -1.896324646409323911e-01 -3.634937402822101538e-01 -1.114164770277881605e-01 -4.795242445178828361e-01 -3.422189848659255573e-01 -1.358996764354832854e-01 1.104836848674576461e-01 2.251195790393213936e-01 -3.623732569492407740e-02 -4.690304283500523197e-01 -3.519459345662097061e-01 -2.473638708289109256e-01 -2.058004642950688745e-01 1.639734328971616806e-01 -3.958389263430561189e-01 2.857870833670440036e-01 2.217222726204548244e-01 3.453593195737211796e-01 2.982596912754452156e-01 2.221052973675261694e-02 -2.386746302061676928e-01 -3.799891597827010359e-01 5.461010879094237991e-01 1.511398474478690690e-01
1.312723744138606929e-01 5.939051028533313126e-01 4.676735815044591460e-01 -3.103442765449411500e-02 2.181464759024575040e-01 6.332029001170579319e-01 6.858705009904771943e-01 1.000000000000000000e+00 8.113883009755458176e-01 2.251833344767787959e-01 3.639645532082338986e-01 3.388167246182163805e-01 2.828234196321151583e-01 -6.034122025233282227e-02 -2.283353336074490647e-01 2.653126601738001744e-01 4.456113456147430818e-01 4.299617047539658343e-01 3.286056702163108745e-01 1.210306866653826502e-01 1.003629992027020440e-01 4.384972037842320147e-01 -5.859926764383770192e-02 2.045672040029243854e-01 1.050764056275921461e-02 3.188283907775426584e-01 1.020261066439194370e-01 -1.215126580029425030e-01 1.713309344046921867e-01 -1.603499437189160326e-01 -1.747545167705176206e-01 -4.012006423918976772e-01 -3.956370905266411997e-01 1.945657876662739982e-01 3.767414310514020648e-01 -2.982108243138682432e-02 -1.328730049399850788e-01 -9.977313350039798169e-04 -1.779962264337950567e-03 2.650467648081580863e-01 2.887604124608780798e-01 2.817669941149292812e-01 2.287006890093023492e-01 7.405485875463212186e-02 8.380722101238852195e-02 -5.475747480206239609e-02 -2.211854604126038681e-01 -9.689722856278619456e-02 5.963144833073649176e-01 3.006197397253317360e-01 -1.076728114677132780e-01 5.593765549447121677e-01 1.402855985566139052e-01 1.920694398764152266e-01 6.828958601475606516e-01 6.302116625782067105e-01 8.874370492559170431e-01 8.422764410066552188e-01 2.525159306071430576e-01 3.242308728062500145e-01 2.755139711409900771e-01 2.109331701006711135e-01 -1.043777335348811813e-01 5.356304237247545147e-02 -4.511178698109426927e-02 -1.792228506919910647e-01 6.009154939715442012e-01 3.847960158048366885e-01 3.220806175254068426e-01 4.882240549947977626e-01 7.880948183315036881e-02 3.789673586135562933e-01 -6.774297125894178373e-02 4.291277529471560492e-01 2.282352772546167863e-01 2.383006707886182740e-01 6.562892594354922948e-02 -8.853990520918041118e-02 -1.178778026298755582e-01 -3.332246728174444450e-01 -2.401196583166929910e-01 2.901582879118385153e-02 1.595584074813402864e-01 3.098199258288881763e-01 1.655195779107979659e-01 -1.877822210501212952e-01 -1.416359196903007045e-01 -1.311112352464959552e-01 1.929850179299898161e-01 2.231115311952591718e-01 -2.442589800010718792e-01 5.792188305505167195e-02 1.137348672356575385e-01 2.002424210458103038e-01 3.154052834642300240e-01 6.153818926312435572e-02 -2.256177100509417291e-02 -9.608136466339713133e-02 6.200316998371246946e-01 3.426134655437930721e-01
2.055536550822855135e-01 5.487266241469653805e-01 5.819528386503752815e-01 -1.888434129888970914e-01 1.556469445927690376e-01 7.363854595042428342e-01 6.676972199800460528e-01 8.113883009755458176e-01 1.000000000000000000e+00 3.770205289970555707e-01 3.966862299061438835e-01 3.423112016392313439e-01 2.005353634359141324e-01 -1.564111351667984429e-01 -3.243755428737379876e-01 2.722412866523341024e-01 3.503661853245984559e-01 2.664141246738161439e-01 2.030901185555321620e-01 1.011293070249433546e-01 1.070565036569865770e-02 3.744051114954983772e-01 -1.744480467495284626e-01 2.078903038798332048e-01 5.958265862541144153e-02 2.791877905016534323e-01 3.317220925230277701e-02 -1.753437454760593539e-01 1.249811959346326523e-01 -2.587983176043462952e-01 -1.607096505890155402e-01 -4.807913995681568076e-01 -4.304619866207853862e-01 1.719942849478769131e-01 3.492025678417233214e-01 -4.984985665948887812e-02 -1.627185247854689154e-01 9.547931959833555471e-02 4.203396555639331983e-02 3.581442850212312456e-01 2.935089033661617552e-01 3.241468872129554812e-01 2.524099859498001863e-01 2.495372967888108071e-02 8.025232694675692169e-02 -8.013677174302111239e-02 -2.905477619764565977e-01 -1.286270015470148131e-01 6.979597274162890885e-01 3.422764054124216027e-01 -1.351826591660202082e-01 6.022216946880757371e-01 -1.155847230309252523e-02 1.212113062453862126e-02 7.670183242282108127e-01 7.699881282299758656e-01 7.905358155049713176e-01 8.848234700472483727e-01 3.232506933368443636e-01 3.972288769224245897e-01 2.469741629261610893e-01 1.066430709557442541e-01 -2.318584806861764269e-01 -8.988338818210417358e-02 -1.477652740834668743e-01 -2.939892432843007608e-01 6.760201066202182751e-01 2.690671479200609784e-01 2.102437251584827749e-01 3.329157441323916111e-01 1.015592844051090016e-02 3.151986499272235176e-01 -1.902082164483364646e-01 4.512947579084573557e-01 2.028459288460932597e-01 2.835457729382976910e-01 -1.409882148452032587e-02 -2.178275701399212672e-01 -1.704362841153040653e-01 -4.265960441162565675e-01 -2.837762556806563974e-01 6.842429752515122310e-02 1.062668937611560699e-01 3.216028709444144762e-01 1.501871786275055520e-01 -2.932249540899446449e-01 -1.812359046894989889e-01 -1.341262240051621091e-01 1.606318700779351405e-01 2.806473862216105064e-01 -3.313382438578267308e-01 1.669583043938411560e-01 1.242140734363983701e-01 2.618247680002390165e-01 3.223364110745124411e-01 -6.758112865645185454e-04 -3.454766973878029696e-02 -1.342898342946579893e-01 6.991211610843439672e-01 3.913773054713302058e-01
2.039640114843654928e-01 1.216372769464587611e-01 3.403612937568601393e-01 -3.780897179030734967e-01 -1.586711176605463680e-01 4.818752155924478919e-01 5.202440332143493107e-01 2.251833344767787959e-01 3.770205289970555707e-01 1.000000000000000000e+00 5.566111732682621493e-01 3.482462054769565052e-01 -6.379545754124590386e-03 -4.312930597910423769e-01 -5.439191525033429953e-01 3.396952048119530887e-01 3.575390146091078636e-02 -2.481423355832257371e-01 -1.758287285280226986e-01 -2.769804072378701520e-01 -3.904467082206997675e-01 9.340815195533502813e-02 -5.118674175952385719e-01 2.218565821980467145e-01 5.360022811928123465e-01 3.295735489237215932e-01 -1.657949500924428277e-01 -2.047534919093415284e-01 -1.247948707977772076e-01 -4.978173103207867989e-01 -5.442830808769355544e-02 -5.379385879594238418e-01 -2.838299080987576883e-01 9.429861701504363425e-02 2.055696804597964555e-01 -3.414808857305731138e-01 -5.481353993953179404e-02 2.805049820435627228e-01 2.238180339495176585e-01 6.207110349661675297e-01 1.417657025548207106e-01 3.726218392834347859e-01 2.877393227754739269e-01 1.191742995223921305e-02 1.521968739549779681e-01 -2.974278661809168778e-01 -5.164516800248271089e-01 -4.101548777259421130e-01 3.028256766253634158e-01 5.090726860743307464e-02 -1.023136692885357746e-01 2.990007263725168452e-01 -1.501086074560085415e-01 -2.931631595729737305e-01 4.180424397030709227e-01 4.078312036868207424e-01 2.158994566663232084e-01 2.110801456470532411e-01 7.203445874660933113e-01 3.836505858271927472e-01 1.180617632192729888e-02 -1.371110224470367678e-01 -3.875610650756289854e-01 -4.494206574488520123e-01 -4.899374375349455635e-01 -5.741003796177843732e-01 4.613711128883929424e-01 -7.157501392968827758e-02 -1.272276697464941320e-01 -2.452772682971084139e-01 -4.168755441620770608e-01 5.338816951445225778e-02 -5.516763881226542932e-01 5.615116641256354679e-01 1.581004663343306138e-01 4.436915875507246310e-01 -1.556165025769134513e-01 -4.430619297044950389e-01 -9.675998778763429675e-02 -4.910449956747217626e-01 -8.074222333347906566e-02 -1.203074837580103695e-02 2.619222755893710897e-01 2.794433889903399360e-01 -4.413573748364491706e-02 -4.856387890068077362e-01 -7.884964311920350521e-02 -1.062422941074588206e-01 -3.464572655285805269e-01 3.154026400285605547e-01 -2.441339789438323193e-01 3.828220868445686986e-01 3.303472700442860455e-01 4.181309759194302700e-01 3.500089353758067401e-01 -5.109095937737898052e-02 -2.834353829061123098e-01 -4.520300511290052947e-01 1.929689943019936293e-01 1.057623450938595527e-01
-1.353696494344120427e-01 2.912351399046497757e-02 3.306591185701343028e-01 -4.192999505497739809e-01 -1.768913947469444858e-01 4.188624599460616937e-01 3.990686408266901908e-01 3.639645532082338986e-01 3.966862299061438835e-01 5.566111732682621493e-01 1.000000000000000000e+00 6.229907361845957725e-01 4.707643227081673709e-01 -7.484797766670520103e-02 -2.839478375832835133e-01 9.505620186470382926e-02 4.895227440108044781e-01 1.765780256769249879e-01 2.132708559094231016e-01 -2.132570860320184142e-02 -3.716208495625095837e-02 5.015302641294269170e-01 -1.472019411050538018e-01 6.013308536399679660e-01 4.993790265016240237e-01 7.596428234611447561e-01 1.852602485439972524e-01 1.702946006011447078e-01 3.414566427375184676e-01 -2.491614532325131248e-01 -3.476662932677542228e-01 -4.369468853136823094e-01 -4.517116309253307316e-01 4.429740032815460693e-01 5.132870809435398085e-01 -1.473307336371004472e-01 2.238064125856722153e-01 1.639414870140515693e-02 3.611900060854247169e-02 3.945301684132284104e-01 4.037973973996435983e-01 1.726455571264846611e-01 3.429697579908916882e-01 4.119227518130992582e-02 9.730108999082741350e-02 -1.100837155083543573e-01 -2.461477702689068847e-01 -1.279658255533140665e-01 3.782176095957164308e-01 3.839694012261704592e-01 -2.625187305388573811e-01 2.228743823948579617e-01 -1.232736344187357613e-01 -2.565796663805219313e-01 3.151307621956770944e-01 4.511812582256252147e-01 2.771941060829208325e-01 3.099357549087090602e-01 5.991325428886196125e-01 5.356049856994804514e-01 4.701260641980437582e-01 3.242119025991534453e-01 -8.090374655143439675e-02 -5.212560883867892181e-02 -1.510863572157474244e-01 -2.569519421422363781e-01 4.406339948577194243e-01 3.515980915770833826e-01 3.099499744368841014e-01 1.391882416517814525e-01 -6.765138814513352306e-02 3.984494835223401088e-01 -1.381127100917388106e-01 6.445608290061374257e-01 5.124300191723820674e-01 6.411886178600030295e-01 2.831308831724685948e-01 -1.176425479230677473e-01 -1.687950675460135885e-01 -3.886624620514934625e-01 1.253171302530680931e-01 2.686563480911902668e-01 1.934495650017840074e-01 5.089504939340351308e-01 2.694494834848759623e-01 -1.583327870314702179e-01 9.689271338672190981e-02 4.280452302547150395e-02 4.702310572710360903e-02 4.806315124325458155e-01 -1.672203314588462109e-01 4.050812426160455559e-01 3.330185817357971256e-01 2.051909378549657270e-01 3.762781394394333900e-01 -7.225732244653033931e-02 -7.349795560262759042e-02 -1.470089452185261714e-01 2.814967048356867285e-01 4.357225060470616418e-01
-1.296960889458309008e-01 3.365965406431323942e-02 2.698903669267792016e-01 -3.496218118148516352e-01 -8.402080658311834871e-02 2.662846178824983534e-01 3.165362296974097434e-01 3.388167246182163805e-01 3.423112016392313439e-01 3.482462054769565052e-01 6.229907361845957725e-01 1.000000000000000000e+00 4.362704273047448567e-01 4.956658503819429129e-02 -1.146574664349686579e-02 -2.267680570953595903e-02 4.721195377377149782e-01 1.972752878437500634e-01 3.148645065052956826e-01 -5.338002560555586001e-02 1.137813385332113736e-01 4.651582508145382655e-01 2.258187855194955171e-02 5.834654811058994639e-01 3.205099084491721539e-01 7.059124118573492090e-01 1.691754740582568917e-01 2.071994020719108709e-01 3.124089590038277020e-01 5.499327927275988667e-03 -3.638569377626175161e-01 -3.398438577161442264e-01 -4.602892696636806114e-01 3.018775602838458805e-01 4.925778265500969089e-01 -9.808228757203776849e-02 1.523596495069693135e-01 -1.435271566858852543e-01 -2.313870941535565995e-01 4.602177850433976647e-01 3.411905628294841231e-01 3.692369017443972723e-01 4.652235699741473218e-01 7.055510554039992610e-02 9.083899019915347983e-02 3.628740983894230068e-03 -1.444555899732326010e-01 3.880966444344999267e-02 2.352152344882733892e-01 1.631723215509357228e-01 -2.092089565435808762e-01 9.144994396556246907e-02 -1.792780883188951624e-01 -2.362520226294595460e-01 3.215421565002469229e-01 3.908508350199623727e-01 2.703739093501645874e-01 2.859174820796357985e-01 4.539782604867289018e-01 7.007509600479272516e-01 7.366072972880144398e-01 3.781568068653489711e-01 7.872452861570281013e-02 7.967195860086367931e-02 3.582567873308595968e-02 -4.886790373006243138e-02 4.463494377038846883e-01 3.824953812291046473e-01 3.559414432915597448e-01 1.750356185680286281e-01 8.755515309325385964e-02 4.501245174512456537e-01 3.203534431766182078e-02 5.051295712803587357e-01 5.594299923929898499e-01 7.265621174463284815e-01 2.428551714028546471e-01 2.738299247360975741e-02 -1.519920535084205437e-01 -2.677239643260725388e-01 9.527701291969518926e-02 8.862587295446443247e-02 2.053597320090640166e-01 5.088003235598452800e-01 2.963915116837972374e-01 -4.197289128370802064e-02 4.599462930997528370e-02 4.275184739788971677e-02 5.361697627576525460e-02 3.528943196223792156e-01 -2.057584093280358517e-01 2.160320750082755370e-01 9.555750814817505490e-02 2.126508526373373231e-01 5.064607661896274315e-01 -3.359953114233436844e-02 5.619276086544291310e-02 1.072738994926680615e-02 2.606551334088758609e-01 2.650117664230698389e-01
-2.648897103827123622e-01 4.862476443745054888e-02 9.956140786208027282e-02 -8.126448266616066729e-02 1.127530113950286073e-01 2.479190284957532853e-01 9.644285788116524483e-02 2.828234196321151583e-01 2.005353634359141324e-01 -6.379545754124590386e-03 4.707643227081673709e-01 4.362704273047448567e-01 1.000000000000000000e+00 4.723219931892375656e-01 2.345863301049259386e-01 -1.040090885577593105e-01 6.615195502376054471e-01 3.710927882238768127e-01 5.277813847287819993e-01 1.230716395547712672e-01 3.478484138457887953e-01 6.211483300023388221e-01 3.453569445266614912e-01 5.433431823167903518e-01 1.492083747759790358e-01 5.676806986138991373e-01 4.231394486071037853e-01 4.602785259447036426e-01 6.390298512861272151e-01 2.894802158256349345e-01 -3.257797996993023748e-01 -1.086086778486355757e-02 -2.157408970587944008e-01 4.722093640133794845e-01 4.616897773138442518e-01 -2.932195014860225490e-02 3.098147689039940644e-01 -1.386735511767656914e-01 -1.248236416322729553e-01 3.888344771125155225e-02 3.925808749954507459e-01 -2.362528849760039962e-02 1.877518334831364544e-01 3.489786023498293172e-02 -1.097432611638058664e-01 2.474418271371844336e-01 2.499860365458354827e-01 3.085812914096305870e-01 2.412072839862576257e-01 3.269259460211890178e-01 -2.207137668741446790e-01 9.620218879866715422e-02 -1.537091710399536570e-02 3.262926242992442855e-02 2.201430171703528949e-01 2.177649233897728520e-01 1.501081219994893912e-01 2.510123095212153377e-01 1.590868450366102194e-01 2.182424165229311930e-01 5.302445236124185834e-01 7.969751006259867543e-01 4.758302364285995623e-01 4.631599550089084416e-01 3.267702368760829756e-01 2.703251927559345846e-01 5.733339924215671846e-02 5.991833037415958962e-01 5.777636690786406293e-01 2.699119750219404201e-01 2.973572469183939360e-01 5.455052506726851824e-01 3.643363332947554545e-01 3.105633516082220158e-01 5.482751846691015229e-01 3.702295639925283210e-01 6.018470911741969909e-01 4.133975380685764867e-01 -1.682448815652783369e-01 -2.318313625374786996e-02 2.661943269606883433e-01 2.730921307746830284e-01 -2.589299141873038432e-02 3.968502878837927850e-01 4.155215743661168082e-01 3.238185630925019542e-01 2.005191785192727560e-01 2.581439950549510032e-01 2.054220141788098697e-01 2.167279726789775873e-01 -8.005153628458697157e-02 1.164328749719002742e-01 1.853700812663709729e-01 -9.861900063737663591e-02 1.187884285074107676e-01 6.979724840394556373e-02 2.642133918260231584e-01 3.261827841505034464e-01 2.497905572502244487e-01 3.435403400523096562e-01
-2.997713131715639689e-01 -2.512883525148033037e-01 -3.501904145944069180e-01 2.135058071848489891e-01 2.136718857516833325e-01 -1.603562749643827612e-01 -3.248975789285923343e-01 -6.034122025233282227e-02 -1.564111351667984429e-01 -4.312930597910423769e-01 -7.484797766670520103e-02 4.956658503819429129e-02 4.723219931892375656e-01 1.000000000000000000e+00 7.751178005670327220e-01 -3.310967534081645791e-01 3.023596514626020193e-01 3.656209804039043942e-01 5.647196971750202410e-01 2.967791423451759392e-01 6.192673523613545505e-01 3.078120015435075185e-01 8.487516862331613288e-01 1.493633958086345026e-01 -3.186767709597904674e-01 3.116548311896109869e-02 3.556714163796858563e-01 5.131138503319531141e-01 4.543302827019633505e-01 7.823316220417940725e-01 -2.174436704661363851e-01 4.423681103673432480e-01 2.116314641111976258e-01 1.752789148701231203e-01 1.435582177907692748e-02 2.169594020530365430e-01 1.638793053208360273e-01 -4.322119276019799061e-01 -2.177019711111246592e-01 -2.674462266758529383e-01 4.052859446552543182e-02 -1.954279744584693224e-01 -9.825829057228555041e-02 -5.677233816088701236e-03 -3.046860893137509629e-01 4.333415892616533371e-01 7.296900349121423490e-01 7.418909267620696912e-01 -1.513912110382516496e-01 -2.036884608320000192e-02 -2.593770397456869256e-02 -3.307740548729932728e-01 6.684790860234263166e-02 1.853294330613712015e-01 -1.523936498334446110e-01 -2.301728763895023733e-01 -1.665647918693620444e-01 -6.287151723600241382e-02 -3.145677474249322092e-01 -1.872638955933614291e-02 2.409179742764897547e-01 4.332044786696622185e-01 7.469922947041203187e-01 8.253761131590353628e-01 7.929329834304783553e-01 8.247377214513905708e-01 -3.273039537987858516e-01 3.407467241663125201e-01 3.924015923680083118e-01 2.867900053145403527e-01 5.912708500289459712e-01 2.539193356136029145e-01 8.225609556212926110e-01 -2.481107475230616977e-01 1.853722191379585937e-01 -1.123533702852323041e-01 5.072253168287776948e-01 8.154531985224832136e-01 -1.997671360615588809e-01 3.797712189084964662e-01 2.610791491078469639e-01 1.130201275812430239e-01 -2.722627701294408342e-01 -4.494602189031463024e-02 2.723864176710120155e-01 7.088670632354288070e-01 1.810268476602483467e-01 3.152185621591141462e-01 3.079102348396814404e-01 -1.334477393497159881e-01 6.196203636129220260e-02 -3.870279825185780620e-01 -1.634944711854570132e-01 -3.711068178122764460e-01 -2.162838831304019216e-01 -1.024332403226326654e-02 4.710354014891996455e-01 6.628133347346029103e-01 -6.624653263820275140e-02 -3.161374844947244939e-02
-2.441866331390156741e-01 -3.536609168882528520e-01 -4.624302058530141979e-01 1.874372615678770171e-01 8.327711511680604972e-02 -3.603221793861625666e-01 -4.831353181078317793e-01 -2.283353336074490647e-01 -3.243755428737379876e-01 -5.439191525033429953e-01 -2.839478375832835133e-01 -1.146574664349686579e-02 2.345863301049259386e-01 7.751178005670327220e-01 1.000000000000000000e+00 -4.417309782690054809e-01 7.401271934979665457e-02 3.597671279204775474e-01 3.700372931476819116e-01 4.315484537116082708e-01 7.406815164130320372e-01 7.380323299535206105e-02 7.666133856995402951e-01 -5.320916874845504387e-03 -4.305045907252476045e-01 -1.356542205151487213e-01 3.127386815670464282e-01 4.533659207073095776e-01 3.484104957234524513e-01 8.483893748306610139e-01 -1.210102428528424118e-01 4.845515241664766215e-01 2.509460982956215891e-01 7.306499868457854395e-03 -1.073974535491093035e-01 3.280800577749649061e-01 9.475162742015889872e-02 -4.838487051862424559e-01 -2.612657780157212617e-01 -2.905354195050762756e-01 -1.608114617983845973e-01 -1.436502530608409212e-01 -1.636641708197697498e-01 -2.582659474151302592e-02 -2.916620725979344186e-01 4.128845734039580107e-01 6.515295201048790785e-01 7.223085290301191064e-01 -3.520361588647249462e-01 -1.481152961145937030e-01 6.281224271374379053e-02 -4.790578677378173889e-01 4.732759963350699137e-03 1.101456982892016351e-01 -3.497811215578474076e-01 -3.835613498947952338e-01 -3.067482836457981477e-01 -2.219569797376819698e-01 -4.030331872125297310e-01 -1.251082796297125696e-02 2.009187739493997482e-01 2.392551210050146426e-01 6.625638778982767541e-01 6.723747636199205457e-01 8.330374159413632684e-01 9.036461565820798070e-01 -4.222739331520269368e-01 1.508068974013120067e-01 2.939379500059311479e-01 3.341061650330307553e-01 7.426431408481840579e-01 8.021046751941526831e-02 7.921422687781793925e-01 -3.820209829874531837e-01 4.788850961392979166e-02 -2.147614774337095744e-01 4.336656216821177523e-01 7.757951519411229180e-01 -1.014024360059170432e-01 4.251432766228341875e-01 1.737820165463740685e-01 2.083451403204446013e-03 -2.560463337114251003e-01 -1.826366267259911524e-01 1.877998258158833922e-01 6.574112310227915312e-01 1.923005992968747635e-01 2.807022494988266059e-01 3.484666245153829056e-01 -2.643340041011409403e-01 7.778564523881768833e-02 -4.913727650330096397e-01 -2.806360080813113944e-01 -3.246233723110848457e-01 -2.164364911399053459e-01 -2.752670731429026144e-02 4.660209573652192017e-01 6.903330769619855367e-01 -2.440345800691279821e-01 -1.628127955309986719e-01
