1.000000000000000000e+00 1.003414147401823914e-01 3.823438741537174002e-01 -9.593696046823373125e-02 4.561205771068301690e-02 1.708143171570680741e-01 1.211202596120095482e-01 2.189644573733437183e-01 1.087516091415178521e-01 -6.823342617948474631e-02 -6.223114289963854219e-03 -2.098649862364791174e-01 -2.379684512292819243e-01 -2.928367422157057143e-01 -2.992488206332923895e-01 1.617312107145794930e-01 -2.477691718537616272e-01 -9.929448581904830318e-02 -2.895793318495910595e-01 5.761641802539793633e-02 -1.864908783115498125e-01 -1.347024884204038597e-01 -2.881806973892132584e-01 -2.070079140938712592e-01 1.179761279553428605e-01 5.363548272742837963e-02 -2.208999181889504393e-01 -1.617216344586250021e-01 -2.049068138085645419e-01 -3.062350642395960110e-01 9.489048521589628360e-02 2.456385700190849009e-01 -1.495998038592316615e-01 -1.917196438909335166e-01 -8.655432597827196484e-02 5.556106318300960828e-02 2.161370941378131655e-02 2.655215730290779175e-01 -1.355342842704296107e-02 -2.322468982592318099e-01 -1.438332326586426457e-01 -7.399774354591125147e-02 6.147896620597440021e-02 -2.095287190318880985e-02 -5.766181138211842055e-02 -2.577337758761256148e-01 -2.581252579663427249e-01 -1.136627971340455207e-01 2.798394317963945332e-01 -4.420931922917881174e-02 3.080636094887986842e-01 2.708554430883572395e-01 -7.884194298586813532e-02 -3.487787716044149326e-03 6.658363919849533130e-02 1.480672001990718800e-01 2.258883430902839939e-01 8.975486068887207625e-02 -3.486020983155465464e-02 -1.458978755599365518e-01 -2.885210298833177367e-01 -1.256349781323563841e-01 -2.480083491327532974e-01 -2.648212975277692838e-01 -3.256142943422731251e-01 -2.645890627139371176e-01 -2.357219073137353446e-02 -1.986628034823171296e-01 -2.154496749370908570e-01 8.508212455929463347e-02 2.017913108291802954e-02 -1.043255584683012438e-01 -2.999290494443206945e-01 -5.030866437982650652e-02 -1.891210978564262235e-01 -9.309773592165627998e-02 -2.875262908926851657e-01 -3.282243878901023870e-01 1.112547919336033531e-01 9.765976717503367655e-02 -2.362729373502564512e-01 -5.416366415350442470e-02 3.985734197990645905e-02 4.808639470149658757e-02 -1.742149962994379020e-01 -2.302848521799077952e-01 -9.161637567317963693e-03 -8.503832863056701163e-02 1.168464122376138975e-01 -2.033602084207736804e-01 -1.059806322435719317e-01 1.891289938937144033e-01 -2.739260818933890451e-02 1.686936196468046267e-01 -5.906341640842226876e-02 8.111282307693741533e-02 -2.307612791966849597e-01 -1.439317260125519415e-01 2.077729328200771663e-01 -3.794479880198670108e-02
1.003414147401823914e-01 1.000000000000000000e+00 2.388930565313581722e-01 3.095690225152366026e-01 4.208438524563948846e-01 2.247192191541189932e-01 1.848541239966887059e-03 5.700144392819411765e-01 2.155621205886888714e-01 7.727894453790978835e-02 -4.984731699125122262e-02 2.821628362720316266e-02 5.401891159913520951e-02 -8.851095886087653741e-02 -1.159230505089803021e-01 2.141687887665334189e-01 7.775059601530855125e-02 3.891633005156158176e-01 6.082500444577178950e-02 8.871518505733308468e-02 6.180295212463440130e-02 6.854547252042707782e-03 -1.963542168190727244e-01 -3.843127249406673440e-02 1.217115711816937375e-03 -5.934223350367501953e-02 -1.413400475917381549e-01 -1.703859658529056631e-01 -1.897463536714647653e-02 -1.816241751868877263e-01 -1.423537850626048484e-01 -3.392396126825942410e-02 -9.136823519392685278e-02 -5.502156483446713452e-03 -3.889216236096173368e-02 -2.484670975657057301e-01 -1.945131164767325005e-01 -2.581006045570150009e-01 -1.873035243483928414e-01 -1.062860167021934116e-01 -2.833036556375655435e-01 -2.848213779894069320e-01 -2.170923476001438146e-01 -2.579743354818642698e-01 -1.341046738959291718e-01 -3.440328425286944825e-01 -3.450649472026051101e-01 -3.516222485486898419e-01 -6.155338203266062097e-02 -2.484757954586160889e-01 1.301055157383169403e-01 5.891897772406945455e-01 2.979368520370985207e-01 2.905568531503538443e-01 2.726487392805144738e-01 2.023230379781435495e-01 5.110349663207927051e-01 3.902158100973204813e-01 -3.283560464375292337e-02 2.109178709680362140e-02 5.078517269323215566e-02 -2.337082657249633065e-03 -5.440790687599132702e-02 -6.026963618298689790e-02 6.198314403669984152e-02 -1.218156085888532636e-01 -1.894266286392841669e-01 5.005414481285358486e-03 1.625152010761021781e-02 3.316809152149804985e-01 1.583766598490026212e-01 -6.443730340955413152e-03 -8.032166868465905052e-02 -6.503992849368197410e-03 3.001538569103418680e-02 -4.973331777982102631e-02 4.824344626574729976e-03 -1.453591231095252567e-01 3.631541128363245663e-02 -5.668617887092194246e-02 -1.039433575219796957e-01 -2.265323473932137621e-01 1.841700901868834755e-02 -4.503051703980444354e-02 -2.419270938516380684e-02 -1.379728217255010991e-01 -1.606758021287644778e-01 -2.219874347595309771e-01 -5.924683852425620401e-02 -2.794202890535825712e-01 -1.781948747690299539e-01 1.372094372104744504e-02 -4.600058206237086361e-02 -2.255042966601566168e-01 -1.525361509279098138e-01 -2.446558469913848177e-01 -2.217539397197811069e-01 -1.386162352979483370e-01 -1.081910429513155674e-03 -2.029906960927422843e-01
3.823438741537174002e-01 2.388930565313581722e-01 1.000000000000000000e+00 -1.373468884542408952e-01 1.833135478560826703e-01 4.738760979009558616e-01 -6.669631663059065463e-02 4.661600429012378588e-01 4.914205041821682607e-01 -1.661423864639633985e-01 1.310328761332502645e-01 9.552469233653376746e-02 -7.087591646501041620e-02 -1.235614272798659374e-01 -1.445875105327288912e-01 -1.376423432493477095e-01 -1.484444840440722439e-02 -7.559370142161575545e-02 -1.731321432146798733e-01 -1.417903653151745269e-01 -9.787859749126537334e-02 -9.828599457807981124e-03 -1.245052657657428619e-01 -8.491302413377078973e-02 7.306679534686684463e-02 1.353293514060629754e-01 -1.452907324483857787e-01 -1.278342527831025643e-01 -2.078587519327805277e-01 -5.460651913749543090e-02 -8.344582539293303458e-02 2.104170222048077910e-01 -7.814379958535971893e-02 -2.035672562584101841e-01 -1.208779983931386193e-01 -4.259051830974679154e-02 -5.682322758989726691e-02 7.277205614669089717e-02 -9.522456940852611074e-02 -3.357782996787053165e-01 -1.234527913692153173e-01 -2.848269714861707824e-02 1.874260265459141428e-01 -5.986739619592199024e-02 -1.404046371951666317e-01 -9.982006766997827962e-02 -1.906690939759842218e-01 -1.350775450016133694e-01 1.689687400518042337e-01 -1.610782537704064099e-02 3.693418399234058708e-02 4.463966436615763866e-01 -1.019785698167575277e-01 -8.486489107159721212e-02 4.131902527102686573e-01 5.031003786052788973e-01 2.896068958482970745e-01 4.281507681045645386e-01 -7.271041386029737652e-02 -6.871249412110362609e-02 -3.907469085207897902e-02 6.875129644620199543e-02 -3.305705828677357044e-02 -8.072704324772195239e-02 -1.599024486053479133e-01 -7.144793283429506925e-02 -1.888148463548685596e-01 3.945277547817965975e-03 -1.485798155831144496e-01 4.601236345880806849e-02 1.251499456785318092e-02 1.409655858051436089e-02 -6.658408027500134496e-02 -1.831686498910734817e-01 -1.494673135488865101e-01 -1.128721718196187690e-01 -1.798939512043113698e-01 -9.827074065573071504e-02 4.200693186207494004e-03 4.536154244909846450e-02 -2.697564854366564790e-01 -2.053378327606353304e-01 -1.510826255291862659e-02 -5.253686113975546135e-02 -1.552330728231846591e-01 -1.479552155766516996e-01 -1.298510815620519676e-02 -8.166806474285404072e-02 -7.871192381966278517e-02 -2.317158026639294932e-01 -6.423050973690561105e-02 -1.397533509767989561e-02 -7.381326356453574156e-02 -1.352042861727565659e-01 -9.720430524275995576e-02 -1.318015450694833002e-02 -4.388931521087808402e-02 -1.895884335561165979e-01 1.536867920469634774e-01 4.746105810487763303e-03
-9.593696046823373125e-02 3.095690225152366026e-01 -1.373468884542408952e-01 1.000000000000000000e+00 3.709893236995038257e-01 -1.033906184523899346e-01 2.507818493408375815e-01 2.230403370160317922e-01 -1.734842270312823009e-01 -1.715925896930997618e-01 -1.949219367899762967e-01 -2.171775268680178617e-01 7.312914322761687735e-02 -1.091164947001300491e-02 -2.780698631669556789e-02 1.762482667324584973e-01 4.532855639926302443e-02 1.364981669892304239e-01 1.181808827990687566e-01 -5.384523985911022353e-02 -5.513521769397069366e-02 -9.127646408994909144e-02 -2.861506281572508831e-02 -1.248065919904639554e-01 -3.346330059113746258e-01 -2.599380674976697336e-01 -1.301731926475062535e-02 -2.139104522667378272e-01 -8.310722852283830564e-02 -1.273625809137628184e-01 -9.903850500738776985e-02 8.656122448921144130e-02 1.922696117594371867e-01 1.366523389934737043e-01 -1.189115452667499802e-02 -1.533816883010010734e-01 -1.043479198566195643e-01 -1.827419575508922589e-01 -1.457158258085135549e-01 1.660199394554268959e-01 -6.421505858339511541e-02 -2.364611299850736537e-01 -3.143379728603814538e-01 -2.135023259939011764e-01 5.206541308093422249e-02 6.376250016190277391e-03 5.192070037334222538e-02 6.924453154453427163e-03 2.157193756298915813e-02 -1.143287547859801051e-02 4.338398249259447365e-02 1.306887940373369777e-02 4.245461929335994089e-01 5.722237382070665124e-01 -2.084328384012659047e-02 -1.644127427144902731e-01 1.898520422954972642e-01 -7.300369852743897325e-02 -2.048893579257098641e-01 -1.521664220217865682e-01 -1.386692505559033728e-01 -7.581073835763038615e-02 -8.663943448159597271e-02 -4.084582096968326220e-02 5.094980841030530977e-02 -7.500961406246019203e-02 1.039915452361208498e-01 -3.885320900118181126e-02 1.036226949100992473e-01 -2.197407277532800393e-02 -5.211277409236057812e-02 -3.025614178011012956e-02 -5.724085960751940094e-03 9.651642926308345860e-02 -1.913443423982732483e-01 -2.910307805888489585e-01 -2.117784850939567753e-02 -1.970748380117412143e-02 1.111733918283465926e-02 1.689494687385496852e-01 -8.389251062825410499e-02 -9.024261555785779987e-02 -8.304320328020001196e-02 -1.153468872880222471e-02 1.841016238212508536e-03 2.034403586681225451e-01 -9.821503563578933005e-02 -1.683553511539966074e-01 -6.813706712687213340e-02 -4.795296726741041238e-02 6.103773955119125294e-02 1.048578843589972713e-02 -2.395454193168979409e-02 -2.295979669212762087e-01 -2.471605564359263818e-01 -2.368144201175646779e-01 1.393074621626232135e-01 1.665587841688546955e-01 -2.759938051856281743e-02 3.891438648212038748e-02
4.561205771068301690e-02 4.208438524563948846e-01 1.833135478560826703e-01 3.709893236995038257e-01 1.000000000000000000e+00 5.044198969997659709e-01 -1.912636543494005692e-01 3.515458920944622423e-01 2.869390416176493264e-01 -2.237615517972603163e-01 -9.648299517233864531e-02 -1.745390353993711285e-01 -5.367073056457140334e-02 -1.126956995127710442e-01 -1.437433846686261840e-01 -9.220681190118765191e-02 -1.378455558732258057e-01 2.252707398421076312e-02 -1.022730442125456413e-01 2.724387687457255694e-02 -1.831438300411539488e-01 -1.024231369232587313e-01 -1.649810033591534164e-01 -2.154416760570395939e-01 -1.719099952935006226e-01 -1.666491834925178384e-01 -1.430781345406140215e-01 -2.280785233071548346e-01 -1.670795003592996653e-01 -1.920967127829438514e-01 -3.107387828989790525e-03 9.847858581737400918e-02 7.125886523154215113e-02 -5.846545169043580736e-02 1.709517567866591578e-02 9.975390992810525409e-03 -1.940406561637620653e-01 -1.893659256394626400e-01 -2.499215707703004441e-01 -2.158211488607477413e-01 -1.463195570070048301e-01 -1.174558940473446472e-01 -1.736213940891095375e-01 -5.528985461160945691e-02 -6.606620615220332171e-02 -6.889274117368440753e-02 -4.362587179226586065e-02 -9.929478869124600676e-03 2.672971012191535101e-01 -1.823043301720346510e-02 1.634076687549589069e-01 4.253328676532096564e-01 -1.834692867530133761e-02 6.474644766246084870e-01 5.303495782565048611e-01 2.730859129705426880e-01 2.338879127149857406e-01 3.247282774287644780e-01 -2.874597003234781178e-01 -2.250572405258972342e-01 -2.612519797108883157e-01 -1.926757199399413423e-01 -1.028660500198119720e-01 -1.757801291189061144e-01 -1.391539809297573926e-01 -1.661771796370103416e-01 -2.036515121098881331e-01 -2.353228168436008738e-01 -1.571541079218653214e-01 1.681660727941637623e-02 -4.007407925525318000e-03 -1.294965132374115702e-01 -1.279013843526242422e-01 -2.108384823269327524e-01 -2.400995755662679587e-01 -2.938082721590846713e-01 -9.524689512490885912e-02 -1.581820981525341174e-01 1.014829179743646365e-01 4.736782958380514330e-02 -2.670741800246872466e-01 -1.955198783927519779e-01 -7.267275113647726770e-02 -3.191719833892703306e-02 -9.474583856389338921e-02 1.752591058525520325e-03 -1.357232440837358445e-01 -1.886952180201134643e-01 -3.361759437895180808e-02 -3.483060050813058806e-01 -1.629379506632147312e-01 -1.094055552674355475e-01 -1.994705253088890351e-01 -2.275934768389658025e-01 -2.786190904115221634e-01 -8.963799580071626916e-02 -3.131470414517332351e-02 1.723973539967737709e-02 2.825195316147020019e-01 -1.366087986858921001e-02
1.708143171570680741e-01 2.247192191541189932e-01 4.738760979009558616e-01 -1.033906184523899346e-01 5.044198969997659709e-01 1.000000000000000000e+00 -2.944784803170573673e-01 3.171327675973118487e-01 7.197414894429119414e-01 -1.091744357522454051e-01 8.088860700189397235e-02 -6.281956683109811423e-02 1.370119597941207162e-02 -5.207318359084446482e-04 -6.740591478427414296e-02 -2.970975722067424885e-01 -6.020025176499535502e-02 -1.280497357847375506e-01 -1.217357344734086855e-01 -1.166207626429852651e-01 -1.543259978527407317e-01 -8.563221077019102234e-02 -9.688364173425621784e-02 -1.936461895768629149e-01 -5.605595246757785755e-02 -7.855161472522752264e-02 -7.920374476148914211e-02 -1.972940450553508085e-01 -9.710804361144753649e-02 -1.453153144507765560e-01 -3.097686599334949220e-02 -1.299319065725432383e-02 -4.263929209115085300e-02 -2.144010637214354420e-01 -3.262545551939235317e-02 1.296429453817426192e-01 4.051069865924026431e-02 -2.639195324119667646e-02 -1.784923630837626229e-01 -3.304174624454658815e-01 -2.550489011580968704e-02 4.286867322902036814e-02 8.894563005541490305e-03 1.585370610567558014e-01 4.148548062552363108e-02 -7.479091794909814399e-03 -6.539003041131242339e-04 1.175210622061890614e-01 4.158690319828473592e-01 1.625335968087608662e-01 4.674045975434378691e-02 4.139475471142572971e-01 -3.025236255055554491e-01 1.581995273809349845e-01 7.595625500405119856e-01 7.342280342596655407e-01 1.329802629523891000e-01 5.519898679034066502e-01 -1.745213743077156654e-01 -6.382226174098168392e-02 -1.568182152584340072e-01 1.944650167560813610e-04 2.666642629724971791e-02 -6.394524058462989179e-03 -1.518631398666677179e-01 8.469390297702291889e-03 -2.576008002012921683e-01 -9.098650695118906673e-02 -2.213435545228032986e-01 -1.083833491560029227e-01 -1.471784151726871492e-01 -8.835134447233565502e-02 -5.189421738065595757e-02 -3.451494661105680706e-01 -1.954667047554573545e-01 -2.101303073274361777e-01 -5.890006899447803451e-02 -1.052084660875538535e-01 -1.691508989770090093e-02 -8.227845308282970282e-02 -3.098030977595742641e-01 -1.536006715137048506e-01 -7.031291011481465014e-02 -1.018837569068119786e-01 -1.189645086728820106e-01 -7.190788580427352750e-02 1.038032467596668590e-01 -4.197388514950909505e-02 3.034473851536668293e-02 -2.864590414282943698e-01 -1.545172755300854017e-01 -1.556568364947407135e-01 -2.196779623194584641e-01 -1.728549071009943539e-01 -2.105600410802267175e-01 1.628018606798042611e-01 -2.742014195238310151e-02 -4.733665639360297092e-03 4.831553417566552544e-01 1.412529503346391380e-01
1.211202596120095482e-01 1.848541239966887059e-03 -6.669631663059065463e-02 2.507818493408375815e-01 -1.912636543494005692e-01 -2.944784803170573673e-01 1.000000000000000000e+00 1.214984946400569366e-01 -3.069303951870235303e-01 -5.896735616590996314e-03 -2.495832117472425796e-02 -8.623638702009009394e-02 -4.520749166332170554e-02 -9.283608985303785921e-02 -1.418289631419951957e-01 4.441496372669042070e-01 -4.225379684088220039e-02 6.595831275008712247e-02 -1.387783628400669246e-02 1.019192596175272497e-01 -1.629408001638055492e-01 3.680739918615742040e-02 1.128245239936714189e-01 9.532001407622059386e-02 4.166196640507183191e-02 1.294966022983307652e-01 8.976309601261989179e-02 -2.571243983915490541e-02 -1.965381554327468375e-02 -2.857778257941236827e-02 -8.918823768206092517e-02 1.454516570247407214e-01 9.754105015018861569e-02 3.072132616816172779e-01 7.933154152575677687e-02 -4.762473474822572633e-02 -1.025244122367973722e-02 1.894508022481428688e-01 1.111841552281212231e-01 3.891158562152563505e-01 1.747505771971382404e-01 4.781968625199746296e-03 4.874164422824609627e-02 -1.841805745789818205e-01 1.693434622555434477e-01 -5.430500440131554724e-02 2.936923421058062339e-02 7.891629807138415831e-02 -1.197122015760108682e-01 5.145941163839395927e-02 1.667749163154531589e-01 -1.999075319203602874e-01 4.178201965768752468e-01 -8.163130671841180297e-02 -2.391528782590980340e-01 -2.805080245089737745e-01 7.968984519880059625e-02 -2.103630779750649271e-01 4.747434659645630162e-02 -1.730401279817808113e-01 -1.424076984123683332e-01 3.923937625154477749e-02 -1.415647137430436631e-01 -1.345161111418941291e-01 -1.239352269171705989e-01 -1.248636108901963471e-01 3.769180480113943355e-01 -5.714633651785812340e-02 1.779034806832326676e-01 8.968392543554976060e-02 2.137250418493128433e-03 1.366462944092446397e-01 -2.752615712619917165e-02 3.156717692759294369e-01 -1.532806323181861163e-01 4.887055983285903266e-02 -7.914208489558703652e-02 -2.180260970883217408e-02 -3.534974669532939956e-02 8.703791144357604648e-02 1.566005284262145525e-01 1.071406435378350480e-01 1.592067150525707797e-01 2.291656217216272162e-01 1.681289502955934656e-01 1.283292562859927877e-01 -6.345922589159673499e-02 2.994746174025116753e-02 1.489675061016542401e-01 2.825174793958902808e-01 1.416085525258840572e-01 2.274841466097771436e-01 1.898016569062186409e-01 3.226126502827920961e-02 8.000007426589673259e-03 -1.266602169742253869e-01 5.707469038145884105e-02 2.123017706583072151e-01 -8.752022156634264860e-02 7.957713064139669557e-02
2.189644573733437183e-01 5.700144392819411765e-01 4.661600429012378588e-01 2.230403370160317922e-01 3.515458920944622423e-01 3.171327675973118487e-01 1.214984946400569366e-01 1.000000000000000000e+00 3.761090858778174395e-01 -2.733843521149474307e-02 6.260192612245138455e-02 1.109689456226684023e-02 -3.395037071960883140e-02 -9.965310576635069695e-02 -1.114707147183732067e-01 1.777227550324533556e-01 1.186529155162082683e-01 3.911326377696106582e-01 6.086379845796328902e-02 1.501342831326888750e-03 -5.090652181980752367e-02 7.370976521282583682e-02 -1.201556824723985228e-01 -1.171826466828497677e-02 1.788676743039323280e-02 6.767037986692334139e-02 -2.205203668143840834e-01 -3.037536597201898614e-01 -1.445458224365518130e-01 -1.818494456361313127e-01 -1.797903625157736551e-01 1.550869273534054293e-01 -1.256051706768526177e-01 9.815481614073680305e-02 -9.195660276311609649e-02 -2.156457589429755795e-01 -1.705965457132223306e-01 -1.039933006789183351e-01 -6.647647625605800081e-02 -1.262859394361727505e-01 -1.878865577664310393e-01 -3.270222628617150407e-01 -5.006196199561108867e-02 -3.357851105285636906e-01 -1.219623000126600215e-01 -3.322278213124263968e-01 -3.026115817854609369e-01 -2.992388017262312960e-01 -4.446652218851813998e-02 -1.705450641222212294e-01 7.387487166031396491e-02 4.500273336151531800e-01 2.434332592187285760e-01 9.112453857266153423e-02 2.952538376145216192e-01 2.943411174511548212e-01 5.480086565537801713e-01 4.570547523521743538e-01 2.954053928438561683e-02 -1.129239955109302418e-01 -9.012955683736184609e-02 3.739769778343417228e-02 1.600534119417431830e-02 -3.673510292492097179e-02 9.964493664790316160e-03 -5.764577709698024549e-02 -5.127201424418229014e-02 8.393001168929577205e-02 1.515368875772241108e-01 3.249526339739458591e-01 1.191470892319293901e-01 1.032332722503156996e-01 4.333687378277736868e-02 9.262355110926233370e-02 -9.222073078492636078e-02 -1.011636753858483895e-01 -8.160593684458108954e-02 -1.428561520935232032e-01 6.290350818270441791e-02 2.235513617476739615e-02 -9.172986807918567798e-02 -1.915448118331755378e-01 3.769780177709509961e-02 6.658218763441410559e-02 -9.986336343270293958e-02 -5.692575187979958401e-02 -1.262324858889234680e-01 -3.037928233663105826e-01 -1.149760440744186478e-02 -2.030314488724876409e-01 -8.230672839819370978e-02 1.885389326976252278e-01 1.265653923192062158e-01 -3.240330886890769868e-01 -1.578895321604188440e-01 -2.793028923522157259e-01 -1.105320196721847059e-01 -4.669639885191882028e-02 1.120288040236162158e-02 -6.402999010120810630e-02
1.087516091415178521e-01 2.155621205886888714e-01 4.914205041821682607e-01 -1.734842270312823009e-01 2.869390416176493264e-01 7.197414894429119414e-01 -3.069303951870235303e-01 3.761090858778174395e-01 1.000000000000000000e+00 -9.440372073404037015e-03 9.623475474197258628e-02 4.735836956283705906e-02 -2.824296722292466300e-03 4.579065031963313465e-02 -2.566080076113618630e-02 -2.141961159618167854e-01 9.623408579356498849e-02 -5.887873288403617372e-02 -2.501068664722087137e-02 -1.667063444565330677e-01 -2.495459996802478278e-02 -4.957637846189446446e-02 -7.945453462348613105e-02 -1.106008383856172117e-01 2.899240591256231625e-02 -6.198152036998846176e-02 -1.023968359637740799e-01 -2.323820190644582950e-01 -5.929550439697351544e-02 -1.127704030118547723e-01 4.683439051268514786e-03 -3.782473292688211253e-02 -1.945787671893815796e-02 -2.760794863407309285e-01 -1.158838432474376262e-01 3.505724209293439170e-02 -4.815155806467186217e-02 2.876392679357349033e-02 1.035628411614308853e-02 -3.295558873436607583e-01 -4.889937050784954470e-02 1.876647267496154778e-02 4.225412644883257129e-02 9.227355244633490827e-02 -1.614105082876351321e-02 -4.993182623840387163e-02 -1.546594547260720168e-02 1.142978554299033805e-02 2.346898629079660070e-01 6.366539877036128670e-02 1.731999897258424889e-02 4.012158467160026332e-01 -1.961192304123537400e-01 1.617116626783271158e-02 6.063966146748841490e-01 7.042385464244147464e-01 1.115662372358710158e-01 6.882590035447245791e-01 -3.933051361340683671e-02 5.435725263142523328e-02 -2.200215913892402536e-02 5.741789445038972262e-02 1.093966435831342510e-01 1.256169568453480712e-01 -2.223943146931366133e-02 6.698451627485904614e-02 -2.150101091019784305e-01 1.095946915962311558e-01 -1.741379717340172939e-01 -7.941204926435774247e-02 -8.139429216017368685e-02 -9.466903318523930966e-02 -4.355735565593915788e-03 -2.255187731002625817e-01 -2.553258603573540023e-02 -1.542537582798231555e-01 -2.204948961575078220e-02 -1.033753569716487491e-01 2.307924646952667479e-03 -3.566875537779506944e-02 -2.189836242317352855e-01 -1.408006855902009247e-01 -1.581732219941458517e-01 -2.217775051631681038e-01 -2.158781340729526710e-01 -1.315798118027387831e-01 -7.896657700350541084e-03 -1.324293756798835264e-01 -1.248419359590535321e-01 -2.431046707953191111e-01 -8.300808507832069250e-02 -1.029688256061876556e-01 -1.078619972396652471e-01 -2.176198794431438432e-01 -1.431696485613189740e-01 6.586180581739517481e-02 -2.793613462137217382e-02 -1.436257641421476439e-01 3.065277397891704170e-01 6.940870240134403013e-02
-6.823342617948474631e-02 7.727894453790978835e-02 -1.661423864639633985e-01 -1.715925896930997618e-01 -2.237615517972603163e-01 -1.091744357522454051e-01 -5.896735616590996314e-03 -2.733843521149474307e-02 -9.440372073404037015e-03 1.000000000000000000e+00 2.816878436899042382e-01 4.270193357223739383e-01 3.231565903548897639e-02 2.342620230032370909e-01 3.067755174818795338e-01 1.193151733152863353e-01 8.776001897739107993e-02 2.683882600692856779e-01 9.276644186154807403e-02 3.135419309170204422e-02 2.699443405854501932e-01 2.035244203541589081e-01 1.268604141134597463e-01 4.045592615982942508e-01 4.742292501450953157e-01 2.852428154272407812e-01 4.376125291921723059e-02 2.049479446378154046e-01 1.612681993792858814e-01 1.970995562223236408e-01 -6.438022735590774592e-02 -1.856893932435146107e-03 -7.518695849660342323e-02 7.081699828384066531e-02 -1.269029873336237069e-01 -2.328890226215862003e-01 -2.206234762598787147e-01 -3.097859529853248459e-02 1.464285003024095588e-01 2.438911179536578933e-01 -1.586298733380898940e-01 -5.117140155337435159e-02 7.503337398495239959e-03 -1.621152430156185820e-01 -1.107384161582751630e-01 -2.294082422335012028e-01 -2.203113827367827182e-01 -3.002936948120434879e-01 -3.603883801528695030e-01 -3.404425034404467976e-01 1.421966783902792186e-01 -3.271283554498448376e-02 -4.017433979116335693e-03 -2.841203843513711025e-01 -6.877299528430351472e-02 -7.390857892076231617e-02 7.546472537858744944e-02 1.747977681407502162e-02 4.767612071422840381e-01 4.225155947874555395e-01 3.919286976634425157e-01 1.222375928495296332e-01 1.898451252520471921e-01 1.860005623130715213e-01 2.350481824797832353e-01 2.413515262212246049e-01 -3.986435295634940812e-02 1.533871801726610640e-01 1.339621224174506187e-01 2.343983689129356396e-01 1.696042905012902779e-01 1.390982225004188111e-01 1.886461163294553267e-01 3.373643020250058910e-01 5.286397934662766529e-01 4.312929013116226229e-01 1.094237207120058869e-01 1.763114727214641353e-01 2.659852924086222870e-02 2.364774798065612249e-02 3.023426366681410404e-01 -4.772198463831476417e-02 4.992093755402324945e-02 1.995052908451191639e-02 -4.316702844143953909e-03 -1.130769788197761305e-01 -2.414771023480753176e-01 -7.437982355030754895e-03 -1.345597059069304213e-01 1.046850999526002385e-01 -3.329422661500349573e-02 2.243463720155427499e-01 2.702350305130979402e-01 9.059020120283121230e-03 3.216261474683134725e-01 -1.394478900893510176e-01 -1.791560763332560868e-01 -1.441031927541063240e-01 -2.507131144536383083e-01 -2.506281719930428808e-01
-6.223114289963854219e-03 -4.984731699125122262e-02 1.310328761332502645e-01 -1.949219367899762967e-01 -9.648299517233864531e-02 8.088860700189397235e-02 -2.495832117472425796e-02 6.260192612245138455e-02 9.623475474197258628e-02 2.816878436899042382e-01 1.000000000000000000e+00 5.713522508458379612e-01 1.447492575013614169e-01 1.928654532778392439e-01 2.911427630027474955e-01 -2.156671235895110117e-01 1.070672353768301888e-01 8.468182178518825209e-02 9.561750616488338961e-02 -1.219612539742443297e-01 7.995015079800679714e-02 1.560641576312349343e-01 7.464715863906085103e-02 3.803243548112003047e-01 4.332101964992467469e-01 5.301303714661139699e-01 5.653211948281999105e-02 2.183398468121721392e-01 1.968407552581748488e-01 1.946864328485536921e-01 -1.011630115926614587e-01 2.043244632226060020e-04 -1.669416004200741377e-01 1.724256229124634110e-01 -5.902423616840515863e-02 1.323549008488214898e-02 1.552579058959311364e-01 -5.614064438518468619e-02 1.321995748318205606e-02 -6.054326898413525671e-02 1.022099194303041636e-01 1.495260914598097457e-01 4.191886230858819506e-01 9.597112690678855779e-03 5.122940771626486450e-02 -2.797661750607770628e-02 -1.042192062847831502e-01 -2.587806765038914644e-02 -3.674930565420594236e-02 8.867099721408708279e-02 -1.345333994891396989e-01 -4.747735098406689197e-02 -1.826895262891190808e-01 -2.395359058986964995e-01 1.429857159475717565e-01 1.180208827856684128e-01 4.366084553271123297e-02 5.415880155574086252e-02 2.194628862270181502e-01 3.631601695383795958e-01 1.222108915933921153e-01 2.221464239740300606e-01 2.272811376319015808e-01 1.892899856568976413e-01 2.104104386120894121e-01 2.737672020998705436e-01 -8.627563966156889808e-02 1.452039443645032069e-01 1.719653331135125029e-01 1.385045893915309075e-03 -6.160384715334077214e-03 1.890017922852857690e-01 1.607191034871023327e-01 -3.554637733790346615e-02 1.857213871050576171e-01 2.787577739361580820e-01 2.041014805523949927e-01 1.365963781177183811e-01 -1.001863822576677665e-02 -5.776979109977426613e-02 1.979300377765501606e-01 -1.229387092805047238e-01 8.832711448339133908e-02 1.283968094122386050e-01 5.267186166649855117e-02 -7.509612483287200768e-03 1.701115701291473492e-01 3.231740346229575872e-02 1.452571653596959785e-02 1.368549506893683432e-01 -1.698324588616396402e-01 6.346460185531247432e-03 3.985333801897821687e-02 -1.111226437935408651e-02 1.688319373837506854e-01 3.682299411790288662e-02 -3.033651444657356824e-02 2.857167314327197991e-02 3.878247247786995727e-02 1.209807323767652515e-01
-2.098649862364791174e-01 2.821628362720316266e-02 9.552469233653376746e-02 -2.171775268680178617e-01 -1.745390353993711285e-01 -6.281956683109811423e-02 -8.623638702009009394e-02 1.109689456226684023e-02 4.735836956283705906e-02 4.270193357223739383e-01 5.713522508458379612e-01 1.000000000000000000e+00 3.501674553672258772e-01 4.267691889254645599e-01 4.403366383938989714e-01 -2.173249916923778446e-01 4.431128217229579613e-01 2.093102876419174474e-01 3.426511348235314891e-01 -1.093525456947173208e-01 3.291959643777581102e-01 4.117390708288251044e-01 2.623966175920154353e-01 5.440878706798795150e-01 4.745362464579632733e-01 5.341363817860380614e-01 1.044234348152841829e-01 3.462275812424705501e-01 2.926648018268342977e-01 4.512629574508152386e-01 -3.218393685308383600e-02 -1.584581025035332047e-01 -1.857114508849316281e-01 1.259275605252423436e-01 3.293558780869482866e-02 -2.142236892455763320e-01 -1.152742617429710903e-01 -1.779747946255882396e-01 5.901031307980170865e-02 4.657436573885767594e-02 -1.506467220934656903e-01 8.714836914821559588e-02 2.920428448873637617e-01 -1.779722955708785692e-01 -1.358638573722005249e-01 -1.166776265511481198e-01 -2.344710081836868520e-01 -2.464262682644777214e-01 -2.943826839890123503e-01 -2.598082919295166549e-01 -1.111830231935105329e-01 2.883761389826152918e-02 -5.199503410280113119e-02 -2.765023998935964844e-01 8.309028440392215997e-02 6.238022652043878624e-02 5.426618111013042922e-02 6.409220182272498678e-02 4.300097091663595550e-01 6.021284194678417911e-01 5.183140939252065538e-01 4.323195851844370829e-01 4.656885408882462940e-01 3.956870251384065340e-01 4.675069309628641090e-01 4.443048862479951899e-01 -1.554367140906574019e-01 4.162512459814705079e-01 2.430875016376195796e-01 1.523425831141843878e-01 1.723310407901989250e-01 3.411589712062091939e-01 3.483229577503531571e-01 1.753111434904998100e-01 5.482674901662221156e-01 4.969275848355407810e-01 3.367610700150432401e-01 4.103240240029751296e-01 -2.051277325333380336e-02 -6.471050937228504940e-02 2.988835728605145348e-01 -1.717966952299147254e-01 5.463114648281186536e-02 6.403123585284380137e-02 1.655868693904245514e-01 4.330511986059462637e-02 -6.918135868290584134e-02 1.166249785131615313e-01 -2.071746075308388557e-01 6.700738951311598079e-02 -1.337414052247551943e-01 -4.619251155552916294e-02 9.156913896672687347e-02 2.258074692514530288e-02 2.588263555226121837e-01 -1.643475481834781315e-01 -4.270596760166363998e-02 -5.560482027471000399e-02 -2.068690645874876610e-01 -2.024646942148348727e-01
-2.379684512292819243e-01 5.401891159913520951e-02 -7.087591646501041620e-02 7.312914322761687735e-02 -5.367073056457140334e-02 1.370119597941207162e-02 -4.520749166332170554e-02 -3.395037071960883140e-02 -2.824296722292466300e-03 3.231565903548897639e-02 1.447492575013614169e-01 3.501674553672258772e-01 1.000000000000000000e+00 4.726160306758770968e-01 2.899177302182402438e-01 -1.965964182865784227e-01 6.259574875561699780e-01 1.551504464353799795e-01 6.020045242224368875e-01 -5.436172048864197637e-02 1.707049710488698357e-01 4.789892836653265040e-01 2.716143311427601792e-01 1.943301665225062314e-01 -5.709811024636625432e-02 6.176780940821929161e-02 1.928751607499749887e-01 2.405677613486038591e-01 3.523124356457466577e-01 3.065754065230306136e-01 -1.573068649366574923e-01 -3.388391279723776406e-01 -6.477901707504769846e-02 1.414759234670192045e-01 3.580769459754892803e-01 -1.281784524464810449e-01 -1.659958219805711746e-02 -2.834568656317024149e-01 -7.574050733397838520e-02 1.264232132715938650e-01 -1.429898940094851689e-01 7.338055325796800921e-02 -4.341233739766384853e-02 -1.325054680281828878e-01 -3.758876765135985704e-02 1.357126240612452697e-02 -5.217870884041368035e-02 -9.505501755378337539e-03 -4.158875426810476617e-02 -1.233413700444876276e-01 -2.420452372277509881e-02 2.918142697964200630e-02 2.064199737806305182e-02 1.694550853905596455e-02 9.957786819998125372e-02 6.019571698636100310e-02 1.453902594600699032e-02 2.267472390643186439e-02 2.279833446189775126e-01 3.553285128895371514e-01 4.746882357290285737e-01 6.574144236079378922e-01 5.389965788234329924e-01 5.489395692502998525e-01 4.422685343271962055e-01 4.258225373060382513e-01 -2.363422018574120459e-02 5.141004242688114179e-01 2.627529579515435199e-01 2.377714483149852634e-02 6.073148303345120985e-02 3.101559990557972157e-01 3.574926424748243736e-01 9.747312351114202633e-02 2.412993991874285982e-01 2.287134149926414450e-01 4.349236004059074401e-01 4.668004688936265301e-01 -1.118185537007843344e-01 -6.157147179687263994e-02 5.370194005843075685e-02 -2.483669166502137579e-02 7.407234747329274893e-02 1.019101417733074971e-01 3.461448687863954432e-01 3.071647463927779653e-01 5.507804581731940569e-02 3.218448624842017991e-01 -1.566521889066016526e-02 8.235418659213471562e-03 -6.729662192931733233e-02 -2.671913882241431781e-01 -1.271655604920851265e-02 9.485919218425156729e-02 -1.267587312178555803e-02 -7.164514406576590055e-02 1.702952679362342570e-01 2.015462291251993443e-01 3.822217947135258392e-02 -2.021648390719316818e-02
-2.928367422157057143e-01 -8.851095886087653741e-02 -1.235614272798659374e-01 -1.091164947001300491e-02 -1.126956995127710442e-01 -5.207318359084446482e-04 -9.283608985303785921e-02 -9.965310576635069695e-02 4.579065031963313465e-02 2.342620230032370909e-01 1.928654532778392439e-01 4.267691889254645599e-01 4.726160306758770968e-01 1.000000000000000000e+00 6.708330343930828388e-01 -2.702298148754106455e-01 4.958564408293713033e-01 1.609559213172560843e-01 5.440507539468250053e-01 -2.209309434269994543e-01 3.597214290831627359e-01 4.707825086878149601e-01 4.924553956643138442e-01 2.730179873479743891e-01 9.870946572516897666e-02 1.495536852879688072e-01 2.954258130794799597e-01 2.472614190404950896e-01 3.552177379905659405e-01 4.636613531954765777e-01 -7.666306139158420019e-02 -2.021162885938986020e-01 4.486879104031832668e-03 2.046276973046590453e-01 1.381755330537609294e-01 -6.442229486542036532e-02 3.489480171513127671e-02 -1.660025621170824195e-01 1.797214063376057630e-02 8.632573300567154828e-02 3.178544305839093361e-03 1.795332015842096007e-01 7.857431639408643531e-02 8.323737640506792893e-03 6.494058925256633585e-02 2.244533101868722291e-01 2.120862888606538654e-01 1.597737697035582216e-01 -1.373360070586521209e-01 -5.126675718458850728e-02 -1.358588753615946887e-01 -7.020915388582323058e-02 -7.907577352318430342e-02 -8.185327870785175097e-02 1.447969580932648159e-01 3.797555997800285132e-02 -1.100292292329543278e-03 2.151791639713664800e-02 1.888959165616074798e-01 3.877960119354462720e-01 4.006128672393084456e-01 4.333560616939826637e-01 5.830294958750743550e-01 5.156806205865281933e-01 4.265469245057414427e-01 6.571159244831270563e-01 -7.850909178448389758e-02 3.767066359309130252e-01 2.290357330593366658e-01 1.842733560308961946e-02 -5.120981192701933027e-02 3.253143255511316001e-01 5.287813010716608808e-01 1.118423877895874802e-01 2.923405804905227501e-01 2.051625505039175179e-01 3.936888699290733151e-01 5.899471258868130841e-01 -1.373225542420092593e-01 -7.111026359255391560e-02 2.007325116503995144e-01 -9.784806910450114664e-03 1.205387489473883252e-02 7.550780988199710941e-02 3.094208485024499411e-01 3.264323167592441122e-01 9.698051477149455257e-02 2.939434253051660395e-01 -1.059272249000557664e-01 5.543311055305120971e-02 -3.543185757933924040e-02 -1.895927832950433101e-01 5.184676871620896160e-02 3.364014570009245947e-02 1.406935077979500903e-01 6.533080014763099908e-02 3.239292201632377188e-01 2.153867110288190390e-01 -9.327531832274399415e-02 -1.981201770309804280e-02
-2.992488206332923895e-01 -1.159230505089803021e-01 -1.445875105327288912e-01 -2.780698631669556789e-02 -1.437433846686261840e-01 -6.740591478427414296e-02 -1.418289631419951957e-01 -1.114707147183732067e-01 -2.566080076113618630e-02 3.067755174818795338e-01 2.911427630027474955e-01 4.403366383938989714e-01 2.899177302182402438e-01 6.708330343930828388e-01 1.000000000000000000e+00 -3.283686304147184765e-01 2.746090808482729018e-01 2.278632683829387995e-01 3.502722163960372836e-01 -2.130560951037343068e-02 5.270142974543945424e-01 3.306226823725936237e-01 4.900200624049412257e-01 4.016946895191901845e-01 1.657626166673225043e-01 2.515883256373543930e-01 3.224322623904151697e-01 4.295552468926207568e-01 4.898540897727161059e-01 5.590939487899871940e-01 -1.268934575412448140e-01 -1.781477461285524977e-01 -5.050900749628122605e-02 2.065601112823386154e-01 5.168615377284651452e-02 -5.210210098797993239e-02 1.690108651856477573e-01 -2.859275979634214315e-01 1.837348713349759577e-02 3.423697377694327054e-02 -5.944300436276429844e-02 1.830585285987426925e-01 5.185911525755091539e-02 1.531686846247794394e-02 6.746583089517360632e-02 1.396843285581273186e-01 6.606622293489272657e-02 1.402619504670490624e-01 -2.161267448671784219e-01 -1.415434648420234864e-01 -1.835581894543758807e-01 -1.030595894208553159e-01 -4.152774524600383321e-02 -5.693571078990648099e-02 6.711070252551463652e-03 -2.727401106419661755e-02 -1.996811283629690639e-02 -7.640600244999316837e-02 2.545147045869411428e-01 3.970613797086468555e-01 2.963991843435609952e-01 2.485672905866966875e-01 5.230880187229169920e-01 4.772698559940286023e-01 5.853602619956929098e-01 7.204794890139268881e-01 -1.952657954692217368e-01 2.827465019631608123e-01 3.056042452292975220e-01 1.198393613776789074e-01 1.642286875589566153e-01 1.571166789584217682e-01 5.099155481826805891e-01 9.971793111808267829e-02 4.325642562149373815e-01 2.584622054583662343e-01 4.983600878834166248e-01 5.364442233137055593e-01 -7.346859042844580689e-02 -8.470240340906248777e-02 3.552365584385011599e-01 -1.724239742638428718e-01 -1.635251346445215637e-01 -5.162595077870622828e-02 1.984701460206366452e-01 1.432616279537804460e-01 1.457050908276667223e-01 1.728787467897218988e-01 -1.489359604384032365e-01 5.947277416418397800e-02 -1.630067999531160661e-01 -1.404817926623054825e-01 7.459286256024486202e-03 -7.382117430759970768e-03 -3.421522426341556326e-04 -5.911469915828847579e-03 1.097777355029158630e-01 7.528493302813346610e-02 -2.017325305409024827e-01 -1.786422296471558147e-01
