1.000000000000000000e+00 -4.292574298803006339e-02 4.705626939905450112e-01 -1.324824853077491704e-01 -6.925316131336324565e-03 2.332838629585161361e-02 1.440301267832302390e-01 -2.006421249880266378e-01 -9.210152677719059267e-02 2.174306032655498877e-01 -1.638566914961346321e-01 -2.864379862105382313e-01 -1.729552510859063696e-01 -3.840675425371820606e-01 -3.005586810973076006e-01 7.852896559615143990e-02 -3.294066622173643100e-01 -1.023932290784560356e-01 -3.523577215844280186e-01 1.436636867469948398e-01 -3.083857003174897971e-01 -1.143566249987967437e-01 -3.903570374377561825e-01 -7.089461590371602673e-02 1.698514525752203019e-01 2.038531943742924197e-03 -2.243917203684359651e-01 -1.886399231713325464e-01 -1.324120818637679886e-01 -3.237644520078999943e-01 5.876049368810853935e-02 2.682941005235904841e-01 -3.674928455983423464e-02 -3.355758344184446851e-01 -1.417458111457018666e-01 2.268147986162284968e-01 -1.563084104192647705e-01 2.675738233674411215e-01 -7.511787201943394277e-02 1.714377039118048507e-01 -1.371656697366758770e-01 5.330458029518087004e-02 1.483658243202169540e-02 -2.901024577430549867e-02 -9.986945826563319029e-02 -2.091340640505703341e-01 -2.942930833834462301e-01 -1.368881547361331386e-01 2.727438100180199498e-01 2.002392735993266393e-02 5.051613447567733228e-01 3.696420373836880602e-01 2.566244960927672736e-01 -1.633270993331966958e-01 6.865459818582253515e-02 2.073443229940004351e-01 2.962077994421025706e-01 -1.502725160700005280e-01 1.128484859451000799e-01 -3.957057916684018906e-02 -8.650014901573349624e-02 -2.355294582113000579e-01 -2.911680205710041047e-01 -3.141736910122428506e-01 -3.248031325754802690e-01 -3.063744438254428215e-01 2.857625923885961372e-01 -4.779244127780889473e-01 -3.602649149787665595e-01 -8.085197595592079345e-02 -2.404620505886985171e-01 -3.327638850073421639e-01 -3.216333600016946792e-01 2.693650471317064754e-02 -1.445217476916610955e-01 -3.071629726277772671e-02 -1.390835577968920489e-01 -3.219856164953037170e-01 -8.007092973970106331e-02 3.140644971735921387e-01 -2.310574161704486151e-01 9.724685562185311771e-02 -3.674162036719524210e-02 -2.652605957411934279e-01 -5.103802412083413564e-02 -1.146990016231122095e-01 -9.868106140032634199e-02 -9.605750598830392617e-02 1.948776582420514991e-01 -5.589815676708051462e-02 1.372949177049980485e-01 1.292872119586996882e-01 -6.459355036994908483e-02 -1.014508991856398618e-01 4.366656338937865631e-03 -4.230506073030524533e-02 -9.942668817341571152e-02 -1.058384421735130698e-01 2.731597089175507587e-01 4.370654726620740171e-02
-4.292574298803006339e-02 1.000000000000000000e+00 3.508928065992968914e-01 2.838547887004400083e-01 2.105009059832661233e-01 3.136475893697023287e-01 2.698026781798283300e-02 3.581800506709438836e-01 1.496450941848597727e-01 -6.698317595840194705e-02 2.329467151021208729e-02 6.064206858233804273e-03 -1.131520744083565899e-01 2.308728484993232116e-03 -2.376633730081871287e-01 3.028872149835222238e-01 -9.752438081597020192e-02 1.628284942754685827e-01 -6.401639244491811112e-03 -1.574695939967123703e-01 -2.252626976562432937e-02 -2.428501055394346186e-01 -1.762468870409070187e-01 -1.925531898867295644e-01 6.857526976832512000e-02 -2.065350730361705800e-01 -2.739788757029475441e-01 -1.577028899073207868e-01 -3.467216078570365401e-01 -2.392259906679613801e-01 2.701840089934389594e-02 4.909870242203365209e-02 9.800589480967820954e-02 7.901993645995770282e-03 -2.184658582087222467e-01 -1.389850998525146535e-02 -3.165848733273934346e-01 4.876484410910464362e-02 -7.679647580628749803e-02 -1.335606514566466951e-01 -8.403649942881413759e-02 -1.247980532400338322e-03 -9.460898221989590129e-02 -2.287713765928020282e-01 -7.913827111695426186e-02 -2.358880618326449352e-01 -1.652818650353097552e-01 -1.991881662369580364e-01 1.539467086723837475e-01 -1.139082731045734792e-01 2.227086227975589305e-01 5.711292903358852202e-01 6.476557009092993866e-02 2.000886651815214634e-01 3.953365633548405755e-01 2.396825109185264091e-01 3.386009759673141439e-01 2.426564248425505110e-01 -1.215516444411400276e-01 -1.388991528694251687e-01 -9.829342284188956336e-02 -1.300291860878641237e-01 -1.335121847219732927e-01 -1.351129460497658696e-01 -2.083877518120797467e-01 -2.374929879447808811e-01 -2.855899046213167605e-02 -2.428530768272356075e-02 -1.993905014277553567e-01 2.235567107320015068e-01 -1.490314309493249723e-01 -2.250883499360343820e-01 -1.713313593489471931e-01 -1.295841833190450043e-01 -1.941456049892623659e-01 -2.545215409060886946e-01 -2.912673777324094049e-01 -2.587959019455902121e-01 5.405748728387626406e-02 1.581078186158827170e-01 -2.802313334046337978e-01 -1.450867638233061807e-01 -9.775263292973422613e-02 -2.056651200487309428e-01 -3.387685724730014059e-01 -3.496688622340043406e-01 -2.773410756558380430e-01 -1.642822913837392595e-01 9.896446660339142457e-04 -1.290536444584567122e-01 3.132197499190052248e-02 1.014955324953059762e-01 -7.354779337434506903e-02 -2.501198635046344293e-02 -3.320697526108201125e-01 -2.915624860529837381e-01 -2.705857696965397463e-01 -2.259376910000385763e-01 1.092049841171976871e-01 -1.667000644215457794e-01
4.705626939905450112e-01 3.508928065992968914e-01 1.000000000000000000e+00 -3.215853797033097483e-01 -9.139059290533514679e-02 5.520258839965336284e-01 6.675556131508326996e-02 4.555075219974646233e-02 2.483564311303531613e-01 1.317516757259881988e-01 1.238482915346994506e-02 -1.774921341705341105e-01 -2.145157776144124284e-02 -2.330419810931220193e-01 -3.899259372746001762e-01 -3.559087765974292949e-03 -2.288221791538793959e-01 -1.968189067638309586e-01 -1.330479297341572720e-01 -3.533554450259820262e-02 -2.222464247886231370e-01 -1.930118094835614473e-01 -4.221610704839183215e-01 -8.027883796791135396e-02 1.601986727721182169e-01 2.785179470615939054e-03 -2.676074757779768887e-01 -8.826345130635057656e-02 -3.064004994259169612e-01 -3.920377827513342184e-01 1.910049616326257860e-01 7.317565972969559962e-02 -1.827191284312968678e-01 -2.319242699026800858e-01 -2.321643872160230049e-01 1.006860201529377608e-01 -2.703772638040471410e-01 1.294741683206775129e-01 -1.524847510576018972e-01 1.796094904203333065e-01 -1.270703446999514319e-01 2.476081204235820732e-01 7.515915748418082465e-02 -2.166189143477525447e-01 -9.944531187696954710e-02 -2.388106664274944058e-01 -2.454133592548607135e-01 -2.195182863088641079e-01 4.714401896469071485e-01 1.090998303455643914e-02 4.570767208024418271e-01 6.428864767342227227e-01 8.355183940792888786e-02 -2.984457030918591380e-01 5.100975191723731150e-01 6.182203637677708974e-01 3.385865818535793159e-01 2.177885922744051961e-01 1.420918225118448890e-02 -6.774416616839644412e-02 -1.445056878574282368e-02 -1.108251203691101167e-01 -2.025645588134294406e-01 -2.257398490251134315e-01 -3.674915202577058171e-01 -4.111770652437419793e-01 2.319298405622895742e-01 -2.565690225434844041e-01 -3.925572229790063594e-01 -1.423124582755450618e-01 -2.874393925502552460e-01 -3.707569631962573387e-01 -4.400426042334524279e-01 4.976760679137468696e-02 -1.924196053053619238e-01 -9.899339142227792099e-02 -2.796513145082343277e-01 -4.108844128808543661e-01 1.528053540184912407e-01 2.450257608275185073e-01 -2.619231840410503609e-01 -9.628065876055812849e-03 -2.345654287206670047e-02 -2.030479780046427762e-01 -2.189267559347053416e-01 -3.677409304752547459e-01 -2.477914664397125599e-01 -1.013988382715084041e-01 1.227360777804485520e-01 7.317258850768708182e-03 1.422893938379654610e-01 1.878734388093270535e-01 -9.350732794367422329e-02 3.911825199887229883e-03 -2.759930927320324301e-01 -2.443089340322177061e-01 -2.063102260869993931e-01 -2.771722173382568655e-01 3.908202040974047553e-01 7.188386465617604970e-03
-1.324824853077491704e-01 2.838547887004400083e-01 -3.215853797033097483e-01 1.000000000000000000e+00 5.627249210888441988e-01 -1.872833653639328078e-01 -3.645176003723760161e-02 2.761812344321867840e-01 2.800555478463015099e-02 -1.376510425796880488e-01 -1.856127605999126073e-01 -1.045701821968113149e-01 -1.292998569404844589e-01 1.070447714231046454e-01 5.116602366214637043e-02 2.892377658657292461e-01 1.466291873959751565e-02 3.509596155420903751e-01 9.145896873740334831e-02 -1.745229072366186532e-02 6.732721356435972249e-02 -9.643765354442523918e-02 4.597409122094964912e-02 -2.374650576280724901e-01 -1.202994917218069282e-01 -3.367783770343714678e-01 -1.257898399263789879e-01 -1.511517753639902983e-01 -1.226032859874238851e-01 4.805543156263391430e-02 -1.260124828146873543e-01 1.124600529952854838e-01 3.460673372671959069e-01 9.332004093200070571e-03 1.211355092185030513e-02 -1.237479859906208679e-01 -1.779862216735138003e-01 4.180174758953365821e-02 1.059121135162722528e-02 -2.308604291944785780e-01 -7.428818207384262073e-02 -2.659709170384116916e-01 -2.397604938721045187e-01 -5.413422863728131057e-02 3.018840863198083910e-02 -9.871649696542862673e-02 -5.810073476015824995e-02 -5.261457961268293376e-02 -3.207167929078964530e-01 -2.558222708495601072e-01 6.013516657393068454e-02 5.870690430077317445e-02 2.257307481729541876e-01 6.251499298506633107e-01 -2.000034105079089713e-02 -2.636397971359043524e-01 1.450477416033561784e-01 -2.037527315635695880e-03 -2.080032154118280630e-01 -2.084100987955905815e-01 -1.922334498509563339e-01 -8.418745388669207630e-02 -5.376906626144128953e-02 3.447990751611487714e-02 2.968169400125640275e-02 5.207793196919759809e-02 -2.230189757863351718e-01 7.515601241696373211e-04 2.169546084180091344e-02 3.567733944716814931e-01 3.442157547890092179e-02 -8.637336965701009062e-02 7.883887106831859171e-02 -2.566844819853895676e-01 -1.637326973891011783e-01 -3.326760033198674082e-01 -1.133942163079688925e-01 3.222169033360197757e-05 -1.023392920672910600e-01 4.647316329832808929e-02 -1.952913470681656161e-01 -9.780025617180378161e-02 -1.109397115199477341e-01 -1.333493073316734390e-01 -1.857532980890135854e-01 -8.045284301727431697e-02 -1.320886875378098346e-01 -1.301635955073884576e-01 -1.672226075386077371e-01 -3.133678362067578993e-01 3.726286545066363060e-02 -1.998294658876604291e-01 -8.692745064449931836e-02 -2.313548772763537875e-01 -1.666796745192624107e-01 -1.232557933630825941e-01 -1.309070814786474912e-01 -1.176577039791858875e-02 -2.924950815412327154e-01 -3.413659561649762808e-01
-6.925316131336324565e-03 2.105009059832661233e-01 -9.139059290533514679e-02 5.627249210888441988e-01 1.000000000000000000e+00 5.070733431300704364e-02 -1.378343017364549172e-01 3.014409887546826705e-01 2.364251554875842765e-01 7.685135067415601803e-03 -5.510864107761428293e-02 -1.104510833613101817e-01 3.287147311877816613e-02 2.290957193716717244e-01 1.327540646673262825e-01 -4.646740996683777943e-03 -2.934392457712159050e-02 1.543989854428482467e-01 1.491107262932234445e-01 5.511670837070794388e-02 1.522420552676200245e-01 -6.130087764136103040e-02 6.201872805851414705e-02 -2.355833593413025340e-01 -7.475010073198937177e-02 -2.100270416797293260e-01 -8.327216328699790782e-02 -8.849218547356343945e-02 -1.427194018913002576e-03 8.814235257608912799e-02 -1.396460709365314190e-01 8.243339617181346529e-03 1.889000298588814630e-01 -1.961780086017656799e-01 -7.153848829177864022e-02 -4.846686761161072415e-02 -1.996028664844684830e-01 1.096785268469060472e-02 4.014135243542002462e-02 -1.274358372910021353e-01 -1.409733028778745456e-01 -2.107426982886924371e-01 -1.898857930041748243e-01 -2.555159135997781342e-02 -6.216026503804447309e-03 -9.351201878138250267e-02 -1.161186097287795066e-01 -4.554739837206564501e-02 -1.988633452581596572e-01 -1.698714056454480315e-01 8.869688185074210002e-03 6.257767285480848873e-02 6.366283534151301327e-02 4.479241614020961770e-01 2.482654579725829813e-01 -1.461519873517304891e-01 1.726476658579000371e-03 1.456839680583968122e-01 -1.476366846230007385e-02 3.108459672080690975e-02 -1.136093770053303413e-02 6.146617046361280146e-02 8.898152452537569368e-02 1.648889911672269670e-01 9.477683459376957942e-02 1.153493548617394726e-01 -2.264932858140359107e-01 3.842445469039905415e-02 -7.491171863587391122e-02 1.327999793008169116e-01 6.096452944121901613e-02 -8.784673513248639209e-02 4.183953944416570619e-02 -1.842892373006544682e-01 -9.333003551756043070e-02 -1.649713046168117814e-01 -7.735736771052800602e-03 2.379391165947401798e-02 -9.016559673806609498e-02 1.313322812682765975e-02 -1.609320008595547524e-01 -1.459498324419733206e-01 -1.942403232835114568e-01 -1.700860227115211787e-01 -1.591455612022302235e-01 -1.063033783482283112e-01 -1.355090470845301820e-01 -1.484212486914550655e-01 -1.493223115047744021e-01 -1.953938889368110610e-01 -6.159695893432384252e-03 -1.588158393292226633e-01 2.454543148139552711e-02 -2.889681951963740669e-01 -1.586307190248358867e-01 -8.273214095669950696e-02 -1.368035950541276469e-01 -5.187402565914180086e-02 -1.833407822360177408e-01 -2.279186557688508141e-01
2.332838629585161361e-02 3.136475893697023287e-01 5.520258839965336284e-01 -1.872833653639328078e-01 5.070733431300704364e-02 1.000000000000000000e+00 6.284671451514349527e-02 3.489745948520678875e-01 6.668983220348109198e-01 -2.648709320045762247e-02 2.853077092275690396e-01 8.377738356066385950e-02 1.745302861366255232e-01 1.358501027102680114e-01 2.323183674832041828e-02 -2.919554937933449001e-01 -9.540672341508836529e-02 -1.166123716418458328e-01 7.580935828392848519e-02 4.572881584399132726e-02 2.344010816755582108e-02 -6.189350210148791831e-02 -1.088790657387983182e-02 -1.992297220347334988e-02 2.111877356831259531e-02 3.417601685185373689e-02 4.613259165114438204e-02 3.471595701713359183e-02 -4.161364410196951441e-02 -3.529683143828385439e-02 -1.675257685032335506e-02 -2.498136587373075701e-01 -2.827548061584096994e-01 -9.394308554694595637e-02 -6.107417050375037182e-02 1.490669044255993614e-01 -1.265962201610952020e-01 -1.242578242410437017e-01 -1.200359147317135375e-02 1.943406604629383250e-01 6.596345279696294757e-03 9.965864207102090311e-02 2.764887839539836682e-03 -1.401307053223666554e-01 6.975143386529549308e-03 -5.429575978823519139e-02 -6.764744587840138164e-03 5.519782765491403065e-02 5.123836582754531799e-01 2.603627355576468294e-01 6.607864127568027768e-02 3.206642562316728284e-01 -2.814926673368369214e-01 -1.631836294278785071e-01 7.213422341878769073e-01 7.235801809990730638e-01 2.043478071848310040e-01 5.774269825267097644e-01 6.110010628373307995e-02 1.251666104072409191e-01 1.547758977754261633e-01 1.248713759769087273e-01 1.073446233407608918e-01 1.095519956795185518e-01 -3.949986170211529368e-02 3.620793232933564986e-03 1.435248800319756657e-01 6.805218742755750339e-02 -2.137225862374231844e-01 -1.918811125364152659e-01 5.400936867687998466e-02 -8.988383395014781785e-02 -1.419672590945948998e-01 1.437782833249299230e-01 -6.803368012056430769e-02 -3.988834340877178697e-02 -4.974748558695551992e-02 -8.543241876236491728e-02 6.396198988682699760e-02 -1.289054016570622963e-01 -1.589927541543192935e-01 -1.787606464164349651e-01 -1.852542988503399768e-01 -5.554342343630372381e-02 -1.161067043831347928e-01 -3.039358904305586861e-01 -8.336014741650620008e-02 -1.198872228670040674e-01 1.156184706289758862e-01 1.028902553701227379e-01 -4.122661075446051870e-02 1.206851001333417300e-01 9.025403809048582887e-03 -1.767905434768024531e-02 -4.148242864499437910e-01 -1.798966418433809999e-01 -1.402945617692718805e-01 -7.925618986903186503e-02 5.330874856403914341e-01 2.177496957163620739e-01
1.440301267832302390e-01 2.698026781798283300e-02 6.675556131508326996e-02 -3.645176003723760161e-02 -1.378343017364549172e-01 6.284671451514349527e-02 1.000000000000000000e+00 9.374395205443253332e-02 -5.800815417049524220e-02 -7.545665298199662890e-03 -1.071403048474045688e-01 -3.507573556090767819e-02 -2.460831573040385689e-01 -1.606132507294390777e-01 -1.080911882192197859e-01 1.242410883445781294e-01 -1.275266613029232277e-01 -4.579692257098626033e-03 -2.732444828104025336e-01 1.965150433063684310e-01 -5.757337525215550783e-02 -7.488238504109001603e-02 -8.904301447290305371e-02 1.509605052132782510e-01 7.599425140371510179e-02 -7.060160317565037421e-04 -2.682794055759409393e-02 -6.492409143569692620e-02 3.270529521909377318e-02 -1.101869121103964122e-01 4.090864247480918703e-02 2.810715872836389625e-03 -7.029210380340016051e-02 -8.576324237186548627e-02 -5.465817429435005509e-02 2.626379674332465428e-02 -1.227928997336020928e-01 3.502509502763324033e-03 5.599636114499770972e-02 3.430260653303128238e-01 -2.793538632582842803e-03 -6.551388891144242603e-03 -3.002447847102255457e-02 -1.298232893514995531e-02 -1.797183446838512277e-01 -1.125526828878146146e-01 -1.096303663220170033e-01 2.778997625711253361e-02 1.435847434978607673e-01 8.534091614283619009e-02 1.074141887172231774e-01 9.613171680154861121e-02 2.692139588260819005e-01 -3.653062609469495681e-02 -1.474256121084550897e-02 8.626037300320035794e-02 3.868181706089579008e-01 1.518997148851578341e-02 -2.448339922064220534e-02 2.196498980116982219e-02 -5.862929620660998348e-02 -2.866202694898173364e-01 -1.927418103829641738e-01 -2.086374813860604194e-01 -1.181718854003323688e-01 -1.182600869257408593e-01 3.491707617853009316e-01 -2.175922843176831545e-01 -1.051045626842469355e-01 3.107728399825677307e-02 1.366429223409195218e-02 -2.203936500866067027e-03 -8.657711893554573268e-02 2.529915510524471389e-01 1.150422826708421137e-01 9.915127859617206552e-02 8.341566269550512724e-02 -9.759002754098317078e-02 3.145106486457492634e-02 2.854878088514955017e-02 4.089336416561739629e-02 -6.627725086388822073e-02 -5.004696224290047096e-02 -8.802475327466949273e-02 -3.061080955804375628e-03 -8.503148212721747812e-02 -1.398737730441024230e-01 1.290031385416407633e-02 1.143550382084388695e-01 1.005644075543644933e-01 2.635558264006612403e-02 2.245626200800906191e-01 7.744162238204457815e-02 3.265298168082978597e-02 1.220109421053958559e-01 5.397661309809683589e-02 -9.904811350035828965e-02 -5.035197547302464743e-02 2.071017672341464722e-01 7.222520609431251626e-02
-2.006421249880266378e-01 3.581800506709438836e-01 4.555075219974646233e-02 2.761812344321867840e-01 3.014409887546826705e-01 3.489745948520678875e-01 9.374395205443253332e-02 1.000000000000000000e+00 5.570323506449214035e-01 -1.998757122289450960e-01 -2.921847305938595624e-02 -1.475281609792453846e-02 -1.070077901902082712e-01 2.445910309768018487e-01 2.749569652329139635e-02 2.665299623423293685e-02 2.149095136057058708e-01 4.227265280979873863e-01 3.139955895057963131e-01 1.171303782859230147e-01 3.303593056781817250e-01 -1.938259002362485994e-01 1.793032331884375774e-01 -2.602288253565476772e-01 -1.543905834920401010e-01 -2.116272897840767164e-01 -6.694061890106411949e-02 -9.828749773194853101e-02 -1.830898575302481249e-02 2.385806457087471383e-02 -1.728120125828141729e-01 -2.739898300975684986e-01 -7.398169672418433707e-02 -3.491436901329556669e-02 -1.060812355478791269e-01 -3.817017159941274440e-02 -1.579112671066156270e-01 -1.673096565554594850e-01 6.413390811603646158e-02 -6.815855164099583752e-02 -6.432647019593767945e-02 -2.128654463424246024e-01 -2.296650761747136282e-01 -1.371177561499212771e-01 -6.338380585575380255e-02 -1.055353472362443173e-01 -1.573768439861736035e-01 5.002927299317110749e-02 -1.608275876910638530e-02 -2.340554551794515794e-03 -1.308044063073471874e-01 1.337989004585737052e-01 -1.035032348038514433e-01 1.301859682986284961e-01 4.226049616322643532e-01 1.521883909475199026e-01 2.520649124776770944e-01 6.683033476601883960e-01 -8.192986585311262671e-02 -3.711777936804921268e-02 -4.103467336749462568e-02 -9.031892042258644893e-02 -3.305983948515151677e-02 8.447509668172352437e-02 3.883483927268725766e-02 1.351369231370794233e-02 -1.312932814370243173e-01 2.575642750386852864e-01 -5.177720529898757057e-02 2.640505740246082422e-01 2.068125816576688036e-01 -4.137428394617954919e-02 1.653852812669635020e-01 -9.806403806467428597e-02 -1.914840740439985659e-02 -1.221629043990571928e-01 1.974782172150787649e-02 3.604570517078812576e-03 -8.724265108823846260e-02 -2.136501369590730615e-01 -1.264473952763549569e-01 -2.595128960919039773e-01 -2.169953871012592350e-01 -1.796705771028749010e-01 -1.767708099432924451e-01 -3.412683855912566067e-01 -1.248624214808946586e-01 -2.079817594466433217e-01 -7.067394392345040244e-02 -8.317821318448258283e-02 -7.142804583456369150e-02 -1.446547952656999925e-01 -4.281294227063470181e-02 -1.844048644324066955e-01 -3.205755773805468722e-01 -2.263683076691948848e-01 -1.204542845406038759e-01 -1.825021530635743267e-02 6.261972605694626597e-03 -6.352652166956290758e-02
-9.210152677719059267e-02 1.496450941848597727e-01 2.483564311303531613e-01 2.800555478463015099e-02 2.364251554875842765e-01 6.668983220348109198e-01 -5.800815417049524220e-02 5.570323506449214035e-01 1.000000000000000000e+00 -1.593777997618333608e-01 1.605780810975761252e-01 -4.323909268741316092e-02 1.297047260944498293e-01 3.374043083006002530e-01 1.756156127690374213e-01 -3.117311902365115794e-01 9.698570146084982413e-02 2.302669836322502606e-01 3.651810278508424434e-01 2.644459140397923402e-01 2.921869039402942847e-01 5.915115856381114763e-03 2.018735236182879478e-01 -1.320352940696556121e-01 -1.307328058627192369e-01 -2.735146044586076602e-02 1.092566210564227397e-01 6.773846072504481619e-02 1.491336785801652132e-01 1.147506832166727553e-01 -2.321139127164423277e-01 -2.672340220269734945e-01 -1.024570788476221600e-01 -2.107899583482692948e-02 8.129540946800006829e-02 2.035415967750531241e-01 -5.865162500402849866e-02 -1.850159740176747225e-01 6.606499803732115983e-02 8.556778248822771715e-02 5.899406289545155307e-02 -1.011515474044977075e-01 -1.467914187915180524e-01 -1.038042489495533127e-01 1.006792330265739999e-01 4.724716717672666072e-02 1.865054207793932393e-04 2.216904114017436422e-01 2.075510117338996707e-01 1.688280443736125125e-01 -1.289509292737571200e-01 1.834916028812755284e-02 -2.869492558502206303e-01 2.600418222608143898e-02 6.122341316171782122e-01 4.842812560488409246e-01 5.327400832472495296e-02 7.486971468994682022e-01 -3.222865518968115461e-02 6.458465367876582708e-02 1.592901625096383028e-02 1.150280140469130963e-01 1.371135149614264859e-01 2.707138629809014430e-01 1.650831002315903406e-01 1.384819934694113408e-01 -2.148478764463686644e-02 2.575042897295345967e-01 -5.965781867497974358e-03 -1.633651050818822267e-02 2.755055222352476574e-01 5.976767187285907112e-02 1.504034677248727858e-01 7.031231940516668999e-02 -4.468215626063255785e-02 -7.031961134152436843e-02 1.172949405256264316e-01 8.619781404047313633e-02 -1.655784173149824623e-01 -2.710074249493733545e-01 -6.844199912513118655e-02 -1.850042241824684242e-01 -1.224420284745192100e-01 3.409507499104700440e-02 4.698539743728435969e-02 -1.728819560650304288e-01 5.898021462668411041e-02 -7.765588542802699668e-02 1.753048944325679981e-01 3.971264090098798605e-02 -5.838384699060628763e-02 -1.424298934030543140e-01 -1.959672687953917941e-02 -1.046776380294955622e-01 -3.422599419980268398e-01 -1.598030495137233720e-01 1.862228591458265844e-02 1.360713481034828976e-01 2.567607331315918673e-01 1.020367784242429687e-01
2.174306032655498877e-01 -6.698317595840194705e-02 1.317516757259881988e-01 -1.376510425796880488e-01 7.685135067415601803e-03 -2.648709320045762247e-02 -7.545665298199662890e-03 -1.998757122289450960e-01 -1.593777997618333608e-01 1.000000000000000000e+00 1.682581500617756076e-01 2.552338918983108607e-01 -5.690838793063197204e-02 -2.045162427255288462e-01 -1.419969882036395403e-01 1.010332959836838518e-01 -3.004061671942954287e-02 -1.848833345886650437e-01 -2.698653260005913213e-01 -7.373992075105741117e-02 -2.446709674546715396e-01 -1.763508986628076203e-01 -3.580564074321385681e-01 2.922051433082054062e-01 4.843055148462888648e-01 -4.329421909128718798e-02 -2.256669672991680475e-01 1.868494558383208132e-02 -7.133217462954695443e-02 -2.515410160672353346e-01 2.851645075115548655e-01 2.083567393958701830e-01 -1.733670812244384601e-02 -9.747987776064823140e-02 -5.831994230943231966e-02 7.953539854601929249e-02 1.407544235763586241e-02 1.934731390603355583e-01 -1.299304181509233214e-01 8.201614670058959833e-02 -2.834260690577012354e-01 1.154574068580145191e-01 -2.238062824152093483e-02 -1.483428132428324109e-01 -1.782693038029156685e-01 -2.764008087594848062e-01 -2.658558298202204906e-01 -3.290033204198977157e-01 -4.672950650621681030e-03 -1.915836340033714447e-01 2.226913147649584590e-01 1.716764722458037629e-02 1.426616464593243871e-01 -1.035632300481985207e-01 -4.575877767704867455e-02 5.202625524158107501e-02 -5.866112276837856521e-02 -2.078201930780511353e-01 5.933422811296438226e-01 1.063191799737207288e-01 1.851699069184122581e-01 -1.502348853831792230e-01 -1.714592367857571686e-01 -1.322205929244660294e-01 -2.577964848945401566e-01 -1.667298128504455801e-01 3.231763200334836217e-02 -2.744659371394362335e-01 -2.308742086956100392e-01 -1.394635291544486788e-01 -3.248676048808284422e-01 -3.227717403170922705e-01 -3.217448572546082741e-01 9.366897000566154485e-02 1.197693154589387216e-01 5.995139032121638012e-02 -4.941172743065668643e-02 -2.784503569073507601e-01 2.281783945809215397e-01 9.457136987856265553e-02 -1.980772317120886583e-02 -1.043071608481606349e-01 -1.371439472337829535e-01 -2.479439776182317534e-01 -2.636133411147291716e-01 -1.411607076670320926e-01 -2.845168629400723556e-02 8.518869910049308575e-03 -7.358643099360391571e-02 -2.281704005689577652e-01 -7.151861826384236240e-04 2.085066169361846355e-01 2.905207692521210583e-01 -2.530027569040598778e-01 2.622168552619200815e-02 -1.872178614347262404e-01 -2.543492163452196753e-01 -3.343813156862356917e-01 1.331983355560678768e-02 -1.714946075227980204e-01
-1.638566914961346321e-01 2.329467151021208729e-02 1.238482915346994506e-02 -1.856127605999126073e-01 -5.510864107761428293e-02 2.853077092275690396e-01 -1.071403048474045688e-01 -2.921847305938595624e-02 1.605780810975761252e-01 1.682581500617756076e-01 1.000000000000000000e+00 6.338881596956101871e-01 4.457893172904091039e-01 3.056785099222263935e-01 2.948271224935999357e-01 -3.082648991524797322e-01 1.742531892591942244e-01 -1.966357200985967835e-01 1.463286663904548313e-01 -1.149364359222756621e-01 7.427211363124587573e-02 2.148823889019806088e-01 1.731052787814347238e-01 4.069370799835604902e-01 3.060482235793360872e-01 4.151421761014419953e-01 2.748631202348914560e-01 1.887109142878521661e-01 2.331650704113144290e-01 1.555841421337580688e-01 -7.760844461268182060e-02 -1.461818758031245002e-01 -2.624017717453557830e-01 7.803987199258068108e-02 1.189605325530832258e-01 1.954406014318100029e-02 1.001099504143862229e-01 -1.124054660848025911e-01 9.517468134198764362e-02 1.715063376887204505e-01 -9.261880667914501597e-03 1.516239614216052245e-01 3.039360234910074010e-01 8.742509191987417327e-02 4.437133941238417811e-02 1.045230143700995318e-01 1.547760011595644136e-01 1.417958923366110235e-01 3.353760661719062952e-01 2.878999943982155085e-01 -1.655390604108840924e-01 -2.553120476014037951e-02 -3.918343635681259540e-01 -1.354290055669026549e-01 2.772114029709003002e-01 1.777163264523292374e-01 -1.128846207473862134e-01 1.136609620452642411e-01 4.867960869111108702e-01 5.453885007565334453e-01 5.250255004969577310e-01 3.454045448680243546e-01 4.264456891473894506e-01 2.286700334531325818e-01 1.622541395914000317e-01 2.542130372214638778e-01 9.732091819844009006e-02 2.365500797750317297e-01 5.285098942970302416e-02 -3.877061795245559939e-01 8.236259296589654166e-02 3.113056079925884956e-01 -2.943845918344677529e-02 3.319111351652510034e-01 3.573664345341606707e-01 3.560967891901629656e-01 1.162399489759968346e-01 1.344381051207133582e-01 -1.836277061535044469e-02 -9.003955189248775970e-02 1.197616076415330688e-01 -1.930169896294714749e-01 -2.165346020470165778e-01 1.702750789104244267e-01 7.368408087586729438e-02 -4.752975184043162216e-02 9.249935819080377930e-02 -1.273505331560079168e-02 8.104369125551763586e-02 1.975431489231370685e-01 -1.851671173958662209e-01 3.988793175538876135e-01 1.543731757174501285e-01 2.440110817788704589e-01 -8.729661015874693591e-03 -1.211012211044266290e-02 3.130071054391949520e-02 -1.120197883738626408e-02 3.130239602892702644e-01 3.245747250328132050e-01
-2.864379862105382313e-01 6.064206858233804273e-03 -1.774921341705341105e-01 -1.045701821968113149e-01 -1.104510833613101817e-01 8.377738356066385950e-02 -3.507573556090767819e-02 -1.475281609792453846e-02 -4.323909268741316092e-02 2.552338918983108607e-01 6.338881596956101871e-01 1.000000000000000000e+00 3.074081485842612982e-01 1.350439322877403647e-01 2.291900723778291515e-01 -7.975534714112118839e-02 3.382031746971458364e-01 -1.297277631152124189e-01 2.131797544953851695e-02 -1.066070208973657479e-01 5.097325848080168365e-02 1.012078457524931141e-01 1.538578641715855067e-01 5.079097235580281033e-01 3.777269425576179063e-01 3.778021828860159137e-01 1.742544468104628708e-01 1.836538865899931539e-01 1.732837942092057271e-01 1.361771076024808069e-01 -5.378643915065563219e-02 -1.332353087115936974e-01 -1.786347719322644856e-01 5.222696439495558285e-02 1.585885237029249495e-01 -6.519750849658687009e-02 8.465415157249110700e-02 -1.152041947243205855e-01 1.168722475115124698e-01 9.735218671319337269e-02 -1.370199741390570325e-01 3.798591328348498858e-02 1.683137146798090733e-01 4.805565676509145762e-02 -1.143502064912716720e-01 -1.450846636015099174e-02 2.576694228477076007e-02 1.819863138307169920e-02 7.720886023693766809e-02 8.074010630723454929e-02 -1.678825003477747713e-01 -1.538443712523371310e-01 -2.294563136111579527e-01 -1.049159450307507041e-01 6.883781296370990177e-02 -5.202770199737385276e-03 -1.373232043688466242e-01 -4.791553894812282388e-02 4.322673731351447945e-01 4.539966549473510304e-01 5.714560222471459783e-01 2.275870860544071950e-01 2.816901304182586885e-01 7.275785041943094722e-02 1.227449753362711005e-01 2.238644631146365083e-01 6.312058766639963570e-02 2.171509743340368226e-01 8.005615040028635221e-02 -2.254930061075769709e-01 5.585713568974764315e-02 2.371701963035534877e-01 1.833736971204270524e-02 2.850727346479467461e-01 5.179827202478816117e-01 4.314174743827416947e-01 1.497820069842782653e-01 1.338334906028201821e-01 -4.486249909850707068e-02 -8.311807361480995360e-02 1.904719266351346252e-01 -2.718115716018708605e-01 -2.079239640699239722e-01 7.224165492599871063e-02 2.269620507430851128e-02 -1.494211191139851735e-01 5.470272322947827837e-02 6.073884569879133694e-02 -5.602909645493316798e-02 1.589382585576361653e-02 -2.121604326667135276e-01 3.534206846941154723e-01 3.084691766832516335e-01 1.309074167963950597e-01 1.302959473304184379e-01 9.830268459226420424e-03 -8.304067613650942259e-02 -3.730940673303912575e-02 1.154428947468480043e-01 1.173644186285126151e-01
-1.729552510859063696e-01 -1.131520744083565899e-01 -2.145157776144124284e-02 -1.292998569404844589e-01 3.287147311877816613e-02 1.745302861366255232e-01 -2.460831573040385689e-01 -1.070077901902082712e-01 1.297047260944498293e-01 -5.690838793063197204e-02 4.457893172904091039e-01 3.074081485842612982e-01 1.000000000000000000e+00 2.820523623630871723e-01 1.895667142901315272e-01 -4.006801119144429713e-01 2.108844119230330882e-01 -2.486541267605300864e-01 2.691968615895991568e-01 -1.122740344809776136e-01 7.125445372689627466e-02 2.644341198781853253e-01 1.675490968053803820e-01 9.536086448387495751e-02 2.102911212490026285e-02 3.158728911107350767e-01 2.382308066446366113e-01 1.871140841738785088e-01 1.414956848179714233e-01 1.880322275676576116e-01 -8.505409122201495684e-03 -2.681078209283168090e-01 -2.301060133118108808e-01 1.140384968241943270e-01 1.964376676694167267e-01 -7.678406672755424753e-03 1.818339265285587036e-01 -2.147028366503848096e-01 -8.274000095952646627e-02 8.579997055169233345e-04 1.619779635518264760e-01 1.623683309425160981e-01 3.194794816816548533e-01 7.264124671025858071e-02 1.785836661530873226e-01 2.231907044056197775e-01 2.755930673316938084e-01 1.768740351386126897e-01 1.533644966173049462e-01 1.936257353544218462e-01 -1.977605036810965999e-01 -1.804532509647755745e-01 -3.883675076966284223e-01 -1.532491182886656922e-01 8.769371018682778351e-02 6.105662839216156879e-02 -2.660503768195787155e-01 -9.068452275759635028e-03 8.514739201882133568e-02 4.696983564332430916e-01 5.271080991977020735e-01 7.799163698085288532e-01 4.857798210014525053e-01 2.185059811413460895e-01 1.245392418465008227e-01 1.684117180580319839e-01 -4.556441978974378609e-02 2.380149788445602710e-01 9.308573347572476897e-02 -2.865520668562503981e-01 5.374512676853251958e-02 2.070547871642761939e-01 -3.926315062213046880e-02 6.635729586376884481e-02 7.971553799740821455e-02 2.968271010854350300e-01 7.134872636431956183e-02 1.711774654776946347e-01 5.561118785959227873e-02 -1.321460160993154775e-01 6.327530235049080853e-02 1.111874230438058830e-01 9.572270576602429082e-02 2.713665299828582067e-01 1.841990614107871793e-01 7.417820731546917457e-02 1.669653703096085351e-01 1.015566702059852583e-01 4.461488766874969342e-03 1.701927581967877523e-01 -8.622008370772453467e-02 6.179321570096967670e-02 -6.132824611857451425e-02 2.028562039322037991e-01 -2.256209703048350432e-02 8.851578683495386901e-02 1.961171297296015470e-01 1.533357669301854131e-01 1.073118117928592435e-01 2.265842127198149092e-01
-3.840675425371820606e-01 2.308728484993232116e-03 -2.330419810931220193e-01 1.070447714231046454e-01 2.290957193716717244e-01 1.358501027102680114e-01 -1.606132507294390777e-01 2.445910309768018487e-01 3.374043083006002530e-01 -2.045162427255288462e-01 3.056785099222263935e-01 1.350439322877403647e-01 2.820523623630871723e-01 1.000000000000000000e+00 7.078925184281860128e-01 -2.401116823959505986e-01 3.074875514161770629e-01 1.734210845068824280e-01 6.351114519664085023e-01 1.178174669227660537e-01 5.918646913634857398e-01 3.596303741930332309e-01 6.859055063200897306e-01 5.289613021817390903e-02 -2.353839266112876805e-01 1.472388071608775051e-01 5.121470478392374792e-01 3.766072363504601173e-01 5.111586687405504925e-01 6.029654373042515614e-01 -2.949817706199227563e-01 -2.938506146131653063e-01 -8.140320427186038821e-02 1.815277253103329547e-01 2.842945120683633697e-01 1.980399111685757566e-02 2.779901485954531237e-01 -3.061710179440803037e-01 2.784185789473937050e-02 -9.772394654041310913e-03 9.901758875680885530e-02 -9.628089744091327881e-03 2.832279280873675059e-02 8.436392128989352035e-02 2.632189579745268238e-01 3.352341109698153687e-01 4.757632927412162038e-01 4.459156262468387810e-01 -3.235230106018780610e-02 1.721903294412397145e-01 -3.142847390797749441e-01 -2.164770126581174736e-01 -2.920018695437036071e-01 1.885154795401745020e-01 1.586995034546477001e-01 -4.361601254053167065e-02 -1.855633245288506872e-01 3.081649728974950597e-01 4.314242087758351184e-03 2.806206444701451197e-01 1.044654054428234280e-01 2.723840470138894077e-01 5.114573951080821912e-01 6.158017547188293639e-01 6.360305566662809440e-01 6.135813856395171406e-01 -1.297434310852217665e-01 5.788607701089008017e-01 4.395456012248732947e-01 -1.200364126451646946e-01 5.433819723050916650e-01 5.456961758614625735e-01 4.820975340187625413e-01 1.093285880592221176e-01 1.862241567196979142e-01 5.620767259584963371e-02 4.988036583883927455e-01 5.610142266057891458e-01 -2.533810765867086090e-01 -3.468941639415112355e-01 2.355652643999520401e-01 -1.889383114951760090e-01 -2.233698820223380122e-01 3.534364117961464880e-01 2.611823588183799782e-01 2.577243255338015349e-01 2.863517134055170721e-01 1.071727962613115703e-01 4.018885447174272429e-02 1.253844522995834210e-01 -2.119955142834534234e-01 -1.270691197687339180e-01 1.460468817705446176e-01 -3.084327313719061742e-02 -4.208978154579796210e-02 1.590332082227627830e-04 1.921593536503806432e-01 3.098824524315574869e-01 -1.750620910348422987e-02 1.243754741800719016e-01
-3.005586810973076006e-01 -2.376633730081871287e-01 -3.899259372746001762e-01 5.116602366214637043e-02 1.327540646673262825e-01 2.323183674832041828e-02 -1.080911882192197859e-01 2.749569652329139635e-02 1.756156127690374213e-01 -1.419969882036395403e-01 2.948271224935999357e-01 2.291900723778291515e-01 1.895667142901315272e-01 7.078925184281860128e-01 1.000000000000000000e+00 -3.225458487088946335e-01 1.837644712257054946e-01 1.316904875450983503e-01 3.718581475492906407e-01 2.320596132057155814e-01 5.492380420824013454e-01 3.326793491349855358e-01 7.348712691704799571e-01 1.211269004894232892e-01 -1.942397648916497077e-01 2.131993140638797912e-01 5.756673507271853341e-01 3.857311056825841189e-01 6.056699539043138847e-01 7.681181148559816929e-01 -3.957737966225963744e-01 -2.457464165383969057e-01 -3.402253694677781493e-02 1.542837705264957782e-01 3.261295429371877108e-01 1.275882747949242946e-01 3.347692862008999626e-01 -3.252433255817011037e-01 8.248609142653529069e-02 -9.275781854307189531e-03 4.263075347714641306e-02 -1.431842133091765501e-01 -9.567075896355758946e-02 1.825656137897017361e-01 2.296926481858138913e-01 3.834066029619920823e-01 4.818895330747896000e-01 4.942602528870472245e-01 -1.028866422482500459e-01 2.109143332351078870e-01 -4.117230137973182380e-01 -4.000233399991218741e-01 -2.966192595876621652e-01 1.687531803855457924e-01 -5.709490226343579521e-03 -1.631679937017049553e-01 -3.193094218392383832e-01 1.037741224111985577e-01 1.398769789733685653e-01 3.925731426016437764e-01 1.881672433338474060e-01 2.337855220337978213e-01 5.733263663869558879e-01 6.442133894487483969e-01 7.659507685568180957e-01 8.621142314136055473e-01 -2.187576864645969510e-01 4.339380654014844407e-01 4.792788668419858955e-01 -1.524819846582994576e-01 6.594571563350059007e-01 5.518190020343471947e-01 5.890149483717216361e-01 1.184902992067461414e-01 3.212957642425671723e-01 1.860065721038107467e-01 6.071194549900628123e-01 7.234656929676877013e-01 -3.411099727662509906e-01 -3.777852801538875704e-01 2.787446485850065270e-01 -1.937177543719817152e-01 -2.828204539429275965e-01 3.324934362982284730e-01 3.904548285744547376e-01 4.024814288504875992e-01 3.773896481765172117e-01 1.766488757869655035e-01 7.114340367908514318e-02 3.413239067350334888e-02 -3.381596774330689614e-01 -1.770458998882280255e-01 1.963454981576324421e-01 -1.023928834944750482e-01 3.609372626724557248e-02 1.290222947104508744e-01 1.655396182050574427e-01 4.389771237491094102e-01 -3.478665938046701656e-02 1.686806721336948367e-01
