1.000000000000000000e+00 4.062934100932921039e-02 3.278704272384069807e-01 -6.807671709735593768e-02 -3.394704395878090503e-02 3.580840438718767560e-01 1.535963153179359386e-01 2.664285137157630379e-01 1.458805038107090779e-01 -1.091858487925053550e-01 -8.701680220491522788e-02 2.465263627438696314e-02 -1.252736180301268487e-01 -1.706533384373755124e-01 -1.537892141968024429e-01 1.543080534906407682e-02 9.196902717717109557e-03 1.390039215164798891e-01 -3.730321508169389538e-02 2.731818417943619390e-02 -2.670303562172492845e-02 -5.956631759873914911e-02 -2.254708499171321212e-01 -1.567175266756813401e-01 -9.364193933177202001e-02 -2.223900896406947464e-02 -1.784676669545740557e-01 -2.344641833073602966e-01 -6.885739621484039674e-02 -2.685823898171927349e-01 2.400283651515751685e-04 8.281410425056472124e-02 -1.271877270749373623e-01 3.165825774451291180e-02 -1.316504290905136654e-01 4.414559199712232707e-02 -3.482962618946404409e-02 1.468545034794319915e-01 4.145178278633176311e-02 1.443145384874403025e-01 -5.707453722260597689e-02 1.926112073804475966e-01 -8.356040443638654280e-02 -6.321138630182145113e-02 -1.006273032302018727e-01 -2.208666177067424852e-01 -2.471720262303913063e-01 -1.955125337862068657e-01 2.521918620262846855e-01 -7.504077249698921925e-02 4.476077760621708368e-01 2.663705468307177582e-01 -3.375129722534071786e-02 -6.795589384262126775e-02 4.708477050161895966e-02 4.646438149295689102e-01 9.795453186305791426e-02 1.623127343289122726e-01 -7.126769019496023705e-02 -8.800175289500430931e-02 -1.630654084915741930e-01 -9.885786247187793030e-02 -1.605923991210864432e-01 -1.569831862116061738e-01 -1.077017103062722914e-01 -1.598031152352559214e-01 9.902094737691462256e-02 -4.611599747221367673e-02 6.530870067107746868e-02 1.130649732373347621e-01 -3.103469658357908140e-02 -1.132497557679460615e-01 -2.574933977598109491e-01 -5.172327867964096604e-02 -1.061818741740986616e-01 -2.411568189256121236e-02 -4.437691523245471809e-02 -2.609474626207260450e-01 1.530911599704309067e-01 2.445831912866746824e-02 -8.958903186643364658e-02 -1.549884808260840463e-01 -1.048341693183260231e-01 -1.494842281937998896e-01 -2.360657863997104311e-01 -2.681731980120739545e-01 -3.961388433284489252e-02 -3.002560205432209250e-01 -3.095090320046113910e-02 -5.946824512800458207e-02 1.031990231757470983e-01 -2.047801135798264505e-01 -1.090355310482403334e-01 1.879936933633608032e-01 -1.492665404921091898e-01 1.816693369987776654e-02 -1.995715794071903637e-01 -1.891765368494526256e-01 4.449994548037261022e-01 -2.074099519579130149e-02
4.062934100932921039e-02 1.000000000000000000e+00 2.584732193324442151e-01 6.291621499388296845e-01 5.279778796320739875e-01 1.329157168345116435e-01 3.802600042854454854e-01 5.057417391611298552e-01 2.932976542802566700e-01 -2.121168949651586477e-01 -5.928334126963654555e-02 1.222562938961892914e-01 -1.616601549494714463e-02 6.130034339656754289e-02 8.474024828436806100e-02 6.299204353694140002e-01 6.091539549826423955e-02 4.790680220449310966e-01 3.920135827129520717e-02 2.306116614896815409e-01 1.068905350835580165e-01 1.264690332456405719e-01 1.128363911063984815e-01 -1.480015042388226620e-01 -1.993577876406075755e-01 1.304054718610715979e-01 1.467846654959148733e-01 -1.878022053300424168e-02 -5.776109269652398431e-02 1.315860096436347604e-01 -1.124576041486134298e-01 -3.363327436670086878e-02 2.845405713047210461e-01 1.619311010184110167e-01 1.227133992516020178e-01 2.609028095683501580e-01 -1.732650486899129857e-02 -1.418077367137358102e-01 8.556416033007630331e-03 -4.357716646421888607e-02 4.391853827122594450e-02 -3.705687220569964246e-02 1.018926072446845604e-01 1.936276254760934193e-02 1.693563060166097256e-01 1.490820441834884991e-01 8.254250902740940810e-02 1.133645688002995061e-01 8.825600490733985851e-03 9.836400852619271717e-02 2.250919793099112332e-01 5.973420470243714364e-01 5.224765004464343443e-01 4.751584741101185783e-01 4.052888861601159354e-01 2.976146285460238780e-02 4.329911971184824959e-01 3.467964886796519042e-01 -2.813549390616946755e-01 -5.649466174799819274e-02 1.303636835827056816e-03 -2.145510017403647052e-02 -8.031178966267707442e-02 -4.155158364040453106e-02 1.716239610865092080e-01 8.832228808881883997e-02 -3.441681597384943503e-02 5.819417521179404834e-02 1.894372318465241956e-01 3.647212606987151884e-01 2.190134195951361495e-01 1.642683736747126699e-01 1.246468879093366317e-01 -2.323455677043185230e-01 -1.179392210894789766e-02 2.472373644016591376e-02 -5.979707282799331253e-02 6.193770314911030417e-02 -7.913443628711910871e-02 7.143173257442192448e-02 8.344471133921237127e-02 5.252647083663890271e-02 1.409799720475617135e-01 1.049320500699835040e-01 9.055862074816943552e-02 4.432421265679899192e-02 4.479182996894816998e-02 3.271586854166563807e-02 2.632062940522035821e-01 -1.258418858469250168e-01 2.016287058043340907e-01 -1.026462903729385978e-01 -7.536771699717931261e-02 -7.545756755280486061e-02 1.161170568762717320e-01 1.149620562866507795e-01 2.081407665165778409e-01 1.697746133188110518e-01 -3.099427546386011173e-02 1.217103789038786188e-01
3.278704272384069807e-01 2.584732193324442151e-01 1.000000000000000000e+00 1.461173664559368146e-01 1.942554769876580489e-01 6.019462573976616104e-01 4.587671289542860631e-01 4.867253854370103272e-01 5.547831973069200506e-01 -7.237130286048741590e-02 5.673705783177380828e-03 1.028949732516950544e-01 1.084799959605217551e-01 1.636823418823035725e-01 9.321486030012754442e-02 2.525586707738097791e-01 1.768825237618550372e-01 4.275583232973922954e-01 1.410943220894504968e-01 3.885510276901124604e-01 2.571247329674328230e-01 3.571494847499662173e-02 6.787057132705213991e-02 9.549828295791913668e-02 -1.323090875558535495e-01 1.351332631633798687e-01 1.501331713188297223e-01 1.099829170243570020e-01 2.720523469570935715e-01 4.662637540121899321e-02 -7.012485185743689035e-04 -1.069338428602107684e-02 1.727626484053353118e-01 2.590660567657734337e-01 8.932454616955580462e-02 4.105970371495164528e-01 2.906556660164084649e-01 -1.871619090085107143e-02 -1.335396334313700972e-01 1.323539917688662873e-02 2.871695590592891409e-02 -4.416435116331587224e-02 1.234730626809513176e-02 1.881141012435279536e-01 2.705715827577540589e-01 1.301685895350836730e-01 6.472476983015799414e-03 5.219250640324191864e-02 2.200723855177739163e-01 2.422546973528252046e-01 2.937597178423805855e-01 5.027352908864606285e-01 3.347857352120692243e-01 2.051160608623041892e-01 4.691755385123473343e-01 5.241148149116422461e-01 4.314193369915494958e-01 5.299601527263969603e-01 -5.121239174747965750e-02 9.707971086417489792e-02 5.749205395499637494e-02 1.502322502130673254e-01 3.260396996135147413e-02 8.295409114621928037e-02 2.390318973018717708e-01 2.230274566345465462e-02 2.704682017466028543e-01 3.000315253039562147e-01 3.270933359027006215e-01 3.836725127863853113e-01 3.064853126653882542e-01 8.945272933993943243e-02 7.982513876263587840e-03 -6.359888742108772697e-02 1.173870828884192447e-01 2.002482419986644224e-01 3.209406811738756971e-01 2.493253171277910740e-02 3.250128074088799446e-01 -2.228661867680639674e-02 2.244593004431731653e-01 1.334846532984282907e-01 2.425874016085006191e-01 -1.110806967725824768e-01 8.974096091508326767e-02 -1.775570750258814445e-01 2.901208599320226345e-01 2.785228692615204782e-02 2.806413800957717752e-01 1.580444723378786331e-01 9.956758981342034298e-02 -5.106289846535852495e-02 -1.737212928381133836e-01 1.540586903912359584e-01 9.572272925104691188e-02 2.035125863096918508e-01 1.541343323441022317e-01 1.652858660933268220e-01 3.564912371181074846e-01 1.776641845989859470e-01
-6.807671709735593768e-02 6.291621499388296845e-01 1.461173664559368146e-01 1.000000000000000000e+00 4.700995006258946729e-01 -4.192766121521443456e-02 3.779513238285823196e-01 4.774780167522830188e-01 2.096460888762313179e-01 -1.769825312547296525e-01 -9.839873600125755015e-02 8.079192222193887218e-02 4.698525725589161595e-02 1.756310912523231516e-01 1.602727351272792422e-01 5.771351639731812089e-01 1.618899587867171086e-01 4.673559483490254407e-01 1.633635765830006303e-01 2.440393925553568655e-01 9.123218860497198102e-02 2.892982969764351653e-01 3.090837044385315036e-01 -3.660055586464944916e-02 -1.454850180218498212e-01 2.112659284812286320e-01 3.701925359244306879e-01 2.216095935177042620e-01 2.618803078111122534e-02 3.024433308576121027e-01 -2.422118633333723015e-01 2.936576836908627239e-02 2.503495206516188620e-01 2.307935117477629972e-01 3.135314197844241146e-01 1.417404871761999419e-01 1.352695945330175398e-01 -1.612991799048827946e-01 -3.078694706104142045e-02 3.966974156049051653e-02 9.728817249058993588e-02 -9.988417566460315589e-02 2.354605953624991921e-01 7.849720558949695171e-02 3.233566398233322370e-01 3.103715264487914016e-01 2.738365359437515689e-01 3.053754219403909675e-01 -1.864861768345564275e-01 1.270569022733829267e-01 1.820106558081383274e-01 4.217481769404601843e-01 5.786382489576689103e-01 6.157002789516117236e-01 3.025119402044507688e-01 -1.171517096991986362e-01 5.240380574931475799e-01 2.898015546874768145e-01 -2.191458425370136631e-01 -4.961778666272503163e-02 -3.786870693589108883e-02 2.680923904069744054e-02 3.615891587848898275e-02 2.763835926425652761e-02 2.689701025299797710e-01 1.377248290748192272e-01 8.710335998314991390e-02 1.642671489201182888e-01 2.628750602824884708e-01 4.004547985880059224e-01 2.088789418126223985e-01 2.612641127202030567e-01 2.845407448189530841e-01 -1.773785818903704237e-01 9.667655310135833679e-02 1.435068477954597743e-01 2.414984763129881043e-02 2.922031709864320037e-01 2.402064548986183184e-02 1.213755210951440455e-01 2.480483891669715280e-01 2.021338557485690413e-01 3.203921869640133924e-01 3.224845747843987365e-01 3.077187725662886564e-01 2.594872560971399067e-01 2.042615934985525794e-01 3.045405352633238638e-01 2.517294881823949892e-01 4.359776393817618029e-02 1.798657071731706580e-01 -2.605624457574981165e-02 -1.024632070230430542e-01 5.075448703647973681e-02 2.444471417948665404e-01 2.385949856344574682e-01 3.861574191052214999e-01 3.159565149192950506e-01 -1.377286230244849086e-01 1.755201722652849905e-01
-3.394704395878090503e-02 5.279778796320739875e-01 1.942554769876580489e-01 4.700995006258946729e-01 1.000000000000000000e+00 2.415710120221269963e-01 8.175628918839987491e-02 3.451604576981111561e-01 5.101739240337969106e-01 4.460895139497921685e-02 1.698701192505206459e-01 2.411671709296514809e-01 5.877181730819440453e-02 1.878155805324573380e-01 2.346468764006337249e-01 4.597834601115668440e-01 1.399433505809447378e-02 3.842146110074697307e-01 4.104308713392434277e-02 3.848806850330266371e-01 1.956488983005210680e-01 3.203656919720058310e-02 2.144340251960633326e-01 -1.430311980545881032e-02 -9.817147218879172799e-02 2.094015191946237975e-01 1.842109281338668303e-01 1.153040844446937968e-01 5.603648193215868267e-02 2.607501040562976158e-01 -1.021201532494394604e-01 -5.790233641744362003e-02 3.874575982559992360e-01 2.112486458338152240e-01 1.889191341104077271e-01 4.066820322100295204e-01 1.309259346253086043e-01 -2.287146834750334312e-01 -2.061079693824491299e-01 -2.617987350555535664e-01 -8.841828575058773010e-02 -1.245506385009583633e-01 -2.308144291927583663e-02 1.899324000828088443e-01 3.723742483944426640e-01 1.148804221783059631e-01 8.228777981586681001e-02 3.449961778423207837e-02 6.245027753607997750e-02 4.690726771885629642e-02 1.844454382067556575e-01 3.038458026242533139e-01 4.691996861255549045e-01 5.392434664766965202e-01 5.290381190120314603e-01 7.094843091907961086e-02 3.752370180968360169e-01 4.411810359226190359e-01 -8.805737507392769406e-03 3.126110378156977121e-01 2.311307466422597157e-01 1.249054014883810987e-01 2.107237125036282577e-01 1.442888536913476960e-01 3.024194810176430437e-01 2.560359941762850311e-01 -1.577013941997326696e-02 1.789594691836064178e-01 2.569537429682112184e-01 3.330730849372431912e-01 4.300235888899593406e-01 1.242825851704991436e-01 2.614868625649412470e-01 -1.336954468631310899e-01 3.524011817224344534e-01 3.126648373877377041e-01 1.472153201952744739e-01 2.628106925556942253e-01 5.561309116543617509e-02 1.440354014208643750e-02 3.455575041068668085e-01 6.981757192712657878e-02 2.437920539947496801e-01 6.899021384566236814e-02 2.231278332036982504e-01 3.491367919841748685e-02 1.958944819376711999e-01 3.291701091287366904e-02 3.775037649843421272e-01 -8.243937609165537250e-03 1.093315340120766532e-01 -6.513558619399174854e-02 -1.307281512865752504e-01 -3.807900906569030436e-02 1.630385551586894799e-01 1.305057913786730195e-01 1.889446224260257767e-01 1.415999472722961616e-01 3.434126719612584167e-04 7.230117619206194446e-02
3.580840438718767560e-01 1.329157168345116435e-01 6.019462573976616104e-01 -4.192766121521443456e-02 2.415710120221269963e-01 1.000000000000000000e+00 3.918766086783429525e-01 4.361711778909763138e-01 5.807977971747353418e-01 -4.035792297639345660e-02 1.832707196488386481e-01 2.364016905419755732e-01 2.120688672821303966e-01 2.171385037602628909e-01 2.941089534061262500e-01 1.591501442451190018e-01 7.013731100730921653e-02 2.508805231322659424e-01 2.190535910256530380e-04 3.486891376028322664e-01 2.529574550991550708e-01 4.778494389599616254e-02 9.511164683716907819e-02 6.118612497674255635e-02 -1.407613381811047004e-01 1.729683128162262662e-01 5.191423573587928414e-02 4.586297791914404481e-02 1.958684231084376892e-01 9.887057603118190596e-02 -5.678083938170018496e-02 -5.470691472263130434e-02 2.098615547490383371e-01 1.311410534181695897e-01 7.878925507519785043e-02 3.864726921798569692e-01 8.580435722218147931e-02 -1.230098010628360170e-03 -1.508697022281802469e-01 5.656766150344977317e-02 4.698543656819121131e-03 1.073951917481397456e-01 2.867038738634753239e-02 2.538853181164932304e-01 2.130813252883976272e-01 5.157835456492450982e-03 -2.538844366478758274e-02 -2.522756056997035520e-02 5.255980139595243239e-01 1.292644818458980882e-01 3.120394584623346623e-01 3.968670331439542176e-01 2.334187354191966934e-01 6.111673880043672069e-02 5.044746448002657147e-01 7.963949543701596134e-01 2.801120182107538215e-01 4.466615040275932480e-01 -2.232677778601384940e-03 2.086232962858815265e-01 1.460507529825235962e-01 3.224069447888994744e-01 2.820915389084861502e-01 2.958521307145399737e-01 3.072676218316724439e-01 2.992069295435361709e-01 2.691279529225764633e-01 2.433863822196243032e-01 1.784988261475735638e-01 2.254979092639217975e-01 3.542348200753000498e-01 8.950770047372548499e-02 1.158684915318757523e-02 -5.800087867044320666e-02 1.273921475351530719e-01 2.083246965232998793e-01 2.946033887807962826e-01 6.294094422880872064e-02 1.872211613885388648e-01 -8.574450933987008694e-02 9.952769803596912823e-02 -1.953792586689667016e-02 1.858993637084466188e-01 -1.408989450214555850e-01 -2.466211645173253461e-02 -2.146027251791734203e-01 1.755563799562197547e-01 -2.100640155196323022e-01 2.346967791407479353e-01 -3.578791432161990832e-02 2.606088198324632219e-02 -1.535474220594844619e-01 -1.192258837676537231e-01 1.345046966354759288e-01 9.081369266489687508e-02 1.927919119366447442e-01 8.281977539848951395e-03 4.180848970297430800e-02 5.355120252771236045e-01 8.747739466479119430e-02
1.535963153179359386e-01 3.802600042854454854e-01 4.587671289542860631e-01 3.779513238285823196e-01 8.175628918839987491e-02 3.918766086783429525e-01 1.000000000000000000e+00 5.638114626952470676e-01 2.940557991808370186e-01 -2.033911840672270877e-01 -1.932862601765505672e-01 4.086497345554614830e-02 4.094604147060972726e-02 1.029032356614404814e-01 9.968984688598181432e-02 4.477760381296326808e-01 1.340077889270677447e-01 3.928517464331576781e-01 4.130128454294048485e-02 2.946013387779655712e-01 1.164507064170350048e-01 2.737284770116488741e-01 2.902211237359786367e-01 9.467838612605522508e-02 -1.418409773012768438e-01 1.348674861680744241e-01 3.070558405569918103e-01 1.509964608794579499e-01 4.967154430705758572e-02 2.502593397980896195e-01 -1.270774616692868508e-01 -1.949479131702114287e-02 2.204224227162357441e-01 1.746383162407050271e-01 2.637446642668471175e-01 1.645326739104704394e-01 2.562630164048480125e-02 1.924690391769171005e-02 1.246033977418095906e-01 4.443898153847703481e-01 3.266672156444561659e-01 -6.254855835887970783e-02 2.849111028436325799e-01 1.460444160139974801e-01 2.015055968560723054e-01 2.934790186901493625e-01 2.816077740393296280e-01 2.755169182608596112e-01 2.225447828554941998e-01 2.683308911238698746e-01 2.689826246458110193e-01 4.339262922987807691e-01 4.476674481461030974e-01 3.208048457378390173e-01 1.991020311015924693e-01 3.215876880272625082e-01 4.878664861133590880e-01 3.084737584230241580e-01 -2.480313525153313436e-01 -1.996703641118077466e-01 1.023662452895171288e-03 7.756932844181818609e-02 -6.677603764443600098e-02 -5.565632507415142934e-03 1.959974525242013654e-01 3.943931842670616444e-02 5.230002877105256465e-01 1.437785075177883953e-01 2.003127728210023495e-01 3.142363373014951389e-01 1.380986558569092526e-01 3.002138884714180000e-01 1.361531597501398627e-01 -8.545328047130308809e-04 -6.417145348213323941e-02 -8.904664972452945929e-03 6.918575823168783556e-02 1.363816539549174700e-01 7.796325757489999274e-05 1.376221504605793129e-02 1.329550657871844399e-01 2.435823349421466222e-01 3.139379876234403843e-01 1.187783950537956157e-01 1.771655477261163403e-01 9.204453757445482665e-02 6.739410765370359990e-02 1.246358055352726341e-01 2.280056773924282743e-01 1.358262484018407101e-01 1.589293053795764743e-01 1.654574876620194465e-02 3.522824986548018372e-02 5.650147857895981146e-02 2.963630898756676735e-01 2.348553810996399094e-01 3.253850330825334702e-01 3.127159740636875074e-01 2.738406127747785024e-01 2.677600780684423198e-01
2.664285137157630379e-01 5.057417391611298552e-01 4.867253854370103272e-01 4.774780167522830188e-01 3.451604576981111561e-01 4.361711778909763138e-01 5.638114626952470676e-01 1.000000000000000000e+00 5.525283864280005064e-01 -2.042266069323183941e-01 -5.493218605227034868e-02 2.178103104694664172e-01 -6.684205051653082123e-04 7.541790771020007167e-02 5.923427246419012832e-02 4.520684958317545132e-01 1.724407239644287770e-01 5.863400708528300198e-01 7.833171577043281097e-02 3.492508688012789242e-01 1.743004163799983797e-01 2.010178700171917354e-01 1.777763911364904637e-01 -5.699776617316474475e-02 -1.830935452034680999e-01 2.567990957934974117e-01 2.144505533644729955e-01 8.170205687356402180e-02 2.673043619932350540e-02 1.307190853409975762e-01 -1.882007136316679596e-01 -1.634660104834725555e-02 1.432213547598825687e-01 2.699457334740752446e-01 2.053761500147798791e-01 3.665871308021397823e-01 9.380568193534433163e-02 -1.037519600534434761e-01 -1.550053172973031058e-02 1.159733407471254391e-01 5.130222161303445855e-02 5.415291264088839367e-03 1.439322120850359266e-01 1.112372463906740327e-01 2.199326143736939909e-01 9.374125302759109268e-02 7.492314526525255258e-02 8.891170077297091967e-02 1.064913731215088311e-01 1.288367412553166891e-01 2.928138614952445762e-01 5.576433494141850300e-01 4.856758972268860886e-01 4.618720236505050591e-01 5.032973385996566407e-01 3.069548250172228210e-01 6.487821657073106207e-01 6.329941305034482157e-01 -2.267928124984337213e-01 3.906470525497832136e-02 9.373585303277034986e-02 7.934538474722253876e-02 3.731058199881439469e-02 3.264022972768811093e-02 1.986104669067322581e-01 1.283101002357255223e-02 2.157500727309411281e-01 1.981824399816954074e-01 2.854451564339935965e-01 4.339828359418773651e-01 2.172282760913966382e-01 2.394355502149509707e-01 1.341353848789210712e-01 -1.163061981753466950e-01 7.260682914802359111e-02 1.880524176336087483e-01 3.272668608883633895e-02 1.027673795537650536e-01 2.569259606833273341e-02 -4.564572049862405945e-02 1.397780621586949268e-01 6.093977649593675106e-02 2.865661236042862381e-01 8.065462614424788457e-02 1.134430970502721958e-01 -3.688928669854659587e-02 1.523507302436989952e-01 5.188788056707473867e-02 2.719681983982766282e-01 -2.541938441664513826e-02 1.270265187798727269e-01 -8.527680643615163925e-02 -2.630610839694882963e-02 1.013925263007354471e-01 1.810694678666276147e-01 2.246050874284281629e-01 1.538975840422852903e-01 1.649208172770723901e-01 1.935029456118030067e-01 1.257565856889367450e-01
1.458805038107090779e-01 2.932976542802566700e-01 5.547831973069200506e-01 2.096460888762313179e-01 5.101739240337969106e-01 5.807977971747353418e-01 2.940557991808370186e-01 5.525283864280005064e-01 1.000000000000000000e+00 8.621056081118833037e-02 1.811057724935523638e-01 2.204172192864312096e-01 1.229555339590658741e-01 2.330768721331926696e-01 1.875365082678110973e-01 2.549773632553322122e-01 8.849983845116911330e-02 4.842899580968175743e-01 1.173446893696564602e-01 5.076468938032527856e-01 3.048481465061240181e-01 4.058133807125851450e-02 1.498369416923541475e-01 2.523023867257242689e-02 -9.170006845750580671e-02 1.770012400667530794e-01 1.727869390079076195e-01 9.639872171100721809e-02 1.771186897728151410e-01 1.590001706591698261e-01 -5.201276297673002730e-02 -2.699450992372938798e-02 2.204669089209548571e-01 3.238840215893677432e-01 1.691321686788569700e-01 6.789814225176125095e-01 2.121372565928210940e-01 -5.131540139840699843e-02 -8.919464139139365866e-02 -1.274977635694612144e-01 4.312784573757762890e-02 -7.318669140950706531e-02 9.762753540921946874e-03 2.506434244426923863e-01 3.936178740536634413e-01 8.372895930501562944e-02 4.090044791442114247e-02 4.079484816814644282e-02 3.410058458810834026e-01 2.138451150680427959e-01 1.597682465251449302e-01 3.094521022101731633e-01 4.064156433099002652e-01 2.656092613051415641e-01 5.671884584556459163e-01 4.475349100315604844e-01 4.542613676985353122e-01 7.833820451988793288e-01 4.252913056522274367e-03 2.894630585926146749e-01 1.385670474292754750e-01 2.189311626858442827e-01 2.077624870845664051e-01 2.616774167159606201e-01 3.116939908754533528e-01 1.838937921454947277e-01 1.819963658983249077e-01 2.739707691515551602e-01 3.147247599849813393e-01 3.745533910054295035e-01 4.238699337574035053e-01 1.379489308934352954e-01 1.614741152637289290e-01 -9.058489986976082931e-02 2.224009491122053983e-01 2.745665148536112765e-01 2.415603740710569602e-01 1.222447167999676371e-01 2.182158577833567814e-01 3.143027408800264100e-02 1.567688724689949020e-01 8.780826569996075248e-02 2.678294796773344477e-01 -3.300914747098941671e-02 1.476670342379045042e-01 -7.793162989020956111e-02 2.538506203322040133e-01 1.727635876835589140e-02 4.227600334982874464e-01 3.157610692403865771e-02 4.111343216413743812e-02 -6.549079296568420527e-02 -8.611331255141525809e-02 -4.484396112850008026e-02 1.115809431914401295e-01 2.090460583238770986e-01 9.769568636743010404e-02 1.277915518916911131e-01 2.887851519107986209e-01 1.409894100452324939e-01
-1.091858487925053550e-01 -2.121168949651586477e-01 -7.237130286048741590e-02 -1.769825312547296525e-01 4.460895139497921685e-02 -4.035792297639345660e-02 -2.033911840672270877e-01 -2.042266069323183941e-01 8.621056081118833037e-02 1.000000000000000000e+00 5.791736021616781249e-01 3.253397473096803494e-01 1.011842447091179237e-01 -2.152684782936029745e-02 3.444881153865445716e-02 -8.247902993379459258e-02 -1.882466331588136532e-01 -2.100067100177360757e-01 -1.231205314547026280e-01 -2.831771814002266574e-02 1.167178416949310321e-01 -2.251356811239374200e-01 -1.252991426974058020e-01 3.867655218899322955e-01 6.303005026486866447e-01 -1.764541746317839022e-03 -3.423925332122799980e-02 6.785616405250605165e-02 9.166792571735297990e-02 -2.481629379373384223e-03 1.963631340795793656e-01 4.058328504128745351e-01 1.066030057710878332e-01 -3.645487367751051866e-02 -1.237206324365015819e-01 1.846429945325800404e-02 -3.305653467432013298e-02 4.603505805665347173e-01 1.682815772378818409e-01 5.523521146595793130e-02 1.418820576947328049e-01 -8.566401863331707389e-02 -1.324834354393259750e-01 5.223372391452705404e-02 6.087766204440679674e-02 -7.338744111296811867e-02 -1.188460382798279258e-01 -1.791780923933665171e-01 -3.344351699649149301e-02 1.159435956484278080e-01 -9.148357317229582897e-02 -3.291503295787636674e-01 -1.239224163825623781e-01 -2.142627015355077769e-01 1.981742349713578114e-02 -1.173663024495564255e-01 -2.636554910343971714e-01 -1.176943803448600723e-01 6.559517866652150309e-01 4.447664621456764444e-01 3.048614032903378956e-01 1.557530602780164142e-01 4.720761473383121298e-03 1.549062133548225438e-02 -3.414729111698792952e-02 7.969181575521337713e-02 5.900593136785531323e-02 -2.285260253640112593e-01 -5.195477180626664748e-02 -1.414250716559770360e-01 7.207008447184400091e-02 -1.181218519397105315e-01 -2.230044708173160514e-02 3.357123671877683679e-01 3.560510045015413683e-01 2.154459636630572106e-01 1.232453173971834876e-01 7.017885485217834063e-02 1.902806927509002877e-01 3.314761480925731418e-01 5.244529628812627520e-02 5.503659674270187235e-02 -5.576927864960103121e-02 -2.255390121205451404e-01 1.814541683849087150e-02 -1.381510086428814621e-01 -3.364031814091411002e-03 4.819937864780684394e-02 6.137521774847280471e-05 2.773463105084711389e-01 8.673357792051449022e-02 3.347292076880860057e-01 2.960725298698131946e-01 -7.837201091726028745e-02 6.246846893076810764e-02 3.830173358881155260e-02 -6.533067347357224275e-02 -7.187338472995728755e-02 -1.064717328405987845e-01 9.609514780207513429e-02
-8.701680220491522788e-02 -5.928334126963654555e-02 5.673705783177380828e-03 -9.839873600125755015e-02 1.698701192505206459e-01 1.832707196488386481e-01 -1.932862601765505672e-01 -5.493218605227034868e-02 1.811057724935523638e-01 5.791736021616781249e-01 1.000000000000000000e+00 6.211332902275942258e-01 3.092936760040437827e-01 2.286501733831584060e-01 2.919489103189759627e-01 -2.443935459015244421e-02 6.419432011631434620e-03 1.984152631834304806e-02 2.215377865302720073e-02 1.202542276581527736e-01 2.238438910533546711e-01 -6.681093882697844433e-02 -3.133594191739285523e-02 4.093485651434830563e-01 5.173198838992901782e-01 2.309387062620506248e-01 8.274018438809321516e-03 1.476760794925810749e-01 2.035096484833013863e-01 7.264133839900031864e-02 8.583400346672612202e-02 2.238999208176654931e-01 9.755989266333560395e-02 5.158956406772290115e-02 -1.835556842552812928e-02 1.974769647646510140e-01 1.352812553048267641e-01 1.449748852109398189e-01 -5.828850057861428152e-02 -5.049592389919031754e-02 4.703341185802088764e-02 1.578070904073401171e-01 -1.203441334901115128e-01 1.619148796968275239e-01 1.856351953473562300e-01 -1.104836917704761917e-01 -9.713645069789753062e-02 -1.433776971358513841e-01 1.819948844176572933e-01 1.213099046831272176e-01 -7.576141044574992434e-02 -1.677554430027964616e-01 -3.927011403019112223e-02 -1.005400886540400857e-01 1.906839890550532657e-01 5.510748328991650624e-02 -1.425758796485455948e-01 2.365866663910360171e-02 5.499041762003853417e-01 6.927226743125811659e-01 4.739416798386688612e-01 3.981760363283907700e-01 2.206356243583629251e-01 2.314861114625965111e-01 2.359804333703768298e-01 3.023539612122634890e-01 -1.134067371844571168e-02 8.556328696032932876e-03 1.306335784513538989e-01 4.085996828994303831e-02 2.755835863652677520e-01 -2.401770201617717954e-02 2.270717831374981580e-02 1.528010028535436160e-01 5.316379929403389770e-01 4.704960777648012349e-01 2.650518518863381190e-01 1.772429001200983012e-01 2.574088523032394549e-01 1.554853349605271884e-01 2.235360743657208160e-01 1.412534830916126020e-02 3.397718999115764693e-02 -1.268973465767880282e-01 3.444761333643936441e-02 -1.693055067551074711e-01 2.192763559797758777e-01 2.683313655644050874e-02 1.518413169062600154e-01 1.901207606817613693e-01 -6.938221975313772771e-02 1.740771228882355692e-01 9.939221079135876491e-02 1.039679571006503905e-01 1.003755534949029443e-01 1.540726337843322802e-01 -5.284566075601436486e-02 -4.131726143978530635e-02 3.200939424401394451e-02 1.295075684622262191e-01
2.465263627438696314e-02 1.222562938961892914e-01 1.028949732516950544e-01 8.079192222193887218e-02 2.411671709296514809e-01 2.364016905419755732e-01 4.086497345554614830e-02 2.178103104694664172e-01 2.204172192864312096e-01 3.253397473096803494e-01 6.211332902275942258e-01 1.000000000000000000e+00 4.172775837335353510e-01 3.006457216539102362e-01 3.657060476668512750e-01 1.476366067938766902e-01 1.984193014346421757e-01 2.253173514014541190e-01 1.727316703157322220e-01 3.556178932755444944e-01 3.222095568136382204e-01 1.844400864161029330e-01 8.217016704502905222e-02 3.431489562685705597e-01 2.396090593546021663e-01 4.508163200298724305e-01 1.161569423140581536e-01 1.941793020843404771e-01 2.833186598560043512e-01 1.273083943447611277e-01 -1.212672763520154101e-01 3.173441011014311447e-02 -4.148580109509798775e-02 8.722983204761419751e-02 1.204570823633704657e-01 2.739702109383014283e-01 2.157608362951140279e-01 2.251286127785837726e-02 2.365486736825163708e-02 1.252196879187253975e-01 3.030316187582622264e-02 2.025655018280057007e-01 1.195373797813693018e-01 1.358421619751905840e-01 2.269398748367106866e-01 -5.532693093241429494e-02 -2.157962650340794139e-02 -6.051704936993758388e-02 4.989753999949646246e-02 1.152618766847305770e-01 -5.275579998242801300e-02 4.985629391277469728e-03 5.900423451470823699e-02 2.810353434973543799e-02 2.460087729204899210e-01 9.608816088889463036e-02 1.925818285972767663e-02 1.639306786095194590e-01 3.381142232352107868e-01 5.970040746458314951e-01 5.884262689040258287e-01 4.605347712076552913e-01 3.148084059151134984e-01 3.183840677898399640e-01 3.963734444307668858e-01 3.298226032631985660e-01 -4.716343762919092061e-03 1.880601044863166871e-01 3.015314120727589642e-01 1.405647019065996151e-01 4.454128501047469046e-01 2.590635265514835694e-01 1.130251642721184363e-01 1.953857827396005553e-01 6.356357779846031342e-01 5.479575975686247213e-01 3.401669277631437782e-01 2.231875651898751201e-01 1.191089780410960336e-01 -4.933737904575739158e-02 4.350579192360062297e-01 1.193294591959869200e-01 1.957617614172210418e-01 -1.114758509862702604e-03 1.062521292774657317e-01 -8.032212758209747450e-02 2.780640841399730223e-01 7.893076120298965492e-02 2.623414375925054998e-01 2.337340654997315526e-01 -1.805447832390757734e-01 1.013343457589963303e-01 1.203142624335491323e-01 2.120817802218877557e-01 2.583420919487195433e-01 2.449036675192592105e-01 5.132600701008156047e-02 6.645335280898653774e-02 5.604660573273947261e-02 1.623688022616118498e-01
-1.252736180301268487e-01 -1.616601549494714463e-02 1.084799959605217551e-01 4.698525725589161595e-02 5.877181730819440453e-02 2.120688672821303966e-01 4.094604147060972726e-02 -6.684205051653082123e-04 1.229555339590658741e-01 1.011842447091179237e-01 3.092936760040437827e-01 4.172775837335353510e-01 1.000000000000000000e+00 6.492995942471925241e-01 6.026838305141480889e-01 4.618659295369208911e-02 3.718602776481014782e-01 3.840870489350699246e-02 3.585163151223389466e-01 2.063777688943051747e-01 3.716530339547197692e-01 5.589622791804079727e-01 3.630213117577393289e-01 2.190306963256092032e-01 -1.390484059901106115e-02 4.877506486035070310e-01 2.884806570343858012e-01 4.341720070914273366e-01 4.841845412088270351e-01 3.758752202773351647e-01 -5.442853474351880966e-02 -1.787873422327668771e-01 1.135964577366941827e-02 2.908192061189916050e-02 3.650250601576573439e-01 1.076096861273930505e-01 2.494544064799593674e-01 -1.187373137967117631e-01 1.321050950026562802e-02 5.242726513047226561e-02 6.535390394830470698e-03 2.221220808258813073e-01 5.274869644963964266e-01 3.771941488032875545e-01 4.177303012021892359e-01 2.822131483792849616e-01 3.412688048668903740e-01 3.136384803031851409e-01 2.757262023777359156e-02 1.186113952172438146e-01 -1.519900429255311713e-01 -2.716577259486631715e-02 8.262726879167310579e-02 -1.100519558104161516e-03 1.102718333738645501e-01 1.218770095277220272e-01 -2.835641001842693215e-02 3.370011126720685174e-02 2.072280499706753432e-01 2.988407123815352007e-01 3.274854309806536357e-01 7.005470041385126745e-01 5.256885527470526176e-01 5.591498353357958750e-01 5.899171762415655884e-01 5.414885901449822958e-01 6.400933325022072073e-02 3.683548813417126810e-01 1.382338086384092002e-01 5.657166797184680178e-03 4.048614904543272885e-01 4.284391756909861626e-01 2.833328190755181608e-01 4.221799637795187188e-02 3.433083378756104365e-01 3.270058864448213698e-01 5.344404343243344124e-01 3.560768662862841549e-01 1.469016026676856768e-01 -1.690066609800476571e-01 2.392062382189152070e-01 1.324211166823097696e-01 4.365539925376219488e-01 2.129260693664424275e-01 2.939868488666093627e-01 2.047626794312889242e-01 2.862857131756416651e-01 3.053825045497282065e-01 6.648217199319650383e-02 9.724027977500676601e-02 -1.464314601431053742e-01 8.088162965198431031e-02 6.522470631640548723e-03 1.767755673702387509e-01 4.605709566195808069e-01 3.931292589984619057e-01 3.012784856770931441e-01 3.000427068734253799e-01 1.111989201469701198e-02 1.041548564884380995e-01
-1.706533384373755124e-01 6.130034339656754289e-02 1.636823418823035725e-01 1.756310912523231516e-01 1.878155805324573380e-01 2.171385037602628909e-01 1.029032356614404814e-01 7.541790771020007167e-02 2.330768721331926696e-01 -2.152684782936029745e-02 2.286501733831584060e-01 3.006457216539102362e-01 6.492995942471925241e-01 1.000000000000000000e+00 7.422059595314391967e-01 1.018849115933169319e-01 5.021796950855578201e-01 2.240794488047199995e-01 5.388333739887113394e-01 2.876166843828222852e-01 5.086781544413074840e-01 5.115196924711120641e-01 5.955444006964735193e-01 2.488648267399697911e-01 -1.561723989103369625e-02 3.824523214771015645e-01 3.699115638062492328e-01 5.086873362049881830e-01 5.162610392877375887e-01 5.528028782038545419e-01 8.670522421879271746e-02 -1.691679104417544710e-01 1.392847229360419381e-01 3.195959951856598424e-01 4.779478857434121819e-01 2.095222952793977800e-01 4.174841684894452509e-01 -1.748273070130544338e-01 -1.598675377975805056e-01 -9.489989442297264155e-02 -2.583433092564462949e-02 1.171041966500741549e-01 3.406161289215115517e-01 3.988918197880647609e-01 5.104627091761976265e-01 3.781397380030799282e-01 4.660036803602507494e-01 4.441001167521934079e-01 -2.302185691855333435e-03 1.325067062418838204e-01 -1.601407410561694333e-01 -3.625793384329011743e-02 2.255888318125986447e-01 1.311382733507965859e-01 9.683681023641670105e-02 1.200175806494769432e-01 8.052773718754088761e-02 1.436122633318216157e-01 8.182966128618257562e-02 2.697460196056147841e-01 2.637253398106678137e-01 4.725673125505321925e-01 4.686610893158590918e-01 6.638171702746495928e-01 6.515258293904883091e-01 6.582558105085709599e-01 1.328337750580015075e-01 5.422306206874998313e-01 3.964123325801037212e-01 2.078766914715593217e-01 4.767280377786577983e-01 4.029616682185439558e-01 4.499340209072315577e-01 -4.740843496544262792e-02 3.092450396587592687e-01 3.279613402649323994e-01 5.292141735332938079e-01 4.571860520621534030e-01 2.813636247334823648e-01 -1.977778706947936060e-01 3.243324146752588621e-01 2.623009817191606086e-01 4.935529428650264339e-01 2.668099735187286492e-01 3.909202949926655624e-01 2.527005506097135812e-01 4.242044893248413384e-01 3.605845095352108731e-01 1.211367718061238663e-01 1.284302963504862782e-01 -9.007078399620459253e-02 6.565403137598767314e-02 -9.035850270194123457e-02 1.580090916099390896e-01 3.591895791833061846e-01 3.698273549006106387e-01 3.952615025526611814e-01 4.226443073768265668e-01 -2.046170850551490283e-02 8.928197836781288921e-02
-1.537892141968024429e-01 8.474024828436806100e-02 9.321486030012754442e-02 1.602727351272792422e-01 2.346468764006337249e-01 2.941089534061262500e-01 9.968984688598181432e-02 5.923427246419012832e-02 1.875365082678110973e-01 3.444881153865445716e-02 2.919489103189759627e-01 3.657060476668512750e-01 6.026838305141480889e-01 7.422059595314391967e-01 1.000000000000000000e+00 1.945399645767491303e-01 3.053466727493999722e-01 1.243045094889694141e-01 2.198942095934226237e-01 2.833331600261982941e-01 4.491379401410746097e-01 4.794650513034825479e-01 6.081337855440912543e-01 1.931526557235776764e-01 -6.761856120006691506e-02 4.268085378423647769e-01 4.103100933851591137e-01 5.669557963941859180e-01 4.327125309930754948e-01 6.067998468447407534e-01 -9.325055822975156228e-02 -1.512975861744388917e-01 2.120138494363990045e-01 1.175637380012140576e-01 4.568533355032684540e-01 1.515386373305015189e-01 2.380643693072168332e-01 -2.251484976580708230e-01 -2.515703745935131685e-01 -6.809758980144643703e-02 -9.385935178090776265e-02 1.028562285003152971e-01 3.540450735566674778e-01 4.179764254931935819e-01 4.942754402120670965e-01 3.379955580152426697e-01 4.511511832004350686e-01 4.045695137582710488e-01 7.092978165535722412e-02 -4.535576808278768933e-03 -5.063918421997436192e-02 1.890859233412916715e-02 2.249636058066224464e-01 1.114536839060991658e-01 2.134814316888432595e-01 1.914397766117336974e-01 6.654804753798808370e-02 1.163395708249558846e-01 1.010560839661422405e-01 3.208931795223094463e-01 3.155873119764893708e-01 5.074490960276303309e-01 5.798038947082847505e-01 6.179727374278697338e-01 6.538533249443710949e-01 8.780680912388935111e-01 1.187214440045601810e-01 3.708507953336006580e-01 2.466046403636224793e-01 1.278825672987580764e-01 5.450943483479167018e-01 4.313132661763373621e-01 5.121592998948187869e-01 -5.119203696627856737e-02 3.579779586633604627e-01 4.147585029046682581e-01 4.889491768334790489e-01 6.045257412527483831e-01 1.642779470339520154e-01 -2.087962924925817476e-01 3.205704987463569022e-01 7.168650514275895502e-02 4.879507565543039216e-01 2.958815020601124890e-01 4.325906446415899165e-01 2.653984404890447624e-01 3.191120588643039935e-01 3.352306272696546352e-01 1.439032079321544144e-01 5.044082660459391770e-02 -8.569296164532430593e-02 -3.838023569553446201e-02 -1.384124631549684681e-01 2.103420864721506633e-01 4.686887251468398463e-01 3.871203309715742780e-01 3.691249498188786116e-01 4.156797151645920674e-01 3.567458646925470572e-02 2.431334989883553177e-02
