1.000000000000000000e+00 1.659029577783616427e-01 4.828535703880804664e-01 -3.051177498613416583e-01 -1.936714669830571223e-01 2.978934241779498948e-01 2.264861961838627036e-01 9.672516010462266223e-02 1.589117263227842469e-01 -8.211427067246342137e-02 6.016854856793298761e-02 3.973970265396793711e-02 -5.005807376047880647e-02 -1.618119035076354684e-01 -1.523175725614046572e-01 -1.684958802760902763e-01 -9.046160659104512947e-02 -3.501135015329039091e-02 -4.660819195996711989e-02 -9.216415942437386488e-02 -2.069944517623162061e-01 -1.135148236072101441e-01 -2.408947456527082698e-01 6.226249154202323499e-02 7.406401350422189833e-02 1.985110476871450869e-01 -2.007627659043706159e-01 -2.724700565140478203e-01 -4.989465584974594331e-02 -3.313797902391449890e-01 -1.053873689259756108e-01 -9.484034127066580389e-02 -3.399625104513221974e-01 -1.633603258889763377e-01 -1.487684914363245348e-01 7.586185406255106789e-02 -1.131623149503902387e-01 1.268685036911053887e-01 -3.706743011757593353e-02 1.276267890793233717e-01 1.335202506829664404e-01 -1.041550294743828937e-02 5.465410914014014188e-02 6.370490616761501600e-03 3.050662220099547520e-03 -2.286786873995683145e-01 -2.609309128350583151e-01 -2.093371915247408399e-01 1.962837478989610807e-01 6.733611739930371598e-02 2.661935835014208052e-01 2.462288192467447234e-01 -2.365912977415138563e-01 -3.587271517777088636e-01 2.012244254647465314e-01 3.623183435129030405e-01 1.553725207381649043e-01 6.586911121342467479e-02 8.780862664070672452e-02 1.613463494748055560e-01 3.390904558904846156e-02 -8.686996423184327465e-02 -1.366637833043747585e-01 -1.141155004298698705e-01 -1.721105237166367097e-01 -1.540435770562476325e-01 2.392994106135996890e-01 -6.266911601081391614e-02 -1.788263074023280774e-01 -6.862610369538742205e-02 -2.440915250528728764e-01 -3.665139906156519162e-02 -2.005676262002523136e-01 1.847348848112808084e-01 -3.804350641885061862e-02 2.288155635998204152e-01 -6.491623181360020589e-02 -2.716211670663571942e-01 -1.928123475060319614e-01 -7.948427894894163903e-02 -1.450002049086079603e-01 -4.396499107547295615e-02 -8.464651987269801447e-02 -4.455248614340300700e-02 -3.209856430366876401e-01 -2.577869088365019046e-01 -1.168118080374536683e-01 -3.555542699259277017e-01 6.309162565119338928e-02 1.630917110903922773e-01 -2.486441826332624616e-01 1.686339347175741799e-01 5.204363405503428797e-02 -1.165955769462663771e-01 3.074034819461116813e-02 1.138878345861804586e-01 -2.067974919781868648e-01 -2.625214139980063255e-01 3.454814186873017556e-01 1.750189748520624977e-01
1.659029577783616427e-01 1.000000000000000000e+00 6.212526130487718845e-01 2.326289888339581058e-01 5.247846487009930616e-01 5.668152404100524899e-01 5.205775722060949073e-01 7.542692587144970151e-01 6.521330903633058007e-01 2.455937894480955327e-02 9.535392006359562356e-02 3.983641149004398668e-03 4.991661857083104503e-02 1.421948839324621919e-02 -7.516951610648986426e-02 4.060868198369882442e-01 2.485533063087943528e-01 4.051254148665381360e-01 2.912942402820065113e-01 6.398561765784314959e-02 2.474684178094748721e-01 -6.455804158019462502e-02 -6.990490819641216602e-02 9.923084194092141042e-02 1.556228209947879693e-01 -2.494562107959974184e-01 -1.963797130451063189e-01 -2.597451849967334914e-01 5.766700502576492526e-02 -2.938174481508523672e-01 4.455778703072240526e-02 -1.703751232634978519e-01 -1.676960997648870855e-01 -7.236455908142253035e-02 -9.321882111219860489e-02 1.183985896866441151e-01 -2.470746167424604234e-01 1.557760231903193848e-01 1.639698466691217604e-01 2.346356572662802731e-01 -1.850868981533914659e-01 -1.297251151311087369e-01 -1.469017063622733987e-01 -1.636408540232112407e-01 -3.215186004821635191e-01 -1.315852582496697398e-01 -2.531893263201310251e-01 -2.263413167510220092e-01 4.058623392203105085e-01 1.085743258011322848e-01 4.444097628982507930e-01 8.222492122489989397e-01 3.811026993389036721e-01 2.630498746055796033e-01 7.217349504233742108e-01 5.433410222168888470e-01 6.359465613707516729e-01 6.622840022061450282e-01 -2.277042632625025584e-02 5.954693786705860664e-02 -6.539116812197649786e-02 -3.319979188050957430e-02 -2.811840136355778577e-02 2.000819144259504412e-01 1.129162904018639058e-01 -7.295325632050544962e-02 2.039143596439747796e-01 3.204267457703657285e-01 1.895913571806930598e-01 3.468891637410941864e-01 1.664995357594037939e-01 1.021662647819398390e-01 -5.701238482548779546e-02 1.788850967953053150e-01 6.777967660568208486e-02 -1.697047988733965396e-01 2.408646327438019805e-02 -2.852244150894990837e-01 -2.462618352156057955e-01 -1.017294133104505449e-01 -3.154521543727770161e-01 -2.795033777396598307e-01 -2.699344798028411319e-01 -6.844979688037015897e-02 -3.840469459434834865e-01 -3.339281158423389462e-01 -1.844106828697426037e-01 -3.622691124938772211e-01 1.595476129160395551e-01 2.249280217705671575e-02 -1.405414518633874843e-01 3.491817187550174673e-01 2.065649832791671692e-01 -1.100996506331965857e-01 -1.320035526701851536e-01 -1.403548300010327710e-01 -1.065410400229147986e-01 -2.746178419445096108e-01 3.512837465554685124e-01 2.823188424826594822e-02
4.828535703880804664e-01 6.212526130487718845e-01 1.000000000000000000e+00 -1.806493428059997297e-01 1.176069281824638491e-01 7.102702464792355341e-01 5.807897161467056035e-01 5.737016420877149026e-01 6.439138303801168473e-01 2.754712315613688442e-02 2.621208916460113780e-01 1.585649185228638625e-01 2.295660450249973616e-01 -3.779776313637189106e-02 -5.433252137470076515e-02 6.639684738526004104e-02 2.983428191896993487e-01 3.966016014067472728e-01 3.544126679519208345e-01 8.560287493955234805e-02 1.864438017070518261e-01 1.552283269670011179e-01 -1.366418812674686512e-01 3.246903561918480507e-01 1.653822473059859410e-01 9.401499050497182097e-02 -1.050760868945680993e-01 -2.459150094832400213e-01 5.402191376705083037e-02 -2.946534402543500852e-01 -1.341224959453910515e-01 -3.344014995854099892e-01 -4.905169370591070943e-01 8.385295259500771814e-02 3.468666309391287006e-02 1.758493962393987420e-01 -3.157438850524798002e-01 9.605378853109873549e-02 1.171978215494317022e-01 3.862213196005687132e-01 1.045879985632630349e-01 -6.726743077677251048e-02 1.132539525981454132e-01 -1.188647789609526967e-01 -2.683580540320562036e-01 -4.485803299522025944e-02 -2.347028368299668988e-01 -1.879506757886084956e-01 4.902793523337414805e-01 2.269261646486098738e-01 3.014843381573523717e-01 7.039404772755072370e-01 -3.863741292608954825e-04 -2.248299134495875817e-01 7.069365076261797665e-01 7.726164511598322404e-01 5.904237340236946352e-01 5.607335805307022136e-01 9.319505724065078878e-02 3.177123175331956761e-01 1.017947176538933490e-01 9.197933936490942930e-02 6.565107638966669046e-02 1.308205021703928161e-01 7.004673018248845640e-02 -4.694859066960801325e-02 3.639092438802636886e-01 3.155416218989701704e-01 2.062932326758631363e-01 3.732225047320219535e-01 1.188574673672009863e-01 2.588125769179345226e-01 -7.096111225022139202e-02 3.934551970677468424e-01 1.961223254617939227e-01 1.142334754269766633e-01 7.107143703582156913e-02 -2.760402670538608105e-01 -3.589197334789977489e-01 -3.125268359559025821e-01 -2.184955139074174213e-01 -1.220711254137045731e-01 -2.239055638923910796e-01 1.035760286715324274e-01 -3.538747398894735441e-01 -2.743581682751373707e-01 -2.895439642661856161e-01 -3.870298576144629021e-01 2.474410641677345646e-01 2.806610869685420284e-01 -4.567143693366284563e-01 3.800972332189539449e-01 2.691920350771382919e-01 -9.364516765530241094e-02 1.009997854963167185e-01 1.143871196589430796e-02 2.764451763791837824e-02 -2.278142975072987297e-01 5.724962967398491420e-01 1.906974886154627069e-01
-3.051177498613416583e-01 2.326289888339581058e-01 -1.806493428059997297e-01 1.000000000000000000e+00 6.494480370405142367e-01 -1.498160932965189318e-01 -5.080222922590761636e-02 1.785150566370638514e-01 1.417098028938060424e-02 -9.484272371860917594e-02 -2.593903658297718740e-01 -1.814288224785770842e-01 -5.078088312076151946e-03 3.095721277046915576e-01 3.131062420231983112e-01 5.670067554532468579e-01 7.036752921115155268e-02 8.298519763138247074e-02 1.218161640277140717e-01 7.481465532145450958e-02 2.962318729643380055e-01 -2.669629268772939074e-02 3.700383077333805892e-01 -3.338499341301336409e-01 -2.071224851553745971e-01 -4.750552019056463182e-01 1.488225375727968702e-01 1.084464154933537511e-01 1.718480523972258922e-01 3.427889315238477619e-01 3.031204363701319182e-01 3.782501822856075280e-01 4.795952551788331131e-01 -1.341554278591381710e-01 3.606569687341179553e-02 -1.249522134998119344e-01 -7.540848794716163705e-02 9.664986589628853098e-02 2.471820799225329934e-02 -1.921595539459724222e-01 -4.680293118891055704e-01 -2.286117584186921070e-01 -3.411459086762778647e-01 -8.555428154529562401e-02 -1.347988299866171580e-01 9.865741555943838281e-02 2.429647127333999790e-01 2.408216513764606659e-01 -9.794927157987061428e-02 -6.603223651752186674e-02 3.535215382550201957e-01 1.346402094522826387e-01 6.564277769391855255e-01 8.549564053673990305e-01 -1.873734846814761879e-02 -2.682601673468268388e-01 8.586767252115641569e-02 1.048415645419593784e-01 -3.351594621044381439e-01 -3.092061026486463415e-01 -1.431345399839499821e-01 3.454684413182174813e-02 1.553706488330748314e-01 3.121472297353583558e-01 3.089943146524504747e-01 3.149455964710650702e-01 -3.537225690014736412e-01 1.549484565102091371e-01 1.081190058418180083e-01 5.356626550107897178e-02 2.978119566438937049e-01 -1.342667672853644634e-01 2.878227417954175027e-01 -3.361393803819625603e-01 -2.012816759222997576e-01 -4.919513938620509452e-01 1.287236621720797003e-01 2.576923863317613916e-01 2.018912456677923462e-01 4.165869484895238228e-01 -1.607407680995656951e-01 -3.660153778812660907e-01 -2.745457354005512718e-01 -1.912818185943801763e-01 5.615691143965410165e-02 1.450146030695595722e-01 -6.096655332833039037e-02 -2.901593796094898911e-02 -1.432762842144578996e-01 -4.234791997783630135e-01 3.830399754926064881e-01 -9.024385737191577272e-02 -8.920830449220089331e-02 -2.672571371124696227e-01 -3.935826250310676677e-01 -2.476045391018134034e-01 6.659417680493404101e-02 2.483513765443402521e-01 -2.205046085498220121e-01 -2.544481701605784130e-01
-1.936714669830571223e-01 5.247846487009930616e-01 1.176069281824638491e-01 6.494480370405142367e-01 1.000000000000000000e+00 9.472213819918753885e-02 7.513966109646980085e-02 4.181006049253075396e-01 2.820120769606448419e-01 -6.274512089486908306e-02 -9.354390515250120275e-02 -5.097746452887976648e-02 2.277738796974078730e-02 2.051892754081491577e-01 1.801702839320085403e-01 4.442590700085785604e-01 2.034220764374807811e-01 1.791934500153556931e-01 2.022498653399382174e-01 3.172371641843922674e-02 2.950855042318923926e-01 -3.870485655995455770e-02 2.136705877336345927e-01 -1.597907521958264743e-01 -1.212566910559434302e-01 -4.053349219089549815e-01 -3.425151454772033116e-02 4.503608318564240875e-02 1.076842819398969725e-01 1.238657263355527755e-01 9.908315988262207663e-02 1.199763647103202907e-01 2.017507715053637740e-01 -8.270502891352952968e-02 -4.483420913160929971e-02 -1.051541128000821473e-01 -1.323673782867260951e-01 8.109050521580221660e-02 3.169725797577491178e-02 -5.242558302381439966e-02 -4.066840350810846383e-01 -1.720099477312235503e-01 -3.117631380662777008e-01 -1.048394913535369566e-01 -3.016104062804852437e-01 4.751343147720586517e-03 2.635294505548960858e-02 2.646882416511146113e-02 6.017272513517245985e-02 -3.439667580000471681e-02 3.111963594180687798e-01 3.595942126171969844e-01 4.807238812647368076e-01 6.825461605845589697e-01 3.285208141916147184e-01 -1.793174716860808718e-02 1.954041484551047314e-01 3.301276735972110687e-01 -2.537729932416512013e-01 -1.690564822403175793e-01 -1.222643026900454705e-01 2.850367294849080746e-02 9.667770103326839282e-02 2.528629603071244070e-01 2.235372219274510686e-01 1.540827219462986286e-01 -2.598374426091702993e-01 2.370172537087011644e-01 1.363770592976770724e-01 1.389843556611777831e-01 2.501511779017485670e-01 -4.521787303435112482e-02 1.611837820994448667e-01 -2.175633537223588265e-01 -1.179596843000039891e-01 -3.764287698595758513e-01 9.539926178729514483e-02 1.009087416323434516e-01 7.191403203157512025e-02 1.083734097847125766e-01 -2.557557954261892585e-01 -3.628707358169559472e-01 -3.613046622295194577e-01 -2.118352471750682975e-01 -7.549951688985942488e-02 -5.080674671079253579e-02 -1.146022072142219156e-01 -1.039423246549146113e-01 -1.139083484721862410e-01 -3.101062990724686164e-01 2.299089068955008086e-01 7.557264280089482159e-03 -4.439167403074537055e-02 -2.722000385954735924e-01 -3.368262856383471560e-01 -2.308620938717551307e-01 -3.046225763803757022e-02 2.994942359836012813e-02 -6.600082119932690339e-02 -2.011506389400615769e-01
2.978934241779498948e-01 5.668152404100524899e-01 7.102702464792355341e-01 -1.498160932965189318e-01 9.472213819918753885e-02 1.000000000000000000e+00 6.447336783312763719e-01 6.375527606316654383e-01 7.441634151641129957e-01 2.377859425750557809e-01 3.664549670908850976e-01 3.126659722037748446e-01 3.429120357656273432e-01 3.451624728634623829e-02 -7.051498887006096838e-02 4.275286278015590774e-02 4.387383734553995107e-01 4.065096446072764547e-01 4.113802268409848528e-01 7.547663351789468678e-02 1.662778312126698965e-01 1.562955686050743198e-01 -8.637085442231347276e-02 4.889896615777981626e-01 4.191396619778702259e-01 9.590058218886100827e-02 -1.333271864469017798e-01 -2.900247854705205741e-01 5.908132855008596529e-02 -2.863012966995192587e-01 -1.577203542744761988e-01 -3.508452694844390596e-01 -4.902658342854770979e-01 9.095261332344593830e-02 2.045377558103369728e-02 3.105929400911047189e-01 -3.159818314165371844e-01 2.196653463900252456e-01 4.132366287790329995e-01 5.776223310845705061e-01 2.444466243853108123e-01 -2.399792807644347131e-02 2.078766594118121591e-01 -5.409404393710522119e-02 -1.148024229926911804e-01 -8.333417470363828350e-02 -2.256654068907918420e-01 -1.761688741695459637e-01 6.883061090157169826e-01 2.633328414437731135e-01 1.681925858713934907e-01 5.883188323635245576e-01 -1.361746581334424555e-01 -2.192509967163577544e-01 8.228643905786183765e-01 8.315621670187760550e-01 6.380266963483264275e-01 6.268689738127732891e-01 3.125890101806809152e-01 3.829480677444317416e-01 2.651780143569832937e-01 2.190211612788372508e-01 8.340384802871400605e-02 2.413504278181342610e-01 1.564671327543115664e-01 -5.934265299209148109e-02 5.131966680975870165e-01 4.556335760458506412e-01 2.451859693403584950e-01 4.011543730466624602e-01 1.230642747809082838e-01 3.240416909989394800e-01 -4.470964507427303836e-02 5.857576954002775560e-01 4.461741747366571587e-01 1.983849419525275104e-01 7.700020650612239559e-02 -2.915435877215358795e-01 -5.926985714004709971e-01 -3.369016255404330695e-01 -1.633524379944517324e-01 -3.705863522596460459e-04 -6.782168825626361253e-02 2.554863459696929406e-01 -4.531139651086866782e-01 -3.119683927992578099e-01 -1.959436064607086025e-01 -3.837212603664102994e-01 4.187393437142903907e-01 4.848003684999901974e-01 -5.183440527403637699e-01 5.653189560208170539e-01 5.530360783841915540e-01 6.897068755230698067e-02 1.831429746523657032e-01 1.198653404691355229e-01 -9.540562046149650768e-03 -2.316360357152446869e-01 6.670505783259207400e-01 2.496648557481154773e-01
2.264861961838627036e-01 5.205775722060949073e-01 5.807897161467056035e-01 -5.080222922590761636e-02 7.513966109646980085e-02 6.447336783312763719e-01 1.000000000000000000e+00 6.444090329869291978e-01 6.458998344336014386e-01 1.622093952579613252e-01 3.562387232184173191e-01 2.558639313694222595e-01 2.079514356673700937e-01 -2.164140909306748808e-02 -9.827762966971941017e-02 8.122223330858552304e-02 2.395644879915954928e-01 4.109793582794398215e-01 2.641358549801832156e-01 1.398035527967157188e-01 1.611944140029195061e-01 3.639807618291897306e-02 -1.181285614125532624e-01 3.928509294205897451e-01 4.031894790955820596e-01 8.793646582880633444e-02 -1.245477408313922923e-01 -2.363839324808861553e-01 4.676820646798677400e-02 -2.996509870898541594e-01 -5.234167023564859078e-02 -3.733054005763554728e-01 -3.940287970780590454e-01 3.744424634098002247e-02 -6.753085623606153165e-02 3.465315514280190023e-01 -2.311318925781127576e-01 1.094020530369525651e-01 2.046310651265565994e-01 5.163328922485079797e-01 2.946650459924046173e-01 4.603728136567437207e-02 1.882880967371118319e-01 2.368973685571046719e-02 -1.201957155681992462e-01 -5.944986378387309700e-02 -2.305936536419649074e-01 -1.180185405812680111e-01 5.824880545665879206e-01 2.180963305004105512e-01 2.191648088648222581e-01 4.945769902652297767e-01 7.511217361847467855e-02 -1.089600737018071447e-01 6.015663457902586941e-01 6.398431280151063438e-01 6.987439429631407961e-01 6.140463309277078841e-01 2.234513675069171035e-01 3.715467512104871917e-01 2.193549904352357083e-01 9.322512206873749541e-02 -1.204673003563850285e-02 1.387193271570942299e-01 7.712010944397500178e-02 -9.173237856959913505e-02 6.444820720783271950e-01 2.449399788326570293e-01 1.132148433072374255e-01 3.172910549420412396e-01 1.106223830685989507e-01 9.506885110172169639e-02 -1.219406777233546790e-01 5.397457568958536900e-01 3.108404878065234023e-01 1.804304642744392340e-01 4.353246114471284733e-02 -2.826804312786390661e-01 -4.064463314924740001e-01 -3.413641650894452262e-01 -1.702124110159657921e-01 -7.668032510764516418e-02 -9.139104117586858977e-02 1.115893437447413455e-01 -4.205167036469805164e-01 -3.297725743603474591e-01 -1.218558854833399485e-01 -3.567231038122407605e-01 4.004058102098351779e-01 3.739395131741327094e-01 -4.180163836842078484e-01 3.675135023581581062e-01 2.980949956212378127e-01 7.682160614127042653e-02 1.400330634962003995e-01 1.609889566770753289e-01 -3.707233675587683769e-02 -2.131798919632253431e-01 5.959463376057240191e-01 2.361092039702509249e-01
9.672516010462266223e-02 7.542692587144970151e-01 5.737016420877149026e-01 1.785150566370638514e-01 4.181006049253075396e-01 6.375527606316654383e-01 6.444090329869291978e-01 1.000000000000000000e+00 7.882382007807365865e-01 -1.064146592766609944e-02 2.297762066569178363e-01 9.367580565665895032e-02 1.976998883947171382e-01 1.164146552067596291e-01 2.754443437084370255e-02 1.494957391019837434e-01 3.776529158913546347e-01 6.676941364009334468e-01 4.549703189731346131e-01 2.227565148271624662e-01 4.365964211566388253e-01 3.292610266085951864e-02 5.142294405158178566e-02 1.724068594803047361e-01 1.616713333823384946e-01 -1.648042273503486366e-01 -3.081722720321225864e-02 -1.842243395672912010e-01 7.881125605395296330e-02 -1.820611041764704507e-01 6.351995714943903248e-02 -3.861406598489984798e-01 -3.773156566927270972e-01 8.634512116418500971e-02 4.867356406992632417e-02 3.990321261586095014e-01 -2.487522816974953588e-01 3.944483783878760530e-02 1.973404289926946054e-01 3.634624837953681631e-01 3.307452449218150486e-02 -2.101740827465808648e-01 -1.946525880874916056e-02 6.770209444874536464e-02 -1.847245865396999753e-01 6.947461705908572482e-02 -1.080760854799769494e-01 -2.631814849301669906e-03 5.097013792933317022e-01 2.385088686798116087e-01 2.521974920480322679e-01 6.657454653910271913e-01 2.125323895396993845e-01 1.575575089998040301e-01 7.265878233993424695e-01 5.671481691376359935e-01 8.385617869066903651e-01 8.698485007643237399e-01 4.771459195903235417e-02 2.738687524630132319e-01 7.058642783830766654e-02 2.448108325722580386e-02 9.943669383917817794e-02 3.618434026649872126e-01 3.261264914056174469e-01 4.327960457879030665e-02 3.207362183079790485e-01 4.902797198740920792e-01 3.140781789735037077e-01 6.045084186864052578e-01 3.270381224699723810e-01 2.056779090036288393e-01 9.759406352415826713e-02 2.131611894304614452e-01 1.671429315282210726e-01 -5.894712181534280532e-02 4.020481027127456586e-02 -2.044481575435245779e-01 -4.163183442968530490e-01 -3.341658466871504918e-01 -4.175744930177996972e-01 -1.109038057597018234e-01 -1.627579845519868951e-01 4.295502279474831819e-02 -3.149847994450800104e-01 -2.621470453356716801e-01 -2.017496247759735239e-01 -3.433083971165248882e-01 4.063239570941794554e-01 1.359557688798896935e-01 -3.788783693805928832e-01 3.870948928868715999e-01 2.391596227130097785e-01 -1.440471001426956998e-01 -1.175428389446000893e-01 1.104861145894134034e-01 9.499092878251810812e-02 -8.363943198874931872e-02 4.688454493592689731e-01 1.789774105145622851e-01
1.589117263227842469e-01 6.521330903633058007e-01 6.439138303801168473e-01 1.417098028938060424e-02 2.820120769606448419e-01 7.441634151641129957e-01 6.458998344336014386e-01 7.882382007807365865e-01 1.000000000000000000e+00 1.348956287280150268e-01 3.520130925050617421e-01 2.032407952228884040e-01 3.244373299074420069e-01 9.740295084184714958e-02 5.390716182378942761e-02 2.807003214790249404e-02 3.243188491400366136e-01 5.649095941578993196e-01 4.195629698413382846e-01 1.800212504237351796e-01 3.115783740970124449e-01 1.098153531118616355e-01 6.845486911257691286e-03 3.283690426589384592e-01 2.178920688095274949e-01 -6.874295242966296793e-02 -8.925895352030832619e-02 -1.713091582860553630e-01 7.036834831566191051e-02 -1.917964872418820577e-01 -1.956123227867879229e-03 -4.018725121076114348e-01 -4.088410974635858786e-01 6.425376497607207527e-02 2.944254919317636568e-02 5.029792654988606282e-01 -2.768476937914376435e-01 1.696396606452895139e-01 3.305574483768540794e-01 5.627644542726162324e-01 2.446296591888110217e-01 -1.186142830111141522e-01 1.854013819060008061e-01 8.736363311288844469e-02 -1.694905206729247771e-01 1.298698773416299412e-01 -1.185373533310918465e-01 -2.806549441698123586e-03 6.232947967694874025e-01 3.180816930427782241e-01 2.695240763021073405e-01 6.479869483522976426e-01 3.169728495879991365e-02 -1.581998361027727243e-02 7.879603440377735968e-01 7.048073027318396688e-01 7.470413689228019294e-01 8.169049699152309829e-01 2.120292130912446449e-01 4.001788869009482719e-01 2.119233864202458295e-01 1.201702067410603952e-01 1.472694178496162243e-01 3.797068519280599741e-01 3.145112732040068471e-01 7.848367754532556417e-02 4.368316472485774260e-01 4.602388785269443394e-01 1.981435067762362945e-01 5.068772491528296120e-01 2.280371803214140125e-01 1.976593583822982558e-01 8.331204405307159055e-02 3.846093181260255012e-01 2.696746284261761217e-01 2.613216107375337244e-02 4.901952967917597853e-02 -2.197441278996987157e-01 -4.236452806669903648e-01 -3.728146565189603967e-01 -3.640628059818122320e-01 -3.555734357130083123e-02 -1.403988668582398236e-01 7.545455036218132183e-02 -4.123421832954606847e-01 -2.538422914320108137e-01 -2.217465977639235530e-01 -3.222292782364051256e-01 4.305543742225456105e-01 3.255251781294373203e-01 -4.029859716657734903e-01 4.755799117983626756e-01 3.899966847561290306e-01 -6.178525710422897582e-02 6.462316504221170266e-02 1.737264610082908389e-01 1.294618748858378798e-01 -1.027220952763082118e-01 6.103325539503119401e-01 2.393326259313390547e-01
-8.211427067246342137e-02 2.455937894480955327e-02 2.754712315613688442e-02 -9.484272371860917594e-02 -6.274512089486908306e-02 2.377859425750557809e-01 1.622093952579613252e-01 -1.064146592766609944e-02 1.348956287280150268e-01 1.000000000000000000e+00 4.736395481136354557e-01 6.298372338967049844e-01 3.393175418855747805e-01 -6.338369937881212224e-02 -6.973131800282013001e-03 3.061948958520218506e-02 1.337175156937162324e-01 -1.360734205192219992e-01 -5.524233545013800678e-02 -2.306011736078291963e-01 -2.375491731548121377e-01 4.341473742920708145e-02 -1.409793567051590701e-01 5.615848603553770246e-01 5.875259312219377472e-01 2.732414062674035637e-01 -1.984874374328797764e-01 3.906820858820506809e-02 -1.618234862282196332e-02 -1.005104105869625980e-02 -5.166711573288539083e-02 6.528351166634677356e-03 -3.696466285472771451e-02 -4.436337362299118403e-02 -1.751817773125409761e-01 3.316485345724116962e-02 4.941384537737463119e-03 3.024531135882011501e-01 3.353439254687954896e-01 4.574634898828428553e-01 1.784790594700616795e-01 2.672610505872493047e-01 3.198268182105599711e-01 -1.336856155079382547e-01 -1.061401178107032328e-01 -2.122904619258937919e-01 -2.404479472897023684e-01 -2.356736791891348437e-01 3.051021773543936000e-01 -1.172757574598166756e-03 -2.081409125229996548e-02 3.343962316242979349e-02 -2.285128799270786382e-01 -1.465610208488719313e-01 2.000841233207059089e-01 1.909115709063644306e-01 3.493823667050506565e-02 -1.783661705693299210e-02 7.508515167366593968e-01 3.808453180021695306e-01 5.542191654977598470e-01 3.655623105369325554e-01 7.284230016784996875e-02 -4.941482931943444457e-02 -1.477114131895294613e-01 -2.783338282410220688e-02 2.936828886626993707e-01 6.653596144442650018e-02 -9.367698382465754203e-02 -1.392795314415711805e-01 -2.251793208269217972e-01 8.137767832905361265e-02 -1.371324899577872625e-01 4.702442944412281722e-01 6.162252296415136055e-01 4.063166377735498158e-01 1.164966670379053715e-01 8.155277746168594633e-02 -1.404329933617746440e-01 -9.005079224022481676e-02 1.476158911611507030e-01 -1.167675874714075440e-01 -5.089710269755238874e-03 1.665150865724954465e-01 -3.140137508107672115e-01 -2.047595171095773492e-01 1.646992014693252904e-01 -4.273603997431280749e-02 -7.919745704620579502e-03 2.417080189744934271e-01 -1.173235815625862932e-01 2.680931805068276219e-01 4.137263562229090419e-01 2.770055342413923483e-01 4.238368476277240005e-01 -1.170040599010115090e-01 -2.489042096581894070e-01 -2.727588042840592419e-01 2.890535437421808962e-01 -1.187943647218360661e-02
6.016854856793298761e-02 9.535392006359562356e-02 2.621208916460113780e-01 -2.593903658297718740e-01 -9.354390515250120275e-02 3.664549670908850976e-01 3.562387232184173191e-01 2.297762066569178363e-01 3.520130925050617421e-01 4.736395481136354557e-01 1.000000000000000000e+00 6.448575432546264086e-01 5.143677808969169263e-01 1.017748205686818397e-01 1.422830177751464586e-01 -2.086293315406995974e-01 3.518860878329907460e-01 2.253206123579784281e-01 2.489434446701361270e-01 2.126162961299297646e-02 1.441811892437505280e-02 1.922653876899997061e-01 5.264186224913187592e-03 6.622270274416073299e-01 4.190412320829374759e-01 5.149539770963105223e-01 -1.629056005561258652e-02 1.401138141002165605e-01 1.086402775259878856e-01 -4.282067968995720286e-02 -1.791252884554984104e-01 -2.305224769298318821e-01 -3.549300007628676257e-01 2.492798445111187033e-01 5.548621215785264071e-02 2.862213472621386590e-01 -4.996153235536836268e-02 2.411481123832118559e-02 1.116079087954904014e-01 4.173135922045930202e-01 4.358843125848701483e-01 6.521862688851168266e-02 3.918130333692855238e-01 -3.371103252524814287e-03 -1.070272161821939905e-01 -4.262653313812932859e-02 -1.676756626996428468e-01 -1.029050362708325700e-01 3.047972553431073095e-01 1.718990274170434929e-01 -1.165363686590960429e-01 7.287875547907829432e-02 -3.267077870082544799e-01 -3.226351818893316570e-01 3.519496743097469404e-01 3.239070334761232628e-01 2.372280857465035864e-01 2.973586095930429996e-01 4.667804213311716466e-01 7.444907628268607747e-01 5.364727768715115142e-01 3.799809356102608060e-01 2.142918042330387574e-01 1.378452990689499613e-01 6.481177712578212180e-02 1.263368137495352872e-01 3.916449771711095762e-01 2.651867847594154837e-01 7.274512582996006671e-02 1.889687043960201762e-01 -1.560224264015499900e-02 2.592147529509002957e-01 2.261883379080602274e-02 3.636431737363876593e-01 5.739593562838483098e-01 5.041156341003184549e-01 2.022937810384796420e-01 1.075439833827447345e-01 -3.601642252556119250e-01 -3.503256884148086003e-01 7.321308566580828070e-02 4.524830019480780008e-02 -9.355239278361796029e-02 2.525407206803784721e-01 -2.019873457747991818e-01 -1.526352339130676583e-01 -3.053686563367812024e-02 -5.060727373680882352e-03 2.309445182520555029e-01 3.331666909431296175e-01 -3.893653371679476338e-01 1.680302950943337315e-01 1.972306374852137723e-01 2.450702601769202960e-02 3.040385766650021693e-01 1.325889188707118360e-01 -2.932365270843049695e-02 -1.297532283615066284e-01 3.560766182292340876e-01 1.835454135217788052e-01
3.973970265396793711e-02 3.983641149004398668e-03 1.585649185228638625e-01 -1.814288224785770842e-01 -5.097746452887976648e-02 3.126659722037748446e-01 2.558639313694222595e-01 9.367580565665895032e-02 2.032407952228884040e-01 6.298372338967049844e-01 6.448575432546264086e-01 1.000000000000000000e+00 5.077651499173349015e-01 9.423220838475676597e-02 1.278336096673062527e-01 -6.245009404851200457e-02 3.945352176575059877e-01 7.743394500698654037e-02 1.465611562480645391e-01 -1.588875692802205197e-01 -7.847971731808688067e-02 1.609572691564488955e-01 5.348172813945794440e-02 6.802757696553844990e-01 4.787144628537803870e-01 5.121655195613497025e-01 -1.187544814402178156e-01 7.508043839844912026e-02 8.492148527240515887e-02 8.201857875106607909e-02 -2.661682728152463540e-01 -8.419018023250385285e-02 -2.327020642838964204e-01 6.784792649830348465e-02 -1.072126619623140209e-01 8.552539267200853779e-02 -5.215419864811970257e-02 1.576635853048273528e-01 1.774444251624191782e-01 4.367790248958614008e-01 2.671248268049042918e-01 1.602891642995457055e-01 3.534907634509609764e-01 -1.169078540260424653e-01 -1.444192821448228581e-01 -1.742797475533358342e-01 -1.916660042737469982e-01 -1.516798461281673727e-01 2.222346329338862614e-01 -3.415189067105000448e-02 -7.909361163958412988e-02 -1.045934211472221258e-02 -3.516410593770024628e-01 -2.624001056622823347e-01 2.733626773142299182e-01 2.136195361448840757e-01 1.006777456506402213e-01 1.137782580453127607e-01 5.814695221560718386e-01 6.413589358985832822e-01 7.364531357150335689e-01 4.848043865764607996e-01 2.095381649667980017e-01 9.938957443280180271e-02 -1.270256137151332815e-02 9.914924384095220866e-02 2.939042862308659521e-01 2.630786435531194400e-01 -4.547007929642219587e-02 1.343771718417385679e-02 -7.412194223705383112e-02 2.079360917064528858e-01 2.700049244170338661e-02 4.087078353589287394e-01 7.223435974621658096e-01 6.106761461829427473e-01 1.712520368932127501e-01 1.988319436536253870e-01 -3.456024275456540118e-01 -1.981828939260480427e-01 1.507981096919673858e-01 -2.069616548222668884e-01 -2.174262316366274428e-01 1.970873776128353738e-01 -2.750175790397401676e-01 -2.103637957721546381e-01 7.688221666671050253e-03 -1.135482637194244054e-01 5.392852742985312919e-02 2.806240482243091416e-01 -2.986104912553655399e-01 1.322538414359771819e-01 2.920601827357118263e-01 5.111415217406888728e-02 3.896387311567636735e-01 -8.001571793232402363e-02 -1.534657144408119733e-01 -1.636577993757993565e-01 2.802223540950390945e-01 4.297074439168014140e-03
-5.005807376047880647e-02 4.991661857083104503e-02 2.295660450249973616e-01 -5.078088312076151946e-03 2.277738796974078730e-02 3.429120357656273432e-01 2.079514356673700937e-01 1.976998883947171382e-01 3.244373299074420069e-01 3.393175418855747805e-01 5.143677808969169263e-01 5.077651499173349015e-01 1.000000000000000000e+00 4.421765321576088814e-01 4.711055491345021995e-01 -3.459432639389608405e-02 6.362828652974403809e-01 3.466101422347960814e-01 5.810883482100438480e-01 1.576771120321198150e-01 3.220737828938203817e-01 5.728087945667655889e-01 3.630665241019683798e-01 5.254946925387742329e-01 1.659368694636222941e-01 3.167733868051523238e-01 2.339266513493795108e-01 2.863722166199229036e-01 3.424690770680723362e-01 3.743665471250973709e-01 -6.414464178107404102e-02 -9.628919299738576687e-02 -2.132671296995220789e-01 3.682316066227917517e-01 3.481881627242113253e-01 2.372643849978295083e-01 -9.552337975489312571e-02 4.083944351686095292e-02 2.519846412167663363e-01 3.878190296627420097e-01 3.172120272883573455e-01 -2.477051166207747956e-01 2.675388286297148421e-01 -2.485407895840818088e-02 -2.094873361883558549e-01 1.765733451632641449e-01 1.827568221191705755e-01 2.249606531839327961e-01 2.112941122834908203e-01 2.967186537368815547e-01 -9.269537315000712929e-02 6.945492226503931221e-02 -1.967463651302994165e-01 -1.101228487684670770e-01 3.181638960028453367e-01 2.190054798272363379e-01 1.896361211451218221e-01 2.848458675594507383e-01 2.554135715193183165e-01 5.245055441222022941e-01 5.707159900686963327e-01 7.987663010889536341e-01 6.786776090954370622e-01 5.050141134767772710e-01 4.494818173382550963e-01 4.906015479308127869e-01 4.065207539241215418e-02 5.970915479731347952e-01 3.712640040981248224e-01 3.324324313821040988e-01 2.923458610296687521e-01 5.202699992409967056e-01 3.874536680361765351e-01 2.369945292991456620e-01 5.726302955856764632e-01 1.962645811927188899e-01 4.059662216989253780e-01 4.040256368358388084e-01 -3.358836886624282925e-01 -2.172860771706038308e-01 1.186485698234603370e-01 1.865294696404402874e-02 -2.875507388974805623e-01 4.206743264118473768e-01 -2.818561072738708789e-02 1.534230135275069518e-01 -6.961321833906172762e-02 -7.088842282487295421e-03 2.241699349377887507e-01 2.203933671007036188e-01 -3.145016618467264546e-01 2.798149442348178972e-01 3.532522273986226646e-01 -1.836924756269407710e-01 1.315603673945260343e-01 4.467433908546350474e-02 2.065718706896496337e-01 1.993180236674910732e-01 2.468919953684568791e-01 1.646927037432073249e-01
-1.618119035076354684e-01 1.421948839324621919e-02 -3.779776313637189106e-02 3.095721277046915576e-01 2.051892754081491577e-01 3.451624728634623829e-02 -2.164140909306748808e-02 1.164146552067596291e-01 9.740295084184714958e-02 -6.338369937881212224e-02 1.017748205686818397e-01 9.423220838475676597e-02 4.421765321576088814e-01 1.000000000000000000e+00 8.213905328123581873e-01 1.088491532017778762e-01 4.157576095386384396e-01 2.628461649052264981e-01 5.943619885666014957e-01 2.845236448744052904e-01 4.709479794379008988e-01 4.651918435541781416e-01 7.747265429323815233e-01 8.915465787759507821e-02 -2.177711781152477932e-01 -3.641033827468621864e-02 4.533353896188361820e-01 2.029004131793759047e-01 5.704368134318255068e-01 6.433911499349747043e-01 1.818715630253796289e-02 1.215795442761826856e-01 8.338661356191896801e-02 2.647115742017432938e-01 4.216101971539551463e-01 2.207145195394208392e-01 7.035504297992764555e-02 -7.515902399180410254e-02 1.434615422708729049e-01 8.545833928456766926e-02 7.925239062220240660e-02 -4.710972598706298364e-01 -8.233253933680552417e-03 1.094867526226519922e-01 -6.095592123081274016e-02 2.663309651632551067e-01 6.430845093305626037e-01 5.301025699721476636e-01 -1.754459852717681762e-02 2.557089624823067342e-01 -1.409554859739261534e-01 -9.880098174370006980e-02 7.866020187781752604e-02 2.321592893105141608e-01 1.836198147041588277e-02 -1.323159967820330407e-01 1.424663162217094069e-02 1.720751079080515000e-01 -2.175832819163152076e-01 6.535180181301374069e-02 1.408431833963083302e-01 3.181008753508564602e-01 6.759413115678166717e-01 6.921408441726650818e-01 7.382373623114796279e-01 7.906871823886721939e-01 -2.804698783773333925e-01 3.998832434611846454e-01 4.469696460688809547e-01 2.126569837310011146e-01 4.817949085324054193e-01 1.914033282217696419e-01 6.942040107367459800e-01 -1.742708447939832483e-01 1.390548411580623533e-01 -2.150465969327495785e-01 5.342351895302686060e-01 5.156857523106245234e-01 -2.523534209343863965e-01 8.515699986057190252e-02 1.185027022116047907e-01 -3.489086363940732682e-02 -3.373271328581649020e-01 2.778174495828614199e-01 2.288546152777153619e-01 4.859605910318088862e-01 2.185912014127206274e-02 -9.241957217476995390e-02 2.082389382476322048e-01 -9.132296300152477342e-02 -1.007374884337787629e-01 -3.884178382935026680e-02 1.089333576441335466e-01 -4.286085153777299261e-01 -2.475135580378664546e-01 -4.680941815898316885e-03 3.203490991649826647e-01 5.447552906180835874e-01 -3.633692144187072176e-02 5.802026116327624328e-02
-1.523175725614046572e-01 -7.516951610648986426e-02 -5.433252137470076515e-02 3.131062420231983112e-01 1.801702839320085403e-01 -7.051498887006096838e-02 -9.827762966971941017e-02 2.754443437084370255e-02 5.390716182378942761e-02 -6.973131800282013001e-03 1.422830177751464586e-01 1.278336096673062527e-01 4.711055491345021995e-01 8.213905328123581873e-01 1.000000000000000000e+00 1.019614651175944076e-01 3.504817334018601738e-01 2.896311163782198106e-01 4.965981184712061069e-01 3.318338577008949075e-01 4.890436481877932229e-01 4.755131413858409983e-01 7.668658213468625418e-01 9.623412585342371039e-02 -2.785409188818411264e-01 -2.166483630527713325e-02 4.983725347335100087e-01 4.259937999500192918e-01 5.469160485463303578e-01 7.407033710572242802e-01 2.701668968155943734e-02 1.759899816834745723e-01 1.409882292989658170e-01 2.817573763743290161e-01 3.987292699159019072e-01 2.206738774287928528e-01 4.985628552488619719e-02 -1.350529186491074563e-01 3.340269348430810470e-02 3.142896025223267803e-02 8.297542648740505178e-02 -4.603658624299259983e-01 -2.977887550487115162e-02 7.667107280513633938e-02 -1.694522229764567622e-01 3.365382664619145370e-01 6.478506115223653383e-01 5.933201127464566849e-01 -6.128406169284541377e-02 1.908202818444912352e-01 -6.041974776710592326e-02 -1.380248341008484259e-01 7.724418523895910937e-02 2.300199838248109530e-01 -5.392882824058255198e-02 -2.025429509234668857e-01 -5.058724419553203150e-02 1.129517926907216002e-01 -1.959873034188430729e-01 9.266158039596200657e-02 1.345174116993060331e-01 3.326385180338947700e-01 6.776994480814492183e-01 6.496015542518683850e-01 7.201532270279040748e-01 9.038535411981880596e-01 -3.190245578016019379e-01 3.392905375996198569e-01 3.548706095930277415e-01 2.535743292499760271e-01 5.298895834292914886e-01 1.881756684131888624e-01 7.324242615303698800e-01 -2.436437727266968778e-01 1.212436315218891753e-01 -2.304242958712771072e-01 5.593247061508410667e-01 6.935710320205705770e-01 -1.273781854952502623e-01 1.320856430876434784e-01 1.231037407006208700e-01 -7.269475574268774443e-02 -4.111601965886049204e-01 1.976963481914112697e-01 2.673986405991645166e-01 5.411913516886622810e-01 -9.761820664432761460e-03 4.640202614784200846e-02 1.431533690594793407e-01 -1.890611585728808053e-01 -2.303362545357995339e-02 -1.388223640075800236e-01 1.299970652304543138e-02 -4.742171544642908021e-01 -2.713237705533974586e-01 -6.622449646846075011e-02 3.697463971920077475e-01 6.156019900021261204e-01 -5.289897010357473561e-02 -3.219289956207416897e-02
