1.000000000000000000e+00 2.244088301844066047e-01 3.917367701098896093e-01 -2.137025561112002384e-02 1.670785352550037128e-01 2.182841343402108503e-01 -1.440591930422240874e-01 6.288694184648639662e-02 8.325549022103020946e-02 -4.157179923400358690e-01 -4.807225346483830486e-01 -4.501170042229796220e-01 1.216688654287058011e-02 9.849201887162335051e-03 -1.783016897529199618e-01 2.435711266253526019e-01 5.058862703542833794e-02 2.508058044325004454e-01 1.031286494892002248e-01 2.812591921952612983e-01 6.901810677398509224e-03 3.886373729083922313e-02 -9.041249900652141569e-02 -2.363040989135592185e-01 5.904164407258739866e-02 -2.891969956936943364e-02 1.032529263091035293e-01 2.352931222472920136e-01 1.665392186815987940e-01 -3.627538984176447157e-01 -3.110246939407042555e-01 7.553995932407740754e-02 -1.437354441462000143e-01 1.166762883497323017e-01 -1.469495045427429425e-01 2.317409823534204716e-01 2.642091473409368674e-01 -1.172454660801431486e-01 -5.713670700495151467e-01 -4.038652299685748237e-01 -1.470749003585026249e-01 -8.819719605462891798e-03 -2.982043143448479539e-01 -2.744372707291918845e-01 -9.514646216849616256e-02 3.486924750031181880e-02 -5.057662180926716933e-02 4.654088250923392456e-02 2.828966249098988084e-01 9.272756264552134420e-02 4.541398425339718270e-01 4.419771897051703036e-01 7.287718791868533219e-02 -1.345133799025715060e-01 1.563749480209864207e-01 1.583954707516987692e-01 1.143388838108582439e-01 8.708449938682413793e-02 -4.445202674980103796e-01 -1.122699023118036016e-01 -4.404491104907919397e-01 -3.901435662387058023e-02 2.950500976893444954e-02 -1.217044396469320472e-01 -8.119699963230737894e-02 -2.078458464371495118e-01 -7.339307379273635190e-02 1.269270463402388527e-01 8.825742731603739011e-02 2.191482064181495826e-01 8.222848814754009361e-02 4.668518500069615551e-02 -9.299649330790797641e-02 -5.640303607933069285e-01 -1.558224483812500893e-01 -1.418038285544199195e-01 6.181770215522228162e-02 -1.684035258830229587e-01 -3.072763485321172161e-01 -8.519985601608133508e-02 1.808675502403974678e-01 2.313932839105415362e-01 -1.987501178881582731e-01 -7.675498200137920168e-02 3.362818233504700355e-02 -6.244027430763215286e-02 1.365559426024737233e-01 5.122319834725955201e-02 2.318212225837641138e-01 -1.662754989073030043e-01 -2.394964734015992691e-01 -2.992551850408850522e-02 -3.504993707488623378e-01 6.114003214029135186e-02 -1.316630096679926309e-01 -2.679957646465132570e-01 2.923955053607821264e-02 -2.117135427668154907e-02 1.356302173349545892e-01 9.917930232495295040e-02
2.244088301844066047e-01 1.000000000000000000e+00 6.446515119478557487e-01 5.014132227330860836e-01 6.497398534971513540e-01 4.546842880691902011e-01 2.592453493086601668e-01 6.662832876927707870e-01 5.119300463742774143e-01 -2.809353266689750828e-01 -2.888352035297298004e-01 -3.709966158074702869e-01 -1.864732911366493995e-01 6.768292013451575329e-02 -7.663360968831751940e-02 5.181464440799116167e-01 -7.612657643370473320e-03 3.836599783769757965e-01 1.589672001511582000e-01 1.380433104074419992e-01 9.639182872169019256e-02 -7.252730078213895371e-02 1.017844049407461149e-01 -2.246798160352671825e-01 -3.756563751583071042e-02 -1.476683799677498687e-01 -1.116064125189198952e-01 -1.551836388754849749e-01 -1.795158550743574180e-02 -3.800067167904368493e-01 -3.612650787954644893e-01 1.701496774485989141e-02 7.279456135753722967e-02 1.129732049030870156e-01 -2.832336423989694763e-01 2.201150011106820237e-01 -4.124711658064070252e-02 -2.306164773526531153e-01 -2.471306907717099322e-01 -2.199979655743947160e-01 -2.708311903598909498e-01 -8.698410841402055838e-02 -3.193282658534918883e-01 -3.170144386432040551e-01 -2.492390740645760439e-01 -1.766765949093137278e-01 3.893610348185334163e-02 1.451476548449982459e-02 3.041404599127819353e-01 -9.189834531420953967e-02 5.573856170925818310e-01 7.932517614754216462e-01 4.529196568092569986e-01 4.673469885832656212e-01 6.106530714735419751e-01 4.997279394983867862e-01 6.265760343070915228e-01 5.563275702891421481e-01 -3.144477025816121429e-01 -3.386671341945788893e-01 -3.925377920178699243e-01 -1.974744524286315972e-01 -4.978678877665278224e-02 6.774110710731875984e-02 9.999683150367391637e-02 -5.070459714492596415e-02 2.029939360986102448e-01 6.829695665545079675e-02 1.077736291381458517e-01 3.355363318097404068e-01 1.426248814078644456e-01 -4.634717412747746401e-02 9.100806431199967572e-02 -3.232774945495764385e-01 -3.059114068225726180e-01 -8.036766508983286816e-02 4.580710387222260843e-02 -3.239178883609912518e-02 -3.320648134598297996e-01 8.736999571942223250e-03 -3.358873270750505069e-02 -1.245785130949345065e-01 -1.890149151970461072e-01 -1.161717196966264021e-01 3.103229069425714193e-02 9.046732609808087744e-02 8.638301264201826701e-02 -2.772335860772927318e-02 1.997781465255626387e-01 -3.691450285726461944e-01 -7.828268011389333259e-02 -1.298862734533295926e-01 -2.446379943949119617e-01 -8.131065914976706721e-02 -1.935569396024591493e-01 -3.036938854036152491e-01 -7.865769300091327021e-02 1.689408226648791700e-01 3.079809537663444341e-01 -4.079190895179744120e-02
3.917367701098896093e-01 6.446515119478557487e-01 1.000000000000000000e+00 8.497447892352526233e-02 4.537019684732070957e-01 6.841838160369355659e-01 2.161200819119919458e-01 6.026701236940948947e-01 6.841555675421259197e-01 -3.611819584573798814e-01 -3.524630546916974194e-01 -3.865048632351306690e-01 -1.461691259099966445e-01 3.439914973064644999e-01 8.781104527244493196e-02 3.724662355834542082e-01 2.148496444073315914e-01 4.220852786919030430e-01 3.850170583924920065e-01 2.950880570990078722e-01 2.732911569093081638e-01 -5.949457787201389847e-02 2.373562258400383762e-01 -6.483490701374095000e-02 -8.651512438475074396e-02 -1.782073467900585906e-01 -8.327444425322075294e-02 -6.996558046059155045e-02 1.326146532422270152e-01 -2.637124163692591838e-01 -4.339041251527808729e-01 -3.282996014614727315e-02 -1.136485125948525771e-01 1.043018884747966279e-01 -3.615649578264442665e-01 3.314732159412814294e-01 3.771749185358889978e-02 -2.187185233396762019e-01 -3.329845973068553677e-01 -2.253252214825945676e-01 -2.588648990140083872e-01 -1.414086226073268115e-01 -4.264020228200799956e-01 -2.939630772397174296e-01 -2.714974688417003956e-01 -7.099580015971068692e-02 1.226282327029178630e-02 7.297315980776042377e-02 5.745072197395788560e-01 8.888968242917856533e-02 4.524082396136975825e-01 6.946799380582251437e-01 2.642014001072843232e-01 8.128748635026718239e-02 6.792988015166330218e-01 7.392382777699797458e-01 5.182577986109950796e-01 6.448819805838340580e-01 -4.117576875967800532e-01 -2.947657636306748041e-01 -4.448470097425165082e-01 -1.791793327571011840e-01 8.335545507695604761e-02 2.497391163495830679e-01 2.825885294787465751e-01 8.493706145320775724e-02 1.944429240863546904e-01 2.971421730632284319e-01 1.187463839247760999e-01 2.560803052877633212e-01 2.736711036946061215e-01 -7.503951931801117192e-02 1.699481577885996464e-01 -4.336748889589340794e-01 -1.030896434794684180e-01 -1.813688206505971179e-01 1.948652233921918664e-01 -4.456178050110173178e-02 -3.585771523781811077e-01 4.337773921619800938e-02 -6.687039523775611949e-02 -1.818777110188435353e-01 -3.837579092210872123e-01 -2.626491963294921850e-01 -1.592859459461931290e-02 8.503626228146663260e-03 8.034894971717833345e-02 -1.150118391859683564e-01 3.882622120285778577e-01 -3.507393373083353416e-01 -2.203748336039545175e-01 -1.401636994328432084e-01 -2.906542926004931915e-01 -1.589163487497710914e-01 -2.881209586923090260e-01 -2.679277624176500394e-01 -4.133979017845281628e-02 2.175379081838920980e-01 5.105527800942709638e-01 1.516092652453676637e-01
-2.137025561112002384e-02 5.014132227330860836e-01 8.497447892352526233e-02 1.000000000000000000e+00 4.057684450250204633e-01 -1.779484153039698896e-02 2.266453457420126716e-01 3.579189705468334148e-01 3.302181929704212093e-02 -1.072403599172363081e-01 -1.968669624391367334e-01 -2.497496373158919203e-01 -1.111080402787318344e-01 -1.242562980834109321e-01 -2.312874463421968063e-01 4.689574577367498498e-01 -1.775215274931908060e-01 3.251539327224946541e-01 -1.526411933798318965e-02 3.509096899694875982e-02 -7.001939125813749776e-02 1.116239965934488348e-01 1.714964869999805602e-02 -3.257573764223267720e-01 -6.098515874470741144e-02 -9.659471960436943894e-02 -1.546912270135994971e-01 -1.199467963484329297e-01 -1.433698083713771387e-01 -3.050490989580197376e-01 -2.301904061226139608e-01 1.367380642519801792e-01 2.894506291533182618e-01 2.801361646653393045e-01 -9.355823999491115484e-02 -8.708146615927341017e-02 -6.506190796222337258e-02 -1.494192907633713208e-01 -4.854853978494259176e-02 1.040019322426843744e-02 -1.923755914328829364e-01 -1.433679900036232691e-01 -1.879920328501017701e-01 -2.799316192363894285e-01 -3.132958482191885441e-01 -2.503408476602991262e-01 1.301059815707767131e-01 -3.749681422352239835e-02 -6.916010801540344033e-02 -2.445021234687178024e-01 3.048602474585540012e-01 3.616071285629945398e-01 5.286402381712678178e-01 7.448882192898340637e-01 1.138326084203491739e-01 3.645397351474128494e-02 3.733675353463273283e-01 1.455453308032234050e-01 -1.456204528099729334e-01 -1.909230823864451199e-01 -2.082151276913971893e-01 -1.031506800079280833e-01 -1.276596260460478582e-01 -9.065295843231237216e-02 -5.907418401280053327e-02 -1.850890407017435901e-01 1.536648828805531330e-01 -1.002538077231056174e-01 1.938780938185372393e-01 3.987569953401200462e-01 3.298381649861419768e-02 2.790435819156356426e-02 3.558742930814119687e-02 -6.341790467757835170e-02 -3.862108165299047990e-01 3.666144210468767935e-03 -1.210518265367001994e-01 3.723112406372634537e-03 -2.724400496818710216e-01 6.770979792438235056e-02 2.057654283059029768e-02 -1.087154617883651780e-01 -1.007278546489595167e-01 -4.906243146116962299e-04 -6.555311441810186823e-02 1.654388535837312824e-01 3.769944431736062945e-02 1.525153028574076537e-02 -6.006262972825608670e-02 -2.405804404367692106e-01 1.068535785741279165e-01 -1.055545596892286525e-01 -7.150945630008957721e-02 -6.887891893241519792e-02 -1.989319287804111602e-01 -3.194727501569698536e-01 -1.741391590107745357e-01 5.486385980494819237e-02 -5.153029064068082379e-03 -2.101202293378134078e-01
1.670785352550037128e-01 6.497398534971513540e-01 4.537019684732070957e-01 4.057684450250204633e-01 1.000000000000000000e+00 4.622272777987347370e-01 1.337787761864618619e-01 5.735448011828241377e-01 4.732520627717827777e-01 -1.471524175952261260e-01 -1.949081611247483470e-01 -2.536162450857833983e-01 -2.325630146379489838e-01 -5.303709306590602413e-02 -7.265412037604489226e-02 3.130159260384780540e-01 -7.500887727116430093e-02 2.527608952367518813e-01 -1.974010566130868227e-02 1.182561255574805792e-01 -5.582051734001197002e-02 -1.365476687653251198e-01 -4.740501073446840019e-02 -9.240669827241744516e-02 6.833320603799930559e-02 -1.598489572567733386e-01 -9.311421602243136197e-02 -8.695900015870858257e-02 -2.981046994225474908e-02 -3.610928775907816801e-01 -4.180988915352164548e-01 -5.532012029428201583e-02 8.507596161422803505e-02 -2.655906896780731857e-02 -2.368666643780447667e-01 3.633328388809831111e-01 6.572663019223284886e-02 -2.608880838300419169e-01 -2.912791175513380626e-01 -2.390721732220618401e-01 -3.600999187766791843e-01 -1.263568630472295118e-01 -3.492643450477891376e-01 -3.247711131815581020e-01 -2.946723597925224314e-01 -2.566443335437025297e-01 -1.325346622797367035e-01 -1.174653195094362834e-01 2.475284209095343357e-01 -1.360621093870875431e-01 4.180447585162311852e-01 5.340706514759812062e-01 2.563156093463591079e-01 4.836973253981467491e-01 6.755988062952372752e-01 3.527499419223817934e-01 4.945595825700231374e-01 5.459548383786335668e-01 -1.850413267530869321e-01 -3.006135775369290219e-01 -3.069824314107700292e-01 -2.435684550129357806e-01 -1.541284687923702157e-01 -7.674872631607758400e-02 -7.852601900578932981e-02 -6.797223236225549692e-02 8.389935206209697682e-02 -7.572170412965613384e-02 -4.831712455761423552e-02 1.756418858450349285e-01 -6.731375802793374691e-03 -1.373456587013172914e-01 -6.368934145844923345e-02 -2.890718266122265789e-01 -2.476840099228145020e-01 -1.192223782238254898e-01 5.122773923972674670e-02 -8.491852461637611205e-02 -3.900717339498595004e-01 -1.590196824575312307e-01 -5.383867875996940083e-02 -9.390122458713144604e-02 -2.067086128735573514e-01 -4.640660658015587081e-02 2.453883340910320218e-02 -1.086491639212243537e-01 1.800462408395791247e-01 6.922979591260915166e-02 1.873074645999397436e-01 -2.764881531433797668e-01 -1.577161391466527507e-01 -1.637981698234892147e-01 -2.935060594665159228e-01 -1.531975741874405106e-01 -2.474204688866874779e-01 -3.495238295284588403e-01 -1.712884530754969770e-01 -2.294691620841904714e-02 1.989066790359532155e-01 -7.814968508890107746e-02
2.182841343402108503e-01 4.546842880691902011e-01 6.841838160369355659e-01 -1.779484153039698896e-02 4.622272777987347370e-01 1.000000000000000000e+00 2.152642159249248122e-01 3.987278650191871665e-01 6.615884509378929801e-01 -8.210984054618142292e-02 -4.868057297701167824e-02 -9.038570826499355004e-02 -1.068191636124012495e-01 2.609295032120864111e-01 1.331855291483178827e-01 1.382490784017158525e-01 7.435866375328546718e-02 1.550952589407959825e-01 1.637413525345272902e-01 2.471726610232441723e-01 1.065044602773443233e-01 -2.834348375929404140e-01 3.751850760174715166e-02 1.020880890647083566e-01 1.766969669878425409e-01 -2.878672294604527337e-01 -1.695984536646523988e-01 -1.825983604591240594e-01 7.772674070684612579e-02 -2.265512203585798578e-01 -2.778978994595351915e-01 -7.990202957986164423e-02 -1.281404691678598440e-01 -1.642033298848896983e-01 -3.208716923091440854e-01 3.175655451098717830e-01 -9.820903838415886988e-02 -1.519983730363140551e-01 -6.289606708980335914e-02 -2.411275880161669119e-02 -2.623061327771502027e-01 4.979693558510819851e-02 -3.043362013149858991e-01 -1.999825326226574718e-01 -2.367995490797742131e-01 -1.563744502609316911e-01 -1.441166975095113101e-01 -5.853602493870634776e-02 7.105963327467929025e-01 8.488680374685131369e-02 3.290652342488913362e-01 4.914439026441948521e-01 8.074048205554659741e-02 8.227818043130137593e-02 6.814090203300556814e-01 7.354095400078283218e-01 2.759036477372408536e-01 5.312667742033750917e-01 -1.002604988254212348e-01 -3.248551881906229788e-01 -1.805512720309619679e-01 -8.753456888921049006e-02 6.937908233077209885e-02 1.984015162653431363e-01 1.677023902472243866e-01 1.234067914189024562e-01 1.277951701402552098e-01 7.091343206209985151e-02 -1.762779449834286916e-01 -7.204111914886850154e-02 1.299223163787469049e-01 -3.076350979519604234e-01 -2.598203158756814263e-02 -2.003133217762870233e-01 -3.397364205609882531e-02 -2.128954316925605883e-01 2.022191366464423934e-01 -9.148948572852125261e-02 -1.903273159476754350e-01 -8.167820728395137897e-02 -2.734017110101736869e-01 -3.279392450321134134e-01 -3.632903508136789972e-01 -2.752965515351037951e-01 -1.380119541907171843e-01 -2.169701236805529343e-01 1.918541385879190750e-02 -1.568098746820140998e-01 3.332901804184019157e-01 -2.403445688186742479e-01 -1.691124724122052003e-01 -5.012570403634910438e-02 -1.451161045081134915e-01 -1.901637447087999588e-01 -2.417907462917165684e-01 -2.106470090086383362e-01 -1.315059183592637015e-01 8.245799551461735488e-02 6.018614112057751875e-01 1.213952166045039888e-01
-1.440591930422240874e-01 2.592453493086601668e-01 2.161200819119919458e-01 2.266453457420126716e-01 1.337787761864618619e-01 2.152642159249248122e-01 1.000000000000000000e+00 3.246831819699433352e-01 2.936819949996488099e-01 1.015751607022891551e-01 2.275170484732093323e-02 -1.256194022581937075e-02 -6.165323984828618986e-02 2.103044391852488745e-02 -1.582246792050733541e-01 2.800712292237794721e-01 8.196299822239085098e-02 1.517472416273399904e-01 1.166443894124565561e-01 5.455089282324503130e-02 1.516691882622835455e-02 -4.735289349725111535e-02 3.990572547185938790e-02 -3.174884265782600135e-02 -1.492108097130125446e-02 -5.141685848060247033e-02 -9.284842366826881466e-02 -3.397664159298779962e-01 -1.618554071045885390e-01 -8.578607767419503538e-02 -1.183304275360856916e-01 -6.803522790907451379e-02 8.149547191131040202e-02 7.541154856675094664e-02 1.071779261795492572e-01 1.445660192418895575e-02 -2.585184720612985210e-01 1.147115639631525186e-01 2.458500098247676791e-01 4.594866801344920648e-01 2.013231646449482604e-01 1.338702252534091364e-01 1.464592665688216333e-01 -5.011388352475237146e-02 -1.275197341539945029e-03 3.158480660385184352e-02 -4.430908547333658326e-03 -3.003207009417865891e-02 1.468410128185672903e-01 9.572058873349643948e-02 8.852370545874091445e-02 2.280672165915880456e-01 4.223673115933536670e-01 1.588111730468166338e-01 2.116741845044005921e-01 2.820229140883024899e-01 2.103643893260164488e-01 2.726776109774883827e-01 1.861701613905765787e-02 -2.021309505645970117e-01 -3.870829289398394074e-02 -6.200741266867354495e-02 -4.586231116212746012e-02 2.826519665682423674e-02 9.269994511817458704e-02 -1.316942132544964006e-01 6.449508564506292174e-01 1.869565405385432283e-02 3.106547544582885512e-02 9.110310756574267754e-02 5.956480291052070747e-02 6.546031214005898491e-02 2.439855475840216684e-02 2.669231938851566732e-01 -5.464255282804520580e-02 -7.152135153414508617e-02 -7.389871603877883055e-02 -6.985685984220743605e-02 -1.567802070541978177e-01 -5.826338715120292500e-02 -1.534351539208391735e-01 -2.041788640502977537e-01 -8.226844072863224999e-02 3.573084842815284906e-02 6.196233017101899533e-03 2.228338565641881097e-02 -1.976502227336536521e-01 -1.322640183624283761e-01 1.927551478150373032e-01 8.777882936790301627e-02 6.474723388385084100e-02 1.608971130695301399e-01 2.438930419794531068e-01 -8.056650442770393883e-02 4.995801757287877259e-02 -1.152875073332187451e-02 4.263449554594906515e-02 7.344056209071200825e-02 2.848496173458461289e-01 9.389138885327091844e-02
6.288694184648639662e-02 6.662832876927707870e-01 6.026701236940948947e-01 3.579189705468334148e-01 5.735448011828241377e-01 3.987278650191871665e-01 3.246831819699433352e-01 1.000000000000000000e+00 6.742676784963127501e-01 -3.052325700555423293e-01 -2.532116123684327591e-01 -3.683651211300060235e-01 -2.382498514191657701e-01 1.878056875409225002e-01 2.870727506381301366e-04 4.166401424877439474e-01 1.933837681232815076e-01 6.255965799326205223e-01 3.663505789279052904e-01 1.914084433258051998e-01 2.124403691363849489e-01 7.757857629358531383e-03 2.030566234807125447e-01 -1.160576079796433041e-01 -2.381260128529459619e-01 -2.684280948806919143e-01 -1.470233233300950737e-01 -2.280324907160868331e-01 -5.359265426544056882e-02 -3.208581378268154372e-01 -4.117058899142641559e-01 -1.597721837898871400e-01 -2.841074087758384617e-02 2.668071518404987463e-01 -3.133787869545246463e-01 3.209329147386380532e-01 -2.379261869424506570e-02 -3.416686113927151491e-01 -2.808593575902251227e-01 -2.627421903314201002e-01 -3.154674120550741145e-01 -3.241827760974803074e-01 -4.061661976202070590e-01 -3.169954856913849151e-01 -3.236499435582598783e-01 -2.606979704132770248e-01 -6.478054646108971637e-02 -6.457914822329187399e-02 3.133884680414950052e-01 -1.351467939748261793e-01 4.256441682541523552e-01 5.996075549897956769e-01 4.021999317943167340e-01 4.009419135678685131e-01 6.405377747782932119e-01 5.207627960254337385e-01 8.162938309920156899e-01 7.860611190982171870e-01 -3.588141320172748561e-01 -2.889958545162834014e-01 -3.947459983750893908e-01 -2.601569706576323804e-01 -1.169090656733801081e-01 2.033629435389255613e-01 2.613110564999393537e-01 6.288442106111002136e-04 3.171875707271913925e-01 2.334395764862291778e-01 2.306437658858561668e-01 5.047189826684279623e-01 2.361345866788629733e-01 -2.927474575104108481e-02 1.788747853515832986e-01 -3.111432826607042346e-01 -1.670866142140761124e-01 -2.372645882580748100e-01 6.699463682837403233e-02 -1.281272251178150468e-01 -3.375247925326477216e-01 -5.971906975951332686e-02 -9.901216451639095750e-02 -1.898242240047589013e-01 -1.888513643788869434e-01 -9.187330402201071555e-02 8.695022226333950013e-03 1.504521162799485161e-02 7.786919060613357868e-02 -1.423875884831000971e-01 2.861102749300192816e-01 -3.988005304815442909e-01 -2.168107677939262179e-01 -2.331915117107122015e-01 -3.143024816187727777e-01 -2.393447051779776236e-01 -3.242906058651681134e-01 -2.773639900505931455e-01 -1.642299303636894359e-01 1.252961455098964838e-01 3.818615535589388599e-01 -4.976429283779877644e-02
8.325549022103020946e-02 5.119300463742774143e-01 6.841555675421259197e-01 3.302181929704212093e-02 4.732520627717827777e-01 6.615884509378929801e-01 2.936819949996488099e-01 6.742676784963127501e-01 1.000000000000000000e+00 -1.960771107095824195e-01 -1.339906612104824479e-01 -2.146130296641509394e-01 -1.825180958638778217e-01 3.299052838935030985e-01 1.137841486467608548e-01 2.046196268914349248e-01 2.232716264396886474e-01 3.363719502303616493e-01 3.822445398806999517e-01 1.733155996897825235e-01 2.261160745743239497e-01 -1.646719405560550242e-01 1.455462808193331292e-01 6.747125003919285380e-02 -1.106721596141191505e-01 -2.734314668443869056e-01 -1.307995369183465872e-01 -2.380975074734192898e-01 -2.858805195993829526e-03 -1.828067500628401676e-01 -3.114689425083519425e-01 -1.406346221393181828e-01 -6.963825783404406500e-02 -2.418629602075489556e-03 -3.025140834949742175e-01 3.691188533455712073e-01 -1.147103025397618048e-01 -1.600151806507225938e-01 -1.267075276975790643e-01 -1.312860627254547052e-01 -1.891388210177027129e-01 -1.320451828309452957e-01 -2.735035008181482263e-01 -2.161565201255084834e-01 -2.301011318311420306e-01 -1.338339283992596163e-01 -1.130327829822693891e-01 -3.696029867594727292e-02 5.137208685542873354e-01 4.952639061512568303e-02 3.452212038073008138e-01 5.072350602295797595e-01 1.942700209611767093e-01 1.211477674005282112e-01 6.667672101019110897e-01 7.441961662877848438e-01 5.352549621507466382e-01 7.880102745533328346e-01 -2.404035977474341113e-01 -2.707381780034925356e-01 -2.760413238423212734e-01 -1.899843282105866671e-01 1.248526221880891414e-02 2.987300134211969271e-01 3.159596362298632832e-01 1.241677601108402001e-01 3.073174386776070799e-01 2.213302899409600177e-01 -3.744673662156500910e-02 1.133282978354320236e-01 1.885381991414704361e-01 -1.760371404239496063e-01 8.212612320257089982e-02 -1.756050112574413513e-01 -4.128017403725990631e-02 -1.974362556593181883e-01 1.364669739668402382e-01 -9.693588096593255821e-02 -2.394936613544048909e-01 -5.644680222928825236e-02 -2.217186024208716022e-01 -2.769663528113952555e-01 -2.602315266263842131e-01 -1.665124094308833291e-01 -3.276405260851535106e-02 -1.100209206776360388e-01 -2.838233710495996140e-02 -1.927802876749964145e-01 3.628502746855535865e-01 -2.446421277927134930e-01 -2.066011262554010297e-01 -1.219915100966232901e-01 -1.682386895263455195e-01 -1.760765105045963563e-01 -2.046790279398536250e-01 -1.806276749311250540e-01 -8.320347337523019415e-02 1.132966831587245704e-01 5.284508978435257243e-01 1.005584767633991294e-01
-4.157179923400358690e-01 -2.809353266689750828e-01 -3.611819584573798814e-01 -1.072403599172363081e-01 -1.471524175952261260e-01 -8.210984054618142292e-02 1.015751607022891551e-01 -3.052325700555423293e-01 -1.960771107095824195e-01 1.000000000000000000e+00 6.789407376326221932e-01 7.519528889505805447e-01 -1.236876427458748033e-02 -1.951236994178510431e-01 1.069983854982636123e-01 -2.751093729499226592e-01 -3.742929908440735809e-01 -4.082934347916605256e-01 -4.258498546671715679e-01 -2.126921144564545285e-01 -2.558669943735710217e-01 -2.963493693062153045e-01 -2.370511808498998452e-01 3.031800148141658990e-01 4.138501116487449671e-01 -2.340062518542383729e-02 -7.756244488229285805e-02 -1.056231487055673129e-01 -7.805471691914796228e-02 2.268588723730983470e-01 2.851343215912240381e-01 -6.541519207155539750e-02 7.655085481463165531e-02 -4.023190923995294543e-01 1.842998405633663184e-01 -2.426562115288636301e-01 -3.488839141466217875e-01 3.160800392626701982e-01 5.731568432567799576e-01 5.575949437325963265e-01 3.712333155930370998e-02 2.386700613080685873e-01 3.064771694939719682e-01 1.700081600080685373e-01 -6.332186518559186975e-03 -7.931653982502324951e-02 -2.035622151449745509e-01 -2.174071453402688647e-01 -1.534524732923987778e-01 -7.412865476273908238e-02 -3.429455316227507655e-01 -4.215607471159379394e-01 -2.016779174928936269e-01 7.554178844324473986e-03 -2.489129717098285954e-01 -2.339188154729383295e-01 -3.453124666994355496e-01 -3.162583779986178345e-01 8.478627305458408259e-01 2.010357041294637548e-01 5.814872169116219736e-01 2.824545001596689975e-02 -6.629940690709262840e-02 -1.655799139660412700e-01 -2.643240575628101885e-01 6.477021432019094971e-02 -1.089060873127602608e-01 -4.703963589903049081e-01 -3.989524245899765398e-01 -4.271964193798209464e-01 -2.427619596325631401e-01 -2.690929712254803707e-01 -2.926261976920963015e-01 5.824120945409609895e-01 1.529378658699432486e-02 1.753280201395289173e-01 -1.736978451078560401e-02 5.936630854239487165e-02 3.687000445206161658e-01 -8.684029165812266748e-02 -3.257786246979391120e-01 -3.047784065438228218e-01 2.208448153576292664e-02 8.568167346792839034e-03 -1.828285359555582301e-01 -2.584796309223720279e-01 -1.981723250890838062e-01 -2.644944091399482194e-02 -2.961166403623372578e-01 2.353054382800083277e-01 2.925739131395406201e-01 3.130627538278024646e-01 4.394014272867196036e-01 -4.602960416481109707e-02 1.857849239394021579e-01 1.594947394702529442e-01 -1.102325236290522259e-01 -1.900587234913427848e-01 -1.468825440218734513e-01 -1.214779904409032940e-01
-4.807225346483830486e-01 -2.888352035297298004e-01 -3.524630546916974194e-01 -1.968669624391367334e-01 -1.949081611247483470e-01 -4.868057297701167824e-02 2.275170484732093323e-02 -2.532116123684327591e-01 -1.339906612104824479e-01 6.789407376326221932e-01 1.000000000000000000e+00 7.881765195148502379e-01 1.153548817785656350e-01 -1.973860372659641260e-01 2.031747477035877048e-01 -4.000505978485667247e-01 -2.535574569819883384e-01 -4.081488277238627949e-01 -4.074229792112417647e-01 -1.977260034826074653e-01 -2.445180959543919175e-01 -1.748689909405137521e-01 -2.164833663854916213e-01 4.771562001301951628e-01 2.926412621978100037e-01 9.694706239704807549e-02 -1.555913329532021550e-01 -1.740608079505304162e-01 -3.835589960042157243e-02 2.562216397413728530e-01 2.572084326634925810e-01 -2.656112759239962484e-01 -1.191436280419728433e-01 -3.721292760879668648e-01 8.912367727713878252e-02 -9.336624468786676456e-02 -2.798153629487298288e-01 9.708963248682372926e-02 4.951398194067188618e-01 3.642916216957524100e-01 1.412289550837743657e-01 1.426743022780643244e-01 2.987939666325735710e-01 3.211171888411123998e-01 1.300178521107515084e-01 -6.646963189724781895e-02 -2.073125389713264544e-01 -1.722689513281835116e-01 -4.563329457592139871e-02 -2.448707977598334889e-02 -4.024917692265383429e-01 -4.419115808562875114e-01 -3.510172491447331455e-01 -4.743467757922518319e-02 -1.799426839355631746e-01 -1.879600809518217064e-01 -3.047916696804917058e-01 -2.322200866387496565e-01 6.812722517401951228e-01 4.568794952634245843e-01 7.316792668831613167e-01 1.334911360327310781e-01 -1.634685707751115380e-01 -1.445166300670445991e-01 -1.968998436141317643e-01 1.490189418557698320e-01 -9.593452890995271543e-02 -4.569627811346005375e-01 -4.523187922701276675e-01 -4.156801101479811189e-01 -2.568836077388112482e-01 -3.414714575477295067e-01 -2.335793837032598130e-01 5.400201497138957807e-01 2.516155754294430724e-01 2.356952914782664832e-01 8.864170823804713717e-02 -5.091288715792611358e-02 3.251863903599287453e-01 -2.241721488168679222e-01 -3.377666860648780300e-01 -1.881954265959547568e-01 1.062473339110664994e-01 -3.627563708037535167e-02 -2.134297460469226082e-01 -2.851725164648827304e-01 -1.401242594136613839e-01 -1.407853945547790642e-01 -2.034851991737407773e-01 2.898372530663264057e-01 5.002719290440644367e-02 6.554295802660575765e-02 2.349004190889650567e-01 -9.806783525735375540e-02 1.580626722391202943e-01 3.522556326641116398e-01 -1.205972605469139702e-01 -1.656623572676607647e-01 -5.470034589690615269e-03 -6.953202231559310609e-02
-4.501170042229796220e-01 -3.709966158074702869e-01 -3.865048632351306690e-01 -2.497496373158919203e-01 -2.536162450857833983e-01 -9.038570826499355004e-02 -1.256194022581937075e-02 -3.683651211300060235e-01 -2.146130296641509394e-01 7.519528889505805447e-01 7.881765195148502379e-01 1.000000000000000000e+00 1.741433317839775063e-01 -1.948804712245050808e-01 8.479924248342028681e-02 -3.784299978917036178e-01 -1.914903461165704812e-01 -4.326410638105314121e-01 -3.956743154725595457e-01 -2.238792684995141724e-01 -2.824159942630013465e-01 -1.525191704892082945e-01 -2.791773736895747926e-01 4.365575771626639123e-01 3.327740671029101316e-01 1.851308879110845629e-01 -3.108945241628670308e-02 -1.616723094036646644e-02 -5.756677874681300627e-02 2.899821795765220034e-01 2.485168600864406108e-01 -2.274613844925240935e-01 -6.806855250690389825e-02 -3.423415357615227084e-01 1.828166468896346708e-01 -1.220649516849200839e-01 -2.093860282345945956e-01 2.308973899337622704e-01 5.266099864878973635e-01 4.351065026428200255e-01 1.675775424692832194e-01 2.265545598998518484e-01 3.568822920849216707e-01 2.879349454626310978e-01 1.422504518224645687e-01 1.571285709991070145e-02 -1.987078385365740052e-01 -1.797702303951315417e-01 -8.491097596972844996e-02 2.218181383886051392e-02 -4.792903396794181980e-01 -4.828185203706034656e-01 -3.271073169337130326e-01 -1.425505684900602588e-01 -2.559766666431833038e-01 -2.275155968221437564e-01 -4.120261438650679175e-01 -3.155531538872241026e-01 7.625018553991050885e-01 4.193165925699836039e-01 7.850996319275125312e-01 1.896199739734129031e-01 1.857972934512700999e-02 -1.403755389250159191e-01 -2.415765413263324113e-01 3.898095159388938191e-02 -1.721953363850294572e-01 -3.765856786181829841e-01 -3.908708129757100802e-01 -4.405322230231587533e-01 -2.833453709830256462e-01 -2.414860218707301498e-01 -3.030188622120191799e-01 5.332262117676355162e-01 2.501350706734569163e-01 3.168924702721356845e-01 1.213204246763300610e-02 -7.104404055778259543e-03 3.169176927502450059e-01 -2.024374372575390435e-01 -3.197230925829526726e-01 -1.683575348209013500e-01 9.341842647925557852e-02 -8.933484923665300712e-03 -1.743539023962975276e-01 -2.785159166035910960e-01 -1.145717680743026795e-01 -4.463329850365743007e-02 -2.249987183968275295e-01 2.849845275543224088e-01 1.155989253796860794e-01 1.997907820727481409e-01 3.509276035536108562e-01 -5.528085062920394532e-02 2.007508509323712720e-01 2.887752092869025899e-01 -7.046428225721458605e-02 -2.311431309000789025e-01 -8.723073047217373699e-02 -3.494327709918305241e-02
1.216688654287058011e-02 -1.864732911366493995e-01 -1.461691259099966445e-01 -1.111080402787318344e-01 -2.325630146379489838e-01 -1.068191636124012495e-01 -6.165323984828618986e-02 -2.382498514191657701e-01 -1.825180958638778217e-01 -1.236876427458748033e-02 1.153548817785656350e-01 1.741433317839775063e-01 1.000000000000000000e+00 -6.736245277474846305e-02 -1.922291049807652308e-01 -2.261251942359453482e-01 7.535521439131774579e-02 -1.434618696455951525e-01 -5.393510594631770877e-02 -1.488817392880839030e-01 -1.439463465738833881e-01 1.317251237332248137e-01 -1.407714730466954889e-01 -4.408457104696317935e-02 -3.384191888549789584e-02 9.432250126970097293e-03 2.350830151090838732e-02 4.906990502165447382e-02 -1.319546423832905768e-01 1.060083120431146164e-01 1.366706637478108943e-01 -1.821825946295951848e-02 -1.418682774224791499e-01 5.071428428334929378e-02 1.976890708779509287e-01 -1.020780415151342768e-01 6.773458027922059366e-02 2.042530220269186403e-01 1.758289138245275329e-01 1.959067363790599758e-01 2.648641669006151500e-01 3.609718077285427318e-02 1.598213418651628082e-01 4.695086416663969003e-02 1.603573064019174765e-01 1.940991878644225122e-01 5.080023171349890704e-02 -6.719063414183262806e-02 -8.906261453120713212e-02 1.098822470366609821e-01 -2.625543680861615048e-01 -1.942347445534596262e-01 -1.402619233014444355e-01 -1.414199719445373982e-01 -1.613872191794796795e-01 -1.592731749831661492e-01 -2.416691889994328768e-01 -1.692246595228134309e-01 1.286761121338821368e-01 2.687548150093751476e-01 2.780095339171053670e-01 8.456903858347771807e-01 3.590701086837677636e-01 -9.095763432268691440e-02 -6.463586263062573445e-02 -2.033438003053234522e-01 -3.985738323586492104e-02 -2.779630391757563837e-02 -1.397436185213991044e-01 -8.786459546129377074e-02 -1.687792477296010951e-01 6.586836871444080865e-02 -1.387228541146691696e-01 1.470750695640703209e-01 1.513947261178409942e-01 -5.278786664976153897e-02 -1.515656767978808828e-01 -1.483332630366616667e-01 1.601602287579633188e-01 2.468620709432535129e-02 -6.891564907780690918e-02 1.027859807565745243e-01 1.117523721898750627e-01 8.804249158011218102e-02 -5.855111895737193789e-02 -5.238200024507323402e-03 -4.406412049359794553e-02 -1.880479944918521107e-01 -4.133935202906006967e-02 2.210122111917386667e-01 -1.213663674154486088e-01 1.045849452200646457e-01 2.432267479119990805e-01 -5.955075997601900172e-03 3.317341447077273159e-02 1.338066777142880859e-01 8.933296190156757299e-02 -1.347777912161613467e-01 -7.112214454780141359e-02 6.230879501031422185e-02
9.849201887162335051e-03 6.768292013451575329e-02 3.439914973064644999e-01 -1.242562980834109321e-01 -5.303709306590602413e-02 2.609295032120864111e-01 2.103044391852488745e-02 1.878056875409225002e-01 3.299052838935030985e-01 -1.951236994178510431e-01 -1.973860372659641260e-01 -1.948804712245050808e-01 -6.736245277474846305e-02 1.000000000000000000e+00 5.918223858104039170e-01 3.483814185277336883e-02 4.352462743653356392e-01 2.490547078090721012e-01 6.647069288657395658e-01 2.885332191247237943e-01 7.266659552080563245e-01 6.571379633307426749e-02 6.257364339584597923e-01 1.813381038932750933e-01 -2.072808223629190039e-01 -8.475771349977226365e-02 6.685627243864236680e-02 7.191084766945261136e-03 2.674017588793386468e-01 1.850413144352282269e-01 -7.772143146070763231e-02 5.074409498523151790e-02 -6.720939139436388210e-02 1.815118186921778343e-01 -1.952180635893323302e-01 2.888210299852160198e-02 5.622841893692046705e-02 -8.611085799844245270e-02 -1.154464036725898618e-01 -1.796434102279203249e-01 -5.367528303696525449e-02 -1.009463695693593871e-01 -2.619151055796026806e-01 6.037007980069174912e-02 -1.329397746660478108e-01 1.551051741825091312e-01 3.459059315474992125e-01 3.707065584391858737e-01 3.460082494706415712e-01 2.765826056509330111e-01 -2.185284949991206024e-02 1.055372391950927524e-01 -3.708069386514169230e-02 -1.605926479690903408e-01 1.152897757113713756e-01 3.942806411061284266e-01 6.612272297958723954e-02 2.261081571566655735e-01 -2.549360039593497884e-01 -1.207425881718729999e-01 -2.539032612586089588e-01 -9.177297236001108471e-02 4.645900703371597107e-01 7.016575399358889742e-01 7.348826132031163194e-01 6.064653644003354938e-01 -1.095211112498778311e-01 5.185182162959248720e-01 2.609786541909518420e-01 6.618888596752132980e-02 5.799340795607971222e-01 6.240645148094908778e-02 5.159213721265339947e-01 -2.807030246745268465e-01 1.780471754114281713e-01 -1.528322476496402071e-01 3.873394271187391991e-01 4.040747214181627522e-01 -9.806826430032078781e-03 2.407578807758667394e-01 -7.545008256945741343e-02 -3.140384354222905405e-01 -2.801852745942913780e-01 -1.898374673038629168e-01 1.059299423037041166e-01 2.967792320455008848e-01 1.146850885603932779e-01 5.976723031629456451e-02 1.583128437023332002e-01 -2.547215304978695527e-01 2.063927444106658862e-02 -1.633787447125997494e-01 -1.475340180350090957e-01 -3.879836550701921960e-02 -1.948986652019768506e-01 6.682742026818833114e-02 1.875357360484106728e-01 4.702510505976055244e-01 2.783957683771716707e-01 2.634544917946767817e-01
-1.783016897529199618e-01 -7.663360968831751940e-02 8.781104527244493196e-02 -2.312874463421968063e-01 -7.265412037604489226e-02 1.331855291483178827e-01 -1.582246792050733541e-01 2.870727506381301366e-04 1.137841486467608548e-01 1.069983854982636123e-01 2.031747477035877048e-01 8.479924248342028681e-02 -1.922291049807652308e-01 5.918223858104039170e-01 1.000000000000000000e+00 -2.660234223390073316e-01 4.317452085505662715e-03 -5.886711660236981086e-02 1.776755130145125094e-01 2.859738520222141478e-01 5.992719037476377242e-01 -1.515193243635789555e-01 5.366258269192411001e-01 3.904463934956287074e-01 -4.175279756949608345e-02 -2.959351028352547042e-02 -7.367540055478529436e-03 2.457974918763713990e-02 4.201716777496858346e-01 3.790670941036334840e-01 1.077089412452313655e-01 -3.060066756250826026e-02 -1.230905953040843798e-01 -1.507912589433731965e-01 -2.243386678228684872e-01 7.308745089602616818e-02 3.520913846259888375e-02 -2.077820834633912483e-01 -9.954300281127041045e-03 -8.921787124459146234e-02 -9.407614311677853225e-02 -1.049705660018406955e-01 -2.208862963088852605e-01 2.228955648876940476e-01 -6.457585471976588776e-02 2.692841136121256959e-02 2.551555038483606097e-01 2.952647718922105646e-01 2.579879848672945730e-01 1.954622184134338359e-01 -1.500857403513004007e-01 -1.471316680664022380e-01 -3.492061258059320217e-01 -1.449639574119105934e-01 -1.355013194614114805e-02 1.428803417696503653e-01 -9.843118811115507405e-02 -1.643268430965867839e-03 6.161157905218969666e-02 5.312805740645090008e-02 2.162333664341440590e-03 -1.744796186735088073e-01 2.393376563712072691e-01 4.381113138138530982e-01 4.922106437509569110e-01 8.688265539396576864e-01 -2.729116835887553938e-01 4.559003769761980907e-02 -2.511866438233353524e-02 -1.622296105577122893e-01 4.961438510896297172e-01 -1.828145270229362684e-01 4.256165333974431531e-01 -6.045063006000094691e-02 1.760735223804414384e-01 -6.126969420918064457e-02 5.863122849728027441e-01 4.646302904199606787e-01 1.940627026395169707e-01 1.587211846853303909e-01 -7.168516110360777238e-02 -2.508811626293537267e-01 -1.674195540353154155e-01 -2.183793190979463061e-01 3.485453552366135632e-02 1.774502829101377854e-01 2.175014946716156417e-01 1.275301621553652232e-01 9.252346419626350515e-02 -5.498981986618462631e-02 4.515656491144943128e-03 -2.429333116464421072e-01 -1.775067999742596936e-01 -4.907968273354065131e-02 -1.855866329466409892e-01 2.382520409991953636e-01 4.596870615692634499e-02 4.564089471456767022e-01 1.969049150482853061e-01 1.685999417647053578e-01
