1.000000000000000000e+00 1.064805184905346785e-01 4.012977041738757800e-01 -2.370706269654042908e-01 -4.688785600030226375e-02 1.708782402756126861e-01 -1.243306261492765075e-01 6.107419650466132388e-02 2.325991948775071524e-02 2.776108407827332716e-02 -1.944970775525398099e-01 -1.759751156698042551e-01 -2.935109054347359026e-01 -4.289496462745024385e-01 -4.977874310682097736e-01 9.801830821846320430e-02 -2.505316032484417033e-01 -1.432840037358305840e-01 -1.334648211993806899e-01 -2.416469993193189059e-01 -2.509762967874092365e-01 -3.498267971025486589e-01 -5.045956301801187704e-01 -2.572238154535976817e-01 2.602273099174027271e-01 -1.703453994581379527e-01 -4.560368045474975651e-01 -3.437488589793292193e-01 -2.460864387920373431e-01 -4.963373573078588841e-01 1.752433836758270913e-01 3.002284278721912281e-01 -3.029165403236282542e-02 -2.434045465015400034e-01 -3.251143500743384762e-01 5.306774706691582202e-03 -2.456234659586419844e-01 4.660481306471109253e-01 1.252583823502783147e-02 -1.733095076569700910e-01 -1.398299332482505763e-01 5.070279246704828546e-02 -9.231643772849999763e-02 -1.063229719347910524e-01 -3.094850706095841897e-01 -4.536424103464406499e-01 -3.856957525865462588e-01 -4.031959926946819261e-01 3.151556496197996937e-01 -1.373301867510318998e-02 6.678204574868111809e-01 3.801976440535149715e-01 -2.169929597680422817e-02 -1.797541096453806608e-01 2.301296275334012431e-01 3.032121514337543511e-01 6.217289733863302220e-02 -2.020417649181431574e-02 -4.619969768031302604e-02 -1.968965554123234263e-01 -6.839211852914903189e-02 -2.236501437323963615e-01 -3.755483625184100616e-01 -3.799097272273489478e-01 -3.943737226567335385e-01 -5.093364542010768714e-01 -8.205815422248416424e-02 -1.842697773368352776e-01 -2.804213654705308700e-01 -1.770675113440335346e-01 -3.592331999989097913e-01 -3.202825039398312645e-01 -4.406912362133406647e-01 -1.698750102546853769e-01 -2.705583285504656876e-01 -1.192717449518400502e-01 -2.226090259600305987e-01 -4.564132425526994385e-01 7.476158462491259982e-02 2.120228011667767976e-01 -2.248225034010630785e-01 -1.660757211329520477e-01 -1.418100759692539625e-01 -3.058440538725293312e-01 -4.305745588253843681e-01 -4.326042657959869864e-01 -2.960303326471364627e-01 -2.895037329807021442e-01 -1.983268594428807541e-01 -1.311152203897670565e-01 1.868795595374868612e-01 3.003517798269134120e-01 -1.018942978812782951e-01 -4.471484385412619056e-02 -7.628937308162055120e-02 -1.780661013261507775e-01 -4.627035289659739981e-01 -3.539236707636250201e-01 3.098281373179005427e-01 5.232098372708304801e-02
1.064805184905346785e-01 1.000000000000000000e+00 4.917543892699998143e-01 5.511806047831693256e-01 4.964120004499440464e-01 1.608477258803310550e-01 1.744211475090234331e-01 6.505083680792946854e-01 3.412404771810160220e-01 -3.976654499317279767e-01 -3.276854372228574230e-01 -4.783159154309656325e-01 -2.148260572334452778e-01 -1.280422876732720261e-01 -2.470544100010638455e-01 5.123348505888236648e-01 -1.953930575377276976e-02 5.401076136051007337e-01 7.213939700275140421e-02 -1.350495452871341463e-02 2.670116299450259190e-01 -8.567128830622702806e-02 -6.683144443446674583e-03 -2.304681209151412946e-01 -2.480008225796902777e-01 -2.571001716524197733e-01 -1.699990872288653088e-01 -4.858522968293371158e-01 -3.634103057342833454e-01 -2.396096968494788870e-01 -2.246526347991928685e-01 1.436775425941316103e-02 2.102495455136141518e-04 -8.328994054618919785e-03 -9.554095947491046681e-02 7.668929505507798838e-02 -4.083691825556942101e-01 8.928230457634685896e-03 -2.034424912304663435e-01 -1.592627788565528224e-01 -7.071689501534206279e-02 -3.692026138842890437e-01 -7.876752714798279653e-02 -3.397677950570333616e-01 -8.494279916235104866e-02 -1.400038348279140643e-01 -2.674131697239164052e-02 -1.684963530272947929e-01 1.969721315136050213e-02 -1.221691841892986186e-01 3.320814497680418809e-01 7.034352727835525565e-01 5.004613760089858809e-01 6.484175952563104861e-01 4.757531514387895455e-01 3.075602938424312205e-01 7.023556247948802289e-01 4.899543705138587613e-01 -4.282574550837281446e-01 -2.974995907670238693e-01 -2.564544290154169848e-01 -2.251392125620741980e-01 -3.372314949594922284e-01 -2.486354969433729190e-01 -1.120430014424655812e-01 -2.960795987136148888e-01 -7.399151668938372395e-02 -4.016295821240226105e-02 4.831765356591705834e-02 4.685713692078072312e-01 3.738011431032189913e-02 -4.554578224679096260e-02 -1.257287003514780954e-01 -6.233181936975387000e-02 -3.720980330020438598e-01 -3.101749566064757602e-01 -3.221447048221086629e-01 -2.623495085043157093e-01 6.206988551134340337e-02 -5.838961151101629277e-02 -1.956333375709579936e-01 -3.649014818806068927e-01 -3.578376861166833733e-01 8.252938864758499471e-02 -1.414298663582768401e-01 -1.260321758733558006e-01 -3.087677734950768915e-01 -3.328924775278641612e-01 -7.369077715419268537e-02 -4.077407771129535896e-01 2.137588192941220974e-02 -6.391803831757725263e-02 -1.178058020878380019e-01 -2.878755835861421253e-01 -1.595192842754177831e-01 -1.506022195323538093e-01 -2.180943585919040417e-01 -2.162230866756093828e-01 3.997312064043050117e-02 -7.108619190284708178e-02
4.012977041738757800e-01 4.917543892699998143e-01 1.000000000000000000e+00 -6.875997821569518331e-02 7.593601555322371244e-02 6.033501309331529283e-01 1.618321014537494051e-01 5.518636147686322158e-01 5.403190958781526332e-01 -9.228161854928029761e-02 -5.552563395079045810e-02 -1.748006330347876558e-01 -1.535041015508385454e-01 -1.618816650869325802e-01 -2.549068546599257967e-01 2.789862747774001228e-01 6.014664533099768617e-02 2.963476079168098631e-01 2.114443569446619320e-01 -7.711708134832979261e-03 2.268395776366441408e-01 -1.822846883694730080e-01 -2.290444784605753792e-01 -5.750636390544417581e-02 1.186663384659859682e-01 -8.246852234152984851e-02 -1.958144858044853220e-01 -3.969521074879100997e-01 -1.370404106952236856e-01 -3.880790555541508424e-01 -4.131976034952226755e-03 -4.749535038302647033e-02 -2.649280074346528902e-01 -1.836564454633346777e-01 -1.374048339989260015e-01 3.450590264226820469e-01 -1.939993786148252741e-01 2.579431024038894571e-01 -1.858906408628262785e-01 -7.566369283675751511e-02 2.687329693548596785e-02 -1.747607401072281963e-01 5.653211662061974341e-02 -1.579955798363859298e-01 -1.927245012896658116e-01 -2.090777092525231695e-01 -1.308673839212650680e-01 -3.211676737217752930e-01 4.805029862854115486e-01 1.671987117266782730e-01 4.032522481811737225e-01 7.295400577267777686e-01 1.822192066510242014e-01 5.010533583027074189e-02 6.865425596076975001e-01 7.338177467517820185e-01 4.717409043684028802e-01 5.480350617766797106e-01 -1.497474482039059807e-01 -1.358524110339489610e-01 -1.076164239672123130e-01 -1.094607156733131137e-01 -2.582292008706127961e-01 -1.514286035705084410e-01 -1.439518240078917766e-01 -3.098349813287981092e-01 -6.067127270916935350e-02 6.872328569053424985e-02 -1.831691968775467083e-01 2.478604531441544467e-01 3.985713588062050894e-02 -1.449754948334244509e-01 -2.568324042507648119e-01 -9.343642086009436645e-03 -2.460931685419450732e-01 -1.038760461736309287e-01 -1.528783072740075299e-01 -3.360181307091582026e-01 1.200964593798448526e-01 -1.142470029507075269e-01 -2.430702302420371386e-01 -2.971683831761205430e-01 -1.971747222367798424e-01 -8.593381305564064265e-02 -1.556015112668065747e-01 -3.721494851660815950e-01 -1.739310948639416765e-01 -2.368352378292251093e-01 1.737555574470786221e-02 -2.825005975382048895e-01 -1.653658585368723288e-01 1.921158975276782144e-01 -5.176321731279351357e-02 -3.143174644062905060e-02 -2.897600503456581461e-02 -6.791275301236143758e-02 -2.781479052667075735e-01 -2.584332147821138959e-01 4.366832809414571970e-01 2.117066974089475140e-01
-2.370706269654042908e-01 5.511806047831693256e-01 -6.875997821569518331e-02 1.000000000000000000e+00 5.498599669264780943e-01 -2.193686469840795683e-01 1.097270994298620295e-01 3.549697409528144165e-01 1.125393940979783486e-01 -4.111660413597675867e-01 -3.343203812852915124e-01 -4.144262275279517183e-01 -6.891536787489577209e-02 1.367127235703191335e-01 1.114984370385393303e-01 3.190410887211542756e-01 -2.516856771031341158e-02 4.228705970460370223e-01 2.114601713825684307e-02 8.598336883800031250e-02 2.475442901876649948e-01 1.285011620427142787e-01 2.958594230286051840e-01 -2.496802973993576258e-01 -4.669098017232087838e-01 -2.713291939712045853e-01 1.088515043797395193e-01 -1.917659045473235069e-01 -1.579813858671073601e-01 9.411476643105284867e-02 -3.474478933219813936e-01 6.201381672048498356e-02 2.848643017657471743e-01 1.576799190368625425e-01 7.367181452782876894e-02 -2.549365597216707302e-02 -2.511038376340245515e-01 -3.289436940181828528e-01 -7.192561643542129401e-02 -1.608079472110449937e-01 -6.492452954591544645e-02 -3.279599999001262534e-01 -1.908013285551463933e-01 -1.803500979722631181e-01 2.232878137451197453e-01 1.673781200452953422e-01 2.331269928706381778e-01 2.358496655689630295e-01 -3.128881818565560358e-01 -2.579827033786337154e-01 -7.167347737302956490e-02 1.786889426368481193e-01 3.621112429111779663e-01 8.060610113222770323e-01 7.261190348093541670e-03 -1.837645198392715840e-01 4.310037002635115910e-01 2.123977569529944820e-01 -4.592520258078108264e-01 -2.220761390644976074e-01 -2.661070283844995110e-01 -1.401138805185956349e-01 -7.011375669960777379e-02 -5.761216426284331699e-02 1.167397078104205760e-01 9.148949465177017015e-02 -1.282377168193955252e-01 -1.111513554529798137e-01 1.681918419112204688e-01 2.949948146777895408e-01 1.039838974977441016e-01 6.172037728870038292e-02 6.827763294768900149e-02 -1.613212554865682824e-01 -2.855444876270535892e-01 -3.410930720685440565e-01 -1.019291782198741558e-01 1.728026582676487136e-02 -8.125643202383425745e-02 3.529648622633088650e-02 -7.080463463647275468e-02 -2.088734804545451795e-01 -2.671478780636671324e-01 1.617290028469399454e-01 7.033699243666978462e-02 2.006875695895576350e-01 -1.594282028511601890e-01 -8.279771907677421772e-02 -3.986480194606609184e-02 -3.041570549020466974e-01 5.031354965175269950e-02 -3.509448007807789427e-01 -1.305312256074313837e-01 -2.713776363003696512e-01 -2.370218359996431046e-01 -4.570872655205429624e-02 1.380544987745132846e-01 1.215352052743755296e-01 -3.162770968285997242e-01 -2.602105704958506682e-01
-4.688785600030226375e-02 4.964120004499440464e-01 7.593601555322371244e-02 5.498599669264780943e-01 1.000000000000000000e+00 -5.433988371736320211e-02 -8.406547643823254756e-02 2.429924933542825516e-01 7.799853804246961730e-02 -3.548813795442974373e-01 -3.483027520953834166e-01 -3.190500090007865608e-01 -6.188224128071443536e-02 1.182790932630827796e-01 1.164632555049129135e-03 2.278463552907653566e-01 2.257159444465256168e-02 3.435801072146861257e-01 1.024324649327673087e-01 7.931100122735504354e-02 2.134788421076546372e-01 3.560582034634406957e-03 7.206361959907406356e-02 -2.559776493433962297e-01 -3.478992497429509445e-01 -3.451231598369118303e-01 -5.379620727416826315e-02 -3.131533551339452659e-01 -1.895543285232505204e-01 -1.226551334616484135e-01 -1.861034642926309990e-01 -7.915491429083335029e-02 1.557767203764436337e-01 1.452501765882341644e-01 -8.881193641450766535e-03 -6.085505646380241773e-02 -3.197506964747121594e-01 -3.010199159540432601e-01 -1.386166141630613136e-01 -2.094551993488839026e-01 -7.570995742294896191e-02 -3.981375697302300121e-01 -2.086299641386029635e-01 -2.603447593148404127e-01 -1.069164781221557947e-01 4.110229614560456066e-05 6.324184439002908387e-02 4.872265809271977138e-02 -2.111717029626019593e-01 -1.688455306973747072e-01 8.051644982050404353e-02 1.992480734423096311e-01 3.230817632323045308e-01 6.430000566427512831e-01 2.498791053125790085e-01 -5.322356487971199868e-02 3.216668056873175363e-01 1.258759330370451957e-01 -3.955890791803944317e-01 -3.046786236291568195e-01 -2.142245375994479006e-01 -1.720378808311038288e-01 -1.554378706042957858e-01 -2.800072102607384025e-02 1.351027642692144426e-01 -2.721199316684624545e-02 -1.945145715685497323e-01 -7.608082468944392385e-03 2.594101326087001058e-01 2.218064896383588058e-01 5.661651467222363759e-02 -9.859589297339468872e-02 -9.675985504280022742e-02 -1.817338499650869021e-01 -2.349834756798375723e-01 -4.122953372743091704e-01 -1.786312211887433610e-01 -2.423883978743621159e-01 9.245260698456793380e-02 -7.929773031588990828e-02 -2.795084548944722774e-02 -2.057626748380839976e-01 -1.818674319283384855e-01 1.027993344029044104e-02 -1.282255237992336871e-01 1.731661750337254793e-03 -2.311163838985558217e-01 -3.073129918690615248e-01 -8.764495095477109476e-02 -3.235665128000736468e-01 1.284958977410573799e-01 -3.456932064282576822e-01 -2.230724658189223997e-01 -4.236596602929292854e-01 -2.741512586720389888e-01 -1.536860739648506502e-01 -5.809228374723410249e-02 -1.066071105847063299e-01 -2.268156670371335171e-01 -1.707572261862156104e-01
1.708782402756126861e-01 1.608477258803310550e-01 6.033501309331529283e-01 -2.193686469840795683e-01 -5.433988371736320211e-02 1.000000000000000000e+00 2.708985340903354300e-01 3.990828710015080771e-01 6.762646800801557223e-01 1.615167983003888419e-01 9.698096629001637381e-02 1.495626095825515131e-02 -1.452054450455246837e-01 -7.078883947079901706e-02 -1.558364973748714577e-01 1.626471488935895549e-01 7.438631265605306908e-02 1.222943325995069774e-01 1.736162271301959492e-01 9.895475663707659075e-02 1.299244447183130480e-01 -1.322885607458661461e-01 -1.766230077365599505e-01 6.745443557980360105e-02 1.046538499101953568e-01 -9.427685519992649865e-02 -8.072266704443430141e-02 -2.418970737838730956e-01 4.455289829154689130e-02 -2.279185471492162496e-01 -2.933016824898625891e-02 -7.828476622174104782e-02 -2.027621941323715093e-01 -1.854694882036642123e-01 -8.914619981555717276e-02 4.126724528502792588e-01 8.699579869615714500e-02 3.110552254665836514e-01 1.635078062378758079e-01 1.894083286083142470e-01 3.915626877807632661e-02 -6.578453011850023124e-02 5.865448827793710157e-02 -2.220683699171240033e-01 -2.201112926216349241e-01 -1.654347981030353243e-01 -7.132321721475148868e-02 -2.171231903643372207e-01 4.656314256233171078e-01 1.752397268261755847e-01 9.753828769241451591e-02 3.745364687531189674e-01 8.933765032522859861e-02 -1.552910573673075001e-01 6.768131405733130990e-01 7.534629721360790455e-01 2.363671277206713939e-01 4.973619838175363794e-01 8.246261466880160096e-02 1.935402921399455300e-02 -3.303841928148119889e-02 -1.117487750701677551e-01 -6.762638759773280384e-02 7.172363100815773440e-02 -2.414270438874464852e-02 -1.566065475666697793e-01 5.118175645466559870e-02 1.478287321165475121e-01 -1.619087659198928386e-01 1.481221843538090277e-01 7.104879424608644134e-02 -1.330403900427211683e-01 -1.473475814597490219e-01 8.328444059557475743e-02 -7.499557514813315340e-02 -9.420211580543447205e-02 -1.004418555369057317e-02 -1.755451992417197127e-01 2.091201622725355480e-02 -1.616283930223951504e-01 -1.942836951337150175e-01 -2.296019632745959493e-01 -1.676902827650675887e-01 -1.149341037590637937e-01 -6.604643353898304037e-02 -2.518528768821369224e-01 7.823235713098186661e-02 -1.679496117690461865e-01 8.254445599182237692e-02 -9.927042265170123170e-02 -2.027435330387419299e-01 1.948890413695710255e-01 7.932312151562402602e-02 8.812706387786957418e-02 -9.908017948396991015e-02 -1.336572421506354302e-01 -1.836436951920035476e-01 -1.922587013852357918e-01 4.032921105047331256e-01 1.921411549934696761e-01
-1.243306261492765075e-01 1.744211475090234331e-01 1.618321014537494051e-01 1.097270994298620295e-01 -8.406547643823254756e-02 2.708985340903354300e-01 1.000000000000000000e+00 3.831221441832885488e-01 3.540844460540235050e-01 1.438251755086955019e-01 -2.000094480771174091e-02 -1.069745813084870129e-01 -1.978387155762192581e-02 -5.287170411464441055e-02 -6.491155877024724734e-03 2.430833525172821363e-01 2.004950981304035040e-01 1.721163394640864708e-01 1.114789513917205654e-01 1.349719769516513623e-01 2.072242319006143141e-01 1.098768163614558674e-02 1.167130749803736434e-01 1.378848461669454351e-01 5.647411639271415068e-02 -5.187349402281932892e-02 1.537541335817521060e-01 -1.390019650753884783e-01 1.557485532790504890e-01 -1.806132346443896364e-02 -7.600405182675645799e-02 -6.679799061706818974e-02 5.411872822771892494e-02 -4.061685068084930350e-02 6.088720828235869714e-02 2.757898000255584181e-01 1.441043148579121136e-01 1.125627068155266863e-01 2.813105925136815191e-02 4.674028884839285802e-01 1.606842040337685962e-01 1.475095820084243725e-01 3.561572004002609704e-02 1.257902197472937980e-02 5.822150127456224289e-02 1.417810284230322168e-02 1.895728372287554600e-02 1.482663231048621799e-01 2.571275031178525960e-01 2.070440468376999743e-01 -1.261421264478320148e-01 8.962642837737616608e-02 2.914545622047457485e-01 3.114194916873116656e-02 1.028371895634804245e-01 1.916286992285448909e-01 2.917507222563700542e-01 3.293838600408269812e-01 -8.011576009418301669e-02 -5.826029562448058197e-02 -2.166344295725305680e-01 -6.467705504053500309e-02 -1.411069703105591149e-02 -8.170639810715083981e-03 -2.343035374618016725e-02 -4.246732734009319582e-02 3.706756057360292012e-01 1.408656842689456345e-01 -9.768638793045214541e-02 1.360061900099975851e-01 2.088379225089697644e-01 1.419579458185197263e-01 9.126413165656580007e-02 4.127271451789492063e-01 1.301125124020024830e-02 -2.280019865877000104e-02 3.062995247327817208e-02 2.155645309260315751e-02 -7.502884216998224887e-02 -2.442200215661747831e-01 -1.502675051715635368e-01 -1.692295510763003608e-01 -1.227457773607062014e-01 5.441449932082100677e-02 1.272109598753722592e-01 4.398217559396298652e-03 1.306008836566759923e-01 -6.861062754912208850e-02 1.875742313621821533e-01 1.996002282490540874e-02 -2.109111898120535622e-01 1.259440575723287103e-01 1.797008896804803413e-01 1.160526485352486453e-01 2.690352557858950461e-03 6.304890128150630879e-02 6.882819707663014042e-02 1.629158840210490899e-01 1.952741650675975660e-01 2.329037638924281173e-01
6.107419650466132388e-02 6.505083680792946854e-01 5.518636147686322158e-01 3.549697409528144165e-01 2.429924933542825516e-01 3.990828710015080771e-01 3.831221441832885488e-01 1.000000000000000000e+00 6.468997976765453739e-01 -2.294980628741460638e-01 -1.382994485484748959e-01 -3.026256610621986809e-01 -2.313454214873339743e-01 -1.046720318584023618e-01 -1.856851240107010859e-01 5.408976188471964486e-01 1.647751570132477417e-01 7.013521606647975526e-01 2.527799772429492053e-01 1.905287587562348450e-01 5.062048381170572986e-01 -7.332505468628891521e-02 3.831474971998604512e-02 -8.680317923362726451e-03 -1.275618341134816813e-01 -1.253455512608288580e-01 -6.117870691844863595e-02 -4.204470754509110897e-01 -1.058906403645936412e-01 -2.157142922937921592e-01 -3.015462746697287200e-01 -1.366258770429237823e-01 -2.191728985572418686e-01 -4.539248853094909886e-02 -4.831404815103019362e-02 2.743193142898595061e-01 -2.547507742676209941e-01 1.376052464559578692e-01 -1.804407141114664215e-01 8.633585782130967501e-02 -6.054303115968355173e-03 -2.552570867313544989e-01 -1.799841446812563972e-02 -3.325628987420791716e-01 -3.788114212476278303e-02 -1.483192368184960974e-01 -5.615692414753943595e-02 -1.916063396096605309e-01 1.795578096577805649e-01 -2.748184783456664865e-02 6.988583076352378187e-02 5.990184712911524878e-01 4.434562009552558415e-01 4.159105429823020117e-01 5.163801813139364816e-01 4.533692101483808856e-01 7.654352930710741632e-01 7.502849278924925702e-01 -3.006707353459859844e-01 -1.245912987307322278e-01 -2.730761059874035612e-01 -2.212651618653088681e-01 -2.875405753759835425e-01 -9.658963470075196400e-02 -8.047082755042473529e-03 -1.793891221900787425e-01 3.397629785240306732e-02 1.404758012832511838e-01 1.352999294445678645e-02 5.724741540357668468e-01 2.914914190684907980e-01 1.928117896765719000e-02 -5.563211222912348847e-02 9.015229749089351263e-02 -2.062034241789199307e-01 -2.428100086888280718e-01 -9.729868486385893911e-02 -1.754689915438216175e-01 -7.598233176092991994e-03 -2.224606827381965801e-01 -2.316586181186313376e-01 -4.487907637180818532e-01 -4.059079130879282293e-01 7.526748196860373608e-02 -2.135303082506505301e-02 -2.438162197704454581e-01 -1.673107850084506187e-01 -2.442442038271019633e-01 2.844140730640468476e-02 -3.525034901671091903e-01 -2.746207264234815093e-01 1.060157438901122989e-01 -2.146149796084656503e-02 -1.699048166591695108e-01 -1.559850402212443476e-01 -1.577603799775685878e-01 -2.132944345069368308e-01 -1.829108822301546422e-01 1.258686431929336436e-01 1.652091648318847195e-02
2.325991948775071524e-02 3.412404771810160220e-01 5.403190958781526332e-01 1.125393940979783486e-01 7.799853804246961730e-02 6.762646800801557223e-01 3.540844460540235050e-01 6.468997976765453739e-01 1.000000000000000000e+00 1.052081656745893282e-02 3.519510148679422246e-02 -1.233496727990930492e-01 -1.529979106451384852e-01 -2.412451609737125899e-02 -6.254031156453916662e-02 3.612080536138098652e-01 1.827546964736440627e-01 3.565522190699592642e-01 2.701039882976590811e-01 2.461275032809685237e-01 3.319858084769098383e-01 -8.532302322721627141e-02 3.702573214792648226e-02 1.154679032155779828e-01 -1.048235670633767408e-01 -6.764888850514039209e-02 7.082284745580630370e-02 -2.733989684230315187e-01 3.926261560273495294e-02 -1.212546108240165205e-01 -2.262719570522811474e-01 -1.377009292288044195e-01 -1.847010671111329050e-01 -1.778156503125542520e-01 -2.067855780728607498e-02 5.322580228191371443e-01 -4.978172283330167119e-02 2.227175447081696791e-01 6.259528754555000740e-02 2.355043158208909859e-01 1.361231993379325156e-01 -1.245848448898162070e-01 8.315204239171859746e-02 -2.386680139834191361e-01 -6.709073612148702681e-02 -3.849006722889217191e-02 1.234977668917464633e-01 -6.776262388646023260e-02 3.157739054605692153e-01 1.204936924352601468e-01 -3.745809202059355997e-02 4.477321803135772549e-01 2.986642453845310685e-01 1.511018561017958006e-01 5.573950123324933337e-01 6.391407946524737538e-01 4.797062230214546585e-01 7.911960515871608868e-01 -9.782770020599523830e-02 7.834035450022137914e-02 -9.571640074872185544e-02 -7.065297061416286883e-02 -5.732725625826656096e-02 9.201165599695489139e-02 3.482548312498259802e-02 -5.903909608991890490e-02 2.413753907187877190e-01 2.346866433045068923e-01 -1.539792051448080623e-01 3.138628739323774952e-01 2.367591968570456895e-01 -2.481451715182896034e-02 2.679663832678724072e-02 2.213283676531100086e-01 -7.551602879840633997e-02 -1.498729628223646471e-01 -1.101908839150259663e-03 -3.627731171479491035e-02 -5.833120629212271840e-02 -1.917723032532618055e-01 -2.175376254466543369e-01 -3.059976533632772777e-01 -2.655434503308772842e-01 -1.998618862384156022e-02 4.347781280599553183e-02 -1.736636654837938332e-01 -4.537770184679536939e-02 -1.695067266950705531e-01 1.347148046897234386e-01 -8.553850678884304670e-02 -3.308207883194424492e-01 2.324668520530678850e-01 1.934598473818610054e-01 3.769029271681802185e-03 -7.001986623492284512e-02 -6.396036080754199937e-02 -5.793722823813081402e-02 -3.568879783942349032e-02 2.472608040330767365e-01 1.318125328420998721e-01
2.776108407827332716e-02 -3.976654499317279767e-01 -9.228161854928029761e-02 -4.111660413597675867e-01 -3.548813795442974373e-01 1.615167983003888419e-01 1.438251755086955019e-01 -2.294980628741460638e-01 1.052081656745893282e-02 1.000000000000000000e+00 3.620601986051447674e-01 4.211885938965535536e-01 1.635922152380578087e-01 1.175989576226973456e-02 6.142763656070641259e-02 -2.415620887348890744e-01 1.360625713387240629e-03 -3.437302356834783246e-01 -1.476301574954397844e-01 -8.772110074492776854e-02 -1.451062733762910062e-01 -2.358488164854162517e-02 -1.059017368804617831e-01 3.161376312675251432e-01 4.927756556312514746e-01 1.747649399642841883e-01 4.228458478964622347e-02 3.760888456125535129e-01 2.236322836358845545e-01 8.858108885840811075e-02 3.168577473340662976e-01 -6.823971594515769457e-02 7.235242125312842110e-02 -9.397195721720603967e-02 -4.871728506994351532e-03 -2.395914364412082484e-02 3.659697431909466059e-01 1.738793113714538485e-01 2.016985347280488838e-01 2.479847143069661419e-01 -2.369392154912324661e-02 4.383985964171929761e-01 3.954496644910154846e-02 2.076238065204010497e-01 -1.001315578479042567e-01 -2.702395425291052866e-02 -1.269334030525725854e-01 7.993163441859555199e-03 6.300321208860376609e-02 6.019335396626340762e-02 -9.668843438720142736e-02 -2.932161479014036010e-01 -1.458472750495685699e-01 -4.657818071615862920e-01 -7.370051149759618281e-02 -2.237485325824358981e-02 -3.148809969533337139e-01 -1.337037266765724874e-01 5.090549151706470488e-01 2.823962302670969815e-01 1.771428691683524237e-01 1.537750805764942774e-01 2.237025746339162680e-01 1.567760521563509868e-01 2.742565824006383546e-02 8.102432142799405324e-02 1.414283693088831118e-01 2.927898528488532409e-03 -1.040367058645131487e-01 -2.760405214537808849e-01 -3.488462162581881798e-02 -7.122011796115476634e-02 5.285228541666193991e-02 2.694029183538139138e-01 2.718768596868388343e-01 3.125791108110433925e-01 1.342315404770655918e-01 2.364918474577594742e-01 6.388761549820134999e-02 -8.596286178300137359e-02 5.007486042015943904e-03 7.347760732809284490e-02 2.276696388872777588e-01 -1.250622565891722771e-01 1.582058364770911607e-01 -2.599837657630935453e-02 2.467617190341515609e-01 2.322839170899808348e-01 -8.045144319802233907e-03 1.999750070053276374e-01 -1.492052780131978423e-02 3.016481576907697471e-01 2.769000394581178637e-01 1.797757273858156812e-01 4.357395786110614816e-02 4.196404894964098770e-02 1.286259494404917020e-02 5.314299243985805971e-02 4.466466025231901303e-03 1.532813943344331744e-03
-1.944970775525398099e-01 -3.276854372228574230e-01 -5.552563395079045810e-02 -3.343203812852915124e-01 -3.483027520953834166e-01 9.698096629001637381e-02 -2.000094480771174091e-02 -1.382994485484748959e-01 3.519510148679422246e-02 3.620601986051447674e-01 1.000000000000000000e+00 7.584985954512556416e-01 4.357108241977724616e-01 2.936462343024509591e-01 3.444664045584823198e-01 -2.921711951278520014e-01 2.338650741668046040e-01 -9.098182065623542855e-03 1.481056417027721284e-01 1.378099369382943529e-01 1.505406071452199401e-01 2.671553115340954410e-01 1.083360990673153251e-01 5.265403512110639062e-01 3.799100397753794600e-01 5.324715481608611745e-01 2.900300047802361059e-01 4.699379752755898365e-01 4.178340482607197925e-01 2.543111351824740574e-01 4.546324943872191021e-02 -3.809364650271337971e-01 -3.007458395221607739e-01 1.000978979880638997e-01 3.134969172261245496e-01 1.574844561088513395e-01 3.484857251965732261e-01 -7.238040310435381319e-02 -5.495985454557329730e-02 2.006404842342839889e-01 2.544102136579250439e-01 3.853949723583416365e-01 3.350346322539158317e-01 4.129667819533592854e-01 6.867993027136438944e-02 2.205566961167068907e-01 -9.518314034622683134e-03 7.196337294423968411e-02 1.724787951156618038e-01 2.823498077953497387e-01 -3.785510178857867114e-01 -2.223691735374092870e-01 -3.415750380858020296e-01 -3.004722784077386577e-01 -1.411752283729243995e-01 -3.100957564439891373e-02 -1.783517650242980312e-01 -3.300569409920475761e-02 4.387866372018690009e-01 6.535048923235190488e-01 5.210794129195920332e-01 4.035778855079483751e-01 3.824555528792397130e-01 2.785223963311232453e-01 2.140848364406732485e-01 3.035466205982549348e-01 8.706655538020472568e-03 1.748255512976721326e-01 8.336421212674370584e-02 4.098624765983097107e-02 2.110017469293542502e-01 2.797885304097940118e-01 1.140616522493082818e-01 1.814664678260790864e-01 4.583617664658766744e-01 4.894647458646866345e-01 3.424485134688319832e-01 3.323736778823199178e-01 7.863590633086281478e-02 -3.292412281929638640e-01 1.377134353991751048e-01 2.663324713129306964e-01 3.258223771893244414e-01 2.361256934965910159e-01 2.816076747620935850e-01 1.610360369997088786e-02 3.653678782299473737e-01 3.903825032009916596e-01 1.379248772762848019e-01 2.319741817310791709e-01 -3.136505446681430165e-01 1.028138983699184161e-01 9.096049863412675185e-02 4.231214728898032296e-01 2.423989371431517770e-01 3.350975822075530908e-01 2.023625882349746608e-01 1.176895700049949978e-01 1.676753443546113442e-01 2.768300093178069354e-01
-1.759751156698042551e-01 -4.783159154309656325e-01 -1.748006330347876558e-01 -4.144262275279517183e-01 -3.190500090007865608e-01 1.495626095825515131e-02 -1.069745813084870129e-01 -3.026256610621986809e-01 -1.233496727990930492e-01 4.211885938965535536e-01 7.584985954512556416e-01 1.000000000000000000e+00 4.575051684125444607e-01 3.011713388431732641e-01 2.930784193132146553e-01 -3.410362722165543592e-01 2.406093807362424397e-01 -1.431570784296408438e-01 1.532873814626325160e-01 5.348813102940239150e-02 8.898674641553742937e-02 2.517931724753033063e-01 1.230408306893328307e-01 4.901942981358310969e-01 3.874641177956097415e-01 5.677633255988212557e-01 2.850551067120191684e-01 5.179036831821947073e-01 4.357273147125267365e-01 2.926386364608601909e-01 9.452029879923615208e-02 -2.836676123041382835e-01 -2.071661167512797441e-01 1.090687896995746059e-01 2.844092545499555258e-01 3.553112177172982472e-02 3.850739226158038098e-01 -6.208245546619212130e-02 5.601198453639311126e-02 2.109642861925226098e-01 9.734027616650911541e-02 4.114927908947197954e-01 2.942126649545184214e-01 3.813700433754083075e-01 1.068674077573445180e-01 1.908788300092137402e-01 -1.028817550152021608e-02 5.963445713046856833e-02 3.586243000798354508e-02 1.617620015520560561e-01 -3.640035701039599503e-01 -3.491781681491811229e-01 -3.909084939848278539e-01 -4.148288359001660597e-01 -2.294603310707242216e-01 -1.520398577536415385e-01 -3.564559306228207713e-01 -2.209757270850749578e-01 4.458922539867350432e-01 6.713231385141031904e-01 5.241689430929662441e-01 4.312943637436462696e-01 4.572142101264966008e-01 3.532174521113623511e-01 2.658616242792791184e-01 2.908623190546342219e-01 -1.061118522589934721e-01 2.556292587115117088e-01 1.327301215446966276e-01 -4.351264018191074168e-02 1.811062463116022148e-01 2.700305906581406679e-01 1.906512060362019201e-01 8.628980036024906652e-02 5.629714917038347588e-01 5.677653875155449503e-01 3.352886189279455920e-01 4.102122331491765972e-01 -4.506996828246469938e-02 -2.309722580693412131e-01 1.284210983878712742e-01 2.317944027310296640e-01 3.957786250842147413e-01 1.718925512332202254e-01 3.253704763344397732e-01 6.672814456788948856e-02 3.431375946894161255e-01 4.146155641247768475e-01 7.348935334474794578e-02 1.969542043399239162e-01 -2.554587231524285684e-01 5.511671179158805778e-02 2.913431805974043068e-02 3.919496327553543824e-01 2.109431871248305390e-01 2.170836742356696547e-01 1.855283401370363683e-01 1.447246221211028749e-01 6.485438419546357691e-02 1.298669031241480587e-01
-2.935109054347359026e-01 -2.148260572334452778e-01 -1.535041015508385454e-01 -6.891536787489577209e-02 -6.188224128071443536e-02 -1.452054450455246837e-01 -1.978387155762192581e-02 -2.313454214873339743e-01 -1.529979106451384852e-01 1.635922152380578087e-01 4.357108241977724616e-01 4.575051684125444607e-01 1.000000000000000000e+00 4.236241292047316920e-01 3.711297641106129919e-01 -2.852987930225765467e-01 4.979563880693805844e-01 -4.491658198991456408e-02 2.292783606809825347e-01 -5.713440465835606386e-02 1.296357057851873773e-01 5.541159263013818448e-01 3.234220701199016501e-01 3.888754550528738529e-01 1.960426876547085862e-01 4.568706648989199759e-01 4.725527952487414973e-01 4.183240584025701425e-01 3.659538924756459699e-01 2.906415154107427345e-01 2.986017666472650864e-02 -2.323511466387611635e-01 -3.929376327346943698e-02 3.198091048140730974e-01 6.051229470579846392e-01 8.121822992326124813e-03 2.880739412006924627e-01 -2.484454646481486229e-01 4.369825203422090382e-02 1.411856622399140504e-01 2.407885353836761722e-01 3.537073642567568621e-01 4.337425045318319961e-01 3.295698859115424040e-01 2.396346441908986657e-01 4.542923774414446836e-01 2.889245914623722045e-01 2.648736591590244438e-01 -1.551958009879719639e-03 2.085169238894655219e-01 -3.066049749272690139e-01 -2.359512789704543978e-01 -2.399307351580606262e-01 -1.344149381334105442e-01 -2.058983766735313081e-01 -1.963585821064989245e-01 -2.388933840672859965e-01 -1.944900860224016703e-01 1.351541024852530581e-01 3.806462326796695717e-01 3.817463816773690177e-01 7.169936367348292983e-01 5.238264872549875939e-01 3.719031998605688005e-01 3.003856904993363330e-01 2.895413533310701171e-01 -7.449521691674045043e-02 2.945451941751960900e-01 2.210916565026711245e-01 5.630663938484390188e-03 1.272154354122367603e-01 4.119551758567024935e-01 1.293126924329272009e-01 8.099608417903701729e-02 3.177818296185435099e-01 4.490903201743410289e-01 2.175317784316803948e-01 2.958688126014700215e-01 3.990249558061470525e-02 -2.293313644422083630e-01 1.446017875491737159e-01 2.140624218307085602e-01 2.831586878284566011e-01 4.633158205456261447e-01 2.821603168079167001e-01 2.894789552233464902e-01 2.779344191235798012e-01 3.716043120898145924e-01 3.104537884118582433e-02 1.383574339487279037e-01 -2.753977870535950223e-01 -1.383928395108267352e-02 8.527064863622663832e-03 2.515952251269975015e-01 3.744237315302895164e-01 3.990871758949794401e-01 3.380663907051796868e-01 2.306374799407009957e-01 3.425681684655986631e-02 1.457267729153124136e-01
-4.289496462745024385e-01 -1.280422876732720261e-01 -1.618816650869325802e-01 1.367127235703191335e-01 1.182790932630827796e-01 -7.078883947079901706e-02 -5.287170411464441055e-02 -1.046720318584023618e-01 -2.412451609737125899e-02 1.175989576226973456e-02 2.936462343024509591e-01 3.011713388431732641e-01 4.236241292047316920e-01 1.000000000000000000e+00 7.334952216388428425e-01 -1.389413359726491548e-01 3.861342274766570992e-01 4.450212712655120945e-02 5.299146105539715990e-01 5.083783764786060921e-02 3.855070366344827137e-01 3.546144585921873760e-01 6.533439215104582809e-01 1.766586968443175087e-01 -1.525908871872062866e-01 2.665069510982305823e-01 5.822377374429879016e-01 3.043447307784280520e-01 3.440018605575148603e-01 5.511139852596379507e-01 -8.213811232748244318e-02 -1.298544157707372249e-01 1.262010507906274059e-01 1.012482589271981731e-01 3.270937210533580441e-01 1.068593130361681076e-01 1.777414301443359657e-01 -3.539252421236203650e-01 7.602399597626866012e-02 3.738543071692496805e-02 3.354591049495592170e-02 2.523704170707388381e-02 1.144114732323222999e-01 1.586373719394861825e-01 3.210987933639722347e-01 5.722082249974599355e-01 5.126611590657143003e-01 4.392031250966542122e-01 -1.571641840599039830e-01 -2.402034572412376986e-02 -4.151379764000543982e-01 -2.428434038876208789e-01 -5.106170812841785700e-02 8.621523864617976207e-02 -1.355528353010594655e-01 -1.339260244217995444e-01 -6.195848002697935952e-02 -8.850490691214792137e-04 5.260313588512539884e-02 3.357347701309725818e-01 2.497095035758950254e-01 3.178607544239513971e-01 5.400344130126373265e-01 5.843593812929200881e-01 6.428672430100044188e-01 6.699390960575154486e-01 -8.789953019867835504e-02 3.551845154657541914e-01 2.275281217830052161e-01 1.041470151006820555e-01 3.498856457252786933e-01 2.882765976246354223e-01 4.423717698279761024e-01 5.136640989998649681e-02 2.902157594911101701e-01 2.097356630485617546e-01 3.204120934520188202e-01 5.185078704945550454e-01 3.560673814797861436e-02 -5.283151490569170522e-02 8.714041532892406738e-02 4.652206763109281717e-02 9.635009961747438567e-02 1.838067664970211013e-01 3.838247757189994225e-01 3.626347309477484515e-01 2.209119849240543942e-01 2.415778514902891805e-01 8.001339381470139178e-02 4.848714336702706490e-02 -1.762740992774785020e-01 -3.198278713873963230e-01 5.130128067732111358e-02 1.252162771221290438e-01 9.941168151459216229e-02 2.823331769844684147e-01 5.444279509148749474e-01 3.717417565464322671e-01 -1.167134455676498289e-01 -4.664931954111764534e-02
-4.977874310682097736e-01 -2.470544100010638455e-01 -2.549068546599257967e-01 1.114984370385393303e-01 1.164632555049129135e-03 -1.558364973748714577e-01 -6.491155877024724734e-03 -1.856851240107010859e-01 -6.254031156453916662e-02 6.142763656070641259e-02 3.444664045584823198e-01 2.930784193132146553e-01 3.711297641106129919e-01 7.334952216388428425e-01 1.000000000000000000e+00 -1.850714689860449291e-01 2.403215044580128135e-01 -4.140154445521376791e-02 2.657846036589057714e-01 6.110403301807391246e-02 3.546802261268917067e-01 2.645176214138963977e-01 6.105153757050014729e-01 1.851736026421191283e-01 -1.542666556792348376e-01 2.258433532014333112e-01 5.452443038564653843e-01 4.108005778352360471e-01 4.484400734025184576e-01 6.192668729865117294e-01 -1.270171303555694131e-01 -1.919185575084686457e-01 1.341114504702837218e-01 1.446699808190922421e-02 2.538129508639822562e-01 9.132427310936687415e-02 2.137104328995745040e-01 -4.127690460551093343e-01 3.811795226368595163e-02 1.169643150864371900e-01 3.187856924543929632e-02 -4.033683894488050183e-03 3.198296157919830462e-02 2.459859230748234760e-01 3.530997271323911835e-01 5.560581281598652170e-01 4.311003739371689902e-01 4.652412805217022718e-01 -2.120498207059463291e-01 -7.134528302066504846e-03 -4.639857493987156190e-01 -3.330260755440200282e-01 -9.223265235250975580e-02 1.987974594148769758e-02 -2.501968911267328788e-01 -2.229380084630304126e-01 -1.574455481225133235e-01 -5.934964727050561634e-02 6.686001075682145023e-02 3.685941846855665949e-01 2.146773736333753846e-01 3.289750949167749017e-01 5.220006160008451301e-01 5.554532074385899465e-01 6.246777583607022732e-01 8.607030107768334215e-01 -3.885725187406358690e-03 2.579400282320622462e-01 1.481433226662711711e-01 -8.427925114607428755e-03 4.566710501152228541e-01 2.907610541679584437e-01 4.906434122934729691e-01 1.293520015617015961e-01 3.418289193437907270e-01 2.155825515910017587e-01 4.546013988508570969e-01 6.065287333761243405e-01 -2.130967447541155455e-02 -9.304476020964662364e-02 9.229488486029940875e-02 8.784546252677373490e-02 1.058732671130990510e-01 2.008037305826233521e-01 4.278344014588857380e-01 3.485748156035369805e-01 2.504310252574829532e-01 3.198484388930531996e-01 1.297490882116248134e-01 9.420809196791178619e-02 -1.884171115855405865e-01 -2.909411289633499487e-01 9.094641295747168952e-02 1.104133802439311446e-01 8.211505274505664920e-02 2.766266506547277459e-01 5.865629622113112118e-01 4.119314856147985870e-01 -1.618413234945186019e-01 -1.969491727751726540e-02
