1.000000000000000000e+00 1.516271615129365924e-01 3.645974333201086326e-01 -1.180787877222904819e-01 1.438925397645307025e-01 3.158348970191680594e-01 2.728862490974022781e-01 2.156953645368722139e-01 2.261357469754092797e-01 3.956351689819678774e-01 2.538590067045663479e-01 2.217276050279854971e-01 -2.194479735550952937e-01 -4.464427786684955213e-01 -4.901578161934915800e-01 6.369864321341830449e-01 -2.629039277866967450e-01 -3.608516735077457738e-01 -3.874156172258920727e-01 -4.854654526971906026e-01 -4.359780195640157729e-01 -2.271545687701092275e-01 -4.779353720017869844e-01 -1.599229769756336239e-01 2.743261370185290718e-02 -5.014781536300014914e-02 -3.801722011413514180e-01 -3.671063277067875275e-01 -3.835218700188398055e-01 -5.034912241062372562e-01 2.465059187256235795e-01 1.702396616242253524e-01 -3.203931525916731832e-02 -3.447212995426551796e-01 -1.926061660548448462e-01 -7.759732366236922474e-02 5.507984768757143851e-02 4.677361050759093475e-01 1.299394838565737509e-01 2.515719570534696858e-01 -1.895169714740636280e-01 2.470427323611063541e-01 -8.052421669558124107e-02 5.367707733667477672e-03 -9.538900245034283298e-02 -4.600482412755627637e-01 -4.772998256979240628e-01 -4.425120274313989466e-01 1.938462065409020385e-01 -1.802489182828421466e-01 5.756682560766058776e-01 3.548758431826004589e-01 5.875162540712898507e-02 2.958375049423767663e-03 4.007031546230391816e-01 4.169694002346738815e-01 4.173764635838395076e-01 1.073383495460719095e-01 3.935614725299260153e-01 -9.541554356161413564e-02 2.185766378457802001e-03 -2.044698549287820577e-01 -3.905713846935831568e-01 -4.634796713997387241e-01 -4.336576605795418593e-01 -5.042511254016583955e-01 4.012246861281218990e-01 -2.788304627301935734e-01 -3.217702962086229634e-01 -3.998336321640408308e-01 -4.999656224929225345e-01 -1.564668623732597963e-01 -5.111864527154870164e-01 3.303040015896263060e-01 6.743060643249047803e-02 2.413416819117950307e-01 -2.771085956482209345e-01 -4.889730740029620826e-01 3.917762889472430343e-01 1.053901980337007827e-01 -2.043934627705304430e-01 -1.537885558308970946e-01 1.622301181477652510e-01 -1.633617314998026537e-01 -3.950196087529924127e-01 -4.641146914923325872e-01 7.357026801289318074e-02 -2.760975526064877728e-01 -1.706054053567266082e-01 7.415892589962838621e-02 2.078092774712297377e-04 3.011168622100361958e-01 7.525325282050825126e-02 4.244944861014977588e-01 2.189263134085067397e-01 -3.572982947661028363e-02 -5.307208936294590673e-01 -5.239039685891523357e-01 9.635989811450326736e-02 -1.442791481015470445e-01
1.516271615129365924e-01 1.000000000000000000e+00 3.429979978812613961e-02 3.576393052776358217e-01 5.032126664934374327e-01 1.948995362361995443e-01 1.585914897917898858e-01 2.601467508712324572e-01 1.773780416387059911e-01 4.347692973518253040e-02 -1.376612246630465608e-01 -1.194255772523956094e-01 -4.080264033702108058e-03 -9.496695004526524431e-03 -9.842139703679668450e-02 2.932044717224237540e-01 -2.021793654931393069e-01 3.914235813210745554e-03 -5.801969020614104744e-02 -6.974848137277878113e-02 -5.432020843699945922e-02 -1.536985099690813816e-01 -1.287227421726402921e-01 -1.552356678389204270e-01 -8.710795985571588573e-02 -2.631979285468564744e-01 -8.526693032179860632e-02 -1.008013103315549830e-01 -3.884200931358897102e-02 -8.174853041550625421e-02 4.960682570324594781e-02 -4.158010897670545020e-02 -1.000392773897474177e-02 -8.015334026717110816e-02 2.704557827452230834e-02 3.616877542855179845e-02 5.533884979355069983e-02 1.375551124995866015e-01 2.838927699628553958e-01 8.828679924451743322e-03 6.031672460421615145e-02 -6.907629521238747849e-02 2.887769159800388993e-02 1.434861044461560320e-01 1.600002155870400566e-01 2.019794736450066658e-02 4.403643297553894338e-03 7.476517381138838170e-04 2.566269542633698997e-01 1.803008305164148228e-01 5.193597630916498703e-02 5.905413848543317190e-01 3.230223819598139201e-01 3.439491202011298876e-01 2.366036491520332463e-01 7.108460895156583359e-02 2.175921275456915993e-01 1.304343526860324565e-01 9.245830665992729736e-02 -2.199254448997972622e-01 -1.549231738792814228e-01 -8.570898164903531513e-02 -8.530742964715083698e-02 -2.589656433707710273e-02 -1.478990578875801366e-03 -8.324683823918455072e-02 1.934464659464043418e-02 -2.171794482953053607e-01 -8.742983363160433674e-02 -8.175995700443274006e-02 -1.112999217173252092e-01 -1.217376362216467667e-01 -1.117215886698885996e-01 3.201609851067871437e-02 -3.743169971250293049e-01 -2.025325857195267032e-01 -1.924593690291464265e-01 -1.346198295815035362e-01 3.621941350339646926e-02 -2.458967241021267278e-02 -3.300228248601158598e-01 4.925053807587854993e-02 1.282796335883224295e-02 -8.287003229022470163e-02 -1.001067821385184520e-01 -5.433984247962810737e-02 1.290462076391294677e-01 2.993399441870352867e-02 -3.898542867650211380e-02 -5.426254502018954678e-02 1.368218680871688131e-01 6.078061000535391056e-02 2.089946082700682162e-01 2.010269781150184620e-01 2.880876088379275349e-02 1.700080499841472859e-01 -2.100957760907147184e-02 -6.666503533402594328e-02 1.781195712823759603e-01 1.285940760002013405e-01
3.645974333201086326e-01 3.429979978812613961e-02 1.000000000000000000e+00 -2.871891427622208157e-02 1.784380417885416403e-01 3.556325701163946529e-01 2.388289182002614475e-01 2.880229610076149305e-01 2.790591656309510671e-01 1.022665683585985141e-01 2.837150823503882813e-01 2.012508044995341971e-01 -1.287517514542405872e-01 -1.525253264953851939e-02 -1.062166802601404725e-01 3.336505853679004874e-01 -7.597977435837631466e-02 1.523798333843878923e-02 -4.536269271096003697e-02 -1.727204718653388427e-01 -6.316348339372522547e-02 9.336577328906231488e-02 5.682081955578192380e-03 6.969805140983023617e-02 -2.240545199447979974e-01 -1.827121386436921305e-02 1.246534437760887515e-01 -1.266229246275200893e-01 -1.588169935249159892e-01 -1.419913181139414726e-01 1.113118351085451568e-01 -1.018815823190190595e-01 -4.487365079413204588e-02 -3.555520299479754398e-02 1.329368213498815510e-01 1.091745882514890964e-01 1.116918719777821728e-01 -1.071549536645823725e-01 -8.368665135781062914e-02 2.039077511076912430e-01 1.668439577078740244e-01 5.309743979058820784e-01 1.016851671465881547e-02 2.494518706261246721e-01 1.651439557383465873e-01 -1.991965895486222035e-02 4.910410940044957623e-02 7.241967755320408151e-02 4.559495504951679296e-02 3.971820710206874078e-02 3.575097490188625660e-01 2.625284822750612590e-01 1.240264992637646335e-01 6.529896814348205847e-02 4.175273176510317374e-01 7.444841812853086882e-01 3.367166436646581995e-01 2.815145096773453703e-01 7.729223892261906370e-02 2.024916430875369280e-02 1.768740293835829591e-01 -9.005930590552291282e-02 -5.516294962878065533e-02 -5.022867257761512438e-02 -4.237130499579319642e-02 -1.046258891171505390e-01 3.047725881666245584e-01 1.749582282970856342e-02 5.089115945187853290e-02 -7.136801951119653431e-02 -1.353769836953095662e-01 1.290450390140825132e-01 -7.195243112697807808e-02 1.582450074046971022e-01 2.178426191000973622e-01 4.095450828070024696e-01 6.229289124539581779e-02 -1.296671417013846861e-01 1.054587918006437280e-01 5.729370628695253792e-02 1.190694969700195199e-01 1.407918998419433430e-02 2.427732744467234471e-01 7.015053390332288974e-02 2.214386681238501853e-02 -3.205883724133230112e-02 2.468942846042502734e-02 -1.128408480892634652e-01 6.443828318475300354e-02 2.003965454169729099e-01 -6.499319847462246835e-02 -1.661611451325220867e-01 -4.221170419255550199e-03 2.862434134441227962e-01 2.343681890914026122e-01 1.563164207811793271e-01 -2.944369278332322620e-02 -5.083285531671589974e-02 1.527698300205130796e-02 2.974911742859624730e-02
-1.180787877222904819e-01 3.576393052776358217e-01 -2.871891427622208157e-02 1.000000000000000000e+00 4.121630481247964828e-01 -2.266620813084677943e-01 -2.453943546281554533e-01 -1.491113411738012040e-01 -2.626317254074534979e-01 -3.234172038656822901e-01 -3.483344676289399922e-01 -1.663282466345253896e-01 3.803669822291094738e-02 4.673387505923473073e-01 4.578580191031313973e-01 7.403450182959776457e-03 -5.425706058321563136e-02 2.789001428283767736e-01 3.186376654446326784e-01 2.353287186573092549e-01 5.091777434194726393e-01 -9.686167240983120652e-02 4.036633431858366317e-01 -2.212980089222143787e-01 -2.748143475119350920e-02 -1.118060206564514131e-01 -8.152714484325505884e-02 -1.469084703485572241e-01 1.512815626122348545e-01 3.791589178767612589e-01 5.947248733402673432e-02 4.156230190935004121e-01 6.189110330540912308e-01 1.260903206826962664e-01 -1.806569678029330828e-01 -2.817132148899513244e-01 -2.631659669610616481e-01 3.907611034402938902e-03 1.783221583393837517e-01 -1.751991304013085227e-01 -3.469553814268371006e-02 -2.177495022709799999e-01 -2.847895650227453834e-01 -8.802854237602222853e-02 -1.153021724768797662e-01 2.075867500987043646e-01 2.979515574637033870e-01 2.487345973065974436e-01 -2.121237353337917797e-01 -1.011947920790655514e-01 1.051447641697443314e-01 1.869125657231583415e-01 6.274271871076768647e-01 8.361207939216124263e-01 -1.278973320430442095e-01 -1.693125077607418594e-01 -1.964988980157129084e-01 -2.494092455400577224e-01 -3.096197512058352364e-01 -2.366523052621729573e-01 -4.972203361502228192e-02 -1.144683835555682927e-01 2.509398601356226943e-01 4.175432539540022137e-01 4.532940669644254794e-01 4.718361877022083095e-01 -3.241953167200825048e-01 -8.962272171248286678e-02 3.052540753228486503e-01 7.752272846435652454e-02 4.597213470257693890e-01 -2.152797601201976996e-01 3.898016502919843251e-01 -3.755486093426237404e-01 -3.483949182736054695e-01 -2.281803072244193153e-01 9.253278024413114089e-02 3.393582005626635811e-01 -2.812445535380339243e-02 5.667997423341432084e-01 -1.415410519075850360e-01 -2.130258915131676423e-01 -3.396941331162460220e-01 -2.626319369896094047e-01 -1.129557459922469337e-01 2.802537978635846749e-01 -7.946864494292360526e-02 -1.538495892888816496e-01 -3.367754499574328042e-01 -4.285085554907648864e-01 5.160406417355358766e-01 -2.440734641328329568e-01 -3.679707313097880378e-02 -1.485148851618350030e-01 -2.840941962133070597e-01 -1.635526317211770941e-01 2.689568897888925947e-01 2.728728866406322506e-01 -2.324532020027317014e-01 -1.827340946625625184e-01
1.438925397645307025e-01 5.032126664934374327e-01 1.784380417885416403e-01 4.121630481247964828e-01 1.000000000000000000e+00 3.433379236913618460e-01 1.762007736605541997e-02 1.353015399002248376e-01 2.880826126541496945e-01 8.627154030470533808e-02 -1.149935484328058061e-02 -1.035329727402114069e-01 -3.931794336823449254e-02 -1.026815806419022481e-01 -1.165496031017989320e-01 2.276729040437770191e-01 -3.509059277018180545e-01 -1.017285937560815229e-01 -2.246632274291206488e-01 -1.249799000237915986e-01 -6.713850253494571541e-02 -2.235765886116850010e-01 -1.197019846346023264e-01 -1.665025225671126763e-01 -1.994560820955042224e-01 -2.954444323874176881e-01 -1.155839145886634473e-01 -1.956089497939554889e-01 -3.697101522198595336e-02 -1.352452249139918239e-01 1.519058588406108079e-01 1.781410673723175450e-02 1.251593467506915414e-01 -1.174557181646247034e-01 -6.199974975154130818e-02 1.423183378755484563e-01 1.668794305525865274e-01 1.452976233215641511e-01 4.385878909013431470e-01 7.204560629155763729e-02 2.242802315039604255e-01 1.539531609257525913e-01 -2.866951245706367279e-02 2.304772275982635010e-01 4.950800791023175773e-02 8.208282554239007892e-03 1.452390924912998725e-02 -5.419336202313083939e-02 1.761585238494705330e-01 2.481730593114584438e-01 2.851696695842908039e-02 3.290234154436647573e-01 2.130147637854487297e-01 5.869297238090486202e-01 5.074164258344949774e-01 1.212869740569695043e-01 1.202301942533899465e-01 1.724339173455862184e-01 1.622991825782462427e-01 -3.047982494465802383e-01 -1.078987534588601999e-01 -1.321916206917087000e-01 -7.508333939874914376e-02 5.709574802134866761e-02 -6.225889463305941257e-02 -8.043667132146570253e-02 1.072376858507117503e-01 -3.209784868300171179e-01 -8.185222656400750751e-02 -1.908823602788941864e-01 -1.241661887798133496e-01 -1.171863004330681857e-01 -1.538060955735250646e-01 8.121427566877609250e-02 -2.990297133540857910e-01 -1.701606655684565206e-01 -6.941345072741068878e-02 -1.946848669005183941e-01 6.439243689918294766e-02 1.372074040440605658e-01 -2.784328875436544726e-01 6.288110736114803367e-02 -6.571038875479205676e-02 -1.775017820696004889e-01 -2.240192722975636042e-01 -1.529842477788368599e-02 1.878362440101119801e-01 -1.578526785384047615e-01 -3.951408848291317749e-02 6.837432362167528144e-02 2.384629655831638495e-01 -4.905050351980144024e-03 3.890831883768217647e-01 3.024726503376007902e-01 -6.604539411348335498e-02 1.841742595723393217e-01 -1.905934416100071860e-02 -1.176262491647170755e-01 4.742908389130051638e-02 1.967603823632658733e-01
3.158348970191680594e-01 1.948995362361995443e-01 3.556325701163946529e-01 -2.266620813084677943e-01 3.433379236913618460e-01 1.000000000000000000e+00 6.349569918296665838e-01 5.758718853836486407e-01 6.909396965696856796e-01 3.442368163818917415e-01 2.684202368076614720e-01 2.441582115129049546e-01 -2.701868621243325511e-02 -4.099361840945000557e-01 -4.954453246337039429e-01 3.570534391089709159e-01 -1.476804296516013859e-01 -1.164572080549915317e-01 -3.606522720717463271e-01 -2.331425272416554340e-01 -4.315758000753807111e-01 8.523286234149103635e-02 -3.654633720795890661e-01 9.863605363034616547e-02 3.633200588418079163e-02 8.922779895632805547e-02 -1.893045837457925026e-02 -4.816833301036547998e-02 -1.391214474982244154e-01 -3.961581936779524638e-01 4.215902222297852886e-02 -1.453601720950611353e-01 -3.922756240954088369e-01 -1.058771679653942172e-01 2.446651071110367281e-02 4.045027780107156024e-01 2.759406475662886105e-01 1.111191257870805527e-01 1.513490011256176044e-03 4.499146036226188694e-01 1.799993260283628826e-01 4.435576863062806185e-01 2.529185693281464364e-01 1.805776565181171078e-01 1.980874315038803901e-01 -3.005382660679909446e-01 -2.931101320418383893e-01 -2.596176422997752420e-01 5.253682080096959695e-01 2.755397905238506362e-01 6.367682437887553504e-02 2.352417727213015897e-01 -1.271562289923232336e-01 -2.085706799085815799e-01 6.705695697592808369e-01 6.532533640163378230e-01 6.001352237305481729e-01 6.099258967487082295e-01 3.325511305832264397e-01 9.521393584266257815e-02 1.574304429343129919e-01 1.739898547597449122e-02 -2.432108737781178698e-01 -3.080888341755819160e-01 -4.128352711566170008e-01 -4.948393196398225835e-01 5.532437535138053919e-01 -1.184538768689211569e-01 -2.011251995795901859e-01 -1.213325899543790942e-01 -4.168567810543938879e-01 1.819208793877371000e-01 -4.247155613143472896e-01 4.859418286765129769e-01 1.196751205688133812e-01 2.617451005215121751e-01 -6.366467270660373934e-02 -3.849066663258483012e-01 4.782600063490640568e-02 -1.764695807743250078e-01 -8.937585835484068708e-02 -5.594085396690863694e-03 1.716746808911059075e-01 7.511201489868829517e-02 -1.202924247377551575e-01 -3.743034878074333882e-01 2.024771260288922570e-01 1.915422816364228953e-02 2.378605322926555798e-01 3.306281880369830728e-01 -3.289188320025073775e-01 2.610473409506509634e-01 1.910825508302453624e-01 3.926377045742785454e-01 3.534856930545775544e-01 2.261482893810210226e-01 -3.531609100021936287e-01 -3.996468316967172751e-01 4.253520363575120644e-01 2.603981209464562019e-01
2.728862490974022781e-01 1.585914897917898858e-01 2.388289182002614475e-01 -2.453943546281554533e-01 1.762007736605541997e-02 6.349569918296665838e-01 1.000000000000000000e+00 7.960540503757912445e-01 6.669344694624186332e-01 2.871733579608994891e-01 2.688501384038933795e-01 2.294150127686917506e-01 -4.331867129193496535e-02 -3.622975169784877769e-01 -4.929964155191713382e-01 3.500037419006892248e-01 5.371159250916585082e-02 -3.681943058802491370e-02 -2.435895211085249701e-01 -1.509409402850357129e-01 -3.427468894038337432e-01 2.310884748869748428e-01 -3.503356665199017228e-01 3.724691911669528871e-02 8.496351070461682919e-02 1.208893825696233659e-01 1.017435703258442840e-02 -1.170551855088122935e-02 2.278066286867269294e-02 -3.441156311300784809e-01 1.491840461922049887e-01 -1.684343177891548249e-01 -4.628293134922409902e-01 3.591794885446338015e-02 1.006742454977457707e-01 2.613994854168186222e-01 1.547094459099744024e-01 1.925013465915954292e-01 -7.771184913856825360e-02 5.313279794078781260e-01 1.475452125133617787e-01 2.519094513656312539e-01 2.798862130650346947e-01 1.186275237678467293e-01 2.073462722489664012e-01 -2.650111305829579433e-01 -2.869466850054721019e-01 -2.233401639610491096e-01 5.500766723113502676e-01 2.173054451003148535e-01 9.356873045336980277e-02 3.237499179420087470e-01 -1.179823202585989286e-02 -3.504285348126481847e-01 4.900098604841665040e-01 5.336396163247336677e-01 7.542449244656004304e-01 6.183912361554630976e-01 2.585010123943559668e-01 7.431654680264425383e-02 1.117838531494405319e-01 1.353008526642873396e-02 -2.687115340557448828e-01 -4.276919829177222576e-01 -3.804108999648306288e-01 -5.098899015691860104e-01 6.443159875718772467e-01 8.335732930704468566e-03 -9.196356613721444473e-02 -2.111206542295155156e-02 -3.512305873109208276e-01 2.141153884872185886e-01 -3.554285206355446980e-01 4.599244264468511090e-01 8.275299988581763522e-02 2.402870495397005368e-01 6.200915827557795801e-02 -3.301293070756373127e-01 1.350281669507985005e-01 -2.673267308467232595e-01 -7.141308542363059009e-02 4.608952051712024434e-02 2.461614624506842930e-01 1.773484257037270251e-01 -2.764269057774144597e-02 -3.481585300877909073e-01 1.530499606974031757e-01 9.911927578389378990e-02 2.576285835486740727e-01 3.054918429151158299e-01 -4.208455922874609900e-01 2.607516526992653128e-01 4.220084201701659182e-02 2.905926663310900993e-01 4.019981816847846279e-01 1.640709699985262726e-01 -3.241707759847262116e-01 -3.066266008648589891e-01 5.383645734545964290e-01 2.000467058262900555e-01
2.156953645368722139e-01 2.601467508712324572e-01 2.880229610076149305e-01 -1.491113411738012040e-01 1.353015399002248376e-01 5.758718853836486407e-01 7.960540503757912445e-01 1.000000000000000000e+00 7.412395673640309601e-01 2.387970354834523246e-01 2.290507998903700826e-01 1.144330560178105360e-01 -2.711321913078087661e-02 -2.677135381278604731e-01 -4.430727041152661139e-01 2.869537137697894535e-01 9.444068818120746056e-02 7.247433119980717375e-02 -1.705189438306329852e-01 -1.013361899150728856e-01 -2.772743173037311437e-01 2.391357326797430849e-01 -2.573384980562407609e-01 4.298291223750361212e-02 -9.869628515451343842e-02 -2.474636050623464298e-02 7.599505489994005936e-02 3.311625370996335721e-02 4.227236986790362111e-02 -2.463303484860809578e-01 1.792471127845160217e-01 -3.158301096993612611e-01 -4.577347174450153156e-01 1.630777809440454029e-01 1.671015428898477151e-01 2.588990502770296409e-01 1.625345970930838491e-01 2.355341158635210208e-02 -5.007745998332337189e-02 4.435419095619674290e-01 2.308525828653158751e-01 2.627871451014902049e-01 2.568156496553287704e-01 2.049515377514343206e-01 2.640632518867950806e-01 -1.060101035692554705e-01 -1.588139016465893727e-01 -8.658900433741711922e-02 5.159109248725211039e-01 2.866936453517622274e-01 3.776297015514210736e-02 3.842350967519755911e-01 2.403030728762993798e-02 -2.452398013960851997e-01 5.277830258033170407e-01 5.325557065364935339e-01 8.210393521163276143e-01 7.380569614660822397e-01 2.173556401491410772e-01 -1.661907621762999734e-02 3.984463155285836167e-02 9.182067480982004579e-03 -2.195691469725750411e-01 -3.521856681573059533e-01 -3.029364328412160745e-01 -4.519989386677676912e-01 5.754260835931653828e-01 3.509985492948596714e-02 -6.547996369772543512e-02 4.487488395161848970e-02 -3.120642077109724299e-01 2.323312162243722501e-01 -2.474980816829786268e-01 3.510579016244417261e-01 -1.831508192003764718e-02 1.373421851591070386e-01 7.482938710100199564e-02 -2.771679010986977110e-01 1.696075212569655710e-01 -3.774590204108285163e-01 -1.557795943539402872e-01 1.325896594504956116e-01 3.049077942331584468e-01 2.466652871042528394e-01 3.434640120820563192e-02 -2.433112833183514179e-01 1.632277594251092256e-01 1.335298664682391667e-01 2.885350101198231321e-01 2.647331968883249731e-01 -3.468731020207927451e-01 1.013467486506512832e-01 -8.219647168927621738e-04 2.835529039123942385e-01 3.658720701979778500e-01 2.541329336818796691e-01 -1.825261018446893146e-01 -1.687844363798220448e-01 5.177901497108010620e-01 2.190413114509513481e-01
2.261357469754092797e-01 1.773780416387059911e-01 2.790591656309510671e-01 -2.626317254074534979e-01 2.880826126541496945e-01 6.909396965696856796e-01 6.669344694624186332e-01 7.412395673640309601e-01 1.000000000000000000e+00 4.582326046209001524e-01 4.613842631086047530e-01 2.343248253825202798e-01 -1.644210431073665074e-02 -3.800920784192306501e-01 -4.811488959362174023e-01 2.464977316096237103e-01 -2.195718555933445781e-02 -8.683237554328317176e-02 -2.984984196530762190e-01 -1.870366101577820295e-01 -3.663479962161719783e-01 1.840230447078710641e-01 -3.304473320237595324e-01 2.214685360526287838e-01 -2.060156143620213431e-01 -5.776307221963100647e-02 9.287516518029214144e-03 1.433363705988338795e-02 2.977743725130290939e-02 -3.164795508378565603e-01 2.004083883965327162e-01 -3.951005338459505078e-01 -4.594349046626470812e-01 -9.607201831947355082e-04 1.431219774045054127e-01 4.767522095296993778e-01 4.065527119657030841e-01 -1.950929028407391574e-02 4.742701709467416621e-02 5.974084191516642051e-01 2.731321800217352269e-01 3.756340732462613019e-01 2.815855152400338901e-01 2.899127091485710905e-01 2.547493228981768665e-01 -1.371409842482665120e-01 -2.112991278738854117e-01 -1.889797830164327008e-01 4.800793478120166657e-01 3.609194390016463028e-01 -7.849102885208661395e-02 2.289683844288777081e-01 -1.889707866963318272e-01 -2.487503245503170368e-01 7.192444600546868960e-01 5.621718133937275708e-01 6.431958551688797820e-01 8.247103435026158502e-01 4.296859845890933505e-01 -7.980101590919530530e-02 1.122162033327917391e-01 3.382001002749862335e-03 -2.188413713892151946e-01 -3.099301799511635647e-01 -3.827702597105311355e-01 -4.744375939589901559e-01 7.191888328905760019e-01 6.562034206286385118e-03 -1.477090954194536787e-01 -1.829681272111488566e-02 -3.894443900479584442e-01 3.305893892183763283e-01 -3.540273819824414914e-01 6.111352706603098150e-01 1.569830045888554182e-01 1.700313815537622397e-01 8.196254915545342357e-02 -3.610004282691869348e-01 1.532860442235192133e-01 -4.041189047628520048e-01 -6.054378643190058695e-02 1.720382636762947948e-01 2.959288128193225398e-01 2.602655959077497805e-01 -7.570170556114089178e-02 -2.590777354965655421e-01 3.487682523350541519e-01 1.125348683681425682e-01 3.932156517430067666e-01 4.617202962317688009e-01 -4.004908250727357011e-01 -3.387490809288123874e-03 1.372477624571802890e-01 3.583304356137177460e-01 4.357229472852564012e-01 3.469555094406093221e-01 -2.216289804432568789e-01 -2.669662498530098182e-01 4.253802079998614816e-01 3.147915086754976000e-01
3.956351689819678774e-01 4.347692973518253040e-02 1.022665683585985141e-01 -3.234172038656822901e-01 8.627154030470533808e-02 3.442368163818917415e-01 2.871733579608994891e-01 2.387970354834523246e-01 4.582326046209001524e-01 1.000000000000000000e+00 5.543309408470525890e-01 3.919642805481858838e-01 -1.752069646248938586e-02 -4.785442691549190997e-01 -4.238798622521096071e-01 3.094679545523615349e-01 -1.427429309483205511e-01 -4.076484216811275818e-01 -4.168236617092239693e-01 -4.829388693116345443e-01 -4.545263021104060663e-01 3.927571600046839834e-02 -4.113347438734907269e-01 1.029716030703947960e-01 1.765750141459712930e-01 3.907372962300566244e-02 -1.723435339318497572e-01 -6.886835241862120094e-02 -2.167249001565909050e-01 -3.859105568559493826e-01 1.180889735584391698e-01 -1.277321547397081980e-01 -2.043555800831110547e-01 -2.582352464169819783e-01 6.064971235419486240e-02 1.125512276329793532e-01 3.444121953966495786e-01 3.066854967299412760e-01 2.972177359584978751e-01 5.446029104318755865e-01 -9.264408773400241437e-02 3.704269486961540014e-01 1.784105267704066689e-01 1.501755258732723752e-01 1.467514757733839603e-01 -4.224455557897544011e-01 -4.344768707191282164e-01 -4.077099681890026250e-01 1.581279490421327316e-01 -2.380523528383999155e-03 1.273221642682037802e-01 7.086329233898651381e-02 -1.847395804157158650e-01 -1.618494146484123486e-01 4.916110855051433748e-01 3.368599775283203090e-01 3.121852288071618742e-01 2.600376541381177464e-01 8.463675411344004917e-01 -7.395193562006770194e-02 2.331847927295975786e-01 7.150730426968329723e-03 -3.463087469358970272e-01 -3.789864254701006963e-01 -4.628939328956201416e-01 -4.539424792213453408e-01 5.024495553599455100e-01 -1.651086713777078774e-01 -2.828477009354759542e-01 -3.769259570738304754e-01 -5.300609725464576760e-01 8.293182710857360807e-02 -4.887947530026288678e-01 6.071003150297578088e-01 2.446396754622210401e-01 3.543496072763041016e-01 -9.719946508435634014e-02 -3.637496726643697498e-01 2.187261361044142427e-01 -2.156771547088540131e-01 -1.090966291638584551e-01 -6.114821473701771010e-02 4.025240705768964311e-01 1.188095621910734145e-01 -1.722375665615853424e-01 -3.489149108708070601e-01 3.403451543876535590e-01 -1.921096312125127048e-02 -2.405931359340047343e-03 2.724937822798442766e-01 -1.753515571136020912e-01 1.277569555387785549e-01 2.935150994687969472e-01 4.923162840948808183e-01 4.237773342773222263e-01 1.993447766930933895e-01 -4.618949267388233193e-01 -4.617904091897862551e-01 5.152055434530467687e-02 8.830377629195125186e-03
2.538590067045663479e-01 -1.376612246630465608e-01 2.837150823503882813e-01 -3.483344676289399922e-01 -1.149935484328058061e-02 2.684202368076614720e-01 2.688501384038933795e-01 2.290507998903700826e-01 4.613842631086047530e-01 5.543309408470525890e-01 1.000000000000000000e+00 5.806296623379654243e-01 8.867956683754966984e-02 -2.237952914593698828e-01 -2.205611333117566686e-01 8.160760276588076290e-02 3.334680184820910942e-02 -1.477200394886717949e-01 -1.621884382514769962e-01 -2.416097419353397113e-01 -2.259427693448822494e-01 2.420643559230554742e-01 -1.767051346917191124e-01 4.072841305210770368e-01 -1.043581974959369302e-01 2.659632324317744434e-01 1.628830497105794237e-02 1.069275766318454196e-01 4.952259388610859292e-02 -2.071018144790524318e-01 1.214695040597339321e-01 -2.155529997938041842e-01 -2.576464214169853495e-01 -6.418026430033245411e-02 2.212609302938235989e-01 2.928096046698432375e-01 4.818791877835025272e-01 -2.526646194218242977e-02 4.043599283520017684e-02 5.044777292571864802e-01 1.917391337487776015e-01 4.285776808558907636e-01 3.429473314615222312e-01 3.981733923725513935e-01 2.477862680993560829e-01 -9.384027746485147647e-02 -1.322252967334337226e-01 -1.499184290539986864e-01 1.494843687974792279e-01 1.680859016296587238e-01 8.683173008639681612e-02 -3.543124272301196448e-02 -2.872837813127400719e-01 -2.321189259099163960e-01 4.091913224464046595e-01 4.077468130582984629e-01 2.052968053898387990e-01 4.037455011365447821e-01 4.880312002084104539e-01 2.492955089274215830e-01 4.212221102008931739e-01 1.356545052393300921e-01 -1.263623468150656404e-01 -1.841415731962029179e-01 -2.048821270141886475e-01 -2.466272145854290498e-01 5.440823667560916732e-01 1.071374890298726762e-01 -7.143820375311266124e-02 -9.529147767765452914e-02 -2.865396996003754526e-01 3.165147912468366798e-01 -2.356194194353626870e-01 5.230034645519107128e-01 4.577201001709996775e-01 5.117796171246341563e-01 1.987623565739818632e-01 -1.868730274816615411e-01 1.199183905883956652e-01 -1.967924594323985088e-01 1.264679456955549175e-01 1.052882035440831088e-01 3.822481464743459623e-01 2.700085286322497780e-01 -2.317732952078073796e-02 -1.071489430884438876e-01 4.170427927065308293e-01 8.145245335458656255e-02 2.771532748753950393e-01 4.564774763487511877e-01 -2.658464228172058297e-01 -1.633870881682232545e-01 5.598462651810590107e-02 2.979192959159722709e-01 5.079828758003087641e-01 3.528045429673085653e-01 -1.418206019657071715e-01 -1.833324514515932147e-01 1.696444536078628995e-01 1.926681899277045140e-01
2.217276050279854971e-01 -1.194255772523956094e-01 2.012508044995341971e-01 -1.663282466345253896e-01 -1.035329727402114069e-01 2.441582115129049546e-01 2.294150127686917506e-01 1.144330560178105360e-01 2.343248253825202798e-01 3.919642805481858838e-01 5.806296623379654243e-01 1.000000000000000000e+00 1.788552262443382224e-01 -7.340143316563126075e-02 -6.673136418981995277e-02 1.100002669415999917e-01 1.432191226344847190e-01 -7.108872233158085308e-02 -3.743291114128217967e-02 -1.860745373347379439e-01 -4.192853158895347432e-02 2.935649170574486932e-01 1.372695982733992265e-02 4.450509965719582350e-01 1.979861977051356470e-01 6.161229966900452215e-01 -6.510997576434937248e-03 9.711848264159417266e-02 1.691721720790584707e-02 -4.168140835642474701e-02 -7.989199473270464091e-02 8.863016366359581510e-02 -1.158252377700299263e-01 -6.700923823469108476e-02 2.888363735907617871e-02 1.267425748001184960e-01 2.310638673680884547e-01 2.143606507433512207e-02 -1.517855158348632161e-01 4.328781108302514058e-01 -5.096478586686598727e-02 2.770408900392327678e-01 2.302638592295965236e-01 1.042148996859873777e-01 7.797478548853545299e-02 -2.306767164577210039e-01 -2.081884930794999367e-01 -1.194558088341736990e-01 3.177107366263239030e-02 -6.972243966020212624e-02 1.960551477075213600e-01 -1.476518583521303253e-02 -6.598639863249819437e-02 -1.648171873112192209e-01 1.698832795880332036e-01 3.272818837128326774e-01 1.122295494879916450e-01 2.335552445165194890e-01 2.530493451785665870e-01 4.560079264223879103e-01 7.183053300349241388e-01 2.261600175861034068e-01 -5.017788652992971610e-02 -1.012730219730885034e-01 -1.191057236602467706e-01 -1.050002141074469347e-01 3.393756812383589283e-01 1.753775111366112360e-01 -2.107412033924967870e-02 -8.538840626070887119e-02 -1.176303888755232674e-01 3.133440661911879865e-01 -9.568634777446868855e-02 3.431470519014499510e-01 6.104738905312195874e-01 6.677462239897683505e-01 1.898206255067461934e-01 2.952948905711664379e-02 -2.198344037947318544e-02 6.173334839345797492e-02 1.526873978856180814e-01 -2.051982442892743841e-01 1.389689783405372026e-01 1.319844078907470020e-01 -2.356816619331080984e-02 -2.194142199799210269e-01 2.403291846918366725e-01 6.265098430550120057e-02 7.463036705070057175e-02 2.158059329419420858e-01 -2.487868950051987937e-01 -5.482591104007647487e-02 -1.166984117777238039e-01 1.477661000527727420e-01 4.362341099785253529e-01 5.122249791253695450e-02 -1.607105205400968517e-01 -1.589639734220494871e-01 7.573751514001708651e-02 -2.282816865407590740e-02
-2.194479735550952937e-01 -4.080264033702108058e-03 -1.287517514542405872e-01 3.803669822291094738e-02 -3.931794336823449254e-02 -2.701868621243325511e-02 -4.331867129193496535e-02 -2.711321913078087661e-02 -1.644210431073665074e-02 -1.752069646248938586e-02 8.867956683754966984e-02 1.788552262443382224e-01 1.000000000000000000e+00 4.461923497789005433e-01 4.113304595153031151e-01 -3.174465063183805058e-01 5.770152876126889430e-01 5.229397865658028666e-01 4.900606168066504731e-01 5.254775878557351732e-01 3.373950515233196112e-01 4.812866284484546009e-01 3.403661527319720159e-01 3.293047176179503821e-01 2.907213314302072287e-03 1.641738268990499683e-01 3.685323343602215918e-01 4.729300805377799621e-01 4.520335759825416799e-01 4.201901893022488288e-01 -4.732590528059409801e-02 1.359299977471254729e-02 -1.097290647218364390e-02 4.280764188594662900e-01 3.409741316722783577e-01 1.135866944782740195e-01 1.489325210264523247e-01 -1.024264889841111498e-01 -1.794693191291729661e-01 -9.231322568172117132e-03 4.781530455636068266e-02 -2.178681900491730161e-01 4.003640517315776998e-02 7.318250409128070066e-02 1.833801572320093165e-01 3.772368615934171276e-01 3.396400885328917929e-01 3.471799918701362064e-01 1.614583481205682791e-01 1.663293112391116824e-01 -2.243485725850825618e-01 -3.372744158890041144e-02 -6.574659385731988770e-02 -1.807431363426217213e-02 -9.853101287775455075e-02 -1.084025297438793306e-01 -1.532193867776066032e-01 5.612039709938469040e-02 -8.777885732146742392e-02 2.109432939500162363e-01 3.435884140104673579e-01 8.204482131275490087e-01 6.154866958928437715e-01 3.717636870615609324e-01 3.817572251353142931e-01 3.763892553748311998e-01 -9.779501389208382356e-02 4.882579582295364373e-01 2.849203108934840745e-01 5.219959583499214073e-01 3.583466731057877719e-01 5.060689709994219410e-01 3.503946845912150887e-01 -8.063863983835212190e-02 1.535632797816669781e-01 -1.820762151690257652e-02 3.618810865692405065e-01 4.670527424601629840e-01 -8.451202272302020535e-02 -4.903769257516808061e-02 -8.017642112033984692e-04 -2.727043418196711116e-02 -6.961958241635486655e-02 3.216121576406925087e-01 4.096472002233839671e-01 3.680187165516547454e-01 1.992391538186735755e-01 3.703742636658617360e-01 2.637713864351080018e-01 -1.274558827624137913e-01 -2.249981008307423425e-01 -2.626803484790199983e-01 -3.112137956859634680e-01 -3.205317302248570366e-01 -1.196276951853192730e-02 5.278072068661798094e-02 3.748892240465270254e-01 4.182509359039371377e-01 1.942302326040131755e-01 1.352503424161305146e-01
-4.464427786684955213e-01 -9.496695004526524431e-03 -1.525253264953851939e-02 4.673387505923473073e-01 -1.026815806419022481e-01 -4.099361840945000557e-01 -3.622975169784877769e-01 -2.677135381278604731e-01 -3.800920784192306501e-01 -4.785442691549190997e-01 -2.237952914593698828e-01 -7.340143316563126075e-02 4.461923497789005433e-01 1.000000000000000000e+00 8.735348153629894918e-01 -4.574049626706510052e-01 4.644262631121248153e-01 6.402049465265197137e-01 8.239523990117899599e-01 6.385090819019288988e-01 8.263934020938705771e-01 2.847520496723877081e-01 8.102585976443180682e-01 9.228243186946753773e-02 -1.556395306454082805e-01 9.655410981749686442e-03 3.592555427453358319e-01 2.789746052908386731e-01 4.641173283497078694e-01 7.544843057369899908e-01 -8.494075308356539844e-02 1.028417691623833563e-01 3.494592531452632711e-01 4.567256050993952488e-01 1.930135225495315521e-01 -2.265392099267660164e-01 -2.073646759692076569e-01 -4.065852347644747788e-01 -2.628231370108830012e-01 -3.208340170180627449e-01 4.798817690666468128e-02 -3.002281164214258835e-01 -2.097664777277798986e-01 -4.506543694143683859e-02 5.308581227499573583e-03 6.373208051183024692e-01 7.231619088181728827e-01 6.713977108121403914e-01 -2.391713516110554882e-01 -8.725368109787608184e-02 -1.442574705516941336e-01 -1.081790636085501328e-01 2.808324235435416538e-01 3.341613442652829891e-01 -4.199003723050864778e-01 -2.249593704473430433e-01 -3.950215637833141002e-01 -2.800819474309565460e-01 -4.928825440112020173e-01 1.250354997292654063e-02 1.343403035622688646e-01 3.283422829525860509e-01 7.417500442810228689e-01 7.651578119517744581e-01 8.441165315033366534e-01 8.590397625121413139e-01 -4.147840262825200908e-01 4.663391472532226190e-01 5.558111930149731705e-01 5.186735262842534500e-01 8.229428632339533811e-01 2.057090033243195448e-01 8.504242586997441400e-01 -4.613648130233247713e-01 -5.922408987858541335e-02 -1.164301384023099517e-01 4.498584295071489936e-01 7.770221587015627707e-01 -1.984212610702242585e-01 2.618431024447493982e-01 1.254697646503490083e-01 -1.069456993753149232e-01 -2.892598258929814370e-01 1.102172681729258752e-01 3.867553028132581505e-01 7.175911908211191070e-01 -7.107923193442365617e-02 1.535920832677398484e-01 -7.773756945372536920e-02 -3.883695269708263842e-01 1.614458722821721370e-01 -5.131393620161776026e-01 -4.012811309216609557e-01 -5.177562848702149667e-01 -2.631072700429954447e-01 -1.381127445879503368e-01 6.931624978737744858e-01 7.694780116425605776e-01 -1.472910638885451540e-01 -1.401440838291306834e-01
-4.901578161934915800e-01 -9.842139703679668450e-02 -1.062166802601404725e-01 4.578580191031313973e-01 -1.165496031017989320e-01 -4.954453246337039429e-01 -4.929964155191713382e-01 -4.430727041152661139e-01 -4.811488959362174023e-01 -4.238798622521096071e-01 -2.205611333117566686e-01 -6.673136418981995277e-02 4.113304595153031151e-01 8.735348153629894918e-01 1.000000000000000000e+00 -5.093674648956832973e-01 3.628486062674779467e-01 5.635502897890566354e-01 7.601939639649563096e-01 5.937593525686174489e-01 8.304787609529734604e-01 2.093392696969364475e-01 7.959180422311820102e-01 8.453225063717863252e-02 -9.065845114901571744e-02 6.904551189000353306e-02 3.140414628928169249e-01 2.937581628191621719e-01 4.075038832985726778e-01 7.632402027554692214e-01 -1.887114370001604369e-01 1.241391903157161580e-01 4.113625272946453970e-01 3.488717868045320691e-01 1.226196691354303064e-01 -2.367369832966509102e-01 -1.938224474704023925e-01 -4.058895811338834037e-01 -2.407206650203206899e-01 -3.411199665327730446e-01 -3.531846821533797531e-02 -3.080760828772252657e-01 -2.493809751914126960e-01 -8.397428003836542032e-02 -3.533230800866825339e-02 5.730206808713723676e-01 6.532968427638433662e-01 6.039875400409251416e-01 -3.388188309635068451e-01 -1.336844215584880591e-01 -1.661085178764051817e-01 -2.306393674019047713e-01 2.185660922621262270e-01 3.582547411225500689e-01 -5.045188375230434952e-01 -3.239089476218318664e-01 -5.497219346367510084e-01 -3.903404111867940784e-01 -4.484828476887683379e-01 3.100305851198379911e-02 1.756458516854165208e-01 3.069633216090961181e-01 7.163129459093438012e-01 7.861202902656894143e-01 8.521024677031259209e-01 9.230737578600825000e-01 -5.055279108441484981e-01 4.015983284440168832e-01 5.001630362964836207e-01 4.438853455837629136e-01 8.218675966605072380e-01 1.406743890747420844e-01 8.372620886374697591e-01 -4.589767576326769238e-01 -9.214697000865284399e-03 -9.710040890361681942e-02 3.696700261191118719e-01 8.008942551135478372e-01 -2.751700924084664601e-01 2.861843813657221069e-01 1.195615708306156932e-01 -1.716120588201693886e-01 -3.157140896666787988e-01 6.279690939326053323e-02 3.318420344738277072e-01 7.088851791494827914e-01 -8.489018060947609023e-02 1.319967025571717467e-01 -1.234842789265858665e-01 -4.300504676589833042e-01 2.175911311060358677e-01 -4.999107364126283981e-01 -3.514366118414375961e-01 -5.207954723045152834e-01 -3.029929952679093486e-01 -1.574280422553546166e-01 6.525095886822672719e-01 7.205542660820041245e-01 -2.551294715740121122e-01 -1.757995550531496476e-01
