1.000000000000000000e+00 2.677902162427107102e-01 8.078274480626547460e-02 1.552800031999281571e-01 3.814595189830963934e-02 8.632572515196447471e-02 -3.854798118326364237e-02 -3.592639194325354668e-02 2.957359399049336660e-02 -9.116553558273723587e-03 1.300437674688873337e-03 -1.082415659923602058e-01 -1.001525317205208786e-02 4.775977396512397916e-02 7.828395975304261456e-02 2.283282777273678565e-01 -1.020468891786651400e-01 -6.093007459590144698e-02 -9.077809984219098460e-02 -3.381986143185479465e-02 -7.871265305492734093e-03 -8.495873748875425180e-02 1.939093505075475607e-03 -1.195115118717332975e-01 6.600652464211251291e-02 -7.375824303166023110e-02 -1.239753641242710147e-01 -2.247387974376486436e-02 -3.105434704166456367e-02 -1.217089229045270615e-01 1.212087467605026253e-01 2.803446542763985971e-01 1.753190159386013025e-01 -7.779701884884707153e-02 -1.125318812309231004e-01 -3.403860752444946153e-02 -1.610984228264032425e-01 3.811179346921706457e-01 -9.208984454470754699e-02 -1.271792438230653910e-01 -4.750128779325844125e-02 9.064135682952757572e-04 -1.009711070406775907e-01 -1.455385291772361700e-01 -5.011962375535553016e-02 -5.222975471989365487e-02 7.817346784023342099e-02 3.285750333829869172e-03 1.126218160883149522e-01 9.659331027200593334e-02 3.254961216301692772e-01 2.468254919116662227e-01 7.842635318289353785e-02 3.990124598906957115e-02 1.198250519023822125e-01 6.011113271765871485e-02 6.957897129993036514e-03 6.517883909574510859e-02 1.102576580609888890e-02 -3.106928365803544173e-02 -1.505497153456050452e-01 2.208334574220496144e-02 5.912314285695231125e-02 8.871294294418877180e-02 -1.283107338181251750e-02 1.004194283880291833e-01 -1.841062125979804577e-03 -8.636349901179718458e-02 -1.532551565704338703e-01 -3.200687767617722834e-02 2.495389885356306264e-02 -9.232647666232719763e-02 -4.902045546620498705e-03 -2.775750956290889276e-02 -2.448979513976998895e-02 -9.556769810913058605e-02 -5.045467041384040646e-02 -9.147353642487235370e-02 -4.843345988048146540e-03 1.240770559874335988e-01 9.301999866307870957e-02 1.227883623764470800e-01 -3.109320915288441567e-01 -1.833569629236880549e-01 -2.246635879304927086e-01 -5.265764285121034977e-02 -3.198418165544952146e-02 4.122955292825062484e-02 -2.722538915963758008e-02 4.629560649481274243e-02 9.434228963315481609e-02 2.590880896320145177e-01 -1.106298079502138210e-01 -3.173831049494085788e-02 -1.460998686579677019e-01 -1.703792938428453085e-01 -5.077958609618240388e-02 -4.303850902983074461e-02 1.536843140248411212e-02 2.747914521136402694e-02
2.677902162427107102e-01 1.000000000000000000e+00 1.106092521599561090e-01 3.132332778707561660e-01 3.849658190724588591e-01 2.325154865495188128e-01 3.214597381355303041e-01 3.469080749421455390e-01 4.293211911312109358e-02 3.210603645707248155e-02 8.758616835648282140e-02 1.050140970518312622e-01 1.090164270938837887e-01 -2.685645158470984298e-02 -3.824886147455403788e-03 3.875314120640441229e-01 -8.864366088149992773e-02 5.420270324044007548e-02 -1.806545449108782342e-01 2.474656195123477176e-02 -3.685818249632340227e-02 6.660535232944386763e-02 -3.789867929750199288e-02 3.223710528033386924e-02 -9.756213616512333930e-03 7.724805098992720831e-02 -2.332034875581080052e-02 1.862855091469535485e-01 -2.301222394588491992e-03 -5.646584893538349192e-02 -7.627337352250269931e-02 -9.442763534363070310e-02 -4.440222344839695606e-02 -1.221853871449130567e-02 1.604983807392700301e-01 5.299920538756883875e-02 1.848100814238102241e-01 1.042790754446605989e-01 1.559953954762607342e-01 5.656339683317553740e-02 -2.531208495876121137e-02 1.668684019724074596e-01 5.306755742220350264e-02 -9.505679596723992653e-03 -8.347953303889180110e-02 8.479285822819727925e-02 8.582346509678527580e-02 7.928233425027163273e-02 1.216965885764921262e-01 -4.893856639975687622e-02 2.826596799119857062e-01 5.647887345444396745e-01 3.367996399353033188e-01 3.863430512258764216e-01 3.214633936446436024e-01 1.491856694161815822e-01 2.608712877405359176e-01 1.496777494406119624e-01 1.766711498194865060e-01 1.236055839147881114e-01 1.904620205247050391e-01 1.396327428768699697e-01 1.237798002241530942e-01 1.680612794201169491e-01 4.677446259042049997e-02 5.148800219282860524e-02 1.733384731137371515e-01 -8.661960923254220790e-02 7.750884997101988201e-03 -1.874742089354233462e-02 9.853878571619451021e-02 8.109896169068639415e-02 -1.569217334816549320e-02 2.005686373561261782e-01 1.151230117816331583e-01 7.261128244309326962e-02 -2.988480936441646404e-02 -9.470815893569407840e-02 -1.330425026351413631e-01 -4.322885975225906202e-02 -6.465147721226278954e-02 -4.244390020242243267e-02 -1.764885073623534140e-01 7.704110561761128018e-02 -2.093504502081788149e-02 -3.242388465571698075e-02 1.514501662144978889e-01 2.245059458384674189e-01 -1.825971268609504969e-02 -1.409519865103585172e-02 8.330209518177296435e-02 -3.379640545789997647e-02 2.658968470868142697e-01 6.790899447406094358e-02 2.809518527952041198e-02 4.357871695114511057e-02 7.285878213092297773e-02 4.905953579949111354e-02 -1.971992722923083738e-02 -1.911653108252830621e-02
8.078274480626547460e-02 1.106092521599561090e-01 1.000000000000000000e+00 4.047850326624381767e-02 1.118465557453410253e-01 3.452652853894633278e-01 4.029348882287529521e-01 4.505082948772268225e-01 3.728066245349572760e-01 1.153652263213070656e-01 1.253428724495143087e-01 2.741048791633500237e-01 2.606706141086911344e-01 8.667552412883652857e-02 1.435709800041710671e-01 -3.153482280655610648e-01 4.738346114628317479e-02 1.569596837922926924e-01 1.548921249762608976e-01 1.006781277798832475e-01 1.068182081747311996e-01 1.443480242078609699e-01 4.968565618788390453e-02 2.086444034734364350e-01 2.416884853461999383e-01 2.139036406519295441e-01 6.184853299415205702e-02 1.857125007595517852e-01 5.284153879422149452e-02 5.902813710260557817e-02 -2.529890509221592310e-01 -2.780058822898625603e-01 -2.675465868569645855e-01 6.461785557947660741e-02 1.517634661218555947e-01 6.963342832104613134e-02 9.440002879760572840e-02 -5.465054593439298142e-02 1.092507526488864858e-02 1.983531885032080722e-01 1.057494566635053118e-01 1.000550286997915345e-01 1.734231134631084859e-01 1.381553421433715512e-01 1.255373654034688119e-02 -5.231155420613010226e-02 2.361045638102833924e-02 -4.067846736352090375e-02 3.203014999366676219e-01 2.294920901879202446e-01 -1.916988796249656235e-01 4.486463973264935290e-01 -2.201949767142782621e-01 2.634362269786897914e-01 3.967204563731433486e-01 5.499291812355122655e-01 5.825731658901524002e-01 3.190078421096373407e-01 2.506735933217039691e-01 3.002219368108147157e-01 1.722980889541423088e-01 2.328663534427765358e-01 2.109004768332296553e-01 -4.920574941939623304e-02 3.540041269401766888e-02 1.502520173882284371e-01 2.928182090480090372e-01 9.832204418329634765e-02 8.664077047630773520e-02 2.543178709852755154e-02 4.478409756729212488e-02 1.341658781283535939e-01 -4.160267306794949299e-03 1.405966512179872563e-01 2.515138359252014691e-02 4.226140299631434005e-01 1.266831966316733504e-01 7.363656472221218052e-02 -2.382453682817168017e-01 -3.404083817989241867e-01 -1.075566855919101450e-01 -2.436419198522687610e-02 -7.892638758263278986e-02 2.064169407040951087e-01 1.622499031835865704e-02 -1.631385663659612184e-01 2.435700736792514864e-02 -5.970387035553669647e-02 4.790210601104451238e-02 1.374983619725084899e-02 -3.406205290277428133e-01 1.209938888309639027e-01 5.204594958306850427e-02 -8.575106100529143738e-02 1.671675297494491785e-01 -3.393072034029966360e-03 -1.069913422975096173e-01 -8.623144100132562953e-03 5.034715364627647682e-01 2.552833757927455149e-01
1.552800031999281571e-01 3.132332778707561660e-01 4.047850326624381767e-02 1.000000000000000000e+00 4.500101806656969794e-01 -1.742731888345904201e-01 1.387253953608361817e-02 -2.151538165910591230e-02 2.949017760507190167e-02 -1.175321324809934925e-01 -1.357402040854938652e-01 -1.220176320183460200e-02 -8.013946229280712041e-02 1.956454494910138675e-01 1.415552559083928796e-01 3.599725351403419427e-01 -1.759786800926239625e-01 -1.162938293977813231e-01 -9.989645226925708554e-02 -4.535932094322058655e-02 7.537863747832446171e-02 -2.130269636992833948e-01 1.531121456895049582e-01 -9.729503490444889324e-02 -7.982778423250511124e-02 -1.226164427339836577e-01 -1.554079111413632086e-01 -1.455799146377456388e-01 -2.165626815719679521e-01 -2.352301716579673074e-02 5.518806108277238276e-02 3.133108518722900748e-01 4.038145740614010881e-01 -2.212515061187218801e-01 -1.847631482132962577e-01 -1.081034266264195853e-01 -1.644169421677783849e-01 1.316398344676755761e-01 -2.548859153751281345e-02 -8.473181274322928724e-02 -1.177401806213108082e-01 -2.220844262363491084e-01 -1.738330424211270153e-01 -1.234380663843592241e-01 -2.639954720866309890e-01 -5.063493910160406231e-02 6.248681772734319267e-02 6.076942468488549798e-02 -4.387023443896512220e-02 -1.548034387137786627e-01 2.820973969267676629e-01 1.230457600660353340e-01 3.758835720511363720e-01 5.616983581594604535e-01 -3.441713004711379614e-02 -6.593243810285998041e-02 7.457223170949769941e-02 -1.439037706970849873e-01 -7.721096289836594517e-02 -9.745907789642803409e-02 1.056813785581954546e-01 2.024025731422958788e-02 -3.457606847068993728e-03 1.968705649412628295e-02 3.602184334474509836e-02 1.516354211376435557e-01 1.441943688478352081e-01 -1.538532801600367428e-01 -1.219990662017148980e-01 -2.121458004969387634e-01 3.639250134251305335e-02 -1.714342830995231326e-01 1.114952984456828861e-01 9.067121128356971788e-03 5.378142051112202310e-02 -8.452045893603558901e-02 -1.383750526632437361e-01 1.123985678385882106e-02 1.168123238819502863e-01 3.436835220485721099e-01 -4.473559417332542004e-03 -2.031034241972706419e-02 -1.748759595830530755e-01 -2.106273646889680884e-01 -1.508117225489822577e-01 -6.710601142261544971e-02 -1.003254178832171661e-01 1.173050676864934375e-02 -1.725179614767015923e-01 -3.452724575646731742e-02 2.393692493188547821e-01 -1.436220719383046740e-01 6.381959507395520981e-02 -1.151375789388222326e-01 -1.002003633448867864e-01 -1.173207620272372770e-01 -6.543225504943524229e-03 5.073272020185101011e-02 -1.348016480459744426e-01 -1.550988214665736109e-01
3.814595189830963934e-02 3.849658190724588591e-01 1.118465557453410253e-01 4.500101806656969794e-01 1.000000000000000000e+00 2.176506550088207759e-01 1.825655545891011478e-01 1.759330721677056508e-01 2.202436013045137586e-01 1.857496955044716513e-01 -2.940279713220852239e-03 1.596662162466427337e-01 2.816930788329594440e-02 1.114309239485990338e-01 9.417898630654179121e-03 1.295414195140615343e-01 -2.176691204464011389e-02 -9.342052652069278429e-02 -1.371917537133121312e-01 9.193682769010531886e-02 3.721550935930422604e-02 2.099279026304102375e-02 6.938594030798912737e-02 1.980385131783651276e-01 -3.030619315315015092e-02 8.066054980758473325e-02 -5.678637811511588231e-03 5.973030055564553659e-02 2.135922179951030633e-02 1.651512806578814274e-02 -1.026914179434694901e-01 -8.467135058325565844e-02 8.351480569854019542e-02 -4.771548277113498576e-02 1.172264242228435588e-01 8.775008644880569197e-02 6.191992188383412671e-02 3.610172412548608156e-03 1.541624647221275790e-01 2.462929984266963024e-01 1.636181992128996066e-02 6.727521514503226330e-02 4.312735344368949508e-02 -2.618665448556886308e-02 -1.207686973985544754e-01 3.031752327265688912e-02 5.782319557396926185e-02 1.635351450115984095e-01 1.194352764451085264e-01 -7.164636416586528389e-02 1.217199940535348551e-01 3.563528873792582430e-01 3.799101198749738062e-01 6.845718648567578057e-01 2.766723639958892922e-01 1.305033861505788817e-01 2.622525798150347476e-01 9.161638778482797396e-02 2.508905393715718524e-01 -2.076048176208434778e-02 1.787468649776395302e-01 1.236678411860737438e-02 6.862274550605251301e-03 -1.395399868280847444e-01 -3.884027691284872626e-03 3.860769753015306800e-03 4.140877447000205769e-01 -1.527660106221559178e-01 2.876266935385335746e-02 -1.144406365371363060e-01 8.500494054104974773e-02 -1.202977708481367536e-02 4.323497352145325850e-02 3.238611147840540494e-01 1.952673793416536407e-01 7.369994294515432032e-02 7.873600137724654294e-03 -1.354231316968601551e-02 -2.469567623646270679e-03 3.472554737467554303e-02 -2.883327284395924284e-02 -1.409976213897349336e-04 3.302855860168411178e-02 -7.348587238279527534e-02 1.874749846633536055e-02 -7.809615293320089358e-02 4.361364006470191956e-02 1.454915327681196302e-01 -1.184439302403666495e-02 5.109977748946854109e-02 1.428143197962512823e-01 -1.849314699451150568e-01 3.295994775463340076e-01 9.654831344175529573e-02 1.254721007478535599e-01 6.715762955934162504e-02 7.898757580872502182e-02 1.682951459817168816e-01 2.618284619303035826e-02 -8.799124518846028475e-02
8.632572515196447471e-02 2.325154865495188128e-01 3.452652853894633278e-01 -1.742731888345904201e-01 2.176506550088207759e-01 1.000000000000000000e+00 3.734914287863735916e-01 3.942516646104337052e-01 1.940344709113318300e-01 2.406738434665833815e-01 2.483687057442941770e-01 1.584209615431124984e-01 1.892219969103207666e-01 -8.448023197004631002e-02 -1.241739331509199018e-01 -2.134070399334311863e-01 1.115917629498281299e-01 2.572346095694658455e-02 -3.008965363852721814e-02 3.682445863065971631e-02 -2.543616637114239770e-02 2.228009223500115044e-01 -1.511915141843782617e-01 1.792203713817238642e-01 4.525268122632917361e-02 2.543333689814734622e-01 6.384246328401033121e-02 2.311067587987513383e-01 2.637062824494236235e-01 -5.522754893937278919e-02 -3.335379979598932509e-01 -4.219422839109018275e-01 -3.504662676500919782e-01 2.519053503867142996e-01 2.518148575307059267e-01 1.605734917880854706e-01 2.633733158108256811e-01 -2.052715240299793908e-01 8.728502688728079217e-02 2.543071023589289492e-01 2.117005438170612708e-01 2.643508075525845546e-01 3.044040699174196951e-01 2.113140117923464345e-01 1.781159707069553677e-01 2.174362151697156048e-02 -2.369561536283417216e-02 1.251847897088882895e-02 4.392952290905617896e-01 2.577980761371216900e-01 -1.309051836901292121e-01 2.974239261322099703e-01 -1.922996645696613827e-01 1.311159624502746535e-01 6.823832963509351979e-01 5.945901892150993184e-01 4.564697651695751590e-01 2.703205750891756742e-01 3.833060322153785116e-01 2.083606310514596882e-01 1.124884314218468125e-03 1.016985199773117188e-01 3.411018827849883472e-02 -7.223304360313100025e-02 2.894588771772488821e-03 -1.077795929928184737e-01 2.333137983706473628e-01 1.230920338684671073e-01 1.566736179438134313e-01 3.737416463873134698e-02 4.578438491448439014e-03 2.187667475644546056e-01 -1.296716437077100326e-01 3.180831127522944501e-01 4.910730849783596919e-02 2.620093337441053993e-01 1.571359205218214039e-01 -1.333110202187259286e-01 -3.685243506329030638e-01 -4.211046968987937067e-01 -5.195864369215709433e-02 3.832117918027623527e-02 8.142069847532015792e-02 1.718117498090057926e-01 5.654923633005019129e-02 -1.113066560759654322e-01 2.237505167830513564e-01 9.436671595943910140e-02 1.728349941476546303e-01 1.371496371678501969e-01 -2.513650439068385589e-01 -9.613335590621853444e-02 4.193015460922325070e-03 2.981496741070474230e-02 2.163694948190074963e-01 1.434586102733079183e-01 1.209659210884377533e-03 5.801908812829645323e-03 2.662453817497756337e-01 2.568055070034942489e-01
-3.854798118326364237e-02 3.214597381355303041e-01 4.029348882287529521e-01 1.387253953608361817e-02 1.825655545891011478e-01 3.734914287863735916e-01 1.000000000000000000e+00 7.017755408935673067e-01 3.500137139221963789e-01 4.841964452413792253e-01 1.106544515198956830e-01 1.543925804942342661e-01 2.842878676284756323e-01 -1.799774143288238593e-01 -5.296673732901450993e-02 5.844745053604504014e-04 1.072902307402547745e-01 1.956119463531751368e-01 -5.063639355622714944e-02 1.117004145653518153e-02 -3.967455883978692616e-02 2.075764266006462910e-01 -1.399117979278529933e-01 1.541828467070223974e-01 2.555909590929839603e-01 1.246297241487798468e-01 -3.988339176963688615e-02 1.249075355063700987e-01 8.650841430868620729e-02 -9.632732971490678975e-02 -1.013617043312977500e-01 -3.171998527131013601e-01 -1.913535567064879317e-01 1.345061792054531857e-01 1.770921253312872645e-01 6.360926664600338731e-02 1.240050202856083361e-01 -8.112360899237380796e-02 1.145002329872044089e-02 4.142843324360363511e-01 6.792649335696392988e-04 2.853125077815192867e-01 2.042871945604420592e-01 2.451781171598610976e-01 1.794112440995124791e-01 -6.426812437407732059e-02 -1.540908906318648741e-01 -1.966543372083159325e-01 3.328345470376015691e-01 1.200520369181352631e-01 2.545133835105128570e-02 3.908674894083135065e-01 1.865265620812871228e-02 2.087751144869860465e-01 3.435276620056457730e-01 3.468543639596605166e-01 4.977668202418307764e-01 3.462106892505639744e-01 3.738345008499824873e-01 1.583491743387365480e-01 1.796913827747289860e-01 1.603956985411131575e-01 1.737235684497679122e-01 9.956531436064414153e-02 -6.385377764815322425e-03 -1.977386568974341327e-02 2.702589543498722380e-01 -1.369731740919237668e-02 -6.769374790816157228e-03 8.704553231962713911e-02 6.597892886845288345e-03 1.299726405866397649e-01 -1.586041828398068732e-01 2.019081369926152558e-01 6.404900540891196592e-02 3.019365952496175232e-01 7.071145920896543258e-02 -1.064405657088845353e-01 -1.676900238452897485e-01 -2.772780447456168473e-01 -2.158001390029785360e-01 -1.725285368322830304e-01 4.353434355365827513e-02 2.025199975975705557e-01 -6.551165581421548867e-02 -1.148802454719077548e-01 7.034541889793817504e-02 -2.614411532966565838e-02 -2.197221891455293855e-02 -1.576318215170258719e-01 -2.261360574593089257e-01 2.246513970015345807e-02 9.583822309070401391e-02 9.593035577603724329e-02 1.666691305584258875e-01 2.305953642851936713e-01 -1.068038686866487758e-01 -2.008347735349403917e-01 3.019112575261611586e-01 1.330150963479214132e-01
-3.592639194325354668e-02 3.469080749421455390e-01 4.505082948772268225e-01 -2.151538165910591230e-02 1.759330721677056508e-01 3.942516646104337052e-01 7.017755408935673067e-01 1.000000000000000000e+00 5.558658300806751384e-01 3.155881935686690731e-01 2.556255706067199762e-01 3.484621382735865747e-01 3.162871063967281349e-01 -3.288473877630901376e-02 9.496622573854555938e-02 -7.746270086865644777e-02 1.760109858786662318e-01 3.967358163157604922e-01 1.533490838303075143e-01 1.964908076371935375e-01 6.839122442005345082e-02 2.442907355811660686e-01 -3.923307582411472705e-02 1.691996773514127805e-01 9.592235511380638180e-02 3.174498353759267477e-01 2.973804349811161665e-02 2.724855279460381974e-01 1.116479904441480264e-01 2.543361576375108291e-02 -2.665266958934082164e-01 -3.646535713610400409e-01 -3.125957678021375474e-01 2.269423490877865990e-01 1.957880285985242330e-01 2.800658711975020920e-01 2.370159881618351672e-01 -1.966092342983332963e-01 2.106493246670685521e-02 3.670109620880814272e-01 1.886360722211655738e-01 3.172600435893327964e-01 3.003155208385570041e-01 2.193075438283695611e-01 1.554658289420657036e-01 3.169655969570401438e-02 -3.638559603924074182e-02 -5.486375591279540886e-02 2.709376722696210660e-01 2.110796477385676051e-01 -7.394937447464600133e-02 4.358541415450891132e-01 -6.027370144176976557e-02 2.710613822094767311e-01 3.502458307891723188e-01 3.447841297155565532e-01 6.986479839771939648e-01 5.796796222516834574e-01 2.951357259382965115e-01 3.289489855906612692e-01 3.056644551269722121e-01 2.662163875361521215e-01 2.465209175438402012e-01 1.571537638462396913e-01 1.491437472050670121e-01 1.472099892686644373e-01 3.457653489552994230e-01 1.212430660899550261e-01 1.729538255140402603e-01 2.487076659139508261e-01 1.228796979743356776e-01 1.999682162189107548e-01 -2.549656566024243246e-02 3.031843025620272192e-01 1.219175847253004125e-01 3.799335488642508474e-01 1.251929385273185258e-01 -9.255160019381766801e-02 -3.289113224584983008e-01 -3.327057689436172527e-01 -4.548519296547065549e-02 -3.351665850129076363e-02 2.653293812591194650e-02 2.579639223955249583e-01 5.492690170965423835e-02 -9.926762380028381072e-02 2.796885473600665972e-01 3.782273183696018004e-02 1.953127471084725453e-01 1.230769838554332356e-02 -3.384195105858515129e-01 -3.152526980171577176e-02 8.079628638086037984e-02 -4.427900772491069614e-02 2.038295573798034332e-01 2.171119053421811385e-01 -3.791804259697596768e-02 -3.818704804397419356e-02 2.927549374105230529e-01 1.606480823600433261e-01
2.957359399049336660e-02 4.293211911312109358e-02 3.728066245349572760e-01 2.949017760507190167e-02 2.202436013045137586e-01 1.940344709113318300e-01 3.500137139221963789e-01 5.558658300806751384e-01 1.000000000000000000e+00 1.752231922497403671e-01 2.432502985086652803e-01 4.131458104596950620e-01 8.843865055508007278e-02 1.399343645867612562e-01 1.463278584146628369e-01 -1.083390146440188356e-01 1.157342303079207935e-01 3.282877723672555925e-01 1.559813684930528854e-01 3.204184924157065795e-01 9.888816429256035156e-02 7.651963126240290958e-02 1.032312788813086885e-01 2.362612089895281819e-01 -5.833575828669213675e-02 3.403472598147270767e-01 -4.158576132327906211e-02 1.126660487575277814e-01 8.744348120113276668e-02 8.459649827713539016e-02 -1.966745056579056461e-01 -2.105376312611867418e-01 -1.508734311445262266e-01 2.267843866982061918e-01 6.227661100081633566e-02 4.423446450759304094e-01 9.815434153018773311e-02 -1.020525355398438916e-01 -5.886557719545025547e-02 3.685667176633772857e-01 3.480063348726999961e-01 1.752433779761950472e-01 2.673435391942597938e-01 7.269535880616525593e-03 7.564236570079428679e-02 -3.796619808736589191e-03 4.151359961212698624e-02 6.090538186141349064e-02 1.905691941270241108e-01 3.005097912637029745e-01 -7.400829300664389654e-02 1.513866548983480720e-01 -1.096787840783316481e-01 2.108830685025651075e-01 2.293894115320765648e-01 2.745440677289334164e-01 5.687636399912252561e-01 6.179860023076313436e-01 1.116116321029853031e-01 3.126964439601346291e-01 3.189865805745792926e-01 1.162086756333643306e-01 1.363136511440005694e-01 -4.641419518090651036e-02 5.884405525337253057e-02 1.461309605161032754e-01 5.650524790722344370e-01 3.298612413285035433e-02 1.670534770700303207e-01 2.933787833581831817e-01 9.981775551665525437e-02 8.274683011002600952e-02 1.096714311710378503e-01 3.096305666975360249e-01 2.242349268468665779e-01 3.483505875433504650e-01 9.801764044207463000e-02 -2.585777556440345751e-02 -2.805642546875750654e-01 -2.300576853082411111e-01 2.060217714350872920e-01 2.776877975260266251e-01 2.906535371279582100e-02 9.445758844509798136e-02 5.109700317327717234e-02 -4.950005517787500753e-02 2.523779720671919247e-01 1.645694498182220453e-02 3.500442742919409600e-01 3.223299656871290164e-01 -2.685193816170876047e-01 -1.163948996848949008e-01 -5.915514848370324180e-02 -1.393047642151860055e-01 3.105225682491870587e-01 9.920313322772009168e-02 -6.266116738365347383e-02 6.624825137829509769e-02 2.608586782413865324e-01 1.854033974183148803e-01
-9.116553558273723587e-03 3.210603645707248155e-02 1.153652263213070656e-01 -1.175321324809934925e-01 1.857496955044716513e-01 2.406738434665833815e-01 4.841964452413792253e-01 3.155881935686690731e-01 1.752231922497403671e-01 1.000000000000000000e+00 -1.418847271501063635e-02 -5.092803636498530878e-02 1.607337761332568171e-01 -1.963283483284170017e-01 -1.526186886206481463e-01 -5.264108455861062075e-02 7.452502858310469658e-02 3.610866967015309570e-02 -1.396680273268829653e-01 -2.686906653962697900e-02 -5.798916832323586235e-02 2.535157169286380574e-01 -6.771806082505066327e-02 1.149330621073950121e-01 4.415170944644396522e-01 -2.328705893524835382e-02 7.344605873392259267e-03 -2.846661091807037303e-02 1.734823758407454120e-01 -8.128636561332147625e-02 6.106327367093454528e-02 -2.269003600255588005e-01 -8.871592744665082741e-02 1.211033871397474149e-01 2.633980164694585957e-01 -6.662761359630672842e-02 -2.478438124570814076e-03 1.217948957509686070e-01 6.144094114784514477e-02 3.695576235130740295e-01 -1.515149855703902537e-01 3.843783432962160629e-01 1.500935537876514902e-01 2.956618059718872926e-01 3.841989753843830790e-01 -1.443276054556529575e-01 -2.231915350071572157e-01 -6.684456730658698553e-02 2.012869570973439548e-01 -1.246353296731933652e-01 5.260970644309571898e-02 2.439202597545819806e-01 4.684198548797016692e-02 1.185788846144891773e-01 1.964557062832744672e-01 1.904472597746802720e-01 1.478067014503061105e-01 2.015608551731898068e-01 5.643373153929511776e-01 -2.959178478240433174e-03 4.932470597373093263e-02 -6.986862051816823335e-03 2.168337078049409686e-02 -3.872907270945083469e-02 -7.741475563023209050e-02 -1.517158930068746026e-01 1.280917126021399455e-01 -8.629496416918021329e-02 -2.774754225686340212e-02 4.576933958124720231e-02 -2.436423802468750538e-02 8.655848392168076499e-02 -1.187660829517788730e-01 2.646927265371466498e-01 7.125919508876270292e-02 2.600030477189249067e-01 1.292381719223789638e-01 -1.885874686611310400e-02 2.891655857852848399e-02 -1.543049754519202343e-01 -1.586714284806785835e-01 -1.485350039428695590e-01 2.789940622372839019e-01 1.146383955387064446e-01 -6.890243738220767390e-03 -9.483460166928008028e-02 -1.202815575992021019e-01 -1.288118835035656495e-01 -8.220844371228225311e-02 -1.886801257770309437e-01 -8.410506022519677327e-02 1.297222571259040169e-01 1.634915181997217415e-01 1.977980989291513447e-01 1.939335584416951586e-01 2.999354499531236562e-01 -1.339168105534284670e-01 -1.252128500080462170e-01 2.491201933622352316e-01 -7.832239307969753039e-02
1.300437674688873337e-03 8.758616835648282140e-02 1.253428724495143087e-01 -1.357402040854938652e-01 -2.940279713220852239e-03 2.483687057442941770e-01 1.106544515198956830e-01 2.556255706067199762e-01 2.432502985086652803e-01 -1.418847271501063635e-02 1.000000000000000000e+00 5.482021852716818522e-01 1.390725451225379716e-01 5.354997005485984812e-02 2.377383790898876872e-02 -7.679680867212503037e-02 2.879249104028239192e-01 1.834247110313834417e-01 1.279212539085245182e-01 1.609441552850347790e-01 3.083611474563495436e-02 2.841432593423737218e-01 3.093407076330012204e-02 1.690952231421633811e-01 -6.006550401315036841e-02 7.164935456125559599e-01 1.740468813301325191e-01 2.716591218315814182e-01 1.396023571245859352e-01 4.822326244333437206e-02 -2.318386369636004085e-01 -2.384675744329547431e-01 -3.285365744490953421e-01 3.012699680538543090e-01 1.990779278469647640e-01 1.629807865037957437e-01 3.660007441891346414e-01 -8.215400093216154720e-02 1.459997781682960405e-01 1.338055708694113610e-01 3.880388516750438166e-01 1.369462242495387838e-01 4.716339512835199810e-01 8.621589049499570057e-02 3.535791498000229183e-02 2.147912031224048224e-01 8.371491509093081929e-02 8.967875163125761662e-02 1.800466465218479306e-01 2.730308545345213056e-01 -1.096626831872904856e-01 9.706271348673313482e-02 -1.420365084910405473e-01 -4.558160469573282331e-02 2.768007795583256048e-01 2.188108386934568550e-01 2.441392155853216173e-01 2.605346783921465570e-01 -3.138630954636464215e-02 5.987299378760141400e-01 2.340607161196865127e-01 7.070967532959861190e-02 1.273261984807961579e-02 -7.374372163533064392e-04 -1.417488387998159377e-02 2.693881706069319731e-02 1.385216792513206951e-01 1.278802619768250048e-01 2.455664613476494507e-01 1.991044357806764364e-01 9.746707520232436583e-02 1.881731892509329040e-01 3.966904845535632052e-02 1.545296817774629572e-01 2.282244361576368785e-01 3.438871900527830650e-01 8.880120909396610560e-04 -7.126267552725237819e-02 -3.181511954923578744e-01 -2.451486006120795758e-01 4.241052975112373502e-02 5.922716600649804986e-02 -6.395722275770202025e-02 1.950506018042978407e-01 1.889681275898664470e-01 -6.896729715721243437e-02 3.889667349039288569e-01 2.626790679521558980e-01 2.580030360375840104e-01 2.151592099859402363e-01 -1.876745271645824664e-01 -8.412127009332623362e-02 2.411606334867386070e-02 7.025102547454862775e-03 2.414297701261927664e-01 1.157874942178234029e-01 1.683641481180052357e-01 8.073220447565714053e-02 -7.608746188820404710e-02 2.382760658250318575e-01
-1.082415659923602058e-01 1.050140970518312622e-01 2.741048791633500237e-01 -1.220176320183460200e-02 1.596662162466427337e-01 1.584209615431124984e-01 1.543925804942342661e-01 3.484621382735865747e-01 4.131458104596950620e-01 -5.092803636498530878e-02 5.482021852716818522e-01 1.000000000000000000e+00 1.929399036522626565e-01 1.780060930808127495e-01 1.742071886777417644e-01 -1.410978097987357176e-03 3.410040342655935586e-01 3.139236660968853787e-01 3.139743919867174493e-01 2.839839509089820968e-01 1.762665511110959593e-01 3.037253571909320216e-01 2.081458668617922336e-01 4.704265015149488582e-01 -1.197282716285964499e-01 7.258220577143226215e-01 2.197327069264745358e-01 3.283058344603650425e-01 1.083472616881788475e-01 1.477846592069889942e-01 -3.077944219763241729e-01 -1.645021100278442339e-01 -2.124303842741067372e-01 2.247506340030932248e-01 2.734530695262957778e-01 2.294949993461410376e-01 3.367894039427503095e-01 -1.946741308807977411e-01 6.001305279461147807e-02 3.247509875912535926e-01 3.703441918138908329e-01 1.616674066098447715e-01 4.693195888160883178e-01 4.893255545398624007e-02 -1.118984232752815305e-01 1.483474734873353462e-01 6.342036047428184498e-02 9.757412610300773836e-02 1.809854549434901927e-01 1.736876019621245992e-01 -2.094500905141172264e-01 9.241390399907273290e-02 -5.783739830100465690e-02 1.154241517387423754e-01 1.663123305110707495e-01 1.558845937650868985e-01 3.465567575282088586e-01 3.600072536869314277e-01 3.917720908501685743e-03 6.307727997698118205e-01 5.259765644053853162e-01 1.707226096234281953e-01 8.748247733706808471e-02 -4.681357239330869585e-02 1.528931066276494888e-01 1.887643939824457939e-01 3.147570833269416890e-01 2.501315385315443507e-01 2.483037531164696832e-01 1.800362371181261634e-01 2.124173638802832054e-01 3.039619883295217595e-01 1.746512650532963673e-01 3.024559186250716514e-01 4.406990347752041126e-01 5.539740080396778898e-01 1.075841534428927104e-01 1.621905559330938107e-01 -2.872570726903759808e-01 -1.314779985669455586e-01 1.135423070330380674e-01 5.359147306726434745e-02 -2.494968603893389647e-02 2.685111210199617737e-01 2.665432845895553959e-01 -1.615968706264843679e-01 3.919684416721649911e-01 2.369059949935243270e-01 2.945156129109224863e-01 2.015726362978360053e-01 -1.693766568663456207e-01 -2.046324484103441421e-01 1.296286708317442860e-01 1.753405339307851502e-02 3.851842145405004469e-01 1.177919611315753345e-01 9.387728889787957942e-02 1.334844879559463349e-01 1.137142693616997879e-01 1.345768621532094644e-01
-1.001525317205208786e-02 1.090164270938837887e-01 2.606706141086911344e-01 -8.013946229280712041e-02 2.816930788329594440e-02 1.892219969103207666e-01 2.842878676284756323e-01 3.162871063967281349e-01 8.843865055508007278e-02 1.607337761332568171e-01 1.390725451225379716e-01 1.929399036522626565e-01 1.000000000000000000e+00 8.303876898110586213e-02 1.696046960925860492e-01 -8.025239715714536926e-02 3.480959225859645012e-01 2.055032394854529598e-01 1.697110699126771205e-01 1.488201342767448976e-01 1.568928398502867916e-01 4.961062361396569309e-01 9.611340747848623467e-02 1.778582636514233206e-01 2.369584198956211918e-01 2.198403692446892765e-01 3.883017346645057932e-01 4.190265721456332693e-01 2.265084576319468246e-01 2.602926069393046160e-01 -2.796249561938025097e-01 -2.030657415390597909e-01 -1.591305801297031863e-01 2.993510039705343795e-01 4.345375614439526135e-01 7.657270165951736429e-02 2.494403493084533519e-01 -1.373694355911322385e-01 -2.220811869730894908e-02 1.519609041636436030e-02 8.254276739734618673e-02 1.661687720341837593e-01 1.748361852712649600e-01 2.232772712505508850e-01 1.993456886380579329e-01 7.512651596064232051e-02 4.155859326919875141e-02 8.992099699527290185e-03 1.997963942498159340e-01 1.719859974735569730e-01 -1.513798216293167909e-01 2.155365814150426440e-01 -1.065034184899124187e-01 3.685818279249802876e-02 1.410684932061075647e-01 1.812274128210401292e-01 2.021138685536766066e-01 1.588024204303323805e-01 2.239010415840337331e-01 2.974589679099755024e-01 3.523842081116194680e-01 6.614084489812691592e-01 4.009436558002230089e-01 3.490306922130239492e-02 7.854936266961626279e-02 1.645898863248811961e-01 -9.046999885710438338e-02 1.884854948137762720e-01 5.790142802939556715e-02 8.845263765630560771e-02 8.582498118932260778e-02 2.929150896602983334e-01 7.602658708797535581e-02 4.642171142130217809e-02 1.675449619088900388e-01 3.771496764636337318e-01 1.389488893420285642e-01 1.921108839467861040e-01 -1.714741934175593452e-01 -1.587674329254299965e-01 -1.871413600124140764e-01 -2.747693165521215564e-01 8.900227043479586042e-02 3.843409749930983277e-01 2.721745406275066781e-01 -7.977517082527831038e-02 1.063719311581980548e-01 1.356431902162589798e-01 6.654131854450516526e-02 -2.261125317506103294e-01 -2.194988242451686722e-01 1.846188253921580702e-01 1.487871004747740034e-01 -5.658782680041872515e-02 9.689203569622256706e-02 1.239013136647082042e-01 9.079422993835134514e-02 5.152996042236032692e-02 1.941699846185562794e-01 1.374607139865873240e-01
4.775977396512397916e-02 -2.685645158470984298e-02 8.667552412883652857e-02 1.956454494910138675e-01 1.114309239485990338e-01 -8.448023197004631002e-02 -1.799774143288238593e-01 -3.288473877630901376e-02 1.399343645867612562e-01 -1.963283483284170017e-01 5.354997005485984812e-02 1.780060930808127495e-01 8.303876898110586213e-02 1.000000000000000000e+00 7.540032181889433360e-01 -1.345294136606559887e-01 1.580593039453330462e-01 3.284791927970674430e-01 5.310281924839360679e-01 4.100282515621171964e-01 6.727830842776816311e-01 4.132006598601023484e-02 7.067580536772456457e-01 1.329106110564203802e-01 -1.277312033011887837e-01 1.354036463352467357e-01 3.208642250041237043e-01 2.294929627904860048e-01 1.724605219292335845e-01 5.649503207393599125e-01 -1.321080690970097560e-01 1.225074972749350677e-01 5.991548977227920125e-02 1.560424135140902613e-01 -1.799810114827487054e-02 2.035615240884019184e-01 5.387742070354399615e-02 1.798669829648933544e-02 -2.275454112597025819e-02 4.679820694098661693e-02 2.789468299963235864e-01 -8.991209203906347369e-02 -4.037604377990179627e-02 -1.115177738337758268e-01 -2.247676809859248392e-01 3.814824557788979442e-01 6.042117960809527677e-01 4.548340287520785674e-01 -8.103742704881265746e-02 3.379321012403328772e-02 -4.837798698795020558e-02 -3.743275377758907563e-02 -7.703429432731007109e-02 1.197879645862828524e-01 -8.086037507870720564e-02 -4.963103116912157692e-02 9.184183479267647721e-02 9.388988989908252092e-02 -1.180506835618281847e-01 6.543497864475002201e-02 2.366901662056961411e-02 1.312512883647736217e-01 3.579308669638994189e-01 1.926500823863000200e-01 4.843509877986482137e-01 6.742731041145016979e-01 1.060920241675472331e-01 2.321821114990830492e-01 2.583853303516667754e-01 1.952622771364400101e-01 5.395219834546489679e-01 3.427671382565548874e-02 6.506591475689094128e-01 7.887073527957691454e-02 1.604759478622196922e-01 5.349000765071582064e-02 1.664593690809792748e-01 3.508296463078541261e-01 -2.623467302636256840e-02 1.694501655461650436e-01 3.049209000316260854e-01 2.096733142058668509e-01 -1.484011262781674556e-01 -3.396056299079602131e-02 2.571275309590569935e-01 2.904361940527481201e-01 1.973217805058377905e-01 2.258429985242972615e-01 2.469869483089456030e-01 2.725992491315815669e-01 -7.152871028535971731e-02 -5.170007395792539096e-02 -6.773703355531586479e-02 -7.594360583007704613e-02 -2.367035404253195821e-02 -1.626253122703246734e-01 3.823800855681344091e-01 5.660307451305643944e-01 -6.281043205365623161e-02 -8.224195768995151701e-02
7.828395975304261456e-02 -3.824886147455403788e-03 1.435709800041710671e-01 1.415552559083928796e-01 9.417898630654179121e-03 -1.241739331509199018e-01 -5.296673732901450993e-02 9.496622573854555938e-02 1.463278584146628369e-01 -1.526186886206481463e-01 2.377383790898876872e-02 1.742071886777417644e-01 1.696046960925860492e-01 7.540032181889433360e-01 1.000000000000000000e+00 -7.598476948271845610e-02 1.378070709108315250e-01 4.730223974559686906e-01 5.575893590633462793e-01 4.481748839766840353e-01 6.982256905262816948e-01 2.726292361376948109e-02 6.975299305372225644e-01 1.446355774819133855e-01 -1.064269810352537066e-01 1.202114766663260337e-01 2.811966282127151273e-01 3.013983590183899053e-01 1.433713055873651332e-01 6.071572665908910871e-01 -1.456192009893648165e-01 1.495365469208455034e-01 6.842692568524626207e-02 1.711904387351547430e-01 -5.329038868676108653e-02 1.960646966276769210e-01 3.115129854431586062e-02 -4.368023191646450837e-02 -8.632094566556934578e-02 4.949058384920976272e-02 2.059461403863370454e-01 -9.589043976403327507e-02 -9.860376826067350498e-02 -1.280827294742284128e-01 -2.404439981102957091e-01 3.298900599008688372e-01 5.062361667355912420e-01 3.333505307922074445e-01 -9.213494799739541108e-02 -1.180679695896237613e-02 -9.255192312288300360e-02 6.745869244578947196e-03 -3.720223012283390557e-02 1.286560280833242698e-01 -1.134623263854553227e-01 -8.019227536300257975e-02 1.690521895676961595e-01 1.826330910595507506e-01 -6.988134213836200148e-02 1.252194240592868490e-01 6.838518084697053911e-02 2.293542703086925150e-01 4.273822148955669920e-01 2.482457586391029203e-01 4.854767010300864993e-01 8.215864311803580122e-01 1.056345301629101341e-01 2.718204147768089052e-01 2.446712834881064058e-01 3.280627767999396149e-01 5.958096757241883035e-01 7.253421158642901767e-02 6.667820680859847249e-01 8.289886402586917058e-02 2.267883077306715178e-01 1.360662858893866844e-01 1.781256247050704566e-01 4.569138270987513351e-01 -7.911949351483796300e-02 1.943008745494220202e-01 2.796416681146187133e-01 1.637373457311285807e-01 -1.459098636743906552e-01 4.256171424132870057e-02 2.630225499767545050e-01 2.707575324920883930e-01 1.498033605658124212e-01 2.230895357157696712e-01 2.449474318911034343e-01 1.592616102880090312e-01 -6.314151004427269454e-02 -5.669041952911225285e-03 -5.684137402766625130e-02 -6.186212557494836367e-02 -3.549322404856018048e-02 -1.904813669169510837e-01 3.279553354187887959e-01 4.755474402718304905e-01 -1.853893068980148537e-02 -1.066175343854644381e-01
