1.000000000000000000e+00 1.832567064143341973e-01 2.910653725379462875e-01 -2.968303573227255021e-01 -1.324488458498771781e-01 2.501848185285733828e-01 -1.358575129530132375e-01 -1.911275154309073909e-01 -7.801587697218254069e-02 4.054492589759606247e-02 -1.165932049962625922e-01 -1.635053284227950821e-01 1.261117175712082317e-01 1.428575369964682484e-01 8.310576476552013203e-03 3.207489021932631856e-01 2.193615191171663370e-01 -9.454468912963596983e-02 1.684264564995903157e-01 -5.492744404205102821e-02 -4.553946971024782839e-03 2.915650857380204797e-01 1.884594007719686826e-01 -1.258060886648991114e-02 5.392224325266699037e-01 -4.229060699381104182e-02 3.303684285276721755e-01 1.239355189614992948e-02 1.009789438591369576e-01 1.074885177995455465e-01 1.765408638307507383e-01 2.726015205980220624e-01 -1.003457120917473078e-01 4.168498178957140421e-02 3.103072393764345072e-01 -6.425474435633139747e-02 -1.793261132361459453e-02 3.627535932905217586e-01 -2.704659136589304680e-02 -1.488753111372468352e-01 -1.153361926743424470e-01 1.685365008901228423e-01 2.187232758704833746e-01 1.947083103804110316e-01 2.849699423892343986e-01 2.389726248401744246e-01 2.468834173342528415e-01 2.676291441938942195e-01 1.593720157989930442e-01 8.348134911812768455e-02 5.802712640359984908e-01 3.713469438945552481e-01 -2.724664093142823429e-01 -3.334306832649465702e-01 1.340530872988815181e-01 2.641474927263569028e-01 -2.196494721600063815e-01 -7.557821850302808009e-02 4.366344896268923859e-01 -1.732491350949461051e-01 5.476987517086935597e-02 -5.805772315641258285e-02 8.915939744073272943e-02 4.591180700270008214e-02 3.047595250269955966e-02 1.011762108603089273e-02 -3.103279914854434676e-02 9.033698240734998330e-02 7.786181206816714107e-02 -7.438158438475564460e-02 2.408917661703608923e-02 1.878102894973318893e-01 8.823040637992453361e-02 1.329126281483472838e-01 6.503073699189794443e-02 4.642155448451818489e-01 1.012396070513642832e-01 1.399840564122669107e-01 1.251015251068956780e-01 1.500001483403169689e-01 2.946491562319986102e-02 -9.434952119091082057e-02 2.664400653734264601e-01 2.011905078379728762e-01 3.029735520434083118e-01 1.671646827773626831e-01 6.639967108307553989e-02 1.111688561754238663e-01 -9.349258104630937816e-02 -1.445903956443772842e-01 -1.144431357173140429e-01 5.505289608407710755e-01 3.809540233268060572e-02 4.707019999630394635e-01 2.857712353472617872e-01 3.061689690958015464e-01 1.846507572811990350e-01 3.182196343866532384e-01 9.281929846208762658e-02 8.879318869113507484e-02
1.832567064143341973e-01 1.000000000000000000e+00 6.595506897246729006e-01 2.997115256726144983e-01 5.546462995622027936e-01 5.123729852938085916e-01 5.101894944730555048e-01 5.782283229790331491e-01 5.439253860650979933e-01 -1.151836944924892851e-02 1.165676122045621876e-01 9.603725483826192066e-02 3.771440220483448513e-01 4.115817477740284502e-01 3.323425293810340353e-01 6.835879832689920610e-01 5.241738673048781383e-01 4.860966120432130833e-01 4.366088209017439659e-01 4.383641192800415975e-01 4.287274717261886914e-01 2.589793062351851138e-01 3.407969534204583484e-01 5.187499859086722176e-02 -1.435424812609474299e-01 1.424443886916707813e-01 1.893987658450746181e-01 1.699285028067479275e-01 3.637987270004119367e-01 3.623680404699480828e-01 -4.448867930662482317e-01 -3.951890157851293273e-01 -4.773970631226295835e-01 3.634075675532699723e-01 1.851420811433465707e-01 3.843550328426280638e-01 1.816400687539957981e-01 -2.753730081068928581e-01 7.364927933126215465e-02 -3.492780529355733743e-02 2.845641706789193703e-01 -2.294241258301647768e-01 1.827337098718062602e-01 -1.232160536780430998e-01 2.307235021205269743e-01 2.040208371493652251e-01 2.977992318367788660e-01 3.540736976827947302e-01 4.417154023006955588e-01 2.540927093778930779e-01 3.084291548390446190e-03 7.212760582069793758e-01 -1.412487615543285002e-01 3.436785267516072051e-01 5.659824089233429500e-01 5.528177188954307431e-01 4.764981122727642293e-01 5.435811900805477270e-01 1.392257660289997201e-01 8.897316592294665649e-02 5.190299418879397164e-01 4.200751347584197326e-01 3.580715172750298381e-01 2.551220110710603617e-01 2.299591615446956172e-01 3.314592315287143154e-01 4.002091147592242715e-01 3.356028199832342684e-01 3.672960368575544088e-01 4.676927933977761409e-01 3.855782858448469352e-01 1.439299038436318845e-01 3.370005265041245424e-01 4.682546572525186912e-01 2.993913539862501638e-01 1.144845812059710061e-01 3.163895152374847086e-01 3.416226055257844396e-01 -4.960352689496468348e-01 -4.422360641181681262e-01 1.372992243021104453e-01 2.401902837166066951e-01 -1.076976771255804405e-01 2.058121883488320952e-02 1.243992719157688415e-01 2.562416728850208103e-01 2.057143127934603355e-01 2.499880931883963903e-02 2.580954765569360432e-01 3.430218328986673476e-02 -5.338083774983453100e-01 -1.603015947823299703e-01 2.148490534548279929e-01 -2.634215112479414422e-01 2.616469025137531101e-01 -1.058736649899074955e-01 1.390244584863163102e-01 3.413859587566641651e-01 4.915576704741286274e-01 2.361493855709164424e-01
2.910653725379462875e-01 6.595506897246729006e-01 1.000000000000000000e+00 -1.249399335598936484e-02 2.938592806543701696e-01 5.739874882988276195e-01 3.531701781579879018e-01 4.306895746846365891e-01 4.822115516064456875e-01 -8.634236804936602783e-02 9.800124926736646092e-02 -7.849002459192159012e-03 3.593996103951704879e-01 3.534695822871496973e-01 2.577852843993683196e-01 5.309291292963973508e-01 5.372917002377609608e-01 3.543721512041538291e-01 4.327955569089634302e-01 2.591777733332591982e-01 2.730868264484477836e-01 4.219585052084350862e-01 3.156405634606200827e-01 3.303005959914947359e-02 -7.522421573440828124e-02 1.112484989687902159e-01 2.942271983911180500e-01 2.276994742128263804e-01 2.876779103442185792e-01 2.893925149189399693e-01 -2.323666533107499599e-01 -1.881247854434323907e-01 -4.057088322653028545e-01 3.121434310525867950e-01 3.592464101297156431e-01 2.728212172270984004e-01 4.976595770264411606e-02 -1.972168355307330964e-02 3.598873087238427249e-02 -9.634379018086690338e-02 1.466232750180376243e-01 -2.050902497442924077e-01 2.227382981200278778e-01 -1.500507406836082136e-01 1.339765653552007219e-01 1.008698481689345450e-01 2.636692087233811210e-01 3.512154633781998658e-01 3.710071786411155426e-01 1.363518667489997671e-01 1.795659478030592893e-01 6.725368018273318871e-01 -2.221941114922365013e-01 5.756754888212236437e-02 6.493870198782495384e-01 5.734782962446123289e-01 2.934074524944590423e-01 4.729185797077868347e-01 8.288781063109199043e-02 -2.251762311142221917e-02 3.276431568345452572e-01 3.061051615516519608e-01 3.697532769048813006e-01 2.440854305932016188e-01 2.144006600811900753e-01 2.383840572350365006e-01 1.893491826642433318e-01 3.239372591827229808e-01 3.277832957921175683e-01 3.408191426907410948e-01 2.827632837598141879e-01 1.987239326275191398e-01 2.954079365260584011e-01 2.909720858670416521e-01 1.199516241641358782e-01 1.262779982243850962e-01 2.045858960151135941e-01 2.982479506862424357e-01 -2.901606397109354751e-01 -1.776801767902737861e-01 1.320360805047718633e-01 1.357302838127374123e-01 3.402664058617036608e-02 1.651706513974836033e-01 1.992595240147048419e-01 2.255965461648834769e-01 3.035310635455505321e-02 1.021418398535209465e-01 1.676549582789491621e-01 -1.105864004151166091e-01 -4.601529688724119160e-01 2.130148786519992302e-02 1.565515276943890977e-01 -1.009254065167266845e-01 2.824355422751776978e-01 -9.459736210585785454e-02 6.855150826590977742e-02 3.165085758708128250e-01 3.800566322796634089e-01 1.472796196997605833e-01
-2.968303573227255021e-01 2.997115256726144983e-01 -1.249399335598936484e-02 1.000000000000000000e+00 5.697520092446878293e-01 1.632925129824439880e-01 3.688233401757312069e-01 4.448251142130399960e-01 3.226296440513293229e-01 -1.855329482571114463e-01 -5.184113424285530236e-02 1.583122168393197027e-01 2.509629580976838192e-01 2.918286979913655710e-01 3.980607964020315137e-01 1.571936319223703471e-01 1.574591379080071407e-01 4.429869416330227128e-01 1.802868965657372646e-01 2.558050888798402700e-01 4.196845938841681223e-01 -6.739212877078278041e-02 2.073936443286323872e-01 -3.886763936283687410e-02 -2.815320337660522920e-01 2.274421812985580327e-01 -2.847557819079959418e-01 2.503012580141787680e-02 1.907632518247541209e-01 2.405719502505872798e-01 -4.283025293584225568e-01 -3.111246874371857429e-01 1.100314704196489052e-01 3.827650170958281084e-01 -3.154226390881406106e-01 2.085733553470887069e-01 9.451557515206468474e-02 -4.255775937898864103e-01 1.769186912026780856e-01 -1.784231337743377721e-01 2.138818775870413025e-01 -3.193398636603275165e-01 -2.187050018704411736e-01 -3.121779881764166209e-01 -2.402370691711201434e-01 -9.005397855469318702e-02 -2.365565772604061312e-02 7.084687077609960748e-02 1.623114110513583508e-01 1.482702430917708786e-02 -3.760220362253601234e-01 1.689894796653720332e-01 3.893643882766478770e-01 8.771152752039385048e-01 1.970845755119914056e-01 2.193353719658998335e-01 5.966197036883199578e-01 3.803885902948374031e-01 -1.268449499108751655e-01 9.718930679869433598e-02 2.559392237876921272e-01 3.252807384822741787e-01 1.963600420460878959e-01 2.549550930765975276e-01 3.034819245792275133e-01 3.913303567937375660e-01 2.298000567290697238e-01 1.959599498113059057e-01 3.892827183020455828e-01 4.298384732708069311e-01 2.423252809426418575e-01 -5.885091766518198153e-02 2.699469477673067663e-01 1.022615863730682861e-01 1.501786116394082382e-01 -1.563133698196969290e-01 2.239634275764821048e-01 2.253605804466114748e-01 -4.005701173631835421e-01 -2.554242276435346737e-01 2.163497046334987850e-01 3.525374817936388072e-01 -5.164271151622948919e-01 -3.308958378184158611e-01 -2.884082730729222721e-01 -3.958852096130597437e-02 1.395204249827276810e-01 -1.012043359212837640e-01 1.883148237760930155e-01 4.823602981822517678e-04 3.952996133968681054e-03 -4.985218656813095173e-01 1.823582632077437593e-01 -4.417186654400960255e-01 -2.566472572993513390e-01 -4.565209405797497899e-01 -9.924196176279723169e-02 -5.535935864870970835e-02 2.970252577059518950e-01 6.793515778960516720e-03
-1.324488458498771781e-01 5.546462995622027936e-01 2.938592806543701696e-01 5.697520092446878293e-01 1.000000000000000000e+00 6.172547033102977476e-01 5.337382388570065528e-01 5.958296023128681895e-01 6.456752738722943974e-01 -5.001807752467950403e-03 5.084004823564050590e-02 1.304307876525091781e-01 2.754982134369683422e-01 5.053822960375807805e-01 4.670808012546835974e-01 2.849479788967742566e-01 3.562549678792479302e-01 5.135629627608768732e-01 4.088245201083363645e-01 4.251669060120211729e-01 5.012245598411725345e-01 9.929699347919179742e-02 3.739535899483392156e-01 -6.363490563397561361e-02 -9.394754728646974307e-02 2.202111808641104840e-01 -1.238228808339872228e-01 -1.075861257550753125e-01 2.516123130283582920e-01 3.901490010227284255e-01 -4.212336524404755589e-01 -2.805878675314785187e-01 -1.601093036150891824e-01 3.721579821761385465e-01 -1.849873962967222285e-01 3.559051224303008687e-01 4.372512993543418297e-02 -3.361519734084311151e-01 3.172448162078859157e-01 -7.914361093312996531e-02 2.163295598673009856e-01 -2.138899769483295910e-01 -1.407052756462078558e-01 -2.163151835589554317e-01 -1.573034495047557491e-01 1.712054523686117741e-02 1.529443301270852762e-01 1.740751057825440096e-01 4.398324335210857527e-01 1.019277337956672469e-01 -2.891271620464633818e-01 3.943673119139489702e-01 2.447820414054497629e-01 6.911680093138795611e-01 5.807537772198302362e-01 5.469915611437599079e-01 5.946820309103107993e-01 6.349377844681312055e-01 1.059001153492808017e-01 6.933056167906019585e-02 3.337063210675840774e-01 3.254995332420257403e-01 3.962569792077569875e-01 4.224135961893431546e-01 4.388914906811161587e-01 4.640389441223942701e-01 2.823469962237033504e-01 3.914733557832753563e-01 5.124301856694429835e-01 5.451567621949390263e-01 3.643442699064429191e-01 6.079401387732297907e-02 4.484490596301327070e-01 3.377943465818786239e-01 2.601841414052857848e-01 -6.783262267174451632e-02 2.756788489462089209e-01 2.944679142743151234e-01 -4.247514789270761537e-01 -4.199349866061520276e-01 1.690919355774958832e-01 2.440049788860007840e-01 -4.005046391178852527e-01 -2.516503693859141189e-01 -1.696050685889466392e-01 5.869202640661780324e-02 1.305808030672865050e-01 -2.192935919603264672e-01 2.530406871047666817e-01 -5.868846434221571678e-02 -2.152501728745762344e-01 -3.884420425229256901e-01 2.111781819696263718e-01 -3.326913005838195714e-01 -1.373264964105266883e-01 -2.847305147214296839e-01 -9.098220614999671593e-03 1.040522987259725474e-01 5.155636559421966636e-01 6.292716761566208294e-02
2.501848185285733828e-01 5.123729852938085916e-01 5.739874882988276195e-01 1.632925129824439880e-01 6.172547033102977476e-01 1.000000000000000000e+00 5.301762143976392894e-01 5.653760293882175159e-01 7.224052739090357500e-01 7.764352444476142756e-02 1.673261002667746078e-01 8.257981179871058675e-02 4.386930127978637128e-01 5.302139001385107742e-01 4.322090724021081520e-01 4.065083866841271987e-01 5.205813788749359405e-01 4.954676167437960799e-01 5.022118941693187733e-01 3.282324330511750543e-01 4.213956830172349566e-01 3.748102407574535055e-01 4.562882303679986484e-01 -3.127434913202564726e-02 7.047478985898247839e-02 2.169264211883058791e-01 1.123757634619399898e-01 2.060094415942276963e-02 3.085942141792760718e-01 4.027468590081431654e-01 -2.956814190246586094e-01 -1.344634252263653407e-01 -2.799406997507839501e-01 3.989861942071026846e-01 1.449326625403695723e-01 3.371919353668439978e-01 1.317269410103678352e-02 -7.323709256508316445e-02 2.995704482103265787e-01 -8.240019293997347116e-02 1.598599928369130452e-01 -1.631949308839684698e-01 6.058458757574006204e-02 -1.808193499022443251e-01 -2.936157400187016167e-02 6.241895844828405926e-02 2.685138843160990718e-01 3.089752979240327213e-01 5.706085086671017770e-01 9.606736031290147304e-02 6.152430902321971706e-02 6.074633183441074946e-01 -3.353876940091175818e-02 2.746344665222829606e-01 7.959919730079576539e-01 8.383306103667709230e-01 4.579143660651943670e-01 6.737016072132979705e-01 2.952250978325356434e-01 5.112089018028607296e-02 3.598031252357535292e-01 3.638376648285875370e-01 5.452849551994768396e-01 4.233101359493839366e-01 4.259449345298088607e-01 4.473811304310932324e-01 1.941096177984469318e-01 4.358320896931244803e-01 5.381120551673078678e-01 5.183872341402753214e-01 3.224467768106961119e-01 2.623302354979089590e-01 4.808075195908827482e-01 3.475751305959513537e-01 2.323293928139608944e-01 1.093070962991902484e-01 3.057810105840672588e-01 3.585399287536479851e-01 -3.268720708977383982e-01 -2.884406346762856677e-01 1.286184697768380514e-01 1.684236421121635963e-01 -1.495989531719995880e-01 1.669837448698237650e-02 3.955370346394045805e-02 1.748611244559142297e-01 7.471973872019246898e-02 -7.511240523595739960e-02 2.181006959840516846e-01 -1.738771371749474604e-01 -3.216171429910719137e-01 -7.843247294302015116e-02 1.526050584649266129e-01 -1.319418092646381935e-01 5.936159048973875529e-02 -1.309744547089163047e-01 3.590454257225117463e-02 2.430374859078458516e-01 6.120824004494980208e-01 8.648332406798418803e-02
-1.358575129530132375e-01 5.101894944730555048e-01 3.531701781579879018e-01 3.688233401757312069e-01 5.337382388570065528e-01 5.301762143976392894e-01 1.000000000000000000e+00 8.590382174741124643e-01 7.041919934738061215e-01 4.913262544107311475e-02 2.996165483031145715e-01 2.577041525183538795e-01 4.619395684662366830e-01 4.664653807687839659e-01 4.594781378906478975e-01 4.876757683804487931e-01 4.855546083268868496e-01 5.971198465219154095e-01 4.908562181374808708e-01 4.162524995096252844e-01 4.325541003700178466e-01 1.482395908082272673e-01 3.019341801532498537e-01 1.165277783741552053e-01 -3.115858491149363640e-01 2.669311598225187487e-01 -1.080534487537299776e-02 1.203777112864007071e-01 3.040186091544921365e-01 3.874661491786673961e-01 -4.744509129940944203e-01 -3.585954512947312489e-01 -2.908744453409905506e-01 3.352935213654666957e-01 1.401600381734505706e-02 4.654877438229073627e-01 1.955074380521481525e-01 -3.950946292785851854e-01 2.110695465922340641e-01 -1.900475000094917905e-02 2.827201755312592213e-01 -3.296053749365687180e-01 -1.175322608285248455e-01 -2.889728815047303834e-01 -1.077949551829197189e-01 -9.667742542160148375e-03 1.183245967976202379e-01 1.663867500534270960e-01 3.578641259864818180e-01 9.812476233037373263e-02 -1.325263093772709455e-01 5.123024276732099924e-01 2.678258767742512370e-01 4.535434376967131254e-01 5.402311349832881193e-01 6.077695403348515324e-01 8.196158515710492143e-01 7.302701778253612996e-01 3.231915358505909990e-03 1.760250988330246125e-01 4.482776395200667174e-01 5.424290354529466285e-01 4.637041304245174689e-01 4.282373035573938669e-01 4.017223115780252929e-01 4.784322126204171299e-01 3.278600908683750870e-01 5.447426504452030915e-01 5.075230097617086100e-01 7.110344274451223523e-01 3.967885965442377594e-01 1.042263333452851104e-01 4.551589312509796703e-01 3.014109372905838247e-01 3.763646646230541237e-01 -1.409954678191185085e-01 3.458044922862628101e-01 4.181840419776636231e-01 -4.640992787919466234e-01 -4.055059738918378454e-01 4.441610803077415681e-02 1.763022638001793263e-01 -3.623138323505155634e-01 -1.258116727883384078e-01 -5.120412100755889623e-02 2.601470314907073159e-02 1.618236140157588987e-01 1.246910117082173546e-03 3.484406115749420496e-01 -1.011101757094559073e-01 -3.392113240591635437e-01 -3.646604030390581119e-01 1.399748852928507092e-01 -4.700817776277043669e-01 -1.179109292887648569e-01 -2.865849889263794026e-01 8.525391995608116731e-05 1.464244590829112402e-01 5.000728664498286236e-01 1.569433757201243729e-01
-1.911275154309073909e-01 5.782283229790331491e-01 4.306895746846365891e-01 4.448251142130399960e-01 5.958296023128681895e-01 5.653760293882175159e-01 8.590382174741124643e-01 1.000000000000000000e+00 7.880916125886712198e-01 -4.448210197276548233e-02 2.611431813257637513e-01 2.737866378064804929e-01 4.366008696726437210e-01 4.324916295036352332e-01 4.292247074612543511e-01 4.444338980372016801e-01 4.928155147905362576e-01 7.026087940149154942e-01 4.509146501129926432e-01 4.395640350787980988e-01 4.565279195884466290e-01 1.743604515961013346e-01 2.700850234037643904e-01 1.339518756776983954e-01 -4.043511705357957786e-01 2.688892967876781448e-01 -6.032935538413752158e-02 1.117048991762360499e-01 2.946019667093263683e-01 3.406870107121954261e-01 -5.022549914255038939e-01 -4.012851133042866780e-01 -3.160803653380121481e-01 4.115965876423061109e-01 7.059411024325027914e-03 4.928343848343142986e-01 1.418016390281183758e-01 -4.488699593701087620e-01 9.342976040390801873e-02 -4.978977176674042465e-02 2.897768992096254603e-01 -4.299932749500489093e-01 -1.206390145710198869e-01 -3.693049171087307569e-01 -1.617515312834975350e-01 -7.468312695406878476e-02 7.354931103630064915e-02 1.295044949527527356e-01 4.105520600772465944e-01 1.417731102542290622e-01 -1.524055028700931347e-01 5.561010404616721914e-01 2.259511120486135671e-01 5.182268687635382953e-01 6.134407836473765308e-01 6.510571143057520827e-01 8.409030594344851783e-01 8.226927251264053442e-01 -1.098147408281132664e-01 1.127720152297592981e-01 4.112655295873891559e-01 5.517134058231726312e-01 4.312087639866840072e-01 3.979875667388480531e-01 3.902407319503589100e-01 4.454086480965598338e-01 3.257416985498542417e-01 5.171060712567320250e-01 5.458196757440413327e-01 7.448677822808551507e-01 4.065295174141647649e-01 1.024373173188867364e-01 4.341582690736222605e-01 2.200988117977442371e-01 3.332839132989902642e-01 -2.200169321633422825e-01 2.806427995735439329e-01 3.578501019435891828e-01 -5.043708372505878446e-01 -4.423454216830509100e-01 7.842562203229413997e-02 2.390684131922015954e-01 -3.973023957637135672e-01 -1.108810100048277236e-01 -7.562562868976877017e-02 3.530947943593970573e-02 1.009922558958999822e-01 -2.670303767783302126e-02 3.934791896611289919e-01 -9.679448360208194047e-02 -3.597028082780118208e-01 -3.936944562011218118e-01 9.988689688449205184e-02 -5.047856577986610249e-01 -1.052131473649250831e-01 -3.726975214782383139e-01 -6.211022988546056889e-02 1.054116384195335210e-01 5.387834779209232927e-01 1.889843392260744936e-01
-7.801587697218254069e-02 5.439253860650979933e-01 4.822115516064456875e-01 3.226296440513293229e-01 6.456752738722943974e-01 7.224052739090357500e-01 7.041919934738061215e-01 7.880916125886712198e-01 1.000000000000000000e+00 8.193491142580740239e-02 2.846066216184346409e-01 2.305457895683881708e-01 3.866479753609428083e-01 5.155605015795573509e-01 4.484083648813285139e-01 4.128987275955514624e-01 5.830757054496942260e-01 6.475095179408123514e-01 5.284809116956270536e-01 4.930562517926773136e-01 5.302517565742427275e-01 2.861752171231263242e-01 3.835746727080068808e-01 1.357090543330809751e-01 -3.294703524991305366e-01 2.080188720296054228e-01 4.650575536781290098e-02 6.789120797507129657e-02 4.606322303324905665e-01 3.791660342488019086e-01 -5.485168571719126751e-01 -4.230549887818091381e-01 -3.701844415362195995e-01 4.425954762433422229e-01 6.112894055513950348e-02 5.520727880840420321e-01 1.978744059615432371e-01 -4.068281093926416347e-01 6.549404038773452841e-02 9.183176252241535831e-02 3.472405939398719443e-01 -3.916222847996883583e-01 -1.185263774029303718e-01 -3.576035838678549017e-01 -8.579492133291372058e-02 2.722930849602362216e-02 2.010110244483242214e-01 2.650637243297108703e-01 5.675485472790375852e-01 2.644553597423453528e-01 -1.040134061519162878e-01 5.673847868500787595e-01 4.076162812260104157e-02 4.398064158836147985e-01 7.389951695619549898e-01 7.419593164958451226e-01 6.698780064207117135e-01 8.724710938540353178e-01 -1.053912364475573758e-02 1.447317155884102480e-01 4.074267850703321425e-01 4.538675757855540893e-01 5.614284973621690433e-01 4.686038207703263070e-01 4.322715000938107677e-01 4.686589915575388732e-01 4.164469508426306144e-01 5.003287009553781806e-01 6.124042558732752939e-01 7.081012715031567151e-01 4.990715268573134855e-01 2.575821930339977639e-01 5.413532098312584528e-01 3.190505180766747828e-01 3.851917118077898272e-01 -1.671331636727380610e-01 4.199715555693711022e-01 4.050585439275311561e-01 -5.695223036532516270e-01 -4.999034738509446352e-01 2.458544074478897501e-01 3.585284592411830951e-01 -3.747864980391618639e-01 -6.501567902159867407e-02 2.636608732529846164e-02 1.874169590818890452e-01 1.719533155052151430e-01 -4.547427797817424691e-03 4.308830710214991977e-01 1.787275635147438438e-02 -4.168757135980679651e-01 -3.685393582366885967e-01 6.485788944179422810e-02 -4.647050030201456683e-01 -4.499266112024258302e-02 -3.544248381098460965e-01 4.379648514244622454e-02 2.336352604302215641e-01 6.700707237327585553e-01 2.998145304064824823e-01
4.054492589759606247e-02 -1.151836944924892851e-02 -8.634236804936602783e-02 -1.855329482571114463e-01 -5.001807752467950403e-03 7.764352444476142756e-02 4.913262544107311475e-02 -4.448210197276548233e-02 8.193491142580740239e-02 1.000000000000000000e+00 5.712504649206459062e-01 3.368546384783744352e-01 2.619370282186379503e-02 2.713644871155799013e-02 -1.722163231255709193e-01 1.073591287486857643e-01 1.131834114565004462e-01 -1.497084340982333117e-01 5.865296207066313799e-02 -8.131012309115773218e-02 -9.031101487290232877e-02 2.446574522495153781e-01 -6.981038892231702757e-03 3.030737763407896357e-01 3.132554703744266922e-01 1.933869863109069775e-01 2.372996472792941181e-01 -1.035867017328805789e-01 1.514878500271106820e-01 -4.978460493419118804e-04 3.471145022867519470e-02 -1.126052826317396061e-02 -1.007051097327284761e-01 -1.168095676151217205e-01 3.499145104444171817e-01 -7.787417424308246995e-03 2.461995265534872579e-01 1.668542355676417288e-01 2.196299146226196874e-01 5.585149981181105616e-01 -1.202922334276130059e-02 3.393204418818163703e-01 1.546894019027396372e-01 1.627018762931807805e-01 2.481146004566858465e-01 1.563292876589237046e-01 6.198521450699508162e-02 2.484545786475738857e-02 -6.611594001861227686e-04 -7.143954539793885561e-02 2.224737104064502397e-02 -3.278656868357938525e-03 -2.005588905557721402e-01 -1.538914559689765760e-01 2.638759365165170567e-02 -2.718310387725421731e-02 -9.576752545911880465e-02 -2.234435959524133306e-02 5.065268501126627410e-01 5.430252029732246521e-01 3.131651058225200512e-01 9.314984823482518050e-02 1.935077869631147418e-01 2.086784720352138911e-02 -6.577920375377935280e-02 -1.462134791430006742e-01 1.744394307222210949e-01 5.480341484692411586e-02 -5.608046254581473301e-04 -1.485481405912355002e-01 -7.600504600016728951e-02 4.449668346322658286e-01 2.611783539377151089e-02 3.805027332157199238e-01 4.333842999270622331e-01 4.210429725878649387e-01 1.268395621712302412e-01 3.274062304974415666e-02 2.895346542992604383e-02 -2.367355194241335115e-01 8.622833380599616293e-02 -1.297593025249855203e-01 2.551623800707050194e-01 3.889654501683039722e-01 3.145712647599979706e-01 1.179591973647020203e-01 2.421163200819642647e-01 -4.568767245788727532e-02 -1.492675911433287983e-01 1.977248958600800188e-01 -1.754933806924285355e-01 1.089821642368682571e-02 -3.178297168223349900e-02 6.745341691788010741e-02 3.230538891374182819e-01 3.252485215657542339e-01 1.705056660478108943e-01 4.852807849471225954e-02 -3.105363254430748912e-02 -1.347243250952058491e-02
-1.165932049962625922e-01 1.165676122045621876e-01 9.800124926736646092e-02 -5.184113424285530236e-02 5.084004823564050590e-02 1.673261002667746078e-01 2.996165483031145715e-01 2.611431813257637513e-01 2.846066216184346409e-01 5.712504649206459062e-01 1.000000000000000000e+00 6.245574539965881300e-01 3.246132664698277437e-01 2.004721234705935939e-01 6.782793800459195610e-02 8.358952200473590555e-02 2.644552349382966461e-01 1.441797973614262762e-01 2.165010188911646316e-01 9.926216619825954657e-02 7.800988429994532014e-02 2.815880501007488323e-01 1.071247258431626548e-01 3.886748653581796331e-01 -9.582866088027598706e-02 3.596585893582312510e-01 1.243096533435923690e-01 1.262586382157667442e-01 2.040686384982222101e-01 1.237278228640590616e-01 -1.898210057197217138e-01 -1.062655141076273568e-01 -1.703847349989259519e-01 9.391340717240027891e-02 2.736332682369385649e-01 2.068696200622242853e-01 3.367358954137641414e-01 -4.120376571409116451e-02 1.616705765947738516e-01 5.188405956170369926e-01 2.951770586355944581e-01 -5.560141170731123378e-02 1.647919551374442126e-01 -5.755032221231987100e-02 -1.541529452814318669e-02 4.786325264222737741e-02 1.010691065478817458e-01 1.111991883378301432e-01 1.923025561273727368e-01 1.202879142682028585e-01 -3.194895866361700809e-02 9.939132244877582623e-02 -1.320774378602705967e-01 -1.065712677191142307e-02 2.165902463340340922e-01 1.470209206842088279e-01 1.696335657674368780e-01 2.388112697761360093e-01 1.020825893833267745e-01 5.595944169656744682e-01 3.942506201111881103e-01 4.281834193838418012e-01 3.483904434306933084e-01 2.169753038710433291e-01 1.130161930540091175e-01 9.012563799999499803e-02 1.434102567117946925e-01 2.522203014428247014e-01 1.662026193334893431e-01 1.262691366672853421e-01 1.038706239501033385e-01 3.467188555774451397e-01 1.288783070581470958e-01 2.762358107052846901e-01 3.982233907202027412e-01 2.189444556837319769e-02 2.085785845262655980e-01 1.789459237018411475e-01 -1.796160063555981290e-01 -2.638714752150290166e-01 1.449145183426646943e-01 8.729465107749456720e-02 -2.665169580095517674e-02 2.376068559722606111e-01 1.595224271991651510e-01 1.157611556208825998e-01 2.279244989710368097e-01 1.395736802833586199e-01 1.694434463972585847e-01 2.334448340549098444e-01 -2.021022415643237702e-01 -1.116077143196193694e-01 9.564356455652693600e-02 -1.603284268982700100e-01 9.485781308353322117e-02 1.360973832008674153e-02 1.036480179478291297e-01 9.192632617185746147e-02 1.796896045074971027e-01 2.342237682883146210e-01
-1.635053284227950821e-01 9.603725483826192066e-02 -7.849002459192159012e-03 1.583122168393197027e-01 1.304307876525091781e-01 8.257981179871058675e-02 2.577041525183538795e-01 2.737866378064804929e-01 2.305457895683881708e-01 3.368546384783744352e-01 6.245574539965881300e-01 1.000000000000000000e+00 2.965273047152920949e-01 2.502046238573262804e-01 2.108265663892611164e-01 1.489440940573096266e-03 1.771289348054453927e-01 2.977886648937809189e-01 1.233092295842558583e-01 2.371876042251766792e-01 2.585003380884092761e-01 1.049319407197005227e-01 1.372899716716363405e-01 5.866374808571862554e-01 -1.561212143283276510e-01 6.179968229532066815e-01 -3.061722753287283647e-02 8.988945209208340503e-02 2.729036805167606716e-01 2.099161605468869152e-01 -4.245347826987742601e-01 -1.628899020303542222e-01 -1.403160833061302959e-01 1.879423125150991580e-01 3.656929479719245313e-02 3.019152029958766525e-01 4.117530174430555912e-01 -3.284947883362416277e-01 1.388483412623665869e-01 4.903588418286244921e-01 3.485308191041942005e-01 -2.808520491699715294e-01 1.614502524084809321e-01 -2.228680158700535319e-01 -2.448490354439993300e-01 -5.354599270860084526e-02 3.612054780758908179e-02 3.080310545091952124e-02 2.392519883241473189e-01 7.612306274785136939e-02 -1.788094616379920510e-01 1.125903226387650440e-02 1.145887704382411373e-02 1.707095206655586117e-01 8.025785996783357801e-02 9.354196880372460388e-02 2.092200912603563445e-01 2.266510342607794548e-01 -8.808785904758222041e-02 6.640669675783442694e-01 5.627702605008184644e-01 4.750119060677482352e-01 2.639464852021886077e-01 2.455092960364335664e-01 1.815787616416805750e-01 1.840601986014906155e-01 8.975146184158720730e-02 2.305927730141240084e-01 2.315669750986493747e-01 2.101687069570343791e-01 1.956274256461378591e-01 9.508355761701201003e-02 1.672590703758227437e-01 1.681799168507707720e-01 5.663731690364560700e-01 5.197643739804639479e-03 2.593770936399417693e-01 3.084117753225563696e-01 -3.731031699010424196e-01 -2.317180594145539507e-01 1.913911753183523412e-01 1.124451967773932026e-01 -3.867620058048101273e-01 -1.036065284720335961e-01 -9.176112982334403215e-03 1.806995996051039000e-02 3.522469074678871159e-01 6.111872671833054604e-02 2.583696566606714651e-01 1.776170851136339990e-01 -1.594280439122173765e-01 -2.598790833984158111e-01 6.260939468461203250e-02 -2.431424608657294095e-01 -2.050550664750618035e-02 -2.753030885245993375e-01 -3.514422238347542082e-02 -1.420805473960277780e-02 2.341162700769294502e-01 1.767179181399521071e-01
1.261117175712082317e-01 3.771440220483448513e-01 3.593996103951704879e-01 2.509629580976838192e-01 2.754982134369683422e-01 4.386930127978637128e-01 4.619395684662366830e-01 4.366008696726437210e-01 3.866479753609428083e-01 2.619370282186379503e-02 3.246132664698277437e-01 2.965273047152920949e-01 1.000000000000000000e+00 3.751220786557242781e-01 3.520605487928812338e-01 3.426770091844006383e-01 5.508821768618910042e-01 3.414853665820363759e-01 3.891472030401463833e-01 2.610325260443711048e-01 2.620925835293226314e-01 3.522411548242319057e-01 2.572604690059811516e-01 1.298040086172921048e-01 -8.757580123524910665e-02 2.586115030443923990e-01 9.949473505183867306e-02 2.598591873762266524e-01 2.277567665718670809e-01 3.766000136812458488e-01 -3.182000687779661940e-01 -2.293583013839618767e-01 -2.839785709385509449e-01 2.844600408100710354e-01 1.455437773010236635e-01 1.482006831845981698e-01 6.571665043698264597e-02 -1.690873135850762821e-01 2.141147219418330916e-01 -6.213303614376639028e-02 1.440156567372512797e-01 -2.012072024079049337e-01 1.025905311940304987e-01 -2.308857292515608117e-01 -8.194116315985791599e-02 2.737092866750420045e-02 1.474227313165423769e-01 2.129344696299851625e-01 2.928589637634044784e-01 8.624370650056017995e-02 -4.507911994930957796e-03 4.938599953356321293e-01 -3.512275720332522916e-02 2.825678945595609393e-01 4.459125574733944219e-01 4.756602883919722191e-01 3.983314017598920675e-01 4.587296907909334531e-01 1.169687700487860443e-01 2.175672330448918668e-01 6.077638946348318250e-01 8.250540888477259083e-01 5.409982175173029262e-01 2.777143088616034761e-01 2.011692248454080845e-01 3.239321148304116216e-01 1.388863871503701886e-01 3.745208469526778439e-01 3.428872874472947974e-01 4.076793598626028969e-01 1.923007482979735283e-01 1.694731323708634219e-01 2.381727357165387138e-01 1.699243335274505384e-01 2.800809997980597266e-01 1.126628912082569406e-01 2.746084253352013560e-01 4.052264636910837825e-01 -3.279787597407252675e-01 -2.155294543071823721e-01 9.053545843272875482e-02 1.648387300415750101e-01 -2.306637390012211131e-01 -2.010615783333052908e-02 5.030582101361000258e-02 1.207964773504011102e-01 3.152000929460422457e-02 3.496285687633605282e-02 1.220309095256638388e-01 -1.455831689232201243e-01 -3.216279305255283494e-01 -9.212643147538134014e-02 1.733014401670594229e-01 -2.065724499838264006e-01 4.260006502128723532e-02 -2.208290539501637784e-01 1.889783387986913518e-02 1.545007461272278337e-01 3.371985903440030685e-01 1.120779660272459011e-01
1.428575369964682484e-01 4.115817477740284502e-01 3.534695822871496973e-01 2.918286979913655710e-01 5.053822960375807805e-01 5.302139001385107742e-01 4.664653807687839659e-01 4.324916295036352332e-01 5.155605015795573509e-01 2.713644871155799013e-02 2.004721234705935939e-01 2.502046238573262804e-01 3.751220786557242781e-01 1.000000000000000000e+00 8.127421294292095366e-01 3.252760404702125796e-01 5.865232436447297415e-01 5.968807514702244577e-01 7.319255894482289415e-01 5.729202456200760407e-01 7.411711886151215456e-01 4.027377933140011690e-01 7.986893210698958745e-01 1.467197733157797057e-01 -1.271771920819396266e-02 4.206456321805561172e-01 2.472431443119175176e-01 1.910259214963599406e-01 5.827420944884138532e-01 7.732287779708119091e-01 -5.119678767770345917e-01 -1.957804054691955620e-01 -1.366465905151017790e-01 6.082581100712460831e-01 9.041320160370677761e-02 4.643579489551838968e-01 2.893130971921710204e-01 -2.739463287346539655e-01 3.697085271090124192e-01 2.887505984785384422e-02 4.328634846057179408e-01 -2.864949626186991671e-01 1.018248113975584318e-01 -2.214461590309332872e-01 -1.759284114924735687e-01 3.382398639132657703e-01 6.336383557757261364e-01 6.643235050362910066e-01 4.799950502954447029e-01 2.324147864777305339e-01 -1.012422175256926793e-01 4.356538127501281554e-01 3.356040940381321835e-02 4.063382434158803180e-01 4.596304101780403495e-01 5.539546965864521333e-01 4.232357563657761501e-01 5.096552111127754525e-01 1.390949934895670259e-01 1.612093662577216424e-01 4.070828533703137464e-01 3.306454318602997100e-01 6.486922792768817780e-01 7.852877114282732496e-01 7.794220549914201435e-01 7.780965954500620452e-01 1.850196313072257348e-01 5.991278252497160839e-01 7.263585842111145441e-01 4.935313997631388117e-01 6.028250843164238981e-01 1.773848231506899298e-01 7.487721606285897558e-01 4.061270811309302675e-01 3.535704489171850318e-01 2.580315808103771785e-02 6.023630058520560437e-01 6.949279031390225292e-01 -5.293200300024061278e-01 -3.924022206088103593e-01 5.223704192293199267e-01 3.935190228857876615e-01 -3.991406752209082365e-01 -1.540043174696431039e-01 9.897833755375545772e-02 4.459078303056591697e-01 3.448972758268274985e-01 6.891370708072222517e-02 3.590796279764093546e-01 1.319406038571539590e-02 -2.402859098216846845e-01 -2.063709743094339633e-01 3.696755866020471348e-01 -2.292459160551597597e-01 -6.373789896591940118e-02 -3.191714975541105614e-01 3.320334021809043246e-01 5.363737807175000816e-01 5.346348818711411655e-01 2.063300596096316608e-01
8.310576476552013203e-03 3.323425293810340353e-01 2.577852843993683196e-01 3.980607964020315137e-01 4.670808012546835974e-01 4.322090724021081520e-01 4.594781378906478975e-01 4.292247074612543511e-01 4.484083648813285139e-01 -1.722163231255709193e-01 6.782793800459195610e-02 2.108265663892611164e-01 3.520605487928812338e-01 8.127421294292095366e-01 1.000000000000000000e+00 2.301333710724663417e-01 4.725581082600712191e-01 6.325399176086766717e-01 5.935191296188091492e-01 5.953809898682147494e-01 8.100605509253222536e-01 2.438479872422210093e-01 7.129635479926447195e-01 1.198493156929720943e-01 -1.540548079128932490e-01 4.231745412084749747e-01 8.555098474021745336e-02 2.780623841439184285e-01 5.591156964644343752e-01 7.689198171883089294e-01 -5.525060552344761566e-01 -2.142699042634751139e-01 -9.445127700366806600e-02 6.151923387813356126e-01 -5.968953604605514718e-02 4.309024044960622635e-01 2.352451701325956046e-01 -3.890191516541463557e-01 3.095846717628007450e-01 -1.033371569266005319e-01 3.930089413549399113e-01 -3.655749543942945490e-01 -8.509277246559577429e-03 -3.369997484572342938e-01 -2.669072004875724380e-01 1.887356704657627560e-01 4.290374456270574788e-01 5.318992071598468430e-01 4.075710377466511547e-01 1.531644735317954087e-01 -2.457127517198579580e-01 3.441949930104317712e-01 1.409375184321039198e-01 5.030879159812130519e-01 3.582824628014772417e-01 4.931966304176793048e-01 4.869055034171605456e-01 4.778649602874653346e-01 -1.131163825262440810e-02 8.391676482841096962e-02 3.400766244319494702e-01 3.371775740104328012e-01 5.468414184948149348e-01 7.222746924037022342e-01 7.761578395672995567e-01 8.885183948038214430e-01 1.297614674681301095e-01 4.986251322336361369e-01 6.613361868729750181e-01 5.255748785918783472e-01 6.470842236472423847e-01 1.592112780501889549e-02 6.947009099579743996e-01 2.776213721018967462e-01 2.433904649927350061e-01 -1.005719186163712142e-01 5.722052690847171386e-01 6.833309424208302563e-01 -5.291209519603961020e-01 -3.468787704418385687e-01 4.532560639790734203e-01 4.285975033377646404e-01 -5.138155545421565495e-01 -3.009506073021620542e-01 -4.537325081596478571e-02 2.875066512853603484e-01 2.653636063209699469e-01 6.048210177296545892e-02 3.674238957389942550e-01 -4.388051467430030550e-02 -1.724625110886485457e-01 -3.068778197498942539e-01 3.314710375481297322e-01 -3.206361399510110344e-01 -1.981431499942662711e-01 -4.536762010844704873e-01 2.001312459801134480e-01 4.015100145244618335e-01 4.876567582425330727e-01 1.413163360216757314e-01
