1.000000000000000000e+00 2.529273071035002540e-01 3.456528804741707539e-01 -7.094228933802247672e-02 -9.127859959707253223e-02 1.244524108026919956e-01 2.870726352314676919e-02 3.385424051722158573e-02 1.540717864140359605e-01 1.082337867421935967e-01 -3.187963840174507513e-01 -3.968567052932808759e-01 -3.700858401501082584e-01 -4.662778630899165333e-01 -4.752411969498898658e-01 3.240716128990507316e-01 -3.130059758417306215e-01 -3.572284495709774355e-01 -3.875568527180556222e-01 -3.643055508569512102e-01 -4.568743734384966837e-01 -1.779071727951849757e-01 -4.588753432971942603e-01 -4.383176201053181620e-01 2.553687746065543829e-01 -2.894479935798285331e-01 1.352549644646688920e-01 -4.165918945929593109e-01 -3.146667220021056033e-01 -4.918769463617844173e-01 2.438593405968449146e-01 1.776952691743503288e-01 -7.230570177984166347e-02 -1.613288014220504163e-01 -3.173395242734167732e-01 -2.742835808999941061e-01 -3.493717969805883450e-01 4.818506316149417934e-01 -9.722014064832229518e-02 -8.523558404552201984e-02 -1.921688734515514252e-01 6.786749157305552171e-03 -2.936105670030558223e-01 -3.358680770726237691e-02 -5.271230089661052554e-02 3.753709674464403290e-01 -3.970428255237391513e-01 -3.778812431183225518e-01 7.454907782072160705e-02 -8.474997415740881390e-02 4.125075145791125553e-01 3.825757697759604170e-01 -7.513519027087441418e-03 -4.295485012957578341e-01 6.290512840118496485e-02 2.303294359405772818e-01 9.287331131596625322e-02 1.782041766719715675e-02 -8.274113353757900358e-02 -2.999643769693713380e-01 -4.319638992695215007e-01 -3.096708508702348817e-01 -4.276063600279830235e-01 -3.416679073317874238e-01 -3.995885927667832127e-01 -5.311291771451406296e-01 5.565075655979755814e-03 -3.516226512759245693e-01 -3.345589599903632805e-01 -3.415756137678653270e-01 -4.270440465649629758e-01 -3.720044001406405676e-01 -4.860138044634580434e-01 -2.356908550583653728e-01 -3.655879808624991623e-01 -2.344199145790392125e-01 -3.979153433944098150e-01 -4.801402377678076761e-01 1.665174309353261439e-01 9.163006958304366345e-02 -2.595836226698352081e-02 -1.920303751968395756e-01 -6.693046708751615795e-03 -6.083027897893141661e-02 3.654587772384525479e-01 -2.972702616605155113e-01 -3.251227090862962577e-01 -3.171922990534892239e-01 -2.906846712369273167e-01 -2.925000430396683671e-01 -4.090478027754576584e-02 7.182841551602714425e-02 -2.736353689583750359e-01 -6.490863679938736752e-02 -2.084129144496298658e-01 6.091844747697354456e-02 3.945900624246170829e-01 -1.324590853043298988e-01 1.255710045125542629e-01 -1.750152321842207981e-01
2.529273071035002540e-01 1.000000000000000000e+00 5.391300063763319050e-01 4.783834195569657832e-01 4.977761304287339206e-01 5.379575442441819622e-01 4.691838730520452860e-01 6.748829829609027664e-01 4.723918117511408665e-01 -5.250918767677368107e-03 -5.467349789231234353e-02 -3.345545227035064823e-02 -1.349957372195149385e-01 -1.059667346371269414e-01 -1.685126981118836575e-01 2.023565707994430807e-01 5.733602623638716159e-03 -2.271413946547430965e-02 2.311632543329637107e-02 -6.071509108863652054e-02 -3.867263564378940754e-02 -2.937113573786208354e-02 -1.609579530298168026e-01 -1.259630513925686646e-01 1.269815045901853956e-01 -6.401855937940766073e-02 -2.642221667669406582e-01 -9.930469847335250677e-02 -1.686469806216709874e-02 -2.949732788763768099e-01 9.538940199844085643e-02 -1.234218308010268939e-01 -2.224219374834334739e-01 -6.841106101241420379e-02 -4.331022140690633793e-02 1.857988646662718513e-01 -1.459071443966968550e-02 2.046961415532467798e-01 1.907248334836783854e-01 1.843147888166214166e-01 3.559923424069676851e-02 1.227673299963641523e-01 5.379487987261456772e-02 1.678116023219804465e-01 -2.111990715290357201e-01 -1.603203214574839830e-01 -2.071122047345040074e-01 -1.567376996588574489e-01 5.019616155913172451e-01 2.144056100139829779e-01 2.392808084644579975e-02 6.697700807965738523e-01 1.642031856279983215e-01 1.524617091873259681e-02 5.742907007454380874e-01 4.785211186104870174e-01 5.906496585645111264e-01 5.156489720781959329e-01 -5.377259186580942221e-03 1.567257213995550125e-02 -1.224073380447880527e-01 -1.976736602970735612e-01 -6.213360440204618307e-02 -1.597642128082324073e-02 -1.028198779818178532e-01 -2.661377584638722760e-01 2.759606212736514519e-01 1.051800322101370394e-01 -1.313826524192231449e-01 -8.479121665214028880e-02 -1.602411633298481131e-01 -3.871373462120448333e-02 -1.166763978242924965e-01 1.043092715909587631e-01 -3.985626470371464447e-02 -9.190360253312995775e-02 -1.154989605986607021e-01 -2.378536772174632274e-01 1.107853032526685960e-01 -1.560221381706828614e-01 -4.109473295627757983e-01 -3.353988889094765558e-01 9.697971069310350190e-02 -1.898581107802232715e-01 -1.149142027476775380e-01 -3.016701445288842987e-01 -1.272115959159524634e-01 -7.965816939680105124e-02 6.273371533275128031e-02 -2.103913595856242991e-01 -1.795267340073821438e-01 2.366538386433403029e-01 9.377987355576174189e-02 2.071668666952192484e-01 1.644508481755901919e-02 1.871480697394527770e-01 -1.079804388543726679e-01 -1.915795476686532606e-01 5.060100547779634583e-01 1.488545611113342715e-01
3.456528804741707539e-01 5.391300063763319050e-01 1.000000000000000000e+00 -5.836608336859995527e-02 3.429260099188835009e-01 6.724524762678858458e-01 3.549077605093093335e-01 5.802993791632558018e-01 5.771197381707294793e-01 1.271712996937541251e-01 -4.228275853659880373e-02 1.404241913731767433e-01 2.189172351756123180e-02 3.408241457725558893e-02 -9.188177523410429037e-02 -1.493010922346794667e-01 9.937809170245227863e-02 3.644276856452817459e-02 7.886102684380472128e-02 -9.376724602778503670e-03 1.359891502807713225e-02 9.018217683420390318e-02 -6.324120571768404586e-02 8.391739667489575560e-02 1.842964639234954682e-01 1.642945394420665395e-01 -2.627259608858709683e-01 -1.667833594923058896e-02 1.176169750075215237e-01 -1.908461159733019219e-01 1.118864370702312289e-01 -3.370555081822017018e-01 -4.451160643436760100e-01 1.705544619916698340e-02 -5.398900713273365598e-02 3.191494082889734241e-01 9.898910498567599359e-02 3.710899390976633155e-02 2.284601951134133391e-01 1.752735374624524445e-01 1.304452841464761037e-01 3.968531188141179999e-01 2.683195744601611921e-01 2.836450359903099905e-01 -2.984682291668849241e-01 -2.476946727664011971e-01 -1.769876977996904799e-01 -8.935343205942421207e-02 6.150236577454091247e-01 3.208363816808759150e-01 -1.024858314837946704e-01 6.977180621105246727e-01 -1.593699855510318786e-01 -2.253134191772438732e-01 6.734291181849894059e-01 7.289825930916570274e-01 4.037850698311298836e-01 5.986269266656942811e-01 1.388547030627150514e-02 1.744512277919065685e-02 -4.385072317227796390e-02 -1.012604450825711350e-01 8.132856753383085890e-02 2.910873809918562705e-02 -5.778892213699962123e-03 -1.757520053404963145e-01 3.044146879993906429e-01 1.653743196882257460e-01 -6.598358819235837502e-02 -1.355968822382631715e-02 -6.374235258860308506e-02 2.841588196521549134e-02 -6.255531619478779670e-02 2.241378756260367922e-01 1.291707202273361110e-01 2.188275237111713123e-01 -3.294747717822149591e-02 -1.396352612625087197e-01 1.247122359197639641e-01 -3.073427066905446980e-01 -3.726268232570056904e-01 -2.757780164788773414e-01 1.429987136227628131e-01 -3.233693446883870171e-01 -1.855578242220028706e-01 -2.800806063014498193e-01 1.755397828106292427e-02 -5.615537390887722496e-02 2.503214647136077220e-01 -1.081707326406373543e-01 -2.280589995905262513e-01 2.115261987533766097e-01 9.360105425265945189e-02 3.474532360638427075e-01 1.472779695833041358e-01 2.588052109626375885e-01 -1.708128260701150536e-01 -1.819456228438308121e-01 6.170747952667110514e-01 2.791996186064434893e-01
-7.094228933802247672e-02 4.783834195569657832e-01 -5.836608336859995527e-02 1.000000000000000000e+00 3.096487308555865847e-01 4.213812622918763212e-02 2.906131296982079615e-01 3.521392958799713369e-01 2.147833243970042119e-02 -9.800156840798418534e-02 2.496888382694243888e-02 1.609876590312254259e-03 7.943987459192770190e-03 4.852760880487749090e-02 -7.148981929964817739e-02 3.487657728886078834e-01 5.777341143863492373e-02 9.721533794648765103e-02 8.123828765626980863e-02 -8.028051888083077153e-03 5.851399772306577207e-02 2.151636431045764186e-02 3.616717055434889860e-02 -1.262394407743714156e-02 -4.939011932282828810e-02 -3.602495712270872147e-02 -2.690795459620178298e-01 -4.832143738351077356e-02 -7.168973254230992520e-02 -1.011576451682162509e-01 -1.199887101760919311e-01 2.030604851021364926e-02 7.873815160927458146e-02 6.825418940269804835e-02 8.539305307696939962e-02 4.223757680829560296e-02 4.428460838765585147e-03 3.886135010699656722e-02 -7.156587093356476040e-03 -1.124188578148310746e-02 -7.908343182596801191e-02 -4.609890915857636079e-02 -1.147949176264867824e-02 4.428027930114984689e-02 -1.696108412879245853e-01 -2.016566491324940091e-01 1.047020885975422921e-01 -1.035036284022905831e-02 1.412412273295143850e-01 1.173424689975220703e-01 8.089549619826816307e-02 2.924260460633220648e-01 4.033919915123417854e-01 4.694121015194812063e-01 9.307600470712155960e-02 -8.830882160302962192e-02 5.111633170392636538e-01 1.233471021413830720e-01 -1.955078491020045828e-02 5.427826400747873259e-02 2.705552576871090784e-02 -6.545024597437439084e-02 5.243195139625903695e-02 4.515733031592653046e-02 -2.245327193041863484e-02 -2.763496876100385649e-02 1.765067530578474098e-01 7.613255914560100590e-02 1.033044204361606572e-01 4.344126207430079600e-02 -3.450012304479965763e-02 2.650465591067024604e-02 1.086939001376002467e-01 7.563344136986641271e-03 -7.551823519244847682e-02 -1.339163229773704389e-01 -2.385503032929328984e-02 -9.120219546729466109e-02 -3.020055878179734449e-02 -4.946060256790318563e-03 -1.924095593617916322e-01 -1.190745096864519875e-01 -3.266439188532905408e-02 -9.589105372258591165e-02 -2.358605645901772074e-01 1.725008184763009503e-02 -1.917540612068808700e-02 -1.300781612459779024e-01 -7.397675390599664502e-02 -5.946977731498898773e-02 4.159340254258222375e-02 9.717586340501875586e-02 -2.531839008188184470e-02 5.521029864095493289e-02 8.538496062149432755e-03 -3.877079063586355979e-04 -2.202703258990011403e-01 -3.521299290112028108e-02 6.974092151601710143e-02 1.132850110882318295e-01
-9.127859959707253223e-02 4.977761304287339206e-01 3.429260099188835009e-01 3.096487308555865847e-01 1.000000000000000000e+00 6.266797245391849680e-01 1.439096432816817095e-01 5.999439300589592960e-01 5.991478673750234574e-01 1.525513342593404383e-02 1.300499494439212866e-01 1.379049715162352918e-01 7.872902567440188959e-02 2.751539186603205178e-01 1.402341461345989193e-01 -7.566695886035592136e-03 8.296657381486371996e-02 9.712176169280120619e-02 2.166451307509810464e-01 1.627218258593261524e-01 2.715585625830042038e-01 1.329385144201299454e-02 1.926957443410866055e-01 -1.777505599449879028e-02 4.047487612732849379e-04 -7.289889791138731701e-02 -4.044087083882405564e-01 1.713225623329024672e-01 2.395109225468483316e-01 5.589985581596462749e-02 -1.576486219742979922e-01 -1.727056316331276042e-01 -5.910175110155693745e-02 3.483954644249426247e-02 1.014095953736742634e-01 2.927819859609537834e-01 2.614345439514403902e-01 -1.422688688517525502e-01 1.121018490557676717e-01 2.231888950217547352e-01 9.007847107771760342e-02 -1.109222301739993255e-01 1.013639813002201462e-01 4.378922243069166727e-03 -2.441664166771536915e-01 -3.933548917914769794e-01 8.073474313323494855e-02 7.210235469967804511e-02 4.306630546640975443e-01 1.414221559130255657e-01 -1.210952422974480164e-01 4.335580203804154653e-01 1.986468085891424651e-01 3.967440108771085328e-01 6.650901620012097393e-01 4.461998302285964391e-01 3.574533633610024186e-01 5.996272725559879113e-01 1.007902519139466657e-01 1.867329808018584336e-01 -2.228948725582936483e-02 -1.626286112291598293e-02 2.832007280458553322e-01 2.576295950070083274e-01 2.452469021160237905e-01 1.529674672674559699e-01 8.628835209078565549e-02 2.617295494110448151e-01 1.135590405739832359e-01 1.307902037169725862e-01 1.355427492904551501e-01 1.017954733464817296e-01 2.874908903968428353e-01 1.200703859356202219e-01 7.333593500452320613e-02 -1.507370271585250776e-01 2.122403899497835866e-01 5.977813385121481110e-02 -1.341535435634808038e-01 -1.738840942640043630e-01 -4.480516544145131119e-01 -1.702598689396642162e-01 -1.186171281752443352e-01 -3.009154064083676694e-01 -4.261737398389113807e-01 -8.653746694120910410e-02 1.183219793996428265e-01 4.062162203475590261e-02 1.006257695668247021e-01 -1.736355885371603514e-01 -1.026638230481579234e-01 4.080387505225620964e-02 1.431441402381036787e-01 4.952374768559118963e-03 -1.740713084527907295e-01 -1.796641194024537480e-01 -4.596078339848820304e-01 -4.608287022858297693e-02 4.810562693631855735e-01 4.435907629006624608e-02
1.244524108026919956e-01 5.379575442441819622e-01 6.724524762678858458e-01 4.213812622918763212e-02 6.266797245391849680e-01 1.000000000000000000e+00 3.118054901635721743e-01 6.991323302855654287e-01 8.199417767943687485e-01 1.732904132363468908e-01 1.281064549716135481e-01 1.973008676601647471e-01 2.943935235996241948e-02 1.153260457861086663e-01 -5.114411255732146527e-03 -1.766235010131073091e-01 1.581052508950964719e-01 1.075228768928385426e-01 1.685034061626591584e-01 1.579208833898808895e-01 1.344388624088025674e-01 1.122131202365059949e-01 -3.573452289804174287e-02 6.117222024662730129e-02 2.132811754489784550e-01 6.459450381235960770e-02 -3.026356292919115121e-01 6.704834844892840207e-02 2.762729000202012175e-01 -1.677084558867955877e-01 1.095850195562275559e-01 -3.568596590963138970e-01 -3.728578163573861293e-01 8.657021192353175909e-03 3.019615846287184227e-02 4.457444876227553698e-01 2.315212995789954764e-01 4.287268978137796782e-02 2.741763910967544016e-01 2.810787723982413056e-01 1.585469782596717059e-01 2.312020033958136489e-01 2.064700851881627608e-01 2.357127287528941739e-01 -2.799308999691343391e-01 -2.916632865846237044e-01 -1.754370113649388052e-01 -1.134444981380468009e-01 7.248393636160035403e-01 3.753752865333421784e-01 -1.583357086398429481e-01 6.023477768041185509e-01 3.880744757434997916e-02 -1.311142224757570578e-02 8.461823188945888363e-01 8.377711908975623567e-01 5.280904153595885608e-01 7.948468209364284442e-01 1.416765001787295697e-01 9.655292895230919992e-02 -7.345251651684574223e-02 -8.978472426099015635e-02 1.377622632885627252e-01 1.623795259211470166e-01 1.169066326378387366e-01 -6.717262241231036768e-02 3.083538065804090622e-01 2.541262037261926565e-01 1.526422188669390549e-02 1.067924308321304833e-01 5.964909631478278185e-02 1.163907404700813691e-01 2.104275611120598639e-03 2.377423210021235855e-01 1.437803543142698592e-01 4.150857461587919434e-02 9.064824790820275036e-02 -1.190189206356835477e-01 4.958111127112048433e-02 -2.713453607904821041e-01 -4.322225275702025193e-01 -2.728740289621695569e-01 -1.693580497683815252e-03 -2.855727218347928753e-01 -2.429027372677212138e-01 -2.861261848956702103e-01 7.861315428558908469e-02 3.302850118241330152e-02 3.342659585965195301e-01 -1.176689227639463597e-01 -1.683747345162418529e-01 2.406045948557908321e-01 1.669035227857391945e-01 2.081977986405275372e-01 1.901147272187308709e-02 1.268502344184979647e-01 -2.464122785898820722e-01 -2.352657499081916015e-01 7.826881170494250917e-01 2.972486061156067727e-01
2.870726352314676919e-02 4.691838730520452860e-01 3.549077605093093335e-01 2.906131296982079615e-01 1.439096432816817095e-01 3.118054901635721743e-01 1.000000000000000000e+00 5.510111289676012936e-01 3.034093349713111176e-01 1.556488701099246197e-01 6.942071212531036872e-02 2.199179084528539163e-01 1.245538481630929645e-01 1.229363166901934618e-01 1.473048053156060739e-03 4.247077602501464488e-02 2.842204279508470099e-01 7.155208294177953232e-02 1.761588347718294478e-01 1.495279829700882079e-01 1.647722471380788645e-01 2.238519651261225984e-01 4.015902452321071237e-02 2.632408919468276487e-01 2.052599129821028601e-01 1.788636289908570876e-01 -1.982331163799335716e-01 6.890861128547093317e-02 2.027377135977700695e-01 -1.248253550446407761e-01 8.172417061572234687e-02 -3.469029533247164343e-01 -4.235833909893989557e-01 7.971882424272282164e-02 2.076010635923837278e-01 2.621651605878281832e-01 1.966943262782112345e-01 6.499073052470356882e-02 3.410042473543306585e-01 3.137863641245587920e-01 1.670048436463440478e-01 2.937327993058899134e-01 3.227424755543016333e-01 2.692580393645457315e-01 -1.398868319906271807e-01 -2.433305096367838483e-01 -4.955592649708943226e-02 -1.821628897286357157e-02 4.069301510152811829e-01 3.612738274114989934e-01 -1.989269635204758968e-01 2.963797628860524447e-01 5.860274040912813454e-02 -9.023935366980281869e-02 3.209933397432983559e-01 3.201150230511532468e-01 4.902748196074808162e-01 4.209894916635786299e-01 1.975596750705554683e-01 1.402587333020645644e-01 9.724389024704001294e-02 3.100226058316166503e-02 1.442025270449392993e-01 1.753831751748489987e-01 1.186580859320202075e-01 -7.876207290754975998e-02 5.423954331134518414e-01 2.923949264611779286e-01 1.325204676957474625e-01 3.429795073660677190e-03 4.658295330571502607e-02 2.394604448287694920e-01 -1.320860888305800535e-02 4.916769338205372875e-01 2.990165079693095085e-01 1.554104123540218096e-01 1.482284054361783232e-01 -6.725606690952061484e-02 1.955395638458624907e-01 -3.059865829052967334e-01 -2.378486863968450604e-01 -2.316194478298123083e-01 2.606171855614755062e-01 -5.254060775864313054e-02 -1.834167979481523270e-01 -1.646315179086765557e-01 1.627333578820805426e-01 6.119768906652393869e-02 2.403112938777075269e-01 1.597817372723831231e-01 -2.172206461313773429e-01 3.997879772390617314e-01 3.349124064012292123e-01 3.543747646256044659e-01 3.309340633498154549e-01 3.502928577381375086e-01 -1.561463012287901408e-01 -2.524436672689504557e-01 3.965996384575917744e-01 3.676502407607774026e-01
3.385424051722158573e-02 6.748829829609027664e-01 5.802993791632558018e-01 3.521392958799713369e-01 5.999439300589592960e-01 6.991323302855654287e-01 5.510111289676012936e-01 1.000000000000000000e+00 6.919314660703291819e-01 8.413085676561322945e-02 1.166635727945919548e-01 2.417001906070090078e-01 1.412033166046474941e-01 1.939900157957835103e-01 4.873397987991598401e-02 -2.041598452493630783e-02 2.835800566397855826e-01 3.383054563965979256e-01 3.418402706844688166e-01 2.027645548261492181e-01 2.896868826897815996e-01 1.639239603747174867e-01 3.652730219056331967e-02 1.556217911781088981e-01 1.735779283523405658e-01 1.010054097591332328e-01 -3.296965546926041712e-01 9.073382840280704020e-02 2.728714345843429867e-01 -1.318729080389298702e-01 -9.319735591261193650e-03 -3.088107032479085468e-01 -3.744681926455875054e-01 1.603882999011362886e-01 1.719664638419919067e-01 4.449753401426952415e-01 2.498618605725573261e-01 -7.063324773487965683e-03 2.356093951668291886e-01 2.845411638045427516e-01 2.089599049270166875e-01 2.024701629967384786e-01 2.799160966958131325e-01 1.940715553255564219e-01 -2.744182901289128895e-01 -4.155715848189907580e-01 -8.077677066650133797e-02 -5.998057935913689645e-03 6.214320125242499548e-01 3.752392424086755662e-01 -2.064756968691735806e-01 5.982024166040885715e-01 1.327430390602409027e-01 9.750289191465649763e-02 7.475806181637583148e-01 6.521885321721762052e-01 7.370174006166021474e-01 8.431099067356807586e-01 1.351324285282687609e-01 1.716795164226607162e-01 4.453404829984364266e-02 2.288628123240623105e-02 1.968526056426933013e-01 2.473422522425218761e-01 2.426731112877747731e-01 -3.556699192910659640e-02 3.104433693236280378e-01 3.832492714602041550e-01 2.049587675850801649e-01 2.820810061404788738e-01 1.368580450821849370e-01 1.866743345513312835e-01 8.629333835117745932e-02 2.936356059055037493e-01 2.572506873704034080e-01 5.967142853757088222e-02 1.694637202682666988e-01 -8.062732055350804727e-02 1.013435482865120557e-01 -3.137852274943019881e-01 -4.108489562421704933e-01 -2.019990137183838574e-01 1.747872532778017574e-01 -2.008211565114650099e-01 -3.281988206195285418e-01 -2.627522895307946582e-01 1.360877887434742417e-01 8.256028434066790822e-02 3.334036102886081543e-01 -1.166223930605650438e-01 -2.094137864983542374e-01 2.527997212849947273e-01 2.153562116830614048e-01 2.901068208271114224e-01 1.412848884990184073e-01 2.257054711628742327e-01 -3.536873528262388100e-01 -2.345541690338644458e-01 6.559902050831573073e-01 3.396487102464119667e-01
1.540717864140359605e-01 4.723918117511408665e-01 5.771197381707294793e-01 2.147833243970042119e-02 5.991478673750234574e-01 8.199417767943687485e-01 3.034093349713111176e-01 6.919314660703291819e-01 1.000000000000000000e+00 2.608491609896594898e-01 1.480335880359016643e-01 1.976926771716474296e-01 4.170010736121022160e-02 8.064834805108782312e-02 -3.768505461908724929e-02 -9.780120563015716473e-02 1.877100092205880588e-01 1.281460199750247275e-01 1.676960388402241875e-01 2.129076499834104685e-01 1.621841860745653896e-01 1.808091890307092497e-01 -5.646853388435475740e-02 5.623683550716775115e-02 3.403553100890121530e-01 5.333234916670794891e-03 -2.595477401486721014e-01 9.712672161273348814e-02 3.107413508115162148e-01 -1.726519931939121955e-01 1.923427401252580382e-01 -3.603978484171903029e-01 -3.779640757577534260e-01 1.193979583583498899e-01 7.151354336773367570e-02 4.186218593296907042e-01 2.267204423654498868e-01 1.034687572958428448e-01 2.330646601994126044e-01 3.163573282457462499e-01 1.675183686777711178e-01 1.231551481709075024e-01 1.335833216710286819e-01 2.045495337756367271e-01 -3.084614415394784648e-01 -2.133661711997622834e-01 -2.163464302447034304e-01 -1.289715322858720759e-01 6.403929718696497186e-01 3.963800750632059944e-01 -1.829932651086234319e-01 5.060753321015293293e-01 1.649901862244927339e-02 -9.839337391182542691e-02 7.499669212585859945e-01 7.508290162168707038e-01 4.737171648832536053e-01 8.166191291539400821e-01 2.446735996013570946e-01 1.665849786213947081e-01 -1.336371292623061702e-01 -5.312616257863744113e-02 7.212240786676508975e-02 1.346421875043935235e-01 9.042990106556149377e-02 -8.862654248231380261e-02 2.793911077578418167e-01 2.395625770605076532e-01 8.096126497345301765e-02 1.556164463625073213e-01 6.242689701086098775e-02 1.539937142139756188e-01 -2.658020985560915692e-02 2.340201348839435758e-01 1.434233668967154207e-01 6.214276873196596107e-03 1.495681414964420142e-01 -1.393393621058792442e-01 5.801762907616508230e-02 -3.273436026359007323e-01 -3.908927007333317105e-01 -1.645714246917487356e-01 3.484447553438562578e-02 -2.114241207298592773e-01 -1.968834091381520546e-01 -2.997382398494350952e-01 8.493874093546542603e-02 9.134253031685131419e-02 2.831063609501978107e-01 -3.224426072833659618e-02 -2.037510261438814640e-01 2.202445019842414475e-01 1.545988828203221921e-01 1.619430337111804896e-01 -5.445731717544899896e-04 6.837762861997863373e-02 -2.014474473561358725e-01 -2.248145485517782649e-01 6.908463248475916751e-01 2.641716667256673867e-01
1.082337867421935967e-01 -5.250918767677368107e-03 1.271712996937541251e-01 -9.800156840798418534e-02 1.525513342593404383e-02 1.732904132363468908e-01 1.556488701099246197e-01 8.413085676561322945e-02 2.608491609896594898e-01 1.000000000000000000e+00 2.153745180872672915e-01 3.265795949753816374e-01 2.479892686182702810e-01 -8.881675894344230604e-02 -1.752134605221523089e-01 -1.526856564821602591e-01 1.098300397526996569e-01 -1.625064471331301996e-01 -1.937446189272181429e-01 -5.620185970048361540e-02 -1.206293107066137432e-01 2.335110684742870701e-01 -1.460513959955196395e-01 1.068980045771365101e-01 6.284509008583538670e-01 1.146516250681788723e-01 -1.803852138006606654e-01 1.363526926935898775e-01 1.388318513278298805e-01 -1.077385088023411486e-01 4.435581517079404401e-01 -3.202747058744409570e-01 -3.377127285814939261e-01 1.136653929328638318e-01 5.258015046204495696e-02 2.044426564680728794e-02 1.852419863224285812e-01 2.870819734902964049e-01 4.047141653635872860e-01 4.504797710728954963e-01 1.720702634084459448e-01 3.271516442320568374e-01 1.180040800545509860e-01 3.862973711522205145e-01 -3.428055658923165328e-01 2.996738363122582183e-02 -2.661071876495152422e-01 -2.592143918001080793e-01 1.387965684354318385e-01 2.658013322747257989e-01 -2.594024279232410302e-01 8.802814319594273740e-02 -2.348280098830163309e-01 -3.248893154494177371e-01 1.943452846471939166e-01 2.213619480501274328e-01 1.510549563480929891e-01 2.206393072051048010e-01 7.352006671858195563e-01 2.862390476936580996e-01 1.548468831571733761e-01 2.600416991328669547e-01 6.212751899343012946e-02 -1.189906478351519803e-02 -2.159959861621836841e-01 -2.099170173389956484e-01 2.174905545972450338e-01 4.192978119186883956e-02 -8.119302939394178187e-02 -1.465480573363096839e-01 -1.931765881644139649e-01 1.211999208034148512e-01 -2.014652021777895985e-01 5.055618667311212455e-01 2.097446221737044036e-01 2.198877560191077052e-01 -1.086182467658374472e-02 -1.773448493072186105e-01 1.995890170659253560e-01 -3.497075007860264151e-01 -1.923238081347970752e-01 -1.332564281460296707e-01 8.981765652055526128e-02 -1.434589542962615427e-01 -1.328519720651726022e-02 -3.640223042785212249e-01 1.052218246757600090e-01 5.496732233946664825e-02 2.960997337724309564e-02 2.067249447592309219e-01 -3.583442612330377530e-01 4.648679054299373892e-01 3.581068351259637517e-01 2.923426014004309459e-01 2.027622391110463496e-01 2.362142313162502727e-01 2.156389469525378522e-02 -2.946884577729049215e-01 1.982683040448858236e-01 1.566357736995620253e-01
-3.187963840174507513e-01 -5.467349789231234353e-02 -4.228275853659880373e-02 2.496888382694243888e-02 1.300499494439212866e-01 1.281064549716135481e-01 6.942071212531036872e-02 1.166635727945919548e-01 1.480335880359016643e-01 2.153745180872672915e-01 1.000000000000000000e+00 7.401306651390547886e-01 2.982309993107085111e-01 3.411796317364429454e-01 3.154472651533393734e-01 -2.897358012775000935e-01 2.782983597646817020e-01 2.039081472791019201e-01 2.272775260502896688e-01 2.445556399587261454e-01 2.883629156280998473e-01 1.249029020392552203e-01 2.671343819256430385e-01 5.351741597868574507e-01 1.323496340955628015e-01 3.243164218965048917e-01 -1.721259638073923959e-01 3.694780216784775417e-01 2.661882451580438458e-01 2.630168583645479674e-01 -1.301094895896777459e-02 -3.440688579311370621e-01 -1.689503942790522295e-01 1.028007697694749006e-01 1.495268558521799518e-01 3.849851471422586213e-01 2.671799847516126980e-01 -3.357590446598548994e-01 -5.271483728340371072e-02 4.859385792040623459e-02 1.869690187726611719e-01 2.001356151684505202e-01 1.718599478569073635e-01 1.623001101588868456e-01 -5.181330852359624511e-02 -3.183839053530780339e-01 1.149644674664312138e-01 1.655947516805256203e-01 1.819062352980016506e-01 3.692499322819607355e-01 -2.711963215116303672e-01 2.847241782552333619e-03 -9.534841787258996337e-02 4.871165693185167123e-02 1.191580127767755820e-01 1.064732693074555286e-01 1.267725721405338346e-01 2.411663000480353536e-01 4.809231244869647259e-01 7.146788858258975585e-01 5.897637419005594683e-01 2.488602029216663292e-01 3.144672319779222014e-01 3.205492015267881745e-01 2.574653117304415151e-01 3.121841383250514301e-01 1.038204728555571915e-01 2.900917331630530338e-01 1.109410101512599695e-01 2.069422203259411452e-01 2.063389786430855077e-01 3.146918266254901675e-01 2.621701970055771991e-01 2.339565305540441120e-01 4.899423522959305277e-01 3.160291875297978614e-01 1.854955438257210876e-01 3.294072069610713971e-01 -1.577104512159296645e-01 -3.021917151967465354e-01 -1.270024236853937727e-01 5.165737820162839139e-02 -7.279277243881213111e-02 -6.669679666798544737e-02 -3.271958673676486629e-01 3.973560625214560271e-02 1.831384572330402027e-01 2.692203818887354272e-01 3.489050722789459602e-01 3.948917114603945899e-01 -1.579231608814819221e-01 -1.464219637291804725e-03 6.918875559361448158e-02 2.966609482591650027e-01 2.066941373227717260e-01 -4.512357875453298917e-02 -3.083321286171306630e-01 -4.433296943598732942e-02 1.986957429117050256e-01 3.693384549485973500e-01
-3.968567052932808759e-01 -3.345545227035064823e-02 1.404241913731767433e-01 1.609876590312254259e-03 1.379049715162352918e-01 1.973008676601647471e-01 2.199179084528539163e-01 2.417001906070090078e-01 1.976926771716474296e-01 3.265795949753816374e-01 7.401306651390547886e-01 1.000000000000000000e+00 5.084155549292301846e-01 4.396006425963552844e-01 3.721458452102064385e-01 -4.360463272316023042e-01 4.818139747843950826e-01 2.936086323192179104e-01 3.816220691523501962e-01 3.256916574257407437e-01 4.203605764512886034e-01 2.650576836087737420e-01 3.384602382002717680e-01 7.246490423537478298e-01 1.708124109295120763e-01 5.386723107333554195e-01 -2.651020101358340098e-01 4.419884432572936950e-01 3.875863809272183103e-01 2.906842555460994459e-01 3.491500424280907962e-03 -5.152467530237462290e-01 -3.611921605091553689e-01 2.154015472089541305e-01 2.458596183661680701e-01 4.898370392367065729e-01 3.825554481420938013e-01 -3.711818727074894242e-01 1.557729177039653135e-01 1.736058538367336312e-01 2.303542647427720136e-01 3.835507492455348943e-01 4.309286198395745893e-01 3.055764404349758934e-01 -1.734300462573628021e-01 -4.636002024758249518e-01 1.247766938146974147e-01 2.185539674228317020e-01 2.979559039404162668e-01 4.686411987163802140e-01 -4.451702691862852168e-01 2.330329867535134089e-02 -2.099567396382770179e-01 2.942485257702233056e-02 2.141798461177827073e-01 2.076654068690945987e-01 2.000307930138797430e-01 3.612673042531779344e-01 5.002221285115181493e-01 6.867253518365664666e-01 6.838338848340610454e-01 3.985944540877681130e-01 4.407879790146552179e-01 4.131938573096108902e-01 3.430034622826060864e-01 3.398282580216175353e-01 2.381259980114323327e-01 4.714830198706607689e-01 2.147552505920209132e-01 2.710014599731816465e-01 2.778080831032928577e-01 4.434084873388031700e-01 3.031346653824635862e-01 4.554884982138607818e-01 6.705763062458068857e-01 5.851648180443631553e-01 3.010192640636599748e-01 3.575194762652353919e-01 -1.263982010810421608e-01 -4.709360581125350831e-01 -1.875169467083907526e-01 1.352375270024191653e-02 7.427095449794000881e-02 -7.544519832156426631e-02 -3.941665128816006503e-01 -7.098701496886215996e-03 2.773231795931493382e-01 3.419796317926769857e-01 4.893232901812956670e-01 4.429152750414545592e-01 -2.739379116639680811e-01 1.253898977189963349e-01 2.514862787344126493e-01 4.286182988007053996e-01 4.125654329656470720e-01 1.230029256737123072e-01 -3.977081209423380947e-01 -6.314681951937284321e-02 2.768405766850810523e-01 5.141609631068633224e-01
-3.700858401501082584e-01 -1.349957372195149385e-01 2.189172351756123180e-02 7.943987459192770190e-03 7.872902567440188959e-02 2.943935235996241948e-02 1.245538481630929645e-01 1.412033166046474941e-01 4.170010736121022160e-02 2.479892686182702810e-01 2.982309993107085111e-01 5.084155549292301846e-01 1.000000000000000000e+00 5.845654890059481801e-01 5.145716847586898623e-01 -3.364362634875240898e-01 5.287597904631707868e-01 3.268517876662319077e-01 4.724632013625642002e-01 4.307708551305058919e-01 5.538471670505451527e-01 3.591886812802569384e-01 4.255473054138839695e-01 4.853687898113974719e-01 -7.137038998571289261e-02 3.804437163884944462e-01 -2.359413402581722607e-01 5.348537900682144297e-01 5.730995845104251973e-01 4.175455219193153766e-01 -3.336688791725922476e-02 -4.234466818593104476e-01 -2.231316349103273644e-01 1.387233383511597695e-01 5.040129498878587189e-01 2.857141626683872282e-01 5.082981883668256096e-01 -3.939793374557229999e-01 6.197444631713805441e-02 8.702309631429079595e-02 6.134136426269112125e-02 1.777736689133566084e-01 4.240143629941319214e-01 2.414699797230229761e-01 -2.474726906025702389e-01 -4.876591548288228828e-01 3.083885159198912485e-01 2.802087870660404101e-01 1.540186239003005497e-01 2.204183672276447958e-01 -2.898910672655000687e-01 -1.000887127253682896e-01 -2.005450678029777056e-01 1.865957036931356061e-01 5.715591253289068613e-02 6.226172956266653319e-02 7.214423571359815379e-02 1.901788837989950853e-01 2.701896951203111574e-01 3.602383784255175359e-01 5.431470984513889766e-01 7.732716466590662252e-01 6.260108321146814481e-01 3.422106278379677957e-01 3.981754679046496936e-01 4.713941309656126677e-01 1.306597848725544742e-01 5.185345951091416827e-01 4.276110708745651801e-01 2.396009301067983099e-01 4.933353708997522680e-01 4.661634763924651925e-01 4.126070032910549856e-01 3.312015665492766270e-01 4.986266671325289002e-01 3.929255550188838209e-01 5.705951881211189791e-01 3.993749268332650870e-01 -1.291501585997554824e-01 -3.850005479137735276e-01 -8.963020364382880134e-02 7.736285441564334786e-02 -4.530195863200262019e-03 -1.549028348294666148e-03 -4.444528645040701220e-01 1.382355891286850824e-01 5.210827528541696063e-01 3.805691180822292075e-01 3.516185451649214144e-01 1.790210727724508288e-01 -2.722031711710605206e-01 -1.154066814373480715e-01 1.532962889190634115e-01 2.104675802272097107e-01 3.167972213784160940e-01 5.725864767552217571e-02 -4.838011762490675993e-01 -3.779733639476495766e-02 1.090691865940557059e-01 2.800705180726870691e-01
-4.662778630899165333e-01 -1.059667346371269414e-01 3.408241457725558893e-02 4.852760880487749090e-02 2.751539186603205178e-01 1.153260457861086663e-01 1.229363166901934618e-01 1.939900157957835103e-01 8.064834805108782312e-02 -8.881675894344230604e-02 3.411796317364429454e-01 4.396006425963552844e-01 5.845654890059481801e-01 1.000000000000000000e+00 7.383679696970776307e-01 -3.485453383677496464e-01 4.592678995583637791e-01 3.059767153421691921e-01 5.874105117608890980e-01 4.751218976289960927e-01 7.529414775230992563e-01 3.242727572543608883e-01 8.081214661558486778e-01 4.408757653265766296e-01 -2.473736437923926279e-01 2.753399838956517853e-01 -1.970226618436140276e-01 6.673384795967342020e-01 5.933599951323661470e-01 6.358152786208716156e-01 -2.811480797991633418e-01 -3.147374256065689768e-01 -1.183662560272649017e-01 5.934842946440598704e-02 5.444073836089694529e-01 3.540063202828865330e-01 5.131255800455225557e-01 -5.385533344601360906e-01 -1.262921325744971977e-02 3.906243821944282296e-02 6.875353910915417421e-02 1.030101748436866305e-01 3.394237127092164519e-01 9.848389228779168281e-02 -1.576040891969874014e-01 -6.551060327931277349e-01 6.530474926747291686e-01 6.062320341479564556e-01 1.963435259683647127e-01 2.178130848663471508e-01 -2.654768930594054166e-01 -4.043425714601003168e-02 -4.675357294856866824e-02 3.735636959859369166e-01 1.210853848876151384e-01 9.891303885440851096e-02 8.533484953566988773e-02 2.241785412840140712e-01 8.258413537340934807e-02 3.443649870315135808e-01 3.998186881777809343e-01 3.540696736990179283e-01 7.369681609978164794e-01 5.791714375698620021e-01 7.194621749713662195e-01 8.125691055249292249e-01 1.553754352333257538e-01 5.747521410921958562e-01 4.643283939553701778e-01 2.430536582142350521e-01 7.341276434283180441e-01 5.301386328055198716e-01 7.201048339781871421e-01 2.348113944527761843e-01 4.166452420299047721e-01 2.442330411999673878e-01 6.797797906163860482e-01 6.822240461645129317e-01 -1.335439615757458565e-01 -2.374658725638222057e-01 -1.958932012318580773e-01 -9.896687315581098945e-03 -8.550911035802080673e-02 -1.342843264111645285e-01 -6.367865308135046698e-01 4.507581243581869623e-01 5.191691663466263540e-01 4.546621609934898833e-01 3.654590570253103965e-01 1.681486897366754329e-01 -9.627130333588182487e-02 -1.145531045145031790e-01 1.355238528874406212e-01 2.074027474719601083e-01 1.505101816140635429e-01 -8.078833913186496407e-02 -7.130607468299464680e-01 1.934375572727018711e-01 1.885408167227837772e-01 2.864790471330282418e-01
-4.752411969498898658e-01 -1.685126981118836575e-01 -9.188177523410429037e-02 -7.148981929964817739e-02 1.402341461345989193e-01 -5.114411255732146527e-03 1.473048053156060739e-03 4.873397987991598401e-02 -3.768505461908724929e-02 -1.752134605221523089e-01 3.154472651533393734e-01 3.721458452102064385e-01 5.145716847586898623e-01 7.383679696970776307e-01 1.000000000000000000e+00 -3.690913915926271605e-01 3.600206619990373169e-01 3.364457621734380788e-01 4.853770854541979984e-01 5.326780272073139422e-01 7.827611405965303470e-01 1.437547984215840347e-01 7.141464234541896605e-01 3.965035372905872935e-01 -3.214966302518192931e-01 1.931332741160726452e-01 4.957096402416785730e-02 6.613572831138836428e-01 5.270600469527240151e-01 7.312596595628226837e-01 -2.909201037611560681e-01 -2.513749568000281376e-01 -1.766220470895610295e-02 -2.324095608163525076e-02 4.236135882641781092e-01 2.776783446191222748e-01 3.288702425309720789e-01 -5.670113485403334153e-01 -1.183219374327590251e-01 -8.702768782018553695e-02 1.540134273300266393e-02 -2.260188168617760854e-02 1.877389539365420523e-01 3.414291318101068257e-02 1.909366288337173770e-02 -4.403633557409643018e-01 4.798213392969476465e-01 6.610335909560549617e-01 4.885417749239488738e-02 1.275163541101247966e-01 -2.625556287870904337e-01 -2.136491542942081379e-01 -1.723858585371964292e-01 2.880639039935917189e-01 -6.334070059865128284e-03 -2.122397933807392348e-02 -6.700596735904021384e-02 8.585622364411632512e-02 -3.202292122634836646e-02 2.864911286898916831e-01 3.922318696917520553e-01 3.651584974241540160e-01 5.242131434580535876e-01 3.170946606911727028e-01 5.401498588342517060e-01 8.198772429842779985e-01 8.194470667625003424e-02 3.909840272785563009e-01 3.447756672327108585e-01 2.562265910376390066e-01 7.315617484014962368e-01 4.637183448312698353e-01 5.900297845378189576e-01 1.216317892603243356e-01 2.893134071837945576e-01 1.910607869213150345e-01 5.618511527072478362e-01 7.068451722352353528e-01 -1.449897456826578779e-01 -1.826807256540528279e-01 -5.012888081047386923e-02 3.740707610488121226e-02 -6.443135750587765387e-02 1.058391532922525052e-01 -3.651908515894949359e-01 3.679639482946139295e-01 3.506271544310271548e-01 5.253698563929043441e-01 3.784017236763729253e-01 1.948085148992510229e-01 -4.100369848964659919e-02 -2.508132006775651845e-01 6.339038584867823234e-02 5.287032263571524171e-02 1.496500574471243683e-01 -2.096746321431620583e-02 -4.864558439691567537e-01 2.847136788620290293e-01 6.272082341302383235e-02 2.072751065342056109e-01
