1.000000000000000000e+00 -2.969677511929866287e-02 2.124780383182848231e-01 2.177905656185044614e-02 -3.396198779133342005e-01 2.275266740080622851e-01 6.218856205005592747e-02 7.620101360192813034e-02 -1.321175598606487978e-01 -1.344636777137866307e-02 -6.543193558596907544e-02 -4.059965298559930352e-02 1.102436712531393581e-01 1.447130650826360942e-01 1.522699138544069963e-01 1.693223717224384972e-01 1.788546691250974263e-01 -1.840016993557781755e-02 1.223809212561630805e-01 6.197255872644655272e-02 2.955489127465866783e-01 6.720622339654880317e-02 -1.860359639640264962e-01 -1.395416035065265379e-03 2.415227102168363282e-01 1.900808981182073865e-01 4.135388794834127940e-02 -1.538305816642583125e-02 2.351022685884778807e-01 -1.211790651120465273e-01 1.012471080587901695e-01 1.492145242511216385e-01 6.827093263681836832e-02 2.541658086552887712e-03 3.760753803486263647e-02 -7.866940061139449103e-02 5.228123286059040836e-02 2.721432378989185330e-01 -1.592232097191195184e-01 7.076457669268442288e-03 -9.824341064159172743e-02 2.491109118687694357e-01 6.353201319049926743e-02 1.033525228645013894e-01 -6.216316760822462699e-03 -8.130138531314440309e-02 -1.262140345585185952e-01 -4.446739150862877299e-02 2.542107777739358032e-01 1.637417886309339710e-01 4.835913722179021601e-01 1.601322117476602358e-01 6.299813021147135372e-02 -3.995420328096542240e-01 -2.313573719705895038e-01 2.549977785456517543e-01 -9.532732275694512369e-02 -1.227313050002039052e-01 -2.090975198218641140e-01 7.197807866910350960e-02 -5.027015225056767622e-02 7.937033303819386598e-02 -8.916578524162616093e-02 -3.696700557869819770e-02 1.283795648361897301e-01 4.968956843784100297e-02 -1.561705257212514797e-01 1.441947064413277302e-01 1.294405111069183434e-01 -5.801705540265424815e-02 1.637286668847666160e-01 -3.332645500839174352e-02 -1.679174756295321036e-01 -1.422002963563164801e-01 -1.127579191311521428e-01 2.605702066156668217e-01 1.070624006109155424e-01 -1.265349162471326172e-01 -6.464112830957423339e-02 -2.989081464423576709e-02 7.065665267525220172e-02 -2.785723053101667873e-02 7.809222588835036671e-02 6.596761862930192177e-02 3.576973154855341702e-02 -1.613720522721509287e-01 4.554417907460056592e-02 6.137600165495709498e-02 1.793284590103224468e-02 3.669271259610298180e-02 9.494570712562286352e-02 2.408393896576317694e-01 -1.020974705329770194e-01 2.409935862145619889e-01 3.191390092246139398e-02 8.993495074594880234e-02 -8.294754639680017305e-02 -5.652192117139888394e-02 1.941536022263616601e-01 1.877815535441930694e-01
-2.969677511929866287e-02 1.000000000000000000e+00 3.092871115566840912e-01 6.706877827243430401e-01 1.349159550414709419e-01 4.392344165128215239e-01 3.753525056276886818e-01 6.558792980922164562e-01 4.765432022768241183e-01 2.119139419504065605e-02 -5.645177257313622327e-02 7.943054177980826691e-02 -5.444922578912104322e-02 -1.455248246992442429e-01 -1.704983115230682689e-01 4.757190540493691500e-01 -1.583207138862834928e-01 3.477459348446100273e-01 -1.962264131335404171e-01 -6.023687736365541945e-02 7.574805774779660994e-03 -3.079361221905336232e-01 -2.733641000397413201e-01 -1.039916302806698639e-01 -3.932981295625326973e-02 -2.564633882263841341e-02 -1.522132459332434518e-01 -1.738504679857378610e-01 -2.666188757209195584e-02 -2.752678538244546225e-01 5.419739573738471469e-04 -1.540932617647266800e-01 -2.651012171993486974e-02 -2.144732815833721162e-01 -2.651972742173717701e-01 1.249242029165337636e-01 -1.433629745246092213e-01 1.406144153218907150e-02 -5.707858617916635596e-02 5.398388801019262523e-02 -1.821640068582872640e-01 -6.792093435827215031e-02 -3.888119681231432673e-02 1.318794431595487204e-01 -8.511002268074689681e-02 -1.876944842113549283e-01 -4.048871364109885573e-01 -2.378044827893496527e-01 2.728778663959861017e-01 6.786812897984835502e-02 2.255968559055697986e-01 6.591686847839194341e-01 4.381117856829603308e-01 1.647214575554211691e-01 3.804474113633339871e-01 2.676767034228922926e-01 4.686771273872170629e-01 6.175259971242427204e-01 -8.305072600231694357e-02 8.108782853706428262e-02 -5.838882646884686542e-03 -4.862462299660277182e-02 -2.871165894483965197e-01 -2.535129421673306682e-01 -1.504986414881934742e-01 -2.008853820649742494e-01 -9.975268981141588442e-02 -1.378439270379997750e-01 -2.204945503096987225e-01 1.440241545658646483e-01 -4.841947691353462591e-02 -3.167601332175331574e-01 -3.049436132707313840e-01 1.122093482435415485e-01 -1.876757182322202552e-02 6.599029259773685208e-02 -1.343420801745307258e-01 -1.052840397740617967e-01 3.970971600294578852e-02 -2.003470074732957018e-01 -2.639757399839102736e-01 -2.870866476339136719e-01 -8.562032130191378487e-02 -6.330659209150098698e-04 -1.779160189138522807e-01 -3.986197933811174154e-01 -6.431342357402823617e-02 -3.853148926643210070e-02 1.662435754631257367e-01 -1.141735000409258988e-01 -7.951033341489094353e-02 -2.618517981970438710e-02 1.830014756936725606e-01 6.411415023482074094e-02 1.019468732068043865e-01 1.411199034901568783e-01 -4.450241488283889629e-02 -2.628452579145099111e-01 2.301679719995423645e-01 1.960174633565288094e-01
2.124780383182848231e-01 3.092871115566840912e-01 1.000000000000000000e+00 2.823409978593804381e-01 9.576242259280674796e-02 3.341531197749215698e-01 1.750435083068106190e-01 3.099656246991362440e-01 3.215748624902928787e-01 9.772603419908641731e-02 1.004739583967001817e-02 1.512683197599506424e-01 1.140213729138038756e-01 -9.268129069273915721e-02 -1.262935032116329903e-01 1.057725297415222088e-01 2.643539281005006791e-01 2.982536889628726318e-01 1.894993125579027826e-01 1.030443761910064676e-01 4.370300255954127910e-02 -4.709839259153408147e-02 -6.462868705480737108e-02 1.351896811351877004e-01 8.287609686023389433e-02 -4.934754496726994483e-02 -4.577763924837359444e-02 -1.227609608767195465e-01 3.834071868522437310e-02 -4.682711316382681677e-02 -3.066877415761262021e-02 9.944686262352137041e-02 -4.801816073760607068e-02 -5.454740867769796581e-02 -8.694730031684903826e-02 -1.181416483368027265e-01 -7.601514196675364377e-02 5.142369747876925079e-02 -2.246223379805008247e-01 -5.951269082098807617e-02 -1.474106294492117386e-01 2.256697887174497208e-01 6.544731455170470225e-02 -2.254418928366296385e-02 -1.017728001075846461e-01 -7.933200401035674088e-02 -3.948125071647056589e-02 3.057140262238617831e-02 1.926506416502300756e-01 -3.627951523883993223e-02 2.695355380811842450e-01 3.549931114081158467e-01 2.179041334715535738e-01 -5.650210670425084153e-02 2.564355324346545562e-01 3.500193503371001325e-01 2.358564723399927676e-01 3.721264941587173469e-01 2.634996064742874122e-02 1.400558253217143723e-01 9.461443519256951262e-02 1.816428668720694861e-01 -4.712422047026415539e-02 -1.165480384849622714e-01 7.044926206243133648e-03 -1.206702389084408078e-01 -1.948255062339951660e-01 2.129242078715107289e-01 5.134608525250506858e-03 8.122795322188941514e-02 1.047321988803829318e-01 -5.904550867469617048e-02 2.107341522418701082e-02 4.405332520870951230e-02 1.196832950570526910e-01 3.694583374622113781e-02 5.446496342078154668e-02 -3.155575430374856633e-02 -8.687401789004169095e-02 7.309866164580038073e-02 -1.033269781815753935e-01 -2.401351266140755170e-01 -1.249914046320357575e-01 -5.992079628293896926e-02 -8.356087010946751381e-02 -1.679665638261108596e-01 -1.396908542459302516e-01 -1.758351456247984057e-01 -9.960100815593898871e-02 -1.836261734981115834e-01 -1.926438651803597246e-01 1.059428343221827801e-01 -8.623654492211725586e-02 2.527882564508348792e-02 -4.435190352737369140e-02 -6.569600462005018016e-02 -5.489548865168602382e-02 4.311091370897412317e-02 1.572723221461924115e-01 -4.138631958705210612e-02
2.177905656185044614e-02 6.706877827243430401e-01 2.823409978593804381e-01 1.000000000000000000e+00 -2.210551994905607734e-02 3.209172269476591177e-01 3.211241381823566887e-01 6.222604043367467863e-01 3.675985487014259423e-01 -9.170566530181516185e-02 -1.537387714981351683e-01 -2.720014497130657585e-02 -1.833835227487102745e-02 -4.965511884132649961e-02 -3.252418167172989316e-02 3.804562908169710211e-01 -8.556318814000538064e-02 3.402033445155665525e-01 -1.498240527067442318e-01 1.803753878796400837e-03 1.469900476604152906e-01 -2.439370517868317545e-01 -1.425509000802883397e-01 -1.146686728234174585e-01 -1.030081979412351134e-01 -2.651955979796782230e-04 6.596199032692155739e-02 -1.285213419606683338e-01 -1.143687231176948593e-02 -1.225168719835668524e-01 4.693581375597077193e-02 -1.737848316018054395e-01 -4.224406975014360910e-03 -1.741690785521085028e-01 -1.766262398783985110e-01 7.304579813229215846e-02 -2.255543182082129783e-01 -5.041155968170358409e-02 -1.601403471840553705e-01 -6.841311088487095349e-03 -2.492881566727990217e-01 -5.696769838653006207e-02 -6.654310825649131789e-02 1.281963413558857567e-01 -7.574106550208578592e-02 -3.704675143013740068e-02 -2.805263380554874897e-01 -9.496386195468260738e-02 1.958277992389408917e-01 2.479215790386600504e-02 2.239826529240254160e-01 5.881549386738146312e-01 4.742786323494534440e-01 3.438416886573344988e-01 1.962828019222753184e-01 2.601387427477120928e-01 5.330486972688969205e-01 4.926778406233816576e-01 -2.259669316580226461e-01 -6.326783507483091373e-02 -1.028525859067969950e-01 -6.466408348481207657e-02 -2.441379669001021990e-01 -1.903305048908530139e-01 -6.913442299491665000e-02 -7.497329589061531296e-02 -8.850872908235335457e-02 -1.156716618253727374e-01 -1.873302675956138863e-01 1.172522167258085168e-01 8.292778099885771137e-02 -2.636226960157071475e-01 -1.583603100765756111e-01 -2.365737198232233107e-02 -1.075671025896115240e-01 1.415589331483544343e-02 -1.548283812820991645e-01 -3.519419802895222549e-02 7.708769256050861107e-02 -1.876860130413955108e-01 -2.235015471747798799e-01 -2.962683174923728124e-01 -7.990725243412742651e-02 4.488623971003951468e-02 7.600840675100686492e-03 -3.101691206641988829e-01 -1.218951032090690861e-01 -3.751649556422187448e-02 8.117990044827561036e-02 -1.844986409289984808e-01 -1.558570429624029086e-01 -2.085262048323022754e-01 5.048212264124783688e-02 2.317673501976448818e-03 6.588670992415932015e-02 1.341947840569045480e-01 3.165828969773176738e-02 -8.771587240118534912e-02 1.264060190585873933e-01 1.506667806879582738e-01
-3.396198779133342005e-01 1.349159550414709419e-01 9.576242259280674796e-02 -2.210551994905607734e-02 1.000000000000000000e+00 -9.269282926905848818e-02 -1.265322642169263434e-01 -6.780133459482337588e-02 1.149990615622162454e-01 9.066220274021134784e-02 5.392338227908072268e-02 4.100062615824012248e-03 -2.428255538012298875e-01 -2.467581950668601698e-01 -2.536127712120086475e-01 5.417483098760454002e-02 -1.015191926247551030e-01 7.154799197404405897e-02 -8.435408824501638980e-02 5.658233323958125616e-02 -3.203584712092330533e-01 5.568348180330128308e-03 1.929666743841700061e-01 5.213781659878911900e-02 -2.252222864369834987e-01 -2.322016365697421592e-01 -2.582074589984336144e-01 -1.120804996864551428e-01 -1.530663194205901523e-01 1.031306910325388709e-01 -1.765488632528670054e-01 -8.309773139952757182e-03 4.999490829860998853e-02 1.482519055658545193e-01 -1.087760538462794330e-01 1.153531027654318142e-01 1.410031552727195603e-01 -2.467460148652774743e-01 -5.530656301524868729e-02 -6.027158556204736256e-02 2.884167882501427749e-01 -2.306364327851879170e-01 -1.628885867054777059e-01 -2.647242195788649943e-01 -2.594692202891188959e-01 -1.905988923795670642e-01 1.076378327916481803e-01 9.926600965462213655e-02 -1.558520294792281602e-01 -8.860941368188120226e-02 -2.018034202764799889e-01 -1.208674475348269217e-01 -4.187033010087405638e-02 2.315105792484098979e-01 5.362993445681191185e-01 -3.423080075976679959e-01 -1.003194617012987816e-01 1.122843862302998347e-01 1.820002348285406635e-01 5.340421947805084474e-02 -6.483682598356918514e-02 -2.185267925215287899e-01 -1.039334963580826193e-01 -1.441433667029820287e-01 -2.635334708238442070e-01 -1.542329028190663198e-01 -2.093663767806273890e-02 -2.237157315126815371e-01 -1.410445418605991708e-01 3.389750334593073094e-02 -1.669166271486435815e-01 -1.513986605176355638e-01 2.338311343955114252e-01 3.812114744017351675e-02 8.471275752189227903e-03 -2.733333939327080020e-01 -5.806321942982432122e-02 4.955642813618066356e-02 -1.039728629412890876e-01 -4.021804879069094951e-02 -2.112498990135556476e-01 4.526535190506457418e-02 -2.384532064767066195e-01 -2.276807054170894018e-01 -2.584351006332066825e-01 8.482723099714289949e-02 5.154305213599424257e-02 -1.370778490103325975e-01 9.236549328384646707e-02 -9.867046040116868311e-02 -1.525013908193118828e-01 -6.932951882338737881e-02 -1.538849767160283821e-01 -3.305247456284126639e-01 -1.733719346611262702e-01 -2.911259706015391080e-01 -1.948153877615783625e-01 -2.282628538944985255e-02 -7.290902396977710920e-02 -1.879917453940255501e-01
2.275266740080622851e-01 4.392344165128215239e-01 3.341531197749215698e-01 3.209172269476591177e-01 -9.269282926905848818e-02 1.000000000000000000e+00 3.274524034725552757e-01 4.092265936121563530e-01 4.700299676749422062e-01 2.522012559051352298e-02 4.581874050445226831e-02 2.132113419972658241e-01 1.481713323829063900e-01 2.228813720739513879e-02 1.520915009175266954e-03 3.227521656142968709e-01 -3.968002938978611865e-02 2.261788894769411196e-01 -3.679371728629717703e-02 -9.253202527479376105e-02 1.525971779080436130e-01 -2.260528447148784925e-01 -2.066536911669686616e-01 -6.521123036485046431e-02 1.648354770912121292e-01 2.035393350038499916e-01 -1.189200440244535945e-02 -5.067725472107763307e-02 3.408617001214584580e-02 -1.280012619537131691e-01 1.017085378477241078e-02 -1.274223291028526994e-01 2.470959343687567644e-02 -1.768169656700968040e-01 -1.484151841732545829e-01 -4.921360850696664124e-02 -2.170892268064671671e-01 1.117828151750689808e-01 -3.909807819861042810e-02 1.816256326479357419e-01 -2.121860344488282757e-01 8.829375102400023601e-02 1.083689774985277937e-01 1.778657332642700761e-01 9.144154941429874853e-03 -1.263708810812304295e-01 -3.413743961740086097e-01 -1.818338131640575839e-01 4.088234440769709099e-01 1.376366342087868011e-01 2.640801797165857612e-01 4.148492731605979977e-01 2.418325458768977032e-01 -5.515583549168072246e-03 2.947724031611230200e-01 5.643130447699565844e-01 2.198659927314878249e-01 4.707246984176288729e-01 -8.053298150435797553e-02 1.810317202649415480e-01 1.459196473546173212e-01 1.797134256256540941e-01 -1.337641155130475934e-01 -7.615889084701031597e-02 -2.759285901501927485e-02 -2.550267549667727118e-02 -1.479597878786824416e-01 6.342953249046155706e-02 -3.140096164110973281e-02 6.956221395248640693e-02 3.069947078212744915e-02 -2.026691599920155684e-01 -3.315181840303996208e-01 1.054990524423125714e-01 1.480691150605078533e-02 2.758730609158964175e-01 -1.621605094547514392e-01 -5.486395654188156584e-02 5.345007766590758463e-02 -1.885376470564939788e-01 -1.845179673518068664e-01 -2.505846108828918561e-01 -6.384524204629583605e-04 -2.212735212063761045e-02 -2.738448850197105003e-02 -3.874533981666384297e-01 -1.256646617441367630e-01 5.831840771457922484e-02 5.534377436389461072e-03 -1.276275195180615885e-01 2.068873915474813677e-04 1.316254308835409503e-01 1.583318071855933928e-01 1.843943273478348965e-01 1.186696063349446523e-01 1.512701077270006134e-01 -9.204218772397294857e-02 -1.867974563088141138e-01 3.275464825081887410e-01 1.827226753118784408e-01
6.218856205005592747e-02 3.753525056276886818e-01 1.750435083068106190e-01 3.211241381823566887e-01 -1.265322642169263434e-01 3.274524034725552757e-01 1.000000000000000000e+00 4.379894422777672602e-01 4.006927292136569507e-01 5.851703160212814309e-02 1.042650988286254465e-01 1.691356929702795553e-01 -5.135423812061173238e-02 -1.105099097260778540e-01 -1.196801174600706646e-01 4.864885445285818122e-01 -7.959517972383901852e-02 3.083417813452444256e-01 -1.650816691341243092e-01 1.145369869443682992e-01 5.062256485922900229e-02 -1.866556960083647354e-01 -2.421665819263991992e-01 1.652771500361223944e-01 9.480898980658411523e-02 3.502361625321706584e-02 -1.612774860780023106e-02 -5.209765365626790184e-02 -2.079332091838430319e-02 -2.614238615511877417e-01 6.667983311944113145e-02 -1.152358999816900376e-01 4.815119307318994901e-02 -6.953709289345674782e-02 -8.284458397166366561e-02 2.449553115931104585e-01 -2.087697078762461855e-01 7.910370250840469131e-02 1.568012845661507504e-01 3.837544711572439815e-01 1.038557662369772316e-01 -1.242207274701126324e-01 1.038832969659645236e-02 3.276978974009849693e-02 -1.000956774266392388e-02 -1.408279093768301238e-01 -2.796814264816299689e-01 -1.499841127142624575e-01 3.226537980391495641e-01 1.741050968067229532e-01 2.111284029775127857e-01 4.202885054221454086e-01 4.588136652870198895e-01 9.677889431950877086e-02 2.487827511355935328e-01 2.739353532795584800e-01 3.890339736618609878e-01 3.742675919449078292e-01 -3.404843060433131174e-02 6.120436461483478446e-02 5.637314071113571495e-02 -5.174029647923829994e-02 -2.434603978437965000e-01 -1.581064152637973452e-01 -6.328203050427828880e-02 -1.513643350547670408e-01 3.352314238340050601e-01 -1.213443381701243828e-01 -1.146686130070947995e-01 1.839606315974971484e-01 -3.176897485704372696e-03 -1.754277474948709448e-01 -3.271572237106112890e-01 2.682244255326727833e-01 1.257835921038828464e-01 6.524266876749543198e-02 -6.098702987307959289e-02 -1.589815763600770926e-01 9.767241884015707976e-02 -1.608231684238791148e-01 -9.735539303380001674e-02 -7.720580630015080881e-02 -7.001231464177307129e-02 6.665131360191824117e-02 -6.012969059771250402e-02 -3.088088061509581261e-01 -8.132371041584650351e-02 -7.337799023596788903e-04 2.383061762975282882e-01 1.043554413589780835e-02 -2.039146190726994021e-03 -2.374548389692525754e-02 2.530269671119801389e-01 -7.103299898519185862e-02 4.070771488194083187e-02 -8.346566381892730688e-03 -8.021920119239674130e-02 -1.715575941412209038e-01 3.329201665712922531e-01 1.993877322683744180e-01
7.620101360192813034e-02 6.558792980922164562e-01 3.099656246991362440e-01 6.222604043367467863e-01 -6.780133459482337588e-02 4.092265936121563530e-01 4.379894422777672602e-01 1.000000000000000000e+00 5.359055870675315525e-01 1.110826268509609166e-01 -2.100783486886691545e-02 1.478372977103513675e-01 3.372465709975303733e-02 -1.326415867275009264e-01 -1.419947141783097222e-01 5.069439186874030723e-01 -1.641032378542555542e-02 5.320341325666226862e-01 -1.305513542675113547e-01 6.235012763170708766e-03 7.860741915621467790e-02 -3.019387392178277119e-01 -3.541848838236789088e-01 -5.621153704075119301e-02 7.745607243795331331e-02 4.167119062347503233e-02 -2.176554341572890100e-02 -1.611604556410481670e-01 -2.480866620664195360e-02 -3.027867359083397658e-01 2.250380941670017745e-03 -1.581069646592957456e-01 -1.058381232761569923e-01 -2.160823941897955514e-01 -2.192325709659982691e-01 7.859741159677076372e-02 -2.617980290977194868e-01 1.262116352851343493e-01 -1.698176280038161609e-02 7.284888926230523309e-02 -2.693610080203140411e-01 4.865477128878616803e-02 9.248257224295160228e-02 1.656610184233355265e-01 1.951794154756965891e-03 -9.330261107489751238e-02 -3.760773454045305275e-01 -2.069212933103783125e-01 3.164221137542847506e-01 1.026535687597674995e-01 3.777907254970029882e-01 7.298690462357324549e-01 5.228158317339670624e-01 1.511294167840199036e-02 2.655973661240674244e-01 3.408885788002160577e-01 6.395198553123594420e-01 6.785621001499849703e-01 -4.916160241716395485e-02 1.029860864237690660e-01 5.999391040482218024e-02 1.160315245070683426e-01 -2.507841890179650646e-01 -2.029559576587026404e-01 -9.052872527615020426e-02 -1.830528962108322610e-01 -1.645249836499904916e-01 7.252870688837661194e-03 -1.317823927135372553e-01 2.737504780470967902e-01 7.535896451188250911e-02 -2.956480315031840833e-01 -3.321868653708813790e-01 1.418821063738021360e-01 6.977964347845702631e-02 9.030056064981629993e-02 -1.453784899427863486e-01 -1.627456289282851187e-01 4.153008713510245031e-02 -2.124969809587478609e-01 -2.282746368292353778e-01 -3.263466509992124509e-01 -6.561987305395641790e-02 5.600243500440129502e-02 -1.266866714430990581e-01 -4.490498699523590709e-01 -2.146854343313712166e-01 -5.034886517552547569e-02 8.721454539990858290e-02 -1.581174708398019324e-01 -9.895325085945670673e-02 6.279252565440392175e-02 2.182240734847557539e-01 1.949894440034739551e-01 1.209425486478175465e-01 1.174794690318993057e-01 -1.039328579900633716e-02 -2.233964233832545776e-01 2.179747418365207690e-01 1.590164496605339373e-01
-1.321175598606487978e-01 4.765432022768241183e-01 3.215748624902928787e-01 3.675985487014259423e-01 1.149990615622162454e-01 4.700299676749422062e-01 4.006927292136569507e-01 5.359055870675315525e-01 1.000000000000000000e+00 1.411758994876484707e-01 7.097941718284830025e-03 1.697168049035773507e-01 -8.838968084491198585e-02 -2.249097792844045318e-01 -2.381411479508260820e-01 2.938638287510936808e-01 -9.050747365721877047e-02 3.797126265671456058e-01 -1.306391886190922669e-01 -5.901118261424361661e-02 -5.711689164849958339e-02 -2.768343024132857155e-01 -2.487348289575104232e-01 -1.223205822664497761e-01 3.287838672385749034e-02 -4.946527842462232483e-02 -9.876196067102173404e-02 -1.767377000404289633e-01 -1.816862227476743752e-01 -1.649398580726573194e-01 1.663059705881292372e-02 -1.137539393131981325e-01 3.751587291115497658e-02 -1.329407903095963517e-01 -1.591183710890460290e-01 1.433071502192133917e-01 -1.982314045330580976e-01 1.085257549141385308e-01 1.771942432016436753e-01 2.162978774404117621e-01 -5.057029749036422162e-02 -2.649939111593811736e-02 9.968308457204008710e-02 9.505983874025247804e-02 -1.752923431464985249e-02 -8.123546883135759900e-02 -2.780022464897985435e-01 -1.682963801502077583e-01 3.095375636901018246e-01 9.504252347780917098e-02 1.265263802614517985e-01 4.080451510832092121e-01 3.299825207698929286e-01 1.511548477175201355e-01 3.775805692851800233e-01 3.927487748466276796e-01 4.240531825676390754e-01 6.666726384370474934e-01 8.453604538500619769e-02 5.671792498552088307e-02 2.852334328624267501e-02 -1.094053665167547991e-02 -2.602639314572522400e-01 -1.293677484035084257e-01 -2.048930623136150098e-01 -2.137710496405463012e-01 -2.063926081996209777e-02 -2.971590324981765105e-02 -2.121631693727066836e-01 2.068919404726481948e-01 -7.205970935105579511e-02 -3.469162471641564216e-01 -2.758838563956290679e-01 1.567997756035781343e-01 3.164147290341251528e-02 -3.382184333679643523e-02 -2.755670604688920666e-01 -1.348992053144850711e-01 6.012684085633625969e-02 -1.019292216233542436e-01 -3.404260521963744512e-01 -2.408682869395172010e-01 -1.430544494126383681e-01 -1.170687147439770370e-01 -2.171946008341784362e-01 -3.848225828609234678e-01 -2.138501723725771964e-01 -1.574400654506546982e-01 9.181171768407265024e-03 -1.791807912866509311e-01 -1.332200882373429929e-01 3.285184009639387920e-02 2.331239601365195369e-01 -1.352650787876189496e-02 3.559880263480529050e-02 8.049858004083792345e-03 -4.928313258498071003e-02 -1.857624389508381046e-01 1.988338828313453988e-01 3.022654795006204931e-02
-1.344636777137866307e-02 2.119139419504065605e-02 9.772603419908641731e-02 -9.170566530181516185e-02 9.066220274021134784e-02 2.522012559051352298e-02 5.851703160212814309e-02 1.110826268509609166e-01 1.411758994876484707e-01 1.000000000000000000e+00 4.048413447010204003e-01 2.922758107397211425e-01 2.675003399256991113e-02 -2.946203444422557799e-02 -1.064688846010004436e-01 4.160591348553395290e-03 6.767647875320607909e-02 1.020280990531174242e-01 2.935441319738860827e-02 2.255074203980933847e-02 -9.866345811641626107e-02 -1.386195736020987002e-01 -8.543484200076922885e-02 2.245069803482242499e-01 3.824386586226453666e-01 -2.013788416307821932e-02 -1.060420095726354456e-01 -3.280249146793613041e-02 1.505148698054795380e-03 -1.758695797883998435e-01 -6.337693314975637038e-02 2.141906766143213958e-01 -1.541991035193146786e-01 -2.023711879204801445e-01 -2.200314929426578081e-01 -6.335860214377472821e-02 -1.580874121562375334e-01 2.615232831614460740e-01 1.183466990481918391e-01 -3.181946994211812957e-02 -1.014138110663802272e-01 9.582158184892770880e-02 -4.139846124083026296e-02 -5.740639785050237476e-02 -1.033308052169042146e-01 -1.075259017988993704e-01 -1.043871253919072678e-01 -6.060754692903565482e-04 -3.965490461882825030e-02 -3.172622126480270643e-02 9.196177241599286234e-02 6.596233192269490564e-02 -1.778834955223046466e-02 -1.303327659908029845e-01 2.250449199150641177e-01 5.505438603949865117e-02 6.649642110904656345e-02 1.350649423349243594e-01 6.884836240633994686e-01 3.615639853091917599e-01 1.855572138045250563e-01 1.036982775550421426e-01 -9.443836152444169685e-02 -5.153561441238316276e-02 -9.378036328330556504e-02 -9.333551695314221130e-02 -9.749796626304205183e-02 9.081272143874313113e-03 -1.484192520351395039e-01 -6.494144524750219971e-02 -5.059108350672210375e-02 -8.978751740240975554e-02 -7.001391674810534746e-03 2.615739763564765008e-01 3.380461101538050905e-01 7.412723309245605741e-02 -1.569513058515113052e-02 3.931354974685680875e-02 5.465002225376942857e-02 1.623195997468025453e-01 -1.831728710399283255e-01 -2.201972296870566281e-01 -1.499284541794507764e-01 -1.444083115925917093e-01 -1.058451259281164569e-01 -1.512854176804457329e-01 -1.009078757097442991e-01 5.495718792450535184e-02 2.788191492794975246e-02 -4.573348308562519282e-02 1.188460557045457194e-02 3.956982203471153814e-01 2.958369009906188785e-01 1.262706374144165755e-01 1.795306103488083713e-02 -4.783569665022532891e-02 -3.868204181112425057e-03 2.387992896581816668e-02 -1.105224939756510594e-01 2.962120292594377924e-02
-6.543193558596907544e-02 -5.645177257313622327e-02 1.004739583967001817e-02 -1.537387714981351683e-01 5.392338227908072268e-02 4.581874050445226831e-02 1.042650988286254465e-01 -2.100783486886691545e-02 7.097941718284830025e-03 4.048413447010204003e-01 1.000000000000000000e+00 5.428756122473531454e-01 2.620347489020374843e-01 1.538045614478907308e-01 8.816907718641385505e-02 2.865532413886729898e-02 5.963007837945497741e-02 7.727079413691491372e-02 7.598770015180292270e-02 8.530056853186690491e-02 -5.073031661320204916e-02 8.109835712343440445e-03 1.041099428178584307e-01 4.783440314887974498e-01 3.865058604419758792e-01 2.183574545210154871e-01 -2.972693024586470223e-02 1.361821983489374666e-01 1.226002783594817708e-01 -1.126731754437992200e-02 -1.428829491522594919e-01 1.675070567213065020e-01 -2.670951254278812748e-01 -3.409689264155443822e-02 -7.960554781890712139e-02 1.063352486307984346e-01 4.029318025178545842e-02 3.163932755772900368e-02 1.257576707701663632e-01 7.784179933318161049e-02 2.642137522234724867e-02 1.016783766409138090e-01 -1.337263803282263269e-02 -1.189585557921113840e-01 -1.069661077477905425e-01 -3.144573819050160840e-02 -1.966726687660327530e-02 7.789121417289396332e-02 1.577465878008812300e-02 7.518693166329709632e-02 -5.147578114857461092e-03 -7.343251330267103888e-04 -9.869906118080030988e-02 -1.279143934298279384e-01 1.889017408532538966e-01 -4.979996235144283634e-02 -3.386558855107083682e-02 7.081907168381516848e-02 4.649881672436921298e-01 5.441061786876860706e-01 5.255748056555930026e-01 3.034836810261080653e-01 2.169959806040660799e-01 1.756222768161755099e-01 1.184222694401431686e-01 1.098218509128410514e-01 2.912684969490135500e-02 8.838949863973773191e-02 4.320686407664291878e-02 -1.514728157267863362e-01 -2.607358066202174890e-02 1.074635628173355173e-01 6.698270608591046227e-02 1.899796761536681478e-01 5.150914474900070150e-01 2.810029227966722720e-01 1.999523138626618235e-01 1.978926149236598930e-01 -8.999421907404861476e-02 3.732687574364862426e-02 7.444087636571754263e-02 -1.843221392398684544e-01 -2.283146951944144964e-01 -7.311569550260936523e-02 -7.961488180202734577e-02 -5.997293455236095416e-02 6.825676421365257929e-02 8.077527302514002361e-02 1.049010942533534219e-01 -7.580237322217213414e-02 -1.152862706980031793e-01 1.459802733539008746e-01 1.574787654886160015e-01 3.934208415127166125e-02 -2.863014128253750165e-03 -1.187249530066642050e-01 -2.501344009322408607e-02 -2.494894301812002058e-02 3.067921653946843394e-02 4.968510395765195903e-02
-4.059965298559930352e-02 7.943054177980826691e-02 1.512683197599506424e-01 -2.720014497130657585e-02 4.100062615824012248e-03 2.132113419972658241e-01 1.691356929702795553e-01 1.478372977103513675e-01 1.697168049035773507e-01 2.922758107397211425e-01 5.428756122473531454e-01 1.000000000000000000e+00 4.040452011568745339e-01 1.022620971008346841e-01 4.320782752909285707e-02 1.456458422171296729e-01 2.922805065644901168e-01 3.249924745982113450e-01 2.319997498533244995e-01 1.908467973416310415e-01 4.944778282662128099e-02 4.782660292728699997e-02 1.606105477400927850e-01 5.478970335036833506e-01 4.224496211896368592e-01 3.410586015366776635e-01 5.684837102047236163e-02 6.673813357317529005e-02 1.114318649944464196e-01 5.386281748491673210e-02 -9.331257222124507422e-02 5.003842107755818690e-03 -1.584963572770145546e-01 8.360507486767343455e-02 -7.494996537245221524e-02 4.071549066641116932e-02 -1.703263916298608238e-01 3.354189597697881942e-02 -2.545956684628799052e-02 9.128961604323289347e-02 -1.136478869115351426e-01 2.044916924260028190e-01 9.979595837706757566e-02 -1.208872322614477357e-01 -1.259292977994206642e-01 -1.432129460391055042e-01 -1.310160745696851148e-01 -2.613164026884224819e-02 1.301495106864204443e-01 -3.905765072367441137e-02 1.322599053223335874e-01 1.744157518603469126e-01 8.697518513177199262e-02 -1.281313778149393845e-01 1.862829349801121970e-01 1.736731326221122862e-01 1.268123528361908559e-01 2.370613100468581536e-01 3.455406009929230526e-01 5.249698369453120739e-01 6.798037037588867681e-01 4.289534176183816272e-01 2.022476041321006890e-01 1.027725117785436570e-01 5.694975449656948518e-02 5.262906253941299767e-02 -8.250265576694733316e-02 2.837168808751644455e-01 1.646037645809329819e-01 1.028370925983159850e-01 1.249182828177219234e-01 1.033042248381100953e-01 6.573612225905496598e-02 1.969025363399808382e-01 6.401028858103412489e-01 3.814494084004653729e-01 1.702086050593674960e-01 2.455499337757598710e-01 1.000205141200978358e-02 5.654157875608255973e-03 1.228368782781989327e-01 -1.924116782379506896e-01 -1.936300241837225211e-01 3.670835889382609296e-02 -8.225179446462947339e-03 -1.746241698601346815e-01 -1.160992333519229314e-01 -3.075844888933414178e-02 2.878063270457151615e-02 -1.825730839407367911e-01 -1.298159479906561831e-01 1.801822732415717110e-01 2.260257219928502037e-01 1.523832519005525188e-01 7.712456757896138382e-02 -1.247345824345714033e-01 -1.227023662551300770e-01 -1.408983288472872297e-01 1.691877297994307250e-01 -4.587470924754553925e-02
1.102436712531393581e-01 -5.444922578912104322e-02 1.140213729138038756e-01 -1.833835227487102745e-02 -2.428255538012298875e-01 1.481713323829063900e-01 -5.135423812061173238e-02 3.372465709975303733e-02 -8.838968084491198585e-02 2.675003399256991113e-02 2.620347489020374843e-01 4.040452011568745339e-01 1.000000000000000000e+00 3.714765662036303984e-01 3.585240235218661309e-01 -5.734004211392874570e-03 4.568816592738277338e-01 1.320720276023603090e-01 4.116934545195716777e-01 2.726116900715469527e-01 3.575195399172363397e-01 2.109835612143416972e-01 2.004011043531635228e-01 3.134281432120866184e-01 1.828066883640168394e-01 3.994077092760704994e-01 2.367827120017613196e-01 2.154480220790848666e-01 4.164081284328412513e-01 2.349721449448525790e-01 4.354197172304020633e-03 -1.304891923295936340e-01 -1.696829308904635458e-01 7.357327916647446453e-02 1.042061926349568263e-01 -9.315901146249323111e-03 -5.207099273397367695e-02 -1.167050891072453356e-01 -1.154138839293247648e-01 -1.031256870338263382e-01 -1.628500994185680673e-01 2.387879485237575095e-01 2.313502304309694446e-01 9.930388804940093461e-02 8.755379082767002219e-02 1.097362098979417777e-01 8.266582705706317091e-02 7.241927981756478283e-02 1.854818899783576558e-01 9.872489544582210841e-02 8.319151488308018649e-02 1.365803995261053727e-01 -4.014971029305983846e-02 -1.815758555391840390e-01 -1.336015003943908375e-01 1.742128530678263010e-01 -5.784860497817335273e-02 3.315748580017852803e-02 4.617051675372606245e-02 3.589400393327162875e-01 5.173090916127494054e-01 7.610278643047949654e-01 4.761639339480158162e-01 2.936040176507808686e-01 3.511002254499160369e-01 3.199723112977118644e-01 -2.127470997488815629e-01 4.874894734577574495e-01 3.705487652498777873e-01 1.125710279563293947e-02 4.020730660003971613e-01 2.123080808675344711e-01 1.595647985881502029e-01 -3.764786600957738955e-02 3.921252839396308643e-01 3.591459636186747906e-01 3.231825067221105741e-01 3.540025154977304855e-01 -4.305528289984899420e-02 -8.950656989177019351e-02 2.801134014357640756e-01 -1.630241024830668128e-01 3.222858974664783577e-02 1.240836361955470896e-01 1.381218117229522369e-01 -2.357370634670127515e-02 -6.911660130760052811e-02 6.783311075460864321e-03 -2.957375991420143485e-02 -1.572622003790679623e-01 -1.025593027584404959e-01 -1.035628266764840842e-02 -2.443751242998640823e-03 2.729864624854722588e-01 8.429428538647400215e-02 1.060783139090000493e-01 1.756275037850700549e-02 1.102202372574291461e-01 9.487264719982470285e-02 7.546707188807397215e-02
1.447130650826360942e-01 -1.455248246992442429e-01 -9.268129069273915721e-02 -4.965511884132649961e-02 -2.467581950668601698e-01 2.228813720739513879e-02 -1.105099097260778540e-01 -1.326415867275009264e-01 -2.249097792844045318e-01 -2.946203444422557799e-02 1.538045614478907308e-01 1.022620971008346841e-01 3.714765662036303984e-01 1.000000000000000000e+00 7.898131026636262542e-01 -2.292630057585415826e-01 2.957608001301699208e-01 -4.424736717281439746e-02 4.312407119428350866e-01 2.020190284451494345e-01 6.441806993321788077e-01 1.839561960795011164e-01 3.221002227523692696e-01 2.357782472818457375e-01 2.361162844653459658e-01 2.564622325963106797e-01 4.045063353779611987e-02 1.314935116950450011e-01 4.317178134156305913e-01 2.406078529081441542e-01 -1.290606921170456001e-01 -9.068146088589494613e-02 -2.552049095912101162e-01 4.859359464719224114e-02 8.244915863182690485e-02 -1.184551245444713102e-01 4.000877667937622478e-02 -1.078081838252949592e-01 -1.907994095499099818e-01 -9.327183714093943701e-02 -1.650518394212401874e-01 1.886614674457332552e-01 2.827157728738760936e-02 1.043706713580246082e-01 6.482038337098407210e-02 1.392454466196073881e-01 1.507654872477592889e-01 1.461977261917897508e-01 6.844013055436966309e-02 9.881872526929208478e-02 -1.069981253220315537e-01 -9.545363186213937090e-02 -2.282186687366241640e-01 -9.659528892960150825e-03 -2.736599813493080791e-01 1.229975167050151828e-02 -1.140330801034310920e-01 -1.797352063996071059e-01 -3.759931516498445092e-02 1.992525723122465786e-01 2.563019790996585723e-01 2.900494845879665884e-01 5.317538333284217433e-01 6.581332965857245032e-01 7.437047514654172575e-01 7.414552670143992330e-01 -1.457981398221596114e-01 4.186408409250538254e-01 5.175019491605856725e-01 -1.289572712938127363e-01 5.565272612629362792e-01 3.262119190020176807e-01 3.180366411886415556e-01 -6.671272499725369731e-02 1.365437628477131349e-01 3.038016172098602641e-01 3.304304980984463236e-01 1.938895205788877252e-01 -1.517011547226926327e-01 -1.570121764945383580e-01 3.621812103401222394e-01 -1.471582770310489452e-01 -1.711290750522564408e-01 -1.727335459985913490e-03 9.563320846983923429e-02 1.225668859481185841e-01 1.134879566663463679e-01 1.204366971801413763e-02 -6.764140306490297461e-02 -9.155726406272350626e-02 -1.520030258170999848e-01 -3.641963400499464987e-02 -8.190594349213987935e-02 1.549624474056880419e-01 7.838268303606352183e-02 6.782723180459170054e-02 3.989903957481293062e-02 1.997591451581515465e-01 1.998829705104043092e-02 1.425988720948050126e-01
1.522699138544069963e-01 -1.704983115230682689e-01 -1.262935032116329903e-01 -3.252418167172989316e-02 -2.536127712120086475e-01 1.520915009175266954e-03 -1.196801174600706646e-01 -1.419947141783097222e-01 -2.381411479508260820e-01 -1.064688846010004436e-01 8.816907718641385505e-02 4.320782752909285707e-02 3.585240235218661309e-01 7.898131026636262542e-01 1.000000000000000000e+00 -2.362111423414772204e-01 2.890133244127660594e-01 -4.819242055805004338e-02 4.491731627207735111e-01 2.470255201286103430e-01 6.794119332992422100e-01 1.954065615944005074e-01 3.763117865808983664e-01 1.664128054488053787e-01 1.578347832748600854e-01 2.904985113641067040e-01 1.159919040980998961e-01 2.376951224768824589e-01 4.961885500776997970e-01 3.356821340950034704e-01 -1.606947417984306015e-01 -1.971560389278131653e-01 -2.040776548911430732e-01 2.917872380991237691e-02 8.447098260310607898e-02 -8.853032434175937826e-02 1.155413564944075544e-01 -9.351702829550670448e-02 -1.593818569602975521e-01 -1.017411041198402616e-01 -1.515658130871051223e-01 1.529189784100533633e-01 9.214308493668388333e-02 1.758067071261947834e-01 1.483280702713947741e-01 2.335911971176152790e-01 2.479228733537672813e-01 1.800736438297263486e-01 9.107487525267470019e-02 1.630841616941133276e-01 -1.133854790723681366e-01 -1.097716031612333831e-01 -2.226996998436446829e-01 1.555625301322230598e-02 -3.137033117145971994e-01 -3.622637059811150556e-02 -1.427113908824269861e-01 -2.099770652270448734e-01 -1.046523196476761564e-01 1.679005327321641816e-01 2.085973364614278347e-01 2.698560967217452644e-01 5.527236791091040269e-01 6.526737989097697312e-01 7.573211059059294925e-01 8.227240794084521580e-01 -1.402278826161415526e-01 4.407235308439401145e-01 5.128685099905478939e-01 -1.376530389596091752e-01 5.803762759666489801e-01 3.505254147986807678e-01 3.597770009041961758e-01 -9.859855900457932532e-02 9.813570395949577918e-02 3.189215455415130296e-01 3.742707709084753254e-01 2.615333986777285125e-01 -2.170129315549683413e-01 -1.841589146034273983e-01 4.068358285522894469e-01 -1.269798632145515138e-01 -1.280340961373990227e-01 1.904116545096784865e-02 1.648504006224464913e-01 2.269619977120547472e-01 1.602788324638127482e-01 9.716732623160190263e-02 -3.280321987402399359e-02 -3.421780325601497807e-02 -1.069923963061007594e-01 -5.178595549322226321e-02 -6.756479759910298533e-02 1.733802604438409722e-01 1.174043297726800883e-01 1.327268353785537036e-01 9.279535116666100258e-02 2.636042871338261095e-01 5.781598546898153272e-03 1.602103477417287092e-01
