1.000000000000000000e+00 2.491568425151658231e-02 4.234148689338456117e-01 -1.855846810849099970e-01 1.274634729489938501e-01 3.607239462423806886e-01 -1.291409062120890683e-01 7.119478854834503101e-02 2.543061252406432771e-01 1.365581858906796398e-01 -5.856808933698405550e-02 -6.897420814652525933e-02 -9.517526277991977812e-02 -1.440994216576139408e-01 -8.792453030102735656e-02 -2.809235346924276663e-02 -2.405417670582878087e-01 -1.959873356782214915e-01 -1.667374888724188764e-01 1.211313852558856125e-01 -2.778926765901372775e-01 -3.203445824838529465e-01 -2.409242496341783002e-01 -1.790657462430778057e-01 2.141259507869066880e-01 -5.702129396436888403e-02 1.049049763872326180e-01 2.391739311747311802e-01 -5.125058907561593630e-02 -2.048266601440488777e-01 7.090992976279232585e-02 -1.277164949649056136e-01 -2.509859360065996303e-01 -3.119548051419318568e-01 -1.873421593246790973e-01 8.463917086065285422e-02 -2.338397098742357461e-01 -8.014892110055447938e-02 -2.571247186558294207e-01 -2.944227214421186178e-01 -3.230367971188088938e-01 4.157244327301765768e-02 -2.338142431306115543e-01 -9.478349228925155023e-02 -1.374877239247679350e-01 -2.451605820692322191e-01 -3.571591223363525525e-01 -5.868373624486679374e-02 2.206970645794930908e-01 -2.214222790459053070e-01 6.181798792378225826e-01 6.907772204720369347e-02 -2.523991580760168718e-01 -9.214238218393622226e-02 2.902286585353898718e-01 4.756974905224406469e-01 4.019660795280818183e-02 2.585976913299285473e-01 1.513075028516857046e-01 1.279752441480841614e-02 1.031752157528618430e-01 -1.181553533893777985e-01 1.336601754691019439e-01 1.524540098310763758e-01 -1.403188549506357852e-01 -3.865743859267822130e-02 9.405500627848459305e-02 -1.771735638458034334e-01 -3.356018061726268598e-01 -2.391731759765532150e-01 -1.440100565241302089e-01 -2.622361773443779298e-01 -8.799004068683553836e-02 1.327248114915131547e-02 -2.315683621848751705e-01 2.213881153090395126e-01 4.449607801383449052e-02 -4.119896972721582423e-02 7.603427409694873962e-02 -1.490618083625563917e-01 -2.486933304414424561e-01 -3.499133020301702368e-01 -1.202697557487713564e-01 -1.993772333832162791e-01 -1.622309664134372401e-02 -2.456457853492384491e-01 -2.539964098204516851e-01 -1.056087344457291334e-02 2.993892443992295788e-03 -1.395361043541439305e-01 -2.638507056836381093e-01 6.816277627621521173e-02 -6.098744886120083253e-02 3.687566754607930070e-02 -8.915062745318452775e-02 -2.231299224501159251e-01 -3.494356543853999741e-01 -6.461863947449383860e-02 4.270585076139592484e-01 -2.056813961746825903e-01
2.491568425151658231e-02 1.000000000000000000e+00 1.708914521407857157e-01 5.903326922879154059e-01 3.871751968712318637e-01 3.558927213788669330e-02 4.229779549810940703e-02 1.608052297378021189e-01 -1.183612881053633242e-01 -1.702866650009423888e-01 -2.427367579765252539e-02 -1.319742703269495832e-01 -1.108403541579929159e-02 -2.018810008780262955e-01 -2.187344134171393673e-01 3.321060724317976276e-01 -1.496920577610138525e-01 -6.489279616018991947e-02 -1.685704013511551413e-01 -2.962134511644508028e-01 -2.598038722070858397e-01 -8.775331324874198480e-02 -2.402262833530471597e-01 -1.432888989707120642e-01 9.139879946248510856e-02 -1.503940802555126521e-01 -3.057126266991927466e-01 -2.465403706676052298e-01 -2.435812248149792358e-01 -2.937174780318457246e-01 -1.132986716017286011e-01 5.287703711331133427e-02 1.924027465541005011e-01 -1.910999911381401281e-02 -1.009824851843800671e-02 -1.897264778735286983e-01 -2.601942366575171195e-01 1.381365483352166301e-01 3.678975335443277449e-03 -5.802524507070217635e-02 -1.603583916029707457e-01 -1.998578984031757211e-01 -3.383849530880570639e-02 -1.878834205703574234e-01 -5.816240330606248406e-03 -1.238313049659576642e-01 -1.087795125279293895e-01 -3.434631415815313227e-02 2.813041121662447110e-03 -8.254739957114136384e-02 1.780885504556767862e-01 6.981395090029012263e-01 2.058435337689025757e-01 4.733883480478534023e-01 2.254766452793473819e-01 -8.275347185304415820e-02 2.192212969092059427e-01 -1.105692631137389914e-01 -1.319476545635275000e-01 -1.243376640534648095e-02 -5.165839337796942349e-02 1.666232084250153511e-02 -1.732011109178170361e-01 4.443080941362677339e-02 -1.523409581425020920e-01 -2.476522152209003069e-01 -1.142081029989649166e-01 -8.252716341749855022e-02 -6.050703387364769065e-02 -7.348518388177742444e-02 -2.993899866322933812e-01 -3.471117454385135720e-02 -2.041144840694043006e-01 -2.332812221674030739e-01 1.002867835975058226e-03 -1.098486718003686552e-01 -3.436318967800655599e-01 -2.849361161488201954e-01 -2.899895455142982234e-02 3.211919578096762012e-02 -1.322680077163398138e-01 -1.098003748142064723e-01 -1.530839386762861652e-02 5.007785991195897596e-02 -1.875624581282028525e-01 -6.140715105966317033e-02 -2.931597266655564527e-01 -2.284081366361175869e-01 -2.135209166926079483e-01 -1.964478609608235338e-01 2.138481591901495935e-02 6.010495754807343612e-03 -1.206292599059123893e-01 -1.114231519335276976e-01 -1.215237243320773375e-01 -2.071832796270225707e-01 -1.832095803789992317e-01 -2.040877264614477937e-01 -3.119822262656955780e-02 -1.262070209030406176e-01
4.234148689338456117e-01 1.708914521407857157e-01 1.000000000000000000e+00 -2.368796296553677683e-01 1.161735957477136455e-01 7.560957041784474031e-01 -1.903483912996721539e-02 4.785024946418778291e-01 6.505140853959135994e-01 9.429806000554027956e-03 1.943913280242031139e-01 9.304617382779567514e-02 -2.498315180256743470e-02 1.055923219074299813e-01 -1.818745633571775683e-02 1.558489789024339878e-01 -2.129994689318456466e-02 6.982918633118791185e-02 1.257207425719597885e-02 5.584741730110018287e-02 -1.110184189925107340e-01 -1.353976007074802479e-01 -1.196448036262686837e-01 -9.132938396078055243e-02 2.550812480828126283e-01 1.297565508949379276e-01 7.544950257674280791e-02 5.020680902306111359e-02 3.533985468670328839e-02 -2.191410049100221136e-01 -1.295996004727708040e-01 -1.986599353441503291e-01 -2.426176179875711714e-01 -3.512973949024932041e-02 2.052776711667239629e-02 1.396527825936929312e-01 -1.510082444905071208e-01 -2.364085669833369541e-01 -3.108104154150883591e-01 -3.018367898123371917e-01 -2.414238574237873025e-01 7.717693807573097753e-02 -2.626773036566258657e-02 -2.692356883852977667e-01 -1.439172370517765032e-01 -2.401874903451900467e-01 -1.737604821341982575e-01 -1.930174111340605403e-01 3.491943157470424608e-01 -1.990874610232418185e-01 2.409366206244331343e-01 2.911031722858368753e-01 -1.682058737688698902e-01 -1.797968124461741257e-01 5.501591330199218088e-01 6.912774719754462005e-01 3.274720025460352013e-01 6.205478456148529887e-01 1.386469480957288058e-01 1.809634113728113558e-01 1.598617461897144654e-01 -6.396568761745463627e-02 1.423330945633425604e-01 2.218671718905866272e-02 -1.590886358973623294e-01 -3.929061306418331866e-03 -3.189679692303767217e-02 -7.390967278036170152e-02 -9.892415774816049057e-02 9.661447035523577226e-03 -1.009263688949203625e-01 -8.456945212379207710e-02 -1.592195095848237540e-01 -1.421228614593262607e-01 -6.485693083225081701e-02 1.739248908936122107e-01 7.454276647941908418e-02 -1.187519801255442903e-01 -2.106134909623321241e-02 -2.285007756416878588e-01 4.573257929648981771e-03 -1.170431365353865466e-01 -1.048975354189897458e-01 2.285025452761636072e-02 1.048408779004254832e-01 -2.373688669313476773e-01 -1.962761582079909639e-01 -9.502260781394558653e-02 9.699051141471087822e-02 -6.515438016331073778e-02 -3.618670512314367538e-01 -9.360542971023635972e-02 -2.081821952432331146e-01 -5.936561035071572651e-02 1.279628549316478431e-02 -2.523502868631332108e-01 -2.651981190424360646e-01 -2.289501685015791210e-01 4.375660603324692532e-01 -1.193177496691814055e-01
-1.855846810849099970e-01 5.903326922879154059e-01 -2.368796296553677683e-01 1.000000000000000000e+00 5.515942522359635891e-01 -1.995610462574698707e-01 8.219009979936591284e-03 -2.010079149966315371e-01 -4.385303604358165575e-01 -3.347841748168469134e-01 -2.776501017950863681e-01 -2.894714855736625347e-01 -3.673054601476033465e-02 -1.502142767241317067e-01 -1.518120110925489166e-02 8.020519915928356336e-02 -2.064840238240073511e-01 -1.566498426815196021e-01 -1.788433971256515043e-01 -7.943456156884862174e-02 -4.871552519780109058e-02 -2.115373529347953085e-01 -7.583371007643714690e-02 -1.188511916884496949e-01 -1.433320950648112324e-01 -3.373458246013930628e-01 -3.415860762041890153e-01 -1.278789034448575834e-01 -1.695370676051064229e-01 -4.414865638966131850e-02 -2.103422809546007521e-01 2.253106065712595363e-01 3.502083158509404770e-01 -9.831144196257084189e-02 -2.506242942384194206e-01 -3.029129890997229735e-01 -1.666999541814608576e-01 -2.837655980356675739e-03 9.143723735060347094e-03 -7.831407518574726168e-02 -1.097350811722142966e-01 -4.053305719693729992e-01 -2.526641705659741222e-01 -9.392633004327803625e-02 -8.498817836140756810e-02 -1.059746360170391588e-01 -5.032722990162860621e-02 -8.889385166740562672e-02 -2.761215191354972065e-01 -8.588999759212002927e-02 1.415573305454480985e-02 4.989111359904461751e-01 2.846103431461292632e-01 8.085680575857022712e-01 6.725185402980692062e-02 -4.396961446199744161e-01 -6.505161746594873007e-02 -3.380506748628624436e-01 -4.379237152517967413e-01 -2.391967865527689363e-01 -2.502405335877067594e-01 1.956975838665680340e-02 -8.511167230734015265e-02 5.663798690943167014e-02 -3.171345108820061709e-02 -3.490586091103763805e-02 -2.546098977639109640e-01 -7.170276240546985536e-02 -6.709414096647188519e-02 -1.128095119061626461e-01 -1.676213864839000769e-02 -1.433072490698863444e-01 5.598035634823450568e-02 -2.604280222920943855e-01 -4.818853228112196518e-02 -3.937480397466413540e-01 -2.410073456139128489e-01 -2.001834382062507578e-03 -1.895345433621068165e-01 2.063893603424572787e-01 -1.505660839592092293e-01 -1.228756160765216987e-01 -2.150500604530431459e-01 -2.269442832717695480e-01 -3.481233622686801255e-01 5.099516356894881475e-02 -2.015207004872466845e-01 -1.558935869037623434e-01 -2.637072029073822543e-01 -2.087253761476766389e-01 1.283533644954948094e-01 -1.354506791648358022e-01 -1.822544475463611091e-01 -3.048130250071211522e-01 -3.208155601049421102e-01 -1.940828911121525724e-01 -1.621449249076263033e-01 -9.863270238628910058e-02 -3.025031160421697840e-01 -2.135333576056069882e-01
1.274634729489938501e-01 3.871751968712318637e-01 1.161735957477136455e-01 5.515942522359635891e-01 1.000000000000000000e+00 3.281602343818330603e-01 -2.662037225754252945e-01 -1.744360215362307509e-01 -9.788279189597788588e-02 -3.215001767663421828e-01 -2.449466043417264094e-01 -3.715919163331345976e-01 -5.646387020451763133e-02 -2.307251026203149813e-01 -7.281620571077500326e-02 -1.898571685005786824e-01 -4.846954436926254051e-01 -3.749858636087569641e-01 -4.142397374879962513e-01 -1.504829795819454842e-02 -2.189249595254453562e-01 -4.481640025576920650e-01 -2.702389576016134831e-01 -3.029734100822176202e-01 -4.116398437116711596e-04 -2.492971774311652233e-01 -2.607385107758725673e-01 1.999703184524885824e-01 -1.888304006527884438e-01 -7.222143071963883776e-02 -3.836296086693194995e-01 -7.413543905992503458e-02 -1.164547707180278724e-02 -3.192947546024400562e-01 -3.935723841489184860e-01 -2.369571365897328863e-01 -1.007556878077157936e-01 -2.663017268000760773e-01 -3.030971425686386778e-01 -3.196800738754329019e-01 -3.489585310363640391e-01 -4.212993457644048090e-01 -3.934954714209596971e-01 -3.066889533726899209e-01 -3.287360410854364146e-01 -3.006826409991417148e-01 -2.585034381333907727e-01 -2.982673068341766265e-01 -1.341798647626968877e-01 -2.189405573724896303e-01 7.717841446872758873e-03 4.326178834808891982e-01 -1.141408917844168591e-01 7.382324944446680970e-01 6.388764082512643494e-01 -6.988507531928726466e-03 -1.921406397501564944e-01 -1.698257367912399743e-02 -3.249792481677134526e-01 -1.973402260605337244e-01 -4.818422931005991033e-02 -2.821965673177512235e-02 1.060305070234418556e-01 -1.328990436495948620e-02 -3.223055350803593067e-01 -3.789235101833430402e-02 -2.681018548379054955e-01 -3.162777458302072353e-01 -3.508241579656561915e-01 -3.606887768585326781e-01 -9.817103476170749299e-02 -4.231983527763016339e-01 -1.373211099146437186e-01 -3.417470540827345915e-01 -3.682203120169000865e-01 -2.074297784642828435e-01 -1.508397580565820351e-01 8.343494427255188084e-02 -2.566108960102264636e-01 -1.514566558249845762e-01 -3.081390551533956801e-01 -1.940496049335800888e-01 -3.597410905337983245e-01 -3.785777021029396172e-01 -3.024000006031039578e-01 -2.349291055770714315e-02 -1.833009130811134035e-01 1.107797238661254041e-01 -2.624981938740585385e-01 -2.039169571180981799e-01 -5.761868067820320738e-02 -1.778088356834540418e-01 -3.357425591957012845e-01 -3.692510226772018345e-01 -3.343382913467033424e-01 -3.281378415441574270e-01 -3.062331144599232946e-01 -2.620658576397099093e-01 1.445073403043159108e-02 -2.223998145157717321e-01
3.607239462423806886e-01 3.558927213788669330e-02 7.560957041784474031e-01 -1.995610462574698707e-01 3.281602343818330603e-01 1.000000000000000000e+00 -1.427418822383675345e-01 2.685927155060492399e-01 6.848591924809132037e-01 7.697731458026343954e-02 2.162884253991274042e-01 4.783248252932254668e-02 2.752551144672382363e-02 1.073201088492175687e-01 7.316891549309323395e-02 -1.261127390459055864e-01 -1.838559764286061549e-01 -1.551261220148566489e-01 -7.333920471607589808e-02 1.315414177676479668e-01 -7.737306432826056291e-02 -2.522296870077709308e-01 -1.772106095723303965e-01 -1.995545061724257330e-01 2.687527919885827066e-01 1.081429797463052817e-01 6.392686551218153268e-02 2.246562430390804943e-01 1.277583953578903531e-01 -9.946388349131114748e-02 -2.744604876203801114e-01 -2.121388994580150622e-01 -3.040872644340712472e-01 -1.910771388776837110e-01 -9.314861213188865841e-02 1.769358832470838416e-01 3.783318842314784686e-02 -2.770826243255926080e-01 -2.745460655722338772e-01 -2.968302546246532891e-01 -3.066865385781251119e-01 1.576942501832924795e-02 -1.421766797224560397e-01 -2.327137969446220755e-01 -2.734017672959983547e-01 -2.599841437627957719e-01 -2.056048489926871892e-01 -2.091730502586433282e-01 4.349013798716284684e-01 -8.965507348908696716e-02 1.033560070441656709e-01 1.972617800275205668e-01 -3.909248656094676533e-01 -3.884870740536979644e-02 7.286225966877660776e-01 7.418212410311200156e-01 8.084116749457263829e-02 6.181784092775263195e-01 1.741491716659792355e-01 2.090581673000891649e-01 2.087329240001831177e-01 -1.533636776440016648e-02 2.514820902219015442e-01 2.666792427065534099e-02 -2.355917202453111092e-01 8.185654868295882958e-02 -6.330251316129535677e-02 -1.228206299332396390e-01 -2.431775549163339711e-01 -1.582976608210360792e-01 -2.618628951801599269e-02 -2.254156111181281064e-01 -2.295971471134623243e-01 -1.679739557977491526e-01 -2.231423617413242633e-01 1.542382024830903364e-01 1.812307069955808592e-01 2.162957237330862936e-03 -1.440690850876566731e-01 -2.744673061896561461e-01 -1.115427817106372510e-01 -7.545480033374901696e-02 -2.209954123978921103e-01 -8.924780317427434551e-02 4.187651559846906901e-02 -1.946492056189888797e-01 -1.778177484659167976e-03 1.053227001403015811e-01 1.229913400763513326e-01 -4.257119263488292477e-02 -3.233618945544629031e-01 -7.029250823507567081e-02 -1.927316304220148824e-01 -1.250792311483473751e-01 -7.494564424475683162e-02 -1.858175799130056538e-01 -2.831293978080551277e-01 -2.439067813417338804e-01 5.369985094405517190e-01 1.925345563713786595e-02
-1.291409062120890683e-01 4.229779549810940703e-02 -1.903483912996721539e-02 8.219009979936591284e-03 -2.662037225754252945e-01 -1.427418822383675345e-01 1.000000000000000000e+00 9.670517379220573695e-02 7.561672664063287530e-02 2.611183557755670237e-01 1.696722145847254781e-01 1.867097127695694914e-01 8.980138513086000085e-02 -8.775616386796551704e-02 -2.400817390112295474e-02 2.911934557242403243e-01 8.584046916032034291e-02 1.858573679501495934e-01 -1.992876927865304751e-02 7.673194223380699897e-02 2.807362414835574624e-02 1.395027866446888476e-01 1.994316112972705293e-02 3.329391871314328344e-01 1.736196332992275548e-01 8.188197477507194733e-02 1.071090854659595831e-01 -1.011533250569941200e-01 5.849971652325277466e-02 -6.579561759332061555e-02 -1.116933532710405637e-02 -1.442863344310863771e-01 -1.132638877574349279e-01 -1.769621641748308355e-02 4.700727814507623531e-02 6.268894509984908325e-02 3.889908001626354514e-03 8.983836215994979446e-02 1.652965423618677487e-01 3.140694784024277153e-01 2.384918702072835739e-01 2.589323074832552973e-01 1.164569169145667216e-01 1.988598982859945130e-01 5.801060536723356975e-02 2.344718946473340893e-01 -7.874665856319662538e-02 6.252399820500416372e-02 7.925630791664621533e-02 2.083840494151689149e-01 1.085575273004546829e-02 1.030384352847704965e-01 4.269625604163319599e-01 -9.955317066362441569e-02 -3.070920031442461173e-01 -2.600942366094319974e-02 3.250418078037639602e-01 3.678758794817457017e-02 1.714876473305461946e-01 1.746522244054106721e-01 9.460325280986081609e-02 8.418975945527451890e-03 -4.032712765993774762e-02 3.309428745230076629e-02 9.107983251981470463e-02 -4.719608056096297188e-02 4.281976686412543032e-01 3.117509650004205227e-02 1.154018099826655958e-01 1.802689165204082733e-01 5.062737698020884636e-02 3.783013447722718969e-01 8.641589169525594472e-02 5.770662447698519104e-01 1.769797665596512803e-01 1.679201033823663480e-01 4.780519954439723523e-02 -1.233398997134832198e-01 -8.287498511685315039e-02 -8.950733511584441082e-02 5.276189989754052206e-02 -4.809385360793194675e-02 -1.040873992920021522e-02 1.558442688180377844e-01 9.598199953905332815e-02 -1.145898927961486319e-01 -3.713168511361955582e-02 -2.088918366024386519e-01 1.282001420038091366e-01 2.572596711088490640e-01 -1.670944617014596956e-01 1.910256047596856355e-01 3.084159945002082903e-01 1.493383320039184392e-01 2.858247599604956668e-01 1.273964945316390374e-01 1.614494353029238549e-01 -1.581768570328776283e-02 3.000615610063491270e-02 2.285736088526768572e-01
7.119478854834503101e-02 1.608052297378021189e-01 4.785024946418778291e-01 -2.010079149966315371e-01 -1.744360215362307509e-01 2.685927155060492399e-01 9.670517379220573695e-02 1.000000000000000000e+00 4.818651305111176786e-01 3.523374628002973880e-02 1.942962129266621873e-01 2.264600467286935204e-01 -2.371536538033670038e-01 2.393457658790738851e-01 1.330134133402970792e-02 4.504450697808193294e-01 3.724180833866642115e-01 5.038951693838283896e-01 3.495282997524863378e-01 -8.701249480790120006e-02 9.123792598588820191e-02 2.144844286787103427e-01 6.601054128157682332e-02 4.108472905377671958e-02 1.472547201712976483e-01 1.430072121255754058e-01 -8.201040654538723287e-03 -1.141335977153130898e-01 1.091843403987738659e-01 -8.951407314288205297e-02 4.632656104225647137e-02 -2.432832225285319616e-01 -1.903302171474655358e-01 3.290334692832268537e-01 1.740122439698821855e-01 9.833729532932898587e-02 -1.244057603326231415e-01 -2.335284291425044900e-01 -2.348926112597976568e-01 -1.870926547671590279e-01 -2.276118510566640663e-01 2.689310020608988785e-02 6.388509953193825808e-02 -2.915325984390712000e-01 -6.471959895920161021e-02 -2.443124319760516527e-01 -9.475273949743004409e-02 -1.722680317479199918e-01 1.824907783698445640e-01 -2.557657643813447956e-01 1.365234908817320458e-01 2.571894662920532482e-01 1.622802876066703204e-01 -2.941996557564980352e-01 1.203392147069810569e-01 3.506706807050706254e-01 7.630817064414886497e-01 5.784160893844177975e-01 1.762226690254902473e-01 2.333752283405604588e-01 8.201640778483119953e-02 -2.520536639669319068e-01 -8.948139622198426901e-02 1.845829649667540123e-02 1.654854484484906407e-01 -2.506111846173838739e-02 -1.838350305579028177e-01 1.823176280455431897e-01 3.291373436961977372e-01 4.622218452726778448e-01 6.803539967866329558e-03 2.429053248240421736e-01 1.076928237400915228e-01 -1.205709960074738962e-01 3.383021263250609034e-01 1.882861323256868613e-01 1.445960958031315413e-01 -1.038287555507872717e-01 6.542085158664025235e-02 -2.193212703997910462e-01 1.797126160253325888e-01 -1.414114775628563803e-01 7.710468964269732994e-02 2.152763342799972335e-01 2.029256217043069188e-01 -2.635327074120413227e-01 -8.392120389291279903e-02 -1.691053656899708657e-01 3.849446557460982354e-02 -2.587857245100900760e-01 -4.249821529355073957e-01 -1.134016557993395291e-01 -2.590564161681742084e-01 -8.776982654758423708e-02 -7.318318759270643625e-02 -2.997122878299430249e-01 -2.685785045694952800e-01 -2.217776147832311029e-01 1.481992617350918195e-01 -1.478997963377315650e-01
2.543061252406432771e-01 -1.183612881053633242e-01 6.505140853959135994e-01 -4.385303604358165575e-01 -9.788279189597788588e-02 6.848591924809132037e-01 7.561672664063287530e-02 4.818651305111176786e-01 1.000000000000000000e+00 2.624393630059658200e-01 3.394196767615462740e-01 2.074794718268511973e-01 1.068613495720502869e-02 1.751736821030292768e-01 3.176194898585078807e-02 3.637894297502545365e-02 6.333195017438740526e-02 -7.642760693084026981e-03 1.464699916310999162e-01 4.038332545003781027e-02 2.457400310679472982e-02 2.908304209370203477e-03 -1.001841990299583707e-01 -3.093920547410636962e-02 2.600925652434527557e-01 2.032664924974237342e-01 1.230505483254611399e-01 4.620597657643910755e-02 1.145910988088859189e-01 -7.123063641292211312e-02 -6.826840820001027488e-02 -3.395287247645371598e-01 -3.177769945203614554e-01 -6.765759180152566832e-02 1.231698297788083873e-01 2.998844760709094559e-01 1.162931348240761054e-01 -9.299538805557046317e-02 -9.746630880973872202e-02 -7.095349800861300293e-02 -1.517755769145283096e-01 2.405214343619370976e-01 1.157967495725407830e-01 -1.450527842922713639e-01 -1.551094961449334397e-01 -9.390551022375456802e-02 -1.108223314295012640e-01 -1.027333871555110162e-01 4.272374993677243160e-01 -2.287383922200749223e-02 1.052667641722020500e-02 1.762518414180837961e-02 -2.613359563178520584e-01 -3.515918529898552358e-01 3.807566739958928581e-01 7.260866138258725844e-01 3.148570338326182605e-01 7.994935519041215244e-01 3.352668072802307830e-01 3.439440628567964064e-01 2.363832200407771922e-01 -2.603158085533209543e-02 2.297719761958998408e-01 1.172450377157821105e-01 2.740751546847236195e-02 2.307861152421540260e-02 1.305306651375849059e-01 7.265260890026171980e-02 -1.283207870006916052e-01 -5.112480463146676368e-03 -2.175362364863852802e-02 -3.057635954582466065e-02 -1.614305089942819071e-01 3.777923511589381667e-02 -5.461570783933848705e-02 2.850840298471047918e-01 1.838655443359907271e-01 -7.997962631818485157e-02 6.503535042878014032e-03 -3.075473203284866397e-01 -8.118150860126334412e-02 1.537117780437865025e-02 -7.335650009904285708e-03 1.546379440631127644e-01 1.058409814340884741e-01 -2.219818193640956394e-01 1.119249838174681960e-01 -3.935515851914273000e-02 1.635826018183350883e-01 5.284498548931095691e-02 -2.945937105847929449e-01 6.536726079028716552e-02 -4.184231738299049042e-02 5.553561360594746338e-02 1.113856154974893903e-01 -1.075908446116527195e-01 -1.362807728588928957e-01 -2.010998937863246183e-01 4.908314236636122652e-01 1.323301844181974662e-01
1.365581858906796398e-01 -1.702866650009423888e-01 9.429806000554027956e-03 -3.347841748168469134e-01 -3.215001767663421828e-01 7.697731458026343954e-02 2.611183557755670237e-01 3.523374628002973880e-02 2.624393630059658200e-01 1.000000000000000000e+00 4.395744412827763403e-01 4.766833677442498529e-01 2.310827152461428780e-01 2.446294569051923884e-02 1.318277523084890879e-01 -1.919538088738589332e-01 -6.089806087829313826e-03 -9.716439648806682317e-02 3.644409220514963077e-02 1.111191343970794054e-01 1.523865912459312216e-02 2.139291537067515014e-01 7.308167126903590549e-02 2.552166880694010098e-01 3.925687842619559054e-01 3.490099159825131303e-01 1.183299260317445534e-01 1.187465579652274977e-01 2.459535201094568690e-01 1.305601634186907833e-01 8.674506794820922850e-02 -2.379675631601714178e-02 -1.883817259247160536e-01 -1.897621241248016455e-01 1.473100876241145163e-01 2.254770895140356113e-01 1.783427986438195223e-01 2.516864763129221250e-01 1.785338289050070470e-01 3.865084615667174206e-01 -4.242256405248936296e-02 3.993043776211220308e-01 1.509706314164379892e-01 3.161230966756777283e-01 -1.345565899665092206e-02 1.807682523157970178e-01 -5.628865673428272431e-02 2.314020210906212183e-01 2.883105694738943292e-01 1.648816386094905939e-01 4.908590007386209701e-03 -2.110312970051292647e-01 -3.185213359707743108e-01 -3.712232735844341880e-01 -1.309193127786766608e-01 2.547900949341925791e-01 -1.102488329471181146e-02 1.633269028004284695e-01 7.811579727123416639e-01 3.751194231976399673e-01 3.937221755484117125e-01 1.315211447755083307e-01 1.393597225002255469e-01 1.129573386145220765e-01 3.314108632265845567e-02 1.019358477832521120e-01 3.268844786070764785e-01 9.460357983456710307e-02 -1.483815011041573484e-01 -1.280122174989206940e-01 1.150468174501300192e-02 1.771464164704553423e-01 -8.750555348020030988e-02 4.790149611217847658e-01 -4.895576222740959799e-02 4.664680904091706437e-01 2.602914510895406042e-01 1.212205047469774311e-01 7.955678613481674544e-02 2.644506337963924494e-02 -1.095443664042830972e-01 2.318836188374014205e-03 3.501682779064983070e-02 9.857364060557786967e-02 9.933176819629983834e-02 -1.322395597363997533e-01 3.049154360795652274e-01 1.753082787824911393e-01 2.363822712456584985e-01 2.596557860743258228e-01 -7.399983638045620760e-02 4.451086496518608104e-01 5.084439741952753167e-01 3.502422097852354588e-01 2.492526489943738821e-01 3.230505372858809010e-01 7.003496350785863578e-02 1.410258560027939090e-01 3.248667503268600765e-01 2.681400107116465037e-01
-5.856808933698405550e-02 -2.427367579765252539e-02 1.943913280242031139e-01 -2.776501017950863681e-01 -2.449466043417264094e-01 2.162884253991274042e-01 1.696722145847254781e-01 1.942962129266621873e-01 3.394196767615462740e-01 4.395744412827763403e-01 1.000000000000000000e+00 6.859326052068754898e-01 3.873663007268345893e-01 2.886526192902511001e-01 2.831311765032434313e-01 -1.386875250540447746e-01 2.822062046185397910e-01 8.570012409901155148e-02 2.302060586122744168e-01 1.250828906201351121e-02 2.377453289291154015e-01 4.122361319715371897e-01 1.747732459461737720e-01 3.486740638276437654e-01 5.194942493717717991e-01 6.431926705900266050e-01 1.143406993246197378e-01 1.462299443043206248e-01 3.631184792864511346e-01 1.992051238615091258e-01 -1.461324030691506792e-01 -2.098519381606780143e-01 -1.840844788108057517e-01 1.291888105212416760e-01 4.275838749188425880e-01 2.688539478528352289e-01 2.216273646854689805e-01 1.454075490769632557e-02 1.429572272615174389e-01 2.372349334083033723e-01 1.713461139944223999e-01 4.689352050781691594e-01 3.609778444278887721e-01 2.738265029318397992e-01 1.695469921704649829e-01 2.440258487265523912e-01 2.298963823114079652e-01 2.238771760731578242e-01 3.500235308239998400e-01 2.993013331335154237e-01 -2.253187322760411559e-01 -5.017683555598343587e-02 -3.187940959692059373e-01 -3.174945613469418726e-01 1.309015798508101659e-02 3.029673683220135971e-01 3.253671054526087458e-02 2.782663426107757632e-01 5.201815894963329745e-01 7.569666457936070625e-01 4.923535469077768290e-01 3.144581899703075001e-01 6.612087108280700898e-02 -8.622786982350151563e-02 8.540025377387956695e-02 2.230270812319364027e-01 1.836172936133758926e-01 1.868834803650571974e-01 7.017991905631129623e-02 9.242703856003482710e-02 1.132205315191888856e-01 3.648275284138586816e-01 -9.459694037108892783e-02 2.438054836986159879e-01 2.621281661239127092e-01 5.138328132604225162e-01 3.193812096181988802e-01 1.165412609515226877e-01 -2.028549777979219149e-01 -2.382344071271573771e-01 1.190986528575382619e-01 2.850226378138124295e-01 -2.014444864413267658e-02 4.109259070731240415e-01 2.231652366127340470e-01 5.111762604047901705e-03 3.046492419666584905e-01 2.242728648634440269e-01 3.553579144551614610e-01 3.935297435860978799e-01 -1.701830725691439450e-01 6.877810834686415298e-02 1.676286075306454293e-01 2.789421097261482463e-01 2.531503645118591828e-01 3.351912335316495906e-01 2.319490996112489045e-01 1.889257315099791834e-01 2.964137865976261277e-01 4.307970486939889376e-01
-6.897420814652525933e-02 -1.319742703269495832e-01 9.304617382779567514e-02 -2.894714855736625347e-01 -3.715919163331345976e-01 4.783248252932254668e-02 1.867097127695694914e-01 2.264600467286935204e-01 2.074794718268511973e-01 4.766833677442498529e-01 6.859326052068754898e-01 1.000000000000000000e+00 3.236973558465483514e-01 4.462280227537249733e-01 3.068458605325851130e-01 -1.605506950850056347e-01 5.425726544994656786e-01 2.739832085099396797e-01 4.282552614854492345e-01 1.219922876272617474e-01 3.815952769041293102e-01 5.063996020671994724e-01 3.532500600086897480e-01 5.383136625376975237e-01 4.898170982779957994e-01 6.647493375710266106e-01 1.768140742192148285e-01 1.041161239756660251e-01 4.306524082251004248e-01 3.175557271985137153e-01 -6.686970616540714729e-02 -1.317586015441205294e-01 -1.314061096780181626e-01 1.984391109525260599e-01 3.558421660723583013e-01 2.319956448844442964e-01 1.424039502143583102e-01 -1.021005601410673869e-01 4.052283423981220545e-02 1.419083529665426946e-01 1.552788736514136292e-01 4.130363282980429318e-01 3.437514133876548028e-01 2.377903688915506963e-01 1.712376181182581891e-01 1.868134110842825379e-01 1.813020321745250629e-01 1.634189607810525302e-01 1.966459338988117700e-01 1.386628416931859620e-01 -1.576692987389581857e-01 -1.858728915043021401e-01 -2.505916026943331154e-01 -4.179630444306116632e-01 -1.623069978659033297e-01 1.421547309716343077e-01 5.226589981002508628e-02 1.855024165004952319e-01 4.988458210125955583e-01 6.318411450294393328e-01 4.867837569173257828e-01 2.163518581352987247e-01 -2.773797161100955908e-02 -1.625254827666948454e-01 2.093023708661758131e-01 2.558177693857948687e-01 9.432832250846724664e-02 2.668075650508959229e-01 3.079278826939279567e-01 2.746708368008691226e-01 2.336470102353987444e-01 4.543526952371317318e-01 1.615350717571965022e-01 2.244118993423848685e-01 5.005486641411004411e-01 5.713793416138978065e-01 4.195117125229193000e-01 1.940099115701444943e-01 -1.182677057831190703e-01 -1.729144319008485142e-01 3.592682893025430646e-01 2.767444802731577336e-01 4.334941693338469244e-03 4.188604526478687529e-01 3.106930763131363626e-01 2.743311776482334000e-02 2.385894392412172826e-01 1.641489485351000366e-01 3.696734968266203181e-01 3.275962265457134093e-01 -2.935363573934685610e-01 -8.440244345187908337e-02 5.848440022386639653e-02 2.717606837947729725e-01 2.615629753567740856e-01 2.751035925085625888e-01 2.034379361749735493e-01 2.265672993745258268e-01 1.644491210070715415e-01 2.542023357301579356e-01
-9.517526277991977812e-02 -1.108403541579929159e-02 -2.498315180256743470e-02 -3.673054601476033465e-02 -5.646387020451763133e-02 2.752551144672382363e-02 8.980138513086000085e-02 -2.371536538033670038e-01 1.068613495720502869e-02 2.310827152461428780e-01 3.873663007268345893e-01 3.236973558465483514e-01 1.000000000000000000e+00 1.100560504166190057e-01 3.013011646206356087e-01 -3.674296754709998059e-01 -1.601555967277314488e-02 -1.594424642836007044e-01 -6.484901840504685329e-03 1.331689150641115760e-01 1.898629159444949754e-01 2.440033154833929352e-01 2.102324402975025708e-01 1.473182396860094889e-01 8.766532887804497076e-02 1.826783896527204298e-01 3.044986833281040570e-02 1.740484292910044611e-02 1.514147372243959400e-01 3.252534660976408865e-01 -1.240878172474508129e-01 -4.320991501793379486e-02 7.786968841915328267e-03 -1.379607565972627500e-02 2.207578311296435336e-01 1.937951657089309054e-01 1.861152901206829247e-01 1.375564812026423833e-01 3.079187500337916550e-01 3.464785243047542318e-01 1.825348401337709703e-01 1.879024550432735197e-01 1.515335421848715280e-01 2.685124478464970821e-01 1.557396923756802776e-01 4.028609226250119413e-01 2.707377300297589273e-01 3.362385867720035226e-01 1.812755583724890152e-01 4.024426063213444871e-01 -2.754520464588773865e-01 -2.567537004588136065e-02 -3.142871135447525277e-01 -3.779207378939061085e-02 -4.502255519751495461e-02 7.453132553686077355e-02 -2.800299228275469066e-01 3.762297837211661927e-03 2.130194371543506771e-01 3.942425943780238917e-01 3.978770156773429600e-01 8.213368606195029509e-01 3.242536119310858722e-01 1.402135833828248856e-01 1.424254017795497096e-01 3.152867726112609792e-01 2.412780626680080809e-01 2.669293520998533009e-01 -6.976527406776285301e-02 -3.145309289921754958e-02 1.990762019041721342e-01 1.106299970784286602e-01 6.821128082718830310e-02 2.650889843542975077e-01 1.546908073643649649e-02 1.189418250570952601e-01 1.203072807301038133e-01 2.054940371867819693e-01 -9.648114649309753876e-02 -2.257795864391834093e-02 -9.774512062018141101e-02 2.388136821262105414e-01 -4.388448873106019082e-02 5.745943948360031361e-02 3.127533054745509911e-02 8.522917793981310552e-02 2.408282142812749327e-01 7.208699707850947658e-02 3.436911707944308447e-01 3.957192719572662498e-01 6.575429582862199474e-02 7.689722704446713686e-02 2.734278056592360229e-01 1.617401144324991380e-01 2.285499675659120045e-01 3.002643812445434657e-01 3.882742261076654877e-01 4.036712840913985745e-01 1.736867999968239873e-01 4.035302614539940103e-01
-1.440994216576139408e-01 -2.018810008780262955e-01 1.055923219074299813e-01 -1.502142767241317067e-01 -2.307251026203149813e-01 1.073201088492175687e-01 -8.775616386796551704e-02 2.393457658790738851e-01 1.751736821030292768e-01 2.446294569051923884e-02 2.886526192902511001e-01 4.462280227537249733e-01 1.100560504166190057e-01 1.000000000000000000e+00 5.307824207533921035e-01 -1.813291345263573495e-01 5.626203438526092837e-01 3.702838116350303799e-01 6.815439322111632725e-01 2.747816546188307507e-01 6.968451639108511619e-01 3.407190465181909045e-01 5.655127374071295954e-01 2.542487818514468367e-01 2.000082732214830336e-02 2.162873441777561356e-01 1.739141612434130235e-01 -4.387738254286867312e-02 4.179903360364479736e-01 4.534119033751933814e-01 -1.106218516663429324e-01 1.709127030563881849e-02 -5.055031777769528230e-03 2.999116013535973457e-01 1.787220542242377308e-01 1.270023889812431639e-01 -5.189226688824565871e-03 -1.937663443295637167e-01 4.865481197622371218e-02 1.700445391956413588e-03 4.661918317275894758e-02 1.170017297364674830e-01 1.019249696793597254e-01 4.847957869327922109e-02 1.341454763369208658e-01 6.717461791830346696e-02 3.235145462998018639e-01 8.148565300782759091e-02 1.553414858766611825e-02 -1.178477880672594048e-02 -1.615042026925741780e-01 -1.145198194780320394e-01 -1.741891190710313231e-01 -2.150156714957374149e-01 -1.684978878156975779e-02 7.696790311988278843e-02 2.261554203515662997e-02 2.425429969522061024e-01 4.450761456933547550e-03 2.197915131259490784e-01 -5.364918528094551192e-02 5.765904828550226513e-02 2.703880385838675071e-02 -8.994333896920309046e-02 4.360137357584303319e-01 4.611616117528787306e-01 -3.251987747354224134e-01 4.440009321400338327e-01 4.995011590326779438e-01 4.443369976985150904e-01 5.500494841551457625e-01 2.437953786578613280e-01 4.828786487660241544e-01 -2.250712390060352341e-01 4.948240553529847929e-01 2.162126365236085104e-02 4.391005279024317587e-01 3.059334440385649279e-01 -1.281730038572695407e-01 -5.274214642374148998e-02 4.561691202934509692e-01 2.436921392416174503e-01 -8.199785917971204319e-02 1.522480455451980796e-01 2.650842747969850977e-01 9.672362043449653224e-02 1.404482256679604191e-01 -4.989165618264911756e-02 2.359745691866282635e-01 -5.034862409132830671e-04 -2.145173815369139092e-01 -3.541536348120943867e-01 -1.986243150917154920e-01 1.977504056790868603e-02 -4.326476741438574358e-02 4.154688520834665805e-02 5.539140150290580017e-02 2.675704697258837195e-01 -3.119298371434863285e-02 -6.775734268958960582e-02
-8.792453030102735656e-02 -2.187344134171393673e-01 -1.818745633571775683e-02 -1.518120110925489166e-02 -7.281620571077500326e-02 7.316891549309323395e-02 -2.400817390112295474e-02 1.330134133402970792e-02 3.176194898585078807e-02 1.318277523084890879e-01 2.831311765032434313e-01 3.068458605325851130e-01 3.013011646206356087e-01 5.307824207533921035e-01 1.000000000000000000e+00 -2.421085616396862483e-01 1.881495777956342375e-01 2.154528474633400636e-01 3.062487779797615772e-01 4.884343064748710161e-01 6.626522715222951110e-01 2.614531866921386283e-01 5.552785595325736567e-01 2.142120423510954774e-01 3.400504773518497198e-02 2.540860863666714597e-01 2.621642829940171171e-01 3.288260723181145040e-01 6.109242136875163709e-01 6.224136028280168320e-01 -2.841509124211285542e-01 1.210282847412590401e-01 -4.181479392035343523e-02 1.747245396551471708e-01 6.804703477717802262e-02 1.785864398294621791e-01 6.468355872386793992e-02 -2.550633254298131369e-01 -8.774549197150798008e-02 5.108105042339774332e-02 -5.920616332663426740e-02 4.346421643944361340e-02 -1.377861589335332704e-01 2.308327592865763722e-01 -2.662310174702237422e-02 1.121802120151037391e-01 2.685385569666524086e-01 1.287462492431813987e-01 -1.068181456493098869e-02 7.687573025980590571e-03 -1.602183808396705211e-01 -1.672863905868128276e-01 -2.458421227861634362e-01 -4.595221103039586613e-02 -4.578207184511769168e-02 5.038328365479393528e-02 -1.894383365494107518e-01 1.497358900351021815e-01 1.055253956836102458e-01 2.289960200161761383e-01 4.920259521037863293e-02 2.623546745822483706e-01 3.384890628679361191e-01 9.612109072837907164e-02 3.419780174124174565e-01 8.561100095315994363e-01 -2.672845108836080508e-01 3.151429618067577709e-01 2.175973164027158735e-01 2.550705349299836611e-01 7.240313578435659814e-01 1.547323860738845092e-01 4.564492207947425939e-01 2.162126928476016882e-02 1.706868785400612876e-01 2.489511678639850026e-02 6.179705606189199729e-01 6.876143419347438002e-01 -3.046329864328527481e-01 6.191219926633723808e-02 1.473107832416916396e-01 2.352540699838212915e-02 -3.616247861711790468e-01 -1.994530309216122326e-03 2.073164109741964245e-01 -9.602781063712138854e-02 1.937630212906149008e-01 2.197166317676012837e-01 3.102398673488692138e-01 5.056094959303422676e-02 -2.825041687596573925e-01 -2.037887058276652008e-01 3.655327854350254313e-02 -8.038203315959011053e-02 -1.664675044137393922e-01 1.923228727421123219e-01 6.486511015363805033e-02 4.032288845025543966e-01 2.614084022121311232e-02 -6.246514929312627497e-05
