1.000000000000000000e+00 1.282257292963509265e-01 1.506850927692570119e-01 2.031991730641515004e-01 1.302630015824714771e-01 3.519603415163385235e-02 4.638744954725747965e-02 3.525782902928254608e-02 1.476366199472398388e-01 -2.076056005850885830e-02 -4.578884660428762104e-02 -4.739259204738191511e-02 -9.638290859126691368e-02 -3.444707788473090615e-02 -4.575745141061762084e-03 3.408312484129908393e-01 -1.137965451039523179e-01 1.254293262336226601e-02 -4.305155315305123076e-02 -1.489765557675704066e-01 -1.380784361119037351e-01 -1.669404529916986846e-01 -1.138541388179683395e-01 -2.903555633425412494e-02 1.203164967279747033e-01 -1.406983935555159992e-01 -1.318706445112526604e-01 -1.868199965346095393e-01 -1.932555095226287101e-01 -1.217263558833017317e-01 4.985318903405408508e-01 4.428394181138828323e-01 4.147030904364675807e-01 -1.911121875702631312e-01 -1.719435946505036839e-01 -3.969013700358707195e-03 -2.448007917497708186e-01 3.417549500948103836e-01 2.538519283807228605e-02 -3.883397300768138827e-01 8.855822777273350543e-02 2.395955422166454185e-01 -9.593561284492023444e-02 2.592618065121175541e-01 -3.642032472481351868e-02 -7.629634978064558926e-02 -4.640341359044922870e-02 -1.577454426697297574e-01 -1.324784091484952631e-01 -4.785267682086193075e-02 6.635814548455488682e-01 1.812185717228481652e-01 3.637474963718491106e-01 1.496284986501774661e-01 -3.640436126046582826e-04 1.208253632315751391e-01 6.577815790931558493e-02 7.162261989765088266e-02 -5.559413066569622586e-02 4.681901225905121811e-02 -1.093167873172953136e-01 -2.415462927537721273e-03 -8.851861403667658779e-02 -7.054733102478390194e-02 -9.941381504589048845e-02 -3.251679581262555130e-02 -1.770692608284863689e-01 9.859532065944233425e-03 -2.079761104021729257e-01 6.973763235984001274e-02 -1.470181148774452329e-01 -1.434542367289042830e-01 -1.719596024271482226e-01 -1.629488370649264384e-01 -1.092890954380904556e-01 -3.135254778958938837e-02 -1.787927229117036443e-01 -4.592972142266289748e-02 4.204427222258056429e-01 4.182677656884088990e-01 -2.646934501896693395e-02 -7.580351642276869639e-02 -1.496327471228649231e-02 -2.099638947126989674e-01 -2.366471422174684647e-01 -2.640352569044839282e-01 -2.729323228350138408e-01 -1.360266520236028953e-01 -4.224322787487220371e-02 -1.061560744459455335e-01 4.416793800939155523e-01 1.522512929714288643e-01 -3.698714748564100319e-01 -8.556960730317567099e-02 -6.049316165490841585e-02 3.197468048689008219e-02 -1.100568574197456073e-01 -1.940888662436819068e-01 -6.479399117527859242e-02 -7.233349895048715728e-02
1.282257292963509265e-01 1.000000000000000000e+00 6.171703517078537260e-01 5.386509026706300940e-01 5.103336023654718723e-01 5.754608799143656750e-01 6.097747779967096493e-01 7.053858305373931215e-01 6.328082907530151457e-01 1.355572139974476342e-01 4.065126347334632739e-01 3.238549831118200939e-01 4.222256041943081017e-01 3.965602747417739105e-01 3.997734061007589546e-01 4.061662946491726434e-01 1.974908577441667756e-01 4.942285678389790604e-01 3.540783855466860808e-01 2.597493089707642727e-02 2.399585286011516605e-01 4.305912152848480681e-03 1.140574237654840423e-01 -1.167780946949835003e-01 8.477693798656069091e-02 1.297546485599008481e-01 1.452860419904818678e-01 -1.978050675151553917e-01 6.853073120113725714e-02 1.424162077991777131e-01 1.087080024763449476e-01 1.468338265964837797e-01 4.786280231091721848e-02 1.729160920741542318e-01 1.109578228248464110e-01 1.993247594349241703e-01 -1.741406641778147912e-01 5.976516803886286477e-02 -1.716813772080794942e-01 -6.891473951369997408e-02 -1.620737040395581197e-01 -5.282785647268196244e-02 6.525009176666979327e-02 3.119297284395303183e-01 -1.628896318094085471e-01 1.261354683489903650e-01 5.484149782961997982e-02 3.529781708672408841e-02 3.847954479635199432e-01 1.779424180480040918e-01 2.367233129604082165e-01 7.687412410954923558e-01 5.204762009328652850e-01 2.306449886457266063e-01 5.469841817079896806e-01 5.341322259897189895e-01 6.952683904715438734e-01 5.905005071862964305e-01 8.805524342507528579e-02 4.108463710645843259e-01 3.516419058703703637e-01 3.995245362767346209e-01 3.591952927061041745e-01 3.921526835267954980e-01 4.195562275621516068e-01 3.307871325058734380e-01 3.053396803692607908e-01 5.278389790864497222e-01 7.914916058463782045e-02 5.237748691306466364e-01 2.334658183450444013e-01 2.376358061169544789e-01 1.963819605881708397e-01 -4.510508561515721992e-02 2.603448652833549315e-01 1.624100980614226752e-01 6.916652476032376928e-02 7.021979363238430027e-02 -4.280584351923502617e-02 1.163556135560400301e-01 -4.467075531046255654e-01 -2.941625875025035697e-01 -1.155189100179205841e-01 1.191346630916490651e-01 -6.607085409975919921e-02 -7.213743184172340117e-02 -4.494040202808937540e-02 -1.433385372733951835e-01 2.764635745720371851e-01 -1.779755504854607651e-01 -4.910881244351411037e-04 1.548086777211664100e-01 9.761267635544472465e-02 1.204024250708719962e-01 1.421753546487039208e-03 2.653037441934429919e-01 2.597231138806561090e-01 6.948510851399941624e-02 4.274748628773817338e-01 2.323431454958720943e-01
1.506850927692570119e-01 6.171703517078537260e-01 1.000000000000000000e+00 1.209079322800670105e-02 2.135900841048610777e-01 7.865597899747844846e-01 3.602283825640070214e-01 5.385680763926817827e-01 6.111167797931144063e-01 4.002630664347883171e-01 4.165916078341688200e-01 2.899726287175598549e-01 3.798892149120856598e-01 1.309134135724811243e-01 6.426638805195748760e-02 2.271485510726705681e-01 1.527367998495085810e-01 2.922927864705843759e-01 1.159844649956744134e-01 -1.076458581773391127e-01 -6.297203053842974699e-03 1.027443917961601005e-01 -1.285684866470534482e-01 -1.579175371071254441e-01 3.693939342257457903e-01 1.992497144167335865e-01 1.140045630789870978e-01 -1.920886344011674962e-01 1.121573008364116358e-01 -1.616066329856508943e-01 -1.395129305148655741e-01 -1.968301356786031908e-01 -3.319943092894041548e-01 1.292228954855206280e-01 2.078481042911705379e-01 1.271118395935043610e-01 -7.876575410947252165e-03 1.340928856441899741e-01 -3.231003114663159037e-01 -2.548032690307703088e-02 -1.798154041766004407e-01 1.146306167823369776e-01 3.021765559729533979e-01 3.584982210391001733e-01 2.148884501789645463e-01 2.394995462465195936e-03 -1.345519254939623321e-01 -1.092969108666611566e-01 6.386552651768366839e-01 2.959840403038132006e-01 -1.152117490265073228e-02 6.815355100760741580e-01 2.259773579678561392e-02 -2.099093490814449847e-01 6.776667033108291216e-01 7.971016091781640833e-01 5.249098675220995602e-01 4.726947514880991963e-01 2.190436762341408661e-01 4.052773813257389279e-01 3.091128073078317495e-01 3.765712184492694403e-01 1.886738447793657736e-01 2.092123005363145660e-01 1.231924853515058149e-01 1.522517709893795972e-02 2.416074711656759355e-01 3.667008208905330191e-01 -9.378417738623560929e-02 2.952810009427859206e-01 3.840618712151628103e-03 2.381524116070212194e-01 -7.603359652007339597e-02 -6.260138465112373429e-02 1.630271630156503448e-01 3.719584054157125119e-01 2.240826529816761573e-02 -2.136488468250529738e-01 -1.735742311165973939e-01 -3.074237360718939938e-01 -4.511854092091986401e-01 -3.430553933973064518e-01 4.642498350358972153e-02 1.628347699989618202e-01 -2.699285043376789886e-02 -2.714668694542636818e-01 4.857637208415680613e-02 -1.427180795441132799e-01 1.990418969095414103e-01 -1.330295983705048757e-01 -3.199379648477457261e-01 3.213523197822857336e-01 -3.682607616118114408e-02 3.723960841416804612e-01 2.095966368359284127e-01 3.173463005809016302e-01 1.116513917729341498e-01 -1.004045446917756768e-01 6.493939235504875285e-01 3.818711761185414888e-01
2.031991730641515004e-01 5.386509026706300940e-01 1.209079322800670105e-02 1.000000000000000000e+00 7.255405681483713121e-01 1.710743769934239267e-01 5.576389090778761659e-01 5.407148195874863505e-01 3.612462013193403210e-01 -1.629995710794859831e-01 2.888439877832123526e-01 2.901822389797081847e-01 3.384842643135711482e-01 5.667833260826037334e-01 6.268676485569347756e-01 3.727112651052630343e-01 2.337549065639285550e-01 5.601705617515388980e-01 4.737646225696349744e-01 3.484078913020853818e-01 4.447818808126043910e-01 3.693341175468067838e-02 4.292261438406270169e-01 9.947101047667915308e-02 -2.082243211595102839e-01 7.823882518682818976e-02 1.509100055201105794e-01 2.044547833371750459e-02 1.478562588178184423e-01 4.280509392109504985e-01 2.550161324428839582e-01 4.929830110526245424e-01 3.914782576005709780e-01 1.726601112756441236e-01 6.707393898252119249e-03 3.583327281356464833e-01 -1.130478424012448246e-01 -4.933738992737914109e-02 1.708177673170078667e-02 -2.914267766720786065e-02 4.074938659531561480e-02 -8.306919692099287711e-02 -2.049211951861454606e-01 2.128844409496029322e-01 -3.929103004293455492e-01 2.769556980041692484e-01 3.662676269699808862e-01 2.893344004090612209e-01 7.640596030373424108e-02 7.820352441004932431e-02 3.802403221171656855e-01 4.926333088094355661e-01 7.539658387225851577e-01 7.675434528581092097e-01 2.296200118849948679e-01 9.581763401851201012e-02 5.789810176019062338e-01 5.264435404778222694e-01 -4.783628496030457866e-02 3.227046262690005940e-01 2.957110947332360351e-01 3.322912778573883230e-01 4.540165359561239566e-01 4.578793042542941283e-01 5.963428570333100254e-01 5.630783943554996673e-01 3.212036145085097050e-01 4.696550824272245905e-01 2.348640080055999224e-01 5.594941821320130737e-01 4.717957822617590002e-01 1.652809203430836427e-01 4.678505628979615638e-01 -1.906932753913550063e-02 2.798232522377985809e-01 -5.152835254334825477e-02 2.051328327261376372e-01 4.078949892382192077e-01 5.872562034382594609e-02 4.641340508757881844e-01 -1.577894687458006873e-01 -4.939144566943411141e-02 -2.657842495757760104e-01 1.924649815021057739e-02 -7.803474074696037897e-03 2.563347195518583810e-01 -5.969470182381009758e-03 4.482451298232658504e-02 3.745499871329081021e-01 -7.080469360544808244e-02 2.805353984546222756e-01 -8.818684682773768324e-02 1.393969666332565416e-01 -1.572773669268572316e-01 -2.235133834574646872e-01 1.401803592800703602e-01 3.773944318742908366e-01 3.283270444653232367e-01 1.408667920197016199e-01 6.030764076693743980e-02
1.302630015824714771e-01 5.103336023654718723e-01 2.135900841048610777e-01 7.255405681483713121e-01 1.000000000000000000e+00 4.433815607655138269e-01 4.324005457074970304e-01 5.292878459395690127e-01 4.369624842175428570e-01 1.338187237986262351e-02 3.758897981588958936e-01 3.637084987415856174e-01 3.766918686564266205e-01 4.499185879128762555e-01 4.734894788867713422e-01 3.460810076058323248e-01 2.900811002788192816e-01 5.207533002026383251e-01 3.647671180546876446e-01 2.739856747530345915e-01 2.928829624388331054e-01 1.433773374469529405e-01 3.116263393542942350e-01 5.491235152241383255e-02 -8.472104143352050809e-02 1.603948129818896506e-01 2.277925273936410311e-01 5.012132917727090547e-02 1.486591970727537959e-01 2.355965598306289099e-01 7.758060067889695210e-02 2.299003248937604715e-01 1.463250181155155982e-01 1.714244690885326217e-01 1.444571294961560226e-01 3.753641711432287309e-01 -1.086174607038067896e-03 -7.732454108784653224e-02 -1.465227920967658859e-01 -3.074639055679830382e-02 -8.558914518025253701e-03 2.694135463320050661e-02 -9.543004974246249716e-02 2.822663281022798065e-01 -1.706132312785364202e-01 2.155708440459752906e-01 2.530335353976455592e-01 2.671348447893243105e-01 2.981234847035397761e-01 1.303697614380867897e-01 1.908319730097573219e-01 5.806833298896834084e-01 4.820832293866813556e-01 6.541620628474503762e-01 5.756398813161828221e-01 3.273640820295034559e-01 5.303638599086780703e-01 6.056396012444551502e-01 7.442024990457235534e-02 4.055084938405676964e-01 3.430481604614896707e-01 4.166723569531536886e-01 4.586546398789092538e-01 4.332969997976570120e-01 4.979893781441590561e-01 4.184659463665149071e-01 3.063185564929613025e-01 4.839777979323198198e-01 1.685574500337790049e-01 4.571947769469413281e-01 3.526900699111888970e-01 2.451636734192928491e-01 3.864825630026413883e-01 -5.598257308256156944e-02 3.510894863050761927e-01 8.005809597264791633e-02 2.109528226871440482e-01 2.783492238805457264e-01 -5.890447518029385404e-02 2.067123718987996794e-01 -2.216220056162527541e-01 -5.616121289923416832e-02 -2.185816949465865244e-01 1.305024780181165411e-01 5.339647088057958291e-02 1.671557038938631390e-01 1.037731659498503656e-01 8.329269046118650821e-02 3.577223170749183057e-01 -7.622546683706027393e-02 1.541505142630034131e-02 -1.031817931572395347e-01 7.097792969047383993e-02 -1.303708001276547568e-02 -1.080028975363069299e-01 2.621039739151179160e-01 3.576678326146366382e-01 2.955248957643590302e-01 3.394976068762519117e-01 1.350154752291395088e-01
3.519603415163385235e-02 5.754608799143656750e-01 7.865597899747844846e-01 1.710743769934239267e-01 4.433815607655138269e-01 1.000000000000000000e+00 4.849184417614720854e-01 6.723941645286535262e-01 7.706715580885010741e-01 4.809611852064105686e-01 6.182216807591869312e-01 4.807761368052956841e-01 5.357050928851551097e-01 3.221700131997391470e-01 2.590063431991684317e-01 1.564553051170693987e-01 3.332268455190709466e-01 4.622085178516496251e-01 2.647463592324968418e-01 5.254286148984100430e-02 1.342095137292800278e-01 2.461458244266790385e-01 5.411342235833577902e-02 -5.371187844625945063e-02 3.124328153795638552e-01 3.587049193331677821e-01 1.678184954548976593e-01 -1.017921192142221265e-01 2.192378922483868287e-01 -2.297166101999207483e-03 -1.784825211716088433e-01 -2.267680583587771692e-01 -3.405917381095620589e-01 2.298167523998705664e-01 2.908973948831358181e-01 2.704034996254027767e-01 6.897352842583101551e-02 -2.112830433782062270e-02 -2.831386809362240187e-01 1.050929061467021780e-01 -1.202844381297980686e-01 2.363557255458332007e-01 3.277320281404018654e-01 3.887094490837702532e-01 1.440187810899782317e-01 9.146591322539185387e-02 1.490295044167361162e-03 2.904749500285271416e-02 7.662987897710964447e-01 4.203565768356828380e-01 -4.763134178988341627e-02 6.472186654641105541e-01 2.755502355718415786e-02 -8.465112180048060819e-02 8.760840341608284731e-01 8.673847079727905474e-01 6.305286862386382252e-01 6.626680560563921185e-01 3.333984931692238196e-01 5.964757941307617939e-01 4.823946502698283623e-01 5.664706955050927695e-01 4.104411774271890523e-01 4.123857206876059278e-01 3.111824092129585884e-01 2.331390814773524889e-01 3.776314020888849599e-01 5.412305189646867687e-01 4.029354064423000537e-02 4.451290132865493576e-01 1.853556569986614389e-01 4.272699219296303141e-01 1.672545072590370385e-01 4.324763848938659172e-02 3.387816214096078804e-01 4.865776148166486847e-01 1.885173204695475835e-01 -3.920331966738788837e-02 -2.511729718081676666e-01 -2.726463396515866333e-01 -4.532011434813218997e-01 -2.805883130482552668e-01 -2.930596677408128445e-02 2.896019117459682768e-01 1.854687493852922035e-04 -9.372224504520702826e-02 1.659674112872374652e-01 -8.560250535529112526e-02 3.636034816388234447e-01 -8.305285248234120510e-02 -3.841959380196379725e-01 1.542665348586697016e-01 8.617354584307600207e-02 4.259335441982712855e-01 2.591651635442955293e-01 3.920985778952527090e-01 2.267673651460365425e-01 4.560470877968044595e-02 7.948746068934444686e-01 4.991859195493325574e-01
4.638744954725747965e-02 6.097747779967096493e-01 3.602283825640070214e-01 5.576389090778761659e-01 4.324005457074970304e-01 4.849184417614720854e-01 1.000000000000000000e+00 7.959692523000183595e-01 6.603691299689229410e-01 2.319015270740990287e-01 5.932644681520972130e-01 5.912519878460296141e-01 5.939400151643589032e-01 6.497680843149289398e-01 6.186265666651438178e-01 2.789866532901826290e-01 4.060674923897142907e-01 6.192070601458380397e-01 5.139689020655631158e-01 2.861679327969890441e-01 5.222608103784466271e-01 1.136235483564717180e-01 4.108533610123800695e-01 1.807500990639344940e-01 4.346803697695140155e-03 2.629948696588285117e-01 2.024040394339984839e-01 6.902358951823391042e-02 3.355514370438288374e-01 4.226939770523271966e-01 -3.662388464991817114e-03 1.471072589240549067e-01 1.054500116684888716e-02 2.880598469774957038e-01 8.555010576439532610e-02 4.138818143973860275e-01 -3.490183721406479866e-02 -9.958824566183130389e-02 2.771701414735891576e-03 2.547967094156952106e-01 3.788398407992138450e-02 9.442100575274374463e-02 4.842685392599431482e-02 3.133693004573122609e-01 -2.528394052661231961e-01 3.235409443956328013e-01 3.244511670460969444e-01 2.449782220296972679e-01 3.995626151625826794e-01 3.221015776696053434e-01 1.429954512326733762e-01 5.079694445246420997e-01 4.879353753213159228e-01 2.898698310484705831e-01 4.733611245729867356e-01 4.129063445640696051e-01 7.542662094103156356e-01 7.089976314248296330e-01 2.216682687110385630e-01 6.194452275709136924e-01 5.764916753775057856e-01 5.467268138604259864e-01 5.695072759701629295e-01 5.862778832767799875e-01 6.205610090611614060e-01 5.602931582632930674e-01 6.276491466648770334e-01 6.432894364852863589e-01 2.178555876772998723e-01 6.050784386478433863e-01 5.113912278821945989e-01 2.955799378609441641e-01 4.866706869486980835e-01 1.573210813370345129e-01 4.438206901956398553e-01 2.708854396385913521e-01 3.367752037190907544e-01 3.502575301037559319e-01 -1.789424128552906945e-01 1.398150432542726862e-01 -3.490014104824952779e-01 -3.178960009352617688e-01 -1.990515379101923388e-01 8.955011535750964646e-02 2.249961633429209407e-02 1.762225545282634642e-01 9.084389667380668443e-02 2.423088257421271430e-02 5.329824818826744970e-01 2.843390117695170083e-02 -8.118906382860434368e-02 2.590280885991979448e-02 2.690833475719101586e-01 3.664199714681867781e-02 -6.867520139822864966e-02 2.504504886427568744e-01 3.943033009824602475e-01 2.837129410203868551e-01 4.705959766676389155e-01 3.342198434693367526e-01
3.525782902928254608e-02 7.053858305373931215e-01 5.385680763926817827e-01 5.407148195874863505e-01 5.292878459395690127e-01 6.723941645286535262e-01 7.959692523000183595e-01 1.000000000000000000e+00 8.034237850404664094e-01 2.426055612112711923e-01 6.123086676963536146e-01 5.421991461732342810e-01 5.620217327774845728e-01 5.919027765984626877e-01 5.742733369265687893e-01 2.476860691814709858e-01 3.877513691121166617e-01 7.383665691864528258e-01 4.750891261675883603e-01 2.410537227343690081e-01 4.716526865179385686e-01 6.104693958324229619e-02 2.843527748529164345e-01 1.394586438668787669e-02 6.536975728175473122e-02 2.505550524908815579e-01 1.701492126075574707e-01 -5.521565004317833397e-02 2.680982699074217490e-01 2.977977649146205108e-01 -4.194966095156807406e-02 -4.760057627736860315e-05 -1.305517575177043699e-01 2.780260161133898400e-01 1.166338804604489521e-01 4.431401832340402525e-01 -7.522869317169023073e-02 -1.320415031126919714e-01 -2.327469655511992808e-01 9.909720714603112435e-02 -9.613932069852171303e-02 4.382819478802387619e-02 5.574831128310957229e-02 3.765242581708739822e-01 -1.896238556080667992e-01 2.268808258506749276e-01 1.930341165298044281e-01 1.567341176742637898e-01 5.647357315294113667e-01 3.191145526584477365e-01 6.858242420003735074e-02 7.134404442036725857e-01 4.032262972159449954e-01 2.328227467090775993e-01 6.238879560332368790e-01 6.112981914458855970e-01 8.975953050809611922e-01 8.560514737583431177e-01 1.712166072897886027e-01 6.198596321450922098e-01 5.604407413054940390e-01 5.569264325562578444e-01 5.379476789904555911e-01 5.848609616257027799e-01 6.067573753015315097e-01 5.001665291015147119e-01 5.075123152107106073e-01 6.674855860710572353e-01 1.756734769253915640e-01 7.167796416897314060e-01 4.855322443091247830e-01 2.992532266255102935e-01 3.990871719153863961e-01 -5.252075808437346727e-03 3.902315132016969113e-01 2.770957241666135995e-01 2.648399932510931420e-01 2.167747964477788059e-01 -2.306288284917538123e-01 -1.734100284584866314e-02 -4.686069377814392478e-01 -3.548645184132259156e-01 -2.109997833705825054e-01 1.388195575010672811e-01 -3.201800178714792749e-02 3.259549918827615161e-02 9.083825672881148949e-02 -5.739245969461699570e-02 5.342922406244976496e-01 -1.386265310849273402e-01 -2.134480772888252276e-01 1.283773829405331773e-02 1.396801152881465280e-01 9.902598044208459072e-02 -3.683589544760397516e-02 3.134120414082905426e-01 3.458054702877908504e-01 2.031905359865147365e-01 6.311954408823186036e-01 3.818349794508075212e-01
1.476366199472398388e-01 6.328082907530151457e-01 6.111167797931144063e-01 3.612462013193403210e-01 4.369624842175428570e-01 7.706715580885010741e-01 6.603691299689229410e-01 8.034237850404664094e-01 1.000000000000000000e+00 3.579624856191914173e-01 5.092308967295460231e-01 4.246132797797917968e-01 4.493124632687193198e-01 4.084669676711860653e-01 3.755393599362841228e-01 1.891925120306796049e-01 2.306408683760485523e-01 5.553705353216125129e-01 2.960061000901320627e-01 1.229501109616139461e-02 2.557581274463966992e-01 3.750252749713506306e-02 8.091100190201466758e-02 -1.313240634734879064e-01 2.418790672143001363e-01 1.452472448967399854e-01 -2.592798189236787676e-02 -2.474188903618635971e-01 1.110193569909386363e-01 8.859352434874311066e-02 8.370767855930828782e-02 -5.873308826953919926e-02 -1.350602642659929631e-01 1.274789836745734983e-01 4.577373425128801465e-02 2.580357260005097242e-01 -1.736425809905442486e-01 3.463817586606245114e-02 -2.323965575920378668e-01 -8.355597024109933865e-03 -1.292539249173113858e-01 2.414221286327732363e-01 1.230860393560668925e-01 3.923509642265988195e-01 -8.004745756513262367e-02 7.732872382989616766e-02 1.084096552341034560e-02 -3.412375647525953126e-02 6.198708876906802168e-01 3.449589589766182685e-01 1.545079237773721859e-01 6.571908418764432769e-01 3.099501826876973065e-01 9.602604598766313615e-02 7.080667693060378465e-01 7.799228670832719645e-01 7.569867961003469148e-01 8.190910135375335521e-01 2.470941758185224435e-01 5.202645326719682606e-01 4.124228910983590013e-01 5.057678701554204626e-01 3.911215290860088900e-01 4.751952495359172413e-01 3.813681043912476309e-01 3.166371035758870911e-01 4.187664481701565689e-01 5.562932170469462312e-01 -2.770920693055594144e-02 5.934753828576617707e-01 2.724929593598562350e-01 3.030030937373340283e-01 2.025283206903114863e-01 -2.678096876835204740e-02 2.162594078083553417e-01 2.938051047609598343e-01 7.636705107873995035e-02 -3.158202337786959746e-02 -6.965221052205813890e-02 -1.075127186486386915e-01 -5.592732983379750111e-01 -3.425388746085160085e-01 -1.366104271843483764e-01 6.819595052014777725e-02 -1.849395970103637488e-01 -1.384197378751274854e-01 -3.585630190303760317e-02 -2.282267829245101520e-01 3.973534642823899898e-01 -1.110230296243490122e-01 -1.778840372051787022e-01 1.510229125428519392e-01 -2.196206513133977609e-03 2.911026174193775407e-01 7.690364479405176201e-02 2.991680152031315210e-01 1.674020847256102451e-01 -3.405342906198924498e-03 6.783445538382822937e-01 4.020632324506602240e-01
-2.076056005850885830e-02 1.355572139974476342e-01 4.002630664347883171e-01 -1.629995710794859831e-01 1.338187237986262351e-02 4.809611852064105686e-01 2.319015270740990287e-01 2.426055612112711923e-01 3.579624856191914173e-01 1.000000000000000000e+00 4.946233431027399208e-01 4.228867951840463713e-01 3.432356514618444820e-01 5.609975907940998457e-02 -6.234118799445881320e-03 1.940016488199858280e-01 2.380590071331448176e-01 5.633670909275290822e-02 3.699887119795884638e-02 -3.365795074447908153e-02 1.173277371611232585e-02 2.937751577179071316e-01 -2.061610244174047479e-02 1.302750643022029531e-01 6.037614992207896991e-01 3.622066288615630736e-01 1.849582717945185140e-01 1.382802537772082618e-01 3.448854100510967968e-01 -7.326186844017321120e-02 -1.001030870921553323e-01 -2.429080127632694819e-01 -3.128275898282738554e-01 1.500272776695119048e-01 3.517941558110285194e-01 8.842644935521566663e-02 2.745946221201762683e-01 1.275140482985159807e-01 1.012002738863441026e-01 4.009455406244624154e-01 -2.124171213118238311e-01 4.362272504310483745e-01 4.664245904510878615e-01 2.653679434468241283e-01 3.030693557391294091e-01 2.796285289745252881e-02 -4.385874964515171226e-02 1.994877250859596052e-03 4.322874255165443103e-01 2.603910347813267467e-01 -1.428535695456968069e-01 2.215038335302667305e-01 -1.165879975293647869e-01 -2.253310724398673581e-01 4.544364378127611626e-01 5.251166863746681290e-01 2.057510023484939998e-01 2.251550913769591600e-01 8.051364481223555192e-01 4.798165281044627362e-01 4.022734625361333860e-01 2.740099580769703169e-01 1.790267025823927827e-01 1.016145402976688095e-01 6.247367062696943668e-02 1.351395609373355448e-02 3.234196112058566608e-01 2.010783762814855602e-01 -3.269694207759572119e-02 -2.698964616081898221e-02 9.293460109488671517e-03 2.787480750572367549e-01 4.070878172337813461e-02 3.035973830222423175e-01 3.118958917068341830e-01 5.983341941295335920e-01 2.973735323476419667e-01 -2.394865969941657735e-02 -1.596849216937260008e-01 -2.758848084936617040e-01 -2.805519004530390714e-01 -4.159077424703769843e-01 2.644572092655411155e-01 2.564387063744774098e-01 9.901782384950569282e-02 -9.845920886620462831e-02 2.956606305710250404e-01 4.492006287821236066e-02 1.281593734341943402e-01 -1.073449527233669709e-01 -2.953274532356779392e-01 3.156452694710920603e-01 2.384647677673982780e-01 3.437728566732985991e-01 4.235931183759712448e-01 3.281422040179627353e-01 9.122189018707402286e-02 -2.298269795573508467e-02 4.616282495958144438e-01 2.857675364453601818e-01
-4.578884660428762104e-02 4.065126347334632739e-01 4.165916078341688200e-01 2.888439877832123526e-01 3.758897981588958936e-01 6.182216807591869312e-01 5.932644681520972130e-01 6.123086676963536146e-01 5.092308967295460231e-01 4.946233431027399208e-01 1.000000000000000000e+00 8.160661121764017922e-01 7.190758776139711816e-01 5.886264068416785511e-01 5.584927750383822387e-01 9.542420069965616702e-02 5.630603568199247233e-01 5.473607977152463722e-01 4.800983467688872408e-01 3.224400093593420835e-01 4.023115279113543274e-01 3.737098154405642525e-01 4.199224259946481297e-01 4.034233823429107524e-01 1.159875717035638715e-01 6.677795210181680652e-01 4.512221750781121310e-01 3.397938655226198090e-01 4.416678987596554529e-01 3.815720094308695520e-01 -2.981024013203150691e-01 1.097221471993133600e-02 -2.282660980810302387e-01 3.777860843984104378e-01 3.897649125201660958e-01 5.500079998089503208e-01 2.981894563106227691e-01 -2.547580774042829121e-01 -1.455271883387468934e-01 3.523162914910766275e-01 1.043690191059689354e-01 1.661176986429596658e-01 3.721174697226253825e-01 4.370903782617531208e-01 1.190220471580167140e-03 3.897019078947867032e-01 3.249266862157338953e-01 3.462360886808313887e-01 5.491546802371700675e-01 4.433784599991452136e-01 -9.505161997821605369e-02 4.316011967314632436e-01 8.537060963630198340e-02 7.011217447197005959e-02 5.820210297989470982e-01 4.991420312884132793e-01 5.678561265577880546e-01 5.915292930157841633e-01 4.095380177857101400e-01 8.602827891497981661e-01 7.846793996136998128e-01 6.835535074389706978e-01 6.458945170242690326e-01 5.593782696654421294e-01 5.875349173743991127e-01 5.593857505971392419e-01 4.763812843208800607e-01 6.404085498089264750e-01 3.075851133748429000e-01 4.682740331658467037e-01 4.473127184055747940e-01 4.746509694914329835e-01 5.106936913531576749e-01 1.971826766284749954e-01 6.720272832497218296e-01 5.839103972548934651e-01 4.794001338095445486e-01 4.513569248135511081e-01 -4.552531645825220741e-01 7.988673139460967035e-03 -1.721501781605899728e-01 -2.317865775396889261e-01 -5.648089184043481731e-02 4.008098467612423166e-01 2.694518857502603559e-01 2.308368351990773004e-01 3.940387937482116021e-01 3.168389245774985707e-01 5.743365731949457986e-01 8.535560500394960559e-02 -3.486921782584501139e-01 -6.907609520590476948e-02 3.205082259249278365e-01 1.547720588728548896e-01 1.829322642292768308e-01 4.593433580190906529e-01 5.176818089773714826e-01 3.805477602892672895e-01 6.551261464339414031e-01 5.109246228557009495e-01
-4.739259204738191511e-02 3.238549831118200939e-01 2.899726287175598549e-01 2.901822389797081847e-01 3.637084987415856174e-01 4.807761368052956841e-01 5.912519878460296141e-01 5.421991461732342810e-01 4.246132797797917968e-01 4.228867951840463713e-01 8.160661121764017922e-01 1.000000000000000000e+00 7.066664228744649057e-01 5.819264911649014715e-01 5.633055985217176875e-01 1.222222163399043354e-01 6.070551223628712911e-01 5.460930706836469861e-01 4.887610679057238783e-01 3.791728709386210094e-01 4.477303688593508579e-01 3.393156364621019994e-01 4.571983597741639538e-01 5.175932679500577782e-01 -6.870582682839164630e-03 6.770827660932144942e-01 4.420008805354088133e-01 4.148813802886348046e-01 4.648021194943016132e-01 4.044863818315190263e-01 -2.310270684541735342e-01 2.622724732554592222e-02 -2.095054116785901865e-01 3.940804279715265368e-01 3.610329314122669442e-01 5.949185061397890273e-01 3.258486082516620086e-01 -3.296304719637240255e-01 -1.515663361747655313e-01 4.230832346054106408e-01 1.502238215571080893e-01 1.563380172000388146e-01 3.033631138383934833e-01 4.234540593897828664e-01 -8.116315145745095494e-02 3.730926020315352698e-01 3.767148190231978111e-01 3.716275715712413219e-01 4.373633614596779684e-01 3.698706091774168203e-01 -1.513061485854289290e-01 3.376699420401037544e-01 1.179035668747921844e-01 1.552260965784511004e-01 4.524045920816989752e-01 3.410240568824454144e-01 4.684514582305800423e-01 5.607306288788818094e-01 3.717643633617913057e-01 8.833654025586142877e-01 8.658136525738854283e-01 6.723828092338598461e-01 6.353662865743195942e-01 5.070086573627737847e-01 6.110018653909825570e-01 5.502141502025057473e-01 5.558649085303118964e-01 6.095882916536317087e-01 3.499262143521117974e-01 4.523916014734866708e-01 4.894465097906310902e-01 4.004764452387453710e-01 5.443786250010829164e-01 2.697784787844108578e-01 7.708995895127092046e-01 5.699935820238445361e-01 5.294048090692481390e-01 5.166024184791002671e-01 -4.676409488313229557e-01 4.454847802151352953e-02 -1.143412900094675361e-01 -1.645637259158145294e-01 -8.343374573110950987e-02 3.470527973931364363e-01 2.702090071931188553e-01 2.965917661416225815e-01 4.326705929124358696e-01 3.448488811550172728e-01 5.852051460438545405e-01 1.165936256861896392e-01 -3.436341403579194487e-01 -1.848551360040001090e-01 3.733404978543276576e-01 4.338173971655590044e-02 1.264179629153538431e-01 3.850821161071784071e-01 5.082740919049684170e-01 3.998941209559353505e-01 5.259102716936603361e-01 4.053069487501580470e-01
-9.638290859126691368e-02 4.222256041943081017e-01 3.798892149120856598e-01 3.384842643135711482e-01 3.766918686564266205e-01 5.357050928851551097e-01 5.939400151643589032e-01 5.620217327774845728e-01 4.493124632687193198e-01 3.432356514618444820e-01 7.190758776139711816e-01 7.066664228744649057e-01 1.000000000000000000e+00 7.082430667874477503e-01 6.329718574659924935e-01 5.975924965287751633e-02 7.481633852462078460e-01 6.583377069948346261e-01 6.781614512890200563e-01 5.107518281777965186e-01 5.589014169230926976e-01 4.932315753917565493e-01 5.416031861250999446e-01 3.545135720239005472e-01 -4.999484519224831752e-02 5.739740439123911520e-01 5.454614612424437681e-01 4.313319512963617597e-01 5.678791819780556471e-01 5.219004306203258725e-01 -2.540677169544747205e-01 3.251815650752757497e-02 -1.714265215812366683e-01 6.406330877700404658e-01 4.567484605118531937e-01 4.570991922508312877e-01 3.544318205515659681e-01 -3.556936476306094552e-01 -1.120548020547630919e-01 2.820393307445266395e-01 5.931220533064859163e-02 7.267966301648884353e-02 2.553845094503310320e-01 3.017554882120705995e-01 -5.621993228153903538e-02 4.954897359307407489e-01 4.657167324132960862e-01 4.804743248207416495e-01 4.410908995055477511e-01 4.873280181958885571e-01 -7.729521910552258901e-02 4.174283280111846239e-01 1.623703278959894303e-01 9.022650698675370451e-02 5.117277787008812640e-01 4.349826086034830341e-01 4.994821385327818386e-01 4.913345385177471103e-01 2.648532342099882420e-01 7.236595708719840703e-01 7.017059261981711815e-01 8.523904456140477537e-01 7.918585629182425256e-01 6.667142532069642025e-01 6.989256029063272146e-01 6.248688115143785637e-01 4.103535568160143754e-01 8.005208757693400567e-01 5.393979947119366125e-01 5.475415790209980926e-01 5.987892491170248022e-01 6.242122652676310723e-01 6.411235602423528412e-01 1.167847509974297981e-01 6.165243808508024115e-01 4.355676595795138217e-01 5.898017310577335914e-01 5.502677750845793581e-01 -3.924279454487881735e-01 1.166412929280592065e-02 -1.799766101267265550e-01 -2.590040804885089809e-01 -7.229062985395919017e-02 4.545606835756606512e-01 4.200891147076258325e-01 4.303886044162247293e-01 4.202933406821621753e-01 3.434705177107301166e-01 6.122588929016996584e-01 2.491731431469209473e-02 -2.680692046316401345e-01 -1.479775385936095977e-01 3.584503352128153297e-01 8.843194858697975280e-02 7.697381481753989840e-02 3.426651997954903162e-01 6.011719102958515970e-01 5.239418923003170692e-01 5.026449078417287719e-01 4.722366374184610027e-01
-3.444707788473090615e-02 3.965602747417739105e-01 1.309134135724811243e-01 5.667833260826037334e-01 4.499185879128762555e-01 3.221700131997391470e-01 6.497680843149289398e-01 5.919027765984626877e-01 4.084669676711860653e-01 5.609975907940998457e-02 5.886264068416785511e-01 5.819264911649014715e-01 7.082430667874477503e-01 1.000000000000000000e+00 9.097220761911763987e-01 1.708164528114846509e-02 5.792774952454317061e-01 6.868622202076525296e-01 7.622079477815135728e-01 5.641388995725221678e-01 8.172816255534035568e-01 2.446864762570446217e-01 7.842216856812863623e-01 2.947471522721397119e-01 -2.398894504696376939e-01 3.207890743457434968e-01 4.105462240044019939e-01 3.382602310078707264e-01 4.741537422400174395e-01 7.738712252778745526e-01 -1.237688020060567634e-01 2.866787224197358541e-01 8.208411703169748996e-02 3.875406760587538635e-01 2.064914571541346389e-01 4.701301477454559175e-01 1.225207290540972771e-01 -2.952905959574615991e-01 -6.042674542452686551e-03 2.013217717529705852e-01 1.624246213496716718e-01 -4.742036446659545629e-02 -5.462294675586269049e-02 2.549900757749160030e-01 -2.887078298207625404e-01 6.429892988228289585e-01 7.168846920095597319e-01 6.184312198613751699e-01 2.458179064451758156e-01 2.930923790510117644e-01 9.302787260264246127e-02 3.310920425367077091e-01 3.541430381442992048e-01 3.137065714838213060e-01 3.087524330446002052e-01 2.269137353295592185e-01 5.637815043453348052e-01 5.433013318278986370e-01 9.424642773410733809e-02 6.009079646410599995e-01 6.154379452720363242e-01 6.490790610896368662e-01 8.097913111795196350e-01 8.343235206899760614e-01 8.823431345855383690e-01 8.953565212800617124e-01 4.097960027384442983e-01 7.401447336592703596e-01 4.405773884859919831e-01 6.231467166928429391e-01 8.058622886576979338e-01 3.846284669600166795e-01 8.080229172581692154e-01 6.266661966390216221e-02 5.231173636584884878e-01 1.331728642570135235e-01 5.168950975702396589e-01 6.926629081354394035e-01 -2.803646138150240885e-01 2.581816055553426414e-01 -1.207974624676407954e-01 -1.656517193416019718e-01 -3.475345991305280324e-01 2.182678690051422510e-01 2.933176173747130688e-01 5.763336569449726277e-01 2.702014434578646207e-01 2.776981968040234672e-01 5.573757166531365659e-01 7.456264685590037467e-02 -8.092662764106658968e-02 -2.172193064672663099e-01 3.513202415605428675e-01 -6.743280605739793154e-02 -2.391212520560184462e-01 2.680029073906157744e-01 6.715310887342219592e-01 6.688357533825086687e-01 3.301484132125259152e-01 2.617438888390728469e-01
-4.575745141061762084e-03 3.997734061007589546e-01 6.426638805195748760e-02 6.268676485569347756e-01 4.734894788867713422e-01 2.590063431991684317e-01 6.186265666651438178e-01 5.742733369265687893e-01 3.755393599362841228e-01 -6.234118799445881320e-03 5.584927750383822387e-01 5.633055985217176875e-01 6.329718574659924935e-01 9.097220761911763987e-01 1.000000000000000000e+00 2.522315964951581113e-02 5.064876999187978290e-01 6.796318564651502303e-01 7.120318492958918055e-01 5.667398607212734696e-01 7.665679649473025048e-01 1.532510907599981820e-01 7.551805738379471222e-01 3.010333586933233163e-01 -2.538001224354569652e-01 2.903861811185132202e-01 3.696409958061136480e-01 2.944467208363692468e-01 3.816776313083742878e-01 7.848820154148958839e-01 -3.894199143275777625e-02 3.764366705355906007e-01 1.776159018470186979e-01 3.080271175254182814e-01 1.373123112153050718e-01 4.729935396173821638e-01 3.568064303466467191e-02 -2.724514857363374842e-01 -4.212538503815164981e-02 1.477137484670804635e-01 1.586581851045546498e-01 -1.016184402658580344e-01 -1.197192903083255933e-01 2.399488315756872492e-01 -3.465512274276839055e-01 5.924294468092434762e-01 6.682135093562057149e-01 5.513226219963009989e-01 2.018363647726913734e-01 2.135119272473983976e-01 1.717499772554931525e-01 3.240989780589776936e-01 4.078920200605928859e-01 3.992957722388523756e-01 2.536679242432350878e-01 1.716171765869226873e-01 5.589768428933984401e-01 5.242547955231398049e-01 5.543933501604465797e-02 5.742603002644426358e-01 5.810494840714401921e-01 6.048130960715185633e-01 7.809870005274075488e-01 8.098624866573205239e-01 8.679328179359274698e-01 9.277371675732684064e-01 3.846963924374989241e-01 6.879522503523978205e-01 4.084256510502068949e-01 6.400991846702364096e-01 7.885597822969635518e-01 2.964900436958445851e-01 7.848828758864474509e-01 1.241194134170444524e-02 5.078263955181187006e-01 7.529239289701711302e-02 4.709565000923585654e-01 7.299045600550431168e-01 -2.207097960472125808e-01 3.542601897964064994e-01 -7.402279558948444971e-02 -1.371662665962903593e-01 -3.865456351258674816e-01 1.514471270824868099e-01 2.334281181584613452e-01 5.224921366249027921e-01 2.088876714277912994e-01 2.464836105954178735e-01 5.322129069522141265e-01 1.052424834559388851e-02 -1.959154198002175176e-02 -2.536836207619644901e-01 2.887021022669253867e-01 -1.366458224017127743e-01 -2.976880969046134529e-01 2.611632845833931071e-01 6.359148885972643050e-01 6.184665272466198793e-01 2.915138160845170412e-01 1.959117687675108188e-01
