1.000000000000000000e+00 8.288869020787631436e-02 5.325188517104948449e-01 -1.990721790264756708e-01 -1.144078766070422831e-01 3.343860626108492440e-01 3.319009832219547151e-01 2.877611188012044741e-01 2.513027359582602482e-01 3.763117832243326882e-02 -2.488913628124841404e-01 -3.035774454246143450e-01 -1.086790720238268171e-01 -3.538590856689062258e-01 -3.880291834098992254e-01 3.267763085193222117e-01 -1.553490365024277342e-01 -2.398007898133668325e-01 -2.701314394244623829e-01 -3.518047804297330106e-01 -2.925005425582255514e-01 -3.027916909495443898e-01 -3.584420105669382517e-01 -1.990508434615378131e-01 1.762876565812314666e-01 -2.232416118718687226e-01 -3.538340219055033375e-01 -3.921188978379827605e-01 -2.420701984894878811e-01 -3.688699884305348120e-01 3.527178488458823646e-01 1.113726123652169081e-01 -5.525463807765716717e-02 -2.923098097192644018e-01 -2.817138759063275710e-01 2.978132377478789200e-02 -3.595889935043730112e-01 3.860354362695419539e-01 -1.901697794623611604e-01 -1.609435851056864319e-01 -9.085684673484464846e-02 -2.594517472695406779e-02 -2.205173201015759310e-01 -9.833851862286259460e-02 -7.168080547147760717e-02 -3.779374540748376421e-01 -3.390802555754754422e-01 -3.555269900855775322e-01 2.346791571596345272e-01 -6.892598160289235831e-02 2.222620835129592021e-01 2.280166270696575848e-01 2.886196959678240682e-03 -2.392111291321108724e-01 3.010172446235501731e-01 4.976045515683339970e-01 2.984912990021691415e-01 1.961128839270528668e-01 4.958389372868727413e-02 -1.558604818659479474e-01 -2.350013182277356782e-01 -4.390474966648571370e-02 -2.403267381972783168e-01 -1.683630247381146250e-01 -3.025888840006163427e-01 -3.717953972843490718e-01 3.437947010406303128e-01 -1.593421965849236011e-01 -3.196706936116263109e-01 -1.553873463108200459e-01 -2.503480295068795658e-01 -2.197144762679164864e-01 -2.999697025606246625e-01 4.049168834089200003e-02 -2.770468295337499831e-01 -4.645432652836147674e-02 -2.215411698766126258e-01 -3.611254137320132340e-01 3.752709843885831953e-01 7.685851780886744644e-02 -2.037312993599007527e-01 -1.890298351950915334e-01 -3.269567883882473769e-02 -2.042388380568801176e-01 -3.137323618281798177e-01 -3.461478392380780700e-01 -3.203101209723072662e-01 -3.962645180840281278e-01 -1.073909341537638146e-01 -9.112807756470633902e-02 6.864127617927408276e-02 3.190814505133024448e-01 -1.751900729512803068e-01 7.152456606814108775e-02 -1.298206626168453559e-01 -8.761539672741183726e-02 -3.454483652888449274e-01 -3.001877987868171171e-01 2.359335061137948220e-01 2.231969252063376128e-03
8.288869020787631436e-02 1.000000000000000000e+00 3.539707187072785310e-01 6.287236804856224381e-01 6.862885449978616270e-01 2.933321103109398087e-01 1.035009653600228036e-01 3.773517157368316277e-01 2.968794013239566265e-01 -2.985560981769549982e-01 -9.441823372748764376e-03 9.117430771295859104e-02 1.678824132944680414e-01 2.388663848272826462e-01 1.697246704171812837e-01 3.942195733093314947e-01 9.364558414135705500e-02 3.297676783307453285e-01 1.598131745747378429e-01 2.408608542208268144e-01 2.333292429395538714e-01 1.269156441715474370e-01 2.076675406789590672e-01 -2.120425016295125753e-01 -3.675589377142785552e-01 -2.119882695763744551e-02 1.925422841537381968e-01 4.432733682573982564e-02 1.664803996347093973e-01 1.626802693624166962e-01 -1.521444524622259931e-01 3.329846982423420032e-01 2.378926790297668792e-01 1.023794964919377271e-01 2.089252534524413396e-01 3.207446525283375038e-01 1.495903126639877290e-01 3.208006798200908893e-02 7.430327020512750291e-02 -1.342954670770203363e-01 -1.009518831108622838e-01 -2.137595980965020792e-01 7.140417621847161556e-02 9.006671184708810174e-02 3.480874893592037292e-03 1.529741848329090048e-01 2.412380312529847082e-01 2.290215597845929041e-01 6.869215279474247260e-02 1.515492332099773465e-01 3.905526177697866697e-01 8.410510287903731896e-01 5.419888263307516274e-01 5.867100364571914417e-01 3.854969931688533302e-01 1.208584859580337512e-01 4.674319754068759769e-01 3.825893945479150182e-01 -2.838124212330369045e-01 -1.932391704486020531e-02 -6.805038215234884835e-02 1.103642141776940977e-01 2.041989044306961876e-01 1.005365904016349843e-01 2.181680232099497962e-01 1.078369521823580313e-01 -3.160102541698811378e-03 1.429109155197818559e-01 9.154714551769443931e-02 2.585998454773038580e-01 1.327821965921639202e-01 8.003905043192523217e-02 1.476790833042646855e-01 -8.832654489622325522e-02 -5.663479080114143527e-02 -1.735793310664671962e-01 1.956577129579506469e-01 1.762219073469289687e-01 -1.182000471448902551e-01 3.513765618488623454e-01 -1.127739625345348246e-01 6.469033322077458181e-02 5.562645829418602986e-03 1.640404331299284701e-01 1.728580679743351445e-01 1.441359327671625778e-01 1.665140657819374759e-01 1.029031856291197505e-01 2.517654092304200675e-01 -2.273090143009567354e-01 1.887168752284307249e-01 -1.148615720144623709e-01 9.571774991240836195e-02 -1.242713124902894012e-01 -1.448079336053282873e-01 4.803466498516918703e-02 2.121051861606624012e-01 9.360107711384753337e-02 1.447899372227472725e-01 5.701683825962839541e-02
5.325188517104948449e-01 3.539707187072785310e-01 1.000000000000000000e+00 -1.720338844522747990e-01 7.332212004244667569e-02 7.342419412138605495e-01 5.251667579307395251e-01 6.791124874857061844e-01 6.992605173528919638e-01 5.924045379307631143e-02 1.172109505425524695e-01 8.767291665838643222e-02 3.035193646652728505e-01 -2.490154137944806945e-02 -7.234776755086405609e-02 3.970145380360754622e-02 1.437963720711315785e-01 5.420087054769826690e-02 -3.373200651446453448e-03 -2.237692787964640218e-02 7.376854847076813604e-02 -1.003233885667385861e-01 -1.622469682488166809e-01 -2.528084765966730034e-03 1.235550408925418508e-01 9.441617548720883379e-02 -9.436523528312780462e-02 -1.572323664466358795e-01 9.012257848509459823e-02 -2.328449452663960695e-01 -2.758291524088753513e-02 -2.170372924417561522e-01 -3.776063804244477184e-01 -1.038986260534839785e-02 1.775311653090354616e-02 3.880776856329977709e-01 -2.266094319714575395e-02 1.263800523504585160e-01 -3.171776089397900233e-01 -5.283905115316502726e-02 9.733022146650434359e-02 1.395913418783711057e-01 4.725112824693786240e-02 1.852712020631255563e-01 1.792499527445711449e-01 -2.089009980938168753e-01 -8.402053206284705589e-02 -1.758764738767037428e-01 5.045196945084114981e-01 2.373091816827856138e-01 -9.482858206264449530e-02 5.081283969499071906e-01 1.786537540107632814e-03 -1.123660354375987797e-01 7.193490042416728070e-01 7.359881864233898119e-01 4.318821546811508205e-01 6.420732075691050200e-01 4.532571649630515176e-02 1.611438891694436382e-01 3.198178993246739155e-02 3.098342922563255275e-01 1.263649136400246398e-01 2.012582163899240273e-01 4.567396281172447087e-02 -6.761424129422415052e-02 2.272356560987371099e-01 1.949930272297172862e-01 -7.615279995871052088e-02 8.027913515897228125e-02 5.364655169969891751e-02 -3.999038231603534860e-03 -8.466400903257911836e-02 5.916408280541500531e-02 1.380345316754008969e-02 1.606673985115600334e-01 1.531863738658065799e-01 -1.721075291946318753e-01 -4.662111291556959858e-02 -1.517741941099146064e-01 -1.134267154009108436e-01 4.835208130163966105e-03 1.688331528008650551e-01 2.311606193153672995e-02 -8.556245587544933362e-03 -1.863550725493880733e-01 -9.713520097484681579e-03 -1.745595568581436441e-01 2.747855705876592336e-01 3.636327318708581363e-02 -2.029828679885901654e-01 1.696389684743849768e-01 -2.318781961362314237e-01 1.559474530600969133e-01 -1.245499265288764305e-02 1.765178811765590605e-01 -1.557911135681727677e-01 -1.494561693808789671e-01 4.972453443434610709e-01 2.362037821597818554e-01
-1.990721790264756708e-01 6.287236804856224381e-01 -1.720338844522747990e-01 1.000000000000000000e+00 7.222084904803751648e-01 -7.084177966986042463e-02 -1.286336382524899680e-01 -6.999085647906537477e-02 -1.371268130092936355e-01 -3.583785749697695477e-01 3.534484658438198125e-03 1.637211955191396340e-01 1.476583223179400994e-01 4.496494672242608015e-01 3.635241654514823617e-01 3.772955676266553926e-01 8.475531001159425371e-02 3.564137483412584961e-01 2.518710717447235070e-01 3.158570459745967396e-01 2.697317082696734647e-01 3.242797633380501976e-01 5.054562446415001853e-01 -1.454496209222151115e-01 -4.244394054252393911e-01 -4.241906019615544580e-03 4.551640787305053504e-01 2.990672055984990307e-01 1.699918043908824061e-01 5.012073706096571435e-01 -2.233197378263555022e-01 5.795415892921301770e-01 5.549474124989982604e-01 1.618394934543506136e-01 3.961739202401854398e-01 1.569475358275410348e-01 2.396041821304790154e-01 -5.152485117754948205e-03 3.341719699986784309e-01 -4.908250300174503422e-02 -1.378576187417658583e-01 -2.147699133331150423e-01 1.295960092534207131e-01 7.590854424122484012e-02 -1.081967328573415349e-01 4.947922454054879959e-01 5.383849851611336446e-01 5.262694936148305525e-01 -2.180730583049531601e-01 5.589198861965122972e-02 5.348896501881489352e-01 5.600220292049079562e-01 7.098950172277848081e-01 8.705706386265743557e-01 -4.581369282851818769e-02 -3.101101546522689323e-01 2.715006419814036676e-01 -4.767132558540027737e-02 -2.886723888747463329e-01 -3.135488372613001035e-02 -8.094577035232701024e-04 6.302403400569531189e-02 3.299800929165016550e-01 3.441727996843826215e-02 2.965348216665856240e-01 2.697020170050138388e-01 2.404222026283245328e-02 1.215428981200061681e-01 2.673875860477863409e-01 2.098196064461682331e-01 1.268024324285830229e-01 1.827458003757662652e-01 4.161260301482355706e-01 -5.708386393547035947e-02 1.009625631894937696e-02 -1.559223691499603270e-01 1.775521634761889900e-01 4.603960994614466617e-01 -1.482402569099604550e-01 5.653829832328202132e-01 5.255511992456888409e-02 1.029803929282623737e-01 -6.060218889481764487e-02 3.193130619667758907e-01 3.240715852902807947e-01 4.631816984817100358e-01 2.887512238437431322e-01 3.470158525489979717e-01 1.667060185746474799e-01 -2.677135380283724442e-01 3.971605618991277398e-01 -1.912908154685498963e-01 3.334669983670331961e-01 -1.379347835720113880e-01 -5.019993393248765867e-02 2.082059962999058267e-02 5.325129939780752775e-01 3.770110001822595258e-01 -9.579219524333598690e-02 -1.711978303399000825e-02
-1.144078766070422831e-01 6.862885449978616270e-01 7.332212004244667569e-02 7.222084904803751648e-01 1.000000000000000000e+00 2.013673501355517093e-01 -1.458329047037261461e-01 7.925916788912450162e-02 1.477989656410934605e-01 -4.662703196732919664e-01 5.965287956365134675e-02 2.312936588707149022e-01 1.934327340279431151e-01 5.289796480101289777e-01 4.504715669681756962e-01 2.327555698799107786e-01 1.903917154017835955e-01 2.588517818634871182e-01 3.604272172548381725e-01 2.989596048148095431e-01 4.162616579305709608e-01 2.305667835702961965e-01 5.629185461602833618e-01 -1.113510719808573080e-01 -4.139412001242097627e-01 1.377324792175999568e-01 4.524956941601600557e-01 2.970562516303558165e-01 3.034665674279596881e-01 5.121919701516099988e-01 -2.899270439827629220e-01 4.978706526410734412e-01 4.428576770611291069e-01 1.296884015787036493e-01 3.373685925651505046e-01 2.921897921107592389e-01 2.562704577663140193e-01 -1.602059787912993027e-01 5.629488949195713549e-02 -2.709035039580151571e-01 -2.295456375621026945e-01 -2.116091520866796583e-01 1.554485728262422484e-01 1.316248903215862243e-01 -5.770565621688016761e-02 4.683700993813360025e-01 5.504511904189182125e-01 5.040484839801099293e-01 -1.128129094134132926e-01 1.167721623760408813e-02 4.737735714229504569e-01 6.240826721202631377e-01 6.344252215975842990e-01 7.762211093017652441e-01 3.134412166775932818e-01 -1.422868005675405056e-01 2.641050893520996978e-01 2.404036104142545371e-01 -3.521020744010623371e-01 1.316291817799678703e-03 2.208230799075353371e-02 9.654494610048064418e-02 3.534141434926991732e-01 1.828144502281358053e-01 4.280357761538916561e-01 3.826254872531636431e-01 -1.419812752685297164e-01 2.402353291024436899e-01 1.841209766715513063e-01 1.341614215351041584e-01 2.248054228254256215e-01 1.336074867111467779e-01 4.672822803243981138e-01 -1.885799317062060165e-01 1.018721688395817504e-01 -9.161898698156285825e-02 2.883950405080812907e-01 5.075197329539600233e-01 -2.199501993774985731e-01 4.920336262516583625e-01 -3.170767143969904778e-02 -4.503506025596901163e-02 1.831680238718674873e-05 2.259117258460656696e-01 3.921350452021926669e-01 3.463988404500797369e-01 2.761735104538366459e-01 3.492573860364764360e-01 1.936024808229000471e-01 -3.542177844726309699e-01 3.235606923087629427e-01 -2.540908818058714158e-01 1.425729933056186782e-01 -1.756628769927000566e-01 -9.732682941380094155e-02 5.945415262952286756e-02 5.277127146094968690e-01 3.579182447589668858e-01 -2.882363501461452857e-03 -3.122804509894493152e-02
3.343860626108492440e-01 2.933321103109398087e-01 7.342419412138605495e-01 -7.084177966986042463e-02 2.013673501355517093e-01 1.000000000000000000e+00 5.626426479672175240e-01 6.384570686522941241e-01 7.779174296956931078e-01 9.163187575549935904e-02 2.068271673486378470e-01 1.634756779262558635e-01 3.252634884922252501e-01 1.084734973632127120e-01 3.325487114591468146e-02 -2.829938055762949017e-02 2.144596508333957985e-01 1.082642463263541188e-01 1.065110981720916866e-01 4.971561660957262568e-02 1.558111377564598832e-01 -3.234153830961589149e-02 -3.645177490142323395e-02 1.899280946634106237e-02 1.786770545058151416e-01 1.560756913991309391e-01 2.116003525160719059e-02 -3.686672345081573599e-02 2.137838281236811577e-01 -1.442849916270473876e-01 -9.521677075414716751e-02 -1.700468019755052018e-01 -2.741760890279582030e-01 1.215732715930706309e-02 1.019486791620059646e-01 4.918417930233338065e-01 7.711470860914988734e-02 6.881575642222848010e-02 -2.396383952465522271e-01 -4.556968482950212590e-03 5.464650588574169326e-02 1.322193537690449783e-01 1.048814182098010556e-01 2.589324698037866468e-01 2.090376536062269475e-01 -9.981806098574017017e-02 1.428899815547904004e-02 -9.896798043187375604e-02 6.170903070120580258e-01 3.185720867992453686e-01 -7.072388717141835091e-02 4.540136255245701413e-01 9.423210274580785806e-02 -2.201475032624975250e-02 8.088855798714886802e-01 7.590366202733930256e-01 4.381422255436780988e-01 6.619208888818466363e-01 1.194550484605898660e-01 1.959401480896735825e-01 1.115975425444428182e-01 3.257852920580435185e-01 1.738811915736181712e-01 2.626772852271762049e-01 1.302081768997346567e-01 2.819732616547995438e-02 2.792865848678269258e-01 2.726976905226631831e-01 -2.272331754723247443e-02 7.360488816020797909e-02 1.277931765132650221e-01 4.903952146088725456e-02 -3.661281997477704338e-03 1.094573641337269893e-01 1.216346910360240341e-01 2.487297802586684592e-01 2.519647328823111931e-01 -5.932161712097537565e-02 -1.088848021061305238e-01 -1.550787146928163940e-01 -6.321658668855741070e-02 -4.216116536693625266e-02 2.035479179592477317e-01 8.809462009798890714e-02 1.224437958418243544e-01 -1.359969181586616060e-01 9.645336571412693738e-02 -5.492123742142095144e-02 3.674384859210557686e-01 -1.348072789954898355e-02 -1.796682968098249900e-01 7.999255248040036681e-02 -1.578082029995956093e-01 1.640916315314868146e-01 5.509213405788803558e-02 2.428020293745418168e-01 -3.575758635763620630e-02 -8.793681725883877032e-02 6.076109227338147845e-01 3.264430357766336943e-01
3.319009832219547151e-01 1.035009653600228036e-01 5.251667579307395251e-01 -1.286336382524899680e-01 -1.458329047037261461e-01 5.626426479672175240e-01 1.000000000000000000e+00 7.134354414762722474e-01 5.507603140358404703e-01 3.604215617544639927e-01 1.338568595955479668e-01 2.605864986181199994e-02 2.147311062310779395e-01 -1.338470410755114581e-01 -2.269228328955159302e-01 3.618450340030966716e-02 3.773640056070132198e-02 2.020524027089826702e-01 -1.040944207829599261e-01 7.731914425616623430e-04 -4.253462676906401979e-02 -3.989319018507729575e-02 -2.573779395418975269e-01 6.213890633739776320e-02 3.455977561067171688e-01 2.002913582292347242e-02 -6.958459789484773561e-02 -1.096169815167394035e-01 6.219932765212209808e-02 -3.227411243458866985e-01 2.146049289393621787e-02 -3.091651568820412144e-01 -3.959762958921166920e-01 3.374621823034917867e-02 4.998793096255445961e-02 4.313973375661823706e-01 2.852138480945598173e-02 1.701489312207113969e-01 -6.150970352721626955e-02 4.291600619883766399e-01 3.217903145112814833e-01 2.181603148270620796e-01 5.701624305088697116e-03 1.028413026049761342e-01 2.746580065999588705e-01 -2.014717208292410855e-01 -9.190795023425060717e-02 -1.774324452276523356e-01 7.229069805882730737e-01 3.970410870294809880e-01 -2.019667972122544675e-01 2.456269981573884487e-01 7.910536826716743630e-02 -1.616944313773634734e-01 4.566986514408079012e-01 6.308963771459699110e-01 5.170148557245111132e-01 4.597379628101705418e-01 2.684901786462631224e-01 1.716305923043695003e-01 8.898702533861836683e-02 2.202021749808589501e-01 4.378288153108569197e-02 4.876401978862902127e-04 -1.018104287679914843e-01 -2.655198095126533042e-01 6.376997840048380661e-01 6.966045187637286140e-02 1.921204512009089260e-02 1.619494010567888442e-01 -1.963143913253857439e-02 4.753988020621761207e-02 -1.394248853243333641e-01 4.653280245227463530e-01 1.297481565662571626e-02 2.828548411985049027e-01 1.237242073805207565e-01 -2.504446927716311166e-01 -3.757620453316086462e-02 -2.815034886395293978e-01 -5.947970051906475986e-03 1.178059715496327514e-01 2.381314150655771678e-01 4.142444998360451935e-02 4.315531449175936084e-03 -7.085015504605252090e-02 8.101587761610244687e-02 -1.616255602465403174e-01 3.365766340155339487e-01 2.541667864187783232e-01 -2.876206137443860222e-01 1.477407675995167091e-01 -1.626239969411987646e-02 2.325170849034963183e-01 1.280604198379192982e-01 1.792358945562898820e-01 -1.651828786135076943e-01 -1.411874428299363105e-01 6.269387973326185914e-01 4.421749654009027308e-01
2.877611188012044741e-01 3.773517157368316277e-01 6.791124874857061844e-01 -6.999085647906537477e-02 7.925916788912450162e-02 6.384570686522941241e-01 7.134354414762722474e-01 1.000000000000000000e+00 7.486421807993853816e-01 2.306750037638208572e-01 2.046475671951457631e-01 9.556777736040683591e-02 2.902321139611225842e-01 4.274304063288215244e-02 -3.443133863241126802e-02 3.656227550827478162e-02 2.036866070167148712e-01 3.862181879595006362e-01 1.015099316050400158e-01 1.241401959439823177e-01 1.787712017057970781e-01 -7.408091423953907899e-03 -8.788583254177667614e-02 1.510464671027627638e-02 1.821906666475400505e-01 7.241244059263017563e-02 -1.995193804352928674e-02 -7.221463523779496352e-02 2.274640969980069038e-01 -1.929724834744938056e-01 -6.190203892274918213e-02 -3.338092804481624931e-01 -4.408227034069094330e-01 1.610035943129000113e-01 8.618852968120523095e-02 5.149210825612472453e-01 8.023666541417368014e-02 1.812289635272735025e-02 -1.971273910067408430e-01 1.669185038379834840e-01 2.137728301490658400e-01 1.642460114351397826e-01 2.802393166632453914e-02 1.265811529687834169e-01 2.540496975283622061e-01 -1.377851842621860834e-01 -3.624130825112567567e-02 -6.005855252381897547e-02 6.330568440594670498e-01 3.479251836906021578e-01 -2.053693435258737987e-01 4.858586229696115755e-01 3.677186980029414909e-02 -5.926407289578724397e-02 6.732113711273213230e-01 6.597696898801147514e-01 7.059344686579936967e-01 7.562574715442292872e-01 9.924411609564577630e-02 2.469923296106002475e-01 1.364262999864450099e-01 2.505105999294696684e-01 1.183285322905505837e-01 2.126220268670178104e-01 9.803550770572191930e-02 -6.257366733784730517e-02 3.446540875586300845e-01 2.436622381097169054e-01 5.357073747210765874e-02 3.460679208756380354e-01 2.078293417129437326e-01 9.524238090081528496e-02 -3.211937245122045009e-02 2.214543354188828750e-01 2.575977228085306672e-02 2.096065498968585905e-01 2.782079714199585663e-01 -1.259573019030652552e-01 -1.345527564241690011e-01 -3.254761074286890987e-01 -7.932760188120900613e-02 1.028263713198047241e-01 2.321706322435306002e-01 6.705883016437856614e-02 1.044654171732604803e-01 -1.092601550149226719e-01 1.340664943058249570e-01 -7.054683544900580694e-02 4.059611561835175797e-01 1.446308269969385496e-01 -3.261198420157239708e-01 2.705205244949307822e-02 -1.680074312748213172e-01 1.548297735376698570e-01 3.443413327177229089e-02 1.684723322483946129e-01 -7.855914497367148808e-02 -5.835889700927120866e-02 6.071018437777894183e-01 3.366481193443677244e-01
2.513027359582602482e-01 2.968794013239566265e-01 6.992605173528919638e-01 -1.371268130092936355e-01 1.477989656410934605e-01 7.779174296956931078e-01 5.507603140358404703e-01 7.486421807993853816e-01 1.000000000000000000e+00 1.077177921487709744e-01 2.211148200682671316e-01 1.425725347011921329e-01 3.041059347832384407e-01 1.241673957244717463e-01 6.972123261782732506e-02 -6.823615598214291533e-02 1.472064353358238653e-01 1.838303814443940642e-01 1.136775733148028544e-01 1.645421574313476465e-01 2.248905340449341428e-01 -6.164409537987548815e-02 -1.794760763208000723e-02 1.245917586737069205e-02 1.126884695944654208e-01 9.496478887941280089e-02 5.013645363155305734e-02 -5.781345297379716919e-02 2.270643677098984348e-01 -1.106112515523821893e-01 -1.155460804615158904e-01 -2.729733092232395908e-01 -3.611891439385354619e-01 1.052849856370690089e-03 1.019159267195287807e-02 5.708000480070689608e-01 1.870558872628494667e-03 -6.295403057673274773e-03 -2.087441574469797445e-01 6.373588541597718926e-02 1.232181937823766255e-01 1.138604765750118875e-01 2.857875550074659085e-02 1.555564868874392825e-01 1.606690661152993804e-01 -6.155419799134986131e-02 1.653952961602531829e-02 -4.520078039171707834e-02 6.062293418832099823e-01 3.322144227246611736e-01 -1.104020018626933192e-01 4.421741105368838243e-01 7.994586372728081092e-02 -4.818930826543900425e-02 7.265357024696703636e-01 7.513340795482689183e-01 4.924649888675931564e-01 8.706765907961004913e-01 1.012562580746792923e-01 2.455073139068864041e-01 1.108340708501723976e-01 3.234169318849234864e-01 1.560833548850828478e-01 2.846608103681533275e-01 1.708823830648318054e-01 7.820813730511470829e-02 2.739002298316122186e-01 2.343202603026901809e-01 -1.014788364561396150e-01 1.386184457839349238e-01 2.456033583439440893e-01 2.118896982627605993e-02 1.804305815677639813e-02 1.773544658891768599e-01 9.689486679047096263e-02 1.645449266267561550e-01 2.855665962280131698e-01 -2.669910048888209445e-02 -1.620867384961397761e-01 -2.437634263020306558e-01 -8.752634921360941123e-02 -1.632120456944643290e-03 1.225483283738684342e-01 -3.575706646682334788e-02 1.253656888995598739e-01 -1.525315548753987671e-01 3.400778023936622263e-02 -7.480631428841268138e-02 4.562244327160684954e-01 7.949460789480636280e-02 -2.498134963545781129e-01 3.041063732191971736e-02 -1.489943268121170783e-01 1.505067716630482666e-01 1.063869593057184017e-02 1.467942519481565400e-01 -1.277111383362025329e-02 -2.108004289344945353e-02 6.173663176606642988e-01 3.277890657855887513e-01
3.763117832243326882e-02 -2.985560981769549982e-01 5.924045379307631143e-02 -3.583785749697695477e-01 -4.662703196732919664e-01 9.163187575549935904e-02 3.604215617544639927e-01 2.306750037638208572e-01 1.077177921487709744e-01 1.000000000000000000e+00 3.759358680246937534e-01 9.102490395594572958e-02 1.075665724821140840e-01 -2.786717687656812270e-01 -2.666537344722288427e-01 -2.366407443227777352e-01 -2.057919353340261631e-03 -6.171385477890064045e-03 -2.478174127760848777e-01 -2.191366681050759824e-01 -1.836442797247315462e-01 6.725901831630301531e-02 -3.299479928536173667e-01 3.154905387485860135e-01 6.908981218653194034e-01 1.192997516995760593e-01 -2.983634035295174569e-01 -2.239901447332420525e-01 -5.833883724703430723e-02 -2.935306669164402527e-01 2.217921816867707563e-01 -4.080011859790467765e-01 -3.954503856116310390e-01 2.801811034869962358e-02 -2.395977622721444378e-02 -3.623953587213360472e-02 -5.538555636969059309e-02 1.901318612299744693e-01 1.423659480408465405e-01 6.019164057862509409e-01 4.756518174013905087e-01 5.665965659852553182e-01 1.684536118827134055e-01 8.954181656395014677e-02 3.880139445357143613e-01 -3.374897697115801232e-01 -2.994496981238736755e-01 -3.310162624173018653e-01 3.072763901632109551e-01 3.146390430913054703e-01 -4.644702055687816022e-01 -2.821197741472529219e-01 -3.793486654854021367e-01 -4.429395846091452316e-01 5.224659076203749114e-02 3.059047521839898254e-01 -6.299123842442104493e-02 6.941628880459159434e-02 7.471490279206162155e-01 4.258045312560108653e-01 4.072710985142829476e-01 1.235520458892508805e-01 -1.372509983183069771e-01 -5.811789865188288218e-02 -2.756212237093183526e-01 -2.393052892030987922e-01 3.484220026111332080e-01 -6.577653797638859101e-02 -9.517026001648477840e-02 -5.080295750429292961e-02 -2.032794007265585623e-01 1.349640542536591492e-01 -2.752588004037185287e-01 4.398649298462201096e-01 1.888560155241905680e-01 4.500192195928333638e-01 -3.298428870756379971e-02 -3.268872648398956637e-01 1.243186583711864551e-01 -3.904690899396326409e-01 -1.768915788640342338e-02 1.173117059050288735e-01 3.554740414074966659e-01 -4.043012825660723814e-02 -1.833368387264827926e-01 -2.958016118678130080e-01 -1.019635284323339858e-01 -2.571677172831791647e-01 3.207800327230343057e-02 6.039480113084485513e-01 -2.942768923309631024e-01 2.430498293946329047e-01 1.255394090349742087e-01 4.623459009632387429e-01 4.837000443554999585e-01 2.501880196071100126e-01 -3.154609920607592821e-01 -2.639209371489128486e-01 2.212107931269196304e-01 3.553488680229992536e-01
-2.488913628124841404e-01 -9.441823372748764376e-03 1.172109505425524695e-01 3.534484658438198125e-03 5.965287956365134675e-02 2.068271673486378470e-01 1.338568595955479668e-01 2.046475671951457631e-01 2.211148200682671316e-01 3.759358680246937534e-01 1.000000000000000000e+00 8.089206652819268539e-01 5.981355088593433011e-01 3.740582544281495503e-01 4.206846006698143903e-01 -3.645395936333318265e-01 4.207199418896755971e-01 3.353830553203490661e-01 2.832330134241364816e-01 3.247462199226416879e-01 4.219344896047259041e-01 4.313104086760574662e-01 2.661604950245143320e-01 6.196750036999757461e-01 2.733334264869313746e-01 6.424904553377522864e-01 2.241184514946058526e-01 2.762391217247241459e-01 5.281565700664274665e-01 2.749323145497406529e-01 -3.623061334969591152e-01 -3.308965890325206716e-01 -3.359019325800856604e-01 4.012398508766273908e-01 4.039874819206399348e-01 3.692922594675402959e-01 4.257028411075752250e-01 -1.582480975296280123e-01 6.034600924607828182e-02 3.298231574874548877e-01 4.013603928765689388e-01 4.575756773176351544e-01 4.665434475035507567e-01 3.754645121469015745e-01 3.306606937113016342e-01 1.617515069338731903e-01 1.971547301190639256e-01 1.756582877843864687e-01 2.606094245736359505e-01 5.254987144335415694e-01 -3.303439721980222510e-01 -2.162960823772860225e-02 -1.365731901939347404e-01 6.334581123642016309e-02 2.146312667241833116e-01 5.807916948256298950e-02 -8.673242739434273985e-02 2.234518503003923295e-01 3.930813066465941308e-01 7.917644402427688188e-01 7.617038136080123145e-01 5.782633777253406437e-01 4.260416281267364047e-01 5.229673399439106474e-01 3.568634028466900476e-01 4.287675879950146318e-01 -4.142729765575625667e-02 4.949471984271477387e-01 3.429243609808281801e-01 1.895368182053953632e-01 3.067341629220513011e-01 4.980154941522360601e-01 2.461625181932600159e-01 1.871397576562780773e-01 7.088518814653028688e-01 6.435558215652555925e-01 4.779537448028230995e-01 2.802585513121404470e-01 -4.048316182389370410e-01 -2.867518261717193484e-01 2.544832230324309830e-01 2.953295156617362083e-01 3.775222322177030354e-01 2.908898843414234880e-01 2.905827128126497461e-01 6.440440750573559435e-03 3.749589551733599202e-01 2.493455828334061042e-01 4.379774052688550356e-01 3.791146997242220706e-01 -2.677060911412094679e-01 -7.905733211153463669e-02 1.089693321938398490e-01 2.637945636111173608e-01 4.748195825704319972e-01 4.316087531029604851e-01 1.886746454056391353e-01 1.551131867306088929e-01 3.038040703781292873e-01 5.093295852113354227e-01
-3.035774454246143450e-01 9.117430771295859104e-02 8.767291665838643222e-02 1.637211955191396340e-01 2.312936588707149022e-01 1.634756779262558635e-01 2.605864986181199994e-02 9.556777736040683591e-02 1.425725347011921329e-01 9.102490395594572958e-02 8.089206652819268539e-01 1.000000000000000000e+00 6.130292139254439610e-01 5.217727955783201255e-01 5.122916432217125005e-01 -3.337835699481503937e-01 5.000364126790314279e-01 3.434154725196066349e-01 4.138637849506175415e-01 4.201515275947473316e-01 5.194168608479698968e-01 4.789337924296986349e-01 4.451990074348652349e-01 6.452747152394272545e-01 5.693186078685915502e-02 7.150863115825379923e-01 3.995793473063739554e-01 3.865589722240161397e-01 5.562456287926001997e-01 4.405396595189320919e-01 -5.568984402320231730e-01 -1.684418445885911553e-01 -2.191030319512433100e-01 4.449477886233586532e-01 4.828369616867193015e-01 4.171492821971043430e-01 5.162990195332007870e-01 -2.078798658665048926e-01 6.510718653002986467e-02 2.249046519910434527e-01 3.293956649137034787e-01 3.320637065929656906e-01 5.456867433451114691e-01 4.192848771328723800e-01 2.169224285912441097e-01 3.453058424321898690e-01 4.177234295267387432e-01 3.446211261458997921e-01 1.548086467470806138e-01 4.946258063657288928e-01 -2.062493043275031857e-01 5.727369788789304222e-02 3.088351957254344832e-02 2.560473337778508274e-01 1.336787882951228634e-01 -1.057484408775052481e-01 -1.136241669853436387e-01 1.646349152446657249e-01 1.538224795795437305e-01 7.246376896101361931e-01 7.438709312396549755e-01 5.871470899073450989e-01 5.203561753371809262e-01 4.736779331594859754e-01 4.930762640886516279e-01 4.925240215288460011e-01 -1.589961802278631042e-01 5.775292548148600602e-01 4.171611445858087186e-01 2.350515514436087861e-01 3.506126589303386609e-01 5.252432110222016171e-01 4.137040371629714941e-01 1.254512728886284789e-01 7.516309811461193702e-01 6.284479723251319427e-01 4.942800775710198269e-01 4.483008330677952791e-01 -5.574191116144190383e-01 -1.271688475572578247e-01 3.141153333205120579e-01 3.424903283950326283e-01 3.282931529363656287e-01 3.660179473746904555e-01 3.843517440111877126e-01 1.610013291649597944e-01 4.430800746222692821e-01 3.527155723770231677e-01 4.909165903813600407e-01 2.550469537550427712e-01 -1.684812229156070484e-01 -1.090411786596786337e-01 1.883337957199293922e-01 1.200144280369675742e-01 4.127860297807589562e-01 4.057721336319267125e-01 3.741861888953632032e-01 2.934692997104455525e-01 2.327863220664652955e-01 4.792743336718298108e-01
-1.086790720238268171e-01 1.678824132944680414e-01 3.035193646652728505e-01 1.476583223179400994e-01 1.934327340279431151e-01 3.252634884922252501e-01 2.147311062310779395e-01 2.902321139611225842e-01 3.041059347832384407e-01 1.075665724821140840e-01 5.981355088593433011e-01 6.130292139254439610e-01 1.000000000000000000e+00 5.247594190720995533e-01 5.212537747182519610e-01 -2.087514271135196831e-01 6.096296122044748689e-01 3.896391287411106741e-01 4.558634282567545215e-01 4.390738438919503661e-01 5.516532531130359240e-01 6.020727505061232998e-01 4.173598454680547132e-01 4.134335375315400518e-01 5.000193327755830808e-02 5.307616188171198068e-01 4.159873179129836562e-01 4.357870301307708583e-01 6.158633573291583119e-01 4.301364813533355980e-01 -3.915067454158102089e-01 -2.013520694125587596e-01 -2.565236123566843052e-01 5.003906036898219112e-01 5.932370075656521191e-01 3.727756861445095660e-01 4.432374913112474557e-01 -5.945988335669716990e-02 1.219370944365721493e-01 2.461229506276097490e-01 2.398029006635398475e-01 2.233921464110647237e-01 4.235691951476275863e-01 4.017517012269986587e-01 2.966493097200390006e-01 3.494546687840736632e-01 4.302246460943401352e-01 3.569476075486566202e-01 1.913407692491640166e-01 4.085711714332515565e-01 -2.003898228440310902e-01 2.302292524485374803e-01 1.125960397316320277e-01 2.119302756206004890e-01 3.246635016496330350e-01 1.464638922206677740e-01 8.670835687706551775e-02 3.179867602312203556e-01 1.988449666926423443e-01 4.966225243918932497e-01 5.376645931214251162e-01 8.493900274078394208e-01 7.096288941207198331e-01 5.408464323087824877e-01 4.229054535494455869e-01 4.703552912981832645e-01 -4.200916753872498133e-03 5.757115010361950613e-01 4.254483230335410759e-01 2.889473046125945466e-01 3.872695975858050366e-01 5.811377905459783610e-01 3.714300186490748779e-01 1.164428454632676913e-01 5.063755461061552055e-01 4.401353869301276589e-01 6.073609368512618012e-01 4.102211792524187439e-01 -4.401249494810146046e-01 -1.330874746493314886e-01 2.773172794352207760e-01 3.316473812822969824e-01 2.957636074089925460e-01 4.804620332965358620e-01 4.291214254584638232e-01 2.575651450061986480e-01 4.463716583935219973e-01 3.285746464774556563e-01 4.928398178486331216e-01 1.215669069780748596e-01 -1.937370207916906950e-01 -2.592735587403562081e-02 2.144049675312763026e-01 1.359188506450405010e-01 2.533557586226902192e-01 3.996176592802251348e-01 3.834582991189177115e-01 3.358898990742111290e-01 2.673524490602887660e-01 3.449134934990013002e-01
-3.538590856689062258e-01 2.388663848272826462e-01 -2.490154137944806945e-02 4.496494672242608015e-01 5.289796480101289777e-01 1.084734973632127120e-01 -1.338470410755114581e-01 4.274304063288215244e-02 1.241673957244717463e-01 -2.786717687656812270e-01 3.740582544281495503e-01 5.217727955783201255e-01 5.247594190720995533e-01 1.000000000000000000e+00 8.624999172605071207e-01 -1.529956310451208723e-01 4.670876471691700060e-01 4.001478069793343306e-01 6.860329529274972193e-01 5.308498504574487020e-01 7.834330851767371540e-01 4.667072259873070728e-01 8.481281518614799397e-01 1.136113200506157078e-01 -2.325529160380049587e-01 3.688081103300021035e-01 7.571581880312723278e-01 6.538038050417075420e-01 6.321124847188701601e-01 7.715494336330291913e-01 -5.483812173240868448e-01 1.209474889952499854e-01 6.701312826285217572e-02 3.464573345288095574e-01 4.966014713264028657e-01 3.792208380913169030e-01 4.563550869948687083e-01 -3.007773061812561988e-01 1.514234422258016986e-02 -9.444020008996463489e-02 -1.299974220073456255e-01 3.922490603622782773e-04 2.447976018250463404e-01 3.004405466551728354e-01 -3.691459445305094594e-02 7.352732665389759559e-01 7.964915899629314566e-01 7.363944804334617844e-01 -5.785823684018388119e-02 1.288211419768519883e-01 7.730548824069777281e-02 2.326394058818669897e-01 3.461622257013437509e-01 5.665575558055595540e-01 1.337186160447333960e-01 -1.847232441878274012e-01 8.177784914532486293e-02 1.851060628050803514e-01 -1.430590775741883702e-01 3.310245451371087166e-01 3.799003059692749873e-01 3.728982990078749671e-01 7.236160266362073878e-01 5.955603741676298579e-01 7.920220208568458098e-01 8.200274905243259971e-01 -1.848604394838699316e-01 5.524041974637140529e-01 4.006572681613283504e-01 2.674484042515448690e-01 6.275796375047291153e-01 4.053056468125450507e-01 7.978954654769148114e-01 -1.225237157626268836e-01 4.540379884866010962e-01 2.200791249709860287e-01 6.281485770964334581e-01 8.098299362692051862e-01 -5.053910041200987413e-01 1.397848790937105679e-01 1.643471590355938539e-01 8.075358303103399860e-02 1.454838375138298515e-02 3.584270642601470880e-01 6.837611557290962372e-01 5.689011830322495689e-01 4.325069417505087999e-01 5.704323982191544795e-01 3.667820476004477470e-01 -1.856293027880183411e-01 1.461340844619557315e-02 -2.647326521651135467e-01 1.483784916847810664e-01 -3.086122288510850104e-02 5.929673412818115691e-02 1.990085652976026354e-01 7.656950067534412652e-01 7.115548593730786076e-01 7.444106061780825234e-02 5.588546651593666315e-02
-3.880291834098992254e-01 1.697246704171812837e-01 -7.234776755086405609e-02 3.635241654514823617e-01 4.504715669681756962e-01 3.325487114591468146e-02 -2.269228328955159302e-01 -3.443133863241126802e-02 6.972123261782732506e-02 -2.666537344722288427e-01 4.206846006698143903e-01 5.122916432217125005e-01 5.212537747182519610e-01 8.624999172605071207e-01 1.000000000000000000e+00 -1.819296740522713118e-01 4.151736028631711761e-01 3.143196132790176955e-01 5.977902912207220254e-01 5.412600374729860109e-01 7.977527314487282695e-01 4.182018045241698290e-01 8.206503286728621394e-01 1.496797574022942778e-01 -2.505941208108014018e-01 3.823220047001134048e-01 7.495711842645980116e-01 7.185240411235153113e-01 6.688707870425000257e-01 7.908123463263551089e-01 -5.104756824656508929e-01 5.380341513844260487e-02 3.643074954273436972e-02 3.280932126040747021e-01 4.322088749526651896e-01 3.077726127334131090e-01 4.179445643702963675e-01 -3.449916306235042973e-01 -5.622068223134622789e-03 -1.306048933107926135e-01 -1.520523707122750645e-01 1.713588545043454384e-02 2.380418195746858701e-01 3.064174994492327442e-01 -6.780023175419622010e-03 7.547473426172364164e-01 6.997911089453855427e-01 7.323013057378949808e-01 -1.121755581317585154e-01 1.072959248900712259e-01 4.570080029268456384e-02 1.515418053115432651e-01 2.386459672690910971e-01 4.921255507009734687e-01 8.440502536313970738e-02 -2.440430627962946741e-01 -5.247883923302142095e-02 1.279103697860590194e-01 -1.329523819392056383e-01 3.409560470154832656e-01 3.983564742057522090e-01 4.337150071691474595e-01 6.557506110353196194e-01 6.504490859131191183e-01 7.736458536989816448e-01 9.091845281241387466e-01 -2.883909597479585862e-01 5.092953258766483859e-01 3.441548442675190222e-01 1.861188816692694592e-01 6.708818743585986955e-01 3.539316245494352198e-01 7.475474765929354115e-01 -1.560627312876461115e-01 4.846792118691272133e-01 1.851073916346563097e-01 6.558497898051418584e-01 8.309353721856391761e-01 -4.950573999838732697e-01 9.039423711701342901e-02 1.767512305483611434e-01 5.037046000395829087e-02 1.836476133062424354e-02 3.292981154585115089e-01 6.993608296765388976e-01 4.696488385441500713e-01 3.756058410865628083e-01 6.257342582686836741e-01 3.329123519753073301e-01 -1.737699650103096405e-01 1.941936345565122360e-02 -2.871234216389217941e-01 9.381599996572015376e-02 -5.570509916847369257e-03 3.540519903753455710e-02 2.428776796880422473e-01 7.692737534400069244e-01 7.223946208877182196e-01 2.265072614909183560e-02 4.089785452473299748e-02
