1.000000000000000000e+00 1.236576204508511162e-01 2.901202926734171572e-01 2.836118297225364085e-02 7.866847711626999418e-02 7.268991337713436029e-02 -3.161763260796084107e-02 4.861845648636311384e-02 6.368460494226788060e-02 1.240427336233405203e-01 -3.566036657752368749e-02 2.869250068118373367e-02 -2.398277125262215925e-01 -2.534527983036489185e-01 -3.087477392120520636e-01 3.654258202981034431e-01 -1.867342592458315076e-01 -9.131015962741502109e-03 -3.165713267130924602e-01 1.780682279547724650e-02 -2.636051354349247533e-01 -2.148544627511655702e-01 -1.917504806334443812e-01 6.555133402550171462e-03 2.573831185775306007e-01 -6.630005468994700293e-03 5.755595274963191954e-02 -5.709082925051379986e-02 -1.790172451148005703e-02 -2.478192608048939427e-01 1.531798785211703484e-01 -2.211230583419030241e-02 1.575443484113663306e-01 -2.036590395445079249e-01 -6.653476150486305196e-02 1.426432424497735829e-01 -4.598463412697643277e-02 2.450768065980197252e-01 -2.245385624666243196e-01 -5.391889673230247648e-02 -6.714905410867531149e-03 2.482035306826332610e-01 1.238991599156344936e-01 1.215710307115675376e-01 1.610602529842246333e-01 -4.904291690515484581e-02 -2.565382161112118031e-01 -1.544325014127461229e-04 3.169610121739984687e-01 -7.090260341488019424e-02 6.979426661508143503e-01 1.230940915747368858e-01 1.194336550212493492e-01 8.684812385094738130e-02 6.924817034878903710e-02 1.491232334396893344e-01 8.511024847163431439e-02 5.496637372208266342e-02 1.103612675950856048e-01 -2.601226651743386853e-01 -2.291449463870841308e-01 -3.520011395608383387e-01 -2.375435486858227530e-01 -3.030676401307119683e-01 -2.826236417192978800e-01 -2.527242922634901356e-01 2.001563550845792128e-01 -3.431176863786677411e-01 -2.212229187637630712e-01 8.532169118488189263e-02 -1.232826916792040817e-01 -1.716531768737208641e-01 -1.533892172416763955e-01 4.754717409539827716e-02 -1.142038211924896324e-01 7.040304025124696774e-02 -6.086915896555757793e-02 -1.993091082351798327e-01 1.038894082418116149e-01 5.208037263223159324e-02 -2.235757363844580181e-01 -1.130005170374302204e-01 -4.520572280012183364e-02 -3.060850119734148667e-02 8.448868211978248499e-02 -2.787528583659075743e-01 -5.133181725914452015e-02 -3.912308419965238732e-02 1.020491561248407925e-01 1.792456758801988168e-02 9.570753126184122772e-02 2.047609238124187547e-01 -2.378043738670812257e-01 2.828007589166822711e-01 -1.178805414156312431e-01 1.354626317111165823e-01 -1.007458921892007003e-01 8.630922346370262233e-02 3.914597654102805468e-01 -1.386881389404566109e-02
1.236576204508511162e-01 1.000000000000000000e+00 4.570800728957110648e-01 6.031836895602555870e-01 4.886156203416475718e-01 6.647708402878956813e-01 6.525132765367296361e-01 7.959791902660791063e-01 6.661508299978408099e-01 1.759016813700061410e-01 -1.235500828299022358e-01 -3.669916759717050531e-02 -2.321073667329866166e-03 1.375967426478878486e-01 -1.054872435323711971e-01 4.484126658319125824e-01 -1.591324202528129547e-02 5.380837901641936094e-01 1.885100477953413900e-01 2.087310685078741790e-01 9.613590678886384591e-03 4.777307822753969202e-02 6.212545915363890461e-03 -7.905433756103209808e-02 -1.038942652199079664e-01 -2.661667980215255414e-01 -1.613535449713343894e-01 -3.327528057897716218e-01 -1.957943756121526824e-01 -2.064767417435094954e-01 -2.825320063110943122e-02 -2.589755418209280236e-01 -1.638448945031123830e-02 1.949345800451223951e-02 9.112474773422735153e-02 4.709854438106872987e-01 -1.700903701616072461e-01 2.224904894958574797e-01 2.396871475410655150e-01 2.865531751546221417e-01 -8.328841113202822832e-02 -2.398821581349760979e-01 -7.789544234855949600e-02 -8.569530768370507701e-02 6.168441763008750828e-02 -1.126354663275085516e-01 -1.960407808960713538e-01 -1.605359072013172461e-01 4.744495630831636612e-01 4.395389280327127030e-02 2.549855483794682409e-01 8.008963211743174160e-01 5.440931592272094663e-01 4.634347991282066759e-01 6.729275585377925140e-01 6.061479432250854726e-01 7.542510657136720642e-01 7.164994012212735353e-01 6.111428564248666540e-02 -1.744230610220591504e-01 1.312455409770081072e-01 1.737648387871460753e-01 1.029314835363016184e-01 1.081872092997306425e-02 2.329487326217344334e-01 -1.487031498918044981e-01 2.308445544963543261e-01 1.970656138941394575e-01 3.851664820041846710e-02 3.833051461750372479e-01 1.323290177850822980e-01 2.291398825110925463e-01 7.447989240368989294e-02 4.094174244057361967e-01 2.496680333103180535e-02 -2.756185179326717249e-01 -1.400829436898924363e-01 -1.693617829829028587e-01 -1.770576213040190305e-01 -3.446851968694565893e-01 -2.624770338702737127e-01 -2.050978408287356114e-01 -2.134535642952199441e-01 2.524921846276693693e-01 -5.015304685435921506e-02 -6.999748623478581344e-02 -1.068493775473823432e-01 -3.602803799104640214e-01 4.094883161814926176e-01 -1.927637911923930081e-01 1.491967990107051847e-02 3.869902430413330735e-02 3.006078717990682270e-01 -2.922785752397040193e-01 -3.695817024041382903e-01 -2.289388272589306106e-01 -1.554719012312530402e-01 -1.684396639647451344e-01 3.973207227893875704e-01 4.185343098524191979e-02
2.901202926734171572e-01 4.570800728957110648e-01 1.000000000000000000e+00 1.493033630908218723e-01 2.923045065348931493e-01 4.820780721338621122e-01 3.907052602510076023e-01 5.075483836852490160e-01 5.178381364330187919e-01 1.529767441748898782e-01 1.176128594659186372e-01 2.884794996803857203e-01 1.984468019423322460e-01 2.258011744347255823e-01 1.644552123182827993e-02 3.843396307502569553e-01 2.165139486648752498e-01 4.906892205862202205e-01 1.518945514586258760e-01 2.793717039163141624e-01 4.023197707788438160e-02 2.032226947740984335e-01 1.674386550541382690e-01 1.556944798105378835e-01 -1.133957408755394136e-02 1.613122348868735734e-01 1.068996397412358135e-01 -5.433769734305483878e-02 -2.471385084245584368e-02 -2.547291800772157749e-02 -8.185102788970155530e-02 -2.891587536584864226e-01 -2.302795475464003150e-01 2.177988263716391093e-01 2.647353020221160369e-01 4.571833249073289362e-01 -1.982319632796909759e-01 8.880468603401800443e-02 -6.847586217853775942e-03 3.336795579528194916e-02 1.732798701340903802e-01 7.501970321738483938e-02 1.154764705314272749e-01 5.010194085698222582e-02 -6.662133921733471437e-03 -2.382671388649623342e-02 -4.903879431154865853e-02 -6.155842397107052361e-02 5.115365341417320577e-01 1.789125026076841818e-01 2.384705702297943708e-01 5.802099757561866022e-01 1.996634863202659260e-01 8.807270433616472272e-02 4.577340966587188920e-01 6.748775457028408642e-01 4.945326539878022731e-01 5.377993492305085388e-01 9.573345326785212550e-02 1.078583379057870967e-01 2.325499999189054312e-01 7.759796066077011278e-02 4.908598659670034003e-02 2.678848263607251211e-03 8.153120188348776665e-02 -2.381060240827911553e-02 2.184988093380139385e-01 4.741079382983669904e-02 -1.053941880876364551e-03 3.697430888230946455e-01 7.387848339587686775e-02 9.471016927460661206e-02 1.311410683732296689e-01 2.917488302405711331e-01 8.039602719898657213e-02 1.265764396223435784e-01 -1.521550977720203743e-02 7.741660938651652099e-03 -1.868211861271727170e-01 -2.736111930923527114e-01 -1.422839299581655226e-01 -8.562999316320941967e-02 -1.662597846619810471e-01 2.144364315017965317e-01 -7.842836578018118343e-02 -1.584023163896196573e-01 -2.278279342657079098e-01 -1.192176109139756052e-01 3.648269681874926618e-01 3.562707994565263853e-02 -9.601466406424183364e-02 2.039971300783851860e-01 -1.860912278065126116e-02 4.381105073101763253e-02 1.871254843253230757e-02 -5.420388164663761388e-02 -1.538930960169475337e-01 -4.853385169722028089e-03 4.021084484846110252e-01 2.013499698363077073e-01
2.836118297225364085e-02 6.031836895602555870e-01 1.493033630908218723e-01 1.000000000000000000e+00 6.010462778014827867e-01 3.729449634924507095e-01 4.011901993998890914e-01 4.994267093647102307e-01 3.056256941064940946e-01 1.296913145037146553e-01 -2.878933941201173297e-01 -2.178096625571191436e-01 -2.193558238358893631e-01 -6.628382859880235789e-02 -2.185528329919752544e-01 3.086071065045983830e-01 -2.177144903129032139e-01 1.854452784463375414e-01 -4.556149194017866666e-03 -6.360230069210337511e-02 -1.004852700853583469e-01 -1.357847618058143635e-01 -1.214714425446554169e-01 -3.412930759602396114e-01 -1.319561056518196718e-01 -4.269427470315811934e-01 -3.304628710501498201e-01 -3.268798996609339480e-01 -2.903677669184516752e-01 -2.819203216147648239e-01 7.705449935213226631e-02 3.510240682017639821e-03 2.639626763906814388e-01 -9.331875309243306549e-02 -1.551418266962411308e-01 9.124705046160828947e-02 -1.289867334038191926e-01 2.238077273095359643e-01 1.853426099875137845e-01 1.878696682333041712e-01 -2.249283101430767373e-01 -1.646017724498596568e-01 -1.779729753720263596e-01 5.928692311115523611e-02 8.043872138510568814e-02 -1.637767275099074327e-01 -1.754529839652599899e-01 -1.378290283140113370e-01 2.113666865557671526e-01 -1.784681595702256388e-02 1.593695164664381270e-01 5.430982026619417535e-01 5.184945132389264799e-01 7.535792463442357869e-01 4.393267883202428004e-01 2.902921923140354132e-01 4.606322858462981729e-01 3.290492306572405101e-01 -2.866436485809568946e-02 -2.787176965352454738e-01 -8.469598992656336700e-02 -3.377994200310513451e-02 -2.941317333698309153e-02 -1.230821104227220325e-01 3.151899439888039556e-02 -2.390077662684498561e-01 4.218756196895617067e-02 5.014953124474947482e-02 3.257135771887442049e-02 7.191465652531818520e-02 -5.135773439733668649e-02 2.712816213350820529e-02 -1.288594363617012184e-01 8.417026938316911344e-02 -1.737409194359313125e-01 -3.271862443363962036e-01 -2.133902716404285083e-01 -2.882648339940253601e-01 -1.382849862324591617e-01 -1.666929841544001756e-01 -2.753475596228227018e-01 -2.240841974477459364e-01 -9.676906341808691470e-02 3.485229533009120279e-02 -2.144316551927421544e-01 -4.496654197332525943e-02 -1.144903017246103744e-01 -3.396440067915257877e-01 5.931370341883229758e-02 -2.257116970265651557e-01 1.591294360131953745e-01 -1.225372973657547632e-01 2.080431685544159859e-01 -2.247439008313784348e-01 -3.213396617791731691e-01 -5.450236974928018840e-02 -1.496989054015744891e-01 -2.707186121078558605e-01 1.615075363800692054e-01 -4.582389018975348283e-02
7.866847711626999418e-02 4.886156203416475718e-01 2.923045065348931493e-01 6.010462778014827867e-01 1.000000000000000000e+00 5.290219430581590832e-01 3.367367534616385605e-01 4.656900991216431085e-01 4.767862319693344508e-01 2.625467705953625774e-01 -1.244039363256365348e-02 -2.055545000941653988e-02 1.004185511754581289e-01 1.354692626609126926e-01 -1.181791235345841934e-01 1.648435359399349487e-01 3.553461470044974591e-02 2.311832997631069198e-01 6.846480937761877106e-02 5.212934883404948122e-02 -9.890311391697925725e-02 1.768149062322771914e-01 4.215077362566883867e-02 -1.029506038646227084e-01 -1.226806421588800319e-03 -1.455779394542366378e-01 -2.671460566737019482e-01 -2.955178430156639169e-01 -2.427213106055645109e-01 -2.131074253864822521e-01 1.329651652819891783e-01 -3.106209161468273874e-02 1.450190742836502539e-02 8.124493932675171115e-02 9.475369848180172083e-02 1.257574770045455925e-01 -2.504137438089765744e-01 1.937952880280623402e-01 1.221648635602184951e-01 1.626601102811474631e-01 1.543502526678327061e-02 -2.212390442363178222e-01 -6.121865050174076645e-02 -3.315973077724459345e-02 -1.678761207473660269e-02 -1.240218638158649689e-01 -2.912495130885282401e-03 -1.083328979692899444e-02 2.668095647569604378e-01 4.600360613525193015e-02 1.213905096929709659e-01 4.836670002910996025e-01 2.461051412764659885e-01 5.457595354372190011e-01 6.064962745225540575e-01 3.375194421622870755e-01 4.308181296724960530e-01 3.541467632620671213e-01 4.757988515476090779e-02 -1.629780473644889538e-01 -2.813076377786676691e-04 1.007302829371605479e-01 1.093853299256936640e-01 4.655727770246501085e-02 9.342320002166714168e-03 -1.993660088342050773e-01 3.276789703231448164e-02 6.821436076549670935e-02 -3.364926843089426078e-02 4.365165385937865711e-02 -1.367593146977443275e-01 1.073464693861256591e-01 -7.738961979955091830e-02 6.321909808597274416e-02 -1.925093661848307491e-01 -2.274079924210799797e-01 -2.676268449008104011e-01 -2.141670920099136566e-01 -1.143996199951270165e-01 -1.397719739111174531e-01 -3.051670467743710091e-01 -2.038268574726355420e-01 -1.181270665150055549e-01 6.227565024794954468e-02 -1.965909226036799129e-01 -7.035418856530976928e-02 -2.285432555370569274e-01 -3.570752408000844591e-01 2.936777620027789318e-02 -2.684690064879095561e-01 -5.906370346839049518e-02 3.059858237553557056e-02 1.178478831437465291e-01 -1.611756328318464659e-01 -2.430657240232004801e-01 -1.400782170983836672e-01 -1.509425971941111000e-01 -2.098644123037005649e-01 1.492650763920031209e-01 4.099958633708537109e-02
7.268991337713436029e-02 6.647708402878956813e-01 4.820780721338621122e-01 3.729449634924507095e-01 5.290219430581590832e-01 1.000000000000000000e+00 6.289704721932680709e-01 6.883559846140726579e-01 7.550745909306795234e-01 3.235825962536713063e-01 4.923283006560134900e-02 1.460744666814287052e-01 2.698395624862907072e-01 3.537669619170487612e-01 8.751206395859371934e-02 3.456807923688567374e-01 1.902513613704033268e-01 5.009568288072778763e-01 2.886578667702896506e-01 2.581840186355356948e-01 7.142930312902927292e-02 2.911223766532894941e-01 1.172910089750781176e-01 1.352775286685009015e-01 -7.506244887819023270e-02 -9.289764643889321383e-02 -8.905045505907661918e-02 -3.085645355268226697e-01 -1.836196690154715816e-01 -7.785135520570057865e-02 -1.031968331834484838e-02 -2.969238764385492280e-01 -1.123838918356943467e-01 1.215324807902220111e-01 3.171804824057889993e-01 4.574607942911217973e-01 -3.166721545051187636e-01 1.755397851414131349e-01 2.949481412511945067e-01 4.255064077143420609e-01 9.031205697267445653e-02 -2.454379588695515257e-01 2.681999166750284255e-02 -1.762236514268764875e-01 -5.493486013425064041e-02 -5.467359279978828424e-02 -4.038519360279913678e-02 -6.881376414546934439e-02 6.012068570163301429e-01 6.747909338811794444e-02 1.643327678415549276e-01 6.617266417772428300e-01 3.703003022034364600e-01 2.641918111454400475e-01 8.051657105305619622e-01 7.343040655209049916e-01 6.459808891582349277e-01 6.974776264664281911e-01 1.668237129172505662e-01 -8.898963398552134363e-02 2.675376998871343837e-01 3.529810673080061578e-01 2.789769241478604611e-01 1.800911361018819323e-01 2.938917308771320513e-01 -1.845179675780688269e-02 2.225670784128852830e-01 2.612151106673115675e-01 -1.607696437844820248e-02 2.556213651032053780e-01 1.202597765071753977e-01 3.556128168138881218e-01 8.261353599419306304e-02 4.774800903132047636e-01 3.789591097514290879e-02 -2.003713530740106052e-01 -1.982196295938874198e-01 -1.052509134397067031e-01 -1.736695494570271170e-01 -3.190123388481671540e-01 -2.664129396882275458e-01 -2.143909681330548600e-01 -2.541036704463008333e-01 2.915463408685132207e-01 -1.600124204584256818e-02 -1.005476453893223293e-01 -1.834060061780610762e-01 -4.126828110174336484e-01 3.796369697394225695e-01 -2.336886443429058990e-01 -6.223548006049307857e-02 1.167774135300002902e-01 3.296295706408179926e-01 -1.937061624045447461e-01 -3.347326906313859429e-01 -3.281927155320649714e-01 -1.534631468847786895e-01 -1.213329222612724856e-01 4.847617397419503593e-01 8.434702041678289464e-02
-3.161763260796084107e-02 6.525132765367296361e-01 3.907052602510076023e-01 4.011901993998890914e-01 3.367367534616385605e-01 6.289704721932680709e-01 1.000000000000000000e+00 6.965444411022693183e-01 5.952898048947494747e-01 4.752741872619019592e-01 3.878943242743514153e-02 2.154349169525812957e-01 2.651585298757354048e-01 4.277307584993355061e-01 1.145551725899979362e-01 4.482471700122659386e-01 2.888846854112415707e-01 5.218475073101157546e-01 4.306683407565811694e-01 2.758110545519945611e-01 1.537121816269058361e-01 1.540349276946977874e-01 1.574407415255131559e-01 2.113782568554949948e-01 2.035881316807896385e-02 -1.493585683718563484e-01 -8.900163702043147052e-02 -3.166732453513949053e-01 -1.947141265490649475e-01 -3.097126604222013094e-02 -2.741172709774133964e-02 -3.101643468850553975e-01 -1.433015255851977782e-02 4.860607694752524383e-02 2.391658673191596474e-01 3.625854510969244160e-01 -2.893878677193750804e-01 3.225832050155347797e-01 3.282685298744481561e-01 5.149612168584573046e-01 1.151183638796975453e-02 -2.953111046502702175e-01 5.643771976751112834e-02 -1.542286364526365694e-01 6.238562278872011868e-02 -2.796839083868061029e-02 -7.895396776255718396e-02 -1.111908161650129179e-01 4.576930889864382346e-01 4.284782812345899056e-02 1.330490845117661969e-01 6.128099146173904277e-01 4.192145766627469738e-01 2.034390397149323515e-01 5.818470041114849334e-01 5.576347485855025488e-01 6.421766841051331776e-01 6.104403373276688916e-01 2.605085462355998249e-01 -6.022821218733146603e-02 2.963407116143167985e-01 3.678210480676483707e-01 1.422430920081581562e-01 1.613549996122208563e-01 4.089529622406929965e-01 -2.135046303949733951e-02 2.089977122202702486e-01 3.569623686337257684e-01 -1.068424596094581236e-01 1.912873737211803760e-01 1.690286429511364263e-01 2.065920614038973813e-01 1.504492291103478319e-01 5.544596863297378553e-01 8.393697413425686704e-02 -2.063634862287647143e-01 -2.780326619981833836e-01 -1.075585106523603701e-01 -1.554549524585030207e-01 -3.382099601388897647e-01 -4.044972666172136355e-01 -4.141316932474180534e-01 -1.620404285000458244e-01 9.373905944045170247e-02 -9.255767459393775265e-02 -2.031780266831123838e-01 -2.425659616937052843e-01 -4.546566117792510409e-01 2.906960321217592624e-01 -2.771892807819301696e-01 -5.469617737842122351e-02 2.280579320083887529e-01 4.376360455176525055e-01 -2.118586540394129525e-01 -3.098385050552923126e-01 -2.763610527905622227e-01 -1.267325792616343927e-01 -1.278113826683971721e-01 3.553335783312427387e-01 3.832499580928197536e-02
4.861845648636311384e-02 7.959791902660791063e-01 5.075483836852490160e-01 4.994267093647102307e-01 4.656900991216431085e-01 6.883559846140726579e-01 6.965444411022693183e-01 1.000000000000000000e+00 7.380129910209711763e-01 2.312486896156374372e-01 -8.279272934933683270e-02 5.682479825346006125e-02 1.529852053167688741e-01 3.003992803147942925e-01 -4.464352209096391494e-02 3.852720365801091673e-01 1.334513469231976002e-01 6.725301259826699241e-01 3.116608165681409304e-01 2.721229561523252349e-01 1.085243795143034928e-01 2.243299833475707050e-01 1.549659294094844764e-01 2.230432225896855289e-02 -1.441846371998018739e-01 -2.182047264648781515e-01 -1.495444393429918029e-01 -3.507713357965004386e-01 -2.127763328659173225e-01 -1.642470568875989967e-01 6.397200030526287162e-02 -2.054239715828571899e-01 -5.572601242863158000e-02 1.975932857928398290e-01 2.368795690765102546e-01 4.654095342940781088e-01 -2.844336660128524708e-01 1.979258613489956464e-01 2.451916924936771991e-01 2.783542932937511649e-01 -1.926280348887744482e-03 -2.600758611039152290e-01 1.175982410522353507e-02 -6.555855982393897496e-02 2.375808589551625313e-02 -1.079093225213323820e-01 -1.097311829796509541e-01 -4.391509113356029115e-02 4.611865851973961927e-01 4.964679893980535053e-02 1.944613628005887052e-01 7.652664495997166805e-01 4.474076015245665450e-01 2.947213737841640202e-01 7.028861762061066054e-01 6.362786421088401090e-01 8.037139469071797881e-01 7.765010593040105880e-01 3.951099352554746785e-02 -1.961292355159131584e-01 1.313513950134078678e-01 2.431225574872909190e-01 1.090489067509596982e-01 1.878121862895129959e-02 2.342883505160919255e-01 -1.467055197677488432e-01 1.385991446900953772e-01 2.165921308433595427e-01 8.282999329456901261e-02 4.549947645675196939e-01 1.469068413391658168e-01 2.738437989961229335e-01 1.204241394389055780e-01 3.643618739182122868e-01 -6.699643551553122189e-02 -3.220786984424645061e-01 -2.197517932167133980e-01 -1.757443293511242732e-01 -1.592288971227220906e-01 -2.698592926771047895e-01 -3.160276196854401864e-01 -2.524773427695711225e-01 -1.783964780116766291e-01 2.561697939208756325e-01 -1.059237010412134999e-01 -6.774872635473466742e-02 -2.269371336547010010e-01 -4.130091383724627807e-01 3.874536105295472987e-01 -2.988801185091538026e-01 -4.761065314568677792e-02 1.270808350667327336e-01 2.822623002383579660e-01 -1.932649005748846016e-01 -3.703682504654860486e-01 -2.191947014133276417e-01 -1.453131424995015852e-01 -9.710750655530454856e-02 3.431339533141670728e-01 5.191055114692594979e-02
6.368460494226788060e-02 6.661508299978408099e-01 5.178381364330187919e-01 3.056256941064940946e-01 4.767862319693344508e-01 7.550745909306795234e-01 5.952898048947494747e-01 7.380129910209711763e-01 1.000000000000000000e+00 2.734650038918750581e-01 2.313577173096168990e-02 1.629461872132951239e-01 2.128840437689583642e-01 3.577955411922136286e-01 1.045764314575912957e-01 2.867996757623131332e-01 1.361804781846488732e-01 5.894499171203432253e-01 2.722253843390956551e-01 3.087386183080077506e-01 1.070728702940452748e-01 1.851919550397006786e-01 1.693906755156521782e-01 6.998039148617399285e-02 -1.670372442081328179e-01 -1.522241284214695956e-01 -6.932378083973943228e-02 -3.120474146618094635e-01 -1.446596994803222014e-01 -6.700587462710246023e-02 -4.617118043386902321e-02 -2.745836093574773873e-01 -1.476351564048948295e-01 8.606371321291135523e-02 1.954056416798059526e-01 6.324669032188934281e-01 -2.671124524216668128e-01 1.527177648694560408e-01 1.692411913108684274e-01 2.481776194777339239e-01 8.509015867120825471e-02 -2.570817258105401182e-01 -9.553908872122296447e-02 -1.172239092609776850e-01 5.186466013208666619e-03 -1.738183285404668391e-02 -8.343903533092461577e-02 -5.832978510907995545e-02 5.415103639681868586e-01 1.117927988227573471e-01 1.942457579212750751e-01 6.846185748266869764e-01 3.691007159200538346e-01 2.535938873314346753e-01 7.555772159125918597e-01 6.878620106766096809e-01 7.330943133176610615e-01 8.158082846591816484e-01 1.973943691256552779e-01 -1.174686211221969284e-01 2.807293210784944093e-01 3.138262700718439380e-01 2.261324893681014303e-01 1.563021825914461815e-01 3.339143731148594973e-01 1.056140211307312823e-02 2.849334553916145207e-01 2.694606582865590183e-01 -7.537146887009346825e-03 3.945177208185793316e-01 1.772079567104771214e-01 2.610526637221980972e-01 1.588696459250225346e-01 4.968253949738397068e-01 7.628859464654595690e-02 -2.648459670497976814e-01 -1.122584036879887143e-01 -1.027365961341006745e-01 -1.280098873663933767e-01 -2.748296636089242462e-01 -2.570099054366259406e-01 -1.128227592176099525e-01 -2.466650885845552976e-01 2.388320698446109169e-01 -2.732017049139055798e-02 -1.039060457871911758e-01 -1.717809532365424108e-01 -4.110679297419549960e-01 5.094082681082292563e-01 -1.630696299263142135e-01 1.207975468585534458e-02 8.569678803779363918e-02 2.619256719411295897e-01 -2.226557572340713831e-01 -4.344708049962422436e-01 -2.428080304331002581e-01 -1.414757325276440325e-01 -8.990081155499884957e-02 4.341761139431624117e-01 1.289392757935050315e-01
1.240427336233405203e-01 1.759016813700061410e-01 1.529767441748898782e-01 1.296913145037146553e-01 2.625467705953625774e-01 3.235825962536713063e-01 4.752741872619019592e-01 2.312486896156374372e-01 2.734650038918750581e-01 1.000000000000000000e+00 2.570534201801202845e-01 4.405860785483923792e-01 2.798025924371344009e-01 3.268966533630260352e-01 4.284043851117756013e-02 2.565906158164061313e-01 3.267391882368662626e-01 1.398432478718221739e-01 2.333388995097995799e-01 5.087703635689270337e-02 2.344233398707349508e-03 5.066005055325982498e-02 4.281273534160400657e-02 3.242230353385209263e-01 3.381627341084036398e-01 2.411486338695117623e-02 -9.546994326757467231e-02 -2.334572524240686731e-01 -1.379640210061320038e-01 -3.163578804344766709e-02 1.207749952846616237e-01 -1.452817743119176885e-01 1.186395479759072696e-01 -7.290677225453913446e-02 1.558145709038126769e-01 6.799719377735323478e-02 -2.152205821803543917e-01 4.498161972950842080e-01 1.882632748116059018e-01 4.320302895887960237e-01 4.438227016917830475e-02 -5.306925768220130402e-02 1.814965514391835288e-01 -1.060010407838460483e-01 1.601839035739788808e-01 -8.794106229669856889e-02 -6.548752217875533632e-02 -8.523349488698804544e-02 1.905621308054330776e-01 -9.690649007296109341e-02 1.350822797898242611e-01 9.290838838357086404e-02 7.466332467128082573e-02 -8.272020659184786337e-03 2.211166924260913047e-01 1.959274774524429885e-01 1.745757026168109904e-01 1.739677165784887791e-01 6.416556608441689180e-01 -3.443381960518861890e-02 2.812542907514550272e-01 2.256337527391750752e-01 4.173877576770288617e-02 1.132610078810108029e-01 2.387202367737026598e-01 -9.041077071597312942e-02 -2.973321024680480873e-02 1.873029445010837846e-01 -2.469536367904354990e-01 -1.384677871097061974e-01 -7.169965432157569818e-02 -9.248079311817991588e-02 3.294176979634932945e-02 3.525116341849327539e-01 7.661406241259252625e-02 -7.489487154531445333e-03 -2.657165827053167839e-01 -1.731844484755040714e-01 3.035683864884018007e-02 -8.818022111961676401e-02 -4.397419567534212592e-01 -5.139912824336525521e-01 4.656171823614280864e-02 -2.681336829181237835e-01 -1.218180244942455859e-01 -3.750540746256904590e-01 -2.027007515360800260e-01 -4.181510197040118060e-01 -1.015861395988993943e-01 -3.422526690967677143e-01 -1.760098790111159495e-01 3.980974681282631877e-01 2.272063663178084114e-01 4.171831558609342787e-03 -1.944584259890179967e-01 -1.290918531186846796e-01 -1.657593342244294277e-01 -1.710999482834670016e-01 1.089079822680813076e-01 -1.725855432509721954e-01
-3.566036657752368749e-02 -1.235500828299022358e-01 1.176128594659186372e-01 -2.878933941201173297e-01 -1.244039363256365348e-02 4.923283006560134900e-02 3.878943242743514153e-02 -8.279272934933683270e-02 2.313577173096168990e-02 2.570534201801202845e-01 1.000000000000000000e+00 6.585871392001584335e-01 5.712080298154406099e-01 3.719297121394335437e-01 2.779875944746147409e-01 -1.375801420106294581e-01 5.375070157427467299e-01 -1.524082447010726565e-02 3.602605405339797673e-01 3.886887416384079974e-02 1.500921784053593777e-01 2.885347270769547667e-01 4.930874157503592481e-02 5.000930286956725146e-01 1.714534950730745577e-01 6.211248004620251173e-01 1.311587708456743440e-01 1.630387988464427618e-01 2.917789181578929192e-01 1.993228956053799683e-01 -2.511028361033642090e-02 -2.407372462374747779e-01 -2.447400378169586332e-01 1.271570666924172477e-01 2.294943679561925465e-01 -6.188535119749337399e-03 6.664491663135165000e-02 -1.633020268086500526e-01 -3.776546363471276757e-02 -4.455995945498818049e-03 2.030977262199857303e-01 1.544944699401555946e-02 1.460305765684478674e-01 -1.629883472681133150e-01 -2.409631683739310859e-01 -1.499149092662360738e-01 1.167958337804108765e-01 -1.627031654263008664e-01 1.749858932607416609e-02 2.688495143620369537e-02 -5.912779350121278449e-02 -1.207652459433555814e-01 -2.742382782821469744e-01 -3.287297128994861595e-01 -3.174055466316066249e-02 6.594280929748613795e-02 -1.354444057549809843e-01 -3.159017344312460562e-02 2.910357653675391676e-01 5.512644229858700839e-01 5.091136314971703714e-01 3.150865751446436103e-01 6.954216246203652474e-02 1.134844996385397237e-01 3.687288437601812796e-02 1.336266899706954336e-01 -1.363501570261729245e-01 1.615357308449427987e-01 -1.454342545055493097e-01 -1.593769120722506039e-01 -6.680469005310316066e-02 -8.041441637912610796e-02 -8.523337962541181756e-02 5.927396983338734798e-02 3.392529303656691142e-01 4.670218798158871643e-01 1.255072697593511699e-01 1.915937969391472706e-01 -2.193252872640837070e-01 -1.430161639314754818e-01 -1.148221219852447322e-01 -2.240772867683496761e-01 -2.216639111479533353e-01 -8.937821061115251708e-02 -2.129979451915328323e-02 -3.217821605732756884e-01 7.266505129265928183e-03 2.240922401833591454e-02 -8.141812285097287105e-02 -7.613412618307839608e-02 -2.429002584146933985e-01 2.138973018986571883e-01 -6.997299072564774902e-02 6.761412005325365127e-02 2.007877173237683777e-01 -2.396800534867183918e-01 -2.185730021645969079e-01 -2.576503477635662676e-01 1.575308009081566318e-02 -7.355767305308331949e-02
2.869250068118373367e-02 -3.669916759717050531e-02 2.884794996803857203e-01 -2.178096625571191436e-01 -2.055545000941653988e-02 1.460744666814287052e-01 2.154349169525812957e-01 5.682479825346006125e-02 1.629461872132951239e-01 4.405860785483923792e-01 6.585871392001584335e-01 1.000000000000000000e+00 5.885119938385169336e-01 5.227094927304379857e-01 3.964936183093970556e-01 7.571606091011559569e-02 5.851333812301938719e-01 1.536537040520325470e-01 4.060464086224887525e-01 6.496877701554776285e-02 2.263916325253260697e-01 2.065439432271217179e-01 2.229393576398742138e-01 4.737927600561843144e-01 1.425907306392307505e-01 5.963393841684059282e-01 1.720193792651845133e-01 1.922006231732162063e-01 1.883996232945379101e-01 3.397163903074734703e-01 -8.178098465676331141e-02 -2.134448560543243667e-01 -1.404636108762836177e-01 6.612864621374871243e-02 1.938155865201212358e-01 1.482258614383569206e-01 -6.949531539893891163e-02 -2.200827880394085750e-02 -7.445332696897524749e-02 8.577888571630011560e-02 1.042666043122070646e-01 -1.748493070902199529e-03 1.086299512049715699e-01 -8.439723202940294100e-02 -2.293920004648870303e-01 -1.183565214338561655e-01 2.583255019755970744e-02 -1.546044500468670702e-01 1.693465005834787762e-01 -3.321819393701718609e-02 1.125257615936611083e-02 -4.344164770246698726e-02 -1.735267781750017835e-01 -3.290704249400432380e-01 5.410045802513224061e-02 2.048775136433441391e-01 -4.511919626412151663e-02 1.142190411985889165e-01 4.716276261048854557e-01 4.657157946208165256e-01 6.012081236601569678e-01 3.896905378158414535e-01 1.999515943766641268e-01 2.533082852527289708e-01 2.443804041015621153e-01 2.690784309100849869e-01 -1.604919709881801049e-01 2.768090026137712822e-01 -1.639009735222178021e-01 -8.381861466705244068e-02 3.194119372740476109e-02 -2.398412825066108603e-02 9.127979536865475640e-02 2.191361083590263326e-01 4.409912477801339326e-01 4.851152195402266276e-01 8.062009957933610749e-02 2.826325301202842755e-01 -2.275811539309875176e-01 -1.762601245052235754e-01 -1.502251358486308697e-01 -3.679338814113913836e-01 -2.951264690850686767e-01 -7.667858952454527366e-02 -2.175275001504530306e-02 -4.055163087096488317e-01 -1.212680922204710243e-01 -5.606696921132185707e-02 -1.792294528625999056e-02 -1.453464541075633887e-01 -2.611072312734272205e-01 2.594112167977196681e-01 -7.551621318004880790e-02 1.232703038910893945e-01 1.060290884343024348e-01 -2.252045888482860914e-01 -2.563350718158841635e-01 -2.121695738390249886e-01 7.042863234653383431e-02 -1.273812360442787284e-01
-2.398277125262215925e-01 -2.321073667329866166e-03 1.984468019423322460e-01 -2.193558238358893631e-01 1.004185511754581289e-01 2.698395624862907072e-01 2.651585298757354048e-01 1.529852053167688741e-01 2.128840437689583642e-01 2.798025924371344009e-01 5.712080298154406099e-01 5.885119938385169336e-01 1.000000000000000000e+00 6.661537789155570488e-01 4.530834474017467750e-01 -5.743806791064065553e-02 6.737304160374130158e-01 2.411428965694194515e-01 5.691003438681602189e-01 1.701899669884557043e-01 3.201829979017665750e-01 5.532601849912366365e-01 3.642051195059698432e-01 3.902503640280645114e-01 8.788830660794616501e-02 5.305631244394933832e-01 1.266668993736050908e-01 1.415933080830370228e-01 2.046843157218370401e-01 3.629616762804703245e-01 -3.530051133750411463e-02 -6.567878957036087095e-02 -2.678365521948228856e-01 3.614823431604609616e-01 3.908921338162492654e-01 2.862875670785551638e-03 -1.398035660222403942e-01 -1.093450085759375967e-01 3.301622210639182375e-02 1.490171623699826087e-01 1.307079811427339089e-01 -1.655060011775157380e-01 1.108620682898593668e-01 -2.197217579120786524e-01 -3.324114664357227800e-01 -1.420618461090900897e-01 2.252214499045108176e-01 -1.264722310827623257e-02 8.657892841155512276e-02 2.850803314053246967e-02 -2.480048941313760247e-01 4.235362173363060173e-02 -1.829646129194037463e-01 -3.301172030676976510e-01 1.769835262439142798e-01 1.931420834809144116e-01 6.298651580044541121e-02 1.536388360638850092e-01 2.170884562613678292e-01 5.109074578767959229e-01 5.869255869286584826e-01 6.542369688995008925e-01 3.634991239049559786e-01 4.012464471077364370e-01 2.594206062831870274e-01 3.036185877518871035e-01 -1.774578487860487552e-01 3.727520805392982028e-01 2.174914697705413423e-03 -1.402107605298835193e-02 3.449607771397515676e-02 2.531430405875217393e-01 1.467730211405636476e-01 1.441250066489862813e-01 2.822023023729907654e-01 3.204507695590489980e-01 -3.876179437293818947e-02 3.397331351945779288e-01 -2.024330349843959376e-01 -1.268907764483834244e-01 -8.879122319485045767e-02 -2.436061811390268506e-01 -2.818862003195037325e-01 8.772494502251915183e-02 -4.695796834886031140e-02 -2.005431995211328089e-01 -1.580393371350715115e-01 -7.179934907493117080e-02 -9.255053945297821161e-02 -2.406747363972586706e-01 -3.013430275615254783e-01 2.342877033074826365e-01 8.520179576610162342e-02 -1.166140893286330971e-01 1.382674742255028955e-01 -4.000340467075136353e-01 -1.870909731551330668e-01 -1.516980814551059098e-01 -4.385925010458608525e-02 -4.919685064713532480e-02
-2.534527983036489185e-01 1.375967426478878486e-01 2.258011744347255823e-01 -6.628382859880235789e-02 1.354692626609126926e-01 3.537669619170487612e-01 4.277307584993355061e-01 3.003992803147942925e-01 3.577955411922136286e-01 3.268966533630260352e-01 3.719297121394335437e-01 5.227094927304379857e-01 6.661537789155570488e-01 1.000000000000000000e+00 6.462964052135541371e-01 -1.747083211221154078e-02 6.439638248296846168e-01 4.399203674548004539e-01 7.163573012668592588e-01 3.823358751679394318e-01 6.148991156760390542e-01 4.047718935601424817e-01 6.239668318749781450e-01 2.905141543849383279e-01 -1.322281000128634754e-01 2.461932546957994461e-01 1.027499104010150405e-01 -6.341165727517999139e-03 2.280432385088457525e-01 3.981362826721567272e-01 -9.774666889988259388e-02 -1.655483391152707262e-01 -1.555465400140866594e-01 3.237497092348061156e-01 3.011781614277719288e-01 1.415629239578425624e-01 -1.984895007889769525e-01 -5.611100528522331571e-02 1.677793376333563402e-01 2.610359877793306804e-01 1.454377485856601926e-01 -3.490031188154066877e-01 -7.842161498366913286e-02 -2.129591617955680360e-01 -2.831428354010382398e-01 -1.078341370712692683e-02 3.435840850741787023e-01 8.542970511205877360e-02 2.351104542902975325e-01 8.831895438342729499e-02 -1.466658100479391880e-01 1.831415454127797715e-01 -4.862207634941916740e-02 -2.180534982104339325e-01 3.218846806976186081e-01 3.093721945322683298e-01 1.758459123857611939e-01 2.949672928367963465e-01 2.178959849072746036e-01 2.883771632000533547e-01 4.763295394187552767e-01 6.060294802197014885e-01 4.061527111140213475e-01 4.400490328677338359e-01 4.766231345905571626e-01 4.193537458354308356e-01 -1.650367882994574209e-01 5.658793412515165100e-01 1.040344755655738251e-01 6.663095176820786614e-02 3.311959445626619369e-01 2.803065265021416619e-01 3.137027104493220198e-01 2.811910467371763755e-01 2.346109348402720118e-01 8.366426107453545091e-02 6.182829770842492023e-02 3.102480079963205739e-01 -2.403900345130105254e-01 -2.198580738873051332e-01 -1.664770279991169555e-01 -3.352919486435305130e-01 -3.218118691431142708e-01 4.237178431676653922e-02 -5.946178280799074845e-02 -9.970165580016292217e-02 -1.434539869285394453e-01 -2.413150657024210888e-01 9.463427477841600266e-02 -3.265183806099237751e-01 -2.142220805636219638e-01 1.746201742304784033e-01 1.945287248138325154e-01 -1.390889646542630698e-01 -1.379855119431696031e-01 -3.505417089577732015e-01 -8.095678151418513047e-02 -3.976058139871557762e-02 1.413519344536054712e-01 2.913175555776331693e-02
-3.087477392120520636e-01 -1.054872435323711971e-01 1.644552123182827993e-02 -2.185528329919752544e-01 -1.181791235345841934e-01 8.751206395859371934e-02 1.145551725899979362e-01 -4.464352209096391494e-02 1.045764314575912957e-01 4.284043851117756013e-02 2.779875944746147409e-01 3.964936183093970556e-01 4.530834474017467750e-01 6.462964052135541371e-01 1.000000000000000000e+00 -1.933219805898572508e-01 3.478938841450608388e-01 2.351473589086696681e-01 4.171684620320456061e-01 3.902118709753019110e-01 6.464496701676093471e-01 1.818584222369560299e-01 5.948097029227639165e-01 1.259243514986221613e-01 -2.029712162208582027e-01 2.348424469855783236e-01 1.880951993976148762e-01 2.362766613236922664e-01 3.020571021533740019e-01 7.037115847116283129e-01 -2.303361071932669701e-01 -1.397848301782327052e-01 -1.380926579318625114e-01 1.128481215317426456e-01 6.428733028062184884e-02 1.125048812141996035e-01 -8.431107933344009209e-02 -2.345758814206415355e-01 2.162308798228782317e-02 1.291342018390270741e-01 2.605599939151885536e-02 -2.717225398751172971e-01 -2.417684746966470566e-01 -2.462833475733130495e-01 -2.978763307564705753e-01 1.358848130266116783e-01 3.052453422557785956e-01 5.496277654214192648e-02 5.616600315344852379e-02 2.978161823701065258e-03 -2.575188840975997095e-01 -5.048714765844673075e-02 -1.777485711428896109e-01 -2.613765212122521886e-01 7.909805284722835894e-02 1.141413667242116153e-01 -1.075401065534297984e-01 4.143452349040693122e-02 1.863367858534878130e-01 3.948438288404365615e-01 4.868847695489793570e-01 5.596362848223994657e-01 5.687376121515083094e-01 5.676558902930923800e-01 5.759659779573428340e-01 7.971605580643860156e-01 -8.570232515275690022e-02 4.804781676417077541e-01 1.821112697849885664e-01 8.045741329514374471e-03 5.577546368987760239e-01 2.867855892598854539e-01 5.101357383451852190e-01 2.163851607367320573e-01 4.312089884858536504e-01 2.025005211800228466e-01 3.069389125106297689e-01 5.987387162126523998e-01 -2.276238447384976438e-01 -1.588760967295106130e-01 2.216458092779744204e-01 -2.054157958480236357e-02 -2.566722981472683296e-01 3.044502451754361322e-02 7.199351012704073571e-02 1.299552679384345655e-01 3.981687672186015430e-03 -9.407478784140702391e-03 9.133527090849576091e-02 7.739009378457349479e-03 -1.778792763117507392e-01 -6.530229976338293441e-02 4.498665763258453271e-02 -1.766887696762668714e-01 3.109047642198270803e-02 -3.123673050156975939e-01 5.718384576127009955e-02 7.136147364118135272e-02 2.382134347293856508e-02 1.131180555180609677e-03
