1.000000000000000000e+00 3.606417118599709037e-01 3.139010974612481131e-01 2.474560362624179388e-01 3.566899752380740529e-01 1.966663175924465434e-01 1.472635716419494756e-01 4.613032568457537536e-02 2.612574762613923199e-02 5.318158322017658979e-02 3.467547996518771658e-02 1.501325650314238314e-01 -6.450384679458770476e-02 9.735915446934019502e-02 3.569588326750259416e-02 4.838155026453243579e-01 4.373495434888484412e-03 8.867395523720993794e-03 1.022737177580502338e-01 -9.008177580175753818e-02 8.141802986607203640e-02 4.687109306303397643e-02 5.864227978619020870e-02 -7.240927051452746011e-02 2.304241134992187079e-01 5.011221295194967160e-03 -4.495311046835889085e-02 -1.564976806232490358e-01 3.595211373623612844e-02 -1.042958344155009293e-01 1.657467273900449789e-01 4.057566641066925328e-01 2.348474281265559571e-01 -1.487563137183021966e-01 -2.321830904147787963e-02 1.296180398713732418e-01 -1.001317821472732725e-02 2.664883961331805384e-01 1.991482574241537351e-01 1.769865658990465440e-01 -7.645086547512376651e-02 3.552033620931762115e-01 -5.315795661937597338e-02 1.031704584006363223e-01 1.552508380556137657e-01 -2.236753062732571226e-02 7.571128026289543345e-02 5.868199705848968495e-02 1.950558539215426490e-01 -2.003060590541230757e-01 4.131764578664388621e-01 3.986756235712184959e-01 2.616427421234858164e-01 1.548970089119577898e-01 2.772644910919860317e-01 1.881971239324976841e-01 1.275965837600617492e-01 1.852451720129842314e-02 1.761230513659177155e-01 9.285450016144773666e-02 1.964718838091266684e-01 -1.573232879313352650e-01 -6.303275079524506275e-02 1.057053951737539285e-02 6.189665770791136223e-03 3.976242527225538892e-02 1.252459459971752564e-01 -2.828982586272865002e-02 -9.420222800016861409e-02 -6.902113070382763504e-02 1.207424286350133602e-01 -6.871665275968751041e-02 5.378264274957620522e-02 1.236478338077025563e-01 1.169774266841788202e-01 3.074749312767108833e-01 5.224417324725012107e-02 4.487280423607357960e-02 1.814659055168307000e-01 2.627455597548634669e-01 5.754369164864743535e-02 -8.112384885808875123e-02 1.356474921156804736e-01 -6.593378126074089796e-02 -7.997741032777617998e-02 -1.209510172900315206e-01 8.130835117901952236e-02 8.192180913625722680e-04 2.940558706394703556e-02 2.549094324178398721e-02 2.095964375176939121e-01 1.831732250053391964e-01 1.620926071350772268e-01 2.725845558077636399e-01 2.342368227199187192e-01 1.207524727741619286e-01 -5.279799957233484442e-02 -3.880286592804177426e-02 1.389322906362792098e-01 -1.002421098833280177e-01
3.606417118599709037e-01 1.000000000000000000e+00 2.929013568864979322e-01 4.878465729504065096e-01 5.977477139740617895e-01 3.158273998269415794e-01 5.173491726859291012e-02 3.709331533431272088e-01 1.737768328828591669e-01 -1.328745369630089934e-01 -4.753150877614077674e-02 5.122745238501821841e-02 1.120130409597394627e-01 2.025215568842876068e-01 2.167023266262441822e-02 7.012739623367446606e-01 1.474218253440095772e-01 3.830899580029038520e-01 2.196554990660949946e-01 1.038960756558958004e-01 2.358759878303090252e-01 1.644350673787626782e-01 2.169706185553350875e-01 -1.499868190817969238e-01 -1.062741350901300619e-01 -2.495645393981499663e-02 -6.686581186567347457e-02 -1.240038915497479188e-01 6.882031470190294598e-02 -9.633219542185600393e-02 1.672198714533170982e-01 2.950230127706343630e-01 3.080968740895568825e-01 6.176730977872085110e-02 8.946729604029117489e-02 -6.898704640495375781e-03 -1.170758775514246786e-01 -9.555463247954885941e-02 1.908090476366171295e-01 -1.087750975763284583e-01 -1.202802570507843227e-01 -1.236267302620200695e-02 -4.534150981704525296e-02 2.382559193900353825e-02 2.341927656149624393e-01 -8.087282793121798596e-02 1.027120803216311634e-01 3.179215944763290336e-02 1.702115924362608834e-01 -1.246457562658252471e-01 3.789655910753447210e-01 8.483957337532581633e-01 5.616800496434403156e-01 4.629659879252316923e-01 3.380323139682829270e-01 2.134778466858937573e-01 3.825316661442238475e-01 2.931733586301050187e-01 7.268756223116062953e-02 2.729796563275058152e-02 1.320041562231396293e-01 1.388619191624442806e-01 1.513340120570075553e-01 2.582805589197040841e-01 2.790613569896630008e-01 7.725887276868982634e-02 5.700082971006877053e-02 2.607904687484701722e-01 1.385686773820763718e-01 1.944867448292464385e-01 1.699877090320018325e-01 -6.676773057278918150e-03 1.032588370317160248e-01 -1.387152283755891669e-01 1.669496232126186641e-01 -4.388631978287999003e-02 -7.123490131395510128e-02 -5.588356677545965739e-02 1.462466280504745031e-01 2.076898076923045788e-01 -8.139613717069596466e-02 -2.353300542963223385e-01 9.364699289902238266e-02 3.268463482952946308e-02 -1.294843101829770138e-01 -7.457513470302132297e-02 -8.068879858663162430e-02 -1.672714581589629657e-01 -5.418507075454075811e-02 -3.304316699101443877e-01 2.559352861527868228e-01 -1.252125325816053347e-01 -1.614145043094071530e-02 1.111115604360718261e-02 -8.728060722273445204e-03 -9.440851449687181693e-03 -1.462280960819518638e-01 -1.539755962272669754e-01 2.296953198433212828e-01 -1.839565345608291103e-01
3.139010974612481131e-01 2.929013568864979322e-01 1.000000000000000000e+00 -3.158235567619237516e-01 -1.342270277439340867e-02 7.979884084671913236e-01 5.799139170968256041e-01 5.669142467486329995e-01 5.731536257807455792e-01 3.092057372420162764e-01 2.058045310250828652e-01 3.535948918339313352e-01 1.752838782723319944e-01 2.767978819179828590e-02 -1.618830166300802009e-01 2.165733966229848872e-01 2.383747161238678192e-01 2.652108506080984029e-01 1.952895298700297322e-01 -1.221252069187660216e-01 -6.157145014973038066e-02 2.068636704960073458e-01 -8.653987431670580321e-02 1.984112218709222220e-01 1.569881979733850075e-01 1.386748060554591488e-01 -1.933442954161766481e-01 -1.628733439001346928e-01 4.887337212701204497e-02 -2.593028279871360531e-01 -2.922175518348585910e-01 -1.797071942601169703e-01 -4.162176482686811285e-01 6.905780882279892452e-02 1.674844926087123709e-01 3.038546488740707097e-01 -1.263568893331641629e-01 1.567307052497379505e-01 2.149561963915583851e-01 4.816036754623178595e-01 1.867056758382078518e-01 2.492507597740571679e-01 1.917620734449778375e-01 -9.800643625119563607e-02 -7.761922851271867152e-02 -1.607365677922832359e-01 -1.291448794464148953e-01 -4.936619028319506192e-02 6.430797521664332050e-01 1.663491451065806648e-01 -1.784516797868230809e-01 3.071718879680631065e-01 -2.424491561991148902e-01 -3.912995223927958066e-01 7.552800984031045051e-01 8.295493820789598960e-01 2.494952136443802926e-01 5.924846927435306609e-01 3.469060335811289253e-01 4.221012063912109036e-01 3.478460186450793024e-01 2.793770546253614429e-01 1.398528626867454050e-01 1.446569282284642932e-01 1.152483353121059040e-01 -1.301314728597401660e-01 3.099794714512111304e-01 3.282130109522928829e-01 1.716925005015365602e-01 1.380918393951993672e-01 -8.289021658778657209e-02 2.378165176854905305e-01 -3.444990492087573325e-02 3.371717161929164153e-01 3.151133116880577845e-01 4.057733103645936867e-01 -2.255861323968185589e-02 -1.658815465388288335e-01 -3.239625897621502548e-01 -2.556911295037986309e-01 -3.331682289432767036e-02 -8.107666323820428289e-02 6.941382748485550036e-02 1.323277452530886578e-01 -1.337845729578415188e-01 -1.937496915273879128e-01 -1.094606547117443623e-01 -2.355343225927810646e-01 6.042041878717373249e-02 1.631368504266028641e-02 -4.124482830022002666e-01 2.071425689933500958e-01 1.968900046082562583e-01 5.214322087617254999e-03 1.003345875687294969e-01 -5.330169538350582048e-02 -1.660915471581672354e-01 -1.446529987080711066e-01 6.334746232788192044e-01 1.325422744585253443e-01
2.474560362624179388e-01 4.878465729504065096e-01 -3.158235567619237516e-01 1.000000000000000000e+00 8.008357036968907217e-01 -2.617745206446023265e-01 -3.628927563426668224e-01 -2.541353057025059758e-01 -3.189090076838442811e-01 -3.914385781462525471e-01 -2.439085762561437054e-01 -2.369110784658952917e-01 -1.065758830517376243e-01 4.022715975207287187e-01 4.116295696561184658e-01 3.845582852007263241e-01 1.394091632666327914e-02 2.272278956034329833e-01 2.435525871119714469e-01 1.844241981373298533e-01 4.354812046101271261e-01 -9.031867179130553813e-02 5.100993384727102731e-01 -2.543723301067214448e-01 -2.052261930035003401e-01 -1.442394276447156454e-01 8.156959760771329004e-02 -4.619762119790638000e-02 -2.090352329853288962e-02 3.227540603724369239e-01 5.159539964569885839e-01 6.569493751910820967e-01 8.252019098241764050e-01 1.068447576720317344e-01 -7.109968756167778237e-02 -1.437177915980657750e-01 -1.052835958800197869e-01 -1.429180932258227177e-01 -8.730352328868366818e-02 -4.176045560736747486e-01 -2.272285810479095503e-01 -1.784852943309734319e-01 -2.333063327941520548e-01 5.511754786916623489e-02 1.032479434128028145e-01 1.156282115103589719e-01 3.182444508325756316e-01 2.454764155178135177e-01 -3.579597483388942125e-01 -3.086105046041352495e-01 7.312376344662303573e-01 5.387608603839789678e-01 8.666546212914044700e-01 8.776768310551128494e-01 -2.025588708410298033e-01 -3.630536225309214937e-01 1.869329749710179067e-01 -2.935359773752146961e-01 -2.575293620563605113e-01 -2.896849077697679631e-01 -2.036743326922408892e-01 -1.307314622702487883e-01 1.780612770812348700e-01 3.031624005553921752e-01 3.526294441850622019e-01 4.305345292229680321e-01 -3.563958198265919364e-02 -1.224396020924664943e-02 1.922042980953339066e-03 1.562831663844045926e-01 4.187355628091219417e-01 -1.668624580021287329e-01 3.715937503050463220e-01 -3.804931055940573015e-01 -1.386982824206876019e-01 -2.509732997051329351e-01 1.071408938137629989e-02 2.634966318061027213e-01 4.991370357554905657e-01 7.618358766543747995e-01 -8.919994958041115030e-02 -2.744086521241070331e-01 -9.429361446985982942e-02 -4.434632254870909257e-02 -6.010076455155705100e-02 2.782180582325587404e-01 -5.166205760535264729e-02 -6.093472657297639011e-03 -8.186824974802109356e-03 -3.726556240381017071e-01 7.798660489088040659e-01 -2.762695292746872866e-01 -3.085397300798715103e-01 -1.928922415775814053e-02 -2.263203024722380483e-02 -3.192208930409407269e-03 -4.014226283072174634e-02 1.059406259695582636e-01 -2.827468701157044850e-01 -2.782122992841042364e-01
3.566899752380740529e-01 5.977477139740617895e-01 -1.342270277439340867e-02 8.008357036968907217e-01 1.000000000000000000e+00 8.615924598649800370e-02 -1.640706335039959773e-01 5.826977062181148970e-02 -7.416706145429458746e-03 -2.451931918438308711e-01 -1.548437179086805948e-01 -1.524312081915008277e-01 -7.312879137938109453e-02 3.978996611203200473e-01 3.358077533424265182e-01 4.118651609704905847e-01 1.822055437355495425e-02 3.374009733381019838e-01 2.676799298502922086e-01 1.568577456197517705e-01 3.953166485634309613e-01 -5.584974353338333086e-02 4.266967157173624514e-01 -2.004644426904614862e-01 -1.170901032566217942e-01 -1.613872401989297767e-01 5.835008568582572552e-02 -1.190568555320084126e-01 2.671030774352053244e-02 1.774615663066263505e-01 4.493249493281255003e-01 5.509301546966278718e-01 6.611011521723646478e-01 6.700184161006941808e-02 2.817858091681183386e-03 -4.080898906979726903e-03 -1.047993852752329147e-01 -5.104775870068247595e-02 9.641077926998574757e-03 -2.327568761259175556e-01 -1.482492989572987419e-01 -1.136012256434587864e-01 -2.026393043638085034e-01 8.007507263658418528e-02 7.756881217113388571e-02 8.871452600666836219e-02 2.836634957160711901e-01 2.397339926956622846e-01 -7.315441428086426334e-02 -2.160518040617934177e-01 6.660709082770190914e-01 6.383185194888693070e-01 7.846081489023145616e-01 7.668578662306028138e-01 1.614984130608812796e-01 -4.401543210724718352e-02 4.262400319805026983e-01 2.036793207470981998e-02 -8.529511283852858616e-02 -1.765473785977488275e-01 -1.151572240690205834e-01 -6.447340431609206723e-02 2.177241888516712187e-01 3.546798403131833921e-01 3.744257046177066894e-01 3.677986807585821305e-01 1.703910811531616776e-01 1.175949871741890362e-01 8.876891691965999032e-02 2.430137849692611263e-01 3.866690538280556089e-01 -6.606780664876107934e-02 3.572824263207400874e-01 -2.107676281258535622e-01 -3.101452733136728437e-02 -1.452162354780334175e-01 3.563888354590702412e-02 2.166894307619317561e-01 4.258570621881371809e-01 6.289608163159269294e-01 -1.017106927368573305e-01 -2.790986789452349903e-01 -5.314271943599233050e-02 6.639784329820819231e-03 -6.293096431875483399e-02 2.423375299902069124e-01 -3.439980083211687661e-02 -7.364963051290597529e-02 4.640755418470091792e-02 -3.056022531392232344e-01 6.462014912936080435e-01 -1.592675402028760900e-01 -1.786379811110350990e-01 2.124520575055271338e-02 3.601383705844561287e-03 8.340641238904149268e-03 -5.363245644149215036e-02 8.893874633367318538e-02 2.703478774879978369e-02 -1.958337234841632246e-01
1.966663175924465434e-01 3.158273998269415794e-01 7.979884084671913236e-01 -2.617745206446023265e-01 8.615924598649800370e-02 1.000000000000000000e+00 6.201654822107794951e-01 6.395552917485937128e-01 6.651988995512827518e-01 3.977596679758087506e-01 2.061199895662213510e-01 3.016472500931221545e-01 2.146568182634148725e-01 2.685548569888156906e-02 -1.870382811389468825e-01 2.096114781495085622e-01 2.309960537210639375e-01 3.029667700782857631e-01 1.564822157376870859e-01 -1.104027272260238862e-01 -5.432829862095045481e-02 2.442243332398467137e-01 -1.160610113845507579e-01 1.176269140384606920e-01 2.088430475395336161e-01 9.811004017293264989e-02 -1.586255803476054327e-01 -1.478044997177823672e-01 1.017565569690217081e-01 -3.052826096717367044e-01 -2.555275325319079083e-01 -2.066593332054064702e-01 -3.517177815489061499e-01 9.391163237559600752e-02 2.326068024502919718e-01 2.402815800949470726e-01 -7.994212623018313868e-02 1.078510507707478028e-01 2.874074466592225763e-01 5.368178280182368534e-01 1.442120740708235094e-01 2.344025967289348755e-01 1.389634032123720220e-01 -1.137185368018632653e-01 -4.975186867726815593e-02 -1.751349750786452275e-01 -1.546211619852772556e-01 -8.559678137162728129e-02 7.151007049228166323e-01 1.690329295843578661e-01 -2.348922314581861348e-01 3.320670637312592155e-01 -1.874221237996101241e-01 -3.232048161721825519e-01 8.577650122056147408e-01 8.604005895884743182e-01 3.396336725987980643e-01 6.625533298407381144e-01 4.491108477132709775e-01 4.061884754914483753e-01 3.580734403092929452e-01 3.472736205494650341e-01 1.927199061448109096e-01 1.778932364023511625e-01 1.444179700262463450e-01 -1.448363660989920310e-01 4.045314394950532133e-01 3.928944671954129886e-01 2.631225811742634590e-01 1.849657673564842619e-01 -8.116674012256457071e-02 3.268080994519911298e-01 -4.078456332286310715e-02 4.043189967445666722e-01 3.447112094807338045e-01 3.680472593400465620e-01 2.041347268011566712e-02 -1.591701608157867209e-01 -2.884224136713971487e-01 -2.783096156448061076e-01 5.208971630637344169e-03 -7.294461934990212337e-02 1.417428618801612750e-01 2.005345296696098012e-01 -9.960923574379938750e-02 -1.360270750350068836e-01 -2.904954539431645055e-02 -1.706728005987473151e-01 2.074618903934439748e-02 -9.249209694031208795e-03 -3.796428433268312364e-01 1.444728756265414027e-01 2.426942269268255459e-01 9.431181182109345251e-02 1.466858293558946369e-01 -5.159947653170127158e-02 -1.698593269208902856e-01 -1.681152125327367297e-01 7.479438579736955583e-01 1.446207956267105688e-01
1.472635716419494756e-01 5.173491726859291012e-02 5.799139170968256041e-01 -3.628927563426668224e-01 -1.640706335039959773e-01 6.201654822107794951e-01 1.000000000000000000e+00 6.046265985790726383e-01 6.133037581952965889e-01 5.681776389639910940e-01 2.366026190404662832e-01 2.924980467176364063e-01 1.207756019200277309e-01 -9.471675057024954436e-02 -2.384219261685620317e-01 1.228990432503653529e-01 1.064511121742822836e-01 7.176368034943975127e-02 4.752441997403396290e-02 -2.358443787070284570e-01 -1.373865433165621930e-01 4.607393479914079215e-02 -2.258089667671924206e-01 1.683702781847354335e-01 3.534291249912884791e-01 3.434467943520120442e-02 -1.606537775462876794e-01 -1.625396608859359660e-01 -4.472368245659372882e-02 -2.565841815302788431e-01 -2.307916144340967646e-01 -1.691059044353523944e-01 -4.134438205938055222e-01 -1.056729131256605309e-01 3.631533939279909390e-02 1.029016681586516491e-01 -1.160740671857108802e-01 4.158618108216698972e-01 4.302698634281603707e-01 6.658020163529678737e-01 2.550829066809246481e-01 3.692525388802507247e-01 1.955075598709488660e-01 -6.986659998865925314e-02 -6.423930574787189984e-02 -7.019000474238690224e-02 -1.358371151773923868e-01 -4.465604199267785013e-02 5.921457180796969588e-01 1.632019530617580538e-01 -2.796828630119236325e-01 9.611931612882169962e-02 -2.846540008349847661e-01 -4.182568396966684920e-01 6.126765812423649038e-01 6.379763234509941983e-01 3.484380583912004559e-01 5.469380104437886470e-01 5.377735377741205136e-01 4.210407026993052138e-01 4.585766899313484246e-01 1.830922226685635090e-01 4.850790539826355108e-02 6.402586759065852229e-02 4.422728415087685133e-02 -2.064807822579634300e-01 5.852643433428597053e-01 2.813452784858856970e-01 1.280966185200500471e-02 -5.142644449960762781e-02 -1.639573006648055165e-01 4.816680882861322510e-02 -1.447095396849097104e-01 4.939549226108645441e-01 2.116287791071299607e-01 4.147726939309313576e-01 -9.528402638068415864e-02 -1.891892108429287511e-01 -2.869883002578507147e-01 -2.537800764576444990e-01 -1.859074068664763602e-01 -1.391692231866922466e-02 1.012630602495091375e-01 -1.019013397902392010e-01 -1.158626375819661464e-01 -2.207615432317494297e-01 -3.616733812934348757e-02 -1.510954997632931451e-01 -9.625375461317919878e-02 1.755438050844529418e-01 -3.923684336553426855e-01 2.841648638482174305e-01 3.306225931480906155e-01 1.630378058462907120e-01 2.210519405509171753e-01 -2.220667282800498771e-02 -4.573730048934017411e-02 -1.045661542771033348e-01 5.565606072950373129e-01 1.370581595599688340e-01
4.613032568457537536e-02 3.709331533431272088e-01 5.669142467486329995e-01 -2.541353057025059758e-01 5.826977062181148970e-02 6.395552917485937128e-01 6.046265985790726383e-01 1.000000000000000000e+00 7.843334537309032406e-01 4.096620208222365167e-01 2.104417657636141192e-01 2.428030376137810253e-01 1.844194204288876482e-01 -5.711536955306244223e-02 -2.302128877574527999e-01 1.481195147249263766e-01 1.388354109861366092e-01 2.930592530369139359e-01 1.199421397894570723e-01 -1.599485725940470171e-01 -5.215506412462217467e-02 1.510389997247097438e-01 -1.839548793025087559e-01 1.569840740707393878e-01 2.380887510996179957e-01 3.840682110380907316e-02 -1.496073755556822926e-01 -1.523452880212210758e-01 4.749474528763716896e-02 -2.616461161182445094e-01 -1.491618131302179240e-01 -2.137604570397458881e-01 -3.944681550328482111e-01 -3.302399002550454599e-02 1.156525361906967503e-01 7.191795340273689219e-02 -1.223358468668428595e-01 1.729044217710235531e-01 3.438209565891972574e-01 3.678758258027716721e-01 1.353248932716651642e-01 1.977217107276056651e-01 1.612259708837060768e-01 -7.392877271778669490e-02 1.267279566404668628e-02 -1.141059282029279198e-01 -1.918092222232530286e-01 -1.152826364022824512e-01 5.184874341862925062e-01 1.273348704765550621e-01 -2.561481058196027893e-01 2.958446824022171739e-01 -1.709608290950381804e-01 -2.407599272536514179e-01 6.830741777315313401e-01 6.371058183242147566e-01 6.200238337668829702e-01 8.321294346097574124e-01 4.184066846179033128e-01 2.792444955314960509e-01 3.831917026926351943e-01 2.441004799170577999e-01 1.087397479067760270e-01 1.367883737523275245e-01 1.474459886766570638e-01 -1.921613529693639022e-01 4.689249847160165685e-01 3.546387486428209113e-01 1.365749654337398977e-01 1.035334157690987744e-01 -1.367905579557409657e-01 6.422058608660655143e-02 -1.339558218548469182e-01 3.472936112382224993e-01 2.536256615420623417e-01 2.432988140510289610e-01 -9.326732201734010130e-02 -2.097713874549033131e-01 -1.963700219618970400e-01 -3.140056564020647367e-01 -2.283129655000902813e-01 -1.424175134077278471e-01 1.040041026598885476e-01 -6.511626707391052205e-02 -1.044631997713237059e-01 -2.505133884792757337e-01 -8.996128864965588501e-02 -2.492212759743616113e-01 -1.711407530724238235e-01 9.070721996126220044e-03 -4.199670858786622163e-01 1.927167010914506429e-01 2.192354479443983373e-01 8.395490958237317169e-02 1.106326658787732536e-01 -6.187909882137206802e-02 -9.832463332280781676e-02 -1.775311615684121158e-01 5.693269092488958405e-01 4.267419930969720138e-02
2.612574762613923199e-02 1.737768328828591669e-01 5.731536257807455792e-01 -3.189090076838442811e-01 -7.416706145429458746e-03 6.651988995512827518e-01 6.133037581952965889e-01 7.843334537309032406e-01 1.000000000000000000e+00 5.567984683945497171e-01 2.472166424013733654e-01 3.395815030274216273e-01 1.713834536221054139e-01 7.895950874260102351e-03 -1.454992974073583412e-01 1.930474806227365156e-02 1.916483707061315822e-01 2.535910358889030825e-01 1.527468318773863576e-01 -9.560416147433364875e-02 -1.317557798166808618e-02 1.497954256068382006e-01 -1.483387616433306799e-01 2.179077863340106447e-01 1.674728116808184286e-01 4.074061694716738652e-02 -6.701630804876061720e-02 -9.766156891155486353e-02 1.178976642900877586e-01 -1.654835396462052965e-01 -2.295501843862338687e-01 -2.849630018576255197e-01 -4.563880258927650035e-01 4.015421703469809755e-02 1.814828629989756470e-01 1.925278999500690813e-01 -6.132660927002833717e-02 9.845343918126685245e-02 2.657390606241551434e-01 5.015810510384216547e-01 1.751933278897009894e-01 2.025978676546007773e-01 1.833688373756463263e-01 -8.273545381438042468e-02 -4.432427394747835703e-02 -5.451464231830868701e-02 -1.671413687015246285e-01 -3.526570813157311329e-02 5.720554231063545991e-01 1.052398866823248125e-01 -3.368301855503421094e-01 1.390900836699839327e-01 -2.633233053373179589e-01 -2.997802701586111396e-01 6.722836751230700791e-01 7.041281270755457289e-01 4.870663412127914094e-01 8.422089595690732677e-01 4.493082953436874361e-01 3.661790789515457223e-01 4.529808784989619586e-01 2.367336877749419144e-01 1.450934935803773196e-01 1.860318323056367185e-01 1.673456543813375275e-01 -1.381393850483125518e-01 5.332862167835460410e-01 3.647953262123687646e-01 1.606784331959798251e-01 1.128357055639076373e-01 -7.237295511126787262e-02 1.334596174938916247e-01 -5.524290082651713701e-02 3.698258710554374606e-01 2.824345239340311786e-01 3.490185447158684617e-01 8.274867668068569201e-03 -1.409821496528702589e-01 -2.788563186709182018e-01 -3.283142702496781307e-01 -1.511565556583413794e-01 -8.175675882048556720e-02 1.540303632591929484e-01 1.996451684187701761e-02 -1.209865952922044817e-02 -1.494670703095367092e-01 -4.207063413899777421e-02 -1.959445561087874432e-01 -1.168981867506739269e-01 1.022611022117602270e-01 -4.540745970660454711e-01 1.908128845110917404e-01 1.588255398179763966e-01 3.245482850367904792e-02 1.287647381891096621e-01 -6.079223674779037079e-02 -3.858742497413187450e-02 -4.009019404765496591e-02 6.789087135512388294e-01 9.254039981736303377e-02
5.318158322017658979e-02 -1.328745369630089934e-01 3.092057372420162764e-01 -3.914385781462525471e-01 -2.451931918438308711e-01 3.977596679758087506e-01 5.681776389639910940e-01 4.096620208222365167e-01 5.567984683945497171e-01 1.000000000000000000e+00 4.529412621445303433e-01 4.946295575542523082e-01 3.148597449607827281e-01 -9.706931653541937821e-02 -1.394093185290746773e-01 -1.228679012386086310e-02 1.186641047328522991e-01 -7.563686464582354552e-02 1.158214617538078257e-02 -1.908774957926560878e-01 -1.626658679612966174e-01 1.989134273795419294e-01 -3.104880373440138674e-01 3.055030346008378861e-01 5.559295742941123830e-01 1.784955035727328054e-01 -3.665334090731640210e-03 1.358004306243925097e-01 2.030874451392637170e-01 -1.663579985704458641e-01 -2.078262601178330893e-01 -1.411236416640038738e-01 -3.596400195380755060e-01 4.547459764330015301e-03 2.157293644700883917e-01 8.813573508628715081e-02 1.522212864452513192e-01 2.934171168730015933e-01 3.477245684500350764e-01 6.673378701255110457e-01 1.754367537683963196e-01 4.515326872282133253e-01 2.737778341781035851e-01 -5.432414422877818866e-02 6.324170581079019415e-02 6.368012903433902709e-04 -2.568321009232703567e-01 -9.706455580049044851e-02 4.434087537159879244e-01 1.157145060568429973e-01 -3.237258835304001048e-01 -1.485371656367717175e-01 -3.680224092380787737e-01 -3.635032922075801531e-01 4.033057197299874663e-01 4.488325930929142338e-01 1.854311862694131563e-01 4.400710343057686602e-01 7.458182078210194854e-01 4.798895592820697775e-01 6.651221110466118969e-01 2.720241417351151325e-01 8.109414562670567983e-02 -3.623901515699479853e-02 -3.072897588643507330e-02 -2.330733930589071745e-01 4.769527737042222326e-01 2.228657265043820501e-01 1.362674643778748196e-01 -7.425276332383418110e-02 -1.306986340377529199e-01 2.266709404725359978e-01 -1.693727445967218581e-01 5.982680540821019299e-01 3.989864030904815562e-01 5.885015324853355434e-01 2.056124941901229797e-01 -7.584281784640249484e-03 -2.177106931146502444e-01 -2.671103605035082817e-01 1.102230635725628127e-01 1.044664927544456251e-01 3.564478199260033286e-01 1.037739225021959144e-01 1.255482091213822871e-01 -2.004955855425631928e-01 2.099857802538906693e-01 1.419482987753188374e-01 -1.882443084065066052e-01 3.420214646191286345e-01 -3.945315390988707316e-01 4.959016275584077205e-01 3.803321411405363173e-01 3.378381315999163248e-01 3.602721564560039114e-01 1.005700563242602624e-01 1.307519706121665348e-01 1.615766544908685612e-02 4.673296926164471343e-01 1.383676602734900118e-01
3.467547996518771658e-02 -4.753150877614077674e-02 2.058045310250828652e-01 -2.439085762561437054e-01 -1.548437179086805948e-01 2.061199895662213510e-01 2.366026190404662832e-01 2.104417657636141192e-01 2.472166424013733654e-01 4.529412621445303433e-01 1.000000000000000000e+00 7.941846542643967721e-01 6.115903176237628136e-01 3.303717713373801601e-01 2.672451068378014494e-01 -2.809915124961092150e-02 4.466170375131652270e-01 1.908374812893698091e-01 3.028921847531482192e-01 -7.593434185852483698e-02 9.261224269395650077e-02 4.782110502374105621e-01 1.111815588964779333e-01 6.261818889921579867e-01 3.424182014976762112e-01 6.975888339235519764e-01 2.247132884785487950e-01 4.237457837267781802e-01 3.869088287797929904e-01 1.544202387924761000e-01 -4.148354851532324861e-01 7.832572559032335846e-02 -2.443790134924837265e-01 2.873598172393853067e-01 4.340817693463538962e-01 4.150402815028247927e-01 2.687881101399155481e-01 8.490045074368418598e-02 1.746585701224022680e-01 3.116296260805676011e-01 5.837061162150585236e-01 2.840480508261508663e-01 5.227492947680141278e-01 2.774203459769271074e-01 2.234732516110342626e-01 2.884569393412995675e-01 1.495082502032817895e-01 2.510725308431849268e-01 3.486891021611545072e-01 2.919169772328100154e-01 -2.174973225605801308e-01 -3.042069349536821385e-02 -1.807113205224992747e-01 -2.198160886050436191e-01 6.820578683558893573e-02 2.149940506364926007e-01 -6.147568012823877159e-02 2.926680265869978093e-01 4.830095743647981332e-01 7.918398322991241356e-01 5.741479789554425617e-01 4.921798923506178203e-01 4.310854288215610342e-01 3.365987465045207627e-01 2.567703050787577546e-01 1.938483808312672363e-01 1.863017013546289583e-02 4.793916199478612805e-01 3.785013454871286043e-01 2.306750175024677996e-01 1.664119863285610790e-01 5.134209354850498563e-01 1.966732356240878943e-01 3.552759936248234829e-01 6.441856687426006367e-01 5.418425388518927077e-01 4.091497688026651813e-01 3.486524022895167163e-01 -3.685162564434670829e-01 -2.659268272708207453e-02 2.888362289134014937e-01 1.826037442387875298e-01 1.477924304616106965e-01 3.242566791985369012e-01 1.865741920111699259e-01 6.720235774957682151e-02 3.446499105631947169e-01 3.580873784837695362e-01 2.545699869628474388e-01 3.566501139541461973e-01 -1.835442359338446128e-01 3.666015619560623606e-01 4.168224153560233791e-01 1.690538879252986570e-01 1.808623842909458102e-01 2.613246253594398438e-01 3.359383561913986682e-01 2.094716572322300741e-01 4.017836230989457746e-01 3.461510324373460179e-01
1.501325650314238314e-01 5.122745238501821841e-02 3.535948918339313352e-01 -2.369110784658952917e-01 -1.524312081915008277e-01 3.016472500931221545e-01 2.924980467176364063e-01 2.428030376137810253e-01 3.395815030274216273e-01 4.946295575542523082e-01 7.941846542643967721e-01 1.000000000000000000e+00 5.656133329692798473e-01 3.067227521628280162e-01 2.160191178265774836e-01 1.015381223346377842e-01 5.270450537636567345e-01 2.333339156835231576e-01 3.584016383557865337e-01 -1.871292178883653123e-02 1.231069428468899996e-01 5.362083229931744466e-01 1.442037809811301252e-01 5.930673760371826253e-01 2.870359865933802546e-01 6.684801605293284599e-01 2.385636216835102519e-01 3.978860890132318029e-01 4.275441916291030098e-01 1.205685709384499843e-01 -4.283100781279127744e-01 7.174856358313252969e-02 -2.746415789195124635e-01 3.032448872926664651e-01 4.395548294440915216e-01 4.692626110094902381e-01 2.486393983505684191e-01 -7.106872443139152298e-03 1.639071784987916613e-01 4.132328542534847715e-01 4.300244408882790137e-01 3.336139521691541820e-01 5.006508857131024559e-01 1.690470764980367413e-01 2.554263113411022745e-01 2.439786089908917432e-01 1.019610094922666910e-01 1.972611325594705867e-01 3.886228841614750573e-01 1.307693877827908469e-01 -1.879301142737013763e-01 6.321700024639102800e-02 -1.781231188710892532e-01 -2.316174315891184055e-01 1.922819632626437958e-01 3.414417640620222016e-01 -6.432257372467327372e-02 3.632195953229024887e-01 4.879542578485527859e-01 8.040273735719782877e-01 7.087592694606011934e-01 4.628596561640654916e-01 3.883113240598052851e-01 3.121107815021851306e-01 2.628144635527128736e-01 1.430719550340781854e-01 5.996747306277239870e-02 4.968259819004329225e-01 3.409524258926746043e-01 2.012596890412660100e-01 1.955239257310064926e-01 5.029857496748139090e-01 1.948910363125449796e-01 3.373598282551001359e-01 7.400794387577608324e-01 7.003119969462152650e-01 4.411475803034593524e-01 3.469759913515260696e-01 -3.960990690876611264e-01 -5.563365892797475509e-02 3.578496400638100372e-01 1.041187746957761978e-01 2.716537147558930054e-01 3.948975099067150718e-01 2.627396651084238366e-01 -2.908346518518486676e-02 2.715110372325246768e-01 3.087388534335082091e-01 1.878773749907268475e-01 2.795607504467231830e-01 -2.705362785041922624e-01 3.664963034714515122e-01 2.940869603163471790e-01 1.196902408394543704e-01 2.248519921740469163e-01 1.993936434180305917e-01 2.755033002114092300e-01 1.809027389738595559e-01 4.525962117244495819e-01 2.121546780200887772e-01
-6.450384679458770476e-02 1.120130409597394627e-01 1.752838782723319944e-01 -1.065758830517376243e-01 -7.312879137938109453e-02 2.146568182634148725e-01 1.207756019200277309e-01 1.844194204288876482e-01 1.713834536221054139e-01 3.148597449607827281e-01 6.115903176237628136e-01 5.656133329692798473e-01 1.000000000000000000e+00 3.131737295282901457e-01 2.269652523181713843e-01 1.126204853080462892e-01 4.211151816524076885e-01 2.180532399973976743e-01 2.639427934705049217e-01 9.081498230618852141e-02 1.779260110775069958e-01 4.810328603909995726e-01 1.383532684883048425e-01 4.536381950119772188e-01 2.554609474114270529e-01 4.758276625408567884e-01 2.116788388124841436e-01 4.780735143076346172e-01 4.750861796424401540e-01 1.417132722755839458e-01 -2.967586382938126599e-01 1.995756234452572206e-02 -1.758552390613644656e-01 3.922528894025883450e-01 4.795096126998485420e-01 2.500834833214867214e-01 2.864588749300165937e-01 -1.121195857296009880e-02 1.963669613568672090e-01 1.213917856669519263e-01 4.130029908698527041e-01 1.662344959171495606e-01 3.562426326781173991e-01 1.468987465409881399e-01 2.883751896599450193e-01 2.348019066931393284e-01 1.762088335733291156e-01 2.337655021940393263e-01 2.494897252611651683e-01 2.538516210090526748e-01 -2.345554922891983085e-01 8.831565360859880420e-02 -5.851606773761657693e-02 -5.257724059665455640e-02 9.599377668361414040e-02 2.027339057957709967e-01 3.180500052973630337e-02 3.056199511484679054e-01 4.281807809993216085e-01 5.646645260486489182e-01 5.560426981657697887e-01 8.204687871623761453e-01 5.223606995841983958e-01 3.217632154401959266e-01 2.735152636651848046e-01 1.355896843705292343e-01 4.632840595400982558e-02 4.257398587622285291e-01 5.236603532496910685e-01 2.718094585451963918e-01 2.087270446826315629e-01 4.592700561183338803e-01 1.833774783235362082e-01 2.558600032323743445e-01 5.164539324753395499e-01 3.690831099665971560e-01 4.383937219493909132e-01 3.233512670956658064e-01 -2.746591343621049286e-01 -5.345112415921175059e-02 2.997897603028696900e-01 2.491303316352917741e-01 2.231667728451824373e-01 3.449521677695101540e-01 2.104014426758083200e-01 8.478473093793738313e-02 3.310352419796772083e-01 3.467517417356118514e-01 1.206348165597619926e-01 1.797572410918729102e-01 -1.883175348594503806e-01 2.091016043879541653e-01 2.797478916104726432e-01 1.039593924199003899e-01 1.229866344606048573e-01 1.893155105026603779e-01 2.904064383429777463e-01 1.743874122259557735e-01 2.889055830474672182e-01 2.266468249267850621e-01
9.735915446934019502e-02 2.025215568842876068e-01 2.767978819179828590e-02 4.022715975207287187e-01 3.978996611203200473e-01 2.685548569888156906e-02 -9.471675057024954436e-02 -5.711536955306244223e-02 7.895950874260102351e-03 -9.706931653541937821e-02 3.303717713373801601e-01 3.067227521628280162e-01 3.131737295282901457e-01 1.000000000000000000e+00 8.115340543995237521e-01 1.329958694742686687e-01 4.940514310311606705e-01 5.504671388041902924e-01 6.232092410884109146e-01 3.051619257794904727e-01 6.893817319756535555e-01 4.218383923475757524e-01 7.958592314675601020e-01 2.806888191238035013e-01 -1.055643709348197540e-01 2.999038131629066517e-01 4.889462725847481539e-01 4.142048741355024988e-01 3.688680186662945948e-01 6.301798873665407363e-01 -5.044311674133385159e-02 4.170892100839754257e-01 2.820317477765665326e-01 4.623089498860796231e-01 4.199060303310824249e-01 2.929043142753980367e-01 1.285673800131245104e-01 -1.686561528183233016e-01 -7.046558183845057222e-02 -1.073698497578571276e-01 3.163725558193130061e-01 -9.376602941329746643e-02 1.781184558012880170e-01 2.420986723816105635e-01 1.372355919228458176e-01 5.588932908018657830e-01 6.873816581285911997e-01 6.853585428217925379e-01 2.545722133270037196e-03 3.184167953345429236e-02 2.363845951723089478e-01 2.713368999295714401e-01 4.113570828020778891e-01 3.731697410034349183e-01 -8.616035504072061535e-02 -1.625058474054352775e-02 1.513175809450971162e-03 4.930656240184880246e-02 2.641648622315073691e-02 3.500950104716668565e-01 1.240747818618626597e-01 2.877153286007554933e-01 7.080894194171497569e-01 7.886713799540360226e-01 7.508434960821216420e-01 7.797519196655956497e-01 -7.059932154903204859e-02 5.264870361001859900e-01 4.532250132035158252e-01 5.382226578004939421e-01 7.115621096853781413e-01 4.065016787120067643e-01 7.993815556268598632e-01 -7.986005757550540540e-02 3.475142309934665663e-01 1.160269662557980724e-01 3.764143272371913151e-01 6.894310844608094735e-01 -4.434766039944317007e-02 4.587050961734706611e-01 2.163043901784964806e-01 -1.727448573274227225e-02 -7.446154495168726128e-02 3.156767848324397718e-01 2.711688648206589392e-01 5.925938257742383586e-01 1.447781775271010651e-01 3.224915124226299112e-01 3.392853375420053497e-01 -5.046032025462697523e-02 2.843787943384400441e-01 -7.816873919883830790e-02 -1.082955562549836170e-03 -1.102212744743239770e-01 -2.136459826551970545e-02 1.481970538649486635e-01 4.108420867166739376e-01 5.281959902231471160e-01 1.338985762511857580e-01 7.399102791059718187e-02
3.569588326750259416e-02 2.167023266262441822e-02 -1.618830166300802009e-01 4.116295696561184658e-01 3.358077533424265182e-01 -1.870382811389468825e-01 -2.384219261685620317e-01 -2.302128877574527999e-01 -1.454992974073583412e-01 -1.394093185290746773e-01 2.672451068378014494e-01 2.160191178265774836e-01 2.269652523181713843e-01 8.115340543995237521e-01 1.000000000000000000e+00 -2.041419745798827776e-02 4.063369275151262894e-01 4.291964118874376788e-01 5.267763352726904102e-01 3.185652102587642753e-01 7.324596624689700963e-01 2.831916359068681333e-01 7.581952174862841565e-01 2.350804230357092239e-01 -1.040983491251678550e-01 2.641783795524253464e-01 5.579034364010198033e-01 4.526445074229383803e-01 4.112817781138599083e-01 7.446384433404635850e-01 -1.665688782394708287e-02 3.973648180327934987e-01 3.055290041116074939e-01 4.077542775700826461e-01 3.330551705893357584e-01 2.181821015001484398e-01 9.412643679509939687e-02 -2.183747228159888254e-01 -1.986063563192334291e-01 -1.622016442248384593e-01 1.911506682543363256e-01 -1.207983846743977685e-01 1.142625308885248381e-01 2.357578670354662509e-01 3.961403071639053863e-02 6.149694741967169920e-01 6.515213220785659454e-01 6.788059606039820171e-01 -1.637457396769308182e-01 -4.493433268830958338e-02 2.378816237587974280e-01 1.020018896191709212e-01 3.465380061308094839e-01 3.857740886791219959e-01 -2.479827640386760845e-01 -2.044533272379204514e-01 -7.607493872145382197e-02 -1.287214368426475020e-01 -6.660380657455075570e-02 2.510735758059273182e-01 8.274997356747370442e-03 1.771778791316223345e-01 6.343419480012365552e-01 7.009056530728056122e-01 7.051517667633581121e-01 8.850248966932671157e-01 -1.399500837682512711e-01 3.659007559334128135e-01 3.274600942039276319e-01 4.379751412170184710e-01 7.922845932769304600e-01 3.368626507924007973e-01 8.024356500115809032e-01 -9.947686400657146377e-02 2.934272256527175604e-01 8.194702134772791080e-02 4.625430074319209495e-01 7.987842445758207566e-01 8.400890527759686047e-03 4.744134292051387369e-01 2.419104570303593771e-01 -1.133357756491878143e-01 -1.566945739591857345e-01 2.930190870815417292e-01 3.806835556236021212e-01 5.801345540393840761e-01 1.009110163628848256e-01 4.064419184382495609e-01 3.175268307407991819e-01 -8.198688887361878230e-02 2.924762982175431736e-01 -1.004917026745404535e-01 -8.153692762902971236e-02 -1.101948005897282340e-01 -4.259889218321429721e-02 1.529007458322912960e-01 4.718195654819183349e-01 6.114443922216696858e-01 -5.459981686401927520e-02 3.822494647164586395e-02
