1.000000000000000000e+00 7.569339796645729000e-03 4.154131175503782969e-01 -1.804267885117326053e-01 -1.507631089329948826e-01 3.932957341548581343e-01 3.924070638760450702e-01 1.748572553149344566e-01 6.620785520911280642e-02 1.148606076089497413e-01 -1.894593859098701524e-02 -7.193467432267888761e-02 -8.179021105970327166e-02 -3.959442382831446228e-01 -3.386908932857051191e-01 3.951595199913669476e-01 -7.256786164802965511e-02 -1.343177677169729300e-01 -2.276899520084877671e-01 -2.247053216044368751e-02 -2.417413944801914960e-01 -1.840296573980391426e-01 -3.340306969082965094e-01 -3.396124163339132862e-02 3.602005016764934786e-01 -2.383384306537751351e-01 -3.866803832239905647e-01 -4.426038790688756053e-01 -2.226208327406811738e-01 -3.004310564072507073e-01 2.341044119061868600e-01 1.463300424082974172e-01 6.207726189159563923e-02 -7.743736186721426884e-02 -3.568846682518322933e-01 -1.132086690759251252e-01 -1.367119539109880044e-01 2.837282020289901840e-01 -9.321168100421309277e-02 1.422498789638948768e-01 -5.663515398892626784e-02 1.418332971982125823e-01 1.000401663018629650e-02 -1.879759548621531273e-01 -1.349920316198024439e-01 -3.538817500587713716e-01 -3.065955648051023053e-01 -3.295274019584018554e-01 2.197017339127859403e-01 1.512578682248773461e-02 5.429530755500316941e-01 3.016515302881925265e-01 -3.930630642073398157e-02 -2.005762561908954189e-01 1.656862590447130412e-01 3.935248215498405311e-01 1.814463629111760790e-01 9.084509465464293138e-03 4.623001128413285754e-02 6.529896639499294109e-02 3.419542657636792660e-02 -3.623142118721529165e-02 -2.513132736024401015e-01 -2.025132711168925181e-01 -2.748035173784756924e-01 2.694765509405331726e-03 1.541665204396914512e-01 -2.328833297775396161e-01 -1.274638084663112514e-01 -1.290433697872265528e-01 -2.525127944562408078e-02 -2.785847967944564130e-01 -2.643400682130684354e-01 -4.752664768865191847e-02 -1.071598377073951364e-01 7.856287883225815394e-02 -2.931309705942683475e-01 -3.531779478926839744e-01 2.853514519213231071e-01 1.885592031410231462e-01 -6.867506418017664538e-02 -6.731724633878177766e-02 -1.737498928716571800e-01 -3.200259011104054085e-01 -3.808943689645911124e-01 -2.906982807668732627e-01 -1.849542419810067950e-01 -4.172025716813778651e-01 -3.467447240001732961e-02 -1.811781528231560037e-02 6.275611068859629493e-02 2.192679249303812750e-01 -1.098951789504721277e-01 1.749084926188784472e-01 -1.230942577619886444e-02 -2.692577258704784704e-01 -3.392623417027968435e-01 -3.332719644088246724e-01 1.183617264590047236e-01 3.482155724118827372e-02
7.569339796645729000e-03 1.000000000000000000e+00 2.909030736033882958e-01 7.024314784923769706e-01 7.378756052262933629e-01 -1.823792666138838170e-01 -6.494074773746111306e-02 4.291878731527636048e-02 -1.171496253194792420e-01 -4.048225022160552578e-01 -4.715689374894911912e-01 -1.515737948798801804e-01 -8.302161087093326564e-02 2.751841615295680943e-01 2.134842083795675527e-01 2.265204514047364504e-01 -2.742865670031459022e-02 1.791753737042365568e-01 4.484955725689595413e-02 1.002175282339269058e-01 1.235839932770472493e-01 -1.205997335521842989e-01 4.308927992531747520e-01 -3.995752974957270665e-01 -4.267828453076024098e-01 -3.244245140652549653e-01 2.322962116646102582e-01 1.687969505427945049e-01 -7.672320880337077376e-02 1.862885734741665522e-01 -9.386936072832864630e-02 5.135964355436075657e-01 4.136632406968711040e-01 -3.214593711974759321e-02 -2.761201785085683549e-02 -1.030839340998289909e-02 -3.354323919859429903e-01 -1.409326490603835802e-01 -8.223880964711220709e-02 -5.201703908470861615e-01 -4.535900742327075852e-01 -1.129374228384031342e-01 -3.708630969259119059e-01 -3.979177520714999305e-02 -9.661268244423167062e-02 2.877194336155865506e-01 3.473801045188467107e-01 3.619327258094824917e-01 -2.510156330432341543e-01 -3.471382672247944057e-01 1.639317742127051336e-01 7.260236097626568963e-01 6.545937441908777910e-01 6.940774319975283602e-01 6.988524001008224185e-02 -1.591774863240481841e-01 1.899276416288361580e-01 1.270714286537961701e-01 -4.340296081104403902e-01 -3.138644887624829072e-01 -1.348322546699753655e-01 -6.340833306298303274e-02 1.933153166823350644e-01 2.649600525448004840e-01 3.342037710286236973e-01 -2.307231681849248317e-01 -1.679832112825699608e-01 2.979641763171398949e-01 7.523512424165323953e-02 2.477915160984855147e-01 1.013096117957421882e-01 1.127679930072408160e-01 4.002427759492734327e-01 -3.942448611044739315e-01 1.698661270709028170e-01 -2.789970079585123441e-01 -7.997813217272156314e-03 2.103565598716899132e-01 -1.708201533740600908e-01 3.736038709606246955e-01 -3.560936966295324274e-02 -2.414465162521776675e-01 -2.878844073769579182e-01 -1.297504055891018637e-01 2.649750334791252104e-01 1.342051198726541550e-01 -2.391832670438815145e-01 1.000946884141288434e-01 -1.815826261536186703e-01 -3.885647488578530262e-01 2.962589287734784804e-01 -3.498631860829184981e-01 -2.668751157948068831e-01 -1.185245385350705005e-01 -3.841805556976521929e-01 -1.682415651192975536e-01 3.170818547082816519e-01 3.131615362134546610e-01 -5.012177933162929172e-02 -2.908827125443090855e-01
4.154131175503782969e-01 2.909030736033882958e-01 1.000000000000000000e+00 -7.244992992475754456e-02 8.242746620915622491e-02 5.719507179718384959e-01 3.405895240372234789e-01 5.171577280138212052e-01 4.460624674675577883e-01 1.702806568210870342e-01 -1.482307736809155840e-01 -1.324565395001327250e-01 -7.440335370915418522e-02 -2.256803735010067535e-01 -1.672872177874681898e-01 2.974622204227989064e-01 -1.904651697155159210e-02 1.976181437925818574e-01 -1.473484571670185539e-01 1.855088051673008942e-01 2.582271021023733668e-02 -1.491827163173821968e-01 -1.272243661704621498e-01 -1.110566128695082699e-02 6.804971736791870507e-02 -2.441790191380449337e-01 -2.051550994503104630e-01 -2.616759538760907167e-01 -6.727069544126025591e-02 -2.038799761301768321e-01 8.093307046941528027e-02 3.971222455762294518e-02 -7.039580754987118105e-02 2.896102566587220248e-02 -2.646046674204058924e-01 2.198320292918572727e-01 -1.660945518758134010e-01 1.617735206535339254e-01 -2.648167766240950780e-03 2.692719942794949070e-02 -6.751757441737965375e-03 1.030186152927369952e-01 -1.346166600662332402e-01 -1.600972445492807872e-01 -5.765261346266892933e-02 -2.395663845713017215e-01 -1.827966235804528716e-01 -1.960583344627449265e-01 2.683201049473524780e-01 2.366270919301043107e-02 1.905039662972674575e-01 5.780134922991335689e-01 3.743926887563538836e-02 -9.469129271116530355e-02 5.828490775913562905e-01 5.494771197623922188e-01 4.874530203664526051e-01 4.968934723946801801e-01 4.163961516064905444e-02 -5.564122718100329018e-02 -6.044657038679632916e-02 -7.516418884127938627e-02 -1.696329087561735671e-01 -7.270559749273187988e-02 -8.330334319251715691e-02 4.239460507421540653e-02 1.982538229941439856e-01 -5.825671313183656413e-02 5.496030208383968774e-02 2.461104448239529729e-01 2.911559476057962725e-01 -1.628091125275127893e-01 -3.100651302177865817e-02 7.139393100971082318e-02 -3.581650561915353942e-02 -4.181296307798627182e-02 -6.770047556827958612e-02 -2.347236545662129414e-01 -6.682547112004272663e-03 -3.021751683094874019e-02 -4.491763578371228693e-03 -3.022631210841932037e-02 -9.235200882277953827e-02 -1.971527065677579071e-01 -1.718737547246169672e-01 -1.988112482230026679e-01 -1.605613006480610394e-01 -3.326385961371738920e-01 1.162940682848479096e-01 1.025182486512894314e-01 -1.375120323083508511e-01 1.288274915655585884e-01 2.620145849525018153e-02 9.112590717828603082e-02 -1.783390350961800430e-01 -2.572623931801078512e-01 -2.180136001185329075e-01 -2.008066698171879216e-01 3.370643891099223688e-01 5.383713810169952346e-02
-1.804267885117326053e-01 7.024314784923769706e-01 -7.244992992475754456e-02 1.000000000000000000e+00 7.994224827924522048e-01 -4.235832831563529632e-01 -2.883662318774776190e-01 -1.992560895668790133e-01 -3.027334240407078547e-01 -5.059136936031611853e-01 -4.015972159425371113e-01 -7.700715294746353357e-02 -2.454657551540880955e-03 5.335495622765735746e-01 3.836529469961241223e-01 5.572147822291917407e-02 3.228211676550236248e-02 1.404658593449739923e-01 1.810880956347144799e-01 3.101781548952230530e-02 1.374780774765528013e-01 2.248670860969680454e-02 6.722700449850876891e-01 -3.524688647222270488e-01 -4.609218385278409102e-01 -1.264771941284612844e-01 4.859026968102113098e-01 4.572150143873843220e-01 7.500262889376896336e-02 3.552004722653502311e-01 -1.490018055925059204e-01 5.531186094264610720e-01 4.643365775089857150e-01 2.309034378440532470e-02 2.469608271190995574e-01 -4.534232040657273227e-02 -1.490871611732659252e-01 -1.631454260705401949e-01 -8.881739408068040076e-02 -5.487744282372604143e-01 -3.493756143924647284e-01 -1.151231557996719446e-01 -2.430270849984277060e-01 1.164444831781346196e-01 4.841331732429313139e-02 5.803504321205237293e-01 5.889773568936584880e-01 6.300974078103775966e-01 -4.390605975922736159e-01 -3.770509375037007782e-01 9.241242002710427575e-03 3.748878338158199153e-01 6.631315779569746383e-01 8.851972557060340252e-01 -2.438605010743424006e-01 -4.492685004291842032e-01 -9.421493480447738419e-03 -1.001341892388468574e-01 -4.340256551935779417e-01 -2.855112856779407626e-01 -1.109796526625587559e-01 5.508616138276370422e-02 3.588530755103421233e-01 2.902862075014520649e-01 4.327876573890199752e-01 -3.917552741350258105e-01 -2.605501758856034744e-01 4.127848442652259919e-01 1.607652784842904803e-01 1.804055035962767173e-01 -1.241797284968159665e-01 2.559342453724788302e-01 4.710488306654970203e-01 -3.781720056614207848e-01 2.380671432193621762e-01 -2.242266949532502052e-01 1.789630276719358648e-01 4.596824523001762364e-01 -1.249867616159370115e-01 4.416834274588999354e-01 4.541661650791631311e-02 -1.391697152916727687e-01 -1.738734812723239098e-01 2.944784654346509906e-02 4.945710299091800599e-01 2.697735103635886533e-01 -2.603744981704919984e-02 4.516286892653703644e-01 -1.974219045641850967e-01 -3.345786972549104621e-01 3.692328986398088486e-01 -4.099286232253882556e-01 -2.756109945808234984e-01 -1.519739611169338700e-01 -2.879099638057356358e-01 5.435013926451548461e-02 6.007552397420389267e-01 5.535266698028735721e-01 -3.321578013889167624e-01 -3.939117785626384816e-01
-1.507631089329948826e-01 7.378756052262933629e-01 8.242746620915622491e-02 7.994224827924522048e-01 1.000000000000000000e+00 -2.441915506901456145e-01 -2.623939048261583751e-01 -5.458210800597380202e-02 -1.745693154930020585e-01 -4.169749270204291536e-01 -4.584630451012160490e-01 -1.657694647119457021e-01 -1.189467743501367719e-01 3.969789966732008568e-01 2.468765884101865871e-01 1.392298082357233679e-01 -7.398659194900829295e-02 1.281732820677607132e-01 1.149624976550824434e-01 6.517102938077774799e-02 1.371014556606162116e-01 -8.693042735686587474e-02 5.363892486998097509e-01 -4.206405313056675310e-01 -4.249968477958850910e-01 -1.902177156027214100e-01 3.237690262118180229e-01 3.410707804328524384e-01 -2.569598020904555538e-02 2.437893193553917759e-01 -2.091634855884612065e-01 5.595738193315117348e-01 5.136163572892024076e-01 -7.308773892094720670e-02 8.078193871735882270e-02 -3.894204140917647411e-02 -2.752259105328967448e-01 -1.925262148994895395e-01 -1.763836483382630604e-01 -6.185430487642645803e-01 -4.515561249039648506e-01 -2.038593916203953194e-01 -3.801495424211687180e-01 9.805463286454534078e-02 -1.195922309298334298e-02 3.864867008879606103e-01 4.226433747608118185e-01 4.458313574295637571e-01 -3.861211201447877217e-01 -3.730459058241754056e-01 9.722317770984922891e-02 4.831394042690712043e-01 6.568365095588190039e-01 8.163726700714842854e-01 7.476000776985078367e-02 -2.854503030025082322e-01 9.488431908125410930e-02 3.836936290019066914e-02 -3.986134779879487167e-01 -3.674352143819513694e-01 -2.468381891172368725e-01 -7.354660118451421258e-02 3.041387065601574569e-01 2.666382091503922136e-01 3.302792582706042812e-01 -3.559769019547543989e-01 -3.034798281222453875e-01 3.269153718726874880e-01 4.946866593706459453e-02 1.701966429257892321e-01 -7.082800392100979670e-02 9.407971306699748626e-02 4.025162949013011970e-01 -4.247876133337704641e-01 1.118160810515413661e-01 -3.005001601732271710e-01 4.779954237633895348e-02 3.452951340901431743e-01 -1.960031271751005721e-01 4.313082208331172618e-01 -8.027090227118574561e-02 -2.324837393806534480e-01 -2.343820528508319123e-01 -4.895394460295244415e-02 3.533015699265715237e-01 2.128960086808989738e-01 -1.584374298481243670e-01 2.683718985574267690e-01 -2.155575346048645702e-01 -3.973920995600084272e-01 3.695267678339722028e-01 -4.266593466564810866e-01 -3.142598435464477591e-01 -2.071296840228020186e-01 -4.306784966189992625e-01 -6.237501718131730627e-02 4.037725893370788244e-01 3.684696693966336700e-01 -2.588896502681267142e-01 -3.923148217241831937e-01
3.932957341548581343e-01 -1.823792666138838170e-01 5.719507179718384959e-01 -4.235832831563529632e-01 -2.441915506901456145e-01 1.000000000000000000e+00 4.226588104339161767e-01 5.749064965224375268e-01 5.797488386795270898e-01 3.680584636928500020e-01 2.893640595761738932e-01 6.608305724318011554e-02 9.620889108133529044e-02 -2.743241372059413430e-01 -2.642710590648086333e-01 1.191826992801054974e-01 1.415711062958242006e-01 1.932473664215940412e-01 2.358526304639821380e-02 1.613656248060589826e-01 -5.623085563514385217e-03 5.975871304822984870e-02 -3.955253800136779851e-01 2.136820511657529231e-01 3.064468080489042290e-01 -7.463942220219286702e-03 -3.376859178263995065e-01 -3.732996611645097440e-01 9.861253491759522372e-02 -3.318927126895159230e-01 5.853179224963518668e-02 -3.043921109726300256e-01 -3.334712837099775840e-01 1.947705111172224335e-01 -1.674921413118829749e-01 2.072933007017937479e-01 1.280391649636911655e-01 3.032297554833640607e-01 1.483194397665022202e-01 3.885310827559320113e-01 2.934290273083902667e-01 2.182625031743632218e-02 1.319004055656821384e-01 -4.036379727705768222e-02 6.976535248605991724e-02 -4.418312495594474698e-01 -3.900394970140113604e-01 -4.363614500483296577e-01 5.522107060515283328e-01 2.927878109874614831e-01 1.259233316903997542e-02 9.087613898064179907e-02 -3.826825996538540942e-01 -4.115605320775548304e-01 6.243314867578400040e-01 8.117623490633888439e-01 4.489676630530714529e-01 4.756075643398375297e-01 2.009668512833121257e-01 1.421858821605070100e-01 6.912534110357808348e-02 4.904140182115267893e-02 -2.768316103074060508e-01 -2.242262965755453252e-01 -2.103649077983227866e-01 1.635671341016209923e-01 2.248929429371928634e-01 -1.249927494288100155e-01 1.314511941872166523e-01 1.551034843629461868e-01 1.663704053886198020e-01 -2.192411813055252234e-01 -3.175824963469452977e-01 2.654263934635993638e-01 -1.612879216816705263e-01 8.766210223990110462e-02 -1.966110740714372557e-02 -4.614998952172226776e-01 3.569054108632571665e-02 -2.826673955966226837e-01 3.858394304277004694e-02 1.674484268732864545e-01 1.467133895554472989e-01 -3.440255056643717196e-02 -3.470855185646384289e-01 -4.035659027044228297e-01 1.165111902230651399e-02 -4.225435251129342484e-01 2.921243189590823075e-01 2.251225173466505636e-01 -3.552559871888921195e-01 4.196440535319876375e-01 1.978419580914766440e-01 1.288325991636986301e-01 7.657939205126117199e-02 -9.655702637274443667e-02 -4.164309920969975765e-01 -4.211125191506239762e-01 5.188917925962394095e-01 2.502306867368509491e-01
3.924070638760450702e-01 -6.494074773746111306e-02 3.405895240372234789e-01 -2.883662318774776190e-01 -2.623939048261583751e-01 4.226588104339161767e-01 1.000000000000000000e+00 4.551054064359952300e-01 4.402413742777516736e-01 2.315472974856508936e-01 1.318506593236280777e-01 3.674578063130255756e-02 1.088662107916816835e-01 -2.339205423141381412e-01 -1.859980999908518451e-01 2.937025520835582215e-01 1.040588412524644929e-01 7.697505718666207419e-02 -6.977317962438862875e-02 2.450112831619373766e-01 -1.444442140920633444e-01 -2.607874428652331641e-02 -2.599237082110260055e-01 1.627614526602358391e-01 3.378461330891806003e-01 -1.020468791026515470e-01 -2.082552300842919479e-01 -3.821856406914098669e-01 3.662717037310937035e-02 -2.314665929876345563e-01 8.072507739354001233e-02 -1.453150969460268449e-01 -2.731973651461386821e-01 7.640456396848829823e-02 -1.426321323502330318e-01 2.673192493439234818e-01 -2.475642806176818478e-02 3.452330255562832129e-01 1.246197087501614287e-01 4.486755724590488770e-01 1.995031496016446138e-01 2.243095036872065073e-01 9.363584252821566256e-02 -1.284493517235770765e-01 -5.111124652128532474e-03 -2.951381890866733304e-01 -2.219552861380283681e-01 -2.880406964367093758e-01 3.730329857430511042e-01 2.506162012805227546e-01 1.711749691624883385e-01 1.253358749840141062e-01 -5.672477857008908358e-02 -3.045936107282131711e-01 3.084853780280361057e-01 4.518760029698348224e-01 4.451079943459488875e-01 3.875083918025287733e-01 1.886332003203401442e-01 1.739292683390021022e-01 1.856564437745016893e-01 1.181778766381050699e-01 -2.033609041566703801e-01 -2.500359012971468675e-01 -1.508989923393286858e-01 2.558574444409987200e-03 6.288086533982828463e-01 -2.502260228106558890e-02 4.268002034878418116e-02 7.195399436648046432e-02 1.425647744928537353e-01 -6.083091850432288672e-02 -1.983449159608964285e-01 3.868340478451355313e-01 -1.118237786326119546e-02 1.848815764973862907e-01 -4.813182962065459466e-03 -2.427330577767107811e-01 2.840151445783842613e-02 -1.060837147932229968e-01 7.738363405046365384e-02 1.353742478206136982e-02 3.851572190058358269e-02 -5.590436936325040435e-02 -1.760635963244372437e-01 -3.418778730205153660e-01 -1.862592749901433031e-02 -2.449449178521781179e-01 2.438158559861198504e-01 2.348483371744801984e-01 -2.213233912585590157e-01 3.890541671041292116e-01 3.034803419959668513e-01 2.189384571330487139e-01 1.416271520881809687e-01 -1.637750636270213569e-02 -2.364014574659917267e-01 -2.046050548439497796e-01 3.629891715088122695e-01 2.251064608187131055e-01
1.748572553149344566e-01 4.291878731527636048e-02 5.171577280138212052e-01 -1.992560895668790133e-01 -5.458210800597380202e-02 5.749064965224375268e-01 4.551054064359952300e-01 1.000000000000000000e+00 7.237550673088672948e-01 3.286334698014650724e-01 1.287665171601619640e-01 3.944702413739901298e-02 5.491234069353136127e-02 -9.787821075058060830e-03 -3.473214220986748507e-02 1.535424233561189511e-01 2.448227998023850827e-01 5.452953028487514953e-01 7.901704050015355418e-02 2.479264212101446041e-01 1.825342578115498327e-01 2.384192221146900770e-01 -5.645505446776769715e-02 2.642511178039869124e-01 2.138890207333281335e-01 -8.790430168534400790e-02 -1.149532443295250006e-01 -3.511265728014351106e-01 7.777112706156696920e-02 -5.209673110819546676e-02 -3.230583831141477236e-02 -3.422266664198501673e-01 -3.674641549172414368e-01 4.362264355590055875e-01 -3.298804136297682488e-02 2.520723222934676544e-01 1.582749232256332184e-02 2.068924094977755701e-01 1.016055861964892670e-01 2.280660793479137027e-01 3.066343803142448921e-01 3.300151815136128652e-01 1.291260181514636840e-01 -1.454629656682413508e-01 4.307193578294938457e-02 -2.307527000088777369e-01 -2.023389008497662733e-01 -2.083355070766911565e-01 3.691759553826515772e-01 2.768207204417436618e-01 -9.042496236520820851e-02 2.095379449521827808e-01 -1.496227120587888260e-01 -2.368434729085152901e-01 6.695764987346468633e-01 4.974222464339739802e-01 7.441487433113123107e-01 7.861882319281287002e-01 2.415518025975339489e-01 2.166354919524343670e-01 1.371270633297229924e-01 3.397643373445938253e-02 -1.288751826939854850e-01 2.064193827753838320e-02 3.944626968661969074e-02 9.273630511083656713e-02 2.792633712416097147e-01 1.136031588863132824e-01 3.774908416324743721e-01 5.018636148825291743e-01 2.758183248354093564e-01 -9.361453471736974619e-03 3.858281124564517245e-02 2.645308716668809401e-01 8.624381243657368301e-02 2.552217593006304019e-01 7.045959199829410213e-02 -1.435173150035739809e-01 -5.648735696136568396e-02 -3.468325496625708215e-01 3.115496204160271843e-01 2.507384156779304818e-01 1.413512350476651136e-01 8.969408307472329089e-02 -1.227412271043374498e-01 -3.135813938136938761e-01 5.913136103011105288e-02 -1.852800781470624325e-01 2.886591118651968269e-01 2.859489175395648064e-01 -3.377424542282989051e-01 1.682664437905356247e-01 4.166326355405242099e-02 2.334689227796699351e-01 3.678185712243029620e-02 -1.402830135649703047e-01 -2.213522102132121083e-01 -2.081303289950258428e-01 3.807915610529884476e-01 2.591145517399815468e-01
6.620785520911280642e-02 -1.171496253194792420e-01 4.460624674675577883e-01 -3.027334240407078547e-01 -1.745693154930020585e-01 5.797488386795270898e-01 4.402413742777516736e-01 7.237550673088672948e-01 1.000000000000000000e+00 4.184181211793487898e-01 2.427116136945540459e-01 4.165473650472160255e-02 8.805015873423899242e-02 -4.572350517484767563e-02 1.906189098913686417e-02 -1.732209611765352444e-02 1.577929557535139027e-01 4.238018040642441142e-01 3.961890630118974910e-02 3.426680041697753865e-01 6.813060942776112683e-02 2.110887302934656706e-01 -1.119639061457883000e-01 3.404096544199323171e-01 2.460936929701283415e-01 -1.878965804556773436e-02 -9.057541831351759165e-02 -2.701924194193907058e-01 1.916237103378738704e-01 -1.197562383872803199e-01 -2.112722136088815081e-02 -4.343262827821677274e-01 -4.667404333737087407e-01 3.626506776035270940e-01 2.909699502007533425e-02 5.221384969346604121e-01 2.353120318812904899e-01 1.969002324155696704e-01 1.078885002063589560e-01 3.222065430107108885e-01 5.087945600035945759e-01 3.199320890137035689e-01 2.078254724833287492e-01 -5.021685963771363621e-03 1.105637196220841528e-01 -2.066003246909447200e-01 -1.742288252838682661e-01 -1.626794728647370514e-01 5.065007260402870637e-01 4.845233350954277762e-01 -1.774582597385401805e-01 5.638358841778640107e-02 -3.135593700265780215e-01 -3.314064135272973832e-01 6.202851967132717581e-01 5.673925811878390846e-01 5.451567650555451117e-01 7.891121114171439910e-01 3.292492962055789119e-01 2.922902763380069713e-01 1.828591530271083399e-01 4.850601291943759663e-02 -7.935686152195625676e-02 -3.781344108924888231e-02 -4.102272954949422873e-02 1.819534206070368421e-01 3.790708474561871877e-01 3.042947509413421528e-02 2.981391569026411448e-01 3.637979286403487111e-01 2.351075246008837438e-01 -1.180081335995426502e-03 -6.284870635777585479e-02 4.374152096055272110e-01 3.944811564982346475e-02 2.919696147897851146e-01 1.693522332885175341e-01 -1.888231924132156014e-01 -4.876458350826382016e-02 -4.178246687488862410e-01 1.753858256746228250e-01 3.290561639774063907e-01 3.056927431594015920e-01 1.590832573655008852e-01 -1.126279250961144951e-01 -2.960251451304768966e-01 2.248991328018392077e-01 -1.308025248817549779e-01 4.982627718045478660e-01 4.941879997039070327e-01 -4.006106551493614498e-01 1.455237842528323833e-01 1.340757488133207109e-01 2.249591821758199772e-01 1.338179622938793778e-01 9.762558753101592546e-03 -1.868890503700271488e-01 -1.296723826612212194e-01 5.342456430875546225e-01 4.616320134689684274e-01
1.148606076089497413e-01 -4.048225022160552578e-01 1.702806568210870342e-01 -5.059136936031611853e-01 -4.169749270204291536e-01 3.680584636928500020e-01 2.315472974856508936e-01 3.286334698014650724e-01 4.184181211793487898e-01 1.000000000000000000e+00 1.954907205339133369e-01 -1.272738805304381993e-01 -1.905644633715764813e-01 -4.433368283972370927e-01 -3.570300294372720784e-01 7.619783428957094262e-02 -1.554578107249141583e-01 -5.253028171311099198e-02 -3.061547965826780793e-01 -1.542606794843815465e-01 -2.001146238759648754e-01 -1.019051464054943623e-01 -4.432566297697305147e-01 3.222532432282209647e-01 6.078199927464358332e-01 -6.671496486188865926e-02 -3.602366587179491875e-01 -2.857645950091517451e-01 -6.915237578202537705e-02 -3.560657599181620836e-01 2.756585185709733987e-01 -3.205945333517468687e-01 -3.052456617205046019e-01 2.246478198324966882e-02 -2.031178327715088550e-01 1.283764976938031876e-01 8.942021727234986117e-02 2.087118477311766251e-01 -4.237788599340028967e-02 4.164336755376590316e-01 4.774486205023928953e-01 3.168816480658901424e-01 9.729540748040629849e-02 9.058602117837951870e-03 1.473697531025288943e-01 -4.485997150447705306e-01 -4.577458040882761425e-01 -4.741833798108966436e-01 4.058448521229081618e-01 3.011331982643504213e-01 -1.165436096056637061e-01 -2.447471676138218977e-01 -5.363546588145420291e-01 -5.862761047236517697e-01 2.715967067586068096e-01 3.552510739459576738e-01 1.059237666555924856e-01 2.513781418278591695e-01 6.141414749709780407e-01 2.319902148685233090e-01 1.390910126308631152e-02 -1.933686573556784305e-01 -3.893682216668551410e-01 -3.895396280180494220e-01 -3.825283885280901797e-01 1.771812042418137445e-01 2.434045631898579531e-01 -4.323365701131208216e-01 -1.075541531546734542e-01 -6.825406664884456354e-02 7.589304939294670704e-02 -1.959445588295226914e-01 -3.929515818884435907e-01 4.278170373795662229e-01 -2.584763985316684831e-01 3.690633430334442355e-01 -1.553259776177106088e-01 -3.499310780845713009e-01 1.652219250852519361e-01 -3.459897740158215385e-01 -3.031535463245522630e-02 1.665568665665754511e-01 2.806439104450970112e-01 1.435644811921374213e-02 -3.858088048788378965e-01 -2.946498065050262571e-01 -3.594373190014789332e-02 -2.955824061309765827e-01 1.003574960467285143e-01 4.224672537062630351e-01 -4.097530952578209429e-01 2.722520200491915232e-01 1.496686384845776763e-01 4.195778873005531207e-01 2.170808153630447990e-01 2.026779545247833769e-02 -4.459345702103502118e-01 -4.481294370548578043e-01 2.801193527672712347e-01 3.474286337056401996e-01
-1.894593859098701524e-02 -4.715689374894911912e-01 -1.482307736809155840e-01 -4.015972159425371113e-01 -4.584630451012160490e-01 2.893640595761738932e-01 1.318506593236280777e-01 1.287665171601619640e-01 2.427116136945540459e-01 1.954907205339133369e-01 1.000000000000000000e+00 6.692549540135620534e-01 4.126088085091243474e-01 3.786515678106629201e-02 7.448024012887266565e-02 -1.866265409547519238e-01 4.461421633230698292e-01 2.540303053424196600e-01 2.761644935848822646e-01 1.471411768579626855e-01 1.111153190173908012e-01 3.999962764695662587e-01 -1.358681830319293515e-01 6.456038709634215333e-01 1.640934100721433697e-01 5.422690589115244375e-01 -8.196329960970935580e-02 -1.740702339346104077e-01 3.367107040952859731e-01 8.437743145418019619e-02 -2.535526268086211177e-01 -5.050702244699069032e-01 -4.574066769588791548e-01 4.182616313058552526e-01 1.450149809004536994e-01 1.795365824772536534e-01 4.796121302485485405e-01 1.348102696209357854e-01 3.289639669834907298e-01 3.975737349361354034e-01 4.662571890114954321e-01 4.998024343985609658e-02 6.670079658861415295e-01 5.072963416031769923e-02 2.241041001133111943e-01 -8.908636189164742536e-02 -1.401483718520316613e-01 -1.035434116262173992e-01 2.588492151049613388e-01 4.903469319974430030e-01 -2.642394612118135755e-01 -3.898982779964937362e-01 -4.068167237126625313e-01 -3.483781163271329473e-01 6.911976280330414668e-02 2.106117318535437044e-01 2.712106969640788040e-02 1.298106628885464797e-01 1.176905854244373884e-01 6.115915743486084466e-01 5.845574958387053099e-01 3.740565835941874751e-01 -9.816027632634936884e-02 -7.929371547321913127e-02 -2.976996585920551209e-03 1.532977977731505015e-01 5.311659983237784766e-02 3.831798619554539591e-03 2.847991243805468309e-01 1.579810128174243822e-01 -9.635058790912092927e-03 6.722632010863600904e-02 -1.604087202998831507e-01 3.303740578357297619e-01 1.798309013035722659e-01 3.595805357628961141e-01 2.150881841851012000e-01 -1.335405172311553423e-01 -1.892402745568552980e-01 -3.575333433301481345e-01 1.953697210102105508e-01 4.314132295570087816e-01 3.687778921371523411e-01 2.691677300327456890e-01 -8.456977414810930294e-02 -2.445533649669471010e-01 4.460869222280527402e-01 -4.001600438170975493e-02 4.614798271561312837e-01 3.119793291551968828e-01 -2.895936783096376144e-01 2.860024040039291227e-01 2.781614792402294922e-01 -5.257137265295576400e-02 4.808974496421670186e-01 1.506432710868161606e-01 -7.527554636970611168e-02 -6.699607108444691206e-02 1.595294903522817553e-01 4.342487567794310888e-01
-7.193467432267888761e-02 -1.515737948798801804e-01 -1.324565395001327250e-01 -7.700715294746353357e-02 -1.657694647119457021e-01 6.608305724318011554e-02 3.674578063130255756e-02 3.944702413739901298e-02 4.165473650472160255e-02 -1.272738805304381993e-01 6.692549540135620534e-01 1.000000000000000000e+00 5.637108905023210381e-01 2.486840906560362496e-01 2.686257102169036237e-01 -1.478586682926590345e-01 4.897297371869232530e-01 3.716153177930892615e-01 2.868425403583422795e-01 2.032556154221347722e-01 2.106033369662331511e-01 4.179924512413060733e-01 1.593558284011585835e-01 4.998567209770417019e-01 -1.566181971896166147e-01 5.768130999409640802e-01 1.365390327517962132e-01 -8.176040043038029781e-02 3.249023593468709503e-01 3.150104603193344954e-01 -3.121227377949432613e-01 -2.751811147385033185e-01 -2.785398497865391731e-01 3.868587586090550534e-01 1.807539096704026960e-01 1.447171742614306866e-01 3.321201479312324012e-01 1.257651641593895142e-01 3.891746381688718781e-01 1.619292409513087561e-01 2.276872264747344110e-01 1.122773071605345230e-01 6.379179303198987405e-01 1.086436732871216559e-01 1.774651900694972639e-01 2.025118515918236384e-01 1.317136527331423113e-01 1.843868730006341106e-01 5.442606839224781862e-02 3.175070272566770102e-01 -2.680096449529094094e-01 -2.102609231832736625e-01 -1.401193153591341334e-01 -4.647528051023955276e-02 -3.302923948796777226e-02 -5.397895363867412366e-02 -3.576109966904843923e-02 4.372855290489088137e-02 -1.700192447235643334e-01 5.985744098832475046e-01 6.891854148580686124e-01 4.959477527970602151e-01 1.377148723892476778e-01 1.659901912843654570e-01 2.695405325548839715e-01 5.133926158694747388e-02 -1.118805315700334285e-01 2.146292217411490677e-01 3.501282900189107150e-01 2.806826865643974322e-01 1.880207999409469824e-02 2.095975219551267088e-01 1.032787977938574436e-01 1.147819850781494067e-01 3.945899024024190904e-01 3.178363849371583227e-01 2.923512673257555039e-01 5.603358549392939425e-02 -3.545904763189888786e-01 -2.322584307719237073e-01 2.282017301950161337e-01 3.777142595820918158e-01 2.339465783147827715e-01 2.715445612757321214e-01 1.701254011043514536e-01 -4.649712020657646022e-02 3.834225674335442480e-01 1.430728514639935112e-01 4.149553907298655919e-01 1.040130838465884167e-01 -1.758251551061392748e-01 6.882973386900538559e-02 1.843946040119242291e-01 -2.225263171084853470e-02 3.774896519113568050e-01 1.371958637870885345e-01 2.329394085549978399e-01 2.099589855604939714e-01 -1.204391923469947875e-02 2.766395527564393664e-01
-8.179021105970327166e-02 -8.302161087093326564e-02 -7.440335370915418522e-02 -2.454657551540880955e-03 -1.189467743501367719e-01 9.620889108133529044e-02 1.088662107916816835e-01 5.491234069353136127e-02 8.805015873423899242e-02 -1.905644633715764813e-01 4.126088085091243474e-01 5.637108905023210381e-01 1.000000000000000000e+00 3.638550646409808853e-01 3.126671728648006687e-01 -2.880318547532274565e-01 5.448374558822766112e-01 3.745351184636771524e-01 4.223353512147858257e-01 1.942073122725410661e-01 1.911292668963995300e-01 4.547481617377313046e-01 1.689261897108758070e-01 1.773929835125482857e-01 -2.016682869721784233e-01 2.373267557108555414e-01 2.423600241636976182e-01 4.964283071242657497e-02 4.412937381979199492e-01 2.884978068954436314e-01 -3.433156378371396422e-01 -2.315293205210224303e-01 -3.120078352811191391e-01 3.636980452517248885e-01 3.082488737494913367e-01 1.492652404608047767e-01 3.872819100983634355e-01 1.965763840507211702e-01 4.828286004887547556e-01 1.143954657968628552e-01 1.714022095859098482e-01 -1.676410582336971267e-01 3.670157733657138377e-01 1.978635428510963079e-01 2.280865270544910894e-01 2.644549997449935352e-01 1.981403154901663632e-01 2.057816565615796511e-01 9.183616027562392647e-02 2.532013274295877858e-01 -3.390900947508268537e-01 -1.715754362420843504e-01 -5.607365335467939110e-02 3.079045175550860700e-02 -9.659026087227545743e-02 3.519706523305050905e-02 4.047726500299291680e-02 5.920683773853891579e-02 -2.831177695053266330e-01 2.900929150395738509e-01 4.380029341306568291e-01 7.626319456572812072e-01 2.992647878525614424e-01 1.365695679304051169e-01 2.941067908353555138e-01 8.182422161513168424e-02 1.339444259503352365e-03 3.610045253108138397e-01 3.991998964712505926e-01 2.990497054402460608e-01 5.936950170154161460e-03 2.668306929020215490e-01 1.401645577670513898e-01 -9.006737166314627771e-03 3.098433297602847802e-01 -5.870096510287010558e-03 4.647968826826531230e-01 8.921176351568135821e-02 -2.493868171429755864e-01 -2.357044913678968956e-01 2.087674709247045735e-01 2.769439261737633440e-01 2.366110081329231285e-01 3.064171117720271842e-01 2.473593079550175933e-01 -3.018533992655982393e-02 4.117923776188524010e-01 1.523949076720263474e-01 3.535181508845006704e-01 3.356051704360133586e-02 -1.597884347347593992e-01 1.400853283334123900e-01 2.788507918347148951e-01 -2.072719725898179710e-01 8.879353232490290460e-02 2.380639631689012436e-01 2.650434445716992049e-01 2.310340896934284516e-01 8.823291621128541429e-02 1.796517608521712994e-01
-3.959442382831446228e-01 2.751841615295680943e-01 -2.256803735010067535e-01 5.335495622765735746e-01 3.969789966732008568e-01 -2.743241372059413430e-01 -2.339205423141381412e-01 -9.787821075058060830e-03 -4.572350517484767563e-02 -4.433368283972370927e-01 3.786515678106629201e-02 2.486840906560362496e-01 3.638550646409808853e-01 1.000000000000000000e+00 6.536410611886749322e-01 -2.169439940045800874e-01 4.441468280795804469e-01 5.221913969884716122e-01 6.547589054870471825e-01 1.815054582781212011e-01 4.851355159295984154e-01 5.793688243642612923e-01 7.642984175576770234e-01 -4.989858917816248577e-04 -4.825297814856762679e-01 2.281557957378653745e-01 7.242797908844014199e-01 5.092226059087812118e-01 3.776380322249618948e-01 6.272917696800331955e-01 -4.493689291168141975e-01 -1.730275283549888646e-02 -7.392767228859732642e-02 4.780929923473389298e-01 5.906150908554544943e-01 1.191313619747024904e-01 2.223446960349010904e-01 -9.619856390923238465e-02 1.732451379590723983e-01 -3.256671725731312694e-01 -1.892240830639428661e-02 -3.347540805927224500e-02 1.897917193845452544e-01 2.815988127108660644e-01 1.729688332800919104e-01 6.969088790104297493e-01 6.431866740771705615e-01 7.099367651233109422e-01 -2.111450909941792464e-01 -1.635618296549906300e-02 -3.491569404416796640e-01 -1.420875403221103124e-02 3.143634616154644124e-01 5.524624176514104645e-01 -1.546129091834059499e-01 -3.255791685287102721e-01 3.383559547179525867e-02 1.076620993069068027e-01 -3.439939012016592912e-01 6.310291846592344656e-02 2.223500618008637519e-01 3.995164004182248374e-01 5.853085202692559497e-01 5.117653108003088480e-01 6.926798091331390905e-01 -2.428530445315495168e-01 -2.208862913016186313e-01 7.001789984369770625e-01 5.738685052629287631e-01 4.252660244716573446e-01 -8.274856963934588971e-02 5.509355514688992761e-01 6.622431885821051800e-01 -1.551005566407581693e-01 4.743799534329692924e-01 -4.497147905607910660e-03 4.888057947754514410e-01 5.677490226386620042e-01 -3.524921676208964127e-01 -3.866175406875364123e-02 3.549471488329980495e-01 1.540725388370607629e-01 1.656692195211154905e-01 4.338952900013943181e-01 6.859967315704579294e-01 2.496753299390389036e-01 3.396093760683873142e-01 6.280637033460951812e-01 9.140109264753869256e-02 -1.359892116089812530e-01 2.116861541231167612e-02 -2.764564466798045128e-01 -3.500479851342309934e-02 -1.962496400310036748e-01 -2.500439277224346390e-02 3.485389988386022875e-01 6.872197515626647935e-01 6.532362154342395977e-01 -1.575208378324224612e-01 -8.724852310877692640e-02
-3.386908932857051191e-01 2.134842083795675527e-01 -1.672872177874681898e-01 3.836529469961241223e-01 2.468765884101865871e-01 -2.642710590648086333e-01 -1.859980999908518451e-01 -3.473214220986748507e-02 1.906189098913686417e-02 -3.570300294372720784e-01 7.448024012887266565e-02 2.686257102169036237e-01 3.126671728648006687e-01 6.536410611886749322e-01 1.000000000000000000e+00 -2.962085164576920282e-01 3.650304416416760844e-01 3.915934960239697560e-01 4.366373563871235319e-01 3.939216907662611011e-01 5.135207655450800823e-01 4.593729033313594390e-01 5.028992639406610898e-01 3.799269562161252094e-03 -4.883651189890133582e-01 1.892698299132938577e-01 5.605900723497013738e-01 3.663890137996255736e-01 4.789671924122645419e-01 4.742143831150619215e-01 -3.911204871192733301e-01 -5.786712724203590952e-02 -1.397794364752855123e-01 3.133082665283434265e-01 3.659512473489225926e-01 2.418719156834699402e-01 2.506323908430987957e-01 -1.150149190321729797e-01 1.883550206373070524e-01 -2.581195827477151261e-01 -3.217094441025702273e-02 1.894476718262409418e-02 1.657309014580704010e-01 1.675115835089821537e-01 1.212711531206687593e-01 5.403221097623528424e-01 4.375348261586696208e-01 5.256989345476374975e-01 -1.215569223347736649e-01 8.137475970139317061e-02 -3.466101623549148747e-01 -3.548224038131449903e-02 2.259573037413124263e-01 4.114651761512815309e-01 -1.845612958860490815e-01 -3.316496428517606287e-01 -2.046624193667523350e-02 8.533827182168728098e-02 -3.010892501685447087e-01 5.953691090791156382e-02 2.026056954677477595e-01 2.177780119336784892e-01 3.876796156397607218e-01 4.809217718214597870e-01 6.101724736793739945e-01 2.424375389895951360e-01 -1.764731111893882709e-01 4.162807566486700361e-01 3.881863624064343377e-01 3.700123338151267705e-01 1.861810011801530440e-01 3.575178176761411031e-01 4.564827572842979353e-01 -5.879721446367359300e-02 2.723921553420233233e-01 -4.411123156339539358e-02 5.920646025692234415e-01 3.885929139210421157e-01 -2.954165883329938902e-01 -1.160654667600465040e-01 1.588538828767619149e-01 1.546474581729587183e-01 1.142721423185544261e-01 3.061050712421545805e-01 5.295580100322807571e-01 2.711673468816370725e-01 4.001228735251050606e-01 5.237853795425349013e-01 2.520602046478172542e-01 -1.049525652883051274e-01 5.432890808154367673e-02 -3.015632909282666141e-01 2.824895692262971783e-02 -1.860756866917755437e-01 2.753452643948484796e-02 2.455250717639039792e-01 5.365047173937355085e-01 5.393222203560664729e-01 -1.134148204702202789e-01 3.124576985067610557e-02
