1.000000000000000000e+00 1.747333103095980167e-01 3.615951087538649689e-01 -1.003466700571932907e-01 4.069525695510389784e-02 1.011629998854976509e-01 2.679480441950402025e-01 9.334892103657439766e-02 -3.397763940332228227e-02 5.153246886380819652e-02 5.645433318157586089e-02 -1.165023158423700855e-01 -2.469422820059448964e-01 -3.974168512069409798e-01 -3.170904972943507372e-01 2.448737833134783937e-01 -3.224819798944719706e-01 -1.948148783629659875e-01 -3.662110941138131959e-01 -2.188843459894584953e-01 -3.097583344971250319e-01 -8.524545559499596692e-02 -3.429795879096587674e-01 -3.501846048633090042e-02 1.340165557893625847e-01 -1.428509475949753943e-02 -2.401854603917174258e-01 -3.369562720853884752e-01 -1.893245043678370987e-01 -3.637589838574869505e-01 5.393571826187235074e-02 8.208915282136194924e-02 -1.872655286866581337e-02 -2.263366697959366125e-01 -2.132827730638269526e-01 -1.036415434807324565e-01 -1.045718277972859794e-01 2.444466934270174141e-01 -1.647682418959717787e-01 4.010567643975009033e-02 2.572674964369282141e-02 4.292830586700227546e-02 -1.094570281290258434e-01 -1.150121246003168451e-01 -5.512331320192234707e-02 -3.414965830575798500e-01 -2.781658445560744597e-01 -3.080353241995689162e-01 9.273213224134674304e-02 6.575912490295802992e-02 5.873395931308467155e-01 3.264576597727280038e-01 2.402793028537167086e-01 -2.518248135657893266e-02 1.859400475234590511e-01 1.775849188366746823e-01 1.637393513404084011e-01 -2.005774055193897468e-02 1.580540218570767874e-01 5.428244890461030731e-02 -1.228995472249327925e-01 -1.520195048080393296e-01 -2.012969301227549024e-01 -3.287829316770390364e-01 -3.139209836729422998e-01 -3.148055564707295528e-01 2.250015452640156122e-01 -2.907948517376670594e-01 -2.667114353352150746e-01 -2.367203315503407790e-01 -2.921642226481658278e-01 -1.960981587425516814e-01 -3.311330403402966138e-01 1.427664671733518409e-01 -1.369591462470123033e-01 5.875111726319585254e-02 -1.928617562252846473e-01 -3.308500443649919909e-01 7.490589685283424726e-02 1.394221492772115822e-01 -6.053475205533847409e-02 -1.151495849383013248e-01 -8.566651495527119464e-02 -2.362159719766231403e-01 -3.238894524937939168e-01 -2.878020645802872868e-01 -1.370035753146676138e-01 -2.379318890240582907e-01 -8.224651852645052663e-02 1.275078871854172236e-01 1.780669566614277999e-01 3.025785849006098482e-01 -1.271826979078037601e-02 2.481359466036532901e-01 1.080972230252788130e-01 -1.673588383653554224e-01 -2.256955509478662247e-01 -2.924499705726995025e-01 1.370877842774410882e-01 7.214276582263619286e-02
1.747333103095980167e-01 1.000000000000000000e+00 2.447316146033483852e-01 4.540996365467193097e-01 6.485528386770613718e-01 4.716415278831560809e-02 8.972584192228490185e-02 2.078950377149752782e-01 5.956618528955653913e-02 -1.876967095076910175e-01 -1.865308996173362377e-01 -1.437325892918055181e-01 -4.049136905898952921e-01 -2.152606595409322643e-01 -2.505237549820228393e-01 6.288136607875496331e-01 -3.364561215816937456e-01 -2.164899188431007593e-02 -2.128443341095903885e-01 -8.497057260677990179e-03 -9.819732597405962660e-02 -3.495700875539872188e-01 -1.829490550406759342e-01 -3.563362442775508399e-01 -1.340127859724872528e-01 -2.029460505821427119e-01 -6.309903933989194358e-02 -3.268898165988318172e-01 -7.152405685578930306e-02 -2.226368089302561137e-01 -6.302829671615305107e-02 2.335277105890901927e-01 2.427657173731541940e-01 -3.250755066382639002e-01 -3.330594324720062560e-01 -9.658162490109457876e-02 -1.434768030428139607e-01 5.726407996579553628e-02 -2.127029278760294573e-01 -1.830840432125630801e-01 -2.581436003856873440e-01 -3.202674157461977145e-01 -3.113142340751920978e-01 -1.381224116862978246e-01 -5.120792902311657041e-02 -1.783957254360537537e-01 -1.940061295990960777e-01 -1.937832784655531548e-01 -9.986693334618129692e-02 -1.647588115159012989e-01 2.667968316156808517e-01 6.612394052816663592e-01 4.124887764868290785e-01 4.893319892166343998e-01 2.223226627349009221e-01 -4.006908433176010337e-02 2.538268582776461169e-01 1.111813016741500376e-01 -2.033882475555139624e-01 -1.862156510095341055e-01 -1.760439647847428790e-01 -4.200209103932889265e-01 -3.007293563117223734e-01 -1.978606580235001411e-01 2.149407848081732325e-02 -1.469819447976115634e-01 -7.188280501979686654e-02 -2.154412618794245837e-01 -2.332630154826929869e-01 -1.477452795213028969e-01 -4.546350240301108570e-02 -3.964061136603350133e-01 -1.113389992728800737e-01 -2.057505358568536835e-01 -3.203499674521164131e-01 -2.709986705687081332e-01 -5.583217627690154061e-02 -2.331309697717519058e-01 -7.397041848484484095e-02 1.279475243117295102e-01 -1.484141359218186518e-01 -3.189697183181543494e-01 -2.133647564285558462e-01 -2.126087348634692620e-01 -8.654009768082046583e-02 -3.274494091006727170e-01 -1.835667734332115386e-01 -3.514751806793559030e-01 -2.209374779924886678e-01 -2.036704213056528823e-01 -6.229298907202173580e-02 -1.294462810033719380e-01 -2.290600459715477211e-01 -3.258590136297844775e-01 -3.841595586570599186e-01 -1.447039171156876136e-01 -1.645212452817710891e-01 -1.591395340733561814e-01 -1.858592390693154447e-02 -1.148373222590616249e-01
3.615951087538649689e-01 2.447316146033483852e-01 1.000000000000000000e+00 -4.047740319466520686e-01 4.129762846648683122e-02 6.362376890851043632e-01 4.123810200195658915e-01 4.383563221706029411e-01 4.580840362778306196e-01 1.276307177615962352e-01 2.274953689515959998e-02 -1.407703447247216355e-01 -5.301839119142506135e-02 -2.774158569844146771e-01 -4.690653890633010858e-01 -6.109669152696439037e-02 -7.133577096729984413e-02 3.726675228851188820e-02 -2.044196085348941871e-01 -1.540380907356370399e-01 -1.900608346180574226e-01 1.125039375526502294e-01 -4.118180140371140996e-01 -2.928759925407735040e-02 1.315866778682497629e-01 -3.281585732374411174e-03 -2.661850868724252028e-01 -2.892556130948325532e-01 -2.592854098739607593e-01 -4.206827983874792398e-01 -6.843086881310747605e-02 -3.718605223505268009e-01 -3.669172061243201610e-01 -9.873321255456197001e-03 -1.164196374590710653e-01 -5.696412152585882127e-02 3.648272848004535662e-02 4.358372626469464439e-01 2.167169095032348350e-02 2.059311184554994678e-01 1.579735692596073160e-01 -8.131095105346528018e-03 4.657018412941403562e-02 -1.504733115005379707e-01 -1.483258622477544864e-01 -3.227083979103069766e-01 -3.284249504815868193e-01 -3.892275763126620269e-01 4.334107494772679314e-01 1.244615404002000353e-01 4.390064973484666955e-01 6.333680222209767674e-01 1.887094467486660210e-01 -3.991307556353437258e-01 6.531680448460114308e-01 7.004695395943767444e-01 3.526182335265409806e-01 4.241407362015197635e-01 2.365945202967357774e-01 1.061794110297387961e-01 -1.861749878546714310e-01 -1.260567896579583014e-01 -3.376945189010914783e-01 -3.086590393169112989e-01 -2.762902783581264177e-01 -4.873750282686194479e-01 2.461896716002212882e-01 -4.989738095214712316e-02 -8.483257340429271876e-02 1.465994063905672398e-03 -2.045364402570309936e-01 -1.192463489678619731e-01 -3.498681486891801473e-01 1.689254443323268962e-01 -3.160386473258357254e-02 3.111858447199029529e-02 -2.968817450297309146e-01 -4.967869638809550570e-01 1.180975262134359438e-01 -2.566771608460687304e-01 -2.684128518705958255e-01 -1.177044102233311407e-01 1.011886592473574126e-01 -8.646875562079471556e-02 -2.752072537037729694e-01 -4.653168407811247853e-01 -8.466502745802746699e-02 -1.005649142319439554e-01 -8.788224753237072751e-02 2.380826293847251168e-02 -1.368468342659561778e-02 4.400550527166411929e-01 6.092418823571884440e-02 1.488232149051890441e-01 2.032490652023216660e-02 -1.237482993824104149e-01 -3.425929909510982974e-01 -3.598121544104274094e-01 3.731912628765156059e-01 1.101711862753681631e-01
-1.003466700571932907e-01 4.540996365467193097e-01 -4.047740319466520686e-01 1.000000000000000000e+00 6.557323334320714903e-01 -3.884316306389755669e-01 -3.793637655325192148e-01 -3.240938225102518722e-01 -3.086168868133072340e-01 -3.384441387686317193e-01 -3.129109696744755698e-01 -1.526977297973002301e-01 -2.313338194563501482e-01 9.869891576407355260e-02 1.924227116144845984e-01 5.482131140400646752e-01 -4.012290340778443265e-02 1.474031579546392946e-02 8.709411914787293374e-02 1.024418427714171992e-01 5.031307386322708686e-02 -3.904250515178092074e-01 2.084583812091006794e-01 -3.089720810677891727e-01 -3.720794986610596600e-01 -2.820789147390067586e-01 1.480120058673554673e-01 6.027663887932827036e-02 1.109169623320931247e-01 1.935576639571824908e-01 2.248700393207566650e-01 6.106259266155176224e-01 7.387174902724731318e-01 -6.454131200598201001e-02 -1.245662121598537508e-01 -2.077243785147353701e-03 -7.883394791539723168e-02 -3.380829698626182100e-01 -2.252508778838631376e-01 -4.824912685424539438e-01 -3.370861057367964819e-01 -1.711436953807028982e-01 -4.362624931258394234e-01 8.901702538884422033e-02 1.524141495725454265e-01 1.772150375653737397e-01 1.164609867704244489e-01 1.812839157944805824e-01 -5.483513610561073781e-01 -2.829574089313076635e-01 -2.808392345402905832e-01 -3.029489786722803710e-02 1.170714857924398944e-01 8.642813016551418315e-01 -2.779924898761128027e-01 -5.800540688683539781e-01 -2.369588840311788180e-01 -2.846057621024891682e-01 -5.355841223899833192e-01 -3.283341281480663398e-01 -1.257336906015030509e-01 -1.400780356090833845e-01 1.992722765454425088e-02 5.359566514656327607e-02 2.879131340253517357e-01 3.252107096375891904e-01 -4.756775946363990260e-01 2.736344697494967615e-02 -2.042712908237677427e-02 -4.226033622253923955e-02 7.435353641282328729e-02 -1.591964159132507328e-01 2.061630501419754735e-01 -4.637465016914496529e-01 -2.742199311344898915e-01 -4.140167202517963663e-01 6.607766227315353680e-02 2.136204963982371863e-01 -4.242148907152951988e-03 3.365659550592696725e-01 1.596763310519608015e-01 -4.178679284727183918e-02 -1.517977408223148972e-01 -1.360704077397198175e-01 1.518849612805648341e-01 2.451430785543165861e-02 1.663251548669854654e-02 -4.111495946627188175e-02 5.556546680797159327e-02 -2.995739407998589399e-01 -9.705512368656145361e-02 -6.636403349273120034e-01 -3.223664462566497857e-01 -3.558523760270084768e-01 -4.075728100463819614e-01 1.022776068674663141e-01 1.402625872073621771e-01 1.956605079734248243e-01 -4.151135471505056906e-01 -2.625223228350750393e-01
4.069525695510389784e-02 6.485528386770613718e-01 4.129762846648683122e-02 6.557323334320714903e-01 1.000000000000000000e+00 1.150955979343748492e-01 -6.073704020091107159e-02 9.558500088566589115e-02 1.583314460404518786e-01 -1.706569385856530896e-01 -1.911320382045896271e-01 -1.064877044252646732e-01 -3.216302945688341852e-01 1.283541252235789569e-02 -3.739580368164764634e-02 5.151037246028111749e-01 -1.839057458468432438e-01 7.067117900218257420e-02 -3.378951705097278657e-02 1.252450740081272051e-01 9.819694564397446479e-02 -3.136328868713479934e-01 6.310284514430851421e-02 -4.006837915169575437e-01 -2.458397421099104418e-01 -1.993936136000844517e-01 1.461327079974412968e-01 -7.872642784822014850e-02 1.042968649568352668e-01 1.737517766292196938e-02 4.236296231283660264e-03 2.167717742774789291e-01 4.201760286812811773e-01 -1.806594299524131586e-01 -1.990012490446875781e-01 4.243737037803254480e-02 -1.261488263165131893e-02 -7.356937876714170210e-02 -8.595911826326375904e-02 -3.000975435483736464e-01 -1.914486805282644144e-01 -1.613839160440367348e-01 -3.297461755702403297e-01 1.623793978798768189e-01 8.530942943375485754e-02 1.154150722650627570e-01 1.377619528425103393e-02 8.194595111856652070e-02 -1.928128164257029709e-01 -4.415427069438109670e-02 -3.845701792276667863e-02 3.685651492577633470e-01 3.508290682290945983e-01 5.703413966248183087e-01 2.540789628528291044e-01 -8.991691888788459763e-02 5.595933270266027076e-02 1.584537626504362029e-01 -2.555695247652844393e-01 -2.442538144068487349e-01 -9.981870336220942386e-02 -3.167699544132946410e-01 -1.504013582724164910e-01 -8.038232615277561555e-02 2.195454556462344553e-01 8.307081068240980415e-02 -2.521331357669192030e-01 -4.529207698646129515e-02 -1.101828333193212994e-01 -5.768958082124935743e-02 8.373014340639281516e-02 -2.678212487667342989e-01 1.169113025351034285e-01 -3.118066486337349175e-01 -2.629169555516909229e-01 -3.175228374672555698e-01 3.759949310538311662e-02 1.271934701452367804e-02 -1.526257212676536135e-01 6.076729253735722175e-02 -1.335701726717177795e-01 -2.231688565409951086e-01 -1.328796369025411761e-01 -1.462674896694034499e-01 1.476914976708942062e-01 -1.806918485811325747e-01 -1.515298865989143928e-02 -1.863357867461062634e-01 -8.000550651135704405e-02 -2.837516177874516154e-01 -2.494795360878670001e-02 -3.977586950280750933e-01 -2.499446410862235790e-01 -3.217792978911165891e-01 -3.455876569143495614e-01 1.369309158168080520e-01 1.365575808194842769e-02 1.379426431617941096e-01 -3.626452720609114194e-02 -5.497763440990969391e-02
1.011629998854976509e-01 4.716415278831560809e-02 6.362376890851043632e-01 -3.884316306389755669e-01 1.150955979343748492e-01 1.000000000000000000e+00 4.812418546527362784e-01 5.964081693944569551e-01 7.965989872472387656e-01 3.549909248144773044e-01 2.274509631455090275e-01 1.661159089393207111e-01 5.905802882279168053e-02 8.169082866420281086e-02 -1.717047392756988200e-01 -1.693926876924116420e-01 -2.067523450201377497e-02 1.244271465753276212e-01 7.899953707176787104e-03 5.471749072733611552e-02 1.393114035599431200e-01 1.560823853548208850e-01 -8.063716154650252266e-02 -3.852333126053209683e-02 9.308732321681283117e-02 1.465434461574505187e-01 1.121090573681631924e-01 -1.656987279206697250e-01 7.185747036946550648e-02 -1.026136371858233504e-01 -2.021470094752235158e-01 -5.548535126731805045e-01 -3.625145521497966650e-01 -1.069327498808639171e-01 8.161629469376249779e-02 1.074962746535547409e-01 2.834908069145310877e-02 3.760990566900961896e-01 3.322696945092341037e-01 4.411093689862791156e-01 2.845990457432852616e-01 1.215826509490865459e-01 2.559716972687925973e-01 3.483967086729494386e-03 -5.230961782838493973e-02 2.826907857392067444e-02 3.288998242878179816e-03 -3.609929249002378354e-02 6.384343739700747422e-01 2.846373244718455320e-01 1.341487256198756195e-01 3.598047136220398068e-01 1.031445305430921805e-01 -4.636249185160829511e-01 8.018626366569547859e-01 8.273929832208273272e-01 3.667384119381613683e-01 7.299575623914013045e-01 4.196711318964246318e-01 1.980410743454833478e-01 1.136078591061876891e-01 -1.261025203346450019e-01 -9.417531290838369873e-02 -1.039709924284312470e-01 -2.050807852649147445e-02 -1.970675735284481145e-01 3.432588255774433050e-01 2.722371649962778903e-02 -7.264681263882304119e-02 3.467369108359354135e-02 1.374080771581461524e-01 -3.915487134512500578e-02 -3.520057248169936037e-02 3.286250135048799370e-01 6.157946058777469950e-02 1.492646850464890984e-01 -1.972230176507231911e-02 -2.055953418673950595e-01 -1.837151352592348574e-01 -4.591001334269984024e-01 -4.775589852331015295e-01 -2.573448363567715780e-01 8.615288461912727624e-02 4.881844299161294809e-02 8.957689704776582162e-02 -2.026256613351735958e-01 -9.179612687800800530e-02 -2.029448403461026063e-01 -1.270178513478299465e-01 7.198990615568937046e-02 -8.100276827805551194e-02 3.173481186327273829e-01 2.669894628175134565e-01 1.715479757263579375e-01 1.611608877907119153e-01 -4.616552302891587141e-03 -6.284579436398377017e-02 -3.390690936694485541e-02 6.582496772966042187e-01 3.196661038534959753e-01
2.679480441950402025e-01 8.972584192228490185e-02 4.123810200195658915e-01 -3.793637655325192148e-01 -6.073704020091107159e-02 4.812418546527362784e-01 1.000000000000000000e+00 6.930736696672080699e-01 4.735103332811944066e-01 4.195867194319316540e-01 3.372375701348697685e-01 1.768788142360127602e-01 1.524606195976947222e-02 -2.092575984485738616e-01 -2.509351478515914891e-01 3.630314006349399242e-02 -2.448086037924523950e-01 -1.411039060385566382e-02 -2.484751012251819879e-01 -1.443583277975314487e-02 -2.650269745926892712e-02 7.655842535760785939e-02 -2.071633019060360736e-01 2.173950522040800637e-01 2.568322082528282091e-01 1.756398597127816208e-01 7.244079410729811763e-03 -3.240601811863370596e-01 3.422996409493667819e-02 -2.919982314635306553e-01 -2.289304963785094849e-01 -5.200204955720246769e-01 -4.429541949187527639e-01 -2.402427302765793582e-01 6.729972137293778467e-02 2.563156568203056596e-02 -4.660250753680574010e-02 2.655980162374156905e-01 1.808446518356633392e-01 5.689073249181832992e-01 3.619173050459738583e-01 5.097354336148996606e-02 3.303536120773878371e-01 -8.593665175794198974e-02 -3.014231538142676282e-03 -1.399902728136581120e-01 -1.612287737034769630e-01 -1.613109127166395818e-01 6.069974198467874560e-01 3.623302565695757926e-01 3.414645484722567681e-01 4.086539014937658476e-01 3.561505198050091137e-01 -3.536310016384687782e-01 4.971620680945053605e-01 5.382360226877941356e-01 6.762653837228530529e-01 4.733822298175389687e-01 5.029499311946415974e-01 2.284906401905721918e-01 1.615595870311256066e-01 -1.206257359582567079e-01 -1.067994335762365576e-01 -2.946123006621977902e-01 -1.779248197023169109e-01 -3.264328868617150103e-01 7.627284993349678910e-01 -2.477439823731042157e-01 -2.609922495008710208e-01 -1.384662747264488181e-01 -2.689665492201552890e-02 -7.183908768278987611e-02 -2.473517130339874803e-01 6.165631237888330451e-01 1.009464694028231468e-01 2.731974851691960082e-01 -1.542372831777923115e-02 -3.518686066689252767e-01 -1.887894895806211670e-01 -4.028755752510271293e-01 -4.207784054619690961e-01 -3.223468270043394202e-01 1.088351059317001907e-01 6.594774733476410633e-02 -6.511615517774378692e-02 -2.416028299967933057e-01 -1.270849053441351351e-01 -3.494593433704926144e-01 -1.196539021474624931e-01 5.048388994552291953e-01 -2.020543868139371840e-02 5.118089752977230678e-01 3.752345185736981614e-01 2.946030773599349617e-01 3.421007670002366163e-01 -4.696077763710110320e-02 -4.176295083191820801e-02 -2.202177796078966798e-01 6.348796676781309767e-01 4.660426199543298842e-01
9.334892103657439766e-02 2.078950377149752782e-01 4.383563221706029411e-01 -3.240938225102518722e-01 9.558500088566589115e-02 5.964081693944569551e-01 6.930736696672080699e-01 1.000000000000000000e+00 7.065770114394248624e-01 2.669758336222979866e-01 2.960465083848758394e-01 2.956190694005488839e-01 7.531410376098432446e-02 9.309021763582878140e-02 -6.642419318863232447e-02 -8.168608704130832232e-02 -1.695896553722988642e-01 1.984045025341351631e-01 -2.789526020569600001e-02 1.679191831533693724e-01 2.608955799815914078e-01 1.555998982891514393e-01 4.401348394576361928e-02 5.654682485637368278e-02 1.591910299427342149e-02 2.338755969432749771e-01 2.111031562165058550e-01 -2.518036947306733220e-01 2.167997606743042038e-01 -2.656805798149171685e-02 -4.005947437437605285e-01 -5.724301062653497363e-01 -4.745036160650626944e-01 -2.503842050439134548e-01 1.061686893966527628e-01 1.506525774900482895e-01 -1.685198531365575403e-02 2.452900274720208607e-01 3.106853649284543883e-01 5.288365870889106812e-01 3.127210307254988941e-01 -8.414320711234593575e-02 3.036138947254560794e-01 -8.653773687136995241e-02 6.685866034850597439e-02 5.764975725213805635e-02 5.148007649157751442e-02 4.140812781148799082e-02 6.004731366918805158e-01 3.691637701753828216e-01 1.996692381103220837e-01 4.145149244271691402e-01 2.291751722023120663e-01 -3.235625340226318536e-01 6.294144337061501338e-01 6.040343570406832008e-01 7.497367443676687948e-01 7.467930000648228539e-01 4.377166861789402175e-01 3.036514346173896928e-01 2.671445577381110215e-01 -1.518145575384040880e-01 1.521083524096738214e-02 -1.072937944600371452e-01 8.553690838371981464e-02 -1.063637164284131770e-01 6.133192285070576677e-01 -6.084037496787128574e-02 -1.338333669731726072e-01 4.289644954934844490e-02 2.917117917154165574e-01 -4.143145682621961201e-02 5.786196182729930193e-02 5.029040616086879467e-01 1.276478862458449437e-01 2.244828971453027844e-01 1.961925370856514306e-01 -1.271139968314676794e-01 -3.391440250305260418e-01 -4.543092681820888323e-01 -4.800718402794273421e-01 -3.854503325206010689e-01 7.773673582831110151e-02 9.041498319814422757e-02 1.909072049232415358e-01 -8.274614093269236359e-02 -1.291763539415148598e-01 -4.081278323594269009e-01 -1.231702721965255015e-01 3.518367421839646569e-01 -1.216592317584285765e-01 3.630078169371718233e-01 3.407877670780123935e-01 1.651505087796068250e-01 2.136169950625206038e-01 -8.832752066575796923e-02 5.645522093027961763e-02 1.380426326837698968e-02 6.582371044252895986e-01 4.855167320678185350e-01
-3.397763940332228227e-02 5.956618528955653913e-02 4.580840362778306196e-01 -3.086168868133072340e-01 1.583314460404518786e-01 7.965989872472387656e-01 4.735103332811944066e-01 7.065770114394248624e-01 1.000000000000000000e+00 3.315918711829947685e-01 2.704311111188384409e-01 3.112076705741850247e-01 8.351253509018277676e-02 2.158514530900353112e-01 -1.594501787567484050e-02 -1.429612043856854087e-01 -5.664736623948082167e-02 1.391819148910820314e-01 7.036612957448028227e-02 1.492060780873840087e-01 3.201419769967856488e-01 1.345974025395636209e-01 8.803704419430820327e-02 -3.524708206493249590e-02 -3.024696975065385013e-02 2.239118535447419955e-01 2.602638820686427601e-01 -1.680184642031729292e-01 2.180159284320986324e-01 6.149308536088995969e-02 -3.042096861003383279e-01 -5.538469005325423744e-01 -3.545691624312978796e-01 -1.959447312549807696e-01 1.525760418912220084e-01 1.672781241427463150e-01 2.366261064973810072e-02 3.181750289898355177e-01 4.211230461137694947e-01 5.127506964724521943e-01 3.588506394659747301e-01 2.461635843215718294e-02 3.320163454720774787e-01 -1.146484106193288929e-02 5.309369087114033242e-02 1.676528817243426728e-01 1.434494844145804138e-01 1.143998162875785596e-01 5.849337895526420805e-01 3.485001662983628901e-01 1.680464684300627884e-03 3.042496352788521818e-01 1.206397453024310173e-01 -3.690022497885863673e-01 7.220764435763732392e-01 7.266539106788643121e-01 4.472131026201899839e-01 8.739343451879652003e-01 4.280089682803040474e-01 2.721894308730645751e-01 2.404084342010065212e-01 -1.590108338319023151e-01 4.346291380400027840e-03 -4.364445069517750020e-02 1.045647535159387187e-01 -4.900130738926066626e-02 4.050100123048618883e-01 3.041447708601512090e-02 -9.878017344837469738e-02 7.136321975054385480e-03 2.881914602843273499e-01 -1.771278964978090578e-02 1.133520699432705447e-01 4.047774252201276068e-01 7.983570532296585531e-02 1.746471879584217957e-01 1.252365217054684232e-01 -7.816878637786883743e-02 -3.254527995230348525e-01 -4.609281588499493099e-01 -5.301684044501135951e-01 -3.511693610925986087e-01 6.928479579620715201e-02 1.006948338686784183e-01 2.501418605804979212e-01 -8.066032798464345399e-02 -1.320525429740759815e-01 -3.321868060155512281e-01 -1.631391561076501739e-01 1.581669269312256931e-01 -7.933994271047654923e-02 2.335241962791460013e-01 3.240877967731143339e-01 1.179020707671944584e-01 1.789078509295624064e-01 -3.205679750610811868e-02 6.952629159248546742e-02 1.042273480094997040e-01 6.599373494332722023e-01 4.095398902109742001e-01
5.153246886380819652e-02 -1.876967095076910175e-01 1.276307177615962352e-01 -3.384441387686317193e-01 -1.706569385856530896e-01 3.549909248144773044e-01 4.195867194319316540e-01 2.669758336222979866e-01 3.315918711829947685e-01 1.000000000000000000e+00 4.923269730435810287e-01 3.389242041350290502e-01 9.393213130850097681e-02 -9.139668055948529934e-02 -1.345839290139728972e-01 -1.146477000328706697e-01 -1.750332284285459061e-01 -3.433984105222311345e-01 -1.915502856421493483e-01 -2.461551017829131383e-01 -5.629656634665838183e-02 -8.662264614631074583e-03 -2.252605509790755467e-01 1.949621779906844654e-01 5.168009431613961313e-01 2.518511991802070416e-01 6.846408806183611195e-02 -3.403043743637340635e-02 9.998071048208956313e-02 -1.579293981676721248e-01 -7.849649466960666178e-02 -3.813784236890251367e-01 -3.072891085166811753e-01 -3.058132035198373178e-01 1.259699955811031113e-01 -4.607969113803372929e-02 8.898526811019742688e-02 3.090142624101406277e-01 3.210899649937438705e-01 5.409605989308784446e-01 1.880593559544283810e-01 4.228102716780117176e-01 3.854445300480667802e-01 2.194438300683431431e-01 7.271900448158055696e-02 -6.879561933661880457e-02 -1.334301034528790064e-01 -1.229112321646694678e-01 4.427176873453343431e-01 3.428320311697641287e-01 1.690564144070599295e-01 2.753266808948824987e-02 3.672043364112467095e-02 -3.719159639723835231e-01 2.800169343342140404e-01 3.687556017883667492e-01 2.438784774085856755e-01 2.960841117231306496e-01 7.384503315918458100e-01 2.212686913762218210e-01 2.206347533822433371e-01 -9.318269446399925215e-02 -4.433805012325538891e-02 -1.772152062817380080e-01 -1.807367254367771292e-01 -2.330373289548313132e-01 4.090034102256269732e-01 -2.566077330714003901e-01 -2.595947654803854587e-01 -3.605051843678487855e-01 -7.418836313357879408e-02 -3.117808494433102831e-02 -2.283841502788876154e-01 5.304622530943270409e-01 1.405941452420186588e-01 4.819582356694090408e-01 1.393499628883106828e-02 -1.949494003620122484e-01 -1.981087955279937918e-01 -3.280986883779571928e-01 -4.475579044395848194e-01 -3.293260033998390846e-01 5.408685136714175279e-02 1.630281730375880422e-01 -1.682552599274513006e-02 -1.745891766632695907e-01 7.654830546367648010e-04 -1.498105686177806095e-01 -2.560985663578177474e-01 1.600234188712289229e-01 -8.269576824354599176e-03 3.776856160652248273e-01 4.271969054948916433e-01 3.815118635847604134e-01 4.056453304087553891e-01 1.391848372533549816e-01 -7.172519331547284882e-02 -1.792994031022939749e-01 4.005742916151863176e-01 3.174089702933044488e-01
5.645433318157586089e-02 -1.865308996173362377e-01 2.274953689515959998e-02 -3.129109696744755698e-01 -1.911320382045896271e-01 2.274509631455090275e-01 3.372375701348697685e-01 2.960465083848758394e-01 2.704311111188384409e-01 4.923269730435810287e-01 1.000000000000000000e+00 7.065396504590650828e-01 2.648662163382871082e-01 1.405523007876249009e-01 1.989852266253628876e-01 -1.101391230725574932e-01 -1.134011221563688415e-01 -3.442719758877425817e-02 -2.373625951012413998e-02 2.466843243559613957e-02 2.589933439904789081e-01 2.600744848856511582e-01 1.696311308020340414e-01 4.594116719102637747e-01 2.139152329981472422e-01 6.935906472391475397e-01 3.423096641136562091e-01 2.008184255233103621e-01 3.854541903367960654e-01 1.749777823995353476e-01 -4.466068410690937074e-01 -3.826944230420551429e-01 -4.204354870213216633e-01 -2.561459291038926112e-01 3.067950776848155092e-01 2.633022149140031853e-01 1.441546000954713191e-01 8.921402130475042380e-02 3.045763092707396980e-01 5.168105818103161386e-01 3.595463000610401583e-01 1.094797678692730758e-01 5.291321722384679793e-01 1.510661610119004017e-01 1.871613551308788648e-01 1.565488026835559765e-01 1.639543218688299386e-01 1.636241453232979426e-01 4.293620910336477525e-01 4.292164719422512098e-01 9.892954376331567282e-03 -1.041039179679723037e-02 9.354745317312075648e-02 -3.539917472212429916e-01 7.929643662616372990e-02 3.117432743645544568e-01 2.685022089412554824e-01 3.090737061512444095e-01 6.723669070745650345e-01 7.288059018888198848e-01 6.871251716752521110e-01 5.861239807558198123e-02 2.724195499094193007e-01 -9.203130797312544797e-02 4.937429298167040487e-02 6.878760992703403243e-02 5.605208128628295094e-01 -3.837070585927009059e-02 -9.429507663073856405e-02 -6.047662671555215086e-02 2.461462789847063681e-01 1.625386033815159892e-01 1.411239579608035144e-01 5.572765611869345825e-01 4.279237553456344823e-01 6.692728305932318378e-01 3.952283047984991304e-01 1.801525147727168485e-01 -5.186436682309805146e-01 -2.923212915187801131e-01 -3.482978709561654895e-01 -3.229404076301818916e-01 1.539720793277366828e-01 3.833336275476511013e-01 3.106640780573896032e-01 1.567997241401538067e-01 2.604218028601100118e-02 -1.008400307179402322e-01 -1.055543685535987319e-01 3.932780186227994301e-01 -5.972715419427970795e-02 3.401286422109839336e-01 3.722706168565192431e-01 3.345095546800272990e-01 3.786289356697262742e-01 1.375754280934358698e-01 1.583354324295968840e-01 1.273319079403850140e-01 4.412454316673756205e-01 5.062650056697002299e-01
-1.165023158423700855e-01 -1.437325892918055181e-01 -1.407703447247216355e-01 -1.526977297973002301e-01 -1.064877044252646732e-01 1.661159089393207111e-01 1.768788142360127602e-01 2.956190694005488839e-01 3.112076705741850247e-01 3.389242041350290502e-01 7.065396504590650828e-01 1.000000000000000000e+00 3.337845530433601882e-01 4.180947626855217591e-01 3.756038703988331950e-01 -1.022288602445933642e-01 3.483007493890297873e-02 5.744267225838186469e-02 2.418935896138969532e-01 1.631151653851391214e-01 4.441323736008183642e-01 2.425050969673953893e-01 4.214767614125473627e-01 3.252777410881254050e-01 2.827432478454085327e-03 6.514082474504768738e-01 4.886493864937194731e-01 2.815566446333424566e-01 4.655957168424728621e-01 4.849983047587770879e-01 -4.535871535619942496e-01 -2.819975274297797374e-01 -3.113083048980694878e-01 -2.400981303176805692e-01 3.435784917828631491e-01 3.179821478816106106e-01 8.918341194974227504e-02 -4.334268583667063093e-03 4.045426733783777373e-01 5.018345179698330272e-01 2.711351167686593122e-01 2.326717852414564303e-02 5.164199581626640612e-01 6.630050299718599771e-02 2.180039123418884006e-01 3.152562840660352306e-01 3.708857159966899575e-01 3.420179445923119399e-01 2.922000432332440556e-01 3.647382074377348293e-01 -2.163179150304555820e-01 -1.512802627230080965e-01 1.022356367766077273e-02 -2.129583179834074469e-01 -1.306644703738241500e-02 1.960903682548750249e-01 2.094667956533491360e-01 3.616013497411609268e-01 4.810198309694007079e-01 6.420152627740260964e-01 7.828241787453522615e-01 1.064258205703712129e-01 4.225798675046182340e-01 1.092363997675275811e-01 2.913615428728323908e-01 3.090035452563176799e-01 4.291062197790666555e-01 1.591906956189639011e-01 -1.388303375381864414e-02 5.246025017124045925e-02 4.602879968466934146e-01 2.678375901755004618e-01 4.151115036962302329e-01 5.036040546702009735e-01 4.573162412516625364e-01 5.931832372524927788e-01 5.076528812635494603e-01 4.076368763577690735e-01 -5.587140723625567684e-01 -1.958493584530392184e-01 -3.302648735393198254e-01 -3.431557547140111075e-01 9.570595900834943937e-02 3.733419274182288028e-01 4.980474735146169785e-01 3.461864347755194693e-01 5.315366861791554105e-03 -1.316086754296753036e-01 -6.613862922449646742e-02 3.171949975304499958e-01 -2.212068187784462514e-01 1.268036464810163300e-01 3.512748247690522518e-01 2.718748245589875379e-01 3.117877317311948948e-01 5.086750510696297356e-02 2.926513427933390976e-01 3.265612918146053034e-01 3.409009017377808703e-01 4.780471997204977508e-01
-2.469422820059448964e-01 -4.049136905898952921e-01 -5.301839119142506135e-02 -2.313338194563501482e-01 -3.216302945688341852e-01 5.905802882279168053e-02 1.524606195976947222e-02 7.531410376098432446e-02 8.351253509018277676e-02 9.393213130850097681e-02 2.648662163382871082e-01 3.337845530433601882e-01 1.000000000000000000e+00 5.179897820017180798e-01 4.089001609321982755e-01 -3.957560423648439629e-01 6.219394492656384887e-01 2.295006838649926162e-01 5.343058769992247159e-01 1.236574329564315844e-01 2.929474128312277714e-01 5.234705427798264088e-01 3.158355719544029827e-01 4.059761564599864148e-01 -1.400006539785055293e-01 1.622260673751100835e-01 3.467667534268614182e-01 3.207938613032855768e-01 2.159845316399410520e-01 4.066015447112671377e-01 -8.635305594294689913e-02 -2.465041458169134614e-01 -2.622474108106245816e-01 3.342654100776479287e-01 4.253171895556041027e-01 2.870826075351355366e-01 1.355293646175163291e-01 1.365054350304675812e-01 3.633551564337796358e-01 3.073568415533809994e-01 4.182434910272186390e-01 5.693355893413927504e-02 3.245010238109026224e-01 -4.938918016463795212e-03 4.060804306098859257e-02 3.883084064778911104e-01 3.569048326261908266e-01 1.903604090592973530e-01 1.538865852255568711e-01 2.762630845987306127e-01 -2.261297509205443534e-01 -2.883395299602902195e-01 -2.404851155426929177e-01 -3.083173697327928897e-01 -5.794334634176381837e-02 1.117822575987447858e-01 2.121135578130873070e-02 6.315871884778641310e-02 1.525532742476854720e-01 3.187605927960531216e-01 3.542509344988292175e-01 7.900400812639911674e-01 6.293799668167459060e-01 4.114339407146934691e-01 2.633971472737736685e-01 2.958567119957822289e-01 2.107891843252502895e-01 4.787278953192728448e-01 2.784405076546100921e-01 2.849305601644772090e-01 2.578744228946451278e-01 5.623352037805797732e-01 2.359992288752621181e-01 2.356498617410330843e-01 5.681019113533296583e-01 1.006929991474782016e-01 2.359355969038777201e-01 3.332747661703163167e-01 1.654368667472806698e-02 -1.737306889355987594e-01 8.077716019370884126e-02 2.666781824673247203e-01 2.429398698936227341e-01 3.643291580654212103e-01 3.076654961809284772e-01 3.254678712217083381e-01 1.922324167656013216e-01 2.766278271424678081e-01 3.942975226154489254e-01 3.258597270079059971e-01 -1.750376180119341263e-01 1.242183047760060943e-01 3.166657649645889805e-01 1.624821417074059637e-01 2.633034169927063184e-01 1.363077020094082825e-01 3.484332073952963182e-01 2.162595975711007479e-01 1.070850493102592643e-01 2.947650315663825626e-01
-3.974168512069409798e-01 -2.152606595409322643e-01 -2.774158569844146771e-01 9.869891576407355260e-02 1.283541252235789569e-02 8.169082866420281086e-02 -2.092575984485738616e-01 9.309021763582878140e-02 2.158514530900353112e-01 -9.139668055948529934e-02 1.405523007876249009e-01 4.180947626855217591e-01 5.179897820017180798e-01 1.000000000000000000e+00 6.674084034961336176e-01 -2.331290359660884715e-01 5.126898529120998971e-01 4.155451260003540370e-01 7.419040131992671316e-01 4.156863147730665564e-01 6.936716486401216519e-01 3.054994625554773857e-01 6.984944631929913550e-01 5.021567261147569239e-02 -4.370436395213049829e-01 1.586933698369355772e-01 5.606196096034237186e-01 3.536620708691215476e-01 4.577981452006722463e-01 7.061810724595277700e-01 -2.043328525710992050e-01 -1.400979612691117537e-01 -2.056541901684477008e-02 2.408974768522542664e-01 3.506712969949227210e-01 3.026150646675025424e-01 7.813325418561949121e-02 -1.604307902739300351e-01 3.784515075248488514e-01 1.751063804940864443e-01 2.090982886341024860e-01 -1.228686874416099611e-01 1.682180196437434161e-01 1.184570110390134254e-02 1.003807885080698903e-01 6.260892638216841721e-01 6.374921763204416392e-01 5.639806985818714979e-01 2.874140989870083152e-02 1.610213785760104821e-01 -5.059854669140529948e-01 -3.710088524928468745e-01 -1.867714400109553030e-01 8.750619154924000991e-04 -7.623669080482056715e-02 -6.853497536790889577e-03 -4.621767656945961061e-02 2.128998221178236283e-01 -4.784873214346777037e-02 2.281314744088460411e-01 3.701319223846483708e-01 3.839295316161788763e-01 6.215774550559968192e-01 5.678412563899695176e-01 6.032143646434624529e-01 6.453780700142491833e-01 -5.033543268591757214e-02 5.604472771739531511e-01 3.831532075979156016e-01 4.065448536939102464e-01 6.464549873770049082e-01 4.313685596292949342e-01 6.356562397856047042e-01 4.971281102695623844e-02 3.338636395247776001e-01 4.954975080561552572e-03 4.671409819784559936e-01 6.185332302095646329e-01 -2.713362873221411009e-01 -1.188101054241256505e-01 3.124797087851917919e-03 1.304743932021154296e-01 1.249973146822751652e-01 2.913131389046481057e-01 6.300587063908289487e-01 5.821717637768136777e-01 1.516869197287626925e-01 1.095712395306791404e-01 2.787516920343796056e-01 1.022098493243519396e-01 -2.103184151565937465e-01 -2.426201374375133446e-01 2.311935482179116041e-01 -3.356402791430936755e-02 1.399666550501839357e-02 1.160791709965942331e-01 5.243999767615061813e-01 6.113832775984415768e-01 8.200828227853340646e-02 2.021656505076717680e-01
-3.170904972943507372e-01 -2.505237549820228393e-01 -4.690653890633010858e-01 1.924227116144845984e-01 -3.739580368164764634e-02 -1.717047392756988200e-01 -2.509351478515914891e-01 -6.642419318863232447e-02 -1.594501787567484050e-02 -1.345839290139728972e-01 1.989852266253628876e-01 3.756038703988331950e-01 4.089001609321982755e-01 6.674084034961336176e-01 1.000000000000000000e+00 -2.048206980868076676e-01 2.168434317481814644e-01 1.943035093131664226e-01 4.228551000195633902e-01 4.081890584597603899e-01 6.714079693670882421e-01 1.110315224724903460e-01 7.412223536606566965e-01 1.231058124330781378e-01 -4.247361983737360513e-01 2.126183515203650676e-01 4.939568365246750914e-01 3.862236810154998645e-01 5.800550242967146275e-01 7.573511625684863358e-01 -2.127610307597253281e-01 5.365387084189441463e-02 7.570709498676012061e-02 7.904162112490076275e-02 2.762421879341768749e-01 3.483935009464091404e-01 2.264679471768628674e-02 -3.291731806131751314e-01 2.788854294556113445e-01 7.851438174176381124e-02 1.499118429722978707e-01 -1.061554220429416356e-01 1.111292226718767068e-01 1.205166648572451593e-01 2.064230962490455623e-01 5.771920734300637346e-01 6.262126707275008641e-01 5.889601010880015641e-01 -6.633943462216115861e-02 1.488031173413162933e-01 -5.028728809767442076e-01 -5.052129956289719281e-01 -2.390923145746426393e-01 1.075559073771471114e-01 -2.621395308261955104e-01 -2.324580249194753978e-01 -1.670616483898211269e-01 9.093526693392871979e-03 -6.622127110696088281e-02 2.064817606497963698e-01 4.405415997568514763e-01 3.531877829427577664e-01 6.098115112739469490e-01 4.004130386628406701e-01 5.871074963215747733e-01 8.430309156984414631e-01 -3.083313513312422108e-02 2.658277244364377623e-01 1.763037794872872599e-01 1.729873174651561374e-01 6.201233465642882470e-01 3.144406570142241897e-01 6.411185549718574350e-01 4.300828321705874036e-02 3.033679988278615292e-01 3.887451145369279215e-02 5.928621372350449947e-01 7.151076455534391974e-01 -2.728304130959532947e-01 9.769897400050188419e-02 7.706087735199036726e-02 8.888086356260734011e-02 -8.541441918546143972e-03 2.178532793522963418e-01 5.003155804809488183e-01 5.990876455435893977e-01 1.113444679678846083e-01 1.014864510512917817e-01 2.695053043022312411e-01 1.795710234882872680e-01 -1.491589827576743077e-01 -2.997822226499580189e-01 2.119705615009996880e-01 2.969924123662879070e-02 9.603783044073635478e-02 2.050253440742747235e-01 5.664211009533669516e-01 6.244362658762476759e-01 -1.016419211573394224e-02 1.845480568811769528e-01
