1.000000000000000000e+00 -1.799272957453871072e-02 4.185804570311328909e-01 -1.343257815680342915e-01 -1.230643022499961492e-01 2.776059504490026586e-01 9.420476745535834306e-02 1.721974046556084548e-01 8.381561462095733772e-02 1.983582357776599303e-01 7.392275178346226217e-02 3.036306538485160703e-02 1.227847091916993844e-01 -4.475097719275700908e-02 -1.844859000000585725e-02 9.506724043496225796e-02 -6.523921890230728604e-02 -2.658085552582909600e-02 -4.604368746990762651e-02 1.369821980575308407e-01 1.325801147972358041e-01 2.018873405638091367e-02 5.144907189239904255e-02 1.321687115047475991e-01 1.804350928382812136e-01 -7.110253695041882094e-02 6.190719057342268516e-02 1.172645269741685731e-01 8.416782898234778654e-02 -2.115208747315741253e-02 9.088980785160526155e-02 3.650278628262302316e-01 -1.399777978443485504e-01 -8.319463350104975424e-03 4.087727144096332116e-02 1.028755477820156305e-01 9.791565568001486808e-02 3.637886120056909034e-01 1.922969683401259400e-01 1.448292532176145009e-01 1.624612371857959425e-01 2.126671396491404964e-01 -6.292888293333524091e-03 1.605817421520631394e-01 1.197771355345759042e-01 6.716187931798604793e-02 9.032144045346557348e-02 -1.379313207569687720e-02 3.636380546847877149e-01 2.048691222478173091e-01 1.791718525744037949e-01 5.865674144569419518e-02 -3.795381005898549320e-01 -7.061315420558195166e-02 1.788504164919015871e-01 3.187705671211532032e-01 7.652639178010363363e-02 1.287678767671845137e-01 2.017663157797792428e-01 1.462776633909896595e-01 9.358098432492609198e-02 8.456382684439782416e-02 4.566345030125713161e-02 -4.219225765113313042e-02 2.502623630496005752e-02 1.271860551546357201e-02 1.053433960805954389e-01 -3.107723177915318671e-02 2.352451661389234547e-02 -3.156613875790634238e-02 1.444330586506838154e-01 2.423384690279679551e-02 -2.532094213145931472e-02 2.594125319815666075e-01 1.499423421031997883e-01 1.743375669345002543e-01 1.743744525691462710e-01 6.735139217161349723e-02 6.832982175320605200e-02 -3.131152760768292631e-01 6.387881693006396133e-02 4.640060846030111090e-03 2.470046412106121150e-02 -7.887167795088852185e-02 1.250667390950489961e-02 -9.305616659052862172e-02 6.823755325053162957e-02 8.089609094107952370e-02 9.688409145734480643e-02 9.632069046767820220e-02 -4.680003678267032341e-01 3.858052964722267220e-01 3.004449679838194220e-01 2.776338904540128216e-01 1.660063563091228878e-01 2.122927955096610697e-01 5.315684994685260928e-02 -1.477377390011761155e-03 3.897087168769630128e-01 1.130441244041591187e-01
-1.799272957453871072e-02 1.000000000000000000e+00 3.986338181059023156e-01 4.879943406454529398e-01 6.587682091623586755e-01 2.920762201224944010e-01 3.381027292756012548e-01 5.783073117912913563e-01 3.490685204906330275e-01 -1.333398921458540665e-01 -8.445353416093167795e-03 -1.639197011921700309e-01 -1.100866116767648846e-02 2.146744279476821976e-02 -3.696645141555895964e-02 5.774585463862799140e-01 1.405787215956346703e-01 3.896705387423681222e-01 2.596375825906975798e-01 1.305628370548258532e-01 1.642974029580625663e-03 2.256289092625635984e-01 1.613357746909226398e-01 -1.975421274520216264e-01 -5.594378124182884660e-02 -1.967186935424358393e-02 8.138809123408960455e-02 7.729040423246026636e-02 8.841645043178317231e-02 -1.190259470594594582e-01 1.028880015149376409e-01 2.073487270493358792e-01 1.809922089572555404e-01 2.346479626470901192e-01 3.003701093024077617e-01 3.243928393488739181e-01 2.029440412908934399e-01 -6.985795616813574027e-02 -2.017241679309829949e-01 -1.633677924387964553e-01 -1.571826741249102502e-02 -2.809593685999782209e-01 -1.230830245925303330e-02 9.285367759254016529e-02 1.672684264635668494e-01 6.889983780716200934e-02 -1.759643654163635662e-01 5.996619209314513199e-02 1.721077977309178886e-01 -7.632863291991387467e-02 3.516365027980751790e-01 8.007535062148077865e-01 4.929740449399532820e-01 5.489833502068834914e-01 5.325071950649147290e-01 3.088693743492485488e-01 6.868753648978914716e-01 2.879050020032730695e-01 -8.138003813547517451e-02 -1.259552089740766656e-01 -1.652578183992768623e-01 -5.800226463289174378e-02 -2.795581246075357768e-02 -4.578548472196654340e-02 -7.095633320459511506e-02 -2.940290176664781333e-02 3.777621667959238372e-01 -3.188870210804315569e-02 1.599409345265480620e-01 3.861327759632867118e-01 -9.441377672956070832e-02 2.052114424694004013e-01 6.260600614829410493e-02 -1.150689740655436305e-01 -1.177107309771834587e-01 -1.290856672700536611e-01 -4.109859240257807134e-02 -8.483001930793655776e-02 1.755440831008199809e-01 2.729895114273289125e-01 -8.178522539854646278e-02 1.357247901405741752e-01 2.364754551816028727e-01 2.461068129811611604e-01 1.414906495729817415e-01 -4.378718155999197087e-02 1.278222473689118732e-01 1.110541494101791177e-01 1.751833255628008623e-01 -1.402063696797507530e-01 1.871227063043750805e-01 -1.160928674032624536e-01 -2.195118178103734607e-01 2.739619297186232996e-02 -1.419174401733203084e-01 1.203931799357400335e-02 6.727218741197191210e-02 6.356742906305011542e-02 1.138662787391628989e-01 -1.504185340588872766e-01
4.185804570311328909e-01 3.986338181059023156e-01 1.000000000000000000e+00 -5.512132065240473583e-02 1.583443886278970980e-01 7.147893847179533910e-01 3.203992985890740663e-01 3.271624995324027285e-01 5.972239691334915168e-01 1.398967645624291656e-01 1.743619581419207643e-01 1.047426925922015778e-01 1.752355803697612791e-01 -3.362859605142635988e-02 7.370631593355354838e-02 1.710093678800042039e-01 -1.920400364348419930e-01 -6.490635521877453906e-02 -1.663867591621366561e-03 1.328103313615958680e-01 9.767877623183973679e-02 -1.798232504810228782e-01 1.848936123933658804e-02 1.667510460777592574e-01 -7.977559591420690932e-02 -1.331174148658657852e-02 1.019738756583917355e-01 4.836103026770589147e-02 8.469753369782118124e-02 -1.215680735707054261e-01 9.590371417702166223e-02 8.795353425444120410e-02 5.702059585994203456e-02 -1.728692212279484830e-01 -6.225513991813114156e-02 3.401630904659626031e-01 -4.855186398738280118e-02 1.222422142605268797e-01 1.305210676316440888e-01 2.115767194687364627e-01 1.116455658011154678e-01 5.514167077921891535e-02 5.008813288349876769e-02 1.888247581979871359e-01 1.510703708532579737e-01 1.305421800674004262e-01 -5.962291424378157387e-03 -6.274940838417533695e-02 5.892541483442159667e-01 1.696781745158920940e-01 3.458249285486347802e-01 5.324028336404064143e-01 -1.672626654149694109e-02 -1.480052580875386437e-02 6.474595470887797299e-01 8.034539273634934142e-01 2.961605986952267622e-01 5.206612548909066440e-01 1.215115137385082422e-01 1.261347301269460652e-01 7.311922213580643315e-02 1.493513583053127369e-01 1.347067857261772250e-01 1.057430734795846011e-01 1.051949421662770473e-01 1.310785040758803699e-01 4.896464019852910798e-01 7.928134593403664623e-03 -2.769972147076661950e-01 -2.431383705085588334e-02 7.230453999587952742e-03 -1.039010162215092854e-02 3.894938571690981233e-02 1.952767535131972876e-01 1.241773294546214684e-01 1.589928213935305062e-02 2.444256480582139568e-01 3.298929040782399430e-02 3.463612762995767896e-02 3.349470731057587608e-02 -2.422789881253892275e-01 -2.996884683517920811e-01 -6.628723659727107920e-02 -2.269160163754211368e-01 -8.493829775261482230e-04 -3.019432514597536477e-01 -8.884103972336193644e-02 -6.363836813986005481e-02 1.151773704885083321e-01 6.397414877935296562e-02 -2.756195242043961782e-02 7.286858686751659930e-02 1.613106245909804726e-01 4.578919335609391711e-02 1.044288090449092404e-01 2.010407352490074517e-01 1.162016385636309018e-01 -3.079661028570157555e-02 4.449064441096585165e-01 -9.259992703985723758e-03
-1.343257815680342915e-01 4.879943406454529398e-01 -5.512132065240473583e-02 1.000000000000000000e+00 5.654304604648348054e-01 -1.217753955621672241e-01 1.631480209595255748e-01 1.301232750838086649e-01 -9.385100173020059777e-02 -3.848697269637437607e-02 1.106281622138990083e-02 -1.034037822530203821e-02 5.321855275448975769e-02 3.219116033250947473e-02 1.154737747141229010e-01 3.762468072771170680e-01 1.071598447124689768e-01 2.060306643589602249e-01 1.767182239824485468e-01 4.092290179492803770e-02 4.128531114437699462e-02 1.649662573863383552e-01 3.044675817872102841e-01 3.886881996153509350e-02 6.521936271154624154e-02 6.236571575695306485e-02 3.167257811551816848e-01 2.531317630321337497e-01 6.502677189252789591e-02 2.965476108735800032e-01 3.067267877291834574e-02 1.140835254150890654e-01 2.611203124757427441e-02 1.623869223396271766e-01 3.257722430925916179e-01 4.550875446008906949e-02 1.870914911701053174e-01 -6.554816698306998798e-03 -1.156482550455023746e-02 -5.013470381415669613e-02 -5.022633171894898274e-02 -2.618909759244938962e-02 1.116710658210045698e-01 1.526437450703676257e-01 2.342272973245346779e-01 3.750667148142265983e-01 1.714049821106071458e-01 3.526962146176403912e-01 -1.601933520020834001e-01 -6.959442837522605840e-02 -7.210367572279188786e-02 2.300687440622163071e-01 6.370025700387226264e-01 8.543030421920249085e-01 6.501670205608232021e-03 -1.145566885673041796e-01 2.864884613035971195e-01 -1.361499440729124766e-01 -1.520777079148300133e-02 -1.496535195359023076e-04 4.485472858329334761e-02 4.890202387584789527e-03 9.769544102524271856e-02 1.842331657695604058e-02 3.051453755289428374e-02 1.194775835491703048e-01 1.797452120204705017e-01 -4.830019040077827841e-02 1.705057592563280766e-01 1.234224087630788474e-01 -6.322083641506864859e-02 2.281876641217935875e-01 2.340448266652305487e-01 7.021305167440099367e-03 -3.175668347245338280e-02 1.087600891152297050e-01 -1.142731909084388105e-02 2.114824961152589611e-01 6.037253611449474450e-02 3.427761815601841344e-01 1.103577479323430144e-01 2.387669614178445088e-01 3.289393904107362765e-01 1.968386147566955902e-01 3.479125039272170095e-01 1.965483317462836943e-01 1.492038858780093402e-01 2.465964605096996887e-01 2.299957099057294702e-02 -3.899963353045030057e-02 1.840224650232211434e-01 -6.448868466732959881e-02 -6.028108312125058516e-02 1.929830042191556794e-01 7.967492534159560658e-02 1.092887810549761224e-01 3.816286793285691981e-01 3.970929179021601141e-01 -1.062468449922999575e-01 -6.225830861167594432e-02
-1.230643022499961492e-01 6.587682091623586755e-01 1.583443886278970980e-01 5.654304604648348054e-01 1.000000000000000000e+00 2.729219052296978365e-01 3.285681825900552133e-01 5.486524150350375884e-01 3.505365524104759323e-01 -8.997089291554625709e-03 1.302596873819673318e-01 -6.973986412533847434e-02 8.106978214993915133e-02 2.223315352529756650e-01 1.625335549434444860e-01 3.352544694102892464e-01 2.152386594491026983e-01 3.491441467468653359e-01 2.755266045351205118e-01 2.513523653135122382e-01 1.375907993934633311e-01 2.618174028015580190e-01 2.146343591330611700e-01 -1.169097887175424288e-01 5.508775727900346725e-02 5.978845158582859337e-02 1.043133984517047030e-01 1.653355187230023116e-01 2.482672719684114737e-01 1.493646331257015430e-02 9.352328053277129960e-02 1.087749559871723365e-01 4.295291252053985709e-02 2.462959755076119528e-01 2.940957708729319275e-01 2.950373159004224255e-01 3.054551260944562419e-01 1.118171382190686139e-02 -1.128766968814771815e-01 -1.154579485124680449e-01 1.544393375313260659e-02 -1.591866125324279124e-01 4.072700109670690516e-02 2.813340743368653030e-01 2.766676182440747089e-01 1.308592706459781596e-01 -9.265952500052672403e-02 1.547492480193993492e-01 1.886974567983286111e-01 7.501628302055143860e-02 3.906832291377852762e-02 4.245177389169817461e-01 4.246672914205129046e-01 6.678323450909339210e-01 4.828084093975255620e-01 2.032688017523319179e-01 4.964038246572906043e-01 3.079411094703954355e-01 1.688755874781128555e-02 2.006445890251599973e-02 -7.112657088838042485e-02 -2.114373626682251872e-02 6.701791839885228030e-02 1.414295546650401469e-01 6.120487123637440713e-02 1.223958745958940719e-01 3.552444037409712707e-01 1.057139830687365417e-01 9.958781399662967881e-02 3.767536733170213092e-01 -2.620260427805956929e-02 2.468540044860081661e-01 1.286271689130170370e-01 -2.919807591389091128e-02 -1.933834686680757295e-02 -3.267218787898189952e-02 1.377472740727016531e-01 -2.418266558334748392e-02 1.922246729593752590e-01 1.229270712571757934e-01 -2.078146736279944118e-01 9.088403991999084719e-02 3.130256811285239693e-01 9.891983061839897118e-02 1.793147454285766995e-01 -5.210930773851370906e-02 2.898513436312679104e-01 1.389180531790125961e-01 2.679133925472601541e-01 -5.248584118558939637e-02 7.730868335882250253e-02 -3.363582457752010979e-02 -7.145573419636219725e-02 1.180898155460841786e-01 -9.316629691676599212e-02 2.078964199623078990e-01 1.406542595465209711e-01 1.246740634347803939e-01 1.169189659220488953e-01 1.677137867323263282e-02
2.776059504490026586e-01 2.920762201224944010e-01 7.147893847179533910e-01 -1.217753955621672241e-01 2.729219052296978365e-01 1.000000000000000000e+00 4.420865786091986993e-01 4.595735470970114256e-01 7.911816848033693672e-01 2.809748056034201968e-01 3.710953643535579993e-01 2.013854769681526213e-01 3.144926892194512824e-01 2.124157472092346732e-01 2.144225857580240313e-01 -9.548153620090099603e-02 -9.102344012234196702e-02 -1.389296083698729201e-01 9.691879142258019719e-02 2.472834458563214766e-01 2.146270115578981785e-01 -1.414677247421282646e-01 1.976343843593406785e-02 2.215507586991955769e-01 8.569987432298817320e-02 1.358338055816516454e-01 6.810352024373951541e-02 4.116762641590061139e-02 2.818693325802923977e-01 -1.416358149326458205e-01 1.735096269200425007e-02 1.180327621958409887e-02 -1.050180996281891710e-01 -2.150854666105121993e-01 -8.178505298022496761e-02 4.260822596521990357e-01 6.226401265681121011e-02 1.727411298072484280e-01 1.884886107724812188e-01 3.219130940899051496e-01 1.873024098905935464e-01 2.215559243787340038e-01 1.927801984852303419e-01 3.542378618041792104e-01 2.334771131710789427e-01 1.117655146067186023e-01 -7.669094197092422675e-04 -6.221187067210935673e-02 7.801808194448410783e-01 3.550611579536313012e-01 2.661958175419704836e-02 3.860140534849782479e-01 -6.184912566785975147e-02 1.935694331490289341e-02 7.845811412260217388e-01 8.545718535023798523e-01 1.981730044974688854e-01 7.489318273931870884e-01 1.844050713560208554e-01 2.924264371854994882e-01 1.832505447433850077e-01 2.445616699218876589e-01 2.711327279361676612e-01 3.000727641188357109e-01 2.474859497924128959e-01 2.298776049343475014e-01 5.717105120224585946e-01 1.471777831236144862e-01 -4.301478997736266630e-01 -6.571082961201876738e-02 -4.735388346759136259e-03 3.880058141442833952e-02 3.048065180259688228e-02 3.450739531095461943e-01 2.287040872089633747e-01 1.142341087479182282e-01 4.217051690299443711e-01 -1.640088925081548132e-02 -5.030080521797284342e-03 -8.939542230488865815e-02 -3.836034761606034738e-01 -4.096932149943857127e-01 -4.517249161651208655e-02 -3.801526246349093419e-01 -3.618898928618184685e-02 -4.176559641730356320e-01 5.060027670276273648e-02 -1.555140029170346827e-01 2.319710187516079991e-01 2.256061014393503650e-01 -1.260128025871301294e-01 1.717000158403850230e-01 2.824056453879187911e-01 9.311909723684182183e-02 1.256739285010109730e-01 3.140256795659652767e-01 1.074214535775751683e-01 -6.363417740932388045e-02 5.790073289694118719e-01 1.961142433263358131e-01
9.420476745535834306e-02 3.381027292756012548e-01 3.203992985890740663e-01 1.631480209595255748e-01 3.285681825900552133e-01 4.420865786091986993e-01 1.000000000000000000e+00 3.579300701708180155e-01 4.615320682145364617e-01 1.360267723354841307e-01 6.216404527137120439e-02 -1.090415866390021492e-02 1.538346765907838420e-01 -3.888757507995096313e-02 -1.136284624974996244e-01 1.972961102119601129e-01 7.485612545075609470e-02 -1.981844323118215831e-02 9.103845588854861393e-02 1.738944191072687717e-01 -2.126791141420854639e-02 4.451179509602548601e-02 -3.200162309653015874e-02 1.250303446563522103e-01 8.843743677832316408e-02 7.065174606054441808e-02 4.472650884533793669e-02 2.336310139457301038e-02 1.024031107185575246e-01 -1.572794976236788489e-01 1.036198429774375651e-01 1.417026081734333587e-01 9.276048253114335673e-02 -3.661052470855419988e-02 6.485619058691839689e-02 1.922269314729217471e-01 3.759950293772799934e-02 1.500974719215287800e-01 1.121405632793809753e-01 4.169245285625774455e-01 2.093058801766039256e-01 4.301793682508792821e-02 1.273752678984227948e-01 2.452918372601951003e-01 1.506621118021732875e-01 5.390162809034902691e-02 -8.130856299741545667e-02 -6.373100501574043009e-02 3.360315845016147440e-01 1.816424747285441954e-01 1.374262059752582588e-01 2.882688783107900665e-01 2.244841448293236896e-01 2.536871749996961745e-01 4.392241940599515559e-01 3.741960394410459578e-01 2.707104540162348361e-01 3.424198327578042433e-01 8.137238045376680995e-02 4.322082820138269804e-02 3.371939798006327871e-02 1.531232032290379130e-01 4.615221860131572124e-02 -1.045043579619875200e-02 -4.143746064523762436e-03 -1.108790938225485134e-01 6.958458073772422203e-01 2.646204236120439784e-02 -1.611486376973103873e-01 -2.760967491912034999e-02 -1.505607114595695073e-01 1.811234435086070682e-01 -5.797194762806092555e-02 3.806849177694108244e-01 5.691162254330187770e-02 1.860879943828978172e-02 9.833624744115225524e-02 -7.427870448477107146e-02 1.349484647108078472e-01 1.283650920605611534e-01 -6.738866881511536289e-02 -8.431573523160298955e-02 1.077274744250113353e-01 -7.132093829572172528e-02 6.562175683549791028e-02 -1.468590321355220663e-01 2.673594439276203230e-02 -7.795171713173860983e-02 1.411013003585336600e-01 3.824523664137076118e-01 8.438393866967375256e-02 1.618441677669044398e-01 1.975953093505781466e-01 1.168614651499086110e-01 1.605158876550537572e-01 2.346022413997820300e-01 7.255831423420065762e-02 -1.052268098591213792e-02 2.748138429679079509e-01 1.697018380004247373e-01
1.721974046556084548e-01 5.783073117912913563e-01 3.271624995324027285e-01 1.301232750838086649e-01 5.486524150350375884e-01 4.595735470970114256e-01 3.579300701708180155e-01 1.000000000000000000e+00 5.528152054282601258e-01 2.231352235971787931e-02 2.451444478878719579e-01 6.224736786114727811e-03 1.397735622164020600e-02 2.849894354467238378e-01 5.428842655665932354e-02 3.491131984137698652e-01 3.015719211601095573e-01 4.987619100273446571e-01 4.152220028277727737e-01 3.126977600102523458e-01 2.892167874713489906e-01 3.419623485259683515e-01 2.109100882911277286e-01 -1.478624868828989636e-01 1.623849938256150538e-01 6.735879523935470181e-02 -3.728029567804186373e-02 6.781794779825379982e-02 3.041592779553735082e-01 -1.343278360228727097e-01 5.735599136545418281e-02 8.560035493056253331e-02 -1.804214027123234032e-01 3.576129683570283824e-01 2.150898175480494279e-01 4.455659839517494003e-01 3.847738242562062649e-01 4.343849054909815210e-02 -1.728505687853407469e-01 -1.322260375875728700e-01 1.247419986396861996e-01 2.914035760572418563e-03 6.688210852340804695e-03 1.821655959200492725e-01 1.917142416917843317e-01 -7.513817773154267410e-02 -1.908576210470784573e-01 1.338260943663805748e-02 4.031355564820251480e-01 1.313621690233330030e-01 2.667369602270867890e-02 4.837699271269625956e-01 1.223770189444942230e-01 3.028400514413729372e-01 5.940895060807024342e-01 3.532445947196256597e-01 6.457115874834976621e-01 5.770789413048147409e-01 1.537599070886952815e-02 1.574760665069742105e-01 -1.814676821053782738e-02 -6.206074247962835300e-02 -5.842508177434566768e-02 1.316538135011699751e-01 1.363543972040068275e-01 3.589505761986833132e-02 3.469014613232024313e-01 2.879373104253143967e-01 1.689955623426116493e-01 5.332470947142083917e-01 1.251032582489944589e-01 3.515938496065077468e-01 5.804588819462334209e-02 4.216077115629045247e-02 1.314886514337880452e-01 1.260770533931894199e-01 1.843019217355307549e-01 -9.368460992854574232e-02 1.152141626361320587e-01 -2.415557426912706140e-01 -1.630104103573264962e-01 1.258690535381966347e-02 2.805533455211923766e-01 1.574392274849761852e-01 3.336654778977043295e-02 -1.060842187018145449e-01 3.581051408855585594e-01 1.063284970430617010e-01 4.498522251553573881e-01 -7.364305244990677901e-02 -3.048138368962887701e-01 9.306960444024441059e-02 -8.012522929680972184e-02 1.829264652561350957e-01 -4.902546500526509810e-02 8.261052072540159275e-02 -5.688543777878102281e-02 -6.034491616594141183e-02 3.882783973887132256e-01 8.485811624165745526e-02
8.381561462095733772e-02 3.490685204906330275e-01 5.972239691334915168e-01 -9.385100173020059777e-02 3.505365524104759323e-01 7.911816848033693672e-01 4.615320682145364617e-01 5.528152054282601258e-01 1.000000000000000000e+00 2.642351178481900376e-01 4.107051855778863225e-01 1.562323694167633559e-01 2.047586808994474872e-01 2.975891227620947044e-01 2.604382670606389949e-01 4.267324491322226770e-02 -1.470980992269903080e-02 -2.016014377820456518e-02 2.141575260158097849e-01 2.783942728235991870e-01 2.744878383828185386e-01 -1.077074245299604605e-01 2.105131548205559783e-02 1.251846269327269445e-01 1.274584896974537418e-01 8.519073206347098359e-02 7.752477139456284694e-02 -1.129028433546461034e-02 3.037762161330354038e-01 -1.919360449707712413e-01 2.823388356377709574e-02 1.214777379528877294e-02 -5.836562742843349333e-02 -1.270176751244738722e-01 -2.849751162053741280e-02 5.118254382969408267e-01 8.081176409557959406e-02 1.791048054979087478e-01 1.537284880037009249e-01 2.471133485011835218e-01 2.275381157870390580e-01 1.161840150263236809e-01 1.219679105862372520e-01 3.230463965116740499e-01 2.247566220218888966e-01 7.734066246898022023e-02 -4.813019886680925535e-02 -4.856281642831584977e-02 6.412160749313416952e-01 3.197717945675340179e-01 2.050361983062895868e-02 4.039579323325800386e-01 8.519791711436125459e-02 1.993152838293487522e-02 7.182559424663603753e-01 7.588482363926235541e-01 2.737997625034828686e-01 8.499395120034686224e-01 1.890355780127918606e-01 3.342146782376645975e-01 1.580171979011587569e-01 1.330142932163517477e-01 1.886362764261244052e-01 3.717370728885156517e-01 3.040030373197115110e-01 2.669257228365721213e-01 5.949586525925529834e-01 2.504023280696901499e-01 -3.714722144715916219e-01 9.034975833992725525e-02 1.528721446187779331e-02 7.641670679341455719e-02 6.190967707586834262e-02 2.338974100346648544e-01 2.556747830047356729e-01 9.690690145064063954e-02 3.568205923736520457e-01 -6.027261673347317911e-02 3.628114034717903891e-02 -2.023059899495686584e-02 -4.595355013172154890e-01 -3.553054652407253711e-01 3.978365627353426352e-04 -3.103123103113999970e-01 2.997398672310323592e-04 -4.106426477319069512e-01 7.896660934654890773e-02 -1.430587839202294986e-01 3.221179948713570051e-01 2.100297650394078175e-01 -3.524425319422172520e-02 1.172656288548104275e-01 1.631782570723366022e-01 1.298347957250328144e-01 4.384467598283645767e-02 2.512585264547536057e-01 8.061258483169975175e-02 -6.860187399687654730e-02 4.453291580472463762e-01 1.919781293476458262e-01
1.983582357776599303e-01 -1.333398921458540665e-01 1.398967645624291656e-01 -3.848697269637437607e-02 -8.997089291554625709e-03 2.809748056034201968e-01 1.360267723354841307e-01 2.231352235971787931e-02 2.642351178481900376e-01 1.000000000000000000e+00 5.644065157161141100e-01 3.518139757406651413e-01 4.035315146160571853e-01 1.082846008494702389e-01 1.787230705037123613e-01 -2.808114925353737412e-01 -1.618957788748361659e-01 -2.700849335423917696e-01 -1.077608823289259304e-01 1.561768112148715915e-01 1.518742047211810720e-01 -1.267198840753127331e-01 4.060773449618602232e-02 5.227430220843120035e-01 5.839157869059401484e-01 1.104136621596860518e-01 1.052807221435308749e-01 5.890405000569021859e-02 3.232063396448842107e-01 6.221984760390374125e-02 1.260318932700907682e-02 -3.376850921339685785e-03 -2.995245948634471800e-01 -2.019809845211840704e-01 -9.838989767993672197e-02 2.158193233304006031e-01 1.171804567587721724e-01 5.438957672035418245e-01 5.204272722782886662e-01 5.847816022552583259e-01 2.898470899348056795e-01 4.926373302602073401e-01 2.618952205643313436e-01 3.108707453965063316e-01 9.220566156587604867e-02 1.714381437725624457e-01 2.891746437800700731e-01 4.659777059922560333e-02 3.263578412239014348e-01 4.530974199650131817e-01 -2.868176697620421489e-01 -1.692898314512044089e-01 -2.596919163473745407e-01 2.205586817415653919e-02 9.329311715713373143e-02 2.679877302605823686e-01 -2.501285261456647757e-01 2.233429392047603379e-01 7.638089786678411430e-01 6.235899429645195280e-01 5.309170285242819087e-01 3.493621776335289475e-01 3.606453158238151491e-01 1.193686469232824732e-01 1.041231561405936701e-01 1.820036268788543243e-01 2.152825507546561046e-01 -9.784052676433801013e-03 -2.696673377662996418e-01 -2.496077727781008393e-01 -5.518658715542044957e-02 5.722281841690588823e-03 3.128149360159528103e-02 6.327839875538414649e-01 6.274961519507883390e-01 4.052706897692022192e-01 4.478621298983448962e-01 9.972628118388149332e-02 2.677704688647878153e-02 -1.985879495504622172e-01 -7.219212045641731738e-03 -1.217067310558661436e-01 7.941428669515498430e-05 -3.386976064688764221e-01 -3.681142697004709252e-02 -1.714532393562285262e-01 1.770258865494096501e-01 -1.111159490603491617e-01 2.086310574674622720e-01 4.035313249041539985e-01 -2.388971690197298769e-01 4.687771471407137791e-01 6.412051118301487218e-01 4.979765640471617849e-01 4.608789288673687534e-01 3.245471933533400355e-01 1.837833178005211510e-01 7.821600447817782242e-02 3.288415292566058690e-01 4.336543283096854773e-01
7.392275178346226217e-02 -8.445353416093167795e-03 1.743619581419207643e-01 1.106281622138990083e-02 1.302596873819673318e-01 3.710953643535579993e-01 6.216404527137120439e-02 2.451444478878719579e-01 4.107051855778863225e-01 5.644065157161141100e-01 1.000000000000000000e+00 6.010025563129540727e-01 4.672192756657206902e-01 3.883265803587245824e-01 3.982671914064150331e-01 -1.601877012322287797e-01 8.177796775305751220e-02 -7.882522428298224804e-02 1.763656504035763239e-01 2.333732129797915500e-01 3.370358953193484108e-01 -1.653330191203168653e-02 1.465698623852228211e-01 4.610242777760115152e-01 4.282028639201298503e-01 2.944575013063721602e-01 1.169387700756213400e-01 1.962590994876130535e-01 4.389803887159589024e-01 1.538401039829976613e-01 -8.306325957169831409e-02 -1.021123026024217950e-01 -3.472213699131052045e-01 -6.025501024399938788e-02 -2.087414815407337768e-02 3.486618267617490052e-01 3.378173241226859469e-01 1.906911617224616440e-01 2.689328378588236035e-01 2.524793037178572064e-01 2.552478099476572226e-01 4.684250194889139074e-01 2.806964122744902701e-01 3.509533949570558531e-01 2.183657079096454900e-01 2.017420682995071934e-01 2.274731826832943615e-01 1.647113802312102082e-01 3.711453745022776918e-01 4.186975611038161738e-01 -3.163274933099017860e-01 -2.815748565282470001e-02 -7.233193788993329265e-02 8.268177702475743018e-02 2.308607281154430035e-01 3.256755659752343379e-01 -5.465502435071351722e-02 4.073806956443493665e-01 3.715013032131123660e-01 7.051123080866917858e-01 5.582000704251723899e-01 3.931890420048019807e-01 3.883406335689825739e-01 3.365717051581066932e-01 3.328783280228028163e-01 3.679710363610646517e-01 1.669044369194852273e-01 2.470354065280432609e-01 -2.377678085135644659e-01 -2.832099711858171442e-02 5.782014123050994991e-02 2.094998319662504382e-01 1.321266963014633700e-01 2.989688318345103402e-01 5.508665797444141088e-01 4.936867961146176875e-01 5.287786194875013779e-01 1.813673981036768024e-01 -1.283526769935876000e-01 -1.752100049691521777e-01 -1.291689004828232845e-01 -1.494538420754673025e-01 1.302585823692706812e-01 -2.703825312097035694e-01 9.782150322188726960e-03 -1.985996040008137786e-01 3.874620359801556058e-01 -1.481504415090995237e-02 3.147172527641426409e-01 1.966266999264471294e-01 -2.379227012933795571e-01 1.770199754563891448e-01 2.664293216166559453e-01 3.172632712658962628e-01 3.251474323496578722e-01 2.905919279467287786e-01 2.074707890974197000e-01 1.112730122453399750e-01 3.209700808336180544e-01 3.112806301960338584e-01
3.036306538485160703e-02 -1.639197011921700309e-01 1.047426925922015778e-01 -1.034037822530203821e-02 -6.973986412533847434e-02 2.013854769681526213e-01 -1.090415866390021492e-02 6.224736786114727811e-03 1.562323694167633559e-01 3.518139757406651413e-01 6.010025563129540727e-01 1.000000000000000000e+00 4.456568728731145623e-01 3.366767089744366337e-01 3.665525315447138999e-01 -1.357747137345595712e-01 2.237517624947747974e-01 -7.443933442422186186e-02 2.131530225823524416e-01 1.616871698436653515e-01 3.056647116836073153e-01 5.953312766617669533e-02 1.552008864528522936e-01 5.535339449824404623e-01 1.790639396406821793e-01 6.124270546793588732e-01 1.636468581517689369e-01 2.770928621511636325e-01 3.213276243487386274e-01 2.788551826792729504e-01 -3.066570476535891987e-01 -2.562544631965594788e-01 -3.658576435918808323e-01 -1.018839061280872246e-02 -5.924188276568626704e-02 2.466376024525752386e-01 2.977259721904712553e-01 -1.051199475205136930e-01 1.898994948353849577e-01 1.832502151342070007e-01 2.793326690676576352e-01 5.309283673248446078e-01 4.987229119961154034e-01 1.604938862240988806e-01 2.192515961719430084e-01 2.428216810727009400e-01 2.477314199422016305e-01 1.899649874010095052e-01 1.920386420436358266e-01 3.254556913927626471e-01 -2.664179025300068560e-01 -1.705899356235208719e-01 -2.028189141678077290e-02 -8.920287708264166768e-03 -1.132918289191177364e-04 1.378079974736503288e-01 -2.070641102758950247e-01 1.700950761390916943e-01 1.545169922587306122e-01 5.855246605576194252e-01 6.927031924928318540e-01 4.512961238132957020e-01 3.017208575261332570e-01 2.976193806279102128e-01 3.702955265818099195e-01 3.344507761282798364e-01 6.766930718983463211e-02 4.568329910332414867e-01 -1.723298226432554703e-01 -7.346027202306361359e-02 1.074519369648444661e-01 3.653699722837377428e-01 2.074370412831908761e-01 2.478920561264713329e-01 5.316589383841082705e-01 6.355442064039529271e-01 4.912132229048881693e-01 3.081993014767092087e-01 -3.982072693982991463e-01 -2.173690759111361337e-01 9.395728101103226204e-02 -7.408424504262227372e-02 2.199167844372503233e-01 -2.663373682057654235e-01 1.000778250961121552e-01 -1.287077515956348839e-01 3.307779795808556411e-01 5.235402126631417963e-02 2.077271811171335636e-01 1.885588050617735545e-01 -2.086937421707800999e-01 -6.487703924163594482e-02 2.237785010913840578e-01 1.935607278447345758e-01 3.988711786184578889e-01 1.988477123640598199e-01 2.533468002991624557e-01 1.944401685017644599e-01 1.482663967055502519e-01 2.093350627707571687e-01
1.227847091916993844e-01 -1.100866116767648846e-02 1.752355803697612791e-01 5.321855275448975769e-02 8.106978214993915133e-02 3.144926892194512824e-01 1.538346765907838420e-01 1.397735622164020600e-02 2.047586808994474872e-01 4.035315146160571853e-01 4.672192756657206902e-01 4.456568728731145623e-01 1.000000000000000000e+00 2.322119656504596785e-01 3.510767199466325872e-01 -1.930468559430732201e-01 4.580865349822304394e-02 -2.393381389610008958e-01 4.818609533078736795e-02 2.092839854237447117e-01 1.938394786951897764e-01 8.300865963566929351e-02 1.586843608824340390e-01 4.959744592145781672e-01 2.081426058641228094e-01 3.200523522374463248e-01 2.292442378442841044e-01 4.324976789047002557e-01 4.279629107554731027e-01 2.182019417253953097e-01 -1.509558388513555505e-01 1.291784835422580928e-02 -1.833637628025197308e-01 -1.751076668230211741e-01 8.745651828621472945e-02 1.171131780228260727e-01 2.284366137448646250e-01 1.190994623492242915e-01 3.126089403339902817e-01 3.138553614334724240e-01 1.953559003902569646e-01 3.363173583388741616e-01 4.198169695476917651e-01 3.778451683342045619e-01 3.332197345874319816e-01 3.068648596520477945e-01 2.949902082415834514e-01 1.698291690949364774e-01 3.233361420790192287e-01 3.966998150635831499e-01 -1.692755736565660085e-01 -6.901976588303410098e-02 -1.292874888684163170e-01 1.127872095265760183e-01 1.614653051166323461e-01 2.900513432496715782e-01 -1.793202952855297572e-01 2.035544977093579344e-01 2.948592205323206650e-01 3.837123975647976915e-01 5.381527148638052260e-01 8.443992308184337103e-01 6.594274259867372034e-01 1.621397993778580515e-01 1.780978427162793476e-01 3.176158407716096477e-01 2.206941412164327154e-01 3.757826404366400308e-02 -2.730519817606115729e-01 -2.523245667095787570e-01 -2.718598185621889235e-02 2.351660199317825162e-01 1.053262632144434385e-01 3.203646105659663790e-01 3.164049385400107828e-01 3.052272776433807011e-01 5.681112319064759442e-01 2.904585419158599024e-01 -1.740421059024034045e-01 -1.337747494849624019e-01 2.851919582956290514e-02 -1.078230399928904598e-01 1.117863034264925115e-01 -2.270097627760109538e-01 1.745954319325507820e-01 -9.415983232608592102e-02 2.159275904610113428e-01 1.439341817602974305e-01 2.226536406583359134e-02 2.716540590367990671e-01 -1.153937029305658613e-01 1.226620232877771444e-01 3.831763902798355770e-01 1.701847966966271164e-01 2.867509796217598828e-01 3.747603567883520670e-01 2.899978076422300988e-01 2.177530307150661315e-01 2.124386754957725831e-01 2.177459265578613745e-01
-4.475097719275700908e-02 2.146744279476821976e-02 -3.362859605142635988e-02 3.219116033250947473e-02 2.223315352529756650e-01 2.124157472092346732e-01 -3.888757507995096313e-02 2.849894354467238378e-01 2.975891227620947044e-01 1.082846008494702389e-01 3.883265803587245824e-01 3.366767089744366337e-01 2.322119656504596785e-01 1.000000000000000000e+00 6.128695990409351868e-01 -3.866152063896262370e-02 3.375399265274953708e-01 2.082080012327002516e-01 5.412623543941442739e-01 3.285405036447688887e-01 5.686575313502980622e-01 2.312378642597174572e-01 5.542842300316140891e-01 1.948887956205606203e-02 1.350890394086799173e-01 2.321438766172329027e-01 3.575912622916789241e-01 3.627791336921446508e-01 4.006899958078951052e-01 3.672566406586074694e-01 -2.689009318754630451e-01 3.360551285633735772e-04 -2.343636044777167304e-01 8.354490035140660353e-02 3.072028516498496176e-01 2.346369319512421892e-01 2.942573276307959840e-01 -3.507257635172161825e-02 -4.685225900504400715e-02 -1.424845824408730310e-01 2.537097066388480787e-02 1.163342804730931185e-01 1.055987860876295426e-01 2.188562004516231840e-01 3.835118691898790622e-01 3.299078625730768044e-01 2.608968088261461316e-01 3.709767234739175246e-01 2.051526134284063774e-01 1.985356680806380503e-01 -3.031548661812684120e-01 -6.075414283158486750e-02 1.352646485079076477e-01 9.229719853824103204e-02 1.262626690235167937e-01 1.086833066981056500e-01 9.274995230462561302e-02 3.863841094718296620e-01 7.684284536921040520e-02 3.776332747237177712e-01 2.850904033543227856e-01 1.031180224581843968e-01 3.493248747906059770e-01 6.165084178160289419e-01 5.587669212206956004e-01 5.339480125315260173e-01 1.428506520897397103e-01 5.028827698993277862e-01 -9.444132932182726023e-03 2.558829127596061181e-01 3.556052400066389563e-01 3.277980193777174089e-01 5.582978636421762619e-01 -1.709221438893757800e-02 3.452188794080777168e-01 2.469984252665116953e-01 3.513373241836778571e-01 4.101808747396921695e-01 -2.334295697168104478e-01 -1.227272825342883011e-01 -2.100030506658616958e-01 -1.449841685891451737e-01 1.091866273372322366e-01 -8.017148065376006327e-02 3.544056836558103774e-01 3.184289750429605825e-02 2.766344127156843968e-01 2.471634768496427936e-01 2.485664874466454177e-01 -3.402434371403146164e-04 -1.856078591250964194e-01 2.932571088780753718e-02 -3.609563983344786335e-03 7.522977855646584278e-02 -6.488441080894084834e-02 2.229415305947058390e-01 3.596850397515811704e-01 3.656860049909432253e-01 1.154644359741636428e-01 1.530377006029641773e-01
-1.844859000000585725e-02 -3.696645141555895964e-02 7.370631593355354838e-02 1.154737747141229010e-01 1.625335549434444860e-01 2.144225857580240313e-01 -1.136284624974996244e-01 5.428842655665932354e-02 2.604382670606389949e-01 1.787230705037123613e-01 3.982671914064150331e-01 3.665525315447138999e-01 3.510767199466325872e-01 6.128695990409351868e-01 1.000000000000000000e+00 -1.571062153818261753e-01 -1.847604706939574154e-02 -3.106715904774320913e-02 3.425255178926370214e-01 4.513826241798767347e-01 5.704968743017160282e-01 1.334931590633438997e-02 5.786672841001645473e-01 3.110724410305795162e-01 6.911050445778166296e-02 3.040763209244795595e-01 5.651480718351933330e-01 5.627103277109468671e-01 4.468279503436231037e-01 5.318756158320316896e-01 -4.276762627389100180e-01 -6.735220023193481953e-02 -3.132244088445259589e-01 -1.312250681546437980e-01 3.274441467171438913e-01 2.252713238970982801e-01 1.551746405280140240e-01 1.482141557655843392e-02 1.099428455149787515e-01 7.255757671926743591e-02 -6.866396527606574707e-02 1.723831864762166433e-01 2.565707578512045339e-01 1.947710975636754716e-01 4.260556893878177931e-01 5.586791136027384752e-01 4.871145077663442402e-01 5.124346271766002658e-01 2.561232748782213409e-01 1.778987465015031688e-01 -3.585934267312479440e-01 -8.458231423299286678e-02 5.331121038617397945e-02 1.176528113057640351e-01 4.429331018415240406e-02 2.151978877713125737e-01 -5.826587141440899703e-02 3.470763289320046296e-01 1.349724283982750017e-01 3.976529538137543174e-01 3.978028471955133427e-01 2.314142614104639784e-01 5.715444021279105780e-01 6.545258931607420561e-01 6.439412225838907489e-01 9.058492625805335541e-01 2.314974364713171251e-01 2.008733343296425777e-01 -1.815024651253283883e-01 -4.519403749013570226e-02 4.725451419025822331e-01 2.554315015890250562e-01 6.384492952012118527e-01 1.679707966311634049e-01 3.440719588618194047e-01 3.059659675798962475e-01 5.606895597692984623e-01 6.421106191216917614e-01 -4.166560424066311219e-01 -1.488336916129560927e-01 -7.745396182596905876e-02 -2.105313229824775645e-01 8.563791843630075284e-02 -9.544920120260419472e-02 5.159053566664829615e-01 1.440880235423877276e-01 1.498562179089289181e-01 4.110755628421329799e-01 1.688306128418701757e-01 -1.125613773199781072e-02 -2.071624495252034626e-01 1.153206917390331154e-01 2.024772934474247665e-01 9.171016038428371486e-02 5.045708836619679921e-02 1.797063261889675634e-01 5.769105615861843672e-01 5.537142733745389345e-01 1.840615523896912964e-01 2.559973850659955780e-02
