1.000000000000000000e+00 2.298556673137713557e-01 6.561718767483921688e-01 -2.459230755928639285e-05 1.106987977644604548e-01 4.661267141665220159e-01 4.139401751790080519e-01 2.325157833559423071e-01 1.939588888234324848e-01 -4.650814976941226170e-02 7.024613905364805733e-02 -6.977915135880709274e-02 1.621087406400257280e-01 1.059830277377677710e-01 2.574491858279569917e-02 4.871265621383485955e-01 1.676905592987422144e-01 2.667124189286046998e-01 1.994701194183131909e-01 1.065197725435349518e-01 1.560163111435617644e-01 5.185207641632988418e-02 -4.233235719305126349e-02 -8.200432831225724917e-02 5.019864262722719545e-02 9.390392361994208403e-02 -2.056285758108620243e-01 -1.781885141004002082e-01 2.268984879583292591e-01 -2.520152558524071940e-01 -3.254108378132284513e-02 7.724449531281689374e-02 -1.727748911110896513e-01 2.036620883679383931e-01 -5.356712922900715851e-02 -1.545864917015550913e-02 2.810972551388217760e-03 4.529828012484048844e-02 -9.263671488697695910e-02 1.531688579119781513e-01 1.514582926946312080e-01 1.758116053028908055e-01 7.803773564461688288e-03 1.127953888698885777e-02 -1.717511857694767885e-01 -2.920963381157293814e-01 -1.983650168860346397e-01 -1.374629831705173055e-01 5.095021644546785522e-01 1.569177422406613509e-01 6.293923724329643088e-01 3.208426865616791912e-01 4.664839396312810528e-04 -1.346507782852358059e-01 4.134799631616752902e-01 5.001604502005706498e-01 1.694222175584721990e-01 2.163191778067924120e-01 -1.074468859332735060e-01 -6.007507513370380359e-02 1.059734330697700566e-01 1.284469385155391219e-01 3.490002983620788674e-02 4.020382583529667070e-02 -4.279542198690980230e-03 -2.807159092894934843e-03 1.119668348506462213e-01 1.381923905691959387e-01 9.826362283415868148e-02 1.654921909683719772e-01 6.003210319349928936e-02 -4.056670064329429698e-02 -7.294595807822141717e-03 -9.112465243936130124e-03 1.932942551079359916e-02 1.128842496316469629e-01 2.530529215274414725e-02 -9.568112060029546062e-02 -6.159115714721013352e-02 1.273090803447186892e-01 -1.499892669659180430e-02 3.793981279979332516e-02 -1.237079256862902849e-01 -7.967365883324734055e-02 -2.345331865691931139e-01 -2.341653389437695076e-01 -4.220628869184638726e-02 -2.474804571213601589e-01 1.524473988514551126e-01 -7.571187515184955863e-02 -1.292752939678668833e-01 -1.669641698545354658e-01 -1.321592351331188075e-01 2.266795720568380579e-01 4.819597680529287553e-03 -2.209350425564639286e-01 -2.515426670971892542e-01 -1.532588374875979154e-01 4.186690611766018533e-01 1.767023849014961179e-01
2.298556673137713557e-01 1.000000000000000000e+00 5.729131982811218604e-01 5.601728534909165003e-01 5.790026228143142495e-01 5.397247489159125999e-01 4.659845484329748211e-01 6.514698897249762144e-01 4.470941996773944993e-01 1.047623917614945860e-01 2.565050662262586822e-01 1.097647792266723543e-01 3.133765240463660118e-01 3.195432072433383452e-01 2.367611429097513931e-01 3.559422479983357923e-01 2.975162765101785900e-01 2.841384847806391889e-01 3.718429288414735190e-01 1.161523273892659663e-01 2.568952402077310238e-01 1.699305789984732196e-01 2.768451810644768640e-01 -2.826581321997807816e-02 1.931938779524980110e-01 9.858288414803585697e-02 4.956362855026039821e-02 -7.200427907389972404e-02 8.770319044920876772e-02 -7.613711026773480051e-02 -1.053702549994640913e-01 2.092324520299717883e-01 -3.524472747540804279e-02 -2.943202107456288456e-03 2.192616827093693543e-01 -3.172455790738957782e-01 -3.340950686840185591e-01 1.771702339310774477e-01 4.807841428048369864e-02 -5.142853466816158653e-02 -1.776885370081452420e-01 -1.070453778782555661e-03 5.699628280647046213e-02 -7.201932499947100164e-02 -3.628755325447377555e-02 -3.189734817925780203e-02 9.118880025806337317e-03 4.466652200911631204e-02 3.106504202786170010e-01 -1.811577601626342682e-01 2.066864539469769335e-01 8.043986721888882752e-01 3.746789504021014183e-01 4.236877307294560357e-01 5.517995626705902712e-01 5.038256740937131495e-01 6.119256464074640522e-01 5.819727284633812170e-01 8.469874339606665858e-02 2.306753746117357062e-01 2.194943846824412570e-01 3.895186923320597128e-01 3.225649128052334724e-01 3.740051305108020863e-01 3.077098617322204799e-01 3.759211845318009004e-01 1.634218296401071246e-01 4.275925749355287131e-01 -7.551891452707260033e-02 3.375227539857137971e-01 3.372023076138960795e-01 2.643226821908917223e-01 2.621473294839470891e-01 1.599389599928548455e-01 8.637676390487486477e-02 1.259183884194212955e-01 2.263699047192145042e-01 1.435329662649380833e-01 -1.312658435947095525e-01 8.739215045320315733e-02 -1.786035639250123652e-01 -4.902936746394542245e-01 -1.897167715380413400e-01 1.902391627009743513e-01 5.538995674476430292e-02 -5.002676164555573679e-02 -2.562867399333325080e-01 -7.503541001015814893e-02 1.452942807281049249e-02 -3.330425712278956007e-01 -1.308331894098059833e-01 6.396091942471149316e-02 1.160509247666407368e-01 3.548265389571313242e-03 -2.550326868822288748e-03 9.633774085647963878e-03 4.292367421628026647e-02 -4.587146451595697921e-02 9.026754983395156307e-02 -1.312563504421318528e-01
6.561718767483921688e-01 5.729131982811218604e-01 1.000000000000000000e+00 1.880817092997767448e-01 4.045764759164250934e-01 7.711134726545616491e-01 5.293092164129321597e-01 4.144635716653826130e-01 4.982259724467349993e-01 2.157751106765350493e-02 2.122344478162387915e-01 9.689013668931246992e-02 3.278708988263467905e-01 3.576548646339738347e-01 1.939688208680740711e-01 5.123144336896975348e-01 4.089541544634384684e-01 3.898616728854290558e-01 4.452735485350413080e-01 2.124839440070189489e-01 2.694015524420773633e-01 1.804191608172638905e-01 1.261543525721479375e-01 -8.414872555560344580e-02 1.612538895714399068e-01 1.098874397282242621e-01 -1.154676027665690052e-01 -1.833848360274131783e-01 1.954939711155391224e-01 -1.705569891159016971e-01 -1.106666140303382562e-01 4.440620261475598102e-02 -2.892889416955590209e-01 1.984107694060000260e-01 1.556517337637583764e-01 -2.092327135590410225e-01 -3.443905533359833959e-01 8.150342214078576397e-02 3.052546023640784895e-02 1.344732731519523994e-01 6.851001085082612796e-02 1.669190437159460416e-01 1.069976162290973559e-01 -7.043304152497385784e-02 -1.319889513501614764e-01 -1.799798616940187224e-01 -1.040217666029358140e-01 -5.224168257794091497e-02 5.914826725870214741e-01 7.041834832530323440e-02 4.455211637393529100e-01 6.270207693108359459e-01 9.001752537880974847e-02 9.150943788446459087e-03 7.126050725041501721e-01 7.591451380370345392e-01 4.225917697543172813e-01 5.494129617167018420e-01 -3.419011853090570680e-02 2.028145720026311438e-01 3.067648408449304975e-01 3.760917836238771850e-01 3.278511274376437190e-01 3.015905507766229454e-01 2.875166495371612729e-01 2.780935700129149590e-01 2.915468516434991941e-01 4.708604843320199906e-01 1.553709178534300184e-01 3.767248345549822908e-01 3.036235479942271942e-01 2.319008671178496295e-01 2.423856529817882688e-01 1.658779369219173239e-01 1.778979774322240193e-01 1.714029469435781050e-01 1.262029872015716092e-01 5.736914971916527717e-02 -2.040168069049454747e-01 -1.799807111048980571e-02 -5.133805728236957161e-02 -1.777158806633529486e-01 -2.238500475108663457e-01 1.522813931395905762e-01 -1.290516857299210118e-01 -1.478750831383762454e-01 -2.878719349161388830e-01 -1.204019417831697081e-01 1.523177971957885568e-01 -1.965350685145852705e-01 -2.856025698128153434e-01 -3.250388522337765290e-02 1.015528784862661099e-01 1.057187878717885110e-01 8.246330069732248080e-02 -1.947483677336800945e-01 -1.290087416239148188e-01 -9.756952817359038077e-02 4.483943049959336902e-01 7.196947625573091312e-02
-2.459230755928639285e-05 5.601728534909165003e-01 1.880817092997767448e-01 1.000000000000000000e+00 6.361959750866955643e-01 1.827433396565291968e-01 2.337586865373467715e-01 3.165654140199189448e-01 1.521518872254288557e-01 -1.004296430798909540e-01 7.688617358666811896e-02 4.094532528535656767e-03 2.729402604569279300e-01 4.050966688810545002e-01 4.467444117479109633e-01 1.178359534366816702e-01 2.000447926135767163e-01 1.897682969267976694e-01 3.522570004149855327e-01 1.590562331970210297e-01 1.202739527049433155e-01 1.470739954583130671e-01 4.989119776934383688e-01 -5.150178846929865523e-02 -1.290271380454770800e-01 1.895636006371683446e-01 1.557635075228311072e-01 1.598862786316049833e-01 2.279830896512169136e-01 2.733144374510716457e-01 -1.277726916714881367e-01 2.033709129219723744e-01 9.620998654384041449e-02 -2.173594165378843826e-02 2.985325711282741379e-01 -2.446025725169235499e-01 -1.653687295470690141e-02 3.727660134485815541e-02 -5.468853616731184086e-02 -2.340094495669237384e-01 -2.631646994021187291e-01 -8.062703467266411905e-02 7.695616319718225073e-02 2.456119083787599439e-02 2.514737816686372085e-01 1.631494022154716950e-01 1.765778048878161588e-01 2.863843090488199516e-01 1.111911974438851980e-01 -8.486177482594785271e-02 1.155204863235182247e-02 5.222080503343830005e-01 4.937496160947329460e-01 7.814893211522003780e-01 1.694006268851355190e-01 1.931688214182580021e-01 3.977833538071740005e-01 2.241865288657319821e-01 -7.704791224436134678e-02 7.730179525941274776e-02 2.546366479099321234e-01 3.787618569868707041e-01 4.144957027185783294e-01 5.183175203370238293e-01 4.507983286300654147e-01 5.177150276353414959e-01 5.905934518199009581e-03 3.448400576655058503e-01 5.477142691439314259e-02 2.879400144586799493e-01 2.503717614158415539e-01 3.181537793536163283e-01 3.688340849224266416e-01 -5.944033046817756571e-02 4.156169447443951864e-02 1.441218371198214887e-01 3.619037035417855264e-01 3.369832556403120072e-01 -6.024993843201108951e-02 1.546263786826310438e-01 -1.104422830534303318e-01 -3.365398426840907065e-01 3.332951068881746803e-02 1.712772426638425605e-01 1.260948456443044818e-01 2.178366979132298209e-01 5.393852314735758657e-02 -5.231607044422352526e-02 4.219513053323007551e-02 -3.530721724914996362e-01 6.249182698547461022e-03 -1.878854480610073485e-01 -7.235610908096211380e-02 -1.469360024605823392e-02 6.072117222782175139e-02 4.340316991198753249e-02 1.612103563881575052e-01 1.448892508559553594e-01 -5.054331627632811796e-02 -1.017249929203276199e-01
1.106987977644604548e-01 5.790026228143142495e-01 4.045764759164250934e-01 6.361959750866955643e-01 1.000000000000000000e+00 5.069876653742410033e-01 3.096141786161757947e-01 4.134973637865586582e-01 4.445711524314682195e-01 6.332476210301477004e-02 1.458703354909358096e-01 6.250256570688471347e-02 2.556949941369601742e-01 2.723902745993949104e-01 1.976073878694500907e-01 2.047398899129101446e-01 2.921044376422202160e-01 2.149253055236042542e-01 3.812327315858354271e-01 4.458452633895084588e-02 1.253382660753549760e-01 6.832746990829297040e-02 2.629395875730265453e-01 -8.004690538652473042e-02 2.486090140992928618e-02 1.029627055480405312e-01 9.532031962354704444e-03 -5.332583313136662895e-02 1.285106479505042365e-01 -3.337626125018205298e-02 -2.411897845916098626e-02 1.999589571701016477e-01 2.791964639291741671e-02 -5.268223901223521161e-02 1.193078067817975735e-01 -2.408374881178400595e-01 -2.229873693179483252e-01 1.859357150126670910e-01 5.287978240575703232e-02 -4.836624240560949417e-02 -1.849998565814967577e-01 -9.030924963571212993e-02 -7.258291894020614532e-02 3.095829565178281895e-02 4.888617528996276086e-03 -1.464193833868988014e-02 -2.193780292473383828e-04 6.767000455518931701e-02 3.104557713236709149e-01 -7.326124382740464847e-02 2.104818686035805908e-01 5.592392723194814508e-01 4.718295261619090408e-01 5.765538297637688991e-01 5.095344459921898883e-01 4.232008992602315223e-01 4.269059052642462659e-01 4.487080116084543047e-01 2.035821377504565960e-02 1.042469539735191991e-01 1.796801328402672371e-01 3.764098018780260846e-01 3.184523360586153373e-01 3.380571246844493172e-01 3.122622055573205380e-01 3.275002890068172134e-01 1.145815133091206417e-01 4.042531752833073977e-01 -3.799320487797446660e-02 2.229051079082866038e-01 2.208094135404207181e-01 2.346666303782309615e-01 2.516863537577755938e-01 8.558063854903333323e-02 9.456019029422463307e-02 8.167414408661430314e-02 2.769374479830579161e-01 1.599299584726542045e-01 -8.008630896851040570e-03 1.464363249988520077e-01 -1.568095943312835805e-01 -4.186747459694449280e-01 -1.967863923344533028e-01 2.673923829438199645e-02 -2.010086178587749614e-02 -4.063495106147679836e-02 -1.359588165602894638e-01 -1.626389536496946620e-01 3.779314983584554366e-02 -3.266679323644327559e-01 2.043639430771054463e-02 -7.176420204476540929e-03 2.232958905418414366e-02 -4.126193171473287874e-02 -7.683399327332970929e-02 -2.915288443108914399e-02 -2.373794614488468693e-02 -1.086721130336470442e-01 9.597899240598206649e-02 -8.747605104451061653e-02
4.661267141665220159e-01 5.397247489159125999e-01 7.711134726545616491e-01 1.827433396565291968e-01 5.069876653742410033e-01 1.000000000000000000e+00 4.932896721782230043e-01 4.831525632321756469e-01 6.785480001035856246e-01 2.303807834782448938e-01 3.578373366291509594e-01 2.952145164829224622e-01 4.417711763586270046e-01 3.354534409216452517e-01 1.275110139931194542e-01 3.402605747176794537e-01 4.369615086731581943e-01 3.640499898158465197e-01 4.568945833936601253e-01 1.266930128282646451e-01 2.563106707283544505e-01 1.657648205249515894e-01 8.892231967890953936e-02 1.392492009631960022e-02 3.221334166173157043e-01 1.377753772472757321e-01 -1.168966828265055186e-01 -1.404408961444771065e-01 1.692587469750280182e-01 -2.414449674658977196e-01 3.536544525935689243e-02 6.165560325650030343e-02 -3.372497409880966801e-01 1.460703243466171808e-01 1.310811278958141923e-01 -1.546198984924589681e-01 -4.252994568799740582e-01 1.515829228165454790e-01 1.455646184079689986e-01 2.166047065784059977e-01 7.669867862636459144e-02 1.868230277341321188e-01 4.433861190777526468e-02 -6.646575937834006687e-02 -1.824399716743593247e-01 -2.461586792921349465e-01 -1.470245617490023304e-01 -1.242754069830098035e-01 6.799289974666145042e-01 4.989588091478353027e-02 3.507537160635265661e-01 5.781233339715998731e-01 1.531837993688917043e-01 4.723920680010709056e-02 8.255532888847655348e-01 8.508709442835554748e-01 4.688180656602612406e-01 6.872267236991961292e-01 1.806195309641563385e-01 2.866888958102737917e-01 2.782815119913639168e-01 5.016306167851066755e-01 3.510203189838598803e-01 3.073755807016410047e-01 2.539508455079597105e-01 2.514023030209272536e-01 3.825154728292131101e-01 5.188421046692464067e-01 9.850697057226096010e-02 3.453594278143829466e-01 2.850440570314640154e-01 2.515625505867727374e-01 2.290095614789235123e-01 3.422885748149627760e-01 2.563016263775961812e-01 2.447040925003929612e-01 2.134007288740833452e-01 8.696396095266495374e-02 -9.827060857946906536e-02 5.037466085007066482e-04 -1.171145533458500115e-01 -2.433019730530437408e-01 -2.452313323918118015e-01 1.665247020400708322e-01 -9.415433864495670324e-02 -1.832830068840201054e-01 -3.213439145690707432e-01 -6.484367968385811032e-02 2.058854993158732438e-01 -1.544405685744268397e-01 -2.258386785360525228e-01 1.641432468234008957e-01 2.198864395298175678e-01 1.119050315306359400e-01 2.730757083109272391e-03 -1.179960469479825330e-01 -1.991839933700619569e-01 -1.763533929792611143e-01 5.317146028500122634e-01 9.148846150600110916e-02
4.139401751790080519e-01 4.659845484329748211e-01 5.293092164129321597e-01 2.337586865373467715e-01 3.096141786161757947e-01 4.932896721782230043e-01 1.000000000000000000e+00 6.045265713221854575e-01 4.922841375397651875e-01 1.779388788835399582e-01 1.261713883433508987e-01 5.115678936338426824e-02 1.431452293623683147e-01 1.049613423790646677e-01 3.110847755731682360e-02 5.165242525599760270e-01 3.334359252781340377e-01 3.564252131637001830e-01 3.093612470862771024e-01 8.252120558138446860e-02 1.983869029644164117e-01 1.070451293405863674e-01 3.079584466368602905e-02 7.771442611057596817e-02 2.137447067372593712e-01 -2.137158444211052430e-02 -1.812112960016147578e-01 -2.953554072217198234e-01 4.830781752204315466e-02 -2.340842033891314955e-01 1.754949698711550862e-02 1.300590113211417542e-01 -1.507673841847068097e-01 1.111945100477031295e-01 3.892828364171083567e-03 -1.286987330023965370e-01 -3.069452265046231365e-01 2.360211680558213787e-01 2.248441355058370394e-01 4.247846230566982295e-01 1.498711046188872242e-01 1.375311616968824535e-01 6.918279341681145278e-02 -1.055629871839834366e-01 -2.524261607084753445e-01 -2.637959595372352806e-01 -1.687702577606712551e-01 -1.635939061620333701e-01 4.431146200324919127e-01 3.240639356765204204e-02 4.802785420912069059e-01 5.653266200504710737e-01 3.644510758446638521e-01 1.605132759301594880e-01 5.304249469175039700e-01 5.461457080002680708e-01 6.106739741487127171e-01 5.348845581298592444e-01 2.369781196497218814e-02 6.112080765640522106e-02 7.980004768774796864e-02 1.207718316576696649e-01 1.234690796233130633e-01 1.593154888147162718e-01 1.121850994364607945e-01 1.132971057621169203e-01 4.370247606987089917e-01 3.061129314699801984e-01 1.281922311580012928e-02 2.678987172809386141e-01 1.418513875444518679e-01 1.306681716810477456e-01 1.110811559322950337e-01 2.862232285926442632e-01 1.542070039938055470e-01 3.012181524656518811e-02 2.075776112164005611e-03 7.390968023053013855e-03 4.514878607184510083e-03 1.482041436456547068e-01 -6.164850216988883996e-02 -2.378357743256350465e-01 -2.539185556267292698e-01 -4.108740446229653537e-03 -2.734330727743703449e-01 -2.169025024210286812e-01 -3.109105885770832578e-01 -2.416589135529577104e-01 4.699071191038817902e-02 -1.504743627766130243e-01 -9.519650533136180329e-03 1.665158121165470628e-01 2.179593854288844890e-01 1.451952064672898945e-01 7.636185163119740826e-02 -2.102350771484490788e-01 -2.222458363146965765e-01 -2.467394932614197789e-01 3.025395914027513844e-01 8.989705864311463290e-02
2.325157833559423071e-01 6.514698897249762144e-01 4.144635716653826130e-01 3.165654140199189448e-01 4.134973637865586582e-01 4.831525632321756469e-01 6.045265713221854575e-01 1.000000000000000000e+00 6.556129582818943646e-01 3.618097134247562074e-01 3.240720426862714887e-01 1.817595250982244059e-01 1.449249971028610806e-01 6.124404473346520272e-02 1.359672812410049527e-03 3.965531819745469200e-01 1.874154466054432921e-01 3.533842306712237646e-01 2.829089247088203418e-01 2.721334567916422822e-02 1.507309364102440707e-01 6.148926129294006449e-02 3.674540257097812235e-02 8.983225988621873492e-02 4.405157313494887927e-01 -1.233568528076099506e-02 -1.128854698327529521e-01 -1.713443704834718140e-01 -5.255817944604709163e-02 -2.607083666960518520e-01 4.331443111735625712e-02 2.342475788933730818e-01 4.750622996564578260e-02 7.562354638209549396e-02 1.747928472809914119e-02 -1.358217289164522223e-01 -3.823352075835499964e-01 3.393087218342388800e-01 2.316336956047449769e-01 2.714578816923111093e-01 4.630422079058058027e-02 3.823569219118092694e-02 -1.997175118360965812e-02 -1.312257923786514235e-01 -2.174669524357245587e-01 -2.674812589577671984e-01 -1.766582928357966487e-01 -1.763822692436159967e-01 2.593889937639927701e-01 -2.374067597063868329e-01 3.403641189470615891e-01 6.413199960454898374e-01 4.775969006969155717e-01 2.719397067041353644e-01 5.809005629759964595e-01 4.796145968762109413e-01 7.626170660534371537e-01 7.432947138669750986e-01 3.114478321693656682e-01 2.384594684373402551e-01 5.931250488665466836e-02 1.731329777271587156e-01 1.758871379491048492e-01 2.104139181017928018e-01 1.051422885359955955e-01 1.461009320706661563e-01 4.096203990993568245e-01 2.969230019035744572e-01 -1.213751193604184764e-01 3.490267657322076444e-01 1.943641878101658171e-01 9.388148139885402199e-02 5.924493731695411325e-02 3.711918145621351806e-01 1.538893837473788717e-01 1.061902202642202725e-01 1.392026824580937516e-01 5.527507867999722525e-03 -2.895863455150461414e-03 1.805443986386533750e-01 -1.896018371945615844e-01 -3.755695916270408441e-01 -2.629621488244685001e-01 1.713479881478906924e-02 -1.298512834538117500e-01 -1.866669714339913855e-01 -3.031171796800183893e-01 -9.568374987063414661e-02 3.021275119480983443e-02 -1.124486005480696826e-01 2.523001997508399208e-02 3.090353337124442934e-01 2.817432295411343990e-01 4.950384419136764740e-03 -7.970543089561321626e-02 -3.798047615270229438e-02 -2.160823294910543535e-01 -2.645730068921129940e-01 9.213196824939295926e-02 -1.205611517401278393e-01
1.939588888234324848e-01 4.470941996773944993e-01 4.982259724467349993e-01 1.521518872254288557e-01 4.445711524314682195e-01 6.785480001035856246e-01 4.922841375397651875e-01 6.556129582818943646e-01 1.000000000000000000e+00 4.890563608037642451e-01 4.018881231658705810e-01 3.691874649389368379e-01 2.326367604870556993e-01 1.266965339647245226e-01 -4.881705213562548273e-02 3.075380463517714547e-01 3.004858841118352442e-01 3.555930679556716933e-01 2.977364351227193562e-01 8.657403718209023824e-02 1.474229719670957783e-01 5.130222902742242325e-02 7.046074143616335231e-03 1.610436719706513364e-01 5.561000674385142561e-01 -5.570623318568019428e-02 -1.000457257971558434e-01 -2.249401164394429498e-01 -5.682675869251489764e-02 -2.562826535149999030e-01 1.775817883405220732e-01 2.640048514963487802e-01 -6.843334267079764777e-02 1.686320406624745027e-01 1.132373011967389639e-02 -2.142670128535030874e-02 -5.257392968543452838e-01 3.910048817034444402e-01 3.035015721388636956e-01 4.111703107930665957e-01 1.938556152318416104e-01 1.685525101270637094e-01 -3.415969213222561085e-02 -1.244259746583859239e-01 -2.125199269037547634e-01 -2.159288824461265410e-01 -1.696460478313064069e-01 -8.734306718333970099e-02 4.493748338900549477e-01 -5.176490531974928255e-02 2.897674575667268382e-01 5.115681547883939029e-01 3.153518272149526958e-01 1.014187339157383433e-01 7.203221659666028120e-01 6.823656340611685689e-01 6.017577190039196111e-01 8.058229486805048580e-01 4.193428370012426409e-01 3.586739751585233948e-01 8.867515551064709955e-02 2.598212348134394389e-01 2.340141188178560538e-01 2.435728700162430316e-01 1.577420844527393784e-01 1.292191464017983793e-01 5.446986589703362025e-01 3.842520652622593569e-01 -1.956086359400390287e-02 3.220736763626348975e-01 2.024804466926525826e-01 1.379856204409644072e-01 1.459422558804905345e-01 5.278393887027996723e-01 2.958227690808962751e-01 8.637429856603573430e-02 9.782009470259395156e-02 -2.285474984313142985e-02 4.192000277000929725e-02 1.738629232666060176e-01 -2.172434091820716340e-01 -2.504675449597397741e-01 -2.867488729005397974e-01 7.317321093349313244e-02 -1.331621147592656207e-01 -1.533821467429750396e-01 -4.450273286862049260e-01 1.142196921025702156e-03 1.439593155223810039e-01 -5.138948679479370119e-02 -3.225586123120836868e-02 4.930683585828920523e-01 4.614148966305660626e-01 7.818541645307815896e-03 -1.073338887247625162e-01 -6.367992652045265101e-02 -1.881814331911337013e-01 -1.674225408990771269e-01 3.655089585264394425e-01 -5.710403306753313903e-03
-4.650814976941226170e-02 1.047623917614945860e-01 2.157751106765350493e-02 -1.004296430798909540e-01 6.332476210301477004e-02 2.303807834782448938e-01 1.779388788835399582e-01 3.618097134247562074e-01 4.890563608037642451e-01 1.000000000000000000e+00 5.622091450112501887e-01 5.975092700699866644e-01 2.048786541735572453e-01 1.280907338793707551e-02 -5.134450829618734252e-02 6.117303327721732020e-02 1.439095111401371974e-01 1.210758651715748424e-01 5.824795442145636049e-02 -9.319462954525277454e-02 1.428267910374832889e-02 -1.017919674105612939e-02 -5.974193855295499567e-02 4.919232814689997735e-01 7.155164765753457834e-01 9.111665989768193141e-02 -9.103279355679830265e-02 6.377463305701640273e-02 -7.214272579955122167e-02 -1.812360916218603291e-01 3.281792566823084623e-01 1.806071519483155308e-01 2.477713189175959063e-02 1.434393350642063913e-01 -9.791894842431184132e-02 1.927078552367266495e-01 -2.090262719524568213e-01 3.139684959303020162e-01 2.621644697886614250e-01 3.723834542479659837e-01 2.464448158148209167e-01 2.523885897814378554e-01 -1.152263061160819363e-01 -1.085632766934353094e-01 -1.897583720612357749e-01 -1.683796711922802281e-01 -2.054827303631425461e-01 -1.727472743444260495e-01 1.113757894339278687e-01 -1.018783215175553397e-01 7.088024986934525484e-02 1.088757787720403547e-01 1.747706230307572439e-01 -8.178787311711616104e-02 2.963198811278678346e-01 2.449329611375236637e-01 2.942500817362975196e-01 4.455813033756171326e-01 7.361527841012566187e-01 3.381901949365127558e-01 6.455150172027136757e-02 1.027302479464407003e-01 2.319807871881919906e-02 3.704429888739875498e-02 -8.274881566800426635e-02 -2.902538255765047676e-02 2.919004924850900906e-01 5.957082676563286300e-02 -1.005278386221340609e-01 6.947426482807811388e-02 -2.072281191461940175e-02 -1.926401488957407010e-02 2.231546290606410340e-02 4.664360783960572188e-01 3.126731620711993287e-01 3.199231519491746445e-01 1.015455315535861019e-01 9.953566710081035440e-02 2.184677383333870626e-01 1.108876755841198131e-01 -1.048476603796457129e-01 -1.033987662889201686e-01 -6.445893226348052563e-02 -3.141914258667889009e-02 1.056441053513879763e-02 -1.179807851993808776e-01 -1.120986971694231255e-01 2.098065650540870408e-01 1.309244804361292813e-01 9.087117095847131731e-02 3.829214830992939272e-02 5.103317211881067683e-01 4.204398576457646919e-01 4.913372996225858630e-02 -1.290330282757373437e-01 7.828315083298235943e-02 -1.502135567685611295e-01 -1.550201857432581820e-01 1.619171358125839899e-01 -1.803273480648068597e-02
7.024613905364805733e-02 2.565050662262586822e-01 2.122344478162387915e-01 7.688617358666811896e-02 1.458703354909358096e-01 3.578373366291509594e-01 1.261713883433508987e-01 3.240720426862714887e-01 4.018881231658705810e-01 5.622091450112501887e-01 1.000000000000000000e+00 6.455569407539007987e-01 4.221160900906990032e-01 2.057526078988282381e-01 1.152541667865655539e-01 1.423458288273047288e-02 2.285006036229492998e-01 1.369242743740715917e-01 2.555734336384268279e-01 -2.563578082828712676e-02 5.738174431914858792e-02 1.422618152181681639e-01 7.571825560211191408e-02 3.851455413186809507e-01 5.286353896216738901e-01 4.316696340195638748e-01 6.342629567206803376e-02 1.704137283390920743e-01 1.457387191520416181e-01 -5.331478055939429389e-02 1.720099769512193622e-01 7.435308445153319956e-02 -1.401812970351719034e-01 1.771037713500646649e-01 6.201409944214614223e-02 1.040346625272698666e-01 -1.074311098570741030e-01 1.027323048844693554e-01 1.335070376165289063e-01 7.918861535015210562e-02 1.801444302780489670e-01 2.881137516813975230e-01 5.850948456837123252e-02 7.925947742870122215e-03 -1.052533423771814108e-02 -7.968234769750259794e-02 -8.306207523027603346e-02 -5.139601661149473949e-02 2.229784186600825280e-01 -1.308874051095496385e-02 1.758420560175472645e-04 1.915825699620495592e-01 7.532200826438868735e-02 2.532478783779223974e-02 2.910569472419288761e-01 3.585763921050701963e-01 2.863728484916335248e-01 4.310527113298850410e-01 6.433578991239879974e-01 5.327817627522795085e-01 3.446886212127938109e-01 3.665698101919825924e-01 2.101411524943308240e-01 1.747483404162840648e-01 6.831810559078183021e-02 1.442879186365551569e-01 2.164322070105249296e-01 2.097191461547298630e-01 1.520447830738239081e-02 1.630671224466638258e-01 7.754044621581797359e-02 9.605939482432056253e-02 1.186853775646543735e-01 3.504007582901666473e-01 3.088798519062588288e-01 4.865898149289449859e-01 2.589526672546654806e-01 2.016314912069673559e-01 1.147021198418622379e-01 -8.155030267314185288e-03 -9.308880713851380717e-02 -5.610139865210229948e-02 -3.903379371481024290e-02 4.877075386416915292e-02 9.549877826341612863e-02 -5.548248855961750853e-02 1.271218709688768170e-02 2.579565307479343983e-01 1.958409239033173377e-01 7.986098170165839560e-02 -1.322019446952323873e-01 2.469881919173524676e-01 1.946005093517794715e-01 1.776759924232423071e-01 -8.927852315681431006e-02 1.340868411023012630e-01 -6.616599272017503752e-02 -7.767959957866044096e-02 1.776153380307680385e-01 5.125866119721901593e-02
-6.977915135880709274e-02 1.097647792266723543e-01 9.689013668931246992e-02 4.094532528535656767e-03 6.250256570688471347e-02 2.952145164829224622e-01 5.115678936338426824e-02 1.817595250982244059e-01 3.691874649389368379e-01 5.975092700699866644e-01 6.455569407539007987e-01 1.000000000000000000e+00 5.433964889036440038e-01 3.082765008413224095e-01 1.705015952607952523e-01 -6.208953453638641623e-02 3.720470809206214424e-01 2.827902588716468268e-01 2.777066223684493407e-01 2.088484473618845982e-01 1.821719134646840044e-01 2.022850862029189623e-01 1.014223389757158283e-01 5.462093843298797546e-01 5.619813257521266703e-01 4.603903388010138764e-01 1.080094434375157737e-02 2.399311276677576488e-01 2.200151410291777687e-01 -6.687214297002086472e-02 2.302949493298800387e-01 -8.374613462688534904e-02 -2.856671953348071114e-01 3.513009116171585400e-01 9.273931325521299340e-02 2.561906930375699720e-01 -9.560461567056287302e-02 -8.858632953636814966e-02 1.228108232245916920e-02 1.161237216430110325e-01 1.579346744353818388e-01 3.864128792456041905e-01 9.446004087224746382e-02 -9.480665017141384765e-02 5.123889885971713576e-02 -1.127812981030072437e-01 -1.634289905145378530e-01 -7.303585846832764961e-02 2.167763778462211965e-01 1.318634042954625885e-01 -2.049648121171053217e-01 3.888977086740813549e-02 -9.403573093778344605e-03 -2.487316595435143298e-03 2.491883525577830438e-01 3.429634660179303740e-01 1.706555163378455364e-01 4.181934086940866657e-01 6.264052784208534730e-01 5.737372225457214592e-01 5.173114934814816435e-01 4.246910510754950407e-01 2.533534316034605216e-01 2.209988500743447770e-01 1.806196182976938236e-01 1.598923261292285181e-01 2.746246808542844309e-01 2.483536054205360832e-01 2.462705031267898304e-01 3.174179595607370952e-01 1.888098240058427857e-01 1.789218801630926003e-01 1.497081500805937104e-01 4.588360546478844615e-01 5.548859511414863110e-01 6.069731485519239689e-01 2.886939145164013065e-01 2.521742489214737759e-01 4.085844603852022139e-03 -1.515026424027971774e-01 1.045913920020650895e-01 1.208816484831202603e-01 1.395569029232890668e-01 1.227431486271929745e-01 1.669052732323308974e-01 1.978287188037018002e-02 3.358870889323689601e-02 3.540749207722611591e-01 4.337843822222158252e-01 2.460500506502402152e-01 -2.536821008775488329e-01 2.797347284943437207e-01 3.058192863841764364e-01 2.178192209855729367e-01 7.168002855393895700e-02 1.088471767603634843e-01 -6.477213662650223303e-02 -5.112045722143949977e-02 3.302135438007788859e-01 1.774441176717563018e-01
1.621087406400257280e-01 3.133765240463660118e-01 3.278708988263467905e-01 2.729402604569279300e-01 2.556949941369601742e-01 4.417711763586270046e-01 1.431452293623683147e-01 1.449249971028610806e-01 2.326367604870556993e-01 2.048786541735572453e-01 4.221160900906990032e-01 5.433964889036440038e-01 1.000000000000000000e+00 5.487273767318036066e-01 4.043663002947651686e-01 -3.836025040324410329e-02 5.353297542467090331e-01 3.304731600841085970e-01 4.651156395498275975e-01 2.312500738770228159e-01 3.525374647032585851e-01 3.481777655468565880e-01 2.892063785058204828e-01 2.305742809101725688e-01 2.092352207085278470e-01 5.383584854415085497e-01 5.310826802251887579e-02 2.800090685350321573e-01 4.513737214605846315e-01 4.080919529685741315e-02 7.830201448220804050e-02 -1.685751347888387319e-01 -3.563238057616812116e-01 2.478850306892209643e-01 3.008916720071701523e-01 -2.392148056302334860e-02 -3.502771161035178604e-02 -1.389006089192874605e-01 -1.575649810570655396e-01 -1.354375814683849988e-01 -1.013245177087948867e-01 2.846144031874286440e-01 1.897557798027922071e-01 7.156604372489548671e-02 6.394434771645170212e-02 -2.872243793218519012e-02 -3.855781231083794253e-02 2.237047540403433801e-02 3.660779762437495477e-01 1.272558768891985936e-01 -7.688976226117469337e-02 2.407261531698648704e-01 -3.654472646252149987e-02 1.630148823753419518e-01 3.541270086653737215e-01 4.361365454359555360e-01 1.852894042641344829e-01 3.166023336417013723e-01 2.668825161843125793e-01 4.549356372036368890e-01 6.347993178934093761e-01 8.148133414605401859e-01 4.522465525922151341e-01 4.205267251998102140e-01 3.512297837111986176e-01 3.990659066702386681e-01 7.893850233199509181e-02 4.029386322727122605e-01 3.240671610909466871e-01 4.063472062973770838e-01 3.287102880645437764e-01 3.315057228310373527e-01 2.853648766146487104e-01 1.650298735988120491e-01 3.614773099282515001e-01 5.655501400970361914e-01 4.693098452844042257e-01 3.949405979293175717e-01 -3.985427984044031396e-02 -2.185615865092652155e-01 1.515820555012766524e-01 3.853928121903633930e-02 1.201122465885214180e-01 2.594313014498174641e-01 1.784797860079682386e-01 5.664401043425105857e-03 1.407191300887290220e-01 1.977702345483653978e-01 3.703891092207103886e-01 -3.276855595681138489e-02 -3.740907298717625062e-01 -1.300912860469396470e-01 4.098185092699231646e-02 2.058526783795283921e-01 2.048637453738632874e-01 9.400430404674613161e-02 2.286093573993441472e-02 -1.940408155317744146e-03 3.362963430085557093e-01 1.663159480195511297e-01
1.059830277377677710e-01 3.195432072433383452e-01 3.576548646339738347e-01 4.050966688810545002e-01 2.723902745993949104e-01 3.354534409216452517e-01 1.049613423790646677e-01 6.124404473346520272e-02 1.266965339647245226e-01 1.280907338793707551e-02 2.057526078988282381e-01 3.082765008413224095e-01 5.487273767318036066e-01 1.000000000000000000e+00 7.919366679626932415e-01 5.319537773079924259e-02 5.203380670365896910e-01 4.289644787887906818e-01 6.346559883181580597e-01 5.005327719988440505e-01 4.112717294062368523e-01 4.370480272415399603e-01 7.110285498420754191e-01 1.540004530088216472e-01 -1.572082118198825373e-02 3.786808932555976170e-01 3.638537065611548993e-01 4.696964389511980587e-01 4.998632927439242146e-01 4.527509813460997568e-01 -1.519387622597286880e-01 -2.046730464461208460e-02 -1.859002995464489882e-01 3.517324385594082781e-01 6.119275877611708436e-01 -8.296639803406595515e-02 -6.514561748880354219e-02 -1.391894136500970713e-01 -7.254955691677564267e-02 -1.573397292318539087e-01 -1.150958455213920220e-02 2.505610030816684541e-01 3.669266128175314723e-01 6.311992636063890570e-03 4.000513899338995483e-01 3.670594985881879269e-01 3.958413791229897782e-01 4.625299161963929429e-01 2.764057456034129667e-01 1.539427820778904166e-01 -1.310998079521935034e-01 2.788481974312543299e-01 4.998359015875386557e-02 2.162914482050803111e-01 2.092657606333056253e-01 3.451403526702936375e-01 1.710349838707356518e-01 1.944253341252767942e-01 3.244092046677463093e-02 3.233413424494380184e-01 5.418470584126753309e-01 6.069545299762364454e-01 7.197818689798574088e-01 7.442968138271514045e-01 7.772041233585018638e-01 7.645759567738276141e-01 2.601267568379439510e-02 5.716730238461931179e-01 5.618118860725708208e-01 5.589191727502770268e-01 5.022020059945929704e-01 5.884651412626741296e-01 6.078061836696905251e-01 3.963618078502084002e-02 3.039414101906569576e-01 4.298023056131864417e-01 4.750274393510099391e-01 5.992390925011064073e-01 -2.974559759110051993e-01 -9.365168411598226439e-02 1.798205433434662548e-01 5.456863693053239095e-02 2.572990506872474548e-01 5.343427848896246113e-01 3.554182951874989560e-01 4.818056385740446812e-01 5.245496433222979205e-02 3.712408527558060389e-01 3.130855068649360806e-01 -1.141839748154216821e-01 -2.720556933731018145e-01 -1.555210257221509296e-01 7.772625610496189386e-02 1.368091949198789181e-01 4.132508412134590636e-01 4.989371620258531426e-02 3.756231744291338437e-01 4.069658899902972027e-01 2.195336324465468614e-01 8.092034801737327254e-02
2.574491858279569917e-02 2.367611429097513931e-01 1.939688208680740711e-01 4.467444117479109633e-01 1.976073878694500907e-01 1.275110139931194542e-01 3.110847755731682360e-02 1.359672812410049527e-03 -4.881705213562548273e-02 -5.134450829618734252e-02 1.152541667865655539e-01 1.705015952607952523e-01 4.043663002947651686e-01 7.919366679626932415e-01 1.000000000000000000e+00 -1.535975138609283093e-02 2.897059123295055438e-01 2.834486002833200846e-01 4.327976875901797249e-01 4.990532007145196403e-01 3.795451893808027832e-01 2.643084440152194126e-01 7.151829387614427880e-01 7.332945990375330791e-02 -1.577399082494415072e-01 3.251397345100656144e-01 4.440302001448929725e-01 5.599128891726010693e-01 4.996006677294492770e-01 5.813754919477075456e-01 -2.312165088393380308e-01 -5.153494368580081864e-02 -6.282261501570969575e-02 1.838581003684915116e-01 5.425736194529089396e-01 -9.594314952827889820e-02 8.363058836654461980e-02 -1.738509503048053517e-01 -1.241906375125933215e-01 -2.184218303495289448e-01 -1.161843092091618956e-01 8.817550383806850578e-02 2.958867366321719650e-01 4.671548101238845408e-04 4.473390763825399463e-01 4.495820734016992004e-01 3.963450982739660233e-01 4.915758712226496741e-01 9.818234046588192321e-02 9.543246924202640480e-02 -1.504202165020906701e-01 1.867078853606597422e-01 1.376320105430774710e-01 2.908816482959423744e-01 2.438456747229827276e-02 1.389046883935151633e-01 1.172303342616843325e-01 4.642775427606833649e-02 -5.822788084053827362e-02 1.741163872414915603e-01 4.335323818870069346e-01 4.880634838109076945e-01 6.952427868361171770e-01 7.395528073919802603e-01 7.763512175536657622e-01 8.545251820815442656e-01 -7.250256527714302179e-02 4.199376280556337271e-01 4.595969848011988157e-01 4.494749823520282073e-01 5.348630222034386206e-01 5.382379793949548796e-01 5.772822350937731883e-01 -5.969386442602767073e-02 2.116584339340478460e-01 3.897579709324175412e-01 4.935199333021697554e-01 6.956345271797927943e-01 -2.902447702910622152e-01 -6.835354093569549760e-02 1.872907680491660010e-01 2.961480496995242892e-02 3.026947195085468723e-01 4.840824782360299561e-01 4.369795069186802605e-01 5.660988176542316452e-01 1.948527203641398087e-01 3.767050276928222696e-01 2.380251218514868317e-01 -1.465266067394452587e-01 -1.706791262978402390e-01 -2.834404269059048187e-01 -3.586576307314158236e-03 3.141640215106932671e-02 3.969877197386953993e-01 4.069615377105324783e-02 4.339124463275612076e-01 4.792351459683052983e-01 6.683037683951788266e-02 2.201015566802783097e-02
