1.000000000000000000e+00 2.326514907090375395e-01 6.434799575603615818e-01 -1.636632694286832279e-01 -7.554878345277271645e-02 3.011221972851556017e-01 1.784101580023817468e-01 2.248523561805595428e-01 1.855128292233695075e-01 1.562323263227635879e-02 -2.092468068581787022e-01 -3.638567556016582272e-02 -2.515284205096081083e-01 -3.015441184437346323e-01 -2.766723915508965126e-01 4.170538209211039904e-01 -4.148170254552992903e-02 -6.750260040133222728e-02 -1.181688615591641595e-01 -2.419201311548298539e-01 -1.882706850550691091e-01 -3.536308094449003292e-01 -3.448575817957904022e-01 -2.187800988942236249e-02 5.195252588966564611e-01 -1.853363740669112525e-01 -3.769855015802161535e-01 -2.747343542563543406e-01 6.394972499679234257e-02 -5.487007569598242318e-01 8.719840088200524197e-02 2.079330577311627459e-01 1.102579102449780836e-02 -4.001569298325569068e-01 -2.328231362669407611e-01 1.101119185450153033e-02 -6.435939000452871317e-02 4.245334648587484327e-02 -2.592294038334377326e-01 -2.777493364047552982e-01 -2.798473782090967199e-01 1.955784715172243227e-01 -3.134423579311709784e-01 -1.714182042966307384e-01 -3.919432036667658270e-02 -5.019904166932027678e-01 -5.208479198764416340e-01 -2.435209418302948237e-01 1.814884546777584817e-01 -4.666823002892789840e-01 8.011684455327232612e-01 5.143317986113198348e-01 2.361355083957713541e-01 -8.547710891465602756e-02 2.041437319430941533e-01 4.076627395089856831e-01 3.283367954548626066e-01 2.104943710615493069e-01 -6.398629206794537172e-02 -1.350251641123624557e-01 -1.024696052099829252e-01 -2.379365628262223864e-01 -2.392610151741738078e-01 -2.871779404586604842e-02 -6.841883364327185080e-02 -2.461377550545070236e-01 1.785814261301598427e-01 -1.134229707337965909e-01 -2.199829144747139920e-01 -1.146620207147744236e-01 -2.042189993375320978e-01 -3.336821344094801911e-01 -2.400675024730247742e-01 -2.472302080248476586e-01 1.808906567765066614e-02 -4.251675744533297413e-02 8.611455135016717055e-02 -4.555991270418578432e-01 4.691360629503746882e-01 1.351832580641413872e-01 -3.973742798905728346e-01 -3.027258909579667590e-01 -6.572396255178200586e-02 -1.946184992293841509e-01 -1.666585900113271013e-01 -4.087261865497049396e-01 -3.681763894279321391e-03 -2.361204512768352026e-01 -4.181797918941119498e-03 -2.502923285208065729e-01 3.704355639414893403e-02 1.997037867502462205e-01 -2.665681617346786214e-01 8.922825106329547451e-02 -2.601012259958051520e-01 -5.897373490554930035e-03 -5.384157554436498350e-01 -2.741765317113731282e-01 3.151297228653406890e-01 -3.852397108243825197e-01
2.326514907090375395e-01 1.000000000000000000e+00 5.788411663912514937e-01 4.230135675502871284e-01 5.197897832256562767e-01 4.115929551031519140e-01 3.490866449045412212e-01 5.950507798138396920e-01 2.045942078823744792e-01 -2.896770656409733968e-01 -6.106156578967427556e-02 1.024393803426187632e-01 -5.928194169049495754e-02 1.252995254831506811e-01 -1.036443565554847762e-01 4.561125153717395242e-01 4.732535122024030816e-01 3.856788266710273749e-01 3.703467327139310927e-01 -1.370702713718589261e-01 6.452250487168131876e-02 1.235554747964289213e-01 2.056013495605949204e-01 2.651899487088220653e-01 6.526405121892351561e-04 4.915088426023513785e-02 -2.729680485935801482e-01 -1.422316192429581572e-01 5.907417559081053898e-03 -7.039382434833110769e-02 -8.632687376572541205e-02 -5.963131004108922217e-02 -5.508432237694053935e-02 -5.886570016711572401e-02 9.794349607924573986e-02 3.018065054512537176e-02 -5.894933175084716981e-02 -2.431127272186102417e-01 -2.461483578032121755e-01 -2.799790313510199247e-01 -2.728539657732461099e-01 -8.754430837169623059e-02 -1.764558563702688931e-01 -1.640472335688903938e-01 -2.525874983863011791e-01 -1.670421876189098209e-01 -9.772316091982082009e-02 -1.790980576851890771e-01 8.370958508229436879e-02 -2.505805080534060925e-01 2.876657040559110756e-01 7.645863263935813725e-01 2.258629149771516631e-01 5.664674309041831668e-01 5.268842077381753475e-01 3.541350520543748992e-01 6.205259260836647472e-01 3.637729325054403495e-01 -2.731171039742389395e-01 -8.728545408954579976e-02 -2.518658349956695228e-02 -4.138639719038035569e-02 -9.562002253821549891e-02 -2.808680118338941541e-03 2.618360306232055401e-01 -1.665038929428145353e-01 -6.713654241539629419e-02 2.700972724702092598e-01 9.450285038687339378e-02 2.025829534757496997e-01 -3.445415826854129199e-02 6.408152210143613914e-02 1.483825721356888949e-01 -3.290168178116164022e-01 2.136015173252171495e-01 2.866533008450725811e-02 1.092552902874768389e-01 8.085844608874589654e-03 -9.564546945817659074e-02 -1.334974009022984465e-01 -2.861012847638528048e-02 -2.896107939875878778e-01 -1.300011548941324147e-01 2.993280795089809376e-01 7.561711264598136584e-02 -6.097904306815802450e-02 4.161960372545148862e-02 -8.994522640409012559e-02 8.680473740235568336e-03 -2.203808262242668292e-01 -2.336070728386705486e-01 -3.153486313755764492e-01 -3.264494832774514910e-01 -1.186047187661921631e-01 -2.039980438672435448e-01 -2.397976120432851466e-01 -2.438509072686131651e-01 -5.373985631578616362e-02 2.112559754467624451e-01 -2.288825505331101295e-01
6.434799575603615818e-01 5.788411663912514937e-01 1.000000000000000000e+00 -8.426843183441118379e-02 1.393055943735023727e-01 6.652922635600726498e-01 3.111971918613022914e-01 4.990084919003860975e-01 4.025452028228269641e-01 -3.291627728631241895e-02 -1.443926417805356695e-02 1.000235887477120833e-01 -1.687126358984326890e-01 -1.430832776988053279e-01 -1.935572637588767742e-01 3.663267639603502435e-01 2.848727474259926673e-01 1.829340026359378146e-01 1.705737077750484887e-01 -2.947372270753478851e-01 -8.324102604336937328e-02 -3.319321491951261055e-02 -8.820135437588819127e-02 2.444624023191245277e-01 3.588018056631363528e-01 5.989606562359141295e-02 -3.157058806917195093e-01 -1.011884154791660717e-01 8.301219306531799902e-02 -3.294479362042734838e-01 1.513472411521870047e-03 5.465528815697393711e-02 -1.320024369470064463e-01 -2.220743945886053394e-01 -2.043600762121193862e-02 1.108102709368309347e-01 -2.297447757985688309e-03 -9.734544153714172476e-02 -2.524406611487098884e-01 -2.830681774753143198e-01 -2.251494758749391645e-01 1.263025218487087153e-01 -1.727336170665006165e-01 -8.268926090184755551e-02 -1.118936885879134452e-01 -3.259199226783198178e-01 -3.019999215947190563e-01 -3.078321727078983661e-01 2.889293406280027399e-01 -3.929264538427530429e-01 5.077628333036341424e-01 7.654474499230463636e-01 1.387714342135134837e-01 7.924394643233888258e-02 6.006685604686481383e-01 6.891316186500089369e-01 5.582396149053057144e-01 4.006989669444369073e-01 -8.875081726279090977e-02 6.521553580467252809e-02 -8.131263522797245458e-02 -1.834090784883747327e-01 -1.676309212242454993e-01 2.224486605828657204e-02 1.117985830100853561e-01 -2.277638668641199515e-01 1.047802308127931264e-01 1.464728119064319378e-01 -3.265253731212626465e-02 4.521258889617119775e-02 -1.391221920335116990e-01 -8.594952213859805012e-02 -4.301113742557506614e-02 -3.000044282827145081e-01 2.360647691872926890e-01 1.262004512652109001e-01 1.517665970890390015e-01 -2.461585496798645856e-01 1.579961658393909951e-01 -7.056015862025367957e-02 -2.344759122535759466e-01 -2.973255026748569119e-01 -6.463857588980000124e-02 1.347154349883983027e-01 -2.236883009852896551e-02 -2.520495810342108789e-01 8.276262246189350358e-02 -1.193507872448757723e-01 2.360144360682179220e-03 -2.798869182786516974e-01 -1.966001533529913026e-01 -9.892722420751040580e-02 -2.956363059968697971e-01 1.182261860360703659e-01 -1.711254442170135615e-01 -6.782003019577685643e-02 -4.143634710739570459e-01 -1.939393912358532979e-01 3.746142575556140053e-01 -3.326611031843848543e-01
-1.636632694286832279e-01 4.230135675502871284e-01 -8.426843183441118379e-02 1.000000000000000000e+00 5.553753552001537974e-01 -1.555286145108049634e-01 1.634066886448420630e-01 1.404208317360443603e-01 -2.269559979401325200e-01 -3.098772715722556970e-01 -2.945546230233095364e-01 -1.357106161754889906e-01 -6.431564727049172980e-02 1.708361551858008642e-01 -4.690431744805585723e-02 2.931063218088055811e-01 9.106193600974192559e-02 1.432751848085397350e-01 1.815056998153628531e-01 9.745019397968238128e-02 4.971951696170733015e-02 -1.358958727863346094e-01 1.998772573260771401e-01 -9.754757486005560807e-02 -1.899218209601190310e-01 -1.505757686785028915e-01 3.448008843858445943e-02 -7.553485158418404843e-02 -2.215267141206841428e-01 1.296088416099973051e-01 -2.587348623708884618e-02 4.869496199065599662e-02 1.750117418968032967e-01 -4.850672944782660756e-02 -1.617021660468679067e-01 -3.500264299787331779e-01 -3.026254851887846820e-01 -5.886358252279002765e-03 2.787448087031689503e-02 2.829243353494326641e-03 -1.632929524955710754e-01 -8.246373296309515710e-02 -1.218079976852668583e-01 -1.967637839349158091e-01 -1.139554198020470838e-01 8.244064899491011789e-02 6.238236138051254237e-02 3.497842045926443516e-02 -3.574381127642072276e-01 -4.039814155446443122e-02 -3.512398439207984561e-03 5.606234853279126740e-02 3.717906494419949692e-01 7.948125350014050294e-01 3.224593668326708462e-02 -1.527820677059517074e-01 1.260894834294129796e-01 -1.284667286767597442e-02 -2.427635510228940696e-01 -1.962319303651781088e-01 1.771221378564947352e-02 -1.206747294220977818e-02 -1.136174211692906645e-02 -2.328621144209314792e-02 5.705663260343542265e-02 -5.273071379806314879e-02 -1.197118073147798896e-02 5.117492004227041508e-02 -5.657031747648236242e-02 -5.556579076727858474e-02 9.059026428482561469e-03 -8.289360830040282124e-02 7.564113485942226822e-02 -4.165846095330445753e-02 -1.489037086901047746e-01 -1.997873629894244829e-01 6.977011449120295618e-03 1.694043757456729082e-01 -5.936055818124282707e-02 1.101235364679215845e-01 1.345968911738523906e-02 -2.572660991255972252e-01 -2.052432717639813831e-01 -1.162129377721676099e-01 -8.139048654256343662e-02 3.278758304402294016e-02 -2.028333646106608434e-01 -1.654646289034782114e-01 -1.976871113647444556e-01 -1.385875030374134065e-01 5.329699515296037332e-02 -1.263661093334734198e-01 -5.449327208765174235e-02 -1.888393373405115594e-01 -2.459900759305828910e-01 -2.702697329108273983e-01 6.733812086048642648e-03 -3.022387280040440133e-02 -1.944575872502833369e-01 -1.740450967283838357e-01
-7.554878345277271645e-02 5.197897832256562767e-01 1.393055943735023727e-01 5.553753552001537974e-01 1.000000000000000000e+00 1.960478752246907208e-01 1.695848730195214926e-01 4.365617893462264698e-01 2.693599232772141416e-01 -2.065430881235414129e-01 -1.158286190160585649e-01 2.967361434524118380e-02 5.330967768588459887e-02 4.061381921339279333e-01 1.955248250532611587e-01 2.043044395739538888e-01 2.473347391339749402e-01 2.986134343865047280e-01 3.232318858341339252e-01 2.808983502513248132e-01 3.011495000322974014e-01 -1.272206986095797687e-01 2.387735319767723408e-01 9.465633803534211077e-02 -1.987151861569969036e-01 -1.548573673556263020e-01 -9.576823567184773039e-03 -6.802092058487396731e-02 1.599009624316538591e-02 1.398078985522654138e-01 -1.252974519826292321e-01 -2.325429772069749212e-01 4.121715787034959527e-02 -1.229346025461385272e-01 -1.311660061073009198e-01 -7.307513654957507876e-02 -1.835357672784827532e-01 -3.658740230371166913e-01 -2.540416214980766307e-01 -2.907840775610430750e-01 -4.000444922884308085e-01 -2.910628399122880405e-01 -3.013978524027461914e-01 -2.753888747430893180e-01 -2.232594817680105814e-01 -9.282657807691065133e-02 -4.976390103682741539e-02 4.839568661804813376e-02 1.701073358963387655e-02 -1.252395391640633293e-01 -2.628483349676857816e-02 3.847943571565897170e-01 2.668508921736780226e-01 6.254075224844466430e-01 4.214751530343461283e-01 1.425180132059328530e-01 3.312951613586594957e-01 4.292635225792317821e-01 -1.180183820098683334e-01 -7.582675563182392220e-02 7.596027143123389169e-02 5.455204516792075409e-02 7.344173307688778296e-02 1.905051211867298533e-01 3.190614376971113719e-01 2.139925785241703349e-01 -2.835386554598348652e-01 1.439618294508691332e-01 -3.177870045011062933e-02 5.934423485288152500e-02 2.825090464652360578e-01 -1.782060049383873968e-01 2.441010653603403746e-01 -3.089962028806042538e-01 1.243389947882547614e-01 -1.082234498206409018e-01 2.584496695051821669e-01 1.755544588515461635e-01 -2.111187449967356078e-01 -2.153290398910291670e-01 -1.810323671872824669e-01 -5.123367176696259628e-01 -1.813784340864355027e-01 7.101864542366791155e-02 9.335681184752561701e-02 -1.876926369266332661e-01 -1.508589382068415419e-01 -1.425834612882326824e-01 2.556046262924402748e-02 -3.805381916375546458e-01 -1.874429343526331782e-01 -4.148408429770475414e-01 -2.769862742864345750e-01 -4.002424795747033803e-01 -4.359515650189874081e-01 -3.843257249295884970e-01 -1.259889838735580303e-01 6.171060318011523105e-02 1.672153342808902765e-01 -1.885404458746219591e-01
3.011221972851556017e-01 4.115929551031519140e-01 6.652922635600726498e-01 -1.555286145108049634e-01 1.960478752246907208e-01 1.000000000000000000e+00 2.926501451569334389e-01 3.432263319772336230e-01 6.749413057166937513e-01 1.495343020140259271e-01 2.032502538886586108e-01 1.958149776848617241e-01 5.809547857809378713e-02 1.817568803471641264e-02 1.297161515538508281e-01 6.007637027446034728e-02 1.850869241185251202e-01 9.286078003736769615e-02 1.287318406898758094e-01 -1.167434471750994351e-01 -6.271418658879372721e-02 1.480583710837793110e-01 1.439518463341332363e-02 2.170584942544525608e-01 1.391822276049247964e-01 9.500592372798603857e-02 2.241169623424283872e-02 1.570379523811737121e-01 1.511772404287738125e-01 2.246814277101275709e-02 -1.407025715344627503e-01 -2.851156246560230256e-01 -2.007910637793568764e-01 -1.384541024389704944e-01 1.884808072076439023e-01 3.506592953092446119e-01 1.557712909505177268e-01 -1.481656029507270045e-01 -5.286061566386694721e-02 -4.188479971920841538e-02 -2.605254295136514783e-02 1.669222898462526528e-01 2.495483452014607764e-02 3.107673955406828684e-02 -1.154435897023946278e-01 -3.357397629727106730e-02 1.557504459749087591e-02 -1.864850190703934985e-01 5.340270466715066888e-01 -9.685444695402496695e-02 1.631219962687157354e-01 5.646598573457177750e-01 -1.599519040107590410e-03 3.173657368886038943e-02 8.042233102286909796e-01 8.397604364219837247e-01 3.280883597909101113e-01 3.882156571955010516e-01 1.339713589674792482e-01 1.833823341477543722e-01 1.854218905531011471e-02 2.060166264459830504e-02 1.773964847878057305e-01 1.576376565479175873e-01 5.265442060833788046e-02 3.371238607115035341e-02 1.330040417425155663e-01 5.146087786731785851e-02 -1.965602320820318549e-02 -9.926665975956996089e-04 -4.972403444092699659e-02 1.487152621611340653e-01 -5.387640317923225730e-02 -4.544685440612122873e-02 2.101788421547857166e-01 1.243355879955188176e-01 1.272169005181968959e-01 -1.301134331061562163e-02 -2.833876972825350934e-02 -3.037990111415169170e-01 -8.505676915665252857e-02 -1.942684551392254710e-01 3.316908083849327837e-02 1.699501642042075544e-01 9.956500669111828516e-02 2.554409892738918053e-02 1.967873040185840472e-01 7.094704024678077925e-02 1.813443215676958098e-01 -9.446784231030302958e-02 -2.184204293142717745e-01 -1.280283678450613860e-01 -1.084380031285237835e-02 1.080341822653811124e-01 5.828349517094491561e-02 1.819621871963452223e-02 -1.165858511736711373e-01 -4.458371545261892444e-02 5.601506244507105103e-01 -9.619462484506226263e-02
1.784101580023817468e-01 3.490866449045412212e-01 3.111971918613022914e-01 1.634066886448420630e-01 1.695848730195214926e-01 2.926501451569334389e-01 1.000000000000000000e+00 3.921905467560780623e-01 3.618925640968195800e-01 -1.466252175980408690e-01 -1.757010664753000939e-01 -1.291037657157880769e-01 -3.152665281334317560e-01 -1.486929184833514217e-01 -2.336163676159261071e-01 5.232498641006599893e-01 2.087300712187335483e-01 2.452426143587747853e-01 1.973041585189952707e-01 3.165130655273964283e-02 -5.162329903287684457e-02 9.860585368492649772e-02 1.450662596619952671e-01 2.511105604834741323e-01 1.166406101562779060e-02 -1.293491609580720569e-01 -2.137164843948601012e-01 -2.521528274810754811e-01 -3.168858037899537072e-02 -2.915522209002757159e-01 -2.493372179160260188e-02 4.454675516129021073e-02 2.861919621477249445e-02 -5.577644177771423628e-02 8.753890740942896209e-02 4.001409156789983296e-02 -2.096382199877185881e-01 6.471043116429381001e-03 -7.529942353922068621e-02 -2.169168115357929943e-02 6.498056223982864865e-02 -9.371833022323994289e-02 -1.002033049745629373e-01 -2.310323854988891035e-01 -9.872126992687145497e-02 -1.153520534795288155e-01 -1.394840730004219542e-01 5.144502614833481452e-02 1.828714485036462833e-01 -7.459747423825652257e-02 1.897878867610316156e-01 3.660398134821353233e-01 5.326441351740538455e-01 1.100624294368220957e-01 2.299388106725343550e-01 3.114090595761244695e-01 3.457635142510630533e-01 3.412625602674990710e-01 -1.994048162923710010e-01 -1.230005503717543913e-01 -2.349207978897481508e-01 -2.654655824203613346e-01 -2.951581535745660956e-01 -1.206320965754457547e-01 3.714525332643667938e-02 -2.649596746678516967e-01 4.776156940784772043e-01 1.244360187992779067e-02 -1.734918730417728261e-01 -1.312577058673511377e-02 -6.157076214171736811e-02 -1.000720077320465806e-01 2.300348043997134037e-02 7.777578139286897563e-02 8.508803815240228996e-02 -1.629520148239845534e-01 2.789861458635160829e-02 -2.556149276516097579e-01 -7.581505367159967201e-02 -3.069180703648402217e-02 -1.552100695862984048e-01 -2.643756574198066200e-01 -2.216914296700261688e-01 1.466560036077162177e-01 -1.124934447965150186e-01 -1.172793371144001673e-01 -1.233497547904640057e-01 -2.682784366454202263e-01 8.982293819854043904e-02 3.704737635681348840e-02 -1.212843261309541065e-01 3.756004373278416797e-02 -7.699933293396832301e-02 -4.417284436554569892e-03 -7.256779881092437212e-02 -1.427060404181668407e-01 -1.405722298812846216e-01 -8.022782945083842265e-02 1.626161919710591153e-01 -5.331493830201260858e-02
2.248523561805595428e-01 5.950507798138396920e-01 4.990084919003860975e-01 1.404208317360443603e-01 4.365617893462264698e-01 3.432263319772336230e-01 3.921905467560780623e-01 1.000000000000000000e+00 4.935745427201175262e-01 -4.738672575881691107e-01 -2.382335153059786381e-01 -1.189473321109698750e-01 -3.770286189977557489e-01 9.118252379608965397e-02 -1.485505861699388808e-01 5.866863328885248974e-01 5.467517573404645503e-01 7.634074898938363329e-01 5.787051293989687872e-01 1.255800438708587485e-01 3.899900786688613730e-01 1.215927164622706835e-01 2.977427309942272671e-01 3.660236977424008997e-01 -5.009939459110215876e-02 4.676242122435405289e-03 -2.652995289096575227e-01 -3.224156253837806574e-01 9.164929779198843773e-02 -2.875135629766319423e-01 -4.300346508506498744e-02 -3.390786357637823323e-02 -3.968150948329779437e-02 1.624726909823911158e-01 1.564987260783674006e-01 1.861908814489644515e-01 -9.466762222608336719e-02 -3.711827177121204691e-01 -4.566936924556665445e-01 -5.486440179864204847e-01 -4.192499396295232827e-01 -2.866609120670446931e-01 -3.536526505550622868e-01 -3.583455066082796847e-01 -1.777157115738480231e-01 -4.143695716502767690e-01 -2.679750582046220297e-01 -2.075788470425625129e-02 1.596283504121279451e-01 -3.688801489211613882e-01 2.532924917079336646e-01 6.496793296625537062e-01 3.796694554153855483e-01 2.012820216651635408e-01 4.504891133384670843e-01 3.618989824760045493e-01 8.654986598016101151e-01 7.931873235529252053e-01 -4.752892196556396387e-01 -2.179518815664641951e-01 -3.744332203768335754e-01 -3.655018009627507003e-01 -4.513152348419386950e-01 3.028320169097753825e-02 5.691951717880695538e-01 -1.207016697743367589e-01 -1.631880875344286497e-01 5.065372793538115426e-01 2.573830283953355558e-01 5.242872193471279640e-01 2.528419287978985186e-01 1.849003631931643620e-03 4.245830445147886767e-01 -5.812039792651996217e-01 3.656160283075695627e-01 3.085694897980124918e-02 2.754842164743496191e-01 -1.499251642207704849e-01 -1.455534038740545211e-01 -2.117966827795279006e-01 -1.552238669524376447e-01 -3.502522430797259667e-01 -8.138476279808265490e-02 4.605142913617880085e-01 2.565529018576339082e-01 -2.530833362951298016e-01 -3.111718262109755204e-02 -1.548656673000744499e-01 1.440338189572107908e-01 -4.505246401677533430e-01 -3.314031346798322897e-01 -4.270365371860944115e-01 -5.468275133518665232e-01 -3.018770748870192033e-01 -3.971310694102933581e-01 -3.853038271774766876e-01 -4.156093558692796064e-01 2.417147910764037497e-02 2.174541701617971334e-01 -3.188284738767291349e-01
1.855128292233695075e-01 2.045942078823744792e-01 4.025452028228269641e-01 -2.269559979401325200e-01 2.693599232772141416e-01 6.749413057166937513e-01 3.618925640968195800e-01 4.935745427201175262e-01 1.000000000000000000e+00 4.061479123141890218e-02 7.473870121126872934e-02 5.492585868050446629e-02 -7.259190515276911504e-02 4.470802480386633360e-02 1.881663685075527781e-01 1.472073642138362892e-01 1.662710460405484314e-01 2.899383443518787074e-01 1.914933865343645958e-01 2.322702933186445162e-01 1.927805064439787885e-01 1.321390012640481781e-01 8.059342059962630589e-02 2.326868219723401965e-01 -4.853494091098857488e-02 -4.452009811429037678e-02 -2.480933070105535709e-02 -5.046341218601205214e-02 2.970860275993620347e-01 -6.864871287981451353e-02 -2.743903202680837358e-02 -2.732636038938462408e-01 -1.040211076854559435e-01 -4.514864821760366381e-02 2.225567989409777958e-01 4.835209700098185293e-01 1.682051876134862400e-01 -2.312797261956525408e-01 -1.679113750264788207e-01 -1.600723705397950059e-01 -1.102156345179637204e-01 -7.735146422833155677e-02 -1.137673599306287531e-01 -1.604263360155104290e-01 -1.280005032680780475e-01 -1.494432697016881140e-01 -8.740290073279113892e-02 -2.834625848173335291e-03 5.330671065979547540e-01 -7.328656195132096651e-02 1.047785461859289252e-01 4.288280444994653218e-01 1.639123973908842569e-01 -8.657349349737225586e-02 6.600756541802432764e-01 6.496752882616773084e-01 3.919367125064290858e-01 6.692239279550394881e-01 3.235041395385288010e-02 5.986382860275196033e-02 -1.350739022794920086e-01 -8.320032948564234920e-02 1.558748912849996539e-02 1.899479550812313844e-01 2.222931548478312147e-01 1.434805323275137878e-01 9.902412883444258740e-02 1.019997927870030657e-01 -1.458761454164787981e-02 1.649389477957426964e-01 1.991764579271215752e-01 1.140692521208249571e-01 1.038854401200033362e-01 -9.470699115127641232e-02 2.460912708142941052e-01 1.382504976487330776e-02 2.613251006753700145e-01 -6.536879018965074950e-02 -1.304142679312594588e-01 -3.343852422114844680e-01 -2.284055329307765614e-01 -2.429292114369824285e-01 -9.593565608609126716e-02 2.208055303220552990e-01 1.803810091407971883e-01 -7.267417687115883262e-02 2.017796570036510528e-01 -3.936351440995066245e-03 3.873907019441724109e-01 -1.688626606698291066e-01 -1.857754113245651539e-01 -2.347231088730065973e-01 -1.015325639065351587e-01 -6.308585853065917792e-02 -6.717384675277510153e-02 -1.267595921153248928e-01 -1.402915827738276389e-01 8.036920192417947029e-02 5.898294979562527240e-01 -6.757645061933247044e-02
1.562323263227635879e-02 -2.896770656409733968e-01 -3.291627728631241895e-02 -3.098772715722556970e-01 -2.065430881235414129e-01 1.495343020140259271e-01 -1.466252175980408690e-01 -4.738672575881691107e-01 4.061479123141890218e-02 1.000000000000000000e+00 4.758049659899601935e-01 5.225400986350254851e-01 3.157016869546254711e-01 -4.325496481823377232e-02 1.625549994264106346e-01 -4.494218677982230181e-01 -2.713373056151218154e-01 -5.801420505005644435e-01 -4.055562634260386767e-01 -1.958452087192744107e-01 -3.817095371046056451e-01 -8.795638766301221156e-02 -4.107723377076593074e-01 -3.715487261671664154e-02 4.122764879094653057e-01 1.381912128333143419e-01 3.890197258928604351e-02 3.812259486300691447e-01 -5.718782297346852034e-02 1.069928437382878100e-01 -7.900423631706159772e-03 -1.216175281316055068e-01 -2.103614719619282258e-01 -4.086327553356630671e-01 -1.789548522456819168e-01 -3.296156513690737949e-02 1.383039694692734245e-01 2.806163023099990106e-01 3.347974155913037153e-01 4.068714705815176247e-01 1.817911208266324852e-01 3.652498680669882813e-01 2.633877860218383216e-01 3.819715572340687260e-01 3.137075379390955737e-02 1.791973043230049578e-01 -4.402305592396298789e-02 -2.415950431605567994e-01 1.115421557247365247e-01 2.625497233709766509e-01 -9.030655479498790605e-02 -2.111485407525540425e-01 -3.625771837605359926e-01 -2.387786151711447646e-01 6.399134935343452069e-02 7.066290635328896508e-02 -4.727007187511202968e-01 -2.848152822467571177e-01 8.669363247400176942e-01 4.414010967129572416e-01 5.675724585678360024e-01 2.449717990170322823e-01 4.230048462326294612e-01 1.099173859522693114e-01 -3.866006419914685965e-01 8.557370415117776519e-02 1.944926030653173765e-01 -4.067650930813736521e-01 -3.289409801335145822e-01 -5.071822643730530267e-01 -2.990805723528409676e-01 -9.436941206256356518e-02 -4.725228598502679289e-01 4.888176899179465518e-01 2.857870525537253154e-02 2.404640771014019129e-01 -1.076854414252782222e-01 1.065108054953839423e-01 1.504524159528462524e-01 -1.801351920620861483e-02 -6.656666635980398872e-02 -1.008702408292383446e-02 -9.687943604024633337e-03 -2.632147549598713998e-01 -1.691527505270604415e-01 -8.248685992707756320e-02 1.333426660154199694e-01 1.601017097872783068e-01 -1.054393755527810866e-01 2.016895408321206784e-01 1.803748471233979356e-01 3.857134349040407528e-01 4.976878851576551632e-01 4.500406005472597504e-01 3.762093353208997848e-01 4.230380143367795664e-01 1.721085628305569493e-01 -1.868874070858718428e-01 8.128838012461349349e-02 2.249962690495557749e-01
-2.092468068581787022e-01 -6.106156578967427556e-02 -1.443926417805356695e-02 -2.945546230233095364e-01 -1.158286190160585649e-01 2.032502538886586108e-01 -1.757010664753000939e-01 -2.382335153059786381e-01 7.473870121126872934e-02 4.758049659899601935e-01 1.000000000000000000e+00 6.888386466391070995e-01 4.677133436399240618e-01 1.907106834875870738e-01 3.752575351504900403e-01 -5.193586367182376762e-01 1.082647249009683482e-02 -2.758587654859804839e-01 -1.646882892332965087e-01 -1.708588653304831118e-01 -1.454681555061454190e-01 2.137437332470073226e-01 -5.844080695596350072e-02 2.608116496437685172e-01 1.892288603042787398e-01 5.923177365821269413e-01 1.176162054115261479e-01 5.102510686703625176e-01 1.675344805021759809e-01 3.334192391696378932e-01 -1.433096392830360555e-01 -3.668450538404570693e-01 -3.113622120687499217e-01 -9.207762568462753150e-02 1.034607794086302573e-01 1.951198384124083751e-01 2.255442679876700773e-01 -2.211350096143284982e-01 -6.238178276836141983e-02 5.633361989015205767e-02 8.932467575640348767e-02 1.111190572806149308e-02 1.851456751432904724e-01 3.465162914401053729e-01 -1.163793712313494905e-01 1.293447867763679038e-01 1.213149600964603392e-01 -1.138090632606043595e-01 2.569941531865032602e-01 1.412378996226212324e-01 -3.563397463083816663e-01 -2.231194054419596493e-02 -5.427470123672931690e-01 -1.972354564626783713e-01 1.745719313757359004e-01 8.054181239502249123e-02 -2.397667627269593760e-01 -1.596842747005697005e-01 5.577026483696494452e-01 7.331342034171681732e-01 5.941865577268449217e-01 4.365639276492055965e-01 4.165362302096128899e-01 1.226361061263844948e-01 -1.778295156890043471e-01 2.546265073540954216e-01 -1.659367808286942303e-01 -1.491974072720757272e-01 -6.210173791448144603e-02 -1.863118259767919116e-01 -8.388008878090212617e-02 1.082481552670099961e-01 -1.140882333081126854e-01 1.659885219329256811e-01 2.780844377969546866e-01 6.068286319108430193e-01 -3.595470116274704364e-02 3.823222418465045402e-01 -3.089127062792536571e-01 -3.301755239753042526e-01 1.766247545930230978e-01 9.165912988699584374e-02 1.021086622335868888e-01 1.317176991636646310e-01 1.159205041183858365e-01 5.950827054649348441e-02 2.012529545085067484e-01 4.316840803126212878e-01 7.917758920474533835e-02 2.145887005221027988e-01 -1.373695248072759612e-01 -1.140873396097453057e-01 8.112754683767557651e-02 1.690160153161929801e-01 3.368357417551601229e-01 2.555983539271821647e-01 2.286230971365340037e-01 7.482603208022947650e-02 1.648271682448841924e-01 2.901331338147256078e-01
-3.638567556016582272e-02 1.024393803426187632e-01 1.000235887477120833e-01 -1.357106161754889906e-01 2.967361434524118380e-02 1.958149776848617241e-01 -1.291037657157880769e-01 -1.189473321109698750e-01 5.492585868050446629e-02 5.225400986350254851e-01 6.888386466391070995e-01 1.000000000000000000e+00 3.775791287702035537e-01 3.063810555773703870e-01 3.932826838993181973e-01 -3.774307766270701414e-01 1.999824141481430784e-01 -2.256847250364259760e-01 7.944541876111894246e-03 -1.874593973622011023e-01 -6.466972968711637293e-02 1.159075899552312744e-01 -1.185901368938278508e-02 3.411047216803124171e-01 2.751276030917211846e-01 5.366600859877848073e-01 1.514862296911230997e-02 4.599074607653192981e-01 1.606213497910560228e-01 2.979362771059417270e-01 -1.766614007556815413e-01 -3.739424432614020244e-01 -2.644545192568244496e-01 -1.859721280166653778e-01 2.946657247503272486e-02 1.243223956753121556e-01 2.220656307162097165e-01 -2.471018859154822667e-01 -7.880633515467619366e-02 7.115857040741239113e-03 -3.428467915346346956e-02 3.848834044466426657e-02 1.032813948971933043e-01 3.374482047264879547e-01 -1.504514994331122568e-01 6.083948621149606190e-02 5.202694477033854153e-02 -1.865278846001535984e-01 2.193698088623512177e-01 5.247616277064808682e-02 -1.905541795266537108e-01 1.125407462820108562e-01 -4.716923629934551832e-01 -2.155875207498423804e-02 2.255574801719809064e-01 1.260874500930118103e-01 -1.394987655531529647e-01 -9.037581520958784531e-02 6.120676000765539193e-01 6.639277237683145483e-01 7.629678208532760797e-01 3.284472599887731659e-01 3.793853414256754819e-01 2.802737115163537740e-01 -9.498113002913142686e-03 2.936509865381093376e-01 -1.923287201926436041e-01 -7.556965105890993406e-02 -1.480805038867098744e-01 -2.439669850302101650e-01 -3.030186936017462487e-02 -2.575143413955743605e-03 -7.947629302750643110e-02 2.590155811382110693e-02 4.473709373110338894e-01 5.731089513347806808e-01 1.742504940226982657e-01 4.288826301170100552e-01 -2.522292896080399749e-01 -3.278855986733960060e-01 4.439695211579948453e-02 -6.062854335278047152e-02 -4.268915213071978326e-02 4.718084458662863412e-02 7.723221039030976620e-02 -8.746182003450787834e-02 2.284762173980133260e-01 3.395934839595698973e-01 -3.800425813388597085e-02 4.762862654768375281e-02 -1.167048657293852515e-01 -1.137378102571766636e-01 2.620759336682500565e-02 1.588287270983131938e-01 2.160933735982913106e-01 3.077088868058218130e-01 1.210255665435573946e-01 -3.405115277076182362e-02 1.881687692318868566e-01 1.500947772161997928e-01
-2.515284205096081083e-01 -5.928194169049495754e-02 -1.687126358984326890e-01 -6.431564727049172980e-02 5.330967768588459887e-02 5.809547857809378713e-02 -3.152665281334317560e-01 -3.770286189977557489e-01 -7.259190515276911504e-02 3.157016869546254711e-01 4.677133436399240618e-01 3.775791287702035537e-01 1.000000000000000000e+00 3.032511928014667846e-01 2.812097493112713509e-01 -5.605717874299873671e-01 -1.927263955104714099e-01 -3.691057104678551748e-01 -2.601685482872405086e-01 -9.702383378056676777e-02 -1.667709607629316859e-01 1.671422217509314079e-01 -1.348573169187414211e-01 -1.336735185771076306e-01 -3.240959021262747319e-02 2.016767675468115473e-01 1.811667589607677820e-01 3.899806594701255014e-01 -6.199060080121217980e-02 4.808400428408215466e-01 -1.471852776388461181e-01 -2.754443738612096237e-01 -1.538553476244036156e-01 -8.909637644179253801e-02 1.056469609776687080e-01 2.667127430419355058e-02 1.063444066596572618e-01 -1.336459719435422189e-01 1.118054927670327769e-01 2.434569121514017775e-01 1.094456078329818505e-01 1.412702766532827501e-03 3.090079106572538592e-01 1.357704343879836961e-01 -9.258493871271382403e-02 3.011944772972872109e-01 2.831898414612399884e-01 -1.357423967056891334e-01 9.192288454968912392e-02 1.896913424404801096e-01 -3.322156205306971422e-01 -1.235396424059482523e-01 -4.522263047668342861e-01 6.035578071883869467e-02 4.753045547637518159e-02 7.965325462199437240e-03 -3.912412763014347372e-01 -2.639442183758835547e-01 3.750432958221827651e-01 3.785232855152841358e-01 5.915897953702068390e-01 8.662910613561406459e-01 7.411609602294086940e-01 -9.180023033615650890e-03 -2.840868152037246963e-01 2.117521005417332125e-01 -2.224602719666873285e-01 -2.069411253628640757e-01 -8.210255760070191144e-02 -1.749029318518648957e-01 -8.608186701689458931e-02 1.590579985818465769e-01 -2.180176075814221626e-01 2.475942256856423773e-01 -9.512888093506466358e-02 2.135858854708173604e-01 -1.464059343970933180e-01 3.314312102042632491e-01 -2.136242762092513403e-01 -2.026896559705790302e-01 1.781260655336895649e-01 1.815097884154325270e-01 1.475315963452879242e-01 -4.913436997926706046e-02 -8.026625277020987825e-02 2.227712425817711395e-01 1.164859652008677360e-01 2.736513915423059440e-01 8.528242426075102181e-04 1.639822762451719484e-01 8.103553930694390450e-02 -1.316172493298916057e-01 1.796409378766138654e-01 -3.989354406609062903e-02 3.198875829389657421e-01 8.589394500735127169e-02 3.154352560220813895e-01 2.404915870998997757e-02 1.227685857374043871e-01 2.077792381167113955e-01
-3.015441184437346323e-01 1.252995254831506811e-01 -1.430832776988053279e-01 1.708361551858008642e-01 4.061381921339279333e-01 1.817568803471641264e-02 -1.486929184833514217e-01 9.118252379608965397e-02 4.470802480386633360e-02 -4.325496481823377232e-02 1.907106834875870738e-01 3.063810555773703870e-01 3.032511928014667846e-01 1.000000000000000000e+00 5.113613358924116170e-01 -1.650975881487982966e-01 2.748757194889649424e-01 1.743778892627075583e-01 4.168622190366256808e-01 2.060355157880065236e-01 4.643727882309827693e-01 1.088727780350889213e-01 4.510396897947462902e-01 1.427114411078166667e-01 -1.409960356013351679e-01 1.132727768117496175e-01 1.447479542275623421e-01 1.593876103759864771e-01 2.151625196908814319e-01 4.675873809224983524e-01 -2.071907671138194795e-01 -3.199249714685586388e-01 -3.615167827277128171e-04 1.170659204601496167e-01 1.221936038825277709e-01 -3.606830250960247047e-03 8.324329428918787743e-03 -4.376547925730459032e-01 -2.449785038793486913e-01 -2.389756879722760019e-01 -2.762809462737121358e-01 -3.779656205471709773e-01 -1.806672291378546291e-01 -1.097624646863495923e-01 -2.002459213826655038e-01 8.077632773773762986e-02 2.356763748798304803e-01 1.911861136238587888e-01 6.580362772676141836e-02 -1.505967753801454659e-02 -3.368156173382684249e-01 6.733489232913160427e-02 -8.824877159484904865e-02 2.341279789664526267e-01 1.344342753687059744e-01 1.806724690137283913e-03 -8.060116354787085977e-03 1.159643430137272113e-01 4.327933748078188064e-02 2.327721875623767478e-01 3.075345510349817291e-01 2.361400209701621788e-01 3.297975001715334753e-01 3.511458152051016857e-01 4.119263872943618177e-01 5.300051114303706568e-01 -4.802365128611964518e-01 1.843287950129119113e-01 1.103504244200271683e-01 1.110276878753247293e-01 4.286037082130492726e-01 1.227135975724535782e-01 4.162826580157218959e-01 -2.343054727329526021e-01 2.376868417668606404e-01 1.886720232734040992e-01 3.296912464010123278e-01 4.845012139732202128e-01 -4.164412497911428312e-01 -2.642481290013178885e-01 7.891357490230321847e-02 -1.882621980523730698e-01 -5.944591241355533934e-02 1.910709178038273448e-01 2.618020249655365617e-01 1.185963447986899261e-01 1.439433737483485076e-02 1.361719530368460662e-01 4.640810845792573552e-02 -1.680385238437765716e-01 -1.050784246368705044e-01 -4.207180446811339403e-01 -1.906179882498255651e-01 -4.185774953976945101e-01 -1.812979725037213441e-01 -2.269604096260073034e-01 1.066243451638346218e-01 2.817539209951560042e-01 1.146039289261416572e-01 1.563440814050729571e-02
-2.766723915508965126e-01 -1.036443565554847762e-01 -1.935572637588767742e-01 -4.690431744805585723e-02 1.955248250532611587e-01 1.297161515538508281e-01 -2.336163676159261071e-01 -1.485505861699388808e-01 1.881663685075527781e-01 1.625549994264106346e-01 3.752575351504900403e-01 3.932826838993181973e-01 2.812097493112713509e-01 5.113613358924116170e-01 1.000000000000000000e+00 -4.516255733168818010e-01 -7.481677151033652717e-02 -5.261512056958166095e-02 -2.460258661626331736e-02 3.755839540157467904e-01 4.485395214504641626e-01 -1.225901323513640733e-03 4.442344383786173689e-01 1.884542557573360977e-01 -1.785662903752259500e-01 1.985764685770531057e-01 4.023484482454490196e-01 3.969282967357859460e-01 5.711400114471455458e-01 5.910670883885047466e-01 -1.662234058111772550e-01 -4.179908515480300069e-01 -2.438859048094692977e-02 4.113838173628540235e-02 1.142650529819553007e-01 3.447021536556162946e-01 3.729138227053210297e-01 -5.096095306404461178e-01 -1.898895534557973608e-01 -1.146861423854259460e-01 -1.134100357570971968e-01 -2.570859503433287063e-01 -1.582729733149963736e-01 1.994636194943835705e-01 -1.468463808668566684e-01 1.692883289332937913e-01 4.024956703129972668e-01 3.668026177068866023e-01 2.652542538979012487e-01 5.535002822763909758e-02 -4.223322578926513859e-01 -7.795193623893034718e-02 -2.949838927184480486e-01 8.356815038741835511e-02 1.674764948522674823e-01 7.424407453158689274e-02 -2.062790298764933805e-01 -9.297332383787454239e-04 2.658519823924990200e-01 3.903072734399732902e-01 4.210759015517813730e-01 3.209318746109994236e-01 5.150672578220869546e-01 3.658855262521328311e-01 2.442813000464538753e-01 8.681899179079395346e-01 -3.389593937515514854e-01 -1.307584869148430973e-01 -2.231412680382404215e-02 7.180179558244874014e-03 5.660287620908822648e-01 2.038676281209814145e-01 3.900655817475576215e-01 7.281792049251538217e-03 2.800905821735364953e-01 2.819293366666723588e-01 4.727775256722402952e-01 6.685761444224721517e-01 -3.480340752612078870e-01 -2.971285915297871005e-01 1.574656291819856724e-01 -3.107754619068504170e-02 -5.502200573838654518e-02 5.329336528139583945e-02 3.646097857373200024e-01 3.211632296864226910e-01 3.105142926963540551e-01 4.608908780446006603e-01 2.975480106629277421e-01 4.755552158240885369e-02 -1.344904396790958800e-01 -3.806314434643098266e-01 -3.181334302466081593e-02 -1.580561375194114992e-01 -2.176332868264355819e-02 1.170496407650678250e-01 3.586011611161469825e-01 5.183231277109444646e-01 2.928074190926562848e-01 1.188321409908220661e-01
