1.000000000000000000e+00 3.409203301696788202e-01 2.082485000534875230e-01 2.738530279027812792e-02 4.794880043233924055e-02 4.288654517192592164e-01 2.155782553197598816e-01 1.340991217981926109e-01 1.855541100604312862e-02 1.104275722940674803e-01 5.196887443220880864e-02 2.284655046203886986e-01 -2.511327498397401548e-01 -1.647153093076973995e-01 -3.189823533556230273e-01 2.437948719937042819e-01 -3.180530835562425662e-01 -2.859719096743472064e-02 -1.533734280825870822e-01 -8.871210675367802168e-02 -1.371310722507508850e-01 -3.397490113227561448e-01 -1.806444836535948117e-01 -1.814661198706954692e-01 5.545704211736580680e-01 3.295693787767781796e-02 -2.080022307499760914e-01 -4.257252212013187265e-01 -3.320136772086946797e-01 -2.775208013723502454e-01 1.761050401005653798e-02 6.507595287526848349e-01 9.999263439060242231e-02 -1.759163892128258189e-01 -2.921467491498480618e-01 -4.936479818962755811e-02 -2.907640244071549862e-01 5.108780042497346185e-01 1.468294896225107449e-01 2.903872698276329656e-01 -8.383377247910370200e-02 -1.762597371727956663e-01 -4.791689951213416732e-02 1.163319141317790961e-01 -9.694031899986897682e-02 -2.376928962628700737e-01 -1.374609580585139101e-01 -1.202617832924036123e-01 4.235590662404694062e-01 -8.096873684511618485e-02 5.502644192026262537e-01 3.605868723234236239e-01 9.585785795645056229e-02 -2.248961478819427526e-02 1.207903087237794659e-01 5.792861242345460626e-01 1.541456183250327905e-01 1.434222758199963288e-04 9.124167819962919479e-02 8.011110375750465917e-02 -1.108045921392556421e-01 -2.777799819903523093e-01 -2.357116346143324770e-01 -1.499598071604013316e-01 -1.616808231657926864e-01 -2.349429253227644232e-01 -9.545597054892687033e-03 -2.130795429686641596e-01 -2.255168549101240760e-01 -1.303099075852806044e-01 -1.515332424003510703e-01 -3.090341040627243574e-01 -2.028677181772725047e-01 -9.660632887400545654e-02 -3.501393298781887986e-01 2.254166422477765219e-01 -3.442947086380749866e-01 -3.869006628140798654e-01 -5.068201351887446221e-02 4.196820787125043473e-01 -2.875225758085744321e-01 -2.420432069022308286e-01 -1.581274478015086138e-01 -2.819612636595857369e-01 -2.362567573542090071e-01 -2.568324984110695319e-01 -2.091234805151552800e-01 -3.063433763445478353e-01 -3.355591097468627049e-02 -1.765587275695214009e-01 2.221239784507141879e-01 6.191113932339802339e-01 2.406502425981123239e-01 1.418345120360790523e-01 -1.747500597164274860e-01 -5.277818595817374697e-02 -2.208467577228736545e-01 -1.880461330299832978e-01 3.823219021807894302e-01 -3.521165104169410309e-02
3.409203301696788202e-01 1.000000000000000000e+00 5.129445100909941768e-01 5.084317217042937376e-01 4.806395464286272734e-01 5.941447895772712373e-01 4.883003956672163914e-01 5.169306456390823090e-01 2.971907219853087145e-01 -1.419663068417842955e-01 -2.986759782220814452e-02 1.437353293644484387e-01 -8.792107560599435323e-02 3.703269924917614031e-02 -1.525266999307137161e-01 6.743310597300953280e-01 -3.893830637646007037e-02 4.274039720539976051e-01 1.411643475395147063e-01 3.229765292946693012e-01 1.394062376876429865e-01 -1.095226813655138798e-01 1.140882506751841191e-01 3.860642732837828162e-02 1.330748763023470171e-01 -7.937056569439356404e-03 -6.098746583712554709e-02 -3.788582973122258668e-01 -1.532209694418323054e-01 -1.070999364612417459e-01 -2.257474421653063723e-01 7.432509219089167285e-02 1.223235675546567938e-02 2.566190084776588942e-01 -8.801150183985646802e-02 1.465426629045818996e-01 -2.525580113484648392e-01 -4.587357954120822867e-02 -2.377104969715249788e-02 1.627097250138367368e-01 9.093472954064797664e-03 -2.335719103888234949e-01 4.147662253056593612e-02 -8.958323300351675456e-02 -2.427728517136691355e-01 -9.439860225266982763e-02 -1.685303739394103384e-02 5.351613265488749938e-02 4.562808855732004565e-01 -6.207875774482769782e-02 3.155706053844126169e-01 7.761597837080698170e-01 3.909427714373758245e-01 4.400229479795469967e-01 6.107929356969949986e-01 4.813171530694257960e-01 5.559262025163501653e-01 3.897765333219051498e-01 -3.888375942243255806e-02 -8.759054275756343599e-03 1.764731355216545483e-03 -7.538911444945727014e-02 -3.788249625417231675e-02 7.402454923542760301e-02 5.438452751293892939e-02 -7.881323706831477871e-02 8.873555769515442671e-02 1.005276952793351247e-01 1.375394843401955280e-01 3.146896971766102724e-01 2.019086556068949434e-01 3.691538158203418185e-02 1.751401414522785471e-01 -6.626898818340566655e-02 -1.628965619607591619e-01 5.987014423408029695e-02 -9.008907960165296602e-02 -2.248038010181353796e-01 -2.220012943937203775e-01 -4.182874931224806608e-02 2.416573629918689070e-02 -1.872694759032035583e-01 -7.904279507129692572e-02 -4.705617143107882622e-02 -5.420186215679357461e-02 -6.079458022661034938e-02 -1.681906570549841495e-01 -2.377629359546546695e-01 2.350453331150980374e-01 -1.050903141559654114e-01 9.855704244876244136e-03 1.940642788348568570e-01 9.593860089222456524e-04 -1.905479610383369049e-02 -7.238859474593714420e-03 -4.629287700097308583e-02 -1.917608467262136435e-02 6.637548485371785878e-02 5.156831470713104659e-01 4.191220281517436114e-02
2.082485000534875230e-01 5.129445100909941768e-01 1.000000000000000000e+00 1.396963317873425314e-01 3.170110135484157099e-01 7.639776578315722322e-01 4.822453000713216587e-01 5.365366899110678434e-01 4.711458347997315999e-01 -1.446394937944404241e-02 1.572296631890947815e-04 3.942067001544119487e-02 9.270063625898070092e-02 1.470820510038519345e-02 -1.391594955699333447e-01 2.466033511535535849e-01 1.791901515281240365e-01 3.308026614843864177e-01 2.776133610401824298e-02 1.265458960945993194e-01 3.716443938102776540e-02 7.062195745213874221e-02 9.839761943884961504e-02 7.005957309756401241e-02 1.537842264199995590e-01 4.821771015840446012e-02 -7.503041403562952377e-03 -2.033642591364567265e-01 -4.067508935081064203e-02 -9.846727275242540822e-02 -2.596340102746747674e-02 4.967561414258570701e-02 -1.292268676600233090e-01 2.351293268819456550e-01 -2.819178059474893375e-02 6.239325695723588194e-02 -1.975725751764800808e-01 1.210725927361651216e-01 -2.618869057460374711e-02 1.722725990750836045e-01 5.617479619251149886e-02 1.005178099806051939e-01 1.206930540251489048e-01 7.847301617014584493e-03 -6.567483804157093173e-03 -3.075523922536887306e-02 -7.577265709531254279e-02 -1.958749412496561468e-02 4.765422711503749520e-01 -2.807273565756967376e-02 -1.912492425718113898e-02 6.315271570517995148e-01 8.736051224532337400e-02 7.310357060353063485e-02 6.862190443317091049e-01 5.382194359128115169e-01 5.247643015615689466e-01 4.781327391620424083e-01 9.872800055391045201e-03 9.319426549086962108e-03 -3.255838042555891237e-02 6.467719556541280668e-02 5.100944690730889464e-02 1.033670959639311354e-01 -1.652648128797614118e-03 -1.358485319341789233e-01 1.182787359348762141e-01 1.216101474912262420e-01 9.883968058309523796e-02 2.004180696840282272e-01 1.141935348537033851e-01 6.552980411606026956e-02 9.733247950285131567e-02 -1.564165646967656531e-02 -2.610667490107079162e-03 7.959111383712101639e-02 5.451431011600207932e-02 -1.763034212472273377e-01 -1.310396754697485365e-02 -8.698705967583979237e-03 8.704645075010769562e-02 -1.113546869192176270e-01 -7.376402424467354280e-02 -5.533883497457351558e-02 -2.957093961111926725e-02 -7.343261939338391331e-02 -1.909069042853651643e-01 -2.272108196193842466e-01 8.930303030621913885e-02 -1.245767997121502609e-02 -1.438815331821082233e-01 1.366032500543994666e-01 -2.501248447832492630e-02 3.040628825687229780e-02 7.373930783346900608e-02 -4.900711715859152467e-02 -2.527275520332203048e-04 -9.977988486292410988e-03 4.162986242103655643e-01 5.916612453623546625e-02
2.738530279027812792e-02 5.084317217042937376e-01 1.396963317873425314e-01 1.000000000000000000e+00 4.501165336466879108e-01 1.877491371521728958e-01 1.595939117039502919e-01 3.115362395495674397e-01 1.868565206641353282e-01 -2.964175062390868587e-01 -7.661303588056024572e-02 8.872891101645200007e-03 -1.254995787594526957e-01 6.759550101873333661e-02 -2.393289000160028768e-02 4.255223254559032942e-01 -1.534732583737016265e-01 3.249491978420546157e-01 1.688426671456222938e-01 1.987403795389190431e-01 1.295598749677830952e-01 -2.408589983801970591e-01 4.998633366011205614e-02 -1.555239438355542070e-01 -1.023775227584501069e-01 -1.676345479853805776e-01 -2.776953893802544537e-01 -3.142371500776856563e-01 -1.848793266779020783e-01 -6.855652609495344052e-02 -2.386738493579661224e-01 -9.589867908415294906e-02 1.770617548338162539e-01 1.415137394504182300e-01 -2.451303543968355314e-01 1.918166715170216974e-01 -1.511494711228030530e-01 -1.463366257403369008e-01 -2.699221941359231450e-02 -2.512290450446376389e-02 -1.362644925662489029e-02 -1.882893874928261158e-01 -1.926038489737446069e-01 -2.365617222642107942e-01 -3.461498468273132012e-01 -2.039466289217401196e-01 -1.923841330072120770e-02 -2.987204551293403537e-03 1.164340006687952372e-01 2.046059234791541327e-04 2.170436402570081746e-01 4.069421375704558863e-01 5.187116934699993465e-01 8.035887972148053615e-01 3.178950762948229980e-01 1.413079307608641755e-01 3.571495429549956246e-01 2.621446859369624405e-01 -1.742014561595551514e-01 -3.911720529646420946e-02 -3.007126684187811511e-02 -1.109388316086882126e-01 -3.805496866297204683e-02 8.457673597529287435e-02 1.566639738832230622e-01 4.856239847259151421e-02 -5.222162918135143939e-02 5.296347941581169838e-02 1.101005733038629558e-01 3.050446288652490234e-01 2.287756935594542906e-01 -9.214154750606382005e-02 1.167346189707781368e-01 -1.285047327360983038e-01 -1.911280451445192818e-01 -1.952349318809412926e-01 -1.045136395694608589e-01 -9.559778929859316654e-02 -2.398720828036182973e-01 -1.253895862790160021e-01 -5.435384977374179555e-02 -1.320680572055188962e-01 -2.786675138747515823e-01 -2.429732118380227568e-01 -2.519419557233129603e-01 -1.163350047565211015e-01 -9.739339638357430440e-02 -2.350938422800068761e-01 2.738244747878558760e-01 -1.471148653545949758e-01 1.778022404410566915e-01 -9.623237988926795772e-02 -4.261342788811245397e-02 -2.183442363359309746e-01 -1.907588826014449124e-01 -1.443652440070685716e-01 -1.488021638876973751e-01 9.984740454990237088e-03 2.693854167260032462e-01 -1.666944839573700557e-02
4.794880043233924055e-02 4.806395464286272734e-01 3.170110135484157099e-01 4.501165336466879108e-01 1.000000000000000000e+00 3.810310214973540721e-01 2.110222119882007863e-01 2.538642453005309774e-01 2.184590440680398427e-01 -1.650480604602624357e-01 -1.208036775041828464e-01 -1.989953271576320668e-02 -2.634617454143247106e-01 7.179607612164552732e-03 3.141055325734063569e-02 4.222873937641586917e-01 -1.187273435025383850e-01 2.119957335322279479e-01 9.208177384324027492e-02 5.532638662355483516e-01 1.795539970686392817e-01 -1.143060492489447050e-01 1.425837254590711922e-01 1.491379693574936827e-01 -1.811033286450756119e-01 -8.056991689508152810e-02 -8.150740332629326929e-03 -1.864101528102956318e-01 -1.365477624418495045e-02 -5.979961677390531471e-03 -2.503576829832149242e-01 -6.241029749275288363e-02 3.597656524006362377e-02 1.603790825833349698e-01 -2.318838271584819713e-02 4.520179788601139670e-01 5.739691952566924188e-02 -2.474859960527154568e-01 -2.342830543055859568e-03 -2.894162311551800801e-02 1.258730608121644279e-01 -2.467137275149117182e-01 -1.012682613138244231e-01 -2.492261994266261604e-01 -2.038079577374072582e-01 -6.407205168670201956e-02 9.538597576655293009e-02 1.267582212910042527e-01 2.290733753978857201e-01 9.464149095221885410e-02 2.278921840423027700e-01 4.499701126125374984e-01 3.215748681667105480e-01 5.653465712450613800e-01 5.648588225166251142e-01 1.566566458089942437e-01 2.817297159841591903e-01 3.219927156721249517e-01 -9.863694972462364041e-02 -5.537543648971279125e-02 -4.407558145607286260e-02 -1.855820407937912309e-01 -5.690232912742703396e-03 1.491424863596262779e-02 5.386969311884284156e-02 2.960505164305004405e-02 1.537442035103874227e-01 -1.664982331004210420e-02 1.806061692180324640e-01 2.114580145409917789e-01 2.470227852933397639e-01 7.331562036560608508e-02 2.074485616100005536e-01 -4.286993546086553114e-02 -1.320440783703609282e-02 -5.569387083992317911e-02 2.098843874454856331e-02 -7.505006397398697460e-02 -2.805230993632791825e-01 -3.070360341396832088e-02 2.850812161427458413e-01 1.214223992633467197e-01 7.458385608420368962e-02 7.842430612384593269e-02 7.463457757380118074e-02 1.692919000217580072e-01 1.401793599950291735e-01 -1.248437263382388557e-01 4.356250484028902914e-01 8.869636334590026705e-02 5.506059345133385019e-02 -8.087594333185138540e-02 6.947835041239484345e-03 4.264144484454052142e-02 1.519806210545203776e-02 -8.630411679769064981e-02 6.229144220356025441e-02 1.945860722625525618e-01 3.235095726110788772e-01 1.625856343768880552e-01
4.288654517192592164e-01 5.941447895772712373e-01 7.639776578315722322e-01 1.877491371521728958e-01 3.810310214973540721e-01 1.000000000000000000e+00 5.525079354884859795e-01 5.881421783571908479e-01 5.433377957004901226e-01 2.592835249515023852e-02 2.134443592873560766e-02 1.227424666169051048e-01 -4.070943995320674275e-02 -4.070795782354334758e-02 -2.088372108308612918e-01 3.696745754596392208e-01 2.580178351115892596e-02 3.687540396163330181e-01 2.881238272166432648e-02 2.476826393144368754e-01 5.138196356744102050e-02 -5.599543756479672535e-02 8.367078931144354692e-02 4.764822739524429696e-02 3.463816174394800940e-01 6.419590790805648761e-02 -5.977874903621772235e-02 -3.135739645697406264e-01 -1.324008205852379716e-01 -1.379371303452015807e-01 -1.187042531165782705e-01 1.656763746222870148e-01 -1.478646956948904689e-01 2.284520254546842655e-01 -7.437933115859590716e-02 9.363004739404852395e-02 -2.517985180041811266e-01 1.594866133428483046e-01 9.461909575868917774e-03 3.156898244192473113e-01 8.545601968307076080e-02 5.707646372276179748e-03 1.003658084383708265e-01 3.967212402441928215e-02 -1.416952930942629030e-01 -8.646569466772739687e-02 -6.435631791902771126e-02 5.741372419494819752e-03 6.670426140252257996e-01 -7.790557357813419903e-02 1.216510039817894628e-01 6.447962623355923961e-01 1.895063574754709268e-01 1.763777524683955711e-01 7.372567522450353961e-01 7.504722176203035833e-01 5.716679576891618986e-01 5.235247688339063066e-01 9.203936445856289450e-02 4.600020488564466464e-02 -5.808076809351576941e-02 -7.018482506085249595e-02 -5.141576404307956344e-02 5.229186995119028403e-02 2.354166657039515054e-02 -1.644767858227447754e-01 1.869681103043741577e-01 7.327157253675530002e-02 1.079309448254965192e-01 2.153816990055284208e-01 1.251672649420136341e-01 -2.783473930509799271e-02 9.545209400474614914e-02 -3.701763761136502018e-02 -7.557395168456644552e-02 1.598885897416452428e-01 -3.960257748717274651e-02 -2.438395558548781816e-01 -1.160555679088947634e-01 1.694454348128512922e-02 4.240241252895697588e-02 -1.495764361366113127e-01 -6.248205657714560324e-02 -6.576437144456762085e-02 -7.789837535185314965e-02 -1.113621160709153401e-01 -2.222876706527892599e-01 -2.598692342156172508e-01 9.797984670943510332e-02 -4.216450781766949846e-02 -8.229936586325317660e-02 3.708211649551645395e-01 9.349272049718246325e-02 1.290834205478238184e-01 1.693153299200631304e-02 -1.310680050283223944e-02 -3.110383391419720145e-02 -3.638450839237769227e-03 5.470448014379503121e-01 3.961603478755198332e-02
2.155782553197598816e-01 4.883003956672163914e-01 4.822453000713216587e-01 1.595939117039502919e-01 2.110222119882007863e-01 5.525079354884859795e-01 1.000000000000000000e+00 6.959823011561514505e-01 5.750734449015982852e-01 -5.805505165995957732e-04 -1.531751023182805101e-02 1.598050403180383827e-01 1.311399603318312568e-01 2.207981868763606859e-01 7.459033946608385757e-02 4.278561972318343787e-01 2.488362345148357468e-01 5.224095267940059850e-01 2.963170723634289683e-01 3.095493599632305193e-01 3.485061907295129990e-01 6.309612117008871202e-02 3.193790604308447967e-01 2.979325418011393167e-01 1.815066180427545584e-01 1.137219336343049669e-01 1.820296889550639952e-01 -2.045370867239733881e-01 1.217148114599758135e-01 5.879943535194058490e-02 -2.942476568812636417e-01 -4.661995070469327623e-02 -2.758188920986840986e-01 4.930084118233101775e-01 1.087661047038701034e-01 1.998773779800570027e-01 -1.047791574928123581e-01 1.161728441239220505e-01 1.881011382075296057e-01 5.042968044868371136e-01 3.569256279983806235e-01 -3.974363912826294615e-02 2.097387170531160860e-01 3.181956321495391787e-02 -6.865555092539955828e-02 1.754999688853452477e-01 2.216345395175503830e-01 2.644557413641460686e-01 5.323201176604720475e-01 1.856526595388664214e-01 -8.237095647097307516e-02 4.915453054511827458e-01 1.176212767981360680e-01 8.310497889441328945e-02 4.636385543973540746e-01 5.347666891701684522e-01 5.938527985042255652e-01 5.102797897038058306e-01 5.531472704873589136e-02 3.891865050600315512e-02 4.212871993145225757e-02 1.162890613074290674e-01 1.026612374438942293e-01 2.519680334937189348e-01 2.873527870284076080e-01 1.309831147417642727e-01 3.495353888232390349e-01 2.907682338657501253e-01 3.203975070504218592e-01 3.735527158104368084e-01 3.527573364897969577e-01 1.245748066405652638e-01 3.030288851689831309e-01 8.814438922282326339e-02 2.275241967925379152e-02 1.561392233352747738e-01 1.990092071087883885e-01 -1.509565913865696697e-02 -2.624391625036456843e-01 -1.703383757979526902e-01 2.091802263356900560e-01 -1.679523273453656027e-02 -3.695237055629878309e-02 -8.081522268287535948e-02 7.846224785625996456e-02 1.829155101533801522e-02 -7.437046732061630694e-02 -1.130146820994343826e-01 1.408505464573949761e-01 1.049027381606181669e-01 -2.513866042629657183e-01 2.320964411450281706e-01 1.552021677104762631e-01 5.241293279482290429e-02 1.232723518385641509e-01 6.045238499202527233e-02 2.182155209567421816e-01 1.979691047894565625e-01 4.134611352730533373e-01 3.013040339132240786e-01
1.340991217981926109e-01 5.169306456390823090e-01 5.365366899110678434e-01 3.115362395495674397e-01 2.538642453005309774e-01 5.881421783571908479e-01 6.959823011561514505e-01 1.000000000000000000e+00 7.729459168736784180e-01 -1.651222167528374474e-01 -1.119567736622820719e-01 -5.001447141788063766e-02 4.879118103341100604e-02 1.425616159845012887e-01 6.476232111092874652e-03 3.480955430301105880e-01 1.946519074407151162e-01 7.632551762973183163e-01 2.433483227208174948e-01 3.137497575861146748e-01 3.090353170704310259e-01 -1.240185196349168940e-02 1.954884856568353813e-01 -6.331692770530601005e-03 1.070869784507294670e-01 -2.354095582083437933e-03 4.559800016772022624e-02 -1.902591895594063220e-01 -5.919946290078271361e-02 -5.343091364867719184e-02 -2.008428850468345073e-01 -1.801840554657697380e-01 -1.304834231861697891e-01 5.973718050602747631e-01 4.563734513118823666e-02 8.874605209002056627e-02 -2.058988964777071773e-01 -6.199019378740891484e-02 -1.251296232275070364e-01 3.455706131604673881e-01 2.644875853565232804e-01 -1.016165182992689181e-02 1.827560965712387575e-01 8.954176613156632214e-02 -5.423648491196179922e-02 8.344202889408817991e-02 7.553015760376444697e-03 8.834963189287872720e-02 4.408794228143405047e-01 4.719531256131364455e-02 -1.143852751771680526e-01 5.127330562801032388e-01 1.830110350855985168e-01 2.149887416736705747e-01 5.982226601984091952e-01 5.517800814347750826e-01 8.509297517080838258e-01 8.035862881111990319e-01 -5.518668345260045738e-02 -8.929420077287715529e-02 -1.452183022577545335e-01 3.082492839739423354e-02 -1.632928241258871675e-03 2.044205977325530554e-01 2.981643938313037756e-01 1.034775077119999770e-03 2.256763596707609953e-01 2.754421226378008791e-01 3.749045811088217439e-01 6.138817241558904847e-01 3.983098786712817585e-01 3.146874742413870857e-02 2.058345501665609367e-01 -8.772845224429927369e-02 -7.325946387357344658e-02 -1.049385047635691993e-02 1.077168211832016248e-01 -1.021867943505557624e-01 -2.552365571323139681e-01 -2.869159867578836565e-01 9.526375118060512182e-02 2.929671470059271032e-03 2.375433188235157381e-02 -1.373553640041225155e-01 -6.114024921759808606e-02 -1.230272544807019808e-01 -2.033745949959669397e-01 -1.690973761327134728e-01 1.280094702680556473e-01 -1.761782590700708070e-02 -1.828525623265976063e-01 1.390942670288013439e-01 -5.539193097025309209e-02 1.108943192585128655e-02 3.627523058482862162e-02 1.202703013147986971e-01 6.952250227525250126e-02 3.144904621443279230e-02 3.230581830307328040e-01 1.236623261560871323e-01
1.855541100604312862e-02 2.971907219853087145e-01 4.711458347997315999e-01 1.868565206641353282e-01 2.184590440680398427e-01 5.433377957004901226e-01 5.750734449015982852e-01 7.729459168736784180e-01 1.000000000000000000e+00 -4.499021932356798287e-02 -6.549340289062750842e-02 -9.877725363149096605e-02 6.601654440094691101e-02 7.986643736874936284e-02 -1.483834528632639246e-02 8.089805265940780421e-02 1.677818499051808576e-01 6.027218290663671763e-01 7.441638002926719009e-02 3.143179178285367970e-01 2.576879081258032778e-01 1.410639675414322031e-02 1.280114752212665741e-01 1.522153368294575267e-02 7.471359737596966477e-02 3.834565058329088977e-02 5.200062609332579272e-02 -9.387784615423035162e-02 4.085646724254569234e-02 -5.279430338939920114e-02 -1.848592461402885911e-01 -2.101273577104256773e-01 -1.855656835001803784e-01 4.818864761682847275e-01 5.213956507104489102e-02 1.232912871005576727e-01 -7.356068429851701784e-02 -7.720061007002339271e-02 -1.145617134582756907e-01 3.039520365555565262e-01 3.854718943823931543e-01 7.993229796647585705e-02 1.542353542551072598e-01 1.232220879821883108e-01 4.519403894828706580e-02 7.846311880936890359e-02 1.736102553351942870e-02 6.661793841328243759e-02 4.243464195893505986e-01 1.716034602333614267e-01 -2.157961962625875862e-01 3.096198961628847668e-01 1.325697767554481765e-02 1.768742368494702621e-01 5.485731585353553763e-01 5.025406470796417446e-01 6.854182544507800845e-01 8.076570277997973113e-01 9.971913765802226104e-02 -7.508278490527180160e-02 -1.800703589831516571e-01 8.373454226517385024e-02 -1.263870537948549345e-02 1.141054872808410364e-01 1.810398258560184104e-01 -1.575015268318295109e-02 3.466545677347150356e-01 2.172849572695605413e-01 3.830079674836011638e-01 5.365454685788345612e-01 3.417895246488490968e-01 8.549045395188877017e-02 1.416393338278714442e-01 -2.900740487485271163e-02 6.447729753545511366e-02 1.062668689110970489e-02 1.736151695558831309e-01 -4.694393779617255652e-02 -2.919617147969847393e-01 -2.649722559182131065e-01 1.516088672789377423e-01 1.968889428029763355e-01 1.079622540096471517e-01 -8.579599935650418507e-02 -1.496828588356904736e-02 -1.241210859877107525e-01 -1.081203930795681251e-01 -6.236527677769408001e-02 8.047836031269456347e-02 1.836533638869825291e-01 -1.979382746583066843e-01 6.445956505471957254e-02 -2.873052756872781360e-02 7.122293418300977563e-02 7.017102484156349795e-02 1.640770122797039487e-01 9.883036474978018626e-02 2.551905555324276639e-02 2.556914485122788738e-01 1.933535827587187506e-01
1.104275722940674803e-01 -1.419663068417842955e-01 -1.446394937944404241e-02 -2.964175062390868587e-01 -1.650480604602624357e-01 2.592835249515023852e-02 -5.805505165995957732e-04 -1.651222167528374474e-01 -4.499021932356798287e-02 1.000000000000000000e+00 5.444119971176816231e-01 3.699871451311432802e-01 1.526344728644482562e-01 -1.567931042420843413e-01 -1.793765102911177856e-01 -5.577610566898352773e-02 1.006269701164375502e-01 -2.612042988410817057e-01 -2.012062300036077389e-01 -1.734593621547503017e-01 -1.718188596064920692e-01 2.014042686878673161e-01 -1.648239555564336156e-01 2.536125426401852345e-01 4.943667906632744358e-01 3.658955427983195396e-01 2.787819882203657756e-02 1.157443098687160055e-01 6.963200302730457314e-02 -1.076508054586150093e-01 3.763739666676304552e-01 2.856785178032889005e-01 4.697215329508312720e-02 -1.706120931871885071e-01 1.139703155763582693e-01 -9.237469590849183010e-02 1.619309497481283278e-01 4.097731476591476851e-01 1.729973320468309594e-01 4.000444601863661354e-01 1.770502246569637117e-01 3.306380361493342912e-01 1.442089438714737326e-01 3.570918017670435818e-01 1.426640474563998506e-01 -7.538576859703845223e-02 -7.555761509343666971e-02 -7.337061080881010500e-02 1.130000267810554182e-01 -1.162335173946176803e-01 4.840899740365544462e-02 -9.346514001024000540e-02 -1.403637639185486563e-01 -2.504367572620584959e-01 -6.489980313554249980e-02 1.241277376786311809e-01 -2.531007615111573461e-01 -1.835397802988119054e-01 6.626014423779378326e-01 4.778609484949601360e-01 3.390142474613604961e-01 -4.805087143106427303e-03 -1.811729474417506924e-01 -2.340742096859630139e-01 -3.077130520793763258e-01 -1.689349595961409933e-01 3.260944839859450939e-01 -2.288467641052092383e-01 -2.499674860918899566e-01 -2.974920102350740447e-01 -2.977532079297153800e-01 -2.337786388705419965e-02 -1.863979135810573950e-01 5.714425786748692504e-01 3.301407726442630586e-01 5.216729655179073166e-01 8.191410067175046439e-03 -6.875404087688902210e-02 2.567201033020516943e-01 2.516845688593638553e-01 -7.444922911726417625e-02 2.305261024493685321e-02 1.004085494678925439e-01 7.817465873197931847e-02 -1.797863000177652576e-02 -5.622815186298207174e-02 1.323766463050994047e-01 2.173208425048193948e-01 -1.458732760823079622e-01 3.248634831461160721e-01 1.014290912830896063e-01 3.505675346537076020e-01 2.989357200525756819e-01 3.365347114564838371e-01 1.459169918481606210e-01 2.786470683906666634e-01 -4.342047334338575149e-02 -9.540118101773731318e-02 2.581880882444390415e-02 -4.814743088516981045e-02
5.196887443220880864e-02 -2.986759782220814452e-02 1.572296631890947815e-04 -7.661303588056024572e-02 -1.208036775041828464e-01 2.134443592873560766e-02 -1.531751023182805101e-02 -1.119567736622820719e-01 -6.549340289062750842e-02 5.444119971176816231e-01 1.000000000000000000e+00 6.465521390710327054e-01 1.472284903070009143e-01 -1.553553498770046393e-01 -1.594172981664677136e-01 6.135921685594372676e-02 3.485821973271653607e-02 -1.409493837806770344e-01 -1.818168558328785711e-01 -1.116118349689345646e-01 -1.530277479947774466e-01 1.258267019086130312e-01 -2.506619486598601343e-01 1.137946371322922229e-01 3.854026247254064286e-01 6.823358211732054590e-01 -1.565015647236990548e-01 5.113162984298419422e-02 1.294799520996365964e-02 -9.989984122002409928e-02 2.095678607071630728e-01 1.467088411370678080e-01 5.361895842260707562e-02 -1.245851293247389330e-01 3.423943184874194551e-02 1.097175133241862777e-01 2.272622714661323151e-01 2.363882076095339402e-01 1.315664522748553611e-01 3.072248750728904243e-01 3.122811601213342225e-01 2.185269782355677426e-01 2.204921399349609734e-01 5.428352452527086536e-01 -1.468596506886275278e-02 -1.374451069525318980e-01 -1.403412633563215495e-01 -1.582961342283514816e-01 1.929580722949561788e-01 -2.903019482419826394e-02 5.373425034251985699e-02 7.202680307868535026e-02 -7.230184866353878137e-02 -1.114803795893039851e-01 -5.018043684115703479e-02 1.655945568305964288e-01 -7.487538787966861731e-02 -6.368746309564991825e-02 6.954861402375450696e-01 8.024507320424246748e-01 5.359914416152222749e-01 9.368264839932673171e-02 -1.138492948233505164e-01 -1.407721534632721538e-01 -1.655783202271636778e-01 -1.141863546713645788e-01 4.793340538793148808e-01 -9.014675981776555658e-02 -1.129350928158287387e-01 -1.145390394810962831e-01 -2.133530868579609774e-01 3.424559426537238105e-02 -1.300329924854124741e-01 6.857008102649430059e-01 5.254513400627101039e-01 6.749160968467601274e-01 -3.449331828228779928e-02 -1.275397213998326618e-01 1.154165148893778747e-01 9.507029035612206413e-02 -3.199040092449381700e-02 1.595496006397833233e-01 2.777429448490858696e-02 1.290818619586701910e-01 -8.688350803212127604e-02 -6.284414427281038995e-02 2.098998385255125276e-01 1.709645651027128233e-01 1.041139112939438588e-01 5.050170584451242339e-01 2.585870851574259208e-02 3.325565760400087112e-01 3.130622698818841254e-01 1.799509964000551021e-01 1.239535880086407860e-01 3.884008113302160892e-01 -1.078720740462275340e-01 -1.089755102115381874e-01 1.809019812591710907e-01 1.224940671829981842e-01
2.284655046203886986e-01 1.437353293644484387e-01 3.942067001544119487e-02 8.872891101645200007e-03 -1.989953271576320668e-02 1.227424666169051048e-01 1.598050403180383827e-01 -5.001447141788063766e-02 -9.877725363149096605e-02 3.699871451311432802e-01 6.465521390710327054e-01 1.000000000000000000e+00 1.020213307064117558e-01 6.130822753550760340e-02 3.338162681731297876e-02 1.913578817761702744e-01 -5.666401457085908089e-02 -1.179123242870043220e-01 3.847640773778564227e-02 -1.041974828080113186e-01 1.391303242204901085e-02 3.964330875451636815e-02 1.312641491004259281e-02 2.584936989930728402e-01 4.204203239402050651e-01 6.609705240182748298e-01 2.002703666674153851e-02 -3.640901955820373403e-02 7.505225504255438884e-02 9.365531029693556497e-02 -9.312467607481085541e-02 1.425156532112528129e-01 -8.642691832979575162e-02 -1.092110150462820006e-01 5.934274564934649207e-03 2.042018485445774578e-01 6.596535754608003066e-02 2.486073160449090713e-01 3.121538371090920028e-01 3.773667688379918617e-01 1.800717443001906837e-01 9.267406275139994376e-02 3.242664081227756845e-01 3.202490989673836275e-01 -1.391095660840393489e-01 3.606635121826119034e-02 1.167501988615632230e-01 9.406135721153831286e-02 3.057141137313693080e-01 -2.204221970090235183e-02 1.233073170028434473e-01 1.502694822561660704e-01 -9.761786164593862572e-03 -6.152338519341575551e-02 1.576207476288295911e-02 2.750879703696302303e-01 -4.582410803263771426e-02 -1.167508814871257156e-01 4.756803628802445671e-01 6.461732167489819822e-01 5.713021095408112870e-01 9.160120572366518832e-02 -9.600482961511112509e-03 5.816776883186871444e-02 3.073587358725352742e-02 1.141104720201720768e-01 3.165341469724611834e-01 2.016911353868950166e-02 -5.347370375294575179e-02 -1.393199717128812132e-01 -7.018430064701687565e-02 4.315177632057386886e-02 7.973958557563173843e-02 4.923740000720014387e-01 2.349476713616610035e-01 7.049038330515178252e-01 2.675778085688934257e-02 7.641156525802188758e-03 -1.182435561862485718e-01 3.938463292416836958e-02 -6.871357006576764986e-03 -6.014988650698122746e-02 -9.505072228037131365e-02 8.075686399709545993e-02 2.973759379762354327e-02 2.870492606310605377e-02 1.503536598507239919e-01 9.327663978612391049e-02 1.434363694628629782e-01 2.607932399052686478e-01 -5.592610323159061259e-02 4.068707760019196207e-01 3.620351373601855549e-01 2.977168192846018635e-01 1.494830489987152844e-01 2.350057602921595545e-01 7.574102356899263533e-02 1.049026288624685388e-01 3.272838363900888448e-01 1.396393068003504434e-01
-2.511327498397401548e-01 -8.792107560599435323e-02 9.270063625898070092e-02 -1.254995787594526957e-01 -2.634617454143247106e-01 -4.070943995320674275e-02 1.311399603318312568e-01 4.879118103341100604e-02 6.601654440094691101e-02 1.526344728644482562e-01 1.472284903070009143e-01 1.020213307064117558e-01 1.000000000000000000e+00 4.734678209712874786e-01 3.254691209256131423e-01 -1.345495482395578368e-01 7.330037336264489944e-01 1.526390860573931529e-01 4.150118514236912359e-01 -1.167334095190498827e-01 2.709021418212635424e-01 5.766454347488745302e-01 3.292906039487919490e-01 3.785387936930401653e-01 8.488048302405785950e-03 2.379671538993857194e-01 3.389611232721003176e-01 3.596098147006950851e-01 5.330691186123353020e-01 3.011446286449288579e-01 -1.865857949678021918e-02 -1.757332581056288423e-01 -2.298790674185856031e-01 3.443634558010891800e-01 3.849393077484739023e-01 -1.542270561674801699e-01 2.280476127541303799e-01 1.553614844478910795e-01 2.116530472037357613e-01 3.390499759050884243e-02 9.566719486433804265e-02 3.099754380274601373e-01 2.261812540714856212e-01 5.533893726141972391e-02 1.584726231168137045e-01 3.180696696657935307e-01 2.122372377039527525e-01 2.217210072984185099e-01 -1.830316187250920559e-02 8.206710366065811391e-02 -3.316874873122185874e-01 -1.551510676961874099e-02 -1.590220102495133181e-01 -1.650357124033624001e-01 -9.339034362993818561e-03 -2.412049672011419912e-02 -2.094627607319028695e-02 -2.052789426036024517e-02 8.291414666465451999e-02 1.487035925306504081e-01 3.892789891204291308e-01 7.631208537515289381e-01 4.737004861145245882e-01 3.939237670509656564e-01 2.546256144370911967e-01 3.533008192513281132e-01 -5.274047345835721629e-02 5.084265679801185378e-01 2.547328921431529225e-01 8.776008700706354471e-02 1.572135033509020619e-01 4.008262924320331044e-01 2.910196033720847675e-01 6.216838382508541039e-02 4.324479714048016787e-01 1.077825106237149527e-01 4.675526845074657878e-01 3.657037919699983042e-01 1.686776628436754688e-01 -1.431368993933106737e-01 1.942012768270800493e-01 -1.208420738668814984e-02 -7.700507989226461347e-02 2.478125622059826894e-01 2.465439880115985194e-01 1.228368067620007609e-01 1.259813558568660674e-01 2.560266940502881061e-01 -9.512156455925947773e-02 7.051014621891413259e-02 -3.090289706378242518e-01 -1.362413105837727012e-01 -1.048499894214933309e-01 -8.899056881392862495e-02 2.064449748167856424e-01 2.908851931770873797e-02 2.828874280502755578e-01 1.951977972675756068e-01 -5.827634313499646668e-02 4.107553203987773793e-02
-1.647153093076973995e-01 3.703269924917614031e-02 1.470820510038519345e-02 6.759550101873333661e-02 7.179607612164552732e-03 -4.070795782354334758e-02 2.207981868763606859e-01 1.425616159845012887e-01 7.986643736874936284e-02 -1.567931042420843413e-01 -1.553553498770046393e-01 6.130822753550760340e-02 4.734678209712874786e-01 1.000000000000000000e+00 7.600058002335868812e-01 -1.051483004417080175e-01 5.408492096532189208e-01 3.201867847563597547e-01 7.220289627457331383e-01 1.022542544060862368e-01 7.032404674435125402e-01 3.723886652348434301e-01 7.750685216903894226e-01 5.272420570731544132e-01 -1.999595766696565247e-01 6.412572638139941994e-02 5.263815494234784786e-01 2.440987189650452582e-01 5.757529238237756308e-01 7.350567010907658183e-01 -4.382672464504589471e-01 -2.878052632268381927e-01 -3.608902645254927766e-01 5.218693323804559636e-01 2.769786614377230949e-01 1.428962298066459025e-01 1.149381558178634855e-01 -9.818802799986721397e-02 2.062967254349214186e-01 -3.117471962775685349e-02 2.281164701657864002e-01 -5.333261525067925501e-02 1.328798739014569463e-01 -1.765741960511952313e-01 -7.057140031301353811e-02 5.927730018264569800e-01 6.330766450990881200e-01 6.362054009639234176e-01 7.816687540606725992e-02 2.741680655507571784e-01 -3.087695764643433871e-01 1.159326123737397171e-02 -1.691575293529950508e-01 1.965139762020728931e-02 6.180016985269663060e-02 -1.723495330051388538e-02 6.568656357199148532e-02 8.464303939555720135e-02 -2.287494566509612748e-01 -1.036400065246341901e-01 2.070030310087169756e-01 4.227477291368401668e-01 6.579155894821322459e-01 6.999329145591522972e-01 6.853958050448295536e-01 7.769774395504361886e-01 -7.751309875041063890e-02 6.135277861267993682e-01 5.052957860992801642e-01 2.946677621886527598e-01 5.943366520812373155e-01 4.175469055545918962e-01 6.831138991778931135e-01 -7.000006344997300456e-02 1.295854026139477977e-01 -2.345891593244173873e-02 5.739365339555260181e-01 6.379941018539365682e-01 -2.319599793112179786e-01 -3.159962684656519860e-01 4.110415622750429598e-01 6.947481133352656490e-02 -7.796135010650448449e-02 1.657536321628813314e-01 4.607131730267802761e-01 4.761343705334699083e-01 1.274689511382601226e-01 1.935763947822379538e-01 2.151249733162745315e-01 2.374710423503514564e-02 -3.427778473760445532e-01 -2.246036348056584808e-01 -5.008725284822986012e-02 -1.475316452784761756e-01 1.337383811464110117e-01 -1.041206713004544371e-01 5.803491020922896260e-01 6.270482125335811174e-01 4.947175875570436476e-02 2.747196972110851898e-01
-3.189823533556230273e-01 -1.525266999307137161e-01 -1.391594955699333447e-01 -2.393289000160028768e-02 3.141055325734063569e-02 -2.088372108308612918e-01 7.459033946608385757e-02 6.476232111092874652e-03 -1.483834528632639246e-02 -1.793765102911177856e-01 -1.594172981664677136e-01 3.338162681731297876e-02 3.254691209256131423e-01 7.600058002335868812e-01 1.000000000000000000e+00 -1.487118105574860849e-01 4.014947797688790398e-01 2.245978642966462435e-01 6.138468904270181214e-01 1.731876579916439007e-01 6.915886962784639769e-01 3.281018191887186131e-01 7.065679733514043104e-01 4.472444931638115406e-01 -3.467351058152357557e-01 4.239163970860648778e-02 5.425291407109201769e-01 4.636336285266993706e-01 6.591945646038176454e-01 7.462533490102145617e-01 -3.824993589436352370e-01 -3.869080296837213440e-01 -3.012683242567431585e-01 4.357699590545828228e-01 3.438688520850314845e-01 1.912915552252861529e-01 2.406884488235589703e-01 -2.528746830137816870e-01 1.552052954979467880e-01 -1.741001735015996754e-01 1.491860855253542562e-01 -4.463936704623562568e-02 1.579906874886755352e-01 -1.924127988599637074e-01 -7.449664070487414802e-02 6.064295909473145230e-01 5.940104679031151802e-01 5.868033731330900560e-01 -1.136682150639857641e-01 2.263448767890454405e-01 -3.188380494522726205e-01 -1.447014558257598282e-01 -1.361813745816629062e-01 -1.225622737619676966e-02 -3.090578875856397900e-02 -2.075276587260427019e-01 -2.301287727294056354e-02 7.581547798392495457e-03 -2.082210590182952126e-01 -1.102401938609872678e-01 2.240225792943603411e-01 4.121531589630589298e-01 6.145598638923160939e-01 6.514614184853001477e-01 7.229715723098303348e-01 8.283984485511000084e-01 2.619481697802623736e-03 6.121556099114134897e-01 5.774651040180772688e-01 3.157143170770400076e-01 6.305563036000056965e-01 4.742549422927061498e-01 6.649610214294396915e-01 -1.885513603873573444e-03 2.061077491415510832e-01 -5.036442927476062620e-02 6.541260024387489658e-01 7.581581729391125846e-01 -2.537614160058541124e-01 -3.386620539519576423e-01 5.153929382507074219e-01 2.245584659792659865e-01 1.003585783213575694e-01 3.073698292358841289e-01 5.201162225581302812e-01 5.513780749664864977e-01 2.667235550782250386e-01 3.356753309226446769e-01 2.568931359259369329e-01 1.100652054501616295e-01 -3.892114481369147727e-01 -3.244060502130907131e-01 -5.550707758441887629e-02 -5.119647559374051332e-02 1.960388451638845342e-01 -3.613457244751056008e-02 6.067798478570611831e-01 6.230551025215076422e-01 -1.064231982985472391e-01 2.432104510887500293e-01
