1.000000000000000000e+00 2.843532846757180765e-01 2.882534948406007547e-01 5.496905313196109172e-02 1.243527356123928923e-01 2.137018601902763160e-01 2.949890970408926560e-01 2.349735346132686420e-01 1.608738557260160074e-01 1.791525354859056229e-01 6.321258424650623431e-02 4.338168640661841519e-02 -1.124533771526940451e-01 -2.877517014648856564e-01 -2.755471215694290099e-01 5.215361671548264244e-01 -1.087704842845992337e-01 -1.611985528636075971e-01 -2.234860921108964282e-01 -2.489159222090654988e-01 -3.287543117937245518e-01 -2.667223196764492710e-01 -3.126906732261995892e-01 -1.067242508944496043e-01 1.447382675261589258e-01 -2.564241392108151593e-02 -2.742030004947829114e-01 -1.260948849874850008e-01 -1.716958602233994158e-01 -3.574959860906983811e-01 2.357478217436778309e-02 5.962379082193181024e-02 -4.305509965899790431e-02 -2.916312410303524283e-01 -2.640659699666836335e-01 2.301445665653218953e-01 -1.583735528547328825e-02 2.974933947893866892e-01 2.764393999232550025e-01 2.129898392027043119e-01 1.160556158699868057e-01 2.225738628341442926e-01 -7.064484604767695686e-02 7.917393571953924847e-02 3.316394515430265595e-03 -2.821251674868740511e-01 -3.222319292084102060e-01 -3.115455943902147862e-01 2.427420417371231320e-01 1.937772928944392001e-02 6.820586083997945970e-01 2.946373297435046501e-01 1.640080833446119213e-01 -2.362332125147835471e-02 2.121229410252343517e-01 2.248497089720990216e-01 2.109574289518954260e-01 2.647255741878932200e-01 2.098437424013800401e-01 8.242736094916258693e-02 3.477772565253577780e-02 -1.031521961338464494e-01 -2.219858245694912580e-01 -2.551441969238142371e-01 -2.477538218316114316e-01 -2.748957274346546242e-01 1.528345289057834178e-01 -1.847251120642670330e-01 -3.330983609808747525e-01 -2.518573003347366335e-01 -3.257759066293223205e-01 -2.088285245051190731e-01 -3.455560557764586482e-01 2.271296863846141434e-01 -6.876683874944347630e-02 8.480147053401516921e-02 -1.942694608960371938e-01 -2.861439707436922442e-01 -2.189608159315835356e-02 -1.482805169590265459e-03 -1.590390363906801774e-01 -1.903374893328665940e-02 6.498807911072891630e-02 -2.598427200192079956e-01 -3.268614353780544546e-01 -3.747098843348307118e-01 -1.558173261652952626e-02 -2.083178078500230387e-02 7.922715051413928289e-02 7.967735476547359308e-02 9.057312904868038139e-02 2.055288306637981510e-01 3.012569823655456558e-01 2.575184076793060051e-01 -3.122407563813735937e-02 1.784642822502439941e-01 -3.194279734115743064e-01 -2.669554351522698266e-01 2.551184669031609231e-01 1.674959364276596557e-02
2.843532846757180765e-01 1.000000000000000000e+00 6.414506335724835528e-01 5.087910159031138191e-01 4.281142493533561799e-01 4.895037483671548784e-01 6.357393514145415203e-01 7.245978679851533544e-01 5.522064267121173931e-01 2.374235765481916560e-01 1.691550512856172528e-01 9.030132091703514663e-02 -8.152676995862963294e-02 -2.120587258175138379e-01 -2.566011160324598306e-01 6.246049023749660201e-01 2.284398940122483179e-01 2.550178018461727869e-01 1.556526625539970954e-01 -1.095683003197884670e-01 -2.304312587672855406e-01 5.782974445154738519e-02 -3.714089621743910108e-01 1.126931519899574408e-01 1.984253214613291294e-01 -5.987006250125941065e-02 -2.873333680748896835e-01 -5.466570660663375852e-02 4.311847967893524258e-02 -3.835797848217906703e-01 5.391863748275881746e-02 -2.964005035138986277e-01 -1.810656658824837117e-01 -2.962688190520659098e-02 2.025723826563021607e-02 9.683201269079523554e-02 4.196732546955380533e-02 5.456425470099774550e-02 2.043865851930719568e-01 2.677877442597604851e-01 -3.717941418004793580e-02 2.171282826857218184e-01 2.539185792865981256e-02 4.845013491050261661e-02 7.800470606995933698e-02 -2.123276509569558268e-01 -3.710541448107334550e-01 -3.840408974623693017e-01 4.039052658134734131e-01 2.210877796635916936e-01 4.704861724041758397e-01 8.863491806665022565e-01 4.771125283965673702e-01 4.275553028141326761e-01 6.413827854378755244e-01 5.101398358010075240e-01 7.117967016004809189e-01 5.918655509576745688e-01 2.901594815086618318e-01 2.193119482576630641e-01 1.232751526849335810e-01 -1.110364288992806911e-02 -1.894460549754855005e-01 -5.635714958701344701e-02 -1.301385000103810474e-01 -2.381867770810696394e-01 3.917863394248021214e-01 1.882779395200996075e-01 -6.255837368049604885e-02 1.746576203800569993e-01 -2.639784802930828511e-01 2.086700362355375094e-01 -3.972178182380812217e-01 2.552699182105152009e-01 2.340567528561178223e-01 1.773675997323410636e-01 4.264687993299158542e-02 -3.164839180879608915e-01 7.568415489355669046e-02 -2.001499094743133533e-01 2.303608089843848725e-02 -2.154088432174927903e-01 1.394540040793394997e-01 1.166641601912469239e-01 -1.637417822138259593e-01 -2.605751635765380936e-01 1.126786815919846585e-01 -1.623713282799759683e-01 2.526396119881009206e-01 -1.277693928093636688e-01 -3.056491804764720904e-02 2.626190428390611231e-01 3.597061465202512909e-01 2.634263022735881532e-01 1.659460373968871527e-01 1.716363577188464171e-03 -2.674284658824189198e-01 -4.036892961773630439e-01 4.376171307143779665e-01 1.552942499868008863e-01
2.882534948406007547e-01 6.414506335724835528e-01 1.000000000000000000e+00 2.402515743809654353e-02 1.114850913613342070e-01 8.026918976053197818e-01 5.493062079055222036e-01 6.712994925376757349e-01 6.846635679802678398e-01 3.741615691931507448e-01 3.396246137197095338e-01 2.982778809931918573e-01 9.039436139679672688e-02 -8.691983065584184265e-02 -7.705288211371187634e-02 3.674157304272773761e-01 3.507564774307054822e-01 2.009226047378132596e-01 2.294210970794089699e-01 -1.036496243215804663e-01 -1.443177304439750841e-01 2.112089815471908383e-01 -2.139999478804416044e-01 3.017139703648579752e-01 2.966198679658833548e-01 1.218659549231225214e-01 -2.121906888956431592e-01 2.338689007565697420e-02 1.663073576759022398e-01 -2.324823503352621279e-01 -1.023535500081927153e-02 -3.075379894037813533e-01 -2.347633161290345882e-01 -4.814961194691352864e-02 1.449010044065495439e-01 -3.418266465952640720e-02 -6.111365173218280544e-02 2.128762062796919763e-01 8.965629135659336502e-02 2.458093545862252149e-01 -1.735823450553489466e-01 1.818605611825988289e-01 8.444180858608671403e-02 8.315443894194260790e-03 -1.595071748675415402e-02 -1.539063957188614440e-01 -3.376082427359213267e-01 -3.248471460277666534e-01 6.463494814408837774e-01 2.286722709443373969e-01 3.574225647134023354e-01 6.824005063644319469e-01 1.858502754397385603e-01 -1.149487842986774977e-01 6.331884201726740713e-01 8.333442321238935246e-01 6.168744514489984399e-01 4.407026235879730747e-01 3.595349096609913864e-01 4.041371593561189912e-01 3.212541083900794514e-01 1.928408539094000618e-01 -4.891949127772032835e-02 8.644468422888229586e-02 -1.525867177669625952e-03 -5.056643210260606397e-02 2.814915563793292663e-01 3.319723187653015883e-01 5.396025801246157050e-02 1.178675768446540290e-01 -1.539968575187309341e-01 3.585763989181956490e-01 -2.262705945646351913e-01 2.500597253566279043e-01 3.845884692684556905e-01 3.698680586295710615e-01 1.988175162174030675e-01 -1.182625537311639968e-01 -4.350881184078024544e-03 -2.538431055025941463e-01 1.943093190524406988e-01 -1.603166023679394037e-01 9.701585077556268422e-02 2.458813292880711598e-01 -9.303123994685477682e-02 -1.736918268328441761e-01 -1.484337846727309647e-03 -1.750056230210746411e-01 1.576115875805244315e-01 6.176127413508234604e-03 -2.098655913925305538e-01 4.768681510128841006e-01 3.423153065348544799e-01 2.282936785197030582e-01 2.803282443346467590e-01 -1.399557694476936676e-01 -1.930848156472215749e-01 -3.095514846722850488e-01 6.431369659020191865e-01 2.086571543564650910e-01
5.496905313196109172e-02 5.087910159031138191e-01 2.402515743809654353e-02 1.000000000000000000e+00 5.083259834790346821e-01 -9.603162605261134077e-02 2.632669744033441228e-01 3.486040154190374607e-01 1.037938903879467023e-01 -1.229116001855638934e-01 -1.228531405099171636e-01 -9.094838821684442243e-02 -8.568608578960831834e-02 1.453216483779763146e-01 1.050897279046951183e-01 3.386031090073522987e-01 9.839572637935249666e-02 2.016845831326840865e-01 2.920258943068604340e-01 1.281722869624523087e-01 2.105876254661231128e-01 -1.096015366243380806e-01 -2.761466881181664276e-03 -6.872975373996186021e-02 -1.464889464299553301e-01 -1.716112774146422437e-01 -5.713858278321620743e-02 1.019645030297059440e-01 1.605082714415647371e-01 6.509571590641216599e-02 6.632843419496876891e-02 8.240478223490266263e-02 1.275089933967955558e-01 -8.422977267761401488e-03 -6.730303723430228202e-02 -1.408678885875362108e-01 9.719583956407597258e-02 -2.015908241745260898e-01 8.167465423556721782e-02 -1.271596253908095081e-02 -2.833442009310608439e-02 5.861495404146345933e-04 -1.326624798931106963e-01 4.366013883276333857e-02 1.050091170753002512e-01 5.603515107856824051e-02 3.024220971040764844e-02 3.332246757522404346e-02 7.937368365192345315e-03 1.576590768656862263e-01 1.972703376583160029e-01 4.862731931562342402e-01 5.570588856877676243e-01 8.499001803390638932e-01 2.052233961446741639e-01 -3.775606196136301052e-02 3.873996089497275808e-01 3.430209387684600708e-01 -1.035576308738691137e-01 -1.019261312008866611e-02 -1.541336290493844352e-01 -8.451962050075574606e-02 1.169559893127159883e-01 2.130373380262769456e-01 2.225611785965437017e-01 1.106615246911592798e-01 1.193114905179003676e-01 1.701974437220640513e-01 1.152019290439269955e-01 2.929771325790341829e-01 1.867742979146040649e-01 7.030892997688895085e-02 3.750793335488411540e-02 7.100659533617102726e-02 -4.586737157971416262e-02 -1.083601633297743977e-01 1.495931240780189186e-01 1.421918695913867818e-02 2.697122955769924030e-02 5.762026352750789643e-02 -4.676794415125924004e-02 -3.523281860909821539e-01 -3.558722743192921367e-02 -1.217497119594173997e-02 2.489526168249233534e-02 9.810239630131925570e-02 1.695890935725529736e-01 4.095699461643581563e-02 1.507328414970574848e-01 -3.471238269573456159e-01 1.568373363137136323e-01 -1.382553840028806769e-01 5.036594763638391203e-02 -3.281411576733633123e-02 -1.488360545419274705e-01 5.124123918884058992e-02 3.534608540744063609e-02 3.551622862875174896e-02 3.164925877739672294e-02 6.304736447578555836e-02
1.243527356123928923e-01 4.281142493533561799e-01 1.114850913613342070e-01 5.083259834790346821e-01 1.000000000000000000e+00 1.817689761226984335e-01 1.076899882582602608e-01 2.024793239616815288e-01 2.113419276111868639e-01 -1.359080528707161048e-02 -5.196798263440294274e-02 -8.329550679397761115e-02 -2.272243358381966782e-01 -7.404871184484602964e-02 -1.273805554313457711e-01 3.124051134588959888e-01 -4.021943900777739250e-02 -5.507265950716024039e-02 2.092576597503997479e-02 -1.029523331532022773e-01 -7.048600155651645049e-02 -2.468211245426014666e-01 -1.319607395696796859e-01 -1.581329113817775966e-01 6.108838618470649809e-03 -1.225276565181878385e-01 -1.621039131288018742e-01 -5.444820855573875157e-02 4.230425766445574873e-03 -1.497221386530734055e-01 6.172054704930730190e-02 1.191964336442233874e-01 1.605849535006579620e-01 -2.185075437721320513e-01 -2.408077071118920887e-01 -4.011481838985732351e-02 -1.182172891729611069e-02 -5.312784743172208751e-03 5.397287279943609878e-02 -4.299535725847912493e-02 -1.206546699790550237e-01 4.067925229633117395e-02 -2.423075555466349118e-01 -1.879573767777235199e-02 -5.444603198656314258e-02 -1.333613790625689521e-01 -1.689305150127660415e-01 -1.291741546422644493e-01 1.581699673106811560e-02 -6.653898364737750870e-02 2.545147035118704437e-01 3.312021174408859570e-01 4.967043361709187477e-01 4.640121909521466859e-01 4.472955064241916912e-01 1.504013961607808536e-01 1.677931395828810845e-01 2.740366544459466036e-01 1.146177782016918195e-02 -5.253399532296484931e-02 -1.143415588047202031e-01 -1.772293849573066959e-01 -1.513783988570765737e-01 -5.821899259113627600e-02 -6.502605224478198720e-02 -1.302502188188130461e-01 -4.514310733776067536e-02 -3.385371287529798101e-02 -1.624878321442588258e-01 -9.267271445724124812e-02 -6.966713897236505304e-02 -1.541979735832357257e-01 -1.771857935483789337e-01 2.492462298186885403e-02 -4.646035142870280459e-03 -8.432067551872778066e-02 -8.564499492108190726e-02 -1.185581594545765949e-01 -1.657014528682376475e-01 1.000679191356949882e-01 -2.036290594328116210e-01 -3.477416412079890051e-01 -7.128428129882970199e-02 -2.330518535668859581e-01 -2.032328050164617095e-01 -1.851669267134912755e-01 1.069855081363138144e-01 -5.435480653634536946e-02 -4.661115556781127850e-02 -2.083993360956087060e-01 2.105107677091241636e-01 -2.476301355327077958e-01 5.486760533551630903e-02 -4.300501068483768979e-02 -2.498168377812707008e-01 6.294992428159487674e-02 -1.442870744636359503e-01 -9.697161014521282763e-02 5.293230881416059741e-02 -1.163122307597934946e-01
2.137018601902763160e-01 4.895037483671548784e-01 8.026918976053197818e-01 -9.603162605261134077e-02 1.817689761226984335e-01 1.000000000000000000e+00 4.917766910318528972e-01 6.061856804120113740e-01 6.985661186347389418e-01 4.559311869447661980e-01 4.256293303848747156e-01 4.022650813303378370e-01 1.945077014914566582e-01 -6.760146794830812489e-02 -6.465188315536568586e-02 3.042155809326203553e-01 4.187549876598037901e-01 1.459208910366714684e-01 2.238600156107884154e-01 -1.423690853554617219e-01 -1.617182046593284017e-01 2.790924986515430639e-01 -1.706408893436686669e-01 3.619375684419871564e-01 2.997159490412921734e-01 2.428493574278307032e-01 -1.649164570167137578e-01 1.039026391003648048e-01 2.375882879217260379e-01 -2.177328657854783467e-01 -6.417874818324825759e-02 -3.501091652542485666e-01 -3.118120140280761787e-01 -5.751828908409383628e-02 1.666887291691335204e-01 -2.896436283446313792e-02 7.946857426290981560e-03 2.271282217541919224e-01 1.623050460392161110e-01 2.719345196197932579e-01 -1.688516147542468149e-01 2.227553623457965426e-01 1.414157947191863607e-01 4.912956127092161368e-02 -2.990727519081119549e-03 -1.461071422759017691e-01 -3.383687826563775980e-01 -2.959756538329346154e-01 7.029520768707954170e-01 2.463197484591221897e-01 2.623501176621093056e-01 5.333455921524858923e-01 9.924888081543557783e-02 -2.190715024715740034e-01 7.226634452241662565e-01 8.678394981052235391e-01 5.107421194081380733e-01 3.940934910520740297e-01 4.559281143255344837e-01 4.880031942007793111e-01 4.495787470344864700e-01 3.142359328983652667e-01 -5.594827084256545624e-02 7.779954140216149838e-02 -1.945215429283671596e-02 -5.200889305289971287e-02 2.576679720808342511e-01 3.694367497649126419e-01 3.974984477186797871e-02 6.334522163247084670e-02 -1.594985298409655194e-01 3.903783706871039594e-01 -2.288684094592401408e-01 2.277858145386972288e-01 4.573663866074305639e-01 3.954111259808372747e-01 2.415879162081979448e-01 -4.063368634197475626e-02 -7.531935723971774910e-02 -3.007575383674953584e-01 1.589077885482552410e-01 -1.336968761886179191e-01 7.778236480709199707e-02 2.176978643105332845e-01 -8.941302307802177773e-02 -1.755961813564800300e-01 7.860486613378248055e-02 -9.715395719979875999e-02 1.554479693188997591e-01 -5.871745670209652145e-04 -2.713808638842576393e-01 4.448040752004081000e-01 4.356801463199354574e-01 2.443130775429393220e-01 2.873445660458813777e-01 -8.393248613584256002e-02 -1.932242068495168552e-01 -2.857741329781725015e-01 6.964558158363013396e-01 2.036738989910132913e-01
2.949890970408926560e-01 6.357393514145415203e-01 5.493062079055222036e-01 2.632669744033441228e-01 1.076899882582602608e-01 4.917766910318528972e-01 1.000000000000000000e+00 7.650313859781661119e-01 6.007835428724690452e-01 4.941521600263582004e-01 3.719263252368789074e-01 2.483993186687155075e-01 1.380385737225358345e-01 -1.573678705205013573e-01 -2.214252585474254242e-01 5.758859736251361605e-01 3.236913151878282879e-01 2.028199508091209080e-01 1.983426156947213359e-01 -4.188478047876795923e-02 -2.057769877971269978e-01 1.615250551570183435e-01 -3.336423555860575929e-01 2.717933503048804433e-01 3.527602831900853997e-01 8.904399842605939530e-02 -1.645876609060737683e-01 1.230730092933083192e-01 1.521076970833739606e-01 -3.540732536302744204e-01 4.591089693371314118e-02 -3.940784844807032061e-01 -2.563340382216371394e-01 2.712136703707813609e-02 1.949025532863880306e-01 1.802546642525935383e-01 2.058165803215453449e-01 4.673530077691231965e-02 4.883788268938306087e-01 6.184241689058481706e-01 1.687090878299337682e-01 3.699885458400959393e-01 2.853577191550502046e-01 2.102944810832140798e-01 2.394711255401187622e-01 -7.995358690139721392e-02 -2.464536062123361404e-01 -2.943543662028829666e-01 4.855275094746169806e-01 3.741610378637666989e-01 3.455941574499669655e-01 6.483225523566307213e-01 3.426811739097637144e-01 1.499365335676863809e-01 5.800422782130428834e-01 5.598668683666285784e-01 6.875175468370561260e-01 5.577775817078305387e-01 5.318590376510109463e-01 3.694375652978637015e-01 3.150573776379216873e-01 1.755245926107177890e-01 -4.507733956328627972e-02 -3.533592847842292883e-02 -1.026441055021200255e-01 -2.225568658268311517e-01 6.314297887206500315e-01 2.042173558193985661e-01 -4.782653716277917438e-02 1.313151732665890636e-01 -2.250967119620996548e-01 3.371771568111480155e-01 -3.811429221276647628e-01 5.375088317267282534e-01 3.129103902125028869e-01 3.668869749899680288e-01 1.566946738705759790e-01 -2.415473045165875687e-01 9.889888065200644340e-02 -3.014260372467793547e-01 3.502901274828137262e-02 -1.071942361525130005e-01 3.406227459499742705e-01 2.664960826489742862e-01 -6.761682890219841181e-03 -1.168008835271914236e-01 2.506945761676376838e-01 -4.577116579263729862e-03 3.704167829426873171e-01 2.962018580837894564e-03 -1.511783557792058807e-01 3.090541717388738951e-01 5.816863969737362527e-01 4.229585487374227237e-01 3.974154526663598586e-01 1.749392500339613243e-01 -1.502205873255225699e-01 -3.208565966043531725e-01 5.427635648207197461e-01 2.795268905658503389e-01
2.349735346132686420e-01 7.245978679851533544e-01 6.712994925376757349e-01 3.486040154190374607e-01 2.024793239616815288e-01 6.061856804120113740e-01 7.650313859781661119e-01 1.000000000000000000e+00 7.648360598319126069e-01 3.940291807125041457e-01 3.686853290381976733e-01 2.915070195412841625e-01 9.853941595910360729e-02 -1.343700822948133700e-01 -1.883761140766612163e-01 5.873190630240432419e-01 4.229412647801293335e-01 4.218870520716734851e-01 3.094492313808440143e-01 6.121378928906161948e-02 -1.435822743553888114e-01 2.133151645654770001e-01 -3.126392539394844405e-01 3.031781749975610007e-01 2.478824279904857930e-01 1.534756690544705204e-01 -9.473753182545108231e-02 1.877032397507219508e-01 2.481828791417011737e-01 -3.423636445926658278e-01 -6.971229146772023322e-02 -4.856807138162013149e-01 -3.700134127276493712e-01 8.979654872586888270e-02 2.217870625636707560e-01 9.047225370287433066e-02 1.183906304264404769e-01 -5.188292546209374856e-02 3.253129487040949952e-01 3.955911322544033437e-01 3.424380389382297024e-02 3.217189693099584136e-01 1.937323233424493307e-01 1.444255405780432988e-01 2.586063562903987978e-01 -4.035931430637563350e-02 -2.802320095390006816e-01 -3.004573002879433186e-01 5.330114093690199173e-01 3.631795236923742731e-01 2.668836572121456308e-01 7.490691647696003930e-01 3.179361081853832038e-01 2.194326782781619856e-01 6.835142519134498329e-01 6.710060657661295336e-01 8.344344707706353725e-01 7.269322414017872491e-01 3.967322523891132491e-01 4.539534675590127799e-01 3.236070578685653065e-01 1.504199441204126797e-01 -1.051534416888763313e-01 3.657072699009253358e-02 -3.037035820036473183e-02 -1.703618779842979436e-01 4.272022775566127750e-01 3.568200035103660794e-01 1.192244976752064867e-01 3.585952164271573595e-01 -1.582288436800936560e-01 4.177968822650870440e-01 -3.187762707009865748e-01 3.722825295981332938e-01 4.094269873636690593e-01 4.019944814623778728e-01 2.534143323800203129e-01 -2.190658413150967099e-01 -2.583008910068474925e-03 -4.248298594581200738e-01 1.716402786558769711e-01 -1.019819083064054527e-01 3.193715232908102553e-01 3.576417689941564504e-01 6.116982917840087242e-02 -1.353286783775433377e-01 1.912869787948406619e-01 3.833842571030114665e-02 4.251665275775697306e-01 1.422374712023908271e-03 -2.717930679220833534e-01 3.075646627792731902e-01 4.871891246424412403e-01 3.383041705329322690e-01 3.412372228274110908e-01 4.491093158595507728e-02 -1.126292953961101212e-01 -3.120674452830451973e-01 5.803985574970588202e-01 2.824198500020136948e-01
1.608738557260160074e-01 5.522064267121173931e-01 6.846635679802678398e-01 1.037938903879467023e-01 2.113419276111868639e-01 6.985661186347389418e-01 6.007835428724690452e-01 7.648360598319126069e-01 1.000000000000000000e+00 3.525651334753598376e-01 3.315435895817058776e-01 1.877180907165391655e-01 9.124769734122054055e-02 -2.852895456759364790e-02 -9.634085655412767679e-02 3.971277685303983285e-01 3.669187664292297146e-01 3.490929614317154206e-01 2.937977583283241656e-01 6.558309152350029481e-02 -8.568586343984387066e-02 1.928089276550404019e-01 -1.647025484721760247e-01 2.186856321138632153e-01 1.690078047256004246e-01 -7.211841012877425773e-03 -9.241504157669011565e-02 8.446013620990548698e-02 2.390776572356679841e-01 -2.462174698451297661e-01 -1.520621519460788225e-02 -3.207802999313741354e-01 -1.857205587944561753e-01 6.689883574806160249e-02 1.719575907752834143e-01 1.095347762496252236e-01 3.231727764831153482e-02 1.093303525258773751e-01 2.826293721359421363e-01 3.176475389655454840e-01 7.393971619731626310e-02 1.747429286293185335e-01 4.131636651098784946e-02 5.522296057896003418e-02 1.226045351640004388e-01 4.982568466999011229e-03 -1.744479802807740731e-01 -1.723007683265829204e-01 5.585363662749188718e-01 2.541733943280320984e-01 2.386134623915637798e-01 5.889763665282202743e-01 3.101825193305087214e-01 -3.663416297875946026e-02 6.297539847024126169e-01 7.549182391996190900e-01 6.633925236432763883e-01 7.049171392078069642e-01 3.521708345109672567e-01 3.440162435465451973e-01 2.126260233351349449e-01 1.445946607175431775e-01 -7.394288896613591955e-02 6.793370118853009343e-02 1.018552700221283039e-02 -5.782894002835708286e-02 3.125015914968036213e-01 3.639449198383146733e-01 9.823277022213416920e-02 2.966920871503966328e-01 -8.968758501436187303e-02 2.967218637277932447e-01 -2.040391362493743921e-01 2.390668705950875772e-01 3.731552763462205324e-01 1.768604111794824518e-01 2.498700507966442053e-01 -1.085294383069870805e-01 -1.172168913794580276e-02 -2.330506536363034231e-01 1.538912629541593913e-01 -3.004742535643234111e-02 1.968771292246812021e-01 2.205057350640901304e-01 4.564170515010445434e-02 -9.191184435018294463e-02 1.360440985259364355e-01 -2.969032028683337571e-02 3.711692938132138408e-01 4.530170408151015619e-03 -1.356529986581691827e-01 2.192158801496882914e-01 4.701650690806771227e-01 1.897366401044805750e-01 1.650400371716497783e-01 -8.381435537594857099e-03 -6.005637601269678272e-02 -1.974519859189741711e-01 5.782909537996322458e-01 1.526072886310579635e-01
1.791525354859056229e-01 2.374235765481916560e-01 3.741615691931507448e-01 -1.229116001855638934e-01 -1.359080528707161048e-02 4.559311869447661980e-01 4.941521600263582004e-01 3.940291807125041457e-01 3.525651334753598376e-01 1.000000000000000000e+00 6.625972897622752766e-01 5.515319795951983961e-01 2.970803389629765312e-01 -6.226566323097291328e-02 -1.143618172413567169e-01 2.461652844561929843e-01 3.375376175596223605e-01 -2.990572825199556625e-02 8.710095733036823940e-02 -2.947081654105960236e-01 -2.003722888589446194e-01 2.272915169121585977e-01 -2.207844794044283021e-01 3.980860175918806698e-01 5.078525869924744862e-01 3.513903279431279114e-01 -1.633188095547283281e-01 2.309139307483909498e-01 2.203912147194710680e-01 -2.492379483289412501e-01 3.414663900096122362e-02 -2.480092716823793508e-01 -2.162795722563113920e-01 -4.002770999178418415e-02 1.518266567995314453e-01 4.711201389459147154e-02 2.362888816445333495e-01 2.310565826984931626e-01 4.489016462838848476e-01 5.807257803888438152e-01 1.470065467743841316e-02 4.778702518103361552e-01 3.289245199268197029e-01 2.858104843929361594e-01 1.190253250703380283e-01 -5.371294380943843205e-02 -2.267933021634853941e-01 -2.367972496772678959e-01 3.394401104419122461e-01 1.715968437099260058e-01 2.053795642009141609e-01 2.863643843419645951e-01 -7.311911802266422497e-03 -2.318051995590909020e-01 3.917829804727542831e-01 4.921728099689554603e-01 2.831657575090472667e-01 1.626858723142748653e-01 8.333032911574124180e-01 5.573702983747420570e-01 5.653946359880763772e-01 3.138274928073183645e-01 -3.808633660840803070e-02 -4.841195245768158129e-02 -1.014829151180247635e-01 -1.525184963287468387e-01 3.171060738361821119e-01 1.796004335402051622e-01 -7.970316929819593055e-02 -1.519707623342362035e-01 -2.207341078130974077e-01 3.365695500202784962e-01 -3.074730444868818968e-01 5.721212575840549652e-01 3.991126245408895268e-01 5.438739432687326181e-01 2.172256052226510803e-01 -7.355340091980541728e-02 -4.464570052735138475e-03 -2.080334864513694593e-01 -6.088195069668846798e-02 -6.267970925520717496e-02 3.113591696495484618e-01 2.050263520527706163e-01 -7.114325401970301999e-02 -8.799918533457161407e-02 3.248730351834627772e-01 8.810638737158774103e-02 8.770083126593689049e-02 9.509881028200331543e-02 -8.133569181124235270e-02 3.185820716222878546e-01 5.969492521209742719e-01 4.555436125035854933e-01 4.386902728551442809e-01 3.199061965948944986e-01 -9.850074670998694437e-02 -2.557603839151835756e-01 3.887107288166586905e-01 1.820039517549011943e-01
6.321258424650623431e-02 1.691550512856172528e-01 3.396246137197095338e-01 -1.228531405099171636e-01 -5.196798263440294274e-02 4.256293303848747156e-01 3.719263252368789074e-01 3.686853290381976733e-01 3.315435895817058776e-01 6.625972897622752766e-01 1.000000000000000000e+00 7.019369290712242915e-01 4.310411382145519221e-01 3.808959345246642342e-02 4.339841820020301499e-02 1.020248870206107022e-01 4.403396234893439121e-01 9.888627860488913290e-02 2.081563737494512289e-01 -1.393667206669692571e-01 -9.236658818040584251e-02 3.030715330805457408e-01 -1.213556323720962615e-01 5.368159322324213001e-01 2.433769900852859880e-01 5.114776503428262178e-01 -3.412935615039516812e-02 3.951131249420372638e-01 3.409160298930417055e-01 -1.251651350844827648e-01 -1.779152197863045903e-01 -3.041032651899397976e-01 -3.690820917442033666e-01 -3.970563696200886394e-02 1.726728099609402822e-01 -1.873823382180127110e-03 2.083637488638794277e-01 2.563791116321790034e-02 2.315427588340817078e-01 2.913876043826594819e-01 8.392679097500533800e-03 3.414923625137215590e-01 2.947744602991689833e-01 3.500611087798997656e-01 1.937260352574006472e-01 5.399452322742426258e-02 -1.967188792933616259e-01 -1.331265198378658587e-01 3.627777360155762243e-01 3.441654648005014749e-01 1.044647485367498491e-01 2.373482566068724486e-01 -1.774124633479851054e-01 -2.289023158536864777e-01 3.727410489573444452e-01 4.866756153085121661e-01 2.472929770192980325e-01 2.404824943516300495e-01 6.264983694444258289e-01 7.655384800655637978e-01 6.880763125514010037e-01 4.840233330202793338e-01 2.439495897768226979e-02 4.426766789780860883e-02 1.646623369513031815e-02 -4.741846113333398303e-03 1.787135847366867480e-01 3.166863834295821079e-01 1.223954769886848558e-02 6.096835237321337163e-03 -1.041751263927755966e-01 3.901741271958130697e-01 -1.740956587877199868e-01 3.491997631576019834e-01 5.304092039958698823e-01 5.188733948234823812e-01 3.315274247562586263e-01 5.366165896490168036e-02 -1.134164541893484257e-01 -3.197713356814776420e-01 1.382544442929994066e-01 -5.103215055178053627e-02 1.244131093660566373e-01 2.672063557848786131e-01 2.357025234576532596e-02 -1.193634681862071473e-01 2.226591140104302591e-01 1.567763059784839930e-01 2.282821147401447315e-01 1.569586888509946210e-01 -2.528085104770779190e-01 1.907067594124308429e-01 3.612385512341024785e-01 2.784558149317206688e-01 3.719913087734894042e-01 2.788447617058659178e-01 -2.291365892032229054e-02 -1.576041957991055342e-01 4.179281367916222734e-01 3.394791291916784415e-01
4.338168640661841519e-02 9.030132091703514663e-02 2.982778809931918573e-01 -9.094838821684442243e-02 -8.329550679397761115e-02 4.022650813303378370e-01 2.483993186687155075e-01 2.915070195412841625e-01 1.877180907165391655e-01 5.515319795951983961e-01 7.019369290712242915e-01 1.000000000000000000e+00 4.425822597057081920e-01 3.169587843724180204e-02 8.349757162639419306e-02 1.466493779874852299e-01 4.872717781271035942e-01 8.866960277033807125e-02 2.142710904498221491e-01 -1.295565985919990282e-01 -5.756204052157117695e-02 3.651837608637786836e-01 -6.843877532407190156e-02 6.668767130909252216e-01 2.107873697911983105e-02 7.580410896290247225e-01 -3.771199694276945649e-04 4.698011827100778692e-01 3.827522838452809828e-01 -4.465718547588103104e-02 -3.346124989344328449e-01 -2.981555188453539618e-01 -4.800605331272554954e-01 2.933423405410893331e-03 2.316046872160063275e-01 -1.563373305874622698e-01 7.494997020303838242e-02 -6.855187611241096712e-02 9.308962660396741251e-02 1.264088143987611434e-01 -1.820255088414845790e-01 2.044912631649748735e-01 3.659180346764004943e-01 2.474257626189250436e-01 1.974178516767538250e-01 2.160804209173339957e-02 -2.062566960737590716e-01 -1.692878242159443769e-01 3.631872417413221088e-01 2.888777270660298768e-01 3.242467669404206637e-02 1.862291811251024498e-01 -2.370282783521882874e-01 -2.005801113558502158e-01 3.293416387186030025e-01 4.198132838643902631e-01 1.727236776063495738e-01 1.129314502221675925e-01 4.658667920081693281e-01 8.256400873979917732e-01 8.295309306851564868e-01 5.328076894271136510e-01 4.737159916985418488e-03 8.187290967462793057e-02 5.896649897084692282e-02 4.673468184863014546e-02 2.331338581523913212e-02 3.261872359237720231e-01 6.487871392138111482e-02 -1.579831945953842631e-02 -6.337850927685792501e-02 4.265435316999255377e-01 -1.079536914567127970e-01 2.891527442326028430e-01 5.768776975033512722e-01 6.044120816885144576e-01 3.824130331282435402e-01 1.217285930399394367e-01 -2.486306640004469770e-01 -4.527117699212718227e-01 2.091268296843469543e-01 -1.284598678335929778e-01 7.500721926197184697e-02 3.142646788349371390e-01 3.734165899749217199e-02 -1.344300029206249580e-01 6.602891642938626959e-02 2.368131297304021388e-01 1.517917016970714017e-01 1.785369627774749668e-01 -3.828558914523795265e-01 2.345866707988891742e-01 2.613105606198555253e-01 1.582334743563326152e-01 3.749546410651496964e-01 1.090286126276428375e-01 -3.389655853267650037e-02 -1.336617139706323676e-01 4.118186080676469185e-01 3.185413512354708931e-01
-1.124533771526940451e-01 -8.152676995862963294e-02 9.039436139679672688e-02 -8.568608578960831834e-02 -2.272243358381966782e-01 1.945077014914566582e-01 1.380385737225358345e-01 9.853941595910360729e-02 9.124769734122054055e-02 2.970803389629765312e-01 4.310411382145519221e-01 4.425822597057081920e-01 1.000000000000000000e+00 3.938239395865996140e-01 3.301388164952001048e-01 -1.621858091879421759e-01 5.863325437853300626e-01 2.449996838851145609e-01 4.212553479988476179e-01 2.340908211159963837e-01 2.992430768888086345e-01 4.608608732077859038e-01 2.635319966782082579e-01 4.274553490615152218e-01 -9.803047037634861002e-03 2.081267336987354943e-01 3.316881959070701602e-01 4.446429860217857577e-01 4.377929822425059569e-01 2.443889682905458771e-01 -1.338827770799366212e-01 -2.455340038728417162e-01 -2.420305797932078840e-01 2.614358696709107588e-01 3.281547865825543697e-01 -6.222366478597442935e-02 2.735328001244340945e-01 -7.881730421766561245e-02 1.807679028800084908e-01 1.040290368503356405e-01 1.222806037300325638e-01 1.074226438440235437e-01 1.349573390622833546e-01 2.412836466739664842e-01 1.805046216495368172e-01 4.061864575667812338e-01 3.085806374437608524e-01 3.188533718377556947e-01 2.799443580968926093e-01 3.966699063489133037e-01 -1.110191723253584201e-01 1.297871452896887275e-02 -2.371672372252606464e-01 -1.533081062929886607e-01 5.639947888370425155e-02 2.317675369365194415e-01 3.658165125165042941e-02 -2.464722590671719615e-02 3.223488562804830981e-01 4.599379667494491453e-01 5.275040378824454868e-01 8.540451921358611642e-01 4.335283244976383399e-01 3.479877453452071001e-01 2.780851288995971338e-01 2.880864581935250190e-01 1.759863168733523386e-02 5.330208851318438690e-01 3.294550751884311457e-01 2.852879868131684704e-01 2.700155392212754135e-01 4.490217061657428288e-01 1.953314279418859878e-01 3.839956644442286265e-02 3.216840189736504541e-01 1.688130814311373795e-01 4.760878764643951544e-01 3.394123221776433885e-01 -2.282300929950391993e-02 -2.130528741119959713e-01 3.433063523787766025e-01 8.423900708619279365e-02 -2.569732218933089285e-02 2.721072432597685387e-01 4.444262837957927426e-01 2.977026891388859786e-01 2.901158354584724153e-01 2.074179911251335384e-01 2.685440268260564922e-01 3.300319265793363877e-02 -2.454126812417392611e-01 7.330968218042207760e-03 1.986034124946175483e-01 4.950437817012449948e-02 1.468636456454493755e-01 1.363721668672117915e-01 3.760247660737701114e-01 2.847413889534319287e-01 3.075734906123666068e-01 2.686364896877164177e-01
-2.877517014648856564e-01 -2.120587258175138379e-01 -8.691983065584184265e-02 1.453216483779763146e-01 -7.404871184484602964e-02 -6.760146794830812489e-02 -1.573678705205013573e-01 -1.343700822948133700e-01 -2.852895456759364790e-02 -6.226566323097291328e-02 3.808959345246642342e-02 3.169587843724180204e-02 3.938239395865996140e-01 1.000000000000000000e+00 8.623628796098229410e-01 -4.510795529944431892e-01 4.777821006246917857e-01 2.999347601256625584e-01 7.287141174179273539e-01 4.463980163345600549e-01 8.563578613893012559e-01 3.348754082095106166e-01 8.257090156979586260e-01 2.424277247701442373e-01 -2.305181134653244701e-01 -1.090915961258541456e-01 4.414482194908375678e-01 4.053675034066889227e-01 5.436889869599200731e-01 8.392478800186503607e-01 -5.108439012522199979e-02 2.959054426859696885e-01 1.866393925637457318e-01 2.498261357475598521e-01 2.140660302558658745e-01 -3.429162871890958919e-01 1.218318703667714414e-01 1.002872766730371519e-02 -5.740837645787623400e-02 -1.339866588819756954e-01 -1.064805043479318813e-01 -2.430062612522761456e-01 -1.105104787536827227e-01 -5.418066623558103617e-02 -1.487452747678933151e-01 6.316686475254589261e-01 6.396272469695106766e-01 7.222598802413690011e-01 2.489553045239724718e-02 1.004464614245555720e-01 -1.675796051296102041e-01 -1.267572852607971312e-01 -8.689457978727586906e-02 -1.153646560260612915e-02 -2.392262143645948191e-01 2.448849537961342651e-02 -2.225927460325662077e-01 -2.162690442545388558e-01 -5.288733409548644626e-02 1.154966413793337976e-01 -2.606508925366224361e-02 3.164930532173232391e-01 7.863100066232265872e-01 8.309785440970780535e-01 8.115291657312669882e-01 8.505785418003454224e-01 -3.309772371829974302e-01 6.326946742933322598e-01 5.829937600159399436e-01 4.641417474357882877e-01 8.123995682405426022e-01 3.458923222750825976e-01 8.044277845490289680e-01 -1.311557505829448467e-01 1.021635760151506922e-01 -1.960276069391627407e-01 6.091093212214190311e-01 7.751617214681894019e-01 -2.772829898875188437e-02 2.795661444332650514e-01 3.861348549500531191e-01 -1.572846650116435929e-01 -3.447370264839054732e-01 1.437187104652190850e-01 4.499713043058850559e-01 6.890319256222705580e-01 2.072453867445994413e-01 1.866884469847917560e-01 4.449104206841076464e-02 -2.564068957046786723e-01 -6.523416314222737003e-03 -1.034793488571423559e-01 -1.092217452725855603e-01 -3.452190202673789399e-01 -1.315695576252683685e-01 -1.141519237908407980e-01 6.412315879695001941e-01 7.309977653670982622e-01 2.738023331346634351e-02 -4.233539256617741692e-02
-2.755471215694290099e-01 -2.566011160324598306e-01 -7.705288211371187634e-02 1.050897279046951183e-01 -1.273805554313457711e-01 -6.465188315536568586e-02 -2.214252585474254242e-01 -1.883761140766612163e-01 -9.634085655412767679e-02 -1.143618172413567169e-01 4.339841820020301499e-02 8.349757162639419306e-02 3.301388164952001048e-01 8.623628796098229410e-01 1.000000000000000000e+00 -4.838761572835995617e-01 4.001706306255515821e-01 1.901902365781622251e-01 6.445461804601920752e-01 3.605285959873923418e-01 8.417841194703420404e-01 2.784146383990646068e-01 7.913173679985844311e-01 3.016328883699347374e-01 -2.249326629531527288e-01 -2.921734087699359717e-02 3.229768644526078702e-01 3.577638885586297834e-01 5.399990642962694265e-01 8.718610711179650696e-01 -1.017327472879035050e-01 3.310649589421425509e-01 1.865982025319391779e-01 1.217324629070716674e-01 1.610635829228511395e-01 -4.307273344881836774e-01 9.158357926077196481e-03 1.151457969677761959e-03 -1.512601871975062517e-01 -1.974030808061423281e-01 -2.662055456609077053e-01 -2.925298134955519047e-01 -1.542823657410400950e-01 -1.371068587976585762e-01 -2.551381854062851895e-01 4.672193816643714359e-01 4.798537320502677672e-01 5.683474091687270580e-01 -3.392454882642173541e-02 -7.413041261384869032e-03 -1.800315604527839286e-01 -1.595090463228888700e-01 -1.107719585632988557e-01 -3.890175898826057910e-02 -2.479762521784004969e-01 1.687770059291038988e-02 -2.469962294088307586e-01 -2.670313187161214574e-01 -9.117027043822314991e-02 1.156872132275539311e-01 2.725333916712133209e-02 3.081684663058755769e-01 7.825355066288870454e-01 8.314732733473909621e-01 8.558886956449578420e-01 9.226576060782489819e-01 -3.879522926000092964e-01 5.719429123034498463e-01 5.630112959836740538e-01 3.994142347748598776e-01 8.524367472315078631e-01 3.391283723660178939e-01 8.329576214263432199e-01 -1.338708895829810175e-01 1.668076308857858736e-01 -1.289333252316622325e-01 6.090964135667478185e-01 8.129934556427828030e-01 -2.963040807488696513e-02 2.926625913526227363e-01 4.073327218480733425e-01 -2.389596237252463173e-01 -4.219570839753657432e-01 1.460627890384314231e-01 3.300388126209286566e-01 6.197779873735880241e-01 9.636597694524091928e-02 1.211305970705547769e-01 -5.599839912030512429e-02 -2.401687392178409042e-01 -2.389789672104214446e-02 -5.248437385033795366e-02 -1.655119482967310762e-01 -3.785474228883800585e-01 -1.305178463999584759e-01 -2.213867097388505512e-01 4.938863961659860080e-01 6.197300486541353903e-01 -2.111944825873901532e-02 -1.016527182842875410e-01
