1.000000000000000000e+00 6.359476399813274693e-03 2.473167911214956827e-01 -5.764357660466902858e-03 1.593317523375556086e-02 1.320654293736321372e-01 -5.973340480397362068e-02 7.181704628164943364e-03 1.248860667279818176e-01 1.680409528410694020e-01 1.317561425173385814e-01 -7.665385493332893541e-02 -1.298321927821621535e-01 -2.695390502021378643e-01 -2.515464684090474856e-01 3.466049794814330953e-01 -1.464367981452130152e-01 -1.172529838307933983e-03 -2.880056626287896826e-01 9.640536441196539963e-02 -2.265738077279530749e-01 -9.455802649396782833e-02 -1.867742885329023994e-01 -1.276795465382223049e-01 1.519481392707475453e-01 -8.332636988359680419e-02 -1.119950150762783897e-01 -1.030279298618443778e-01 -1.458541547457029020e-01 -3.191524375517197920e-01 1.062325030143412979e-01 2.426373876878190269e-02 2.872368424516556079e-02 -1.032412421636721006e-01 -1.711896119021052154e-01 8.112648706972055979e-02 -3.195787572290600953e-02 5.703822228618107143e-02 -2.187155226633065441e-01 -1.663942537955998557e-01 5.266295849639429823e-03 1.761038984264684248e-01 -9.267327646049376699e-02 -7.278023167090855172e-02 -2.046173464733184316e-02 -2.663197777043967429e-01 -2.568119283630431737e-01 -1.042256672806613355e-01 1.330264461594393433e-01 -7.060166133572258820e-03 4.913850666066932882e-01 1.856156637786033903e-01 1.626839104668575398e-01 -3.327045347946820664e-02 1.259430986364553362e-01 1.910646018525093692e-01 1.303166324397601883e-02 1.244031242781585556e-01 2.667055710586113682e-01 -5.167071431163733353e-02 -1.459615434035867187e-01 -1.981714422533666364e-01 -1.566571343179647136e-01 -1.059832306625435872e-01 -2.262852866167751054e-01 -2.012332023067615883e-01 7.084890432832947893e-02 -1.950459599867321037e-01 -1.701977190763527548e-01 1.842916205318877523e-02 -1.769618200557632470e-01 -2.187607521042962966e-01 -1.003227718309228772e-01 -5.389887989271330108e-04 -1.173052099548638760e-01 -3.306068002172701109e-02 -1.513680292281152084e-01 -2.211075117118432576e-01 1.590046441191728943e-01 -6.650654076546103077e-02 -4.416208010351945455e-03 6.835238936469666127e-02 -1.224825618728426352e-02 -1.214731526615392271e-01 -8.972475699127585580e-02 -2.657574901884031116e-01 -4.796114035578705193e-02 -1.036951959995982275e-01 5.128064409279441821e-02 1.373336125934439544e-01 1.120102033015279129e-02 1.872167802773825052e-01 -4.776196779820766902e-02 1.658432998391552726e-01 -1.468558233265649382e-01 -8.574251752275702243e-02 -2.329963389839238008e-01 -1.284137367765862958e-01 2.543338266775040934e-01 7.129719163184976283e-02
6.359476399813274693e-03 1.000000000000000000e+00 5.228290589792742304e-01 6.873294123501846320e-01 3.918600215088173244e-01 5.228952386681299247e-01 5.483089957800989511e-01 6.481026710095155741e-01 3.129256529864498093e-01 4.753367329818686954e-02 1.334795512986363952e-01 4.715066369964052151e-01 2.941095911578930910e-01 2.959471735599042974e-01 2.725244461485030745e-01 3.883742343109283235e-01 4.290139630967558793e-01 4.178561455637762045e-01 3.369559738757766931e-01 1.959468707844071456e-01 3.136471919079062420e-01 5.341756304645261383e-02 2.926299393191593157e-01 3.044985791480825932e-01 1.724649065556642033e-02 2.526422078248409253e-01 -1.309473824467772551e-01 8.301905253613948987e-02 2.864335378488950257e-01 4.233871749323566552e-02 -2.396234505067673382e-01 -1.630806977045226869e-01 -1.839327142333391507e-01 -9.786337134096200277e-03 7.031985657238355725e-02 3.789733542420597318e-02 1.825247269606516676e-01 -3.574156317359259982e-01 -1.766036219093073123e-01 -9.421003678871935072e-02 -4.229438777366252289e-01 1.355760942285931803e-01 -9.311750968611832990e-02 1.677113404740527280e-01 1.702302575412612817e-01 -7.040512030991309678e-02 -5.450626933145069630e-02 1.103934815546372822e-01 4.379973927570582348e-01 8.364462616158767350e-02 6.388272193157049084e-02 6.814884255599297225e-01 5.070589715126788688e-01 4.421725188914395477e-01 4.677392923886312670e-01 3.158214021368078717e-01 3.841561414993797663e-01 3.431506941338494654e-01 -1.342255414151345694e-01 3.081929964653397080e-01 4.299769902236940111e-01 1.636006113762888958e-01 3.023999302251831334e-01 2.670222346074156983e-01 3.769762604564331765e-01 2.268726953400914959e-01 1.492358073450972267e-01 3.432506519700992409e-01 3.312906969944693497e-02 2.417183920327240776e-01 3.396251711974160314e-01 1.577158679906722760e-01 2.193149328551211863e-01 3.995409673161214315e-01 1.321573317583624174e-01 2.420362046980361059e-01 3.117027826498209864e-01 1.298275832159702381e-01 -2.280910333377580979e-01 -1.518086012245535299e-01 -2.490484244485604293e-01 -4.198488862496557172e-01 3.470684527773431477e-02 -2.185896998621254458e-02 -8.495308047852319355e-02 1.342265745883008121e-01 2.303973823102116181e-01 1.216338172788448881e-03 1.784077259698362561e-01 -1.937744624474666277e-01 -1.552866059648871366e-01 -4.910850474156373824e-02 3.182112439585429303e-02 2.664296325836862933e-01 7.519431900495139598e-02 2.030641054703158088e-01 -5.134233969569539438e-03 1.342573276318085040e-01 4.106526358793379239e-01 2.663967000015690645e-01
2.473167911214956827e-01 5.228290589792742304e-01 1.000000000000000000e+00 2.700457561786945848e-01 2.408851279454689298e-01 5.375650590032713394e-01 2.916431102947599774e-01 3.960588698888499182e-01 3.960507968926483269e-01 3.683771851446133311e-02 8.632973511735041183e-02 3.156577047999997165e-01 2.798657015651924707e-01 2.236165389872075970e-01 2.082674027891077972e-01 2.297402446443151391e-01 3.393607830888681898e-01 1.713565091181719069e-01 2.199949983824020239e-01 2.735212527323742718e-02 6.282090165765473466e-02 1.212242435331627871e-01 2.371666976691155504e-01 1.384753494141688079e-01 2.361745143492110788e-01 3.875870773568749761e-01 -4.127380862986707727e-02 1.069974258178621879e-01 2.073210047906224596e-01 -3.439626390795585270e-02 -1.788356721995858767e-01 -1.997248846074138606e-01 -2.034193171608273121e-01 -9.877667425145636448e-02 1.117093050720318059e-01 -4.947870333099561001e-03 1.278191079442032030e-01 -1.820546491827148283e-01 -1.516111959898009676e-01 -9.802892585430612871e-02 -2.289998284073159751e-01 3.631617621114042738e-01 7.398647435988181531e-02 1.072146943627648175e-01 2.742197058927194897e-01 -4.502545417526981203e-02 -4.469651204571687547e-02 6.864767001323472673e-02 3.847547785937017739e-01 8.998384979491777513e-02 1.718987490796874684e-01 6.000643671850918182e-01 3.743198818352490576e-01 1.837606127519896548e-01 5.342645297443475716e-01 5.941018506889228501e-01 2.878716144374239283e-01 4.272504598273828558e-01 -7.362600274644177933e-02 3.925190717991790534e-01 2.622257677142567078e-01 1.981056926040998534e-01 3.402201253000943781e-01 3.497684487446174884e-01 3.035872866259003988e-01 2.236199254923481039e-01 1.313905580439310994e-01 3.448049715148868710e-01 7.045523990814640120e-03 1.361995983908468599e-01 1.810314407813250759e-01 1.683748728136332529e-01 2.050067365057386126e-01 2.464436543779074673e-01 7.238006459066664844e-02 2.843673659586992142e-01 3.331735818740325650e-01 9.489596877422615262e-02 -6.907937598602086060e-02 -1.643023970364216324e-01 -1.056520126189481462e-01 -2.564563179977262797e-01 3.855086179811272745e-02 1.734728686015653970e-02 -3.196631166514300737e-02 1.258205583288984630e-01 1.234014330837241574e-01 -2.771871611075229710e-02 1.098582241401883514e-01 7.616459293217940282e-03 -1.613392359816407662e-01 1.399179125783230615e-01 1.127272795342583629e-02 2.489185166931606463e-01 -2.961778589744485865e-02 1.105293750723221891e-01 6.803564635843763198e-02 1.388041509483859681e-01 4.356980492025419038e-01 2.331389437701896217e-01
-5.764357660466902858e-03 6.873294123501846320e-01 2.700457561786945848e-01 1.000000000000000000e+00 4.699166735915652482e-01 4.565157530322593304e-01 5.911638705862304333e-01 6.057572599117566625e-01 2.698776043536505465e-01 1.082016626982368473e-01 1.216546977849277400e-01 4.094387136034857155e-01 3.094416707441703940e-01 2.605319658962722551e-01 2.455000530426187100e-01 4.484653626398102944e-01 4.185874243273430828e-01 4.403597210167674025e-01 3.162746102980980023e-01 1.550610598213330582e-01 3.155354285621445043e-01 5.722082376031513429e-02 2.078635562988281615e-01 2.730967538978824605e-01 -2.069138571748133787e-02 4.252491239636026904e-02 -2.391619319545870981e-01 -6.994819559357140504e-02 2.444717163901187484e-01 2.662473985230853768e-02 -7.920242712257583029e-02 -1.052156717010935272e-01 -1.644589482800222213e-01 3.053317397291635538e-02 5.473137091633979712e-02 8.146399595314279124e-03 1.289715780731547357e-01 -1.843043321085566510e-01 2.911685105122294864e-02 1.524857641662608898e-01 -3.524234844559863133e-01 -4.214337313104397215e-02 -8.769136177566694279e-02 1.069976884850708521e-01 1.219913960361386773e-01 -6.295943616639097795e-02 -7.887286719590240469e-02 5.500762033393961220e-02 3.220311605342083272e-01 3.119191117875634231e-02 -1.668367567038432989e-02 5.389355130098771873e-01 5.442319094886516329e-01 6.634106204827294739e-01 4.225747102757289597e-01 2.643850735259244966e-01 4.484292259379020207e-01 2.922930655651689302e-01 -3.892035046140046584e-02 2.427091290014242730e-01 3.919075238351668045e-01 2.190147474349985746e-01 2.283665202717523324e-01 1.916143895253613061e-01 2.928396064287221989e-01 1.612877244498049645e-01 1.676829833173312523e-01 2.462525815505035021e-01 -2.159587383632608285e-02 1.981691414367386384e-01 2.844453917993213232e-01 6.271444523754340916e-02 1.273255769466403731e-01 4.047097837385450481e-01 1.018136848441722753e-01 1.240535638994016560e-01 2.622399440410174698e-01 1.398192041186886378e-02 -7.114992196853520134e-02 -1.584284151341924518e-01 -3.659944494171240015e-01 -4.452857068291005138e-01 4.051710508415105882e-02 -1.103912503111013632e-01 -2.167968630571137645e-01 6.880481446797258316e-02 2.250447067999777895e-01 -1.118948573923969070e-01 8.671585450888789903e-02 -2.408311232975459126e-01 -1.550015502985174487e-01 5.969015220109171599e-03 7.104373159184648734e-02 1.193527922283787596e-01 7.480192280404686367e-02 2.167891622681486496e-01 -1.061407415904628421e-01 3.985760195677418710e-02 2.737773744326648662e-01 1.957031972704771083e-01
1.593317523375556086e-02 3.918600215088173244e-01 2.408851279454689298e-01 4.699166735915652482e-01 1.000000000000000000e+00 4.239180815629715049e-01 1.326011696612300617e-01 1.496422194042696108e-01 2.657708289945543978e-01 -1.105272983160053984e-01 -9.036389296861692400e-02 1.934097999178633620e-01 1.280129114248879929e-01 1.629814842864685809e-01 1.375317888036528546e-01 1.548091976788892321e-01 1.856445590301774029e-01 1.599643235511941930e-01 2.281513591234731464e-01 2.242059784667434497e-01 1.618454695738309468e-01 4.385787038116970016e-02 1.839873607762826935e-01 1.428025256030170942e-01 -1.390444831815403071e-01 -1.752941122043353075e-02 -1.169337812938882476e-01 5.480305072656644488e-02 1.519342622154483402e-01 8.562663125223073102e-02 -2.193177079183207812e-01 -2.042455514102550773e-01 -1.202308865993568648e-01 1.539181832912439596e-01 6.493067707219503382e-02 6.009740936029669967e-02 3.169454482023200126e-01 -1.128865646999596684e-01 1.166029278117819423e-01 1.222627358355198729e-01 -2.409101313513747206e-02 6.162018686549150526e-02 7.296436717624120438e-02 1.333852849053581424e-01 2.524167860852898349e-01 7.982291989405666810e-02 -2.227631619293562982e-04 4.587474019215043858e-02 3.337767164235861395e-01 3.217956473591209177e-01 2.043545661967316462e-02 3.348437436653352584e-01 2.098667198806947465e-01 6.175665337115775477e-01 4.926067610043614597e-01 1.228309007279635573e-01 -3.998899373717190037e-02 1.121685887690109656e-01 -6.021886086982953384e-02 -1.069239155097154517e-02 2.222551214382232077e-01 7.088909201594240095e-02 1.980356796048982349e-01 9.404654872045627167e-02 1.400666013101744822e-01 1.073845969471842882e-01 -1.567647050286498922e-01 5.078518597801745527e-02 -9.740624524797809880e-02 -1.181640795174865588e-01 9.729139113543784634e-02 -9.937124133431447792e-02 8.917845619024988846e-02 6.023326981181063855e-02 -1.071403323447075728e-01 1.391567414823532793e-02 1.124310893854143234e-01 2.696156921539244813e-02 -1.828387290218488892e-01 -2.149060729441756301e-01 -4.687618183629438384e-01 -3.510109972871462425e-01 1.158786081414831803e-01 -2.397804610590130725e-01 -2.342140468537260434e-01 7.983412496547421730e-03 3.096153725759403508e-01 -6.319250780669039003e-02 9.801925471731344486e-02 -2.447625456487563245e-01 -2.224769032311284256e-01 -8.822913317901356911e-02 1.220089497695672487e-01 1.329643400165333444e-01 1.305768724759129584e-01 1.401092054443396906e-01 2.862655547711398865e-02 -3.248305596076833234e-03 2.429204211981561834e-01 3.304409489738482919e-01
1.320654293736321372e-01 5.228952386681299247e-01 5.375650590032713394e-01 4.565157530322593304e-01 4.239180815629715049e-01 1.000000000000000000e+00 4.628329926987908571e-01 5.720078575195064463e-01 5.737423521947482286e-01 2.659674184768051619e-01 1.275579040915638673e-01 3.414156618983058000e-01 3.136064324926034486e-01 1.625354231336912370e-01 1.336479181300270769e-01 3.159819439190595936e-01 3.922537696201450763e-01 4.349854446763961047e-01 2.973269931104349784e-01 3.037396911845369751e-01 1.817386110047236325e-01 2.270731479393527374e-01 9.472328736637963820e-02 1.531342331548148084e-01 1.930203920522273464e-01 4.304830323951794324e-02 -5.453396680246085093e-02 4.098124167758095127e-02 2.120695139093653203e-01 -8.505342545551668187e-02 -6.906198386556924862e-02 -1.833013598999189975e-01 -2.408689877002721524e-01 1.391171673578973644e-01 1.339974609536741801e-01 2.221861991752444310e-01 1.536270355402392374e-01 -7.790483250681742855e-02 7.128348534633904832e-02 2.374350523225297049e-01 -6.429913280736535008e-02 1.993258235186619320e-01 8.747868039726185152e-02 7.863310908345746975e-02 1.993086742345430706e-01 4.552140407175840620e-02 -1.688185920892787406e-02 1.247570657896845264e-01 5.782479195398110283e-01 2.867506105265621441e-01 8.704481499184464621e-02 4.580172725701779912e-01 2.400778311262401210e-01 2.673753354581869246e-01 7.812922583087096307e-01 6.270380556284994578e-01 3.466044149736151048e-01 5.181568117021682074e-01 1.451774802252419061e-01 1.956499513204560947e-01 3.193076624925028084e-01 1.631417827137475185e-01 2.029870464163327226e-01 2.269265260611150747e-01 1.610611698451513973e-01 1.108798394129361514e-01 6.135133085275389780e-02 1.899464022565381660e-01 -6.279634663957371632e-02 1.997514444781029741e-01 1.565900355891385876e-01 4.559337019655546747e-02 7.851506836330349182e-02 2.711504003176243849e-01 -9.998898559191908564e-02 9.768427200122010989e-02 1.868740732831345452e-01 -8.941684987729558998e-02 -3.827871559955480646e-02 -2.648342271898550537e-01 -3.722868827826049110e-01 -2.352785193557291044e-01 4.394387084727690435e-02 -1.253456993264547570e-01 -8.168735197362037015e-02 -4.673595412474060989e-02 1.845690278474214074e-01 -3.345475999708016901e-02 2.622405679572130111e-01 -7.231878907567319825e-02 -1.399666935965855064e-01 1.526156983073610474e-01 7.648373475631060903e-02 2.436311030290653212e-01 -2.644207162102370917e-02 1.284518978665857292e-01 1.750435049887651834e-02 9.294507345559548106e-02 5.722999849715899590e-01 3.434557871118719685e-01
-5.973340480397362068e-02 5.483089957800989511e-01 2.916431102947599774e-01 5.911638705862304333e-01 1.326011696612300617e-01 4.628329926987908571e-01 1.000000000000000000e+00 6.970906309983432303e-01 4.569933761816427076e-01 3.500797337374536577e-01 -9.158473456542396210e-03 2.898832956427172536e-01 3.107009041951636630e-01 2.023073234728310910e-01 1.925650665269857953e-01 3.538416504606838875e-01 4.353462560317566399e-01 4.769021564950868819e-01 3.540998537584414407e-01 1.245448863331172912e-01 2.484345607363467878e-01 1.052877943676851225e-01 1.261134357378961846e-01 1.870305270569969647e-01 1.721051288065713336e-01 -1.392019434757049874e-02 -1.185384747563690278e-01 -5.403584849515571942e-02 2.786058335901639982e-01 -6.677840430434082986e-02 3.626453401639165991e-02 -1.171886815304157142e-01 -2.520880429270687673e-01 -2.784835968679721246e-02 8.224800521549176235e-02 1.346352821956864620e-01 5.078877208532193988e-02 -1.988105363015751081e-01 1.436342335988384511e-02 3.230634656885494893e-01 -3.272193365172775814e-01 -9.103805409683708716e-02 -1.803891372442859575e-01 3.199983121725558013e-03 4.580638525481574297e-02 1.536355649912196121e-02 -3.991082034609599177e-02 5.789622398406639447e-02 3.218043951768649324e-01 -1.076965936195051765e-01 -5.125649643711342740e-02 3.932472487347808965e-01 4.937368102331219921e-01 3.212626101981652105e-01 3.962413012578667737e-01 4.115949803236077509e-01 5.748416640519674603e-01 4.567102581643765480e-01 1.228416051015730343e-01 1.978690306905389051e-01 3.432625599349621859e-01 1.740645823769807754e-01 1.770094802947586587e-01 1.936755796221075188e-01 2.434493866353046043e-01 1.560548680816489509e-01 4.363622100115304714e-01 2.400829071141316329e-01 -2.324462962641250449e-02 2.780068906145911622e-01 2.645417808523216063e-01 7.026365027280613573e-02 1.316722157092948264e-01 5.738712308700230080e-01 1.353414745636629390e-01 1.184765436797303173e-01 2.845478739073919461e-01 -3.769799683226662812e-02 1.484478704014835157e-02 -1.288146863432159117e-01 -2.582036684221695189e-01 -2.895975478137060022e-01 1.113993403102817165e-01 -2.798046659148342719e-02 -2.629204132222541512e-02 7.759814917116907018e-02 1.989813752247049927e-01 -3.332451006514267761e-02 2.082839528220064573e-01 -1.037716753833380634e-01 -9.745301377290305211e-02 1.466200782752180853e-01 1.390998737272468588e-01 1.068342400298509659e-01 -4.741901422824757600e-02 2.565365607630587519e-01 3.572206375227100078e-02 1.262414255647116290e-01 3.183707173361762788e-01 1.138926525089005715e-01
7.181704628164943364e-03 6.481026710095155741e-01 3.960588698888499182e-01 6.057572599117566625e-01 1.496422194042696108e-01 5.720078575195064463e-01 6.970906309983432303e-01 1.000000000000000000e+00 5.876934592531707358e-01 2.402554680263970510e-01 6.913359574520032413e-02 3.218322759578242653e-01 2.276686295915186786e-01 7.070046607182405018e-02 6.135104972156613795e-02 4.048620339133442436e-01 3.604003784545743438e-01 5.395828353225223806e-01 2.281188053658443349e-01 1.182677647642722402e-01 2.094871290192160396e-01 1.277337365529689350e-01 4.847375734817100518e-02 9.400442079920758032e-02 1.039055351667950433e-01 6.485025668796942644e-02 -9.551395618227707940e-02 -1.285413846463530629e-01 9.223997420052035268e-02 -1.394702411320692392e-01 1.050670549297991058e-01 -1.595058705690109435e-01 -1.691085637763843907e-01 1.508166925908803295e-02 1.091052077807209836e-01 2.117626302474579225e-01 -1.033058287698895156e-01 -1.711488014166355209e-01 -4.203254826811599065e-02 1.591731199136053321e-01 -2.717711736868957395e-01 5.923072552047593808e-02 -5.647329642047419981e-03 -1.304746333644041766e-02 3.265568337325882448e-02 -2.730630697997526307e-02 -1.059437565232754369e-01 2.724563758661364965e-02 2.936337203926981387e-01 -8.270943637029361251e-02 6.065223073634559009e-02 5.710271843201286668e-01 4.534792845508524017e-01 3.038803160423413918e-01 4.858816745197148679e-01 5.003317122012181928e-01 6.936179458638039863e-01 6.360417235173985162e-01 3.484625272644891608e-02 2.456212465895914743e-01 3.020397547929248305e-01 1.321647264928678955e-01 3.975460152241726969e-02 1.041927292718653197e-01 1.418063018517603247e-01 1.603489673116343869e-02 3.026338513262030738e-01 2.569886129203614589e-01 -3.581621241635100233e-02 3.539718727666473774e-01 1.436155357228189877e-01 1.363208177074955174e-01 -1.365096187013947575e-02 3.385507179752292872e-01 3.721099799881701087e-02 8.710673941617495808e-02 1.108783940381624783e-01 -1.663043728269271160e-01 1.019108522785558135e-01 -2.120498111162905930e-01 -2.104314252424592524e-01 -2.192960096367510270e-01 1.973230542916632954e-02 4.108160315898350817e-02 -4.420733402101752196e-02 -6.072757028805782220e-02 5.142682990590249567e-03 -1.011759769568933570e-01 2.198158239213651166e-01 -8.758828180525274343e-02 -1.137678112593769608e-01 1.274929734523093661e-01 -4.755712414284835737e-02 1.303314821580166261e-01 -1.574590652215356740e-02 1.695203867174914780e-01 -1.393208047811636367e-02 8.134517244918944290e-02 3.295418807610411838e-01 6.149780186754642136e-02
1.248860667279818176e-01 3.129256529864498093e-01 3.960507968926483269e-01 2.698776043536505465e-01 2.657708289945543978e-01 5.737423521947482286e-01 4.569933761816427076e-01 5.876934592531707358e-01 1.000000000000000000e+00 2.975936094125546383e-01 2.436782439639511091e-02 2.050984587843733831e-01 1.166977771006880021e-01 -5.221641413972311074e-02 -5.313346280700292912e-02 1.854182821054761177e-01 1.111561427953843689e-01 2.241646883538525037e-01 7.690796542234358546e-02 5.666706021207307264e-02 -6.076420732301131278e-02 1.073854036823375380e-01 -4.387670284443461605e-02 1.594684970689859080e-03 1.816554733557737278e-01 3.002208702376908331e-02 -2.546021865326397390e-02 -1.888774197537605171e-01 -9.847416640023856638e-02 -2.063634486835104476e-01 8.433473865148286008e-02 -1.551320700330919011e-01 -1.843322386585000416e-01 -8.826431595193566515e-02 8.408252205778891930e-02 3.874925663981995672e-01 -1.147404064473912383e-01 -2.243562288044313735e-02 6.072974735492445153e-02 3.232276050068741413e-01 8.359067901103375484e-03 1.651418375839466546e-01 1.345763821629159251e-01 -5.143102891279841687e-02 4.606195365993548396e-02 -2.232165877443022250e-02 -1.575622730363281931e-01 -7.602157129246553402e-02 3.198509861645024710e-01 2.972612934782906460e-02 9.945069852258041354e-02 4.135065489289478924e-01 2.298627749343239712e-01 2.330542106534413405e-01 4.925204269451861627e-01 5.519062729187748095e-01 4.912100310170147699e-01 7.066922240333737282e-01 1.624133961052614261e-01 1.650724448202482153e-01 1.985570055178316473e-01 6.632100270731314251e-02 4.530150955813057540e-04 6.642893972594082763e-02 -5.087244490237296385e-02 -5.571687199327174204e-03 2.441989852566953390e-01 -1.616987957019058036e-02 -2.397291371242523395e-01 5.969877626333679882e-02 -8.334594352379963433e-02 -1.155804567537357247e-02 -8.939793149443024667e-02 2.262400957710708760e-01 -5.399598425316262662e-02 6.875583606430912820e-02 -4.939048819482047895e-03 -2.346686665262738003e-01 1.331762242739571167e-01 -1.719522741831733259e-01 -2.392989399653216720e-01 -1.079368992187176163e-01 -7.333660935013859399e-03 -5.021426405267566395e-02 -7.754785076634881924e-02 -1.931872305780835131e-01 -7.657032493126340877e-02 -1.900684724575017748e-01 2.163308266861068696e-01 6.509560224119283200e-02 -1.176521686352905022e-01 1.770548278025905475e-01 -2.257880756399187339e-02 1.397891275499184571e-01 -6.621899043522352923e-02 1.228702756062262091e-01 -1.334332260628806610e-02 -1.880577185270452742e-02 3.575230943157488572e-01 6.980837505792387987e-02
1.680409528410694020e-01 4.753367329818686954e-02 3.683771851446133311e-02 1.082016626982368473e-01 -1.105272983160053984e-01 2.659674184768051619e-01 3.500797337374536577e-01 2.402554680263970510e-01 2.975936094125546383e-01 1.000000000000000000e+00 3.015908327060968785e-01 1.672977386576298409e-01 1.986162008359164122e-01 -1.911277557085134804e-01 -1.494780517882969839e-01 2.387143488673850733e-01 1.361171681268190659e-01 1.323758825659868132e-01 3.180907191751760482e-02 1.696497615970585585e-02 -8.769393006535643187e-02 2.486523483625169839e-01 -2.133606843369916239e-01 2.305937334935623528e-01 5.417742992213834263e-01 -6.210965245030568294e-02 1.725615389934723187e-02 1.894896472148611608e-02 1.888846154666514940e-02 -2.666451086500171153e-01 1.954152597198503816e-01 -2.445160020307789867e-02 -2.142482793503974747e-01 -1.210655460181130350e-01 2.000901597490055070e-02 2.455432038085075541e-01 -7.045129515255471597e-02 1.461100691650637773e-01 9.009947938091110442e-02 3.659445589895574669e-01 -7.528334258352245567e-02 3.987700034309361874e-02 -7.877009220211120960e-03 -1.612167069230949212e-01 -5.107862268277701956e-02 -1.565316886066513702e-01 -2.382443421439749409e-01 -1.484057983389488466e-01 9.299640250335475256e-02 -1.289506168049936174e-01 1.642187799753788147e-01 1.967503689774519754e-02 7.250508641487184158e-02 -1.638668698317552741e-01 2.471159230645844085e-01 3.022949208102461149e-01 1.944640594708164083e-01 2.354046853392561811e-01 6.918788589890180196e-01 2.025557443556181246e-03 1.291544548825684091e-01 -4.808381310032606298e-02 -7.501075052145274313e-02 -1.106425926589673508e-01 -1.993055430058159883e-01 -1.834299725544600579e-01 1.910549969904379031e-01 -8.964061850669712006e-02 -1.995623838829560792e-01 -2.294520065300774056e-02 -1.265299906286766196e-01 1.428999356380683886e-02 -1.476924188061888576e-01 3.069453748144583827e-01 1.024351799091622328e-01 1.418040205069302229e-01 -3.045789775189245915e-02 -1.983367646883951452e-01 1.917331776516665309e-01 -1.268024340631237479e-01 -7.600937383955891358e-02 -1.748352565316746085e-02 8.736598605928483363e-02 8.484810801421019399e-02 2.782379698859125533e-02 -2.736251516210981283e-01 3.508994688162454800e-02 -6.652273148504354860e-02 1.271276927925481248e-01 1.111271638097270364e-01 3.658564645109229491e-03 4.453652841858172784e-01 1.219660178201395634e-01 1.124417701593913438e-01 -6.266073640384962895e-02 -5.949782846305162048e-03 -1.750504519268728520e-01 -1.961242963874912648e-01 1.544721417738170455e-01 -4.507237506010618178e-02
1.317561425173385814e-01 1.334795512986363952e-01 8.632973511735041183e-02 1.216546977849277400e-01 -9.036389296861692400e-02 1.275579040915638673e-01 -9.158473456542396210e-03 6.913359574520032413e-02 2.436782439639511091e-02 3.015908327060968785e-01 1.000000000000000000e+00 4.871219666863686459e-01 2.222491493248954231e-01 2.750135497297708995e-02 5.309089400166996237e-02 5.356270437284338382e-02 1.274038929583569957e-01 -6.493560288413535719e-02 2.505186471309381237e-03 -4.916956209935179761e-02 6.384383894114657731e-03 1.486857340297814134e-01 4.455104111533672584e-02 4.327155944141715116e-01 2.492639064971916840e-01 3.442441330996729998e-01 1.021625024706576505e-02 1.503501777914733328e-01 4.605978030222800806e-02 -5.707034781117870104e-02 -1.218530881593486437e-01 2.839439207577326013e-02 -8.794040070266911924e-02 -2.332795241283674437e-01 -1.424691233632024295e-02 1.360492460175344587e-01 6.784996791927931648e-02 -1.817543035837666798e-02 -9.098653266161468856e-02 1.419924794654976556e-02 -9.795858582693332817e-02 1.388769491492105046e-01 1.500493028676622431e-01 8.968764078383804905e-02 4.765312712603703843e-02 -1.344876904714065458e-01 -2.140172926083798999e-01 -6.521535824250539182e-02 1.199900154686250331e-01 6.399593410755231859e-02 1.053198513644686279e-01 6.703892973438227432e-02 -5.338782018125532575e-02 -9.660445627972175098e-02 5.177287055131919724e-02 5.889830479732831997e-02 3.266076490363664653e-02 3.709028978747964250e-02 2.973550660450008376e-01 4.112111763428118461e-01 3.190251663738031818e-01 1.077285948731875609e-01 1.451590339262421869e-01 7.006733772915477165e-02 3.722811006963406416e-02 5.242333112276106183e-02 4.544164664107535473e-02 8.621088932613393818e-02 -1.264072875000324392e-01 -7.274200365458942386e-02 4.282431788623840231e-04 1.599596080124436048e-01 4.453822291433739283e-02 1.576958081436344861e-01 3.315183701233459512e-01 3.607953353521614059e-01 8.170849748784791977e-02 8.649505513354024955e-02 -1.298719525732676128e-01 -3.144749248704549471e-02 7.329194853042911295e-02 -6.415642984068370414e-02 -4.494449277180833507e-02 1.084625469687655330e-01 3.215253102445030271e-03 -1.144856850738034532e-01 1.051935815552295650e-01 7.471846647578429769e-04 5.066548980415299525e-02 1.905377896826229989e-01 -8.731841754036789860e-02 1.115563702555181780e-01 -2.966418214882801316e-02 7.428651006074094010e-02 8.620591812770872497e-02 1.589756012166085655e-02 -9.126979299884442620e-02 -8.687618108922100235e-02 1.825068199095623012e-01 1.421280995891252008e-01
-7.665385493332893541e-02 4.715066369964052151e-01 3.156577047999997165e-01 4.094387136034857155e-01 1.934097999178633620e-01 3.414156618983058000e-01 2.898832956427172536e-01 3.218322759578242653e-01 2.050984587843733831e-01 1.672977386576298409e-01 4.871219666863686459e-01 1.000000000000000000e+00 4.126518263416464882e-01 3.515679050177191733e-01 3.371780403732084208e-01 1.089122082643939754e-01 3.829448621350243220e-01 1.946789180559191368e-01 3.040549912890865847e-01 7.154849646921776496e-02 2.903979981476437766e-01 1.377611906934156083e-01 3.275310535284638447e-01 5.475788446156559797e-01 1.804179817692733445e-01 5.131033316879963779e-01 -9.479482615513403279e-03 1.637430825988768768e-01 2.888896179162779854e-01 1.268028902893813259e-01 -2.102389691059527166e-01 -1.748545681280312125e-01 -3.027706691699843522e-01 -8.222775835456049009e-02 1.214854381940849992e-01 1.332756107201014395e-01 2.129123489323054286e-01 -2.772225610069264934e-01 -6.937036485177115741e-02 6.461451196592234159e-02 -2.130991855912848509e-01 2.389651864620722932e-01 2.158703872556926584e-01 2.354635758494696418e-01 2.694263174069912448e-01 -1.627688497614311267e-02 -5.255566431313354187e-02 9.788213180646374023e-02 4.076741002639421296e-01 1.633118721805298379e-01 -2.603838590979487902e-02 3.504720460508344848e-01 2.817969167174499412e-01 2.421644624301224624e-01 2.439693003796328252e-01 1.204607913897481203e-01 2.158718663735592069e-01 1.819770369652676523e-01 1.398694520682728856e-02 6.493942415463255236e-01 7.319208453074265153e-01 3.061715153573276171e-01 3.523638665607680687e-01 2.604742415354412977e-01 3.565092445634709950e-01 2.965038279554113032e-01 1.456559987140819412e-01 3.193891000307368944e-01 -5.179769317732442480e-02 1.143424119743243761e-01 2.873209525159294842e-01 3.004556626135093111e-01 1.712032877204996140e-01 4.086099585245847599e-01 4.340781128700256786e-01 5.335531858084129331e-01 3.214485989729531368e-01 2.271928224913193906e-01 -1.826641436579983235e-01 -9.704135639961858351e-02 -1.325260066766482669e-01 -3.151702017628955632e-01 4.238416628254478014e-03 6.783220610091340863e-02 -4.387372746312877964e-02 7.632708477017233206e-02 2.524689164117349116e-01 3.056854304546813630e-02 1.437588951969826223e-01 2.163868712703141683e-02 -1.636773951253662207e-01 1.849743054151192431e-02 7.099485611032896326e-02 2.553789868668965291e-01 2.785459316096696170e-01 3.082921665193988359e-01 -4.774792507065418225e-03 7.814683729474060370e-02 3.575696880905082642e-01 2.984036066575484480e-01
-1.298321927821621535e-01 2.941095911578930910e-01 2.798657015651924707e-01 3.094416707441703940e-01 1.280129114248879929e-01 3.136064324926034486e-01 3.107009041951636630e-01 2.276686295915186786e-01 1.166977771006880021e-01 1.986162008359164122e-01 2.222491493248954231e-01 4.126518263416464882e-01 1.000000000000000000e+00 5.224434975164760075e-01 5.011012946285721137e-01 6.818151777663168656e-02 6.949155893150751329e-01 3.416307401237261288e-01 5.499024026535501708e-01 1.310715837700095754e-01 2.840291683490492325e-01 5.101338034963760482e-01 4.108560261782836509e-01 4.548539256846292345e-01 1.086594225874904507e-01 3.136336576778423479e-01 1.845672418599671460e-01 4.500820382254640539e-01 5.838986018934511080e-01 3.083114170144297672e-01 -1.803602489368044681e-01 -2.405749587958507241e-01 -1.859342059559948857e-01 1.463874663117479269e-01 4.923545223552498462e-01 -8.068192672585033920e-02 3.844669580217057736e-01 -1.968723448172544910e-01 8.988266385348459009e-02 1.423308385645850882e-01 -1.741143639721136060e-01 8.500933168538900297e-02 1.433333981087999975e-01 2.273430143144273829e-01 3.601031080546112650e-01 2.944399372147425420e-01 3.386007126313547722e-01 4.009851203807189290e-01 3.263920956838712306e-01 1.652066496804160123e-01 -1.608874828514277600e-01 1.782733423163716524e-01 1.926541676600057595e-01 1.643400884391657546e-01 2.682522631042351668e-01 2.206184881390886310e-01 1.463160236131071656e-01 1.208829345743511197e-01 5.365694009436997730e-02 4.420083008748527664e-01 4.408972344421376865e-01 6.919325118558916632e-01 6.482932041682165636e-01 4.733821050289724885e-01 4.911106028134379353e-01 4.361352873901132021e-01 1.026401775197410826e-01 5.806391632800140812e-01 2.742573572141684402e-01 2.468823759316629285e-01 3.566266900077187385e-01 4.237683349926242293e-01 4.218270320933889539e-01 3.735545627931947110e-01 2.004411203567900146e-01 2.446655080582775532e-01 6.175295282699581056e-01 3.631371656112470370e-01 -1.400965099751865783e-01 -2.606915267259922175e-01 -1.746829898478240856e-02 -2.873841515202328334e-01 1.206394005771191241e-01 1.564099718101041592e-01 1.676194786864439734e-01 4.051049368969041331e-01 4.352223372335762286e-01 2.938329056840272568e-01 5.280514709905505949e-02 -7.758830849506097305e-02 -2.178745109063476570e-01 5.903044436412249740e-02 1.196317373093306047e-01 2.677416513823693139e-02 1.093814316857679922e-02 3.087587073043869257e-01 3.024834144582176365e-01 3.561467146714202836e-01 2.560396124045423161e-01 2.753037458000427984e-01
-2.695390502021378643e-01 2.959471735599042974e-01 2.236165389872075970e-01 2.605319658962722551e-01 1.629814842864685809e-01 1.625354231336912370e-01 2.023073234728310910e-01 7.070046607182405018e-02 -5.221641413972311074e-02 -1.911277557085134804e-01 2.750135497297708995e-02 3.515679050177191733e-01 5.224434975164760075e-01 1.000000000000000000e+00 8.430801391612853246e-01 -1.625695319780529058e-01 5.277463109033708744e-01 1.766849337457488400e-01 6.379319482673111441e-01 -2.234549397072833898e-02 5.926675528541811566e-01 8.382850476293800257e-02 8.133676011112831450e-01 2.141721251542972604e-01 -1.302057412343626541e-01 2.562342300894412950e-01 2.273551521010695742e-02 3.200666205388208452e-01 5.985301020010146411e-01 6.452231024970525031e-01 -4.424114527088127691e-01 -1.392517867886327865e-01 -9.055923734524139179e-02 8.471850494046231916e-02 1.854234734605805235e-01 -3.134492726082630520e-01 3.774626768456250114e-01 -2.832301890060890948e-01 6.507614370503353451e-02 -8.754279640836054588e-02 -2.753685225551761873e-01 1.421672694774273396e-02 -4.231977798855470624e-02 3.466467064384424757e-01 3.892243102503673002e-01 3.607897953913509759e-01 4.880467287971968493e-01 4.999983557657609601e-01 2.661067762185093111e-01 1.944169547588528169e-01 -3.575004516681929978e-01 1.155513645982296778e-01 8.446200851954860367e-02 2.939638818853634317e-01 1.055327712561666270e-01 4.880378038175531979e-02 9.247668213263969539e-02 -2.697250827048875907e-02 -3.600571199976170811e-01 3.956519873483965166e-01 3.856523498319461840e-01 5.597449143942314631e-01 6.908184246807497209e-01 6.962648451349957579e-01 8.168303293677754429e-01 7.600774942406079981e-01 2.293221256198525043e-02 5.172944455595732682e-01 2.988915547828787656e-01 2.247790490704608402e-01 7.085158118310459496e-01 2.994432536664799471e-01 6.758637249949306369e-01 2.136344316874894678e-01 1.544243162346635168e-01 1.717514295227384191e-01 6.841604584079518103e-01 6.533874980360574458e-01 -3.443619958259056535e-01 -5.632893894104804705e-02 -1.050550441083113740e-01 -4.260234098273956160e-01 6.108164683525747415e-03 -5.650682937050733462e-02 4.392092494988453222e-02 6.579376689503835252e-01 3.776108249273032458e-01 2.610242024608521727e-01 -1.235255756338556193e-01 -2.651270949311340108e-01 -1.458327435207639189e-01 -2.878003286140298211e-01 5.814287144912323041e-02 -2.754760958815088631e-02 1.644516274844734505e-01 3.307592901534189278e-01 3.654266391204022413e-01 5.769766233634505692e-01 1.591628780117382291e-01 2.670012065346745178e-01
-2.515464684090474856e-01 2.725244461485030745e-01 2.082674027891077972e-01 2.455000530426187100e-01 1.375317888036528546e-01 1.336479181300270769e-01 1.925650665269857953e-01 6.135104972156613795e-02 -5.313346280700292912e-02 -1.494780517882969839e-01 5.309089400166996237e-02 3.371780403732084208e-01 5.011012946285721137e-01 8.430801391612853246e-01 1.000000000000000000e+00 -1.902723680987756794e-01 4.390589412490676913e-01 1.063425904449549764e-01 5.285708176850377749e-01 -9.365553712745587622e-02 5.699505368483758216e-01 1.566584072086705083e-03 8.184438076099831427e-01 2.380236044282709462e-01 -9.716454786093606244e-02 2.278559379140000229e-01 -7.418186700457476968e-02 2.739463730305601863e-01 5.581640010974325827e-01 6.704050769129387133e-01 -4.544778644958005764e-01 -5.566488178412591636e-02 -6.353046330330808233e-02 -5.227441893806535067e-03 9.149256674493370933e-02 -2.948368449128307978e-01 3.170702910559070609e-01 -2.906015501686303737e-01 6.701623417129305704e-02 -8.478761059267730937e-02 -3.452740955056412542e-01 -8.348686702352695055e-02 -1.374787774666904605e-01 2.640059316887924945e-01 3.340891603234493190e-01 2.702279165625769974e-01 3.984475130397107101e-01 4.175924092170505419e-01 2.372320407332443037e-01 1.305881319049302935e-01 -3.302120594698489953e-01 1.058095450622641986e-01 9.332296507127653407e-02 2.576018097048911604e-01 9.496751069288376923e-02 7.088441350638009786e-02 1.012592628304437026e-01 -1.739589133069347968e-02 -3.016340489347572595e-01 3.500369894371825330e-01 3.928608908271378763e-01 5.566382354625906137e-01 6.746123792795073459e-01 6.917196334498498800e-01 8.143345182844770047e-01 8.188267824411306073e-01 6.502701366101391878e-02 4.555264036337203226e-01 2.616244949048174284e-01 2.161274415809862903e-01 7.628494951536218815e-01 2.850736303738775623e-01 7.477930857036615420e-01 2.534916065898553672e-01 2.136859582240472344e-01 2.018986831047756836e-01 6.819545498259097505e-01 7.041892514534701109e-01 -3.472128272760603429e-01 2.999110658083987621e-03 -9.062423058002175291e-02 -3.964433648163470103e-01 -5.597142823007859175e-02 -4.848293022881067921e-02 -9.473069276768407432e-03 6.833253038301974058e-01 3.628433270246224085e-01 1.947628230307476005e-01 -8.638350550489001800e-02 -2.520794924928747571e-01 -9.896401466000477598e-02 -2.482022319883646078e-01 9.759716765008816242e-02 -7.729312087691932176e-02 1.176537987965630555e-01 2.544295329791190774e-01 3.163704376759953751e-01 5.753806197965978253e-01 1.780448624348348607e-01 2.606516539572137359e-01
