1.000000000000000000e+00 2.252381086104882357e-01 5.430939533077927539e-01 -2.157777631359545922e-01 1.202446600426192724e-01 3.202093841077275904e-01 2.129289326852494280e-01 2.412938443256743837e-01 2.605222553536309937e-01 2.306032097909956613e-01 1.466366018433801766e-01 1.194705784946278881e-01 -1.332335145706469159e-01 -4.146141182086651722e-01 -5.078548557794902996e-01 1.865859220471516589e-01 -2.527185694965371487e-01 -3.448082368091202887e-02 -3.694373290208107230e-01 -1.833667313963427414e-01 -3.475138223543065008e-01 -2.444130101576054773e-02 -4.039992421795747801e-01 -9.326659702979676891e-02 4.500825698485406146e-01 1.792040698634211893e-01 -1.911752733269087290e-01 -3.583684925319086112e-01 -2.910233975047974986e-01 -4.997982940316918476e-01 -1.633062913321074450e-01 -6.645642882275962227e-02 -3.223132414207256491e-01 -1.438246983768031173e-01 -1.088410547480887502e-01 1.783942545732723761e-01 -2.352540648406277191e-01 4.361087258445417447e-01 3.814090268216468581e-03 2.165445307529159646e-01 -1.688168759894440388e-02 3.941402713267205260e-01 1.693970570562382816e-01 1.009110070267410231e-01 5.836025657580135029e-02 -3.429038196245899339e-01 -3.858016692311949658e-01 -3.861039260759116520e-01 1.865389620738335530e-01 -1.168322493001875129e-01 4.330632617216627622e-01 5.763042795168722421e-01 -2.206743080352364661e-01 -1.573071403985044636e-01 3.599683800824521884e-01 4.534630375374507638e-01 2.530372525642508030e-01 2.588075758934619275e-01 2.642638995923124456e-01 1.206803217630624675e-01 7.664371676408004985e-02 -1.679190729283481509e-01 -4.255829026925369574e-01 -4.482210982885498907e-01 -4.720910382554124318e-01 -5.185729427352374632e-01 3.562191320386683957e-01 -2.895015227431910199e-01 -2.174463430890078153e-01 7.914604477917834210e-03 -2.395575058534986645e-01 -8.461185530842314784e-02 -4.114657400189071224e-01 2.228365075879603641e-01 -1.377999645060997980e-01 3.296731317600558042e-01 -3.059730420686302965e-01 -5.055532852056833226e-01 -1.884661086421947906e-01 -2.569973883431454498e-01 -2.631335201325430972e-01 3.694096893668609438e-02 1.225300138601256444e-01 -4.138395116987723249e-02 -2.084196416769490967e-01 -4.043633860497046761e-01 -2.825305973405551896e-01 -3.493197252246775242e-01 3.656699935856909389e-02 9.619562638623957440e-02 -1.930805176158202352e-01 4.209617647380379801e-01 2.226041906777448745e-02 3.394250063489626101e-01 2.720998472833833226e-01 6.017600642749571654e-02 -3.224735273803602809e-01 -4.204498432884592463e-01 2.323364587954395155e-01 -5.271423348644537626e-02
2.252381086104882357e-01 1.000000000000000000e+00 2.380660564537265544e-01 5.385641050377355521e-01 7.242489555820957881e-01 2.793513750759230030e-01 2.565963872964955317e-01 5.425370320112617994e-01 2.818665659054979677e-01 -9.604590722073411135e-02 -5.536452568445832806e-02 -3.647816450956693074e-02 1.215231886464182148e-01 -1.449131858468172837e-03 -1.214951394156515568e-01 5.677003635652878577e-01 1.219501448810344085e-01 4.161034705065090322e-01 1.951837843022616592e-01 3.964511651650304280e-02 9.260615553386807031e-02 1.730123201843413172e-01 5.069862128631687226e-02 -7.100765509846047527e-03 -1.068261317765592175e-02 1.689662010853871382e-02 4.892150926030862379e-02 -1.934118954392189949e-01 6.108619143015094760e-02 -1.762328014507921481e-01 -3.024751263260381726e-02 5.012546517313212074e-02 1.446697902463546792e-01 2.146657508206385179e-01 9.817479903684478426e-02 -1.648227669047391472e-02 -1.198646859271431109e-01 -1.246184046001566105e-02 -1.077634723236075148e-01 -1.515595809954772832e-01 -1.106633309941297272e-01 -1.814350116482687722e-02 3.829828546435536107e-02 -9.553563666257550158e-02 3.604295378886129917e-03 -1.311548355841162528e-01 -2.550499096260617007e-02 -3.207937135151511104e-02 5.200751740725188810e-02 -1.827239792944743146e-01 4.592576241252197544e-01 5.462940055642759862e-01 3.650848693657605670e-01 6.289126599043247667e-01 4.258861717593790397e-01 1.738114712682008733e-01 5.285472148653000968e-01 3.716564508140012268e-01 -2.177346194393329701e-02 -1.492041309705690322e-01 -8.799967797911623091e-02 -2.011924610014284315e-03 -9.996194323250542912e-02 3.899091938894343884e-02 -3.899030614868326250e-02 -1.072089064236076278e-01 9.838184818945402976e-02 1.456528577344203546e-01 7.710945324909905529e-02 2.644314960592777375e-01 6.436326482364933266e-02 1.047859955833505413e-01 3.903268417420187320e-02 -1.231627721212879140e-01 -9.805532447939457885e-02 -5.278911051489713901e-02 4.925630586462472621e-03 -2.002179663862906078e-01 -7.212518619386697194e-02 4.516945448841035160e-02 -1.239286315512690834e-01 -2.266222942646662908e-01 2.047811755639596665e-01 -8.926675882983721444e-02 -2.628468723228028631e-02 -1.187399866263637027e-01 -8.730130107635772352e-02 -2.074701167736784369e-01 -9.547692650194268549e-02 -2.816886705803206548e-01 1.201459919344488175e-01 7.305695889543835364e-02 -1.152361832547406095e-01 -7.470396636477684427e-02 -1.204930024640277070e-01 -1.747467409051861945e-02 -5.475561748257826850e-02 -8.741884827677515180e-02 5.410457799279527746e-02 -3.228790392457582814e-01
5.430939533077927539e-01 2.380660564537265544e-01 1.000000000000000000e+00 -4.046379782248126222e-01 2.116485348933624111e-01 7.351689927221016774e-01 3.362793522284192593e-01 4.343287601822899413e-01 5.760967722013385917e-01 1.289470170300972551e-01 2.638857943666292338e-01 2.188256350264095873e-01 -3.075954409453791547e-02 -3.164374977690836976e-01 -4.410952008672556213e-01 -9.001944988460316988e-02 -7.815276382382209397e-02 1.592664224992246247e-01 -1.928769434022135909e-01 4.087139470559763427e-02 -1.427266814839127373e-01 9.688578777179845947e-02 -2.622611303115210402e-01 6.137175645274730272e-03 4.255176117441380468e-01 3.664224743262759487e-01 5.981838632210312312e-02 -2.253684508664648423e-01 -2.968669595164240543e-03 -4.429758179512588434e-01 -3.563691761354510490e-01 -3.572791453672550799e-01 -5.007442866734532760e-01 -6.882448862786386123e-02 -1.019628237010179218e-02 3.302665025651826958e-01 -8.426346621825228644e-02 1.668294912110390438e-01 -1.032741676805129932e-01 2.309433835689183590e-01 -1.223236744034221675e-02 3.199527213373507539e-01 2.399261383657725621e-01 6.039487154432440774e-02 6.188791136714592162e-02 -1.678042540746005062e-01 -2.825101726235297872e-01 -2.962997321064329004e-01 4.437403547138659698e-01 7.589586960343858157e-02 1.605625455965876691e-01 6.764373568497787925e-01 -3.038762813118721096e-01 -2.436792012268754193e-01 6.540406094372545054e-01 7.469327670230900829e-01 4.596072039617573601e-01 5.574165476281538467e-01 2.302876873476844277e-01 2.073516996797188372e-01 1.804292699181876680e-01 -5.938057037684090628e-02 -2.737652233634654819e-01 -2.573991700631082513e-01 -3.802610467099908909e-01 -4.114025448604676227e-01 4.051019908470306907e-01 -5.868988884835166925e-02 -6.996233569423100651e-02 1.544249130018354454e-01 -4.272367933676474855e-02 7.969939986046362113e-02 -2.365918759430594154e-01 2.569172769111617294e-01 -2.507820374771882119e-02 4.077942280294270527e-01 -7.872367820700314212e-02 -3.899045054080871320e-01 -3.469178581599443589e-01 -4.665265377892248710e-01 -1.324346514350067672e-01 5.252979628548836571e-02 1.935415331630282731e-01 6.793452678863169669e-02 5.179599994892642584e-02 -2.932350164929182768e-01 -7.524946864661843926e-02 -2.295892676349580719e-01 2.588505414572448982e-01 8.267236575910906493e-02 -4.417357188799624357e-01 3.952195747013654836e-01 -3.670054988199192292e-02 1.866121452824556493e-01 3.095898650060605051e-01 2.286975449456915901e-02 -1.100458531220120245e-01 -2.996320655806165023e-01 4.836611730812104271e-01 1.336021523450191262e-01
-2.157777631359545922e-01 5.385641050377355521e-01 -4.046379782248126222e-01 1.000000000000000000e+00 4.670766640091276733e-01 -2.540643144472135573e-01 8.127026144443730282e-02 1.764592430763828879e-01 -1.481640373488549989e-01 -1.708112589130364734e-01 -1.975643253382144415e-01 -1.297853315131483054e-01 1.686035736027542975e-01 2.585268145094917758e-01 2.738048291121151223e-01 6.209824997746539177e-01 1.496733343968549845e-01 2.565335678185937107e-01 3.378765470262697912e-01 5.656722691366047190e-02 2.517357473947698931e-01 4.624869553902340863e-03 2.733290357276770832e-01 -7.148678479812093159e-03 -2.836447313108671486e-01 -2.138929795233874276e-01 -7.671653265685976497e-02 -7.041760186245205055e-02 1.440510991628609072e-01 1.871580299171562156e-01 3.222882362929824218e-01 4.307007515927303576e-01 6.129382409800071541e-01 2.749646277282426499e-01 2.754363342292176844e-02 -2.053012764242539978e-01 -1.579459934995248310e-02 -6.329669999516532308e-02 8.081411929654014337e-02 -2.247446618843040034e-01 -4.970878712253913589e-02 -3.476090019597453118e-01 -1.148006218613909502e-01 -1.640891743447675799e-01 1.305554303037267244e-02 -3.343501945702465755e-02 2.399914740340853558e-01 2.119277234173493063e-01 -2.580661524255961625e-01 -1.720950656818940327e-01 3.608503696455201970e-01 -1.370764696048602793e-02 6.899103807631076224e-01 8.051723510539213757e-01 -1.106479179181555500e-01 -3.365070134706876215e-01 1.564339683249774404e-01 -8.360730558298175297e-02 -1.843999477838545176e-01 -2.448745034604235815e-01 -1.740630379009142636e-01 4.769169427589856763e-02 1.505042461627952577e-01 2.839924386195452066e-01 3.147271400380699524e-01 2.847208402250401837e-01 -9.890021205117892344e-02 1.735783261494505403e-01 1.582668526943934451e-01 9.445124903880089406e-02 1.275294392970458268e-01 -2.104060041522246016e-02 2.312832885056080867e-01 -2.414753406763768817e-01 -1.323978287509862961e-01 -3.584912503607087797e-01 1.177193054680226308e-01 9.030402995285050083e-02 2.371840077504392963e-01 5.184452556725734906e-01 1.042500957017407533e-02 -2.520237055055752906e-01 -6.188596686678807246e-02 -2.093089698112601260e-01 -1.218807227697974588e-01 1.487431491642183523e-01 -7.964879454735060383e-04 -1.264243410472226936e-01 -1.864005850949409793e-01 -3.261007564716903451e-01 5.120961812521506173e-01 -1.733811564883436518e-01 2.042086826478199321e-02 -2.523443953252245131e-01 -4.106565478577771655e-01 -6.288061076716387754e-02 -3.350010312498766284e-05 1.657885547680541805e-01 -2.695973255851473183e-01 -3.588291022512061779e-01
1.202446600426192724e-01 7.242489555820957881e-01 2.116485348933624111e-01 4.670766640091276733e-01 1.000000000000000000e+00 3.833688495629035131e-01 2.218517647295594475e-01 5.408765158311048538e-01 3.948485131249101499e-01 -1.309889247398513257e-01 -1.235849411766309636e-01 -2.576271968442801069e-02 1.728755386063813848e-01 4.774414251129841663e-02 -6.479000218140862355e-02 2.850781492092926417e-01 9.781404743868721274e-02 4.279285394932952347e-01 2.181462446872805272e-01 1.606626479111506189e-01 1.323837090654036708e-01 1.229443523109997050e-01 9.160349334788553399e-02 -4.632081745073485246e-02 -1.791234256132755165e-01 -7.901382148184919740e-02 1.502596666716062845e-01 -1.616719163178144403e-01 1.023714919022399028e-01 -1.396048230101718524e-01 -2.153669810025337639e-01 -1.439464332724962881e-01 -1.769150830384813794e-03 2.614328614037622067e-01 5.364821888811411449e-02 1.530604846597439783e-01 5.924591106416426944e-02 -2.427115823139864570e-01 -1.555298142569427888e-01 -1.590848963324941745e-01 -4.818011830274915308e-02 -8.297526097197902017e-02 -9.011244257649862754e-02 -1.000188485175143166e-01 4.869768843402610264e-02 -9.798251838874040553e-02 1.591350926885420902e-02 -4.695113839922313882e-03 2.469252304044432522e-01 -8.946252613171350176e-02 2.945744530994103827e-01 3.441782965291062535e-01 2.805106244845029240e-01 5.897473340929231256e-01 5.958460271162689947e-01 2.634095221818023025e-01 5.058464975026267796e-01 4.157530819690697932e-01 2.221887105099300611e-02 -1.594960469770725642e-01 -2.904464239851764842e-02 1.509716162274649109e-01 -1.018759585174549773e-02 1.121301719132243718e-01 5.802279375024529257e-03 -4.228889587511805437e-02 1.307687409686381641e-01 2.253681224118834203e-01 1.750077013533327674e-01 2.578476995514319414e-01 9.984650357828889211e-02 1.285877990887008826e-01 1.098640997284825727e-01 -6.289424206521321281e-02 -4.003423901514188005e-02 -3.572101267836272354e-02 1.218067427915973389e-01 -1.346562337636174889e-01 -2.279200525209455486e-01 -1.028467662004561439e-01 -1.313643773035752700e-02 -1.329544293148845480e-01 3.427554047363838841e-01 -3.269400508388491111e-02 1.327940203577395450e-01 -1.737555312034116603e-02 9.201877899372083724e-02 -1.451352839784189330e-01 8.972102524439164173e-02 -2.247954597140733590e-01 5.970369851785117810e-03 -1.760964773382952264e-01 -1.354714560017163394e-01 -1.333424076762518562e-01 -1.210160267835536929e-01 5.191797881766087308e-02 2.340898066481816517e-02 1.389152753624002361e-02 2.436336708829564268e-01 -1.489818829515527632e-01
3.202093841077275904e-01 2.793513750759230030e-01 7.351689927221016774e-01 -2.540643144472135573e-01 3.833688495629035131e-01 1.000000000000000000e+00 3.670703565504798704e-01 5.350554637885898135e-01 7.574716443488360706e-01 1.928203245394962961e-01 3.445350387357912214e-01 3.193769454184665069e-01 1.935526513797358183e-01 -8.855050671093557535e-02 -2.628121661539902232e-01 -9.063069010909675927e-02 6.357702351560375054e-02 2.634908638696141780e-01 3.131063679489819868e-02 1.993640122782376067e-01 3.889649392239184766e-02 1.776379991768586297e-01 -1.031223998479937898e-01 1.162910113693247649e-01 2.734834299912435873e-01 3.703334595080119418e-01 2.412567541302951257e-01 -7.401304439378519895e-02 2.124529618666173292e-01 -3.340105904831757733e-01 -3.373273253551080098e-01 -4.030067256846677215e-01 -4.315745923238813453e-01 2.313049325043871340e-02 8.479700300459391826e-02 4.714434014612646773e-01 8.207892858789304913e-02 -4.038210461500861548e-02 -1.139671534882036597e-01 1.322893529893668929e-01 4.276131213092361494e-02 1.743935735098876283e-01 1.762347345166132007e-01 1.331342618375304931e-01 1.781558602382021239e-01 -5.201780121472945190e-02 -1.216638163637675379e-01 -1.958217575523745202e-01 7.151368050795516851e-01 2.066908665761321429e-01 7.211097721879375366e-02 4.494415155201827994e-01 -1.397463411614868756e-01 -5.786796895904931098e-02 7.883215030973307336e-01 8.148444716793332709e-01 5.358949352600174132e-01 6.601324688431786658e-01 3.160651869653552382e-01 2.373970817169491765e-01 2.897818550409083094e-01 1.581173134244491518e-01 -8.214899763322690285e-02 -4.575991247036321347e-02 -2.195322226226373574e-01 -2.038840694292723688e-01 4.004097874138950464e-01 1.319147045085806158e-01 1.710199837555145819e-02 1.754771574564791270e-01 8.522677466405625957e-02 2.075501878661820954e-01 -7.769109948148847367e-02 2.381748726821274198e-01 1.024972443153624319e-01 3.898334806156124599e-01 1.714730762365274108e-01 -2.083584648883498591e-01 -3.411730023746606943e-01 -4.157845336088066834e-01 -5.195519831313420017e-02 3.517216182238259298e-02 3.099523889317283842e-01 1.637589918885550000e-01 2.363354322051373357e-01 -1.381744661433879640e-01 1.189237564510207679e-01 -9.165736698657543646e-02 3.830198090000090927e-01 4.738863950111060763e-02 -3.959259258614536425e-01 1.801150502253903996e-01 -2.290474055705480835e-02 8.730756112381057865e-02 2.529524928184063159e-01 1.723130743981316770e-01 3.871517265578706957e-02 -1.514384410017411975e-01 6.972476098862299132e-01 2.394545461482650295e-01
2.129289326852494280e-01 2.565963872964955317e-01 3.362793522284192593e-01 8.127026144443730282e-02 2.218517647295594475e-01 3.670703565504798704e-01 1.000000000000000000e+00 5.912222051783877497e-01 5.288729678889108055e-01 3.519976450712349880e-01 3.121262580810872933e-01 3.506123965940451948e-01 1.765267648871285400e-01 -2.112537861605583503e-02 -1.420937501365694688e-01 3.316412764160614479e-01 2.200354937087549145e-01 3.232188423057685833e-01 1.362414002323709961e-01 2.241027536691955480e-01 1.640878473676182225e-01 2.274594760537060889e-01 6.071255148933473594e-02 1.890033930805513351e-01 1.502484731911271909e-01 2.689840366820529516e-01 1.513723097559382114e-01 -1.605233599956604890e-02 2.084122568288081789e-01 -1.545208044961325911e-01 -1.570067677047211618e-01 -1.776080196552086155e-01 -2.699254514770116353e-01 8.980920652409708771e-02 1.792207956010603565e-01 2.272968096535679938e-01 8.742135430884620528e-02 3.136935285401027396e-01 4.367719028534439718e-01 5.248293412806838143e-01 2.462927057833253497e-01 1.999712734500833367e-01 3.956006645179016568e-01 1.456116715335708522e-01 2.086432160066569730e-01 5.870814781924895559e-02 8.943442041265396714e-02 2.000224225827877331e-03 2.787940718077464575e-01 2.536494879062332064e-01 1.819889593310540510e-01 4.118487366216139756e-01 2.028159165250398854e-01 2.513906859071476374e-01 3.746872659022252861e-01 3.756535896189162615e-01 6.546033251556722110e-01 5.690318933549065594e-01 2.452535150280592546e-01 2.286407004274692290e-01 2.455228836477826859e-01 6.349799393906357947e-02 -1.040182679376596697e-01 -1.178853953614856370e-02 -1.183351941792094020e-01 -9.853176448666378651e-02 6.428865796657565745e-01 2.178763451985128996e-01 3.550231134053242338e-02 2.276560896294005376e-01 1.948712344236944172e-01 1.990920662185400869e-01 1.002642854099109471e-01 4.412640354375660379e-01 -6.039963475075793564e-02 2.331386219326747888e-01 1.724310379296633278e-01 -6.087424955437790303e-02 -2.052881642959270836e-01 -1.890025704499683490e-01 -1.601225386816091667e-01 -4.889968752016680270e-02 8.576332318042750869e-02 1.481588625438168272e-01 8.725994869103234630e-02 -6.527023995611225260e-02 9.708583158683786740e-02 -1.416220478169418207e-01 1.661991376451120439e-01 1.180978932191334568e-01 -1.545610338007655238e-01 2.423091840312691092e-01 4.414881161541662213e-01 1.703457285168342716e-01 1.171425120878014786e-01 1.680920462746842980e-01 1.132432100352785270e-01 -3.967848609367323476e-02 3.382816975052453379e-01 2.149568375556534516e-01
2.412938443256743837e-01 5.425370320112617994e-01 4.343287601822899413e-01 1.764592430763828879e-01 5.408765158311048538e-01 5.350554637885898135e-01 5.912222051783877497e-01 1.000000000000000000e+00 7.162555962570681389e-01 1.264957419534335492e-01 1.996761407568740931e-01 2.187033375814753378e-01 1.744553423119680480e-01 3.678087826286888240e-02 -1.334254509113000642e-01 3.584945604600170976e-01 2.649540842655712658e-01 6.472091222372339248e-01 2.417258003121684762e-01 3.418979578088705562e-01 3.030924138089394204e-01 3.860382690486393042e-01 1.276193282141942775e-01 1.587633271365954668e-01 6.987493435922007001e-02 2.722325979801998863e-01 2.842390905575865045e-01 9.977725650413143271e-03 2.009790891964302606e-01 -1.898296716456254474e-01 -2.931111127492764257e-01 -2.176659302529153350e-01 -2.104736417720613484e-01 2.691069709550418798e-01 2.586355073369581148e-01 2.880488856378392581e-01 2.876337704092507899e-02 6.927852064948218647e-02 1.158815593347401057e-01 2.129220773593936133e-01 1.305559645239998123e-01 2.524695543748919913e-01 2.796588017217244149e-01 4.185959582982137772e-02 7.475971684236244752e-02 8.459437569684979952e-02 9.116429413593624131e-02 6.240307953745052177e-02 3.401453950735991438e-01 5.137855598563857012e-02 2.241734849513027372e-01 4.511560195166156584e-01 1.811541135990258899e-01 3.402243064405247042e-01 6.332896384859849626e-01 5.198937926825545341e-01 8.726997923928160317e-01 8.015485106982035424e-01 7.529882603860701962e-02 5.576781343493802251e-02 6.276981478877537157e-02 3.699824929601913670e-02 -6.196668583887997295e-02 2.914552312351345251e-02 -4.702098182462432358e-02 -9.865036028495455245e-02 3.966518760703597324e-01 2.813973227542910238e-01 2.069281396387518956e-01 5.200018917652265982e-01 3.442614714000699072e-01 2.671571082749843451e-01 1.464264763271673764e-01 1.086421013667520363e-01 -9.788051482510230772e-02 1.930825505188127622e-01 1.707954599596297196e-01 -7.704189003336307795e-02 -3.079648356687190724e-01 -2.192078218936088785e-01 -7.902865783185002158e-02 -2.443249737539026148e-02 2.445331811867949290e-01 1.054908768641487499e-01 2.197265616092589358e-01 -3.183327962408014078e-02 4.386828078424591382e-02 -1.273946058634243747e-02 2.370464315578729442e-01 -1.178455905583411789e-01 -1.657428868054218185e-01 2.301941937821024020e-02 1.105014648512323283e-01 1.360101797449370931e-01 1.068110634888266713e-01 1.520546805986582317e-01 1.647153939722892924e-01 1.367323283645562569e-02 3.800576416758554843e-01 -5.678577350995659160e-04
2.605222553536309937e-01 2.818665659054979677e-01 5.760967722013385917e-01 -1.481640373488549989e-01 3.948485131249101499e-01 7.574716443488360706e-01 5.288729678889108055e-01 7.162555962570681389e-01 1.000000000000000000e+00 2.437102942165496056e-01 2.710865353048460547e-01 2.617138519272602659e-01 1.317155407755112861e-01 -8.631077280418793078e-05 -1.510205466649630346e-01 1.262822497178485610e-02 1.589883893625294309e-01 3.878627992663766788e-01 1.324280425215582646e-01 3.240400724477793815e-01 2.209211938124238939e-01 2.212860920726384129e-01 3.406594385575210937e-02 1.239674460116731297e-01 1.166167105364778467e-01 2.685151073381107367e-01 3.062174899027804154e-01 -9.664844481954976488e-03 1.987938145926667066e-01 -2.334147426723174878e-01 -3.175045578791884648e-01 -3.832544679957449185e-01 -3.714413312541519629e-01 8.906093508053854191e-02 1.679812181680029604e-01 5.540580967974827464e-01 1.062633081044551953e-01 -1.742581691216886150e-02 -1.971082163886491226e-02 2.065357651139504147e-01 1.590082809774322758e-01 2.469314657203194319e-01 2.185114949796754524e-01 1.427555072517411039e-01 1.739959869944435467e-01 8.164600622979653610e-02 1.840697345726485801e-02 -2.703750149845550454e-02 5.700659521186022261e-01 1.947714824988305837e-01 6.908742625665582893e-02 3.650382882188690781e-01 -2.972503480352570865e-02 2.850535011392641219e-02 7.488876435209341764e-01 7.620058854318231267e-01 6.910293854517627343e-01 8.538337076358968325e-01 2.542798988446062780e-01 1.911773135050115480e-01 1.863317865540905782e-01 7.234194547470329528e-02 -6.322835633467709104e-02 2.113996872670386232e-02 -1.330547382990086291e-01 -1.212848594363414856e-01 5.118021119116086259e-01 1.997535270602183721e-01 7.340400502029061081e-02 2.881086290687345786e-01 2.563658498630280169e-01 1.957670769078801443e-01 4.416960460667820887e-02 2.490554724669955811e-01 -1.954971622759928834e-02 3.020104438278063963e-01 1.661535563317505237e-01 -9.974608810976973161e-02 -2.853265478822278878e-01 -3.554109273937295366e-01 -7.717889319963049111e-02 7.690262554826543528e-02 3.176005656936827237e-01 1.700964178752363554e-01 2.641996101551175036e-01 -8.036270932160968772e-02 9.992957604951585582e-02 -3.937482312998629580e-02 4.375510707760266182e-01 5.822066510532972888e-02 -3.374004184587608979e-01 5.014733006870709248e-02 7.307296954401740208e-02 1.408916568048085294e-01 2.156816759905486602e-01 2.130896722454428682e-01 1.676411737774752275e-01 -4.772541030597064748e-02 6.017453714959382083e-01 2.232882803612188660e-01
2.306032097909956613e-01 -9.604590722073411135e-02 1.289470170300972551e-01 -1.708112589130364734e-01 -1.309889247398513257e-01 1.928203245394962961e-01 3.519976450712349880e-01 1.264957419534335492e-01 2.437102942165496056e-01 1.000000000000000000e+00 4.012631630966557172e-01 4.465397087631242101e-01 1.612281740277284325e-01 -6.097042917403822093e-02 -1.234024519636141987e-01 2.211667428711110855e-02 1.241611086610757905e-02 -3.055765451200271113e-02 -8.883876424984650522e-02 9.376558133304103981e-02 -7.337491850539253416e-03 5.243224655491025843e-02 -1.317379657242311597e-01 1.955898433347704191e-01 3.676357392378042932e-01 3.334129044521520480e-01 1.789715803420539875e-01 1.209853414537833127e-01 1.490923921768347038e-01 -1.934600405721323413e-01 -1.039866216968241969e-01 -2.698522382029083233e-01 -3.120362418025730555e-01 -1.096613524850695298e-01 1.216722388039328667e-01 1.559026702947961807e-01 9.235324206613516884e-02 2.250060720555020211e-01 3.220840861197226679e-01 5.813120023374945822e-01 3.731282327360017914e-02 3.436978042896990382e-01 3.771947842683963104e-01 3.430041394671692889e-01 1.631230983749497043e-01 2.223877903030080719e-02 -1.178533416745791151e-01 -1.552518264202682463e-01 2.542969869325760746e-01 1.706559163898291598e-01 -3.272415907873409135e-02 2.679371521284019259e-02 -1.225407438841652902e-01 -1.020635040991126063e-01 1.202291767385497839e-01 3.176919243427546169e-01 1.713562214332428890e-01 1.259674495334226763e-01 6.748559198640099455e-01 2.639775269883816167e-01 3.970492557950713874e-01 1.506109778289174417e-01 -3.514964913407630370e-02 -7.034166156584784058e-02 -8.077176725520572587e-02 -1.052940783519773910e-01 3.894690579449710532e-01 6.843505108700463288e-03 -3.858532309645100467e-02 2.784789945487707585e-02 3.922699413839661475e-02 7.649703162808943468e-02 -1.707575994139720887e-01 5.262736469897668634e-01 6.178435806949853643e-02 4.318833659236851474e-01 1.571478968867996984e-01 -8.234990531478632303e-02 -1.112184644764291908e-01 -3.247405857613979707e-01 -1.221003699289583272e-01 6.284138125796191916e-03 2.365942128329669714e-01 2.626896827762952302e-01 1.296697453758043628e-01 -1.023632130521082984e-01 4.267481271270667786e-02 -4.335752426510149776e-02 1.320707790678320726e-01 1.054192933314787445e-01 -2.888415812435753405e-01 2.379652594016878064e-01 4.417038360521032270e-01 4.961280344304017098e-01 3.526362093765752492e-01 2.335818222501334362e-01 3.912806652241578032e-02 -1.698637944083049300e-01 3.105588576739146123e-01 2.103917878389945095e-01
1.466366018433801766e-01 -5.536452568445832806e-02 2.638857943666292338e-01 -1.975643253382144415e-01 -1.235849411766309636e-01 3.445350387357912214e-01 3.121262580810872933e-01 1.996761407568740931e-01 2.710865353048460547e-01 4.012631630966557172e-01 1.000000000000000000e+00 7.603332949965930787e-01 3.807747859279010383e-01 5.638485393498724602e-02 2.181754721899513069e-02 -1.099914152197580819e-01 2.017387779025999750e-01 8.717204454633994959e-02 9.901788669842070609e-03 1.275469991061598529e-01 9.239872917710303946e-02 3.056099559687188161e-01 3.485766069027184527e-02 5.528267416627205000e-01 5.006810981287307394e-01 6.752192188504534398e-01 2.807904430637383486e-01 2.670068059978727426e-01 2.721581783970485890e-01 -4.192029597402728569e-02 -1.870317523249303004e-01 -1.478501248877002461e-01 -2.584902062261352218e-01 -4.423660961842674350e-03 2.944712053735862867e-01 2.336104804777138499e-01 3.185774672454790846e-01 1.001365455900566220e-01 1.716097635792887266e-01 3.269181827754244485e-01 2.488543992645423364e-01 3.757272020940581325e-01 4.888035777386205427e-01 2.165282072666228352e-01 9.974845192856990339e-02 1.829785928811023532e-01 9.995931284031171760e-02 1.275826764471810031e-02 4.169904959436241954e-01 3.575657141504878234e-01 -6.079294557618262346e-02 1.206798862524275789e-01 -2.069221987798664508e-01 -1.873459289345087708e-01 1.646295033803815977e-01 3.021356695486882016e-01 1.947680631972176779e-01 2.765720088114627107e-01 2.897236937310854743e-01 6.746131428100775596e-01 5.617964131403242467e-01 3.525357849720954229e-01 1.426658488095992328e-01 2.318852362095268418e-02 -3.707838178530651480e-02 7.957498110412788983e-02 2.628136801830857072e-01 1.052715380555727109e-01 -1.477895974164715118e-02 1.614068168689745258e-02 1.078390545181664301e-01 3.269619869704018522e-01 3.370916393155586055e-02 2.954830064681380764e-01 2.622488274657547302e-01 5.927237695761772285e-01 2.664766093751420595e-01 6.707248546846725223e-02 -2.681326445173566886e-01 -1.811858391114882505e-01 -1.519421636284074006e-03 3.776890168792092217e-02 3.572067535139494127e-02 3.650393672422654889e-01 2.617324853054912026e-01 9.399196955815983245e-02 3.215511454467062658e-01 1.094356954888954792e-01 2.272783794225579634e-01 2.215862698734121783e-01 -2.908044054745046458e-01 1.599136979296449101e-01 2.624736463296559186e-01 2.095794067124917559e-01 4.402654978497306804e-01 2.007429295289445970e-01 2.137558671722383508e-01 5.138826718730809401e-02 4.032884224693087938e-01 3.840173342388999989e-01
1.194705784946278881e-01 -3.647816450956693074e-02 2.188256350264095873e-01 -1.297853315131483054e-01 -2.576271968442801069e-02 3.193769454184665069e-01 3.506123965940451948e-01 2.187033375814753378e-01 2.617138519272602659e-01 4.465397087631242101e-01 7.603332949965930787e-01 1.000000000000000000e+00 4.357423261699366335e-01 1.434853168375248567e-01 6.154848322682860556e-02 -7.585846195176365603e-02 3.117524169740596984e-01 2.085421015704568559e-01 1.094710815993822639e-01 2.281001326364350545e-01 1.787938795541189341e-01 3.738784074069906871e-01 1.168088874424695334e-01 6.369856613163712433e-01 4.385795045022061744e-01 7.619683048789950286e-01 3.832531254850418678e-01 2.836669004044562459e-01 3.345875598571806386e-01 -1.566040532253705139e-02 -2.524199350956306542e-01 -1.988358069125829852e-01 -3.102744383351997426e-01 1.088254480197569790e-01 3.022680940459822607e-01 2.714070762763225453e-01 3.538858748579733482e-01 9.367197276962577202e-02 1.687074302585337970e-01 3.395335272162800511e-01 2.823997435479233542e-01 3.845040969804839337e-01 5.446393730366595465e-01 2.719664624664492880e-01 1.563643797048148709e-01 1.900529905853752810e-01 1.236795795925105107e-01 4.343243560230539146e-02 4.412896197121604636e-01 3.306381304799074772e-01 -5.504598430461795505e-02 5.405705688629522387e-02 -1.571713297314463187e-01 -9.877583902746445155e-02 1.614583908916918109e-01 2.485352343163264033e-01 2.189466399036212874e-01 2.585495494591958932e-01 3.081812059039260587e-01 6.472600143372230219e-01 6.617278453269469507e-01 3.794651075607767265e-01 1.466509050806175385e-01 8.988181361152026982e-02 4.914466059904949724e-02 1.267932946833784935e-01 2.404774778090239817e-01 1.892245073656887988e-01 9.393022539927960157e-02 1.472931154473418880e-01 1.925540840966069311e-01 3.826021085641896913e-01 1.254878310935371721e-01 2.948713051240077210e-01 3.436319575121909442e-01 6.636101693156762904e-01 3.325813061081435151e-01 1.160577465827184324e-01 -3.199975797333983740e-01 -2.364520803122973636e-01 3.332858843245271874e-02 3.124803108760999468e-02 1.621854099758964218e-01 3.426416533604281778e-01 3.171729581190686487e-01 1.242453434589492756e-01 3.489427852793337559e-01 1.152438275514388877e-01 2.741236139787394110e-01 1.590562211604375220e-01 -3.101407981873693376e-01 1.684560793600239914e-01 2.913096567843201368e-01 2.713794168817634245e-01 4.779598548261461688e-01 2.776436750018831945e-01 2.389129433865556928e-01 7.477741025607409497e-02 4.124779954361483258e-01 3.663237880613590680e-01
-1.332335145706469159e-01 1.215231886464182148e-01 -3.075954409453791547e-02 1.686035736027542975e-01 1.728755386063813848e-01 1.935526513797358183e-01 1.765267648871285400e-01 1.744553423119680480e-01 1.317155407755112861e-01 1.612281740277284325e-01 3.807747859279010383e-01 4.357423261699366335e-01 1.000000000000000000e+00 4.203998691868609527e-01 3.447178964835425075e-01 2.127733990446413481e-02 5.420873637588918825e-01 2.358475349663324838e-01 4.374927926522310107e-01 3.003522275157596289e-01 4.221026609861751600e-01 4.094132623319697850e-01 3.544857018912044300e-01 4.575843546207538082e-01 4.074612070981768752e-02 3.232485188174112900e-01 4.909119860190386819e-01 3.985352809793299422e-01 5.687600286628108348e-01 2.121009397573722088e-01 -8.960984115013073681e-02 -1.363552519301696742e-01 -2.447872497844558182e-02 2.641358849102222184e-01 3.884757532267177349e-01 1.271508214387315761e-01 4.437491475562607146e-01 -1.550584442563599785e-01 4.185720080278935995e-02 6.946970164466687025e-02 1.363678492732597614e-01 1.414137241423839460e-02 2.372328202270908015e-01 1.862890537030074400e-01 1.534877725177038743e-01 3.488988829970369743e-01 3.914259882021728920e-01 2.787858870407647349e-01 2.796367623665180768e-01 2.706379643196504259e-01 -6.846930620748445384e-02 3.420895303081006658e-03 1.571752120116658713e-01 2.128104439562090999e-01 7.376463926465331999e-02 8.139297877688880800e-02 1.513725506548995459e-01 1.238745081331097675e-01 8.283857575979147736e-02 2.039612366380486597e-01 3.567719092850719642e-01 7.416035587155614950e-01 4.185817962411055304e-01 3.585821200781155182e-01 3.395810776937530084e-01 3.749361195227175481e-01 5.048947248099914381e-02 4.587022687685101685e-01 2.626746464238171597e-01 8.146079463096728146e-02 3.432593937826225461e-01 4.879787646584312633e-01 3.453506173742386109e-01 6.567801071267895252e-02 3.518272823011001083e-01 1.463843424345701028e-01 5.466664938250452854e-01 2.979857234057283200e-01 -1.544755003245414371e-01 -5.551826120090393168e-02 2.182140595044105846e-01 -1.097620561088856472e-01 1.542855488423749699e-01 3.045245313803556786e-01 4.768280390884867548e-01 4.073665382677520985e-01 4.181464736220688594e-01 2.520645029050808117e-01 1.285368340011533717e-01 -3.442740413950035050e-02 -7.651204717636639341e-02 -7.178386344497710014e-02 1.134150706267295222e-01 -8.516990738031936237e-02 7.116481155715149998e-02 2.433839611797835034e-01 4.209312015495708659e-01 3.378517543954440150e-01 2.235860268448309207e-01 1.474940013877056311e-01
-4.146141182086651722e-01 -1.449131858468172837e-03 -3.164374977690836976e-01 2.585268145094917758e-01 4.774414251129841663e-02 -8.855050671093557535e-02 -2.112537861605583503e-02 3.678087826286888240e-02 -8.631077280418793078e-05 -6.097042917403822093e-02 5.638485393498724602e-02 1.434853168375248567e-01 4.203998691868609527e-01 1.000000000000000000e+00 8.112309997844051601e-01 4.213287671300338516e-02 6.271576637259705933e-01 3.535984130679297177e-01 7.945744780545158648e-01 3.468556354094846084e-01 6.083772242889839976e-01 4.049195095172710146e-01 8.010988879197949997e-01 3.957015375679003300e-01 -1.756477957206596385e-01 1.560941344752314053e-01 4.932036310272730484e-01 5.690891195983237560e-01 5.969403192624949117e-01 7.405967160168570596e-01 -6.399055468172006045e-02 5.062472358658147431e-02 2.853269114946178631e-01 4.203357420940538325e-01 4.363461913749523968e-01 9.251615041641400583e-02 4.509068823002679860e-01 -1.681984204288483331e-01 8.894773542661971177e-02 -1.358355824977815762e-01 2.341774871415241710e-01 -4.232465559163092750e-02 1.811655287256941360e-01 1.702401726353263423e-01 1.155160741247908407e-02 5.317862387249844280e-01 7.689785475961522510e-01 7.061901940751463824e-01 4.164087496443104330e-02 2.055174328094649672e-01 -1.959391179513348957e-01 -3.007409114450436682e-01 3.163157603504770377e-01 2.672920036112368392e-01 -2.050165867809779496e-01 -1.954432471420644579e-01 -1.340590031602459375e-02 -9.755366628791731914e-03 -1.899044842919158371e-01 2.837409233395722652e-02 4.854497943350363776e-02 2.461695013379169295e-01 7.207976822827742991e-01 7.745227681959524491e-01 7.120700785465298166e-01 7.842067968948315260e-01 -1.887320355118760340e-01 6.113636851446666576e-01 3.827638687818182284e-01 6.834723670048381550e-02 3.800744145232293203e-01 3.900132734177229055e-01 7.522835074157419033e-01 -1.834973707585276781e-01 1.950608372518020939e-01 -2.877142302706920535e-02 5.549721673125805887e-01 6.947594182311612743e-01 3.516237965949014967e-04 2.078335662052500643e-01 3.597251119884571913e-01 -1.160944032477230076e-01 -5.551370937323891336e-02 2.005225298034378212e-01 4.108230780264000570e-01 7.034317164350164520e-01 4.516386966832089955e-01 4.202009428065267005e-01 1.185143109474127709e-01 -1.225722300047990820e-01 2.100462373591178711e-01 -2.297421719805043949e-01 1.111490199325744777e-01 -1.241575212032731967e-01 -6.759812428146023955e-02 2.035782497301890093e-01 5.313345646627845031e-01 6.837951636861704374e-01 -3.376525971312104718e-02 4.598495996347509718e-02
-5.078548557794902996e-01 -1.214951394156515568e-01 -4.410952008672556213e-01 2.738048291121151223e-01 -6.479000218140862355e-02 -2.628121661539902232e-01 -1.420937501365694688e-01 -1.334254509113000642e-01 -1.510205466649630346e-01 -1.234024519636141987e-01 2.181754721899513069e-02 6.154848322682860556e-02 3.447178964835425075e-01 8.112309997844051601e-01 1.000000000000000000e+00 -2.122040818917205265e-02 4.238819912456441852e-01 2.253540577203452522e-01 6.321325716071082290e-01 2.834836865575429687e-01 5.967119901997370857e-01 1.706400823585894344e-01 7.890622564921406790e-01 2.844421243051963866e-01 -2.207299009278669844e-01 3.269343731738313941e-02 4.103439641277671357e-01 6.260767931396074015e-01 4.814206808462935250e-01 8.654861131514802741e-01 2.890695637824419392e-02 1.352258987087227582e-01 3.687363874993524471e-01 2.474651515464403873e-01 3.049667387648896666e-01 -9.170627908696335831e-03 3.617414489630155772e-01 -2.065064745950085101e-01 6.592455008080926049e-02 -1.840566656494224407e-01 1.339094296003553453e-01 -1.148471774992977784e-01 1.292287271284312498e-02 7.090239673741144388e-02 -9.501883031879475305e-02 5.449719334176890140e-01 7.246128160542352203e-01 7.214836061229092934e-01 -1.087506831471164032e-01 9.170245174311909830e-02 -1.806492175757480056e-01 -4.312727668066436704e-01 2.993098108597587736e-01 2.234404763999957300e-01 -3.319150309680664601e-01 -3.415927065311205046e-01 -1.894283702578300199e-01 -1.485235910224552425e-01 -3.042816063103310764e-01 -1.303474883758592648e-02 -2.729866491875197407e-02 2.530442752054567479e-01 7.549672804847469276e-01 7.788503029593951688e-01 8.093092604866229944e-01 9.161133899917170975e-01 -3.337716705363719116e-01 4.665650526965661182e-01 2.700473296602798334e-01 -6.825248117759109834e-02 3.570018413394662193e-01 1.958387888753611306e-01 7.282966651470399455e-01 -3.057540599628997824e-01 1.082707977470838967e-01 -1.544747512304974202e-01 4.835867696497560542e-01 7.933846539183503355e-01 5.185492464176013477e-02 3.154765736387646902e-01 2.778870792557252556e-01 -2.002658963254110025e-01 -1.342222950842155427e-01 9.976017415493403095e-02 3.180789415550222543e-01 7.143138771471994053e-01 3.650742499685257214e-01 5.243788487717043756e-01 3.209394969026053285e-02 -2.373832077421078046e-01 2.424259607573429620e-01 -2.999642835494313875e-01 8.972332326183921070e-02 -2.041980467224633056e-01 -2.090417425569685295e-01 1.612368186470667653e-01 5.325325268891086816e-01 7.283365708497436808e-01 -1.795744788921151414e-01 -4.189203874849994902e-02
