1.000000000000000000e+00 4.078480897196223309e-01 1.603871047980716738e-02 5.508729146520997544e-01 3.397555063386243912e-01 -5.732517512421228534e-02 -1.429949661403248085e-01 -2.525794267368668966e-01 -3.011649699879737629e-01 -8.036050386540087576e-02 -1.764662914613654709e-01 -3.020113851897860413e-01 -4.471448544311157902e-01 -3.023362552551017712e-01 -2.039010696700697678e-01 4.335599269298436864e-01 -4.497196972315099517e-01 -4.150088403903265943e-01 -2.949262923302517492e-01 -3.646724762986249813e-01 -3.019407444558204756e-01 -4.216345679170482308e-01 -3.014030389417698963e-01 -2.954190501897588916e-01 1.719634643156786880e-01 -4.119867264367966242e-01 -4.971301735209234240e-01 -4.707309459234903515e-01 -4.645849897834140596e-01 -2.346171087740938355e-01 2.230810997065502121e-01 3.534571798879587723e-01 5.275420215809621949e-01 -4.531437329021968941e-01 -4.970319114854057641e-01 -3.967702121408985261e-01 -4.126513102011091783e-01 5.402946470650762389e-01 2.484223912285861077e-02 -1.430733613357314526e-01 -4.556131939466091518e-01 -1.446497775678027842e-01 -3.757153361973930572e-01 -1.680232788621233153e-01 -2.068389527208620016e-01 -4.227024142487168512e-01 -4.425266342109268058e-01 -3.085337407083467154e-01 -1.028011496529675634e-01 -3.157994049593867425e-01 6.542170145896466504e-01 2.200881500046812933e-01 4.825602486681662140e-01 5.806407657711123438e-01 -1.077927413850672811e-01 -1.598204831451593422e-01 2.799861107984865510e-02 -3.232964866685344996e-01 -3.124369241795925053e-02 -3.854096103565330389e-01 -2.958790787678916012e-01 -3.704393645446862893e-01 -2.587152914695216577e-01 -2.275903709112286066e-01 -2.537955918459643967e-01 -1.778590216414702441e-01 -1.447877616262872869e-01 -3.621555579542138359e-01 -4.550376765681558577e-01 -4.138262315264779057e-01 -3.251710391998318683e-01 -5.450095058682098426e-01 -3.978532011413355995e-01 -3.357716441047233769e-01 -3.784455180469414315e-01 -3.455700267788922586e-01 -4.564196117341079439e-01 -2.349181315407090631e-01 2.162301671716995444e-01 3.857255591254721283e-01 -3.920288945082227028e-01 -4.186926801410535970e-01 -1.897947916010376268e-01 -4.715095079064319794e-01 -4.963900892308329982e-01 -4.124445284977875659e-01 -2.942001235119633962e-01 -2.460757474832949154e-01 -3.872472095955861726e-01 -4.648207477583810587e-01 4.702412725484791389e-01 2.110783621042248981e-01 -3.536003663257564211e-02 6.451821107936250854e-02 -2.385156332122932987e-01 -2.529429468987875462e-01 -4.325432861193813650e-01 -3.969471191857893433e-01 -2.028974982657775206e-01 -2.886487827028367259e-01
4.078480897196223309e-01 1.000000000000000000e+00 4.487777083516054089e-01 5.665375027313980238e-01 6.851912576944759747e-01 3.144679532012121803e-01 3.211722194792768770e-01 2.862800755818256659e-01 1.880182102890253226e-01 6.112821202769151002e-02 -2.734414351136328358e-01 -3.888960002891627687e-01 -2.044458941895977433e-01 -3.077077839997144904e-01 -3.454255590254840524e-01 5.828952992973776004e-01 -1.206133412065114596e-01 -1.555246905829714699e-01 -2.318404449928932742e-01 -2.782921161361002205e-01 -2.676530075779683937e-01 -7.424158809539380122e-02 -3.237320599262553666e-01 -2.902544482979371732e-01 2.059636982828300100e-01 -3.145331122464730678e-01 -1.767636877915434446e-01 -3.717353296387307937e-01 -2.704153312617147975e-01 -3.486815269675782591e-01 2.565639251619596939e-01 -4.614272730245365384e-02 2.360483519650166950e-01 -9.154179956640567939e-02 -6.345580767817092516e-02 -8.617434779468229056e-02 -3.188846207897052532e-01 3.512160378065715682e-01 1.305143205274392204e-01 -1.482729917714900938e-02 -5.571595748146229016e-02 4.786999923934363854e-02 -1.110615710889460879e-02 -7.924515609392526749e-02 2.002225315304970721e-01 -2.606556494651074418e-01 -2.524520357645136936e-01 -2.074073859061502378e-01 1.355520170118681700e-01 -5.036140596878567466e-02 2.441232906511765222e-01 7.114933436368627850e-01 4.633831056508699309e-01 4.845955765683098160e-01 4.025565857303195494e-01 1.831778350637894848e-01 2.338459876935099213e-01 6.844503641299157226e-02 1.091523800783602942e-02 -4.297673578481462919e-01 -2.484254732410852151e-01 -2.869649853203544709e-01 -1.607188352291378519e-01 -2.980798805102258808e-01 -3.302920999157020754e-01 -3.506300012914782549e-01 5.339858058810151992e-02 -2.057253953803163671e-01 -2.640565171690104074e-01 -2.010546365084645570e-01 -3.314961718476280295e-01 -2.053088169651814399e-01 -3.791848457421005403e-01 -2.707936800050749215e-01 -4.148381717833812266e-01 -2.090612912665703871e-01 -3.563179081692055550e-01 -3.774954687963902877e-01 2.949016957464719590e-01 -7.824093935234108232e-02 -3.656447233022783738e-01 -1.180210904522365628e-01 2.308621650298851857e-01 -5.248204062439870698e-02 -2.182635344454963711e-01 -1.868782291965707665e-01 -2.396635251294599867e-01 -2.392376282974338075e-01 -1.341497339636809616e-01 -2.542997112842679819e-01 2.344789509153471230e-01 2.420142531420606258e-01 1.224444014441919137e-01 2.677899350878084617e-01 1.271769911759009219e-01 8.762145566525539331e-02 -2.458325513749667068e-01 -2.773417561178073698e-01 -1.191837023451527457e-02 -1.249686665092822196e-01
1.603871047980716738e-02 4.487777083516054089e-01 1.000000000000000000e+00 -1.332395078069743277e-01 5.874991194003045258e-01 7.821521381857554633e-01 6.216750017383194660e-01 3.882446530731780143e-01 5.184695907432183004e-01 2.213008257815602120e-01 2.400141270117058315e-02 -1.216227045832107140e-01 -4.488621425335990317e-03 -2.718714352396997547e-01 -3.550254126487207285e-01 2.471942894226473453e-01 -2.161206678478956589e-02 3.069634961863474190e-02 -1.836106969296198710e-01 -1.003567413471066622e-01 -2.267477945614962132e-01 9.954619364011488281e-02 -2.812046654096320708e-01 -2.376109027980619626e-01 3.561734426507828233e-01 7.979411138890146749e-02 -6.162530339106475803e-03 -1.723017132851180633e-01 -7.083394573695253604e-02 -3.956579352077407852e-01 1.586469787176224000e-01 -3.595099665977213865e-01 -3.266516085551016135e-01 1.790406022767609961e-02 1.565045649848943454e-01 2.161141220955691000e-01 -1.157136343843337273e-01 1.612135435657276461e-01 -1.151973388521042134e-02 2.129303971060999834e-01 1.908506981024686855e-01 4.177240361083993658e-01 4.092693086914778178e-01 -2.600509840444685875e-02 2.968548668229354370e-01 -2.539362717532405167e-01 -1.501255589535411550e-01 -2.942816563420707632e-01 5.237351429343122255e-01 1.854486070379570417e-01 -2.280610862251880866e-01 7.389738762836917108e-01 1.456976048104897115e-01 4.585954904542729506e-03 8.157088244406306421e-01 7.710495297270529846e-01 5.904158676773039183e-01 5.240692379162248393e-01 3.972187287859634264e-01 1.000156093783673567e-01 3.047239521268772441e-02 -1.323963152340628946e-01 -2.537995365008990922e-02 -2.268710766144887703e-01 -2.581635777035163892e-01 -2.826890947424295364e-01 5.350885194963811431e-01 -8.452298175524630697e-02 -1.545864547695239254e-02 1.911481538656307003e-02 -2.412492250763759172e-01 1.828765162793075938e-01 -1.979358125674936519e-01 2.947408185651632095e-01 -6.571994394222331615e-02 3.536941213731197298e-01 -3.471170496925772564e-02 -4.245902489921090650e-01 1.944463546010942456e-01 -2.493324687504573089e-01 -6.805096336977287108e-02 8.880767009073731177e-02 3.440844917166672179e-01 2.917464746017455202e-01 -2.472037408212471657e-02 -5.796983071058661036e-02 -6.190655614356472408e-02 -2.637144324222318037e-01 1.685163255852937525e-01 2.383939378723512192e-01 -1.568986858869266324e-02 5.662035913360369266e-01 2.137146090194979031e-01 4.347906585020631098e-01 5.601268282946560984e-01 1.307374351120947908e-01 -2.362202269781151776e-01 -2.332189348587734579e-01 3.589282051203399604e-01 1.767102819090717591e-01
5.508729146520997544e-01 5.665375027313980238e-01 -1.332395078069743277e-01 1.000000000000000000e+00 4.970205690865378001e-01 -1.161724785320996517e-01 -1.012820550273711429e-01 6.290408747375511589e-02 -1.785630566205000935e-01 -2.076723827334849837e-01 -3.708065483944009144e-01 -4.517310384608335116e-01 -3.605336196249872560e-01 -1.842350919967728484e-01 -1.257337094419507528e-01 5.784024870507986638e-01 -2.594528378490633114e-01 -2.480060725747647576e-01 -1.715304523289628569e-01 -3.061061094829339302e-01 -1.590651895918945569e-01 -2.725440924959641742e-01 -2.077624359680351473e-01 -2.841463022347992529e-01 -7.029029017215819575e-02 -5.561650164762191872e-01 -3.670266458400525678e-01 -4.480187967407205374e-01 -3.311839778251768340e-01 -1.311377156400547750e-01 1.755929631374311684e-01 3.990300413408087166e-01 6.785791992096273928e-01 -2.138747637313437311e-01 -3.423492777078196991e-01 -3.031786149266906261e-01 -3.745094713556386679e-01 4.262330204362140273e-01 1.244425373327410350e-01 -1.767365743242627629e-01 -2.922957098906758255e-01 -3.315526359019088654e-01 -4.376474725420224643e-01 -2.592018215749560817e-01 -1.651939532564432045e-01 -2.568030571495654724e-01 -2.475840817801024663e-01 -1.190594190089590138e-01 -1.835754395216597223e-01 -2.717613908269067569e-01 5.501098317069974541e-01 2.488216952000740223e-01 5.804764575767414891e-01 7.835263510685028798e-01 -1.641288720573613469e-01 -2.949578616439038070e-01 -2.799815526292517148e-02 -3.013418416292724111e-01 -2.936788274957471967e-01 -6.709625066209650157e-01 -4.622048486666500700e-01 -3.270634658745940060e-01 -2.227507135148676654e-01 -2.526476783610286381e-01 -2.424886805675349477e-01 -1.871643579854946060e-01 -3.362891442363125649e-01 -3.166240710201642661e-01 -3.992424023886188000e-01 -2.769125165212460438e-01 -2.169101678984146075e-01 -5.215486679443124274e-01 -3.612517718910260855e-01 -5.850617318347274276e-01 -5.346690238529777650e-01 -6.018625062979933160e-01 -4.209487437329776371e-01 -2.078228191929728796e-01 2.833002869762302200e-01 3.526151165773452334e-01 -4.594898799040823545e-01 -2.950656076608929590e-01 -9.792117090597693418e-02 -4.324432506108759067e-01 -3.971676100658836917e-01 -2.646783198393029002e-01 -2.823525088355968160e-01 -2.017797630783783047e-01 -3.031796802163462257e-01 -6.003767402594500924e-01 5.026773652450163832e-01 -2.067066628455013766e-02 -7.747336004608684767e-02 -9.195290870389445648e-02 -3.412583377876050594e-01 -1.484194136808152376e-01 -2.556956841075671560e-01 -2.501985322354826069e-01 -2.774662363368859963e-01 -3.118897891474715078e-01
3.397555063386243912e-01 6.851912576944759747e-01 5.874991194003045258e-01 4.970205690865378001e-01 1.000000000000000000e+00 5.667899950673374043e-01 4.043304000421568123e-01 2.980936943645644543e-01 2.978802126453113930e-01 -3.279179294886640401e-03 -3.228073262006646571e-01 -4.878674187029368170e-01 -1.573008210921473249e-01 -2.440333260841958951e-01 -2.691322953213299285e-01 4.812684778400754260e-01 -1.189946620061708982e-01 -2.897678098293886978e-02 -1.331554787740642509e-01 -1.618548446758601433e-01 -1.881671656732873121e-01 -2.026018676689456122e-02 -2.616716315163450379e-01 -4.292802284606850871e-01 1.601809311419288562e-01 -3.632114117166386213e-01 -2.224807872842815559e-01 -3.522340833457367482e-01 -1.562003126227931027e-01 -2.929056348751215566e-01 2.856247576566241508e-01 -7.037318742932363591e-02 2.174077978460638161e-01 -1.661932000569526363e-02 -3.217616788803213945e-02 5.941736229764942728e-02 -2.663476763253140867e-01 3.011298410851457330e-01 -2.956251421603831725e-02 -4.902247724122579808e-02 2.604804792553161441e-02 2.791287627474772076e-02 -2.392659086600011989e-02 -2.036287091764152624e-01 4.029314303510429796e-02 -3.253612613242548024e-01 -1.788603729781302609e-01 -2.139997263904257485e-01 3.317931776859024406e-01 4.526047674752653460e-02 1.273439933519739109e-01 6.814964036920123647e-01 4.275255348083427664e-01 5.381229855732552192e-01 5.841848572801476847e-01 3.752979050007604345e-01 4.219533617263852565e-01 1.892098133461951881e-01 1.168430867981278126e-01 -4.167179761569010932e-01 -2.684965445216632163e-01 -2.515000202841529697e-01 -8.899472531165249223e-02 -2.585115926676329057e-01 -2.835254077142152496e-01 -2.739679941156676901e-01 2.203004109507304686e-01 -1.633437472118431100e-01 -1.258787083813411589e-01 -5.340807397974575016e-02 -2.398455301732872746e-01 -6.644076153677776209e-02 -2.944863752529552348e-01 -2.009011124995781772e-01 -3.656522349232095292e-01 -1.290108886457754234e-01 -2.023021525861834480e-01 -3.960733989447305925e-01 3.952404812917105770e-01 -9.155954323364025663e-03 -2.490024132922343258e-01 4.163002811753758678e-03 2.216005790851337531e-01 3.810553564191875714e-02 -2.370077213964272567e-01 -7.482577985394282816e-02 -1.451580147773745000e-01 -3.379590982833240442e-01 3.871941617935148461e-02 -1.533034069658769927e-01 3.066260499725154687e-01 3.879450172531065943e-01 9.861073089050544083e-02 2.774577186279124641e-01 2.205673987164554761e-01 -4.670669120261466273e-03 -3.015135442136804289e-01 -2.197236779495238823e-01 1.186065419531028148e-01 1.134270366647410593e-02
-5.732517512421228534e-02 3.144679532012121803e-01 7.821521381857554633e-01 -1.161724785320996517e-01 5.667899950673374043e-01 1.000000000000000000e+00 6.798925822909565042e-01 4.721343136702014776e-01 6.743627017212310282e-01 2.022653174140170151e-01 -7.752012939287096505e-02 -1.980938891522801282e-01 4.796697599673100526e-02 -1.935979800619823388e-01 -2.760844220097087298e-01 1.718458063172372541e-01 5.844191690627870833e-02 1.546415903768125488e-01 -1.061061455876484566e-01 1.853430921570560497e-02 -1.444153197844152414e-01 1.935316689584388739e-01 -2.030787205341426649e-01 -1.960576619988591840e-01 2.869698172026108329e-01 3.066141171459067089e-02 5.968469980312059164e-02 -7.585892449718412145e-02 7.222383820659144561e-03 -2.955111109522576274e-01 8.383733987204479432e-02 -3.595894581941336265e-01 -3.096978393964674448e-01 1.160267351517561968e-01 2.744360966796974832e-01 3.050071904436777448e-01 -7.568771457307571504e-02 6.455148584091287278e-02 -4.756857920019882946e-02 2.160132083854190421e-01 2.706427026125878266e-01 2.513027544638746780e-01 3.695637959252626170e-01 -2.222268562231550365e-02 3.210769344477599208e-01 -1.623861904501704978e-01 -7.731827099627527899e-02 -2.272773968307549852e-01 6.777762256425005072e-01 2.774168733697762734e-01 -2.508968155182528803e-01 5.906047760458159601e-01 9.960694014133784913e-02 -2.160320264986212088e-02 8.636006763108881046e-01 8.282467450707903245e-01 5.916260993943927016e-01 5.837313930554175467e-01 3.583001430075801186e-01 3.142257083211745516e-02 3.966905043757382177e-02 -1.025658223692575283e-01 2.709533811790307972e-02 -1.573967245077592947e-01 -1.765367084874952253e-01 -2.172491399092228992e-01 5.385119646583788056e-01 -2.423519921039088421e-02 6.642643239305331959e-02 1.239879766592388022e-01 -1.482207502110598207e-01 2.625099881957767001e-01 -1.410025204248343267e-01 2.219110102134997653e-01 -1.271355311942429234e-01 2.815174801600955901e-01 -7.123762045897236161e-03 -3.868542615687721731e-01 2.160614221921395572e-01 -2.879150759794126824e-01 -7.246535763438144429e-02 1.502654286057564237e-01 3.926189734337756643e-01 3.840504004805365690e-01 6.806610599979781573e-02 4.239637911616193910e-02 -4.922316697414387543e-02 -1.931399274061340321e-01 2.493380806528936733e-01 2.705651881592769370e-01 -4.904268125186289629e-02 4.311989163264184355e-01 2.086702846672696954e-01 3.002739193690569519e-01 5.355834457396855264e-01 1.412883950357969320e-01 -1.467243434577935601e-01 -1.387714661291555296e-01 4.739085237909526072e-01 2.341734360707670437e-01
-1.429949661403248085e-01 3.211722194792768770e-01 6.216750017383194660e-01 -1.012820550273711429e-01 4.043304000421568123e-01 6.798925822909565042e-01 1.000000000000000000e+00 5.652089588355917460e-01 5.689846983826343241e-01 3.365020790129957806e-01 3.272876041265160990e-02 -7.885030807677649578e-02 2.000775347044821476e-02 -2.185217697097746048e-01 -3.494667813152355640e-01 1.762809372677683339e-01 1.510106950572280005e-01 8.079282691803521543e-02 -1.494733020023090719e-01 -1.047580171910299923e-01 -1.716001839485634672e-01 2.107854224038740176e-01 -2.584686133166264055e-01 -4.040330618131315193e-02 4.055844071943894846e-01 1.785984134493818765e-01 1.539748825259769915e-01 -5.020140675140176423e-02 -1.334167693959833166e-02 -3.729192783191955796e-01 3.903136252165362308e-02 -3.601703865813050687e-01 -3.617072208145282186e-01 1.005704002342736603e-01 3.256715841272330159e-01 2.292339877933383396e-01 1.702331186358003665e-02 1.540670090551820581e-01 1.092971558386813397e-01 3.897378969601664744e-01 3.261893162092875387e-01 3.364177690181134328e-01 4.427688535840639816e-01 5.870339106424136283e-02 4.447891968737401336e-01 -1.350612275866515943e-01 -9.772570584838949359e-02 -2.332623062017108728e-01 4.879690784239158474e-01 2.556618247266550514e-01 -2.235971810370267487e-01 5.238788648669929771e-01 1.603315339051284427e-01 -9.960130332520449048e-02 7.305682446105230543e-01 6.409087237307857787e-01 4.838265537606639688e-01 4.778770556750391307e-01 4.042229340180588104e-01 9.680307667322723963e-02 8.265461003900644033e-02 -1.295848810441348475e-01 -8.203224432584704795e-02 -1.035329519674242638e-01 -1.974144955389688927e-01 -3.152957060465991224e-01 6.324494025944554787e-01 1.286518423501336120e-02 1.945390115466862427e-02 4.633210856182569740e-03 -2.117151452210928597e-01 2.508186634635617418e-01 -1.845048882036317839e-01 2.929714068622193968e-01 -3.189330247333323903e-02 3.487352367941498610e-01 -7.081678953603381954e-02 -4.003296189713920761e-01 2.179219755264041603e-01 -3.677741389020932061e-01 -1.550087936069269590e-01 8.304629792628558105e-02 4.307263043958146076e-01 4.110208162768425044e-01 1.639757186325618565e-01 -8.582143263510194978e-03 -1.605850867567372789e-02 -1.103911744713090837e-01 1.121546992286705791e-01 3.039422728819805020e-01 -9.126821028195298766e-03 4.073922499049206225e-01 3.069853343459018058e-01 3.613569270120077781e-01 5.659864793919335835e-01 2.775401036389084086e-01 -9.281391358944589276e-02 -1.715797954168991335e-01 4.139232004531038789e-01 2.277684838090238140e-01
-2.525794267368668966e-01 2.862800755818256659e-01 3.882446530731780143e-01 6.290408747375511589e-02 2.980936943645644543e-01 4.721343136702014776e-01 5.652089588355917460e-01 1.000000000000000000e+00 7.414931041048590243e-01 1.167528811741688349e-01 -8.208946343905931808e-02 -1.338361229365093719e-01 1.120680580645319474e-01 -1.729947002230269038e-01 -3.311559864197365921e-01 3.301186680024094100e-01 2.073140204410569842e-01 2.651704004181774099e-01 -1.664698688306864294e-01 -4.151909046653299434e-02 -7.380482274002547749e-02 2.429596148574283965e-01 -2.196199690142946193e-01 -6.986805461281652210e-03 -6.287714327373808421e-02 -4.911522012278719124e-02 1.945484337133359665e-01 -4.218837108980647704e-02 1.112103668476725066e-01 -2.854186678193997850e-01 8.932794729368488673e-02 -3.176473624461854661e-01 -2.124168494722812328e-01 2.724010351541617525e-01 3.543504231890853839e-01 2.975167600350614450e-01 8.376335434683389314e-02 -5.742205307120809565e-02 7.021282253307600807e-02 2.431168179906183502e-01 4.318393022563878914e-01 1.368484246794187398e-01 2.439115152081705873e-01 8.435828732021462273e-02 4.245457970304943873e-01 2.506469999337004179e-02 -2.611563555901556810e-02 -4.179186024128569987e-02 4.118650925046595801e-01 3.475531349847452156e-01 -2.189088088200223381e-01 4.633676328144372136e-01 2.165072830386339520e-01 -3.063991027447983406e-02 4.719827190581676879e-01 5.390483801421134258e-01 5.044840570091769782e-01 6.198070464835380156e-01 1.439330889607046485e-02 -1.079145523988914168e-01 -5.050026713070580008e-03 1.331400651748162675e-02 -8.485405008568331492e-03 -1.553223799411616868e-01 -1.839562311271210060e-01 -3.338108185422887231e-01 4.519732807333156077e-01 4.559209649974164252e-02 8.871305746313348783e-02 1.653188214736309725e-01 -9.335337209735658504e-02 2.217589721027231620e-01 -9.697630470986164097e-02 6.485707873822116332e-02 -1.599265793821551818e-01 1.369432161670125145e-02 -1.439782422356416895e-03 -3.378280965779730249e-01 2.284207586884483832e-01 -2.633840354496380098e-01 -1.390846212638989776e-01 2.662065814579989698e-01 3.936542179882625003e-01 3.032309799829724928e-01 1.570511838733569532e-01 5.433190911904948323e-02 5.163194110038445139e-02 -1.191551656227279599e-01 2.375749699907449275e-01 2.017562863666086115e-01 -5.215825716409148473e-03 1.193366882889174280e-01 1.908804630681971981e-01 9.811712695484459124e-02 2.519953655406693693e-01 3.178630658453215907e-01 4.125882274409595207e-02 -7.062892584432362009e-02 4.318717522894843230e-01 3.115999140956931535e-01
-3.011649699879737629e-01 1.880182102890253226e-01 5.184695907432183004e-01 -1.785630566205000935e-01 2.978802126453113930e-01 6.743627017212310282e-01 5.689846983826343241e-01 7.414931041048590243e-01 1.000000000000000000e+00 1.849835311324125320e-01 -1.239343421060616970e-02 -7.694290689648590476e-02 2.297821223210861075e-01 -1.043915355025540059e-01 -2.393669911493851721e-01 9.290080702953511238e-02 3.073182213757653658e-01 3.387716080234938754e-01 -6.399038414258302609e-02 1.275864915090432483e-01 1.309746848205330712e-03 3.128455850839664265e-01 -1.413466371251064502e-01 -2.710453122830720242e-03 3.587411881286337034e-02 8.584523294870906318e-02 2.737386982710475758e-01 8.596077153782553937e-02 2.042174616408882759e-01 -2.260163576965612264e-01 9.729946098837487234e-02 -4.417628191047938691e-01 -3.474704036758822223e-01 3.282308178226741591e-01 4.267424849885070870e-01 5.017197983350666357e-01 9.515101936415876205e-02 -1.361097916921426842e-01 -1.850364990831089226e-02 2.396563398918045429e-01 5.261449873895653884e-01 1.786599463848932146e-01 3.309763479985370904e-01 9.187706043450041826e-02 4.150877173625776573e-01 6.457707105731734509e-02 4.230580583386377852e-02 -6.438555631612413732e-02 6.217603695741975578e-01 4.794394977183204509e-01 -3.665392522739042147e-01 4.526011162601345506e-01 -1.172249346252806843e-02 -1.724402991748704705e-01 6.699920484794757991e-01 7.421477168085154341e-01 5.703534530655091084e-01 8.020537048313737261e-01 1.413561024118613341e-01 6.070699894677057673e-02 1.448399701006511942e-01 5.578968745512197930e-02 2.098150377172324638e-02 -1.440583211360513538e-01 -1.464101014590066530e-01 -2.549221056775465843e-01 5.495723691831931879e-01 7.922456390322951680e-02 1.758254499529003922e-01 2.349625320730248101e-01 -4.718744435555175670e-02 3.535377209608415172e-01 -8.174819585060287552e-02 1.709562176556298496e-01 -8.349034833640971154e-02 1.458817051744908111e-01 8.497108517431825603e-02 -3.026809084973456354e-01 2.709078376678890621e-01 -4.077097793808083792e-01 -6.116535123043152083e-02 3.357768733248863158e-01 4.449970653274440413e-01 4.225813983104099725e-01 2.481974853847301044e-01 1.227785711643744893e-01 1.645248329853205710e-02 -8.871382205358278872e-02 3.849966671583880395e-01 4.048812711152515176e-01 -1.679755893494548069e-01 2.063195962977435183e-01 1.922385875862167581e-01 1.383710450842406403e-01 3.940321300827054896e-01 3.358481926615176083e-01 7.303871520686279484e-02 -1.079282759260294551e-02 5.516472585493730207e-01 3.905368425725440629e-01
-8.036050386540087576e-02 6.112821202769151002e-02 2.213008257815602120e-01 -2.076723827334849837e-01 -3.279179294886640401e-03 2.022653174140170151e-01 3.365020790129957806e-01 1.167528811741688349e-01 1.849835311324125320e-01 1.000000000000000000e+00 4.078419620687971925e-01 2.906348706380448288e-01 5.010528309328519947e-02 -2.114335428277251128e-01 -2.788099243169379071e-01 1.419600013649446879e-01 4.177889457160021552e-02 -2.884482596235380392e-01 -3.407728902770709722e-01 -3.422349291513455682e-01 -1.999030357848873007e-01 3.605330106140451629e-02 -3.039540296437159839e-01 1.220127301823317051e-01 6.089768273501715568e-01 3.475003837267334750e-01 -1.964907452660788825e-02 -1.160689415086288943e-02 -1.120362388582237245e-01 -3.291177385411760969e-01 3.173716085639417123e-02 -2.881173583133574412e-01 -2.432911733684811062e-01 -2.028850492105934988e-01 4.366409876882380164e-02 -1.511637464338237147e-01 1.751444956822370905e-02 1.831430303493619127e-01 5.318145891901645550e-01 6.627231506433298724e-01 -5.858541871682327457e-02 4.364942720363842454e-01 3.876904073285139529e-01 2.264902704443929882e-01 3.890963010280757972e-01 -1.468384442069763096e-01 -3.016779247811561815e-01 -1.715442019141238117e-01 2.893492360900323107e-02 -1.261695704035364629e-01 -1.162087773755791642e-01 1.651420506608790861e-01 2.843306294053507197e-02 -2.186988226984404038e-01 2.207189167998989954e-01 2.323606625207677856e-01 2.274370181728126439e-01 1.509637943268187510e-01 7.022150019173425406e-01 2.848517906955675416e-01 4.541944987642201337e-01 -6.597274529820561229e-02 -2.959644485582406670e-01 -1.355405480240818861e-01 -3.602092524758873093e-01 -3.189555477765967928e-01 3.867976779268841869e-01 -2.499805160089650924e-01 -1.880222602587610092e-01 -3.363695332224593271e-01 -3.563032756987756233e-01 1.220235723517564680e-02 -2.324548222687588539e-01 4.003376760665272038e-01 7.392420802651528122e-02 4.802707507414422095e-01 -1.270641312848496129e-01 -1.314175827380320294e-01 8.578192329411153672e-02 -3.475055126668057381e-01 -2.370238821523411588e-01 -6.175106579157418896e-02 5.001192906928773052e-01 2.157474066079963226e-01 4.213866535587278833e-02 -3.045423460759408840e-01 2.884875885514470717e-02 1.260360965338269135e-01 -2.631015097733125918e-01 1.059226251910059535e-01 -9.175109000363024583e-03 2.653133564080291662e-01 5.913986490659925988e-01 5.211805623423257927e-01 4.622778061123778981e-01 3.321471184103074181e-01 -6.945595031978735179e-02 -2.327214273278487844e-01 -1.310676199101892120e-02 -1.231892705189526344e-01
-1.764662914613654709e-01 -2.734414351136328358e-01 2.400141270117058315e-02 -3.708065483944009144e-01 -3.228073262006646571e-01 -7.752012939287096505e-02 3.272876041265160990e-02 -8.208946343905931808e-02 -1.239343421060616970e-02 4.078419620687971925e-01 1.000000000000000000e+00 7.091258303106897642e-01 1.943244163941560687e-01 8.465402369330200794e-02 2.118531306243949183e-02 -1.426296542374557719e-01 1.334407773368080363e-01 -1.137063753148709472e-01 -7.980138435067726799e-02 -9.052395723307492259e-02 6.731697408304028463e-02 3.690078717413252524e-02 1.884987728288050127e-02 3.357047743656900174e-01 2.214816400401775354e-01 6.498793312921101739e-01 1.685401046149136439e-01 2.028917013798022251e-01 8.835634503474935897e-02 -5.216282332210264716e-02 -1.977624997437132381e-01 1.705751993351059884e-02 -2.975297281949652595e-01 -6.498918822349451785e-02 5.741698425105586090e-02 -5.086752372315192505e-03 2.084396279508582417e-01 -4.271451549076845516e-02 2.576333971667713052e-01 3.727051195242566117e-01 9.163909335830033517e-03 2.906715698825680927e-01 3.032509082976883596e-01 1.079426143348548167e-01 1.432710635303015845e-01 5.115787002739292932e-02 -5.839314302416303420e-02 -5.813726265804250969e-03 7.109311429643966340e-02 -6.940043012199054173e-02 -7.113980661695830376e-02 -1.232169460612367456e-01 -1.636512680388294838e-01 -3.498319928760637576e-01 -8.465839335240760155e-02 8.334074547454028981e-02 -2.334010402244368620e-02 7.305371848260269751e-02 2.684536710796702197e-01 6.067578868252346824e-01 3.331114412668366165e-01 1.009786000916138987e-01 -5.613413147606913060e-03 1.009816923431907099e-01 -1.653286594438262147e-02 4.628963037778140860e-02 9.675266965150156051e-02 -4.920185857033106125e-02 -6.518457050278476939e-02 -1.312379271388878221e-01 -1.426777887718864643e-02 1.086145487266044866e-02 2.026829409845714788e-02 4.808036301690258862e-01 3.447667358555759343e-01 4.031161711403023484e-01 1.441190375514828648e-01 1.609518134396701605e-01 -2.560986995614619732e-01 -2.576115115458549668e-02 -6.128329162726721922e-03 -8.891523050744189194e-02 1.125615250748233931e-02 5.512403519556931253e-02 1.071643890356849677e-01 -1.687996885469534303e-01 1.844980208016978873e-01 2.231467422713150073e-01 -7.163904224408611243e-02 1.534464155172015898e-01 -1.727069438621356701e-01 8.200951542599145550e-02 1.715922272016967010e-01 1.529472747608308369e-01 9.580102599423181986e-02 8.046286572406526061e-02 9.711099857006093294e-02 -4.502229588055890047e-02 1.787418105204990060e-01 3.471763809194536310e-02
-3.020113851897860413e-01 -3.888960002891627687e-01 -1.216227045832107140e-01 -4.517310384608335116e-01 -4.878674187029368170e-01 -1.980938891522801282e-01 -7.885030807677649578e-02 -1.338361229365093719e-01 -7.694290689648590476e-02 2.906348706380448288e-01 7.091258303106897642e-01 1.000000000000000000e+00 3.170101633903824601e-01 1.695923294090208311e-01 7.046094040967135208e-02 -2.700538124964625419e-01 2.257041476580416983e-01 -4.682221550281032846e-02 8.131320725164918606e-02 -1.711400235084247975e-02 1.386627900230152366e-01 7.340356554438356995e-02 1.124679601946513979e-01 5.173215128768638982e-01 1.348414721663714344e-01 7.380867164412252546e-01 2.155027709858410301e-01 2.858173039099351498e-01 1.400119406525651422e-01 7.852391929839933060e-02 -3.228446933565219390e-01 4.430640562863720489e-02 -3.327110043381302229e-01 3.994024145545250343e-02 5.679248181540567930e-02 7.334944220661231140e-02 2.735209601226541998e-01 -1.779760242036346474e-01 1.967183809383794835e-01 3.219139332768815032e-01 1.408556768183283174e-02 2.061630853077328629e-01 2.651888991398719253e-01 1.050147357863526754e-01 -3.476858678062258456e-02 1.057620905762306912e-01 -1.890170002467504717e-02 -2.553425802697072144e-02 -6.841398520617766876e-02 -2.723050320927832349e-02 -1.321050165185114478e-01 -2.933963481497117165e-01 -2.657262071941298154e-01 -4.544575349710032186e-01 -1.862800008920997841e-01 -3.149603115587604196e-02 -2.065725809364589161e-01 1.662312778940854344e-02 1.339380898710722245e-01 6.776535080848625769e-01 6.005269842798217628e-01 3.650615314666391109e-01 1.483202599568535507e-01 2.507588476553580525e-01 2.012893308996258623e-01 1.454416171092980936e-01 -2.780968545351474724e-02 1.950482201068760024e-01 8.708102568207733152e-02 -2.394293883622681737e-02 1.195961007217626049e-01 1.593222957771489590e-01 1.797245943960947279e-01 4.972612940490329092e-01 6.210913918623973684e-01 4.856513059119669240e-01 2.297399162679020224e-01 2.846423244050027557e-01 -3.581285758976975875e-01 -1.706520503909967831e-02 1.611868302764719041e-01 -7.509701249579878168e-02 -1.273519296233555642e-01 8.301699170509231618e-02 1.960953203518522037e-01 -6.236286464411280872e-02 1.435662721092827998e-01 2.379346604980312474e-01 2.207991607142200090e-03 1.787310632955228518e-01 -2.976225510789158313e-01 -6.131047858662122541e-02 1.704853071723974878e-01 -3.090600678189250189e-02 1.887640221060097462e-02 -2.793953506965166089e-02 1.454367631411818407e-01 -1.308834677921870068e-02 8.256214446153156694e-02 4.550956326906688276e-02
-4.471448544311157902e-01 -2.044458941895977433e-01 -4.488621425335990317e-03 -3.605336196249872560e-01 -1.573008210921473249e-01 4.796697599673100526e-02 2.000775347044821476e-02 1.120680580645319474e-01 2.297821223210861075e-01 5.010528309328519947e-02 1.943244163941560687e-01 3.170101633903824601e-01 1.000000000000000000e+00 5.100749094665383288e-01 4.068393049307153508e-01 -3.246031292817171954e-01 7.028473154984459237e-01 5.126917079384707421e-01 5.086811996808299208e-01 4.736425321214092210e-01 5.259354388854003970e-01 5.255678049042971089e-01 4.794744686090448016e-01 4.960064127530460776e-01 -1.325560479481812659e-01 3.040242623006207401e-01 6.371013909537535103e-01 6.552724902261868323e-01 6.425787500999320390e-01 4.586027987963548491e-01 -1.300854327538747413e-01 -1.260535491093441041e-01 -1.802679802605237636e-01 6.699860245051816321e-01 5.815966334758553291e-01 4.961100392927571545e-01 5.493549072506274111e-01 -3.791716235701187987e-01 -1.522970861074657845e-01 -5.785745942051183713e-03 5.665236698025606366e-01 -1.622716718787629159e-02 2.054595800440066344e-01 7.658602862134086808e-02 1.219675619947003936e-01 5.285426543021387591e-01 5.294244875625623292e-01 4.633387719171213615e-01 1.194398374999565415e-01 4.006711327556961577e-01 -4.700750393770357083e-01 -1.288168742236150410e-01 -4.308381577504338811e-01 -4.436200567525166449e-01 1.303718415644216089e-01 1.242106017959355296e-01 -1.243762463685166020e-01 1.706031422433834654e-01 -2.209486736906790538e-02 3.079623378064769157e-01 4.167094068679460528e-01 6.903744102619050471e-01 3.801968548878236764e-01 1.712064820682388799e-01 2.346509408445347777e-01 2.844140953151799156e-01 -6.403564325925039172e-03 4.022084842233350499e-01 4.859727138952552039e-01 4.645335767087342971e-01 4.233445855401196112e-01 5.822067363782814642e-01 3.631625283852762953e-01 1.765272616316780896e-01 3.311317590650033615e-01 2.659411477482988562e-01 5.382541859602978374e-01 4.383906644660161556e-01 -1.415008968784370672e-02 -2.006591260509871799e-01 3.442669522051871600e-01 3.950465572845986428e-01 1.113360980780054299e-01 4.631289271375919059e-01 5.900503052170961160e-01 4.530078230820919205e-01 3.886867678911108404e-01 3.199442195553095503e-01 5.080738298259391827e-01 4.130672312790659162e-01 -5.082155414105075097e-01 -1.014376946955035386e-01 -1.124557910298750046e-01 -8.875835450559074746e-02 1.564505589437748811e-01 1.789522361723790422e-01 5.382444111559803179e-01 5.135299294287180016e-01 1.258206116330581881e-01 3.038393800935117461e-01
-3.023362552551017712e-01 -3.077077839997144904e-01 -2.718714352396997547e-01 -1.842350919967728484e-01 -2.440333260841958951e-01 -1.935979800619823388e-01 -2.185217697097746048e-01 -1.729947002230269038e-01 -1.043915355025540059e-01 -2.114335428277251128e-01 8.465402369330200794e-02 1.695923294090208311e-01 5.100749094665383288e-01 1.000000000000000000e+00 8.639802572986176044e-01 -4.457932788188966322e-01 5.082554623631133639e-01 5.968738484575035752e-01 7.572531021835926524e-01 6.939953245883125899e-01 8.510729105622950597e-01 2.985726757106142437e-01 8.756634120287454248e-01 3.344186707573083561e-01 -3.036685654075675367e-01 1.654366386081503326e-01 4.013607370370519956e-01 5.300066990959652058e-01 6.930649298414623960e-01 8.278580059385247658e-01 -3.077861035575893967e-01 2.218485055020459340e-01 3.794449873187392963e-02 6.028273367777109426e-01 2.880627952886733456e-01 3.911012357343315315e-01 4.444398561389767965e-01 -3.952456996481562568e-01 -2.470272779052958556e-01 -2.412810877318092295e-01 3.644012059792278158e-01 -2.452296235651242884e-01 -1.109246460966533537e-01 -9.225159444531459696e-02 -2.058838953704719976e-01 5.114282224381581088e-01 6.761429019229165949e-01 5.842910381762347338e-01 -5.269260163429619059e-02 2.839406127415323722e-01 -2.476729880428221731e-01 -4.057042337750048633e-01 -5.211368871886729037e-01 -3.561876621162439749e-01 -1.927719524020246600e-01 -1.934669733611209808e-01 -4.460796809654892225e-01 -1.814687026910880019e-01 -2.456152463869275548e-01 1.697869352004635346e-01 6.947882326530918640e-02 4.113869163473234947e-01 4.672268590077087724e-01 5.353422369439406747e-01 5.925904591734943994e-01 7.627355926338611480e-01 -4.012956311304129997e-01 5.550242498308319838e-01 5.865578045635293503e-01 6.179178752157927779e-01 7.856127172921837376e-01 3.799824539575306082e-01 6.451532565848159262e-01 -8.131791759888738758e-02 3.218019329755696933e-01 4.895610731504653618e-02 6.553067863400190429e-01 7.069444551507723107e-01 -2.066445155552291135e-01 6.181675408456500237e-02 4.569339227572956075e-01 3.443861572485782396e-01 -2.360034148239873175e-01 1.541491252196035833e-01 4.178169698026716894e-01 5.515191890017112630e-01 3.537318422344217783e-01 2.925697407485007284e-01 5.211447415573261521e-01 1.704747639560042216e-01 -3.828612325376028469e-01 -4.048806134471559237e-01 -2.717776231034398360e-01 -3.380279144126575042e-01 -1.900208468719822297e-01 -8.409370795000641052e-02 4.997178746083871248e-01 7.054465694774375573e-01 2.304642607496293003e-02 2.471445428474609851e-01
-2.039010696700697678e-01 -3.454255590254840524e-01 -3.550254126487207285e-01 -1.257337094419507528e-01 -2.691322953213299285e-01 -2.760844220097087298e-01 -3.494667813152355640e-01 -3.311559864197365921e-01 -2.393669911493851721e-01 -2.788099243169379071e-01 2.118531306243949183e-02 7.046094040967135208e-02 4.068393049307153508e-01 8.639802572986176044e-01 1.000000000000000000e+00 -5.092124654102989645e-01 3.311594729978634133e-01 5.274530218552933025e-01 7.153591697614498646e-01 6.799828544595253321e-01 8.018378682859238493e-01 1.343779415312792991e-01 8.423322078547185177e-01 2.414535196252772797e-01 -2.997212979747428396e-01 4.890827501087814666e-02 2.858029719623981779e-01 4.647798264896997877e-01 5.591448354338685034e-01 8.604946967286583037e-01 -3.010966727548130550e-01 3.646385067784391198e-01 1.809188669472494293e-01 4.358687399033236987e-01 1.163242462960593637e-01 3.136003035842743758e-01 3.377737814932037508e-01 -3.318978121416398808e-01 -2.900157989835300820e-01 -3.412169686512193656e-01 2.387336910197982998e-01 -3.184960237414762863e-01 -2.221437720551837636e-01 -1.419875409682570255e-01 -3.144619225471654289e-01 4.397905299895503162e-01 5.871514130733556103e-01 5.101588848262478271e-01 -1.439136812100796081e-01 1.638499707514434189e-01 -1.594337040837876251e-01 -5.007276759555827628e-01 -4.802502961912099577e-01 -2.745663938779260294e-01 -2.909715047158089596e-01 -2.960248461222997340e-01 -5.160922921596182711e-01 -3.241977763229325071e-01 -2.612885299712156550e-01 1.006893955976729121e-01 5.035898311874278596e-03 3.710573461389323202e-01 4.475722641263514268e-01 4.815381999151719938e-01 6.002809954098552447e-01 8.494903290480064761e-01 -4.946119591508689184e-01 4.480085449522190344e-01 4.548560574779226817e-01 5.283627019857197737e-01 7.666542922216443845e-01 2.470528406795367005e-01 5.817840889351737488e-01 -1.413827388591391288e-01 2.587546338655892786e-01 -2.100116867042824825e-02 5.750969779435979312e-01 7.022681239186132629e-01 -2.146702087581781881e-01 2.135234468132940489e-01 4.026209945966717774e-01 1.833858207696518472e-01 -3.243441879864085164e-01 1.858698284533475548e-02 2.870380925569663288e-01 4.933144525984999862e-01 2.804575742731587606e-01 2.228787555116150676e-01 4.378747689574326030e-01 6.324335583685959661e-02 -2.978264583441791458e-01 -4.062639457387568487e-01 -3.373437811114506912e-01 -3.682810389516774086e-01 -2.508591925652832177e-01 -1.738278918425296138e-01 4.011812570670040823e-01 6.340117359078895065e-01 -8.986515640718117925e-02 1.291663939528455984e-01
