1.000000000000000000e+00 1.424920722823397323e-01 4.246066563964043250e-01 2.581396727493895371e-01 -5.243508557183106100e-02 4.101492489002378505e-01 4.189720192078656980e-01 4.184704756312925822e-01 4.050369913783385956e-01 1.823089734898216130e-01 5.953235786482500951e-03 -1.015408364212689873e-01 -1.041230450610931696e-01 -2.958524424572501199e-01 -2.295154643622104862e-01 5.356800562576470304e-01 -1.728750212746248960e-01 1.647802488818020036e-02 -1.804937150242292565e-01 -3.583559062061180134e-01 -2.993722084952125106e-01 -3.628323757376143432e-01 -3.446673969734300735e-01 -1.679450322144185048e-01 3.319084823483495206e-01 -1.952480514626248886e-01 -5.118564805223375647e-01 -5.269621652388548627e-01 -2.725537886115528829e-01 -2.783899552538949829e-01 2.947134329310842071e-01 3.254569730357823043e-01 2.101222267619814177e-01 -2.584202742331371816e-01 -5.166954755687209744e-01 -9.340196441428946783e-02 -3.332267876500819015e-01 6.457629986269178834e-01 2.846770817121420105e-01 2.298780010320887746e-01 -1.323840866530797411e-01 9.999033987258727080e-03 -2.726156670140508220e-01 -1.142257558856001332e-01 -1.961518473294596165e-01 -4.798240368755894991e-01 -3.975968360318747896e-01 -4.485729929947586681e-01 3.445752158245338759e-01 -2.930882181906512701e-02 6.195933260294613776e-01 4.194322542020789135e-01 4.707294315137757201e-01 1.970462746330817472e-01 3.357536537728410542e-01 5.082984050510961360e-01 5.065534476442994372e-01 3.972446942146976023e-01 2.010978111572540306e-01 -5.331549311636457622e-02 4.536368803844924476e-03 -1.249136130217687601e-01 -2.127401059849039211e-01 -2.276609825420853606e-01 -1.407678168324521251e-01 -2.154422136709092661e-01 3.264851754932618921e-01 -1.925813529346704356e-01 -2.743698399680329914e-01 -1.742570988013490609e-03 -3.599809884188761577e-01 -3.745379432923720553e-01 -3.849762044841633091e-01 2.656514782181542134e-01 -2.170034732422334856e-01 -1.805763425748590362e-02 -2.999247251072702514e-01 -3.905923255379738501e-01 3.681797557093465789e-01 3.730418694920435430e-01 -4.141680385461394276e-01 -2.388358173548771335e-01 -1.574534184160580608e-01 -3.952018629911876468e-01 -4.887503730163507143e-01 -4.619043741372547696e-01 -3.055282928727129366e-01 -5.208020546649034799e-01 -2.489695489950072369e-03 -9.047154906582287326e-02 3.989375078970745503e-01 5.445051002728139578e-01 3.384056627539591688e-01 1.264427438393249115e-01 -1.622551690295316318e-01 -2.055453780934106689e-01 -4.064109808751332209e-01 -4.189804031364729453e-01 3.774130185334101939e-01 -3.959934675486428274e-02
1.424920722823397323e-01 1.000000000000000000e+00 6.388266763390403336e-01 3.570057241845790985e-01 3.967544402563728534e-01 3.779270058488582995e-01 4.452146108524485113e-02 4.436973535248431300e-01 3.468983639993653556e-01 -3.129706258232209937e-01 -9.415874107160494833e-02 -1.028480542973950022e-02 1.965559614897839369e-01 1.941348012832716241e-01 2.861147041238784605e-01 2.688093205836554200e-01 -8.719871511878241055e-02 3.206448905128477245e-01 2.229991138736733478e-02 2.380365236240772897e-01 2.650188737304827735e-01 5.784861516318606789e-02 2.663007871538264348e-01 -2.189311248054803538e-01 -3.518260678732278435e-01 2.262735694031185740e-02 1.727677829378737318e-01 1.988541733279023185e-02 8.587851451346527332e-02 2.207958150925382890e-01 -2.796774199893955481e-01 -2.240092809429443399e-04 -6.697228310539717067e-02 -1.512980042064406561e-01 8.563930159298493994e-02 -1.297964193853416992e-01 -3.184666445278475644e-01 -6.569369992768468725e-02 1.190334930477052883e-01 -2.715707829572855392e-01 -2.567815886211959331e-01 -2.631200234753329203e-01 -1.195015023018197176e-01 -1.976617984663620597e-01 -1.890811962520187739e-01 1.063852359319519963e-01 2.290747566566284088e-01 1.221132246570632157e-01 3.019519555103152286e-01 -1.028321822468283991e-01 9.919371942354278382e-02 6.722093315401590496e-01 3.105454527841914336e-01 4.132478767103603956e-01 4.030810241870338984e-01 3.693017282820570402e-01 2.651632740389255893e-01 3.967330876373102999e-01 -3.666311106403555287e-01 -1.229026282019086633e-02 7.770011014833265450e-02 1.319437721067913960e-01 2.267924213819849655e-01 2.538431205114817235e-01 2.022478705351037909e-01 2.554969268388654347e-01 -1.283019691191956135e-01 7.955020894472891735e-02 -5.374224634315293014e-02 3.001755713133507086e-01 2.721510541814543549e-01 3.363435904609170246e-02 2.141760132132364269e-01 -9.594550168237521437e-02 -8.883729707483530025e-02 -2.621618598430345282e-01 -5.074895657846580782e-02 2.021847518879646977e-01 -1.980226391887657533e-01 6.441824620844292804e-02 -2.799420056312298954e-01 -2.898436076871909184e-01 -1.849473420178696925e-01 8.431128572643840913e-02 1.758209363135820602e-01 6.258437870637031941e-02 -1.744225120207634760e-01 -7.868457049049036589e-02 2.910715899117449768e-01 -3.120129372211097318e-01 -1.885712060920177041e-02 1.198589513877251350e-01 -5.829577866272502018e-02 -7.633463140750908205e-02 -3.111210032445232421e-01 -8.500667063424902081e-02 2.089334234291313763e-01 2.010134443761510681e-01 3.940297600469821471e-01 -1.319077356736002848e-01
4.246066563964043250e-01 6.388266763390403336e-01 1.000000000000000000e+00 2.269884212588348105e-01 8.458949241011673448e-02 4.917470015617835810e-01 2.528105668980638043e-01 5.076333969372518462e-01 4.087949359391521709e-01 -4.758678422303589534e-02 3.184738107383752737e-02 6.386414220166723721e-02 1.388970982747833871e-01 9.559844357077864740e-04 1.067145505443815867e-01 3.501530513250655785e-01 -4.641138995042801141e-03 3.234431725584454576e-01 4.773277834004175518e-02 2.545648142866857588e-02 1.276244850860099589e-01 -1.494260447792941995e-02 -7.033134219166171930e-02 -1.221533865566554883e-01 -7.913655732139609697e-03 3.384535341733009572e-02 -9.213461950831959568e-02 -1.854290829112441585e-01 6.184035915718200105e-02 -7.787135032195556528e-02 -1.859980905652582894e-01 -9.178252095574347680e-02 -1.304588153424993402e-01 -2.517769744293765072e-02 -1.221394883616918198e-01 -2.023937139929185280e-01 -3.561423323212717928e-01 2.860935033030003738e-01 2.779601389196654226e-01 -6.236282604709339136e-03 -1.055112421139563356e-01 -1.673039987625550007e-01 -9.824886280357644774e-02 -5.869486372221855569e-02 -8.849161913461768558e-02 -1.740289490869783295e-01 -7.593069645242912780e-02 -1.782532147237587405e-01 3.488767801532458579e-01 9.493396370704303144e-02 2.015734870071840545e-01 5.769585381802443402e-01 2.598733691908894916e-01 2.072400860445930137e-01 3.071435823529483633e-01 6.984627009719821533e-01 4.222717826486029891e-01 4.378206711890750280e-01 -1.874826318649789603e-01 2.593529190486019292e-02 6.341171481913800145e-02 1.036854256015774522e-01 8.624706447004451548e-02 8.867017575819699515e-02 1.498413744358629285e-01 6.640164825700572981e-02 1.079338823214894966e-01 1.116435252620987389e-01 4.065858234866254195e-02 2.740497000421887042e-01 8.689735540654622281e-02 -9.816895225719614315e-02 -9.026508835580755730e-02 1.747187204836002650e-01 -4.864250247800194077e-02 -8.201095672940018899e-02 1.903613072734671591e-02 -5.630471556658984272e-02 -1.183891321010826780e-01 1.973749313721696874e-02 -2.297563498589925146e-01 -1.663440934963515416e-01 -9.964539353888136886e-02 -1.118429968001856956e-01 -4.680923905031487281e-02 -1.796376085905595221e-01 -2.599258705066955777e-01 -2.625079116351090036e-01 1.666743699499430298e-01 -9.181306726122649697e-02 1.361531592586942563e-02 3.714460770797408662e-01 7.110679338517426895e-02 -5.779982341680251628e-02 -1.884716289324491201e-01 -1.301837966588611888e-02 -1.067753315729215724e-01 -1.196003133721722234e-01 4.044721782808937127e-01 6.344332117167297835e-02
2.581396727493895371e-01 3.570057241845790985e-01 2.269884212588348105e-01 1.000000000000000000e+00 6.100848697140073273e-01 2.093164141162343894e-01 -5.177512054504610634e-02 1.714812201157823179e-01 1.100190274341264901e-01 -4.718011029401729672e-01 -4.098934145626311198e-01 -2.885802433370202591e-01 8.791662845236620713e-03 2.323284271401276635e-01 3.256106605830086376e-01 6.341727267193024709e-01 -1.904584715469933576e-01 -5.184794137880707060e-02 -5.122212636583121925e-02 1.302969011934945395e-02 1.506053783287857606e-01 -2.109284049721718290e-01 3.322899933596144550e-01 -4.068517606688784594e-01 -3.414138294419753472e-01 -1.381802211529129243e-01 8.137368368080417913e-02 -5.802824854914655911e-02 -1.137052732690708862e-01 3.163619056277575114e-01 1.099082297107745604e-01 6.831595597694747335e-01 6.349519100661107363e-01 -3.823261960526596615e-01 -4.652015214674245364e-02 -2.508302121117586547e-01 -3.588977057027212259e-01 -2.323601766965894058e-02 -1.590702431734244138e-01 -3.541608077036652591e-01 -4.753944904995116016e-01 -1.386062558242617537e-01 -2.767909705372999518e-01 -3.416557508364336804e-01 -3.897016820276817395e-01 7.346622331795583938e-02 1.682357248449829201e-01 4.099198063596684594e-02 -3.567449759942820098e-02 -3.010859448729545362e-01 5.642177154574403719e-01 6.855133740951554477e-01 6.609820196216382726e-01 8.637742903814580320e-01 2.256104082336314043e-01 1.536560383922701556e-01 6.142492851843166235e-02 1.165540184517697420e-01 -4.808594962777715809e-01 -2.649814511882361834e-01 -1.193690311919099467e-01 -1.433659354880988113e-01 1.179738072902521973e-01 2.082087914227931935e-01 1.126670582532569714e-01 3.814726193551176148e-01 -2.775810543808071573e-01 -1.285850177276488537e-01 -2.977899567794056734e-01 1.560874212577937140e-02 1.743579418317379726e-01 -1.932100422458896960e-01 2.678232374778719560e-01 -3.562860752451950663e-01 -2.099830488693079644e-01 -3.522109349565361591e-01 -1.706650981681127610e-01 2.766820180896682468e-01 2.536904647817304626e-01 7.172135674285369245e-01 -2.553863469872897918e-01 -4.729475418528832908e-01 -2.937338584759686122e-01 -4.340026113042117634e-02 8.010879451668724560e-02 9.272480920815283356e-02 -2.970598580278729361e-01 -1.483902779275598494e-01 -1.498239429923221150e-02 -4.892599984056341667e-01 2.642136139838915931e-01 -1.576713653997803902e-02 9.782188210996647926e-02 1.232274070611928535e-01 -3.874169640371721846e-01 -2.358263946989580528e-01 1.783303223332163290e-01 1.800320070976087761e-01 1.523402339602529798e-01 -2.878764409347009945e-01
-5.243508557183106100e-02 3.967544402563728534e-01 8.458949241011673448e-02 6.100848697140073273e-01 1.000000000000000000e+00 6.004597030927861373e-03 -3.447476057127289994e-01 -1.014955235118595728e-01 -9.802294621126247942e-02 -6.037076732274749835e-01 -3.849223603746697586e-01 -1.555604824059755864e-01 1.927539988311719188e-01 3.726361898956533358e-01 3.679194048687531859e-01 2.813911114537875346e-01 -5.733790546093515267e-02 3.916075526373794143e-03 2.762001263271714538e-02 3.396842762172597729e-01 3.237639382490663520e-01 -6.522637852414532589e-03 4.671449964406010347e-01 -3.069864133161475106e-01 -5.593543297150683768e-01 1.887316674168059219e-02 3.421781733452284313e-01 2.750309314258313487e-01 5.750298655359188660e-02 4.303471837446188331e-01 -6.768020962764709214e-02 4.489327715873218660e-01 4.442393489953053165e-01 -2.120927035857659571e-01 2.523941894479322379e-01 -2.960521890284197391e-02 -1.006553241854086095e-01 -3.063301755501125490e-01 -3.954535749555296853e-01 -5.537663534137231558e-01 -3.202420173120002489e-01 -3.040557532648990174e-02 -5.789561128765090270e-02 -1.681480801098655942e-01 -2.041376111311184738e-01 3.297748045216329360e-01 4.355740430938409569e-01 3.004213471159509208e-01 -9.845496916070813065e-02 -1.625822747854687722e-01 2.584577867983079980e-01 4.533857043193287861e-01 3.316325047652332048e-01 7.316117009683037464e-01 2.175076876964422423e-01 -1.598323180425408330e-01 -2.664820972136934252e-01 -1.409983846334604274e-01 -5.317261933998365109e-01 -9.369439337042836935e-02 2.546431238652779872e-02 7.401206588942695064e-02 3.058436198119780514e-01 3.176291859545128937e-01 1.753891331337562587e-01 3.962500741136402160e-01 -4.713020697373334067e-01 -8.584258748674417072e-02 -1.851310175699015514e-01 7.607072687501865993e-02 3.514090235500245685e-01 6.699953232464939124e-02 4.275198216525559758e-01 -5.477856960292576405e-01 -7.910887333087762707e-02 -2.069316993615629152e-01 -3.890757813190522107e-02 4.358615797097254441e-01 -6.000425311600132705e-02 4.701536735843642734e-01 -2.750038200459268764e-02 -2.675738279970497069e-01 -1.459449636954589513e-01 1.901266738658306532e-01 3.465181214956311595e-01 3.618127396532622719e-01 -6.039833867734035328e-02 1.327706962755740849e-01 1.297794807927484251e-01 -3.648237238157553963e-01 4.953501267187793849e-02 -2.745233350957851926e-01 -1.969421031570199598e-01 4.075031605664235917e-02 -2.152581665719779103e-01 -6.492444399079677630e-02 4.235951501224755611e-01 4.369498165349013918e-01 2.202515373541967178e-02 -1.859669254871209043e-01
4.101492489002378505e-01 3.779270058488582995e-01 4.917470015617835810e-01 2.093164141162343894e-01 6.004597030927861373e-03 1.000000000000000000e+00 5.352578460069858934e-01 6.227465227292605654e-01 6.754935478987217357e-01 1.689198059515792105e-01 1.076847327370777513e-01 5.254263209199300233e-02 1.120295804700066344e-01 -3.832303362903249910e-02 2.279774333450926196e-03 4.191967545044377186e-01 -6.441923694935432210e-02 1.588832429218053066e-01 -4.247791137640723885e-02 -2.130670506070070913e-01 -9.475626137600458299e-02 -2.089336284488514106e-01 -8.579913120461796217e-02 -3.389005728500416037e-02 2.147475997715493357e-01 -9.914505874915234551e-02 -2.286331750709012789e-01 -2.951310308470997401e-01 -1.098870043305808508e-01 -9.901401134840608076e-02 1.685255587263423671e-01 1.152072683589136087e-01 -5.981823501766013983e-03 -1.392835427039045837e-01 -3.459331943543733079e-01 2.779670808196789758e-02 -2.132914822320700066e-01 3.535154630423019695e-01 4.517728253221108270e-01 2.059449764080047707e-01 -3.616895681360076525e-02 1.436351840248186081e-02 -1.384443738342665542e-01 -5.879253286483387270e-02 -1.240466977590693048e-01 -2.356441200127975810e-01 -1.977702004465523855e-01 -2.145164361050903024e-01 5.828848797973145146e-01 -3.251889834159957249e-02 2.261822465366874757e-01 4.404625801352727299e-01 3.819291417585887194e-01 1.791078528891409116e-01 7.413858785070867041e-01 6.837605021752195533e-01 5.310602779849433741e-01 5.948046864801538325e-01 1.916452334842633498e-01 5.637376378444815955e-02 1.217183405946322405e-01 4.160328377238780434e-02 -2.217638775577417468e-02 -1.748533868799387325e-02 -7.631919237593419794e-03 -9.376004402859568904e-03 3.028206284760219247e-01 -7.609749293010886761e-02 -1.561001433284117668e-01 8.759366526739567616e-02 -1.451914359222978290e-01 -2.359117645305231770e-01 -1.409610143610566801e-01 2.590718099177007350e-01 -1.577228705422875077e-01 -2.756866567832941262e-02 -1.589179130037721155e-01 -1.587625192469858670e-01 1.551080954382191290e-01 1.513805633361399727e-01 -4.161541780464863005e-01 -2.643516767483289343e-01 -1.254863975863297898e-01 -3.166205608448225961e-01 -2.137101148768807413e-01 -3.129326257919429199e-01 -1.322312531086442533e-01 -3.169630555943048766e-01 1.975492827976308985e-01 -1.494950101845816948e-01 1.800979082278394428e-01 4.683724656300370381e-01 2.632869855242054857e-01 7.866000230071017174e-02 -1.591038533807951905e-01 -1.032205578971852056e-01 -1.522858120720449182e-01 -2.260326692812495986e-01 6.299002638271375965e-01 -3.637380197561683459e-02
4.189720192078656980e-01 4.452146108524485113e-02 2.528105668980638043e-01 -5.177512054504610634e-02 -3.447476057127289994e-01 5.352578460069858934e-01 1.000000000000000000e+00 6.547764217363333250e-01 6.277992931721165792e-01 5.942619926618842863e-01 3.000179011791599959e-01 -1.126902385962744516e-02 -4.509276774601634480e-02 -3.738799647138041360e-01 -3.611647358988625545e-01 2.668970827305214844e-01 -7.187689916601229523e-02 1.916318589480582868e-01 -5.431338096977651742e-02 -2.637994570140358985e-01 -3.339793511081075583e-01 -1.931651910430551566e-01 -4.723898445377925359e-01 1.413429633576858413e-01 6.215596457724326118e-01 -1.299407801998957168e-01 -5.150374788577641860e-01 -5.306447533741318612e-01 -1.370711438013786088e-01 -4.848951113683149794e-01 2.390101581060992963e-01 -8.341552952398079146e-02 -2.096154448221194955e-01 2.037129698234928232e-02 -4.673867601570007579e-01 3.992547982848882598e-02 -8.242034430658479183e-02 6.071689116694933830e-01 6.533910827380809971e-01 6.920988617839632928e-01 1.825239560016463647e-01 1.821939949305295681e-02 -1.287365226586383860e-01 6.135924871730825611e-03 1.201357700748369312e-01 -5.496391623123108028e-01 -5.504748644573703720e-01 -5.274666046867482194e-01 4.649313211639706234e-01 8.251087471522322581e-02 4.786364314615426663e-02 9.061631384044789572e-02 2.318388206894123338e-01 -1.899615927191159181e-01 4.166415046482162543e-01 5.440281652179597138e-01 7.287430975633741870e-01 5.808390071678363187e-01 5.182845274518892431e-01 2.782241950309321393e-02 3.248633985268654933e-02 -4.198719840213072096e-02 -2.636978810593470501e-01 -3.113005343017905546e-01 -1.909130109878120207e-01 -4.037119888595532835e-01 6.875621705888494972e-01 -1.553204705319314281e-02 -2.043949913333181420e-02 4.899850464294010916e-02 -3.706358350938793178e-01 -2.466649425353859837e-01 -4.845550291177380120e-01 6.159576887236255516e-01 -1.065190838628316261e-01 8.844116925184829225e-02 -1.465367666564469373e-01 -5.399017761746336408e-01 1.877302611589148906e-01 -1.317396700425655376e-01 -2.509618431015027684e-01 -2.974614140516430166e-02 3.956376380360897282e-02 -4.033990336362262563e-01 -4.885478204768886612e-01 -5.880037398632013135e-01 -9.747255823770827055e-02 -4.812927774098088030e-01 1.059308349629817514e-01 1.075172903152835507e-01 1.320722954630803581e-01 6.099265362846026939e-01 3.960773881966960230e-01 7.807546966598291616e-02 1.029593438171517170e-03 -9.736983848974214983e-02 -5.220233987185667335e-01 -5.833741282982971565e-01 4.645461678894346469e-01 7.392709902162394875e-02
4.184704756312925822e-01 4.436973535248431300e-01 5.076333969372518462e-01 1.714812201157823179e-01 -1.014955235118595728e-01 6.227465227292605654e-01 6.547764217363333250e-01 1.000000000000000000e+00 8.507097318801970509e-01 2.466211656484312287e-01 1.508596937723321874e-01 6.131280029369163415e-02 1.094089498394497234e-01 -1.218375114286747857e-01 -2.407216898472891442e-02 3.710113858115523522e-01 -5.373212422332732802e-02 4.391980478722661285e-01 2.977289523403158986e-02 -1.379368186663309792e-01 -5.432383500453326353e-02 -1.709186438548822018e-01 -1.838761410769836069e-01 3.951962448982482105e-03 2.762771624994113662e-01 -9.720772634865153250e-02 -2.738126099333887953e-01 -3.999461021868606081e-01 -6.323924231698253851e-02 -1.927547315986104237e-01 8.523766293553859674e-02 -3.578462011120782382e-02 -1.178269733727403124e-01 -1.478088086934156165e-01 -3.365341774557170651e-01 -1.143413108186864674e-01 -3.785643962388301476e-01 4.241956971652959263e-01 5.602809807777093809e-01 3.079255441155277495e-01 -1.202226485730327060e-01 -1.160175649301509876e-01 -1.981815404553724236e-01 -1.313638031320431554e-01 -1.163458633315993113e-01 -3.088152781591340101e-01 -3.206921047102996303e-01 -3.194503468353644959e-01 4.925372887309480974e-01 -6.968452215307331665e-02 1.691686060243089984e-01 4.781040086272899114e-01 4.591191063555933871e-01 6.578648873767710403e-02 5.108266000702483822e-01 7.295879029344815025e-01 8.605815107038331524e-01 8.698149234056217205e-01 1.926530026453232569e-01 5.510373641006093698e-02 1.394324892907134461e-01 9.966616536816902405e-02 -2.695595920788287914e-02 -1.230079103531825542e-02 9.682200644771106479e-02 -4.391224741754480576e-02 4.023598300805544814e-01 6.189855503154604449e-02 -8.548384692315613709e-02 3.385919280996408376e-01 -8.393169650511426993e-02 -1.924997055105574506e-01 -2.126518445160050785e-01 4.269110115250273618e-01 -1.161312961784920356e-01 -5.935242583266896188e-02 -1.454726891769320962e-01 -2.401199156836262560e-01 5.033494134883650245e-02 -2.412792719009950598e-02 -4.622400281348594819e-01 -2.791613541378429875e-01 -1.457191630059384291e-01 -2.765864503495110149e-01 -2.538775157643752278e-01 -4.132647006945123769e-01 -3.123365695463466984e-01 -4.148707187863138746e-01 2.360662087934654318e-01 -1.642359357212176407e-01 5.457269582968839877e-02 5.744504217719808015e-01 2.768638317362193124e-01 1.537079130159569110e-02 -2.027516345323405744e-01 -1.760073643436591284e-01 -2.410216343977708009e-01 -3.197781468309652819e-01 6.435737307442765953e-01 -1.009852323401669444e-01
4.050369913783385956e-01 3.468983639993653556e-01 4.087949359391521709e-01 1.100190274341264901e-01 -9.802294621126247942e-02 6.754935478987217357e-01 6.277992931721165792e-01 8.507097318801970509e-01 1.000000000000000000e+00 3.422112259129452272e-01 2.617038989156258988e-01 1.682008358189874542e-01 1.473476806210130829e-01 -1.095486832048918613e-01 -4.274400156161727721e-02 3.560953708060621836e-01 9.359917989999433710e-03 4.343395583607735366e-01 4.337481223996532409e-02 -1.370328349687450487e-01 -8.699385700119366405e-02 -1.911762371272600070e-01 -1.919592839066769363e-01 8.761055749580037855e-02 3.297681346498569921e-01 -7.362314320447679861e-02 -3.167592845096983689e-01 -3.654539762841871875e-01 -3.539654487560051771e-02 -1.728653415547193595e-01 1.691051934075621099e-01 -3.500672484528560835e-02 -9.319595078909284624e-02 -8.241015093867912200e-02 -3.583458215577565165e-01 5.877511170568602838e-02 -2.742072391419340116e-01 3.879574589468088863e-01 5.197270255374091263e-01 3.096013330274816067e-01 -3.327910997939615562e-02 5.006159298573550215e-02 -9.983123013570063820e-02 3.756491892342415928e-03 -2.021256452777405246e-02 -2.970863374710003835e-01 -3.279585608084260029e-01 -3.063656200779169003e-01 5.004463031160587549e-01 1.980004773908500618e-02 2.012930410898955413e-01 4.259555032943528885e-01 4.227715213074091372e-01 2.077067569623966894e-02 5.352627388327000357e-01 7.192533952539871267e-01 7.775528775947126991e-01 8.724741485854349277e-01 3.486888379914989122e-01 2.085989956235486664e-01 2.976321133402907160e-01 1.561937854195690478e-01 -1.180145362382668470e-02 3.486675620802547667e-03 8.747876251850120188e-02 -6.407704618057537271e-02 4.251825989847917708e-01 6.896906307205197262e-02 -9.642278674155294049e-02 3.351706589012951598e-01 -9.933237601414036944e-02 -1.577682579861462153e-01 -1.902559643670998779e-01 4.365109542999733305e-01 -5.157036399337161514e-02 1.135939761652116492e-01 -1.128737305983566058e-01 -2.545898861908717503e-01 7.810324725061423834e-02 -1.806005042339338482e-03 -4.353233183919587024e-01 -2.233088797395608172e-01 -5.941290619744118290e-02 -2.896695318131707331e-01 -2.832685247245433913e-01 -4.073257199767392756e-01 -2.573748599503379308e-01 -4.110863271612237857e-01 3.347423678126558722e-01 -1.308530693882470897e-01 5.368718179487715070e-02 5.436304901057059658e-01 1.978752658580596180e-01 1.017286340356733099e-01 -3.785061745731817251e-02 -1.210418810243801685e-01 -2.328396679153685311e-01 -3.225360423446311242e-01 6.506637593604924774e-01 7.510317317771469589e-03
1.823089734898216130e-01 -3.129706258232209937e-01 -4.758678422303589534e-02 -4.718011029401729672e-01 -6.037076732274749835e-01 1.689198059515792105e-01 5.942619926618842863e-01 2.466211656484312287e-01 3.422112259129452272e-01 1.000000000000000000e+00 5.514429850258170118e-01 1.910216509579138744e-01 -4.107302019411530891e-02 -4.148986653612528608e-01 -4.652216079620572486e-01 -1.854123515306996262e-01 7.720886214632924349e-02 1.134203745276405328e-01 -3.650453642705523555e-02 -2.471487241416739367e-01 -3.553844266166207300e-01 -3.209121942424569829e-02 -5.621976827833735646e-01 3.904438848968080911e-01 7.880682051494605211e-01 -6.708346342782030292e-02 -4.199724937543437009e-01 -2.548561006229246861e-01 5.152957508998624175e-03 -5.399240502844416811e-01 1.624657663429814325e-01 -3.825280001166126986e-01 -4.243928525677453933e-01 2.910819068731106407e-01 -2.795749014001587263e-01 2.618339961211841316e-01 2.644389965397598297e-01 4.441597190502073467e-01 4.675166187279003460e-01 7.684807256771800654e-01 4.941064079675886456e-01 2.649677560784969299e-01 1.074758854264687979e-01 3.121918957876344547e-01 4.206239297341634598e-01 -4.280859865522243513e-01 -5.182240838468311628e-01 -3.925112143166732404e-01 2.876674693807578786e-01 3.106140131059111908e-01 -2.492286674228963994e-01 -3.616527513409629191e-01 -2.343101655287380403e-01 -6.030621812743609533e-01 8.335167352535376162e-02 2.414524585795684852e-01 4.061967295740550044e-01 2.911076220236141210e-01 8.392226681543750733e-01 2.817318947425827558e-01 1.899881845690458426e-01 6.418747128247533074e-02 -2.474299229935960631e-01 -3.250067433624088675e-01 -2.065499787100964491e-01 -5.349217849117126056e-01 7.128410677058054645e-01 8.193605514380240817e-02 2.031087682154756324e-01 -3.286868585415324978e-02 -3.834007910150159515e-01 -6.117005338112974089e-02 -4.919696579451812157e-01 6.522384507297915857e-01 9.582745232209331776e-02 4.022081177208536862e-01 6.543648865217829846e-02 -5.256115118886494075e-01 8.118702710207770235e-02 -4.152057273691160399e-01 5.081008424845667726e-02 3.415610870215600725e-01 3.669176539717333152e-01 -2.380389263921782184e-01 -3.750565243835113916e-01 -4.177254666011929185e-01 1.653816279174691040e-01 -1.581933721305873175e-01 8.933913628593578848e-02 4.925939794411006711e-01 -2.367198631841648318e-02 4.045379281007022154e-01 2.265536316013379570e-01 7.648089112193576233e-02 3.550357812262225909e-01 1.347657625861966024e-01 -4.451163944242376713e-01 -5.081503973082219794e-01 1.832543976661776541e-01 3.646140929051888135e-01
5.953235786482500951e-03 -9.415874107160494833e-02 3.184738107383752737e-02 -4.098934145626311198e-01 -3.849223603746697586e-01 1.076847327370777513e-01 3.000179011791599959e-01 1.508596937723321874e-01 2.617038989156258988e-01 5.514429850258170118e-01 1.000000000000000000e+00 7.069382352507597167e-01 3.469216163312116574e-01 -1.322380867458878007e-01 -1.437266211798538251e-01 -2.618304248762536313e-01 3.848740985682844729e-01 3.894358653082946597e-01 2.210751937120053745e-01 1.063657252034713174e-01 2.704344202001190620e-02 3.010653368514443762e-01 -2.740370788694722060e-01 6.980374710552704753e-01 4.512638415213270915e-01 5.241047100619913302e-01 -1.492827242160517931e-01 1.396013270765506485e-02 2.937918682811336835e-01 -2.845673605220971902e-01 -1.130840563796153414e-01 -4.584196425092027516e-01 -4.278349257655259530e-01 5.427746638768132792e-01 -9.829989849630703380e-03 4.212181083895643607e-01 3.612482358305970642e-01 2.213218140613749663e-01 3.424781195681212975e-01 3.851932264353549740e-01 5.730728434368965729e-01 1.833230887446242185e-01 4.812500568731250539e-01 4.311229084323860983e-01 4.913131385975068044e-01 -1.330989936721634070e-01 -2.266886008147372122e-01 -6.369403383215278824e-02 3.259340856280845689e-01 5.602893033202152040e-01 -3.326696627745850399e-01 -3.054638550667023722e-01 -3.113990098608481194e-01 -4.775503164280484603e-01 -4.178788727022817069e-03 1.213023268732973808e-01 1.731594481136637109e-01 2.001248069638803806e-01 5.143229608647316153e-01 7.305750082261985856e-01 5.631021702872850421e-01 4.490189821814854487e-01 6.856310252056797838e-02 -2.600894169668978295e-02 6.141800461845555587e-02 -2.592523783489469325e-01 3.910157368797201882e-01 3.622470360924451294e-01 4.809879309901810562e-01 2.881907255766903986e-01 2.521642496930934056e-03 3.101259307062511628e-01 -2.518621484589760318e-01 4.985188159350500969e-01 5.418155519801365338e-01 5.337763522774661151e-01 3.202293953780954716e-01 -2.208179510637322540e-01 -1.846133070721905356e-01 -4.360578087898753230e-01 2.227452496487562494e-01 4.918079143926414876e-01 3.863918283609050208e-01 8.207782978876022872e-02 -1.252937947337491031e-01 -2.066923033603602355e-01 3.953766044072991592e-01 2.476695618230237948e-03 4.221965438342724086e-01 5.302484005985000914e-01 -1.478247961350336037e-01 1.517260715691886030e-01 -2.605848190009917020e-02 6.932426599352908836e-02 5.175647793178761447e-01 2.735312666641415147e-01 -1.127481014929012232e-01 -1.779374153896172150e-01 1.913313101267381799e-01 5.289398894950130270e-01
-1.015408364212689873e-01 -1.028480542973950022e-02 6.386414220166723721e-02 -2.885802433370202591e-01 -1.555604824059755864e-01 5.254263209199300233e-02 -1.126902385962744516e-02 6.131280029369163415e-02 1.682008358189874542e-01 1.910216509579138744e-01 7.069382352507597167e-01 1.000000000000000000e+00 4.214351177858751685e-01 7.251517974153029455e-02 3.504287699695088354e-02 -1.949390174159445210e-01 5.834381583869709953e-01 4.802445652720042646e-01 3.297870386586678193e-01 2.470576739749199557e-01 1.760637136970100158e-01 4.134165009549408687e-01 -3.897491455871710669e-02 7.158493891716113389e-01 1.449505911421640203e-01 6.881623805070142819e-01 1.763412140289113235e-03 1.216184471368865760e-01 3.401528407742740456e-01 -3.948334020021145724e-02 -1.682937108073173094e-01 -3.642358541374630665e-01 -2.733161372264086286e-01 5.407148428652776007e-01 1.509807149047097119e-01 3.790529026049201389e-01 3.235340302674583612e-01 -2.450969754684329677e-02 8.008233426441492553e-02 2.274243548870365228e-02 4.065972765176186221e-01 1.767380522690806255e-01 5.486503140833127734e-01 4.189861906283401383e-01 3.788905626372430224e-01 6.847888684742986509e-02 -3.236544337530185972e-02 9.176388672090891874e-02 1.641423044610516857e-01 5.045502811404125598e-01 -2.378131499816803496e-01 -1.840025463382429782e-01 -2.511358023666268036e-01 -2.908861944643465480e-01 -7.764047441688597118e-02 8.364438368728537021e-02 5.357310662994479306e-03 1.283341617824194925e-01 2.283612158687692295e-01 8.142885596750053523e-01 7.500494141558055050e-01 5.436227388635289648e-01 1.903210290564181784e-01 1.374867002932515514e-01 1.842137081127246667e-01 -3.995833793111967791e-02 6.622748527935783114e-02 4.881161752078983507e-01 5.140831847382180131e-01 4.344752451974655538e-01 1.803160510469139777e-01 4.361664470760747703e-01 -1.317390183979389243e-02 2.431218569408521157e-01 7.067126572104273086e-01 6.059969532523378222e-01 3.823522612388532416e-01 5.693650089916516693e-03 -2.217631754443818992e-01 -3.031478158951240176e-01 3.137059585768505743e-01 4.443027058728441503e-01 3.001876224236620927e-01 2.840013913859688044e-01 5.611912719381710601e-02 -2.582797591950461782e-02 3.561844486776896690e-01 6.271856242012667504e-02 4.729226490631033841e-01 3.728446702269564983e-01 -2.340259871798224534e-01 1.469085689640003099e-02 -2.278587682894230304e-01 9.456200248671477182e-02 5.486983375278884356e-01 2.484419687816971645e-01 1.177586666690686873e-01 3.869384972266674827e-02 8.149912371952115764e-02 4.371227006269970961e-01
-1.041230450610931696e-01 1.965559614897839369e-01 1.388970982747833871e-01 8.791662845236620713e-03 1.927539988311719188e-01 1.120295804700066344e-01 -4.509276774601634480e-02 1.094089498394497234e-01 1.473476806210130829e-01 -4.107302019411530891e-02 3.469216163312116574e-01 4.214351177858751685e-01 1.000000000000000000e+00 3.968804498005650827e-01 4.074100251978315379e-01 -1.158453826453387514e-01 5.453450276853514245e-01 4.899246679375613978e-01 5.422662659014875208e-01 3.983624411094024431e-01 5.227823231790418301e-01 5.038763377712031089e-01 2.779913191967697261e-01 3.701683153935363957e-01 -7.862540727341899016e-02 3.257290814278960278e-01 3.080477076260810243e-01 3.766754102172630847e-01 5.881266151521596930e-01 2.343569765774348723e-01 -2.566151120735652436e-01 -1.644658818135237566e-01 -1.228920440714863505e-01 4.298335213804281296e-01 3.380905441899406116e-01 1.308338341732578070e-01 1.846723372563409682e-01 -7.599655343101582861e-02 3.492267263398812771e-02 -1.365100749466399144e-01 1.810925215603990390e-01 2.231622513252712672e-02 1.826516280136503967e-01 2.171698378875678292e-01 2.666029023154468658e-01 2.622161244823699167e-01 2.417302564008022292e-01 2.611883100996944540e-01 1.611166070857529276e-01 2.548232130073055934e-01 -2.138433587669409108e-01 3.183484413300448346e-02 -1.029329943008961967e-01 1.314491743458497466e-02 2.714053811689033299e-02 1.286084598815863123e-01 1.519885254873770642e-03 1.100634296611515961e-01 -3.071387041980309929e-02 4.436570554026069702e-01 3.554505704536832233e-01 7.994830732292280695e-01 6.703723291459301459e-01 4.911589708378036323e-01 5.389115996410723808e-01 3.222646889972525241e-01 -1.292074732073806576e-01 5.482666852881987740e-01 4.595231102136747015e-01 4.611174637525597975e-01 4.896013705387486925e-01 4.814682839803000602e-01 2.916992834865620998e-01 1.603751828407412941e-02 3.867617616718549978e-01 2.230410637928939288e-01 5.354917281663472695e-01 2.966341037030701400e-01 -2.612201302777404366e-01 -1.043384768824643233e-01 2.700149566101284759e-01 2.091463889739302029e-01 9.867850305554931589e-02 2.791236724763341281e-01 3.297749374590549509e-01 2.999089370571768054e-01 1.799841998465959991e-01 1.992392211004805069e-01 3.448950544175253818e-01 1.064938733103659857e-01 -3.252203707167179991e-01 -1.120484742212645018e-01 -3.071750042747732889e-01 3.573155911356928893e-02 8.303625003416653660e-02 1.448545800886096857e-01 2.939891410227605806e-01 2.721602612470768179e-01 1.796828271900018370e-01 1.673334530205905779e-01
-2.958524424572501199e-01 1.941348012832716241e-01 9.559844357077864740e-04 2.323284271401276635e-01 3.726361898956533358e-01 -3.832303362903249910e-02 -3.738799647138041360e-01 -1.218375114286747857e-01 -1.095486832048918613e-01 -4.148986653612528608e-01 -1.322380867458878007e-01 7.251517974153029455e-02 3.968804498005650827e-01 1.000000000000000000e+00 8.215508432246262371e-01 -2.946115898898293839e-02 3.007693517026890917e-01 1.779992084829550847e-01 5.698011704624520446e-01 3.169496092744913396e-01 7.375194290798603447e-01 2.769988275925114318e-01 7.361539402363681539e-01 -3.370728392838245879e-02 -3.831385797673884097e-01 1.165993137573476807e-01 6.547500642780067492e-01 5.122817871322864480e-01 3.007765659667867020e-01 6.725707466275446800e-01 -2.625483577005877645e-01 1.036700626851708301e-01 1.220804819251406909e-01 5.764668206334952472e-02 4.123169832159173653e-01 -1.050775369098198020e-01 -3.459302978112812482e-02 -3.483731084312083337e-01 -2.446557125913737807e-01 -4.703750961503455064e-01 -2.041982171190056539e-01 -1.499385626311696695e-01 -7.175088072095157921e-02 -7.358590448980673049e-02 -6.239178435787377103e-02 5.380032332659551164e-01 5.813918448975612385e-01 4.825354856965263228e-01 -7.901570404314450791e-02 -1.033493739139794698e-01 -9.685530278181136987e-02 1.982075082364649909e-01 -3.532656304186133217e-02 2.826726879402217674e-01 -1.914084616922747534e-02 -6.521484232820001781e-02 -3.031663861148516936e-01 -1.134959993994331395e-01 -3.520176019898960118e-01 6.965116623956500719e-02 1.744561758067232626e-02 2.321247358667252458e-01 7.027711556436861962e-01 8.450638783916220032e-01 7.092334097558760098e-01 7.932660496404640993e-01 -4.931961422138509965e-01 3.346803610561346898e-01 1.064141179959589428e-01 2.190883456988874933e-01 6.200001955399905285e-01 2.591238790129922753e-01 7.965931515438546828e-01 -4.303837532462179150e-01 1.185679565370936495e-01 -5.463842819526577854e-02 2.890343624780766230e-01 6.982917534095760548e-01 -2.358852693246597798e-01 1.426536130699936067e-01 1.026442687491394973e-01 -1.397861810238233971e-01 -1.153813223451774922e-01 2.680845840404779135e-01 6.581007599499563154e-01 6.821021990080244901e-01 7.331380634277159802e-02 3.618402720698621344e-01 7.062724820972045292e-02 -2.566690231710530568e-01 -2.107401612099783772e-01 -2.775280696621334475e-01 -3.122779300468074837e-01 -7.736928990666420980e-02 -1.746143537337085105e-01 4.037271112925565342e-02 5.665789960631235633e-01 6.327223098142805702e-01 4.584822151909175893e-03 -9.066494688797886725e-02
-2.295154643622104862e-01 2.861147041238784605e-01 1.067145505443815867e-01 3.256106605830086376e-01 3.679194048687531859e-01 2.279774333450926196e-03 -3.611647358988625545e-01 -2.407216898472891442e-02 -4.274400156161727721e-02 -4.652216079620572486e-01 -1.437266211798538251e-01 3.504287699695088354e-02 4.074100251978315379e-01 8.215508432246262371e-01 1.000000000000000000e+00 3.843902028061117748e-02 2.116730466101620356e-01 1.973968266969576002e-01 5.187605874240366344e-01 3.228537974964849067e-01 8.194399111008253689e-01 2.829285052343045725e-01 7.741539695501640228e-01 -1.209358790906696485e-01 -4.179034746661327571e-01 8.176885099088743170e-02 6.466074497062979098e-01 5.257904467577566576e-01 3.235911273953496203e-01 7.411625946465310033e-01 -2.669157377715165036e-01 1.382416657550281924e-01 1.735215054263194445e-01 -1.959961226838610043e-02 3.688401489620830587e-01 -1.979906212775961183e-01 -1.693284122946143166e-01 -3.410238279872883083e-01 -1.917552005154880002e-01 -4.908427338984518440e-01 -3.145686235197354685e-01 -2.321513726244827658e-01 -1.175543910463891090e-01 -1.373992040854375152e-01 -1.274742935732892102e-01 5.947445296715720975e-01 6.352320315597873579e-01 5.367913301941354964e-01 -1.680445283183515381e-02 -1.489702183438453842e-01 -1.274538047711809216e-02 3.049488924656316158e-01 5.425763272204268961e-02 3.598847857934556749e-01 -7.488337992750797659e-03 3.002968717258603509e-02 -2.261135509097476903e-01 -8.984283414104927024e-04 -4.583098663874530798e-01 1.587770599720456088e-02 -2.106127901126713872e-02 2.291694648036516346e-01 7.329692850593819697e-01 8.705798363871555257e-01 8.070057476445657851e-01 9.176922884132950875e-01 -5.150100585879952009e-01 3.144458724128985083e-01 8.500783481000458164e-02 2.750102741646322513e-01 7.285048741194547484e-01 2.385164754537162923e-01 7.798799965960471203e-01 -4.175334407496910094e-01 7.074396515393038820e-02 -1.964841573732278857e-01 3.038278131132413074e-01 7.501186200142192506e-01 -1.990772367690167299e-01 2.009590906686302969e-01 2.767201825999568432e-02 -2.576255093932979801e-01 -1.697648816993403142e-01 2.515605956738728999e-01 6.476452173519470223e-01 6.821868414296796690e-01 -3.397148793982333881e-02 3.716186573232081458e-01 6.517940888964890433e-02 -3.839669801298722374e-01 -1.826758835967614569e-01 -2.460078184263853052e-01 -2.436511625710487960e-01 -7.457827233431509051e-02 -2.654277461514073511e-01 -9.447263576700960439e-03 6.148673836175800878e-01 6.545465240140154739e-01 8.139354377080466885e-02 -1.555018292235541000e-01
