1.000000000000000000e+00 1.959516909710679045e-01 2.793506403316378117e-01 -1.401605161066438177e-01 2.687839092725529122e-01 2.174600089746052123e-01 8.443508605369960673e-02 8.469410381545360023e-02 2.006200028743166386e-01 1.704012447977602540e-01 3.036894060780953586e-01 1.881086401997036084e-01 8.142262986780117451e-02 1.129754365153041035e-01 5.299718448782084895e-02 -6.128062748317717606e-02 -5.724260151055899498e-02 -9.000383774924824998e-02 -1.417557978814230901e-01 -1.667313106386600005e-02 -1.034791606187672741e-01 5.848916949326807974e-02 1.422613457097940959e-01 1.538116598064409035e-01 -8.389655213545831047e-02 1.976421857912061819e-01 -5.267769056905932494e-03 5.339911148931412999e-02 5.560845186082048058e-02 -1.395702124139513133e-02 -6.201397998431260744e-02 1.674276411647335761e-01 -1.050578528825817232e-01 -1.079468209916577548e-01 1.622604723868376619e-01 3.022175954631467487e-01 5.565914340345253647e-02 -5.862015702881179235e-02 3.316108200783238896e-02 1.995805279047847269e-01 1.922386691366594624e-01 -5.181010048150650610e-02 1.364656126039630601e-01 1.970117698249004012e-01 1.515926877427811459e-01 3.473583059300563297e-02 1.834435444267157322e-01 1.331797842672699517e-01 5.164715141849354207e-01 2.334100356551921940e-01 4.769755303563933402e-01 1.573423045123664710e-01 -1.355984410372066962e-01 -7.566618753675785625e-02 2.301417768837144551e-01 2.242114073394830542e-01 1.301174946938007393e-01 1.693539333653485968e-01 2.744260638982638500e-01 2.879233522406118850e-01 3.257648387898446352e-01 9.191546722789892265e-02 1.981889914094793759e-01 -1.012820300468786072e-01 -3.389623959454629576e-02 -4.055544280634975664e-03 1.842318954104288087e-01 3.922154586252005887e-02 -1.947023165280765966e-01 -7.643738756659490541e-02 -1.348043672545937710e-01 -2.644412807924094444e-02 1.499246864744847862e-02 2.351087191893238559e-01 1.521176043408253020e-01 1.127406628231975988e-01 9.966934655905912432e-02 7.669602167536866688e-02 -1.183596605018562842e-01 3.811062826912657575e-02 -2.307859912959867588e-01 -3.267972144244235544e-02 1.303869993056475107e-01 4.707331711410985692e-02 -1.758843524402900482e-01 1.361810148180016278e-01 5.470144183104638097e-02 -1.643786191225179993e-01 2.696637404835661167e-01 -5.063375601711595647e-03 -5.530189108807562204e-02 -8.387627492321728107e-02 7.362804172362165389e-02 -2.847453623951774412e-02 1.107358085076161763e-01 1.081812018442983858e-01 -1.277140533638093656e-01 2.296139350200470386e-01 4.960480758901819609e-01 1.878897320861630249e-01
1.959516909710679045e-01 1.000000000000000000e+00 3.392475739096550424e-01 4.766043873145863197e-01 5.797038551894616587e-01 3.769139434205382999e-01 3.781238210587236637e-01 5.401562705234720374e-01 3.607025749320341701e-01 3.158275379143874462e-01 -1.589358661983103884e-03 1.246080350624595157e-01 -2.832048434730791500e-02 -1.166720441667996461e-01 -1.302934467325032875e-01 5.430571623738869036e-01 8.232367820646488421e-02 2.880866201484697312e-02 -1.047524131896303279e-01 4.132865816567678208e-02 4.470655706341580132e-02 6.118832111963334180e-02 -5.041055652912401763e-02 1.359669758989629496e-01 1.423950377203469196e-02 1.249705259341091917e-01 -1.268067499252322761e-01 -4.078536484062757206e-02 -3.469965242948111050e-03 -2.210839371266449804e-01 7.716269406446198305e-03 -2.229878837677961578e-01 4.999565303692687403e-03 -1.269803708013250154e-01 9.073967140357161454e-02 8.397506569175243463e-02 1.224252677562452790e-01 1.781964739583280846e-02 6.454420993930501393e-02 2.187683052350058999e-01 8.290621426875975641e-02 1.985564463246838329e-01 6.649341000021649628e-02 8.689196749397850791e-03 1.614521093078343239e-01 -2.222806891597736423e-01 -9.332264928251089720e-02 -1.513389175729479841e-01 2.748380550975488279e-01 8.648795877747868233e-02 2.920939816536513023e-01 5.881819571526883950e-01 4.252902389568657404e-01 3.627008161160538147e-01 4.828495344256593658e-01 3.374963922572120079e-01 4.236423158500681185e-01 3.867900034083336380e-01 1.379467530271362950e-02 1.705644371149808020e-02 1.886177834748797855e-01 -7.967964818106511304e-02 -1.244716087456031045e-01 -2.551790613542461728e-01 1.077502647985511819e-01 -1.851349443605067313e-01 1.264449272740809649e-01 -8.138260615126131914e-03 -5.577225413532039405e-02 7.809979080657612760e-02 4.693317737955608054e-02 -1.683095078691793089e-01 -2.008443416316239294e-01 -2.942952948309000838e-02 -1.196234031633430783e-02 5.291227819957317058e-02 -1.230298925263842609e-02 -2.331377758492197139e-01 -1.659911871208505016e-02 -2.061294947405867273e-01 -1.375962191331911166e-01 -6.971075992395740772e-02 3.173949776661588729e-02 -2.033447292624672720e-01 -1.983245758375226375e-01 -1.843137954949629065e-01 2.980333006696268827e-02 -3.737248625202378438e-01 3.597627924787970971e-02 -1.191162863159921648e-01 -6.213586897630529043e-03 2.110007240717884022e-02 1.365493766950313936e-01 1.137481485294168926e-01 -2.066053366180393702e-01 -9.176191850493792268e-02 -3.167132118214336933e-01 -2.486802545482281468e-01 1.973748780532676717e-01 1.009440852273717631e-01
2.793506403316378117e-01 3.392475739096550424e-01 1.000000000000000000e+00 -1.026533655139817564e-01 2.399356647477230153e-01 5.717680155983790868e-01 3.338917564260333593e-01 5.938803489124642176e-01 4.554728199444788572e-01 1.340884930173529277e-01 5.129979381577732811e-01 4.754855653096868306e-01 2.985956231871048083e-01 4.732676680975466538e-02 6.612792943246089891e-03 -4.966279138942548965e-02 3.238064390674353921e-01 1.964173210282436910e-02 2.445289439877527948e-02 -1.427061799454057145e-01 -9.063973724038444646e-02 3.628053775623984456e-01 6.839764434680865868e-02 5.032019077454356060e-01 3.468588538479942529e-01 5.370982375043330537e-01 1.789927324655373256e-02 -9.595436312734723083e-02 2.072610742132781902e-01 -1.234380669137216842e-02 -5.284230998090911902e-01 -9.058636142789859569e-02 -6.041909140377158538e-01 -3.895360097777252062e-02 3.810383037674595630e-01 2.397811365933990579e-01 -5.880501828587914037e-02 -2.264226783843996393e-01 -1.125390553092419366e-01 1.468426490815694929e-01 8.003630028221497827e-02 -1.036863831687005882e-01 4.075679486577174493e-01 -1.811054280414964857e-01 -3.817641942119475162e-01 -2.349537315534898085e-01 7.751613541214724679e-02 -1.497521380831930982e-01 2.893679042786981293e-01 1.583219865412589245e-01 -5.325801104971630839e-02 5.884491136312988147e-01 9.196995235850206896e-02 2.301204133060543167e-01 4.810672845584534341e-01 7.304264902976729257e-01 5.479650030632616797e-01 5.779355671071167988e-01 2.629822306787841790e-01 4.108565368932761142e-01 3.774434932851256641e-01 2.161708144570975987e-01 8.932502226880113805e-02 -1.240961549751125187e-01 5.634593314471010583e-02 -6.103030669123300084e-02 1.112509960729995973e-01 6.774383767616522223e-02 -1.559880213516473824e-01 -7.768596762533588884e-02 -5.686955755544190194e-03 1.714084862285156496e-01 7.010623477664355840e-02 1.042886355658506348e-01 3.253124326171905056e-01 3.254523767450437366e-01 2.337260471030763731e-01 3.533937168681843682e-02 -4.153206092375632541e-01 1.006354533220085862e-01 -1.248953616719431503e-01 -3.961915138917949109e-01 -3.514533713832553863e-01 3.221818747416244771e-02 -2.818982160357474953e-01 -1.154672513207040917e-02 6.266041313348739983e-02 -3.596184214708565974e-01 2.061116998933442135e-01 -7.761235929053032778e-02 -2.374173003227399437e-01 2.041548740486165692e-01 -1.670815415020412420e-01 -2.531100785855660562e-01 -1.475703466506453621e-01 -3.852904344071331755e-01 -3.509224345423078151e-01 -1.887881589612367961e-01 1.920866771259081007e-01 2.442882010084638789e-01
-1.401605161066438177e-01 4.766043873145863197e-01 -1.026533655139817564e-01 1.000000000000000000e+00 3.943973851819426168e-01 1.210501015150172999e-01 9.898594973763769067e-02 2.806317873649311068e-01 1.468434218005166547e-01 1.501512437127704158e-01 -2.846411286671088336e-01 -1.714628626853561266e-01 -1.127845108684598086e-01 -6.933329968806591082e-02 -8.379421996187189081e-02 4.338323234813650231e-01 2.640180093932213007e-02 9.569083983668626170e-02 5.455519641938243181e-02 9.927085222062818903e-02 2.153360839307103258e-01 -1.104819349884946789e-01 -7.014953666594538062e-02 -4.755106758156159991e-02 4.138905807862723607e-02 -1.944659793746809640e-01 -2.822072649729568394e-01 -2.295221823902604819e-01 -1.111043925676320938e-02 -1.809665340466277139e-01 3.189237378312939630e-01 -3.941498164204188664e-02 3.950159646838766192e-01 8.371164470117929343e-03 -1.811236819016094624e-01 -1.221303871819164472e-01 1.902443538008857099e-02 1.957701590287030113e-01 -1.368504699378073237e-03 -5.136007472193558285e-03 -2.335905870250868516e-02 2.137479088585025888e-01 -1.917052913565263084e-01 -6.750257664314539274e-02 1.877725877439976598e-01 -2.477213568516047348e-01 -2.202370130051770902e-01 -2.237224558200278934e-01 -4.524845692679459186e-02 -4.450881449721830196e-02 2.766296919045898584e-01 2.241478963872987062e-01 3.691002041175168724e-01 4.605147252334115260e-01 2.476483597397876879e-01 3.100315991154667383e-02 1.110040613118004477e-01 8.475702173280345864e-02 -2.431705799734711626e-01 -2.641930282261618079e-01 -1.895631276538692345e-01 -2.535863915182418604e-01 -1.971577962866414568e-01 -1.782931072981814025e-01 5.952123830893085721e-02 -1.488572202098480957e-01 -1.516970544624182959e-01 -4.735876018017621397e-02 1.046896143031431255e-02 1.138542047191170165e-01 1.221924182838695361e-01 -2.503882425232258901e-01 -2.157793321271562759e-01 -2.733234065616464425e-01 -2.334675881033037859e-01 -1.594651120958569535e-01 -7.932576105314696757e-02 -3.093811282380513616e-01 2.530041478653179410e-01 -1.717619836043706993e-01 -9.964465084116376492e-02 -7.235721625361114795e-02 -3.157328668293471474e-02 -2.896965158705846477e-01 -1.599170115602911446e-01 -2.413383171961689111e-01 -1.165000000057904717e-01 -3.727433725015319443e-01 -1.377973255056846869e-01 -1.469446176068217036e-01 1.025473469877242333e-01 8.690799180685450376e-02 1.422909399154425117e-02 1.473384494515997678e-01 -3.573692156724284086e-01 -1.191885424557139750e-01 -2.972385679150731375e-01 -3.156712537795893780e-01 -3.691297831022763432e-02 -2.008884381947247805e-02
2.687839092725529122e-01 5.797038551894616587e-01 2.399356647477230153e-01 3.943973851819426168e-01 1.000000000000000000e+00 4.666745620877780776e-01 2.084191562695610345e-01 4.279637932082222540e-01 4.856773779989209117e-01 2.908799188314031281e-01 2.118266455282131686e-02 8.584210671959298378e-02 -3.590454157042607952e-02 1.110302348707753635e-02 -3.480815949453532759e-02 1.466834051585615972e-01 2.030423756405150271e-02 -5.000767343810059301e-02 -9.398773916983275967e-02 5.898367916180383835e-02 -1.233708631695506911e-03 -2.465193492016956242e-02 1.410077130661091136e-03 1.685158918868151778e-01 -2.138053894791896725e-01 3.388894802742671575e-02 -1.629652238164083222e-01 -3.660079721579943129e-02 -3.672950760828413291e-02 -1.205166561559566085e-01 -7.986860360302878992e-02 -8.240279815926507267e-02 -9.621089684561759392e-02 -1.381529421658794221e-01 6.256443972884155602e-03 1.260099096103697025e-01 1.699975442643984480e-01 -4.838899532884625293e-02 1.409571275506359134e-01 2.618614370965474669e-01 2.264155070986645923e-01 1.270389796222427814e-01 8.792152245795935295e-02 1.309801547142629141e-01 1.316618586855478612e-01 -8.608969087289143965e-03 2.414921597124704625e-02 -6.911201311069566089e-02 3.981013852714834766e-01 2.916145985968778276e-01 1.952270306654340926e-01 2.807220499418817128e-01 2.353623132857409761e-01 4.407528807070598686e-01 5.620405940964731117e-01 2.840419604376852591e-01 3.808641225332508040e-01 3.674897242519329921e-01 8.269501175320516373e-02 -5.118332933736043089e-02 1.092397860167836771e-01 -1.377821131860690607e-01 -4.389529866372569866e-02 -2.537962434569451253e-01 1.069633977203258424e-01 -2.194062987664747999e-01 1.366295988976220788e-01 -1.373371826921483407e-01 -1.748723497918529823e-01 3.024897481170278971e-02 -1.388293736582731953e-02 -2.925106396688454957e-01 -2.477707847831134569e-01 4.469822480405141740e-02 -7.405011065910271917e-02 -2.219196421203014410e-03 -1.321962670907487168e-02 -2.630944871759894332e-01 -1.310021084462262841e-01 -2.775261078066850740e-01 -2.997468901146231879e-01 -7.552139080674315219e-02 -3.421776553973771701e-02 -2.940749163164388391e-01 -3.268282416208708741e-01 -8.923958310688352713e-02 4.446489067525675326e-02 -3.972974799325469930e-01 9.451947522718814887e-02 -1.572783576502842853e-02 4.897423737046417702e-02 -1.048729144094527194e-01 3.111790162034537843e-01 1.256479499607518757e-01 -1.192440526887517394e-01 -5.866872217799723975e-03 -1.847382600315033985e-01 -1.512893064158625511e-01 2.893459080290596286e-01 2.708782826270489386e-01
2.174600089746052123e-01 3.769139434205382999e-01 5.717680155983790868e-01 1.210501015150172999e-01 4.666745620877780776e-01 1.000000000000000000e+00 3.237944068386559016e-01 6.371991773121422620e-01 7.356911027138999248e-01 2.856377482206723384e-01 3.110035045675596521e-01 2.656941021271533310e-01 2.237135892271857884e-01 7.445186144899744451e-02 -5.544249591862234622e-02 -1.612318483174616374e-02 1.839598326286862040e-01 4.840751341637822974e-02 -3.350867695437974303e-02 -6.255163439921065938e-02 -4.850427532151259380e-02 2.404353881424262929e-01 3.317847971654670769e-02 3.824629322382884222e-01 1.623813145183907736e-01 3.129262294650408394e-01 -3.566193142214794248e-03 1.146126293554016427e-02 1.768237861820498580e-01 -3.660942741695547009e-02 -2.637428804683817907e-01 -1.184342715746722202e-01 -3.758504451648265188e-01 1.943413321835942356e-02 3.043661721105362372e-01 3.795582630910599997e-01 1.564244473659265056e-01 -1.242096930812449790e-01 4.315013501386725375e-02 1.963832226679796955e-01 2.213069648900592157e-01 3.692982028053506949e-02 2.668589187902672966e-01 2.665268894963102042e-02 -8.910261447386971789e-02 -1.144906493783479917e-01 1.057519914243567893e-01 -9.098661526152863888e-02 5.673143937937835668e-01 3.785511329122938085e-01 8.161072250441847586e-02 5.316612871103765237e-01 1.703264314678501756e-01 3.006706477248179965e-01 8.247577026877270789e-01 7.763675695202653104e-01 5.606344192821294259e-01 6.256472833682945600e-01 1.919975015888264747e-01 2.146189879071093431e-01 2.225714579754108080e-01 4.781449573855532653e-02 5.297995986244252026e-02 -2.353048986744465387e-01 3.582497165299876243e-03 -1.939783692070403964e-01 1.034135352929495960e-01 -1.163258068612033902e-01 -1.932226130278400511e-01 -2.246998422789223127e-02 -1.147678444470973946e-01 7.844064912689843391e-03 -1.010239885086501727e-01 -1.238653275233139034e-02 1.327581594282727095e-01 1.463241899170602545e-01 1.082505242566805248e-01 -1.536591523241895851e-01 -2.146725424407688321e-01 -5.669807223830872905e-03 -2.949525604934593037e-01 -2.440145055016567088e-01 -1.570986069583084066e-01 -9.922887967818047605e-02 -3.607992874459028942e-01 -1.413950833173437116e-02 2.037161775298193811e-01 -2.683781786937651792e-01 3.255926514935906790e-01 -2.678949681773195451e-02 -2.067784124558262257e-02 1.705290783036476077e-01 1.343016953315115912e-02 -3.160602522921150681e-02 -1.137691221881769327e-01 -1.684640680696765647e-01 -3.027111814607129081e-01 -1.078717334845061687e-01 4.482073877994567357e-01 4.297927296938295338e-01
8.443508605369960673e-02 3.781238210587236637e-01 3.338917564260333593e-01 9.898594973763769067e-02 2.084191562695610345e-01 3.237944068386559016e-01 1.000000000000000000e+00 5.152119306162799006e-01 3.444770689331944080e-01 4.444696784669220913e-01 1.466442656370434139e-01 5.344522028564663296e-01 1.515487501199820342e-01 1.807375162430117643e-01 1.082010961403299248e-01 2.925586232487956684e-01 4.275853724073735984e-01 1.502607826564423543e-01 1.276681052003679762e-01 -6.972651816549049579e-03 9.860285576292164567e-02 4.091508247210223215e-01 2.431800268661478692e-01 4.856110780598453802e-01 1.353132102560004879e-01 4.432199712487316923e-01 1.106401501300152829e-01 2.689556877751815289e-01 2.723955514787710919e-01 1.720658745450331095e-01 -1.289758141434196037e-01 4.870043840550152898e-05 -2.216417063286456324e-01 -1.452412689086565734e-02 3.064244663010434744e-01 5.198208738078806401e-02 -4.586965082709507785e-03 -1.324631403981459121e-01 4.581253812965965788e-02 4.224026269413546086e-01 -1.008584840341216760e-01 -5.017123533349401865e-02 3.795474876028819278e-01 -1.770280103206973155e-01 -1.151519954233326259e-01 -2.122256756596305749e-01 4.317778152294840521e-02 -5.339511431402994140e-02 8.394201181660600197e-03 -1.902612998324608451e-01 7.250658968312813282e-04 5.013971232948664092e-01 4.235188223049828893e-01 1.351942232692882606e-01 3.195965908496016250e-01 3.776016821450382532e-01 4.823224018540444580e-01 4.364773177195275244e-01 3.638769690903360665e-01 8.635098009612823811e-02 3.270111437714128266e-01 1.059389898289327114e-01 1.586556774206186737e-01 -1.146351220163008833e-01 1.311785130780501185e-01 6.212184646774762675e-02 4.273339012216434418e-01 3.447100110342947721e-01 -2.091037672099449116e-02 -4.091750282256675919e-02 7.843157306547868246e-02 2.530185522380455909e-01 2.237323388409468428e-01 1.948264661952793519e-01 3.428407936821614155e-01 4.673770010604116898e-01 3.150855292436386956e-01 2.662711264591726135e-01 4.234143556192555011e-05 -2.393047060455817665e-02 1.136752318033606296e-01 -3.991992683257039043e-01 -7.830170016696516577e-02 1.083163221443675800e-01 8.359040838645415139e-03 4.750592268897792236e-02 1.829889164248510725e-01 -1.233508646892328281e-01 9.389733050054084595e-02 -1.485891012504070574e-01 -1.614244153351520883e-01 1.088697055885537862e-01 1.625909061312141857e-01 -7.850697401830395578e-03 1.004566457905043397e-01 -1.224351486797968513e-01 -2.011560151339838731e-01 -1.763169751522281892e-01 -1.119969293858866927e-01 -1.100604381618991573e-01
8.469410381545360023e-02 5.401562705234720374e-01 5.938803489124642176e-01 2.806317873649311068e-01 4.279637932082222540e-01 6.371991773121422620e-01 5.152119306162799006e-01 1.000000000000000000e+00 6.966392841576899420e-01 2.525765897951164907e-01 3.322768804586352931e-01 3.745017958102965783e-01 2.296413674980434250e-01 1.482204173700552574e-01 -6.546053770288052555e-03 1.595729136052510821e-01 3.886055374736656631e-01 2.296793166800660257e-01 1.683114464629290596e-01 -6.582300759651528443e-02 4.391396771336081306e-02 3.481990758273392217e-01 1.321319061542105544e-01 5.065983030974747781e-01 1.883299930301927105e-01 3.957007407353893003e-01 -5.343612095302985310e-02 -3.187061099263396174e-02 2.104866148182646945e-01 3.453086725020722281e-02 -3.209921038780023661e-01 -1.345523429087462919e-01 -3.489321100990245839e-01 8.352565568184162903e-02 3.173871335893940215e-01 2.932180619581876146e-01 -1.329076479269932116e-02 -1.867219631720875572e-01 -4.709317820784805438e-04 2.415307883095851871e-01 1.571197237274028768e-01 -5.359145989191849146e-02 2.889290913896193080e-01 -1.543779460809215909e-01 -2.317373028026938897e-01 -2.075842334527891742e-01 8.660813536544249847e-02 -1.334259478296813406e-01 2.870818282464785431e-01 1.861325180922723255e-01 2.213805381924761895e-02 6.674364451236122209e-01 4.005560456834637573e-01 3.984515922003378785e-01 6.601455750131149935e-01 6.498324705517291022e-01 7.455614487682123981e-01 7.620944550969819264e-01 2.744071875821658679e-01 2.443681515498035139e-01 2.943011203437365109e-01 5.980846710130269944e-02 4.597079011180435493e-02 -1.664463868291009840e-01 9.938892590810062544e-02 -1.322786472964332105e-01 1.660769874176372396e-01 1.188544520330864773e-01 -1.127477601714082095e-01 1.824731321210256441e-01 3.052564471480922136e-04 8.210735894210495489e-02 3.432525717359927869e-02 2.832761562922467280e-02 2.439513320228049453e-01 2.673215272276059373e-01 2.393508049374793167e-01 -8.292508134321074920e-02 -2.118027268600971014e-01 -2.436162536516713745e-02 -2.156010111093156767e-01 -4.139348980119507138e-01 -2.189198266695293049e-01 -5.934101317545067977e-02 -2.857729309864161515e-01 -2.894050292832165208e-02 5.233875831118704053e-02 -4.030096357901631898e-01 2.686248915780733437e-01 -9.602000819125400266e-02 -8.312190750285645968e-02 1.456886251530085663e-01 -3.189651055198600951e-04 -7.886428221812913364e-02 -1.483184115296545258e-01 -2.929555159172933521e-01 -3.611384896984014548e-01 -2.528269016773310729e-01 1.609211546142513827e-01 2.651783507124913508e-01
2.006200028743166386e-01 3.607025749320341701e-01 4.554728199444788572e-01 1.468434218005166547e-01 4.856773779989209117e-01 7.356911027138999248e-01 3.444770689331944080e-01 6.966392841576899420e-01 1.000000000000000000e+00 1.765953056541554045e-01 3.549809977534317262e-01 2.646037392061781901e-01 2.505151408498504928e-01 1.977846232095838708e-01 2.173076396396162249e-02 -9.748194559490348798e-02 2.781733532883767790e-01 1.174096063386893402e-01 5.905375794107955295e-02 -5.652713886169875163e-02 -1.106896600866625335e-01 2.704994044525781405e-01 1.696318972357492016e-01 4.240826527360059828e-01 2.357428965445406560e-02 2.977762875115571584e-01 1.794530504573120522e-02 6.139090364427633728e-02 1.890417987904418895e-01 1.058049719879634587e-01 -2.707822683724964152e-01 -3.886981322124924421e-02 -3.526401583882108892e-01 6.586121997861674182e-02 3.253147052129997108e-01 4.876513887332718511e-01 1.070787505312320170e-01 -1.764222314700900351e-01 8.582786983368612121e-02 2.157705774340254179e-01 2.608545700355006103e-01 -1.211011356280674717e-01 2.337172873710707255e-01 5.924524688762219243e-02 -1.029643701236997305e-01 -8.624188714014555460e-03 2.469599350279121919e-01 4.845056310625517858e-03 5.227025989034361775e-01 3.840023688084538422e-01 2.335651323210223909e-02 4.968136195873313343e-01 2.236916013555513283e-01 3.446481480908416550e-01 7.507759765397519214e-01 6.081050318335573523e-01 6.502926287553764118e-01 6.998050888034779149e-01 3.080032801130909714e-01 2.456494129684728411e-01 2.632701892906136876e-01 8.011902119032546232e-02 1.500060659719192058e-01 -1.963929817180591897e-01 1.102344653101169220e-02 -1.605714499779658522e-01 2.175614160364312544e-01 -2.833846068914326177e-03 -2.593478743419511678e-01 6.952368775039366455e-02 -1.921128310534628292e-01 5.973956428844932193e-02 2.477524819764998290e-02 1.673145294481170053e-01 2.243572730408601168e-01 1.497991382862968179e-01 2.347972770943193566e-01 -5.764297698388130831e-02 -1.542460294002196697e-01 -7.809839577179187968e-03 -3.551976015854663715e-01 -3.164327493977386330e-01 -5.431899438096407517e-02 -6.402660905632560906e-02 -3.235656321224228416e-01 1.265270970579491505e-01 1.665039614971595139e-01 -2.623489823661229736e-01 4.388956833956689230e-01 3.700377389133656381e-02 2.999384221172109871e-02 1.281676991475895200e-01 1.387127686311700192e-01 -5.594942249156904801e-02 2.072705777864081861e-02 -7.127216379037985827e-02 -1.946758699944876325e-01 -3.506571194813441067e-02 3.833234237347349915e-01 4.485932018414859890e-01
1.704012447977602540e-01 3.158275379143874462e-01 1.340884930173529277e-01 1.501512437127704158e-01 2.908799188314031281e-01 2.856377482206723384e-01 4.444696784669220913e-01 2.525765897951164907e-01 1.765953056541554045e-01 1.000000000000000000e+00 1.197760085700975557e-01 4.663261768480279623e-01 6.916096326785063642e-02 1.230516958311342855e-02 6.908875767890834555e-04 3.324630832950899451e-01 2.036785746024333543e-01 -1.330633194792553986e-01 3.808626177859998066e-04 -1.533864135194655531e-01 7.166633661213056561e-02 1.683962130711088856e-01 5.913645749676003233e-02 3.294667221065236684e-01 2.384715168893537796e-01 3.186099887090138028e-01 -8.859074684011928463e-03 2.961767035234287304e-01 1.295694955200560605e-01 1.411399609889140219e-02 9.529323287321452007e-02 7.694095890802625515e-02 -3.195733586860650260e-02 -1.245872239337853793e-01 1.515924707831110829e-01 -9.906432510678983561e-02 1.183681079839177114e-01 1.277984737278577421e-01 -1.671613992907384702e-02 3.396285538722338959e-01 -8.667042583499795505e-02 2.360029376790541977e-01 2.948079775977648365e-01 2.894181973848660924e-02 2.615120746628337711e-01 -1.272710545533777271e-01 -1.137364818240796799e-01 -3.156136187942915061e-02 1.156583267172148349e-01 -7.878678985962510317e-02 1.858721365375811396e-01 1.958773336586745462e-01 2.991991839890497107e-01 2.045043280551556431e-01 2.311675648333654243e-01 2.240703254224105934e-01 1.820027094622227448e-01 2.040923351809052766e-01 3.493323210645069010e-01 -1.647139208452367415e-02 3.161251048288102328e-01 -7.075961591222061642e-02 1.983678457561556530e-02 -1.111589904782693816e-01 1.231841225159476111e-01 -2.904365002205237800e-02 1.170821675025595088e-01 8.696132792699592939e-02 -9.484649639224181084e-02 -2.615039847242200399e-01 3.069612002888031516e-02 -3.509844595813112894e-02 -6.674415229391782167e-02 3.004568032885903631e-03 1.491954927707788148e-01 4.319172980291671737e-01 1.177638525814635878e-01 7.287692849523398630e-02 5.662870865404080745e-02 -6.467518200918204174e-02 2.852046575335822134e-02 -2.369729615522039312e-01 -6.736173699713715601e-02 -1.738717335304588441e-01 -9.023930938498063437e-02 -1.257067537079450126e-01 1.671182067679854721e-01 -2.090524798473526458e-01 -1.161206059143770064e-01 -2.980998869287166952e-01 -1.959243034537314632e-01 5.791967331932868640e-02 1.649781771275746212e-01 1.421161962885167107e-01 -7.289805489729552813e-03 -7.237733113308598976e-02 -2.716501286865705134e-01 -1.460889085942389809e-01 1.071695374390161382e-01 -5.697056548458621222e-02
3.036894060780953586e-01 -1.589358661983103884e-03 5.129979381577732811e-01 -2.846411286671088336e-01 2.118266455282131686e-02 3.110035045675596521e-01 1.466442656370434139e-01 3.322768804586352931e-01 3.549809977534317262e-01 1.197760085700975557e-01 1.000000000000000000e+00 6.212220780103190343e-01 4.863930888605642600e-01 2.113636627144419577e-01 8.149700851745540764e-02 -2.315269580516310099e-01 4.648171645601754109e-01 -4.102332099487381641e-04 9.743216881618943503e-02 -2.622075475356106522e-01 -2.067284687372183682e-01 5.113149422601908078e-01 1.882179645092133813e-01 5.991943684726265262e-01 2.680623266237849855e-01 6.253891277533280002e-01 2.270710014376582098e-01 1.916447515628244558e-01 2.329484287444816282e-01 1.960837533791979226e-01 -4.706263764169220654e-01 5.007044226256315150e-02 -4.494153909166260230e-01 2.087383947926175695e-02 5.175187067151821863e-01 3.125968453523107482e-01 -3.254348558218974480e-02 -2.295713944722405919e-01 -1.197966867701542593e-01 1.881781436506678451e-01 1.708153570731758553e-01 -1.955541444238888538e-01 4.658165795382634422e-01 -6.054149424825149006e-02 -3.125692138894659577e-01 7.136296115862904646e-03 2.964966343687454042e-01 -3.225547736846818420e-02 2.384002715935202854e-01 2.194832822877696710e-01 -1.178300066846830474e-01 2.243980722948640538e-01 -7.288762539230010662e-02 5.232078074987393107e-02 1.983987659334235376e-01 4.177069126290861578e-01 3.672735531196178460e-01 4.096456998749858913e-01 4.689094336691053688e-01 6.426338310211933136e-01 5.662053674960406680e-01 4.000576957137253475e-01 2.644142255518653339e-01 -1.046672042706302402e-01 -1.103918192703743917e-01 -2.238340968478335843e-02 2.167321214298613130e-01 1.509026391243323828e-01 -3.000877790233603126e-01 -1.964120466646538388e-01 -2.492822470636884002e-01 3.599229265348671269e-01 2.025170643346506927e-01 3.807903753862947882e-01 5.461911526883531653e-01 4.617703034398776274e-01 3.449444029244601584e-01 3.115883761891435899e-01 -3.679585752358573991e-01 7.274426466700127658e-02 -1.194816493838655874e-01 -3.789940899192353885e-01 -2.841071827888683177e-01 2.149253063713804646e-01 -1.659662990423254325e-01 2.071978394756965325e-01 1.494159299144116881e-01 -1.188109974337230174e-01 2.964367526247738138e-01 4.840967896253097619e-02 -2.719491274800287517e-01 4.315606967662496268e-02 -1.194260168389463528e-01 -2.449052955524703423e-01 1.083248586418258386e-01 -2.209050906864090391e-01 -1.675686399718061548e-01 -1.695094411674394341e-02 2.152333144332925496e-01 2.634704846910202458e-01
1.881086401997036084e-01 1.246080350624595157e-01 4.754855653096868306e-01 -1.714628626853561266e-01 8.584210671959298378e-02 2.656941021271533310e-01 5.344522028564663296e-01 3.745017958102965783e-01 2.646037392061781901e-01 4.663261768480279623e-01 6.212220780103190343e-01 1.000000000000000000e+00 4.662877804778960411e-01 2.554288230642733359e-01 1.974655538854680759e-01 1.007823062220862265e-01 6.058407954950193464e-01 8.226312310144009987e-02 2.035077933473667389e-01 -1.474859205421472919e-01 2.999236964275081227e-02 6.181467634564318248e-01 2.491621160942698865e-01 7.017688354027750153e-01 3.528749910754635510e-01 7.957587530263718900e-01 1.810343168235221123e-01 3.175451288624674961e-01 3.202774339845726459e-01 2.385201736826232100e-01 -3.227944615851888188e-01 1.220118778648452418e-01 -4.088448407620672853e-01 4.613449392724137260e-02 4.665981257607205168e-01 7.564102212477263887e-02 -6.803513305406433398e-02 -2.319524975321186622e-01 -1.906687158462277709e-01 2.800938867882826200e-01 -1.145664722259888274e-01 -8.812602589969344147e-02 5.781163337908213906e-01 -2.045352886002164416e-01 -2.481589093081369712e-01 -2.200674740024319842e-01 1.009851518995591169e-01 -7.580232605905236343e-02 2.048393855707723171e-02 -1.167061433815261839e-01 -7.593320586434493258e-02 3.270095128546600671e-01 2.244184560669627571e-01 8.798226494117493413e-02 1.805504781089446731e-01 3.534414220960545028e-01 3.275165415321524276e-01 3.727516222551076619e-01 6.014040957554780409e-01 3.752083275680644370e-01 6.333292073983305404e-01 3.631668713531475134e-01 2.731771798912810412e-01 -3.060481001216364128e-02 1.143017163258036317e-01 1.371872410636765238e-01 3.570874900525763396e-01 3.710061743598417339e-01 -7.027222564885755862e-02 -1.961358484562755466e-01 -1.448466172110793836e-02 4.031162187452271839e-01 3.109800530300039778e-01 3.443236954886749746e-01 5.729987469270435563e-01 7.330662085213985879e-01 4.564752864399249099e-01 4.619430450381704079e-01 -1.804517807994455436e-01 1.251168534407973432e-01 1.259491777636483623e-01 -5.062882872930266620e-01 -2.176907168349359600e-01 2.271684489661497386e-01 -2.916519515840538916e-03 1.038354528468417165e-01 1.678538797990441755e-01 -1.919072961919144615e-01 1.354149702363288132e-01 -1.888178478274534777e-01 -3.205755552061170799e-01 9.314421725298609178e-02 -6.694723282490039340e-02 -1.602667989271397420e-01 1.365193506277591617e-01 -2.747395693302243092e-01 -2.700718109430583214e-01 -1.401754648741104503e-01 -3.437222164285431980e-02 -1.861213655470479039e-02
8.142262986780117451e-02 -2.832048434730791500e-02 2.985956231871048083e-01 -1.127845108684598086e-01 -3.590454157042607952e-02 2.237135892271857884e-01 1.515487501199820342e-01 2.296413674980434250e-01 2.505151408498504928e-01 6.916096326785063642e-02 4.863930888605642600e-01 4.662877804778960411e-01 1.000000000000000000e+00 5.204592890242343284e-01 3.348298684093239941e-01 -1.465537515370602950e-01 6.330511110656924512e-01 9.165179766219876123e-02 3.289471429261158764e-01 -8.823386958776577305e-02 -1.063091485357140070e-01 5.772336092026525423e-01 4.422912928435385749e-01 6.048090243670968258e-01 2.601521469982935875e-01 4.463031789504918745e-01 4.102643775474998367e-01 2.481852228215768452e-01 5.072868016851536099e-01 4.413163585226603791e-01 -3.047446822261835053e-01 -1.154670610765752559e-01 -2.399519825207131474e-01 2.119738345719127115e-01 5.094322706077401008e-01 3.458778511761371188e-01 9.074270861474202643e-02 -3.096505846217105784e-01 -1.482761966790767938e-01 1.171542473441528481e-01 8.299941998910334573e-02 -2.094737037258429524e-01 2.021938675211739644e-01 -7.503479498074169807e-02 -2.689143768892781061e-01 3.880937236538618135e-02 3.650784071435126954e-01 1.655097655654970135e-01 1.650035968911492679e-01 1.703084625241901851e-01 -1.400097931497525650e-01 1.738599335837065496e-01 3.709169013105335921e-02 9.339441266408106401e-02 1.477586878929119940e-01 2.594773019157555760e-01 2.002769570406187083e-01 3.025162810687020420e-01 3.095073722818121320e-01 4.554290177862247435e-01 5.207583189087595654e-01 6.614018273298521988e-01 5.028130990944483791e-01 -4.200875722177049160e-02 -2.621288383726145046e-02 1.418462348513289950e-01 1.947070177972125282e-01 2.768156365120043039e-01 -2.678465867294091973e-01 -8.616341654946274575e-02 -2.311721211484779603e-01 4.372403609989021778e-01 3.663193607315826106e-01 3.146135687418949445e-01 5.230112426927705505e-01 3.543012606351556015e-01 4.789693469142345394e-01 4.510910272274289978e-01 -2.870004789875900131e-01 -8.569085454673971980e-02 -1.747983051489613027e-01 -4.580548451263514176e-01 -1.938145433208827983e-01 2.377775906934552486e-01 -2.223835799466125987e-02 3.127663381088779948e-01 2.752619981739803934e-01 -5.431076332469442214e-02 4.026604077220511391e-01 1.554570931183796995e-02 -1.021365329526976867e-01 1.381264638776283360e-01 -9.390886292007116776e-02 -2.087416810021425484e-01 3.957873179800074082e-02 -1.561658166096519251e-01 -1.050219333378935582e-01 1.110848165112920671e-01 1.129481901766551666e-01 2.340991268723173202e-01
1.129754365153041035e-01 -1.166720441667996461e-01 4.732676680975466538e-02 -6.933329968806591082e-02 1.110302348707753635e-02 7.445186144899744451e-02 1.807375162430117643e-01 1.482204173700552574e-01 1.977846232095838708e-01 1.230516958311342855e-02 2.113636627144419577e-01 2.554288230642733359e-01 5.204592890242343284e-01 1.000000000000000000e+00 6.862384992190255772e-01 -1.591146077269764703e-01 4.542309156071939746e-01 2.818183127981560565e-01 5.059143756083175347e-01 7.745020589577204795e-02 1.823343830244909258e-01 3.691140139165912104e-01 7.056057009978379257e-01 4.192452672679428116e-01 1.725841990424773278e-02 2.083160607840486012e-01 2.822258157527890998e-01 2.309102187809523032e-01 5.082686806074684371e-01 6.635435836131758913e-01 -1.868343379703085450e-01 -4.246601961284421356e-02 -9.491723085106071323e-02 3.436588972492322092e-01 3.051129521868075622e-01 2.620781582251770492e-01 1.011558352285976958e-01 -2.376395266757040659e-01 7.230972345630708176e-02 1.717543074019127758e-01 1.649396806055405396e-01 -2.402438552892699475e-01 1.036337458196677913e-01 4.763219087790698802e-02 -1.467726707685982901e-01 2.107404642125163263e-01 5.083318239693650487e-01 4.498945317504270958e-01 1.127320783944787408e-01 1.886408493610887416e-01 -1.143686420049960795e-01 5.136326361113951328e-02 3.241949386254770749e-02 7.019450966118806479e-02 5.367200219938379063e-02 1.089480181631791167e-01 1.779252085356603508e-01 2.310510717527804458e-01 3.390938328175093774e-01 2.104894239710445869e-01 2.673578064085208039e-01 4.181077006757218939e-01 5.635056413474363035e-01 1.441087267876738076e-01 8.004801941310044078e-02 4.026001788743432952e-01 1.637452987620056644e-01 4.317565437239500592e-01 -2.002436392615695449e-01 1.740112580114637209e-01 -1.418599304900178271e-01 3.076946694240516589e-01 4.356103183219518504e-01 2.720858181083434801e-01 3.629922393396148861e-01 2.279935504561138582e-01 4.725722962361287305e-01 4.749811343657876495e-01 -1.936540096325497506e-01 -1.194390562334394917e-01 -3.181991092522438724e-01 -4.217889343968963534e-01 -3.789093691298802552e-02 1.493563976022401485e-01 -4.593823402356130708e-02 4.373637149465541274e-01 2.197742031097604243e-01 -9.425003835531128166e-03 3.606086131192143274e-01 7.094706882888027200e-02 5.843167272372760263e-02 1.093896856406072621e-01 7.741681104576980665e-02 -5.642955850241016674e-02 1.579836150143536233e-01 2.320378489753410767e-02 5.299355684608872408e-02 2.881874551471527712e-01 8.179955840766392483e-02 2.042682514346907674e-01
5.299718448782084895e-02 -1.302934467325032875e-01 6.612792943246089891e-03 -8.379421996187189081e-02 -3.480815949453532759e-02 -5.544249591862234622e-02 1.082010961403299248e-01 -6.546053770288052555e-03 2.173076396396162249e-02 6.908875767890834555e-04 8.149700851745540764e-02 1.974655538854680759e-01 3.348298684093239941e-01 6.862384992190255772e-01 1.000000000000000000e+00 -1.211815792124953939e-01 3.092669857544210754e-01 1.737929123827031963e-01 3.316409201316028454e-01 1.094690536900382871e-01 3.706793439408056501e-01 2.208689486479744613e-01 4.818426895661677145e-01 2.916648966987704372e-01 1.874477680687721901e-02 1.349486829365569018e-01 1.278619791712281295e-01 2.226563280296882663e-01 4.634909168115857736e-01 5.577886347361640240e-01 -1.152853164515781764e-01 2.808075163357900278e-02 -1.126108276583024786e-01 1.379357065599274290e-01 1.288170763499208171e-01 2.420853411045100281e-02 1.816971835140256467e-02 -2.573953758730710417e-01 -6.433679738218167632e-02 4.462643209441913283e-02 -9.699946844090111264e-02 -2.100179107174625359e-01 -5.794389314906992459e-03 -7.105244163170891525e-02 -1.498300331126927176e-01 1.737522427493864638e-02 2.547777323723073306e-01 2.682945873377366452e-01 -3.990801569161511742e-02 -6.266502945087994159e-02 -9.133339005316581938e-02 -1.262685569674322494e-02 1.041910931148691127e-01 4.604544549651108654e-02 -8.218741093460625591e-02 -7.588420307099198736e-03 -3.181678455465357554e-03 3.978506424081044990e-02 1.639788787931185099e-01 8.016863062543591600e-02 1.968219597712986824e-01 3.284074709035160189e-01 4.574846354199202381e-01 2.405739000200248778e-01 2.418485236029161711e-01 7.061534411097676323e-01 1.238118406459375459e-01 4.065465308694361513e-01 -1.972551068657199189e-02 9.546804495301534910e-02 1.549465922309184729e-01 2.305256621183651711e-01 3.221571944575749580e-01 1.393081896402600384e-01 3.000965659224151816e-01 1.761243807480328549e-01 5.035963558433919074e-01 4.900831978379322496e-01 -1.315463671698551551e-01 -3.133868074259626296e-02 -3.685625672832377325e-02 -3.256070155177873127e-01 -8.407264861980251469e-02 6.306174745058354403e-02 2.342291853315312672e-02 2.064015130329844572e-01 1.491509968566334665e-01 -5.079882142993835670e-02 1.167277911281245778e-01 -9.977344541569344027e-02 -3.727363100651576860e-02 4.950513832903724598e-02 -6.987489700534793569e-02 -4.268364548423103644e-02 -2.415632043128759787e-02 -9.358036876010594751e-02 -3.322612097110355656e-02 1.131971638584687440e-01 -8.153843789590183022e-02 -3.763224658410831147e-02
