1.000000000000000000e+00 2.567530024057072466e-02 9.241022898573408861e-02 -8.040528905527352665e-02 -1.413395393840421732e-01 -9.838424352863150979e-02 1.026413557385555259e-01 -2.097579114688925273e-01 -3.668230087886797941e-01 -8.727320113780988320e-02 -1.242506416916985962e-01 -1.755044700093366938e-01 -3.487637788467559934e-03 -8.901827533946533866e-02 -2.175485353798204714e-03 3.742538181931914787e-01 -2.053101029349499451e-01 -3.442109263093203197e-01 -1.798487502133659932e-01 -2.102402471600067768e-01 -1.836388596644167870e-01 -1.653595593482219406e-01 -1.600142953734584317e-01 -1.423615781567538485e-01 2.190450567501853740e-01 1.422733557631705448e-01 -2.178567150722241497e-01 5.721744292205257348e-02 -4.907231869781675249e-02 -1.263919625124578228e-01 1.074258950538798940e-01 3.054249164458015531e-01 1.640871328340710311e-01 -1.580911011176634184e-01 -7.503284964757014897e-02 -3.736177720162389138e-01 -1.494558170844202394e-01 2.884162096369923822e-01 -6.709576558393962054e-02 3.682949546365391763e-02 -6.836795119125332887e-02 -9.353117550520845258e-02 -1.052205894644572537e-01 -6.186282099319865418e-02 -1.082379247622201751e-01 -2.084357135644483161e-01 -1.423055827219266711e-01 -2.878240461189534097e-02 5.072125509447888286e-02 -1.127175487781600788e-01 6.614245146031332290e-01 3.325973253119987594e-02 1.188409164095416935e-02 -1.173832100046910548e-01 -1.258079423349813541e-01 -4.294949347285441366e-02 -2.285443457878018614e-01 -3.499032169889764732e-01 -7.945558917708388236e-02 -9.060395414388154600e-02 -1.831097477214224112e-01 9.775365224896434210e-03 -7.958464202256639031e-02 -1.187233583485202693e-01 -1.410134812456752817e-01 -6.176912651683921091e-02 2.207610507437490072e-02 -2.059082010214787484e-01 -1.791202692927796047e-01 -2.708671197225330785e-01 -1.541171509508642012e-01 -2.336110183883695623e-01 -2.051319774268647589e-01 -2.853591783198046183e-01 -3.699247707969778309e-01 -4.716666579133135112e-02 -2.053223052201005525e-02 -1.847077444611920916e-01 -7.784393854894257336e-02 3.004233448654012317e-01 -7.766567583947671383e-02 -7.458260084340263829e-02 -4.935316236752582131e-02 -8.967398907436187339e-02 -2.835160325918951174e-01 -1.702830287105736584e-01 -1.513812505682243514e-01 -2.399776747590163795e-01 -3.351137472702326869e-01 -2.596269857585551399e-01 3.588042258817835672e-01 -6.507777794638376634e-02 -1.493228493295411519e-01 -2.208635904719975784e-01 -1.805235613232118452e-01 -1.575869074073582288e-01 -1.842736960265449198e-01 -1.046694308236112564e-01 3.983337986920127555e-02 -8.773272810756359286e-02
2.567530024057072466e-02 1.000000000000000000e+00 4.962442418674418709e-01 6.352035453719447888e-01 6.641872656813737619e-01 2.392293655365557714e-01 3.485519681851294571e-01 6.313291349184478873e-01 2.906087971087724098e-01 -2.721865843515440253e-01 2.285879122508858649e-02 -5.530311595766194965e-02 -1.135854110018926777e-01 2.444621572938071585e-02 2.790694552303721668e-02 4.075912388940968745e-01 -5.183245367763159028e-02 2.468043268730374662e-01 7.011900924534240909e-02 6.980867038542036551e-02 2.050935860095772778e-01 -1.657799582485014189e-01 1.063163661173114061e-01 -2.423351877178265834e-01 -1.245449074726947825e-01 -1.187776205472879376e-01 -1.073515360660011742e-01 -2.156231284539353865e-01 -1.080564517040098066e-01 -1.269302657830868042e-01 -7.530885686877354657e-02 1.538593537784942733e-01 2.133813704377999221e-01 -1.769192599607653238e-01 -1.800717075045063231e-01 -6.805042369144408479e-03 -2.577792024155925454e-01 -1.857088165241772004e-01 -2.496293180599114814e-01 -2.786109489767844005e-01 -2.163382104405837669e-01 -3.499635664770375243e-01 -2.870563683257341681e-01 -2.457249597516642792e-01 -1.860635449928794288e-02 -1.113274202762271348e-01 -8.243587291206729006e-02 6.349002054040871201e-02 1.008920794476099864e-01 -1.796752804719559116e-01 1.356457800604601305e-01 7.229312768044701132e-01 5.338277034672676002e-01 5.899945384001924475e-01 3.794528613382506244e-01 2.577432502487070898e-01 6.106499932760801608e-01 4.486125761238877185e-01 -4.040492481403815117e-01 -9.595891455710173212e-02 -1.545437183945308213e-01 -1.123591773602230781e-01 -5.673655491946201328e-03 4.949040499483758904e-02 1.532068684470493103e-01 2.193890126974356106e-02 -9.089138999813532738e-02 2.503599465681935476e-02 -3.718628771260698573e-02 1.764522485724769052e-01 1.798791612502134707e-01 -2.431414252663331721e-01 4.699762640557759996e-02 -2.331094025747118270e-01 -2.636770889833316145e-02 -2.280638777345855850e-01 6.163633263188867360e-03 -6.806356739382209142e-02 7.839942837601801551e-02 1.585404965700913660e-01 -2.300891012727309393e-01 -1.911978444277881162e-01 -1.518555195238954492e-01 -1.771211949571383781e-01 -1.016615981007730068e-01 -1.421636904035810389e-01 -1.963372590817482055e-01 -1.867788832853425340e-01 2.236154436976293264e-02 -3.107440047757431545e-01 -1.084750931298680485e-02 -3.282861529686997848e-01 -3.532803044032651330e-01 -3.377253228088780146e-01 -3.747676736985873225e-01 -1.666982500125525068e-01 -2.195533139910549672e-02 3.060903427283917858e-02 1.197222593894078507e-01 -8.864250254468533652e-02
9.241022898573408861e-02 4.962442418674418709e-01 1.000000000000000000e+00 5.442589618040567095e-02 4.604743116231490019e-01 6.012723192696517449e-01 2.360540020515732307e-01 6.228528246795140833e-01 4.485180265636655728e-01 -1.737316890237893818e-01 -2.803752914039406990e-02 4.248441216339143151e-02 2.546614637154382549e-02 -1.356998586596002698e-01 -9.950854094504370251e-02 3.641932042417856397e-01 7.177984010310471674e-02 2.858615408822438031e-01 3.026960799698928672e-02 7.014135542418664659e-02 1.558736911159352978e-01 -1.586008557334090893e-02 -2.715376904271156119e-02 1.293373761792168952e-01 1.717162382487303143e-02 1.819592107411370785e-01 -1.169187522829241849e-01 -1.023483289812316954e-01 1.921918531823803566e-01 -2.575040882130603670e-01 -9.067807306492323138e-02 -9.393430746403294562e-02 -9.408969589659629817e-02 4.760859912376641523e-02 -7.353678518277677323e-02 7.706818523711168878e-02 -3.922182727694745880e-02 -1.050848801417811895e-01 -1.733476025887103478e-01 -2.255278835611784771e-02 -9.743770169032907325e-02 -3.157491750648575707e-02 -9.530900282240234445e-02 -1.438376095688934930e-01 -5.677902909463860420e-02 -3.021468500920717615e-01 -3.393044486318501085e-01 -2.015447875369207609e-01 3.550955354394089714e-01 -1.045529858215938773e-01 3.638584076502460879e-02 7.234181155844141564e-01 1.808163973810341663e-01 6.525179551806660483e-02 5.552598458447359775e-01 5.862156815372937535e-01 4.603955015585185495e-01 5.079338573767597786e-01 -1.766069921374838203e-01 8.122236812189402577e-02 -7.408881067082997984e-02 3.814528577404031895e-02 -7.152447164846714722e-02 -4.203687705261494392e-03 3.194642022876323807e-03 -8.093235079844757207e-02 -1.781244683020109520e-01 1.097207792538643922e-01 1.258186421731604387e-01 2.416279285801769816e-01 1.954872553617517938e-01 -8.922906083708301295e-02 -5.563102435150017039e-02 -1.541718609814524965e-01 1.503927143770239505e-01 1.096132920132173866e-01 1.893175989320441677e-01 -1.919449693967529291e-01 -4.478726897434245208e-02 -8.720335340670525015e-02 4.826922773170485431e-02 -9.602182702806427717e-02 -7.691398517728564865e-02 -3.441324682554434272e-02 -8.446191187621378271e-02 -3.476405862469306718e-01 -8.571380734381016386e-02 -2.780252808717526003e-01 1.045355756954711168e-01 -1.237191653297332883e-01 -2.122576353628297663e-01 -2.126915792886822920e-01 -2.356334441904562038e-01 -2.221266502455907649e-02 -1.827026663074130530e-01 -2.228428336040546298e-01 -2.296625195485144377e-01 -1.683378552704782871e-01 2.949085536556282361e-01 -4.147789819172312958e-02
-8.040528905527352665e-02 6.352035453719447888e-01 5.442589618040567095e-02 1.000000000000000000e+00 6.261949195406865121e-01 6.522587033698704073e-02 2.614734627621889684e-01 3.227159134431483167e-01 1.815291147745970723e-01 -2.530355066954112497e-01 6.437157423425846070e-02 -3.198528254769518464e-02 1.484829957797874703e-02 3.068886371981067174e-01 3.080458625038832166e-01 5.132796133462574212e-02 -2.186948881686871793e-02 2.184611098514973038e-01 1.679471910934472734e-01 1.558041292933852739e-01 2.451149739853358267e-01 -1.209281084942405993e-01 3.478750430164539997e-01 -3.581885041371048461e-01 -2.322876283366334671e-01 -1.630950448318663759e-01 1.182181964449939282e-01 -5.417599255492351606e-02 -8.765646601286739004e-02 1.986216816422928244e-01 -7.716992805331787664e-02 3.367625495557202142e-01 4.071127362915029080e-01 -7.247716300978503112e-02 2.133271127237725689e-02 -2.592428534571996138e-02 -2.176544951090430280e-01 -2.368562419133838082e-01 -9.648372025268067698e-02 -2.906001819211554982e-01 -1.607283281864652913e-01 -3.415501657333851471e-01 -1.316810913679743456e-01 -2.240997795833705730e-01 1.513749994414329003e-01 2.247999071493808343e-01 2.501378535366449163e-01 4.174529927578284338e-01 1.202214074562739507e-03 -1.069978780257965223e-01 9.573153567543514486e-02 3.478167995718232097e-01 5.601044932232772666e-01 8.733587345496686138e-01 1.645375320575304667e-01 5.053866993588845835e-02 5.289780033870770115e-01 2.992022159200674603e-01 -4.132188236634533607e-01 -8.602523211559548466e-02 -1.342576889770211723e-01 -6.625990683805531301e-02 2.958619456797731972e-01 2.369805770081453433e-01 4.007911458513869207e-01 2.903465826130020577e-01 -4.063290790227257546e-03 4.471915371094140057e-02 7.411431613984338640e-02 1.938897345574268072e-01 1.779927815924913226e-01 -9.715118615662012014e-02 3.544799162197327380e-01 -1.688032591992324472e-01 -1.289446047482672442e-01 -2.998744618184666089e-01 4.840507564012249547e-02 2.403727083482087856e-01 1.016971656305312582e-01 3.244890571446996663e-01 -1.104661326291007523e-01 -6.021567814760140497e-02 -3.920132895672639312e-02 -4.138300590851944072e-02 9.729924331552212979e-02 1.909104242843658317e-01 -6.701415448531983232e-02 8.203958641232594884e-02 8.682947303787282023e-02 -2.834538693985768076e-01 1.395420360562036333e-01 -3.196379593557236998e-01 -1.822417061521375559e-01 -3.964679702330128896e-01 -2.582821195635903733e-01 -7.761247051663461294e-02 3.342494433545052934e-01 3.559112764602373469e-01 4.122268984851082396e-02 -1.907615737814961215e-02
-1.413395393840421732e-01 6.641872656813737619e-01 4.604743116231490019e-01 6.261949195406865121e-01 1.000000000000000000e+00 5.126115911074745624e-01 9.799679398194728608e-02 6.062954432295235563e-01 5.580168631531304824e-01 -2.222650121856001582e-01 6.957012361863043615e-02 6.906967518557437236e-02 1.643268863538351887e-01 1.455034357793321409e-01 1.297277881541924194e-01 7.646711825045626743e-02 1.135255444917384338e-01 2.724185714529236968e-01 1.905959684561348289e-01 1.530263957605226544e-01 2.812569307824324127e-01 -8.939716810644995904e-03 1.928912445542938225e-01 -1.672005821292262273e-01 -2.647669529211851280e-01 -7.824067069243441364e-02 -1.386641303330050923e-02 -1.106099790742348932e-01 1.806326824309265403e-02 -1.619814364794315564e-02 -7.391010636818848289e-02 1.102676933736013512e-02 1.608344048582572294e-01 -3.294817801383741890e-02 -7.278483268696234187e-02 6.864440028463658638e-02 -2.270872358975987160e-01 -2.766951927106109932e-01 -2.221543601889119646e-01 -3.769583078042864077e-01 -1.708188690292540557e-01 -3.790168582784667617e-01 -1.913399307455237730e-01 -2.296370424198631022e-01 7.080634375552682935e-02 -5.545668483986589126e-02 -7.394367308751326369e-03 1.172487882856951963e-01 1.999378758967111924e-01 -1.042594851631689357e-01 -2.737446543430612292e-02 6.173844938278222338e-01 3.792887756154517120e-01 6.844413184367397207e-01 6.639751902169640507e-01 4.406861130125377390e-01 5.581172674391485788e-01 6.587244083373272607e-01 -3.072127808901586876e-01 5.328368022338048071e-02 -6.694817513055718872e-02 8.817696831865140528e-02 1.999060362244438893e-01 1.996352533686288344e-01 2.703335660645966865e-01 1.347529585782359651e-01 -1.626759149064512244e-01 1.362693193516685275e-01 1.147146697868639542e-01 2.704265984284222601e-01 2.493589424312620539e-01 -1.423943982894827209e-01 1.585757862520120465e-01 -2.595070506901988594e-01 6.544284433383973365e-02 -1.980787897889025873e-01 8.326414682959065727e-02 5.834025887221311324e-02 1.856605427044433210e-01 5.408787871610759579e-02 -1.054072428390945837e-01 -5.391899406421962748e-02 -1.147684376096163444e-01 -9.794043528258035425e-02 -1.155351690890340025e-02 -8.645346220233593448e-02 -1.226219249223170216e-01 -1.307230176261741650e-01 1.209559173078492561e-01 -2.627579107443795414e-01 -6.127877673295157451e-02 -3.577216527842676519e-01 -3.162712948705092009e-01 -3.150116871609974778e-01 -3.535774674164664511e-01 -2.013378480962605965e-01 9.064200119856373212e-04 1.171789657925797618e-01 2.155459127067533009e-01 -2.267159877903706516e-02
-9.838424352863150979e-02 2.392293655365557714e-01 6.012723192696517449e-01 6.522587033698704073e-02 5.126115911074745624e-01 1.000000000000000000e+00 1.957923732393614391e-01 5.424827319761601485e-01 7.473125133916221907e-01 1.330771816480338411e-02 1.627274052870866239e-01 2.481323967865605717e-01 1.579830774668219695e-01 -5.676554399933472078e-02 -4.636441267849637782e-02 -5.077598965894480725e-03 8.688858491040515886e-02 2.549048542911386828e-01 8.843332788214908202e-02 2.182340281868923038e-01 1.887418305442182531e-01 4.217548678581731214e-02 1.939876718863457793e-03 1.249606962517067488e-01 -3.534330988290727144e-02 1.723207784805143306e-01 -4.334959197456272895e-02 -1.150909342244888778e-01 1.707496893211325473e-01 -1.955845310546400762e-01 -8.431977382810054711e-02 -1.329388402538300151e-01 -1.583864028184146788e-01 5.788526648897458077e-02 -4.785824428391903529e-02 3.178452276480795424e-01 -4.394350966967416894e-02 -1.125408011868317543e-01 -2.151515790916587109e-02 1.458659742688783907e-02 -2.745390167103985146e-02 2.423450084087267961e-02 1.274163658271204418e-02 -1.851666169833308395e-01 6.593394635163343787e-02 -2.709230024693561334e-01 -2.893731636284719855e-01 -1.594891514889411888e-01 5.608348482520895129e-01 4.778001247728456968e-02 -1.613182673109616327e-01 4.070269924283089757e-01 7.849912548363696674e-02 1.126875466964895323e-01 7.318220408632224450e-01 7.908188559055346900e-01 3.085629374601193131e-01 6.510664754092171380e-01 8.725257044631952799e-03 2.097498288620448792e-01 7.723552788215423681e-02 1.266387587832561723e-01 6.488559334124487099e-02 8.797623028972377524e-02 8.906362528446003235e-02 3.044421038729596199e-03 -8.788143433959198780e-02 1.019073946531736108e-01 1.270630148247891833e-01 2.442399579590354419e-01 2.505563594239946790e-01 -4.572864247026712375e-02 -9.872652893232476690e-03 -5.544919441730086079e-02 1.937400705311280724e-01 1.128100854982432705e-01 1.691603437139013455e-01 -1.102627089042530484e-01 1.558133109082682488e-01 -1.115733278803879291e-01 4.286456655144280092e-02 -2.078126980517519193e-03 -7.907783560115831667e-02 -2.875719155651177555e-02 -6.905937155700698007e-03 -3.037559286878191989e-01 1.169550941278415732e-02 -2.152338366819833704e-01 2.986393026138641216e-01 -1.028374673029660152e-01 -2.368117063201627681e-01 -1.253835816484572541e-01 -5.470418656462962964e-02 -4.518902194741720307e-02 -1.343057186634424027e-01 -1.746292164443103700e-01 -1.935468534757042169e-01 -1.008150305811169600e-01 4.734296254137624338e-01 1.364870254139051997e-01
1.026413557385555259e-01 3.485519681851294571e-01 2.360540020515732307e-01 2.614734627621889684e-01 9.799679398194728608e-02 1.957923732393614391e-01 1.000000000000000000e+00 3.364177140195821480e-01 1.399490697870883205e-01 1.451953897695222422e-02 4.889692783649753072e-02 -4.477034324957650246e-02 -2.081285372282238311e-01 -1.178726434011933832e-01 -1.345242839264454981e-01 4.189551626033155562e-01 -2.093337094555612066e-01 1.438599347905663850e-01 -1.078875545326760665e-01 1.700010856891673583e-01 7.981072695540594383e-03 -1.556421215156136850e-01 -1.543115069630318116e-02 -6.789917060674392768e-02 1.301605477937091693e-01 -6.496573901608329593e-02 -1.567569171871969341e-02 -1.718144016199711632e-01 -3.481756377140344388e-02 -2.169578310862885495e-01 -2.421440071462145280e-02 2.392951726731053774e-01 3.453975737748299270e-03 -1.595651083719984431e-01 -4.345854571340323352e-02 5.362924462630612454e-02 -1.113204608546864011e-01 7.723777000338466481e-02 4.148286834073656310e-02 3.162864064984990953e-01 -3.059808950670029823e-02 9.427710386373482077e-02 -9.879028324201406808e-02 -1.980386250012524385e-01 9.969523888949580193e-02 -1.530756171664016951e-01 -1.935648253235179583e-01 1.778935317604891930e-02 2.739273648576395770e-01 -1.129620641588363894e-01 7.613689168484925884e-02 3.340102091080935365e-01 6.176757714117132592e-01 1.987833891986181545e-01 7.197694699779891292e-02 2.484612008830950347e-01 3.310642424872851652e-01 1.968220409068124621e-01 -9.632665917047454618e-02 -1.663390742926203758e-01 -1.280932145035385272e-01 -1.793117588301944287e-01 -1.560298066989704857e-01 -8.236946013445171910e-02 -1.037499556238543653e-02 -1.476832632773056597e-01 2.109229046526838458e-01 -1.325443722535602775e-01 -6.524287367621380007e-02 3.393697592268200836e-02 3.601402830703064745e-02 -8.189701954256604910e-02 3.722302420411915166e-03 1.951948825357429640e-01 -1.316249285611628128e-01 -9.723467321883685899e-02 3.297264090494427674e-02 -1.437877218161562332e-01 6.953653888362783253e-02 1.805793486083080435e-01 -7.969117453139179519e-02 -1.972867198741168338e-01 6.959123643572634466e-02 -5.408170161846793250e-03 4.498727467131821006e-02 -1.658665640509831840e-01 -4.593805115613804058e-02 -1.145153857370007633e-01 1.548681830796983794e-01 -1.395058486112785989e-01 -7.579328325175255232e-02 1.003377528630444437e-01 6.919157572497013076e-02 -1.570685418969460789e-01 -3.383351913419716667e-02 -9.103031144113300777e-02 -2.676134094168561295e-02 9.766366055979622263e-03 2.772131931731864340e-01 -5.110644934646524362e-02
-2.097579114688925273e-01 6.313291349184478873e-01 6.228528246795140833e-01 3.227159134431483167e-01 6.062954432295235563e-01 5.424827319761601485e-01 3.364177140195821480e-01 1.000000000000000000e+00 6.230447260237708118e-01 -2.068720972842218175e-01 4.567742064652113160e-02 8.789892572440728691e-02 -1.892708485016156988e-02 -6.822448387720508878e-02 -1.039624060139845707e-01 2.890714587978481798e-01 1.035427503040763503e-01 5.094167199009242974e-01 1.629707824571959007e-01 2.608425355135227663e-01 3.595408850680010260e-01 1.148726485606149129e-02 1.572379585887292638e-02 -4.615534582926895946e-02 -2.122211260141101674e-01 -1.895159950562178355e-02 -4.298232188988709845e-02 -1.858991288430853484e-01 5.882478196447921137e-02 -2.591126036780580510e-01 -1.575367496005095902e-01 -2.550795810960797549e-01 -2.361459137086751592e-01 2.342638301663559769e-03 -9.313683696501189047e-02 1.973845433683829587e-01 -1.377578150197696638e-01 -2.822933785619940461e-01 -2.271914661476034658e-01 -1.984290757583755949e-01 -1.039142323076332058e-01 -1.423584733341425879e-01 -1.229741815631236329e-01 -1.397555319917597738e-01 3.593321749702708956e-02 -2.479944915784143833e-01 -2.183359588123847117e-01 -1.867839054039394930e-01 2.701553574891746301e-01 -4.470995733206444694e-02 -2.532353202414950877e-01 7.187727599086127794e-01 3.369432195369193028e-01 3.324368645165410308e-01 5.904417444319243202e-01 5.232211840045482010e-01 6.795965183681396127e-01 7.411804757365841878e-01 -2.763528345924491370e-01 4.077888754510729241e-02 -5.097351100727525591e-02 -5.172558340393491882e-03 -7.368816540639618051e-02 1.595490293545517510e-02 8.834116474356719373e-02 -7.357870830258911310e-02 -1.724287190196474306e-01 1.661207675198015932e-01 1.169369402098734689e-01 4.246539083340136189e-01 3.376854988512077438e-01 -9.239484132116214388e-02 -1.002947250916025324e-02 -1.453789959616719196e-01 1.911782705097488377e-01 -1.019398196056232470e-01 1.093510035071277170e-01 -1.923726803535396324e-01 1.223002648066220666e-01 -2.254801635367941759e-01 -1.354815489360927938e-01 -1.479990917856036370e-01 -5.879606265550055971e-02 -4.350095645693840413e-02 4.295466564775578949e-02 -2.131986681924816773e-01 -9.476130390710547913e-02 -2.064876710369024093e-01 2.164416065402270661e-01 -1.716182148642745597e-01 -3.357014831925320686e-01 -2.861166834542199222e-01 -2.450971879384436225e-01 -1.522361164986118787e-01 -2.765052490596529022e-01 -5.269616213951588274e-02 -1.646167543529825084e-01 -1.330504057932436757e-01 2.377746848394465262e-01 2.679208501289213895e-02
-3.668230087886797941e-01 2.906087971087724098e-01 4.485180265636655728e-01 1.815291147745970723e-01 5.580168631531304824e-01 7.473125133916221907e-01 1.399490697870883205e-01 6.230447260237708118e-01 1.000000000000000000e+00 7.728717828886857988e-02 1.537960367147187535e-01 2.080794268036331440e-01 4.564063172888666725e-02 -5.929131853846374839e-02 -8.856394225903425899e-02 -1.114225712172359078e-01 1.101016566224035237e-01 3.741763813671192263e-01 1.514213222819897064e-01 2.569911308562933261e-01 2.523337109703568948e-01 3.576741542230207384e-03 4.416510704472833421e-02 2.548789623947015151e-02 -1.274055059957615033e-01 -8.129168016471444158e-02 6.286086633019190425e-04 -2.555235424823451007e-01 3.970997416307217587e-02 -1.330051472059677331e-01 -9.465175302406801661e-02 -1.904334786858896400e-01 -1.215443577033739897e-01 3.949107522940236564e-02 -1.055526775607316670e-01 4.388358341119599770e-01 -2.773795645047151190e-02 -1.806904705235055919e-01 -6.023687565580593262e-02 -9.785804688540165885e-02 -2.818626021759599101e-02 -6.021187275393859173e-02 -3.955503690037574793e-02 -1.267115037902133423e-01 4.558720367999976458e-02 -1.636535428026109629e-01 -1.647403521821904637e-01 -1.052605514631840683e-01 4.450061839507126193e-01 8.224365923074107576e-02 -2.939466451469757713e-01 3.527740209626137879e-01 1.418573183805808546e-01 2.315301548383472685e-01 6.213684938688608383e-01 6.561359779493159960e-01 3.814027658301114565e-01 8.093111922955765758e-01 -1.733890371636797971e-04 8.919394673592173639e-02 4.631733965309842854e-02 8.057132406999573636e-04 8.830469778119284796e-03 8.798358090873420467e-02 1.072016894254534808e-01 -3.768235680556879241e-02 -6.191964521095937729e-02 1.249386463321295881e-01 7.739040040785734320e-02 2.830225698203178153e-01 2.435620826502245539e-01 -7.263312568498103694e-02 1.432364929111958410e-02 7.597597786226274741e-02 2.333226910654164210e-01 -7.037066750103414259e-02 8.164663565407893203e-03 -7.846688907485117881e-02 2.412703121557137342e-01 -1.154962510465489395e-01 -1.337301497284682505e-01 -6.894836149204212894e-02 -1.168405172774800022e-01 -1.042804315541785293e-01 3.514781025235761552e-02 -2.051824337716450231e-01 -9.030963332897245718e-03 -1.710539459451209665e-01 3.543531325029283807e-01 -1.160774885944871326e-01 -2.260535894740914320e-01 -1.413650424941272424e-02 -1.126876995669519148e-02 -4.650407390416876063e-02 -1.780107256199476851e-01 -8.132661526377825412e-02 -1.216965139224745196e-01 -8.874301455732228061e-02 3.669001445288387342e-01 1.374369815027508823e-01
-8.727320113780988320e-02 -2.721865843515440253e-01 -1.737316890237893818e-01 -2.530355066954112497e-01 -2.222650121856001582e-01 1.330771816480338411e-02 1.451953897695222422e-02 -2.068720972842218175e-01 7.728717828886857988e-02 1.000000000000000000e+00 5.517252829064543951e-01 3.068661045991045722e-01 6.648066940096428179e-02 -3.026723678253830929e-01 -2.567433298832769717e-01 -1.835944637374212485e-01 -3.233757891572205945e-01 -3.285469888561322604e-01 -3.593827569775616126e-01 -1.536367262433258052e-01 -3.371702738550355627e-01 -2.796266284662241586e-01 -3.609444231122952984e-01 1.300852488908613713e-01 3.841157192904990358e-01 -5.189389590913121020e-02 -1.992919458659211662e-01 -3.065019523633111809e-01 -1.494248350496199529e-01 -2.153051993127051700e-01 1.821627884060128544e-01 8.165802446645255286e-02 -2.824111932538352077e-02 -1.477783788402993459e-01 -3.777969719962611661e-01 1.975613700019222818e-01 6.677299093546963660e-02 2.914266002371235231e-01 2.388757092969399087e-01 3.358780161278083209e-01 1.399456138853758524e-01 1.948893904240451835e-01 -9.332102096366752531e-02 4.375290762959731933e-02 -8.737604565960634118e-02 -2.600633184126865949e-01 -2.875063255789249150e-01 -2.355242030468216452e-01 1.675307563318391424e-01 5.180187944414234302e-02 -7.338730227414488883e-02 -2.918227424327238251e-01 -1.740147870646975015e-01 -2.225818223853312516e-01 -8.438650160095823027e-02 -4.912249538283175454e-02 -2.641560035802754114e-01 -1.211750150021638633e-01 7.696063936222088397e-01 2.255189333720128142e-01 2.458314469251690337e-01 7.053564584804755677e-02 -2.179394912431911746e-01 -2.655461719209740168e-01 -3.178131814164956159e-01 -2.405225492695949874e-01 2.631378650266728569e-01 -4.324406972837522845e-01 -3.473351490547412213e-01 -3.699096745405925368e-01 -3.741891278339601890e-01 -2.989351395101182418e-01 -3.702286278937539921e-01 4.926197408218648266e-01 -5.079316178469833916e-03 1.375474515628468675e-01 -2.037817756417346082e-01 -2.007055897341381290e-01 1.754682668181679062e-01 4.590289596181772180e-02 -2.041630894118982020e-01 -1.776504532827939470e-03 -6.388032571267625304e-02 -3.506219720645952775e-01 -2.256340113148231352e-01 -3.523325406983672248e-01 -6.483986939875312737e-03 -1.812606870542157744e-01 -3.644990206969403457e-02 1.558670193187617348e-01 -4.405668634067543693e-02 4.840402009872387112e-01 3.479183190953270000e-01 1.988918717411189419e-01 8.181157987813959809e-02 5.114708604609054937e-02 -2.359478099953075669e-01 -3.140492231982880966e-01 6.407105766190024365e-02 2.321525194521640093e-02
-1.242506416916985962e-01 2.285879122508858649e-02 -2.803752914039406990e-02 6.437157423425846070e-02 6.957012361863043615e-02 1.627274052870866239e-01 4.889692783649753072e-02 4.567742064652113160e-02 1.537960367147187535e-01 5.517252829064543951e-01 1.000000000000000000e+00 6.129844115013868278e-01 3.519043222995064668e-01 -6.874643700239976840e-02 1.319063319357260088e-02 -1.632470874902631763e-01 -1.485553726714088085e-01 -1.778394582696873807e-03 -2.078599399762223188e-01 2.642531184432214686e-02 -1.302344489379995418e-01 -1.696599909696222541e-01 -1.915894595494456731e-01 1.712715748316342990e-01 2.849182166703497776e-01 1.886322301402236779e-01 -1.546061450986613850e-01 -2.156255099079985027e-01 -4.777981061994419909e-02 -9.646739824092014082e-02 1.136058090436182083e-01 1.860458923424323785e-01 3.449323624968594210e-02 -4.273098040073131793e-02 -2.734451378818682499e-01 3.043674684111396522e-01 -3.181451128700671371e-02 7.727247373799657482e-02 1.375744662975678378e-01 1.748563022763468255e-01 1.838740994202787971e-01 2.764847323704792536e-03 1.156342338160036010e-01 -3.400190166233036521e-02 1.154374255439494928e-01 -2.157351430553070826e-01 -2.128258767523887318e-01 -9.300069780082736992e-02 3.082725122484594182e-01 7.518693480522135875e-02 -9.312644119630851536e-02 -5.808037423237216723e-02 -7.247094719474256319e-02 8.974877946842282905e-02 6.182882279007120840e-02 -3.982765226933139037e-03 5.500225137377290352e-02 -4.648854969590187009e-04 3.624818929489622144e-01 5.595081484192926391e-01 5.151510587934314822e-01 3.217748048633595759e-01 1.410143726332453197e-02 -9.036055465756004379e-02 -8.287152726818487747e-02 1.171782611410847504e-02 1.708639317383844058e-01 -2.963967699445063664e-01 -1.935977210075488786e-01 -8.846382944577108054e-02 -1.740523538324972030e-01 -2.743653259086714091e-01 -1.848486607311980723e-01 2.005670903767542701e-01 1.376710661769252331e-01 2.077687122258135566e-01 -4.121416009073990833e-02 -5.849512542446645702e-02 2.285666869661529266e-01 1.371024132197956880e-01 -8.079461970978357721e-02 3.603861340465158020e-02 -9.749987103803844923e-02 -3.568342059906707830e-01 -2.263696003982881289e-01 -3.225813381973526295e-01 -3.581445556116792661e-02 -8.056603862531025451e-02 1.151893361908466057e-01 1.344079838851545416e-01 -6.372907793168021418e-02 1.098945974091285471e-01 9.765746118015615485e-02 -7.065164768286799624e-02 -3.794551634817023428e-02 6.900159753299073273e-02 -1.230230499902709440e-01 -1.766345151199182895e-01 1.828953823930498102e-01 9.342975625322658129e-02
-1.755044700093366938e-01 -5.530311595766194965e-02 4.248441216339143151e-02 -3.198528254769518464e-02 6.906967518557437236e-02 2.481323967865605717e-01 -4.477034324957650246e-02 8.789892572440728691e-02 2.080794268036331440e-01 3.068661045991045722e-01 6.129844115013868278e-01 1.000000000000000000e+00 4.598077658386724442e-01 -1.045228564215982398e-01 -8.299554728324888553e-02 -2.044801041421898669e-01 2.059975347051322958e-01 1.957632549567718816e-01 -1.043740331922319436e-02 1.533753417253109208e-01 -4.056074555557431793e-02 6.124542352581389265e-02 -3.199563864994637297e-01 4.583557962101016958e-01 1.653861038432075103e-01 3.810160526651028001e-01 -2.449526066380589284e-01 -1.501268566678178595e-01 1.479555358118391506e-01 -2.294846411906687755e-01 1.720527062915781502e-01 -1.387613658853325549e-01 -1.281543177291469271e-01 1.594310715988308258e-01 -1.497205073025397737e-01 4.734086553487386606e-01 1.090787069299644502e-01 -1.163265645673022819e-02 1.153959831542007014e-01 1.973342949898043153e-01 3.730421687540010911e-01 1.944173423208327145e-01 3.571351455670633834e-01 2.312089430171681836e-01 2.394366544047142886e-01 -2.588411759587803118e-01 -2.893028033704851953e-01 -2.844839410655223833e-01 4.545505187087237609e-01 3.594422606255995856e-01 -2.025664526415553168e-01 -5.960119600283930730e-02 -1.594554127787577991e-01 -1.069836866132541087e-02 1.148986670926367554e-01 5.464943955450439483e-02 -4.149998819373677816e-02 9.223748689674882151e-02 3.110381075253704219e-01 6.605330429416711446e-01 6.927082098553050127e-01 4.468629437336419374e-01 1.785868925559957326e-02 -7.973555936666046340e-02 -9.608339317549617620e-02 -7.248749748179375563e-02 9.940657655729820408e-02 4.596368219725908283e-02 3.247980463738074641e-02 1.093178709630124174e-01 -4.417701599520790917e-02 -1.428614934141054886e-02 -2.463288824597085758e-01 1.331869952894772502e-01 4.463701815698357112e-01 3.634140054374511153e-01 4.599899308405135112e-02 -2.072676853606773839e-01 2.218790888414682583e-01 -7.127341646078030890e-02 7.056471118514602570e-02 2.604623397668339724e-01 1.352397176621582819e-01 -1.164506220798890018e-01 -1.929191412191225419e-01 -2.843464629393254728e-01 3.821171722707553814e-02 -1.905004966660043819e-01 3.293844849846795375e-01 3.509035325667647087e-01 -1.534479200023178558e-01 -1.370834999115332943e-02 1.122517777893719954e-01 2.033915948379141359e-01 2.027359075572422176e-01 2.325497452577354740e-01 -1.836658855638556020e-01 -2.242419565448317553e-01 3.755133501173775756e-01 3.642953940641506239e-01
-3.487637788467559934e-03 -1.135854110018926777e-01 2.546614637154382549e-02 1.484829957797874703e-02 1.643268863538351887e-01 1.579830774668219695e-01 -2.081285372282238311e-01 -1.892708485016156988e-02 4.564063172888666725e-02 6.648066940096428179e-02 3.519043222995064668e-01 4.598077658386724442e-01 1.000000000000000000e+00 2.818012222735591932e-01 3.365013757994878008e-01 -2.418338724235557791e-01 3.286821263853382802e-01 1.049305335213685936e-01 2.657882428728612356e-01 2.240688377451824920e-01 2.256040390113983052e-01 1.930756090428353555e-01 4.680104454185471385e-02 2.371362522528009942e-01 -1.251150419687085957e-01 4.099874519741408263e-01 1.444758418905282560e-01 3.394971691292623661e-01 4.258341567572654363e-01 1.492325362534575039e-01 -2.369696192331813625e-02 -1.233865733118364311e-01 2.311863437339407249e-03 2.610794731283373471e-01 2.270987405371219514e-01 5.523650694565055558e-02 1.108068145636835894e-01 -1.558691666679725973e-01 8.163118237138258793e-02 -1.139080533996568029e-01 1.916967378945021172e-01 6.808593087908541841e-02 3.656867036230438406e-01 2.243829802988241140e-01 4.218616544214311981e-01 6.290577602678525115e-02 1.282029551922133082e-01 5.772076015353100331e-02 1.602399968905382499e-01 2.241288854200755576e-01 -1.493858673684847760e-01 -4.358724326024836226e-02 -1.181019016642408381e-01 9.422005141959019503e-02 1.700992030767233543e-01 6.614313552088837977e-02 -9.501652361135966285e-02 5.728268973450628687e-02 1.685934691346685221e-01 5.867474834902707270e-01 5.354686253003111407e-01 8.594667867743213119e-01 4.521919220992134392e-01 2.390303142128795133e-01 2.292836930632149162e-01 3.399356624410191929e-01 -1.834975093931635881e-01 2.766646518538367627e-01 2.722556480899741005e-01 1.322500721388907563e-01 2.068582382770901007e-01 1.659841728941967021e-01 4.842154127254398588e-02 -1.767633089909560196e-01 2.560185667670990539e-01 2.804343699665167722e-01 3.564266097975045122e-01 1.118050495429009084e-01 8.547579782167559481e-02 -7.202298423635332403e-02 2.221052287125753755e-01 2.102824431366097646e-01 1.900565595034877930e-01 1.617648306586140505e-01 1.011862113389933593e-01 6.464734563661977962e-02 1.064024653185874636e-01 8.189325868783328688e-02 1.084396105611491745e-01 1.106176207725818039e-01 -7.643773279320294212e-02 -1.711743168549502703e-01 5.587381223377753392e-02 -3.808970038846974659e-02 6.215217282067126564e-02 1.694146905694342842e-01 1.246981661250108758e-01 7.465924929177578107e-02 1.056787202025923217e-01 1.564566672527792912e-01
-8.901827533946533866e-02 2.444621572938071585e-02 -1.356998586596002698e-01 3.068886371981067174e-01 1.455034357793321409e-01 -5.676554399933472078e-02 -1.178726434011933832e-01 -6.822448387720508878e-02 -5.929131853846374839e-02 -3.026723678253830929e-01 -6.874643700239976840e-02 -1.045228564215982398e-01 2.818012222735591932e-01 1.000000000000000000e+00 7.706183099888416210e-01 -3.114770851697004073e-01 3.530113630436899630e-01 2.325615168845654446e-01 6.228580492844566496e-01 1.289138931314897929e-01 4.999205296600188198e-01 1.618035790636183913e-01 7.253990084192414312e-01 -5.600744672599866636e-02 -2.192390216317415264e-01 1.109015124701080712e-01 5.241184898442386997e-01 4.934434532401985596e-01 3.669988753457578690e-01 6.700970231308560621e-01 -3.243217745008558639e-01 1.492945534117662842e-01 2.366402296041172637e-01 1.716049851753269073e-01 4.050989814140060763e-01 -1.273706842440231746e-01 7.240510197469272879e-02 -3.605228646408860649e-01 -2.001758491067563150e-01 -3.852883875862927465e-01 -2.061429592361233576e-01 -1.189275736397755329e-01 1.369051639251744612e-01 9.163704021538732203e-02 2.748455736117324522e-01 5.677970157490442871e-01 5.557836185086553193e-01 5.970384755910803642e-01 -2.053808357870770263e-01 -7.060195065473084952e-02 -4.601628570044453970e-02 -7.526743348348510776e-02 6.713674608810821232e-02 3.457436109716007788e-01 -4.298239134680915952e-02 -8.157502851081456507e-02 1.624510069668694823e-01 2.658177511427774545e-03 -2.670486831131122507e-01 5.367479098326623926e-02 5.197543457759848037e-03 1.793225802628111987e-01 7.496328953026930586e-01 6.886298299914255239e-01 7.908514623790380282e-01 7.744315318374221935e-01 -1.844292049414651968e-01 4.196301421734260906e-01 3.698097177708901118e-01 1.798169605024045326e-01 4.095165946875959917e-01 2.470580357772318991e-01 6.624344066688215849e-01 -2.526380908487628751e-01 1.072122883749088706e-01 5.716501195418502435e-02 4.308462616281895086e-01 6.254108146571049076e-01 -3.016400489088628678e-01 8.992388654773883494e-02 2.183062181593229123e-01 -7.397866536131193771e-02 -2.240083468750344101e-02 3.107323337124517360e-01 4.450367720846545860e-01 4.641348284947336422e-01 1.934609699217743339e-01 4.695641096955542881e-01 -1.683660672318179272e-02 -1.702996187207360956e-01 2.794187197288283339e-02 -3.270630361515126650e-01 -2.009776761746782936e-01 -1.769730057798891421e-01 -6.859755955892377077e-02 1.070440458940595807e-01 6.301239684318913348e-01 5.831847361838896626e-01 -2.226205582574071196e-01 -9.226794237351979011e-02
-2.175485353798204714e-03 2.790694552303721668e-02 -9.950854094504370251e-02 3.080458625038832166e-01 1.297277881541924194e-01 -4.636441267849637782e-02 -1.345242839264454981e-01 -1.039624060139845707e-01 -8.856394225903425899e-02 -2.567433298832769717e-01 1.319063319357260088e-02 -8.299554728324888553e-02 3.365013757994878008e-01 7.706183099888416210e-01 1.000000000000000000e+00 -2.537009226750186475e-01 2.317420315190612812e-01 1.475611888695005647e-01 4.069476153563502674e-01 1.585374698542213745e-01 5.102420232797280075e-01 1.336342639856644976e-01 7.468689506981623927e-01 -5.829747550863251943e-02 -1.704337276898772180e-01 1.636743096130621467e-01 5.417246558524326794e-01 5.301493868323814418e-01 3.674256781702911479e-01 7.342143543532316796e-01 -2.792764540706650922e-01 2.217883215810715347e-01 3.391169354860223417e-01 7.646048043153245988e-02 4.189932513674917147e-01 -1.496379062266428583e-01 -3.603252313988782735e-02 -3.204429857510055490e-01 -1.645585217526101540e-01 -3.318457810019667109e-01 -2.931115169068459481e-01 -1.303576167725812029e-01 1.525296576013304151e-01 -4.115325969926304089e-02 1.902429154908127917e-01 5.556339522744470072e-01 6.098867106991046061e-01 6.451106607386782876e-01 -2.063859001573158936e-01 -1.638533431139761187e-01 1.025730223437564537e-01 -6.156545001758922941e-02 8.198419006226084771e-02 3.075839284347913760e-01 -5.252600737395460295e-02 -5.190725653330798689e-02 1.245965979067053808e-01 -5.157355963578820479e-02 -2.396111694342799303e-01 6.990089696184560719e-02 2.453267210995052627e-02 2.456129644152155456e-01 7.740059443326645638e-01 6.181909636828660792e-01 7.599136251296828570e-01 9.064942168676839440e-01 -1.940186797468698432e-01 2.667030911147417749e-01 2.482978081004302562e-01 6.800255361120151332e-02 4.556293710847522105e-01 2.219562406824786283e-01 6.780051985541649673e-01 -2.369332225253764634e-01 6.235497998327241970e-02 7.225747169954799265e-02 4.776574903369875669e-01 7.191745341190206586e-01 -2.239098560064713694e-01 2.178010978304321110e-01 1.965751241860448362e-01 -1.243675229031690060e-01 -9.519904986389771118e-02 2.868176642158945522e-01 4.433745626018294472e-01 5.134566965797309201e-01 1.126296883035096813e-01 5.260488634461297774e-01 -4.796300841191376840e-03 -2.089283183240509545e-01 1.506361424677237770e-01 -3.081031461765608714e-01 -1.546088139037100628e-01 -2.440139427127510918e-01 -1.099054168038092472e-01 1.602018295692644867e-02 6.306931025391627754e-01 6.362747692972333668e-01 -2.201052622329379982e-01 -1.450375670949354545e-01
