1.000000000000000000e+00 -1.600791375095023950e-01 2.332268455190008305e-01 -2.127602361871697989e-01 -3.260136362308714841e-01 7.834743677668976058e-02 1.871405612621996339e-01 1.378049806858470776e-02 -1.928315634275670071e-02 -7.088013437510640169e-02 -1.495682360811625145e-01 -4.867809766132499827e-02 -8.940811166505374663e-02 -2.947356539169185274e-01 -2.195894658202524052e-01 1.764518143927492067e-01 -7.096827767412784704e-02 -1.096688593380402976e-01 -1.147569998413921349e-01 -3.452342748630889135e-02 -1.199177773070732311e-01 -1.773707673689776387e-01 -1.873118623858175402e-01 -8.130011997660556433e-02 -1.462660166876544598e-01 -2.317619694025202515e-01 -2.266632792840199417e-01 -3.350499225287802418e-01 -7.680234163534725711e-02 -3.224956255918887127e-01 6.893298059383952403e-02 1.724193424093731219e-01 1.144652294316331059e-01 -2.046689520447456112e-01 -2.112669618198325661e-01 -1.863976673467863110e-01 -3.955010489471662977e-02 8.442685366970620331e-02 -8.796565861493074040e-03 -3.772996716724780902e-02 3.384842206137689269e-02 -2.067615241632270728e-01 -9.293344207747074315e-02 -4.784534023428583388e-02 -1.307221779920868798e-01 -2.251841511025261811e-01 -2.499600735411123265e-01 -2.045945183691840752e-01 1.260406067720162004e-01 3.211403255883226327e-03 6.029594069666636136e-01 4.701506198767078926e-02 4.728781941067856064e-03 -2.326587445133188325e-01 -7.104097096022109203e-02 2.396221650625423860e-01 1.493202366871627107e-01 -8.943059180726461999e-02 -1.667903450629782125e-01 -2.168277085695421991e-01 -2.443466018510100646e-01 -2.118774466560365832e-01 -2.601955809588163970e-01 -3.730305717714233471e-01 -2.300280479779366061e-01 -2.621986352585987112e-01 -1.161064606093306292e-02 -1.633097463404073191e-01 -2.557023188679419246e-01 -1.602689590227262817e-01 -1.969729381505636590e-01 -2.425027799763877501e-01 -2.391689898486894228e-01 -1.535057416562034260e-01 -1.868761876615012141e-01 -2.949088901721256262e-01 -1.275974351470525736e-01 -2.639637416368050271e-01 8.432935553146948815e-02 1.660999388444553970e-01 -1.039011745464150094e-01 -1.892276879300894277e-01 -6.426084944945607835e-02 -5.934250263882762805e-02 -1.953255323704870816e-01 -5.326138841643851540e-02 4.955557625340439344e-03 -1.678783381813953590e-01 -5.941617633445417379e-02 -5.940855730376307098e-02 8.386083151536095903e-02 -1.758205988348692517e-01 -1.195788009457250251e-01 -1.905622652069881295e-01 -2.044744936383814660e-01 -2.869870717760711690e-02 -2.415435260732622658e-01 -1.370188604482428518e-01 1.915771329111380095e-01 7.002784418398388944e-02
-1.600791375095023950e-01 1.000000000000000000e+00 4.680468892242978241e-01 6.168401985718208191e-01 6.440052161733094138e-01 3.405695837840933549e-01 1.992531436789620469e-01 5.170164529874918813e-01 2.636894177885405477e-01 1.558725603953865779e-01 -4.378008788322572398e-02 -1.174129503855620565e-01 -2.321765072132310828e-02 1.255862290205195797e-01 2.916563701118107463e-02 4.366172640392697590e-01 -1.423486774630324664e-02 2.262496880856077475e-01 6.228101187460099303e-02 8.274290104531448198e-02 -5.515424800561427587e-02 -9.519024919783318495e-02 -4.483925375143888760e-03 -5.478795983305004107e-03 1.161149368326819115e-01 -1.126561314794736895e-01 1.043222070040383809e-01 1.389831236070572240e-01 -5.724915117481338585e-03 -1.067956654649498353e-03 4.474086167932649072e-02 -2.026715024325977943e-01 3.002458505719978257e-02 1.170771595511859026e-01 6.715211919943231411e-02 8.102992365394133534e-02 -7.832575488218858351e-02 -5.574073936320873834e-02 8.156585037633151680e-02 7.095926062140725521e-02 7.029771609434803947e-02 2.186349731845567412e-03 -8.279342423182477206e-02 1.002743798683430193e-01 1.479232317773608307e-01 1.445226183368090167e-01 -9.321971086237614348e-03 9.194340642291544408e-02 1.106357645277580293e-01 1.099177726708222280e-01 -8.420582459370622164e-02 6.878651117068971255e-01 4.792081424245920318e-01 6.828950338676348375e-01 5.518413839606033378e-01 1.419723136173092204e-01 4.368804135560577784e-01 3.039305825091451752e-01 1.391846888315979025e-01 -1.381909760048445623e-01 -4.835864560914528154e-02 1.680945522727368344e-02 1.582938076448944104e-02 1.541711640670721806e-01 1.003367112122874466e-01 5.136681555723907056e-02 1.427128743026122304e-01 -3.309795745426001579e-02 1.187762053669036699e-01 1.125492632389637204e-01 2.869553172896202597e-02 2.137163015933440241e-02 -1.111589914189705687e-02 1.709244404688270713e-01 -7.230480311801695814e-02 2.409128552250069943e-02 -1.473312254577851393e-02 8.653655256159453746e-02 2.136134075819461076e-02 -2.618202177139377085e-01 -1.203937332064188154e-01 -2.843084154905605333e-03 4.054381047514785813e-02 -6.459036055979924806e-02 3.465557166860997601e-02 -1.592860865159725081e-01 -1.110409838658074633e-01 1.755381628095064872e-01 1.363574194421845187e-01 -3.228735911074160497e-02 -7.525236428015196453e-04 5.662804120509341149e-02 1.390262334601910510e-01 7.759310521316151177e-02 -9.915568258774627719e-02 9.542153775904468893e-02 1.568521959359262252e-01 6.672291599986240884e-02 1.572687149661607664e-01 7.267484606423144089e-02
2.332268455190008305e-01 4.680468892242978241e-01 1.000000000000000000e+00 1.773744826383091833e-01 2.779741067762528939e-01 6.027049023726147592e-01 4.442818002816698031e-01 5.102946270774828541e-01 5.314847914315943278e-01 1.375057294995107593e-01 1.158026511730462539e-02 -8.674549590587674053e-02 3.963414165505199649e-02 -2.099206885915955861e-02 1.480109464146876080e-02 2.733348644698110341e-01 -1.042218502761117771e-01 6.269066134781804689e-02 -1.017645287916833230e-01 1.592451149019588064e-01 -2.315253418927610413e-02 -1.707657367358932921e-01 -1.249434915399880441e-01 -1.130999355988302479e-01 8.542826460000500777e-02 -1.475196907710689120e-01 -5.907913221133748172e-02 -1.605972836260374514e-01 4.631184749677687285e-02 -2.638617895741030006e-01 1.043735242017962833e-01 -7.141426650783486152e-02 3.379751263303088643e-02 -1.545863150063004898e-01 -8.899005516110930492e-02 9.454209010985625827e-02 -8.456084836448303499e-02 7.343500737117585053e-02 4.171497169541590888e-02 -5.818313567944863318e-03 -8.025857069387161771e-03 -3.396021340055052629e-02 -1.561545656282754824e-01 -1.786649058212523957e-03 6.755862496709710840e-02 -4.827291259200112289e-02 -1.930634492831418969e-01 -3.814617349093179371e-02 3.415466245414875424e-01 1.870419134368017100e-01 1.731493676040072038e-01 6.294377811508429232e-01 2.607566898908491582e-01 2.827933126413587073e-01 5.535217177693474433e-01 5.445463082342194561e-01 5.108442739876098981e-01 4.522720422874459412e-01 1.259305843883793963e-01 -1.356046091471281301e-01 -1.798801965180105156e-01 -8.302794749707577415e-02 -5.654236774804626692e-02 -3.880980154776429020e-02 2.144464562718134334e-02 1.381063840806319790e-02 2.817101476670234028e-01 -2.401903648780552292e-01 -1.100546875910023564e-01 -7.525662977142896781e-02 2.240884064230336259e-02 -1.058283509500924091e-01 -2.065440261520135601e-01 1.026334129377308585e-01 -1.383263534494498237e-01 -1.111520974481862989e-01 5.411406581248978664e-02 -1.226530408231948366e-01 8.866588664271682352e-02 -4.662097773786511024e-02 -1.469855949415488083e-01 -1.718903835639767064e-01 -3.632302097181214912e-02 -1.215452552667129066e-01 -1.036811689826712540e-01 -2.338948606105264172e-01 -2.016264322378499493e-02 1.503815669184361062e-02 1.772917408503141001e-01 7.304047988986026030e-03 9.560699307845463291e-02 4.154977061180026993e-02 1.404679810609331114e-01 -9.063270240286131277e-03 -2.293549289512113176e-01 7.056286299619504709e-02 -3.407998508070017585e-02 3.194374603935457718e-02 4.726108118423943960e-01 2.831499480901558674e-01
-2.127602361871697989e-01 6.168401985718208191e-01 1.773744826383091833e-01 1.000000000000000000e+00 6.996370687434587676e-01 1.979241521740423004e-01 -1.651662812086962875e-02 4.996330476485561500e-01 2.279937089020471208e-01 1.940991765451983153e-01 3.588882391740603334e-02 -9.443467256839396806e-02 -3.632901595972091308e-02 1.836303714415246924e-01 1.220380512713908350e-01 3.507805491781825213e-01 3.312402677388728151e-02 2.926573462858048091e-01 1.632556641950424769e-01 1.176884755946369515e-01 2.461053309574160602e-02 -1.035187524192775904e-01 -3.182642237127430995e-02 4.249734033936754252e-02 2.119076781274204790e-01 -1.291967448612090230e-01 2.915082121025272532e-03 1.604086367129001767e-01 1.033416975945808391e-02 5.739449013457141591e-02 1.613500862213380627e-01 -1.309051235352865217e-01 3.834303028783057204e-02 1.780619016966427104e-01 3.175835102480786126e-02 1.339869945692865050e-01 -1.565495833475394338e-01 4.174740230728769819e-02 1.531994384190116798e-01 -1.229447317774508795e-02 1.198031698472137863e-01 1.645442946990860744e-01 -1.403147358498987030e-01 1.868428714870222773e-01 2.721189279941464978e-01 4.113721914740740837e-02 -5.063304914167639226e-02 1.950543591235816970e-02 -1.971347231084690996e-02 1.243955574293426763e-01 -1.181862726458638851e-01 4.715075253067589900e-01 4.509415059042587437e-01 7.296333163133489341e-01 4.141603776028087158e-01 -3.125332315821279048e-03 3.437351359040596299e-01 2.978799876474106934e-01 1.562324965560537848e-01 -9.957623105275920095e-02 -2.432434359944622357e-02 7.636926970545139526e-02 4.292802558625229137e-02 2.523551510980113211e-01 2.268839905214696806e-01 1.519456046979844599e-01 6.651776171395833159e-02 7.657180226718260374e-02 1.927119917536872229e-01 1.627391008087149260e-01 1.129607267834992074e-01 5.934935648366560651e-02 -1.751373574371261829e-02 1.214241176593564703e-01 -3.101182655559588455e-02 4.614169037922299238e-02 -1.487735986721505643e-02 8.112012189087815239e-02 1.350668819321250713e-01 -1.360552120373798302e-01 -9.579747351751424778e-02 -1.666205629892029277e-02 4.662621939332665943e-02 4.108502094830055254e-03 -5.512757101228418083e-03 -1.309730780209336920e-01 -1.766323567745253509e-01 1.304359681478508004e-01 8.519463425273733626e-02 -9.558407326443973950e-02 4.848073260425486003e-02 4.422339398809983779e-02 8.571238329890591701e-02 5.599904409906544117e-02 -7.433170452026816033e-02 1.751772128020395447e-01 1.521326006624078644e-02 -1.682003116026936293e-02 -1.431782769817538901e-02 -4.822383530374819288e-02
-3.260136362308714841e-01 6.440052161733094138e-01 2.779741067762528939e-01 6.996370687434587676e-01 1.000000000000000000e+00 4.057288354583631351e-01 7.674766367176420745e-02 5.002348026464198405e-01 3.735244118852685813e-01 2.397756750153582916e-01 1.068681266265518043e-01 -6.932933709242723730e-02 7.168777171992611434e-03 2.449428045079294625e-01 2.168543778201120487e-01 2.475913774044755100e-01 -4.245239676007031560e-02 2.196883148093159988e-01 4.222758735611640418e-02 1.731659755310397952e-01 3.066633580696969535e-02 -4.213771401499400576e-02 4.255033373448401102e-02 -1.941503347011563603e-03 2.359790235193364449e-01 -1.117996132594151898e-02 1.882344682301361760e-01 2.198135236221392952e-01 9.341886680864747161e-02 9.979961146262530947e-02 9.257261260873478337e-02 -1.740665794795743793e-01 -1.523983165326658201e-02 1.437702717505519867e-01 6.707986681819094743e-02 1.814111307060814193e-01 -8.281024216670478111e-02 3.514897269845291411e-03 9.624569702095800428e-02 -2.799473522863664757e-02 5.729349747965188644e-02 1.452665173418264122e-01 -5.665690871380184984e-02 2.030342964736887301e-01 2.378246596336738017e-01 2.142908582846853593e-01 6.696807562858522744e-02 1.189604001080971779e-01 -5.430650405472626369e-02 1.410911286271922527e-01 -1.987957483700218131e-01 4.668172409609375184e-01 3.027273586779907211e-01 7.340545313733325417e-01 6.347843652735311037e-01 1.256841476870662888e-01 3.108385527174207241e-01 4.237448960020859245e-01 2.022443017096527129e-01 -1.222509880891725804e-02 2.530640624062955799e-02 3.202847765735538504e-02 1.108203053316196979e-01 2.775003637387249977e-01 2.230359582510434702e-01 2.426596747208472071e-01 -3.725314228526441229e-02 -2.858644250117444233e-02 1.205682788522016574e-01 9.386146685203675122e-02 1.787666995555620142e-01 4.800008283980881918e-02 2.657771123730013133e-02 6.150642630518581011e-02 -2.329166300253199956e-02 8.233444285236045379e-02 7.239036884356504775e-02 9.801045760704260590e-02 4.664519826905007271e-02 -1.771824007705428694e-01 -1.130549373640728356e-01 -1.793242798222743906e-02 9.326510446497763770e-03 -1.367053676818685282e-01 8.962035813025619191e-02 -1.407194321534958326e-01 -7.771482656006284406e-02 1.557975049343655605e-01 1.314601746300316232e-01 -4.451144601166650422e-02 -2.898085026424826113e-02 9.046543481107026385e-02 7.150448368185929882e-02 1.029044012321324864e-01 -5.039621973957877921e-02 8.968799584079494014e-02 1.736734932477404514e-01 7.484100332577763026e-02 -1.079190945661563303e-02 3.316744769146201532e-02
7.834743677668976058e-02 3.405695837840933549e-01 6.027049023726147592e-01 1.979241521740423004e-01 4.057288354583631351e-01 1.000000000000000000e+00 4.642189093690448076e-01 4.794274544273512406e-01 6.593822037314893691e-01 1.888319013166430138e-01 1.007846312828311747e-01 -1.470005447861920944e-01 3.206187982059120756e-02 4.762934074259291689e-02 1.801191557523399434e-01 7.104254742923112043e-02 -2.057966424213954482e-01 9.542473554945135605e-02 -1.592186855773380094e-01 3.002597141912617396e-01 3.184686633134408557e-02 -1.460032448061079624e-01 -4.605123700054304658e-02 -1.572910969100901890e-01 6.451765775002124559e-02 -1.148597152614663497e-01 5.916339274406672011e-02 -8.405850835048229996e-02 1.784307463866520727e-01 -1.790354424047606308e-01 5.295298562228096390e-02 -6.404560675383816348e-02 -7.700979559326220913e-02 -4.437941171799700962e-02 -1.363276169848086916e-01 2.218605529552643285e-01 -1.084962627218613862e-01 1.186921969953596834e-01 8.857876256760134626e-02 -7.675039973362904853e-03 6.911705213222169020e-02 -6.276353503841554772e-04 -1.599667923685507420e-01 5.535216390035508499e-02 3.487999606701483457e-02 6.729372804015799903e-02 -1.051963681074874896e-01 -8.146483354945136370e-04 2.887168944895699974e-01 2.550287004824118298e-01 2.968712370974828374e-02 4.004755270790973376e-01 4.125903732290988474e-02 3.053881974341426386e-01 6.499360457936754765e-01 6.965727175754518052e-01 4.059547963149038874e-01 6.151457033805509678e-01 1.269242810744781180e-01 -9.821966902976672284e-03 -7.305827185165209015e-02 -4.380640177011072695e-02 1.021598030598705638e-02 3.191128199459026399e-02 1.070347788844492193e-01 1.867527905353102424e-01 2.051759822131645483e-01 -2.213196265370414861e-01 -7.617290345667235285e-02 -2.328190968537501016e-02 2.080298907201999781e-01 -6.465964706146848373e-02 -1.401323036523230425e-01 -9.025599054458570067e-03 -1.233807530325814195e-01 -8.674910679051128781e-02 1.584630691834498228e-01 -1.297869305397536810e-01 9.398855091235199313e-03 -3.048298904943908070e-03 -1.507338608656535461e-01 -1.078110181840457593e-01 -9.828185765255795237e-02 -2.226332696416480350e-01 -1.139708692365229981e-01 -2.657903022130376769e-01 3.113449545702704283e-02 -3.670868181943614389e-02 2.943322997829989074e-01 7.457930951742215708e-02 3.021968834795483484e-03 1.730611433641162517e-02 6.568098664932071895e-02 -7.901501286688998940e-03 -1.509907800945820000e-01 -3.305789168062873290e-02 2.802531191766759536e-02 4.720865582273531258e-02 3.228218394702712657e-01 2.811623143504157762e-01
1.871405612621996339e-01 1.992531436789620469e-01 4.442818002816698031e-01 -1.651662812086962875e-02 7.674766367176420745e-02 4.642189093690448076e-01 1.000000000000000000e+00 4.503932647472516093e-01 4.168967631461801271e-01 -2.866948966097401102e-02 -1.166828917817620687e-01 -1.566972052977766983e-01 2.588806003658399892e-03 -5.814133207749436899e-02 6.864626551717327441e-02 2.962543027261175799e-01 -5.699501769848953903e-02 2.279842749561499515e-01 -5.374107473978182586e-02 3.393580327928732987e-01 1.707066206874237879e-01 -2.257645925909675111e-01 4.002689206557370760e-02 -6.232906394355485630e-02 -1.986193745561394552e-02 -1.172469982744934747e-01 5.981625669930572264e-02 -1.349731942598667023e-01 1.339148111905904825e-01 -2.049146598146881770e-01 -2.345288095610766760e-02 -1.580435055017630555e-02 3.141989463250371983e-02 1.411552008582423086e-02 -1.747014018280162173e-01 1.746319313665617712e-01 -1.573188672350191442e-01 -1.654107156873428283e-02 3.459219419027062536e-02 1.457706716013657811e-01 1.309701949586857539e-01 -1.156789103311836042e-01 -2.415332285335619056e-01 -1.227615825847228753e-01 -6.944928646531736693e-02 -2.425917629258662542e-02 -1.292351491385253237e-01 2.272744555746108661e-02 2.558934986880700424e-01 1.290249837708234704e-01 1.293067720415714272e-01 3.128002147013941303e-01 1.827394261213064475e-01 7.059177797212599914e-02 3.367202781914316323e-01 4.673514888540419854e-01 4.676497438927790795e-01 4.177238250991390789e-01 -7.303564378513599520e-02 -1.156399634805899551e-01 -1.559294473105989898e-01 -7.002894094041350881e-02 -1.587530382144275443e-01 -1.064471810532057333e-01 5.164551460482440020e-04 3.599878856348083522e-02 2.772525844523000549e-01 -2.382926307566299862e-01 -1.111307120338439064e-01 1.006362118943099765e-01 1.690833346335299248e-01 -2.154675719637285936e-01 -1.349016338878147869e-01 -5.490491584609088344e-02 -8.783786599422330199e-02 -1.290302238309271043e-01 1.304446432891551710e-01 -1.337614910486382425e-01 -7.901095214797276833e-02 -1.192924336345088376e-01 -8.037838596524735091e-02 -9.610129047008167391e-02 -1.329104177633646799e-01 -2.368705562993876357e-01 -6.626782922613366766e-02 -2.631568571312323801e-01 -9.031113027986510666e-02 -3.028764764079436983e-02 3.625276013565522093e-01 8.494197188915142416e-02 -5.823217522219956838e-02 -5.743336540401629275e-02 -3.161685332045714725e-02 -1.132477991351327068e-01 -2.396193811123825956e-01 -8.844704894071492296e-02 -4.631954147964828516e-02 1.257950696089643883e-01 3.180859593587113121e-01 1.912048140519769512e-01
1.378049806858470776e-02 5.170164529874918813e-01 5.102946270774828541e-01 4.996330476485561500e-01 5.002348026464198405e-01 4.794274544273512406e-01 4.503932647472516093e-01 1.000000000000000000e+00 5.265064654689993739e-01 7.911320235353735963e-02 4.833865460141472531e-02 -1.157517305290924753e-01 -5.529511195501515819e-02 1.088205040640291693e-01 1.158953939628365182e-01 2.501808077621572313e-01 4.806223820090092108e-02 4.182397729111644313e-01 1.338324847146133978e-01 2.242501604823382566e-01 1.898233213423954069e-01 -7.495387202714202945e-02 -3.506339195858206026e-02 -1.556758987699014551e-01 1.313427315077905222e-01 -7.497614744322461666e-02 -1.499311705510820471e-02 -7.823164634192802946e-02 4.478288425850056320e-02 -1.448117095134832111e-01 6.551174857520525308e-02 -3.695187103995655614e-02 -8.307341686600499750e-03 1.299185826553277412e-01 -6.102545431385484470e-02 1.520029974141770823e-01 -1.965340371024727473e-01 4.367310415856064110e-02 -1.589262213055054641e-03 -1.131264267162344489e-01 6.180111085459662895e-02 4.824539385465761998e-02 -2.285262451668724493e-01 -6.452846124057091959e-02 1.544458622396401859e-01 -4.790551452251128051e-02 -1.130540656821878293e-01 2.232415028657544834e-03 1.896984996490220510e-01 1.060313187525965956e-01 -2.108122060256528013e-02 5.119492080395745548e-01 2.549262923249042689e-01 5.166912086494797052e-01 6.335078546353989370e-01 3.556211936557585052e-01 6.270339720787246884e-01 6.206114136899386624e-01 6.778055006155084966e-03 -1.082990583051667982e-01 -1.779179275455968490e-01 -7.880799012697965733e-02 -7.477628056130714018e-02 1.344799436132639858e-01 1.515082747051930967e-01 1.451203719985408036e-01 1.552129609909436991e-01 5.649825975221150175e-03 1.521618951349728299e-01 2.429262108392591379e-01 1.760550155593458288e-01 -6.194607054469133262e-02 -6.489477779588530282e-02 -1.020336929579129803e-01 -7.164197098701501065e-02 -2.344187997542407711e-02 9.234853218818860066e-02 -5.829163628273555109e-02 5.139567542556019997e-02 -1.089537348810351441e-01 -1.405877524783502586e-01 -6.392912559985715337e-02 -9.746015039002735303e-02 -8.982639482837791178e-02 -6.494155562036219020e-02 -2.315608958588084021e-01 -1.532621232039390047e-01 -5.597705629369505859e-02 2.921546679688694637e-01 -1.426156185314934322e-01 2.138160558298997371e-02 -6.028564307246637999e-02 -1.155220157508461409e-01 -4.263403262923091269e-02 -2.450322152167394019e-01 -1.256798535236018470e-02 -7.444291076911459248e-02 1.993501466423209384e-02 2.078951118807341181e-01 1.225129770606219887e-01
-1.928315634275670071e-02 2.636894177885405477e-01 5.314847914315943278e-01 2.279937089020471208e-01 3.735244118852685813e-01 6.593822037314893691e-01 4.168967631461801271e-01 5.265064654689993739e-01 1.000000000000000000e+00 1.279140041351710944e-01 6.813649407826261051e-02 -1.467290827438126055e-01 7.735987986154745089e-02 5.038730823477485798e-02 2.243044512055292761e-01 5.780221492918776599e-02 -1.671834154867551103e-01 1.520060847583835362e-01 -1.338938714055639412e-01 4.288484799685386983e-01 1.036556061919893523e-01 -1.302240139051786816e-01 -1.120072810182726336e-01 -1.926142736982588699e-01 1.362053056203023915e-01 -2.694399990152516328e-02 1.425366062215584423e-03 -1.338940056135764535e-02 1.793746587757518163e-01 -2.191487575015775013e-01 7.006412376101645023e-02 -7.627524728524305575e-02 -1.543167342965601901e-03 -9.700103822269412479e-02 -6.982287697819805627e-02 4.273787008313978397e-01 -2.494404538404985383e-01 1.487448527641272722e-01 1.515344938824957910e-01 -1.024206492035906191e-01 8.539390146840415696e-02 7.080704504220748652e-02 -1.704331141571186203e-01 7.842451152521276447e-02 1.499384133487324799e-01 -1.937028809185396480e-02 -1.161257809452939938e-01 3.644741307337386049e-02 3.515512335025914870e-01 2.532993120714541746e-01 -4.405607420719672568e-02 3.215993383101025671e-01 7.256058623515346251e-02 2.946022334033127632e-01 5.398067814230088635e-01 6.085390648461693752e-01 4.259656358243710250e-01 7.447499033767022159e-01 7.781156660645702217e-02 -5.483593893407318065e-02 -1.230672598572012943e-01 2.814511869488370635e-02 4.930070071725183023e-02 1.181273091794685370e-01 1.239748779851699428e-01 2.182043389645518527e-01 3.364376727465700490e-01 -2.689257734928388044e-01 -1.253096262150944218e-01 -2.043667737468670212e-02 2.700065029633517688e-01 -3.113840212488251311e-02 -1.663917450675389820e-01 5.637694563824819510e-02 -1.823765875489950505e-01 -1.124002650978035527e-02 1.069876863316293614e-01 -1.687040818712487455e-01 5.302810277600503858e-02 -1.510236972901226986e-02 -1.968953609821416095e-01 -1.791134114725602966e-01 -3.070916351104499911e-02 -1.603392651412696157e-01 -1.167134606384914730e-01 -2.445140972827274106e-01 -9.883156312851598679e-02 -5.786526398051812514e-02 3.482703339243030660e-01 1.955659365015306045e-02 3.822277116377927747e-02 4.963688514012128822e-02 1.453138545861453190e-01 5.003172770030024294e-03 -1.222310609507060858e-01 6.955848046769096127e-02 -5.119898758666582839e-02 6.880035831968628335e-02 3.725400126114604693e-01 1.971516759373792005e-01
-7.088013437510640169e-02 1.558725603953865779e-01 1.375057294995107593e-01 1.940991765451983153e-01 2.397756750153582916e-01 1.888319013166430138e-01 -2.866948966097401102e-02 7.911320235353735963e-02 1.279140041351710944e-01 1.000000000000000000e+00 1.987156389121261524e-01 -3.279877205053120109e-02 9.138290058333498056e-02 -4.997958038440188100e-02 6.003748363511968167e-02 1.408263806194246792e-01 -1.101378324888027671e-01 -7.165526199379106120e-02 -1.866104571279157964e-01 -7.407264926991817544e-02 -2.768849975144298259e-02 -6.015623403075744113e-02 -1.443960417791196604e-01 2.087288234714052559e-01 5.423783257388605783e-01 -3.213415537076316081e-02 -3.661173128582263792e-02 4.027628985900927328e-02 -4.375651575580814107e-02 -2.482942130872885234e-02 2.024505935174658600e-01 5.998916422148726363e-02 6.949462376702388033e-02 -8.151038730863044424e-02 -7.776296046726603739e-02 3.199687854597160069e-02 -2.361695821763165615e-01 2.427085853556082695e-01 2.611541975700021334e-01 8.253153553688133415e-02 -5.472998593409943852e-02 2.542407586628616656e-01 -5.386811521842634065e-02 7.276812518618880343e-02 4.572318024802046743e-02 -5.685736140645263753e-02 -1.004232566092734397e-01 -7.054542342989875148e-02 -1.305038548968225909e-01 4.792339654747791722e-02 -1.024877940718206450e-03 1.248344228805017692e-01 5.423932130164382109e-02 1.963838105659816979e-01 1.372660297209768732e-01 5.622545398127902494e-02 3.317940730087850371e-02 8.040924700783443069e-02 5.132010484319736721e-01 -1.174529535381029083e-01 -4.461339807889207892e-02 9.469793282855587524e-02 7.413150042532830331e-02 2.765271383344040934e-02 1.064384716968815592e-01 6.196781911459296743e-02 1.824480219701557840e-02 -2.545540370768465399e-01 -1.400369004529319061e-01 -1.060888210858047104e-01 1.948721819848614825e-02 2.921697067836145217e-02 -1.404084707419106515e-01 2.671494308372608373e-01 -1.626554424729360904e-01 1.883549543064880205e-01 -1.083961304259711683e-01 4.177808295311446346e-02 1.037537868626781379e-01 -2.157778264862577136e-02 -2.174046112795910701e-01 -2.040223724725392651e-01 4.639001520292328207e-02 1.097647738902342435e-01 -5.573046634845793892e-03 -1.133786465928726325e-02 -2.413967294355879589e-01 1.722824487479673039e-01 -9.078723264158269912e-02 -5.621063349748987859e-02 -1.405413747743084352e-03 3.692854632823094896e-01 1.785131406255840714e-01 9.099703067055719963e-02 3.109614543249451303e-04 1.280846285856558076e-01 -4.888204550448462665e-02 -7.628451059526132616e-02 -6.030577328691124478e-02 -4.281375748430992119e-03
-1.495682360811625145e-01 -4.378008788322572398e-02 1.158026511730462539e-02 3.588882391740603334e-02 1.068681266265518043e-01 1.007846312828311747e-01 -1.166828917817620687e-01 4.833865460141472531e-02 6.813649407826261051e-02 1.987156389121261524e-01 1.000000000000000000e+00 5.600272687284287843e-01 2.868694479712304291e-01 1.411805159943851085e-01 3.080779570638350062e-01 -1.373877080212121127e-01 2.865670534574115691e-01 1.473149647141528198e-02 2.000529272523969837e-01 1.207411800439804617e-02 1.844033232582759640e-01 2.045857398007704664e-01 5.130448757974459539e-02 3.479086547433212773e-01 3.803817467307714639e-01 3.645692957998440398e-01 -1.801802060921884122e-02 6.323808410882150732e-02 1.707768773636662574e-01 8.078882212628175907e-02 3.367555991827206330e-02 4.063399696662930299e-02 -9.762824991998829416e-02 1.366573914209867346e-01 1.088837078827920440e-01 -4.360470635579396376e-02 9.807072249662551755e-02 2.150331121620533970e-01 -8.845657293733716342e-02 6.785518627169145889e-02 -1.232123600669495639e-01 3.196879692553388219e-01 1.639471937066771523e-01 -1.249186608022680584e-01 3.489221003401811461e-02 -8.011181584404392098e-02 -1.903308515583594998e-02 -8.144400015415044491e-02 2.995422331854213222e-02 -7.308223094120522290e-02 -1.784783619759601203e-01 -8.013500970093433151e-02 -1.476771222262453220e-01 1.855307700892697143e-02 6.679894347481871164e-02 -7.643586517024800967e-04 -1.088688756216948106e-01 3.402541235392406854e-02 3.357128092872471159e-01 5.198287580437002120e-01 2.253150686269455583e-01 1.609020636974445306e-01 1.243413084515627293e-01 1.761596275328236039e-01 1.586156357221150670e-01 2.579809459608576327e-01 -6.446213013432418315e-02 1.561144527888242983e-01 1.567612177151589958e-01 3.535708922557533745e-02 1.791021006128177551e-01 9.050389512401461889e-02 -1.100141847514985935e-02 1.487600352451661501e-01 3.249033016992466938e-01 3.295098443860183246e-01 2.513872132462998121e-01 1.302517327178398798e-01 1.324190923230483471e-02 8.772768970587595250e-02 1.492338862943861921e-01 3.538183265927678789e-02 -5.711803618119711684e-02 5.717998107790764339e-02 4.378094938938447735e-03 -9.892475280876172894e-02 2.083259708954473266e-01 3.144627613615815637e-02 1.428689231717609684e-02 9.000346181467577811e-02 -1.093866362909348550e-01 5.232462402042354493e-02 1.429706494542963557e-02 5.275537660790044492e-02 6.576458477193883323e-02 -3.668998692207837281e-02 -1.574686784492507208e-02 -6.095556497298756926e-02 -3.891048425092189650e-02 1.581070731144387786e-02
-4.867809766132499827e-02 -1.174129503855620565e-01 -8.674549590587674053e-02 -9.443467256839396806e-02 -6.932933709242723730e-02 -1.470005447861920944e-01 -1.566972052977766983e-01 -1.157517305290924753e-01 -1.467290827438126055e-01 -3.279877205053120109e-02 5.600272687284287843e-01 1.000000000000000000e+00 3.555646235810213662e-01 2.155856732542395793e-01 1.516402115711282805e-01 -1.095947278685353438e-01 3.969758441182542064e-01 -6.646656222921085155e-02 2.978281303369262334e-01 -7.171694117900745402e-02 1.187247350898173598e-01 2.882080039875122290e-01 2.240137776701714711e-01 4.118929119632579461e-01 1.863728718465501311e-01 5.158700175650665631e-01 7.075535155265329224e-02 6.880350568337798012e-02 1.524876361966768894e-02 2.221303096289689305e-01 -1.050930221168071693e-01 3.546130763266074071e-02 -1.082977937672665314e-01 2.973094930804532146e-02 2.502744164887235612e-01 -2.061855897404692994e-01 1.480024261750964576e-01 1.567442048187690506e-01 -1.616404456190655703e-01 -7.212724940183951050e-02 -2.100293739247707514e-01 1.678914872274805958e-01 3.794846636954815056e-01 -1.486641743695202855e-01 1.791667987377067520e-02 1.318917057215082851e-02 1.717949581243300439e-01 7.679074231823058289e-03 -1.151438764021031347e-01 -1.943681201099353717e-01 -1.489570165632888854e-01 -1.186054139041183564e-01 -8.585681354220128791e-02 -1.129742519564485570e-01 -1.392103314135613445e-01 -1.852431365369395233e-01 -1.880817004940889270e-01 -1.769976727719700105e-01 1.543112737125349188e-01 4.503867439942297324e-01 3.830792955672423505e-01 2.170300257258545029e-01 2.091432085979529620e-01 1.256094491276068814e-01 -4.381429105397364326e-02 9.428506217320255234e-02 -1.510193318890963865e-01 1.677887285174818888e-01 1.230750363756186704e-02 -5.623233826904964344e-02 -4.294001179546660246e-02 2.164398252403926248e-01 1.776183233876994783e-01 1.154952885875315804e-01 3.560309561640476739e-01 3.184064155333491963e-01 7.048805187430279284e-02 2.606356811912446392e-01 -7.815242365280868075e-02 4.132934648355889029e-02 1.311917226631409972e-01 -4.953938222770008781e-02 6.858312495435608946e-02 2.018559301956032725e-01 1.531556416255875630e-01 1.646664338059352084e-01 2.286877667300578898e-01 5.626210998870063984e-02 -1.482456284704689875e-01 8.821282567085749621e-03 -1.309531224923233261e-01 1.316194201547741215e-02 -1.493612794604599545e-02 1.061554719456113821e-01 2.907254752405816212e-01 -6.778353352738339388e-02 7.943710299936643238e-02 2.484242867670644062e-02 -1.503726445803107437e-01 -1.468923803474282974e-01
-8.940811166505374663e-02 -2.321765072132310828e-02 3.963414165505199649e-02 -3.632901595972091308e-02 7.168777171992611434e-03 3.206187982059120756e-02 2.588806003658399892e-03 -5.529511195501515819e-02 7.735987986154745089e-02 9.138290058333498056e-02 2.868694479712304291e-01 3.555646235810213662e-01 1.000000000000000000e+00 2.493801436535106886e-01 1.748647747533074170e-01 -2.305882089751729730e-02 3.236026921704249215e-01 -2.182332163827361837e-01 1.216765172534015060e-01 1.822668841202551918e-02 -5.632471611163426817e-02 4.842142895114192047e-01 3.129594180267534775e-01 2.256208532214569740e-01 9.785080516002708784e-02 3.453733632143392018e-01 5.053782635275323731e-02 1.016745586414374430e-01 1.947464979578650557e-01 2.882381548094749557e-01 1.214544165540220738e-01 3.574691293046178275e-02 3.477644533276692124e-02 -1.521902430286368180e-01 3.586025869872355165e-01 -1.286813401631684561e-01 9.640135074525718259e-03 5.166317423010091670e-02 9.563624797430905766e-02 8.775625186862839877e-02 -1.837981499914827233e-01 3.659524219875253531e-02 4.101397397834534164e-01 6.350570922240067126e-03 2.009446015655903250e-01 -2.241764018956237184e-02 2.396067869561168129e-01 6.038140655675935942e-02 1.047079803590316993e-01 -1.043197803887996183e-01 -4.228320685811686602e-02 -1.830215899901774593e-02 2.623721863975302104e-02 7.120880696885435214e-03 -5.825201471063241182e-02 3.506534096459036631e-02 -1.229131082833828485e-02 -6.139278164793094544e-02 2.992529069766022495e-02 1.920518238539272171e-01 1.937949622185880516e-01 5.930629110748069088e-01 3.692622099836646021e-01 1.755524611755861220e-01 -6.213966588411314745e-02 1.970654672796342266e-01 1.519696029545324623e-01 -1.201065542888475569e-03 -1.260324283136756152e-01 -1.984503957450962086e-01 -1.745332146221672751e-02 3.208545912768802633e-01 1.766565325029388900e-01 3.179894264340772936e-01 3.345498655641931246e-02 1.838420619547412038e-01 1.535647909370466413e-01 2.258037796939348640e-01 1.611769869173794723e-01 7.917399447209032270e-02 7.071756365285385149e-02 -1.432778217307801583e-01 2.471416602928056261e-01 2.678044820957420358e-01 4.110047883514104244e-02 5.572950985815014469e-02 8.172711026943330070e-02 4.359464965738753250e-02 -1.259537563174895347e-01 3.694666726376089755e-02 -1.448405750576621520e-01 -6.078231026155403449e-02 1.189320671865104623e-01 -6.917545088500769157e-02 2.018475175851563719e-01 2.504044445344022485e-01 3.461268548585118981e-02 1.481851573231289798e-01 7.719544050246607281e-02 -9.570696614243981437e-02
-2.947356539169185274e-01 1.255862290205195797e-01 -2.099206885915955861e-02 1.836303714415246924e-01 2.449428045079294625e-01 4.762934074259291689e-02 -5.814133207749436899e-02 1.088205040640291693e-01 5.038730823477485798e-02 -4.997958038440188100e-02 1.411805159943851085e-01 2.155856732542395793e-01 2.493801436535106886e-01 1.000000000000000000e+00 4.619655385731505359e-01 -8.211300935860756101e-02 2.839430586190658246e-01 -3.621042444779988979e-03 3.967940833958483737e-01 -1.554993201769089631e-02 5.485895570957389361e-02 2.750048614106358480e-01 4.612592889580617306e-01 1.143571712173855615e-01 1.738095720472693229e-02 1.113753091722414490e-01 2.582681664731483751e-01 1.934387644622354019e-01 1.435865000770082944e-01 4.350328465627659735e-01 6.826967569354553712e-03 -1.130201696253490540e-01 -1.340296860103320359e-02 8.728526418676937904e-02 2.857002017291086493e-01 -8.128666005549343987e-02 1.338585021344194936e-01 -4.625466856742885963e-02 8.001071969488791555e-03 -3.336286324791706837e-02 -4.003497292999515234e-02 1.436823422925150029e-01 1.390072169111517819e-01 1.543602041205323350e-01 1.645471840767934457e-01 2.699577130260618629e-01 2.829545730631639611e-01 2.295568494215732558e-01 -2.661543416997342454e-02 3.065867990545978819e-02 -2.394501512353088002e-01 5.017520691509877451e-02 2.821836577122832646e-02 1.704096483594038369e-01 1.386326716595328024e-01 -6.053003330869077825e-02 -6.608764348571283427e-03 3.628028100590575955e-02 5.680182373970557586e-02 9.245339851468008241e-02 1.400540741532219358e-01 1.019990781638550892e-01 3.256939514575710737e-01 5.032518485596912949e-01 4.035939366587997790e-01 5.147715042317395628e-01 -3.105595544952871601e-02 1.746550867548784247e-01 2.546984807950941621e-01 5.449121630530993216e-03 1.302960558995555351e-01 2.360578683039611103e-01 3.290236092690305703e-01 7.668870297428120875e-02 1.853830245592494319e-01 7.072181652195769219e-02 1.976201045822444935e-01 3.195466399969651983e-01 -2.657114933480947058e-02 -1.471050969310081502e-01 7.710415429669621734e-02 3.682784540452610500e-02 6.515056055425089143e-02 1.432733046152827594e-01 2.122502240691070685e-01 5.501979794547453423e-02 1.597886197099078198e-01 9.007071500742075409e-02 -3.968685402220898523e-02 -2.825876674337504408e-03 -9.895988549242858145e-02 -4.343764699641569638e-02 6.006178600671301798e-02 1.475903849851824823e-01 1.000790417252403891e-01 3.218001184538422932e-02 2.367912257930855635e-01 2.069057908679420854e-01 -5.165394817861684168e-02 -1.286838560443383933e-02
-2.195894658202524052e-01 2.916563701118107463e-02 1.480109464146876080e-02 1.220380512713908350e-01 2.168543778201120487e-01 1.801191557523399434e-01 6.864626551717327441e-02 1.158953939628365182e-01 2.243044512055292761e-01 6.003748363511968167e-02 3.080779570638350062e-01 1.516402115711282805e-01 1.748647747533074170e-01 4.619655385731505359e-01 1.000000000000000000e+00 -9.834828364767411735e-02 1.609925312057599867e-01 2.200883481098424854e-01 3.573514081416953037e-01 3.590441888866447440e-01 4.820559291402478075e-01 -3.174510108969723181e-03 2.007250502105910328e-01 1.467340253278174023e-01 1.941160854454455631e-01 1.007976987151120718e-01 1.456973348259704704e-01 1.976149976387719387e-01 3.455337106119191759e-01 1.785045293335698335e-01 8.914882100781661156e-02 -7.213433423264004052e-02 -3.446621823130868734e-02 1.760236244382998028e-01 3.655818506408484159e-02 1.678929525985480287e-01 1.331001395757353597e-03 6.042789866401455934e-02 1.591868386845695163e-02 -6.934144235458745975e-03 3.480550844305940750e-02 2.401509944652878148e-01 -2.212845354841861539e-02 6.517297772642000053e-02 1.768548870477302526e-01 8.965195930708323713e-02 5.275761774136528831e-02 1.291219972398446603e-01 5.327485398526638632e-02 1.025765963165312933e-01 -1.818470679993221817e-01 -1.339351952698546698e-02 -1.089546335648339387e-01 6.452589511418231616e-02 1.218698119635474586e-01 9.290834796672910179e-02 -2.462970791860493586e-02 1.785874037937513759e-01 1.689505825520795368e-01 1.764570967625540276e-01 1.181929304494642036e-01 1.725554441872223232e-01 1.799627295605504551e-01 3.702424877161027417e-01 5.387989240661000823e-01 7.856875299386456568e-01 7.183374812814646848e-02 1.487036818898268553e-01 3.028717709704425443e-01 2.134891932373343404e-01 6.511516714651022220e-01 4.839988703123935393e-02 5.384585908276856570e-02 7.271231354718186990e-02 2.104116883374546332e-01 1.691277503805249383e-01 3.843527872388818323e-01 1.940448303062955182e-01 9.314846680056543260e-02 -8.025953759275283872e-02 2.317475615693143642e-01 6.974575008326135139e-02 -7.077400215378994337e-03 -6.149208727818643305e-02 7.792535917611653762e-02 -1.527887513729177249e-01 1.105612754894288730e-01 8.415682564485102435e-02 2.259192294089104880e-01 7.603377000193674295e-02 1.929184216067305474e-02 -2.928405662780890137e-02 9.858391257095328042e-02 1.117294566270200795e-01 3.564714863303769521e-02 6.456285906783311435e-02 7.316813714794405399e-02 1.312751243097363962e-01 2.440702345078874305e-02 4.618054131950729418e-02
