1.000000000000000000e+00 4.400157717218065173e-02 4.053460616331498456e-01 -3.980425262007538101e-01 -1.644562798308537854e-01 1.449836831137841717e-02 5.317265036947325940e-02 -1.790190743123381556e-01 -1.310010925537714865e-01 1.806855386321314094e-01 7.244882822146730961e-02 -2.306258930465844570e-02 -2.114583732393473803e-01 -3.477415796548479765e-01 -3.456801909980580789e-01 3.861292848457637539e-01 -2.300447580327484032e-01 -3.845942089422459131e-02 -2.877699469120970632e-01 -1.306732087816896148e-01 -3.000598335782614923e-01 -1.686783279029681615e-01 -2.982222863892475262e-01 -2.045154799041157268e-01 3.399268262022795972e-01 -1.373650227947815052e-03 -1.805644995650651508e-01 -1.606169718640418353e-01 -8.452134121308907400e-02 -3.562242926577985358e-01 3.104772304906039393e-02 1.483161083827843896e-01 1.342928175390126488e-01 -1.144453578504775748e-01 -1.384999748894335560e-02 -3.038442851547556306e-02 -2.791677377806061136e-02 4.402237920288792905e-01 -2.683959027009983900e-01 -1.753104776077657745e-01 -5.842492953176926102e-02 1.047979987254320927e-01 6.355224225979620029e-03 -1.885049251768832757e-01 -2.946391354134363927e-01 -3.690899215783147724e-01 -3.988600597056793373e-01 -2.324415375421766683e-01 2.834625731714742747e-01 -2.377598359299754310e-03 4.648232622053109497e-01 3.426338363753155813e-01 -3.628113698819139255e-01 -4.649049097817307130e-01 7.070265208788691080e-02 2.436071586143594425e-01 -6.402229548144007520e-02 -1.607153891424722980e-01 2.885908464221504377e-01 1.355962463452522471e-01 4.318693347335775257e-02 -1.925756079668948517e-01 -2.473551656490639572e-01 -1.512416584450609058e-01 -2.973514358522497680e-01 -2.470036239439457604e-01 1.810147684893881337e-02 -1.997969771661484706e-01 -4.527693732093477155e-03 9.990278820514933433e-02 -4.393949196504285531e-02 -4.497036195079743420e-02 -2.315762119342238412e-01 -5.338379783915372934e-02 -5.354020271178134421e-02 2.788056554812162191e-01 -5.873742659358474442e-04 -1.646833668521575367e-01 2.570004984958946248e-01 -9.233525380854096243e-02 1.278093054541264151e-01 2.715439475927985957e-01 -4.148076810092776040e-02 1.752204527055592764e-01 -9.478226256335400834e-02 -3.177260614650255222e-01 2.501801309277030400e-02 -7.319599448078265014e-02 2.466003848319222799e-02 -3.033512755432463907e-03 -1.572546464789229548e-01 4.418641316021069132e-01 3.842178317854249778e-03 3.430338536606156175e-01 1.758453094765711211e-01 -2.731129754515514985e-01 -3.612543639374973803e-01 -3.799694612820167516e-01 3.299673120324574938e-01 1.603512410246357989e-01
4.400157717218065173e-02 1.000000000000000000e+00 5.513779591826249993e-01 4.561560295394885278e-01 4.933740595968282294e-01 4.057200396144007848e-01 3.065412248407674983e-02 4.816232443552003750e-01 4.120150807029346329e-01 -1.563057749604613578e-01 2.308892714026963486e-02 -4.530264051453844476e-02 -1.586380583297775648e-01 -1.172934048404387225e-01 -1.180904564515961180e-01 3.883298636628986222e-01 -1.523091292405454322e-01 1.404979166130984058e-01 -1.008342570970290480e-01 -1.899768382570935499e-01 -2.694541567787264724e-02 -1.230494393803880648e-01 -1.191751138643516311e-01 -3.232106966781553986e-02 -6.223424473312449273e-02 -9.513638515889764891e-02 -1.722638163386040200e-01 -1.370514781807416760e-01 -1.267498941401917212e-01 -8.678828712983788218e-02 -5.517385551126535032e-02 2.822497615118494535e-03 1.055602751332679751e-01 -1.276012347919422696e-01 -1.810543267210375784e-01 -8.102983537736413444e-02 -1.974688202159722850e-01 -9.766975773964468865e-02 -1.611600952907912554e-01 -2.196941947292773700e-01 -2.487147612478656511e-01 -9.918321009663920440e-02 -1.160570742289082913e-01 -1.049081163290339208e-01 -2.075389908631257163e-01 -1.420508956647865972e-01 -1.264914664340602568e-01 -1.450246846682896329e-01 1.705062577900685050e-01 -1.875165789263521510e-01 2.045797110051640055e-01 6.431496605612909701e-01 9.460327703226996399e-02 2.686608969372786815e-01 4.801742223647718077e-01 3.020289151230787228e-01 2.378411369929315233e-01 4.190194000775619432e-01 -8.377443533566367173e-02 -7.043553206337577199e-02 -6.652551891545840923e-02 -1.438123350986928450e-01 -9.984070633268668504e-02 -9.067361432647337571e-02 -1.000105526173255543e-01 -1.386511309095993794e-01 -3.420297626927536472e-01 -6.537255119902125877e-02 -2.138887048684551817e-01 -4.825531105074925414e-03 -1.415309082825152165e-01 -1.669047097721164108e-01 -1.146662703186229620e-01 -2.744978472769580846e-01 1.248202342657250830e-02 -3.062023531360210174e-02 -1.826667188483512838e-01 -1.339682526589030531e-01 6.271396006032296799e-02 -7.655979471018332233e-03 -1.355744216560565152e-01 -1.997880190855740035e-01 -8.164103356751420404e-02 -9.346333776053551701e-02 -2.830948487363199595e-01 -2.430548269797860039e-01 -2.305461510054484242e-01 -1.140885208336161333e-01 -2.070667850334576288e-01 -3.209975902729261810e-01 -2.117362442519440946e-02 -1.161506108191884545e-01 -2.967897763559271263e-01 -5.244837582982356944e-02 -9.920662359088994187e-02 -1.577082339191033522e-01 -1.800597795608211427e-01 -1.802289983121821149e-01 1.233420864905557524e-01 -1.861937759107701040e-01
4.053460616331498456e-01 5.513779591826249993e-01 1.000000000000000000e+00 8.310129476343859622e-02 3.063712600950024290e-01 6.013622522384503011e-01 5.928330007692692721e-02 1.922064009213337588e-01 4.820291867568273769e-01 -1.588944380619599977e-03 1.836849520092721511e-01 6.745144164593284974e-02 -1.131964405867098011e-01 -2.084237413890168422e-01 -2.316045399628337276e-01 2.755399504900956087e-01 -1.218774341657884730e-01 -4.674104653046475683e-02 -1.070467382596037853e-01 -2.428845047277160274e-01 -1.310143924455033637e-01 -9.240947624140150030e-02 -2.519303385168011333e-01 8.587838508730840856e-03 1.570998076062079252e-01 6.551703142099883637e-02 -1.796755379937780561e-01 -1.603790367694701846e-01 -2.472469543365672304e-02 -2.099281237687685986e-01 6.450029356942008074e-02 -6.003787803799614381e-02 6.897327160290295245e-02 -1.956854536603772621e-01 -1.503473447629449788e-01 -1.441349876491184734e-01 -1.691735906190059147e-01 1.465361774888004620e-01 -2.990381460471802297e-02 -1.238396161583122795e-01 -2.783557471173668807e-01 9.096375870261712293e-02 1.890675695646547652e-02 -2.254249784492237396e-01 -2.568287790771255907e-01 -2.275543479074433328e-01 -3.015679660958998087e-01 -2.995074503975063140e-01 4.237829466297054481e-01 -1.444511662357887971e-01 1.835778855231121331e-01 5.039999877866335742e-01 -1.687253784059816186e-01 -8.628253229905767652e-02 5.690069931656724922e-01 6.862641428569686841e-01 6.556866156317099625e-02 3.791074314727097549e-01 4.442693495100535211e-02 5.277613463640361269e-02 9.502757518463779418e-03 -6.804802331105469504e-02 -9.606900311685348526e-02 -7.036471921746781377e-02 -1.498580420742497421e-01 -2.058099632306757132e-01 -2.345953044822587374e-01 -2.629508312776852180e-02 -1.536819747778946643e-01 -8.230171785114508143e-02 -7.139000556167726663e-02 -1.456321206640605326e-01 -2.082228390242671645e-01 -1.091365032841483673e-01 2.379779329793664869e-02 1.585672541434031413e-01 -4.088913301502831305e-02 -1.992830995316552389e-01 1.018226476485767501e-01 -1.524634679034620466e-01 3.055619929319627198e-03 -6.627044493648721890e-02 -1.591509620698717056e-02 1.340587614748361793e-02 -2.347222733136133943e-01 -3.071833407351248768e-01 -1.035919793034318914e-01 -4.620567387603833481e-02 -1.617040022984220782e-01 -1.402499338499681170e-01 -8.603481568357056186e-02 1.644239116656839306e-01 -1.492210851231475302e-02 1.555401225290651557e-01 1.310894265384118240e-01 -2.473350338341566701e-01 -2.609840634307228346e-01 -2.584103641581125266e-01 4.350063925515582075e-01 -5.101073033660781519e-02
-3.980425262007538101e-01 4.561560295394885278e-01 8.310129476343859622e-02 1.000000000000000000e+00 5.553018859767145932e-01 3.309816752502099946e-01 -5.214498513170090499e-02 5.297461233710245576e-01 1.852441657703083611e-01 -4.935282449428117779e-01 -2.155814864220858551e-01 -1.534818442705914998e-01 2.726031178248234602e-03 1.593784137751208252e-01 1.514056419322025449e-01 9.719015030330689642e-02 5.261811023622569444e-02 2.692092128233932735e-01 2.077750606267529943e-01 1.045752297486146898e-01 2.279229774122356611e-01 3.112990661079235305e-02 1.376376870901796778e-01 4.757326049791791439e-02 -4.081106735152206788e-01 -2.015783867632491566e-01 -4.815741949902405117e-02 -6.366385705554407359e-02 -4.399322407162267658e-04 1.554762882502651600e-01 -5.335317989335019995e-02 -1.418447736692493855e-01 -6.424439716578739246e-02 1.517551276829754714e-01 -7.947769832195002160e-02 -2.835819652985428069e-02 -1.140843014808468892e-01 -3.047508683291154652e-01 -3.521624818499623222e-02 2.541688960248328008e-02 7.289486273973660134e-03 -3.411429958486534852e-01 -2.070637389894927627e-01 -4.503061419887003508e-02 2.369268167374918022e-01 7.648089123052098648e-02 1.494208289749963947e-01 9.582063759907538669e-02 2.797663218350254777e-02 -2.237174782648164786e-02 -2.882435325288520422e-01 5.317640290831738420e-02 2.962511957976791122e-01 7.496333021239415251e-01 3.124387619413823702e-01 6.195835032301218355e-03 1.461349849558575276e-01 2.422060537275756154e-01 -4.186846458874772803e-01 -3.599669142884634465e-01 -2.100964750928865366e-01 -5.901930162756938852e-02 6.630725855379290823e-02 -2.376107676433347402e-02 1.682080100053884864e-01 9.648611178031780977e-02 -2.408858124382006471e-01 3.607086454653799651e-02 -7.212070867240234773e-02 1.044710472166837795e-01 -9.543133485332535096e-03 -4.724760761149487953e-02 1.731527929423430645e-01 -2.653695477838208805e-01 -1.082460356886202069e-01 -3.118760325266020095e-01 -4.177114820905421938e-02 9.933575211705276964e-02 -1.829853892687350880e-01 -1.312845605552478371e-03 -2.020099380840647829e-01 -2.525519690821763641e-01 -1.369321876725827503e-01 -2.409325306830223112e-01 -9.831947449681804896e-02 6.632606859213341366e-02 -2.057917537449341083e-01 -1.160711807546079277e-01 -1.551800127456584022e-01 -3.051645039920682367e-01 1.184399621237831046e-01 -3.557425927362197760e-01 -3.338768354053310849e-01 -4.236024605583452174e-01 -3.786789238281554337e-01 -1.223621519195783845e-02 5.954267424012787968e-02 1.068261871449945333e-01 -1.307551877290704934e-01 -2.384870682162742173e-01
-1.644562798308537854e-01 4.933740595968282294e-01 3.063712600950024290e-01 5.553018859767145932e-01 1.000000000000000000e+00 5.619327388967289005e-01 -2.625998160412089111e-01 2.291894455020710986e-01 3.673803307159380083e-01 -3.223073662835062581e-01 -1.966525299658053727e-01 -2.330347114224932403e-01 -3.372730689531064363e-01 -1.386347718993140021e-01 -1.829615576183028225e-01 -1.238061696441913363e-02 -2.494956844494536086e-01 1.731887349709225823e-02 -1.591485005033685951e-01 2.133006414634259704e-02 -7.105761917224159840e-02 -2.526929198493517714e-01 -1.691579977320439854e-01 -1.607338768506940962e-01 -2.282306532572032642e-01 -2.554952434152850116e-01 -2.796893048189266762e-01 -2.461484612418581297e-01 -1.662155758323520804e-01 -1.427020925331425605e-01 5.644525993866854330e-02 -2.169326365735784606e-02 -6.203204779278071249e-03 -1.527950860198724892e-01 -2.767277614822736820e-01 -3.529130750904690278e-02 -2.380965373745914937e-01 -2.590334967822664480e-01 -2.156546676969016973e-01 -2.201479620411488924e-01 -1.306312721312912761e-01 -2.851634518632432669e-01 -3.096362022332405095e-01 -1.816613411317582749e-01 -3.312644769622369312e-02 -2.028029804436776162e-01 -1.620550575362189605e-01 -8.152841940778994545e-02 1.964988311467699700e-01 -6.163949862426492537e-02 -4.311575252082660431e-02 1.911970719836540988e-01 -2.557185212601929825e-02 5.311367461561841141e-01 7.043987094969786922e-01 2.070178182395429889e-01 -1.199471800847791286e-01 3.653516758397961639e-01 -2.453107011364802081e-01 -3.236883552626255711e-01 -3.129379808119721607e-01 -3.631923260219520611e-01 -2.321454475340859747e-01 -2.537531627298544312e-01 -1.651906102543808930e-01 -2.519571237610179759e-01 -1.858964173707973455e-01 -2.293404908003967846e-01 -2.710728288009727205e-01 -5.187114847149519592e-02 -1.192725128552461905e-01 -2.977710511389830006e-01 -1.098015544456002607e-01 -1.884509954250364050e-01 -2.151053650791691085e-01 -2.890906903197075217e-01 -2.479668387744480562e-01 -2.226349675071445378e-01 -7.453531635087774776e-02 -1.283336381496952804e-02 -1.910153699863277599e-01 8.118259299926695524e-03 -1.552609756145790498e-01 -2.006097976572116248e-01 -3.038598297662311043e-01 -1.793896966974017904e-01 -2.787694161446562791e-01 -2.335118813195374010e-01 -8.142874699297410201e-02 -1.564447095106817065e-01 1.265008099436734368e-01 -2.849177900424591514e-01 -2.630983439948000324e-01 -2.070983563092521906e-01 -1.867360875086250815e-01 -1.842368389415311447e-01 -1.801085271520572739e-01 -1.655908048557469814e-01 3.224970786512761783e-02 -7.362621190678110550e-02
1.449836831137841717e-02 4.057200396144007848e-01 6.013622522384503011e-01 3.309816752502099946e-01 5.619327388967289005e-01 1.000000000000000000e+00 3.650159120960080883e-02 2.654408510272865951e-01 6.462609607341073259e-01 -1.678139925181385689e-02 1.478195515832872176e-01 1.025377175676136926e-01 -3.667138104254964032e-02 -2.594253696314719349e-03 -4.802642768234461484e-02 3.088398623886571409e-02 -4.377647859269280864e-03 -5.324791917408638886e-02 -1.622829620760735114e-02 -3.486327023900853000e-02 -2.968245781528974434e-02 3.663007090875892990e-02 -1.423720968972813361e-01 1.629381762746577311e-01 -1.323669451299317422e-02 6.400800408804258046e-02 -5.890025985533892811e-02 4.777381051442072118e-02 1.712538627322580387e-01 -1.178626152683144301e-01 2.256166660187677517e-02 -2.978903611057431844e-01 -1.712248552809388924e-01 -1.934801111439672996e-02 -4.775861170773560566e-02 -1.055971064885777300e-02 -1.356641607707404461e-02 -1.449394933232535654e-01 -2.514377333074174423e-02 -7.882022220871726104e-03 -1.576760643375323123e-01 -4.114841181115803243e-02 -2.482960328255436055e-02 -1.062115126167212237e-01 3.918102391905407822e-02 -4.226790805157014386e-02 -1.142066683450900233e-01 -1.417931087309517169e-01 5.599947932618217772e-01 2.448754175348602513e-02 -2.239122838916989267e-01 1.087946003814644486e-01 -5.951144193180003122e-02 2.489308658514202410e-01 7.798996022737481049e-01 6.913096944479193429e-01 9.290033985051503532e-03 4.583275480594269924e-01 1.619129499822797441e-02 -8.394826067883876669e-03 3.242494273186018877e-02 -4.467614757985737678e-02 8.260636222154568720e-02 -7.878794551182599637e-02 1.988178034024859139e-02 -9.044172817363427264e-02 -1.620841287803421460e-01 5.133743614846015407e-02 -9.948067695130627386e-02 -1.291227204225738334e-01 -1.302752157693991553e-01 -7.011589624826006228e-02 8.064412092380694426e-04 -8.613179540570030032e-03 6.121575603281009803e-02 6.171561763811892615e-02 5.612401912656665021e-02 -8.921757771593445685e-02 -1.698232293965734607e-01 -3.864242445100927736e-01 -3.320372289269710175e-02 -2.041010136091248872e-01 6.723563796397183379e-02 2.730080589281712149e-03 -1.002458310438282679e-01 -2.773734886577394060e-02 -3.396008973265333269e-02 5.421026107934316662e-03 -6.199724464759483189e-02 -6.349789419297457993e-02 -1.954496058635186440e-01 -1.085650531053343887e-01 3.174463461935776026e-02 -8.564038869346027316e-02 -5.958532261076934268e-03 -1.174539415478337290e-01 -5.366408848540827475e-02 1.536458224594595967e-02 4.362605563325088198e-01 6.045385969040201202e-02
5.317265036947325940e-02 3.065412248407674983e-02 5.928330007692692721e-02 -5.214498513170090499e-02 -2.625998160412089111e-01 3.650159120960080883e-02 1.000000000000000000e+00 4.422449408020174833e-01 2.452468664881772564e-01 3.298744917585427205e-01 2.856750850464172542e-01 4.156882971809537919e-01 3.057856868035095377e-01 1.675450979371281846e-01 1.050594782735335547e-01 1.827407589313917169e-01 3.902613805334891328e-01 2.264726372674818189e-01 3.286803018549527278e-01 5.983705644880361885e-02 1.181845029927583307e-01 3.376613083965108175e-01 1.516360066699735387e-01 4.942448925194701248e-01 2.766801743109445488e-01 2.753084685568218948e-01 2.518284671344367398e-01 2.054421349632984950e-01 2.812926105609049321e-01 7.491369016566154504e-02 2.440982689508393311e-02 -2.605153320444401621e-01 -2.177627889580640574e-01 2.429538234543250907e-01 3.215181574401382303e-01 8.851184397517219971e-02 2.536433656223127109e-01 6.130239253682012723e-02 1.459917840069433481e-01 2.421040018096854152e-01 -1.170595296950635274e-03 3.551397619929355653e-01 3.302153432663487709e-01 1.123108029265994373e-01 5.439328852246803903e-02 1.813757566926577913e-01 5.075101761650008952e-02 -1.071591602540950721e-03 2.306617662913235944e-01 1.294142958969916879e-01 -1.212120035526252082e-01 7.818453405827713310e-02 1.187406873728269197e-01 -1.479363590830667374e-01 -4.848753879875808415e-02 1.676399271272998037e-01 4.377217622015714404e-01 3.079372926221715101e-01 2.758399718120230215e-01 3.737282879514264300e-01 3.945354489640480744e-01 3.114907870930717082e-01 2.717209828552338280e-01 3.031019283080673699e-01 2.962609547634021956e-01 1.505038804505548222e-01 2.044175951182848061e-01 4.180782249107656279e-01 3.490012167902520335e-01 6.289559490461989200e-02 7.034750647090691478e-02 3.853211250048483305e-01 2.723025474306325910e-01 2.515285971111568264e-01 4.408923083172529012e-01 3.563159404343083092e-01 2.825752892888832024e-01 1.813306528656690453e-01 -9.015538362143366014e-02 -3.173504180336056968e-01 2.151323951666916368e-01 -2.302233456164893277e-01 2.652098757696036979e-01 3.133874464815235017e-01 1.587519360414062219e-01 1.573369543108711355e-01 1.980902683733724856e-01 1.570131575915754141e-01 1.402406292689496181e-01 1.304926737623619271e-01 -2.937838119855948338e-01 1.441817230180133906e-02 1.311692841630197059e-01 1.396904104572944672e-01 2.387719204674542961e-01 8.471569610340869139e-02 1.446381301664622088e-01 1.209341930598936410e-01 2.342190271405840407e-01 1.878643541840982756e-01
-1.790190743123381556e-01 4.816232443552003750e-01 1.922064009213337588e-01 5.297461233710245576e-01 2.291894455020710986e-01 2.654408510272865951e-01 4.422449408020174833e-01 1.000000000000000000e+00 4.829287774820972268e-01 -1.338952703048776061e-01 1.277529771260729578e-02 1.298653311059764781e-01 2.434716878802333506e-01 3.042783577780421300e-01 2.405835615599054844e-01 2.118018447042712415e-01 3.208864348823731727e-01 5.674753675799530939e-01 4.164653681200390367e-01 1.597783801870472919e-01 3.599147075413546282e-01 2.110338070659398269e-01 2.797302439093419246e-01 3.262816688491753103e-01 -1.697566179136463793e-01 1.961509287050410694e-02 2.131517974947373661e-01 1.384468873034830905e-01 2.044504864262965405e-01 2.088979103311046637e-01 1.206435007955319536e-02 -3.147623718840384388e-01 -2.711434433792053178e-01 3.171174195378282934e-01 1.447424899424934186e-01 1.137717312713851375e-01 1.313062692606687676e-01 -2.650930300748801649e-01 1.687739909646606210e-02 1.039694374621315670e-01 -4.252653181099206453e-02 -4.361559883896202333e-02 1.888338658915383883e-02 6.102983108535273149e-02 1.727222410580023793e-01 1.875817186895521738e-01 1.590265296632768777e-01 9.124846524293689365e-02 2.232433897291079272e-01 1.242310889197700829e-02 -2.106336408402503524e-01 2.415443966078943683e-01 2.217008362711041514e-01 3.134103193196450809e-01 2.453414099481244504e-01 1.655113438000712645e-01 4.680630261081919485e-01 5.462958030470019821e-01 -1.350926526743008727e-01 4.280806130069847448e-02 1.159968053686523948e-01 1.608784388858912062e-01 2.737157602359303610e-01 2.901975054037757018e-01 3.790303006086084836e-01 2.466655716306099533e-01 -1.471672218569972657e-01 3.319392415248337280e-01 2.165422638960468882e-01 2.120159029169729481e-01 1.698653138929525630e-01 2.268362264695084618e-01 3.681764665219941501e-01 -1.221526452590837447e-01 2.091559374249968295e-01 -3.308378489470703565e-02 1.929412196538724533e-01 2.247005657075218377e-01 -1.998650445632066397e-01 -2.480356307863591236e-01 -2.798368262806054288e-05 -3.221804773808676914e-01 1.249264933734567234e-01 7.576445486219897385e-02 9.196629357270073857e-02 1.446681556258016532e-01 7.862040018633215110e-02 1.107618939943268155e-01 3.854419583538670063e-03 -1.787772196365569610e-01 -1.768099231998443710e-01 -3.089024758087717815e-01 -1.562981867392782831e-01 -2.481720516021904410e-01 -1.555166392915083295e-01 2.687318684472116831e-02 1.365215791699574410e-01 2.089995700183510108e-01 1.335656084985288317e-01 -8.581454513030166431e-02
-1.310010925537714865e-01 4.120150807029346329e-01 4.820291867568273769e-01 1.852441657703083611e-01 3.673803307159380083e-01 6.462609607341073259e-01 2.452468664881772564e-01 4.829287774820972268e-01 1.000000000000000000e+00 1.339824678893138665e-01 2.502423359364920330e-01 2.638208808196906840e-01 2.060710533984433102e-01 2.291487355128367098e-01 1.602094665637917581e-01 1.826064738730788202e-03 2.274782016433240794e-01 2.029796514562148824e-01 1.962256262241457161e-01 4.394140117498667418e-03 1.908994094767729188e-01 1.666775144710264389e-01 1.248711151641585804e-01 3.489311725919798657e-01 7.960748255841634813e-02 1.917405466645846490e-01 1.079325433455213951e-01 1.524132018114199294e-01 2.916429963549757032e-01 1.466200190870795561e-01 6.967794711970137778e-02 -2.715687575756555172e-01 -1.938150503355142162e-01 9.837549454182073494e-02 4.503610411389839807e-02 1.512884199883611780e-01 9.053423209648267522e-02 -2.231488440321984790e-01 1.186044383223555237e-01 6.196931454790965271e-02 -1.788114293948047939e-01 7.088922723100447854e-02 5.039442159616759620e-02 -7.095492076130946457e-02 6.321461056196157891e-02 9.623726723673789452e-02 2.861630186900243275e-02 -6.313064993761473287e-02 4.492261601914885882e-01 -7.857405638171019446e-02 -1.943296359599180068e-01 1.677963740539533677e-01 -2.310251415025975363e-02 7.078436813196084532e-02 5.828414398743525515e-01 6.108393397267383174e-01 1.567320059706490132e-01 7.467073415318085106e-01 9.154626172037375054e-02 2.126055958873702412e-01 1.758673465235364719e-01 1.861089274710616137e-01 2.820192002952268129e-01 2.248801721300815737e-01 2.312006890957803984e-01 1.410370465248101668e-01 -1.551155743969541423e-01 2.232918439116512166e-01 6.702986663465042294e-02 -4.031453044281480685e-02 9.136767812765676788e-02 8.416435415081285898e-02 2.119837723035105370e-01 5.222196544463743317e-02 2.288246772526061623e-01 1.327714697038585023e-01 2.182221714765401888e-01 1.268030570411015912e-01 -1.954376852966305533e-01 -3.095471926508145399e-01 6.510601595518150653e-02 -2.456027534401581669e-01 1.289118168043003887e-01 8.612681587272678907e-02 1.212405991062772553e-02 6.261655393696625993e-02 1.069406476344583745e-01 1.436311696865124055e-01 7.631198563784674649e-02 -4.768910746137407924e-02 -2.399322135135141532e-01 -2.082066353228348154e-01 4.798366831506131747e-02 -7.957830381105508721e-02 8.440856488454902273e-02 -5.415361691809975064e-02 6.647034281922678534e-02 1.202468759759427186e-01 4.294862392068871104e-01 -5.250936585107168764e-03
1.806855386321314094e-01 -1.563057749604613578e-01 -1.588944380619599977e-03 -4.935282449428117779e-01 -3.223073662835062581e-01 -1.678139925181385689e-02 3.298744917585427205e-01 -1.338952703048776061e-01 1.339824678893138665e-01 1.000000000000000000e+00 4.929806004782857354e-01 5.279770567315930085e-01 1.484229768916446035e-01 4.847505355443707670e-02 8.277194870712233088e-02 -8.244742718007229410e-03 1.126843999263801299e-01 -1.440002216514880140e-01 -2.408732294720929840e-02 -1.249452599396755209e-01 -5.705595542721118851e-02 1.197786412344385293e-01 -3.340094970535959634e-02 3.327503160200536714e-01 5.446312926944242294e-01 4.164794170067086521e-01 7.612478698568557467e-02 2.929361131922636474e-01 2.416439135990664233e-01 -9.271512305431908046e-03 3.549130051522887686e-02 -1.369162342208278364e-02 -6.609900322887525548e-02 -5.548234505547851303e-02 1.657623508424207193e-01 8.374199986369772024e-04 2.277371828665466780e-01 1.619036627704406595e-01 3.629514481220879468e-02 8.006745537894284503e-02 -2.004490419541682944e-01 2.832430823016570121e-01 2.840138103238672440e-01 5.794267082505297900e-02 -1.749011269977985006e-01 7.012918819462601872e-03 -1.226237306206787447e-01 -1.623853032605067359e-01 1.105286799588210134e-01 -3.089979991228597109e-02 9.651827789295777671e-02 3.441448740343033136e-02 -7.181907324016863214e-02 -4.359812211821092465e-01 -6.176808943349387793e-02 1.584656689202146307e-01 1.196997719797925908e-01 1.491666846889580234e-01 6.694995597015267474e-01 6.411197598883734416e-01 6.020556610616776272e-01 2.403424644333326532e-01 1.849752945112120295e-01 1.433007391658998320e-01 3.004644416478969432e-02 9.793048259590861337e-02 1.317156056577018786e-01 1.840985724639286891e-01 1.198502168297936182e-01 -1.558667188861914132e-01 5.167810004505078020e-02 1.972095146801912668e-01 2.839608047513451569e-02 2.501349734898433708e-01 5.509173427445068771e-01 5.387014520493278447e-01 2.593030899624313990e-01 1.486740139138097438e-01 2.074787936787363118e-02 -1.509268006321076161e-01 2.459709251637400562e-01 -1.461140494648268118e-01 1.691452560618309231e-01 3.258269828509416377e-01 8.154376492387643838e-02 -4.806141956823692385e-02 2.430124357698854876e-01 1.686611934324578344e-01 8.292200754374293159e-02 1.548919713922079222e-01 -3.240668174704176563e-01 2.638554840868064244e-01 2.959115481646625301e-01 2.588883624693132379e-01 2.990130955352164333e-01 -5.315043279561689968e-03 1.523537083807225030e-02 -2.685521156096084758e-02 2.258983084970102861e-01 2.359750860377120840e-01
7.244882822146730961e-02 2.308892714026963486e-02 1.836849520092721511e-01 -2.155814864220858551e-01 -1.966525299658053727e-01 1.478195515832872176e-01 2.856750850464172542e-01 1.277529771260729578e-02 2.502423359364920330e-01 4.929806004782857354e-01 1.000000000000000000e+00 7.309311244750955616e-01 3.223128135831109797e-01 2.038208221257362118e-01 2.387452097066602164e-01 -9.524552834286226233e-02 2.807926020726326244e-01 -8.927501937799514620e-02 2.033822344428603546e-01 -6.432919856177966855e-02 1.356014864033129319e-01 2.289267734249090247e-01 6.741211352129510004e-02 4.269045676641487486e-01 2.853900185873615714e-01 6.431778063216936348e-01 2.075508063232345823e-01 3.741054513149131289e-01 4.171992946664991875e-01 1.395339740688477659e-01 -5.540535756632540554e-02 -3.141199045326927841e-01 -2.209282921217411155e-01 8.002097964814459952e-02 1.662657760970660814e-01 -1.009718313081827551e-02 2.505584973932466486e-01 -1.109447894287972532e-02 1.421969004654453639e-01 9.585114296566607517e-02 -8.891886851899341582e-02 3.100992094064830562e-01 3.994561420438041965e-01 1.900828313185228546e-01 -7.747427653184713048e-02 2.045295737850440776e-01 8.844861591652682098e-02 8.551284200072449201e-03 2.918634172944692406e-01 8.926761324137511000e-02 3.520271490840025386e-02 1.177322255273393764e-01 6.949729041484355163e-02 -1.852254646780832070e-01 9.512891510145034604e-03 3.320632903001637937e-01 1.456384413258133836e-01 2.542365891536766953e-01 2.914371632351075991e-01 5.832575675695914619e-01 5.180083597613508450e-01 4.124785884727213969e-01 3.798019810486418790e-01 2.710533402087989541e-01 2.343378871391307849e-01 2.445823860849359321e-01 -4.743133040951175161e-02 4.411700836479739429e-01 2.457635432887857185e-01 -9.446526988815963366e-02 1.212219585463306798e-01 2.193935114611657022e-01 1.242962476860051541e-01 6.735918179262305461e-02 4.981160063439931118e-01 4.611922400318732573e-01 4.303532630880924081e-01 2.042006434011150728e-01 -2.522770528610609464e-01 -2.458241266837198347e-01 2.446379628704732911e-01 -2.298807691425463762e-01 2.154355521534827844e-01 3.162044018889850205e-01 1.384366538629037691e-01 1.227052930960082777e-01 2.230416676086784955e-01 2.338654808825561260e-01 1.474104912337787232e-01 9.367966332596816548e-02 -2.247584615801668517e-01 -6.235891352333274712e-02 8.742821140712585259e-02 1.425106648864747638e-01 2.097179672297405095e-01 1.230279844522309263e-01 1.813892901109765421e-01 1.433165356028928694e-01 3.854596614528919551e-01 2.206566179483809287e-01
-2.306258930465844570e-02 -4.530264051453844476e-02 6.745144164593284974e-02 -1.534818442705914998e-01 -2.330347114224932403e-01 1.025377175676136926e-01 4.156882971809537919e-01 1.298653311059764781e-01 2.638208808196906840e-01 5.279770567315930085e-01 7.309311244750955616e-01 1.000000000000000000e+00 5.259681313464337205e-01 3.974394638832995930e-01 3.759389993726346413e-01 -1.312285644991759426e-01 5.286607658508475360e-01 2.773325861866543507e-02 3.895702748941677895e-01 -5.334993465342311586e-02 2.640463205643357458e-01 3.852820381675085559e-01 2.734381944200078296e-01 6.919442262186217274e-01 1.883501911337108481e-01 7.555606282849353095e-01 3.383874053636486967e-01 5.310304155891211186e-01 5.371889072593603043e-01 3.412764629331228039e-01 -1.600786654154235100e-01 -3.840573278350921660e-01 -2.940131694351983405e-01 1.982094895254724320e-01 2.838433063530115263e-01 -3.960151219409092233e-02 3.232474338026661842e-01 -1.545334386746358701e-01 1.511387299709909537e-01 1.351188476991821708e-01 -1.412450920913666808e-01 3.235128230570297192e-01 4.606341909050404859e-01 2.552478160945056418e-01 1.117293182805066676e-01 3.288439731275860645e-01 1.291998162553119334e-01 7.542913387524133317e-02 2.286134376091559228e-01 7.663577553780033524e-02 -7.217603777788259012e-02 2.550455442615893326e-02 1.358686190963088736e-01 -1.350547873591055603e-01 -5.244556517866418022e-02 2.424718928410882490e-01 2.111318993649784481e-01 2.517817343775413108e-01 2.392098427425072837e-01 6.620703687828134454e-01 6.692649006366244713e-01 5.825880106407219650e-01 5.717763524440142575e-01 4.000345688025132573e-01 3.814800350156990483e-01 3.855558720315319099e-01 -5.033504519123865872e-02 6.211268165165559907e-01 4.067807608644572470e-01 -1.061418910417960548e-01 1.738035087999836303e-01 4.605157553804185011e-01 3.749581665522528917e-01 8.743025968483417176e-02 6.538567904199863445e-01 4.903554374640499702e-01 5.490683245893555053e-01 3.998293982291410420e-01 -3.298750978811380574e-01 -3.259914094104051085e-01 3.016553321650731201e-01 -3.796073059494043944e-01 3.251909861748008557e-01 4.052045887896004728e-01 2.360855104922614800e-01 2.369931207692293484e-01 3.370104102454605788e-01 3.667195844072216881e-01 1.278684162752879994e-01 5.783683227878473609e-02 -2.899357729465791844e-01 -1.383057502276674455e-01 1.015490226822181458e-01 3.330057221952438529e-02 1.929610424053029571e-01 2.307649938490063113e-01 3.167904187633864277e-01 2.615670315813467539e-01 2.784299291931526810e-01 2.222047000557020313e-01
-2.114583732393473803e-01 -1.586380583297775648e-01 -1.131964405867098011e-01 2.726031178248234602e-03 -3.372730689531064363e-01 -3.667138104254964032e-02 3.057856868035095377e-01 2.434716878802333506e-01 2.060710533984433102e-01 1.484229768916446035e-01 3.223128135831109797e-01 5.259681313464337205e-01 1.000000000000000000e+00 6.836337650919335207e-01 5.920088819925735102e-01 -1.760437705999062519e-01 7.531110391278935667e-01 2.440313955575718341e-01 6.107197907686892080e-01 1.147568470534258145e-01 3.793447428155770629e-01 6.892913577248037660e-01 5.784816686823824883e-01 5.032019130241170979e-01 -1.933901818301213549e-01 4.723389359937298915e-01 5.229766275397877973e-01 4.660919736317165052e-01 4.881873859764234713e-01 5.788779282664815451e-01 -1.586057342055914865e-01 -3.573110187870632282e-01 -1.898722642423126272e-01 4.753121034931692690e-01 5.181964032422513577e-01 9.182653312147813496e-02 3.856975045168427041e-01 -2.016989290884042552e-01 3.303199252629841487e-01 3.507955838250528258e-01 1.828486103919836070e-01 3.011651661427420246e-01 4.757282263079192774e-01 2.976117636182510906e-01 4.698256911833074145e-01 6.374234339353656020e-01 4.957610398938430141e-01 4.297257753162426752e-01 1.111289112230304382e-01 2.281821366944946916e-01 -2.530994650221634057e-01 -1.630496049925390101e-01 1.150398165062558042e-01 -4.628162873254833276e-02 -1.842473866861257525e-01 6.446930820868419787e-02 2.259744431644259977e-01 1.782243779772577918e-01 -1.724449403417145643e-01 3.477689331955498564e-01 3.474034048919036333e-01 8.406223218541177822e-01 8.275499906792356253e-01 6.501924189556009814e-01 6.256888507102947861e-01 6.259257488005062209e-01 -2.062638368738342609e-02 6.548224668620119537e-01 4.229871726185466807e-01 4.926845299848761281e-03 1.658772921423996849e-01 6.349059478575053150e-01 6.100052989465567510e-01 -2.224088387466986380e-02 2.133265308396281312e-01 7.439361634659386047e-02 5.429942912488980866e-01 4.587168590647170974e-01 -3.914726132869029707e-01 -2.303755728961338345e-01 4.422326518930241174e-02 -2.283016495407732271e-01 3.064721385279098320e-01 2.940941272398947537e-01 3.979515190929184820e-01 5.904207415802869008e-01 3.860677304055490922e-01 4.102522583298763847e-01 2.241422401694448396e-01 -3.695233615951607625e-02 -1.737054668745433017e-01 -1.935043700494552821e-01 5.639178990334389047e-02 -1.165385975731624557e-01 1.011777951666039121e-01 4.164698236138480447e-01 5.690017461858857262e-01 5.440562333455285504e-01 1.428520381481212798e-01 1.579733387025111513e-01
-3.477415796548479765e-01 -1.172934048404387225e-01 -2.084237413890168422e-01 1.593784137751208252e-01 -1.386347718993140021e-01 -2.594253696314719349e-03 1.675450979371281846e-01 3.042783577780421300e-01 2.291487355128367098e-01 4.847505355443707670e-02 2.038208221257362118e-01 3.974394638832995930e-01 6.836337650919335207e-01 1.000000000000000000e+00 8.439969111020981796e-01 -3.500200321724654118e-01 6.347016653833748023e-01 3.275382552790793711e-01 7.015300322906209418e-01 2.588641028794960719e-01 6.810687712496164004e-01 4.675375701043568144e-01 7.768955829750654463e-01 4.721775949814978057e-01 -3.359845489217478942e-01 3.049702562911689729e-01 5.393053362092973257e-01 5.527408538686997552e-01 5.545697759479787381e-01 7.245048408503189652e-01 -2.399954747465534999e-01 -4.469150740943820255e-01 -2.936058905282565301e-01 4.672004648576979502e-01 3.760512789249384480e-01 1.354997131821589207e-01 3.879651725860026601e-01 -4.157223414208605083e-01 2.635932724283270301e-01 2.391864368415081987e-01 2.196346997261694189e-01 3.813007856645619226e-02 2.146842372071881833e-01 3.505205823045085545e-01 4.743190658326991715e-01 6.866228135830377832e-01 6.383330475861451747e-01 5.554851640880416053e-01 7.128794651245994041e-02 2.484086157759780866e-01 -3.623745777321185635e-01 -1.951674353939344131e-01 2.357960497912615638e-01 1.716540541313145707e-01 -9.540980225109989277e-02 -5.806137266428867266e-02 2.211020765215848671e-01 2.537358923240878861e-01 -1.945051134475009602e-01 2.172214450182254064e-01 2.444187994984322598e-01 5.489860970064397439e-01 7.249095016914370859e-01 6.486927254711801760e-01 7.622677577561316475e-01 8.275008768907794465e-01 -1.474255922756085961e-02 5.821428223783815525e-01 3.836902042514823141e-01 7.476853565715310679e-02 3.384003247537660797e-01 4.856253733984802756e-01 7.401641987711710113e-01 -5.214436914771638371e-02 2.434010672200276892e-01 -9.631624135059647929e-02 5.496076902367642569e-01 6.675897285417222715e-01 -5.191184574693323839e-01 -1.880140469752842602e-01 1.004467310453246165e-01 -2.546949685494263038e-01 1.341618198693907416e-01 9.834250832908275619e-02 4.127098127692570007e-01 6.377343024517628800e-01 3.749073591451703713e-01 4.283338021901437753e-01 2.849395011916435183e-01 -6.514266245150929224e-02 -1.127231485733250632e-01 -4.287880873503011059e-01 1.612006364957944970e-02 -3.429919429371287021e-01 -1.974598951385974910e-01 4.040282299065311444e-01 6.613508804366812210e-01 6.817540495247236265e-01 7.610496997617810511e-02 9.360794138167660705e-02
-3.456801909980580789e-01 -1.180904564515961180e-01 -2.316045399628337276e-01 1.514056419322025449e-01 -1.829615576183028225e-01 -4.802642768234461484e-02 1.050594782735335547e-01 2.405835615599054844e-01 1.602094665637917581e-01 8.277194870712233088e-02 2.387452097066602164e-01 3.759389993726346413e-01 5.920088819925735102e-01 8.439969111020981796e-01 1.000000000000000000e+00 -3.633462318831963134e-01 5.451265011203175748e-01 2.568314195081808360e-01 5.924348176103009234e-01 2.171804150127520650e-01 7.288456446203981365e-01 3.943783497470108035e-01 7.671493915894521676e-01 4.668164029260566394e-01 -2.838170063022847911e-01 2.854433356521299814e-01 5.146710611148948011e-01 6.243971927158027402e-01 5.963084004040133390e-01 7.452502168479556710e-01 -2.536616170770490952e-01 -4.132061181858610599e-01 -3.043897455788933115e-01 3.797361143022766061e-01 3.350792329326477414e-01 6.422587899125116462e-02 3.985281741779116982e-01 -4.257591092363946506e-01 2.115763480095525784e-01 1.952049788525645480e-01 1.453586858701546580e-01 -2.335794079249819272e-02 1.541695413298524719e-01 3.704871860063814748e-01 3.902759554537321707e-01 6.645586117889171751e-01 6.224174832301067051e-01 5.591840210360853325e-01 1.204796514014584881e-02 1.622242298206025002e-01 -3.380376330704731314e-01 -1.887405162829724481e-01 3.182622845663924394e-01 1.749044104505263764e-01 -1.908053905425276531e-01 -9.636244138109346935e-02 2.245196310416058549e-01 2.021635356412407047e-01 -1.204098350914589027e-01 2.501112279027604690e-01 3.073374827259669484e-01 4.660330555474964109e-01 6.718206228563422533e-01 5.968635259555712391e-01 7.232763058595452765e-01 8.987027457521105100e-01 -2.488164659814566526e-02 4.956407496667576962e-01 3.319141792190504758e-01 6.455520863831869065e-03 4.296362609539938759e-01 4.203884226266442203e-01 6.546919329862679326e-01 -4.017306276359174783e-02 2.913633457414435690e-01 -3.467130325641951810e-02 5.753807931204190096e-01 7.269557229265379839e-01 -5.106284959220777075e-01 -1.206974713674736910e-01 1.551865201630866498e-01 -3.246813170037930463e-01 5.525899715438707671e-02 5.761816009275702588e-02 4.255531180007434133e-01 5.904984629626647274e-01 3.881642429122781901e-01 4.802101139468883395e-01 2.192871670430245612e-01 -1.088520687609554199e-01 -1.072379562385002705e-01 -3.732533008557570864e-01 4.083309390616311763e-02 -3.434015479220868250e-01 -2.391962060407594459e-01 3.740605793718173033e-01 6.529970768871472542e-01 6.610282978492820760e-01 4.788986023217350202e-02 8.866647804673400898e-03
