1.000000000000000000e+00 1.402152241657428078e-01 4.730601716295887993e-01 -2.880155458061437468e-01 -7.721415342068013374e-03 4.800771441478860480e-01 3.657734408990848118e-01 3.598626339499494398e-01 3.411206495519737425e-01 2.865418281996020000e-01 -7.699927011954603440e-02 -1.491258160512239916e-01 -4.011277522607278878e-01 -3.019017291220373322e-01 -3.278677630361572781e-01 5.313803678471846759e-01 -2.797428804598978136e-01 -2.223060706339264059e-01 -2.095164949599005455e-01 -3.619372986638987877e-01 -3.230491630725306207e-01 -3.389254785107916335e-01 -3.495278749220202541e-01 -1.296865171488137125e-01 2.772827094268699999e-01 -3.500841861557081880e-01 -9.038612203035971404e-02 -4.464334029559144934e-01 -1.880390779223999054e-01 -3.620939850797275095e-01 4.096244301942121302e-01 7.344601231028415056e-02 2.485189494077862660e-01 -2.776460895517345318e-01 -4.224497057689797219e-01 1.902352970095524606e-02 -2.982256207388050417e-01 2.996953729640507991e-01 9.733447000689654516e-02 -3.789749385633044143e-02 -1.898955794000314889e-01 -9.789157758454945790e-02 -2.555961418648734496e-01 -2.466799541678523222e-01 -3.191336987973552586e-01 -2.503052011278353306e-01 -3.183901661180752463e-01 -3.973525530690109608e-01 2.582025642093168094e-01 -7.070786998286636427e-02 6.908012311921115645e-01 4.502229712661932615e-01 5.023802556213215198e-02 -2.731670353336753676e-01 5.101041479635917142e-01 6.724935747731909386e-01 3.199760753009235348e-01 3.424473892247340001e-01 1.994334361931179023e-01 -1.328780017341092690e-01 5.882226871850981115e-02 -3.263647776476958917e-01 -2.707694387127028701e-01 -3.324505421542372496e-01 -2.688493136736732625e-01 -3.079185174795832647e-01 2.321537820952197795e-01 -3.038450305213515334e-01 -2.598311006046702398e-01 -8.817516921769058547e-02 -3.289921942090719975e-01 -3.458323413038705274e-01 -3.169493427986486700e-01 4.078175479143484883e-01 7.768905866616997169e-02 1.144329751179661986e-01 -2.904060645482894332e-01 -3.098786170357418213e-01 2.315043359831694958e-01 9.257254081894353281e-02 -1.996564363413751431e-01 -3.360230643694777503e-02 -3.317883777500028053e-01 -4.445855018647536516e-01 -1.680885827992781023e-01 -3.721088879656676562e-01 -2.208318414853750467e-01 -3.396524392824648020e-01 -3.692835297223762830e-02 1.326316695453752803e-01 2.163376336783038312e-01 3.595752789697518881e-01 2.467681345311732721e-01 3.306667398328848040e-01 -1.351519993391355756e-01 -1.948566116887118782e-01 -3.155429473882782054e-01 -3.208315594369687274e-01 3.463607125123463470e-01 -2.027993876066969819e-02
1.402152241657428078e-01 1.000000000000000000e+00 3.602938532785503467e-01 2.198725241852085843e-01 3.920905737811116731e-01 2.562180479195971805e-01 -4.434984328514143814e-02 7.041763446341497978e-02 6.079557358161314512e-02 -4.851796071240462027e-02 -2.044920313787109423e-01 -3.670377849822723665e-02 -2.349053604917003268e-01 -1.996292946619538378e-01 -8.713270996477794073e-02 3.650794848860674513e-01 -2.588154921405002029e-01 -2.043320240625019490e-01 -1.870417679420649237e-01 -2.201663917470517984e-01 -9.141403073135652424e-02 -3.258667314669622672e-01 -1.350465431659049753e-01 -1.635442577058763558e-01 -5.293517592092406021e-02 -6.509250035765706821e-02 2.986121254913096101e-01 -2.207499078473599552e-01 -1.244990530654824096e-01 -9.512009911315463806e-02 5.073811665709523910e-02 3.877545249127824500e-01 3.248725707636874183e-01 -2.838709158574166946e-01 -1.591177860985185655e-01 -1.172604297704201021e-01 -3.051802862073055289e-01 1.036027715785383663e-01 -3.907643123309581870e-03 -1.843679903116058061e-01 -2.289071174980983059e-01 -2.277644826142277423e-01 -2.297102428838698751e-01 -8.408708321507080141e-02 6.804472286228750721e-02 1.892276626511108645e-02 -2.243104912994986766e-01 -2.268206043779197600e-01 -1.454653624293805736e-01 -2.349507377286911836e-01 3.012636272974920093e-01 5.565274085547119443e-01 3.830035853068046725e-01 2.553719714888389447e-01 2.356549531633222727e-01 1.387042950000691999e-01 2.237460080356784287e-01 4.564533883981638368e-02 -1.148262437142059944e-02 -1.334352656476256171e-01 -1.424944562130337211e-01 -1.924988574050410794e-01 -2.403112700383158995e-01 -1.948744612223452799e-01 -1.140686414084644551e-01 -9.362738364832362548e-02 5.532797639998576766e-02 -1.622006888515003242e-01 -2.684673160521732771e-01 -2.393088231594304172e-01 -1.521288242132954049e-01 -3.270187952572339851e-01 -2.083410605487756861e-01 -5.794402685346804194e-02 -6.590268539980803641e-02 -1.068093459557528380e-01 -1.606946020177475454e-01 -1.238936632897147810e-01 -1.084969903044556531e-02 4.431018656980592607e-01 -2.197252464568680563e-01 -2.215203227666296681e-01 1.107583679565863830e-02 -2.619915990893810220e-01 1.540461655583301170e-01 -2.526129164585055320e-01 -2.121187194024296840e-01 -2.903352431712213910e-01 -2.367423586699373139e-01 -1.975221994411676674e-01 3.346386684106446019e-01 1.636587088194348394e-01 4.915734839332985828e-02 -9.022464638797118852e-02 -1.725046654367151933e-01 -1.575744527204261392e-01 -7.285855754514584948e-02 -2.544374399527190578e-01 -1.321629390396844295e-01 -2.278221756346806570e-01
4.730601716295887993e-01 3.602938532785503467e-01 1.000000000000000000e+00 -4.519348027853990479e-01 -1.697805468520567351e-01 6.640452352080992160e-01 4.500302373599978645e-01 4.580705426132471447e-01 3.605496252666857138e-01 2.793879582263045225e-01 7.709712476493509221e-03 -2.808847489743204751e-02 -2.818613844848827932e-01 -4.403646267031114947e-01 -4.649900630642833654e-01 4.815345025456403971e-01 -1.670724462380734632e-01 -6.006179309917346332e-02 -2.722739431738493976e-01 -2.303387576203047016e-01 -2.861896489468828686e-01 -1.387848598318484061e-01 -4.656378678256238302e-01 -1.566292646227844185e-02 3.530095446502947709e-01 -1.666710471643092772e-01 -1.743734643311224686e-01 -2.516908324120074036e-01 -2.457960363853379238e-01 -3.997528785940475116e-01 3.827582891642319907e-01 -4.098011602325576930e-02 8.394678256529969351e-02 -1.310342395822366168e-01 -3.064745833099697947e-01 -2.398537531546510518e-02 -5.459277779079824144e-02 3.102811786117665727e-01 8.884253947620078529e-02 2.010142482789598339e-01 -5.481140801061294351e-03 3.398101511275133935e-02 -7.462112346960010981e-03 -2.136284981483719814e-01 -4.569617661651023122e-01 -4.470012733554509787e-01 -4.349991824730802814e-01 -5.077604426806322513e-01 3.149303282456579756e-01 -1.084041982380340614e-02 6.182322402695077379e-01 5.798698562283810531e-01 -1.591472437326757194e-01 -4.419269799170945090e-01 6.079812246427052091e-01 7.483226881302089684e-01 3.457540459485661799e-01 4.094393966375080574e-01 2.521029002396905083e-01 -6.794300129414998501e-02 -2.280045800181604645e-02 -2.074317322081178083e-01 -2.518979675509838700e-01 -3.543537214552680559e-01 -2.494708248079048063e-01 -4.227219874410629852e-01 1.332411279940255988e-01 -4.465617369314977408e-02 -1.565830645851159775e-01 5.682948991272908368e-02 -2.503223454613336951e-01 -2.304901516011620133e-01 -4.525625791075124638e-01 3.856999238891392068e-01 2.131067918213886692e-01 1.582715586829946952e-01 -7.423591445110408471e-02 -3.984548512441544177e-01 2.201645942430406344e-01 -4.449162889850580976e-02 2.156725784878460450e-02 -6.909883275221113952e-02 -4.689301928732591551e-01 -3.646326790901240900e-01 -3.062079676629980152e-01 -4.990310016076344724e-01 -1.960532718114573469e-01 -2.270076865936142552e-01 -2.400408744947737927e-02 2.986108527525741310e-02 1.280097661296709932e-01 5.392352722416653421e-01 1.712894113480818437e-01 3.030509247741856038e-01 -1.139983418061773779e-01 -3.385369308605879479e-01 -5.236781244988207851e-01 -4.712814529063750202e-01 3.414252569164009654e-01 4.705267825751506539e-02
-2.880155458061437468e-01 2.198725241852085843e-01 -4.519348027853990479e-01 1.000000000000000000e+00 6.416567317964060324e-01 -3.441437864549939385e-01 -5.071691047195374669e-01 -4.064182829939160246e-01 -2.726946093245273817e-01 -4.458150412351175595e-01 -2.572167400512868074e-01 -1.542155248020184687e-02 8.841963433165567210e-02 3.094274943236178799e-01 4.660162970377926261e-01 -1.942837558640173878e-01 -6.410297367573966620e-02 -1.386019928910212917e-01 1.277890512195102857e-01 1.855929137984754090e-02 1.982121571787425485e-01 -2.153179338418104993e-01 3.982447700155958281e-01 -2.673027020640214579e-01 -5.059941031878794071e-01 9.745819239627957764e-02 4.243705198047728611e-01 4.011595600762846853e-02 1.328822602016943855e-01 3.745715352683679500e-01 -3.559271609495696653e-01 4.900317032014493424e-01 3.284698374487616812e-01 -1.767982530571019228e-01 2.121185943793671147e-01 -2.248375338904040621e-01 -2.078584214537651798e-01 -1.893474132143093958e-01 -1.608242891707063194e-01 -4.780067509702424222e-01 -3.425416308845868341e-01 -3.040235724714421828e-01 -2.465144028506543461e-01 1.929188789637948098e-01 7.016408195159539174e-01 5.496987994967670321e-01 2.912115462658264042e-01 3.020201543836780189e-01 -4.156646330612788764e-01 -3.584549142199787153e-01 -4.068933675263687322e-01 -1.898921994657804535e-01 6.797632114693690220e-01 9.230830267312539750e-01 -4.842283543912490607e-01 -4.813277419646710409e-01 1.499288017067468837e-01 -3.596402158670677363e-01 -3.942916960425860151e-01 -1.340388452209757830e-01 -1.567216395798939621e-01 5.614027528513806931e-02 5.086258537262792340e-02 3.169099826518811391e-01 2.309885157999981287e-01 3.809512879955357922e-01 2.421573427551660870e-02 -1.196705370123133383e-01 -1.409389515412441951e-01 -3.376773991560640953e-01 6.227384158624996169e-02 -6.059140667859985729e-02 3.354800183662041135e-01 -4.864860322403949389e-01 -4.114632327668234502e-01 -4.168880685996162461e-01 -4.925767644587331073e-02 2.789879066904580873e-01 -3.147702626042912510e-01 4.587822378437687587e-01 -2.532715648353530691e-01 -1.970123192608179974e-01 5.966175351469994448e-01 3.083157708048818724e-01 5.293947319513658822e-01 3.533645085381026396e-01 -9.772898082613894200e-02 -9.644893948429782149e-02 -3.140085123797495270e-01 -4.176971998046677403e-01 2.686165643319566310e-01 -4.420289414880913537e-01 -1.587286990999821346e-01 -5.340571212900735443e-01 -1.720730925799473787e-01 2.921907719989665919e-01 5.373077107398379626e-01 2.769902647628037506e-01 -5.064383417621791672e-01 -4.008828983115496070e-01
-7.721415342068013374e-03 3.920905737811116731e-01 -1.697805468520567351e-01 6.416567317964060324e-01 1.000000000000000000e+00 8.195373541560434238e-02 -2.910725472701526928e-01 -1.825572879769047918e-01 1.744246359024935814e-02 -2.355711325969184478e-01 -3.508250590967523785e-01 -1.982728220160163979e-01 -1.855372814676754523e-01 2.211388706041009580e-02 8.539745301220494356e-02 2.162525346067047660e-01 -2.776665244497771301e-01 -3.633068399911431601e-01 -5.233436338518645398e-02 -2.974847693032741103e-01 -1.519089802031968750e-01 -4.752814944454048507e-01 -1.984298786126528769e-02 -3.710595990294738855e-01 -2.739409647657227165e-01 -2.133608617619833503e-01 3.441125947729254952e-01 -3.361121857271227031e-01 -1.130542424402038448e-01 -5.754414905745649372e-02 -4.866624249814862496e-02 6.030434582187413906e-01 5.713089171659343490e-01 -3.500909733629751219e-01 -1.050091978901412787e-01 -1.790721907073301034e-01 -2.736503550592284117e-01 1.620326859752233561e-01 8.277014737677626521e-02 -4.033109775685177478e-01 -4.029776477001269508e-01 -3.664688934931847886e-01 -3.263582755101094857e-01 3.229034884066959293e-02 4.486291112859620012e-01 3.417291321401229043e-01 -4.271083969123778273e-02 -5.584901800958184948e-02 -2.697104485166684218e-01 -2.818317872638005928e-01 4.325475151607952040e-02 2.219606981101097387e-01 6.668124050249405466e-01 7.045076278710105111e-01 6.048998087079889702e-02 -1.662363683535655334e-01 2.110056325999562221e-01 -1.799532056951187176e-01 -2.763553961003909487e-01 -3.145701954854672189e-01 -2.830645026584561186e-01 -1.625970664347720640e-01 -2.154976060557650119e-01 -1.280808605235433661e-01 -1.389806855285796172e-01 2.642653054267511074e-03 4.151612315946467263e-02 -4.018601627639469820e-01 -3.694881073529281412e-01 -4.630489497126614173e-01 -2.797560955048008502e-01 -3.442320312953013883e-01 -7.780267334652836431e-02 -2.129364242715303390e-01 -4.807703036216611769e-01 -4.193635536015702381e-01 -2.812419736649499624e-01 -1.339556335135569376e-01 -1.084960336467383950e-03 5.592924478059944082e-01 -4.942331160081768204e-01 -2.430236246744924000e-01 3.751504183829497130e-01 -6.127310852503536909e-02 3.653443880802978994e-01 4.478676429818791681e-03 -1.645145422562466486e-01 -3.133991341416101362e-01 -3.457834693596135156e-01 -3.823782986848876519e-01 5.581286217379102244e-01 -8.155453519421973496e-02 1.569447948881808885e-01 -1.759316258855248005e-01 -1.769562800933186519e-01 1.090736107623176826e-01 2.775942400192951687e-01 -5.320240096933374907e-02 -2.605120584817355867e-01 -3.312534267668462706e-01
4.800771441478860480e-01 2.562180479195971805e-01 6.640452352080992160e-01 -3.441437864549939385e-01 8.195373541560434238e-02 1.000000000000000000e+00 4.710225038434151523e-01 5.706290371442508391e-01 5.724631028213054140e-01 3.395092137112246111e-01 -1.625799315524907238e-02 -1.868697342821711849e-01 -2.725193797935698825e-01 -3.268350997269222624e-01 -4.181720566005855400e-01 4.769066741535480936e-01 -1.825948105335107041e-01 -1.432123048825171552e-01 -1.954952069608368037e-01 -3.095704187306816957e-01 -3.478977704146334893e-01 -2.462002394777032810e-01 -4.607147959799987036e-01 -1.128733940013024878e-01 3.528407502938867846e-01 -3.091567919398260922e-01 -2.206563043453929340e-01 -2.975284909318167137e-01 -2.747887539247463318e-01 -4.252372103694045946e-01 4.090275492244330180e-01 1.257546649229112079e-01 2.014670357405044798e-01 -2.022218068105120226e-01 -3.974000039071962642e-01 1.294825280749219709e-01 -6.426369800037907976e-02 5.272366841334856780e-01 2.808428902870293009e-01 2.424850804170507190e-01 -1.160043787219661449e-01 -3.843964140447228561e-02 -4.329107835125298176e-02 -1.714731066351703748e-01 -3.828361313165616342e-01 -3.384297207024763998e-01 -3.792508965059269710e-01 -4.443338442868656202e-01 4.566901161113248175e-01 8.049360891607057478e-02 5.691587589425611826e-01 4.809937297086985253e-01 -7.545079611115800000e-02 -2.979745075274987665e-01 7.608890923037190390e-01 7.946891311972698047e-01 3.839246965593167138e-01 5.069151531508011566e-01 3.016278205400572121e-01 -1.140111377695446904e-01 -1.252295632577454243e-01 -2.025144409905198506e-01 -2.056989646846336117e-01 -3.562102208542378690e-01 -3.114772886547755859e-01 -3.794847372082980619e-01 2.305243841302209440e-01 -2.079286617681402605e-01 -3.077254387846161121e-01 -6.795904631702172349e-02 -3.335896289276774063e-01 -2.856358766824727002e-01 -4.285102373615852778e-01 4.605891399697699673e-01 -2.059537082188707402e-03 1.112648506772574292e-01 -2.175105182787528402e-01 -3.983242622975656233e-01 3.494481748596542370e-01 7.790468792368218653e-02 -2.266168105458926108e-01 -8.491977624036374517e-02 -3.406876576582432703e-01 -4.469712398467528547e-01 -2.497235053526361548e-01 -4.012238902410528163e-01 -1.129570945394766240e-01 -2.012562042177167276e-01 3.069390056463255911e-02 7.694584095657223954e-02 2.626231422012878514e-01 6.092612607746111797e-01 4.333937486358410696e-01 4.410030562775821839e-01 -4.065743829321494945e-02 -2.399273272195742712e-01 -3.901265673597092976e-01 -3.944441176006640015e-01 4.971646174863923462e-01 1.154144544417277790e-01
3.657734408990848118e-01 -4.434984328514143814e-02 4.500302373599978645e-01 -5.071691047195374669e-01 -2.910725472701526928e-01 4.710225038434151523e-01 1.000000000000000000e+00 7.436344816370967781e-01 5.859423933925063110e-01 4.696295440685321343e-01 1.821433688983321586e-01 -1.089884879885536992e-02 -1.644706470735940174e-01 -2.952151413972828875e-01 -3.709565002322663951e-01 4.006515322465500906e-01 -3.396387403620238638e-02 1.877579723073339590e-01 -1.851797352240128480e-01 4.360324815524121989e-02 -1.678889442844424540e-01 1.070113157058773107e-01 -3.118240254772170483e-01 2.362543975306017063e-01 6.506443728032577090e-01 -3.969336572753595638e-02 -2.458991366742112605e-01 -1.321761004577810816e-01 -4.535051877961780720e-02 -2.911135477049119347e-01 4.622529536634678027e-01 -2.498108556722466456e-01 -1.596969195851561107e-01 6.389612942649425253e-02 -1.793012240415928771e-01 2.886939944171971750e-01 9.097871671509759339e-02 3.588003666541076941e-01 3.844582287559734080e-01 5.693803073230958578e-01 2.643594473240943876e-01 2.435722053682466692e-01 1.734651539575812196e-01 -4.100586535767532237e-02 -4.678687376798567055e-01 -4.043117573769460793e-01 -2.529903612454602602e-01 -3.031681325631523372e-01 4.901978006277106226e-01 2.389765275268814215e-01 4.058760192352549590e-01 2.318508628267967053e-01 -3.007259283183302823e-01 -5.053069785867095876e-01 5.486910644019896699e-01 5.620558814536779080e-01 4.144196405669381411e-01 6.288400099283231182e-01 5.813948991985390391e-01 5.387430600713164625e-02 2.880290937528358006e-02 -1.770129056276870672e-01 -9.938108127102819600e-02 -2.450992164820545438e-01 -1.982795001244497535e-01 -3.301373802174730754e-01 5.453915830901733264e-01 2.089329425182360686e-02 5.312364524259577392e-02 3.383915652760038362e-01 -1.852767515165455042e-02 -7.375488990152374857e-02 -2.642248506292698140e-01 5.507558554471561063e-01 3.958006887957518649e-01 4.171087751918574060e-01 7.077003174970203370e-02 -2.639811539158255504e-01 4.016450118193524710e-01 -2.384296735341544238e-01 2.538210540766748236e-01 8.281039641521277528e-02 -4.322256822801252563e-01 -3.144760753007839749e-01 -3.429106003818072068e-01 -3.772562848905562927e-01 2.720356039138755941e-02 -1.244482671181531414e-01 2.687917997042583718e-01 3.629996766327661661e-01 -1.231171993782355367e-01 5.234713432361781660e-01 2.684493823876829000e-01 5.361314945647274177e-01 1.746237400362133166e-02 -1.209244938840889627e-01 -4.970485513739189565e-01 -3.027435748197547238e-01 5.961739577374369770e-01 2.336581286859448769e-01
3.598626339499494398e-01 7.041763446341497978e-02 4.580705426132471447e-01 -4.064182829939160246e-01 -1.825572879769047918e-01 5.706290371442508391e-01 7.436344816370967781e-01 1.000000000000000000e+00 7.776638620028147875e-01 6.024787670166897868e-01 2.459761320954350627e-01 -2.358073126952229398e-02 -1.000553696816234295e-01 -2.012836836325996581e-01 -3.030286972105369903e-01 3.282017160019049529e-01 4.045638301587760333e-02 2.429473025137418862e-01 -8.963513320301670639e-02 -4.411372072575302922e-02 -1.805979932154627154e-01 2.370739293597113814e-02 -2.834501130153189163e-01 1.031935545988593300e-01 5.411171761443475114e-01 -1.467898885489131722e-01 -2.877846107995872815e-01 -1.162424072026191496e-01 -1.107358179329229059e-01 -2.921100716887364834e-01 3.961444774074747155e-01 -1.822866302244834091e-01 -9.711240797963284488e-02 7.203464941648003717e-02 -2.304806329950332133e-01 4.099313868619455792e-01 1.174646199869161245e-01 4.593716267872928194e-01 3.547186628166352773e-01 5.069186190141056203e-01 1.360242154458878305e-01 2.346133480844173613e-01 1.795167721877882205e-01 -2.230048262055259536e-02 -3.997744901681257734e-01 -3.442246739477985429e-01 -2.627646667289291749e-01 -2.902655977191391790e-01 5.536697278762660046e-01 2.734278307542297726e-01 4.113435080589331050e-01 2.554428330444629691e-01 -1.988849998893858217e-01 -3.834247504635783232e-01 6.440528944213795848e-01 5.878539804918654355e-01 5.438926488228946754e-01 8.319797375567482556e-01 6.473493680997618460e-01 1.733088853127287277e-01 9.710698811055543112e-02 -8.975004045571516320e-02 -7.713768464572269556e-02 -2.127642824654800424e-01 -2.131250090610227188e-01 -2.606328302099318872e-01 4.937138780029609042e-01 -2.187190419867810626e-02 -4.372822248678853024e-02 3.525930896117784874e-01 -1.104691963719989511e-01 -4.762825209826548889e-02 -2.223116704283372991e-01 6.422793188730153702e-01 2.823573682118616368e-01 3.758016516997242373e-01 -7.235101275076598337e-02 -2.601471231294691377e-01 2.940409370790008636e-01 -1.940252069929266909e-01 1.249313891493848520e-02 1.859016001650990735e-01 -3.378003425678418048e-01 -3.094370236740330293e-01 -3.205057477724124193e-01 -3.073491326172665961e-01 4.624670647156618741e-02 -7.377262701870453132e-02 3.183845307418626258e-01 4.437651675865828538e-01 -2.512887286698818959e-02 5.814320952882942040e-01 3.615798816807651028e-01 5.771685961442293289e-01 1.702651542148972408e-01 -1.009499919269116336e-01 -3.836518422784883087e-01 -2.614278394319857202e-01 6.289768149800626373e-01 3.258212131457188243e-01
3.411206495519737425e-01 6.079557358161314512e-02 3.605496252666857138e-01 -2.726946093245273817e-01 1.744246359024935814e-02 5.724631028213054140e-01 5.859423933925063110e-01 7.776638620028147875e-01 1.000000000000000000e+00 5.279489755266818518e-01 1.222105096134699226e-01 -1.958107421659007752e-01 -1.495637937486138935e-01 -2.124852541026732711e-01 -3.244519959240363960e-01 2.977859628676853831e-01 -7.641758658570014726e-03 1.399811509360259221e-01 -1.478348294993837297e-01 -1.324382327440309370e-01 -2.417795713324895901e-01 -1.531368702025229789e-01 -3.091957641568519044e-01 -1.088227087435676976e-01 3.804678693447156590e-01 -3.399212013342733929e-01 -3.651220763167568051e-01 -2.705605370842079638e-01 -2.920285308402465474e-01 -3.913226145457681660e-01 4.402990400618878031e-01 -1.108537727744161872e-01 -1.013388032410571064e-02 4.388444559151101487e-02 -2.805754340570351113e-01 4.434084384873301365e-01 1.058902513292472036e-01 4.790103964672076664e-01 4.541945088329478741e-01 3.289115052055758825e-01 5.978142132214919746e-02 9.264109388750810248e-02 9.662971098884926002e-02 4.598061367321957388e-02 -2.368230402989153494e-01 -2.864515746333839430e-01 -2.132064017090239960e-01 -2.243974191567952303e-01 4.893178190606597422e-01 2.860557063896503327e-01 3.764653617264154817e-01 2.665353399434314263e-01 -6.020301671585658043e-02 -2.360842042493678516e-01 6.233888638485640676e-01 5.292185272801611662e-01 5.564308637352111120e-01 8.014172994207519052e-01 4.930653570147477405e-01 5.031681016174401055e-02 2.915780982905549421e-02 -1.194296015225312230e-01 -1.238640371829440728e-01 -2.490319533273288033e-01 -2.631282127738821530e-01 -2.921396796432308984e-01 4.646344140255168065e-01 -1.488144003208345112e-01 -3.989060771297633229e-02 2.988428175436055323e-01 -2.586915566854303128e-01 -1.478711122410236722e-01 -2.476075338251051416e-01 6.004132657673986184e-01 3.339480914476667534e-02 1.211737469180678567e-01 -2.548646919049264992e-01 -4.021421378469883234e-01 3.778440919508730955e-01 -1.514179011557151011e-01 -1.646694388043760116e-01 3.257571510173225549e-01 -1.704916415078943648e-01 -3.199597645451086603e-01 -3.630776226495088244e-01 -2.342804685232776629e-01 5.338522544938961722e-02 -1.345180340580876821e-01 3.419121397742551083e-01 4.514198847569076412e-01 1.204900266204133735e-01 4.930041947369885880e-01 4.924402765698087103e-01 5.257993156401314927e-01 8.281550394235896728e-02 4.431667698663580013e-02 -2.498006084581248509e-01 -1.811864127008704084e-01 5.831830368563809541e-01 3.316828634731606162e-01
2.865418281996020000e-01 -4.851796071240462027e-02 2.793879582263045225e-01 -4.458150412351175595e-01 -2.355711325969184478e-01 3.395092137112246111e-01 4.696295440685321343e-01 6.024787670166897868e-01 5.279489755266818518e-01 1.000000000000000000e+00 4.560654064216634329e-01 8.006268404583345710e-02 -7.510978280365557258e-02 -2.918532572260824631e-01 -3.828139033393428980e-01 2.858840338790740176e-01 2.149461553751762233e-02 1.399642907668124658e-01 -1.533391376409910523e-01 -1.387215857024629295e-01 -2.873406482635200154e-01 5.101764493312824916e-02 -3.657627926903439519e-01 2.007944908763502623e-01 6.296304051935427415e-01 -9.503512111220802083e-02 -3.343119666238872911e-01 -1.221256282756209843e-01 -2.624313396119287156e-01 -3.331139039989796102e-01 3.837700590401669221e-01 -1.019831631741550115e-01 -4.544501337706888938e-02 4.750816649293312238e-02 -2.872261364396253569e-01 2.342252408824753718e-01 -4.550210436301172987e-03 3.211432833710980428e-01 2.305762556673166264e-01 3.942421229989935827e-01 8.069171637405202213e-02 1.727200779532205299e-01 1.211070612802729041e-01 -6.276988830469058811e-02 -4.219332830523872535e-01 -4.570946802621851934e-01 -3.983189003568253783e-01 -3.452204178160854231e-01 2.539171541121278408e-01 1.876899372158944423e-01 4.111246943564837442e-01 2.553461385390041194e-01 -1.837557329902801129e-01 -4.021407253035674811e-01 5.081665722976189681e-01 3.453957948900949204e-01 2.847598205819234507e-01 5.723440863947071300e-01 7.101556107322999356e-01 3.604621100388404331e-01 3.663963391599826536e-01 -6.865500491494845592e-02 -1.636191646682652601e-01 -2.995850487166805687e-01 -3.395594687840925441e-01 -3.505274148545280966e-01 2.578620006682827981e-01 -2.268965726930933374e-02 -2.323282436975139184e-02 2.718022117566694096e-01 -2.200278863882781932e-01 -2.904289251389729001e-02 -3.169855245671119315e-01 5.172107187735526246e-01 3.750371817526770846e-01 4.995531928664232457e-01 -1.822075041493342040e-01 -2.874179114566792759e-01 3.048885194864908721e-01 -1.288176442739359384e-01 -5.262332331045155992e-02 1.191923446014374888e-01 -3.723611562799079011e-01 -3.327847351763981720e-01 -4.652616477443614618e-01 -3.671633671583521830e-01 -3.818034049784421735e-02 -5.751560525286481679e-02 2.455812452540180602e-01 3.764713069457976125e-01 2.238025432530464653e-02 5.013417148644486732e-01 2.218288348172218760e-01 4.950355734402938634e-01 1.770531671557322995e-01 -1.420947147610434891e-01 -4.363437654389851206e-01 -3.032270059437718324e-01 3.735481226997576787e-01 3.117228122056849848e-01
-7.699927011954603440e-02 -2.044920313787109423e-01 7.709712476493509221e-03 -2.572167400512868074e-01 -3.508250590967523785e-01 -1.625799315524907238e-02 1.821433688983321586e-01 2.459761320954350627e-01 1.222105096134699226e-01 4.560654064216634329e-01 1.000000000000000000e+00 6.794953202973129658e-01 4.393768358563469589e-01 1.991904057457958288e-01 1.230717083744561069e-01 -2.521674413672748138e-01 4.569401553850615527e-01 5.064295487642892502e-01 2.725713491168664238e-01 3.188370065744741688e-01 2.017375397079434196e-01 4.939723510323544287e-01 1.468767950883424211e-01 6.661437034808348479e-01 3.470237016576783184e-01 5.552179042361877759e-01 -3.810289053813710747e-01 3.836823156656852807e-01 2.550112222149741315e-01 1.768983004096182921e-01 -1.341871262106466012e-01 -3.395194083507050431e-01 -4.660976290412980894e-01 4.885767564058450807e-01 1.184139181748968955e-01 3.784623841769040875e-01 4.236762996724556807e-01 -4.374389755822968157e-02 3.661903631199849019e-02 4.656406321823897132e-01 4.731477784476635362e-01 5.077791629939611973e-01 3.728776507738884582e-01 2.025244876334431898e-01 -1.500857132588146181e-01 -2.450653896561473533e-01 9.568161277699392675e-02 1.218178430456680061e-01 3.045520565686860581e-01 5.115044173532224958e-01 -1.110293159009953651e-01 -2.505319434640133625e-01 -3.622016541071852447e-01 -2.837050286494420259e-01 6.708081320310399498e-02 -2.920971410982870289e-02 -1.261090024293670953e-01 2.246844938223215571e-01 4.978703746930331908e-01 7.453794157145529065e-01 5.411982410007478705e-01 4.170263593419412107e-01 3.000203759838672157e-01 1.908767390631718464e-01 1.596781781192039285e-01 1.560529274116236320e-01 -5.499502861332938169e-02 4.623382009970949946e-01 3.927853077747563426e-01 3.369713674599633668e-01 2.833240024104763943e-01 4.487030073853712220e-01 1.754562946128918888e-01 1.450499364667281188e-01 6.019744395580619578e-01 6.705544867486353811e-01 3.600650322598947795e-01 2.431220984378597572e-01 -9.015428828591454113e-02 -3.268269661306424378e-01 3.939655824969163778e-01 1.457462674254891566e-01 -5.527413974284733911e-02 1.579106911394928259e-01 -2.660234222968186901e-01 8.642897444282143793e-02 3.668382397261880090e-01 3.543380289207659906e-01 4.300077330242765283e-01 3.802517613206332081e-01 -4.442780894113249612e-01 7.716131915875008851e-02 -1.387113605143502626e-01 2.421121356735324581e-01 3.884886061658467393e-01 1.814845535893852280e-01 -1.552642202820010697e-01 1.628188019049330304e-01 2.583602374310862704e-01 4.956443908008097976e-01
-1.491258160512239916e-01 -3.670377849822723665e-02 -2.808847489743204751e-02 -1.542155248020184687e-02 -1.982728220160163979e-01 -1.868697342821711849e-01 -1.089884879885536992e-02 -2.358073126952229398e-02 -1.958107421659007752e-01 8.006268404583345710e-02 6.794953202973129658e-01 1.000000000000000000e+00 4.906145338531476274e-01 3.505392157930928287e-01 3.451450002192204547e-01 -2.873637503703800333e-01 5.676654258648952123e-01 4.619788768221261832e-01 4.612731084298085094e-01 3.723888549855035035e-01 4.420217254730445244e-01 5.383541779022125162e-01 3.523457101866647179e-01 7.043095658478778498e-01 1.918696489654043436e-01 7.879736462666321328e-01 -1.283269671675545398e-01 4.381288672475571189e-01 4.490336487488608141e-01 4.225978926537674596e-01 -4.150123423142444423e-01 -2.264340696258353713e-01 -4.346092567014501751e-01 3.942398692707159147e-01 2.960570229460839919e-01 1.632019487101508959e-01 3.006141127652494638e-01 -2.899514039952670319e-01 -1.481736067643953936e-01 2.453652445353810829e-01 3.488752084114793983e-01 4.527473529946918762e-01 2.351974332849303406e-01 1.596023717741967829e-01 9.104347914011384421e-03 -9.035687619504800816e-02 1.934263516376854564e-01 1.575251108635522812e-01 8.488751703640272372e-02 2.282825344454052219e-01 -2.100708864803614573e-01 -2.855952961817208591e-01 -1.859011508937221391e-01 -7.520484373572124126e-02 -1.604170418813483656e-01 -1.821390605804418805e-01 -2.379234018301339404e-01 -5.259587789677799829e-02 2.381236408139714433e-01 6.788472230202524660e-01 5.445516186052634655e-01 4.567255682850366316e-01 4.056204106695814882e-01 3.774967364132120751e-01 3.966095594400792512e-01 3.444153195157129699e-01 -1.959356303082480932e-01 5.770425722792348333e-01 3.250570988792759186e-01 1.432036036213724106e-01 4.436547071912506079e-01 4.556201071842945205e-01 3.244349259536672414e-01 -2.127146698789958990e-01 6.323310899076682867e-01 5.372868026420499765e-01 4.904916762711944433e-01 4.514653250255947214e-01 -3.953466916964339939e-01 -1.914631015803134884e-01 4.475807284933800978e-01 -1.203568627470628094e-01 1.917858644605232796e-02 3.185346257885133814e-01 -2.176592165287725544e-03 1.381298665934271308e-01 1.893498850469915729e-01 2.849458549348373171e-01 1.591547442690850467e-01 6.247588377390431852e-02 -5.072643197524074887e-01 -1.107509093332422062e-01 -4.087385856375956861e-01 -9.421636939626185092e-02 2.629166373719623029e-01 1.332139082838346977e-01 -6.172173831201602234e-02 1.930172356008286183e-01 -3.546515387515928458e-02 1.590160106302186405e-01
-4.011277522607278878e-01 -2.349053604917003268e-01 -2.818613844848827932e-01 8.841963433165567210e-02 -1.855372814676754523e-01 -2.725193797935698825e-01 -1.644706470735940174e-01 -1.000553696816234295e-01 -1.495637937486138935e-01 -7.510978280365557258e-02 4.393768358563469589e-01 4.906145338531476274e-01 1.000000000000000000e+00 6.449121722199216977e-01 5.557314632049648040e-01 -5.814086485221696687e-01 6.832517783451310667e-01 4.494624722352008050e-01 5.440799204934795297e-01 5.209305820712202273e-01 5.933189397650650010e-01 6.400602134885153838e-01 5.582119259690758728e-01 3.956930801373989004e-01 -1.830167629144432151e-01 5.063809976101579791e-01 -1.896692765155092442e-01 6.900148345725871657e-01 5.723403049108188867e-01 5.496490765460460004e-01 -4.004514402119480621e-01 -3.349023502481582870e-01 -4.877039136796734176e-01 5.218917359225693220e-01 5.368501450527559671e-01 2.182330410084860062e-01 4.967633356348830076e-01 -2.325211900580129720e-01 -6.271861740348011471e-02 1.815354527536104934e-01 3.356891944698306984e-01 3.574975273470641368e-01 3.904410546769733203e-01 4.116553836140752209e-01 2.851231573855371737e-01 2.271671101946155236e-01 5.281796578300355094e-01 5.466098942101095259e-01 7.845923368127215303e-02 3.553437338759442565e-01 -5.271716609979709700e-01 -5.341060999205337056e-01 -2.437798475471177062e-01 6.716498828743376615e-02 -2.614820482114074141e-01 -3.541811678381735495e-01 -2.333535099499094989e-01 -5.986992240512330199e-02 7.782987356355024200e-02 4.801289828032926366e-01 3.693451289206408084e-01 8.657371125962621816e-01 7.556831815248689077e-01 5.679111630913639130e-01 5.906842041177902125e-01 5.737958772634105253e-01 -1.865356136944439636e-01 5.795507931637015053e-01 4.235030928416164686e-01 1.812739851444878925e-01 5.355412252170024257e-01 6.649277108913383971e-01 5.764375094684250911e-01 -1.334942547104841504e-01 1.956764027606674450e-01 2.094870664183667575e-01 5.825174979799082609e-01 6.150169145739039500e-01 -2.865452745049337779e-01 -3.310420959060428880e-01 3.581403024799535428e-01 1.747557296945936034e-01 3.435142437585506081e-01 5.659057719233517858e-01 9.330935645213320195e-02 5.646284229812489341e-01 4.476301645676633578e-01 6.144109644167382589e-01 2.609900837897304315e-01 1.247441685561077596e-01 -4.826521212782827752e-01 -2.568549001978270852e-01 -1.997024457011369603e-01 -1.197535328823784023e-01 2.958246344191626798e-01 4.271089754530391636e-01 3.541549020770010103e-01 5.546999258320304271e-01 -1.006408934554717596e-02 2.605599075468548742e-01
-3.019017291220373322e-01 -1.996292946619538378e-01 -4.403646267031114947e-01 3.094274943236178799e-01 2.211388706041009580e-02 -3.268350997269222624e-01 -2.952151413972828875e-01 -2.012836836325996581e-01 -2.124852541026732711e-01 -2.918532572260824631e-01 1.991904057457958288e-01 3.505392157930928287e-01 6.449121722199216977e-01 1.000000000000000000e+00 8.700234947607025093e-01 -5.980405249461532291e-01 6.436025259900698403e-01 3.349108721324128290e-01 7.255256159346100686e-01 4.791595290918705397e-01 6.928052083544600226e-01 4.482420421660676668e-01 8.135706002538357628e-01 2.656390753419375916e-01 -3.308352792582615054e-01 3.840751817788932154e-01 5.201987182521787545e-02 6.518939606429102751e-01 6.503892551134774491e-01 7.525628757961677628e-01 -5.528896996402639097e-01 -1.952883303980021412e-01 -3.527545716481529370e-01 3.825699595893736205e-01 5.288706413927377614e-01 2.004387201323180323e-01 3.217570095665795993e-01 -3.210004631276393572e-01 -1.230681046687163299e-01 1.901603727506757241e-02 1.293150937618740559e-01 2.203512831356149171e-01 1.635110708246450550e-01 3.008307255592158058e-01 4.395609200198958288e-01 5.544244843676799928e-01 7.897537498349898044e-01 7.446213267757197940e-01 -6.212709642119771704e-03 1.838470585131458390e-01 -5.766980435618653811e-01 -5.758421280362130412e-01 -1.812040497851856446e-02 2.924318947551889369e-01 -3.385928499447807827e-01 -3.870283812993673966e-01 -2.334969340222126655e-01 -1.731323017094741346e-01 -6.434395026258155070e-02 3.289432500041268859e-01 2.032217036979958313e-01 5.337890307356676356e-01 7.310749335946647998e-01 7.867624968388845508e-01 7.251038853219566871e-01 8.573407815914952934e-01 -1.751195543604838201e-01 4.447464901351266264e-01 2.634236947421079722e-01 1.788836755626479688e-02 5.709025860854562984e-01 5.457568931347858143e-01 8.274342704085528855e-01 -2.135584814458246772e-01 3.305662569141356449e-02 4.112496834879053598e-02 4.753800898975611977e-01 7.814435528955672172e-01 -4.632907940587670526e-01 -2.077229421954436273e-01 1.885386091652418439e-01 3.918293636493103832e-02 4.546462571919314688e-01 5.770935753467711926e-01 3.900346860394972026e-01 7.803629366681950064e-01 3.739089987971382367e-01 5.861191062183580547e-01 1.507930900461631196e-01 3.435348621911708117e-02 -4.175870142471261870e-01 -4.278870822447743971e-01 -2.357162362512530696e-01 -2.274983066234291529e-01 1.884611059468903893e-01 3.988386849667455158e-01 6.505000560962924672e-01 7.680021606883364882e-01 -1.118017058749111309e-01 6.045443434919833131e-02
-3.278677630361572781e-01 -8.713270996477794073e-02 -4.649900630642833654e-01 4.660162970377926261e-01 8.539745301220494356e-02 -4.181720566005855400e-01 -3.709565002322663951e-01 -3.030286972105369903e-01 -3.244519959240363960e-01 -3.828139033393428980e-01 1.230717083744561069e-01 3.451450002192204547e-01 5.557314632049648040e-01 8.700234947607025093e-01 1.000000000000000000e+00 -5.645545110790124443e-01 5.013585459436844527e-01 2.699411895933552796e-01 6.063731989846343762e-01 4.431493067567026101e-01 6.635952434962395508e-01 3.656493172137311731e-01 8.763192597229240155e-01 2.232544892534176761e-01 -3.786463128637926889e-01 4.264766944842305341e-01 2.342868530916509540e-01 6.416395836498742788e-01 6.000335943681541773e-01 8.587848118812689835e-01 -5.854589494637224556e-01 -6.339034615749800095e-02 -2.734698989664186008e-01 2.793647408637591201e-01 5.296506965595364491e-01 5.891493593003988699e-02 1.765301300927892281e-01 -4.016106073945820976e-01 -2.253009975172923784e-01 -1.111408490221818257e-01 3.547082248350713618e-02 1.174655215588533558e-01 4.471891917658863541e-02 2.609040779727216930e-01 5.132653325946815448e-01 6.463815537711460335e-01 7.758211663116247880e-01 7.526706883006554216e-01 -1.273533259164744691e-01 4.220481509217641029e-03 -6.026192457197983021e-01 -5.329569820924733303e-01 1.321074953858342449e-01 4.337541461762570716e-01 -4.533887301987202245e-01 -4.571382032878095192e-01 -2.001651110830543756e-01 -2.654191319986949349e-01 -1.399877389709833497e-01 3.111335496928844258e-01 2.013055280106665346e-01 4.406995098584103321e-01 6.322856267308073486e-01 8.159966220984391505e-01 7.270332791898258540e-01 9.229343267525449424e-01 -1.485133955195612476e-01 3.754201304214605517e-01 1.977908266955568928e-01 -4.308853250048590849e-02 5.720258672440570180e-01 4.098250435523963509e-01 8.386591747074314540e-01 -3.639183274438403393e-01 7.722355478721418601e-03 -1.284712562804963230e-02 4.187834028255558727e-01 8.227689435956920816e-01 -5.387497527884509418e-01 -6.572976746431952177e-02 1.416998968409617643e-01 -6.414636262393873245e-02 4.826824145704441960e-01 5.499273105334000489e-01 4.901860445310372572e-01 7.392335600222493808e-01 2.509489698770580590e-01 4.940749529319044542e-01 1.450932758078270039e-02 -1.129339692395228967e-01 -3.711123387797780615e-01 -5.112042049499323504e-01 -3.419782214036594659e-01 -3.964255752663619625e-01 6.472910242358372035e-02 3.470598878396489728e-01 6.770622518369550091e-01 7.414729718568516814e-01 -2.584958457279236677e-01 -9.477521584862777515e-02
