1.000000000000000000e+00 -3.073755760698531070e-01 -2.899149684254549997e-01 1.721058578283919394e-01 1.260235376218302172e-01 -4.916152258259799401e-01 -5.326321864085242774e-01 -5.222544613906555666e-01 -5.565564096983528497e-01 -4.727955113024137623e-01 -5.231438993339986299e-01 -4.793159986954758089e-01 -3.022395145228572444e-01 -2.504240185741296587e-02 1.457828479611010253e-01 5.877101484818274268e-02 -2.505832933624385084e-01 -4.510084077357053300e-01 -9.108114121390563367e-02 -3.416542425764246271e-01 -2.287643622717331349e-01 -2.560293495056648605e-01 8.305030707551828983e-02 -4.649356858113633528e-01 -1.711290061613709446e-01 -3.482816313803929753e-01 -1.956460823886480571e-01 -5.279393911199657674e-02 -1.157609880126338059e-01 7.215845038470408701e-02 5.978389768158427486e-01 7.418151518072438888e-01 6.403966612873310815e-01 -3.973406798372802751e-01 -4.002304513386268914e-01 -2.388237537285934353e-01 -2.505050368236824143e-01 2.678032088554609946e-01 -3.833134642408196346e-01 -5.933625095345342881e-01 -4.630510619320180044e-01 -4.352831903570191230e-01 -3.164792249317713302e-01 -2.017656869659135155e-01 -4.344817856603355177e-01 -1.445809610596485162e-01 -1.427193994676916322e-01 2.931611560098145233e-02 -4.429208524032669514e-01 -3.918635290445204311e-01 5.966800733666778322e-01 -2.249747960474230701e-01 1.800728706398963819e-01 -1.683109594714101709e-01 -5.668616818486149622e-01 -4.039792602702276803e-01 -5.232771887005734923e-01 -5.180776281411284545e-01 -4.567245549093594814e-01 -4.732899188674172253e-01 -4.963820683304386860e-01 -2.541371685991206109e-01 -7.526046919059717864e-03 -1.734872734180843701e-01 -8.845258925429719254e-02 1.804001735532708706e-01 -5.278450740194922108e-01 -1.794760390973159092e-01 -4.881357193380661541e-02 -3.530509997579969750e-01 -3.361257998494503463e-01 -1.251578315764233784e-01 -2.363614586352241476e-01 -4.611176148368200667e-01 -8.888523967513128898e-02 -3.447186814504095698e-01 -9.905722974489132235e-03 8.899194086668461845e-02 5.714100969839610578e-01 7.506378507281433743e-01 2.301146892306447922e-01 -1.025512917997523782e-01 -9.827468913234978232e-02 -2.318593273202966543e-01 7.405284008526326345e-02 1.240461173216580483e-02 -2.084115648379196994e-01 1.026002573830071263e-01 -2.145267722585225412e-01 -3.271083033996537437e-01 5.615755150313699318e-01 -2.461227300157842746e-01 -3.491504339938593660e-01 2.026175452732355831e-01 -2.101440704396037307e-01 -2.363729829719275755e-01 -2.429843090814593973e-02 -3.122131906048963151e-02 -3.933875581736810956e-01 -3.711083841556299667e-01
-3.073755760698531070e-01 1.000000000000000000e+00 7.089416991935567625e-01 2.104969388986371037e-01 1.739882313008122849e-01 6.290979208416843660e-01 6.146994374499052949e-01 6.918239472195443218e-01 6.279085191425424206e-01 2.556936234090928517e-01 1.932693622425726288e-01 3.041637069981647512e-01 2.105932216488733966e-01 -3.425069447695079927e-01 -4.744433424017184819e-01 4.264713304961769147e-01 2.232161058094463413e-01 4.235310297441984839e-01 1.175685896004661501e-01 2.409530286688435496e-01 1.640055355692708050e-01 5.538739040848385947e-02 -2.287514811432332651e-01 2.155493099768872600e-01 1.646060833934059608e-01 2.009883231356887900e-01 -1.784409311383154950e-01 -3.164599304411936931e-01 -5.374381528880706888e-02 -3.636359187315409414e-01 -2.848819251855215784e-01 -4.409168749072205906e-01 -4.274046762072258865e-01 1.561418188094417514e-01 1.320750092799538589e-01 8.215850935416757483e-02 -9.080622419642996046e-02 2.787347354971356772e-01 2.538589149678001644e-01 4.293063946924589036e-01 2.981876301218524539e-01 2.381136563807915441e-01 1.463696465914650913e-01 1.366346315480906348e-01 2.475838727899219438e-01 -1.710052282946640800e-01 -2.339396002411029962e-01 -3.115017262602629566e-01 4.900057140827804858e-01 2.827109535220834746e-01 -1.155416308406953946e-01 8.188281278043163525e-01 3.759084377630899088e-01 1.403823269253757500e-01 6.272347578731862772e-01 5.999346794225607349e-01 7.173572252707143271e-01 6.541621979730780634e-01 1.553807520746440518e-01 1.936770622807995612e-01 2.633715864132878393e-01 1.928924813665171545e-01 -3.609111425194798106e-01 1.113319067993740266e-02 -1.049004379353871141e-01 -4.692374651845336864e-01 4.360285039677811447e-01 9.664087935979150112e-02 -1.492638245748907355e-01 1.291841326852719574e-01 1.945338331411998190e-01 -2.958073374760815111e-01 -2.239307072522029596e-01 1.353463629576381055e-01 -1.664910046190785364e-01 1.521745537094881251e-01 -2.057402346087197631e-01 -4.349110314645961983e-01 -3.079108685197179951e-01 -4.868306573639848422e-01 -4.415495827802852213e-01 -2.034390447504489663e-01 -8.009419138515794234e-02 -1.932354098989747249e-01 -4.914913173349962916e-01 -5.049536821258386876e-01 -1.821115132624958888e-01 -4.717791782101561360e-01 8.777800296507518030e-02 1.222574761486651396e-01 -2.850336767778473557e-01 4.121779216752397557e-01 1.646714293133985652e-01 -2.285874757097813570e-01 -1.809995568659513721e-01 1.050958161926086737e-01 -4.302392652072644652e-01 -3.895899055047293280e-01 4.433351893216924688e-01 2.707635309033637472e-01
-2.899149684254549997e-01 7.089416991935567625e-01 1.000000000000000000e+00 -1.965420007804957181e-01 -8.900199210574977204e-02 7.424871671459400968e-01 6.368752280813697597e-01 5.720052404593282125e-01 5.908712581207004044e-01 2.867198248926109416e-01 1.943373697059673499e-01 3.437498367517504705e-01 2.706349287658436631e-01 -2.550137730613732945e-01 -4.380110329091391752e-01 5.109645297026911281e-01 2.650423166759162119e-01 3.236310009742278115e-01 5.907816474263361678e-02 2.001592112544920421e-01 1.548013897626232815e-01 1.118927857979418600e-01 -2.743022387887208979e-01 2.876979910620549585e-01 2.356982489107547762e-01 3.497698213024704739e-01 -7.770955907666027285e-02 -1.396601214600805274e-01 8.882096558904567507e-02 -3.829309382141036222e-01 -4.300807471896515022e-01 -5.661151595338305142e-01 -6.301345125732475960e-01 2.035599327777440626e-01 2.608425867798517817e-01 7.873093770366070693e-03 3.739762425427906045e-02 2.746377614193990513e-01 1.831653036287659297e-01 5.173818169315598237e-01 3.685614438407496807e-01 3.516295051916865089e-01 2.595440298008893643e-01 5.758287367449372446e-02 3.104569897107417598e-01 -1.650982493240332194e-01 -2.015833429980248559e-01 -2.955287358753049265e-01 6.429433246275622071e-01 3.591081588487607945e-01 3.711386524977396822e-02 8.080150877929361819e-01 1.402989408375783509e-01 -1.965734872773337305e-01 6.595675649936147966e-01 8.240193004708785685e-01 6.140918990465955574e-01 5.521879291992786154e-01 1.638201422556844478e-01 2.203057096438829909e-01 2.762303645687205211e-01 2.053079222538203852e-01 -2.662356044518774945e-01 1.726866272302906291e-01 -1.086285909147642337e-01 -4.166319330232434170e-01 4.928613766001038177e-01 1.354673069749375847e-01 -7.231744485492477836e-02 1.574424436856213527e-01 2.452378815123708311e-01 -1.767298546266238835e-01 -1.232774447854333294e-01 1.635274633656065846e-01 -1.106699543306584183e-01 2.851973443253786322e-01 -9.363554321866054964e-02 -3.972364673187830375e-01 -4.504715352761337610e-01 -5.710202299802081827e-01 -4.816564012073989431e-01 -7.942350443338402899e-02 -1.030591583182968729e-01 -1.856908808805539379e-01 -4.163920479956315090e-01 -4.008077057065526638e-01 -8.182524337741191311e-02 -3.963454845554636452e-01 1.318009443047629403e-01 1.995573717212763276e-01 -5.002717915933422299e-01 5.115570930578339226e-01 1.299252155154660970e-01 -3.103485658027714811e-01 -1.524403902240265285e-01 5.853132895981109918e-02 -3.798863647041219593e-01 -3.055476077258471035e-01 5.709867023973990152e-01 3.637188672392921429e-01
1.721058578283919394e-01 2.104969388986371037e-01 -1.965420007804957181e-01 1.000000000000000000e+00 6.414462297285481451e-01 8.196400451200762036e-03 5.235038447262210098e-02 2.177913226348064113e-01 6.793702044348910729e-02 5.819267511476654275e-02 1.514973737652988983e-01 9.991939064470008180e-02 1.767350013079876658e-01 7.176395886521555467e-02 1.580276687619419362e-01 8.586119384457647705e-03 5.215790134643448483e-02 1.571061742286410934e-01 2.969194906331058537e-01 1.563273967558298505e-01 1.621907138476329224e-01 -5.092073510319107543e-02 2.869524593005580160e-01 1.830721654141436328e-03 -1.694734986368538754e-02 -4.602154859100426876e-02 -7.566844353853714213e-03 -8.341762343340734798e-02 -2.109544726206878662e-02 2.460047471138809283e-01 3.212653910754706965e-01 4.172439214302602895e-01 4.484499574978220715e-01 1.283397247878806033e-02 -1.692815488142992431e-01 1.619058695136765536e-01 -5.847524255347070349e-02 1.351645852901547928e-01 1.953040643565568391e-01 -9.606784079117029057e-03 -1.302319472348848622e-02 -1.480906647148540756e-01 -1.089777181802004807e-02 2.121135814030652433e-01 -3.407645338429225734e-02 1.611898578226769185e-01 1.001884842671091624e-01 7.779707477032940521e-02 -4.343963884054517083e-02 1.970506682330743983e-02 -7.886634592646647735e-02 1.255935022819919533e-01 5.775855342769068423e-01 7.046261692798845289e-01 1.117468541524916648e-01 -1.711868848533903142e-01 1.975951911956523865e-01 2.275640307165355536e-01 2.828751751815735890e-02 7.369405054499331142e-02 1.009595722542703244e-01 1.962573238459238145e-01 -4.726290407072112482e-02 -5.906694310411497728e-01 2.610570965558527967e-01 1.786321553802778239e-01 7.741072388360957512e-02 7.170041463958068406e-02 1.711208303821018517e-02 3.567855711826674325e-02 -1.272475851023381344e-01 -1.166542529156885666e-01 -3.768460173299232885e-01 1.180744399518753596e-01 1.166831974192233390e-01 -5.027658751320020214e-02 2.090252522653910858e-02 1.626736887861530423e-01 2.578929031151459550e-01 3.408860212474725815e-01 8.741781671021155165e-02 -5.819707325275289694e-02 -4.121722432961338889e-02 2.504465518588449083e-02 -1.043082857281559944e-01 -3.311473042029087210e-01 1.766249758895177720e-03 3.942263665653801714e-03 1.612459735347153977e-01 3.213926431208288109e-02 4.333682608407435910e-01 -4.724320210217303889e-02 1.440474631396078953e-01 1.435587390682886155e-01 1.277090406817755520e-02 2.028855672389362486e-01 -1.601738614322783805e-01 -1.127291194317582707e-01 2.884751612245061922e-02 2.416309688682347426e-02
1.260235376218302172e-01 1.739882313008122849e-01 -8.900199210574977204e-02 6.414462297285481451e-01 1.000000000000000000e+00 1.011627108401631503e-01 -6.683154100286999022e-02 9.640443460448340496e-02 5.232204163881911535e-02 -8.991223678626510465e-03 6.961730280071434795e-02 5.099702142038317620e-02 6.071982516596505924e-02 1.175255366571753973e-01 1.297412056019397186e-01 -2.855716755737295470e-02 -1.094910565278246067e-01 2.474298914789643117e-02 9.843554845229725292e-02 9.025435431562990607e-02 3.758746072722238957e-02 -9.738462450282649174e-02 2.150051095959360781e-01 -2.265865462140904604e-02 -1.476319545136679512e-01 2.044251251170537895e-02 5.297579113170376719e-02 4.249679876761818659e-02 9.880060115349542649e-02 2.052726673501989729e-01 2.330317153337628858e-02 2.705968064350852131e-01 2.462509311546579316e-01 8.375721797209269293e-02 -1.183359996213658727e-01 2.566555562840400762e-01 2.739725889408832146e-02 1.695754410780439883e-02 1.223212332073678604e-01 -3.029526894226156064e-02 -4.545534330406985138e-03 -1.602827096988367617e-01 3.236302475347736102e-02 1.768935194611536976e-01 -3.660447686151125507e-02 1.459423857939602942e-01 1.087871611134249711e-01 6.718071703919943627e-02 -3.192459561294631876e-02 -4.930138443612576936e-03 -7.710612281010140179e-02 7.436235511637789841e-02 2.596775210372098130e-01 4.908093942283502376e-01 1.997668326304628261e-01 -1.383734380842680800e-01 7.237517269663727715e-02 1.171083136358795629e-01 -2.009337960186694666e-02 1.504191172912360680e-02 6.797109593100840452e-02 2.195275593983990470e-02 -3.507587338182284464e-02 -4.970279060029846874e-01 1.815831649785228097e-01 1.225822100504548179e-01 5.715950230109519137e-02 -4.763940308247200522e-02 4.606346646624173572e-04 -7.341310898447754541e-04 -1.950236888403806268e-01 -6.978894472285744610e-02 -2.714900698070581986e-01 2.057973557680121413e-01 1.742191294630412723e-01 -1.972703510415024092e-02 5.071935812455932030e-02 1.528985942447790569e-01 -4.305089650056058426e-02 2.217562908687052414e-01 1.610895161613470072e-01 3.248767015949075021e-02 -8.307908374429430476e-02 4.527925217562746990e-02 -2.897536501781362156e-02 -2.174319637466784194e-01 3.330965322449181559e-02 6.308457622572653800e-02 1.888714828597912176e-01 2.959914379208921156e-02 2.505913985935557253e-01 -9.480550645045249247e-02 2.364168798765061141e-01 -4.067140177181764737e-02 4.770769121596964840e-02 1.408289210454632678e-01 -1.177892565258678720e-01 -4.459181557616444941e-02 2.671111340943910575e-03 -2.105615788162760321e-02
-4.916152258259799401e-01 6.290979208416843660e-01 7.424871671459400968e-01 8.196400451200762036e-03 1.011627108401631503e-01 1.000000000000000000e+00 7.594729205166916852e-01 6.606900544267094721e-01 7.261871056437920746e-01 4.524474611231635302e-01 3.817427505865307324e-01 3.944534378307010813e-01 3.757287934437316124e-01 -1.148656682224933889e-01 -2.407863756068026884e-01 4.492591886835569093e-01 2.919295104079974723e-01 4.062425234558055820e-01 1.386380988321035401e-01 4.013242337491857992e-01 2.860545591384482944e-01 1.439212398322136655e-01 -1.189401469444140019e-01 4.323515995603969264e-01 2.033304400406050205e-01 3.613802333655755650e-01 5.818244625161123063e-02 -1.229678601878069072e-01 1.764349284570221055e-01 -2.054289693728865718e-01 -4.487453328108959028e-01 -5.771796438341427748e-01 -5.754474501926776231e-01 3.196106712737322719e-01 3.350093302694738262e-01 2.140299990334627589e-01 1.299064656286169905e-01 1.787331631655499631e-01 4.015175575608045389e-01 6.506623267294974200e-01 4.935593671247164305e-01 2.941744825461600765e-01 2.830508327004592761e-01 1.953989383507652999e-01 4.001086959030904500e-01 -6.895220785932889597e-03 -6.055558210950923864e-02 -1.999687894796577659e-01 7.787210320302780930e-01 4.833942977466211821e-01 -2.453338687136522867e-01 6.938925434817507787e-01 2.004151835323999820e-01 1.002174239380992787e-01 8.678563958974564452e-01 7.966729036684239151e-01 6.716800210863479448e-01 6.670161078656305920e-01 3.002059718495422302e-01 2.959709188837270077e-01 3.697130465027386736e-01 2.719119680579850096e-01 -1.928813990060936345e-01 2.584104462357258644e-02 8.856312313142482295e-02 -2.507025533434701359e-01 6.594497399098022683e-01 1.590007659672434681e-01 -4.199374237556396244e-02 2.325793240120018757e-01 2.992555163950133545e-01 -9.233908940962616552e-02 -9.359449629437449625e-02 3.885860376531383165e-01 3.924757359331093598e-03 2.955085125929417522e-01 6.415137894071339109e-02 -2.268128190474277273e-01 -4.612988811041693893e-01 -6.124446305842895510e-01 -3.317153003528035549e-01 1.166792896785179105e-02 -3.872447837992942093e-02 -4.813128475922127947e-02 -3.604571649167531699e-01 -4.162826420164759122e-01 7.423726649407881573e-02 -3.182692807592767958e-01 3.089206903244692271e-01 3.127432425583694386e-01 -4.108655495524916601e-01 5.441355631932655035e-01 3.981680721775421317e-01 -2.714316972568250885e-01 -3.855703038286063811e-02 2.422050665846524065e-01 -3.344409928289430178e-01 -2.362478702898111460e-01 6.628152274824526957e-01 4.792716035229523941e-01
-5.326321864085242774e-01 6.146994374499052949e-01 6.368752280813697597e-01 5.235038447262210098e-02 -6.683154100286999022e-02 7.594729205166916852e-01 1.000000000000000000e+00 7.439533443274961577e-01 7.892698607831962754e-01 5.056003449914909798e-01 4.399142972216777414e-01 4.904722795198865892e-01 5.019175601306904433e-01 -1.275910278870395764e-01 -2.593731806084633718e-01 4.524491807369125929e-01 4.495683684593245188e-01 5.470720534947538516e-01 2.954468888233943158e-01 4.874284374625731386e-01 3.472492654931894074e-01 2.334853839324622926e-01 -1.264490473027973794e-01 5.615842501943779652e-01 1.655224561712812514e-01 2.955110033859655871e-01 1.000426832799475585e-01 -1.299811246470887749e-01 1.673397174888081596e-01 -2.150679253434739091e-01 -3.378861328473706238e-01 -5.811458785924440429e-01 -5.054650295631455403e-01 4.320568748857474550e-01 4.334549321000201738e-01 1.956267148045566784e-01 1.542503055595965955e-01 1.721860403495598102e-01 5.422883602791002122e-01 7.596446892594314049e-01 6.318436125545534576e-01 3.394347424068136498e-01 3.567255698789803531e-01 2.659578893302882441e-01 5.353199021469680075e-01 8.996691686463859083e-02 4.418605694591524330e-02 -1.601279649432690300e-01 7.326511577182300838e-01 6.363908930584007972e-01 -2.729895102469983015e-01 6.141277793897040871e-01 3.560471616331774558e-01 1.396444138693683501e-01 7.556594303932754331e-01 7.583092826462709546e-01 7.665197241603783906e-01 7.522136003796108250e-01 2.682417964593750703e-01 3.794245686082626801e-01 3.944024904514927266e-01 4.204172631728584908e-01 -1.076983081549475335e-01 5.352221538343174267e-02 1.343376722876484519e-01 -2.609892007051972662e-01 7.263999956025158911e-01 3.188121101415893333e-01 6.119450176537810648e-02 3.182048241908000397e-01 3.591145834464524178e-01 -6.250064682805493710e-02 -1.119920285612067273e-01 3.934019600766490710e-01 1.247988748558903106e-02 2.524065151981749744e-01 4.538219599551338024e-02 -2.464085866177511130e-01 -3.570440913251435311e-01 -5.995072890294235179e-01 -4.093340338876065854e-01 8.078561856731128477e-02 1.095604717689209751e-01 6.813702335577716263e-02 -3.234559350274463507e-01 -3.722759923192204279e-01 1.116643804318317029e-01 -3.444804408002281604e-01 3.446248953888464972e-01 3.924271210360771867e-01 -3.601878101606719729e-01 4.445918283667024684e-01 3.546882741386010451e-01 -1.568947859176531567e-01 -1.220928435390403188e-02 2.941363611098523068e-01 -2.385642456390655031e-01 -2.245172415497944940e-01 6.986364147233776745e-01 6.110569907089759001e-01
-5.222544613906555666e-01 6.918239472195443218e-01 5.720052404593282125e-01 2.177913226348064113e-01 9.640443460448340496e-02 6.606900544267094721e-01 7.439533443274961577e-01 1.000000000000000000e+00 8.776104078071688130e-01 4.310193153267775079e-01 4.835439697914357127e-01 6.030398109529490069e-01 3.609560239942044002e-01 -2.050096291715124974e-01 -3.331380589183495222e-01 3.493768071228612326e-01 4.147591890376761126e-01 7.557837141870437092e-01 3.142090690541607390e-01 4.714406692585316194e-01 3.354794627699677068e-01 2.667545299465868824e-01 -1.024128273105582021e-01 5.011547331562029584e-01 1.399664776803576927e-01 3.436177095132536552e-01 9.549148679106660154e-02 -4.068967000623507219e-02 1.057687614095293299e-01 -2.267863241292381871e-01 -2.971444912041467101e-01 -5.435796379813480073e-01 -4.514608994208017534e-01 3.875532747881628715e-01 2.872085590699989255e-01 3.933734346826480155e-01 1.223831986255097676e-01 2.094152548082733184e-02 4.478247978020084563e-01 6.354565776647810305e-01 5.772307330703085881e-01 3.570693940971044200e-01 2.858661951589051564e-01 3.150105357706952103e-01 4.085616584871694101e-01 7.801657130382250172e-02 -4.439164687519665115e-02 -1.905766144117011784e-01 6.536864378631839223e-01 5.570975400709391456e-01 -2.735128133386696692e-01 6.282897135679713640e-01 3.235083168256829289e-01 2.163331167325218685e-01 7.352122103561935518e-01 6.484280913328315243e-01 9.002300628558197459e-01 9.103313397439413146e-01 2.869004581805588705e-01 4.673684521284834914e-01 4.939455862717941903e-01 4.040012920345897318e-01 -1.904940482868929807e-01 1.788646990935280302e-03 7.925467094943897117e-02 -3.609710874246544465e-01 6.492577696905681428e-01 3.526984829266879840e-01 2.562440531992005860e-02 4.633004691766582916e-01 3.099943994109043421e-01 -7.318925549318389123e-02 -1.412808962305365512e-01 3.471036480630631527e-01 1.196255291481536365e-01 3.201187620478577744e-01 -2.047859340695947633e-02 -2.484614155030734906e-01 -3.627290398735584787e-01 -5.676025982997202624e-01 -4.106643990137909817e-01 -8.915419217773208616e-02 -3.661435627174169927e-02 7.257143874105505266e-02 -3.127774343890570852e-01 -4.820456267502191694e-01 3.420866088478145828e-02 -2.643654281014134466e-01 3.652726034465567095e-01 3.783008642433089430e-01 -3.698811996384436251e-01 2.699426460099652592e-01 2.741969853723548733e-01 -1.636723635526318998e-01 -2.318707361068003334e-02 3.015519956280653391e-01 -2.855698755450934434e-01 -3.180720331406377555e-01 6.419378745385723173e-01 5.182895192022747288e-01
-5.565564096983528497e-01 6.279085191425424206e-01 5.908712581207004044e-01 6.793702044348910729e-02 5.232204163881911535e-02 7.261871056437920746e-01 7.892698607831962754e-01 8.776104078071688130e-01 1.000000000000000000e+00 4.437069274804064101e-01 5.322622201142396259e-01 6.302692272391301476e-01 4.211373726063898371e-01 -1.391847677176168419e-01 -2.563545934152756112e-01 3.565460841707315254e-01 4.509727239278656374e-01 6.987404443473598237e-01 2.887033049274981833e-01 5.658456146719338387e-01 3.882391916120343511e-01 2.885514121925885633e-01 -9.572783541928385487e-02 6.211743647252340184e-01 7.382569967769908592e-02 3.982680278660682416e-01 1.927154934552174625e-01 5.612977540744831795e-02 2.552007750390558605e-01 -2.149917670857607599e-01 -3.907006643156953341e-01 -6.062445755938032921e-01 -5.329484913098259113e-01 4.613938909722725690e-01 3.888611850830210881e-01 4.721313436162628552e-01 2.639277291253644409e-01 2.429128136535942464e-02 4.868092722471137890e-01 6.738213142787936594e-01 6.723923201941813810e-01 3.449994737536649647e-01 3.386648245137129920e-01 3.555775081463745657e-01 4.882176598280591473e-01 1.519894728281033780e-01 3.435733510910066874e-02 -1.598349109862105266e-01 7.704463367021273656e-01 6.879952296942146717e-01 -2.777735838346099273e-01 5.801202781343149928e-01 2.473006819385182298e-01 1.224255903555739738e-01 7.608234960416289105e-01 7.303477931178090632e-01 8.385749199326291148e-01 8.970990726981868946e-01 2.700165889866526503e-01 4.977766619253045643e-01 5.066837180315632017e-01 4.249797531308677767e-01 -1.116361671459584620e-01 4.338672040330841806e-02 1.432679889948549612e-01 -2.899297592101202081e-01 7.265992758162788112e-01 3.806166446475379161e-01 6.448115652520203245e-02 4.843620916798383469e-01 3.791224731996997166e-01 1.471910986339555402e-02 -7.898630510625734291e-02 4.121542171581091263e-01 1.939519479903603905e-01 3.358396092846280823e-01 1.303333207770094870e-01 -1.879073453913185088e-01 -4.515488188810971582e-01 -6.062864293195232568e-01 -3.730361441870052031e-01 2.883782163743398713e-02 -2.083435256333595210e-03 1.390633845693361736e-01 -2.425123593806345623e-01 -4.179724546290053966e-01 1.588607664377473805e-01 -2.329057827744818454e-01 5.026375837105379052e-01 4.755198270723487997e-01 -4.211798135222085127e-01 2.797915413200829926e-01 3.581392156220516987e-01 -2.373773635905340462e-01 1.358737821895427723e-02 3.592019368947866886e-01 -2.240041667289284222e-01 -2.496249528689095387e-01 7.444123748628234116e-01 6.497860985173472548e-01
-4.727955113024137623e-01 2.556936234090928517e-01 2.867198248926109416e-01 5.819267511476654275e-02 -8.991223678626510465e-03 4.524474611231635302e-01 5.056003449914909798e-01 4.310193153267775079e-01 4.437069274804064101e-01 1.000000000000000000e+00 6.206721893134324874e-01 5.209037233910109865e-01 2.591792732798010590e-01 9.112734925871033426e-03 -1.251629405699964115e-01 1.464245062239369621e-01 2.329890972266963900e-01 1.514820512539208353e-01 1.169144772394547366e-02 7.025807447675030959e-02 6.179960840785660853e-02 1.234962933400847868e-01 -1.342257918362999847e-01 3.881938846552435152e-01 4.827079941049065570e-01 3.442871181634493682e-01 6.110314211439873966e-02 -2.615855095107576939e-02 1.196435193941895042e-01 -8.012678797349820359e-02 -2.693886310892276148e-01 -4.346864432813192236e-01 -4.206570768671129001e-01 1.370938963787137199e-01 2.573556881267730634e-01 4.931557022188030187e-02 1.723103093488140558e-01 1.415249422903012977e-01 3.975796055155385589e-01 5.404579488523642006e-01 2.135882594174970395e-01 4.528115677978782339e-01 3.102475012355712103e-01 3.129079409770071929e-01 3.626720457712235279e-01 -3.370485262320114736e-03 -2.213775217972121373e-02 -2.269667137097119147e-01 3.677674966956708813e-01 2.661789157677955098e-01 -3.113288351124123832e-01 2.356879502080219124e-01 2.024861056736601897e-02 2.394620165683955526e-01 5.328285053433092777e-01 4.118347976152775258e-01 4.440955785897671704e-01 3.813777491831877309e-01 7.272501963348779741e-01 4.973019127299218578e-01 4.808452757043321646e-01 1.179019882899689786e-01 -4.438643237946633680e-02 1.384023356817183636e-02 1.707358520674030419e-02 -1.733272180314365252e-01 3.951950268533418464e-01 6.156366554685317044e-02 -1.114349394253174447e-01 2.312341460779417449e-02 3.954331429449283591e-02 -3.871535228611976132e-02 -5.340651867271316300e-02 3.974284246954166711e-01 1.012839529344420342e-01 4.618548536864819920e-01 4.005516331319448897e-02 -1.068792510261961093e-01 -2.573601153185870460e-01 -4.632856548327678459e-01 -2.965863386650929301e-01 -9.088086642628954992e-02 2.084373627109461780e-01 5.311201544344741621e-02 -2.250480250027694917e-01 -2.900370186139284989e-01 1.507814584748559394e-01 -2.110136609503619198e-01 1.008242021871223471e-01 1.263990647257525746e-01 -3.297802943475007798e-01 3.255143113107711872e-01 3.046689065179744582e-01 9.550233143772819677e-02 2.360092860825560579e-01 2.784589867872692692e-01 -2.342467053491292528e-01 -2.159481545527023871e-01 3.827822969443088197e-01 2.548294516957387290e-01
-5.231438993339986299e-01 1.932693622425726288e-01 1.943373697059673499e-01 1.514973737652988983e-01 6.961730280071434795e-02 3.817427505865307324e-01 4.399142972216777414e-01 4.835439697914357127e-01 5.322622201142396259e-01 6.206721893134324874e-01 1.000000000000000000e+00 7.888170187133300981e-01 4.730469637483294965e-01 1.968384613599140631e-01 6.961468765744312226e-02 -1.317894009198444447e-02 4.031582614824499866e-01 3.013067871463799285e-01 2.549115083932512738e-01 2.499444666801766135e-01 2.279535570585148607e-01 2.915620908130873157e-01 8.441773333621611919e-02 6.873806109313373991e-01 2.932807725479831817e-01 6.090160734518588193e-01 2.815972989846638463e-01 2.291029328545927113e-01 3.411017397856042632e-01 5.803723794247365314e-02 -3.945892803109345981e-01 -3.593989476869371980e-01 -3.712873964108418523e-01 3.537833664511671472e-01 3.708788068717518427e-01 4.006933754212088084e-01 4.187986472626519796e-01 -9.331889925838196542e-02 3.584495920728710816e-01 4.889376376815777192e-01 5.085360301156514051e-01 4.563452490717143095e-01 4.842537587741279625e-01 4.101324922626605196e-01 4.759246382386913554e-01 2.231521994110035045e-01 1.677402757721869753e-01 -6.922829162894929278e-02 4.926253866136207638e-01 4.944484188611487085e-01 -3.772978732597587759e-01 1.015314603491912632e-01 -6.462257328654791300e-02 2.327073044935251966e-01 4.677374450094927139e-01 3.951001592021426423e-01 4.799669718606929814e-01 5.278175235577057256e-01 6.327896949911311353e-01 8.289188957043520656e-01 7.414438684540896052e-01 3.720082465278501949e-01 9.820248729172827151e-02 -1.630166439986255877e-01 2.744470230224419494e-01 1.270795248612468197e-02 5.904548982881804298e-01 2.805086666436103493e-01 7.855498532695154301e-02 2.132168896639458078e-01 6.862137341793564382e-02 1.593353500718974469e-01 -8.966099353832590602e-02 5.929746449767423488e-01 4.584919387336698349e-01 6.100325061909873670e-01 2.271317151257823685e-01 8.737701688272271616e-02 -4.305213478494670509e-01 -3.752811260363570489e-01 -1.225481709486654358e-01 1.061188817697524406e-01 1.564131306430088242e-01 2.908146799703748009e-01 -5.001397714228875135e-02 -3.156238711130492369e-01 3.823439301572555959e-01 8.551342850780081772e-03 4.097382397074855742e-01 5.050982848965128724e-01 -3.628783461925379483e-01 1.472581337680573255e-01 3.781231742243349458e-01 -6.027719695960437329e-02 4.543181291450185677e-01 4.636970420168345930e-01 -1.539369671275932216e-01 -1.319092528715493096e-01 5.340709949439949034e-01 4.871524809698110636e-01
-4.793159986954758089e-01 3.041637069981647512e-01 3.437498367517504705e-01 9.991939064470008180e-02 5.099702142038317620e-02 3.944534378307010813e-01 4.904722795198865892e-01 6.030398109529490069e-01 6.302692272391301476e-01 5.209037233910109865e-01 7.888170187133300981e-01 1.000000000000000000e+00 5.282281139626777700e-01 2.044908545769475450e-01 2.074379275544029413e-02 8.384031350241741287e-02 5.307307038624914375e-01 4.699012999629046394e-01 3.851284959877573355e-01 3.485848493307762141e-01 3.046013906088859691e-01 4.610157280128412971e-01 1.267663985964944950e-01 7.243674021580327471e-01 2.216161004810556501e-01 7.352841396347759018e-01 3.879465214570376186e-01 3.791811483896139201e-01 4.579146047905996442e-01 5.572346897330314464e-02 -4.333425384624134402e-01 -4.107161747545618469e-01 -4.022706057076368413e-01 4.881188350320245783e-01 4.882537056007387744e-01 4.259077317718433231e-01 4.761430011249551675e-01 -9.680979854636630189e-02 3.955507239904012540e-01 5.521538138346068214e-01 5.799410266722337948e-01 5.418362961248822662e-01 6.249188788270504391e-01 4.781026802837009537e-01 5.512852950481281766e-01 2.951402763854938383e-01 2.194416098050686881e-01 -1.967449668940480026e-02 5.488201725398582642e-01 5.710296844324846965e-01 -2.832419572128503926e-01 1.940168852604753913e-01 -6.700858662680403421e-02 8.002602982119441655e-02 4.618321981212598071e-01 4.853952562025499184e-01 5.653529984412193343e-01 6.344147344850662451e-01 4.654427793324293350e-01 7.805863477024576058e-01 8.327207426884739583e-01 4.641838005104717557e-01 1.078433303606594479e-01 -1.507275668802953161e-01 2.808679357719464642e-01 -6.138580259279451806e-02 6.011622585367729643e-01 4.732409677764378153e-01 2.228126954465172727e-01 3.338651608055968056e-01 1.139102275512147294e-01 2.619518874439342171e-01 -3.551634559308026323e-02 5.252356172256763545e-01 5.108170761769718071e-01 7.121854071355546711e-01 2.991186892826800392e-01 1.134356482973152003e-01 -5.127671213706301856e-01 -3.936023119528544445e-01 -1.623280364068118709e-01 1.180629551348271189e-01 1.042936194646081338e-01 3.767500338691753270e-01 1.451273100024856946e-02 -3.262731768066017835e-01 3.919728306275513385e-01 9.374785984308585396e-02 4.471015971027876845e-01 5.037424283577184303e-01 -4.537732858243070377e-01 8.179809631266418690e-02 3.413928304139939307e-01 -1.077434945643991615e-01 4.206493421813367606e-01 4.977661745904905510e-01 -1.251144058383384661e-01 -9.089814414343483362e-02 5.991846301816745601e-01 5.288084657294513935e-01
-3.022395145228572444e-01 2.105932216488733966e-01 2.706349287658436631e-01 1.767350013079876658e-01 6.071982516596505924e-02 3.757287934437316124e-01 5.019175601306904433e-01 3.609560239942044002e-01 4.211373726063898371e-01 2.591792732798010590e-01 4.730469637483294965e-01 5.282281139626777700e-01 1.000000000000000000e+00 3.957572601855470773e-01 2.870640235326331613e-01 2.013492420359150881e-01 6.388784889367331576e-01 3.667865436272584878e-01 6.248231516814405362e-01 4.612007905267595520e-01 4.779855480669929491e-01 4.926203178988585729e-01 2.900610635112377822e-01 6.075514244364038641e-01 9.770273468010226819e-04 3.942921957964743429e-01 4.172275463569106169e-01 3.101469806032826626e-01 4.959038654184824146e-01 2.245375814436358919e-01 -2.964999932128172255e-01 -1.806793646374340867e-01 -2.286480622695255260e-01 5.828185183299170458e-01 5.393890280256453673e-01 2.653897128502101799e-01 4.421195629798800875e-01 8.199891723297100810e-02 4.468869103561664557e-01 4.516776090147469613e-01 5.240509642713566674e-01 1.536257185852668017e-01 4.135014557466127338e-01 2.239430441110416004e-01 4.345170771018906919e-01 4.124929590451475447e-01 4.113473347182480810e-01 2.045713677730560953e-01 4.564234681803871485e-01 5.764964252670348177e-01 -1.955298547315137414e-01 2.127618603820022880e-01 1.602314391691710693e-01 7.979467767723844029e-02 3.578688706328971292e-01 3.925023723300150591e-01 3.642692235882295515e-01 4.641961649964465586e-01 1.452933718794482132e-01 4.389063474190568193e-01 5.064684810795161418e-01 8.009149245027471498e-01 4.403130203351495742e-01 -1.159569820187432293e-01 5.618998708375227968e-01 2.894800757809772307e-01 4.499834512548456789e-01 5.971726106484913643e-01 4.764510027574830886e-01 3.508858160078036081e-01 3.172286435830477536e-01 3.509664336112638949e-01 5.434159588397857038e-02 3.900917042690870140e-01 2.760716023501291194e-01 2.952410562675100714e-01 4.177165635905257801e-01 3.020114721062030494e-01 -3.323396633595891436e-01 -1.955948767731610083e-01 -1.712133786083257919e-02 4.471475023288769002e-01 1.052953753709159543e-02 3.620068687727076573e-01 7.548388103437073116e-02 -8.401729862370706237e-02 4.427366745744198973e-01 1.267567916202110290e-01 4.798120204041547709e-01 5.241150501521852911e-01 -2.283355740292851155e-01 1.943236148683094855e-01 3.521934926066530580e-01 -1.492237765902157953e-01 1.931277107115132452e-01 3.448386082996245383e-01 3.231688037106718314e-02 1.227248436422624656e-01 4.785921422214978738e-01 5.321453912765922167e-01
-2.504240185741296587e-02 -3.425069447695079927e-01 -2.550137730613732945e-01 7.176395886521555467e-02 1.175255366571753973e-01 -1.148656682224933889e-01 -1.275910278870395764e-01 -2.050096291715124974e-01 -1.391847677176168419e-01 9.112734925871033426e-03 1.968384613599140631e-01 2.044908545769475450e-01 3.957572601855470773e-01 1.000000000000000000e+00 7.190993583553642043e-01 -1.916499949422015847e-01 3.335557887499487895e-01 -6.062986339469301350e-02 4.958104397666857621e-01 2.106745898810745976e-01 3.497861016417548319e-01 3.473926651616764394e-01 6.721027824190859423e-01 2.953465879574513342e-01 -1.301613363221086339e-01 2.314821844158152231e-01 5.304366394420810815e-01 5.001479702761773005e-01 5.181947234457490170e-01 6.151057172273439733e-01 -1.299159824722863898e-01 2.477729992751246668e-01 1.591135180829841012e-01 3.869452426819345869e-01 3.434386495614672463e-01 1.698796163854543184e-01 4.225504638309082184e-01 -9.754740956777205318e-02 1.602679867104401523e-01 -6.693500315327773238e-03 1.913278766652829477e-01 6.184797328827758983e-03 2.884777248912728798e-01 2.133613278704036276e-01 2.107118883013968935e-01 5.834205330076556173e-01 6.601010900779541446e-01 5.862140146860400636e-01 2.236909024948506922e-02 1.918758270741703076e-01 -1.383225473169197584e-01 -2.945504826261607367e-01 -1.559741819259353457e-01 6.658072864319203310e-02 -9.287762705966161325e-02 -2.030138836008126280e-01 -2.171804412919695615e-01 -8.590354309780687259e-02 6.399518996330252549e-03 1.569456693069113951e-01 2.363038016528078711e-01 2.055055410479480760e-01 6.631291448435508995e-01 -1.941017381045710144e-01 6.978270409752911352e-01 6.680818874602366675e-01 2.066035946957580499e-02 4.398161833520730091e-01 6.112688923547967557e-01 1.269673778637669115e-01 5.951641258657436317e-02 4.549802530731500427e-01 3.839508894095692848e-01 1.852851855270998271e-01 3.309062649110500742e-01 1.390310523129273668e-01 5.206605968087192338e-01 6.278999502170763414e-01 -1.018710427695019849e-01 2.237613209788382185e-01 3.561047316610310154e-01 4.715022759799408769e-01 5.418500184474618619e-02 3.925096640282279004e-01 4.795040060209079247e-01 2.746363795999970381e-01 5.078403543285811006e-01 5.077799336027952748e-01 2.424126721966869125e-01 2.155268769363570536e-01 6.575582864044832165e-02 -1.027458295296642538e-01 1.738724167681665600e-01 -1.342274760830868864e-02 3.014053824753347155e-01 2.219353765693032887e-01 3.469266026409230097e-01 5.222251933320883888e-01 -3.778526915847892249e-03 1.293441227243038172e-01
1.457828479611010253e-01 -4.744433424017184819e-01 -4.380110329091391752e-01 1.580276687619419362e-01 1.297412056019397186e-01 -2.407863756068026884e-01 -2.593731806084633718e-01 -3.331380589183495222e-01 -2.563545934152756112e-01 -1.251629405699964115e-01 6.961468765744312226e-02 2.074379275544029413e-02 2.870640235326331613e-01 7.190993583553642043e-01 1.000000000000000000e+00 -2.639707851451864595e-01 2.133544772593728711e-01 -1.351394771588916022e-01 3.930264705646369094e-01 2.680836802260923024e-01 4.681690588784607199e-01 1.755503837614615925e-01 7.497584856577429457e-01 1.703426928988273636e-01 -1.659208549170187175e-01 8.465650417841953657e-02 5.476626624557845435e-01 5.102866300910777753e-01 5.056660717439401820e-01 7.765457068612456881e-01 6.906979160747434010e-02 4.494968197158583645e-01 3.351283337189297495e-01 2.145440702700425195e-01 1.221028285960514270e-01 1.326062524678399412e-01 3.106299976524654616e-01 -3.434416662822296212e-02 7.777470025464537640e-02 -1.855132606170732945e-01 2.380093028563167595e-02 -2.291236243463475042e-01 5.361218256276156086e-02 1.088185037927881932e-01 -2.878655133574618136e-02 6.211221230145719252e-01 6.149927927189486887e-01 6.203012219316732523e-01 -1.248539329982643054e-01 7.797455739513252382e-02 -3.004149829226992335e-02 -4.086835786050191377e-01 -5.728835110050877616e-02 1.163678969431896221e-01 -2.472670834836346587e-01 -3.487977864063097067e-01 -3.555335469352648992e-01 -2.106881336880982170e-01 -1.291949826672069979e-01 -2.376474739680671522e-02 5.619840923330041843e-02 1.414550100704454749e-01 6.305335916571037647e-01 -2.944592096880525589e-01 7.113620107607608878e-01 8.858057543384797450e-01 -1.097740892771330024e-01 3.425890988170475215e-01 5.104524924116651263e-01 1.262273577483262743e-01 2.124648857811969327e-01 4.546043018021365123e-01 3.519148643429055867e-01 7.269611630779922173e-02 3.529707867357491091e-01 -4.737052869063845470e-03 6.311930111894289430e-01 8.254226748560121729e-01 7.039048129059181924e-02 4.382118512262005994e-01 4.775175668118854522e-01 3.759107666135808601e-01 -1.029749171552527681e-01 3.226037278710982004e-01 5.400860229902103571e-01 3.816694803048231166e-01 4.357268645798124118e-01 5.725246103520706953e-01 2.853470774168520019e-01 1.126993614488003281e-01 2.396401584264477302e-01 -1.555897472161028861e-01 1.479703561655058286e-01 -7.945659038587200157e-03 1.735514953593084997e-01 1.776417155081818910e-01 4.713518805712346160e-01 5.887772191312884429e-01 -1.337869701186217841e-01 8.066856998604117479e-02
