1.000000000000000000e+00 2.079418419324880474e-01 4.571785718727759962e-01 -3.532161701133766374e-01 8.949103950609296754e-02 4.236290683631108167e-01 2.031495304085415843e-01 1.523777292333671207e-01 3.443029364257014779e-01 3.618631113895759421e-01 -1.089464520621121757e-01 -1.386789025826187793e-01 -3.154630550587121385e-01 -4.105122926366200908e-01 -4.058882177820483106e-01 4.865763426932711577e-01 -3.686570732382531412e-01 -4.090727636088800634e-01 -4.236384761886469175e-01 -4.198866940249617596e-01 -4.003285556258612266e-01 -2.822615454248059152e-01 -3.597565046682770218e-01 -3.250309854891507144e-01 4.556911141357021799e-01 -2.156745962508857528e-01 -4.721338893912011558e-01 -4.344374841486286498e-01 -2.949480938075462744e-01 -4.279406985126935070e-01 1.860130083815222102e-01 3.572549905497505729e-01 2.189012895669697339e-02 -4.272490302993985911e-01 -4.136808293407267523e-01 -1.291943137450644041e-01 -1.056707742694750624e-01 5.002066727954219694e-01 -6.013770475062235610e-02 3.160511586165809864e-03 -2.850863332834187580e-01 2.517068667341966770e-01 -1.696132356292194554e-01 -1.098641016582374286e-01 -1.461543824946054393e-01 -2.902495892093502339e-01 -3.739490637108229820e-01 -1.825984622596146245e-01 2.678397849045253687e-01 -2.239483055684343138e-01 6.577494060138324716e-01 4.625306062590050504e-01 2.345867748774606021e-01 -1.790040580274318907e-02 4.976339024091995800e-01 2.171923258748562069e-01 2.580218368086977243e-01 -2.080863065757509317e-02 2.526324234614178432e-01 -1.169440879493824706e-02 -2.318171553126841811e-01 -3.534906518034157674e-01 -3.071361642450596285e-01 -2.241568189702927427e-01 -3.550795384656378340e-01 -4.366063485111415510e-01 2.054910083224566197e-01 -3.561222581004646059e-01 -4.895218757024316636e-01 -4.277848819747619435e-01 -4.549921398971709108e-01 -4.254030846835895607e-01 -4.549136573199477063e-01 -1.296961998056380128e-01 -3.549966251013036977e-01 -6.551879339635266475e-02 -3.219596054403912611e-01 -4.884255102295168571e-01 2.872838653545021215e-01 2.671066301843534885e-01 -3.480043696289906174e-01 -2.882958624920839430e-01 -1.524152657724727189e-01 -4.446342118167486701e-01 -5.212079750724876170e-01 -4.007161371843583897e-01 -1.446256683103474272e-01 -2.971967793806596370e-01 -3.706511157230862885e-01 -3.592999997535454848e-01 5.362334826984985203e-02 2.494580460214957107e-01 5.090730596564904675e-02 8.460097256115731157e-02 -2.161790465999639810e-01 -1.109327387008873789e-01 -3.482236163584917499e-01 -3.864547045651119395e-01 1.401840362324426048e-01 -2.667410871421310725e-01
2.079418419324880474e-01 1.000000000000000000e+00 3.271424447787593115e-01 3.896089015835855207e-01 2.713172955911663520e-01 9.784985536861380562e-02 1.678507924437324383e-01 1.797672144436997521e-01 1.516329894823435775e-01 -2.151026148390930981e-01 -2.037909455485722166e-01 -2.040420569235802672e-01 -2.302847837542491005e-01 -2.631689595038423299e-02 -1.259446618314909172e-02 3.674316577934247929e-01 -2.534556513004351253e-01 -1.088454552513516138e-01 -2.274560928388481840e-02 -1.749695252269247714e-01 -1.635818160536801347e-01 -1.642926272816823408e-01 -3.400596426781937048e-02 -1.267195490054075224e-01 8.413075126163582773e-02 -4.600688029948543645e-02 -2.536527916572852148e-01 -1.050866821405327250e-01 -2.092547493148171900e-01 1.625361415192580830e-02 -2.220520491411805478e-03 3.732250780989398997e-01 2.753891898367467062e-01 -1.458874537582098563e-01 -2.429047322934322073e-01 -1.339339190620764120e-01 -8.256570498307895523e-02 1.632048920150609428e-01 1.988427410075578258e-02 1.399095602715987735e-02 -3.230368548204893830e-01 8.602595212794790502e-02 -2.420231430946108708e-01 -1.303352441013303775e-01 -2.732255590870005801e-01 -1.522149961844479760e-01 -1.211681597436731345e-01 -2.448417696158006474e-01 -3.633697452528873995e-01 -3.521775053867388094e-01 1.534289208234582425e-01 4.047465891485824141e-01 1.578930642493805159e-01 5.254226908130448653e-02 3.233402856442819107e-01 -1.188044800507338933e-01 5.731600418032611888e-02 1.305970282014913275e-01 -3.549158065015649566e-01 -9.653822403151858522e-02 -5.358170426914901641e-02 -2.510922295636697221e-01 -1.604800435272488168e-01 -4.309860279988691339e-02 -1.683568488640812405e-02 1.770266647512907729e-02 -2.397403301576051804e-01 -9.168065472123224091e-02 -1.020469291715954546e-01 -1.710097709828932444e-01 -8.965219281112470073e-02 -2.389261395415417100e-01 -2.347100270592574964e-02 -7.062005713836086440e-02 -1.378147376146346137e-01 -5.805775662853564917e-02 -1.114582652346002567e-01 -7.913094494344775909e-03 -1.334210575932576748e-01 1.690946949352901962e-01 -2.322930510904111789e-01 -3.549002894469696634e-01 -2.407360275031180386e-01 -2.173655701562587084e-01 -1.599990136407228036e-01 -1.172202796564167926e-01 -1.660921326787291319e-01 -1.227922007140449939e-01 -2.842035589363859360e-01 -2.450932952917741492e-01 -3.340246790696900503e-02 -1.196154749807446654e-01 -2.054308904570409100e-01 4.676168294832394601e-02 -2.732810282384818268e-01 -1.354072637774528243e-01 -2.182776181787972059e-01 -1.637153667644626887e-01 -3.982102935577023772e-01 -3.169087547974415719e-01
4.571785718727759962e-01 3.271424447787593115e-01 1.000000000000000000e+00 -2.243975356423791867e-01 7.342628240194139233e-02 5.625563563420878932e-01 2.652667246431166803e-01 2.992981439584306846e-01 3.124230347514492800e-01 6.187211850447596473e-02 -7.941873250357589509e-02 3.895970979387045757e-02 -2.175438877290712114e-01 -3.977967644562319105e-01 -4.155341709900318703e-01 3.792118454895713753e-01 -2.529212696712260788e-01 -2.182593137286732154e-01 -3.094022452651669641e-01 -3.111217799501324599e-01 -4.320770059983254363e-01 -1.262079507375657161e-01 -3.427624272109658365e-01 -1.275918998726240650e-01 4.656916275881557987e-01 -1.241163849949231540e-01 -1.664001412324180584e-01 -2.487065343470480638e-01 -1.041200944385638483e-01 -3.864438816264607612e-01 9.502304956229090660e-02 1.168613038240305796e-01 -2.292752688590240506e-01 -1.830423722604941350e-01 -1.302366611740793378e-01 -7.482839829367705919e-02 -8.053071043123961881e-02 2.480568074208566454e-01 -3.007233861762557137e-01 -4.731612468354225165e-02 -6.607912277884382679e-02 2.647593295648873468e-01 -1.167354022405730531e-02 -2.296267033134432103e-02 1.163938732880059057e-01 -2.406023022376246878e-01 -2.687186912395713168e-01 -2.697067791531825298e-01 2.760641810686202957e-01 -1.074058229830094635e-01 2.024949528360105722e-01 5.880385732258057718e-01 1.933932941223708291e-01 -3.021816578173214252e-01 6.902927911535510219e-01 5.130942340720430206e-01 2.628089542032351900e-01 1.439789822059733271e-01 -6.418595831577064703e-02 2.467360020356296202e-02 -6.636106792337174987e-02 -3.531573225901267210e-01 -3.379976744267086941e-01 -3.563504928368386726e-01 -4.240507717209897054e-01 -4.193298947839927959e-01 -1.357322772742992206e-02 -3.980806516384471361e-01 -3.027308501192367829e-01 -2.354085482930971529e-01 -3.948911733894399645e-01 -2.293064562113229232e-01 -3.684878749781441143e-01 -6.208622960967340176e-02 -1.791476426889926643e-01 1.471316595698171636e-01 -2.960129531207796871e-01 -4.711696456757966667e-01 1.530709687802690733e-01 -1.170771642282638775e-01 -2.773601682353259990e-01 -1.689689958541697457e-01 5.508610927291977127e-02 -1.544466429221554027e-01 -2.233449358104384885e-01 -3.444797458279838520e-01 -2.143512945866353769e-01 -2.786898080277104839e-01 -1.899273940479504763e-01 -8.070238775412294507e-02 -1.484222746075817834e-01 3.086301779386312893e-01 -2.414453521716741213e-01 1.652647853865855110e-01 6.656399652213195253e-03 -3.052766829277301849e-02 -2.570771472173961070e-01 -3.400976019883543700e-01 1.961578680400645758e-01 -1.811196302208422093e-01
-3.532161701133766374e-01 3.896089015835855207e-01 -2.243975356423791867e-01 1.000000000000000000e+00 1.430035140479829492e-01 -3.919381357205765082e-01 -1.967705934690243130e-01 -1.720247410493208895e-01 -3.172001698506234368e-01 -3.889551444316884932e-01 -3.353575608123349986e-03 -7.926926321422972811e-04 1.262408013883380697e-01 4.397097416357806932e-01 4.209080769446346126e-01 -2.542939980048762316e-01 6.658065798369354471e-02 2.823015009556632537e-01 4.014769639817032942e-01 3.267361650036598175e-01 2.824607584250160563e-01 3.532885626957280728e-03 3.901676847444571217e-01 1.812600820775077115e-01 -3.079461253657234665e-01 1.144076531273685166e-01 7.750384138641890075e-02 1.167189473172389608e-01 3.667523657332361076e-02 4.880522906012961792e-01 -2.514832515514151545e-01 2.567005089644430194e-01 3.910765362672719014e-01 2.460741585011864407e-01 8.112076903829312791e-02 -1.202936686576340161e-02 -2.041191762238596732e-02 -2.449338448862778683e-01 1.641190109653931362e-01 -1.088736609020564960e-01 -6.705414498327851025e-02 -1.734385834297731688e-01 -1.174371096419801752e-01 4.036820026030175619e-04 -2.059160902616532784e-01 -4.553513112042151256e-02 3.181904741031502670e-01 4.703152998258619544e-02 -3.722119719809433014e-01 -6.897038137911622180e-02 -2.879683561188295382e-01 -1.316178188459611043e-01 -1.085525986465888659e-01 1.851963220630516993e-01 -2.446813680200646268e-01 -3.343774790821383847e-01 -2.963740341345381113e-01 -1.102822860107164488e-01 -3.580307365811182252e-01 1.111656714258127537e-01 2.551324247953535296e-01 2.231943486745531502e-01 1.923189985071603603e-01 2.093800686053267912e-01 3.764596229704766928e-01 4.904949279341938584e-01 -3.185588354892420759e-01 2.828611740667315577e-01 3.518754277772823125e-01 2.052030664238110591e-01 4.061509063270993813e-01 6.067297212130837170e-02 4.348409784664278854e-01 1.239201666828534075e-02 2.151779408622648548e-01 2.712534246995546711e-02 2.382424987168173247e-01 4.565113910808030750e-01 -3.920709473564383818e-01 2.428202211378383546e-01 1.036728040863716532e-01 -2.169494989007793306e-02 -2.839621576279545145e-01 2.545821458078829924e-02 1.953885421006472112e-01 2.941242173793592873e-01 4.968193432019500644e-02 1.663325936376303105e-01 7.743277789523329846e-02 -3.769424055027791043e-02 -3.114602379871041909e-03 -3.148357219140376362e-01 -4.533790903139404277e-02 -7.582888721139620369e-02 -7.442070396455205405e-02 -1.333239677390329891e-01 -2.476819820627663982e-02 2.295851304532386117e-01 -3.089636568067582467e-01 -3.254806464989749848e-02
8.949103950609296754e-02 2.713172955911663520e-01 7.342628240194139233e-02 1.430035140479829492e-01 1.000000000000000000e+00 -1.524539577073220908e-01 1.501670677860720768e-02 2.148990177390117939e-01 1.486334176017045650e-01 -1.552498073368534064e-02 -1.911712292436113791e-01 -2.656783308087174444e-01 -1.770235811162212958e-01 2.915064635624470355e-03 3.573787900610273655e-02 1.363707204896573155e-01 -2.116778705540035554e-01 -9.368736293904796064e-02 4.471172534499334716e-02 -8.483979173274805441e-02 -5.431469521269146478e-02 -8.757583168025616371e-02 1.426485238410122279e-02 -2.353745685660467990e-01 -3.189001679460502503e-01 -2.709436698426394008e-01 -6.445753432577538966e-02 -1.282438358064122708e-01 -1.731681409442565323e-01 1.057324977859958569e-02 2.428235700501933658e-02 -2.210501176187066874e-01 2.789023490568966479e-01 -7.664384229453409525e-02 8.522993704069718734e-03 -1.021325450647541794e-01 1.503826061460431240e-01 -2.320825217524086492e-01 1.085545517674790100e-01 7.727334122009497930e-02 -1.432587470175313571e-01 2.052273028275474476e-01 -2.622981757889665810e-01 7.949859831608500904e-02 4.358360352562536816e-02 4.052282169269651874e-02 7.557549715062289973e-03 5.196486856340743268e-03 -2.925407702683100464e-01 -2.906907937654717999e-01 1.781360433472927718e-01 2.232572141025066306e-02 4.441350338300453227e-01 6.870310091488669446e-01 1.507867057573117897e-01 -3.747882401859325419e-01 -2.614034389437279622e-03 -2.371120233895865348e-02 -4.682342571206551951e-02 1.251227216591001799e-02 -2.102226981325294175e-01 -1.837319629549337141e-01 4.674728678438969803e-02 -1.587532597973615595e-02 1.796139118951017508e-02 7.984756258743576363e-02 1.864825135402349010e-01 -1.952254028940894892e-01 -1.365138875691380982e-01 -1.509526034273717676e-01 -4.049548854261843592e-03 -3.138502037452545745e-01 1.749940257995606305e-02 1.742439026966932369e-01 -2.264308545003820006e-01 -2.947044605311595067e-01 -5.853735113923301536e-02 1.271946082359064157e-03 -5.900482591956027895e-02 -1.225849462621414754e-01 -2.110767161455038010e-01 -1.703669000432805058e-01 2.121122141983695919e-02 -9.236889285075226830e-02 -2.394157043521824568e-02 1.364775592629627887e-01 1.678562898874167708e-01 -7.375764541341438274e-02 -8.541509024850216236e-02 -2.225970906674726857e-01 9.598145057962946536e-02 -4.646300119731949785e-01 5.113706002917765836e-02 2.980569375123711673e-01 -3.665829899802734992e-01 -1.625727745787319128e-02 4.466894097809730180e-02 7.481556324597127272e-02 -1.436041549364583392e-01 -2.673629103805456042e-01
4.236290683631108167e-01 9.784985536861380562e-02 5.625563563420878932e-01 -3.919381357205765082e-01 -1.524539577073220908e-01 1.000000000000000000e+00 4.721562821439018731e-01 3.059222691370635516e-01 3.573645169252050446e-01 2.271968238722684164e-01 2.021556339154919335e-01 2.161518020688080466e-01 -9.167941418527375541e-02 -3.560191103915952282e-01 -4.206337300326324358e-01 2.297581093368370464e-01 -8.444957075635732557e-02 -1.782422683342764214e-01 -3.176751988105276370e-01 -2.674681478028183013e-01 -3.533585911694139825e-01 -7.187076675605708065e-02 -2.990255109708554460e-01 -9.340433246218493579e-02 5.976942146189043736e-01 1.134584211995877251e-01 -1.397587079561653234e-01 -2.183044085197588247e-01 -1.008072625370309700e-01 -3.985882078607513312e-01 2.388715103618344743e-02 9.262943049014153718e-02 -2.971247165283197322e-01 -1.976759597552019410e-01 -1.066256732949813629e-01 7.935323762142737491e-02 -1.982763925971121055e-01 3.300310538056005494e-01 -6.136266671677902823e-02 1.659261126542020959e-01 3.456432633226977358e-02 1.124155891839978272e-01 2.939678918668754970e-01 -5.740310078593655746e-02 1.743007590928528638e-01 -2.003276210265546031e-01 -2.498699497892382937e-01 -1.540082532554000738e-01 4.924328069268597008e-01 1.565503447022550121e-01 1.823495019786146865e-01 4.753199313650469660e-01 -4.642695593411205052e-02 -3.594253602636182654e-01 6.224177394602913305e-01 7.539586923698838872e-01 3.266518165161471643e-01 1.519814221755291517e-01 1.456417315696241499e-01 8.127196604006561853e-02 4.918647354583897263e-02 -2.447112541874332248e-01 -2.964806386562310325e-01 -3.188961230735221086e-01 -4.338172009660180573e-01 -4.424995628371101164e-01 8.920490340231139459e-02 -2.753057573763524890e-01 -2.727313635832174787e-01 -2.176125095098841444e-01 -4.130521120631076015e-01 -6.616524873301402043e-02 -3.832205803561392066e-01 -4.629702087377255554e-02 -1.131798988112631410e-01 3.155675964762896246e-01 -2.690574472721362076e-01 -4.717146227712931128e-01 1.922872347171628860e-01 -6.249831069152801677e-02 -2.056467692069625930e-01 -1.288689525090100652e-01 1.390380183845683904e-01 -7.736685401042558974e-02 -2.273437578589014296e-01 -4.105780595926848409e-01 -2.871015564824096478e-01 -2.451411423352497232e-01 -1.357646180518873591e-01 7.355898770968949743e-03 -9.503311078141522816e-02 5.048785670600945963e-01 2.191951079411669570e-02 -3.372116857079635651e-03 2.714946586902312053e-01 5.941423614108279350e-02 -2.031019429109546803e-01 -3.035173710541034242e-01 3.467480366548176818e-01 7.061821862555726914e-02
2.031495304085415843e-01 1.678507924437324383e-01 2.652667246431166803e-01 -1.967705934690243130e-01 1.501670677860720768e-02 4.721562821439018731e-01 1.000000000000000000e+00 5.157847320656480106e-01 3.692684585482357562e-01 3.500575231333096782e-01 1.365064307149137512e-01 1.592381470740628358e-01 1.303217541792140166e-01 -1.356923182008227813e-01 -1.351750937822338572e-01 4.375520312130110612e-01 1.318632684753788531e-01 -6.496681272890984793e-02 -4.456232659623311776e-02 -1.509145706388540786e-01 -6.413974486246835915e-02 7.581812829931480757e-02 -9.538692628284518860e-02 1.669310158707993652e-01 2.300524877658826073e-01 1.071407914437666614e-01 -1.285959862805227671e-01 -1.245823117556567050e-01 -4.083699067313565495e-02 -1.493068655150410207e-01 1.487963108110197941e-01 6.514128282222446387e-02 -4.634664927834161730e-02 -9.360277889169947574e-02 -5.757740631377052110e-03 3.902793378366544146e-03 -5.545118108105291654e-02 3.295665160676213845e-01 2.373168011546691880e-01 4.738287471261244388e-01 1.190984762456992301e-02 1.027213608558310148e-01 1.858207622955469485e-01 -1.203807319966483311e-02 4.628782372211746876e-02 -4.186887907494978023e-02 -1.700038634674439775e-01 -1.056265952316175760e-01 1.992749202177005186e-01 3.355443285445716683e-02 2.642380410140163782e-01 2.509562187503912023e-01 1.549508070407600580e-01 -3.166670083906607258e-02 3.474411584736560865e-01 3.029610747756031341e-01 3.502252620193211374e-01 1.701297698582420748e-01 2.043259329664495194e-01 1.084217665779564771e-01 1.429901299459583087e-02 -3.793415544866782230e-02 -6.177747440091966441e-02 6.754468827180097612e-02 -3.734298313763821653e-02 -1.547719336148601077e-01 7.052563998923484789e-02 1.006248329453797441e-01 -1.171371549844875126e-01 -1.741297809265175134e-01 -1.220238413769157704e-01 7.868811076681708760e-02 -1.749388393845749679e-01 2.858980133759541076e-01 7.976396770175386841e-02 6.735636359963689812e-02 -4.359290932546008857e-02 -5.609148916508203964e-02 1.182171121062884911e-01 3.855634412372252809e-03 -6.884455487735782753e-02 -3.581054564113522742e-01 -8.517092297643018284e-02 -8.300790144824822525e-02 -1.668516446411136001e-01 -2.774071065172785122e-01 -1.579678313789398547e-01 -2.090000967672143717e-01 -1.214444089785088055e-01 -4.270856982855962547e-02 -5.571232887240269022e-02 1.523991420635851524e-01 3.313899408172006900e-01 3.016224598571429216e-02 -3.318145911087014982e-02 1.076066436424150952e-01 -7.966412539983228069e-02 -2.113031266080476478e-01 1.769221405419984794e-01 8.289316901181356667e-02
1.523777292333671207e-01 1.797672144436997521e-01 2.992981439584306846e-01 -1.720247410493208895e-01 2.148990177390117939e-01 3.059222691370635516e-01 5.157847320656480106e-01 1.000000000000000000e+00 6.831701282667044239e-01 3.852087526942719053e-01 9.827883851142199534e-02 4.305865408327647081e-02 -7.049847604966254233e-02 -2.007766320736641130e-01 -1.995098413998262210e-01 3.842681403434237697e-01 -1.624042034365023035e-01 -1.462952013029925891e-01 -1.824787430049260584e-01 -3.359717560660603342e-01 -1.726175055802080527e-01 3.484837341845194170e-02 -2.419465433291830836e-01 7.908763749324674436e-03 1.010781633342246466e-01 3.114172789315347925e-02 -2.163485203564674830e-01 -3.066317062425453002e-02 -1.216279574776587408e-01 -2.220915466894470836e-01 2.307838846066757599e-01 -7.078426625139461192e-02 -1.360425412486732932e-01 -2.054543812513454637e-01 -1.582189397362347982e-01 5.590808870643890205e-02 -5.989309060524445477e-02 2.108816234078310925e-01 1.012494242285379847e-01 3.645980156469151856e-01 -1.341675192817331219e-01 1.121509696719773103e-01 2.226959214575081891e-02 4.332083611277712243e-02 4.320990968002156457e-02 -4.986629602414836132e-02 -3.492831485012094506e-01 -1.642713757928939144e-01 8.153255369407100273e-02 -2.042384232139637101e-01 2.136570153964653662e-01 3.162903340301478350e-01 3.603640609275844398e-01 1.533344685611461311e-01 4.345000494216035847e-01 1.235182740292754128e-01 6.084780423471830568e-01 4.979285739879298345e-01 2.559232688142129564e-01 5.775046803477774243e-02 -1.406026903842579057e-01 -2.370563903817325957e-01 -1.056820793942244013e-01 -7.934006548860939034e-02 -1.304998841255427533e-01 -2.309330119204965337e-01 1.106527722165084465e-01 -1.816813728816243367e-01 -2.778899239302289881e-01 -1.885167851402446970e-01 -2.569771236523403779e-01 -1.348162740258965764e-01 -2.863751004433817138e-01 2.010852002733841959e-01 -8.023538787436890196e-02 -3.720834944296483315e-02 -2.003699901959563046e-01 -1.591181225670519894e-01 1.465393426602551175e-01 -1.030758044870439954e-01 -1.839863803340837933e-01 -3.644534460141520271e-01 1.483842677667830505e-02 -2.051775878614138238e-01 -2.648762697127184373e-01 -3.213843808068513885e-01 -1.580381995333570988e-01 -1.317419182116671139e-01 -1.645946187139337158e-01 -1.610404132482384232e-01 7.314551996745648210e-02 4.611732596651034466e-02 9.580715562735438173e-02 7.239803216135798879e-03 -1.868967746217448378e-01 5.027193867109223252e-02 -7.954609949682299452e-02 -2.663959178408928929e-01 6.896007320692963682e-02 -2.069357730787138305e-01
3.443029364257014779e-01 1.516329894823435775e-01 3.124230347514492800e-01 -3.172001698506234368e-01 1.486334176017045650e-01 3.573645169252050446e-01 3.692684585482357562e-01 6.831701282667044239e-01 1.000000000000000000e+00 4.681262046953448275e-01 -3.485394765575013706e-03 -1.670854663271065521e-01 -2.398296270116149487e-01 -2.989937366090938409e-01 -3.309039295013771476e-01 4.318396043716949961e-01 -3.654602231456051120e-01 -3.578071540066413148e-01 -3.894592591252699632e-01 -5.200161414903303747e-01 -2.858669751167601247e-01 -6.374899725358419700e-02 -3.333451255098786592e-01 -2.098873842729623573e-01 1.073831575215270645e-01 -9.611389394265767994e-02 -3.672171885400375424e-01 -1.019203013633547122e-01 -2.911919259593838127e-01 -3.108289984975782239e-01 2.218469093906181855e-01 8.370373758646114382e-02 -2.065574122113068845e-02 -4.341208985750950600e-01 -3.502758178339691608e-01 1.085643668542587009e-01 -7.751510383342691268e-02 3.960268628863354845e-01 2.817579250021574541e-02 2.592745765548206682e-01 -2.555529333779282819e-01 1.695450458856187226e-01 -1.338121829092761561e-01 1.008483797455984356e-02 -4.685799364936060751e-02 5.589090416282450902e-02 -4.557779172785494382e-01 -6.994367910888928119e-02 8.635029663794221988e-02 -2.610068136334893207e-01 3.971300089847530912e-01 3.666685781501324293e-01 3.293614209246673030e-01 9.109164408251646528e-02 4.393201396511403067e-01 1.389113911423278946e-01 6.299995406483743787e-01 5.153664824937119748e-01 3.480906460844886419e-01 -9.295746755304053199e-02 -3.452492586446325729e-01 -3.839651911265704598e-01 -1.754308790627795711e-01 -1.037895726821214948e-01 -2.274137386094377544e-01 -3.648722455604970771e-01 2.211658432041518074e-01 -3.032449012992873838e-01 -4.837695852051536183e-01 -3.688261302322988211e-01 -4.429988321502437154e-01 -2.663783505961740405e-01 -3.805227027049629673e-01 -1.893093738409273516e-02 -2.859553188528940471e-01 -1.808789893349501410e-01 -3.267979158940644280e-01 -2.714913750915446955e-01 2.851931888691128236e-01 4.395079499507049264e-02 -3.576510520852138608e-01 -3.406362692580461315e-01 -8.531135714490096014e-03 -3.428596033995487402e-01 -4.046124717310197183e-01 -3.847135218153990843e-01 -1.556699742570044898e-01 -1.157476283590090360e-01 -2.809526262062118640e-01 -3.061219269609082305e-01 1.516772190767117223e-01 5.791380821400812090e-02 2.557368264625636475e-02 -1.347493775367968570e-02 -2.449350516168122271e-01 4.565501511038044108e-02 -6.425223366624954746e-02 -2.853359127403813922e-01 -8.174755685463656885e-03 -3.049301763014951594e-01
3.618631113895759421e-01 -2.151026148390930981e-01 6.187211850447596473e-02 -3.889551444316884932e-01 -1.552498073368534064e-02 2.271968238722684164e-01 3.500575231333096782e-01 3.852087526942719053e-01 4.681262046953448275e-01 1.000000000000000000e+00 3.204687216288026885e-01 2.105754116102536433e-01 1.284911135950201067e-01 -2.476180266198222957e-01 -2.469108844407380821e-01 3.279268607023431703e-01 -1.046881288066447285e-01 -3.355714940042443528e-01 -3.178283045714385135e-01 -3.788778530822491941e-01 -1.579402761653943832e-01 5.720932016056896885e-02 -3.324683412335473487e-01 1.012881511335775447e-01 3.364578078378009374e-01 1.765444888922877986e-01 -2.771814331230579853e-01 -3.466636725682126219e-02 -1.554284627870610724e-01 -3.198997372904618941e-01 2.103734673662182308e-01 4.682698473965811459e-02 -2.637025337309324355e-02 -3.563079223503223258e-01 -1.407167234809358070e-01 -5.643343958812110928e-02 -2.623520520358066030e-02 4.847804507834682641e-01 2.929594103081006873e-01 4.894865594615020465e-01 -8.624926248773839843e-02 1.174554116230480810e-01 1.792613181632485841e-01 8.368385936698756467e-02 6.224105096672787746e-02 -1.216883272087407736e-01 -3.398305767183166792e-01 -1.161362490815329995e-01 3.171839116709788686e-01 -6.816651335488259356e-02 3.722019181419569667e-01 7.228114221985972032e-02 9.909290304255667647e-02 1.393237357658085873e-01 1.411896462746695391e-01 1.581315167966049484e-01 3.046182741501612945e-01 3.582219850255570492e-02 7.165444188108160972e-01 2.650490689731542227e-01 -2.425619886758807048e-02 1.660240218224756648e-02 1.441237853427892665e-02 3.011326838102873840e-02 -1.759941410940572548e-01 -2.866879019504318671e-01 2.254967525662233963e-01 -9.746644516611134568e-02 -3.337348687706234718e-01 -3.660159847715188097e-01 -3.294602315768979661e-01 -1.945904329951058873e-02 -3.857427191843855185e-01 2.307453204956247950e-01 2.350263339868473647e-02 1.487301898655571941e-01 -1.501026340450395125e-01 -1.874513422151069253e-01 2.922653437480903782e-01 9.173866872954099250e-02 -9.184542543125245873e-02 -2.922064787080868586e-01 1.114807330005670311e-01 -1.736596417294269390e-01 -3.689551392842865263e-01 -2.894076560092018746e-01 -2.514669678369545885e-02 -6.324077793583404716e-02 -2.177786112620816172e-01 -1.407433438701418960e-01 8.104112031809412864e-02 2.220904862802917379e-01 3.068770405042865468e-01 -8.319651718427847897e-02 4.968851876944073431e-02 1.160288719332772112e-01 -1.715126391572476261e-01 -3.077164281876883511e-01 3.085714785174026864e-01 -4.545228240018656107e-02
-1.089464520621121757e-01 -2.037909455485722166e-01 -7.941873250357589509e-02 -3.353575608123349986e-03 -1.911712292436113791e-01 2.021556339154919335e-01 1.365064307149137512e-01 9.827883851142199534e-02 -3.485394765575013706e-03 3.204687216288026885e-01 1.000000000000000000e+00 6.980851411782033056e-01 4.485839935243495780e-01 1.514989459997456989e-01 6.315640746163470043e-02 -2.046074201163276540e-01 3.987162045467977922e-01 2.096234982588234541e-01 1.905924384047172071e-01 1.793892799160453355e-01 1.532002603298221466e-01 2.738577643552558283e-01 7.400523290247339181e-02 4.386110924768549246e-01 2.397693476951386626e-01 6.377701912284490238e-01 1.259542483925185641e-01 1.045268517256414120e-01 1.502624742463707364e-01 2.789840212374267853e-02 -2.437675490687093716e-01 -2.731050157869762893e-03 -2.351591627172344434e-01 2.151563418200941324e-01 2.901128365715346935e-01 2.519479569173297961e-01 1.061187501961292738e-02 -4.211622802880171657e-02 2.135469270156144794e-01 3.925671336661736843e-01 2.840261040267176851e-01 -7.767715536893979311e-02 4.960030572873705967e-01 1.050231120847159028e-01 1.184546322747027924e-01 -8.167280218121641955e-02 1.071313201317588421e-01 8.777254283939311952e-02 4.182555076390078730e-01 4.139699546223128412e-01 -1.856540613982253229e-01 -9.027925050962468112e-02 -2.783367153278936690e-01 -1.717904200357001365e-01 -5.737136352394295313e-02 3.768160656885615190e-01 3.618319155257387204e-02 -6.230410049000772998e-02 3.486017117500214701e-01 5.902851411703536888e-01 5.575943142017149023e-01 3.434448100834080475e-01 1.624220996383401727e-01 -7.100884578349814236e-02 -3.099162269608355530e-02 5.419747024102463534e-02 -3.019218466458444688e-02 1.854520956183011438e-01 1.730217301874616975e-01 1.365050095368775807e-01 5.082206245257331334e-02 3.803708802390242116e-01 3.921518244477730647e-02 3.063466463993355648e-01 3.844419804367311677e-01 5.966448859104672708e-01 6.232376998569463811e-02 5.226682983046850722e-02 -2.098507907517394022e-01 -5.351357360000852381e-02 2.766133465111379475e-01 1.039110921702046525e-01 1.113027594439894158e-01 2.876301308097106713e-01 6.781290645723971056e-02 -2.531171640742327367e-02 8.590632433974210169e-02 2.460612151456636337e-02 2.496141707183837655e-01 2.944996394103644444e-01 -6.048048111215394845e-02 1.759518478952577236e-01 2.446616761972727760e-01 -1.356750139387812026e-01 4.983107327561649424e-01 1.284366245483991864e-01 -3.477016599097054739e-02 2.616572638488970023e-02 4.247092484234309406e-01 3.965385605850553219e-01
-1.386789025826187793e-01 -2.040420569235802672e-01 3.895970979387045757e-02 -7.926926321422972811e-04 -2.656783308087174444e-01 2.161518020688080466e-01 1.592381470740628358e-01 4.305865408327647081e-02 -1.670854663271065521e-01 2.105754116102536433e-01 6.980851411782033056e-01 1.000000000000000000e+00 5.536714383290981534e-01 2.512133951571456358e-01 1.920009726996202981e-01 -2.691259350080123514e-01 6.105110437138576707e-01 4.204232606089918223e-01 3.299775164414860962e-01 3.525686148521624541e-01 2.529445118493766631e-01 3.354970937623260041e-01 2.328342911415390570e-01 6.595722120161745528e-01 3.159279367196604626e-01 6.803583353966574654e-01 2.723199839213849005e-01 1.031385548302043015e-01 4.403953779983644790e-01 1.091955406928938055e-01 -2.525112185754452288e-01 -3.710906628345284758e-02 -3.005677050832661346e-01 4.156017239066664981e-01 3.910561760070802584e-01 3.039963536416843137e-01 1.873893659301693326e-01 -1.772080588426969694e-01 6.086841687452730632e-02 3.579475636666519800e-01 4.711231083210501991e-01 6.599194734594701628e-02 5.142645063023347785e-01 4.174884426243270774e-02 1.250490466226621133e-01 -1.770978720607692680e-01 2.812859614478561698e-01 2.519142276705714847e-02 3.696988904019008482e-01 3.719984226705274621e-01 -2.609592040563165627e-01 -1.289876303916625833e-01 -3.639364017841827947e-01 -3.435701883999618955e-01 -2.510087532443337419e-02 4.411615300674188167e-01 -3.057502757656659423e-02 -5.395336323253810407e-02 1.804750468981838885e-01 7.130750068505897765e-01 7.200363839772336849e-01 4.467125823073023749e-01 1.976247216903830872e-01 -9.671949939099550031e-02 2.075150014960445294e-02 1.601978597959676509e-01 -9.324908584089311447e-02 2.699686163935320349e-01 3.377887237310638890e-01 3.469858397925277838e-01 2.120729679327728046e-01 4.690095490428685121e-01 1.821223150158789994e-01 4.009697805750238042e-01 5.660040984019831800e-01 7.402501270074102191e-01 3.147903033590595534e-01 1.000662725512121293e-01 -3.003774416908221445e-01 -1.500647775687032059e-01 4.295760577941992731e-01 2.088560585357236987e-01 6.948565216148877566e-02 3.901880935817244600e-01 1.774172287020859273e-01 3.501158659690896402e-02 1.975316557417631791e-01 1.077852859278006538e-02 3.849738320649300216e-01 5.319973981555691234e-01 -2.437518047710960922e-01 1.334250131413173279e-01 4.705374763624413370e-02 3.909468655791193195e-03 5.358176018559941411e-01 -2.154910000203969639e-02 -5.733114346123959620e-02 1.023322187845462361e-01 3.437767965536998038e-01 3.247281438673580434e-01
-3.154630550587121385e-01 -2.302847837542491005e-01 -2.175438877290712114e-01 1.262408013883380697e-01 -1.770235811162212958e-01 -9.167941418527375541e-02 1.303217541792140166e-01 -7.049847604966254233e-02 -2.398296270116149487e-01 1.284911135950201067e-01 4.485839935243495780e-01 5.536714383290981534e-01 1.000000000000000000e+00 4.469467008054779367e-01 3.531380508910073046e-01 -2.383232114661161527e-01 6.717707633626791575e-01 4.441698985865795701e-01 4.759232443585434402e-01 4.756841667202592050e-01 4.475458668856782674e-01 5.611013900275784172e-01 4.189620683274477564e-01 6.505483068854905904e-01 -4.528958102504177657e-02 5.117426791146792997e-01 4.389282639959765087e-01 3.846434879890187619e-01 4.408804142936058601e-01 3.108020918495139617e-01 -2.143213895599029306e-01 -1.137351593238166286e-01 -9.505581018399397730e-02 5.365312499209661246e-01 5.553599819886749778e-01 1.662101436824563183e-01 2.220390658099124503e-01 -1.930493101495637243e-01 2.036895954249312302e-01 3.365908502633836452e-01 4.346550845861409385e-01 -8.889706056990031441e-03 3.494259682540977741e-01 1.145396947744047184e-01 1.986141523682272148e-01 7.482558468432243259e-02 4.606232878292139676e-01 2.037056560390460569e-01 1.527524206956573372e-01 4.283222329679959306e-01 -2.394454367105248727e-01 -3.654773054620255035e-01 -4.246666713717178188e-01 -1.246216166818313459e-01 -2.907051025292451962e-01 6.092606894459771938e-02 -2.409735995307406287e-01 -1.292570053459114465e-01 1.038578342052776105e-01 4.406009330668257395e-01 5.160184761954454968e-01 6.869995376810968946e-01 4.740411723533329291e-01 2.528343617311424874e-01 3.253820224633663383e-01 3.226259956698693809e-01 -1.213104329154997829e-01 5.774348959519649549e-01 5.342335439052028345e-01 3.651490448792965582e-01 3.974086040141796561e-01 6.649541828071966476e-01 3.473063108328289239e-01 3.669964825423009946e-01 5.456920728567471457e-01 4.389175011758667533e-01 4.423647339913294174e-01 4.250397729180915296e-01 -2.152370881430644978e-01 -1.260825153314084901e-01 4.637961212539165046e-01 2.671617354809773803e-01 1.216365577529083392e-01 4.898269666731501770e-01 4.296731833503788511e-01 3.325252744821939888e-01 3.199152405827137002e-01 3.322132924788471775e-01 3.835925008783123147e-01 4.134979849400917673e-01 -1.806350913521524992e-01 -8.354929997116594675e-02 1.512177119015256088e-01 -1.902007222355122859e-02 4.003793071423700223e-01 2.179826914783677128e-01 1.950820709176515622e-01 2.558559573288876066e-01 2.108811537414206627e-01 4.884539236573902654e-01
-4.105122926366200908e-01 -2.631689595038423299e-02 -3.977967644562319105e-01 4.397097416357806932e-01 2.915064635624470355e-03 -3.560191103915952282e-01 -1.356923182008227813e-01 -2.007766320736641130e-01 -2.989937366090938409e-01 -2.476180266198222957e-01 1.514989459997456989e-01 2.512133951571456358e-01 4.469467008054779367e-01 1.000000000000000000e+00 8.459587124752203646e-01 -4.237539030068315782e-01 4.891635065843739083e-01 6.354980207226550437e-01 7.163279500861184923e-01 6.558970925145980457e-01 8.061712168196558670e-01 3.050364912649957128e-01 8.319777055572863400e-01 4.319947831072047384e-01 -4.078693235760640357e-01 2.339054208809956126e-01 4.152584205852078436e-01 3.070398869506612560e-01 4.831524011762593496e-01 7.710401363563917920e-01 -2.783528455393067813e-01 -9.516596964275261805e-02 1.931130722097125496e-01 5.770435570297861583e-01 3.939604144970150768e-01 3.464047866281120269e-01 3.509321656355087748e-01 -4.646189869254337967e-01 1.059857779720348170e-01 9.744415992186486464e-02 3.374319286787100802e-01 3.853004814098796860e-02 4.827288738584621652e-02 8.101231388530272248e-02 -6.893487931833475191e-02 2.733002628246177790e-01 6.990222932185996552e-01 4.900483134647217742e-01 -1.599513807789006425e-01 2.598673834000757021e-01 -3.164403383423239902e-01 -4.619237940384318675e-01 -3.359009193231541901e-01 3.269353076090460858e-02 -3.889569732415225634e-01 -2.533035982923494411e-01 -2.452001864673822584e-01 1.474185306318566771e-02 -2.803323323512277865e-01 2.354211194816618613e-01 3.221098589483230024e-01 4.206911407336025310e-01 5.590992305507483939e-01 4.680323595829295469e-01 7.433306483129039632e-01 8.257587654566297397e-01 -1.538551656123171574e-01 5.571013256248311674e-01 6.306814104759229656e-01 5.811978295153317209e-01 7.916016815318609456e-01 3.744179611632054705e-01 7.947499541321860761e-01 2.288844210244755373e-01 3.440344744649800890e-01 9.543503272970448037e-02 6.093107720033699160e-01 6.615283490365400088e-01 -4.621502479103483108e-01 -9.756763602918347433e-02 3.413995264700570020e-01 2.835532178130341641e-01 -1.374948057843633220e-01 3.284445713895768892e-01 4.817865212554923171e-01 6.155999893435962766e-01 4.131646060755549965e-01 4.401494327200326517e-01 4.997242900111064645e-01 3.010066094418000215e-01 -2.370538518113533485e-02 -4.857213406124311073e-01 -1.510821201069219646e-02 9.689338965261970471e-02 5.263540617986452869e-02 8.758143717678142093e-03 3.778094237686121515e-01 6.625573037767055196e-01 -1.278427037631830465e-01 2.629606059260263251e-01
-4.058882177820483106e-01 -1.259446618314909172e-02 -4.155341709900318703e-01 4.209080769446346126e-01 3.573787900610273655e-02 -4.206337300326324358e-01 -1.351750937822338572e-01 -1.995098413998262210e-01 -3.309039295013771476e-01 -2.469108844407380821e-01 6.315640746163470043e-02 1.920009726996202981e-01 3.531380508910073046e-01 8.459587124752203646e-01 1.000000000000000000e+00 -4.187440996615717226e-01 4.820229945667429128e-01 6.435961469866408047e-01 7.020681023782324726e-01 6.663896345011530720e-01 8.237097801335485636e-01 2.133904941983981174e-01 8.023751565955464793e-01 4.136894688968204559e-01 -4.057745672633877865e-01 1.402934989868712401e-01 3.837627641039195181e-01 2.251685565652215004e-01 5.190265171046239967e-01 7.755987815419317366e-01 -1.611248185128136001e-01 -1.117920711592644001e-01 2.023107631517148397e-01 5.687291538670834479e-01 3.169542123845507930e-01 3.071063359083389677e-01 3.980523566688747295e-01 -4.674659726789459624e-01 4.755510243440206480e-02 9.943493008203767303e-02 3.159410682061853937e-01 8.594960137798374200e-02 -4.841503597927986069e-02 7.554665278099602366e-02 -1.364502042961082962e-01 2.081164594483555230e-01 6.610018289913431877e-01 3.887516946248373850e-01 -2.166902574399412751e-01 1.622666936854197106e-01 -3.058527927845586802e-01 -4.962266042277578282e-01 -2.946391316210796307e-01 6.173007465657749659e-02 -4.016101815663591923e-01 -3.174386075844717880e-01 -2.427088846030524827e-01 -1.755577524290799149e-02 -2.612547236376349113e-01 1.928605786329507521e-01 2.535319785778118451e-01 3.736082717296247968e-01 5.522819085148970020e-01 4.779417373581919537e-01 7.641643881255894000e-01 8.978649941886723829e-01 -1.481119336632015226e-01 5.256485937966965949e-01 6.069586187555338075e-01 6.194477659518856649e-01 8.591472411179974511e-01 3.115643763031868962e-01 8.149046104630279785e-01 2.747027305788584117e-01 3.026274788407351535e-01 4.370011147995347782e-03 6.600343817074615371e-01 6.593157921026679968e-01 -4.168929865449488292e-01 -1.081276174393939332e-01 3.164873990525716718e-01 2.355152379428399334e-01 -1.778094420669933950e-01 2.871740588033386277e-01 4.570248126310372250e-01 6.127682215934833199e-01 4.378931421522541667e-01 3.078420060020518600e-01 4.794258923768719982e-01 2.734814189828305153e-01 -7.639377390571678444e-03 -4.955822461174402838e-01 -1.438415243834876428e-02 1.358498161574212826e-01 -5.603227079198658950e-02 -3.858725482113794375e-02 3.314900537489249288e-01 6.510351219873576900e-01 -1.688885702474159645e-01 1.624108548883919922e-01
