1.000000000000000000e+00 -2.734144700583894250e-01 2.857624911138840762e-01 -3.448481096166945425e-01 1.231585406197023974e-01 2.212094484619227530e-01 2.401172454481539931e-02 1.239446009214824895e-01 1.352015451634200338e-01 1.721189061489522276e-01 3.535513743887762628e-01 2.653995263480988798e-01 -1.065553431080635688e-01 -4.269278673878701413e-01 -4.626443729557837559e-01 1.294925283979685426e-01 -1.065947258604045961e-01 -1.558770947178577948e-01 -2.705261568694733443e-01 -4.435997456379749820e-02 -3.639642758632024577e-01 -4.940376838295320976e-03 -4.782783171696893820e-01 9.560637409008693188e-02 2.437144740472289295e-01 1.006725268082847291e-01 -3.465919678260042658e-01 -2.481605585930916555e-02 -3.824555600558830065e-02 -4.167953235469976092e-01 2.765267274328913616e-01 -3.276447543433733123e-02 -1.724573781293989583e-01 1.995491849443378762e-02 -1.873670196696047285e-01 1.352248634381315318e-01 -6.408210080667327280e-02 2.834059472229394916e-01 -1.400359026744158741e-01 1.343247226129481164e-01 2.969538460717086603e-01 3.508661525140056581e-01 -6.719775530075629277e-02 1.476459354761526788e-01 -1.334446576136108509e-01 -1.374716695139522604e-01 -4.297937416912887554e-01 -2.225490841229535166e-01 4.286368834260034233e-01 2.100209949403614440e-01 6.650964447549989611e-01 -2.083663154363143422e-01 -2.354189870120567685e-01 -3.604947525557272714e-01 2.258078617426684809e-01 1.829891736322698803e-01 -5.651653061632364028e-02 2.637560759438316305e-02 2.134247117713836683e-01 -4.245535625629161258e-02 -1.906901975908727176e-01 -2.138513953304727877e-01 -4.407136709039068956e-01 -3.541041246210015481e-01 -4.572558271223964299e-01 -4.497641309391785525e-01 2.449336253530663698e-01 -2.685507206979027561e-01 -4.087964740188980706e-01 -2.709978837824498221e-01 -4.126524559523383484e-01 -3.803056961445958062e-01 -3.822563881673988750e-01 4.899248557072459487e-03 -3.107680291602853140e-02 -1.796156325410995860e-02 -3.106246517816200203e-01 -3.385696827514746432e-01 3.603233777138505900e-01 9.643514703530113585e-02 -3.691000708819893172e-01 1.556763782683929509e-01 -1.479705994576287764e-01 -2.704606643691629397e-01 -4.102440182478408470e-01 -4.735914311602920646e-01 -1.845774905046703718e-01 4.404298389085455762e-02 -7.037900922277973148e-02 1.891454022100126642e-01 7.737880031546870430e-02 1.048846556615875281e-01 -6.425172363696658728e-02 2.833847977456862011e-01 -2.088898013440384366e-02 1.635571247603824496e-01 -2.628037662279322229e-01 -1.242200845916135027e-01 3.021340254582223772e-01 1.134701641984809661e-01
-2.734144700583894250e-01 1.000000000000000000e+00 3.595094405149683037e-01 6.239431119883811494e-01 1.521791417194008067e-01 2.344634372224558005e-01 5.147295673900362800e-01 5.075212342127367604e-01 4.286930285795018114e-01 -3.004309472116330551e-02 -1.044572507253368754e-01 5.794679610106683726e-02 2.249481606692646241e-01 2.736886533913188702e-01 2.864387895444119314e-01 4.382352275668662256e-01 1.909662409727395094e-01 2.631111977969595173e-01 2.520253308829363270e-01 3.906181419303551838e-02 2.883726761167789143e-01 -3.761287265222364173e-02 2.294183396886674275e-01 -5.386590143013578885e-02 -1.975328181064457123e-01 -3.079117730295110045e-01 6.295548368989753452e-03 -2.556309264867008824e-01 -2.761027147642435703e-02 1.802387043604452843e-01 1.747130422794954119e-02 1.138466980704573861e-01 3.746068560361563993e-01 3.233291326102846752e-02 1.296209806882827331e-01 -1.873383581448646584e-01 -2.038113279714098558e-01 -3.530437405427813008e-02 1.781704541463923763e-01 8.799402490857166637e-02 -1.389016146169815558e-01 -2.876230132381550342e-01 -1.548072487201123115e-01 -2.513951193506004655e-02 -2.936963406023615844e-02 5.992967395008904491e-02 1.186808501797605997e-01 1.582659204491294325e-01 -6.832017451882718695e-02 -1.824267675977103154e-01 -4.266984409022093333e-02 5.931245486099192554e-01 5.653265084220376879e-01 2.973318944584245616e-01 1.661760587843119918e-01 3.446710849799292653e-01 4.560767500842556887e-01 4.635312125958032659e-01 -2.195749189634181864e-01 -7.148229320106466722e-02 2.214690925478124059e-02 3.175858322748544849e-01 1.720798880167512257e-01 1.789677137662264161e-01 3.406971856905314233e-01 2.966709969455322837e-01 2.369248473772877783e-01 4.104452800999274231e-01 2.432115054960264922e-01 2.909295278434290144e-01 3.307085126015585907e-01 2.706406491605721221e-01 2.485464250115225204e-01 3.300923585742891464e-01 8.138081084831218226e-02 -1.997615591500641608e-01 1.695465188834787140e-01 1.651798976611837388e-01 3.243008666115450300e-02 1.518797920617841468e-01 -1.917400026465005541e-02 -1.511373330916236379e-01 1.248038219749630778e-01 1.373266493035932290e-01 1.101278154209111848e-01 1.574768961706887738e-01 -3.912119581673199203e-02 -2.063426310426453025e-01 1.180621274547436483e-01 -2.189777451194926394e-01 1.573749875107336993e-01 -9.143113802294046757e-03 1.223131592688691122e-01 -2.475683723373207634e-01 -1.354521288507288812e-01 1.321260198001224587e-02 9.907200733797762171e-02 1.406643584367720523e-01 5.301484588972514567e-02 -1.828349741584971433e-01
2.857624911138840762e-01 3.595094405149683037e-01 1.000000000000000000e+00 -7.421030931820218543e-03 -3.904191714009622172e-02 3.799287918112818074e-01 5.053002162085785676e-01 4.851138148860767441e-01 5.241158448425002891e-01 2.294119931673975765e-01 2.138446904764146894e-01 3.757272359880161061e-01 3.248535631655611877e-01 -3.835563312813194264e-02 -2.162719074875366423e-02 3.053782485841663452e-01 3.159106343304693421e-01 2.890802799860527905e-01 2.542538514435853103e-01 6.466176704597936808e-02 9.636910217859531724e-02 2.188214934411142898e-01 -1.035342048529682979e-01 3.005201123517711181e-01 7.718581440347906109e-02 1.349247918322697970e-01 -8.617537738018254956e-02 -1.726210009849332983e-01 1.050200263615995167e-01 -8.652318574588301059e-02 2.849537014430638185e-02 -8.323994908831716666e-02 -6.465889351273028385e-02 1.583345529743138136e-01 1.539481096963024043e-01 -8.688561302360180150e-02 -1.968139387150812381e-01 1.407142912035323767e-01 1.147183472756171108e-01 3.260269348425152147e-01 -3.283077097647307471e-03 1.735929507511236314e-01 -3.670880670775870241e-03 -1.719971719955301903e-01 -1.912963486054717333e-01 -1.497467794829421550e-01 -1.836290290007249193e-01 -1.494897645758694049e-01 6.961296034112712805e-02 -6.854200578051433679e-02 3.265387400319824107e-01 4.774131841217461036e-01 9.177992465089516994e-02 -3.075809323484905433e-01 1.729191085558421381e-01 4.988180831413033811e-01 2.253017438075365086e-01 4.113749938982760868e-01 1.568291129928185146e-01 1.747821955583761244e-01 1.692577201538351950e-01 3.108772960605091784e-01 -7.629224681989742185e-02 -3.774399326801915894e-02 6.319022107744036443e-02 -6.744346425944335033e-02 3.294311556579094802e-01 3.283756140448163552e-01 6.829166273005590759e-02 1.694754035237211187e-01 1.598531443441105482e-01 1.106657654164008991e-01 -8.077669666901380035e-04 4.039251367551061067e-01 3.274288420873261440e-01 7.931409722098274606e-02 1.227075828434182891e-01 -2.551535383772796442e-02 1.075982712308122397e-01 -3.799621698659287616e-02 -9.954670944146412626e-02 -2.260974866285138662e-01 -9.299654889750391673e-02 4.995191138041811876e-03 -1.665608427874623876e-01 -1.862461600570721743e-01 -2.735943743945628004e-01 -9.610328499110397382e-02 1.417549696235534673e-01 -2.233413493079690337e-01 -1.691590887792342457e-01 1.429407844634354996e-01 1.638657215730373040e-01 -1.326345196381394781e-02 1.364779698437056377e-01 -1.633686808126834367e-01 -2.075049219722152061e-01 -9.125437081107733162e-02 1.340177566558222177e-01 -1.203746903319277139e-01
-3.448481096166945425e-01 6.239431119883811494e-01 -7.421030931820218543e-03 1.000000000000000000e+00 3.155037951112897310e-01 -6.868512420004559138e-02 2.946590497473414727e-01 2.024928526890869551e-01 8.043785118729697425e-02 -2.084269066706594120e-01 -1.464599628690989308e-01 -1.339954041399201712e-01 4.726359931990734009e-02 4.174876770046737628e-01 4.369608899067612406e-01 4.253143395238893065e-01 4.444678403323085170e-02 1.430768669014870764e-01 1.452746096669787212e-01 1.757624538303877116e-03 2.219812570033521393e-01 -2.188727888063818627e-01 4.793583514116616096e-01 -2.052155895873682689e-01 -3.961969007661241826e-01 -4.008377743546961414e-01 1.265840992907676099e-01 -2.095968311037007537e-01 -9.125692906773434643e-02 3.938144688809958049e-01 -1.464360036446460955e-01 1.907752782060899155e-01 5.355911146473625317e-01 -9.984793321466534088e-02 4.338104359518624685e-04 -1.666428007357870777e-01 -2.056565589041887410e-01 -1.185306820251020576e-01 2.458292265811761607e-02 -5.081103359723637691e-02 -2.513271498135783988e-01 -4.673123717933719279e-01 -2.057534965898194235e-01 -7.698460226540339291e-02 1.572496861520039646e-02 6.565087790140944346e-02 2.612265810302243363e-01 2.630772720767977080e-01 -1.676334354474467991e-01 -3.117166766745681494e-01 -4.603353422487285046e-02 3.425991679636251064e-01 7.332727753973603546e-01 6.623379671668891966e-01 3.247931978234712413e-02 3.421085475109723190e-02 4.612813996358078872e-01 1.107092883282307094e-01 -2.620951829453260773e-01 -1.478747063278430252e-01 8.647851564914642644e-03 2.445543166759307219e-01 4.112945742944579819e-01 3.656356898796328525e-01 4.697869841402297353e-01 5.286203857090747693e-01 2.089203781364188106e-01 3.373274562855676506e-01 3.509411265689067472e-01 2.993315199618996059e-01 3.314658955065478141e-01 3.206685967464231179e-01 4.638331565266030632e-01 1.821208027583454958e-01 2.677807995618946765e-02 -1.887493761509643209e-01 1.414380605874448749e-01 3.723931853326685193e-01 -2.130463263659543305e-01 3.433338826633911545e-01 1.212328815836033885e-01 -1.090705489513089377e-01 3.620009190235137092e-02 1.968620666824405230e-01 2.536668073247792532e-01 4.094831051739981631e-01 -3.030489785590977439e-02 -2.081536499243468452e-01 2.436615276695363805e-02 -2.147961964683052505e-01 3.334842359693683811e-01 -1.708448378527980815e-01 5.493349645694379363e-02 -3.906874330753329350e-01 -3.171152683659808069e-01 -2.717794424215836877e-02 1.417477310757408182e-01 2.000049747910871145e-01 -9.449225944503757135e-02 -3.140898851227781341e-01
1.231585406197023974e-01 1.521791417194008067e-01 -3.904191714009622172e-02 3.155037951112897310e-01 1.000000000000000000e+00 3.771199675967550902e-01 -1.019462404830289021e-01 8.149915703651401666e-02 1.990475406481223286e-01 -5.439734263435135747e-02 -8.330801641867929819e-02 -2.521053463496054636e-01 -3.719414819003067363e-01 -1.400181288560919668e-01 -2.345907367728870263e-01 1.756803096929256680e-01 -3.597228404151948666e-01 -3.313317870195419679e-01 -3.620457795866834361e-01 -1.509434196276435158e-01 -2.998994330108477047e-01 -3.197740480928332185e-01 -1.474074965995023356e-01 -2.426509178592388682e-01 -1.746519702056650858e-01 -2.333436692840045457e-01 -2.141045040433142976e-01 -6.381394311735474889e-02 -2.060500990257841392e-01 -1.562815224633416766e-01 -6.078124865778242875e-02 7.620573551913525923e-02 3.825246583874207518e-02 -2.689522385565107365e-01 -4.179112124102517534e-01 1.044282207526806283e-01 4.830995680974482787e-02 -2.702649366975179435e-02 -2.307091107392626184e-01 -2.225531615680441666e-01 -1.377987258816789663e-02 -6.029467644118997188e-02 -2.780819923978326003e-01 -9.328170375431453498e-03 -5.871623753606988044e-02 -4.370539868597306948e-02 -1.761182939790763569e-01 -5.909982504720910634e-02 9.934056454055813223e-02 3.883022227957651229e-02 1.933677853787550693e-01 -8.884382733214188366e-02 8.763595552091554830e-02 4.547505723540745115e-01 6.157292916018956008e-01 6.106119570740714542e-02 1.357714239754451158e-01 1.580267234614844141e-01 -9.025963323970458141e-02 -2.616500221435599793e-01 -2.628283732920230764e-01 -3.388218516875493580e-01 -8.124394022668129933e-02 -1.789652581145691757e-01 -2.768427580389331566e-01 -1.270620171759849482e-01 -4.467869390056461443e-02 -3.883565573293878415e-01 -2.983304980107187587e-01 -2.613942425923519997e-01 -2.920291839757573338e-01 -3.161910013406050712e-01 -1.607735399860230341e-01 -2.608961322590998555e-01 -2.283633940403040075e-01 -2.478474921399008435e-01 -2.262173622752068347e-01 -1.404917987740414986e-01 -5.784068913314033278e-02 1.181438665826623352e-01 -2.599126794006375585e-01 3.023259573803957490e-02 -2.333232542323741832e-01 -3.883996631449881942e-01 -1.907018060750512167e-01 -1.096120967009041880e-01 -7.667722710330820979e-02 -6.742103282190398117e-02 -6.746685330139400028e-02 3.589290460399410104e-02 1.972931095848944050e-01 -2.056039762951057670e-01 -2.084248054161606800e-01 -1.939576048498188321e-01 -4.054330040423646531e-01 -1.602989036682992904e-02 -7.086064542161650548e-02 -1.440190965264347978e-01 5.105346217233171918e-02 -2.958829145954313539e-02
2.212094484619227530e-01 2.344634372224558005e-01 3.799287918112818074e-01 -6.868512420004559138e-02 3.771199675967550902e-01 1.000000000000000000e+00 2.829475139524113003e-01 4.012580665519372980e-01 5.515099811296445553e-01 2.307871130324901654e-01 9.673387776583838860e-02 9.791264994376762398e-02 1.924159638372933273e-02 -1.854534471191540690e-01 -2.869156103280533499e-01 2.326030160219605403e-01 -2.818422575627824861e-02 -5.318618151992760695e-02 -1.404740139259076093e-01 1.892139309468274938e-02 -1.411189157757522239e-01 2.523723731090206021e-02 -3.181535898933137707e-01 8.987427567403243056e-02 1.519811999915397782e-01 9.128970298675297135e-02 -2.476057057913957915e-01 -5.687578767887508518e-02 -4.586360394421485319e-03 -3.269496805263911177e-01 1.202025421262840899e-01 -6.363571551548447003e-02 -2.083996193381754958e-01 -2.684444629239121985e-02 -1.384850927091561823e-01 1.149381956602471277e-01 -4.310347836121684179e-02 1.627387081930923018e-01 1.350049882906389498e-01 2.084613342970705330e-01 1.831601772754295199e-01 2.457714047150454384e-01 -1.017061903069769319e-01 6.375577103433811843e-02 -1.359061229896237344e-01 -1.298854320770771731e-01 -2.558974726387207577e-01 -1.595326194549401000e-01 4.080038676857691837e-01 1.981683118755104833e-01 2.088001579097281679e-01 2.043283841451978278e-01 -8.876556166965343664e-02 -1.445016552584922065e-01 6.219097422236536943e-01 6.420165614343896765e-01 1.515903450286768261e-01 4.444830087183567202e-01 9.187381689242074545e-02 1.514316505586615381e-02 -7.765214236418542526e-02 -9.014437985288792365e-02 -2.401492024465122777e-01 -2.761114821235642891e-01 -2.553261331185466831e-01 -2.802795688154426368e-01 2.049939710770650458e-01 -1.085057044016220079e-01 -2.987829545737245018e-01 -1.828014141961712968e-01 -1.801640815987593514e-01 -2.412322513689451886e-01 -2.822985635863275999e-01 7.479001554567087096e-02 4.654899219822689754e-02 -3.317082052317928131e-02 -1.111279008374827793e-01 -2.842003577893212896e-01 1.660088573907618215e-01 -1.424638148753719913e-01 -3.276192161289611104e-01 -6.651077527376751675e-02 -1.686678871719926587e-01 -3.378333612240772554e-01 -3.493155728612159505e-01 -3.517912835936776728e-01 -1.228158984189766656e-01 -2.909256829043255568e-02 1.613195468581456737e-01 -5.585246868012103127e-02 -5.249333930930286801e-02 2.799030746967148819e-02 1.866241055761000758e-02 5.465860809390495068e-02 -1.271260518706443243e-01 2.391408966963804849e-03 -2.144212043695896130e-01 -1.911282577979982467e-01 3.357284500410624428e-01 1.215437642319323469e-01
2.401172454481539931e-02 5.147295673900362800e-01 5.053002162085785676e-01 2.946590497473414727e-01 -1.019462404830289021e-01 2.829475139524113003e-01 1.000000000000000000e+00 6.448106799596935446e-01 5.039278362971590930e-01 1.677027437895688700e-01 1.704975448001199156e-01 3.564973040209515331e-01 3.578337364986931002e-01 1.188812097079005314e-01 1.214461716183906081e-01 5.421255706781005212e-01 4.144781969730813587e-01 3.728841029163175724e-01 2.914704356121504691e-01 1.534102267709531488e-02 2.135801955699775101e-01 1.218828983579211961e-01 5.384608828485804716e-02 3.024592981857339713e-01 1.475888994855729386e-01 3.206659171663295282e-02 -1.070891908996735725e-01 -2.744682219007433810e-01 1.192314668056566884e-01 -1.598929607087497609e-02 1.019932568608337836e-01 7.771879498726233515e-02 1.626721516299571568e-01 1.342925028577590663e-01 1.904574443753780100e-01 -2.421675862371931165e-01 -2.321379560127444786e-01 1.214135656175590050e-01 2.938722253818093488e-01 4.660229197856983197e-01 -1.531820451664370752e-01 -3.781582860412861791e-02 -1.199190266305479174e-01 -1.134129825414162268e-01 -2.738419035062915063e-01 -2.986006130870006436e-01 -1.568852008530350062e-01 -1.835244075414031173e-01 -4.015447107679354088e-02 -3.189458020269141381e-01 2.350353728627640193e-01 4.423646943378152785e-01 4.463861330748069012e-01 -9.852106935398487197e-02 1.276102281928406064e-03 4.355004308784989342e-01 4.364825344272058039e-01 3.732425780828008133e-01 3.283804000845862159e-02 1.215640600783570446e-01 2.077990481168783821e-01 4.098507144064509888e-01 2.486285683911431191e-02 7.995029262073423404e-02 2.513688355877579106e-01 1.331118531310817865e-01 5.075523692077328342e-01 4.914935128888972549e-01 2.299071124827644363e-01 2.213747128889238525e-01 3.012507856861328381e-01 2.270467159286186365e-01 1.362683253721337640e-01 5.204558577770223016e-01 3.788762954374718106e-01 1.204995489754494137e-01 2.349331072434829026e-01 5.705257712221148414e-02 8.351372663069379920e-02 9.942160984599528184e-02 -3.381273993548171430e-02 -3.407832786035908113e-01 -2.736030848998478697e-03 1.030986780042710826e-01 -1.465860971988887373e-01 -9.230604790754223798e-02 -1.310128280387393984e-01 -2.146770176645337869e-01 1.158111497048321670e-01 -3.746143912485168648e-01 -1.809400360840697844e-02 1.193081594321278444e-01 2.589758037368327104e-01 -1.327335306012387972e-01 -2.412567557762840958e-02 -1.330573089320485070e-01 -3.166333698659276052e-01 -1.696091005374219529e-01 3.137116844917767905e-02 -2.995963929338488763e-01
1.239446009214824895e-01 5.075212342127367604e-01 4.851138148860767441e-01 2.024928526890869551e-01 8.149915703651401666e-02 4.012580665519372980e-01 6.448106799596935446e-01 1.000000000000000000e+00 6.212368563800524379e-01 1.291334823745661775e-01 8.916917553349687497e-02 1.950759187958268359e-01 1.602510797799517883e-01 -7.064638339045896387e-02 -9.975023325306396627e-02 4.663047778341079530e-01 1.841282198632581413e-01 2.669130113951388439e-01 6.048882186845653403e-02 -4.826650527434785815e-02 3.220996348388745212e-02 -1.272113634858782968e-02 -1.857085951283888592e-01 7.235886732395882537e-02 1.047503645902391062e-01 -8.572882187947732102e-02 -2.878544409956577677e-01 -2.474618105249743738e-01 -8.326656819922084729e-02 -2.248617376192696138e-01 1.781168659440613977e-01 -3.566708939751361829e-02 8.323161931063306762e-02 1.046482559047730992e-01 3.873920822844371253e-02 -8.861698734744827277e-02 -2.171969086822005679e-01 1.605338765581340865e-01 1.844740967051681502e-01 3.131289257216072208e-01 -1.101203928567020679e-01 7.668975258643241644e-02 -1.397532758416412113e-01 7.217268907114196899e-03 -1.714985544200312850e-01 -2.208307791126761510e-01 -3.293810495056084808e-01 -2.267271176063371252e-01 3.301929288686857034e-02 -1.156767109917754000e-01 2.931426882589295846e-01 4.424245458097039174e-01 3.199442195701050484e-01 -1.268274853675562253e-01 2.462837684099460078e-01 4.985636688932064686e-01 5.967691691330336834e-01 5.772076574691809014e-01 -4.749292314160205586e-02 -8.891901186961834180e-02 -2.443163885399043944e-02 1.550095780717568317e-01 -1.875562905259720303e-01 -1.532653618318858546e-01 1.515121149123832209e-02 -1.260471280985482889e-01 3.108825278958043947e-01 2.238371057221616722e-01 1.024055468811473253e-02 1.831659786968378723e-01 4.528945036927837370e-02 8.662576131118712719e-02 -9.357077389116967570e-02 2.991471202295029608e-01 4.395906316433838973e-02 -7.266044891545339612e-02 -5.266775835699336050e-02 -1.801309561963502781e-01 3.243644396048611656e-01 -5.185581023645002147e-02 -1.734049515003852349e-01 -1.412231554369386965e-01 1.272263130742784520e-01 -7.477952925262248279e-03 -2.700106042702216103e-01 -2.205969064677453795e-01 -2.047130852656404709e-01 -1.758913154901204923e-01 1.818529849693232003e-01 -2.087169342700735675e-01 2.840368669852336159e-02 9.648893274511931295e-02 1.694902239537134647e-01 -6.053493459257175413e-02 -3.403120561240281089e-02 5.935167907882370197e-02 -2.671951946433818170e-01 -1.193515457940085289e-01 6.213556854827287368e-02 -1.638702757524687081e-01
1.352015451634200338e-01 4.286930285795018114e-01 5.241158448425002891e-01 8.043785118729697425e-02 1.990475406481223286e-01 5.515099811296445553e-01 5.039278362971590930e-01 6.212368563800524379e-01 1.000000000000000000e+00 3.023455604981475919e-01 1.868432869302604216e-01 2.300073408371959838e-01 2.059868072761751601e-01 -4.349282377998776872e-02 -1.202810057664077253e-01 3.571546150580558465e-01 1.784899481260233678e-01 2.598283192201691350e-01 1.137759963418154691e-01 9.953439239911633651e-02 3.270612925027089474e-02 1.227654745259641605e-01 -1.743622171796376519e-01 2.473175802784196020e-01 1.446916030953970256e-01 1.118535186168256174e-02 -1.746539758041862345e-01 -2.038324671249577835e-01 1.217856015497066346e-01 -1.800643971711943792e-01 9.446065102664949475e-02 -2.371453088640935458e-01 -9.526003835717596069e-02 1.731184215421937567e-01 5.721236772453237168e-02 6.342468977304764610e-02 -8.131206821509349980e-02 1.007546786135875977e-01 8.217870109189910621e-02 3.425306924117793583e-01 2.411286120624762594e-02 2.080305144090839609e-01 -1.734603455439892861e-01 -1.312799750228665352e-01 -1.783673287654007344e-01 -1.995067352615568501e-01 -2.677831031017597896e-01 -2.056808101817476919e-01 1.323739482383685107e-01 -2.185400190225223263e-02 1.301435987396357963e-01 3.366727138729365687e-01 1.378526880430581969e-01 -1.371050278108918441e-01 4.490228969257701319e-01 6.397304871663042070e-01 3.097511884602447974e-01 6.605305517049007147e-01 7.204587330943525159e-02 6.412605445350719191e-02 8.649237547870848586e-02 1.346452892757991071e-01 -1.540143959436290622e-01 -1.531870268447438899e-01 -1.795934955072573183e-02 -1.486696525081960263e-01 3.485680474437840570e-01 1.578343831366992023e-01 -2.699665535657152712e-03 1.316274325426013414e-01 6.546297779555444729e-02 -1.698894307554080566e-02 -1.307280705025167800e-01 4.501144523054704805e-01 1.890245143944314088e-01 -5.835795262309910469e-02 6.449117987005953401e-02 -1.264366152486087469e-01 1.845447692961061648e-01 -1.570957935499324998e-01 -1.868837909349332915e-01 -1.936240881146879256e-01 -8.136722165199651580e-02 -1.502036547913957742e-01 -2.480002306274985135e-01 -2.221091749868296106e-01 -1.421491539085103506e-01 -7.732881883991578331e-02 3.401106566092006456e-01 -1.778101629659459559e-01 -1.194718814166744747e-01 2.674252527663427137e-01 2.646318999659614812e-01 -4.659744541020307412e-02 -8.949881024171525701e-02 -1.461301649023990235e-01 -2.811156830999498313e-01 -2.139106229696381978e-01 2.143037477959733594e-01 -7.753668915726409649e-02
1.721189061489522276e-01 -3.004309472116330551e-02 2.294119931673975765e-01 -2.084269066706594120e-01 -5.439734263435135747e-02 2.307871130324901654e-01 1.677027437895688700e-01 1.291334823745661775e-01 3.023455604981475919e-01 1.000000000000000000e+00 3.280521307656574792e-01 4.675511388634549514e-01 2.757149793595929932e-01 -6.620984764201642836e-02 -1.279661020045963493e-01 8.975320108417511600e-02 2.325442614479768522e-01 1.466643116396207924e-01 1.156755867884297073e-01 2.264880164072254759e-02 -4.682157541382753196e-02 2.844115813192595321e-01 -1.959617737195538389e-01 4.734197672853404648e-01 4.028047684520290050e-01 2.838061766618825699e-01 -2.181255532830226329e-01 -4.704957785703873380e-02 1.450098965034589960e-01 -2.113673138992645806e-01 1.312491025686264301e-01 -1.321772527154701504e-01 -1.537455573740354742e-01 1.571809063039087961e-01 1.028644171527949153e-01 -3.970066118152253826e-02 3.438711109359243040e-02 1.106369045589682965e-01 1.260247092227156918e-01 3.982700225305301212e-01 -4.511660651970283292e-02 3.690349873210843068e-01 -8.249772687825453546e-03 -1.775005481830839726e-01 -2.630232096808237663e-01 -3.933763857903245231e-01 -3.063118066111076843e-01 -2.717493757494230944e-01 6.456716633340964240e-02 -6.399779253299486825e-02 7.403110788681271925e-02 -1.488342559721188459e-02 -1.200212640700821509e-01 -3.901027382743645910e-01 1.806376495456295597e-02 2.598509174670750599e-01 -8.994392073172427504e-02 -5.002692582062720494e-02 6.363408270164503389e-01 4.360701478847693879e-01 4.662192567846841218e-01 1.347926648878055855e-01 -1.153265850430889305e-01 -1.241549033405044689e-01 -1.495133707986612270e-01 -1.504480377888940679e-01 1.346101320840789595e-01 8.050780437362969888e-02 -4.724955958087900983e-03 -2.536864305163395727e-02 -2.065182764169638460e-02 -1.205756000895862601e-01 -1.538937373395133090e-01 4.191173387409057316e-01 4.305390720871181132e-01 4.436193378410914212e-01 1.481647933008468365e-01 -6.624203436267760148e-02 5.796918911877380065e-02 -7.430212650898629367e-02 6.162927585551931930e-02 -8.747091416016615495e-02 -1.571558684832686792e-01 -7.919943480812334513e-02 -2.730716992243990004e-01 -3.051544483487255155e-01 4.056852421560257216e-02 1.552448740982115445e-02 1.426620601338803029e-01 -1.522880007880955677e-01 -2.339591346900805058e-01 5.599733730820515287e-01 4.227792337004539491e-01 1.131475377917762343e-01 1.123498561818623009e-01 -2.260801831118498528e-01 -3.626462350940362067e-01 -3.076928466576365762e-01 1.523660136010397403e-01 -5.324873842937487972e-02
3.535513743887762628e-01 -1.044572507253368754e-01 2.138446904764146894e-01 -1.464599628690989308e-01 -8.330801641867929819e-02 9.673387776583838860e-02 1.704975448001199156e-01 8.916917553349687497e-02 1.868432869302604216e-01 3.280521307656574792e-01 1.000000000000000000e+00 6.970963579042708247e-01 1.607439547541107683e-01 -4.902981849284709925e-02 -1.106237015254865619e-01 9.935074441744490281e-03 1.306341362075839341e-01 7.293896819270663523e-02 4.522998826042340381e-02 5.341240502220796771e-02 -9.345982760795275290e-02 1.924453134540652366e-01 -2.089325524664020495e-01 4.102069740062580516e-01 2.475273303576883965e-01 3.172069954381218082e-01 -2.178091904381225241e-01 -6.945573323277344502e-02 1.484285761754294830e-01 -2.120103890030058946e-01 2.332196410801047060e-01 -1.669027193581320290e-01 -7.225799695520504495e-02 1.202428233351121728e-01 9.706536044780106343e-02 1.228176645225931146e-01 -3.578070657973462642e-03 1.692906290066194808e-01 2.357583971573127060e-02 2.290249606714467034e-01 1.801188305874330264e-01 3.675842278223350745e-01 5.634271643981508121e-02 8.476669387957709578e-02 -5.999196307571761505e-02 -1.182149503746211250e-01 -2.402570912160381933e-01 -1.828074624861338870e-01 1.340316790204947317e-01 1.232750151849801301e-01 1.678280679672094766e-01 -1.168978607356838811e-01 -1.135882678456929668e-01 -2.782532795372538170e-01 1.329218986362745991e-01 2.107555367345787800e-01 -2.269452612310616721e-02 6.795455705247646638e-02 4.648505216434676290e-01 3.107433826344204175e-01 1.306479297276691431e-01 3.628248467293875706e-02 -2.164625579972881686e-01 -1.906932598648206911e-01 -1.288648202617722616e-01 -1.438238219824970743e-01 3.863254091908984167e-01 3.516336376932218538e-02 -2.356365597840896081e-02 -4.822247877494319906e-02 -7.164350772069472129e-02 -4.324764335483378269e-02 -2.050950991096165132e-01 3.053390655451406754e-01 2.702420606248023827e-01 1.910405006445950737e-01 5.176098104701877881e-03 -1.248842900078839108e-01 2.371265979499154186e-01 1.570823887243870745e-02 -1.958554826124140613e-01 -3.780105036526956036e-02 -5.465700224469270674e-02 -7.545491669049209094e-02 -2.791494143730402500e-01 -2.887315149798023173e-01 4.093805384513431872e-02 -9.609014355450190906e-03 9.748471775471588552e-02 6.735833435538793323e-02 -1.139386215453642576e-01 1.978688991069564307e-01 1.698641639284660387e-01 4.821930584082363414e-01 9.308690032052767405e-02 4.806630161740491763e-02 -2.039296879804645135e-01 -1.279802658224008238e-01 1.733009459470941094e-01 7.117191288291239981e-02
2.653995263480988798e-01 5.794679610106683726e-02 3.757272359880161061e-01 -1.339954041399201712e-01 -2.521053463496054636e-01 9.791264994376762398e-02 3.564973040209515331e-01 1.950759187958268359e-01 2.300073408371959838e-01 4.675511388634549514e-01 6.970963579042708247e-01 1.000000000000000000e+00 3.635404116523702767e-01 5.114322483865041923e-03 -5.955205871816044577e-03 1.665854207520147401e-01 4.329046209264075240e-01 3.137615252657638965e-01 2.906703708098662964e-01 9.541003399772242377e-02 8.801518795284211938e-02 3.601500211672708507e-01 -1.226254366280529612e-01 6.264975296004623440e-01 3.001929778235917223e-01 3.800131338836121864e-01 -1.697452787068405022e-01 -7.522971791808802378e-02 1.922117301414629220e-01 -1.078738004838886017e-01 2.396651738303975654e-01 -1.561489166273739015e-01 -3.304374091304775746e-02 2.809358462207904861e-01 2.730605239336940659e-01 -5.481381435352167264e-02 -1.312413739303838200e-01 1.386243196718431048e-01 1.879548462785520235e-01 4.234298263378631910e-01 2.284699252889526785e-02 2.980634184681940635e-01 1.306876689574454631e-01 -9.155250878364948330e-02 -2.242913701262424508e-01 -2.347681599977537170e-01 -2.183639684411488868e-01 -1.979561610695186324e-01 -2.440103677764823842e-02 -1.092827625448016260e-01 1.553886339803194072e-01 4.670274033811495917e-02 -6.776353935657263017e-02 -3.845740725711287444e-01 -2.195930725055733959e-02 2.497897037182306434e-01 -6.040076182913716417e-03 4.152637330801935145e-02 4.920236180614784849e-01 3.914957477313000256e-01 3.604545531885267051e-01 2.483159232329569810e-01 -1.732979927280763055e-01 -3.907574860269583811e-02 1.949610157814937739e-02 -4.588087015832491289e-02 3.654300674171788166e-01 2.985176840909858353e-01 1.203969157618858948e-01 9.634258040312582150e-02 1.071147496901418833e-01 8.275520260962541952e-02 -6.610034851860667471e-02 4.691031423086640673e-01 5.343069792545979135e-01 3.969439548789339134e-01 1.444180254957722065e-01 2.757647842087248766e-02 2.034072455270860558e-01 -2.521453472892462924e-02 -5.788644515036001081e-02 -2.225662609603412945e-01 -6.859670194212451333e-02 6.216233603526256923e-02 -2.353786231775387428e-01 -2.624280448065604010e-01 -5.011739524201430651e-02 -2.456827946017853259e-02 9.725286113843489844e-02 -1.618815960050653258e-01 -2.716388034316189470e-01 2.996993598208547160e-01 2.367845319346051358e-01 3.320867765028627239e-01 2.691918882229413779e-01 -1.084836708162104368e-01 -2.862646939581526828e-01 -1.406486685048153051e-01 2.083010436096417034e-02 -1.450240210768845017e-01
-1.065553431080635688e-01 2.249481606692646241e-01 3.248535631655611877e-01 4.726359931990734009e-02 -3.719414819003067363e-01 1.924159638372933273e-02 3.578337364986931002e-01 1.602510797799517883e-01 2.059868072761751601e-01 2.757149793595929932e-01 1.607439547541107683e-01 3.635404116523702767e-01 1.000000000000000000e+00 4.261648776002734951e-01 3.916420753820054612e-01 1.409856793527275998e-01 7.661161435309470358e-01 5.932790124056832592e-01 7.212087725779628977e-01 4.016243883354803645e-01 5.773435400094292236e-01 6.783598743017418276e-01 2.323835731198113375e-01 5.444745617481445699e-01 1.538150233908462949e-01 2.886190066229977202e-01 1.993815870382621147e-01 -1.104915599335967863e-01 4.755076651604918658e-01 1.578949716670582371e-01 -3.833118187276133432e-02 -1.215073020295164147e-01 -7.406151607857645001e-03 5.680884981070428719e-01 5.884902357329048206e-01 -2.263864967965598662e-01 -1.253457647903149230e-01 6.903965927916920486e-02 3.676979549162069927e-01 4.666170514089593158e-01 1.233377960254208594e-01 1.292982998730429212e-01 3.811429380850380744e-01 -2.055708118251629302e-01 -1.867082612508834047e-02 -5.764702796898180277e-03 2.034961951224169563e-01 8.850995768676828135e-02 -8.456934454815204227e-02 -1.466028878845497714e-02 -1.470532740560054896e-01 2.033445854071502801e-01 4.415718652229192603e-02 -4.042646263526860073e-01 -2.472225718882644918e-01 1.707944333034138729e-01 -5.947752243615506834e-02 3.547441757303700788e-03 1.013213899952846997e-01 4.613871821994556255e-01 4.842134440966560094e-01 6.641223897772245977e-01 1.518470954714495613e-01 2.005828198063023815e-01 3.373710971316267737e-01 2.070601376231800128e-01 1.567805742743263453e-01 5.822430302027644666e-01 3.385483926308389679e-01 3.803172150523738693e-01 5.162032861908063541e-01 4.091004787523206954e-01 1.783651472663771442e-01 4.404981170966693060e-01 4.685832004732499723e-01 2.565694919908567684e-01 4.213368578400271680e-01 1.394137348568500745e-01 -3.634854786972847168e-02 -1.465266044252997446e-01 1.787010789649877696e-01 -1.520757868260255719e-01 1.157125525455449805e-01 2.422528324003923872e-01 5.037413101092216849e-02 6.896710923318188739e-03 -1.228854410075317684e-02 -1.381837294516939929e-01 2.543438162157343752e-01 -2.258280556278214890e-01 -3.632293957456890765e-01 2.473688557076685890e-01 3.803239968533801418e-01 -1.109001985378823690e-01 4.558515924463157343e-01 -1.825778773543218492e-01 3.414675318615807698e-02 3.340016517465861645e-02 1.011259821814889104e-01 -8.255596289325850198e-03
-4.269278673878701413e-01 2.736886533913188702e-01 -3.835563312813194264e-02 4.174876770046737628e-01 -1.400181288560919668e-01 -1.854534471191540690e-01 1.188812097079005314e-01 -7.064638339045896387e-02 -4.349282377998776872e-02 -6.620984764201642836e-02 -4.902981849284709925e-02 5.114322483865041923e-03 4.261648776002734951e-01 1.000000000000000000e+00 8.445117738208091085e-01 -1.450601187660241487e-02 3.401638636078598843e-01 3.946039667368490544e-01 6.013554385941807245e-01 2.353995201709674356e-01 7.242343147089872479e-01 2.945855668249426351e-01 7.585468685345767570e-01 1.041285554017634396e-01 -1.958033886574370164e-01 -2.600560008817220416e-03 4.905607160302453140e-01 -1.589249374928160957e-02 2.552381795666736064e-01 5.580727527007903754e-01 -1.084002055265191056e-01 8.345020190733862253e-02 2.989464204179821394e-01 2.174646327791651124e-01 5.451099097375936564e-01 -1.175134261804777758e-01 -9.293096569822864583e-02 -1.437630849377620756e-01 4.959093682535554298e-02 6.766053922880527205e-02 -1.095602682103963971e-01 -2.785436381265159467e-01 1.284759154249398017e-01 -5.266052200052416532e-02 2.740203020755382912e-01 1.939146871720536236e-01 6.835261942949572012e-01 3.664642673179037691e-01 -1.970041539249571816e-01 -1.558427625561666363e-01 -3.737805765770148003e-01 1.437783047840511808e-01 3.011155573314085454e-01 1.979966483023883894e-01 -1.693464593104916094e-01 -2.604580778989359913e-02 -2.215414510280660706e-02 -6.462584236583068797e-02 -8.130757322126534736e-02 2.095767570407364999e-01 3.198796651703346150e-01 3.639370128143463723e-01 6.102011947543756198e-01 4.744733580903635062e-01 6.580767402480290906e-01 7.227635448621132497e-01 3.083483657020340274e-02 4.405759569195140668e-01 5.202298804230828244e-01 4.109224033319726077e-01 6.336579110229957346e-01 6.387012540715686360e-01 5.396167233750756020e-01 1.802033008940598646e-01 2.019065971209150490e-01 9.978558683930134621e-02 5.765946428772714683e-01 5.375550610147126207e-01 -2.144505376454000911e-01 1.015561032538315062e-01 3.019405819584207729e-01 -2.074533448762810872e-01 3.066283568145445892e-01 5.282379708919184846e-01 4.804525159714890248e-01 5.426656265158512626e-01 1.616288199572987194e-01 -8.318751595154487422e-02 1.734789667629328958e-01 -2.997244552491064584e-01 -2.898858230255170129e-02 -9.230952143201154661e-03 1.708706133731217325e-01 -1.780942866048139117e-01 1.175725428209861007e-01 -2.160038699253311739e-02 3.589404732662072051e-01 2.758326893857714346e-01 -2.456913238931563923e-02 -8.765184336892620220e-02
-4.626443729557837559e-01 2.864387895444119314e-01 -2.162719074875366423e-02 4.369608899067612406e-01 -2.345907367728870263e-01 -2.869156103280533499e-01 1.214461716183906081e-01 -9.975023325306396627e-02 -1.202810057664077253e-01 -1.279661020045963493e-01 -1.106237015254865619e-01 -5.955205871816044577e-03 3.916420753820054612e-01 8.445117738208091085e-01 1.000000000000000000e+00 -2.253274561344623117e-02 3.094324584062966843e-01 4.252318950224193150e-01 5.835082962259090511e-01 2.415321339390461008e-01 7.588134049511816581e-01 2.159184550555654780e-01 8.421426907714726351e-01 6.050572597261576202e-02 -2.419362172868150251e-01 -7.013869129788882772e-02 5.849533373692765714e-01 4.504350331794167162e-02 2.386986444294838527e-01 7.287117771182012316e-01 -1.789378377714757051e-01 7.857586758181925313e-02 3.487897372303609411e-01 1.730505745478203017e-01 4.981950013747842854e-01 -1.592760068927022710e-01 -1.404365202183742722e-01 -1.846900942325331307e-01 5.043034976377216289e-02 3.013248289097507013e-02 -2.166264530358271156e-01 -3.518350685497563246e-01 8.319853729053254543e-02 -1.076739330360158842e-01 2.093468630185296442e-01 2.448695497366213669e-01 7.188885804723391670e-01 4.551755926864080037e-01 -2.826690484675769000e-01 -2.590989724691549201e-01 -3.790797816256956110e-01 1.724467509318914349e-01 3.253573920238351236e-01 1.906921806872799441e-01 -2.815497450168331639e-01 -4.393635186333368775e-02 -8.918714309287274072e-03 -1.123250024424299609e-01 -1.024700281686580783e-01 2.177269093286983148e-01 3.164545168151344789e-01 4.634886084755480140e-01 7.063226412727028336e-01 5.963812795337569694e-01 7.867254287998061146e-01 8.363494292617320580e-01 1.745406870347856673e-02 5.455000178802121846e-01 6.395662327781469481e-01 5.163851222995095025e-01 7.436099149867291258e-01 7.298856310577269690e-01 7.096446065466311959e-01 1.892922765126006102e-01 2.449255015518426726e-01 1.253501497180821711e-01 6.231826122058543582e-01 6.944930118003930231e-01 -2.754217211164269319e-01 1.145428534358071126e-01 4.292534745307938771e-01 -1.899845169210047091e-01 3.039979982925454793e-01 6.307231765549585756e-01 6.242786030629871030e-01 6.823019468547583122e-01 1.155017466874215248e-01 -3.874570542838141202e-02 1.646643490140587973e-01 -3.196723776657174887e-01 -3.114604041093885570e-02 -5.087585696593898560e-02 1.255668733106674040e-01 -2.082348476012961802e-01 1.764581742392070940e-01 -6.795316813735427508e-02 4.125933627507785140e-01 3.765619790335132944e-01 -8.682876387678253871e-02 -1.711147542239274677e-01
