1.000000000000000000e+00 5.865441168846522585e-02 4.379501858769387912e-01 -2.228785849329923893e-02 -2.340401683958028348e-02 4.163238932070574827e-01 3.607061534257647861e-01 2.898866140231700639e-01 8.043481753474247820e-02 -2.540956865370547768e-01 -1.928070516849061111e-01 -3.265147891482386711e-01 1.345504548276711121e-01 -1.645419486408541410e-01 -1.592372079400624640e-01 1.645065835015224465e-01 1.277841528296951301e-01 3.857645202075849628e-02 1.641165962880997142e-01 1.765404333221585742e-01 5.727837677940239569e-02 -4.414513277921693762e-02 -3.284314325997958472e-01 -1.384722438146585854e-01 -1.594132773432319350e-01 -7.559947471145835041e-02 -2.742551185914149370e-01 -1.601929416327508848e-01 2.092356653100877484e-01 -3.353982462588249724e-01 3.044102036844809067e-01 9.380800299831563993e-03 5.692802837841548502e-02 -1.827836632270615769e-02 -1.666682594336151013e-01 -4.127667708617341336e-02 2.249966291670398577e-01 -1.782468211416421769e-02 2.522948347214055143e-01 4.533049996365947076e-01 -1.620520348103461628e-01 4.642874472336394609e-01 8.950672285648676729e-02 1.054686062375249749e-02 -4.683088050924773260e-02 -1.312872681266251951e-01 -2.404775439157556538e-01 -1.328395156624264939e-01 2.504563917151506058e-01 -1.021041901578761610e-02 6.972386609401636237e-01 2.821164599867918010e-01 4.021751352361118553e-02 -1.443108318370954490e-01 -6.223476677062395740e-02 4.030539656064034970e-01 7.590458875114100556e-02 -8.466104224806256240e-02 -3.015009728609306383e-01 -2.860350938406418519e-01 -7.609986743767915840e-02 1.625722787911011991e-01 -7.694094465605626210e-02 -1.161668675031741066e-01 -5.131234352895343298e-02 -1.845173154573449548e-01 9.875813996493915115e-02 1.037300795077981397e-01 -9.039348919165818980e-03 8.627942138593759636e-02 1.520572964364778623e-01 3.347593783878026995e-03 -2.583536543654751383e-01 -1.343889261262403399e-02 -1.794192962505337108e-01 -1.681920601382514702e-01 2.517139874083094142e-01 -3.800470714763063973e-01 1.421987164172185958e-01 1.303635016686501280e-01 -8.762817950347918938e-02 -5.267677212759436928e-02 1.135541982704482700e-01 -1.234081460078496340e-01 -1.714510549543860340e-01 -2.457712838938959643e-01 7.617693044107434752e-02 -2.072182310977144504e-01 -1.449490954845951071e-02 -1.559837504601721270e-01 9.388996522124477828e-02 2.782790459844432240e-02 2.204416520514933253e-01 3.814420882295994075e-01 1.285416399940852994e-01 1.175100975563131700e-01 -7.016314964533179599e-02 -1.843468973923093612e-01 1.942367201575749824e-01 -1.653307871600303430e-02
5.865441168846522585e-02 1.000000000000000000e+00 6.220269390361357065e-01 6.603717767614940559e-01 4.719312341710318881e-01 4.383896141386067202e-01 2.558995364847825860e-01 4.476585369241084522e-01 4.606258248139027400e-01 1.366375952002770421e-02 4.448769331540194938e-02 9.758342810226097730e-02 -2.078706937538767618e-01 -1.783069483657617749e-01 -1.950303111757471786e-01 5.930592476681415537e-01 8.919695658064772867e-03 2.443392966103606345e-01 -7.548088578133184401e-02 -1.575902780047849505e-01 -1.644220053891275526e-02 -3.826809761438148549e-01 -8.749780330811576801e-02 -1.454347362884826980e-02 -1.470050617610145216e-01 -2.503187588221624238e-01 -1.692435710618585831e-01 -3.994890806345701151e-01 -1.188618282217896414e-02 -1.038959624809524807e-01 -8.897537894116637480e-02 -4.784417761269810221e-02 1.400396648040700964e-01 -9.396978330542048174e-02 -3.283894213262886219e-01 -7.495468486881740056e-02 -3.592311803810113169e-01 -1.960886464294370468e-01 -2.712305781362681634e-01 5.007252040956922806e-02 -2.959591495358165347e-01 -1.153009229384914375e-01 -3.468002456816147161e-01 -1.015440734356010816e-01 -3.507742147266360577e-01 -1.195923385262044336e-01 -2.432259143040117755e-01 -2.926802298725444951e-01 -2.544314253774841994e-01 -4.889814301060541046e-02 3.635178229323537957e-01 7.007490112657818182e-01 4.728728073589529290e-01 4.900533168847355237e-01 3.814150220404522451e-01 4.996350021288771814e-01 5.629218947083156621e-01 4.697383436729439810e-01 2.227608109092033863e-03 -1.777665376025457794e-02 4.227584708671547342e-02 -2.385596897673253891e-01 -2.571224690582122885e-01 -2.294506088771029184e-01 -8.312874860154247092e-02 -2.143601851750976395e-01 7.663758913171733744e-02 1.455635860794748659e-01 2.061837897613827408e-01 2.366999700949393437e-01 -7.663376617274439417e-02 -2.186964766416673311e-01 -7.905164935756318900e-02 2.596642209799365428e-02 2.189508870664303442e-01 -2.801604860890505866e-01 4.901701715079843230e-02 -1.120850832634168043e-01 2.963062304037300358e-04 1.718082163988630395e-01 2.030814802164060129e-01 -5.395788448041792529e-02 -3.765699981484896264e-01 -2.277125475944823119e-01 -1.389828937877023440e-01 -2.594066997739368219e-01 -1.993938331673789088e-01 -3.755194223023942124e-01 9.854633292560864566e-02 1.088613441168511248e-01 1.949022618626806702e-01 -1.827108059623354652e-01 -1.154944789129620786e-01 -7.984859320348890177e-02 -2.148687693106706154e-01 -1.664337141937296538e-01 -8.779787797682514494e-02 -1.501146678975922855e-01 -8.807069183600810258e-02 -1.222933345848063041e-02
4.379501858769387912e-01 6.220269390361357065e-01 1.000000000000000000e+00 4.146662939887286181e-01 3.467179724971823362e-01 6.919953037915056449e-01 3.936055326594343762e-01 5.301046745333474197e-01 5.291131674633871018e-01 -1.056153469224044156e-01 -2.652822097633587492e-02 -2.313892360706136520e-02 -7.703403329255863186e-02 -1.855213011623087216e-01 -2.296645159842301831e-01 4.240003142132878211e-01 1.528013963046727652e-01 2.716216264046301676e-01 8.290998900682829131e-02 -2.022633847336492013e-02 6.835637539319389111e-02 -3.129274551383557368e-01 -2.028178456105244054e-01 4.205119864339110225e-02 -1.906184170646930964e-01 -2.100805352094595457e-01 -2.083830909071738569e-01 -3.744501690565598118e-01 1.053456600489315470e-01 -1.937684188716926326e-01 4.067100856120559049e-02 -8.730599256856745594e-02 -2.023627141130037582e-02 -6.864717351739145490e-02 -3.267766601680925365e-01 -5.599796598991770014e-02 -2.081912113753773552e-01 -1.525943486435290541e-01 -4.977267096449056183e-02 3.456176152664893753e-01 -3.988276039842204579e-01 1.359104044692331648e-01 -2.193509064604294567e-01 -1.058735185673250340e-01 -3.294852646027592313e-01 -1.624511278402095971e-01 -3.443258657830041702e-01 -3.233120812293084345e-01 -1.505075970832465693e-01 -9.107550289752554262e-02 5.911810670748621765e-01 7.410769267678781747e-01 3.341195755221657571e-01 2.131436143829944230e-01 3.555425768259455888e-01 7.276900259712016927e-01 4.874162249168393912e-01 4.068306213882879052e-01 -1.486551160725516352e-01 -1.087812613306464865e-01 1.054063069067754377e-01 -1.278117684342647831e-01 -1.970919286433462370e-01 -1.607759690823873655e-01 1.062384080508109278e-02 -2.324949679123557433e-01 1.918213927682502554e-02 2.147542284943979862e-01 2.802575869054435564e-01 3.096978845393928426e-01 9.322844717737338582e-02 -1.027714517169506098e-01 -1.545435905447776204e-01 4.548914620015530319e-02 1.982743092867189361e-01 -3.285358621850218430e-01 2.328142847314828567e-01 -2.521813204401412434e-01 5.616816922166573134e-02 1.549007187534471586e-01 2.051487968528181716e-01 -9.989451860990890275e-02 -2.746575999308679128e-01 -1.936363679181827835e-01 -1.504536845258995781e-01 -3.487875489471886081e-01 -1.822253956762578120e-01 -4.435775758184895001e-01 7.006992650993933147e-02 1.912502764991704657e-02 8.100601963038146780e-02 -4.617980670383033115e-02 4.951338421076083990e-02 8.068102242656687018e-02 -3.296068985209786584e-02 -1.331419271902570256e-01 -1.145825405432798344e-01 -2.141706466442890033e-01 -2.576494194088643427e-02 -5.821740146986946474e-02
-2.228785849329923893e-02 6.603717767614940559e-01 4.146662939887286181e-01 1.000000000000000000e+00 5.820941941992775481e-01 3.467310423083307391e-01 2.453453917029164433e-01 4.183009206208136987e-01 4.615186156564208275e-01 -1.199733775328159641e-01 -7.361841755047605906e-02 -1.227243871421508474e-02 -2.326678632204954855e-01 -1.742178983725620536e-02 -1.131617649970734912e-02 5.022807623909819608e-01 -1.166368958237487680e-01 2.687409368055614922e-01 -1.277994056475562357e-01 -1.466242079661783104e-01 -1.025424708314870287e-01 -3.225622762963646362e-01 1.743722736077342461e-01 -9.579061907869830528e-02 -2.786018136472765416e-01 -2.241001953206220032e-01 9.619928031942548419e-02 -1.724132485722265351e-01 -1.424146844782598065e-01 1.377553308998596127e-01 -2.065626757659907164e-01 -4.720856775318107296e-03 2.074360454274228882e-01 -5.941443562108252030e-02 -1.405585749899419812e-01 -6.636217058566365457e-02 -3.324214528571489136e-01 -3.001812773990239491e-01 -2.645283833338704649e-01 1.255595774206735328e-02 -2.225360432809795341e-01 -2.062299667092629407e-01 -3.144111829231682753e-01 -1.301729393843682192e-01 -3.076721023483420248e-01 9.816889450510934978e-02 3.149307539162237921e-03 -6.236322204032697381e-02 -1.099944109446511636e-01 -7.386592809271685933e-02 2.386245365593549772e-01 5.683030912377031729e-01 6.698278494824377871e-01 6.941473836418515786e-01 3.255615293740987681e-01 4.393676942964246379e-01 6.507749842926675576e-01 4.542535347963074233e-01 -1.201529772577962923e-01 -1.510044469330937833e-01 -9.775265245930328528e-02 -3.197964726875359709e-01 -1.709721553179154030e-01 -2.086739922824210058e-01 -7.741887727421969262e-04 -3.306822109545267535e-02 2.848110326570431061e-01 5.899027014368377064e-02 1.241351773321600072e-01 1.961085614870560767e-01 -1.848668255558114093e-01 -1.962009499208995367e-01 1.226984460394386495e-01 2.278524230037072898e-02 2.186300314288931387e-02 -2.836763473009273340e-01 -4.545020369274870714e-02 1.470329383342702523e-01 -1.372812369918035846e-01 2.014843529602684813e-01 1.658650335636624729e-01 -4.754433692688152246e-03 -3.080472968727461791e-01 -4.213477271259847418e-02 3.012844554356811956e-03 4.132630709497417398e-02 -1.656072543129584740e-01 -1.569849028485477693e-01 7.344588815548472316e-02 1.210499985648518795e-01 3.825024544335136611e-01 -3.719583545758216037e-01 -1.639103105750210065e-01 -1.884471167525440527e-01 -2.455175339329818962e-01 -1.159449899680726481e-01 1.318009973151591518e-01 1.173395654874606342e-01 1.105808353726742826e-02 2.125917389403172639e-02
-2.340401683958028348e-02 4.719312341710318881e-01 3.467179724971823362e-01 5.820941941992775481e-01 1.000000000000000000e+00 3.935073219062382721e-01 8.858385012424196958e-02 4.593652174789608633e-01 6.395332621418807761e-01 -2.880520015958171198e-01 -1.552414042196736121e-01 -9.732707913832105984e-02 -6.110764986233553631e-02 2.220208929101906425e-01 1.567882653600983500e-01 2.483813697843282875e-01 -1.203197585036143574e-01 2.595380510721063128e-01 -3.720497751436026984e-02 -2.473670838839746224e-03 -7.245878081705159346e-02 -4.010253962034050074e-02 3.365498991214312952e-01 -6.370698654797811444e-02 -3.073642245406580376e-01 -1.038227793761635903e-01 2.264914131174175782e-01 1.054591888682651218e-01 -1.629407176765726162e-01 2.937116432514554898e-01 -5.370678257531438099e-02 -1.556135758809634451e-01 1.168102723354834671e-01 -1.744565672336151341e-02 1.998000342700341492e-01 1.876551048278601863e-01 -1.230075131773200742e-01 -3.226264089808718594e-01 -7.014227372012439565e-02 9.946926627391089459e-02 -7.386999417469065909e-02 -1.643915994547005266e-01 -3.218323023562794094e-02 -1.367012683990009685e-02 -7.595749491699377298e-02 2.266888219519570813e-01 2.358868667860377910e-01 1.356814021626883970e-01 5.279455606013854635e-02 -7.081458306014047632e-02 8.346639066579990274e-02 5.176678329809930590e-01 4.512802920807185703e-01 6.801129150993269201e-01 4.833020580715184367e-01 3.164723315374542434e-01 5.014960182860126459e-01 4.055407600314482885e-01 -2.489859304748025526e-01 -2.059691614977586238e-01 -1.018210682948144374e-01 -1.596087086361840102e-01 7.353016218144554916e-02 1.492480469687502628e-02 1.602794018107291107e-01 1.858397257922014822e-01 1.489444271802713160e-01 -6.490445714976533775e-02 -5.699945487229042540e-02 1.405519390426755999e-01 -1.302800743856827315e-01 -1.340557073051460747e-03 3.148935607527371672e-01 -1.192518128542778277e-01 -6.946611176899548934e-02 -2.443142128258471990e-01 -2.478217103432432331e-02 2.838684625536802564e-01 -2.046684851900849311e-01 -6.940999215651032228e-02 1.381720679918137587e-02 -1.127322486668665968e-01 -1.995176996162772443e-01 9.813960903380970768e-02 -1.352752556032429596e-02 2.016298063986477485e-01 -1.040740908651810182e-01 -4.252773660700506081e-02 -5.237494490098577871e-02 -7.443516681190782969e-02 2.010176890490014134e-01 -4.250382479763756272e-01 -2.138634798927583347e-01 -2.564504760969791852e-01 -1.475196999051158198e-01 -7.069572110487236383e-02 1.713309741976632716e-01 1.923409724060823334e-01 8.867634787989855938e-02 -7.964391675843614238e-02
4.163238932070574827e-01 4.383896141386067202e-01 6.919953037915056449e-01 3.467310423083307391e-01 3.935073219062382721e-01 1.000000000000000000e+00 4.231309027343330142e-01 5.835724970204319018e-01 6.999525168493053728e-01 -1.913890353727031313e-01 -2.070549572495796464e-01 -8.215997975419003785e-02 9.090385653495422491e-02 7.249305615946587122e-02 3.472706854089731288e-02 3.568371937927380944e-01 1.841131751636914116e-01 1.984082648244656633e-01 1.299843639149446117e-01 -1.135990185293897781e-01 2.108873094418550476e-01 -1.747491544212005088e-01 -7.912360163755138842e-02 -8.786835498024152258e-02 -7.038605108316828285e-02 -2.282244681115650209e-01 -1.222937375614922689e-01 -1.497828805528391982e-01 2.441456146325837739e-02 -1.071526618013218246e-01 -2.219427000891454477e-02 4.006276128128516412e-02 -3.959543752425006419e-02 -2.019996967189751913e-01 -1.461515924829126511e-01 5.561965336026506584e-02 -1.559002451991280680e-01 -7.792951028503537769e-02 3.585079851613199448e-02 4.998187365656465708e-01 -3.859841491968077354e-01 1.477346674372488067e-01 -1.159894681915050740e-01 -9.847731630455780483e-02 -3.151797086498509537e-01 -9.541077817104577641e-02 -2.036523248391302332e-01 -2.541758455789286386e-01 1.211259781827196957e-01 -1.749784615618819872e-01 4.544651242047640372e-01 5.248487648399866590e-01 3.138276290697555315e-01 1.308527367355216686e-01 5.176281191292755324e-01 7.709099202885102420e-01 5.280122912919343880e-01 4.374446764663523224e-01 -1.781026501242522209e-01 -1.351604367741124635e-01 4.368459497586624912e-02 3.989987696839393527e-02 -5.384702576028592771e-03 5.092681993371967961e-03 1.516009378161194410e-01 2.993360468673075120e-02 1.024764448576179765e-01 1.825310835426063871e-01 1.691850700675135988e-01 2.092744989568870451e-01 1.753244832597529446e-01 3.773418675862400679e-02 2.088502642547117316e-02 1.818413057505117170e-01 9.165674375895302255e-04 -1.662442934201610323e-01 1.962311782938206128e-01 -1.110350776311458815e-01 -6.645259405802339536e-02 1.340479681308328064e-01 -4.933205163198377263e-02 -3.483863510884551151e-01 -2.455186646736615963e-01 -1.204747471594820318e-01 -2.176744755104135509e-01 -2.358976266427983970e-01 -2.419933319944493344e-01 -3.709716750646342986e-01 -6.859866098307125515e-02 -2.235418156039014059e-01 9.801977649857855635e-02 -1.222140574218033987e-01 2.134910743070390360e-01 2.671644809117038055e-02 -1.176243433642958081e-01 -1.009466241174261925e-01 -6.079437075794102280e-02 -1.570646372492718046e-01 1.666919643962739839e-01 -1.704782274455990121e-01
3.607061534257647861e-01 2.558995364847825860e-01 3.936055326594343762e-01 2.453453917029164433e-01 8.858385012424196958e-02 4.231309027343330142e-01 1.000000000000000000e+00 3.152194378788784612e-01 3.032282037161186383e-01 -4.971760607087159778e-02 -1.591796015536758035e-01 -5.089589627838082830e-02 4.838037061492968249e-02 -8.696571277193540506e-02 -8.780709480218483465e-02 4.658641656174335455e-01 1.423614006438738977e-01 2.241221409059891978e-01 9.139857896878918198e-02 5.971575101065694502e-02 1.142213292730921287e-01 -2.625585110728010929e-01 -1.818701660916307583e-01 -4.930575752652334312e-04 2.284182797760920397e-02 -2.699909732595073830e-01 -2.881764875897601108e-01 -2.488649152598934322e-01 1.774760013357590260e-01 -3.238676944098634047e-01 -1.716250440539448807e-01 2.740262662313420750e-01 7.364611396937541243e-02 -1.112183726425780700e-01 -3.332892429252884980e-01 -8.581433850207237368e-02 -1.849406227148572002e-01 -6.683613241653997561e-02 -1.641536530902085178e-01 4.026461067743657418e-01 -3.480878376010819175e-01 4.814104755809520825e-02 -3.897321804164460279e-01 -2.055123026189870084e-01 -3.742667966908814203e-01 -2.535529438607140862e-01 -3.941403557806020252e-01 -2.589641036735778612e-01 5.231569447693959485e-02 -1.805384702417871523e-01 3.722541291831714672e-01 2.532362494060391711e-01 3.115815801802829244e-01 5.351909964293296434e-02 1.749178395056127655e-01 3.755674146762330579e-01 3.497858984173447539e-01 1.550232545942896722e-01 -7.110802967471434310e-02 -1.757235281192697229e-01 -5.227015854035268333e-02 1.415065156094780750e-02 -1.650860332135336561e-01 -2.165541577638595283e-01 -3.023926420138911553e-02 -1.456847430072824301e-01 3.715574831731334737e-01 1.221688694278801335e-01 1.932882291409473430e-01 1.798588300465742695e-01 4.106910819736519364e-02 -9.777479223128962560e-02 -1.921568857138565845e-01 2.409672921168218018e-01 -7.138732237683874382e-03 -1.457744315666588131e-01 2.431353465358856436e-01 -2.363222896318975252e-01 -1.453394813262026686e-02 3.095629563425973396e-01 1.976824124947319516e-01 -9.288314633475877602e-02 -2.033133086916492915e-01 -2.048701487994038228e-01 -9.387181517533636776e-02 -3.148303264041439342e-01 -6.888995890802232513e-02 -2.963991191475003895e-01 1.752914965395880598e-01 1.006805772654800896e-01 2.654993733028395142e-01 -9.602368461063910676e-02 1.713647987376809290e-01 4.536320005118543719e-02 -1.939416441851510020e-01 -8.680992345222175721e-02 -1.075693560081471545e-01 -1.628436867957061274e-01 1.564029411080448129e-01 -3.350857261289530431e-03
2.898866140231700639e-01 4.476585369241084522e-01 5.301046745333474197e-01 4.183009206208136987e-01 4.593652174789608633e-01 5.835724970204319018e-01 3.152194378788784612e-01 1.000000000000000000e+00 5.894712544885533090e-01 -1.211436504865777974e-01 -8.809502338601477023e-02 5.619577175414910974e-02 1.574576856279683579e-01 1.628777636485930769e-01 1.014582332428776712e-01 3.496845570434198303e-01 2.759907529336687038e-01 5.110381748249944733e-01 1.681126776784922505e-01 6.962926238085823116e-02 3.141961340039602923e-01 2.674319889267981823e-02 5.658189001229586845e-02 7.258318741034695820e-02 -5.456971304041536436e-02 7.569040942368499177e-03 -8.398430393101799507e-03 -4.402644889461186650e-02 4.747292257337751113e-03 -9.412692688463465684e-02 -1.712086344803470106e-01 -2.068350041182972776e-01 -2.444662555611846755e-01 2.658811847652222532e-02 -7.981489534767721022e-03 1.325782626435819123e-01 -1.899652395352494361e-01 -1.754038506150457644e-01 -1.700637300831542992e-02 3.844793679953082965e-01 -3.482325676681067850e-01 -3.634654799335897829e-02 -6.542810482609255629e-02 -3.254640560308783570e-01 -2.842694252064366101e-01 -1.571797227373971095e-01 -1.413818963762083769e-01 -1.312029226353788047e-01 7.755978247331070385e-02 -2.887219850983329672e-01 3.168583736585430799e-01 5.273269668566414881e-01 2.111928989336788187e-01 1.739857818508599996e-01 5.068573168987663413e-01 5.275076188033781532e-01 7.122510667675542306e-01 6.552134676806381508e-01 -1.774188447100479016e-01 -7.879492078025222834e-02 1.499556658123312458e-01 9.249309289233682840e-02 1.508839008677834437e-01 1.280741168137107255e-01 2.223479607440363714e-01 1.161686484499517141e-01 -6.305432182026481092e-02 2.193788959949402317e-01 3.397397165940879704e-01 4.800212682116110074e-01 3.084961312179964055e-01 2.252379302160565644e-01 1.369497928277968180e-01 1.071378636072966017e-01 -1.918802382043255372e-03 2.404052787782107181e-03 2.225170277397530427e-01 -8.908329242033987891e-03 -2.485710690261554168e-01 -1.616267042398252529e-01 8.927814829620731030e-02 -1.570447248922933470e-01 -9.673798299874770967e-02 1.383057553018896338e-02 8.643675270010613143e-02 1.184398413428455407e-02 -1.821904032636414428e-01 -1.968746718135894191e-01 9.165889542789698585e-02 -2.046827027553864975e-01 -1.197033478898899272e-01 -4.737006426374259366e-02 2.016617281225090430e-01 -1.545853780591536775e-01 -2.688309769200927790e-02 -2.029689123836330711e-01 -1.221278390284496473e-01 -6.221594891325500642e-02 1.218406685544255880e-01 -1.918975396793640154e-01
8.043481753474247820e-02 4.606258248139027400e-01 5.291131674633871018e-01 4.615186156564208275e-01 6.395332621418807761e-01 6.999525168493053728e-01 3.032282037161186383e-01 5.894712544885533090e-01 1.000000000000000000e+00 -9.291550721197956719e-02 -1.644166886627791702e-01 -2.213429071013857732e-02 -2.251256843739717832e-04 1.642577793813423948e-01 1.417754019332391480e-01 3.587784567127496604e-01 2.853137187635735109e-02 2.798189698827036609e-01 -8.125826135426790497e-03 -1.164726428965990740e-01 7.327352827112487699e-02 -1.329134195158009901e-01 1.284396575364468440e-01 -1.902468541862817678e-03 -4.977954512923470770e-02 -1.596938684048901658e-01 5.478360917488468013e-02 3.402433962760173514e-03 -5.016936925817206544e-02 7.310270341128270732e-02 -1.966088144386894943e-01 5.510608687464781108e-02 -2.744058367471968393e-02 -1.140532489182052300e-01 1.909452242970245683e-02 1.972414052757028857e-01 -1.757606358694606685e-01 -1.591683234258845503e-01 -2.671638329539952408e-02 3.406897823832291672e-01 -3.154340395426907251e-01 -1.506463029532203179e-01 -1.506576902529980777e-01 -1.482821973171928320e-01 -2.451944734310140261e-01 2.236725993002869773e-04 -3.640269122185190581e-02 -1.409869388794581513e-01 5.145573067632275288e-03 -2.105421715621973999e-01 1.497495953423415016e-01 4.961609185200669403e-01 4.284720682451158003e-01 3.659778215115399580e-01 5.982405200705961379e-01 6.060025817251151192e-01 6.035161368036461305e-01 6.006903466333216590e-01 -8.196759576016726667e-02 -1.097500699213699443e-01 2.153848826460192170e-02 -1.292646011396924866e-01 9.250337923096953879e-03 2.292102794396790044e-02 1.921197998942287821e-01 1.410448332659850479e-01 1.082951545186384423e-01 5.348013371789983594e-02 7.444143585260785956e-02 1.615414930910851199e-01 2.332088656531847853e-02 -4.537470679197756242e-03 1.607056285435025933e-01 1.589603452993043620e-01 -2.814168668289770883e-03 -8.535966041765750967e-02 1.276561154490239158e-01 1.276398295368928459e-01 -1.431416584327034891e-01 7.779828446846312473e-02 2.854485660588328144e-02 -3.021875302437521116e-01 -2.924989163859352814e-01 2.070437233332362778e-02 -4.313251524097049677e-02 -4.282454805474400494e-02 -2.560421589206697268e-01 -2.131944382120082027e-01 -3.982824947071215982e-02 -1.103968921020537092e-01 1.380274147359637771e-01 -2.411496721375976648e-01 1.212544582201875581e-01 -2.011873136361414516e-01 -1.836619654140331515e-01 -2.131649939823124784e-01 -1.728997236373576787e-02 -4.546101968689179179e-02 7.369283176155676240e-02 -2.134691210849770371e-01
-2.540956865370547768e-01 1.366375952002770421e-02 -1.056153469224044156e-01 -1.199733775328159641e-01 -2.880520015958171198e-01 -1.913890353727031313e-01 -4.971760607087159778e-02 -1.211436504865777974e-01 -9.291550721197956719e-02 1.000000000000000000e+00 5.915607197172173537e-01 4.741565016977538072e-01 -1.232708481674566203e-01 -1.585725416594279957e-01 -2.365749506028879956e-01 -1.138893926365658511e-02 -7.540143103329220720e-02 -1.331040711272260257e-01 -2.284327391120274664e-01 -1.591398387103056533e-01 -1.046491471110044397e-01 -9.313792296343742505e-02 -2.556313658411466516e-01 3.407906224830286601e-01 7.062680245801676859e-01 1.544550336012726344e-01 -1.709244805316612048e-01 -1.364810648307872298e-01 -1.175805218514587580e-02 -2.367823676777965625e-01 -1.526983131396050242e-01 2.087894979270889517e-01 -2.573068559386069709e-01 -1.050138297771381207e-01 -1.675855303940823882e-01 -4.445426277041394231e-02 -2.787605484047270266e-01 4.098610686179686713e-01 -2.955770995327253528e-02 -9.822956078090418208e-02 -1.103473536999666771e-01 -3.394271477912764179e-01 -2.223252740598580524e-01 -1.473514099908931063e-01 -2.285174258579309725e-01 -3.728135631111088033e-01 -2.778341943365957301e-01 -2.740727986094845248e-01 -2.085056056074856279e-01 -6.656786769928134395e-02 -2.620069690603951118e-01 -1.386378414374682955e-01 -2.796880129009009508e-01 -2.544728763695301987e-01 5.586365868205279278e-02 -9.202674776022758130e-02 -1.269459527636998819e-01 1.306965542623935994e-01 7.834409600968439413e-01 5.751550223116135285e-01 3.897402491458473173e-01 -1.031014662133972609e-01 -1.171258496819173045e-01 -6.781246163563817153e-02 -3.178245725187224258e-01 -2.489476295804085582e-01 -2.256267606713219798e-01 -1.566875723785766950e-01 -5.478626178465388630e-02 -1.071144817969191393e-01 -1.404442337069647662e-01 -4.510080587362600563e-02 -2.610523506653911197e-01 2.808876640635520339e-01 3.861414880684898576e-01 5.171140936425596690e-01 -1.358988939100130577e-01 -1.388919592530554470e-01 2.409056467732941520e-01 -3.201058540084626876e-03 1.355944392068808013e-01 5.523623191793038123e-02 -5.927630924736425333e-02 -5.388547237399367133e-03 8.210864167515401213e-02 -2.237555538828298329e-01 -6.234577926766461664e-02 -3.479458887648603088e-02 2.028152309970121248e-01 2.266972518887427068e-01 -2.792709021923772128e-01 5.540734505393110076e-01 2.927573113767063528e-01 -1.749445434847074141e-02 8.388821551252802211e-02 -1.831976456175112844e-01 -3.309022043969463978e-01 -2.969373893266476494e-01 -4.939767820199859188e-02 3.423160197539333593e-02
-1.928070516849061111e-01 4.448769331540194938e-02 -2.652822097633587492e-02 -7.361841755047605906e-02 -1.552414042196736121e-01 -2.070549572495796464e-01 -1.591796015536758035e-01 -8.809502338601477023e-02 -1.644166886627791702e-01 5.915607197172173537e-01 1.000000000000000000e+00 5.205612308745241057e-01 -1.466352446255017317e-01 -2.013226882508856452e-01 -2.842054232942597958e-01 -1.102484303752895717e-01 2.352928467820939937e-02 -9.805390068889094715e-03 -1.350913040079158578e-01 1.862600236557162559e-01 -1.199777868152346189e-01 -8.315235231773293600e-02 -1.887614787855185217e-01 3.886462594856840980e-01 3.593712485604224072e-01 1.792679289301879753e-01 -6.798368775161325872e-02 -1.896176034156521473e-01 3.708871097111158394e-02 -1.433780053339856753e-01 4.623445593306033802e-02 -1.694188910703286199e-01 -2.548947820513474682e-01 3.831217328297144981e-02 -1.080087089018902380e-01 1.190515793255055854e-01 -1.755153841862301112e-01 3.087774202721353389e-01 6.530162313135043362e-02 -6.304018546630234254e-02 1.313258393081669639e-01 -1.692329559576862263e-01 -8.231283608467933333e-02 7.905677745177287774e-02 -6.148474680597454389e-02 -8.738746012273003461e-02 -1.010130818655471663e-01 -7.160031593541864303e-02 -7.877643229899083943e-02 2.009433297185797829e-01 -1.674873890539531895e-01 -3.251829759788450042e-02 -3.457076609123246325e-01 -1.773432141725476696e-01 1.950426153276840074e-02 -1.727276472357285042e-01 -1.540112358519664382e-01 -1.212853630983773585e-02 5.624084608618773462e-01 6.574369464215676917e-01 5.114766781842899901e-01 -1.381211852950074877e-02 -5.197826502036897306e-02 2.035429647798267169e-02 -2.149330405071930572e-01 -2.618750665060723404e-01 -2.545700740940917139e-01 2.754742502855804520e-02 7.613528106633607462e-02 1.123246114603789619e-01 -6.266793391482787523e-02 -1.934500777397967983e-02 -1.832860228966017579e-01 -4.008475405628120908e-02 5.697694987472927686e-01 1.843883258861674646e-01 -1.446678610741073123e-01 -1.494818006849632508e-01 2.459536140981638530e-01 -2.776869614279435794e-01 2.438458285550691163e-01 2.847577444961925663e-01 7.186010647022947340e-02 4.956734006868146469e-02 3.133547878487191740e-02 -1.301004649337644814e-01 1.406082188264110300e-01 7.652104840336292069e-02 3.458864859112333878e-01 2.548948972291248949e-01 -3.554673668456640456e-01 4.902152333491166525e-01 3.430675866613448755e-02 -1.334388139825025410e-01 1.696179656072832331e-01 -1.161181782236251746e-03 -1.135011784462057471e-01 -6.225030809270193366e-02 2.656517624149133672e-02 2.457823201046629158e-01
-3.265147891482386711e-01 9.758342810226097730e-02 -2.313892360706136520e-02 -1.227243871421508474e-02 -9.732707913832105984e-02 -8.215997975419003785e-02 -5.089589627838082830e-02 5.619577175414910974e-02 -2.213429071013857732e-02 4.741565016977538072e-01 5.205612308745241057e-01 1.000000000000000000e+00 4.245631770542270325e-03 -2.107438915408697475e-02 -1.039522960984939348e-01 3.166979848304497108e-02 1.896749419112856161e-01 2.000920523890841185e-01 6.459430725036895138e-02 6.854801077649380625e-02 1.267299596203247392e-01 -9.100316910045638807e-02 -7.845186633527156950e-02 4.296976128774491754e-01 3.677126626874232529e-01 1.976986836590516883e-01 -1.970561064557171949e-02 -1.952566363427644114e-01 -4.204412440510466031e-02 -1.172802676160727003e-01 -1.796321277015886508e-01 -1.125763427907914421e-01 -3.148318838006265441e-01 3.095853077078445509e-02 -1.173693671972553948e-01 1.995996814954904830e-01 -2.709685683907953613e-01 2.161917660849004830e-01 -7.015069791330516558e-02 6.331164151690933661e-02 3.345615187863661133e-02 -2.710184689514917311e-01 -4.577813225055069740e-02 -9.456938103455261868e-02 -2.099891710121006283e-01 -1.644253246299232085e-01 -1.333872841580066304e-01 -1.996918641928931981e-01 -2.089793477374631003e-02 4.354614256134907435e-02 -1.840895774259219131e-01 -6.286742017528629267e-02 -2.237021807748156565e-01 -1.603604899948383178e-01 1.445061039666498959e-01 -8.652086863197110123e-02 3.249075571006355967e-02 1.704262939713242220e-01 4.171071781729446259e-01 6.311871435601384972e-01 6.886425881555021666e-01 1.040360006655915992e-02 4.710694641740600409e-03 1.131110707299877727e-01 9.644588168233964032e-03 -1.136024255935112470e-01 -2.191267107850692619e-01 2.100908060420133006e-01 3.085668990880469642e-01 2.761876529259505997e-01 4.930737750183122187e-02 1.347072523751252984e-02 -9.945212970656684692e-02 1.985526936282654420e-01 5.600705362051597858e-01 3.227203899731518888e-01 -6.215984740819951310e-02 -5.124467951963963125e-02 -5.758434017712515257e-02 -2.030359228076349110e-01 2.492981754415460327e-01 8.187278158911022452e-02 -1.499008603451022215e-01 -6.863185074812729047e-02 -3.660652847765784312e-02 -1.646588223786645822e-01 -3.307147516020894629e-02 -5.987040644479369594e-02 3.043530480918928416e-01 1.696242319657940145e-01 -3.080475439484963718e-01 2.624960780408236993e-01 1.781814227617764812e-01 -2.048065759436478450e-01 1.397105067959655555e-01 -1.166431817031500229e-01 -1.106791683530383430e-01 -1.298091378753798153e-01 1.104617157048339432e-01 1.618267777242000383e-01
1.345504548276711121e-01 -2.078706937538767618e-01 -7.703403329255863186e-02 -2.326678632204954855e-01 -6.110764986233553631e-02 9.090385653495422491e-02 4.838037061492968249e-02 1.574576856279683579e-01 -2.251256843739717832e-04 -1.232708481674566203e-01 -1.466352446255017317e-01 4.245631770542270325e-03 1.000000000000000000e+00 5.085019812705295905e-01 4.037944448827273658e-01 -1.496929979898717622e-01 4.159648265625252028e-01 7.633846273289758566e-02 4.493192787405788091e-01 9.749149542820885472e-02 4.620494634286512192e-01 4.360432554097445901e-01 1.263349308051325837e-01 9.510170167177314782e-02 3.213055365845671283e-03 2.237682946155559738e-01 1.117101281440922023e-01 3.511025050935738800e-01 2.698907853385389410e-01 8.907424991228742039e-02 2.042114666619382346e-02 -1.373227113216799189e-01 -2.724829111027153861e-01 7.905516117959224265e-02 2.671007104925678388e-01 4.334316665303655780e-02 2.779987207749652911e-01 -1.020508117414085508e-01 1.132575884997527177e-01 1.053146686455333769e-01 -1.139249035661702159e-01 1.586269941242242076e-01 2.728644126502233203e-01 -3.419766866329920774e-02 1.871698587399630298e-01 -7.819087148228454076e-02 8.611547715510198264e-02 5.865183812350313608e-02 1.718445382578655534e-01 -1.610575746386632423e-01 -2.290854653194576013e-02 -1.407502724376711034e-01 -2.122927688147528691e-01 -2.631799069085018483e-01 7.303233725385367692e-02 -6.829972758118641775e-03 1.429702957175959209e-02 -5.048381633359035753e-02 -2.085752226269192156e-01 -9.172553533977205464e-02 7.390254069073955157e-02 6.687373514035637179e-01 5.310646464926679355e-01 5.100341245188541039e-01 4.757164110130586709e-01 3.793718598094905636e-01 -1.266375741594714943e-01 3.055659180522891649e-01 1.675354088752838977e-01 9.369709329334742487e-02 4.385785836072290111e-01 4.527868201363680067e-01 2.105218994959201506e-01 1.192776895080450636e-02 -1.217830419848335982e-01 1.337082833179914498e-01 3.093988034434084211e-01 8.332082444881311334e-02 -2.154127346125151721e-01 -2.541021908287705022e-01 -1.450225180971458638e-01 -1.829292333428419182e-01 2.705332403030237254e-01 2.021745976390707245e-01 8.666340174645424665e-02 1.299772078893946248e-01 1.074015828266613737e-01 4.379898192298152526e-02 -1.077253172587360475e-01 -3.638808817578699784e-01 -2.811748154085395579e-01 -4.870946745416727952e-02 1.876607921024431025e-01 -3.344000842883906172e-02 6.894894281927536894e-02 6.838417685345875296e-02 -1.067442816607934442e-01 -1.807608540045069906e-02 9.149243193959631648e-02 -1.922145236598847562e-01
-1.645419486408541410e-01 -1.783069483657617749e-01 -1.855213011623087216e-01 -1.742178983725620536e-02 2.220208929101906425e-01 7.249305615946587122e-02 -8.696571277193540506e-02 1.628777636485930769e-01 1.642577793813423948e-01 -1.585725416594279957e-01 -2.013226882508856452e-01 -2.107438915408697475e-02 5.085019812705295905e-01 1.000000000000000000e+00 7.400217661576495853e-01 -2.379546892847682060e-01 1.916853972237278214e-01 -3.355119688933916322e-02 3.341482156846845020e-01 -1.009944550167156873e-03 3.743981538019387489e-01 4.383234221272042652e-01 5.979185463825449354e-01 -2.746179492382345294e-02 -4.690501174842279242e-02 6.940965715344817044e-02 4.632119819451799847e-01 5.800783777221991677e-01 -1.893595844088703795e-02 5.376068742175246218e-01 -1.284042092110894151e-01 -1.864877704132374414e-01 -2.083057124099322865e-01 -1.238685405552321372e-01 5.840667851682848077e-01 1.355640516222109682e-01 9.759447161900633438e-02 -1.148261954563599974e-01 8.313783412415784446e-02 4.248982075172071105e-02 -3.267418099558317551e-02 -9.992979740018208268e-02 2.630517127537269073e-01 2.633548937545588178e-02 2.280578709440686525e-01 3.028700186585110976e-01 5.124291059112400237e-01 3.248124143419241494e-01 2.180672795991732138e-01 -1.454493208445531149e-01 -2.840865711110422409e-01 -1.382725134235334996e-01 -6.367234884259821703e-02 2.556656152625595008e-02 1.311448200341343573e-01 -6.132935781648634482e-02 1.470337183014697180e-01 9.142152882522643076e-02 -2.458253611039519504e-01 -1.480878138961756740e-01 -1.025039384852029778e-01 2.750595370892419678e-01 6.884209472193869583e-01 6.311877871279469865e-01 6.048494712626503178e-01 7.387182990939419325e-01 -9.450482258605617802e-02 3.203629335611067608e-02 -6.762730343242487341e-02 -1.304412950222411938e-01 2.949161388153375141e-01 5.004920763533723393e-01 6.335115725345245030e-01 -4.119810930475539118e-02 -2.078221887791811551e-01 7.881035396080766919e-02 8.519653668481406983e-02 5.317871193917207417e-01 -3.687433578728930850e-01 -3.693147364059579107e-01 -2.916119841961719028e-01 -4.142930093191155017e-01 1.383104667370166074e-01 4.815997030234785981e-01 1.752567904003269617e-01 5.000368014437364117e-01 -4.690346478682128756e-02 2.323042379239378397e-01 -2.241518764171897271e-01 -4.912999042987760134e-01 -2.379959222149376219e-01 -2.439265484424339436e-01 7.657784130233569186e-02 -3.269458246974476512e-01 -8.963163194115142396e-02 1.346842915843564359e-01 1.894810756700470722e-01 3.646180826044757017e-01 1.092821422660883723e-01 -2.067970256741439306e-01
-1.592372079400624640e-01 -1.950303111757471786e-01 -2.296645159842301831e-01 -1.131617649970734912e-02 1.567882653600983500e-01 3.472706854089731288e-02 -8.780709480218483465e-02 1.014582332428776712e-01 1.417754019332391480e-01 -2.365749506028879956e-01 -2.842054232942597958e-01 -1.039522960984939348e-01 4.037944448827273658e-01 7.400217661576495853e-01 1.000000000000000000e+00 -2.377681584489539368e-01 3.840869400126468991e-02 -1.386056999865187267e-01 1.868837397249791255e-01 -6.336947415936365624e-02 2.859846038135050450e-01 2.759149174634026869e-01 5.726402164274390083e-01 -1.484241769930970678e-01 -8.469550362938335630e-02 -6.523659867892583897e-02 4.811736640643566321e-01 6.132579981831395299e-01 -1.025633670906278827e-01 5.538222328799060623e-01 -1.437533351542396309e-01 -1.010793352774147502e-01 -1.962913111729432947e-01 -2.197399670531184346e-01 5.149997233753049741e-01 1.160934187938873347e-01 6.477242789538473211e-02 -6.945519751998958935e-02 6.220632277062782683e-02 2.754715705565066383e-02 -2.945356736882314558e-02 -1.494316098210030641e-01 2.000357547821378645e-01 9.253920440605231668e-02 1.673831946886035205e-01 4.033963398999783068e-01 5.668800564989437962e-01 3.268237148009403015e-01 2.483765842880832075e-01 -1.284484053553685556e-01 -2.405800416606515002e-01 -2.094918816345524015e-01 4.186549959805162778e-03 -1.080149776480652211e-02 8.129687655165997173e-02 -6.392785521253567527e-02 9.056275124805694687e-02 6.027314065180378738e-02 -2.946116200774943072e-01 -2.179062861184117572e-01 -1.980202566235916284e-01 2.407545158728775503e-01 5.482928978475533066e-01 5.333577054747774548e-01 6.375360140729157132e-01 8.766649088605626972e-01 2.122272602213076328e-02 2.238521455107812374e-03 -1.424686782104194471e-01 -2.152308025062177055e-01 2.246400268933905209e-01 3.224806605279616489e-01 6.234456442066546034e-01 -5.723426662562892953e-02 -3.035999125935663900e-01 6.022550332216465574e-02 8.415378396128075922e-03 5.864570033306556462e-01 -3.341028937438058066e-01 -2.657586118942027453e-01 -3.298383994498280680e-01 -4.374727189527227722e-01 1.311738681112712412e-01 4.207747332765584547e-01 1.780854651465958449e-01 5.270975405341871145e-01 -7.497343943062850791e-02 3.326331613570681633e-01 -1.988347054782966250e-01 -4.520431031877622519e-01 -7.806945784378122033e-02 -2.605176517107703482e-01 1.191223329501193418e-01 -3.156344486742244659e-01 -1.901254859404994946e-01 2.105058398396059960e-01 3.222985426473196080e-01 4.681090619694993626e-01 1.926082186066249702e-01 -1.405386706431598076e-01
