1.000000000000000000e+00 3.012072572265522830e-02 3.218573927555779673e-02 -9.838869294606397697e-02 2.500456529449182619e-02 8.654313666699142704e-02 5.683460247118632402e-02 -1.740749732693547616e-02 5.779901388217854180e-02 5.135446003906036366e-02 7.259827995209548399e-03 4.562195143455489467e-03 -2.479909357100205103e-01 -3.947152540770130225e-01 -4.305153971745592223e-01 -8.172565494798010588e-02 -3.764668561138063141e-01 -2.679198446789324284e-01 -4.082198804492013777e-01 1.744796179898706195e-02 -3.722724095098932651e-01 -3.032557578565637235e-01 -4.461579393217694478e-01 -2.393176989678293121e-01 1.440364478236935142e-01 1.590649705939672573e-02 -2.544112132665283244e-01 -3.312264291614882006e-01 -1.578711451825813017e-01 -4.233491254997374109e-01 1.379593246988572719e-01 -1.966873064700594073e-02 -3.103485716161581420e-01 -2.647202114150364882e-01 -3.427947052153356711e-01 1.639269796368523491e-01 1.246152574306804567e-01 3.134101751129504398e-01 -8.273011782716667428e-02 3.992217522973091209e-02 -1.297905282505071442e-03 3.008733911320818355e-01 1.713698499258383412e-01 -4.562832371217363792e-02 4.793718473327682195e-02 -3.290238907960334469e-01 -3.189509067695130984e-01 -3.162298284454460040e-01 1.919379286611952173e-01 6.507156811548038544e-02 6.106941293138192783e-01 7.375921410286942481e-02 -4.938252950067922170e-02 -5.268014559196747271e-02 1.184758636825681416e-01 1.510565885595324398e-01 1.468824833092224544e-02 5.721867704777005431e-02 2.160617400158699325e-02 -7.839241131716649658e-02 -8.127062849898886165e-02 -1.742683451825681462e-01 -1.003475404645401137e-01 -2.306452614126136835e-01 -3.613040359471607621e-01 -3.795850730638112291e-01 3.596835292279677021e-01 -3.723786713581823671e-01 -4.785743272073256227e-01 -2.932162258768171159e-01 -4.228046595314638445e-01 -2.218773626733152871e-01 -4.096341477888060800e-01 2.422716855959941851e-01 -3.080079589848005450e-01 8.916255388277165295e-02 -1.584969819335009522e-01 -3.790827435915385402e-01 2.088891817179608923e-01 9.411713775196171861e-02 -3.078914037466394804e-01 1.045097061300173658e-02 2.552800662622102534e-02 -2.786936390870879687e-02 -2.670780615249061518e-01 -3.286741072032870609e-02 1.563364724275695394e-01 -2.205302138083291563e-01 1.619214299666221213e-01 8.979650920469992026e-02 1.194990931344937501e-01 3.174855985480609655e-01 1.377721934404757265e-01 2.940127693250597640e-01 1.779863078052831560e-01 1.234076377346092213e-01 -2.601988990055315032e-01 -2.225022731200019532e-01 2.281494755751826420e-01 6.185058531447018559e-02
3.012072572265522830e-02 1.000000000000000000e+00 4.481153888357695125e-01 6.392316854114722391e-01 6.457528281514496316e-01 4.872835461501964227e-01 5.145599828824215516e-01 7.042746285544905227e-01 5.738238825832938650e-01 1.055628219427899445e-01 7.004860622439065820e-02 1.139034476353044112e-01 2.473916492014360813e-01 1.843314241926430619e-01 1.297586794750633099e-01 4.442766276061735908e-01 -8.261353500864902777e-02 3.020411024633159469e-01 1.896942606236968754e-01 8.701082505228259489e-02 1.221319081011033036e-01 -1.615991425910633383e-01 -6.330721230654891285e-02 -1.327548534917036560e-01 -4.704884853204399642e-02 -1.471173582926589007e-01 -8.818003277231131753e-02 -1.556237818022075947e-01 6.493074253325163692e-02 -3.099958102159914436e-02 -1.533844637440641596e-02 -1.370014065114364687e-01 -1.261133550812296722e-01 -1.536828744697965599e-01 -1.057247754367086623e-01 2.476116666411323775e-01 8.170752945436768333e-02 -4.664766660941518928e-02 4.402402536549685635e-02 1.025168703645652629e-01 2.843159036971029674e-02 -1.092539965755851689e-01 -8.661743427306864418e-02 -1.505387815697920711e-02 1.104461862177359005e-02 -2.135479781292991541e-01 -1.611337836104502208e-01 -2.147415687372724036e-01 8.780202316146318298e-02 2.597820889635331087e-01 1.816943157267505715e-01 7.576016865443161441e-01 3.555354266526559170e-01 5.062189675247630305e-01 6.130335006049717483e-01 3.756139348972782344e-01 5.405785450151726623e-01 6.325815120771142164e-01 6.181485019537459602e-02 5.893648156668770260e-02 1.250607702577247182e-01 2.263935584873414397e-01 2.310041284779089099e-01 1.792589788745819201e-01 3.162461284587656518e-01 -6.004435991668779019e-03 1.541148662582382534e-01 1.973827188902284313e-01 -8.586011502011810237e-02 1.422975513146589044e-01 5.234837920434943365e-02 -7.569476347371798322e-03 -9.733348100102779538e-03 9.181463402807132912e-02 -7.110960729699945804e-02 -1.091193546703650430e-01 2.263394633001681450e-02 -5.151700530319247573e-02 -7.651970046489671440e-02 -2.050487931348016490e-01 -3.191616915598329829e-01 -1.011192222992816220e-01 1.557448845909482557e-02 -5.187090268008174437e-02 -2.618964266202498115e-01 -3.382963374767981035e-01 6.429779575536877234e-02 -1.718523288185060394e-01 2.857978852894392796e-01 7.717277621108069308e-03 -4.649684470550847354e-02 4.899115747988648517e-02 1.095967451772594387e-01 -1.197322409165439833e-01 -7.526399988446509648e-02 -8.777583458055106258e-03 -1.394525633087936867e-01 -1.870092922189053319e-01 1.345597961706650747e-01 2.790471007724125707e-01
3.218573927555779673e-02 4.481153888357695125e-01 1.000000000000000000e+00 6.488549167658380634e-02 5.268287213455329354e-01 6.894176768488714524e-01 2.557476340823165994e-01 5.444392064282828070e-01 6.454132298500607767e-01 1.239184646820099267e-01 3.168695936988651374e-01 1.290745845539824910e-01 3.611480823436024057e-01 2.888211506685277596e-01 1.565717081930605714e-01 -9.758471624937786748e-03 1.972342115507904128e-02 2.206533162314603114e-01 1.989904296644815218e-01 8.012245587839736394e-02 6.965055546045918755e-02 1.432988916428327153e-01 1.300368825712983900e-01 4.087171568705687263e-02 8.889330094797169568e-02 1.680144579176002517e-01 1.130974552010712286e-01 9.691590617718157108e-02 -1.568632272244885632e-03 4.446094265899581954e-02 -3.771112284850738350e-01 -2.078284743134429235e-01 -1.989442577725826500e-01 1.715065874766200787e-02 1.206516045165242912e-01 2.510144465775068778e-01 -1.848024009497909459e-01 3.445645370876881941e-02 1.080178512513628730e-01 6.044062020196814405e-02 1.047052898108265101e-01 -1.934365453776060728e-01 4.094365347047079773e-02 -1.365321029606572922e-01 4.172636140968703777e-02 3.127149004418253164e-02 4.983959370819829315e-02 8.127781431423231062e-03 2.805695257875683302e-01 2.468245344436836297e-01 7.166950623308390722e-02 5.186005190645851526e-01 -1.593513386489929795e-01 -8.855652246261361271e-02 5.682828626218696666e-01 6.919837752654172114e-01 3.484696442080134626e-01 5.676670978321292083e-01 2.276889644299073256e-01 3.448523834184538672e-01 3.012528514199324658e-01 2.430067931915427526e-01 2.927865162397134124e-01 3.092426182326752926e-01 2.353460517472974189e-01 1.588567192671704875e-01 2.418810386341498433e-02 1.376613762380371198e-01 4.572299819706273499e-02 1.460363485751955126e-01 8.146399276439580950e-02 2.192224430909480160e-01 2.292950141850625956e-01 2.875757813416248559e-02 8.133720625704747229e-03 8.248201307208902211e-02 -2.829286197272932318e-02 1.095041636554400510e-01 -2.889123563965522168e-01 -2.863529385576349395e-01 -2.104023472892007918e-01 -5.926160389311701387e-02 -3.330364413107687188e-02 9.803705093359968425e-02 -7.884982520276836993e-02 -3.135171167451996088e-01 -2.018809338819908816e-01 -6.300194615691606659e-02 2.760554809266293486e-01 1.838876601430899649e-01 -1.580564477066217499e-01 4.981302133889087963e-02 -5.315037803925124621e-02 1.330318369856575179e-02 4.880671419988553972e-02 -1.616464348971763387e-01 8.353040870254853367e-02 6.718242732846664567e-02 3.334757264705970337e-01 2.502258847053523416e-01
-9.838869294606397697e-02 6.392316854114722391e-01 6.488549167658380634e-02 1.000000000000000000e+00 5.501422271813671827e-01 2.035937330256911149e-01 2.411868410848955757e-01 3.803574347628720931e-01 2.978476629654981389e-01 -8.991302618015968584e-02 -1.188078648657548697e-01 -1.313287551614298332e-01 1.411846585566859658e-01 2.261660776874457046e-01 2.398315561792180584e-01 3.264909099237532919e-01 -1.880977769929045307e-01 1.016535066730943626e-01 1.634535970543777861e-01 6.302968318532858882e-02 1.345222086329092293e-01 -3.584389822235766188e-01 -4.636682202064103774e-04 -2.769811359779105198e-01 -2.586349083973060181e-01 -4.138697206639862514e-01 -1.628629624304494539e-01 -2.414824629837460102e-01 1.096849798358206923e-01 6.661296168854071928e-03 2.333621178570871313e-01 2.986646865158633646e-01 2.315088315684782905e-01 -2.096505950691356646e-01 -2.977212785803559636e-01 9.978622274870223297e-02 1.727594100955220924e-01 -4.354609096873470614e-02 -2.345353320021229329e-02 -1.107486521029897863e-01 -7.693358317088941009e-03 -7.657654785208059534e-02 -3.337871844449562531e-01 9.968535655805337015e-02 -1.501725386255785277e-01 -1.630774639187639596e-01 -3.393469375076611089e-02 -1.267435872722707524e-01 -4.634114543364750705e-02 2.141728043675357462e-01 3.729094374506065207e-02 4.523168003090706768e-01 4.551436325050155496e-01 6.716646683402832663e-01 4.042763074456578454e-01 3.928171849927071524e-02 2.493020333411329337e-01 3.544370539073027904e-01 -2.663531200906235630e-01 -2.381914161468859648e-01 -1.880935984218207180e-01 1.913384118548620283e-01 1.824390831475481145e-01 1.771104017558161325e-01 3.244391511058861699e-01 1.382728989806539244e-01 8.687765967500446149e-03 2.256712317822668346e-01 -3.977835043630391365e-02 7.411463270861512465e-02 1.552756979724263242e-01 -1.878256965671934176e-01 -6.555723524364349963e-02 -6.131731283943094718e-02 -2.373731037430259205e-01 -3.995313901793461908e-01 7.836349061293551577e-02 -1.869057202345104224e-02 2.088469430259784765e-01 2.057490092863813458e-01 -1.799858554841287095e-01 -5.167406064487053106e-03 -1.204890785508618695e-01 -2.972907712024765448e-01 -2.590765371794858107e-01 -1.073901517361194463e-01 1.650454119118564822e-01 -1.070425118298921480e-01 1.971982937133194558e-01 -7.383505210357121928e-02 1.230059902128330523e-01 -1.533278836182503935e-01 -7.044258602140754388e-02 -2.237321860296314635e-01 -3.217605442137483895e-01 1.357580607077705781e-01 -1.399501262612347641e-01 -1.003765432954194653e-01 1.622363175694035292e-02 2.319797262651483449e-01
2.500456529449182619e-02 6.457528281514496316e-01 5.268287213455329354e-01 5.501422271813671827e-01 1.000000000000000000e+00 6.150042538071434084e-01 2.415902469171391787e-01 5.169760617981471462e-01 6.976814348646576125e-01 3.468642482518084595e-03 -2.761732907696269265e-02 -8.087377260703555726e-02 1.448024414676373772e-01 1.722755712246973603e-01 1.077157753872223095e-01 1.674385267576915248e-01 -1.375301622634722554e-01 2.008756013339781654e-01 1.045827748939947011e-01 7.590530848098069050e-02 7.184101577725116039e-02 -1.142202849297033473e-01 1.579569453627730630e-02 -1.748272808460135663e-01 -1.264875834145057776e-01 -1.895659781299708913e-01 4.956847077008992575e-02 -1.096044605462965643e-01 2.669100801976342918e-02 -2.884503092215888811e-02 -1.345995529295627713e-01 -4.467502309226085988e-02 -2.388274608325323834e-03 -1.132585673781204005e-01 -4.715129066339177055e-02 2.103023138503907763e-01 8.070536585715554212e-02 -4.713121362651663537e-02 5.303080419299294884e-02 -6.914554740015579903e-02 9.387261957397437240e-02 -1.628413431448036061e-02 -9.356604320664141383e-02 -2.808841243367920029e-02 -4.965997409347844976e-02 -9.144422534792608775e-03 3.639308657177784539e-02 -4.985832444013152398e-02 1.086604679267451912e-01 2.418935742378842124e-01 6.690347816878196296e-03 5.173387197569695450e-01 1.362153257761159753e-01 4.479621844191703506e-01 7.465101666026794369e-01 4.001484330071407580e-01 2.771880591238550240e-01 5.809450798765587454e-01 -8.935920724228173240e-02 -9.136593044497746952e-02 -6.158951652750169897e-02 1.323735739791089272e-01 1.979181284879385216e-01 1.800494402403917671e-01 2.346282325453594997e-01 9.117281466105751908e-02 -5.626786785057480422e-02 8.869602235967047332e-02 -6.786916941643272860e-02 7.055800265506917412e-02 2.886979880620662783e-02 -4.753889265051591817e-02 3.087791175642350117e-02 -1.372195064440132062e-01 -2.447115963063867528e-01 -2.804164502656841251e-01 -8.238755037259387626e-02 -3.995356818657548603e-02 -1.996260590446030311e-02 -1.683782100214810951e-01 -2.761188585558919106e-01 -9.358135718687926596e-02 -1.011890203904749069e-01 -1.713920462655439680e-01 -2.044984385987210218e-01 -2.526057990831204747e-01 1.394989912653311036e-02 -7.715963544209725189e-02 2.015841418446030209e-01 -3.257269104368729767e-02 -3.479377707606388925e-02 -1.352302399780347664e-01 -1.516753048728384790e-01 -1.492995447214161553e-01 -1.749473631077064217e-01 9.527250376518463237e-03 -1.552948892454231004e-02 -4.162039113176578542e-02 1.540457445686136684e-01 2.357804001338353606e-01
8.654313666699142704e-02 4.872835461501964227e-01 6.894176768488714524e-01 2.035937330256911149e-01 6.150042538071434084e-01 1.000000000000000000e+00 2.747814345232524325e-01 4.989826614759826917e-01 7.819792124464497451e-01 2.581552854246945139e-01 2.228703366530837560e-01 1.461734587674732300e-01 3.243722862904604987e-01 2.725587173630605875e-01 1.764823409812039945e-01 -5.800193155195461012e-03 -4.668808774703788605e-02 2.299907071164808414e-01 1.504181874303721356e-01 2.213193262874057765e-01 9.324879438399838461e-02 5.792045293823509106e-02 1.170041197977737674e-01 -2.700046794244249232e-02 -5.446625991963718882e-02 6.165637983395209215e-02 1.575862486166295373e-01 2.185891584263435512e-03 3.003904364785600634e-02 1.038864231535399467e-02 -3.581771808517463240e-01 -2.367363582662405652e-01 -1.781007785434431390e-01 6.131440284113439526e-03 1.024877836466095149e-01 3.624398584171467652e-01 -5.571972026372195436e-02 6.455896499267085170e-03 1.034604290135172078e-01 1.170584039710809154e-01 2.762488437922501205e-01 -5.740323480859239186e-02 8.769270595505349042e-02 -6.390595885399490139e-02 1.035735426984218666e-01 6.664370501562644211e-02 1.234161962727016726e-01 9.835063559253981458e-02 4.351492369691939976e-01 3.784409339315482068e-01 7.500183258932112407e-02 4.579124036184749613e-01 -1.434012171899386179e-01 8.637475017158023627e-02 7.342784239061164175e-01 7.704017130427025517e-01 2.496418787280579588e-01 6.059304151126561067e-01 2.113101634129156692e-01 1.998048504257163571e-01 1.578354867394085315e-01 2.696915656212955370e-01 3.207572378383785616e-01 3.502990637691600906e-01 2.147975956137742892e-01 1.816711046561038101e-01 1.540213497707168533e-01 1.271052413383013113e-01 1.039285021527632663e-02 1.680057915262636592e-01 1.049890028812051346e-01 1.571997891229466593e-01 1.966039419349761563e-01 1.130834444584427473e-01 -1.042549816867250206e-01 -6.635654214399966909e-03 -7.260866096606832798e-02 6.058946306953879452e-02 -2.701132361749128963e-01 -3.354428091302266157e-01 -1.950760939009485162e-01 5.117596133071376785e-02 5.326993114459434298e-02 6.728170922359381911e-02 -1.043237674481884980e-01 -2.227788281914144519e-01 -1.048219711809041804e-01 -4.448938629514723880e-02 3.843871070329403783e-01 2.499241926189291474e-01 -8.654841282855896267e-02 -9.006119770416848302e-03 4.801704460598555518e-02 6.075339709601954366e-03 -1.221380919977591711e-03 -3.897753920537740113e-02 1.189199153890288657e-01 1.458854178586507788e-01 4.377939685552433291e-01 3.857314847451639994e-01
5.683460247118632402e-02 5.145599828824215516e-01 2.557476340823165994e-01 2.411868410848955757e-01 2.415902469171391787e-01 2.747814345232524325e-01 1.000000000000000000e+00 5.730320503319362713e-01 3.630329317617898011e-01 3.226789516736386920e-01 2.221620986244658147e-01 3.398233958997960991e-01 2.572147823015973334e-01 1.437868153042879127e-01 -1.191406722397126555e-02 4.804907837048227881e-01 4.891272391012296133e-02 2.420293980621745500e-01 2.612780853901056632e-01 -9.182779664075908788e-02 9.020959668211381288e-02 -1.580474287088496840e-02 -9.149723710085921891e-02 8.237239551282493633e-02 2.751808560095819201e-01 8.085575153220397882e-02 -2.412709547025065626e-01 -2.120085443462953745e-01 2.587243203308313075e-02 -1.297576939879827307e-01 1.159985165696816728e-01 -1.356122812262758048e-01 -2.703447746309798339e-01 -1.194157763726224619e-01 -5.821037127267199990e-02 2.448679248729267177e-02 -5.423624904194731394e-02 2.274027178801533433e-01 1.408361029427094846e-01 3.577959332805804582e-01 -3.456560575311733857e-02 5.818103263751528420e-02 1.487293688987169071e-01 -1.775338794735550341e-01 -9.042913569481631636e-03 -3.653113508345500748e-01 -3.508871407154742217e-01 -3.099273194125277131e-01 9.083605506959710474e-02 1.107518399471698611e-01 3.673186188342655312e-01 5.920960485184291189e-01 4.219266723188946910e-01 2.051368069000542582e-01 3.489438589635059929e-01 2.949097896522044904e-01 5.405284346607821533e-01 5.205127436287037002e-01 3.490233034180174609e-01 2.621770598940754149e-01 3.021411770779774408e-01 2.638907355084680884e-01 1.166093183928972737e-01 9.961051129024151018e-02 3.085367877837668082e-01 -1.862486825900759868e-01 3.973053613195201006e-01 2.373184853278928197e-01 -1.634467976798213706e-01 2.257376389673639450e-03 -4.853425922058257624e-02 8.745326051875804141e-02 -5.151458306537300136e-02 3.606684360060427585e-01 6.467057538614585932e-02 1.402875074448047543e-01 -7.713955076852554993e-02 -1.678760891673013733e-01 -3.359003722734920511e-02 -1.155568037025025280e-01 -3.677754688583966813e-01 -2.425013579275788478e-01 -5.878992813811859813e-02 1.874060353617802016e-02 -3.195317885078286513e-01 -4.004799760131828590e-01 -8.639346694874849852e-02 -3.757897085139193516e-01 1.258332379438041604e-01 6.298870232005907011e-02 1.309384878391338033e-02 4.324024326265036300e-01 4.401995440450761632e-01 7.967012723564156906e-02 2.073592248025941664e-01 -1.638162141285443851e-01 -2.937289325178548127e-01 -3.013828532382216152e-01 7.793316136464650823e-02 1.679261606601337997e-01
-1.740749732693547616e-02 7.042746285544905227e-01 5.444392064282828070e-01 3.803574347628720931e-01 5.169760617981471462e-01 4.989826614759826917e-01 5.730320503319362713e-01 1.000000000000000000e+00 6.329082582855762862e-01 3.142696206081648791e-01 3.003311142687775659e-01 3.409488074450330308e-01 4.307547937202698130e-01 3.360469964555944378e-01 1.734202301358402643e-01 4.266919669010099114e-01 9.754357976944412478e-02 4.073525475628840820e-01 3.944248113258880251e-01 -1.428158702727152785e-01 1.629745739498109913e-01 2.811507048885587487e-02 1.755132760866601541e-02 4.033768917414780331e-02 1.690840117909189755e-01 7.360981638895996992e-02 -1.444562788950106147e-01 -9.811982581398422110e-02 1.225047888974743759e-02 -8.891878557866000551e-04 -5.527844210375307960e-02 -1.946644827854475956e-01 -1.719840308459890110e-01 -6.783583080038940727e-02 -2.092396848284947333e-02 2.802989624412622477e-02 -4.291363316481441176e-02 2.644368837777885499e-03 -2.735794968215403411e-02 5.090525755142611547e-02 -1.148706021895511686e-01 -1.347715972265993156e-01 4.409118962916822038e-02 -2.248923497662600191e-01 -7.239307137785139235e-02 -3.155716566922993627e-01 -2.523216027653558680e-01 -2.564945952952810693e-01 3.543622373288720512e-02 9.139232783867115573e-02 2.150811529427204272e-01 7.833926268373050394e-01 4.062377891049070433e-01 2.863334362590567173e-01 6.311070012882887825e-01 4.875554724386649275e-01 7.484042110398806402e-01 7.922818371994390096e-01 3.183149226269352261e-01 2.874950330323091663e-01 3.514051009393591718e-01 3.714253390191115112e-01 3.447875801193172052e-01 2.918241447321558990e-01 4.651246168154970495e-01 -2.453814186278318460e-02 1.257608279810982777e-01 3.399849247887273274e-01 -3.911862123497127780e-02 1.937182581559949435e-01 4.056361343838325861e-02 1.683836358564551883e-01 9.063836597918678573e-02 1.149095863829312503e-01 9.024062807544359910e-02 1.332438180410618067e-01 5.114195523871529689e-03 -1.025377809873494021e-02 -1.701591437669144891e-01 -1.696990534376191795e-01 -3.758611890642177267e-01 -2.495306787461981091e-01 -6.506008279244904213e-02 5.194719946558086499e-02 -2.988950538027908554e-01 -4.382830424269725800e-01 -6.398519838781796532e-02 -2.715812598491592067e-01 1.089923448882914314e-01 -2.660635534765270691e-02 -4.913125897260067765e-02 2.270215880167687217e-01 1.621254275940858525e-01 -5.081188767346000307e-02 7.971549647994026488e-02 -2.052082678556607365e-01 -2.194108988363214496e-01 -2.509408518859601034e-01 4.694095990079098085e-02 1.556466966085543191e-01
5.779901388217854180e-02 5.738238825832938650e-01 6.454132298500607767e-01 2.978476629654981389e-01 6.976814348646576125e-01 7.819792124464497451e-01 3.630329317617898011e-01 6.329082582855762862e-01 1.000000000000000000e+00 3.261701540372479724e-01 2.699288895527767185e-01 2.555965604519753742e-01 4.024273182666864290e-01 2.969954452640024001e-01 2.261978884081170260e-01 1.252326460373731076e-01 -2.317755923151380761e-03 2.740831042302311338e-01 2.179942890882726469e-01 1.243918780848150135e-01 9.011446892566907230e-02 6.917911298107089213e-02 5.937261295972509623e-02 3.939796065516842916e-02 2.237047777205517299e-02 8.743739256982105412e-02 1.260528829663923600e-01 -4.192053938396609475e-02 1.127974881292816145e-01 2.900781515514531950e-02 -2.155486405055083987e-01 -2.611421940513024564e-01 -2.105162906941490109e-01 -3.270377105067195228e-02 1.187938534148736125e-01 2.937312987075256787e-01 4.497844670369923609e-02 -1.464122021866195479e-03 1.156376815854074369e-01 1.183694854070377472e-01 1.923591077504614166e-01 -7.385498431433270075e-03 1.387885742576135395e-01 -5.131630272257099029e-02 6.565657488993498214e-02 1.073224368399789026e-02 5.310957949899085262e-02 -1.838805213275691505e-02 2.529959083901432981e-01 3.319186196300507041e-01 8.897817931462055629e-02 5.747916381297274446e-01 4.475510633332233090e-02 2.685183965449284837e-01 7.869690993223061870e-01 6.579690942224400985e-01 3.519672643356113739e-01 7.573328216450074812e-01 2.746670192775966801e-01 2.323296199927318839e-01 2.310636429305050754e-01 3.793847528995656915e-01 3.833093035363221435e-01 4.217454242372923878e-01 3.138768306263703955e-01 1.569319006003936368e-01 1.141431973586558846e-01 2.016748697789054467e-01 -3.169487203358602873e-02 1.297014019783526151e-01 6.120293351871648746e-02 1.858223588749420563e-01 1.554705829599253575e-01 1.038073107128810596e-01 -6.178260866741019236e-02 2.170273169657663606e-02 2.005668473658402812e-02 3.273141765173716300e-02 -1.461788347579448533e-01 -3.371372962420535191e-01 -2.560946583166050505e-01 -3.016397586908246831e-02 -2.980157101705558850e-02 4.638900388502921468e-02 -1.512684614647500092e-01 -2.780068004050536001e-01 -6.684548241049760239e-03 -1.577202102486609525e-01 2.995501060843060448e-01 1.871444883260055536e-01 -1.161536790584309503e-01 3.839656866822691028e-02 8.525740022345239255e-02 -4.793834258036593771e-02 7.020335761021333221e-02 -3.442519311891609896e-02 7.017883390647905451e-02 4.158384420985132383e-03 2.776197260616382056e-01 3.119047932948858515e-01
5.135446003906036366e-02 1.055628219427899445e-01 1.239184646820099267e-01 -8.991302618015968584e-02 3.468642482518084595e-03 2.581552854246945139e-01 3.226789516736386920e-01 3.142696206081648791e-01 3.261701540372479724e-01 1.000000000000000000e+00 4.860506828701264825e-01 7.098855543286074488e-01 3.497846722011795362e-01 1.810764542786551246e-01 1.311609366594610471e-01 1.328670256773018532e-01 1.083075895561688290e-01 7.919929825228949616e-02 2.003761771083918675e-01 -2.861758874602909897e-01 2.370544177298445146e-02 1.634342481137090741e-01 -5.746349049446488472e-02 3.049891657197109640e-01 5.173649639281587831e-01 4.140504845126946609e-01 -8.689358848670508673e-02 8.285131444069000761e-02 5.700694896324732391e-02 -1.026651025500995296e-01 3.847858200009852004e-03 -3.054915383463518430e-01 -3.359938828797828791e-01 -7.055848754722797433e-02 1.140951227351047204e-01 -1.305817798767953120e-01 -9.217297712788296432e-03 6.007996068060408174e-02 -3.654269884622252801e-02 2.295746451720088455e-01 -2.272812429675434287e-01 1.585610001534539237e-01 3.817842394959939933e-01 -1.148528549810918786e-01 8.625968573067394063e-02 -1.708421856556871787e-01 -2.444921807816668735e-01 -2.053816433569845556e-01 -2.902519660374593222e-03 -1.291136381462116289e-01 1.910821927508292717e-01 2.458400685518793427e-01 8.992695902323660784e-02 -9.260221109087317382e-02 2.241945804965845002e-01 3.356659855930352876e-01 3.243701015131901788e-01 3.845527996278331750e-01 7.193549044217789623e-01 4.381598091813050377e-01 5.157050121479127558e-01 3.960326897372177246e-01 3.750644538691982888e-01 2.904208271219651527e-01 2.723536243909745469e-01 -2.295556846187276831e-02 1.364364341062845598e-01 2.362619733663023913e-01 -3.892692154040345437e-02 -4.612382851676392892e-02 -9.624776753885408431e-02 2.455325494519924046e-01 6.178630758144898483e-02 2.432681088464839492e-01 3.185613777566250193e-01 5.393329803937607636e-01 7.947505875143599796e-02 -1.800257426743114009e-02 -1.136517104193351252e-01 -2.618893506511508207e-01 -1.707543610606874207e-01 -1.717351264969614599e-01 1.154965908566213256e-01 2.629900214635419453e-01 -8.661298899926764272e-02 -1.853816854025306937e-01 -1.965355738577218708e-03 -1.917612565100977329e-01 -1.037231965861257488e-01 -4.035613439179659007e-02 -5.471133783788202642e-02 4.429970727636441397e-01 4.880162437874925319e-01 3.751308996300202203e-01 4.477306217318611226e-01 -6.404277861904580926e-02 -3.743959102408845468e-02 -1.350397106327257957e-01 -5.489996633375197888e-02 -3.037075036470222519e-02
7.259827995209548399e-03 7.004860622439065820e-02 3.168695936988651374e-01 -1.188078648657548697e-01 -2.761732907696269265e-02 2.228703366530837560e-01 2.221620986244658147e-01 3.003311142687775659e-01 2.699288895527767185e-01 4.860506828701264825e-01 1.000000000000000000e+00 5.100056862173623085e-01 5.401948308021350398e-01 4.099614568999984110e-01 2.854609464491629223e-01 -2.239463132152790664e-02 1.888356930645194998e-01 7.840895230013490702e-02 3.366405363294509012e-01 -7.146391595446996425e-02 1.142644706652876097e-01 2.369290210376737149e-01 1.327797793399830839e-01 3.775159083709909713e-01 3.842503547822187504e-01 4.956733026514203444e-01 3.896369513556022235e-02 1.624020453638004013e-01 1.302546064446989393e-01 9.505914268687203073e-02 -1.639086760287311040e-01 -1.550102092089529759e-01 -2.610677095550451576e-01 5.253437978027991617e-02 1.902099489067733129e-01 5.058420842211498736e-02 -1.377416257202727090e-01 1.311854559388042907e-01 1.012673194905206082e-02 1.119534343296316181e-01 5.199417304497418180e-03 -5.111286225933368843e-02 2.499405369403848720e-01 -9.198350859149562186e-02 8.470501423880487379e-02 -2.974157536110560648e-02 -7.387574866964263798e-02 -3.606606173643458341e-02 2.534396688931731534e-01 1.528068582041819112e-01 2.127027158054557998e-01 2.353738584962295211e-01 -6.815121042770609650e-02 -3.333364735981551030e-01 8.986159461154545613e-02 4.214180500590527512e-01 2.655537410224052541e-01 3.349462307705193820e-01 5.400124413447374705e-01 6.393178701225029625e-01 6.123590869323558561e-01 4.566977911665474621e-01 3.689605790276049291e-01 4.205629229856047702e-01 3.048545025498201611e-01 1.645917828189022714e-01 2.026959412397505711e-01 2.636026143988970949e-01 5.335726746919090824e-02 -3.792544345921929679e-03 5.987710126846548797e-02 2.902997581071420363e-01 2.043358601015731746e-01 2.143017145418164848e-01 2.655113520290346418e-01 4.453526967653566593e-01 9.839044827354877232e-02 1.746530165870054385e-01 -2.704621138466920538e-01 -1.419878352006395117e-01 -1.712099184034788502e-01 -1.372200216027612552e-01 -6.139606143184456882e-02 1.979044240912152808e-01 -3.499136664621053244e-02 -3.309539659647752763e-01 -3.900041891846944137e-02 -9.438704234967304485e-02 1.052963109696648109e-01 1.592071152883604568e-01 -1.586880418765396206e-01 2.943931089815706170e-01 2.130712937875154922e-01 2.153006952665947327e-01 2.938094441017591874e-01 -1.362744313531675522e-01 5.299172828099878163e-02 -8.550653732825052450e-03 2.605858767082274707e-01 2.194428830873720038e-01
4.562195143455489467e-03 1.139034476353044112e-01 1.290745845539824910e-01 -1.313287551614298332e-01 -8.087377260703555726e-02 1.461734587674732300e-01 3.398233958997960991e-01 3.409488074450330308e-01 2.555965604519753742e-01 7.098855543286074488e-01 5.100056862173623085e-01 1.000000000000000000e+00 3.383081469844754774e-01 1.943424629760230615e-01 1.807827498693017620e-01 2.934019076337923693e-01 3.579881151965768615e-01 3.015265904779765860e-01 3.358781994889055156e-01 -2.585036745065462660e-01 2.043168340283574302e-01 3.297843009450526774e-01 7.695999188686578063e-02 5.180970163454828858e-01 4.636911198937041512e-01 5.935120531856881154e-01 -3.231223167554799630e-02 1.932386872483838891e-01 1.713731168977054020e-01 6.586102311711132529e-02 -3.484377321982274917e-03 -3.420950994553740854e-01 -3.195280695572726426e-01 4.814737317957766549e-02 2.856459534781993770e-01 -1.422097227221538751e-01 1.878746926308524912e-02 -6.080670485743720766e-02 -6.582999559210619966e-02 2.967474635621921708e-01 -2.481175773458568490e-01 1.945507652258498532e-01 4.433405382918678694e-01 -1.062323094882621638e-01 5.450392599479492867e-02 -1.674148070575365577e-01 -2.423897479566571034e-01 -1.562768974763087126e-01 -8.621862958286148626e-02 -2.113423459080304434e-01 1.027574968715636444e-01 2.596010659030335566e-01 1.190549853271461733e-01 -7.731202455065765144e-02 1.230183996326608270e-01 2.402199746420127235e-01 3.731402345984806135e-01 3.344372837995752690e-01 6.771493562102698371e-01 5.178415689275804867e-01 6.780803455469702756e-01 3.578640828338076063e-01 3.607571801833381886e-01 3.180810302846977522e-01 3.601592448799275092e-01 2.100252890816515713e-02 1.577017932447959681e-01 3.993406194821037536e-01 9.448124510259542363e-02 1.006696885658369262e-01 1.083723234173703497e-02 3.445835661651828197e-01 1.720210724943923297e-01 2.437591308164057946e-01 5.321118782836378180e-01 6.713632276063101756e-01 2.034544551481685393e-01 1.097677176465233911e-01 -2.040532674810990876e-01 -3.277022542010856743e-01 -1.781818406912168973e-01 -3.089432045661625881e-01 3.510404512400128185e-02 3.235680885921570216e-01 -1.512912717972996444e-02 -3.013645236354262069e-01 -4.585282039589715780e-02 -2.009544800281772015e-01 -2.008934565802578953e-01 -1.732552890098905118e-01 -2.689650880238455555e-01 3.551152973616665265e-01 3.535823163018088633e-01 1.945512196874580324e-01 3.824152325668955799e-01 -2.038962348790127332e-01 -1.120047794587530482e-01 -1.950576300096064641e-01 -1.054077817261426381e-01 -1.891572707414535537e-01
-2.479909357100205103e-01 2.473916492014360813e-01 3.611480823436024057e-01 1.411846585566859658e-01 1.448024414676373772e-01 3.243722862904604987e-01 2.572147823015973334e-01 4.307547937202698130e-01 4.024273182666864290e-01 3.497846722011795362e-01 5.401948308021350398e-01 3.383081469844754774e-01 1.000000000000000000e+00 6.809303636619109534e-01 5.584110047394931220e-01 5.782368659234355529e-02 2.204691238553480315e-01 2.653417995385023431e-01 5.357669568206909760e-01 8.695553738019136392e-02 3.204900216881041430e-01 2.898391364042010032e-01 3.752302548355883616e-01 2.185038656175980754e-01 1.639063304208535909e-01 1.718183113376017257e-01 1.565697204931261466e-01 2.134173057037352383e-01 2.959104030843843214e-01 3.338668243024928706e-01 -1.613863543248319210e-01 -1.836895927093739472e-02 -5.420976913436414274e-03 1.454541296923252680e-01 2.513121045848504265e-01 9.012675595345684409e-02 -1.565287274938404471e-01 3.982459780724807025e-02 1.033355509863843336e-01 9.168578324988221895e-02 7.735952235203247263e-02 -2.554058541117082970e-01 4.568476150861670859e-02 -8.641353435310615561e-02 4.538886886008136612e-02 8.007557012504053218e-02 1.335702781979425102e-01 1.555489062241942333e-01 2.002328519886019398e-01 2.511374330421861090e-01 -2.660843270615744741e-04 3.604967165731796097e-01 7.041357942849987839e-02 -8.897825834279698975e-02 2.589415176683408371e-01 4.549318300545398541e-01 3.046572243155742377e-01 4.961398195561081970e-01 3.152776785270174353e-01 4.646642361478670602e-01 4.541814855437816267e-01 7.938683588284047854e-01 5.623082306118590834e-01 6.369049020149586404e-01 5.597019691111755346e-01 4.165569110454313551e-01 1.066578573787163725e-01 5.071965485686725783e-01 2.355824424745082413e-01 2.170290076615347674e-01 2.823443404224522668e-01 4.138922579466975393e-01 4.261540939284213514e-01 1.462583944471593511e-01 2.251252822710447243e-01 1.179541070313188111e-01 1.633199638620516370e-01 3.541394624367211752e-01 -2.847524534524514817e-01 -8.767396731605903160e-02 -2.127038007476205264e-02 -7.727405403842638166e-05 -1.076397335655909365e-01 1.743908912965975166e-01 -2.917840558852626345e-02 -1.898497103325277602e-01 -1.047075320859455344e-01 -4.195450602777038573e-02 2.198554203147690123e-01 1.778485299615268911e-01 -1.043322265356096124e-01 1.290063567423957447e-01 1.573533356486293555e-01 -2.636403185251872880e-02 8.312857172206834788e-02 -1.573858093178514272e-01 1.520154413468143284e-01 1.441416933258618804e-01 2.250412164702110807e-01 2.975829450745183791e-01
-3.947152540770130225e-01 1.843314241926430619e-01 2.888211506685277596e-01 2.261660776874457046e-01 1.722755712246973603e-01 2.725587173630605875e-01 1.437868153042879127e-01 3.360469964555944378e-01 2.969954452640024001e-01 1.810764542786551246e-01 4.099614568999984110e-01 1.943424629760230615e-01 6.809303636619109534e-01 1.000000000000000000e+00 7.870935411022174089e-01 2.595835936083503923e-02 2.707530628607264234e-01 3.513544838184304298e-01 6.610949289319990596e-01 1.737588010708831232e-01 5.802664670472611474e-01 2.326627778741270358e-01 6.687952666509502375e-01 2.210275581416684398e-01 -6.202441557753395063e-02 3.759625147959990560e-02 2.746363157294469670e-01 2.643306829911829525e-01 3.918210802235143619e-01 5.642965163218238711e-01 -2.478866215568693576e-01 1.093100532620327053e-01 1.717637911914713933e-01 2.120977804309924220e-01 2.019725625624088083e-01 7.073987209043282320e-02 -9.352333429060354086e-02 -8.776536660432691928e-02 9.213946881685559616e-04 -2.725731100638649224e-03 9.100417002767417773e-02 -3.398051927936591721e-01 -1.763338022509575442e-01 -9.171634835529125784e-02 -1.144345671527081526e-01 2.307450840989201946e-01 3.697179425249450535e-01 4.067599977902957575e-01 1.466584469901261456e-01 2.232961264983935046e-01 -2.017690032299241376e-01 2.380743118114534151e-01 6.241655592304053146e-02 -1.128377554648420621e-02 2.238887316066207056e-01 3.110950833103371393e-01 1.777226979681218733e-01 3.501460602947689682e-01 1.097175058029198347e-01 2.804584605938275077e-01 2.685828762985516538e-01 6.024419551686580609e-01 5.156741964837476822e-01 6.371410991975628990e-01 6.484697626047252195e-01 6.709312272739265115e-01 -1.247227262840528914e-02 5.686847684960854021e-01 4.132969887967321565e-01 3.632457360351284970e-01 5.820806003231718817e-01 3.902288930467509576e-01 5.891903104803525304e-01 7.229135380418771906e-02 1.509829061342096435e-01 -4.627140481536169692e-02 3.087289080689439857e-01 5.811594400510182723e-01 -3.421797418359744380e-01 -1.042309815570851596e-02 1.245650307689844388e-01 8.183595359485155291e-03 -1.611002781910974291e-01 1.350330929799777382e-02 1.315962020961587431e-01 -1.152433403053098881e-01 -6.349747856163379112e-02 8.655156459483671905e-02 2.139299471988576062e-01 1.494865167160925878e-01 -1.964522306059544865e-01 -1.383132121041816542e-01 1.336308869450653775e-02 -2.739906615051186378e-01 -1.812310737774381619e-01 -1.531802681432928581e-01 2.953867716229964802e-01 3.907166653484223651e-01 1.434908390341122497e-01 2.685995945504769389e-01
-4.305153971745592223e-01 1.297586794750633099e-01 1.565717081930605714e-01 2.398315561792180584e-01 1.077157753872223095e-01 1.764823409812039945e-01 -1.191406722397126555e-02 1.734202301358402643e-01 2.261978884081170260e-01 1.311609366594610471e-01 2.854609464491629223e-01 1.807827498693017620e-01 5.584110047394931220e-01 7.870935411022174089e-01 1.000000000000000000e+00 -2.986167726202380857e-02 2.161086408798514880e-01 2.857054039843001658e-01 4.909959650118498331e-01 2.326047704898128732e-01 5.457656244030916204e-01 1.462291295700803295e-01 6.618276863820177214e-01 2.324798172994585466e-01 -1.824861015720759261e-01 -1.930274683066619118e-02 3.357223629053421865e-01 3.305105303216721579e-01 5.095940616232735865e-01 6.751985139562182159e-01 -1.807823368718040336e-01 1.148444069208905682e-01 2.199434285577517578e-01 2.134864070694440230e-01 2.175144472396459416e-01 1.062915329121918578e-01 5.724039167932370997e-02 -2.462675350639337013e-01 1.334270918704064980e-02 -6.024213596115615688e-03 1.118821306527711112e-01 -3.077184635238550126e-01 -2.599458386007930111e-01 7.826085200093715888e-02 -1.245565741778368180e-01 3.191604848441894626e-01 4.698824676460534588e-01 4.339611005065357463e-01 3.905937259027837671e-02 2.114085388476119876e-01 -3.720588978834149518e-01 9.996881894601357399e-02 -2.389757177539740540e-02 9.138701528563256127e-02 1.361262742827063221e-01 1.727131579939672756e-01 1.459414882354673725e-02 2.061406646764558925e-01 -6.390101331369340415e-03 1.399975419571028723e-01 2.169182636511151341e-01 5.004520893515944646e-01 5.454500448173809080e-01 6.627110326400671436e-01 5.557620837354032561e-01 8.131571425494961147e-01 -1.408907267636680949e-01 4.478905115753645805e-01 4.262093421107054358e-01 3.381708485388080221e-01 6.030504790717936547e-01 3.062448699044013067e-01 5.528061904851228059e-01 -2.705755437866096472e-02 1.373778252705172287e-01 -9.654457379126099581e-02 4.332695843218776766e-01 6.611185562888708400e-01 -2.806043822978243618e-01 -5.571458981243636310e-02 2.371222445423088465e-01 9.149815000463834558e-02 -1.017117711125866131e-01 -1.994247255608699865e-02 2.211283179984373515e-01 1.337071390791423446e-02 7.804439708867659531e-02 1.694185824501771298e-01 1.958363518898948996e-01 8.003028116226156008e-02 -2.422630441048803374e-01 -3.011412113793678902e-01 -3.156586701764137887e-02 -3.325808242183590502e-01 -2.593436706765894217e-01 2.725844755823812748e-02 3.712874340421235542e-01 4.306792881412920826e-01 6.233766765302807544e-02 2.094368915722574220e-01
