1.000000000000000000e+00 7.073460758922961444e-02 5.087899402134715698e-01 -3.823521966264017968e-01 -9.801555003352153961e-02 6.316319810172369431e-01 3.241817044800677783e-01 5.277875828427883720e-01 2.884362440458944077e-01 1.680573788564341045e-02 -2.630587864812253263e-01 -2.466496495425909430e-01 -3.242720606152795643e-02 -1.820079259686398221e-01 -1.696731902670945979e-01 2.352217745859449261e-01 5.028013944349472159e-02 6.726476064954804712e-02 -1.483501753606090712e-01 6.236335317957621138e-02 -2.312912853290752940e-02 -8.677320285427569946e-02 -3.508115263187057131e-01 -7.075793626912466050e-02 -5.184126848130498483e-02 1.644003586746280443e-01 -3.397425455801708072e-01 -2.441658523266813929e-01 1.218830465521641843e-01 -4.275287449837330556e-01 8.851867776041830171e-02 -5.695732236448133000e-03 -2.282177682038988853e-01 -8.857512850240530089e-02 -1.943631942298905124e-01 1.456950115083312236e-01 -4.085863009235667261e-03 9.143476455646711021e-02 -7.696611356102311952e-02 6.857330519406287794e-02 -1.029587351343683177e-01 1.011473709599553655e-01 -4.902335060202102357e-02 -4.169675852248445197e-02 -2.037857374197866445e-01 -4.210068400401922872e-01 -4.125339210758290354e-01 -3.777656141658415900e-01 4.482198769900161972e-01 2.243394035355358029e-01 5.450006189590104189e-01 5.525673520996617905e-01 -2.630743177848479109e-01 -3.711561077182957691e-01 2.863927719726122589e-01 6.116791636520904074e-01 -1.561377566269784301e-01 1.984121752675307992e-01 1.856385063408089453e-01 2.654882335928002157e-01 -1.356608075641837774e-01 -4.357644644592363788e-03 -2.003203789425635761e-01 -3.162460381077467630e-01 -1.601876989506655080e-01 -2.906121092284408292e-01 2.408658838851399364e-01 5.913525505105344908e-03 4.149142487029020693e-02 -5.865172816230150576e-02 6.360161051030984586e-03 7.550841839754607321e-02 -4.411186491945434662e-01 2.287179552428299512e-01 -4.702699046201672117e-02 3.189947788552318086e-01 -3.391386375151127230e-02 -3.435717138235310775e-01 -2.659912634201552079e-02 2.298118927142235590e-01 -1.131750152486460798e-01 -1.433103082467195380e-02 -2.909546227876454172e-02 -1.202921635094870295e-01 -3.979338400027859213e-01 -3.993522876117280296e-01 -1.095323168873617824e-02 -3.873406396702105958e-01 7.687941118564174670e-02 1.152181477597026965e-01 -9.338238625231211343e-02 2.273478701093127607e-01 8.730262135935452916e-02 2.344976938105409470e-01 1.363850745360329075e-01 -1.373438974436692883e-02 -4.009773789420351675e-01 -4.502168501606925166e-01 4.351752147216304545e-01 2.547989219635275471e-01
7.073460758922961444e-02 1.000000000000000000e+00 2.999605846543774157e-01 4.190133069955545575e-01 4.175159784047506317e-01 1.417180712492055461e-01 -1.862615133152024233e-02 1.778791273085761349e-01 -1.276546093490402989e-01 -2.943243879279119346e-01 -3.018002167538915703e-01 -1.953897537829517306e-01 9.318940287077172313e-02 6.876225694272873612e-02 2.089889102308152835e-01 3.234853682999260793e-01 -3.734237375474785958e-02 -3.896311057517836685e-01 2.747049477626639993e-02 -1.781100207075324016e-01 1.043429668148575379e-01 1.444917499985354757e-02 1.884183055081440905e-01 -6.044478322771036638e-02 -2.122189370205877501e-01 3.863664635828414906e-02 6.251634141292356991e-03 4.896471684446024319e-02 8.397533572997806228e-02 2.382194756774226319e-01 -2.488876054838339291e-01 1.379548357479041532e-01 1.212380591478342817e-01 -3.268889849526038782e-01 -7.602385365672582884e-02 -3.625968049096321422e-01 -1.818158163622544399e-01 1.079241012051074811e-01 1.185132321719018916e-01 6.969736475316588853e-02 -2.905512649117271695e-01 -1.370663120838414017e-01 3.783653439789873285e-02 -5.668326916774445168e-02 -1.607317223809982265e-01 4.782928506426104703e-03 5.347366314377079155e-02 6.338438163814227866e-02 -1.308476464837731168e-01 -2.953275945574526662e-01 3.961496870489761291e-01 3.327796199791707710e-01 3.931515059888021080e-01 2.555468421535300738e-01 2.642466635288708357e-02 -6.559053559335556449e-02 1.127709252875181145e-01 -1.194118343232049295e-01 -4.025154032401606630e-01 -2.198617865381593262e-01 -2.286477340056529695e-01 1.388608002524807372e-01 1.012390441602766394e-01 1.413396521966889530e-01 8.473939693947310503e-02 2.839138325586111344e-01 -1.193730331515290150e-01 -3.206461768660524847e-02 -2.508179034762181292e-01 -2.916119556573623095e-01 3.866889308102561956e-02 -2.664458010006339958e-02 1.909201574483898600e-01 -2.878680008636175236e-01 3.689957214364771726e-02 -1.074716303250308203e-01 -2.992194511604288551e-02 2.422598922716081848e-01 -2.991910837518518274e-01 2.327249006145520605e-01 -1.149540200698591086e-01 -3.247135836941649756e-01 -2.301896603424748167e-01 -6.009647274584498794e-02 4.288251514498781641e-02 6.231194913230676813e-02 -1.909261026877818457e-01 -8.038071363009245685e-02 -3.720850872248885888e-01 -3.342870767527459375e-01 1.337961744424348565e-01 -1.752379113863056781e-01 -9.709072152421742777e-03 -2.381363886037731747e-01 -1.297955454292949173e-01 -1.754578090108282473e-01 7.892225221840706503e-03 5.744870412230455164e-02 -2.324950922527493913e-01 -2.752477710008270351e-01
5.087899402134715698e-01 2.999605846543774157e-01 1.000000000000000000e+00 -3.670850959945389791e-01 -6.950376949928372371e-03 6.640855749639344996e-01 4.264682668262963494e-01 6.883210974869710119e-01 4.534850899227524934e-01 1.077192313303972221e-01 -1.562180053739203045e-01 -1.140024107658339503e-01 -2.090168639592175637e-01 -4.343334845747076067e-01 -3.901972350688474034e-01 5.403473395475711927e-01 -1.766220441195690549e-01 -4.737316443266536420e-02 -2.433316587328329117e-01 -2.676373276234539911e-01 -2.756850090652810947e-01 -2.288101725264770070e-01 -4.109693930361396075e-01 -3.242910496592203012e-02 1.084967829711692561e-01 -8.788777958980488469e-02 -4.485951173533776482e-01 -5.092001717749135015e-01 -1.823138108768458943e-01 -3.637013059658496528e-01 3.826451547724224467e-02 2.593605792657245890e-01 2.284829169574800409e-02 -2.220775935776456989e-01 -3.683963322150087816e-01 5.845090629108148916e-02 -2.334290691233625870e-01 2.692628205456288892e-01 7.077196833681093091e-02 2.389783224962619690e-01 -6.782883106813100693e-02 -6.566152315526092853e-02 -1.008344741667377698e-01 -2.246290480478696505e-01 -3.691432353419217827e-01 -4.869460077044162616e-01 -3.848668495925364752e-01 -4.949199061332658078e-01 3.833483855685957398e-01 2.846935783940577475e-02 3.791230995007807691e-01 7.301759088307756551e-01 -2.888186965433840042e-02 -5.088621014597510817e-01 6.113433363446457713e-01 5.783901136894853412e-01 1.930220702962024137e-01 4.398954440887275497e-01 1.708201591272562048e-01 4.409848050872681308e-02 -1.001384042088076659e-01 -3.713341056383964722e-02 -3.792733122259601686e-01 -4.595901747399341875e-01 -4.107611803128526362e-01 -3.769597278072292501e-01 4.500226525879656436e-01 -2.759419777672867946e-01 -2.117285663624408343e-01 -5.149276645062692004e-02 -2.436931529884592551e-01 -2.385864956711245544e-01 -4.516219884359568004e-01 2.770798555019460818e-01 7.582457961484390108e-02 1.102547580746094658e-01 -3.336542189217905352e-01 -3.582809338549887701e-01 -4.012789392151661950e-03 4.896299932890599838e-01 -1.409920666540901424e-01 -1.987938334640625398e-03 -2.859727573810851853e-01 -3.996069435925060920e-01 -5.025540956895387934e-01 -4.917927730751116555e-01 -2.735304121849441716e-01 -4.902753132631099686e-01 -7.754800241138283534e-02 1.342334599151028263e-01 1.812339598964137488e-01 3.515712243856281560e-01 2.759467220254173125e-01 1.461712827530873282e-01 -5.672635634695231271e-02 -2.479222133505216141e-01 -5.009906323457193889e-01 -5.253801468243382011e-01 2.503874736307081239e-01 9.574259203782463368e-02
-3.823521966264017968e-01 4.190133069955545575e-01 -3.670850959945389791e-01 1.000000000000000000e+00 6.469035969613049497e-01 -4.647156303207998218e-01 -3.467333812982880681e-01 -4.241458955934212516e-01 -5.343183365279817743e-01 -1.679796100459056973e-01 -1.108072514135613950e-03 6.716891369399971556e-03 1.775999593934407261e-01 3.778829169851327663e-01 4.798242573014369627e-01 7.909365855325233008e-02 3.162924279352141710e-02 -4.069305090874111297e-01 1.444164142545752150e-01 -9.036936741521867100e-02 1.904941540591743865e-01 1.217698219737693294e-01 5.968895173531977294e-01 -5.816198614007403456e-02 -2.138159197933624800e-01 -3.918847743378146842e-02 4.264098997263893742e-01 3.856247547261499320e-01 1.651893784077436145e-01 5.975385438435020236e-01 -2.427539181320055306e-01 1.667999754080204955e-01 3.391002106001316796e-01 -1.565661849379152704e-01 9.476451469280448847e-02 -4.399263435697965408e-01 -2.324746245650505597e-02 -1.465143001322764260e-01 -1.140896211526700420e-02 -2.877267532250765147e-01 -2.993828397222347837e-01 -2.731684050236254935e-01 -5.632103093045100900e-02 8.192074255576178854e-02 1.472266261424525213e-01 4.992616720499508665e-01 3.624725359865635932e-01 5.129579846223989437e-01 -6.165661563976233550e-01 -3.972608970718433108e-01 2.101501147364994576e-02 -3.805507776165347744e-01 6.864672974996487431e-01 7.898663478377950797e-01 -4.109692173434459916e-01 -6.906521867630052158e-01 1.719444572799925797e-01 -5.017658708147856306e-01 -4.759524246191541574e-01 -3.811963107145758811e-01 -1.603074214305295897e-01 7.781707336656505658e-02 3.729297361673873379e-01 5.285996212998967936e-01 3.392509185590021348e-01 5.614838354688220790e-01 -4.845515726919944477e-01 4.331959217870024609e-02 -2.162437363360005249e-01 -3.543888167928195276e-01 5.725431172300213256e-02 -3.088503772993725707e-02 6.695200895001379715e-01 -5.732294490195359860e-01 -5.003928375494292452e-02 -3.682329470133353100e-01 1.614894293766270805e-01 6.026304622888813967e-01 -2.285505374547126822e-01 4.857626604503333112e-02 -3.419285524987054903e-02 -3.869015624040875179e-01 -6.616871886430909788e-02 1.326184786371667201e-01 5.639703172351018257e-01 5.070589028337858517e-01 3.333510584366949914e-02 4.151331029887319612e-01 -3.879664470206667937e-01 -5.768869423777137628e-01 2.981137657838031640e-01 -5.201427491515924206e-01 -2.660162543722579542e-01 -3.767184460919633660e-01 -2.218677085368744306e-01 1.817477129505883429e-02 4.970264727202192145e-01 6.163719601522124059e-01 -6.054556486126498882e-01 -4.820461513805546772e-01
-9.801555003352153961e-02 4.175159784047506317e-01 -6.950376949928372371e-03 6.469035969613049497e-01 1.000000000000000000e+00 -1.046295573396441997e-01 -1.808039919411266183e-01 -1.287909991647352148e-01 -2.534738267958646096e-01 -1.540660305965000920e-01 -1.401380969256127429e-01 -8.694235894062483927e-02 1.323023334882321433e-01 1.744323965682636757e-01 2.135370039882683590e-01 2.980081148049306128e-01 -8.185481675743914998e-02 -4.021138202865933708e-01 -3.043999194633519294e-03 -2.304543541525319317e-01 -7.760835750118271099e-03 1.651230944761451075e-02 3.447481765172690227e-01 -1.798339448282560704e-01 -1.345513837640016364e-01 -4.433394149052210381e-02 1.363829605219408214e-01 9.134612511153321346e-02 -2.604211116046344435e-02 3.691709465709612226e-01 -2.697133910782057997e-01 2.583566911223493245e-01 3.005305164955963670e-01 -2.647234039703450503e-01 -2.100350453478542004e-02 -3.631170868751271708e-01 -1.461236623434084003e-01 -6.793080369108206451e-02 6.775713715030580800e-03 -2.383765366296413113e-01 -3.541143368491106447e-01 -3.388046122996126730e-01 -1.107129895485528398e-01 -1.697584836522872953e-01 -6.880947109364081438e-02 1.730307423721179627e-01 1.889563693951276657e-01 1.786917264232520952e-01 -4.241024532758444487e-01 -4.016392377890353749e-01 1.870528688367259773e-01 3.704453368822918646e-02 5.890204695426964898e-01 5.100375466879119024e-01 -3.551690023885926972e-02 -3.401676790966816633e-01 1.814445149766038823e-01 -3.022047566249788098e-01 -3.387730968339201509e-01 -3.465323430711584329e-01 -1.831881815158005189e-01 1.139157508747005859e-01 1.784266126680846276e-01 2.725251288382076753e-01 1.020847393618851962e-01 3.036709384927819277e-01 -2.749843519278505899e-01 -1.162459424163314048e-01 -2.779567821089677926e-01 -3.493714236027998243e-01 -9.798570995423766528e-02 -1.227744902914167102e-01 3.602843400072006097e-01 -4.594331694185790349e-01 -1.648270426731607841e-01 -3.175299369188804288e-01 -2.036935242526044867e-02 3.460058967927121532e-01 -2.170549139502957470e-01 2.452432075787887578e-01 -1.927724705275102035e-01 -3.481304914031138620e-01 -2.189419802967776940e-01 -6.413747377900068380e-02 2.373282383174644405e-01 2.104827936617334472e-01 -7.002803920043766672e-02 1.403979659098392729e-01 -4.167291057101888962e-01 -5.436877315554980994e-01 3.758194633455138600e-01 -3.328000433176578898e-01 -1.673546838786335589e-01 -2.939136641582096310e-01 -2.814187996155784743e-01 -2.165120457542661914e-01 1.699489687161998830e-01 2.715154699328554688e-01 -3.879345858308501094e-01 -4.396704863472604696e-01
6.316319810172369431e-01 1.417180712492055461e-01 6.640855749639344996e-01 -4.647156303207998218e-01 -1.046295573396441997e-01 1.000000000000000000e+00 3.645359138478740380e-01 7.314993909782165904e-01 5.504112911667340402e-01 -4.364124822320358810e-02 -3.386340393452365038e-01 -2.472176194305110153e-01 -9.465496659517261269e-02 -2.535012669756699921e-01 -2.237286926415966715e-01 1.971403256346389299e-01 -8.192610728131982656e-02 9.027102646351066462e-02 -1.120280386363398800e-01 3.325448003437982830e-02 -7.510126824317926719e-02 -1.282508375490117036e-01 -3.921637492032044592e-01 -8.172376126422091491e-02 5.624403442791112151e-02 8.315671964397844743e-03 -3.754389487507620582e-01 -2.715189124373821317e-01 -1.835389479698458157e-02 -3.639099869949632970e-01 5.875780498765860449e-02 -4.727611727277736958e-02 -1.911427726561061580e-01 -1.440269712232623567e-01 -1.995028254146529179e-01 2.618520000150890703e-01 -5.090770453457550693e-02 1.841216340390234296e-01 -4.942360219974243490e-02 2.852870320380552216e-01 -3.200004833270251453e-02 7.741746939995734766e-02 -8.019469647394314449e-02 -1.296631532701444378e-01 -3.467599077970660582e-01 -4.854328951428117378e-01 -3.921718172624651388e-01 -4.702343843289746306e-01 6.054548776156670753e-01 2.755084790924072213e-01 4.349724786234811513e-01 6.052781213483663381e-01 -2.682415072819598900e-01 -4.893377221499653484e-01 6.371373788367793445e-01 7.396088086476996226e-01 6.976772637787541538e-03 4.371703070667339874e-01 2.191897096368327080e-01 2.217675607944652183e-01 -1.088052554909933745e-01 -4.960195917285392664e-02 -2.279640554280594200e-01 -3.335602036467270048e-01 -1.881500436041836366e-01 -2.915734418392336713e-01 4.852150143606161481e-01 -2.140404467620252160e-02 4.845603695655541915e-02 3.092658372504993036e-02 -3.329184611379011616e-02 4.290060581064050749e-02 -4.484563674588148419e-01 3.201634187855907365e-01 -1.893781785166790896e-02 3.350137490472213653e-01 -4.344723152018215018e-02 -3.307352690930508987e-01 -4.707615388429788744e-02 2.533384581913361577e-01 -8.742346307106090009e-02 3.473134945297851744e-02 -9.921157546074442501e-02 -1.320788159570135678e-01 -4.082524287824497167e-01 -4.212715655654357683e-01 -6.911041943475182414e-02 -3.946547370836121504e-01 1.303397763476241145e-01 1.841311009679908184e-01 3.088316661598047505e-02 3.702573550668912805e-01 2.291958421648044031e-01 2.574930003387517208e-01 9.335978734598837647e-02 -1.379474631186169142e-01 -4.531357287522628785e-01 -4.749987649553490954e-01 5.773880876592690781e-01 3.079288316013087390e-01
3.241817044800677783e-01 -1.862615133152024233e-02 4.264682668262963494e-01 -3.467333812982880681e-01 -1.808039919411266183e-01 3.645359138478740380e-01 1.000000000000000000e+00 5.551334711115353260e-01 6.856583662903698029e-01 2.981916364776470152e-01 5.409142372069385141e-02 -8.263495675720003431e-03 -2.892374396507105816e-01 -3.878399642620407595e-01 -3.495092184113839928e-01 3.637454276035220757e-01 -3.063328292300157019e-01 -7.875629703423196737e-02 -3.739475631063818861e-01 -2.421621498297283626e-01 -3.073162647901527267e-01 -4.008263293677253314e-01 -3.584062465840779921e-01 -2.727720217116743132e-02 3.533294253904952220e-01 -1.457716759471090473e-01 -4.040476326407925756e-01 -4.638061348537431683e-01 -1.786683121882506053e-01 -2.736217009431501368e-01 3.358066728867913769e-02 3.609686659572910461e-01 -2.939911064625613107e-02 -3.503785043362582785e-01 -3.960165337033732524e-01 1.764613380076737736e-01 -3.419870659434668392e-01 3.898833899325895858e-01 3.123973005697677219e-01 5.486091759544118318e-01 -4.747348887876776807e-02 -1.545334188211155702e-01 -2.601857988954556777e-01 -2.645411538720549016e-01 -3.786785751611991824e-01 -4.538141005546896811e-01 -4.766482635138484802e-01 -4.781404321124052004e-01 5.219907291268075511e-01 2.919061520604775140e-03 1.609220960367666875e-01 3.866611572577056677e-01 -1.203633985416122099e-01 -4.783110527189419758e-01 4.759887796681384620e-01 5.696300682494752632e-01 7.440231807600272695e-02 4.784123384657333333e-01 3.878091667674800624e-01 9.250899995393510600e-02 -5.633970536775646798e-02 -1.331615577476060186e-01 -3.494682918188888876e-01 -3.944845416163953455e-01 -3.758119152075440339e-01 -2.954698499878651852e-01 5.506711287299890234e-01 -4.125689683852967748e-01 -3.567678610275680229e-01 -2.370601300842529735e-01 -2.437197300148137569e-01 -2.944627593176659119e-01 -4.356528741231510682e-01 4.212324264883588465e-01 1.980040858685021971e-02 1.715177118013556656e-01 -4.042984263283087021e-01 -3.372487342769381335e-01 4.845121854806609674e-02 4.225458659749499191e-01 -2.978390367259544091e-01 -1.710147545325963192e-01 -3.545260300732726022e-01 -3.952787894644775313e-01 -4.085532577891115014e-01 -4.556603155630527535e-01 -3.226589977833170253e-01 -4.941025795337815607e-01 -4.259267784918054772e-02 1.243063120451599057e-01 3.569237709903801820e-02 6.263851838321496945e-01 4.363427903105823735e-01 1.280528120675843151e-02 -1.075278113519596429e-01 -3.451712861302208002e-01 -4.513668117270100422e-01 -4.883934194390870398e-01 4.035565252751550092e-01 1.432744613240325704e-01
5.277875828427883720e-01 1.778791273085761349e-01 6.883210974869710119e-01 -4.241458955934212516e-01 -1.287909991647352148e-01 7.314993909782165904e-01 5.551334711115353260e-01 1.000000000000000000e+00 6.599994240990784133e-01 4.135831473617697374e-02 -2.821577599617609566e-01 -1.692258506129367956e-01 -1.631821525238678072e-01 -3.008272557283728221e-01 -2.563782717969294023e-01 3.993261355695837955e-01 -1.609454922821060840e-01 3.226280101384430138e-02 -2.492746252902904025e-01 -1.024593989988987763e-01 -1.003088041665641389e-01 -1.907014561674041930e-01 -3.813214604540163255e-01 -8.363355343857946378e-02 1.190545562372122140e-01 -6.517710431134686455e-02 -3.944487105843249575e-01 -3.669057943523282850e-01 -6.887103410168467221e-02 -3.104935713680118670e-01 6.882972895134610580e-02 1.517928186807811497e-01 -1.027710192665284017e-01 -2.811225033520259875e-01 -2.881199072211768630e-01 1.846315987127633007e-01 -2.382283298780260294e-01 2.927526215338895343e-01 1.099935008794573066e-01 4.277168992596172559e-01 -8.131986809506706881e-02 -3.826557927871410136e-02 -1.207679661351787614e-01 -1.796636767425191239e-01 -3.299168386183214952e-01 -5.036155764545464653e-01 -4.035709552613351847e-01 -4.978978124385883275e-01 5.065140351545235342e-01 1.252514853024201402e-01 4.108233072379411932e-01 6.041976592626994158e-01 -1.507039775172406559e-01 -5.349970967823788337e-01 6.639892846541916027e-01 6.612351859871794524e-01 1.245721864492757014e-01 5.346247058385590334e-01 1.889043820690453068e-01 1.208211204769656655e-01 -1.492222598542559120e-01 -1.190637365133421534e-02 -2.751366665602188455e-01 -3.725043759940600552e-01 -2.615193674299165494e-01 -2.696934596584517063e-01 5.089876631824545861e-01 -1.724994573865535619e-01 -1.678792733465623022e-01 -1.127658735027138870e-01 -7.936855412205968963e-02 -8.439670092328938056e-02 -4.492798204206918666e-01 3.502438002605743339e-01 6.594513695143854048e-02 2.220133709932909094e-01 -2.115902731290650596e-01 -3.191679495920747289e-01 4.031522414746045724e-03 3.800039318316480452e-01 -1.794726346446833543e-01 -8.892705339017287214e-02 -2.080409918578259576e-01 -2.581621154703325205e-01 -4.241377838394698174e-01 -4.620297231180863773e-01 -2.436424124976125649e-01 -4.876452616725245326e-01 -2.127573992424753452e-02 1.197281903512076306e-01 3.605586184965367536e-02 4.098865975176295140e-01 3.493634985127775927e-01 1.421442666807863353e-01 -3.495195970958454162e-02 -2.543942701561677233e-01 -4.903195739550655352e-01 -5.523196243761449020e-01 4.256371501408288682e-01 2.114182178510676524e-01
2.884362440458944077e-01 -1.276546093490402989e-01 4.534850899227524934e-01 -5.343183365279817743e-01 -2.534738267958646096e-01 5.504112911667340402e-01 6.856583662903698029e-01 6.599994240990784133e-01 1.000000000000000000e+00 2.290764707982486104e-01 -6.719072567889439185e-02 -7.614362831452643754e-02 -2.442499844823002308e-01 -3.959136969502604630e-01 -4.524484646442790692e-01 2.221949091096175055e-01 -3.138350905636328458e-01 1.028418273906131497e-01 -3.465290665411119853e-01 -1.935149601905841177e-01 -3.300565740447392593e-01 -3.623961537318424742e-01 -4.944294520217732414e-01 -1.362303682643907776e-01 3.222726171715062926e-01 -2.108656690281251467e-01 -4.512968381231143855e-01 -4.878860992326525814e-01 -2.512930407847113745e-01 -4.282529472346058852e-01 1.362147225054879118e-01 1.325631361901973282e-01 -1.173918555991101120e-01 -1.929346642264230249e-01 -3.039462741540377988e-01 3.972726731154573310e-01 -2.182253104256713927e-01 3.302528189728244912e-01 1.918553969802521963e-01 5.082030051703900764e-01 6.730076000198585706e-02 -4.772140110624512044e-02 -2.191241589747082719e-01 -2.501331577826819141e-01 -3.511216675150511946e-01 -5.041221767070938053e-01 -4.454048175458422132e-01 -5.465345872361644375e-01 6.412689265883332324e-01 1.825535867124021550e-01 1.269701795461818938e-01 4.067407633733258199e-01 -3.057246697174413330e-01 -5.518823023028699426e-01 6.508892884171388893e-01 7.161043881521251819e-01 1.574580407684846306e-01 6.841383312675566319e-01 4.295524843103301627e-01 1.112338982164206430e-01 -5.238197673544285615e-02 -1.356664158440457901e-01 -3.627188188230370258e-01 -4.457644198615621223e-01 -3.739446776251990068e-01 -4.500584104057162027e-01 6.486212181017688705e-01 -3.116457178233420500e-01 -1.725628413288396446e-01 1.434184912278473750e-02 -2.417326794438704740e-01 -2.220127816028235057e-01 -5.411216363246083016e-01 5.345713756942951367e-01 -6.031407119739898987e-02 2.152256162411975704e-01 -3.352250211069937591e-01 -4.834092431499796838e-01 1.154942904904733697e-01 2.726695889622100522e-01 -2.297984385566574361e-01 4.483731774191557912e-02 -2.426963272022472917e-01 -3.160532712085767915e-01 -4.789712744715201587e-01 -4.937583809791583622e-01 -2.126299233115469534e-01 -4.928675981418628727e-01 1.233418085643327583e-01 2.715874965964922838e-01 2.917031230274344869e-02 6.351753306122647214e-01 4.744900052948204938e-01 9.647829865121161641e-02 -5.327324975575342680e-02 -3.254342432882637026e-01 -5.045768016102036846e-01 -5.591733162615269981e-01 5.589154578813998464e-01 2.682007602612350161e-01
1.680573788564341045e-02 -2.943243879279119346e-01 1.077192313303972221e-01 -1.679796100459056973e-01 -1.540660305965000920e-01 -4.364124822320358810e-02 2.981916364776470152e-01 4.135831473617697374e-02 2.290764707982486104e-01 1.000000000000000000e+00 4.999160204404953234e-01 3.551870243319348863e-01 -2.388464828019892516e-01 -3.721012880686337398e-01 -3.887232529582632656e-01 7.420902686627980915e-02 -1.820442484094866586e-01 4.999088859470543489e-02 -3.929482523393463822e-01 -1.774546387964656136e-01 -3.116805283576183361e-01 -3.219557644203066560e-01 -2.060039759223261380e-01 1.433371759203851681e-01 6.411336906142094394e-01 -1.847587662691927146e-01 -1.343090424311052800e-01 -3.236363275830837494e-01 -1.236818505399484847e-01 -2.315300563985464577e-01 2.387410360365339879e-01 2.657870563560029709e-01 2.724331438149853526e-02 -9.800567713193807443e-03 -3.334438392905614279e-01 1.778684365744209739e-01 -9.856668038658009112e-02 2.526299578657273948e-01 1.400769334568608554e-02 9.049189659550081755e-02 1.561094786302868465e-01 -1.224300501717232870e-01 -2.845353036783186962e-01 -1.509199608985948848e-01 -1.399174140778228215e-01 -1.057257647223399516e-01 -3.020801709108372202e-01 -1.432775358928314868e-01 1.435092520858590459e-01 8.909437721870019922e-02 -2.625607353508158659e-01 -6.893133849228295917e-02 -1.539447063132274862e-01 -3.075698648175998473e-01 1.145623384216918061e-01 1.161071727247025426e-01 1.509890947589453691e-01 3.926860816215663186e-01 6.566241306718642035e-01 9.762010288432687588e-02 1.793590619114836804e-01 -1.696684795967083881e-01 -2.712070680238998777e-01 -3.579880564618514449e-01 -3.627108575406506330e-01 -3.400658708237624395e-01 2.579971270291911978e-01 -3.758645812158285526e-01 -2.071435866520829616e-01 -3.463640563608645900e-03 -2.931653589058799136e-01 -3.626004980120152155e-01 -2.076367375512521429e-01 3.410452628634226824e-01 5.602486318924981140e-02 7.556902667718284894e-02 -2.471224126115726949e-01 -2.097360155446019447e-01 3.107072759898910075e-01 1.507692667311521240e-01 -7.972648984728984700e-02 5.059006896532877023e-02 -1.813811525391383073e-01 -3.649820159741358205e-01 -1.606643123683506036e-01 -2.529192466017952112e-01 -5.740720221551287583e-02 -1.353215006147640564e-01 1.172835846799457904e-01 2.107115287645993928e-01 -7.503263732864197399e-02 4.445586800876084599e-01 2.822401937941874106e-01 1.443767031050085525e-01 -1.271381629211992270e-01 -1.517278129512022733e-01 -1.323720961758831360e-01 -1.394455170766611685e-01 9.853175107843685498e-02 1.197970220903592647e-01
-2.630587864812253263e-01 -3.018002167538915703e-01 -1.562180053739203045e-01 -1.108072514135613950e-03 -1.401380969256127429e-01 -3.386340393452365038e-01 5.409142372069385141e-02 -2.821577599617609566e-01 -6.719072567889439185e-02 4.999160204404953234e-01 1.000000000000000000e+00 6.586152895687007458e-01 -1.043994644303244540e-01 -1.603904720438795450e-01 -1.887827956459352252e-01 -9.828171451742916120e-02 -4.972644933256490513e-02 1.434694407175538845e-02 -8.894756261477790305e-02 -1.562916191958816925e-01 -2.178709505864452056e-01 -6.883929448960268704e-02 -6.586991049244043939e-02 3.123910567647746328e-01 3.350354181530704190e-01 -1.185464752109668257e-01 2.425067631289275216e-02 -1.753813744812219300e-01 -9.226730635572936989e-02 -7.277683906907224387e-02 8.331218542456662879e-02 1.831695923750149002e-01 6.884254357866510972e-03 1.330958892732872212e-01 -1.525573429202873033e-01 -2.952516055096270076e-02 -2.603806244212913956e-02 1.326426888057743447e-01 3.739411932577940689e-02 -2.243438949051319853e-02 1.740854346486599979e-01 -4.627338510086528509e-03 -1.257607181455500378e-01 -5.033503033728143478e-03 2.033140991389315033e-02 1.234166845611454760e-01 -2.992386985814299294e-02 6.277018556814564776e-02 -9.031453405641967636e-02 -3.689023802708437522e-02 -3.603947784201604332e-01 -2.467268485742985518e-01 -1.427326536185870125e-02 -7.150745743822187195e-02 -1.521928223716513262e-01 -1.817294688289554372e-01 9.280117387733767542e-02 6.966320133368808509e-02 3.231828758699071269e-01 7.307260525321646050e-02 4.296304296854813187e-01 -6.038014073556213779e-02 -7.480686877977431315e-02 -9.154298607798448673e-02 -1.637832652706536496e-01 -1.454026769675566266e-01 -3.949399664432124563e-02 -2.179152781443849940e-01 -1.861724264193265754e-01 -8.659570352915136465e-03 -2.079523334693485492e-01 -2.429155512914200898e-01 3.073817162726107111e-02 8.557144448458295360e-02 2.230966118573443069e-01 -2.234585743613930198e-02 -1.550949741473760246e-01 -8.105777240661388161e-02 1.619898500341448444e-01 3.936969049324535140e-03 6.232033716441115478e-02 4.455987268261193956e-02 -4.794026523740278767e-02 -1.634308128720711184e-01 4.923058932186023112e-02 8.553027391414896527e-03 -3.396817280164949465e-02 5.668745133345393789e-02 2.147950150944206646e-02 1.403977946844461588e-01 -1.453786968539539093e-01 7.455183774782546402e-02 9.842125135215577802e-02 9.216730740099593477e-02 -1.112788467024330430e-01 -1.409202913561065883e-02 6.461311711241470024e-02 9.361170304011591503e-02 -1.894072624928595239e-01 -5.789554076632455470e-02
-2.466496495425909430e-01 -1.953897537829517306e-01 -1.140024107658339503e-01 6.716891369399971556e-03 -8.694235894062483927e-02 -2.472176194305110153e-01 -8.263495675720003431e-03 -1.692258506129367956e-01 -7.614362831452643754e-02 3.551870243319348863e-01 6.586152895687007458e-01 1.000000000000000000e+00 6.620090038688839808e-03 -9.133703331439281536e-02 -6.472013123960422554e-02 -1.019126774771090260e-01 1.645392695316821030e-01 8.229491259010167370e-02 7.648714774365106273e-02 3.899679742307216729e-02 4.969254264728212994e-02 2.353667701630705184e-02 -2.242699405184510851e-03 5.103067951612372255e-01 3.771309297160070906e-01 5.928425457003070470e-02 9.895821755069784953e-02 -9.096447659276311881e-02 1.070693404257644643e-01 6.327425372204532883e-02 1.687286477680336461e-01 1.100993465166228841e-01 -4.542649318643945944e-02 7.119542227992922689e-02 -1.465929999169595099e-01 9.973218463545674775e-03 2.813286232439945675e-02 1.466009099174377106e-01 3.577260209374119593e-02 1.022476367208147580e-01 1.522023703633437197e-01 3.252244838089964063e-02 -6.241747759306194576e-02 -3.042004110071953177e-02 1.067132211290115762e-02 8.657704703872690088e-02 -4.953603826861836118e-02 8.376928135219488536e-02 -9.933515263633858894e-02 3.604921211866733005e-02 -2.351616219950490028e-01 -1.958987252286137626e-01 1.139092944913387348e-02 -9.274040760649431003e-02 -7.470410712839468947e-02 -1.933940529468962111e-01 9.063948046487940724e-02 1.252359098064853571e-01 2.354599063098965217e-01 1.971776005418963695e-01 5.375162920208977901e-01 1.007511499844787085e-02 -3.366764283343041259e-02 -8.243411354778600042e-02 -4.474605590565293445e-02 -4.670390609323446518e-02 -4.385298967680871518e-02 -7.530558386285697570e-02 -1.649027807516405264e-01 -2.995070767295233971e-02 -1.023285131186064956e-02 -1.607359517476837918e-01 3.915221929830595832e-02 3.815344448476207934e-02 3.653585698329920306e-01 1.318666336966853592e-01 1.504431678783307424e-03 3.075840310382980947e-02 1.600551855568169146e-01 -7.564283911858650511e-02 1.150752842768491546e-01 -8.863276598344164980e-02 3.817748759558277968e-03 -1.629179777966976717e-01 1.190709620762145093e-01 -2.228847116829063557e-02 1.730620490285556326e-02 1.852745905079109315e-02 8.309158051881183893e-02 7.962314360930324020e-02 -1.922035459482298869e-01 6.056570846336595260e-02 1.375080408218205263e-01 1.566418595745740217e-01 -1.473859819275098737e-01 -3.795915506370855369e-02 6.468551099236440061e-02 6.826332007680900593e-02 -2.083193331239369117e-01 1.286542016173782520e-02
-3.242720606152795643e-02 9.318940287077172313e-02 -2.090168639592175637e-01 1.775999593934407261e-01 1.323023334882321433e-01 -9.465496659517261269e-02 -2.892374396507105816e-01 -1.631821525238678072e-01 -2.442499844823002308e-01 -2.388464828019892516e-01 -1.043994644303244540e-01 6.620090038688839808e-03 1.000000000000000000e+00 4.192259237018578499e-01 3.505522924372569959e-01 -1.529481422569043125e-01 5.299764180390876822e-01 3.066729334038176616e-02 3.825626933244705707e-01 2.579130977074132747e-01 2.436779858556540612e-01 4.559189757985840918e-01 1.918540619748325404e-01 5.328693355443594321e-02 -3.472162092719667803e-01 3.482170861700662479e-01 9.161235354193564273e-02 3.491572504211021832e-01 2.958530574068948260e-01 2.135820220862155172e-01 -2.048022114071667288e-01 -3.089215974473433213e-01 -1.263149652343490970e-01 1.326819892356035369e-01 3.076693752525359038e-01 -2.053295808566134029e-01 2.821483037017150641e-01 -1.749290430373101335e-01 -2.467728158081950590e-02 -1.134652305224308211e-01 2.631260793464332282e-02 1.031966778618517364e-02 3.026533672946319364e-01 2.438457703421358092e-01 1.039573574351306401e-01 1.351238381891807505e-01 1.423755954194052542e-01 1.271300551901606846e-01 -1.325354875890593365e-01 1.223810971738826248e-01 7.666100358949430593e-02 -8.165118668616629105e-02 2.226212163107962536e-02 2.647607755386505168e-01 -2.181628955891203037e-01 -1.681510538116247622e-01 -2.174257945392436275e-01 -2.624919790127664410e-01 -2.920058106922433505e-01 9.322747005941456333e-02 1.446039339477490082e-01 6.496466082954460708e-01 3.489610030606998814e-01 3.266784935441602311e-01 2.911958704567761957e-01 2.462506948165706921e-01 -3.888962085329878415e-01 3.885289140704422106e-01 1.174867493684347286e-01 -1.145301146711404788e-01 1.799268907867226375e-01 2.912445198477715547e-01 1.555067658349955917e-01 -3.539333126197630186e-01 -6.858192364052846657e-02 1.176982430669187285e-01 3.760940175944193498e-01 1.786877728846678892e-01 -2.339604045135267596e-01 -2.496362538275128107e-01 -1.070725196134276747e-01 -1.219099937138540951e-01 1.630801411115048449e-01 2.067642189460087432e-01 1.110401952437039264e-01 1.262738347158970098e-01 1.766691204537588211e-01 1.312349146306837910e-01 -1.582170409302067690e-02 -2.140300696219812893e-01 -1.134156794994189144e-01 -3.239157229781857716e-01 -3.130682151128250656e-01 -6.991360831787593599e-02 8.440818647000275510e-02 1.937144474580976827e-01 1.478233816962097324e-01 1.610014272416678272e-01 -1.841139933433251219e-01 2.494886750998428701e-02
-1.820079259686398221e-01 6.876225694272873612e-02 -4.343334845747076067e-01 3.778829169851327663e-01 1.744323965682636757e-01 -2.535012669756699921e-01 -3.878399642620407595e-01 -3.008272557283728221e-01 -3.959136969502604630e-01 -3.721012880686337398e-01 -1.603904720438795450e-01 -9.133703331439281536e-02 4.192259237018578499e-01 1.000000000000000000e+00 8.190944453937274439e-01 -3.479710125501318529e-01 3.777647352841451700e-01 6.879871347033965356e-02 4.382294276066401872e-01 4.151525892113378524e-01 6.346164273125972644e-01 5.702330427147164205e-01 6.789230690428207371e-01 -2.672518959798112631e-02 -4.807489897511845744e-01 2.945587132535121833e-01 5.013829973335711676e-01 7.257669447421919440e-01 3.971166613847275650e-01 5.943411183687575816e-01 -2.658403048469153429e-01 -4.058926685279516389e-01 -1.029582761558230503e-01 1.091809168501709087e-01 6.042131560075045815e-01 -1.978546063845258995e-01 2.748129491404583957e-01 -3.334165420340660102e-01 -8.409449806578611630e-02 -2.170154127806433186e-01 -1.947968572001293128e-02 2.714770802277456999e-02 3.129181236580406700e-01 3.577720582735480770e-01 2.322155911273270368e-01 5.506146662952409176e-01 4.810071152424849061e-01 5.365041397850630611e-01 -2.842111060242004106e-01 5.763252724539135591e-02 -5.524693701422436765e-02 -4.007440944860833909e-01 3.989406346135868781e-02 4.391565924780729269e-01 -3.941524832572154691e-01 -4.289362782294880994e-01 -2.805799026234668814e-01 -5.388562896259483370e-01 -4.023578642063225241e-01 2.716605852796682638e-02 1.577632517931099303e-03 6.633869842060680089e-02 7.049142944077794182e-01 7.227603801898913050e-01 7.510983007469563821e-01 7.175100995516439095e-01 -4.971128237431867714e-01 5.157717720833787656e-01 2.438450344434109074e-01 -1.183327590962537229e-01 6.017994392272812965e-01 5.393727745050498346e-01 5.881835984741430323e-01 -4.069412493974154388e-01 -6.297729441624831670e-02 -3.735305824187181573e-02 4.735528286257730812e-01 6.317772036468853880e-01 -2.832834164635060770e-01 -4.073407396394954638e-01 1.111875892723454030e-02 -1.247750981628818617e-01 3.475979494362539945e-01 5.653469186430749582e-01 5.524991436743846851e-01 5.574499335276292822e-01 2.795267219792295643e-01 5.213989061052194396e-01 -4.364490577379141756e-02 -2.866601046694216004e-01 -9.295991889980954881e-02 -4.562837217583934346e-01 -3.571957170297892503e-01 -1.424000636581763402e-01 2.689336941417807408e-02 2.882887228381496025e-01 5.778912959315388731e-01 5.324812073296281145e-01 -2.640026352085261263e-01 3.824358953815124029e-02
-1.696731902670945979e-01 2.089889102308152835e-01 -3.901972350688474034e-01 4.798242573014369627e-01 2.135370039882683590e-01 -2.237286926415966715e-01 -3.495092184113839928e-01 -2.563782717969294023e-01 -4.524484646442790692e-01 -3.887232529582632656e-01 -1.887827956459352252e-01 -6.472013123960422554e-02 3.505522924372569959e-01 8.190944453937274439e-01 1.000000000000000000e+00 -3.158576587016493908e-01 3.236908805055230820e-01 -9.387340293965516780e-02 4.072323631648562259e-01 4.228232209191741253e-01 7.538882730352410855e-01 4.657720426351678600e-01 7.005066555014166640e-01 5.223401537808780928e-03 -4.285521218974636670e-01 2.658605559715033206e-01 5.355816511659945434e-01 7.286347037688112316e-01 5.126326088632516820e-01 6.894197787632605490e-01 -2.368063010273185887e-01 -3.153329837294499560e-01 -7.635934730792715008e-02 -5.823641062700236209e-02 4.279952746701230493e-01 -3.057285616604017986e-01 1.977334027406849881e-01 -2.827780955953376196e-01 -7.482787242513515291e-02 -1.852986267044587076e-01 -2.166315171598834910e-01 -4.172881753657869258e-02 1.805702256453372290e-01 3.332431874616563205e-01 1.572741030869135581e-01 5.134578851351707662e-01 4.066073561686551763e-01 5.502244239282025884e-01 -3.187410897791231323e-01 -3.939313951913635953e-02 5.441404373508574449e-02 -3.688060469330674551e-01 1.640135855816005905e-01 4.805103597833224049e-01 -4.159018391506251744e-01 -4.800335648751264950e-01 -3.051260028752905140e-01 -5.898223701800330288e-01 -4.418840827199528309e-01 1.058937509639372443e-02 -4.025504444520941472e-02 4.169795287075413193e-02 7.192600296847061481e-01 7.667696654964308856e-01 7.947270761120912574e-01 8.652202100314891897e-01 -5.234573627528429363e-01 4.830421103453996223e-01 1.725286973060247697e-01 -2.452901988409934841e-01 6.438988446049118686e-01 4.706218795685304102e-01 6.543157682405261744e-01 -4.451977401968753023e-01 6.892385129982832315e-02 1.381127407422254316e-02 5.052590410167974166e-01 7.326232131345551402e-01 -2.456567471777102718e-01 -3.273012064694124090e-01 8.868750604250838498e-02 -2.867433731648474926e-01 2.531402837424229224e-01 5.102291262620111123e-01 6.201197086866309105e-01 6.102593847657221682e-01 1.966627191305661548e-01 5.193242535972394380e-01 -1.553506338757344174e-01 -3.914352337559047768e-01 -7.214665132721445606e-02 -4.793085586579644564e-01 -3.598793562742840235e-01 -1.633067480426612372e-01 -4.092501553501533273e-02 2.575627711520884211e-01 5.422707606034435912e-01 5.715585482108498372e-01 -3.260218212996265907e-01 -6.585863973885568157e-02
