1.000000000000000000e+00 3.265858523786561718e-01 3.314778590085099563e-01 -8.347852632595792466e-02 -1.211365392956025022e-01 1.263931021087464912e-01 -2.516076247818742340e-02 1.322200625645407468e-02 -7.689638426325191845e-02 2.718875397796479132e-01 -2.148139649625447622e-01 -1.776368040795424652e-01 -1.654863893591956847e-01 -1.941584496928387138e-01 -9.647836154353366112e-02 3.497987870248684406e-01 -1.218794699483187749e-01 -7.892447106534709877e-02 -2.859692090528294095e-01 3.411663362476630742e-04 5.460578102094778424e-02 -1.265092972783865011e-01 -2.259307655986445007e-01 -1.722224454388823767e-01 2.809340528425994798e-01 -2.019090203608507328e-01 -1.640036785343908926e-03 -2.584249718003657770e-01 -2.052432988049270879e-01 -2.709596169434654866e-01 1.301910490755337109e-02 -7.169821289451806801e-02 4.418164708396410401e-02 -1.714796596951176644e-01 -1.334857477783512325e-01 -1.516349190200259600e-01 -2.364724265310801932e-01 3.169200353371440793e-01 4.923436674451088513e-02 -7.068160268170096960e-02 -2.990155128605169743e-01 1.042692310925313476e-01 -6.708347568037788256e-02 -3.877523270841818498e-02 -9.310205555793299448e-02 -2.146265283950044289e-01 -3.234877550335734098e-01 -2.862553238667805977e-01 -5.883836681531622037e-02 -2.419305551100328910e-01 4.899965745246444571e-01 4.647310387046141855e-01 3.541958332184746983e-02 -3.446968258364756926e-02 9.324328631874297113e-02 2.084147894781269439e-01 1.120686463004601230e-01 9.931716717292493612e-02 1.446097352337768760e-01 -1.914319804420974991e-01 -2.471201263062218212e-01 -2.349262264514428433e-01 -3.288315636608360459e-01 -1.098945212645712072e-01 -2.377936362386366131e-01 2.379856455286676331e-01 -3.112894765992860885e-02 -2.683110134252820744e-01 -2.354218575501968447e-01 1.556474055634175790e-01 2.750901745257680053e-01 -1.734672674067389009e-01 -8.488296413630465331e-02 -7.103201971666309178e-02 -1.781063470916676716e-01 -7.780805740342081056e-02 -2.235333039443354597e-01 1.367446586713808422e-03 7.256157079415348488e-02 -9.068439763211352811e-02 -2.379949606107417959e-01 7.676561479628621343e-02 5.876001886380115627e-03 -9.204111430503142746e-03 -6.285439045357324450e-02 -2.726383438871216591e-01 -2.302446242481442917e-01 -9.222646882533687418e-02 -2.297301912414467795e-02 -1.656356347421759079e-01 7.288452288746545549e-02 3.225058892321061577e-01 -6.803143865611667451e-02 6.483980997197220930e-02 -6.011103273419685089e-02 1.192226058870655969e-02 -3.512869271801493110e-01 -2.350263860966223251e-01 -5.818882521621018128e-02 -2.116284115550547129e-01
3.265858523786561718e-01 1.000000000000000000e+00 6.113747398968899516e-01 8.996525285803212701e-02 2.496664062077402768e-01 4.101600561343693996e-01 1.315040206337771828e-02 1.683647942514469031e-01 1.251957136306760532e-01 3.082773121906824398e-01 -5.776572340541668432e-02 3.224093253122103236e-02 5.572349236965434827e-02 -1.216771039958429168e-01 7.221079670254387795e-02 1.804309580750474151e-01 -7.057932429015697368e-03 7.733679204563816134e-02 -2.193997771809398645e-01 9.567213706130305029e-02 1.698879525961230486e-01 1.570485443383736746e-01 -1.850679052846085082e-01 5.077517916142947757e-02 1.897912054485202671e-01 -9.967397898973277826e-02 1.249270950521110396e-01 -2.751825220057698695e-01 -2.996115316326618538e-01 -8.696567053337866948e-02 9.736426470535596012e-03 -3.989129941305996629e-01 -2.336168164725627439e-01 -2.473728015862008689e-01 1.089163636049007289e-01 -1.758152627049454006e-02 -3.363928743090379148e-01 -1.242878278857550145e-01 4.510218566960202957e-02 2.197406821438139049e-02 -2.540420280690511845e-01 1.541051606548503594e-01 3.477450150428303133e-02 -1.399050553349452386e-01 -2.513936864162513371e-02 -1.155005424940121761e-01 -1.966153811306387278e-01 -2.111477518608023685e-01 1.882992923223690551e-02 -2.987280523662398379e-01 1.809700698226641979e-01 6.494888844284826268e-01 -1.574871674759881768e-01 6.953940054730770037e-02 4.608490823828454430e-01 4.048926826063836693e-01 2.805529114379842759e-01 1.921756417023433583e-01 4.112170132963055003e-01 -4.856836573435081156e-02 1.643805637203102632e-01 -6.777795279882330159e-02 -1.716395491008724794e-01 4.665085074824135147e-02 -2.243556059801463110e-01 2.589190756501145718e-01 1.907873072565798578e-01 -7.456637463553043854e-02 -2.275473773386555987e-01 1.770457620772805385e-01 3.118128025313098295e-01 1.291694828844642817e-01 4.612914326719799035e-02 3.373762500545217091e-01 1.301656155097979106e-01 1.895396131719983557e-01 -2.475835148830295707e-01 -2.772253151398143545e-02 -6.224830707321008655e-02 -3.431507479825216533e-01 -5.344652707653163581e-02 3.393354843770550466e-02 2.009615211330155748e-01 1.951901804480998259e-01 1.433741127541579286e-01 -1.779112221033621044e-01 -2.799873979032329041e-01 -2.946039437221691371e-01 -6.891900735525866017e-02 9.720662358057011176e-02 -1.209284061164160595e-01 3.713269813260797747e-01 1.947080130206846893e-01 2.696297558182185194e-01 2.924386597179927660e-01 -6.912617618218949711e-02 -2.482591600084088079e-01 -2.167123172975511380e-01 1.369451018078835514e-01 -2.687197206731599120e-01
3.314778590085099563e-01 6.113747398968899516e-01 1.000000000000000000e+00 -2.315630982051787579e-01 -1.351790838785338399e-04 7.046303475531854321e-01 2.125576834545477023e-01 3.504664613324177669e-01 2.709560963113540888e-01 4.771377213329556777e-01 1.747540923105177224e-01 2.842353709802125095e-01 1.583213616921540501e-01 -1.698787989968312817e-01 -5.561015015917271376e-02 -1.071611106626396970e-01 1.194146501813886097e-01 1.149561132711710981e-01 -1.791473344070765028e-01 1.182684588360766870e-01 1.524828816750423421e-01 3.047304823024490905e-01 -1.837973056622176637e-01 1.453184361993320184e-01 3.216540815149528387e-01 1.545433437038109814e-01 3.037102225675669120e-01 -2.538215164952016822e-01 -2.717855084870670068e-01 -2.266416838416623059e-01 -1.011180889947946651e-02 -4.959184748234763407e-01 -2.737370619653313741e-01 -1.588615277755097421e-01 2.310091096736926752e-01 1.349025865666710587e-02 -2.212383013139121168e-01 -1.914791681737580686e-01 -3.894041410878970599e-02 1.334055828205186756e-01 -1.484471807891784290e-01 1.937727744154520149e-01 1.366737664083901016e-01 -1.580650956702254750e-01 -3.395591203729104307e-02 -1.998452721747233721e-02 -1.486056613476951505e-01 -1.048130640148021847e-01 3.491906021689183404e-01 -8.806542124369753921e-02 2.017108239418058113e-01 7.246241719488151212e-01 -3.596431431501144749e-01 -2.002398712027432803e-01 6.594910041762707120e-01 7.464245129310447258e-01 4.364739585643896413e-01 2.845981831474603818e-01 5.411859886685710386e-01 2.162363648307652209e-01 3.663814175312659627e-01 2.093927295623489171e-02 -2.029527127187615021e-01 -6.898913420852062495e-02 -1.871171575593408298e-01 1.049579299517776898e-01 3.297602305679713242e-01 -2.605366463000058710e-02 -1.198504177105591262e-01 2.394751865348100361e-01 3.169480553528037370e-01 2.851439617668408144e-01 -1.190267228148494949e-01 3.652780945690328740e-01 2.453417017000051603e-01 4.425748400744926592e-01 -2.727009937167335640e-01 -2.229961554529881484e-01 2.636540905334805972e-03 -4.625594564801550068e-01 -7.158056442054291924e-02 1.260995638502843408e-01 1.984217677118666479e-01 2.999903133210272133e-01 3.164316333616803978e-01 -1.256165879201955327e-01 -2.433690075494875094e-01 -3.699914221055299324e-01 8.180781683349042099e-02 2.055238940746533516e-01 -2.524316095763312062e-01 4.777728709301498622e-01 7.774220688793091749e-02 2.973533086692657923e-01 4.631806468415821110e-01 -1.250113776308416913e-01 -2.308540585283441193e-01 -1.523106186527327655e-01 4.513406876252195610e-01 -2.552665792544032627e-02
-8.347852632595792466e-02 8.996525285803212701e-02 -2.315630982051787579e-01 1.000000000000000000e+00 4.621403246331903247e-01 -2.337971787810199376e-01 -6.252652520218913990e-02 -6.010487869687762552e-02 -1.052581045043724378e-01 -2.146990361652825197e-01 -1.198096320197862413e-01 -1.665484703909248243e-01 1.106206870626385008e-01 2.273627174065397660e-01 5.249151940701891200e-02 2.332314047468288243e-01 1.451866106535421586e-01 -3.226461433904149328e-02 2.414887115477044044e-01 -1.402172843472344055e-01 -1.884629502280638635e-01 -9.189782971999191363e-02 1.186725501510637326e-01 8.398084780928285684e-03 -1.633970969738775814e-01 -1.035013870555755444e-01 -1.858094895310726802e-01 -6.692977997791597911e-02 1.565542619782706035e-01 -1.971331779721725158e-02 -2.002007340264072566e-02 3.563618705280672816e-01 1.317488146928245951e-01 1.064582991961320335e-01 -1.349728159758729062e-01 -7.235935628651518625e-02 1.285144073362998185e-01 1.927735415554653053e-01 3.625660750510103364e-02 -1.648497867004517226e-01 3.866690008179591437e-02 -9.641805307676526438e-02 4.771380939332180160e-02 7.897050013995636497e-02 -2.446645062698507567e-02 -1.248574660608663400e-01 1.182634539834510889e-01 4.278642664799986450e-02 -1.330430826045842230e-01 -1.274050098051896993e-02 -5.997200994684552533e-02 -2.510034796730768458e-01 1.841138128727420054e-01 3.931090787918276042e-01 -1.516005189963424149e-01 -2.203282170653669825e-01 -1.101531779354916751e-01 -1.405041635953127310e-01 -2.493560160604438303e-01 -5.153302702364955662e-02 -1.256858372001583846e-01 1.392662429381120448e-01 2.243734071517993756e-01 2.269870027240343535e-01 2.582642653184217818e-01 2.713066248933426478e-03 -2.390711133174919512e-01 2.993140047771101209e-01 6.574183824337827275e-02 -1.826102506982328066e-01 -2.705682069945504198e-01 -6.309618034299004086e-02 4.003767053958091904e-02 -1.989805535533809289e-01 -2.227468375083174398e-02 -1.817573196167366900e-01 1.814505653431002508e-01 -8.123067031509233205e-02 -3.368341883846042578e-02 3.662619625213482943e-01 1.062287268025819548e-02 -2.659648143782720187e-01 -2.562653508229049693e-01 -1.886239159603049220e-01 -1.862454296506082796e-01 -8.496875391473883779e-03 1.080267356937703177e-01 -7.667813517508312304e-02 -1.140574573402039077e-01 -1.166005712703691716e-01 8.707471389217789903e-02 -2.934482923236073626e-01 -3.740046921736835811e-02 -2.169922582436174807e-01 -2.685938707165503869e-01 8.544156848790791792e-02 6.160726561675355928e-02 -2.530629792740785033e-02 -1.613967879080419332e-01 -3.893214026440725006e-02
-1.211365392956025022e-01 2.496664062077402768e-01 -1.351790838785338399e-04 4.621403246331903247e-01 1.000000000000000000e+00 1.235210729620966202e-01 2.681064642429999978e-01 8.649737052164002682e-02 1.168693993532122499e-01 3.313919339002487779e-02 -6.967552651487579629e-02 6.202394282204840015e-02 1.572447399257799749e-01 9.714734922439720310e-02 -2.794103573521631093e-02 1.245906112065977012e-01 1.619301911331448851e-01 8.974195518850344722e-02 5.662581051317445296e-02 7.378441197129269845e-03 1.708902032782456948e-02 1.106048259005408679e-01 1.559166393866611156e-01 9.777054660128048358e-02 -1.727128442784078843e-01 -4.204272437726210530e-03 2.116310011645690728e-02 -3.158444796016516426e-02 -3.380185823563688213e-02 -4.059788202021683695e-02 -1.021607339141970411e-01 -5.329152865868106576e-02 -1.036928512765135646e-01 1.080383660477573227e-01 6.935461192063067937e-02 5.421405636302796711e-03 -7.503371944820530492e-02 -1.599035486482303092e-01 9.294843001433811258e-02 9.885587129117277827e-02 6.594604300994987012e-02 -1.581472012267176319e-01 1.092542948950562393e-01 -1.652025760469878757e-02 5.233390210248144159e-02 -2.608049969029643117e-02 7.447638975105663750e-02 8.238921343634171557e-02 2.113869394651680250e-02 -1.295577702912147078e-01 -1.356033177925408673e-01 -8.835435639508752714e-02 1.280863239329099387e-02 3.712664221081465876e-01 3.235884686760799878e-01 -2.082731125842125428e-02 9.254760059645604497e-02 1.551017275523212946e-01 4.689183178465261559e-02 -1.234370184610439174e-02 3.326739891016871481e-02 6.726910635836562402e-02 3.780036529514378685e-02 6.349068838371693668e-02 -4.727967175004903211e-02 -4.810920238547923382e-03 5.480245082475003471e-02 1.467075440327200164e-01 -1.501034726551352116e-03 5.446713074463187254e-02 9.729029801495989518e-03 5.056465754068458635e-02 3.306632789316083648e-02 5.242795337861771293e-02 6.303083068392856259e-02 -7.518295806186361951e-02 -4.368160196215008922e-02 -1.006606265374383885e-01 -1.352089486855439504e-01 -4.880306579177753207e-02 5.031443406869292451e-02 -3.995064062233531083e-02 -4.158709345073296343e-02 -1.868239776131614890e-02 -3.103791044781667452e-02 -8.861723561476782252e-02 -9.561288780544215105e-02 -1.481086608512662550e-01 -5.480161753430702609e-02 2.231062830186426784e-03 -3.521395821980113916e-02 -1.323320528424647147e-01 2.241321450225413348e-01 -1.148706843882867507e-01 1.324486257271564708e-02 2.780261264897435167e-03 -5.576972164454230274e-02 5.181107926826486985e-03 1.149249632123267202e-02 -1.768519098629150466e-01
1.263931021087464912e-01 4.101600561343693996e-01 7.046303475531854321e-01 -2.337971787810199376e-01 1.235210729620966202e-01 1.000000000000000000e+00 3.803814138011636925e-01 5.325540080843413904e-01 5.542169812350532521e-01 5.110716221565901884e-01 2.318181730086254777e-01 4.002187584732839198e-01 2.415635193284938198e-01 -2.036134087993606012e-01 -1.303328665495648020e-01 -2.131581031728742026e-01 1.941875106121132011e-01 2.281832131767681793e-01 -1.895713657615945291e-01 2.001211396690496802e-01 2.378671593712021193e-01 4.280073702981733730e-01 -7.008693465714734006e-02 2.253869067983260976e-01 1.937677339179121883e-01 1.409332191758694008e-01 3.893432994760535615e-01 -2.054873728081688666e-01 -2.070815396531555663e-01 -2.752666677451660604e-01 1.301686631616962367e-02 -5.515591167174386245e-01 -3.567902832174830730e-01 -1.001107865595869499e-02 3.087870898244712836e-01 1.277536547489798446e-01 -2.179470645882766733e-01 -3.340905035990839322e-01 -1.039410578045294048e-01 2.270557203132956281e-01 2.855098466458550529e-03 1.196096159298000589e-01 8.697006224974265787e-02 -2.108479529541834041e-01 3.446079361019840914e-02 -3.333373657978301596e-02 -3.158736346481956503e-02 3.332892156890095853e-02 5.669804424535034304e-01 2.708645119503362564e-02 3.998404277105747917e-02 4.993687454415399740e-01 -4.598736138975247356e-01 -2.976085107515414330e-01 8.145154144220644321e-01 8.337163910139958611e-01 5.759239604610512098e-01 4.922274916456467198e-01 6.124684725078780589e-01 2.244913328807834063e-01 3.852337068108336315e-01 4.058705370477745655e-02 -2.039169036724260142e-01 -1.588540416900151020e-01 -1.873124797448171563e-01 2.208342727711129841e-02 5.705123142260341007e-01 -1.889336077136753722e-02 -7.703375327715820779e-03 3.561637114731343035e-01 3.541097801570104453e-01 3.525912525179786816e-01 -1.408143415279173027e-01 4.842015195149082518e-01 3.002102458131382656e-01 3.991135759710028874e-01 -2.211050936670906908e-01 -2.455687299388839562e-01 6.288796706184029972e-02 -5.490347542486140320e-01 -3.134067750010250536e-02 2.954172634349502280e-01 2.742865559167007028e-01 3.980746007687845367e-01 3.667500407102345372e-01 -7.335536631663258644e-02 -1.829246303172877008e-01 -3.802017627860408422e-01 2.077121859665202463e-01 3.474226395324277461e-01 -3.483817067761064146e-01 3.658740524334319622e-01 5.871166149357166797e-02 2.977345989144966620e-01 4.733909709682747602e-01 -1.328430153462164531e-01 -2.967052675011859764e-01 -1.670313016784119933e-02 6.887531200603265180e-01 9.082428617649193625e-02
-2.516076247818742340e-02 1.315040206337771828e-02 2.125576834545477023e-01 -6.252652520218913990e-02 2.681064642429999978e-01 3.803814138011636925e-01 1.000000000000000000e+00 4.756870342533586760e-01 3.448939802611147853e-01 4.260861499781809503e-01 2.625244570748236361e-01 4.806023883561270083e-01 3.441588723391762472e-01 -1.304104496380897003e-02 -1.481233474621709012e-01 -1.339632070293845026e-02 2.881087200900903644e-01 2.846823214523726553e-01 1.143815078249481587e-01 1.385078324204781774e-01 1.518028951559523276e-01 3.709830760655553061e-01 1.016294400330990944e-01 4.170131733545842101e-01 1.673455587720627524e-01 2.244292019650233061e-01 3.149741325931575409e-01 2.170798318260987181e-02 5.170033468627479450e-02 -2.803249334346780142e-01 -1.700263106309000682e-01 -1.466037051301849470e-01 -9.896987877175569825e-02 3.055153031172460065e-01 3.202378285440034000e-01 5.836537963935498757e-02 -1.467858498344299517e-02 -1.755911022286286982e-01 1.083067401294655202e-01 4.148614653713904032e-01 2.882245490837082591e-01 1.390393454635885373e-01 3.724808842370381234e-01 -4.569821701578642703e-02 1.752973611363191908e-01 5.335478503391481719e-02 1.255330907103453797e-01 1.891631772544244416e-01 3.163641808158577651e-01 4.062572355445077943e-02 -1.233251649449094711e-01 3.408478312187307457e-02 -2.236322949389408510e-01 -6.495512778444074986e-02 4.178045463494277634e-01 2.964971931175877096e-01 2.912957348714313444e-01 3.607509359120886216e-01 1.799558225308676984e-01 2.184392824802303401e-01 2.137470259881213142e-01 1.585761349742655368e-01 -6.082123946059805886e-02 -1.301317226403376770e-01 2.153149036313351319e-02 -3.317485370776290104e-02 2.739128379112071299e-01 1.276744492120450714e-01 1.717307373998880060e-01 2.439625204228355881e-01 1.886647125033220351e-01 2.541857028829394571e-01 -1.118029087482942524e-01 2.716458280290218186e-01 6.432712673261858916e-02 1.974229609348479575e-01 -1.943916617558288581e-02 -1.942749258763039610e-01 -1.990283427369732849e-01 -2.960807980164374964e-01 2.172757999520299847e-03 8.707596878552328890e-02 1.648406789968774599e-02 1.968959265328044661e-01 2.607147967867065597e-01 -7.301340830214773925e-02 -5.380271279125729833e-02 -9.884598323368182227e-02 1.222967730308698320e-01 1.331986100269332562e-01 -3.106173347774309756e-01 -1.120477791024800385e-01 1.061557806669867071e-01 9.491730876881855627e-02 1.827746552331589169e-01 -6.822133042012669402e-02 -8.462336259460029320e-02 7.385783731914874473e-02 3.123472350791669516e-01 3.147748024688000468e-02
1.322200625645407468e-02 1.683647942514469031e-01 3.504664613324177669e-01 -6.010487869687762552e-02 8.649737052164002682e-02 5.325540080843413904e-01 4.756870342533586760e-01 1.000000000000000000e+00 6.731870985660699525e-01 2.674571047111377053e-01 4.113708619405615496e-01 4.691538952431645870e-01 4.597959987090208811e-01 -3.254041357948727481e-02 1.328958554674573300e-01 -2.059027135596445679e-01 3.911740757709361582e-01 5.493586571890720638e-01 8.051492070779216192e-03 4.149693434263762581e-01 3.756970847799450675e-01 5.715297840395671125e-01 9.907099621701663528e-02 4.529773353524343404e-01 -3.538278333533729451e-03 3.184865650613896704e-01 4.534549721055013971e-01 3.303087126978069350e-04 7.102651648427196762e-02 -3.147509183447467773e-01 -1.466989473294353641e-01 -3.812568353001720700e-01 -3.027093761316209664e-01 3.130693555044523624e-01 4.372966513611422634e-01 3.014995879581670035e-01 -1.188762632368908605e-02 -3.222677348153097365e-01 -1.578780547674442924e-01 1.848712223086642903e-01 2.565369618667426854e-01 9.934710353292018278e-03 1.810586327030019871e-01 -2.914496893620656115e-01 -3.668868849479059620e-03 -1.227169301562706927e-02 9.591809110320201337e-02 1.874801013730427179e-01 4.702453989341235929e-01 1.957117968663464047e-01 -1.635952503916957360e-02 2.579260453047421686e-01 -4.454465011837335786e-01 -2.509335153793164630e-01 4.839407444497526578e-01 5.753849984115476657e-01 6.786362328621644568e-01 6.409744472331501131e-01 3.224763819421599398e-01 4.101973555356892009e-01 3.859134622096662692e-01 2.650915009914774911e-01 -8.231431852447708419e-02 -8.051065948003861827e-02 7.861201225873717946e-02 1.296699375687989653e-01 3.895831745596038398e-01 1.846054033570448949e-01 3.392880751428672959e-01 5.239341369412695570e-01 3.788679522855974424e-01 4.862245286154103785e-01 -3.398143904336558413e-02 3.201343128253094084e-01 2.382322364534014414e-01 3.295785170450162838e-01 2.050092427744749923e-02 -2.027368827923519967e-01 -1.225813461341327404e-01 -3.539206206514961539e-01 4.200763294711296059e-02 3.910121110504208852e-01 1.277817161711924110e-01 3.039279304514823088e-01 3.764500614110841137e-01 -2.729470813942869514e-02 -3.205080812085672054e-02 -2.658388557328902335e-01 4.006839368017114933e-01 3.451846496758527172e-01 -4.578280108339287113e-01 7.828886461489002746e-02 -1.385352542626502870e-01 3.284886653882720248e-02 2.384726133914862600e-01 -2.660195053098080020e-01 -2.911463584932931781e-01 1.293140295383838623e-01 5.201683028379699980e-01 2.421023620624006556e-01
-7.689638426325191845e-02 1.251957136306760532e-01 2.709560963113540888e-01 -1.052581045043724378e-01 1.168693993532122499e-01 5.542169812350532521e-01 3.448939802611147853e-01 6.731870985660699525e-01 1.000000000000000000e+00 2.380453585752735912e-01 2.930166666400318420e-01 3.335542334192970748e-01 3.683300734169832613e-01 -4.078847100886984212e-02 1.120423579789822932e-01 -2.552000673046213031e-01 3.667319816800568288e-01 6.045500578262719138e-01 -3.572705667082173159e-02 5.037393490158295073e-01 4.635952345121377438e-01 5.041335105454958221e-01 1.873971312361318864e-01 4.367922027453264300e-01 -1.209121334682940474e-01 1.522088645607010127e-01 5.111091164437109313e-01 3.342225712142941896e-02 4.580839068816101867e-02 -2.891523696085295803e-01 -1.409510283213961379e-01 -4.476907949080803362e-01 -3.734983095440195799e-01 3.110718223186693665e-01 5.321892818542519610e-01 5.869912439772209112e-01 -3.586210715527879400e-02 -4.175613496409919523e-01 -2.462398895202299320e-01 9.314357631641231872e-02 3.849714754547154394e-01 -5.663073669400208593e-02 6.170044591663114558e-02 -2.677652595678868264e-01 -2.117362270783518241e-02 9.685310057647728010e-02 1.781280382954343322e-01 2.914650760948548358e-01 4.647946858282254179e-01 2.190955889351819674e-01 -9.252457201168405587e-02 1.975973606758746337e-01 -4.778444872768415896e-01 -2.874358134172313450e-01 5.066492861367137834e-01 5.331920868722073159e-01 5.749796186923387120e-01 7.545179198624404338e-01 3.591632047775510928e-01 3.158066078186914649e-01 2.893880295764790223e-01 1.987872940300551006e-01 -1.328334300302831950e-01 -1.035405313256945875e-01 -5.036853138397522078e-02 5.285930787545636139e-02 6.413493615995375929e-01 1.246507892464407546e-01 3.004284630879112128e-01 6.120716547850161282e-01 4.361429968670272883e-01 4.545182563804966991e-01 -1.324095525803011507e-02 3.568168052444442573e-01 3.085231106172762194e-01 2.332490916066714548e-01 -7.447341737042727228e-02 -2.125950744152659000e-01 -1.351934696036456544e-02 -4.379162291982864330e-01 4.874082113970874125e-02 5.748978508268247634e-01 1.508259448231119015e-01 4.798303459772912949e-01 4.281063257944905942e-01 9.580321350671842928e-02 1.004494516365948484e-02 -2.264958724494994802e-01 6.255733328710715302e-01 4.894441840865175752e-01 -4.133923168605895815e-01 6.120118521781475751e-02 -1.753059185568804079e-01 2.879375310450539918e-02 2.527569083875233491e-01 -2.028007140473319370e-01 -2.532034683575056788e-01 2.130371378275215111e-01 5.558007246055352013e-01 2.373506808838833915e-01
2.718875397796479132e-01 3.082773121906824398e-01 4.771377213329556777e-01 -2.146990361652825197e-01 3.313919339002487779e-02 5.110716221565901884e-01 4.260861499781809503e-01 2.674571047111377053e-01 2.380453585752735912e-01 1.000000000000000000e+00 1.743913268021941576e-01 3.268762187056570290e-01 1.542001467561177064e-01 -2.035618260751041186e-01 -2.517847886777882516e-01 2.743211441462454006e-03 1.610655980074217689e-02 1.458714545256492578e-01 -2.144969173368893034e-01 7.717672482932659561e-02 1.641347793931178245e-01 3.431609503359949187e-01 -2.052157287544103259e-01 1.197025751787297865e-01 6.552185533622273406e-01 7.972104415655720255e-02 4.124375378662862857e-01 -2.075656279154225806e-02 -2.727060052817391611e-01 -3.512136937972602513e-01 -6.440552076697914075e-02 -3.977822011231265664e-01 -1.634401663357982482e-01 2.079818131867723630e-02 3.280912715031523708e-01 -3.631858315952860017e-02 -2.933868062265749810e-01 -7.853814297380516674e-02 5.822625749448488708e-02 3.136248629519178266e-01 -1.383113513978780906e-01 5.239661183120569721e-01 2.607115760892192990e-01 1.346139645776184626e-02 2.610776572888043878e-01 4.230226203428893994e-02 -1.576646994407733260e-01 3.314607427998286088e-02 9.118823446357893214e-02 -2.756900828169450146e-01 -3.680797195482930079e-02 3.124478740354872941e-01 -3.072572133496851987e-01 -2.685077973280627361e-01 4.348246054750778411e-01 4.497381571735269423e-01 3.906277915012896229e-01 3.386020626762883401e-01 6.210629544429628890e-01 2.183248529985553146e-02 1.956795257166226709e-01 -2.079263792142400924e-02 -1.913013702337799660e-01 -1.369804731936168918e-01 -1.351814668952363019e-01 1.302831771277005724e-01 2.897967176345255802e-01 -1.249887649901475078e-01 -5.360487206454954412e-02 3.249924824696538428e-01 3.819089410395219431e-01 2.545155776225996869e-01 -6.110219535500719529e-02 4.161752600796998491e-01 3.627558545960110625e-02 4.877839646807985430e-01 -2.162522435213561078e-01 -3.403336550706416441e-02 1.401871887947500747e-03 -5.520799360668539046e-01 -9.521238711449053760e-02 2.468039071378008154e-01 4.308803557819532171e-01 4.038570292342981150e-01 4.131309966745487228e-01 -4.495439526244232598e-02 -2.504983063591310621e-01 -4.889682677755047280e-02 6.062400574048359969e-02 1.434232542801747445e-01 -3.168559662226904661e-01 2.878271473835533611e-01 1.516249815627846720e-01 4.905060432983896490e-01 4.019151419932889269e-01 7.591300460747509027e-02 -1.290522360235229760e-01 -8.122661018711667402e-03 1.958630529707905410e-01 -2.177907517279386584e-01
-2.148139649625447622e-01 -5.776572340541668432e-02 1.747540923105177224e-01 -1.198096320197862413e-01 -6.967552651487579629e-02 2.318181730086254777e-01 2.625244570748236361e-01 4.113708619405615496e-01 2.930166666400318420e-01 1.743913268021941576e-01 1.000000000000000000e+00 5.790384861417864348e-01 3.979695696107787284e-01 -7.341520736738890718e-02 2.481342953607139357e-02 -3.752745817679805085e-01 1.695279793829791715e-01 1.786226303458985365e-01 2.499298390001607889e-03 1.526467326577782557e-01 1.420521753603710136e-01 3.704531348568048110e-01 -4.313463977208508576e-02 3.543303106048950046e-01 1.771546850662382433e-02 7.575487108874959796e-01 2.949756030602044277e-01 1.652496905495978163e-01 5.456715684987152593e-02 -9.404368982919229791e-02 -2.817916023587371810e-01 -2.796273673615479183e-01 -3.282761988639317230e-01 8.544005811793768668e-02 3.106304833797747800e-01 8.524088686210597177e-02 1.755679995058374299e-01 -3.844929477492344261e-01 -1.947324110026360799e-01 1.536465755890129847e-01 1.705154086526464718e-01 1.227327218159195987e-01 3.025160492016057967e-01 -1.679622517215361155e-01 2.685112036124404425e-02 1.793550094143505080e-01 1.660212145179440490e-02 1.031420053162572376e-01 4.455829369371641091e-01 1.075686831227449930e-01 -1.005234804265644766e-01 -5.977179242660180664e-02 -5.220520002851718466e-01 -4.394823426170094693e-01 1.372742580594840667e-01 3.299147066661792804e-01 2.105431925216336986e-01 1.495068237595896521e-01 1.104881226938616706e-01 7.615221287851455800e-01 5.470308181271249515e-01 2.902099185633572054e-01 9.314364524367628462e-02 -6.735876403233846677e-02 8.660204921636248387e-02 -1.072327485503058730e-01 9.347136805762885914e-02 6.831712349096295822e-02 2.016934741311164903e-01 1.703147924317960082e-01 1.099033738252348097e-01 4.139924010142919664e-01 -4.099413306406772539e-02 1.394636822609251203e-01 7.310968482613981745e-02 5.403394370962829596e-01 -1.461206175538478161e-02 -1.081085600340839781e-01 -2.908961186260907161e-01 -2.617499678948485564e-01 8.032743462517658029e-02 1.812191145020170535e-01 -2.924176484713175705e-02 1.970309370549566952e-01 2.977595856642653582e-01 4.053627441061321115e-04 1.196565864040012757e-02 -5.325226820136307049e-02 1.421946097782588458e-01 2.068116348188346887e-01 -4.704673418398411799e-01 -1.459880122460732177e-01 -1.861208877944897089e-01 -5.535695659143206881e-02 1.940910127415390318e-01 -2.587193603617448101e-01 6.553383969873451120e-02 6.047112128986358026e-02 3.728953697473092466e-01 2.061318422214343804e-01
-1.776368040795424652e-01 3.224093253122103236e-02 2.842353709802125095e-01 -1.665484703909248243e-01 6.202394282204840015e-02 4.002187584732839198e-01 4.806023883561270083e-01 4.691538952431645870e-01 3.335542334192970748e-01 3.268762187056570290e-01 5.790384861417864348e-01 1.000000000000000000e+00 4.118186032830283838e-01 -5.591010355699489731e-02 -3.310160401228094684e-02 -2.948458272572606065e-01 2.181686834426022348e-01 2.186353052470268732e-01 1.581868927912238182e-02 1.704775115381254036e-01 1.643105123051079863e-01 4.505290765312147672e-01 -3.561411472554827651e-02 5.304328822073859362e-01 7.836274732362495665e-02 6.183330016973085375e-01 2.922878527152595884e-01 -2.793479493929391586e-02 -2.525717131399037377e-02 -1.804602806236927925e-01 -1.754090773220175481e-01 -2.795232572734892007e-01 -2.974299125441865477e-01 8.593613111326192655e-02 4.031713469268829453e-01 9.169430479613505103e-02 4.066797374255601977e-02 -2.860265720749121665e-01 -7.685122747166921175e-02 3.706224396480666816e-01 1.676878841626980587e-01 2.516258506889449895e-02 4.207562979356641031e-01 -1.895049944155282051e-01 1.165712207452174742e-01 4.267903537135649822e-02 7.976726036562335753e-02 1.048406895605382416e-01 4.420154218824470238e-01 5.958661185701347868e-02 -6.698430410904299137e-02 4.133652748891527423e-02 -4.210958472527958074e-01 -2.836723787866283764e-01 3.691163846337005006e-01 3.286472115053450938e-01 2.659412061765305535e-01 2.241590495650768733e-01 2.410217503158078867e-01 4.711265516526286778e-01 5.073695057513313289e-01 2.374634875621758345e-01 5.126349423709811864e-02 -9.636079744034314887e-02 1.074492313471772827e-02 -7.799351443675513196e-02 1.895766845155204272e-01 7.915332273069074220e-02 1.142481154969173796e-01 1.873846255472244038e-01 1.374104903381384579e-01 3.654754343372410563e-01 -8.309827200872033082e-02 3.035468915645037069e-01 1.896246467541412573e-01 3.994468884327942448e-01 -3.583003078309977829e-03 -1.666500688157309673e-01 -1.433738734179982321e-01 -2.682033587680582309e-01 7.043933588612108498e-02 1.137061608095237819e-01 1.046674953407503161e-01 2.428352859056123747e-01 2.485076448601845067e-01 -4.450474931491595759e-02 -5.336164423982761584e-02 -1.806846105289704463e-01 8.564406989189569941e-02 1.568803563005728707e-01 -3.819235688566266496e-01 -1.282401946327010704e-02 -2.537877537207084214e-02 5.938511341167284491e-02 3.202972006133825711e-01 -2.077034061627082151e-01 -8.369548837071041913e-02 4.121359688519116854e-02 3.897425320765849910e-01 1.108707295150279798e-01
-1.654863893591956847e-01 5.572349236965434827e-02 1.583213616921540501e-01 1.106206870626385008e-01 1.572447399257799749e-01 2.415635193284938198e-01 3.441588723391762472e-01 4.597959987090208811e-01 3.683300734169832613e-01 1.542001467561177064e-01 3.979695696107787284e-01 4.118186032830283838e-01 1.000000000000000000e+00 1.573751704120482653e-01 9.484474446931098757e-02 -2.982496642003850118e-01 6.568470469977748527e-01 2.689737554232126682e-01 4.319148051879331818e-01 9.844047737080913185e-02 1.091322669361135533e-01 6.159707559490975592e-01 2.889260223614220080e-01 5.995823282152125122e-01 -3.880513018004880244e-02 3.791880046545441640e-01 4.448786535961925526e-01 1.663508804732788948e-01 4.514714702486689046e-01 -1.715710370879424407e-01 -1.296966498109155541e-01 -8.620807742388451878e-02 -1.530885967217988086e-01 4.828896910753193161e-01 4.851692879029567695e-01 1.086461735613608315e-01 2.611797165343671678e-01 -1.689814707973757990e-01 5.533131572088512140e-02 1.791554367938334724e-01 3.737107575247604618e-01 6.242606723421086773e-02 3.677034900778997084e-01 -9.183132352848066837e-02 1.686372749658441028e-01 2.237908004898478131e-01 5.513405664875443701e-01 4.803782565885435507e-01 2.543739378993148392e-01 3.197647874202724783e-01 -1.352237157269347012e-01 5.442788954725395756e-02 -3.589355100358182504e-01 -1.199257784003493060e-01 2.894054038148158314e-01 2.693887869904420529e-01 3.371322694271286502e-01 3.546132988912729100e-01 1.145641073511235036e-01 3.937463744796413923e-01 4.037850743664883058e-01 6.991981109696088215e-01 3.543110906813201622e-01 -1.287625591531313743e-02 3.466352099587500790e-01 -2.847408845693093216e-02 1.860276932450806997e-01 5.521386205085674348e-01 4.567998387257092840e-01 1.525648344446615401e-01 1.418660943887281242e-02 5.202751023722101964e-01 -1.106357108124381566e-01 2.135894836990577528e-01 3.551340200895182209e-01 3.135995900711341933e-01 3.984563324072887269e-01 -1.573265700304765646e-01 -1.449354653052230268e-01 -1.532599376868727103e-01 3.353692393072442157e-01 8.747455935556407158e-02 2.327622279936245042e-02 1.979385082119498040e-01 3.371279465236710071e-01 1.763118709017233998e-01 3.095739096062520290e-01 -1.763561431321154782e-01 2.031997272800437626e-01 3.534251020905714857e-01 -3.425221886438329366e-01 -1.397227305360375926e-01 -2.816127967848255226e-02 -4.561476053837032474e-02 2.065947417658916263e-01 -1.116012153825893943e-01 1.638638372007527114e-02 2.884387391330016093e-01 3.109543809905130352e-01 3.440712112678281365e-01
-1.941584496928387138e-01 -1.216771039958429168e-01 -1.698787989968312817e-01 2.273627174065397660e-01 9.714734922439720310e-02 -2.036134087993606012e-01 -1.304104496380897003e-02 -3.254041357948727481e-02 -4.078847100886984212e-02 -2.035618260751041186e-01 -7.341520736738890718e-02 -5.591010355699489731e-02 1.573751704120482653e-01 1.000000000000000000e+00 4.720532089714070678e-01 -1.083408088066635383e-01 3.045748013374562357e-01 -6.110543049791730165e-03 5.676344014739952426e-01 -2.111431473137734549e-01 -3.189819398516472448e-01 -1.964421855646396597e-01 4.569721046468261383e-01 1.362838348898789964e-01 -6.290531471413958464e-02 -1.098787005611613909e-01 -2.481820913400121786e-01 -4.801486554361168724e-03 2.289517747206685494e-01 1.528833950047282508e-01 3.025433021331243311e-02 3.154588568035938678e-01 2.230148452373186818e-01 1.703356424236752986e-02 -1.121302724633235631e-01 1.816269820367852894e-01 2.873695970348790207e-01 1.515319935496657888e-01 -2.015595942844120719e-02 -2.231210017467542828e-01 5.817754830514892256e-02 -5.673137712159804363e-02 -5.285909544034838453e-02 -5.823094599622994499e-02 -1.307513329394964230e-01 -2.374587784040045266e-02 2.026106127094849108e-01 1.960563346462526890e-01 -1.102933705700506195e-01 8.343835605411286174e-03 -1.807320644770816012e-02 -1.232006653414333686e-01 1.644042764089290176e-01 1.874609252769209589e-01 -1.016285360670718396e-01 -1.977960051438423517e-01 -1.713358279636685300e-01 -3.724282501510393223e-02 -2.661461220061138722e-01 -4.421029823353270910e-02 -1.058658481336737928e-01 3.351927820651531276e-01 5.372717344562401021e-01 6.916827294520455638e-01 4.613955891935719311e-01 3.363188368308548393e-01 -2.108863104306149816e-01 4.420402138096781730e-01 6.528748618629439358e-03 -1.918563463098222621e-01 -3.057862938027479105e-01 -1.646241337139085492e-01 4.760655737627161876e-01 -1.496260503075742543e-01 1.218400457379818225e-01 -1.693168751508554171e-01 2.838520836029893579e-01 1.685623854275127287e-01 4.740296257757773551e-02 2.989966791881500940e-01 1.272419086078419026e-01 -2.435852367406829977e-01 -2.971198812920015642e-01 -2.744559299240767469e-01 -1.815940346240369763e-01 2.845364712291914566e-01 1.828767429438416803e-01 8.802920138305032893e-02 6.001798003593370595e-02 -1.041494154742503009e-01 1.533480281497321129e-01 -1.042952520568500435e-01 -1.365415794150258155e-01 -1.055808990717795465e-01 -2.348958207887913152e-01 -7.763599525873442209e-02 2.646459531759975392e-01 1.978722927714836599e-01 -1.397800332275536406e-01 8.676624080445085457e-03
-9.647836154353366112e-02 7.221079670254387795e-02 -5.561015015917271376e-02 5.249151940701891200e-02 -2.794103573521631093e-02 -1.303328665495648020e-01 -1.481233474621709012e-01 1.328958554674573300e-01 1.120423579789822932e-01 -2.517847886777882516e-01 2.481342953607139357e-02 -3.310160401228094684e-02 9.484474446931098757e-02 4.720532089714070678e-01 1.000000000000000000e+00 3.662645511754732738e-03 -1.054023958869347577e-02 3.306519398557665745e-01 1.037948496422936989e-01 3.629558203214091061e-01 2.917082118747402197e-01 -1.126718617495043109e-02 3.093190191150866908e-01 -3.549026994955988695e-02 -2.604572198305194486e-01 -2.284719510688638239e-02 -1.213681980903452279e-01 -7.226209666595687087e-02 2.265047231020583373e-03 2.776071693421362507e-01 2.544836691258426861e-02 -1.469785371964351384e-01 -1.353907059221965137e-01 -1.092809407136397376e-01 -3.920493332384105550e-02 3.563253296627164057e-01 -6.661736771129586621e-02 -1.227787162061981380e-01 6.027660988956730359e-02 -1.246722071986225561e-01 -3.354956742388206549e-03 -9.864273776482826439e-02 -9.500013462659898100e-02 4.139694949882160441e-02 -1.589339654887191033e-01 6.068809735214854978e-02 -9.396289586693735985e-02 -4.536788676952368399e-02 -1.290759652404429025e-01 -1.453968490619216535e-02 1.122073937981353797e-01 7.021935536669178524e-02 2.292885964421061823e-02 4.903069421668869443e-02 -1.256190180015395730e-01 -8.481928265318333660e-02 9.981902096478686981e-02 2.065438562452540094e-01 -4.151731280321228901e-02 -2.240717083101253018e-02 -8.303351938694718271e-02 1.922824703457361450e-01 8.001174890329741662e-02 4.767549270892316726e-01 5.236322738629821394e-02 5.936758071893291078e-01 -8.385194170610321338e-03 8.702531644930260046e-02 -6.171240103256956516e-02 2.402146537161704287e-01 2.194959253321263071e-01 -1.272309882414543181e-01 3.823706791170550234e-01 -1.759491465441597458e-01 -9.800438381920444086e-02 -1.768898027539913820e-01 -7.347385971691368541e-03 1.676915005592523600e-01 1.735316809717337913e-02 -6.808841135935355358e-03 -1.423272359935269238e-01 1.200054145379326892e-01 -1.437094963529402247e-01 -2.277610045786556958e-01 -2.312448534435838920e-01 -1.295555712556992756e-01 -9.124846009199186203e-02 -4.893945062650864597e-02 1.636663642367027494e-01 -2.184104779401373486e-01 -4.955595625043532348e-02 4.364154175102217398e-02 -4.261630663484656384e-02 -3.893163100937031829e-02 -2.038232564579440242e-01 7.251439633542749660e-03 -3.806107284464002594e-02 -1.170977127614441921e-01 -1.636690274576872162e-01 -1.029687263044093554e-01
