1.000000000000000000e+00 6.699182853195605192e-02 4.454595024439196305e-01 -3.519746511357025320e-01 -3.023530995778029307e-01 1.870692428408046448e-01 -6.369867863806648323e-02 -1.397488353214715873e-01 6.056390971459531952e-02 1.481706052360201309e-01 -2.531845300375492290e-03 -2.064622556470757653e-02 -1.075521263016890883e-01 -2.623062021730646065e-01 -3.201323646754668517e-01 1.713745042896228643e-01 -7.806491432956942644e-02 -3.586315198420586547e-02 -1.361758787576531626e-01 -2.718724294487399051e-01 -2.497505328915918810e-01 2.004229451886065799e-02 -2.078822653261752362e-01 6.384672071566911689e-02 7.524190908959335622e-02 -7.199324983611418878e-03 -3.634220929467915084e-01 -2.673297636553854106e-01 -1.690313888084100935e-01 -3.362813562327248706e-01 2.798207614741509211e-02 1.399649342396185048e-01 -1.150384827780273206e-01 -6.773980352816627581e-02 -7.148476287465406476e-02 6.716422304203033267e-02 -1.365503987623259332e-03 4.738616128802128347e-01 2.174709107372808925e-01 1.838288623995692206e-01 7.495217050939652348e-02 8.945551529413095504e-02 1.707097162499603693e-01 -2.391617038035960541e-01 3.212624517124854084e-02 -1.965823827911089006e-01 -2.457002531475012685e-01 -1.899682102318768773e-01 2.340198096522675408e-01 9.805224202591279747e-02 5.598970433154052406e-01 3.590014314918170135e-01 -7.547579725181277621e-02 -4.069426571259658343e-01 5.899669527327475876e-02 3.119709474823308959e-01 -4.371231027749111764e-02 -1.144454799812087281e-01 9.692917274341424083e-02 -5.663492511316358530e-02 -2.294374745635466631e-02 -1.286591399479702358e-01 -2.486603443202828889e-01 -2.630409334270671917e-01 -2.993107531806027399e-01 -3.251524019988558667e-01 1.413593654168234515e-01 -3.665968964375167227e-02 3.044516769650781537e-02 -7.231993039908575505e-02 -3.181248418223155960e-01 2.986029064613459488e-02 -2.065941297097355633e-01 7.781928979729209328e-02 -1.088879059335055334e-02 5.123257090293240057e-02 -1.929492961402707318e-01 -2.678603313974295963e-01 8.320131530270488684e-03 4.432517192807652884e-02 1.117766746781228837e-01 4.073025413328056066e-02 7.585265124068669984e-02 -6.178256105325877906e-02 -1.536084378945754558e-01 -2.854425062043084438e-01 -1.880583842394895067e-02 -1.381054585051971484e-01 -3.496985758341434464e-02 9.570712572098596937e-02 1.532455227312521095e-01 2.006260918191613563e-01 1.403241289538771364e-01 8.543491564643806990e-02 1.236642808324817239e-01 -1.485802133428457128e-01 -1.291200419944249778e-01 -1.770273048758063683e-01 2.877703388661305706e-01 9.920793709241919334e-02
6.699182853195605192e-02 1.000000000000000000e+00 5.599267356550354791e-01 4.330910179241886926e-01 7.151409200506569919e-01 5.896454810706432959e-01 4.926918103357011414e-01 7.186621008733315996e-01 4.880388721696649057e-01 2.818576220734476598e-02 2.094286279155402608e-01 2.059222092911598134e-01 2.012274495013940123e-01 1.781631358869772974e-01 1.901490310900323943e-01 6.131455287130170850e-01 3.348441716992951456e-01 5.232019521624607927e-01 3.553647308784514958e-01 2.834675660115148488e-01 2.365134497475429587e-01 1.650740804794395555e-01 2.146584395952142177e-01 2.917833084834234314e-01 6.486902309317436367e-03 1.671893644614116381e-01 -2.206954009382953302e-03 -6.650374116922271039e-02 2.830793088775602206e-01 -6.227015106635445940e-02 -3.498979822354710834e-01 -3.364136352592698720e-01 -7.736090844005261147e-02 3.390372688788557132e-01 1.831532117370527069e-01 2.834761072885495503e-01 2.023782921446516392e-01 -1.883779149014337961e-01 -1.021248283208658764e-01 5.484621783766622377e-02 1.847026531394689308e-01 -9.250916966880153025e-02 6.135202144959297360e-03 3.345340133739851951e-02 -1.389168250410274530e-01 -1.644163430446509561e-02 7.552707634520740287e-02 1.263779026078066525e-01 4.817722895328417909e-01 2.976098662812110551e-01 2.225485175908807622e-01 6.801787214557900585e-01 3.280632863989801917e-01 5.606282769096875285e-01 7.141395307390808744e-01 5.138390069494748191e-01 5.676182994705050167e-01 6.384415468572204322e-01 -1.200134203042334605e-02 1.920766293780362399e-01 1.698922527015879758e-01 1.514388513175060347e-01 -5.215555804434170856e-02 -5.385142664560509107e-02 3.384971914558415618e-01 7.503498869263676430e-02 3.912100899796971398e-01 2.022005356206104110e-01 2.313722158774091375e-01 3.668511807240020794e-01 3.200281492861937749e-01 1.548082610315297536e-01 2.341603187999223845e-01 3.431794191605082034e-01 1.651750647946099160e-01 1.151349510773620188e-01 3.117252360925261145e-01 8.022644772911545485e-02 -3.266179425808922177e-01 -2.841022996904161713e-01 -1.273872363305106892e-01 -6.385517452864618478e-03 -1.416037661567147721e-01 9.304938726711722841e-02 1.724474826778763792e-01 -6.791295954210982422e-02 3.066867515118814058e-01 -1.105563610915830386e-01 4.721465420615795772e-01 1.498219079463477231e-02 -1.950071397375289783e-01 -1.985363080598602781e-01 6.846725529140754163e-02 -1.653396194697679678e-01 6.525416637175172896e-02 -7.026501410609287124e-02 1.072095683380551445e-01 5.943070531237287096e-02 4.100891118431630455e-01 3.475832267924613417e-01
4.454595024439196305e-01 5.599267356550354791e-01 1.000000000000000000e+00 -2.257521857040093449e-01 3.060868973951203498e-01 8.168146602121000299e-01 3.068772996898243011e-01 3.966742562342653877e-01 6.996106019106962393e-01 3.198890164986629703e-01 4.283531493406610435e-01 3.888967185658337988e-01 3.100795258240382490e-01 1.267312769314367371e-01 4.759005006686583411e-02 3.012525987458193333e-01 3.943343999252294507e-01 3.419595885768642041e-01 3.277045919569231969e-01 1.941426971599788734e-02 -1.444137325336016311e-02 2.795978056656114874e-01 1.161461002502123807e-01 3.649042729691825415e-01 1.452974488390765262e-01 3.417499833218140548e-01 -1.938823622839168093e-01 -3.597084277305150762e-02 1.769419397637592151e-01 -1.026585782247625978e-01 -4.438196378029979905e-01 -2.998015622076943276e-01 -3.583371653935859547e-01 1.838361811806752955e-01 1.758196454675278186e-01 4.566457985271475395e-01 1.217123924782323868e-01 4.852523911008937985e-02 9.606002635838895021e-02 2.854010328039419675e-01 1.696813295883690398e-01 9.409165383860947085e-02 1.563507865030739075e-01 -5.890292587594742058e-02 -1.716061956880470529e-01 -7.755111512440975019e-02 -7.281799802526416066e-02 -4.594859262481122697e-02 6.454493980227765659e-01 3.264494817117101211e-01 3.613496711989259147e-01 7.136303795476666156e-01 -4.532409194350114912e-02 -3.634249952447925203e-02 7.366103754100896683e-01 8.360345247555655002e-01 1.757167278851685666e-01 5.953719541771572699e-01 2.886590981888154106e-01 4.220913475259084890e-01 3.627740885045094843e-01 2.649423962504259822e-01 9.864041288429692411e-02 6.224819113783514740e-02 1.756899893000422874e-01 -1.207999276629668529e-02 3.941766155577639541e-01 3.170286576803205691e-01 2.199481136671182224e-01 1.659895951703141970e-01 2.072335538914175240e-02 3.448800100744818797e-01 1.437684479437257579e-01 4.623755792103504958e-01 3.584066886837555810e-01 3.615544390159515786e-01 1.983344155413568621e-01 8.079182599914222496e-02 -4.450687766954526947e-01 -3.150017566944474656e-01 -2.658324544373209114e-02 -7.997928851824064045e-02 -2.576357219682761102e-01 1.249625857779585042e-01 6.198859499974436471e-02 -2.131199326362910595e-01 1.734852255947416377e-01 -2.938801404423317665e-02 4.574136101954138778e-01 1.135940251280358054e-01 -3.296842712756175020e-01 -1.524880203518947097e-01 3.276639662295081634e-01 -1.535141327463582506e-01 2.750262916940064972e-01 -1.192299258093635905e-01 6.178866606580928587e-03 -7.559528285041189344e-02 6.057442482800201589e-01 3.748619418484068766e-01
-3.519746511357025320e-01 4.330910179241886926e-01 -2.257521857040093449e-01 1.000000000000000000e+00 5.944626555035723570e-01 -1.276976238913541395e-01 3.072845389233881952e-01 4.978491006438563460e-01 -1.259443278433497460e-01 -2.368329884345043990e-01 -8.093809612971716860e-02 -7.578510221481464526e-02 -4.260669493824813248e-02 8.187597228760672141e-02 2.076359915033257342e-01 3.498964633847456707e-01 2.691201047938035842e-02 3.649039095089822160e-01 8.127845888170456834e-02 4.229013617494619681e-01 3.663425255211492093e-01 -7.923963353456944803e-02 1.471431486817898482e-01 6.237618409748656167e-02 -1.955838640536922413e-01 -2.713559015745446029e-02 1.763970141105513645e-01 4.395809781884435496e-02 2.433176705272165063e-01 4.894431351201732061e-02 -1.727640157144108915e-02 -1.633333396784057423e-01 1.417290314850702393e-01 3.007833706169592003e-01 8.257474594425574799e-02 -1.328051339681402543e-01 1.643014332024219093e-01 -3.663058952954321157e-01 -2.042867615478178578e-01 -1.879958011803215534e-01 1.200144049283106557e-01 -2.570477652903158106e-01 -9.971923269929816591e-02 1.533062122687463280e-01 1.035672699552145776e-01 7.259533647367111264e-02 1.851131937739937672e-01 1.843777305439031622e-01 -9.071863471188985895e-02 5.665774838834179705e-02 -1.920203728657122189e-01 1.253531910714250110e-03 3.739049781706104691e-01 8.515609100461726255e-01 1.101411561020440438e-01 -2.100348132451290151e-01 6.002846090209719154e-01 1.657168108828052933e-01 -2.728619795469481302e-01 -1.187890703773034629e-01 -9.920043330666203363e-02 -3.461270863723179408e-02 -1.501934457953088276e-01 -1.097514891900912143e-01 2.530019402190996081e-01 1.035705958016550909e-01 1.392321630524248899e-01 -3.398910828381020155e-02 1.112582179894662238e-01 3.523083407589367444e-01 4.621127861963158501e-01 -1.839714846009730675e-01 1.218983594056412545e-01 8.193081211132895517e-03 -1.126466288787929260e-01 -1.521335017368366238e-01 2.711860385774835236e-01 2.222999271565476078e-03 -5.482043031536153882e-02 -9.937325644560841831e-02 -9.916937371855871763e-02 1.308633659651353143e-01 -1.666693989390550037e-02 -4.208634222201211583e-02 1.360797749642777554e-01 8.920842506462481336e-02 1.624737791789556962e-01 -4.636097748910556621e-02 1.181365533128309470e-01 5.142358549510940569e-02 -4.840341850806571811e-02 -2.111851881716422796e-01 -2.137407240749309156e-01 -1.527402186922728056e-01 -1.555162569112916726e-01 1.790702965338739419e-02 1.384971562226640640e-01 7.172036929393532656e-02 -1.886546444802884859e-01 6.951826643833197705e-02
-3.023530995778029307e-01 7.151409200506569919e-01 3.060868973951203498e-01 5.944626555035723570e-01 1.000000000000000000e+00 4.801499468747786326e-01 4.065852579862153648e-01 6.328512524863360023e-01 4.245848590878057993e-01 -2.737783753449649169e-03 2.601035406282256601e-01 2.427541154180278549e-01 2.239828601754152437e-01 3.165424997224053905e-01 3.583178386436390861e-01 3.905998633699380163e-01 3.082111860638233058e-01 4.354923643253846288e-01 3.488106460608972337e-01 4.300932436938714187e-01 3.791987706150124482e-01 7.507655059927073604e-02 2.711320785313597881e-01 2.945797109787252066e-01 -3.064715422934120512e-02 1.867348173520182175e-01 1.288459656855276136e-01 3.526674176239757291e-02 4.025271462772355147e-01 7.361302793697024893e-02 -2.784767282449879255e-01 -3.218181401574028433e-01 -4.118954558224085377e-02 3.298140770813394740e-01 1.921463298248075879e-01 1.617404377834628648e-01 2.323663186943838999e-01 -4.619844641845425315e-01 -2.523673557218275021e-01 -8.591801905401547090e-02 1.209577174821587497e-01 -1.813843949013187462e-01 -7.538435661828297996e-02 1.644867031702387239e-01 -9.105809439268720828e-02 3.280849716214157691e-02 1.987179975804073129e-01 1.412056104791553357e-01 3.163100986246517587e-01 2.446812194396107698e-01 -9.336377089483460789e-02 3.354285413401461025e-01 2.784566231487763943e-01 7.640851893807317774e-01 6.861990008570586497e-01 3.260577691340870721e-01 4.785573783605827081e-01 5.906790296326599465e-01 -4.101652736250731290e-02 2.471337019406355529e-01 1.682842099008754477e-01 2.005624563922779324e-01 1.446774209178036952e-01 1.301791755047012888e-01 4.662046897552024616e-01 2.538221863166517656e-01 2.825901503622724187e-01 1.369722743823760525e-01 1.439510174029260126e-01 2.612104536264345245e-01 4.949796752635980401e-01 2.991604002147301919e-02 2.596096318607605258e-01 3.195170544088103970e-01 1.867077107662412916e-01 8.368552895668228409e-02 4.238100426479449179e-01 1.735500930659668595e-01 -2.816406160680350879e-01 -2.902445598648776826e-01 -2.301504968782480676e-01 -5.969284240406012160e-02 -2.334416966598812926e-01 6.438931497639005519e-02 1.456117083542344259e-01 2.563966192642779668e-02 2.938110299886602106e-01 -9.165895613878796699e-02 4.028763080358536142e-01 -1.582373487879542955e-03 -2.749463608021129324e-01 -3.166182010693551763e-01 -3.372451994448009277e-02 -2.133179332314059096e-01 2.143821890248752762e-02 -6.842764121985978054e-03 1.373731848459518456e-01 4.045263526016056738e-02 1.964590746067746141e-01 2.560533280796861155e-01
1.870692428408046448e-01 5.896454810706432959e-01 8.168146602121000299e-01 -1.276976238913541395e-01 4.801499468747786326e-01 1.000000000000000000e+00 4.090141341220674964e-01 4.507066931344342886e-01 8.065516401819609049e-01 3.502650973134378565e-01 4.804636674527632545e-01 4.456092343535609790e-01 4.021003500597410407e-01 3.251853041559042423e-01 2.590668253866755810e-01 2.519091592350859998e-01 5.066703796226854628e-01 3.744237908208052912e-01 4.614053306547720723e-01 1.223991233677839269e-01 1.568527844339400734e-01 3.043467360081734685e-01 2.920739597156384315e-01 3.797866838599798234e-01 1.889958615774046669e-01 3.563910398190588968e-01 -1.028831772656156607e-01 1.716041734287807388e-02 2.550222351423753753e-01 8.175556808488250449e-02 -4.395188136749293983e-01 -3.184993530544679152e-01 -3.262910826915352835e-01 1.954094853665788445e-01 2.384606362125162304e-01 5.451059790154996199e-01 1.342383772499561312e-01 4.149187205518686198e-04 1.293487208675158096e-01 3.153439235821193787e-01 1.972540479962818227e-01 1.062211923499515043e-01 1.194319618354384716e-01 1.041607776499381410e-01 -2.086727116295923057e-01 8.880141325977150904e-03 8.336121038740626488e-02 4.203141215185923069e-02 7.425565155181562682e-01 4.008444459654365022e-01 2.496031170543475952e-01 6.659537758015040554e-01 -1.015773910801789394e-02 1.065083432424688142e-01 8.250359912419257258e-01 8.733940383224171322e-01 1.681499167827402996e-01 6.791019285670416572e-01 3.426074471984672520e-01 5.109971808445475938e-01 4.146874679105718164e-01 3.428636284235273557e-01 2.465825154186684354e-01 2.063817162110959946e-01 3.750853545541358858e-01 1.943368506630135106e-01 4.409745223644194190e-01 3.781040359024904207e-01 2.026897718469971299e-01 1.567086768269158326e-01 1.803500083759898287e-01 3.890363596261547929e-01 2.980157342215580818e-01 5.092309656136589924e-01 4.470482186813281578e-01 3.737674942575841541e-01 2.986847052583891382e-01 2.526678938113439132e-01 -4.483819120348231380e-01 -2.921688356400972686e-01 -1.421734856531648161e-01 -2.071541364318170431e-01 -3.075374806154722584e-01 1.397812377231117953e-01 9.308118450537535005e-02 -1.426973778313069541e-01 2.358584126874898046e-01 -1.202951728878217351e-02 5.551797565129169554e-01 -1.313744572672963414e-02 -3.645456511305659730e-01 -1.129585966097955002e-01 3.909337303436251077e-01 -1.464381653762446278e-01 2.773212673569345754e-01 -1.100764939981907671e-02 8.662920464804978182e-02 2.000188896194955712e-02 7.080831647307938015e-01 4.672971569576186979e-01
-6.369867863806648323e-02 4.926918103357011414e-01 3.068772996898243011e-01 3.072845389233881952e-01 4.065852579862153648e-01 4.090141341220674964e-01 1.000000000000000000e+00 6.136264686556346382e-01 5.168964659221334523e-01 1.972874950685814532e-01 8.281407684380333312e-02 1.209159089883674182e-01 8.777597574368992128e-02 1.621467520570047116e-01 1.627431386216639797e-01 4.589150989902311406e-01 2.724864018515343878e-01 4.529659505236084405e-01 2.821522439845338681e-01 2.930247511050960707e-01 1.588587545429827330e-01 1.483741104038774627e-01 2.129625437479523153e-01 2.815733966268680333e-01 1.555955759034817476e-01 3.519934183289379070e-02 -4.576104553149029641e-02 -1.490585452668503896e-01 1.618042520280080221e-01 3.101311774184467920e-02 -2.807509349200115745e-01 -3.093207310244064367e-01 -1.796025692550574371e-01 2.516320251981931100e-01 2.133326902016630111e-01 3.975278889130086646e-01 2.366634142569646465e-02 5.125893316751307244e-02 2.358062316202982622e-01 5.200199316950213646e-01 3.621776586292333455e-01 5.788778576569211798e-02 7.994790542610311079e-02 2.568645660809050213e-01 4.553792510904446783e-02 2.495029692635066659e-02 5.132795783370927567e-02 1.908158407610684171e-01 4.269434099696525209e-01 3.613824814395993901e-01 7.539591589435697128e-02 3.265036405305577483e-01 3.369285436258647737e-01 3.925550891502337936e-01 4.787613850565922147e-01 4.039874229217107482e-01 4.652140592268446673e-01 6.026932319323942133e-01 1.951082274195573563e-01 1.211450318625386519e-01 1.252642293353659619e-01 2.384640896114132227e-02 -1.025280736490363220e-01 -5.279268923139840419e-02 2.469322171337377247e-01 9.194855486209960183e-02 6.717322404946578507e-01 1.512059701055757932e-01 1.662226758223811773e-01 3.760873661514008703e-01 2.727136314744579293e-01 1.649438026792103551e-01 2.309807511265906110e-01 5.325550361671125277e-01 1.430887580001363180e-01 8.927907567168003045e-02 2.472334068104057869e-01 1.359028991874774439e-01 -3.239560844006801332e-01 -3.236044403749419041e-01 -1.856339600529889888e-01 2.141356310957153591e-02 -4.342754072343623511e-02 1.179919438013471572e-01 1.468626460375901388e-01 -8.584999305011263571e-02 2.135967657198983849e-01 -1.471365901897592754e-01 5.527389864892309213e-01 9.603566474410385120e-03 -1.731847205897783237e-01 5.291401530063824521e-02 4.237411438998355262e-01 -3.694276865362693119e-02 1.065319615877726445e-01 8.709881172330621868e-02 1.345529738266708908e-01 1.567043875824967458e-01 4.014946202479312554e-01 4.418395251010018843e-01
-1.397488353214715873e-01 7.186621008733315996e-01 3.966742562342653877e-01 4.978491006438563460e-01 6.328512524863360023e-01 4.507066931344342886e-01 6.136264686556346382e-01 1.000000000000000000e+00 5.240940698645895068e-01 9.254821168206787962e-02 2.195829345420384215e-01 2.111744767499378339e-01 1.548398103346246002e-01 1.814439503059639969e-01 2.429262247064527813e-01 5.392308608984444085e-01 3.380011525722197430e-01 6.866378852307067904e-01 4.118401635969410335e-01 4.151063083489565653e-01 2.998937489392987099e-01 1.893237116325821867e-01 2.450862455174199206e-01 2.693459558966976863e-01 3.948574734238090300e-02 2.258360045680314898e-01 1.560537973242034082e-01 1.132447344815031426e-01 3.306200366206399344e-01 4.294064108657955764e-02 -4.351679817612356671e-01 -4.582429196782680236e-01 -2.549116673969453739e-01 4.438379313853501595e-01 2.601969447838751726e-01 3.206866754497123551e-01 1.695684448829627988e-01 -2.820183812113573607e-01 -7.409108084469342992e-02 1.355326750168981687e-01 2.778368455965218864e-01 -6.387014914370293950e-02 -2.750698154350145197e-02 1.061458164011590960e-01 -4.495177672388400714e-02 4.021891758985195880e-02 9.273919060062901787e-02 2.245239287055572353e-01 3.735644280175313692e-01 2.938743229618009933e-01 4.559133703053878245e-02 5.494753206415042834e-01 2.936233441099056485e-01 6.065257185351887737e-01 6.256780846148192188e-01 3.978117946997349330e-01 7.699391378899256289e-01 7.615498959002289237e-01 5.041523695435171093e-02 2.235680252009396574e-01 1.702694479375188030e-01 1.244799511671522835e-01 -1.231049623945982135e-01 -4.849625203632929038e-02 3.721305051292745913e-01 1.394712195100988317e-01 4.781950783889203360e-01 2.743319575157961432e-01 3.079624752478150596e-01 6.120901307805352021e-01 4.414022541157479607e-01 2.017418412134949768e-01 3.202624500830411058e-01 3.439738605405799343e-01 1.626255339706111080e-01 1.609334103274772665e-01 3.878730407878535624e-01 1.706831677851916029e-01 -4.761459825253579470e-01 -4.312481935635087971e-01 -1.451888253866291389e-01 7.668127982037493962e-02 -2.110020371226855596e-01 1.099269888845356147e-01 2.790645690268817591e-01 -6.248140094076818502e-02 2.625969921876814550e-01 6.134196587129146783e-02 5.049465826279119218e-01 9.054203431692954551e-02 -3.722224720869546921e-01 -3.278315122746764954e-01 7.338139324651445083e-02 -2.702517233024195331e-01 1.793635518302981804e-02 -5.782307432558865534e-02 1.517258857717066478e-01 1.437052317541288038e-01 2.571674999595254252e-01 3.473028426539258029e-01
6.056390971459531952e-02 4.880388721696649057e-01 6.996106019106962393e-01 -1.259443278433497460e-01 4.245848590878057993e-01 8.065516401819609049e-01 5.168964659221334523e-01 5.240940698645895068e-01 1.000000000000000000e+00 4.361785373484412531e-01 4.717092612807969321e-01 4.133673495398257347e-01 3.912472908041681463e-01 3.329016298699486454e-01 3.019920855472829624e-01 2.180998996964470804e-01 4.560323205559544402e-01 4.549066838946440039e-01 4.458223416230742142e-01 2.437132295079308120e-01 1.609220634463811861e-01 3.145007334400647947e-01 3.192001341468813647e-01 3.922422245299133081e-01 2.253411183528658546e-01 3.197657466003984150e-01 -1.127330275050941397e-02 9.387788526709138492e-02 2.805645900547231175e-01 1.611918770941571100e-01 -3.617253238118589009e-01 -2.385659969425995008e-01 -3.041024731281816162e-01 2.710533712963741348e-01 2.863354019449845800e-01 6.387824400469227504e-01 6.845524983281661702e-02 -1.538030991784621396e-02 1.091645482952627311e-01 4.331108946270819660e-01 2.852681676353878704e-01 1.171358041155215884e-01 9.379069331463728287e-02 1.264606106394102758e-01 -1.213162912853127107e-01 7.990612683959687212e-02 8.778190833257239201e-02 1.567489737114696746e-01 6.635735624265630683e-01 4.366926136943172776e-01 2.310416130800166667e-01 5.493068706176104099e-01 6.462179969413801850e-02 1.065803204518323138e-01 7.701252460714727022e-01 7.739421261911763050e-01 1.898872092818786605e-01 7.903503658139656718e-01 4.318738189695498497e-01 5.063745879709126152e-01 4.055503796023885443e-01 3.234585189479987632e-01 1.941078298126256985e-01 1.812361649814476783e-01 3.749400451757164965e-01 2.683575477147071009e-01 5.365976442417917935e-01 3.322471774156393609e-01 2.170059311802793323e-01 2.859806745354561697e-01 2.595251136819119453e-01 3.794918445538534302e-01 3.432248956021565767e-01 5.680788158126074405e-01 4.167290402378153735e-01 3.777118780191458525e-01 3.412898049384551213e-01 3.682708794143156328e-01 -4.126121836938497767e-01 -2.629546548051976407e-01 -1.305649276334493736e-01 -1.053847482055921131e-01 -2.821841655773225099e-01 1.562112774871056431e-01 1.894849764726352914e-01 -1.965282529732080008e-01 2.486298143723953136e-01 1.557064240768085868e-02 6.518292631797401038e-01 6.681924302770016200e-02 -3.551740834203281905e-01 -1.122576977232827289e-01 4.211016942654182693e-01 -8.570464952263065483e-02 2.536206374261556484e-01 -3.475520328054446800e-02 1.642694958302854669e-01 1.091375780026608011e-01 6.277948761046657777e-01 4.783124882013014001e-01
1.481706052360201309e-01 2.818576220734476598e-02 3.198890164986629703e-01 -2.368329884345043990e-01 -2.737783753449649169e-03 3.502650973134378565e-01 1.972874950685814532e-01 9.254821168206787962e-02 4.361785373484412531e-01 1.000000000000000000e+00 4.884064755500104882e-01 4.345896730046024947e-01 3.277344415233257591e-01 8.367530027362461709e-02 6.381245062008951419e-02 -9.769943867479448374e-02 2.474668312742891729e-01 1.236769985765027030e-01 1.495223243200095586e-01 2.992681478887704305e-02 1.863584504288737015e-03 2.062894818536531727e-01 5.715422855351323661e-02 4.587768572704352676e-01 6.300942384643025695e-01 2.962542796068067807e-01 -1.463480022476120190e-01 8.605764685992274565e-02 2.293695410612445751e-01 3.773191345307905231e-02 -3.108573528951187881e-01 -1.458963420059055938e-01 -4.418691168861326179e-01 7.521974318350456434e-02 2.578148446456796639e-01 2.449167218812244584e-01 7.280698679070971013e-02 2.751260971830782887e-01 3.334270142277956928e-01 5.790353084776160841e-01 2.323388430078755229e-01 3.062109337655507524e-01 2.362243151732413837e-01 -2.038428694984545722e-02 3.947535840636179350e-02 -1.374545659567724329e-02 -1.245885103896872056e-02 -1.460530322690817805e-02 3.985461909295968663e-01 3.233976653770394560e-01 4.863719537439319812e-02 1.936354585922979987e-01 -1.970032114027123749e-01 -1.257558247998591117e-01 2.542312982334198890e-01 3.811179506212440948e-01 -2.396088124685940082e-02 2.324241899008615553e-01 8.426020268810281433e-01 5.934055152054051874e-01 5.607335921742410134e-01 2.233005411305628851e-01 9.931683839492015664e-02 5.168640323051106739e-02 6.660345080266383277e-02 6.790907481403793411e-02 3.833436037585709610e-01 2.434455280698797075e-01 1.514013990796536299e-02 -3.837790377790582796e-02 6.562141982865345169e-02 2.577793555056213104e-01 3.970826615644114377e-02 5.378567833192482439e-01 4.190361071546925276e-01 5.022084698972770767e-01 2.284534235422820692e-01 2.599677586112972838e-01 -3.586320990839010348e-01 -2.487721379027741375e-01 -2.367114680670959481e-01 -1.805038397451993737e-01 -2.271447833633886138e-01 8.745998409426442022e-03 8.941877710838250226e-02 -4.256576042403574234e-01 2.384982688275469609e-01 6.891149415204252116e-02 2.381809390106509605e-01 1.769247593175270472e-01 -3.144811367068778840e-01 9.797646861436255794e-02 5.993842705611800437e-01 6.618058240918060775e-02 3.551507389977033857e-01 -8.825284526630773618e-02 3.422343049812801019e-02 -5.409403172628831497e-02 4.122852330096309914e-01 3.937775470514814358e-01
-2.531845300375492290e-03 2.094286279155402608e-01 4.283531493406610435e-01 -8.093809612971716860e-02 2.601035406282256601e-01 4.804636674527632545e-01 8.281407684380333312e-02 2.195829345420384215e-01 4.717092612807969321e-01 4.884064755500104882e-01 1.000000000000000000e+00 7.982381020200858268e-01 5.912986123863401833e-01 4.293200525078695873e-01 3.801196573390192013e-01 1.268634997037347036e-03 6.000079878935438149e-01 2.979453451838505740e-01 5.165966818033895791e-01 1.548041237451258378e-01 2.593670026348545710e-01 4.487500406124185770e-01 3.336739240514601246e-01 4.974061964183451590e-01 3.522295962223375154e-01 6.946498130717696506e-01 2.871829596168806037e-02 3.000214106904764422e-01 4.527135068701807485e-01 2.395117348949903913e-01 -4.291787194611679790e-01 -1.604234488272185954e-01 -3.421598880573804013e-01 3.359531091402826464e-01 4.767297636152746376e-01 3.704727445456367785e-01 2.881703809872153133e-01 -1.366887271116552505e-01 7.687106095734215494e-02 2.027992083072178153e-01 1.780214529341306029e-01 1.374565554660575617e-01 2.831806808243246265e-01 1.391932473623563038e-01 -2.045584750262514906e-01 4.558537455066703076e-02 2.044701962374861348e-01 3.464065839345029096e-02 4.779924333167227535e-01 3.532145323360165734e-01 1.123085453381310328e-01 3.257484357249748608e-01 -1.812959668803934277e-01 9.367303312473092280e-02 3.949065982315992374e-01 4.604426646833764125e-01 2.368276933266236228e-02 3.712658530537406021e-01 4.974164200573180650e-01 8.089725748794565074e-01 7.046987547783437611e-01 6.098209830152054867e-01 4.229480697567814529e-01 3.433578067704476378e-01 4.409748973732517952e-01 3.576387766371735832e-01 1.845940892811757938e-01 5.688693895048627658e-01 3.402118351388523920e-01 1.504122856277331499e-01 2.861935084296731158e-01 5.723527053871504400e-01 2.994598360436047102e-01 3.838155194222111488e-01 7.141204857153108376e-01 6.924465382284150650e-01 4.588142552439144484e-01 4.423633199785949599e-01 -4.867867906037874892e-01 -2.215821869999235749e-01 -6.302199248780719631e-02 -1.858633841320538604e-01 -4.233425241855519605e-01 2.780001546320146621e-01 1.779900084592639375e-01 -1.095216644771468822e-01 3.440545500786856281e-01 2.150959039070888257e-01 3.367798942177540056e-01 2.272986710398257060e-01 -4.929248235895286046e-01 -2.656391653659763152e-01 2.459857583970648520e-01 -7.165538991675661495e-02 4.156296188242672995e-01 -5.454165567253500650e-03 1.057735929750559384e-01 -6.479023571926803560e-02 3.778478343364082837e-01 3.896860951328360301e-01
-2.064622556470757653e-02 2.059222092911598134e-01 3.888967185658337988e-01 -7.578510221481464526e-02 2.427541154180278549e-01 4.456092343535609790e-01 1.209159089883674182e-01 2.111744767499378339e-01 4.133673495398257347e-01 4.345896730046024947e-01 7.982381020200858268e-01 1.000000000000000000e+00 6.085687901646178455e-01 4.238461294745096697e-01 3.058644503454358565e-01 7.353287101311626640e-03 6.755424250258382779e-01 3.426799959354678293e-01 5.341187234208933932e-01 1.294915741078066507e-01 1.694989273666875906e-01 5.111207087902109869e-01 3.466242048807745557e-01 5.462935976916205583e-01 2.821154230992879985e-01 7.871467139006262936e-01 1.872006408084695220e-02 2.631252598956025923e-01 3.476197163313652361e-01 2.342244048001006218e-01 -4.429592802548840691e-01 -2.304160214766168002e-01 -3.184683034518176470e-01 3.524485901877168481e-01 4.661565166668300009e-01 4.339437575521395418e-01 2.613880265481200449e-01 -2.180773711540282545e-01 8.089066298733994798e-02 2.643344165274690849e-01 1.961601806761817390e-01 1.893925193724756428e-01 3.953732694279895044e-01 1.516652086945103617e-01 -1.875694461207147168e-01 2.133671153413935900e-02 1.655956790489046537e-01 4.871120818345019143e-02 5.056022832333887385e-01 3.669359881124809042e-01 1.002869524031554521e-01 3.015721246043729376e-01 -1.612246545317429225e-01 9.055399161338015257e-02 3.472982839186875559e-01 4.196837576149947679e-01 5.710776458596014682e-02 3.273982145653724363e-01 4.375415511771306165e-01 8.082350809566783978e-01 7.940046900266557461e-01 6.083046068170490095e-01 3.502476780834578585e-01 2.940541326637881592e-01 3.918831105616232824e-01 2.557596384438262649e-01 2.145015098874488157e-01 6.103767689680171804e-01 3.378914644110337928e-01 1.817244938852555225e-01 1.951565988602525503e-01 6.350369319749602504e-01 3.040684431547036048e-01 3.925595793819997015e-01 7.445469833583484576e-01 7.566154668507881764e-01 3.564338738820451158e-01 4.091884025510578171e-01 -4.681298838432358389e-01 -2.925441796584309917e-01 -9.466750402868727432e-02 -2.029283821248596409e-01 -3.562318244607931006e-01 3.218445046798670273e-01 2.193486021084950222e-01 -1.345362306570584976e-01 3.200172727697248032e-01 2.025528416159893541e-01 4.026374090294070895e-01 2.111820613167939009e-01 -4.947918297675587551e-01 -3.219128237854065877e-01 2.343436216225135982e-01 -5.633288628342941057e-02 4.600418292080047933e-01 3.903361730132595686e-02 9.368131800931862874e-02 -2.549416113065790593e-02 4.099336263703082239e-01 4.052829435535949543e-01
-1.075521263016890883e-01 2.012274495013940123e-01 3.100795258240382490e-01 -4.260669493824813248e-02 2.239828601754152437e-01 4.021003500597410407e-01 8.777597574368992128e-02 1.548398103346246002e-01 3.912472908041681463e-01 3.277344415233257591e-01 5.912986123863401833e-01 6.085687901646178455e-01 1.000000000000000000e+00 6.261142246185182891e-01 4.489401778962633371e-01 -1.212300619298652266e-01 6.477502168321911391e-01 3.547198014626388729e-01 5.212733406537787273e-01 2.989390572852758110e-01 3.186539376117512035e-01 5.652329426970108539e-01 5.458429026012495688e-01 3.277082648560498690e-01 2.831241131009603479e-02 5.145185343221037044e-01 2.501955006361846201e-01 4.675435764868622890e-01 2.645150019002991404e-01 4.778993178635978500e-01 -4.362792192488344489e-01 -1.929734826013946580e-01 -2.020854171087574369e-01 3.525879910355217972e-01 4.766469246478403088e-01 4.730306525147872088e-01 3.176891919569689304e-01 -1.057532679702878065e-01 2.125554900252921153e-01 1.893466369546313310e-01 3.745799071428934091e-01 1.345162976483661454e-01 1.914216080512380902e-01 1.819108672390399029e-01 -2.984187351182976955e-01 4.656194724709838417e-01 5.048445590566366104e-01 3.303020099282200639e-01 4.370178513415882704e-01 4.370856154622643208e-01 -3.138563678540505497e-02 2.432297948534562215e-01 -1.335636199257619061e-01 7.270138675951585971e-02 2.590780332452946033e-01 3.744389990921770384e-01 -4.649493571107683743e-02 2.556157092811533471e-01 3.258325825339052906e-01 6.483061636113829351e-01 6.793044921372271006e-01 8.240563802143552330e-01 5.888868118872627733e-01 5.100036026675413003e-01 5.184276748714928829e-01 4.586428696350828282e-01 1.154390745503067750e-01 5.838676746648489013e-01 2.957848768504807713e-01 2.227200637354234403e-01 3.306364580732231717e-01 5.700783474712176613e-01 4.922804165695714995e-01 1.872471539435685561e-01 4.929439840207370804e-01 4.453301465231818135e-01 3.210642009121407181e-01 5.856135224752020418e-01 -4.707961907828438486e-01 -1.303119005876613723e-01 -1.012534634825378588e-01 -6.769198114394801846e-02 -4.308740579461800002e-01 1.904791098731994925e-01 3.782817705079583037e-01 1.325597874549261090e-01 3.238975471159404318e-01 3.680996005783284120e-01 4.133670960327284205e-01 1.221617064643752137e-01 -3.601653832793058063e-01 -2.961716097934869452e-01 2.356510169600022353e-01 -2.612615392381515411e-01 2.669925149080157878e-01 1.127501860564717878e-01 4.361090013983796032e-01 2.432190588898009431e-01 3.725951030892162841e-01 3.993228406423616206e-01
-2.623062021730646065e-01 1.781631358869772974e-01 1.267312769314367371e-01 8.187597228760672141e-02 3.165424997224053905e-01 3.251853041559042423e-01 1.621467520570047116e-01 1.814439503059639969e-01 3.329016298699486454e-01 8.367530027362461709e-02 4.293200525078695873e-01 4.238461294745096697e-01 6.261142246185182891e-01 1.000000000000000000e+00 7.843776887476598958e-01 -3.731077852492441921e-02 6.590744135029767969e-01 3.723564960526781764e-01 6.904299870278826079e-01 4.098036624438851638e-01 6.301192592911650792e-01 5.327811971992835183e-01 7.656924378993956726e-01 1.750405956272527985e-01 -6.969029550625416292e-02 3.536612155024443926e-01 3.620092110441503475e-01 3.950567863388036449e-01 3.754275340648439152e-01 6.684775850045857615e-01 -2.537730796189829885e-01 -6.680275879633820919e-03 5.132696875525580814e-04 3.883746277471594732e-01 4.498055361433412336e-01 3.514049249741055814e-01 3.026587081965391723e-01 -2.037177425257917784e-01 4.561664720985327687e-02 1.433979059675562565e-02 2.699106371248010672e-01 3.521266637349033685e-03 4.026934590914050399e-02 3.040846692498803128e-01 -2.712938984608166959e-01 4.772254364482574340e-01 7.241061686080585424e-01 4.559568113901399933e-01 3.037101120969355472e-01 3.360133357491587591e-01 -7.773110037735707356e-02 1.452324328164611433e-01 8.352480772178262625e-02 2.204677117917696605e-01 2.215770847063280868e-01 2.544031891932427847e-01 -2.315982917660877605e-02 3.016412815571613559e-01 9.777638192465484823e-02 4.548592900000705264e-01 3.905862325121092771e-01 5.273669010962024339e-01 6.410652121170683504e-01 7.512307551609814782e-01 8.020754334182030876e-01 8.033770919718555836e-01 4.738995996714410325e-02 5.902081960521970982e-01 3.571084498057201517e-01 2.830634045664393583e-01 5.818621632239462382e-01 5.412845501678255067e-01 7.407065920055481145e-01 8.083797189850007447e-02 3.958358907579980768e-01 2.087004486020028748e-01 4.424000817945464292e-01 7.127983184354460544e-01 -3.228898232199857721e-01 6.456700784547868277e-02 -1.059858163530170150e-01 -1.378953045020567536e-01 -3.759495173295783754e-01 2.464056530049693605e-01 3.291930920593816312e-01 3.625307469171948349e-01 3.685626900617125501e-01 3.475222861010187070e-01 3.685510248881590512e-01 -5.401760423409240203e-02 -2.099451909811514971e-01 -2.805537864040248408e-01 5.864083977177745460e-02 -2.504356116406755151e-01 7.378274335721397847e-02 2.020599501826670641e-01 5.174784654265229822e-01 3.162339630179061278e-01 2.354744811962012629e-01 2.959846978267787199e-01
-3.201323646754668517e-01 1.901490310900323943e-01 4.759005006686583411e-02 2.076359915033257342e-01 3.583178386436390861e-01 2.590668253866755810e-01 1.627431386216639797e-01 2.429262247064527813e-01 3.019920855472829624e-01 6.381245062008951419e-02 3.801196573390192013e-01 3.058644503454358565e-01 4.489401778962633371e-01 7.843776887476598958e-01 1.000000000000000000e+00 4.943433158634131380e-02 5.111616860834945486e-01 4.089252971925753655e-01 5.531240691556715827e-01 5.829185554349878284e-01 7.945070944901599930e-01 3.979318664100834901e-01 7.433274069990785105e-01 2.012985030211636162e-01 2.569562303180743940e-02 2.636912631335382451e-01 4.198063172925033393e-01 4.491216943230620373e-01 5.635860405702097786e-01 7.299975501776567732e-01 -2.046446843571434471e-01 2.919528800848483416e-02 9.992295863628000707e-02 4.421369160157035960e-01 3.972780211413958762e-01 2.476024024615393615e-01 2.717599162870383833e-01 -2.675990420734347675e-01 -1.209914425947368199e-01 -5.111891438562736478e-02 1.798907014842167085e-01 -2.174252020804809393e-01 -1.529437821836286404e-01 9.782401757833326938e-02 -3.354998820178828889e-01 4.111179389915061710e-01 6.674199382093951582e-01 5.230541302192557307e-01 2.272724111442245842e-01 2.419690551738488682e-01 -9.285854486396288854e-02 7.770966344125153358e-02 1.445760457863695114e-01 3.302263760699317707e-01 2.552887373978833807e-01 1.369094282759504289e-01 2.669835568703538345e-02 2.818193257354416614e-01 7.031317993060876015e-02 3.587484914028323257e-01 2.759794891966084185e-01 3.841446252730275068e-01 4.252137036243350821e-01 5.399152873223170834e-01 8.225221367795453320e-01 8.923404301775250680e-01 1.735386025764942136e-02 3.837671793906194395e-01 3.517492375425451123e-01 2.969914057281646258e-01 7.569433816400182868e-01 3.658216736400261571e-01 6.800173486943948964e-01 1.238196970512262518e-01 3.566682789311390600e-01 1.727309235712920776e-01 5.753549748090337479e-01 7.390928441085717893e-01 -2.781905208112147587e-01 1.169143113255952521e-01 -5.343518189312859018e-02 -1.050031313464888649e-01 -4.385655445772060346e-01 2.141774651079557945e-01 2.770460446809222543e-01 3.227805762389476252e-01 3.723092656664790390e-01 3.085853483847125767e-01 2.676885959430395090e-01 -7.802980123751293573e-02 -1.973448335931865250e-01 -2.618922229586049810e-01 1.879479261624510469e-02 -2.538827374437527262e-01 -7.153943175587107461e-02 -4.988145435087708301e-02 4.088385240308696766e-01 3.042618053403809419e-01 1.294834870345214772e-01 2.047712210745318007e-01
