1.000000000000000000e+00 2.342662597249207945e-01 1.392622482904902481e-01 3.016777884658554121e-01 1.810412018327653694e-01 -2.544020381198561220e-02 -9.844071443454224801e-02 -1.278952027903523248e-01 -2.150984393489086544e-01 4.498992862668495935e-02 -1.740758259629231752e-01 -2.719155132108535544e-01 -2.056044747418104002e-01 -2.838337901834619426e-01 -2.784374982339239413e-01 3.165613738196878524e-01 -2.327090895164617423e-01 -2.569306825158854113e-01 -3.395505940431721159e-01 -2.198246396143365144e-01 -3.333036958729994059e-01 -2.845879127628111460e-01 -2.523985139967800939e-01 -2.605081211664986296e-01 -4.343863737722400420e-02 -1.912513374520536380e-01 -4.165832555226751666e-01 -3.215447036283302085e-01 -2.588936434803936204e-01 -2.111306409162028164e-01 2.717418715098202098e-01 4.614199095435953524e-01 3.639882462058801615e-01 -2.634319679698360894e-01 -3.530978126337324108e-01 -2.203727869462103195e-01 -2.795447338376571556e-01 3.657424416039883330e-01 2.946508422458582119e-02 -1.354813679537794080e-01 -2.860412589767151736e-01 -2.892877596181190891e-01 -3.331732018739249068e-01 -2.172482090670203869e-01 -4.748335356403721175e-01 -3.386552753618430334e-01 -2.497926032422773390e-01 -2.746046144009586798e-01 -1.575250609385933920e-01 -2.573678516950218542e-01 5.321460077922823828e-01 3.008833788878299553e-01 3.263182651291136604e-01 1.754899381054648155e-01 -3.826740196410016032e-02 -2.291737007301515583e-02 8.566763934637644518e-02 -1.417370814152587866e-01 -9.591324133540725383e-03 -2.667842552052218652e-01 -3.222384544616339608e-01 -1.688504271953004676e-01 -2.510931741911576753e-01 -2.488011259058392211e-01 -2.778721721101401476e-01 -2.204191453013065738e-01 -1.256985386626835281e-02 -2.844024913036731772e-01 -2.641895168923639736e-01 -9.068885137824417297e-02 -2.669834543765832180e-01 -2.266152059250295392e-01 -2.640315686290525821e-01 -1.296977080821475614e-01 -2.706233801247088233e-01 -2.891535308594147535e-01 -2.532352500401655604e-01 -2.337432649045177724e-01 2.517273392227331041e-01 3.683811652032757400e-01 -1.997865292718106478e-01 -1.939993522557767747e-01 -4.366460592134656649e-01 -3.084997252763507225e-01 -3.644906693933895325e-01 -2.984844185139419181e-01 -3.075257123713583951e-01 -3.594928921042851444e-01 -1.409778543648479987e-01 -2.416995860189817547e-01 3.714238399919317368e-01 1.332429444306728605e-01 -1.342070225099392944e-01 -2.708663658030379118e-01 -3.235555187970601820e-01 -2.944038401902044910e-01 -3.334284276328168262e-01 -2.702174740078372439e-01 -2.011608307073276258e-01 -3.221334597058434501e-01
2.342662597249207945e-01 1.000000000000000000e+00 3.461600818429116377e-01 5.048887997551054774e-01 6.956651573786030163e-01 2.910402107712448116e-01 2.604875221153776788e-01 3.953250238596417443e-01 2.241134935442507525e-01 -9.216724654068515765e-02 -1.212965336030444596e-01 -1.893298924282760531e-01 -1.778169760839417857e-01 -1.022558553466489384e-01 5.669334297673684145e-03 4.053894047644039378e-01 -1.089031422056915693e-01 -6.325640577220487115e-02 -5.561428166891189961e-02 1.722493458307805840e-03 -2.990938458168904482e-02 -2.850973389654946621e-01 -3.231573005587728281e-02 -3.803173531589362222e-01 -5.533270275123974846e-02 -1.904393860106205483e-01 -2.967692477871901602e-01 -2.742062254206225624e-01 -1.403916492793305104e-01 -5.692538344301359410e-02 2.322843610623466504e-01 8.616537780375012334e-02 1.530039978259174760e-01 -3.155906231986271848e-01 -3.669890113978926949e-01 -2.101409509172163237e-01 -3.275313878185418526e-01 1.693792771983201606e-01 2.902523989528062523e-02 -5.632349070965406851e-02 -3.976925124259458322e-01 -1.070296133797482285e-01 -2.465905301032036978e-01 -1.040421336303955641e-01 -1.374178494314662324e-01 -2.840340723291836511e-01 -1.625877533731390767e-01 -2.490786716574986126e-01 -1.215208040768417722e-02 -2.885219116791557514e-01 2.814795944459200783e-01 7.751438050258067092e-01 3.653651479980238315e-01 3.790654420742587960e-01 4.509617883990754139e-01 2.853498424403556055e-01 4.957847753869796259e-01 2.389311109295858548e-01 -9.341622067648315542e-02 -1.309055614555189040e-01 -8.886891182689848900e-02 -7.682524295321199737e-02 -1.553790033833833129e-01 -6.806633397650432848e-02 -7.853293533751545819e-02 -2.979586365468530479e-02 4.007844259935362807e-02 -8.173860759459333769e-02 -2.358639106162307431e-01 -3.216620211865508540e-03 -9.119110838676341979e-02 -2.204722680811349311e-01 -1.007474635016560316e-01 -3.516237992109211979e-02 -2.138230365420177859e-01 -1.633888429744991821e-01 -1.908200825070521245e-01 -1.177548114281435493e-01 2.109080468334823266e-01 1.067277840821854312e-01 -4.631295942104421415e-01 -4.754064601617288277e-01 -1.010894537829599843e-01 -2.429704330310949456e-01 -2.282701891985398357e-01 -2.762592375065254235e-01 -2.797246937935133904e-01 -3.830739871373208261e-01 -1.116479035392677205e-01 -3.791930466052611526e-01 1.036560827709397392e-01 2.769913438449521717e-02 -2.415605645990153913e-02 -1.027498843171482934e-01 -2.622519341306964180e-01 -1.066591353262033304e-01 -2.241258943342984977e-01 -1.802270403216139905e-01 -9.660011246667090865e-03 -3.421050372151391294e-01
1.392622482904902481e-01 3.461600818429116377e-01 1.000000000000000000e+00 -2.843999877235270368e-01 1.081503973964815096e-01 7.579841205145271266e-01 6.073770555893596157e-01 6.644456313596929231e-01 6.420211792509252779e-01 4.409074997812031382e-01 2.751877520820820711e-01 2.430805453874350097e-01 1.688994068327421827e-01 -1.816602182350442185e-01 -1.705271546195061272e-01 4.656062568594918072e-01 1.467880733429493545e-01 3.236495499826178568e-01 1.564916006738549248e-01 2.283507893176040526e-01 1.328133814689329006e-01 2.018432110156927473e-01 -2.171505869191921456e-01 2.601414012148025590e-01 3.026604893605975288e-01 6.961778914347022118e-02 -7.146311644282131448e-02 1.986383640224576377e-02 1.282315756309830579e-01 -4.200915514430459963e-01 2.030942028294086266e-01 -4.528019307450615871e-01 -5.045597486367668916e-01 2.081963330138637547e-01 -8.034232466343833867e-02 2.691271137370728206e-01 1.074934569612166352e-01 -1.663786787718176952e-01 -3.336804589625375073e-02 3.990437592198775030e-01 2.721683191633471610e-01 4.258809441745340374e-01 3.909392698887780293e-01 4.303803516170852106e-01 2.498718175516283502e-01 -4.068004230463180271e-01 -4.266915909120120309e-01 -3.693275306559868909e-01 4.342821514026093399e-01 3.394098383934320284e-01 -1.687450918299095992e-01 5.887676165740124423e-01 -3.972180358214232876e-01 -3.458907185182950039e-01 7.441842769427732263e-01 8.158554752182205494e-01 6.864307792430812682e-01 7.021778165848047149e-01 4.257993050476555630e-01 2.852542552231221995e-01 9.872794706758382388e-02 3.113071266974985485e-01 8.505567957557394823e-03 -1.199629271910542111e-01 -5.565208817790786439e-02 -2.877988480997675236e-01 4.909279003893187165e-01 3.286579143592238683e-01 2.883250483679641318e-01 4.012945904665649044e-01 8.448143979187325292e-02 2.368813434535234352e-01 -1.617287823784465395e-01 5.190655607689154127e-01 2.617777748990680609e-01 3.221326553784815139e-01 1.087939264229192404e-01 -3.451939381091778114e-01 9.137832238340434787e-02 -5.315659917690651604e-01 5.079828148922951869e-02 1.958978777630935586e-01 3.291680806594881048e-01 2.978704963954827423e-01 9.315890591181362479e-02 -2.083077501211622606e-01 6.406804159223959683e-02 -1.521144365015421607e-01 3.010777106644905721e-01 3.871034468431732156e-01 -4.453455134903105406e-01 3.713396906195534641e-01 1.828058873800142425e-01 3.154337862833420103e-01 3.206898202562460387e-01 4.532172526032500204e-01 -4.429357572286903855e-01 -2.783212384368943249e-01 3.230681611877449511e-01 2.836634040211725161e-01
3.016777884658554121e-01 5.048887997551054774e-01 -2.843999877235270368e-01 1.000000000000000000e+00 5.228941587981680295e-01 -3.673762020540090600e-01 -3.982759740549264293e-01 -2.951769713530092432e-01 -4.329688303571923580e-01 -4.934728930709006423e-01 -3.411327462233050833e-01 -3.432062600852393563e-01 -2.202954552609321104e-01 9.861873499102578877e-02 1.452256394007807871e-01 5.013759500106976935e-02 -2.459754501691214235e-01 -3.437739535248919842e-01 -2.407749986953287569e-01 -2.630784508948210143e-01 -1.636822719643951374e-01 -4.036684638319268381e-01 1.752093312964606575e-01 -5.084874916824526636e-01 -4.695338260973691002e-01 -1.669082192044626656e-01 -2.285380805363612933e-01 -3.321290464055198233e-01 -3.005329470524910618e-01 2.842396348761789815e-01 9.624136154951627720e-02 5.846075421876388845e-01 6.570560719105553726e-01 -4.334174701880310621e-01 -2.606478923249287427e-01 -4.607101556883068105e-01 -4.371494107236038040e-01 3.290917291177230530e-01 -4.176073256782153464e-02 -4.968462418750576037e-01 -5.836956298400564069e-01 -4.408470916690194197e-01 -5.051802737384443187e-01 -4.398685205871306625e-01 -4.353096926938334610e-01 1.208083841109894030e-01 2.244842465676747389e-01 1.253243184430116175e-01 -4.534447190325108790e-01 -5.660755081993305016e-01 5.796747221819349427e-01 2.179877880897607145e-01 7.603602285836611463e-01 7.216125597005703662e-01 -2.591751089577976064e-01 -4.130591081313254032e-01 -1.883314383774771783e-01 -4.182020647505531596e-01 -5.233509925918122807e-01 -3.487011298967883643e-01 -1.964598083764146352e-01 -2.996227260097396039e-01 -1.163245126754571257e-01 5.327326282468293484e-02 -2.680351246359703732e-02 2.502948861790741386e-01 -5.210909428778475183e-01 -4.007316831826880366e-01 -4.504888917831130768e-01 -3.142323117803909049e-01 -1.339424964047039313e-01 -4.605037676417343961e-01 3.213881821786129106e-02 -5.571888842338147407e-01 -4.258994849418413775e-01 -4.287168601587436068e-01 -2.934996266849131397e-01 2.173493382746592151e-01 9.289354563942731069e-02 7.038381734501399922e-01 -4.085985047098574241e-01 -5.432890946921308251e-01 -4.172328423013710874e-01 -5.475194267649087232e-01 -3.097916040971321339e-01 -6.878938929937038205e-02 -3.879917493951295926e-01 -3.087226884992247400e-01 -3.769579674173563766e-01 -6.425604494728287541e-01 5.238588390630548597e-01 -3.259720605471893018e-01 -2.774938142638482819e-01 -4.761147467652707688e-01 -5.509991907776952136e-01 -4.740687848417640127e-01 1.869586349149518767e-01 9.606643590258279186e-02 -4.170857080955174268e-01 -6.054175674901733917e-01
1.810412018327653694e-01 6.956651573786030163e-01 1.081503973964815096e-01 5.228941587981680295e-01 1.000000000000000000e+00 1.678074194375322181e-01 4.142044438598878331e-02 2.107424601225940941e-01 8.975591619332606852e-02 -1.994778858879606986e-01 -1.507740538425774712e-01 -1.893517237621083482e-01 -1.802886695056864774e-01 -5.592448695170761097e-02 6.622700006588021215e-02 1.731657496468505530e-01 -1.710027750809374469e-01 -2.670266528485349400e-01 -9.059701428693195391e-02 -9.775705933328585062e-02 -8.299409496768658800e-02 -3.319467723616351118e-01 -9.762803641224211335e-03 -4.718278805527237885e-01 -1.146267292705212826e-01 -1.648352100768652184e-01 -2.234944167887410738e-01 -2.295379675328432512e-01 -1.107426665586966757e-01 4.947936421503404403e-02 1.896981504560893150e-01 1.265722082459026510e-01 3.078271395210874783e-01 -3.881376486104385903e-01 -3.051565763843565593e-01 -2.634526873195974228e-01 -2.891762839283386066e-01 2.675256588851968043e-01 -5.781051973300227464e-02 -2.403642927024047804e-01 -4.828584639796165145e-01 -1.702057147233577428e-01 -2.915982198669572756e-01 -9.924822462570029313e-02 -5.654614010792237411e-02 -1.466722466515809897e-01 -7.157279707300472082e-02 -1.470813154874035522e-01 -1.429666359284612887e-01 -3.405824495831322185e-01 2.942284969416290585e-01 5.399846926789519941e-01 4.510048661933374614e-01 5.606431621378721308e-01 3.794765240382524385e-01 6.091061440811001287e-02 2.541106024872238911e-01 9.119746390884711507e-02 -1.303033356976905643e-01 -1.435053070316105461e-01 -1.594479261301319159e-02 -7.200788651109168992e-02 -1.163828067752119971e-01 -5.451116996338661869e-02 -7.226551748578473322e-02 2.906562529209550869e-02 -6.119475082478326167e-02 -1.531244662277473356e-01 -3.272207093363620478e-01 -2.312600905035477883e-01 -1.475073171892759549e-01 -2.788562331472639322e-01 -1.007985078596617540e-01 -1.599102759114128802e-01 -1.817537339241921401e-01 -1.205712573444185365e-01 -2.012042069947826139e-01 1.899070671460889917e-04 1.652383741650854387e-01 2.439653032778575648e-01 -5.051449835593962989e-01 -4.413772620322142792e-01 -7.743588877237662926e-02 -2.435192884436435945e-01 -1.847990709716857971e-01 -2.126576672574625182e-01 -2.085080322651021445e-01 -2.834644031352888116e-01 -2.574190125663772810e-01 -4.626399516814895807e-01 2.403420230920789713e-01 3.715937567608684766e-03 7.626570908744355337e-02 -7.520466769773337390e-02 -2.525072669858524077e-01 -7.144686575468366108e-02 -7.761623052259737643e-02 -9.219609253054657227e-02 -1.038267333281446964e-01 -3.718065069238605247e-01
-2.544020381198561220e-02 2.910402107712448116e-01 7.579841205145271266e-01 -3.673762020540090600e-01 1.678074194375322181e-01 1.000000000000000000e+00 7.358441452642061620e-01 7.269285086801705598e-01 7.456951013837980202e-01 5.365866050365923901e-01 3.653856339907728956e-01 2.103528236481314317e-01 1.288437034143508630e-01 -2.036608866279081553e-01 -1.637964264606321663e-01 3.655690876892331853e-01 1.303561786370984188e-01 2.457745408270615439e-01 1.565630984765006561e-01 2.011961089915938750e-01 9.506950892486691618e-02 1.693493280807903678e-01 -2.269750873877609820e-01 1.994521155742018381e-01 5.006471221651209724e-01 -3.019277700787288340e-03 -8.351379255975439897e-02 -3.924380194821060208e-03 1.207671622201316186e-01 -4.071740718067515807e-01 2.184248413707448599e-01 -4.567197140176220138e-01 -4.523478791377606445e-01 1.567055450571441244e-01 -1.081908140890805448e-01 2.624255725391100857e-01 8.908532297791736665e-02 -6.351219013582915136e-03 2.031254822247659797e-01 5.472317301753993890e-01 2.386924036807092364e-01 3.898904177373566093e-01 3.368888597860225653e-01 3.853871122002140992e-01 2.884031385585834606e-01 -4.221160207076097293e-01 -4.018711424407495070e-01 -3.731739632583483957e-01 6.140395898422564835e-01 3.522310390961775894e-01 -2.630027496166578160e-01 4.787457143006836890e-01 -3.742082921315403321e-01 -3.091113877392782650e-01 8.586060416768876991e-01 8.899530040808376619e-01 7.033628243632789045e-01 7.675440883529787151e-01 5.444291905157964129e-01 3.269727306695662250e-01 1.280422436986595747e-01 3.127236904582791355e-01 -8.540093052773659044e-03 -1.409931972644644371e-01 -6.000918961563830173e-02 -2.850000523105325478e-01 6.399102809942617265e-01 3.041422921007502778e-01 2.248181388609009623e-01 3.041943007477448391e-01 2.621087780082760263e-02 2.123967596390585189e-01 -1.864292314516425020e-01 5.991423981355238348e-01 1.823308556075828313e-01 2.954942235747921031e-01 5.783897621964294994e-02 -3.542539554918493483e-01 1.915943595710065672e-01 -5.243282607526039696e-01 -4.217197580233914694e-02 1.527613471254059552e-01 3.569330360658946599e-01 2.974158525420797505e-01 1.064816924100411982e-01 -2.391012104108082847e-01 7.652945431480018268e-02 -1.605542624000923513e-01 2.431762665552594238e-01 3.405534979535154161e-01 -4.058902716005131639e-01 4.633143240596745982e-01 3.529544218918705401e-01 4.053077803605185103e-01 3.008398113373446647e-01 4.283428447650547422e-01 -4.232739934536454696e-01 -2.745686642374007835e-01 5.509184480301171360e-01 2.939511826183561771e-01
-9.844071443454224801e-02 2.604875221153776788e-01 6.073770555893596157e-01 -3.982759740549264293e-01 4.142044438598878331e-02 7.358441452642061620e-01 1.000000000000000000e+00 7.433839383378788579e-01 6.883201586124505500e-01 5.258509136805323836e-01 2.948629363123423941e-01 2.002089916911437839e-01 9.856178766587790629e-02 -1.552658369134619076e-01 -1.666690908655329983e-01 3.942390231501083919e-01 1.974699957555231811e-01 3.114290325881208799e-01 2.028667077125036744e-01 2.469390068122362947e-01 1.998241385572027407e-01 2.262463449224841883e-01 -1.335576539761521297e-01 2.432877009598652107e-01 5.304200470618961605e-01 3.921915862475948943e-03 -1.699508181833911391e-02 1.725305399866695552e-02 1.551104377198598283e-01 -3.232257997275652661e-01 1.190987241749698750e-01 -4.536267225891076338e-01 -5.091486275031938957e-01 1.489317171873983103e-01 -7.500144739614281186e-02 2.602340601337149173e-01 5.719542149983306706e-02 -3.870936814567011580e-02 2.837565350926269936e-01 7.006491893858685094e-01 2.591367254780357343e-01 3.360544515861206838e-01 3.077571376401339043e-01 3.254686099845939817e-01 2.914114759572881685e-01 -3.524020644804519709e-01 -3.542980047936733490e-01 -3.466968160135064370e-01 5.942149369010235604e-01 3.172139727748153337e-01 -3.572954296211626191e-01 4.198556064427735324e-01 -3.112823347203679814e-01 -3.374808416702808622e-01 6.939219257507517336e-01 7.500562676482409596e-01 7.368189653616260548e-01 7.165522270104189850e-01 5.049742549032329997e-01 2.583175797108077654e-01 9.427500063031805932e-02 2.092055211547648175e-01 -3.520622677365367603e-02 -1.056607284677035657e-01 -1.911468463402084955e-02 -2.827006651605156740e-01 7.550939427959033612e-01 3.183561809688061905e-01 2.520561900374341802e-01 3.268683731798814329e-01 9.231716262902883718e-02 2.660976443885416098e-01 -8.705515575404884632e-02 6.524977678553460780e-01 2.483960640777665152e-01 2.655639698224404044e-01 1.250374052463215646e-01 -2.995044729780947934e-01 1.132338503451831013e-01 -5.244760562701991091e-01 -5.295564059877653357e-02 5.663072090948660653e-02 3.590194399244652779e-01 2.806967791137079393e-01 1.473759171322409911e-01 -1.596834392982549589e-01 6.882633373613902816e-02 -1.025500914911204875e-01 2.374067230679406670e-01 3.460622315515455849e-01 -4.417584856250757475e-01 4.089924303388316473e-01 3.827497898509429897e-01 3.884289642734848891e-01 3.208063340463698787e-01 3.681037701914678384e-01 -3.415125364160708776e-01 -2.080410837197513574e-01 5.234388860201472093e-01 2.826827952372944486e-01
-1.278952027903523248e-01 3.953250238596417443e-01 6.644456313596929231e-01 -2.951769713530092432e-01 2.107424601225940941e-01 7.269285086801705598e-01 7.433839383378788579e-01 1.000000000000000000e+00 8.479497654677125018e-01 4.354206571933405545e-01 2.813665062737594202e-01 2.381273333962103389e-01 2.568193409780943348e-01 9.692002109006112032e-02 9.938361170090188879e-02 2.923200493713540848e-01 3.737473623956760194e-01 5.152167513959744483e-01 4.431021253179833197e-01 4.322763976145069797e-01 4.254413399376185678e-01 3.513916530222628842e-01 5.121075355160611964e-02 2.587180338006280222e-01 4.105064845564343479e-01 4.372316181391213905e-03 1.728512171410746534e-01 1.518727068789738066e-01 3.659518360083984234e-01 -2.570872221437883187e-01 1.745744705460329782e-01 -6.009135474355248308e-01 -5.614649023307055620e-01 3.320081987576845584e-01 3.660066001433876642e-02 3.286669121679592354e-01 2.120423685905047373e-01 -1.681714773398109986e-01 1.053391847748410270e-01 4.741372349302786504e-01 2.683169008242509146e-01 4.443877879555361288e-01 3.923936473526616897e-01 4.572720861731135455e-01 4.100225123015323048e-01 -2.186710013708335620e-01 -2.822015660928895997e-01 -2.072914147360985226e-01 5.431564982795175078e-01 3.881966156192196982e-01 -3.712419569506909545e-01 5.399898683674926314e-01 -3.437738722097096189e-01 -2.286021132160130365e-01 7.614054967036316679e-01 7.635489097494884136e-01 8.345279478618867763e-01 8.428595017780676768e-01 4.068594079191885649e-01 2.892915363259928596e-01 2.092075445168282977e-01 3.545637767229035675e-01 1.580123537051174309e-01 8.540438489929348675e-02 1.919780292332670668e-01 -8.776920211802340110e-02 5.921890958382789449e-01 5.230819671659749925e-01 4.319934863168140571e-01 4.878831503542384596e-01 3.161018018329992407e-01 3.815358060710459798e-01 9.913188967213643066e-02 6.060376904094421091e-01 3.074474570361285242e-01 3.377689824653899997e-01 3.066831311206000277e-01 -1.942386263931653312e-01 1.664530902519850419e-01 -6.234475003059063436e-01 -8.530980166779703056e-02 4.836486394089149765e-02 4.515108151469743314e-01 4.415752693226094316e-01 3.252004215494935235e-01 -3.048517741961231237e-02 2.284596747089304158e-01 -2.439764540573392468e-02 3.710438088155003644e-01 3.169253727357067008e-01 -5.344624369806498798e-01 3.720161720983070075e-01 3.787369006256062764e-01 4.388568705581346596e-01 3.578210946009922622e-01 4.636646860870221043e-01 -2.239558066141177639e-01 -5.177528832942427522e-02 4.975232901379206818e-01 3.312253882010374739e-01
-2.150984393489086544e-01 2.241134935442507525e-01 6.420211792509252779e-01 -4.329688303571923580e-01 8.975591619332606852e-02 7.456951013837980202e-01 6.883201586124505500e-01 8.479497654677125018e-01 1.000000000000000000e+00 5.612771202016859640e-01 3.374417630675867752e-01 3.555968745994032565e-01 2.915329262535207300e-01 5.364926036335975618e-02 9.208066927906129184e-02 1.487810305235678643e-01 3.046448895475866170e-01 4.884676348430629922e-01 3.774202810448437084e-01 4.321753995448804897e-01 3.640197879181378826e-01 3.900675356418538686e-01 -1.198888569347133365e-02 3.732462715772217332e-01 3.992909761708248184e-01 -4.051815088603274995e-02 2.065504434707379489e-01 1.728961557261615156e-01 3.501962646952068714e-01 -2.749848391793666691e-01 1.858525611491518015e-01 -7.254741152414406757e-01 -6.419431643579648350e-01 3.947899171015627484e-01 6.383625382552922389e-02 5.323453925001994103e-01 2.930990875336718648e-01 -2.107115561714773821e-01 1.135291923001225806e-01 6.209642610002866769e-01 4.798203302762379940e-01 5.714809938201900197e-01 4.811784323421061660e-01 5.581085860154261225e-01 4.989940183246450722e-01 -2.023129299332467046e-01 -2.546381173229348982e-01 -1.615658531156141664e-01 6.713848448390747903e-01 5.754951758028316045e-01 -4.493448169087372324e-01 3.662580287901376352e-01 -5.322793818119880838e-01 -3.301969391908662899e-01 7.653381408458521662e-01 8.104862421000825767e-01 6.819436233299236427e-01 9.013384301632046958e-01 5.023097602378084892e-01 4.467568318945016603e-01 3.495007442242800133e-01 4.232327938423328106e-01 1.996379848642403088e-01 6.920030760573871176e-02 1.561492725412237104e-01 -7.905424050887475962e-02 6.237077085230653406e-01 5.144845044189775285e-01 4.551817976609995875e-01 4.817439397096764386e-01 2.830964299557192643e-01 3.793033238642720684e-01 5.403338605238686143e-02 7.206219944290525037e-01 3.999521335677013179e-01 4.394458480687745694e-01 2.911783442532646649e-01 -2.096379955804780204e-01 1.227103536964659902e-01 -7.140688751553259106e-01 3.236511780506703961e-02 2.769876543452234330e-01 5.331660585054931456e-01 5.089000617948225003e-01 3.568792455085962323e-01 3.043163522367590360e-03 3.030073766834707194e-01 7.457356005937639323e-03 4.656728412720727017e-01 5.369612428970685913e-01 -6.039553692289716391e-01 3.207870890085465776e-01 3.834402529677592431e-01 5.383810334454408597e-01 4.486844411124859544e-01 5.678812159878685595e-01 -2.303878178159130818e-01 -4.810539281933838562e-02 6.233433384547422129e-01 5.377890019434524715e-01
4.498992862668495935e-02 -9.216724654068515765e-02 4.409074997812031382e-01 -4.934728930709006423e-01 -1.994778858879606986e-01 5.365866050365923901e-01 5.258509136805323836e-01 4.354206571933405545e-01 5.612771202016859640e-01 1.000000000000000000e+00 2.880026580127731384e-01 2.294580705996142611e-01 2.273288142469476886e-02 -3.769671688528755671e-01 -3.368891010804382913e-01 2.660480277632108481e-01 -1.225250508450440208e-02 8.547719471333982411e-02 -9.733503398943119111e-02 -2.098842178546604653e-02 -1.490819382606823618e-01 1.496804797918333263e-01 -3.545018589460684488e-01 2.232688872145439096e-01 7.165555137235839478e-01 -1.888711913713930213e-01 -9.877397294121131877e-02 1.817123603530725745e-02 1.164820131562094123e-02 -4.470981808262630697e-01 2.767050366570351638e-01 -4.291750946316471027e-01 -4.423080900893884837e-01 1.795806802117458634e-01 -1.141198196531061221e-01 2.136383887547284588e-01 7.739689256872696321e-02 1.388383049795845203e-01 3.118146374651689645e-01 7.029456178413423517e-01 3.062600340656909115e-01 4.622715277054181282e-01 2.811251522969911432e-01 4.576171696815052314e-01 2.353083215511717063e-01 -4.060508306615488450e-01 -4.665497877710418906e-01 -3.651410040540940538e-01 4.286812076363103463e-01 3.198826187436111801e-01 -3.036498148057786839e-01 7.904258084658538630e-02 -5.664549418900803879e-01 -4.253332032310622179e-01 5.010905267293697118e-01 6.135587821259937957e-01 4.401059889896133392e-01 5.701052710036192961e-01 8.295483054848786786e-01 3.892676902027266683e-01 1.827054478617437250e-01 1.858963279639466171e-01 -1.156901712092002488e-01 -3.324253215147294771e-01 -2.541550609380403003e-01 -3.987514089952282625e-01 6.165509529955882639e-01 1.448217232705908963e-01 1.855297629741686771e-01 1.994034130198200916e-01 -1.542162536835857412e-01 1.864827171642862436e-01 -2.911719943922081444e-01 6.780020636940328194e-01 2.237539863934620288e-01 3.892669175634083101e-01 -3.674267730906782131e-02 -4.084298613460035643e-01 2.864559466193653536e-01 -5.306142736976495744e-01 -2.538610514999095624e-03 2.278408183801272358e-01 3.164088976828049460e-01 2.987557765388632047e-01 4.749957917982659122e-02 -2.311255485327126935e-01 4.895551525356976047e-02 -2.368942968639087612e-02 1.459095071574936786e-01 4.637248225924007761e-01 -2.994522310689848865e-01 5.497794470073812390e-01 3.492627206191152855e-01 5.846824739101375012e-01 3.567019629194793096e-01 4.551869391213905214e-01 -4.557069545435414315e-01 -3.104472706849913943e-01 4.340409491330258773e-01 3.008145790347890869e-01
-1.740758259629231752e-01 -1.212965336030444596e-01 2.751877520820820711e-01 -3.411327462233050833e-01 -1.507740538425774712e-01 3.653856339907728956e-01 2.948629363123423941e-01 2.813665062737594202e-01 3.374417630675867752e-01 2.880026580127731384e-01 1.000000000000000000e+00 6.659388568825524990e-01 4.732673552095533198e-01 4.101198235817479082e-02 1.010418975827725302e-01 -1.870784606583255488e-02 3.869375494200774646e-01 2.313998461181706601e-01 2.668877287614524474e-01 1.841721748269776748e-01 9.984706380724309160e-02 4.092608362315803827e-01 7.120617175580317738e-03 5.853794656827213672e-01 2.872826377990336799e-01 5.895613096227281247e-01 1.726954822085165486e-01 3.322157289932879953e-01 3.392606372183239460e-01 -2.040769076309986163e-01 -1.970392646767890887e-01 -2.598003156176268424e-01 -3.827426407648562567e-01 3.454896853397059764e-01 1.719040099681690414e-01 3.165042311508308726e-01 4.478781721731799892e-01 -2.863689028160623651e-01 4.910903536301820110e-02 3.023888195748524188e-01 4.449351546722647988e-01 2.214657235078422159e-01 6.132447233090235761e-01 2.220838502025297700e-01 3.155224599206131186e-01 -5.878787322171501184e-02 -5.552567194123746164e-02 -1.880992767442168792e-03 4.294167326123621287e-01 4.630261498860865910e-01 -4.077508270790152767e-01 -1.079988476323385550e-02 -3.935706753508051436e-01 -2.496261635510376165e-01 3.292899128994150049e-01 3.584128104024151829e-01 2.006760029457114458e-01 4.057343208731211681e-01 2.748462831176330390e-01 6.780278073027186103e-01 4.343774269611341832e-01 5.486638540398328656e-01 2.808009189084424428e-01 9.068369044282481584e-02 1.597695753999406054e-01 4.002780755963256804e-02 2.409547253175241821e-01 3.606650349060360750e-01 3.443401881833645373e-01 2.937487627247724054e-01 1.955278316311512277e-01 4.109955617536742989e-01 8.990324717618422209e-03 3.280113177969476435e-01 5.043011793217312411e-01 3.303731754493210437e-01 3.280816549461028631e-01 7.961407881009642529e-02 -1.723099982084305148e-01 -3.545238992548144230e-01 3.489089950343237101e-01 3.463886275283223348e-01 3.942315803753531633e-01 4.085391460708788780e-01 3.212004531045530298e-01 7.163249714859180883e-02 3.958030004773459010e-01 1.654178594084322051e-01 3.712302244452097555e-01 4.585964880583320302e-01 -3.908921331741959104e-01 1.556901212995652206e-01 3.137817769257938427e-01 1.865879231969298779e-01 5.605404666530185986e-01 2.943641783714968652e-01 -6.459484180765390215e-02 4.694100788209956687e-02 3.987319218935584941e-01 4.548178757919252857e-01
-2.719155132108535544e-01 -1.893298924282760531e-01 2.430805453874350097e-01 -3.432062600852393563e-01 -1.893517237621083482e-01 2.103528236481314317e-01 2.002089916911437839e-01 2.381273333962103389e-01 3.555968745994032565e-01 2.294580705996142611e-01 6.659388568825524990e-01 1.000000000000000000e+00 4.802489252085675453e-01 2.025735998683207417e-01 1.880842463466557701e-01 -1.847055012403550078e-01 4.045147791984392005e-01 2.550199141100559230e-01 3.018452191839789411e-01 2.244308410303163248e-01 1.936459343144102396e-01 4.190514267015100214e-01 1.587264386295810792e-01 6.529059613258249017e-01 1.010397206591341634e-01 5.260680456594365451e-01 3.186176704631845102e-01 3.019056274607438417e-01 3.287139567682240693e-01 -1.633798668746339056e-02 -1.732317518479818963e-01 -3.733060871514843337e-01 -4.679620762856492866e-01 3.652662179333710513e-01 2.348697129090602520e-01 4.529091208002021807e-01 4.417178561877643239e-01 -4.168202429042585644e-01 -1.469239759901510289e-01 2.831604022772749030e-01 4.981706514386025075e-01 3.999127770092760770e-01 6.227654594088642970e-01 2.986236005345022648e-01 3.581574571775630877e-01 1.040741628892887238e-01 6.170676034759906003e-02 1.272499801867224556e-01 3.366755976143998574e-01 4.644941057061379164e-01 -3.849433744770329735e-01 -6.393249578914014797e-02 -4.450377413283074790e-01 -2.717407221066583944e-01 2.254747059217952210e-01 2.457947123236457754e-01 9.491359632742692176e-02 4.138128132018145111e-01 1.280505169196943238e-01 7.091016486338894698e-01 5.478298220107016281e-01 5.649878361741036414e-01 3.606553869674903323e-01 2.126921084207401558e-01 2.313936620835542746e-01 1.423534179843527481e-01 1.275293340286116073e-01 4.011878614948939381e-01 3.396520140645228891e-01 2.814307612212262888e-01 2.506616282023126363e-01 3.853460970210652037e-01 1.653337632057181039e-01 2.876157975517014131e-01 6.813947883603490574e-01 5.169827391109984571e-01 3.369176929502760154e-01 1.608380214560952703e-01 -2.151465483194153760e-01 -3.765931230214117909e-01 2.998014285705511983e-01 3.712739472283089759e-01 4.059565575707043683e-01 3.678425670450318763e-01 4.147491971572551117e-01 2.483796835791647062e-01 4.231952192538583901e-01 2.074908145963115791e-01 4.460135476067208504e-01 5.235406568539496819e-01 -4.487779147312025430e-01 -6.498251109191706398e-02 2.010706485008359745e-01 2.240151254119905622e-01 5.605960634395800168e-01 3.623775195666317783e-01 9.597050740329818308e-02 1.846195293072382393e-01 2.987516655420872635e-01 5.036462731366777579e-01
-2.056044747418104002e-01 -1.778169760839417857e-01 1.688994068327421827e-01 -2.202954552609321104e-01 -1.802886695056864774e-01 1.288437034143508630e-01 9.856178766587790629e-02 2.568193409780943348e-01 2.915329262535207300e-01 2.273288142469476886e-02 4.732673552095533198e-01 4.802489252085675453e-01 1.000000000000000000e+00 6.150603395177878241e-01 6.004771364563322722e-01 -1.821751091605153250e-01 8.135290751089798711e-01 5.166492136279002834e-01 7.119504704318099231e-01 5.686453121838545011e-01 5.961391711550256822e-01 8.163163596609249728e-01 4.981252959453154050e-01 6.565270990940440532e-01 -4.771239545065456000e-02 3.520235903677083611e-01 6.938952900840094085e-01 6.519840095471626240e-01 7.701957050843765140e-01 1.305542784583220428e-01 -2.747035285199546095e-01 -3.592479365533608471e-01 -4.134440872373678078e-01 7.245869834011645638e-01 6.461893671332273881e-01 4.250256210948389346e-01 6.975582724238379440e-01 -4.807072595867133979e-01 -9.693913582468778600e-02 7.237698901307529353e-02 5.687526262054536375e-01 1.966609949064973273e-01 5.647406081404824363e-01 2.891708696319474359e-01 4.297715825390410194e-01 4.163501661678798982e-01 3.886030208224945381e-01 4.918093462018950368e-01 3.069458613682018444e-01 5.320597069140469149e-01 -3.960708688439570913e-01 -7.869227305239109849e-02 -3.180084483367718873e-01 -1.441777040873784832e-01 1.382403834291665579e-01 1.535568724841397670e-01 5.838451107590845318e-02 2.952266949355633607e-01 -1.823709152533286096e-02 4.515790758768855051e-01 4.447449936486860822e-01 8.090538910071255474e-01 8.047052756342329971e-01 6.543184793170538915e-01 7.384693152115606729e-01 5.381815165101986320e-01 1.254506654607657687e-02 6.937361734026955551e-01 7.281859683430884633e-01 4.206443539117348807e-01 7.689367154468821353e-01 5.907181491311933597e-01 5.479610619631398727e-01 2.429510531429510400e-01 4.812867994457898368e-01 2.680529408003434200e-01 8.006168955265275944e-01 5.159639133162423619e-01 -2.513827623221261409e-01 -3.685774842072460089e-01 4.044652431782636559e-01 3.246613629803409284e-01 4.147324813420778522e-01 5.717644714286387320e-01 7.718137821999700998e-01 6.221206458316422827e-01 7.134830566772492055e-01 4.830284180794383042e-01 5.363356241039027861e-01 4.105350767898254816e-01 -4.603361718461995156e-01 -4.426564208427327674e-02 3.092663771121209604e-01 9.573831595922008275e-02 4.255114412879859032e-01 3.098515701948361678e-01 3.972500610416879741e-01 5.355207975802869225e-01 2.346637199491382331e-01 4.924928845107139352e-01
-2.838337901834619426e-01 -1.022558553466489384e-01 -1.816602182350442185e-01 9.861873499102578877e-02 -5.592448695170761097e-02 -2.036608866279081553e-01 -1.552658369134619076e-01 9.692002109006112032e-02 5.364926036335975618e-02 -3.769671688528755671e-01 4.101198235817479082e-02 2.025735998683207417e-01 6.150603395177878241e-01 1.000000000000000000e+00 8.400284792627160657e-01 -3.920818643451091656e-01 6.384306952637629484e-01 4.078058668469661807e-01 7.138289998787131774e-01 5.010014236217881223e-01 7.240301463079710231e-01 5.787844033789626419e-01 8.461878337957101648e-01 3.229510354508011161e-01 -3.709623083003163457e-01 1.521262635569913813e-01 7.584511843166589218e-01 4.741863907344229245e-01 6.054272837676880625e-01 5.281183788688473824e-01 -2.316175544662802954e-01 -1.317661946639588355e-01 -1.472389958588263825e-01 5.145910689019678186e-01 5.558392153697506721e-01 2.611212139026368173e-01 4.577160412715702842e-01 -3.876184664874177122e-01 -1.413979668557153457e-01 -2.104592202073896079e-01 2.602432629232357963e-01 2.064169640959677074e-02 1.997059744812138549e-01 2.080440620122070775e-02 2.236606620625120889e-01 7.487499116649773967e-01 7.335812349117848408e-01 7.674529885069170110e-01 7.958370011607783512e-02 2.499636224077737279e-01 -2.041140368813700312e-01 -1.498080408587283419e-01 4.788966507268035272e-02 9.862143198970425850e-02 -2.057832733295762440e-01 -2.159053606444356899e-01 -1.556491403684732433e-01 -2.641163218002173362e-03 -4.597196986004438712e-01 9.893911811354649810e-02 2.851155701507233076e-01 3.397826189685769771e-01 6.989342871830392934e-01 8.345530715385648390e-01 8.540797272490412428e-01 8.131570782057827573e-01 -2.746498530095400348e-01 4.803900887560265676e-01 4.798690957117140998e-01 2.337963776233270008e-01 7.996244480669352228e-01 3.562723968670520880e-01 8.363071258878023162e-01 -9.704084851519413635e-02 2.462644767532821133e-01 5.229108937525308448e-02 6.419784548250331291e-01 6.867617751389931691e-01 -2.132420803948469057e-01 -3.436596713723561597e-02 1.652351737816785127e-01 4.479814527138379493e-02 1.566195703140166595e-01 2.915817772989505730e-01 6.642465376249261366e-01 7.423991947079355835e-01 5.150830439167959351e-01 3.838288704209988356e-01 3.496807240982980347e-01 6.360640525289741609e-02 -2.846229395914049998e-01 -3.874475331502322817e-01 6.437796534919448810e-02 -1.162796108438124004e-01 1.131416312159368581e-01 -1.535864309330232588e-02 7.495162930530651080e-01 7.866410001355340631e-01 4.833074431501208773e-02 2.410277239832387397e-01
-2.784374982339239413e-01 5.669334297673684145e-03 -1.705271546195061272e-01 1.452256394007807871e-01 6.622700006588021215e-02 -1.637964264606321663e-01 -1.666690908655329983e-01 9.938361170090188879e-02 9.208066927906129184e-02 -3.368891010804382913e-01 1.010418975827725302e-01 1.880842463466557701e-01 6.004771364563322722e-01 8.400284792627160657e-01 1.000000000000000000e+00 -3.662223457013410455e-01 5.890808964578942986e-01 3.254998054574833044e-01 6.225002762384915789e-01 4.825207454359210502e-01 6.570428994371474429e-01 5.010997544625898081e-01 7.592705901361135323e-01 2.309243971215216018e-01 -3.554357796226487176e-01 1.506118287982933790e-01 6.507327264626324714e-01 5.055583057035114569e-01 6.340844972922237144e-01 5.534123611920385155e-01 -2.664864863302399689e-01 -1.853544497349310094e-01 -1.300884828893209000e-01 4.404348120727828442e-01 5.473218642652721844e-01 2.028887161726214139e-01 4.356048948601862758e-01 -3.758373922946781076e-01 -8.352126846163511475e-02 -2.346105931446346715e-01 1.999848688737590197e-01 2.887920872522341253e-02 2.045024614730793500e-01 3.104891904180205262e-02 2.547920514465283337e-01 6.416900638537036405e-01 6.695441288837240545e-01 6.763130400723091906e-01 2.308567676090492876e-02 2.002555786815020666e-01 -2.151582395717152041e-01 -7.501185330699015885e-02 1.547402353662686268e-02 1.722374510207414777e-01 -9.841385622043968828e-02 -1.784479782373471490e-01 -1.633515906929904615e-01 9.297307879359350896e-05 -3.747530590005237472e-01 1.626402782000034852e-01 3.052261180203409419e-01 3.661377661659810379e-01 7.151665486082542378e-01 8.111403219431509992e-01 8.049536575288031015e-01 8.881103446790262756e-01 -2.905154891930598615e-01 3.879155288964032389e-01 3.756196857124020627e-01 1.435564730784380794e-01 7.209961087816492142e-01 3.089476864149200419e-01 7.265785719564672451e-01 -6.825040250212205395e-02 1.955049129049411805e-01 6.029937471180020492e-02 6.203391142073638731e-01 6.937076227301973708e-01 -2.375942256170961164e-01 -7.922490539281312749e-02 9.285785565623494442e-02 -3.616723308833361128e-02 1.898082130648590660e-01 2.492557183353092398e-01 5.773353347410252745e-01 6.784579374516891415e-01 5.167606724375880534e-01 4.256239011525405624e-01 2.656839477892077306e-01 1.429514539791892826e-03 -2.840076396414719651e-01 -3.305124395971570928e-01 1.081069935494880507e-01 -5.838839392508379800e-02 1.172789475154417116e-01 -2.405713355587618327e-02 6.299107037498410389e-01 6.746517890937885342e-01 5.009067129299578716e-03 1.857543603438942537e-01
