1.000000000000000000e+00 5.157236562482492596e-04 2.042991726972860356e-01 -7.543456257020743350e-02 4.722605414487099362e-02 7.724441042659485612e-02 3.861812140407260285e-01 6.724311665340811095e-02 -3.477894674949295190e-02 2.283256219403382581e-01 6.457970257761920518e-02 -1.496653571378626368e-01 -1.234909518594918543e-01 -8.494198196556329572e-02 -1.560285084564269065e-01 3.832489430503466243e-01 -1.280140983470929028e-01 -5.769860603243840563e-02 5.353972626816649871e-02 2.315278616291023897e-02 -1.190039322311628456e-01 1.056555552643231727e-01 -1.246156631989321639e-01 -1.593934439217316035e-01 1.252635397760617497e-01 -1.104686330586266280e-01 -4.265098271890584852e-02 4.860546841693135639e-02 2.135906808367470933e-01 -1.466276039391537223e-01 -1.920521502816092962e-02 -3.774128761832973300e-02 1.192160063165060707e-01 8.001404223441173358e-02 6.472312482629101471e-02 1.639972263553658993e-01 3.178901875991717030e-01 1.866953470963178263e-01 1.572566025223033070e-01 9.688793782485337347e-02 1.376435212676746789e-01 1.918446201558514363e-01 1.056727629497649784e-01 1.016509269130990434e-01 1.260383662095677371e-01 -6.238210226023153428e-03 -1.385654560914766631e-01 7.905450364546513786e-02 4.621103750801593968e-01 3.479038224658955736e-01 4.550971621684836710e-01 3.544985356644988483e-01 9.474458005730047871e-02 -5.016722164093931347e-02 1.863581264585783270e-01 3.262914551692236986e-01 2.054987021655418911e-01 -2.543213972177171822e-02 1.401291029651034192e-01 1.342619743344973526e-01 6.609499234186685945e-02 -1.306076537447033725e-01 -2.575217680376627044e-02 -1.444695605994895660e-01 -2.068989703749638531e-01 -7.388803372247987333e-02 2.114387148325623522e-01 6.997807618385165629e-02 1.198856327251907397e-02 -9.568210464066259635e-02 -4.603839606928034067e-02 9.581755392610602842e-03 -8.998328121455169415e-02 1.783524039088082713e-01 9.966387565545898469e-03 2.588245106725564626e-01 2.038334122170396556e-01 -1.544346643374116534e-01 -1.398140382082193323e-01 -8.451262843500290112e-02 -1.023647848882644484e-01 6.038970567245421917e-02 -6.246973926768328161e-02 -1.169882749484666418e-01 -1.335832632732009417e-01 -1.712669334100643259e-01 3.264886491477731467e-01 1.902288763542113112e-02 2.311944515871302772e-02 1.868658507917818623e-01 -4.463639810080318598e-02 2.137784419124185153e-01 1.821006736722407815e-01 2.630400648560906607e-01 -4.871714880656412977e-02 -1.183513077374234376e-03 -3.207192905703019209e-02 -5.881257059257073705e-02 5.222995843242670411e-01 4.001524193519256922e-01
5.157236562482492596e-04 1.000000000000000000e+00 1.573890304744519630e-01 1.055567766761263820e-01 4.846028693982303848e-01 3.574015988497767915e-01 -7.009066939719893474e-02 2.969493634514718816e-01 3.221062597578380204e-01 -1.621916490503726438e-01 -6.394649953013138710e-02 2.144376296170905864e-03 7.270369625973983896e-02 8.934533092665420187e-03 6.457204278142189557e-02 2.988034029034877248e-01 7.130280820341718291e-03 1.519067849989998165e-01 -9.062877264199860339e-02 1.609410114551190485e-01 -6.127686526985596377e-02 -6.859870060122366664e-02 1.527794891283812059e-02 -1.123140971269443039e-01 7.622077428152260713e-03 -6.619844318646044001e-02 -5.833813701924640827e-02 8.999627278510453909e-02 -8.014267769873684166e-02 9.089623569280906590e-02 5.444387056881339233e-03 -1.224484763886437566e-01 -4.774137243419923626e-02 -1.041936952434560776e-01 -1.167437584239588155e-01 1.420572167931428154e-01 -3.110490562779013798e-02 -6.255041336587689738e-02 8.467170263673591546e-02 -4.459881592141008017e-02 -1.239199501268562209e-01 -1.687797036912095927e-01 -1.755956926191226675e-01 7.288478518363582237e-02 -2.163565036323060117e-02 -7.785538846288772574e-02 -3.255537166152139283e-02 -9.900121975916276185e-02 -3.631018799275996523e-02 -5.298001939662795590e-02 6.527720435933513643e-02 3.905503925419984701e-01 1.716193226658047355e-01 3.694880320455714018e-01 3.121812843757211797e-01 1.442000445154489607e-01 2.758070621497747954e-01 4.214901019751012279e-01 -9.842320445580894639e-02 -2.803418642780039927e-03 8.501469502755462648e-02 5.237477932442346357e-02 8.665293705674949332e-02 2.020426691306399791e-02 8.396245244061263657e-02 1.007224930830161180e-01 -6.156026495097582929e-02 -7.998545893718142508e-02 -1.859393253587703632e-01 1.801368103212790672e-01 5.540461915229505027e-03 -5.976063341206800522e-02 2.470855296974319368e-02 -1.461528685276476947e-01 -1.706109064806286546e-01 -9.955203867288271724e-02 -5.909786038272353374e-03 2.224723864874921658e-02 -9.264395008409638532e-02 -1.581576877171191053e-01 -1.599787833041139973e-01 -5.224219650244819879e-02 -7.624628006690094273e-02 -7.095755880940335381e-02 3.034270096119790275e-02 -9.318356612847526754e-02 -9.460059959667625751e-02 -1.209794284826378602e-01 1.874087006250989562e-01 -6.556107350566298120e-02 -1.591957639451144768e-01 5.565829954095016796e-02 1.445202885016459715e-01 -2.092870790211330545e-01 -2.239295350046720812e-01 -3.409463582718404856e-02 -4.516276185278437355e-02 -1.052838173969057739e-01 3.204241223647118914e-02 -5.751147015351016495e-02
2.042991726972860356e-01 1.573890304744519630e-01 1.000000000000000000e+00 -1.552969636677273557e-01 1.674994694208551405e-01 4.882758594456073631e-01 9.834555530297992010e-02 3.707516311440077206e-01 4.305762334565496618e-01 2.193381905656713315e-01 2.013154980882084222e-01 2.876288194466575243e-01 3.449426746704243457e-02 6.502430768247148551e-02 -1.538945171855641003e-01 2.942844173904151858e-02 -5.044091286861682177e-02 1.090423058066493922e-01 4.518865690330074042e-02 -4.600808061136137106e-02 8.543231771783181550e-02 7.703766878174345134e-02 7.027985262289762614e-02 1.530710280283444358e-01 2.783033910652407128e-01 1.928125718749393314e-01 3.250861333087049984e-03 8.291380383666788201e-02 1.348084683479197354e-01 6.257881022312775099e-02 -1.558114073075788641e-01 4.418894957796010853e-02 -5.591423690582687789e-02 7.488032823799797844e-02 -7.772912530725718805e-02 2.816000169444696777e-01 1.231967666975117420e-01 4.531602073035291556e-02 -2.507795175362614176e-02 2.626652355610493705e-01 -8.684160215560995932e-02 3.068606015160095860e-02 4.847467973181995848e-02 -1.346541752709758955e-01 -1.650049758654263399e-01 -4.644156714971831718e-02 3.792688407649233429e-02 6.947649162091172614e-02 3.203642208363980393e-01 3.279124845235667496e-02 -9.231268112763479916e-02 3.616044168730754294e-01 -1.509317095617695170e-01 -2.810880857634384666e-01 4.295384709444881044e-01 6.150191144971223212e-01 2.795390167749731702e-01 3.128323170226415817e-01 1.860286809334896763e-01 1.916550419820666762e-01 2.105319103187516250e-01 1.392590110682546435e-02 2.024446234749923412e-01 -1.310672743848226574e-01 -1.659893090302843599e-01 -1.264285332769713999e-01 8.962974003763451991e-02 -8.875135347729126711e-02 1.426978165803728105e-01 -1.067930748307853450e-02 -6.844668583898624870e-02 4.728893074814620456e-02 4.714914567110785326e-02 3.267275432054260742e-01 1.286612091212774867e-01 2.903803848905305851e-01 2.453431641332946556e-01 1.055807307558787184e-01 -1.648841151815193251e-01 -5.953490109526758667e-02 -6.885918453279837870e-02 -7.147163732896276434e-02 -2.239899617004242061e-01 -1.287337391378191587e-01 -6.862571327721241066e-02 -1.354026730613508422e-01 1.284863848276286968e-01 6.567724797063828612e-02 1.278182481149812144e-01 8.210760097858400830e-02 -1.265786133271161185e-01 3.414955147243522449e-01 1.883916760316615147e-01 -4.805134418934239871e-02 -7.009771809353743457e-03 -1.573772803107150176e-01 -1.684753911762440493e-02 -4.873990516726657563e-02 3.179092005512600960e-01 1.126357213005056840e-01
-7.543456257020743350e-02 1.055567766761263820e-01 -1.552969636677273557e-01 1.000000000000000000e+00 3.933462618079746065e-01 -2.988063494087797589e-02 1.285837581786430373e-01 1.112096909224170871e-01 5.504567845189103914e-02 2.911416853783734340e-02 -1.445858332433114235e-01 6.197996590490205231e-03 -1.017293919718947476e-01 -1.455124704868263931e-02 4.859862905032627522e-02 4.193462713740116476e-01 -2.668888156426589900e-02 -3.622494629499552893e-02 4.502934499749431524e-02 -9.284357845593303737e-02 1.716178344888038554e-01 -1.127347979804637357e-01 -9.534403445522207643e-02 1.341826486906263216e-01 -1.645810872275609849e-01 -1.139402578718672482e-01 -3.032176754728454493e-01 -2.143776582269646125e-01 2.091008690412040627e-01 -1.684436384348973192e-01 -2.191621877703476551e-01 1.335145150608980369e-01 1.370910425823353429e-01 -1.501479919321249516e-02 -1.602746694640546088e-01 6.212317444107876528e-03 8.650845058929663989e-02 -1.313180998684559675e-01 -1.452415881660965302e-01 9.113990169535435282e-02 -6.305571574405739732e-02 -1.896892093270468593e-01 -2.460532216958205842e-01 -9.317566809684264817e-02 -2.235956581798871357e-01 -3.151701087556334491e-01 -1.633328092671108289e-01 -2.757832088305472995e-01 -1.988860265485659362e-01 -7.696821016970710472e-02 1.243863539599171786e-01 -1.914639011196632989e-01 6.518688808368613419e-01 4.745942095636828117e-01 6.217565054136962172e-02 -1.174444822317303322e-01 -4.739463060551350575e-03 2.500664048474189605e-02 -1.450663033954595615e-01 1.837331844627184546e-02 -2.024993489874429287e-01 -1.396467461262377863e-01 5.050490430259220453e-02 -6.660134476976475870e-02 -1.069909670340689345e-01 3.589687236502105833e-02 -2.405735583428329216e-01 1.385307105362388325e-01 1.891956676298230666e-01 -1.063924034076557112e-01 1.746710408478490684e-01 -1.588535968659456066e-02 -1.549693438820120839e-01 -2.367340182489743872e-01 -4.857991527418653588e-02 -1.549429438337115439e-01 1.182386585433527898e-01 -1.095164080628971276e-01 -2.090867476480950393e-01 7.052337349314130588e-02 -9.917181787105749935e-02 -2.665967280853249188e-01 -2.381831218064916766e-01 -1.201535542955938646e-01 -1.066880697755187707e-01 -1.241613915653578121e-01 3.019692625640226988e-02 -3.522969816015761313e-01 5.879402668640246882e-02 -4.212073126960709513e-02 2.669174361050014044e-01 -1.426277776077585213e-01 -2.082675211241835633e-01 -4.350368719940716500e-01 -3.602392895218589630e-01 -1.423616394825208686e-01 -2.890396582101639744e-01 -2.050606546863531499e-01 -1.344630037994100913e-01 5.974815102960133982e-03
4.722605414487099362e-02 4.846028693982303848e-01 1.674994694208551405e-01 3.933462618079746065e-01 1.000000000000000000e+00 5.334300995076647345e-01 8.832480073823566202e-02 4.775340691378336944e-01 5.619896380875597508e-01 1.176101372323470340e-01 -1.050900953048374692e-02 1.152113423014948651e-01 1.862307236285943579e-01 1.573064600367312382e-01 1.247572145180127906e-01 3.913117580578665544e-01 2.318955240788208028e-01 1.892582270345386508e-01 2.215041489825394783e-01 1.654497387532362085e-01 2.463902891243827664e-01 1.728368133788044936e-01 1.581645724000359521e-01 1.559161770233500610e-01 5.429066117295315574e-03 2.005277603691027824e-02 1.821145355273941571e-02 9.849022987880179381e-02 2.568314843016327176e-01 1.775653878217158532e-01 -1.254471136653874941e-01 -3.824105215879165104e-02 8.841518020762487162e-02 6.698525342272636761e-03 -4.814802011715254432e-02 2.861037213301999560e-01 5.329741733694563083e-02 -1.590755630879472360e-01 -8.517771749659019953e-02 9.525449330319513130e-02 -3.203719858388179853e-01 -1.321333197780801549e-01 -1.802878319928901962e-01 -1.494405197333740498e-01 -2.598906663563179675e-01 -1.290409342481623478e-01 -1.214179972004509334e-01 -1.761926675893766558e-01 -1.463536372991973700e-01 -1.361100983128097630e-01 1.491746062301512743e-01 1.222871832366389522e-01 4.366701439687153963e-01 4.244391792380699524e-01 5.957855414233964586e-01 3.586005382843516220e-01 3.314392561333305287e-01 5.924876303591805060e-01 1.274437305423279099e-01 1.872878463368860269e-01 1.134933609241285529e-01 4.796858682396557688e-02 3.059812960641636881e-01 7.654950580145407357e-02 2.835450660366019629e-02 1.703769119503230345e-01 -1.000985146567907463e-01 1.483121140306407071e-01 6.529398130453503701e-02 1.207744304427274262e-01 3.991180729206273425e-01 9.890756115236906676e-02 1.188170903790528310e-01 -7.627016584482806949e-02 6.993250769927400468e-02 5.629580725395903762e-02 3.011810076401971736e-01 1.233547447249633833e-01 -1.463125090942455353e-01 -1.739998520775337398e-01 -7.598851504727807682e-02 -1.857115654013218597e-01 -2.980901677917881520e-01 -1.040170800145920754e-01 1.708571000746834101e-01 -1.343583624013248989e-01 7.252202974625632237e-02 -1.712862828819866068e-01 3.479659084570658756e-01 9.182270242766238377e-02 5.158980586354994929e-02 -5.686760529002685138e-02 -9.384236659768253885e-02 -3.103197630103760041e-01 -3.299448069672927253e-01 -1.985527869409210444e-01 -1.388004316585501052e-01 -1.836959212243924056e-01 6.433052744802200684e-02 2.835608227233177899e-03
7.724441042659485612e-02 3.574015988497767915e-01 4.882758594456073631e-01 -2.988063494087797589e-02 5.334300995076647345e-01 1.000000000000000000e+00 -1.026806288472038170e-02 5.408974311216180331e-01 8.119803282241613296e-01 9.807944645172303466e-02 4.456774657237255050e-02 9.768131841596601472e-02 2.016304697107683397e-01 1.465621779473358366e-01 -2.079748892451785403e-03 9.563561019234127769e-02 1.139871846183761472e-01 2.333695360252005524e-01 1.338161419414692632e-01 1.316977525470020005e-01 2.027619299300406353e-01 1.251649657486973988e-01 1.605914531352434782e-01 1.420636043859764830e-01 1.099426245673523900e-01 6.704625772177197351e-02 1.024384737440797860e-01 7.426975912239335009e-02 1.632539474607705432e-01 2.307449812381902055e-01 -1.461840960645358345e-01 -1.226704553955654670e-01 -1.532775082179775872e-01 -3.448420689226463338e-04 -5.439345815027148145e-02 4.298036312250163027e-01 -7.477619750828200240e-02 -1.449366710435734396e-01 -2.696746949237153329e-02 1.020268235219702474e-01 -2.850037744955405961e-01 -6.187105738556190893e-02 -9.566977887981778506e-02 -2.213536015526941791e-01 -1.811347159321609612e-01 -4.041424402826843815e-02 -3.404846778578587280e-02 -6.696388280608940591e-02 4.338585466508168564e-02 -1.071973354363746911e-01 7.308761050219975304e-03 2.623091249411870218e-01 2.685678602271033763e-02 7.861464187580229426e-03 8.068074345224274246e-01 7.057466955735371972e-01 3.028184908958590493e-01 6.100652087980369398e-01 1.840011726419309435e-01 1.243865896085369627e-01 1.730578408224722198e-01 1.457129586247499220e-01 4.106690272568961908e-01 3.407348146937604592e-04 4.527089439833152651e-02 3.521824642013696854e-02 4.435747695221790854e-02 2.659469252402674178e-02 2.966689324964616112e-02 1.461410453392345266e-01 1.707305421962410086e-01 1.570858285027833257e-01 1.837737966158358993e-01 2.098532386588333742e-01 1.175186337888197152e-01 9.907722169583134397e-02 2.786199028137432698e-01 2.182595693216143884e-01 -1.889808274210899031e-01 -1.930219299167753588e-01 -5.974702604461865074e-02 -1.847333806044767768e-01 -2.587349619064477357e-01 -7.640993439900933826e-02 1.256530846863310458e-01 -1.125790547514136791e-01 -3.913662943467687699e-02 -7.492587265627494164e-02 3.632960558598308243e-01 -1.786374734056784749e-02 -1.520084662142429932e-01 5.818513622748889419e-02 1.129671317744500580e-01 -2.359135173679711706e-01 -1.732140816866988287e-01 -2.193486334930017101e-01 -4.245965711630155653e-02 -1.015915893950093962e-01 2.318667811544131152e-01 -1.394159802516899518e-04
3.861812140407260285e-01 -7.009066939719893474e-02 9.834555530297992010e-02 1.285837581786430373e-01 8.832480073823566202e-02 -1.026806288472038170e-02 1.000000000000000000e+00 2.879575025893666429e-01 1.976401456911994897e-02 4.296146170700234079e-01 1.283597905286409102e-01 -5.103431005768903350e-02 8.487512998392243713e-02 8.266743776565969870e-02 -1.167199498191780205e-02 3.197968250384844446e-01 1.246943981590797751e-01 5.011795969618076940e-02 2.506466110549454562e-01 6.141571875464997554e-02 2.228145959796843933e-01 2.707880979280579137e-01 8.113877549769056563e-02 2.109615256039240605e-01 1.348897277687986507e-01 7.005062982597931240e-03 6.687571322504327898e-02 8.496651991922363201e-02 5.110273765915617217e-01 -4.172176636812477413e-02 -7.153297396418215048e-02 5.617863142559915285e-02 1.479257077505733986e-01 2.733297083179666576e-01 1.991876807754928147e-01 2.399674762047412369e-01 3.431127043088778028e-01 2.760227182073069496e-01 1.723979932539197735e-01 4.819694963694960421e-01 2.624684576508206635e-01 2.062421918704371859e-01 1.853278937214307420e-01 1.306898834122890152e-01 9.481666928734119870e-02 7.292386752238262659e-02 3.836936901374990438e-02 1.217549180285017740e-01 3.415088029610177101e-01 3.610005528934959740e-01 1.708997860836295735e-01 1.805530966942090199e-01 5.165586038632582339e-02 -1.707327522757929317e-01 1.286038384361904985e-01 1.933720858217199967e-01 3.568485019432882099e-01 8.970747311267732171e-02 1.369767264424232023e-01 2.517415519082521480e-01 -1.411000812683645654e-02 -8.461478599204995399e-02 2.727694176804255563e-02 -8.986233117348879640e-02 -2.815859867230455227e-01 3.256972077005952648e-02 3.219401095789879985e-01 1.803681394159601659e-01 2.933923781956190857e-01 -5.414615205438683826e-02 1.145813991543177951e-01 1.120761905920107104e-01 1.501072480362800575e-02 3.222907552685032040e-01 1.795981278915289303e-01 2.413889160478938367e-01 3.654970760197125967e-01 -8.995537233734028290e-03 -1.660807636218271377e-01 -1.194767162604449678e-01 7.145072289345856531e-02 2.191885753894595723e-02 -5.336021054300434802e-02 1.910992512152735051e-02 6.416339531019103759e-02 -9.809441402106798547e-02 3.083044741310356773e-01 1.553958700396596282e-01 1.168831350667379337e-01 3.343363302328091202e-01 -1.101293169706655667e-01 8.671691818934182394e-02 1.321719223224228634e-01 8.201466236730629855e-02 -1.309069115530734906e-01 7.420822113021392774e-02 9.180671165157756886e-02 8.364552476284232985e-02 3.468031147519407553e-01 4.161079786919033574e-01
6.724311665340811095e-02 2.969493634514718816e-01 3.707516311440077206e-01 1.112096909224170871e-01 4.775340691378336944e-01 5.408974311216180331e-01 2.879575025893666429e-01 1.000000000000000000e+00 6.911346600599213019e-01 2.394395705587760992e-01 2.097418944688663866e-03 1.975405676156664035e-03 2.170247387244363946e-01 2.722963996215879701e-01 1.925802934593742397e-02 6.967256505603669492e-02 2.008210580070866613e-01 4.071632359604664408e-01 2.107595565440353869e-01 1.399361825825406191e-01 3.099783501864996627e-01 2.807205254385921056e-01 2.044181326117955333e-01 2.472605562153704639e-01 -1.007121545686770342e-01 3.756423225827412726e-02 1.421106014301229126e-01 7.376378759116049288e-02 3.799123385713614187e-01 2.258930802377294711e-01 -1.044763767278796412e-01 -3.334365547010839648e-02 -3.895277544476155075e-03 1.210473579257730498e-01 8.062810411774443131e-02 4.353903460817802329e-01 1.112590104555504500e-01 -9.579568416353094473e-02 6.703610574410817646e-02 3.486102820794885759e-01 -1.310818634647783476e-01 7.087183251907482051e-02 -4.294390741730326477e-02 -5.341270033855788357e-02 -1.877283148960841586e-01 3.808192371018642025e-02 1.022840545912716698e-01 9.028904690860437357e-03 -2.238651762080361499e-02 -6.724017148382172016e-02 -8.718864771946979730e-02 1.399772898600051274e-01 4.460368860211151587e-02 -8.751319000174802298e-02 6.023859626870141648e-01 5.196016074724411071e-01 5.369088649131500413e-01 6.320079388757502414e-01 7.229908357311987110e-02 8.575524747696294803e-02 1.152216357071821073e-01 1.077868886181366365e-01 3.417217474435740865e-01 -2.294301283127964108e-02 -8.146016215247793568e-02 1.483667630765413310e-02 6.735223932126510604e-02 6.472609444507484988e-02 2.612888690996950647e-01 2.681512216987659847e-01 1.846086464348917489e-01 2.132877986918184088e-01 1.663121943541683578e-01 3.051457367477337090e-01 1.590132467071443401e-01 1.396244628370720275e-01 3.849737321492582853e-01 2.518717844856385168e-01 -1.303281821153705056e-01 -1.056659204064489405e-01 2.039788710293910790e-01 -1.368454631802330790e-02 -1.647535313274138546e-01 1.162200881756673965e-02 2.358534609139857630e-01 1.935081350393319521e-02 1.950157730361877229e-01 1.391513469167817707e-01 3.813781617943247104e-01 2.022390388838750386e-01 -6.449099169208133420e-02 -1.013799119001625865e-01 6.464185491988584664e-02 -1.270174399595050962e-01 -1.524731724970785351e-01 -2.434402191257103998e-02 1.027772327789004680e-01 7.444018986656544823e-02 1.385360581306935845e-01 4.718437473209341482e-02
-3.477894674949295190e-02 3.221062597578380204e-01 4.305762334565496618e-01 5.504567845189103914e-02 5.619896380875597508e-01 8.119803282241613296e-01 1.976401456911994897e-02 6.911346600599213019e-01 1.000000000000000000e+00 9.826874865148188531e-02 5.059493584550499301e-02 1.180788850229113340e-01 2.754087942723695837e-01 2.355451861470643504e-01 1.485597007180611447e-02 2.756471876863636483e-02 1.772616726621214223e-01 3.399587805581148481e-01 1.815962297644799772e-01 1.629148591608314545e-01 3.022474145642780052e-01 1.866502698171824126e-01 1.963748800474185430e-01 2.319391821682831312e-01 -9.250038467110126977e-03 7.806298917867206255e-02 1.409099222504677784e-01 5.464446265172943212e-02 2.554154470217510631e-01 2.771176731718711372e-01 -1.628222458301072928e-01 -9.269686195677076523e-02 -1.181334103804287106e-01 4.797328991355325617e-02 -2.539342209206405312e-02 5.012455815751194477e-01 -5.566972967223828006e-02 -1.905174724274687481e-01 -5.418783728525980448e-02 1.376898633100487879e-01 -2.731538624126880754e-01 -8.829758060154714594e-02 -1.186014387981422780e-01 -2.241621506581803203e-01 -2.642631264933362756e-01 -1.970594613773686554e-02 1.960782290677264006e-02 -6.005001618139771402e-02 -7.050913757147260486e-02 -1.327129108252559087e-01 -9.152914389031609199e-02 1.432881136025741797e-01 6.479502585776669710e-02 1.697518024667566197e-02 7.677344836270653117e-01 6.596879287833620209e-01 3.655876011654404234e-01 7.020666184861447112e-01 1.047405890936218276e-01 1.022318917866113924e-01 1.641880162723068359e-01 1.947905558542608051e-01 4.549971707106579832e-01 5.133474124793132275e-03 2.320924185066793044e-02 2.159839052289986780e-02 2.680667494280779273e-02 2.863837178388128207e-02 1.172924745988440931e-01 2.297641184948041870e-01 2.330925415998826855e-01 1.875294341653271912e-01 2.088566266501678537e-01 2.016332037708258029e-01 1.489782504984344946e-01 5.002765807920495078e-02 3.216706977008701451e-01 2.530777152909409744e-01 -1.803905255988750567e-01 -1.530571332248447658e-01 2.456198758805380397e-02 -1.409903426957054284e-01 -2.806317821661294953e-01 -5.115698933181054425e-02 1.904584199892557506e-01 -5.747684679921610806e-02 1.987176959064468340e-02 -2.660830373345790881e-02 4.349867456263913912e-01 8.364879951116108159e-02 -9.356239834800221533e-02 -5.887507583673198125e-02 4.973085166827748149e-02 -2.788831376489139813e-01 -1.910862479051216589e-01 -2.021233750163422827e-01 7.073616144827307500e-04 -5.947881426452287373e-02 1.290634703704342523e-01 -1.064003984302295050e-02
2.283256219403382581e-01 -1.621916490503726438e-01 2.193381905656713315e-01 2.911416853783734340e-02 1.176101372323470340e-01 9.807944645172303466e-02 4.296146170700234079e-01 2.394395705587760992e-01 9.826874865148188531e-02 1.000000000000000000e+00 1.849744485553144191e-01 1.428229461930281552e-01 2.460082802141720926e-01 1.223397550372492121e-01 4.612139132613482517e-02 2.597759261507541217e-01 2.167882801662562586e-01 -1.266001622516776948e-02 3.030595290935096942e-01 -2.367201620629389158e-01 2.638697888411540848e-01 3.427355820485071813e-01 1.503804274025740684e-01 3.263700180539472195e-01 3.523087856637346360e-01 1.704095224844924539e-01 1.645557372361609871e-01 2.061983451812419432e-01 3.227853844145540663e-01 1.325669417038490006e-01 -5.769200141858589481e-02 1.400431427437256182e-01 9.635946773543280219e-02 1.148933557641196312e-01 2.027792052523688660e-01 5.535255051702436119e-02 1.202852042521281722e-01 2.334559162679451516e-01 -9.905188415465875779e-03 4.897060309765244868e-01 -1.864807458115278760e-01 4.131594913566518645e-01 2.952505852753800619e-01 -1.521181400628732472e-01 -9.425611661275669351e-02 5.160155663500495815e-02 -4.078059681659636920e-02 -2.198088915426189144e-02 1.161215371131107607e-02 -1.183756517541744158e-01 -5.291700118246814993e-02 -8.645747790144278416e-04 -3.408711654265444285e-02 -2.177910495751984032e-01 1.893349990479062939e-01 2.430873864441938093e-01 1.296471598645281831e-01 6.101369599493970675e-02 4.360937291817000849e-01 3.231223355568246247e-01 2.684549437651680415e-01 1.075722252327479117e-01 2.977669534049446898e-01 8.344050719815455930e-02 -1.397940197793791639e-01 1.082015792226621032e-01 -1.681141840760149581e-02 2.518822452903985432e-01 2.694717071593259461e-01 -2.096187745000471780e-01 1.883119441811691719e-01 2.878880862376610450e-01 1.733415620499442755e-01 3.831472077800416876e-01 3.267068137970711161e-01 5.150961266067345390e-01 3.287936685547653837e-01 2.337007254962634173e-01 -7.164093852608571789e-02 -3.719489396398628633e-02 1.157495903651842850e-01 -2.088508221773036078e-01 -2.319881409894236635e-02 1.475689947543731839e-01 2.176943664129401268e-01 4.042482291613107293e-02 1.911878585560250199e-01 1.962026479946455682e-01 -9.641276539388916877e-02 1.195989164211497258e-01 -5.300370831951650014e-02 1.344941815328985213e-01 1.031135580110969507e-01 1.451611356394452435e-01 1.068996973888800828e-01 -1.286611770010318290e-01 1.624467426624988386e-02 -9.410183932441071319e-03 5.871358213588501185e-02 -1.491579947240593597e-02
6.457970257761920518e-02 -6.394649953013138710e-02 2.013154980882084222e-01 -1.445858332433114235e-01 -1.050900953048374692e-02 4.456774657237255050e-02 1.283597905286409102e-01 2.097418944688663866e-03 5.059493584550499301e-02 1.849744485553144191e-01 1.000000000000000000e+00 6.057996969365151418e-01 3.962003876098669775e-01 2.270158870037035370e-01 1.232904333818340831e-01 1.126925131853804274e-01 3.841177615374307686e-01 -2.285648300692016618e-02 3.173854468006958585e-01 -1.317301224573332319e-01 4.436363119557247547e-02 3.509926117313135197e-01 2.056208096974425914e-01 4.836195446583406166e-01 3.547862062589622889e-01 6.103305470752570239e-01 2.403860980591574770e-01 2.667975879562700658e-01 1.744044397760777798e-01 2.465974744853286493e-01 -2.232938594985341696e-01 -2.636406685573109906e-02 -1.530884565550903464e-01 2.105787045906433452e-01 2.672790321121983892e-01 1.407501843367292005e-01 1.632705965116086622e-01 1.087539064008047340e-01 6.628341931822701039e-02 3.166652408145629316e-01 2.184400140357221909e-03 -3.786351593689257777e-02 2.197178908581075840e-01 -5.438376622995585996e-02 -9.950010260440221577e-02 1.879223485588705778e-01 1.261757971748485030e-01 1.659598585915103564e-01 1.989471363195999820e-01 1.171620531238926760e-01 1.027488829107161133e-01 6.005383611467689231e-02 -1.053162120831751397e-01 -1.376116238518639567e-01 1.464629244853802616e-02 4.503110172241990561e-02 -7.263368849933118931e-02 2.415547314719864933e-02 3.248265365746761946e-01 5.592157191515156889e-01 3.713316821959784519e-01 3.003630596628973359e-01 1.719866070796572943e-01 2.246828831083952718e-03 2.512752833051887496e-03 1.134121031112619998e-01 9.438644242401418648e-05 1.446470212611177530e-01 1.426496003735225893e-01 -1.270833881182151237e-01 -1.828472068802547033e-03 3.061269386527047387e-01 1.150161765128051294e-01 1.445432134321388562e-01 4.529318597011409708e-01 4.028679143741955015e-01 1.489992460412988273e-01 1.843750205762416661e-01 -2.064437179671937683e-01 -7.091084784962691304e-03 2.213277367006881782e-02 -1.000108814564234228e-01 -6.533326854826382313e-02 2.319169840413488615e-01 2.043391803607894353e-01 -3.737397169074968550e-02 2.033694807327434406e-01 3.682356736317015100e-01 1.030437462588270833e-02 1.782377798302496597e-01 -8.880377923277939234e-02 1.843970826869179847e-01 2.084440549116443886e-01 -4.726025809216772428e-02 9.522735864246061055e-02 1.441366611939849315e-02 1.445179262026166089e-01 -6.578304631960199544e-03 1.533073045075386276e-01 1.727525579839880865e-01
-1.496653571378626368e-01 2.144376296170905864e-03 2.876288194466575243e-01 6.197996590490205231e-03 1.152113423014948651e-01 9.768131841596601472e-02 -5.103431005768903350e-02 1.975405676156664035e-03 1.180788850229113340e-01 1.428229461930281552e-01 6.057996969365151418e-01 1.000000000000000000e+00 3.238538433175658371e-01 3.357516096531473204e-01 1.969478915812782061e-01 1.275752498355826325e-01 4.374419147847865563e-01 9.165562919241736217e-02 3.666252096977261066e-01 -3.969088214898863071e-02 1.987967314132411956e-01 3.079010601856232987e-01 3.056091755976240720e-01 5.046684060880382017e-01 2.985736487702438380e-01 6.894776310275029241e-01 2.034886055708348129e-01 3.051606265765511861e-01 9.422059417864234176e-02 2.338306358653907124e-01 -2.511474227523651792e-01 2.436894160862767764e-02 -9.000318776738165660e-02 1.393865774660155155e-01 1.919257897602640039e-01 1.486303845909511534e-01 1.356658894783087932e-01 -6.518295283029085230e-02 -7.496253081179542199e-02 2.658016293085541659e-01 -1.252761939022057902e-01 -9.527219288136898334e-02 1.505323892917523332e-01 -3.494176542659327422e-02 -1.297836276182968984e-01 1.013002624844033112e-01 1.324565693927281240e-01 1.628623461250525428e-01 1.697644477511756900e-01 2.679949473325079351e-02 -1.371325994668197157e-01 -1.258440205162305037e-01 -2.672233387275391170e-02 2.077364252720289087e-02 -6.926632943938003557e-03 1.993898777041526460e-02 -1.958774248035928811e-01 5.954021518618474174e-02 1.170046435545194635e-01 5.100329097407925172e-01 4.015987455533145956e-01 2.366056194476874319e-01 2.662253198108675556e-01 1.062228962624931772e-01 1.059647227260957503e-01 1.551616156233676935e-01 -7.217230726752212056e-02 2.475845358092169102e-01 1.083177082358620369e-01 -7.433474487163430067e-02 1.361162728893193230e-01 2.877835653304492425e-01 2.036927646324148966e-01 -3.258990244240891204e-02 4.526917595961143514e-01 3.386659444758465809e-01 1.733142101787617517e-01 3.148234309168029266e-01 -1.833096318551426518e-01 3.015634380369929674e-02 -2.129050658599627305e-02 -1.455902625675422613e-01 -7.822367586667056116e-02 1.934518879253020740e-01 2.301661050796375285e-01 3.795373602064292841e-03 7.318413481390818875e-02 1.967252311183096125e-01 8.183961664500359612e-02 1.197118499518185497e-01 1.601377524857750543e-04 1.958289974931472777e-01 -1.952976326376555660e-02 -2.444070786158716591e-01 2.723000335836579799e-02 3.596548184766722861e-02 1.362941331658956701e-01 8.437778078657169611e-02 1.168087354115765336e-01 1.076967752668327866e-01
-1.234909518594918543e-01 7.270369625973983896e-02 3.449426746704243457e-02 -1.017293919718947476e-01 1.862307236285943579e-01 2.016304697107683397e-01 8.487512998392243713e-02 2.170247387244363946e-01 2.754087942723695837e-01 2.460082802141720926e-01 3.962003876098669775e-01 3.238538433175658371e-01 1.000000000000000000e+00 3.191942140896741886e-01 1.601546719864654911e-01 -3.484631160011150697e-02 3.982187925152556596e-01 1.016294562528542583e-01 2.470835395334425033e-01 8.495135792044285206e-02 1.394891043951385079e-01 3.658813499417842841e-01 2.740316943349253020e-01 3.620087484384919563e-01 2.137463563797473987e-01 2.719614846213316839e-01 3.059961731350493985e-01 2.910689960675417187e-01 2.272477126132695091e-01 3.671644659946528000e-01 -1.727134465670887853e-01 -1.177845489334773260e-01 -1.535568828102428507e-01 1.325054023357838395e-01 2.908030817857507611e-01 1.899054224393222912e-01 1.199815510570288735e-01 -4.930717537412145773e-02 5.793457525585538059e-02 2.183400668734682415e-01 -1.500131021631131711e-01 -2.114977930449402077e-02 1.481056460475529690e-01 -7.598421124275031580e-02 -1.182974339804743341e-01 1.882142195781302263e-01 1.732635830213519745e-01 1.292949010259463738e-01 -5.484226494891662404e-03 3.143170849446969006e-02 -7.981793654023022766e-02 -7.549753693525897147e-02 -9.723243269570111535e-02 -2.157758132093244401e-03 2.042216117808813292e-01 6.098222102666174538e-02 3.737193070309045156e-02 3.294479606448060816e-01 2.933338149797865002e-01 3.435705088708119748e-01 4.424750199416462859e-01 7.492873910716008057e-01 3.814215667551069111e-01 1.375785154360273932e-01 7.716228026150988295e-02 1.821444945425828021e-01 9.526497725397502572e-03 9.438876892571451682e-02 1.214894740776735482e-01 9.358378894046211205e-02 1.832115633932310528e-01 3.017654149840869326e-01 2.372087206692045924e-01 1.353479228980831173e-01 3.241932896841828171e-01 1.669249107469904514e-01 1.902296301993371963e-01 3.175070978792179366e-01 -1.106765528984351848e-01 -1.401196905292268757e-01 9.518982037633808013e-02 -3.217708289955052009e-02 -8.330482493299279367e-02 2.355610371335363495e-01 4.024132616299481713e-01 1.076541607051027527e-01 1.618766613238389052e-01 2.797269279365811601e-01 2.185876037508513725e-01 1.753068713475275098e-01 -1.683029230083833150e-01 2.211655981153144018e-02 1.552158372237591177e-01 -8.717433272094893271e-02 3.115571794872129888e-02 -4.464093978229371346e-02 2.086905997932760326e-01 1.159834009790312037e-01 6.917015780011474824e-02 1.275388141751886695e-01
-8.494198196556329572e-02 8.934533092665420187e-03 6.502430768247148551e-02 -1.455124704868263931e-02 1.573064600367312382e-01 1.465621779473358366e-01 8.266743776565969870e-02 2.722963996215879701e-01 2.355451861470643504e-01 1.223397550372492121e-01 2.270158870037035370e-01 3.357516096531473204e-01 3.191942140896741886e-01 1.000000000000000000e+00 6.343971286782993380e-01 1.837455623374743960e-03 5.005135582845177122e-01 3.779471008770861618e-01 5.770570941647796825e-01 1.008956713084271373e-01 4.745048012761082790e-01 3.696765158904909421e-01 7.356375708544183878e-01 4.118224083660285140e-01 -7.327479100191530703e-02 3.378807727404007921e-01 4.442656935795082362e-01 4.456759219833739682e-01 4.248409739373379401e-01 6.646079394316830591e-01 -2.790479926301704383e-01 6.106075082904378545e-03 -5.978780367676217455e-02 3.187275402418597303e-01 2.829391543252769425e-01 3.749317498339771459e-01 2.316207310057261104e-01 -1.201668431395384179e-01 1.359707446070357317e-01 2.670568072490467904e-01 1.786769872139009133e-02 1.462587120332041989e-02 1.131887165724781014e-01 6.562162936553020409e-02 -1.052205514826404092e-01 4.640649793031363934e-01 4.910742803972498738e-01 4.689188159017476099e-01 9.349207968109726069e-03 4.294935066932682732e-02 -9.257164158806401033e-02 -2.029549293459432802e-01 -2.487856310451230443e-02 -6.294609925326498379e-02 1.481189267799654374e-01 7.263773544241305946e-02 -1.526170098132794296e-03 1.890225468543395015e-01 7.983420920966005641e-02 3.049779012697564906e-01 2.415662806905658211e-01 2.536007718065889649e-01 4.993780268476648021e-01 3.943065940227454824e-01 4.604748887007769076e-01 5.718350338644015984e-01 6.558171713552769788e-02 4.744522437742471621e-01 2.971213936835114255e-01 1.920720488036944951e-01 3.099857089115686248e-01 4.458015132282123205e-01 6.512304410535230126e-01 1.702777239281433042e-01 3.878565163530851012e-01 2.313035607869804999e-01 4.828246083156213508e-01 6.333673969515039026e-01 -1.824786878149314284e-01 3.621810730453890043e-02 2.870967589164997169e-01 6.573007265104711949e-02 -3.535430110964565831e-02 2.121909652006223335e-01 4.307799881404547060e-01 4.076421783127420762e-01 2.993000721193491698e-01 3.876590375782574260e-01 3.556377012521533265e-01 2.936752506802880469e-01 8.089328597698630663e-02 -4.738012389735125895e-02 3.555565407284911467e-02 -1.479451113390239936e-01 -4.348116814149274173e-02 1.445175679138068492e-01 4.924673685500745579e-01 5.000396255019353697e-01 9.162762316033958021e-02 1.465399756408258258e-01
-1.560285084564269065e-01 6.457204278142189557e-02 -1.538945171855641003e-01 4.859862905032627522e-02 1.247572145180127906e-01 -2.079748892451785403e-03 -1.167199498191780205e-02 1.925802934593742397e-02 1.485597007180611447e-02 4.612139132613482517e-02 1.232904333818340831e-01 1.969478915812782061e-01 1.601546719864654911e-01 6.343971286782993380e-01 1.000000000000000000e+00 8.523145488099119482e-02 3.690262957951739864e-01 2.630208102223202671e-01 3.690634577906058977e-01 6.444635117203362240e-02 3.592774110245579577e-01 1.085866967321543058e-01 5.575546872791314890e-01 2.795256059450607067e-01 -1.178521466914101840e-01 2.482789287479178209e-01 3.190780410790617916e-01 4.402866425011415230e-01 2.336291177092161553e-01 5.858060813973161585e-01 -2.040451239495642832e-01 -7.464604562600923865e-02 -9.932445854077831537e-02 1.350209890455046080e-01 1.043978674712152388e-01 1.742004144437130364e-01 1.326658617797356055e-01 -1.985749563859361411e-01 -1.014364230767574385e-02 1.183555696842822080e-01 -7.309122031722485591e-02 -1.127275900518925206e-02 -2.254011844839201584e-02 7.272154445279151169e-02 -5.680390730819601108e-02 3.092917495700112651e-01 2.865861778628828738e-01 2.477706497146224263e-01 -1.116528190609652749e-01 -2.664216119717960005e-02 -1.092504548309698592e-01 -1.964362577884883887e-01 2.397566007032995300e-02 1.728622005560045138e-01 2.037689067939645396e-02 -1.183653151049817859e-01 -1.367495798206083690e-01 5.173910700170120808e-02 -5.981859418678193638e-03 1.839228751778921311e-01 1.613209056987527645e-01 1.330360829380825838e-01 3.330789884456510919e-01 3.774265708090324134e-01 5.767698111441929010e-01 8.091504336645162221e-01 -5.430716851041626769e-02 3.674636734366125701e-01 6.814398320942596787e-02 8.346972251393031117e-02 3.566758364739305853e-01 2.993841330749107410e-01 5.197084867212239390e-01 4.983962255865529919e-03 2.049247542515345022e-01 2.049957479279277128e-01 3.037607598968413702e-01 5.794943216249297535e-01 -1.629289718198652093e-01 -5.520496109490084791e-02 1.928127623758390530e-01 -6.178048623698675912e-02 -2.964093509368127214e-03 1.342566996092156850e-01 3.540219298952443916e-01 3.002868644091229444e-01 1.831860988592761696e-01 2.690516990988016111e-01 2.407727779050901906e-01 8.837932802679165922e-02 -4.571364205673438680e-02 -1.606419963929442696e-01 -2.393435139576294279e-02 -1.904281575061553544e-01 -1.172145449277711970e-01 8.734024861243813720e-02 3.036692951911184601e-01 3.370817367917534613e-01 -2.081493327038340044e-02 2.800320358012612851e-02
