1.000000000000000000e+00 -1.336214155484973520e-01 1.727304317881229734e-01 -6.674813918003616453e-02 -1.365852742466519554e-01 3.028356943276093172e-01 3.148099350114260120e-01 2.043690461841908002e-01 3.364379497388078066e-01 7.716746593047343894e-02 -3.225084427567139200e-01 -2.787759360019779198e-01 -8.517946253779234977e-02 -1.656925743657246541e-01 -2.009188527619819586e-01 1.462995002212858220e-01 9.305378282675174501e-03 -3.191151186038142518e-01 -1.016800507541103099e-01 -2.523758505887525594e-01 -2.366091007270920143e-01 -1.570998532409595139e-01 -1.168403979417145522e-01 -1.512264112918378922e-01 9.370265039778408189e-02 -5.868529132652176850e-02 -1.492965730508568345e-01 -1.009617357731780324e-01 -1.505540843586276878e-01 -1.082691763569202520e-01 -7.759868897609799310e-02 3.728308735117089046e-01 3.231088139414493576e-01 -2.110202162954123717e-01 -1.573030938680784474e-01 -2.388000219709410787e-01 -1.916557788622333114e-01 3.605627717906019769e-01 -1.916080988163490484e-02 2.606748078319580664e-01 -1.951316107314693682e-01 -1.386792233058130319e-01 -1.796622104608288154e-02 -1.113294208213984338e-01 -1.714083087926815963e-01 -1.815683303953115890e-01 -1.869857262385435648e-01 -1.374128375101233424e-01 1.399423596005413550e-01 -2.076655516336651519e-01 6.227413652877519246e-01 2.290561182179518540e-01 2.107417680410836325e-01 1.776777637253034239e-02 1.460338489871481626e-01 4.288349960482125134e-01 2.556750351492790840e-01 1.170351995776390125e-01 -8.120352274126173275e-02 -8.209759380598373457e-02 2.790680109114062214e-03 -7.454882782396708707e-02 -1.466501259076899710e-01 -1.309076731581911290e-01 -2.498973656264126819e-01 -2.003328306050167207e-01 5.693591839600092852e-02 -1.433927996734676857e-01 -2.605186454771979965e-01 -3.178397261780528393e-01 -2.410014894099777871e-01 -1.694161949451778171e-01 -1.365286176143180596e-01 -2.115985470312625738e-01 -2.966070643231415171e-02 -2.128976309837923159e-02 -1.688138289257945790e-01 -4.124197007492856615e-02 -9.264591296635807383e-02 3.437824571701129650e-01 1.227322303134184035e-02 -3.086811946002708251e-01 -2.444339169372885812e-01 -1.572539513114690479e-01 -2.385785938326312819e-02 -1.683459315486574709e-02 -2.596466661519705177e-01 -1.290779706742937738e-01 -3.130859450184670378e-01 -2.147831993370612758e-01 4.339017802482169617e-01 -2.852096544611466555e-01 -2.620988489139791655e-01 -1.073008675430255632e-01 -9.768675224485197373e-02 -1.360494959774629087e-01 -3.901436302865037009e-02 -3.841910360905022997e-02 4.067452931887721029e-02 -2.540359029236479715e-01
-1.336214155484973520e-01 1.000000000000000000e+00 1.943144075242077828e-01 8.260363121252830565e-01 7.334997628929064151e-01 -4.562434394467922150e-02 1.621917035733637380e-01 2.228932147474309636e-02 3.230659427731552569e-02 -4.456625877069271269e-01 -1.328181025583125181e-02 1.756817856606698314e-01 -5.928187563932071219e-02 3.697347300439624007e-01 1.701378058700181162e-01 6.647262071845163600e-01 -5.263761304703307858e-02 1.216294762657800232e-01 1.828556538077823479e-01 1.913972136449231809e-01 1.155630350384794641e-01 1.687791276494191375e-02 3.288585740896182025e-02 6.712477990751093693e-03 -3.450557853647822082e-01 1.430581621828469208e-01 4.090160835401367989e-01 2.306679816509576986e-01 -8.787337591793582814e-02 -4.669471924056135537e-01 -3.792263399536598967e-01 2.945281727392589088e-01 4.501493260612276504e-01 -2.122252276617394018e-01 1.775285258151493017e-01 -1.507490953611226037e-01 2.496870725605128752e-02 -1.423192722606041183e-01 -3.677091192849018531e-01 -3.879878233776679619e-01 -2.601007352026086794e-01 -9.720475361718557139e-02 1.609774751506884982e-01 2.800733542688065292e-01 3.416911414197692509e-01 3.504187802816461361e-01 1.434090759361955625e-01 2.408161537496163185e-01 -1.919462758019103710e-01 -2.582077894060887391e-01 1.799690748641668836e-01 6.824261296063701687e-01 5.504007615014872012e-01 7.409019648513556211e-01 1.835286247910931645e-01 -2.068239900155745270e-01 -2.273162409044150456e-01 -1.838024727650636736e-01 -5.431843682407410112e-01 9.624673425267135651e-02 3.627593695467171142e-01 3.020500663952467302e-01 2.458599937082527609e-01 1.055497795300891078e-01 4.305297725657712959e-01 3.010106491497389625e-01 -3.308946474030688978e-01 2.959176032790093447e-01 9.516496255233453105e-02 6.321848779232390469e-02 2.359976258097272461e-01 2.268316097424181166e-01 1.177359567482511200e-02 -3.060606728427212042e-01 3.773195141948521708e-02 -1.616159184757179346e-02 2.401176105551462159e-01 1.815786222695291163e-01 -3.904659476910061766e-01 2.985761380491121497e-01 2.098824979408841773e-01 -1.343412220467205820e-01 1.016426554320833120e-01 2.716187998473736376e-01 3.263158296459269248e-01 -4.528425962725398102e-01 -3.247136851177753573e-04 2.277656069247190052e-01 2.135774720233406601e-02 -3.607181594914760647e-01 5.861716001209498969e-03 -5.276406909271912776e-02 -1.961595012721068232e-01 3.771133875966470317e-02 1.175550117182637549e-01 2.781789716752657293e-01 5.413291659451004989e-01 3.804515174350101558e-01 -1.962436789727781683e-01 -2.079115183640449505e-01
1.727304317881229734e-01 1.943144075242077828e-01 1.000000000000000000e+00 8.906481809793130588e-02 4.168052795590979076e-01 6.724475309006014978e-01 4.492263778979668221e-01 5.718973556156549121e-01 5.217322595543023578e-01 -8.371319758633699593e-02 -2.227059874296808979e-03 8.797100925139048067e-02 6.944491008277016431e-02 3.680029177917804734e-02 3.441225156684251524e-02 1.503745906877697325e-01 -7.330484951333470292e-03 1.711837029965153911e-01 1.365572697641793121e-01 2.151662310835250336e-01 6.188549795018846028e-02 -9.630114844468390389e-02 -4.183621436968140012e-02 7.473397603653957055e-02 -1.285885406686034238e-01 -1.708275182912115941e-01 -7.422927207355432822e-02 -9.010339370559848626e-02 1.758839384722395982e-01 -3.344204571209299232e-02 -1.081901847995309085e-02 -4.865198304564099380e-02 -2.360854298514507982e-02 -2.371416902072829430e-02 -3.436328646763877476e-02 1.573576094692282212e-01 1.578250020615560439e-02 -1.104592665001604135e-01 1.283827469652362545e-02 6.641532431959824845e-02 -1.173243778645198521e-02 2.310308332759562072e-02 -7.990943320365709313e-02 1.383578435198022476e-02 -1.492219370098760850e-02 -1.514758213154508426e-01 -1.313951810875059467e-01 -2.092967084535019839e-01 2.778934542999159096e-01 2.785182280295582166e-02 5.734739081794944932e-02 4.163559422718981495e-01 3.501159942554781662e-02 -4.936057222903439401e-02 7.038280644343343218e-01 4.325732019175657639e-01 3.270341660920611515e-01 3.961810982824189864e-01 -6.329518625196678405e-02 -1.042860659732738060e-01 -1.121787690537758148e-01 -2.705655696588478085e-02 -6.336145176763711973e-02 2.688403082531715810e-02 -1.249268308072010517e-02 6.067202547503854765e-02 3.223304458997239275e-02 1.011781431758926840e-02 -1.318637362046141126e-01 9.511928713589866413e-02 9.479229183740783479e-03 -1.148198978624633548e-01 -1.093236788445402230e-01 4.109883485407375692e-03 -1.167430711333638654e-01 -2.476226169128057097e-01 1.321259120815923005e-01 -2.097952809703624300e-01 -4.951796464382887675e-02 -1.059733379292136790e-01 -1.017474860689834282e-01 -1.564417296605845886e-01 -2.998339047291789100e-02 -3.875015796019461861e-02 -1.712988944574961592e-01 -1.015148496233555936e-01 1.851186045763147242e-02 -1.658597449905909182e-01 1.792262847081046717e-01 -9.121118321130844420e-02 -7.621632846245605941e-02 -6.621306587201734872e-02 -1.305501997403320513e-01 -1.159434074453986191e-01 -1.266247301432858463e-01 -1.676268670126246363e-02 -1.247930161304169200e-01 -1.182712372176328713e-01 2.371595897911029094e-01 -4.265447952078356419e-02
-6.674813918003616453e-02 8.260363121252830565e-01 8.906481809793130588e-02 1.000000000000000000e+00 6.637832649292015885e-01 -1.057916691357172756e-01 1.679923938007799877e-01 5.223252366926552787e-02 2.292879379635038954e-03 -4.244803175167468634e-01 -3.626256459334702836e-02 1.564083962718128273e-01 -1.265569746422682551e-01 3.430588733655317579e-01 1.721364049494026049e-01 6.851462184250003418e-01 -7.849631845674222286e-02 5.177643186508188583e-02 1.456560585068786828e-01 1.590615209808571573e-01 6.507598127553700096e-02 7.152976746013132471e-03 8.168656808273783154e-02 1.213215638464053801e-02 -2.827083998640628759e-01 1.718821496046663566e-01 4.334913516054531568e-01 2.844136002132663377e-01 -1.531379537832038285e-01 -4.867980615075508388e-01 -4.199890195712838170e-01 3.904977772176456696e-01 4.854469657328229215e-01 -2.269825984495764948e-01 1.536985562550289841e-01 -1.552138624989212456e-01 -2.068092673736450851e-02 -5.869082962117611046e-02 -3.332082041833128727e-01 -3.249231813287986048e-01 -2.470867375376508690e-01 -1.167733222592375053e-01 1.703872691816256946e-01 2.257076593594808112e-01 2.803164336188719297e-01 3.677133775818156036e-01 1.880487541032618282e-01 2.818420676692186544e-01 -1.922049692638425344e-01 -2.739288143127046604e-01 2.388096988027652023e-01 6.763473208294792371e-01 6.231575225017256248e-01 7.874276627642535775e-01 1.179368747143970803e-01 -2.329834595928085006e-01 -1.865396766902845394e-01 -1.996522402996542545e-01 -5.485237948672484487e-01 5.964047822845667396e-02 3.497025583559547623e-01 2.998423389784443116e-01 2.260160920437208343e-01 7.878431175095376715e-02 4.159837495881023584e-01 2.670008505349233396e-01 -2.949804882565409958e-01 2.658870725049347072e-01 5.210155382083747622e-02 -2.697465873283824700e-02 1.534972903157771074e-01 2.987179148575696552e-01 3.576432991938069406e-02 -3.335342176441661310e-01 3.136629276035370756e-02 2.038901846963268871e-02 1.710302172311994606e-01 2.560341420622482267e-01 -4.471197065652345870e-01 3.807988211752840746e-01 2.166050684712573227e-01 -2.172983406066602285e-01 4.403387614347747253e-02 2.952407703282323714e-01 4.057572846888555240e-01 -4.179324512347748488e-01 -2.707339244031324588e-02 2.823485476204745104e-01 -5.485241809835816537e-03 -3.680509084901504857e-01 8.749281663707045298e-02 -6.033039131825970042e-02 -2.025197974800738987e-01 2.971865280190766692e-02 1.270829395458824562e-01 1.923127530899771953e-01 5.804961085839021040e-01 4.386524093415851699e-01 -1.913450059870690501e-01 -2.117198756638679902e-01
-1.365852742466519554e-01 7.334997628929064151e-01 4.168052795590979076e-01 6.637832649292015885e-01 1.000000000000000000e+00 2.157403394323607615e-01 2.033452235471427116e-01 2.725663973421984521e-01 2.393813769146082571e-01 -4.108526319619871803e-01 -2.785891045920739495e-02 1.527021047124916264e-01 -4.744985215815460122e-02 3.636960079123738865e-01 1.988956693196726744e-01 5.116355744325945532e-01 -4.476797103825382734e-02 2.396178508592995415e-01 2.371763521860245916e-01 2.850252338952887210e-01 2.017499235247874334e-01 -2.041003499533496426e-02 7.639764918160538154e-02 9.414507231894938058e-03 -3.758780667423554100e-01 3.257914992454429698e-02 3.040171672810149661e-01 2.195503224664632769e-01 4.365164422373004477e-02 -3.001696081942897276e-01 -2.710413442852107613e-01 1.083705762029638919e-01 2.845852378203713173e-01 -1.378815577344108811e-01 1.712901062706583544e-01 -2.969659125303120151e-02 2.801731412088251383e-02 -2.516324820910637583e-01 -2.655605538629103868e-01 -3.116924526238188387e-01 -2.161004810706799728e-01 -3.427611285105553601e-02 3.768385924495217670e-02 2.690964655217871204e-01 3.181833185945786568e-01 2.331317154661222968e-01 6.301402484881415966e-02 1.277015033309715497e-01 -6.096546513815284674e-02 -2.298654962983369410e-01 6.721756922858290739e-02 6.329964172135108535e-01 4.407553870492058601e-01 5.748156741787361357e-01 4.855270910772073178e-01 -5.071059160234729635e-02 -3.995931469521481205e-02 6.710181689286870421e-02 -4.373890364059811464e-01 3.860964878593429322e-02 1.978598375693488287e-01 1.759374709664943137e-01 1.525898816721483753e-01 8.590224740925050950e-02 3.827048030771450504e-01 2.831585089466334693e-01 -2.440288833089629406e-01 2.533143115309792748e-01 5.664549999460965352e-02 1.672712175167499760e-01 2.791524716139597295e-01 9.709444779340702103e-02 1.428078334186538498e-02 -2.592971903366368958e-01 2.783582971602167194e-02 -1.328621544723763426e-01 2.820173401194107643e-01 6.795461435699721997e-02 -2.777877251678659842e-01 1.071590884506473107e-01 1.519917844027732223e-01 -8.948688784221917047e-02 1.329643278401798634e-01 2.001692929190849735e-01 2.144027351810544046e-01 -3.728705880114389082e-01 3.466474211008888778e-02 1.442893334265133443e-01 1.167370769460675806e-01 -3.090366741928564087e-01 -7.331827582232927631e-02 -9.390965954407501370e-02 -2.047524008024535769e-01 -7.013336236877954974e-03 3.259036988008027352e-02 2.491473130186301621e-01 3.519945020364344535e-01 2.458126937166251191e-01 -7.840502132612071906e-02 -1.984802369577507719e-01
3.028356943276093172e-01 -4.562434394467922150e-02 6.724475309006014978e-01 -1.057916691357172756e-01 2.157403394323607615e-01 1.000000000000000000e+00 4.151769847215557863e-01 5.732238304332343271e-01 6.775626198452622262e-01 8.190904486364522508e-02 -3.836262481738358932e-02 7.269603927616599334e-03 9.533954711327440046e-02 3.813903156717982079e-02 4.582498072960308755e-02 -3.359600409115417324e-02 -2.447039524614947822e-02 2.022882325122441205e-01 1.321482882492805710e-01 2.649433754212389136e-01 1.278042570822846002e-01 -7.736197482174497764e-02 -5.954813992897689534e-02 4.498476885224948069e-02 -3.545790406079248058e-02 -2.803936405631050066e-01 -5.559247997125285612e-02 -1.934352926426085098e-02 3.137373816088912526e-01 -4.790733408872278193e-02 1.066280439255971602e-01 -1.939159112307729249e-01 -1.664408550815149601e-01 6.063845437629639817e-02 -6.138440957281014222e-03 3.103413889029315031e-01 4.133398513116039175e-02 3.341353511510298385e-02 2.733087296085792151e-01 3.420238600401847018e-01 1.641597295199723472e-01 6.826334138082626457e-02 -1.318756278518089797e-01 -2.821216326452773496e-02 6.447652799692849164e-03 -1.881438532103434924e-01 -1.854721630742235949e-01 -1.726840353823137775e-01 5.079772475868802317e-01 1.346616298411784929e-01 4.105299639858763644e-02 1.413895184894844725e-01 -1.164505633942131690e-01 -1.525184158646859800e-01 7.026760154499989142e-01 6.764473911051155364e-01 4.195201247191033267e-01 5.944661952066665478e-01 1.205078199000180900e-01 -6.669537610317839704e-02 -1.575908251925085823e-01 -1.522179733585591888e-01 -2.121268940640276823e-01 -7.004166701508685033e-02 -6.403138509580823257e-02 4.573676071651907454e-02 2.551389847039201575e-01 -1.521492985788712622e-02 -1.216581970421242165e-01 1.318846904806972586e-01 7.303390537450998865e-02 -1.851718704996714870e-01 -1.652539615965845643e-01 1.598133954894407349e-01 -2.850202046235015066e-02 -2.814074193198722318e-01 1.860227972372954786e-01 -2.103587888310567422e-01 1.155650407626687276e-01 -2.038035048814548500e-01 -1.821010171706274605e-01 -3.414727588379901872e-03 6.503220028579963230e-02 -5.975681003067696145e-02 -1.657559876224487805e-01 -1.810992768547024234e-01 2.631737482402506274e-03 -1.276137845740353272e-01 2.566019674271017292e-01 6.944116631940779050e-02 -5.229118082090448982e-02 3.153113839250888673e-02 8.588193731348005636e-03 -4.453627153316664505e-02 -8.589165596108737366e-02 -1.790096798798234551e-02 -1.195689238904563551e-01 -6.437270295270944298e-02 4.321446932607634905e-01 5.582748282887868563e-02
3.148099350114260120e-01 1.621917035733637380e-01 4.492263778979668221e-01 1.679923938007799877e-01 2.033452235471427116e-01 4.151769847215557863e-01 1.000000000000000000e+00 4.604319545766547561e-01 4.265761485231490679e-01 2.004021967243239249e-02 -1.769698351255752089e-01 -5.084769625352286715e-02 1.663479053542684660e-01 -1.466228181183699408e-01 -2.565708169259117710e-01 3.149771966822477731e-01 2.464053654107968561e-02 -2.024871075780354177e-02 2.506657140588865445e-03 5.456543121577799721e-02 -1.310109688077245593e-01 -5.906853576851262000e-02 -7.667235504734735974e-02 -2.403302782137267321e-02 -8.906486113033235119e-02 -7.187772062103103821e-02 7.407600814220396956e-02 1.310434176472475946e-02 6.566225813340831330e-02 -1.925962606776644159e-01 -3.991237518452414590e-02 1.030126798363159291e-01 1.584973702162094655e-01 -1.338892773979000368e-02 -1.845776007440315045e-02 -2.056831737357246292e-03 -4.291063214170490192e-02 1.995782679853524422e-01 1.686690260514779882e-01 3.975931913584168642e-01 1.091818729203931221e-01 7.758477283241489719e-02 8.460031177821626669e-02 8.466413626178524721e-02 8.646102650070809637e-02 5.895655699909314873e-02 -5.033070383860718811e-02 -1.062455378364400571e-02 1.449264457310292520e-01 4.326534850699774448e-02 3.595995981110521877e-01 3.321002331970040466e-01 2.834264692443204114e-01 9.849565790244289853e-02 4.338149442591366922e-01 3.674157065951525469e-01 4.045908543434276750e-01 2.869070062040932068e-01 -1.001538317185462906e-01 -1.784373330296294413e-01 -1.180480638378270386e-01 -4.964025884103186181e-02 -2.091548331868963717e-01 -1.781531296017755672e-01 -1.277612577950104633e-01 -1.706731054435284001e-01 2.986549234093401339e-01 -8.923359684179725526e-02 -1.725470226923064287e-01 -5.998611238816219104e-02 -8.900449470901189430e-02 1.631065326358884697e-03 -2.031726360304056955e-01 9.645918907564618450e-02 -1.732737086112165203e-01 -2.137348081727261651e-01 -5.285255715836315038e-02 -7.398748539598280771e-02 -3.455501895267734658e-02 9.904869542248366521e-02 -1.584859527627307529e-01 -1.556553506884299221e-01 4.798477870895823116e-02 8.283170711473443470e-02 -3.047929281509456374e-03 -1.931369228373041591e-01 -9.057027637174823453e-02 1.273498869183238742e-02 1.503325441417805060e-02 -3.908533870435792514e-03 2.256907622781134659e-01 1.665052855814735944e-02 -4.050034797004784665e-02 7.046222082098468897e-02 3.264937107076471001e-02 1.492918763809949756e-01 1.225734809439810447e-01 1.015081711688889665e-01 1.525833893950584441e-01 -7.078550278294749865e-02
2.043690461841908002e-01 2.228932147474309636e-02 5.718973556156549121e-01 5.223252366926552787e-02 2.725663973421984521e-01 5.732238304332343271e-01 4.604319545766547561e-01 1.000000000000000000e+00 6.509593415762182644e-01 6.525856661860332530e-02 -7.918574872345912619e-02 3.954621222029046368e-02 5.325605450348027542e-02 2.119103396768798331e-02 -8.143692922968295833e-02 -5.055681754854931403e-03 2.282344608106093853e-01 3.173836079804362997e-01 3.742066595477140378e-01 1.463444184060734288e-01 2.139554679795806769e-01 6.441358990494229497e-02 1.256331603588004553e-01 1.517541058964025635e-01 -3.794549310242126272e-02 -1.680383997844623611e-01 -3.552960690534621990e-02 -4.361335385469208153e-02 2.560050836546273190e-01 2.285735725478401856e-02 1.401509539738414745e-01 -1.507557713702704083e-01 -1.364252257969182369e-01 1.983925778472197254e-01 6.530981853460947339e-02 2.377635430820775608e-01 7.276744904911748579e-02 7.337084133458962598e-02 2.206164387235253765e-01 3.153024798109929638e-01 1.923086293587568663e-01 1.233621003949253309e-01 -9.256798394365023386e-02 -7.242241300203974830e-02 -4.445382968518801943e-03 -1.059492254226882119e-01 -1.598662520633447048e-01 -8.484397322122461810e-03 3.009160986680206040e-01 1.600415200138742833e-01 2.458266890047085262e-02 2.252014086624354039e-01 -3.094893864142812812e-02 -9.855297330281902191e-02 6.224579240713579154e-01 4.784955542365099124e-01 6.688162106611830193e-01 6.900419647662257017e-01 5.416541150577099117e-02 -1.294963632588096436e-01 -2.333039568294736354e-01 -2.916512628807512719e-01 -2.866744297508402317e-01 -7.268117290926953689e-02 -2.244691634184934823e-02 -6.061056812883686140e-02 2.833207096182696616e-01 1.122049743572762492e-01 -5.235836166103827183e-02 2.076261957925414903e-01 1.139339416697024432e-01 -5.361658580449305683e-02 9.521078956822265349e-02 1.836720285675194284e-02 -6.364445868149165575e-02 -2.647978842927543042e-01 9.320514259062197271e-02 -1.155247326190651375e-01 1.033036623677901361e-01 -2.000096692708425716e-01 -2.233704222659400052e-01 -7.973167573150466425e-02 5.697241031787093901e-02 1.105695838201530140e-01 -4.552695630013790795e-02 -7.428692351490817636e-02 7.187890004963945478e-02 -8.167633648965720583e-02 1.774128734242683136e-01 7.771070741839262996e-02 1.152311285012041914e-01 -3.231878058656928454e-02 -5.320547007781215726e-02 -2.658315629176984107e-02 -7.997691303146817199e-02 -2.001023542799379787e-02 -5.880631962229355275e-02 2.559932770647253483e-02 2.718291402634936405e-01 8.381406116970208098e-02
3.364379497388078066e-01 3.230659427731552569e-02 5.217322595543023578e-01 2.292879379635038954e-03 2.393813769146082571e-01 6.775626198452622262e-01 4.265761485231490679e-01 6.509593415762182644e-01 1.000000000000000000e+00 1.372174721548022336e-01 -1.161683726292723345e-01 -6.944091202885534220e-02 6.633764590034348096e-02 -4.200727500152182103e-02 -1.087659814895077931e-01 2.650756212818721619e-02 1.899958312805371391e-02 1.945454471218277526e-01 1.341632418301461349e-01 1.660041761971977337e-01 1.084013915564588787e-01 -1.243970175765243269e-01 -8.869985264597823882e-02 3.057495162357374077e-02 -3.598123288336644438e-03 -2.003237725185153251e-01 -1.331203381001474888e-02 -7.243097805373922837e-02 2.243236554929562143e-01 -1.372395560931227443e-01 8.602312884345804378e-02 -3.666454664932644603e-02 1.129009688257459794e-02 -6.617722115932152260e-03 3.811603193484024155e-02 1.817229585059548791e-01 -4.788119685453309099e-03 2.092856453508797898e-01 1.946485528969331968e-01 3.721849257580428505e-01 1.125677160394269183e-01 2.966378265526988661e-02 -4.823216397119910182e-02 7.899465008506974251e-03 8.979012497911215140e-02 -1.254031385295617806e-01 -1.776860839529876279e-01 -1.096800325202838405e-01 3.354695875502952118e-01 1.021412601432053063e-01 2.637087666650436146e-01 2.127930295233084468e-01 8.497831001109230897e-02 1.138550193286293200e-02 6.344509394179251860e-01 7.639766938797102336e-01 5.474102268085093703e-01 7.464513030194954712e-01 1.588400083879478591e-02 -8.830970531418487479e-02 -1.057629797613444389e-01 -2.034787307505259712e-01 -2.795494315043177691e-01 -1.545057515566081452e-01 -1.080373486698161245e-01 -3.444253020471498700e-02 3.287976028329656630e-01 9.847620427209494848e-03 -1.990545449926406640e-01 8.205480081283167415e-02 5.385618708844264191e-02 -2.165608454885355194e-01 -1.416044787421311124e-01 4.384639599673158250e-02 -6.613685306381097972e-02 -2.505196129234201208e-01 1.107511546054585072e-01 -1.792238036970857928e-01 1.022368178345584300e-01 -1.408859539996594988e-02 -1.985293904373343910e-01 -9.769118607416890643e-02 1.675473520701892260e-02 -3.038121419541253698e-02 -9.421134088287730357e-02 -2.712322172758709904e-01 -5.598497906034359539e-02 -8.739522403536807704e-02 1.225314436718536598e-01 -7.183142477206363834e-03 2.336264165681019855e-01 -8.493276675223450367e-02 -3.929880797508252671e-02 -3.576784969372404782e-02 -1.155498876879322151e-01 9.148727161553041332e-02 6.915941938140998798e-04 1.747748839482392638e-02 3.000216463680843160e-01 -1.253085436012169734e-02
7.716746593047343894e-02 -4.456625877069271269e-01 -8.371319758633699593e-02 -4.244803175167468634e-01 -4.108526319619871803e-01 8.190904486364522508e-02 2.004021967243239249e-02 6.525856661860332530e-02 1.372174721548022336e-01 1.000000000000000000e+00 5.147319988204411556e-03 -2.269857738165937944e-01 1.200891168532018244e-01 -3.899748069211181889e-01 -4.002924469748966874e-01 -3.969458204642592469e-01 -1.041442744016602556e-01 -1.072674868187597635e-01 -2.856074431821629678e-01 -3.124177568525293713e-01 -2.804959351813173796e-01 -1.246001415891828529e-01 -2.430069261261161018e-01 5.870206719270776308e-02 6.813125883049576670e-01 -3.954104060071165216e-01 -2.795462533454401988e-01 -2.741928147815872463e-01 2.040913538002100958e-02 2.059338479146000794e-02 5.401396746999649334e-01 -2.658330001896148098e-01 -4.005422270231695503e-01 1.972046529102237655e-01 -1.458156536970406925e-01 2.284584905819430356e-01 -8.083018342774681009e-02 4.500049904399286427e-01 3.918113228790246483e-01 5.508904949122307437e-01 4.644481769125003434e-01 3.511429056004381627e-02 -3.338205081744755609e-01 -2.305183344575965632e-01 -1.926178047396367443e-01 -3.813971505082880409e-01 -3.154848285731227664e-01 -2.672676313783696189e-01 2.837416943667587788e-01 4.325390691485032635e-01 -4.139177545263256902e-02 -3.606995175765449479e-01 -3.729852566323040297e-01 -4.276225737805374738e-01 -5.396866490747124351e-02 3.334807386600807111e-01 3.428184216617338742e-01 3.121582785363378187e-01 6.086557694240282146e-01 -2.518891673988168933e-01 -4.428478891351597113e-01 -3.511053960923136708e-01 -4.226902638543070245e-01 -3.088511300419334860e-01 -4.661424349643559228e-01 -4.034256209602040122e-01 5.552695748938496489e-01 -3.044592527482805622e-01 -3.685003046295838303e-01 -6.935083952790670192e-02 -3.155937188484693734e-01 -3.853547098924220982e-01 -2.813205277045619512e-01 4.733565317992473598e-01 -2.901520671828007325e-01 -1.666168236069850983e-01 -3.243550497085991302e-01 -3.356694993332083876e-01 5.514840026915153182e-01 -1.934832802309667532e-01 -4.725420367381750197e-01 -1.666537918123998929e-02 -6.460954993029529789e-03 -2.682940352022599728e-01 -3.842234735886252972e-01 -4.349423306991308247e-02 -1.975462871040888635e-01 -2.520734704553941885e-01 5.478955680225122693e-02 3.695977501168405399e-01 1.088036265582754958e-01 2.316232385028272611e-01 4.433394174262081933e-01 5.812813892165878682e-02 -1.230028291746975977e-01 -1.438281928579494273e-01 -3.666658911737044058e-01 -2.738310705008149548e-01 3.227848011384519822e-01 3.723472719954686871e-01
-3.225084427567139200e-01 -1.328181025583125181e-02 -2.227059874296808979e-03 -3.626256459334702836e-02 -2.785891045920739495e-02 -3.836262481738358932e-02 -1.769698351255752089e-01 -7.918574872345912619e-02 -1.161683726292723345e-01 5.147319988204411556e-03 1.000000000000000000e+00 7.358718778811518257e-01 1.304062129624357080e-01 1.211215370306742423e-01 1.260322752352154851e-01 -1.218973721020875783e-01 1.761737376608983330e-01 2.603730375189818314e-01 1.214303326788081921e-01 2.757504060996978090e-01 1.579377738949363785e-01 8.234360273125068685e-02 -4.813242069706848841e-02 6.378760320809684359e-01 1.795630122510480930e-01 3.847949962757766240e-01 8.303479001440952634e-02 -2.655127602198618930e-02 1.724035554033938877e-01 -1.059212501606368317e-01 4.326115134690515507e-02 -1.898087774060566724e-01 -1.780764257362119629e-01 3.099158021468140234e-01 -1.846432239778122639e-02 1.701796868147907038e-01 2.453427881952560397e-01 -3.180247110520567078e-01 -1.177974503863798289e-01 -2.624477290663281281e-01 2.095277042992856886e-01 3.022680194257197361e-01 1.923375637197441979e-01 1.888154590939903829e-02 -5.113051566492309193e-03 4.627151342491339463e-03 -3.629532996160504676e-02 -8.767929222148213714e-03 1.841821771220653048e-02 2.618179604918716152e-01 -3.807620492640995113e-01 -1.302168917276357862e-01 -1.761973209303736576e-01 -8.009763275084313960e-02 -4.919779064251873085e-02 -1.935613176659268519e-01 -2.181621789908513853e-01 -7.492273939806254335e-02 2.123751707244512510e-01 4.743092963745663138e-01 1.536560583724590756e-01 2.539439527884519016e-02 2.274166738114058797e-02 2.465895735161102373e-02 6.775669454059123076e-02 1.595988353655838632e-01 -1.344144251721142991e-01 1.432239661068463940e-02 1.901126965903332244e-01 1.764301210644934059e-01 1.015608420285895042e-01 1.576701544072891745e-02 -4.412989214324533616e-02 2.474494604624768723e-01 2.811781281735056814e-01 2.831722254329919197e-01 1.457285634495215920e-01 -9.104504665478184433e-02 -3.919329787523306158e-03 -1.917501751815821609e-01 -5.808323079216617946e-02 2.631929795309622122e-01 1.933385336388246667e-01 3.043101213816341161e-02 -4.693339736488999492e-02 -1.771520005253267305e-01 3.221782949500744397e-01 -8.495199766153500170e-03 3.710658213303404396e-01 3.211604661982230269e-01 -3.715222607683564826e-01 4.409843680996818338e-01 2.329145500863618323e-01 2.099897417916296305e-01 -4.763419605348492153e-02 5.314018489293680092e-02 2.265138518376848265e-02 3.324566903956425058e-03 4.878951886898050261e-02 3.104398786774287267e-01
-2.787759360019779198e-01 1.756817856606698314e-01 8.797100925139048067e-02 1.564083962718128273e-01 1.527021047124916264e-01 7.269603927616599334e-03 -5.084769625352286715e-02 3.954621222029046368e-02 -6.944091202885534220e-02 -2.269857738165937944e-01 7.358718778811518257e-01 1.000000000000000000e+00 1.167270625656008781e-01 1.640746336385790205e-01 1.232812088268485512e-01 6.907521509109838809e-02 2.450221209221408736e-01 2.224303721359761621e-01 1.498612019684779917e-01 2.602211870698420415e-01 9.591417595717575961e-02 9.684917716532742693e-02 1.516989050218349976e-02 7.208417418732938620e-01 -6.577289324406840852e-03 4.535383229599619370e-01 2.036204511909861237e-01 1.480102700379035963e-01 1.380963894429476368e-01 -1.846510627262807902e-01 -6.220308027215293301e-02 -1.163431267588444645e-01 -3.851745081033686180e-02 2.189819948313976583e-01 7.730771759215003536e-02 1.582994316510320243e-01 2.646927224298625814e-01 -3.024380552425767199e-01 -8.130556313057672735e-02 -2.773596776656422902e-01 1.801241583917337075e-01 5.007116014790189418e-01 2.793033480411026281e-01 9.370810379204339013e-02 6.852212991359932226e-02 1.512981936294475749e-01 5.800205849484249554e-02 1.334435328333656856e-01 -1.997043183966401569e-02 1.742568818641732631e-01 -3.582611193063253152e-01 6.071062785953506430e-02 -2.451974075014905566e-02 1.194745755650835212e-01 2.582844488680817799e-02 -2.563886264524012915e-01 -2.283400860213549155e-01 -7.364042425289110683e-02 1.574618052337023802e-02 3.770837796111903839e-01 1.648345441621810181e-01 6.291133570760069904e-02 3.648488266365440633e-03 -4.478574208922564935e-03 1.227803799895806625e-01 1.579458183300570806e-01 -1.642842635695168363e-01 1.046394261580791407e-01 1.511087374336264055e-01 1.308136557717212989e-01 9.138486687278725429e-02 1.553769049024000537e-01 9.723532428164260999e-03 1.930782855392845776e-01 2.084676912073863686e-01 2.079255360179736722e-01 1.741405837790967748e-01 4.874523634683660539e-02 -1.104037020209853864e-01 -1.610135466354110922e-01 -6.661774438970573253e-02 1.517775269183024855e-01 2.188978871638711798e-01 1.600406726860262863e-01 1.184242944451445317e-01 -2.504954524320137654e-01 3.297185996100197025e-01 1.338088610732328654e-01 3.954112019950494217e-01 2.206846444113367001e-01 -3.184594768608606796e-01 4.904756054659811237e-01 2.108575729682066191e-01 2.584555385594305421e-01 3.410161196843344150e-02 1.350578314853567441e-01 2.140041347842799313e-01 1.815737572878552419e-01 4.085297414182736953e-02 2.353783975048658605e-01
-8.517946253779234977e-02 -5.928187563932071219e-02 6.944491008277016431e-02 -1.265569746422682551e-01 -4.744985215815460122e-02 9.533954711327440046e-02 1.663479053542684660e-01 5.325605450348027542e-02 6.633764590034348096e-02 1.200891168532018244e-01 1.304062129624357080e-01 1.167270625656008781e-01 1.000000000000000000e+00 1.099784500905503226e-01 -1.459224792125617121e-01 -1.071638889816243917e-01 3.931632793430062667e-01 2.470558731463621260e-01 1.445540332263285099e-01 1.129858962458988869e-01 -5.701371860062569123e-03 3.481795809397674191e-01 -4.808133251383951007e-02 1.214451480355703272e-01 2.485664723825832187e-02 3.756495639351088711e-02 9.033437038969460708e-02 1.630204008491416279e-01 4.439288729717316140e-01 3.304246284913456289e-02 2.490811170390684337e-01 -2.335940824556873852e-01 -1.749544639190566131e-01 2.703545889539683000e-01 2.903374080152623660e-01 2.162027151143951775e-01 3.435467125935203758e-01 -1.065840983196064962e-01 2.327647438188035767e-01 1.778807955158391851e-01 2.698459889263354894e-01 3.075013438606170046e-01 2.825123923609184629e-01 3.287247327047934653e-01 2.421848099876874050e-01 9.094888178589863315e-02 9.136230680279171928e-04 4.069455401682858797e-02 2.222665153077361122e-01 2.936683721530174984e-01 -1.633910966500529693e-01 -1.125664320367877613e-01 -1.442051364010253633e-01 -9.108061969853750717e-02 1.381960708403656979e-01 9.702575727514312076e-02 1.252551069594181610e-01 1.812281565468949196e-01 2.673969750105846255e-01 8.678009693932695057e-02 -8.593114633751781917e-02 1.404576036279523987e-01 -1.265371953756870005e-01 -2.209752627911479861e-01 -1.362461717296724328e-01 -1.941902827986685676e-02 2.278946707422486173e-01 -2.713542256203312769e-02 1.838709801902829039e-02 1.885306759824156297e-01 1.793641212459016207e-03 5.159828056834402186e-04 -1.979191688565272722e-01 4.023145152275685588e-01 9.927048873191343659e-02 -5.830736614314784710e-02 2.524351582677684114e-01 -5.090321123106703038e-02 2.588697182269937280e-01 -2.495187926459863370e-01 -2.297862228327144374e-01 1.726949356770183797e-01 3.433346576478664147e-01 1.014717207006781974e-01 -6.029095471891650349e-02 -1.119575972266710628e-01 2.658574195179373989e-01 9.447037249187902053e-02 2.790148680258230929e-01 2.641706989867390054e-01 -2.245957310156905251e-01 2.649202985605017546e-01 3.191869389097408694e-01 3.702409784468380649e-01 9.870104906810425738e-02 3.334500680322031174e-01 4.209577930381142030e-02 2.564018167209791699e-02 2.456983906094300785e-01 2.446025995552234267e-01
-1.656925743657246541e-01 3.697347300439624007e-01 3.680029177917804734e-02 3.430588733655317579e-01 3.636960079123738865e-01 3.813903156717982079e-02 -1.466228181183699408e-01 2.119103396768798331e-02 -4.200727500152182103e-02 -3.899748069211181889e-01 1.211215370306742423e-01 1.640746336385790205e-01 1.099784500905503226e-01 1.000000000000000000e+00 6.468057109475930933e-01 2.035357550946922944e-01 4.228251014984436840e-02 1.573379214524621983e-01 4.541987284510108913e-01 3.341874186845854022e-01 4.473237196880295308e-01 2.394434115263454621e-01 2.853663776830626109e-01 -2.289735964628494477e-02 -3.327835006150786645e-01 7.807392301686694180e-02 4.181849313587050476e-01 3.595463670718582749e-01 1.569598088080737808e-01 -1.355630825476464851e-01 -2.992032617041616716e-01 6.578561770850822887e-02 1.307414457575014899e-01 -1.633686853598829980e-01 3.445445749985584505e-01 -2.084743443360779352e-02 8.893372079392869445e-02 -1.941567246165077365e-01 -6.773957131536384457e-02 -3.233969450950287539e-01 -2.402736474412476564e-01 -5.430333205008121972e-02 1.758386762405165227e-01 3.204698068971498781e-01 3.375129816140380323e-01 3.579907367801070661e-01 2.972114146490348885e-01 2.678414567588566220e-01 -4.856678781734228428e-02 -2.139322031104180788e-01 -1.267218949136556527e-01 2.039804654832597930e-01 1.512556609990684253e-01 3.636207348889182733e-01 1.369328155846292472e-01 -2.348739342780133688e-01 -2.238970252720879905e-01 -1.008797668684967841e-01 -3.812655118145567568e-01 1.548298418505681950e-01 3.498632952527582218e-01 4.964646718354694399e-01 4.582446693948664662e-01 3.539905327134304502e-01 6.878286340797197251e-01 6.272860434166046550e-01 -2.509459976147220828e-01 5.305667313697034482e-01 2.706348254721617219e-01 8.832205745949139875e-02 4.747639911477702368e-01 4.531690863894425325e-01 2.336886916910866641e-01 -1.374041410022971976e-01 2.430083585307717953e-01 5.176175129387946411e-02 5.336087972965425363e-01 3.207343727723157012e-01 -3.358615013779043812e-01 2.587156196304702532e-02 3.967892955450864068e-01 4.367950145526473121e-02 1.785407290486095422e-01 4.037763210283720205e-01 3.415340499274852060e-01 -2.325219670625485457e-01 1.495718515247647928e-01 2.788468214028485548e-01 1.061866798756124775e-01 -2.187630597272793853e-01 -1.906796390947773367e-01 -3.527772465217487302e-02 -6.784388895453039026e-02 -2.579300539846079293e-02 2.722182405054766607e-01 1.862751802699294523e-01 4.016060708620579622e-01 3.691129510961906890e-01 -7.396187457773696627e-02 -1.144250728615173462e-01
-2.009188527619819586e-01 1.701378058700181162e-01 3.441225156684251524e-02 1.721364049494026049e-01 1.988956693196726744e-01 4.582498072960308755e-02 -2.565708169259117710e-01 -8.143692922968295833e-02 -1.087659814895077931e-01 -4.002924469748966874e-01 1.260322752352154851e-01 1.232812088268485512e-01 -1.459224792125617121e-01 6.468057109475930933e-01 1.000000000000000000e+00 2.969728682793065441e-02 -2.222618211663898169e-01 1.088059619519818506e-02 1.742774404148406953e-01 3.303626892145255511e-01 5.147465875071263186e-01 -6.995555076639331515e-02 3.000552249731873733e-01 -8.111478228799455514e-02 -3.977785465453300140e-01 2.030684438880784107e-02 2.318034163256171010e-01 2.366524159646437586e-01 4.338864149948880311e-02 1.299224149651223292e-01 -3.720862500318831145e-01 -9.202613260477813042e-03 2.254193165215657643e-02 -3.657393858034680423e-01 1.451613048236554716e-02 -8.129609946833837864e-02 -1.302682268756062689e-01 -3.102623229864249765e-01 -1.078612480254855926e-01 -3.655481243824784121e-01 -3.898727518378098944e-01 -1.793918985366728114e-01 -4.530103388807331551e-03 1.673904391462004704e-01 7.234125761518328535e-02 2.289707121196448147e-01 3.631438459307126387e-01 1.032798350625568629e-01 -5.839669209862265176e-02 -3.143636558672289749e-01 -2.052928400870059067e-01 4.208993473831184468e-02 5.789977543865138659e-03 1.595817975999695992e-01 -1.753536302275915002e-03 -2.403914206431309319e-01 -3.115521430491604016e-01 -1.754480757868224494e-01 -3.444429816751582440e-01 1.874761720990273939e-01 3.651344729613684725e-01 5.177185559798322956e-01 5.676793869666035830e-01 5.903810305378409673e-01 5.960760887630686122e-01 8.112952381943673297e-01 -3.510176641957816202e-01 3.408227303848263001e-01 1.472567688574847877e-01 -3.519416630385518302e-02 5.043734547146070391e-01 3.554144853061799170e-01 3.223904913803726791e-01 -2.148154733836842578e-01 2.700691932373716075e-01 7.467556124119685557e-02 3.864145066480562662e-01 3.356323410658516027e-01 -3.929936260488562927e-01 -6.002081028901237042e-02 4.322861567851213893e-01 -3.628276285254064537e-02 -1.359204496818512686e-01 1.720757943432309478e-01 1.758456866816755226e-01 2.419522600408356358e-02 -3.860656052043907188e-02 1.707487758664509581e-01 -1.481175442182149256e-02 -3.102179404841263199e-01 -2.539972992797873697e-01 -1.540140432289676953e-01 -1.997438157522450353e-01 -2.481760848725914348e-01 1.112774570078546021e-01 2.479750141815466324e-02 1.736186363129395560e-01 1.105791922977201053e-01 -1.020092858395994923e-01 -2.402436657930805686e-01
