1.000000000000000000e+00 4.423824521077416860e-01 3.010149267229914050e-01 1.813124852542572218e-01 1.060075429122098317e-01 2.065769286679204342e-01 5.814164841522742044e-01 2.182820180022268797e-01 -2.189127010777986576e-02 9.484442716537849760e-02 -1.053235196295390641e-01 -2.860189093214499656e-01 -2.892487404154813757e-01 7.144899663577584936e-02 1.918012790201710227e-01 9.644861005913596408e-02 -1.977945000217566918e-01 2.543407385091323025e-02 4.682499914326460760e-02 4.907477241455012601e-02 1.902584940585823059e-01 2.338249567344276303e-01 3.429265194911729209e-01 -2.396214308590384479e-01 -1.041400811611959271e-01 -2.455687474521772370e-02 3.441397051478987112e-01 4.830599896832148410e-01 -8.667864793980521732e-02 3.263943446360952905e-01 -1.851522977462257136e-01 1.802735516792964079e-02 -2.261363011311204319e-01 -1.208787658061101083e-01 2.718092855180779810e-01 3.860557108175081877e-03 9.414921558690336756e-02 -7.214453880838994637e-02 -6.313978430159512822e-02 5.234802974283145893e-01 2.297965422855057227e-01 -3.723425028267857151e-01 7.740024075919729740e-02 -2.017810499276324887e-01 6.263518476937011839e-04 3.184488819982121410e-01 2.439278996656377152e-01 2.403737789275701142e-01 5.269542794436870015e-01 8.365059900950402166e-03 2.243289798737318486e-01 2.097426872023728239e-01 -1.821984248544265272e-01 -1.357070145363322711e-01 -9.825059408976176412e-02 4.713957433502037886e-01 1.325056058312361618e-01 -4.967645421089143115e-02 -2.898008613703276781e-01 2.728261526895160022e-02 -3.204708753734052951e-01 -1.632614936032029951e-01 1.162901290966026624e-01 1.856001306296058695e-01 1.930788833168397278e-01 1.376319286661239483e-01 2.685672469122504236e-01 -5.352847064832069041e-02 7.862914477935852020e-02 -1.017125119867623717e-01 9.391627597882541700e-02 2.505151438180374668e-01 2.562676359696089978e-01 3.123534543396074836e-01 -1.339588485256610340e-01 -2.425134853296466164e-01 1.339001926815117371e-01 2.197904201325143192e-01 -1.928364965206770809e-01 -2.089797798118585015e-01 1.658267663304229256e-01 -9.259954497283431896e-02 -2.021307898400351022e-01 1.093519623621362104e-02 1.454283145815130907e-01 1.781634415337201294e-01 3.294989859380298980e-01 3.159408644707885627e-01 8.392067202393546643e-02 -1.921377018565334216e-01 -6.796756114644252056e-02 -2.949441296699316095e-01 5.827069593715084039e-02 3.298299255095050314e-02 -9.748667702352266373e-02 -1.215831721157608347e-01 2.207932521007883175e-01 3.347972075086203536e-01 2.870678834714667782e-01 1.233565900430994428e-01
4.423824521077416860e-01 1.000000000000000000e+00 2.956227084810737482e-01 3.047857107499017948e-01 4.262099754197992696e-01 1.528779938538846750e-01 4.233995811228309369e-01 4.340326610349773961e-01 1.905724276970784808e-02 -2.481816968524911543e-02 -1.698660931598325874e-01 -1.469520291668573730e-01 -3.043122462228555203e-01 -1.253401943622903898e-03 4.803367359339277137e-02 2.330854009422493600e-02 -3.229349524245974101e-01 1.541349943554121416e-01 -4.659961669208491364e-02 -2.841663924387071230e-02 -2.855513410495367360e-02 8.782728877606869877e-02 2.911023334799632822e-01 -1.294391296374390599e-01 -2.649278245255967668e-01 -4.136684287032216939e-02 2.114188527212644830e-01 2.354952327448666394e-01 -1.243037486237013600e-01 2.753928981478851457e-01 5.950020735083415280e-02 -1.277937994457060134e-01 -2.097387349220732888e-01 -1.070212066257688471e-02 1.225684624360708769e-01 1.747807557624574959e-01 2.958036985970126376e-02 -2.271129206204083317e-01 4.217369774665199328e-02 3.284394473433835948e-01 1.338359698705764989e-01 -2.069460310961555860e-01 2.485826299129976491e-01 -8.007859935412743602e-02 2.617597112268269521e-01 1.192017440835493325e-01 2.568942574567706916e-01 9.860218529232385801e-03 2.685373244815409954e-01 1.922562119304860664e-02 -2.827636285198492985e-02 4.587145459009246418e-01 -1.561093625932399032e-01 1.402274397280852125e-01 1.624289362200622422e-01 2.693340604086621459e-01 2.969242920538107122e-01 8.864154362327973657e-02 -3.170429374926532762e-01 -6.165734250323551269e-02 -1.101632282610016944e-01 -2.572091203647585145e-01 9.023514543155271295e-02 4.804931450806995685e-02 1.468918797808065890e-01 7.826221944625769145e-02 2.253460587942542337e-01 -2.260359782080919866e-01 -7.828391827007651071e-02 1.247822292894616852e-01 -4.836516488449397327e-02 7.800425331271575169e-02 2.724300559138246314e-01 2.648370142124676918e-01 -1.373757842922774253e-01 -3.000971951699128448e-01 -7.253767216448707422e-03 1.049503308642410065e-01 3.190849854837465166e-02 -3.377521068936304993e-01 1.745387054715324404e-01 -8.404263133514729145e-02 4.154198735610481474e-02 -6.808981861808453828e-02 3.618845615942274663e-02 1.639889384197198707e-01 1.673730623634838710e-01 8.674548639351144230e-02 5.557895349424191167e-02 -8.819274819960917777e-02 -5.718669530551961228e-02 -2.607060546436724136e-01 1.031011405639894463e-01 1.352989853099171857e-01 1.250416020352091429e-01 -3.669732751057778325e-02 -1.301292605093002687e-02 6.415241001254914921e-02 9.054468968840335974e-02 1.632588035832316722e-02
3.010149267229914050e-01 2.956227084810737482e-01 1.000000000000000000e+00 -3.065310110195528237e-01 -2.156251212457449828e-01 4.617725229572920975e-01 3.498595415800654362e-01 3.171647834566343471e-01 3.508033236185720272e-01 -1.024703668026727271e-01 -1.661429812929015315e-01 -2.353588448359878460e-01 2.303510887610958069e-01 3.677019587498854825e-01 3.354086360946422207e-01 -4.284400217225988600e-02 2.022167846436619398e-01 2.038248604189614177e-01 2.634770849561826056e-01 -4.847742538726920042e-02 1.091280747068761880e-01 4.053279434640620349e-01 3.581381458217714475e-01 -8.758298588723063827e-02 -3.743665484859130116e-02 8.687692043317232771e-02 1.816423646003609838e-01 3.623018216706505035e-01 1.258089813838571547e-01 3.547495266014097370e-01 2.288868375105854724e-01 -2.481569734358701762e-01 -3.301457278983486732e-01 3.851126351573991302e-02 3.203167596993153898e-01 6.247849514752044919e-02 3.405998501243286819e-02 -1.930994659611908471e-01 1.154120155495368463e-02 2.209482932312407388e-01 -8.135808380498601999e-02 1.140222438942442434e-01 8.777506567127635329e-02 3.810228647303416649e-02 2.734493160388450361e-01 1.807544094223118292e-01 1.503847097453510917e-01 1.994202898804062554e-02 1.249969639760160345e-01 1.724574138213673391e-01 7.410062100083110448e-02 5.586841614323098115e-01 -2.480524987686353600e-01 -3.551282033977185559e-01 4.258394366203054338e-01 4.306883371471910693e-01 1.171163531593691770e-01 2.865697680613490395e-01 -2.117457901721727653e-01 -5.594521270499035887e-02 -9.374265653919519603e-02 2.470196342282537649e-01 3.983767473162846406e-01 3.881013576442106094e-01 3.257434079714975894e-01 3.235675422229599141e-01 6.839458381960709932e-02 1.509787698617047758e-01 1.340766345013609528e-01 1.611349749767983786e-01 9.711753875487516563e-02 3.848567266382179053e-01 3.672533609370237651e-01 1.543685897102159144e-01 1.523663388095722604e-01 1.220830335710224035e-01 1.831861426914462854e-01 3.855983559298316599e-01 1.605335318598159478e-01 -2.604248350585129379e-01 3.050816963704492402e-01 -1.883615197883621861e-01 1.213318856114365407e-01 -3.034097704987446728e-02 -1.134751105555164841e-01 -6.396126620394914503e-03 -1.399638954744204106e-02 9.593017786862889640e-02 -9.593541740766785286e-02 -3.052504132628620637e-01 -3.032869688306429889e-01 -2.364194374628191819e-01 -4.487224730338663231e-02 -2.694862153180535569e-02 -4.857757832894346595e-02 1.011903343518510690e-01 -1.579539865882702010e-01 -2.091076725941313011e-03 7.135232810522802727e-02 1.053008778414357693e-01
1.813124852542572218e-01 3.047857107499017948e-01 -3.065310110195528237e-01 1.000000000000000000e+00 6.393847556531436771e-01 -1.041761986449483424e-01 -9.333499346813102504e-02 2.075909967360119457e-01 -2.673222884475249805e-01 -5.760881014148711704e-02 -9.221193995692654466e-02 -1.087436334090145368e-01 -3.839694479150655426e-01 -2.201929121147224444e-01 -1.617243986904010888e-01 2.664641957528426919e-01 -3.610907337659376437e-01 1.388664090067267265e-01 -2.521437901805635429e-01 7.302178308018041075e-02 8.074261256391923602e-02 -2.093040803040012443e-01 -5.398730803925493732e-02 -1.204478650486532076e-01 -2.928600025355575509e-01 -2.180348722582332310e-01 3.548403846487511309e-02 -1.070147117501513284e-01 -1.026237266359344980e-01 -7.547801572675663651e-02 -5.046641919205892002e-01 6.676835344155316980e-03 1.827809304692782355e-01 -1.002028770117943147e-02 -7.129730451828567017e-02 -3.885662642398561573e-02 -1.259252029371207560e-01 -1.219760677349509964e-01 -1.106269913558298040e-01 -1.354730062166602522e-01 2.825593161420589250e-02 -2.114293216740492920e-01 -1.592684572785806607e-01 -2.945366398455175894e-01 -2.707983889470522709e-01 -2.061511349780676197e-02 -2.364185330652394598e-02 -9.149350774572056338e-03 1.253776880846078357e-01 1.221500728891006596e-02 2.582177104813847546e-01 -1.513145919872517682e-02 3.169736103989576059e-01 6.578309152615076094e-01 -7.289128158577330707e-02 -7.756315215285002063e-02 3.124883535614600416e-01 -1.907957062036671203e-01 -1.060447066072484901e-01 -5.230192034263117518e-02 -1.463146199889509835e-01 -3.957151451366242023e-01 -3.015494423719228267e-01 -2.642803669094789254e-01 -8.610286555851028034e-02 -2.308843993523614635e-01 6.463621565618576925e-02 -3.136756608561989124e-01 -1.472589591677361254e-01 -3.423783964102234539e-02 5.044080104428499273e-02 -1.757911555208293009e-01 -6.520517802413008934e-02 -7.246711970992859853e-02 -2.433707234714357903e-01 -2.218507051773257743e-01 -9.184810547936818337e-02 -1.445938242727739242e-01 -5.097243497687419245e-01 -5.951705129371517161e-02 -2.022619804670121035e-01 -5.730874600548664655e-02 -3.346483855118767559e-01 1.262665209586935067e-01 1.528465988012150945e-01 -2.429428911005354630e-02 5.576423517320318324e-02 1.478829423669367205e-02 9.170648913828080562e-02 -1.036212308593879514e-02 6.478172797637293812e-02 -1.019063255800845419e-01 -9.176739878958587934e-03 -6.173268604868886733e-02 5.380748484182373143e-02 -2.151549736151935066e-01 9.885698179892829507e-02 1.046408423967899043e-01 9.177395111525156468e-02 1.956396368616996825e-02
1.060075429122098317e-01 4.262099754197992696e-01 -2.156251212457449828e-01 6.393847556531436771e-01 1.000000000000000000e+00 -7.060769372695506474e-02 -2.260983413019653498e-01 2.028628386810799322e-01 -1.951973443198343205e-01 -8.544175654421615196e-02 -5.037805369638553854e-02 -8.843366804878219356e-02 -3.332501299024610564e-01 -3.061823326337134721e-01 -1.979147509654076154e-01 1.639799915351161375e-01 -3.783515564593215585e-01 9.972113128973011942e-02 -3.566075625440722763e-01 1.740830548088527496e-01 -8.455738050831596020e-02 -1.606274717366348304e-01 -1.036157678013587408e-01 -7.448038131341577772e-02 -2.266181363142135419e-01 -1.664560500601778292e-01 -1.233786290094004562e-01 -1.422507483911081838e-01 -6.171651596838017423e-02 -5.309430643631650459e-02 -2.378687609018411697e-01 -1.111717583517284336e-01 1.553630572596138570e-01 -5.199877783792539870e-03 -9.211497072111503315e-02 1.508526218545823416e-01 -8.747487531543958472e-02 -1.246550404022944564e-01 -7.616304142891144879e-02 -2.106591625450474070e-01 1.243250258500806921e-01 -9.922123728288256839e-02 -2.733132690702078441e-02 -8.234608973332274706e-02 -4.496788666542406165e-02 -7.642019086964106644e-02 -4.539157885321021269e-02 -8.067314719282460411e-02 1.962042736641775031e-01 1.645212785785686305e-01 2.229579678279178245e-01 1.338797365034324616e-01 1.858655549524046713e-01 6.428237604235071956e-01 6.924673237066721054e-02 -1.395077927412011753e-01 2.147680940553853557e-01 -1.210984624421047040e-01 -1.069562601709999478e-01 2.122181319388452905e-02 -3.401822459937082349e-02 -3.599897703904761381e-01 -3.250498350300840000e-01 -3.360092214568872748e-01 -1.384674145226790776e-01 -1.851989764751837686e-01 3.082141927487950378e-02 -3.599629176987107493e-01 -2.028703481214805537e-01 3.386510621601077770e-02 -2.881535522057577722e-02 -1.910166953554716107e-01 -7.782253599704523628e-02 2.026290196950844211e-02 -2.015585195233561278e-01 -1.451144970622579577e-01 -1.135107836457144581e-01 -1.546209707886879725e-01 -2.974298463192684427e-01 -1.902935121189109902e-01 -1.322322053466874203e-01 1.094670396568201004e-01 -1.322165290793610171e-01 -4.932440459956854463e-03 -1.887676120856378661e-02 6.490175769798221805e-02 1.745608371835025152e-02 -4.329861145676055373e-02 2.594234247816865069e-01 1.215403725076203145e-01 4.822670250412215698e-02 -5.469989136732775203e-02 -3.053239533827083532e-02 1.011856417978870479e-02 9.591631884886811510e-02 2.828646849722936743e-02 2.005310159451062155e-02 1.446100763658670491e-02 1.772568269052739454e-01 1.734722170366223004e-01
2.065769286679204342e-01 1.528779938538846750e-01 4.617725229572920975e-01 -1.041761986449483424e-01 -7.060769372695506474e-02 1.000000000000000000e+00 1.699114742555997148e-01 5.568604969752732892e-01 7.597081763815167754e-01 3.374740787531609887e-01 7.188516428396048152e-02 2.240677590756313120e-01 1.446637676738286339e-02 1.791357642958630869e-01 8.801032087429100370e-02 1.263600099944489907e-01 6.199480749067748375e-02 2.334126499065485028e-01 5.497662245906813350e-02 -7.094964411594885390e-02 -1.369931883401717676e-02 1.358929593414975878e-01 1.718802932565977604e-01 1.506932635406168230e-01 1.681508888376310740e-01 1.865397307363660384e-01 7.874320806777389270e-02 1.328507705116627469e-01 1.049415259216486679e-01 1.072579322853018796e-01 -7.632941395630191660e-03 1.319995055837624998e-01 -1.378939711730886863e-01 7.786617167115467142e-02 8.224684300268568504e-02 3.187627895148374968e-01 1.342938137662240683e-01 1.200199840895742748e-01 1.287727543571280941e-01 2.848576555239018537e-01 -6.781813300779468423e-02 -7.328907949961524504e-02 1.903074810023780705e-01 -1.176389343116575892e-01 -2.770736482680505319e-02 -1.108504929574272435e-01 7.681141187670270654e-02 -6.637842704710292252e-02 4.194136756952246414e-01 -2.028846294747888301e-01 -9.234135434775943285e-02 3.766865990040470513e-01 9.407240696060199803e-02 -5.342267993516956748e-02 6.962413650141171528e-01 7.569320340066416630e-01 3.793043048994534927e-01 7.283281601051221354e-01 2.450950510536743510e-01 1.125809997595260403e-01 7.305634120194270942e-02 6.765079324982428699e-02 2.721808389429847264e-01 1.717421564678825174e-01 1.594802020044021607e-01 6.275350817168956485e-02 2.013967023792482269e-01 2.739405153152395592e-02 -5.873541594747551386e-02 9.740087836026807555e-02 -8.381758350421794623e-02 1.652945205422022001e-01 2.518428144172586425e-01 3.514391027764282582e-01 1.388208737928799952e-01 1.729838934473865997e-01 6.086582164743278150e-02 2.336495948579138948e-01 4.987081396701807667e-02 -1.956890390360588663e-02 1.000517846013175283e-01 -2.653189470360509117e-01 -1.627634957452480935e-01 -1.140682096058066725e-01 -5.215086958799965491e-03 -1.037989925793748741e-01 1.428694316254008889e-01 4.002699404515856763e-03 8.251185425355660186e-02 -9.761213179003755749e-03 -8.575727324560056264e-02 1.751098538759103540e-01 2.115545780125550890e-01 8.968532912447421679e-02 1.330492628749516126e-01 -1.143865943277887903e-01 -1.175604305107604275e-01 -1.144543911102290229e-01 4.590405450269570697e-01 -1.577393066081336226e-01
5.814164841522742044e-01 4.233995811228309369e-01 3.498595415800654362e-01 -9.333499346813102504e-02 -2.260983413019653498e-01 1.699114742555997148e-01 1.000000000000000000e+00 2.457065424240061358e-01 5.423451028071417379e-02 1.834379577619653090e-01 -9.019333762628121975e-02 -1.029380973777827557e-01 -1.798614794687559693e-01 1.572854362207188883e-01 2.317392919548804109e-01 9.838606922594463067e-02 -2.663387610883468856e-02 1.426894952748458401e-01 2.086861810708415810e-01 -9.796299121524283671e-02 2.895793174082567090e-01 2.120582747828441417e-01 4.233107202996100327e-01 -7.885612948054900040e-02 -5.598499018815745326e-02 2.519286669166081322e-02 3.779300644292207245e-01 4.588602565191973182e-01 -2.240179541057004189e-02 3.471759390806040124e-01 3.628287282461927551e-03 7.549967863989008598e-02 -2.460069646554827738e-01 -2.825399196181799244e-02 2.451162462723472102e-01 -1.668681808318293880e-02 4.730352284915084748e-02 -9.087404878831042976e-02 -5.789903203710897867e-03 6.415745487649489043e-01 6.232204353107739098e-02 -3.189639116502335781e-01 1.577335411659901432e-01 -1.714928732038599746e-01 1.868884877064998784e-01 2.076092475571441331e-01 2.115665919978291232e-01 1.263895133653449299e-01 3.035908069081648120e-01 -1.596529936065366195e-01 1.393494906820525944e-02 2.656694717868182676e-01 -1.320606974780406118e-01 -3.394287302213374602e-01 -3.850826750342458554e-02 4.472963772184021525e-01 1.388951168248747925e-01 7.373110524156697987e-02 -2.768241290480398242e-01 -4.262634117931521360e-02 -1.610431877283135249e-01 -7.875656988235917033e-02 2.692222884728713850e-01 3.006257007113017909e-01 2.489394439580540352e-01 2.140290209675342892e-01 3.744208430019838607e-01 1.578132543184675163e-01 2.206642867255383944e-01 8.108099225730820703e-02 1.537896117528160522e-01 2.600955167104896382e-01 3.354944080290941377e-01 3.165907212042980423e-01 1.151099374699070775e-02 -2.456895810672183877e-01 1.793150540823388039e-01 2.790266338156196513e-01 5.570322708959119656e-02 -1.627019292511795723e-01 2.556351471205728920e-01 -2.323989337249972031e-01 -8.130913682392611197e-02 2.858138147646493293e-02 9.140182715888295339e-02 5.531621213546844551e-02 2.249390815225268958e-01 2.300996337321943308e-01 -1.023625989290976035e-01 -2.890278631638913409e-01 -8.781197610582978930e-02 -3.185831197597260300e-01 6.953341613580966973e-02 9.752156501004609346e-02 -7.744775221539761112e-02 -1.836419330851017939e-01 -1.411051816601114305e-02 1.705243834199483555e-01 8.074372274889890511e-02 -8.624337823271405190e-02
2.182820180022268797e-01 4.340326610349773961e-01 3.171647834566343471e-01 2.075909967360119457e-01 2.028628386810799322e-01 5.568604969752732892e-01 2.457065424240061358e-01 1.000000000000000000e+00 4.596473942523768841e-01 1.828652226622298205e-01 -9.045922710605473760e-02 1.314661478990454546e-01 -1.781737227982942151e-01 1.150104513473344803e-02 3.275724860640016889e-02 4.069993575763894422e-01 -2.101910888899988505e-01 5.162236823551622500e-01 -1.273351362893731520e-01 -8.206000378436543140e-04 2.202846271381117549e-01 -8.704559307192395387e-03 1.870000996951140526e-01 1.927506125736479503e-01 2.309845726658629750e-02 6.447459707542949059e-02 8.564634300702481107e-02 -2.092899862442632129e-03 9.050909384906048738e-02 1.038498783259494268e-01 -2.044574711265592926e-01 4.109945180319973801e-02 -8.349881147261298264e-02 8.175181459759146840e-02 -3.986363151962233481e-02 3.307173166457403890e-01 2.786310160206044786e-02 -8.325854519935819986e-02 1.065318091360116515e-01 1.929234218362169961e-01 -6.510128356793228044e-02 -1.708903670569511257e-01 1.253059113122711454e-01 -2.329425469050759312e-01 -1.140507967453726346e-01 -1.274961408675875096e-01 9.058409121353047655e-02 -2.286824439869865055e-01 2.673026093469923481e-01 -1.968565783213580278e-01 6.532922173080304984e-02 5.949824095485697351e-01 3.576734775124022492e-01 1.935053642165578403e-01 5.583171044371566527e-01 4.694819906076893035e-01 7.643853651396780302e-01 6.226773729590823203e-01 9.658907987043430232e-02 1.898504645335586175e-02 2.183861230215357330e-02 -1.560252171649785802e-01 7.423170313989232993e-02 -2.538279905792033622e-02 1.416131513866517866e-01 8.914427550386815058e-03 4.459540760645935298e-01 -1.899598326842183160e-01 -1.361363143591186320e-01 3.123652636302589047e-01 1.555086758518642587e-01 9.652301473770830142e-03 2.482319209037200936e-01 3.246263082335795191e-01 1.085075310172390478e-01 6.572840310552895138e-02 1.111898914941169270e-01 1.561298018083946415e-01 -1.412043602884581195e-01 -1.410160935749399658e-01 7.956319011412182896e-02 -3.558764667171094298e-01 -2.278604501459251530e-01 -6.720556146044340262e-02 4.456757622265222069e-02 -8.130489696950313205e-02 1.492704705578619950e-01 -5.812483987949806225e-02 1.132457273194564518e-01 -2.399374418138966458e-02 -6.224150445736748721e-02 8.364994348396724566e-02 1.952709515581780297e-01 5.974858791942462555e-02 2.558790291069272249e-01 -2.214849781444565568e-01 -1.462435945401474313e-01 -1.723608515979579980e-01 3.292530481253296837e-01 -2.206898552225150523e-01
-2.189127010777986576e-02 1.905724276970784808e-02 3.508033236185720272e-01 -2.673222884475249805e-01 -1.951973443198343205e-01 7.597081763815167754e-01 5.423451028071417379e-02 4.596473942523768841e-01 1.000000000000000000e+00 2.771268275838783546e-01 1.553338534580164798e-01 3.332731351365951777e-01 1.767142543467297156e-01 2.652257236462146617e-01 9.563012632872959495e-02 8.842377642152944106e-04 2.012055426954890147e-01 2.572381122541574916e-01 1.029366116006465159e-01 -9.831375700744542090e-02 -9.066444045549447439e-02 1.270385678627908854e-01 1.469305752726820791e-01 2.476766841208124237e-01 1.483572838569832131e-01 2.947553826695525347e-01 2.162599322186467554e-02 -2.086271272384740069e-02 1.377655620696016381e-01 5.770835202047860241e-02 1.239342458361207822e-01 4.895898784158304179e-02 -1.339182612027538521e-01 1.895228831381381707e-01 1.524067851492425137e-02 3.386770371322689321e-01 6.311389472569396697e-02 2.935098653262111987e-02 1.052182582233954222e-01 1.291237209246515749e-01 -9.521620574955307059e-02 1.990621283024749180e-02 1.877118806510601201e-01 -4.504069260240659706e-02 -7.026419092708154415e-03 -2.040825105970173470e-01 2.390192509459653034e-03 -6.180023600223661512e-02 2.308142800350032886e-01 -1.905167860411406955e-01 -1.781629427339870009e-01 2.279951678583076735e-01 1.422072976653553089e-02 -1.632215303099597281e-01 6.299382287067090136e-01 5.829868969300308068e-01 2.549372000242971503e-01 8.046715930829138053e-01 2.908937582730071747e-01 1.653275008524770773e-01 2.657659297365876361e-01 2.297662085837389734e-01 3.284153258252971441e-01 2.288138175938440044e-01 2.019304835609743720e-01 1.201762684620484439e-01 1.043666244047664476e-01 1.490923477182106160e-01 -2.985550435700606159e-02 1.602629908180687457e-01 -9.841586233688355556e-02 1.196630564086761939e-01 2.378186188741178986e-01 2.548550482965026287e-01 2.270017219119042085e-01 2.363819106875985621e-01 2.002881796548722226e-02 1.867316722334711465e-01 1.439385047086191582e-01 -7.283897461714837485e-02 3.088529012006877364e-02 -1.859538578725073721e-01 -6.129459701301201435e-02 -1.687407093138643677e-01 -6.609977224353429104e-02 -1.244518049686833688e-01 7.730071825241567607e-02 -1.461876087729622464e-01 5.114040996083465268e-02 5.087953155208032457e-02 -1.551901660058509214e-01 2.266256343563754494e-01 1.382057873221180511e-01 1.179340871540099367e-01 1.740547580526194960e-01 -1.066374221312325760e-01 -2.314088009260424628e-01 -1.275524163325309490e-01 3.551694448285351302e-01 -1.817818370943086737e-01
9.484442716537849760e-02 -2.481816968524911543e-02 -1.024703668026727271e-01 -5.760881014148711704e-02 -8.544175654421615196e-02 3.374740787531609887e-01 1.834379577619653090e-01 1.828652226622298205e-01 2.771268275838783546e-01 1.000000000000000000e+00 4.978009897169073938e-01 6.350405957112150723e-01 -9.456394638603594915e-02 2.492376463608094242e-02 7.157544211183951288e-02 7.613375784360291998e-02 2.660120839249580094e-02 -1.439830854071035837e-01 1.282516093549782576e-01 -3.031686709452525164e-01 -5.717946424051972149e-03 -1.475966690470741083e-01 -3.060386408887270926e-02 3.043380357713342255e-01 5.015214394877387516e-01 3.521685102270004641e-01 1.276513591407216486e-01 1.268716828562846122e-01 1.057737850450586881e-01 -4.054736371026956832e-02 -2.371829678507171926e-02 5.562833613937478994e-01 3.715955941988388633e-02 -1.331339330739641502e-01 -7.707641293392500370e-02 7.471220737787610811e-02 2.790557824455159319e-01 4.401295322311503666e-01 1.890410288239481595e-01 4.542018849990891449e-01 -1.842746493947762798e-01 -3.035112305968292734e-01 3.443507112426894001e-01 -1.103094723747788525e-01 -5.909799637627762003e-02 -1.125980920692354337e-01 -6.288000801873436241e-02 -5.592515944383680965e-02 2.105509196105396219e-01 -5.603176302760298766e-01 -2.409015521821910311e-01 -3.544272039340410491e-02 1.743687530851464884e-01 -1.120856566910205694e-02 9.965932391836214432e-02 4.607788626789133812e-01 1.998333203496749921e-01 3.779800632495968760e-01 5.164888367701342409e-01 4.069620037739240526e-01 1.191105035496637515e-01 -1.449116094846250036e-01 1.377602979279209383e-01 8.149146184306430007e-02 4.709300548142634352e-02 -2.491575383259563362e-02 1.792971563185303818e-01 -2.796199799881849551e-02 -1.375798011310815361e-01 -2.012924243530463675e-01 -1.035039509194790319e-01 -1.004394772218067666e-01 4.167130801411950136e-02 3.955948679083537423e-01 1.407875301845271654e-01 2.514043126181242371e-01 1.518803527518979013e-01 1.368717137132030304e-01 1.499230391005492713e-01 2.716518412418721939e-01 2.559269824208428371e-02 -2.509470596476581217e-01 -6.806891680248715326e-02 -1.461099710037551125e-01 1.181956406901820272e-01 -1.852255191628165154e-01 3.073244495296459933e-01 -1.135215983627605764e-02 -7.854053846667383154e-02 1.091539405625623349e-01 1.432865726483186497e-01 3.482055419804898633e-01 3.998275671177671797e-01 3.347530960487629104e-01 2.160689317287922684e-01 -2.220641505131477622e-01 2.154348863998100869e-02 -4.457596202445542749e-02 2.002490423047187662e-01 -4.224834984031514695e-01
-1.053235196295390641e-01 -1.698660931598325874e-01 -1.661429812929015315e-01 -9.221193995692654466e-02 -5.037805369638553854e-02 7.188516428396048152e-02 -9.019333762628121975e-02 -9.045922710605473760e-02 1.553338534580164798e-01 4.978009897169073938e-01 1.000000000000000000e+00 5.730280636086426682e-01 1.175806882273369991e-01 1.156322977253417678e-01 7.018602825479963725e-02 -1.439206430341177789e-01 1.867374447268318471e-01 -2.882914867346758614e-01 1.624040156290118553e-01 -2.171872391272576808e-01 -2.250328435753876644e-01 -1.259265466394479394e-01 -7.939627626506881586e-02 3.123275168674493063e-01 2.917691618854404978e-01 4.272934212431571122e-01 -2.987926935705706444e-02 -6.711497343903437274e-02 1.082496269246622511e-01 -1.212306446441652613e-01 7.993712834764250819e-02 2.688878260518566266e-01 -2.660472687938986169e-02 -9.772629691450972211e-02 -6.791143238781291447e-02 1.134006518497222421e-01 2.174336928693581805e-01 1.940568140053287316e-01 -2.480839376887174208e-02 3.582841369853416447e-02 -3.005613296256890929e-02 -5.923043056976515924e-02 2.764798836177018715e-01 2.077582281243987583e-01 7.943395867145430778e-03 -1.644223789321563323e-01 -1.053778630413956946e-01 9.996831456774867009e-02 1.207320736721220755e-01 -1.876838274473301704e-01 -1.039834689432062309e-01 -1.743758369700487976e-01 -6.432745055023778025e-02 -2.173591456734953395e-02 -6.234996801948504419e-02 9.191520243237527588e-02 -9.645052405398678308e-02 1.553238042211961267e-01 3.823800964197137664e-01 5.403199602184752814e-01 3.725859284837458318e-01 5.214851227722578503e-02 1.144615687564293077e-01 1.338691561708882649e-01 4.420403802521803011e-02 2.774868858429135540e-02 -6.916275949929795441e-02 3.988477017967413663e-02 -2.113083128468614402e-01 -2.962961928614087914e-01 -2.135119836163013596e-01 -1.757952888599989549e-01 -3.096852955364578011e-02 7.414956227845011238e-02 2.024309161407215618e-01 2.906356592736563660e-01 7.440825511410448234e-02 3.025760789760708128e-02 1.449467030499084763e-01 1.064288029629731347e-01 -1.854470673937921310e-01 2.971658967274955557e-02 4.077989800649930996e-02 -2.773734388362955050e-01 -1.531427049949728447e-01 -1.935450256842678740e-01 2.121467618765264795e-01 -1.785488484002567544e-01 2.311455293606401798e-02 2.337836496794446495e-01 3.485696696699262104e-02 2.205204718207133541e-01 8.383532314659210283e-02 3.053221010165571569e-01 1.996497990625356322e-01 7.895991591282315591e-02 -8.119012488648455483e-02 2.549158343021683953e-02 1.535308455950313289e-01 -4.701019194186645961e-02
-2.860189093214499656e-01 -1.469520291668573730e-01 -2.353588448359878460e-01 -1.087436334090145368e-01 -8.843366804878219356e-02 2.240677590756313120e-01 -1.029380973777827557e-01 1.314661478990454546e-01 3.332731351365951777e-01 6.350405957112150723e-01 5.730280636086426682e-01 1.000000000000000000e+00 1.600645514725360097e-01 1.016950793198416053e-01 7.228949092652188491e-02 9.087570582989007439e-03 2.307590425351731533e-01 -3.979463041861661110e-02 1.901608104070351135e-01 -2.318148182430243287e-01 -1.114804934312075002e-01 -1.699978789795275613e-01 -9.972364707395478534e-02 5.580857001474620604e-01 4.574566615045830842e-01 5.106463064766426641e-01 -7.554307977031776700e-02 -2.204613509113986236e-01 2.030588844766069434e-01 -1.776524814797726948e-01 7.766135128289188005e-02 3.647194421935695541e-01 4.655484765235821248e-02 7.051874011239564477e-02 -1.533636499819713839e-01 2.929015357303308420e-01 2.447818532686888426e-01 2.889343134500089727e-01 8.506974957644336532e-02 7.615832928158700055e-02 -1.528620703032967654e-01 -4.471376094813570012e-02 3.712578713250179185e-01 1.119628442762297532e-01 -5.378691173198527770e-02 -3.485327357779351432e-01 -1.280742331686100799e-01 -6.479804933022728641e-02 6.474877112814712843e-02 -4.265380894112650312e-01 -2.387682572030293271e-01 -1.167004229599693937e-01 2.025414737192396675e-01 6.979687294535044662e-02 1.629539746653875243e-01 1.663183641340475472e-01 1.473152748900612152e-01 4.080484919435239388e-01 6.361676448514907989e-01 5.183184746732437675e-01 5.265479200869924714e-01 6.091035144531431467e-02 1.367651339707325053e-01 5.158352641517421205e-02 9.646043710156103346e-02 1.846371101528176267e-02 1.184377246495157271e-01 8.679025147964053444e-02 -1.797305088796582184e-01 -8.212578144796846280e-02 -1.459722094517574009e-01 -1.832038895787197752e-01 3.517274632084042580e-03 1.721680130250475005e-01 3.493281602586691958e-01 4.375556224386040749e-01 1.334387314481880193e-01 4.751113613702140359e-02 1.999816466059102793e-01 1.949627278290974319e-01 -1.766573052212783435e-01 -1.321125677655772268e-01 4.989027229579390960e-02 -1.592274952671602073e-01 -1.270457308618661574e-01 -2.373640364360005417e-01 1.793272737654535431e-01 -2.724533404503546308e-01 5.392960154204520795e-02 2.711443781903936090e-01 8.372266058524835408e-02 4.601493548837936043e-01 2.270784316729683172e-01 4.019560398615183994e-01 4.118668258403780369e-01 -2.716257164086838261e-02 -2.550035220506374767e-01 -1.779374508633633500e-01 2.110785396095235522e-01 -3.223139227740328128e-01
-2.892487404154813757e-01 -3.043122462228555203e-01 2.303510887610958069e-01 -3.839694479150655426e-01 -3.332501299024610564e-01 1.446637676738286339e-02 -1.798614794687559693e-01 -1.781737227982942151e-01 1.767142543467297156e-01 -9.456394638603594915e-02 1.175806882273369991e-01 1.600645514725360097e-01 1.000000000000000000e+00 5.272495317798689962e-01 3.475370884971478169e-01 -1.396057845297878908e-01 6.590380833534628113e-01 5.874015899750171382e-02 4.762266303792508371e-01 1.450660930413041061e-01 -1.093229014933311434e-02 3.151877849279045019e-01 6.584902784808782661e-02 1.678541641017307628e-01 1.817775010902088484e-01 2.924503434755815201e-01 -5.178808245669099669e-02 -8.224531272035313922e-02 3.930998761464031266e-01 5.537993707957851452e-02 3.499764105368357026e-01 -2.230830911505923830e-01 -9.636412265646475406e-02 1.621383657510890308e-01 2.013285534623750761e-01 3.553889338868190112e-02 5.694264866920994983e-02 -7.490098472798799312e-02 -5.997739761876691444e-02 -2.812838079146226522e-01 -5.565204115166277887e-02 4.630060953532151302e-01 5.239688286224698094e-02 2.867078568600737731e-01 2.418263680751361888e-01 7.355249354763324955e-03 -5.256964640852848647e-02 9.303441248700003441e-02 -1.954675976452716901e-01 2.835117736692041035e-01 5.074878742685053762e-02 -4.114368586211613471e-02 -1.058842847375080082e-01 -2.270833516440178834e-01 1.041884795389163149e-01 -1.249803597074772427e-01 -2.422873822883590267e-01 1.080115823577552231e-01 1.638908644700351191e-01 1.287383786300001776e-01 3.858970348483417023e-01 7.328514013793813175e-01 3.432247811208651855e-01 3.682315619628820924e-01 2.869590651702459416e-01 3.320441243224424022e-01 -2.152581408791996165e-01 4.419308954633528463e-01 1.434321921919499976e-01 5.929191616881587801e-02 1.038144343130716629e-01 2.595530782254940605e-01 1.132435668032704817e-01 -2.326182115768286873e-01 3.771734499467532253e-01 4.405983950339165123e-01 2.283789947574307866e-01 1.895713510360213239e-01 2.453001742510444172e-01 -9.220560054780232995e-02 -3.452257750814657217e-02 3.777570468171112528e-02 3.518397542609005280e-01 1.230320359099324884e-01 -2.043691853226836941e-01 -8.211935493459873725e-03 -1.897980830570520083e-01 -1.779553374549507350e-01 1.710450832340910249e-02 -1.324890272602027678e-02 -1.971648649328968939e-01 9.330194258945312402e-02 -2.437768102980949481e-01 7.844393522500676952e-02 5.707912899583757887e-02 3.209897871169745676e-01 -2.456580268394591149e-01 -7.232196775855284643e-02 -5.320414057497425270e-02 2.087800165467965374e-01
7.144899663577584936e-02 -1.253401943622903898e-03 3.677019587498854825e-01 -2.201929121147224444e-01 -3.061823326337134721e-01 1.791357642958630869e-01 1.572854362207188883e-01 1.150104513473344803e-02 2.652257236462146617e-01 2.492376463608094242e-02 1.156322977253417678e-01 1.016950793198416053e-01 5.272495317798689962e-01 1.000000000000000000e+00 6.912948019126468058e-01 -1.476782620759732600e-01 5.111721870387787581e-01 1.181281452422386635e-01 6.273876486299507782e-01 4.041631134783815055e-02 -3.236764353775840181e-02 4.803624598679830937e-01 5.657507380169556344e-01 1.213725709804598478e-02 -1.637912370418382474e-02 2.869699623405403965e-01 3.330959817867586992e-01 3.757389084885087160e-01 2.403115832259813400e-01 5.320954015976711027e-01 2.106412613583552584e-01 -1.015725017559855198e-01 -3.253611773625427195e-01 2.236994033423179706e-01 4.522822020092882034e-01 1.389831511809631048e-01 1.728869136076441049e-01 -2.488941064155433536e-01 -1.431013545480690034e-02 9.881740373464141525e-02 6.347923307614661281e-02 1.554790072716342175e-01 2.556808591137154640e-01 8.518449686588058789e-02 2.426108937360557938e-01 3.502939390818636811e-01 3.260200314962592993e-01 3.167317955040759303e-01 7.781836930308957956e-02 1.750529717873916535e-01 -2.568671440740429024e-02 3.750689002444936027e-02 -2.277944522532088234e-01 -2.004081816548626549e-01 1.176707786273553658e-01 2.023660125516269226e-01 -1.658529393301805266e-01 1.631763414747107177e-01 -5.064003429315847016e-02 1.672946525309804977e-01 3.032530059839751990e-01 5.595031786222306458e-01 6.666616796665292277e-01 7.722872767153790008e-01 6.811895416488722432e-01 6.043018547582411637e-01 -9.928411162082187436e-02 3.682701631786594043e-01 2.744199107193137088e-01 2.205922273326056671e-02 2.380444005740439337e-02 4.654431841282927751e-01 5.171587306490050828e-01 3.447031506817329477e-02 2.367903341135418338e-01 2.557421756955537417e-01 2.528434059197601780e-01 5.195019350826974858e-01 1.008643665157630265e-01 -2.398459249666632098e-01 1.461059438206429029e-01 -5.359078127735716901e-02 2.909739465173813433e-01 1.877683575212070188e-01 -5.515458565332027191e-02 1.802697391315254971e-01 1.612768668945071537e-01 1.773166149720542817e-01 8.094355391171878869e-03 -9.979483727831771345e-02 -1.777635047534110446e-01 -1.073888751168927680e-01 1.596507334245514387e-02 1.949243550381509760e-01 6.404719845636680509e-02 1.256466628354127590e-01 -4.718658117471482422e-02 2.097952723092028904e-01 9.351304555428215093e-02 1.552058674511239411e-01
1.918012790201710227e-01 4.803367359339277137e-02 3.354086360946422207e-01 -1.617243986904010888e-01 -1.979147509654076154e-01 8.801032087429100370e-02 2.317392919548804109e-01 3.275724860640016889e-02 9.563012632872959495e-02 7.157544211183951288e-02 7.018602825479963725e-02 7.228949092652188491e-02 3.475370884971478169e-01 6.912948019126468058e-01 1.000000000000000000e+00 -5.845123083921511392e-02 3.829491332945714199e-01 9.895579247528367428e-02 5.795259945963998627e-01 1.004526664055915841e-01 2.043125003438645004e-01 4.403948836934138411e-01 6.410540189993044757e-01 3.013674890854071281e-02 -1.447345452995881486e-02 2.764637958695789210e-01 4.848237762891332570e-01 5.348183183398478313e-01 3.444095307705157261e-01 6.786841909128908945e-01 7.720769732411050801e-02 -1.449773503408269826e-01 -4.752182017132123848e-01 2.624500683237833074e-02 4.073893455433954536e-01 1.336153260158475242e-01 2.212306018467972979e-01 -3.144109633553076044e-01 -1.992884568280004765e-01 1.318423081950859665e-01 -4.609682063092095800e-02 4.717109289550323187e-02 1.233495211130063857e-01 -1.248833890346385915e-02 1.570197226295621251e-01 3.890655195961829071e-01 2.805472414309050921e-01 2.360195247760423498e-01 1.040082181673862433e-01 1.660990770201467293e-01 4.882089435573302300e-03 1.312670633357833905e-01 -1.305551234150754414e-01 -1.025804930754975752e-01 8.100753775131272483e-02 1.590585159535933546e-01 -3.963134606451026998e-02 3.723172966068092476e-02 -1.018654141674706776e-01 1.476743399218928554e-01 1.448761156017334961e-01 4.117856838271741760e-01 6.381388194476989018e-01 7.053733123226896273e-01 7.322635846575791252e-01 8.217481207128799481e-01 6.577607810953599310e-02 3.435712707085653017e-01 2.884888382815813390e-01 4.781663656559082681e-02 2.871159360079394984e-01 5.230778450828104109e-01 6.019641827884533170e-01 1.428908007456887452e-01 3.174278094545849305e-01 2.792099734648151310e-01 4.889574393584139034e-01 7.500654105524178217e-01 8.622177187534290146e-03 -3.108191151141699304e-01 2.604320447147470130e-01 -1.510903462646000506e-01 2.130187552746164725e-01 2.432487763874077169e-01 3.803355568276044901e-02 1.737752713329049070e-01 2.039265581042748743e-01 3.657405403410605715e-01 5.150521886706100477e-02 -2.756849367435808551e-01 -2.793002440986577795e-01 -2.380562427794302716e-01 -5.241100301282166501e-02 6.042654530280727743e-02 5.989375805135858932e-02 5.425305567471284257e-02 -1.023708777506460860e-02 2.026494504910864303e-01 6.149279345325384116e-02 1.227816678246268500e-01
