1.000000000000000000e+00 6.488461934919612095e-02 2.929959108897289277e-01 6.166412281835245007e-02 1.326932761415809958e-01 2.558608064704897544e-01 -2.178324981588798392e-01 -3.439879508060395691e-02 4.212461402239206162e-03 1.694425018814580200e-02 6.977044655842447318e-02 5.278811668805002966e-02 1.104921217783161186e-01 -1.818826797702582099e-01 -1.803543223242235483e-01 8.832286281980730736e-02 6.082439470311330754e-02 -1.394399509084567057e-01 -3.552856085873001141e-02 1.114312951127586181e-02 -4.223548625475675306e-02 -9.435836765063401049e-03 -1.407957599284907768e-01 -1.844234290898145445e-01 2.803893594718845014e-02 1.389742046457934921e-01 -1.750573175738543152e-01 -4.532071701178121137e-02 2.595351454477998893e-02 -1.845504634896931728e-01 1.054438222686274046e-01 1.735535832337074258e-01 -1.410425217951028487e-01 -2.191244614126803755e-02 -9.561653314521102731e-02 -2.732422276907320660e-02 1.202784563453122672e-02 1.930537397013474543e-01 -4.560667411762871909e-02 -2.102079322951307394e-01 3.878203194678105092e-02 -7.763641363362627779e-02 6.180568111592655428e-02 -3.972210371822931796e-02 -1.121117754924034343e-01 -1.953099026498065216e-01 -1.636391756490386540e-01 -8.097590239001629941e-02 3.339027197822827531e-01 2.240449969395600927e-01 3.709153039194123536e-01 4.722124425067202036e-02 1.936813791849298361e-01 9.541631294435383437e-02 7.949798660338970591e-02 2.944307326885398646e-01 2.529702011400580125e-02 -4.333733511953855033e-02 4.055868595766907309e-02 8.445285062533483544e-02 -8.786468348113680993e-02 2.366277019336365806e-02 -1.796560110961344658e-01 -1.349639702751875281e-01 -1.176007533292917351e-01 -2.039267983095111036e-01 -4.445879283502116031e-02 4.253954361495083762e-03 -3.276029001920934686e-02 -4.442956096043301772e-02 -2.841784007496074224e-02 -9.321798253669266732e-02 -2.085564587859368157e-01 -4.410788219602686960e-04 -1.304850190432729762e-01 4.310848158350534531e-02 -6.709183525371868739e-02 -1.859197107399600812e-01 1.002998157711535998e-01 6.651643571082717366e-02 -1.112143991150786743e-01 -9.091291476710817998e-03 -1.341350121008448859e-01 -1.129362586643366390e-01 -2.217846235249872899e-01 -2.189270797415105441e-01 5.341406979886834105e-02 -2.724208211547309282e-03 8.156944690296466646e-04 -1.021104935234190270e-01 4.520394830730116442e-02 1.207904083971265558e-01 -2.578606672895493723e-01 2.229583165102982587e-02 -5.256263517722119250e-02 3.347633089725468580e-02 -2.420733712828999074e-01 -1.888507964941085193e-01 1.651083594838325397e-01 1.606738959444372894e-01
6.488461934919612095e-02 1.000000000000000000e+00 5.021447644536587429e-01 6.385209729177558913e-01 4.859508182171143886e-01 2.939894215807516975e-01 3.293765027806528356e-01 5.375445727798325857e-01 2.754127982691672583e-01 1.936795268726954622e-01 2.289607849429599329e-01 7.028869219056226025e-02 1.265835808489594594e-01 -3.083489542506648307e-01 -3.249101463774143328e-01 6.405729244015042623e-01 1.800952667007435504e-01 4.317782076749774878e-01 -1.255992392583241482e-02 -3.285966660044534193e-02 -1.474823138336396056e-01 2.077898699766397572e-01 -3.194361324075988828e-01 8.491478079848974181e-02 2.480629692947780296e-01 2.549433323239048699e-01 -1.976783449252619493e-02 -2.314817595986886078e-01 -9.464836398113543603e-02 -3.535219389365157894e-01 -2.607307356302900059e-02 1.384015203153692863e-01 -6.839211709223851077e-02 -2.243852018295873496e-01 1.179223107830336577e-02 -2.710702324992635415e-01 -3.753216372592261818e-01 -1.336466113583316406e-01 -2.216192372301939162e-01 1.455669891067488675e-01 -3.603075640818337866e-01 -8.109078294567634293e-02 -1.587691174685462378e-02 -3.438008190116223495e-01 -3.569248430696380092e-01 -4.271350677992901690e-01 -2.842841315512983913e-01 -4.602562527785917235e-01 -2.039140293000679394e-01 -4.283678257760148989e-01 1.550409268642574945e-01 6.835579213634780382e-01 4.284480080396569357e-01 6.314894100421659662e-01 2.904102386909028222e-01 3.340120328287581319e-01 4.037041957144885118e-01 2.245355544285333738e-01 2.603485698123810810e-01 7.582377543730429992e-02 -4.900038068620406889e-02 3.651835238346810564e-01 -2.717083726383569091e-03 -1.905209779398205905e-01 -1.467894136847597286e-01 -2.854538905390529013e-01 -3.076425578587739865e-02 3.826411314146763165e-01 1.693556255938157701e-02 3.407341080765834418e-01 -9.923330048303967421e-02 3.966081640221023608e-01 -1.747215514670371339e-01 3.632195235448524295e-01 3.488711278506828606e-01 4.085806335325952166e-01 2.916723008477317691e-02 -1.984548080310060969e-01 -4.174805920779228741e-02 -3.079147622800649381e-02 2.950370278033283555e-01 -2.258807098609173780e-01 1.296995270180881787e-01 2.336766157462735194e-01 5.967265055343927427e-02 -1.414382261110695982e-01 -2.961426926838010565e-01 -3.127142629680816910e-01 5.378611495967199063e-02 1.399356083101405968e-01 -8.271975316184670968e-02 1.727807486574181595e-01 -3.785445723268743984e-02 -1.330875652122380341e-02 2.063916574452607511e-01 -4.135537295672560565e-01 -3.032386559072135501e-01 -3.318019812848067018e-01 -2.444857397824674317e-01 -3.631060454269033344e-01
2.929959108897289277e-01 5.021447644536587429e-01 1.000000000000000000e+00 3.508236640622605096e-01 3.496334212898605798e-01 2.962221561237506351e-01 1.478639351314168515e-01 2.429796711537521303e-01 2.986790857360913654e-01 1.768550636728666303e-02 1.822682936417104327e-01 2.639002916587297465e-01 1.528615706798331364e-01 -5.630286946106696777e-02 -6.712782096429784073e-02 3.441604094220648835e-01 1.946449582131019526e-02 2.096962566800014138e-01 -7.722224687314320490e-02 -1.013549158946056850e-01 5.111003603825198249e-02 1.163355153430423033e-01 5.726390990489986510e-02 6.106878697412197743e-02 -6.725259287871555858e-02 3.592161974461552387e-01 -4.139952901979842073e-03 1.139094392783246007e-01 -2.243189794958618255e-01 4.770625369477723976e-02 -1.458924015606095359e-01 -1.535365879064700678e-01 -2.575190433442290927e-01 -1.567308210144164049e-01 -3.515181407060907759e-02 -2.848495132625081250e-01 -3.987391075729435630e-01 -1.155601977953213261e-01 -4.149645024024845585e-01 -6.233546812185969399e-02 -2.820962003395772744e-01 2.435578000933288911e-01 1.313281235673843528e-01 -2.509325284271070045e-01 -3.283433536662753172e-01 -2.059118944771043680e-01 -5.855338995198840213e-02 -1.077218521531846107e-01 -5.497543095647436373e-02 -1.827935693088729163e-01 -4.286372522979505634e-02 4.489383705606387887e-01 3.484810052120733692e-01 3.734385061281437768e-01 4.091999167287908024e-01 4.788062280868966014e-01 2.563188641220670028e-01 2.304554735086361550e-01 1.153444671537645488e-01 3.346892845646059489e-01 1.469989590439484961e-01 3.354760898290397586e-01 1.829997709441228415e-01 8.043100665249819370e-02 5.662109837296779025e-02 -5.005972751634774065e-02 -1.394412466722317057e-01 2.463481514486680346e-01 1.425980507066259284e-01 1.896128134778710950e-01 2.494275615388121328e-02 1.456418617523853876e-01 9.120103025101507221e-02 2.657955773917657916e-01 3.301876818841344985e-01 3.977304894682254788e-01 -1.348467543740551056e-01 7.217334117831837592e-02 -1.047755036096949671e-01 -5.182739370188796380e-02 2.530585529289987590e-01 -2.190574542608691722e-01 -4.776723264165190497e-02 1.281984223975810855e-01 2.793393000360867504e-02 1.759408765421351106e-02 -4.400311421454715655e-01 -1.367221744730733324e-01 -9.706853824537479969e-02 1.043724884659251728e-01 -1.544645070058802139e-01 -1.577120227974074251e-01 -3.314589797741011035e-01 6.522552059620155551e-02 1.241274634313659225e-01 -2.773963314963449611e-01 -1.964558853530032900e-01 -8.567304560401815816e-02 -2.727916767943097121e-01 -7.370137416540802067e-02
6.166412281835245007e-02 6.385209729177558913e-01 3.508236640622605096e-01 1.000000000000000000e+00 2.292653643853332923e-01 4.846658115449864468e-02 2.842142732719676324e-01 5.856459145808041722e-01 2.282137885171205138e-01 1.334478546098850915e-01 1.579017512560327782e-02 2.358960120626252960e-02 1.323100883292448182e-01 -7.390144405207250966e-02 -1.185778230967511615e-01 3.998131639538006765e-01 2.486226884497428902e-01 2.610972166428440766e-01 7.811510813855947200e-02 -6.687015318706743261e-02 9.053873871944348450e-02 7.429713808493246252e-02 -1.260940604940715692e-01 1.079044855933734420e-01 1.541828963370283356e-01 1.146387657419771500e-01 -2.206105491958934572e-01 -3.461342002408382412e-01 -9.541487562956194046e-02 -1.529647649572809520e-01 5.768571129921434837e-02 1.053915189372998246e-01 -7.568994285027166868e-02 -1.984348292410490489e-01 -1.651881634009307043e-01 -3.604556396135951135e-01 -1.989857681618399099e-01 -1.343369683387112823e-01 -2.207035092930718645e-01 1.855108265236139753e-01 -4.825854307144441524e-01 -1.400834120370148539e-01 -2.142966132116309319e-01 -3.463408944135117351e-01 -4.163544856770864944e-01 -3.584754034358592634e-01 -3.105261356621986657e-01 -3.372857203198307285e-01 -2.241335973511376367e-01 -4.249179152648109858e-01 1.467802912491666945e-01 5.479378847782904183e-01 5.641249330661831651e-01 7.619968518144588643e-01 2.371267342060559905e-02 1.774399888011738147e-01 5.748674893561150911e-01 2.703534712696379350e-01 2.437886157092052693e-03 1.838352019344118710e-02 9.344978131666648036e-02 1.263648448409227520e-01 5.715652205962550719e-02 -1.277652413206736143e-02 3.310378173896651177e-02 -8.034808216107038048e-02 1.155186963506829416e-02 2.508978074171179240e-01 4.123717811643090592e-02 3.003619595947327747e-01 7.270892028646436245e-02 2.074751462491518095e-01 1.362348669164241757e-02 2.374847008192696451e-01 1.512023904527481921e-01 1.744416693454906298e-01 -2.726393214210371882e-02 -6.066109511346342437e-02 -2.457430685894107167e-02 1.168365278380689848e-01 1.814581098079160182e-01 -4.181112445081618390e-01 -1.453790268714534872e-01 1.641175793186096243e-02 -4.794890375486087625e-02 -8.040528731060028744e-02 -1.591313227906287209e-01 -2.864605836840357078e-01 -2.440765967268466313e-02 -4.013657526108829754e-02 -3.467289748504357588e-02 4.330037767759990081e-02 -1.593620487488672105e-02 -1.270411355666604403e-01 -7.831768734591408598e-02 -3.921707766177487953e-01 -2.435077014384598171e-01 -2.071276906028852172e-01 -2.472601317145373401e-01 -3.066656793857936436e-01
1.326932761415809958e-01 4.859508182171143886e-01 3.496334212898605798e-01 2.292653643853332923e-01 1.000000000000000000e+00 3.742073022733690690e-01 -3.429216483376990726e-02 3.261714990998254016e-01 3.160755911796674367e-01 1.914390447112165605e-01 2.323874915529187402e-01 6.208833995541840345e-02 8.955727629605908513e-02 -3.799579213762067087e-01 -4.237346171643426307e-01 2.934298267296496787e-01 -5.260406361912019907e-02 2.136317763803918524e-01 -3.014475280781553912e-01 -2.671711529049566880e-01 -4.252208259175137006e-01 2.359060337398290463e-01 -3.356457770734113111e-01 1.323992822528488426e-02 1.301189747572477906e-01 1.492151903296970450e-01 5.026698223761840584e-02 -2.881318796595373766e-02 -2.589266277652713111e-01 -2.987119403641413928e-01 -8.054196465375543235e-02 -5.830848648567447945e-02 2.437820237593670350e-02 -4.205807793908670350e-03 2.267394096691852379e-01 9.341752688798482529e-02 -1.771184161571637550e-01 1.085782326716254326e-01 -3.692607698767383373e-02 5.569176608012382096e-02 1.278757888449057467e-01 1.279841635232813468e-01 2.043867377568071297e-01 -3.443902680985134329e-02 -9.273350456273041220e-02 -2.420472382346304241e-01 -1.049661964005229312e-04 -1.899830733779278302e-01 -3.414944094356515709e-03 -1.230199130257336876e-01 1.565475058489244620e-01 4.254822178623740569e-01 -2.609300442335425047e-02 3.585378896610069144e-01 6.346137554887957277e-01 2.589248512805631397e-01 -2.032294603420621917e-02 2.658127834748577056e-01 3.579421421211105292e-01 -7.739413094065303311e-02 -2.375890023314113086e-01 2.718587540609220810e-01 -1.120467221562558569e-01 -2.943729759797540924e-01 -3.253794569529608882e-01 -4.171242608190595114e-01 -3.049523020535218065e-01 1.661558155522973798e-02 -2.017686503336774406e-01 -5.655581326181836205e-02 -3.884847852877406638e-01 2.503674504153653446e-01 -3.249580756087570022e-01 1.046767476650508344e-01 1.453004646367850039e-01 2.011369208030474309e-01 -2.218008643749828646e-01 -3.121244496274312996e-01 -3.343678916795042588e-02 -2.117090102552716402e-01 -2.970449174295410055e-02 8.188655766497414390e-02 2.807119886404302322e-01 2.183609182579742680e-01 8.227199797291749606e-02 -1.536449474737624221e-01 -2.629481789439654937e-01 -3.454139783750957704e-02 1.476198352733759656e-01 6.895702808642996395e-02 -3.061944342445757986e-02 1.579872125638598079e-01 -7.114432970303795345e-02 2.352159338143348655e-01 3.107751533660910725e-01 -1.109638117283611031e-01 -2.333914202201905486e-01 -2.451857756312388892e-01 9.797431263510691241e-03 -2.115895827092398040e-01
2.558608064704897544e-01 2.939894215807516975e-01 2.962221561237506351e-01 4.846658115449864468e-02 3.742073022733690690e-01 1.000000000000000000e+00 -1.410612183940544717e-01 1.529882021418473570e-01 2.819643914687141595e-01 -7.291808251099553273e-02 1.580935401787003092e-01 5.606356043301676667e-02 1.385641918509036563e-01 -2.396729050299059027e-01 -2.315400935527636428e-01 1.158064141388409213e-01 -4.351512394844617160e-02 1.034317085887456744e-01 -1.231552187193962755e-01 6.094842497773851620e-02 -2.245182706554833540e-01 1.694096723644961666e-01 -1.087024621697428167e-01 -1.357386013110681300e-01 1.301033083047761774e-01 1.831061037691392723e-01 1.126585748772737233e-01 9.805050727521581744e-02 6.142299105331806147e-02 -1.131197784953298230e-01 -9.708001577086972089e-02 -6.378196939110079670e-03 -7.328623194102418248e-02 2.400496304003470541e-02 1.759295639920651633e-01 1.187779901213445732e-01 -4.236702978970477429e-02 4.050225796558202390e-02 6.122198078868342636e-02 -1.662807321805353511e-01 4.678802248746533055e-02 -5.654712937449037774e-03 1.263135058240170139e-01 -2.025768003456363334e-02 5.850091070135572668e-02 -1.376029123098850351e-02 -3.740757371154566219e-02 -6.323315205919131064e-03 3.792791679137566541e-01 1.623950404127830482e-01 5.115199072909377975e-02 1.124826797181234933e-01 -3.535128994198527552e-02 9.671600701129909328e-02 4.254836637304527658e-01 6.166915779993418223e-01 2.001051195630339403e-03 1.593248579129686315e-01 1.257119167053782627e-01 1.225902426048980920e-01 -1.745608248726294998e-01 2.609600892515976378e-01 8.636154678239272089e-03 -8.029818183336559501e-02 -1.253937898524314365e-01 -1.759240936039489778e-01 -1.416008921553739419e-01 1.722351930620679983e-01 8.395089600375381378e-02 9.619171491037052657e-02 -1.154359519765584957e-01 1.537742308468560970e-01 -7.837792828690696989e-02 5.350829015215242956e-02 2.747365316681137787e-03 1.047171683795389968e-01 4.010425991567512227e-02 -1.099955416397501023e-01 -6.915083106438836558e-02 -1.541727982166020972e-01 5.223947281082599176e-02 6.582732961872325705e-02 1.988774402313749079e-02 1.674693365025706482e-01 3.553404346907773625e-02 -2.395529435284895689e-02 3.147311717350810556e-02 3.168568904978985579e-02 1.942247141578241909e-01 2.677689923755754639e-02 3.622571426257426268e-03 1.554346429761169768e-01 -8.011776155088902451e-02 -1.089077565010650311e-01 5.957582307466526700e-02 1.211106754273540316e-02 -3.562534791010940616e-02 -8.327582417776391299e-02 3.142919400296352861e-01 1.614464469567765126e-01
-2.178324981588798392e-01 3.293765027806528356e-01 1.478639351314168515e-01 2.842142732719676324e-01 -3.429216483376990726e-02 -1.410612183940544717e-01 1.000000000000000000e+00 3.261330315531422164e-01 1.195325695020438977e-01 1.412236169107449479e-01 7.284961196397202188e-02 1.851794137913931500e-03 -1.505095533379184614e-02 1.181275924662021359e-01 8.685100514851228082e-02 3.781232912469570384e-01 2.572229244915466562e-01 4.381263394668235001e-01 1.984774894752343866e-01 1.906936090094445702e-01 2.182844827822038869e-01 1.283540546528747217e-01 1.388245925452659957e-01 3.526013502217492102e-01 2.699907347044563227e-02 7.350374012917913757e-02 -3.377115391330649807e-02 -1.858837776069041381e-01 3.386164292886278265e-02 7.253850180086143969e-03 -3.847960824278303521e-02 -1.464361557103969515e-02 -8.296608944348653203e-02 2.663841062229076878e-02 1.510706096212892022e-02 -1.517109207954453753e-01 -2.716482000840994560e-01 -3.294180951999856610e-01 -3.229158678380080749e-01 2.540389629566317531e-01 -3.883070926798503630e-01 -1.022362165019202879e-01 -1.459041242245830150e-01 -3.591154072740279091e-01 -2.411459912039118081e-01 -2.152152673295999741e-01 -5.946222356294912637e-02 -1.552523740377997064e-01 -2.932613948204289556e-01 -4.520007145030771611e-01 -6.957788692100622119e-02 3.472309585608451821e-01 3.286763268898104662e-01 2.473352612350128155e-01 -6.055727323545678081e-02 -9.853265171071415307e-02 3.749717934126460817e-01 1.157741960970814221e-01 3.244632777287366487e-02 2.110664014488464191e-02 2.160083795275812846e-01 6.749395728954467322e-02 1.760285225278993837e-01 1.131216760416043077e-01 1.570170472321177346e-01 9.899881434959972859e-02 1.828393000756975140e-01 2.704794285544084298e-01 2.005711520264294168e-01 4.320593867512827480e-01 2.123247827743796334e-01 2.937562558672831559e-01 1.637155436276983567e-01 2.480775572829944098e-01 3.395104157806506651e-01 1.910831472159178201e-01 1.044387374795636980e-01 1.211532741234154220e-01 -1.109730820237742610e-01 8.741830211013094931e-03 3.753510241465959907e-01 -3.064373841101538654e-01 -6.126473485160827820e-02 1.714621739261704414e-01 1.178667665372746809e-01 1.351328177056810853e-01 -2.117881541246716404e-01 -3.007014982383965362e-01 9.145520204040735734e-02 1.410272755525311394e-01 -1.388277383885263283e-01 -9.640416970264832630e-02 2.000606663666081725e-02 -1.344540828921875764e-01 -4.726139163056315012e-02 -3.271262582910177130e-01 -6.996902410862536337e-02 2.639641341971183438e-03 -3.087651441989731627e-01 -3.427771721417363082e-01
-3.439879508060395691e-02 5.375445727798325857e-01 2.429796711537521303e-01 5.856459145808041722e-01 3.261714990998254016e-01 1.529882021418473570e-01 3.261330315531422164e-01 1.000000000000000000e+00 3.998739601296083523e-01 2.086408859473954380e-01 4.581661998807893404e-02 2.833670722729494246e-02 -9.707144801413198840e-03 -1.885805482280750456e-01 -1.858263943154420950e-01 3.379440882717402728e-01 1.014771934557024274e-01 5.478387927318757455e-01 -2.284585208326776751e-02 -1.019938214579435704e-01 -6.481670410453511944e-02 1.129914887811954149e-01 -1.680837651836227797e-01 9.540241284808356759e-02 1.863615291951618569e-01 6.098960787362364688e-02 -1.605730397888447680e-01 -2.965144408809395338e-01 -1.558784919362364851e-01 -1.813702320547477820e-01 1.313172623203368861e-01 -3.918525334435132845e-02 -3.559038872177917173e-02 -4.781474063188840412e-02 -1.316378826364692119e-02 -8.693732468567921812e-02 -1.513684884586833923e-01 -4.817328716209210576e-02 -1.103651108326186292e-01 1.732637183456016694e-01 -2.143805571049332281e-01 -9.094651185829287499e-02 -1.687245947872059726e-01 -2.285629160263396575e-01 -3.398234120610086340e-01 -3.252316179416412933e-01 -1.746043882228658639e-01 -2.844420442420779738e-01 -1.559054752522066878e-01 -4.105754082711794428e-01 1.488589951963587843e-01 5.040902997396440322e-01 3.602973816061189050e-01 5.667924790826197601e-01 2.356034131399749598e-01 2.045722863261627555e-01 6.351859035639383366e-01 5.315091544044955318e-01 2.859811516977896484e-01 1.483755667309782401e-02 -6.715239165047535985e-02 2.088640499994939836e-01 -6.051660579634604575e-02 -1.245744537350380599e-01 -8.467097995035072211e-02 -1.504166614057006190e-01 2.222640905505710029e-02 2.047118120548061804e-01 -3.334852600172100862e-02 3.485428212985758334e-01 -1.114447292906309284e-01 1.742337068107166764e-01 -8.680954974134513780e-02 2.009651879885518966e-01 2.282340699817503316e-01 1.451944443813258656e-01 -6.477933985582498555e-02 -1.887886831302496571e-01 4.065853434380084508e-02 2.567072891648255681e-02 5.451307823311795503e-02 -2.506129432810073610e-01 5.481951210477149783e-02 8.004913011905429032e-02 -9.021958090071330316e-02 -1.390586261965814641e-01 -1.917593683232685087e-01 -2.795249987075857367e-01 1.680829426342210220e-01 6.827584179431292477e-02 1.024843480601802109e-01 2.078900524337594091e-01 1.209978822003061616e-01 1.206524832135623046e-03 2.226899864639480392e-02 -3.174353340446776639e-01 -2.578292032229609898e-01 -2.554167867110518353e-01 -1.365787665623652281e-01 -3.971755753648590903e-01
4.212461402239206162e-03 2.754127982691672583e-01 2.986790857360913654e-01 2.282137885171205138e-01 3.160755911796674367e-01 2.819643914687141595e-01 1.195325695020438977e-01 3.998739601296083523e-01 1.000000000000000000e+00 1.266392398242965067e-01 7.926782430783343297e-03 8.676447998298876529e-02 -4.923812783191941489e-02 -2.282780306374884716e-01 -2.330211585238299299e-01 1.523394655819533539e-01 3.187199311897855047e-02 3.631746802188280387e-01 -1.240347759739246769e-01 -7.169655904589811168e-02 -7.420042956382688626e-02 5.872762296258585493e-04 -1.632794528178095894e-01 -4.288072636870389476e-02 1.200347279672088902e-01 -2.151477682861027002e-02 -9.003762700061121449e-02 -1.350339377088624615e-01 -1.756490995949670231e-01 -1.787190694429310611e-01 7.013689627383955238e-02 3.118386555405850552e-03 5.828285514814664919e-02 9.941527440059326481e-02 5.062596559595139434e-02 1.438840328135760072e-01 -5.657724051490081035e-02 3.729869558561681175e-02 -2.635850583065316721e-01 6.905691777643387097e-02 -1.058336921666109057e-02 1.623191894439854066e-01 -1.928662509949184145e-01 -6.825687463384864928e-02 -1.233161749305069638e-01 -2.537637805324092777e-01 -8.225692455348564136e-02 -2.589528491076216188e-01 1.261745253635459807e-01 -1.553926722217779666e-01 1.065891489464380615e-01 2.869841396761069752e-01 2.395618376236223757e-01 2.741723780803242971e-01 3.825674838785542153e-01 4.472660011209398934e-01 3.000166166341330376e-01 5.673867640649287170e-01 2.763385915055303621e-01 9.886636528245237865e-02 -2.637047693807906615e-02 1.738669028871193956e-01 -9.995470870763653592e-02 -1.686504154335005945e-01 -1.503819867595826143e-01 -1.816276245932930133e-01 -1.062945319613201600e-01 8.438820747432952685e-02 -6.602303510107322693e-02 1.495337743785976059e-01 -1.857240894882277726e-01 -3.453539086187541046e-02 -1.285058400804527656e-01 1.137194686815326816e-01 1.307474092422646894e-01 1.659870403638874781e-01 -1.918575595261849398e-01 -1.821378826207330770e-01 9.105660238775648008e-02 -3.104816100188436366e-03 -9.229465777406842264e-02 -1.328467094208432286e-01 9.170222383483705997e-02 5.516175362112359093e-02 -2.094739781069307749e-01 -1.295115811850555965e-01 -1.554636172309354081e-01 -1.586661833677574240e-01 1.483292929450205633e-01 -3.559176451391804497e-02 6.121161953652101001e-02 1.429898599230631784e-01 -7.437262035520272874e-02 2.416342849575013885e-01 -1.700973320186803181e-02 -6.388836351088247878e-02 -2.887693870302278087e-01 -2.340964277564613893e-01 8.109875865744056722e-02 -1.920672419046820789e-01
1.694425018814580200e-02 1.936795268726954622e-01 1.768550636728666303e-02 1.334478546098850915e-01 1.914390447112165605e-01 -7.291808251099553273e-02 1.412236169107449479e-01 2.086408859473954380e-01 1.266392398242965067e-01 1.000000000000000000e+00 2.560897577035485886e-02 -1.329095711045950867e-01 -7.829701880658258839e-02 -2.947522339550671666e-01 -3.136999374165254650e-01 2.303196064975365220e-01 2.911938316406142285e-02 2.197724262724037314e-01 -2.243029946244181061e-01 -2.365327327492437459e-01 -2.376376825322222830e-01 -3.256535386958767792e-02 -3.229909684040773166e-01 8.469916783492613399e-02 3.139263613881629889e-01 -1.600749364163845112e-01 -2.352222607960181844e-01 -2.702345610487826288e-01 -1.363498564905023802e-01 -3.562474198610379728e-01 1.950297873140791616e-01 1.746400459760940882e-01 1.124367069957806775e-01 3.976925258979338920e-03 6.634882411448531081e-02 1.325698535902137543e-01 -9.852379024417574904e-02 9.376945129076766361e-02 -9.853023444655423235e-02 2.813827411968996550e-01 -2.463676395744749184e-02 -5.993155003722924062e-02 -1.462076491318574367e-01 6.320741668610872777e-02 -1.811667022643389247e-01 -4.452380046808736003e-01 -1.665131949976118020e-01 -3.462147507980628536e-01 -2.163470969514277031e-01 -3.107476780685339834e-01 1.743691505615517223e-01 2.973208329134193195e-01 1.758147370953955513e-01 1.517636824912348970e-01 2.261457887215815588e-01 -9.483168906668290599e-02 5.568784766650713980e-02 4.245381433103093821e-02 5.334302115843552183e-01 -2.189263283707713614e-01 -2.084330901674041614e-01 8.638330781794154034e-02 -2.190405571621194813e-01 -3.444309248866318507e-01 -2.943275305589387880e-01 -3.565997113966227205e-01 1.745601993056975498e-01 -7.869200283155912412e-02 -2.716473510212903952e-01 -1.259228618650345966e-01 -3.137591907285001702e-01 1.180175595018470441e-01 -3.332622356665401742e-01 3.779295777895551600e-01 2.539109686063552584e-01 1.876749113827923254e-01 -6.029203222091474718e-02 -3.309154052896706166e-01 2.013900536904500715e-01 1.636207164978062678e-01 -4.621879158048804170e-02 -8.433712478656811562e-02 3.851196331777766435e-01 5.675672580367282366e-02 -1.181858569250826552e-01 -3.042093491219401979e-01 -1.132364448823746511e-01 -3.109293525140120473e-01 1.205635470072815851e-01 1.532501706879184078e-01 1.003040087234793182e-01 3.341916087739174590e-01 1.484989902731935485e-01 3.878703800637171573e-01 2.137738303491355518e-01 -4.774369089498863711e-02 -4.047575023017618290e-01 -3.573827892941081052e-01 -4.298551898877680036e-03 -2.808003284240912500e-01
6.977044655842447318e-02 2.289607849429599329e-01 1.822682936417104327e-01 1.579017512560327782e-02 2.323874915529187402e-01 1.580935401787003092e-01 7.284961196397202188e-02 4.581661998807893404e-02 7.926782430783343297e-03 2.560897577035485886e-02 1.000000000000000000e+00 5.041391553211239662e-01 2.119197175306130887e-01 -1.412428753223146094e-01 -1.302330845059764264e-01 1.587897199788115832e-01 1.292487953078230445e-01 1.255349971795751418e-01 -8.476053960392269937e-02 -1.822882890843446554e-02 -1.125768321927456822e-01 1.687528190777504433e-01 -1.159153048312413919e-01 3.645200970449751221e-01 1.194213157470202374e-01 5.793505640611148477e-01 -4.976489244766076937e-03 9.895030220363008888e-02 7.208008768986118309e-02 -9.120421611302362286e-02 -6.814076092692668285e-02 1.058166780100110171e-02 -2.095000580371375876e-01 -6.779041412119060639e-02 3.039057775269710104e-02 -5.942431722053261554e-03 -1.558628009387684754e-01 -4.663869651675822681e-02 -2.309558494631954242e-02 -1.241415407526367393e-01 -7.163778552481686601e-02 -3.228187093492544679e-02 2.099982599970789954e-01 -2.794265142754152609e-01 -1.789015463242226989e-01 -1.490357114433316366e-01 -8.390497100876823100e-02 -7.596930384248806734e-02 -8.324800209753628610e-02 -1.616223600162564888e-01 -2.041665375371940969e-02 1.729383492233835251e-01 2.563858270370894185e-02 2.135917020804553937e-02 1.885185435510510210e-01 5.585565432120405405e-02 -5.502317566228110551e-02 -2.176842944232291674e-02 2.697345625083133469e-01 3.684138685204411123e-01 1.163762401436829325e-01 2.347646151774609169e-01 4.596819052106378145e-02 -8.345047689328968787e-02 -1.032789388532482783e-01 -1.570227975814580401e-01 -1.082455280872769016e-01 1.096694611329819269e-01 3.059653174386241931e-02 9.521910413011572608e-03 -8.174797307967447690e-02 2.825838954904307809e-01 -8.811689002852497732e-02 2.180241960751362340e-01 2.522529729998091441e-01 3.548753722077558903e-01 6.314864446205625814e-02 -5.230886117624049952e-02 2.185560761473399546e-03 -1.023520544909259505e-01 2.007897929857427044e-01 -4.801317107353855057e-02 3.049645558179398669e-02 1.379253641698989230e-01 8.115239350423604503e-02 -8.165827050956378508e-02 -1.540006029411471467e-01 9.192290675624242846e-02 2.014702318888056398e-01 2.503965415264879368e-01 -4.550499142979860107e-02 7.614103108369921213e-02 -2.002347670016759174e-01 -7.882890287713081867e-02 1.869614670269502676e-01 -2.177201924345427142e-01 -1.128942273889384923e-01 -9.665767286218780729e-02 -1.294261373153200445e-01 -1.413417416039415841e-01
5.278811668805002966e-02 7.028869219056226025e-02 2.639002916587297465e-01 2.358960120626252960e-02 6.208833995541840345e-02 5.606356043301676667e-02 1.851794137913931500e-03 2.833670722729494246e-02 8.676447998298876529e-02 -1.329095711045950867e-01 5.041391553211239662e-01 1.000000000000000000e+00 3.279172460812633805e-01 1.273367394634949967e-01 1.564863407663305561e-01 -9.508889705529946501e-02 6.370044126929809425e-02 1.137007439517771501e-01 1.031640480642131152e-01 4.260407080181853601e-02 2.074054250789418019e-01 1.393823952670776301e-01 7.592255702485008195e-02 3.465892748349438945e-01 -7.381700444641568770e-02 6.417658590045733913e-01 1.092682952241095934e-01 3.203238653259914415e-01 7.834890847934279645e-02 1.715146264321368852e-01 -5.901767389003836906e-02 -1.314269381646471779e-01 -2.872200391218799331e-01 -1.356250576301848143e-01 -9.172435606825067589e-02 -6.283521114838168387e-02 -1.809609067063620014e-01 -5.472418377077127929e-03 -1.661547854432229576e-01 -1.668591684076381199e-01 -1.388629132967841295e-01 1.962892134694967650e-01 1.118089131869523384e-01 -1.512894620251688527e-01 -1.875340638953835737e-01 -1.093248417469669083e-03 -2.010483083360150580e-01 -2.959375522183071983e-02 1.151687136664884988e-02 -6.495090666475307473e-02 -1.092013975692980587e-01 3.202034072827709271e-02 -4.943763261104366924e-02 -1.637821569393739171e-02 4.550517751811122141e-02 9.456420492043095261e-02 2.741267028534262115e-02 1.005596742241800096e-01 2.642949759584474478e-02 4.731233430304356280e-01 3.183632989969658600e-01 2.805874420022667071e-01 1.981425810873576054e-01 1.319679333692275469e-01 1.522149956437352791e-01 1.302610254238468768e-01 -2.643410305249259129e-01 1.435083099608705226e-01 1.571499650699738349e-01 1.395022829544064480e-01 1.628137434844240117e-01 9.297406188840807995e-02 1.351861411539005964e-01 4.473149679611908357e-05 3.224164643163003330e-01 3.287244574156076293e-01 1.630883230158668151e-01 2.788182009279474571e-01 -2.188433787974895101e-02 -8.818051999768332372e-02 1.927196835703557931e-01 -8.521459503747561004e-02 -1.665985489150193510e-01 9.625419019637052043e-02 1.078133307389786272e-01 7.062650511246977569e-02 -1.779796046305623658e-01 1.362625746976587338e-01 -1.912296233673942136e-02 9.606545415009824784e-02 -1.002934659519427313e-01 -1.906450679031033435e-01 -3.126289786564844797e-01 -1.095641727678196148e-01 7.390427269814481281e-03 -1.466986644731994027e-01 2.167780656815882986e-02 4.690054169718850660e-04 -1.903577880344912987e-01 -3.267415360012752151e-02
1.104921217783161186e-01 1.265835808489594594e-01 1.528615706798331364e-01 1.323100883292448182e-01 8.955727629605908513e-02 1.385641918509036563e-01 -1.505095533379184614e-02 -9.707144801413198840e-03 -4.923812783191941489e-02 -7.829701880658258839e-02 2.119197175306130887e-01 3.279172460812633805e-01 1.000000000000000000e+00 1.506093268398075447e-01 6.438887441370177989e-02 -8.387826895468676602e-02 4.274851983105019126e-01 6.885418716297234121e-03 2.347848911386677673e-01 1.235649373842976212e-01 1.412371525946460038e-01 4.407832886040737308e-01 6.562932322109295280e-02 1.486173546232544274e-01 9.673734262478184825e-03 3.128860142693344892e-01 1.505256975858964841e-01 1.666316297467179131e-01 2.487724467728042732e-01 1.242369513465406000e-01 -2.388603119393196694e-01 -7.702898228600303654e-02 -1.588670735152960534e-01 6.540266949058587409e-02 2.193736328923203138e-01 -1.491539227194233486e-01 2.040065935571972605e-02 -1.282748992544888444e-01 -1.355287194274495122e-01 -1.294976283888311062e-02 -2.020639002805280082e-01 -1.180272499780561368e-01 2.012742853094440509e-01 -2.099117147401085015e-01 4.375677945122310834e-03 1.485027699063778128e-01 -4.719474440905790935e-02 9.432650604998903121e-02 5.276880268396709484e-02 -8.217047591194800906e-04 -3.926746139461307489e-02 -2.350640241931214319e-02 -3.834828785701945020e-02 3.105638530973351200e-02 -1.431464761199573998e-01 1.197219566592836876e-01 5.955990713609671944e-02 -1.015326012770757930e-01 -2.714618312024554836e-01 1.562553368579521762e-01 2.533859072347220409e-01 4.718342655208286329e-01 3.093698620892024742e-01 1.985583618900125247e-01 2.241678636934331947e-01 6.790088181624459596e-02 -3.845416566555350801e-01 3.245050706341826574e-01 2.672794294287886840e-01 2.631076550593470786e-01 2.669264156185122139e-01 3.123162722371403133e-01 1.243297708056654433e-01 -1.398299597650796977e-01 5.148258535291860838e-02 1.007216447364860934e-01 2.030714198291107830e-01 2.146656305564864919e-01 -1.840813352966032546e-01 -1.686115049195167637e-01 2.675087092238169761e-01 -1.092208759954727548e-01 -1.785898879761728120e-01 2.060719752131525417e-01 2.694670815630619276e-01 1.654927703486063773e-01 1.028250918960143395e-01 1.666270698797395200e-01 -3.091483038025251776e-02 -1.923422834672499360e-01 -1.393045352888013511e-01 -2.693691991279294484e-01 -2.563438246686058908e-01 -3.311793498081305742e-01 -1.532296917528797320e-01 -1.769728382507577136e-01 1.619098263938951177e-01 1.318662071364188892e-01 -6.595879052666604736e-02 1.059475638284908955e-02
-1.818826797702582099e-01 -3.083489542506648307e-01 -5.630286946106696777e-02 -7.390144405207250966e-02 -3.799579213762067087e-01 -2.396729050299059027e-01 1.181275924662021359e-01 -1.885805482280750456e-01 -2.282780306374884716e-01 -2.947522339550671666e-01 -1.412428753223146094e-01 1.273367394634949967e-01 1.506093268398075447e-01 1.000000000000000000e+00 8.338350548734257961e-01 -2.650904871995264922e-01 9.435744108903008909e-02 5.395232423060512816e-02 5.743265588685471101e-01 3.971872765491336610e-01 7.612769212680317032e-01 -6.812497414459652012e-02 7.081098994576079386e-01 9.040237972940121103e-02 -4.697743507195142332e-01 -4.923369884648248762e-02 1.770687126660142330e-01 2.802361270627052314e-01 2.227261253367280036e-01 6.369638851803400836e-01 -3.088975081120589605e-01 -2.434556746015894280e-01 -5.537926058856847827e-02 1.228894576930753130e-01 -9.709424155371518261e-02 -1.014598916475222823e-01 2.986757058335572784e-02 -1.901351337636797978e-01 -1.288827090746197113e-01 -1.997458893879862363e-02 -2.455376868260580603e-01 -1.570578183018433516e-03 -1.150446091187706937e-01 -5.234188873174353690e-02 1.720689100570860566e-02 4.972786984480386252e-01 2.346285177131031130e-01 5.199077972652175195e-01 3.032270582785747542e-02 2.137150766298871740e-02 -3.171981817359071365e-01 -2.260884644574317481e-01 -1.833862927531024756e-01 -1.581762228288126904e-01 -3.168555954062263202e-01 -3.140775003104490093e-01 4.111175660058998677e-02 -1.690339908793439261e-01 -4.587201846045896869e-01 4.041644379212897681e-02 4.054050203100779126e-01 -2.231891566146071426e-01 5.571524233848309526e-01 7.032648603796166631e-01 7.239800976377477326e-01 7.680244740376988011e-01 -4.111926859870762563e-02 -4.356979403956793770e-04 3.698009730648311733e-01 2.061470970340202880e-01 7.166115783473981926e-01 -1.936195889298883144e-01 6.344748943594619162e-01 -1.990095795364777154e-01 -9.345174392732166768e-02 -3.215085617787707406e-01 3.003076828998316183e-01 6.707213625588984707e-01 -3.067808497298661341e-01 -2.931518752910814568e-02 5.949750799993531319e-02 -2.396111226885791756e-01 -5.087413184077959061e-01 -1.802042087507262358e-01 2.595487572129181464e-01 5.950815464719446668e-01 5.204372634810246895e-02 1.917234263108731351e-01 -1.950617190257276645e-01 -2.055806218916656214e-01 -1.457939787440249435e-01 -5.943955936416037700e-01 -7.918317172678253357e-02 -4.008674566891011204e-01 -3.780512401747250228e-01 8.676592530989618926e-03 4.923358142850504660e-01 5.736793758475142724e-01 -5.471541230362588631e-02 1.477179815388475759e-01
-1.803543223242235483e-01 -3.249101463774143328e-01 -6.712782096429784073e-02 -1.185778230967511615e-01 -4.237346171643426307e-01 -2.315400935527636428e-01 8.685100514851228082e-02 -1.858263943154420950e-01 -2.330211585238299299e-01 -3.136999374165254650e-01 -1.302330845059764264e-01 1.564863407663305561e-01 6.438887441370177989e-02 8.338350548734257961e-01 1.000000000000000000e+00 -2.915521106588759292e-01 4.914224699011593422e-02 2.773142497586014027e-02 5.353540208363151143e-01 3.569923153874670074e-01 7.106408854275185760e-01 -1.126033376292218946e-01 7.755360897633618578e-01 8.068234946123517548e-02 -4.540931454962816027e-01 -1.800074144579795477e-02 1.610367983295421523e-01 3.440806582855059359e-01 2.711280559732490714e-01 7.459775270581971984e-01 -3.261533871414086239e-01 -3.087756678654961506e-01 -9.635641490634784534e-02 9.825027376266926016e-02 -1.197018054096431056e-01 -1.291560924740466909e-01 5.426722797246225777e-02 -2.182062901907868557e-01 -1.134714830164241933e-01 -7.023157943862468056e-02 -2.675045478822958289e-01 2.772731619640642423e-02 -1.332720722928090740e-01 -2.697003483757091924e-02 2.419329302450763230e-03 5.525808802383050944e-01 1.773420671403358739e-01 5.822292744011379195e-01 -7.341011291591208361e-03 -1.313144095669883937e-02 -3.965434023937065566e-01 -3.238355130164483064e-01 -2.241214598564179039e-01 -2.191371674867674813e-01 -3.270331069257313428e-01 -2.925355508620631761e-01 6.019042900125207152e-02 -1.540852716079365581e-01 -4.423374064407747386e-01 1.133967963837694409e-01 4.012321962628691008e-01 -1.280461875782105408e-01 6.101173504997943198e-01 7.837151920513314440e-01 7.716632418783503367e-01 8.811619693132047848e-01 -5.964106603688484887e-02 9.737196689222514523e-02 4.400023260002547398e-01 2.521908015201180797e-01 7.352762460950955647e-01 -1.665495637890783420e-01 7.560288586327678084e-01 -2.057065429966384584e-01 -1.631239786241175937e-02 -3.128920288806332217e-01 3.816631260825075755e-01 7.376831601357336510e-01 -2.950503261250112530e-01 -1.012255892203597074e-01 1.486244447997719653e-01 -2.067839162141602849e-01 -5.165306637593890526e-01 -7.266801755981344701e-02 2.761516411637841006e-01 6.281043167850415276e-01 3.054825762131479355e-02 2.199533080066553570e-01 -2.535372835548974635e-01 -2.001557572649499961e-01 -1.380185828153133176e-01 -5.853209355077150233e-01 -9.964533138655226607e-02 -4.116955290161137815e-01 -3.457836483664620819e-01 7.613793246001547034e-03 5.456379885581346123e-01 6.692375053335395396e-01 -8.192864214485542917e-02 9.101118342523814575e-02
