1.000000000000000000e+00 -1.302189931701434877e-01 2.294127826939044157e-01 -2.155664877554131775e-01 -1.409277909687132180e-01 4.675412412888772518e-01 4.067770623582744327e-01 1.913236954509382748e-01 2.752373235901705018e-01 1.354141828830147942e-01 3.077434665566291389e-02 -3.755978835347447559e-02 -1.141349828748547679e-01 -1.743092397078726541e-01 -1.476765301927451535e-01 2.117911702874776536e-01 4.675158970420966592e-02 1.228515758686749698e-01 -6.395179518352138437e-02 3.564576579366007802e-02 -8.792490328696578317e-02 -9.889487215173689560e-02 -1.786746915386349666e-01 8.875180569333587094e-03 2.120015898961780110e-01 -8.760834038932741041e-02 -1.767625398448695595e-01 -1.303002021550786205e-01 -2.491253529507501605e-02 -5.063750518161079517e-02 7.324858747721545160e-02 2.741663096486813278e-01 1.966906060758280284e-01 4.257835122529328442e-02 -1.966490428769408494e-01 1.236107113941325303e-01 4.697463291348880077e-02 2.922677026892460672e-01 9.481424325867680858e-02 1.435500309205539338e-01 1.060556354247660649e-01 4.141843510459766037e-02 -1.595226364342335057e-01 -1.473003852193317288e-02 -1.646240464487959687e-01 -1.169559363545163155e-01 -1.721653087203315335e-01 -7.006725541400914137e-02 2.611299041755895667e-01 2.257299790552185492e-01 5.030131712318268722e-01 7.145921984353605094e-02 -1.562222162325766113e-02 -2.022061024162392084e-01 1.841555298058329126e-01 3.686256996568030853e-01 9.385547251093520615e-02 2.387772188367591475e-01 9.834433450059633375e-02 1.065254255605060096e-01 -2.329242246288072346e-02 -4.678624321998270386e-02 -1.280001443198322264e-01 -1.656943852493151514e-01 -9.678030063728407240e-02 -1.376153942595189916e-01 4.446350184948373863e-01 2.361041237437892099e-02 2.053578846975435621e-02 6.950911898332175209e-02 -7.102531598664205137e-02 -2.258091421666670040e-01 -2.200007543461048598e-01 1.700178872893788051e-01 5.153944215108804960e-02 -4.275196719779219418e-02 -8.570288346884133435e-02 -1.722424469999797314e-01 7.672009629673193221e-02 1.748586919862615829e-01 -9.300921693169465765e-02 1.285050308304380717e-01 -1.467547976032800294e-01 -2.793615720289753246e-01 -2.445981997707548372e-01 -2.739469335875086564e-01 8.358181402324638132e-03 -8.588365032155387269e-02 5.868094037435370863e-02 1.685700735309391962e-01 2.296634036851241678e-01 1.975100051664310796e-01 1.076300216550010180e-01 -1.206130988921286749e-02 -2.504587990792886409e-01 -6.248971071006759886e-02 -1.815706481601397360e-01 -1.810342991105319266e-01 2.186432756882485395e-01 3.005896457782045172e-01
-1.302189931701434877e-01 1.000000000000000000e+00 4.562056651003200680e-01 6.014754409782495648e-01 7.100870967510574117e-01 1.939604667806369420e-01 2.504460126772811157e-01 3.830249772641453609e-01 3.212521862119765981e-01 -3.190992567573899819e-01 5.396735417663402201e-02 3.009675460795307456e-01 3.746849843457026874e-01 3.962719671958819800e-01 3.716397953539146148e-01 4.610651945328773094e-01 1.373520399038039297e-01 3.520786702493992615e-01 2.974390303516807887e-01 3.146548738320411043e-01 1.691878755740576501e-01 1.277914091266973973e-01 3.943787566835773584e-01 9.286958330688245555e-02 -4.639091836621541121e-01 2.896394678676539880e-01 3.631124580857187922e-01 1.610159773173393816e-01 1.967130367278527581e-01 2.310133376857756160e-01 -2.540368300239480570e-01 -2.320863282897972224e-01 -1.133432927779110672e-01 3.944547071886883344e-04 4.425904927238916153e-01 9.549957545153781036e-02 -8.242335339312020781e-02 -2.837921368879861017e-01 1.982311527501904036e-01 -4.798445532650950224e-02 -1.209762810924486925e-01 -1.482834144567230783e-01 3.723523047095133043e-01 1.042083075836767042e-01 1.519780956066237865e-01 2.469429734168833712e-01 3.328970230271698361e-01 2.528990412686272227e-01 1.127428275553354758e-01 -7.273979831766316795e-02 1.220130222901824948e-02 7.474424343196146570e-01 5.255815762035611627e-01 6.172404203430710279e-01 4.022740928879326994e-01 1.994854470912917344e-01 4.184132664233777832e-01 4.066665791350299042e-01 -2.917785649917502555e-01 6.309656396442657467e-02 2.777446220614330774e-01 2.883318823893033511e-01 3.794105830364237764e-01 4.860140033521040959e-01 3.654222921348084241e-01 4.199305130916054507e-01 -1.251060468131356962e-01 6.991525007519536206e-02 -9.755168851887568993e-02 2.610002200618313228e-01 1.556722520976430990e-01 2.103678583387560141e-01 3.773475597477273236e-01 -2.730360547509004254e-01 -4.850567086723447940e-02 4.742788410620557560e-02 1.732869951957980992e-01 3.718760095146866895e-01 -2.854811769926553500e-01 -1.288643278223702282e-01 2.589696488769814217e-02 -1.911313852930953128e-01 2.508563465267691361e-01 3.255282876529300151e-01 3.808472343167559893e-01 2.946829130820372566e-01 -2.390449023261528860e-02 1.340002702589612738e-01 2.458363834352901012e-01 -2.925917642698363519e-01 -2.105358223845788523e-01 -3.447403965005699233e-01 6.253931896914094457e-02 -4.308999656099323644e-02 2.799370544166693842e-01 3.086496011256755628e-02 3.333377143987816260e-01 3.254637166176206908e-01 1.384963691283976894e-01 -1.919306983766647934e-01
2.294127826939044157e-01 4.562056651003200680e-01 1.000000000000000000e+00 -5.531490410162149401e-02 1.220954551181350628e-01 5.680750709446836799e-01 4.485631991750339553e-01 3.526704971381506848e-01 5.804816616621674141e-01 1.874178771160852144e-02 1.851007563211216622e-01 1.483785906294672607e-01 4.542244255129149200e-01 3.865180912857554274e-01 3.261051991903803349e-01 2.304827554417480384e-01 3.242645041765332969e-01 2.820174484618693245e-01 2.796103304803766454e-01 1.765012858502011117e-01 1.165032751097932889e-01 3.792380896494360054e-01 2.490479467107964695e-01 1.415160100978906932e-01 -9.602565833311056676e-02 1.643869155976443452e-01 4.729448316392425439e-02 -3.842179371848017388e-02 1.855865094361887346e-01 2.730730258285531120e-02 -7.657003640218984497e-02 -2.295050014240003211e-01 -2.994462493562402017e-01 1.217529058322344149e-01 3.462916016411834996e-01 1.505349384753339459e-01 -1.132936491314950195e-01 1.525389911152844058e-01 4.803260307968686416e-01 3.776441653419952971e-01 2.064751214226083209e-01 -9.290895520578780487e-02 3.449693682831461161e-01 -6.334514036109933910e-03 1.078666916804651571e-01 -4.659105286571237070e-02 1.049706051071948865e-01 4.811022332762403958e-02 4.117893080884568180e-01 5.894888246558736139e-02 -5.341555515914415270e-02 3.489938540797159483e-01 1.846575646039579771e-02 -2.170706715973941617e-02 7.090796874630583835e-01 6.840985028214757735e-01 1.260980070072443004e-01 6.712032904969770231e-01 -5.422086050501313120e-02 5.571195560779324679e-02 6.530208105482356029e-02 4.226442130222112792e-01 4.334888723546646006e-01 4.263096904254570774e-01 2.451172158116190214e-01 3.618956912579721075e-01 2.218371643285369788e-01 1.990705703903936363e-01 9.989203120456897900e-02 2.081541739687386705e-01 1.569453466606366698e-01 2.448960305276126903e-01 2.350542590341057614e-01 1.192772939840141683e-01 -8.707980676281809607e-02 -3.632700840794642755e-02 1.633421473016882786e-01 1.517580970673201857e-01 -3.487184921111714103e-02 -1.196770677839966296e-01 -5.978601605440341665e-02 5.170342441182505799e-02 1.562899063123556198e-01 1.800939393072170935e-01 1.538108412253660733e-02 -5.638659603809866548e-03 -4.971686082051367944e-02 -4.009568516804611765e-02 1.555094283716787762e-01 5.532952318234556077e-02 -2.729285984871311910e-01 6.066444039959836831e-02 3.464200922485611844e-01 1.406752108628559969e-02 6.103888387202797972e-02 6.193232973216954845e-02 3.492652427897485062e-02 1.583464178041174911e-02 4.431262108947525702e-01 -1.454555437867379765e-02
-2.155664877554131775e-01 6.014754409782495648e-01 -5.531490410162149401e-02 1.000000000000000000e+00 8.208160642003112795e-01 -1.158712118441451167e-01 5.043565001175489247e-03 1.331733440158446857e-01 -1.099006726356782648e-02 -4.422833577527037208e-01 -2.380097142349585360e-01 1.395666282995846053e-01 1.973035089066029271e-02 2.571778891092194597e-01 2.769651125393324809e-01 4.302734934897564090e-01 -1.165484782264746000e-01 1.853936077636366697e-01 1.051348595385825924e-01 1.621448247628713424e-01 -5.959047060523874409e-03 -1.694526926811642797e-01 4.405681293542615395e-01 -4.342260816709531124e-02 -5.488253672690335261e-01 1.617718502007620685e-01 5.379542610699088456e-01 3.387617623212603735e-01 -6.265432504339984998e-02 4.804198665696360893e-01 -3.056444411249831794e-01 -1.040024177331451243e-02 5.216525596689270544e-02 -1.926255222074055862e-01 2.779491193204461363e-01 4.321026559356771352e-02 -1.380361963906766576e-01 -4.059104847584834030e-01 -1.399909666853476065e-01 -3.687925038828625546e-01 -3.462614576833962232e-01 -1.996937783605527983e-01 1.722805940658196089e-01 2.571183893067644499e-01 1.229336887013813689e-01 5.706695311506251311e-01 5.221875393830168743e-01 4.957079423812019714e-01 -9.372080282254187378e-02 -1.091353589237818583e-01 8.317951828006614479e-02 5.401776605965997735e-01 7.323498523771525548e-01 9.154042499587473625e-01 -1.000377576638820931e-01 -1.393636712841659075e-01 4.397397477884817940e-01 8.191566341138269494e-03 -3.710207002931159570e-01 -9.012194367495067471e-02 1.368138015910968508e-01 -3.694108368370872114e-02 1.524669607378984770e-01 3.226801365824907841e-01 2.840136666832553947e-01 3.213615315038108045e-01 -1.521039816215038754e-01 -9.999594190733429588e-02 -3.487745513459281632e-01 1.068914513874448247e-01 -3.573531564111044612e-02 3.573192407981764379e-02 4.317427505045993152e-01 -4.717597198055680785e-01 -1.137825212846613337e-01 -2.144902785649434318e-02 -6.479124545493628040e-02 4.669074722951037648e-01 -4.034112482441062353e-01 9.687025044372370164e-02 -1.664376222640846434e-02 -3.044879239024892992e-01 1.972810302955901873e-01 2.795376028628448473e-01 5.371332572996715404e-01 5.073600706393817106e-01 -1.006000928652160398e-01 3.285808530729854016e-01 1.712474515125932129e-01 -4.132064133170536557e-01 -3.908470442103750830e-02 -4.810388461040112085e-01 -1.856190250711093337e-01 -8.613701720314409505e-02 2.585307539283633327e-01 2.538373128795684899e-02 5.682600970200289980e-01 5.773520008165601292e-01 -6.340548260501283062e-02 -1.589282928951473162e-01
-1.409277909687132180e-01 7.100870967510574117e-01 1.220954551181350628e-01 8.208160642003112795e-01 1.000000000000000000e+00 2.958845404152950220e-02 6.653528901842946375e-02 2.229602347698598774e-01 1.951046369846636819e-01 -3.385879928425576946e-01 -6.557805966072234594e-02 2.835016940402861341e-01 2.105054187528109799e-01 3.405304212661485752e-01 3.375744900118978209e-01 4.373807008874573410e-01 8.661508991699257143e-02 3.274579671269605141e-01 2.258781066334260845e-01 2.948788257917268618e-01 8.365523956268211547e-02 1.374629329566227215e-02 4.819619722085967672e-01 9.765293721824042095e-02 -5.145560329739046201e-01 3.068021871430361425e-01 5.142919505581128314e-01 3.449204446243279709e-01 9.544619873209775340e-02 4.294334645513756543e-01 -3.429067432271566407e-01 -9.301734892750676553e-02 -4.688833164991002694e-02 -2.243852721373751358e-02 3.718562895500976961e-01 1.838993811244168664e-01 -4.459708402953326684e-02 -3.426583281069946474e-01 7.817927690441220379e-02 -1.933427943089875978e-01 -2.168017812916321063e-01 -1.449896122832924905e-01 2.761783006303923371e-01 2.413255609130977863e-01 1.183874634479494536e-01 4.737109181841778205e-01 4.835728425493493465e-01 4.566252939601481708e-01 1.175788712361706088e-02 -5.152460343088717531e-02 -5.344366659977246165e-03 5.822596313440634441e-01 6.634394940573383748e-01 8.511148229719081026e-01 1.479023944616712216e-01 -2.924960497745678067e-02 3.849357174248953517e-01 1.861153094566197486e-01 -2.920330743244927696e-01 -1.896395433665187119e-02 2.419408575119296467e-01 1.136649199306836722e-01 2.892148253642713440e-01 4.351676393420711442e-01 3.712472653496585728e-01 3.972684860126198259e-01 -1.368640951845906673e-01 2.446574589012723289e-02 -2.026650575927461950e-01 2.604654494538742315e-01 9.739900790934168107e-02 1.737361049189875273e-01 4.517055500492361819e-01 -3.534773420426667867e-01 -1.934951292429093125e-02 9.886869486625390890e-02 6.702825206464983754e-02 4.975974174583006615e-01 -4.144222651101673316e-01 5.246374310204724584e-04 5.817087950064357693e-02 -1.947025337501776254e-01 2.792157775270837639e-01 3.659071001984936511e-01 5.456226808243799242e-01 4.606225699318806099e-01 -1.451274342714116948e-02 3.374530070760609068e-01 3.261358354606926913e-01 -3.091727731470608753e-01 -1.615213980947479977e-01 -4.280096001379319892e-01 -3.114615559799455841e-02 -3.944217423321196535e-03 3.209449975535653699e-01 2.958594913634953263e-02 5.147695882870955142e-01 5.320407344036709452e-01 5.838864511108794036e-02 -1.055113824368598685e-01
4.675412412888772518e-01 1.939604667806369420e-01 5.680750709446836799e-01 -1.158712118441451167e-01 2.958845404152950220e-02 1.000000000000000000e+00 5.529697221366725035e-01 3.203996476664737192e-01 7.594249270213314640e-01 1.515806003480372754e-01 2.565772918924011936e-01 6.896449409769675465e-02 3.654017425253445750e-01 2.840843828265177673e-01 2.277504501799265668e-01 1.720158789336906080e-01 2.158176691541896786e-01 2.399992907512185636e-01 3.355729341747699102e-01 1.026712419753099820e-01 1.333036867037225015e-01 2.741721010884836662e-01 6.690538640785061164e-02 5.801696391759737781e-02 4.354741718237079701e-02 9.470778112293803952e-02 9.542142831358350202e-03 -1.354262746083454705e-01 1.943044103367599917e-01 -1.151166200769096655e-02 8.695516569517822147e-02 -7.685704335435229739e-02 -8.455173151986844493e-02 1.789737716845780369e-01 1.098786440074041165e-01 1.849638910739347109e-01 1.016565390835127841e-01 2.079332770403799213e-01 4.443650190027031988e-01 3.455539880315781631e-01 1.747881342218727263e-01 5.806805947578191907e-02 2.616257527141737094e-01 5.278322215574580978e-02 6.513491023526418733e-02 -7.761017979575648984e-02 -9.044949056515715763e-03 4.936421413122409410e-03 4.934803349034115882e-01 2.397972639350278157e-01 1.735756617222018183e-01 2.474511562786726182e-01 3.094656571157091557e-02 -9.629774782032607394e-02 6.941604138973437310e-01 7.938024735357225303e-01 1.442643318211831449e-01 6.815862956534503025e-01 4.425777042914103010e-02 1.173381007662235437e-01 1.217923460176727896e-02 3.999354483192878451e-01 2.809318771231016365e-01 2.741267084210839977e-01 2.278512384128079937e-01 1.857695349262902251e-01 3.977539847028010445e-01 2.608385902423774882e-01 1.590698531611194344e-01 1.820353835053013236e-01 1.415263709353149768e-01 8.773265995968075603e-02 6.290126853586176792e-02 7.896910709248612659e-02 -1.479543748301646588e-01 2.082595199796130961e-02 1.638896482489677064e-01 4.159159831977471411e-02 8.866104291712208207e-02 -5.497107619030978942e-02 -1.688893994639081020e-01 2.013628549667296000e-02 2.691975519861439584e-02 -8.518267120802919257e-02 -8.455910932657779988e-02 -1.467142393560058600e-01 1.974648057765456335e-02 -1.044414490030915049e-01 1.138551902343288430e-01 2.374562389273853630e-02 -3.418162598797920559e-02 1.142117567466763017e-01 3.028979300344215031e-01 7.205410249418200963e-02 3.749007558496565001e-02 1.112859816161029802e-01 -4.263140282390856517e-02 -6.950018471182414781e-02 4.937153309948637547e-01 1.587654803948491400e-01
4.067770623582744327e-01 2.504460126772811157e-01 4.485631991750339553e-01 5.043565001175489247e-03 6.653528901842946375e-02 5.529697221366725035e-01 1.000000000000000000e+00 5.799326879539551394e-01 5.810673853352751328e-01 9.185691649870883491e-02 1.519208285787363166e-01 8.126440679384010213e-02 2.139213960535496228e-01 1.284137140247862963e-01 1.046434041714840030e-01 4.911421357393829235e-01 2.352672987921455502e-02 2.851536002911876921e-01 1.014277354975706286e-01 2.189707449248011195e-01 7.262540771235607984e-02 7.485516957441414043e-02 1.594882550421539147e-02 -1.414745518676185400e-02 -1.743289058284873405e-02 3.093700489288161992e-02 2.819133579009145546e-02 -2.057289718272080625e-01 1.568730842440632933e-01 -9.166220120251288017e-02 5.988900077759592988e-02 2.237482154118211886e-01 1.587998167179434650e-01 8.587154454139510340e-02 7.444757677792585016e-02 4.225798761028965594e-02 -3.056642009656786261e-03 3.147754295171024674e-01 4.246692171640406022e-01 4.623555121668154744e-01 2.534910962144544810e-01 7.502050566810826437e-02 1.202397144417269303e-01 -4.521567432888310561e-02 7.603897498282492784e-02 1.940189373467266290e-02 -3.623447314499320115e-02 3.515818498774510997e-02 2.553983209295220824e-01 2.209234075005952758e-01 3.570784486523093659e-01 3.212559846184648848e-01 3.025813947144330163e-01 2.570539025057472574e-02 4.913771117948404488e-01 5.157480095338701220e-01 3.776378059658183073e-01 6.416294308808655478e-01 -2.544013705003784695e-02 1.604477835373955552e-01 3.682176465232708112e-02 2.221699494065842162e-01 1.552007680976445758e-01 1.232665608448270250e-01 9.244154882798305550e-02 1.027558356754305069e-01 6.446836537295813629e-01 6.008289303463522357e-02 1.200152060290700651e-01 1.641473532811459080e-01 1.052909955568917255e-01 -3.285931633889182385e-02 -1.152191246017125574e-02 2.814764299213096121e-01 -1.018984806898833029e-01 -6.814583872522697247e-03 1.059496425470281278e-01 -6.627345234118513229e-02 8.932787264295989627e-02 2.309281187584306949e-01 -1.019356093015424680e-01 8.979623571718330088e-02 1.449909878390812090e-02 -1.218240820479917219e-01 -7.425135270477534188e-02 -1.987349152269300978e-01 -1.664278455512403082e-02 -1.736600464661333942e-01 8.905710780275352678e-02 1.876187402336747523e-01 1.964241034058991364e-01 1.725340286353597707e-01 4.093792511513978938e-01 3.870182796810349435e-02 -8.125906050875546238e-02 7.383702997588703631e-02 4.970531782989586617e-02 -8.153688399522811270e-02 3.085770084403788860e-01 1.486822185313657896e-01
1.913236954509382748e-01 3.830249772641453609e-01 3.526704971381506848e-01 1.331733440158446857e-01 2.229602347698598774e-01 3.203996476664737192e-01 5.799326879539551394e-01 1.000000000000000000e+00 4.105327571421722443e-01 9.056345270806903658e-02 1.088564289302004218e-01 7.494683869335649895e-02 2.233677887434476206e-01 7.719490548485324899e-02 1.800833979484181210e-02 4.957996752697546028e-01 6.568455976208134595e-02 2.622339891219553354e-01 1.080938027481549712e-01 1.711588581490467720e-01 8.441514256769752644e-02 5.544868132587363330e-02 1.927593825210452416e-02 -2.137078589468705339e-02 -4.671249821137989089e-02 1.820240057712911932e-02 -1.215574493927821555e-02 -2.069165957757581886e-01 2.090924915167238218e-01 -7.804104806730192967e-02 7.910029389001116407e-02 1.903386137303028081e-01 1.636410117832036992e-01 4.132949783402880412e-02 4.482001819540935156e-02 -2.721476074089359057e-02 1.219340430177879957e-02 1.485451767894671038e-01 2.517152780423779213e-01 2.192072787524981248e-01 5.301295723856078862e-02 4.841694085015221805e-02 9.159363830466327183e-02 -5.815503187323814438e-02 6.594920207194943096e-02 -2.618031201993947440e-02 -8.145767725587375885e-02 3.471532203271888409e-04 8.596178067150425650e-02 1.564523050123899917e-01 3.281712289987631093e-01 4.463236484902902146e-01 3.539070850298197124e-01 1.120473735688151534e-01 4.040944836309959820e-01 3.531359668120181983e-01 6.184514251303870891e-01 5.793333925693929798e-01 -1.217775709456338402e-02 1.023578842413874201e-01 3.482366835176101127e-02 1.901804229686525349e-01 1.267192297480729257e-01 9.426740238577825670e-02 4.071564743087354582e-02 2.910871405073737345e-02 4.036200575167983029e-01 1.197650993681300263e-01 1.065323324364590568e-01 1.644387487457917296e-01 1.496365997065819964e-01 -4.157228704799362934e-02 8.342160452381217712e-04 5.896555385763341262e-02 -1.081953995672386010e-01 -4.547945809080598117e-02 1.325292114838852453e-01 -5.562464254117546747e-02 9.464383498874069656e-02 2.524316053876854427e-01 -1.664126420210786383e-01 5.620517362963578512e-02 2.284657830603799983e-02 -7.051513257560279579e-02 -7.011823674013625829e-02 -2.085297848067883542e-01 3.331425698959923631e-02 -1.897839838005951074e-01 3.350221186684545355e-02 2.801378802235577128e-02 1.929234726263224786e-01 6.864065252765724767e-02 3.333574952341901154e-01 -2.293235762900664321e-03 -8.176680176955744561e-02 4.707730022925529084e-02 2.386163500237400981e-02 -6.722620058746812954e-02 2.367919759306315042e-01 1.414447203667390796e-01
2.752373235901705018e-01 3.212521862119765981e-01 5.804816616621674141e-01 -1.099006726356782648e-02 1.951046369846636819e-01 7.594249270213314640e-01 5.810673853352751328e-01 4.105327571421722443e-01 1.000000000000000000e+00 1.196070083280968005e-01 2.969953161717304724e-01 1.754670723340612248e-01 4.988118206407529120e-01 4.461965328242475382e-01 3.611321434162789168e-01 1.740627915291711458e-01 2.327417421427505628e-01 3.790381446015003708e-01 3.859197145714418631e-01 2.097675514653639661e-01 1.825656569634640236e-01 3.950218552464360156e-01 2.300566170956357126e-01 1.238158339334778230e-01 -7.924959673234238666e-02 1.748070932775762365e-01 1.461344199498945673e-01 -7.498635364488262511e-02 2.631219251836783846e-01 6.061218400827380476e-02 -3.156539879826397721e-02 -8.685193395839971298e-02 -1.675710555544729363e-01 2.530475548004361142e-01 2.882532882213491576e-01 3.622183575549372536e-01 7.049366084373022423e-02 2.589169278471731839e-01 6.244523159632451303e-01 5.125260050322070216e-01 3.226264972188009339e-01 6.518219049498982787e-02 3.847729570733040561e-01 9.200162833101428739e-02 1.448559483867384867e-01 4.064194149054733973e-02 1.187939188823928377e-01 1.211178502351899916e-01 5.861754661992086834e-01 2.868397095244494266e-01 -7.350802305653199829e-03 2.542889155458653017e-01 8.930342325658269242e-02 3.290594254189663226e-02 7.495071973836975321e-01 7.425294044528119031e-01 1.521762116670281328e-01 8.133806883129457432e-01 -1.537531092678967939e-02 1.257159167672228239e-01 7.603915430680631415e-02 4.777502444630760126e-01 4.421404919333429273e-01 4.235533203125884660e-01 3.117133622743166743e-01 3.495799381630627645e-01 3.924569168763559213e-01 2.266270445229755515e-01 1.564326129932039899e-01 2.838734046681246070e-01 2.056999886186946791e-01 2.598236537790233891e-01 1.870849195653979946e-01 2.181725087003052455e-01 -1.744885647101558912e-01 8.199638851572170484e-02 2.119379347361250165e-01 1.439824300941887625e-01 2.070932766332219191e-02 -5.777452466495124062e-02 -1.199489558935552397e-01 8.517325133171789464e-02 1.660847965364591616e-01 1.206637934136033791e-01 7.301552473540609545e-02 -4.044311696658230149e-02 4.377440164497169162e-02 -4.111665628333410760e-02 2.856512638106593061e-01 9.891610599586188324e-02 -1.248414834075330382e-01 7.020654704965784143e-02 4.824648016767769665e-01 1.279938030389288772e-01 1.540844676719805850e-01 1.677926383108563901e-01 1.312192982885582726e-01 4.617036099304807489e-02 5.828740897277442379e-01 1.677273375506643238e-01
1.354141828830147942e-01 -3.190992567573899819e-01 1.874178771160852144e-02 -4.422833577527037208e-01 -3.385879928425576946e-01 1.515806003480372754e-01 9.185691649870883491e-02 9.056345270806903658e-02 1.196070083280968005e-01 1.000000000000000000e+00 3.478174561063459569e-01 -8.553228795971459797e-02 1.200554854311211839e-01 -1.488015828059976176e-01 -2.577552627447986522e-01 -2.030498739471545133e-01 1.320185707486971893e-01 -5.242212723568159816e-02 -8.634800479752621077e-03 -7.707232749238887570e-02 -1.204535063690752653e-02 1.265233587330236442e-01 -2.497363343384258472e-01 7.130661883356394226e-02 7.171856323579653969e-01 -1.969272321687761951e-01 -3.898167130842886130e-01 -3.082289464191346195e-01 1.265489887941162461e-01 -3.241588421630361427e-01 4.261875400378606349e-01 1.874986247836630260e-01 5.835003127839046705e-02 3.532911794195787714e-01 -2.014142472983535548e-01 -1.191812709516546359e-01 5.998528222368363499e-02 4.869744214907200663e-01 2.430963831124743346e-01 3.870071234486910927e-01 3.058210375817737026e-01 2.551665318859523413e-01 -2.060936770012197217e-01 -2.237706592870836175e-01 -7.692600586214383418e-02 -4.279269774013319538e-01 -4.068742479664131939e-01 -3.481710400598053146e-01 3.621331915526054476e-03 1.044970669456716517e-01 -1.343151347214531759e-03 -2.522647293376605870e-01 -3.671853881011108434e-01 -4.474350815543083892e-01 2.117448647412447094e-01 2.076654221311459991e-01 -1.774449309956667442e-01 9.467236897510231119e-02 7.891095500160009157e-01 1.312456114123576323e-01 -1.399072469188717693e-01 8.160277019071915383e-02 -8.127473103991005032e-02 -2.266841956255422341e-01 -2.791619061204139163e-01 -3.224098260629214563e-01 2.201967218594618747e-01 1.039531433303661351e-01 3.089966919356399999e-01 7.910058148720046237e-04 4.925730138564809318e-02 -5.099183600057645427e-02 -2.523259872705355122e-01 4.288546078192270183e-01 1.672540297475663407e-01 8.077560176024682626e-02 1.128749785428777991e-01 -2.885627520727224171e-01 5.050630022668634034e-01 1.516253284553873149e-01 -3.695790470318724430e-02 3.833059278045956586e-01 -1.061218157277755841e-01 -1.985132630330484205e-01 -3.584474785245359008e-01 -3.922176337374024824e-01 1.171743010411345209e-01 -2.456765275449348251e-01 -1.372849570902400229e-01 5.280576141999904216e-01 1.581910303337796531e-01 6.389842532434367728e-01 3.240352542094848132e-01 1.634652115275582185e-01 -3.530316214507085992e-01 6.870605276330314648e-02 -3.728477168785551688e-01 -3.769937583191040331e-01 9.515953484176589705e-02 2.849382682216214935e-01
3.077434665566291389e-02 5.396735417663402201e-02 1.851007563211216622e-01 -2.380097142349585360e-01 -6.557805966072234594e-02 2.565772918924011936e-01 1.519208285787363166e-01 1.088564289302004218e-01 2.969953161717304724e-01 3.478174561063459569e-01 1.000000000000000000e+00 5.721140819504589858e-01 4.578683416498990355e-01 2.094006032251691241e-01 8.536227114922802228e-02 -1.008532109206829314e-01 3.723723025794615782e-01 2.757757847200927315e-01 2.685577251545153143e-01 1.561715350044995954e-01 1.642630852827984822e-01 3.462942835761380622e-01 3.795995777841428692e-02 5.185316036068364776e-01 3.422321403126544759e-01 3.640159541590484715e-01 -2.681428686701370356e-02 -4.648652850049386775e-02 3.298096937211102420e-01 -8.745728718879230978e-02 7.967304254129949082e-02 -1.489792452891159913e-01 -2.005259382497705245e-01 5.150938422783845061e-01 1.860773778403105316e-01 1.303795475249116542e-01 2.317453597445911506e-01 1.398816905964531954e-01 4.516330629901499916e-01 3.621905838280174983e-01 2.605680520561612923e-01 4.830862988991680984e-01 1.947753121795510745e-01 -1.221574662090155611e-01 3.152096970913411539e-02 -1.430591180264891848e-01 -5.568501148152558283e-02 -9.602860906054593026e-02 2.333946800538650168e-01 1.356623674723144157e-01 -2.264342657388260516e-01 -7.034042246308500057e-02 -2.290135035980378486e-01 -2.241283296777897838e-01 4.819835705988748664e-01 2.544542689523842660e-01 -1.512503825364778787e-01 2.476126634429714757e-01 2.853050218407468530e-01 6.588210274202002115e-01 5.045823297315644718e-01 3.384008706912617348e-01 2.388118667222394464e-01 1.547234802201102044e-01 4.475337876857838487e-02 5.979519562200912713e-02 9.458131015874947020e-03 1.473243281896194079e-01 5.284519859376928252e-01 3.186961390106821113e-01 1.832922379338976504e-01 1.950686024691524190e-01 4.218331746517886560e-02 1.918371093647725789e-01 3.373351246664826331e-01 5.587538196019665726e-01 2.317458632347175751e-01 5.689561345016354299e-02 1.567556848567344674e-01 -1.222619912434220746e-01 2.690405293281994958e-01 3.092577172460566626e-01 1.257698317039873392e-01 1.090673383708717220e-01 2.116320179043552213e-02 -1.068220930532484680e-01 2.974529491526771707e-01 6.918108436611343504e-03 2.615274223654459052e-01 2.196062997439450493e-01 -2.674191003216696005e-01 2.181639803529048516e-01 2.982843190345177420e-01 5.572158582798303339e-01 1.452618340181433265e-01 1.555951075707123765e-01 -2.222385052062111552e-02 -5.388272023414967388e-02 2.876752254784378793e-01 1.678041247198107100e-01
-3.755978835347447559e-02 3.009675460795307456e-01 1.483785906294672607e-01 1.395666282995846053e-01 2.835016940402861341e-01 6.896449409769675465e-02 8.126440679384010213e-02 7.494683869335649895e-02 1.754670723340612248e-01 -8.553228795971459797e-02 5.721140819504589858e-01 1.000000000000000000e+00 4.711467334046732791e-01 3.411731229345082994e-01 3.038876557534138656e-01 7.242773659286824706e-02 4.063198143892868819e-01 4.612331691809141154e-01 3.077164729964331213e-01 4.859193569516811473e-01 3.689871959641255472e-01 2.774259435205302382e-01 2.503030282532480721e-01 5.533913507886975003e-01 -1.354750842743561723e-01 5.981929623422954645e-01 2.885907591122057747e-01 1.912642115586936920e-01 4.739943162178842928e-01 1.036618669058285286e-01 -1.974271680083720948e-01 -2.913974925182750697e-01 -2.371241186393091560e-01 3.328373124013356277e-01 3.273326550285151071e-01 2.258775403666120896e-01 2.593839612767233072e-01 -2.369886643950072092e-01 3.135792045908108450e-01 1.299486727006625708e-01 4.227476304534718600e-03 4.158290700949975882e-01 2.915233025247933041e-01 1.017223358358954229e-02 4.426212470318462155e-02 1.159792566764553112e-01 1.568286556976540291e-01 1.236352530893050500e-01 1.205225994731272121e-01 5.720795274611520029e-03 -2.293798371403603098e-01 9.546588469271437283e-02 4.523112561904880924e-02 1.554142247687212708e-01 2.984919949322683008e-01 6.002766993943309259e-03 -6.062959299997800616e-03 1.349936267641707877e-01 -1.002378151174228987e-01 6.888821137768430525e-01 8.021361755359059931e-01 3.859211549989464696e-01 3.898019196677209863e-01 3.527785083790517806e-01 3.768950076441993646e-01 3.214360472539158908e-01 -1.017806845401012100e-01 2.477782146246731154e-01 3.913979513108463704e-01 4.731226883223723645e-01 4.170725907778538022e-01 3.888369056604027429e-01 2.510207129945037363e-01 -7.792926040878019045e-02 4.583065344003633967e-01 6.652506710379961774e-01 3.896323844421782367e-01 2.699419889205895151e-01 -1.661405409766325281e-01 -1.938815765194782381e-01 4.408351758715251534e-01 6.912729201646361510e-02 2.633088334302804423e-01 3.058180041758217227e-01 3.724140549846140513e-01 1.394196110663695753e-01 3.110128066771039590e-01 2.330104811861909986e-01 4.731612330849215287e-01 -4.655819795690940843e-02 -4.125818649976539243e-01 -1.997203507340852557e-01 1.628837410181789569e-01 5.061910435785021978e-01 4.605231554724250054e-01 1.478540565677026741e-01 2.392207651516793654e-01 2.409611369654980628e-01 1.719451923230711499e-01 -3.260015504844173545e-02
-1.141349828748547679e-01 3.746849843457026874e-01 4.542244255129149200e-01 1.973035089066029271e-02 2.105054187528109799e-01 3.654017425253445750e-01 2.139213960535496228e-01 2.233677887434476206e-01 4.988118206407529120e-01 1.200554854311211839e-01 4.578683416498990355e-01 4.711467334046732791e-01 1.000000000000000000e+00 6.661414871838534646e-01 5.574385346442396472e-01 -3.241464156795526713e-02 4.865270743221332128e-01 3.322213689885792354e-01 6.180645275803764438e-01 3.142577796104379928e-01 4.514419475710776397e-01 6.496866182645955057e-01 3.078971285373620637e-01 2.773482665090490351e-01 -1.312973461662058361e-01 4.620439339566918546e-01 1.717925298214568464e-01 1.081277476660798403e-01 5.509624385236944200e-01 2.531741452092866468e-02 -3.087224550820864832e-02 -3.295548793575819313e-01 -3.743324922419965506e-01 2.954361080704552833e-01 5.052720290695645877e-01 1.328725036026992545e-01 2.120991884990283405e-01 -1.285765543532131454e-02 5.881812488761052338e-01 4.455454629805853384e-01 2.370848843928531624e-01 1.908824371708129908e-01 6.001090915847923091e-01 1.205060743304196408e-01 2.785116483420145284e-01 -1.769064916546123382e-03 1.312618169610985375e-01 6.485011774836152432e-02 2.518178019328322637e-01 1.394396815722937812e-02 -3.343334698173502373e-01 1.593892125390727887e-01 -7.621305142442982850e-02 4.596897366354068398e-02 6.261345992983869957e-01 3.878356714962415963e-01 -2.713589165854889129e-02 4.881741986325634497e-01 7.825615812007331862e-02 2.736214722268048294e-01 3.542061035050246276e-01 8.103137759801111173e-01 7.209461777267175409e-01 6.275294098498478412e-01 5.567082442365092199e-01 5.266227861132273258e-01 -1.278294314687554965e-02 4.074828343302676625e-01 3.358748068374207696e-01 3.738497540796177909e-01 4.464791286824772443e-01 5.445849741422124080e-01 2.936524859822388089e-01 6.917908961472067630e-02 4.582149392080285544e-02 3.198219945613786641e-01 5.648818450484495157e-01 2.786848136480710170e-01 -1.248803203056745789e-02 -1.899274068810375971e-01 1.094171147941749161e-01 8.484753134335537572e-02 3.919191438022227025e-01 3.988171561708720447e-01 2.027965280282189864e-01 8.078788297522668249e-02 2.138917582041341414e-01 5.376323513600633069e-02 2.345035170365159793e-01 5.573170065966404768e-02 -4.080876816237516413e-01 2.545462023693947223e-02 4.087027963733363967e-01 2.563464927061331888e-01 4.081235154404657117e-01 2.871433457847302750e-01 1.652359242525828498e-01 7.485825902716417013e-02 3.253119199511440018e-01 -1.074797201591589507e-01
-1.743092397078726541e-01 3.962719671958819800e-01 3.865180912857554274e-01 2.571778891092194597e-01 3.405304212661485752e-01 2.840843828265177673e-01 1.284137140247862963e-01 7.719490548485324899e-02 4.461965328242475382e-01 -1.488015828059976176e-01 2.094006032251691241e-01 3.411731229345082994e-01 6.661414871838534646e-01 1.000000000000000000e+00 7.990269458189972474e-01 -1.572991554226700617e-02 3.222081338502958969e-01 3.592088349413650183e-01 6.189169427677400082e-01 3.377834154668833411e-01 3.715996763252837898e-01 6.045166642924527656e-01 6.150031707561445238e-01 1.928226799667105973e-01 -3.511650620350370566e-01 3.615053814247847774e-01 4.717706171543820104e-01 4.169086139802808955e-01 2.962622992723379922e-01 3.566525033261053745e-01 -2.552755907074684694e-01 -4.213457864127655439e-01 -3.924227960510578983e-01 1.800178038279720838e-01 6.876442890171038380e-01 1.243117495414736429e-01 4.241349188108334972e-02 -9.567389684390040228e-02 4.796283432316466033e-01 2.970784299745437562e-01 1.648488856087338417e-01 2.226741699692107168e-02 6.144590482038039259e-01 2.097175934179417445e-01 2.976960412031871006e-01 3.758397273202984668e-01 4.954737799249764874e-01 4.281794978160524123e-01 2.475719251452096203e-01 2.980844331643317524e-02 -3.493915883893324303e-01 1.832154825426410560e-01 9.300758159643617018e-02 2.871936635925460557e-01 4.380011923009267116e-01 3.289175037594271878e-01 -7.653227733828157388e-03 3.951859448999704982e-01 -1.428987300891699508e-01 1.355222607480587038e-01 2.278658360298841390e-01 6.460704920215539770e-01 7.725125445042902994e-01 8.195335235311729249e-01 6.308982797882791704e-01 7.506328760519339616e-01 -8.018701653061907630e-02 2.043411585253522011e-01 9.702863673871346684e-02 3.396532527658490119e-01 3.265914181533302041e-01 5.899905028742495894e-01 5.746548081026400245e-01 -4.217001251736378353e-02 -8.997286549153715729e-02 1.286114819729551606e-01 3.473160164691366236e-01 5.522625762005732852e-01 -2.253685687521871372e-01 -2.686664347316022328e-01 1.564700140169001177e-02 -7.134021098130696736e-02 3.755052445943273254e-01 5.782038721929205760e-01 4.503172516168202910e-01 4.012998935781161292e-01 -2.033526998552831477e-02 2.891731970988181133e-01 2.389364836875540743e-01 -1.120072703672414238e-01 -4.020219359867256981e-01 -1.446892706789967842e-01 3.030250275339347321e-01 8.974768523628370853e-02 4.022473676886975102e-01 2.232035143750568940e-01 4.674689479105632595e-01 3.837547017144894435e-01 2.821667213112509232e-01 -1.789045435111831506e-01
-1.476765301927451535e-01 3.716397953539146148e-01 3.261051991903803349e-01 2.769651125393324809e-01 3.375744900118978209e-01 2.277504501799265668e-01 1.046434041714840030e-01 1.800833979484181210e-02 3.611321434162789168e-01 -2.577552627447986522e-01 8.536227114922802228e-02 3.038876557534138656e-01 5.574385346442396472e-01 7.990269458189972474e-01 1.000000000000000000e+00 1.073267553392220769e-01 2.169025380216437204e-01 3.113534900256151872e-01 5.074587061302213709e-01 2.885849602916835122e-01 4.369675369742550552e-01 5.383110280497995781e-01 5.860733697644415763e-01 1.305841369745728842e-01 -4.164509621091333491e-01 3.309842517606122470e-01 4.941528339523537650e-01 4.329896440379338296e-01 2.433226047983744200e-01 3.791451210578211661e-01 -3.159900567535019467e-01 -3.051764216786491124e-01 -3.009681600482228547e-01 2.591597333562321512e-02 6.501521199752131608e-01 5.304897167923875584e-02 -6.104705762690697951e-02 -1.360433326228631945e-01 3.749361978576886134e-01 2.307495793092353975e-01 6.690449273693725718e-02 -8.655529821411572788e-02 6.205162769155255775e-01 1.918838891864050322e-01 2.374986916845599483e-01 3.951045848720564635e-01 4.767463099894401757e-01 4.103060586148566946e-01 1.344124811957887744e-01 -5.535020948056435658e-02 -2.439785418937879813e-01 2.280932797835387715e-01 1.885674448059210251e-01 3.109181763027749623e-01 3.518637481046900661e-01 2.169534711002687188e-01 2.356863868550653981e-02 2.906973093429828237e-01 -2.639584388934108627e-01 8.737172986109950634e-02 2.082644450931955549e-01 6.374843572826021099e-01 8.062469628225824581e-01 8.509366602813102087e-01 7.184086365475429448e-01 8.918586316647542089e-01 -4.182178474929727080e-02 3.054551792962973411e-01 1.843180698731834363e-02 2.698833690155139631e-01 3.468475106471075597e-01 6.198929075771456576e-01 6.306195101789190405e-01 -9.498883072790428872e-02 -5.686608305617190523e-02 9.306171252823358664e-02 3.086585937598952945e-01 5.421528791107378398e-01 -3.257147603647673195e-01 -1.655595470267622049e-01 -1.970662675615738463e-02 -2.043752011047352546e-01 2.921751743548776092e-01 5.026420101066938484e-01 4.619651676871608381e-01 4.549963662550803867e-01 -1.539452705826130918e-01 3.272005858473519546e-01 1.564969997475376962e-01 -1.829419466104587610e-01 -3.241277169585962126e-01 -1.951577394721632497e-01 2.228295601428289530e-01 -2.417701466815579125e-02 4.386863573470003996e-01 1.368236021453863305e-01 4.680622782377252822e-01 3.703031474699322034e-01 1.662829300258407139e-01 -2.488201199048744039e-01
