1.000000000000000000e+00 4.660538533386602289e-01 4.240414917399714101e-01 -1.361013494828905990e-01 5.211821231512669267e-02 4.669891079769342146e-01 1.650300247581639734e-01 2.273477267759568543e-01 2.514642242603655209e-01 5.002114908583705777e-01 2.093351895264966220e-02 2.686743951122282786e-02 -2.327737183620102457e-01 -4.382404765169674032e-01 -4.758485351858309231e-01 5.034258252617257456e-01 -2.567190012796341514e-01 -3.994815484708444941e-01 -3.395734433980136524e-01 -3.913901950855789846e-01 -4.919860796978745565e-01 -1.690777263905385852e-01 -4.589719448949353131e-01 -2.097918441969213732e-01 6.284029347315605030e-01 -1.229930283381163447e-01 -2.593475785623640117e-01 -2.588766115826985348e-01 -1.291711238222865432e-01 -3.776689066529186900e-01 7.051156144462100706e-02 -2.148064857290089558e-01 -2.826288661717777928e-01 -4.293287329741256597e-01 -2.156816488918733843e-01 -2.267320654200929708e-01 -3.144458023500049711e-03 4.215986594330140558e-01 2.999207624057228516e-01 1.218910833864845084e-01 -8.619385769414705800e-02 5.421637532559667738e-01 1.370193034067912485e-01 7.525047216240528247e-02 -8.648501426230471856e-02 -2.977277208406793885e-01 -3.844338927372902837e-01 -3.446106151491514225e-01 4.721336265889946038e-01 -3.637002449176073710e-02 2.367392573148586477e-01 4.508552890973661631e-01 -3.357147756218932522e-02 -1.377867478461790585e-01 4.626869358510857233e-01 5.014710892817849652e-01 2.601807971159038058e-01 1.670919943727436352e-01 5.717392006046903008e-01 1.234326972746164867e-02 2.555102216012990479e-01 -1.788193879997768410e-01 -3.430224106932917572e-01 -4.936268026838372402e-01 -4.718356693318411232e-01 -5.008439587410755678e-01 1.974892295081950300e-01 -1.717473875654966231e-01 -4.756447435192676654e-01 -4.493576784696906024e-01 -5.065752275664852089e-01 -1.395084615811866546e-01 -4.625968000960045678e-01 -4.860811810526665527e-02 -1.039214556694849356e-01 3.401179362233157089e-01 -2.361138917615687172e-01 -3.948700982397815862e-01 4.413290496878825159e-02 -3.653784546229855712e-01 -3.431591707962886040e-01 -2.571887221195315876e-01 1.114514172656396879e-01 -4.503492744147846727e-02 -2.409121936231803929e-01 -4.344557152461758220e-01 -1.469185181092137402e-02 -1.585268620375366866e-01 -2.866011796475038120e-01 -2.798319175328414093e-02 -1.302871842772481137e-01 4.575446635040483767e-01 2.200169179342838233e-01 3.607495341244233433e-01 1.992767865069978717e-01 1.077643342792203723e-01 -2.631900609388969081e-01 -3.527807598515141918e-01 4.246526875264524103e-01 5.397015486143995344e-02
4.660538533386602289e-01 1.000000000000000000e+00 5.469167574212498995e-01 2.513483175634000366e-01 4.546720026440871365e-01 3.134823505326907456e-01 1.517120379797876617e-01 3.895393331499912848e-01 3.839809143658750590e-01 3.796554141478643563e-01 -7.725233531703144807e-02 -4.036482363514160010e-02 -2.790032371345902429e-01 -5.149725291375109038e-01 -6.028757807719313799e-01 6.178861703607576583e-01 -1.469160864382550447e-01 -3.258775885454052723e-01 -1.990016526851664802e-01 -5.242904866757462923e-01 -5.165164670554915904e-01 -1.630196200247258642e-01 -5.199399544833721576e-01 -3.200226393229553268e-01 4.007675276430569533e-01 -1.854345666998382380e-01 -3.579968617906835182e-01 -3.795078108410130935e-01 -3.271725931088660944e-01 -5.350678947459225343e-01 -3.551135190443287931e-02 -2.721896716457780085e-01 -2.625619413737336205e-01 -3.153274513392506084e-01 -2.226021172662949466e-01 -3.659214052512875792e-01 -2.446585391187366676e-01 3.101377197053893919e-01 1.617041027919895457e-01 -6.828898523434276391e-02 -2.659631292868894215e-01 2.534774691013155778e-01 -6.433892550628829421e-02 -1.429182056801202583e-01 -2.257853572939990672e-01 -4.448639466922503782e-01 -5.288072647861560283e-01 -5.316023977558885782e-01 1.602265085122389077e-01 -3.260245390485269623e-01 3.400654133019627434e-02 6.450315518490798983e-01 2.639530647092553917e-01 8.123175390677449259e-02 5.633329283994434888e-01 2.889787945504149191e-01 3.433197412387372638e-01 3.351116397902338950e-01 2.604344931945977715e-01 -1.236207818410803294e-01 3.612047624888682640e-02 -2.167488290162322140e-01 -4.423790931073195987e-01 -5.014334502596847765e-01 -4.201743735635107280e-01 -6.232308382377795830e-01 8.663941421122738074e-02 -1.594097630411199853e-03 -3.311312396169647787e-01 -3.678965419610957244e-01 -5.667054326000174891e-01 -2.250361092512694061e-01 -5.310203057571948326e-01 -1.707351579064019242e-01 -1.761091802826625641e-01 1.216426515145846987e-01 -2.995787742761218397e-01 -5.558004834578745834e-01 -2.019934622513738787e-02 -3.976208402416019361e-01 -3.443937652704079921e-01 -3.229977311698239983e-01 2.027666814014854602e-01 -6.998138031602325893e-02 -3.264316471117421070e-01 -5.301382961214193834e-01 -2.027288485330769885e-01 -4.190960726494373234e-01 -4.365539843388913099e-01 -2.455980040323309799e-01 -1.251276300347476667e-01 2.868525169471663472e-01 -2.389056770104676375e-02 1.068380636657526722e-01 1.523108881710054201e-02 -1.633490755337553280e-01 -4.424313108873108580e-01 -4.793643679498165167e-01 1.262806262236330079e-01 -2.347940123352286468e-01
4.240414917399714101e-01 5.469167574212498995e-01 1.000000000000000000e+00 -2.826165992205645905e-01 1.745787431445048332e-01 6.643015091567866515e-01 2.850759928914455288e-01 4.220872237714468067e-01 5.084489724970340241e-01 5.032903603330386444e-01 2.587925736103300345e-01 1.675143656228859079e-01 9.159218201204497034e-02 -2.910489937641286828e-01 -4.143675537011320409e-01 4.506487850667234007e-01 1.268854623728086217e-01 -3.828583143692150526e-02 8.612788270176509331e-02 -2.548638302331247552e-01 -3.090970211487838459e-01 1.868019982059742068e-01 -3.046481400195258371e-01 -8.800256110811231769e-02 3.074764512857507959e-01 6.992916554032359289e-02 7.135885459964516619e-02 -3.192414917491798870e-02 -4.331216592488227463e-03 -3.525604292135302020e-01 -3.275738719616998473e-01 -5.292285733631795219e-01 -5.379062116318480413e-01 2.072095397310677947e-02 1.383252656142755499e-01 7.899690972691874105e-03 6.298119303802820167e-03 1.651899162278819971e-02 1.866164965197026626e-01 2.940198644497213701e-02 -9.846841064303890178e-04 3.349385941935624222e-01 3.072011275025307020e-01 6.764315375557258814e-02 -9.609407230587173332e-02 -1.503395799715367964e-01 -3.518205854337036476e-01 -2.228561899913904798e-01 4.866608931743843236e-01 6.088699901944563675e-02 -3.919145299346953881e-01 4.526318481742682698e-01 -1.194642067849728956e-01 -3.392185158930987043e-01 7.114147841389144578e-01 6.218542952633303589e-01 3.996610020362881821e-01 4.726968262230999418e-01 3.134221883815403453e-01 2.333925056413777011e-01 2.074556920549141259e-01 9.882186296560972749e-02 -2.250162822419838338e-01 -3.513911303008853682e-01 -3.634069171867582160e-01 -4.603422928983511575e-01 2.307843961098790531e-01 2.291697115496882098e-01 -8.067687254169425559e-02 -7.802778112734273797e-02 -3.784429185898998127e-01 1.796268092365136959e-01 -3.381599876186773268e-01 -1.611106365183823386e-01 -6.478175296073181155e-02 2.771143170055538896e-01 2.508833308528778464e-02 -2.640283126395327473e-01 -2.797466357645357338e-01 -5.841102632621952839e-01 -1.359749305034351763e-01 5.993642976407166645e-02 2.445348253950598294e-01 2.598602783668113592e-01 5.165928192688616638e-02 -4.274493020447902025e-01 4.819945379843957461e-02 2.285722098252816747e-02 -8.799400020332046046e-02 -1.973613643384241820e-02 -3.970744175672892284e-01 2.094686684327877746e-01 1.015075626626915986e-02 1.390266980439240352e-01 3.540496381202807297e-01 -1.431534029743427444e-02 -1.059429557124646620e-01 -2.747335930603526655e-01 4.370187431201720263e-01 1.391777463430183548e-01
-1.361013494828905990e-01 2.513483175634000366e-01 -2.826165992205645905e-01 1.000000000000000000e+00 6.244739884316025114e-01 -1.820239396933383547e-01 1.057528981003210133e-01 2.263833846680061157e-01 9.856212064910672976e-02 -2.487308714596812576e-01 -3.841855706317643393e-01 -1.236698739831520594e-01 -1.936616915837149622e-01 3.527091391744251181e-03 -6.782871879586349281e-03 1.451983456662515326e-01 -3.846052227667830919e-02 1.902490685386445252e-02 -1.930323308431690019e-02 -1.872590706075615355e-02 6.573801122397764096e-02 -2.352349988010856707e-01 3.524260480591953626e-02 -4.100891079676141637e-02 -2.766659186929310565e-01 -2.438120352413244152e-01 -2.956099403230993405e-01 -3.733642313341204444e-01 -2.583299482267039093e-01 -1.115718882885486790e-01 2.700379948130115504e-01 2.519218091451270181e-01 3.941350420653090825e-01 -1.570582827597948872e-01 -2.168519602375941768e-01 -1.165376145494300131e-01 -3.024977127334119720e-01 9.133405416020454193e-02 3.484249870122442527e-02 1.243526236569389015e-01 -1.005737779681058208e-01 -3.208919080503618848e-01 -4.569040557516468870e-01 -1.066272550870353553e-01 -4.609251020175955671e-02 -2.075859684256798621e-01 -8.007763261489313916e-03 -8.793071733474823459e-02 -1.536056134912315851e-01 -2.087647899953710140e-01 3.127954636929556886e-01 3.244745319233137137e-01 5.817805169703966772e-01 7.440236557591446420e-01 -4.331894191723991566e-02 -1.149063805286813650e-01 1.231962198622971322e-01 1.268483970779220871e-01 -2.759275821244659421e-01 -3.146486793782539149e-01 -2.147714646769169067e-01 -1.323015955430959789e-01 -1.365339595336512168e-01 6.295125454346978122e-02 2.493701328893626334e-01 3.914850459274700489e-02 2.465500648062120964e-02 4.586569936168263979e-03 -1.136639781981527431e-01 -1.132897113444926787e-02 4.426520100666790636e-02 -3.863186775828599262e-01 -4.149625435094948106e-02 1.443218935498795097e-01 -7.058361979767137188e-03 -3.583170947466366996e-01 -2.734783009332495962e-01 -2.687770354021543073e-01 1.543421360391463160e-01 2.155702406559547868e-01 -3.040487812047973359e-01 -3.005982270841253134e-01 -2.045092082027655245e-01 -4.195051139346692715e-01 -3.246016329341143147e-01 -5.903109645923752119e-02 -3.070103343552870734e-01 -4.296576173649933050e-01 -1.136257885716294297e-01 -2.029841441569711635e-01 2.656911998310358958e-01 -2.342017405144505016e-01 -1.101406057780716756e-02 -2.387941724121142861e-01 -6.000598965990755485e-01 -8.206003431245788293e-02 -2.777246872767735741e-01 -3.533870182245857361e-02 -1.103870651058741631e-01 -2.324274131219062900e-01
5.211821231512669267e-02 4.546720026440871365e-01 1.745787431445048332e-01 6.244739884316025114e-01 1.000000000000000000e+00 2.488704716642847481e-01 3.154223593504079659e-01 5.044725350874120773e-01 4.516782236235431514e-01 6.388671532744386213e-03 -1.962628743846300816e-01 8.976139166059497916e-04 -1.511635864441668309e-01 -1.742884563568554424e-01 -2.362080744738794258e-01 2.920980445880888565e-01 3.481581258004379231e-02 5.290888065777889920e-02 7.850489222612734574e-02 -7.330515706982182467e-02 -7.789249526415983893e-02 -9.054341107338363670e-02 -1.336669843561135995e-01 -6.510400707190840131e-02 -1.331555250602542706e-01 -1.547700321148921809e-01 -1.759684303417878848e-01 -2.802777953455923843e-01 -1.822029953262338520e-01 -2.786367582914808239e-01 3.386723814204981031e-02 -1.542328851938556677e-01 -1.950015928083540309e-02 -6.513030930533859897e-02 -6.642102973907156038e-02 -2.957819454985551044e-02 -1.761555789555238893e-01 -7.668107677364936758e-02 3.536756495986138893e-02 1.331322519586925768e-01 -3.900001088203448874e-02 -1.491993922269415074e-01 -2.027212788113468001e-01 -6.067308466219090146e-02 -6.415238771151834940e-02 -2.306202925941349680e-01 -1.834791871945282704e-01 -1.740639575482089418e-01 1.981392655086202381e-01 -8.534181001747481732e-02 7.564938079937580384e-02 4.718862429816780835e-01 5.795561332235471541e-01 5.840268487666434583e-01 4.177308688991233643e-01 2.117943155179727033e-01 3.419973246199831673e-01 4.252593961686403912e-01 -9.435138391604964980e-02 -1.828426008532765545e-01 -6.434357195256174000e-02 -1.539394833273249330e-01 -2.541783061802638799e-01 -1.016096435644330276e-01 8.535181139266778683e-02 -2.186727213026830596e-01 2.347110195004007971e-01 1.781616712485534215e-01 -1.016757355022167159e-01 -7.911543000924838379e-03 -1.036460928632264994e-01 -2.577905280997735971e-01 -1.985585095172215653e-01 9.851513624705787731e-02 -5.270919264921705705e-02 -1.990440063270875470e-01 -1.765994824635402916e-01 -3.391444819262666166e-01 -1.041066813382234557e-01 -1.722428748621582795e-01 -3.731790301236285190e-01 -2.156259814449776602e-01 6.299507366763158756e-02 -2.564551760537923109e-01 -2.582355716346186880e-01 -2.559712796053799089e-01 -2.013553887224378280e-01 -3.517425042154632697e-01 -7.205294761666508618e-02 -1.715858134703194815e-01 3.161947301079989781e-02 -1.578281081250047235e-01 -1.068284796919304058e-02 -1.412903155692399326e-01 -3.453876860492238188e-01 -4.255084497758990919e-02 -2.990552400227941554e-01 -1.218523010018944391e-01 1.971046176558916008e-01 -5.073748758240011203e-02
4.669891079769342146e-01 3.134823505326907456e-01 6.643015091567866515e-01 -1.820239396933383547e-01 2.488704716642847481e-01 1.000000000000000000e+00 4.529920002521890532e-01 4.769895238985465413e-01 6.613365307246363844e-01 5.840926847180136772e-01 3.076975523353355779e-01 3.365651926249476622e-01 1.085285388786278865e-01 -1.511502566880575937e-01 -2.653275725838440402e-01 3.527489960714503825e-01 1.612987008832469371e-01 1.262543910784173426e-02 1.115103200950542106e-01 -1.665586753821695354e-01 -1.830929850045018292e-01 2.349303883832599971e-01 -1.523564336864864643e-01 1.006317367044218675e-01 3.452278411424031246e-01 1.365882305755333481e-01 1.153773236843154831e-01 -1.297307271887134517e-01 9.111297078454415332e-02 -2.795044295542516433e-01 -2.106282503197072220e-01 -4.288703395007133490e-01 -4.093414367198934811e-01 -3.673470911495099744e-02 1.198766992766914508e-01 1.395033907622338920e-01 1.488367161221964829e-01 -5.333220817065858349e-02 3.562540237590347547e-01 3.350611397506290667e-01 6.948278328660367764e-02 3.914749731700296609e-01 2.797128810037680102e-01 1.510737284251909285e-01 -5.729070876997159611e-02 -8.439685107845010248e-02 -2.099205601575117319e-01 -1.037534582584727638e-01 7.298638226472302648e-01 2.009016265018382374e-01 -1.623140008531419043e-01 4.858237123511028321e-01 4.191004793886752428e-02 -2.015976083180884976e-02 8.027164142641493028e-01 8.258573347053835834e-01 4.580112967684808467e-01 5.338253808324026073e-01 4.510862566136627505e-01 3.106627213901105855e-01 3.980009587009867844e-01 1.212891889622318142e-01 -6.628923274331254001e-02 -1.732836869997415041e-01 -1.552192658976228878e-01 -3.090414733343198606e-01 4.228993622835943711e-01 2.785581665665695650e-01 -6.784088596100938673e-02 -3.190132708050111982e-02 -2.471187624449160403e-01 1.666449626269716489e-01 -1.778678084830805084e-01 1.726004636443008444e-01 1.685177581418246043e-02 3.186373281401493340e-01 6.007240550945426583e-02 -2.116984912564909282e-01 -2.323656856818231420e-01 -5.388843882719684952e-01 -2.588464106154648725e-01 -2.620832771805949035e-02 2.144675374714754001e-01 1.717705476408052101e-01 7.545465210375303100e-02 -2.988530498350799314e-01 1.433530753861143592e-01 -4.570505107822728230e-02 -1.014547438790935376e-02 3.636429730214647826e-02 -2.695730020524593762e-01 7.666061648268422679e-02 2.622276342554140105e-01 1.979184249420838926e-01 1.918467499388710473e-01 1.424835176581862595e-01 -5.776831886650776737e-02 -1.132206981740041668e-01 7.050826466932756942e-01 2.705001047394888225e-01
1.650300247581639734e-01 1.517120379797876617e-01 2.850759928914455288e-01 1.057528981003210133e-01 3.154223593504079659e-01 4.529920002521890532e-01 1.000000000000000000e+00 7.551225814678431680e-01 6.730236121301572672e-01 3.841408639471945996e-01 2.862395664999128897e-01 4.999853148845908590e-01 2.107075914502417602e-01 1.922504944207278216e-02 -1.110431132676941018e-01 2.823099328954183918e-01 3.752045131835289316e-01 2.234730324106573296e-01 3.090477993018450054e-01 -5.676935735807053102e-02 1.188443433111231913e-02 3.031455626107600332e-01 7.495511807628271739e-02 3.740403392102580882e-01 1.952737066809885277e-02 3.633390197716403480e-01 1.431160816964289761e-01 -1.614729523628332386e-01 7.667801426386754160e-02 -2.137333573142810306e-01 -1.735931934114470776e-01 -3.893847112037471803e-01 -2.947493013069658052e-01 1.441957487126477588e-01 1.654813452102045501e-01 1.217747751477600282e-01 2.066821118151372996e-02 -1.960263466190975690e-01 2.032015830875709139e-01 5.659989952447754824e-01 3.574510889540453151e-01 2.550894517732879563e-01 3.093552508558975456e-01 3.048483587460898425e-01 9.043887212058933367e-02 1.235257814056231994e-02 -5.860147293242728289e-02 5.876522715223648358e-02 4.033607942289245685e-01 2.126913294577721936e-01 -2.089949936460861191e-01 4.407408897431705497e-01 2.438513517460561830e-01 2.240778762539357427e-01 4.987909376724108390e-01 5.088888977271533998e-01 6.443658493788710917e-01 7.000632999820952662e-01 7.845175065984970331e-02 3.259401868194071183e-01 3.994432042716515308e-01 2.477648391796380689e-01 -6.450858917937854486e-02 -8.467665650764616761e-03 7.145660351633888185e-02 -1.507368255716128036e-01 7.261531538713605904e-01 4.859249881654601477e-01 1.294142866422950400e-01 2.100978101795615005e-01 -5.640046894377001574e-02 1.559611585077132767e-01 6.718799557431365949e-03 3.235708650753085780e-01 2.846740315809117572e-01 2.351672117611460777e-01 2.723956884798086134e-02 -1.771615572159522811e-01 -3.078827594791909705e-01 -4.765506493295681989e-01 -5.524373992665067290e-02 6.363026684976512415e-02 4.301465906494734981e-02 7.871492087052051057e-02 9.171406284992936198e-02 -1.656492723730901007e-01 -1.346925799951999292e-02 -7.067035831797700840e-02 6.714398289762864291e-02 2.161396896748399576e-01 -1.615363398678523188e-01 -2.232829112216516976e-01 5.852190342335167328e-02 5.200150113028277621e-02 7.982913600677916943e-02 2.730103015828900803e-01 6.120521524691581450e-02 4.315848603690861790e-02 4.888329378234818612e-01 2.489599559268728113e-01
2.273477267759568543e-01 3.895393331499912848e-01 4.220872237714468067e-01 2.263833846680061157e-01 5.044725350874120773e-01 4.769895238985465413e-01 7.551225814678431680e-01 1.000000000000000000e+00 7.787720754280167412e-01 3.563517281729388086e-01 2.289974274389547648e-01 4.243835690085453471e-01 2.154576291025268875e-01 -5.195611420887825266e-02 -2.332771939863854671e-01 3.348030005184023938e-01 3.448990695035432097e-01 3.013935785450172489e-01 3.484148482589882745e-01 -1.055783790443039494e-01 -5.299886859323370975e-02 3.174831340138772329e-01 2.319186113326276739e-03 1.857071796275202302e-01 5.409414163617800447e-02 2.923504878655609485e-01 6.839443009773672755e-02 -2.617538664919474845e-01 2.304994902099586490e-02 -3.135658108155491286e-01 -1.560827570683264442e-01 -4.963902108890512754e-01 -4.043998783550824538e-01 1.663949070240107464e-01 1.629851171360885420e-01 1.246873900505632154e-01 -3.440840643017129691e-02 -2.071611756636159429e-01 1.450258790664265829e-01 3.335201806508727440e-01 2.495050596871225546e-01 2.455927140540702658e-01 2.518498869001761231e-01 2.255461879103003164e-01 -1.801753770585907966e-02 -8.834016958024443200e-02 -1.482264426970638926e-01 -8.405264057961610302e-03 4.118830109831244091e-01 1.456704166652552090e-01 -2.311990598467321967e-01 6.386049613858464369e-01 3.283289017693891698e-01 2.847842175997633563e-01 6.226184112385080294e-01 4.928755007674164856e-01 8.280164707811931146e-01 8.534454425488899876e-01 1.147534283263752369e-01 2.188300081330084024e-01 3.469568166712045931e-01 2.587793076150991523e-01 -1.407593229718883954e-01 -9.068854101594647776e-02 1.644105382004335328e-02 -2.759272652368768841e-01 6.264914646232451201e-01 4.990286262662427252e-01 1.045155202786173104e-01 2.462342254858701229e-01 -1.576049099807763088e-01 1.395595102150797573e-01 -7.839544648599192089e-02 1.586377736160269059e-01 1.352197517714839037e-01 2.117989047594502072e-01 -3.617608357848504865e-04 -3.194049121564384031e-01 -2.445709596044835787e-01 -5.850519163549970925e-01 -1.998256305677713895e-01 7.914676928319440419e-02 5.762683604194927811e-02 6.648327491137732970e-02 -1.346102403642925570e-02 -3.088289430793577650e-01 -3.276764848614906189e-02 -1.583814954996460300e-01 2.548940504370372437e-02 2.621708220774827611e-02 -1.989554872016103815e-01 -1.841081854131151330e-01 -7.118269504181618315e-03 4.114660705755093795e-02 8.520496284558462530e-02 2.492299975094643960e-01 -7.478565112484525379e-02 -3.947398073297456872e-02 4.668040463027028353e-01 1.627096260971585828e-01
2.514642242603655209e-01 3.839809143658750590e-01 5.084489724970340241e-01 9.856212064910672976e-02 4.516782236235431514e-01 6.613365307246363844e-01 6.730236121301572672e-01 7.787720754280167412e-01 1.000000000000000000e+00 4.697932552529273664e-01 3.009247830320406769e-01 4.604465697543255742e-01 2.270037529267155407e-01 -9.332398948667458560e-02 -2.619051434760525932e-01 2.885649313373136460e-01 2.930276904924330461e-01 2.064906774718481552e-01 2.942393280112208243e-01 -1.584618968470616063e-01 -9.233969428200200502e-02 3.265358235941170917e-01 -5.715739440151462042e-02 1.681510629627426812e-01 1.014145466800540907e-01 2.547867524229830982e-01 1.357019971716622586e-01 -1.889767808167557850e-01 7.991110395896675045e-02 -3.057082963917387985e-01 -2.367816549360910183e-01 -5.880799860085381692e-01 -3.898660250683795292e-01 1.474844132502118599e-01 2.007798631384950239e-01 1.999025701516196352e-01 6.743770542927600420e-02 -2.060889474499327245e-01 2.506694690833657369e-01 3.633734035613760405e-01 2.610851451936097578e-01 2.771892117594021987e-01 2.847751124548262291e-01 2.481495776279869225e-01 -2.235313203203208223e-03 -2.696790928156093253e-02 -1.903765609510313650e-01 -3.487722368955313568e-02 5.263175254269614189e-01 1.851093296710545621e-01 -3.199730745470856785e-01 5.497376964183122716e-01 2.589792812924766041e-01 2.379855972077443149e-01 7.286367807652626150e-01 6.548022666012175419e-01 6.789046037220758389e-01 8.683526568010672131e-01 2.134181154150830706e-01 2.843395481614377496e-01 3.720417187858481856e-01 2.552998940659377269e-01 -9.255225467504560322e-02 -1.055937876951579674e-01 -3.822411654508068440e-02 -3.083521056256900983e-01 5.994581134741656658e-01 4.917234237115354900e-01 7.207646446493429226e-02 1.427478429474195454e-01 -2.221877661949924199e-01 1.723655032377307272e-01 -8.973657818642706563e-02 2.184627580244198619e-01 9.599157830463768415e-02 2.172434793540839182e-01 6.371218364450255411e-02 -3.019299182529355252e-01 -2.993966769636535741e-01 -6.661212645573195701e-01 -2.502493989407639785e-01 6.649135531792003950e-02 2.084256555326493843e-01 1.418482784489382142e-01 6.724631539451376983e-02 -3.091905726788209408e-01 6.175736106543058823e-02 -1.380843887756198762e-01 2.315857454780162819e-02 7.874041051346908349e-02 -2.453702508915529545e-01 -2.251040030332220332e-01 5.845207719069211300e-02 7.056987100793143952e-02 1.319388146709731535e-01 2.517501534586660261e-01 -3.422502079255359403e-02 -4.057945963776223020e-02 5.686560343691540176e-01 2.542555243785183938e-01
5.002114908583705777e-01 3.796554141478643563e-01 5.032903603330386444e-01 -2.487308714596812576e-01 6.388671532744386213e-03 5.840926847180136772e-01 3.841408639471945996e-01 3.563517281729388086e-01 4.697932552529273664e-01 1.000000000000000000e+00 4.767241888068697309e-01 4.644528036775819047e-01 4.711510475657681302e-02 -3.361978710942412074e-01 -3.914372992272563412e-01 4.303719604159055301e-01 3.122105453681999626e-02 -2.719863106171118705e-01 -1.278594000361161498e-01 -4.190658938028551939e-01 -3.972868844624336537e-01 1.129995647168950262e-01 -3.604964084911458921e-01 6.618752639606834132e-02 6.632787997296450966e-01 2.679213658090593975e-01 -3.762958677747599984e-02 -1.113400374187007991e-01 -1.786342053049995784e-02 -4.026580346792980603e-01 -1.690638866998776524e-01 -4.528990103057720651e-01 -4.940173684713665692e-01 -2.253395884828231222e-01 2.754638938504498993e-02 -1.443974382617012053e-01 1.148002230287817199e-01 1.364955814523452771e-01 3.366329890705150318e-01 2.497443947773939910e-01 -9.718763043028813553e-02 5.438759281664887757e-01 3.745152826660593792e-01 1.395965041905390114e-01 -4.236166672942995315e-02 -2.230655043559728046e-01 -4.432653400527608589e-01 -3.445008997299667808e-01 4.146930559057267485e-01 -1.137369750199723577e-02 -1.817272601567374579e-01 3.488519700720942307e-01 -5.150154535590208138e-02 -1.120111840222990651e-01 6.093252508961211067e-01 5.307986152982561157e-01 3.969847103670909316e-01 3.521384450348676309e-01 6.878989282321001930e-01 4.298597340075515083e-01 5.917641760541264562e-01 5.586993207979028264e-02 -1.249659787937850708e-01 -3.165145079384443227e-01 -3.815248295521120880e-01 -4.279550461121074956e-01 3.728476006538754550e-01 1.461260891116631933e-01 -2.201815659008647674e-01 -2.726804641735867674e-01 -4.382064862968782504e-01 1.178205179613385223e-01 -3.313389750014580359e-01 1.532025793408917924e-01 1.426064825917116030e-01 6.097535472428585734e-01 -3.248051447446152762e-02 -2.189551761000625707e-01 -8.958934417757734303e-02 -5.738825440026066316e-01 -1.621411817442630909e-01 -1.715499908751531577e-01 3.595718876710367606e-01 2.588744843850723232e-01 6.658968422593464220e-02 -4.513881035732995595e-01 8.022410732588967919e-02 -6.677267023813100721e-02 -2.529913575853579011e-01 7.336010273487196531e-02 -2.186807488067321059e-01 1.531315374788400629e-01 2.161309356464847509e-01 3.713317006000174114e-01 3.976867229123016156e-01 1.546288112133129000e-01 -1.649299621932402149e-01 -3.166805866874395914e-01 3.938313541456755495e-01 7.743610077620742549e-02
2.093351895264966220e-02 -7.725233531703144807e-02 2.587925736103300345e-01 -3.841855706317643393e-01 -1.962628743846300816e-01 3.076975523353355779e-01 2.862395664999128897e-01 2.289974274389547648e-01 3.009247830320406769e-01 4.767241888068697309e-01 1.000000000000000000e+00 7.197250594534486678e-01 4.641140979789631360e-01 1.765926896682062097e-01 1.178632451450083857e-01 -8.864240943262244321e-02 3.045615016086573590e-01 2.394141480622282436e-01 2.439321465530507604e-01 1.492111936374636016e-01 1.021306677420687620e-01 3.851406581033953169e-01 9.669916512228211858e-02 4.873758182521898963e-01 1.286705901746839631e-01 6.665924953233018924e-01 3.971612563716002686e-01 3.259429687341463544e-01 4.111277744503801235e-01 -7.857645044023459091e-02 -3.358649868609381306e-01 -2.969905929040012049e-01 -4.326670957386498650e-01 2.753519020236770420e-01 4.563895136755966031e-01 3.802105717700923759e-01 4.183819782072790150e-01 -3.106429011400264617e-01 4.047181698455577098e-02 2.105892781094136634e-01 3.175895819300505463e-01 2.088259956742084533e-01 4.747839015555030961e-01 2.819836673017677708e-01 2.008561873414713705e-01 1.643318967646128503e-01 1.040319015625525007e-01 8.524240942248935415e-02 3.021518478751146763e-01 3.658271191535459321e-01 -3.938102851904121127e-01 -3.537745628169608469e-02 -2.249324995747906675e-01 -2.016174275002901028e-01 2.371958213424521789e-01 2.222693952717930965e-01 2.161242236692541008e-01 2.708673866891355697e-01 2.935612630321425831e-01 7.707821156432764775e-01 6.054236783061354155e-01 3.973141402315288895e-01 2.701671515994129025e-01 1.662196624081727359e-01 8.283675825974531892e-02 7.009613628331862190e-02 3.655860551783273182e-01 2.910514261144597770e-01 2.263798235810419723e-01 2.499130498810273326e-01 9.200588069424810167e-02 4.433828038924514381e-01 7.715573824577301454e-02 2.766342748805027396e-01 4.487431941790979706e-01 5.069761741917568898e-01 4.084380277650170865e-01 2.301704368945316770e-01 -3.171253288937988524e-01 -3.166233018186241921e-01 2.503856588140299100e-01 3.166983423037184608e-01 1.962249017686817920e-01 4.720749087768049690e-01 3.112239281367291666e-01 4.217961403438985624e-02 3.714967985783358961e-01 3.453270932880552202e-01 3.563329241750095577e-01 4.106768756136487397e-01 -2.306652228688967909e-01 -2.503426893038538381e-01 8.583144138470763518e-02 1.397892394183649634e-01 4.835641906141806001e-01 3.208382308207954337e-01 1.680011213097254430e-01 5.800513768687552696e-02 3.222041043378545688e-01 3.627010402118344135e-01
2.686743951122282786e-02 -4.036482363514160010e-02 1.675143656228859079e-01 -1.236698739831520594e-01 8.976139166059497916e-04 3.365651926249476622e-01 4.999853148845908590e-01 4.243835690085453471e-01 4.604465697543255742e-01 4.644528036775819047e-01 7.197250594534486678e-01 1.000000000000000000e+00 4.677847679676513937e-01 2.029148596088959922e-01 1.140377246514871629e-01 -4.040904227764697404e-02 4.518950941888834616e-01 2.912981553858161599e-01 3.322168741991989305e-01 7.615140335491796253e-02 8.557406112693315137e-02 4.604986139940543399e-01 1.711510304808913363e-01 6.196222149650983946e-01 6.777386777423091875e-03 7.732018764572515801e-01 3.180610915145412609e-01 1.844608878543161079e-01 2.421519455010613109e-01 -7.308032319327391335e-02 -2.862564802484239279e-01 -3.537420269564128250e-01 -3.498435892263797031e-01 2.520125235717515233e-01 3.994763530947577079e-01 3.585376670108620933e-01 1.968364217603346678e-01 -3.732418564563582675e-01 8.355628236576410905e-02 4.030128781062733978e-01 3.436546393727262783e-01 2.159703064148733032e-01 4.542430574562772994e-01 3.013684603225000314e-01 1.978704189174705086e-01 1.214389168109423350e-01 8.078772741768283638e-02 1.059470518110578602e-01 3.110405881868361089e-01 3.093640295330880585e-01 -3.074750921627277256e-01 1.571198135040780541e-01 -2.867969656170115886e-02 9.704604606305265724e-02 2.944503099797739498e-01 2.532248184673031033e-01 3.863036379069630377e-01 4.193024920914200648e-01 1.961563638391719822e-01 7.176112517217272391e-01 7.039412766189248050e-01 4.237890495468177865e-01 2.529810749940188952e-01 1.816186372358088719e-01 1.688236685084957001e-01 6.894271679059718605e-02 5.326180775397628686e-01 4.356761503700987137e-01 1.917775907018784420e-01 2.726227981677119550e-01 4.404469918981131216e-02 3.486688977486178120e-01 1.329160117638488181e-01 4.026682717070290130e-01 5.302582629703189721e-01 5.417701282054476764e-01 2.696824393426233146e-01 1.195171301085166948e-01 -3.426729001021589505e-01 -3.732999515958965731e-01 9.004299281603096727e-02 1.500266134660258044e-01 5.346925057986148810e-02 3.098324790126983919e-01 2.290560428219707845e-01 -2.770900371223256747e-03 1.086541630559253180e-01 1.674193797866463385e-01 2.793655678581657420e-01 3.150866321084057065e-01 -1.696513887325304670e-01 -4.537615653368131663e-01 -1.692895095781627932e-02 6.631123471846958606e-02 2.768163432998981266e-01 3.679518121083454885e-01 1.032299260924767481e-01 9.791114155833526012e-02 3.721013016356725656e-01 2.927485421335190852e-01
-2.327737183620102457e-01 -2.790032371345902429e-01 9.159218201204497034e-02 -1.936616915837149622e-01 -1.511635864441668309e-01 1.085285388786278865e-01 2.107075914502417602e-01 2.154576291025268875e-01 2.270037529267155407e-01 4.711510475657681302e-02 4.641140979789631360e-01 4.677847679676513937e-01 1.000000000000000000e+00 5.570811729724874928e-01 4.053792942908165942e-01 -1.948396460027576327e-01 6.461173135658344613e-01 6.348177262954349809e-01 6.753858946051456424e-01 3.670733373752260720e-01 4.489249556963405552e-01 7.046500444998767820e-01 4.993636061539903914e-01 5.126262524644110696e-01 -2.593533885535772576e-01 5.339166856074492040e-01 6.616840850854647238e-01 3.868818921552203416e-01 5.610493857914193860e-01 3.006781892663808464e-01 -2.823216461662672039e-01 -1.793902653232264943e-01 -1.997757547084117735e-01 7.057854511806127551e-01 6.477561721730082933e-01 4.813021975098950023e-01 3.571532065482450058e-01 -4.621071651073761499e-01 -7.089501907690139160e-02 1.772052763484598670e-01 4.512446119598149119e-01 4.619477322884189829e-02 4.108451408727687992e-01 3.052174384672261542e-01 2.253895093193151178e-01 4.736728334856328826e-01 4.330002138476727880e-01 4.809635261727499000e-01 1.403569634629405760e-01 4.103614528644018988e-01 -3.168303334523614456e-01 -2.120191095477491280e-02 -1.222841430120245321e-01 -7.993751921880631883e-02 3.054904414516335098e-03 9.561052717621600083e-02 2.370797002960103594e-01 3.032839470010493810e-01 -1.352040325121204034e-01 3.938915442884499130e-01 2.436775158613662395e-01 8.358139220782739853e-01 6.041095629853823201e-01 4.368105542487656923e-01 3.429514526611818215e-01 3.464323100318815185e-01 3.099125816765415653e-01 5.740965451347832538e-01 5.726048182976686274e-01 5.943797280428269048e-01 3.537555447355000826e-01 6.234874792056812609e-01 4.500023774776199526e-01 1.629401254734109128e-01 2.839911903709949059e-01 1.592226043266105895e-01 5.969465084194007787e-01 3.747974900730095538e-01 -2.761711418855013478e-01 -1.735247676015681528e-01 3.459086097636643320e-01 5.185618169543110278e-01 -4.862661858694652256e-02 4.557525100133473783e-01 5.460390367530948419e-01 3.357622084341201907e-01 3.666366486697026916e-01 4.132219227339907763e-01 4.440441951157111378e-01 2.876910003342613709e-01 -2.014079772203357654e-01 -3.611601631923393452e-01 -5.564340620080665545e-02 -7.396464402840113861e-02 2.930121848275223373e-01 2.803519042261137240e-01 4.199345416912425022e-01 3.925441988925937875e-01 1.783259903231468324e-01 3.359494918634249871e-01
-4.382404765169674032e-01 -5.149725291375109038e-01 -2.910489937641286828e-01 3.527091391744251181e-03 -1.742884563568554424e-01 -1.511502566880575937e-01 1.922504944207278216e-02 -5.195611420887825266e-02 -9.332398948667458560e-02 -3.361978710942412074e-01 1.765926896682062097e-01 2.029148596088959922e-01 5.570811729724874928e-01 1.000000000000000000e+00 8.426386268043910555e-01 -5.071543096230992642e-01 4.284354089589966219e-01 7.296448847283086847e-01 6.272929581465134241e-01 7.248257410839863413e-01 8.515567471311862313e-01 4.247557005297322164e-01 8.722424187187629574e-01 4.362612853544795555e-01 -4.485938840870810629e-01 2.579205003594534085e-01 5.867649716912137769e-01 2.883318585763055553e-01 5.711038182027163845e-01 6.037356476743034328e-01 -1.078259005120215941e-01 2.078793859476565919e-01 1.919565800988623783e-01 5.825488984202841225e-01 3.358333525692920318e-01 4.633531480081752862e-01 2.883645865969093891e-01 -3.833234877256752604e-01 -1.501601023529554879e-01 1.206465289288954912e-01 3.398088901595321953e-01 -2.673564090883832067e-01 -2.558346926471615282e-02 1.219605567586916489e-01 6.829529025429469102e-02 5.976373049380195868e-01 7.598696239661438812e-01 7.253706101096101255e-01 -8.538361984216150113e-02 2.966086863203035162e-01 -7.040184156468501375e-02 -2.155295239748901137e-01 -6.105557386067458903e-02 9.385869214787240233e-02 -3.051149721695004535e-01 -1.657783679178145564e-01 -8.838898861305377608e-02 -2.512597337690234203e-02 -3.514718934793174543e-01 1.660871428357365009e-01 -3.168333803510822722e-02 4.577009257839851353e-01 7.490637739822035845e-01 8.401805989890549498e-01 7.916817035468861619e-01 8.233591070667131140e-01 5.099815813859541469e-02 3.200501007644935281e-01 6.305334707260209504e-01 7.120819052783696756e-01 8.087273581264805555e-01 3.226471116818757645e-01 7.903681380787316302e-01 2.046800839452982135e-01 1.804704103823837891e-01 -1.793429404732481136e-01 5.753102940381605857e-01 5.572937617624367235e-01 -1.698038922750305102e-01 2.392176787146880479e-01 3.146125211752673345e-01 3.946814825370541513e-01 -3.191412472221539232e-01 1.159880095436034292e-01 4.006811843055007039e-01 6.993105268177519651e-01 3.016702381130257349e-01 2.320785688050967521e-01 5.315832309382118037e-01 1.541261099671932810e-01 4.292812715465631895e-02 -3.948629916015917174e-01 -2.076442717995194073e-02 -2.544063712961860957e-01 -1.382304436255376578e-01 3.299602558275650105e-02 4.311096852911809330e-01 6.625615937077139472e-01 -1.019869083532118706e-02 1.923841004039649749e-01
-4.758485351858309231e-01 -6.028757807719313799e-01 -4.143675537011320409e-01 -6.782871879586349281e-03 -2.362080744738794258e-01 -2.653275725838440402e-01 -1.110431132676941018e-01 -2.332771939863854671e-01 -2.619051434760525932e-01 -3.914372992272563412e-01 1.178632451450083857e-01 1.140377246514871629e-01 4.053792942908165942e-01 8.426386268043910555e-01 1.000000000000000000e+00 -6.038823305450556900e-01 2.898147956578604467e-01 5.486185736727831053e-01 4.456879711258893706e-01 6.666627507807998398e-01 8.025434312480410615e-01 2.358353783746650889e-01 8.186010919151521792e-01 4.029319315615056407e-01 -4.760283178302628926e-01 1.928727946872869914e-01 4.523456910731163405e-01 3.917734505995170147e-01 4.748971596749813617e-01 7.505397266402652479e-01 -2.475946303009659774e-02 3.008344542840608038e-01 2.733019771755306193e-01 4.460092294972043403e-01 1.644249964804714026e-01 4.138007637638877467e-01 2.557104259653583678e-01 -3.505899109118152390e-01 -1.814540488522811967e-01 7.139907561899890009e-02 2.721841374101419131e-01 -2.963816267407728966e-01 -1.181567290477393423e-01 6.934314989420846398e-02 6.829009212789710626e-02 6.122196183587788054e-01 6.500146303452630780e-01 6.779002772423119438e-01 -1.771335110493498510e-01 2.088820539323508474e-01 4.648779347774723708e-02 -3.298298214510141380e-01 -9.019554797567988502e-02 6.734703891838315915e-02 -4.515489899201946544e-01 -2.999675593638754800e-01 -2.447114896176709464e-01 -2.187590833084950837e-01 -3.612274429546108445e-01 1.148163969085360253e-01 -9.465647326987293442e-02 2.925893965290456422e-01 6.555291706046350031e-01 7.791178317815158350e-01 7.520848211616585344e-01 9.089808065466528086e-01 -7.106974734207339994e-02 1.644124422528434049e-01 4.883003060594331424e-01 5.536563467620482237e-01 8.034660485767702864e-01 1.691037369200964202e-01 7.924960091727030198e-01 2.217509756657033704e-01 1.563590036376603376e-01 -2.313719969007797250e-01 4.671799264155445663e-01 6.524583270502091192e-01 -8.259783723885234796e-02 3.776418535652737440e-01 2.576360431325161460e-01 2.496104115762350084e-01 -3.578033318591066214e-01 -2.114166814336165129e-02 3.248272664118165842e-01 6.663948200267361122e-01 2.188817997195749154e-01 2.342566028098242714e-01 4.670197392310566076e-01 1.263243257722076462e-01 1.301699502806231146e-01 -3.488792506882105737e-01 -1.416705410905790691e-02 -2.366728296721460345e-01 -2.213260654899706914e-01 2.602915324753908924e-02 3.974684418708562816e-01 6.622854603546157737e-01 -1.202236050731567973e-01 1.259844266966593795e-01
