1.000000000000000000e+00 3.896034728533348535e-01 4.461756027474291231e-01 2.733542043433580537e-01 1.450822866653551368e-01 4.163882413779479430e-01 4.110603366604022590e-01 3.998005992774038009e-01 3.393121567128306593e-01 -9.254991885294654164e-03 -4.636604371102653194e-02 1.932888941308310779e-02 -4.701971299597293430e-02 1.645420314377480098e-01 1.187986539883073428e-01 4.298877415207368324e-01 -4.908457317693281155e-03 3.391668590238292591e-01 1.511824536848708489e-01 2.924982096879202853e-01 1.331400695684825664e-01 2.861528111496355539e-02 2.463791776068659511e-01 -1.926992635670901968e-02 2.607118421366327876e-01 9.205866864433127905e-02 -4.930586783745856405e-02 -2.309008903519069733e-01 1.279724994683068828e-01 5.576629337864461716e-02 -1.317076021247274437e-02 3.714829019013715650e-01 2.514331368730472471e-01 6.835715343076527450e-02 1.000294797240290356e-01 3.359717847514447076e-02 -1.824630743029859725e-01 2.940684723661769473e-01 2.964310835151085996e-02 2.457070067729839324e-01 2.006172225233442130e-01 1.179224757545086488e-01 1.244221903345721775e-01 4.577802151183592988e-02 -1.388339197816142734e-01 -1.695469323980727250e-01 -1.728323994031139357e-02 1.096580986238436528e-01 5.530828881710103673e-01 4.175731779388560522e-02 6.767844245458847219e-01 5.673727397254206828e-01 1.153735649424012938e-01 1.823318066448409436e-01 2.403731756118428764e-01 5.221999542133762828e-01 4.076422913406020365e-01 3.380993295337046955e-01 -1.609860596560399315e-01 -2.490393787418142268e-02 -1.117728722560258209e-01 -2.562626739137548459e-01 -7.048020215183214976e-02 -8.116053626406256882e-02 -5.791336459663914277e-02 6.360483993855477192e-02 2.865496601455077563e-01 -2.308987776675898995e-01 -3.642829724031886734e-02 3.286329136404610995e-01 2.422822814177419959e-01 -5.111469760549162966e-02 7.592813350962035468e-02 -1.121415641177208721e-03 -1.244252589615832960e-01 1.577329770765488470e-01 4.377042952310007673e-02 8.247133575248925819e-02 -4.607754854070842537e-02 4.880513097659848476e-03 -2.384790614104793094e-01 -1.692524873509924366e-01 -9.243844285554869700e-02 -2.345559954623218091e-01 -2.204640676595490401e-01 -2.405411416790598222e-01 -8.097880350272194938e-02 -8.594740073983385409e-02 9.460566795360426939e-02 -1.986008397319569407e-01 -4.539951209914368929e-02 2.904898566471232901e-01 8.728871636316716531e-02 2.234895237894214681e-01 1.126993006361324962e-01 4.658391946311645632e-02 -2.478795114788730214e-01 -1.014820109019138050e-01 4.925125582061496421e-01 2.691158465545349585e-02
3.896034728533348535e-01 1.000000000000000000e+00 7.511949289446649969e-01 4.356279010221777437e-01 3.684795689118806616e-01 5.082620011282917849e-01 6.001901003833722825e-01 6.585436657894501167e-01 4.376202059974222403e-01 -2.249590408896222360e-01 -2.957239115827162701e-01 -1.321558634726285042e-01 -1.024069584448797886e-02 1.756294973337790000e-01 6.889736851815611574e-02 4.518983233366372643e-01 2.480893007038600245e-02 5.124605692671765356e-01 2.004757545468615343e-01 3.495377081086613602e-01 1.899686354529638577e-01 -1.049293670300166653e-01 2.648219347045352445e-01 -9.644909148196617599e-02 -1.272104765245117286e-01 -9.285899023734754676e-02 -1.570800509356896080e-01 -2.412421916948704892e-01 5.582207235560594089e-02 1.524715733268160733e-01 -1.814287592658489212e-01 -9.452717481383178522e-02 -6.686530121998485177e-02 2.592629176422195370e-01 2.641817262002795624e-02 1.764906518201824759e-01 -1.267355423569103134e-01 -3.256800817267421766e-02 -1.458262228825250861e-01 2.681748956272442808e-01 1.643468854130568924e-01 6.239010795054174968e-02 3.509292734172283958e-03 -2.013892462530780525e-01 -2.082335116556860433e-01 -3.714572418768590234e-01 -1.452458770462294879e-01 6.837554869784583100e-02 3.866629343963357557e-01 -1.243514335363571192e-02 3.146409725585365136e-01 7.035933266912887118e-01 3.025506423302649073e-01 4.154789058198109508e-01 4.771776577466292357e-01 5.164899620452320095e-01 5.875810323877918018e-01 5.759554672849559465e-01 -1.458904659064770570e-01 -2.048287192670576184e-01 -2.008078193911549403e-01 -9.630448009196092285e-02 1.073165495521703344e-01 1.516484078276814605e-02 1.156285092524575175e-01 -3.998044050282572454e-02 3.730369284538199159e-01 -2.312765866337852805e-02 2.060626969869730485e-01 5.660896366897684162e-01 2.605891931367260161e-01 9.019912582405803861e-04 1.750077481167341686e-01 6.406984180537442231e-02 -1.301437690923213097e-01 -1.493127342751651709e-01 -7.958595081285144146e-02 2.902011708460032133e-02 -1.238806736276512194e-01 -1.963832593440112406e-01 -1.144594470188106811e-01 -2.208216453071813745e-02 -1.013257495738349723e-01 -1.784365313427015709e-01 -3.320499718712734416e-01 -2.194049400773234737e-01 -1.436342268827938140e-01 -1.249745310411151389e-01 2.660667368586415171e-01 -1.883557569809286847e-01 -2.556876923663222237e-02 -1.310343222520667962e-03 5.509766982801650448e-02 -7.942776283133129445e-02 -4.572215924370834350e-03 -2.093575548958362953e-01 -4.298863210229514342e-01 -1.319554115248234571e-01 3.542889826613422888e-01 2.583651647891315427e-03
4.461756027474291231e-01 7.511949289446649969e-01 1.000000000000000000e+00 2.900853580760253680e-01 3.918954609763863894e-01 6.503358327203303535e-01 5.346306101964656277e-01 6.039345617376210562e-01 5.151277680491369582e-01 -2.141163565364606336e-01 -2.707781547233806263e-01 -1.530644308189228753e-01 -3.052477623157847861e-02 1.371110805626297446e-01 7.363238720175421803e-02 3.175218655586461991e-01 1.847697422897719502e-02 4.172957216304299388e-01 1.480327215272527475e-01 2.983827846733431155e-01 1.400675962341551284e-01 -1.222777335518594882e-01 2.061248582455848521e-01 1.667998021480947279e-02 -1.522148512213394034e-01 -1.252410331608954375e-01 -1.625746117072559560e-01 -2.797521122273984862e-01 7.221201183994752082e-02 7.393836628348182671e-02 -2.345821210770953069e-01 -5.366165569432546252e-03 -9.808149839699975558e-02 1.967213580361722725e-01 -1.923301117475308131e-02 1.690864722844062362e-01 -1.825683153820651938e-01 -4.599795960079746532e-02 -1.612662512895582378e-01 2.491585321172989920e-01 1.541014073630660175e-01 -7.027767894859437980e-02 -6.756262654642801457e-02 -2.595945937041919671e-01 -2.165397747885926261e-01 -3.096598943711087459e-01 -7.603747751856047843e-02 5.575254802703993873e-02 4.200653621691620709e-01 -3.817691293588967860e-02 3.283344077715885101e-01 5.690303805053912312e-01 1.047277490556096508e-01 3.526023805438533998e-01 6.127992266826254308e-01 6.226443831060382017e-01 4.474495210894502417e-01 5.823613040430889454e-01 -1.459194327600532304e-01 -1.673868354680601023e-01 -2.465713396057196138e-01 -1.286850561545011817e-01 6.097263295492995339e-02 -2.734560699122166177e-02 4.671816583530226386e-02 -5.909021988539078785e-02 3.154753597098335915e-01 -1.532921762705742874e-01 9.666951658500787248e-02 4.183673477690233455e-01 2.608838829806530146e-01 -1.087259515391791193e-01 9.117255795184059375e-02 2.553267947085342826e-02 -1.109536209693034181e-01 -2.092294400216452022e-01 -1.126491747581342129e-01 -1.612994592482479977e-02 -1.623075667892652507e-01 -1.348864059917702085e-01 -9.173234293531025429e-02 -7.798009444261544063e-03 -1.986828306696841184e-01 -2.172272005485118562e-01 -3.356497524173388536e-01 -2.556665067503087196e-01 -2.033328043322095990e-01 -1.732871915154105824e-01 2.292686620810694964e-01 -1.903561735249368614e-01 -1.316876338927872869e-01 -7.525636648257759409e-02 6.130036235690911398e-03 -2.154350834360239109e-01 -7.764548841222537745e-02 -2.551428096834472692e-01 -3.633012172845519472e-01 -1.766835851473459174e-01 3.746543142240539859e-01 -2.408107237281323018e-02
2.733542043433580537e-01 4.356279010221777437e-01 2.900853580760253680e-01 1.000000000000000000e+00 5.258968105626918854e-01 3.178061805354521763e-01 2.446336158534036798e-01 3.323425884259525454e-01 2.181724998759441148e-01 -1.574191472104571332e-01 -1.789941002003947734e-01 -1.235413641111729882e-01 -1.981422782123408999e-01 -1.323743668948472174e-01 -5.811551201276150824e-02 3.412196558387452505e-01 -2.561193255410987302e-01 1.747411427249917215e-01 -7.971432772134243172e-02 2.051414239226114766e-01 -1.608803097630302492e-01 -2.180585607075716248e-01 -8.356342564812914431e-02 -2.413623976156132611e-01 -1.123977534773028253e-01 -1.335256611289642181e-01 -2.811854678242379779e-01 -2.696819344522539685e-01 -1.933188333934820757e-01 -8.628935436439416629e-02 -2.111410871592537750e-02 4.819321784418714727e-02 2.843656292630010185e-01 5.342501144566336180e-02 -2.458771195317941971e-01 1.823468839539023334e-01 -4.733432307470600980e-02 9.121657268850716371e-02 -3.915827619981739754e-02 -1.850992185646208998e-03 2.007423009824556015e-01 -3.405722876893306494e-02 -1.042459198973304940e-01 7.944384031032239446e-02 -1.589905487510109849e-01 -1.115681906972822574e-01 -1.402331537812715745e-01 -9.897799582924721173e-02 2.269141189804241843e-01 1.410260651744918436e-01 2.715746258693877979e-01 4.677973076698812571e-01 3.168768346930808111e-01 6.626912332681489382e-01 4.303293800366663202e-01 3.239257368498447143e-01 4.745967432437114275e-01 2.680603722257334232e-01 -1.591746848342007747e-01 -1.683518614114505041e-01 -2.236306124295525388e-01 -1.815202330870680780e-01 -4.773564464588112705e-02 -1.178434683945817490e-01 -3.505808817638387392e-02 -1.293354036631653159e-01 3.543123851744117703e-01 -2.412338806889714748e-01 -3.887410076390334507e-02 2.244706207813129684e-01 -4.623728967573231124e-02 -2.200766528877622363e-01 -1.324658235706531739e-01 -4.719925083668209675e-02 -2.724365095831841055e-01 -1.435335204670561415e-01 -1.741470725267418029e-01 -1.525379361934679212e-01 3.968549022410652882e-02 -1.065840290832834047e-02 -1.412694621043193710e-01 8.757803597221379410e-02 3.660360824639335292e-02 -1.486305720491949700e-01 -2.009481933113557439e-01 -6.586180126863830364e-02 -4.782922781692807053e-03 -1.284180761864105735e-01 2.183874500697944310e-01 -2.165348166972549601e-02 1.148587391684218334e-01 6.825250271760389086e-03 1.213362232238254183e-03 4.044531274125474571e-03 -1.300638029442730825e-01 5.284081273716963525e-03 -6.734240490574849858e-02 -8.130809496191587771e-02 3.139034652282883808e-01 1.814825843328859434e-01
1.450822866653551368e-01 3.684795689118806616e-01 3.918954609763863894e-01 5.258968105626918854e-01 1.000000000000000000e+00 5.830903460513251479e-01 1.914138880106002472e-01 4.265049518159210740e-01 4.820193710561470057e-01 -2.604990173191257079e-03 -1.648347448513786673e-01 -2.043762467310988040e-01 -2.205262816163661155e-01 -1.717833456319638463e-01 -9.740669730214952804e-02 2.227672678525215166e-01 -1.764542437212812120e-01 1.354102721243312935e-01 -1.122757929368324303e-01 1.952922098283943475e-01 -5.437318168536359186e-02 -2.954382772416746517e-01 -1.574936944750239820e-01 -5.934344463244765888e-02 -2.397994748001169296e-01 -1.890773716539228821e-01 -3.171152235923200835e-01 -2.442020859541711164e-01 -9.724712271128400920e-03 -1.718200214366437384e-01 -3.197450975237242643e-01 -5.995051689151504465e-02 4.540523362240347915e-02 2.468463583066617464e-02 -3.332182373734708936e-01 2.266229772089961014e-01 -4.167422462620421625e-02 -1.702373656447705441e-01 -1.111953068248264231e-01 3.101143130502755779e-02 1.337236543083188955e-01 -1.963995178038708822e-01 -2.407115521460076180e-01 -4.981503291302136205e-02 -1.965630129810617965e-01 -1.956784107702920217e-01 -1.803798479881325856e-01 -1.876495225634000896e-01 2.745642005153844933e-01 6.757789194251162534e-02 1.443133750408011617e-01 2.428209648930015341e-01 2.824282120347081371e-01 5.393751099848120845e-01 6.998112068974157163e-01 4.494098499325432927e-01 3.865494775743325562e-01 4.716894520359165011e-01 -7.695503492395808220e-02 -1.501097440147512174e-01 -2.360743727936114589e-01 -1.562302050971222100e-01 -3.797216900122492994e-02 -1.912146486595210360e-01 -1.244888833262952632e-01 -1.704397616058657972e-01 3.213187979188106835e-01 -2.823067057525912582e-01 -1.311884971213745366e-01 1.738781695205236788e-01 9.505310036719442912e-02 -3.510740419528615153e-01 -1.980318978420433362e-01 -4.722154005353538381e-02 -1.580826725243767161e-01 -2.859070031239284715e-01 -4.973258898165713870e-02 -2.021269964456877954e-01 -1.871064806470251751e-01 -8.935473725038543813e-02 -7.427018491138280554e-02 1.015007203295195670e-01 -5.949399564949876817e-02 -2.266791449801806857e-01 -2.438430150966067744e-01 -1.833610029008413966e-01 -8.291898635170096010e-02 -2.074969962422998915e-01 2.675296814769333453e-01 -2.572668307183779892e-03 4.697728410326438425e-02 -2.213541308609635883e-01 1.744933640704713143e-02 -2.480248267672068296e-01 -2.571787692169168471e-01 -1.888371976749511350e-01 -1.240541525534126499e-01 -1.573857425510310215e-01 3.760693215080306295e-01 1.052966808178465302e-01
4.163882413779479430e-01 5.082620011282917849e-01 6.503358327203303535e-01 3.178061805354521763e-01 5.830903460513251479e-01 1.000000000000000000e+00 4.738752303413036882e-01 6.043694266059845832e-01 7.108924734169180804e-01 1.243296825681771134e-01 4.685473273551453086e-03 -3.562531481312037479e-02 -2.123451577757843808e-02 1.369289511950497751e-01 1.080378343705014899e-01 3.673305903537086303e-01 7.674634179034926784e-02 3.594218852303258105e-01 1.507771139755018086e-01 3.229531354756999262e-01 1.530115529046901235e-01 -1.023505614645909279e-01 1.003755895770055001e-01 1.482173999554304428e-02 -7.525796469764942619e-03 -4.474490041846942989e-02 -2.044142920733650337e-01 -2.370790729532878949e-01 1.967388257784415950e-01 -1.308513691846357498e-02 -3.222526948295397209e-01 3.632919518102700057e-02 -5.430259424052456124e-02 1.699136845220448888e-01 -2.575672144419196077e-02 2.878732513225661371e-01 -3.455307947345277741e-02 -6.902905268547245010e-02 -5.745134986596477783e-02 3.207513179206961662e-01 2.304671279628852654e-01 -2.766200374378146448e-02 -1.212682892669962077e-02 -6.364355585569060614e-02 -1.437879125505718281e-01 -3.099774083451899420e-01 -9.736010603101424854e-02 -1.911576259905545597e-02 5.503993427847603259e-01 1.249678735851759009e-01 2.787258968974421491e-01 4.218940140835793495e-01 2.176387824328892551e-01 3.368577777107426563e-01 7.277084447770703068e-01 7.553813519599916759e-01 4.885879422144189799e-01 6.220623377423679656e-01 6.701506067898599373e-02 5.525204895487253326e-02 -7.693714769593014424e-02 -8.495884507066499280e-02 6.209122578477811738e-02 -3.939194185988417057e-02 2.473573338224641788e-02 3.384296376828784675e-02 4.361664641991899183e-01 -1.312415698566640754e-01 -2.197615705105421258e-02 3.595623275889869852e-01 2.887269752699269665e-01 -1.308464902288898335e-01 -2.159698901198772725e-02 6.291949241845126717e-02 -3.895112178154817167e-02 -6.302828543852143084e-02 7.310939684375644676e-02 -1.724237686761634358e-02 -1.984961598670829108e-01 -1.164887128756830897e-01 -9.992525028749048299e-02 4.412296421302667332e-02 -7.964874731695532895e-02 -1.685447840344065085e-01 -3.519393876552603939e-01 -2.723116126472568954e-01 -3.248608737191144985e-02 -1.752114199919059534e-01 3.421058578859840216e-01 -8.591334693381262599e-02 -4.168203057462462058e-02 -1.164310466344273438e-02 1.330457098564193918e-01 -8.331190497472013012e-02 -5.056408656129365853e-02 -1.480561357765969310e-01 -3.512825301052161509e-01 -2.073385399274310648e-01 5.915445217059949190e-01 1.085875036641026498e-01
4.110603366604022590e-01 6.001901003833722825e-01 5.346306101964656277e-01 2.446336158534036798e-01 1.914138880106002472e-01 4.738752303413036882e-01 1.000000000000000000e+00 7.374742626181846061e-01 4.451637704204001733e-01 -7.156061548550786411e-02 -1.296245537209614884e-01 -5.881092884563791923e-02 6.094923023967212250e-02 2.985285839932195762e-01 2.066505920758615056e-01 5.906837635133802555e-01 1.906080912511070313e-01 6.315126048556406468e-01 3.672756582670507752e-01 4.462162334886660142e-01 3.791037958398317809e-01 5.627523217619683632e-02 4.275943350362425011e-01 -5.213373123759005440e-02 9.222634248189209155e-03 7.371141293774532803e-03 1.706105505163149974e-02 -7.917241820817666476e-02 2.465285375565715031e-01 2.319511633982846710e-01 -6.123686501559108541e-02 -1.400415396090478604e-01 -1.846922057993259994e-02 2.286595931179713770e-01 2.380929376218596238e-01 1.486101945554371417e-01 -6.413464603833181343e-02 2.922234478641752217e-03 -9.825059722213537461e-02 3.925326100653488415e-01 2.304346830700980953e-01 1.628069971130349791e-01 1.412135818667549225e-01 -2.404055621907623744e-02 -1.415878760276211845e-01 -2.559148440494529719e-01 -3.559126375637413492e-02 1.635929565437211908e-01 3.384137735635505684e-01 9.377707443705285417e-02 2.295132811755326296e-01 5.109368951400402592e-01 3.519972139410099676e-01 2.188870582727188152e-01 3.080713151459800736e-01 4.414715479362614214e-01 6.469173605325616583e-01 5.554180004956620342e-01 -9.724251468771162588e-02 -1.038953298200272352e-01 -9.995734260246995351e-02 -1.261220485428931060e-01 4.594968012161615434e-02 1.148600804865747421e-01 1.920710320422705786e-01 1.459966860305708380e-01 4.660679508613413402e-01 1.454951150700006524e-01 1.838343930640480295e-01 6.262398713599116595e-01 4.544892632730413995e-01 1.323523750513979635e-01 3.458511844596225404e-01 8.036845603223530254e-02 -6.636870339881568992e-02 3.876024771579719003e-03 1.028172936052303699e-01 2.130642249978609293e-01 -3.140843583650751447e-02 -2.482086888968401128e-01 -2.102030212913038321e-01 -1.715981676143445434e-01 -3.407280655543222514e-02 -1.461722707758204287e-01 -2.321222436371348785e-01 -2.719956684556125159e-01 -8.764188244740413192e-02 2.627372758690801197e-02 2.207030032252804697e-01 -2.575072604857096548e-01 -6.827161431719390439e-02 3.027234613967249785e-02 4.346174095995481573e-02 5.523579592109368469e-02 1.026137668303078176e-01 -1.453918597548814647e-02 -3.800461399934082496e-01 -5.949838238839416649e-02 3.323702284592878198e-01 8.363152162389614341e-03
3.998005992774038009e-01 6.585436657894501167e-01 6.039345617376210562e-01 3.323425884259525454e-01 4.265049518159210740e-01 6.043694266059845832e-01 7.374742626181846061e-01 1.000000000000000000e+00 6.580837340164471527e-01 -6.953615889988244703e-02 -2.151556493586664065e-01 -1.498027153419467516e-01 1.095168412257530033e-01 3.264410956044791479e-01 2.045293353539571757e-01 6.158065517937272304e-01 2.828647416955204497e-01 6.709517059038582198e-01 4.131563873929656738e-01 4.302943745053608438e-01 4.148518525313569238e-01 3.783333465868036344e-02 3.956184660582959811e-01 -9.287967186399952169e-02 -8.208418236838947724e-02 -1.135759290574617220e-01 -3.789395524459700931e-02 -1.236241311151171779e-01 2.722845238755833841e-01 2.130313885566154919e-01 -2.331726184692475279e-01 -1.359742281886315574e-01 -7.072081873046778822e-02 3.473824615141146155e-01 1.483459267885669508e-01 1.646699932058907911e-01 1.571766135402068859e-02 -8.382036944666404477e-02 -1.511324061450280976e-01 2.838288105638287484e-01 2.694911100294311579e-01 6.721801360574859718e-02 4.522190133118933475e-02 -9.861447794614637552e-02 -2.072023335387766230e-01 -2.782297447225256515e-01 -1.386935038823273493e-02 1.359232092590167695e-01 3.799948102393763683e-01 1.361961265758283302e-01 2.809635402611401767e-01 5.647762598811036927e-01 3.777428875196113811e-01 3.300924578504706441e-01 5.256755988234587118e-01 5.405752945210446914e-01 7.544287415579519207e-01 7.004226358438174760e-01 -1.250545706372380994e-01 -1.603342864689931424e-01 -1.760857953577408264e-01 -9.094894828718007307e-02 9.309497895424787006e-02 1.337656025618984279e-01 1.651219434091414362e-01 1.141847526532406704e-01 4.506211052251006821e-01 1.100470275673078591e-01 1.788625915330486760e-01 6.577857996503199134e-01 4.233257369997185382e-01 3.833593203065874602e-03 2.560480922809484916e-01 -1.641873128017674183e-02 -1.365672655231875143e-01 -1.476984607798116356e-01 7.656413054170174703e-02 1.517768896591513150e-01 -1.394146306506075239e-01 -2.895876223934606419e-01 -1.820717976930261994e-01 -5.814379398475427729e-02 -5.321197603400725645e-02 -2.415593908231730702e-01 -3.312039424743966620e-01 -2.701288021676341855e-01 -3.389825388362560643e-02 -3.457093346094738257e-02 2.592943130860911327e-01 -1.608403504800707540e-01 -6.541071139234691523e-02 -2.653901213274289378e-02 5.056315883914993398e-02 -6.705714550601563073e-02 -2.532138386582956369e-02 -1.327756625791581269e-01 -4.063356417907595386e-01 -1.020987566296550492e-01 3.611821117827314076e-01 8.426780553980313393e-02
3.393121567128306593e-01 4.376202059974222403e-01 5.151277680491369582e-01 2.181724998759441148e-01 4.820193710561470057e-01 7.108924734169180804e-01 4.451637704204001733e-01 6.580837340164471527e-01 1.000000000000000000e+00 8.142016536588952969e-02 -2.552475419306560536e-02 -5.252368933592563294e-02 6.729363068095932376e-02 3.345069126139930127e-01 2.942123537727059923e-01 4.178674173567780148e-01 3.234291190703176277e-01 4.535484307295776230e-01 3.663496463997194530e-01 4.538496937025138789e-01 3.706478841878314001e-01 -3.145160274849041065e-02 2.475186421633301381e-01 6.060033877387874246e-02 -2.107101698009106877e-02 -4.307519053134570286e-02 -1.246863352653357349e-01 -1.267928490293636079e-01 4.093293147710098112e-01 1.034287363575150526e-01 -4.074866688026058115e-01 -1.553740653013582773e-02 -1.080572818506673471e-01 4.055480962939091993e-01 2.898407248374552676e-03 2.628047209940649331e-01 1.739513368599962528e-01 -6.998254868815269314e-02 -3.920285965732967642e-02 3.047913748835253123e-01 3.578758852364729570e-01 1.015649355302226595e-02 -3.158416721447256104e-02 -4.690633357232197598e-02 -7.764938783243795217e-02 -2.167432414155149312e-01 -1.804153971724939409e-02 4.824332379344246913e-02 5.263070361421889887e-01 3.142320325973390616e-01 2.455182730500249932e-01 4.027062520329526274e-01 2.413901404841239662e-01 2.194045871994058927e-01 5.986064366344563403e-01 6.389757793570383093e-01 4.970092089108319455e-01 6.271479339950116749e-01 1.364460970049199973e-02 3.345052317052377849e-02 -7.350244724386588435e-02 -3.918898792643771278e-02 1.080927954186760576e-01 7.672138942293105224e-02 1.444603033612079368e-01 1.888054150432793288e-01 4.316933190396888831e-01 -4.407188755110523731e-04 8.361310002629020188e-02 4.246964559832782093e-01 4.424938482612608137e-01 -1.384187588248676493e-01 6.000816069106811729e-02 2.291165898831482028e-02 1.704517874869729624e-02 -8.888223821803073466e-02 2.205457806041995761e-01 3.929966917155770095e-02 -3.106687850090314451e-01 -1.952348597321070245e-01 -7.147728995979116262e-02 1.319129012475004081e-01 -1.075006476668190075e-01 -1.883444838749578354e-01 -3.176868494997993064e-01 -2.679437050454848146e-01 1.561424745338273190e-01 -1.136358863277589643e-01 4.032230070672040978e-01 2.418891333388155720e-02 -9.043705904862428882e-03 -2.448197204889866752e-02 1.241435147361611147e-01 -8.907953930159870359e-02 -1.295993385084861782e-01 -1.794634217225933581e-01 -2.886014882480230082e-01 -1.901569016480300078e-01 4.908104654582969850e-01 2.618392620077500954e-01
-9.254991885294654164e-03 -2.249590408896222360e-01 -2.141163565364606336e-01 -1.574191472104571332e-01 -2.604990173191257079e-03 1.243296825681771134e-01 -7.156061548550786411e-02 -6.953615889988244703e-02 8.142016536588952969e-02 1.000000000000000000e+00 5.701303250570195491e-01 4.452630243140384136e-01 1.458771245795736082e-01 8.541732926665820957e-02 1.068033142883060838e-01 3.663009982964365169e-02 1.505750213165603091e-01 -6.609288451776844375e-02 1.112073944800344300e-01 2.342783088406950182e-02 4.784232779934384505e-02 1.587469745760238804e-01 -2.020706380916476030e-02 2.781666678066559428e-01 5.889176519669183651e-01 3.200111166968061527e-01 -7.573659495668998154e-02 4.919123646415784340e-02 2.555950157944559820e-01 -1.185626775989216813e-01 -4.969126195289939874e-02 8.620512281876190064e-02 3.118659183132845708e-02 7.051879682749387368e-02 1.993621638738834745e-01 1.498481457175555309e-01 1.798878719259263126e-01 1.605670196617438039e-01 3.286974869532331422e-01 2.800131984860037559e-01 5.496729508684156801e-02 2.448236490600184112e-01 2.547557398078223456e-01 2.947680869611679078e-01 1.678811656779811978e-01 -1.979152078564298534e-01 -4.152966605352964580e-02 2.622982777823938683e-02 1.168102106138668855e-01 1.099277166288855218e-01 -8.547475099342903559e-02 -1.560985018048249018e-01 -2.543528698500409357e-02 -2.389942950438846692e-01 -9.185680599208169428e-02 6.728259032880125334e-02 -1.095682160540226435e-01 -1.401518554597382393e-01 5.003519667715718988e-01 5.317599585107889437e-01 5.086060201721512852e-01 8.650369227754420298e-02 -3.339438328256809363e-02 -4.317450458561121474e-02 -5.791218362173358725e-02 1.017692314636982898e-01 -3.944600584245010200e-02 7.162119724610947757e-02 -8.026211061608577724e-03 -1.120893624716085557e-01 9.039225479052439768e-03 1.137949666043853447e-01 -1.149178291648584732e-01 2.002397794587319757e-01 2.636534753871350722e-01 4.862549000475968053e-01 3.055844675380154918e-01 1.129473059875682889e-01 -4.472801446393496333e-02 -5.711728871933244300e-02 1.182924048663264033e-01 8.716998237095718860e-02 2.423836654119282397e-01 1.233815254568139813e-01 -1.520260043636924574e-01 -1.455313358814473990e-01 2.261499921471355201e-01 -2.736614328603490659e-02 8.954985361337199079e-02 9.194364373481941910e-02 5.243303754096642622e-02 2.667116092698685326e-01 3.667042924375544244e-01 3.320727156864125007e-01 3.196660717354187220e-01 1.307084308758477420e-01 -1.829817595171500666e-01 -1.181308048220256757e-01 1.585382448896460461e-01 5.361065426574428139e-02
-4.636604371102653194e-02 -2.957239115827162701e-01 -2.707781547233806263e-01 -1.789941002003947734e-01 -1.648347448513786673e-01 4.685473273551453086e-03 -1.296245537209614884e-01 -2.151556493586664065e-01 -2.552475419306560536e-02 5.701303250570195491e-01 1.000000000000000000e+00 6.714613650775745901e-01 1.456722666482482831e-01 1.577902983314403151e-01 2.703483326832383793e-01 -7.352211893029726719e-02 4.119926732924315133e-02 -1.614818789804397525e-01 5.929926309243056110e-02 -4.982763067785104388e-02 6.527369416595840690e-02 7.690681216905424777e-02 -2.084177130779757761e-02 2.407771636375060920e-01 4.785402945391254437e-01 5.536459112149851869e-01 -2.069044596890745602e-02 2.038622226931626480e-01 2.789789387906608797e-01 -1.849036836552652927e-02 -7.252685689013496639e-02 1.428760926735216097e-01 -3.704383778619769335e-02 -2.445051045060218572e-02 6.725211676002701422e-02 1.083205864172537836e-01 2.753743256068832412e-01 1.812652296985718392e-01 4.048879250212389924e-01 1.839930085207854560e-01 -3.146388891347115524e-02 2.597487366460773939e-01 2.929438414493067411e-01 3.402470494370907206e-01 2.477055128896194502e-01 1.790024193790550749e-02 1.295642735444562169e-02 1.262786314197995342e-02 9.118885586761416029e-02 1.414617846050423566e-01 -9.293765531891635956e-02 -1.577252185127709927e-01 -4.059005819474507948e-02 -2.238790505474654025e-01 -1.571728319408869645e-01 1.369562935437280103e-02 -1.692931345377932384e-01 -1.517445850510082406e-01 5.250641534551886425e-01 7.259830741927579822e-01 6.539514111597615198e-01 1.816394303838767543e-01 7.870752116337007692e-03 1.051030163498180292e-01 6.649495292982729455e-02 3.380593003743743719e-01 -7.227502725297024755e-02 1.130300543147860354e-01 -4.346994744141041006e-02 -1.706115455071601783e-01 3.564447554165411924e-02 1.267885164790406860e-01 -9.751999382952036832e-02 1.523916193401747554e-01 2.256413359725229217e-01 5.676482517496035385e-01 4.067869849373125790e-01 1.439920385428850869e-01 -2.271984962140096223e-02 1.475464398182380898e-01 6.366019916550987034e-02 4.046609209082220604e-02 2.020614135407255707e-01 2.554111938828526607e-01 1.213552994139584923e-02 -5.207269548276861199e-02 3.084227598930267544e-01 6.044184533628851885e-02 3.813689915866703972e-02 1.480084299851333884e-01 5.684161259833320212e-02 2.776847982155373762e-01 3.370546394164243287e-01 3.499362088249671765e-01 3.466836029812276898e-01 2.164980415020566484e-01 2.822747981192888847e-02 -6.100140001725412597e-02 1.731935424075169982e-01 1.019951049723986508e-01
1.932888941308310779e-02 -1.321558634726285042e-01 -1.530644308189228753e-01 -1.235413641111729882e-01 -2.043762467310988040e-01 -3.562531481312037479e-02 -5.881092884563791923e-02 -1.498027153419467516e-01 -5.252368933592563294e-02 4.452630243140384136e-01 6.714613650775745901e-01 1.000000000000000000e+00 2.026389572734154376e-01 2.232734435479719060e-01 2.580929035754960243e-01 2.467476976825706131e-02 1.043084770154355939e-01 -1.055909662348514244e-01 1.819320901448491790e-01 -8.329737550508045651e-02 1.092572514458639288e-01 6.165395985419054592e-02 8.002658196060642715e-02 2.678676651227841488e-01 4.722241910660827102e-01 6.250701363217245898e-01 -1.020640496982215019e-02 1.287477298286848204e-01 2.368082240005707773e-01 6.953529344014999780e-02 -6.569511260193268420e-02 1.521738446137025635e-01 -4.592570327612953418e-02 2.806144697930893980e-02 3.636921147289662315e-02 4.857159890491211801e-03 1.290149607773376506e-01 2.837194495790661963e-01 4.523040426271477954e-01 2.437240383203633787e-01 -4.912682024072197867e-02 2.290750331299517828e-01 2.747182280331039728e-01 3.573772880801071583e-01 1.852992079277319126e-01 -1.892612826130711046e-03 -5.431046487484022384e-02 7.429089157002222166e-02 1.417720295121345231e-01 8.178339653904320716e-02 -1.936440253329338446e-02 -4.278276118322721366e-02 -9.841232063355628140e-03 -1.387304864307826180e-01 -1.851023547707860706e-01 5.442157228706584471e-03 -9.413500894284679288e-02 -1.560180188601573148e-01 3.235016793640548838e-01 6.043174133451911789e-01 6.091977273373986312e-01 1.352653971319201509e-01 -7.476374345907153829e-02 1.192875274024923250e-02 -2.335062524321987465e-03 2.834059655556163126e-01 -1.298114430946535891e-01 7.602124820539113426e-02 1.296045475213100998e-02 -1.109454573084379947e-01 2.577596304681287545e-02 7.851980426050736428e-02 -5.511572544801035534e-02 5.510219884567855997e-02 1.687695479241052288e-01 5.134447513510309591e-01 3.282646192326017509e-01 1.879894832071157540e-01 -6.399572549469823880e-03 1.549177606458828071e-01 -8.264263534611963891e-02 -4.585800459782771871e-02 1.509648565526571784e-01 1.257627047397155418e-01 -8.303566307948430369e-02 -1.936489084844470743e-01 1.935099037442213343e-01 3.077085134092155325e-02 -8.888694595696360057e-02 2.045560816580618314e-03 2.261002467952548042e-02 2.231662088937070021e-01 2.922833301272115269e-01 2.261141154956402277e-01 2.912122486740070237e-01 1.508985880200890972e-01 -5.698256743480333703e-02 -1.120073048985310571e-01 2.029815383198114442e-01 2.332109517737109700e-02
-4.701971299597293430e-02 -1.024069584448797886e-02 -3.052477623157847861e-02 -1.981422782123408999e-01 -2.205262816163661155e-01 -2.123451577757843808e-02 6.094923023967212250e-02 1.095168412257530033e-01 6.729363068095932376e-02 1.458771245795736082e-01 1.456722666482482831e-01 2.026389572734154376e-01 1.000000000000000000e+00 3.227883217118640569e-01 1.586043638275741741e-01 9.386248316921824708e-02 5.361523637576077750e-01 5.368008512557775197e-02 3.025269148464646007e-01 -9.570444274158996720e-03 8.102377821257836232e-02 4.289459023136157900e-01 2.311190709003246024e-01 2.527179037936639894e-01 7.372125687101141467e-02 1.088052755545421552e-01 2.602285949503483908e-01 2.245304781958548657e-01 1.805998919491164090e-01 2.211550497478100841e-01 -6.744016119161416745e-02 -7.492418065844687336e-02 -1.665879711888907100e-01 2.625356485761463632e-01 3.827480882175419707e-01 7.560269443359848504e-03 2.978400143981597692e-01 1.869907366352815958e-02 1.999665874937357479e-01 2.665443595479606298e-01 2.104299819217532730e-01 1.574056332468996566e-01 2.545732866368103919e-01 -1.371214437798239441e-02 2.411808631782498547e-01 6.534595699568505889e-02 2.755295630882702573e-01 3.006513264190378565e-01 -5.098885310961412398e-02 2.173319644147187757e-01 -1.428884134057513411e-01 -2.398890458315205976e-02 -5.184038523005968929e-02 -2.908889334432792628e-01 -1.297003148588296295e-01 -6.576320754534092927e-02 5.252633078082255547e-03 1.085031808416999852e-02 9.229433433805342424e-02 2.193111837036304523e-01 2.664265163982224016e-01 6.669945329046388371e-01 2.799737283781301156e-01 2.692322499257845947e-01 4.318167070958268267e-02 1.328496573408964321e-01 -6.417439473499376469e-03 2.967018484073424278e-01 1.693672369578060610e-01 -3.416127849123368893e-02 -6.440051200337695847e-02 3.538368312730889587e-01 6.656887438200720375e-02 1.791255638378770887e-01 1.447877986182456445e-01 2.524619408145998764e-02 6.370443120220554978e-02 3.445696087554448450e-01 -4.496239195777847197e-02 -1.573989274826551876e-01 2.055499265819542565e-01 2.178680340844791341e-01 1.082218770301813793e-01 1.863409610605300248e-01 3.367817833559502705e-02 7.339907009668041049e-02 2.315043404646207337e-01 2.179336467101490871e-01 2.958498389151340002e-02 2.888275967655231646e-01 1.076795556982527817e-02 8.563928427532398191e-02 1.530604790568085849e-01 1.694143111534423402e-02 1.171063830343641587e-01 1.265797754156683386e-01 2.046240835171923150e-02 6.938475571824360977e-02 -8.509182677340890177e-02 1.773657437547727644e-01
1.645420314377480098e-01 1.756294973337790000e-01 1.371110805626297446e-01 -1.323743668948472174e-01 -1.717833456319638463e-01 1.369289511950497751e-01 2.985285839932195762e-01 3.264410956044791479e-01 3.345069126139930127e-01 8.541732926665820957e-02 1.577902983314403151e-01 2.232734435479719060e-01 3.227883217118640569e-01 1.000000000000000000e+00 6.231593943804603075e-01 3.390368468439109995e-01 5.563091469491107111e-01 4.090129619168622055e-01 7.643283119819825888e-01 3.081493953092577232e-01 6.301098490377678996e-01 3.761342649868523180e-01 7.232431997666410872e-01 1.185974381023807700e-01 1.893121887820100879e-01 1.303284420596080295e-01 4.039837969328754497e-01 2.289399969997868989e-01 5.774177933045769873e-01 5.310897802435330384e-01 -3.121354458773872506e-02 1.708870887007471473e-02 -3.888663344403817806e-02 4.200270735981175285e-01 4.545939214581206089e-01 2.787854320372541717e-02 2.300491514763952361e-01 1.237879081462951308e-01 1.243601705023097692e-01 2.714287310627032102e-01 2.076481321323627172e-01 2.816833742684841657e-01 2.511027756839885883e-01 6.139445660437660435e-02 4.010039635233160482e-02 1.386974577660226304e-01 4.522731758797076118e-01 5.395417272248250740e-01 2.138588455283929879e-01 2.148664377844876350e-01 7.083142871433878440e-02 1.500872339009486078e-01 1.299090262216524294e-01 -1.543026079588473987e-01 -2.119624238435772329e-02 9.667476237989153232e-02 1.773851090702465161e-01 2.074143845674470965e-01 3.275941229843504915e-02 8.849692159611155517e-02 1.662317474019967822e-01 -2.145457280215982629e-02 2.384428725540752581e-01 4.375551626334002742e-01 4.600094366097217669e-01 5.793154049939682748e-01 -5.182281165493728831e-02 2.102075768370472719e-01 2.155826529186513629e-01 3.450322097970662250e-01 4.748054775266024041e-01 1.574611387528841999e-01 4.335576449135528088e-01 -1.137557323525961589e-01 -1.262901601238215765e-01 9.064040616907080572e-02 4.528418052235098079e-01 4.958688905856567519e-01 1.066857654613283420e-02 -1.886865618518021592e-01 -1.364124257089517622e-01 -5.331139690943514226e-02 1.236403697073262392e-01 -9.873895988661363088e-02 -2.418123304060526210e-02 -6.438963532388475297e-02 2.655035789344094566e-01 2.708494798805822223e-01 3.336653872279270183e-02 -1.021875319394029147e-01 -5.953949570592483725e-02 1.061346203870323773e-01 8.870271289033553053e-02 1.677408129566281547e-01 1.296776428017601679e-01 8.851016548395755634e-02 -9.105137178975761247e-02 2.035943833578960915e-01 7.405543483448703834e-02 9.422806231370690899e-02
1.187986539883073428e-01 6.889736851815611574e-02 7.363238720175421803e-02 -5.811551201276150824e-02 -9.740669730214952804e-02 1.080378343705014899e-01 2.066505920758615056e-01 2.045293353539571757e-01 2.942123537727059923e-01 1.068033142883060838e-01 2.703483326832383793e-01 2.580929035754960243e-01 1.586043638275741741e-01 6.231593943804603075e-01 1.000000000000000000e+00 1.923540310789544350e-01 2.555820619956672979e-01 2.896284787861027055e-01 4.393402304253093416e-01 2.487478073754692820e-01 5.055355550164323253e-01 1.894104148743865901e-01 5.224166231680310579e-01 7.568936404147041941e-02 1.157146466811263957e-01 1.594740604136087037e-01 2.046162784944137725e-01 3.702393600759199543e-01 6.014933838217778606e-01 6.274582891254614214e-01 6.240220501355937116e-02 -5.268531496523560370e-02 6.016631505581183231e-02 2.464936008593349992e-01 2.079028965481165836e-01 -2.423820340169914253e-02 2.404496033152370427e-01 7.038331570877391641e-02 1.093780276939961410e-01 1.569963162488800523e-01 3.727778272036978702e-02 2.952046935697441588e-01 1.013497817481732177e-01 1.265983952742908425e-01 -2.817111295325610068e-02 9.698646553151003824e-02 2.063615384944968434e-01 3.242976850614694428e-01 1.270381509724686775e-01 1.128422236236491655e-01 1.961528343598379839e-02 6.405407970017229502e-02 1.155179431473279950e-01 -1.252957477673242448e-01 1.376703256097484840e-02 7.533820237817644150e-02 1.015134176961016294e-01 9.718600399673195389e-02 9.288146663439769690e-02 1.592138907150861815e-01 1.938043353152288650e-01 -4.521631904211140252e-02 3.241498178277303355e-01 4.267256044096675027e-01 6.067233355975726328e-01 8.169187249004363771e-01 -9.853284505144080385e-02 1.300212529789218086e-01 9.538539924621522448e-02 2.693082507818627680e-01 5.334811441712747904e-01 2.484382229466880823e-02 3.611145147215064632e-01 -1.733294260227868644e-01 -1.566381920259750371e-01 9.597290007011091695e-02 5.831465968401027267e-01 4.997258320603885084e-01 1.261107905270691387e-01 -1.407831674808864286e-01 -2.536628296654780956e-01 -1.495504951703134355e-01 6.772727979858617076e-02 -1.436412050370959592e-01 -2.933739116066874306e-02 -6.344071638002782287e-02 2.323980121514647723e-01 2.668207634589990773e-01 -5.104762139252769920e-02 -2.362732005840008642e-01 -5.636807014444142339e-02 3.045309571632621656e-02 6.061277430620546497e-02 1.688943508430840734e-01 -3.260622946670131694e-02 1.085794835756277166e-01 -1.181871860987675910e-01 1.688319321506101534e-01 1.021165065483852913e-01 -1.738737501999581408e-02
