1.000000000000000000e+00 2.700872696375315463e-01 5.600727702310617229e-01 -1.925514793950599268e-01 1.995689535297334172e-01 3.269078818920587159e-01 2.731166827185392276e-01 2.150716248197200586e-01 1.419510784506101408e-01 -8.333294094897532311e-02 1.588187186456433420e-01 1.084551198086546042e-01 6.994474615550794194e-02 -2.230893478247454598e-01 -1.151163730486405717e-01 1.992052681262516389e-01 -1.186465740991411548e-02 1.472980564291511557e-02 -1.837889672486567594e-01 8.862090249837162315e-02 -1.166600904850518816e-01 -2.190552011785854361e-02 -2.164564221312783865e-01 6.057908803866713515e-02 3.909206571763467752e-01 1.243968166148048532e-01 -8.521635624099656303e-02 -6.380093387143370709e-02 2.029255039774993941e-01 -2.673599095218792687e-01 -1.602819835367658152e-01 -9.646927736613354620e-02 -2.765013778172886183e-01 7.609902174015938103e-02 -3.626776979589863698e-02 4.153660304519449925e-02 -1.616829072617358420e-01 1.417551635579312151e-02 -3.998335829404138786e-01 3.051637697066172938e-02 5.150942007210461762e-03 9.825320290721170635e-02 -6.838502310613807367e-02 -1.199303191249331824e-01 7.250735793733155063e-03 -1.614458664707009994e-01 -2.646660630059715080e-01 -1.477176478080746980e-01 4.214170190364791013e-01 1.573144711700769083e-01 4.667905280664312873e-01 2.868419870392912019e-01 -2.535300263985243996e-01 -1.979250508818328202e-01 2.760164660622395627e-01 2.559879048549763003e-01 3.562545439799721381e-01 1.755629092917128653e-01 3.569417632243535726e-02 2.517680933011671729e-01 1.264387619972156818e-01 8.377480367668505012e-02 -2.248800888558745437e-02 -1.672490092573172826e-01 -1.393644416147979959e-01 -1.295366468473559962e-01 2.962770242295196810e-01 -2.741408564280824536e-02 1.576855392986225568e-01 1.179402543020671018e-01 1.150177725378069143e-01 1.006808404664260997e-01 -5.388200818017823551e-02 8.785083401119787860e-02 6.298105757018760201e-03 3.172505720147305031e-01 2.177927711086916074e-01 -2.020866856992963867e-01 -5.871739840041798747e-02 -7.463492000739080368e-02 1.922710004249735816e-01 2.431500312285254095e-01 1.026722043757682112e-01 9.485066627222929481e-02 1.107401635518523615e-02 -1.163022634195975819e-01 -9.133593019294830584e-02 9.617668571261356325e-02 2.236340091863178170e-01 1.838148765746402680e-01 -1.935752607657334756e-01 8.437119172526552635e-02 -2.526847902346490149e-01 1.490616498004368462e-01 1.033851451065805893e-01 -1.247323393801274410e-01 -1.071310923327905285e-01 -4.627794357518719842e-02 3.170926447733373177e-01 2.108392673784981464e-01
2.700872696375315463e-01 1.000000000000000000e+00 4.558314314449952720e-01 3.259245215405296991e-01 6.171023954201318995e-01 3.783094333302163825e-01 3.379720198362582417e-01 6.011660916883616590e-01 3.335804995463927947e-01 -8.455276963037926252e-02 -6.423100294576190861e-02 -6.337148763714203770e-02 6.696938933618210021e-03 -1.008093381022910767e-01 -1.184734899138501496e-01 4.062120337828061811e-01 8.383734648002684475e-02 2.374568853014663306e-01 -6.187271035741241654e-02 4.176201528455470401e-03 1.017476157957424437e-01 -6.865214028135910307e-02 -7.872241092160443821e-02 -2.626542624048981700e-02 -2.004553294463506941e-02 -9.194039472292751813e-02 -4.352262079288247293e-02 -1.146235212293861966e-01 3.289056285431688625e-02 -1.375682054923894060e-01 -1.786583665573752144e-01 -1.996511992859761053e-01 -1.746567339759667048e-01 2.988477131159716568e-02 -8.025401917823010711e-02 -1.385737008242711732e-01 -2.239408168366982185e-02 -2.292517613783340291e-02 -1.218830265957340647e-01 9.486806245885176514e-02 -4.912993298727330593e-02 -3.916681290753259125e-03 -1.286224242048994992e-01 -1.404409642487518817e-01 -1.716367362646047390e-01 -1.486652051545712949e-01 -1.154009760734721196e-01 -9.592542068270867861e-02 2.393143252095574214e-01 -4.099066807454829903e-02 3.243082817997888223e-01 7.005781958078350913e-01 1.791713665578686387e-01 2.482827608299828792e-01 4.862864779969321427e-01 3.657966736135278008e-01 4.995431161193371605e-01 4.499543304774378805e-01 -4.194835896058776714e-03 -8.145543039127529916e-02 -3.718876915064460442e-02 -2.495782282602529434e-02 -1.292950488804564535e-01 -9.386644968402300948e-02 -8.026737090053369383e-02 -1.272485427638761213e-01 1.845442892960660330e-01 -2.555957995700801344e-02 -3.573533349051445651e-02 1.853146933617338676e-01 1.368173389178073684e-01 -1.075322897653906290e-01 -1.215601656864326308e-01 1.125057669061642479e-01 -1.074342426076919238e-01 -1.886704857128752161e-02 8.032497727827085654e-02 -1.244455802086780749e-01 -3.145472060405294507e-02 -2.380033351686554888e-01 -1.631557345351970501e-01 -1.110311552100687466e-01 -9.226930027789841116e-02 -1.872008694344543256e-01 -5.049400535297698944e-02 -2.059820106412354468e-01 -1.620788581165756304e-01 -5.630331852380371371e-02 -7.842818531609180299e-02 -2.744262320766331642e-02 -3.729176883160781331e-01 -2.460201681854939926e-02 -1.045816420516006567e-01 -7.128677378595248137e-02 -6.581592322815892071e-02 -6.624449676684790456e-02 -1.285364053024699027e-01 -1.052256732372889442e-01 2.219571375220208975e-01 -9.981667551061184154e-03
5.600727702310617229e-01 4.558314314449952720e-01 1.000000000000000000e+00 -3.411835841152667248e-01 3.835757974446706853e-01 6.601466720427441315e-01 3.080288525585969106e-01 4.689031580439522728e-01 4.074915474756641287e-01 -1.043168522869914183e-01 1.884384738855696129e-01 1.316458467436196211e-01 2.321683633656347057e-01 -6.244091338867868018e-02 -1.384045444544612646e-01 1.931450204491683698e-01 2.079557766473698333e-01 1.955397748379397449e-01 2.749633078621759302e-03 8.675618894038439333e-02 -3.182396826422312364e-02 5.382817579129624275e-02 -2.543257649172812052e-01 1.215358981600225402e-01 3.086254003206587715e-01 1.867684090272618558e-01 1.370070008130750121e-03 -3.399240852941048940e-02 3.145200166369429007e-01 -2.616173500855780709e-01 -2.491151757377127740e-01 -3.490269721521147561e-01 -4.667871445017194310e-01 2.017263701867644532e-01 6.382255904757376530e-02 2.381927172191702566e-02 1.248528726502616676e-01 -4.435912412425429413e-02 -2.624742336431091227e-01 1.985680433606093823e-02 1.408197309650991991e-01 2.061890904053403917e-01 8.853444105445107404e-02 7.087510637151824000e-02 1.199460261189876642e-01 -7.101880310148515896e-02 -1.984929479716222023e-01 -1.159779272184245230e-01 5.834160231041151112e-01 3.804927882197646771e-01 1.992739873733328504e-01 4.800678102853368490e-01 -2.973413702996205998e-01 -3.089023986762158280e-01 5.798406910316330487e-01 6.127170199877363110e-01 3.759530575624126514e-01 4.512993387740792950e-01 1.483925710760687633e-01 2.912727153831699001e-01 2.038818365857474335e-01 2.213889263250319595e-01 1.189051583616538253e-02 -5.363535576542907690e-02 -1.166644990038063351e-01 -1.796590447880117847e-01 2.757375021718557195e-01 2.060499547377030727e-01 2.345549661187278923e-01 2.313565552015775795e-01 1.453364676882683282e-01 1.635365274358266119e-01 -2.211586500152647461e-01 2.852948876385211219e-02 6.083705691750176947e-02 2.869734362617693546e-01 2.899562816705142931e-01 -1.954431194420787887e-01 -9.931609790917213243e-02 -3.397996468142749915e-01 1.990667434614543652e-01 2.724495026371335782e-01 1.658869862833562414e-01 1.152769719244777918e-01 4.801243126115926907e-02 -1.671098645454338893e-01 8.323879786428033112e-03 1.245044136700392962e-01 1.590670288643926122e-01 2.323706819830178016e-01 -3.607113697087918069e-01 1.647204432781122774e-01 -1.700550060157686172e-01 2.081066184943605735e-01 1.918653288131843548e-01 -4.144740894594644426e-02 -2.647995357878318509e-02 -4.673299571624582593e-02 4.636589881671428492e-01 3.666851262389816402e-01
-1.925514793950599268e-01 3.259245215405296991e-01 -3.411835841152667248e-01 1.000000000000000000e+00 2.716626471098198548e-01 -2.038168865213335068e-01 7.987328007343960645e-02 1.125940395908971853e-01 -1.482167495936014823e-01 -1.173122087901864313e-01 -4.259440207340254858e-01 -2.475872146354097525e-01 -2.407499303778639077e-01 8.390513865458895659e-02 2.301106825274144563e-01 3.368878472818418457e-01 -6.182064891715088190e-02 1.294298832567415680e-01 9.332412210054509782e-06 1.297436468854822576e-02 2.704982113956641565e-01 -1.677128135445254409e-01 3.363448616976146277e-01 -1.768596422763502318e-01 -4.006656279487894601e-01 -3.418258427032954683e-01 9.025428066753883594e-02 5.679708239830021793e-02 -2.141453745407263798e-01 2.925698435492856131e-01 1.092438187384353471e-01 2.904049412030784705e-01 4.662124049408096216e-01 -1.243734427477462962e-01 -1.381160277206059661e-01 -1.966487452276107772e-01 -3.503796670285166254e-02 -1.204379959612379564e-01 7.114517659955434115e-02 1.562257453419786668e-01 -3.156617779864006046e-01 -4.080160861386029070e-01 -3.352541548012634709e-01 -2.425827163879898385e-01 -4.465062624606139230e-01 7.145830507618020078e-02 1.888428559415904484e-01 1.765113217575105808e-01 -3.262398107053422480e-01 -3.843585203643752335e-01 -3.196892201668258965e-02 1.452992903708994754e-01 5.832146050877201615e-01 7.442642946496943468e-01 -1.366121589259423619e-01 -2.693938563056580970e-01 8.820581326248080889e-02 -5.332904020268654927e-02 -4.155236039262510950e-01 -3.795767385630379742e-01 -3.587558757364380235e-01 -2.258533036469069222e-01 5.912428199772096216e-02 1.903463580353116080e-01 3.000417208412957115e-01 2.776705357506246696e-01 -1.659576911779826192e-01 -1.424383404597250324e-01 -1.384581130755467016e-01 7.833284487803723883e-02 1.626675484131289706e-01 -2.423187510542526291e-01 2.635578114266190486e-01 1.346664811257553863e-02 -1.639818618195340860e-01 -4.364189963506109327e-01 -1.620027490229951350e-01 2.535287985900689378e-01 1.099792810512067592e-01 2.796265858650950897e-01 -2.926308425185272233e-01 -4.639547454103675750e-01 -3.872805386032819874e-01 -3.180783765308324851e-01 5.490506703705506919e-02 1.174157857092940488e-01 -1.678975983756113843e-01 -1.051564290392576068e-01 -2.421653561603037130e-01 -3.942546594413316452e-01 1.228808800803644907e-01 -3.875441659691341023e-01 -5.336773225430155310e-02 -4.186503854878180220e-01 -4.212013634455887834e-01 -8.534998294409298913e-02 6.087883048989801982e-02 1.425332025170125694e-01 -3.403508667613023286e-01 -4.004019894274774560e-01
1.995689535297334172e-01 6.171023954201318995e-01 3.835757974446706853e-01 2.716626471098198548e-01 1.000000000000000000e+00 4.947819877070634420e-01 2.458175275488303502e-01 5.349244131423904758e-01 4.161103558619090870e-01 -1.139961863809320075e-01 3.607756970933033349e-03 1.629730269761022615e-02 1.296600573905896114e-01 1.081532983069277837e-01 1.024311411280896811e-01 1.795197329472494885e-01 1.076686934040092108e-01 1.737791000993280655e-01 9.051510094221122411e-05 -3.228416835199496987e-02 2.025974042395581320e-01 -3.361715226774797394e-02 -7.897481550881771655e-04 4.101457852217946579e-03 -7.776187332475140157e-02 -3.628905004829888203e-02 7.207109270222489261e-02 4.663909019145699719e-02 2.404976028012621447e-01 -5.562172283498496156e-03 -2.018819325205036541e-01 -1.899519887232881121e-01 -1.598646691092992789e-01 5.336243162045339883e-02 -1.671284529448071807e-02 -9.892440575069251507e-03 2.405607394369053131e-01 -2.451929024567619242e-01 -1.151444278027047713e-01 7.393977774062225616e-02 -5.549557195969116036e-02 3.790653313782398883e-04 -1.100941123513797804e-01 -1.112184013334510668e-01 -1.686195169578610098e-01 -5.962660428497736087e-02 -1.460388949658437789e-03 3.177382579706190119e-02 3.501738263370942628e-01 4.389445803209918173e-02 1.146452255033969664e-01 5.155608510816547252e-01 7.422960588714788699e-02 1.960432705526757580e-01 6.112518724305305851e-01 3.646808027706616717e-01 4.178439749932788549e-01 4.942918661252971302e-01 -5.359915030031031646e-02 5.264114085996086413e-03 1.288751762790028496e-02 8.951005630018059323e-02 8.216407880039437728e-02 9.769800732503451657e-02 7.646370642487175517e-02 8.064300046055863924e-02 1.601840275030986804e-01 6.002294502674983961e-02 4.941806247777734418e-02 1.278145363032848203e-01 2.051368266351908942e-01 3.567867905010491201e-03 -1.696731328487538146e-02 1.219056447909852431e-01 -5.853797842608868263e-02 -2.576686416561423110e-02 2.842559024121989464e-01 2.110054659402665900e-02 -1.608715423840627046e-01 -2.709929580661865622e-01 -2.173222679622572890e-03 -6.065490601161862422e-02 -1.206998258920740502e-01 -1.015100155384714153e-01 7.016691152618223515e-02 -5.107603268134140034e-02 5.946760585984728342e-02 -2.163254233943318755e-02 3.043679345768165317e-02 -5.475711487674025241e-02 -3.381283822899479041e-01 -2.044720728886917360e-01 -1.782674467636212734e-01 -8.286624484182769645e-02 -8.480121095067431891e-02 -1.137431056190577605e-01 -2.692903252159949135e-02 3.206972052172108595e-02 2.855586220868142067e-01 9.172729058897992338e-02
3.269078818920587159e-01 3.783094333302163825e-01 6.601466720427441315e-01 -2.038168865213335068e-01 4.947819877070634420e-01 1.000000000000000000e+00 2.683523698754967102e-01 5.375876469467923968e-01 7.555685559129775575e-01 1.116693655696222587e-01 2.188045499894675505e-01 6.561701828764311684e-02 7.113337366259656069e-02 -1.255093962049071699e-01 -1.853458030205180351e-01 -2.077721637558459580e-02 -2.684097136730625999e-02 1.238397558107308949e-01 -1.001882765331518349e-01 1.170879314916630637e-02 -7.998773855978935643e-02 -1.850298207412667262e-01 -3.332216491766163413e-01 -4.876558245000003206e-02 3.109871290919849485e-01 1.882948883493533454e-02 -1.331557913043913965e-01 -1.366568633958766821e-01 2.271225167451300653e-01 -3.027893351599401650e-01 -1.703101624843773587e-01 -2.929597129168265424e-01 -4.020373477821098662e-01 -1.071393305384199610e-03 -1.581338342060736035e-01 8.855954617084868530e-02 2.237096100816583222e-01 4.753848138298166076e-02 -1.326840389419213229e-01 -4.905618523853912116e-03 1.193853030228408107e-01 1.615246514493942909e-01 -4.430379339405603883e-02 7.148865260025322188e-02 8.616128421530822035e-02 -2.532168833241670858e-01 -2.828564385340083254e-01 -2.456362772412022943e-01 6.868211715538445894e-01 3.783593603818722895e-01 1.304370866855915356e-01 5.001293696655371157e-01 -1.394295991137985136e-01 -1.185166645533176216e-01 7.336379937017897257e-01 7.901676704781687155e-01 4.013959433853671599e-01 7.093901053916151778e-01 2.555625246881844670e-01 2.499650317471792393e-01 1.966170631084338816e-01 1.070751715715434899e-01 -3.646292734182808581e-02 -5.812362345253672263e-02 -1.682320195783568728e-01 -2.111294442152622519e-01 2.464016087933108279e-01 4.387219563615913503e-02 -2.228492179425251019e-02 9.214926786018562410e-02 2.172536638150382796e-02 -7.282501462863077979e-02 -2.998794640450441196e-01 1.257349184563926192e-01 -1.235800438083748953e-01 2.023465391890860721e-01 2.010326787676572635e-01 -2.880020958115536711e-01 -8.259675983645628494e-02 -3.268248221403129983e-01 -5.882343511621629124e-04 1.329381708715583754e-01 1.026044050109268663e-01 -5.144611520425970697e-02 -1.072886882025720495e-01 -2.967980268129853383e-01 1.954878731200965919e-02 -1.147329216098927213e-01 2.247293520336655082e-01 1.896286892572852933e-01 -3.591483450221347740e-01 1.840721352457779791e-01 -4.246569034936318460e-02 1.457454641901792247e-01 8.853337096093756575e-02 -2.872249980836438094e-02 -2.213646362646991828e-01 -1.910425972659190452e-01 6.132265002279017052e-01 4.438765422050051090e-01
2.731166827185392276e-01 3.379720198362582417e-01 3.080288525585969106e-01 7.987328007343960645e-02 2.458175275488303502e-01 2.683523698754967102e-01 1.000000000000000000e+00 3.652114284156205981e-01 2.157017722839856821e-01 2.505152852591516766e-01 1.053310938510104294e-01 8.038601655370243571e-02 6.916090347942653593e-02 -1.485734151253612079e-01 -2.023730310506708652e-01 4.732983855005422624e-01 5.150906254162069403e-02 1.346283356544686616e-01 -1.267839058610528147e-01 1.310456731960214782e-01 -6.527751651054040927e-02 -3.307673083923935720e-02 -1.844876758942345096e-01 2.175044469086153953e-01 2.053549379729119051e-01 -1.347407325427477792e-02 -4.795253241767588603e-02 -1.116451810585105120e-01 1.220049124777002753e-01 -2.403670971133426426e-01 -1.303632232343725494e-01 -1.552048884873855894e-01 -2.109941131711028373e-01 8.235062331431836080e-02 -1.246545578639358803e-01 -1.498867415669683234e-01 1.032856829105521963e-02 1.523944998370456438e-01 1.461581792957130366e-01 6.432997978613237411e-01 5.483582904549969689e-02 3.768468361985401888e-02 -3.499624126983492955e-02 -9.911006335248641330e-02 -3.498859111593152771e-02 -1.158919867624167710e-01 -2.052127049967702455e-01 -1.774041600924917417e-01 2.153430196730897472e-01 1.426008894900814561e-01 2.130200098485663107e-01 3.027529619432264285e-01 2.387819645144323988e-01 2.376572488615774983e-02 2.033608203446344853e-01 2.382831618042506872e-01 2.930250474266314353e-01 2.939651601495665290e-01 1.240711339714112849e-01 -1.497805200014420968e-02 5.169086958264942216e-02 4.670011523272962067e-02 -1.182931883427820602e-01 -1.247786818909630557e-01 -1.481420960867702030e-01 -2.193210657238629235e-01 5.578797262082817454e-01 -2.903255049928482601e-02 3.495588080216784771e-02 8.164124116979265544e-02 1.259791028665269708e-01 -4.499986767557973000e-03 -1.083522759918862655e-01 5.497545418289155883e-01 -2.685892710264019614e-02 6.402271897898809301e-03 5.256625214024930604e-02 -1.858788376370356932e-01 -5.212307841959584742e-02 -1.603723714156890801e-01 4.126190856440672267e-02 1.697888020022249311e-02 1.271654401143245457e-03 -1.292349556602271354e-01 -7.637744593505831070e-02 -1.232579605766759567e-01 -1.213096838437141695e-01 -1.213673772644687648e-01 -1.353337035877798938e-02 2.778315783323867527e-01 -5.451428587208504567e-02 1.055659097712555033e-01 2.890110188799552837e-01 -3.231671974036531142e-02 2.438025035002385280e-02 -1.476455799990082918e-01 -6.498146215404691783e-02 -1.251151418339445376e-01 1.805778152163819705e-01 1.533536654408956534e-01
2.150716248197200586e-01 6.011660916883616590e-01 4.689031580439522728e-01 1.125940395908971853e-01 5.349244131423904758e-01 5.375876469467923968e-01 3.652114284156205981e-01 1.000000000000000000e+00 5.840648632354229486e-01 -1.012194267525629021e-01 9.238070487235547357e-02 -5.948436318554118502e-02 1.143299954203265273e-01 1.567285171060898215e-04 -7.966660928808284858e-02 1.759377204795953553e-01 2.291220787822528526e-01 5.496995887645160783e-01 4.343043080834482067e-02 1.097207591218859468e-01 2.205977153771432331e-01 3.815033691346983447e-02 -1.070247457764160887e-01 8.790568805506997208e-02 7.960540108813277116e-02 2.066632050030325907e-02 4.885917681756023201e-02 -7.492732861416148693e-02 2.078834851221177671e-01 -1.843611976203214375e-01 -1.037264255092854581e-01 -3.064029881739836481e-01 -3.285664696752194636e-01 2.825266022348089656e-01 1.371482661109895383e-02 -3.047868769250874216e-02 1.462369507888975351e-01 -7.298270251716348911e-02 -1.346719949371170677e-01 1.009188082243885620e-01 2.898356519750772478e-02 4.540134927492824220e-03 -9.362138582415213683e-02 -7.261327848567707133e-03 -8.099048496772544292e-02 -1.105922415019518906e-01 -1.757525504612458267e-01 -1.052923457250163480e-01 3.920295687084490166e-01 1.527445640381213665e-01 1.965392832104300713e-01 6.076010656132411203e-01 1.658853802201666616e-01 -8.424782392786813942e-03 5.355414236538487138e-01 5.406984734878484966e-01 7.034283135632848349e-01 7.089993745528104796e-01 2.064932187993425566e-02 3.845320134357323172e-02 1.856311601419057336e-02 4.632942165679559965e-02 -1.325455981969509422e-01 -6.088957194106153770e-02 -2.644125308217554551e-02 -1.158074451970607099e-01 3.117595712781243145e-01 1.543524367184291590e-01 1.180739180326619148e-01 4.381895106189800937e-01 2.468891969185794677e-01 -3.358866451773620532e-02 -1.765400556761954065e-01 1.957973717601227681e-01 2.249257733459016084e-02 4.262923747073485425e-02 2.233885807339969221e-01 -1.416338934287757478e-01 -1.618506519325483770e-02 -3.400965165217828545e-01 -8.435242664488379338e-02 -9.124065252066632103e-02 6.028475125766857151e-02 -7.085399762105322463e-02 -8.281997856288801294e-03 -2.384552410679324774e-01 -9.989337327951312850e-02 -8.866591617949201587e-02 8.521698169610078533e-02 4.568499349048541630e-02 -4.010346303069773910e-01 -1.227334594666707954e-02 -1.666495020671033833e-01 -3.062392273571296758e-02 1.198992906555426674e-02 -1.254495916520979859e-01 -1.159485607807737573e-01 -9.197684780333365007e-02 3.649618983789085780e-01 1.325821780925285909e-01
1.419510784506101408e-01 3.335804995463927947e-01 4.074915474756641287e-01 -1.482167495936014823e-01 4.161103558619090870e-01 7.555685559129775575e-01 2.157017722839856821e-01 5.840648632354229486e-01 1.000000000000000000e+00 1.763492443162724133e-01 2.426717336995169172e-01 -3.295623984278819862e-02 7.605508405033965802e-02 -1.322139528818923881e-01 -1.890563771706992857e-01 -1.904196730787175995e-01 -9.665424687654255997e-02 1.192722302459158917e-01 -1.433725711531980973e-01 -2.843171647335046917e-02 -9.485908477395427196e-02 -1.331292067500403631e-01 -3.356152750381294902e-01 -1.095406080524444492e-01 1.982305812126014255e-01 -4.268877703253658867e-02 -1.722729063849521569e-01 -2.113778821519834705e-01 2.171421218399949560e-01 -2.752285165409105727e-01 -6.113535919680036096e-02 -3.861875906742527342e-01 -4.005046561849489040e-01 -2.263906200107939151e-02 -1.607681874350633533e-01 1.220403471830771580e-01 1.844088140756785510e-01 4.005236879316475401e-02 -7.757514809670755518e-02 1.175682221097993502e-02 1.643926613909820200e-01 2.117141297406432143e-01 1.841529402327619428e-05 1.569427150754479916e-01 1.288139489381894265e-01 -2.725494969862578554e-01 -2.708456175740880933e-01 -2.330336962447797644e-01 5.376982433658227256e-01 3.281442175855128207e-01 8.279187975802876354e-02 4.095739524160126876e-01 -4.597999962261962309e-02 -2.179442627834720508e-02 6.878924043099133856e-01 7.268712712681008048e-01 4.033824030045454201e-01 8.382507730525512457e-01 2.997448582862490274e-01 2.042911733065000957e-01 2.121997275971611308e-01 1.135014119542275546e-01 -5.220457321309428245e-02 -4.477226780729921807e-02 -1.527997266692008860e-01 -2.004133572925939355e-01 3.258492139318585057e-01 4.988107744725184256e-02 -8.963983624297970632e-02 9.053716187556901107e-02 9.512151737117431269e-03 -1.118792199001454740e-01 -2.759194539237450616e-01 2.659514338189025162e-01 -1.091825055163434255e-01 1.818163551192160665e-01 2.102330612409556709e-01 -2.937708514269078419e-01 -2.531341623966645166e-02 -4.256942415087078269e-01 -6.478063322108590372e-02 1.667979859380862018e-01 1.336019644795667927e-01 -2.921708635285666725e-02 -1.887817573609762434e-01 -2.760533441644612562e-01 5.246866447692030005e-02 -1.678161203195057127e-01 3.097125176830278215e-01 2.822506629445898918e-01 -3.659531981212632012e-01 1.486438786787744049e-01 5.217940420958003256e-02 1.156102515689152177e-01 1.125363880345775364e-01 2.009399211973799532e-02 -2.504192555241756546e-01 -1.899118332103720275e-01 5.748225099086136103e-01 4.416770020219628057e-01
-8.333294094897532311e-02 -8.455276963037926252e-02 -1.043168522869914183e-01 -1.173122087901864313e-01 -1.139961863809320075e-01 1.116693655696222587e-01 2.505152852591516766e-01 -1.012194267525629021e-01 1.763492443162724133e-01 1.000000000000000000e+00 3.753773973837651878e-01 2.236974503701232853e-01 6.214130164657138272e-02 -2.059344839762981827e-01 -3.005755653134016825e-01 8.984874369064010935e-02 -3.179875114286206950e-01 -3.188978694122560076e-01 -3.824757178611823960e-01 -2.885706402049948993e-01 -4.437633286743138394e-01 -1.382093391807298621e-01 -3.289650308640652554e-01 1.522836403446526654e-01 5.183110565724214913e-01 -5.390597934933052948e-02 -3.850879175697378143e-01 -1.849923136775620258e-01 -8.867829194306869889e-02 -3.115082624819542900e-01 -6.161191976986456903e-02 7.387435953177258485e-02 -1.477881180625231494e-01 -2.603111930767534887e-01 -2.931473039504274847e-01 -2.747349591494159249e-01 -7.032568193679478163e-02 5.014527837973388191e-01 3.011857620130291568e-01 2.781478933281573140e-01 5.640047773897735595e-02 1.278691781584563314e-01 1.012408015133166445e-01 -1.019701770300763810e-01 7.394386915665511484e-02 -3.887226032802100772e-01 -2.844400541092567125e-01 -4.332562861265519261e-01 -5.661434921992022223e-02 -2.658470715856457028e-02 1.086344853036804170e-01 8.135698047643043218e-02 1.746276753646610336e-01 3.083933155148511213e-02 9.638968584243921833e-02 2.102589607663860882e-01 -7.045222361718786724e-04 1.060929245103502949e-01 6.178566944239757275e-01 9.720803247706032157e-02 2.880887495058278014e-01 4.972510987411449257e-02 -1.461577330416995446e-01 -1.770671577019789222e-01 -3.330330893689398830e-01 -3.216278768503483265e-01 2.016207240858369498e-01 -2.757383614714619680e-01 -3.252106663039362466e-01 -4.164911923402819238e-01 -4.520527642110700461e-01 -1.770896477876718333e-01 -3.390154813259133593e-01 3.470856688012667335e-01 -1.718360787709694859e-01 1.486972419548096835e-01 -7.798369503923498203e-02 -3.002148518159227231e-01 8.266352876616520290e-04 -5.804363338627206714e-02 -1.397112994835501831e-01 -2.837936801746935786e-02 8.136826079935496892e-02 -1.403486981825692592e-01 -3.651444003129492577e-01 -3.142380102504480077e-01 -4.969932342699634464e-02 -3.444887577095115394e-01 -1.990938358176931045e-01 1.877365275089667440e-01 2.087143549513811175e-02 4.141968893776368232e-01 5.182812520178619042e-01 7.952521907959132774e-02 9.715676515581857242e-02 -9.674655175601989954e-02 -4.258505396750775773e-01 -4.236618630003032293e-01 1.665519975261937347e-01 1.336104305449623830e-01
1.588187186456433420e-01 -6.423100294576190861e-02 1.884384738855696129e-01 -4.259440207340254858e-01 3.607756970933033349e-03 2.188045499894675505e-01 1.053310938510104294e-01 9.238070487235547357e-02 2.426717336995169172e-01 3.753773973837651878e-01 1.000000000000000000e+00 6.365012657548949626e-01 4.679013409703669524e-01 3.120521676621126894e-02 -6.876917266711111976e-02 -1.779106760280948218e-01 1.024368561062539429e-01 4.098439907803666515e-02 -4.065492840197893615e-02 -1.302127554505980687e-02 -1.327421415181140596e-01 3.323134753142830689e-01 -2.811267135934483741e-01 4.491708715545960628e-01 5.499331508056825024e-01 5.515175806146946913e-01 -3.213513614463581192e-02 5.464796598655056320e-02 3.956957889165370057e-01 -2.955246534196341868e-01 -1.012590088714513809e-01 -3.915359329724683035e-01 -5.135337667386645766e-01 2.469560716572846149e-01 1.888672256083388235e-01 7.955671978336584238e-02 2.359631234486133655e-01 1.358513934430448551e-02 -2.359850868775677929e-02 3.187093183776824878e-02 4.277112601796672631e-01 4.921642246876368754e-01 5.085400552765487747e-01 2.794555574444029244e-01 3.940296117309446955e-01 -1.640673307862377250e-01 -1.815657323703675219e-01 -2.352011742388734616e-01 3.211004751238919486e-01 4.200293422572773938e-01 -4.888125626620889834e-03 9.850379828778113578e-02 -3.091508199681062274e-01 -3.765934959689145600e-01 2.530574610221508758e-01 3.157051522722485459e-01 1.469020576484025287e-01 2.557897930922460317e-01 5.872224506253049814e-01 6.719424525650090629e-01 6.609279633692735079e-01 3.884149557213052995e-01 1.277306655981103600e-01 2.272810382734192537e-03 -1.045311813021778807e-01 -1.210466376503770841e-01 2.458676822842024157e-01 1.513120968292974433e-01 2.193646682928788172e-01 7.516811992538524612e-02 -5.294956513501860446e-02 2.673449383182580075e-01 -2.764723354113335918e-01 2.001671909561275053e-01 3.523274081049257989e-01 5.895439621385522022e-01 3.815263469772530724e-01 -1.956250296492789698e-01 -2.112891863757473954e-01 -4.620616086253434007e-01 3.639117984158732888e-01 4.481711792905216374e-01 4.943046585730490605e-01 3.663387408894491770e-01 -4.248211097320615109e-02 -9.313235835434686971e-02 3.390086183637772699e-01 1.516272463070221337e-02 2.468196454664977058e-01 4.767026055104176541e-01 -2.536784153654424445e-01 2.065388202465080758e-01 2.428951501869856464e-02 3.636132243609146442e-01 5.370184223245152433e-01 9.354637061119784602e-02 -1.537032206104134435e-01 -1.885970175979142793e-01 3.741072063669150238e-01 5.006103066762193077e-01
1.084551198086546042e-01 -6.337148763714203770e-02 1.316458467436196211e-01 -2.475872146354097525e-01 1.629730269761022615e-02 6.561701828764311684e-02 8.038601655370243571e-02 -5.948436318554118502e-02 -3.295623984278819862e-02 2.236974503701232853e-01 6.365012657548949626e-01 1.000000000000000000e+00 5.655624247745394406e-01 2.000588254558897383e-01 8.041328163921994399e-02 -8.414743087374394748e-02 3.470150151496671498e-01 1.349031187431319334e-01 2.181614328011537429e-01 1.258929872360201874e-01 -1.699280540448132315e-02 4.289261478141648265e-01 -4.747751886798945442e-02 6.262454239595176553e-01 3.839910335214312687e-01 7.057211622118889638e-01 2.122826278359003505e-01 2.710886065664463995e-01 4.012015631553781936e-01 -5.878061016362674807e-02 -1.649704060212186796e-01 -3.352513834150439576e-01 -3.485579202308585200e-01 3.580931670200236394e-01 4.040385411740310406e-01 1.132573565538184529e-01 2.413284905067398234e-01 -1.984029149714564011e-01 4.322617197618841556e-02 1.883167620383082719e-01 2.631315981773809654e-01 4.812335175289530476e-01 5.889974742784521711e-01 2.461968713984919732e-01 2.506202039547248961e-01 -4.608874257562615984e-03 5.698084777699238823e-02 -2.755391167135529118e-02 2.164054416680200876e-01 2.630251574663327596e-01 -7.690891481176449773e-02 -1.066718213768626418e-02 -1.746362192028092508e-01 -2.633923344374674014e-01 7.620001241787631441e-02 3.229783493742727912e-02 1.305965902776861157e-02 2.100714874710265037e-02 3.841934104133138406e-01 5.538042745459283989e-01 6.257029955438624391e-01 4.637689285148716700e-01 2.483622458789109255e-01 1.381471204339969061e-01 7.311319051784000156e-02 5.124756621054526312e-02 1.957548845669553894e-01 2.512398230088129791e-01 3.545789984676670503e-01 1.504051441178379522e-01 3.337458727616764154e-02 4.600636926042889763e-01 -4.368857658886593498e-02 2.267784567208894486e-01 4.481896667242680210e-01 5.730119951148204827e-01 3.835548717888603298e-01 5.808148498995373971e-02 -1.868879098773001124e-01 -3.787166937321920779e-01 4.455841895572940636e-01 3.230396235492222767e-01 4.155084513725069706e-01 4.472565369544325709e-01 2.613416619729473367e-01 1.356649731366446621e-01 3.402008548363987805e-01 1.848584954489616849e-01 1.851045610654333262e-01 3.601610456339833233e-01 -1.505096334474295972e-01 7.625296940578242533e-02 7.495797706276309536e-02 3.776630736042278502e-01 5.082657887089412352e-01 2.103702723266513974e-01 1.037089374767847932e-01 5.979885036745187510e-02 1.384134463097245749e-01 2.840754157563901705e-01
6.994474615550794194e-02 6.696938933618210021e-03 2.321683633656347057e-01 -2.407499303778639077e-01 1.296600573905896114e-01 7.113337366259656069e-02 6.916090347942653593e-02 1.143299954203265273e-01 7.605508405033965802e-02 6.214130164657138272e-02 4.679013409703669524e-01 5.655624247745394406e-01 1.000000000000000000e+00 5.134610898100581133e-01 3.213065246381984208e-01 -8.684990597853492478e-02 5.978590002555316252e-01 2.893454860427513431e-01 4.512881578099353086e-01 1.101695669704337854e-01 2.711241291358306160e-01 6.770884845736097057e-01 1.983643339224088475e-01 4.854311924348376217e-01 1.797458125905652682e-01 5.608848826251328079e-01 4.841661150578820405e-01 3.712803696105293483e-01 5.606796097814552571e-01 2.168232956384499588e-01 -1.868230803979564758e-01 -3.626884002489080827e-01 -3.094473037331310628e-01 5.119728374046429442e-01 6.111789939615167588e-01 1.165506786336309181e-03 3.259537975757261230e-01 -2.763205619739217966e-01 2.630616285510559496e-02 9.643664970549171989e-02 2.696333626162918939e-01 4.218261270124993856e-01 5.639545651919248836e-01 3.214703207214507086e-01 2.503358642222835440e-01 2.800595507052504596e-01 3.485908563838259200e-01 2.967476896350298432e-01 1.462390388326338109e-01 2.372676462126928343e-01 -1.623710097545515985e-01 1.726583552561377841e-02 -1.336413210592017342e-01 -3.236403822295961796e-01 1.182805670681774807e-01 6.313469200059568243e-02 2.531609112898463090e-02 1.225605466514697595e-01 1.925492195500081438e-01 4.390452574532908159e-01 5.120234643409460329e-01 7.645609384304847822e-01 4.108904652097842281e-01 3.258875159634269103e-01 2.297083421648114798e-01 2.690927285063184904e-01 1.452868808400709366e-01 4.382215983550367677e-01 4.483741881092960790e-01 2.448510527820257909e-01 2.430504497291806065e-01 5.098660735604432226e-01 1.308572104613013876e-01 1.649658309158122393e-01 3.885540063134662603e-01 3.797821595784611204e-01 5.585735593439521418e-01 3.235139324513437997e-01 -1.417394057250521699e-01 -4.896137005828856137e-01 4.501094789006855890e-01 2.875045061429049031e-01 3.892602867139083322e-01 5.090411006808984729e-01 3.822777317017373999e-01 3.270964899252565283e-01 3.778019501163219496e-01 3.218964542402290574e-01 1.400444673330470957e-01 2.671095854566976624e-01 -2.128862027461982664e-01 -1.355514250897008610e-01 5.990539240120102207e-03 2.826257882725219384e-01 4.388363055500588139e-01 2.691771187192110171e-01 3.722853897186086392e-01 3.293765620764412261e-01 1.140385788264337286e-01 1.912040085686891877e-01
-2.230893478247454598e-01 -1.008093381022910767e-01 -6.244091338867868018e-02 8.390513865458895659e-02 1.081532983069277837e-01 -1.255093962049071699e-01 -1.485734151253612079e-01 1.567285171060898215e-04 -1.322139528818923881e-01 -2.059344839762981827e-01 3.120521676621126894e-02 2.000588254558897383e-01 5.134610898100581133e-01 1.000000000000000000e+00 7.271029961701201971e-01 -1.583707848345842772e-01 5.319746613991357398e-01 3.105680939018103381e-01 6.668410222675829058e-01 6.107227566060870194e-02 5.483184426855937099e-01 5.228254341075168066e-01 6.650398266737743702e-01 2.102982668976678959e-01 -2.119747919862348673e-01 2.739885276449800511e-01 6.104664552896729157e-01 4.586366185177153665e-01 3.980360331986153577e-01 5.820357635243007532e-01 -1.228888006958041013e-01 -4.161113004857491804e-02 1.300621867472334381e-01 3.828973515496182922e-01 5.137096284771569543e-01 1.203337576762746747e-01 3.367646518510473141e-01 -4.105091767132708069e-01 5.088664100404564905e-02 -1.763372418617795622e-03 4.523395587221416825e-02 1.007618462609668336e-01 2.233554311080248600e-01 1.263308210484052341e-01 -2.115186999677503427e-02 4.088684537708027200e-01 7.120865914457904511e-01 6.042373491750437919e-01 -8.516405185525173505e-02 -2.979781527831218760e-03 -3.291601736563229408e-01 -1.409115406309096874e-01 1.082678616441730829e-01 -5.810005084547090193e-02 -1.140990810642431852e-01 -1.942899701220121289e-01 -1.031730267957188252e-01 -7.393094943579589517e-02 -2.268550990444985760e-01 1.273655762112690382e-01 5.767326253904990485e-02 3.484290210123423548e-01 5.482660389143966251e-01 5.968171500578366429e-01 6.477148837627065836e-01 6.715525990064388218e-01 -9.672705143135967853e-02 4.485418009548314822e-01 3.476808931372930567e-01 1.886643912333866024e-01 2.985287211121407380e-01 3.981942309240321665e-01 4.589585093573010366e-01 8.562394391174074984e-03 2.362899482580955723e-01 2.390059697802324537e-02 4.229702695353194097e-01 6.400502168635033851e-01 -7.464391848666891011e-03 -1.200984758046367978e-01 2.282767054217687830e-01 -7.586809797087774865e-02 5.519929908135448593e-02 2.898216736332801524e-01 4.565102259439298149e-01 5.342415449252776449e-01 3.497626937163063054e-01 2.756211041172333398e-01 5.653623373048320688e-02 -1.022399670213724049e-01 -4.685946721743903393e-02 -3.448406819101699772e-01 -4.671895789881807398e-02 9.580723925546542896e-02 1.289464567899061553e-01 1.945161130150852846e-01 5.107765107655617420e-01 5.467825973598786637e-01 -1.298856865928056104e-01 -1.091877502380666637e-01
-1.151163730486405717e-01 -1.184734899138501496e-01 -1.384045444544612646e-01 2.301106825274144563e-01 1.024311411280896811e-01 -1.853458030205180351e-01 -2.023730310506708652e-01 -7.966660928808284858e-02 -1.890563771706992857e-01 -3.005755653134016825e-01 -6.876917266711111976e-02 8.041328163921994399e-02 3.213065246381984208e-01 7.271029961701201971e-01 1.000000000000000000e+00 -8.581193575735748813e-02 3.295794967207474890e-01 2.212073270349376453e-01 4.673506070547380209e-01 1.544491341330398448e-01 6.870483237662300402e-01 3.249919325833606210e-01 7.143849778663267092e-01 7.160983683652367981e-02 -3.234922004196599254e-01 1.197700142059157646e-01 5.809385168787420950e-01 5.031507287136547379e-01 3.269591995136439944e-01 7.299525628665800570e-01 -3.617709418492990464e-02 7.757782993409170769e-02 3.180698604773299354e-01 2.349293653331023801e-01 3.255567688594893094e-01 1.444247644269132103e-01 2.151870989828156000e-01 -4.310361546770272168e-01 4.073834702281144832e-03 -5.528429604005174330e-02 -1.464602156768901424e-02 -8.504036951621201518e-03 3.453744327168159489e-02 2.945164410057749677e-02 -1.995303062411031836e-01 4.189499093842997124e-01 7.173250668083187565e-01 6.671377769232584853e-01 -1.568060226270466539e-01 -9.511686738153503351e-02 -2.525357215532318955e-01 -2.281386603191960794e-01 1.227530383807294012e-01 2.317917080989864362e-02 -2.524187568161152528e-01 -3.182534524668638731e-01 -2.197833206338999090e-01 -1.473903789148137411e-01 -4.427035884221477979e-01 2.176561090686739142e-02 -8.496452815365704292e-02 2.512179744311478502e-01 6.350209617964303055e-01 6.676823615218913099e-01 7.980724875696577625e-01 9.157525202278908871e-01 -2.676719679864620893e-01 2.774232652704636259e-01 2.877562050164003682e-01 2.289172639971492063e-01 4.925197713718176828e-01 2.472303893960476340e-01 6.396252091094724035e-01 -1.041619266403703281e-01 1.444649952790718062e-01 -9.578201206984518490e-02 4.243420008381621478e-01 7.700919125319730663e-01 -1.026474042444212517e-02 2.131638611656240870e-02 1.553561359166856504e-01 -1.353230569200824240e-01 -1.690055360198108592e-01 1.120628495611428743e-01 4.735366082352561734e-01 6.183523962460031331e-01 2.628880030875776486e-01 3.357045349106939081e-01 8.727880422443183572e-02 -2.256955216788474605e-01 7.848486315301206329e-02 -5.642807652713562883e-01 -1.615060212873489776e-01 -6.279694591657640490e-02 -7.836608399866920593e-02 1.857752918594597624e-01 5.189260990466501022e-01 6.567811881828459208e-01 -2.630243239386667042e-01 -2.334506241611735144e-01
