1.000000000000000000e+00 1.672979486080151124e-01 3.584375799136266805e-01 -1.838291926664893106e-01 -4.405772362859820129e-02 3.052050822835815080e-01 2.578202385429227972e-01 3.811974113975216683e-01 1.778906271575959874e-01 1.716136371284420481e-01 -8.641658090294179750e-02 1.473580739449326148e-03 -2.740103587734395441e-01 -3.301479458614416385e-01 -3.340807423423030054e-01 3.540563660092647669e-01 -1.964817066992435857e-01 -3.546226687540525446e-02 -2.206252223736357432e-01 -2.900682927794222543e-01 -2.470250762918191345e-01 -3.035121168437635714e-02 -3.214273098960197528e-01 -2.172293375990424213e-01 3.673875801155978005e-01 -2.199763463018002824e-02 -2.129943962974109872e-01 -2.724537760081326976e-01 -1.595497934268363949e-01 -3.862015893147981993e-01 6.381063194426264684e-02 -1.476912362524724354e-01 -2.060576861260794979e-01 -1.850251816775110858e-01 -1.268556893153393976e-02 5.560348265466472789e-02 -5.738818982145233588e-02 1.658358608370606446e-01 -1.133928950055504981e-01 3.694933235674483646e-02 -3.114160084670974937e-02 3.161061563503539396e-01 2.339177983859753174e-01 -1.006963799686231981e-01 8.716472074216533028e-02 -2.731267939491819341e-01 -4.014435944189121974e-01 -3.817900376916827931e-01 2.763035784039121756e-01 -1.854203652104645939e-01 5.607750241714526407e-01 3.193431533633379060e-01 2.161209383237148313e-02 -2.304091169395378058e-01 2.035371817234017111e-01 2.523750110505748045e-01 4.641760469146141710e-01 2.069166647427626848e-01 8.241809745863516723e-02 -6.347845876183924596e-02 -1.539475761869048831e-01 -2.780191073664363133e-01 -3.284155851209284993e-01 -2.761259458871772599e-01 -2.665648419130983160e-01 -3.483776139430380114e-01 3.068484552691744249e-01 -2.196969817215959631e-01 -1.433950778395325920e-01 -9.088336185212374241e-02 -3.414931127531197763e-01 -4.947432517549107261e-02 -2.825775501846606308e-01 1.736539475081214923e-01 -8.847905154263810412e-02 1.788108211558012972e-01 -1.958499302275824860e-01 -4.318980151414510971e-01 1.026364735867715955e-01 -2.146786794585544278e-01 -1.702562795521026795e-01 -1.333823936967600265e-01 2.371032698511555126e-01 1.461275782110456334e-01 -1.288455500558096101e-01 -2.692215603223946374e-01 -9.206076664029543000e-02 -1.368005674108987435e-01 -5.359721461866590042e-02 1.843125958881650928e-01 -9.094802093441956004e-02 2.494318866755745601e-01 -8.542597054705070025e-02 3.919675802860560498e-01 2.417953386926179060e-01 -2.015019532881268463e-02 -2.425883753438240753e-01 -3.698434483634422953e-01 2.796217683326430725e-01 -9.519959126641516778e-02
1.672979486080151124e-01 1.000000000000000000e+00 5.724560622136319887e-01 3.718678582718206171e-01 5.974403950880687875e-01 4.041531035941223204e-01 1.296906383574536470e-01 5.970249784883008282e-01 3.511795868698901479e-01 -2.698218109736348347e-01 -3.983432984752849348e-02 -1.361289698109326429e-01 -2.388880054897341010e-02 1.069027039898690773e-01 8.541801574920650231e-02 1.603588358058801455e-01 5.168725623906782890e-02 4.361403769510011075e-01 1.189195181044753052e-01 1.064931575109290401e-01 2.022217013688435427e-01 -1.187095946013727241e-02 1.626579103688600425e-01 -5.756316100235166211e-02 -2.099296192535532180e-01 -1.274729952949570366e-01 -1.038593119654704182e-02 5.168678156207920371e-02 1.828706221366317164e-01 5.528106037737941930e-02 -8.149378330914770763e-02 4.028834383727935425e-02 1.139669974910656886e-01 2.224311257579267564e-01 7.230750979973264714e-02 3.109962999841406894e-01 1.643236987512605440e-01 -3.387054594485262027e-01 -2.648146709748863126e-01 -2.909722053867306868e-01 -2.505692986163960204e-02 -1.960809570183212336e-01 -2.193287084532268005e-01 -1.720913138214115456e-01 -1.017030513881470033e-01 -8.141250775078105739e-02 3.344359701281591352e-02 4.638557933106574743e-02 3.549046996201782878e-01 -7.029084046095732119e-02 1.225351837817714590e-01 7.808785852646598080e-01 1.733702294756770401e-01 3.880796054726941557e-01 5.386034172147430299e-01 2.974763967364683626e-01 4.220029405156623392e-01 2.654654411546517045e-01 -2.133060867488335288e-01 -6.623711982921949570e-02 -1.537997764249265376e-01 -8.184548589660815832e-02 1.619059816853932535e-02 1.268900891444717065e-02 8.238738867875108896e-02 8.006093461153888924e-02 -1.485389956073797368e-01 -1.518905597167695930e-02 2.216942560665716710e-01 3.247564909499770502e-01 1.494579352553275786e-01 -1.084600796892736807e-01 2.021060836463680899e-01 -1.103545402384586704e-01 -1.042986138265867141e-01 -9.889494376859681024e-02 2.005028979996607841e-01 4.675693340007743004e-02 -1.272731675614396651e-01 4.331357697263188422e-02 1.232545953410913719e-01 -8.251491247398130835e-02 -1.182253248230799997e-01 2.643245724626855711e-02 6.667664090015930356e-02 6.393978835237602854e-02 1.557980371325006497e-01 4.798060899579368460e-02 2.362928524536697661e-01 -1.401805403166527797e-01 1.207996033008696540e-02 -2.771230490373255972e-01 -2.395998523224549259e-01 -1.210003250003234970e-01 -1.759305164216254380e-01 -2.060937451110033125e-01 -4.257034315811680097e-02 6.775846471856976361e-02 3.048818153742456349e-01 -1.705913848941527644e-01
3.584375799136266805e-01 5.724560622136319887e-01 1.000000000000000000e+00 -2.477298363360965205e-01 1.571137448859093455e-01 6.508454401441701176e-01 1.922478800445138747e-01 5.637508358684197862e-01 6.330544235276187592e-01 -2.830810252544784314e-02 2.482473061034831951e-01 1.666731611659847678e-01 1.371962419003168454e-01 1.491858317328144390e-01 1.062371518348341898e-01 -6.486363329155697688e-02 1.373683579673169453e-01 3.059708106494367086e-01 1.994335559549292591e-01 3.119477843128833083e-02 1.604176011463518403e-01 2.074011979990322274e-01 1.359541971273335592e-01 1.254376735767311346e-01 5.565884538177049562e-02 2.739427701946702820e-01 1.961586922640842501e-01 1.221285629880756590e-01 3.224857669259216242e-01 -5.834312584036831922e-02 -2.765242903593976287e-01 -2.983032832590170602e-01 -2.560986770605232499e-01 9.004237869726405830e-02 2.532204218208174984e-01 4.903327689409286982e-01 8.682141211814776993e-02 -2.738728225842229080e-01 -1.346367084157980287e-01 -1.768076849030813247e-01 8.240935726466119826e-02 9.595551003073371499e-02 1.017052517127085415e-01 -9.922212667181967358e-03 -1.893471989593531815e-02 -2.473833026335847673e-02 -6.726462279245432052e-02 -8.185560769892061272e-02 6.178304879239737701e-01 8.746459309472984223e-02 1.785857185505877465e-01 7.218150169582744358e-01 -8.655834918616729656e-02 -1.855444965160157056e-01 7.357115453210454348e-01 6.941931550233769732e-01 3.594493337439425007e-01 5.675793783169834628e-01 1.274558256460733563e-01 2.115179819532107264e-01 2.624244747943756118e-02 5.314512221789494117e-02 9.853716045738801499e-02 1.103506631016344108e-01 1.790423178857304676e-01 1.259191810298983805e-01 8.404209445734378559e-02 1.935458343693891026e-02 1.777210547172607680e-01 2.993045645410951638e-01 1.641019004391559011e-01 1.492772806845519551e-01 1.482610724621210296e-01 1.074237652378044194e-01 1.662682881478055597e-01 1.393780923848141340e-01 3.060906892711139360e-01 1.843551084651102318e-02 -2.866660212651687689e-01 -2.944394462932881096e-01 2.870667873898862660e-02 -1.402998731074298622e-01 -5.949322483498959563e-02 1.763702504843769614e-01 2.353670104128270657e-01 9.762950586685673407e-03 1.236422610056779614e-01 1.625670260445773452e-01 3.667822082835370257e-01 8.224446249695407940e-02 -3.109603909778804742e-01 -1.094589897400713441e-01 -1.012317139498931789e-01 8.796135552130844582e-02 1.225670929146512600e-01 -9.866001780425752779e-03 1.985577162722792707e-02 -8.277160022422139218e-03 5.375482174740923158e-01 4.170545060403051119e-02
-1.838291926664893106e-01 3.718678582718206171e-01 -2.477298363360965205e-01 1.000000000000000000e+00 4.883969304693158153e-01 -2.719161517627391444e-01 -1.418068487097772779e-01 -3.805836945808410698e-02 -3.772077953530231786e-01 -3.682185890353855129e-01 -4.069039247517876046e-01 -3.674859464680523269e-01 -1.888470116506702490e-01 -4.637879056835663566e-02 -4.489745504478977883e-02 3.527302272297940244e-01 -5.668742256479093744e-02 1.352856047043137777e-01 -6.086612186639878130e-02 5.943594168938196726e-03 7.641102457811092298e-03 -1.284140914218652174e-01 3.667690507556344709e-02 -2.850320969777388469e-01 -2.061341226924351955e-01 -4.306638927487923540e-01 -2.638255782396476401e-01 -1.812756921579591063e-01 -2.139789146409398768e-01 5.665934057712354588e-02 3.035076095495996551e-01 5.120484246827100572e-01 6.133513519529840696e-01 1.710503736663041285e-01 -2.340618287727963820e-01 -2.631228039120155904e-01 -3.961494981136334803e-02 1.035222667049439799e-01 -5.311259239187718362e-02 -1.636139556564572550e-01 -1.723379135997618050e-01 -3.559193480140879218e-01 -3.149193423686385551e-01 -1.677022535953378024e-01 -6.216279914192684303e-02 -1.780944445244245500e-01 1.060531246753836504e-01 4.727895268189073047e-02 -3.528748033527908667e-01 -1.554902737091727050e-01 1.161871416013688513e-01 1.329567603617962980e-02 4.324510226990800899e-01 8.690410098448034804e-01 -2.213569996261576522e-01 -4.087686950860894841e-01 6.170303529660244035e-02 -4.322192754202454079e-01 -4.552708831890319163e-01 -3.947479326069387451e-01 -2.979185862344480573e-01 -1.899279480591330727e-01 -1.274324119829065849e-01 -1.872491656338294008e-01 -1.671381569632683917e-01 -6.767207574421442440e-02 -3.525111439701176796e-01 -1.691454403750319163e-02 1.956824206446401704e-02 -1.392936579126173406e-02 -8.300503919971242983e-02 -3.408096079250602095e-01 4.229681280478613317e-03 -2.867042410354472270e-01 -4.202302845576113000e-01 -3.776239029220180288e-01 -1.984573850264786943e-01 -4.056577369572352681e-02 2.954177989548310013e-01 5.375648873997294075e-01 -2.657180947614901784e-02 -2.167806025894416372e-02 -5.533661871711741814e-02 -2.451632552931901909e-01 -2.935357572017922578e-01 4.046846014470358022e-02 -5.688388219729834799e-02 -2.288957084322864322e-01 -2.321419064532261600e-01 -3.563015741810452441e-01 5.848575246733712651e-01 -2.271076100448835705e-02 -1.157771131194815367e-01 -2.246224504863416904e-01 -3.069507392863328188e-01 -2.016022910022966241e-01 -1.712753633186855917e-01 4.536465100296458580e-03 -3.086610308920596513e-01 -1.955230879845500092e-01
-4.405772362859820129e-02 5.974403950880687875e-01 1.571137448859093455e-01 4.883969304693158153e-01 1.000000000000000000e+00 3.267023890555007526e-01 -1.681075290899323657e-02 3.945355898358515190e-01 3.013974348758647892e-01 -1.522265446475784545e-01 -2.411133957509415532e-02 -1.602171773002448174e-01 1.231059858065886720e-01 1.890683471476243549e-01 1.422619419972067922e-01 -4.662860437383850934e-03 3.596472079100741098e-02 3.070767536781860985e-01 1.524040861987970286e-01 2.199411355453068095e-01 2.233175663534969213e-01 -2.015691810492251379e-01 1.662221080284189134e-01 -4.408900844699333021e-02 -3.154506040296369274e-01 -2.293510062508176683e-01 6.108165830116976669e-02 9.343369827273945161e-02 2.297200271996986121e-01 7.336465713054406146e-02 -8.649414196025419221e-03 3.320856051971464440e-02 1.384517261038808178e-01 1.544109127715752872e-01 -1.181104468565725811e-02 2.015813957436567161e-01 3.276675108386740143e-01 -3.616638331928199168e-01 -2.026496067180431626e-01 -2.031442166032438046e-01 -1.072206297904775146e-01 -1.242620100863741361e-01 -2.811994760529527015e-01 -2.818891592759423595e-02 -1.072951877213940662e-02 -5.312589135526606110e-02 1.122223207315227178e-01 7.804349415149527958e-02 1.494242984959577025e-01 -1.049930942052012678e-01 -1.327175424155407624e-01 4.372646954844239264e-01 1.278492098121775111e-01 5.501502632527091041e-01 4.052082123234611588e-01 1.907981690611409431e-01 1.735022438077488682e-01 2.130190348974330961e-01 -1.168806072745367797e-01 -4.421928047405519757e-02 2.772760664976191280e-02 5.370312556067118742e-02 1.800698320662052765e-01 1.355804880767989551e-01 1.733033866473535634e-01 1.385948728982832889e-01 -2.268372121541804010e-01 1.689797615527033336e-02 2.255647984317840082e-01 1.867519084337500024e-01 2.458125817477442299e-01 -1.492168470014275661e-01 1.814489727486581772e-01 -1.497695339757249000e-01 -1.078712430129310645e-01 -7.950914699858460666e-02 3.040005651338140713e-01 1.364337337274275086e-01 -6.017431045825220176e-02 4.529118893138563834e-02 1.580655774888861664e-01 -1.116255154487321433e-01 -4.119690275007215075e-02 -6.558249327374586490e-02 1.526663982795015695e-01 1.496557467032300082e-01 2.868889088612986971e-01 1.098564046091811269e-01 2.349836144666247739e-01 -2.209062208655380444e-01 -1.861432747889405458e-03 -3.421221343066191967e-01 -1.776618167407912063e-01 -1.052950935466362981e-01 -2.219109792166066852e-01 -1.001805816834636792e-01 3.781314572347335007e-02 1.195730197285409940e-01 9.700963526185815700e-02 -2.144178469242094542e-01
3.052050822835815080e-01 4.041531035941223204e-01 6.508454401441701176e-01 -2.719161517627391444e-01 3.267023890555007526e-01 1.000000000000000000e+00 2.592308416656521897e-01 6.073405775048259514e-01 8.025513487929123446e-01 3.051671852453306522e-01 3.254197294377723093e-01 1.596961216081041190e-01 2.547021915317075891e-01 2.231555981897812291e-01 1.530657714914319401e-01 -2.764708386195069423e-01 1.191301790534802507e-01 2.043545097269935384e-01 2.162892267121857559e-01 6.855726211757910693e-02 1.749137773146081931e-01 5.278196339651528013e-02 1.170664996397931396e-01 1.482193194246503587e-01 -2.237233157784251632e-04 2.402668433080354660e-01 2.456088274345821776e-01 1.818746811325696322e-01 4.303426676223764957e-01 -3.924411780435435593e-02 -1.484185827903812538e-01 -3.567024521795145175e-01 -3.093960544012804847e-01 -4.766918173784209095e-02 2.274167457220851452e-01 5.415736803746820094e-01 2.853172975366264907e-01 -3.159432453412573394e-01 -8.106497183078460733e-02 -2.081568104929811328e-02 2.128794251246842253e-02 3.750820940240747747e-01 1.182787444747042255e-01 1.783211625698909175e-01 4.653963757159208098e-02 -1.554415569219847956e-02 -4.987858387291550094e-02 -9.576585459516530341e-02 7.617082901062921518e-01 -3.968711158584358085e-03 -1.352982053909521955e-02 5.596131214062316506e-01 -2.020884538911187356e-01 -2.438267338670345730e-01 8.443154586000356510e-01 8.497939180906769474e-01 3.737016175326312584e-01 6.940073424714047201e-01 3.931838151853209173e-01 1.947135029998386391e-01 1.764303401765319468e-01 1.607496849765663038e-01 2.852687442574116661e-01 2.736220744243395009e-01 3.046066749487575387e-01 1.849625973300822457e-01 2.261376093716305213e-01 3.054620244012839093e-03 1.860683478544876146e-01 1.806176797900244102e-01 2.232029093234462747e-01 1.577599474146761382e-01 1.088156636763950580e-01 2.321501989875079663e-01 1.569586881479979601e-01 2.859351408385707449e-01 4.515094085190966555e-01 6.788926076486272165e-02 -1.801862646519181987e-01 -3.422586905771964894e-01 1.747106383188569423e-02 -1.978091153751624642e-01 7.098261252743032212e-02 1.434492255181705478e-01 3.003706827708556570e-01 1.159069003563379004e-02 2.955424052105620758e-01 3.028651239304881448e-01 3.960765427717704013e-01 5.613137809660739136e-02 -4.092599092474784594e-01 -1.820085012464041641e-01 2.725056444998501595e-02 3.823801546065345169e-01 2.467077678634787830e-01 2.228540338855658776e-01 6.178489033018530474e-02 -3.224418766763293559e-02 6.617295379494495533e-01 -6.786664797880040401e-02
2.578202385429227972e-01 1.296906383574536470e-01 1.922478800445138747e-01 -1.418068487097772779e-01 -1.681075290899323657e-02 2.592308416656521897e-01 1.000000000000000000e+00 4.747086385722577018e-01 2.059975879494674311e-01 2.619416863179028776e-01 -5.185128652810750555e-02 3.951132793016256389e-02 -7.033204388963046338e-02 -2.059059240779221034e-01 -2.202760198465958941e-01 2.616985494096444320e-01 2.812438499281896820e-02 9.571313695026041624e-02 2.617978308124911321e-02 -5.134441086548462152e-02 -5.795845871565505347e-02 -1.464520311422340126e-01 -1.518436512241333747e-01 -6.736402838933090720e-02 1.092070290053687720e-01 -8.873964412339187258e-02 -7.163616075448484000e-02 -1.807978231765882404e-01 -5.283773745863380722e-02 -2.337852628536385147e-01 -1.553832366067174897e-01 -2.907452831867134435e-01 -2.751574715627744805e-01 -1.540429315897753337e-01 -5.969557795950755641e-02 1.562600606963636743e-02 -1.190318422611937182e-01 -6.138686799788600768e-02 4.188937102647824484e-03 1.832393010636866326e-01 1.804081422348725872e-01 1.540214766663622059e-01 4.563305469426340299e-02 -7.796643060963298622e-02 7.246418180877742254e-02 -1.783873568199048354e-01 -2.044314728463450248e-01 -2.111220042487262361e-01 2.362165131492877101e-01 5.672249763130460254e-02 1.368149579518720405e-01 2.771233005814417449e-01 3.315180962277226584e-01 -1.379043992061149970e-01 1.058222709913971271e-01 1.785273931200540565e-01 5.650256598957331677e-01 3.317827699279184972e-01 2.180966486500164059e-01 -1.223753824171989885e-01 -5.246375961735960138e-03 -7.932260703456164852e-02 -1.417630978673158071e-01 -2.001068503840689461e-01 -1.310603788211828491e-01 -2.251999048205218235e-01 5.810759006246907221e-01 -7.705070105485867238e-02 -1.420502238064051403e-01 2.217367260378084667e-02 -1.541796547143672869e-01 1.058088540507458181e-01 -1.818636027324899151e-01 4.395365878134740445e-01 6.148343879546400159e-02 7.570398688223740902e-02 -1.072238804500582898e-01 -2.334584189654927699e-01 -1.423633790834240020e-01 -2.725188021435251406e-01 -2.473722529889869903e-01 -2.169794808397316199e-01 1.803474349610278971e-01 -9.092727966771976811e-03 -8.728434179970277762e-02 -1.637390308405766437e-01 -1.437740914631654987e-01 -1.856639441205908125e-01 1.285372226689859669e-02 6.489748863321621875e-02 -2.230525549530776863e-01 1.243036766930769588e-01 1.988108125264790860e-01 2.115509696192217348e-01 1.702870679630702488e-01 -1.635800902406428503e-02 -1.650144748247422133e-01 -2.113280917414439020e-01 2.255374375495973749e-01 1.469807873168001988e-01
3.811974113975216683e-01 5.970249784883008282e-01 5.637508358684197862e-01 -3.805836945808410698e-02 3.945355898358515190e-01 6.073405775048259514e-01 4.747086385722577018e-01 1.000000000000000000e+00 5.675773821883211001e-01 4.053642901645055502e-02 7.999826822172823038e-02 2.180316190375127666e-02 -5.188714042533078968e-02 2.295708951116327487e-02 -3.186012002320027375e-02 1.542441254514006488e-01 1.959944428156721319e-01 5.678337880734302123e-01 2.416155524673001265e-01 -2.356567394165964141e-02 2.110353008612733117e-01 4.511909128264610797e-02 7.689535172209988056e-02 -3.529762264857182891e-02 -4.058622814193881684e-02 -4.167011270765568626e-02 4.575247315919821200e-02 5.381545385376228924e-02 2.102398587003976860e-01 -1.026930417053990990e-01 -1.328805477228813259e-01 -2.639321993816371448e-01 -2.369993942854505820e-01 1.431212683194876545e-01 1.626703834781515756e-01 3.120491806700982362e-01 1.750852348124160573e-01 -4.366492763381514264e-01 -3.177209922357269734e-01 -2.367960135295979207e-01 -1.741587498933547251e-02 1.079553762227676988e-01 -8.574094531074792636e-02 -1.175455399277745006e-01 7.832982590371707909e-02 -1.448439731245630691e-01 -1.721764435800412218e-01 -1.317442546147026272e-01 4.810130950000423566e-01 -1.380614461164652029e-01 2.811790744575329640e-02 6.507329015020409946e-01 7.742344468557643689e-02 -4.653986773623623036e-02 5.848384844520078119e-01 4.915570675403151957e-01 7.577455172921016002e-01 5.794913476015879361e-01 4.723076843102778921e-02 1.117226901201444182e-02 -8.556460066654666963e-02 -1.466469131640667500e-01 -4.354227959716421709e-02 -8.118118802434763290e-03 9.044522713199731889e-02 -5.046933532535904238e-02 8.296828725160416973e-02 6.038746744833412700e-02 2.697864706466286955e-01 4.348345097330723608e-01 7.005822968470672152e-02 6.059642598715385409e-02 1.575645265461536604e-01 -2.743967517534968981e-02 -1.824901364910179805e-02 1.288663656200680352e-01 2.023097896641415094e-01 -9.070170177547653978e-02 -1.828802067308552826e-01 -2.973854799422451789e-01 -9.135942592018868325e-02 -1.986728457481471699e-01 1.181962487622093272e-01 2.003582842437714173e-01 1.689162562168391446e-01 -1.151698654628442314e-01 1.237034064197860550e-01 1.091082595093545021e-01 2.287719988341558319e-01 -3.628020849166287837e-02 -3.003939910149410752e-01 -2.824737255727542973e-01 -2.875465498568261502e-01 9.935177181102027022e-02 -5.059911881823695584e-02 -7.176044339028833652e-02 -1.501904521633772027e-01 -9.156534805486626905e-02 4.154785173359893946e-01 -1.251246473182925922e-01
1.778906271575959874e-01 3.511795868698901479e-01 6.330544235276187592e-01 -3.772077953530231786e-01 3.013974348758647892e-01 8.025513487929123446e-01 2.059975879494674311e-01 5.675773821883211001e-01 1.000000000000000000e+00 1.824178787066904062e-01 4.144794283615506614e-01 2.599923105927793854e-01 3.428115571521954119e-01 3.267998262880345561e-01 2.680852172094902452e-01 -3.270923085454208734e-01 1.673702929742596213e-01 2.740677558799718971e-01 3.084824622692403095e-01 2.735405131653548816e-01 3.320993240252505529e-01 4.124738064335839449e-02 2.338619661121264515e-01 2.567881732573426001e-01 -9.522177250121253989e-02 3.141345112413430063e-01 4.022411436684742436e-01 3.245943683152870407e-01 5.324147757448544072e-01 6.203632317630601578e-02 -3.562167308779209396e-01 -3.982282134444597999e-01 -3.682061496697031089e-01 3.024923412990555838e-02 3.161867231089269814e-01 7.063044478435386297e-01 3.315341821938319611e-01 -4.133121061013220188e-01 -1.240353833952049789e-01 -5.521978283847388952e-02 1.414562361572888893e-01 2.543726628017966007e-01 7.940940294325496418e-02 1.900543400782238601e-01 6.365543145786078938e-02 1.580772728305778196e-01 2.949099603826877206e-02 5.465734890164608561e-02 7.254442625002311962e-01 1.445406470808760779e-01 -1.331517783626176565e-01 5.215813023721430630e-01 -2.364372941360629032e-01 -3.143140641011261671e-01 7.959523857299292127e-01 8.390402170125920156e-01 1.896303035390033975e-01 8.795012896724747620e-01 3.453213145199643397e-01 4.102520395602374248e-01 2.731169518567462262e-01 2.380440819091203530e-01 3.743971720247976642e-01 3.827568401735312875e-01 4.250424807635332369e-01 2.992905488135874092e-01 1.715620203706979541e-01 3.981503756481233336e-02 2.012015825349570408e-01 2.943408276789918343e-01 3.974363489756272405e-01 1.933510201373233039e-01 2.089990411049368613e-01 2.193186830563382261e-01 2.459662822992229048e-01 2.899057539427949415e-01 5.552895671330794203e-01 2.106246471359683736e-01 -4.111289109841460010e-01 -3.851927774853181052e-01 4.524379980548738633e-02 -1.093000241537932932e-01 -5.016363538023935198e-02 1.756615113734976974e-01 4.463233327077488766e-01 1.082422045065436628e-01 3.163231425536884300e-01 3.755747377049897806e-01 6.215763965417216985e-01 1.297130022298248198e-01 -5.039817619566323570e-01 -2.883969089110230422e-01 -1.006481181806661088e-02 1.596796923039971172e-01 1.250969325309260471e-01 1.947217766049039733e-01 2.268479538508832716e-01 1.258272898501131276e-01 6.058152289605039931e-01 8.707520747617289447e-02
1.716136371284420481e-01 -2.698218109736348347e-01 -2.830810252544784314e-02 -3.682185890353855129e-01 -1.522265446475784545e-01 3.051671852453306522e-01 2.619416863179028776e-01 4.053642901645055502e-02 1.824178787066904062e-01 1.000000000000000000e+00 4.189303587354809566e-01 4.092212786383201961e-01 2.278945110376885408e-01 -1.705388629259755595e-01 -2.385787999375679758e-01 -1.745675970065654892e-01 4.467015295408575601e-03 -2.762460313576428628e-01 -1.282728247809135913e-01 -1.812326030755592177e-01 -3.073594967710134851e-01 1.061435716119843720e-01 -2.730565950727482649e-01 2.454586284768750515e-01 5.198677380240361856e-01 2.980109010179651796e-01 6.287765101869578765e-02 -3.061498197975393715e-02 5.179194982248729734e-02 -2.740215920779585090e-01 -1.612433902268762820e-01 -4.174207391925575661e-01 -3.405790315479038100e-01 -1.842601962585682374e-01 1.119650053037219012e-01 2.265525251070676926e-02 1.483627274122137629e-01 2.428562096169377960e-01 4.562371675639569357e-01 6.247260126340963282e-01 2.926824336956864725e-01 6.317796578324640366e-01 5.419248123500792769e-01 3.190780516490419050e-01 2.496339944462047933e-01 -1.315997939224831069e-02 -1.760588344161099772e-01 -2.713543412603906524e-01 2.936611056388663821e-01 1.698397037174479429e-01 -1.716575705799137097e-01 -9.698459484239234374e-02 -3.162457970706084587e-01 -3.692184736671721978e-01 1.217724355019671467e-01 2.735227789691417333e-01 1.052033759881876723e-01 2.179041222682799872e-01 8.114781186981816496e-01 2.765202150944485737e-01 4.908256194921027382e-01 1.969366241161094877e-01 1.388543141205161313e-01 5.413131598684019913e-02 1.860331482757989277e-02 -1.972957379648851151e-01 5.251364643101115171e-01 -3.661223320302437606e-02 -2.263365006555648901e-02 -2.204591833654044042e-01 -2.141534677259672725e-01 2.587022275500905355e-01 -2.648864960854228623e-01 5.138912810471585324e-01 2.737586394487471209e-01 5.026469561203136260e-01 9.372051876900482081e-03 -1.844264907349194849e-01 -1.135986115969588595e-01 -4.321126444647015452e-01 -7.513622596737603958e-03 -7.929779884797689971e-02 4.195013372180030897e-01 2.273060698554510151e-01 5.226368592182170647e-02 -1.804943854841948025e-01 9.694490478932014932e-02 4.435323546085215285e-02 9.049745743499493407e-04 3.159087426823807276e-01 -3.632004760427857137e-01 3.261599449322815092e-01 4.374514797228871155e-01 4.802475256702459228e-01 5.977763219564603547e-01 3.724124165196845415e-01 2.287227094757293688e-02 -2.456004500475841290e-01 3.009212498719914253e-01 2.555883875505030600e-01
-8.641658090294179750e-02 -3.983432984752849348e-02 2.482473061034831951e-01 -4.069039247517876046e-01 -2.411133957509415532e-02 3.254197294377723093e-01 -5.185128652810750555e-02 7.999826822172823038e-02 4.144794283615506614e-01 4.189303587354809566e-01 1.000000000000000000e+00 7.346905957096322437e-01 6.055621193100277910e-01 4.109835161807957604e-01 3.246161530141792317e-01 -5.318238834658748360e-01 2.885014459977240375e-01 8.877087617211519566e-02 2.963777081499578969e-01 1.380266209093713448e-01 1.968151767223061677e-01 3.272870680660977527e-01 2.469657051779600154e-01 6.732812592551462583e-01 2.548132152061134414e-01 6.922017750496697319e-01 4.289066812254983541e-01 3.696930021359585705e-01 5.428996376568380189e-01 1.269388268809462372e-01 -3.844132851019581576e-01 -4.297962300688233928e-01 -4.489481250894692410e-01 1.196861109049953825e-01 4.005384688212875743e-01 3.518894772353767797e-01 3.938343346035344528e-01 -2.592042900909760639e-01 1.403637903160092626e-01 1.782011086190509186e-01 3.687210083339885203e-01 3.819376079790705591e-01 4.000204631481044659e-01 4.510585772235396473e-01 2.280916731679661358e-01 2.821559952907516933e-01 1.858896495630764645e-01 1.314250705104044181e-01 4.807554742969459838e-01 3.964723532770321190e-01 -4.319896195800059235e-01 6.695482463187074629e-02 -5.540706754536430800e-01 -3.370443162963037143e-01 3.333097054619097999e-01 4.250117776544730663e-01 -1.607997867449862672e-01 3.635024874093016889e-01 6.023016105496327155e-01 7.820269218478241857e-01 7.289842638527986862e-01 5.550334976848546598e-01 5.236335989546503367e-01 4.922774996034209316e-01 5.180725178497129768e-01 3.849901882105003503e-01 1.301949664047558075e-01 2.150283054301125041e-01 3.402629927439455582e-01 2.148903709748404556e-01 3.417366430896166540e-01 4.604512745592590495e-01 2.607883914861686692e-01 2.170968619804183319e-01 6.094704992884825145e-01 5.873671610219425299e-01 5.468100638602687580e-01 3.131534528599677625e-01 -4.271792498101912305e-01 -4.030500428443570260e-01 2.915466969405188236e-01 8.401813011302462775e-02 4.613615345884672370e-02 3.278762096638906942e-01 4.374810734156504011e-01 1.978501741829870320e-01 4.518099632726316206e-01 3.840514739106916653e-01 3.436882892144567658e-01 4.088663947102730289e-01 -5.163058001124865015e-01 -1.780920443674456344e-01 1.075413320124416899e-01 2.000330742346226320e-01 3.741048609022536997e-01 4.502620085843450637e-01 3.579673934369710375e-01 2.019583153841385259e-01 4.201768866737406460e-01 3.689413420585355152e-01
1.473580739449326148e-03 -1.361289698109326429e-01 1.666731611659847678e-01 -3.674859464680523269e-01 -1.602171773002448174e-01 1.596961216081041190e-01 3.951132793016256389e-02 2.180316190375127666e-02 2.599923105927793854e-01 4.092212786383201961e-01 7.346905957096322437e-01 1.000000000000000000e+00 4.096483011741284264e-01 3.288858739831468925e-01 2.556585053415253994e-01 -3.433980853663197164e-01 3.118507365332360837e-01 7.748002523394544039e-02 2.952789462993251624e-01 5.701600274967733029e-02 1.986698168422268984e-01 3.907492033542789844e-01 2.597929824797670095e-01 5.971698144732938696e-01 4.367575483107608014e-01 7.649809961750940746e-01 3.051978210729275331e-01 2.459651534315533683e-01 3.027483075487905628e-01 1.195981782668690679e-01 -4.653738078108598519e-01 -3.046367824698983373e-01 -3.741064555467275010e-01 6.542529684144877955e-02 3.631250727151825175e-01 2.038508863298979235e-01 2.683848217448735474e-01 -1.022953388709093719e-01 2.061861953904856326e-01 2.259076846764932200e-01 3.287876404901344252e-01 4.991219830027879278e-01 5.656173523230089151e-01 3.791801044941062182e-01 2.438946740342321506e-01 2.563449530885969496e-01 1.861375037128261967e-01 1.487117872984751177e-01 3.558192211993970178e-01 3.233703797441789818e-01 -3.060077813423422444e-01 -2.363512825589424854e-02 -3.930972227177957912e-01 -2.830441527513964939e-01 1.318549712647747452e-01 2.623787330302674303e-01 -1.176559319779664908e-01 2.520031345605194262e-01 5.175143811039562003e-01 7.612160360952494598e-01 7.556757975486323442e-01 3.539844198511282736e-01 2.936416446973593164e-01 3.260202762049457248e-01 3.864733331762016944e-01 3.060292942846382092e-01 1.990251454324578617e-01 2.968776177878024725e-01 2.530137700345048146e-01 1.882583787541471376e-01 2.329961673786673515e-01 4.875082261357304714e-01 2.297697018860838658e-01 2.679377346465847687e-01 5.909621864597952579e-01 7.669826272684119317e-01 3.299051889574262653e-01 2.561389055538230153e-01 -4.582191126588285313e-01 -2.588250983842902420e-01 1.787142414814703040e-01 3.440045919616126213e-02 1.278819299075261151e-01 3.592494818746198026e-01 2.753286740893692297e-01 2.073833627045876815e-01 2.821448580262333472e-01 2.653695767367899028e-01 1.815597982480052774e-01 3.967490830866396423e-01 -4.500947101154836316e-01 -8.680350751317028601e-02 1.342844269848677830e-01 2.353772479610452273e-01 4.956529790341982489e-01 3.948641472584621392e-01 3.073149370239968703e-01 1.663832567310584709e-01 3.410774438854061730e-01 3.669645471058188835e-01
-2.740103587734395441e-01 -2.388880054897341010e-02 1.371962419003168454e-01 -1.888470116506702490e-01 1.231059858065886720e-01 2.547021915317075891e-01 -7.033204388963046338e-02 -5.188714042533078968e-02 3.428115571521954119e-01 2.278945110376885408e-01 6.055621193100277910e-01 4.096483011741284264e-01 1.000000000000000000e+00 4.764237596881515380e-01 3.784381861875251163e-01 -4.202933529639190091e-01 4.158470120620325061e-01 1.608787827283457150e-01 4.169836556244534420e-01 3.618494140401755099e-01 2.777133955272573784e-01 3.178176883313320045e-01 3.546984825559744148e-01 5.831270808188278032e-01 -5.903460918071548602e-02 4.654643211676086079e-01 5.736943152695976877e-01 4.830015834427017207e-01 5.861318946799848328e-01 1.829792263779885242e-01 -2.425146201968685911e-01 -2.740595152365131182e-01 -1.909242459917759038e-01 2.447375889767665624e-01 4.185239656689974663e-01 3.520657052018365540e-01 4.313114122491271685e-01 -2.029099244769759780e-01 2.451789235165759417e-01 2.181301663896764997e-01 3.506725837375395671e-01 2.133096592805772407e-01 1.707505574931498793e-01 4.384070420865636142e-01 1.042349480709491016e-01 4.004058847787025366e-01 4.253551780597664700e-01 2.631749416296246258e-01 3.324378742096039674e-01 4.383469386842934190e-01 -3.933860687140778301e-01 4.293876740499863454e-02 -3.379612835178855135e-01 -1.195997128604967819e-01 3.059073722041616428e-01 3.629442344310950253e-01 -2.986968365889750010e-01 2.537175803379366212e-01 4.123003128110007132e-01 4.687157672336557668e-01 6.178811930049411538e-01 8.602072095050754541e-01 7.460767101101531962e-01 4.151812604628778436e-01 4.803751270611378854e-01 4.273287341580185306e-01 1.105418617289438341e-02 2.888863716899849332e-01 3.157676322939584890e-01 2.048357788206350283e-01 4.236524841993791202e-01 4.834833832298132683e-01 3.075814122462177114e-01 1.771566304093032118e-01 4.355348069593630855e-01 2.862502375015962275e-01 5.850035020612468495e-01 4.344916573720633002e-01 -2.937017089843343420e-01 -2.200690592616113272e-01 3.769303306867471393e-01 1.680519986485916051e-01 -1.104134980448402831e-01 1.279916248345726593e-01 4.450052464604417612e-01 4.098873628151135651e-01 4.463309787562884101e-01 4.559558592492808926e-01 4.013171843222732571e-01 2.442363468020442574e-01 -2.994411064104178233e-01 -2.108290651675601979e-01 2.005186627609679417e-01 6.973923692043863809e-02 2.302574434772023670e-01 4.175943431069408796e-01 5.049950079459424312e-01 3.642941549582391358e-01 2.980335146084747699e-01 3.097154426958116935e-01
-3.301479458614416385e-01 1.069027039898690773e-01 1.491858317328144390e-01 -4.637879056835663566e-02 1.890683471476243549e-01 2.231555981897812291e-01 -2.059059240779221034e-01 2.295708951116327487e-02 3.267998262880345561e-01 -1.705388629259755595e-01 4.109835161807957604e-01 3.288858739831468925e-01 4.764237596881515380e-01 1.000000000000000000e+00 8.671483306074047048e-01 -5.026980560102460860e-01 3.645784104916837132e-01 3.299024828754211214e-01 6.456746320569580755e-01 4.519428591859708244e-01 7.602615917210878704e-01 1.917055309089953918e-01 8.304424342111742519e-01 4.201183300351441496e-01 -2.980984107984421261e-01 3.656910686811563616e-01 4.932506575560305917e-01 5.426546403062538770e-01 6.020551714536417354e-01 7.091335759097554536e-01 -2.418225446948957247e-01 3.828251740856647152e-04 -7.857854258660167124e-02 1.748538932221841702e-01 2.465411640166940144e-01 3.714290314772111246e-01 3.023157089985701318e-01 -4.325837339380871893e-01 -9.615454704324646884e-02 -1.983135154392725308e-01 2.006945967159780644e-02 2.441887122176056302e-02 -1.341076435126038469e-01 3.041062385808694923e-01 -8.981749320401928582e-02 4.735866916509055002e-01 7.070891373614115460e-01 6.584205508966765041e-01 2.931552336457202146e-01 1.814238863099572607e-01 -4.133723388523115605e-01 5.378011712593136484e-02 -2.452685006254362587e-01 1.164116609121024215e-02 2.836472432545017464e-01 3.120981969713827464e-01 -2.821262352348221647e-01 2.234206162659455319e-01 2.099664332359339400e-02 4.496901286280978183e-01 3.337459181432774202e-01 3.629240271587686473e-01 6.570499438587960039e-01 6.889905878444430032e-01 8.190432641099105737e-01 8.851209123871316420e-01 -2.587596597070668802e-01 3.640173263907324763e-01 3.848050987974233061e-01 4.138596844552752674e-01 7.769022422688920404e-01 2.976999490889963296e-01 7.686346466873240635e-01 -1.024341295922186340e-01 2.471233717833488386e-01 2.224388099510732908e-01 6.794623982577580046e-01 7.871265497334477557e-01 -3.630050584060696139e-01 1.000267292385472184e-01 2.232162758865871011e-01 6.403937709347384821e-02 -3.821126068716685920e-01 2.803309524617344280e-03 4.264525908390989772e-01 6.842910349976810691e-01 3.652877319888594432e-01 4.912542638929656702e-01 3.419819176436670882e-01 1.604736060299429001e-02 -2.492331017174217733e-01 -5.140192291224348065e-01 -6.858473364772570136e-02 -6.320579363830279573e-02 -1.139160869442954194e-01 2.289404926213909619e-01 5.379913915233837107e-01 6.937819174304694636e-01 2.324614712271080574e-01 3.344295996514941305e-02
-3.340807423423030054e-01 8.541801574920650231e-02 1.062371518348341898e-01 -4.489745504478977883e-02 1.422619419972067922e-01 1.530657714914319401e-01 -2.202760198465958941e-01 -3.186012002320027375e-02 2.680852172094902452e-01 -2.385787999375679758e-01 3.246161530141792317e-01 2.556585053415253994e-01 3.784381861875251163e-01 8.671483306074047048e-01 1.000000000000000000e+00 -5.216863136611236129e-01 1.765095104452579777e-01 2.676516163586599717e-01 4.936593888817341624e-01 5.235934637007048087e-01 7.990705243918599932e-01 6.483459610837921661e-02 8.463769819229840508e-01 3.391770967519524560e-01 -3.355714062122399644e-01 2.945343287916619701e-01 4.532674320368142440e-01 5.730264239048193931e-01 5.762702993991433154e-01 8.208586829750614822e-01 -2.512271821713845110e-01 5.100419861860129578e-02 -6.294041684161326422e-02 9.051481626613643028e-02 1.402430610284757240e-01 3.626726915165134346e-01 2.032494139858235238e-01 -4.409785857785162300e-01 -1.527439735776095486e-01 -2.420070399353115576e-01 -6.106793424259456676e-02 -7.650550203044972908e-02 -2.152002512576626780e-01 2.134020111206893777e-01 -1.676537382133841125e-01 4.939958930011146832e-01 6.942630715405873065e-01 7.162416098219017702e-01 2.528136538949505296e-01 9.307548862775121001e-02 -3.787041409289929050e-01 4.355145840017681652e-02 -2.051962929575640304e-01 3.699234587858420825e-02 2.055458687620961011e-01 2.761260830647263576e-01 -3.103668606004041930e-01 2.028910136129216946e-01 -4.059962212215220689e-02 3.757568741651020616e-01 2.500525573957523839e-01 2.923032141531874406e-01 5.564828357550251070e-01 5.811703209138820991e-01 7.444177323714685768e-01 9.202466493588280505e-01 -2.107765297370228774e-01 1.826814713823458614e-01 2.310405341592210449e-01 3.575835745661875564e-01 8.405854746261377519e-01 1.641776232115528811e-01 7.309956978713491038e-01 -9.165613440763614728e-02 2.267711941950629473e-01 1.684058631676500772e-01 6.534797227256929908e-01 8.309722158891853505e-01 -3.563752823337338338e-01 1.652855595231548791e-01 1.407974965944442658e-01 -5.309393627861706821e-02 -4.569170293128334004e-01 -1.041166368547940674e-01 3.980191153912014390e-01 6.509594141236201281e-01 2.819657882115485514e-01 4.533462571650717643e-01 3.527679942931883361e-01 -1.093924867681668051e-01 -2.139214342497119115e-01 -5.088656600883157965e-01 -7.413750260027195116e-02 -1.459636688839336949e-01 -1.900752594282792141e-01 1.408924723725374084e-01 5.092723959686440427e-01 7.283113390549225130e-01 1.997757047834200494e-01 -3.773757557924102557e-02
