1.000000000000000000e+00 -6.712338733159407822e-02 1.839674377677465167e-01 -3.051960886958748342e-01 -1.461041448156999989e-01 -4.098876692290463232e-03 -2.879367230520989314e-03 -1.159669531791675812e-01 -2.284745306125531561e-01 -1.454398948790296131e-01 -7.382813297524913609e-02 -7.889846596873721293e-03 -1.548258109843714536e-01 -1.590569781570609631e-01 -1.298939354676063862e-01 2.222095876733852227e-01 8.762893409133509087e-03 2.980188963841613053e-02 -1.848155184041909704e-01 -4.493654997256393141e-02 -1.393347632986047802e-01 2.481981293345570938e-01 3.637563512935022142e-02 1.875520081082625024e-01 -3.360383586734591588e-02 1.039224201755321528e-02 -1.845271457654218961e-01 -6.547907304946375129e-02 4.375887461901771525e-02 -4.897414202578841830e-02 -1.634315461836853209e-02 3.238494519372499963e-02 4.446626633292730807e-02 2.345462812866515034e-01 3.447222217861586890e-01 1.898208632385560701e-01 -1.566888640497924798e-02 1.828496441335400180e-01 -1.227403606802915659e-01 -8.225363814039945987e-02 1.985844008442889941e-01 9.377888139910200982e-02 1.812773761602933520e-01 8.354405091625104196e-02 1.080758484067242432e-02 -6.391104173705580704e-02 1.340610520855431143e-01 1.433754583135045391e-01 3.353099857786145943e-01 1.270786823711847480e-01 6.266022182581565403e-01 1.112062457779265101e-01 -1.123157646430179195e-03 -1.703297063956355772e-01 -4.027150028588088321e-02 1.425591614225240472e-02 -8.840844952853793570e-02 -2.614640622304804651e-01 -1.458991796472583480e-01 1.677494192511065282e-02 -7.209729776030866788e-02 -5.659685373783437251e-02 -5.490151863102502028e-02 -1.786710213301885564e-01 -1.026731883887135183e-01 -1.564739088193683736e-01 3.723192213256844019e-01 -1.096134306172326205e-02 6.861766499547759975e-03 -4.445851373119815569e-02 -1.401352787080588080e-01 3.298629803124239479e-01 2.039410230779853117e-01 8.059045344834918356e-02 -5.721864948494507358e-02 -1.912088350570622655e-04 -2.751434296375360102e-03 7.123740159133312710e-02 -2.770351513479420505e-02 3.346021841209015357e-02 2.218268541895554447e-01 1.485264806007983995e-01 -4.542422590053824677e-02 2.988449294003887591e-01 -3.437103604064237761e-01 1.379784271726121891e-01 -1.079672393047638040e-01 9.640104706873497270e-03 9.740493655596109412e-02 7.261450167152713742e-02 1.627079300617153834e-01 7.022088909026119596e-02 -1.143046447287174028e-01 1.340568671001950707e-01 8.390629560586156110e-02 1.053584688885957632e-01 -1.076673752977658494e-01 1.061271732558080744e-01 4.078694555008124389e-01 1.403231979271927221e-01
-6.712338733159407822e-02 1.000000000000000000e+00 3.844398662138912015e-01 7.137602761201535806e-01 6.546317009668652931e-01 3.603741275024213708e-01 4.932756291042942332e-01 3.800419016876577238e-01 4.778557532901333560e-01 -3.408516990827296644e-01 -4.477107243939151271e-01 -3.346416067111434023e-01 -3.418861565455776907e-01 -2.464517713529980614e-01 -1.595522700113345127e-01 3.402545817631981717e-01 -3.174806408487964027e-01 3.027326616924367331e-01 -1.280378163048715989e-01 4.246892743378453683e-01 -1.524644858194702246e-01 -1.286630575247205976e-01 -1.163668342496010227e-01 -1.670440344005068856e-01 -2.474987677607302650e-01 -4.665187222136230050e-01 -1.751151146342873888e-01 -2.720361305221792314e-01 -1.208812059050225207e-01 -2.539170330467186432e-01 2.237120157861298420e-01 -3.691158975381382823e-01 -4.407883632794690199e-02 -1.083027679093555989e-02 -2.545083786873270082e-01 3.152981292350009457e-01 -1.122209285125801426e-01 -4.287111100321822077e-01 -2.697330313626933873e-01 2.558629640071211769e-02 -2.032473073217476722e-01 -4.221373120505869103e-01 -4.102980257053694957e-01 6.727494103105634282e-02 -1.077981609348833275e-01 -2.486332318570972921e-01 -1.094385271539976001e-01 -1.378458892638072253e-01 -1.206814565578133436e-01 -6.731859920408871274e-04 1.331843554011052366e-01 5.912230470597558130e-01 3.909339028158735352e-01 7.552474941268496611e-01 5.297317035234969662e-01 -1.767631100236539132e-01 5.364455647731498633e-01 4.978692193633793006e-01 -2.564408027405117307e-01 -4.447159738087707037e-01 -3.099418934825411420e-01 -3.728130225149927646e-01 -1.195709642336502121e-01 -2.610222226715413485e-01 1.577305035728428922e-02 -3.196977015127065447e-01 2.016777337996214503e-01 -5.692354505251118885e-02 -6.594401431719561224e-02 1.708960586381345070e-01 -5.418128360071669536e-02 -1.414540653065374937e-02 1.245454070231971286e-02 1.037115463402192295e-01 4.019546706955312576e-02 -2.784667754289246178e-01 -1.250481068939478420e-02 -1.772644628706765077e-02 2.760257950488035350e-01 -2.671970713325345637e-01 -1.801854026923780105e-01 -1.468080776745420424e-01 1.841265967201372034e-01 -6.953687048485286681e-02 -1.146874831505813319e-01 1.207859091373476856e-02 4.034406365789024000e-03 -3.237982864647137027e-01 2.619219737616910737e-01 -8.348076097478238089e-02 -2.307670594021606902e-01 -3.568759009355755296e-01 -2.337485609095535932e-01 -1.377842705889543717e-01 -2.743738467385408719e-01 -1.093898919813892229e-01 -1.124530734719766112e-01 -8.417282493033814705e-02 -6.451781645992912817e-02 -1.014267256922461308e-01
1.839674377677465167e-01 3.844398662138912015e-01 1.000000000000000000e+00 2.486105347937721810e-01 2.926129646301941500e-01 6.196085348113373747e-01 3.238665436299824063e-01 4.483448459277329379e-01 4.848629373471320392e-01 -1.487990025641018343e-01 -9.812667272362202153e-02 1.162387393343609632e-01 9.029474979570975557e-02 8.642276662203550452e-02 4.986183496181547520e-02 1.474038904155696439e-01 1.663286945822803065e-01 3.374683650718796057e-01 1.905620832800430098e-01 9.107187347615321171e-02 1.414547632131799848e-01 1.137660595886159365e-01 4.058734070350694667e-02 1.435733890136750568e-01 -3.390102355274631218e-01 -9.180862979358248022e-02 -2.752998045965265317e-01 -1.631686224346303171e-01 4.474255086039887613e-02 -4.857555513219203452e-02 -1.565909749445841548e-01 -3.678212887448684132e-01 -2.428853114611153607e-01 3.011574767964913385e-02 2.492785086428254623e-02 1.252713523911234417e-01 -1.486712518634786540e-01 -2.466891552314532943e-01 -1.691117688566703692e-01 1.381983011799806371e-01 -2.028956969267580457e-01 -1.779457493144812885e-01 -1.316550414652074008e-01 -2.462517864587529179e-02 -3.273822120794444568e-01 -2.469862107891588887e-01 -6.465170459153662952e-02 -3.771364860204805963e-02 1.011633216347185837e-01 6.475196979590078228e-03 2.093965428850917687e-01 6.358658591600369059e-01 2.192495903364003740e-01 1.635566033515450102e-01 5.656422871839710265e-01 4.730077680098344062e-01 4.071723611983653623e-01 3.764060856822656342e-01 -1.978649286278504754e-02 9.662638807014578557e-02 9.993204757048958220e-02 9.706388214067714071e-02 2.686575345720828012e-01 6.867054671369560159e-02 3.059415924051285263e-01 -4.960463914734418445e-02 9.614014033546719462e-02 3.491700958412045086e-01 2.798505886337829818e-01 3.436589866187678699e-01 1.014615306508834663e-01 2.544245772602669597e-01 2.937542685596669090e-01 2.093739080693858279e-01 1.459060330751547618e-01 -2.286930712839379057e-02 3.608566051507920008e-02 5.454943779732564918e-02 -7.752763292841564902e-02 -1.929147459308843127e-01 1.123333964535991325e-01 -1.348428886240490565e-01 -1.534243858620846224e-01 1.413104944531853591e-01 -2.415175836726739800e-01 9.236167828143977687e-02 -1.230601421515319649e-01 -2.404521924148125267e-01 1.630015236853094851e-01 -1.030064474079459280e-01 -3.319684396602728405e-01 -4.253219857113690189e-02 -1.755226037406470430e-01 -1.725415578779371795e-01 1.465178688776487895e-02 -1.012626981592690129e-01 -1.298474567384982903e-01 4.688441617135495620e-02 1.494609537853861525e-01 4.953925248946675075e-02
-3.051960886958748342e-01 7.137602761201535806e-01 2.486105347937721810e-01 1.000000000000000000e+00 6.241195327808926052e-01 1.820085903812510841e-01 4.739557756744965933e-01 4.067446016245478968e-01 4.306719011311715417e-01 -2.024173356418141612e-01 -3.367564395720964443e-01 -2.706392473983780800e-01 -2.230619253198349028e-01 -4.485825416377407782e-02 6.647145352169412692e-03 2.272721076767734993e-01 -2.859357486480036403e-01 2.512060834250554042e-01 -1.285532966069256877e-02 4.290451154592834770e-01 1.015145156976538648e-02 -2.357719748116971215e-01 -9.269896720913162191e-02 -2.676705126049955252e-01 -1.869701285654462031e-01 -3.627407683219172063e-01 -1.461680237462620879e-01 -1.603273474281536881e-01 -4.558133015692811957e-02 -1.440310849417415495e-01 8.332412789490001304e-02 -2.920991474462062976e-01 -4.114601448595810868e-02 -1.266233283514688057e-01 -3.774143206975608122e-01 1.952478270975626928e-01 -5.452595855139945324e-02 -4.762357617522023912e-01 -2.289539691702559832e-01 5.329147460657586086e-03 -3.421470669446806112e-01 -4.817390864489569657e-01 -5.123779132718929707e-01 4.162630794579701143e-02 -8.284858636002910559e-02 -2.353882130516741222e-01 -2.014350282037492557e-01 -1.696953881737461034e-01 -1.573516872670907840e-01 6.230062666569551912e-03 -1.130127226300594590e-01 4.141616025245157262e-01 3.808173963143267060e-01 7.639533435314723731e-01 3.611055899358371346e-01 -1.411979468349894018e-01 5.033217790817197113e-01 4.714632857715306269e-01 -1.706171029261981942e-01 -3.618120519300346283e-01 -2.520616061050595658e-01 -3.260438577247903313e-01 -1.046098025918997115e-01 -5.498033795788339478e-02 1.277017545661450482e-01 -1.105193728866175756e-01 -1.962219025794482638e-02 -4.277639045129988382e-02 -5.677393280840260792e-02 2.005824308667514821e-01 1.160655462662191773e-01 -1.953779439477402180e-01 4.135072711865888338e-03 -1.210136029527681192e-02 -6.001527014422527480e-05 -2.635762287554203054e-01 2.653718800388404648e-03 -8.968897876415478365e-02 8.831727732321578705e-02 -2.025087923623158925e-01 -3.054508597484973942e-01 -2.412606212426385843e-01 -2.462438648621102094e-03 -2.116894285102251805e-01 -7.115806914039744802e-02 -1.140225546836509535e-01 6.748220965596095355e-02 -2.951709070543473978e-01 2.121219358153658419e-01 -2.122126222634818093e-01 -3.625352468730577149e-01 -3.124112773302916701e-01 -1.738885521279768531e-01 -2.324973996344730787e-01 -3.013215099200925451e-01 -8.253275582749534933e-02 -1.041451732119003937e-01 -1.386489207057078343e-01 -1.316784063850460762e-01 -6.048979480348540966e-02
-1.461041448156999989e-01 6.546317009668652931e-01 2.926129646301941500e-01 6.241195327808926052e-01 1.000000000000000000e+00 3.541988664225644290e-01 2.720040149341679814e-01 1.569457004895038199e-01 3.843580522460481874e-01 -4.094395413755538282e-01 -4.842389164371901367e-01 -3.778387846049165999e-01 -3.880012777641324018e-01 -2.703101311261956186e-01 -1.787398053092082717e-01 1.009573442924667774e-01 -2.905179297591333198e-01 8.844381891593111611e-02 -1.769120898251266005e-01 3.772762759640543861e-01 -1.437912395716670899e-01 -1.933340484033750362e-01 -1.805255217946859503e-01 -2.450082410340219952e-01 -2.594140817959585954e-01 -2.900848564589099121e-01 -7.749836399189878600e-02 -1.766978356886341750e-01 -1.014252973012171460e-01 -3.035220257531978105e-01 -6.655347691751199550e-03 -3.110676832770928324e-01 -7.076123278055844457e-02 4.850643754315872754e-03 -2.335441651588067435e-01 2.698590410911659299e-01 -3.982524054998449331e-02 -3.924350272274972906e-01 -2.082674913284496276e-01 -9.341756690704405841e-02 -1.584737708956943658e-01 -3.899101553393873321e-01 -3.305062033207472050e-01 3.806469342658684585e-02 -1.037718047339150074e-01 -8.371067194550053936e-02 -1.173551878746970784e-01 -1.178208937702108910e-01 -6.846169698688650551e-02 4.777703854244361864e-02 -1.012451119094603252e-02 3.221309716799105050e-01 1.426974409917541875e-01 7.026327975696567973e-01 5.665385227042717409e-01 -1.088843202939693000e-01 2.833956356728020154e-01 3.171462059950044265e-01 -3.533339225346927015e-01 -5.064114695359823726e-01 -3.301801236571049736e-01 -4.309657453923435577e-01 -1.995469635417047860e-01 -3.124629820645471456e-01 -3.548612894181760180e-02 -2.871125949526828758e-01 -1.254361109676277973e-02 -1.963784151743039885e-01 -1.024411870594285900e-01 4.224096328286135182e-02 -4.961220685497428479e-02 -1.387283206254520118e-01 -7.873336121475456306e-02 -9.887730563405458528e-02 -9.834312273040998753e-02 -2.852975940502058827e-01 -5.405969126395678698e-02 -2.047835885414040769e-01 9.443583888663090176e-02 -1.422906350553057586e-01 -1.934219470498907412e-01 -8.176693891044342632e-02 1.102309672163398063e-01 -8.213541167550468536e-02 -6.865907586272207430e-02 -1.461907567249491006e-03 4.250060642320607068e-02 -2.652477114606208164e-01 1.412176912274770157e-01 -1.323272215077193059e-01 -1.791876353450367609e-01 -2.836677460466414114e-01 -2.677968880446180422e-01 -1.966432992341148323e-01 -2.189556327279699455e-01 -6.798629949484594204e-02 -5.975011559087527180e-02 -1.507367328420254893e-01 -2.657533084079621855e-02 -1.131446900603701698e-02
-4.098876692290463232e-03 3.603741275024213708e-01 6.196085348113373747e-01 1.820085903812510841e-01 3.541988664225644290e-01 1.000000000000000000e+00 3.399301671609916142e-01 3.744239655027817859e-01 6.066915994069147500e-01 -2.104271516571210587e-01 -9.858436834397472925e-02 6.627339493000622417e-02 4.498037103650544266e-02 -9.588819918347797622e-02 -1.711689608001707996e-01 3.571748402219235979e-02 9.396634336420987832e-02 2.324657161799588978e-01 1.009945149268740294e-01 7.306456422811948015e-02 -9.818583284443660464e-02 1.183783373706528697e-01 -7.767041760458631705e-02 1.423104923210143924e-01 -2.305265952949982211e-01 -2.569163540516860786e-02 -1.132308087592924783e-01 -1.349095109861762620e-01 7.786547444994432361e-03 -1.533675982975790941e-01 -9.552172309600941158e-02 -2.836348379404613484e-01 -2.601258681590803978e-01 -8.200494176925749237e-03 -4.263272588162368877e-03 1.986787140783651817e-01 -9.035571681564960600e-02 -1.475086613261783752e-01 -8.776898744493960569e-02 1.747278397455347965e-01 -1.160801947379628968e-01 -3.511362003438429913e-02 1.830890094296859505e-02 -8.434022179548021636e-02 -3.244781439639417009e-01 -1.456695183851057507e-01 -7.175885218786662301e-02 -1.225772555038551204e-01 1.997211072952797817e-01 6.222745606844964222e-02 4.156032239027377534e-02 4.900672464348515001e-01 9.374503750067231245e-02 1.717398395727594562e-01 7.518156835344235178e-01 5.506757911774842196e-01 3.430019016143034394e-01 4.185595436272215863e-01 1.679557041374937429e-02 1.529333356629409245e-02 1.174535545229157540e-01 8.532539401717659233e-02 1.765621304003378300e-01 -9.602223655953179282e-02 9.031091725926995717e-02 -1.661200933333028540e-01 1.363355186846887668e-01 2.043660216739396907e-01 1.072562858607803565e-01 1.477276872229548732e-01 -7.407544419409954617e-02 2.302107591168650047e-01 6.352787073165794274e-02 2.409642209786646283e-01 1.667267820311167659e-01 7.851812781696251853e-02 6.333892063180449061e-02 1.246103064663706822e-02 -2.674946476292872771e-02 -5.891104455335564871e-02 1.221944170245501393e-01 -1.327214902448843603e-01 -2.429176708186449665e-02 1.160534922328396584e-01 -1.014448612140881611e-01 1.798357841633823825e-02 -3.689661746683968457e-02 -1.495987447770130707e-01 1.799919985373099329e-01 9.704414572521781468e-03 -1.606061030651668720e-01 -5.124784378968742088e-02 -1.719071908345158883e-01 -5.389452840675467565e-02 1.161478897149073736e-01 -1.520038072174139943e-01 -5.481059259277668017e-02 -7.154660037057593291e-02 2.250585833069946307e-01 8.430555997126408518e-02
-2.879367230520989314e-03 4.932756291042942332e-01 3.238665436299824063e-01 4.739557756744965933e-01 2.720040149341679814e-01 3.399301671609916142e-01 1.000000000000000000e+00 5.831622896797452604e-01 4.988800872897921623e-01 -2.241812257165881617e-01 -1.640967272831050372e-01 -1.606356572316555154e-01 8.545533698703959569e-02 1.474075387438910367e-01 1.475783455891764850e-01 5.453918402976363211e-01 3.736335317338789624e-02 5.161815587899787339e-01 1.890849055972488868e-01 3.795395783427814584e-01 7.991594147212478794e-02 9.523353755748574512e-02 6.650043796353127812e-02 3.233266048013369587e-02 -1.665212542178517441e-01 -1.837397490036513925e-01 -2.227518486384408580e-01 -2.949825367543416621e-01 9.751760713438148431e-02 -9.673518280489341870e-02 4.023278217296105512e-03 -1.146398857678953137e-01 -3.517882450226191005e-02 -5.787807065099816184e-02 -1.064828101920342329e-01 2.221075095502901275e-01 -7.292778927329944538e-02 -1.839955143172862795e-01 -4.783516487126647510e-02 4.774155217747650393e-01 -1.042901952365991175e-01 -3.375623211016980374e-01 -3.272823935201331080e-01 -2.783640753225866474e-02 -2.868832866727810127e-01 -2.351184893871579307e-01 -4.889141352845034066e-02 -9.939052518577594364e-03 1.115918544045221700e-01 1.140450084555409971e-01 9.517232595385387295e-02 5.980912801198943196e-01 6.286405171701298089e-01 3.489329043488196835e-01 3.959655115584783669e-01 1.479797001384844379e-01 6.999313176267977221e-01 5.528799567417622685e-01 -1.630369958692378662e-01 -1.120386698944940973e-01 -9.329324438179667500e-02 1.060964483239818512e-01 1.954687473401265085e-01 1.707515517556613405e-01 2.378100604756726300e-01 8.866993280276706801e-02 3.244643563516088625e-01 3.054062056913208201e-01 1.384107635985470930e-01 4.269544265480162970e-01 1.212725186570134950e-01 6.778461437636244813e-02 1.034801552688836002e-01 1.369669940528687735e-01 1.182167760169291759e-01 -2.123389296661594983e-01 1.809168036088902309e-01 2.471983114254009545e-02 -4.721523750308471296e-02 -8.694806175303554374e-02 3.521840185075520574e-02 -2.074477669220106402e-01 -2.166238025876743301e-01 -1.824546036089725598e-01 -2.744425064697547101e-01 -8.831258380809337005e-02 6.659698800006255692e-02 -3.497878065904972966e-01 3.073180933657709279e-01 -1.046714407857838591e-01 -2.017403429988426367e-01 -2.436662394130772180e-01 -1.338747916007833327e-01 -1.895615020153716135e-01 -2.335539496626715950e-01 -1.493429193037630609e-01 -2.302379935494888730e-01 -5.518060338234998669e-02 2.246794552169734671e-01 6.881886064615452825e-02
-1.159669531791675812e-01 3.800419016876577238e-01 4.483448459277329379e-01 4.067446016245478968e-01 1.569457004895038199e-01 3.744239655027817859e-01 5.831622896797452604e-01 1.000000000000000000e+00 6.776790294889289967e-01 8.912622706603756662e-02 -4.707796196682612067e-02 5.973459738773954225e-02 3.244568302100070412e-01 3.037898311484016345e-01 2.320683951171131909e-01 3.847546297453142139e-01 1.374595938824254848e-01 5.943361331214160881e-01 2.323266511312836180e-01 1.543321872660511074e-01 2.113337196675963980e-01 1.216533300742593526e-01 1.470560644103781622e-01 -9.167876280468049977e-02 -1.634762130065219865e-01 -1.453962118791895519e-01 -2.067621923579343879e-01 -2.038343535648595717e-01 -1.672423756805372919e-01 1.477451218389062848e-02 -1.718600184210400117e-01 -1.447177060070931331e-01 -1.158599950528171052e-01 -1.817661146692670926e-01 -1.712554812787240310e-01 9.556956905813276948e-04 -3.259152778639788917e-01 -1.551499101615000376e-01 5.163646613817646919e-02 2.979044626547788788e-01 -3.915234125940290633e-01 -3.271180353982656719e-01 -3.019211389911982679e-01 -1.508904306506330673e-01 -3.273537270797413634e-01 -2.423336785016299288e-01 -1.814793436604002497e-01 -1.824129747949931879e-01 -1.176323296044800987e-01 -2.032501704225557759e-01 9.273477719398491581e-02 5.643982148930434262e-01 5.744593242768492036e-01 1.831634593102564601e-01 3.658266959573094890e-01 3.449636448417991441e-01 7.552394227848155950e-01 7.152127694846117656e-01 -2.200699219402019527e-02 6.020935661543750511e-02 -6.410344852249616476e-02 2.942679144292795201e-01 3.133452275653681451e-01 3.878851645000357395e-01 2.727672280960724560e-01 2.399836222516847917e-01 6.967444189325930522e-03 3.245543076310484776e-01 1.536420029899155659e-01 5.829869132917012697e-01 1.927553972626917245e-01 3.756444666553963169e-02 2.328770408557269411e-01 8.414510315181956968e-03 -4.152703187267963586e-02 -1.965266522117510850e-01 -1.080808971340515012e-01 4.768741176925567898e-02 -1.475792950880416288e-01 -3.141464705238683486e-01 -1.631259503564350122e-01 -3.110843396955195739e-01 -2.230385976796760705e-01 -1.954690409873424128e-01 -2.015130602178742958e-01 -5.496656833422583488e-02 -1.868668877113416893e-01 -1.739866947032497890e-01 1.405413286493345515e-01 -4.238507733222766083e-01 -3.223005478557391390e-01 -5.481869537538001935e-02 -1.432596318969504845e-01 -3.478802864840286335e-01 -2.782703837550928316e-01 -2.775450142039118107e-01 -1.754507584806656029e-01 -1.120302798384421872e-01 -9.911493807727739247e-03 -1.535981394514852327e-01
-2.284745306125531561e-01 4.778557532901333560e-01 4.848629373471320392e-01 4.306719011311715417e-01 3.843580522460481874e-01 6.066915994069147500e-01 4.988800872897921623e-01 6.776790294889289967e-01 1.000000000000000000e+00 -2.200615481592358910e-02 -1.187035402026354186e-01 -4.694961913453973151e-03 1.469521502137732527e-01 1.060506831543602257e-01 4.884385091237797294e-02 2.009903583786598613e-01 -4.007967591473658546e-03 3.747700459731791445e-01 1.240040811953437155e-01 2.757502976125186245e-01 8.269995408098355927e-02 4.503209941751569294e-03 3.109745376846198561e-02 -1.289357355372406921e-01 -1.942727169802591358e-01 -1.596728725343316835e-01 -1.488361251464870860e-01 -1.264604198369265464e-01 -1.258400492025003037e-01 -1.061510971423350325e-01 -1.008758236562595084e-02 -2.254198138667340701e-01 -1.949595002355141160e-01 -1.065099889960199053e-01 -2.436735768737287866e-01 1.849586930379147898e-01 -1.632689471112807600e-01 -2.204820478190894772e-01 -4.391917463948693395e-02 2.691152728758972601e-01 -3.793259110321297034e-01 -3.171955211312508793e-01 -3.113064598010173434e-01 -4.692579771905012326e-02 -2.509649361901375997e-01 -2.460583389761908379e-01 -1.874882630097832459e-01 -2.224440658218658495e-01 -7.962628283102297921e-02 -1.210880588126873741e-01 -8.252954902366282236e-03 5.809329426408096353e-01 3.900510220805344375e-01 3.140615046357354001e-01 6.106471597936750095e-01 3.392331803817245084e-01 6.003240285652599040e-01 7.817870287753962977e-01 5.932216446566405260e-02 -6.342892087939988599e-02 -3.436819695392664270e-02 1.251515037788051843e-01 2.123589480938153362e-01 1.483083873453983903e-01 1.819639865270458456e-01 2.507681174477250849e-02 -9.411116464079818597e-03 1.578701456670731640e-01 4.813019152212990454e-02 3.292389299251703427e-01 1.137933629478189435e-01 -4.672340153969845034e-02 7.102907998963392533e-02 1.169389945456716373e-01 2.570913172934223556e-02 -1.233449385953184069e-01 -1.541936583878103853e-02 1.144516479339349226e-02 3.131198781236287088e-02 -2.432552870721989280e-01 -1.590394592369643034e-01 -2.718035993482315060e-01 3.256401686093672240e-03 -1.646031634852016534e-01 -8.826077353667319270e-02 -7.918963782206019097e-02 -3.072413562027598299e-02 -1.142609671611960059e-01 2.218673926075550307e-01 -2.911899514132383349e-01 -3.365801345403408029e-01 -1.126704597825372856e-01 -1.493474171654425586e-01 -2.093576648078571134e-01 -1.934429981417346844e-01 -1.641154159343124752e-01 -1.623606027393680040e-01 -1.549502042538550561e-01 -2.379239398454044419e-02 -1.369957196836757984e-01
-1.454398948790296131e-01 -3.408516990827296644e-01 -1.487990025641018343e-01 -2.024173356418141612e-01 -4.094395413755538282e-01 -2.104271516571210587e-01 -2.241812257165881617e-01 8.912622706603756662e-02 -2.200615481592358910e-02 1.000000000000000000e+00 5.842570061679986937e-01 4.741664176768483618e-01 3.837795316462723760e-01 2.190701642465576193e-01 1.479514024480034773e-01 -6.093382206814387109e-02 8.710150526181505148e-02 -2.286304045506139249e-01 2.249953952748930466e-02 -3.330010490184422411e-01 1.368738561179188296e-01 -1.222270170291830244e-01 3.141724056740688442e-02 9.331636166140629129e-02 4.758820248739532022e-01 2.626209316386341475e-01 -1.118517378327686107e-01 1.262006350857366177e-01 -8.506084656832760271e-02 1.407957106161197847e-01 -1.053283505811528770e-02 3.371104525111885963e-01 -1.101793176191751128e-01 -2.989407031890501942e-01 -1.723917814743390620e-01 -3.757672080186168495e-01 -1.321163819286546859e-01 3.016693748542486064e-01 1.543448847706135330e-01 7.770732008760118659e-02 -3.124417024472859183e-01 2.091474121029228139e-01 4.076439448248976583e-02 -9.702055980223561749e-02 -3.676060617316747464e-02 -1.341612547765355656e-01 -2.921496477311885664e-01 -2.506393074650952180e-01 -2.281717321219033645e-01 -3.524383217527165546e-01 1.769738535120830153e-02 -1.503610846258982559e-01 7.994832890304351403e-02 -3.732247512501524755e-01 -2.555004822408530885e-01 1.113279482689925326e-01 -9.678762712837613025e-02 1.161530338035976669e-02 5.143653917921646723e-01 4.567742342479033657e-01 2.362943329020781025e-01 3.673031391500055642e-01 7.349747438301885982e-02 2.990465145648669720e-01 -7.222533482134801952e-02 2.903771803772715598e-01 -2.900259385854721539e-01 -2.765371900219325621e-02 -1.329473862856341004e-01 -1.150724703283012573e-01 8.090975526713740928e-02 -1.129480111261260966e-01 -1.192548018290687378e-01 9.699211062631700464e-02 -1.026772587036875982e-02 2.436316330930624607e-01 -1.622495213831730565e-01 7.313729981072319974e-02 -8.365789480953544910e-02 7.350588141050186201e-03 -2.758755859393854371e-01 -3.026102139634254673e-01 -1.561927155990727456e-01 -1.437557395099277879e-01 -1.471976081221212061e-02 -2.897764060222468019e-01 -1.764633025693674584e-01 2.305591189112829731e-01 -2.765213293561502583e-01 -3.272078875988330138e-01 -9.374249180127833259e-02 2.852391413275250365e-01 3.310981214194339550e-01 6.199439911020021565e-02 -1.187234451245676621e-02 -3.393739322847146803e-03 -1.043060425672840547e-01 -2.079846542161391809e-01 -2.349634973198234111e-01 -2.300008256764118630e-01
-7.382813297524913609e-02 -4.477107243939151271e-01 -9.812667272362202153e-02 -3.367564395720964443e-01 -4.842389164371901367e-01 -9.858436834397472925e-02 -1.640967272831050372e-01 -4.707796196682612067e-02 -1.187035402026354186e-01 5.842570061679986937e-01 1.000000000000000000e+00 6.565532471688961813e-01 4.358617698921762873e-01 2.337041191089976322e-01 2.384551766855685373e-01 -1.084999884638158107e-01 2.848462931116750863e-01 -1.535237557664613506e-01 2.589613538031214635e-01 -1.964748861048527806e-01 2.825809655191032221e-01 8.330293303018374007e-02 -1.201644070155177824e-02 4.502867389328997771e-01 4.161286660899566892e-01 6.435025238645397661e-01 3.168388180830947719e-03 1.940181289957032540e-01 3.142022333273371548e-01 2.101580156944012068e-01 -1.398305652451364289e-01 2.646986960563620928e-01 -1.836071729534124175e-01 -1.771576919551621221e-01 1.054043944577046782e-02 -3.931236207527781246e-01 -2.259587213690669033e-02 2.291273256393302205e-01 1.569398610259973292e-01 9.823399682268221800e-02 -1.851075443270876475e-01 2.402704625177658204e-01 2.643421933165099880e-01 -2.199389255087962625e-01 -9.551152496161355310e-02 -2.312886095511472173e-01 -2.790422276963517856e-01 -2.460181510042672715e-01 -3.121446497495928424e-02 -1.904812406664148083e-01 -1.310738031907206780e-01 -1.999416098632282868e-01 -3.671679488369548189e-02 -4.699102378952604853e-01 -2.682287232380433650e-01 2.272375782631387842e-01 -1.754812444996992071e-01 -1.452031170163256280e-01 5.601759927424113661e-01 6.882512898701711457e-01 6.117963806745336797e-01 4.195691994816376225e-01 2.484706845681146359e-01 2.946383045398991429e-01 8.814658069372877103e-02 3.575709790251512254e-01 -2.427188260546075949e-01 2.253094779216302523e-01 8.672219881207658687e-02 -5.444739427790835917e-02 2.888964837541651565e-01 1.381998074394724385e-01 -1.350997001170947953e-01 2.528416183945936258e-01 3.579088515188252329e-01 6.065743063631762189e-01 2.445003015500351318e-01 1.687165438110840854e-01 -2.192230671353742888e-01 1.084662024419123100e-01 7.358058877669529374e-02 -2.632360559441081493e-01 -3.319423274316183892e-01 4.057073537472927725e-03 2.510257817831916885e-02 -3.083793960999566264e-01 -8.534995918065588216e-02 8.844022500229506423e-02 -2.644729633152013704e-01 -5.590071399332291469e-02 -7.521553575717607187e-02 2.256131667546919239e-01 3.111943989905274210e-01 1.347453711583341748e-02 3.550998675331146215e-01 -9.676169111576944648e-02 -2.001758710751507797e-01 -2.138949422849055204e-01 -6.810283899951570519e-02 -6.808339504699750799e-02
-7.889846596873721293e-03 -3.346416067111434023e-01 1.162387393343609632e-01 -2.706392473983780800e-01 -3.778387846049165999e-01 6.627339493000622417e-02 -1.606356572316555154e-01 5.973459738773954225e-02 -4.694961913453973151e-03 4.741664176768483618e-01 6.565532471688961813e-01 1.000000000000000000e+00 4.744674641727371078e-01 2.829578364206556951e-01 2.529652767886291787e-01 -4.516438938863909930e-02 4.889523810966037165e-01 -4.526661738345261199e-02 3.463063960152510390e-01 -2.353246212959450301e-01 3.589816470068549203e-01 2.387117184868736974e-01 1.719052163275472112e-01 5.322618474654315923e-01 1.294584958926371654e-01 6.276476728452593523e-01 4.008618448535401085e-02 2.123615357845810847e-01 2.359740825642274720e-01 3.539991521322233270e-01 -2.700243329426593175e-01 -4.449604782781969685e-03 -2.658864231844029202e-01 -1.256411653855221966e-01 1.722767993941253239e-01 -4.049580297685683172e-01 -1.561477726382801134e-01 8.034120434777435038e-02 2.394831717294234608e-01 1.300880015284624491e-01 -1.801773788513903463e-01 2.587983740239106489e-01 4.512627044845067270e-01 -2.026770121455204188e-01 -1.485873530491373107e-01 -1.382820381710521407e-01 -1.812532348737106724e-01 -1.483809199387036426e-01 -5.966806342003985048e-02 -2.977514519027464335e-01 -6.543932777480405971e-02 -1.027457722415274222e-01 -3.897940006887015696e-02 -4.573076563552220808e-01 -1.436014329554977653e-01 3.470251445535073587e-01 -1.235524346091557285e-01 -6.325196132477725608e-02 4.246438541390156751e-01 5.831963809202953541e-01 5.375552125468244791e-01 4.017254407348130885e-01 3.448343505547466492e-01 3.426186769714735791e-01 2.573809695251773610e-01 3.300775298573609962e-01 -1.955095380215300660e-01 3.876489762628477220e-01 2.192163903609373188e-01 1.061265496429732030e-01 2.897645023627605787e-01 2.857261388085615694e-01 1.314106335733663811e-01 2.776140847880790297e-01 3.686755972902901468e-01 5.262474434018912239e-01 1.664162160569490345e-01 2.229762078172021766e-01 -3.158971461790427981e-01 -8.143488909968309153e-02 1.866352939269501354e-01 -2.009449125713436701e-01 -3.101325648859565298e-01 1.439598646325734310e-01 4.162362672384865153e-02 -1.009531276553392309e-01 -2.212889475150651986e-01 9.356242373096083920e-02 -2.833893284492747799e-01 -6.878331283903939275e-02 -1.274547399693917171e-01 1.681615059804110190e-01 2.369139190947202600e-01 -7.407683230676778696e-02 3.314710404704550584e-01 -1.662886212383603568e-01 -1.004584153420288450e-01 4.282128975874011328e-04 -9.215418540360284516e-02 -2.028586748615645308e-01
-1.548258109843714536e-01 -3.418861565455776907e-01 9.029474979570975557e-02 -2.230619253198349028e-01 -3.880012777641324018e-01 4.498037103650544266e-02 8.545533698703959569e-02 3.244568302100070412e-01 1.469521502137732527e-01 3.837795316462723760e-01 4.358617698921762873e-01 4.744674641727371078e-01 1.000000000000000000e+00 6.382561446758571178e-01 5.433551268406392465e-01 1.230031216827878748e-01 6.122341350715249098e-01 2.535092291715621005e-01 4.650154946173266635e-01 -1.788903421917914516e-01 4.448853527618574222e-01 3.300019407154666795e-01 3.929062789169822656e-01 1.726071566358861886e-01 -4.816440060186952948e-02 3.277652407926976430e-01 -5.277981363430873235e-02 6.606338003746823825e-03 1.064553512050244871e-01 4.184979504257412830e-01 -2.892296163549721855e-01 9.399523217259164731e-02 -1.761540816189969549e-01 -4.669560890505184900e-03 1.771281396599004576e-01 -2.908606979915411839e-01 -1.065383775432326846e-01 1.484597431063839623e-01 3.511937300302240272e-01 3.183918708790311469e-01 -1.262099619738582534e-01 1.457526829168328542e-01 1.305746531621005679e-01 -2.556234937484536673e-01 -1.899100636952296972e-01 -1.273786533283028932e-01 1.192666357045944064e-02 1.413571008179078043e-03 -2.466900707471096632e-02 -1.908184701186391996e-01 -1.430536705531929575e-01 1.004184208812519824e-01 2.397748288134387840e-01 -4.804566518965159849e-01 -9.765907787266117634e-02 4.558964310595569613e-01 1.776985452358451900e-01 1.690325988207632413e-01 2.506208398591623365e-01 4.924157922788949815e-01 3.133280678227070570e-01 8.188283400585109062e-01 6.235470188123962698e-01 7.162861430151947761e-01 4.349218509166670743e-01 6.391351866029540973e-01 -1.477064565305686861e-01 5.321613579628232671e-01 3.576501077232235870e-01 4.061058624221152713e-01 2.974819992458224704e-01 1.515432258782363484e-01 2.682903554633177534e-01 4.707846240604200705e-02 9.211104941216539943e-02 8.239911512435048324e-02 3.250232111027816922e-02 1.857365754781914180e-01 -3.362571270590850037e-01 -8.292584559972535074e-02 1.060096348275764155e-01 -6.947382846626239117e-02 -3.272723617324526102e-01 -5.092665246111770239e-02 -5.834171219895563365e-02 1.212546380612349387e-02 -7.356044844610756805e-02 6.591783918033283438e-03 -6.658598138271795697e-02 -1.990819888611350397e-01 -1.274728260264015867e-01 1.427329676824679316e-01 1.319029611103043620e-01 -1.984065815308647118e-01 -2.471970908087428240e-02 -1.575081870894263492e-01 -1.189660887429165870e-01 5.398066851109187964e-02 -3.648287667707294027e-03 -7.515671319358452340e-02
-1.590569781570609631e-01 -2.464517713529980614e-01 8.642276662203550452e-02 -4.485825416377407782e-02 -2.703101311261956186e-01 -9.588819918347797622e-02 1.474075387438910367e-01 3.037898311484016345e-01 1.060506831543602257e-01 2.190701642465576193e-01 2.337041191089976322e-01 2.829578364206556951e-01 6.382561446758571178e-01 1.000000000000000000e+00 7.842468509617163130e-01 7.233996186563527997e-02 5.458199239213401555e-01 3.834071278827329010e-01 5.788478670630067269e-01 -4.430217329750917726e-02 6.524063676132679790e-01 2.534686092938073787e-01 5.779740242625194258e-01 9.320032494541104218e-02 -1.827575647168993567e-01 1.841242365668203096e-01 2.697276826746915560e-02 3.736373461885329761e-02 2.087437037990148847e-01 5.813989977863504022e-01 -3.161641767354779753e-01 -2.489376393388160330e-02 -2.310573705763686869e-02 8.150758861068567451e-02 1.001277078963182798e-01 -2.073387593229091552e-01 -3.354243759614045778e-02 -5.371084759554206611e-02 2.350656629010076104e-01 2.279870178263824765e-01 -8.076748519646055613e-02 -5.520546633450730545e-02 -6.361941214370721298e-02 -1.246225894438914572e-01 -1.588048233029958622e-01 -3.932820452855063931e-02 2.458691246127888974e-01 2.646299392197254963e-01 -2.088590930275406599e-02 -9.891135595375771805e-02 -2.399033144185543087e-01 7.533779231581305691e-02 1.872298639931119779e-01 -3.387602370680152797e-01 -1.518623937614028696e-01 3.072871335665167125e-01 1.859520643385909888e-01 1.514858630600282030e-01 8.868099646024008020e-02 3.147281066737936950e-01 1.540158471725810163e-01 5.254084624868559095e-01 6.033572771459156936e-01 7.687860484217504675e-01 6.718634323307458578e-01 7.459060274850013439e-01 -1.435635828292265159e-01 5.085738244542084008e-01 4.662481917751225002e-01 5.049231330479051483e-01 4.744212968169365108e-01 -6.908879796861844454e-03 4.598665959463589803e-01 -6.211051320887309157e-02 2.232726409040701118e-02 -8.626412930571984716e-02 1.555327995039164912e-01 2.963970465741175842e-01 -3.634903095422009067e-01 -1.405677217225035358e-01 1.018132353755994562e-01 -1.138770180355394741e-02 -3.910268391760378659e-01 -1.501802818327305500e-01 -2.568484218420449827e-02 1.571272382174543070e-01 -1.262815170972967672e-02 -1.313779926407243441e-02 2.467973224989157208e-02 -2.180671760912785972e-01 -2.957526714828482284e-01 -6.401530364271509899e-02 5.827756450363574814e-02 -3.245055894730235480e-01 -1.758659692411179976e-01 -6.093618749729402123e-02 -3.399740751807596439e-02 2.584904752614888834e-01 -2.467418756659983670e-02 -6.050995803327446215e-02
-1.298939354676063862e-01 -1.595522700113345127e-01 4.986183496181547520e-02 6.647145352169412692e-03 -1.787398053092082717e-01 -1.711689608001707996e-01 1.475783455891764850e-01 2.320683951171131909e-01 4.884385091237797294e-02 1.479514024480034773e-01 2.384551766855685373e-01 2.529652767886291787e-01 5.433551268406392465e-01 7.842468509617163130e-01 1.000000000000000000e+00 1.349289840849379751e-01 4.971285937012768219e-01 3.862029402136172851e-01 5.919114960252515045e-01 1.417057105448492060e-01 7.420714148141654976e-01 1.886802309277157419e-01 5.175263776710157249e-01 1.496071251506135291e-01 -2.055828806291310762e-01 1.626394759756266961e-01 -1.601344386672296112e-04 1.887787864468645424e-02 3.986457407114532003e-01 5.586218811806084039e-01 -2.629844931409865971e-01 -1.134574324901405917e-01 -3.234613841704313784e-03 1.487569457873836043e-01 8.472766644124607449e-02 -1.700399430211827490e-01 3.659469464447887010e-02 -1.782483553823521194e-01 1.905062498280777061e-01 1.223942837902575326e-01 -5.955497959294953764e-02 -9.271218448872964313e-02 -1.460562998750238040e-01 -1.280816093770949793e-01 -1.007054143795623191e-01 -1.441187255979424764e-01 1.658297102542694856e-01 2.229761486987673902e-01 -3.528231207627288701e-02 -9.508493834540608647e-02 -2.260317642767288304e-01 6.452918396574411353e-02 2.337694958776485588e-01 -2.224492680996094929e-01 -1.826268100212659062e-01 1.445324530332748880e-01 1.500698287834615618e-01 1.277835816251043921e-01 7.712517558428425013e-02 3.058147603579371432e-01 1.397852542345689175e-01 4.092245477249953911e-01 5.242591864849629468e-01 7.028121585539902627e-01 7.269207813106299820e-01 7.954802713212923981e-01 -1.315026749837450715e-01 4.924652675047864192e-01 5.104464459567173984e-01 5.221799197932049941e-01 6.377289854700330940e-01 -1.529035845950042251e-02 4.127411408613016475e-01 -2.466689778034370298e-02 1.601706255065575568e-01 -4.260472853554173045e-02 3.561584734467549973e-01 3.045685745777149678e-01 -3.079133374234944709e-01 -2.267163686890408258e-01 1.573241154310436873e-01 8.419388440637319906e-03 -3.580865480828178682e-01 -1.540481121596510850e-01 -4.265220719648524228e-02 7.855858183477507084e-02 3.977893377104849831e-02 -7.903021606946714073e-02 4.187651217279322186e-02 -1.697387920929148974e-01 -3.236535626337901927e-01 -1.218031428626936419e-01 1.230641807581718261e-01 -3.152411813360002091e-01 -2.178702288774083395e-01 -8.564316766471515019e-02 -1.213898980684403606e-01 2.140458788148548452e-01 -8.879087303466567938e-02 -1.099231565542971439e-01
