1.000000000000000000e+00 2.939750482987351643e-01 1.667837218809959943e-01 2.672108174467354713e-01 2.540878309277470604e-01 8.231656393931290061e-02 9.147635417417522563e-02 2.667865142679460289e-01 2.105502242176416350e-01 1.698320285793598339e-01 -2.744559079838054805e-01 -2.060098672973914025e-01 -3.999976494637682012e-01 -3.172292704008751185e-01 -3.190013908356750250e-01 3.690638065185531391e-01 -2.796920665446402943e-01 -1.690691160532655224e-01 -7.582507686329911789e-02 -3.309096665227557188e-01 -2.827528562837416382e-01 -4.095441085279629689e-01 -3.166432797718599645e-01 -3.780189655982901797e-01 2.033793624287290325e-01 -3.520890752662055312e-01 -4.014815511044078078e-01 -2.568118906920785482e-01 -3.290728395846191368e-01 -4.620193251175555571e-01 1.666965866287857534e-01 2.369821690816932835e-01 6.811025877867571410e-02 -3.943173751824605167e-01 -3.807132974505885725e-01 -2.709766972838191790e-01 -3.794228332623489353e-01 3.088039928279118773e-01 -3.238328865206309692e-01 -2.515440217616000673e-01 -4.557712450442324426e-01 -1.430311815964476797e-02 -3.123799586553267504e-01 -1.412089997012312519e-02 -2.103668746118241561e-01 -3.011056970384275444e-01 -4.279154374202338018e-01 -3.966574570684521794e-01 3.058633872117515543e-02 -3.953838681479801553e-01 4.003741719384141251e-01 3.496014049968803605e-01 3.500977672436343946e-01 2.205591409145112591e-01 1.260083603200887470e-01 2.057501619370073198e-01 2.394670695987027031e-01 2.598087614859700412e-01 1.531188123359940312e-01 -2.203670170693491914e-01 -3.008708974269220238e-01 -3.324444048320410738e-01 -2.702940852172522335e-01 -1.375657348746864850e-01 -2.339602857786786116e-01 -3.031209700538224361e-01 -1.561395808213159216e-02 -2.146574258668674795e-01 -3.646629689308386046e-01 -2.165029737028335011e-01 -2.842734622460423854e-01 -4.574627173239990685e-01 -2.539416836506637187e-01 -2.814944550102859155e-01 -2.300562783719071469e-01 -1.832248265095643147e-01 -2.944633390033131182e-01 -3.449766386144033081e-01 9.295374920508821248e-02 1.629780571426091285e-01 -5.348917141242711670e-01 -5.009875991066942147e-01 -1.890723030667001425e-01 -3.725313465332155127e-01 -3.908221644021451779e-01 -4.492790497860453258e-01 -2.556667521899179674e-01 -1.151809913005999303e-01 -2.862061248243887857e-01 -4.241430387748535424e-01 3.721675419630086218e-02 3.484060352480967682e-01 -2.007390110261053628e-01 3.122243117567609083e-01 -2.196759593635277674e-01 7.227954797920027596e-02 -2.538650157556874287e-01 -3.111227773758248882e-01 6.193236415432939318e-02 -2.885274518093756679e-01
2.939750482987351643e-01 1.000000000000000000e+00 5.632557209532809139e-01 8.320001347437486761e-01 5.360663911785307212e-01 2.568508959397618474e-01 3.995790501847194531e-01 6.865268276378743151e-01 4.555510914357808749e-01 5.291486127039757292e-02 -3.423378547714773373e-02 7.288197178048033686e-02 5.795891908873782722e-02 1.287423487718012682e-01 8.926918686665329117e-02 6.048974715980112160e-01 2.718036255420969161e-01 4.020277696987382132e-01 3.964250083431338778e-01 1.165435837073304226e-01 1.510964307413070473e-01 -2.117198080962533896e-02 7.673084543430372384e-02 -8.413144957075691099e-02 -2.324085115195234363e-01 -1.578025923064124425e-01 -2.056428228575923889e-01 -1.791592538456962536e-01 1.529217563692837276e-02 -1.155382475659046115e-01 -5.556633899802188026e-02 -1.817847260278168675e-01 -2.018682585958422038e-01 1.657514129194531949e-01 -4.004611320557286552e-02 -9.679031854893660469e-02 -6.479571414498724868e-02 -2.840245959017834512e-02 -9.364690214416569736e-02 -1.793312538566939687e-02 -1.549333032246890951e-01 7.775435489386959371e-04 -1.279612897047550379e-01 -1.085652290660840263e-01 -2.200917921698987423e-01 -1.510096923428959625e-01 9.881770019404800473e-03 -1.726810075418925561e-01 3.052824019306456527e-01 -5.738253442541065008e-02 -6.512745836621526736e-03 8.404340000435840397e-01 7.428862305791000820e-01 7.123997735120135566e-01 2.760827439973360109e-01 2.902547157100636710e-01 7.795687182445494301e-01 5.979586610132631153e-01 -1.214829376562591434e-01 9.662908085374040737e-03 -7.956658931094659493e-02 1.757884827782278322e-02 1.346068309206322478e-01 1.931814062342473437e-01 2.274682763238721206e-01 9.111148186248539671e-02 3.329033751405395258e-01 3.212699042366990998e-01 1.984093017416462268e-01 2.941535232465484206e-01 1.379663198237172095e-01 -4.371681929167627045e-02 5.802011099862877663e-02 -1.916120395123082909e-01 2.441295355810417858e-02 -2.578300953754044111e-01 1.427140965042060505e-03 -3.318121750197765008e-01 -2.576089916354038500e-01 -2.078608461997716317e-01 -3.068190010743329088e-01 -2.139577901922341818e-01 -1.982984134013801580e-01 -1.254463294599899581e-01 -3.151325416026558024e-01 -7.444400017141983295e-02 4.918994889711236079e-02 -2.665620745582284457e-01 1.229102528490698676e-01 -2.877348629755803189e-01 -2.894603780491895040e-01 -1.140138355672032922e-01 -1.082825273407115318e-01 -1.193952964219961305e-01 -2.223490726007988361e-01 9.216253023830289770e-02 -1.937600088014369559e-01 -1.758307295055916986e-01 2.407930544886627278e-01 -6.586621137106091206e-02
1.667837218809959943e-01 5.632557209532809139e-01 1.000000000000000000e+00 4.486562397277694125e-01 4.859312603399647545e-01 6.155620467166809107e-01 4.293793676426109762e-01 5.884857289810644376e-01 5.749253717030651245e-01 -3.825654714868748779e-02 1.096453244793670623e-01 2.693539964643458795e-01 2.058522136057662488e-01 1.583165381352431289e-01 7.423492367267392478e-02 4.175453470279139045e-01 4.631870760759612127e-01 3.452161107756785419e-01 4.640132911157092144e-01 2.690182067427160373e-01 1.936734926650608146e-01 2.653473374236797744e-01 1.986851118307925851e-02 1.785006196858822114e-01 -2.567092506634554433e-02 2.228920584267257143e-01 4.100966101694236005e-02 5.094651567768403860e-02 5.806613961652268285e-02 -7.428309049850786994e-02 -2.483659786196526775e-01 -2.658946821853467868e-01 -3.320752762502661160e-01 2.395869819945155854e-01 1.668737837096699872e-01 1.455831814236560329e-01 1.348135326956787644e-02 -8.078423718725903646e-02 -5.133515556861023565e-02 1.845424484743981436e-02 6.187212732309704810e-02 -6.099720073707295964e-02 2.244892265564920608e-01 -1.601511749845078436e-01 -5.652585498724877616e-02 6.210390798835170589e-02 3.228390641507578734e-02 1.199981943732931870e-02 4.556356992709056364e-01 3.131966936293614223e-01 -7.565055840450247981e-02 7.293655399224417968e-01 4.054849376287555374e-01 2.191071173503882641e-01 6.018101717615785828e-01 6.027089921223623969e-01 4.839666875907267518e-01 6.392671604888845449e-01 -2.030933107875327048e-01 2.625202906112461543e-01 1.106259316218204392e-01 1.485366000638542183e-01 2.932307652538291287e-01 2.584652833090755886e-01 2.913213637564775471e-01 1.184526595295666562e-01 1.411408749463171630e-01 4.832896407940743821e-01 2.689660116379027355e-01 1.831038722821612397e-01 2.495292024413207077e-01 2.013586927346689426e-01 7.756292307433622357e-02 -1.360704729663307633e-01 2.276299118555753231e-01 4.287071694006255873e-02 8.413246038607115340e-02 -2.651260690783439622e-01 -3.255087150373184857e-01 -2.936862304520435618e-01 -3.247429702979558880e-02 -1.372559795239663150e-01 -1.849778078710180851e-01 1.293876681946922458e-01 -1.894482366867969794e-02 6.628261741590775642e-03 7.947716288591692713e-02 -2.495871940938201861e-01 2.807520787102023019e-01 -4.300238713155916243e-02 -3.158327835769615399e-01 -1.011734080787400486e-01 -7.736336400425458670e-02 -2.770990606255798183e-01 1.367515983076487973e-01 -8.440653690414019750e-02 -1.392107276121964596e-02 -2.845905116928109258e-03 4.017609754972534253e-01 8.870935690909441396e-02
2.672108174467354713e-01 8.320001347437486761e-01 4.486562397277694125e-01 1.000000000000000000e+00 5.253521774199111372e-01 2.055038384195767842e-01 3.601517021473067959e-01 7.069338811434319192e-01 4.544022001126839516e-01 2.299435156799334301e-02 -2.066301800678290723e-01 -1.285304170652862843e-01 -5.939972290219087958e-02 1.087996340649293875e-01 6.350989614944328732e-02 5.315347421339408074e-01 1.647780485768705894e-01 3.744189171857631449e-01 4.033224589988670394e-01 1.166173965357438780e-01 2.080585355186320429e-01 -8.549385663091299548e-02 9.844550884009135860e-02 -2.222216575071410405e-01 -3.215150632805174324e-01 -2.757127239990537770e-01 -2.794348435766456640e-01 -2.655297319717061511e-01 -6.055546230147455800e-02 -8.175408903977722519e-02 -8.788312913000101423e-02 -1.023367540302878714e-01 -6.466804897271920261e-02 9.183333970897461507e-02 -1.507410556587706896e-01 -1.101287487953709621e-01 -1.102589500787341942e-01 6.669362908350616459e-02 -9.194530317488892879e-02 -4.816678941242827361e-02 -2.228196215870162089e-01 -1.458574910944592795e-01 -2.359319463021450070e-01 -2.253045901710627463e-01 -3.114015525044189769e-01 -1.893604603890501614e-01 -2.534689864012581312e-02 -1.308666214136227079e-01 3.712733828128383928e-01 -5.576015592118903352e-02 9.424426854542708454e-02 7.767026094207648557e-01 7.817181806306027214e-01 7.476918082562352685e-01 2.001681089693476967e-01 2.699125370254021883e-01 7.668209282444059527e-01 6.048933059345248386e-01 -1.428141567806940904e-01 -1.630825764056535454e-01 -2.661527731949713260e-01 -1.141524449943612102e-01 2.453972237742277698e-02 1.731826242106589420e-01 2.366016142654512044e-01 7.140625961172671066e-02 3.254539480603654833e-01 2.556070114456736597e-01 1.505748563339460999e-01 2.647500978559610418e-01 1.609517749834913081e-01 -1.265133525310645213e-01 8.519638234929241549e-02 -1.761290653738141754e-01 -1.024666413803507065e-01 -3.794176168002763028e-01 -5.361078405065461405e-02 -2.810000464177730417e-01 -2.529987926102187368e-01 -1.362711875161491115e-01 -3.755575022959746212e-01 -2.411059191284334602e-01 -3.135985291635096650e-01 -2.426841610326338494e-01 -3.670835962319979329e-01 -1.052541837449448570e-01 6.065411135090594680e-02 -2.213457890421715590e-01 9.776105052496419923e-02 -3.751667037612229638e-01 -1.737274357108938572e-01 -1.430677623491422856e-01 -3.123512098900528555e-02 -7.889246822549451921e-02 -3.754697094495659249e-01 1.215282537237238544e-02 -2.108280237062357954e-01 -1.110226345733500986e-01 2.896024984740326880e-01 -2.181362203365381017e-02
2.540878309277470604e-01 5.360663911785307212e-01 4.859312603399647545e-01 5.253521774199111372e-01 1.000000000000000000e+00 4.450265548225527112e-01 1.585385919049689674e-01 4.225022677469362220e-01 4.516518709528419273e-01 -1.637070908456658980e-01 -1.472975875638762033e-01 -4.142876809564832036e-02 -4.806234857328452875e-02 -5.682668130022452968e-03 1.332557102803485181e-02 3.242794191030166084e-01 7.261930750247094779e-02 6.716404915738173609e-02 2.136790937743493213e-01 8.990645718374039308e-02 1.162982674217636486e-01 -1.599246553531966097e-01 -5.521580037405252744e-02 -1.740368078136567409e-01 -2.161102710996689324e-01 -1.531270610349764194e-01 -2.109864011932830186e-01 -1.255112548837556130e-01 -1.010583001560652894e-01 -5.777145553346453577e-02 -9.727135728255931202e-02 -2.707449140619725293e-03 6.580960320991884049e-02 -9.355187205688375585e-02 -2.399551357940577223e-01 -1.613880467211838143e-02 -2.246231944192582652e-01 3.060169697387881554e-02 -1.956199725935145461e-01 -1.285432561049094646e-01 -2.288095637779742619e-01 -1.927450253497931254e-01 -2.862625733821984042e-01 -1.149863362803843769e-01 -3.055344868700158867e-01 -1.661982709275828252e-01 -1.501510176741182589e-01 -1.873534074704370223e-01 3.213561592172796133e-01 1.476930474171871989e-02 1.523781091238728402e-01 6.246351249297416031e-01 4.238941672020341001e-01 6.028574011079770312e-01 5.994463484487114746e-01 3.030200669384447432e-01 3.348061836809788083e-01 5.162381022308939471e-01 -2.186535827114767794e-01 -1.312313429118834029e-01 -1.226263863911630364e-01 -5.400513070917724312e-02 6.973395175140260438e-04 1.102002588554991669e-01 1.620996621641464519e-01 1.263623350171050666e-02 8.146440249326268590e-02 1.258155316944443436e-01 -1.038083669804742981e-02 -3.880153234376140792e-02 1.336222568049733883e-01 -1.631167334389245216e-01 2.566352593812153485e-02 -1.256277482742776119e-01 -2.420289672724767333e-02 -2.552348864718397281e-01 -6.103130153631271954e-02 -1.233132656235728236e-01 -1.578732324146601418e-01 3.794504385247143147e-02 -2.746598140511959385e-01 -3.021393903741846909e-01 -3.822247737989633576e-01 -2.974423137715869192e-01 -2.590709770443646032e-01 -1.483628822574982464e-01 -9.623236776451067620e-02 -1.488563532054433813e-01 1.163094411771227743e-01 -2.763743695225515662e-01 -2.083493451157024390e-02 -1.578342047468150877e-01 -1.215895288662283691e-01 -1.586825708558504133e-01 -3.251203163141673236e-01 -4.118117673406342105e-02 -1.602436099702901628e-01 -1.245172507191915356e-01 3.151098409197610195e-01 -7.152554285096440756e-02
8.231656393931290061e-02 2.568508959397618474e-01 6.155620467166809107e-01 2.055038384195767842e-01 4.450265548225527112e-01 1.000000000000000000e+00 4.660501345258390438e-01 3.867280438284609323e-01 6.561629669118457242e-01 1.423794336127563731e-01 1.251277681563139343e-01 6.522801182170148704e-02 2.059614410266420448e-01 6.682093353150928006e-02 4.795176565985436595e-02 3.129800572274479831e-01 3.209491559708931296e-01 1.164772903713551661e-01 2.621257845896828309e-01 2.688417554170483004e-01 1.252867540116917866e-01 1.796243453620758601e-01 -3.052593243774026979e-02 1.042395059871066842e-01 -7.680149746867759308e-02 3.980129810293271675e-02 -4.826490323599580412e-02 -1.109929239047391519e-01 1.393056283234977988e-01 -8.433129968445532421e-02 -2.175397618290143831e-01 -3.251560680107285495e-01 -2.287816398190982425e-01 1.775782179360696211e-01 1.137486022202573166e-01 1.493209916938438575e-01 1.798299810467864635e-01 -1.056779867051561989e-01 7.582633064492759478e-02 1.984563798757310593e-01 1.252214308299610113e-01 -1.631367528070168382e-01 3.932852709884503140e-02 -1.875068878322279087e-01 -1.335034846495804922e-02 -9.644956966890293193e-02 2.892065463987750565e-02 -6.076892228505050703e-02 6.121118904647924186e-01 3.841822133148835583e-01 -2.239381773046392465e-01 4.341438457257787986e-01 2.333225225380881618e-01 1.894715436851529822e-01 7.872034249874919620e-01 7.582102367597990389e-01 2.545346742246816785e-01 5.468434230752734493e-01 1.370084110507267250e-01 1.093819289324601540e-01 4.782943837070779275e-02 1.328366245680234481e-01 2.053783173395896944e-01 5.648456954133554420e-02 1.991455543671907247e-01 3.670473381092818899e-02 2.782549400817503349e-01 2.678285685515869319e-01 9.920497353907938021e-02 -1.225851592344984718e-02 1.894569612962331562e-01 1.103800404155592801e-01 -7.198180706805320204e-03 8.772994290824881469e-02 -1.096542550348905687e-02 2.779736050573021131e-02 3.477163740177847684e-01 -1.720628958954581733e-01 -1.715892463211815822e-01 -3.663378252776967048e-01 -9.500140997588124581e-02 -1.875902339625132587e-01 -1.648078735802265271e-01 4.757681496283391182e-02 -4.618932140901573641e-02 -4.853467070563098097e-03 2.451218071420705469e-01 -2.996964540591163795e-01 3.891371936832500600e-01 5.047615930295783204e-02 -1.809163600509724745e-01 -4.065279482727418570e-02 1.925073950049203397e-01 -2.041809873149171006e-01 -1.448787314127802754e-02 -4.371321944225330797e-02 -1.379555707636830053e-01 -6.660948729314686290e-02 6.430181919067825547e-01 2.153620817675827581e-01
9.147635417417522563e-02 3.995790501847194531e-01 4.293793676426109762e-01 3.601517021473067959e-01 1.585385919049689674e-01 4.660501345258390438e-01 1.000000000000000000e+00 5.321775734331916086e-01 5.446874460519207650e-01 1.865641907769888808e-01 5.643984822373253329e-02 1.212211971301988128e-01 7.096520079329216024e-02 1.392523917631205976e-01 6.288023296682516972e-02 5.120462111988240972e-01 3.496752182984197987e-01 2.804176152748861228e-01 3.709096494517946652e-01 1.998235267392899361e-01 1.890136580487271623e-01 1.981940547018287146e-01 8.978839692065188061e-02 2.037231372752520975e-01 -7.463831254876521215e-02 -2.968897089473222436e-02 -3.365861200465461445e-02 -1.142607420629301457e-01 1.441605784098232423e-01 -6.590450002416989306e-02 -8.623841416458349896e-02 -3.995100094634990717e-01 -2.275526757178454040e-01 2.636931074824851451e-01 1.467717104625728408e-01 1.122830612774592118e-01 3.441907089429398908e-03 -3.105589488252082780e-02 1.747762459384524791e-01 4.736627322917050242e-01 2.992781002910390176e-01 1.353400708190678758e-01 1.134014165837298888e-01 -6.663312381350877667e-02 1.247531406804568560e-01 4.630560887180484170e-02 1.250498723015966984e-01 9.445962085531020222e-03 5.281957530500127618e-01 2.714012665664501389e-01 -2.482390865194983309e-01 4.215062592388897356e-01 4.953396990697070956e-01 2.128021605152857487e-01 3.275091267776364390e-01 4.661180274744518015e-01 4.748117507397374704e-01 4.374908261385937469e-01 3.597896701025811439e-02 1.534979652590861554e-01 1.033514484685828412e-02 1.316654289589135572e-02 2.118860812747828115e-01 1.223361447319332163e-01 2.616488195887339274e-01 5.663539455946470930e-02 6.346489053261608060e-01 2.993405939767823654e-01 1.777889418824656620e-01 1.071870938946376250e-01 1.543002995662705601e-01 1.418849331735130281e-01 3.918513357342493474e-03 2.728760184137963285e-01 1.077527096060050676e-01 -6.848701969216151875e-02 1.625812721689282314e-01 -2.709682146323314500e-01 -1.274460408498750696e-01 -4.141481427618906586e-01 -1.397887336335444652e-01 -9.629837382066128160e-02 2.920720647628326574e-02 8.848635956963180060e-02 -9.818451106419459617e-02 4.415466401316205103e-02 9.219338903757409720e-02 -3.105945249488034632e-01 2.633898320130743098e-01 7.837723543374468249e-02 -1.637202298245974130e-01 -4.582900552218698020e-02 1.697445248451018573e-01 6.642464902182673714e-02 3.685841323584825024e-02 1.908307188018716072e-01 -2.759302598991068920e-03 -5.715751637241574257e-02 4.562399121484237985e-01 9.423501720068504228e-02
2.667865142679460289e-01 6.865268276378743151e-01 5.884857289810644376e-01 7.069338811434319192e-01 4.225022677469362220e-01 3.867280438284609323e-01 5.321775734331916086e-01 1.000000000000000000e+00 7.442667390062893684e-01 1.495097623168905598e-01 -8.614368434739286262e-02 3.695988107766104425e-02 -1.248297682574437198e-02 2.360304153034916974e-01 1.414574117003341291e-01 4.992846152197179532e-01 3.400553194556677483e-01 6.107402261708820834e-01 5.780699471744966678e-01 2.652024788100269537e-01 3.374137874543809423e-01 4.798587544991231302e-02 2.417881062092153144e-01 -3.363467309536571220e-02 -2.846002253890914102e-01 -1.990006235277694546e-01 -1.889975695529056421e-01 -1.883016589689955333e-01 7.569026842363742180e-02 -5.436003962010703405e-02 -7.991456992812678850e-02 -2.425190900237852165e-01 -1.820398465162081925e-01 3.157230804856550055e-01 -1.607506680370055993e-02 2.472386660773798553e-02 -1.299047764775963232e-01 -4.768236315361341904e-02 -1.338132846159183903e-02 4.710248335297764072e-02 -4.486480477013285451e-02 5.835845705246728299e-02 -1.156266011185586584e-01 -2.774518056948094835e-01 -1.697363907318811260e-01 -6.882138871456792983e-02 5.607139749341448487e-02 9.183008294712767527e-03 4.666032273772486860e-01 -3.088788409365335330e-02 -8.699088127937916470e-02 7.197909607431872692e-01 7.331128230624546216e-01 4.969256563668754678e-01 3.408672889561535913e-01 5.089399315960451142e-01 8.676615606596894681e-01 8.495307905871611887e-01 -5.665417589955330790e-02 4.213457646146821084e-02 -1.854012108826100513e-01 -7.147697535204861063e-02 1.558943497342838436e-01 3.329150879226746018e-01 4.245855227164096468e-01 1.736449472683473938e-01 4.671782043667845330e-01 4.607810702636354061e-01 3.199451904388775358e-01 4.309210678649185167e-01 3.269729299625085406e-01 -1.051296452694755121e-02 2.413289524771936589e-01 -8.471137186271122943e-02 4.783776755843613393e-02 -2.999701928764972325e-01 5.341421350814120478e-02 -2.887837721725355911e-01 -1.982938636571984214e-01 -2.533149625123792825e-01 -3.370850435906305731e-01 -1.310589144955605911e-01 -2.250072875721132182e-01 -8.539509748663022537e-02 -2.317579031230637410e-01 6.798049718711903812e-03 2.349240091512376852e-02 -2.703128312697730684e-01 2.498898809338446769e-01 -2.329297019292823068e-01 -2.664829812133933662e-01 -1.746811139016037073e-01 -8.882287787716517877e-03 9.935040688812106502e-02 -2.214370614515588365e-01 3.249459831072490368e-02 -5.457310339418657702e-02 7.987277959507764133e-03 3.800155264895834772e-01 -6.045763184529171635e-02
2.105502242176416350e-01 4.555510914357808749e-01 5.749253717030651245e-01 4.544022001126839516e-01 4.516518709528419273e-01 6.561629669118457242e-01 5.446874460519207650e-01 7.442667390062893684e-01 1.000000000000000000e+00 1.326130340358525894e-01 -1.719832441800952507e-03 6.098109001577623443e-03 1.712321401118921393e-02 1.020664655345592808e-01 6.264767558812524284e-02 3.436672851423528963e-01 2.419400295571231263e-01 3.597975261153066873e-01 3.971067867393100470e-01 2.824369341086472862e-01 2.124427076197112074e-01 2.702175084341297551e-02 1.023043684649439788e-01 1.286702437451151503e-03 -1.879420725077066423e-01 -1.436192168151620707e-01 -1.412416437712623041e-01 -1.236428545569576154e-01 1.172752150080621086e-01 -1.172452886973084363e-01 -1.081762129788708116e-01 -3.361898111441590786e-01 -2.378854346335285697e-01 1.934514479059569192e-01 -4.414159964230836286e-02 2.264485022486594779e-01 -7.232950408442267998e-02 -1.056341827256141314e-01 -7.443636824363164539e-02 1.057212954269894090e-01 -3.752781761074227684e-03 -8.808203610075983347e-03 -8.117827651150009982e-02 -2.559069463477913198e-01 -1.018099040844460401e-01 -8.601571397596656510e-02 -2.389326782651513340e-02 -3.199219504523477531e-02 5.131815988733031686e-01 7.495545170836126481e-02 -1.596322826486362423e-01 5.497778255153522586e-01 5.052790453638177359e-01 3.720839643669868191e-01 5.528177249179175856e-01 6.578562658266250418e-01 5.962083050906944459e-01 8.250295233283506668e-01 4.453839285819567034e-02 7.507850445303725084e-02 -8.738154076355926503e-02 -3.167543486530562807e-02 1.422923336084160051e-01 1.732265357555467511e-01 3.241935982155033091e-01 8.869562668481464907e-02 4.570499645160291391e-01 2.992880328913797294e-01 1.323202905486479397e-01 1.357077868664618436e-01 2.670556268911250530e-01 -4.309933102356824225e-02 1.185962584445125062e-01 6.740761813321471951e-02 2.680425006979969896e-02 -1.814132129658096448e-01 1.797083486067231894e-01 -2.512562721199795845e-01 -1.000045162980660318e-01 -3.173687887681250208e-01 -2.671586888518225900e-01 -2.082286076128090080e-01 -2.143138621820689926e-01 -5.691888360200704489e-02 -1.014339015621468637e-01 -3.166588211746058229e-02 1.302606068350324608e-02 -2.926823305636554462e-01 3.387806402049005072e-01 -1.267154277586667044e-01 -2.406885634772145122e-01 -9.996846985647013517e-02 4.619403651123810128e-02 1.148655904273690187e-01 -1.398634729108717556e-01 -1.850443082439244893e-02 -6.499466679546475611e-02 -5.563797366178769438e-02 5.002150504745644932e-01 -5.141112622502754664e-02
1.698320285793598339e-01 5.291486127039757292e-02 -3.825654714868748779e-02 2.299435156799334301e-02 -1.637070908456658980e-01 1.423794336127563731e-01 1.865641907769888808e-01 1.495097623168905598e-01 1.326130340358525894e-01 1.000000000000000000e+00 4.082676808227306831e-01 2.590482178498814680e-01 2.290522680641388642e-01 -2.846404569055861755e-02 -5.593643470944487800e-02 2.060526881459206483e-01 1.223254947214497262e-01 9.422037520774421276e-03 -3.421193324670446234e-02 -2.642241467611337602e-01 -2.118223640467467583e-01 1.382439259715585178e-01 -9.350643229803153045e-02 1.589419564613447633e-01 3.678187708822037716e-01 8.977800261218724098e-02 -9.239008418313160442e-02 -1.838304296437860141e-01 6.814532910310232283e-02 -2.470580061918678516e-01 -4.704820916269204095e-02 -2.776079548836108413e-01 -1.605459341085007374e-01 8.298413807643612028e-02 2.273218679656113239e-01 -2.252686554806336283e-01 1.916930388164900245e-01 6.424668810277325837e-02 1.587187384907648713e-01 1.124837274842375029e-01 -1.524852364394658913e-03 1.281226460739570416e-01 2.219223103052080925e-01 1.111526656701082028e-01 2.028272014995328998e-01 -1.653019103548827862e-01 -4.126115159359092927e-02 -2.207344577322094548e-01 1.809420320865399168e-01 -1.500496865169648475e-01 -2.560206083924494447e-01 8.523712783750843000e-03 1.266855452681196204e-01 -8.696457755090095110e-02 6.880731425456416972e-02 2.472501404992215601e-01 1.689967511760158969e-01 8.278177716690747479e-02 6.849522707818466172e-01 2.817535154918512363e-01 1.627155617231880735e-01 1.828434818379649773e-01 8.299245674928960870e-02 -4.133784560147214099e-02 -1.067273446564406536e-01 -9.753353333289800642e-02 1.074004763155551739e-01 3.998999393363980581e-02 -7.006159577143325490e-02 -1.774146917682813476e-02 -2.363492747838501495e-01 4.703048501525020769e-02 -1.317132719022408860e-01 -1.288463296046770019e-02 -1.293175842945689345e-02 2.777973240736344440e-01 1.122947435091831009e-01 -2.196931241607006924e-01 -2.094871748389457930e-02 -3.732128149217910362e-01 -1.815305599968734807e-01 -1.383364422941788519e-01 2.598126463018559096e-01 1.725174724526279402e-01 -8.151348679438995271e-02 -7.932201366257563002e-02 2.558402814122058833e-01 -1.530015503810585598e-01 -1.831631352524001610e-01 3.423680763896220364e-02 -2.178665940870430917e-01 2.665046758605932875e-01 2.408189127404833096e-01 2.271441468617111936e-01 1.635799974172230664e-01 2.102582134678129544e-01 -1.727856540539187691e-01 -2.217467968451333760e-01 1.558276451146094754e-01 8.585525401744056873e-02
-2.744559079838054805e-01 -3.423378547714773373e-02 1.096453244793670623e-01 -2.066301800678290723e-01 -1.472975875638762033e-01 1.251277681563139343e-01 5.643984822373253329e-02 -8.614368434739286262e-02 -1.719832441800952507e-03 4.082676808227306831e-01 1.000000000000000000e+00 7.371046252271103993e-01 6.286724924048396890e-01 2.945639968359900496e-01 3.177423177618969308e-01 -1.547216274108187684e-01 4.135162626327977264e-01 1.602560130009439143e-01 6.042675119098949582e-02 1.293065500548952751e-01 5.847646860089633636e-02 4.300743508779636959e-01 1.619589319156908847e-01 6.466076034200487488e-01 2.570831388919546101e-01 6.213157257129354738e-01 3.673425049462316072e-01 3.555611164788274881e-01 3.938154940409905325e-01 1.633298380211324341e-01 -2.784377355848769997e-01 -4.362267221621075608e-01 -3.471424545282676966e-01 3.594803343976302190e-01 4.723395232846678837e-01 2.437523110016169559e-01 3.504949735678381528e-01 -3.748970675802675845e-01 8.953897542886424255e-02 1.033643352127599641e-01 4.011582055172225325e-01 2.762569125778592261e-01 4.789935437722048217e-01 2.626282124925333195e-01 4.013195460805751291e-01 1.953132259406863969e-01 2.987015603998733337e-01 1.593960168581137760e-01 6.068877255486974931e-02 1.946059613577335035e-01 -4.773634809535367562e-01 -1.310242423350507779e-01 -2.321392511007378812e-01 -2.392994518414559568e-01 9.700995060564021610e-02 1.062875303507261199e-01 -5.090643093631505578e-02 -6.011939630733664774e-02 3.079645043744217991e-01 7.519576212206003918e-01 7.012234088892771444e-01 5.858065585988214696e-01 4.389787757990423755e-01 1.551307608650838998e-01 1.576821025170587753e-01 2.711865417801156974e-01 7.827928342561066288e-02 2.960114591900467329e-01 2.942986256635548026e-01 1.752498753144496046e-01 1.035266196452797188e-01 4.600495941198827765e-01 1.441108093745416263e-01 1.849378066431779655e-01 4.873469487960366275e-01 6.002695193572680221e-01 3.472910042435029543e-01 1.584047867881071825e-01 -2.493632804533602310e-01 -4.192774442974530613e-01 3.866203129816522810e-01 2.910191036596627701e-01 3.719611738367800124e-01 5.248250802557534733e-01 3.577966967817943766e-01 2.966905913415102680e-01 1.901993943249750962e-01 6.077111574240104744e-03 2.102795941964129001e-01 4.393353346424767047e-01 -3.827662028455926513e-01 -1.786566715883469991e-01 9.312345285508108472e-02 -8.135411324006863731e-02 5.273239065892021404e-01 1.219496514471564291e-01 1.023310577236030694e-01 6.757865431162315972e-02 9.374484778807040675e-02 1.389423874514127688e-01
-2.060098672973914025e-01 7.288197178048033686e-02 2.693539964643458795e-01 -1.285304170652862843e-01 -4.142876809564832036e-02 6.522801182170148704e-02 1.212211971301988128e-01 3.695988107766104425e-02 6.098109001577623443e-03 2.590482178498814680e-01 7.371046252271103993e-01 1.000000000000000000e+00 6.376691444054558566e-01 4.236951456233186142e-01 4.129329105255664656e-01 -1.078137250921047535e-01 5.574336856721431310e-01 3.008977723201571863e-01 2.034765412596973855e-01 2.270349543673029491e-01 1.939993194627483430e-01 4.839590464610230014e-01 2.811783170855661762e-01 7.358548222340991485e-01 2.193347180355916526e-01 6.986206055229082779e-01 4.493504695836388341e-01 4.826843801389408828e-01 4.323541723072590881e-01 2.712069891076391848e-01 -2.438821304431614823e-01 -3.965792341512350827e-01 -3.401040365957562761e-01 4.418633725787097233e-01 4.983985664720123610e-01 2.910187631668609276e-01 2.202472531552762403e-01 -3.900362528126850581e-01 1.704905085258714981e-02 8.773857272093922577e-02 4.121481967964464310e-01 3.869711101999482872e-01 5.509283921642808002e-01 2.448071163705133335e-01 3.665436145085657071e-01 3.434992109348309341e-01 3.306292660249506854e-01 2.589401024014423291e-01 9.491200914643169173e-02 2.408437764993978658e-01 -3.778178434844590150e-01 -9.704536489248630909e-03 -1.306463408284664340e-01 -2.237064454299568239e-01 9.152315461437145194e-02 6.928981758776814326e-02 5.014649129783591008e-02 4.036260012673726499e-02 5.488126259490981596e-02 7.810969927794868539e-01 7.838078009068566443e-01 6.185557775497700916e-01 5.174768459554682787e-01 3.117328921060484315e-01 3.050055822444894260e-01 4.021274724769067777e-01 5.005894775361531546e-02 4.509133959436099626e-01 4.390912520821448339e-01 3.065315051308452610e-01 2.395632338410230433e-01 5.254044874070535887e-01 2.606530043110458217e-01 8.224301247086701627e-02 7.229696223613094608e-01 5.668775283108687946e-01 2.389862906808609688e-01 1.782071014849837542e-01 -2.797823517802602855e-01 -3.553704557291613719e-01 4.512229734612355214e-01 3.624420780139990250e-01 3.354494393209981884e-01 5.377298588520448286e-01 3.686142113516248098e-01 3.189367748169767980e-01 5.457354041553447860e-02 4.794652584286472619e-02 2.588851444853044748e-01 4.121400726256009839e-01 -4.605576909139023623e-01 -3.124012785998729891e-01 -7.398413519585066156e-02 -1.014825237082232767e-01 5.901369747029349133e-01 1.027340555002460160e-01 2.012758902679802064e-01 1.337477249831571791e-01 8.930624097822820184e-02 8.516297721087352779e-02
-3.999976494637682012e-01 5.795891908873782722e-02 2.058522136057662488e-01 -5.939972290219087958e-02 -4.806234857328452875e-02 2.059614410266420448e-01 7.096520079329216024e-02 -1.248297682574437198e-02 1.712321401118921393e-02 2.290522680641388642e-01 6.286724924048396890e-01 6.376691444054558566e-01 1.000000000000000000e+00 5.417867280556228904e-01 5.410903061808073344e-01 -1.576939599955938520e-01 6.298555262940790378e-01 3.354416862400924071e-01 3.035016358058235664e-01 4.022676533781823216e-01 3.162472885708103032e-01 6.380997384331877909e-01 3.591101859730937984e-01 6.218913451718904861e-01 -3.710597500991097419e-02 5.689534123939262722e-01 4.404273543225086796e-01 3.532818561022582071e-01 4.827340456190403195e-01 3.891577328104166011e-01 -3.185130770228997710e-01 -4.140256185795806454e-01 -3.137643659842422328e-01 5.357180964111502020e-01 5.974117397664194806e-01 2.807758156735536414e-01 4.321510137006176477e-01 -3.998622017898412206e-01 1.692176677664259388e-01 1.553944150574771144e-01 4.490181900652785441e-01 6.285085057344240445e-02 4.493003132537450872e-01 9.955974462809528969e-02 3.046312382390281015e-01 2.596259253128109235e-01 5.440765019998353713e-01 3.048055582486970394e-01 2.309119496723092690e-01 4.264678236532186695e-01 -4.499746399618421155e-01 -1.890049935540570603e-02 -1.599411595622050319e-01 -1.407179053168108041e-01 1.399113760289435460e-01 1.273941535875930675e-01 3.091041369158059604e-02 5.785201341140960331e-03 5.011393681641413550e-02 5.859414056068189547e-01 6.645607554992958299e-01 8.506172815723249681e-01 6.883363931274011360e-01 3.510944687187740332e-01 3.707225397730308236e-01 5.007520488589909391e-01 1.121144485918616207e-01 5.203337328972212905e-01 5.129872295856919839e-01 3.514640038621891782e-01 3.685190858685493120e-01 6.710960655834011801e-01 3.006079188601309959e-01 1.211680509333619843e-01 5.014807877238767198e-01 4.059059539297603658e-01 4.666908918065805212e-01 2.160818383383415475e-01 -2.900406359208015927e-01 -4.120069848156203141e-01 5.265046734649030391e-01 4.283894462127347813e-01 2.047997430680786046e-01 5.826486651231257419e-01 4.033516826294630264e-01 5.095106497627434061e-01 3.331922908880867173e-01 -7.584111779368683803e-02 4.216852740996404059e-01 4.235908060472574621e-01 -3.637773161753911633e-01 -3.638228821071649577e-01 1.372580493364119747e-01 -2.882079220814604548e-01 4.017889395433487110e-01 4.085260666683797337e-02 1.208330216869280688e-01 1.959882687010585101e-01 2.042422162593567347e-01 3.182334130231684877e-01
-3.172292704008751185e-01 1.287423487718012682e-01 1.583165381352431289e-01 1.087996340649293875e-01 -5.682668130022452968e-03 6.682093353150928006e-02 1.392523917631205976e-01 2.360304153034916974e-01 1.020664655345592808e-01 -2.846404569055861755e-02 2.945639968359900496e-01 4.236951456233186142e-01 5.417867280556228904e-01 1.000000000000000000e+00 8.363202445146326047e-01 -1.267979543173200496e-01 6.598777910323962992e-01 6.632195737094134236e-01 6.815278431814330018e-01 6.872195185842902010e-01 7.736278661610090923e-01 4.553152848140137876e-01 8.303346864854543874e-01 4.474120685287252264e-01 -3.325592646200722924e-01 2.316809752712337411e-01 3.240354324062106883e-01 3.736193668703984283e-01 6.297942535969445199e-01 7.134326262759548287e-01 -2.221513863171103997e-01 -1.955579892183593738e-01 -1.043957170031676179e-01 6.902078658720066651e-01 3.415987260843283968e-01 2.719299815618025362e-01 1.394368660386606229e-01 -3.490304380256968875e-01 1.655335619601410457e-01 1.087736472464045645e-01 4.136670890613927676e-01 1.472380667937616960e-01 1.307665959807716438e-01 -7.959541350375808066e-02 8.345068660633403468e-02 4.360103683659726226e-01 7.700016810794585442e-01 6.279187439342511778e-01 2.498480021562238806e-01 3.147672022260350477e-01 -2.792556995426451194e-01 6.462487316807259685e-02 6.091324059633553695e-02 3.460870244233437559e-02 -3.721498454924110355e-02 4.308141165301117292e-02 2.248244405695825343e-01 1.609641480425600957e-01 -2.261212529022890994e-01 3.240084058506815801e-01 3.257379456550189567e-01 4.945176721905994444e-01 6.837387504456012843e-01 7.193014873643588381e-01 7.715007437816729929e-01 8.196737098741370131e-01 2.690538649723100417e-01 6.621357545633189678e-01 7.516244077488887232e-01 5.678433841092974665e-01 7.491536643782439331e-01 4.918020039986196745e-01 7.215210592565842740e-01 1.009671402603438684e-01 4.580976425639211591e-01 -1.459589847947549528e-02 4.046486895308235576e-01 4.140886776889415311e-01 -2.906099421566252783e-01 -2.027424724924572208e-01 4.037812386070964155e-01 4.803449015093679275e-01 -1.175256941436709016e-02 2.724457655402817147e-01 2.338466695583157340e-01 6.714075296871174769e-01 1.171547595369291095e-01 6.147055089618180812e-02 5.009976916287862680e-01 2.156738663997629923e-01 -2.636133634638046508e-01 -5.707780209644935931e-01 7.710945827863305291e-02 -1.461099856273865294e-01 5.181904953116609619e-02 -4.405654906978193064e-02 2.746645097227490839e-01 3.693150094135250749e-01 1.586729063194511902e-01 1.238078423692315494e-01
-3.190013908356750250e-01 8.926918686665329117e-02 7.423492367267392478e-02 6.350989614944328732e-02 1.332557102803485181e-02 4.795176565985436595e-02 6.288023296682516972e-02 1.414574117003341291e-01 6.264767558812524284e-02 -5.593643470944487800e-02 3.177423177618969308e-01 4.129329105255664656e-01 5.410903061808073344e-01 8.363202445146326047e-01 1.000000000000000000e+00 -1.699460961117751634e-01 5.184365992863670947e-01 5.882045924256253944e-01 5.609406052707672785e-01 7.338319616503992115e-01 7.566326225581863074e-01 3.128888545287526468e-01 7.604774703528639490e-01 4.508682258919470276e-01 -4.162396642756621135e-01 1.745604522465948882e-01 2.052932751910815368e-01 3.554619644233756315e-01 6.238570412590868086e-01 7.406501488961619861e-01 -2.071882673599269586e-01 -1.373515751391381212e-01 -5.756104367333343685e-02 5.598879298256945747e-01 1.877361528574895688e-01 3.318702448765100677e-01 1.593343116870504228e-01 -3.715758556370765686e-01 1.417448261490799055e-01 8.496485315805048233e-02 3.478489071029334245e-01 7.316807646886225314e-02 1.765411350938671936e-02 -5.934842618895197486e-02 -2.229985634272276668e-02 3.526561653161504051e-01 6.747706605471176511e-01 5.602298102751214204e-01 1.810248091974330509e-01 2.726856614801433376e-01 -2.276793828399510111e-01 -3.462557759912461564e-02 3.788150048567194561e-02 7.325521156346423424e-02 -7.519717189777647137e-02 -6.297710588272022181e-02 1.518990374556060674e-01 1.133319541234487360e-01 -1.748302998555346377e-01 2.944243338843482993e-01 3.868138223376207940e-01 5.477952005591737450e-01 6.534204192206414241e-01 6.468372066417498178e-01 7.405115892420972568e-01 9.026519616139715430e-01 2.650568530251458665e-01 5.537788094591653554e-01 6.956815597433809728e-01 5.598047309484350809e-01 7.954133818360022978e-01 4.140693063160003629e-01 7.002860550487074454e-01 1.653297455449990183e-01 4.965985772969861434e-01 -4.449503751381971711e-02 4.928388809320937147e-01 4.989893493214929698e-01 -2.210512987437016630e-01 -1.096150365222434836e-01 4.727783024543780188e-01 4.767644797090666575e-01 -1.113365089277678910e-01 1.778261833376278134e-01 1.850120399263907034e-01 6.155353270312556857e-01 9.459572391155496307e-02 5.683834001400784458e-02 5.261338711089379450e-01 1.879780426276207728e-01 -2.000516645155587525e-01 -6.607715896183440352e-01 1.115959345704548716e-01 -1.929059057330783367e-01 -2.945396028507246688e-02 -8.749922881118170348e-02 1.801607564654549021e-01 3.114997287868028764e-01 1.063302761034489730e-01 7.999796245073496903e-02
