1.000000000000000000e+00 -1.043213508586814386e-01 4.433004015687066479e-01 -3.637436252141872384e-01 -2.648624381962778052e-01 4.281376003351074488e-01 3.150768237511407110e-01 3.923507595404869819e-01 3.678312457240361932e-01 2.661153413590496286e-01 1.675604008991760374e-01 3.851667654973581212e-02 -2.434834936693887064e-01 -4.294251746231734779e-01 -4.326302405395173190e-01 1.141350162239208738e-01 -1.748282244450744261e-01 8.618039575967265109e-02 -3.556668094704377170e-01 2.909670238352699001e-01 -2.334904451532594516e-01 -2.444555031153747282e-01 -4.885003494212617481e-01 3.597404388769715432e-03 -4.430207827545851879e-02 -1.816952108883876371e-01 -4.286644450392841921e-01 -3.546579307013419391e-01 2.256341226583261084e-02 -4.284396014068154179e-01 3.271737405903337170e-01 2.684745219378268377e-01 1.194960001014798018e-01 1.242357809753483755e-01 -3.057544861641813827e-01 5.647694478173148624e-02 1.086274609096049559e-01 3.163323763602862160e-01 7.751000299532125049e-02 2.097699887276912867e-01 3.647622603946698017e-01 7.582710519915322744e-02 -1.290984241345154437e-01 -1.154629503338980012e-01 -3.856903820127580151e-01 -4.216035375873435354e-01 -3.937668169008359809e-01 -3.607825740829443406e-01 5.399746306172941157e-01 4.024871286478763355e-01 5.039058961329710984e-01 1.758294433818406721e-01 -2.760515743868101057e-01 -5.511507382554333700e-01 1.049943231256213610e-01 5.058127925574354977e-01 2.198969191604630002e-01 2.016419119963407669e-01 2.557048798302448758e-02 -3.527380209355386320e-01 -3.976716504219331982e-01 -1.478393251878959425e-01 -4.852158026780536981e-01 -4.899118986706102463e-01 -4.429925631807617448e-01 -4.917741486743497092e-01 2.820788425243021535e-01 -2.807248902273206115e-01 -1.479737170409406444e-01 6.765544855633601196e-02 -1.508805260713017571e-01 -3.172042129022971113e-01 -5.208808674482454659e-01 1.102803362276095073e-01 -3.137707828748498295e-01 -1.554382510006417084e-01 -2.342990488197638499e-01 -4.527585462535774763e-01 3.679183511585759070e-01 2.077046190054069319e-01 -2.183831547615399105e-01 9.650518671999798459e-02 4.681304098880025022e-02 -2.603917142369568394e-01 -4.837643939255203418e-01 -4.977642840801065893e-01 -4.534894998943395789e-02 -4.524908081235332058e-01 1.460166663872921600e-01 2.023217796063838392e-01 2.907218487554192321e-01 3.079159651530685160e-01 7.606679121046627801e-02 4.839943563964824169e-02 1.148974766555724003e-01 -1.072263190899165330e-01 -3.814522250559634897e-01 -4.416955636792532225e-01 5.179237533365301793e-01 4.261020205904367808e-01
-1.043213508586814386e-01 1.000000000000000000e+00 2.622911879273841507e-01 7.327825611865210753e-01 6.283507253271832793e-01 1.493766838809008346e-01 2.046245823515653317e-01 3.638245032095684950e-01 8.600491387742406624e-02 -1.867737158015435883e-01 -2.332654669157293303e-01 -3.258661681777608732e-01 -1.431264727393859702e-02 1.461574890335485231e-02 1.178658207558198716e-02 4.627660602697273307e-01 -1.902607081666728706e-01 -1.090729514257209182e-01 -8.469299775966752930e-02 -9.726754668764306389e-02 -8.432979918288524557e-02 -1.063451286214055769e-01 1.159022981162419474e-01 -3.521734167579315677e-01 -7.336804296400788183e-02 -1.897944587811611905e-01 4.319539061944113745e-02 -5.451663220206492966e-02 -2.686546142365651146e-01 -1.088894158278384643e-02 -2.698269765882054805e-01 -7.322497953978741869e-02 7.351223075292523390e-02 -2.100681992398988340e-01 3.784943889852122184e-02 -9.097587994862259275e-02 -1.358597035737200143e-01 1.320722315388053389e-02 5.334011747590190061e-02 2.945200609322073514e-03 -2.428087230891088910e-01 -1.173226201414247771e-01 -2.094791651049430700e-02 4.942481132230144153e-02 4.846442963217594511e-04 1.229559758008591797e-01 1.566397784083742306e-01 1.917133879875348446e-01 -8.145278191072558016e-02 -1.100417776706991146e-01 2.155210017408886458e-01 6.939382483712511762e-01 4.388765417044966366e-01 6.239970055172636698e-01 3.687197648822559959e-01 5.244897762530215113e-02 4.810948261318981345e-01 4.120383790457762818e-01 -1.323205357380989045e-01 1.023261413599871501e-02 -6.297929633180482378e-02 -1.076564938055051268e-01 6.797845236415174519e-02 1.119383991310081289e-01 -1.399789477947511237e-03 9.993741629911320756e-02 2.527417634921085843e-01 -1.275741009946316229e-01 -8.352337404118163888e-02 3.025143586122450157e-01 -7.600787189766622376e-02 1.210541316516482689e-02 1.021079151123720080e-01 4.904712776145563058e-02 -2.602141491380194904e-01 -2.936423788353658137e-01 -1.485999718024104410e-01 -4.701339879637345814e-02 -3.420257851533918259e-01 -8.811453191095117154e-02 -1.680921836253724544e-01 -5.820246467514383903e-02 -2.774704878144934606e-01 1.642229009029379794e-01 8.792668651553542380e-02 2.270429066576530319e-01 -1.252537683820472980e-01 6.352244426885045314e-02 -7.174507896715918986e-02 -2.725758036530960271e-01 -4.107209893106728710e-02 -1.246881606829312733e-01 2.639224577377976069e-02 -2.176598564672050512e-02 -2.774854305437557955e-01 1.163705509371725649e-01 1.648574693920833445e-01 2.569142993746952319e-01 8.430785603500477732e-02 -7.817605660900725506e-02
4.433004015687066479e-01 2.622911879273841507e-01 1.000000000000000000e+00 -5.494797171844348349e-02 7.642164706654888673e-02 5.905193020376231505e-01 3.030203098988086818e-01 6.182850870895059137e-01 2.917664454058936929e-01 7.655642685408763082e-02 1.862011354497512539e-01 1.219946991184625018e-01 -6.672167658119046441e-02 -2.583434643571264622e-01 -2.130345477817641164e-01 2.656017686402477318e-02 2.460636303852118192e-02 3.156897339513846101e-01 -1.109605401585710555e-01 2.759625958972556914e-01 3.287442559692003996e-02 -1.329358470437974615e-01 -2.962277843308757652e-01 1.182855368458229917e-01 -9.241954513141577288e-02 -1.647397364792175297e-03 -2.897826055937675060e-01 -1.368826348715971031e-01 2.552281851596055473e-01 -3.196441721348662890e-01 2.757909565494754967e-01 -1.872492115760978071e-01 -1.882303420034767139e-01 2.156353584826704584e-01 -2.224363751280377943e-01 1.231810530283959093e-01 1.221678606736723571e-01 8.885395976712173738e-02 4.851381250631575659e-02 9.390343847790728893e-02 2.334351969585678754e-01 1.777710628214966837e-01 1.335238687046862854e-02 2.206654883814022639e-01 -1.925993386402799212e-01 -3.565846372660744223e-01 -3.881242579494942335e-01 -3.009740109840376987e-01 3.135873239687386738e-01 3.780509682506982827e-01 4.044537328577885726e-01 4.320932056840460223e-01 -1.707171776944053365e-01 -2.370968708550363346e-01 4.336166826588071510e-01 5.642004313168190732e-01 4.385428992777304358e-01 3.318184425084836908e-01 -1.730638157270841526e-01 -1.903410391070326779e-01 -2.639562279121154820e-01 1.184926711421835088e-01 -2.525219834376705719e-01 -2.856736280827647523e-01 -1.979061237666157325e-01 -2.592256475354362544e-01 1.798112253682594974e-01 2.020094908787408924e-02 1.027756756868774546e-01 3.553546074655170584e-01 7.500181288124038725e-02 -5.126695782705640442e-03 -2.872078409130050525e-01 2.268999490737999558e-01 -2.130123874192519362e-01 -1.020488494103467397e-01 -2.946107340856286144e-02 -2.865298967154509824e-01 1.323381590562926202e-01 -1.562664840792984122e-01 1.444086123856995474e-02 7.011112310814311688e-02 1.769765338175096347e-01 6.301997433829563400e-02 -2.812157541907231439e-01 -3.022230293461354855e-01 -2.222424020105976880e-02 -3.069311180285355656e-01 1.633888944267504473e-01 7.895500311887979072e-02 -1.216567762444371453e-01 -2.858520004664228883e-02 -9.440693124059669483e-02 1.692682766148568760e-02 9.742574555771751910e-02 2.042556426657368418e-01 -2.703203583748514660e-01 -2.653044811540240522e-01 4.008671585545216520e-01 4.158430032596142079e-01
-3.637436252141872384e-01 7.327825611865210753e-01 -5.494797171844348349e-02 1.000000000000000000e+00 5.994909575878432095e-01 -1.795604557231794962e-01 5.645760951101135711e-02 7.252826720599128696e-02 -1.342144446582614337e-01 -3.549130978099381828e-01 -3.735090305264663901e-01 -3.633775629613954505e-01 1.366971168295866013e-01 2.980217745243596839e-01 2.487975401912593532e-01 4.013851283657245417e-01 -7.910926761150655073e-02 -1.826092329024984195e-01 1.056805003574034091e-01 -2.559290251310492037e-01 5.619260707395657079e-04 1.217301921437866641e-01 4.282323701947536310e-01 -3.709402844230053065e-01 -1.607483801387043776e-01 -4.961590653692400654e-02 2.882394795291686740e-01 9.454857014932946391e-02 -3.146103723360511584e-01 2.593313881643714014e-01 -3.914529122005535600e-01 -1.938143080277930641e-02 1.667682787956399348e-01 -3.134123191717724244e-01 2.781219478381543042e-01 -9.903752104999202777e-02 -1.587392684029274859e-01 -6.367854897956455595e-02 1.389465985927528999e-02 -1.260705606468339735e-01 -3.986653912240862296e-01 -1.055166498799686575e-01 1.563140609387910496e-01 1.181348502302042580e-01 2.154853604746638507e-01 3.996298762990815323e-01 4.389424410452679171e-01 4.723055236945470359e-01 -2.748664751213543145e-01 -2.583386306152358203e-01 7.458985819634136871e-02 5.025430068540008843e-01 5.107880860980855697e-01 8.219906459689839684e-01 1.531482791354311368e-01 -1.827489189832091077e-01 2.873777712384352756e-01 1.829275648729130344e-01 -1.391515644278459862e-01 8.253700898673944908e-02 5.606431396076197449e-02 -1.090755803292244447e-01 2.833196678908561639e-01 3.566823187198733258e-01 1.540049287878953455e-01 3.561269911035050417e-01 9.403854469320191423e-02 -1.725832898453903003e-02 -8.638677731535213122e-02 1.277084271070832722e-01 -2.908543285256163027e-02 1.204371174419849033e-01 3.783535820636657054e-01 -1.551011286320916893e-01 -1.773002429011023562e-01 -2.062944352550163674e-01 -6.409746033187266323e-02 1.723995890837320411e-01 -4.575808040480136563e-01 2.091799509077254746e-02 -7.668923423950047003e-02 -1.693712066802816607e-01 -3.542962337068250589e-01 2.249945804912952818e-01 3.151370561083569610e-01 4.485817771324902559e-01 -7.434723981525276360e-02 2.339159463507688164e-01 -2.100223027064159753e-01 -3.944528549234893045e-01 -1.126820111699265436e-01 -1.799055280532682322e-01 -9.175206292910879999e-04 -6.861166020119421893e-02 -3.357194085725666577e-01 1.781576472808954481e-01 4.057791963969151761e-01 4.980762487822487650e-01 -9.483160269361602668e-02 -2.566864804338385708e-01
-2.648624381962778052e-01 6.283507253271832793e-01 7.642164706654888673e-02 5.994909575878432095e-01 1.000000000000000000e+00 1.269435283768713396e-01 9.666749369817601023e-02 1.657082558168470332e-01 9.323057824970656937e-02 -2.179820077235979786e-02 -8.166578363909417215e-02 -3.006647787357696333e-01 -3.209994222045616658e-02 3.399315314562755680e-02 -1.144638575187548538e-02 2.470698355314962513e-01 -1.858620361013232636e-01 -8.942941419846377193e-02 -9.618989737239426463e-02 -9.848265196190574000e-02 -1.844980865177725526e-01 -1.067215360431537918e-01 1.043129906000424961e-01 -3.233729326590004671e-01 7.323992269505597008e-02 -1.711536964934819716e-01 -3.191790893445917154e-02 -4.293719986027980107e-02 -2.747385336131127342e-01 -7.147362254870581744e-02 -1.224088945650877308e-01 6.344576469581901350e-03 1.893763844336939783e-01 -1.755060775376037219e-01 -3.594179337674084651e-02 6.998387676204768405e-03 -4.544196903911763841e-02 -1.087541582266559476e-02 1.144380339777186992e-02 -5.242289385461050555e-02 -1.641446137554625206e-01 -1.057936528645193712e-02 -1.137337193828767828e-01 5.357025607563876274e-02 -4.108094359678865493e-02 4.015647901987045437e-02 9.282277873252496592e-02 1.303947741799055815e-01 -9.719460304129301509e-02 -1.079276937043068124e-01 2.501709269898861887e-01 4.178297347758492264e-01 5.219225674153026295e-01 5.670321671748148606e-01 5.420562316835816352e-01 -3.756009812315269647e-02 3.903642078001767768e-01 2.870757534590885340e-01 1.235856091949983637e-01 2.773188212237993056e-01 1.211350873683588597e-01 -1.131607080514891589e-01 4.120268209126276581e-04 7.104442206245518976e-02 -8.821659772902142038e-02 3.336693199866994086e-02 1.694619435738805024e-01 -1.550438689938892223e-01 -7.320673907574742900e-02 2.660846860784077950e-01 -1.461002950460253136e-01 -8.036877317969862156e-02 7.954654942824299080e-02 -7.742610598602106542e-02 -5.942159989712594154e-02 -2.194169252866275399e-01 -1.623191414596742155e-01 -7.141475366474731024e-02 -1.770438854812207141e-01 1.014966298207655160e-01 -3.126896582934601126e-02 6.736109394427232389e-02 -2.760539136256366932e-01 8.092318623193280047e-02 -3.558880973708797996e-03 1.458109498134710635e-01 3.517083056685805370e-02 8.414042206205818442e-02 1.143873287924557919e-02 -1.262450068986122054e-01 5.346508268477807857e-02 -2.584158571677579452e-01 2.357345660874151684e-03 1.452215885714979449e-01 -2.683193546458438883e-01 5.729631886897524479e-02 1.088367886828063569e-01 2.562563408967485357e-01 5.849187988170572589e-02 -5.636381830126589720e-02
4.281376003351074488e-01 1.493766838809008346e-01 5.905193020376231505e-01 -1.795604557231794962e-01 1.269435283768713396e-01 1.000000000000000000e+00 2.359258031570005687e-01 4.839238573767877805e-01 5.838721274003628725e-01 1.942931082831097500e-01 1.975255704053383021e-01 7.357194760684568346e-02 -2.065890003781237771e-01 -3.531212920051839954e-01 -3.278420577299326899e-01 -1.808466826058467702e-02 -1.509769162428387657e-01 1.050796238474472205e-01 -3.062561800836697823e-01 1.805409691677000994e-01 -1.899063976091489858e-01 -2.699028836584478896e-01 -3.822590186697661374e-01 7.178970727751832204e-02 -2.550678787224474817e-02 2.912583892293923310e-02 -4.032508597936332873e-01 -2.112479415653433223e-01 1.129583805140931263e-01 -3.666730198814043828e-01 1.891946601670904116e-01 4.299335797511314589e-02 -1.368177618231614379e-01 9.077899048730932174e-02 -3.478717192450043183e-01 2.577888345190963437e-01 9.676207306213521764e-02 3.684291226251486251e-02 -7.151471624901935276e-03 1.115035768281620737e-01 1.993962276790565424e-01 1.265702453460162968e-01 -1.370560104032391702e-01 -1.383169380383923175e-01 -3.034951667376117324e-01 -4.810167804880068898e-01 -4.223357924106951877e-01 -4.480807177176908684e-01 5.134133852178396351e-01 2.774624373104669361e-01 3.281953272775266495e-01 3.723506499867538233e-01 -1.190500696110496359e-01 -2.529377234210482550e-01 6.741579730796110059e-01 8.037767887090312424e-01 3.412062305322122735e-01 4.523629586516464962e-01 7.981114037411482856e-03 -1.809453725788883471e-01 -1.816786242163444531e-01 -5.185784628412156566e-02 -3.564891605403744945e-01 -3.820991928124226611e-01 -3.350178538896572689e-01 -3.646689574770782261e-01 2.434608988085164849e-01 -1.773537449941954280e-01 1.097353507195495889e-02 2.512059083708562679e-01 -8.048728233402098475e-02 -1.343749967033625592e-01 -3.463348920329435976e-01 2.163201339369443532e-01 -1.271480293201877609e-01 4.980742256514942429e-02 -1.009616197144374838e-01 -2.237474733700340057e-01 2.621433936155476152e-01 2.872877037978063472e-02 -6.134853680098151241e-02 1.797845082769496117e-01 1.202397017090088283e-01 -5.025538596390858453e-02 -3.294538983770742280e-01 -3.564243596733806529e-01 3.367741874460222599e-03 -2.016027033607592778e-01 3.397591710902416740e-01 1.816560896395555402e-01 8.748031358384829315e-02 1.648081951462918304e-01 6.388390160357358682e-02 2.357747916854428111e-02 1.276243507043762770e-01 -1.158948293483494374e-01 -3.865844884278134552e-01 -3.242163674287041886e-01 4.664315182967891937e-01 3.223571185821421103e-01
3.150768237511407110e-01 2.046245823515653317e-01 3.030203098988086818e-01 5.645760951101135711e-02 9.666749369817601023e-02 2.359258031570005687e-01 1.000000000000000000e+00 6.755283182773843542e-01 5.078051771900642386e-01 3.700056836638399016e-01 9.103040916887374101e-02 -2.762362188520814943e-01 -4.248172402261696790e-01 -5.560137767389171648e-01 -5.175455709577011509e-01 5.031445426195826354e-01 -3.880760922597024654e-01 -3.126872421852634754e-02 -4.479643990475561943e-01 1.887674492470711174e-01 -3.917817409709956067e-01 -4.219081892415115775e-01 -4.619407816197006467e-01 -1.509649543952066575e-01 2.758444504111924322e-01 -4.020846703012503909e-01 -4.446613620635515018e-01 -4.450002572134588164e-01 -2.582835775273898404e-01 -4.801115384842278844e-01 3.011850986878693015e-01 4.322873995801246871e-01 1.786308794059593696e-01 -1.032490976539389566e-01 -2.967787051502547846e-01 1.865858620880825880e-01 -1.175227267939335102e-01 6.422196459696936088e-01 6.179604034690086012e-01 7.450437246628003329e-01 2.572583827534981049e-01 -1.215371002910042991e-01 -2.472419881733401159e-01 -8.570469629097975106e-02 -4.117845622822321472e-01 -4.057186142525955330e-01 -3.859859012393600519e-01 -3.695056816099218655e-01 3.923685638659032415e-01 1.971837879490152268e-01 4.806342904669565486e-01 2.569131290238403920e-01 1.292622134329397821e-01 -1.728480298980511753e-01 3.102449851152795923e-01 2.787495095782591137e-01 5.855656692678360420e-01 4.608143581718645021e-01 2.125623301299960910e-01 -5.245366013605456262e-02 -3.607929679136644419e-01 -2.686520209104963364e-01 -4.795980947309939069e-01 -5.389358701536111074e-01 -4.496318290326153377e-01 -5.203020581703329261e-01 5.771838980135842734e-01 -3.255426499396136819e-01 -2.869112285502678494e-01 1.433367554507558039e-01 -3.144743444517483777e-01 -2.528479537751453510e-01 -4.476998513602364893e-01 4.063927010777428905e-01 -2.399598485331733144e-01 -1.521588183472731004e-01 -3.946102532313780498e-01 -4.155942917015271743e-01 2.311303647070541423e-01 1.638228200397258139e-01 -4.174431072929740139e-01 -1.408588869844945857e-01 -2.611796338015928143e-01 -2.764683177931667180e-01 -5.252969233385075265e-01 -4.182015350111999430e-01 -1.025134233824985808e-01 -4.009362109999539681e-01 3.258885460483749996e-02 6.732706703589051711e-02 1.107525006269872297e-01 4.324321104297628726e-01 4.600650549615100116e-01 8.804902331639721802e-02 -1.703087540824440027e-01 -1.460228711104638866e-01 -4.249290161071371807e-01 -4.146478358592938229e-01 3.926576657272561333e-01 2.635335328806600597e-01
3.923507595404869819e-01 3.638245032095684950e-01 6.182850870895059137e-01 7.252826720599128696e-02 1.657082558168470332e-01 4.839238573767877805e-01 6.755283182773843542e-01 1.000000000000000000e+00 5.659405116638246414e-01 2.321925130827959260e-01 2.445015046977654927e-01 -1.658903635876954330e-02 -1.908034587543681604e-01 -4.008707390818009864e-01 -3.542250109941282310e-01 2.279985500730425940e-01 -1.763052269234675895e-01 2.178619267611703880e-01 -2.684488914176670349e-01 2.709494486907180755e-01 -1.361408138147068569e-01 -2.638690553495018909e-01 -3.941696986921292001e-01 3.884227935898836026e-02 7.899237860135555067e-02 -1.442245412554205297e-01 -4.283354357353833519e-01 -2.810103269324525366e-01 2.752133446909952111e-02 -4.613697993640172856e-01 2.271606367291400252e-01 8.097654649368822566e-02 -1.079169399412941710e-01 1.438256477570919178e-01 -2.222049258037531450e-01 1.945212562772123122e-01 1.105469667080954677e-01 3.681061082819455099e-01 3.284367878875669167e-01 4.482842201381080915e-01 3.037082896150245515e-01 9.074319088498972175e-02 -1.163316631853685418e-01 4.444773919512809424e-02 -3.341078532091741327e-01 -4.213869886649579954e-01 -4.304531393946596785e-01 -3.423714814112751026e-01 4.676535854667431269e-01 3.553803999742802255e-01 4.362105605649568285e-01 4.758984167773360752e-01 -4.234743641889169435e-03 -1.443331675712884177e-01 4.957656944237276986e-01 4.554636132316559616e-01 7.566639431457456988e-01 6.832298544349090230e-01 -4.447063405050306895e-03 -2.655885668730602611e-01 -4.067884877468582183e-01 -7.337106033765586344e-02 -3.576630591688095273e-01 -4.126827099400098842e-01 -3.248603326225469323e-01 -4.020712072422868988e-01 4.465859415907041385e-01 -1.775082054039250068e-01 -6.139023861237653812e-02 4.471270873230510090e-01 -7.569961074964802472e-02 -1.095578705721039769e-01 -3.779264053813048974e-01 4.070915056317395142e-01 -2.832973155393404552e-01 -1.787515199980056757e-01 -1.994029562187074056e-01 -4.147145684871255678e-01 1.485971669628321501e-01 -1.142472501104642157e-01 -1.884222639915223985e-01 3.348239986765105813e-02 1.577035908102936840e-02 -2.404164175146191254e-02 -4.360045447667461604e-01 -3.550552188332748438e-01 3.438465277620969540e-02 -3.377963088321690455e-01 2.080122745062604750e-01 1.152018554290101804e-01 -7.159047347753740020e-02 2.864386540707297146e-01 1.696946087550965654e-01 8.065943248878586214e-02 8.885138512168244337e-03 2.260062804530965641e-02 -3.529401728926673809e-01 -3.236435648362884776e-01 5.334094372638468196e-01 4.394341271987762254e-01
3.678312457240361932e-01 8.600491387742406624e-02 2.917664454058936929e-01 -1.342144446582614337e-01 9.323057824970656937e-02 5.838721274003628725e-01 5.078051771900642386e-01 5.659405116638246414e-01 1.000000000000000000e+00 4.727130961073079951e-01 2.025611590393673056e-01 -1.026651687370504079e-01 -4.438525639655941935e-01 -5.701570362912254941e-01 -5.735976203548628360e-01 9.037703285061256253e-02 -4.365478306897582761e-01 -6.950857078740817208e-02 -5.740054384312772706e-01 1.140072127361236171e-01 -4.567488309189991491e-01 -5.177519275748562189e-01 -5.354799889368427879e-01 -1.249619791087077936e-01 1.776173667365917863e-01 -2.526016151352249994e-01 -5.784924960161939023e-01 -4.998048141667443267e-01 -2.041633724182565224e-01 -4.597979968062708700e-01 2.546982107677522866e-01 4.241406206574704352e-01 1.754841532517287805e-01 -1.346700045908163709e-02 -4.981120460165184283e-01 3.028744315159043188e-01 -7.925548747212532441e-03 3.152676825640930436e-01 2.395785282598691113e-01 4.507284241243100231e-01 2.376923571136229651e-01 -1.054701181181475766e-01 -3.669209003143281689e-01 -2.926932988320488649e-01 -4.597540545425528591e-01 -5.925178682172203004e-01 -5.384019771492107864e-01 -5.674750810277298108e-01 4.704423013494412609e-01 1.380446021784608179e-01 3.482647111437109366e-01 1.993800530186668751e-01 -5.627030909356196126e-02 -2.410002491084162202e-01 5.484541920144681004e-01 6.700131604620686021e-01 4.706206563759086636e-01 6.932179004719689619e-01 3.144074548972471961e-01 -9.512161196952130526e-02 -1.661475940850702659e-01 -2.680003354515547165e-01 -5.550473008543784781e-01 -6.128382077698815156e-01 -5.842435464209847495e-01 -5.859529144620565511e-01 3.644559041645137332e-01 -4.688129106724122641e-01 -3.015890634403578519e-01 1.519828467071207001e-01 -3.741586532543482169e-01 -4.348184856660737840e-01 -5.499941705632770406e-01 2.082670869795771873e-01 -1.577245128493663662e-01 3.605123482803930524e-02 -4.496949706471026209e-01 -3.748014333559088751e-01 3.520487292522925804e-01 2.610840032243575970e-01 -3.438330231878891086e-01 1.049347354339312532e-01 -8.075203929716032181e-02 -3.582830290623631453e-01 -5.528616117181569534e-01 -5.402013642024433571e-01 -1.823330483681454006e-02 -3.849055167953684409e-01 3.516613103279990771e-01 1.889599839333009068e-01 2.575930137575720424e-01 4.056953309429064403e-01 3.100020367716593284e-01 -6.243360046261697827e-02 -8.340805826777847320e-02 -2.695227815859310150e-01 -6.023756836324892783e-01 -5.114818535553835588e-01 3.755216846510291417e-01 2.606107134865049413e-01
2.661153413590496286e-01 -1.867737158015435883e-01 7.655642685408763082e-02 -3.549130978099381828e-01 -2.179820077235979786e-02 1.942931082831097500e-01 3.700056836638399016e-01 2.321925130827959260e-01 4.727130961073079951e-01 1.000000000000000000e+00 4.195947698120441327e-01 -7.601601384279871310e-02 -5.481579495753281517e-01 -6.383853530401669696e-01 -6.441858239501991878e-01 -3.856919164248288207e-02 -3.943643689476817871e-01 -8.203404718153249620e-03 -5.724814792891272930e-01 1.651282585694263672e-01 -5.025044854454236987e-01 -6.105283061684385615e-01 -5.798437418130351073e-01 -6.619633531658322689e-02 4.614716877668381123e-01 -3.931613939561567350e-01 -4.925071476613480104e-01 -4.670090109503028941e-01 -1.357706433391839551e-01 -5.003584161600234115e-01 4.824811271899168696e-01 3.428296037813733377e-01 1.434440731034277439e-01 1.854197037229236497e-02 -6.149903703993155890e-01 1.567965372999961804e-01 -2.041535963132796311e-02 4.943779201287349934e-01 3.953310268844686393e-01 4.313601181570680398e-01 3.081899410958798824e-01 -2.877919976400414651e-02 -5.588797463129498988e-01 -1.933757731152543902e-01 -5.154789321637006649e-01 -5.352417364573585079e-01 -5.437459974099349003e-01 -5.707641029925208942e-01 2.189618989927794579e-01 9.594576967550448587e-02 2.778854140877915491e-01 -1.823767607572827631e-01 -4.525446378435847572e-02 -3.968944159679928529e-01 1.889956369169353001e-01 2.529387742928714267e-01 2.042272008999043986e-01 3.022574623050625076e-01 7.531305034113666697e-01 2.650759138504276136e-01 2.653783109762983261e-02 -2.242820026185593785e-01 -5.738074235552960145e-01 -6.538630792608886022e-01 -5.910757907608552575e-01 -6.651335542954205371e-01 2.829777984691821957e-01 -3.663183343345913223e-01 -2.426804189046910254e-01 3.390079031841254642e-02 -4.035087456060463817e-01 -5.517723415212694160e-01 -5.489444632796925960e-01 2.901964130123251828e-01 1.106738025399235381e-01 -8.188661562166010821e-02 -3.941270496146139779e-01 -3.382774375043302584e-01 5.051368844439606542e-01 3.125639173269525450e-01 -2.134002091074640450e-01 1.426013800445024016e-01 -1.023636035195739230e-01 -5.360481058837608392e-01 -5.449184093217021019e-01 -5.468928540751958334e-01 3.363327646969720142e-02 -3.023068204143437021e-01 2.469789106965559478e-01 3.111116270460465016e-01 3.117706269304181266e-01 1.654664465336865842e-01 2.608111213288502594e-01 2.955317030997320349e-01 -1.580700605366726075e-01 -2.598046488272616195e-01 -5.681615530631121125e-01 -4.842929282585366479e-01 1.759419995532204850e-01 2.515115779379342165e-01
1.675604008991760374e-01 -2.332654669157293303e-01 1.862011354497512539e-01 -3.735090305264663901e-01 -8.166578363909417215e-02 1.975255704053383021e-01 9.103040916887374101e-02 2.445015046977654927e-01 2.025611590393673056e-01 4.195947698120441327e-01 1.000000000000000000e+00 5.014869452689804108e-01 -8.696699642079339099e-02 -2.284762453322627396e-01 -2.159312528105682694e-01 -2.816198002093578401e-01 5.501974656363221861e-02 2.793485735649635093e-01 -6.596336260446136746e-02 3.328200845306312772e-01 -5.281043283098252328e-02 -1.762518243385537420e-01 -3.015278815638327004e-01 4.792792350321468109e-01 1.317929506867175915e-01 1.408147177641457248e-01 -2.381946323363604567e-01 -1.091642212782960447e-01 2.441950458679051084e-01 -2.267514949387449963e-01 2.475454591448118802e-01 -1.280344287121256419e-01 -2.851443803502043961e-01 4.010074027907108984e-01 -1.788820850517210681e-01 2.681932694704188824e-01 3.271707700439643318e-01 1.015576542154126988e-01 4.969936638367727921e-02 1.030021713646704640e-01 4.346336225942787346e-01 3.064831916393833122e-01 -1.604554851456615194e-01 2.355727055256646996e-02 -2.086566571110314017e-01 -2.989363401499817718e-01 -3.679798444470258056e-01 -2.780702212368545978e-01 2.801354543860908319e-01 3.777445745397416399e-01 6.620721127579332066e-02 -1.056722671804912750e-01 -1.868455863674872153e-01 -3.297057417376492716e-01 9.661391661975211875e-02 1.771113838098697935e-01 1.502610921883059947e-01 1.728221244565684156e-01 1.490104021431004899e-01 1.683521091461445338e-02 1.257478237877861921e-02 6.794899269313239842e-02 -1.824196207656834656e-01 -2.578917141458266782e-01 -1.832531591400977100e-01 -2.910584552095999422e-01 1.410852553801375531e-01 2.784810645890866895e-02 1.104416993901108368e-01 1.891068891323781087e-01 -9.508986986606333611e-03 -5.344191551840729582e-02 -2.971007344556689800e-01 2.669448396884850916e-01 2.087569852447948016e-01 8.340628889051361627e-02 8.525221538383362385e-02 -1.836750623252098036e-01 1.960496800222553959e-01 -9.849342007730085835e-02 5.647302170113140118e-02 1.440537253343742718e-01 1.720659035591209918e-01 -7.504175809288544940e-02 -2.685260267991469441e-01 -3.043874192695562586e-01 3.224165881378501797e-01 -1.624619266199705259e-01 3.465082130941231631e-01 2.278624620344791851e-01 -4.751498519349541677e-02 -2.052152850674860557e-02 7.501499917859234812e-03 2.034931301583952912e-01 1.334810675789352696e-01 -7.825996791837222522e-02 -2.827178872497229101e-01 -2.966339124367455837e-01 2.012587022903899459e-01 4.675221849316084088e-01
3.851667654973581212e-02 -3.258661681777608732e-01 1.219946991184625018e-01 -3.633775629613954505e-01 -3.006647787357696333e-01 7.357194760684568346e-02 -2.762362188520814943e-01 -1.658903635876954330e-02 -1.026651687370504079e-01 -7.601601384279871310e-02 5.014869452689804108e-01 1.000000000000000000e+00 4.278204130625561374e-01 2.758233873916396406e-01 3.312624691783601083e-01 -4.300880099167845305e-01 5.926360060614662695e-01 4.026691682971171304e-01 4.678901586422616332e-01 2.751851577420852402e-01 5.268079048666316488e-01 3.637059187979064800e-01 8.480341193714532877e-02 7.527805415570355541e-01 -2.666632088680406243e-01 6.396810385495085294e-01 7.485213712869223657e-02 3.761652621583556622e-01 6.211729139542813138e-01 1.830778663951160568e-01 1.142305757315223089e-02 -4.440467460633960584e-01 -4.408653549619490075e-01 5.760601396522412321e-01 1.528119569639313780e-01 6.723428801312977821e-02 2.490788216375294517e-01 -3.413196648285440893e-01 -2.566427222134769481e-01 -2.722490948843581671e-01 1.655885871427716372e-01 4.270206036587354537e-01 3.758173392047315930e-01 2.335427139252313211e-01 2.135876773644445059e-01 -4.673856615885493837e-02 -1.237701918911731230e-01 -5.533023436613549589e-02 2.786513806721627878e-02 2.664659220460207090e-01 -2.634315163676844707e-01 -1.927813858291792526e-01 -3.500971134183698541e-01 -3.005552700920109954e-01 -1.585162580633993901e-01 7.692996583410813272e-02 -2.310324463216816282e-01 -1.161856269220045146e-01 -2.416056578051139492e-01 -2.576429471936784177e-01 1.512626753106766087e-01 4.174737663917790775e-01 2.064699037091792533e-01 1.821983384688051211e-01 3.405920498733933099e-01 1.819137335336273864e-01 -2.842219221941973406e-01 4.944952695216252581e-01 4.089954002166839020e-01 -1.569396970135478924e-03 4.498351901303165312e-01 3.484765299207080447e-01 6.590071645457572236e-02 1.303590965834635906e-01 3.365240508967934918e-01 3.791815041078577253e-01 5.077178235186836641e-01 1.141348611500634935e-01 -2.930589161327747105e-02 -3.650299290447609479e-01 3.357643596614137138e-01 -2.151469938001774121e-02 4.401495287663344524e-01 1.771360348704895671e-01 8.039778779225857652e-02 -1.066613715422658759e-01 1.232242758335441307e-01 1.056039301464102576e-02 1.396345706446230073e-01 2.015277877253545194e-02 -3.636959155515745445e-01 -6.132798915409160695e-02 -1.435182176020876610e-01 -5.255239696347988737e-02 4.704503932789301790e-01 1.768230898593523559e-01 -1.554926518433419683e-02 -1.192294100364916232e-01 -5.142323034765507866e-02 2.379821977670041611e-01
-2.434834936693887064e-01 -1.431264727393859702e-02 -6.672167658119046441e-02 1.366971168295866013e-01 -3.209994222045616658e-02 -2.065890003781237771e-01 -4.248172402261696790e-01 -1.908034587543681604e-01 -4.438525639655941935e-01 -5.481579495753281517e-01 -8.696699642079339099e-02 4.278204130625561374e-01 1.000000000000000000e+00 7.738414633764411077e-01 7.590215783468569066e-01 -2.958191159511722734e-01 7.001329472686095290e-01 1.679354184664295091e-01 7.535482086311678929e-01 2.726100297149381194e-02 7.268956528529237904e-01 7.465184362009549268e-01 5.267908893101503898e-01 2.996599339913609827e-01 -5.297243538014666520e-01 4.898317567848521903e-01 4.228670443269173518e-01 5.374127597215323515e-01 3.815602873558425756e-01 4.279507426587703667e-01 -2.240455786201151211e-01 -5.100832343157826188e-01 -3.904521936699439921e-01 2.841566606601286793e-01 6.220007001192056073e-01 -9.751633905755496823e-02 2.119518994530192602e-01 -4.456657332335023369e-01 -3.432920128329847720e-01 -4.650111556709041749e-01 -1.121677039935706499e-01 2.264546410584804270e-01 5.706572709652659725e-01 3.499555452302530734e-01 5.097740390234968277e-01 3.180605093426034369e-01 3.561824593720281928e-01 4.567781639148393857e-01 -8.782330286886515236e-02 1.289039229090011562e-01 -2.813641469368413084e-01 3.229902593470097144e-02 -1.129963663687833658e-01 1.521163903096017511e-01 -2.827023166552170008e-01 -2.638939218460609748e-01 -2.197936311444524393e-01 -2.120853637467831343e-01 -5.129984380460007598e-01 -3.502810435894206376e-01 -2.816759940582584318e-02 5.291662154592134959e-01 6.363175726504272101e-01 6.743121353657366424e-01 5.987524736826521643e-01 6.519945932380506459e-01 -2.528347132778342443e-01 4.490475517664422878e-01 4.233779960918573337e-01 7.194997385189189076e-02 5.244001215115403625e-01 5.999530466644419358e-01 4.479482646650376765e-01 -1.130967615419267713e-01 -1.085171719395263551e-01 -4.808940134881111578e-02 5.012060344295214964e-01 1.904426487665314971e-01 -2.203491220818504515e-01 -4.203798633435594234e-01 2.846816077181508198e-01 6.735622237813577995e-02 3.132324448059075617e-01 6.043766826965912831e-01 4.308695966503413022e-01 4.398175567939335284e-01 1.805719004196059962e-01 2.035056548866442661e-01 -1.440462249863788506e-02 -1.746494590214483222e-01 -4.037543655510765772e-01 -2.154795292406677665e-01 -2.370857867148647435e-01 -2.242344980449644254e-01 2.191274650321073936e-01 4.228556237801596174e-01 4.404503164780694258e-01 4.211685674910120025e-01 -7.646490109713054151e-02 4.954603336054903134e-02
-4.294251746231734779e-01 1.461574890335485231e-02 -2.583434643571264622e-01 2.980217745243596839e-01 3.399315314562755680e-02 -3.531212920051839954e-01 -5.560137767389171648e-01 -4.008707390818009864e-01 -5.701570362912254941e-01 -6.383853530401669696e-01 -2.284762453322627396e-01 2.758233873916396406e-01 7.738414633764411077e-01 1.000000000000000000e+00 8.936870048298719560e-01 -2.832547291647564136e-01 6.242643793865313429e-01 3.402822654110753547e-02 7.662606320143868777e-01 -1.560900903733119238e-01 6.682951030426497185e-01 7.665778927844698609e-01 8.266082289971626862e-01 2.155646969567216187e-01 -4.466659015369377483e-01 4.946817462917957875e-01 7.152362699817687020e-01 6.528208781400119953e-01 2.823571799261608839e-01 7.021455637550181317e-01 -4.170819262133060312e-01 -4.508162125352845884e-01 -3.283848171929256710e-01 8.646063820409928546e-02 7.145384995043551069e-01 -2.030327668828242893e-01 6.130534837215841776e-02 -5.217128874481067324e-01 -4.226057170284253095e-01 -5.758492814687802275e-01 -3.510562657691417288e-01 1.996846985795816820e-01 5.260389849485290759e-01 2.546652187776814458e-01 5.740784405752011876e-01 6.340096826077968872e-01 6.413624727936547698e-01 6.688446015791061905e-01 -3.187920480558465997e-01 -1.277202588409592776e-01 -4.111631826190489392e-01 -5.686713833496603865e-02 -2.887849658889728166e-02 3.522538458533495120e-01 -3.245708452504093566e-01 -3.870364530745570297e-01 -3.629906049647059207e-01 -3.656908487377019679e-01 -4.591058460147959264e-01 -1.837208311665449734e-01 1.559841437767351402e-01 3.003435031671397581e-01 7.379474727117880661e-01 8.469845967077146431e-01 7.262803157358647121e-01 8.673753339368018844e-01 -4.491408400276979407e-01 4.994299726754448665e-01 3.484843323458777786e-01 -1.142374346355835429e-01 5.410543386254320630e-01 5.907614263741211014e-01 7.551922667154086222e-01 -2.824773184840103091e-01 1.034696296077628752e-01 1.237468628602406834e-01 5.592514616407824324e-01 5.161755322464137707e-01 -4.538644568811977531e-01 -3.399048803940034613e-01 3.135365101178249625e-01 -1.455118643636649223e-01 1.563965269526732260e-01 5.390213182977352524e-01 7.163635004571133891e-01 6.684424037490530601e-01 8.721091339170647383e-02 4.863118896619148535e-01 -2.156002956004010040e-01 -3.186682246915437666e-01 -4.427589769022303168e-01 -2.805498773794349310e-01 -2.660982728928393271e-01 -1.811675710256161476e-01 1.397617590157902712e-01 3.003816265771606098e-01 6.946553740999873439e-01 6.367503874662673313e-01 -2.848818887425894619e-01 -2.429207920284993383e-01
-4.326302405395173190e-01 1.178658207558198716e-02 -2.130345477817641164e-01 2.487975401912593532e-01 -1.144638575187548538e-02 -3.278420577299326899e-01 -5.175455709577011509e-01 -3.542250109941282310e-01 -5.735976203548628360e-01 -6.441858239501991878e-01 -2.159312528105682694e-01 3.312624691783601083e-01 7.590215783468569066e-01 8.936870048298719560e-01 1.000000000000000000e+00 -2.714420112687870867e-01 6.388897923601554174e-01 7.525323541244700876e-02 7.902780493077646851e-01 -1.136601761152139511e-01 7.694966374003493481e-01 7.548983776114565059e-01 7.915616081905221257e-01 2.428423496208963195e-01 -4.522149494289321447e-01 5.070227981806487705e-01 7.195523134883161642e-01 7.053520586234306444e-01 3.654855562041949280e-01 7.221593880229172369e-01 -4.614438903653308444e-01 -5.172155694494091627e-01 -4.166311462683990885e-01 8.774576522189624084e-02 7.021872593229623316e-01 -2.247761495097840845e-01 1.129335385591244065e-02 -5.514388840734231190e-01 -4.044485972497390280e-01 -5.394679011910377131e-01 -3.786928523856256112e-01 2.007133235188817422e-01 5.160325345359562110e-01 2.406092507250102430e-01 5.804631960796955426e-01 6.178721235104591702e-01 5.803552496866472010e-01 6.147223498404394970e-01 -2.921857513705334308e-01 -1.419877793027434221e-01 -4.562020774554418345e-01 -5.000737844760862194e-02 -3.822712449210077801e-02 3.211725435205132206e-01 -3.227414571639097285e-01 -4.061255773587930107e-01 -3.560109817581563751e-01 -3.496866815733636336e-01 -4.801069440924471410e-01 -1.981114801420889859e-01 1.444120399058768378e-01 3.533929655870979847e-01 7.528574223254252962e-01 8.259454152705759666e-01 8.095348647553762822e-01 9.020046426218905067e-01 -4.620441145209985279e-01 5.461146247452460800e-01 3.648934899020050970e-01 -1.085250338037989509e-01 6.773544437411664898e-01 6.621123656551871628e-01 7.591445943216154069e-01 -2.234035454424950495e-01 1.339198091633642396e-01 1.493534999292557841e-01 6.444521448163256228e-01 5.223362879017717786e-01 -5.059663191683079209e-01 -4.368917408830890747e-01 3.223579965226308075e-01 -2.042763741677300904e-01 1.893172347532283140e-01 5.689749162465022048e-01 7.271593033179911680e-01 6.544299709529916020e-01 1.055278915097128054e-02 5.086299042359694322e-01 -2.631457795124774179e-01 -3.505536389470644276e-01 -5.181730604431729059e-01 -2.771165400786602673e-01 -2.946735748931992305e-01 -2.030082442126284192e-01 1.694697824660972851e-01 2.762100574208218307e-01 6.678768090975003568e-01 5.853829706537239108e-01 -3.128212416765752124e-01 -2.810439765932746248e-01
