1.000000000000000000e+00 1.353769104607546181e-01 4.069235786101371155e-01 1.560445652713595976e-01 9.872299252505231659e-02 2.546671944272437260e-01 2.305227177224394020e-01 2.959355977764249745e-02 3.776430374800813367e-02 8.804905195332822510e-02 1.537418188278976972e-01 5.378608970423905122e-02 7.607267742952204988e-03 -2.114833860568143820e-01 -2.550355739024448565e-01 6.576962250419833289e-01 8.694315133463225537e-05 -1.982192611400243887e-01 -9.982537582199235704e-02 -9.374980867039135746e-02 -9.493388580623593476e-02 -7.210902067862748344e-02 -3.088007679564439556e-01 -9.270499547202196156e-02 2.455932307390472635e-01 3.160751406165917404e-02 -1.686870219578245900e-01 -1.332970353087321591e-01 3.447240494529735244e-02 -3.456747824751661979e-01 -7.369894382207829719e-02 1.533994717428809884e-01 6.430418874776931693e-02 -1.292405335777511155e-01 -4.107474250601953619e-02 -2.105248504045582336e-01 -2.698797673881979040e-02 6.187936642109650304e-02 -1.817997133243207386e-01 -1.024320818287691448e-01 -3.312329434494468150e-02 8.002023990056413016e-02 -5.513603882407762391e-02 -1.274010126529276921e-01 3.055476980406498719e-02 -2.551566441605935820e-01 -2.740844906602588615e-01 -2.206813567019854372e-01 2.482831268156874827e-01 3.765376274739876128e-02 2.567175644931236622e-01 2.514510087894898938e-01 1.054291521592559677e-01 3.166133379026087741e-02 1.803083244788376005e-01 2.589751855886567311e-01 -4.405395615722891567e-02 1.361830526387209500e-02 1.260362769150655260e-02 6.207041727440978235e-02 3.220446876702743461e-02 -1.274276111146191992e-01 -2.874975690118932725e-01 -2.790204397500986588e-01 -2.743500065887666817e-01 -3.322116549089862980e-01 -2.440259471171572856e-03 -1.071050189666166719e-01 -1.270646491714205184e-01 -2.246619223557329570e-01 -1.716194349005122910e-01 1.311586969642942330e-02 -3.617656809175672228e-01 -8.717011145073547129e-02 4.019508513931164401e-02 1.821002755188226574e-01 -9.912149380126225595e-02 -1.874433218703736304e-01 1.275088682799281788e-02 -3.519844438415785370e-02 -7.880949337329698490e-02 -1.552406630553226086e-01 -1.333870186673621339e-01 -8.779244928851637209e-02 -8.917138179900328809e-02 -2.913822284043782185e-01 -4.607376494182500309e-02 -2.650413359016096700e-03 -1.609331376271332104e-01 -1.077609350387284670e-01 -1.375394028972916904e-01 1.198330854509009891e-01 -6.842938763518763290e-02 9.842170592751948999e-02 -4.367311028555060509e-02 -1.131594058654529639e-01 -1.783445358481901000e-01 -3.286710115400605647e-01 1.891992532462414556e-01 1.123605714331355199e-01
1.353769104607546181e-01 1.000000000000000000e+00 5.309655792366003713e-01 3.936827867614161591e-01 5.261774667924560278e-01 4.313335172536898465e-01 3.922937367591170510e-01 3.778924097648469482e-01 2.834306105324510550e-01 3.304040146916916582e-02 5.048772030546651302e-02 7.643485641879235737e-02 1.066639533428152681e-01 -6.545903967463954920e-02 -1.412856127774984316e-01 2.671642183162688533e-01 1.871464550459617932e-02 -6.135992685390995877e-02 -1.498047426017402317e-01 -4.644795956392774178e-03 -1.015594560830859194e-01 -3.740756407723126124e-03 -8.036224763529803417e-02 -6.335950771129505998e-02 6.661329932727498571e-02 -3.652305577679997722e-02 -7.584111361990279743e-02 -2.349999307226847689e-01 -2.237071402033401213e-01 -1.439075717628544859e-01 -3.105503226230852884e-02 1.597731831396502142e-02 -1.700205916207414222e-02 -1.513278062620845854e-01 -4.383330360525149877e-02 1.031247564171032111e-01 -1.874333791806019056e-01 1.434471791579585431e-01 1.895419154736137646e-01 2.822798450998858510e-01 -3.608830104152693785e-02 -1.638660327517978688e-01 7.743018582811485306e-02 5.861508360486213792e-02 1.533619753992393215e-03 -9.314153673171235437e-02 -7.730418151831129625e-02 -9.944928252071440211e-02 3.446538801849378109e-01 1.044684455506893206e-01 9.850495409734859320e-02 6.080124811010177988e-01 1.928086142093406175e-01 3.111815949929506719e-01 4.559438812065449431e-01 3.477587479319141917e-01 4.195843996324717939e-01 2.360744708387018942e-01 -3.204658785969564591e-03 7.623991028563746608e-02 1.131874776061786020e-01 -1.802883285910359193e-02 -1.248322329130101133e-01 -1.275236741194004098e-01 -1.214389633829658921e-01 -1.380267021870652255e-01 3.142273762788547753e-01 -9.244727452591337824e-02 -9.289958649545637659e-02 -3.636617148441701614e-03 -8.567267935668267109e-02 -6.440448705464454915e-02 -1.764904933026345546e-01 2.961600822878155403e-01 -1.134019790047451209e-01 -1.006237510743557551e-01 -1.653337063346250191e-01 -2.259344292781751973e-01 -6.089903299964900124e-02 -1.393600144862998554e-02 -2.480511507277718686e-01 -1.278825257374690549e-01 -1.965812692121798183e-02 2.868422099906082351e-03 -4.586573298977209001e-02 -1.547544296021356458e-01 -1.679372515649864006e-01 -1.661580205235130558e-01 1.673299658552352895e-02 3.402907177758713458e-02 1.505860112439359570e-02 8.881969327913476209e-02 3.124746999308429252e-01 -1.604788485682056565e-01 1.017302070456439778e-01 4.741854916189423147e-02 -1.102098966621685577e-01 -1.252883135581801533e-01 2.696175316584492054e-01 1.268617213646142383e-01
4.069235786101371155e-01 5.309655792366003713e-01 1.000000000000000000e+00 5.134618465522108356e-03 4.015765054214920915e-01 7.042919593720975424e-01 4.237128469314387913e-01 3.836317475360169760e-01 3.792359273552831089e-01 -4.042926793323129570e-02 2.741695719928469721e-01 2.581131820383767983e-01 1.287221662490160290e-01 -1.276019643055545383e-01 -1.879723609111749461e-01 4.216582632439793699e-01 9.239882505249347178e-02 -9.215178127095702276e-02 -9.407781900645553752e-02 -3.229681237229337781e-02 -6.680598926488651168e-02 7.751535004470420931e-02 -1.811435117262951700e-01 -1.534985736870200235e-01 1.457095440308450174e-01 2.006161474438880599e-01 3.748217483707447922e-02 -6.799649490476777913e-02 -9.947895949760143797e-02 -1.978595351581323991e-01 -1.998592521455445081e-01 -1.291471688327103517e-01 -1.728444896774063988e-01 -1.389941656523815128e-01 1.239904805379358349e-01 2.633508022640565494e-02 -1.360721194918508015e-01 -3.926559443195792865e-02 3.287661059581924866e-02 9.892115062961502614e-02 2.421319346384772503e-02 -2.492724584990475487e-02 2.540179794157407245e-01 9.137549186860018102e-02 7.389953711332290787e-02 -5.661908995185901960e-02 -1.928139668962188247e-01 -8.959154926788634454e-02 5.733836475551562506e-01 2.551930036767656174e-01 1.873596931668451704e-02 5.579965996662987759e-01 -2.728285783572690151e-02 -4.207018283986230928e-02 6.134436968396977941e-01 6.452666061033743850e-01 2.559313665198918453e-01 2.567218191961477824e-01 -4.928580894573623972e-02 4.423106563638121158e-02 1.104146301435314226e-01 6.313394028459791418e-02 -4.614905805681351197e-02 -1.076846707666530290e-01 -1.076153169793459680e-01 -1.945071000224602442e-01 1.712082031966147555e-01 -1.888693358201833442e-02 -8.386367441694737856e-02 -4.423370869852083498e-02 -5.737606580231550263e-02 7.260343413799474899e-02 -2.087298356712931346e-01 1.163999676228049118e-01 -6.875478470582650770e-02 4.552105764563738749e-02 -1.296582736611477660e-01 -1.034401807191160788e-01 -2.366637909483558511e-01 -1.581747421016271304e-01 -1.433689169119009010e-01 -1.385387597555784167e-01 -1.281446164443335659e-02 7.364705815867861327e-02 1.028895093100386099e-01 -1.123595875278338985e-01 -1.102164913033580745e-01 6.795243202911897644e-03 -3.185550826001096614e-03 -4.243286355784887248e-02 -1.599189910198173248e-01 8.540220903153591947e-02 2.389771849569660433e-01 -1.270842373915997137e-01 7.629886157994236751e-02 3.200734127516301902e-02 -4.102762815319566797e-02 -6.855632774313173694e-02 4.641612210075905520e-01 2.755303578585297508e-01
1.560445652713595976e-01 3.936827867614161591e-01 5.134618465522108356e-03 1.000000000000000000e+00 3.428547195318884522e-01 3.647258358625127261e-02 1.550325692215559492e-01 9.493381517252605373e-02 -1.963823542346719141e-03 1.328136360037600605e-01 -1.501110835940313304e-01 -1.508508799806485001e-01 7.585584415845174344e-02 -4.972905429832371466e-02 -1.065634742341816932e-01 3.108238797249218699e-01 3.640892101572231615e-02 -3.628885514018082709e-02 -4.397521122663231030e-02 -8.311555524159748576e-02 -8.963853164680705976e-02 -1.100131842590745535e-01 -3.101168085129645674e-02 7.063015208942272733e-04 5.587009981126616134e-03 -2.801367612457802414e-01 -1.657233486014954016e-01 -1.954317391210829979e-01 -2.002531263296468411e-01 -1.032491360585036516e-01 3.954443794761224734e-02 2.148666141911612371e-01 3.776203280920497618e-01 -2.647563708343837405e-02 -2.099605942267655789e-01 -6.003219703766994597e-02 -1.704737978100529516e-01 2.606369565818588696e-01 1.311741981503619925e-01 2.570044511021553346e-02 -5.202849241481113246e-02 -1.884394638390068655e-01 -1.762845283207599145e-01 -1.819857034853444022e-01 -4.931980681963343133e-02 -1.328873513436609755e-01 -5.970698626254275498e-02 -1.432706327825831460e-01 -9.376529827637328229e-02 -1.656854938252073084e-01 3.540243163562960538e-01 3.816849079189397753e-01 4.836730786448047992e-01 6.733026047721776264e-01 1.109387691636914003e-01 -4.866328562536651435e-03 2.289713737137293592e-01 9.057314714099033715e-02 9.519398964833986065e-02 -6.056691152625846841e-02 -2.389082872054096654e-02 -2.015066873710823214e-01 -2.802158174886061892e-01 -1.617387331814141849e-01 -1.736805671996963785e-01 -1.084083896193278190e-01 1.136048555591282899e-01 -2.341963591558831603e-01 -1.442364054956357111e-01 -8.846763954567943289e-02 -1.585722617568471604e-01 -2.863073417633612561e-01 -1.467941240990867646e-01 8.454105313401254554e-03 -1.283549521491577639e-01 -1.709587773128824484e-01 -2.465328835455784795e-01 -1.977780881293673965e-01 7.941529370602370963e-02 1.894766077185370545e-01 -2.904247517281875468e-01 -1.712621932578540507e-01 -2.264650200403622582e-01 -2.416849428905314123e-01 -2.682475193047682005e-01 -2.336295203897257311e-01 -1.806983146978674293e-01 -1.361830755703263562e-01 -1.830206574425666810e-01 -1.363091199545641563e-01 1.940113850875344603e-01 6.125857803484684866e-02 -2.889692223885946196e-02 -1.871148963899994799e-01 -1.289734853699763539e-01 -3.016581639130900758e-02 -1.665658138490090645e-01 -2.734154413942611050e-01 -1.171410181220209623e-01 -1.742425526152489024e-01
9.872299252505231659e-02 5.261774667924560278e-01 4.015765054214920915e-01 3.428547195318884522e-01 1.000000000000000000e+00 4.958569375353673037e-01 2.854627679226539039e-01 4.928952014466140286e-01 3.821649165096862588e-01 1.388099884742312051e-01 -4.684293856462626998e-02 -1.384533114831342504e-01 2.035410420125188108e-02 -5.892102229084682403e-03 -3.107971564485055918e-02 1.329874642669324203e-01 5.188376250890581326e-02 -5.689481929665305554e-02 -3.174751869508508212e-02 -8.727316395266140892e-02 1.017113202895942314e-01 -1.239167427811886796e-01 -9.106529276125159555e-02 -1.719632872361591125e-01 4.971627650372401064e-02 -1.485639478636180955e-01 -1.865558013935899317e-01 -2.338201716533497010e-01 -1.121631125883061492e-01 -1.352517454619499293e-01 3.798622525180198571e-03 6.653029737166415991e-02 3.930953736600645114e-03 -9.628305286216114200e-02 -2.327134219980013241e-01 -2.125980839652137980e-02 -1.611833083594917670e-01 9.756682817594775070e-02 7.423664523375211877e-02 1.247706212952709864e-01 -3.519601013074492857e-02 -1.945377233627907931e-01 -1.637765832118021070e-01 -5.354478961162457279e-02 -9.802336634255351400e-02 -1.801258982269682285e-01 -1.232673505383694995e-01 -1.954721660462732102e-01 2.214253614515513391e-01 4.244210013694850459e-02 2.534141506456811244e-01 5.139219981864585618e-01 3.291491345134124336e-01 3.036185850563387634e-01 5.225258190827032356e-01 3.801612461834104062e-01 4.577091769150123390e-01 2.976937269165089162e-01 8.426780557745432165e-02 -4.346906470059110766e-02 8.332021936394517049e-04 -1.267971072518972731e-01 -2.166820021873510638e-01 -1.137757507739139140e-01 -1.210369352422656225e-01 -9.441387586864644077e-02 3.428175706814952095e-01 -1.456508988891394851e-01 -1.599844425649577795e-01 -1.273245847869785841e-01 -9.187806079743304766e-02 -2.853333230128792808e-01 -2.331955728630586699e-01 1.921320533388676255e-01 -2.153264085281166584e-01 -2.101074570382187034e-01 -1.969252468760457897e-01 -3.052361573354384627e-01 -1.892755447687420600e-02 6.115093619218241183e-02 -3.867430120467167942e-01 -3.055632401257137865e-01 -2.446580862786050803e-01 -2.229053898235380526e-01 -2.407608961243194179e-01 -2.694179439121124342e-01 -1.483326061697098908e-01 -3.190475491613359860e-01 -1.285316159939576819e-01 -1.380246823888924834e-01 1.590365543074940546e-01 2.096723030376239708e-02 2.006667520001290395e-01 -1.990895116805821430e-01 -5.958529968328563076e-02 -1.776975054375426188e-01 -3.215836560963833968e-01 -2.480870259459881655e-01 1.634243018640044454e-01 4.583633991452524398e-02
2.546671944272437260e-01 4.313335172536898465e-01 7.042919593720975424e-01 3.647258358625127261e-02 4.958569375353673037e-01 1.000000000000000000e+00 5.106591774319264587e-01 5.272087726920094974e-01 5.749311464855935139e-01 7.640708150232267126e-02 3.192932273849491964e-01 2.150775197892593749e-01 1.885663342169695555e-01 -9.919094783868778742e-02 -1.241139741377624284e-01 2.665567725619727990e-01 7.765579435174523037e-02 -4.848360697950519771e-02 -7.944972681735247566e-02 8.006091946667277456e-03 -1.011694162809820448e-02 6.077591842925490068e-02 -1.890027797641884166e-01 -1.282017865198560314e-01 1.384886081141779579e-01 2.006962003040979325e-01 9.661879566663053240e-03 -1.358006909019851272e-01 -9.786819897515462718e-02 -1.322802148306084502e-01 -1.651380081445228964e-01 -1.180930441634578248e-01 -1.426905087743948752e-01 -1.186530410779000760e-01 5.168527498796007119e-02 1.125956635605236678e-01 -1.226100147376652516e-01 -4.489482007607338565e-02 1.054881020628067601e-01 1.789211391431403952e-01 5.864966345467508002e-02 -1.018415896209753924e-01 2.154301688221735289e-01 8.267784271325846757e-02 1.005820258616892116e-01 -7.571711494645172458e-02 -2.089975109021075250e-01 -1.205579537942739893e-01 6.881596071860530683e-01 2.834764289904199708e-01 -2.525223159058889374e-03 4.695780537457676651e-01 -3.591448815887087614e-02 1.785671201031297471e-03 7.541627890079019014e-01 7.642713858390168813e-01 4.291182367152730492e-01 4.489322182648957105e-01 3.766537258969977764e-02 1.033822997142655187e-01 1.464840498607032637e-01 1.098596671375592082e-01 -8.725774009617849603e-02 -7.070654615047802793e-02 -1.274395104637544573e-01 -1.115924107322235764e-01 3.589089411457053180e-01 -3.462294686057818677e-02 -8.474349917133031096e-02 -1.234300001951313744e-02 9.930075953266625371e-03 1.275922132901085443e-02 -2.400448953857244327e-01 2.159778796665028644e-01 -3.396437800398172807e-02 -1.497569910378566613e-02 -1.196232629449799356e-01 -1.132976811340885293e-01 -2.008761755198391619e-01 -1.851734985317525506e-01 -1.869171002505075063e-01 -1.601761065518599592e-01 -1.015991587450805478e-01 1.075775715646340447e-02 3.727884219028432949e-02 -2.003337392331146216e-01 -8.880750778116133781e-02 -7.992752476802035544e-02 4.460091846475271876e-02 -1.467133834601947948e-02 -1.728765957171686796e-01 8.117329003359073647e-02 2.161583287710174273e-01 -1.839694564053392101e-01 5.153910429193564458e-02 -5.370292160690815636e-02 -1.095025565688587665e-01 -1.263686007121808674e-01 5.970933456984930388e-01 3.084123870553230340e-01
2.305227177224394020e-01 3.922937367591170510e-01 4.237128469314387913e-01 1.550325692215559492e-01 2.854627679226539039e-01 5.106591774319264587e-01 1.000000000000000000e+00 5.393679965788585884e-01 4.565599486135309415e-01 1.772375845092532265e-01 2.293545676842443648e-01 1.802299802106690496e-01 2.413849783961569961e-01 -2.886740991273272633e-02 -1.382070365502677534e-01 4.169813099764141939e-01 2.343773395884336808e-01 1.114021598538583735e-01 4.733187709641339252e-02 1.231957621489181420e-01 -3.723538846807806363e-02 1.074707040409426939e-01 -1.252644917362695509e-01 -6.596350425699001874e-02 1.401384046928906557e-01 6.041398123082391408e-02 2.789857538319771152e-02 -1.619912912685889661e-01 -8.529046352366702333e-02 -1.449863522875913802e-01 -1.126221295392262206e-01 -3.604127064009349929e-02 -9.536499359513395113e-02 8.859022456566303938e-02 1.008510162548511696e-01 2.060320416238175245e-01 -6.796127118344318097e-02 9.458615494653652145e-02 6.076872572544676776e-02 4.948148022014735026e-01 3.163557763968119496e-01 1.045964816639619911e-02 2.077914001824629486e-01 6.373516567592910076e-02 7.108082567613691061e-02 -4.535374388957671976e-02 -1.982391656477014708e-01 -5.425315245880025367e-02 5.280514095689108345e-01 2.531012324206572961e-01 -5.672573853247055153e-02 3.076731209034415659e-01 -1.613921930383213285e-02 -1.628643814709152676e-02 3.957985834149196358e-01 3.622012419325371102e-01 2.629146835193563181e-01 2.824793481118063054e-01 -8.846638231255420093e-02 3.630929938803777873e-02 1.277584756272708566e-01 1.184692780411151190e-02 -1.304294734701020309e-01 -1.096309297067938615e-01 -1.266487043459119943e-01 -1.592910454407363841e-01 2.963445222860683903e-01 -5.969428329679606765e-02 -5.538018632097956723e-02 -4.404030936227611680e-03 -4.496452805707529948e-02 7.907323297320209207e-03 -2.325111591015299461e-01 1.693904033389902197e-01 -1.295229255728075346e-01 -8.685711447216871994e-02 -1.258974367378037085e-01 -1.762486783737071960e-01 -1.819066016193719437e-01 -2.267181715301972711e-01 -2.483825408420518577e-01 -1.500686819792050597e-01 1.190341843991864034e-04 1.149481959095379011e-03 3.468946742280547973e-02 -1.719091183747639973e-01 -1.281932433736652222e-01 -1.063881794448160584e-01 1.153778693189504434e-01 -9.129881770715041547e-03 -2.424274692802794728e-01 4.227051811898878755e-03 7.683903075834247476e-02 -6.076092545534143852e-03 9.448846758213012842e-02 -1.761224772934813195e-03 -3.693064580595961655e-02 -1.275097129514437821e-01 4.114885480621577885e-01 2.547052831688698116e-01
2.959355977764249745e-02 3.778924097648469482e-01 3.836317475360169760e-01 9.493381517252605373e-02 4.928952014466140286e-01 5.272087726920094974e-01 5.393679965788585884e-01 1.000000000000000000e+00 7.419572057722474412e-01 9.003305305228263833e-02 2.204802876523453692e-01 1.523361709955675103e-01 1.587664009674940868e-01 1.459728930246640549e-02 -1.106127660949066255e-01 8.503719598276042457e-02 2.368034032220134866e-01 3.239496173025879222e-01 1.477013374388286004e-01 1.554521394547918045e-01 1.079489816163269056e-01 -2.795660348594823739e-03 -7.172681313228801425e-02 -4.790315738473246814e-03 -5.990849795031975150e-02 6.777317699832406672e-02 -1.147982611716352325e-01 -1.313082245875269172e-01 -2.113667708713870899e-02 -1.065582493284513987e-01 -1.138389985808413163e-01 -5.538442635031780303e-02 -1.047449828327749605e-01 2.004074054824612761e-01 -1.128001356090405222e-01 3.186218154453430706e-01 -1.235033014738303597e-01 1.455390528871628071e-02 -2.865834151088405071e-03 3.007736102439855785e-01 3.444018679424261098e-01 -2.598712839884252299e-04 6.129035584700075201e-02 -1.008886470719492535e-02 -8.620217448194458787e-02 -1.297427211688729765e-01 -1.373659098450702998e-01 -8.141011026188851862e-02 4.138687452719039261e-01 2.595001538041598610e-01 -8.380834199749856439e-02 2.973675049407724646e-01 3.839900985493657770e-02 -7.826460283240503678e-04 5.582711527032037102e-01 3.595404632051596994e-01 5.365941092113113431e-01 6.281762042598372231e-01 -8.384976626073019357e-02 6.419120353571734772e-02 1.666418852864442468e-01 -5.572946572620002259e-02 -1.417890239399571262e-01 -5.792369150032893044e-02 -8.874491435207783330e-02 -9.766479471530972734e-02 2.858752637465072910e-01 4.473742979514326590e-02 7.745106113541243287e-02 1.932279519765877085e-01 5.770186204282365394e-02 -1.072303638212218635e-01 -1.485766090595220246e-01 1.166112652142250600e-01 -1.498687278466005746e-01 -1.230478018735467471e-01 -4.703084131946857344e-02 -1.422002278189949676e-01 -1.437939880110129243e-01 -1.328447938645903881e-01 -1.762916465463549298e-01 -3.250962373225684682e-02 -1.881536299152134495e-01 -1.518271137486386646e-01 -1.255702884126798646e-01 -1.960962171579882507e-01 -1.369516158298031139e-01 -9.144668805979734583e-02 1.847354577803751730e-01 4.735277544212743855e-03 -1.205044184003608854e-01 -3.563040735344013415e-02 8.944377424081144390e-02 -4.121528378855248559e-02 4.678454036867842059e-02 -1.496347794521266927e-01 -1.351521145362759857e-01 -1.132948464465227817e-01 3.166673076392529929e-01 2.474862111642676110e-01
3.776430374800813367e-02 2.834306105324510550e-01 3.792359273552831089e-01 -1.963823542346719141e-03 3.821649165096862588e-01 5.749311464855935139e-01 4.565599486135309415e-01 7.419572057722474412e-01 1.000000000000000000e+00 -7.008986660476091389e-03 2.833860960495537262e-01 2.126744740545610524e-01 2.556293442797858417e-01 1.865297497633972706e-02 -1.225244936191177691e-01 5.419370649726851230e-02 2.640141232491132750e-01 3.004877578015084372e-01 1.727287037296597882e-01 2.260252422105531178e-01 9.684644531420244506e-02 1.199967621005189750e-01 -1.155764528633706767e-01 -1.668125448615893902e-02 -1.373427066634892169e-01 9.991244526717356356e-02 -4.976548086487574130e-02 -8.831437030185511350e-03 5.150187394849409933e-02 -5.073122971758767946e-02 -2.451005283385871425e-01 -1.605330358088148945e-01 -1.354673216719423090e-01 2.803296678074566062e-01 -3.424929729745550960e-02 4.367767517012026701e-01 -3.226753439212280000e-02 -6.205939930293039725e-02 -3.180859729817930859e-02 1.893865845708089524e-01 4.215089384805012496e-01 -5.053208117986177778e-02 1.345287910647892105e-01 2.301238673929097839e-02 -8.080950187390005535e-02 -5.078326381562393854e-02 -1.280874821998978230e-01 -5.289890387647138564e-02 4.930057048579413737e-01 4.217761446186779617e-01 -1.684156395195126887e-01 1.918259735194494109e-01 -9.395995687520358741e-02 -9.527139162175286835e-02 4.965852556218038338e-01 4.381412821634419474e-01 4.602587516787609578e-01 7.306433261667067969e-01 -1.705138614467371638e-01 5.138147490329907086e-02 1.655888515144008921e-01 8.298896673720154715e-02 -6.270281544878597568e-02 -4.423642260258096176e-02 -7.082688449146962162e-02 -1.195559874641634046e-01 2.543839725821522291e-01 1.082851691729054544e-01 1.119641282570872781e-01 2.100799958641003107e-01 8.108917439373744540e-02 2.707138100998667668e-02 -1.767158319507796393e-01 4.178719582017337980e-02 -9.232807441488434519e-02 -1.412278848052253011e-01 1.860571443526634616e-02 -7.201502561134005831e-02 -2.311728981845734276e-01 -2.783969831340024070e-01 -1.198738732175068100e-01 8.560708355420046378e-02 -2.026200661263388991e-01 -6.615055170574932197e-02 -3.852529632022459738e-02 -1.256006845484486378e-01 -3.034705362971263504e-02 -2.678734924204349832e-02 3.186137259766470553e-01 9.071420461244404654e-02 -2.587295138945149842e-01 -1.192452123884197163e-01 2.911937813724049112e-02 -1.416977359980111650e-01 5.828411105962293809e-02 -1.756078332811809029e-01 -9.992065875528308161e-02 -4.760281636768382701e-02 3.891231145349443588e-01 3.932517421377508815e-01
8.804905195332822510e-02 3.304040146916916582e-02 -4.042926793323129570e-02 1.328136360037600605e-01 1.388099884742312051e-01 7.640708150232267126e-02 1.772375845092532265e-01 9.003305305228263833e-02 -7.008986660476091389e-03 1.000000000000000000e+00 -4.233757455934637065e-02 -1.993558659407856926e-01 -9.135766768562093854e-02 -1.750579905797762792e-01 -2.315130906384081644e-01 1.969155876294175767e-01 -7.711470673381823349e-02 -1.768827771585378961e-01 -2.274724453372359290e-01 -2.272025145162563653e-01 -2.429868536841834625e-01 -2.229438548576656298e-01 -2.174609515087424505e-01 6.131606837371438717e-02 4.805041362218038237e-01 -1.255098150909522703e-01 -2.361548541155933378e-01 -3.913385078289597918e-01 -1.374941503884425098e-01 -2.968606967343700997e-01 1.739682280423034966e-01 2.548665346013659350e-01 2.200331060509224668e-01 -1.293038403433580397e-01 -2.145033190958392233e-01 -1.728758638401242664e-01 6.409127140157964975e-02 3.835197002745319717e-01 2.434301076338336312e-01 3.332016174579696122e-01 -5.111544596216449632e-02 3.982947039040035664e-03 -1.482289740670483247e-01 -1.805612257612602620e-02 9.301629860711352338e-02 -3.589445084809081976e-01 -1.916839912675980528e-01 -1.704597095564334419e-01 -9.899041326231118598e-02 -3.472340039993282446e-01 4.446953827644660462e-02 -1.625701126627569423e-02 -1.415602822820263007e-01 -3.433907827211146041e-02 5.919258648521132787e-02 6.007247711007769608e-02 7.303548444341458057e-02 1.495743920198679654e-02 3.945345381990862377e-01 1.845408048727448236e-02 -1.481942629394590871e-01 -3.330685935364177119e-01 -3.689055868747533884e-01 -3.574961139973067969e-01 -3.911259036277350276e-01 -2.951704491836777411e-01 1.636566793051948410e-01 -2.769373758310700873e-01 -2.445199490071575388e-01 -2.463558450671638755e-01 -3.756949761649640562e-01 -2.408072434480151847e-01 -3.804932730157089549e-01 1.509197711290271304e-01 -1.100446502733545551e-01 -7.320695672178378910e-02 -2.009027333487193590e-01 -3.526008071203926564e-01 2.087535324604414544e-01 -4.539179527485646265e-02 -1.364288534740934755e-01 -1.700003025229813725e-01 3.062680367841139756e-02 -1.818949068558767812e-01 -3.001155742090599321e-01 -3.942698448255628207e-01 8.114012499135556111e-02 -2.401251829485306355e-01 -3.022334826689591636e-01 -6.236741035584722308e-03 -4.240967310162466891e-02 1.699174102427113142e-01 -9.424390592821173598e-03 3.683813514962134411e-02 -1.670269318521705737e-01 -5.373256900795634478e-02 -3.286565678942797719e-01 -4.418339607841056949e-01 -3.238684793294768077e-02 -2.857655686570340081e-01
1.537418188278976972e-01 5.048772030546651302e-02 2.741695719928469721e-01 -1.501110835940313304e-01 -4.684293856462626998e-02 3.192932273849491964e-01 2.293545676842443648e-01 2.204802876523453692e-01 2.833860960495537262e-01 -4.233757455934637065e-02 1.000000000000000000e+00 7.125560836040363277e-01 3.080563774019410839e-01 -2.672225354008972431e-02 -1.325452789623851602e-01 4.968312999940099201e-02 3.072698589428854987e-01 1.766266433125827373e-01 2.024589560837370683e-01 1.124376239980189041e-01 5.278159792717133925e-02 2.361062599165180687e-01 -1.670927239404190467e-01 3.439060386411610937e-01 4.267743221207612875e-02 6.562443026444966243e-01 7.218261322399581979e-03 1.370427138707839589e-02 8.123274316254132377e-02 -1.834298872599890440e-01 -3.051618411457174829e-01 -1.007355200132048767e-01 -2.355791484209410203e-01 1.400885328904432903e-01 2.208837659586682933e-01 2.033390894785730429e-01 1.031171152692046816e-01 -1.987895688009929940e-01 -1.098950529058502074e-01 1.542102079971880979e-01 3.046551281432339220e-01 9.609909746234775174e-02 4.030204292140266431e-01 3.239154166724616396e-02 1.474356495585689153e-01 -1.235523230170517267e-01 -1.939588006261503683e-01 -1.481002058243942321e-01 4.161920503428672702e-01 2.983283097744620083e-01 -7.402102356301266950e-02 8.832361382078443568e-02 -1.347659510745544964e-01 -1.514682826241195435e-01 1.964278301895160395e-01 2.277326470547185733e-01 6.683053175563370696e-02 1.501753906889791990e-01 -1.191180663489953551e-01 3.252184372664329026e-01 3.158094630269815961e-01 2.285843338675436209e-01 -1.312604943933337251e-02 -4.399218008811637409e-02 -9.746776139673160588e-02 -1.476027678354901451e-01 2.277922675928526625e-02 9.161478974998300828e-02 3.558312008086236822e-02 6.951425586448771454e-02 6.873324965464849834e-02 2.565730369015644663e-01 -1.688048461011735502e-01 -2.815036956265494668e-03 2.421586242872123540e-01 2.413517804465508954e-01 1.721919995955581775e-02 6.266877707086528342e-04 -1.406926958948928885e-01 -1.367952099837971280e-01 8.575293199990589865e-02 1.735692231483079067e-03 -5.573018649509654809e-02 1.421165709498821428e-01 1.213903259318015321e-01 -3.206560251828449726e-02 4.015728014072577484e-02 1.002264717830361335e-01 2.024895732420805283e-01 6.620416252767240273e-02 -1.691804762241252980e-01 -6.445072682859075142e-02 -4.141904488362691678e-02 -4.420987731887648237e-02 1.876605054124542704e-01 8.602300846588271932e-03 -4.620354393449398883e-02 -1.106933218554851939e-01 4.082949400335945667e-01 2.975478863046010503e-01
5.378608970423905122e-02 7.643485641879235737e-02 2.581131820383767983e-01 -1.508508799806485001e-01 -1.384533114831342504e-01 2.150775197892593749e-01 1.802299802106690496e-01 1.523361709955675103e-01 2.126744740545610524e-01 -1.993558659407856926e-01 7.125560836040363277e-01 1.000000000000000000e+00 3.786931869905584280e-01 2.078899482055068804e-02 -5.770947188198862626e-02 -2.218900521939291479e-02 3.958157188301873464e-01 2.249207646042211961e-01 2.251330309273680275e-01 1.757654885329723027e-01 5.904841300566000123e-02 2.681893700409700432e-01 -6.615965451465577463e-02 4.321679849663691009e-01 -9.919146499552579377e-02 6.341406979733061888e-01 1.675048995771760696e-01 1.119216369731109578e-01 5.525300287413902750e-02 -1.022414928686492808e-01 -3.060699639153785512e-01 -8.150311344290538107e-02 -1.936567999296296694e-01 1.380007224387475862e-01 3.189131058080068026e-01 2.691915950191218765e-01 6.154744606819153446e-02 -1.660260790452911528e-01 -1.291829122025805326e-02 1.563931512441188443e-01 2.740031822312872789e-01 1.321080233488069189e-01 5.162578785677768289e-01 1.184256945394380894e-01 1.906071833628843193e-01 3.136796320053042431e-02 -1.016211419579946124e-01 -3.470144856755406904e-02 3.637869226639835474e-01 3.183649049815455712e-01 -8.691064583125676646e-02 6.008029406641932080e-02 -1.477656101387752885e-01 -1.872041505149856233e-01 8.441518418140057933e-02 1.255659858274826290e-01 2.918697218990819880e-02 8.381337455561399530e-02 -1.903323290116935851e-01 3.498123632657016424e-01 3.669643931909708501e-01 2.807076267229273725e-01 1.110354496374300337e-01 2.277673446984220321e-02 4.720080275470226253e-03 -8.396755259696260520e-02 -6.264690636672343160e-02 1.174442634632247573e-01 4.239684404794213241e-02 1.483095156323282759e-01 1.032157828889558315e-01 2.665446873649572335e-01 -4.927345746617293326e-02 3.973221293496656537e-03 2.967094729351690829e-01 2.503864113845443162e-01 2.406652675037792080e-02 1.212568276592816546e-01 -1.696197136005686001e-01 -3.445833192493767683e-02 8.443788092335802187e-02 5.733958284073813888e-02 2.755248886975944153e-02 1.578409751473227041e-01 2.381123301919504665e-01 8.875390600855986856e-02 1.003082983477508218e-02 2.244769247015285796e-01 3.036571612329426184e-01 2.691828513072796331e-02 -9.510726033000668767e-02 -9.581514710027969062e-02 -3.319730138791845281e-02 -3.604980238189468833e-02 2.653464261585287143e-01 1.417141188786069650e-01 1.391723229103162540e-01 4.316751896864495786e-02 3.902856609807469623e-01 2.971861460842642466e-01
7.607267742952204988e-03 1.066639533428152681e-01 1.287221662490160290e-01 7.585584415845174344e-02 2.035410420125188108e-02 1.885663342169695555e-01 2.413849783961569961e-01 1.587664009674940868e-01 2.556293442797858417e-01 -9.135766768562093854e-02 3.080563774019410839e-01 3.786931869905584280e-01 1.000000000000000000e+00 3.296967886301062078e-01 5.243956927010035712e-02 3.930431780551619375e-02 5.733538323597539010e-01 1.937289040077208313e-01 3.976089303172223310e-01 9.443894226244761714e-02 8.507173544571829116e-02 5.138500331376122388e-01 1.531532647004047731e-01 1.053911797126813460e-01 5.562294194085017074e-02 2.098809087444511445e-01 2.914953594563048367e-01 8.302908368729668143e-02 -1.038460703581849456e-02 1.308148714216633979e-01 -2.978169649794238927e-01 3.216215523844880020e-02 -6.022134599498626256e-02 1.930744023542111665e-01 3.662340564135957988e-01 1.929127258147349533e-01 -7.682178554024346462e-02 -3.395516035018325551e-02 2.347312377006111409e-02 5.839489875593942975e-02 1.530078308364456463e-01 -1.982687926077915733e-02 3.021473287719307899e-01 -6.152573664881608173e-02 1.320974839159056169e-01 1.670280756887246865e-01 1.163908832036386620e-01 1.407434457369146630e-01 2.467226126895619431e-01 2.044882382134595722e-01 -3.664783193368371939e-02 1.749554572660877161e-01 5.122527856898552098e-03 -9.519031963574202046e-03 9.742702091866428660e-02 1.800963518136934616e-01 6.833491022155485650e-02 2.180309395389274651e-01 -8.707336370038588902e-02 8.778834732631732307e-03 1.401744566402951253e-01 3.218316300201512492e-01 5.623693694049346214e-02 -2.907554072430536957e-02 4.309414671390113770e-03 -1.979569951542724943e-02 1.223306568765080912e-02 -2.667105464008487706e-02 7.062699451818285450e-03 3.060017585837248102e-02 -1.487693511460358095e-02 9.171815060848302614e-02 -6.901234735520636598e-02 -6.658152527701641232e-02 -5.155278030080737151e-02 -7.422296729774884028e-02 2.840981777088688771e-03 1.233502577377396797e-01 -2.316580549105186904e-01 -9.700889682378147083e-02 -2.467948813422903009e-01 -1.748035635735283866e-01 -3.004282986664207761e-02 2.148216784132997437e-02 1.370048942058764985e-01 -4.139609168622133267e-02 -4.180030927626381121e-02 1.538897286553440602e-01 5.625393834496374146e-02 -2.330879582931835725e-01 -1.009019100066850388e-01 -5.578765460210872301e-02 -9.052591875382440256e-02 -1.408632943104682067e-01 3.101457425906603907e-02 6.555561980460322680e-02 1.151700844863374901e-01 4.920490094693758670e-02 1.749208372798438660e-01 5.806649734182692951e-02
-2.114833860568143820e-01 -6.545903967463954920e-02 -1.276019643055545383e-01 -4.972905429832371466e-02 -5.892102229084682403e-03 -9.919094783868778742e-02 -2.886740991273272633e-02 1.459728930246640549e-02 1.865297497633972706e-02 -1.750579905797762792e-01 -2.672225354008972431e-02 2.078899482055068804e-02 3.296967886301062078e-01 1.000000000000000000e+00 6.585430216087237998e-01 -1.821303595843102308e-01 1.770082251860273792e-01 3.931228373098745732e-01 5.572262045627529581e-01 3.693377894764565683e-01 5.169889622661918427e-01 2.518304142759129616e-01 6.729450979563916801e-01 -2.769208866103598995e-02 -2.733752436223491067e-01 2.666725551634532496e-02 2.404856585245264133e-01 1.918430218684442357e-01 3.590294586309779046e-01 5.194236364641671155e-01 -1.843449020868915267e-01 -1.171468773325625157e-01 -1.087287104282446543e-01 2.946162401256435803e-01 1.483502766946098173e-01 1.662421866258177172e-01 1.782053831089272788e-01 -1.661281399900980671e-01 -2.077346664742961424e-01 -2.115561541865829120e-02 5.017160361591400247e-02 3.976363191532698155e-02 -1.491768874236588938e-02 1.234979312740873240e-02 -1.274702799649486962e-01 2.914209153886718195e-01 5.886309712226692747e-01 4.531641121265363448e-01 -5.580199052283493777e-02 1.491236668909260571e-02 -2.505283374781531736e-01 -1.232264184521027484e-01 -1.351336312203533230e-01 -5.386119442172957600e-02 -1.477405401726375467e-01 -1.830780715570684836e-01 -1.167720679337407585e-01 -1.916996692914751943e-02 -2.764999963674091843e-01 -8.103129043179276014e-02 -2.032154369525049006e-02 5.286488377059517241e-02 2.062291966884501893e-01 2.292248778298933976e-01 2.356545634817438506e-01 4.905465353460286559e-01 -1.563069015761084091e-01 -9.693302541149766485e-03 2.249567315341714085e-02 4.308121845311438380e-02 2.307374406917522824e-01 1.658067662289161928e-03 3.429924589103729993e-01 -1.630867954799607722e-01 -1.199675792315377104e-01 -2.125130983583373712e-01 3.276517223684323743e-01 3.659651566765371178e-01 -2.084464978854178585e-01 -1.951741918047870117e-01 -9.311833590220505719e-02 -8.238617705325716745e-02 -1.376167883829170768e-01 -3.944234419068998188e-02 1.568519870971205044e-01 1.878763901240386447e-01 2.152414892885662623e-01 1.322988233122428248e-01 1.069775001858539465e-01 -1.438790538720269852e-01 -1.108787293094577880e-01 -3.125778940014762308e-01 -2.054099604756448039e-01 -2.508668946287626392e-02 -5.159775087839221785e-02 1.734500688047146619e-02 2.870534084439490541e-01 3.348081864569357191e-01 -8.859997906917137234e-02 -5.770651583576755922e-02
-2.550355739024448565e-01 -1.412856127774984316e-01 -1.879723609111749461e-01 -1.065634742341816932e-01 -3.107971564485055918e-02 -1.241139741377624284e-01 -1.382070365502677534e-01 -1.106127660949066255e-01 -1.225244936191177691e-01 -2.315130906384081644e-01 -1.325452789623851602e-01 -5.770947188198862626e-02 5.243956927010035712e-02 6.585430216087237998e-01 1.000000000000000000e+00 -2.571251134057358501e-01 -3.001414678694942773e-02 2.833327324196807662e-01 3.009932640135490889e-01 3.525525429060319960e-01 5.608847008129254075e-01 1.254130879349711347e-01 6.160499135050617747e-01 -4.547733408058603211e-02 -3.123200512466298706e-01 8.130647891376786146e-03 2.096170317153607521e-01 2.536080600055736767e-01 3.124652595173262326e-01 6.179812207575297034e-01 -1.462170729322211926e-01 -1.004404642916407603e-01 -7.785107297156487749e-02 1.291457634372263352e-01 1.116726474037785521e-01 1.407289902630102230e-01 1.698815063666390679e-01 -1.605594910031677147e-01 -1.703552001046724773e-01 -8.438576110490064730e-02 -6.261594477537099634e-02 6.908588612527508110e-02 -5.275400850431562205e-02 5.085286234231723573e-02 -1.086391826193597032e-01 3.539498405811489223e-01 4.798934946602007034e-01 3.996244261674421483e-01 -7.367931309280734142e-02 -3.867314006887109541e-03 -2.037467332564399936e-01 -2.258057754448093701e-01 -1.497733466154143323e-01 -5.328124994776856777e-02 -1.637687049700519981e-01 -2.692073057036636352e-01 -1.721516056447898457e-01 -1.467429971250645004e-01 -2.927668878463228208e-01 -5.559607414731815994e-02 -2.973469880637552923e-02 4.723965876266417868e-02 3.428989135225762874e-01 4.667602131859372450e-01 4.329349991354266569e-01 7.741605357368197549e-01 -1.813108891027478409e-01 -1.063914775809686117e-02 -4.440505720866372644e-03 9.095930815173144945e-02 4.092334871025224974e-01 -1.216505629020920264e-02 5.136759944212718754e-01 -1.423244308101644651e-01 -1.952974338286322595e-02 -1.464965821032638837e-01 3.369691248810701700e-01 4.490700587583704717e-01 -1.412855527515176068e-01 -7.215215646830980267e-02 -2.271460388686090057e-02 -5.937674816697073588e-02 -1.110737669335280509e-01 2.058151036511055368e-02 1.498866732997754525e-01 3.006536777438691965e-01 2.018607492903740919e-01 6.873563713157805621e-02 1.691083402659036838e-01 -9.306681573622806181e-02 -2.896845905845083294e-02 -3.762788979763598829e-01 -2.030157343611446730e-01 -2.495105752535620256e-03 -3.221080073086015488e-02 -2.475845911668500543e-02 2.867970659131974798e-01 3.709739762894186388e-01 -9.827480540142924381e-02 -1.251287293911591651e-02
