1.000000000000000000e+00 4.912586198638422413e-02 4.382270727161312607e-01 -1.921499672128881564e-01 -1.211287984701046039e-01 2.607547857445879358e-01 -5.815828953411120161e-02 -1.115408347842483383e-01 6.293627255996338266e-02 9.278666221522990920e-02 3.095513281413413975e-01 2.519449953598422720e-01 8.976598103599263412e-02 -2.418773693088331622e-01 -3.095417984878685580e-01 -1.916131877306200826e-01 1.060819029458410188e-02 -1.504663548376133086e-01 -1.224632301381534533e-01 -1.514757920641615352e-01 -2.670004598278351571e-01 1.209567688299977850e-01 -4.134193243523437422e-01 1.448684483185750937e-01 3.074244042277542444e-01 2.967627193437245015e-01 -1.001042113470826111e-01 -1.563366442706571047e-01 -1.985983608523170796e-01 -4.104180876954374169e-01 1.116039947812849133e-02 5.113956928531886159e-02 -2.063513562431091852e-01 -1.625465990641143318e-02 -6.846926085857167610e-02 4.656931706370205648e-02 -2.410568347667204625e-01 2.952152260416486818e-01 -2.169790963599296241e-01 1.040676821892032727e-01 -6.137837441827395353e-04 2.513883154599373324e-02 9.381031702283329499e-02 -8.864949082853093576e-02 -9.898401484545947537e-02 -2.133431257898716626e-01 -2.933936939759239637e-01 -2.035776913895912810e-01 3.324135417152092598e-01 1.932454407708864841e-01 4.287979280526155179e-01 1.340481359045023746e-01 -1.405959184575125420e-01 -3.053567378894965212e-01 1.815669553999317010e-01 3.805292442237596107e-01 1.287355322148069081e-01 1.479981622726298657e-02 2.224990258987729896e-01 2.699824048808379673e-01 2.812154207323750987e-01 1.297352393675952342e-01 -1.185806420275213741e-01 -1.960935546520881090e-01 -1.409265415845047942e-01 -3.391975421962256099e-01 -4.314287997506596750e-02 2.977867071914394939e-02 -7.512865231201458494e-02 -1.692897372132727563e-01 -2.760512205116482654e-01 1.417532647176426852e-01 -4.220901223235175026e-01 -7.581049569518852511e-03 2.052774517001311749e-01 3.699322511058007468e-01 -2.047634134954316731e-01 -2.958403966970948318e-01 1.377574290127672463e-01 1.654201183857079427e-01 -4.157980418202201350e-02 -2.701043082560736219e-02 -9.292222455769053036e-02 5.387437265533541464e-02 -1.823291493201244784e-01 -2.091187805426507895e-01 -1.748601806890792421e-01 -1.131511281753842663e-01 -2.437856755655318577e-02 1.945663783033573652e-02 -4.533803178918739685e-02 2.720699927235921689e-01 -2.221386062694002961e-02 2.516732375236460650e-01 1.833184741467331069e-01 -8.578815284288755783e-02 -2.359519778563477777e-01 -3.286006837122644186e-01 2.434583958008995908e-01 7.204281985441292335e-02
4.912586198638422413e-02 1.000000000000000000e+00 3.923666242577482643e-01 4.183540584856547118e-01 4.873510538111742174e-01 4.022360344163056767e-01 3.481394070747408365e-01 6.036744723149759517e-01 3.686099833662784264e-01 2.458186733290068648e-02 -8.010434778752259510e-02 -2.224478775479804896e-02 1.875288882923628608e-01 -1.262903800058216841e-01 -1.429230825147458084e-01 3.548443557058819642e-01 -3.866590523034015014e-02 2.053574593744612597e-01 -1.208681558034648299e-03 -6.636990924535053626e-02 -4.533403119568697737e-02 -1.135256009076787698e-01 -1.363968706447610257e-01 -1.051461161144850859e-01 -1.497352558196372863e-01 -1.141767362886710185e-01 -2.353342042907576870e-01 -2.980706490777201290e-01 -2.528036516617296336e-01 -1.888644949348351754e-01 -2.074288039847776641e-02 1.386932630210208628e-01 -6.236220047576505887e-02 7.499164951416829004e-03 -1.514603670180160733e-01 -2.329339358057300191e-01 -2.032894883362122707e-01 9.865433718404188757e-02 9.948868255960346962e-02 1.070452861034951048e-01 -2.196742329276667183e-01 -1.877804088110175129e-01 -2.821142960289799162e-01 -2.204306315221393753e-01 -5.947463841306762505e-02 -3.299933582904231999e-01 -2.904465818113973197e-01 -3.524594782796727777e-01 -1.430717212207406330e-01 -2.380062240841308574e-01 3.099145323455147483e-01 6.270988076675482192e-01 2.728056726875479066e-01 3.497562822296536034e-01 5.441096485919250103e-01 3.532431976999458323e-01 5.990586510949681420e-01 4.585756551124737235e-01 -3.986071142084456065e-03 -6.732760024612842453e-02 6.072982414480169143e-03 1.509567105219163929e-01 -4.894944120689882772e-02 -6.846466588820368515e-02 -9.431961909935589194e-02 -1.107234811855155737e-01 3.630731706608246734e-01 -2.355958758867748859e-02 -1.485119191019670659e-01 9.830862323854150375e-02 -1.167763719171637377e-01 -1.181710720982003249e-01 -6.239131346067108147e-02 1.551006823751471808e-01 -6.595784373372849674e-02 -2.088546267190965200e-01 -1.798445033651129565e-01 -1.546377582542205198e-01 -2.704917982896838310e-02 1.034323692539062256e-01 -3.568945245605284478e-01 -3.490129960609227866e-01 -3.223313765977695589e-01 -2.681991863137362375e-01 -2.767024062657484906e-01 -3.234527737382515422e-01 -1.659267023210973524e-01 -3.731988303805221507e-01 -2.356873261557621280e-01 -3.176799188094648341e-01 -1.455892696906940231e-01 1.047774469465749120e-01 6.703572709021600462e-02 -2.444738296694994595e-01 -3.409223947850126279e-01 -2.480473565244596668e-01 -3.947638929697444565e-01 -2.910796707145692497e-01 -9.160363588583084193e-02 -2.570222511984737723e-01
4.382270727161312607e-01 3.923666242577482643e-01 1.000000000000000000e+00 -1.568807813321052014e-01 1.304973028817929814e-01 5.533478587816712535e-01 2.074964866647099893e-01 2.338137447962814752e-01 3.119697925097634772e-01 -5.482709718115586633e-02 3.414142885274950023e-01 3.811399840580097509e-01 3.001685297805070651e-01 -1.041182361230058584e-01 -1.449511943333942898e-01 -1.517625610565302152e-01 2.029715638904139308e-01 7.610891941101505243e-02 9.362831309148292314e-02 2.657607992185602452e-02 3.802814749828161561e-02 8.880629183795209214e-02 -2.314806544643476793e-01 3.071696802025438156e-01 -6.317633911694653381e-04 3.571929029381492038e-01 -1.411881556741928501e-01 -2.670757567431537582e-01 -1.554790279889786964e-01 -2.592113871083042698e-01 -4.042348497456899753e-02 -9.207559280081309416e-02 -3.401609379830252133e-01 1.199912352706220403e-01 -7.014133264839363113e-02 8.184538581511132532e-03 -4.486101998855562267e-01 7.253895099773025046e-02 -1.549087447862501077e-01 2.323017005153398817e-01 -7.438101075424954911e-02 -2.487789685357937389e-02 6.820326016693737357e-03 -8.619394423277298989e-02 -1.897952511979720258e-01 -2.550663812505433170e-01 -2.914416822662297402e-01 -2.408068767186316295e-01 3.570287410794028005e-01 1.758770825032340834e-01 1.051206356986158080e-01 3.259806459045665461e-01 -2.674070896996494362e-01 -2.940336200764218644e-01 4.420566665556118213e-01 6.788553739094291828e-01 4.320278257995577298e-01 3.287045933136500953e-01 -7.042084229958571473e-02 4.458462655257438567e-01 3.308533693784389551e-01 3.451297747074103528e-01 -1.503664605270918064e-03 -1.908652616190104762e-02 3.750667379367468579e-02 -1.694262493354004029e-01 1.546725729628754820e-01 2.045260088021795541e-01 5.173059494764673666e-02 8.954919239035628864e-02 -2.514332613961285223e-03 2.327529259931374328e-01 -2.087187737395167220e-01 1.213564774661584633e-01 3.127313758193968063e-01 3.116309944656207587e-01 -3.320350903062765369e-01 -1.797818868599937170e-01 -6.927333787009717740e-03 1.001373893929941306e-01 -4.415569091243141259e-02 -1.718090293187011230e-01 -3.073023321743371672e-01 1.800756566891490926e-02 -1.892695290705183331e-01 -2.611177743808167917e-01 -3.399115700163060638e-01 -2.829376001686911279e-01 -3.292473854984539344e-02 -6.979675097430781960e-02 -1.832428998787827557e-01 9.293967406543505658e-03 -5.237636725232289875e-02 -9.595145559909692631e-03 -3.389211091042756280e-02 -1.565144075617503627e-01 -2.394924094352985366e-01 -3.214061622482177749e-01 2.147548727103709421e-01 1.870880629910550569e-02
-1.921499672128881564e-01 4.183540584856547118e-01 -1.568807813321052014e-01 1.000000000000000000e+00 6.584123934028602854e-01 -5.927780196847115546e-02 1.598250078132125718e-01 4.249690168251402667e-01 1.052048570571397501e-01 -1.621745393024656146e-01 -1.728040128670846887e-01 -2.576904338791926041e-01 -9.717777182395181956e-02 -1.422804736574418139e-01 -2.018195734924167414e-02 3.862689622208426155e-01 -1.792042183117681375e-01 1.535626843096798977e-01 -1.255059874332276892e-01 -3.335033475577427881e-02 -6.696078992118736917e-02 -1.309110765951003730e-01 2.011959307642482986e-02 -2.962763368831088373e-01 -1.547348426969173685e-01 -2.390114538659741661e-01 -2.487624934060657378e-01 1.703016672185536998e-02 -1.576873457857866090e-01 -2.433369463126560175e-02 -8.760168766609841007e-02 2.105014985769764202e-01 1.651650113565426847e-01 -1.017597515177199805e-02 -1.156807301169066743e-01 -9.783808774958557830e-02 -6.136536757282102378e-02 -7.069054061865054361e-02 1.514092985147416637e-01 -6.065274201380457808e-02 -1.424660017516731492e-01 -1.725174017146897387e-01 -3.298553093072484343e-01 6.528590059069881713e-02 3.516692396224983114e-02 -1.424496594771746671e-01 -1.211956771441301123e-01 -1.381461656351394562e-01 -1.699220092149312522e-01 -3.053771424551362523e-01 1.935721212454621643e-01 4.128240800399511357e-01 4.294284202385849070e-01 7.160462401574053670e-01 1.612008914567411577e-01 -6.832243844123153664e-02 3.171097318244046059e-01 2.441414452508390009e-01 -1.780384989806569618e-01 -2.174393155813143796e-01 -2.217651909228855744e-01 -2.570010734473982331e-02 -4.295924571528024483e-02 -5.372233477834859744e-02 -5.860791429587822177e-02 2.696835671413842436e-02 2.457528248402771898e-01 -4.132898002872016641e-02 -6.371619565959693414e-03 7.348568294932758538e-02 -4.396456557376493546e-02 -2.240159820089416831e-01 2.379096528848414702e-02 -6.212385444202420462e-03 -2.276312752122848504e-01 -2.427140840183110992e-01 -3.351967291817586903e-02 -1.063124948514559548e-01 -2.721674674805999242e-02 1.423708712503612139e-01 -1.475702226493697256e-01 -9.571699757922774721e-02 -1.405301995117126390e-01 -1.916109837659685511e-01 -1.746371442609159497e-01 -8.060972339391089814e-02 -1.235009639545252003e-01 -1.997819970518494026e-01 -8.704380758176696875e-02 -1.930264922459596910e-01 1.334107344980714760e-01 -1.494460376466857365e-01 -2.622264976677293746e-02 -1.588076179702027635e-01 -3.061144022664975539e-01 -3.126013965443025927e-02 -1.964977985906304347e-01 -1.051750150773316100e-01 -1.256805235823771905e-01 -2.279039460661654304e-01
-1.211287984701046039e-01 4.873510538111742174e-01 1.304973028817929814e-01 6.584123934028602854e-01 1.000000000000000000e+00 1.516846418466744340e-01 1.899620794477037966e-01 4.205228226036816230e-01 1.817794312785733502e-01 -2.001369135944447986e-01 -3.346138193660933013e-02 -8.606192122178212001e-02 3.260187765549682481e-02 -1.173712685257665839e-01 -2.754345902908703764e-02 2.008712474756505217e-01 -5.318601776203352172e-02 2.083090346204873045e-01 -7.736152882797663055e-02 3.287553776048482423e-02 -2.118169383035225020e-02 -7.017219132317269181e-02 -1.881649426797979072e-02 -9.068020006709286152e-02 -1.502188592081345198e-01 -6.386833705065403377e-02 -2.471169279149873221e-01 -1.263751171801042739e-01 -1.574866320407709575e-01 -8.286497220845343015e-02 -4.029429684998684508e-02 6.743300882732851387e-02 -7.922749252408241294e-02 1.134526460053819769e-01 5.274697403172928269e-03 -1.582550900027816787e-02 -1.752842634594736215e-01 -1.099260921090179088e-01 8.553587390027808657e-02 6.369522514767952948e-02 -7.995051340690975672e-02 -8.709761728156359406e-02 -1.421726978120028961e-01 1.945536054449106475e-02 7.351906664067965613e-02 -2.288432669283061993e-01 -1.423393242857249885e-01 -1.852123680919472992e-01 -1.637085127681822683e-02 -1.110829908899998858e-01 1.972323706582468014e-02 4.337101469253447084e-01 1.659842883101282085e-01 6.226254837371179018e-01 3.576316832462105855e-01 2.080398021562012978e-01 3.882634978133085446e-01 3.318332559665446713e-01 -2.189679990901376994e-01 3.292268820948327651e-03 -2.438412815029840711e-02 8.681355413700225787e-02 6.929787142633331114e-03 -3.998058882040331219e-02 1.627404731224871282e-02 2.771595632267999636e-03 1.909797603567631175e-01 2.700409125061420390e-02 1.066735049678512737e-01 1.735632795820261920e-01 7.191763063627882799e-03 -1.992302174798562045e-02 -2.850255795054922742e-02 -1.222928911741781274e-04 -7.636129357623674951e-02 -7.061347610474939807e-02 -1.084848200982439920e-01 -1.562137474058372388e-01 -9.269279307714654859e-02 6.382742470792451828e-02 -3.206237935645194631e-02 -5.190938294932128522e-02 -8.466631058774851115e-02 -9.246993021464486318e-02 -7.039790225023179193e-02 -1.000995635811272183e-01 -1.485811751229376421e-01 -2.138780242167385437e-01 7.002841253618907226e-03 -1.621208171163681377e-01 -2.478391744822202973e-03 -2.159821070153995493e-01 -1.041524822796916078e-01 -1.046436489075829729e-01 -1.807326383340984166e-01 -8.196362106631938094e-02 -2.017789685062690574e-01 -2.046216781396893170e-01 4.395039706053784079e-02 -1.100416458436140194e-01
2.607547857445879358e-01 4.022360344163056767e-01 5.533478587816712535e-01 -5.927780196847115546e-02 1.516846418466744340e-01 1.000000000000000000e+00 4.822295735951225293e-01 4.579220555859436770e-01 6.119520003066171165e-01 2.800095247175968249e-01 1.752331050724543482e-01 1.754642592892668995e-01 2.360572703506929881e-01 -2.295032624622597717e-01 -3.078035273713669029e-01 1.672407604009524748e-02 6.462030511259467258e-02 9.126529397603172500e-02 -6.610532045624969988e-02 5.938687999757450570e-02 -3.215966664716578965e-02 2.456294810898054792e-02 -3.076431689237529299e-01 1.679141912780391099e-01 1.383019424473106163e-01 9.074558185586924230e-02 -2.223290382342205662e-01 -2.468251305056938516e-01 -9.467609051354672345e-02 -2.570526395094319683e-01 -1.343149782474261089e-01 5.887332924345525104e-02 -1.780659029485003320e-01 5.411884899424568990e-02 -1.805960323143097901e-01 -2.596407349388094726e-02 -1.486450395787822232e-01 2.547848388890924243e-01 1.217184741921761293e-01 3.948519316247137145e-01 6.615071326349403202e-02 -1.374059658439856502e-01 -1.734076792116274746e-01 -3.158644944393836362e-01 -4.640280395831117982e-02 -2.537994141311547547e-01 -3.670096075829911708e-01 -2.446442794012645972e-01 2.204041092648718614e-01 2.036623977848712741e-01 1.547891534121124402e-01 2.753159729552484558e-01 -9.685040852429074865e-02 -9.189114608986478916e-02 6.428762166355896923e-01 6.639961089172907727e-01 5.495256339710510307e-01 5.968840818455352082e-01 2.131706036438025809e-01 8.718135204168572794e-02 9.680147046725877391e-02 1.776679409530417808e-01 -1.013810534499763882e-01 -1.392792599506040563e-01 -1.390474498970633854e-01 -2.848152514098032384e-01 4.263751496652953832e-01 4.298931323946960509e-02 -7.612657260087103694e-02 1.055749602412652255e-01 -8.184299431797791013e-02 2.197191311878395059e-02 -2.572723069791391093e-01 3.656286914472386407e-01 1.030558158861566848e-01 1.695752844234856005e-02 -1.563940924820659828e-01 -2.800483056268406323e-01 -4.075725403418767323e-02 1.120744020995432660e-01 -1.375204387230800351e-01 -8.561504744139682155e-02 -2.672686989613622943e-01 -1.326392736148690743e-01 -2.873028163712817995e-01 -3.141931007862872050e-01 -8.298841646035144681e-02 -2.612932397250484207e-01 -5.351881600702281666e-02 8.990131092336524354e-02 -1.704869456844693987e-01 1.754281361942877093e-01 2.468867145438706223e-01 -3.517934468453542962e-02 -1.372012192428039012e-01 -3.267894792907401480e-01 -3.211946089371038315e-01 -3.173250941760487054e-01 2.541851079034165295e-01 8.386280170423987546e-02
-5.815828953411120161e-02 3.481394070747408365e-01 2.074964866647099893e-01 1.598250078132125718e-01 1.899620794477037966e-01 4.822295735951225293e-01 1.000000000000000000e+00 5.697277714071954380e-01 5.561154651097109936e-01 2.384518159359088341e-01 4.856127316009643813e-02 1.358962322336867458e-02 3.586577326039849106e-02 -1.534024431808417022e-01 -2.052721021709939253e-01 3.140525118262807447e-01 -3.643286935054824982e-02 1.703857766482666236e-01 -5.862722594276074430e-03 1.193352627761274654e-01 9.454719229572779507e-03 -9.939017853616724518e-02 -5.660480781744942069e-02 -2.501684473715029902e-02 3.290188238466519848e-03 -1.209526733386552116e-01 -1.644141855037650202e-01 -3.020520167873050679e-02 -8.569150199241248878e-02 -8.988065235851496262e-03 -7.191123548231809215e-02 -2.084918223556996974e-03 -1.049860388572509268e-02 3.738807211457400442e-02 -1.434023508135235658e-01 6.054525724769772854e-02 -3.398091493282302117e-02 1.000476392129969472e-01 2.218365093559782619e-01 4.126785443406651988e-01 1.625609914939915024e-01 2.506468649096855322e-02 -1.464992873572817378e-01 -5.129823182588755942e-02 -7.993418303513601803e-03 1.602267753092646504e-03 -1.425158062881901888e-01 2.400647366928244236e-02 1.359089895530743997e-01 2.487679527366238111e-02 8.684927147630115696e-02 2.151419124132857019e-01 5.027226091802160929e-02 1.633903758909162895e-01 3.319136035824489239e-01 2.389327225931928422e-01 4.619721946991099393e-01 5.292198710644265836e-01 1.061319562135260366e-02 -1.179984371855698072e-01 -1.830397394122312282e-01 -1.679115177304234610e-02 -1.721725556500322551e-01 -9.618750863982182542e-02 -1.813436244099716210e-01 -1.792855872486313062e-01 5.177949220639211925e-01 -9.552870282024165938e-02 -2.128480940623117268e-01 4.376805566510886397e-02 -1.063804362272547099e-01 -1.275308858517833488e-01 -7.144783470345446308e-02 2.699575428522432152e-01 -2.056802496455796270e-01 -1.460384833437781693e-01 -1.736911013751458455e-01 -1.326780740831851602e-01 -2.494531159453216781e-02 8.694249270533981749e-04 -3.158512238046401466e-01 -1.321518562945161179e-01 -1.669916781277487605e-01 -1.614197756667955785e-01 -2.329244742596698059e-01 -2.062622460946385017e-01 -5.642323255863294224e-02 -1.379384346428853825e-01 -7.841930129590445053e-02 -1.821711065143135147e-02 -1.007266469574760598e-01 -3.144053726394019366e-02 9.966998731063568540e-02 -1.054265030733986530e-01 -2.206301205805104859e-01 -9.895361639663741160e-02 -1.148388768613502753e-01 -7.446452130173056294e-02 1.088558240416952622e-01 -4.426265231972663361e-02
-1.115408347842483383e-01 6.036744723149759517e-01 2.338137447962814752e-01 4.249690168251402667e-01 4.205228226036816230e-01 4.579220555859436770e-01 5.697277714071954380e-01 1.000000000000000000e+00 7.232367770770309345e-01 1.657211685895811359e-01 3.589463136660529102e-02 2.983409722950368381e-02 1.754223512978924093e-01 -1.291995975702015520e-01 -1.141537037875308830e-01 3.010564119194921173e-01 2.190498446655972029e-02 4.525675893482606904e-01 4.065000546998136233e-02 1.962516446990567875e-01 1.634802789312808091e-01 -5.289246471454860099e-02 -7.877770911859907632e-02 -6.052275135992925270e-02 8.780981962288499088e-03 -1.199324285137088053e-01 -2.280480285865667811e-01 -3.899298078600392514e-02 -2.893569543160658467e-02 -3.472744750043618711e-02 -2.132403573815165043e-01 5.864278261104918094e-02 -1.032304158857200865e-01 2.439522173914837611e-01 -1.985736837776980734e-01 -3.643299520016234777e-02 -1.491076517856937400e-01 4.140966587470856081e-02 1.157243466945438032e-01 2.545402933461763939e-01 -3.255907022317330868e-02 -1.533453938852163689e-01 -3.602907511527427831e-01 -1.879219847276244748e-01 -9.638782805687714714e-03 -2.019164408333957161e-01 -3.263379455037406784e-01 -2.424953493119290093e-01 -3.847391355092274340e-02 -1.419707715201372622e-01 1.057189743063573356e-01 3.710774956465316965e-01 1.071871789486908699e-01 3.497615785251337872e-01 4.571905563565991648e-01 3.513064080077486495e-01 7.250621013093915268e-01 7.842260039938864224e-01 -6.176529791636915789e-02 -8.054964879147633039e-02 -9.057816982257187177e-02 1.076950040205667536e-01 -1.257312377983034191e-01 -9.611907844076902907e-02 -7.338949723911060430e-02 -1.105360297460940833e-01 4.269573637578101266e-01 1.693623584971660698e-02 -1.106523369593155337e-01 2.809386952036009855e-01 -1.158814351365616661e-02 -1.819695097306350262e-01 6.576067879390872298e-03 1.023017973796646468e-01 -1.084749326703093320e-01 -1.266454725268529591e-01 -1.546365850797314090e-01 -1.270577388387638951e-01 -1.672436212437611869e-01 3.723115882358734446e-02 -3.057115851803436368e-01 -1.628474982432975560e-01 -3.334442068582505470e-01 -2.785394502656043936e-01 -3.524171824430656352e-01 -3.728678701473909785e-01 -2.066154367146355308e-01 -3.598746630318522821e-01 -1.344353513526803656e-01 -1.749429643092680342e-01 -2.074621271359658181e-01 -1.135744424510001099e-01 -2.507375218510605325e-02 -2.306358967543636895e-01 -3.794571125654227495e-01 -3.199126207919261167e-01 -3.335718149227266394e-01 -2.327593125238279492e-01 -2.003331322349766186e-02 -2.082927085265078582e-01
6.293627255996338266e-02 3.686099833662784264e-01 3.119697925097634772e-01 1.052048570571397501e-01 1.817794312785733502e-01 6.119520003066171165e-01 5.561154651097109936e-01 7.232367770770309345e-01 1.000000000000000000e+00 3.479650794369943401e-01 2.200672644085228391e-01 1.915891580349814161e-01 2.013399172383978641e-01 -1.805504060411859402e-01 -1.919860256392034448e-01 1.050236146716204549e-01 4.399549443634527546e-02 2.812207174251555308e-01 -2.627393047842656315e-02 2.182373623150965503e-01 1.360866216431068920e-01 2.533644504320749918e-02 -1.936669027451621561e-01 6.495463654724985270e-02 1.837885255637508874e-01 8.342904876867573288e-03 -2.045138351914918828e-01 -2.263961274221138603e-02 4.611892528360053700e-02 -1.036969816884651119e-01 -2.154001011849533687e-01 3.046947116980269418e-02 -1.370150676974242199e-01 1.981731974696792353e-01 -2.134275871534039859e-01 9.011685821235268512e-02 -6.284398232515263361e-02 2.160762209833065328e-01 1.290310329606654260e-01 4.315380541551612770e-01 1.327932352542060823e-01 -7.620780867507401246e-02 -2.204455041074443733e-01 -2.145846802917282803e-01 6.289522892874573057e-02 -1.388480495436066053e-01 -3.648271572245431749e-01 -2.008571812244530908e-01 1.530781881724309623e-01 1.016365879340798972e-01 2.825011580069718142e-02 1.213373864906200778e-01 -1.405614359345067621e-01 3.306179593689800161e-02 3.921974846683514149e-01 4.837310803834568573e-01 5.891853438687040256e-01 8.073506107579790925e-01 1.266219266643527630e-01 4.900641174054841398e-02 4.294971598510301941e-03 1.230035195039504564e-01 -1.632741441779084757e-01 -1.147333151376102173e-01 -1.063374969347543192e-01 -1.827391744575352639e-01 4.123013286526262533e-01 7.876253549386260169e-03 -1.219571053848982067e-01 2.005428869151694715e-01 -9.957527766201177896e-03 -1.009316964492460444e-01 -1.111550035179901808e-01 2.200140371120483107e-01 -1.074463077089443143e-02 3.045857642295451626e-02 -1.375529709294442127e-01 -2.317851778342406022e-01 -1.469368422643469729e-01 2.567883966062779050e-02 -2.261731425790177996e-01 -1.308416189443116148e-02 -2.342072464499980744e-01 -1.881952271781305586e-01 -3.329637907021050225e-01 -3.633014880363124588e-01 -1.384513631289150115e-01 -2.614605749459704143e-01 -4.894851580363913240e-02 6.602394559837279631e-02 -2.421983167832852946e-01 -1.453654171457153740e-02 6.405277540230717992e-02 -9.128250233492958554e-02 -1.881314052182981311e-01 -3.193601805994415455e-01 -2.720344026628299661e-01 -2.788955591861896344e-01 1.279514878684611945e-01 -3.641795876802988476e-03
9.278666221522990920e-02 2.458186733290068648e-02 -5.482709718115586633e-02 -1.621745393024656146e-01 -2.001369135944447986e-01 2.800095247175968249e-01 2.384518159359088341e-01 1.657211685895811359e-01 3.479650794369943401e-01 1.000000000000000000e+00 1.501057814313686845e-01 2.485573658295621435e-01 1.714493036378684498e-01 -1.845588294014071928e-01 -3.101089944211864458e-01 8.635881570174323840e-02 3.938569495379194707e-02 -1.271069219282742191e-01 -6.372421586774539015e-02 -1.562413976661380238e-02 -6.710976332882238882e-02 1.524389133122350526e-01 -3.336303434476019514e-01 1.859552637250737328e-01 6.157161444197304379e-01 7.787985512048663239e-02 -1.200054692110748278e-01 -3.256914475326488229e-02 7.153618295889138667e-02 -1.788423888249193738e-01 5.870330005147012670e-02 6.971852178740373107e-02 -8.541069634268541599e-02 1.059645460562160316e-02 -1.369364117953286719e-01 -2.786904996582516003e-01 1.400648728927330333e-01 3.640644021399496166e-01 2.771537932485911293e-01 5.372060964066996958e-01 5.774956855702832736e-02 1.004392700170099462e-01 -2.487425055072314123e-02 -3.530641429478658111e-01 1.733535553730183865e-01 -1.852354144092527022e-01 -3.705448104693361833e-01 -2.244063967340412247e-01 -1.893306686098069347e-01 -1.560346253869187086e-02 4.807094302623256266e-02 -1.713117200499691406e-01 -1.577693424457057847e-01 -1.580138175531920486e-01 -5.676031059659836751e-03 4.878972343028632058e-02 5.403366353955253026e-02 1.639050760311138721e-01 5.475073416719643538e-01 -4.365677006553954353e-02 6.148752506122401318e-02 -1.055970973698037024e-01 -2.704011797638387615e-01 -2.713341464354737664e-01 -3.206813740152594794e-01 -3.360853960897594583e-01 9.754146173416977650e-02 -2.185839201031507251e-01 -2.646959129571296310e-01 -1.816525041916477179e-01 -1.621121168135560286e-01 -1.066788773507212212e-01 -2.087922254595737381e-01 2.807996304349116290e-01 -6.892584756859705675e-02 1.143541173306521913e-01 6.489418091910324239e-03 -1.419339004189620612e-01 1.413981090973594201e-01 -6.464477245729641219e-02 -2.249344715647584036e-01 -9.496208451238881409e-02 1.417860912219856898e-02 -1.333293822337123513e-01 -2.947837074185805095e-01 -3.680359129224261006e-01 1.032642775724791628e-01 -8.884760171169824028e-02 -2.761755644549488964e-01 1.922094814724486372e-02 -3.460757596858064500e-01 3.347835775212197884e-01 2.551349446922015485e-01 2.237962247120967585e-01 1.004151952734604475e-01 -3.168669077503807330e-01 -2.848903134007865767e-01 -2.099040728219519758e-01 -1.669794557026657023e-01 -8.168775489101839926e-02
3.095513281413413975e-01 -8.010434778752259510e-02 3.414142885274950023e-01 -1.728040128670846887e-01 -3.346138193660933013e-02 1.752331050724543482e-01 4.856127316009643813e-02 3.589463136660529102e-02 2.200672644085228391e-01 1.501057814313686845e-01 1.000000000000000000e+00 6.879382925119869041e-01 2.604358087782497888e-01 -1.672596167190411598e-01 -1.905656957232415571e-01 -2.006767659968756445e-01 2.411030329805788353e-01 4.499294420425462709e-03 4.060608392113491255e-02 8.411297246900770186e-02 2.294352768311405666e-02 2.566207236967369409e-01 -2.629054220183237867e-01 5.511186623340149637e-01 2.856219034281217151e-01 6.347258845050047782e-01 -5.762793077775799772e-02 5.561843174783268756e-02 1.398624779245962180e-01 -1.973443783321782996e-01 -1.194453410300920088e-01 -1.751314421178052083e-01 -3.781646649483729195e-01 2.977544787400183135e-01 1.488395787124736566e-02 1.627923109050034289e-01 -1.889488593750100198e-01 -6.845523909822036346e-02 -2.035819644794415462e-01 3.255795092327237183e-01 1.498877513313721099e-01 1.096072577859841524e-01 2.930254648324769895e-01 -1.513558518275668306e-02 3.206397439672224042e-02 -1.252769064419179124e-01 -2.142433958959775731e-01 -7.942468409659811379e-02 4.229961532657087742e-01 2.469770907049219644e-01 -1.165316747224741933e-01 -1.547572330804993235e-01 -4.017902021146883551e-01 -2.683167843755664972e-01 -2.269885492483188216e-02 3.506703817478856178e-01 9.744565239754210406e-02 1.282535571520786455e-01 4.165951626702218275e-02 6.226846517199197129e-01 4.744684873199604969e-01 2.200948206244476013e-01 -1.895529426713166155e-01 -2.420240460741917565e-01 -1.330796236140237010e-01 -2.696059650625556858e-01 -1.148609468745358936e-01 1.445059121653916867e-01 1.224861669407135700e-01 -1.045458690101161436e-02 -7.015217512985822898e-03 2.732041880990380145e-01 -2.773622767603859396e-01 -2.100989140812893965e-02 3.473747872882251286e-01 5.770280887195470276e-01 -5.793071587733859135e-02 -1.717724128098265524e-01 5.177453779713914878e-02 3.368418764292244183e-02 1.562445054035333236e-01 8.756745793740255968e-02 -3.406440085523376043e-02 1.627222711867152560e-01 -1.217161437122846468e-01 -2.551353892982456406e-01 -1.152587106184745497e-01 -2.224174823521800348e-02 1.078106148987437590e-01 1.040750450834879715e-01 -2.280140173502986090e-01 -1.924571413533611719e-01 -2.062506102848620515e-01 1.364263844056104458e-01 3.813228430775684186e-01 -5.687339332713260004e-02 -8.658192193276283144e-02 -1.863523596878818300e-01 2.630929610769717208e-01 8.211152843947479296e-02
2.519449953598422720e-01 -2.224478775479804896e-02 3.811399840580097509e-01 -2.576904338791926041e-01 -8.606192122178212001e-02 1.754642592892668995e-01 1.358962322336867458e-02 2.983409722950368381e-02 1.915891580349814161e-01 2.485573658295621435e-01 6.879382925119869041e-01 1.000000000000000000e+00 5.196967781678261122e-01 1.042372330850937778e-01 -1.279136357515632365e-02 -2.637784790643825095e-01 5.231313933509104119e-01 4.249806248882723875e-02 3.640625854176817167e-01 6.947846088606091097e-02 1.811682699304305866e-01 4.305142473064328956e-01 -1.912372941465859677e-01 6.667803736857977892e-01 3.257097346370744217e-01 7.315142980614255386e-01 2.608351719548247100e-02 -1.032665657729337633e-02 1.588151644112627547e-01 -1.574560326798156717e-01 -1.494730129484576620e-01 -2.762496675938830859e-01 -4.201594682757575083e-01 3.545650972878023888e-01 1.247524253945963835e-01 3.770647119801417285e-02 -2.509402350735385756e-01 1.464310799496182066e-03 -1.430821817382573469e-01 3.723871901235973336e-01 7.872293848879961808e-02 1.267760763888779174e-01 3.326958360236449419e-01 -5.461589829846476979e-02 -7.026164141339281966e-02 -1.310550191993758717e-01 -2.392382110260880546e-01 -1.763788104358851305e-01 2.878483310067737611e-01 1.959088612837218413e-01 -2.114001246414968505e-01 -1.737802915971857209e-01 -4.872687230691786775e-01 -3.642323950793165954e-01 -9.603712141771678090e-02 2.997518738724875842e-01 6.437150531713846380e-02 9.990319081732848550e-02 1.757520412102686223e-03 6.708027260508629963e-01 6.125949699312956964e-01 4.179061052336238147e-01 -1.585683906863382883e-02 -6.624036945499912898e-02 6.301516273767639176e-02 -1.176360631473697543e-01 -2.082967901829802515e-01 3.311290900678578453e-01 1.348471869394047007e-01 1.154916040215735185e-02 8.975777068273972648e-02 4.233980476170023377e-01 -1.589826499574402141e-01 -6.259772999110867209e-02 5.006066444629388990e-01 6.377578914914325825e-01 -5.743802870054105780e-02 -6.288397740095459654e-02 -5.548929497033768671e-02 -1.084204422787211353e-01 1.645572802290415637e-01 -2.927221341726738563e-02 -1.054772056225377064e-01 2.751601279118802701e-01 -8.054447028879747894e-02 -2.591843765256544585e-01 -1.793907103566557137e-01 -9.991780316974091525e-02 -3.839449726656114781e-02 -1.376368845178169154e-02 -3.806234278269837179e-01 -1.367441614551506424e-01 -2.241425956739871161e-01 1.168128619542575797e-01 4.341637416806237160e-01 -1.361176549440465122e-01 -1.084173290373445092e-01 -2.123635767076636760e-01 1.000931288778479367e-01 -2.004976562845640561e-02
8.976598103599263412e-02 1.875288882923628608e-01 3.001685297805070651e-01 -9.717777182395181956e-02 3.260187765549682481e-02 2.360572703506929881e-01 3.586577326039849106e-02 1.754223512978924093e-01 2.013399172383978641e-01 1.714493036378684498e-01 2.604358087782497888e-01 5.196967781678261122e-01 1.000000000000000000e+00 2.688222347763835063e-01 1.037512557648166828e-01 -1.177816714483785054e-01 6.457582721740572351e-01 1.241421128640319421e-01 4.799583128314449110e-01 1.382520913271553242e-01 2.388361458935833737e-01 5.037511339082386685e-01 -3.031899669239134301e-02 4.918318930584609228e-01 1.042560464898461547e-01 3.848814372553095997e-01 1.654641764568537399e-01 -9.438452423327439722e-02 2.494499149663160220e-01 -1.262380715306863910e-01 -1.499379963059740140e-01 -2.186783506810416333e-01 -2.684507535323789051e-01 3.794717456985466364e-01 3.480065915309387137e-01 -1.482740895606221021e-01 -1.375466448590660085e-01 1.290191572865215588e-02 -7.166100969930411235e-02 1.875895974403058164e-01 -5.148347251340584796e-03 -6.870510841000797286e-02 1.958078096913253574e-01 -1.022321230305324874e-01 -3.161823046518089098e-02 -6.248558289737562305e-02 -6.643945151152333417e-02 -1.062760646532045217e-01 9.313947803322503161e-02 1.753897117343012624e-01 -1.127493872432625693e-01 6.953287489139751976e-02 -2.557527875630318803e-01 -1.497978490425024845e-01 2.270184259129581078e-02 3.074643308992436319e-01 1.831164946176657982e-01 1.705744354720566125e-01 -6.914519132226187859e-02 3.133200951106414056e-01 4.230588214661444302e-01 6.902616170207611646e-01 2.260012094723664877e-01 1.470215556002591739e-01 1.806058506386645501e-01 4.981670123699942498e-02 -1.311041891731355158e-01 4.613331397166394732e-01 1.596891552977789397e-01 6.923170865485245296e-02 2.023055188284069994e-01 4.170199338723454274e-01 4.038347434215557724e-02 -7.886671030817223038e-02 2.875733496132903966e-01 2.286384645998275345e-01 1.450023726923621026e-01 -1.313494172762010373e-02 -9.685830418450619428e-02 -1.128286432840075598e-01 4.933301054549162068e-02 -1.467352239129447733e-01 -1.018415355922431820e-01 2.596157208978358555e-01 8.762082898465226033e-02 -1.431104765537921097e-01 -2.796795068204864856e-02 -1.279080535009449737e-01 -1.510798768367050959e-01 -2.050278912288515942e-01 -3.464776003848322183e-01 -1.849237977897824278e-02 -1.496177589518825346e-01 -4.637577812745698885e-02 7.174910984672343284e-02 -1.228755043317321799e-01 -4.661158204358246265e-02 -7.858589543362347329e-02 8.998471899506274227e-03 2.198002966512335732e-02
-2.418773693088331622e-01 -1.262903800058216841e-01 -1.041182361230058584e-01 -1.422804736574418139e-01 -1.173712685257665839e-01 -2.295032624622597717e-01 -1.534024431808417022e-01 -1.291995975702015520e-01 -1.805504060411859402e-01 -1.845588294014071928e-01 -1.672596167190411598e-01 1.042372330850937778e-01 2.688222347763835063e-01 1.000000000000000000e+00 7.471648550809312228e-01 -1.199184957502306553e-01 3.712085706154651388e-01 1.706438188270997802e-01 5.871913961561572304e-01 1.608682446039234881e-01 5.209148242052199507e-01 1.539884875735711700e-01 6.207987246533028802e-01 7.664548001080033479e-02 -2.516733243052440283e-01 2.397514541361021184e-02 3.351084881768368606e-01 8.852579327909465556e-02 2.495139255691814772e-01 4.417004090984671949e-01 -1.872714937615213571e-01 -2.974429645662149957e-01 -8.672753872860601565e-02 1.058474631290228785e-01 3.319787849615089548e-01 3.766797881306270697e-03 7.211589218877653695e-02 -2.007210765897388949e-01 -6.779736468586128328e-02 -1.563562500595755411e-01 -7.434216048715591718e-02 -8.573250103706854877e-03 6.569496753219869478e-02 1.655015691126571764e-01 -2.605989532483410920e-01 3.056750226514255986e-01 3.992748499356590375e-01 1.939834216842776793e-01 -1.474105284898102053e-01 -1.519546035408102513e-01 -2.795661890180123899e-01 -1.312246480632033585e-01 -5.832014140202761848e-02 -7.604398641121609681e-02 -2.600012137503139309e-01 -2.495436080145184699e-01 -2.243615189493525508e-01 -1.880718963326691029e-01 -2.833769781191758930e-01 1.598572926333245367e-02 4.121556861322175219e-02 1.663674952864805656e-01 4.756949550585959918e-01 5.725606824961653185e-01 5.741291039424286646e-01 6.207006463054856038e-01 -2.280824402225248293e-01 2.561689146470696454e-01 9.559094015722227611e-02 1.331321023435634021e-01 4.482109540009445170e-01 2.097094051354777000e-01 5.816520013368123854e-01 -1.839278615878562617e-01 1.291678936837001579e-01 -8.401308863297846097e-02 1.959138793432302905e-01 5.167380684546383218e-01 -2.238971276908351959e-01 -3.875984153056485360e-01 8.117906351494698358e-02 -1.107938904723831663e-01 -1.067833475707329338e-01 1.714680968352763346e-01 3.547249200086978749e-01 4.075755277594028669e-01 6.310351082033141545e-02 6.534124044806093046e-02 1.768734367510137531e-02 -1.315011092355551359e-01 -1.120454565260746022e-01 -1.646879075649387292e-01 -9.306329791866554957e-02 -1.800485796468753730e-01 -1.706587855890303804e-02 1.338577452402232304e-01 3.207625097833275429e-01 3.636770604229457859e-01 -2.296163830947436368e-01 -1.182474906737085857e-01
-3.095417984878685580e-01 -1.429230825147458084e-01 -1.449511943333942898e-01 -2.018195734924167414e-02 -2.754345902908703764e-02 -3.078035273713669029e-01 -2.052721021709939253e-01 -1.141537037875308830e-01 -1.919860256392034448e-01 -3.101089944211864458e-01 -1.905656957232415571e-01 -1.279136357515632365e-02 1.037512557648166828e-01 7.471648550809312228e-01 1.000000000000000000e+00 -3.906828573174543628e-02 2.330741626648735743e-01 2.409149867575527126e-01 4.538758812949202359e-01 2.385859165687449213e-01 5.842682696744153636e-01 3.903074286167677875e-02 6.753084406876612711e-01 -2.574451074715504093e-02 -3.205895856054191140e-01 -1.516792460792558070e-02 1.613905548199732476e-01 1.371084717144973597e-01 2.817807498468694050e-01 5.528051958345712169e-01 -3.183805367134741049e-01 -1.943149598578470805e-01 -7.169285931327409878e-02 9.309474997334385438e-02 1.950768936148181976e-01 8.834405485638786859e-02 8.561597714913092572e-02 -3.249910685698871315e-01 -1.212476962739615777e-01 -2.317963277233267283e-01 -9.202385538362027606e-02 -1.260895725305193060e-01 -1.187611174244703888e-01 1.740018746518019188e-01 -1.541709379515974199e-01 2.362128608316123868e-01 3.506101007821184057e-01 1.579271978364959750e-01 -1.227142644930666465e-01 -1.873309167552857646e-01 -2.752611123812809812e-01 -7.570371201394142380e-02 1.246012128146041509e-02 5.196916863458404812e-02 -2.683256975673648514e-01 -2.526322058335462861e-01 -1.802621503359973787e-01 -1.494060036213995246e-01 -3.614331431965978059e-01 3.645777867139204237e-02 8.707310980086171298e-03 1.699889385100314954e-01 5.507531675038449537e-01 6.920709985708635159e-01 6.855737756228819091e-01 8.338720706913095304e-01 -1.521133047391065307e-01 3.413508773387051165e-01 2.285756504906739650e-01 2.958268964046581462e-01 6.076259098908414202e-01 1.904228081771041081e-01 6.730886706102227057e-01 -1.713511853470086888e-01 1.799117142602606745e-01 -8.654557381467423149e-02 2.594330205241024978e-01 5.581969252995658826e-01 -3.118596676708832449e-01 -2.636900143768470817e-01 2.059135455169546491e-01 -2.680095581122756213e-03 -1.843582292722041049e-01 6.602396400628277040e-02 2.954857838075058973e-01 4.456479977438083107e-01 1.688447422440011308e-02 1.030594947029534348e-03 1.198943010653283764e-01 -6.843398165195457850e-02 -3.702286896143230921e-02 -3.137114356248015823e-01 -1.420220392902392104e-01 -2.319364541529525814e-01 -1.569447674809467952e-01 5.765085549995555003e-02 2.268141202954233882e-01 3.231344784853654728e-01 -1.678260646789603017e-01 -1.157817360089289094e-01
