1.000000000000000000e+00 1.468570675398419845e-01 2.102353015127066682e-01 4.658113575483305291e-01 3.267521935699777558e-01 -8.511923357140960267e-02 1.649947574465003564e-01 -1.215897504235152471e-01 -2.117719435974011188e-01 -2.518287420206977156e-01 -3.426569780092608708e-01 -3.622581584021591916e-01 -2.561643278130379953e-01 -7.036160200019461741e-02 -4.610846929416061168e-02 6.182456991799230028e-01 -3.321056514222442968e-01 -1.471756565856400523e-01 -2.422048503440944744e-01 -1.692343512681351303e-01 -1.985478123110869797e-01 -3.077988888470044593e-01 3.632606405683725531e-02 -3.110251153184941386e-01 -2.007453241734306892e-01 -1.748575336902439548e-01 7.690284921007660424e-02 -1.762482960875637328e-01 -3.718542907591953495e-01 -3.248708999299741024e-02 -5.298159303751046045e-02 5.043326236365760495e-01 6.365914311454605734e-01 -3.271310588423917975e-01 -1.782734526687389798e-01 -2.886924094838589361e-01 -3.302396658331835377e-01 1.682359784247796641e-01 5.715978946844509773e-02 -1.891973944336499958e-01 -1.868269640493908368e-01 -1.542340432837824848e-01 -6.304227163437739478e-02 -6.041596458780633394e-02 -2.080311547203200773e-01 -6.173934540534599391e-02 3.752482719575912784e-02 -9.882704920148539796e-02 -2.337854060888941432e-01 -2.403106145242267788e-01 6.304791048840164835e-01 4.609914577192972818e-01 6.246919807510873390e-01 5.351099043124520893e-01 7.097774032195489817e-04 -1.233541807795728029e-01 -5.591136114421442482e-02 -1.968275629701966845e-01 -1.693175060044357083e-01 -2.239806329816768915e-01 -8.545126566802313528e-02 -1.357636246943452751e-01 2.583287464682465506e-02 1.061913514250799849e-02 -1.570962955993598087e-01 1.210703986096562657e-01 -1.240171814248473697e-01 -3.122394203973866689e-01 -4.260947906040430389e-01 -2.036331931830237252e-01 -2.721547371292199480e-01 -1.462826797537045698e-01 1.262531768352100348e-01 -5.180414803042231453e-01 -2.509939445320064633e-01 -3.260523897080920275e-01 -1.906560044485387517e-01 7.853554696633927024e-02 1.091066188302401152e-01 5.338390125032667077e-01 -2.461249993740999009e-01 -1.284951932856214230e-01 -3.918858998920157211e-01 -2.158465676858160043e-01 2.515924020868501049e-03 -7.442633345223971519e-02 -3.626122737526376594e-01 -5.834776871449010027e-02 -3.819232533023381726e-01 -3.282145364566554924e-01 6.276865852597743878e-01 -3.983884066617423003e-01 -1.381728117673736433e-01 -3.621322113639600104e-01 -1.208038440982439343e-01 -1.310197745338713693e-01 -8.857785288458508433e-02 -1.196898518021702676e-02 -3.450611356728187085e-01 -3.503433260748196609e-01
1.468570675398419845e-01 1.000000000000000000e+00 6.174531030292561562e-01 5.733241571882593535e-01 7.463091171014448744e-01 5.474349807397163037e-01 3.704235871640181310e-01 5.540205726682014831e-01 4.686742953995047256e-01 -3.379259049511024182e-01 7.746854819625266508e-02 3.332641439554058418e-03 1.251548875668142581e-02 2.823819673460425395e-01 3.513135549767778532e-01 3.190624990920987725e-01 -5.863185997893761298e-02 3.909424382376238127e-01 8.915257651144761764e-02 4.821768214116085166e-02 2.202384623740277492e-01 3.766971134902460244e-02 2.762592064786940638e-01 -5.205482915857803650e-02 -3.842974933547316785e-01 6.813398150536086051e-02 2.913426185325801998e-01 1.440557222385900615e-01 6.937595183627504047e-02 2.234408073133647421e-01 -3.078237765381754421e-01 1.041956932830215427e-01 1.158020789278482177e-01 1.309862106728680239e-02 7.453789584460085438e-02 3.334082508755073504e-02 -4.001437556091999581e-02 -1.106628096410615103e-01 -1.530640197045244344e-01 -1.713465190928053217e-01 -1.420331927949878559e-01 4.384565219931326613e-02 4.816085259553554848e-02 9.540249026932224458e-03 1.167206080502197069e-01 2.189120964682189641e-01 2.165976567894579152e-01 2.039554732274889703e-01 1.592610687867309499e-02 -1.515861907425277988e-01 7.300964078742189223e-02 7.244365987948614416e-01 3.771408752118850516e-01 4.868505709592839126e-01 5.415171687276945089e-01 2.513002970809351533e-01 5.841470845735922124e-01 6.089884607051133658e-01 -3.460888642660832626e-01 6.181636261960354872e-02 1.454252674630644171e-01 5.039678809158177480e-02 3.839160059666152369e-01 3.196153892328735258e-01 2.728594071398410259e-01 3.907418313283565481e-01 -1.480394368219490331e-01 1.675839964802262050e-01 1.175733044290647733e-01 4.353107971448546554e-01 1.916770769931843976e-01 1.873190942553966676e-01 2.780845907868561007e-01 -3.206504367175207482e-01 3.389335240268664257e-02 -6.180329618848987711e-02 1.808904578177382427e-01 2.591131925621392162e-01 -2.854074466505601149e-01 8.832227699197447990e-02 3.154602663445630478e-02 -1.029834932690996685e-01 -1.669947204079819114e-01 1.356314927225926725e-01 2.266774883006289487e-01 2.327180644908772855e-01 3.359933602013783632e-02 1.487635425956257973e-01 1.010399714941314225e-01 -1.853592569838958259e-01 1.290326286170988962e-02 -4.119853654809612076e-01 -3.505294491325383621e-01 -1.466374240001121487e-01 -4.630033099720344547e-02 5.347266453251171836e-02 2.203922510577806526e-01 1.845452484313893082e-01 -5.410377179281835452e-02 -1.075076122684320429e-01
2.102353015127066682e-01 6.174531030292561562e-01 1.000000000000000000e+00 1.896385763484295106e-01 5.419363944020439972e-01 6.777203065930973436e-01 3.426175701367351611e-01 5.673408158446963112e-01 4.307267381696763819e-01 -2.238812742480388862e-01 1.201139869084461194e-02 -9.065362966623707885e-02 5.312089733351326587e-02 1.968322822480418899e-01 1.760726044635533283e-01 9.734841887010052541e-02 -5.672427542885678797e-02 2.273434342246639928e-01 -4.882926300211268972e-02 -8.871791658002285003e-03 1.100666082827193998e-01 6.437888746207093629e-03 1.415919275433653868e-01 -7.063584230428350541e-02 -3.003026691265901493e-01 -4.970751229809439176e-02 1.538085863188930202e-01 1.093262359901964464e-01 -2.614066522456472835e-02 8.799529233775661707e-02 -2.151041307638726918e-01 -4.543996358691792387e-02 -1.633923743420728422e-02 -2.467718922721662961e-02 5.514096293976426116e-02 -2.555336175929570283e-02 9.011061060834192615e-03 4.851007081718276132e-02 -7.753286055632853391e-02 -1.811202998664304953e-01 -1.454206558540241390e-01 -2.642346675455531022e-02 -7.435380311772947504e-02 3.255607956077473386e-02 8.147697776060851271e-02 3.819233850951671977e-02 1.196646620228205421e-01 7.372971343269991984e-02 1.415314759344500906e-01 -8.041409762850071363e-02 3.274419755377551422e-02 6.154310980923346497e-01 1.706884857981527670e-01 1.414285170497762978e-01 6.025713506569178035e-01 4.162792335647684805e-01 4.952630654108863273e-01 5.182598359811828592e-01 -3.697734982931853431e-01 1.059508220529512545e-01 1.345236984547403813e-01 3.574626081246535386e-02 2.017425403300534270e-01 6.627878043610120617e-02 1.460426899716324722e-01 1.826032220175369813e-01 -1.424201090065932429e-01 1.109588989429344391e-01 9.656357155548271620e-02 3.387632987817568719e-01 8.888397328236888328e-02 1.840609455295376951e-01 6.817227126499877943e-02 -2.104747723698248141e-01 7.433714149417562644e-02 -1.348220866653494221e-01 9.846719784552947219e-02 7.334512381052707419e-02 -1.735691987287689975e-01 -7.028822855629773825e-02 7.452252202405374067e-03 -3.777619461162654013e-02 -1.352601616482167202e-01 1.674875721041179655e-01 3.801190844216510711e-02 9.431162360236389208e-02 2.184375495689244023e-02 1.535609519875140438e-01 5.730646900034706143e-02 -7.345978714241914453e-02 -3.395272707719999838e-02 -2.948732612128124875e-01 -3.944359229349950757e-01 -3.496170813392126542e-01 3.918431080145157869e-02 7.520565711946625154e-02 4.784340497427944094e-03 1.984428018951265443e-02 -1.249582098952993665e-02 -5.754014562665377142e-02
4.658113575483305291e-01 5.733241571882593535e-01 1.896385763484295106e-01 1.000000000000000000e+00 6.184398214834427865e-01 4.669073409952158304e-02 1.843734982709739068e-01 3.390616949411250775e-02 4.636623193345586202e-02 -2.876029330546806539e-01 -1.690220418361471078e-01 -2.119551237386213816e-01 -2.167153933561210555e-01 1.328427545295899626e-01 3.088653025440743494e-01 6.297203766225770716e-01 -3.065120413416872469e-01 2.614116783513374676e-02 -5.716931626815568990e-02 -1.735544226662143474e-01 -5.202959622399959405e-02 -2.818723819641619777e-01 2.880410169708055856e-01 -2.669866700977828744e-01 -2.981882567280461083e-01 -1.115335309121126967e-01 2.974692073947283744e-01 1.455510356060873978e-02 -2.249909880508907944e-01 2.782121285253807419e-01 -2.046187576975693478e-01 5.741223509374809852e-01 5.897746445695130069e-01 -3.091142218736315228e-01 -1.301332734567888783e-01 -1.977994037924094006e-01 -3.405702659648774944e-01 9.839577466932598881e-02 2.627401221765724403e-03 -1.722087490136480215e-01 -2.538632489185210783e-01 -1.328812158302929702e-01 -5.848630911444419045e-02 3.911030052441514799e-04 -1.849646994466845329e-01 2.700635280014379580e-01 2.465538414141207335e-01 2.316986087203161404e-01 -1.974339275486685641e-01 -3.201674803084982868e-01 5.225625888020208887e-01 6.453122976441403313e-01 7.983158431418820866e-01 8.701365415499270339e-01 1.569907075870511648e-01 -8.072477670768241076e-02 1.996198729698319130e-01 9.905911314378677834e-02 -2.265012287832243176e-01 -1.958787886404897982e-01 -4.500677352450333651e-02 -4.559929667181759211e-02 3.210205418492315110e-01 3.361103838189472004e-01 1.907198575645583649e-01 4.592412294811655249e-01 -4.965742866928626181e-02 -1.067848130892962849e-01 -2.398762383556142519e-01 3.715763950364736612e-02 -3.416952185949162328e-03 -4.698334571490649092e-02 4.050367662411503700e-01 -4.868319269763555779e-01 -2.227465678033493934e-01 -2.265102883242943177e-01 -4.096703987667414670e-02 3.370800931298586489e-01 -8.309932448438962782e-02 6.136802193609677269e-01 -1.838299179695460084e-01 -1.214362696611363257e-01 -3.998533511892750636e-01 -1.012579609981851952e-01 2.654812947597428585e-01 2.512162271069415809e-01 -2.745975620325320499e-01 1.023818346353942282e-01 -2.765529752623998583e-01 -3.959746433178932823e-01 5.029955345372005837e-01 -4.141475840882202775e-01 -5.880506030449571958e-02 -1.922671654983146849e-01 -2.216618756434514947e-01 -2.215802025065134045e-02 2.501395076742225498e-01 3.007007108003306173e-01 -2.548364054121239897e-01 -3.548829100714750440e-01
3.267521935699777558e-01 7.463091171014448744e-01 5.419363944020439972e-01 6.184398214834427865e-01 1.000000000000000000e+00 4.355522012858805136e-01 2.686266383207779329e-01 3.930289950869261806e-01 3.607208680244401999e-01 -2.721549467516121146e-01 -3.300580657685317498e-02 -1.119142668967343657e-01 -2.093270277186583955e-02 1.479738885707688745e-01 2.364817360352498843e-01 4.176791709046985268e-01 -2.292767434453975017e-01 2.360196005695409660e-01 -4.599959978139756683e-02 -1.943656676030514410e-02 9.398486616169753061e-02 -1.069713768037868079e-01 1.928912390335669191e-01 -2.295444893388847440e-01 -3.389924321991171219e-01 -8.833660424942016420e-02 1.664880218857419658e-01 2.359412255305684894e-02 -4.402766998143125415e-02 1.901719044345855647e-01 -1.727423775614596591e-01 3.478270126498423931e-01 3.213562207450859076e-01 -1.121689681023518848e-01 -1.128814540703727658e-02 -8.286470705260164105e-02 -1.495417739085653230e-01 9.709376244838317793e-02 -1.100092554527942051e-01 -1.272444796062758288e-01 -1.958646566404916300e-01 -1.492663697885368845e-01 -8.610645554139213786e-02 6.388023809257420416e-02 -2.783874872990251253e-03 1.194375078584158367e-01 1.219612674176220463e-01 1.108489327212490994e-01 -1.041016502409337352e-01 -1.769051930026997732e-01 2.857440956108275310e-01 7.169271980670169908e-01 5.255098398942030791e-01 6.008632062146550545e-01 5.180031682689073547e-01 1.550814833078705546e-01 4.601639821046780154e-01 4.248518286221416029e-01 -3.442913507218973157e-01 -2.385038526776116913e-02 6.200208567157660527e-02 5.543947131828356328e-02 2.465433035895268077e-01 2.114954929201526557e-01 1.779874192045700076e-01 3.440881246594407750e-01 -1.433684866963371718e-01 3.012017683032286106e-02 -5.737599048554282988e-02 2.992873719278202893e-01 5.143332731533530738e-02 1.920059905559364302e-02 1.861501858745858717e-01 -3.875864476959494653e-01 -1.004897155818129245e-01 -1.276125585445690991e-01 4.857603139359458616e-02 1.878968389246610249e-01 -1.187287732383478928e-01 2.798318345665905538e-01 -1.581301869446324060e-01 -1.019074006415076339e-01 -2.709695444602245318e-01 4.445804093732997481e-02 7.396690007681899770e-02 9.745705238729993058e-02 -8.745479730290374454e-02 2.248319868416997006e-02 -4.914655993265835965e-02 -2.513799607699924166e-01 2.525331876887458860e-01 -4.126309406827010084e-01 -2.976813128063461877e-01 -2.304881489510995363e-01 -1.453634012329456937e-01 2.874453005301117955e-02 1.045372885431274101e-01 8.489339056725793420e-02 -1.726831790248680165e-01 -2.019786181184584084e-01
-8.511923357140960267e-02 5.474349807397163037e-01 6.777203065930973436e-01 4.669073409952158304e-02 4.355522012858805136e-01 1.000000000000000000e+00 3.836887701000867290e-01 7.407713382295676441e-01 6.571786471867030466e-01 -8.578869014791574987e-02 9.770264026172996441e-02 -6.279764075686383555e-03 1.724405220575498110e-01 1.549177440963365182e-01 1.153375890986848840e-01 -1.624836667319361216e-01 6.522471335901892930e-02 2.922830025161884948e-01 4.954753313332210807e-02 3.488627070805157271e-02 1.314107292458231713e-01 9.606053383863767670e-02 4.317357024274216110e-02 -1.121785483191546119e-02 -7.184743815814464973e-02 -8.951200093614372633e-03 7.683858122656807288e-02 1.527048882828710707e-01 1.900587011505724677e-01 4.671327881788541608e-02 -1.337771618667021600e-01 -1.984689694242543212e-01 -3.019556669423592576e-01 1.390268175503604209e-01 5.011800133142046282e-02 1.341781367829041061e-01 1.392941744391638370e-01 1.162245382467742977e-01 3.157391432963420341e-02 -9.155724493870674718e-02 -3.432015098565179001e-02 1.160829628341456393e-01 -6.609885366172352228e-02 7.913698614095582284e-02 1.751433988413715337e-01 4.855270713226805118e-02 5.313268642472651626e-02 1.024558058254603221e-01 4.255930676469222851e-01 1.327944322120998832e-01 -2.181111185299429434e-01 4.091593952013315438e-01 -8.028328314835306290e-02 -2.605021431269075038e-02 6.844358251836162310e-01 6.610723409183637544e-01 6.377333424527320549e-01 6.800811653274645430e-01 -2.977670023724481307e-01 1.198685469653195668e-01 1.352089645252005645e-01 8.626781497706954849e-02 1.829919158506383980e-01 5.600702254139518221e-02 1.143503939780972783e-01 5.460808383942542671e-02 -4.178417523342132373e-02 2.017141950792382121e-01 2.478635330084405786e-01 3.102258572090749733e-01 9.415546060971956288e-02 1.578986673455166911e-01 -2.529005667086217288e-04 -3.530228746584160998e-02 9.088419290251924243e-02 -4.524128805002951975e-02 1.497824999068574359e-01 8.147988073369553594e-03 -1.655931114123817549e-01 -2.551387631150193180e-01 6.810169512156660776e-02 -7.224322413658970654e-02 1.236256875849804995e-02 1.508746933581705252e-01 2.682462390015154241e-02 1.130675360073731123e-01 1.910872918836347967e-01 7.990334889370780125e-02 2.390637815532982158e-01 1.196828424705076444e-02 -1.894615389929388272e-01 -3.904711378978099889e-02 -3.100380647135503875e-01 -1.951640180589424289e-01 -1.089936263387360042e-02 6.329631193816834256e-02 5.011135717586393673e-02 1.837350792453467177e-02 2.745768980345213439e-01 1.790184162914564836e-01
1.649947574465003564e-01 3.704235871640181310e-01 3.426175701367351611e-01 1.843734982709739068e-01 2.686266383207779329e-01 3.836887701000867290e-01 1.000000000000000000e+00 5.838221304003271550e-01 4.158645212143709524e-01 9.815600524327483534e-02 -3.329568167173924641e-03 -2.214344039492325070e-02 -6.071758719842080404e-02 1.065075789386447508e-01 -1.475673896439147568e-03 2.519646413777496541e-01 2.343586912775247610e-01 4.538885440640395563e-01 1.068603127408799119e-01 1.941724186861545354e-01 1.956756928047540256e-01 1.838633350489382590e-01 8.180151257459693237e-02 2.577553546174298216e-01 7.400214989193659720e-02 5.907791259412480817e-02 9.994150496766342207e-02 -1.182874853009839751e-02 1.564579458887754571e-01 -1.585597684100050475e-01 5.543891227537914301e-02 -2.445697793966006631e-02 3.562739182109981445e-02 1.301448152329072738e-01 4.587757144785048480e-02 9.939068439036925773e-02 2.509565351638174541e-02 1.779776208523759992e-02 6.505451944210348392e-02 2.778638281505860785e-01 4.731625244221356053e-02 2.482744536705024790e-02 -4.684578957280264438e-02 -2.008914027119661772e-01 5.916894011529158504e-02 -1.120090676165277910e-01 -1.259145616977556115e-01 5.538542694937553280e-03 2.298812391693509927e-01 -6.599629153357314260e-02 7.102797594256049507e-02 4.371066038748793736e-01 1.579464350616359425e-01 1.762658653313652901e-01 4.955877995966371241e-01 4.680671118264376762e-01 6.211733646684377552e-01 4.451345986485309991e-01 1.111451033853524950e-01 -6.079562542485608678e-02 -8.069734728959135350e-02 -9.765724619836974041e-02 8.260897973044466214e-02 5.401487533004636216e-02 4.268619862842455009e-02 -1.953284215600593898e-02 3.623463802805343414e-01 3.970966104819859122e-02 6.254647596121705455e-02 2.474447346679048421e-01 1.065474050692852698e-01 1.573934889135494564e-01 4.274351811655276862e-02 -4.958314226095048710e-02 9.571713692278308039e-02 -7.576732755070677075e-03 1.557790848398936390e-01 1.472280733453940581e-02 -2.587750159419258469e-02 8.808221025231276202e-02 1.820943068112634011e-01 -2.435715631935959635e-01 -1.007102423885275766e-01 -6.000909632863603294e-02 1.287078541679431976e-01 -5.098897099074577860e-02 -4.292575994954421492e-02 -1.323281489748318052e-01 1.393923216743153115e-01 -3.641149718463982526e-02 2.450902476457215724e-03 6.250342126056476766e-03 -4.961062720680536192e-02 -5.224101231051015565e-02 -3.955157217670782904e-02 -1.923725737274736003e-01 -7.939763059272510193e-02 -6.536510499808069474e-02 1.902202539138493076e-01 -3.335861185591956074e-02
-1.215897504235152471e-01 5.540205726682014831e-01 5.673408158446963112e-01 3.390616949411250775e-02 3.930289950869261806e-01 7.407713382295676441e-01 5.838221304003271550e-01 1.000000000000000000e+00 7.278904451435146417e-01 -3.913630734865237992e-02 9.028052159772673169e-02 5.275656877905327002e-02 3.983289052318358947e-02 1.367874733331652659e-01 1.453287674090261543e-02 -1.224332458520971112e-01 1.165267140895033943e-01 4.828083772082764069e-01 6.928831780535386897e-02 8.696092615293850303e-02 1.511225203313760757e-01 1.529200137113622127e-01 2.583929219284213617e-03 1.797122427831805980e-01 -3.745694163730989984e-02 -1.364609332212714590e-02 6.712661877565324897e-02 2.875309374992773490e-02 1.307401086736232898e-01 -1.171913502819215830e-01 -5.565113618437098064e-02 -2.855167411013279088e-01 -2.960804755088049522e-01 1.946659680699866501e-01 4.393592207204118777e-02 1.583484239497655044e-01 5.239416468672367100e-02 1.759252190501333496e-02 2.342248054653001468e-02 -6.499918151928109344e-02 9.151271022087116569e-02 7.289782033195545130e-02 -7.892011942427608340e-02 -1.174994063995098426e-01 9.542041119512338632e-02 1.608516831678769368e-02 -3.116283964906694376e-02 5.071830201771819480e-02 3.858695318112425054e-01 1.053309033870759026e-01 -2.965048810023120929e-01 3.847808190185509347e-01 -8.584427008417795657e-02 -4.203362339902625561e-02 7.032656776385827202e-01 6.560455052832366851e-01 8.465133118439718274e-01 8.175677533023287813e-01 -1.065207391482533988e-01 4.260466489034381299e-02 1.620351571988557643e-02 -7.269624115835056355e-02 1.103853930072317413e-01 -3.710634052220950201e-03 1.034246187900697972e-01 -7.589509416612222337e-02 1.556527937668033823e-01 1.527905604751386426e-01 2.269633061454776890e-01 4.138219326533100761e-01 7.789684141265448836e-02 1.904135895682024515e-01 -6.991770580767274479e-02 3.341687105879504599e-02 5.884219998586288913e-02 -6.135204432276788328e-02 1.354991781963737485e-01 -7.210632691321561261e-02 -1.551868876058866420e-01 -2.806564763007831642e-01 8.963846629133279120e-02 -2.196166654126475160e-01 -1.179440317062955580e-02 5.745122435879838896e-02 4.261867815498335439e-03 2.902177760186653091e-02 5.454423438623044740e-02 -3.060311338323220762e-02 2.306345694637361998e-01 2.807433044180291867e-02 -2.200310022821254097e-01 3.592926083742527255e-02 -2.445602091445306658e-01 -1.346912821274167116e-01 -2.445393156192028628e-02 -1.104993028187766374e-01 2.468712324430922395e-02 -2.818871011424197229e-02 3.221445934175155013e-01 1.409423174805279344e-01
-2.117719435974011188e-01 4.686742953995047256e-01 4.307267381696763819e-01 4.636623193345586202e-02 3.607208680244401999e-01 6.571786471867030466e-01 4.158645212143709524e-01 7.278904451435146417e-01 1.000000000000000000e+00 1.984790637001056790e-01 2.670953933850603312e-01 1.773541754224377542e-01 9.607895390510645672e-02 2.058381745398861484e-01 1.148830485504262061e-01 -1.500857770360293775e-01 1.164357152020307623e-01 4.626707342132049261e-01 7.669320557216724454e-02 6.769421427179209139e-02 1.975778451622017817e-01 1.066603049155922661e-01 3.742463132717294833e-02 2.057527514294990589e-01 1.772638261061911802e-01 4.992391448063119436e-02 -3.439145370046231293e-03 3.137067255262965954e-02 1.793984522718595209e-01 -4.140391157038492836e-02 -5.127698606727026931e-02 -2.216982760239698258e-01 -2.589155984484655670e-01 2.050882919875609278e-01 -5.004754941929984852e-02 3.095251957104569462e-01 1.206081623206672893e-01 6.705080553401486509e-02 -3.844144662984181476e-02 -2.121606033061853441e-02 2.071335896740726379e-01 1.347913071643436038e-02 -8.317065308469227813e-02 -4.334409432188771755e-02 6.250003476652332690e-02 -4.875007055458103339e-02 -7.192882564110801569e-02 1.820024937209540131e-02 4.821949607108068081e-01 1.949975296880486764e-01 -2.560552027219549220e-01 3.340001037854673505e-01 -6.622965298959926361e-02 2.841477401246171250e-02 6.267933172581177104e-01 6.964047860869868600e-01 7.366179394145363490e-01 7.976598820490581332e-01 3.959517314171496355e-02 9.632901391592199603e-02 4.990104666403245848e-02 9.928080703400713261e-03 1.532283451336678148e-01 7.966183899362030973e-02 1.770222899684969764e-01 7.679906816772238617e-03 3.274167980196104333e-01 2.936596794628276164e-01 2.857930868891735421e-01 4.003634219384282211e-01 1.372781502480693583e-01 1.283591900244389350e-01 -5.650688156421397601e-02 2.004581539300831772e-01 1.181520317583858309e-01 1.044615321455474866e-01 3.065840837702886179e-01 1.170192451520792910e-02 -5.085109801794265166e-02 -1.909925381942911560e-01 4.830579242666555723e-02 -1.565601232322773873e-01 7.520996261967920725e-03 3.497468643579400814e-03 -2.118937177957831361e-02 -2.301197220779402017e-02 1.225120013481075659e-01 -2.971881268508059712e-02 3.333832912853670338e-01 6.148218179024510233e-02 -2.366368372166795242e-01 1.650469763599638207e-01 1.722569464178813972e-02 7.072489820123227522e-03 -6.735453807305859242e-02 -4.988945011879390018e-02 -6.277087808383333134e-02 -6.956240527115670202e-02 5.139425423046493080e-01 2.562532213550643423e-01
-2.518287420206977156e-01 -3.379259049511024182e-01 -2.238812742480388862e-01 -2.876029330546806539e-01 -2.721549467516121146e-01 -8.578869014791574987e-02 9.815600524327483534e-02 -3.913630734865237992e-02 1.984790637001056790e-01 1.000000000000000000e+00 3.223784635342186178e-01 2.949682974826706716e-01 1.826110607074814818e-01 1.360001315614494874e-02 -1.011519212902075027e-01 -3.089799644567574055e-01 2.899543296987182606e-01 9.554893047317550986e-03 5.493304946035767328e-02 8.220946504935851273e-02 7.969745368459113521e-02 1.303711994653592443e-01 -1.514178752135763029e-01 3.718597041488555521e-01 6.512956247308575586e-01 5.631448362008296959e-02 -1.607971480181339952e-01 -1.367342319862034916e-01 1.213108020343736521e-01 -1.495468284170153317e-01 4.391017392939711717e-01 -1.811729709188876214e-01 -2.192872586182842976e-01 1.542600732067665181e-01 7.934518466201127829e-03 2.055947277853225341e-01 2.152691689027245447e-01 2.098650140549256082e-01 9.562361077572478774e-02 4.244345652883348974e-01 3.586322507564365658e-01 1.274095263958289759e-01 -8.274101252834349662e-02 -1.850236538843129039e-02 -3.679667567214801871e-02 -2.320754754723325375e-01 -2.107043550751492578e-01 -2.301950190470131163e-01 2.852861662371464213e-01 2.878186228150329540e-01 -1.010225247456284642e-01 -2.635203505518561862e-01 -2.773293974012703833e-01 -2.490513735404634443e-01 -1.956861911298491893e-02 2.825798322455947420e-01 1.940822061430547141e-02 -4.185143513377911906e-03 6.031139104625827807e-01 4.925363323934926069e-02 -1.213607885712596618e-01 6.867331838742277150e-02 -1.112436354983765002e-01 -6.874256566886487174e-02 -2.169860541632471357e-02 -2.070450455783371391e-01 5.707803122297090415e-01 8.483624629000086070e-02 1.332928512537647492e-01 -9.057527134424307735e-03 6.848019659975465578e-02 3.756036462401808607e-02 -2.789513405511817035e-01 6.004211905853333864e-01 1.806348689455040402e-01 4.019150347941808921e-01 1.648947030470612474e-01 -9.928437610822157811e-02 3.683351134861310161e-01 -1.237782892525769590e-01 9.776487495394031724e-02 7.421343381796237371e-02 1.594549512407742176e-01 -3.972287468536658123e-02 -1.184510536040567358e-01 -2.122197199620631802e-01 1.255417355371808985e-01 -1.401390974204531625e-01 2.128008025635996503e-01 3.216317545500967934e-01 -1.905726160266915659e-01 5.981376584233178972e-01 4.805610975653506478e-01 3.558025905756838081e-01 2.445807359924286051e-02 5.043664653917880047e-02 -2.171146366378307602e-01 -2.915093835641123232e-01 5.095146523900737634e-01 3.282253339081939725e-01
-3.426569780092608708e-01 7.746854819625266508e-02 1.201139869084461194e-02 -1.690220418361471078e-01 -3.300580657685317498e-02 9.770264026172996441e-02 -3.329568167173924641e-03 9.028052159772673169e-02 2.670953933850603312e-01 3.223784635342186178e-01 1.000000000000000000e+00 8.208704496376403315e-01 4.927506288117655675e-01 2.735064725451312184e-01 2.097284210631951695e-01 -2.565164869710499507e-01 3.741893833123500213e-01 2.756037803712889644e-01 2.466738121948419127e-01 2.363141786413614220e-01 3.034819342244565732e-01 3.348620101494256263e-01 1.099494975820979326e-01 5.533361506294779408e-01 1.916063684618652119e-01 6.166008798111556333e-01 -7.768138487084719213e-02 8.128666963514402655e-02 3.519334562117672482e-01 1.201773635907373294e-01 -8.712891788555041095e-02 -2.323941792881342172e-01 -2.866214981756552982e-01 4.796538701968495189e-01 1.630084470586530832e-01 4.169766708523843235e-01 4.810666343120394983e-01 -2.083442292465627343e-01 -1.599333603768704759e-01 1.591601153669199853e-01 4.154995072129059053e-01 4.553978070573923564e-01 5.040310223950754676e-01 1.578550782964086019e-01 3.109501739728728342e-01 -7.324165527378806440e-02 -7.404517125381034071e-02 -1.020139559620018496e-02 2.521415365050508894e-01 4.233407806207371005e-01 -2.264318653684094795e-01 -9.512800820988902284e-02 -3.101371669880463311e-01 -1.828555617283384171e-01 5.860390474673761452e-02 1.323435069358848692e-01 1.167793168900916750e-01 2.841131141642974089e-01 2.922094869042914933e-01 6.677104279816425958e-01 5.579433599549857847e-01 2.773945012129398480e-01 1.797982951839679211e-01 1.936612273363145509e-01 2.386236942711300879e-01 1.274312300991064517e-01 2.386530640616869869e-01 3.215668588597462851e-01 3.860337882836736290e-01 3.330658543728147736e-01 2.336899431339807542e-01 1.196908094815526402e-01 -5.371018029204988227e-03 4.919443403483272359e-01 5.421323791775906065e-01 6.934188866814136043e-01 2.954951166263204976e-01 1.053573915351211088e-01 -1.456008736352196742e-01 -2.414012179600226182e-01 1.467050439429407327e-01 1.328255537791621366e-01 3.017976052135536436e-01 7.691990785110014439e-02 -2.726230456479360534e-02 -2.698902428606951565e-02 4.329944087171021527e-01 -4.674846996975495078e-02 5.484507545814415463e-01 3.843207429958492849e-01 -4.696210987390040947e-01 1.996848541775078367e-01 9.049619077636322784e-02 4.155226217949196665e-01 3.348063650781456513e-01 2.203016927263548586e-01 -4.231511503634125676e-02 -1.039722889926846527e-01 4.627403030994944877e-01 5.860806040677237760e-01
-3.622581584021591916e-01 3.332641439554058418e-03 -9.065362966623707885e-02 -2.119551237386213816e-01 -1.119142668967343657e-01 -6.279764075686383555e-03 -2.214344039492325070e-02 5.275656877905327002e-02 1.773541754224377542e-01 2.949682974826706716e-01 8.208704496376403315e-01 1.000000000000000000e+00 4.294769745687967988e-01 1.774347899556920904e-01 1.079312111952518138e-01 -2.982411583693251322e-01 3.884104412117884708e-01 2.500732338226454576e-01 1.973282160382029138e-01 2.122855903252645615e-01 2.038257571140586200e-01 2.957405211030809111e-01 6.513793085284158568e-02 6.350471520306351092e-01 1.624819909148530195e-01 5.725517725076757491e-01 -9.312256207299447752e-02 -1.904553523629391384e-02 2.951305533509577250e-01 7.807524416965207215e-02 -6.264436581006502247e-02 -3.047711762352729448e-01 -3.477090585646697152e-01 4.518972419185698919e-01 1.202940642830702955e-01 4.458323253481751292e-01 4.493271842086161150e-01 -2.411363090194514613e-01 -1.482731231253584248e-01 1.748252707610869761e-01 4.643984568611880248e-01 4.622662332783773476e-01 4.517016056171673788e-01 8.035362608576771329e-03 3.121387032425864128e-01 -7.719191454455351376e-02 -1.108233531405586059e-01 -1.830112430612555394e-02 1.633828300791931032e-01 3.893780829742873872e-01 -3.143922389024959574e-01 -2.006861163239951062e-01 -3.571610553121168374e-01 -2.468042778964824879e-01 -4.685271250080584593e-02 3.638357404870806722e-02 7.843954878306150236e-02 2.413660394048064706e-01 3.127475391194043941e-01 5.966425128090759866e-01 4.908533264061711310e-01 1.981806967489982974e-01 1.086327375636915449e-01 1.301540771927453544e-01 1.961088675164385231e-01 2.386987670577097459e-02 2.491314474316263239e-01 2.723391815117524595e-01 3.482930351322631735e-01 2.687889793531133553e-01 1.740312667521176360e-01 9.594565401326944631e-02 -6.717145689776045370e-02 5.373214297387158833e-01 5.163200133335796860e-01 6.587395362896163453e-01 2.068322194091535837e-01 3.709576422133114421e-02 -1.477329537564055773e-01 -3.122999654246566004e-01 1.868655586956071146e-01 1.265330317422685424e-01 3.275323873478746539e-01 4.046186097706155199e-02 -2.024911411878761724e-02 -4.276866535342863096e-02 4.130879512416823496e-01 -9.137151229485401815e-02 5.131416152441711231e-01 4.442955565318366662e-01 -4.704502957849305833e-01 2.029552303070039643e-01 7.300237647446088107e-02 4.251246949642106809e-01 3.251167508798334937e-01 1.198970859960855895e-01 -9.186397742408083586e-03 -1.153218959306146901e-01 4.158532381762437558e-01 5.301152355744308542e-01
-2.561643278130379953e-01 1.251548875668142581e-02 5.312089733351326587e-02 -2.167153933561210555e-01 -2.093270277186583955e-02 1.724405220575498110e-01 -6.071758719842080404e-02 3.983289052318358947e-02 9.607895390510645672e-02 1.826110607074814818e-01 4.927506288117655675e-01 4.294769745687967988e-01 1.000000000000000000e+00 2.748678601182188430e-01 2.245343386767593430e-01 -3.033821082612201958e-01 3.584483289593772271e-01 1.306451296601037759e-01 2.455335100139910409e-01 3.071061793535339590e-01 3.475173830829118571e-01 3.782220811185006970e-01 1.064853266080180161e-01 2.534261740752661307e-01 2.291529216224514123e-02 4.120304094704991260e-01 -9.110825140605743541e-03 2.184222090242796399e-01 3.836656813098542895e-01 2.153221113114151541e-01 6.480214441394040181e-02 -1.877300722469346372e-01 -2.409648926302653538e-01 3.362360113539960560e-01 3.561301432785166643e-01 2.499731556838521440e-01 4.746356906796292963e-01 -1.725680422642092426e-01 -8.085109272168126970e-02 8.610609597366711276e-02 1.707480621793043829e-01 2.723580999153316640e-01 3.025395116328827294e-01 1.546278899504055504e-01 3.897779150544271598e-01 -2.878116814430694767e-02 1.922724002029311402e-03 1.164462395149374295e-02 1.726725852237286640e-01 3.621981800536879792e-01 -1.502086537875311767e-01 -6.352037293874260304e-02 -3.390178084978742734e-01 -2.073049227736430966e-01 5.210592863208914072e-02 9.975866712991005025e-02 -7.170313490459830075e-03 1.125027840963453846e-01 2.559934003841022807e-02 4.636603327593358248e-01 4.653356594797773416e-01 7.650376692727950401e-01 2.548972162203176350e-01 1.259089364144398426e-01 1.671899486268582924e-01 1.321363560629887635e-01 -7.970084003067209877e-02 2.869475347788396080e-01 4.011184647430423578e-01 2.247652476373912245e-01 2.622203759835150527e-01 2.915927168370388567e-01 7.697276878033802207e-04 2.654206867002302794e-01 4.906572239071513297e-01 4.596442650382933093e-01 2.610464074991926675e-01 1.194132570275302646e-01 -1.660473360428746936e-01 -2.414426967329780516e-01 1.554824703330020264e-01 1.683881256700383577e-01 2.870183255541047251e-01 2.280493699343754122e-01 -8.149313071141032344e-03 2.068019689818861861e-02 4.699386675968155180e-01 4.608950404232803333e-02 4.874189122465483748e-01 2.787513445453873584e-01 -3.983701333886390805e-01 1.024433127317788961e-01 -4.264497781339798149e-02 2.086084870110376244e-01 3.240415748618107328e-01 1.819048653155236339e-01 -3.273919562020408819e-02 -1.339955434673618662e-01 2.552506651754442024e-01 4.454263294847916610e-01
-7.036160200019461741e-02 2.823819673460425395e-01 1.968322822480418899e-01 1.328427545295899626e-01 1.479738885707688745e-01 1.549177440963365182e-01 1.065075789386447508e-01 1.367874733331652659e-01 2.058381745398861484e-01 1.360001315614494874e-02 2.735064725451312184e-01 1.774347899556920904e-01 2.748678601182188430e-01 1.000000000000000000e+00 7.285948451403434500e-01 2.310919984930624727e-02 2.431367756755753173e-01 3.136516837343971686e-01 4.853584527918805014e-01 2.478789137339531268e-01 6.037753823014889720e-01 2.535760979829917439e-01 6.272430145674042778e-01 1.918739865790699550e-01 -1.309645024448229111e-01 2.695852640524153410e-01 4.216189239257107646e-01 3.938407344822741907e-01 3.321700990168126033e-01 4.350448764964821580e-01 -1.688384640423710170e-01 -9.457842889045940671e-02 -8.879178583283912213e-03 1.093972447687354271e-01 2.866004427428172074e-01 8.789654786814117549e-02 2.053264833551722846e-01 -2.583792711512029050e-01 -1.547793623825574894e-01 -1.563348086332225911e-02 -2.323920590087554319e-02 1.410441905327934342e-01 2.299542474333231834e-01 3.273591155367813754e-02 1.349893791871828730e-01 3.063574417228885349e-01 4.284564978057908702e-01 3.213134500327932130e-01 4.622124515199665246e-02 -1.264086837310539856e-02 -2.630704556375426661e-02 2.403856246023805543e-01 1.183169863557891619e-03 1.323598064727631030e-01 1.723934075527787102e-01 1.012245460281442494e-01 1.307030380923386026e-01 2.435175065350279888e-01 -4.028199007832521106e-02 2.557796730010353237e-01 2.796385450262823813e-01 3.400894316494855185e-01 6.134947699541831723e-01 5.014865503317450512e-01 5.894389509964340634e-01 5.261928419862199613e-01 -1.533646398031971933e-02 5.681739545043930084e-01 3.527210683708397743e-01 3.546663881147261721e-01 5.591596547766159997e-01 3.641689669627274917e-01 4.002676524583350104e-01 5.309680929984843256e-02 3.893628493606649532e-01 2.673027461030080265e-01 6.440508396364381660e-01 5.109858820279526981e-01 -1.671995164032116510e-01 -4.384548376904812833e-02 2.868997890586833521e-01 -5.214593642647224331e-02 -3.044321782862135367e-02 2.570055223416176093e-01 3.362194783467318260e-01 3.464891973541611159e-01 2.405092352477520845e-01 3.584944794239073862e-01 1.973647030818969361e-01 1.175015917552811248e-02 -2.900757371116050032e-01 -1.408683519443361398e-01 -4.612495339980741960e-02 9.419790350274653834e-02 1.750005147212191914e-01 1.450066953781736223e-01 2.150978870562405831e-01 1.826755294167609900e-01 2.600798119755318508e-02 4.331569605905809944e-02
-4.610846929416061168e-02 3.513135549767778532e-01 1.760726044635533283e-01 3.088653025440743494e-01 2.364817360352498843e-01 1.153375890986848840e-01 -1.475673896439147568e-03 1.453287674090261543e-02 1.148830485504262061e-01 -1.011519212902075027e-01 2.097284210631951695e-01 1.079312111952518138e-01 2.245343386767593430e-01 7.285948451403434500e-01 1.000000000000000000e+00 1.226925502600766243e-01 7.945360977219599607e-02 2.294370857160785426e-01 3.167245551693672057e-01 2.082491652852901665e-01 4.965399830583422935e-01 1.499986271843091745e-01 7.693398733072925877e-01 2.667778231923196783e-02 -2.260658614666916921e-01 2.303102496529339793e-01 5.256745076561775143e-01 4.827606568517295305e-01 2.353260882929628650e-01 6.742837465175304246e-01 -3.471598056681025612e-01 2.107329473166564063e-02 4.868103563987832838e-02 -2.612199139778753967e-02 2.337137032439890183e-01 7.492641502697701406e-02 9.407890239198457571e-02 -1.990539061352070427e-01 -9.830716732837148364e-02 -6.960823564662329578e-03 -8.191351964579753064e-02 8.955139848256989110e-02 2.273262467660918107e-01 7.174184633555143187e-02 8.555555113684319701e-02 5.278463947146089241e-01 5.585158981001852041e-01 5.119133812126875904e-01 -4.903361437941433643e-02 -6.650393409450584825e-02 4.104139168261277532e-02 2.865023454607345532e-01 1.382596834631060201e-01 2.968985418491873474e-01 9.957951274668082331e-02 -3.953903319253093684e-02 5.893757622196817841e-02 1.623111522583929878e-01 -1.736004439133588262e-01 1.458894448664837251e-01 2.293864103714610414e-01 3.693471153042568456e-01 7.675665568711297349e-01 6.939442288831052519e-01 7.543703550523371826e-01 8.315362242095816203e-01 -9.370155206313723895e-02 4.652991155292717229e-01 2.695483767998784752e-01 3.628522466448372286e-01 6.557985001152760729e-01 3.087888074639498770e-01 6.783846660591155153e-01 -8.017129951077667238e-02 2.923747368593104801e-01 1.959826407635817114e-01 5.318497555980707947e-01 7.193390076576599013e-01 -2.757430226262935213e-01 6.965277182147557034e-02 2.194325036841909549e-01 7.518892098780960431e-02 -1.452199897833693354e-01 2.394059883369066555e-01 4.774798114243198333e-01 5.460982303104682245e-01 1.622806513973454046e-01 4.003984691744645885e-01 1.311660487169061529e-01 -8.246826212066935002e-02 -2.146961439990404952e-01 -2.531952676407603353e-01 -2.786428283350385338e-02 -4.761138998751057597e-04 8.597747935156807575e-02 1.402698742439263124e-01 4.173664946501847162e-01 3.860532749611814141e-01 -7.954404836438307147e-02 -3.776103496437607093e-02
