1.000000000000000000e+00 2.930572023347929322e-01 4.648618365431647081e-01 6.418311618247872496e-02 2.123286029514290518e-01 1.736369794799296484e-01 5.090921948262554231e-02 1.530714319958231817e-01 2.143090202340574291e-01 3.262631172225846643e-01 1.051404491915025434e-02 -3.997938081823321221e-02 5.114319124775321829e-02 -1.676820459325692181e-01 -1.247426765622990930e-01 8.321929351098006356e-02 1.411380155069606908e-02 1.171079107295659866e-01 2.184382413164029368e-02 1.463415082726430561e-01 -5.948998590281639326e-02 -1.900310753759237858e-01 -2.411282739745493342e-01 -9.788230768728604925e-02 4.733121022102171511e-03 -1.599644702019883680e-01 -1.783382217287151905e-01 -1.897466052912130108e-01 2.033042004962584415e-01 -2.795289813089976705e-01 -3.662778897628525543e-02 -7.083097562255161184e-02 1.913153604720984891e-01 1.234863746161721371e-01 -1.117394014682671216e-01 1.386931193628839210e-01 1.115471454734852375e-01 8.691348566439770218e-02 -3.376759791751594852e-03 9.085241408391077009e-03 1.453056056703184162e-01 7.271075317908257118e-03 -2.039621130240700519e-01 -4.341129423464291405e-04 -1.637050206021876397e-01 -2.432851643008105691e-01 -2.130354543710580861e-01 -1.846706429676024941e-01 2.316209062605049662e-01 1.771554853113216643e-01 4.305868433961819175e-01 3.850541787760032864e-01 -7.144277898582997166e-02 1.463205654466507855e-01 2.335156664725662468e-01 2.834644519668152451e-01 2.605783131291454224e-01 1.797496151087090710e-01 6.575709272702737196e-02 2.702659856634105906e-01 1.495360375729438626e-02 3.723940257837699691e-02 -3.417939541344586218e-02 -4.012975873682644162e-02 -2.654168051595215058e-02 -1.709106051695395978e-01 1.587268720357496166e-01 -9.052647133192640028e-02 6.767694537471739824e-02 8.594392563671764129e-02 5.621615056010098588e-02 -1.444887623283348244e-01 -1.425781024973413469e-01 6.774329875804696588e-02 6.823310196443498586e-03 -1.073646182376485209e-01 1.911150840492258363e-01 -2.143995189676774493e-01 6.000690612426251569e-02 -2.769393956156501746e-02 -1.421732384770684268e-02 1.253588850398389964e-01 -1.252117289950836765e-01 -1.100386686168610129e-01 -9.233086933925716000e-02 -8.478013276446058621e-02 1.916888156236101481e-01 -2.045566469769325157e-01 2.812332473486237605e-01 2.576047907107387736e-01 -7.674735802114678040e-02 -1.120805682229263911e-01 -1.047499054430327259e-01 8.037691606464097971e-02 -1.031400279399711101e-01 -9.631658473390158209e-03 -1.956216693299452358e-01 -4.260244926109506280e-02 3.485883883075940881e-01 2.555840181113959164e-01
2.930572023347929322e-01 1.000000000000000000e+00 5.307333254245489851e-01 2.227020954273340736e-01 2.919748313844356402e-01 2.885825533912374508e-01 3.018113804262964051e-01 5.200248073787593350e-01 2.415006686213033438e-01 3.537081672805498372e-02 7.397280723327356866e-02 -9.612115578681874190e-04 -3.725730733855641547e-02 -1.171207228033553649e-01 -1.926038794681158017e-01 3.332939812686906422e-01 -9.943364510754796638e-04 2.487465673221176121e-01 1.482705029928641990e-02 1.323832146100220077e-02 -1.278936047546997135e-01 -5.758215330744128474e-02 9.461854383083610417e-03 -1.493494784945104403e-01 -1.518676350526008134e-01 -1.483365995263913883e-01 -9.809523977908005121e-02 -2.124247419595401976e-01 3.382954597393852264e-02 -9.086603745183167991e-02 -3.146179373271459911e-02 -7.449418243192436340e-02 -1.374347349556389875e-01 1.369259898445149559e-01 -1.102094302294361894e-01 2.863171852094176587e-02 -6.496867892691308988e-02 -8.542550740223038563e-02 -2.683875293751487867e-02 5.571785472668371042e-02 -1.128676835550845858e-01 -1.551869973306133077e-01 -2.350601632386394024e-01 -1.913584846846669851e-01 -2.388593615869136211e-01 -1.321440814198708291e-01 -8.905796753498584906e-02 -1.929976459392560018e-02 1.811438171774172878e-01 -5.513920364323928597e-02 1.574658514319759450e-01 7.017709012222835829e-01 -5.837867092901328353e-02 1.968089190355845064e-01 4.313563490378649612e-01 3.045459813164945739e-01 5.000910398858823269e-01 4.972579416794553064e-01 -1.795717248768115282e-01 5.500898511505498273e-02 2.398811245523269509e-03 3.402974887175532620e-02 -3.202925039538121604e-02 7.413763537399682690e-02 5.369705964090807498e-02 -1.395916639218361122e-01 5.068255776690441111e-02 4.572949504056363773e-02 1.422953265528525968e-01 1.736221752908428395e-01 5.937788752134424280e-02 -1.542508340024844327e-01 4.030695153796723385e-02 -2.307904078724209995e-02 -1.481972142332383946e-01 -2.422646690150571935e-01 6.664828793764414339e-02 -4.158709519857693715e-02 6.394592244757249522e-02 1.770652392307044132e-02 -1.434748842273716740e-01 -3.367360422765511285e-02 -2.843648003431888394e-01 -2.001253671199387518e-01 -8.428436404658898318e-02 -1.043418040597367813e-01 -2.206900689694715322e-03 -1.466306448562699760e-01 8.920884920877920898e-02 -5.969517073502097343e-02 -2.506757187734017789e-01 -9.712680927559458333e-02 -1.357407349370818028e-01 -1.857454001674893052e-01 -3.065812698033177353e-01 -1.912571669411839703e-01 -8.023606975633962302e-02 4.980125960946360508e-02 2.555538049291629643e-01 1.144976031386166215e-02
4.648618365431647081e-01 5.307333254245489851e-01 1.000000000000000000e+00 -2.126499389823003627e-01 8.821741883772303561e-02 6.043738587215975455e-01 1.263167342122366588e-01 3.368447559318124562e-01 5.427827143817239852e-01 1.982275115405177091e-01 2.890402184559850984e-01 8.759294790177944712e-02 1.282712328625345566e-01 -3.053565954866639329e-02 -1.218491667790548155e-01 2.781796429620121344e-02 5.195046252298988337e-02 2.325825288060723306e-01 1.254523011879219441e-01 2.245031180547970295e-01 -8.807363753578772991e-02 -8.848339246117771506e-02 -1.053493103218905852e-01 -5.697073797126721989e-02 -4.835618098807698689e-02 -7.905338486837192036e-02 -5.636361458093620824e-02 -1.957196527537820030e-01 2.430839671791354129e-01 -1.911470760979838424e-01 1.834144767305875001e-01 -3.930541542005065031e-02 -9.628417931015730014e-02 1.871492711142112020e-01 -1.523228539600371967e-01 2.290626098462989479e-01 1.204626976173861219e-01 7.431752272838916540e-02 -2.479529311560175683e-02 5.108313460448489192e-05 9.367809415317859822e-02 1.413002678739760654e-01 -1.442795168279525642e-01 3.290943600742246566e-02 -5.963471261938609047e-02 -7.825841667358142406e-02 -9.504000943659941802e-02 -6.190542763999792170e-02 4.554048939247038463e-01 2.407819081453831667e-01 9.170578077327037891e-02 6.100808095624348226e-01 -3.720600045797962108e-01 -1.744106236895878459e-01 5.277375056002389098e-01 6.256926789276519019e-01 2.570566304709027139e-01 4.601563842370934854e-01 -8.553341527490820884e-02 1.545080677688092929e-01 -2.015076265645574655e-02 7.374431180390535190e-02 3.534001554013498081e-02 5.550369161561242298e-02 1.292685156254182732e-01 -1.163771543076989740e-01 1.507494950644666654e-02 4.161444257707672123e-02 1.474134180845771691e-01 1.690607753050451245e-01 9.512807431291268878e-02 -2.634027833655889217e-01 -2.931836353323722527e-02 -8.617692828188870668e-02 -6.865600117912806777e-02 -1.808426793328684057e-01 2.209485039484722080e-01 -1.120159070359322828e-01 2.706917766431619077e-01 5.468734193892404137e-03 -9.570870607500341076e-02 9.806194382134848786e-02 -1.598604116484058646e-01 -2.631333297508849922e-01 -6.070241361559312182e-02 -1.221829711294705467e-01 1.551237368351222612e-01 -1.995991854970508572e-01 3.183208223444217166e-01 6.889576431869608164e-02 -2.516986352341892275e-01 -8.523397536159808829e-02 -1.505542462491508693e-01 -1.089448542052961488e-01 -2.390559798542473968e-01 3.901729505672524995e-02 -8.303062050472871658e-02 3.816572243579832713e-02 4.722357808261237744e-01 2.878820072770977290e-01
6.418311618247872496e-02 2.227020954273340736e-01 -2.126499389823003627e-01 1.000000000000000000e+00 5.802172955241695629e-01 -1.639647082668262701e-01 1.641410748988007817e-01 1.415732156714903101e-01 -1.934597279107105050e-01 -1.889387548548777385e-01 -2.757928513885561927e-01 -1.610239747108346275e-01 -1.500577457514656599e-01 -1.635956341607791853e-01 -5.132025435695275473e-02 2.729194656868260127e-01 -1.837372250308107469e-01 -1.219414863591372217e-01 -2.415179501860934275e-01 -2.168815893416965179e-01 -5.478696159208388400e-02 -8.146556689598828671e-02 -9.561350737990322035e-02 -1.308794137368333166e-01 -5.659950293422670586e-02 -1.003488728713682193e-01 -2.265451398089916579e-01 -1.401438553806013121e-01 -1.950960178628032560e-01 -1.601754565901662708e-01 -3.269671405456399116e-01 -1.065923872763815949e-01 1.070911317302741250e-01 -1.434585402686621713e-01 -7.939765258902500844e-02 -1.052793615844439395e-01 -2.355267387057000950e-01 -6.420148113195625617e-02 3.832819318688997917e-02 1.496023500192295574e-01 -9.451378530274472112e-02 -1.572704551210182544e-01 -6.235798876314472411e-02 -2.093541892923909686e-01 -1.191983270015008617e-01 -1.886025457323831644e-01 -2.021751734144708323e-01 -2.279788751671788238e-01 -1.431023280818680965e-01 -2.492946961778359227e-01 4.205064903936189813e-01 1.801118731393984707e-01 5.406564687643741207e-01 7.726675357840487868e-01 2.986518681514226115e-02 -1.511068485502344849e-01 3.951372154162305916e-01 -4.823024809749257291e-02 -6.336077720298019522e-02 -5.181334260867485886e-02 -1.044675768539738148e-01 -2.651380407922899898e-06 -1.391573551145782184e-01 -1.288563653912459528e-01 -2.837573942305470220e-01 -9.107692420824989310e-02 2.211087883759460249e-01 -2.300485500885902090e-01 -2.516039937980613095e-01 -2.058579966411365203e-01 -1.543218883240369821e-01 7.764918979190917059e-02 -1.354923558494939007e-01 1.629877530930705642e-01 -2.028745233693240724e-01 -5.397419166766313087e-02 -2.225884976110952540e-01 -1.862764753236212933e-01 -3.381798598177087056e-01 -1.142021272181487773e-01 -1.740678594668303436e-01 -1.995551146576872159e-01 -1.458672454688554609e-01 1.038257917935669385e-02 -1.970178521040752972e-01 -8.075826441760745877e-02 -2.009914343571309880e-01 -4.310607797964562116e-02 -1.194721651692467052e-01 8.793845284939343088e-02 1.036544195754592196e-01 7.301321682763083076e-02 2.922219683949869862e-02 1.609880567687012043e-01 9.823130590024059527e-02 -1.203515999213225912e-01 -1.296824228830133485e-01 -1.819662126269040447e-01 2.507290925653937307e-03 -1.989925246305127293e-01
2.123286029514290518e-01 2.919748313844356402e-01 8.821741883772303561e-02 5.802172955241695629e-01 1.000000000000000000e+00 3.047505994837616528e-01 -3.481670563793139161e-02 3.482101689222573127e-01 2.821378178369901568e-01 -1.405542499036910864e-01 -2.533679272165277330e-01 -2.103437756797142677e-01 -8.222976154484844258e-02 -1.289088417358672245e-01 -6.042469872940152420e-02 -1.152353425397944497e-01 -1.405148153813354783e-01 -3.653365612756516445e-02 -1.403548729615833879e-01 -8.350100209847892418e-02 -4.769362457463201949e-02 -8.847817468595474411e-02 -1.465135915666923583e-01 -3.063732290914539802e-01 -1.866960394537133805e-01 -1.688345787292873934e-01 -1.538644464605357920e-01 -1.256103166665929749e-01 -1.712788240888376556e-01 -1.733633017617493000e-01 -3.257294396773435796e-01 -2.034650332310199983e-01 1.953690964286183829e-01 -1.319473560524089817e-01 -9.511434846170326030e-02 1.045530859500923421e-01 -2.538182396330616042e-01 -1.050429725561788513e-01 -3.536287631412010635e-02 -1.305763841760039790e-01 -1.101324012699577831e-01 -1.687003151118140476e-01 -8.098289711561595938e-02 -1.633121170241510212e-01 -8.698204461806324783e-02 -1.665656298476968500e-01 -2.290795525583508574e-01 -2.167143791688007359e-01 8.132660168293799618e-02 -1.319857497887414466e-01 4.283891767456149413e-01 3.454108252116542266e-01 2.959843246575236120e-01 5.939870383494179062e-01 5.270279265597239693e-01 2.835700419851183707e-01 2.932489315694907783e-01 2.856578629764444099e-01 -6.756873365375751228e-02 2.359289918902374855e-02 -1.325519977997191567e-01 9.126626997146553011e-02 -6.022436508066462968e-02 -4.113824806431291142e-02 -1.750516492103918742e-01 -1.262974304938146441e-01 -5.582061609909025335e-02 -5.072930821714177752e-02 -2.403789814439437345e-01 -1.405554595156917885e-01 -1.347288142883895645e-01 -1.050139690015473026e-01 -1.256196776339983667e-01 -1.396648401955515040e-01 -1.682730207965356939e-01 -1.310227479978404719e-01 -2.284688436654873922e-01 -2.502505723834795859e-01 -3.178650733147218022e-01 -2.318880344337720112e-01 -3.721069245174872808e-01 -2.496078934165561203e-01 -1.400813869717936200e-01 -2.164323087443414603e-02 -1.339555594002215244e-01 -1.935647956162370453e-01 -2.102112580644368289e-01 -1.409066108849626187e-01 3.412646651014584337e-02 -8.706087581059021585e-02 -8.137331906157131353e-03 -7.658728858701283060e-02 -2.091988290383554050e-01 -1.692667291737193908e-02 -3.243809101897833762e-03 -9.803786462314677264e-02 -1.670426533197933994e-01 -1.713085867670205709e-01 2.567891265336703088e-01 -9.354134504463199051e-02
1.736369794799296484e-01 2.885825533912374508e-01 6.043738587215975455e-01 -1.639647082668262701e-01 3.047505994837616528e-01 1.000000000000000000e+00 6.057034320788851414e-03 3.279443868866792622e-01 7.599399176679256795e-01 2.403264081060991694e-02 1.217148246319063737e-01 -8.541468966763385295e-02 5.031695486528802580e-02 -5.002525592192791359e-02 -9.491536837326591813e-02 -1.517597967373792156e-01 -1.201016497379990972e-01 7.409617335940034411e-02 -1.481581570349923237e-02 1.845819746737620004e-01 -8.786402920556216078e-02 -1.569058283960963196e-01 -1.274024095951662439e-01 -1.797070514028051569e-01 -1.023854014953539393e-01 -1.468039813860385345e-01 8.444071062037525333e-03 -1.112508896361473071e-01 -5.268568875590817248e-03 -1.334087141785334496e-01 8.740552505143614828e-03 -5.518494118345347588e-02 4.729409467909803958e-04 -4.505063182176091696e-02 -1.281634171124816646e-01 3.313151652142711789e-01 -1.236734004070426801e-01 -5.456656374479996324e-02 -8.300049301875299379e-02 -9.754183032389546204e-02 -9.625991644181929041e-02 -4.079872487354714757e-03 -8.376216328638025344e-02 1.256799149699172266e-02 9.899974165695722954e-04 -1.919591356692795445e-02 -1.321056327606534020e-01 -7.009938099756120311e-02 4.796970796769798873e-01 9.116907261626618075e-02 8.231952305795538216e-02 4.255031471189925085e-01 -2.060536909723220123e-01 -8.168745574329368264e-02 6.633643673851425948e-01 7.809318050671091305e-01 1.198147444114587568e-01 4.480300926630745306e-01 -2.174338622233666987e-02 -4.236237915511528035e-02 -1.373246095369295150e-01 1.146010498360564428e-01 1.308306562890813700e-02 7.249029530576990912e-03 3.037236339646744859e-02 -1.364955167531469726e-01 -1.288767179030083920e-01 2.513960970657908717e-02 -1.073416156638773572e-01 -3.849087513542085587e-02 -2.096527732950705797e-02 -3.232617247033598984e-01 -1.153728986254235339e-01 -1.975483558654232419e-01 -1.460405462229556195e-01 -1.632644861472616338e-01 -4.932385399993059055e-02 -1.747867350741575121e-01 3.929834006767687904e-02 -1.004446427063303976e-01 -2.706350178676664719e-01 -1.368467311592412583e-01 -6.708731360186367954e-02 -1.613383395424747846e-01 -3.570064813816569110e-04 -1.956604939389538500e-01 -9.244650146831179249e-02 -1.740544991646763850e-01 2.555112837035164453e-01 -1.315332667606919914e-01 -1.335421370279588349e-01 -6.450441664037596945e-02 -1.893513747701381644e-01 -1.833151826113763594e-01 -1.830647162248522364e-01 1.260658576858090033e-02 -5.238460134995570616e-02 -3.243973827528557480e-02 4.837523896283371094e-01 1.149981257771418436e-01
5.090921948262554231e-02 3.018113804262964051e-01 1.263167342122366588e-01 1.641410748988007817e-01 -3.481670563793139161e-02 6.057034320788851414e-03 1.000000000000000000e+00 2.930545227691684906e-01 3.685126685141077579e-02 9.180925091575443953e-02 5.144911466126832721e-03 -5.108204449296942229e-02 -3.642407649961973415e-02 -2.163195427152583283e-01 -2.444907141433580455e-01 5.100504352114291207e-01 -8.580200763913985174e-02 6.991292162882514760e-02 -1.178857740234843937e-01 3.697932523639790858e-02 -1.230533578939824457e-01 -1.177564651035204746e-01 -1.731901340409621459e-01 1.507540806889466900e-01 7.253366002477140695e-02 -6.754436669016465611e-02 -5.787554485997883913e-02 -1.636647435673193318e-01 3.004592892753925673e-02 -2.189691947082171297e-01 1.146192136176017902e-02 2.777996843597657032e-04 -8.043954387977950149e-02 -3.140996185828393017e-02 -1.036603104105973394e-01 -1.286508507480117192e-01 -1.300651665288822811e-01 -6.152151130809489776e-02 1.084765542365341839e-01 5.415712629976541237e-01 -6.867866671821063764e-05 -8.413725721640447075e-02 -1.492164185954899802e-01 -1.934584102299314323e-01 -2.077085504742778588e-01 -6.137607386255349712e-02 -1.787762745345389537e-01 -1.594208867173404209e-01 4.872127169663133250e-02 -1.038279071202034276e-01 7.513003868733683643e-02 2.195429960734241459e-01 3.110748955591247644e-01 1.939824603549634152e-01 6.579459260512779406e-02 4.210422174776936449e-02 4.833199541359632367e-01 2.566672897665174258e-01 -9.791883673425740009e-02 -1.592660948871995330e-01 -2.241083665436647068e-02 1.160143887123292125e-02 -1.146794580946126629e-01 -1.792343742793104655e-01 -1.509932854176830042e-01 -2.610996757927311340e-01 4.605856894460380602e-01 -1.696390463859385744e-01 -1.009742839335053474e-02 -4.784976177889596963e-03 -3.155748245522871885e-03 -4.792260192203725427e-02 -2.018097446268797834e-01 3.567305989186927984e-01 -1.041801705579405435e-01 -1.158870296109280884e-01 4.899671756279736640e-02 -1.928024068438699279e-01 1.240847928455379862e-01 6.524050684717816462e-02 1.107989806995616500e-01 -1.002755422856302508e-01 -1.513285407695919571e-01 -8.935477403926307682e-02 -8.768940455825016689e-02 -6.479465631742130360e-02 -5.569955625700343665e-02 -1.010716186339834788e-01 -1.305142776286267320e-02 1.913287125241525111e-01 -1.209686534348667214e-01 1.053607441086690938e-01 1.661840854640111165e-01 9.735693277303213503e-03 -1.344897966988053417e-01 -1.619933350637604019e-01 1.678038900915769689e-03 -6.512159419378175940e-02 1.097102052613568995e-01 -3.755405376124323208e-02
1.530714319958231817e-01 5.200248073787593350e-01 3.368447559318124562e-01 1.415732156714903101e-01 3.482101689222573127e-01 3.279443868866792622e-01 2.930545227691684906e-01 1.000000000000000000e+00 4.427805570209098485e-01 -8.498508178603718724e-03 -7.049619257390855875e-02 -4.511537077517680655e-02 -2.836383460336571738e-01 -8.009366390366348676e-02 -1.777295524844964558e-01 7.948813003225128904e-02 1.619310876939803745e-01 4.673249509890174402e-01 1.898952578906548116e-01 -1.029749142795327033e-01 7.213864603931632868e-02 -8.086273077404658449e-02 -3.542856862308286364e-02 -1.415474243388607500e-01 -9.951253452018583856e-02 -1.185873457817255838e-01 -1.057936022671651655e-01 -1.526768991662839636e-01 -5.816691943796589020e-02 -2.148278580471844890e-01 -5.695890928663243508e-02 -1.636290998998504442e-01 3.007239651921969972e-02 2.023844262982298636e-01 -1.087955847954685529e-01 7.683000832547962067e-02 -1.041479690457877139e-01 -1.540752878216474775e-01 -1.991928000420326861e-01 -2.433120627724695839e-01 -1.991397511983551138e-01 -1.601314802571583429e-01 -2.425731541280851389e-01 -1.544585142624874119e-01 -1.943958830797092030e-01 -1.931569087337089430e-01 -3.390862612368298890e-01 -2.056871630822946773e-01 1.377376410689161966e-02 -1.431348804712459788e-01 1.244732636519097074e-01 4.914066403037954944e-01 3.781466553864597235e-02 1.316382828732489685e-01 5.371295464822359866e-01 3.409055685541535485e-01 5.156479226444995456e-01 7.463796472835360074e-01 -1.606114845437688343e-01 -8.209805993470996321e-02 -2.204734218178674710e-01 -1.759878504480386352e-01 -2.092435238533868480e-01 -1.528619517899269960e-04 3.474110646628396359e-02 -2.028214471144472175e-01 -2.235645314112993942e-01 2.487909659902931836e-01 2.941133476501973654e-01 3.554159676945595203e-01 1.308648510567215206e-01 -1.752444500440156552e-02 5.669675823890548555e-02 -3.222498072847443940e-01 7.053250320396647899e-02 -7.924823689495308354e-02 -1.494509380398296658e-02 -1.716594645904171990e-01 -3.126973081617173689e-02 -1.647919740217771434e-01 -9.747171594952444562e-02 -1.174129227094098255e-01 -1.226051442474756226e-01 -3.067849508484297300e-02 8.555250057083139134e-04 -2.301892367334218703e-01 -3.060819460943962553e-02 -1.144464090237707760e-01 5.760773536381481180e-02 -2.685843454667802832e-01 -2.998706365135144769e-01 -1.801024534318204917e-01 -3.533792869844317730e-01 -1.594847609422246348e-01 -2.128865042740289981e-01 -2.017740929492989055e-01 -1.602885850581618754e-01 -1.504754544039653419e-01 1.529617884003704464e-01 -9.665263796677012187e-02
2.143090202340574291e-01 2.415006686213033438e-01 5.427827143817239852e-01 -1.934597279107105050e-01 2.821378178369901568e-01 7.599399176679256795e-01 3.685126685141077579e-02 4.427805570209098485e-01 1.000000000000000000e+00 1.296942038910866291e-01 -4.151298095986440118e-02 -1.677842202039430963e-01 -4.856868393475131940e-02 -1.312018283827340315e-01 -1.763577826438378904e-01 -2.504732039548309697e-01 -6.781544821985503735e-02 6.754778016623183556e-02 8.347031495700048265e-03 2.032671463209517748e-01 -1.048544813170561307e-01 -2.008806478831165199e-01 -1.672426000246546030e-01 -2.753640419663499483e-01 -1.579884670733089358e-01 -2.291078747969363116e-01 6.548080114590962286e-02 -7.907131545400176986e-02 -1.266094717484903161e-02 -1.490256567306547097e-01 -1.400137025726390025e-02 -1.018912236658258419e-01 8.003004074256334088e-02 -7.774228453031532815e-02 -1.355415012277396691e-01 3.524164175816760780e-01 -7.972149419830161510e-02 -7.620380994531775892e-03 -4.553633603596232010e-02 -1.170441196246927162e-01 -4.020231064470907584e-02 -9.605515653798508621e-03 -1.426873770527120888e-01 1.033768622993022079e-01 3.468374579913738320e-02 3.073872930638264778e-02 -1.905171808223401486e-01 -2.106617710598587476e-02 4.420929688941134805e-01 1.644677847989750308e-01 1.042516186950603607e-01 4.127653602384907527e-01 -1.760932951264484181e-01 -4.329955535503683672e-02 6.597614825640709668e-01 7.445811432007821695e-01 2.054899758110481645e-01 6.073367366566830849e-01 -3.758273489284841978e-02 -6.482821513430120364e-02 -2.073401264873746541e-01 -1.247848084545911951e-02 -4.143851532611048105e-02 1.486657764264872998e-02 3.049341829287912503e-02 -1.938511357708155580e-01 -1.231678418006049991e-01 1.390596852805630890e-01 -2.380250143235363922e-02 1.499304266963772357e-02 -1.210521405894087084e-02 -2.966583258116134991e-01 -9.853703820481748976e-02 -2.026586694931329091e-01 -7.334476445404732037e-02 -2.090737023376122716e-01 -2.993257870927785308e-02 -1.964735662088712143e-01 4.613699807332859171e-02 -8.546752638363408483e-02 -2.963926304773820686e-01 -9.993428796595510422e-02 -3.378756868436787186e-02 -1.394819401412743520e-01 8.302938722947757200e-02 -1.456443806227878113e-01 -2.216891014364489113e-02 -1.212992917949251570e-01 2.956297939443098266e-01 -7.954587962988229899e-02 -1.467110980449172208e-01 -7.589000688342405210e-02 -2.043330035198823169e-01 -2.040751994014709247e-01 -2.141195034629656824e-01 5.755093969019606237e-02 -1.388396408795805267e-02 3.761874180355329750e-02 4.622808285246963189e-01 1.843688579794467708e-01
3.262631172225846643e-01 3.537081672805498372e-02 1.982275115405177091e-01 -1.889387548548777385e-01 -1.405542499036910864e-01 2.403264081060991694e-02 9.180925091575443953e-02 -8.498508178603718724e-03 1.296942038910866291e-01 1.000000000000000000e+00 2.007629642971253126e-01 8.297304906133033675e-02 1.131666409723233457e-01 -1.425648190068753429e-01 -1.735606868747702758e-01 -5.357626057956546561e-03 9.938600982054016097e-02 -5.434600249944950695e-02 2.694347517091935651e-02 -5.056224331409588796e-02 -1.692378114154521884e-01 -3.100698288432897007e-02 -1.668849951946215771e-01 2.524890758328425799e-01 3.954831593246777577e-01 -6.539290894274565891e-02 6.548452770582190163e-02 4.751317481947495147e-02 1.690149807394343284e-01 -1.029845759004467398e-01 1.219394136179816207e-01 3.282451335048711116e-01 2.531604992030921930e-01 1.261013537725093336e-01 3.524982604599346397e-02 -7.403441048233602717e-02 2.446336586337602703e-01 1.734124805024088445e-01 1.940588247817756629e-01 1.183693727353691272e-01 1.751968236740202578e-01 1.257418225571974579e-01 -8.959368928432985546e-02 1.637554378345515427e-01 4.760771231833451494e-02 2.415518448043227698e-02 3.462800227211858262e-02 -1.690630321522085602e-02 2.706784787910154495e-03 2.145319388033082864e-01 4.944904495334098704e-02 4.577752859921153245e-02 -1.514598814822342709e-01 -1.273007763627633515e-01 7.432847525096752776e-03 5.745047024515727990e-02 -4.930076041584071506e-02 3.085171948160706293e-02 4.476649374738058129e-01 3.086722151891644339e-01 1.865615938282130515e-01 1.073931624418373795e-02 2.951165804260062059e-02 -9.066460112429514107e-02 -9.546995549396126990e-02 -2.098713891081197547e-01 3.014064054179012644e-02 -2.254983930771857926e-03 7.876374378970162071e-02 2.732411718591436223e-02 -1.243717185521786145e-01 -9.837513654810080277e-02 -1.728959997152514638e-01 1.479370315726879492e-01 2.728563490246170287e-01 1.009100592195767143e-01 2.107583559779435400e-01 -3.396528277011905822e-02 1.979726523451970643e-01 2.423598078938676015e-01 1.126419141594092455e-01 2.429301925550883257e-01 4.658122578766866334e-02 -8.016849684277652099e-02 9.222806996909180266e-02 2.546114790531909828e-03 2.515784026454203071e-01 3.704288074104291478e-02 -1.728489965846478557e-02 2.103690844701180118e-01 1.420752518651565224e-02 -9.126346581768534846e-03 1.785716488296620053e-01 1.900074344564925410e-02 -1.105975095712657535e-01 2.059840201993313469e-01 4.307960514307324768e-02 7.470188863864743456e-02 -4.697768434932283327e-02 2.338221253060470683e-01
1.051404491915025434e-02 7.397280723327356866e-02 2.890402184559850984e-01 -2.757928513885561927e-01 -2.533679272165277330e-01 1.217148246319063737e-01 5.144911466126832721e-03 -7.049619257390855875e-02 -4.151298095986440118e-02 2.007629642971253126e-01 1.000000000000000000e+00 5.528435255488075573e-01 3.571251493480593897e-01 2.471189436205580015e-01 1.402235722603636658e-01 1.109649450356251996e-02 1.814670558101458275e-01 1.537813544256746712e-01 1.685650831776075442e-01 8.723644629380057636e-03 -2.510310658597763103e-02 2.852204138116684051e-01 1.254555244384265023e-01 3.547988150886004499e-01 3.449017630433290904e-01 4.408720285379049697e-01 -2.435226270625479375e-02 3.560067205280876418e-02 2.514966285429789949e-01 -2.393516996129550767e-02 1.320116704204744584e-01 9.723686960262085954e-02 -2.386395116210707767e-01 2.750133380092140145e-01 1.097545422535030069e-01 4.960431195238078350e-02 3.362245422330927824e-01 6.644110557288990249e-02 -3.859355292226419182e-02 -1.523241863939650380e-02 1.135560374968102026e-01 3.471703565469587693e-01 2.596251776695718827e-01 3.196124143854467414e-02 4.264548903651158712e-02 -7.146608948346355739e-02 1.766593436080463042e-01 -1.651152828856992938e-02 1.324287529587452328e-01 2.009063215710948092e-01 -2.693297808499981461e-01 4.634740842942884631e-02 -3.248430025238280838e-01 -3.585764525294685146e-01 1.851181105339474303e-02 -3.137723126409153033e-04 -1.899886990665000941e-01 -1.721876503983792162e-02 1.082085006793005039e-01 2.656095502866387403e-01 2.112612901775555441e-01 1.814201852455812614e-01 1.869054705637353819e-01 9.782317321663983045e-02 1.242648465199300001e-01 1.203881447701213719e-01 -1.253887316217270620e-01 7.928085420615187118e-02 1.449740779109414124e-01 1.156653358990520353e-01 2.385413731399662132e-02 -2.319604428739966209e-02 5.642936487739438206e-02 -1.333856101695410634e-01 1.463234167278774922e-01 2.871857379090070328e-01 2.630472889309312112e-01 9.533679119523623402e-02 1.627497966208397706e-01 1.119780526770004087e-02 1.487206995724094372e-01 2.235122999717312209e-01 1.102949139039236665e-02 -4.152542446358602896e-02 2.422866559441801072e-04 -1.784498441960991055e-02 2.667320423012389807e-01 1.495291463547131564e-02 1.020086315338664118e-02 -8.991401270852054928e-02 -1.303216427917569809e-01 6.301634969492980742e-02 -2.950918699860907018e-02 9.779287427588963244e-02 1.053701775559684195e-01 4.263240457804320233e-02 -8.187729702843057900e-02 -1.783897133886791844e-02 2.758040602724108267e-03 1.454210905632581097e-01
-3.997938081823321221e-02 -9.612115578681874190e-04 8.759294790177944712e-02 -1.610239747108346275e-01 -2.103437756797142677e-01 -8.541468966763385295e-02 -5.108204449296942229e-02 -4.511537077517680655e-02 -1.677842202039430963e-01 8.297304906133033675e-02 5.528435255488075573e-01 1.000000000000000000e+00 2.323918528045740839e-01 2.871892961204657313e-01 1.829875891067583027e-01 -2.606250803933768748e-02 3.484893776687481015e-01 1.023061286345820220e-01 2.748915779731968545e-01 -1.235445417571993248e-01 8.032571586488720938e-02 3.221559546047690348e-01 1.509075648827344074e-01 3.926606771863612733e-01 2.004229632570992403e-01 4.081582787342717955e-01 -5.059374293355374530e-02 6.873573146016155599e-02 2.028354234503080278e-01 2.908545168661734459e-02 8.015487356100642335e-02 -1.566637638355260903e-02 -1.837558498824847231e-01 2.092293203104059196e-01 5.223191750694606422e-02 -3.193202666448840578e-03 2.958870189882333857e-01 3.884309593793342646e-02 -5.957844731579774525e-03 -9.243197626766309905e-02 9.476343209206872231e-02 2.418765558203505306e-01 1.558277167148036657e-01 1.000593182345499155e-01 1.226626437307421283e-02 -1.089193650936634977e-01 8.732719555599312289e-02 -8.855360567468197053e-02 -7.278720916672749841e-02 1.097410265680072994e-01 -1.751910808799394814e-01 -6.807325939032346507e-02 -1.842097779396561219e-01 -2.337957212922089079e-01 -1.119969309307187605e-01 -1.509999095815464931e-01 -2.094595589237674693e-01 -5.501692075975434665e-02 7.872107013698997902e-02 3.990109883732259610e-01 3.811095648039288797e-01 1.007171866612338040e-01 1.507883312496983153e-01 1.659865684505706374e-01 1.563696005775068731e-01 1.676884749341854275e-01 -1.580404232954391863e-01 2.383756844394868124e-01 2.227502817381442346e-01 1.294164524818222084e-01 9.240735402820657307e-02 1.760598934540885674e-01 1.532401605775948472e-01 -1.168075315481736515e-01 4.310108416978331025e-01 3.361064729323722244e-01 2.278279896542801108e-01 1.585576364811392691e-01 7.125661750431437624e-02 -2.046945367160410076e-02 1.829130818528362235e-01 1.007253382876947267e-01 3.625492781938807231e-03 3.814323640484060945e-02 9.239282397894205134e-03 2.721591981766013565e-02 3.028938580187008345e-01 5.777435942281632791e-02 -5.516300180912106499e-02 -6.776354737490965230e-02 -1.310081554839140350e-01 -1.459432941503174775e-03 -2.820608681870963655e-02 1.379357353331679692e-01 1.384455746038570911e-01 3.878049014229911773e-02 -9.260191601063282041e-02 -6.194290861527081138e-02 -1.383528564939106309e-01 1.003794939051207563e-01
5.114319124775321829e-02 -3.725730733855641547e-02 1.282712328625345566e-01 -1.500577457514656599e-01 -8.222976154484844258e-02 5.031695486528802580e-02 -3.642407649961973415e-02 -2.836383460336571738e-01 -4.856868393475131940e-02 1.131666409723233457e-01 3.571251493480593897e-01 2.323918528045740839e-01 1.000000000000000000e+00 2.868798150439582639e-01 2.288236493894324763e-01 -8.173069899876606037e-02 1.036179483711521243e-01 -1.823990995731499531e-01 9.121873310659110723e-02 1.441832745835978646e-01 3.786591371034832287e-02 2.443589673934720430e-01 6.250819393413653557e-02 4.702047017294942038e-02 1.941766464846394757e-01 1.619101976700064172e-01 -2.407226169171268471e-02 4.732554819459861006e-02 2.982050337885679969e-01 6.978457480535939228e-02 -3.752359420260667489e-02 -1.774478733190001933e-02 -6.457511748444560995e-02 3.121888909364505318e-02 3.620454069103712369e-02 -8.448676878585295591e-02 1.972169277011249500e-01 1.217339138732312642e-01 1.271415771586939802e-01 1.811095980390439453e-01 1.588692417374429899e-01 1.562348460785887017e-01 1.983698525844928284e-01 4.766830431228340215e-02 8.716722251214189740e-03 9.010825553500486848e-03 2.125035284528707935e-01 3.945764381160413170e-02 5.447541075542897127e-02 1.629893701314667487e-01 -9.944844867876088956e-02 -8.513920030502203362e-02 -9.304589940759126765e-02 -1.062852476368229410e-01 2.940157492635438186e-03 -3.085476801717768405e-02 -2.469534089963147105e-01 -2.177955479797653859e-01 6.014300089690455958e-02 2.994607413775794424e-01 4.497925124270744646e-01 6.979334258738250085e-01 4.276971891267203896e-01 1.490865827515392983e-01 1.367819061517622781e-01 2.039421471202278180e-01 1.102079389273055848e-01 -8.827088679328748411e-02 -1.106086171751517327e-01 -1.355351048776736733e-01 2.051086689662492621e-02 -5.006822758184235195e-02 4.610406432802219984e-02 1.482736767984825788e-01 -8.939034205832004087e-02 3.727587685044517901e-02 1.934851753011131992e-01 1.270663021667120529e-01 -7.134199899823803759e-02 2.758693634699443953e-02 -1.341253255829918112e-01 -1.353991187793041930e-02 -1.686644495466539384e-01 -9.124390119372352559e-02 -1.458615238500899636e-01 5.573512153906297339e-02 1.473245874203706618e-01 -1.379668366645840291e-02 -3.784646641845226811e-02 5.596094798226811107e-02 4.207682674520265079e-03 1.494223297888187807e-01 1.715550733991237087e-01 1.212967101630818834e-01 5.109450585640992054e-02 9.753792047902618001e-02 -5.476193809812990830e-03 4.581174860012544175e-03 -3.032485019062216430e-02 1.250886414827603044e-01
-1.676820459325692181e-01 -1.171207228033553649e-01 -3.053565954866639329e-02 -1.635956341607791853e-01 -1.289088417358672245e-01 -5.002525592192791359e-02 -2.163195427152583283e-01 -8.009366390366348676e-02 -1.312018283827340315e-01 -1.425648190068753429e-01 2.471189436205580015e-01 2.871892961204657313e-01 2.868798150439582639e-01 1.000000000000000000e+00 7.419437849175979371e-01 -2.319719499864371925e-01 4.774994910582738838e-01 2.584131791991924332e-01 6.026622426401820887e-01 2.158077616433149715e-01 5.571220255848267078e-01 3.385837677963299819e-01 6.122036367251568745e-01 8.744572759656134286e-02 8.760749935121296683e-02 2.327303489591109331e-01 -5.321759174902599560e-02 4.978329652152133078e-02 4.400098175593177841e-01 3.409163298931796593e-01 -2.803344680316721335e-02 -1.089102010803256887e-01 -2.445750201339337571e-01 2.849240309475034594e-01 5.263620657835876848e-02 1.877362866299449318e-02 2.231638586639723421e-01 -1.367276414715811600e-02 -1.038167526474246816e-01 -2.060227801885320120e-01 -7.991287091419797817e-02 7.915578949310725365e-02 4.598507329723860310e-02 7.204207964937109354e-02 -6.628056957462731547e-02 -9.963429121835470914e-02 3.166875593890198792e-01 1.783259063895141772e-01 -4.885578546598935007e-02 6.635516376175971953e-02 -3.187329656702134195e-01 -1.512454093723720472e-01 -2.530005281429193453e-01 -2.687503961732084501e-01 -4.510468612052372789e-02 -1.183486563625297666e-01 -2.662277828285267711e-01 -6.630456201600293253e-02 -2.214475186295371267e-01 1.195688424883955964e-01 1.389535110612060975e-01 -1.030900378647770302e-02 2.633528764453224591e-01 4.517240176835426446e-01 4.982137247587362650e-01 6.739490357640123275e-01 -2.198517442463654714e-01 2.405047345110121471e-01 3.168312698850692111e-01 3.095201454488525350e-01 4.431584663912300215e-01 9.264075352096466653e-02 5.503582625696308295e-01 -1.758648712618694765e-01 5.716870790153052301e-02 1.340563384499859623e-01 3.918414075173243805e-01 4.095509629092793369e-01 -6.131103979147591726e-02 -1.154902024232711683e-01 2.539672689264112215e-02 -1.353095518555619617e-02 -1.622811050616590756e-01 -2.329081882220419841e-02 -4.554803705578770040e-02 2.589144479779211666e-02 2.009758246562254047e-01 4.684073517782249424e-02 5.269185271751760519e-02 -2.196502626473972875e-01 -2.432107504827432654e-01 -5.538705391342225309e-02 -1.281868089424509916e-01 1.206638703986487662e-02 -6.666619690502215145e-02 1.241610680470891896e-02 -1.039527611547820252e-01 -1.751897324345810802e-02 -1.021197263479356326e-01 9.431020596019593083e-03
-1.247426765622990930e-01 -1.926038794681158017e-01 -1.218491667790548155e-01 -5.132025435695275473e-02 -6.042469872940152420e-02 -9.491536837326591813e-02 -2.444907141433580455e-01 -1.777295524844964558e-01 -1.763577826438378904e-01 -1.735606868747702758e-01 1.402235722603636658e-01 1.829875891067583027e-01 2.288236493894324763e-01 7.419437849175979371e-01 1.000000000000000000e+00 -2.203197716575747978e-01 2.831830368727023539e-01 1.403393497121014910e-01 3.819188954024607119e-01 2.616690343937862484e-01 5.839484801407496262e-01 1.986692267246567001e-01 5.730416112166478726e-01 7.388100072694309128e-02 2.506379860488055795e-03 1.583529770611713794e-01 -1.462268441800675667e-01 2.181192370874683248e-02 4.390141164292231113e-01 3.314921959819662756e-01 -4.539854749805315171e-02 -1.330693873845342490e-01 -1.565318689555010301e-01 1.717188127045126134e-01 -5.546209049873036118e-02 7.796689643602362774e-02 1.927495042142590154e-01 -6.935272153977414290e-03 -6.376494196793100477e-02 -1.547663556227590609e-01 -3.305031930268073626e-02 -3.257867015416332501e-02 -3.096502875237252053e-02 1.877141434757913577e-02 -3.278804225862497201e-02 -1.604526849941519673e-01 2.172188268811941214e-01 9.891248822106420147e-02 -4.720300875804029489e-02 5.454740982715539088e-02 -2.431148078376796917e-01 -2.166111452533241721e-01 -1.504886199708147521e-01 -1.645775862312411908e-01 -1.022172527320438090e-01 -1.599021850722897320e-01 -2.551494406256161751e-01 -1.930144727716162911e-01 -1.710301314535034867e-01 1.262957190285079190e-01 1.110381712841966989e-01 -3.542416764750287023e-02 2.095454309400705539e-01 3.697732354054107939e-01 4.862233663556737029e-01 8.212760749232818069e-01 -1.358882454443594290e-01 9.535951614957528452e-03 1.467832114189029924e-01 1.564335312927487287e-01 4.813619428048029891e-01 4.570180927818832256e-02 5.030045533527487400e-01 -1.084730169744170525e-01 -5.277229910384885134e-03 1.126588735746373304e-01 4.022853143253536379e-01 3.890189909016374403e-01 -1.182180144664794624e-01 -9.010255315389764652e-02 1.639840392266375679e-02 -5.169706994425508906e-02 -1.266210917045856033e-01 -7.022434409565585234e-02 -1.143898919659671470e-01 2.473488121665177314e-03 1.580642650546263683e-01 3.577318281583224307e-04 1.045182219049425876e-01 -1.212988055776617474e-01 -1.307645173559200125e-01 -6.979624143465555652e-02 -1.180400675843591984e-01 3.280007784764382706e-02 -2.968809092561912680e-02 -4.655608065261630096e-02 -1.721659593007121292e-01 -9.193318375311994306e-02 -7.070080053703779732e-02 -1.340133868247400314e-02
