1.000000000000000000e+00 3.179115208996890485e-01 4.051785389204408117e-01 -7.783112644499060040e-02 -2.314325906188111764e-02 1.550978879755849360e-01 1.384341775169032340e-01 4.729011926941632804e-02 -1.242486914879901011e-01 -5.348472573171324934e-02 1.171902048973086363e-01 -3.200520114384132475e-02 1.160059380748063446e-01 3.140332365378240564e-01 2.593471995299476696e-01 4.833818150657939738e-01 1.892638874713450103e-01 2.509500036884889651e-01 2.215058448415220538e-01 2.326357212629154569e-01 3.325284706018408198e-01 1.950423381488398389e-01 2.924617605080850891e-01 3.032240980889173987e-02 1.459209856921197535e-01 4.197715561756702740e-02 2.867043640720373099e-01 2.319618652438479589e-01 2.008570540334312093e-01 9.443932059058449124e-02 -5.211662010536541323e-02 -2.378812619310770662e-02 -1.142868516605596574e-01 2.789541302840079506e-01 2.171026757159603970e-01 2.858605488413165086e-01 4.162497339511794098e-02 -1.701808033835672598e-02 -3.025189247514517565e-02 -1.482940582618874625e-01 1.597271446144083451e-01 1.097864036308528746e-01 2.422981711922380377e-01 3.496189666981376620e-02 2.514239338604866147e-01 2.736248827908172587e-01 2.704332354357451562e-01 4.165336977964938514e-01 4.133506300196719274e-01 1.463034438871480269e-01 6.576540381092280674e-01 3.242487828073779554e-01 6.669080700373147819e-02 -2.864306475896314375e-01 3.213100288981091124e-01 2.093008888028853876e-01 1.019567840923692181e-01 -3.536161535018998714e-02 -1.231256293131302165e-01 -5.727682803144496654e-02 -1.012942535153735224e-02 1.470400877627583425e-01 8.936058986947228999e-02 1.701616750728275618e-01 1.908255887896532776e-01 1.420536159277170640e-01 1.529257398695653691e-01 2.672723917542036420e-01 1.077300705290414884e-01 1.279632701793725902e-01 1.821526946205375974e-01 1.611648959610823273e-01 1.274004759751286298e-01 -1.023507221218069169e-01 -1.402693021277069962e-01 -1.147200650133087113e-01 1.314983830806994991e-01 7.468827814397556442e-02 -4.179938616505251420e-02 -1.792209450561552397e-01 -1.545615528284257911e-01 1.024886722002230598e-02 1.274257581384656279e-01 1.935903936433325256e-01 1.328355443348989140e-01 1.752198689578999824e-01 1.040090672389663989e-01 1.453912652447035270e-01 1.348456469852108153e-01 -2.656910190854503973e-01 -7.416734577904444958e-02 4.431307486176454952e-02 -1.725616612248787873e-01 9.953998638515608455e-02 -1.089500283267101216e-01 8.691479644928475079e-02 2.266195641050234022e-01 2.011189754111108452e-01 3.684759407804588660e-01 1.800706022132625705e-01
3.179115208996890485e-01 1.000000000000000000e+00 7.396942907276921053e-01 3.978916407096637631e-01 4.220334674991478296e-01 2.176960274656853100e-01 2.526395188986930163e-01 5.618524404786323645e-01 1.654069834164706709e-01 -2.703847622786741123e-02 -6.302709214410714966e-02 -6.168420493726009535e-02 7.375868811637409372e-02 2.059877682136848909e-01 1.752660489970385704e-01 3.717225215658329085e-01 2.094578586638913276e-01 4.701243533390275786e-01 2.094228924887296117e-01 3.907111731663086979e-02 3.841123725427401103e-01 1.488849197239219546e-01 3.568429793865234845e-01 3.003057224216322263e-01 1.510953566756718935e-01 1.737852025867136496e-01 4.884056719111784517e-02 -5.493293015780836841e-02 1.882232243337152444e-01 1.944950000160136916e-01 -3.374840072000662161e-01 -5.924582629929089211e-02 -3.616076511494035195e-01 1.460025266702942859e-01 3.768256329760404783e-02 1.260757909010871980e-01 -1.990345592583321332e-01 -1.298923787440351141e-01 -1.342884873526977163e-01 6.495222794604055272e-02 -1.467137499642417464e-01 -1.959554882673981424e-01 -8.825730884137823751e-02 -3.829359154871023185e-01 -4.419715951435541218e-02 -2.861550701965553944e-02 -9.042258236141090255e-02 -7.140428927112103807e-02 2.339535862664769011e-02 -2.283148585280352916e-01 4.691333175583534132e-01 6.922076441200039065e-01 1.885844973861843521e-01 4.891517751717844309e-02 5.197836590876777629e-01 3.051908841562102626e-01 4.422897057745803773e-01 4.269539071754310244e-01 -3.602202667697611965e-02 -5.948021897157631382e-02 2.283293783345759775e-01 -2.692714673168730699e-02 1.871790783286464421e-01 7.343863720054340238e-02 4.038965393854306307e-01 1.658481291032527227e-01 1.969217729089214886e-01 2.750742384237030436e-01 1.558659754583422707e-01 4.610950193469527947e-01 3.805738278568890909e-01 3.250439100414619364e-01 3.551187849298416133e-01 2.185294008860143022e-01 1.246349352623267875e-01 1.016237624529317679e-01 2.436546120459888443e-01 2.669418005389783688e-01 -2.150544368672916429e-01 -1.151032076951637451e-01 1.938435854574692141e-01 -1.692121484679669774e-01 -7.196091689739332609e-02 1.408602724633993553e-01 3.091585582465680160e-01 1.032293285953606865e-01 -1.336947365468380555e-01 6.114569649380052069e-02 1.487004264118311769e-01 2.783878552320837030e-02 -2.039485092570233749e-01 2.434090056082662250e-03 1.117236719731317246e-01 -1.737861903914621753e-01 1.221919265327596343e-01 -2.632987649235344341e-01 3.581635697493702752e-02 1.168483676686760814e-02 6.542481656458477846e-02 -2.081810641912224674e-02
4.051785389204408117e-01 7.396942907276921053e-01 1.000000000000000000e+00 2.304745253728289756e-01 3.189785723799311579e-01 4.593256703468206470e-01 2.437775877799410185e-01 5.428016299524083266e-01 3.816315784094400088e-01 9.906767142131872594e-02 2.064288746269406574e-02 1.251124691096794361e-01 2.752392976889485587e-01 3.998792364082057182e-01 3.366713357437444154e-01 4.119282228785796640e-01 3.810354889324040206e-01 4.564259408333736223e-01 3.457309167847753550e-01 6.945683608024684486e-02 5.337260340233257461e-01 3.218491145243635998e-01 4.608281057611167131e-01 4.749532633897952660e-01 2.407459381914909546e-01 3.622721924877418398e-01 1.685918737365172115e-01 5.530684815591516840e-02 3.400942443274224125e-01 3.653082468792833160e-01 -2.298194093346631606e-01 -1.394107300581903797e-01 -4.854227246934806894e-01 2.462284784178058739e-01 1.691024855255476023e-01 2.089282665854942656e-01 -9.394207356565463518e-02 -2.640824392512843843e-01 -1.870331363098537425e-01 1.774058039264508890e-01 -1.282780352030872262e-01 -1.771406455362487808e-01 4.299317433550257223e-02 -4.013181336268812904e-01 3.253369528364002256e-02 4.651034293633239669e-02 -9.813931251075699858e-03 7.833175113045483251e-02 1.454647127950861873e-01 -2.307428108361453678e-01 4.463713915605972415e-01 6.894663010935651037e-01 1.542470841533553627e-01 -8.504885180656096555e-02 6.583941179275327737e-01 5.004076427413544081e-01 3.560300113338371597e-01 4.816068064835162255e-01 1.009821510185789500e-01 4.370570022029113613e-03 3.723874882545845089e-01 1.392808132231333484e-01 3.995008986205720314e-01 1.590736742636734979e-01 4.947785384770327921e-01 3.023126181840241067e-01 2.105687026650003846e-01 4.200227916565774100e-01 3.038877103000239277e-01 4.572521438275499173e-01 4.922074668483847892e-01 4.870795962743411089e-01 4.957210008938578438e-01 3.278312970414082317e-01 2.812297538209562187e-01 2.321138106296516679e-01 4.368656305625495673e-01 4.320455876243458060e-01 -1.844290143223246969e-01 -2.442832808188274418e-01 3.389128744799714821e-01 -1.067394652249293446e-01 4.465041351470452197e-02 3.041035958212564005e-01 4.557911643333232843e-01 2.093747500637915815e-01 2.733536494404176925e-02 1.471283501418664263e-01 2.418866264690870127e-01 -8.338094436244523899e-03 -2.569883604500624030e-01 6.784591324796733491e-02 2.105457168549642599e-01 -1.177862879800683493e-01 2.156084461519297280e-01 -2.880406588530468603e-01 7.999076547160405282e-02 1.736346534173600908e-01 1.910446323299460625e-01 -4.064938059134143300e-02
-7.783112644499060040e-02 3.978916407096637631e-01 2.304745253728289756e-01 1.000000000000000000e+00 5.805076521752446927e-01 5.732034247457848397e-02 3.772835616150378435e-01 4.001128794560314117e-01 -2.834038186447909377e-02 5.348194290893862335e-02 -2.537768721469441102e-02 -8.212542325506015650e-02 -1.961019811389180245e-01 -7.284778873335907845e-02 -7.599715659869031581e-02 2.390237992261344535e-01 -1.334571551261918010e-01 2.920189482910198198e-01 -1.185378794347086012e-01 -1.125338025138635824e-02 1.370647761641798634e-01 -7.051112770569958887e-02 8.218485728474894669e-02 1.464873967101019414e-01 1.303232799851872514e-01 -9.304884179846086012e-02 -2.089678990735411857e-01 -2.909639368001131210e-01 -8.844047016644581826e-04 -3.748108514834974560e-03 -1.445088854823446123e-01 7.184584218841587322e-02 -6.972152545309459604e-02 1.857938835423978904e-02 -1.435099258003590394e-01 1.953755033913667782e-02 -6.421284265378611467e-02 -7.948824374665040479e-03 -6.388694517396692474e-02 2.005025350513585103e-01 -1.520244793589118903e-01 -3.472180245005838661e-01 -3.067897364408706529e-01 -2.453115186159642025e-01 -1.622224150365710327e-01 -2.152870451930292972e-01 -2.056381426267348544e-01 -1.871729217178042803e-01 3.413766399626097514e-02 -2.008488895886136605e-01 2.224286425978740933e-01 4.923679973235523533e-01 3.687931130138348834e-01 6.810544616582763222e-01 2.822544068890203706e-01 1.055488902053661610e-01 4.885764680640300450e-01 3.841328835837129474e-01 5.032878022864869377e-02 -8.584630132398927971e-02 1.806899503442469523e-01 -1.268705017326841045e-01 8.298499123781358233e-02 -5.009558937099076875e-02 1.741749520817694186e-01 5.276160363030771988e-02 2.976910160913175951e-01 5.813734298150690510e-02 4.190366109607113893e-02 4.025527348622186530e-01 2.324898510729879186e-01 9.418462624535922645e-02 2.099148838376495296e-01 3.174493040804658994e-01 1.656317047488893579e-02 7.690097323903404003e-02 1.527420610314508542e-01 9.606217257764479434e-02 -6.900229708988113442e-02 8.661578828336918834e-02 1.084426915009990972e-01 -7.489887554339488829e-02 -1.490073876258324048e-01 -8.625202804260642675e-02 1.984840650285715075e-02 -3.050810789373193180e-02 -4.402382624491239793e-02 -2.026240542847194959e-01 6.059340560314839530e-02 2.966526015598775629e-02 2.525613797974939068e-02 8.176914028461294837e-02 2.379314682407855652e-01 -1.445078250770126527e-01 8.044312493616645465e-02 -1.973627342441365007e-01 -1.463344663825821290e-01 -1.647299295689474141e-01 4.550447879510832044e-02 -5.842288512732456834e-02
-2.314325906188111764e-02 4.220334674991478296e-01 3.189785723799311579e-01 5.805076521752446927e-01 1.000000000000000000e+00 2.106422291887856402e-01 -7.721512370919139667e-02 9.872359905404982927e-02 -5.946527856393070237e-03 -4.842895486371003207e-03 3.763149572964463035e-02 -3.930539636472245996e-02 -2.126320982455449093e-01 -8.589287552512471502e-02 -4.858552751213462972e-02 -3.775316422117105247e-02 -1.906023320888957373e-01 -6.624473567014270425e-02 -1.858622965140867556e-01 3.307860668139366023e-02 -1.623597416160386248e-02 -2.254257347139065060e-01 -4.483154723323651281e-02 6.121130154641016285e-02 1.550770455275868320e-01 -9.500440139083035640e-02 -1.052424574207426189e-01 -1.832644347827547815e-01 -4.615305032773713706e-02 2.470481103507247110e-03 -2.049910010015409956e-01 4.185940633618426276e-02 -9.605004257801639730e-03 -1.985664232450572719e-01 -3.004472100101269749e-01 -1.283379146919826630e-01 -8.558068184584514612e-03 4.658682845573072773e-02 4.611747552253944726e-02 8.921163813352782010e-03 -1.031862171494478952e-01 -3.347060138889787484e-01 -2.259431883291901644e-01 -1.471958455279063493e-01 -1.538454931797028358e-01 -1.563815765695251714e-01 -1.120941377464851618e-01 -2.106853410104287672e-01 1.020785673200518412e-01 -5.567493320693449321e-02 1.597541506340267592e-01 2.326564693195287969e-01 -5.534901828921851008e-02 4.221854200470736562e-01 4.891568946937414619e-01 1.632414849443311333e-01 -2.216891447774341911e-02 1.888542877077958870e-01 -5.327621693991162199e-02 -1.356335132083524575e-01 2.362378867171680830e-01 -1.986528634735071353e-01 3.649556086007682294e-03 4.112718162638662189e-02 5.849119435124529309e-02 5.990396867772856959e-02 -1.460533000860413655e-01 -6.930165577230100460e-02 -5.504026473872931924e-02 1.163341079691442154e-01 5.890854851877529857e-02 -4.292614748592320228e-02 2.829659097285134456e-02 3.198640860552461745e-02 -1.950451304420704191e-01 1.381074322507475950e-02 2.877728208614564742e-02 5.166345259666894028e-03 -8.538862343396649845e-02 7.384062207933403399e-02 2.701179532795641713e-02 5.749507857322073284e-02 -1.610464053863578937e-01 -1.087502667677999885e-01 6.942096091889705944e-02 -3.900650273455436110e-03 4.361942348535723796e-02 -2.755070750055010897e-02 5.906491979055283198e-02 4.529776355668718030e-02 2.055821414262502533e-01 6.719283738435129216e-02 1.763198886003401467e-01 -5.870460829796272928e-02 8.226334319633007985e-02 -2.663896593480898425e-02 -3.819513818663075599e-02 2.045013873593046899e-03 1.047031120342673399e-01 1.175814495539318355e-01
1.550978879755849360e-01 2.176960274656853100e-01 4.593256703468206470e-01 5.732034247457848397e-02 2.106422291887856402e-01 1.000000000000000000e+00 2.113770951429291278e-01 3.237984198906144750e-01 6.305800998558117598e-01 5.974190709871380900e-01 2.592673589928928823e-01 3.672392838000264059e-01 1.884866829543323519e-01 2.734588800723318225e-01 1.923205360407285458e-01 1.893926103832285768e-01 1.035505534653761023e-01 1.474931190860905850e-01 1.037056644442886227e-01 5.684668389209984046e-02 2.578766932416550750e-01 1.619805231174273885e-01 2.894205273910194776e-01 3.807532920846374291e-01 6.545018877559442005e-01 3.975513493798178422e-01 1.759988579092355843e-01 -2.722846154812448918e-02 1.015341144323706341e-01 2.086278880097389432e-01 2.248576345150360978e-01 2.228754454646756644e-01 -9.925070767444055253e-02 1.135256072517724785e-01 1.492527385056649503e-01 3.106575886793405128e-01 2.401059147003554439e-01 6.144461585410951332e-02 1.322013400738872302e-01 3.985916169222358807e-01 1.624500771345360750e-02 1.782638554115370880e-02 2.129889527594145682e-01 -1.913149438064849425e-02 1.153583653834737710e-01 5.148036708151160212e-02 1.189632853177177985e-01 1.788498681455091832e-01 5.322047598772945420e-01 -7.336590650336993757e-02 2.360075449691108052e-01 3.045106463945711495e-01 8.311928084465697308e-02 -1.570484288270210249e-01 6.926288627250953844e-01 8.721912830817271090e-01 1.064345561588787570e-01 3.828648589651830747e-01 4.307898226042680689e-01 1.649079070387035606e-01 4.768649435833706707e-01 1.144769793450429868e-01 3.033080309579871958e-01 1.725988441893697156e-01 2.201486808946324369e-01 1.533546407002646106e-01 2.473235494040837978e-01 2.666419429393181439e-01 2.208941139899498751e-01 1.785683168798006260e-01 2.149725155024140577e-01 2.573123068818530257e-01 2.565145202636014976e-01 3.123997353409046496e-01 9.921484519252231349e-02 5.443663761334931461e-01 2.797897391212358920e-01 2.330994773905444295e-01 2.392883981008510907e-01 2.170275283604594652e-02 1.835530703648200757e-01 9.923803430660628477e-02 1.442510199060294818e-01 2.640572295326855667e-01 3.211888182446387408e-01 1.352168657757641945e-01 3.984982642400420882e-01 1.279566129295936494e-01 2.860610898147741277e-01 -8.004599159613715043e-02 1.637413656907788784e-01 5.842108217245723933e-01 4.034145316215038690e-01 3.065629082940151684e-01 2.395445582571133214e-01 5.302643779666196128e-02 1.373387950009062886e-01 2.768118468312021352e-01 5.920901637749287350e-01 1.171193320734820187e-01
1.384341775169032340e-01 2.526395188986930163e-01 2.437775877799410185e-01 3.772835616150378435e-01 -7.721512370919139667e-02 2.113770951429291278e-01 1.000000000000000000e+00 5.373826716187476427e-01 1.223977516262961113e-01 2.008702065857916330e-01 -2.965791781070673330e-02 -4.536270046730175864e-02 7.416821022844803657e-02 2.606991207513542630e-01 2.194673290990282466e-01 5.040691145383962013e-01 1.698143493219275713e-01 5.363698916897001734e-01 2.970248314896552499e-01 2.335407196475880187e-01 3.908298264942919320e-01 2.476450093443091638e-01 3.645706934135568567e-01 3.639022716572578586e-01 2.232363981286399901e-01 5.374113680195881371e-02 -7.572168821081455212e-03 -1.675043157266889737e-01 2.763734596405620914e-01 9.696467998686865430e-02 -3.692004044485810293e-02 -2.305480009725032267e-02 -2.330606339007622596e-01 3.166234661151505203e-01 2.229124808394871982e-01 3.855431105980202666e-01 8.088315622792158210e-02 6.267081930851423066e-02 6.957516055022472390e-02 4.843780735075626787e-01 1.909193854445357941e-01 6.239277583712043301e-02 3.946499292721632191e-02 -1.055462401504620035e-01 7.884721661513691138e-02 9.965964387580100725e-02 6.793788400730696453e-02 1.716423757627558444e-01 1.727277771883576896e-01 3.549601721668494379e-04 3.027578968519741287e-01 5.891575230533645513e-01 5.529912155645915206e-01 2.121589024210457641e-01 2.073556298987263291e-01 2.915844165462243009e-01 7.348876447553422953e-01 3.700652736915461261e-01 1.830276574832929992e-01 5.322309889744750860e-02 1.120696217217834884e-01 1.873848838634510072e-01 1.439936633118964193e-01 1.652073377027693801e-01 3.706831850178218812e-01 1.858543140966769924e-01 7.619742425004469855e-01 3.017880315717607620e-01 4.215047675080804690e-02 4.124174062742209101e-01 3.941128851384899656e-01 2.451287182748139448e-01 3.336025048054735431e-01 5.451788819828593535e-01 2.204243686125006152e-01 2.031230970357603971e-01 2.798026178268374076e-01 2.029632745095622803e-01 1.667727862392350338e-02 -1.221177029937611375e-01 -5.368822261023609849e-02 -1.517070118099966836e-01 1.548388835700559643e-02 6.970320457416324944e-02 2.205698275743181794e-02 8.019731778929245491e-02 1.027171803110991238e-01 -1.809362000069862919e-01 2.777729096128986330e-01 1.922060349792896819e-02 -1.448502577587453821e-01 3.101126422121076032e-01 3.404597347039488575e-01 6.529046053073325750e-02 1.203285565870481494e-01 -1.515569229784024530e-01 1.058663950278172089e-01 -1.389265341636930218e-01 2.205985903459699859e-01 1.246795060181972170e-01
4.729011926941632804e-02 5.618524404786323645e-01 5.428016299524083266e-01 4.001128794560314117e-01 9.872359905404982927e-02 3.237984198906144750e-01 5.373826716187476427e-01 1.000000000000000000e+00 5.089045323647355401e-01 2.870267097431762338e-01 -6.168684706005268109e-02 1.178928436185017331e-01 1.625048748506241203e-01 2.137568051025968696e-01 1.513999731388206427e-01 3.672514155814772252e-01 2.985064749860725231e-01 6.924521483144259193e-01 3.315861278458939188e-01 -1.847081016795160818e-02 4.329831614973421172e-01 2.250498894236176162e-01 4.275999822607263190e-01 5.249971020485590945e-01 2.713528529744243523e-01 2.663257977447952007e-01 -4.293417729808274991e-02 -2.227871989768158423e-01 2.309322035387656458e-01 1.730169803659207528e-01 -1.153269334639703270e-01 1.868863680645594175e-02 -3.821306991617012816e-01 2.822181853399421958e-01 1.548684206135175212e-01 3.382129651424455319e-01 -9.489149688604574251e-02 -1.612440218998409114e-01 -2.124744767230979936e-01 3.314975214851403895e-01 -1.534153264715965581e-01 -7.526920585350585502e-02 -1.112055083939435945e-01 -3.352003419925972949e-01 -4.302056374292535096e-02 -1.138804955659091095e-01 -1.815476201185818872e-01 -8.452871135009856762e-02 1.635376669707513941e-02 -3.021886153333752656e-01 2.248356383353707355e-01 6.804601302460339118e-01 3.517360701997800376e-01 1.293255089367149890e-01 3.511758324868304304e-01 4.189424932794843515e-01 7.463936828145342206e-01 7.881246959836869515e-01 3.467180415194373588e-01 1.442332555694511020e-01 3.278744013054349926e-01 1.423476409409606958e-01 3.412343228416167551e-01 9.069680516686255689e-02 4.869333830915013595e-01 2.256174249524175723e-01 5.093110294156548701e-01 3.730999913599227780e-01 1.584107295916197256e-01 6.000447717220886990e-01 5.079393884602600995e-01 3.750764800017953315e-01 4.838070655764653560e-01 5.113807310909816994e-01 4.877050902785010633e-01 3.859792729541876577e-01 4.549534986806661463e-01 3.876422370374272286e-01 -3.717159415108020615e-02 -9.506647635511460137e-02 2.833753382320666203e-01 -2.711453663232956113e-01 -4.515845009064090726e-02 1.545893708187117965e-01 2.806014653653056690e-01 -1.147174026513856845e-02 -9.314701469189660965e-03 -1.620136896595294196e-01 3.061506868646290958e-01 1.003873269883136243e-01 -2.804046138769661911e-01 1.879032614295463588e-01 2.831970897096382500e-01 -1.163436040632339352e-01 1.819979475888256759e-01 -3.316730091332730224e-01 -5.670151319291470704e-02 -1.424589993796435694e-01 7.941279468253861773e-02 -9.948878276992205449e-02
-1.242486914879901011e-01 1.654069834164706709e-01 3.816315784094400088e-01 -2.834038186447909377e-02 -5.946527856393070237e-03 6.305800998558117598e-01 1.223977516262961113e-01 5.089045323647355401e-01 1.000000000000000000e+00 4.606963672723630721e-01 5.544381793895537119e-02 3.645211930874930895e-01 3.025447677202052765e-01 1.793028883834932308e-01 1.425747171076886255e-01 5.336309479347804002e-02 2.608994451080620114e-01 2.289031168751837764e-01 1.597171531874285177e-01 -2.010241267899877480e-03 2.489616001250749833e-01 1.942562297700039242e-01 2.004398050787979946e-01 4.608819059107087668e-01 3.420541537628414286e-01 4.359979717368490104e-01 5.396155749457664380e-02 -4.610863824782764769e-02 1.536028815161738503e-01 1.493825579021721139e-01 1.445793619665618479e-01 8.962270378522470271e-02 -1.878569984714823227e-01 1.090707889387870083e-01 1.679755229832247954e-01 3.503039239585304387e-01 1.366351551154978972e-01 -1.050272186402897712e-01 -9.998140887240400398e-02 3.377669188542750112e-01 -5.532197085793263275e-02 1.450840173512838588e-02 6.982219857674733243e-02 -8.328006078159197467e-02 8.547147112878233921e-02 -1.067887833640369794e-01 -9.494397906929936959e-02 -3.614740572600733809e-02 1.663051085016907238e-01 -1.507791043065482839e-01 -4.334448674267965540e-03 2.460647867163853197e-01 6.963347563678094765e-02 -1.032614111582526861e-01 2.952982438511463359e-01 5.853088559905950117e-01 2.198112586784811973e-01 6.391553774543219379e-01 4.810964934272535798e-01 2.691990105438854530e-01 3.910086174984346297e-01 1.421689092157124301e-01 2.831054433348841326e-01 4.752572574688540552e-02 2.403993427580674302e-01 1.283204427856558527e-01 2.710569450978652650e-01 2.533014974761571003e-01 2.162093865036477380e-01 2.563875837561266913e-01 2.711335472896471144e-01 2.667084453060813432e-01 2.350879601222196080e-01 3.873912050162328646e-01 4.673196882144450837e-01 4.544928213910888193e-01 3.304516695268711612e-01 2.677477148873570467e-01 1.610979938387638311e-01 -3.269230754392855876e-02 3.438403065397279135e-01 1.006800478508045223e-02 5.750928342841239022e-02 1.940733117342562375e-01 2.956960244723068620e-01 7.339706961730861276e-03 2.279500845446906510e-01 -2.429509064398200149e-02 3.586085304888821934e-01 1.688057923659736226e-01 -9.180164110348867923e-02 2.649700889574624907e-01 3.353676478155809826e-01 2.686978967463072437e-02 2.421117672060659753e-01 -6.372664195645187657e-02 -4.103787163174452829e-02 4.087059189800575781e-02 2.200913768507666568e-01 -1.580030923218744485e-02
-5.348472573171324934e-02 -2.703847622786741123e-02 9.906767142131872594e-02 5.348194290893862335e-02 -4.842895486371003207e-03 5.974190709871380900e-01 2.008702065857916330e-01 2.870267097431762338e-01 4.606963672723630721e-01 1.000000000000000000e+00 4.066282104564418742e-01 5.195103126963863671e-01 9.741331652685568387e-02 2.267387625527582037e-03 -3.306803914356949009e-02 -2.065801937352559556e-02 -5.004354866903651389e-02 7.704163649741799236e-02 -7.111307542756054034e-02 -1.937456629686330478e-01 2.977097677711915830e-02 1.455518772298770164e-02 6.694528707213331931e-02 3.926362532331435506e-01 7.191919126992248890e-01 3.472654097188315192e-01 -2.792012139057312506e-02 -2.465508639623558429e-01 -4.221446222407765347e-02 -3.474258035638549263e-02 4.517551496041619097e-01 3.540381369641269482e-01 2.208069359958797495e-02 -5.106741706661633434e-02 3.766716851926617260e-02 1.528976067140655204e-01 1.354210569059278169e-01 2.128935377294298159e-01 1.046743343188428210e-01 5.771996820053173494e-01 -1.764782532079675892e-01 1.765166705147112602e-01 1.142970463206796905e-01 1.420992028019361642e-01 6.373665299265945938e-02 -1.514649950232183906e-01 -1.355254278103891208e-01 -6.832678149786187982e-02 2.953400738679838322e-01 -1.470089072894615878e-01 1.169054761477596044e-01 1.057424833001469194e-01 6.825953359812240995e-02 -3.533014094246418602e-02 2.558337956488240250e-01 5.927364314599758988e-01 1.647877713291393265e-01 3.278724794006700471e-01 8.126484735146785043e-01 4.142438811489508321e-01 4.836104888477969488e-01 6.987364855359788629e-02 1.825395466860993132e-01 4.219767312746660476e-02 -1.715854465772096230e-02 1.353676733160498469e-02 2.877290413248547174e-01 2.807614025020194540e-02 -3.616805156561900964e-02 4.368059219078374023e-02 1.118103381504253341e-02 5.661211060720106741e-02 4.325070915530521143e-02 3.550473207331767411e-01 1.859270881686923560e-01 6.843783534315209804e-01 1.240011561593222233e-01 2.608831345217990649e-02 3.688394393577512642e-01 1.724915029294141755e-01 4.612945413050016652e-02 -6.583856410339089527e-02 -3.160574188682133134e-02 4.079359500205081979e-02 1.179634577375407445e-01 -1.105234005887466425e-01 2.257613257375376825e-01 -9.763620616078187708e-02 1.529720582928790484e-01 -4.055377929618159821e-02 1.534675789809727131e-01 7.180951523867247221e-01 4.157290245148171359e-01 2.891683258502414366e-01 2.033810732745710559e-01 1.385404054758107850e-01 -3.791542723253511077e-02 -1.370542747818901362e-02 3.728517579116262248e-01 -1.365648339574658879e-03
1.171902048973086363e-01 -6.302709214410714966e-02 2.064288746269406574e-02 -2.537768721469441102e-02 3.763149572964463035e-02 2.592673589928928823e-01 -2.965791781070673330e-02 -6.168684706005268109e-02 5.544381793895537119e-02 4.066282104564418742e-01 1.000000000000000000e+00 6.697490208024237113e-01 -9.778627218437015156e-02 2.532392929985827212e-02 3.775971031703003605e-02 -1.355723115788354249e-01 -2.716601908191085268e-01 -2.197624763170032969e-01 -1.730831421550668714e-01 -3.712306676193848076e-02 -1.457979458475556767e-01 -2.495064110904601229e-01 -8.142150079065757495e-02 3.395501556290284051e-02 3.666050279256207745e-01 2.356797928990176094e-01 -7.521664469611881454e-02 -1.379822193613401138e-01 -2.131753549803482584e-01 -1.623006847147956122e-01 1.004259001824905906e-01 1.920056948388795814e-01 1.917171618659472415e-02 -2.513517286136355833e-01 -2.271698122008870280e-01 1.044057459088087586e-01 1.582116853883062113e-01 1.827408432999131915e-01 1.260801745722437694e-01 8.098284073117105464e-02 -1.644359098130717955e-01 2.550056842437685156e-01 -3.578042784252815495e-02 2.264020361090271771e-01 -1.379131198408816983e-01 -1.602350256829871908e-02 -4.286841844459232664e-02 -6.543212827497648168e-03 4.057316086638904085e-01 1.643930938966615685e-01 2.065438720526251992e-01 -5.720276596610401193e-02 -1.945928741990678723e-01 -1.427943208196510438e-01 1.523811930788366020e-01 2.698827578727614473e-01 -1.210461501222854508e-01 -1.268113673878196179e-02 3.120182420906860710e-01 6.442717581777981373e-01 3.968295120807340259e-01 -8.563997448683402514e-02 3.906701136645143735e-02 1.192083190540564192e-01 -9.116302220613828333e-02 3.347769864186887767e-02 -4.138421919410373295e-02 -1.743834567779718459e-01 -2.461017999439416015e-01 -2.732890231925331204e-01 -1.352846850597879402e-01 -2.239546813556173022e-01 -1.744296619997997289e-01 -8.316910203540892055e-02 -1.215796950246459673e-01 4.353511275885326715e-01 -1.283280031481476846e-01 -8.063533019028777671e-02 -4.606494484454231458e-02 1.040392095420387963e-01 -2.646155928981190897e-01 -2.053468825650512086e-01 -1.255512826947396965e-01 -1.538577737159529391e-01 -7.385298424116690241e-02 -1.644015164823175723e-01 1.795233547949736941e-01 -2.040798240082651246e-02 1.362188452465801503e-01 -1.390894650574839575e-01 4.809360594741294431e-02 3.022477722048101390e-01 8.300220838359605169e-02 4.354478583118218671e-01 3.735967221503586760e-02 3.308506175856815168e-01 7.867659721957981356e-02 -3.527885591897816052e-03 4.155954593918196327e-01 2.876452384248518457e-01
-3.200520114384132475e-02 -6.168420493726009535e-02 1.251124691096794361e-01 -8.212542325506015650e-02 -3.930539636472245996e-02 3.672392838000264059e-01 -4.536270046730175864e-02 1.178928436185017331e-01 3.645211930874930895e-01 5.195103126963863671e-01 6.697490208024237113e-01 1.000000000000000000e+00 2.413670537679345196e-01 2.063827297236224545e-01 1.639684047206614592e-01 -1.062056285038486259e-01 5.572999294745534238e-02 -5.199103292220714351e-02 5.721823667936990626e-02 -1.290154251351200154e-01 7.791590361309362611e-02 1.728685825798412234e-02 1.090683844391209245e-01 3.396549683499753280e-01 3.480860723220247643e-01 5.489729256598342433e-01 1.894511754373520707e-02 -7.245017583780857806e-02 -3.967154650301187718e-02 1.190236913759069731e-01 1.612217354870129904e-01 2.682484925055104649e-02 -1.478617067279365538e-01 -8.722184427488476055e-02 -6.371993501171242802e-02 8.786711313443851257e-02 1.033474622393637105e-01 -9.286931956259603105e-02 -5.678848035131298100e-02 2.539310828126967734e-01 -2.623346430168098653e-01 1.469605106218348223e-01 4.281024554421738321e-02 5.851215097618795574e-02 -1.647993968103650397e-02 -9.557151773842850750e-02 -1.344877512302336264e-01 -4.229878574675920849e-02 2.104212351020271765e-01 -1.037328550883760692e-01 1.308927528362310161e-02 -2.242389102391929151e-03 -1.273795012849534003e-01 -1.282360969200846690e-01 1.638675141491059417e-01 3.550505710636775447e-01 -4.485463448794702046e-02 1.824511993154876166e-01 4.811295067954514670e-01 6.343307931427786261e-01 5.927534109103188564e-01 1.185846936560320253e-01 3.422198579101679017e-01 1.954257625947259103e-01 1.345511801532401353e-01 1.629743117200154467e-01 6.746657701308740769e-03 1.370571116889484076e-01 2.385710648630754924e-02 -5.760437619784864599e-02 6.878646474103819464e-02 9.734987155984471674e-02 9.164658742661362101e-02 1.600816696304353803e-01 2.255113289759084483e-01 5.834678195341680418e-01 1.047952887688753665e-01 2.304450623863852354e-01 6.968257834416381746e-02 -8.220033193705640617e-02 8.209114810110426652e-02 -1.612622440737910279e-01 -7.845318640911494446e-02 8.538209014004474740e-02 1.930856312118071072e-01 -8.741896274834441705e-02 1.269782289365720129e-01 9.247918926751802840e-03 1.396536434038947172e-01 -3.363579496639037408e-02 -1.528742926660736079e-01 2.186783300094922444e-01 2.294705211139611567e-01 2.789797409984086651e-01 1.099886518784111977e-01 9.493624117421997632e-02 -2.931951911272588120e-03 9.282422937894523052e-02 2.830369120941970684e-01 3.774695396793284474e-02
1.160059380748063446e-01 7.375868811637409372e-02 2.752392976889485587e-01 -1.961019811389180245e-01 -2.126320982455449093e-01 1.884866829543323519e-01 7.416821022844803657e-02 1.625048748506241203e-01 3.025447677202052765e-01 9.741331652685568387e-02 -9.778627218437015156e-02 2.413670537679345196e-01 1.000000000000000000e+00 6.871375479423645904e-01 6.190949763501595315e-01 2.196554454073021412e-01 6.298928942376893492e-01 1.905480510925512683e-01 5.524455125750559192e-01 1.623315445130989743e-01 4.394960841109901706e-01 5.539188411958505531e-01 5.454628729642453377e-01 3.314103563944525987e-01 -1.588794441759993140e-02 4.362714016503678738e-01 5.347744542998056350e-01 4.841271519813086233e-01 4.821077456950815243e-01 6.481739062039375554e-01 4.822372958224630662e-02 -3.429084323489496322e-01 -3.921957944049142553e-01 4.102216254939093365e-01 4.942880222622125785e-01 1.014386084059787779e-01 1.153048193752558986e-01 -2.495536967556129804e-01 5.591636417381685986e-02 2.397386573572470592e-01 1.675313816721608895e-01 1.434793096688205816e-01 4.652661192278133573e-01 -1.312100532857144730e-01 3.320421088535830956e-01 4.520399723168765371e-01 3.805354506695695638e-01 3.813592748071866767e-01 -1.305926955269275935e-01 -4.136650386426625470e-02 -5.215695375242346971e-02 1.938390633781583994e-01 -3.361098094835347078e-02 -2.572866304409574534e-01 2.016451005704119059e-01 1.781256138510109999e-01 4.090198137462305178e-02 2.109166675785291989e-01 1.904493055643329824e-01 5.774995059307436868e-02 2.340919097602971177e-01 7.598699071021842721e-01 6.224866635051541364e-01 3.530873110230591805e-01 4.722391421587965321e-01 5.783089802937243507e-01 8.406516308097591872e-02 6.148287224449752175e-01 4.387135746423906357e-01 2.438155147003554235e-01 4.317715495392867586e-01 5.995004069791748380e-01 5.172520102097214467e-01 2.935286483845624961e-01 3.853320462107462929e-01 1.206953499650124523e-01 4.394858153726839967e-01 5.594592976460640577e-01 2.862329391383288540e-02 -4.412940188106186934e-01 3.299169460671725895e-01 1.708841676562454781e-01 4.053479786990832334e-01 5.750798435708470713e-01 6.095447286015539534e-01 4.105112438738574010e-01 1.631427738231680802e-01 4.644377521578236245e-01 1.587838058688189891e-01 2.288274684235706846e-01 -1.889475498064914494e-01 -4.090360030622707671e-02 2.398093213315470873e-01 2.235443609272155796e-02 3.780666940973569368e-01 -1.257885297037437122e-01 3.979466532785616573e-01 4.698472809142995588e-01 -1.021768224976904588e-01 -3.295795824515045103e-02
3.140332365378240564e-01 2.059877682136848909e-01 3.998792364082057182e-01 -7.284778873335907845e-02 -8.589287552512471502e-02 2.734588800723318225e-01 2.606991207513542630e-01 2.137568051025968696e-01 1.793028883834932308e-01 2.267387625527582037e-03 2.532392929985827212e-02 2.063827297236224545e-01 6.871375479423645904e-01 1.000000000000000000e+00 8.336892083278997223e-01 3.748637453237166905e-01 5.793408186925864678e-01 3.062826162810438069e-01 6.133786350540538779e-01 4.049618666944755363e-01 5.979023290234132260e-01 4.940439357836826084e-01 7.021508895750683266e-01 3.427499892422394834e-01 1.434816795585299029e-03 3.467662543714958301e-01 5.739403010985156817e-01 4.637353203105555877e-01 5.087744555300808269e-01 6.577552389862688642e-01 -8.219695338593260847e-02 -3.635515934881644040e-01 -4.311843598668551603e-01 4.719399337044826170e-01 4.417431747572339584e-01 3.010653288333599575e-01 2.366502473406748019e-01 -2.042346958420344361e-01 1.112291796042228081e-01 1.738384622427739667e-01 2.985060536521186303e-01 1.583726748808570450e-01 4.297328789969723783e-01 -1.318052996119692954e-01 3.301790918538633490e-01 6.136961820863804373e-01 5.474597966134593374e-01 6.081669147198136560e-01 1.194914189826633694e-01 9.122064508637488245e-02 1.240140950853513002e-01 3.254397947939360325e-01 -4.587941408276863253e-02 -2.777471071839115457e-01 3.806573919224366387e-01 2.938920649801621265e-01 1.107832181449054515e-01 1.666518352470620357e-01 2.351420130946625317e-02 4.827628104423932476e-02 1.972279838133720875e-01 6.679386638203538284e-01 6.358992757849258881e-01 6.083983469922770171e-01 6.793270250105029051e-01 7.465313321133552060e-01 1.710016827202576750e-01 6.990931510156913609e-01 3.832029728841295779e-01 2.560665735290714173e-01 5.661267479615587073e-01 5.648509855052711304e-01 5.949796189522723600e-01 2.762329913233102507e-01 2.133744845262825207e-01 6.093897743170303277e-02 5.254546661248494788e-01 6.333294247652776487e-01 -9.229990744859813134e-02 -4.958294942428986829e-01 1.426734902249203463e-01 9.073287435327194450e-02 3.777712275016692489e-01 5.355496122499764367e-01 5.808505474135752245e-01 5.032499548408279066e-01 3.042118741840686980e-01 4.558850790731752700e-01 3.107221585517124240e-01 1.069984405048464565e-01 -2.208650746110826513e-01 -3.420871110277180858e-03 2.078447055131260046e-01 9.658637810514392186e-02 2.544736161574118194e-01 -9.315206322838839870e-02 5.529221226116729504e-01 5.818328056765131873e-01 1.474271119116824791e-01 1.357871499050056496e-01
2.593471995299476696e-01 1.752660489970385704e-01 3.366713357437444154e-01 -7.599715659869031581e-02 -4.858552751213462972e-02 1.923205360407285458e-01 2.194673290990282466e-01 1.513999731388206427e-01 1.425747171076886255e-01 -3.306803914356949009e-02 3.775971031703003605e-02 1.639684047206614592e-01 6.190949763501595315e-01 8.336892083278997223e-01 1.000000000000000000e+00 2.645344921174835884e-01 5.337662804041337639e-01 2.228987700499417135e-01 5.649613765844812008e-01 4.896538109663666760e-01 5.647271668260448463e-01 4.023879380224365532e-01 6.116677637845460147e-01 3.969973344485575040e-01 -5.738609651750096324e-02 2.900196022659585204e-01 5.330253228757029227e-01 5.137303608844051572e-01 5.967375543238442326e-01 6.118348061968049700e-01 -1.236929401946187390e-01 -3.635141825476864708e-01 -4.098664977717283442e-01 3.559063157802999644e-01 3.466931552548566109e-01 3.097216955145032924e-01 3.281691765974613095e-01 -1.450548145479614304e-01 1.060773432044521403e-01 1.823591243408672902e-01 2.725442808875073730e-01 1.385937487839328519e-01 3.107867378407769832e-01 -5.484336591719422838e-02 2.775774583337514700e-01 5.622379191957915801e-01 4.528352528347410755e-01 5.163599524809724395e-01 1.112134188817076874e-01 1.471350522906876568e-01 6.294992171803548420e-02 2.324873529468298450e-01 -1.468787241427715884e-01 -2.855191278283032985e-01 3.055462344219573856e-01 2.087187391539466474e-01 4.769809921403664332e-02 1.474813442968024302e-01 1.409348941569472588e-02 8.056981922123139517e-02 2.241310920497628090e-01 5.779842754311920183e-01 5.681201036703641405e-01 5.756481166820309747e-01 6.522482929420810871e-01 8.097510785731397709e-01 1.253890230183601906e-01 5.690015837093038709e-01 2.576181738330325377e-01 1.675972080505250816e-01 5.933716434433581322e-01 4.583696805366025973e-01 4.884892192562381164e-01 2.919369173141916907e-01 2.038914435849158713e-01 1.140989854465988829e-02 5.633171057337534871e-01 6.321127990417578779e-01 -1.586983557056531879e-01 -4.921717605464872580e-01 1.230496568615994379e-01 7.243578674391948358e-02 3.010002314213729435e-01 4.158728473006405579e-01 5.249433680014321535e-01 4.208354298791894821e-01 3.652109181740388344e-01 4.388862907297212956e-01 4.024031829956380424e-01 2.167745383927317249e-01 -2.323534591368435764e-01 -6.904840149399388283e-02 2.416440015156691157e-01 4.343163480377482122e-02 1.823190068968766064e-01 1.062721790560584856e-02 5.003284766176157028e-01 4.885045560636719353e-01 9.035926764562213220e-02 2.058898705088598180e-01
