1.000000000000000000e+00 2.724474949268029245e-01 5.801714865227534101e-01 2.639922424426753567e-02 1.192092035188848237e-01 3.463644405585967756e-01 -5.049624923204886623e-02 -2.725368499361802491e-02 3.387249934315972322e-02 3.844098233103146467e-02 4.072887152521759146e-01 3.499003776574864943e-01 1.414156599655075341e-01 -2.462224002736203982e-02 -8.223643785212347845e-02 2.682264145440207970e-01 1.997736790536255580e-01 -5.501603847881073039e-02 1.070600329456076888e-01 -8.212163716474447928e-02 -7.424155079908636989e-02 5.871209661912373673e-02 -1.508742266293379430e-02 6.694089827254762204e-02 -1.244052518932949464e-01 2.769411744358221128e-01 -2.082025248562801301e-01 4.153764051651944733e-01 1.344939205310323460e-01 -1.504464494206497471e-01 -2.047629025401825342e-01 -1.291341982883141004e-01 2.779197232483054947e-02 -1.373189427791759731e-01 -1.477079160755336573e-01 -1.307572035590321216e-02 2.741527881738541755e-02 -4.806142994573357058e-02 -2.515471311225578321e-01 1.301449406535790110e-01 -2.000028808725893004e-01 1.998434658234591321e-01 -1.706406856868530608e-01 -3.070976759624080565e-01 -3.081244737465257399e-01 -2.144687136225950641e-01 -2.524059624352960052e-01 -1.096696393133633901e-01 3.643745337389756589e-01 1.481921245736302628e-01 5.437711014635941975e-01 3.906389318750956297e-01 1.271536532511731432e-01 2.736940215897725598e-02 3.084624739578319397e-01 4.284505816832547831e-01 1.788262861359459222e-01 1.801055561458208554e-01 -5.671204222647126952e-02 5.695770769775441167e-01 2.218008923480250250e-01 2.451701704910955737e-01 2.976347793526652741e-02 1.831592252620855565e-01 1.226840718695832860e-01 9.986460777395088362e-02 -4.375048270518008819e-02 3.014557615652018741e-01 4.411377890781065930e-02 8.251516426314318975e-02 1.145781969403890203e-02 -3.088850049969223393e-03 -1.369667031291468551e-01 1.786351779067964773e-01 2.625132822149204848e-01 4.108596039146177326e-01 1.145760751387530328e-02 -8.085404540236764206e-03 -4.487150454591341542e-01 -8.471719306219152590e-02 -1.300102440908208756e-01 -1.347184815784065182e-01 -4.680866437654734868e-01 -2.670735017517886778e-01 -3.825152127111820510e-01 -4.060101410113815534e-01 -1.633526137289667834e-01 -1.508182360740622022e-02 -7.506829309325814548e-02 -2.452511699296493486e-01 -1.980322684507079822e-01 -3.055920350564624299e-01 -9.323064779626481779e-02 -1.147617951649562706e-01 -2.800938280074998232e-01 -3.911463180843086640e-01 -3.673018232508737380e-01 -3.352012266722235734e-01 3.327766992929824807e-01 1.348368556793524686e-01
2.724474949268029245e-01 1.000000000000000000e+00 6.110412882529341339e-01 5.333794029089964361e-01 6.728117186220811119e-01 5.726315557541346024e-01 1.933973794051373485e-01 5.550796446081461832e-01 5.008030635804419095e-01 -3.793245051828642023e-02 1.027976225703033236e-01 1.568932949237419050e-01 1.871833375569041669e-01 1.009697567439263310e-01 -3.226181095327645271e-02 7.117658059007277993e-01 2.859700941466510327e-01 2.995959488790015390e-01 1.680675054478675545e-01 8.155174902600371978e-02 1.471972212706332273e-01 -1.087683552545277849e-01 4.355846665762681119e-02 -8.968025161321480088e-02 1.898469552691481321e-02 9.443924404638794068e-02 -8.618495713021841198e-02 -2.658798062478222590e-01 -2.308782962539490322e-02 -1.190578628344840378e-01 -4.316942992182700167e-01 -7.544804952304294543e-02 -6.683967348498018324e-02 -2.448608004689432349e-01 -3.322355044553458314e-01 2.825258939961624582e-01 -4.456289034996324672e-01 -2.122953421428739051e-01 -2.984500179975093648e-01 6.848163971934724537e-02 -5.607296427213467327e-01 -3.448277343748161194e-01 -4.982442875238903834e-01 -6.179477967194536570e-01 -4.727535720107260975e-01 -4.410175441832345777e-01 -4.446571199704842936e-01 -3.841183735189795390e-01 3.068000084699561841e-02 -4.560271081795133630e-01 4.594012514756046217e-01 7.472716815139887059e-01 5.630000019508671905e-01 3.588838495260659456e-01 5.660622471241282261e-01 4.872780454156701024e-01 5.517054061570287882e-01 6.429624006308847228e-01 2.311360714986476772e-02 2.272523154121215139e-01 1.403949722243161002e-01 2.213729616717918514e-01 2.178142560441514441e-01 2.977608151513473911e-01 2.423665456554044417e-01 -5.161182321487662455e-02 -2.813712360030398707e-01 3.807743024329877657e-01 1.977273111846742648e-01 4.731365014765193666e-01 3.297930296671336969e-01 -6.640312904518776149e-02 6.879332692916885483e-02 4.595990103481587680e-02 2.052086798959416314e-01 -3.254710492762472041e-02 -1.095275505832148805e-01 -3.986878902786655798e-02 -4.632293702390041790e-01 -2.220789856339587531e-01 -2.847293888881268220e-01 -5.402645190056402091e-01 -5.417828213279295424e-01 -2.849755446496008982e-01 -1.378696541631243000e-01 -5.209709341861171739e-01 -4.145603959050516152e-01 -4.198412957988226779e-01 -3.314426941752501854e-01 -6.201626989903892273e-01 -3.736690253627066305e-01 3.231898294441307162e-02 -1.832027264118071819e-01 -5.112839594348280725e-01 -4.848331074604306234e-01 -5.923598023597748119e-01 -3.201332553940778869e-01 -4.756823407003785698e-01 -1.870407023516711120e-02 -4.317881839084220519e-01
5.801714865227534101e-01 6.110412882529341339e-01 1.000000000000000000e+00 3.955022863557590695e-01 4.448460247920091870e-01 7.611955900565238187e-01 2.522265042964102477e-01 5.098228686515974273e-01 5.210212500113324818e-01 -4.960771907392973190e-02 3.468415217104155457e-01 3.212836798468885480e-01 2.521469864847563080e-01 2.603685115341036749e-01 1.130088049400171518e-01 4.848419332455334851e-01 3.887433610638895698e-01 3.066829095458591392e-01 3.638921849870214165e-01 -9.754889649119196857e-03 1.970975698943513155e-01 -1.211883942656919733e-01 2.222182580479948877e-01 1.248877659942288360e-01 -2.676102263361386235e-01 1.481393459339679086e-01 -2.112956687357187835e-01 1.536926819427176516e-01 7.853617362175574490e-02 7.880459273401639597e-02 -3.560859898334328144e-01 -2.393745269118698338e-01 -3.186506820256088113e-02 -6.258257462608901589e-02 -3.563607634668931601e-01 2.045783219151312837e-01 -2.851398627614197823e-01 -1.939579821354980027e-01 -3.824154266705869776e-01 1.480066361800536079e-01 -3.346280750246302116e-01 -1.130250434925403891e-01 -4.824111909842228596e-01 -5.492062907776227298e-01 -5.151611742475622480e-01 -4.147749027863312232e-01 -4.002323257306547033e-01 -3.288676989016248164e-01 3.210875766763555683e-01 -1.691438314007736310e-01 4.852217266928540718e-01 7.535444601251922725e-01 4.673758569066736590e-01 4.321722573544107826e-01 7.065888189805252795e-01 7.106747650168533381e-01 5.886206514255405420e-01 5.651114528801829406e-01 -2.227848136620544373e-02 5.073475334365958878e-01 2.463752215879594920e-01 3.176916892903875467e-01 2.335504480026872609e-01 3.180332708001897268e-01 3.416054631757168836e-01 1.638080656584039729e-01 -1.143325561214525027e-01 4.538588071258344847e-01 1.969697794510752997e-01 2.280113839636819240e-01 1.861087247297592284e-01 -1.627180239137447360e-01 1.145402943813400298e-01 1.251511598286514648e-01 3.174979917917472583e-01 1.844932926253371186e-01 -2.951123265988339628e-02 1.257154440800458128e-01 -5.462961187420654063e-01 -1.014581136672252915e-01 -2.542399189071173904e-01 -4.937541272516666746e-01 -5.414449247965393841e-01 -4.366813032386026583e-01 -2.977839781387422446e-01 -5.272802890262530129e-01 -4.239061656543101075e-01 -2.784279175178106525e-01 -2.429792786993911491e-01 -5.009526366824810228e-01 -2.936399119099910582e-01 -2.988883449693788275e-01 -2.996889160725021983e-01 -4.823112277558093131e-01 -5.479862282985903388e-01 -5.637770519832260296e-01 -4.886083957066629790e-01 -4.976428569377327471e-01 1.968604008012616036e-01 -1.990091453041666625e-01
2.639922424426753567e-02 5.333794029089964361e-01 3.955022863557590695e-01 1.000000000000000000e+00 6.604639111014878328e-01 4.111590146391191913e-01 3.836426088329567552e-01 5.425162981088480496e-01 4.683620853169224718e-01 -1.063748992649493630e-01 7.410609069930519655e-02 1.138594585915798651e-01 2.589075764144292968e-01 3.428300168390544522e-01 2.038071028093483561e-01 4.338422803945059525e-01 2.800772109373563801e-01 3.937634473138051372e-01 2.848986855052416112e-01 5.682666935758023258e-02 2.327341448680584624e-01 -7.492695390977383019e-02 2.643729676073175439e-01 1.110078639703794695e-01 -1.789654545533761187e-01 1.067398216245104697e-01 -1.155478901450421175e-01 -2.221115554387282087e-01 2.178208346496390835e-02 2.349640806780178559e-01 -4.364600902421751361e-01 2.901739921078184264e-02 -5.545773193702061704e-02 -1.592687225016935215e-02 -2.690344939932713952e-01 1.275958615609604219e-01 -4.184699022018426584e-01 -2.144789975748463973e-01 -2.478000540620627357e-01 2.316101468867269308e-01 -2.564405150185219417e-01 -4.365233157811853615e-01 -5.155524980754432329e-01 -5.186646532496362871e-01 -4.363583360781874143e-01 -4.606184534973148392e-01 -3.008891935174553556e-01 -3.609478528990268109e-01 -1.355096022920521392e-01 -3.630499968972633607e-01 2.415909205312126162e-01 5.195594886480469077e-01 5.644786522770629533e-01 7.255264446714699833e-01 4.244429285861352485e-01 2.684404641502748379e-01 4.925989709538267092e-01 4.387552098628216823e-01 -1.763232508936416615e-02 5.250338660159479393e-02 9.718274931958278962e-02 2.110648462339536069e-01 2.572769991527442679e-01 2.423690861775754657e-01 2.780678191166454094e-01 1.068416488503105416e-01 -1.377953746022725356e-01 2.470699715792422924e-01 1.364669081236445092e-01 2.055986318447791672e-01 2.601169791195706571e-01 -1.336417273213059698e-01 2.131759719666232733e-01 4.458157260958785228e-02 1.123597358868534402e-01 -1.184327895255676555e-01 -8.842060683668909182e-02 1.439478325818824012e-01 -3.039085177229058909e-01 1.083268063166539646e-01 -2.190214184079538606e-01 -5.346629776631265374e-01 -3.759416754838285080e-01 -3.142065552597366196e-01 -1.086176280982357328e-01 -3.798815062898124872e-01 -3.653821208469068549e-01 -4.184668730058148656e-01 -3.929987843683190873e-01 -4.909787532401735377e-01 -2.748635523741580489e-01 -1.458845416058392463e-01 -3.342445161651059760e-01 -5.718901272626912835e-01 -5.624159291266545013e-01 -4.784676040940413211e-01 -3.781166400374771919e-01 -4.360581839286298833e-01 -1.834843884452878604e-01 -3.764699732388032682e-01
1.192092035188848237e-01 6.728117186220811119e-01 4.448460247920091870e-01 6.604639111014878328e-01 1.000000000000000000e+00 4.443919082237302032e-01 1.691467926386043263e-01 4.095014334873264827e-01 3.956257440827020133e-01 8.689085680382674370e-02 1.266544393518348188e-01 1.753650340527334317e-01 1.928751783394319907e-01 1.570095266773135212e-01 2.575109504093467047e-02 4.675244573829597794e-01 1.828045576170568010e-01 2.280661453983512665e-01 1.463540457424548635e-01 7.881096165685791410e-02 1.787972396006635156e-01 -9.569023538078338942e-02 9.312717830582115108e-02 7.571634965958852492e-02 -5.168590746682232354e-03 1.965056405252058325e-01 -5.712544138717316755e-02 -1.983606649425365687e-01 5.912980142503802827e-02 1.293225072458424434e-02 -4.557038001366312541e-01 -6.388934145475090587e-02 -7.954916610212660333e-02 -1.746086103546104218e-01 -2.499961435457069836e-01 1.026207239468614335e-01 -4.037663844439198235e-01 -2.587140393709722042e-01 -2.857800510749811673e-01 1.014231384851146806e-01 -3.581352797766156892e-01 -3.509415244205215667e-01 -4.535848985882490192e-01 -5.618263065136430701e-01 -3.984240182068631286e-01 -4.500427112347838987e-01 -3.631246730468371542e-01 -3.771193726437192528e-01 -8.215013169879410715e-02 -3.683241525186892185e-01 2.880010340884831543e-01 5.295625635031709910e-01 3.765352035637895001e-01 4.878171091813981453e-01 5.198056395811686548e-01 2.921534265838281463e-01 3.420636165995218358e-01 4.445820310403419962e-01 9.057212725567963252e-02 1.358421657471106103e-01 1.931204304581596864e-01 1.934333569457465374e-01 2.092449693229970764e-01 1.684021931804351446e-01 2.026805712325077946e-01 -1.478954725591295587e-02 -3.145027006262087754e-01 2.660156627738429758e-01 1.622296019996973260e-01 2.536629300031219003e-01 3.278641925604547924e-01 -4.611274256013357664e-02 8.757301156491888172e-02 1.348946009928605333e-02 1.716990507700014712e-01 2.302553202317330489e-02 -3.563617139446024346e-02 1.144607719007508101e-01 -4.513220099316295753e-01 -1.987026184931396100e-01 -1.738517518088881497e-01 -4.631874647077869334e-01 -4.454169194947664168e-01 -2.556579385496392520e-01 -7.851544409537453140e-02 -4.146291660736380336e-01 -3.663546084567645966e-01 -3.297323406499621523e-01 -3.469008812989392565e-01 -4.951914321207080416e-01 -4.105239782760324863e-01 -3.765368954771025622e-02 -2.323100549078254140e-01 -4.577586819369011129e-01 -4.347967003008140208e-01 -5.347992284279491360e-01 -3.445716204709560193e-01 -4.244980435678933350e-01 -1.325233964875753845e-01 -3.497142627724925679e-01
3.463644405585967756e-01 5.726315557541346024e-01 7.611955900565238187e-01 4.111590146391191913e-01 4.443919082237302032e-01 1.000000000000000000e+00 3.436921798974382214e-01 6.066290564028441468e-01 6.421763332500992627e-01 -6.742031102137914338e-03 2.963797575365713088e-01 3.010146003743869314e-01 2.822577700314656823e-01 2.839851391893320476e-01 1.648917046460390556e-01 4.096078213023876535e-01 4.032162485155763032e-01 3.139259964058702113e-01 3.713312950766922138e-01 7.631296015233279828e-02 2.620158478587542583e-01 -1.549585365455941333e-01 1.925776023164640360e-01 1.567093675602889147e-01 -1.427790097883718246e-01 1.380535110804250454e-01 -2.108480813828004230e-01 1.732940561786881772e-02 1.002426449122779673e-01 1.406281680289437896e-01 -3.358627389996195478e-01 -1.555162151072926324e-01 -5.670981785783726914e-02 -7.411824497798080724e-02 -3.826599269536562486e-01 2.932397044751485771e-01 -3.191830004861140324e-01 -1.644995014550366674e-01 -3.181132427044570110e-01 1.776682488996444154e-01 -3.043745699337456201e-01 -1.583224370910130407e-01 -4.812640022139252349e-01 -4.977078715009482512e-01 -4.805975332768623320e-01 -4.370264144467579381e-01 -4.073235693701705018e-01 -3.457091864758686794e-01 3.698612414512190139e-01 -2.035595224386331226e-01 3.683233343752149169e-01 6.728702445665184495e-01 4.734025612099291846e-01 4.353345066633607097e-01 7.080130105437043575e-01 7.518270205654551397e-01 6.192913233538763773e-01 5.996497184565763305e-01 3.387513551265647349e-02 3.552623737228108314e-01 2.272595854863832809e-01 2.604966629223289254e-01 2.580437856011920661e-01 3.061657435677535566e-01 3.462761408049426226e-01 1.522412704977932907e-01 -9.831370481860141064e-02 3.998044899931865737e-01 1.518791142830780427e-01 1.767104123582630137e-01 2.266349666589686784e-01 -2.135018147536457134e-01 1.337460649772026222e-01 5.979682550916982225e-02 2.535611197378054293e-01 5.932505586028261751e-02 -2.903693253838346075e-02 1.546677034295409481e-01 -4.547982631471614856e-01 -6.393200535123527706e-02 -3.159943455385122446e-01 -5.595059673124056498e-01 -5.059245612822117488e-01 -4.491398983932307076e-01 -2.660729205553523657e-01 -5.091660069833897628e-01 -3.886184445917414410e-01 -3.178056966404390615e-01 -2.243303892267000110e-01 -5.069043800227183150e-01 -3.064108470854735589e-01 -1.494115771692473560e-01 -3.035549650004408240e-01 -4.818929380059079892e-01 -5.482383737543519153e-01 -5.134161034789260780e-01 -4.681948399452677823e-01 -4.690605027341561151e-01 2.301137609216063196e-01 -2.280169622460071210e-01
-5.049624923204886623e-02 1.933973794051373485e-01 2.522265042964102477e-01 3.836426088329567552e-01 1.691467926386043263e-01 3.436921798974382214e-01 1.000000000000000000e+00 5.867504468119765226e-01 4.498768269553420907e-01 -1.940439220488979211e-02 -5.650940078732954314e-02 -1.474358228272289184e-01 9.768792366431083840e-02 2.164652697049641028e-01 1.505237255126698759e-01 2.957410640517818545e-01 1.934804691360901552e-01 5.058384274818915616e-01 1.947628212503967338e-01 2.369360966088932541e-01 2.051902776600651734e-01 -4.061524362231725555e-02 3.882363760921990203e-01 1.341139318711261907e-01 -1.832736465043313667e-01 -2.853069804964902256e-01 -1.469579509171607401e-01 -1.124286712187348020e-01 -2.999800051005930765e-02 2.014562489006245793e-01 -1.216696383789355775e-02 1.570953293709576731e-02 1.643678917238124426e-01 2.375507800707460093e-01 -1.975101731096119972e-01 2.440786689258973297e-01 -1.702355569585604911e-01 2.841918689453439006e-02 8.629994660405024276e-02 4.876668882691467810e-01 7.158856620658739234e-02 -1.453755511843006776e-01 -2.669636421378112634e-01 -1.730405218065898254e-01 -1.612782341037171108e-01 -2.184748476117941429e-01 -1.406874752011802801e-02 -3.268854929646636265e-02 1.555551537733945722e-01 -1.809516455164822124e-01 -8.358591777239961218e-02 2.306981828109093968e-01 3.991931130074891088e-01 3.188592929235103957e-01 2.194216169676726780e-01 2.427168434097007332e-01 4.698935840137011821e-01 3.309105074972875093e-01 5.840033191430445830e-02 -3.116632823320496584e-02 -5.023406041465790228e-02 1.517103114768982297e-01 1.109965369931373569e-01 1.132184987977228607e-01 2.136683320816362419e-01 1.699996148534519413e-01 2.966706337285780481e-01 5.883984656506527355e-02 6.437729212461147654e-02 1.056689427510843077e-01 1.276061165919127049e-01 -1.514167770292714765e-01 2.475632526116006149e-01 2.305039952640109691e-01 6.990990042405287319e-02 -1.731025743687429619e-01 6.765953636010509087e-02 1.213693396614516223e-01 5.972630693407741422e-03 1.350932055756183525e-01 -1.778206487245682643e-01 -2.840932990480622977e-01 -1.268770859980770938e-01 -2.546524608384522215e-01 -1.120950421148658588e-01 -1.636498109351660624e-01 -1.693273353447336815e-01 -1.895013131493382685e-01 -1.638633448161819217e-01 -1.854529717371984354e-01 -9.870757821331757609e-02 -1.972049849597743154e-01 -6.137531503919600728e-02 -3.579058755474958664e-01 -3.414271109478509425e-01 -1.105785621453814066e-01 -2.061123387553992770e-01 -1.938015432881451949e-01 -1.395136962929902254e-02 -2.729529792304727365e-01
-2.725368499361802491e-02 5.550796446081461832e-01 5.098228686515974273e-01 5.425162981088480496e-01 4.095014334873264827e-01 6.066290564028441468e-01 5.867504468119765226e-01 1.000000000000000000e+00 8.093391008779868834e-01 -9.960206216422180792e-02 1.132561907961070896e-01 1.204226489784236270e-01 2.993037557872364474e-01 3.547373359119675440e-01 2.611404780201485032e-01 4.229739985851544426e-01 3.940434184039359744e-01 6.506578420506100580e-01 3.601283521801276200e-01 2.834103527139523182e-01 4.675001265135730888e-01 -1.321781591707926473e-01 3.548415350480827457e-01 1.457710762946663186e-01 -1.695953070161287379e-01 -7.462331232928981484e-02 -1.489799673519517920e-01 -2.251845760512484473e-01 -1.249331922750204597e-02 2.501827805058546850e-01 -2.798265438502124947e-01 -1.530555394773608635e-01 -2.875116685117816082e-02 5.350970651921468230e-02 -3.717194974387086903e-01 4.753438646711185545e-01 -5.005123256096101203e-01 -1.876895666691316689e-01 -1.990115585866502612e-01 2.298529846050821612e-01 -3.244615624983755997e-01 -4.126805916789779149e-01 -5.192857893976837724e-01 -4.704149056463038936e-01 -3.944055930702607404e-01 -3.822152773629684530e-01 -3.396883829422872036e-01 -2.675232990566776548e-01 1.057713757425502582e-02 -4.922537760737168422e-01 4.878725596078337806e-02 5.439809688141319377e-01 6.047477841547409527e-01 4.892639503356815411e-01 4.435507197591738726e-01 4.635719031637874354e-01 7.650717380143763346e-01 7.367894606718122796e-01 7.014377120890247230e-02 1.295111930136079448e-01 1.769420634634790712e-01 3.324510976295489417e-01 3.523595643206128281e-01 3.871000107506603061e-01 4.791891685486215913e-01 2.101802088681037906e-01 -4.237615618101963494e-02 3.360665272666807923e-01 2.487746659795149751e-01 3.769251803790371613e-01 4.239694928106341743e-01 -1.591471208182020369e-01 3.812202718709239435e-01 -2.222060696537317935e-03 2.591140654144064026e-01 -1.604440056457459851e-01 -2.462336284310861004e-02 1.732864092983786852e-01 -2.443677570255116949e-01 -2.582293597339611890e-02 -3.588857707554393706e-01 -6.112542063793997560e-01 -2.991299471863180792e-01 -3.285587827573321351e-01 -2.295120945038127067e-02 -4.127606931957554237e-01 -4.824547638294627294e-01 -3.045876675225743790e-01 -3.928006791442344436e-01 -5.920022056860955173e-01 -2.729585642632090803e-01 -1.336525140592035865e-01 -3.534978277297886606e-01 -6.260116443719762058e-01 -5.664374180987177265e-01 -3.519307915665798037e-01 -2.721317212926639417e-01 -3.786066409003383537e-01 -1.478239247058850958e-01 -5.672090410314138964e-01
3.387249934315972322e-02 5.008030635804419095e-01 5.210212500113324818e-01 4.683620853169224718e-01 3.956257440827020133e-01 6.421763332500992627e-01 4.498768269553420907e-01 8.093391008779868834e-01 1.000000000000000000e+00 -2.612230914695225920e-02 1.436471318084057147e-01 1.883244342063141452e-01 3.445627016576272572e-01 3.850890112452745595e-01 3.062822835193218518e-01 3.184953492828222488e-01 3.246893671285360772e-01 5.002433781292472403e-01 3.681462121533550236e-01 2.452253680077017550e-01 4.527002568896789092e-01 -2.479820777487320715e-01 3.403428808247547233e-01 9.716895601436627283e-02 -2.085506601823625961e-01 -8.937750339294726898e-02 -1.962754875839882174e-01 -1.653956531520693607e-01 -1.769411275478008708e-02 2.414848995768353601e-01 -2.526663154975989367e-01 -1.602142396566155480e-01 -6.689198392611435395e-02 -3.788362333995542314e-02 -4.266916538028128203e-01 4.611917375350459425e-01 -4.886463821862414569e-01 -2.006031372529638590e-01 -2.542888265481846322e-01 2.323013955606794689e-01 -3.233688808321060204e-01 -3.550300283861677064e-01 -5.407235636464839956e-01 -4.735588672326959125e-01 -3.986375078994212617e-01 -3.914738709232929437e-01 -3.768960458132182834e-01 -3.292107434164676660e-01 7.655701936801335983e-02 -4.105135713226950589e-01 1.060538214659605266e-01 5.381863480695840973e-01 5.699018114803700019e-01 5.084918451696086583e-01 4.986907393944690625e-01 5.546085682789618776e-01 7.214481022925214315e-01 7.782762157344247367e-01 6.900769988706692559e-02 1.851795583682854796e-01 1.677779489648722200e-01 3.565869873505977394e-01 3.380726379812146742e-01 4.279482971564192439e-01 5.300868677594581246e-01 2.435108136913546051e-01 -9.695071704590617345e-02 3.441082438310453795e-01 2.254654609293353651e-01 2.657247548291442607e-01 4.188900745202228659e-01 -2.341758142778836149e-01 3.766728562723224427e-01 6.886648990527327596e-02 2.345255664266522044e-01 -1.472484347897850820e-01 -5.692910248871260043e-02 1.416410319967182363e-01 -2.919813175975692343e-01 -1.254521554066224606e-02 -3.640755487477044805e-01 -6.087164234304820454e-01 -3.414868872458231563e-01 -3.964185463099307305e-01 -1.111635157058236956e-01 -4.646338157218265486e-01 -4.906923355909829088e-01 -3.582625481785666199e-01 -3.517726620899626622e-01 -5.672689733815750035e-01 -3.066917000081169631e-01 -1.559999976851768888e-01 -2.925519665996806351e-01 -5.913510833893531604e-01 -5.546664226148375620e-01 -3.979845306961404816e-01 -3.281145973205710775e-01 -4.106189725565499993e-01 -8.134046356306487424e-02 -4.636884113015775633e-01
3.844098233103146467e-02 -3.793245051828642023e-02 -4.960771907392973190e-02 -1.063748992649493630e-01 8.689085680382674370e-02 -6.742031102137914338e-03 -1.940439220488979211e-02 -9.960206216422180792e-02 -2.612230914695225920e-02 1.000000000000000000e+00 2.095526097232311147e-01 3.493701951655410753e-01 -1.505613942454663567e-01 -4.311442654211409403e-02 -5.293947989262656056e-02 -1.104943962133988350e-01 -1.757750457752768336e-01 -2.034590102463569861e-01 -2.050748808408216495e-01 -1.840566660451213310e-01 4.492084952668789696e-03 -2.654999642813991589e-01 -1.260108498042952219e-01 1.456818195864938437e-01 2.483619877324379221e-01 4.601193080510872224e-02 -2.720250247792165288e-01 1.779548088228216918e-01 2.241841302285807122e-03 -3.302065840780856604e-02 7.284112558045824359e-02 -1.025517572833508501e-02 -3.505317059885081684e-03 -3.329068790880853057e-01 -2.922993852915904411e-01 -1.837330060601893578e-01 -1.024883075108548175e-01 -2.139410936675235908e-02 -2.315454698128973851e-02 1.251987608738026891e-01 -3.148145008502612474e-01 1.121482700525345960e-01 -1.700054161475520742e-01 -2.052541952218019383e-01 -1.768210159586201258e-01 -2.806317280116481516e-01 -3.566292545140291592e-01 -2.573162552963483285e-01 -2.170066562873151639e-01 -2.812856154186275659e-01 -4.771746161959060373e-02 -1.224269207855429586e-01 -1.776086497522497420e-01 -1.849102961592481720e-01 1.544720917532792920e-02 -7.148184804529317260e-02 -7.141276399824575405e-02 -1.393775794860735266e-02 6.296051554899306790e-01 1.564636228494481751e-01 3.011489016011014708e-01 -7.950165294344582745e-02 -3.824090037151384180e-02 -1.519513550403635005e-01 -1.449179052200629675e-02 1.291873276009520080e-02 1.774746240699965616e-01 -5.917472202434989614e-02 -1.064105418618394375e-02 3.717262054531637167e-04 4.151935724012196377e-02 5.128732353454832499e-02 6.718980212211519976e-02 3.091722737472089033e-01 3.103401985779692951e-01 3.805524267142151862e-01 2.404631820276020293e-01 2.100661591591636013e-01 6.340090669002011736e-02 -1.463297617845729370e-01 7.059266213321313543e-02 5.218917781893358393e-02 -9.084896122850504019e-02 3.922384262451693998e-02 -4.177895767235080549e-02 -1.860712234996866055e-01 -9.162552860138546695e-02 5.305522216456486084e-02 -1.132645265784733152e-01 -5.857805928091455727e-02 -1.739009584139453168e-01 9.038631922423760734e-02 2.789483082341421283e-01 6.981225071079137645e-02 1.335925317487290931e-01 -1.863082558729124705e-01 -1.731600469987649160e-01 -1.905513459068098880e-01 -8.983740946911557279e-02 -1.833984289428491898e-01
4.072887152521759146e-01 1.027976225703033236e-01 3.468415217104155457e-01 7.410609069930519655e-02 1.266544393518348188e-01 2.963797575365713088e-01 -5.650940078732954314e-02 1.132561907961070896e-01 1.436471318084057147e-01 2.095526097232311147e-01 1.000000000000000000e+00 6.354451025315832613e-01 3.261490778152759673e-01 2.442360668622750863e-01 2.058549149899128183e-01 2.760949196290025248e-02 2.080443652965537071e-01 -4.926830425291686688e-02 2.105573959880628065e-01 -1.187606427439425877e-01 2.362826333005718094e-01 -4.815976678650667892e-02 3.379135941922813136e-02 3.638087912925370149e-01 1.091762277375508960e-01 4.541642920212760060e-01 -2.184271834671641932e-01 2.571539843903759559e-01 2.347678244213055876e-01 1.640386331211085846e-01 -2.722340415067007746e-01 -1.360000419035685693e-01 -1.346042878948701116e-01 -2.274180850003277299e-01 -2.566925853217476572e-01 -1.311257835493510604e-01 -1.805773471338647240e-01 -5.642944674893849571e-02 -1.443729861823906113e-01 1.248229378811577944e-01 -2.492247437263284127e-01 6.373994692419168717e-02 -1.805959460983172227e-01 -3.265041450498636366e-01 -3.620055165794752172e-01 -2.456868119672932504e-01 -3.233783494921584345e-01 -2.346415314314530820e-01 5.192354319714909822e-02 -1.085512962177417884e-01 2.234494360860980466e-01 2.049833767222583869e-01 6.816297711679195070e-02 7.046806453486424704e-02 2.388586151804394098e-01 2.882740147494682881e-01 1.619556149213800256e-01 1.667916302318369626e-01 2.269662008011550380e-01 6.507504535260707490e-01 4.902229631904845841e-01 3.639397445081720139e-01 2.012097332150927786e-01 2.056728462026631010e-01 2.277007146543546245e-01 2.940795786592980687e-01 -9.907881550855413000e-02 3.057806024805103107e-01 1.110132506821633752e-02 -4.744177109642837981e-02 1.108661901944119621e-01 9.727121570734219291e-02 7.478564420976974159e-02 1.331306064021404723e-01 3.927062942331877027e-01 4.216454741137041218e-01 1.578168445640911188e-01 2.509975364229916628e-01 -3.306117700228894396e-01 -1.000482685978248965e-01 -2.130620413099202082e-01 -2.644433180693207541e-01 -4.040487976221347477e-01 -2.641593476354343051e-01 -2.505504167863398246e-01 -3.848859705870356085e-01 -2.651239107828154418e-01 5.585678351255403407e-02 -2.674365338209268583e-01 -2.524453015146947976e-01 -1.955851384857996977e-01 -4.781777613364296409e-02 -1.011361545515305216e-01 -1.440100115563297811e-01 -1.767148768832806083e-01 -3.105707083318950401e-01 -2.733404371731540938e-01 -3.091932890260312705e-01 7.964534844301981997e-02 -8.735028702403904721e-02
3.499003776574864943e-01 1.568932949237419050e-01 3.212836798468885480e-01 1.138594585915798651e-01 1.753650340527334317e-01 3.010146003743869314e-01 -1.474358228272289184e-01 1.204226489784236270e-01 1.883244342063141452e-01 3.493701951655410753e-01 6.354451025315832613e-01 1.000000000000000000e+00 3.515317648631738900e-01 2.122886376979487566e-01 1.555335762620709827e-01 -7.966949970009866780e-03 3.516516954708560627e-01 -6.643583259346377487e-03 2.209993414591378269e-01 -1.173146098981085461e-01 2.234457546594175448e-01 -3.602869106142665007e-02 1.483572511484641983e-02 4.649660835602265063e-01 8.577871714656731816e-02 6.215126607617814658e-01 -1.896974478897403005e-01 4.102767064607943381e-01 2.293914297789419188e-01 2.385925113417321219e-01 -3.168103291219626083e-01 -1.505845491323749841e-01 -2.446251995968378723e-01 -1.869831450967017472e-01 -2.354264560856527133e-01 -2.947610453364829866e-02 -1.786756265914510311e-01 -2.026448015647199508e-01 -2.694283141613339483e-01 2.602547504784076537e-02 -4.101025085965134820e-01 5.950618312129699007e-04 -2.686186473786200124e-01 -3.823917971268835370e-01 -4.474676314788629261e-01 -3.791444440980878405e-01 -4.758307637797004608e-01 -3.653095782762374455e-01 -3.696065171726117121e-02 -2.253286283479543350e-01 1.983463696875081839e-01 1.826561836186509635e-01 8.126580517695521436e-03 4.863940915911822704e-02 2.778398513783678081e-01 2.822347149128914268e-01 1.579817216175000150e-01 2.373162173732999702e-01 3.221932634584236954e-01 5.923155461615645656e-01 7.192298961905182475e-01 3.553398217700936002e-01 2.980458995989910820e-01 1.595358791534941534e-01 2.981519329037203292e-01 2.417379419519080919e-01 -1.361056432161253660e-01 3.784506958381163577e-01 1.851237999466628370e-01 3.658533692197190462e-02 1.784891870975889028e-01 1.885656607983549893e-01 1.086962554801792213e-01 6.402811575950265177e-02 5.940839696242141699e-01 6.081829713487878486e-01 2.367994764832903332e-01 4.667241077866680077e-01 -3.831982953422038429e-01 -1.044332862064556999e-01 -6.880910597881496893e-02 -2.732117849462135095e-01 -3.810497343950783877e-01 -1.123903216590596554e-01 -7.963579654444277733e-02 -3.597747817820385330e-01 -2.634326222930327144e-01 1.202314979623927832e-01 -3.070440597972827201e-01 -3.379468182831152911e-01 -2.637374821818594395e-01 -6.077143568967528775e-02 -1.613540001981048078e-01 -1.916513974610611348e-01 -1.747868405679711690e-01 -3.666234378918775683e-01 -3.530567098298050821e-01 -4.184747432457304739e-01 1.939887748571242354e-02 -1.566556570405605309e-01
1.414156599655075341e-01 1.871833375569041669e-01 2.521469864847563080e-01 2.589075764144292968e-01 1.928751783394319907e-01 2.822577700314656823e-01 9.768792366431083840e-02 2.993037557872364474e-01 3.445627016576272572e-01 -1.505613942454663567e-01 3.261490778152759673e-01 3.515317648631738900e-01 1.000000000000000000e+00 4.292364129530612527e-01 2.937269257115454613e-01 7.672942486082409003e-03 4.800875679584055145e-01 2.094671876813233857e-01 3.776458360134696268e-01 4.856550072875135543e-02 3.068791747113743806e-01 1.233796887292875344e-01 1.123847176550710758e-01 1.175756244712096443e-01 -6.160942893178884827e-02 1.667431697272405422e-01 -6.019217181576173858e-02 -2.250338718407377675e-02 1.557336710486250664e-01 2.386102812733801870e-01 -2.816869411402943002e-01 6.633342174843949446e-02 -1.659378758285640354e-01 1.526582274862111981e-04 -1.128853625365147662e-01 5.869682355963097564e-02 -3.053557738957918821e-01 -6.283324945491339242e-02 -2.329770834858230222e-01 4.938353613455451208e-02 -1.145286184436111188e-01 -2.065461365510692371e-01 -1.721728933052179555e-01 -2.149877170418585115e-01 -2.599570014400294227e-01 -1.886254201442495171e-01 -1.860620619960330069e-01 -1.862554489381961220e-01 3.613245233591513839e-02 -8.863908298162720412e-02 1.488841170874000697e-01 2.386417858961346339e-01 2.168557257258013071e-01 2.834235955578569000e-01 1.934351440614593964e-01 3.071713730475597037e-01 3.265434505912079843e-01 3.177558262676772882e-01 -1.617026623484115466e-01 3.244374742437232118e-01 2.842677137295177014e-01 7.272931482991066288e-01 4.215555606382830334e-01 4.132153234856138502e-01 3.569320002197850505e-01 3.055061413609925780e-01 -2.188859229101884907e-01 4.387437994716205658e-01 1.179478773730727181e-01 6.892253858318483917e-02 2.226907729526265978e-01 4.666549383635251042e-02 1.592030691017106148e-01 -1.526992973075223803e-01 1.870856140737950091e-01 -2.578871142012231776e-02 -1.068580129080368007e-01 9.424774628270359000e-02 -3.201901638274153306e-01 4.302927194262653326e-02 -2.936893568100890084e-01 -3.790605434730722756e-01 -2.992862852262118678e-01 -2.666610055193107676e-01 -1.446260535997733743e-01 -2.819124936479129317e-01 -2.994884725928119162e-01 -2.055403445209863234e-01 -2.777777141545711426e-01 -3.296967067082561820e-01 -1.380341122785002372e-01 -3.252321584599572601e-02 -3.186316175327852385e-01 -2.544180757136869642e-01 -3.238456387814003801e-01 -2.149803405832465819e-01 -1.847672588485105294e-01 -2.833937914784759871e-01 -1.535047695806043486e-02 -1.016769153274185711e-01
-2.462224002736203982e-02 1.009697567439263310e-01 2.603685115341036749e-01 3.428300168390544522e-01 1.570095266773135212e-01 2.839851391893320476e-01 2.164652697049641028e-01 3.547373359119675440e-01 3.850890112452745595e-01 -4.311442654211409403e-02 2.442360668622750863e-01 2.122886376979487566e-01 4.292364129530612527e-01 1.000000000000000000e+00 6.413402504474602361e-01 2.234404457389135151e-02 3.409550510795826272e-01 3.447862770542885480e-01 5.634828123572337422e-01 4.257468028358630391e-02 4.945367466401490719e-01 -6.052125988018774994e-02 4.072862290139526165e-01 1.034261895407720261e-01 -2.291726073648719109e-01 -7.326427291891139670e-02 -1.594284169747386681e-01 -7.924319651166165934e-02 1.348870248868809518e-01 5.627191420299846314e-01 -5.527935384841204530e-02 -3.818280060927388420e-02 -1.462287493485384116e-01 1.250514463519842856e-01 -2.965420568939118318e-01 -4.114122476989929417e-02 -2.952120917650103982e-01 -9.902970583990564069e-02 -2.396956935657864329e-01 1.256935616702211933e-01 -6.783926439721325863e-02 -2.379676212911388256e-01 -3.300331822258698589e-01 -1.896160435857420778e-01 -2.586087710251827598e-01 -1.883527803136370027e-01 -7.900825908180279800e-02 -1.888370992141730764e-01 -2.906301296020823849e-02 -1.499621546178144527e-01 1.222292535174395178e-01 2.085623219567775410e-01 2.977804277514497500e-01 4.427092401831437263e-01 2.523657116227431274e-01 2.574285794773387148e-01 3.324022929373110502e-01 2.473264220865495355e-01 -1.906290312606543844e-02 1.641892487829944569e-01 5.237764693199390559e-02 2.895408686681753552e-01 4.505652879154781743e-01 5.000637323805275924e-01 5.160380926230528909e-01 5.029465521048085419e-01 -5.543148422833246193e-03 2.625576013863720193e-01 1.746970714159365168e-01 -8.019256482849008993e-02 2.718801778324292928e-01 -2.230636879703337128e-01 4.571636268105710443e-01 -1.032787360180911600e-02 5.603424892195914969e-02 -1.372889865070822668e-01 7.441902127936852324e-03 2.358902931751244991e-01 -1.264654340684486789e-01 1.914466003792662518e-01 -1.783677775147251288e-01 -3.535471026700520714e-01 -1.629061673579548231e-01 -3.450724688596555900e-01 -1.667318306277034146e-01 -1.859783876065170261e-01 -2.867480715027553861e-01 -2.343912253861931416e-01 -2.762812733743850169e-01 -2.644546498963232239e-01 -1.308554899237498459e-01 -1.341011329491660076e-01 -3.087481251473573329e-01 -3.674432946698379387e-01 -4.269341760663553642e-01 -2.062638150882289134e-01 -2.142596994674195732e-01 -2.228253380258544414e-01 -1.104701514408589907e-01 -1.914170565494889564e-01
-8.223643785212347845e-02 -3.226181095327645271e-02 1.130088049400171518e-01 2.038071028093483561e-01 2.575109504093467047e-02 1.648917046460390556e-01 1.505237255126698759e-01 2.611404780201485032e-01 3.062822835193218518e-01 -5.293947989262656056e-02 2.058549149899128183e-01 1.555335762620709827e-01 2.937269257115454613e-01 6.413402504474602361e-01 1.000000000000000000e+00 -8.112967130444302677e-02 1.556768177891652560e-01 2.885378247404942753e-01 3.566806324374112158e-01 1.807435107106211414e-01 5.755400049967163145e-01 -7.850367226118383501e-02 5.094530232188618779e-01 1.524408778065995951e-01 -1.304315304696345157e-01 -7.274784652474103330e-02 -9.875297070594307725e-02 -7.966900630027189123e-02 2.044262668569346852e-01 6.106292843418753558e-01 -1.895019834508258547e-02 3.791350564863308487e-02 -7.585475137776571952e-02 1.153088768905509293e-01 -2.375355184876362935e-01 -1.806087093971493751e-02 -1.812478239447543604e-01 -2.925797231140707388e-02 -7.878366274745518538e-02 1.342942083226372485e-01 2.876264476753434204e-02 -2.068659846665938384e-01 -2.510710624978828021e-01 -6.615384383648773015e-02 -1.825813434872957941e-01 -7.364864679659594016e-02 2.897171110813824557e-02 -4.818437489235234683e-02 -3.064957477973376601e-02 -8.912814433596100150e-02 -4.105253096459731549e-02 5.218158577293071504e-02 1.433049268348996486e-01 2.870997889948507242e-01 7.816827287371246047e-02 1.319085372624883845e-01 2.070097696005449017e-01 1.802854579188700734e-01 2.576943995789371389e-02 1.394498362845585371e-01 7.653116701483335393e-02 2.292267853967861202e-01 3.590398468560471734e-01 4.421578601831578359e-01 5.326274327285678289e-01 7.197720324086671617e-01 -3.921544314791949176e-02 1.472684475598701193e-01 9.941146407734093027e-02 -1.473456939050528380e-01 3.770738227153282995e-01 -1.966606975073940389e-01 4.805589702430614341e-01 -7.757786728968638079e-02 1.144262031827648386e-02 -1.553484302411611839e-01 8.379746185155516336e-02 2.270741414050533868e-01 3.007180229246932558e-03 1.878335999368891673e-01 -1.973082691308058467e-01 -3.118820707018775118e-01 -9.243307462389062368e-02 -2.782050431691437953e-01 -9.900574113921702113e-02 -9.509287865138078832e-02 -1.632575101896118763e-01 -1.159078299687710673e-01 -1.848759302930960968e-01 -2.007221420338482498e-01 -7.845293636585079500e-02 -7.913028395675464344e-02 -2.007947561967442229e-01 -2.766298794596315780e-01 -3.303976164719074626e-01 -2.066767200506354485e-02 -1.150715139730140862e-01 -1.330749502632761760e-01 -1.232126137699013357e-01 -1.571677502189707254e-01
