1.000000000000000000e+00 2.223517229323123401e-01 4.094034201305409293e-01 -7.386894190511662794e-02 2.570315101621915149e-02 2.607133346173404753e-01 1.248537579285990684e-01 2.238863966790564652e-01 7.196191388024537894e-02 2.502257813191161584e-01 5.522200079643414805e-02 1.312574315392701640e-01 -2.414929291648088006e-02 1.994723606803870675e-02 1.212688614893916161e-01 3.534344560277338787e-01 -1.575470650818413393e-02 1.201762288002709150e-01 -3.467319828709571755e-02 7.918025261867503786e-03 5.213467352067695237e-02 -4.542000755393094114e-02 3.189647616038361611e-02 6.861896769286625342e-02 4.577569653494862889e-01 3.550497284738779458e-02 -2.229518447085977462e-01 -1.042272822154060169e-01 1.894063079048737552e-01 -1.238561464521153316e-01 -1.762139950005787992e-01 9.580978045991080105e-02 -1.643713357121552865e-01 -1.604333925759353630e-01 -1.646095916134852344e-01 -9.263972743190790338e-02 -1.706883727827163966e-01 1.681251068035260199e-01 6.228384833462527470e-02 8.485460320870148732e-02 -1.791793631315705959e-01 2.391769901467067361e-01 -1.194991541809193036e-01 1.999528417936181912e-02 -1.769346697483296649e-01 -2.143849918967991736e-03 -2.081700179833673447e-01 -4.910787314678042442e-02 2.739229625145177538e-01 -7.110694799104617936e-02 6.408584798989186426e-01 3.408639404979346144e-01 8.371493031988674893e-02 -1.317818928187143752e-02 2.370474739424296706e-01 3.810091106108592363e-01 2.422309826799737831e-01 3.585686136541663821e-02 2.822541639565980809e-01 1.078153296928470867e-01 1.608820510159102990e-01 -7.911147202164675596e-02 2.524630968589627530e-02 -8.657726501514345641e-02 5.365416821796581415e-02 9.291382145435472806e-02 1.812628253011334678e-01 -1.696616998914886668e-02 -2.704814012401353385e-02 3.080325469338687436e-02 1.072903999647199791e-01 8.949270365619500789e-02 7.916307710606569278e-03 2.185269182090848472e-01 1.408881862092053738e-01 4.473381902671865751e-01 1.610643755637610475e-01 8.700897143125363442e-02 -1.845905433825284214e-01 7.761652844886482439e-02 7.203446686555090017e-02 -7.719885158808507952e-02 -1.170852960508479285e-01 1.227970314567375099e-01 -8.078415080064425824e-02 -1.812475067781118415e-02 1.044932219882234170e-01 2.921585332978247213e-02 8.395271257650398222e-02 6.436492782236710730e-02 -1.211867846724415665e-01 1.684948974836956992e-02 8.739790297883487727e-03 3.232212706249038003e-01 1.275827957666511581e-01 -4.363938233834631711e-03 2.016492912535575513e-02 -1.130078989620469515e-01 2.951731553970843858e-01 -4.019681720789478746e-02
2.223517229323123401e-01 1.000000000000000000e+00 5.260961816036491268e-01 3.387075345518286706e-01 4.109729535229341701e-01 3.572502723577832828e-01 1.933739555117064968e-01 6.261274076268278366e-01 2.965249018024665451e-01 -1.783186672883734988e-02 -1.407007900924778622e-03 -1.781269477079665264e-02 -4.572697738122949440e-02 -6.018755574220507887e-02 -4.566972106826661104e-02 6.103538081276935756e-01 1.634307439899464198e-01 3.935846767093927889e-01 3.020678532193980109e-02 1.082596355783726344e-01 2.571492162163788522e-02 -6.399706535471151592e-02 -1.109134915318687187e-01 1.402106578996357156e-01 4.883443941420905626e-02 -4.578950959953351219e-02 -1.991534260050904781e-01 -2.667227823073503035e-01 6.282270196454245448e-02 -2.974585883772700168e-01 -1.428949947041396329e-01 -6.935498159408971797e-02 -2.050083025988992114e-01 -8.691481210879094255e-02 -1.836848523008468015e-01 -2.012313684269535080e-02 -1.528624212282287675e-01 -2.197955844656659941e-02 -7.226338098379365971e-02 3.862941465836781940e-02 -4.041051878587550994e-01 -4.245308979481699635e-02 -2.993916665067761773e-01 -1.933003777204837514e-01 -1.983412134797561122e-01 -1.943049902962250830e-01 -3.681611962844139607e-01 -3.214989843335819830e-01 1.141197860355135374e-01 -1.863705266674264005e-01 3.750194984308818924e-01 7.329526578629537159e-01 4.429152778676983537e-01 4.666369957323999729e-01 5.430354780105888235e-01 2.495360926521906497e-01 7.194446268800873678e-01 4.233986398628528103e-01 -5.305552639593073827e-02 -1.405008291058281178e-01 9.151194331670104223e-03 -7.490258379035799607e-02 2.150171763847141260e-01 -4.633000562836630393e-02 1.556749269728439390e-02 -1.206226295927964598e-01 3.204336767461146707e-01 4.173596936583073846e-02 9.059578196653463034e-02 3.236023492068986207e-01 1.223836514579924872e-01 2.769615935627975922e-01 3.261445308261370912e-02 2.203022172094556697e-01 1.643560045182079210e-01 9.597078011723968183e-02 1.165097557694953906e-01 4.089030392183477802e-02 -4.071062217918653553e-02 -1.101428985731780497e-01 1.669453643642268559e-01 -1.968460193972855210e-01 -1.670954792182490767e-01 1.110660566882961942e-01 1.168194520731711261e-01 2.548270592912834503e-02 5.604984947563918657e-02 -1.924050782407757954e-01 1.964626120265833553e-01 3.011555205119538156e-02 -2.174073126233281028e-01 6.404293485690135124e-02 -5.078354334774137085e-02 3.346734502676200484e-02 -1.093518163578887509e-01 -1.529849690864198419e-01 -3.007356473833804403e-02 -2.507214147303699070e-01 9.565501741911104638e-02 -1.970128528241830712e-01
4.094034201305409293e-01 5.260961816036491268e-01 1.000000000000000000e+00 -9.438559866487582217e-02 1.118841780655636942e-01 6.628559199724358697e-01 7.067866012891589611e-02 5.553608505459995959e-01 5.303916701134036016e-01 2.005853451289788258e-01 1.791346813789511105e-01 3.551967326579825723e-01 8.066518563622749119e-03 1.228842613571003856e-01 -2.614899928482250502e-02 3.149082061740975380e-01 1.774131795802676992e-01 2.369360529383117420e-01 5.567915664402272452e-03 7.217055585405940388e-02 4.516922830171503367e-02 -2.800546747489246480e-02 6.512739709297869772e-02 3.195594267429345270e-01 2.803978445460602043e-01 2.632462198191417579e-01 -6.856124869502110142e-02 -2.003403569180682575e-01 2.219050811754807728e-01 -1.751311746704422301e-01 -1.820044859231070844e-01 -3.318676565744121953e-02 -3.587384448220493072e-01 -2.208607211838224671e-01 -1.388062425105271447e-01 4.403296297976618217e-04 -2.005535384058344806e-01 4.901170644150792954e-02 2.641488367206212134e-02 1.148515057405520706e-01 -4.655148240232199197e-01 2.319969767147788547e-02 -1.995765721828365868e-01 -2.622686740217999857e-01 -1.727478365709280428e-01 -3.099096992787082616e-01 -4.130529649934399083e-01 -2.903371595680990791e-01 1.739736057489997823e-01 -3.054491273849007094e-01 3.510214871574810491e-01 6.605801296690566593e-01 3.042717647656830934e-02 6.024562698109948294e-02 6.897806812795037601e-01 7.044677776393777346e-01 4.199091186096867157e-01 5.473221479400116607e-01 1.214976263792136996e-01 1.882035589242046503e-01 2.095750783064714018e-01 -3.244167601909004467e-02 2.513624527084565852e-01 -4.905409116566487177e-02 2.797043634557633621e-02 -1.929815028409769678e-02 1.241376467891535662e-01 1.388697464743494925e-01 5.803610260950843591e-02 1.327232674846237637e-01 1.619397133402327438e-01 3.019084463810755015e-01 1.215885055667433601e-01 2.636090778943371293e-01 3.801514336581732212e-01 3.894635403610101632e-01 2.247527385984543491e-01 2.903701214506942407e-01 -1.120752960438380907e-01 -4.893051956211212639e-02 2.438854219943731028e-01 -2.433294067395824489e-01 -1.326739673841546285e-01 1.705548214068855206e-01 9.229576977013392858e-02 -8.840686024426883116e-02 -4.061705556002946638e-02 -1.607436710276133884e-01 2.052559996139630694e-01 1.226111896626097680e-01 -3.781656653593096773e-01 6.845785635369794342e-02 5.610523515746035361e-02 8.141571584521614668e-02 6.534022337318209916e-02 -3.194096406941756006e-01 -1.807220522316949352e-01 -3.576261644403675444e-01 1.981921132799798480e-01 -2.580115535609682209e-01
-7.386894190511662794e-02 3.387075345518286706e-01 -9.438559866487582217e-02 1.000000000000000000e+00 6.626285249664466415e-01 -1.749710376951737201e-01 -1.596882638007135480e-02 1.244177834605133259e-01 -1.419228041973344678e-01 -2.906424485027422899e-01 -3.640775456436621815e-01 -3.599938185301178040e-01 -1.626178917647632671e-01 -2.268510152324526921e-02 -7.680160740150125676e-02 2.173247764769158930e-01 -3.044023150109735273e-02 1.473701100775813011e-01 8.118147938397582419e-02 7.146707126511933628e-02 1.164298206101998939e-01 -2.354842311219824125e-01 -1.296344586728283288e-01 -1.862817331898130591e-01 -1.241830608248130768e-01 -3.590960383024588420e-01 -1.616693369894154908e-01 -2.085130636690263051e-01 -5.182783262382585632e-02 -1.358397243649021868e-01 7.216939645799003156e-02 2.279131137474979807e-01 2.112442724456555787e-01 -4.235990277432710033e-02 -2.422376186538722220e-01 -8.327243597408283404e-02 -1.402540684005471328e-01 -1.002213181351981064e-01 -2.530715775500007036e-01 -2.549299536929728327e-01 -1.748067520882590486e-01 -2.477536666496464313e-01 -2.418666307406334981e-01 -2.719551685392727208e-02 1.822689950748152335e-02 3.272029455515602231e-02 -7.835950684285485079e-02 -5.142918066478088107e-02 -1.032895212539955143e-01 -4.666003885162732512e-02 -1.126405828485671223e-01 1.858078225145293472e-01 5.590367039887325085e-01 8.073870783244843086e-01 -6.439683651164175571e-02 -2.525838507272697986e-01 3.637817960372005111e-01 -6.901920929048255271e-02 -2.197874868697231310e-01 -3.431779589131360164e-01 -2.252136198206828865e-01 3.263676637180442514e-02 7.752702837816506654e-02 3.845489096656687367e-02 1.207712606098492597e-01 -8.105849308103871276e-02 6.648084732319220480e-02 3.264055224702305802e-02 4.126552175861739058e-02 7.944876911862848445e-02 -9.957978143985922459e-02 -6.856137825359165383e-02 -3.585820119321878052e-02 -1.080293500757158187e-01 -1.131462945635755835e-01 -1.770355225353928141e-01 2.465815302453586502e-02 -1.432728365981626728e-01 9.610621877972198857e-02 2.228842965239060114e-01 -4.027286369397947013e-02 -2.055693362713598149e-01 1.108326888035653796e-02 -9.503118543394654949e-02 7.841218583125934838e-02 6.587599589728096450e-02 1.392548323120555015e-02 -1.817211359639797352e-01 -1.054261828905718179e-01 -2.710548364418316480e-01 1.311354337003291792e-01 -2.255936881786475556e-01 -2.179111074884497179e-01 -2.781405576356288933e-01 -1.727039408980651780e-01 9.368461831919577820e-02 7.873795428407892594e-02 1.856585683801073930e-02 -1.415990702985618077e-01 -9.278991609208055158e-02
2.570315101621915149e-02 4.109729535229341701e-01 1.118841780655636942e-01 6.626285249664466415e-01 1.000000000000000000e+00 -2.313707624670705010e-02 -1.496372542184088716e-01 2.151451210178186302e-01 -3.413001799326274149e-02 -2.330910800894937518e-01 -3.007969955834506326e-01 -2.816718897126359034e-01 -1.038554936839282405e-01 -3.104114830756017976e-02 -7.328146819860333061e-03 2.415273963245710698e-01 -3.132587345788111904e-02 1.987769637942188306e-01 3.695482237900149514e-02 1.265302103428956604e-01 1.436356450100170490e-01 -1.247991773015364458e-01 -5.726025521338999613e-02 -1.281340394421611462e-01 -9.190790359813956478e-02 -2.784865086998141726e-01 -5.697996130617540705e-02 -1.696832742381654546e-01 2.435056468697921819e-02 -2.900886882330763750e-02 -9.992890687947937611e-02 8.392081050740031467e-02 9.966867373887415560e-02 -5.044170172542876852e-04 -1.807804178590083077e-01 -7.009681049350015292e-02 -1.302442897718820991e-01 -1.110957768836837029e-01 -2.087701810228516086e-01 -2.934637967852785079e-01 -3.004658525276592274e-01 -1.689182488282285344e-01 -2.163284807316008806e-01 -1.147387566137677284e-01 -4.571299368856585055e-02 -9.416065044343807644e-03 -5.375925060963137464e-02 -1.211796479474654825e-01 -1.065301274077715549e-01 -1.310659459134033977e-01 -1.899119348413038852e-02 3.063282486015396766e-01 4.738314559623269528e-01 7.579221625215025737e-01 1.879698046324576877e-01 -1.310183222514461066e-01 3.893622299890974192e-01 3.717715271447728786e-02 -1.904586122321660080e-01 -2.818378688410470012e-01 -1.589231119222460076e-01 7.583272788153835875e-02 1.693749901074391440e-01 6.446681389935594864e-02 6.360930749991069999e-02 -9.237984743147109254e-03 -3.198636879175523889e-02 3.720755581065390838e-02 7.756471688808129483e-02 8.769621663048669802e-02 -6.400066771610944671e-02 -1.886111452840524491e-02 9.203492223102334446e-02 -1.934725975031035272e-01 -7.309889950983765317e-02 -1.149482139848540113e-01 5.571784224974049571e-02 -2.577569206186792680e-02 -9.753984227786734185e-02 -6.475603338905240591e-03 -5.296795421646077751e-02 -2.967944285843527319e-01 -1.139201791123868601e-02 -1.596056467237018037e-02 1.372596593351533834e-01 1.163358189266106846e-01 -9.568155960126464290e-04 -1.973154458294852365e-01 -1.089195780601174002e-01 -3.324979338983365396e-01 4.267963443623402214e-02 -2.662489928460327060e-01 -1.964083420211513997e-01 -2.484021757490543214e-01 -1.773769698818112028e-01 -3.856227945337720175e-02 5.587793522011946790e-02 -1.641417949538939020e-02 -1.483840205577710014e-01 -1.699132553353601693e-01
2.607133346173404753e-01 3.572502723577832828e-01 6.628559199724358697e-01 -1.749710376951737201e-01 -2.313707624670705010e-02 1.000000000000000000e+00 9.932997176449920307e-02 4.849499037978289850e-01 7.088513217197437433e-01 2.742655410514847070e-01 1.593768734341562132e-01 4.447224514058914502e-01 9.164559211021684748e-02 1.828898727054158180e-01 -8.237613647058580901e-02 8.597460987302128765e-02 1.900719836322349587e-01 1.654550241928468279e-01 -2.885189917351207306e-02 1.248423508051044739e-01 -4.652826722880351595e-03 1.974206473604085341e-02 2.107294466450254644e-02 3.525548702480937879e-01 2.426107442870371056e-01 2.926075131399461515e-01 -3.654708836265069954e-02 -1.175274733073683603e-01 1.931832769348432455e-01 -1.515980522603430358e-01 -7.431949928441539122e-02 -1.339759329930796383e-01 -3.181188000414063577e-01 -1.191662473119225879e-01 -6.857883465837386061e-02 2.178464221411108293e-01 -4.939124942940370522e-02 -7.117762166600061224e-02 1.452876793184058012e-02 1.535183179107618423e-01 -3.259763125470016010e-01 8.173337676386271955e-02 -1.019673135557640775e-01 -2.500239551961410123e-01 1.395447848668687264e-04 -4.078768755544318059e-01 -3.457998261252871464e-01 -2.402372376344392713e-01 3.155917079840178108e-01 -2.065870553204130211e-01 2.186714654790601342e-01 4.155474394821911388e-01 -1.520915813159145757e-01 -4.342758252551957854e-02 7.426421666216991291e-01 7.553298451899624899e-01 2.782680703454762927e-01 6.480312930702719632e-01 2.183902524025352898e-01 1.828146666186586944e-01 3.325150094772116871e-01 -3.846108573615623916e-02 2.618703858311635102e-01 -5.092842926890621402e-02 -2.430158644045098473e-02 -8.293973448363603507e-02 1.364265233515642162e-01 6.207616419336851182e-02 5.701599614896043361e-02 1.093683299655062863e-01 1.031325808280186551e-01 2.785225077916526626e-01 1.320535633947175769e-01 3.005113668104846814e-01 2.963620451362579122e-01 3.813194153458258628e-01 2.161475639987409658e-01 3.097161990060730008e-01 2.686524440713926754e-03 -1.443987113575243286e-01 3.121780890724226709e-01 -3.666340398885978096e-04 -1.600926586619919739e-02 1.867138264238129286e-01 9.426641945053593208e-02 -1.300569280266597461e-01 1.201807610885881478e-01 -2.947929492063364881e-02 3.484146942516614942e-01 2.777377862601690950e-01 -3.170726599580576677e-01 6.374940308322159244e-02 4.725321739803079596e-02 1.061094012784665752e-01 2.170153894771946479e-01 -2.736845617897638028e-01 -2.498451289781213336e-01 -2.309129084826459788e-01 3.161002705216669484e-01 -1.166152041788866001e-01
1.248537579285990684e-01 1.933739555117064968e-01 7.067866012891589611e-02 -1.596882638007135480e-02 -1.496372542184088716e-01 9.932997176449920307e-02 1.000000000000000000e+00 2.717369457924883047e-01 1.557641162938391277e-01 2.175090463675686814e-01 1.343356248399240060e-01 1.057809646960828076e-01 -4.035457707044848991e-02 -8.393569259143990324e-02 3.580743377311745163e-02 2.853607480207181468e-01 5.301331035526290342e-02 1.010126589959885746e-01 4.682550546888837595e-02 1.020074742543215923e-01 -3.604127689070549950e-02 -1.031273303863086965e-01 -8.559433818407674588e-02 1.591635954500417727e-01 1.848953562966205166e-01 -8.170374276827466545e-03 -2.327168475673227210e-01 -5.245243146580729626e-02 1.360731855725002826e-01 -2.689825407789865896e-01 -3.221836940651429115e-02 -1.148106925415339624e-01 -1.407709882556831271e-01 -4.519374370884569198e-02 -1.015569881306117583e-01 1.413433152813674820e-01 8.338039359365567726e-02 9.701001682712857843e-02 1.412684573906332341e-01 4.499245029350138481e-01 6.265879832496756840e-02 1.006053851809042693e-01 -3.371750868825635489e-02 1.186038349152399168e-01 -2.035666401766467529e-02 -1.428716776931511501e-01 -1.446138377702385069e-01 -1.104879470175210016e-01 2.067695674946798678e-01 1.734585091370933474e-01 2.131089583891054018e-01 1.332416514721970480e-01 2.442010549564160304e-01 -2.823059148395469856e-02 2.705926028398382768e-02 1.028629427192486595e-01 2.478632447118087334e-01 1.240293580794112061e-01 1.196660806965993279e-01 -1.873186239019006272e-02 1.202924955545572328e-01 -1.373884012600354587e-01 -1.967118493112343311e-02 -9.377342928509303788e-02 -3.676512206075244205e-02 -1.071461149474913083e-01 6.716768332746936299e-01 -2.325442955380304516e-02 -5.400290608448275048e-02 1.674861820683518909e-01 6.113804905460220283e-03 1.545008442067010435e-01 -4.207197987891939106e-02 5.100386945893610191e-01 1.488458689649336253e-01 1.334138512105600416e-01 1.418221709501794048e-01 -5.055375764616339834e-02 -2.552195269896744695e-02 -8.035379964179438506e-02 1.607658059398672235e-01 1.923297855531783396e-01 -7.976398644370498447e-02 4.752052802053246400e-02 -3.238361892506903816e-02 -3.884524967413727908e-02 2.100332667462302128e-01 4.430087912018553647e-02 3.035043430690243516e-01 4.266542469359000944e-01 2.382856720523944365e-03 2.673106626437055100e-01 1.286313510227549972e-01 1.710251409606684259e-01 1.258968275227069673e-02 2.945477802705037326e-02 -3.279970564532190547e-02 2.385546885749855253e-02 2.919986517193407516e-01 2.169942103108187526e-01
2.238863966790564652e-01 6.261274076268278366e-01 5.553608505459995959e-01 1.244177834605133259e-01 2.151451210178186302e-01 4.849499037978289850e-01 2.717369457924883047e-01 1.000000000000000000e+00 6.051504702726279161e-01 5.902557448739558649e-02 8.911847822542381947e-03 9.124424318937841838e-02 -1.080428909300207158e-01 1.255987767618939842e-03 -4.935505577030084579e-02 4.806967142760021350e-01 2.620721753800985265e-01 6.199160068497070464e-01 1.041373452231142693e-01 3.523518229537940805e-01 2.701641393472201114e-01 -9.182084195525368198e-02 -6.965001678026941367e-02 3.415754019854179147e-01 1.648473841042047139e-01 1.641385989373904050e-02 -2.222086849536789865e-01 -3.458640182008878017e-01 2.209397907772423786e-01 -3.541821949317268126e-01 6.114855090718936126e-02 -1.813468159404490465e-01 -3.233535448271689927e-01 -4.158519419818910295e-02 -1.939486813167251855e-01 2.221484750484529203e-01 -1.009316699992500871e-01 -1.668628085373172198e-01 -1.462042936562641671e-01 6.456675405354432573e-02 -4.444354420059415389e-01 -7.234606801205127613e-02 -3.154741129194215121e-01 -3.581638822524183530e-01 -2.034665633268924190e-01 -4.452615551491393431e-01 -5.125706917424212028e-01 -4.600605340614548622e-01 5.158729863694881679e-02 -2.476342013547876419e-01 3.324234100269379266e-01 6.222362744827261150e-01 3.668432875626282397e-01 2.489457832335300602e-01 5.866342645656706933e-01 4.073328653393573640e-01 7.338005470094063343e-01 7.163207952460718397e-01 -2.840620603559502674e-02 -1.622604017566378065e-01 7.180308974401222732e-02 -1.924820021330116704e-01 1.735410216298964581e-01 -1.403426071838486389e-01 1.166125666231949444e-02 -1.809846686818452621e-01 4.364745373468192913e-01 6.384788950830973253e-02 3.006387457642671346e-01 5.634158785521333757e-01 3.567869920456801514e-01 2.691155228304201730e-01 1.159455491585264786e-01 2.289862618955543216e-01 3.063998490519588280e-01 1.743135108952389434e-01 3.225180850952036327e-01 1.109016479310012161e-02 1.050326814029319406e-01 -1.509668300666372198e-01 3.862314563970835612e-01 -5.508058536660105642e-02 -1.881902117594775325e-01 1.690698447534723925e-01 7.749883885065715627e-02 -1.386807832942084373e-01 1.122805929983001494e-01 -2.874564341707321891e-01 4.026276045942565607e-01 1.143548823858598767e-01 -2.696361466886145752e-01 -7.337224397981199908e-03 -7.597118519616624654e-02 7.273067695989680892e-02 -2.212195246906324686e-02 -4.040851263888745604e-01 -2.719878121989925401e-01 -3.750049194139301045e-01 1.344178503950196613e-01 -2.554549514484131256e-01
7.196191388024537894e-02 2.965249018024665451e-01 5.303916701134036016e-01 -1.419228041973344678e-01 -3.413001799326274149e-02 7.088513217197437433e-01 1.557641162938391277e-01 6.051504702726279161e-01 1.000000000000000000e+00 2.475035080831582412e-01 9.502570301594695512e-02 3.379415114009832188e-01 -2.631186762847662064e-02 8.887058649424768586e-02 1.344880566321500449e-03 4.500440802112003896e-02 1.290782741237910536e-01 2.231702069302178848e-01 -2.897881951618445570e-02 2.730308147967979715e-01 1.246504589708773703e-01 -6.322239298145911068e-02 -3.156899002855689113e-02 3.981913567666640619e-01 2.240228530482855085e-01 2.191156721704605737e-01 -7.915498287497711727e-02 -2.578603586075713938e-01 2.625453681742794809e-01 -2.049769793016330832e-01 1.646812758837616630e-01 -1.925217301821614269e-01 -2.941494346809124805e-01 -1.469669148269826253e-01 -1.457870670535612589e-01 2.312068333605745984e-01 -6.016713273380764476e-02 -1.589237509936299308e-01 -2.755825346200251047e-02 1.684346250214305840e-01 -3.652026432519248078e-01 1.870687043811507591e-02 -1.531329361862672767e-01 -3.823451567899924242e-01 -4.597700225398212298e-02 -5.026637450891811021e-01 -4.643385708294742176e-01 -4.482263141836098086e-01 6.583659918340097061e-02 -3.170737092143037783e-01 1.680982752822413606e-01 3.480136688589783311e-01 -8.495934447250656774e-02 -6.374341729535965007e-02 6.590585632180280262e-01 6.392755477415946741e-01 3.390525872572659472e-01 8.043355097256097430e-01 1.675017407254838497e-01 -3.858765601226786524e-02 2.452881592507444308e-01 -1.606264384756710129e-01 1.845797327706935886e-01 -1.725259992533803299e-01 -6.171812094297707274e-02 -5.754618872826259418e-02 2.676443490908541611e-01 1.722848808346054070e-02 7.565538408329328113e-02 2.364839284923403728e-01 2.219030215101322201e-01 1.898968581816944112e-01 2.104340029824420741e-02 3.467778836447894530e-01 2.796170225666088083e-01 2.795003832408893274e-01 3.229939188608463296e-01 2.096853084745006757e-01 1.899806021681048340e-01 -1.298175980305781296e-01 3.911921624245328633e-01 5.390248313415754028e-02 -4.481234893610976100e-02 9.096929644034000562e-02 1.280618054247087412e-01 -2.221108798836670395e-01 1.382423718247665079e-01 -2.146594648950654605e-01 4.011211183485209331e-01 3.110036473581091476e-01 -2.489752240596145305e-01 9.891744703167659747e-02 1.407864707009646166e-01 1.072807582592823078e-01 1.507420429278792939e-01 -4.507389432999673873e-01 -3.162246107776990334e-01 -3.627807160373949236e-01 1.386892286025621646e-01 -2.133959467191718917e-01
2.502257813191161584e-01 -1.783186672883734988e-02 2.005853451289788258e-01 -2.906424485027422899e-01 -2.330910800894937518e-01 2.742655410514847070e-01 2.175090463675686814e-01 5.902557448739558649e-02 2.475035080831582412e-01 1.000000000000000000e+00 5.253289683099289231e-01 6.333259900265832965e-01 2.158010598176788586e-01 1.196394172143348117e-01 1.726551213480145286e-01 3.228656214624212734e-02 1.484890708196319464e-01 -1.122075031859259275e-01 -4.668633886628553720e-03 -1.462539688631174228e-01 -1.039110006386697177e-01 2.615596791968323731e-01 1.034869816592616232e-01 3.123954012904650024e-01 5.467133376010588908e-01 4.936851262432697118e-01 -7.897664364533360515e-02 1.576226112598649864e-01 2.548510341382514421e-01 1.770898346879563046e-01 -1.187136154264038651e-01 -8.636126828195182792e-02 -2.172399256756599450e-01 -9.143587072990204401e-02 1.572343651347253568e-01 -1.498406670820320308e-01 3.007411322228598083e-02 1.876304072383105093e-01 4.231963578498932899e-01 4.929151961567123652e-01 -5.519409135966545608e-03 4.743248990947667165e-01 4.362420510526249240e-01 5.587351847814057276e-02 -5.353090077357666732e-02 -1.162625895765055928e-01 -1.613421831050514399e-01 -1.643708771229527021e-01 1.412044233940630000e-01 -1.286377831276126760e-01 1.937774143559691520e-01 2.331819919637374838e-02 -2.198404936952458311e-01 -2.775666213022571771e-01 1.687995602840638709e-01 2.705578681158808396e-01 -4.886924609846322182e-02 1.560231675068716739e-01 7.697372768705810220e-01 5.224202830997508595e-01 6.297820416640389496e-01 2.358745833830626359e-02 1.627580344580158850e-02 -8.712636684622672434e-02 -4.012706932466443555e-02 1.741601707528993848e-01 8.082541513815795498e-02 1.153557306552654982e-01 -1.126095160119221228e-01 -1.528490383649431794e-01 -9.549209702577846071e-02 2.284586748580537119e-01 -1.372923863905571584e-01 3.950543603030058915e-01 3.749122517564820178e-01 6.006340034306157927e-01 2.230383361354390248e-01 3.033691547221186169e-01 -1.618808170789965972e-01 -1.538767435419724217e-01 1.195752948942521154e-01 7.750340852743122302e-03 -3.323817234537401744e-02 1.442494833135234411e-01 -2.438976198350640556e-01 -1.874733773317731056e-01 1.595066409409034436e-01 7.880088495843673435e-02 -2.714028479431985011e-02 2.764752896212725464e-01 -1.703389650824436441e-01 1.391024766659907375e-01 4.032176695354521834e-01 3.277833967067117493e-01 4.984993384544890160e-01 -3.026976512943217734e-02 -1.962895762101732611e-01 -3.045025938872085725e-01 6.958385754144143232e-02 -5.398342477625592967e-02
5.522200079643414805e-02 -1.407007900924778622e-03 1.791346813789511105e-01 -3.640775456436621815e-01 -3.007969955834506326e-01 1.593768734341562132e-01 1.343356248399240060e-01 8.911847822542381947e-03 9.502570301594695512e-02 5.253289683099289231e-01 1.000000000000000000e+00 5.589231721541467746e-01 3.584931440688153281e-01 8.334486519262943038e-02 4.673997158485950626e-02 5.138797979116346837e-02 2.397014454169301700e-01 -3.818320761065818747e-02 3.143405812185857354e-03 -1.350727864402141709e-01 -1.430547165734312731e-01 3.397229051441937320e-01 1.611541905236397731e-01 4.006160142444961658e-01 2.150844137484449192e-01 6.004277589751211286e-01 5.692101995823767996e-02 2.327728870886681123e-01 1.828107830440422465e-01 9.882409481661702522e-02 -1.830815386146888990e-01 6.446529025048543422e-03 -1.934912953275523262e-01 5.896466936031184713e-02 2.564081795391747187e-01 -1.122921605691184349e-01 -2.310006480073301463e-02 1.404798603558990444e-01 3.177113954066864143e-01 3.485847205045553010e-01 8.595885381416044912e-02 2.269928984143174400e-01 2.741464226438119489e-01 5.861393635292269644e-02 -1.463120149196142916e-01 -1.013738709258180243e-01 -7.406401014751953782e-02 -1.026617721577790104e-01 1.021589564264954036e-01 -5.858871520600164584e-02 1.366506280045666488e-01 7.342325705141794501e-02 -1.855492322192991428e-01 -3.220784163991705085e-01 1.053020700820642280e-01 2.292339575729033241e-01 -8.555013605677480593e-02 7.352797348270682931e-02 3.363804218571540550e-01 5.315744104190882613e-01 3.221977814477179347e-01 1.777661630495491751e-01 1.276308858928008605e-01 -1.559134195967658842e-01 -9.343882830696263742e-02 9.110223270210467128e-02 -5.300828405332967327e-03 1.671465725499120258e-01 1.058929609329757431e-02 -7.331884625521258025e-02 -5.408371020240192867e-02 3.379780996607448795e-01 -4.275205423995489390e-02 2.895898311980765194e-01 4.332616500803551651e-01 3.139681965506018191e-01 1.071746889614411113e-01 2.724184718223551793e-01 -1.872234409409124223e-01 -9.220600730696454361e-02 1.261116770922877661e-01 -5.763488754943700207e-03 -1.688874382499482574e-01 1.750868882040140517e-01 -1.237791834262124968e-01 -7.903922279978302379e-02 -2.251990955636806041e-02 1.036929366084724802e-01 5.281719517028887409e-03 2.314270739676421995e-01 -1.194502831997398401e-01 1.858248468101016404e-01 2.759058929998951526e-01 1.389375686621610317e-01 1.846627334759389782e-01 -1.128978879197654328e-01 -1.574882921470274755e-01 -2.851826473299919895e-01 8.164067344361644607e-02 -2.832637068575646552e-02
1.312574315392701640e-01 -1.781269477079665264e-02 3.551967326579825723e-01 -3.599938185301178040e-01 -2.816718897126359034e-01 4.447224514058914502e-01 1.057809646960828076e-01 9.124424318937841838e-02 3.379415114009832188e-01 6.333259900265832965e-01 5.589231721541467746e-01 1.000000000000000000e+00 3.817952905368752758e-01 3.263005265701841018e-01 4.223007554497679172e-02 -5.183518177112888398e-02 3.453927530678592706e-01 -6.078384368800220094e-02 6.595905239527770358e-02 -9.201717441338151671e-02 -1.240253742419270173e-02 2.775291395092853719e-01 2.173876111629343688e-01 5.885565203339635509e-01 3.944178929483278528e-01 6.940805375251380971e-01 1.336918448244978352e-01 1.131679831940584358e-01 2.922331947256546769e-01 9.988148866279461524e-02 -1.860686523723708574e-01 2.998365888978072463e-02 -2.465384811237145146e-01 -3.855904687806190750e-02 1.596029865239329271e-01 -3.393284352205490351e-02 4.440582014111682518e-02 -5.128448318871488970e-03 2.201666109036458374e-01 3.574933323591352741e-01 -1.317722011601736853e-01 2.246533541680659218e-01 2.654111768890230483e-01 -8.170678508522163930e-02 2.544883763697148096e-02 -2.817712545427774606e-01 -1.952155834646185084e-01 -1.763931100039801414e-01 1.183345040621382460e-01 -2.064924300601328755e-01 2.462595417646033791e-02 7.816402162097434159e-02 -2.877580497180848851e-01 -3.319218821748614046e-01 2.892854201645412848e-01 4.572149774588981641e-01 -1.081549490432801852e-01 2.834147116887830165e-01 4.525801572856081867e-01 6.727183926567852357e-01 6.776524438410440609e-01 1.841595092947683199e-01 2.656107256847363152e-01 -6.422363673947591167e-02 9.701770036546147891e-02 8.356250208904744681e-02 -7.597531856641644155e-02 2.473755024561340166e-01 6.529537538122107132e-02 -9.920643701451098417e-02 -2.711929465755165414e-02 4.061587202833050747e-01 8.515009265989885445e-02 3.553099708128281686e-01 6.024756354437981187e-01 6.448900261009328228e-01 2.682813711798474610e-01 4.783292688548775873e-01 -1.149646914350486021e-01 -6.084215674381267952e-02 3.000180116588094803e-01 -7.317726833573548473e-02 1.153223358539467135e-02 2.884508808884755360e-01 -2.799478687860499151e-02 -1.753320934635747563e-01 9.556775578166572249e-02 6.825569909534569268e-02 7.206555130507265317e-02 2.347151693027120789e-01 -3.280769062445709761e-01 -1.387183275384204538e-03 1.332195215056587168e-01 9.687628135260109574e-02 4.034102491398878776e-01 -1.364019599744197564e-01 -2.938848308805139253e-01 -3.347242104973616739e-01 6.843958947109153590e-02 -1.276530274077539162e-01
-2.414929291648088006e-02 -4.572697738122949440e-02 8.066518563622749119e-03 -1.626178917647632671e-01 -1.038554936839282405e-01 9.164559211021684748e-02 -4.035457707044848991e-02 -1.080428909300207158e-01 -2.631186762847662064e-02 2.158010598176788586e-01 3.584931440688153281e-01 3.817952905368752758e-01 1.000000000000000000e+00 3.458104555139374647e-01 2.339679050252456427e-02 -2.387032215021902062e-02 3.354026570705649357e-01 -1.139901713594203281e-02 1.866982223690443199e-01 -4.035442043355357000e-02 2.237066436166636543e-02 5.256373672479951464e-01 3.069882880884865495e-01 2.236152413665158378e-01 -1.081771630501499916e-02 3.675946706768098982e-01 2.778572554590000854e-01 2.827286617452965944e-01 1.828978025098802473e-01 3.092488639990682575e-01 -1.540338694683735798e-01 2.477520113734382398e-02 -1.662382229723717575e-01 1.824628541628462997e-01 4.166277979967955014e-01 -6.992773976140066738e-02 1.605371913382732177e-02 -5.337094511813132020e-02 2.476765579897878822e-01 1.755379346921022710e-01 4.848490659821291793e-02 1.010341385941899289e-01 2.719372475410072321e-01 -3.359355548389760665e-02 -6.578589915222551876e-02 -2.795366591764285660e-02 1.187253961051350920e-01 1.441579828539598374e-01 -5.229467809338834462e-03 5.652668792309959410e-03 -1.760349643982022858e-02 2.458549579175014783e-03 -1.523984562491408068e-01 -9.953306537492757899e-02 4.761582641008565986e-02 4.244128823640300890e-02 -1.129634753632834387e-01 -2.971735735253367913e-02 1.240597319277059046e-01 3.245762366382391462e-01 3.287597501074445705e-01 6.672509514499276317e-01 2.742893789484874278e-01 3.798077489819513819e-02 1.334292237382330715e-01 2.523941957016303736e-02 -1.732178271350427456e-01 3.109442421626033570e-01 4.241212257975330441e-02 -9.375360908284245676e-02 -6.543193444473401066e-02 3.515555453134055486e-01 4.165523828096837078e-02 9.928685550833875328e-02 2.116367883911570436e-01 1.415858066741636778e-01 7.914814446312234963e-02 2.800564433583995760e-01 -1.054043691311137704e-01 -3.423938879237863747e-02 2.464100489923763682e-02 -8.633029607121646409e-02 -1.098731997183175074e-01 1.081107321244387381e-01 -1.109532282178089524e-01 -4.359414804693185347e-02 4.233233247415688072e-03 2.072208350083069583e-01 -8.885176261650831742e-02 -3.958689563091113278e-02 -1.586982357508437969e-01 -3.607906691684288625e-02 1.476755587937572389e-01 -1.469020050081119508e-02 1.981091470213959815e-01 -3.397403560243210385e-02 -1.461696413797621552e-01 -1.286635174559297989e-01 -3.304129022023204274e-03 -5.508636656152120226e-02
1.994723606803870675e-02 -6.018755574220507887e-02 1.228842613571003856e-01 -2.268510152324526921e-02 -3.104114830756017976e-02 1.828898727054158180e-01 -8.393569259143990324e-02 1.255987767618939842e-03 8.887058649424768586e-02 1.196394172143348117e-01 8.334486519262943038e-02 3.263005265701841018e-01 3.458104555139374647e-01 1.000000000000000000e+00 1.463176854840858021e-01 -9.800160893149126307e-02 3.455145368785879079e-01 3.223497395231533780e-02 4.508500169612404962e-01 6.030156361010097221e-02 3.117306595487102094e-01 2.489341049808298512e-01 4.436757650852803381e-01 2.864948367120335737e-01 7.231037130382197975e-02 2.281895562168368974e-01 2.773227566134636168e-01 1.768747896485775017e-01 4.421070909522950565e-01 2.711673173485815713e-01 -1.319915556573275084e-01 3.020803319525891886e-02 -7.681957118051759015e-03 7.381334428015140503e-02 1.214067647156194946e-01 -5.116335102839519172e-02 1.171376345697777016e-02 -1.587236654412764181e-01 7.864036671103928622e-02 9.695287084451174875e-02 -9.785704582167573107e-02 6.052724672797240441e-03 1.128099279124682996e-01 -9.259811729868730468e-02 5.632996772995314816e-02 -8.689253235311539258e-02 -4.123068336122461680e-02 1.349120556392440218e-01 -1.469064420351981759e-01 -7.515987308149882362e-02 -8.551594761080502649e-02 -1.819481044235208081e-02 -9.720678134020775685e-02 -2.763044350562539157e-03 1.038592452113378667e-01 1.581206553034156526e-01 -5.561575368486688237e-02 5.654216019582550962e-02 9.043509189989863695e-02 2.499955178218481455e-01 2.595926653920734295e-01 2.341011986226060049e-01 3.490498949205159129e-01 1.821434597585077642e-01 5.631096595394461390e-01 1.820749413606742584e-01 -1.400374298160935171e-01 3.499538820844170228e-01 1.627897981802654825e-01 -2.153595230788993981e-02 -6.824068634144813891e-03 2.701009491500824256e-01 2.460563723818475490e-01 1.045076761737284005e-01 2.598901055984830788e-01 2.761221959381674473e-01 3.379953417404388261e-01 4.566274097283110067e-01 -1.086183080543991764e-01 -3.109446108904374492e-02 2.133889705825736671e-01 -1.124426167339579868e-01 2.260839411588375786e-02 1.557996630553473427e-01 2.979622742074355957e-02 -1.244708589969537871e-01 6.558243477179259706e-02 1.401104306579724623e-01 -6.495149546822667416e-03 -1.306370467849233099e-04 -1.310229086836174062e-01 -1.516069119314538971e-01 2.114812840668235314e-02 -5.901977760267079071e-02 1.985312172210437209e-01 -1.175048678414605391e-01 -2.190592762569038565e-01 -1.364793649196250624e-01 -1.297967409429054697e-01 -1.245345030908694417e-01
1.212688614893916161e-01 -4.566972106826661104e-02 -2.614899928482250502e-02 -7.680160740150125676e-02 -7.328146819860333061e-03 -8.237613647058580901e-02 3.580743377311745163e-02 -4.935505577030084579e-02 1.344880566321500449e-03 1.726551213480145286e-01 4.673997158485950626e-02 4.223007554497679172e-02 2.339679050252456427e-02 1.463176854840858021e-01 1.000000000000000000e+00 -1.426813815360544919e-02 -1.392227141121989697e-01 -2.140037676197255878e-01 -3.996665080477124210e-02 -4.158645907569287481e-02 2.230997050115538782e-01 -5.494662013251857408e-02 1.583313237768032011e-01 1.320455901618142018e-02 1.612722660245599904e-01 -8.543674398626621702e-02 1.836512529958257700e-02 -1.557016420807751100e-02 2.252799253835702509e-01 2.512413132590620157e-01 2.885659751650256413e-02 -1.565662834957684268e-01 -8.469823904247024415e-02 -2.276305989101261862e-01 -1.254257846606533500e-01 -3.612889380891376456e-01 -1.362246996561226331e-01 -3.810165622823293713e-03 9.347048351655777576e-02 3.172705724385749965e-02 -2.195256349412288144e-01 1.005911882430487875e-01 1.942895260728519369e-02 -5.668000677256879866e-02 -9.277451922495993930e-02 1.071097423957966255e-01 -7.926682164065150527e-02 -2.272708604577217684e-01 -2.108190749927696395e-01 -2.359922634512900963e-01 1.171621959119239081e-01 -5.172504062162438382e-02 -8.080876240595875892e-02 -2.113351130598323593e-02 -3.690829197648980153e-02 -3.725809409546628620e-02 2.765368124281336777e-03 -5.874540833105619531e-02 1.827164857006139120e-01 3.540425215593244468e-02 1.636705610176965309e-01 -4.491044469951640389e-02 1.128603338088098318e-01 2.435558189309344757e-01 2.192521336254446840e-01 7.535196501776049161e-01 -1.734837648565203810e-02 1.436453844837186355e-02 -1.672812137061897575e-01 -1.274582978819751022e-01 1.303765097029453701e-01 -1.037013888460923267e-01 -5.981302704699682088e-02 9.595378049029643086e-02 8.060659416906897079e-02 1.600102139301643467e-01 2.224652545654765556e-01 2.318867846010814471e-01 2.536954819532413058e-02 -1.810314878149931472e-01 -6.466620889908976377e-02 -1.129378295034249996e-01 -1.049598474211973914e-01 -7.223913177795060481e-02 1.653987484880716299e-02 -5.218457143433391510e-02 -5.352879495319460418e-02 -5.852815975351064598e-02 -2.251624711726239181e-01 -6.770658542376960243e-02 -4.691814226068819621e-02 -4.296613603823075389e-02 1.215271060411513004e-01 1.064169493208987211e-01 1.084344263624319182e-01 -6.185296387846022509e-02 8.846053033724393666e-02 -1.140414790129886807e-01 -2.181351011609653778e-01 -1.860337432836320637e-01
