1.000000000000000000e+00 3.330102501454521025e-01 1.924007956857688717e-01 4.490349215601502353e-01 2.125089920070485361e-01 3.920144931773899000e-01 2.411084048154788773e-01 5.493756668007400146e-01 3.506418871655533342e-01 1.672398719959670155e-01 2.578443071762548389e-01 1.466009635332313765e-01 1.003164341617819449e-01 5.550782760759936929e-02 -1.141090257837486799e-01 1.969043294706930847e-01 -1.146953137548376855e-01 3.118701494448178780e-03 1.207633011266826817e-01 -2.240985563720931661e-01 -1.804424928122484451e-01 -7.380554361234141492e-02 -2.061957536658679813e-01 3.917568246562893458e-02 1.234729917285425950e-02 -3.427410112846447643e-02 -3.286986693750821864e-01 -2.003363288839260237e-01 1.740850636525395623e-01 -1.543045260714883127e-01 -3.047479819078443564e-01 4.421827260181397934e-01 4.418941176690304173e-01 -2.045785249837333841e-01 -5.489519771123679143e-02 -2.190446779694672427e-02 1.341356845167341882e-01 3.237623118014151813e-01 1.762022724005274377e-01 1.678198476991555610e-01 1.499297438305852437e-01 -7.322666703695475399e-02 -4.479439890478330993e-02 -3.527180217414610519e-01 -1.551569326731729870e-01 -3.272193697065492457e-01 -1.738709249473473217e-01 -2.539827720646425924e-01 2.162834702073725690e-01 1.239613168374146118e-01 7.127262867893398024e-01 4.513590740632285048e-01 2.147364620045701666e-01 2.195914894801261896e-01 4.182551100104445196e-01 3.841776068498278796e-01 9.241364630779431988e-02 2.296693900899649254e-01 -7.659560979060196784e-02 -4.046950148451294166e-02 2.314987778191265333e-01 -2.482861230544044367e-02 -1.870230248671843620e-01 -5.037319080444235646e-03 -1.001259390519899650e-01 -1.901475728609138272e-01 1.316135085796247828e-01 1.521464063466879679e-01 -1.901962363706058978e-01 -2.950299656103747559e-01 -2.353224185139656810e-01 -2.442168925841281812e-01 -1.589818642935617865e-01 1.364128816085513896e-01 -1.190049138969250381e-01 7.943988629357749687e-02 6.801077817582568130e-02 -2.553170787224515736e-01 -2.498089211192973114e-01 -4.558864213412044258e-02 -3.019618950323874063e-01 -8.771978793170735755e-02 -3.963458974936438506e-01 -2.316747768885716041e-01 -3.278306435985960388e-01 -1.520825356350942459e-01 5.710037713418298494e-02 -4.672304241993955332e-01 -1.844294330258439141e-02 1.419372647667044816e-02 4.326849469846416607e-01 -4.627270595050628904e-02 1.973582545946352129e-01 -2.057934305568319966e-01 -2.631488252274274409e-01 -2.915295612457893815e-01 -2.678435900952582105e-01 -2.787828019491060405e-01 1.694776874865329130e-01 6.487296137161023546e-02
3.330102501454521025e-01 1.000000000000000000e+00 4.610577041734822412e-01 4.066030530937695953e-01 3.989067555824330480e-01 4.235349099136136442e-01 3.482510417686420223e-01 2.916923390825356122e-01 6.988561050916071438e-02 -3.119199834413748790e-02 9.956601807904488788e-02 4.569995182237011205e-02 6.700502371716339500e-02 2.035351455403545118e-01 1.164847268459206775e-01 5.519494554594331914e-01 8.782774939474803644e-02 1.916530809857163809e-03 1.353331280994004293e-01 -8.308155586122804859e-02 -6.287269460814363942e-02 1.685904882089354351e-01 1.081833610895109321e-01 4.562289477199252263e-02 -3.023712925332586524e-02 -9.269162586789760072e-02 -7.275126393835411320e-02 -7.927515526790404610e-02 2.154562252060489014e-01 1.494680069132178248e-02 1.407993770357012127e-02 1.358345574805678857e-01 5.470414352241783490e-02 -1.542096875157158075e-03 1.008747102169793852e-01 2.174005667303544609e-01 2.112707915267653114e-01 -2.393114682727216086e-02 -8.966325707274788032e-04 5.774772118928325065e-02 -7.031873330195168026e-02 7.908244831428064281e-02 -9.937322037642200290e-02 -2.410305560749121390e-01 1.366676985114180787e-01 -8.243888342765599841e-02 1.007930720446341272e-01 2.942304810507632984e-02 3.226855445344801732e-01 1.248666336698598389e-01 2.595861894746661069e-01 7.340254127816860930e-01 2.906125572128362977e-01 3.791045034320814078e-01 5.752798478782167324e-01 3.375702593335720980e-01 4.460822459844901999e-01 3.319505081356571852e-01 -1.040923502132569678e-01 -7.182076167523129828e-02 -4.722807792665572463e-02 6.892570085596681773e-02 4.397119848864258773e-02 1.937333061855708582e-01 1.356240135402287939e-01 6.958086883339933970e-02 1.261553427627218060e-01 2.115215889394598536e-01 6.540653691522078927e-02 -2.022021154701613907e-02 -3.977121366130428187e-02 1.278448886948443108e-01 1.443661255759757789e-01 2.830296271947070341e-01 -2.960488855151391027e-02 -4.305096443363228692e-02 1.777955317410819247e-01 2.349129359213696436e-02 4.491813348983214604e-02 -1.178186851119224082e-01 -3.594118110388647147e-02 -3.139204801833660186e-02 -4.825847303414157810e-03 4.223743218658929793e-02 1.031363066518097352e-02 1.446723114066877924e-01 1.985664518312155735e-01 -1.574215690017437830e-01 2.035591551157522050e-01 -1.533223729038802859e-03 -2.951917018417041932e-02 -4.221648667898769691e-02 6.152270330828867040e-02 -2.319658306933504444e-02 -4.737667740928642318e-02 -9.947373893107605558e-02 1.605438117254138347e-02 3.913931055884164317e-02 2.881320982471921033e-01 1.877027829228550548e-01
1.924007956857688717e-01 4.610577041734822412e-01 1.000000000000000000e+00 -1.400562931969416558e-01 -1.113517227161918005e-01 4.943324298512299375e-01 3.964540787369665864e-01 1.120410094262033925e-02 2.277661413035698273e-02 6.424535243982837374e-02 2.236472155140234730e-01 1.159171103923134216e-01 2.316198218697861078e-01 1.972623310493538673e-01 2.079316465852521223e-01 4.477028506948684816e-01 3.986104590317137153e-01 2.100137189444407915e-01 1.578568523916452915e-01 3.132638322883685711e-01 3.848600846972841660e-01 3.387002457023639002e-01 3.608982945445461943e-01 2.943585604689653024e-01 -2.434144726375286893e-02 -1.735264486045184906e-01 4.062783788433441678e-01 1.686237187549787797e-01 4.112114636968166592e-01 2.048985096796015204e-01 9.485926337784592044e-02 -2.837100186811328806e-01 -4.199476593050609496e-01 3.243103987997144055e-01 2.958256528750269898e-01 1.371205590247223938e-01 1.127282659206023802e-01 -2.467836265520087224e-01 -1.335976753979621345e-01 6.766812816730614910e-02 1.038680472166475521e-01 1.377977818125145082e-01 -9.338159847684707193e-02 5.311178263135765687e-02 2.317414602765712206e-01 3.243934326634125287e-01 3.679239603867541231e-01 3.895904972400788813e-01 5.820803354598333978e-01 4.366113007572659521e-01 6.945719657515737888e-02 3.919382111173968508e-01 -2.527499311513892732e-01 -1.582451930013785701e-01 3.956286596021441060e-01 6.067127131759071368e-01 2.421402275974940677e-01 2.719793293819100510e-01 1.053202906096860070e-01 -1.249773208056299129e-01 3.784690550622279298e-02 1.787900713808324715e-01 3.940004597699188205e-01 2.211013445992369431e-01 1.745567164574762797e-01 2.531077588861386229e-01 1.313691790188362130e-01 1.912925095021222877e-01 4.068977031188315552e-01 3.034506647767246101e-01 4.104390659007124964e-01 4.662103447032900361e-01 3.711225345965193378e-01 2.399038590769707602e-01 5.594745531944917555e-02 9.211168454165663891e-03 3.238917065293864250e-01 2.451995394916870186e-01 -4.533377200664786416e-02 -3.275448645353725707e-01 3.918901325155796367e-01 3.800264796380855015e-01 3.329344954837317738e-01 3.329601280219287585e-01 4.116854359844633326e-01 4.060176435563184749e-01 1.663529911768563685e-01 2.844460577804476253e-01 2.866949660326367777e-01 8.386133194057153462e-02 -3.461409956499238993e-01 7.310473853655591325e-02 -7.239144445862318034e-02 1.742950403090166855e-01 1.897408740215609235e-01 1.919080500689863272e-02 3.514984134202788768e-01 3.350320564611998231e-01 5.790161573527459193e-01 5.354149728745459802e-01
4.490349215601502353e-01 4.066030530937695953e-01 -1.400562931969416558e-01 1.000000000000000000e+00 5.872065090868417991e-01 2.531189809763638165e-01 1.343712799302839156e-01 4.973049931382793054e-01 1.047286256508041108e-01 -2.103146515616440559e-01 3.166501574584700690e-02 1.438445730117649535e-01 -1.639620596016226964e-02 1.309422121482803625e-01 6.444542552658372343e-03 2.421647174248562351e-01 -2.875059215872710072e-01 3.442504507125529467e-02 -4.206824749045172396e-02 -2.481506268644028956e-01 -2.583277322383768504e-01 -7.662786700788434824e-02 -1.090908946342031144e-01 -9.742711556440374066e-02 -1.904440828203749492e-01 1.291244012698287424e-01 -3.560607656032437895e-01 -2.216137000570176374e-01 -3.498221536130303316e-02 -4.785961777806815864e-02 -4.384091995129675845e-01 3.164198616704435585e-01 3.607696542910787674e-01 -1.844645584849944620e-01 -9.697334879130803387e-02 1.993207941931067484e-01 8.470679410933930342e-02 1.202448853400518852e-01 2.473430328928982180e-01 2.082784807213738099e-01 -1.063405973355896900e-01 -2.495153619812189305e-01 7.321536563612866810e-02 -3.673078475617158056e-01 -1.346521006796373154e-01 -2.800604328721759129e-01 -1.459402617490874465e-01 -2.616267051575386082e-01 -5.313028151733868720e-02 -1.493454684671488286e-01 4.209149931515465681e-01 4.200071790449375619e-01 6.059743144671323467e-01 6.829014339995720384e-01 4.164482418653989160e-01 1.068709347745120108e-01 3.363339483176139288e-01 2.111704347239043711e-01 -3.413804583079824706e-01 9.959837510390552595e-02 1.215752214655826807e-01 -2.035734246034711856e-02 -1.130928044445501518e-01 6.653963897587319987e-02 2.146025842360199665e-02 -5.725262585279184552e-02 4.382171931427374101e-02 5.553923779246483505e-02 -1.808168167159277806e-01 -2.526124898022686915e-01 -2.306451600454835216e-01 -2.456700691056782071e-01 -7.969558528342431114e-02 2.032489538479780866e-01 -6.191286150884778294e-02 3.235379199778749826e-02 7.548473745108294497e-03 -9.902228445105312749e-02 -2.809636464527727195e-01 1.539038733339766207e-01 -3.291791259861743257e-01 -3.339507614641937239e-01 -4.253438009394758246e-01 -2.152880475069578747e-01 -3.266267521560315412e-01 -1.098321066766876908e-01 1.844316060437369356e-02 -4.193309931172101157e-01 7.224972101877000230e-02 -1.000062739302058495e-01 3.045652380891574751e-01 -1.810487189848550560e-01 2.653153218330819851e-01 -2.310075217902248235e-01 -1.300611948793768402e-01 -2.875011268060386760e-01 -2.083971733863962950e-01 -1.922884583110463230e-01 4.644306151023140129e-03 -1.540434847994524015e-01
2.125089920070485361e-01 3.989067555824330480e-01 -1.113517227161918005e-01 5.872065090868417991e-01 1.000000000000000000e+00 1.604128003235672228e-01 4.905309555705170826e-02 3.548545130621029442e-02 -1.280128014451358820e-01 -2.794757543211937589e-01 -2.261672897804227755e-01 -1.484643317013694952e-01 -8.969052620796011746e-03 2.960187572726012961e-01 2.125520373140367403e-01 1.834153595088056365e-01 -2.353737154112159058e-01 -1.334491054388119990e-01 -1.599504750815420456e-02 -2.315997750738597871e-01 -3.861499138000702436e-01 4.942203892006653831e-02 8.990123444480424553e-02 -2.485834923564033683e-01 -3.194698986807291141e-01 -1.090496738863768883e-01 -2.547069445299616208e-01 -1.053555699392163536e-01 -7.166440174395907747e-02 5.436685450381763263e-03 1.099573099714041928e-02 1.682181396737545964e-01 1.750665503925351307e-01 -7.363630185149515339e-02 -6.601644774658422740e-03 3.023926802305861861e-01 2.040482766106599399e-01 1.225680086087774321e-03 8.515775849762176331e-02 1.413714995257572653e-02 -1.392843012871144703e-01 3.971011459925807277e-04 6.266721923675849792e-02 -1.720510429322006860e-02 1.837243575878055313e-01 -1.448771483120027681e-01 4.627997264349953399e-02 -9.005858012715606264e-02 -7.904190441159647529e-02 -9.030392209253750024e-02 7.808192710578655549e-02 3.716866329625962972e-01 6.045043922781266899e-01 7.381835174048266834e-01 3.111035329883714562e-01 -5.826837514664336831e-02 3.600238922371646888e-01 3.914715424502372004e-02 -3.738082755320028538e-01 -1.964477287714353274e-02 -1.006654157565895630e-01 9.977545153665903777e-02 -1.140725107652673931e-01 2.244119938043535878e-01 2.634572834559380516e-01 1.235517380409128507e-01 1.039745997468531288e-02 3.454220319407332040e-02 -9.980623646456739106e-02 -9.575345683072869485e-02 -2.966723051466527150e-01 -9.173278395759573711e-02 2.609145850633562760e-02 5.769172963798413489e-02 1.984832690335825225e-02 -2.931618603839310500e-01 2.442468051665654463e-02 3.814598007276794045e-02 1.870510629830199056e-01 1.925675005156315400e-01 -2.983529554240395565e-01 -2.654358153293499556e-01 -1.963994150485158519e-01 -6.728110750152033193e-02 -2.133376507709371095e-01 -2.280949964602936933e-02 2.074091204205403827e-01 -2.615089959427546185e-01 2.477823850509339731e-01 -1.836112694400536538e-01 9.002364134698592757e-02 -3.754309442258270124e-01 -8.012863803373735869e-03 -1.275749417772927552e-01 -3.144272477087325240e-02 1.128253428855297419e-01 -7.323675377191225799e-02 9.973398901304659017e-03 -1.191415543586707981e-01 -7.277442890164123601e-02
3.920144931773899000e-01 4.235349099136136442e-01 4.943324298512299375e-01 2.531189809763638165e-01 1.604128003235672228e-01 1.000000000000000000e+00 4.219411586955401083e-01 5.482898263569482289e-01 5.655618207937023190e-01 1.390846101130945034e-01 2.987015910378481021e-01 2.027002542645784666e-01 2.453584350679537951e-01 2.988128791923103100e-01 2.111332120523801981e-01 3.425747760147330179e-01 1.351273229907937190e-01 1.867137959322409391e-01 2.492176303591696618e-01 -1.160781065729398539e-03 6.475095480331018172e-02 1.469576051503769798e-01 1.139148505085557511e-01 1.202535501517670996e-01 8.074013936476873154e-02 4.072906327503516416e-02 -4.500667997252608132e-02 4.468194579526937882e-02 4.486941267109079701e-01 4.561539025953027793e-02 -2.071080057352916448e-01 1.739915462011280486e-02 6.596296961921870039e-02 3.903952003204069071e-02 1.821265717497370096e-01 1.493527703185287270e-01 2.758300067841594760e-01 1.758549192062141067e-02 6.381994373211279103e-02 1.766138816189238292e-01 9.683952958291544566e-02 1.024387086985856579e-02 1.267240161072074288e-02 -1.424066693395555916e-01 5.081565297073013798e-02 -9.140941245564843110e-02 7.644307392619965891e-02 1.124762196704673020e-02 5.511789714186160483e-01 3.545698682500765253e-01 4.172006863536569243e-01 4.385236557296833815e-01 9.342729269947716575e-02 2.696242043810752054e-01 7.714837840727375440e-01 7.968655715204439050e-01 2.948340484467577571e-01 7.023329287047087588e-01 9.857071619810949328e-03 3.306557472867296434e-03 1.199608443111178924e-02 8.487895762803618349e-02 7.813087611259973697e-02 1.814729416142695506e-01 1.121483022500697896e-01 1.164467147810379216e-01 2.288349378126738332e-01 2.746872190706496908e-01 -2.585685111609946005e-02 -1.233272746118502239e-01 5.605164063683579917e-02 1.126072576893386891e-02 1.138351606696885732e-01 3.536407542268372173e-01 -1.429187346787105795e-01 1.329588382856994044e-01 3.318699128322147307e-01 -2.824809097168200223e-02 -2.306991076046683575e-01 -2.814883043700219245e-01 -1.348405693727311450e-01 -3.439017215673554478e-02 -1.916343219619567884e-01 -1.408465551664884498e-02 -3.315944080568308805e-02 6.168974393431912728e-02 2.364406520859236860e-01 -1.250032448018045805e-01 1.564443880333374892e-01 8.667226057771570610e-03 7.550166293149444818e-02 1.108120962842133600e-01 1.946316190735698781e-01 -2.955776598701387314e-02 -5.196471387453046459e-02 -1.017275906847920214e-01 -2.915868402441866222e-02 -7.574922640783665270e-03 5.196809395489868644e-01 3.258792388480116209e-01
2.411084048154788773e-01 3.482510417686420223e-01 3.964540787369665864e-01 1.343712799302839156e-01 4.905309555705170826e-02 4.219411586955401083e-01 1.000000000000000000e+00 3.315133303962559674e-01 2.977088743475960197e-01 1.499100512462842039e-01 2.016013268941623526e-01 2.074815812713507179e-01 2.384286017774321642e-01 2.640028252397528252e-01 1.581380010888998322e-01 7.008022224619505636e-01 2.405625842065268472e-01 7.697370188562356608e-02 3.028084579882671656e-01 2.167561692958107356e-02 1.329776133097709118e-02 2.383118958982451685e-01 1.820662940074265768e-01 3.852323037182495136e-01 1.287571221953719702e-01 4.846273425673153917e-02 1.572541046959008773e-02 -3.476002719752051273e-02 3.629229763346187299e-01 2.326621990587976127e-02 -1.174767297506905256e-01 5.388443574969242061e-02 9.426048088283774107e-02 4.554416054431166538e-02 2.132633786882962013e-01 1.443050358597167127e-01 2.123618229054534956e-01 8.307978985270923766e-02 3.130904305430701196e-01 4.971441078264384195e-01 1.779977250819425594e-01 6.500345294687022435e-02 8.103143391523555394e-02 -6.819440013746536078e-02 1.203197286054837750e-01 -3.046073289979980142e-02 1.293832756865171130e-01 8.824659256364544846e-02 3.972974512822325943e-01 3.584623981240562807e-01 2.654136515846464150e-01 2.770643084700501468e-01 2.681302326984554285e-01 1.771021747635723731e-01 3.571086001784321007e-01 4.902161805160833996e-01 3.171397716304074632e-01 3.781811129285110873e-01 -1.885457691897930721e-02 3.728240272170035494e-03 8.745841296686141658e-03 1.207672604509526793e-01 2.515281266311988548e-02 2.173240035420525573e-01 1.709471097589399802e-01 6.347473154273429452e-02 4.265080573851468548e-01 2.966197480461841285e-01 -5.282668993798444708e-04 -9.843265973641127098e-02 -1.321197578793446500e-02 9.535915241414449905e-02 1.357470120948270909e-01 4.838690750434631038e-01 2.194217731207462677e-02 1.186543453155720768e-01 2.339453805182580004e-01 -1.679960935892838361e-02 -6.987137418910097098e-02 -1.543195347512505977e-01 -8.392894850325365030e-02 -7.218658851207852833e-02 -4.730896655346865376e-02 8.938689351461051591e-02 2.771425167189122199e-02 1.195399397242085937e-01 2.401338085299303815e-01 -1.360193703045095570e-01 1.752737785333269571e-01 1.542576413671148117e-01 -1.496418415962509239e-03 4.363570743866607843e-02 3.010971598285906992e-01 -8.761175052657692308e-02 1.034683605129987638e-01 -4.070758806427598325e-02 1.144578231650076987e-02 8.124711901254327850e-02 3.812321812204914617e-01 2.745757965197984096e-01
5.493756668007400146e-01 2.916923390825356122e-01 1.120410094262033925e-02 4.973049931382793054e-01 3.548545130621029442e-02 5.482898263569482289e-01 3.315133303962559674e-01 1.000000000000000000e+00 7.585664198011571324e-01 1.808149767350591963e-01 3.226111137042741994e-01 3.372800943064052648e-01 1.171284158149127619e-01 6.050523327335082663e-02 -9.385132824633410364e-02 1.749502091382480196e-01 -9.211620552971674925e-02 2.043294984738971420e-01 2.424893667685316667e-01 -2.467839447576058165e-01 -1.396000954644096570e-01 -1.650691248805329081e-01 -2.881753555619071538e-01 9.016627781319246082e-02 1.862499173104992800e-01 3.062050456821561184e-01 -4.479884880358346866e-01 -2.073005402698179234e-01 2.352455887628464581e-01 -1.641098496443097188e-01 -5.694157266456228994e-01 3.763714226552867803e-01 5.267317347410238604e-01 -2.310931935905277956e-01 -8.356307749975218357e-02 -1.585091782545850272e-02 1.949339585352529713e-01 3.211543292286626050e-01 2.562228383885234995e-01 2.223553599461268182e-01 1.292119005281189559e-01 -2.468798063814744426e-01 2.410851151956422064e-02 -4.070001437189440519e-01 -3.137306159836412145e-01 -4.430984591902222824e-01 -3.480939860551334752e-01 -4.093646523563393425e-01 1.216847331297192525e-01 1.018001353918501911e-01 6.867934883632684784e-01 3.448433329430362626e-01 2.660081501486527000e-01 2.451218637651642607e-01 5.779915652071280219e-01 4.687584589777835098e-01 1.853667577573018255e-01 6.448024260364546567e-01 -2.621864185662261051e-02 1.727588275360806835e-01 2.117450374163550031e-01 -9.919164311290702696e-03 -2.393027684031047986e-01 -7.883202325751129374e-05 -1.202184755815458583e-01 -2.282426470798223916e-01 2.040643248245585240e-01 3.119132477085163613e-01 -2.878159343027607564e-01 -3.721472214429571990e-01 -2.376347551680540737e-01 -3.425938739152032397e-01 -2.038966540070754896e-01 2.810404489299949682e-01 -1.173594936250328957e-01 3.754627150805190383e-01 1.086310749176410823e-01 -3.595107239335754712e-01 -4.770838017817831678e-01 -1.057296611864165931e-01 -4.377914293997433592e-01 -2.380028431709598213e-01 -5.775983006677996023e-01 -2.950993388146583851e-01 -4.420061115309076860e-01 -2.655164989488187910e-01 6.200058818332287308e-02 -5.144446856457384198e-01 -1.052518529759292193e-01 1.017567198890355212e-01 5.194934609707658746e-01 6.135973705527491412e-02 3.712280438278310335e-01 -2.580837895460198483e-01 -2.401516597012538778e-01 -3.747567604186654577e-01 -4.072796483978464721e-01 -4.105594858538913483e-01 1.306631323929713095e-01 -5.104269358170330367e-02
3.506418871655533342e-01 6.988561050916071438e-02 2.277661413035698273e-02 1.047286256508041108e-01 -1.280128014451358820e-01 5.655618207937023190e-01 2.977088743475960197e-01 7.585664198011571324e-01 1.000000000000000000e+00 3.991387222032429238e-01 3.060881059714085639e-01 2.542347309877731609e-01 1.309096460784032745e-01 5.205531507723071272e-02 -8.358774733638772714e-02 6.164696384913936900e-02 -2.929248476549130981e-02 1.963575684290737589e-01 2.853757662025684927e-01 -2.003803210047900019e-01 -7.869862075562808479e-02 -1.207318837341101042e-01 -2.610644406218743385e-01 1.143366052451165182e-01 3.538252376472996175e-01 2.832617710471184713e-01 -3.753134253349229010e-01 -1.068924912184417847e-01 2.831817980440121674e-01 -2.223276879921751159e-01 -3.734394554921366405e-01 2.550642328012617810e-01 4.194541382435054144e-01 -1.689325481599877610e-01 -3.274157132287250360e-02 -1.664841645703006301e-01 2.236534684861009592e-01 3.624282124274828543e-01 2.226101640723091302e-01 1.567244507123263797e-01 2.801313590388532226e-01 -8.331574916218083271e-02 5.949617432758308455e-02 -1.608564676351781353e-01 -2.542565873570392099e-01 -3.991058169997615535e-01 -3.027198417707789302e-01 -3.621366705368663785e-01 1.693089825721977859e-01 2.223251305845827530e-01 5.389593808175628942e-01 1.280198692909104707e-01 3.412484821446840760e-02 3.316269645876197131e-02 4.696431827873475684e-01 5.139364354556872350e-01 6.909171026938619453e-02 6.881041925655509983e-01 1.808727166355756921e-01 1.290000131519783155e-01 9.857118380792619095e-02 -1.002467114883493458e-02 -2.779414885562737081e-01 -2.399002451832099592e-02 -1.147605440094327245e-01 -2.206632370751475669e-01 2.530275742597889455e-01 3.039008256877161473e-01 -2.850638692037738564e-01 -3.444011734014217341e-01 -2.038141215986041810e-01 -3.418200008134065215e-01 -2.398101018044938304e-01 1.754057935573128668e-01 -1.584771320508971404e-01 3.842682041758644917e-01 9.175820688356899069e-02 -3.957701010598587699e-01 -3.287993803191218145e-01 -1.487753251638162799e-01 -4.007295979906229655e-01 -1.048214998247570251e-01 -4.789742202535862692e-01 -2.566217063625709782e-01 -3.991313128331221427e-01 -3.117474706630386505e-01 9.291797894817772907e-02 -3.780363259929631625e-01 -1.903099890256975957e-01 1.693549012974381873e-01 4.795546000181601931e-01 1.982457099782383159e-01 3.097947326598146089e-01 -1.429999543609880297e-01 -1.893923495531569245e-01 -1.673104088501461140e-01 -4.085158144273633440e-01 -3.959668914970660425e-01 1.318946165459531361e-01 4.548162877271012122e-02
1.672398719959670155e-01 -3.119199834413748790e-02 6.424535243982837374e-02 -2.103146515616440559e-01 -2.794757543211937589e-01 1.390846101130945034e-01 1.499100512462842039e-01 1.808149767350591963e-01 3.991387222032429238e-01 1.000000000000000000e+00 4.571936733185465451e-01 2.085845530167367567e-01 1.637591697953512948e-01 -4.261698428219441032e-02 -1.446807760446705282e-01 6.759540093114674297e-02 8.491503220244567274e-02 -9.136495108965227152e-02 1.987712604354498203e-01 -1.218856193644299452e-01 5.590244095250879175e-02 1.432737838077892678e-01 -1.612330086698472442e-01 2.738288105233263603e-01 7.575018665703114884e-01 1.108744651980831247e-01 -5.679348875128475277e-02 4.202803322988015594e-02 2.163204988296346387e-01 -1.382633356625820320e-01 1.565374142760246334e-01 3.135243546020381467e-01 2.033552978794589683e-01 -9.905621186805657619e-02 2.171455392154555616e-02 -3.472177166023289741e-01 8.890078260072709071e-02 4.890796575932138679e-01 1.591193859438574110e-01 1.549261774409222414e-01 2.556834717219598208e-01 3.496413699199825142e-01 8.712334666067678146e-02 1.160802782294776403e-01 1.892044683168961697e-02 -9.602100813623011544e-02 -7.187476801142055061e-02 -8.247622582008336256e-02 2.653870760108817395e-01 1.512184034760251927e-01 2.789870951320694292e-01 1.748368549874957170e-02 -2.920359445738429649e-01 -2.679797010384885048e-01 2.618576420380986855e-02 2.462281666874136798e-01 -5.445152636338369823e-02 1.119097244825987547e-01 6.208151785220084040e-01 2.265070177362104586e-01 9.917760584063742280e-02 2.146834903942470424e-02 -8.061965991519523533e-02 -8.391759938308956945e-02 -1.883129886298010869e-01 -1.849218463546737079e-01 2.459983103921185854e-01 9.029355102516561926e-02 -1.686405851956642721e-01 -1.833841960051241227e-01 -9.732165003247211787e-02 -8.285843817606856898e-02 -1.610398899522544058e-01 1.167389572993462327e-02 -5.854722270076429674e-02 3.589049952957048539e-01 2.287925815118910938e-02 -1.847127746170853235e-01 1.152144510485578477e-01 1.473670173041840420e-02 -1.445068844086024318e-01 3.393265266898252974e-02 2.165370875459156352e-02 -4.055222441802717320e-02 -1.300741059605680094e-01 -1.015563272258604155e-01 4.002327043125329664e-02 -9.283959784877868215e-02 -3.059457616588852624e-01 1.800516214198775167e-01 2.248135269162479799e-01 5.499831473217146049e-01 3.815290122610447976e-01 2.951583331541239863e-01 8.048750599793012828e-02 4.804353176250247826e-02 -1.159403042326067751e-01 -2.166627968421920847e-01 1.322100025281187641e-01 1.219553461948528345e-01
2.578443071762548389e-01 9.956601807904488788e-02 2.236472155140234730e-01 3.166501574584700690e-02 -2.261672897804227755e-01 2.987015910378481021e-01 2.016013268941623526e-01 3.226111137042741994e-01 3.060881059714085639e-01 4.571936733185465451e-01 1.000000000000000000e+00 5.886380961188411032e-01 2.186011775639521704e-01 1.209710455369233106e-01 -1.876325676132090808e-02 1.446219495956646284e-01 1.195574932598589130e-01 -4.574612467455057446e-04 2.746724913037416060e-01 -1.545054274077802270e-01 6.301229322629665897e-02 1.197446157906874864e-01 -4.814868697856076324e-02 3.443278252592933408e-01 5.284981948451479283e-01 3.651308819029792097e-01 1.377255956405611277e-02 9.814441736776702285e-02 3.095028051991712825e-01 -1.039090913332759054e-02 -8.126056696646988264e-02 2.301084229560925731e-01 6.446532818833498879e-02 2.003523258292239095e-02 1.355289480844539818e-01 -7.831994151339216614e-02 1.546505435084771229e-01 2.264740382127415075e-01 1.604923233005567107e-01 2.278147538490221113e-01 2.028226593947174416e-01 1.342127877496709365e-01 1.003206804261642382e-01 -3.667873801898611369e-02 -2.291043215068097605e-02 -6.315805187495711348e-02 2.610442563585632300e-02 -1.385977381767503243e-02 3.794421728608119437e-01 1.960410973566850401e-01 3.564892381245691744e-01 2.664876182021744810e-01 -1.955969390133398544e-01 -9.721658036202876496e-02 2.058151081094473922e-01 4.409164447310813251e-01 6.039527613011283491e-02 2.140090080734142475e-01 4.219890599450632496e-01 3.958249747058069645e-01 3.741573218158877889e-01 4.462525706320329827e-02 8.423376822212742809e-02 7.617405463075233030e-02 -1.860981289649571435e-02 -3.575904941748781624e-02 2.175499014227737782e-01 2.384714012897709012e-01 -2.643424936559667093e-02 -1.920847427885353509e-01 -4.592453895619379688e-03 4.800670435379252726e-02 1.354622735797389108e-02 1.151764362646264944e-01 9.167180808985188334e-03 5.571118306093625350e-01 2.707298865573176672e-01 -4.734968846752602573e-02 -1.434967051147948147e-01 -8.987039767028243142e-02 -5.903429407630600423e-02 3.994384497997534311e-02 -4.758556958672734150e-02 3.758282149322982046e-02 3.266197237773276960e-03 4.687778795199740861e-02 1.858755340972836900e-01 -6.709722772431554738e-02 -9.271621543796661202e-02 2.117839842179791709e-01 1.736646194083113770e-01 3.051691402187747260e-01 2.677805952220138064e-01 1.981403606258629047e-01 4.670474339706616462e-02 -1.056407696797640877e-01 -3.402197180518274494e-02 -8.068254415027453774e-02 2.827001051078091853e-01 1.602439687444758565e-01
1.466009635332313765e-01 4.569995182237011205e-02 1.159171103923134216e-01 1.438445730117649535e-01 -1.484643317013694952e-01 2.027002542645784666e-01 2.074815812713507179e-01 3.372800943064052648e-01 2.542347309877731609e-01 2.085845530167367567e-01 5.886380961188411032e-01 1.000000000000000000e+00 4.522008186839273636e-01 3.897514992473973261e-01 2.675254783023423566e-01 1.192846344922224855e-01 3.030605855089685829e-01 1.480518685425692427e-01 4.775222266119491521e-01 -1.594265182616017018e-01 8.175091350213410657e-02 2.829186564297302420e-01 1.646356269208085199e-01 5.221626904879419495e-01 2.734462793974342665e-01 6.254862860230628874e-01 1.203940020164627894e-01 3.421904567416554910e-01 3.994709681157284642e-01 3.084249457239219283e-01 -3.303736131797391229e-01 -5.245146589662921799e-02 2.669298170450638483e-02 1.156390258268567839e-01 3.888667384710791097e-01 5.807043795252038454e-02 2.407382422736374650e-01 8.667212762962736572e-02 3.333555710529113592e-01 3.972086622267524958e-01 2.783185107936411717e-01 1.219365516231904617e-01 4.360714507790637295e-01 1.062939109287627665e-01 6.101524952993621354e-02 1.050983978439332944e-01 1.770738085387044969e-01 1.179003643219880132e-01 2.861306759655285470e-01 2.386717504079891305e-01 2.557250456632251256e-01 1.173179360359469514e-01 -3.632087142674985530e-02 5.418530225560359154e-02 1.310881533640541885e-01 3.398627093389181564e-01 1.520810851095464600e-01 2.032594090512187257e-01 2.543331702917043247e-01 4.110120207480835730e-01 4.519478667881667855e-01 1.845914897094707297e-01 2.642513695157723275e-01 3.574467018767985560e-01 2.556460066262140618e-01 2.396531801807564865e-01 1.546420591349348395e-01 4.450320413133306841e-01 7.827388539437463155e-02 -1.289960917622987868e-01 5.446854184635062379e-02 1.933689221398705860e-01 2.132180963793752215e-01 3.884266306028082150e-02 2.347003369067890421e-01 5.862661460154084958e-01 4.657018558851299672e-01 1.894916458577614871e-01 -3.107143576405293484e-01 -2.347992031829969628e-01 -6.444188342205631193e-02 1.244403097459696912e-02 -1.081658740306993272e-01 2.171799357721583279e-01 1.019860086166856222e-01 1.859919743262263558e-01 2.751242368098452684e-01 1.092055921963457771e-01 9.315507933502820831e-03 1.201691086326934360e-01 8.271125969376726117e-02 7.004569590133219448e-02 3.376072081871749897e-01 1.821427471424451883e-01 2.699068500427238004e-01 1.376831464677977408e-02 9.389199229423286774e-02 1.164104076842916169e-01 2.591974690334576392e-01 1.037860677042818508e-01
1.003164341617819449e-01 6.700502371716339500e-02 2.316198218697861078e-01 -1.639620596016226964e-02 -8.969052620796011746e-03 2.453584350679537951e-01 2.384286017774321642e-01 1.171284158149127619e-01 1.309096460784032745e-01 1.637591697953512948e-01 2.186011775639521704e-01 4.522008186839273636e-01 1.000000000000000000e+00 6.622756321351986886e-01 6.188716458434065926e-01 1.489328789769464867e-01 5.163294057656736546e-01 1.001574102185461140e-01 5.810380783875790378e-01 -3.872824863379931148e-02 1.099826427941207885e-01 5.889389453622173587e-01 4.956363575341556360e-01 5.102990935160597319e-01 5.483376205987125496e-02 1.373385989129695117e-01 2.825545791349209912e-01 4.036340519370104074e-01 5.680478255337588767e-01 5.346491622875886307e-01 -6.841680232445371268e-02 -1.361028368853869908e-01 -8.457642298143695780e-02 3.157174710438278020e-01 5.208321030834218712e-01 1.944097943160315034e-01 4.870727730704805247e-01 1.708664605823840762e-02 2.124107063459445832e-01 3.517049912348344520e-01 3.587034382439012181e-01 3.902448247289169170e-01 5.237410944264200285e-01 2.705774793540733358e-01 3.539526267152726113e-01 3.543523800813714875e-01 4.966089590956229149e-01 3.800215643033873492e-01 2.908178527012335590e-01 4.332359664914655073e-01 7.265857292274978396e-02 6.956762102166784423e-02 -5.479667087958001864e-02 1.520151009618525562e-01 1.358604074837453657e-01 3.371077402329815675e-01 1.981793885274618916e-01 2.182157884356872579e-01 1.095907916133825322e-01 2.279194892992865429e-01 2.790594496453085993e-01 6.569815497127321491e-01 5.352491497252395147e-01 6.038328533682308930e-01 5.196650123975966595e-01 5.364380700838546900e-01 2.118976517477663135e-01 4.980687142002061529e-01 2.431150767093060161e-01 -5.270196803511743681e-03 1.284243709034026404e-01 3.834991864019562380e-01 4.511219099579351077e-01 9.792339142995008794e-02 2.988632529894261758e-01 1.938230561956434950e-01 5.983432139385426174e-01 4.140249247844020597e-01 -2.509216705822408383e-02 -2.524937381576095041e-01 1.523351969393783867e-02 1.242476624739170948e-01 1.971781933303589085e-01 4.080337602250941886e-01 2.593523363381718960e-01 4.300733441818866964e-01 5.343781973333181501e-01 1.539894375744458033e-01 2.758442367225335534e-01 9.054588077126453360e-02 -1.145740130985018757e-01 -9.206175370524447010e-02 2.507401376679744276e-01 2.425939712531324510e-01 3.813474467275182467e-01 2.446099130577941982e-01 3.568528306443151665e-01 3.853059047344531973e-01 2.793951287031566921e-01 2.866828304800533855e-01
5.550782760759936929e-02 2.035351455403545118e-01 1.972623310493538673e-01 1.309422121482803625e-01 2.960187572726012961e-01 2.988128791923103100e-01 2.640028252397528252e-01 6.050523327335082663e-02 5.205531507723071272e-02 -4.261698428219441032e-02 1.209710455369233106e-01 3.897514992473973261e-01 6.622756321351986886e-01 1.000000000000000000e+00 8.468131923561511565e-01 1.810532822532539832e-01 4.690817100162970599e-01 1.801985273188992376e-01 6.711400265284914735e-01 -5.798819947430707694e-02 4.011135262913684968e-02 6.051911096935580492e-01 7.051409485753867834e-01 2.714862042926124430e-01 -1.018395481316667905e-01 1.144422152413974714e-01 2.507134850509151747e-01 4.897003715071323593e-01 5.719293773006006720e-01 6.575238640801877033e-01 -2.566447883122485209e-03 -2.440489684959814276e-01 -1.942635752093972434e-01 3.096033344312838498e-01 6.062794543843219586e-01 3.891287962722084770e-01 6.035661172757740278e-01 -2.195757489736035184e-01 7.653691922658827085e-02 2.148244358305792523e-01 1.675566813178904768e-01 3.742734695851832605e-01 4.063483815977307345e-01 3.687052812411977243e-01 5.327185134490689533e-01 3.828472711939720496e-01 5.861203705343467352e-01 4.728321658271077976e-01 3.084474411889900902e-01 3.839195061899999817e-01 -2.648641011869889289e-02 1.357630955012309459e-01 1.244163723027219975e-01 4.237002445242776805e-01 2.159121053254043077e-01 2.845607073015558042e-01 4.441750321737454876e-01 2.801478331211766926e-01 -4.865204442403774782e-02 1.665375503624556552e-01 2.109985531281600990e-01 5.017777074359560663e-01 4.844899713976604239e-01 8.407078915408014996e-01 8.259343794167213204e-01 7.455364515187949959e-01 2.682017796525962838e-01 6.137350984450440361e-01 3.257904676039768965e-01 8.729077903529731952e-02 1.062648178035324464e-01 4.923099420231281109e-01 6.303680446520764091e-01 1.029317177180682635e-01 3.212859056207399977e-01 9.112917710133518201e-02 6.882311491320041164e-01 5.748242703260207920e-01 8.408146788197086441e-02 -3.151187318186920994e-01 -3.827313368081190770e-02 6.261432434195135510e-02 2.108876750202462735e-01 4.853906536338667421e-01 3.045686873855792953e-01 5.430412588371188454e-01 6.586926047651227023e-01 2.215898012538230766e-01 3.920985622290862893e-01 -1.233224145585676626e-02 -2.447514877703051706e-01 -2.268418026003885812e-01 1.142415065570159538e-01 2.510965245676681223e-01 3.823986389642554107e-01 4.241622944499786607e-01 4.395541241764998053e-01 5.488256358940731827e-01 2.960086673266275614e-01 2.969049291345459696e-01
-1.141090257837486799e-01 1.164847268459206775e-01 2.079316465852521223e-01 6.444542552658372343e-03 2.125520373140367403e-01 2.111332120523801981e-01 1.581380010888998322e-01 -9.385132824633410364e-02 -8.358774733638772714e-02 -1.446807760446705282e-01 -1.876325676132090808e-02 2.675254783023423566e-01 6.188716458434065926e-01 8.468131923561511565e-01 1.000000000000000000e+00 6.950904622117064224e-02 5.236151266298303408e-01 2.719422213342177486e-01 5.354787711505306635e-01 1.751347357596842735e-01 2.311427358576789715e-01 6.246103748488923690e-01 8.060647732657636455e-01 2.711148081741820426e-01 -2.114531608343592772e-01 1.167479645020173297e-02 4.254793759622531590e-01 5.871112447928542588e-01 5.993976987030451564e-01 7.695635196323610261e-01 1.031046681533270837e-01 -4.092552932563502943e-01 -3.105148182387819089e-01 4.352959781216012569e-01 6.201137458289884830e-01 4.836448188481051180e-01 5.787736159796202928e-01 -3.657009806930891505e-01 -1.713043043958011741e-02 1.657316902863587849e-01 1.776517363450737241e-01 3.803214534624997367e-01 3.822440928719204045e-01 4.733982228491326327e-01 5.919095935757797688e-01 5.815938662758991518e-01 6.973306735895042907e-01 6.442160845583969619e-01 3.148791667270951500e-01 4.306724739121925438e-01 -2.141244735622356010e-01 -4.948695862254367216e-03 -4.707470041134511544e-04 3.263617047793319070e-01 1.486300674772813857e-01 1.968913025896412150e-01 3.393966498358443884e-01 2.063090867593584399e-01 -6.760028801129373821e-02 1.511875296075181341e-01 1.761211096556710154e-01 5.060215534708010221e-01 5.975378360623433416e-01 8.252754227561636124e-01 8.313489618439123818e-01 8.746478161118205197e-01 1.879990507424032509e-01 4.972572807453509713e-01 4.489524465184298596e-01 2.832155451746118935e-01 3.297362600109972619e-01 5.897312527207764221e-01 7.473185173896030875e-01 9.713219912087188435e-02 3.755367478066211073e-01 -1.989620065885036246e-02 6.974287080361041280e-01 7.189731863906663190e-01 1.243281872937339605e-01 -4.053866421097248596e-01 1.697707206565512716e-01 1.828411124377355979e-01 3.807706951804595286e-01 5.689507191974610967e-01 4.664010921383384689e-01 6.773669914294246919e-01 6.306428247908346663e-01 3.784501760511330692e-01 4.901277939090178393e-01 -6.567722259289310305e-03 -3.823415073385475482e-01 -2.680918015855009440e-01 1.783620149047682873e-02 3.542821002067683689e-01 4.281182588466586614e-01 5.251641702804560330e-01 6.165362648832006798e-01 7.030963276183168631e-01 3.193311731971382739e-01 3.433012102966062629e-01
