1.000000000000000000e+00 1.086691188874044922e-01 3.519147689682656233e-01 1.019221226155668236e-01 -9.042383241108846448e-02 1.521698455236845382e-01 3.823955900155123072e-02 2.172559998833136288e-02 -4.266352473551813379e-02 -1.288468097091385878e-01 -2.776972603521366545e-01 -1.275696316201385128e-01 -2.227048462072191148e-02 -1.464406912067746924e-01 -1.002755999813814830e-01 4.456015941963366034e-01 4.697242417255908381e-02 -1.281412251194039564e-01 -7.299902138324711187e-02 -6.053537592298141590e-02 -1.884707452312520959e-01 -2.082847227384038991e-01 1.488626545809479951e-01 -2.021216697028936082e-01 -9.485863726288362718e-02 -3.904667076695560873e-02 5.803185121832785814e-02 -1.592415960897899385e-01 -6.130821383240948191e-02 -4.412872867380259606e-02 -5.710239816496231330e-02 3.784363130633558447e-01 2.282323804941576995e-01 -1.404312170367035539e-01 -2.533722904384071439e-01 -2.875266502905025057e-01 -2.729916881017433600e-02 2.191464710760844883e-02 -1.127241656213087868e-02 -2.329640678353269712e-01 -3.322002965858561474e-01 -1.647212395817090336e-01 -1.813835699344298336e-01 -1.594484935908794809e-01 -1.462357865246558530e-01 -5.483528894378788404e-02 7.745582421945318430e-02 9.844505457046667796e-02 -7.683225611239934139e-02 -2.435106009856687348e-01 4.698727958205184407e-01 -2.838984861514421906e-02 2.664612415457517924e-01 3.443527230287702495e-02 1.815577782158861175e-01 4.609141748572446184e-01 2.935727084207735982e-01 -8.565476205337523019e-02 -1.132334160132472817e-01 -1.800285122940669391e-01 -2.331150124415329317e-01 -5.782044708152430518e-02 -1.016461138876803005e-01 5.307797900099396615e-02 -7.215118801621704658e-02 -7.267274461713300882e-02 9.460107882511277488e-02 1.198297674781956534e-01 -8.955439635741670179e-02 -1.426636208554953045e-01 -8.226239455430567338e-02 -1.574545991453105698e-01 2.090875469668471501e-02 -7.406908498868858270e-02 -2.386353495778266998e-01 -1.700803010235337753e-01 -2.846417563163736869e-02 -9.240263851175052612e-02 -3.752054866570051633e-02 3.059200254832975530e-01 -2.302817400019322724e-01 -1.186798520136143759e-01 -1.375708019505141599e-01 -1.228229777042710996e-01 -8.900305913733237706e-02 -7.914407442904854151e-02 -1.298814620079229432e-01 -3.760660275548271397e-02 -3.241537739426058606e-01 -2.694649942369191642e-01 1.909376331298012208e-01 2.332745147201833735e-01 6.932700930930088545e-02 -1.076001179391382900e-01 -2.343077722545037489e-01 -3.020703783228090300e-01 -4.340558021273276113e-02 5.283821723522599129e-02 -1.498103601810552542e-02 -2.786877321955549824e-01
1.086691188874044922e-01 1.000000000000000000e+00 4.053219378730338884e-01 5.868352940214773827e-01 5.449138541759249721e-01 -7.878920979165446314e-02 -2.742906998705094135e-01 -3.556548791634975282e-01 -4.562789283449434352e-01 -5.001715873550999225e-01 -3.472368545321605215e-01 -2.911169170414944496e-01 7.668489057307506518e-02 3.650106699261899124e-01 4.484832942567265057e-01 5.773756839819724762e-01 -2.794048705734885618e-01 -3.385508679712821434e-01 2.239266309509436448e-01 -1.944075449884440643e-01 2.847506028980429926e-01 1.714480788965318594e-02 4.677304186491081928e-01 -3.549416495749546652e-01 -4.666311348340270171e-01 -6.596280864703377156e-02 5.442801753517394203e-02 1.600482983995995812e-01 -1.955648266398885698e-02 5.117479611686445162e-01 -2.720078372967946745e-01 4.400066520548392979e-01 6.232738527835213205e-01 -1.596591702639955646e-01 1.204521478673835216e-01 -4.575233567758946740e-01 -2.101751382601066143e-01 -3.413930992402895437e-01 -2.427668594247636702e-01 -4.293565523449105470e-01 -2.001575154284495339e-01 -2.029401584973875849e-01 -1.238676878101041823e-01 -1.547450212300601757e-01 2.446639067075164972e-02 2.022725845281317381e-01 5.131477796248388179e-01 4.093069108297040515e-01 -4.026099843225576791e-01 -3.795308305556192030e-01 4.072403139769478209e-01 4.826481771763095341e-01 6.115371476841372500e-01 4.883120997754023529e-01 9.185880996563834666e-02 1.543913537995332819e-01 -1.437828772778081410e-01 -3.452514810773273379e-01 -3.748006222489133066e-01 -4.361878158123421168e-01 -1.286595330902329248e-01 6.349140828464770736e-02 6.512193087831787131e-02 1.659026923714910021e-02 1.149834691665100328e-01 4.458125205977231942e-01 -3.513546946291988271e-01 -2.022017524702701685e-01 -4.508516947754628301e-01 -4.182823386448333847e-01 -5.453105158095346988e-02 -1.753170409625995352e-01 5.191878069267910067e-01 -4.809298203028119501e-01 -2.342610291782950757e-02 -4.863364880270167334e-01 -1.269810503292630524e-02 5.017061232470380050e-01 -2.697469186738912228e-01 5.267099266882796504e-01 -1.277177112774176282e-01 -2.375543530932721359e-01 -4.939153622156082779e-01 -2.552679796882685870e-01 -4.765845123732789096e-02 2.887678526730824147e-01 -1.253394528326559620e-01 1.099001541385891817e-01 -3.221458971101619495e-01 -3.545014352915537570e-01 5.061699133624961711e-01 -3.974542154133730576e-01 -2.460774871722117563e-01 -5.415848297032908043e-01 -3.989360915625838611e-01 -2.633592531073608578e-01 9.814360051895272552e-02 3.078576700856442971e-01 -3.888168981930106294e-01 -4.606662406109143237e-01
3.519147689682656233e-01 4.053219378730338884e-01 1.000000000000000000e+00 3.921436474741921696e-01 2.990552406401757457e-01 1.197530157408594753e-01 -5.783616124882973164e-02 -4.944759062989293602e-02 -1.450335705131695074e-01 -2.171855618608915794e-01 -4.784477339688797404e-02 2.401738534966607261e-02 -5.308725054081023936e-02 1.428051855671793324e-01 2.858961590032872424e-01 3.792452707337149453e-01 -9.464606247258069982e-02 -8.903673453024886497e-02 3.263261606640408680e-02 -3.308752927692538547e-03 1.404323414055821673e-01 -2.627726848415395944e-01 3.075866227281524035e-01 -8.176312336747115772e-02 -7.353911952100959659e-02 8.765471872698775424e-02 2.520672148160583159e-01 2.837093400682863184e-02 1.030834226995483438e-01 3.563505678517026043e-01 -2.333586785087011506e-01 2.054987881216268908e-01 1.719023102815844528e-01 -1.761327237841269489e-01 3.610198721625885142e-03 -1.885475775739541560e-01 -1.506835998157565748e-01 -2.168453411132929831e-01 -8.889306400526036933e-02 -2.128625027134548597e-01 -2.420835607575408943e-01 5.936545211545579681e-02 -9.471953637359845427e-03 -6.494168705826297572e-02 3.542000524224205721e-02 1.139711609904653922e-01 2.388988532806707865e-01 2.284073760176020540e-01 -1.841822311567124781e-01 -1.584581244879244566e-01 2.766945583965805255e-01 5.574453086237677324e-01 3.582984003340764501e-01 3.554836990956036225e-01 2.536233646619751037e-01 4.479905074540418419e-01 9.946670001214434620e-02 -5.178717195284780056e-02 -1.677326301226276795e-01 2.900316563281587351e-02 -1.385739764478952779e-03 1.310300074616514432e-01 5.390859966643542917e-02 3.403397619318938166e-02 1.133064122526294543e-01 3.383832218440422923e-01 -2.722178945883502177e-01 1.289985534987699856e-01 -1.708136152056441703e-01 -1.950567824319554833e-01 5.936766572327577957e-02 -7.449483981125654131e-02 3.747483333006703665e-01 -2.740837607803868758e-01 1.421473172062706070e-01 -4.551875542709871852e-02 4.599756741335134756e-03 3.268878353532602143e-01 -1.038784382563531644e-01 3.115430593345010490e-01 1.926774742969126000e-02 -1.573912061935208162e-01 -2.708889154809711597e-01 -1.358759792151398582e-01 9.450351192047840021e-02 9.281533325002630508e-02 -1.037068636433190888e-01 -2.130219104780391322e-05 -2.572680978137588670e-01 -1.552095708423056608e-01 1.250570378382021564e-01 -2.934273022966066846e-01 -2.553627841475192839e-01 -1.554947026726848924e-01 -1.238892313123411831e-01 -1.956496374639325186e-01 1.475652980696648964e-01 2.450603528691817634e-01 -1.185916075519727331e-01 -2.346741248085507936e-01
1.019221226155668236e-01 5.868352940214773827e-01 3.921436474741921696e-01 1.000000000000000000e+00 6.693468723600040082e-01 -7.528737693783779661e-02 -2.780751093293698517e-01 -2.397491197805476926e-01 -3.842790591672695100e-01 -4.590532638400942056e-01 -2.929090591866367332e-01 -1.283246726060979781e-01 1.351562699383406507e-01 3.537072763749392612e-01 5.542158784921482617e-01 6.410978279960060089e-01 -1.870003810248410392e-01 -2.092982469875703244e-01 2.902770843304571802e-01 -6.103920796092328349e-02 3.863330576686402340e-01 1.107229613821695581e-02 4.634084893939364735e-01 -1.927312271741408456e-01 -3.891054277641883274e-01 -5.205406560623546813e-02 2.195008753125890777e-01 2.749107410420857378e-01 1.937723106883896262e-01 5.001425369253420516e-01 -2.731271404186140783e-01 3.403869646776038205e-01 5.229911421442735575e-01 -1.123328233952914090e-01 2.444407111164888513e-01 -3.332976856783990693e-01 3.772221080197412507e-02 -2.884830535468017043e-01 -2.327013379370752311e-01 -3.737539067975497731e-01 -6.161294862652708093e-02 1.238780891277094752e-02 6.582471759285539459e-02 7.756181609393318632e-02 2.606213128831326165e-01 3.859538075687742320e-01 6.053124011364440227e-01 5.313668022058865015e-01 -3.593918872891062599e-01 -1.439608888669149933e-01 6.470825632127351346e-02 3.143224414279625067e-01 6.757957485105043904e-01 8.219056723913080731e-01 -9.389943273302829574e-02 1.708490601776571083e-01 1.452326598549443237e-01 -3.618958170901533933e-01 -3.415695961716785911e-01 -2.206598779280931344e-01 -1.188396700769046160e-02 1.877441794818359433e-01 1.651930193520209644e-01 -4.760012780143864364e-02 3.241966482365987723e-01 5.395915988177941713e-01 -1.505357374083787780e-01 -1.427031836752421790e-01 -3.990673425427403442e-01 -3.722173558840177754e-01 1.670323963755844521e-01 -4.967735298549243173e-02 5.530353586537493094e-01 -4.619214933057392836e-01 3.084226262743569938e-02 -3.289271773383743436e-01 1.515613461321365651e-01 5.167529468543931026e-01 -3.220282776564954985e-01 5.745757582569237520e-01 -1.318105367710256937e-01 -2.231918953153202989e-01 -2.799962284311842131e-01 -1.121231152727480626e-02 1.070554399561036013e-01 4.111487330710899557e-01 9.805521142333172013e-02 1.851553258053685591e-01 -2.444968903085008027e-01 -2.448155456993890977e-01 4.149577734103280791e-01 -4.415629240025013558e-01 -1.015978722440262494e-01 -2.636701098231629681e-01 -1.445150794602161615e-01 2.644584973730062030e-02 3.565360073970691990e-01 4.430647934777201535e-01 -3.431437604782995865e-01 -2.787973609314283174e-01
-9.042383241108846448e-02 5.449138541759249721e-01 2.990552406401757457e-01 6.693468723600040082e-01 1.000000000000000000e+00 8.505514470803646199e-02 -2.753024726791012955e-01 -2.644717054722898197e-01 -3.284821053020735571e-01 -2.888133163392271885e-01 -2.349302400741593300e-01 -2.483889091885543576e-01 -9.544881124527987426e-02 2.167417993934524501e-01 3.546128650690251183e-01 4.186731256223233388e-01 -3.467574882015873605e-01 -2.677449674332721963e-01 1.191528878268610786e-01 -2.234384580392321518e-01 2.696977666922905637e-01 4.192047034351472495e-02 2.588104670841785970e-01 -1.777853191793193899e-01 -3.077948790685900438e-01 -2.148523275260622034e-01 1.209522236573406517e-01 1.970237108203467258e-01 -4.730031968859243693e-03 3.399684825899382812e-01 -1.605835788676273357e-01 2.537629064375109822e-01 5.155561947647877563e-01 -8.386152951718370274e-02 1.897037654215646407e-01 -3.282096988735315746e-01 -1.140751027697415459e-01 -1.704804351904433413e-01 -1.648636900392670135e-01 -2.976365729041007269e-01 1.635781481910626722e-02 -5.745527328288281554e-02 -7.525869956715340592e-02 -1.778934778516754606e-02 1.893756790113796107e-01 2.340914380307405063e-01 4.592050295239460400e-01 3.564549561449324999e-01 -3.476280824821668114e-01 -1.762116145052626537e-01 6.000192880516580507e-02 4.148013294787168403e-01 4.929145123797507577e-01 6.737278044225638585e-01 1.579335607140186504e-01 1.282938391105160891e-02 3.515965855919037791e-02 -2.237153398810028115e-01 -3.204944195242461213e-01 -2.119085734466283621e-01 2.621621409075564416e-02 -3.640486434753886780e-02 -4.373831808060537479e-02 -1.721853664568931963e-01 7.457206055663445632e-02 3.477851370398110098e-01 -2.123234484851653503e-01 -3.357585231716965768e-01 -3.738103071941782929e-01 -3.313046715018192478e-01 -6.588137937235545236e-03 -9.829265160936934143e-02 3.946904834669773821e-01 -3.872654386203275845e-01 2.908120720081966079e-02 -3.592796933385523639e-01 -7.461274727926477113e-02 4.048110750052756335e-01 -2.479379119772527340e-01 4.535766434013054349e-01 -8.532536791549025224e-02 -2.162079594221410009e-02 -1.685554180461680540e-01 -7.722817813767894612e-02 1.967873291485877987e-02 3.408212305177401036e-01 -2.140900084121670835e-02 9.074715633094367073e-02 -1.868652886580107197e-01 -5.217325431056622081e-02 4.421340022823975202e-01 -5.210350292265660821e-01 -8.339041732077709379e-02 -2.887120894726506459e-01 -1.638406261195579916e-01 5.570648715723092864e-02 2.136893450533146055e-01 2.745243675242693970e-01 -4.486534397910545424e-01 -2.950327925460522471e-01
1.521698455236845382e-01 -7.878920979165446314e-02 1.197530157408594753e-01 -7.528737693783779661e-02 8.505514470803646199e-02 1.000000000000000000e+00 -2.152024411472530738e-03 7.689778410974780487e-02 1.961311897404664495e-01 1.210677838857135286e-01 -7.138588910632424900e-02 5.720854706863662265e-02 -5.612384747676611718e-02 -7.013709239156933756e-03 -3.302392313317182443e-02 -9.444512813208326418e-02 3.295545062611410919e-02 4.800475347435849416e-02 -4.770771471361202193e-02 1.026148895883007839e-01 -2.969766107494347870e-02 7.175994588159535781e-02 6.734055685947490377e-02 -1.561455152225593897e-03 -3.300725623418120092e-02 2.765341244894626432e-02 1.280209772065598051e-01 7.196745129813308939e-02 1.458504358188737193e-01 3.550045711894792011e-02 -9.556967076988019671e-02 -1.858631741075691401e-01 -1.296865674373898769e-01 7.903123163606341761e-02 -1.679325490439658244e-02 -1.713127510596780187e-02 1.409136847956011240e-01 -1.820202954378309299e-02 -7.983251014834054360e-02 -1.473261045811673220e-01 -3.269797131538463436e-02 1.371630122657997893e-02 -4.195545032275551506e-02 -2.529362590864439684e-03 9.046120896648146559e-02 2.902906359060387215e-02 2.849388214604652372e-02 1.571353710439493678e-01 2.378747033340010142e-01 -2.744256022541327958e-02 -1.268152885799474494e-01 1.094726725017186875e-01 5.212395981918443999e-03 1.936235359016210897e-02 6.047828521740237218e-01 5.050273453055638129e-01 1.466893395070654194e-01 7.923539015703680299e-02 -5.941342914063882374e-02 -4.342992580329339825e-02 -8.772034341337381705e-03 -1.334033272161517722e-02 2.431522407741668751e-02 -2.154601940815156075e-02 -2.192828054364561255e-02 -9.400615705586638782e-02 -4.000613801091937663e-03 4.684656925256656945e-02 8.769062349046789773e-02 1.615321578840462832e-02 1.841606563568555510e-03 1.882222348325968686e-01 5.981234037668036602e-02 6.697954473453969493e-03 -2.888756212493645559e-02 4.448107432000793227e-02 1.454942781882429259e-01 -3.167120610492187884e-03 -7.289865965920469537e-02 -1.932306139509172016e-01 6.965722766004597832e-02 5.929313681912989475e-04 8.156839015999658993e-02 1.306799268644661394e-01 9.960616896543159071e-02 8.618701167371195515e-02 1.136277718539953352e-01 6.261845553721162583e-02 -2.879406536769008040e-02 -3.814089327060733725e-02 -6.441470326400475233e-02 7.762993344491259107e-02 3.344285894228269385e-01 -1.400503360578475576e-01 1.804699057687229879e-02 -1.133848458765799039e-01 5.292834005860467400e-02 1.619553910440438005e-01 7.969729855676621622e-02 -3.519057253042981448e-02
3.823955900155123072e-02 -2.742906998705094135e-01 -5.783616124882973164e-02 -2.780751093293698517e-01 -2.753024726791012955e-01 -2.152024411472530738e-03 1.000000000000000000e+00 6.173310390655553093e-01 5.543154075825749150e-01 3.355945233687266382e-01 2.025389248533742137e-01 -3.397088998368084228e-02 -2.070769295895764084e-01 -1.371058820557768954e-01 -3.746139896065879826e-01 -1.551776194349575033e-01 -4.166058439019722226e-02 8.980831224670710045e-02 -2.479563136282015856e-01 -7.927343056577637603e-02 -2.328041864530642768e-01 -1.659684506059115883e-01 -3.242859423939284391e-01 2.034297385909335926e-02 2.887740128558139996e-01 -2.665408173290035321e-01 -1.413724563654310817e-01 -2.429797302524222546e-01 -2.275665203688167215e-01 -3.418042401347898274e-01 2.223774936434547156e-02 2.028217354860124277e-01 -1.507176385855391321e-01 -1.684923035469181873e-01 -3.167620658577107728e-01 8.896824217732797468e-02 -3.960939810724194432e-01 4.055565356973536151e-01 2.840784541992397161e-01 3.905350100654088608e-01 -3.411055322452927752e-01 -3.142067740223923322e-01 -2.803901530866698133e-01 -2.619848360322067915e-01 -3.817978318015057826e-01 -3.882117938532749224e-01 -5.235853235669650774e-01 -4.812648870953687985e-01 3.076587511275595266e-01 -2.530792224056187534e-01 1.717692183035054443e-01 3.378310223835685744e-02 -1.993088724774114417e-01 -3.098893705873113635e-01 -1.023287900258679564e-02 -6.218357760397152240e-02 3.237549102921234989e-01 5.161196407999741886e-01 4.592112343940247254e-01 6.622289103010241262e-02 -7.630627657481033055e-02 -3.080246696193311706e-01 -2.537790897283548897e-01 2.146062854347279558e-01 -1.699708295138325775e-01 -3.142791957230732236e-01 2.715393605958983936e-01 7.362842624881883735e-02 7.306102936913068391e-02 1.542566137542983051e-01 -9.282407157795030672e-02 -2.695440689222649566e-01 -3.923488708898513200e-01 3.670421485068598444e-01 -1.117730134394798319e-01 2.356247184583635038e-02 -2.716293233170586907e-01 -2.712885065978509203e-01 3.148498545480675759e-01 2.907064179364580482e-03 -1.526971627862635239e-01 -6.474643397295043457e-02 8.390501118926344329e-03 -1.480276475427047822e-01 -1.311644468130460650e-01 -3.948177132218482210e-01 -4.075444959770507247e-01 -1.473845032677754130e-01 -1.909421483411755938e-01 1.092956761679271527e-01 -1.956737249632913844e-01 4.731394679826369520e-01 -6.020986319147311749e-03 2.774811497339034205e-01 -1.422158727869253514e-01 -1.271201389679488536e-01 -3.656890009286195564e-01 -3.746998078589563463e-01 1.984532672586252211e-01 -4.301796963118559997e-02
2.172559998833136288e-02 -3.556548791634975282e-01 -4.944759062989293602e-02 -2.397491197805476926e-01 -2.644717054722898197e-01 7.689778410974780487e-02 6.173310390655553093e-01 1.000000000000000000e+00 6.745673802338080227e-01 3.749315751116883422e-01 2.767837883548220357e-01 1.081590726986830509e-01 -9.669109987006489770e-02 -1.430730320353383878e-01 -3.433351625232570759e-01 -1.171832022822341945e-01 1.177447386600593421e-01 4.598348281748011468e-01 -2.045636012189087569e-02 3.455034316610238604e-02 -1.054942264115968642e-01 -1.033792660495739812e-01 -3.794048181207034798e-01 5.765320907403194417e-02 2.354963130332899945e-01 -1.790747596743098025e-01 -2.885904761427721121e-01 -3.135781950814424679e-01 -1.688829080852144726e-01 -4.621192764579154511e-01 1.271422694762440742e-01 3.209016158175622205e-03 -2.574847452778517565e-01 7.832246734157620460e-02 -2.316030452739389622e-01 2.436716042343181898e-01 -2.358717820930280040e-01 3.244846762671287355e-01 2.733007867873666341e-01 3.447335000840677788e-01 -1.763699258930220282e-01 -1.562996288842689596e-01 -1.458213443241596907e-01 -1.893425286587340495e-01 -2.132842192950737958e-01 -4.976532812744394740e-01 -5.268599674231340124e-01 -4.646255604578348186e-01 2.838836920978267120e-01 -1.446060841619597748e-01 -2.380504693562833767e-03 -7.065141095013396932e-02 -9.485167365000544970e-02 -2.047084758438605934e-01 -1.016113886986250991e-01 4.793633682728295348e-02 5.957160966215975240e-01 6.640841191222859319e-01 4.438140247374720571e-01 2.077779845209596077e-01 8.103858748992770478e-02 -1.879774567393952822e-01 -1.468712428606868958e-01 7.416883798344395262e-02 -4.883825800533377753e-02 -3.320740109750339175e-01 4.526927613714212817e-01 2.219021055483916816e-01 3.107573055695927455e-01 4.682874494540328336e-01 5.264176921729474268e-02 -1.660912885192434851e-01 -4.357279323199804710e-01 4.316181856306965936e-01 4.460024108142451871e-02 1.424266077460857316e-01 -1.234390387635739411e-01 -4.051982563908051449e-01 3.067041020417221597e-01 -6.685422642279748029e-02 -7.746799655805731988e-02 -3.630684579857103300e-02 7.904279047931064839e-02 -6.382733840561020944e-02 -2.043807926165018274e-01 -4.316816088842485577e-01 -2.892637942285498087e-01 -2.962077226554681308e-01 -9.683485000956588984e-02 1.256597784589201239e-01 -2.875003405716436977e-01 4.726650209140928482e-01 1.224875487027754922e-01 3.823332908795424312e-01 6.587853636435805904e-02 -1.117272592444271823e-01 -4.436444569624753975e-01 -3.958950592770445476e-01 1.581783705315545907e-01 -4.311338389276469195e-03
-4.266352473551813379e-02 -4.562789283449434352e-01 -1.450335705131695074e-01 -3.842790591672695100e-01 -3.284821053020735571e-01 1.961311897404664495e-01 5.543154075825749150e-01 6.745673802338080227e-01 1.000000000000000000e+00 4.592964209551140264e-01 2.227154831946057401e-01 5.410527799457444387e-02 -1.638137553804300817e-01 -2.496991209307515003e-01 -4.823469338164939058e-01 -2.944742004925542944e-01 1.556585337351595877e-01 3.454647979856140805e-01 -1.812138989627016250e-01 2.369553909194464444e-02 -2.898303309788745619e-01 -1.555319409734580993e-01 -4.418149567856917148e-01 1.304842395019083223e-01 4.496881498576199565e-01 -2.332623172117596344e-01 -2.116567499256151175e-01 -3.255257036453874098e-01 -1.494311998997596147e-01 -5.087822403633631696e-01 3.351711563303634289e-01 -1.085027345371132601e-01 -3.006285446369699188e-01 1.312935650793016773e-01 -2.803382746961214922e-01 3.919516883625565051e-01 -2.393735707433633786e-01 4.688982331083182964e-01 4.176649199622112785e-01 4.809349818011667277e-01 -1.212116290272703956e-01 -8.070101215794904526e-02 -1.869640666849443078e-01 -8.269500864190275358e-02 -2.209890490924953099e-01 -4.246885175970663284e-01 -6.072388470230105639e-01 -4.898724291009413090e-01 4.498199272982222885e-01 -7.053968137541169296e-03 -6.002208521472934127e-02 -1.075151272202875402e-01 -2.873815615259902034e-01 -3.283247138502405904e-01 -2.939862278323948988e-02 1.024261569957411466e-01 4.566685026208154308e-01 6.860526897861916051e-01 6.014986064908565133e-01 2.978751819192380634e-01 1.002016819332013503e-01 -1.658708218764492204e-01 -2.084066856126267353e-01 -5.341845360425262132e-03 -2.296998972912083214e-01 -5.008503139139577343e-01 3.977239347308622053e-01 1.475247505685342020e-01 2.673915446954271968e-01 3.642048368197237096e-01 -1.535200832090208301e-01 -1.468256885586419758e-01 -5.270088489591118197e-01 5.224125918388003997e-01 -3.667747843418991266e-02 2.708737620863416740e-01 -2.079802990137651630e-01 -4.896662200014623711e-01 5.208722847650589793e-01 -2.620676197007751895e-01 -7.742936052088039700e-02 1.392566095382511727e-02 1.783020510697476690e-01 -3.983444525188281626e-02 -1.604354487797892415e-01 -4.652798064299667469e-01 -2.659538908957369552e-01 -2.980942707353881338e-01 4.095463980120773312e-02 2.060111335294357027e-01 -3.115807621591272780e-01 5.229331989620704668e-01 2.261685056355726697e-01 4.375588882958379999e-01 9.777793039560410404e-02 -1.569702024135292626e-02 -3.802664687155764556e-01 -4.047640587355623709e-01 3.471549160629222031e-01 1.805981252608002408e-01
-1.288468097091385878e-01 -5.001715873550999225e-01 -2.171855618608915794e-01 -4.590532638400942056e-01 -2.888133163392271885e-01 1.210677838857135286e-01 3.355945233687266382e-01 3.749315751116883422e-01 4.592964209551140264e-01 1.000000000000000000e+00 4.681320352803954865e-01 2.007146297489899867e-01 -1.414042306871342025e-01 -3.344632966748516956e-01 -4.480328931932843206e-01 -4.315889281139242972e-01 -1.116157569052243434e-02 1.616039469154741948e-01 -3.330342613249160366e-01 -8.720798105141368273e-02 -3.432182536313406751e-01 -1.465865800057635782e-01 -4.888449674660841349e-01 2.965254997218036981e-01 5.752334977479256484e-01 -2.021767610680113292e-01 -1.781026339881151832e-01 -2.861670989908370877e-01 -1.543931868295388143e-01 -4.345966371933259742e-01 2.957796613127824936e-01 -1.703397338963568430e-01 -3.459710807678929578e-01 1.726082687226660611e-02 -2.933360293152674769e-01 2.216147447214425747e-01 -1.743237855496508892e-01 4.594508871975613307e-01 3.503639864327637299e-01 4.819933656360665952e-01 9.598473221575530567e-02 1.667226716289424149e-01 -1.234556800533885140e-01 -6.049321155938349598e-02 -2.310498886001122465e-01 -3.242386893853667074e-01 -5.119524019675105730e-01 -4.592171279218764668e-01 2.367793341219266157e-01 9.163639775058524117e-02 -2.026967190738273306e-01 -2.287587576080710727e-01 -4.754770745650510611e-01 -4.265090485392191155e-01 -6.038888864926840461e-02 -1.125442178709228636e-01 1.663166344372861150e-01 3.781694515048665273e-01 3.974141126870183172e-01 3.938024343006045203e-01 2.803358888738538002e-01 -1.275497239605172806e-01 -2.274048414559842746e-01 -6.756989665631758790e-02 -2.654599122350346230e-01 -4.410934767467261652e-01 2.492351937208223123e-01 1.595839793050703517e-02 2.332401611359647131e-01 2.507011376047559859e-01 -1.844132091408049456e-01 -5.941634663404788547e-02 -4.802854588407632908e-01 4.015985290877192027e-01 9.002170043682933276e-02 3.325915445687777638e-01 -2.523655980278109445e-01 -4.093990276201807110e-01 3.359505331678011575e-01 -3.222642569642263366e-01 -1.661469554843883131e-02 2.071269149637162410e-01 3.033645021267681319e-01 -5.317038412939234515e-02 -1.469229768333515651e-01 -3.474805144476234564e-01 -1.814944396633118850e-01 -2.869477220880561341e-01 3.048377106294980834e-02 2.924120999543837196e-01 -2.449659094799092329e-01 3.416363806922019797e-01 1.849394992573677454e-01 4.484035513968299691e-01 2.876740257348195939e-01 9.099205254687338373e-02 -2.879211310253756428e-01 -3.702383422364519117e-01 1.534796956768035292e-01 2.079651850602146634e-01
-2.776972603521366545e-01 -3.472368545321605215e-01 -4.784477339688797404e-02 -2.929090591866367332e-01 -2.349302400741593300e-01 -7.138588910632424900e-02 2.025389248533742137e-01 2.767837883548220357e-01 2.227154831946057401e-01 4.681320352803954865e-01 1.000000000000000000e+00 6.083456416876731332e-01 8.581068386710748175e-02 -2.139453426114493531e-02 -6.096375950411629663e-02 -3.850341460780171698e-01 8.765989477954432008e-02 2.718561264883457285e-01 -1.144446854576786077e-01 4.902315832871289442e-02 -3.167914357148371440e-02 -1.682126265802308118e-01 -3.107033176121525297e-01 4.524341534790337072e-01 5.450069776241877051e-01 1.588862203023262143e-01 -6.300100845213114920e-02 -7.164509385069366132e-02 5.395236417615115881e-02 -1.251862811888960203e-01 1.521610245170644700e-02 -3.291739653957995726e-01 -4.927528285800522045e-01 -7.203222136450543323e-02 -2.397857049034571655e-02 3.620047086165188444e-01 -8.662895705238255264e-03 1.522629495260516830e-01 1.559550803433873145e-01 3.677590561999355967e-01 1.679170492242680335e-01 2.466628044448785362e-01 2.347818832552239499e-01 1.329506540642057255e-01 1.128090926878258515e-02 -1.242957227894317673e-01 -2.737866193799327053e-01 -3.165053370756151230e-01 1.402183128745139729e-01 2.529817973323041924e-01 -2.603210072950720155e-01 5.973970926454475611e-02 -3.547673833251372422e-01 -2.158460534173454737e-01 -1.662590916369269256e-01 -1.683529530216988090e-01 -2.101014833880051474e-02 2.647564488371601521e-01 2.697595774106422151e-01 5.379567658794681684e-01 3.835221198199727510e-01 2.404474192949199174e-01 1.370311423748014068e-01 8.731361709146930050e-02 5.193987116301356649e-02 -3.729607606547329524e-03 3.732331821939592533e-03 3.197111219984862807e-01 2.958047908326733588e-01 2.480695608020996035e-01 1.208573769389170161e-01 2.247693938284657245e-01 -1.852138631728190987e-01 1.895061003727165627e-01 4.263971130132873655e-01 5.421180109233892930e-01 1.890560806999728310e-02 -4.265209010742194995e-02 1.814517260969439050e-01 -2.878679829213492969e-01 2.915073637861554379e-01 5.540208087306174034e-02 2.178031106828456909e-01 6.320174443003112597e-02 5.192330503629443567e-02 -1.487744241915626431e-01 -8.437509799635362420e-03 -1.218557401734504803e-01 6.349120004214853230e-02 3.223116570651860524e-01 -4.375376505971819707e-01 3.744195432722994404e-02 -7.508415765152277876e-02 4.118890999957763310e-01 3.483738105476671398e-01 1.530798940201168190e-01 -9.226357225989312294e-02 -1.510187572227188746e-01 2.000760583996133435e-01 2.344099071650157795e-01
-1.275696316201385128e-01 -2.911169170414944496e-01 2.401738534966607261e-02 -1.283246726060979781e-01 -2.483889091885543576e-01 5.720854706863662265e-02 -3.397088998368084228e-02 1.081590726986830509e-01 5.410527799457444387e-02 2.007146297489899867e-01 6.083456416876731332e-01 1.000000000000000000e+00 1.478743085914994149e-01 2.559958925761659371e-02 7.439034455425566628e-02 -1.752642052957268937e-01 3.581829063077393016e-01 3.125436564823746433e-01 -7.551706276159127727e-03 1.446663071153940217e-01 1.436769108618642377e-01 -1.430306167708111365e-01 -6.849487848689075897e-02 5.654931921459149802e-01 3.435081597099330919e-01 4.416876508015483704e-01 -3.048544260867367545e-02 -4.246478483785356278e-02 2.426579927709449913e-01 6.034935200559995300e-02 -1.867895141494457789e-01 -4.054334738467953447e-01 -4.572804357989575519e-01 8.011526840699863261e-02 -2.630769761103057824e-02 3.555129814839161906e-01 1.775719422194546315e-01 -1.260433785133770468e-01 -3.588241952888217290e-02 8.265000712460916776e-02 2.234577097882243235e-01 2.909311924133644589e-01 3.742337394448704280e-01 1.289919718031903861e-01 1.964883499074578446e-02 2.579776979093423295e-02 -9.129443399322063890e-02 -5.011182605954157127e-02 1.204953542827249396e-01 3.951292194549622105e-01 -2.704491360968317992e-01 4.210148862332560582e-02 -1.548023789906984582e-01 -4.970080274232722972e-02 -1.351574573358428066e-01 1.252451421967251122e-01 -1.654049836761748576e-02 6.091723915932865246e-02 6.970385783112841016e-02 4.224679784173623887e-01 2.792745228020709347e-01 3.741519111965215250e-01 1.720758550406877030e-01 5.855734963768855633e-02 2.119655079722244650e-01 1.620126745327109263e-01 -1.220178435748605072e-01 4.842867823046401732e-01 3.255119298235058523e-01 2.585361195745364826e-01 2.111396525556034631e-01 3.837901979271676201e-01 3.927617224614722569e-02 4.970283333835206693e-03 4.688742900811682657e-01 5.180923115045069638e-01 2.746646521636928462e-01 9.519814801337628252e-02 -1.337090090420655075e-01 -3.006204425626394783e-01 2.579531676726745104e-01 -9.231956683237790839e-02 7.869438593848472607e-02 7.990742473978639654e-03 2.310227323509446776e-02 -9.381366601379180492e-02 1.622508344912910183e-01 -1.043792214060420137e-01 2.011414174200877869e-01 -1.150403043500271803e-02 -4.378504860896158535e-01 -5.840401590522103711e-03 -4.937808878739369939e-02 2.039737176654404793e-01 3.850277264562605439e-01 2.849573325710617194e-02 2.295677740646755519e-02 3.375162897564584069e-02 1.871549684511963629e-01 3.056960508133579335e-01
-2.227048462072191148e-02 7.668489057307506518e-02 -5.308725054081023936e-02 1.351562699383406507e-01 -9.544881124527987426e-02 -5.612384747676611718e-02 -2.070769295895764084e-01 -9.669109987006489770e-02 -1.638137553804300817e-01 -1.414042306871342025e-01 8.581068386710748175e-02 1.478743085914994149e-01 1.000000000000000000e+00 4.426283881164891354e-01 4.286616984874196956e-01 3.591595128672755294e-02 4.119662707330969398e-01 1.842556586192919121e-01 3.506130418245270164e-01 2.691318166179972882e-01 2.560835662497766285e-01 3.664337621058009198e-01 2.886714414004437623e-01 9.585269738775230308e-02 -7.577165034728054749e-02 2.728343739173189619e-01 5.220347373908701405e-02 3.009355918982037914e-01 3.870492503158480257e-01 2.818496408303738932e-01 -1.672018106139779581e-01 -9.735440239887403714e-04 -6.785772585659137490e-02 2.400030781683511541e-02 1.831397083807003168e-01 6.762398141787344212e-03 2.371238202714672783e-01 -1.936075023037884812e-01 -1.047763578109246196e-01 -1.061369023867276551e-01 6.780756764157851342e-03 1.040576376792700097e-01 2.856016580675946881e-01 8.155821045705732852e-02 2.165952999414506863e-01 1.572404850327229764e-01 2.139217523363220741e-01 2.067054316591643293e-01 -1.382001349426111581e-01 1.033001865067508917e-03 -1.125011824882058836e-01 -5.905039398224160019e-02 1.083846267047103157e-01 1.587338032246074226e-01 -1.078712556750821561e-01 5.958245005145591799e-02 -5.548371550820538345e-02 -2.536630072161314975e-01 -2.947970965200943927e-02 7.955130529456361232e-02 2.772995373569227540e-01 6.148493400148895560e-01 4.100824629678261890e-01 2.104696558531767292e-01 3.596517200529101843e-01 3.415858118008953670e-01 -1.142706255056421261e-01 1.077011264489650816e-01 -6.407014230187559056e-02 1.258204040983955940e-01 2.919176578473122730e-01 1.736437258252759019e-01 2.373040143550939896e-01 -2.178498710866731136e-01 1.345226047992799101e-01 9.011693337206400090e-02 5.079503093790594948e-01 2.388385830720333447e-01 -1.317697924041744129e-01 5.186161067367203031e-02 -2.356294014617867430e-02 -3.303682207117522029e-01 -2.276721852555499692e-01 3.133685630274603978e-02 7.163926180122498488e-02 5.367675688083631963e-02 2.376934630678638749e-01 1.562990273301416433e-01 -3.753857389414917700e-02 -2.605893997569631027e-01 -8.043626040236702412e-02 -1.415462031227928963e-01 -9.814691636470981861e-02 -6.937040027690656585e-02 1.671352763421068283e-02 -6.388594703090691440e-02 7.715548180523598698e-02 1.282652158025442968e-01 -2.772466310757628824e-02 -5.288175406758730684e-02
-1.464406912067746924e-01 3.650106699261899124e-01 1.428051855671793324e-01 3.537072763749392612e-01 2.167417993934524501e-01 -7.013709239156933756e-03 -1.371058820557768954e-01 -1.430730320353383878e-01 -2.496991209307515003e-01 -3.344632966748516956e-01 -2.139453426114493531e-02 2.559958925761659371e-02 4.426283881164891354e-01 1.000000000000000000e+00 6.834720624587796722e-01 8.659009066705361524e-02 1.601243203005225935e-01 1.032925143474408419e-01 5.270111940808336337e-01 1.610239323537842326e-01 5.856771662918165422e-01 2.733036495952750333e-01 5.555365335107401714e-01 -2.857502484446803812e-02 -2.820622874706077421e-01 6.357694203946900879e-02 1.900760771223604928e-01 4.009577511152362383e-01 2.956121933041695460e-01 5.351221734218138959e-01 -3.591219093986698918e-01 5.110380017680110631e-02 9.402695600191626757e-02 4.655599090720264482e-02 3.382516588990981399e-01 -1.044689513484481080e-01 -1.096007001739203283e-02 -4.030802920039113779e-01 -2.871264075112650582e-01 -2.348601300131917813e-01 -1.152325280610466546e-01 -5.319645967131168829e-02 3.667724517670251094e-02 5.210996373106973473e-02 1.581806350349368728e-01 3.338233989098647880e-01 4.487826399153969081e-01 4.003429714940480721e-01 -1.425499824700912077e-01 -2.041349519779496469e-01 5.381921312662750478e-02 3.109912429917877086e-01 3.006296159039826832e-01 3.514222254858864192e-01 -1.055763687892239955e-01 9.828591772042725994e-02 -1.294377186657572065e-01 -1.837200821475476198e-01 -1.499732918679898830e-01 -1.290309247462781972e-01 1.437670568587063602e-01 3.151146944428111496e-01 3.088976747967212000e-01 4.735148639325560405e-01 4.803867626207193875e-01 6.643903927989137648e-01 -2.610353683117220824e-01 7.869273522118344633e-02 -7.523392947714997725e-02 -9.157171077460260489e-02 3.853959010767269988e-01 3.441856031576594199e-02 6.224181458523164734e-01 -3.706171920791519470e-01 2.434280944787495793e-01 -1.460031715011006204e-01 3.020200169767333631e-01 5.472311765797104322e-01 -2.253867875919523811e-01 1.674079307108699843e-01 1.450386691040309872e-01 -2.565834504474533984e-01 -3.760333821950063160e-01 -2.074217384919115059e-02 1.893635013371680609e-01 3.058123118104167926e-01 5.998233030014838568e-02 2.685849273715620877e-01 -1.633454477357684509e-01 -2.778875644217286833e-01 8.634564022905343028e-02 -3.641025607539639664e-01 -1.416029758973229857e-01 -2.159353632679393842e-01 -1.909720890878361665e-01 -5.893361316865423916e-02 2.702138498183004889e-01 4.022530501670359970e-01 -1.273985078288256967e-01 -2.114334074302896826e-01
-1.002755999813814830e-01 4.484832942567265057e-01 2.858961590032872424e-01 5.542158784921482617e-01 3.546128650690251183e-01 -3.302392313317182443e-02 -3.746139896065879826e-01 -3.433351625232570759e-01 -4.823469338164939058e-01 -4.480328931932843206e-01 -6.096375950411629663e-02 7.439034455425566628e-02 4.286616984874196956e-01 6.834720624587796722e-01 1.000000000000000000e+00 2.246694810636194750e-01 1.229406628314591299e-01 4.967428976886180403e-02 5.295514155142136969e-01 2.528053544305756128e-01 7.075529993151979946e-01 2.411253178536095776e-01 6.067262062535557776e-01 -1.512469186585425722e-02 -3.755128266726577846e-01 2.853646918448027869e-01 3.766954405999218269e-01 6.026843651086526421e-01 5.311783279119702827e-01 7.282344953013467626e-01 -3.938389559020262221e-01 -3.663167722110502195e-03 1.764810028277552789e-01 -3.667464685858120134e-04 4.981036476041335592e-01 -1.044325039203480715e-01 2.322140497476150589e-01 -5.462443136403009047e-01 -4.186040673692200120e-01 -3.400130103410276550e-01 4.667116321676813284e-02 1.947995321706260385e-01 2.961653567296769762e-01 2.413958579182189090e-01 3.862254309459647872e-01 5.225111963628024103e-01 6.462914342401123724e-01 5.936042725507530982e-01 -2.595515421506409681e-01 -4.099480501692753104e-02 -5.426794471652501839e-02 2.724217194928296171e-01 3.760577839624317242e-01 5.344452605966850678e-01 -4.473453940658594224e-02 1.663249820906692600e-01 -1.999357884107734185e-01 -4.156874522110686199e-01 -3.556405565097729427e-01 -2.859795685010418920e-02 2.226893334505678779e-01 4.454414937555482012e-01 3.982688386154537019e-01 3.136045992009757200e-01 5.749852060614373261e-01 8.203291545007714847e-01 -3.639640723861749527e-01 4.684941151360159928e-02 -1.658217026836814878e-01 -1.991350940811367209e-01 4.553529229337999751e-01 1.449756949026404507e-01 7.380191453043224437e-01 -4.345513287066410935e-01 3.309574018047993782e-01 -7.910800180330948561e-02 4.573475275602840173e-01 7.110767859682440850e-01 -3.187740908639062343e-01 1.956333582355636591e-01 9.334792997416556382e-02 -3.037158843721075030e-01 -3.434160097509259546e-01 6.501152063431965555e-02 3.530086775688195400e-01 4.540753237364791861e-01 2.711652990734268465e-01 4.340321015495625101e-01 -1.178867371061986108e-01 -2.625563373191220906e-01 1.166659270458251657e-01 -5.577710322246746122e-01 -2.000922268920762026e-01 -2.442012908893834988e-01 7.888220486659148351e-03 7.467807584731381287e-02 4.248313593870116645e-01 5.216157100516745082e-01 -1.710548593988041877e-01 -1.625558336088089029e-01
