1.000000000000000000e+00 -8.116521951211351504e-02 1.304941414915359033e-01 -3.214030866745712922e-01 -3.173384526219352741e-01 1.776986390235481827e-01 3.808288906480585857e-03 -4.814184903797810722e-02 -1.140115575110357687e-01 3.811913548569757504e-01 2.458094300422444534e-01 3.628299453253936435e-01 1.737808390820762619e-02 -2.154931989932475922e-01 -2.805811104290344415e-01 7.746033013561355596e-02 -2.052396133573494708e-01 -1.729462276021597467e-01 -2.457020524103906978e-01 -3.454485002207641209e-01 -4.432694603941583766e-01 1.187358039641255997e-01 -3.274521667181163331e-01 9.929125658558732304e-02 4.716220261537845126e-01 2.058741810676570638e-01 -2.054877231092761269e-01 4.523609072147513621e-02 -2.964054651312960087e-01 -2.530875048796465965e-01 8.978866547197551784e-02 6.182506126678012637e-02 -4.833208230205870981e-02 -1.390991820067965234e-01 -5.668412649982245560e-02 8.666551227914148781e-02 -2.865181823267555772e-01 4.451300937814222092e-01 2.863993415987150515e-01 2.612634494538401686e-01 2.509698985844157071e-01 4.524478606180759033e-01 3.556629827592051596e-01 1.306929024397259220e-01 -5.186610285224401568e-02 -1.309472760050016671e-01 -1.292805994472637221e-01 -2.549422744195871116e-01 2.025310266624774092e-01 -3.522152280994764878e-02 6.871283679976467607e-01 7.251526728731060023e-02 2.935568831067592727e-02 -3.534195187152026629e-01 -1.929751780623320057e-03 1.769995031458882206e-01 -1.537356845416171930e-02 -3.773281750928496325e-02 4.161367165724180750e-01 3.179649824855149132e-01 3.958279692428571805e-01 3.274135549782970084e-02 -1.699275775825998813e-01 -3.226226872262170087e-01 -4.616389403333197028e-01 -2.614451059652342924e-01 1.403909599233005290e-01 -1.861296326170389648e-01 -1.839762548349670457e-01 -1.432782793832697854e-01 -4.122280744597273117e-01 1.595408392112779988e-02 -2.756226891089632591e-01 2.776120958942228656e-01 4.067269598088012889e-02 3.335853114842506906e-01 -2.130543821552799977e-01 -8.858014949393709647e-02 2.003121526225163929e-01 5.845017916380505774e-02 -1.559249309111262194e-01 3.431807442650619544e-02 5.940702955339000058e-02 -8.038424942708422352e-03 -2.805189579292776680e-01 -1.144031738047881358e-01 -2.369513103481075411e-01 1.535990440357888898e-01 8.621619354695132798e-02 -6.883919591407761107e-02 1.856001761056082777e-01 3.293752019128505237e-01 2.957975544576684213e-01 3.005209399725956576e-01 2.867777878207743991e-01 2.179551184513902062e-01 -2.550576053549463706e-01 -2.490628997194138938e-01 2.673273925705891285e-01 8.640533844179250356e-02
-8.116521951211351504e-02 1.000000000000000000e+00 3.736368885564049225e-01 5.118846549485223107e-01 5.286534897439021385e-01 2.427864009147540081e-01 2.717988758331363885e-01 4.505118027559282812e-01 4.467615164653576665e-01 -1.429503778927354862e-01 -6.088457713313863429e-02 -2.220929210382296959e-01 1.164863424155985691e-02 1.500909204483708848e-01 1.385437192898807679e-01 2.963114717475188176e-01 4.821990665332724635e-02 2.482263536146222249e-01 7.436084061189181249e-02 -3.669815675919994163e-02 3.264429248178692122e-02 -5.286369930047114807e-02 -4.385159115071059210e-02 -4.120698136434677861e-01 -7.559751780220483330e-02 -3.192547176968565381e-01 -2.467193813652336920e-01 -3.225707160495672743e-01 -7.979900888432248096e-02 8.031666161994769834e-03 -3.976690137467341762e-02 -1.548759553892664065e-01 2.349668625794134116e-02 -1.400277162287700064e-02 -1.530994560728134724e-01 2.218611577566117488e-01 7.183737001449894133e-02 -3.051564682052542929e-02 -6.263951547161822342e-02 -1.182218339524504780e-01 -3.004286123105214812e-01 -2.198387830037623059e-01 -2.578698402250897970e-01 -1.870431486179474634e-01 7.975781856136743286e-02 -2.262387572898634236e-01 -3.273144551793084889e-02 -9.216285321800422523e-03 2.302437073568973369e-01 3.716440627885017958e-03 1.816570470180843555e-02 7.755009493753398653e-01 3.077538526346426662e-01 5.443973337402394641e-01 4.166836101338655673e-01 2.309521990332651376e-01 5.713143451660990246e-01 3.677713127121929881e-01 -1.521079438406060802e-01 -1.342779695417106733e-01 -2.074889128387488457e-01 -5.115290456642985345e-02 8.626141518360089591e-03 1.718429981042291499e-01 2.271188511718462075e-02 4.651002574233906867e-02 1.766603678504816144e-01 -5.454558831944254782e-02 -1.026206357978352024e-01 2.127524681314351129e-01 1.409811287668854066e-02 -1.194925126109881719e-01 1.506166071977714993e-03 -1.450593615339649811e-01 -4.059496412935766907e-01 -2.184840296307763163e-01 -1.597367632568234275e-01 -2.496689874127554776e-01 -1.004981805276962681e-01 -1.117313739746083751e-01 -3.341567839010393670e-01 -7.787344285430701507e-02 -9.142898458841303144e-02 -2.021992047640655821e-01 -2.835618291252127721e-01 -1.320364113988268251e-01 -3.817250850034551758e-03 -3.228736796831657707e-01 1.477039607486037576e-01 -9.162845165022209803e-02 3.572485088238058770e-02 2.780912992232165495e-02 -1.655245382222645945e-01 -4.587061839864013668e-02 -3.364423002038756660e-01 -2.669533274148434554e-01 -1.545572835716504390e-01 2.262582228885135979e-02 2.100693342859869805e-01 3.551543851468683122e-02
1.304941414915359033e-01 3.736368885564049225e-01 1.000000000000000000e+00 -1.488805095882575480e-01 3.707431098399584513e-01 6.575362653045202510e-01 1.787874088421130270e-01 2.715419132731966556e-01 5.223597416198464405e-01 1.154602581094801989e-01 2.706387910843850997e-01 8.510040790210024464e-02 2.145265899105147367e-01 6.435421915299778528e-02 -3.811939723050536410e-02 2.125493766831358100e-01 1.439206336614527737e-01 -3.570457203216073687e-05 8.388463857418958225e-02 -3.068789028263661511e-01 -2.678701256814061127e-01 8.857899606978793250e-02 -1.735054543858869924e-01 -2.017466742115065492e-01 2.246967063305818912e-01 -5.727604437336138166e-02 -9.248268193004333115e-02 -1.355275539191251044e-01 -1.486517443742933209e-01 -1.555966846345893384e-01 -1.064484345660690473e-01 -9.771846464734211882e-03 -1.078831580477131735e-01 -1.509013678506666567e-01 2.004595395083040143e-03 3.132780759499116385e-01 -1.241684427927146339e-01 2.043538211209416644e-01 7.490928810002837890e-02 6.277778810772574603e-02 -1.351684320265257033e-01 -3.761342089407111039e-02 -5.546936065758407974e-02 -1.862312761899968805e-01 4.262336437552349637e-03 -1.363676063047132014e-01 -5.528473028362262953e-02 -6.825059897364514627e-02 5.067425160680335550e-01 1.365647811181251448e-01 4.230516059453334754e-02 5.122871725578780344e-01 1.137733265200707028e-01 -1.534659422877931167e-01 6.080268508385605619e-01 7.214232208906484756e-01 2.050775471079397672e-01 5.027997132831252269e-01 1.470240264381355022e-01 2.190129483807331523e-01 5.045671544814448600e-02 2.451978101037568247e-01 1.211202934693475092e-01 1.060958215266902122e-01 -2.316769024333247273e-01 -4.711199071752709272e-02 1.727427978434826761e-01 -3.744051286346564145e-02 -2.429512775874354269e-01 -9.439898749939890088e-03 -2.080168427554842381e-01 -1.192932160513176729e-02 -7.851227348630455960e-02 8.214775547210297069e-02 -1.975204354307888155e-01 2.865202389695277116e-02 -1.684558647748864713e-01 -2.283807609915335102e-01 -2.836514942050103252e-02 -1.296312800828528233e-01 -2.070965625658507392e-01 -1.023492600646610240e-01 -7.961679030202038765e-02 -1.002738312923728975e-01 -2.165875930715239206e-01 -1.608107642979194063e-01 -1.155538645543691539e-01 -1.487548255594583479e-01 2.549484641178897948e-01 -3.955530802496895482e-02 -3.432270205730343637e-02 2.129719500887451988e-01 -3.582358670102710890e-02 1.396641639036026727e-02 -2.362457332554745715e-01 -1.275627420391095279e-01 -2.387715585840580745e-01 -5.541873994928966235e-02 4.619723478388438331e-01 1.728710910316172134e-01
-3.214030866745712922e-01 5.118846549485223107e-01 -1.488805095882575480e-01 1.000000000000000000e+00 4.257998197855518141e-01 -1.171457408308240328e-01 1.935702638477736492e-01 4.694822213023192026e-01 2.705381936498779116e-01 -1.908642840333461821e-01 -2.379238408039249519e-01 -3.935197564889929556e-01 -7.185544093080087347e-02 2.232456246164964409e-01 3.040140395322110112e-01 8.755008099522376686e-02 -1.163055774317507847e-02 3.935339208918371412e-01 1.225400385430022721e-01 3.101403822236650232e-01 4.180287471220158757e-01 -1.639698120276884830e-01 1.221038154853587993e-01 -3.914175698144684579e-01 -2.701758186545646367e-01 -3.749920240916338465e-01 -1.648314013241989340e-01 -1.482442241533433736e-01 1.582806791341684893e-01 1.084142823699168756e-01 1.099942026536340767e-01 -1.451239449463632425e-01 3.247999655467424113e-02 1.800809697192149728e-01 -1.392022256742214414e-01 6.699272743538184360e-02 3.646905639695246504e-01 -2.027123772022838832e-01 -1.021138128417823504e-01 -1.414621679443200664e-01 -2.466236900018446421e-01 -2.613662171937545797e-01 -3.765358475115059833e-01 -1.244895741214054191e-01 4.388266410590683370e-02 -8.015878870687567770e-02 7.328964846207229600e-02 1.356799613354511547e-01 -2.731340137946036001e-02 3.971323871959723389e-02 -1.391190775881916974e-01 4.183297394175338746e-01 2.285510508284869513e-01 7.796533724455051440e-01 8.578568884794401939e-02 -1.824959884695941115e-01 5.259711129030435472e-01 1.890374701620662345e-01 -2.482258719568293526e-01 -3.409942733516056479e-01 -3.266302431388377059e-01 -1.521357613069834747e-01 5.033012914626115719e-02 2.637407402684556756e-01 3.597218648856066459e-01 1.680057404582650793e-01 5.885135478543301879e-02 5.211529081508296107e-02 6.440219608076447333e-02 2.115698172488945372e-01 3.523517871426234960e-01 -1.908623143030144520e-01 3.432925321807672042e-02 -2.292121306990208829e-01 -4.034837288731508709e-01 -3.462785330227130531e-01 9.457235769516497692e-02 -8.423527354414216128e-02 -1.080760301597909895e-01 -1.084044808040380281e-01 -2.056105801489501450e-01 -6.363346445651683891e-02 -1.583630940370900353e-01 -2.081996773277337009e-01 -1.331503443643208828e-01 -7.968047490090325591e-02 2.369070268284813319e-01 -2.263444302273796838e-01 -1.623354355866298004e-02 -6.134826544287520084e-02 -4.245401005493130986e-02 -1.045360875872725775e-01 -1.510149125691446770e-01 -1.290775711790283775e-01 -3.433257883679122768e-01 -2.144874566878967326e-01 1.238838557614291465e-02 4.586907028136708031e-02 -9.733476722061513986e-02 -3.334929870764469922e-02
-3.173384526219352741e-01 5.286534897439021385e-01 3.707431098399584513e-01 4.257998197855518141e-01 1.000000000000000000e+00 3.551293944539457015e-01 1.486801190833336728e-01 4.365244464118113732e-01 5.778925563000560928e-01 -1.984483564279705958e-01 1.948086095471003630e-03 -3.234149244629958009e-01 2.292797179727907447e-02 2.502815517153699210e-01 1.991815375130027432e-01 1.273340516436254899e-01 1.333976275120266064e-01 2.806842814638195183e-01 2.016911621835441315e-01 6.876293818857810713e-02 1.346775840289412551e-01 -5.739567293539302173e-02 6.677350579512598971e-02 -4.010262100751016412e-01 -1.556828963832186108e-01 -2.771480867039715079e-01 -5.929562227198855590e-02 -1.812546666288992747e-01 4.693526064986511259e-02 7.879739335000966738e-02 -1.441721279383631760e-01 -2.036880458756324189e-02 2.675639327849022378e-02 1.098356503029514208e-02 -4.875622836770961838e-02 2.116688213047922817e-01 2.039667917202864222e-01 -5.852488252737205604e-02 -1.508984317115353302e-01 -2.458340797768362729e-01 -2.757111157384499189e-01 -3.031639815603815458e-01 -2.816298197696184280e-01 -2.446950010360015859e-01 7.644473411730724755e-03 -4.148485200555681457e-02 7.363891469198875772e-02 1.354614643555780151e-01 2.379955371203156256e-01 1.393747018705605578e-01 -3.377204205426260208e-01 4.243148298102852323e-01 8.975560842642235637e-02 5.142062905981887866e-01 5.401724697621901328e-01 3.239580416849270339e-01 3.490235864951256595e-01 4.664875303667285755e-01 -2.095491033620590082e-01 -1.616153786628310163e-01 -3.385121946503178991e-01 1.114576908452282432e-02 1.231838458313330026e-01 3.234879021059487991e-01 1.648043541983282012e-01 1.670127324438376304e-01 -1.176666452272244305e-02 7.687555072580315452e-02 -1.098311147086577094e-01 1.797512089588722550e-01 1.980133370951260852e-01 -1.334148182221907841e-01 9.492938303668772837e-02 -2.840746543762978638e-01 -4.086140169951570922e-01 -3.157195021646342359e-01 -2.050889071128443250e-02 -1.618126136439879958e-01 -1.731418914047546109e-01 -1.606236339796621171e-01 -2.186828608958110154e-01 -7.593645477096820640e-02 -1.470578735982831509e-01 -2.020367334076876575e-01 -1.852344880106387703e-01 -9.374969050039375085e-02 1.263905716469032325e-01 -2.459419520580868601e-01 1.136374768086049203e-01 -1.844970326069586553e-01 -5.049602237136758404e-02 -3.218338138487850109e-02 -2.638639932453124004e-01 -3.016153707393844918e-01 -4.394416258340870240e-01 -3.121691276339761956e-01 -6.129158159844689396e-02 6.565505685158873339e-02 1.559399932477556483e-01 7.024752470526249293e-02
1.776986390235481827e-01 2.427864009147540081e-01 6.575362653045202510e-01 -1.171457408308240328e-01 3.551293944539457015e-01 1.000000000000000000e+00 3.191612756482883340e-01 3.025263408386174580e-01 5.172311896764718586e-01 3.957104598286749209e-01 5.089746699275982111e-01 2.836302741949643380e-01 3.694661124303604827e-01 3.979518565810328812e-01 2.278714303201976599e-01 7.724335692280971666e-02 2.762219274069466213e-01 -7.225844831363219256e-02 2.923349707481210369e-01 -4.471408780798000193e-01 -2.284466560246195543e-01 3.044394691399960884e-01 7.561960128961678351e-02 -2.631304099538368108e-02 4.108346968687713874e-01 5.807489341912117770e-02 7.275193098379489909e-02 2.104758634372426995e-01 7.159963190238749497e-02 9.365202895515632731e-02 -1.589172726406837544e-01 7.327342409157122649e-02 1.546027170811444841e-02 -1.464900530041275961e-01 2.355910559560582540e-01 3.791777528049398160e-01 -1.715482395805411828e-02 3.266790261884158775e-01 2.915068056548916209e-01 3.373605024325248558e-01 -6.317505534094355890e-02 1.208151494683992050e-01 1.291761082229029023e-01 1.822844283752783623e-02 -5.581357600863986329e-02 1.634792967619793091e-01 2.017664736724852914e-01 1.424939778575523008e-01 7.164277435697363750e-01 1.972494917827993521e-01 3.467191432741395518e-02 3.841431403523655752e-01 1.130125841168005130e-01 -1.419458558249355740e-01 7.470993984005556143e-01 8.351121395310450168e-01 1.745432080210339298e-01 4.801516711562406337e-01 4.012374055382433857e-01 4.334803866596714239e-01 2.404768893287538012e-01 3.863631647830800264e-01 3.622993118802738111e-01 1.928890654497792678e-01 -1.180002884933144952e-01 2.560225320421694595e-01 2.853348439014562477e-01 2.032491098391311923e-01 -3.682058339820522969e-02 -7.869304959649663089e-02 -8.411874752191092486e-02 2.007949502747149451e-01 6.811268393917378761e-02 3.529758895825051979e-01 -1.194852622425342653e-01 1.741058110863382413e-01 1.039661985041417241e-01 1.160478789506217273e-01 -9.173694331155098081e-02 -3.080258574024191329e-02 -5.577299697539075257e-02 -1.302177741196641203e-01 -8.668766866272561988e-02 5.885492144454953362e-02 -1.810885731517095365e-01 4.987476501249878819e-02 9.729069297326216337e-02 1.916917848196802721e-01 4.680617869372397100e-01 6.043888864136331279e-02 4.599585781223525238e-02 2.562095853452654448e-01 2.056990382881236090e-01 2.042634599476123580e-01 -1.121126018073754504e-01 1.259446270734358719e-01 2.127825988334278162e-02 7.438910264320625076e-02 6.747051117135500764e-01 3.970624776385597299e-01
3.808288906480585857e-03 2.717988758331363885e-01 1.787874088421130270e-01 1.935702638477736492e-01 1.486801190833336728e-01 3.191612756482883340e-01 1.000000000000000000e+00 3.744834392749250562e-01 3.474890866480684903e-01 1.768867171212366307e-01 2.368173007824989351e-01 7.168320396646067627e-02 1.319583886806938444e-01 3.069110236106318279e-01 2.256602452056475083e-01 4.060628172043723727e-01 4.024721175733478318e-01 1.200609866974585299e-01 4.182372406035883006e-01 -2.959383674994930380e-01 3.605562995856773090e-02 8.213963377000427224e-02 1.284327126128817220e-01 -7.695919307429793799e-02 2.419466816739276604e-01 -1.863920947555491869e-01 1.338323483959570279e-02 2.971485568160992310e-02 6.782270331927367502e-02 -6.319553205227015913e-02 -1.315727735388499686e-01 -7.921505190680280806e-02 1.070905460070639692e-01 5.221657942793558188e-02 9.093795062038186050e-02 1.886443038454929666e-01 -3.832944550135550243e-02 2.248402928035000969e-01 2.146639503420414430e-01 3.682774464320486274e-01 9.638155233772015273e-02 -5.262500152200328546e-02 9.332214591929293909e-03 -3.179677980063853882e-02 5.642829905476696301e-02 1.017342682662649919e-02 1.840259793035208258e-01 1.306724685708777478e-01 3.989876166910441002e-01 2.139945575472052552e-01 9.196901381777204676e-02 3.820809588497817155e-01 5.180718245435110836e-01 9.582138980053243882e-02 3.297457414618170657e-01 3.163272678109451119e-01 5.019979185991089166e-01 3.433164397261467271e-01 2.007384926177873397e-01 1.447406522546514918e-01 -5.031848290798557116e-04 1.663042509917395106e-01 2.011487800903691836e-01 3.453200832253637276e-01 1.715017482341754107e-01 1.959661444070695535e-01 6.566621491937009170e-01 3.375394626591972647e-01 9.272585070280410513e-02 1.280261772621245908e-01 3.946912228073015672e-02 1.732304154618491453e-03 9.967413608592752550e-02 3.498650880570257637e-01 -7.559377066109700116e-03 2.447315261403104972e-02 1.040690140015198689e-01 -6.941431903686269556e-02 -1.172890820127207995e-01 -3.424206182920162128e-02 -1.444883108265158228e-02 2.555216551955486262e-02 3.982062372352056928e-02 -2.879837673525728267e-02 -8.548616890257695888e-02 1.486373949705278585e-01 -2.227162447380130056e-02 -1.086922915322367650e-01 2.302144082838438743e-01 3.408505926004579134e-01 7.877253636194632425e-02 1.674121372455796564e-01 1.614918843974350871e-01 4.348588024278017550e-02 -2.250970289182107620e-01 -1.446503510932098946e-01 -1.000208424099241072e-01 8.858048295818669871e-02 3.245607114673526583e-01 2.463524929821978016e-01
-4.814184903797810722e-02 4.505118027559282812e-01 2.715419132731966556e-01 4.694822213023192026e-01 4.365244464118113732e-01 3.025263408386174580e-01 3.744834392749250562e-01 1.000000000000000000e+00 7.045050747981096428e-01 9.076649118725198251e-02 1.640889791194175273e-01 2.896862414621204085e-02 1.359168104522048559e-01 3.121724349915075969e-01 2.850004121144805724e-01 1.270716647710163349e-01 2.057367117516213650e-01 5.425160912033876182e-01 3.597109365780281065e-01 1.285135438665698515e-01 2.953508426077485760e-01 5.030888948075581263e-02 -3.977130288042576151e-02 -2.084231850876697434e-01 9.068238660225930170e-02 -1.118306381807324668e-01 -9.148685671657703911e-02 -9.613636244121794017e-02 1.672327568941299747e-01 -1.019652335741396722e-02 -5.833860641962532179e-02 -3.579077200039388340e-01 -2.552176968384565758e-01 1.398851818062351871e-01 -3.570860521586122216e-02 2.258775994801583697e-01 1.485856150942864717e-01 -2.253447076475570757e-02 8.407186747988423456e-03 2.329462797236995023e-02 -1.053960784998351635e-01 3.283841472007673762e-02 -4.709710066639280490e-02 -1.511622721885548248e-01 -2.886210827581829619e-02 -3.766759911488238438e-02 -4.452500015190082039e-02 -2.935982470056450883e-02 2.109855086345460151e-01 1.138168449766247259e-01 -9.288081113946319856e-02 4.759126167462497392e-01 2.535216186159927054e-01 3.477735548016114286e-01 4.870501716989613650e-01 3.009158078311717777e-01 7.212307098039789643e-01 7.557951829345154193e-01 9.851428267080306056e-02 1.369889000986367622e-01 -1.630968879170441961e-03 8.478324120700435340e-02 5.745393801053222393e-02 3.054451341056430014e-01 2.205869896131012198e-01 1.162461687025274359e-01 1.703581187981570433e-01 2.285213815426222483e-01 3.387556514995641865e-02 4.032992921082362292e-01 2.686231963819560309e-01 -5.838627117999045657e-02 -3.629593339498439486e-02 -9.747647066701274621e-03 -2.410809023460804001e-01 3.887877000264745343e-03 7.427787675335252582e-02 -9.376078952097841035e-02 -2.056054768633154006e-01 -3.514032856891153855e-01 -2.054041849919197860e-01 -5.184729722844656774e-02 -1.465510695475683856e-01 -1.440194491332390248e-01 -2.490628863518674074e-01 -1.794206859096547646e-01 6.817334925383584932e-02 -1.371148391422049861e-01 1.675869215765241893e-01 -3.907820525056066550e-03 -2.257675997662144107e-01 8.682635852263799470e-02 -4.786436939128368984e-02 6.265450481744871958e-02 -2.402309935304575150e-01 -9.002421058485032823e-02 -1.296408149944330013e-01 -1.538672755259066494e-01 1.760092574650229669e-01 6.049201904086409093e-02
-1.140115575110357687e-01 4.467615164653576665e-01 5.223597416198464405e-01 2.705381936498779116e-01 5.778925563000560928e-01 5.172311896764718586e-01 3.474890866480684903e-01 7.045050747981096428e-01 1.000000000000000000e+00 6.054503640526660846e-02 1.846575193914152535e-01 -4.463133440951866371e-02 1.814888316299206050e-01 2.752703609611875102e-01 2.544238202521649783e-01 1.038647255291449828e-01 2.082185309801437567e-01 3.138535456300654003e-01 2.974445455220595669e-01 1.853639979712025029e-02 1.211694081651395888e-01 7.256633571006571200e-03 -6.016009838927945108e-02 -2.394761618996630870e-01 5.663799516281345370e-02 -1.328256519293543048e-01 -8.765213604928716318e-02 -1.500963251474600191e-01 1.021624631757735296e-01 -3.855320785478080076e-02 -2.654977870953420180e-02 -2.750190747235225497e-01 -1.838264867289397808e-01 -4.680724332572652746e-02 -1.025932844943356487e-01 3.677220325485326402e-01 1.098703951947469365e-01 -1.238578339009944324e-02 -4.713985214589270362e-03 4.833735488405237896e-02 -2.031281356377546421e-01 -5.581172032707595182e-02 -1.349688417044349886e-01 -1.102267340338261292e-01 9.616439958019326606e-02 -1.003551982429939787e-01 -9.321482528591441830e-02 -3.814045131792587195e-02 4.005894023273998128e-01 2.225522689571620139e-01 -1.660137372993380211e-01 4.780680790886350229e-01 2.313971398032655113e-01 2.529308711535212528e-01 6.829835385532482261e-01 5.237850478923702369e-01 5.412471858475629283e-01 8.036053196276322641e-01 8.105587585539944517e-02 1.214364991040050579e-01 -2.632279723054252105e-02 1.733238239012235282e-01 2.105156388958682456e-01 3.691249946761275824e-01 1.433562784778676658e-01 1.405130481390734210e-01 2.500769163453140931e-01 1.364317538470682378e-01 -1.498178572058865843e-01 2.299970650465278377e-01 1.660650623182244601e-01 -7.168708860987232923e-02 -1.729085782340443120e-02 2.704200393224821981e-03 -2.877298927127897032e-01 -1.922272239940604061e-02 1.414202024241117094e-02 -1.479896336133842694e-01 -1.185691897213314722e-01 -2.669935818173243547e-01 -2.398723364532475977e-01 -1.069037604148055653e-01 -1.211015168837918793e-01 -2.082845763407097650e-01 -2.013794498075369699e-01 -1.905619513125003384e-01 2.506742946324590215e-02 -2.026302575121601279e-01 2.523750092812209744e-01 3.265912311806883073e-02 -1.874431075165271521e-01 5.456881234797074376e-02 -1.041672936932549337e-01 5.445563288144525393e-02 -2.771788698995552580e-01 -1.076151319720555083e-01 -1.283749454676498258e-01 -7.246032894039791672e-02 3.245416253280914431e-01 1.427804817258920833e-01
3.811913548569757504e-01 -1.429503778927354862e-01 1.154602581094801989e-01 -1.908642840333461821e-01 -1.984483564279705958e-01 3.957104598286749209e-01 1.768867171212366307e-01 9.076649118725198251e-02 6.054503640526660846e-02 1.000000000000000000e+00 5.470309940874005239e-01 5.758047112425984659e-01 2.193360207689142305e-01 8.250552237884482831e-02 -2.334893482050403452e-02 -3.705705788259962968e-02 4.929595246617973769e-02 -2.578242389728929163e-01 4.939725827457495250e-02 -4.078927476907309724e-01 -3.587343775356346964e-01 3.624521501173885163e-01 -9.652779495005929522e-02 3.804023826330578117e-01 7.222643767054313102e-01 3.279991454600202361e-01 -2.864483037275764032e-02 3.619778916636199328e-01 -3.215836188325523707e-03 -1.395945110440145916e-02 1.307220561762175437e-01 1.185967442445617359e-01 -5.367268026865113645e-02 -1.679802245730074306e-01 1.954650255741449127e-01 1.000083804964715800e-01 -1.948418739728548579e-02 4.544465746292112307e-01 5.252975853968269160e-01 5.706796983201513074e-01 2.619940671511291064e-01 4.881543391229368201e-01 4.287425702491953761e-01 1.890364449340506403e-01 5.762888138558126122e-02 8.837740320575300512e-02 5.071512287903661570e-02 -6.984618630329890443e-02 3.657465134950889096e-01 1.503899510397350703e-01 2.528432812657222528e-01 2.269435719848527863e-02 -9.627389722162133998e-03 -3.303164088198927151e-01 1.775455555553801523e-01 3.346809956842122236e-01 1.711834865178228941e-03 4.820072006817113092e-02 8.217538486741240433e-01 5.582124036626024965e-01 5.117392916631001709e-01 1.317189084310382008e-01 4.453097191732716814e-02 -2.395637141223427857e-01 -3.734647830631445120e-01 1.841378233192893232e-03 2.695641552983176759e-01 -4.056911726223595650e-05 -3.931532979135555356e-02 -2.968566123532101475e-01 -2.832493460948752317e-01 2.668204239861634020e-01 -1.378805159517721979e-01 5.931635960501988603e-01 1.292143188209665672e-01 5.290945288095133536e-01 7.335792649013520017e-02 2.453027492250158537e-01 1.556962216214004824e-01 -1.455038560948302556e-02 9.239438410213327013e-02 -1.017250550940974746e-01 1.718439572513471084e-02 1.948792295621629145e-01 -2.011879668682036437e-01 3.120630060684739110e-02 8.138536802067328213e-02 4.430488638167737192e-01 1.885053034132158634e-01 2.215800046589136985e-01 8.289897990009464923e-02 5.257125609018290513e-01 5.651812624769416704e-01 4.926229079238311770e-01 3.211668083686832764e-01 4.018445351186469838e-01 -5.074485951619813612e-02 -2.066436678209133682e-01 4.071479535929150018e-01 3.367474768243605698e-01
2.458094300422444534e-01 -6.088457713313863429e-02 2.706387910843850997e-01 -2.379238408039249519e-01 1.948086095471003630e-03 5.089746699275982111e-01 2.368173007824989351e-01 1.640889791194175273e-01 1.846575193914152535e-01 5.470309940874005239e-01 1.000000000000000000e+00 6.120499972656620047e-01 5.036661057524651763e-01 2.957381924138285378e-01 6.336183679080781284e-02 1.813798268858161922e-02 3.549607697008268503e-01 -6.980086138625360426e-02 3.251531337380215714e-01 -3.059601415020035686e-01 -1.785981001343265873e-01 4.745976122994716162e-01 -4.784691215455935676e-02 3.757257005133996519e-01 6.150866439179933920e-01 4.510582944719560561e-01 2.026928740688848374e-01 3.436998950253590257e-01 1.898324369810173717e-01 -1.562132268849509252e-02 -1.391738545354199996e-01 4.665467343208010154e-02 -1.587457528254284933e-01 1.680107621279901264e-02 4.096411143035226798e-01 1.430702003352244955e-01 6.977647806416944522e-03 3.149558399822449672e-01 3.353281885130319773e-01 3.389331556151444214e-01 2.488977541362957790e-01 2.760887452582166945e-01 4.504769866104850196e-01 2.084712016244760213e-01 3.540812555818086821e-02 2.186135375885717991e-01 1.101256438689876549e-01 3.011233323502836637e-02 4.201534882838086626e-01 2.853409387991340807e-01 1.067330229532786612e-01 8.540628739526867630e-02 -9.270622752775957431e-02 -3.605627755716702687e-01 2.794409075304430945e-01 4.980914573968248105e-01 -2.401424353850573935e-03 2.434962874343851724e-01 5.812618673082210474e-01 7.328097346282973490e-01 4.725545930766587022e-01 4.452189176736074949e-01 2.225592807589195088e-01 1.809439959829680939e-03 -1.682376933695930998e-01 8.464318252678143528e-02 1.880045971653561132e-01 2.232440123092170048e-01 1.035374853880400431e-01 -1.205160243583092289e-01 -1.006832212027402029e-01 4.046896863189757831e-01 -7.841839316846044294e-02 4.214140776319585946e-01 2.602128520578596005e-01 5.602995461599435956e-01 2.212229185747350557e-01 1.580695620127131606e-01 -7.863758397860898253e-02 -1.594819520834072357e-01 1.880134728121655718e-01 -4.140864890855208008e-02 6.332890596062756838e-02 2.941935755707170697e-01 -6.293348826838024435e-02 5.372783263907653095e-02 7.532553700591317070e-02 3.496050205339090722e-01 2.830659266123154993e-01 2.132629588192681280e-01 -1.097223736793723758e-01 4.039033965980635688e-01 2.807501557511233869e-01 2.287714720764062737e-01 1.501917961698819859e-01 3.063851381316271549e-01 1.396548277070622582e-02 -1.638137837021653442e-01 5.044898735525893407e-01 4.285662453575683761e-01
3.628299453253936435e-01 -2.220929210382296959e-01 8.510040790210024464e-02 -3.935197564889929556e-01 -3.234149244629958009e-01 2.836302741949643380e-01 7.168320396646067627e-02 2.896862414621204085e-02 -4.463133440951866371e-02 5.758047112425984659e-01 6.120499972656620047e-01 1.000000000000000000e+00 3.699535169952408720e-01 9.949994320942869008e-02 -9.724152769120524009e-02 -1.642123492015782338e-01 1.755622545208694596e-01 -1.662248462272564176e-01 9.852145780962670574e-02 -2.795149137483695090e-01 -3.092361513327034905e-01 4.466172976973240005e-01 -8.992209094675529535e-02 5.541836743565607959e-01 5.802548197054228085e-01 6.049510587639466141e-01 1.656786682818106871e-01 3.471043366611401004e-01 6.977381871561784063e-03 4.623811863636365788e-02 -8.070193572639508539e-02 -1.622502016902510960e-02 -2.074650627522554580e-01 -4.900457916630045208e-02 3.672477758834017947e-01 6.639096037922449789e-02 -1.727898094137895191e-01 2.404458242999805984e-01 2.913854149535124449e-01 4.129456176906997622e-01 2.921633904485336775e-01 4.742937707259426428e-01 6.100031679557024189e-01 2.597828700838575866e-01 -2.903866192611174665e-02 2.221897473727489358e-01 4.620397939814389204e-02 -4.812870123897224073e-02 2.039391295587727193e-01 -2.589300628427766704e-02 2.263868390933106989e-01 -9.340766455160870452e-02 -2.714319496389437925e-01 -4.330028367042986215e-01 5.865206711149718172e-02 2.902056726940142606e-01 -1.302814616380395529e-01 4.553472724172470676e-02 5.374610792837748452e-01 7.743571620703323388e-01 7.619335042928275792e-01 3.416477736237525931e-01 4.764289040457535956e-02 -2.166832496470761649e-01 -3.252983879383050114e-01 -5.723107735742648944e-02 7.983855873150708105e-02 3.144923568773434763e-02 3.824728702096300698e-02 -1.672848025018898455e-01 -2.705651456521078191e-01 4.253609933244440477e-01 -1.190665187820691695e-01 4.646703705208726221e-01 4.320145866235138854e-01 7.014725317409291616e-01 5.380403366489783928e-02 2.524997856122104811e-01 2.226979535239704405e-02 -1.226493330408615495e-01 2.092268776500743610e-01 -1.028244984994318434e-01 1.763884400173194311e-01 3.661492164415151573e-01 -9.302226656930425233e-03 6.465948283370118177e-02 -1.063300977092448002e-01 4.064770730131425092e-01 1.556153109224261699e-01 1.883467903640558549e-01 -1.205647110668541522e-01 3.158914777828756848e-01 3.222690471032361170e-01 4.217886695502202632e-01 4.948347068482448208e-01 4.184413571326115466e-01 7.151664846553100474e-02 -1.772407797665680740e-01 3.077117444933372137e-01 1.954151538625809592e-01
1.737808390820762619e-02 1.164863424155985691e-02 2.145265899105147367e-01 -7.185544093080087347e-02 2.292797179727907447e-02 3.694661124303604827e-01 1.319583886806938444e-01 1.359168104522048559e-01 1.814888316299206050e-01 2.193360207689142305e-01 5.036661057524651763e-01 3.699535169952408720e-01 1.000000000000000000e+00 4.280721734663772704e-01 2.538464070985400611e-01 -1.314133044481860246e-01 4.312054665958833244e-01 3.039749180571630488e-02 3.431053599245168506e-01 -4.074663749714177441e-02 5.948631878354166541e-02 5.515470543748939303e-01 1.536995818004448233e-01 2.808142713643983490e-01 2.165924857521092650e-01 3.063338260765658960e-01 2.326981128283417966e-01 3.040974016689416692e-01 3.773763603347842777e-01 5.833120046123918545e-02 -1.121744660901427132e-01 -3.000241984556945019e-02 -1.579053046285950057e-01 2.077989162681595503e-01 4.692614484454160628e-01 1.013259100237522414e-01 1.098375856503911313e-01 6.204350175096062098e-02 1.332976693224635079e-01 2.143029686789574284e-01 1.223188338590408542e-01 9.409963023222281397e-02 2.437993019721638177e-01 1.873903106136451391e-01 8.290792644537663125e-02 2.633770155667874979e-01 1.968860733408409613e-01 1.453904292523520159e-01 2.995816249774411189e-01 2.825048340984833151e-01 2.092243531227953868e-02 8.506077026129044150e-02 -1.489964396328731788e-01 -1.911952843558067661e-01 2.230021479447389932e-01 3.669224407707051272e-01 -3.164104912485270205e-02 1.684792030728578804e-01 1.965991633931903071e-01 4.346802735488302094e-01 3.992761056559998578e-01 7.896559945588004226e-01 5.040097560478978833e-01 1.515988387296355877e-01 3.427850492936244248e-02 2.316601729417493150e-01 7.539659657191744024e-02 2.789261953882731793e-01 3.020708005431236298e-01 3.800239132494288158e-02 1.698801416862925073e-01 5.441948223147098362e-01 4.107547950937712189e-02 2.668539240314816707e-01 1.977719751955165917e-01 2.856316786833026367e-01 3.383978217058102311e-01 1.639289381597647810e-01 -1.590625696409038448e-01 -1.715556887243328277e-01 2.758507506450819102e-01 4.747541034547989730e-02 -2.142271105930585937e-02 3.015394019232076062e-01 5.037718011445400240e-02 1.536485103144083209e-01 1.115152638189382817e-01 2.641742992430707315e-01 2.690545045644658351e-01 2.186209896759729321e-01 -1.800636202532588381e-01 1.816159706413573438e-01 1.124134021645805392e-01 1.456409917900345907e-01 5.295922703600787484e-02 1.836877472910655174e-01 1.594628649434213785e-01 -1.595549223594265598e-02 3.745609988555814729e-01 4.021005962696351799e-01
-2.154931989932475922e-01 1.500909204483708848e-01 6.435421915299778528e-02 2.232456246164964409e-01 2.502815517153699210e-01 3.979518565810328812e-01 3.069110236106318279e-01 3.121724349915075969e-01 2.752703609611875102e-01 8.250552237884482831e-02 2.957381924138285378e-01 9.949994320942869008e-02 4.280721734663772704e-01 1.000000000000000000e+00 7.183628053662060031e-01 -5.337744210526725736e-02 5.320105514034590977e-01 1.138947285088786066e-01 6.749678924222063392e-01 -4.034316921503115771e-02 4.343421543808307916e-01 3.220640895431219342e-01 5.995307826076811120e-01 4.480930928757953513e-02 8.856865706328605203e-02 -6.583922325069221926e-02 4.377187317071024597e-01 3.929392957246783946e-01 5.098225632336689239e-01 4.544762507628767323e-01 -1.075590132625479506e-01 -4.253129392124852665e-02 -3.256846283302558542e-02 1.168128382988063568e-01 4.219923019493623251e-01 1.140427767796724640e-01 1.967123060499743059e-01 -4.702943537776304445e-02 6.899250424421682348e-02 1.656418241069385344e-01 -1.824787700069917529e-01 -7.391875570658300310e-02 -2.618794506222262355e-02 6.721598390490333974e-02 -6.233809989509022514e-02 4.994237200904685370e-01 5.602031372463096570e-01 5.037611435324010900e-01 2.984951399703382191e-01 1.161969585561274387e-01 -2.111361592202158355e-01 1.347838094545689147e-01 1.061532547719117869e-01 1.208085334306857467e-01 3.675876569288411000e-01 2.882149697884144879e-01 1.550134914462346913e-01 3.175828295708962856e-01 7.054695662249507726e-02 1.815759933067073173e-01 5.509072236250901061e-02 4.031003657905811721e-01 5.970064650806212736e-01 5.944796768955106225e-01 5.075022205332466729e-01 6.799176410913717605e-01 1.578025770206173406e-01 5.792059015142433376e-01 3.534669724165847571e-01 1.454949749496137756e-01 5.064802223250239877e-01 3.053974185934729690e-01 4.271166408244640444e-01 2.064311292094672123e-01 5.182824393411089581e-02 -5.366470948213833414e-02 5.492830999693599781e-01 4.368239030671384748e-01 -1.807367628428809547e-01 -6.295513703303601272e-02 1.133833858334050843e-01 -1.228863258439554518e-01 -1.505545539633554308e-01 1.502224228463611144e-01 1.551508254498052131e-01 3.047607731954623533e-01 2.986171550358371340e-01 3.019307265816379982e-01 3.083053377831985742e-01 8.260338687480213438e-02 -9.674011173852620216e-02 7.308334544528143073e-02 3.234187941214968637e-02 7.637692147000520182e-02 -1.703009692363449123e-01 9.068137148104578327e-02 4.518463843132407010e-01 3.629921024178249245e-01 2.369780549979554340e-01 2.696467713771100727e-01
-2.805811104290344415e-01 1.385437192898807679e-01 -3.811939723050536410e-02 3.040140395322110112e-01 1.991815375130027432e-01 2.278714303201976599e-01 2.256602452056475083e-01 2.850004121144805724e-01 2.544238202521649783e-01 -2.334893482050403452e-02 6.336183679080781284e-02 -9.724152769120524009e-02 2.538464070985400611e-01 7.183628053662060031e-01 1.000000000000000000e+00 -1.536026268656253135e-01 2.376600817502184659e-01 1.396765089976484964e-01 4.061707579814113900e-01 1.416885553000908904e-01 5.337031537157960193e-01 -2.388640487086028663e-02 6.241188306877976100e-01 -7.541093521838264369e-02 -7.537478247266553300e-02 -1.937483193997346087e-01 3.624259162256889266e-01 3.593538547622420198e-01 5.189753891944388631e-01 5.336752969386472367e-01 -6.415102782196428766e-02 -7.221421648000013460e-02 1.963236704444417877e-02 3.913230601324779040e-02 1.202890903320427002e-01 1.776937722810264797e-01 3.787082801244099906e-01 -2.627534079056647043e-01 -7.563074418095150353e-02 5.915179353147281827e-02 -2.502984466397895069e-01 -2.359649027775700403e-01 -2.899495032454616483e-01 3.666503652290271226e-02 -9.810334176301913067e-02 3.820684365866101051e-01 4.061028085999532911e-01 4.995461006839597151e-01 1.637712675587091049e-01 8.283144503761097344e-02 -2.661179814567706248e-01 8.201960771240272841e-02 6.348908023489698016e-02 2.170367877408122537e-01 2.611230981663935080e-01 1.231434608969055045e-01 1.658342180708568259e-01 2.773322981814742016e-01 -6.636265787063651278e-02 -1.044616536328221885e-02 -2.829651411061185132e-02 2.693613079555957635e-01 5.490220599444367577e-01 5.572747809628427751e-01 5.517951632932458494e-01 8.566765543141523498e-01 7.992840608203818920e-02 3.318754355560854519e-01 1.796255441442470846e-01 1.236876358961141315e-01 6.118483820152351704e-01 3.348495549971172713e-02 4.785016472697441459e-01 8.931735479540624245e-02 -5.832723058467846611e-02 -1.720596958536165511e-01 6.107875336508701292e-01 5.171610561670870743e-01 -2.267024346900737841e-01 -6.632371483580788707e-02 -1.150547441176819584e-02 -1.354692629712181129e-01 -2.224642396417668422e-01 -6.492713091971689943e-02 2.206349730662624242e-01 1.371030549496365936e-01 4.120482214145417821e-01 2.371980013538620702e-01 3.127035328433927508e-01 -2.916695279053076531e-02 -1.702837843737962098e-01 -1.345967774866575206e-01 -1.160710664634982681e-01 -4.785774865630199049e-02 -2.818173259903985484e-01 2.318343669621998962e-02 4.045292409163003255e-01 4.043501183163611956e-01 8.642551437109514956e-02 1.441627993010105302e-01
