1.000000000000000000e+00 -7.925126182450636936e-02 1.727573384263796918e-01 5.030097966392940018e-02 -2.016744966553586302e-02 1.602205643211346564e-01 3.586331982891979159e-02 -1.570286097158068994e-01 -1.130064447663723000e-02 1.132742879500057975e-02 1.311349506177601210e-01 8.103441304131080158e-02 5.262636607040759029e-02 9.847528911772533700e-02 1.327030675293863760e-01 -9.907159404829755933e-02 9.932897376253900512e-02 -1.402124194456140782e-01 1.144313483920434971e-01 -2.404089698531086394e-01 -3.151830630198412114e-02 2.140835036814736636e-02 1.413669972531170216e-01 2.284876795060630794e-02 1.264639941070644924e-01 1.231484190954174052e-01 -1.241405653540931936e-01 -1.773746938592631051e-02 -4.538483118669379979e-02 8.557517541661285865e-02 -1.296249514081342646e-01 4.476677956949862147e-01 1.763814981441323010e-02 -1.572987541497413433e-01 -1.505547738770634247e-01 -1.484533361736888601e-01 -2.000352675819616066e-01 2.790919609895947673e-01 -7.305626057292086140e-02 -2.724352424109744222e-02 -2.071665866110740384e-01 -4.161966038281536551e-02 8.526946940250693108e-02 1.970752096978084858e-02 -1.725017751987753811e-01 -1.025720205627541765e-01 -4.953528752180451356e-02 -3.214387265887085759e-02 2.816056460109088722e-01 -3.570352687394905827e-02 3.125327733328287505e-01 1.039094706523840256e-01 -5.689482081223086463e-02 -1.250499176464191231e-01 8.358285968630728424e-02 2.554947016845818819e-01 -8.020849898564129388e-02 -1.197633276732043422e-01 4.841759556560982364e-03 1.282481756834495945e-01 -1.000567001194612449e-01 2.635288203293180420e-02 4.846432381511609627e-02 1.412547891693564373e-01 3.091252495688181709e-02 1.334845068651779598e-01 -8.217171873852073538e-02 8.210937839057064203e-02 -1.332367162821330164e-01 -2.551647606920601219e-01 -3.383076309493148609e-02 -4.040808856556371564e-02 4.197020344528729768e-02 -1.923007725998031325e-02 2.279150958337922139e-02 5.869939533495056178e-02 4.969976225183990459e-02 4.852787223085784640e-02 -1.209244092001427739e-01 2.615108196452143874e-01 -1.759943536008636011e-01 -3.290323541699373133e-01 -3.431109608239834019e-01 -1.544005407422896492e-01 -1.387425557293582579e-01 -1.751219076846221301e-01 -1.385876000841749500e-01 -9.202939922048834764e-02 -2.177149872941661901e-01 -1.968760868380497464e-01 6.041452469490802418e-02 2.086594702022484538e-01 -1.301495800240526635e-01 -1.229756595836023203e-01 1.595029546326412820e-02 -6.333648171610097022e-02 -7.567990988411311959e-02 -6.913333931744078398e-02 2.382854908885184975e-01 -5.216490790736045061e-03
-7.925126182450636936e-02 1.000000000000000000e+00 3.674095513922083778e-01 2.830274297950813867e-01 4.798028009426020257e-01 3.947926282437030920e-01 3.514547533020568326e-01 5.558735834741338477e-01 3.864613746831219165e-01 1.430282526748110072e-01 2.907577856403557870e-02 5.649910593313482721e-02 5.090177304884208054e-02 6.014823639832192481e-02 9.800302014724265876e-02 3.642836131264071686e-01 5.116622871654857851e-02 1.235695503223044611e-01 1.585147221256520411e-01 5.112683685758179913e-02 1.538784698026302890e-02 6.381067051969675774e-02 -6.664910609262677220e-03 -9.097611731724783435e-02 -2.862208278203133213e-02 -9.566649355769414609e-02 8.226117100820817818e-02 -6.817829642720778238e-02 1.071350372947579010e-01 7.077809785692615319e-02 7.541439778660871500e-03 -2.478625591152421315e-01 2.913279685572683214e-02 1.231045160878282106e-02 5.600093689803394698e-02 1.480168359628571406e-01 1.377305385682855154e-01 7.450960640759334008e-02 3.280836241166741329e-01 1.797717404560473797e-01 6.120699416542504240e-02 2.269111531081944855e-01 -1.689568294401993728e-02 1.357806445681681018e-01 7.441672074995257791e-02 3.341130631514130367e-02 1.942736992585317735e-01 -2.872903808488610003e-02 1.455290541180789821e-01 2.263564425029151450e-01 1.417704826281344088e-01 6.591493307546747449e-01 2.965436007111040273e-01 3.434135922340936786e-01 5.789634097475671037e-01 2.266749300035293124e-01 4.488104857549386484e-01 5.057725477872969666e-01 1.390823600280166328e-01 4.264237955880155473e-02 1.880207564209253335e-01 1.097654057655307325e-01 7.318075500585388693e-02 -9.416185599617358029e-03 2.543566356779702539e-02 3.568789144660258761e-02 2.608754906408641827e-01 8.179132044328041307e-02 5.390919125520986926e-03 8.575118285021625375e-02 9.047602190748721407e-02 -3.066390005001618305e-02 -3.240665212134748868e-02 7.841732471068908750e-02 -1.668413117348976071e-01 -3.589621949054534050e-02 1.174559559180613777e-01 -6.846114160417848815e-02 -3.178215749060775419e-02 -1.288241606847800036e-01 -2.044494872515477957e-01 -4.161476894344585259e-02 9.895407929444367812e-02 -4.304814658249053738e-02 -1.286100557062197225e-01 -3.706188883623360436e-02 2.059434778276650058e-01 -9.711142136033089345e-02 1.219142674330419701e-01 -1.758346952522076567e-01 -3.800667105687392106e-02 -2.960043291146391420e-01 6.647537098516215215e-02 9.593135605972588631e-02 -1.081545488239339381e-01 -7.854362637626002494e-03 -1.322179590001534288e-01 -9.832940460617844991e-02 2.025317952439519564e-01 1.736379976233870526e-01
1.727573384263796918e-01 3.674095513922083778e-01 1.000000000000000000e+00 -1.007321531561849032e-01 -2.021755799746014284e-02 5.010987609121156927e-01 2.740638673153739102e-01 2.700516853806345097e-01 4.176982126943767915e-01 2.549870564274152041e-01 2.778543700695467189e-01 3.535394080690569263e-01 3.353841329369728341e-01 2.674428989141346413e-01 2.910394184206102630e-01 1.550492440342745859e-01 2.661037263355409133e-01 2.187793016358813847e-01 3.928468669186608864e-01 -1.078923590507296082e-01 1.867830166079121057e-01 2.791580453181123356e-01 1.831891799445627411e-01 1.986899398124569727e-01 2.801660284866785422e-01 1.680203938529047647e-01 1.362791276877935720e-01 2.910204089571581318e-02 3.055244421534519805e-01 2.019211079619724902e-01 -2.147456665434013257e-01 -6.407281229538931179e-03 -4.609828760891757082e-02 2.208716020745853659e-01 7.831087086315820234e-02 1.563631718554125416e-01 6.904444342569862614e-02 1.001134071109859580e-01 2.144585074954754034e-01 1.958850688123741357e-01 5.089730993093297823e-02 3.630733868566966005e-01 2.651379840850542902e-01 7.457964789152141116e-02 3.511632425892304704e-02 2.071480244997268572e-01 3.084029721937967539e-01 8.607089566008579995e-02 1.319360111863319106e-02 2.210727222196840619e-02 1.995808789934434557e-01 5.821046877304916212e-01 -2.279878573115089457e-01 -1.852724303474665712e-01 5.242219409055721702e-01 5.965532969116124073e-01 3.543908044419433745e-01 3.357900470092478051e-01 2.877163188478389921e-01 4.475514758652113789e-01 2.857068606127440291e-01 3.572906421034074964e-01 3.630987502623562180e-01 3.248131376707840134e-01 2.517369574792059916e-01 2.934552484997768329e-01 2.232147330002577368e-01 4.112723424738614630e-01 2.428020317546454865e-01 8.444848243662582410e-02 2.051834445457255962e-01 2.369875271464751687e-01 1.806197793020182241e-01 2.856509661514464171e-01 9.059242379835723280e-02 3.546705690243731057e-01 4.340258608159686671e-01 2.493780384795653282e-02 1.642092963414015783e-02 4.328548094579490191e-02 -8.222070533674377679e-02 -1.147568280156071596e-01 4.123453931902660435e-02 7.722852328563604984e-02 -3.225745347811084796e-02 2.900929111084149525e-02 2.150000667288457235e-01 -6.673362842301434894e-02 1.767146163466233599e-01 -1.105703804772243948e-01 -1.838385612960267701e-01 -4.193591695544329062e-02 -1.513500881924201465e-02 4.033606948994993696e-02 1.442282698118402540e-01 -8.501400486694267455e-02 6.898880957271862069e-02 9.319781929574755264e-02 1.295945063707343858e-01 -1.280039170245620729e-02
5.030097966392940018e-02 2.830274297950813867e-01 -1.007321531561849032e-01 1.000000000000000000e+00 6.634875991553580432e-01 -1.364793011041599557e-01 -1.098850108507440707e-02 1.469614794596631469e-01 -2.256797711503034931e-01 -2.767202269653769586e-01 -3.129397342985533736e-01 -2.911878954787027185e-01 -2.077838497253433891e-01 5.439085275939465475e-02 1.322315600329603269e-01 2.005558178646099365e-01 -2.627136881301641580e-01 6.879413823298916042e-02 -6.308022062018656118e-02 1.683741708277466109e-01 6.227155980722374334e-02 -3.222860412921895734e-01 6.901393424905846730e-02 -2.088430308422420389e-01 -2.662008740983518584e-01 -2.178105894057607850e-01 -1.847153668363067380e-01 -2.165533812307166572e-01 -1.183063001069816766e-01 1.244916533551763405e-01 6.542708516439971200e-02 1.866398691611721450e-01 3.144581563231428345e-01 -6.619883820213992576e-02 -1.674690954134681609e-01 -8.439532553728815167e-02 9.895537872201852492e-02 2.690893633342974489e-01 -7.987187158182267044e-02 -1.863430057891533598e-01 -3.091052500549522700e-02 -2.752620166574455962e-01 -3.508447445892369232e-01 4.148577563238955990e-03 1.078097995250447000e-01 -2.029789285456281012e-01 -2.143875324225946039e-02 -7.453933661268072330e-02 -2.794120293987560968e-02 1.249814919379278327e-01 -1.620821139541699096e-02 1.092396486984181930e-01 5.039888552754274720e-01 7.828490921927923063e-01 1.282912138645047329e-01 -2.340873671000033018e-01 -1.718513825848723767e-02 -1.397814606752232902e-01 -3.687395541406131017e-01 -3.524084980164218783e-01 -2.682884249983765734e-01 -1.948384405462029734e-01 -1.053713068442168471e-01 -1.758708843108555131e-01 6.145800084679627767e-02 1.008436526747757134e-01 -3.423730964769443608e-01 -2.334706958592242809e-01 -5.192579163601037523e-02 -2.513227083331305437e-04 7.969588891888435001e-02 -2.282280318779829620e-01 -6.659935220760872243e-02 -3.697501923257833223e-01 -2.343610339506012330e-01 -3.791119715598051942e-01 -1.133048495998412453e-01 9.951092802823713335e-02 -5.193505958132725586e-02 1.849080728255847739e-01 -1.018829832106314393e-01 -2.067860791087378636e-01 -2.672267110934349252e-02 -2.818188581820066929e-01 -3.006509949293528772e-01 8.632001222764534853e-02 -4.581207702764197170e-02 -2.406574114335866266e-01 -1.381293392216655369e-01 -2.403670646936128530e-01 2.465688483379939178e-01 -3.687406126358953040e-01 -1.907389373732380211e-01 -3.092716985595500567e-01 -3.609869944225643779e-01 6.201515050629036879e-02 -2.366508196798288999e-01 -1.746414358491574226e-01 -1.918353789215396787e-01 2.010845777214684965e-02
-2.016744966553586302e-02 4.798028009426020257e-01 -2.021755799746014284e-02 6.634875991553580432e-01 1.000000000000000000e+00 9.572672225422160924e-03 -7.970065789569026615e-02 1.424301513020658216e-01 -1.103125136040230964e-01 -2.014183245207800954e-01 -2.864587146119438876e-01 -2.705899674626284224e-01 -2.313719368297260104e-01 -1.285062721675405417e-01 -6.426184944055107762e-02 3.999028633166708258e-02 -2.815662962194999119e-01 -4.898775558633578636e-02 -1.817724024873808020e-01 1.417062620815849328e-01 -9.606710361046816304e-02 -2.970272453227892351e-01 -4.068217724376780448e-02 -2.334574000047450471e-01 -3.081818295037341837e-01 -2.547060388019358190e-01 -1.075861940880793455e-01 -1.890331930790162540e-01 -1.674067761348235484e-01 -4.020384918481533995e-03 2.009837560547411695e-02 -6.219240093092538030e-02 2.003433269931764460e-01 -1.034588317316944284e-01 -1.375795023741500644e-01 -5.114652219291445506e-02 9.042035668650834357e-02 5.742630359386684258e-02 -7.054522504366753100e-02 -1.828596863510995596e-01 -3.367986039321031744e-02 -1.732659370174276514e-01 -3.740688075579777783e-01 -2.053957948603884684e-02 -7.106025817879805737e-03 -2.483570691995739266e-01 -8.065688451936212089e-02 -1.054901797312997186e-01 2.019061608913131842e-02 1.069950449272718540e-01 -3.642959246399105067e-02 1.881096469363296164e-01 4.504074669802666242e-01 7.145801913507847658e-01 3.740265807107603369e-01 -2.014589684382656898e-01 -2.992865266895227555e-02 -1.608351385016814142e-02 -2.578864352533901672e-01 -3.653782060335998838e-01 -1.310493048313018660e-01 -2.116079893862474470e-01 -2.192004241983738499e-01 -3.552772006170029639e-01 -1.231343962342125592e-01 -9.265115802622891916e-02 -1.697338695223779836e-01 -3.165285910863758767e-01 -1.121520041541528429e-01 -4.852337648782432955e-02 -3.022949722502351819e-02 -2.574896782993164046e-01 -1.500074759224220011e-01 -3.259872319457693401e-01 -2.196241208022796931e-01 -3.586463461060369062e-01 -1.352847264135315086e-01 -3.954247732022954376e-02 -1.853033494017360810e-02 -4.113395695387275092e-02 -3.195421940967815844e-02 -5.735334660586183242e-02 4.327523927707169205e-02 -2.125012199116024236e-01 -2.460758365531944825e-01 -5.264580409084100403e-03 -2.337869749071624925e-02 -1.964384719338861940e-01 -1.062608151538732282e-01 -1.508602157893102758e-01 1.508649250811041065e-01 -3.776191566096354091e-01 -1.379253259450318458e-01 -1.294614565674080953e-01 -3.374087952846536176e-01 5.784024193429370200e-03 -2.726684603119489125e-01 -1.920793438436050327e-01 -8.431715785980994915e-02 1.376987783982503225e-02
1.602205643211346564e-01 3.947926282437030920e-01 5.010987609121156927e-01 -1.364793011041599557e-01 9.572672225422160924e-03 1.000000000000000000e+00 4.915862205641535754e-01 4.016148970134230667e-01 7.252254156895228121e-01 3.812959379255066450e-01 3.926450324622804411e-01 3.691970965458543641e-01 4.856541061748306243e-01 3.837722230392018319e-01 3.265446992695356099e-01 1.921289728905493654e-01 4.544011765814602866e-01 1.735530480698999900e-01 4.614329474106105278e-01 -2.224499970513000580e-01 1.416628740177256762e-01 4.657713379245645435e-01 2.591245322598713652e-01 2.782688356927215945e-01 1.592517868039331486e-01 2.549768860307889962e-01 4.874450087059407910e-02 4.705297261262675335e-02 2.420006142496371471e-01 1.844837796815516351e-01 -1.524632018046864212e-01 -8.062767199081685709e-02 -6.538661912081505934e-02 2.262717836018679485e-01 2.532715658033524719e-01 1.202743931114417103e-01 -1.853963869200264403e-01 2.295100454355881725e-01 4.372822362661031859e-01 3.884010440850881318e-01 1.365605748664558763e-02 2.605606661302942162e-01 3.819864190146894933e-01 6.857455343629814681e-02 -2.369268706600515667e-02 1.552919959003634387e-01 2.462235796918180175e-01 1.943406826216511479e-02 4.508985743662239920e-01 1.141506413991899144e-01 1.720674399749609618e-01 3.550215517633489304e-01 -4.039107038596346372e-02 -2.444500134164980798e-01 5.792978537150773599e-01 7.744082278197362834e-01 3.079021032088866683e-01 5.914944974596325622e-01 4.096524959497443996e-01 4.631422439072429009e-01 2.732901018178562902e-01 5.028811105321943087e-01 4.006183593629981665e-01 3.886040300479728371e-01 2.739670178305719239e-01 3.033379176814765543e-01 3.102915379088241332e-01 4.337874898483788377e-01 2.346479471779041592e-01 -1.041021816518797154e-02 1.427223251703366724e-01 3.055863640297201700e-01 1.946536291515557626e-01 3.596474279451545852e-01 1.490645187333693444e-01 1.386688268028249682e-01 2.460858680119968611e-01 8.476115756631302789e-02 -8.422308367669630036e-02 -1.128084508798136570e-01 -3.642242835897421122e-02 -1.265140018450419124e-01 -1.505146364161248640e-01 1.807873823439591077e-01 -1.371945352570363985e-01 -1.462095277182579589e-01 -6.236065863659908531e-02 -4.895015682575474397e-02 1.150937931376886242e-01 -1.368847635479711333e-01 -1.700488582585059638e-01 8.460757036695111533e-02 2.402330213337492137e-01 7.967068076512799635e-02 1.244752277805022400e-01 -9.684717503683137885e-02 -1.037259638850362570e-01 3.815724703517114728e-03 5.203475323500008631e-01 8.144616632906240272e-02
3.586331982891979159e-02 3.514547533020568326e-01 2.740638673153739102e-01 -1.098850108507440707e-02 -7.970065789569026615e-02 4.915862205641535754e-01 1.000000000000000000e+00 4.865066378270758718e-01 5.651592610836685404e-01 3.629145228929904765e-01 2.557945053658584600e-01 3.192741239291740918e-01 2.573939676708059121e-01 2.951619320317419026e-01 2.802423890697129938e-01 5.057481929882545746e-01 4.718915032702789558e-01 2.390111735317493602e-01 4.225150137534104955e-01 -2.024754344224266034e-01 2.511151988575749394e-01 2.817645969789050464e-01 1.901175484879751298e-01 2.944837996684904757e-01 2.376878506095815302e-01 8.539856113304880592e-02 -5.418839707575344444e-02 2.921662274566590167e-02 2.018249445473141446e-01 1.136368020815207436e-01 -7.492430331500320173e-02 2.268623927091458631e-02 -3.702474891003007529e-02 1.176107155545838417e-01 1.086373064602757510e-01 4.439535822791039477e-02 -1.340356927289355349e-01 2.864523134432306883e-01 3.892589421634116698e-01 4.490303684600668310e-01 -7.333312934117384996e-02 2.340649187523586028e-01 2.006403425513270389e-01 8.447181443287700431e-02 3.790695579588457265e-02 -4.810980706770161784e-03 8.964275430359502916e-02 -3.470453614763691422e-03 2.015915874219363357e-01 5.232477542311524121e-02 2.530430258816501188e-01 3.192301377825764730e-01 1.740894784394094175e-01 -1.503989798023811220e-01 2.450279042561568643e-01 4.625690474109314665e-01 4.653696817287002463e-01 5.061450894206941387e-01 3.332230908646497403e-01 2.966881459950075905e-01 1.583572823549297126e-01 3.201135950395025409e-01 3.122188217937370558e-01 3.982579791136462433e-01 2.623681990341449333e-01 2.493870188262922727e-01 4.501785682702004188e-01 3.986284855816744077e-01 1.156318587653524521e-01 -3.352933059178059977e-02 1.833323078597414724e-01 1.238633530053409454e-01 2.049687953675843888e-01 4.074680622468009883e-01 1.330969440492156264e-01 9.453733264745303733e-02 1.509668832762376123e-01 -1.377319654771390171e-02 -2.765946084531818033e-02 5.579391897668341260e-02 -2.141434837300187077e-01 -2.662562385299507839e-01 -9.447075954618322502e-02 5.241825695149278375e-02 -1.886827492844320719e-01 -1.875611644348447460e-01 2.035890171629650344e-02 -1.382699519844881597e-01 2.257061006400730777e-02 -2.370351309088843672e-01 -7.566506498697297967e-02 1.179001291576693561e-01 1.729053371192475486e-01 8.567108446746445061e-02 -2.408887416163851825e-02 -1.193859228620239299e-01 -1.854040057054743562e-01 -1.003295904521301213e-01 3.254439688979823275e-01 1.332133141529374398e-01
-1.570286097158068994e-01 5.558735834741338477e-01 2.700516853806345097e-01 1.469614794596631469e-01 1.424301513020658216e-01 4.016148970134230667e-01 4.865066378270758718e-01 1.000000000000000000e+00 6.119959617851717937e-01 1.233806358576301498e-01 9.314930851622030272e-02 7.514472479322448217e-02 1.300109570086246114e-01 2.038350533964151112e-01 1.325258707847783712e-01 4.019290903056502162e-01 1.471267049564830565e-01 3.792643438657037347e-01 2.638512032567433274e-01 9.095081129632411054e-02 1.514539760312030858e-01 1.247948929467518481e-01 1.905632187687519505e-02 -1.030283569284452944e-01 -6.464564887957288675e-02 -3.529935366990244461e-02 -1.068735242784716807e-02 -1.448506438972199661e-01 8.792665674283373090e-02 1.422941748466833092e-02 -8.596414789358680988e-03 -2.944925100857551103e-01 -4.929889344460514078e-02 9.323861382406295473e-02 5.356558157082030869e-02 2.051681200336581135e-01 1.039072314570570060e-01 7.676292230067649491e-02 3.189163430538470290e-01 2.164545279194615979e-01 1.062527116648329106e-01 1.597856998592442346e-01 6.064299151985498570e-02 1.087004140306290917e-01 1.375925804472704628e-01 7.483035776776486570e-02 1.005904748993305536e-01 -2.613414936752828793e-02 1.368279129289387275e-01 2.048328718459875297e-01 3.678577885778591683e-02 3.915531093194019596e-01 3.076646924694492191e-01 1.214455381554123414e-01 4.662202297070730528e-01 3.573928715397624023e-01 6.812394147039469994e-01 7.154119929957074575e-01 1.443162621210603014e-01 1.595814407188772543e-01 1.442987962954801195e-01 2.064084228060668602e-01 1.681857194687788604e-01 1.926860064473761291e-01 1.458057158009797571e-01 1.121776384053204401e-01 2.406407830720156682e-01 2.248804455862806195e-01 8.880420866573790484e-02 2.538529982405001717e-01 1.713353619377108172e-01 2.982219455222654206e-02 4.713405780454060084e-02 1.469315478717978241e-01 -1.338408309146522923e-01 -1.749301325486557132e-02 3.644743718692349671e-02 -8.023816318337627373e-02 -9.627360890303145180e-02 -2.144923872302092471e-01 -1.408081895830901875e-01 6.700725460450004771e-03 8.646392334723869422e-02 -2.192221592692547918e-02 -1.245106053428426812e-01 -9.329571890241591947e-02 1.064326977009030506e-01 -1.462602211714055245e-01 2.227590372704393307e-01 -9.221585348226640777e-02 -1.698898209807744586e-01 -8.978023050570288488e-02 1.473401161252841374e-01 1.084931708333232159e-01 -9.951517064438220039e-02 -8.626063366797104628e-03 -6.603668556365578646e-02 -8.977891421900553726e-02 1.914094032493910691e-01 1.248692628525198134e-01
-1.130064447663723000e-02 3.864613746831219165e-01 4.176982126943767915e-01 -2.256797711503034931e-01 -1.103125136040230964e-01 7.252254156895228121e-01 5.651592610836685404e-01 6.119959617851717937e-01 1.000000000000000000e+00 3.302080334872978806e-01 3.725273884773164235e-01 3.201251303323987552e-01 3.981254986415410646e-01 3.022965296827131443e-01 2.136401057424857641e-01 2.670485754883923923e-01 4.091443186600736692e-01 2.239488846180069936e-01 3.730045337142209871e-01 -1.095298169379545355e-01 1.115108513684014563e-01 3.949361041843590381e-01 1.044723304472627567e-01 1.736817707956092582e-01 1.840866277005230589e-01 1.472438731162693804e-01 6.274278184621537302e-02 -3.728474323620145636e-02 2.054443104242363316e-01 3.545892029088068553e-02 -7.650845953234004793e-02 -2.215579176839591602e-01 -1.415938268135707723e-01 1.874052719097399067e-01 2.233112047505364239e-01 2.497347649963122251e-01 -7.496783567092306366e-02 1.554107273959936530e-01 5.046831224037955366e-01 4.370365916033907561e-01 8.462013888048881827e-02 3.291337527771536209e-01 3.421689954847129678e-01 9.355296958682671193e-02 1.754773638795844790e-02 1.234543460763598277e-01 1.820056952433118935e-01 -2.670183915010372958e-02 2.900023375357912991e-01 1.337608381016164860e-01 1.319468888818646213e-01 4.048001987949198521e-01 1.154909514940082559e-02 -2.527654181160090552e-01 5.169377130923263897e-01 6.885517466201712677e-01 5.108786164934916441e-01 7.820726154083201820e-01 4.186558116000229646e-01 4.547617357853942499e-01 3.011345661758990655e-01 4.208267102040839092e-01 3.173487585961453639e-01 3.490640903125548644e-01 2.168871374240175232e-01 2.146292371193032344e-01 4.241183039279199929e-01 4.554130031126548683e-01 1.792267993060722431e-01 9.733951815868470414e-02 1.192100380472083526e-01 2.232612624692396075e-01 1.241948114942613424e-01 4.617324888402132288e-01 1.117277024883084752e-01 1.841576036053366450e-01 1.769139821702490623e-01 -5.619473745540012888e-02 -4.581535993837727860e-02 -2.138191396473708428e-01 -4.853091351088301142e-02 -9.973952623019107996e-03 -1.107446196646967584e-02 1.709563645351977468e-01 -1.004665120868337425e-01 -1.552754425579088438e-01 2.442278874432052271e-02 -7.564990134488673579e-02 2.651354225290739608e-01 -3.661905214878129200e-02 -2.856118017769649908e-01 1.709168008724919752e-01 3.337331537290655348e-01 2.043120462178997510e-01 1.362899630227621395e-01 -1.335240512935843837e-01 -1.004311031914570801e-01 -4.738048361796076691e-02 4.238866503633939575e-01 7.534197838830611338e-02
1.132742879500057975e-02 1.430282526748110072e-01 2.549870564274152041e-01 -2.767202269653769586e-01 -2.014183245207800954e-01 3.812959379255066450e-01 3.629145228929904765e-01 1.233806358576301498e-01 3.302080334872978806e-01 1.000000000000000000e+00 6.180181897784459144e-01 7.541751406861459950e-01 5.367897673670101177e-01 2.594693703818980457e-01 2.435528463142291600e-01 2.404872183930994167e-01 5.207940958364464246e-01 -5.569347105230774975e-02 3.463159400462053061e-01 -3.673551251830168285e-01 3.849023792367172337e-03 3.881719343485572349e-01 8.806207461277909543e-02 3.886679591905956577e-01 5.145376929699315705e-01 3.514815430873202140e-01 1.164445208180718838e-01 2.356443460075102192e-01 2.763909445132080034e-01 1.647411043788718776e-01 -5.809924564512395501e-02 -2.097734611915061387e-02 -9.610537483033818051e-02 7.179737450135978416e-02 1.637871604804483627e-01 2.580872575988144360e-02 1.358668303115012112e-02 2.454617460742174184e-01 4.739782640077372933e-01 5.454768611795066668e-01 -1.383076505581049553e-01 3.631408826624270003e-01 3.026580182204470781e-01 1.739166689342401817e-01 -9.254572005160435766e-02 1.493732526954323625e-01 5.177190123019483753e-02 -1.550701361689412472e-01 1.736189776264814577e-01 3.824962801126256806e-03 1.567698954540353018e-01 2.050650141193201825e-01 -1.198530396401314424e-01 -2.803503905616618885e-01 7.842285863674133828e-02 3.522913129199456428e-01 2.412711268471686432e-01 2.912075893447597652e-01 8.087828115120525574e-01 6.338557436064259365e-01 6.630272179432793456e-01 5.639319162007964126e-01 3.450760001634695096e-01 3.610838078384601135e-01 7.725435666658847511e-02 2.016022784313443450e-01 4.154431176082819532e-01 4.363699312750203840e-01 1.511046123164371258e-01 -2.130170093535504183e-01 9.511550082823134978e-04 3.217144872127689070e-01 1.172047833291105789e-01 5.219448806910809147e-01 3.579278860748099644e-01 4.698741503267320763e-01 3.072675658326644577e-01 8.501502232887832300e-02 4.072574376430131669e-03 -6.251257184907885178e-02 -3.501823729545408548e-02 -1.149195702597974739e-01 -2.712450802546647471e-02 2.272478997009447221e-01 -2.477507658320745113e-02 -1.263427359641918768e-01 2.481956833408263396e-01 1.154683335889545998e-01 7.115781419888143888e-02 -1.102617185052651508e-02 -6.583767954477820483e-02 2.729600033592224362e-01 5.017280165935035230e-01 1.439708706715006337e-01 3.127538161020367857e-01 2.797393645097307965e-02 -8.944420195983397714e-03 -7.979893864107258372e-02 4.391464689115601172e-01 1.359595083370983282e-01
1.311349506177601210e-01 2.907577856403557870e-02 2.778543700695467189e-01 -3.129397342985533736e-01 -2.864587146119438876e-01 3.926450324622804411e-01 2.557945053658584600e-01 9.314930851622030272e-02 3.725273884773164235e-01 6.180181897784459144e-01 1.000000000000000000e+00 6.854162187737756762e-01 5.392966016495760462e-01 2.612580145314523095e-01 2.126604651346723773e-01 -1.594411637784973537e-02 4.445290691959982166e-01 -6.385553525662196472e-02 3.797483116529859482e-01 -3.445776686138606881e-01 -5.200114934754501012e-02 4.108643771888895735e-01 5.588576194782082091e-02 3.448002284152625885e-01 5.048514368254665152e-01 4.970613468893235742e-01 1.011493880355447822e-01 2.874557384935468862e-01 2.675520298493785920e-01 1.445960716260863144e-01 -1.210925746495774696e-01 7.580987875007907939e-02 -3.528779246697547056e-02 7.306851647265355520e-02 2.319520671850000548e-01 1.214130235650632689e-01 -1.972037011918739008e-02 2.149947990210378523e-01 3.878482032160343040e-01 4.102753297220317896e-01 -4.115145679651950605e-02 2.727433381265654266e-01 3.607149431159243358e-01 1.572330353468429920e-01 -3.882433872551238618e-02 1.213276572928558006e-01 4.505671345254509685e-02 -1.633770783099028345e-01 2.362950228258454966e-01 3.843563464985517986e-02 1.436646985866490422e-01 1.529498414786990002e-01 -1.993918931721426757e-01 -3.680763298578841325e-01 1.474239928569691382e-01 4.217058892053738295e-01 2.084107037115710825e-01 2.367830912195804105e-01 6.242067927830536878e-01 7.288368127086630732e-01 5.221179795665105150e-01 4.899485901630905027e-01 3.217914430256437197e-01 3.641848924203548998e-01 5.655565988396843435e-02 2.341785437593386643e-01 3.152082391196098232e-01 4.579088583684478020e-01 1.243390261796836621e-01 -2.010960260865237992e-01 -4.653331450538222142e-02 2.785583106428766720e-01 6.457599583254100550e-02 4.440279231114065417e-01 3.110879944303623912e-01 5.106128652402224244e-01 3.244525211295178901e-01 1.249153682562412909e-01 -1.117230638375759644e-01 4.106091174744854605e-02 -4.169257804067726808e-02 -1.051235339473357705e-01 -8.808947708064024384e-02 1.698555755061771644e-01 2.565368853670064921e-03 -1.754470297752983854e-01 2.036754234294836374e-01 1.563057331719730492e-01 1.509587517419248293e-01 5.396504854008826735e-02 -9.184822357810798477e-02 2.586786172469375811e-01 3.644965584125888225e-01 1.062997800707049106e-01 3.264030153286809899e-01 5.085995425050384572e-02 1.145932542319903595e-02 -1.023636368474985653e-01 4.666746235784652308e-01 9.493847638857941251e-02
8.103441304131080158e-02 5.649910593313482721e-02 3.535394080690569263e-01 -2.911878954787027185e-01 -2.705899674626284224e-01 3.691970965458543641e-01 3.192741239291740918e-01 7.514472479322448217e-02 3.201251303323987552e-01 7.541751406861459950e-01 6.854162187737756762e-01 1.000000000000000000e+00 5.722134359953453542e-01 3.602304764742444987e-01 3.236745949441663384e-01 1.589186956818986751e-01 5.807017082855334689e-01 -1.913822371577126558e-05 4.411695115204076756e-01 -3.508092314175309534e-01 1.110539617511440841e-01 4.283354373430956485e-01 1.681708602109572570e-01 5.294753767183827398e-01 5.949765615496215299e-01 4.976811698222329272e-01 1.658365120812014537e-01 3.510423738062194987e-01 3.346043845750040768e-01 2.912012764530289566e-01 -1.681371285993592812e-01 2.403073516208807658e-02 -1.131650837893218575e-01 1.414529187276267197e-01 1.997226899443904635e-01 -1.819579794975701575e-02 -3.569306864663265855e-02 1.981856829446392021e-01 3.653863526918282312e-01 4.501210859172764533e-01 -1.732564701257603701e-01 3.098183753274213470e-01 3.534426612750009022e-01 1.137722594399508957e-01 -7.182009055899224448e-02 1.478180256585771013e-01 7.696268537535375098e-02 -1.180480402229972525e-01 1.254940369496320152e-01 -4.148188451914236463e-02 1.346084303470841959e-01 2.358226623226278851e-01 -1.746433631014843446e-01 -3.308186062619298817e-01 1.169170162667702434e-01 4.116840624234151536e-01 2.223026277028219422e-01 2.099256610028578940e-01 7.259832285788991868e-01 7.114181961242159735e-01 7.072963915354592013e-01 5.754072491505916043e-01 4.035539411213229233e-01 4.310233341943354723e-01 1.625744701740980402e-01 3.064891206493897124e-01 2.885184171542046760e-01 5.570069347304990037e-01 2.117691163065171800e-01 -1.734208469207379200e-01 4.101598973890067251e-02 3.787320370914758483e-01 2.430441441755395449e-01 5.443232005144149621e-01 4.753494266694429649e-01 6.254684966548609282e-01 4.128801931189560182e-01 2.090457620510850489e-01 -5.253857966985692185e-02 -7.271552043609048888e-02 1.505116477829376853e-02 -2.026998461636724258e-01 -3.839340394403359391e-02 2.302843258223359890e-01 3.656751636117545889e-02 -1.293354856618177673e-01 2.123595602262421389e-01 1.379868486447852483e-01 3.431619778669908749e-02 3.930501649261299545e-03 -1.021894327746571962e-01 2.525808491591377547e-01 4.097018327302892615e-01 1.050441416092761232e-01 4.000543604388781538e-01 -5.299803409912583196e-02 3.424493395702848941e-02 -3.157372853470436641e-02 3.734916090662125931e-01 2.593673610655551631e-02
5.262636607040759029e-02 5.090177304884208054e-02 3.353841329369728341e-01 -2.077838497253433891e-01 -2.313719368297260104e-01 4.856541061748306243e-01 2.573939676708059121e-01 1.300109570086246114e-01 3.981254986415410646e-01 5.367897673670101177e-01 5.392966016495760462e-01 5.722134359953453542e-01 1.000000000000000000e+00 5.111155538007307042e-01 4.562991513214789685e-01 6.640909823951701707e-02 5.381298550782526169e-01 2.278203009349135943e-01 5.200495559005284818e-01 -2.764962547971391293e-01 1.984697150308313285e-01 6.018026763063837326e-01 3.528523600628634682e-01 3.465834948803224180e-01 2.686200550879421778e-01 4.087733506047343535e-01 1.519988791713370868e-01 1.430105449664747508e-01 2.955286313707174983e-01 3.768793657668499386e-01 -1.591920332849961761e-01 -4.035755988536889743e-03 2.273393406538983322e-02 3.728042446348448502e-01 3.900039174953165433e-01 3.686869376245622415e-02 -1.113197081652823606e-01 1.881337478028779764e-01 4.400893690358313459e-01 4.432155380070164630e-01 1.620749410456310408e-02 2.412172103361536757e-01 4.420424520899624010e-01 2.409280568158470720e-02 -4.928982208637077561e-02 2.413153240745938843e-01 3.734022132766179336e-01 7.075885822593101782e-02 2.144612460583003588e-01 -5.912337834832738503e-02 2.535947546963529184e-02 1.340056270643761871e-01 -1.362559671193424859e-01 -3.327106579202335768e-01 1.776005514600664803e-01 5.197844342086369585e-01 2.009049040243766626e-01 2.941303252925011047e-01 5.445242155514302684e-01 6.060419289677968502e-01 4.574656726506236004e-01 8.227923331785135241e-01 6.045121400621704666e-01 5.611588454269504922e-01 3.901314018648050497e-01 4.899766045648680235e-01 1.497334665479267135e-01 5.885531721610308686e-01 4.495704168565388681e-01 9.383851353453878663e-02 2.038882534561817783e-01 5.660261463413055472e-01 3.722766214277041241e-01 4.230137541102105825e-01 2.664994503788847835e-01 3.116189220664398185e-01 3.359624191128711690e-01 3.217073376523754691e-01 -3.900462388208938286e-02 -8.587072089295283428e-02 1.546005233937770007e-01 -7.712007585672225884e-02 -6.667033181431389344e-02 3.674384805362915229e-01 -2.514224820594911092e-02 9.942281803604580137e-02 4.842960921775581878e-02 4.020966230668070185e-02 1.719572935238995182e-01 -1.616046445723406250e-02 -1.114641388862173538e-01 1.579653843370563415e-01 3.549584062698256659e-01 -6.113076924771936732e-02 2.666232036658472970e-01 -8.907338554507245043e-02 2.211440039124583368e-02 1.696936275768473057e-01 4.079056415884169118e-01 -6.521887096029039405e-03
9.847528911772533700e-02 6.014823639832192481e-02 2.674428989141346413e-01 5.439085275939465475e-02 -1.285062721675405417e-01 3.837722230392018319e-01 2.951619320317419026e-01 2.038350533964151112e-01 3.022965296827131443e-01 2.594693703818980457e-01 2.612580145314523095e-01 3.602304764742444987e-01 5.111155538007307042e-01 1.000000000000000000e+00 7.622340654982689978e-01 2.090813673048922128e-01 3.738589113294884525e-01 4.233057803209812064e-01 6.768185435821216789e-01 -1.945982977232678379e-01 5.275531151004676511e-01 4.229384765624705222e-01 5.867385858060415460e-01 2.734202815720774282e-01 1.268781862513236047e-01 2.804781671100506912e-01 7.335556436924410562e-02 1.051642260636519582e-01 2.118908338662208457e-01 5.891767658613343839e-01 -1.570825832934110988e-01 1.130945159084401075e-01 6.603325794416570194e-02 3.793759695587211600e-01 2.304606565265029938e-01 -1.171689628877032319e-01 -1.796539499134124640e-01 2.268301253473405110e-01 2.924514467324961786e-01 3.089853338674369843e-01 -7.104955106991185654e-02 6.524048207907498509e-02 3.251321935841480215e-01 -3.147634314780011627e-02 -4.147775946421478760e-02 2.327841127457379866e-01 4.156391779747424242e-01 1.669760743554367655e-01 1.111793856081204762e-01 -1.055668495957036157e-01 2.554665956391023382e-02 8.317693011098385714e-02 7.604940548988249616e-02 -1.355649405569269439e-01 1.065956213884687587e-01 4.543173348928309929e-01 2.168581566007273531e-01 2.104896893686891701e-01 2.629455532519017757e-01 4.040146537794370163e-01 2.153482954055840060e-01 5.577000459680250266e-01 6.720538945451977053e-01 6.949688196848480271e-01 6.950540320116869175e-01 7.472486853592248401e-01 -2.196260452023127488e-02 5.400281939636244477e-01 4.909591145328497941e-01 2.365383828869833394e-01 4.988916869040824764e-01 4.650230537546050091e-01 5.639101040439358226e-01 3.084157850951430024e-01 2.194305742009551308e-01 1.749344045250638968e-01 3.145072987619789151e-01 4.902438896400512225e-01 -1.566856027224833303e-01 -6.307827209671271890e-03 1.861180719938129169e-01 -2.532178817880245125e-01 -1.136445003665964570e-01 2.327296139448882528e-01 -3.510129400613994782e-02 2.403588643030126759e-01 -6.159899393830464698e-02 -8.870021404742757173e-03 5.219999567068782376e-02 -1.129749048729678379e-01 -7.400102341991710020e-02 3.308572299584325522e-04 2.107866310922885955e-01 -1.748343009090571609e-01 2.079734028434977455e-01 -1.515406486566392985e-01 5.912877667872613874e-02 2.218354188178609798e-01 2.329871006063681527e-01 -1.025467787905692540e-01
1.327030675293863760e-01 9.800302014724265876e-02 2.910394184206102630e-01 1.322315600329603269e-01 -6.426184944055107762e-02 3.265446992695356099e-01 2.802423890697129938e-01 1.325258707847783712e-01 2.136401057424857641e-01 2.435528463142291600e-01 2.126604651346723773e-01 3.236745949441663384e-01 4.562991513214789685e-01 7.622340654982689978e-01 1.000000000000000000e+00 1.862755828473718622e-01 3.704165401278673442e-01 4.675021888405052617e-01 6.654446513016539777e-01 -9.926385724432897073e-02 5.891764468005921129e-01 3.629445065360844547e-01 6.275670674091520240e-01 3.204991774928874770e-01 1.166808069761886696e-01 2.655756801211186513e-01 1.095149293697597337e-01 8.927129926304452900e-02 3.146485345379819165e-01 6.381570926865740567e-01 -1.823623001589810555e-01 1.311622260172095322e-01 1.212385147279136238e-01 3.949584102062901336e-01 2.138355534366983279e-01 -5.238542623649290048e-02 -1.757990597560017132e-01 2.453869297413237838e-01 2.516482523409813710e-01 2.689814918562740687e-01 -5.523480316443486748e-02 9.417409354008013378e-02 2.279487829022332490e-01 -2.882123253672466343e-02 -4.855386487955035829e-02 2.017626814163042404e-01 4.440354930220491991e-01 2.206056690051058644e-01 8.460864992083741432e-02 -6.061239309479439508e-02 9.137914748905544282e-02 1.210757292803003454e-01 7.394984026858526793e-02 -5.989181744367128024e-02 6.399762067476376382e-02 3.932722591837236048e-01 1.789805540715456444e-01 1.438635375691685592e-01 2.392204526306740131e-01 3.642946819648793522e-01 2.220049584581368918e-01 5.156894288697462247e-01 6.544188168044724474e-01 6.061931609216368866e-01 7.376423633609012764e-01 8.609624518293095274e-01 -1.376069672733312363e-03 5.161970717322675872e-01 4.865694548086954008e-01 2.762989718375049586e-01 5.811657278612288868e-01 4.474678596708261957e-01 5.638034384217797124e-01 2.981570175640306797e-01 2.699534105471188550e-01 1.744646894018207217e-01 4.254976090199824035e-01 5.682341035782216832e-01 -1.436305448867982448e-01 6.040950408456664117e-02 1.648956283737767481e-01 -2.758347865070653326e-01 -9.157761908730531475e-02 1.914515500005219140e-01 -6.042736507202315678e-03 3.010802926806583346e-01 1.236837941697035807e-02 -7.535853032072295510e-02 9.145539767583728274e-02 -1.504243490049309573e-01 -3.567088670151290219e-02 -1.152039189570377986e-01 1.815189806253488802e-01 -2.187814552532279244e-01 1.522707840961855519e-01 -1.535176817607647737e-01 6.992163261391691476e-02 2.407630795528879764e-01 1.852344063874150071e-01 -2.541276389475003936e-02
