1.000000000000000000e+00 2.084017850867077304e-01 2.566269004632818485e-01 -3.612433085240130543e-02 1.459054630674466169e-01 2.108220792962738344e-01 1.685197720139263722e-01 4.989092616899003241e-02 -1.079974767981536909e-02 1.420232935703981680e-01 -1.688267159163612044e-02 -1.357642838256677420e-01 8.143830986944304573e-02 -1.902435365358424724e-01 -1.748627448168002807e-01 3.391069262740570855e-01 -6.116399732387350907e-02 -2.064531326464034144e-01 -1.986289248798622786e-01 -3.284398836899541374e-01 -1.553762317296485673e-01 7.520518160932536389e-02 -1.969848779881306355e-01 -1.612770175675413420e-01 3.089993928875164886e-01 2.259399144552425368e-02 -4.368988673388422145e-02 -2.357965097333058202e-01 -1.408705050466520503e-01 -2.277550095538126707e-01 5.658109086587437969e-02 1.409890092633300229e-01 3.164993855777728515e-02 -2.453744308893421877e-01 1.360380129130038807e-01 -2.593275395555437179e-01 -2.024827918949517747e-01 3.301658640596398797e-01 1.116047486591866950e-01 1.186015691866472294e-01 -3.717911442321763377e-02 3.126407945332420057e-01 4.906272094847773796e-02 6.513518522649021543e-03 1.001304157143569351e-01 -1.134197261514069133e-01 -5.681626581508410906e-02 1.121862923832846713e-02 1.734608209564073023e-01 -8.277107058837762654e-02 4.717374167930671880e-01 2.110895485950384787e-01 1.523139602241827817e-01 2.417248901521599699e-02 1.018048611974267242e-01 1.302630620543725748e-01 5.747376722919404768e-02 -5.671119968717867887e-02 1.136335251438362476e-01 -7.074151940543395300e-02 -7.695662017306195701e-02 -5.906669846235686194e-02 -5.594717895363741228e-02 -6.391973776676622421e-02 -6.473914660261001486e-02 -1.267228548387200060e-01 2.555386500088229970e-02 -1.848881075946150199e-01 -2.472890775582207712e-01 -2.551873750550184838e-01 -2.378709078779317754e-01 -5.126933159792059630e-02 -1.442371251845017410e-01 -5.726155037335091402e-02 -1.828140587911792625e-01 8.080415290758888314e-02 -7.164729423514024087e-02 -2.056088483404501788e-01 1.800262222772706644e-01 9.815048683826442522e-02 -2.626974707927744457e-01 -1.921654217849420865e-01 -1.776745239964633294e-02 1.891004098344770123e-02 -9.537379333330156528e-02 -1.330119861553393512e-01 -6.460113785086891991e-02 -2.146600040881883886e-01 -2.648427421285855510e-01 -2.065843995766503960e-01 3.100010451260157840e-01 2.919910893822668663e-01 8.148866546427596669e-02 1.794392385469874007e-01 3.366146800657115242e-03 -7.594601264679383401e-02 -8.856699767505987753e-02 -1.357537409019057006e-01 1.083660862137307279e-01 -7.158123911526077798e-02
2.084017850867077304e-01 1.000000000000000000e+00 4.214622383907697389e-01 1.645822640389082714e-01 3.707653089207479935e-01 3.685045665739913323e-01 1.250534500018289086e-01 2.085664430295271488e-01 1.737204601909000112e-01 -8.218182418650699095e-02 -3.544856426531639570e-02 -9.093618667547163914e-02 -6.893350733748943027e-02 6.228851680153276588e-02 1.550704240134976285e-02 3.319055771361941187e-01 -1.586422672423939140e-01 6.864763712516026850e-02 4.275043744073332708e-02 5.266310341698425546e-02 7.107492126304165714e-02 -2.107670232856568016e-01 1.113882700743142051e-02 -1.718699262412949347e-01 -1.732467764113572173e-01 -1.709409055088675911e-01 -1.375262776945833376e-01 -1.999930978933857351e-01 -5.804413508178695585e-02 -4.609248931122968823e-02 -1.308298608923239570e-01 -1.100285278876216577e-01 -5.184710874458037244e-02 -4.626192722309391270e-02 -8.902191142592365269e-02 -1.085521399209396845e-02 -1.328893462251994617e-01 -1.329269196490100169e-01 6.728083805009107965e-02 -6.880484371880200845e-02 -6.640798683471565989e-02 -7.362476600837236651e-02 1.459203264845640100e-02 4.834022177357447797e-02 -1.419717686254753641e-01 -1.397586150225175183e-01 -1.575095428761320027e-01 -4.776995155011271726e-02 2.131991675650246054e-01 1.084818011683319761e-01 3.029960352912927646e-01 5.968718593989356114e-01 3.000882855217297807e-01 2.645882154382319107e-01 3.368135182039651010e-01 1.725922945775267003e-01 1.647122451877063298e-01 1.351221627885947074e-01 -6.168631680366516018e-02 -1.056202519027285222e-02 -5.308241150471617459e-02 2.237551692375127840e-02 -1.213975212646625085e-02 3.078978698633443381e-02 7.375486912771743453e-02 6.065786734112316170e-03 -1.787139143687578591e-02 1.526617626063222002e-02 -4.678364717469798983e-02 1.346448115270095780e-01 7.977325585826290644e-02 -7.459601265820138549e-02 1.559854578741370033e-02 -2.893475161608529203e-02 -8.706843779618440859e-02 -8.203549436771719050e-02 2.859483074143062339e-02 -5.634927068252921362e-02 -6.227350177307366952e-02 -1.803789490216927138e-01 -1.978505610554718575e-01 6.180683786427259435e-02 -8.536235564098759721e-02 -1.780644338392927545e-02 -3.880945183435190876e-02 -3.707011326119608041e-02 -1.066625278102997960e-02 -1.019687662173782566e-01 7.654899573989802641e-02 -4.679878050483942536e-02 1.123948879008765805e-01 1.494301938947184940e-03 -2.258584834678666400e-02 1.107626839052203854e-01 -5.670206124275821435e-02 8.039055165527549118e-02 -1.932952567101352617e-02 1.256860141903919960e-02 1.210524756588040318e-01 1.498279764371879541e-01
2.566269004632818485e-01 4.214622383907697389e-01 1.000000000000000000e+00 -1.251512638671249678e-01 4.578736430778771599e-02 7.287533604789095953e-01 5.128083846839520676e-01 5.207655627446227120e-01 5.295409607088926718e-01 -1.407477980883387325e-01 2.056729252745100600e-01 -1.841446954040257961e-02 2.160753654725915129e-01 -7.778249986078825465e-03 -7.801647398510308529e-02 3.148461389769747210e-01 2.444110917945871986e-01 2.304982619794019860e-01 -7.545876139949946049e-02 -2.116654004590726446e-01 -9.020552372055430645e-02 2.236056753855641677e-01 1.668060856180371421e-02 4.103063640508512050e-02 2.619918230825458733e-03 1.980602690103000219e-01 1.462435542934085730e-01 -1.719664834842527662e-02 2.025705128533529520e-02 -4.766221053365325699e-02 -1.306704681330747020e-01 -2.429549129475210012e-01 -3.917366606420646935e-01 -8.294863596359856872e-03 8.960076302149740102e-02 -6.074584042865171368e-02 -3.287625165275073758e-01 -1.085953479396273846e-01 9.868727749809473593e-02 2.611800075542171085e-01 4.812195548705699988e-02 -1.569214041268883909e-03 2.976847326513033104e-02 -4.504041473816222663e-02 5.896975724317273654e-02 8.612554568375761777e-02 -4.241336648657522551e-02 7.494337963848886341e-02 3.104387551172689830e-01 6.204035937090107006e-02 2.260533317083139870e-01 6.857745565338011495e-01 2.998241271744623293e-01 -8.153679146359038565e-02 6.995086942195606339e-01 7.104297986468127712e-01 5.640469212246103092e-01 4.807784602030041321e-01 1.561699984044342959e-01 2.742037029002230564e-01 2.320429464561903354e-01 2.515775557798330397e-01 6.227697832129292649e-02 6.465458517528183124e-02 5.462909519189385749e-02 -9.264633951269593895e-03 4.567689378796651600e-01 6.777582723220942906e-02 -1.377142564058795038e-01 1.402849393030015657e-01 -7.491994469006299506e-02 1.855209427925253729e-01 8.899595615758339878e-03 3.515955728560882787e-01 1.757678357876884812e-01 7.066726555508982821e-02 1.516849844127861856e-02 -6.158770783404251409e-02 -8.713879236222568658e-02 -2.155479804208079442e-01 -1.971473631131747950e-01 -1.073277110311649379e-01 -2.152077509763515861e-01 -5.771057682176337911e-02 2.259346759448696562e-02 -8.624008061240813483e-02 -3.670578342426448759e-01 -1.335115894561896555e-01 -1.803864741717793943e-02 2.279026476590810535e-01 -1.600111753095130318e-01 2.366965785808329559e-01 1.963407647501481668e-01 -1.638136581044474238e-01 -6.036557262680434599e-04 -1.868019820080698418e-02 1.022193057640460312e-01 1.543790558410268509e-03 4.377784769004945953e-01 1.437334571814268824e-01
-3.612433085240130543e-02 1.645822640389082714e-01 -1.251512638671249678e-01 1.000000000000000000e+00 5.763646488332723195e-01 -1.632794653313812683e-01 1.282057889277007645e-01 5.997424042016107071e-03 -2.344231935944824929e-01 6.607168466649869509e-02 -9.966508768841136900e-02 -1.515158973056788538e-01 -2.318061602375565133e-01 -1.957501698917547273e-01 -1.553046687417102001e-01 2.815968499510390632e-01 -1.229657664205110607e-01 -2.229275126557358766e-01 -1.252042294833768665e-01 -1.995923259430879837e-01 -1.191557599077188584e-01 6.396865765353462741e-02 -1.922563399992770761e-01 -1.047785406819827930e-01 -1.706335662147379084e-01 -1.265821768478997966e-01 1.043209572177399569e-01 8.837478655425362595e-02 -1.590171870957047262e-01 -2.331720558860557180e-01 -1.598176542025670499e-01 -3.123662865417763390e-01 1.195898401123025451e-01 -1.577272922874105865e-01 1.488303456559107452e-01 -2.320892226529317204e-01 3.439285849896420860e-02 -1.180821530459435081e-01 -2.652826576476149598e-02 -6.227155052276012182e-02 -1.609380074084051093e-01 1.230001443935085231e-01 1.863625745128687228e-01 1.566178400814487726e-01 -1.432074084086222207e-02 2.555361038513972657e-02 5.124617074688669893e-02 3.623323735991577227e-02 -2.130452029142425596e-01 -2.703536636547169136e-01 6.245176030913620474e-02 9.577324571918062468e-02 1.538588740296112922e-01 5.187926093350140322e-01 -1.388022460579065309e-01 -2.357123273694700649e-01 -6.643486779879638482e-02 -2.124607678007813805e-01 -3.094129459926879197e-02 -1.505070206025195534e-01 -2.583297024568300126e-01 -2.758598080692458709e-01 -2.438263319913200056e-01 -1.424304737698743883e-01 -1.544651767213039151e-01 -2.025366570166490243e-01 -1.950811360789387605e-01 -1.461444223952922117e-01 -1.430310049710415143e-01 -2.190127119986389204e-01 -1.492786310500021085e-01 -7.398775436047322351e-02 -1.773200735859367383e-01 -2.926096107970670990e-01 -1.701588826422084089e-01 -9.184871973181393812e-02 -1.993261584353372279e-02 -9.804197072525673573e-02 -1.393708431229040250e-02 -2.638575690044220323e-01 -1.408040921744725671e-02 -2.286086509085547280e-01 2.034925054989339954e-01 2.702247934330850865e-01 1.863196383650662369e-01 -2.653235111217207287e-02 1.619314077880530944e-01 2.169595040919874707e-01 -2.608792697441506547e-01 -3.510553803168401377e-01 1.750796680505154190e-01 -7.464386141178696059e-04 -2.459329604138105196e-01 1.365538725408139975e-01 1.306952971097156413e-01 1.425997201742238985e-01 6.529074213829225148e-02 1.406875367486135585e-02 -3.024740448293615214e-01 -3.134469127647747100e-01
1.459054630674466169e-01 3.707653089207479935e-01 4.578736430778771599e-02 5.763646488332723195e-01 1.000000000000000000e+00 1.415811995351427266e-01 1.985447569308950722e-01 1.714041142151546959e-01 -2.975366092489168356e-03 2.183089231837309907e-01 -1.687915802304496005e-01 -2.589999656190647426e-01 -2.162153175343612677e-01 -2.746649804596321132e-01 -2.366949761868203939e-01 3.361642420508869633e-01 -2.497482118725986855e-01 -2.552415173419954608e-01 -2.529595953868176705e-01 -2.103661837539803625e-01 -2.032346158458220309e-01 -8.042654199394656811e-02 -3.020642489201931791e-01 -1.779898887912542971e-01 -7.385934002935180820e-02 -2.821037678019687189e-01 -1.377909644542037182e-01 -2.388874081979381336e-01 -2.668385805092737817e-01 -2.499757175511142793e-01 1.640837533285650629e-01 -1.315439147238820772e-01 1.623294868956667858e-01 -2.460565461409470744e-01 -5.314974182347020903e-02 -1.750318307839351106e-01 -1.057323118567186498e-01 6.871802762435151590e-02 1.093388381923707797e-01 2.975340061715547098e-03 -3.357175228443459031e-02 7.027560584510053610e-02 1.084674617127364959e-01 9.857344008134576174e-02 1.056567283915833128e-01 -1.554836344281137761e-01 -1.012703311870471468e-01 1.280654568193007829e-03 5.979965753097895437e-02 -2.282880511898332035e-02 1.838450106378919646e-01 2.565645948972111179e-01 2.130336513134627741e-01 5.946515013429573004e-01 9.439125445661437908e-02 -8.369163423464322238e-02 1.026794194692993989e-01 -7.272024377655571248e-02 -1.099921683125148000e-02 -2.620170342408243980e-01 -3.258507437341250923e-01 -2.911429968474435470e-01 -2.516807011086619195e-01 -2.375009634652269219e-01 -2.300156556102098404e-01 -2.805195853965117281e-01 -1.201968578161596302e-01 -2.961714374493405466e-01 -3.019397858104926891e-01 -2.924234809382319500e-01 -2.498567236325228702e-01 -2.947651721664145130e-01 -3.043992687066410796e-01 -3.129055788989654197e-01 -3.014115883098424375e-01 -1.011156188079646856e-01 -1.350899364216033016e-01 -2.397892362158663415e-01 2.780217094647012277e-01 -1.817802732762710538e-01 -2.120697930493896655e-01 -1.682930322297389036e-01 2.051479930423307785e-01 4.831645359418729191e-02 -8.133278456984936733e-02 -2.105956821410565616e-01 1.038985552139795460e-01 -1.450207303041134987e-01 -2.687378190954588519e-01 -3.386334932290174793e-01 2.583122975121611153e-01 1.083741996579349331e-01 -1.782723100785133519e-01 3.014519183332656227e-01 2.099707931502077518e-02 1.388179432529204893e-01 -1.011381694593022351e-01 -1.348499261513896319e-01 -1.401066067270571314e-01 -5.073389349668643022e-02
2.108220792962738344e-01 3.685045665739913323e-01 7.287533604789095953e-01 -1.632794653313812683e-01 1.415811995351427266e-01 1.000000000000000000e+00 5.381194917793826749e-01 6.290882309265283245e-01 7.057111830980684619e-01 -4.271090223115175943e-02 1.916683804554908388e-01 5.109569547973012021e-02 2.935723136429119196e-01 8.547437715692016158e-02 2.952366369134545084e-03 2.096298345299445476e-01 2.856236117221588877e-01 3.531068659145163990e-01 -5.796254665305473723e-03 -7.047347593012889821e-02 3.425813223633172866e-02 1.546999109355779445e-01 8.449207241093401044e-02 4.857303559744979154e-02 -3.768467406208120263e-02 1.029795457575944789e-01 1.909746646389324023e-02 -1.089990547428785206e-01 1.562757170625202197e-01 4.816828858209292602e-02 -1.517669489533871596e-01 -2.604989228261551659e-01 -3.983662340629866017e-01 3.328222260247986480e-02 3.222027424844511184e-02 -8.154122509222164195e-03 -3.693927881691155823e-01 -1.773241564629514655e-01 1.072576500831639579e-01 2.818408543214538930e-01 1.236846661869689390e-01 3.545626496768058272e-02 -5.782546178363648891e-03 -4.595696954128731387e-02 -3.688962712763427937e-02 1.813786919124110025e-02 -1.229530494178333322e-01 7.168859095344581878e-02 4.567928761479352895e-01 1.723136896371404714e-01 2.248500708362899114e-01 6.520815731839364471e-01 3.146730409617394253e-01 -9.119879386024543066e-02 8.392369058275498395e-01 7.750504060961730390e-01 6.338293382449212698e-01 6.264023934972874352e-01 2.347960057090487385e-01 2.816996807015914595e-01 1.874974141146631412e-01 3.550129169789065786e-01 1.792602652802510466e-01 1.020147867557926052e-01 5.544291760120454576e-02 7.222152166056969302e-02 5.066356627219277264e-01 7.818062919534732313e-02 -7.069767938604636093e-02 2.462360723674949237e-01 7.949073630679005797e-02 2.394678355364990852e-01 8.201731110733107011e-02 4.086429623082956097e-01 1.969605588265661844e-01 1.135596054442147146e-01 1.268829677722805305e-01 4.045873818762986407e-02 -3.469116176461910922e-02 -1.971157039044915682e-01 -1.776222123686813370e-01 -2.986128344981965090e-03 -2.162931433017722394e-01 -5.394639336497241561e-02 -5.502181437053884488e-02 -8.379412782869384568e-02 -2.876469575455434802e-01 -1.616642794429947183e-01 7.868495230319888512e-02 2.962459921459111301e-01 -1.085948899916013843e-01 2.176760755580806894e-01 2.712601349993331024e-01 -6.470458718767957418e-02 3.786296614052682419e-02 3.074274703625090241e-02 7.373517467661937219e-02 3.866560105323478547e-02 5.943755983546914479e-01 2.662603019644493862e-01
1.685197720139263722e-01 1.250534500018289086e-01 5.128083846839520676e-01 1.282057889277007645e-01 1.985447569308950722e-01 5.381194917793826749e-01 1.000000000000000000e+00 6.274024020752296815e-01 4.489356524951292893e-01 3.052461455048355310e-01 2.838491646842584704e-01 1.006376889498587640e-01 2.924916938200418648e-01 -7.091329136105117836e-02 -1.190113407829015008e-01 5.249368210294905746e-01 2.845700279948668587e-01 1.499832005946274138e-01 -7.818420393138100777e-02 -3.520129547437522155e-01 -9.200835466944817798e-02 2.682849491136519715e-01 -9.641605012135975872e-02 5.169314689239638133e-02 1.812605550277612276e-01 8.989107108084244679e-02 2.101538290155814115e-01 4.170217466941913455e-03 4.338704998721215622e-02 -4.815277531751178258e-02 -5.749951786389983360e-02 -2.981218892593970882e-01 -3.455838593033356276e-01 -4.115051362678531083e-02 1.551453160962463218e-01 -1.540041177865918709e-01 -3.333837385261494979e-01 -3.231321549599033838e-02 3.183154225254822278e-01 5.802721599640487948e-01 -1.637360009539704300e-02 1.603759016581051688e-01 5.029087144780713253e-02 6.109230400532011940e-02 4.855588988544220358e-02 1.239230771495385963e-01 -4.660302351865359960e-02 1.160142036910658259e-01 7.664626875145143237e-02 -1.027471976876300347e-01 1.874679000548113983e-01 4.853821975283113543e-01 6.203244168485069210e-01 4.482130656278447700e-02 5.065888049155174988e-01 5.289558535337887113e-01 6.613784025233153674e-01 4.453887073403216545e-01 4.404712975924668927e-01 2.972160683308471829e-01 8.132563986904872699e-02 2.478305071089974554e-01 1.556084712414049220e-01 1.025262756187115543e-01 -1.170319962180150011e-02 -6.750291940520397604e-02 6.035492480980200192e-01 9.394344921660566228e-02 -1.463025903661133997e-01 -1.562765000215866548e-02 -1.202682581829310621e-01 2.920430388562740287e-01 -7.321859954564759188e-02 4.230260766484492674e-01 1.704418609531826445e-01 2.377339118038472310e-01 7.411747250426002631e-02 1.328830547886333639e-02 1.409891749022502971e-01 -2.054889012405391457e-01 -2.037920581991465308e-01 -3.323766130370909289e-01 -3.436970205511946652e-02 8.158755778871248920e-02 4.291775066297401353e-02 -1.188972560984684484e-01 -2.459098304039682714e-01 -8.271219438230031917e-02 -2.606537536214905137e-01 1.914603027287879178e-01 -6.647675162152490158e-02 2.904047286755954693e-01 4.216465034579711113e-01 1.161817354700775129e-01 1.897001545858607863e-01 3.783606729445349037e-02 1.340703177297924986e-01 4.146315342204803106e-02 1.629364108458084270e-01 -8.519018053786447942e-02
4.989092616899003241e-02 2.085664430295271488e-01 5.207655627446227120e-01 5.997424042016107071e-03 1.714041142151546959e-01 6.290882309265283245e-01 6.274024020752296815e-01 1.000000000000000000e+00 7.944818769074859510e-01 5.679324372410336774e-02 1.222911357492826590e-01 -4.960877732353179831e-02 1.347470614131930089e-01 -1.634663200033335123e-02 -1.080146402126584415e-01 2.117804831478753147e-01 2.106930092250969000e-01 4.472077576177998504e-01 -5.548511279298024707e-02 -1.161009575018861345e-01 -2.788015717643630570e-02 5.091189862531492194e-02 -2.348991531182727244e-02 -3.287286323350402384e-02 -3.521455785298312213e-02 -9.532232228985963729e-02 4.485241873567689247e-02 -9.964129160987503231e-02 8.070338788039503608e-02 -7.935981395695630713e-02 -4.344396505172445910e-02 -3.269372207688925891e-01 -3.272754557067510950e-01 1.392408186968173145e-01 -2.412444519050284744e-02 1.945243465943892469e-01 -3.092802275391874911e-01 -1.593659506703619388e-01 1.389650583537593298e-01 3.350588945274686203e-01 1.382339605919216119e-01 4.948068311043891943e-02 -5.140307674669737648e-02 1.062463338624899112e-01 1.504211264911215103e-02 5.626203588232366742e-02 -1.444051356249634044e-01 7.096538765905353874e-02 2.245430414987456824e-01 1.345642844006979810e-01 1.375373072749762893e-01 5.246700728838941119e-01 3.844409246159154470e-01 -6.323701839774145683e-02 6.737334207246433726e-01 6.577215718287608981e-01 8.233134415473182255e-01 7.596117371908466254e-01 2.389065491027944632e-01 1.893913901813093215e-01 -8.458592336301549997e-03 1.699481408119692949e-01 6.783498291937609115e-02 9.015044471622900291e-02 -2.515294393830751901e-02 -2.864950969579214621e-02 4.970530197978602072e-01 5.579181469687972267e-02 -7.392657165939307828e-02 2.432734673728439712e-01 -1.280984922491655315e-03 9.578216480264091504e-02 1.140535298229710705e-02 3.078650549428576522e-01 1.695524319736680871e-02 -1.565930366184006828e-02 1.625963391752291085e-02 -7.113455615594298231e-02 9.804511626744913388e-02 -1.937129231851729971e-01 -2.786079002328331056e-01 -9.157259400499848101e-02 -5.434303945497206273e-02 -3.889019888621370741e-02 -4.877473369506631073e-02 -9.818044516768917318e-02 -2.487252432660896906e-01 -1.085167992160566419e-01 1.563017496910204529e-02 1.337574846664639772e-01 -1.207378458723846748e-01 2.129512953119976071e-01 2.907379962885696112e-01 6.031967617073768877e-03 8.045809400830629399e-02 1.389194923643864155e-01 1.009213790657459836e-01 1.914616047357130604e-02 3.303847900039890706e-01 1.825859254121262598e-01
-1.079974767981536909e-02 1.737204601909000112e-01 5.295409607088926718e-01 -2.344231935944824929e-01 -2.975366092489168356e-03 7.057111830980684619e-01 4.489356524951292893e-01 7.944818769074859510e-01 1.000000000000000000e+00 -5.683842505480568574e-02 1.848704447342425228e-01 4.562985119010695700e-02 2.358098524033895027e-01 7.983889552157606706e-02 -3.510473971343350263e-02 9.566134644104691900e-03 2.365867800068864324e-01 5.093676834628987349e-01 8.231442016878729590e-03 5.072385821608114964e-02 4.431347434262226243e-02 2.777060911699379825e-02 7.337238417051406003e-02 5.523007296973119623e-02 -9.166279529197858544e-02 -4.085710139924959849e-02 6.657266876638759205e-03 -9.870089702733557402e-02 1.621649221174384925e-01 3.200828241317276585e-02 -8.388433690098807960e-02 -2.645018355219550532e-01 -3.933229582360618370e-01 1.774102972974045955e-01 -7.162203568669642251e-02 3.224115498069085040e-01 -2.759615993361829722e-01 -2.434431250698789739e-01 3.139271900839633173e-02 2.520471989899553122e-01 2.209786238536129988e-01 -8.730607823190505989e-02 -1.593183231350105422e-01 -1.427857081363995313e-02 2.946901650649269913e-02 1.566268145245300336e-02 -1.729865852965599970e-01 2.879894269293922088e-02 3.637075289120282329e-01 2.649068038694396554e-01 6.582725041876993921e-02 4.674756511283084115e-01 2.393985918106522615e-01 -1.518389360304579772e-01 7.252180320104714140e-01 7.325242344192659516e-01 7.386796826786004022e-01 8.552120652608232731e-01 1.789651787494015434e-01 2.792137786504492736e-01 1.495665296531988320e-01 2.941733482111159037e-01 1.739305626696791285e-01 1.136015823225748345e-01 2.193192052265367092e-02 3.877162476878256991e-02 5.580242835920040667e-01 1.051518246708219445e-01 -1.079687677277424256e-02 3.723719237087639300e-01 1.384634635008341053e-01 1.274793705657091270e-01 7.441688526633437328e-02 3.832509903479394131e-01 1.363493193399428205e-01 9.414335871063592154e-03 1.039245146982162443e-01 -1.260891449222648758e-02 -6.495890899474799154e-03 -1.735061479501286141e-01 -1.881669221765653599e-01 9.544047684270264009e-02 -1.533880408283783692e-01 -1.301635692255099785e-01 -8.998103443669412671e-02 -8.471069997289604192e-02 -2.904247260186683111e-01 -1.494513141248406396e-01 2.355008419379230056e-01 3.512320639962530633e-01 -2.413730709169639721e-01 1.486094730902720318e-01 2.660069652945122320e-01 -1.288201301612094118e-01 -2.257421452919164406e-02 7.210698793062254863e-02 7.631103786477827500e-02 5.296518977669460726e-02 5.030630007223891864e-01 3.509133846262152412e-01
1.420232935703981680e-01 -8.218182418650699095e-02 -1.407477980883387325e-01 6.607168466649869509e-02 2.183089231837309907e-01 -4.271090223115175943e-02 3.052461455048355310e-01 5.679324372410336774e-02 -5.683842505480568574e-02 1.000000000000000000e+00 3.862581724381853876e-01 3.194266341898451822e-01 2.567965048214332913e-01 -1.287286187668574833e-01 -8.500555761049406744e-02 2.911008267604775490e-01 3.538917943802022403e-02 -2.863792366672096024e-01 -1.181200917118593735e-01 -4.206425247611583762e-01 -1.125132083401556848e-01 4.377870392002484318e-02 -2.618449248903937376e-01 1.253912599809381585e-02 5.675681160177040718e-01 6.909250262920837993e-02 8.644906952855874183e-02 1.966372238971682632e-02 1.612603086786691675e-02 -8.945943655495740277e-02 2.566879320185113111e-01 -2.775215663803735217e-02 2.307047869689858588e-02 -2.425903837734632029e-01 1.477982044747568613e-01 -1.846241782479068338e-01 -1.260642577237083492e-02 2.760975965390533582e-01 4.352426504373826388e-01 5.330106020510377851e-01 -1.885107517558921586e-01 3.230661599910812365e-01 6.692040497220332063e-02 2.082726209860002176e-01 2.507651847957574343e-01 2.403595155478399290e-02 -1.067766302503291159e-01 -5.039993722830679590e-02 -2.012878005347441546e-01 -2.940207675068904347e-01 1.171724132033262755e-01 3.911055034172788991e-02 4.066222574361613162e-01 1.842065473616583404e-01 -1.837885449453247333e-01 -3.045835453426971873e-02 9.380506304395413997e-02 -6.517779430772023541e-02 6.759344118867439688e-01 1.362088761810612281e-01 7.836974983040265533e-03 9.487910549152486772e-02 1.134946075864633336e-01 2.437837907217051472e-04 -6.932439482525847019e-02 -8.311294529181458002e-02 1.925757382323905476e-01 -6.895604445472562627e-02 -1.834825262283434899e-01 -3.934001674210442778e-01 -2.084005068939994432e-01 9.681552044398432366e-02 -1.963379215893943652e-01 1.788227040554510872e-01 1.938274885289925989e-02 5.047368617183619621e-01 1.433123707570282956e-01 -1.867372738544708505e-02 4.592255036391893475e-01 -6.562368440770118168e-03 -1.744565214530454933e-01 -3.498480178172101440e-01 3.735828635517067786e-01 2.204660220631869949e-01 5.818673073952704278e-02 -1.986575045862236377e-01 1.822888882554119794e-01 -3.186680803359654562e-02 -3.940512398317388421e-01 -8.619609599490184182e-02 1.914804319393378640e-01 1.914884514753190381e-01 5.003546826101201717e-01 4.725732776607213803e-01 3.895202683360037832e-01 1.964398536987377597e-01 5.383553301130727942e-02 -4.925207223850416177e-02 -2.882085299067964623e-01 -3.351212934434744661e-01
-1.688267159163612044e-02 -3.544856426531639570e-02 2.056729252745100600e-01 -9.966508768841136900e-02 -1.687915802304496005e-01 1.916683804554908388e-01 2.838491646842584704e-01 1.222911357492826590e-01 1.848704447342425228e-01 3.862581724381853876e-01 1.000000000000000000e+00 5.722181699162040003e-01 4.661587424491522302e-01 6.874138149879477355e-02 1.833292571771693094e-02 -7.426313615322989101e-03 2.996566783792644073e-01 -4.933941698949060456e-02 2.193167026993908530e-02 -2.428244390705662781e-01 -6.326039421677166763e-02 2.684253405067271170e-01 -2.124987425273987957e-02 2.487202932890612006e-01 3.048999388694906276e-01 3.813192137501214551e-01 3.025363018309090157e-01 2.543499320110683692e-01 2.199550325384087290e-01 7.449891820292513234e-02 -7.483160303131897173e-02 -2.076739630025596361e-01 -2.788438652717591393e-01 -5.900010506238998614e-02 2.834356864321733172e-01 -7.771543910358026490e-03 1.196361454298051213e-02 -1.344241796392386668e-01 6.269455814834372365e-02 4.400175692458883070e-01 -3.040077920416510773e-02 2.149854219056430982e-01 9.520738418690465055e-02 1.600665698922520419e-01 1.603848328989972705e-01 1.918089702531351193e-01 -3.865845193113228578e-02 -5.408579295328733855e-02 4.170530807171489440e-02 -1.963096636145287011e-01 -1.003911975131561302e-01 1.343757229223973837e-01 2.034644876758689991e-01 5.873619420831363742e-03 1.596012634258522078e-01 2.847862373209367193e-01 1.895707845936644154e-01 2.131116033052393166e-01 6.258109103297092579e-01 6.966158639891619764e-01 5.085718320209672294e-01 2.781978124717770506e-01 2.055033258917489392e-01 1.228520064374878928e-01 1.116335082797101780e-01 6.532848560501966495e-02 3.472440832211102224e-01 1.431454184497067128e-01 1.910476295037343876e-03 -6.927130798620100005e-02 -1.361254164792329198e-02 3.043402184096389296e-01 5.534879315828745289e-02 4.853501167726601562e-01 2.791763347394026762e-01 4.256944854597686234e-01 2.261679047382554597e-01 8.942251854783729581e-02 -2.261423478637863624e-02 -1.220998912193832636e-01 -3.037535079867254365e-02 -1.339506321243823239e-01 6.863844039959267340e-02 2.276499623460656874e-01 1.544493260385580991e-01 -5.752817342053303390e-02 -4.372696075036416018e-03 1.285625764995645404e-01 -4.144711581830901048e-02 2.099425882263978027e-01 -1.908944434201413076e-01 -5.297287638267766247e-02 3.232797577816314272e-01 1.409100522744164731e-03 2.569549153104083161e-01 1.395824109468189189e-01 1.936559924592517468e-01 7.983973151907355903e-02 1.414076166262043244e-01 -1.310586116318857020e-01
-1.357642838256677420e-01 -9.093618667547163914e-02 -1.841446954040257961e-02 -1.515158973056788538e-01 -2.589999656190647426e-01 5.109569547973012021e-02 1.006376889498587640e-01 -4.960877732353179831e-02 4.562985119010695700e-02 3.194266341898451822e-01 5.722181699162040003e-01 1.000000000000000000e+00 5.016447207278410536e-01 3.571770638409146881e-01 2.583317547100767997e-01 -1.724003990101049405e-02 4.431270282808851269e-01 1.718401026517240582e-01 3.380197760479906055e-01 -4.206271063320243808e-02 2.327445610590228309e-01 1.473836773810272005e-01 2.189691944626268316e-01 4.700376150199010450e-01 2.307138076994130205e-01 4.906139057758871491e-01 4.473302695626624886e-02 1.958526071235212052e-01 3.420818885019471511e-01 3.458697793329000847e-01 -1.434780211393932026e-01 -1.105785015191977638e-02 -1.743946356179731094e-01 1.447863460809914737e-01 6.035649229665660670e-02 3.468671529186392183e-02 5.151338174323856663e-03 -2.677476058080676125e-01 6.305944962680253008e-02 3.245409321864290431e-01 -6.913342322774775062e-02 5.193947101695985807e-02 4.101738131572930240e-02 -8.407584731090268770e-02 -1.003081927860035721e-01 2.104465876591002718e-02 -1.460690342752566651e-01 -2.083262232155571048e-01 -1.803575302059823304e-01 -2.102272914783030189e-01 -2.415480324434264581e-01 6.326436453243883262e-02 8.585426052840666733e-02 -1.098366826179644068e-01 7.402419568511968417e-02 7.309149958056158913e-02 9.018301248194780101e-03 1.022937973067573475e-01 3.967691224086544177e-01 5.241401223503774354e-01 6.141612326600829341e-01 4.889622546706561823e-01 4.254367564094098109e-01 2.859672513635920232e-01 2.925979085275964842e-01 2.653475521478625421e-01 2.304197332719977453e-01 3.526080302487258900e-01 2.764010245820285316e-01 1.301164942664968238e-01 2.069817116643109245e-01 4.416454092219136429e-01 2.852421114519066991e-01 4.976234575830874030e-01 5.539242630074812102e-01 5.646927695236296785e-01 3.421636357917116622e-01 3.265894627112932991e-01 -2.195612847790517075e-01 -4.864926104555017394e-02 2.293924490776393377e-01 -9.921088331064173427e-02 -2.223809268170355846e-01 1.493088433181416312e-02 -4.100699835107350644e-02 -7.074184001679341416e-02 -1.087415671183998567e-01 -2.850404548248959904e-02 1.946238143397695242e-02 2.992242840796191516e-01 -3.857394995749023892e-01 -3.231564422236073431e-01 3.599446892112067586e-01 -2.197147693098001342e-01 1.291452202458517606e-01 -9.832733738386505162e-02 -3.520270012846158508e-02 2.492268118856447515e-02 2.605404653930497305e-02 -1.969333749929633726e-01
8.143830986944304573e-02 -6.893350733748943027e-02 2.160753654725915129e-01 -2.318061602375565133e-01 -2.162153175343612677e-01 2.935723136429119196e-01 2.924916938200418648e-01 1.347470614131930089e-01 2.358098524033895027e-01 2.567965048214332913e-01 4.661587424491522302e-01 5.016447207278410536e-01 1.000000000000000000e+00 2.622284963468919372e-01 1.574868481529077546e-01 1.150035426138877326e-01 5.933169013933755620e-01 1.766651030667583389e-01 2.644239979927021089e-01 -1.671028804673248824e-01 9.375560070455184192e-02 3.658259385487945825e-01 7.598212009865606964e-02 3.488086788668541827e-01 2.410177498665223572e-01 2.514249462575556815e-01 1.823092184569273799e-01 1.316928582479346965e-01 2.362617800345690189e-01 2.233603539438404895e-01 -1.312767853794082236e-02 -6.334311105353987448e-02 -2.981483490328541985e-01 1.366364261795717794e-01 1.921298330208872363e-01 -6.144915610184311511e-02 -2.018533319663689263e-01 -5.060424249855546841e-02 1.940300442842391726e-01 4.476892131044835632e-01 1.456335041584053830e-02 -6.771084860011383419e-03 -6.109809685347157571e-02 -1.345688480374816753e-01 8.213099896104972958e-03 1.092483618119527711e-01 5.772338201534762958e-02 -8.956850405274500299e-03 5.320424745328659194e-02 -1.465393906273713964e-01 -4.994897705505500080e-02 1.483533889311959841e-01 2.678024387065262024e-01 -8.317330133460731911e-02 2.818727662033572723e-01 3.256271744738300500e-01 2.549543026102996657e-01 2.873187835760732112e-01 4.243337819703049130e-01 5.038426431174360953e-01 4.983099464390052802e-01 7.279468403429739665e-01 4.925609850884566931e-01 2.555731872415085149e-01 1.858137495065320111e-01 1.368142188571936646e-01 4.400636332474200385e-01 3.438599234485352762e-01 1.054030536979496252e-01 1.365886734589460139e-01 5.506818875605336977e-02 5.600374622166779393e-01 1.241786432640881316e-01 4.987397692588326215e-01 5.152209378217598168e-01 3.516076015053167247e-01 2.780075064139007068e-01 2.279095770505658591e-01 3.115304868870541130e-02 -7.618157114217073700e-02 6.405680805637854747e-02 -1.124047790459182516e-01 -1.674024360325260530e-01 3.368863412988964360e-03 3.682684587663812709e-02 -6.704129425262406183e-02 -1.945632422000761474e-01 -3.951657707823216792e-02 -1.971165087848096922e-02 3.552238529597173677e-01 -2.422738101333695715e-01 3.556291506154827392e-02 3.748818681745195724e-01 -9.149191858100795549e-02 1.385683332131261991e-01 -5.197057456924823737e-02 8.277752015259827456e-02 1.920745659316730816e-02 2.336059342867561894e-01 -8.938347539321452040e-02
-1.902435365358424724e-01 6.228851680153276588e-02 -7.778249986078825465e-03 -1.957501698917547273e-01 -2.746649804596321132e-01 8.547437715692016158e-02 -7.091329136105117836e-02 -1.634663200033335123e-02 7.983889552157606706e-02 -1.287286187668574833e-01 6.874138149879477355e-02 3.571770638409146881e-01 2.622284963468919372e-01 1.000000000000000000e+00 7.277671259399752790e-01 -1.800953550092125599e-01 2.533727199178493761e-01 5.197039564660544952e-01 7.704803717135679797e-01 4.992319965658823522e-01 6.116844388032400825e-01 -1.642832855047373919e-01 7.640672181339039915e-01 9.789509332425845589e-02 -2.101909687287515927e-01 -4.532726702150653708e-02 -2.081709895377576724e-01 2.056242166103705235e-02 5.932606171390254479e-01 6.771886705079729341e-01 -1.804378824294111117e-01 -1.291521651802248621e-02 -4.908693994684648620e-02 4.232420358366291158e-01 -2.505076280054767679e-01 1.521238734667095249e-01 -9.280636841849784768e-02 -3.047864826968973428e-01 -9.664145633523679724e-02 1.725493892536428958e-02 -7.335233019200632434e-03 -9.698110880014142177e-02 -2.039536194120621371e-01 -5.727645118638548943e-02 -3.025005515566205894e-01 5.714525285693696638e-02 1.025701915739643671e-01 1.815049403017198956e-02 -1.083150004660863447e-02 9.010847150698914065e-02 -1.399763520151337259e-01 7.835447474790864508e-02 -1.980501405625011146e-02 -3.233481750078533445e-01 1.337679586034961343e-01 1.652542498108091895e-01 -4.461402525212913861e-02 9.212895515731937823e-02 -3.383223011878023351e-02 1.522935256462251974e-01 2.405866583660308811e-01 4.420566805791025788e-01 6.813905662712153033e-01 6.717252200820024166e-01 6.470920346640474108e-01 6.789229970434983441e-01 1.882754650156687887e-02 7.117426748131523428e-01 6.936178893287974212e-01 5.593727496519832476e-01 6.439742598761937220e-01 3.340668810023154633e-01 7.532274314808714566e-01 3.481783893758338411e-01 2.808452470891908970e-01 -5.099823479997882963e-02 5.399859308285833714e-01 6.557113690614586599e-01 -1.985339755078477930e-01 -6.910344763833412875e-03 2.897089708641910066e-01 2.235940667016180217e-01 -3.257611556987257684e-01 -2.391427379803248432e-01 -1.470568825983292749e-01 3.845414509984654838e-01 -3.688727498767749996e-02 -7.550475095535133518e-02 3.750708776519611209e-01 2.667198379824878840e-01 -2.967456227600449581e-01 -3.175657539491472670e-01 1.485604328157944243e-01 -1.464628200470934061e-01 -1.786826798046686482e-01 -6.923792622593420709e-02 1.805506895886887717e-02 3.116193479798957111e-01 1.973417149321119723e-01 1.122083802807173486e-01
-1.748627448168002807e-01 1.550704240134976285e-02 -7.801647398510308529e-02 -1.553046687417102001e-01 -2.366949761868203939e-01 2.952366369134545084e-03 -1.190113407829015008e-01 -1.080146402126584415e-01 -3.510473971343350263e-02 -8.500555761049406744e-02 1.833292571771693094e-02 2.583317547100767997e-01 1.574868481529077546e-01 7.277671259399752790e-01 1.000000000000000000e+00 -1.034633713323325349e-01 9.459708112610511199e-02 3.331864275484062721e-01 6.146900458588684391e-01 4.611937028198638822e-01 7.859251390469718102e-01 -2.130839078912796780e-01 6.955896169341992952e-01 3.483224878846055694e-02 -1.248841801135868179e-01 -8.516879480173071559e-02 -3.062909346094452312e-01 -1.824155864076313499e-02 5.498094934002810685e-01 7.040502807047609446e-01 -6.912321456604993142e-02 8.727875251004123258e-02 7.188544910663621779e-02 1.512517018056248608e-01 -3.153086403036987062e-01 -5.120192327169837201e-03 -1.457933102895496158e-01 -1.864937033859007109e-01 -8.463002623324601681e-02 -4.331084100960083672e-02 -2.276769867427422267e-01 -1.385064968324114243e-01 -2.303855589926854242e-01 -6.321455085928447126e-02 -2.545400647096503488e-01 -2.825047204051327893e-02 1.516724548658799354e-01 2.122157226032068272e-02 -1.212342581882829839e-01 -5.291322788687020245e-02 -6.467611250926703914e-02 2.408025377589531960e-02 -5.600453506190289366e-02 -2.895137750668991261e-01 1.978799102792660677e-02 9.039439104219439136e-02 -1.480188885117707520e-01 -6.827458819631414266e-02 -9.277023771537715180e-02 6.117196217416733667e-02 1.472678506425594835e-01 3.372407944064904073e-01 6.141866296553821769e-01 6.646686519383461222e-01 7.764362492620110467e-01 8.677600806189590399e-01 -1.336060619000204730e-01 5.475323636724038767e-01 5.737363656726206518e-01 3.959174398754906066e-01 7.395843200557047359e-01 1.915808001027074770e-01 7.282807295048616680e-01 1.923257435473983701e-01 2.135502199288519254e-01 -9.178922213112599565e-03 6.124348866393495294e-01 7.412179166921120110e-01 -6.946052709717323581e-02 8.642289953173237782e-02 3.153265758898813886e-01 3.674790252036607557e-02 -3.273200611216102174e-01 -2.655081805537491402e-01 -2.142601640743490299e-01 3.891006214247312855e-01 4.456638444575373309e-02 -9.715421725654384277e-02 2.002974063599931021e-01 1.059545968740636807e-01 -2.275140046900522572e-01 -1.839252148321560698e-01 1.068633044307715912e-01 -4.287525621943382576e-02 -2.087102339782775651e-01 -8.997472150484915610e-02 -8.916350981229104189e-02 2.627281272060062456e-01 6.608402790128636850e-02 -3.621911797246624154e-02
