1.000000000000000000e+00 3.645823510593456662e-01 7.149057210196200218e-01 -5.112057132297657125e-01 -2.786664127779882039e-01 5.820876347671855022e-01 -9.226428329699042086e-02 -5.019394115420129365e-01 -3.702882525987669093e-01 2.129011738838403750e-02 8.724751749481953270e-03 -2.048796468128126214e-01 -6.506043889858936780e-01 -5.803021014957382429e-01 -5.934221732051182530e-01 5.508214334072797369e-01 -5.514082390117528432e-01 -5.774126131512159477e-01 -4.680024592814635565e-01 -5.354100788828469737e-01 -6.130083195800452023e-01 -4.280812417691930438e-01 -5.567904638928710126e-01 -4.678286887705208064e-01 4.999275623606393437e-01 -1.432020854191207171e-01 -5.489386888664867792e-01 -1.287539361155446427e-01 -3.261544635986965979e-01 -4.264729800332209275e-01 -2.061348142242383774e-01 7.489925976511347949e-01 4.476450654986651595e-02 -4.015831096404961498e-01 -5.829340479500847438e-01 -1.927723411418153510e-01 1.584780462624426900e-01 1.644474797392302401e-01 -1.441554692126659487e-01 -2.594620937733828070e-01 -6.083275614950202081e-01 -3.353719357406897972e-01 -6.482733338376315269e-01 -5.756221823128763182e-01 -6.717335245523385900e-01 -5.547431972488734431e-01 -5.863208914097751689e-01 -5.257319138401865821e-01 3.076518998487464129e-01 2.277433235587408497e-02 6.586441276988213023e-01 6.687057832270054680e-01 2.830086975448887696e-02 -3.334481397034664840e-01 5.589438233729878691e-01 6.996801275037343171e-01 -1.622657428449701122e-01 -1.394289235281190864e-01 1.983409698089001472e-01 2.675050331749300736e-01 9.851737044407340993e-02 -2.700647481610638501e-01 -3.322453020580444782e-01 -4.362039751338896432e-01 -2.708555137923587819e-01 -3.522981328037985138e-01 -5.039237050874358081e-02 -2.069172363122231961e-01 -5.667215892237641856e-02 -4.599245808666310199e-03 -3.231654739939007759e-01 -1.484853399293832865e-01 -3.042264071596073594e-01 -9.869401905127717436e-03 3.553559208325690610e-02 2.363137416168713256e-01 -4.698717072741691314e-02 -3.156235920381135762e-01 6.243265973104427519e-02 3.057374202517957884e-01 -2.214640002748266279e-01 -3.130638870207290425e-02 -5.820521228844911521e-01 -4.043613809491784505e-01 -4.164734138200580360e-01 -2.434798220824032633e-01 3.271182025646721114e-01 -3.105042073905692201e-01 7.043230825718514720e-02 -1.499336702609622429e-01 -1.480908374608254641e-01 2.392414637601291694e-01 -1.193650517965773317e-01 5.227056977878865585e-01 -6.058167593949376206e-02 -6.605346596212551269e-01 -6.454058599139955721e-01 -5.130898531883666402e-01 5.291687830384725899e-01 3.718157713871624304e-01
3.645823510593456662e-01 1.000000000000000000e+00 5.527173501500198816e-01 1.418166723426240172e-01 3.239602087385245466e-01 3.998099644629353189e-01 1.528879959020153223e-01 -5.900647044513131906e-02 -1.089166301333744785e-01 -8.053699411503174865e-02 -8.603898455474229268e-02 -1.832521596507610817e-01 -4.206560083214468393e-01 -3.991433057285391772e-01 -3.798598965909248393e-01 5.350131929925585617e-01 -4.215462286171945405e-01 -4.087809987238334997e-01 -3.676402259509820025e-01 -4.018205682212097618e-01 -4.027308260308674059e-01 -3.367652938958999864e-01 -2.898740431220384051e-01 -3.575454000225805062e-01 1.768425011403933766e-01 -1.828354926578865669e-01 -2.266431197506666440e-01 -2.285677935961818452e-01 -1.894203048064073136e-01 -2.424565978600591865e-01 -1.884847674112898330e-01 3.289073032109554040e-01 1.608195933806236266e-01 -3.416363874706161430e-01 -4.376572837915339020e-01 -2.373240840098958249e-01 1.300103628148390963e-02 6.318277004427691468e-02 -8.967260533314343196e-02 -1.271673432723226527e-01 -3.679619560505504872e-01 -3.313463036983051446e-01 -4.746234265172029620e-01 -4.064917850078049733e-01 -4.490620934703724587e-01 -3.088988551756041145e-01 -2.683923736503461832e-01 -1.588653022666131065e-01 4.278236488452429737e-02 -1.166561483025964907e-01 4.041030653662732730e-01 5.765241970423850004e-01 2.599005742207100011e-01 5.055939416223550337e-02 4.575230515517604846e-01 3.830789249911727423e-01 1.570122172375590652e-01 4.060818268956248311e-02 -8.522402706143900053e-02 5.560931753792829751e-02 -5.463149302238563126e-02 -1.732592505648488657e-01 -1.853268001281922761e-01 -2.392651914789202527e-01 -2.090558748635506781e-01 -1.942913645587798221e-01 -6.765483522273896266e-02 -1.436134857234610540e-01 -1.488507314825220779e-02 -9.802207744250779342e-02 -2.311372961119251834e-01 -1.403110127292401810e-01 -1.829025611878794533e-01 -1.820629457250341754e-02 -1.648690950881971373e-01 3.283854682263445679e-02 -2.855902765040996966e-02 -2.451322784035606939e-01 -2.090988239648146896e-01 4.574168487236916075e-02 -1.885849467896194287e-01 -1.789620603064247251e-01 -4.139014327202022447e-01 -3.913566692168188310e-01 -2.862388066312248625e-01 -2.405082016336994866e-01 1.417791920703083686e-01 -2.867944587992873329e-01 -1.302215898849909959e-01 -1.710007748719275522e-01 1.674094330396404956e-02 5.558577940768019005e-02 -3.054428347010091846e-02 1.205571709473605008e-01 -1.734927151269935186e-01 -4.462857419863052733e-01 -3.185801117202560206e-01 -2.722746661999451145e-01 1.817023830752383939e-01 6.190243162773045177e-02
7.149057210196200218e-01 5.527173501500198816e-01 1.000000000000000000e+00 -4.140486629781924277e-01 -1.600515863489129498e-01 6.274143844493690336e-01 -5.961581996776555564e-02 -4.399981929001542391e-01 -3.577758677129753151e-01 1.879372461664506055e-01 6.554034629474903006e-02 -8.117458347969629118e-02 -6.998077273126153131e-01 -6.986287532605944817e-01 -7.239517173610531264e-01 5.404479485429131147e-01 -6.308432677787306764e-01 -6.276434762566259762e-01 -5.267997223338267698e-01 -5.411593207798771621e-01 -6.913436643224144529e-01 -5.710626107554112041e-01 -5.518829999054443158e-01 -4.461280157146667591e-01 4.267983299671320174e-01 -1.525740585214369061e-01 -5.271095369608846948e-01 -1.977075514410460977e-01 -3.511163902918839064e-01 -3.924668876874244372e-01 -2.507133573224916145e-01 6.823054697243262634e-01 4.913984289817723006e-02 -4.822156508181664192e-01 -7.115171483535287500e-01 -2.048235687919724157e-01 1.783746226885374597e-01 1.903964073819729985e-01 -1.017887820648134996e-02 -2.240047436577998485e-01 -5.356369375767938701e-01 -2.545904610573540561e-01 -6.119364893649842374e-01 -5.672159192750307888e-01 -7.271678498297297066e-01 -5.109701232721909347e-01 -5.913185824935690560e-01 -5.114032581628340512e-01 2.936318627103112755e-01 3.487054445290015126e-02 7.471467499224777598e-01 7.768623388131166152e-01 1.306626403872063746e-01 -1.706502274943663133e-01 5.750566999690240877e-01 7.658780795909680972e-01 -5.478364714960052423e-02 -8.648073693215126145e-02 1.137823124585369272e-01 3.726738959276285068e-01 9.540980855144809425e-02 -2.320013893672984440e-01 -4.100605432649108706e-01 -4.963084555284126842e-01 -3.591466799035722968e-01 -4.647478720028012100e-01 -1.266835675639817194e-01 -2.464677687801868633e-01 -1.075462303162711269e-01 -1.026950472458980773e-01 -3.938472785610086513e-01 -2.589940264117571167e-01 -3.564104257242911022e-01 -6.318415885655094544e-02 -6.961641602189401479e-02 2.314161162694085561e-01 -1.145230607778611603e-01 -3.182314511301377880e-01 -1.280441218549105697e-01 2.931438971783625336e-01 -2.587874300682106998e-01 -1.185987456231386988e-01 -6.763704559466813260e-01 -5.483956862233004825e-01 -5.075691739173443517e-01 -3.797746414795371006e-01 2.649500036555726967e-01 -3.867852734698988826e-01 3.076468526351469959e-02 -1.672739382588920853e-01 -1.445863162855801076e-01 2.040376392054278620e-01 -1.325289285241098847e-01 3.994686844407966952e-01 -4.018415557410365269e-02 -6.913647443685586591e-01 -6.320622839996481446e-01 -5.476349059664981089e-01 4.418845434612835854e-01 3.431965998386012906e-01
-5.112057132297657125e-01 1.418166723426240172e-01 -4.140486629781924277e-01 1.000000000000000000e+00 6.540244683559779393e-01 -2.929622280064402284e-01 2.705699130317660295e-01 5.959384057590673134e-01 3.998079113299833343e-01 -1.227722223547857289e-01 -2.069031411849572843e-01 -1.635945109950775328e-02 3.836604396819330298e-01 4.719199141469893055e-01 4.683132794194039272e-01 -2.891519590684196173e-01 2.644040177777662315e-01 2.790735041471616440e-01 2.383961396769243013e-01 2.163486271107581127e-01 3.646501475147549409e-01 2.014745311080620160e-01 5.285461819356326307e-01 2.122289130996137529e-01 -3.765210251882511461e-01 -1.137358418377623359e-01 3.567237145588105229e-01 4.167773918897524528e-03 6.580540939455765959e-02 4.124315217890741070e-01 5.388298691070071700e-02 -4.691423401665014148e-01 2.335812829984936726e-03 9.218005946134268103e-02 3.007556163141264505e-01 1.203632495467513719e-01 -3.325465920135348696e-01 -4.705598533518075971e-02 7.464962770436844863e-02 1.901539456666863359e-01 2.985173195357616605e-01 1.327830559497019114e-01 2.346957969484245732e-01 3.460288024952346553e-01 3.837504491034129939e-01 4.012532410255585935e-01 4.689057840534579524e-01 4.174614442469093412e-01 -2.245908429837840115e-01 -1.267209289065540645e-01 -5.027343149277380130e-01 -3.425369357656852798e-01 2.066133280461177057e-01 4.719927789240555560e-01 -3.552239491821797546e-01 -5.017840466215883755e-01 3.106721391006394550e-01 2.896355110822012580e-01 -1.868608042624773091e-01 -1.414647028127497541e-01 5.517943773491071346e-02 1.450621220870817185e-01 2.365272909470520490e-01 3.195787435344799032e-01 1.012870632983901287e-01 3.956191567022998568e-01 1.738622791467359374e-01 6.866281877782774712e-02 -6.477984057591557043e-02 -1.608978329221284476e-01 9.332153121279147812e-02 -1.468792413652836174e-03 2.533678083222848376e-01 -3.980438857230411687e-02 5.035663752594994255e-03 -1.330795495064736322e-01 -6.542031274290258103e-02 2.861051516159704988e-01 -1.508996494192207660e-01 -2.449244008885275159e-01 6.754700121874905594e-02 -5.770407495878217274e-02 2.738641915896529166e-01 1.485071806412024686e-01 2.362613953033201042e-01 2.053328384440686050e-01 -3.418511877832855483e-01 2.047397268324648856e-01 -1.771432999802789177e-01 4.695462512614869549e-02 1.388106962332603111e-01 -1.312454672322500293e-01 1.064804692169083883e-01 -2.945474993164393096e-01 -8.195404368843271781e-02 4.193525980813755938e-01 4.853004442311356637e-01 4.459527314947675514e-01 -3.755812446038224728e-01 -3.695332216243669698e-01
-2.786664127779882039e-01 3.239602087385245466e-01 -1.600515863489129498e-01 6.540244683559779393e-01 1.000000000000000000e+00 -1.010944261509436892e-01 2.204972105663002002e-01 3.966958740345000733e-01 3.094777320997931236e-01 -1.338841176729430316e-01 -1.690104363241733409e-01 2.950632628209299267e-04 2.167651899008123662e-01 2.885914084108378019e-01 2.597299219203227927e-01 -1.115294188899470934e-01 1.598838721881830349e-01 1.376250349122344063e-01 2.118045983838972302e-01 7.099441964967603824e-02 1.853307040794221205e-01 1.973914321213045830e-01 3.001550490559390383e-01 8.160134725665865729e-02 -2.742354612270034298e-01 -1.172070106590017841e-01 2.112960389336668854e-01 1.971512553264880008e-02 9.997556550653935448e-02 2.117044865617379867e-01 5.791643785755947599e-02 -3.798533270337934309e-01 5.956594915856100458e-02 9.483043686898744162e-02 2.243530090409119049e-01 3.083822068422899590e-02 -1.369488479632245403e-01 -1.036532148083272598e-01 3.429092772437810493e-02 7.079473566153315911e-02 1.951736743930448936e-01 6.477202034562551392e-02 9.816286102015385484e-02 1.803052609955260177e-01 2.136488264309365781e-01 2.554121375877127509e-01 3.325134634406051171e-01 3.219121496946964478e-01 -1.334081828076353060e-01 -4.148016727145317772e-02 -3.006577693571850229e-01 -1.667730315946361341e-01 2.872572878807146401e-01 5.221741669020748544e-01 -1.053631516900092602e-01 -2.979369244139050132e-01 2.626726290849806245e-01 1.347514459629472749e-01 -2.167607708598198735e-01 -1.456756908437003561e-01 -4.812208274361058635e-02 -4.263440484498016297e-02 7.949940870325156173e-02 1.105440703049052342e-01 -1.905513283590759555e-02 1.973210548052783952e-01 6.729537616982797510e-02 4.331114314219983857e-02 2.137321687060518907e-02 -1.226513264439517831e-01 -1.366097730069962268e-02 -7.660547358174420174e-02 1.567668290771846995e-01 -1.053319125272148549e-01 -1.287246906176603978e-01 -2.269663606492626773e-01 1.548449795637223125e-02 1.281935094317512014e-01 -1.690013569357788070e-01 -3.378010212923974187e-01 -4.746839142456028837e-02 5.876724232246664445e-03 1.503923822612793226e-01 -3.549636767860912118e-02 7.481481199613050637e-02 8.289108198181226184e-02 -1.644056382276362360e-01 1.059740092541054390e-01 -1.542194112113186300e-01 -4.737624544923871306e-02 2.048131882908798274e-01 -1.467693600559698275e-01 6.017843076896516041e-02 -2.240682055654832916e-01 -2.096688573535803735e-01 2.180779679887354106e-01 2.800017452976007459e-01 2.930103155467327913e-01 -2.421645934836392511e-01 -2.043340071850344442e-01
5.820876347671855022e-01 3.998099644629353189e-01 6.274143844493690336e-01 -2.929622280064402284e-01 -1.010944261509436892e-01 1.000000000000000000e+00 2.286140096599208471e-01 -1.775787949122542564e-01 -8.047555863758047712e-02 7.627153424097701806e-02 1.721370884234294310e-02 -6.076902598558461821e-02 -5.350298176982839493e-01 -5.885704797531596810e-01 -5.527866734952394667e-01 3.789075138547040034e-01 -4.776071078011683291e-01 -4.499503823781705880e-01 -3.397379822788803572e-01 -4.364256369948560921e-01 -4.389687138843816894e-01 -5.114406237584724346e-01 -5.482251760269244434e-01 -4.032707566826335133e-01 2.543013147310351219e-01 -1.844693332954302489e-01 -5.073976968333465676e-01 -3.744388385675539443e-01 -1.734288119175755039e-01 -5.193101797434435118e-01 -8.390470295656307642e-02 4.457498939087748968e-01 3.173366983669957675e-02 -3.803664055874654282e-01 -5.737105207892214676e-01 -2.056690205025384910e-01 1.555138133922146504e-01 2.580684100096530820e-01 -4.916320156450711826e-02 -1.316563259157450261e-01 -3.680426643791774310e-01 -2.162322123252151396e-01 -5.041040265300275047e-01 -3.677042074004116534e-01 -6.032530291437634418e-01 -5.186291056048077941e-01 -5.289207004864093786e-01 -4.472451067959810067e-01 5.028247958468614609e-01 2.302360223256492144e-01 5.267195893364216008e-01 5.437160205474858010e-01 4.189448334601916096e-02 -1.383762457753879571e-01 7.187954268289731274e-01 7.224361169971332819e-01 1.435156438981930738e-01 8.386900291077056813e-02 7.671711902336088296e-02 2.115018675292894001e-01 5.019651549464306667e-02 -1.213865992235338837e-01 -2.751240181369231097e-01 -3.932077336955033253e-01 -1.961429593694609952e-01 -4.406162816753596001e-01 1.074901058640468365e-01 -8.370318801314266532e-02 -8.198759058975095548e-02 -1.367698444809641589e-01 -2.035685621437202664e-01 -1.906786777023104229e-01 -4.343148725072353833e-01 1.217991448308190922e-01 -4.894513776820101636e-02 1.430898216429514480e-01 -1.546429222673020420e-03 -4.424757925199238606e-01 -1.193023278538230154e-02 3.024866065453668540e-01 -2.377766784739746286e-01 -1.459616801322906610e-01 -5.190020923826363930e-01 -4.382279506398670255e-01 -5.489004601069531475e-01 -4.455040562253281267e-01 2.284739570491253480e-01 -5.112894545337510754e-01 -7.072099419009854337e-02 -2.334503952355561907e-01 -2.026019541895883458e-02 3.619157824874668639e-01 1.555819877013942809e-01 3.185311715152034928e-01 -6.701200773744314665e-02 -4.742831781404784897e-01 -5.644819205375786186e-01 -5.276922296621486819e-01 5.180499146142244493e-01 4.507491314408501593e-01
-9.226428329699042086e-02 1.528879959020153223e-01 -5.961581996776555564e-02 2.705699130317660295e-01 2.204972105663002002e-01 2.286140096599208471e-01 1.000000000000000000e+00 6.507248584666653901e-01 6.070425089273340236e-01 5.926034883672718495e-02 -2.047593309281004470e-01 -1.837790829376367147e-02 2.277840954020203534e-02 4.250725941101911320e-02 3.305500360892616590e-02 2.520968356519094900e-01 8.763774751898657789e-02 2.940002273535042288e-01 2.352617203089324774e-02 1.603071429048832097e-01 1.280395027259558782e-01 3.214818313944784595e-02 1.786317115755614235e-02 1.755289249814824259e-01 2.405725786070379846e-02 1.162745010864326412e-01 1.836925458794955168e-01 -9.163208956399514216e-02 8.215202706211778561e-02 -1.488116936510802679e-01 2.452160089572263113e-01 -2.479270436036690450e-01 2.789656828467360072e-01 7.630785759702948812e-02 8.413947930898812988e-02 1.187444705692548008e-01 -1.838832942273632420e-01 2.886257173331565618e-01 3.869315983605916415e-02 4.197293736860090996e-01 1.615671375629146866e-01 2.498678063387176629e-01 8.250299563240238998e-02 1.811837853275321819e-01 1.540964581660377308e-01 -9.936673153527558755e-02 -7.279653126027754717e-02 1.536469693029529279e-02 -2.231527213465118314e-02 -1.168053316553192278e-01 -2.444692136983803721e-01 -1.358367838340298339e-01 3.902888569325285023e-02 -7.646474679298657928e-02 9.765942150852846559e-02 -1.150447897078136078e-01 4.445661086808727624e-01 5.769537469538706942e-01 -7.669636501789221794e-02 -1.328508562339667243e-01 -3.138244274789769861e-02 -2.369836618321535457e-02 9.989019789519305859e-03 1.933663881557434044e-02 -1.592385510365365922e-02 1.180020119032936486e-02 2.313633271110770162e-01 1.138022130759841072e-01 4.988582700709633805e-02 5.591782881282871681e-02 1.518881038316752530e-01 1.233212227446239123e-01 2.498529140956470829e-02 2.241679459488913617e-01 1.188260774718997159e-01 -3.863344024293402512e-02 3.701301738159128163e-02 -5.848851681264128494e-02 -4.304078250168527631e-03 -3.627342808580666933e-01 2.210060693667817155e-01 -1.135411825872886110e-01 2.315200020500722822e-01 1.252135376219235818e-01 9.791320839770352447e-02 -1.899468805654432879e-01 -2.503359831168371907e-01 -4.626046916933136688e-02 -4.993583676982200209e-02 9.803258029017170028e-02 2.328061269271188699e-02 -3.344912192430798958e-02 1.545986964152793464e-01 -6.627228213384343813e-02 -2.212565860422580355e-01 1.828316089540534262e-01 9.346181184995623267e-03 -4.636031339966780601e-02 -6.157334357547061127e-02 -2.212227634911290430e-01
-5.019394115420129365e-01 -5.900647044513131906e-02 -4.399981929001542391e-01 5.959384057590673134e-01 3.966958740345000733e-01 -1.775787949122542564e-01 6.507248584666653901e-01 1.000000000000000000e+00 7.859051685000623122e-01 3.589962094923214442e-02 -2.391572979490012851e-01 6.744823898797924766e-02 4.184101778883067002e-01 3.806414409920497177e-01 4.178787854733314600e-01 -1.730707882370954021e-01 3.508164675571044944e-01 5.810105449575880820e-01 2.465629900897600979e-01 4.254866062354775158e-01 4.527865063117654798e-01 2.598207757278927499e-01 3.807800394302354730e-01 4.153485409038865650e-01 -3.346471733365656842e-01 1.100016320868678343e-01 4.394530427888142521e-01 3.756490421810480124e-02 2.164171439799753571e-01 2.280196863217756054e-01 2.274585799339020331e-01 -5.648424012179366072e-01 2.501341777433978564e-01 2.872869322508124768e-01 4.068558877153557463e-01 3.224591050294361994e-01 -3.553802190257940863e-01 1.410794943386830536e-01 1.585347826470153432e-01 4.760154450630889600e-01 5.198764830250858227e-01 4.515242587990834777e-01 4.638034277939883654e-01 5.285960956073395556e-01 5.421964711577393903e-01 3.085969154143322624e-01 3.056455394986408725e-01 3.479558838150315081e-01 -1.914447303875077000e-01 -6.350035459287298178e-02 -5.904721519352453818e-01 -5.184084747552563099e-01 -6.954044102753980175e-03 9.712330299849210313e-02 -3.444571033024831919e-01 -5.410915981186240620e-01 5.020023408383290642e-01 6.275423988636837924e-01 -8.890411754279219092e-02 -1.012096880689290490e-01 1.070754696923372079e-01 2.013486203187256351e-01 2.900099175430452814e-01 3.368985939741226399e-01 1.324097068605906147e-01 2.454771102382881931e-01 2.898264606628745965e-01 1.907739016352361094e-01 3.408931650076173214e-02 2.711697862652268434e-02 2.409334459871076417e-01 1.229943987661674398e-01 1.883013326424936018e-01 1.311140746755892206e-01 1.625348387307726239e-01 -9.846993682983390395e-02 -3.093055592413061078e-02 1.913974746725361775e-01 -7.230128422430202872e-02 -4.082497187406117778e-01 2.678629552060937113e-01 1.710376042169314695e-03 4.968717241312202160e-01 3.023544068673041374e-01 3.349112509158772011e-01 1.229448087192964861e-01 -4.628107003449025147e-01 2.019271954955977333e-01 -9.766429050952815660e-02 1.657029098028583169e-01 1.097959834987076028e-01 -1.630115676089690935e-01 1.090138470660145104e-01 -2.697984872860058059e-01 -1.259624397305162402e-01 5.582318580535324815e-01 4.329135788354508962e-01 3.310510015302380871e-01 -3.983748136702344178e-01 -4.089675348113270270e-01
-3.702882525987669093e-01 -1.089166301333744785e-01 -3.577758677129753151e-01 3.998079113299833343e-01 3.094777320997931236e-01 -8.047555863758047712e-02 6.070425089273340236e-01 7.859051685000623122e-01 1.000000000000000000e+00 3.215353983470352339e-02 -2.092969561803299239e-01 -4.335449094982526952e-02 2.959324536516774184e-01 2.566260081484955657e-01 2.791967258000194740e-01 -1.024694392344510790e-01 2.222974970788879345e-01 5.545571925610683905e-01 1.743692923827936392e-01 3.355143226307296667e-01 3.116643152678106876e-01 1.866676569374037253e-01 1.899953343648602133e-01 2.348641616412695532e-01 -2.645711201442947358e-01 2.724054179545393195e-02 2.670411505163799992e-01 -3.061331203497548448e-02 7.652902887942361621e-02 8.506156341428197654e-02 2.699577797282268210e-01 -4.839366678709502434e-01 2.533448872954467412e-01 3.142076083402457476e-01 3.199286356569288059e-01 4.536424672688220139e-01 -2.709777774658844174e-01 1.880578862416729391e-01 2.306726513417388935e-01 5.163560580915710352e-01 4.961259443802373825e-01 4.038226524911612825e-01 4.238069199444111090e-01 4.586025002789026472e-01 5.038918562311702765e-01 1.458527116199402340e-01 1.714516186676225407e-01 1.918391743502024238e-01 -1.321630250256006570e-02 7.154899753456428479e-02 -5.128582899300754283e-01 -4.111646450000285280e-01 6.786115770565607531e-03 8.416563998831731036e-03 -2.510087932686535517e-01 -3.692674657624985257e-01 5.062728407074236214e-01 6.944848668979721751e-01 1.394039318356842493e-02 -1.029881966382619474e-01 6.051623271103920287e-02 1.366922271825495860e-01 1.865134393611653230e-01 2.863445671476695931e-01 5.299756895632743575e-02 1.434931351111503051e-01 4.310685770727107347e-01 1.783105595107661590e-01 6.805379610691905667e-02 1.124419218049000496e-01 1.271647002398134663e-01 1.070490982955876608e-01 8.534948506556093439e-02 2.709406179553302541e-01 1.656406454062944456e-01 -1.102121806469963244e-01 -1.186563701624597511e-01 1.564079148868765395e-02 3.281177444883744826e-02 -4.093328810877382984e-01 1.684441708060456233e-01 1.220163550479071435e-01 4.541817628266033302e-01 2.195621942656036940e-01 2.390521514896933319e-01 1.424249879442162914e-01 -3.865578243122338442e-01 1.269170821350650291e-01 4.186951749188273786e-02 2.149908248829593971e-01 6.737501232272738450e-02 -4.514238814436012659e-02 1.711672836637024020e-01 -2.197464942779410735e-01 -1.504651761395542631e-01 4.798527984445509209e-01 2.597168129301983264e-01 2.017500987212222929e-01 -1.876554072892823721e-01 -2.119630401552833610e-01
2.129011738838403750e-02 -8.053699411503174865e-02 1.879372461664506055e-01 -1.227722223547857289e-01 -1.338841176729430316e-01 7.627153424097701806e-02 5.926034883672718495e-02 3.589962094923214442e-02 3.215353983470352339e-02 1.000000000000000000e+00 3.203540853111158104e-01 5.064780805849322665e-01 -6.313422423476845735e-02 -1.335694894514858622e-01 -1.199576053613108650e-01 -8.571778203217259029e-02 -2.389403134286358435e-02 1.134910910066018602e-01 2.918327851543921214e-02 1.241367414957831178e-01 1.773964562621812083e-02 -1.239346671742617007e-01 4.001757403334054580e-02 3.707100904307142897e-01 3.183534025602768880e-01 2.549279391414397966e-01 -3.322115357560658216e-03 1.169532090202861641e-01 1.285594240129671606e-01 4.913409218529022487e-02 -1.408697935750411823e-03 1.071492521083135113e-01 -8.169826266811661131e-02 1.015910009166436437e-02 -1.438286177385388886e-01 1.120506983493839426e-01 1.002027234526881166e-01 2.872544512193687671e-01 1.574772934875273978e-01 7.117447341267976735e-02 1.567321864177056157e-01 4.796725202519045439e-01 1.164658084484154338e-01 9.494090711210732836e-02 -3.234237239151470378e-02 -2.543274368475255051e-02 -1.654022651873178762e-01 -6.506699709085568550e-02 4.404734171186271141e-02 9.175408299440991622e-02 7.198571855018992549e-02 -4.345328510723201615e-02 -1.057317786704625034e-01 -7.818107621486748704e-02 -7.482189088463671311e-02 1.039831372914036128e-01 -2.250290646554783391e-01 6.539469747684543977e-02 1.524655508714873875e-01 5.241198599450096474e-01 4.594980551224154275e-01 1.130708439604376919e-01 -1.127198542264861714e-01 -1.838014684563605838e-01 -2.053897320758862888e-02 -1.075289658379457447e-01 -2.945131173528688917e-01 -1.098274807620761885e-02 -7.579665321203007955e-02 -6.149503840645061808e-02 1.740758765258772905e-02 -5.447888296835853156e-02 -5.425424993547324493e-02 -2.818180578932573122e-01 2.725815825582161289e-01 3.213434487306255360e-01 1.765464631299379708e-02 1.688699485043488879e-01 -1.794319054844109307e-01 -1.100972511213134108e-01 1.109000707310153211e-01 -1.700052119212394283e-02 -6.354120491078757427e-02 -1.262761838514123991e-01 -1.282448788979953236e-01 -2.328805372076028501e-01 -8.877046970747108981e-03 6.109740639958490677e-02 1.005451274285812796e-01 -4.913311512658896651e-02 -1.873150037320378825e-01 -8.518874842200178932e-02 -1.885195541627029125e-01 9.377228757441409546e-02 5.710630862267402491e-02 2.011209763827129585e-02 -9.149289207707135552e-02 -5.026933524263565295e-02 -3.714417913477882638e-02 9.197695203343048131e-02
8.724751749481953270e-03 -8.603898455474229268e-02 6.554034629474903006e-02 -2.069031411849572843e-01 -1.690104363241733409e-01 1.721370884234294310e-02 -2.047593309281004470e-01 -2.391572979490012851e-01 -2.092969561803299239e-01 3.203540853111158104e-01 1.000000000000000000e+00 4.643406391547899026e-01 -5.231067816554774152e-02 -6.609989231014204436e-02 -6.349612642922972117e-02 2.094416840813216607e-02 -6.758702680219765002e-02 -8.095036959540787003e-02 9.826098557641821385e-02 -3.998804274531244513e-02 -7.102942874459432232e-02 -6.527731180475437878e-02 -1.059350248713304410e-01 1.775926118750061344e-01 3.487164542600405537e-01 3.008248495003889023e-01 -2.135059918635672516e-01 -1.343651488396209459e-01 8.242097301361436812e-02 -7.241444388729867399e-02 -1.990694873265893283e-01 2.288249163842836775e-01 -1.003179429603642953e-01 -5.519864579197586441e-02 -1.551284463413616921e-01 -1.214834569117596297e-01 2.182208363968652920e-01 2.780331159968955079e-01 2.061868281577275142e-01 -6.711580838238702384e-02 -2.474633243150790689e-03 2.656396532413308424e-03 2.092661587743654961e-02 -1.315407554130398060e-01 -1.442709236414926044e-01 -1.525201059518178914e-01 -9.041654840626539569e-02 -2.440102498002589271e-01 4.615939950668595387e-02 1.734001273153316230e-02 1.903812070833822978e-01 5.325142808106853032e-02 1.042341976946226517e-01 1.919949408660081430e-02 9.429406123080855129e-02 1.457831122550768133e-01 -1.622952879200844079e-01 -1.703489782680287223e-01 2.899545801625240046e-02 2.025157656245383728e-02 -8.766665170978854213e-03 2.512179975694219802e-01 -1.221496248832697057e-01 -1.600407894299527567e-01 -9.651775468293974369e-03 -4.519885349535665564e-02 -2.739997808795545109e-01 -1.861888654857600869e-02 -9.720731721004001458e-02 -7.666409541706871444e-02 2.298225567611452552e-02 -7.377398289188137614e-02 -1.755024304625115161e-01 -3.291164969028601006e-01 2.817270471089595302e-02 1.700959110074042047e-01 1.173242364423669054e-01 -2.087604169898545081e-02 -1.507645132648133268e-01 1.027125930472693044e-01 -5.501514884681011491e-02 -9.084646796687299852e-02 -1.742217379069690153e-01 -4.740716992754438058e-02 -2.086529917710904236e-01 -4.306662259676804355e-02 2.576401517426320509e-01 -1.523996087747061801e-01 4.044529200583605461e-02 -1.667412372328724857e-01 5.439954231725632923e-03 2.168520159882922002e-02 1.873404018232796217e-02 -2.086958477539642975e-01 5.083913291271013879e-02 -1.433041301803741063e-01 -1.610311236418254521e-01 -2.200563999118248515e-01 6.013617734787959218e-02 8.051024405775054904e-02
-2.048796468128126214e-01 -1.832521596507610817e-01 -8.117458347969629118e-02 -1.635945109950775328e-02 2.950632628209299267e-04 -6.076902598558461821e-02 -1.837790829376367147e-02 6.744823898797924766e-02 -4.335449094982526952e-02 5.064780805849322665e-01 4.643406391547899026e-01 1.000000000000000000e+00 2.012296074493855613e-01 1.017996705602973867e-01 7.545640679984849664e-02 -1.603272081524830528e-01 2.944241211057921359e-01 2.312541874110230766e-01 3.680801089723753083e-01 2.677000971453275535e-01 2.785478285346658645e-01 1.003200795457647315e-01 1.711197808050506919e-01 5.742576898000176788e-01 4.108757961108515377e-02 4.717301539749175210e-01 3.222640309958527821e-02 1.112788933589476392e-01 3.326980924615057789e-01 1.572512436858084506e-01 -8.256980844302614503e-03 -1.646135344659076516e-01 -2.312297387646851388e-01 1.456885563263469463e-01 7.811790156454542777e-02 -8.685566626150825753e-02 1.549237383253899147e-01 9.522986667808558403e-02 2.791862768772768524e-02 -6.061609790856080197e-03 2.484047473813749685e-01 3.916936327673762319e-01 2.747601969599602345e-01 2.272964104610633862e-01 7.801612699459643807e-02 1.134388596512051900e-01 1.293891804440377817e-02 5.377477238089911626e-02 -2.771833826456685662e-02 1.202830938457501719e-01 -6.911594023285795585e-02 -2.501772859564301288e-01 -4.803967456252099949e-02 1.322994901211718421e-01 -1.848857696636852510e-01 -6.908843465399344685e-02 -1.840546575033653598e-01 -1.357100064927093119e-01 -1.504953027451469139e-01 1.981688269341299879e-01 1.858262518509637973e-01 2.030317843146725587e-01 4.176662885986487384e-02 -9.537529942004140115e-02 2.211210104843465696e-01 -7.075666890402969311e-02 -3.658149876405171197e-01 2.134683285626589877e-01 7.720108663294154849e-02 -1.892050834288374478e-02 2.462952438261636623e-01 2.495987918219034346e-02 -2.607780744947089339e-03 -3.151011294970012533e-01 1.999799351846766604e-01 2.240102828197494678e-01 1.600434952867011984e-01 2.541089236091626513e-01 -1.865436968970738407e-01 -1.696083563734944177e-01 2.290987336496580207e-01 -1.419293936757082542e-01 4.025481841406059608e-02 -6.566816197768887697e-02 -9.838067033754156754e-02 -2.010908627460911702e-01 1.590667096306970681e-03 2.811611542504194317e-02 -1.477459576705546750e-02 -1.159452809392226558e-01 -1.416811188436628011e-01 -1.108721859191742626e-01 -2.492869379522893170e-01 -1.942856588865596312e-01 -2.738956243266478172e-02 1.620527152735037335e-01 7.616191289280579979e-02 2.347954839344517167e-02 -1.781385361931605016e-01 -2.161665703824618839e-02
-6.506043889858936780e-01 -4.206560083214468393e-01 -6.998077273126153131e-01 3.836604396819330298e-01 2.167651899008123662e-01 -5.350298176982839493e-01 2.277840954020203534e-02 4.184101778883067002e-01 2.959324536516774184e-01 -6.313422423476845735e-02 -5.231067816554774152e-02 2.012296074493855613e-01 1.000000000000000000e+00 6.784919588940822033e-01 6.795315198076752328e-01 -5.515809022320317112e-01 7.177863205398250512e-01 5.736661752946760062e-01 5.321770356448534134e-01 4.778471338147485259e-01 6.616599743878084361e-01 6.174755682950787694e-01 5.565033973147651691e-01 4.835016351945775614e-01 -4.652242033132468202e-01 1.669311210349487817e-01 5.185839264489799927e-01 2.307113736739040688e-01 4.083540158300678069e-01 3.869393592158516526e-01 1.519402369455697954e-01 -5.882048150015558585e-01 -2.538913254855776694e-02 5.007319246007010394e-01 6.960010723515761555e-01 1.389524230456523346e-01 -1.726085767336152932e-01 -1.842817212140673566e-01 4.654625790907559318e-02 1.389694374980418867e-01 5.790381998912140782e-01 2.674548788855147796e-01 6.254857898113143078e-01 5.456725652057582421e-01 6.734473366640937320e-01 5.349048728010080689e-01 6.213073459967048962e-01 5.687980863962849298e-01 -2.919748943535553365e-01 -3.573712751367156409e-02 -6.225325971256295832e-01 -6.821717455411528963e-01 -1.349743652115622528e-01 1.656745668573471053e-01 -5.655569367354132959e-01 -6.593079212107125775e-01 1.329438551417508503e-02 6.230619914344667082e-02 -2.406353554459789434e-01 -2.900361459425049859e-01 -5.785938228785320742e-02 3.920504272813374880e-01 4.658540866860177987e-01 4.365761071408913452e-01 3.190591534901436876e-01 3.918229533434915424e-01 -1.625503415906593210e-02 2.067169405991662878e-01 5.497789754183318722e-02 5.661165899131737067e-03 3.685566809914054831e-01 1.568343123443433629e-01 3.442827795873141250e-01 -1.170915924878551395e-01 -5.629494436161334298e-02 -2.959688584980097459e-01 1.462758308716150535e-01 3.025174653868873409e-01 -4.851592983653310598e-02 -2.606251836077438377e-01 1.570520628778243888e-01 3.678797644902052216e-02 5.547846803465285026e-01 4.026805860358733113e-01 4.197542460551220156e-01 3.755619207513286040e-01 -2.680721818749659535e-01 3.555551718416822271e-01 -1.230234176493250758e-01 8.704212077092677094e-03 8.071684532349057695e-02 -2.694328620560115795e-01 2.460846334187325249e-02 -4.479629446333316944e-01 -4.913450305614334990e-02 6.394431582126989255e-01 6.149117137914360542e-01 5.700748774576578359e-01 -4.684523811502618873e-01 -3.455584994643702279e-01
-5.803021014957382429e-01 -3.991433057285391772e-01 -6.986287532605944817e-01 4.719199141469893055e-01 2.885914084108378019e-01 -5.885704797531596810e-01 4.250725941101911320e-02 3.806414409920497177e-01 2.566260081484955657e-01 -1.335694894514858622e-01 -6.609989231014204436e-02 1.017996705602973867e-01 6.784919588940822033e-01 1.000000000000000000e+00 8.142590706965470160e-01 -4.641805169071519521e-01 6.057065732450631623e-01 4.809750246685736141e-01 6.334727778480582217e-01 4.090450666376740374e-01 6.783450131274019190e-01 6.088170880460281875e-01 7.636427283839143376e-01 4.340133664659525659e-01 -3.157653939137038401e-01 1.519711225532878740e-01 5.868046801764720266e-01 3.631442927422828815e-01 2.580782085031954054e-01 5.705438407230949416e-01 1.676641629382957244e-01 -5.574933400982809983e-01 -6.617641955077167848e-02 3.600475082544074557e-01 7.187438924101475779e-01 1.605297461487983912e-01 -2.281292484045210345e-01 -2.209696830626343700e-01 -4.217873314554115307e-04 1.280841716854895784e-01 3.768812370365062780e-01 1.688640583063278910e-01 4.815568457083351239e-01 4.934364028602821195e-01 6.704357115525496624e-01 5.676437062252305266e-01 6.804315722684676215e-01 5.621103293995745043e-01 -3.479319321693686851e-01 -2.254692500717512538e-01 -6.654169276882099249e-01 -6.911112648915765933e-01 -1.578995881546911284e-01 1.380099211497416989e-01 -6.207180060087754692e-01 -7.103997096917034071e-01 -6.145622550846930460e-02 4.370987435719031478e-02 -1.388621411239409631e-01 -3.337395302615985826e-01 -8.333613033794157188e-02 9.609785245892744909e-02 3.473165431285942795e-01 5.174046770797851025e-01 3.337807784403195033e-01 6.984631929684891327e-01 -4.130523959998745609e-02 1.482706996861574700e-01 -3.128241652546508156e-02 -7.670687399594164346e-02 3.345987518609983558e-01 9.452043281373055661e-02 5.345003600286748480e-01 -1.414669856405258441e-01 7.456400502410549802e-02 -2.465882918552078362e-01 6.871330904063877032e-02 5.488591351104685767e-01 -1.123802551659928289e-02 -3.392538987456333310e-01 1.587930195281692380e-01 -6.308866924515428576e-02 5.170555277830947150e-01 4.190173438261470817e-01 5.147782448416272638e-01 4.088643992314072162e-01 -2.977778430916405705e-01 5.144748154485923042e-01 -1.231954062854313109e-01 3.423998138250373968e-02 -3.638395541825745899e-02 -2.744036807053383820e-01 -2.652447445287926461e-02 -3.883717671225889179e-01 -1.581515209621426610e-01 5.918183952218720734e-01 6.282567908681166990e-01 5.850850510121041737e-01 -4.731685360938038265e-01 -4.950838095442652298e-01
-5.934221732051182530e-01 -3.798598965909248393e-01 -7.239517173610531264e-01 4.683132794194039272e-01 2.597299219203227927e-01 -5.527866734952394667e-01 3.305500360892616590e-02 4.178787854733314600e-01 2.791967258000194740e-01 -1.199576053613108650e-01 -6.349612642922972117e-02 7.545640679984849664e-02 6.795315198076752328e-01 8.142590706965470160e-01 1.000000000000000000e+00 -4.891424879223507660e-01 6.004968706339302020e-01 4.971619138051028841e-01 5.521907540910139245e-01 5.070428071391974711e-01 7.496082099995826642e-01 5.827076961817937439e-01 6.835094127518615004e-01 4.681078508681845163e-01 -3.678342584741699506e-01 1.438840820412305710e-01 5.314977419342392650e-01 3.137061281094664089e-01 4.062044549417961892e-01 5.147993309077932844e-01 7.529483069394296568e-02 -5.597467360184594787e-01 -8.337898814436357775e-02 3.558632440946825626e-01 6.694577252185184291e-01 1.330873988981268741e-01 -1.909652969389936394e-01 -2.635059667381020043e-01 -5.120541603136832126e-02 9.527456559369769373e-02 3.868724871143416344e-01 1.320948159258850951e-01 4.545898451718137223e-01 4.791869950679782941e-01 5.996662825728902302e-01 4.978192739352161889e-01 6.047193596463054099e-01 5.063378225168424507e-01 -2.914549030999522561e-01 -1.712920943658534367e-01 -6.804667951569808304e-01 -7.121968553487766362e-01 -1.400698411226063145e-01 1.754992599660740449e-01 -5.858898672931934781e-01 -7.114932030149889730e-01 -5.885171108870997959e-03 7.858570895850779114e-02 -1.089217004195772304e-01 -3.266985832600620698e-01 -4.692300605465900970e-02 9.891270325747963943e-02 5.003931671424999283e-01 5.771095594818264063e-01 4.784810865089541565e-01 7.589944396181935726e-01 -7.954784310903470837e-03 1.815933413288375875e-01 3.857748494116654964e-02 -3.837530199468230235e-02 5.066614270777249907e-01 1.971832749636322490e-01 4.821905269501213787e-01 -4.885124931789992797e-02 1.321922747642552687e-01 -1.889358942421028864e-01 2.338179363570648261e-01 5.046542219933104478e-01 -6.127857208438154679e-02 -2.586528268944166542e-01 2.618979903937487808e-01 -6.560517013823366494e-02 4.725754962188576935e-01 4.407933958619988934e-01 4.821714050019596520e-01 3.809214210563569014e-01 -2.357628205740177063e-01 4.322071639212802241e-01 -1.242900174752168962e-01 7.323535555419090348e-02 -2.936842293700816977e-03 -2.019213238668657318e-01 1.880035903526787455e-02 -3.897171367280048426e-01 -1.043203432102740857e-01 5.690488102111994628e-01 5.760568163534590669e-01 5.349510130823951215e-01 -4.325374766934553805e-01 -4.539524126096831091e-01
