1.000000000000000000e+00 -5.978322988657377296e-02 5.308168222424843874e-01 -3.514356844823175452e-01 -1.492321713869669275e-01 2.581451933150747946e-01 3.896302702644032778e-01 3.023078898050567953e-01 2.762588951108639335e-01 2.717129094994297778e-01 3.657138966796226465e-02 -1.751587568857456423e-01 -1.222058260617286674e-01 -3.177206079278740991e-01 -3.531946697569498528e-01 2.150680995586133626e-02 -8.613002684951055754e-02 -2.243746143054543563e-01 -2.243502320000985151e-01 -8.941783046759273212e-02 -1.879752827431110385e-01 4.879172650148291823e-02 -3.170112150562404696e-01 -2.299201038082978044e-01 2.832108642059667503e-01 -1.035603261743901909e-01 -2.117241630784193196e-01 -2.121304314625557796e-01 2.494569316294659167e-02 -3.309934854105524571e-01 2.471339801839126937e-01 -2.795102822199331816e-01 -1.403169564817811354e-01 8.165002603225482436e-02 -1.321259575451398313e-03 3.498724444341860113e-02 7.830336011287833756e-03 5.572368635067060511e-02 8.515299927094349686e-02 1.999035050612004705e-01 2.238124041768410899e-01 1.843407585766249912e-01 4.274554296179806229e-02 1.820580078186230522e-01 -2.059216658027895330e-01 -3.741381011944074353e-01 -3.704564555208828547e-01 -3.182177995937468529e-01 2.764369345115732512e-01 3.064055717650992494e-01 4.627422159524721690e-01 2.111625718142028929e-01 -1.491888494443523450e-01 -3.825977259478069437e-01 2.837826578784678477e-01 4.028751372302389888e-01 2.527305596072160210e-01 2.106722201582174880e-01 1.208890191838748046e-01 -1.462813612853984535e-01 -2.775294589547502855e-01 -2.270789631551144994e-01 -2.746631257049220176e-01 -3.476115906465125360e-01 -3.263369834386387058e-01 -3.917437023399725216e-01 3.134364684474972851e-01 -1.201944888447459836e-01 3.571945924886409194e-03 -2.732695218699905948e-01 -2.618326694912662123e-01 -1.114482700650169522e-01 -3.083326116024215913e-01 -1.693506464948711931e-01 -2.292339815419412452e-01 -1.030923972959280196e-03 -4.843189545061876711e-02 -4.061751886458356831e-01 2.825691007917353059e-01 -2.894083197742140512e-01 -2.069961782623934432e-01 8.431153672354352313e-02 -3.189730902586034034e-02 -3.218974351946121693e-02 -1.156378682499748650e-01 -2.717454756140741390e-01 -9.763072424377343406e-02 -2.045089245448279414e-01 -2.358483256699185279e-02 1.124767799570632575e-02 1.183958492544251728e-01 1.955805627646485523e-01 -1.469595507165693260e-01 1.780214106402164265e-01 8.867461393021106031e-02 6.969355188248112232e-02 -3.455379827548353266e-01 -3.225677459858658502e-01 2.629941410999626639e-01 2.324072434227286710e-01
-5.978322988657377296e-02 1.000000000000000000e+00 2.310622436379392575e-01 3.587875291749483830e-01 6.158084421447725942e-01 1.895587606867834007e-01 1.650387574562577342e-01 2.073129874708861398e-01 1.514030161760502036e-01 4.356359913331989825e-02 -5.798128018607991846e-02 -3.433684312921400639e-02 -8.727382769833333387e-02 -1.484874747955978458e-01 -1.409110781876324880e-01 6.291799540386422418e-01 -3.885455858240587090e-02 -3.912720149222718991e-02 -1.252443010783416966e-01 -2.122535673291220115e-01 -1.601622344105265994e-01 -9.380739817465262587e-02 -1.523846241653645794e-01 -5.884326601088640113e-02 1.118633242677131850e-01 -1.648997010373143279e-01 -1.096108825368895257e-01 -1.278864381626543256e-01 -2.412623039457917340e-01 -1.624018633309655124e-01 4.783064222045373126e-02 2.407797722374241112e-01 4.094435404054764249e-01 -2.832464580427281331e-01 -1.452260544117917052e-01 -1.887641233180727962e-01 -3.390171238860866243e-01 3.754679478263845405e-01 -1.203400494027204309e-01 9.602649480145204622e-04 -3.175473322951166133e-01 -7.118135944993168873e-02 -1.353964901229768036e-01 -4.081236750094621724e-02 -1.439703066378399399e-01 -8.464814373654017121e-02 -1.252504632189959388e-01 -1.524296608267492747e-01 6.030815487116087531e-02 -2.231990515728827507e-01 1.613304869781918005e-01 5.738964850306099708e-01 6.346730059337787333e-01 3.462780268970280240e-01 3.422311094982605217e-01 1.048134654798059395e-01 3.445812212605409708e-01 1.319525467824285703e-01 7.713778761556851216e-02 -8.167831061640808132e-02 -3.216635914869814261e-02 -8.521194229151000943e-02 -2.583602385548207647e-01 -5.738658952705088384e-02 -8.588388667932586595e-02 -1.073828660176856797e-01 1.254913464665213252e-01 -8.831887766135286533e-02 -2.432215428958605929e-01 -6.739688030816366748e-02 -1.416157542360420574e-01 -2.221673393777501282e-01 -1.672715317417099168e-01 1.812368105560561160e-01 -5.629468483401960793e-02 -5.777226376755048576e-02 -2.368293461773592901e-01 -1.810673682651734728e-01 5.038265675817332756e-02 2.202857408551277818e-01 -1.682050659411570004e-01 -2.739063912419463787e-01 -8.985315657879934526e-02 -1.014675449261282641e-01 -1.463931468305257610e-01 -3.475330907732149255e-01 -3.020780843068207044e-01 -3.156900191239926379e-01 -1.236613113516063511e-01 -8.352121832141576330e-02 1.807756502122093156e-01 1.661604971364408212e-01 2.048262505941342571e-01 9.751974492560423063e-03 2.487663409159543773e-02 -1.370685216314069810e-01 -1.156344819889263964e-01 -1.263480110912909016e-01 -1.030602519995190217e-02 -2.373329864777337928e-01
5.308168222424843874e-01 2.310622436379392575e-01 1.000000000000000000e+00 -5.677433689468761591e-01 -2.407411132818117749e-01 7.067410487259879748e-01 7.544844693188424989e-01 6.907911548897760490e-01 6.624184829472323788e-01 5.713386764706993581e-01 3.376507179364274247e-01 7.272835116386681953e-02 6.172355229818653199e-02 -3.680194139853795732e-01 -4.993518921382987807e-01 -9.285507476996907039e-02 7.806823915460611718e-02 4.812867408970255417e-03 -1.920000725021294985e-01 -6.983887001979108278e-02 -2.634080821804320460e-01 2.358835871044305255e-01 -3.460176798808320409e-01 -1.741819431038843513e-02 5.117751293691545911e-01 7.852586388843095511e-02 -1.759619854682609452e-01 -1.778672767046409198e-01 3.190240305204589816e-02 -4.333050596989188596e-01 2.546487576251545426e-01 -5.652763173674633101e-01 -3.669065398735305572e-01 1.403874008579514276e-01 8.860095622670889626e-02 2.596825889344290261e-01 -3.563236268674538354e-02 1.530685599173941536e-01 3.757882422406105816e-01 5.445834283054354907e-01 3.397069853045289745e-01 3.865639002969524785e-01 2.410938589267566934e-01 3.474692092308424018e-01 -2.352723347488568650e-01 -4.263533913361827188e-01 -3.922288259045345615e-01 -3.611740053178594811e-01 6.132979650813810135e-01 4.200325800057843062e-01 -4.187663703691902467e-02 5.906073450589844898e-01 -1.229334983517922919e-01 -5.476307382790960299e-01 7.270094672797262625e-01 8.064692008444506177e-01 6.436426096367185989e-01 6.283636295137497996e-01 5.066316934677872474e-01 4.359293721445908071e-02 -6.278206787615060736e-02 -1.004604221696577399e-01 -3.042911932270123687e-01 -2.577626724853195883e-01 -3.681275276305093769e-01 -4.997917267743320902e-01 6.303683319072433955e-01 3.391404210993888974e-02 6.274628325379967564e-02 -4.070009636110510920e-02 -3.036475271150365085e-01 2.376886080970631518e-02 -3.535063753451779811e-01 3.616418271005059637e-01 -1.237469889469366979e-01 2.968476740610310749e-01 -1.017761002380457996e-02 -4.529972888006060794e-01 2.562114301921168402e-01 -5.483899493331728658e-01 -2.897320968736297742e-01 1.080652058547433292e-01 1.125938977502070754e-01 9.980354734777786840e-02 -5.670213095776074214e-02 -3.900814480179809474e-01 -7.907233056618306888e-02 -3.051147772643724720e-01 2.297306622947671295e-01 3.007212724688921313e-01 -1.371783091933462088e-02 5.375307401287469089e-01 2.807516755099370709e-01 3.741336374475943138e-01 4.203912233921654473e-01 1.258695942436557358e-01 -4.172661710245934574e-01 -3.637574813161306153e-01 5.596738381171421084e-01 3.676957840051967019e-01
-3.514356844823175452e-01 3.587875291749483830e-01 -5.677433689468761591e-01 1.000000000000000000e+00 7.161185095539459589e-01 -5.652614531312032398e-01 -6.193732482217758628e-01 -6.038240791479337899e-01 -6.403614674105754245e-01 -6.672732425095222464e-01 -5.258291371982811713e-01 -2.015036921204678977e-01 -2.072039437572315013e-01 2.919934156895995780e-01 4.426241853079981858e-01 5.498768899407122657e-01 -1.595672555117123859e-01 -3.187248966818510831e-02 1.460171888991846634e-01 -9.704428120242072908e-02 1.897952156926416833e-01 -4.067296112518047346e-01 2.492339375840998683e-01 -1.315683793707273785e-01 -5.242807941840466057e-01 -2.377002446472513408e-01 -1.087806214600430324e-02 -5.847356818946383532e-03 -2.457853605793680618e-01 2.987099137554705686e-01 -1.364262587813551697e-01 8.166251502579329191e-01 6.398083983061518820e-01 -3.901324080855441689e-01 -2.763623074524081957e-01 -4.490674587065400236e-01 -2.475921507842927527e-01 1.478300710303258880e-01 -4.702464569797559779e-01 -6.634295571616387610e-01 -6.114648045275978827e-01 -4.685770694963052319e-01 -4.479330776607434728e-01 -3.671585678792090857e-01 2.040809691838283424e-01 3.769995270648950902e-01 2.932996255456526424e-01 1.967542965815818889e-01 -5.470295592410091556e-01 -6.047336956369605554e-01 3.127730422035373548e-01 -8.555324121834452511e-02 6.614492048430462567e-01 9.304818430259965689e-01 -5.370371091085909265e-01 -6.788814610030111663e-01 -3.983938185728675418e-01 -6.071740215983060240e-01 -5.602032810308361643e-01 -1.817560081202360955e-01 -7.185785336627981135e-02 -2.705450724691547612e-02 3.530271052343367938e-02 1.995885936483657586e-01 3.457865049204867924e-01 4.954353987008476845e-01 -5.480159747982967788e-01 -7.989561788754377669e-02 -2.176607669273230850e-01 -3.257221471339648289e-02 2.519731998035048548e-01 -2.174314700583148685e-01 2.746782313996452007e-01 -3.145593366888526643e-01 2.676979208706609450e-02 -4.066421106357505089e-01 -1.647131479276482124e-01 3.087071698157709543e-01 -1.203451084460389064e-01 8.131040189401305129e-01 1.635775710211366529e-01 -3.536877304015195178e-01 -1.517063032496622499e-01 -2.489957466368120376e-01 -2.197684256204784914e-01 1.082280800944970534e-01 -1.958159328433418112e-01 6.237374597035783182e-03 -3.607954348270710487e-01 -4.554170451885377613e-01 2.656722276855192355e-01 -4.116872371482562243e-01 -1.738485080457408960e-01 -3.758166123018552018e-01 -4.507259688364312344e-01 -1.104693748299599293e-01 3.462808391637562933e-01 2.790339209007874910e-01 -5.978123490743482149e-01 -5.683352288525771456e-01
-1.492321713869669275e-01 6.158084421447725942e-01 -2.407411132818117749e-01 7.161185095539459589e-01 1.000000000000000000e+00 -2.029527259281909968e-01 -3.811217722643415184e-01 -3.089603596754219583e-01 -3.513355425689155820e-01 -3.891677698334224389e-01 -3.253215915355695542e-01 -1.030274530617241030e-01 -1.195426954209235365e-01 1.210808830038586498e-01 2.309638860157181284e-01 6.360507645841100288e-01 -6.714314047756404780e-02 -1.934576868844531047e-02 4.875281550382316170e-02 -8.821891716998907229e-02 8.438347662873162125e-02 -2.749168701739524989e-01 8.026453185655187117e-02 -6.925382283597471267e-02 -3.255184470791829265e-01 -1.806008074593823676e-01 2.250953377849509648e-02 2.486677242874236332e-02 -1.724592987532281296e-01 1.207929885142601661e-01 -1.477634568149613914e-01 6.016936875728410294e-01 5.619701049666423476e-01 -3.172574187352183994e-01 -1.580286362310220349e-01 -3.593161148345963007e-01 -2.491559898280909791e-01 1.942487316831816302e-01 -4.015827873765973055e-01 -4.518650475431802982e-01 -5.035982690471891843e-01 -3.057550670219037481e-01 -2.822331066216226536e-01 -2.294543515040511905e-01 4.770438841408250474e-02 1.817541810262859325e-01 1.107043360777234114e-01 2.885040832822079529e-02 -3.174443009277581607e-01 -4.261260445141080710e-01 3.147188932329184619e-01 1.141805521395971024e-01 6.958762703622830559e-01 7.289282069443273615e-01 -1.138157341006730272e-01 -3.708692093725777794e-01 -1.406350406305389433e-01 -3.521180386294743281e-01 -3.175529489201937006e-01 -1.712340899784633441e-01 1.895806819723753383e-04 -2.794228395667245138e-02 -3.746132945179916213e-02 7.237335772793734856e-02 1.715901130748815895e-01 2.359168713457883426e-01 -3.372716960631629846e-01 -8.883412196425974350e-02 -2.340228537399191844e-01 -7.445057793371381849e-02 8.794663629307852837e-02 -2.026666832568136400e-01 7.411904467231608673e-02 -1.696559969640321353e-01 8.752855216727792320e-03 -2.692423232408918676e-01 -1.471164334680576391e-01 1.073957093926024703e-01 -1.438023480666134613e-01 5.574735085837289050e-01 3.984004482040590100e-02 -3.257368242864741026e-01 -1.283938320672375899e-01 -1.341353791387807359e-01 -1.162651265618420277e-01 -3.502969722769905259e-02 -2.020432512324768781e-01 -9.407812729541904784e-02 -2.557719334458969374e-01 -3.354720091089724576e-01 2.314731190693841423e-01 -2.496468399333284516e-01 -7.010698924023242573e-02 -2.175275191814043108e-01 -2.617634218256819079e-01 -1.588677313369341870e-01 1.638280782434235749e-01 9.437244610876691087e-02 -3.778930260311670897e-01 -4.386795219647275368e-01
2.581451933150747946e-01 1.895587606867834007e-01 7.067410487259879748e-01 -5.652614531312032398e-01 -2.029527259281909968e-01 1.000000000000000000e+00 6.758993681033721446e-01 7.563750155472859227e-01 7.640758197561146048e-01 6.089565878949283473e-01 5.582457159293015003e-01 3.045169050920762399e-01 3.832831962052209440e-01 -6.409016257331592858e-02 -2.881546620627785105e-01 -1.800039271488496073e-01 4.017748804952024910e-01 2.698266410885024613e-01 9.058913310666688590e-02 1.591525283659551149e-01 -1.687968502401617291e-02 5.461668742333766202e-01 -7.312840451445230816e-02 2.132531854447347053e-01 4.232391162363011161e-01 2.318010654588723018e-01 1.196394972140634172e-01 6.368885173661992249e-02 2.807812604218235530e-01 -2.466052424316265701e-01 8.956416545661109729e-02 -5.361305695753727507e-01 -4.124839116392399196e-01 3.532516043780437043e-01 4.061215643725804569e-01 4.471756071032780278e-01 1.555907941111416837e-01 1.164020414652265772e-01 5.042487149307320893e-01 6.597826034669864725e-01 4.816096447790577662e-01 4.822314019992652301e-01 4.013679773692395147e-01 4.097347564505705586e-01 -2.232101887424144671e-01 -1.817501504287955261e-01 -7.390851074080088956e-02 -1.056791883033257051e-01 8.101899599421333864e-01 5.192691289361189844e-01 -1.877043117123081972e-01 4.328160525404698422e-01 -1.814032133079908626e-01 -4.959600887369126632e-01 8.038266562200644394e-01 8.739043753588010555e-01 5.969801550592321870e-01 7.502248232550587925e-01 6.148711434465981007e-01 3.253096189337360000e-01 1.637449832655030191e-01 1.843514913529389621e-01 -2.228552268703512182e-02 2.988343702810516284e-02 -1.281876924823474317e-01 -2.973374182918015474e-01 5.876492617178843414e-01 3.396125504741694945e-01 3.088842605039417433e-01 2.034746797251970607e-01 -6.698546594901412521e-02 3.146846963167308497e-01 -1.008430392309753038e-01 5.607652789486584632e-01 4.116554512150840534e-02 4.132520731587214780e-01 2.896382712637718959e-01 -2.257008714145675166e-01 1.554258137503412157e-02 -5.422095532207102941e-01 -1.560783440536918920e-01 2.280873909163780577e-01 -3.481923962778882709e-03 3.556149115470385036e-01 1.044378484207355712e-01 -1.749959570070973858e-01 1.502748913881216397e-01 -9.839907494827207501e-02 4.755029222500561925e-01 4.597888391459727386e-01 -1.861457563295113027e-01 5.174941971113632411e-01 4.082581337561501655e-01 3.774489669948951076e-01 3.980636283800633723e-01 8.162684134426752280e-02 -1.699451977054775575e-01 -8.329532101415207390e-02 7.624101088232482226e-01 4.619931000426355516e-01
3.896302702644032778e-01 1.650387574562577342e-01 7.544844693188424989e-01 -6.193732482217758628e-01 -3.811217722643415184e-01 6.758993681033721446e-01 1.000000000000000000e+00 8.472766277274041968e-01 8.056806334363063593e-01 6.934308275474483363e-01 3.631067267233332729e-01 3.316960291337244654e-02 1.256738547677771212e-01 -3.740957022909295882e-01 -5.774557078893194362e-01 -1.613793274305754810e-01 9.587094270097057391e-02 -5.634729467539337970e-04 -2.204714262565939664e-01 -9.056912815158978114e-02 -3.070116006400938624e-01 3.022977193678968999e-01 -3.444167067349309663e-01 -4.991530486979017800e-02 6.372119653568769637e-01 3.039618948387831990e-02 -1.563820682079835878e-01 -2.445351134309949048e-01 4.769820580715041641e-02 -4.715521631551233273e-01 2.933519629045291954e-01 -6.267625538608146973e-01 -4.023449325715491298e-01 1.555513856988235133e-01 1.321505889327250494e-01 3.241273127385781438e-01 -4.003467686242783569e-02 1.847096503208182638e-01 5.015577865004715585e-01 6.944100507291744995e-01 4.203417471270633476e-01 4.756754322814631952e-01 2.810644643763313688e-01 3.550966800939024393e-01 -2.201088480503174405e-01 -4.352642402798410082e-01 -3.678796178157565100e-01 -3.063358384193304862e-01 6.942747338699801762e-01 4.410664243261125383e-01 -1.308826188607956631e-01 4.914089849767761531e-01 -1.775759935580140669e-01 -6.035138153176025089e-01 7.549221948518056724e-01 8.015940242513651670e-01 7.856454405426135379e-01 7.825902425571905630e-01 6.006650399332222889e-01 6.891140411293376900e-02 -8.036993004413602038e-02 -7.153409170140370699e-02 -3.321305313065243681e-01 -2.747343148130869661e-01 -4.311236665263130652e-01 -5.543183267337031817e-01 7.974945653628846554e-01 5.998610946287706580e-02 3.469314301725610200e-02 -4.559932133205676225e-02 -3.381286706049350110e-01 1.454369464218470583e-02 -3.778479963677164877e-01 4.599466376814722035e-01 -1.616332846929702527e-01 3.030702257673771327e-01 -1.910137170305705248e-02 -4.628189258983503307e-01 3.117407313487208231e-01 -6.033553599928286326e-01 -3.570519090960077579e-01 1.033520161033849166e-01 1.486936119549268909e-01 9.685850024063762109e-02 -5.965562355094267827e-02 -4.380860664152728678e-01 -6.293909764821964403e-02 -3.474047217880563143e-01 2.763251037241811203e-01 3.908362017387229659e-01 -9.827182170700617114e-02 6.609451221647281161e-01 3.735668862969368509e-01 4.224278203919013541e-01 4.346790060111654919e-01 1.757987953394541114e-01 -4.147026011604670881e-01 -3.470924828898691028e-01 6.713329970458264961e-01 4.333192749192264492e-01
3.023078898050567953e-01 2.073129874708861398e-01 6.907911548897760490e-01 -6.038240791479337899e-01 -3.089603596754219583e-01 7.563750155472859227e-01 8.472766277274041968e-01 1.000000000000000000e+00 8.831558394922439659e-01 7.301380397342764894e-01 4.948514827490785306e-01 1.784264950671457517e-01 2.563160680608470576e-01 -2.219576943919065459e-01 -4.523449070558791529e-01 -1.919258682314194386e-01 2.528762476611865484e-01 1.279186195236588497e-01 -7.859011751042820071e-02 2.606824478520647359e-02 -1.596069676018191663e-01 4.145083349565763520e-01 -2.217326463763436839e-01 2.586713366434951339e-02 5.628810272010849047e-01 8.062945063469738327e-02 -8.272132092696665717e-02 -1.536210850577988951e-01 1.639142193040677153e-01 -3.318706353787214680e-01 1.972932539316968603e-01 -6.533978921959950892e-01 -4.312607461844920054e-01 2.905598062308862306e-01 2.311783289249371709e-01 3.823770352972553632e-01 4.223183916037154956e-02 1.320688179326118539e-01 5.332260367034995507e-01 7.431340412174184396e-01 4.942276772677821062e-01 4.706426422243005780e-01 3.807094122843576733e-01 3.895908511704236354e-01 -2.716085576051108230e-01 -3.627588364944177024e-01 -2.582127253804252232e-01 -2.230432208224074064e-01 6.947978989733794020e-01 5.017897902350613171e-01 -1.627762082292750490e-01 4.658158869435953253e-01 -1.580263726796089785e-01 -5.588741634329700281e-01 8.018401816790571290e-01 8.048410050481604738e-01 8.119756864790513839e-01 8.942207848675808313e-01 6.602158953237041716e-01 1.856192144595452953e-01 5.698584916318482491e-02 2.472112165556197144e-02 -2.142457966399191338e-01 -1.111321559851133484e-01 -2.983602946533125966e-01 -4.336667625247030977e-01 7.238438706321316252e-01 1.998131798066771492e-01 1.629259991847959443e-01 9.534481252951049202e-02 -2.074228092032491255e-01 1.349797511527159044e-01 -2.484858172513642049e-01 5.129344398275955674e-01 -1.017715280012964629e-01 3.314725286939240734e-01 1.213554590703597447e-01 -3.501360808209529885e-01 1.890038115196707447e-01 -6.355051318057421961e-01 -3.442406934660517392e-01 1.040590351319704981e-01 4.485338163068199741e-02 1.658993681827079236e-01 -1.420352231992669072e-02 -3.423358964224351153e-01 3.711983985918958923e-02 -3.072980376513347878e-01 3.562116656515845192e-01 3.987912619001194869e-01 -1.653270453676882745e-01 6.038003329002917807e-01 4.415681503647102546e-01 3.391718009032127501e-01 3.759534856751400311e-01 9.978900494467143889e-02 -3.366247593523636339e-01 -2.389847574087043403e-01 7.174699689007217884e-01 4.524620169962085270e-01
2.762588951108639335e-01 1.514030161760502036e-01 6.624184829472323788e-01 -6.403614674105754245e-01 -3.513355425689155820e-01 7.640758197561146048e-01 8.056806334363063593e-01 8.831558394922439659e-01 1.000000000000000000e+00 7.939377588111594664e-01 5.355107908993966825e-01 1.775576571608023235e-01 2.786752671755394761e-01 -2.120547114117740384e-01 -4.631697117120060492e-01 -2.094362250900110578e-01 2.737628399748123775e-01 1.165254739113363719e-01 -1.139708478180290474e-01 8.001779258036899323e-02 -1.615690408733716221e-01 4.677220417604684433e-01 -1.852649553037006847e-01 2.964532218063444663e-02 5.999808047719246140e-01 7.206084538135540396e-02 -3.029385448467752234e-02 -1.112628924594992741e-01 2.163493194320393331e-01 -3.154442157737817887e-01 2.360941351901096608e-01 -6.525646613676280294e-01 -4.350525663047048464e-01 3.664809198081242503e-01 2.850158903597301840e-01 5.035540580190738247e-01 1.199014277970787690e-01 1.514156086048304706e-01 5.743721249042991195e-01 7.845555363134584237e-01 5.796901736780269987e-01 5.786159616350531332e-01 4.152901749278772314e-01 4.332944632904782156e-01 -1.869933757483930592e-01 -3.132157267667585177e-01 -2.165827460330372878e-01 -2.000658022327375107e-01 7.311935545940045911e-01 5.778816351813138574e-01 -1.875114023652500461e-01 4.126424528193783359e-01 -2.422321362210574092e-01 -6.108566815549868467e-01 7.690258728488400530e-01 8.156654204145984410e-01 7.399463463866006174e-01 9.128536310708836865e-01 6.968113069641231894e-01 2.082335476968142918e-01 5.717085284012386748e-02 2.438258863728160180e-03 -2.101216782165146457e-01 -1.251378696403918911e-01 -3.179190675828560408e-01 -4.489946472482049811e-01 7.502008213727131558e-01 2.092113953194722764e-01 2.222498815697735441e-01 1.018496926318743084e-01 -2.063421480175470779e-01 1.704600315087882179e-01 -2.114655107319046434e-01 5.566065296445543709e-01 -1.405281790339069081e-01 3.551111030617407627e-01 1.706096184112533831e-01 -3.311358964783301939e-01 2.142834047000593822e-01 -6.637851263809225744e-01 -3.779967934621917824e-01 1.947887606259576521e-01 1.125893721480320797e-01 1.954047152907545104e-01 2.176525455024431663e-02 -3.050474681924351672e-01 1.060314927640725879e-01 -2.789164040474397255e-01 4.305346706777981591e-01 4.968332418699630271e-01 -1.968008196225823070e-01 5.922807527134602568e-01 4.432737307055745202e-01 4.214167779363837685e-01 4.622633008595997683e-01 1.304460994837861876e-01 -2.919063890824936114e-01 -1.910045844857441444e-01 7.612943634738662535e-01 5.354465468632879643e-01
2.717129094994297778e-01 4.356359913331989825e-02 5.713386764706993581e-01 -6.672732425095222464e-01 -3.891677698334224389e-01 6.089565878949283473e-01 6.934308275474483363e-01 7.301380397342764894e-01 7.939377588111594664e-01 1.000000000000000000e+00 6.714385954757726704e-01 2.904602950367911607e-01 2.625304954325730078e-01 -3.330004543182010779e-01 -5.304859559972326943e-01 -1.708809352541144633e-01 1.606316392312685803e-01 -6.678963989570736726e-02 -2.531647613054952561e-01 -7.768702828538322225e-02 -3.415496995065840924e-01 4.181206413086528961e-01 -3.099354992270045850e-01 1.244454865984195441e-01 7.758963333257444805e-01 2.066735346296183218e-01 -7.849061933029212457e-02 -1.056672595062583403e-01 1.592596527995084332e-01 -3.647319213799558590e-01 2.548334667101599949e-01 -6.055208557631499566e-01 -4.122624028268160878e-01 2.776883980030120935e-01 2.127966006801029764e-01 3.965888160698458620e-01 1.268701939556065583e-01 2.267873128584572129e-01 5.383529739701523598e-01 7.458618759597487324e-01 5.083501130328961226e-01 6.675269208685034039e-01 5.355841352924590737e-01 4.604833595614099551e-01 -1.244265550265528097e-01 -4.080931945453146747e-01 -3.446623092282507517e-01 -2.873927239503960007e-01 5.677408104738866923e-01 5.177171343573920836e-01 -2.026597011669068193e-01 3.045565207323777668e-01 -3.264176162475666554e-01 -6.671308739713073255e-01 6.870153426487162207e-01 7.047503549241365128e-01 6.321921006910435903e-01 7.396824401952746264e-01 8.230193103284869638e-01 2.487548585566554671e-01 1.576770735072025587e-01 1.409183324037298519e-02 -2.361300269659545314e-01 -2.757892391823157374e-01 -4.489600319443007859e-01 -5.500654627340347824e-01 6.901718363583391191e-01 5.036982964816900249e-02 8.227841398610923063e-02 -5.480933133281772063e-02 -3.563060615925148777e-01 1.456830014165502729e-01 -3.505173716189001754e-01 5.066689527672628701e-01 -8.843168027738293469e-02 5.285446393120970532e-01 7.769395214903132563e-02 -3.897989290843781873e-01 2.614258233507811835e-01 -6.416110387751320365e-01 -3.736722072038180520e-01 1.261783295754286272e-01 3.167612326525543476e-01 1.799398492659898263e-01 6.173106317633549056e-02 -3.512556978888447534e-01 1.179123735389200622e-01 -2.314190023456848821e-01 3.046064579941750172e-01 4.796406057641245391e-01 -1.594049636134882708e-01 5.358462786994618865e-01 4.131559232418133831e-01 5.633492337121076554e-01 6.235773469294000337e-01 1.871262277676480068e-01 -3.883480568071605021e-01 -3.107954306961601132e-01 6.506138427659828860e-01 4.636443862257940696e-01
3.657138966796226465e-02 -5.798128018607991846e-02 3.376507179364274247e-01 -5.258291371982811713e-01 -3.253215915355695542e-01 5.582457159293015003e-01 3.631067267233332729e-01 4.948514827490785306e-01 5.355107908993966825e-01 6.714385954757726704e-01 1.000000000000000000e+00 6.866928101759436354e-01 6.249643936762160346e-01 1.064407548466344972e-01 -7.692723148916373599e-02 -2.223110100084934593e-01 5.161173317046272579e-01 3.227091394041079475e-01 1.958773215964493553e-01 2.840567280889046420e-01 7.893190194250755687e-02 6.391360722432856134e-01 1.000278211155541525e-01 5.852853468701384454e-01 3.939353056852115120e-01 6.218007962081036899e-01 3.042696410279443486e-01 3.321374221522743198e-01 4.632245483580524903e-01 3.172829428867687818e-02 -1.029841599704971189e-01 -4.532958960401395898e-01 -4.311559736430568002e-01 4.914263866515199974e-01 5.212981056174813554e-01 5.784755858712312682e-01 4.197573390511884495e-01 -2.046391618240558409e-03 4.951724140905440219e-01 6.072511910932356649e-01 5.741214276188072452e-01 4.225587788111906384e-01 6.119631295589709197e-01 4.263604089590737334e-01 -7.102897108841992047e-02 -1.226928521710086289e-02 8.268564590387364466e-02 7.543108393210619378e-02 4.780631739640057720e-01 5.414644121837614010e-01 -2.600326911023961851e-01 6.388006334796096641e-02 -3.763151838927409343e-01 -4.814125155048257776e-01 4.603771811927007129e-01 4.941473934547364610e-01 2.933905387277417343e-01 5.669539829108914963e-01 7.220326676923546350e-01 6.451574371022649190e-01 5.644576266880190207e-01 4.542750470155201836e-01 2.357877878740799737e-01 1.480892743989478122e-01 5.810867503640198932e-03 -1.243738727736645316e-01 3.303668210107718606e-01 4.237821754265130858e-01 3.918908112009747424e-01 3.372939783328292029e-01 8.114068050436727686e-02 5.448238115140563442e-01 6.867081908050259864e-02 5.661851243764408625e-01 3.842609181767033810e-01 6.917988532817069824e-01 4.390969472967718445e-01 7.424347014011996315e-02 -2.163408448810796858e-01 -4.701758523703113979e-01 -1.303575729485995441e-02 2.563835355705429975e-01 7.565256339559842114e-02 5.114288539625417851e-01 3.674241262507410011e-01 4.769649027197986335e-02 4.100612258050747028e-01 1.417827644650548891e-01 5.351482054491245588e-01 5.544406177990914841e-01 -3.229100344441750980e-01 2.089794948562534171e-01 4.244549756746296976e-01 2.701213829408002920e-01 4.601195018632247558e-01 1.022171072217524235e-01 1.510149161171882607e-03 8.602404440972596933e-02 5.533185944034462178e-01 4.992457984006397065e-01
-1.751587568857456423e-01 -3.433684312921400639e-02 7.272835116386681953e-02 -2.015036921204678977e-01 -1.030274530617241030e-01 3.045169050920762399e-01 3.316960291337244654e-02 1.784264950671457517e-01 1.775576571608023235e-01 2.904602950367911607e-01 6.866928101759436354e-01 1.000000000000000000e+00 6.300363555101899937e-01 3.120668434967708293e-01 2.214896815691708432e-01 -1.814812980819990318e-01 5.707631997359180476e-01 4.462513358880508263e-01 4.000087994657035573e-01 3.316226151054056936e-01 2.497782638991976334e-01 5.101180089658082784e-01 3.049979859985670338e-01 6.596532992560308895e-01 7.995681350296472700e-02 6.893901369174113558e-01 4.069734844829221432e-01 4.574888313792340733e-01 4.169915825943187881e-01 2.776437192349424654e-01 -2.479610954891784402e-01 -2.382182962388260383e-01 -3.081464110804120193e-01 3.377171325699449556e-01 4.448551415546034837e-01 4.461001201573573383e-01 3.665649929057192002e-01 -1.156297206385451942e-01 3.325561524671101776e-01 2.915004685742803581e-01 2.897227072414389482e-01 2.502665597336689585e-01 5.163252545708967300e-01 3.385422045072077335e-01 6.943135772890747515e-02 2.365091082829022251e-01 2.974357220228386889e-01 2.884344987848946884e-01 2.030121577325602888e-01 2.480975481925440373e-01 -2.572884959651175474e-01 -4.243018033957489388e-02 -2.002278659626650359e-01 -1.283574973046643919e-01 1.496491202049021196e-01 1.632110639721193746e-01 3.154976057671414480e-02 2.908639321909468611e-01 4.635500135585141068e-01 7.693630086752025754e-01 7.872937129340349394e-01 5.964277280316926388e-01 3.867514655172250571e-01 3.565104529840667502e-01 2.791790378149479057e-01 1.991544271393687615e-01 5.762526958690422640e-03 5.081456436136643218e-01 3.512843041374696940e-01 4.783197030658929982e-01 2.900815823293056983e-01 5.438982141856781860e-01 2.871544944254288412e-01 5.916682906500290162e-01 6.078053278922770364e-01 6.707979976689232293e-01 4.611604777579538794e-01 3.378924583353808964e-01 -3.823003063841688420e-01 -2.067329436062896320e-01 2.343940181384951416e-01 1.280176054405040009e-01 5.145012605054385089e-03 4.466326540858219785e-01 3.790120129092895418e-01 2.307094693368077210e-01 3.814391828458190692e-01 3.042752810618347681e-01 4.615054146840835703e-01 4.177449140982943954e-01 -3.107010871897485371e-01 3.945636664815725236e-04 4.286682549512288443e-01 1.000895173190604059e-01 3.100292099784888733e-01 1.556136705317389124e-01 2.456742985289515901e-01 2.936947525615062893e-01 2.250944593490723511e-01 2.208111759337667290e-01
-1.222058260617286674e-01 -8.727382769833333387e-02 6.172355229818653199e-02 -2.072039437572315013e-01 -1.195426954209235365e-01 3.832831962052209440e-01 1.256738547677771212e-01 2.563160680608470576e-01 2.786752671755394761e-01 2.625304954325730078e-01 6.249643936762160346e-01 6.300363555101899937e-01 1.000000000000000000e+00 5.574670495555505978e-01 3.646055596598594128e-01 -2.027530200861355492e-01 8.193224135457196633e-01 6.986643584603173807e-01 6.423668132572470935e-01 6.491023224291914140e-01 5.206002676847499844e-01 7.914009313096624920e-01 5.506327396688206477e-01 6.822067286840480804e-01 -6.892074375754229931e-02 5.756642398643522229e-01 6.133516597433212869e-01 5.761440533458210833e-01 6.875098702654877103e-01 3.979656021360029605e-01 -1.710676468565057173e-01 -2.095254095349358137e-01 -2.662058834699610466e-01 6.386624971803485096e-01 7.703038413431190223e-01 5.143602509024252090e-01 5.203790923157569637e-01 -1.103905016138622686e-01 3.551896949353671173e-01 3.316904998297926510e-01 4.655915189829793466e-01 2.373052971028190850e-01 4.525118006905834434e-01 3.541780107294426605e-01 1.634650610582188968e-01 4.698402965564199563e-01 5.360044785275172030e-01 4.860677437949494917e-01 3.513843173894880545e-01 3.783871613072970486e-01 -1.824703453990399182e-01 -4.824716680300562138e-02 -2.516869740864391969e-01 -1.285163617176743045e-01 1.787111710950446408e-01 2.379748539277386221e-01 3.320976381429049940e-02 3.599195507306815478e-01 3.908771973673075273e-01 6.853414572251580461e-01 5.593859327495218636e-01 8.203019625800811454e-01 5.814972619526759257e-01 5.624706122119064178e-01 4.344478390686979941e-01 3.522072537651350088e-01 2.588690934480208580e-02 7.788143806959401116e-01 6.656393955728946432e-01 6.683879844110306445e-01 5.400557646512276211e-01 7.847905674075875693e-01 5.278885273604286832e-01 4.999297303624239963e-01 5.896426673062673540e-01 4.064274025819887837e-01 7.124580077329718542e-01 4.946388327786711003e-01 -3.760195930230642580e-01 -2.262525150242552241e-01 3.308553241920241250e-01 3.532820562492240413e-01 -5.101914681284094866e-02 6.479961091449124577e-01 4.765235258807496987e-01 3.163763830394714649e-01 5.189980794853835677e-01 3.854146330931937925e-01 6.582170863275123018e-01 4.492916088075314951e-01 -3.465588576968217649e-01 -8.307374397936006377e-03 3.497588193695931325e-01 -3.566225430545767738e-02 1.565758440247477790e-01 1.701966084893843933e-01 4.827731105348572749e-01 5.414811346955324955e-01 3.855511476641751978e-01 3.298833383877416980e-01
-3.177206079278740991e-01 -1.484874747955978458e-01 -3.680194139853795732e-01 2.919934156895995780e-01 1.210808830038586498e-01 -6.409016257331592858e-02 -3.740957022909295882e-01 -2.219576943919065459e-01 -2.120547114117740384e-01 -3.330004543182010779e-01 1.064407548466344972e-01 3.120668434967708293e-01 5.574670495555505978e-01 1.000000000000000000e+00 8.597329029168261361e-01 -1.685508153985991187e-01 5.933249595195266846e-01 6.400071531289129867e-01 8.043375355360952161e-01 6.644302261869484694e-01 8.505870864223701311e-01 4.150828895836188304e-01 9.030735324920134977e-01 4.186426935986277686e-01 -5.454189897012031718e-01 2.926846735873332994e-01 6.565537190786205901e-01 5.720340664866329083e-01 5.769334108857521182e-01 7.635735785447169688e-01 -3.769937715468619777e-01 1.865657372703244943e-01 -5.230903678831106546e-02 4.540062689053486755e-01 5.180270252182320734e-01 2.327541878952066323e-01 4.091603603352965135e-01 -2.813388154899191251e-01 5.849551543208460908e-02 -1.450115252161156554e-01 1.594687139357769123e-01 -1.548387744274724309e-01 1.009328634321412649e-01 3.597058647420809524e-02 2.541518441981845400e-01 8.234025667196867015e-01 8.777175845753105721e-01 7.926377038111317441e-01 -1.137643112866412037e-02 6.177553623459508536e-02 -1.258001653813191900e-01 -2.557009402547964494e-01 -2.281208849952421833e-02 3.835227616819842367e-01 -3.594702743902383202e-01 -2.473297992883755625e-01 -3.917539259723597511e-01 -9.809812012640212187e-02 -1.747081117164653308e-01 4.451030975198929096e-01 3.242043889957934022e-01 5.368239530858148756e-01 6.544314069525494215e-01 8.359187172507424046e-01 8.468441117832825604e-01 8.655849580766528106e-01 -4.356013042910257815e-01 6.403071050133476438e-01 6.254655430792516180e-01 6.143680227412922079e-01 8.801979858215903674e-01 5.904199621829515632e-01 9.090263425522101537e-01 1.089457229735980165e-01 4.030222060653887439e-01 1.903823673406477082e-02 6.473688215976860505e-01 8.094284728127967288e-01 -5.161489495410077621e-01 1.614034282075849369e-01 4.273931669343732920e-01 1.545328120907230041e-01 -2.095825600614883433e-01 3.918847267901691134e-01 3.507150335068095481e-01 6.673183376837810155e-01 4.161947791980330491e-01 5.134176349704020481e-01 3.745706195250275705e-01 2.783247812832860199e-02 -3.115774182674974635e-01 -3.617849791214072241e-01 -8.463465920262022713e-03 -3.562633095450795651e-01 -2.758325400943836270e-01 2.559940446686870957e-02 8.287676405888618758e-01 8.775348883023537105e-01 -1.588746166987042852e-02 5.224026950820401943e-02
-3.531946697569498528e-01 -1.409110781876324880e-01 -4.993518921382987807e-01 4.426241853079981858e-01 2.309638860157181284e-01 -2.881546620627785105e-01 -5.774557078893194362e-01 -4.523449070558791529e-01 -4.631697117120060492e-01 -5.304859559972326943e-01 -7.692723148916373599e-02 2.214896815691708432e-01 3.646055596598594128e-01 8.597329029168261361e-01 1.000000000000000000e+00 -4.398752567254304163e-02 4.094268414767989750e-01 5.066059688775215175e-01 7.021363815825112376e-01 5.389737692042363415e-01 8.078633793368621419e-01 1.749546680682463329e-01 8.203982581555631093e-01 3.489169015685625319e-01 -6.460214965453311420e-01 2.136172527339073590e-01 5.665230552751477910e-01 6.000971020409070489e-01 3.974447159098885018e-01 8.232860173030122075e-01 -4.292037193444472321e-01 3.299493054026498839e-01 1.087955366997119810e-01 2.188338372899387985e-01 3.236820430601585752e-01 2.581116598716125601e-02 2.825195435521366538e-01 -3.269570907717186392e-01 -1.678519618158568205e-01 -3.890369674541401812e-01 -9.222441516238542858e-02 -3.562435793714561760e-01 -7.994408315569735690e-02 -1.548857446057716747e-01 2.192491164524375535e-01 7.997192115845070948e-01 7.984173464578896429e-01 7.298988955848948468e-01 -2.674849712169570792e-01 -1.766704070693647100e-01 -6.846928257534358464e-02 -3.561101660610176967e-01 7.718332753203663299e-02 5.026041639932324889e-01 -5.539683885060494584e-01 -4.517971641625223023e-01 -5.683078038539989274e-01 -3.626169074149508398e-01 -3.712040088146678629e-01 2.937453098794083894e-01 2.556482007387553268e-01 4.558086314467522104e-01 6.487020008914760050e-01 7.803271997648874025e-01 8.800299611810892264e-01 9.304046826750251853e-01 -6.180388497634557998e-01 4.639905029073270182e-01 4.209403185412953219e-01 5.266634952724086327e-01 8.369472104766325637e-01 4.214434531155067942e-01 8.237225492501211166e-01 -8.266474308135235427e-02 4.042180517857602573e-01 -1.056274953863700350e-01 4.638897500957549491e-01 8.513999511724292812e-01 -5.419983606556415534e-01 3.181615126070464483e-01 4.826977289090197409e-01 2.090339580696906271e-02 -3.011187353992104132e-01 2.563934392725462086e-01 3.398288573233672616e-01 7.183901884653230985e-01 2.869990141439156539e-01 5.391619007330793467e-01 1.475367856426782476e-01 -1.591364815832680413e-01 -1.731423508623491092e-01 -5.013931808245031263e-01 -1.286630315791997825e-01 -4.662390184520062153e-01 -4.287564033946177910e-01 -9.104976579027503070e-02 7.789741762902818722e-01 7.833795982460657337e-01 -2.607620608901082826e-01 -1.641371439372177887e-01
