1.000000000000000000e+00 3.193620113902456148e-01 5.694667179592177719e-01 1.481374564945429073e-01 2.162547947142471061e-01 4.539834496036562195e-01 2.564899413608085488e-01 3.738754915719017524e-01 3.443207219182696233e-01 4.823696574643553808e-02 -7.743588070996226813e-02 -1.781864417574790527e-01 2.953697487391987800e-02 -2.553685380395038784e-01 -2.118960886667588528e-01 3.595833370872738022e-01 -7.315318792860224517e-02 1.541102604309582957e-01 -3.099206388999326545e-01 1.507940750269342808e-02 -6.944917318360906144e-02 -4.001984610180301521e-02 -2.923458386528768327e-01 -5.015946280765837262e-02 7.127285479277598035e-02 -1.474079186560199595e-01 -6.132014194194145007e-02 -1.782790021129121993e-01 8.569239719717262893e-02 -2.977031768788312993e-01 7.377119514056504346e-02 -7.786517132834050448e-02 -1.253768106177259312e-01 -2.955214866341351887e-01 1.114365233204070611e-02 -1.306762300174794111e-01 -1.411492599073033427e-01 1.276226213288504385e-01 -8.218760356937759165e-03 1.243867022503949427e-01 -1.299803681101931452e-01 1.623311404056690345e-03 -1.824588334491326069e-01 -1.459370835498319530e-01 5.196640273264872822e-02 -1.250378512627685901e-01 -3.225823285998301593e-01 -3.206823944120061332e-01 1.743529227959076111e-01 -7.708035210260676118e-02 4.646404961903156106e-01 4.972689735773799247e-01 1.914209865997239801e-01 6.179034699834063879e-03 4.464208346002370154e-01 4.613797760428133832e-01 3.664502153667194562e-01 3.036270383556762265e-01 -5.385242391629475184e-02 -4.363217586916980778e-02 -4.830797388036946194e-02 -1.375760451752125191e-01 -1.182386726208672217e-01 -2.091269587604001612e-01 -2.401849670386374536e-01 -2.467163246234128082e-01 2.382468039559953732e-01 -2.747878684937041238e-01 -3.058494385406786975e-01 -9.131875528340778481e-02 -2.078227750986999800e-01 -1.520917778877082793e-01 -3.338249686100286384e-01 3.350251794125194138e-01 5.082623608532698539e-02 -9.538968443786630114e-02 -9.727333069634978846e-02 -2.193064671881949645e-01 5.348909913002544009e-02 -8.936541773925171794e-02 -1.713707954376819387e-01 -3.469656815809150086e-01 1.564120486768861423e-02 -1.010379056879043419e-01 -2.143400697036367542e-01 -2.698220320758334401e-01 -4.777721366735139530e-02 -1.368657469358286194e-01 3.423269994584948045e-02 6.019236508320273751e-03 -3.042441730233638730e-02 9.831496634544999169e-02 -7.076106523652081308e-03 -1.263218356570070533e-01 -1.543570884242131125e-01 -3.745774876437380635e-02 -1.207815320571926643e-01 -3.201481709335574632e-01 1.442363042162707054e-01 -8.161227346876763489e-02
3.193620113902456148e-01 1.000000000000000000e+00 5.541757589254203697e-01 5.248288747182429104e-01 6.512447855117335926e-01 5.836398806240219450e-01 4.479115726563030059e-02 4.412044345538558288e-01 4.910326279586087472e-01 -2.572699219415363614e-01 -2.084663870376984585e-01 -2.850004696722464037e-01 -2.912226396376636772e-03 -3.871098839726640206e-02 -2.970044112647663229e-02 2.328695628769804071e-01 -1.320271836592060155e-01 4.105830616769681057e-02 -2.824076208746644223e-01 -2.914654332135746193e-02 6.106896308807530788e-02 6.334665413344910123e-02 -1.622042540641102093e-01 -1.914641035087909504e-01 -3.131522613256068621e-01 -1.378629799665621047e-01 1.126918826344620039e-01 -1.542957151081943701e-01 -5.477035204419421384e-03 -1.124068873561555049e-01 -1.917254095346730969e-01 -4.516163200865256494e-02 8.599205709663020059e-02 -1.940481023194658150e-01 1.401292205990852524e-01 2.280407551656243176e-02 -3.250371885344283673e-01 -2.034517315995929276e-01 -1.749052639933010300e-01 -6.541400138079225823e-02 -8.297295721104784583e-02 -2.442236315376558886e-01 -2.360818386755737797e-01 -1.504618110648485163e-01 1.188319917502227291e-01 9.846780641462885009e-02 -4.171117812907716021e-02 -9.040580519347855837e-02 6.519308431038133012e-02 -1.864781575879571607e-01 1.941188164115515147e-01 5.721165197782468459e-01 6.446839894663893011e-02 4.748107263425137559e-01 5.621189443389639218e-01 4.917346751002678595e-01 2.778029605746393793e-01 4.644742857777112155e-01 -1.704821900834921633e-01 -1.066718388349201657e-01 -1.036115041550336908e-02 -5.029335656735847704e-02 -3.390717882525100951e-02 -1.315923331479267877e-01 -8.197931167116039031e-02 -6.347328640461315230e-02 -5.747737764448587056e-02 -1.831460215077838904e-01 -1.467773179324267929e-01 1.183409175304317440e-01 -1.278130621209272177e-01 -5.520330350235692213e-02 -8.549736657867591794e-02 3.986802950721372862e-02 -3.231831084458588327e-02 -8.605321993199191444e-02 -3.992588078078541936e-02 -7.510632491184715542e-02 -1.458349423290260238e-01 7.852207829342310041e-03 -1.377771391715462701e-01 -2.041619506471877843e-01 9.094760813213127737e-02 7.451557651489572331e-02 4.122470534284009003e-02 -1.107690099047852067e-01 -1.891498917405124158e-01 -6.263984169044119199e-02 1.850526254936058490e-01 -1.739225666603778919e-01 -1.075487065433870376e-01 -1.444942857273433523e-01 -1.766326954976535635e-01 -2.358743183422734035e-01 -1.648306672945392681e-01 -3.023096843640684511e-02 9.039771378730732110e-02 -5.138065072983390852e-02 -2.112938435616618094e-02 -1.680046048538464121e-01
5.694667179592177719e-01 5.541757589254203697e-01 1.000000000000000000e+00 3.448454129249550054e-02 2.629558577028166533e-01 6.336423907186536919e-01 3.786690812780097448e-01 5.396864667042116093e-01 5.496081724274920477e-01 4.987115576528822203e-02 1.570914102885747829e-02 -9.767361630409408801e-02 2.566888990809325019e-02 -2.690364278820497890e-01 -2.296171592441454412e-01 1.170875942881838550e-01 -8.683533975390071019e-03 6.768861404495965517e-02 -2.535188599861415981e-01 -8.491615118679180299e-03 -9.806719670524767420e-04 3.637744707092195173e-03 -3.638803153314192906e-01 1.383927294197848969e-02 -1.700104185715575755e-02 -4.684817999283839851e-02 -2.369403903160998554e-02 -1.548762159519234127e-01 5.761652484084577724e-02 -2.739156535471869436e-01 -3.018251126350674982e-02 -3.211480155260221792e-01 -3.093091874825655285e-01 -2.439814922564798871e-01 2.692914339325093789e-02 -1.495608141933133517e-01 -2.360886716511631511e-01 -9.891925866791648203e-02 -9.639162907040445261e-02 1.803442058601013864e-01 -1.550497857732419937e-01 5.633052922241198884e-02 -1.388986321035654559e-01 -1.389882466176014519e-01 1.448691029771617955e-01 -1.008847734771427251e-01 -3.345022561591973198e-01 -3.606867545906591865e-01 1.814852705203593708e-01 -1.618298193865871093e-01 2.563233581769274738e-01 6.368539976810900782e-01 -3.151919126590126824e-02 4.556474861547081534e-03 5.328042424929801957e-01 6.988166815020224742e-01 3.915393123040318279e-01 5.789206826706748688e-01 5.614640671758385632e-02 1.013539860413086580e-01 6.629754829490734636e-02 -8.001026719553683275e-02 -1.342830118439114762e-01 -1.606346826537541628e-01 -2.419509418666379308e-01 -2.310604121492591811e-01 1.084596004690279170e-01 -2.033250832356394144e-01 -2.997049580639529753e-01 2.108396502901340591e-02 -1.839712897046677509e-01 -1.326196864664716257e-01 -3.638218807229108842e-01 2.275119749304748418e-01 1.105852483909554457e-01 1.691013331332981429e-02 -3.144911332635076662e-02 -1.999085827837709661e-01 -3.182229201184310491e-02 -1.639823192737101254e-01 -1.503165010557776515e-01 -3.337497612769509958e-01 1.223906266479645594e-01 -3.912945822260970041e-02 -1.656382412551024030e-01 -3.749262966707206379e-01 -1.282684982817850483e-01 -1.323047195844340440e-01 9.142319481686790594e-02 -5.933590283852574476e-02 -1.458520978851934324e-01 2.178500902657846405e-01 -3.240510867966055891e-02 -9.044389831640854693e-02 -1.094149768994940874e-01 -4.315732845239582394e-02 -1.259602680738632352e-01 -3.140107404610194552e-01 1.043677790805896954e-01 -1.480804921153460740e-01
1.481374564945429073e-01 5.248288747182429104e-01 3.448454129249550054e-02 1.000000000000000000e+00 5.775730074925488067e-01 2.949643031720684538e-01 -1.573774963378786751e-01 2.473272649278452362e-01 3.672873941355189187e-01 -1.344382336380439136e-01 -1.214520553278758269e-01 -1.123121975892980851e-01 -6.613744332420012917e-02 2.207522676738453704e-01 2.309393938020064818e-01 3.161700411827352286e-01 -1.858325196997829831e-01 1.781465656145314325e-01 -3.977690137441162316e-02 -1.519622607149228276e-02 5.871636815199418602e-02 -9.472284093424884754e-02 1.303040798299984759e-01 -2.113700061171691624e-01 -1.299279723545148368e-01 -6.313145026923007441e-02 2.564987608188874085e-02 4.364161845372113019e-02 -3.132989468546217710e-02 1.027315041010204988e-01 -2.867360627490270764e-01 4.263243414141708598e-01 4.078089500867518313e-01 -9.384853132693382616e-03 -3.771466594953831741e-02 1.230373150179999292e-01 -1.587225269943333683e-01 1.114568590679371335e-01 -2.656095632605731671e-02 -1.840410735350991589e-01 -1.167862941662361764e-01 -4.695409088353035693e-02 -9.853133411781862805e-02 -5.697480757567087439e-02 3.551625421537618621e-02 9.958006348790668372e-02 8.649316219374909853e-02 1.034334465914802659e-01 -3.905724779348958287e-02 -1.963609348265841215e-01 2.245076849285386200e-01 3.942816885689353623e-01 3.194493967753049279e-01 7.253751023781974672e-01 3.822408849203259296e-01 1.937581564841294179e-01 1.605684413607670336e-01 2.957749984741219196e-01 -1.242523355677834368e-01 -1.144408704429942247e-01 -2.787734214140621600e-02 8.285898793771247217e-02 1.918649852713323889e-01 7.318702409954286336e-02 1.520541180085208388e-01 2.179808730905698766e-01 -1.517322601148301808e-01 1.269621740063693605e-02 -1.772011669903877235e-02 1.142381715108914536e-01 3.218930954589056814e-02 1.190861522908504833e-01 1.581467749174815252e-01 -6.525736879566253201e-02 3.772805249422312573e-02 -9.801918102345497097e-02 4.500465041087602092e-02 1.913697983225871591e-01 -2.136689480769089766e-01 3.342663065868450856e-01 -9.325785911753728397e-02 -2.149407626286125028e-01 -1.397935945976234717e-01 6.245332088994245273e-02 1.334227749427025211e-01 1.478317353667877310e-01 -2.056010107894415753e-02 1.172127882402232285e-01 1.549700192757348660e-01 -2.199358470984801861e-01 -3.546687603285673951e-02 -1.607669635741314496e-01 -1.393004739676362291e-01 -5.233784365794943300e-02 -1.508785928583629421e-01 1.375473809579229149e-02 1.267638240865793520e-01 9.260856498208276666e-02 -1.458916606561867779e-01 -2.180667921453965097e-01
2.162547947142471061e-01 6.512447855117335926e-01 2.629558577028166533e-01 5.775730074925488067e-01 1.000000000000000000e+00 6.229586795617592099e-01 -2.774210533052771654e-01 2.095035414506154492e-01 6.017874603603806660e-01 -2.583216169629956593e-01 -3.214026062697466490e-01 -2.830461257326525870e-01 -9.520993661678474329e-02 -7.807709884456551230e-02 -1.008921507726920075e-01 3.723122840697627028e-02 -2.266078251661046428e-01 -2.920580277093426727e-02 -2.398167080513494143e-01 -1.126172764928084075e-01 -1.647252825721935432e-01 -7.653125598348788083e-02 -1.744705887349692064e-01 -3.116329606191813317e-01 -2.636547383239644660e-01 -2.072628316728761244e-01 -4.169959057134237784e-02 -2.346086708600205462e-01 -1.357123508618528207e-01 -1.823358939808902290e-01 -1.766331634496284275e-01 3.572548504276906733e-02 1.512792716581396468e-01 -8.995248209569248199e-02 -1.881782079444747902e-02 3.670332438356267019e-02 -2.567985940145968704e-01 -1.325923696426860587e-01 -2.323060384268329781e-01 -2.407185908809162389e-01 -6.458240045292254483e-02 -2.449902562896022484e-01 -1.976383275698936903e-01 -2.323960483430907997e-01 1.640116560253784828e-02 -5.591136529770498326e-02 -6.464859148324149374e-02 -1.290605383625511859e-01 6.317453652959417743e-02 -1.743779882093358380e-01 1.074643956816303536e-01 3.916644120664796169e-01 -2.106361137430287633e-02 6.596508933288353083e-01 6.451075419509719744e-01 4.635394415192327644e-01 1.233455223430539038e-01 3.637525479044738663e-01 -2.631481184949366336e-01 -3.571976521474904409e-01 -1.713924283281131611e-01 -9.825196373199483746e-02 -3.105472303022809716e-02 -2.519362982499531722e-01 -1.268667226120014091e-01 -1.751852921568348154e-01 -1.070557342911789833e-01 -2.272667217835201425e-01 -1.097001264588800956e-01 1.620954467008751607e-02 -2.146338693832133271e-01 -5.502423817515788435e-02 -6.141397646621797601e-02 -8.883689026444273329e-02 -1.570767510945388634e-01 -2.691507826461619901e-01 -1.503822099241392818e-01 -1.159003373846985568e-01 -1.018420090009268253e-01 -2.366450634564286684e-02 -9.213931469646116645e-02 -1.241737976985711894e-01 -6.265512437175765892e-02 7.426500997400790373e-03 -1.094919299464567480e-03 -4.890075311948723080e-02 -1.516867149058810649e-01 -1.282522627408804461e-01 1.249791030056144475e-01 -1.243085052344258951e-01 -1.225008475998780599e-01 -3.340508634227734586e-01 -2.816252178050385746e-01 -2.554292736163006894e-01 -1.968934020120885475e-01 -1.770376384469702913e-01 -1.738545285660956369e-02 -9.348067829614824242e-02 -8.340919730818564803e-02 -1.687722949262914218e-01
4.539834496036562195e-01 5.836398806240219450e-01 6.336423907186536919e-01 2.949643031720684538e-01 6.229586795617592099e-01 1.000000000000000000e+00 1.045322664266971069e-01 4.833532757924457468e-01 8.020165017071899660e-01 -3.430212997886538523e-02 -2.048235070080318965e-02 -1.490676996072480553e-01 1.094113883655208619e-01 -2.011362768541930801e-01 -1.835585581364181651e-01 5.535746475618517903e-02 -4.395370287686155286e-02 1.067183412621617866e-01 -2.414573176957275080e-01 -5.364011935905025480e-03 -1.351981812533993854e-01 3.782948473970774300e-02 -2.739342690101740363e-01 -5.605088147266100440e-02 -4.313002520494526454e-02 -4.107360404635519713e-02 -7.498485376184504947e-02 -1.916088727056539931e-01 2.886052547415928274e-02 -2.504226298594958711e-01 -1.326240906291676069e-01 -1.947030294663890104e-01 -1.902130171939039605e-01 -1.263720662251225368e-01 3.290532604894524926e-02 -4.481422611354857893e-02 -2.240123225391827677e-01 -5.820313639444412573e-02 -1.202459782786372278e-01 2.165592584665096269e-04 -8.986450082836702768e-02 -7.683021827605951426e-02 -1.190416618655199543e-01 -2.083773456865130325e-01 7.298807244659277771e-02 -1.277433869608706474e-01 -2.218958967504241209e-01 -2.929403872781408680e-01 3.628619245700747120e-01 -4.611975343167854652e-02 2.341934071016840979e-01 6.203577341995425432e-01 -3.638440325571541678e-02 3.108220225296551842e-01 8.267975550241160043e-01 8.423859693490099998e-01 3.849541596296749968e-01 6.689559123880932656e-01 -6.655803296548822023e-02 2.094929626464643591e-02 -1.992465898930921575e-03 3.033027280792304110e-03 -3.551320220672714301e-02 -2.458380468258969109e-01 -2.559777357287839616e-01 -2.122647106966804031e-01 1.203600623482974086e-01 -2.194337391677197713e-01 -2.037222419710142118e-01 3.028934864564448298e-02 -2.406346893550991017e-01 -5.506993178595628174e-02 -2.438697199951171124e-01 9.106520817496591147e-02 5.627674299189923401e-02 -2.513079208700073550e-02 -1.439058918742676212e-02 -1.581429416642877450e-01 -4.125505014482284960e-02 -1.284070133552777937e-01 -9.654641105836483939e-02 -2.382772979374611633e-01 1.266952169182734150e-02 -7.873630795304533553e-03 -1.082596087033739912e-01 -2.168875697542662628e-01 -8.909853414830580520e-02 -1.280383528476710386e-01 2.027287400533209771e-01 6.188012649809562782e-02 -2.267801276568075508e-01 -5.916388232418879484e-02 -1.898394467713202804e-01 -2.220020521408170577e-01 -1.197758087034506008e-01 -1.073400517656309255e-01 -1.050197726351209809e-01 -2.339720308224457201e-01 2.147793502966574841e-01 -3.460129908719416364e-02
2.564899413608085488e-01 4.479115726563030059e-02 3.786690812780097448e-01 -1.573774963378786751e-01 -2.774210533052771654e-01 1.045322664266971069e-01 1.000000000000000000e+00 4.891590328746479588e-01 6.325579942146690449e-02 2.632745742873345840e-01 2.868000104604051526e-01 1.906115691023104186e-01 1.755306972587053135e-02 -8.472087483285627163e-02 4.484220573747044192e-02 2.823054588350493166e-01 2.251700207007641397e-01 2.955062778503524945e-01 8.118954662987211413e-02 2.598973403961891693e-01 2.240092964420781485e-01 7.392129722039793294e-02 -1.119935372640371574e-01 3.646097602449979158e-01 2.044675149774931866e-01 9.770957592973729400e-02 5.806520597987615412e-02 2.214423530292858044e-01 3.328183124965403694e-01 -4.441768226191938895e-02 -8.188000819979204814e-02 -1.459544506084353155e-01 -2.779410649620356888e-01 -9.824631263838332074e-02 1.084191773600361175e-01 -1.071686002993166853e-01 1.519489594899945360e-02 3.324919665288771087e-02 2.021988113618911898e-01 4.299407697590090227e-01 1.946143204558974799e-02 2.292614700240040715e-01 -5.759038889902547880e-04 1.704686463570224964e-01 1.472692942107430292e-01 3.894879387924176511e-02 -2.319877397599472424e-01 -1.864373628964050844e-01 1.876300599040814365e-01 5.181102879244325887e-02 1.520602748651578295e-01 2.681593420131659355e-01 1.802026567868429130e-01 -2.847402209461654121e-01 4.437330326901357813e-02 1.652300079681053024e-01 3.493506719988812570e-01 2.407171105467717509e-01 2.826097400183871233e-01 4.376755672357771632e-01 2.301743012796204912e-01 3.150692693446020820e-02 3.604629711539970166e-02 2.099282924469947353e-01 1.026748188874975209e-01 1.266843345965934231e-01 1.250060026432368021e-01 1.218634278618384997e-01 -8.919881437556707870e-02 1.359882148314537631e-01 1.281811259057610564e-01 2.372233810447592784e-03 -2.293832969234509134e-01 2.838891744689420182e-01 3.309976588387625873e-01 2.257927821457689499e-01 2.854146874901461461e-01 2.979636854594442177e-02 -1.085823213422795336e-01 -5.941954008623669820e-02 7.372498960351564490e-02 -2.626538841560709936e-01 1.497442962939319611e-01 5.076588000109987647e-02 -2.237971160426767067e-02 -1.842389066919558060e-01 4.113776557770502246e-02 1.296784978794225940e-01 6.289230224802538904e-02 -6.364801154420712814e-02 2.628442659377014379e-02 4.168824041942206238e-01 2.749275822247238543e-01 1.845538587575883682e-01 1.268390898484552942e-01 1.677835778423492630e-01 -1.796555271054709520e-03 -1.793607395059194087e-01 1.252446035200982244e-01 2.980737853482942276e-02
3.738754915719017524e-01 4.412044345538558288e-01 5.396864667042116093e-01 2.473272649278452362e-01 2.095035414506154492e-01 4.833532757924457468e-01 4.891590328746479588e-01 1.000000000000000000e+00 5.221474118193463188e-01 -8.550777140634734097e-02 1.444245082029077809e-01 -6.297729933782010570e-02 1.128117174329867911e-01 1.989121168665297298e-02 1.126256215625378310e-01 2.281638284042227793e-01 1.080856086660595961e-01 4.907490574678236017e-01 -1.291961974282324899e-01 3.060969244273448742e-01 3.370965541826560496e-01 1.553447172352052652e-01 -4.386589304610397089e-02 2.013338259476382119e-01 -1.138047025996221234e-01 4.081801243228960069e-02 2.434521419782821328e-01 8.131467154644365924e-02 3.556894263311706772e-01 1.392607930559131534e-02 -3.145583935659608810e-01 -1.567708375894566741e-01 -2.806984612891605946e-01 -2.710323026698100990e-01 2.715623723476317530e-01 -6.877907666985767776e-02 -2.392135513970338745e-01 -2.283840660534231515e-01 -1.575376445007569681e-01 8.257096724925079567e-02 -1.841484565592362010e-01 -7.719316938308540266e-02 -2.159738337412454023e-01 1.001306937080619422e-02 2.794591522227318214e-01 1.458398415364759726e-01 -1.417337829200839838e-01 -1.258153009234656283e-01 7.913284061221981247e-02 -1.798672152279542635e-01 1.969273956656097391e-01 6.317801117268133648e-01 2.214186634023442846e-01 2.068504554015062058e-01 4.270636633632516888e-01 5.113067640713594431e-01 6.282786460596817557e-01 7.169467081253827478e-01 9.814822416357604773e-02 3.024176324389337145e-01 2.752022223339536389e-01 6.964149926966176074e-02 1.153987189773804517e-01 1.078160022881261837e-01 1.370118774655360860e-01 1.548488010991753983e-01 4.116375820855674994e-02 -9.849055341135006317e-03 -6.722991430654520761e-02 3.708032456214147565e-01 1.731852881728953020e-01 1.920750829953062760e-02 -1.755417377131840151e-01 1.374454042566631007e-01 3.450815567246649507e-01 1.632050635900131053e-01 2.630163707265112394e-01 9.987346433882064722e-02 -2.925575886642116097e-01 -3.986252652430517622e-03 3.885114329087913793e-02 -4.467150517553759026e-01 1.588684399542922565e-01 1.253126311394657799e-01 9.159508027502241689e-02 -1.255180447511478337e-01 -1.337321767363416070e-01 9.843883252507466819e-02 2.912893849029058457e-01 -1.875653518909113360e-01 -8.519403899642963296e-02 7.274170739991348000e-02 -5.788810883088285619e-02 -7.882659567638794496e-02 -7.060583467626199705e-02 5.797583607092901548e-02 9.940643918754724084e-02 -9.666226073891448500e-02 -1.667117094096644617e-02 -1.271572914801265275e-01
3.443207219182696233e-01 4.910326279586087472e-01 5.496081724274920477e-01 3.672873941355189187e-01 6.017874603603806660e-01 8.020165017071899660e-01 6.325579942146690449e-02 5.221474118193463188e-01 1.000000000000000000e+00 4.392509272189084463e-02 4.008994364868221673e-03 -9.364212832251185559e-02 -2.043554550954008921e-03 -2.275836969896932460e-01 -2.173168980227750402e-01 1.862937834178595917e-02 -1.462998387584580062e-01 1.093834357152365516e-01 -2.241473243065595367e-01 -5.423390035901303613e-02 -1.276634957285747995e-01 -1.588631785490360326e-01 -3.230131765836901092e-01 -1.042987657685770647e-01 -9.756516785607028883e-03 -1.184999730889752106e-01 -1.507310829382887962e-01 -2.534269858985866986e-01 -1.040130588815623910e-02 -3.284818410912916375e-01 -1.161652859998107412e-01 -1.752139669077965312e-01 -1.710492551063996780e-01 -2.118812789114241091e-01 -1.393430902409071859e-01 -5.813343038099430538e-02 -2.689537690700661288e-01 -6.935083441436089291e-02 -1.363942198174849796e-01 -4.982880911266748120e-02 -2.463760415566044193e-01 -4.729929488601918031e-02 -2.094616879127413345e-01 -2.343589649581048484e-01 -1.401957410497286561e-04 -2.386021827281920582e-01 -3.400469298497676984e-01 -3.938173468002640343e-01 1.990394785539892353e-01 -1.959666321309681547e-01 1.831272599298076342e-01 6.231685202929616585e-01 6.075419560366762672e-02 4.313529755907601904e-01 7.242930653706730615e-01 7.863668842666176051e-01 4.429020070457035940e-01 7.873836962804621198e-01 -1.117153749341750525e-02 -4.054507096189296361e-02 -4.426307613388599793e-02 -3.949974894534252073e-02 -1.287293880443019824e-02 -2.147039149031653438e-01 -2.090605113310121110e-01 -2.171364187497807630e-01 8.057763419158109341e-02 -1.906509051198597982e-01 -2.645469706851728553e-01 1.979866897706814965e-03 -2.315589780489803740e-01 -1.399374895742253322e-01 -3.384068601667625242e-01 6.552488323761847255e-02 1.034193806987836195e-01 -1.541393605313923498e-01 -4.094569258585682714e-02 -1.929255453622774341e-01 8.506549934023648757e-03 -1.063769419088759216e-01 -9.085334415766825600e-02 -3.264567457986652932e-01 -1.335417256723625823e-01 -1.604865649878381428e-01 -1.800547536799209647e-01 -3.069166064592506182e-01 -1.229488417635635350e-01 -2.251796385726400895e-01 1.594801972682959590e-01 -5.611222286624490546e-02 -1.550930836932877810e-01 -2.343522412911590649e-02 -1.519976937516951399e-01 -2.420845129738772861e-01 -2.507714300150986619e-01 -1.921975993966173191e-01 -2.105634319341593563e-01 -3.170944126687656461e-01 2.892298906418171514e-02 -1.571776854940912793e-01
4.823696574643553808e-02 -2.572699219415363614e-01 4.987115576528822203e-02 -1.344382336380439136e-01 -2.583216169629956593e-01 -3.430212997886538523e-02 2.632745742873345840e-01 -8.550777140634734097e-02 4.392509272189084463e-02 1.000000000000000000e+00 5.404643349023701138e-01 6.583398110028557682e-01 1.516578620674322864e-01 -1.074753384456547806e-01 -8.727491642949671002e-02 1.115092823792192267e-01 1.714612149917381645e-01 2.448942529440514826e-02 2.513065351095615796e-01 -7.229889735556702113e-02 -9.334604369344783048e-02 -1.495596216179828457e-02 -1.076608967360233177e-01 3.407844658661501325e-01 6.278505643709723083e-01 3.635002394230540390e-01 -3.070679323404495453e-01 1.353575273091762732e-01 2.224943801386561337e-02 -1.570045147843319444e-01 1.393890087170553682e-01 -3.276123982650157307e-02 -1.743744056088308014e-01 1.451909983171625895e-01 -3.026067366754073840e-01 -2.177623376544000067e-01 1.721284910525310297e-01 3.933063893440099101e-01 3.886319115493804266e-01 3.111348847757196556e-01 -9.137916574518718804e-02 5.166033023071513464e-01 4.030055709273087650e-01 2.474705589690060978e-02 -6.697885293288154129e-02 -3.770196849056661748e-01 -2.801975604043766555e-01 -2.716774386567214483e-01 8.510122274834021339e-02 -9.246335449989874847e-03 8.174304519519991208e-02 9.903112184686833908e-03 -1.435054483179790813e-02 -3.598178142786499500e-01 -7.587827765595977353e-03 8.144875949348021060e-02 -3.222753229883523751e-02 2.111142872159547934e-02 6.802538857892630464e-01 3.703190448023134240e-01 9.357387398408266443e-02 1.670084672480105781e-01 1.375194501307022699e-01 1.476297099702329751e-01 -4.220560575881453225e-02 -5.962512362032204583e-02 7.361980309146867740e-02 1.751805950226622000e-01 -9.526978904948006643e-02 -1.671724227358539205e-01 -6.373505254704939227e-02 1.012474121185835962e-01 -2.132562389182751095e-01 1.494022919574174157e-01 3.092523450728605350e-01 2.211776155817788692e-01 8.662370761967362609e-02 -8.214026523779670297e-02 2.399946382462961603e-01 -2.047092622385034699e-01 1.181348302615069235e-01 -1.050580127345387554e-01 -8.193175807436588187e-02 -8.052369541745876824e-02 -2.644694036446487706e-01 -1.987124139715370219e-01 1.917506779098583358e-01 -8.248579204444564383e-02 -1.785326571223035952e-01 -2.479797597395342994e-03 -8.863196089446699621e-02 3.969222840097851313e-01 3.019918841047088964e-01 3.838357954123908233e-01 2.177728842258712938e-01 -9.859530419376049543e-03 -3.801417358682178671e-01 -3.354397898659530752e-01 7.852010502861478392e-02 -7.165909141173393282e-02
-7.743588070996226813e-02 -2.084663870376984585e-01 1.570914102885747829e-02 -1.214520553278758269e-01 -3.214026062697466490e-01 -2.048235070080318965e-02 2.868000104604051526e-01 1.444245082029077809e-01 4.008994364868221673e-03 5.404643349023701138e-01 1.000000000000000000e+00 6.783661227304087493e-01 4.515818040927346289e-01 1.878609059812514637e-01 2.556166420512663850e-01 -7.005915343983661059e-02 4.003335540361976363e-01 2.450528994789113180e-01 3.702914852070293139e-01 1.455660432196962673e-01 1.683585690651523692e-01 3.060826831400500492e-01 2.026140747348567361e-01 6.139978014245511817e-01 4.785199610675003878e-01 6.881581362732845930e-01 2.196633616529517982e-02 3.489622587413764854e-01 3.628368499372790490e-01 2.166065103625888777e-01 -1.435586380208998536e-01 6.643547635975102783e-02 -1.885104713250491115e-01 1.683924086099040374e-01 7.193259781894104088e-02 -1.866771853118250890e-01 2.069375457370148108e-01 2.021438017995785819e-01 3.603249103097727057e-01 3.363584101811047389e-01 5.061445331159626984e-03 4.032442577462883038e-01 3.748815117180461787e-01 6.943685704395827218e-02 9.644007771277303409e-02 -1.156403812394018148e-02 -5.877533859888854455e-03 4.895973595883871404e-02 1.395591856272104109e-02 2.720411278232831229e-02 -1.044254228224988923e-01 8.823572931245115755e-03 -1.024880254554412645e-01 -2.683099040153034132e-01 4.265628479579013088e-02 5.682999200134997153e-02 4.737010602218666433e-02 1.514922415874037642e-01 5.053796321511182521e-01 6.734793461940100645e-01 4.493458936053377206e-01 4.554562623219139961e-01 3.105161025629871174e-01 3.366607522246866102e-01 2.004978644757489659e-01 2.870477855129829892e-01 5.913236758471635685e-02 3.757760474202196388e-01 2.201360566319249257e-01 1.137907654034638200e-01 2.240559117053652072e-01 2.661760289848354999e-01 5.863295860460607939e-02 1.269703584310285516e-01 4.874038271744453032e-01 5.170517300148740336e-01 4.320915327099322245e-01 2.725961210839071835e-01 -3.049836719667126800e-02 -3.237301064658300309e-02 3.193742667326757712e-01 -6.227172458035264146e-02 5.435999007958573076e-02 1.709952747380531490e-01 4.465780662845353355e-02 3.760247831074605383e-03 2.746271547220415776e-01 2.605975114635483703e-01 4.657137380770527690e-02 1.177738150663084765e-01 -1.536113748172298621e-01 1.992257703723290807e-01 1.557430022950880011e-01 2.705621863116736692e-01 2.377434751521355916e-01 1.316649671494481977e-01 -2.826865766848280642e-03 4.473656078177100370e-02 1.086815408966539387e-01 1.902565453053519859e-02
-1.781864417574790527e-01 -2.850004696722464037e-01 -9.767361630409408801e-02 -1.123121975892980851e-01 -2.830461257326525870e-01 -1.490676996072480553e-01 1.906115691023104186e-01 -6.297729933782010570e-02 -9.364212832251185559e-02 6.583398110028557682e-01 6.783661227304087493e-01 1.000000000000000000e+00 3.203369441608875379e-01 1.186992503574814672e-01 1.775361867247781389e-01 -8.076845434360130360e-02 4.232925367319658738e-01 1.085507519601436599e-01 4.824814614270580004e-01 1.012550909754378475e-01 6.080155481169722403e-02 2.081018147107259464e-01 1.607612797147799921e-01 5.871696149345664306e-01 4.886527163405448015e-01 7.045294863774567151e-01 -5.383571466473973527e-02 3.897893248165647528e-01 2.079046062624042013e-01 1.282808472495140240e-01 -1.936236157133545133e-01 4.178947673725267459e-02 -1.073858513359246536e-01 2.685428887780435536e-01 -7.689783872372911444e-02 -7.422504416725880794e-02 2.950633741161923229e-01 1.909724236697393218e-01 3.437934617306591667e-01 1.738836890631471899e-01 -7.629896267672750879e-03 4.588986827808606561e-01 5.701853283769624525e-01 1.761122694828550495e-01 1.174037825261248918e-01 -9.821247173567261568e-02 -3.326950351142751033e-02 3.402494453392657797e-02 3.306344642057772176e-02 5.649528179240399794e-02 -1.820490231371000578e-01 -9.355154214107533339e-02 -1.492913351707605418e-01 -2.333454146063843326e-01 -1.055167273858890337e-01 -6.468616684961910057e-02 -1.977886453931842758e-01 5.412845612198893038e-04 6.528211811017843313e-01 5.479303388310670098e-01 3.713851021293908539e-01 4.000394760524491611e-01 3.059202926307254544e-01 3.818315150127228330e-01 2.489754919441634629e-01 2.310144117211595793e-01 -1.884067935694727358e-01 4.633792092336885826e-01 1.946547006843263317e-01 1.768028714681805016e-02 1.741585817047446860e-01 3.386872396042910349e-01 6.517593930481105358e-02 -1.266583670897104552e-01 4.596686624073386129e-01 4.769842851570080255e-01 3.665066106688238956e-01 2.357820953121372021e-01 -9.505625805424164354e-02 -7.612255817421197113e-02 3.422090034416127025e-01 4.935183324294611928e-02 5.758234887898108778e-02 1.684952540462256454e-01 4.730990806193821618e-02 4.960629955561300652e-02 3.614336577484482671e-01 2.457449963755631850e-01 1.812781341108742061e-02 1.277156346678725435e-02 -2.206313792121218642e-01 1.961649171207226205e-01 1.528189055508482885e-01 4.554391170664527921e-01 4.483127736468372482e-01 1.908074297453555834e-01 -8.335224674419751401e-02 3.785043226495104444e-03 3.307067044149182566e-02 1.175631858618745966e-02
2.953697487391987800e-02 -2.912226396376636772e-03 2.566888990809325019e-02 -6.613744332420012917e-02 -9.520993661678474329e-02 1.094113883655208619e-01 1.755306972587053135e-02 1.128117174329867911e-01 -2.043554550954008921e-03 1.516578620674322864e-01 4.515818040927346289e-01 3.203369441608875379e-01 1.000000000000000000e+00 2.949200737845563136e-01 2.826739906228709076e-01 -1.549590079161761447e-01 5.154433771164981248e-01 1.818816241717693127e-01 2.516666771743492625e-01 2.469524697901839538e-01 2.711014890622032714e-01 5.552231397924789480e-01 2.593903971383224594e-01 3.540674027608152752e-01 3.408262338250778178e-02 3.570570767244252708e-01 3.048327678780968775e-01 1.971576120107573771e-01 3.784195170037708000e-01 2.468481541890403808e-01 -2.009224378182244697e-01 -4.871698364991299685e-02 -1.184468067835069416e-01 1.152837705831261522e-01 3.863222600540572316e-01 -4.768598238221306851e-02 1.274411229976091242e-01 -9.592480754448008684e-02 6.136038951126870228e-02 8.547289232679078363e-02 9.560294365659267879e-02 -9.184951692062698347e-02 6.210225803220083274e-02 -3.510098853555466969e-02 1.030849817717985478e-01 2.552805157330013119e-01 2.634659289445061559e-01 2.214549332552367966e-01 -3.132117128898387337e-02 7.316874735305060884e-02 -1.815441436743338299e-01 2.372266102569395643e-02 -2.076016020512856108e-01 -9.652455274578480848e-02 1.717631091278450373e-01 9.191935792827639340e-02 4.533429699161378029e-02 1.036766749262933163e-01 1.048011621903782581e-01 4.427474152725390244e-01 3.873355958159666046e-01 7.185453677512553261e-01 4.001673605282035084e-01 2.196505216508023717e-01 1.658873637531354805e-01 2.415008831264229827e-01 7.315537463527285733e-02 3.063503801392762904e-01 3.334230693103515941e-01 2.166601457069849135e-01 2.807343167643850390e-01 3.382451242278510239e-01 2.036413314003070463e-01 3.242940951629385248e-03 3.213756386685668320e-01 2.493472154223295989e-01 3.831977044682232658e-01 2.592441443926771782e-01 -5.524859612416235799e-02 -7.504708119318430348e-02 3.256649427362646176e-01 1.331007145190985785e-01 1.379699441468136001e-01 2.821719284258795146e-01 2.223445991318323267e-01 2.080862147532547002e-01 1.927226845627224572e-01 1.957686261169614972e-01 1.921673806956586128e-01 2.096987605906565910e-01 -2.515251090217517915e-01 -1.803624249889459741e-01 -6.856007073670480900e-02 -1.480942744393516919e-01 1.142601364119604085e-01 1.360451064863486270e-01 2.476141475664615788e-01 2.264579722661907990e-01 1.106231989871338806e-01 1.171795090197685213e-01
-2.553685380395038784e-01 -3.871098839726640206e-02 -2.690364278820497890e-01 2.207522676738453704e-01 -7.807709884456551230e-02 -2.011362768541930801e-01 -8.472087483285627163e-02 1.989121168665297298e-02 -2.275836969896932460e-01 -1.074753384456547806e-01 1.878609059812514637e-01 1.186992503574814672e-01 2.949200737845563136e-01 1.000000000000000000e+00 8.370717105682538017e-01 -9.454755231195616227e-02 3.683251797637639435e-01 2.158595298362252779e-01 5.434059416655017127e-01 4.565579676780759377e-01 5.835715363542999246e-01 2.975602282987121483e-01 7.332320631184657822e-01 1.989751585696336589e-01 -1.776170072415749479e-01 2.207332595246408735e-01 5.610410388841582385e-01 4.880637428551625745e-01 4.708810710064736393e-01 6.644941510143929086e-01 -4.672102267978222034e-01 3.144918852451649705e-01 1.314383850672914411e-01 1.667150084290508760e-01 4.219591171672992802e-01 1.609071865579317639e-01 2.055467110888717641e-01 -6.981386448278652235e-02 2.545400986060978449e-02 -7.121197271961061948e-02 7.190614666241401665e-02 -4.150258305446050122e-02 3.950113332715868286e-02 1.664909903203508623e-01 1.228254942245869535e-01 5.506750088394606335e-01 6.679850217073296514e-01 6.354844079792461020e-01 -1.213462238203976001e-01 8.487984509650647880e-02 -3.347715543240175062e-01 -1.287840527822065040e-01 -8.676069424781811257e-02 1.410237485382089817e-01 -1.356838141709749146e-01 -2.311917157966444647e-01 -1.422086000912324288e-01 -8.749656994949436828e-02 -4.588727477330729887e-02 2.760867499830694238e-01 2.990372294510132978e-01 4.924537077504178018e-01 6.116583578676129118e-01 6.057585073254641017e-01 6.617942728526561291e-01 7.692780083698876892e-01 -2.386702311228363904e-01 5.978277098944466683e-01 5.357266767184298839e-01 4.135990487407971705e-01 6.796019446185410651e-01 5.417395011179491071e-01 5.920545140163019360e-01 -1.513430037100444714e-01 2.193055483323903543e-01 2.569588772521819720e-01 5.482749149053453008e-01 6.999037980588430630e-01 -3.695401138106098604e-01 2.425774122851182546e-01 3.924203957275252397e-01 9.110608015157911632e-02 7.272457851422081676e-02 4.407471438756454529e-01 6.672540938532514065e-01 6.056098631390711695e-01 2.308177893038306783e-01 4.948463572962612522e-01 2.334560291791603071e-01 -6.384143250323155716e-02 -2.552029666654086482e-01 -2.217851845679997547e-01 -3.829419691144391596e-02 8.195760800973389548e-02 1.464271064128760957e-01 1.747151330262778079e-01 5.844665466812962729e-01 5.899542412911497058e-01 -6.176939261511682489e-02 6.195371391931537436e-02
-2.118960886667588528e-01 -2.970044112647663229e-02 -2.296171592441454412e-01 2.309393938020064818e-01 -1.008921507726920075e-01 -1.835585581364181651e-01 4.484220573747044192e-02 1.126256215625378310e-01 -2.173168980227750402e-01 -8.727491642949671002e-02 2.556166420512663850e-01 1.775361867247781389e-01 2.826739906228709076e-01 8.370717105682538017e-01 1.000000000000000000e+00 -5.907362741085359081e-02 3.277088696416138869e-01 2.253292215064472415e-01 4.648170653940638108e-01 4.607174517532359737e-01 6.064025220279775086e-01 2.527362622204866738e-01 7.261213834668645006e-01 2.287288395714177636e-01 -1.797917258328752821e-01 2.627552763333995678e-01 5.779750169457629205e-01 5.580372885056800181e-01 5.724822548227896934e-01 7.336227536700661300e-01 -5.046445451123310333e-01 3.252097007254355909e-01 1.420851142642786946e-01 7.945216822139597457e-02 4.331430954369870912e-01 1.598650521638358413e-01 1.931918103685273391e-01 -1.068101818220073967e-01 4.189950341322910138e-02 -5.376230809171275715e-02 5.229597966087778244e-02 -2.872867299703336930e-02 1.834158482047621927e-02 1.737846098245344473e-01 1.821613183053489848e-01 5.976151154093817253e-01 6.050355781530233346e-01 6.356214182405774960e-01 -1.607397323649103482e-01 1.631495644656735453e-02 -3.029718359881906076e-01 -3.920064705050069903e-02 9.128269538023193325e-03 1.615910789483669951e-01 -1.042869381510316690e-01 -2.235154199711299472e-01 -8.198085318624825923e-02 -5.211805661168780052e-02 2.791808180819637525e-02 3.511479809585327794e-01 4.035152731384079594e-01 4.696273186921743892e-01 6.184261749888888549e-01 6.484713076476449345e-01 7.575415251478150314e-01 8.652512688790375828e-01 -2.660202016038920592e-01 5.674587698674399272e-01 5.243980198549589300e-01 3.924404292487980728e-01 6.839472526912527828e-01 4.886874365461039704e-01 5.784378334604574068e-01 -1.355499649676244756e-01 2.946600432732568442e-01 3.083294819346139581e-01 6.177466214033663361e-01 7.599803370825897186e-01 -4.160178812117842906e-01 3.073666519442410650e-01 4.034322518302540517e-01 4.764283252285506955e-03 1.043071020864062698e-01 4.338480703066590616e-01 6.469566907401240741e-01 5.888928439919766111e-01 2.244657272475945875e-01 5.340596434906978995e-01 2.191261611651128260e-01 -1.907040761100581017e-01 -1.971131643249932619e-01 -1.969250176545652986e-01 2.077204993672563532e-02 1.120972576421769146e-01 1.367844917491757573e-01 2.317057763923558722e-01 6.041559607197177773e-01 5.839507021366793227e-01 -9.860611172734400076e-02 -1.985308608645086278e-02
