1.000000000000000000e+00 2.082799611546255758e-01 3.185396285458777510e-01 1.379527614195376339e-01 2.088405045626809398e-01 2.100335279893112417e-01 -1.569787023137893082e-03 4.933242238595238888e-02 -7.183033715525652396e-02 3.317067608756498615e-02 -1.258986248945343223e-01 -1.499632880203722318e-01 -2.002752850074046576e-02 -6.443110462026063745e-02 2.444391731818711805e-02 3.750574947110374424e-01 1.820510304487349407e-02 1.321815273120571232e-01 -8.676954249394386309e-02 1.869670610700422189e-02 -1.786473593280142949e-02 1.206578686502745440e-01 1.361497099244967368e-01 4.729135956222407788e-02 -3.047002426548728882e-01 -2.617442870556668244e-01 7.135977226780099159e-02 -1.192374657025957740e-01 -2.403070333198457573e-02 8.222303873432618149e-03 8.756692393353700254e-02 -2.166824090794732260e-01 2.955710258130551105e-01 2.270908654439330598e-01 -2.573926767500437501e-02 -1.835271857492015157e-01 -5.462135451815275378e-02 -2.029904060186205339e-01 -1.430986142913260595e-01 -4.619399799965385328e-02 1.552674239153867541e-01 1.341969646374240599e-01 -1.304735415601163129e-01 9.346508011323843845e-02 -4.303784654747072613e-02 8.219569556028870350e-02 1.945977657964574614e-01 1.526670237162281174e-01 8.280030643227467846e-02 2.167333727503015506e-01 3.822706569532812182e-01 2.009381945731150976e-01 -5.056724393086174142e-03 8.006263519153011821e-02 8.543881799125127574e-02 3.758037800578372112e-01 -4.394318358760810478e-02 -2.111986024155836916e-01 -2.178811907353077337e-01 -2.885374753524162506e-01 -1.917434366911927252e-03 -1.333525072476600959e-01 -9.456302312888610617e-02 -1.059267216542876255e-01 -5.699658707653751377e-02 2.543379365759116523e-02 -1.734792083573575561e-01 -1.731748232613591898e-01 5.956902081050167996e-02 1.744753305326540160e-01 -3.234376657079949396e-02 -8.362954866115723807e-02 1.898401229237375587e-01 -2.304794612264695897e-01 -2.278099680371100666e-01 -6.741961536421976764e-02 -8.472522143466776345e-02 1.232690590804243341e-01 -1.524918770565834858e-01 -1.932071662666861589e-01 -1.472324093159517455e-01 1.494036213631002863e-01 -1.490599778997722946e-01 -4.957804772566748452e-02 6.147881437713346997e-02 1.337561662321137546e-01 -1.527482740370781321e-02 3.432028465355557723e-02 2.111145352851319032e-02 -1.177643962285689627e-01 -2.467829569896972386e-01 -4.145220103773402665e-01 -4.189638275360661468e-01 -2.997285284599280480e-03 -2.576257037290054508e-01 5.568117116820254370e-02 -1.375452570981222254e-03 2.333871657070177852e-01 2.483362574514421939e-01 1.504024904350954317e-01
2.082799611546255758e-01 1.000000000000000000e+00 3.921748463496554926e-01 2.898244787793409216e-01 4.618478623350424361e-01 1.310564232503876048e-01 1.583708709975781559e-01 3.070377340373760533e-01 1.853111076550413294e-01 1.290324848090951826e-01 1.504977737223841816e-01 8.164726377554003267e-02 -3.065645635339000336e-02 -4.176139107655896937e-02 -9.013771710707841819e-03 5.090516519623508040e-01 7.438279577762221817e-02 1.590354953863752918e-01 -4.883920599490308018e-02 -5.737291251592228913e-02 4.877537290767157419e-02 -1.226159842285830803e-01 -5.406279047186111214e-02 1.130942530188375345e-01 -1.602384368452355315e-03 -1.028597071107332228e-01 -1.418553036383669863e-02 -2.322748456454139798e-01 -4.185433031932527664e-02 -1.533058992530925320e-02 5.174321693454050908e-02 -1.078525810850779849e-03 2.746555463750487425e-01 1.011267507239773517e-01 -8.468829136934580282e-02 1.452856653219152493e-02 -1.432066659130071251e-01 1.338089815158402529e-01 6.506803034792971174e-02 7.917504847682170499e-02 9.847338648796837013e-02 -6.525823444865609668e-02 -2.343387081113076920e-02 5.648662815454597551e-03 2.389000272725918389e-02 -1.386063714938607846e-02 -4.868054987691342733e-02 -5.584480668421021310e-02 -5.314154835197567456e-02 1.137487463619237943e-01 1.201818083815415217e-01 5.453117547421281186e-01 1.725966304356985892e-01 2.212792422803203651e-01 4.407582692476448849e-01 2.512185941946908918e-01 1.960939922358859167e-01 6.047544518864000906e-02 -6.272547208486413395e-02 -9.364406919645153204e-02 -1.750718562361830433e-02 -9.502482629298561467e-02 -1.153200046664456663e-01 -1.228636428251639601e-01 -2.108361460544457694e-02 -4.384428350805782103e-03 -3.234456858589469103e-02 -1.479411233886366306e-01 -6.867986698782253818e-02 1.001662658949991347e-01 -2.584246245505079920e-03 -1.509643881636774931e-01 -8.629395037827354564e-02 -6.215525243332027661e-02 -1.378073272647626080e-01 -9.940944857299013893e-02 -1.179156362060614777e-01 -5.580767893307324312e-02 -7.008192149421753336e-02 -1.408999360638599208e-01 -2.138819539515156021e-01 -1.871821955402042381e-01 -9.334541545989616385e-02 -1.600648067731911817e-01 -1.191816726983016689e-01 -1.514418060388539877e-01 -8.728225931996103082e-02 -1.874072660845287064e-01 8.619018000149479553e-02 -3.305098747256041570e-03 -1.723168255781043490e-01 -2.851997932111703382e-01 -2.166350159739426628e-01 -1.644507022238942129e-01 -1.812244070136441176e-01 -2.070397515319563342e-01 -7.513461613463497113e-02 -9.181898712251902739e-02 -2.361775093079392790e-02 1.061304811652727109e-01
3.185396285458777510e-01 3.921748463496554926e-01 1.000000000000000000e+00 -2.853117586410783835e-01 1.328380584213318116e-01 3.538552142188183813e-01 4.706513339586252398e-01 3.945244134864425711e-01 2.138303301767510711e-01 1.306417057818745342e-01 2.971052179604048993e-01 2.394289539599551292e-02 -8.140475534688790260e-02 -2.781138213635978573e-01 -3.387888192375195784e-01 2.957538146966682269e-01 7.021911751584411499e-02 2.031062323786965995e-01 -1.631240324452440382e-01 7.018612100011301091e-02 -5.155114426982407988e-02 5.905680745481686755e-02 -3.256934258945521354e-01 2.904790887415609202e-01 -1.704217358290449347e-01 -1.208546547186844511e-01 -4.171286486809725608e-02 -4.297759480788175823e-01 -1.618103855812134118e-01 -3.152006903232627000e-01 2.893296606734171439e-01 -2.193920975787713723e-01 -3.101984849110839618e-02 8.662286590923787277e-02 -3.565105967522989860e-02 -9.482179261178297347e-02 -2.172167566998460531e-01 -4.173533097209749382e-02 -7.280973587904875088e-02 3.714457204116700662e-01 1.165992515669705964e-01 7.947922851882376072e-02 -6.253704911882507211e-02 1.745903409263491884e-02 -9.193378980842321913e-02 -2.446462528794295654e-01 -2.407606863812328801e-01 -3.458047883690721913e-01 2.467800310075626280e-01 2.100119872678560262e-01 3.544362477009893597e-01 5.668406650395806379e-01 6.318424017173564222e-02 -2.621471740329360256e-01 5.523178456045035878e-01 6.845578474446305517e-01 1.761134523672239494e-01 1.352014727262993155e-01 3.056220965908438281e-01 -2.190256582524840179e-01 -1.969775722663513057e-02 -1.052708922691424492e-01 -1.968368743229076401e-01 -2.865598435665703270e-01 -2.879180936373609834e-01 -3.000515935211547913e-01 1.443288980499863039e-01 -2.084425434434561408e-01 5.745249508152583395e-02 1.778051493236618152e-01 -7.924008683015563992e-02 -3.283016497001553513e-02 -1.840025825263373604e-01 2.259883223631637683e-01 1.419631600114555359e-01 -3.335291219388148432e-01 -1.714734475068758757e-01 -1.660005349080334869e-01 1.238153015924436939e-01 -1.823844336811125122e-01 4.976477167297097687e-02 1.531669708494065030e-01 3.211298679896262137e-02 -3.872006691924402555e-02 2.658936823045512238e-02 -5.197703918906892984e-02 -1.129225181826291197e-01 -1.169819982620327325e-01 5.311728343602602903e-02 3.122576881008127248e-01 3.422046434656748903e-02 -1.088023652937231134e-01 -5.403819680331295450e-02 1.576956768474136739e-01 1.137210307491671492e-02 -8.283926796146839910e-02 -2.120571945921324586e-01 -2.512243807917547422e-01 2.424658507318770417e-01 2.837983064891027585e-01
1.379527614195376339e-01 2.898244787793409216e-01 -2.853117586410783835e-01 1.000000000000000000e+00 2.403878139745407039e-01 -2.346016019910531769e-01 -2.101840493306268709e-01 -4.862624277654369054e-02 -3.624006516545386775e-02 -2.716417964970251897e-01 -8.938101462878153547e-02 -9.377543725532279384e-02 1.226633052680540931e-01 4.545717754665541954e-01 5.120577545634268368e-01 2.946362586087999946e-01 -1.682648913046956851e-01 -5.138867241880618053e-02 2.518797316034127043e-01 -1.523286991776632016e-01 1.206139547352707841e-01 -3.795412383166655440e-02 5.206145710824010564e-01 -3.308215098296991563e-01 -2.578786916851818489e-01 -5.537051534088173466e-02 1.359550259048629695e-01 1.459663030148729557e-01 1.283698689618272548e-01 3.389190745507076885e-01 -6.232274635370658317e-02 2.937005410824686247e-02 1.629603344239628215e-01 6.392012893850157473e-02 1.078673378615924161e-01 -7.533393698816875927e-02 1.117016195289032010e-01 -5.123497366972198930e-02 -1.141471315266124054e-01 -3.774562164788006768e-01 -5.522358789538445167e-02 -5.976321496970764952e-02 1.161042597075232913e-01 -4.089673189874086512e-02 1.285309583191609484e-01 3.388106761718379656e-01 4.165391070983742172e-01 4.507203312814511142e-01 -3.207231312125747302e-01 -1.051622139460420269e-01 1.748161129354171284e-01 2.114824730202704076e-02 4.372206759239900542e-01 8.183506815942817036e-01 -2.030003478617338208e-01 -2.610721823023353094e-01 9.604603626846960895e-02 4.094142645350579146e-02 -2.417332421520073105e-01 -1.307797248905641363e-01 3.582233957931843515e-02 1.369024605807536710e-01 2.126465981484998158e-01 3.143928243291930769e-01 3.177703487725541676e-01 4.462733910688295169e-01 -7.904247874096871629e-02 1.627672311585756926e-01 -9.322786207464480931e-03 -3.975097636553465846e-02 1.338971272580743721e-01 -3.536321425852449740e-02 2.691741618464240648e-01 -4.345453080175471494e-01 -1.708452187781268616e-01 -7.866214568564312837e-02 1.862233218347241204e-01 2.024171580658734315e-01 -7.628143252763416871e-02 1.605829497293851382e-01 -2.671994210366057110e-01 -8.232250510950664402e-02 3.018205951792682362e-02 -8.963039927275402718e-02 -7.170466661935150088e-02 1.241966407380183483e-02 1.872627963829550657e-01 1.349931584921315875e-01 -1.163728024437015313e-01 -3.506367947574880461e-01 -1.515900830966744953e-02 -3.255418642915571259e-01 -2.863411884904825677e-01 -1.384134583395715268e-01 -8.293004526262405529e-02 -4.721115160381160404e-04 3.242561149426962941e-01 3.832232826418084382e-01 -1.174426480112623072e-01 -1.673704395445823889e-01
2.088405045626809398e-01 4.618478623350424361e-01 1.328380584213318116e-01 2.403878139745407039e-01 1.000000000000000000e+00 2.515819979807499829e-01 -7.433619534218669986e-03 3.602951601648581859e-01 3.869653033270730735e-01 2.705127019707219693e-01 1.052692448869630010e-01 1.962530441770601042e-01 6.027538082450181051e-02 1.551199619044925371e-01 1.823317782259413211e-01 4.058110750500530939e-01 7.344720129954819543e-02 1.215326590174576615e-01 8.011904807267195006e-02 -5.178350020732993414e-02 7.003434734693483876e-02 1.345723275152611309e-01 1.392584783163739182e-01 9.251616014470011307e-02 1.067442317804444124e-01 5.500396452543011155e-02 4.126911226025099279e-03 3.865775649989764556e-02 1.937343232298902318e-01 2.245082203191905157e-01 -2.739466892458475855e-01 1.485923043894936402e-01 3.640685851058123590e-01 1.668293037193380179e-01 -6.679948726343765131e-02 1.379202845197762262e-01 6.310726106586704576e-02 1.284069748859645865e-01 1.914957546070010230e-01 -2.960895077551679161e-02 9.961723142737642644e-02 -1.008299215793985876e-01 2.900608870051234189e-02 6.662449139823302391e-02 -1.883472586304600627e-01 1.082712951564326759e-01 1.153954415398352890e-01 6.747792200195444623e-02 -2.149726108882732689e-01 1.047026135413302306e-01 7.076345773718420440e-02 4.777860900999537086e-01 1.221764353090980110e-01 2.165215348023360742e-01 2.821177082568984140e-01 2.259536764956968091e-01 2.745446359979020201e-01 1.006869327579830026e-01 -3.812231573746487356e-01 7.316734835719222209e-03 1.743635100033146534e-01 -1.140462440483308998e-01 2.016177194795497687e-02 1.744749311499827621e-02 8.042223728001307581e-02 1.691176202013088270e-01 -1.878921620168399476e-01 -6.886080422924528710e-02 -9.072648659511547975e-02 8.289073284752929149e-02 -3.636338349720606017e-02 -1.542418268812068838e-01 5.639033914552950277e-02 -1.181337110261054951e-01 -3.208317962584208982e-01 1.924808025241350473e-01 3.116641097641762240e-02 5.638204983636446038e-02 -1.156602635927603262e-01 -1.214594913545193333e-01 -2.201985812904120043e-01 -1.880682936021253748e-01 -3.205715936895381923e-01 -1.898753823896683623e-01 -1.483608950324095954e-01 -6.906030877293097003e-02 -8.515081293257273365e-03 -1.746337522685719734e-01 1.802781466394194620e-01 -1.421007373803135840e-02 -2.857055280382863049e-01 -3.047148534914324025e-01 -9.908174369397147740e-02 -2.669011307422277102e-01 -3.769707338495688620e-01 -2.588864710154754611e-01 -1.113453151375872197e-01 -1.107900292400176845e-02 -1.574369793343116386e-01 4.847185462139574907e-02
2.100335279893112417e-01 1.310564232503876048e-01 3.538552142188183813e-01 -2.346016019910531769e-01 2.515819979807499829e-01 1.000000000000000000e+00 4.387240702191159691e-01 4.642543413780499950e-01 3.530422418010927821e-01 2.271212685056550606e-01 -1.867360541573045707e-01 1.039335634512997264e-01 4.388777174355527888e-02 -1.887145483698062509e-01 -2.325812446492515617e-01 2.075683616869159753e-01 2.075221898191928135e-02 2.920993951806311745e-02 3.601366251914357025e-02 -4.855211431863481336e-02 -7.005076285014605331e-02 1.214085181595667487e-02 -2.881934502795991948e-01 1.876469824830937771e-01 1.646208228148759167e-01 1.885101587008598464e-02 -2.851003623751596772e-01 -2.958198008174153237e-01 2.005181370717495082e-01 -2.940126511323084557e-01 -7.715146504301695352e-02 1.305957918907547921e-01 6.310208649913520706e-02 4.733119678445307787e-03 -2.162863816567643649e-01 -9.079502334972168465e-02 1.540551937573215735e-01 1.984675437704713497e-01 1.534964622385170674e-01 5.268539934063879437e-01 -1.357705515522604142e-02 1.622039235222001718e-01 -1.095971342765745121e-01 -1.068057714812065961e-01 -2.434495354813860368e-01 -3.309745710467925095e-01 -2.860987371590935080e-01 -2.898969144674317655e-01 4.066604166204994542e-01 2.935727530983891498e-01 2.872536168809549165e-02 4.042230059840627443e-01 1.324430277207616982e-02 -2.467322177022805429e-01 6.330420701446780596e-01 5.996498444466853428e-01 3.153171626217785017e-01 1.417688517112691560e-01 -6.537723224473949990e-02 -1.265443581666607017e-02 -1.641147260885769676e-02 -1.542376013213654163e-03 -1.577932686415576546e-01 -2.293132720334682129e-01 -7.694331894378937664e-02 -2.418707456951464385e-01 2.539341086795142699e-01 2.518659278234923818e-02 6.866505474906017033e-04 -4.166121344874467477e-04 -7.002112022507905875e-02 -1.144273471153441218e-01 -2.325135012370096732e-01 3.339693032407978213e-01 -9.156753863167048368e-02 1.970309286256875236e-01 1.047394345421107653e-01 -2.914991350470881870e-01 4.044604692767141130e-02 -5.185310198434298773e-02 -5.603441327251019316e-02 -1.710140567041027182e-01 -1.693062069768986044e-01 -2.360614163339141147e-01 -2.922352996395882752e-01 -3.438865832241376763e-01 -3.068865633700679912e-02 -3.347950367334496247e-01 9.130526548945856746e-02 2.463904007524157225e-01 -2.748039339703407108e-02 9.183753812548936524e-02 1.762195895313228289e-01 4.470100795674151334e-02 -2.002640525588094689e-01 -1.344647854658708452e-01 -3.472110501531910365e-01 -2.983943109844374719e-01 3.470116795531626996e-01 2.669236028437170782e-01
-1.569787023137893082e-03 1.583708709975781559e-01 4.706513339586252398e-01 -2.101840493306268709e-01 -7.433619534218669986e-03 4.387240702191159691e-01 1.000000000000000000e+00 5.201574867459657359e-01 3.846791328975897595e-01 1.914341149367895234e-01 1.897448981568754522e-01 9.993722351260858616e-02 2.822323894054678053e-02 -2.446502433003992227e-01 -3.399481824617047732e-01 2.420808918461746229e-01 5.422362497460650466e-02 1.200876340513557100e-01 -1.105930917691210491e-01 3.425708347293267286e-02 -8.986040074448366222e-02 -2.579098037860722697e-02 -3.325632451945373380e-01 2.630003608931322234e-01 7.781431245464158486e-02 -2.415945204094585227e-02 -2.238882850576697781e-01 -3.699699480363040638e-01 -8.703034522844996235e-02 -3.909544159524421802e-01 1.044947959495285961e-01 6.225054743922075681e-03 -8.966636079069435772e-02 3.842450395324231716e-02 -9.203526710158138613e-02 5.612620803184675128e-02 -8.375456373923180486e-02 1.118580016026406304e-01 1.010469951651224441e-01 6.403277702456529052e-01 1.329915400404122483e-01 -5.973730597481694340e-03 1.200859223782917151e-02 -1.133491636965728716e-01 -8.241105613396715324e-02 -3.579574464426213409e-01 -3.027370786780196332e-01 -3.424344623852793035e-01 4.393533098668412906e-01 2.455072841300428299e-01 1.345874012127319386e-01 2.826828837186248777e-01 1.306187981451850666e-01 -2.571577882211706911e-01 5.288443152200555941e-01 4.871485023399673153e-01 3.290338760442185762e-01 2.956647930352604980e-01 2.235864374391376974e-01 -2.189807496630128726e-03 -5.796540476233816991e-02 -2.432428809927212124e-02 -2.337636287757572096e-01 -2.596253908959026413e-01 -2.515770509462595395e-01 -3.130064039716974333e-01 4.590018296775888462e-01 -7.962485863035710654e-02 4.461740183384036579e-02 7.689926057506500656e-02 -1.009969669032895895e-01 -2.272870508500945616e-02 -2.446616205604217331e-01 3.440216910760611202e-01 9.726308261522470522e-02 -1.967588171436719102e-01 -7.938336911169123489e-02 -3.718906232672401502e-01 8.747214201766793928e-02 -1.355100295405831101e-02 -2.248180691141474924e-02 -2.762118729422200197e-03 -2.437209050103636768e-02 -8.473227719895040644e-02 -1.538753327458759479e-01 -2.073271672807335542e-01 -1.129880198117565460e-01 -1.770195827715680403e-01 5.712866834753708989e-02 2.636710467230629074e-01 1.285687325778643031e-01 8.443926763058330620e-02 1.247181869314542280e-01 1.054842730242237098e-02 -1.177213175162382386e-02 -5.798121163361830838e-02 -2.642453581725494605e-01 -3.277463499780953193e-01 3.663511834316442450e-01 3.114490550698281179e-01
4.933242238595238888e-02 3.070377340373760533e-01 3.945244134864425711e-01 -4.862624277654369054e-02 3.602951601648581859e-01 4.642543413780499950e-01 5.201574867459657359e-01 1.000000000000000000e+00 6.788979496484865983e-01 2.466399069050974335e-01 1.389426209197394402e-01 2.097685358092140906e-01 1.593147939501121657e-01 1.084118749299746963e-02 -9.056111192608619354e-02 2.236074910651574266e-01 1.701240124742263438e-01 4.081668434752710461e-01 1.054475954510471769e-01 6.542868817125602199e-02 1.740599537804121966e-01 1.927262939598479996e-01 -1.274691115587711920e-01 2.923039648437377735e-01 1.131822688126069149e-01 4.230281531682109769e-02 -1.611011310686348563e-01 -2.133338216798994214e-01 1.753846115867982725e-01 -1.975142302618871637e-01 -5.772626474014711656e-02 -8.868526642952420658e-02 -1.460923899979549301e-02 2.192422720177686635e-01 -6.544264237092632143e-03 2.216809007107514162e-01 -4.992237473631856888e-03 1.253805191227979621e-01 1.005786846939540347e-01 3.847764480822351008e-01 1.305803225734147310e-01 -4.087300752783151747e-02 -1.426972383201589346e-02 -1.139111609048568258e-01 -1.760290637585391060e-01 -2.609726396944482274e-01 -1.829577172681479402e-01 -3.092755605164077548e-01 2.298394903437140091e-01 2.330129118221622719e-01 -6.399685719218417036e-03 3.456375259818899592e-01 7.561608422470379731e-02 -6.157574226515461630e-02 5.386673808274521358e-01 4.846390561930493113e-01 6.433311870540587840e-01 6.006816880457703789e-01 -2.483323551034972293e-02 4.751682190841840375e-02 4.987963771919425721e-02 5.374191394609646039e-02 3.121817361181213751e-02 -7.885498276816736707e-02 6.542341786655768432e-02 -4.828565539881693458e-02 2.329601763044949481e-01 7.615180199976293030e-02 1.098956660549052639e-01 2.941121765729889370e-01 1.313543041937471623e-01 7.761068101296238197e-02 -6.230290915209233532e-02 2.196495469079204621e-01 8.007081654959489949e-04 1.072984727581118708e-02 1.285662917451863563e-01 -1.599563488117090315e-01 6.659969104909505000e-02 -2.368651930014134266e-01 -4.541360826258955541e-02 -1.198202227319615926e-01 -1.642202938993337358e-01 -1.019134733516746383e-01 -2.020030935721981447e-01 -2.176258833579441665e-01 -4.665806873272752148e-02 -2.672392900352237310e-01 2.827477446167677155e-01 2.358817726704370288e-01 -1.541545127428851081e-01 -1.398717826478007020e-01 -6.345640196979682179e-03 -8.656264846167770199e-02 -1.975001135364166382e-01 -2.784206531898780201e-01 -3.176330485378505708e-01 -2.668444828823720583e-01 1.936038209440894553e-01 2.291252534465201829e-01
-7.183033715525652396e-02 1.853111076550413294e-01 2.138303301767510711e-01 -3.624006516545386775e-02 3.869653033270730735e-01 3.530422418010927821e-01 3.846791328975897595e-01 6.788979496484865983e-01 1.000000000000000000e+00 3.458870454308861087e-01 2.079855761092538613e-01 2.690130409575675063e-01 6.345589464215310727e-02 1.320075721334493246e-02 -8.501422584419864037e-02 1.366395265054648200e-01 3.624143808621200363e-02 3.101056920860305599e-01 6.900178910021358136e-02 1.679937104845949034e-02 8.025459177445506964e-02 1.957156926349895021e-01 -1.317626926847074720e-01 2.346630007578237309e-01 2.766871142600402789e-01 1.553635837655527319e-01 -1.490963931315969215e-01 -5.940356575919038956e-02 1.839762030712492336e-01 -9.231223124738527352e-02 -2.158355603263702183e-01 2.425823712831141551e-02 2.813262138513430641e-02 1.357527229714929062e-01 2.313782410599850639e-02 4.435137071215602966e-01 4.178450089368872244e-02 2.631468998536632964e-01 2.513144471963443816e-01 3.354972984756856569e-01 2.305469160160983910e-01 -1.389862800042134527e-01 8.658327238368705714e-02 -4.548611247423980236e-02 -1.548141118949422912e-01 -1.825437516224849843e-01 -1.167383222524111946e-01 -2.524451515013259595e-01 2.427674214463546032e-01 1.965930850672235886e-01 -1.268935648120214366e-01 2.008557119241162481e-01 -1.642624073077818270e-02 -6.438638010860367467e-02 4.790042037597834201e-01 3.709034433165450673e-01 4.412519270197382548e-01 6.520745652209062326e-01 -5.788324990018291205e-02 1.633455323586551489e-01 8.231872329986916759e-02 -6.143024065651888493e-02 6.031976085338958821e-02 -7.763637593865091446e-02 2.391731938889104028e-02 -6.751565078861547498e-02 2.438377626185256331e-01 1.882996560340397321e-02 -1.374430460804900583e-02 1.941512934892775932e-01 6.309688278040287554e-04 -1.385768536945862495e-02 -1.416731730472824413e-01 2.060940764099180311e-01 -9.214599580530513645e-02 1.236642790073904513e-01 8.674719669316315052e-02 -1.831068188518742423e-01 8.619124956293671563e-03 -1.557640216109210940e-01 -9.718500191999755733e-02 -9.887254171153442295e-02 -1.998927334798990263e-01 -1.494843001902295410e-01 -2.029669693606095393e-01 -2.314971876679758900e-01 -3.750151954888272104e-02 -2.589902038787445515e-01 3.781777077821983912e-01 2.363026335833404989e-01 -1.770339511328201942e-01 -4.302034149944927027e-02 1.851968265636868560e-01 -1.575600299800692938e-01 -2.062770981117919566e-01 -2.826543834022197665e-01 -2.834181148287943097e-01 -2.617247902017054706e-01 2.109572533651123960e-01 1.933985397294926689e-01
3.317067608756498615e-02 1.290324848090951826e-01 1.306417057818745342e-01 -2.716417964970251897e-01 2.705127019707219693e-01 2.271212685056550606e-01 1.914341149367895234e-01 2.466399069050974335e-01 3.458870454308861087e-01 1.000000000000000000e+00 3.043949752548846255e-01 3.744322164997503366e-01 -1.338168769799316926e-01 -3.482930168064942711e-01 -3.603322389641573364e-01 2.593889256543079336e-01 1.111785961676908935e-01 1.125843903131070328e-01 -2.060153645296609604e-01 3.955428044923708225e-02 -4.546627881452904724e-02 2.690759638916091420e-02 -3.358616671535649134e-01 3.811717622597285970e-01 6.361241713457069791e-01 1.516817275248960595e-01 -2.400980703400961147e-01 -1.023481951120604888e-01 1.538946270004259639e-02 -1.545950482597333309e-01 -2.473434666249986202e-01 2.541587935095642736e-01 3.556705933040486545e-01 1.569201369628599740e-01 -1.880848326639410484e-01 1.887635436093136332e-01 -3.406111637234231215e-02 4.176460062477968527e-01 3.972459762390643245e-01 3.308368240255697978e-01 1.724156098422496008e-01 -6.785015907986670369e-02 -3.473144662465714461e-02 6.418727409050442589e-02 -2.690886187444416766e-01 -2.503462867908988199e-01 -2.542956572033781004e-01 -3.156749930432513618e-01 1.552754561390436439e-01 1.837878412623095425e-01 -2.759859247280658789e-01 1.132371470777412820e-01 -4.030132561654828360e-01 -4.128475962034843794e-01 3.079255455531128005e-01 2.230797417760163881e-01 4.785294064106584283e-02 -7.251536918211972868e-03 -1.318489497423838697e-02 2.864705087463061406e-01 1.205364632021548900e-02 -4.346696007928301242e-01 -3.176293311080941040e-01 -4.102973015543004420e-01 -2.319409550255275287e-01 -3.255024335986784201e-01 -3.364696707568547857e-02 -2.838027521358921224e-01 -5.703789037067409640e-02 1.238828564697592449e-01 -1.877053666240931229e-01 -1.998748014164239140e-01 -2.247457008410808366e-01 2.546963610004658873e-01 -2.255941652229183636e-01 3.042600889856242330e-01 -2.205564173599767197e-01 -2.559531568494278764e-01 -1.687639596953170451e-01 -2.064412202528805584e-01 -1.132843628114277162e-01 -9.323763440146234927e-02 -3.814564826348727511e-01 -1.728087694773794425e-01 -1.220015025808677128e-01 -1.338396505046929308e-01 -1.860719554066667669e-01 -2.804627769038831042e-01 2.831623939801733436e-01 2.177544124024472783e-01 -3.758412143704829012e-01 4.381490257786703479e-02 1.446339046218244884e-01 -1.755761525246142263e-01 -3.012119406378896413e-01 -2.686736766300667489e-01 -3.977068607616844886e-01 -3.048098296746801772e-01 8.080817129827851109e-02 2.818697484061742364e-01
-1.258986248945343223e-01 1.504977737223841816e-01 2.971052179604048993e-01 -8.938101462878153547e-02 1.052692448869630010e-01 -1.867360541573045707e-01 1.897448981568754522e-01 1.389426209197394402e-01 2.079855761092538613e-01 3.043949752548846255e-01 1.000000000000000000e+00 3.545886962899770789e-01 -2.185406571993260549e-02 -9.104708885376590344e-02 -1.815685453127653948e-01 4.491190803731703179e-02 4.624831373742501611e-02 1.256941921113112759e-01 -1.332165848820070775e-01 7.134283854711581663e-02 -3.900178197841953909e-02 1.103143450838448558e-01 -1.785588131266922507e-01 3.130797490381761472e-01 1.302532725599672148e-01 1.979303469661895243e-01 2.374116481174339335e-02 -1.004700765534791568e-01 -1.772958158479539525e-01 -1.381813196281168887e-02 8.024799366753794516e-02 -7.899419001236626658e-02 -6.539164863482208045e-02 1.248481913019566653e-01 7.787271524595963668e-02 2.408844418321071934e-01 -1.258982463076276925e-01 1.201173199637136507e-01 9.451932998343613723e-02 8.835788049246530440e-02 2.390383911088865554e-01 -8.157649467366746843e-02 2.721600061455612396e-01 1.165556005212906171e-01 -6.949641252114670265e-02 -4.981580202663998119e-02 -4.573791175284244725e-02 -1.281248720464186752e-01 2.930230243486893135e-02 1.905946481733629405e-01 1.945632267994719666e-01 1.037749003991038921e-01 8.578800015016841861e-04 -1.164716477406487760e-01 5.716328936803164590e-02 1.708851859232800308e-01 7.849837371734495750e-02 1.162736451099147250e-01 2.989790497964537885e-01 1.274371906893141670e-01 1.454731707173994859e-01 -1.673401762834701989e-01 -1.619032121379755940e-01 -1.609298130285144179e-01 -2.442664767899575262e-01 -1.308504184948183213e-01 1.255361629146876934e-01 -2.033524979244712705e-01 4.277562303083756387e-03 7.742868852323929463e-02 -1.582980704786129400e-01 -4.137484851081015685e-02 -1.642278631458476967e-01 6.520504272477917196e-02 1.381127278880148745e-01 -2.240247052815010909e-01 -1.840878585955738334e-01 -9.916891531734031706e-02 9.806625735303825531e-02 -7.738941259543469231e-02 -2.895308196987337983e-03 1.885769174871807785e-01 4.282165079046990064e-02 -1.628690483612312348e-02 -2.147044657378669591e-02 2.717816153495353562e-02 -1.476434252767384533e-02 -4.806799538515848721e-03 2.134142673028981696e-01 2.934368896416942873e-01 2.711752264078143987e-02 -4.950091823855570783e-02 4.520776692611557651e-02 3.850022926506308646e-02 4.335243205288757257e-02 -1.078478117422821403e-01 -9.925907102634763668e-02 -1.342920138290100152e-01 2.815792141305949181e-02 2.973741117709914339e-01
-1.499632880203722318e-01 8.164726377554003267e-02 2.394289539599551292e-02 -9.377543725532279384e-02 1.962530441770601042e-01 1.039335634512997264e-01 9.993722351260858616e-02 2.097685358092140906e-01 2.690130409575675063e-01 3.744322164997503366e-01 3.545886962899770789e-01 1.000000000000000000e+00 -3.496368393905822589e-03 -9.385045963120494661e-02 -1.824450950020605755e-01 -3.142206647352614735e-02 1.495464853658010906e-01 1.321315216982011098e-01 5.636142801172543820e-02 1.274908102879990278e-03 7.591197980577514548e-02 2.082501596642250263e-01 -1.433973717243180457e-01 5.057255616712453827e-01 4.014058626004706753e-01 4.950428438651735541e-01 -4.200093391470724469e-02 -2.668636364219863569e-02 1.957388517194305344e-01 -1.663965352233267442e-02 -2.097533790704656509e-01 -2.594403932170565030e-03 5.570338023941825284e-03 1.514715012873111832e-01 -9.705330947735069103e-02 2.073360063491381244e-01 9.373619945152060484e-02 2.493495734076746906e-01 2.044431436166736504e-01 2.085269666879811801e-01 7.913681037016660758e-02 2.108835835692154104e-01 1.330082364984093990e-01 -1.241145878501675667e-02 -2.658268579717655844e-01 -1.172194434852361633e-01 -1.738675910516763456e-01 -2.735020285786577410e-01 -5.160029696882276196e-02 2.388949559133628220e-01 -1.798083236070869839e-01 2.467744338155089187e-02 -1.847568276394047360e-01 -1.546773412704197936e-01 7.219279247626107787e-02 8.202824111715843747e-02 1.478395743890223157e-01 1.581439592555222429e-01 -1.062742834460071034e-01 3.242784808298407317e-01 3.457174119411084989e-01 -1.982201161343035700e-01 -9.039874389475524574e-02 -1.863403080863103300e-01 -4.468433913337461344e-02 -1.390350145703751483e-01 -1.040222089537757993e-01 3.276222682824402044e-02 -2.249385046335978730e-02 4.320957228696725716e-02 -8.064206416568966973e-02 -8.821333823457588874e-02 -2.224742158361730504e-01 1.777569047572001570e-01 1.284674686256013776e-01 4.097909994250416577e-01 -1.366685128648193435e-02 -4.740130830860878053e-02 -1.041981732618202650e-01 -2.062072747982651721e-01 5.451156130566488928e-02 -1.963510010643454429e-01 -2.271279452636010276e-01 -1.905761819015490965e-01 -1.766820996388591414e-01 -2.286170105348581949e-01 4.049291510022589441e-02 -2.463131511738488044e-01 3.506559167249877484e-01 2.374466279471147967e-01 -2.922005659336326389e-01 -8.440960382954060259e-02 1.295456675060479290e-01 3.426736438531800821e-02 -7.017233122283120239e-02 -2.469087297964981664e-01 -3.399567863736775442e-01 -2.986969086711572241e-01 -1.310174649921741485e-01 2.349938797076154551e-01
-2.002752850074046576e-02 -3.065645635339000336e-02 -8.140475534688790260e-02 1.226633052680540931e-01 6.027538082450181051e-02 4.388777174355527888e-02 2.822323894054678053e-02 1.593147939501121657e-01 6.345589464215310727e-02 -1.338168769799316926e-01 -2.185406571993260549e-02 -3.496368393905822589e-03 1.000000000000000000e+00 3.607490398265404408e-01 1.826462015730100086e-01 3.120001824991230563e-02 3.543295289835816098e-01 2.631924082620337169e-01 4.231488482082383373e-01 2.639562999643147445e-01 3.651265851461591438e-01 4.892707622756362063e-01 2.560406752841063449e-01 9.653238059188751219e-02 -1.108314098065592140e-01 1.179550089282620090e-01 4.948106872735698325e-02 1.361109257237200498e-01 2.160812220114428639e-01 1.063416830742648783e-01 4.974876658638580085e-02 -7.705391092915714335e-02 -4.875145905517069139e-02 3.301668165060934745e-01 3.641834276163120054e-01 -5.029340674107256326e-02 7.999147128347888769e-02 -1.050766067543170007e-01 -1.482888970006822349e-01 -7.655389695794731497e-02 3.449936561915269151e-02 -1.034950479010377650e-01 3.070346916278962057e-01 -9.363041015021758562e-02 6.061099534837611352e-02 3.013580529355912307e-02 2.293730643065888530e-01 1.473178721041331629e-01 1.061131281957197747e-02 -1.387593677760557385e-02 1.959947840726311216e-02 -1.291795470231532073e-01 3.269575927136389448e-02 1.223839723522252010e-01 -8.614610987213813798e-02 -1.114522215445037379e-01 1.797503148529014105e-01 8.526955657153453827e-02 -1.520847631843296466e-01 -5.971346274038908525e-03 9.083043604731041998e-02 5.078032205882511141e-01 2.158259169882276729e-01 1.946220008892239617e-01 2.183438221477040364e-01 1.677125688318001073e-01 6.799163046220342566e-02 2.527824422150633521e-01 2.322202576079229197e-01 2.605238586717112392e-01 3.011003469875959682e-01 2.968309892825398144e-01 1.917009896522495482e-01 -6.820712596357809965e-02 -3.478927650890231010e-02 -8.436592892091672458e-02 2.523572702537443813e-01 6.929549929087321092e-02 1.274972677136819998e-01 -5.720700131903678348e-02 2.656221504465201486e-02 9.301356227580030722e-02 7.038201022321519638e-03 1.665279885003843885e-01 -4.544132020843471426e-02 6.153995980634795887e-02 2.609220066613468156e-02 1.111155054408974191e-01 4.618384184030112014e-03 -9.629488420248366598e-02 -4.991334971807026566e-02 -5.772467909934314578e-02 -9.183311606515370817e-02 -8.280475454952240799e-02 -2.599479141294096587e-02 -7.933421787235796913e-03 5.015057618809838635e-02 1.353053119272785432e-01 3.825105909837646367e-02 -7.678733204667975709e-02
-6.443110462026063745e-02 -4.176139107655896937e-02 -2.781138213635978573e-01 4.545717754665541954e-01 1.551199619044925371e-01 -1.887145483698062509e-01 -2.446502433003992227e-01 1.084118749299746963e-02 1.320075721334493246e-02 -3.482930168064942711e-01 -9.104708885376590344e-02 -9.385045963120494661e-02 3.607490398265404408e-01 1.000000000000000000e+00 7.894344967166031513e-01 -8.353425542196750431e-02 2.810623950181823788e-02 -2.078888426346443830e-02 5.206439968181180156e-01 -2.893495384162168144e-02 3.779973815631755829e-01 2.827428687584366274e-01 6.505466699583044576e-01 -2.330727174801336121e-01 -2.815938965896913060e-01 -3.574554754684313926e-03 3.250835568929573149e-01 3.809538624000263773e-01 3.402702296499482415e-01 4.608364775886164000e-01 -1.383997328885632795e-02 -1.292968034710827996e-01 -4.811656618519204870e-02 4.839863479891477055e-02 3.715934217365663428e-01 4.376287750200039822e-02 1.706855870685098087e-01 -2.320691428027810976e-01 -1.764056549022849363e-01 -3.320818910572876925e-01 -7.981228691879774240e-02 -7.308435136108458463e-02 1.788996850933653460e-01 1.023399103189958888e-03 1.171436901748518361e-01 4.095909226442243090e-01 5.562790157140725666e-01 4.934225335165073889e-01 -2.680814591907360600e-01 -1.219580646812664232e-01 9.400613961383470774e-02 -1.287511358607021095e-01 2.484272448840320335e-01 5.232686750994968161e-01 -2.980685549841279314e-01 -2.928785650977804855e-01 1.419949941732572274e-01 1.239660649977141482e-01 -2.810424922031907191e-01 -1.698394726947010658e-01 4.612768962106952864e-02 2.644403371877788178e-01 4.363211940520187460e-01 5.778845293013474826e-01 5.831745005158702755e-01 7.082996933316545451e-01 -8.753397674417942587e-02 3.210994391483980581e-01 6.660595083965484275e-02 -2.801479094097892100e-02 3.789346022156283578e-01 1.201762414359566072e-01 3.646021567695664212e-01 -2.799686311864428290e-01 -1.212713620396110720e-01 -5.354671412138312797e-02 4.152771792842202547e-01 3.668477284736532673e-01 6.306264438400163708e-02 7.464637918549153935e-03 -5.126464100085172809e-02 -4.176674861188311993e-02 9.023999189970051404e-02 3.178163328980692509e-02 6.743461679046302767e-03 8.909619925995442002e-02 2.422156091797757760e-01 2.207841118810879022e-01 -5.031166695239799869e-02 -2.527541005341730207e-01 1.562237278977170879e-02 -2.515772543913238346e-01 -1.720707271016192752e-01 -1.228269568206177692e-01 -8.530777317098524326e-02 2.719615240200645712e-02 3.490334546403886518e-01 3.800243217490202885e-01 -1.482060693189378442e-01 -2.085671181204319380e-01
2.444391731818711805e-02 -9.013771710707841819e-03 -3.387888192375195784e-01 5.120577545634268368e-01 1.823317782259413211e-01 -2.325812446492515617e-01 -3.399481824617047732e-01 -9.056111192608619354e-02 -8.501422584419864037e-02 -3.603322389641573364e-01 -1.815685453127653948e-01 -1.824450950020605755e-01 1.826462015730100086e-01 7.894344967166031513e-01 1.000000000000000000e+00 -4.731057790972428151e-02 -1.965928288152256342e-02 -3.721555852761099931e-02 3.336571040337035776e-01 -6.444198478781602846e-02 2.921540583092356314e-01 8.283366592258017969e-02 7.257134136123758461e-01 -2.996228067627014768e-01 -3.239266323163608741e-01 -1.052301094979026519e-01 3.156381516678501975e-01 3.768387516514357105e-01 2.381287661691150748e-01 5.297736798808813097e-01 -8.786010776904228103e-02 -6.909312772829022398e-02 6.627853410354940522e-02 -5.947941817488432842e-03 2.238970612480679079e-01 2.877831633353566607e-02 9.874358905509328377e-02 -2.335675340285859880e-01 -1.629954753481357710e-01 -4.240071945974024370e-01 -7.068179025000195792e-02 -1.123879954636071155e-01 4.566194154545233364e-02 3.646874645847254792e-02 1.364353611737303684e-01 4.726520161179497692e-01 5.329763137640888271e-01 5.907320788150797197e-01 -3.435988115749625260e-01 -1.571719003297531170e-01 1.123048246316534493e-01 -1.156168958904957716e-01 2.462960991279609657e-01 5.664238406997637032e-01 -3.380208568131300439e-01 -3.202229710415086528e-01 6.363690158066871716e-02 3.147968108997963661e-04 -3.383378398262015252e-01 -1.931708949231377981e-01 4.180118563531333431e-02 2.387208639832600898e-01 5.202079800900512030e-01 6.501114828529611644e-01 6.181158929877612618e-01 8.299056887236704316e-01 -1.796242200697375779e-01 2.788416966989373802e-01 3.197289121662540839e-02 -6.616032579208624975e-02 3.594134148412956309e-01 1.180540993913141573e-01 4.803321484066486180e-01 -4.012812797121699804e-01 -1.587296363750171913e-01 -4.155367882216268877e-02 3.571334624228274524e-01 4.887750572385362591e-01 -1.700785487209547156e-02 7.501355334672624164e-02 -8.653207314555420859e-02 -9.223944137507723851e-02 8.910336287539220856e-02 4.758438553353899758e-02 6.511684984760496286e-02 1.678155079623191714e-01 1.957928915824491689e-01 2.915596735756814661e-01 -6.334444405053253624e-02 -3.327886157571006698e-01 -1.412513837123393831e-02 -3.251706940355386100e-01 -2.744286793789130208e-01 -1.734170739172429254e-01 -1.110959239668424248e-01 5.320951657761074927e-02 4.655923556700132804e-01 4.867946815809984784e-01 -1.708541663955365220e-01 -2.532557872736099780e-01
