1.000000000000000000e+00 2.700796378393961472e-01 3.192851516045241977e-01 -7.564303932563433419e-02 2.752732818385543734e-01 3.505479853902922494e-01 2.307683722340047594e-01 9.812002570942619795e-02 2.343243683309111092e-01 2.967075931140408240e-01 2.346457266823829407e-02 1.939700288129989625e-01 1.948961020951439638e-02 -1.515720856160775176e-01 -2.745023937279146842e-01 3.352938105649239109e-01 -6.966369800271868251e-02 -2.838861614117407783e-01 -2.898202616854211322e-01 -2.865557407945651391e-01 -2.218379562060362742e-01 9.090029381337262626e-02 -1.325036155973884633e-01 -1.560289391845804952e-01 2.020517693887523281e-01 2.421218005252951666e-01 -1.314624219156654006e-01 -1.391268441245849807e-01 5.156393735060543076e-02 -3.149004567729936643e-01 -2.577357361356393817e-01 -2.243926931101234423e-01 -1.960101667518802382e-01 -1.164630814572839984e-01 -8.014257130478541491e-02 -2.537142611510637136e-01 2.313691199622106009e-01 1.714094304493209847e-02 1.908886962279519872e-01 6.614102255205939196e-02 -2.457909860900998333e-01 2.750487776051033229e-01 5.812931523831647157e-02 1.111185345440306171e-01 8.498635981094034009e-02 -2.039199347961299369e-01 -2.611783003964538441e-01 -1.302063237194393264e-01 3.323278811819040945e-01 7.066138547854922125e-02 5.580898629637029984e-01 4.219431035014880038e-01 1.762318574510143010e-01 -8.693923561327631180e-03 4.011069565053570485e-01 4.038026762932938052e-01 2.553984459012612063e-01 2.134673818878544127e-01 2.347397146960704395e-01 2.509849529006490387e-01 2.272190029874527339e-01 -8.230608912897136725e-03 -1.360086342073511534e-01 -2.331663456443217874e-01 -2.103302675393013133e-01 -2.391451485843484048e-01 2.347604889460949973e-01 3.347669913467125023e-03 -1.989432403608183131e-01 -2.364574673585402298e-01 -2.712322725975206961e-01 7.934348246196859522e-02 -3.837197192317728239e-02 2.037814433508316203e-01 1.515157996503669613e-01 4.013161092394985086e-01 -2.718080229264385902e-04 -1.542466993342471171e-01 -2.892289957214800866e-01 -3.896260049343058252e-01 -6.846176292874371627e-02 -1.952385520529743568e-01 -1.277721899708368081e-01 -2.355387037988136423e-01 -1.547291433991142273e-01 -3.856561822462921119e-01 1.921271682925218827e-01 -1.671688888722032140e-01 -1.439791170373307394e-01 9.230261998423544556e-02 6.035342477651056692e-02 7.823697864521006462e-02 3.334971280348789646e-01 2.037583791091930330e-01 7.218284469732712261e-02 -2.758082013774709740e-02 -1.187411583848912849e-01 -1.631118852191947299e-01 3.319778166750337878e-01 1.048062562802022507e-01
2.700796378393961472e-01 1.000000000000000000e+00 4.926600014207871969e-01 4.115991912993628432e-01 7.542326928687600462e-01 4.700149220583179077e-01 2.635549857312682875e-01 5.962517014323854836e-01 5.181196042080589148e-01 -3.158898974226787004e-02 2.210001147907792243e-02 5.640181763551965766e-02 1.965479918818291705e-01 1.182873694999661274e-01 -4.842400726264053240e-02 3.524631064849288453e-01 6.584321634815210045e-02 2.436483017647903260e-01 -7.243024621969310073e-02 -4.646812868649020239e-02 -7.378092008027141435e-02 1.918009209556276740e-01 -2.984799359411668268e-02 -1.796551574745522406e-01 -9.868229686401104594e-02 -3.413841532508284787e-02 7.569182989425443653e-02 -1.153918810962867164e-01 6.453400666100020389e-02 -1.567724769643671079e-01 -1.343060074103983870e-01 -7.129130040065817520e-02 3.149676455725723689e-02 4.617804338953330340e-02 2.353386300773695483e-01 -5.857762147957048388e-03 3.555622795680803139e-02 -1.169165385756726350e-01 8.618743644035821438e-02 -1.328739915994888929e-02 -1.069930490568115067e-01 -2.105072987002410967e-01 3.114817930925205605e-02 -7.278295703809803396e-02 1.502635178701631396e-03 4.986351001859985060e-02 6.135701105138469114e-02 8.701230584027744297e-02 3.735259766410914950e-01 5.566148363578329178e-02 1.385633891535039686e-01 7.527598865050756372e-01 3.470227867421971646e-01 4.111614246761801095e-01 5.694463166007418531e-01 4.096375824226605733e-01 5.749537349607073411e-01 5.274894193506062257e-01 -6.142690838514638062e-03 6.618269775287019541e-02 6.790516585678835204e-02 1.871608591721463377e-01 1.437536524364485258e-01 1.841403735887536530e-01 4.273842465064217611e-02 -5.080403858155062985e-02 8.808208581178068874e-02 2.062832649005370556e-01 1.412613990580251395e-02 1.069028710316614061e-01 -6.258920193007085075e-02 8.808043283584243710e-02 3.579922049539940865e-02 -1.703607963708470008e-02 1.056316388591996003e-01 -2.158270809201691398e-02 1.187024969117600331e-01 1.022332020274127964e-02 -1.402373483309046764e-01 -1.343974413128367351e-01 -3.009629360001519482e-01 -2.647496414804268450e-01 -9.169810123640045885e-02 1.386640773918079717e-01 -1.231731769995985173e-02 -1.438746552749426699e-01 7.808365365326330743e-02 -2.878211482223672762e-02 1.110817832432313690e-01 -8.973775101593374492e-02 6.321535921174607775e-02 -1.211048788443628427e-01 9.950537270188582195e-03 -1.335771399203288523e-01 -1.394378700919034764e-01 -1.248844193154253351e-01 1.001824626665448331e-01 4.497938633829148825e-02 3.852887687645854542e-01 6.573009789565843752e-02
3.192851516045241977e-01 4.926600014207871969e-01 1.000000000000000000e+00 -1.159439705183868963e-01 4.105353518508743638e-01 7.297983573359129172e-01 5.654325927568782939e-01 5.653432882773287149e-01 5.940353550030768037e-01 2.276732490998627234e-01 2.526880924243302684e-01 2.934503191960939339e-01 3.347345659764413561e-01 1.881483129655335540e-01 -1.788633008050072998e-02 2.926729500203765766e-01 2.574769946426402889e-01 7.760246845443918851e-02 -2.555300203819555350e-03 -1.259667821757866346e-01 -6.104620653347309772e-02 3.554652499721478454e-01 1.110061050784607803e-02 1.650690051485360355e-01 1.765700272724284037e-01 2.410316339805213814e-01 1.614023612921273443e-01 1.445983594743480670e-02 6.066026328061173423e-02 -9.373768689111536268e-02 -3.215463287979412610e-01 -2.947172792338716429e-01 -4.414400630877720610e-01 -5.863822698776913894e-02 2.758275347223581586e-01 2.086727703519036248e-01 -3.182532475536243438e-02 1.291687624114543909e-01 1.133367602878998931e-01 2.174115709801134055e-01 -2.904671993131104427e-02 -1.404598504113338531e-01 1.281505767051606681e-01 5.438382908337759114e-02 -1.109055427400705562e-01 1.236437085151760457e-01 5.193294029463222522e-02 -5.352460124124738990e-03 4.832233498084509971e-01 1.191702130793511893e-01 -4.220863877069363362e-02 6.028548142066644244e-01 3.267162854049948488e-03 -1.634511134757576367e-01 7.142754385446765664e-01 7.611267749661209114e-01 4.685843113016367467e-01 5.923606913826466869e-01 1.621454158536593804e-01 2.791379996633530092e-01 2.255683066853338692e-01 2.822944769041029756e-01 1.738560876738613759e-01 1.904796400961160374e-01 5.211454092774247399e-02 -4.577328873025247186e-02 4.144928770401620777e-01 2.639939639820805262e-01 -5.791094011571750605e-03 3.742604293543618649e-02 -6.692544871024729003e-02 3.468311628020625537e-01 6.601887023129672516e-02 3.671349904675929032e-01 2.924354893459049087e-01 1.975641768574730728e-01 6.581883418381671846e-02 2.804071407813198136e-02 -3.239140681370696329e-01 -3.070225552413535230e-01 -1.262780453637384059e-01 -1.436578597673486279e-01 -1.628207909682416188e-01 1.872517346637710134e-01 1.924712979906229859e-01 -1.082102119914297861e-01 8.889237946953190694e-02 6.610722309097594174e-02 2.007283325458590617e-01 1.841545910079600556e-01 -3.607497486992996549e-01 2.679330417904148276e-01 2.541272559794475194e-01 -5.993496927272289748e-02 -4.953430439514146244e-02 4.924108059652629321e-02 2.089573982539239538e-01 2.682586642477702982e-02 5.609578378845839763e-01 1.895517690894527874e-01
-7.564303932563433419e-02 4.115991912993628432e-01 -1.159439705183868963e-01 1.000000000000000000e+00 4.284976446025081653e-01 -5.917453765888595896e-02 -7.757171342383512025e-02 2.054909903118004311e-01 5.523300622213309780e-02 -1.816613522116282964e-01 -2.484118407509347259e-01 -2.581349754897056537e-01 -4.742213832048958883e-02 9.319168481480176458e-02 4.624206846409605748e-02 2.979498789221471933e-01 -5.044786583163463761e-02 2.239453869745855752e-01 6.374931197382573134e-02 -7.100185446157739055e-02 -1.525354447767517628e-02 -6.687381772259788637e-02 -3.482928824957213371e-02 -1.821591855869027776e-01 -2.671309212069750694e-01 -2.961488118726094965e-01 -6.760811519374751791e-03 -2.180566530874550324e-01 -9.046204833733771655e-02 3.349193481203158185e-02 2.174115235637953114e-01 2.175441450222456718e-01 5.159545337779379848e-01 6.035318793531564002e-02 6.872223636336671770e-02 -1.142794388988122578e-01 -1.813546184275914297e-01 -6.359776558556506920e-02 8.154348317576846916e-02 4.708600605931784200e-02 -1.086497930385783503e-02 -5.992425148543494701e-02 3.395409758455518456e-02 -1.876285806870947592e-01 -1.501138382329609416e-02 -5.669730273931966082e-03 1.083797579127708521e-01 2.257490931017025818e-02 -1.699398069236849051e-01 -1.968739149289383816e-01 1.557656932156673557e-01 1.887064028865354515e-01 4.887912676443205151e-01 7.932456589698377858e-01 1.715991277981553792e-02 -1.306091430740750070e-01 3.942909583411570718e-01 4.375014948003319581e-02 -1.730688934739545992e-01 -2.332408921485890907e-01 -2.104820781811664321e-01 -1.263646209542159012e-03 1.293082023762280319e-01 9.683470553019402072e-02 -3.172178752550270688e-03 4.696960748467195884e-02 -9.904887560400776891e-02 -3.383573198120920500e-02 -7.868128801288151730e-02 9.516193256883716256e-02 -3.179149818003665362e-02 -1.034020772520235637e-01 -3.315500970067607189e-02 -2.145601096383113748e-01 -1.879837596379313469e-01 -2.344703404172210348e-01 -1.053981973922788334e-01 -2.971439740203871138e-02 1.685958679372419333e-01 2.788304497947574623e-01 -1.661201034391145137e-01 -2.012091992928312367e-01 9.977288571473455492e-02 1.126798426016370619e-01 -5.981522689724746988e-02 1.306887726589784360e-01 -1.869507437880963963e-01 -6.719711467590558374e-02 -6.658776215840753188e-02 -2.400469321253144439e-01 3.754239633145710631e-01 -2.959067626367091752e-01 -1.207169116617792387e-01 -9.374975441183805436e-03 -8.286283324240571735e-02 -8.245447294032970387e-02 -3.599670513950959522e-02 1.931503084661372396e-02 -1.341696884668512335e-01 -2.405060400973089152e-01
2.752732818385543734e-01 7.542326928687600462e-01 4.105353518508743638e-01 4.284976446025081653e-01 1.000000000000000000e+00 5.255145411892127028e-01 3.140443772230681607e-01 6.339741137597756371e-01 6.336018509468346327e-01 -1.454277703847082310e-03 9.047133170887647347e-02 1.341670034872700090e-01 2.375241858358334568e-01 2.448000247470999424e-01 4.259148332071720222e-02 1.853646768779879106e-01 6.450873623848052407e-02 1.746577358226113486e-01 -5.844306417754362853e-02 -3.298816256639839489e-02 -1.920931912623570492e-02 1.350221755270933632e-01 5.256853568490086476e-02 -6.510324784031568113e-02 -2.271763781427683371e-01 5.237513849068315547e-02 7.401097198475681260e-02 -8.021602350916837154e-02 1.570855213519652127e-01 -8.589970557372728077e-02 -2.198820260661364379e-01 -9.357480473775864338e-02 4.329041973646394897e-02 3.836000670562802334e-02 1.939135186481033002e-01 -5.351289954414347599e-02 2.773969703239954204e-02 -3.261972394952158405e-01 2.659520988339266964e-02 -4.667836136728221487e-03 -1.237775966084140866e-01 -1.375494193843933843e-01 -2.652981127483336823e-02 -4.290248272386135847e-02 -4.005569818853451508e-02 1.608260052332636733e-02 5.760791962890497026e-02 9.154515854392421270e-02 3.743333650959824732e-01 -2.493682223764993530e-02 1.737504126385082115e-01 6.520114218688513041e-01 3.409250827146400042e-01 4.802776149662187355e-01 6.494122995408863064e-01 4.322192406773338602e-01 6.095702466625424476e-01 6.276244960979805443e-01 -3.204702742406143057e-02 1.283108877523144731e-01 1.568339700000462578e-01 2.498146081474763025e-01 2.897579743769803651e-01 2.603151924109277093e-01 8.594107698383286753e-02 5.303673216141876340e-02 1.634642270577286172e-01 1.863374965869189215e-01 -7.472124465879258909e-03 3.377616096619746183e-02 -4.066927242674544390e-02 1.105660677840408224e-01 1.071806801004702436e-01 9.209892770276711937e-02 1.195427011130634903e-01 6.408913876174161806e-02 1.559797846880522920e-01 9.176621773685987582e-02 -2.162788414359678169e-01 -1.253487979963533727e-01 -1.814535232887265481e-01 -2.868906536057979073e-01 -1.194209225143303688e-01 1.117252925102402011e-01 2.278209600211467470e-02 -6.153878890979595784e-02 7.926997384807106528e-02 3.974593894375287595e-02 1.010676527493811067e-01 -2.268465296947933668e-02 5.154113176699433307e-02 -2.803276195475608579e-01 6.941528947022332363e-02 -1.541489798048589210e-01 -1.750631314687541296e-01 -7.845654904788530726e-02 8.102983027620618006e-02 7.694871748078231655e-02 3.900174201519763240e-01 -2.303680523017073711e-02
3.505479853902922494e-01 4.700149220583179077e-01 7.297983573359129172e-01 -5.917453765888595896e-02 5.255145411892127028e-01 1.000000000000000000e+00 5.185938198759296736e-01 6.376739104845997597e-01 7.516501868927449870e-01 2.833116286017189345e-01 3.591446552813407078e-01 4.738761136892636894e-01 4.546372975186547261e-01 3.077885531376549633e-01 4.928608335536803498e-02 9.114504742305877538e-02 2.566899614460035894e-01 1.100622266450623360e-01 7.969986165324353250e-03 -7.144634660806706283e-02 -3.316721306147225878e-02 4.173958373865531146e-01 4.193731867774239813e-02 1.471040272790745951e-01 -3.622292090442875978e-02 3.251088883574541621e-01 1.957158816637698528e-01 3.615986818936313407e-02 1.432837724181378336e-01 -3.872850717046883579e-02 -3.633473480283835322e-01 -3.059606213476451786e-01 -3.944503503696854541e-01 2.368820774428772105e-02 3.893025309231052944e-01 1.327994136884352860e-01 9.348064286103109632e-02 -1.479950010826223128e-01 1.667300167191143601e-01 3.127938941526198779e-01 -1.618357280752286825e-02 -1.337508886883080339e-01 1.604024389601402534e-01 1.124240673928508377e-01 3.570447764581932693e-02 1.613074350616117703e-01 9.188211254611969303e-02 8.864405795551363876e-02 7.399330116273417079e-01 1.953478441980787961e-01 -5.329934744060595836e-02 5.665623829350037166e-01 -8.944237374459798606e-02 -1.133567557896333483e-01 8.495905252531584795e-01 8.275466144068429619e-01 5.156515504503010883e-01 6.685140730183166680e-01 1.910367079317320804e-01 4.767649350965295629e-01 4.424932154871659140e-01 4.467331858252813759e-01 3.008840643194345410e-01 2.755973696315313637e-01 5.599153855327370505e-02 3.431643003807043069e-02 4.157988794322551307e-01 3.023407978265403862e-01 2.337041351331268363e-02 3.758263458005400848e-02 -7.692970347646643781e-02 3.937704114056954641e-01 1.017350327160612411e-01 4.387784683700293731e-01 2.888513613204849451e-01 2.893034399615859731e-01 1.479978737327373728e-01 9.823858852968132827e-02 -3.698932956851466725e-01 -3.456405001261828591e-01 -1.294531419138895967e-01 -1.601131052649400477e-01 -1.472075190352128971e-01 2.699817342160062972e-01 2.249056760891786355e-01 -1.056713883182801711e-01 2.113004942070538239e-01 1.208943154378764595e-01 1.962428816420008493e-01 1.904864543094816343e-01 -3.637220882608708239e-01 4.945376538997485472e-02 3.096317120096163666e-01 -1.271178858061535744e-01 -9.850192737684296262e-02 9.846447105765707142e-02 2.435964292466732128e-01 9.669440792869767043e-02 7.823938104720143949e-01 2.380520433790760393e-01
2.307683722340047594e-01 2.635549857312682875e-01 5.654325927568782939e-01 -7.757171342383512025e-02 3.140443772230681607e-01 5.185938198759296736e-01 1.000000000000000000e+00 5.284791504663168826e-01 4.949889215466084513e-01 3.837896117658646800e-01 1.384177426216765261e-01 2.526870141320178842e-01 2.082570624700035844e-01 6.022909813925008543e-02 -1.492001634383662012e-01 2.221686173806384779e-01 2.820191639830267882e-01 -9.788398531668505986e-02 8.712572121392066563e-03 -1.926958218039111215e-01 -4.617357232656521537e-02 3.335068486559751300e-01 -6.603137197603156650e-02 1.646024082233384367e-01 8.675280575426197460e-02 2.250483046328847769e-01 5.007465725722342470e-02 -8.238630868303611909e-02 7.574850208835990327e-03 -1.920938728617980207e-01 -2.600942829040951976e-01 -3.249256586669336255e-01 -3.700688945176381361e-01 -1.411991018516716434e-01 1.830089543346535008e-01 1.748020601111464900e-02 -1.281215528112824575e-01 -3.418042737691844718e-02 7.230241192362923952e-02 4.056676404047025453e-01 -1.309971527190755547e-01 5.473618773185833647e-02 1.465158517104448999e-01 8.824389186601024060e-02 -4.742205541739937663e-02 -3.951592614210265586e-02 -1.558916227752278338e-01 -1.135316391832647820e-01 3.928937936654515184e-01 -6.415726076990618809e-02 -9.983922156541148729e-02 3.687757766951689775e-01 1.317328044886660332e-01 -1.842416790131795323e-01 5.153181322816868803e-01 5.210480992255388522e-01 4.866228475296904832e-01 5.005067813277320754e-01 2.345412188181020541e-01 2.296592118237239244e-01 2.070990849884245533e-01 1.702476026472687920e-01 1.346080182587084707e-02 2.488068525400984748e-02 -1.600536282755063086e-02 -1.774130731422190743e-01 7.199663260408154519e-01 1.714193650620982057e-01 -1.499721621411805594e-01 -7.945239489065031302e-02 -1.120160835824506457e-01 3.586540786587568141e-01 -5.181851501595272774e-02 6.027528344581102315e-01 3.817753927514882517e-01 2.887163254411547197e-01 -5.732262623212231595e-02 -1.312281566864794136e-01 -3.067732379739441795e-01 -2.861058424298751346e-01 -2.839409668238906392e-01 -2.813785761911040684e-01 -8.720079554870774699e-03 2.390393629239002116e-01 1.924980791614892273e-01 -2.157483528916141757e-01 -6.168279075173759701e-02 -8.016314007373548378e-02 -3.705119866056000300e-02 1.828321877561525644e-01 -3.882230389268204740e-01 1.592109295380911282e-01 3.688540660986316388e-01 5.239162725962101530e-02 9.885600606773789489e-02 9.406903969041932601e-02 1.043738609548578028e-01 -8.797507242056519516e-02 4.250585151587297217e-01 -2.701991269609387014e-02
9.812002570942619795e-02 5.962517014323854836e-01 5.653432882773287149e-01 2.054909903118004311e-01 6.339741137597756371e-01 6.376739104845997597e-01 5.284791504663168826e-01 1.000000000000000000e+00 7.728872190659507035e-01 1.834024317915132485e-02 2.327980098251635765e-01 3.327135252710740621e-01 4.505510105911996188e-01 3.334336349723923121e-01 1.024721394662461878e-02 1.088896673630056766e-01 3.863557767766666040e-01 3.685056464656722985e-01 1.253376068765424123e-01 -3.624344260271594037e-02 7.001201987512277458e-02 4.956606589005625452e-01 7.782867219787839574e-02 1.282667790325982826e-01 -2.431084478378607583e-01 1.519547496422512800e-01 2.644510278240315149e-01 6.743842450489521446e-04 7.023525848056876020e-02 -8.156407410201033104e-02 -3.198909748792239105e-01 -2.407046380810980157e-01 -2.597869559860377930e-01 1.521174572848583428e-01 5.098455705762002799e-01 9.598052237819319765e-02 -3.057236180064220113e-02 -2.885522799503836833e-01 5.788924268337377471e-02 2.279598089177312936e-01 9.299677977321672839e-02 -3.272423127814905741e-01 1.602347699646967383e-01 5.065210958550178666e-02 3.796022187470675380e-02 2.045279170092821897e-01 1.892994039433170406e-01 1.455823033188885229e-01 4.742750278563538924e-01 9.180346381849815995e-02 -2.422009950147193391e-01 5.768532094623051165e-01 -1.666557832794470471e-03 9.151742904791429489e-02 6.640820188320798456e-01 5.320237715119708888e-01 7.160732036794634769e-01 7.909013090206505892e-01 -7.087938148105991931e-02 2.803475253849836424e-01 2.724250848521700963e-01 4.341668757628555642e-01 3.321817132618895552e-01 3.132086260396371169e-01 7.113380611214262239e-02 -3.893880260072838523e-02 3.348363792258301497e-01 4.336715771328913394e-01 6.042326009937103864e-02 2.363284891564129964e-01 -5.352733917217140230e-02 4.091424691548841142e-01 1.371922814375513833e-01 2.486613732618265515e-01 2.031854869740560843e-01 6.307061019397953994e-02 5.918865144773087505e-02 5.573436779824558068e-02 -3.050212480769314283e-01 -2.531283920824112244e-01 -1.786752694659388963e-01 -2.044549567263340972e-01 -3.302667882349939049e-02 4.699829535237928790e-01 2.947390653536959837e-01 1.492231751111751034e-02 8.381123825262565274e-02 1.633727968262728703e-01 2.017428295176816599e-01 8.330565940392234414e-02 -2.778636955116181584e-01 -9.023510847850839400e-02 1.067938337647292464e-02 -2.518893387219269808e-01 -2.409114982951151562e-01 1.074798548959939870e-01 2.999931656353264087e-01 1.908800827347650886e-01 5.197114731273961841e-01 1.377931618229276400e-01
2.343243683309111092e-01 5.181196042080589148e-01 5.940353550030768037e-01 5.523300622213309780e-02 6.336018509468346327e-01 7.516501868927449870e-01 4.949889215466084513e-01 7.728872190659507035e-01 1.000000000000000000e+00 1.220341978392505133e-01 3.146458171934995995e-01 4.274920761545855097e-01 4.832941979534913779e-01 2.932820796510319239e-01 2.059274232810365951e-02 1.207822851440740371e-02 2.930868895055694368e-01 1.781707675776394162e-01 -7.471109218438110045e-02 -1.062233584374629169e-02 -2.098070816923978607e-03 4.548755228058370403e-01 7.687919025118829242e-02 1.463955958509273181e-01 -2.346845644460171243e-01 2.563973816390260896e-01 2.836454575208747775e-01 6.110822516360134293e-02 2.299852223769345838e-01 -1.175134611094708209e-01 -4.191112280771225329e-01 -3.193199010645739189e-01 -3.017953295955950743e-01 1.361274438546412890e-01 4.202622017959382617e-01 1.462840195093260409e-01 1.058792496913913000e-01 -3.495418154495100183e-01 8.885989068954356501e-03 2.038671156449958777e-01 6.727326195171963452e-02 -2.721561190412740694e-01 6.645901274758930777e-02 1.251706034672354362e-01 3.287760633875854571e-02 1.906356025872179560e-01 1.115620201529805150e-01 1.102279787754033152e-01 6.004343019021943784e-01 1.890743571428432079e-01 -1.264671547264915041e-01 5.680714147685839155e-01 -3.562155969579515469e-02 5.901379816332230112e-03 7.636908967120565883e-01 6.956785989787052094e-01 5.622655602386046336e-01 8.769125033920922574e-01 -2.672459069107177912e-02 3.883465384215880056e-01 3.486311012594142666e-01 4.855100403555393518e-01 3.151961942909699554e-01 2.553872038100997166e-01 4.454813260340731440e-02 1.683002158737498255e-02 3.650929347432487204e-01 3.804131567433541861e-01 5.548806162136199482e-02 9.171233388774373274e-02 -5.203352535278400748e-02 4.155149592589744145e-01 1.517433533845572169e-01 3.065826690470962457e-01 3.270223863992869351e-01 1.415811240882647315e-01 1.953973142276134722e-01 8.646517745678200528e-02 -4.205101893363162313e-01 -3.456818778583450880e-01 -6.823586671280255922e-02 -1.212906772087569696e-01 -1.218570173530632295e-01 3.209767090819291568e-01 3.117069754200785248e-01 -5.639496679100391985e-02 2.177770551110670694e-01 1.831554028732937101e-01 2.778371891293838769e-01 2.571476355998372210e-01 -2.831169555074788957e-01 -1.039741483548159706e-01 1.680956395271684389e-01 -2.505239212262131976e-01 -2.619126453589141201e-01 8.676656246898052649e-02 2.939484651037329033e-01 1.935050736826360307e-01 6.693810230567667219e-01 2.548886080088532680e-01
2.967075931140408240e-01 -3.158898974226787004e-02 2.276732490998627234e-01 -1.816613522116282964e-01 -1.454277703847082310e-03 2.833116286017189345e-01 3.837896117658646800e-01 1.834024317915132485e-02 1.220341978392505133e-01 1.000000000000000000e+00 2.749106125107210752e-01 3.558691074413094513e-01 1.006257097714113313e-01 -1.547876648433979263e-01 -2.331277178863712107e-01 1.185990442554470115e-01 2.027120686902454325e-02 -3.230740076972269392e-01 -1.995463360514239948e-01 -2.988195361193685118e-01 -2.269641019205314858e-01 2.302825119235950568e-01 -1.828032200331771717e-01 -3.873964961223942682e-02 5.236429955183085072e-01 3.651035522033466707e-01 -9.805776925771524100e-02 -4.694977604668213594e-02 -1.292282868112947514e-01 -1.975600012097317171e-01 -6.696125394662520713e-02 -1.686461963790373553e-01 -2.300629141589740356e-01 -2.064863034959435462e-01 1.402699981070080482e-01 -1.352278037268328237e-01 9.708000442837001753e-02 3.120897603955024024e-01 4.308942267942358906e-01 4.569719493955066714e-01 -3.145430361462585034e-01 4.127215589092916859e-01 3.708026566632341980e-01 6.737801534118467717e-02 5.768287538159631161e-02 -9.307016885047579569e-02 -2.681917820320919299e-01 -1.739433134915683021e-01 1.668982671006263296e-01 -4.040095140483235953e-02 1.597215370053795547e-01 -1.595721876383256882e-02 -8.611633132600220175e-02 -2.992085768259623024e-01 2.811751775305595391e-01 3.558521087325127175e-01 1.488108103805354521e-01 7.823566668182717343e-02 7.509864195437506718e-01 3.920385057429460751e-01 4.106610205646350487e-01 3.215831865758424224e-02 -2.310779542845910195e-01 -2.157967013860110916e-01 -1.619015070708676729e-01 -2.550502245311759286e-01 4.119982503072263658e-01 -1.300262062805069285e-01 -2.151547953857973206e-01 -2.609339500899999775e-01 -2.533208068797264678e-01 2.174095610745851725e-01 -1.613400225969053581e-01 5.048892898765569015e-01 3.160906960991175518e-01 5.529233056653333200e-01 -4.668687822971420709e-02 -1.516343978049472241e-01 -1.208968636360919224e-01 -2.461863854415571873e-01 -2.574143202137529340e-01 -2.989382580806140832e-01 6.654537847397025419e-02 -1.687444032287857207e-02 6.744049435702868800e-02 -3.405799947931267835e-01 1.032182495497070557e-01 -1.105343145631601243e-01 -2.440734644607180093e-01 2.372461134550893011e-02 -1.884054557494548865e-01 3.201444200405609286e-01 4.979791166330328478e-01 3.522542670367616036e-01 4.132157725793663694e-01 6.997793738031070354e-02 1.825523827086870596e-02 -1.778920053865074846e-01 2.288266673765169956e-01 -3.475613490025461494e-02
2.346457266823829407e-02 2.210001147907792243e-02 2.526880924243302684e-01 -2.484118407509347259e-01 9.047133170887647347e-02 3.591446552813407078e-01 1.384177426216765261e-01 2.327980098251635765e-01 3.146458171934995995e-01 2.749106125107210752e-01 1.000000000000000000e+00 6.859602006884020220e-01 6.270585969911413038e-01 3.518759358229361367e-01 1.785950530038962758e-01 -1.995298292520305827e-01 3.332472513903857458e-01 6.526145585737688770e-02 7.947775307582730098e-02 -1.109027725247434780e-02 1.130132251079610933e-02 4.970880055948449505e-01 2.809831459556412225e-01 4.509021210409214775e-01 1.985829121316096957e-01 5.686908361282934088e-01 2.882053407319595251e-01 3.713418793019455655e-01 1.320399461698827381e-01 2.020137579059876898e-01 -3.839551931207279001e-01 -5.351665980741891759e-02 -3.231101143700176870e-01 9.215241085497979934e-02 4.338776268573469319e-01 8.411838220933912091e-02 1.531592268698928894e-01 -1.427338000171158444e-02 2.184375817668194556e-03 1.633593061781380973e-01 7.878089350563399762e-02 -2.530703942089135294e-01 -1.171916477968444441e-02 1.910912839462320101e-01 -1.332584665504025212e-01 3.134056522068014994e-01 2.209711197743288724e-01 2.206769706102019724e-01 3.454813410516484051e-01 2.016226270127496056e-01 -1.647567456674179087e-01 8.492291660005210630e-02 -2.593523380305353676e-01 -2.720487580380063219e-01 2.975691330218628861e-01 4.212870079899855291e-01 9.119056198490378684e-02 2.959856185480564394e-01 1.813255149761004437e-01 6.191074261271557466e-01 5.519629658585241128e-01 5.930944715088551922e-01 3.196564967283235803e-01 2.966743513823954514e-01 1.985733917865553089e-01 1.710276673226478750e-01 1.075410454975528757e-01 3.922446969622730983e-01 2.154430039973921629e-01 3.809315541808790118e-02 7.730881459582751580e-02 5.599777552109659329e-01 2.824624132661720521e-01 2.897127721639018438e-01 4.183890353992697486e-01 3.939084161518013882e-01 2.400598880923062173e-01 3.859458994934512610e-01 -3.397749460531110377e-01 -1.135844923421628627e-01 1.344217288411306277e-01 -4.796968064038625856e-02 -2.637977166418867259e-01 2.385590938507234915e-01 3.276614220373951780e-01 9.951921174760552935e-02 3.150357318309464638e-01 3.775744546407473479e-01 1.657346217614066586e-01 3.454040669650964568e-01 -2.654280217578409706e-01 2.111306745280949748e-01 1.924923163615796240e-01 -1.548289074669750853e-01 -1.778578251556480472e-01 1.890380706138738431e-01 3.729541346933594737e-01 2.755170427008554745e-01 4.306186398500574386e-01 3.414520420343808427e-01
1.939700288129989625e-01 5.640181763551965766e-02 2.934503191960939339e-01 -2.581349754897056537e-01 1.341670034872700090e-01 4.738761136892636894e-01 2.526870141320178842e-01 3.327135252710740621e-01 4.274920761545855097e-01 3.558691074413094513e-01 6.859602006884020220e-01 1.000000000000000000e+00 5.266724234646190661e-01 3.347798211503278387e-01 1.773388292066205851e-01 -1.733971817371910418e-01 3.215802018947289120e-01 6.792888549439696222e-02 7.080645514786118588e-02 9.649637843582902288e-03 6.622903127596667383e-02 5.055997756955512568e-01 2.281956672490717264e-01 4.367219205613950272e-01 6.475091317124243018e-02 7.245465901054991553e-01 2.575250597316625645e-01 3.607077805420760841e-01 1.636344334905599773e-01 1.533549226703541379e-01 -4.833328445132383244e-01 -1.713625379314565045e-01 -4.162204637880252966e-01 1.056626698095129192e-02 4.655485773749432621e-01 9.989220572232683504e-02 1.928597811431049247e-01 -1.768710593936127784e-01 8.269380417484950563e-02 3.597174028316361127e-01 9.187879729171825882e-02 -1.481487271644350567e-01 2.207223284809541053e-01 2.693919874828893946e-01 4.040134763807505525e-02 2.752276345959940307e-01 1.726080607451192517e-01 1.759914244674991302e-01 3.862174833594947398e-01 1.261558564734962251e-01 -1.863596414737627716e-01 9.742099182574452676e-02 -3.632903981190435672e-01 -3.490223704900704549e-01 4.018196579448350403e-01 4.645954853968834453e-01 1.498126345169028817e-01 3.688304958707908088e-01 1.808307535192991422e-01 8.150304418552790642e-01 7.624056481500435245e-01 5.239421799771243338e-01 2.866385870978693240e-01 2.618853126080901705e-01 1.665303322620325099e-01 1.293213226421728590e-01 2.749694857385512892e-01 4.077358740688378225e-01 1.555156356152611330e-01 6.211057546396057255e-02 5.660875454421942371e-02 5.477278383033630238e-01 2.633740630388419213e-01 3.728253598804089353e-01 4.661109190891705722e-01 5.983703824834027962e-01 1.910601567837052484e-01 3.374965031926264181e-01 -4.540901484586342685e-01 -2.563421680707309580e-01 1.117576582396399149e-01 -8.684726055710480230e-02 -1.383078560448280092e-01 3.485018942980324108e-01 3.737935571634364851e-01 6.354827074884988880e-02 3.279473792880683858e-01 3.154693137651448098e-01 1.542187174824975471e-01 3.068419989591802399e-01 -4.146596332797243267e-01 9.542281343195758991e-02 2.052505082768867339e-01 -1.506033463733152944e-01 -5.619478520079133899e-02 2.972852531177248014e-01 3.538155487836953106e-01 2.332315590990021448e-01 4.850688696184943804e-01 2.555542280524329413e-01
1.948961020951439638e-02 1.965479918818291705e-01 3.347345659764413561e-01 -4.742213832048958883e-02 2.375241858358334568e-01 4.546372975186547261e-01 2.082570624700035844e-01 4.505510105911996188e-01 4.832941979534913779e-01 1.006257097714113313e-01 6.270585969911413038e-01 5.266724234646190661e-01 1.000000000000000000e+00 5.854936382628810332e-01 2.622235906249670290e-01 -1.303506945720104004e-01 5.741231022422453867e-01 2.836740783945003175e-01 3.049970210379789881e-01 4.593018387105411715e-02 1.588662919503875948e-01 6.295849982850355575e-01 3.718174404779076569e-01 4.239768287628726817e-01 -6.862870244054708815e-03 2.896050903492063400e-01 3.977014758372760528e-01 2.836552563503426105e-01 2.515359652583592509e-01 2.949010692801194433e-01 -3.294215576926964872e-01 -8.553346629129578160e-02 -2.821375012318223519e-01 2.326882768806906865e-01 4.576019726370390561e-01 1.517962137307923010e-01 1.185879726647180166e-01 -1.164258170818836535e-01 6.191763719766544410e-03 9.933830375385802047e-02 2.256832957862049960e-01 -3.240014408807907476e-01 -1.447918178331447821e-02 1.404220846935640421e-01 -1.839736712227625914e-01 4.312183394919121282e-01 3.889222236978056579e-01 2.689861010670497876e-01 3.225722833652459043e-01 2.121756536208828647e-01 -2.506616189488092283e-01 2.259136528553530587e-01 -1.664585588793102422e-01 -1.393131721812280455e-01 4.596085595559569192e-01 4.157833795388516940e-01 2.716221440694189249e-01 4.806507547779647616e-01 2.445804531655180331e-02 4.922807633095250823e-01 4.524163726933178586e-01 8.827494524095393924e-01 5.969152571433715693e-01 4.796868965587731126e-01 2.535203552697104512e-01 2.262026483784816133e-01 1.347862823237587770e-01 6.288583026211476135e-01 3.189081564087638543e-01 2.045162652142494542e-01 1.223872417404456431e-01 6.644379113605008991e-01 3.786253013227101061e-01 2.230003093409648196e-01 3.384930378076161928e-01 2.334935378593372135e-01 2.903801590840700553e-01 4.338099965320900697e-01 -3.243368885163210313e-01 -1.015217793448025818e-01 2.022178492579972120e-01 2.387919652353839503e-02 -1.803362147556417661e-01 3.628726859684667794e-01 4.053072182162571480e-01 3.090419925356450714e-01 3.213952911269987722e-01 4.445197124844646464e-01 2.734693092216713417e-01 2.874550515490408298e-01 -2.855010030350603190e-01 5.858580008381814030e-02 1.414224054685233323e-01 -1.284504095614081853e-01 -1.949722562633901535e-01 2.142631243643570993e-01 4.872160231287832599e-01 3.964071892288758558e-01 4.205183079428720383e-01 3.010578120653683576e-01
-1.515720856160775176e-01 1.182873694999661274e-01 1.881483129655335540e-01 9.319168481480176458e-02 2.448000247470999424e-01 3.077885531376549633e-01 6.022909813925008543e-02 3.334336349723923121e-01 2.932820796510319239e-01 -1.547876648433979263e-01 3.518759358229361367e-01 3.347798211503278387e-01 5.854936382628810332e-01 1.000000000000000000e+00 6.954275227857734665e-01 -2.484521321519376769e-01 4.726523540503642651e-01 4.837550923125593094e-01 6.305015979475864230e-01 3.786305166586396154e-01 6.175503454694628580e-01 2.920280187918212200e-01 7.466458924639495232e-01 4.114994399927671132e-01 -1.916737450329888126e-01 1.151740481041469977e-01 3.228858086673889183e-01 3.322798599960203880e-01 4.599409954130072586e-01 7.010722796503265908e-01 -2.063026632055403875e-01 1.740291955445662786e-01 -5.882900663784868672e-02 3.267646145084676657e-01 2.129592349927330597e-01 2.455179728708390685e-01 6.987979535429937605e-02 -2.294932564224763938e-01 -1.580139407198324353e-01 -3.257386763565935095e-02 3.327071788756391091e-01 -2.645609220178162801e-01 -1.308198192486014211e-01 9.370725558599567184e-02 -2.432054759231114527e-01 5.364009226384862661e-01 6.570510015969019957e-01 5.457198984624405114e-01 1.631944553199721482e-01 4.296755849932992061e-02 -3.204726071366297280e-01 6.309948938694316667e-02 -1.822380291464362756e-01 4.037174965752066830e-02 3.114532193910148905e-01 1.830714001669523916e-01 9.292770998497616730e-02 2.952411376674130006e-01 -2.569720924712670107e-01 2.982938013921407894e-01 2.131323619809969983e-01 5.701101202060744333e-01 7.728773272024495045e-01 8.067266426196058049e-01 6.720095203727544098e-01 6.498183953521894374e-01 -6.716363899827478001e-02 5.464608352900981458e-01 5.197918179182139387e-01 4.339619411773328883e-01 5.357585800930916298e-01 3.190107208655606486e-01 7.190263198922989263e-01 -1.722539132716392925e-03 9.109538870512992603e-02 7.024127357022220963e-02 4.195547317529769171e-01 7.448930659947643473e-01 -1.828718018148081659e-01 2.008670978969312182e-01 3.261745458562609334e-01 1.177284732551056451e-01 -2.575668079593848026e-01 2.613365802785699854e-01 2.556259750861763491e-01 6.310632219687898337e-01 2.379857091908424149e-01 4.946195504080799221e-01 3.481914981622950545e-01 9.489961222489924630e-02 -3.393140667078726191e-01 -1.636839337655989213e-01 -8.316242683479992126e-02 -2.431336268878449280e-01 -2.466867977712475235e-01 1.374214014472130152e-01 5.076365222778688180e-01 5.693997750385957346e-01 2.516524821092513409e-01 4.890520675826105085e-02
-2.745023937279146842e-01 -4.842400726264053240e-02 -1.788633008050072998e-02 4.624206846409605748e-02 4.259148332071720222e-02 4.928608335536803498e-02 -1.492001634383662012e-01 1.024721394662461878e-02 2.059274232810365951e-02 -2.331277178863712107e-01 1.785950530038962758e-01 1.773388292066205851e-01 2.622235906249670290e-01 6.954275227857734665e-01 1.000000000000000000e+00 -3.396075234204495308e-01 1.600391401040032191e-01 3.985039592922428597e-01 4.240556485848565038e-01 5.198846496986450072e-01 6.476138140560389056e-01 -3.289084074370505345e-02 6.814000031646391120e-01 2.721149513458010483e-01 -1.751700781498572168e-01 4.569860233081221579e-02 2.660697557912813926e-01 3.604592997757839479e-01 5.254219449549858423e-01 7.827912843533167964e-01 -1.187000967322996842e-01 2.373076327135654195e-01 2.804069105351730123e-02 1.720310793249802128e-01 1.208326544019425013e-02 3.106989809908304312e-01 5.343934567919791240e-02 -1.837932226565120175e-01 -2.368985226475458783e-01 -1.073200327866462994e-01 2.193237926773926316e-01 -1.779394122270016587e-01 -2.201432756902920174e-01 2.932651705758123825e-02 -2.580056501938208791e-01 4.518585074465326090e-01 5.027755724777083213e-01 4.892526146898423245e-01 -3.051816926379028946e-02 -1.573191898145154255e-02 -2.409143410845758781e-01 -1.317871672517804682e-01 -2.184631916795526096e-01 1.967945008808803103e-02 3.677931155627754689e-02 -4.818065876309480383e-02 -1.639835180672628567e-01 2.791110343485171674e-02 -2.936440218758828991e-01 1.605355411131657029e-01 4.361505641704749303e-02 2.646658927427119612e-01 5.988902788329582005e-01 7.290918324106330228e-01 7.708951187727230980e-01 8.912994119111156133e-01 -2.165782643078482117e-01 3.045534122647266528e-01 5.264588816530616500e-01 4.650546675670910735e-01 7.490462267959971943e-01 4.738951161265413103e-02 6.460077830991346470e-01 -1.215535544542461627e-01 3.429856741443800677e-02 -1.007123868991963156e-02 4.598723021283172563e-01 7.488560969865374339e-01 -6.346574355904487097e-02 2.762261527748449130e-01 2.936804343623866664e-01 1.848146226502222211e-01 -2.891885974721046249e-01 4.977228577514310193e-02 1.721128038370923763e-01 6.000721736589194055e-01 2.000980319666837981e-01 4.097378139025368848e-01 3.592241369549886709e-01 -3.263271606217484772e-02 -3.093469970238175715e-01 -1.679519729380713755e-01 -1.769382770782888248e-01 -2.312535215634718144e-01 -2.096474436977624478e-01 4.498371305559396155e-02 3.558046066915521166e-01 4.475205153637452082e-01 4.174604544493415448e-02 -2.211145255357242420e-02
