1.000000000000000000e+00 9.046852984095603567e-01 9.046853603038651492e-01 9.046853895848161464e-01 9.046853795641789375e-01 9.046853240653370820e-01 9.046853744571020650e-01 9.046853901088057759e-01 9.046853724491193960e-01 9.046853906510876620e-01 9.046853267897900785e-01 9.046853859547762111e-01 9.046853646428477669e-01 9.046853638963401334e-01 9.046853799288518960e-01 9.046853906661037614e-01 9.046853856061333188e-01 9.046853566839815342e-01 9.046854033544098339e-01 9.046853791874975848e-01 9.046853902468450226e-01 9.046853521474658155e-01 9.046853850432966526e-01 9.046853501521847640e-01 9.046853967417820552e-01 9.046853463378308202e-01 9.046853977114076573e-01 9.046853769017400015e-01 9.046853568848567395e-01 9.046853890091945960e-01 9.046853363326645692e-01 9.046853729934430932e-01 9.046853535462374696e-01 9.046853357649983218e-01 9.046853496680147266e-01 9.046853729299696445e-01 9.046853645290157120e-01 9.046853703598105589e-01 9.046853966561547722e-01 9.046853826946190669e-01 9.046853905694929310e-01 9.046853873634456145e-01 9.046853864354799102e-01 9.046853748256382666e-01 9.046853736950536407e-01 9.046853954628144567e-01 9.046853787327515661e-01 9.046853703342009334e-01 9.046853663764355957e-01 9.046853771304165237e-01 9.046853631040503441e-01 9.046853100685613436e-01 9.046853832698633635e-01 9.046853610157974401e-01 9.046853999243332778e-01 9.046853687264162502e-01 9.046853972508619446e-01 9.046853300369182005e-01 9.046853447335448939e-01 9.046853880154898109e-01 9.046853260897421700e-01 9.046853937102978804e-01 9.046853506711285409e-01 9.046853775627791139e-01 9.046853915933233958e-01 9.046853410342463597e-01 9.046854071557812738e-01 9.046853985795025865e-01 9.046853831662704515e-01 9.046853994264063559e-01 9.046853866582861281e-01 9.046853844351439022e-01 9.046853786168648215e-01 9.046853845800609806e-01 9.046853698974383073e-01 9.046853778937250512e-01 9.046853623153997548e-01 9.046853939437248249e-01 9.046853632329306949e-01 9.046853409766970611e-01 9.046853892873126801e-01 9.046853816541254867e-01 9.046853945842489031e-01 9.046853832527125272e-01 9.046853175997724428e-01 9.046853294996015649e-01 9.046853783020296635e-01 9.046853711895218586e-01 9.046853308588445053e-01 9.046853586001172287e-01 9.046853710551220340e-01 9.046853769567250181e-01 9.046853252220410369e-01 9.046853758689346048e-01 9.046853978988422806e-01 9.046853996813352117e-01 9.046853823256805205e-01 9.046853771964618041e-01 9.046853328247544956e-01 9.046853409864455964e-01
9.046852984095603567e-01 1.000000000000000000e+00 9.046852747745716128e-01 9.046852936071657636e-01 9.046853351312428293e-01 9.046853542264222670e-01 9.046853055092646256e-01 9.046852583784272817e-01 9.046853401741495881e-01 9.046852497495007084e-01 9.046853053375953913e-01 9.046853467788176228e-01 9.046852809308895127e-01 9.046853413411272138e-01 9.046852866616289512e-01 9.046852817279960046e-01 9.046853406910645434e-01 9.046853287673877198e-01 9.046852594168574013e-01 9.046852310456559021e-01 9.046853203895945938e-01 9.046853113222571574e-01 9.046853578356879311e-01 9.046852795700186523e-01 9.046852920605730208e-01 9.046852500417785770e-01 9.046852776734118917e-01 9.046853640524336049e-01 9.046853591094359270e-01 9.046852839238966881e-01 9.046852288661125785e-01 9.046852132831368909e-01 9.046852723598536317e-01 9.046852762393136071e-01 9.046852513568899301e-01 9.046853314532431467e-01 9.046853352034541773e-01 9.046852775458620322e-01 9.046852308920417807e-01 9.046852625326022856e-01 9.046853324197050572e-01 9.046852966102069127e-01 9.046853179268170564e-01 9.046853240475141167e-01 9.046852707926454906e-01 9.046852432062092442e-01 9.046852871565087550e-01 9.046853037709793321e-01 9.046853405294408290e-01 9.046853336428668513e-01 9.046852531091010841e-01 9.046853056777589552e-01 9.046852356815973106e-01 9.046852780764724766e-01 9.046852560915172869e-01 9.046852328894501305e-01 9.046853076499926649e-01 9.046852420635198566e-01 9.046852831744939261e-01 9.046852422157398710e-01 9.046852183202331865e-01 9.046853058461628017e-01 9.046852062004474559e-01 9.046853367764289278e-01 9.046852882850651145e-01 9.046851415495492654e-01 9.046852863098527875e-01 9.046853283938270929e-01 9.046852809922933947e-01 9.046853010174245036e-01 9.046853056901131840e-01 9.046852245871563891e-01 9.046852131205735947e-01 9.046852736077259927e-01 9.046852097437352302e-01 9.046852720642399870e-01 9.046851578792929338e-01 9.046853022414002021e-01 9.046853326343267110e-01 9.046851300974877441e-01 9.046853048451336532e-01 9.046853177519346145e-01 9.046852637178383061e-01 9.046852434011284361e-01 9.046853328769782765e-01 9.046853246415745842e-01 9.046852870652798417e-01 9.046851892246829951e-01 9.046852612259251858e-01 9.046853235014844508e-01 9.046853140862757270e-01 9.046852580611102201e-01 9.046853100918574864e-01 9.046853205909869411e-01 9.046853508281609280e-01 9.046853281924523982e-01 9.046853508314751657e-01 9.046852250547603447e-01 9.046853237243158707e-01 9.046852837340356723e-01
9.046853603038651492e-01 9.046852747745716128e-01 1.000000000000000000e+00 9.046853501452151169e-01 9.046852986922109263e-01 9.046852884081562074e-01 9.046853694657058798e-01 9.046852976921229139e-01 9.046853233398884919e-01 9.046853677065239685e-01 9.046853221088354546e-01 9.046853296434685943e-01 9.046853000631646102e-01 9.046853257401646919e-01 9.046853359946634976e-01 9.046853384677321364e-01 9.046853511158351457e-01 9.046853087332215049e-01 9.046853532017035127e-01 9.046853683045903427e-01 9.046853331392382680e-01 9.046852981218468370e-01 9.046853408680349817e-01 9.046853612311747117e-01 9.046853191759796076e-01 9.046852564905724092e-01 9.046853316786365173e-01 9.046853452356519165e-01 9.046853419202668389e-01 9.046853342134806297e-01 9.046852860357809112e-01 9.046853426246463936e-01 9.046853334349181930e-01 9.046852809103609339e-01 9.046853471510634126e-01 9.046853761370138303e-01 9.046852988614374480e-01 9.046852737174395642e-01 9.046853364273568232e-01 9.046853061842459187e-01 9.046853536498006276e-01 9.046853616166833367e-01 9.046853366294967946e-01 9.046853417504140404e-01 9.046853073056346783e-01 9.046853360849811398e-01 9.046853201637580222e-01 9.046853154069516290e-01 9.046853610819578506e-01 9.046853447056160125e-01 9.046853083657344641e-01 9.046852787916497274e-01 9.046853132252834495e-01 9.046853006441930578e-01 9.046853276544589706e-01 9.046852567823655544e-01 9.046853183046977831e-01 9.046852447279648546e-01 9.046852903766191556e-01 9.046853085709205544e-01 9.046853508661714116e-01 9.046853564230292744e-01 9.046852297058395331e-01 9.046853875787947974e-01 9.046853585529189834e-01 9.046852882845073385e-01 9.046853741272600224e-01 9.046853615376725388e-01 9.046853285737657124e-01 9.046853662821269237e-01 9.046853404392573017e-01 9.046853480962753213e-01 9.046853221538697643e-01 9.046853247980096713e-01 9.046853439060779101e-01 9.046853193943833471e-01 9.046852908921348968e-01 9.046853811771405907e-01 9.046853310408945470e-01 9.046852869541264219e-01 9.046853565046599766e-01 9.046853636070690818e-01 9.046853735115696349e-01 9.046852946532991657e-01 9.046853380705043302e-01 9.046853454096229763e-01 9.046853360175901582e-01 9.046853418414938508e-01 9.046853335440869781e-01 9.046853420607982033e-01 9.046853942376921198e-01 9.046853536269985341e-01 9.046852642759292129e-01 9.046853801491496760e-01 9.046853699457018116e-01 9.046853561642076436e-01 9.046853431687055247e-01 9.046853477832713653e-01 9.046853279005901971e-01 9.046853533706152861e-01
9.046853895848161464e-01 9.046852936071657636e-01 9.046853501452151169e-01 1.000000000000000000e+00 9.046853438654322010e-01 9.046853038360705979e-01 9.046853802149971147e-01 9.046853749336981609e-01 9.046853304373083660e-01 9.046853660649017970e-01 9.046853104148048219e-01 9.046853663515358468e-01 9.046853422672437306e-01 9.046853644587226073e-01 9.046853504040496263e-01 9.046853757684130137e-01 9.046853607671638819e-01 9.046853544058948149e-01 9.046853796095504219e-01 9.046853465095696656e-01 9.046853781089807534e-01 9.046853039098786686e-01 9.046853723852195106e-01 9.046853328281209139e-01 9.046853713742931680e-01 9.046853455512021691e-01 9.046853854843144305e-01 9.046853733959137056e-01 9.046853136098269577e-01 9.046853681381739065e-01 9.046853640840568644e-01 9.046853759131342487e-01 9.046853195675559345e-01 9.046853203819937850e-01 9.046853283981474148e-01 9.046853394744769350e-01 9.046853635512556169e-01 9.046853731262478604e-01 9.046853793159504997e-01 9.046853759404465123e-01 9.046853988161234206e-01 9.046853885093610881e-01 9.046853799805776308e-01 9.046853696719711069e-01 9.046853827227541167e-01 9.046853635158719209e-01 9.046853701215880061e-01 9.046853808897518112e-01 9.046853670462771113e-01 9.046853847971095819e-01 9.046853508129951704e-01 9.046853336526424760e-01 9.046853781202646161e-01 9.046853066953944866e-01 9.046853715877880564e-01 9.046853682822830756e-01 9.046853713330981206e-01 9.046853312490091836e-01 9.046853215207028009e-01 9.046853545785545903e-01 9.046853318922106757e-01 9.046853920751206646e-01 9.046853608285720938e-01 9.046853443030038466e-01 9.046854056937662092e-01 9.046853450426737275e-01 9.046853928631144459e-01 9.046853685461976324e-01 9.046853461488156833e-01 9.046853742533739196e-01 9.046853515028435710e-01 9.046853595339254817e-01 9.046853697682676332e-01 9.046853946678380387e-01 9.046853873735984930e-01 9.046853381416199991e-01 9.046853703666820623e-01 9.046853813151756185e-01 9.046853714669648161e-01 9.046853356288595549e-01 9.046853910151996248e-01 9.046853781865814570e-01 9.046853658500674245e-01 9.046853795300943135e-01 9.046853005103725476e-01 9.046852927803306077e-01 9.046853555078316900e-01 9.046853662108063077e-01 9.046853030224705217e-01 9.046853660876931214e-01 9.046853810407482488e-01 9.046853501522229557e-01 9.046852798306390664e-01 9.046853316528181699e-01 9.046853914077908065e-01 9.046853802882423023e-01 9.046853729774101405e-01 9.046853886993576621e-01 9.046853248762477540e-01 9.046853461070604174e-01
9.046853795641789375e-01 9.046853351312428293e-01 9.046852986922109263e-01 9.046853438654322010e-01 1.000000000000000000e+00 9.046853705846703564e-01 9.046853106366984365e-01 9.046853717187134380e-01 9.046853798615588360e-01 9.046853386916843265e-01 9.046853396594883856e-01 9.046853731290844802e-01 9.046853588254584189e-01 9.046853736519614442e-01 9.046853548525720656e-01 9.046853522086419908e-01 9.046853782668080601e-01 9.046853395475270565e-01 9.046853694810759183e-01 9.046853319733214605e-01 9.046853942287402806e-01 9.046853779571777388e-01 9.046853812259394445e-01 9.046853276200506055e-01 9.046853771228609009e-01 9.046853306424185170e-01 9.046853594799210141e-01 9.046853721559853234e-01 9.046853678511223018e-01 9.046853669570942280e-01 9.046853073710611204e-01 9.046853137189240224e-01 9.046853157512459997e-01 9.046853405184190899e-01 9.046853445754113876e-01 9.046853672421334425e-01 9.046853766613142112e-01 9.046853589277618068e-01 9.046853392645637371e-01 9.046853722724584879e-01 9.046853650014405890e-01 9.046853523991942314e-01 9.046853846662902265e-01 9.046853733390667340e-01 9.046853505782734839e-01 9.046853600184607824e-01 9.046853679858180008e-01 9.046853489703876594e-01 9.046853319709488028e-01 9.046853467439432972e-01 9.046853259903961941e-01 9.046852996743253161e-01 9.046853295288348473e-01 9.046853598514700279e-01 9.046853689668916676e-01 9.046853534685788123e-01 9.046853914493258042e-01 9.046853381974154784e-01 9.046853388002105145e-01 9.046853678806575649e-01 9.046852824111402125e-01 9.046853497476307071e-01 9.046853177499263321e-01 9.046853491544512016e-01 9.046853528196077132e-01 9.046852586710905086e-01 9.046853599403653634e-01 9.046853874657653227e-01 9.046853610980607474e-01 9.046853576422893006e-01 9.046853878318480424e-01 9.046853559865219996e-01 9.046853333407647302e-01 9.046853683391491430e-01 9.046853020871550299e-01 9.046853795642112450e-01 9.046852923672941138e-01 9.046853608459057838e-01 9.046853607325809898e-01 9.046852797458764250e-01 9.046853553299898376e-01 9.046853535014710568e-01 9.046853489328231523e-01 9.046853450485403680e-01 9.046853109153418782e-01 9.046853239261510859e-01 9.046853642432479692e-01 9.046853124113356515e-01 9.046853046652089114e-01 9.046853536099755955e-01 9.046853265576133563e-01 9.046853648806378878e-01 9.046853479857532854e-01 9.046853649018125054e-01 9.046853782039334657e-01 9.046853935455965168e-01 9.046853848816418520e-01 9.046853037695521405e-01 9.046853552958418199e-01 9.046853022364437225e-01
9.046853240653370820e-01 9.046853542264222670e-01 9.046852884081562074e-01 9.046853038360705979e-01 9.046853705846703564e-01 1.000000000000000000e+00 9.046853042071172357e-01 9.046852916995057337e-01 9.046853599521048617e-01 9.046852996303106353e-01 9.046853394151803673e-01 9.046853532025733724e-01 9.046853153718359408e-01 9.046853783428047135e-01 9.046852852116390453e-01 9.046853091466483532e-01 9.046853693171840183e-01 9.046853477767160534e-01 9.046853029726906747e-01 9.046852952069918130e-01 9.046853627646932461e-01 9.046853164171188011e-01 9.046853578582522148e-01 9.046852912718630346e-01 9.046853005151765936e-01 9.046852426652508550e-01 9.046853234336275085e-01 9.046853307233319041e-01 9.046853764780763418e-01 9.046853319591414699e-01 9.046852674366203662e-01 9.046852322520064771e-01 9.046853253166201592e-01 9.046853408281569919e-01 9.046853267300083434e-01 9.046853582375441460e-01 9.046853537334076378e-01 9.046852818387121076e-01 9.046852473584918730e-01 9.046853007979384076e-01 9.046853322127954566e-01 9.046853123380188544e-01 9.046853437819530885e-01 9.046853738848755766e-01 9.046853432102720527e-01 9.046853060596200535e-01 9.046853525753714154e-01 9.046853014857924036e-01 9.046853424605760807e-01 9.046853472433905585e-01 9.046852449002983354e-01 9.046853347287687752e-01 9.046852584813818154e-01 9.046853300129682474e-01 9.046852815985513274e-01 9.046852945353188735e-01 9.046853487492387824e-01 9.046852830880114382e-01 9.046853143559672183e-01 9.046852863577973247e-01 9.046853012648289338e-01 9.046853152145714061e-01 9.046852354127222773e-01 9.046853401185260823e-01 9.046853249869096780e-01 9.046851693171068520e-01 9.046853061664147377e-01 9.046853604224901479e-01 9.046853348042109833e-01 9.046853239759327092e-01 9.046853698849360859e-01 9.046852896013226619e-01 9.046853073378828825e-01 9.046853258866227598e-01 9.046852759559584900e-01 9.046853619456952655e-01 9.046852129444814539e-01 9.046853365866147634e-01 9.046853792664808491e-01 9.046851673323504928e-01 9.046853211500701653e-01 9.046853303700771454e-01 9.046853039110929195e-01 9.046852614056093422e-01 9.046853475516767329e-01 9.046853417324112190e-01 9.046853398634984167e-01 9.046852242160662305e-01 9.046853255463425114e-01 9.046853484074717233e-01 9.046853058571924233e-01 9.046853090781430407e-01 9.046853419905759308e-01 9.046853351980390645e-01 9.046853474156624220e-01 9.046853644787594684e-01 9.046853674637392873e-01 9.046852270989186318e-01 9.046853546008246649e-01 9.046852925644629506e-01
9.046853744571020650e-01 9.046853055092646256e-01 9.046853694657058798e-01 9.046853802149971147e-01 9.046853106366984365e-01 9.046853042071172357e-01 1.000000000000000000e+00 9.046853294385270861e-01 9.046853409638688781e-01 9.046853668498843204e-01 9.046852789834515240e-01 9.046853705069001217e-01 9.046853065931144133e-01 9.046853510569666801e-01 9.046853427718414276e-01 9.046853708705446806e-01 9.046853617270366188e-01 9.046853623522534971e-01 9.046853489828239336e-01 9.046853455577820169e-01 9.046853463288744290e-01 9.046852827509682671e-01 9.046853588975469762e-01 9.046853005170876205e-01 9.046853524833396998e-01 9.046852973611814175e-01 9.046853831604398932e-01 9.046853547033171239e-01 9.046853376963062132e-01 9.046853619933215018e-01 9.046853277929078896e-01 9.046853357600930234e-01 9.046853502891238907e-01 9.046852910458951236e-01 9.046853141007876742e-01 9.046853482688675951e-01 9.046853436993105291e-01 9.046853222764136282e-01 9.046853478353971134e-01 9.046853063510392756e-01 9.046853728916361970e-01 9.046853727959226488e-01 9.046853370535260508e-01 9.046853580150089336e-01 9.046853587520915507e-01 9.046853466352502426e-01 9.046853509539216631e-01 9.046853482047497730e-01 9.046853957084171061e-01 9.046853951850871711e-01 9.046853381496432478e-01 9.046853156084123659e-01 9.046853647904992135e-01 9.046853011943920553e-01 9.046853439412519959e-01 9.046853232568310421e-01 9.046853440695489246e-01 9.046852834767035167e-01 9.046852975596018087e-01 9.046853194396597964e-01 9.046853175776519151e-01 9.046853930718040671e-01 9.046853158645588033e-01 9.046853712476979892e-01 9.046853729042231285e-01 9.046853133528172108e-01 9.046853799697273102e-01 9.046853654212846374e-01 9.046853464322597294e-01 9.046853902718010598e-01 9.046853488818461519e-01 9.046853177840740168e-01 9.046853494303943588e-01 9.046853401945590401e-01 9.046853618684307374e-01 9.046853256326771175e-01 9.046853349367934838e-01 9.046853832145048679e-01 9.046853649082399196e-01 9.046852855462850229e-01 9.046853807793748814e-01 9.046853735168814969e-01 9.046853714151072978e-01 9.046853337325948541e-01 9.046853205527168873e-01 9.046853129808440919e-01 9.046853360157749435e-01 9.046853208102391131e-01 9.046853309294238255e-01 9.046853405424881700e-01 9.046853686472353662e-01 9.046853132826210286e-01 9.046852760217832801e-01 9.046853349340017170e-01 9.046853810378020500e-01 9.046853685249326427e-01 9.046853477937948362e-01 9.046853496657819571e-01 9.046852941952508997e-01 9.046853563400147902e-01
9.046853901088057759e-01 9.046852583784272817e-01 9.046852976921229139e-01 9.046853749336981609e-01 9.046853717187134380e-01 9.046852916995057337e-01 9.046853294385270861e-01 1.000000000000000000e+00 9.046853356554876990e-01 9.046853710830602413e-01 9.046852928622632906e-01 9.046853477601638494e-01 9.046853691803661279e-01 9.046853449418456039e-01 9.046853621518745614e-01 9.046853444752385176e-01 9.046853568146326907e-01 9.046853184395564629e-01 9.046853879871649129e-01 9.046853563185732749e-01 9.046853918143095141e-01 9.046853265072690720e-01 9.046853649335733216e-01 9.046853026245181839e-01 9.046853914731372015e-01 9.046853769048961436e-01 9.046853840762556498e-01 9.046853583051551739e-01 9.046853080555615767e-01 9.046853756733953533e-01 9.046853407866273233e-01 9.046853725120193035e-01 9.046853005136529235e-01 9.046853266844326891e-01 9.046853328607312728e-01 9.046853310591974617e-01 9.046853770957659080e-01 9.046853790791293815e-01 9.046853822480783736e-01 9.046853911326218078e-01 9.046853747038559046e-01 9.046853761024435947e-01 9.046853670270740277e-01 9.046853354372776934e-01 9.046853638205271109e-01 9.046853868905773144e-01 9.046853516286481600e-01 9.046853900076780031e-01 9.046853136126306039e-01 9.046853573611627342e-01 9.046853591816577111e-01 9.046852617813735398e-01 9.046853714059737150e-01 9.046853296478124529e-01 9.046853952440994107e-01 9.046853909770437019e-01 9.046853797866583058e-01 9.046853275163661001e-01 9.046853319617809142e-01 9.046853823118246041e-01 9.046852778643644788e-01 9.046853836349710853e-01 9.046853776404304437e-01 9.046853145071436231e-01 9.046853745724316997e-01 9.046853629644935335e-01 9.046853755721272483e-01 9.046853564262918868e-01 9.046853619877838204e-01 9.046853751130761179e-01 9.046853745176589578e-01 9.046853652069278828e-01 9.046853523006778142e-01 9.046853895580058147e-01 9.046853421764717851e-01 9.046853480424918992e-01 9.046853591938840422e-01 9.046853696003659406e-01 9.046853273433487219e-01 9.046853578714917354e-01 9.046853611186809196e-01 9.046853664455216659e-01 9.046853672228982735e-01 9.046853988044406547e-01 9.046852611034166269e-01 9.046852554625082199e-01 9.046853709072777416e-01 9.046853507342913492e-01 9.046852990237397307e-01 9.046853296807191303e-01 9.046853204720259889e-01 9.046853639578926742e-01 9.046852978808628265e-01 9.046853249712448752e-01 9.046853756408892444e-01 9.046853784855847236e-01 9.046853658129908604e-01 9.046853614715527625e-01 9.046853107875509892e-01 9.046853115894978314e-01
9.046853724491193960e-01 9.046853401741495881e-01 9.046853233398884919e-01 9.046853304373083660e-01 9.046853798615588360e-01 9.046853599521048617e-01 9.046853409638688781e-01 9.046853356554876990e-01 1.000000000000000000e+00 9.046853546424444836e-01 9.046852917131760208e-01 9.046853646364761969e-01 9.046853164584304219e-01 9.046853820607005936e-01 9.046853769544778157e-01 9.046853611391737493e-01 9.046853716280265356e-01 9.046853792599688360e-01 9.046853365551845716e-01 9.046853176393102602e-01 9.046853581297815694e-01 9.046853756976759309e-01 9.046853591192435262e-01 9.046852936629962150e-01 9.046853622312811538e-01 9.046853270064542096e-01 9.046853531939782478e-01 9.046853470347698822e-01 9.046853932586443880e-01 9.046853872856805978e-01 9.046852842207068202e-01 9.046853126369079900e-01 9.046853441785018823e-01 9.046853226306977858e-01 9.046853295574107667e-01 9.046853526589270222e-01 9.046853543780086770e-01 9.046853465393461802e-01 9.046853121951875520e-01 9.046853217486586773e-01 9.046853380548806056e-01 9.046853637538594395e-01 9.046853784748509764e-01 9.046853747521792499e-01 9.046853357513928717e-01 9.046853360721417436e-01 9.046853777870472735e-01 9.046853241329912976e-01 9.046853764602392767e-01 9.046853461059762846e-01 9.046853343761631638e-01 9.046853031447422699e-01 9.046853113227473209e-01 9.046853387693483128e-01 9.046853476574168162e-01 9.046853275344525214e-01 9.046853738685000090e-01 9.046853123214112502e-01 9.046852997501871885e-01 9.046853131986204444e-01 9.046852552769744094e-01 9.046853471930171864e-01 9.046852924613655311e-01 9.046853747673492263e-01 9.046853386551089171e-01 9.046852179492020918e-01 9.046853497358002816e-01 9.046853772499122703e-01 9.046853550312532466e-01 9.046853649385586671e-01 9.046853765422910865e-01 9.046853445691921403e-01 9.046853246126613790e-01 9.046853389035712789e-01 9.046853102552069315e-01 9.046853510416690280e-01 9.046852745301177112e-01 9.046853509744831046e-01 9.046853643408757639e-01 9.046852479781725132e-01 9.046853697656341842e-01 9.046853754165418149e-01 9.046853350855733611e-01 9.046853358828316205e-01 9.046853209157542652e-01 9.046853318395190469e-01 9.046853439974886779e-01 9.046852947252403965e-01 9.046852920009867960e-01 9.046853731473034621e-01 9.046853235104328483e-01 9.046853542918849023e-01 9.046853721508054669e-01 9.046853708455976362e-01 9.046853790377543669e-01 9.046853811694302028e-01 9.046853709907671792e-01 9.046852753638249256e-01 9.046852958585228643e-01 9.046853510259148523e-01
9.046853906510876620e-01 9.046852497495007084e-01 9.046853677065239685e-01 9.046853660649017970e-01 9.046853386916843265e-01 9.046852996303106353e-01 9.046853668498843204e-01 9.046853710830602413e-01 9.046853546424444836e-01 1.000000000000000000e+00 9.046853083402949247e-01 9.046853468461816261e-01 9.046853595968297190e-01 9.046853464436849235e-01 9.046853616634293882e-01 9.046853482424245252e-01 9.046853765206984699e-01 9.046853468366653495e-01 9.046853808351035253e-01 9.046853948832184189e-01 9.046853709515378927e-01 9.046853051819934155e-01 9.046853590724160954e-01 9.046853271861627910e-01 9.046853582796123838e-01 9.046853302053641244e-01 9.046853818216233911e-01 9.046853335859303957e-01 9.046853500361061728e-01 9.046853864924979671e-01 9.046853025520542602e-01 9.046853722316438029e-01 9.046853678076547389e-01 9.046853456599195376e-01 9.046853469509432699e-01 9.046853582352870626e-01 9.046853414927947812e-01 9.046853268595130837e-01 9.046853674945893875e-01 9.046853572057964588e-01 9.046853640733147905e-01 9.046853835609746097e-01 9.046853574795201691e-01 9.046853425915430957e-01 9.046853615387373537e-01 9.046853931916007951e-01 9.046853574938261700e-01 9.046853636986116332e-01 9.046853535080537911e-01 9.046853664742869894e-01 9.046853343895495669e-01 9.046852882599001333e-01 9.046853441758365699e-01 9.046853473941777191e-01 9.046853689735542270e-01 9.046853444624490814e-01 9.046853697892697221e-01 9.046852681244517136e-01 9.046853365568712224e-01 9.046853460093017274e-01 9.046853325946504487e-01 9.046853881128001929e-01 9.046853130219127959e-01 9.046853676031941793e-01 9.046853805788040992e-01 9.046853484133102752e-01 9.046853834817379925e-01 9.046853650552149073e-01 9.046853856943661842e-01 9.046853968129304757e-01 9.046853834311510134e-01 9.046853718776024511e-01 9.046853706997650679e-01 9.046853681244058087e-01 9.046853725654098177e-01 9.046853539451548132e-01 9.046853363281015525e-01 9.046853849214814280e-01 9.046853357149167163e-01 9.046853250957969106e-01 9.046853650683203130e-01 9.046853887724448651e-01 9.046853848605320714e-01 9.046853728838469832e-01 9.046853236292790035e-01 9.046853163294539257e-01 9.046853869763682443e-01 9.046853447874773080e-01 9.046853519191985216e-01 9.046853474474972900e-01 9.046853497036635439e-01 9.046853713860172341e-01 9.046853274496102770e-01 9.046853629544848729e-01 9.046853803879806311e-01 9.046853731626893769e-01 9.046853683751916453e-01 9.046853583899661100e-01 9.046853015494029648e-01 9.046853523974683897e-01
9.046853267897900785e-01 9.046853053375953913e-01 9.046853221088354546e-01 9.046853104148048219e-01 9.046853396594883856e-01 9.046853394151803673e-01 9.046852789834515240e-01 9.046852928622632906e-01 9.046852917131760208e-01 9.046853083402949247e-01 1.000000000000000000e+00 9.046853439272380948e-01 9.046853699602968035e-01 9.046853001007663098e-01 9.046852429854779221e-01 9.046852733318681006e-01 9.046853746959383491e-01 9.046852833658192150e-01 9.046853384075371762e-01 9.046853420376025356e-01 9.046853548737476824e-01 9.046852653898672658e-01 9.046853752900826384e-01 9.046853898861449972e-01 9.046852714943828255e-01 9.046851996082124758e-01 9.046852938959611956e-01 9.046853396238089262e-01 9.046853442891782393e-01 9.046852697422602674e-01 9.046852007447631072e-01 9.046852470898734122e-01 9.046853286090943413e-01 9.046853605319165048e-01 9.046852899497556111e-01 9.046853750474090905e-01 9.046852932674982473e-01 9.046852312376527649e-01 9.046852958538225131e-01 9.046853457170385138e-01 9.046853601454311056e-01 9.046852843233568198e-01 9.046853219968002957e-01 9.046853122405020819e-01 9.046853070617464354e-01 9.046853325147741209e-01 9.046852832478931017e-01 9.046853078944792070e-01 9.046852791133465077e-01 9.046853215008098248e-01 9.046851925149915763e-01 9.046853273092922976e-01 9.046852364538600089e-01 9.046853645316242920e-01 9.046852778185171529e-01 9.046852359836402568e-01 9.046853444385186682e-01 9.046851886576576796e-01 9.046853799497143189e-01 9.046853147834538200e-01 9.046853645685279943e-01 9.046853108716420566e-01 9.046851760045797608e-01 9.046853475911728060e-01 9.046853384875357396e-01 9.046852407104405414e-01 9.046853299544133087e-01 9.046853525972300414e-01 9.046853485053578670e-01 9.046853176481490788e-01 9.046853373133577625e-01 9.046852934243450051e-01 9.046852950664215909e-01 9.046853174489886129e-01 9.046852749802147819e-01 9.046853462558048786e-01 9.046851940017591742e-01 9.046853322503808359e-01 9.046853089648930757e-01 9.046851802587239089e-01 9.046852737932550292e-01 9.046853017193631219e-01 9.046853215191505981e-01 9.046852606538499098e-01 9.046853788671785912e-01 9.046853790838355058e-01 9.046853687975807690e-01 9.046852490692962601e-01 9.046853533844163575e-01 9.046853007963607807e-01 9.046853487102870517e-01 9.046853084851740334e-01 9.046853137237264031e-01 9.046853580366325254e-01 9.046853419919758110e-01 9.046853317266576600e-01 9.046853751437436975e-01 9.046853065986545372e-01 9.046853898494543467e-01 9.046852283988289223e-01
9.046853859547762111e-01 9.046853467788176228e-01 9.046853296434685943e-01 9.046853663515358468e-01 9.046853731290844802e-01 9.046853532025733724e-01 9.046853705069001217e-01 9.046853477601638494e-01 9.046853646364761969e-01 9.046853468461816261e-01 9.046853439272380948e-01 1.000000000000000000e+00 9.046853603568936197e-01 9.046853511698160766e-01 9.046853262448567579e-01 9.046853757908372984e-01 9.046853953743884125e-01 9.046853692763936472e-01 9.046853688971634444e-01 9.046853435693387180e-01 9.046853734224593602e-01 9.046853182386287440e-01 9.046853982440498099e-01 9.046853405861494668e-01 9.046853626471751397e-01 9.046852834035460367e-01 9.046853822643105003e-01 9.046853733014876831e-01 9.046853704339835600e-01 9.046853494651460048e-01 9.046852853303788411e-01 9.046852936964246972e-01 9.046853692520931967e-01 9.046853448362749406e-01 9.046852944482312031e-01 9.046853702216176574e-01 9.046853497255893384e-01 9.046853290158022309e-01 9.046853567872293889e-01 9.046853502605882724e-01 9.046853877360288010e-01 9.046853399565319975e-01 9.046853574625950412e-01 9.046853673917945038e-01 9.046853672122882051e-01 9.046853672333992069e-01 9.046853578674847185e-01 9.046853426252180475e-01 9.046853669376666573e-01 9.046853852235290372e-01 9.046853017654548079e-01 9.046853527510523296e-01 9.046853493362473353e-01 9.046853757171653410e-01 9.046853521491075023e-01 9.046853307728276450e-01 9.046853936424695819e-01 9.046852871416081188e-01 9.046853642572633136e-01 9.046853607929579155e-01 9.046853224520965409e-01 9.046853749065845163e-01 9.046853065106682523e-01 9.046853788727919898e-01 9.046853684953866104e-01 9.046852833165395236e-01 9.046853821451374955e-01 9.046853971333101985e-01 9.046853815758346684e-01 9.046853823789109406e-01 9.046853679886571742e-01 9.046853180614240486e-01 9.046853548276253543e-01 9.046853458430518247e-01 9.046853293177641309e-01 9.046853755131624153e-01 9.046853006211915682e-01 9.046853680876040249e-01 9.046853680013490218e-01 9.046852429511439420e-01 9.046853563223017369e-01 9.046853463374253668e-01 9.046853640243482930e-01 9.046853342008561727e-01 9.046853522071788278e-01 9.046853622391898275e-01 9.046853653004752749e-01 9.046852963879919995e-01 9.046853423447076548e-01 9.046853315820877484e-01 9.046853554107114892e-01 9.046853123822715670e-01 9.046853380133840217e-01 9.046853577462956597e-01 9.046853830685656073e-01 9.046853809609031183e-01 9.046853817829804134e-01 9.046853384591549974e-01 9.046853390480260604e-01 9.046852905157023450e-01
9.046853646428477669e-01 9.046852809308895127e-01 9.046853000631646102e-01 9.046853422672437306e-01 9.046853588254584189e-01 9.046853153718359408e-01 9.046853065931144133e-01 9.046853691803661279e-01 9.046853164584304219e-01 9.046853595968297190e-01 9.046853699602968035e-01 9.046853603568936197e-01 1.000000000000000000e+00 9.046853118858615428e-01 9.046852909173418444e-01 9.046852947950938528e-01 9.046853890884311022e-01 9.046853162553735173e-01 9.046853689353636652e-01 9.046853693635771299e-01 9.046853819840824373e-01 9.046852717049046477e-01 9.046853898649500625e-01 9.046853506166478986e-01 9.046853273219376268e-01 9.046852921845724982e-01 9.046853510568255707e-01 9.046853437751820604e-01 9.046853393440369429e-01 9.046853243063341932e-01 9.046852374111190587e-01 9.046853029934679435e-01 9.046853511900639910e-01 9.046853884385637201e-01 9.046852859496529176e-01 9.046853537793613231e-01 9.046853366506995009e-01 9.046852958671832701e-01 9.046853469288829164e-01 9.046853843757862723e-01 9.046853779672739959e-01 9.046853238432195354e-01 9.046853357330905121e-01 9.046853039048335932e-01 9.046853482203927044e-01 9.046853850754997817e-01 9.046853088871177340e-01 9.046853686475152534e-01 9.046852884008395046e-01 9.046853535918365496e-01 9.046852550718623709e-01 9.046853135207012508e-01 9.046852952044140972e-01 9.046853851553232628e-01 9.046853340256918452e-01 9.046853203640351504e-01 9.046853809081277786e-01 9.046852159386203907e-01 9.046854038342243554e-01 9.046853532827852096e-01 9.046853301595240149e-01 9.046853620246362304e-01 9.046852771415554439e-01 9.046853352948136529e-01 9.046853624626135515e-01 9.046853307961623125e-01 9.046853539410474321e-01 9.046853522405774450e-01 9.046853919554690426e-01 9.046853624015041007e-01 9.046853667240669639e-01 9.046853153333759279e-01 9.046853325784391942e-01 9.046853539428364455e-01 9.046853095720130966e-01 9.046853541745252247e-01 9.046852639137443752e-01 9.046853475504144093e-01 9.046853043542729678e-01 9.046852510314062901e-01 9.046852997732008905e-01 9.046853385697293248e-01 9.046853471968776539e-01 9.046853496869677880e-01 9.046853481061711832e-01 9.046853335234793514e-01 9.046854033457392141e-01 9.046852748078254569e-01 9.046853599578450478e-01 9.046853013923141784e-01 9.046853222342781109e-01 9.046853235011015348e-01 9.046853445283632444e-01 9.046853400471069895e-01 9.046853625644187824e-01 9.046853479030606549e-01 9.046853878947315186e-01 9.046853432122519134e-01 9.046853455822578827e-01 9.046852516968800773e-01
9.046853638963401334e-01 9.046853413411272138e-01 9.046853257401646919e-01 9.046853644587226073e-01 9.046853736519614442e-01 9.046853783428047135e-01 9.046853510569666801e-01 9.046853449418456039e-01 9.046853820607005936e-01 9.046853464436849235e-01 9.046853001007663098e-01 9.046853511698160766e-01 9.046853118858615428e-01 1.000000000000000000e+00 9.046853608786981082e-01 9.046853559476012441e-01 9.046853622393229433e-01 9.046853771971211655e-01 9.046853356240007749e-01 9.046853120313828045e-01 9.046853792984569376e-01 9.046853520729805087e-01 9.046853581162972446e-01 9.046852886270795313e-01 9.046853558754220925e-01 9.046853419251448258e-01 9.046853609348007863e-01 9.046853576193828461e-01 9.046853629923278239e-01 9.046853887631557400e-01 9.046853529177514286e-01 9.046853328257382643e-01 9.046853145327503620e-01 9.046853254599862559e-01 9.046853620501709159e-01 9.046853468489407524e-01 9.046853877710574476e-01 9.046853644624569535e-01 9.046853038129948343e-01 9.046853358511102172e-01 9.046853585643456208e-01 9.046853844650188936e-01 9.046853899683171552e-01 9.046853981633816710e-01 9.046853710811167959e-01 9.046853274014304835e-01 9.046853938262946482e-01 9.046853536935240969e-01 9.046853836078811995e-01 9.046853700621332317e-01 9.046853409689191716e-01 9.046853280874013192e-01 9.046853255669277116e-01 9.046852981441062536e-01 9.046853406261691211e-01 9.046853579270731638e-01 9.046853618567469724e-01 9.046853538742098966e-01 9.046852879169747785e-01 9.046853083760814096e-01 9.046852910739968667e-01 9.046853600929646300e-01 9.046853253618747370e-01 9.046853467192681464e-01 9.046853698094639018e-01 9.046852410226657870e-01 9.046853472157231346e-01 9.046853663950508162e-01 9.046853327598263217e-01 9.046853543290885868e-01 9.046853773570843193e-01 9.046853493795797840e-01 9.046853402937526933e-01 9.046853785128207148e-01 9.046853434916579673e-01 9.046853472032355681e-01 9.046853069425326854e-01 9.046853672985204486e-01 9.046854000573473220e-01 9.046852762954273874e-01 9.046853881344411041e-01 9.046853877798990418e-01 9.046853320921935948e-01 9.046853406315797930e-01 9.046853117916160425e-01 9.046853010610638179e-01 9.046853435446357006e-01 9.046853120751080501e-01 9.046852943226474375e-01 9.046853994947445798e-01 9.046853422981546711e-01 9.046853612513483522e-01 9.046853310976646911e-01 9.046853421014222629e-01 9.046853844018136748e-01 9.046853905963885278e-01 9.046853769433550463e-01 9.046852912823597492e-01 9.046853290624959909e-01 9.046853745607521535e-01
9.046853799288518960e-01 9.046852866616289512e-01 9.046853359946634976e-01 9.046853504040496263e-01 9.046853548525720656e-01 9.046852852116390453e-01 9.046853427718414276e-01 9.046853621518745614e-01 9.046853769544778157e-01 9.046853616634293882e-01 9.046852429854779221e-01 9.046853262448567579e-01 9.046852909173418444e-01 9.046853608786981082e-01 1.000000000000000000e+00 9.046853618808355924e-01 9.046853307124504973e-01 9.046853279034161588e-01 9.046853544320915264e-01 9.046853222148961704e-01 9.046853518622125501e-01 9.046853831691958892e-01 9.046853317885367174e-01 9.046852839810450853e-01 9.046853916062036483e-01 9.046853768599381063e-01 9.046853521709975476e-01 9.046853580386488014e-01 9.046853355779518324e-01 9.046853895481130614e-01 9.046853380265930111e-01 9.046853785167270345e-01 9.046852803770246698e-01 9.046852568165042463e-01 9.046853515777827370e-01 9.046853331173875246e-01 9.046853567112962402e-01 9.046853780981655158e-01 9.046853504288556724e-01 9.046853299487165323e-01 9.046853375617458504e-01 9.046853930262652721e-01 9.046853759005409890e-01 9.046853519927641196e-01 9.046853109733178355e-01 9.046853349220992380e-01 9.046853575770178457e-01 9.046853464197156525e-01 9.046853572327151483e-01 9.046853299812760429e-01 9.046853980350222368e-01 9.046852244469185678e-01 9.046853538872812184e-01 9.046852802932715543e-01 9.046853860090431354e-01 9.046853429526862111e-01 9.046853445179805497e-01 9.046853457667040077e-01 9.046852493353322311e-01 9.046853332688647997e-01 9.046852252932183758e-01 9.046853603085388551e-01 9.046853368575829002e-01 9.046853478815957139e-01 9.046853418086141518e-01 9.046852824206402799e-01 9.046853653271523799e-01 9.046853564441865725e-01 9.046853165500970961e-01 9.046853653859389111e-01 9.046853565324816104e-01 9.046853741095906010e-01 9.046853099903310325e-01 9.046853518096258373e-01 9.046853209533020079e-01 9.046853116716235821e-01 9.046853337069852286e-01 9.046853640534974206e-01 9.046853318457650506e-01 9.046853474810631068e-01 9.046853889947821248e-01 9.046853838373019041e-01 9.046853539765195018e-01 9.046853652534405654e-01 9.046852478014010268e-01 9.046852610935049999e-01 9.046853173374481694e-01 9.046853612942117318e-01 9.046852470026426341e-01 9.046853621450530181e-01 9.046853349123302745e-01 9.046853813929596200e-01 9.046852930183988395e-01 9.046853570148625234e-01 9.046853796671981973e-01 9.046853788327211543e-01 9.046853412179428622e-01 9.046853198188047340e-01 9.046852745855620270e-01 9.046853759941448914e-01
9.046853906661037614e-01 9.046852817279960046e-01 9.046853384677321364e-01 9.046853757684130137e-01 9.046853522086419908e-01 9.046853091466483532e-01 9.046853708705446806e-01 9.046853444752385176e-01 9.046853611391737493e-01 9.046853482424245252e-01 9.046852733318681006e-01 9.046853757908372984e-01 9.046852947950938528e-01 9.046853559476012441e-01 9.046853618808355924e-01 1.000000000000000000e+00 9.046853477610009575e-01 9.046853557856654460e-01 9.046853724093674165e-01 9.046853265199107375e-01 9.046853499228856288e-01 9.046853405247502478e-01 9.046853465945775552e-01 9.046853086987046710e-01 9.046853796860518937e-01 9.046853063396764760e-01 9.046853832460206579e-01 9.046853478961335293e-01 9.046853282050260070e-01 9.046853729621235907e-01 9.046853409151141001e-01 9.046853398934568968e-01 9.046853259237281897e-01 9.046852787295754927e-01 9.046853229264184559e-01 9.046853369643390597e-01 9.046853311427969224e-01 9.046853632450108096e-01 9.046853709158221291e-01 9.046853373214502891e-01 9.046853591790516846e-01 9.046853630292657211e-01 9.046853738974398595e-01 9.046853865047591592e-01 9.046853627094652017e-01 9.046853515510765442e-01 9.046853870432866040e-01 9.046853134453054501e-01 9.046853742717092528e-01 9.046853541207371396e-01 9.046853524328617446e-01 9.046853088712498714e-01 9.046853837372428320e-01 9.046853158300330877e-01 9.046853770000504724e-01 9.046853522120846813e-01 9.046853744204305103e-01 9.046853514305187582e-01 9.046852804645708623e-01 9.046853592202890315e-01 9.046852968522924865e-01 9.046853595235104795e-01 9.046853428491892224e-01 9.046853581204556960e-01 9.046853697060083244e-01 9.046852764514967671e-01 9.046853905093766857e-01 9.046853894382085315e-01 9.046853389722094851e-01 9.046853678709670943e-01 9.046853492817198417e-01 9.046853649273131071e-01 9.046853748841862108e-01 9.046853579673129753e-01 9.046853660680433951e-01 9.046853621546927515e-01 9.046853658821681909e-01 9.046853671450991730e-01 9.046853737817593943e-01 9.046853097257674392e-01 9.046853928130836886e-01 9.046853480760751465e-01 9.046853648535747583e-01 9.046853452386619532e-01 9.046852732732635349e-01 9.046853022049650139e-01 9.046853190079959806e-01 9.046853629924566098e-01 9.046852736265970085e-01 9.046853499687207423e-01 9.046853553849915075e-01 9.046853414829919560e-01 9.046852818454127476e-01 9.046853434145986084e-01 9.046853697519271487e-01 9.046853842588472583e-01 9.046853414116644565e-01 9.046853442026749903e-01 9.046852884948493045e-01 9.046853274397541611e-01
