1.000000000000000000e+00 -7.518065213066187080e-02 3.969222011352956381e-01 2.414653370547186970e-02 7.748853292313027941e-02 2.251121544996653179e-01 1.444427959561465080e-01 -2.228814779124398474e-02 -6.337988481750689816e-03 8.890065028845871298e-02 1.198669136375975081e-01 5.387393240783791559e-02 -2.349370969071881143e-01 -2.745756011516101713e-01 -2.946837394105551455e-01 5.671188653795797840e-01 -2.134334556169119601e-01 -3.347417947019364348e-01 -3.148794232843125096e-01 -3.160758930247997700e-01 -3.001093486909838237e-01 -2.716129324343964924e-01 -2.422710336730123648e-01 -7.253859552521871312e-02 2.835590162434368788e-01 1.418633950013167278e-01 -2.303582861775490265e-01 -9.764018117413097997e-02 -2.088062358942884555e-01 -2.250153586048031229e-01 -5.546733381089274245e-02 2.984007836287783100e-01 2.682899945571360911e-01 -2.851227918074332179e-01 -3.156631329007787978e-01 -6.046746088107841227e-02 -1.859278008324361242e-01 4.416784427413604774e-01 2.277230027762397746e-01 4.279442569143258879e-02 -1.121866400997556107e-01 1.040000820606386267e-01 1.580568555320506236e-03 -9.487805218381963057e-02 -1.424737796817596991e-01 -1.869431983227560490e-01 -2.429655823042570217e-01 -1.189433158774135108e-01 2.937791001585390860e-01 -7.910081343145886068e-02 6.002647584004355830e-01 1.120042759533698556e-01 1.409230006440115313e-01 -2.782018835861589656e-02 1.147185933144366510e-01 2.248429866310210634e-01 1.076266730994718257e-02 -1.581776689459486462e-01 7.171236604222853972e-02 1.456643805386652890e-01 -5.625629622566324928e-02 -2.093019318442762289e-01 -3.048509841213854488e-01 -2.544167182697403273e-01 -2.859857162852830759e-01 -2.289209079702292093e-01 1.506672041438750775e-01 -2.372680140187194697e-01 -2.349048335996113679e-01 -2.106721599839445347e-01 -3.327389938466189800e-01 -2.318548443023589201e-01 -2.613853446810196490e-01 5.821367117052224371e-02 -7.076646529105946881e-02 2.389296131997647454e-01 -3.036432399743975719e-01 -1.990676275007672580e-01 -2.551992465199152960e-02 2.675529813757835385e-01 -7.493329837928489057e-02 -7.658038848254791753e-02 -2.167761048404807100e-01 -2.269122745056224855e-01 -3.025235639637863794e-01 -2.794997611335025001e-01 -1.805758068311347775e-01 -5.121662720465281621e-02 -1.593093367540823202e-01 -2.148095478745052148e-02 2.068029546232038884e-01 3.097905751675943398e-01 2.202284945849762865e-01 2.520717392240408028e-01 9.509297166945393162e-03 -1.943384264619641977e-01 -1.988360774854245061e-01 -5.853947455195049332e-02 1.138147388264671989e-01 -3.322453093684402115e-02
-7.518065213066187080e-02 1.000000000000000000e+00 3.756255724302099419e-01 5.568263186959353517e-01 6.300309185482674268e-01 3.117023481529325735e-01 1.113885362858431649e-01 2.894922708656012533e-01 1.629056870684398584e-01 -2.813107225490933949e-01 -9.850191507555704218e-02 -6.321227618903163537e-02 3.287106955027835342e-02 3.204812104046756982e-01 3.477168091499104330e-01 4.094746048464854016e-01 -3.206522294137447576e-02 1.843296695756017067e-01 1.974848675462959335e-01 7.776506974504669711e-02 3.356662310953597572e-01 -6.309448328917124926e-02 3.609386938624500885e-01 -2.392673553079090465e-01 -1.096243938209897142e-02 -3.233698853892565117e-02 1.440625206828887173e-01 -1.070855026364500445e-01 3.062147905306169052e-02 3.911325549516425082e-01 -1.066028280935935046e-01 1.574787924404352779e-01 1.158726370725938065e-01 1.297463803801977567e-01 -3.415625845806884858e-02 -1.100427574749262838e-01 -1.295474943861427142e-01 7.092370650215272521e-02 1.454972873929018598e-02 -2.682498963390884117e-01 -2.463005082138088053e-01 6.284691644911628849e-02 1.052181093742583506e-01 -2.933039345505637080e-02 -4.629165687270139079e-02 1.680184257613997756e-01 2.870673588134829979e-01 1.988528192674947070e-01 1.085981865357071308e-01 -2.046494021932587781e-01 2.219838693056547796e-01 7.488119929950964870e-01 6.421111511846188113e-01 5.488398950838947465e-01 3.971790836183163309e-01 2.655980057101512970e-01 4.374239035194666947e-01 3.518131460924296405e-01 -1.788798626624555077e-01 -1.786538249496433806e-01 -1.606076169867474979e-01 5.870404469296574765e-03 2.077219717843450109e-01 3.406030164799324633e-01 3.211039529767598100e-01 3.575473987522267971e-01 -6.233474478338655450e-02 1.405559322683833934e-01 1.389952295481141631e-01 2.174015884068160875e-01 3.414206694933399899e-01 6.807197622986377317e-02 3.877729280188337846e-01 -2.681499875716511494e-01 -1.869208681194773347e-01 -8.529472936555927698e-02 1.895891108970975125e-01 3.470569796935266682e-01 -2.086790969719403421e-01 7.546770608692357496e-02 -2.180265105131743431e-01 -2.877938809670689269e-01 -2.064407285363681899e-01 -1.186843746008811179e-01 1.044754930440631863e-01 1.509894399699059919e-01 3.494529123069873427e-02 -6.793223104283907521e-02 -8.872981692089382255e-02 -3.497339905632160240e-01 1.553600198444701208e-01 -3.785376932165259584e-02 2.161870617912321074e-02 -1.380149381305051937e-01 -3.374391264743217822e-01 -7.133446090703630948e-02 1.175720477130823977e-01 1.833558249814110086e-01 1.586732359592273045e-01 -1.841414232080681446e-01
3.969222011352956381e-01 3.756255724302099419e-01 1.000000000000000000e+00 1.793805777970383097e-01 4.255120164117343062e-01 6.291975419121137447e-01 2.853734511219394032e-01 4.050364706504964718e-01 3.632979235324672596e-01 -1.310520000919013772e-01 2.463565658301677119e-01 2.499721112995853256e-01 8.015651594646137912e-02 1.220895360205751234e-01 8.657548855986645087e-02 4.162503106572544298e-01 5.320462674084448090e-02 1.012600074397986966e-01 1.034009058606771489e-02 -3.103737034776419754e-02 9.960449000169097067e-02 2.010300934052554334e-02 1.152026578920269106e-01 1.495373703963554825e-02 3.955612523654612050e-02 2.133994629187687952e-01 -7.395376459141002508e-03 -6.492975306349690889e-02 3.336195706448688569e-02 1.203722318010507497e-01 -1.057683324280327547e-01 3.900826692861211059e-02 -4.904457060917896682e-02 1.085060054168167087e-01 5.789440446546594010e-02 -1.681685641011290006e-02 -1.947438679320091515e-01 1.452117850949766753e-01 2.079130443419860974e-01 -3.337598542669818064e-02 -1.330662329398125954e-01 1.893093804346675790e-01 1.792567884281428825e-01 7.056697688402802093e-02 -1.164566847475142081e-01 4.672509587742892587e-03 5.202951353896179826e-02 1.021439365484314195e-02 4.374206656538701110e-01 -1.165176089079835303e-01 2.376478408983618285e-01 5.632475856756624655e-01 3.629555463478821853e-01 2.465556936187734971e-01 6.100715028111134419e-01 7.334318179895902290e-01 3.704058975710585178e-01 4.399165293304191371e-01 -9.796338788330563596e-02 2.313697094953905964e-01 7.847491587372408539e-02 5.875688789895534142e-02 4.853051873478022443e-02 1.822434074219212163e-01 9.761390353245694151e-02 1.343470445016312631e-01 7.186640328254655097e-02 1.299114985349317797e-01 1.067412716811209500e-01 2.218153410193548780e-01 1.212367591882257817e-01 1.723856590885036177e-01 1.402739573926196637e-01 -2.194261924177657880e-03 4.968933130833628337e-02 3.017598980481372983e-01 5.209070706468855311e-02 1.032074378602676895e-01 -2.346763626628121657e-01 1.934358964596228497e-02 -1.277194136507253941e-01 -1.571391264854041236e-01 -2.566117507833255984e-01 2.175441050838795506e-02 -9.656331863956371274e-04 -1.028901986394514280e-02 -1.824114371447336791e-01 -2.751565506668842906e-02 -8.428184731984400546e-02 -1.357989497717169425e-01 2.081786027771575023e-02 4.878817624458838681e-02 1.203738567315072450e-01 1.280236557376947804e-01 2.619844772875755054e-02 -1.031243580945916116e-01 -8.299240927119305722e-02 9.410538166695488205e-02 3.575745165332388509e-01 -1.378464101279496257e-01
2.414653370547186970e-02 5.568263186959353517e-01 1.793805777970383097e-01 1.000000000000000000e+00 6.872036373933116948e-01 -3.664157679049758615e-02 -2.001382203680224237e-01 -1.377452241731099702e-01 -1.571852736306299236e-01 -3.095939924891758510e-01 -3.102296686215742783e-02 2.316390972229449494e-02 1.538094127310457027e-01 4.745247738469041132e-01 4.858550581402223956e-01 2.713772157629971704e-01 1.233968092674183614e-01 1.361736154654001885e-01 3.977429931911700134e-01 2.716550966000137457e-01 5.183416911649622039e-01 3.747464619550500836e-02 5.006496822920107892e-01 -2.407747270672825901e-01 -2.065550994860912981e-01 1.105511945217245856e-01 1.930220060443253172e-01 6.325588166587144123e-02 2.554344109293545384e-01 4.673640558181882954e-01 -1.044934410756226811e-01 4.570392236179472989e-01 4.327262888365333016e-01 1.546831347778032661e-01 3.821398008646169353e-02 -1.256510045094565153e-01 5.224992291011108791e-02 5.748953617127386395e-02 1.205770043764639761e-02 -3.936793021466523101e-01 -2.368448141145878816e-01 -1.090832962256119421e-01 2.141750430047667242e-01 3.655848146977200980e-02 1.244804629842028304e-01 1.204284624491056693e-01 3.937589602635683805e-01 1.878800742231273857e-01 2.081169280889778785e-03 -1.219603030875122535e-01 3.313426335567244974e-01 2.327225383091912625e-01 6.847913975218254956e-01 8.419101875866230600e-01 8.720332967735324944e-03 1.070256371759197717e-01 1.256270906479481919e-01 -3.480511942401579017e-02 -2.335960455918172640e-01 5.987871297024194989e-02 -6.870621860040076849e-03 2.600536003094703896e-01 4.192904409043000102e-01 4.695668408249941139e-01 5.148836134986359836e-01 5.107364421141292743e-01 -1.601395677473975987e-01 2.615350019785122049e-01 2.780984995173820806e-01 7.855901393844857972e-02 4.968824628781670083e-01 1.561903659759701080e-01 4.819590032917370204e-01 -3.790111741636157938e-01 -3.881886244572338440e-02 1.746181603714745331e-02 3.266250144057931681e-01 3.587317824427068702e-01 -2.559014925004458596e-01 4.538664118728115704e-01 8.389971442641634691e-02 -1.139755433874788115e-01 -6.955519140030920477e-02 7.923790678633845300e-03 1.008269407516536043e-01 3.545660045017207662e-01 1.204034473889776663e-01 1.144714797415318473e-02 -9.264903638946178632e-02 -2.125737234328745617e-01 4.920878880319731752e-01 -2.352207473538701910e-01 -3.276863200613511218e-02 -2.849327015960559373e-01 -2.352280285357143119e-01 1.524440809825457904e-02 1.631694718915156772e-01 2.269284510967001789e-01 -6.015035279911418176e-02 -1.520168571223325937e-01
7.748853292313027941e-02 6.300309185482674268e-01 4.255120164117343062e-01 6.872036373933116948e-01 1.000000000000000000e+00 3.774785780056469919e-01 7.498573190921925535e-02 2.181706534738498404e-01 2.152326063048662086e-01 -2.058624346886269718e-01 7.574402802751392660e-02 3.754126776019127421e-02 1.310098457368117086e-01 3.492510197005456174e-01 3.362896512619382161e-01 3.744080780120908059e-01 1.359779420718991993e-01 1.403650191293414617e-01 2.824676361862409335e-01 1.697777836782512206e-01 4.073297216931244247e-01 -1.561220384884322299e-02 3.184164873669398932e-01 -1.280355731792070240e-01 -1.024984900362416185e-01 6.837012114527152296e-02 3.689537321453771612e-02 -1.152196508460208296e-01 1.851653478399537256e-01 3.090298555664259261e-01 -1.545095290270342703e-01 2.848390008951049435e-01 2.350139722208801352e-01 1.482355836825606510e-01 1.061632803268355494e-04 -1.114249960186993460e-01 -4.322604986848797154e-02 1.527712246303420673e-01 1.693306030905154802e-01 -2.459086384832726013e-01 -2.035854499833081310e-01 -7.952562670612899065e-02 1.067238343281434465e-01 8.367802951374059967e-03 -3.336092363385530224e-02 -6.496695223916984160e-03 2.247204585496302143e-01 5.389853130406444676e-02 1.824502303442259998e-01 -7.393783776187490275e-02 2.735034168190411674e-01 5.077035094393240744e-01 6.896114909023632888e-01 6.848383112642550952e-01 4.039285852242399666e-01 3.926893343582910090e-01 3.835897347946842784e-01 2.750645806762867518e-01 -1.406157441325942559e-01 -3.389662633288681448e-02 -6.759756289917372152e-02 1.550341722346096351e-01 2.523937614279378461e-01 3.612571580881320243e-01 3.694586647089349030e-01 3.737895546590216389e-01 9.493580662343006557e-03 2.480690660404616665e-01 1.884227245955629459e-01 1.108911778625891603e-01 3.942676190428913152e-01 1.429328248526226253e-01 3.279339439071257689e-01 -2.057743139335672378e-01 -7.068221114468553612e-02 -3.867047261752962206e-02 2.529128762551716147e-01 2.066949636584873295e-01 -3.038249672442190907e-01 2.686398428045332354e-01 -7.325292364902498410e-02 -1.539186565845935550e-01 -1.961094945134428946e-01 -3.751222006630781924e-02 -9.432435416661940492e-03 1.782920963204119857e-01 6.018262578408564017e-02 -1.168219289565069069e-01 -3.573265942165985976e-02 -2.087098884230333129e-01 3.323412663697390412e-01 -2.230115213822569942e-02 1.117333362443464900e-01 -3.156253617085924001e-01 -2.891883172749000752e-01 -6.779066173402964468e-02 4.363493741842023113e-03 1.093581906181904650e-01 2.106323977839978934e-01 -7.838506334894769501e-02
2.251121544996653179e-01 3.117023481529325735e-01 6.291975419121137447e-01 -3.664157679049758615e-02 3.774785780056469919e-01 1.000000000000000000e+00 5.616190092095098008e-01 6.778854067859834132e-01 7.064552671569229725e-01 1.313493558961706109e-01 2.743309706150460214e-01 1.028289536620480976e-01 3.461270597796449466e-02 1.998519322000325005e-02 -1.537773095016789493e-02 4.013715039429524012e-01 4.229183949082304661e-02 9.644793685949569484e-02 -8.140786930937615740e-02 -1.463710508685239775e-01 -3.841217571298845973e-03 1.344776292384820783e-03 -6.475192547407432331e-02 8.723884586721868117e-02 2.118156124827411113e-01 1.250739081826277854e-01 -1.699908048846619224e-01 -2.444038386598998969e-01 -6.781684603331275540e-02 -3.001361289364134132e-04 -1.103209112467175707e-01 -6.044715397408248481e-02 -8.264044934592368330e-02 6.857709398456487970e-02 -4.930614759593640595e-02 -7.935410714498944765e-03 -1.905599724386453087e-01 2.229848350798425693e-01 4.100959070276362084e-01 2.514186087131634606e-01 2.066970050037099729e-02 2.500647630654357356e-01 8.330670206818513446e-02 1.401444645834986659e-02 -2.263267302783689150e-01 -1.115877730739148893e-01 -1.190988327973273309e-01 -1.206905649026371180e-01 4.963401438639053476e-01 2.010187419693463401e-02 1.312649509594794872e-01 5.244665368326432153e-01 2.596529140809087366e-01 4.037238899811511350e-02 8.223527807512461818e-01 7.889777690216335237e-01 6.267229052093072905e-01 6.472736338735254336e-01 1.865819846947371907e-01 -2.549144729381334212e-02 -2.911248881883906833e-02 -2.059452203906684403e-02 -7.359044262545418047e-02 5.980914798448705438e-02 -1.758246278172815452e-02 1.940253089939061870e-02 3.271598005751056859e-01 1.127319305146434331e-01 -1.408133560845464816e-02 1.651278438126660142e-01 -9.330736511687974175e-03 1.218227643423776263e-01 -3.176344626377440583e-02 2.414347825806134884e-01 2.987149100578261399e-02 1.180872513359117332e-01 -1.516443145391740792e-02 -3.300572579105385401e-02 -1.861701543187711527e-01 -7.191759374316931963e-02 -1.919220688562692789e-01 -1.866863628337856462e-01 -2.392383846667691660e-01 -4.109782323482524813e-02 -1.545892079857077162e-01 -1.997135528231173129e-01 -1.168553961738902497e-01 -1.710082650105434199e-01 7.997262446574176717e-03 -5.423655215157124204e-02 -4.258095206677581929e-02 3.375105804546006949e-01 3.083857566514812687e-01 1.167360918466560510e-01 -7.849394177200846867e-02 -1.012212745138849485e-01 -2.494100066592452869e-01 -7.851359834980865815e-02 5.615251401194807368e-01 -3.207047135123006903e-02
1.444427959561465080e-01 1.113885362858431649e-01 2.853734511219394032e-01 -2.001382203680224237e-01 7.498573190921925535e-02 5.616190092095098008e-01 1.000000000000000000e+00 7.218697731670687956e-01 6.210854590424502719e-01 4.480354244328165203e-01 9.406772414684505534e-02 5.584513087367384138e-02 -9.399700498298295404e-02 -2.054318232352175255e-01 -2.339761926641767686e-01 3.990863484387021654e-01 -6.880171991901500028e-02 8.871077294469426056e-02 -2.048750262510864173e-01 -1.976150292241937168e-01 -2.586899141059108564e-01 -1.481728207464174385e-01 -2.402869174258036866e-01 1.499614949827952903e-01 3.258434122424596624e-01 9.714721998172796968e-03 -1.848466952956769882e-01 -2.031316642755413016e-01 -1.770965516176521704e-01 -1.752971802013711389e-01 1.414907362433767135e-01 -9.082381173507263206e-02 -1.310605411799260073e-02 -3.185433787776340009e-02 -1.604511546855531823e-01 4.081960096907151503e-02 -1.018396745328459807e-01 3.591626992750008851e-01 4.717044360148014426e-01 5.547747011971791986e-01 2.312301959705519439e-01 2.800915148972545343e-01 1.865863631899181488e-02 3.083674375591880651e-02 -1.423526593234788196e-01 -1.076882896290504987e-01 -2.821677753439274516e-01 -1.947729036993777196e-01 2.421551411448791269e-01 5.265242540111181313e-02 3.985347587834722760e-02 2.898264403901767983e-01 3.525306277337190985e-02 -2.608028504807377024e-01 5.705785192263446159e-01 4.257408324685442724e-01 5.949712576149143173e-01 4.855881390805348308e-01 4.038836629202763873e-01 -1.184762732365018389e-01 -4.600760587931341378e-02 -1.581943490374816685e-01 -2.225330237911456455e-01 -1.902129961135493319e-01 -2.274956032649710636e-01 -1.863413008353017597e-01 5.096169270438355436e-01 -7.907568409466854409e-02 -1.853104473422492460e-01 3.359564538031348246e-02 -2.363250229384774304e-01 -7.073690251036711396e-02 -2.347716964501185555e-01 4.303249536760053173e-01 1.016740871109197142e-01 -2.272744094038363361e-02 -1.276139161529742383e-01 -1.119367754868086789e-01 1.018488264433167895e-01 -8.402952893639033249e-02 -2.340011836965730230e-01 -2.020169478023397525e-01 -1.689238466848598172e-02 -1.015173219228200086e-01 -1.660876208200973980e-01 -3.635726288659645311e-01 -9.467155280365154024e-02 -9.903427611127404995e-02 1.005856502285328996e-01 -1.247565856881815982e-02 -9.694879945316015046e-02 3.966535750277249139e-01 3.995198364781978317e-01 2.278659329561257274e-01 -7.856929662487549537e-03 6.314319043260302466e-02 -2.078448726532540758e-01 -2.054126617514969999e-01 2.854777622020397421e-01 1.072755132214645545e-02
-2.228814779124398474e-02 2.894922708656012533e-01 4.050364706504964718e-01 -1.377452241731099702e-01 2.181706534738498404e-01 6.778854067859834132e-01 7.218697731670687956e-01 1.000000000000000000e+00 8.158299409045393080e-01 2.669766422324415522e-01 2.416606189869864585e-01 1.237032082643198388e-01 8.160307724712925759e-02 1.325277249550462638e-02 -7.878649264980833872e-03 2.221510407206210014e-01 7.015951602256002839e-02 3.061595913814194048e-01 -3.673310078417827557e-02 -7.405172129155626615e-02 -5.926586712910193039e-02 9.292107850110213618e-02 -1.056162587933325431e-01 2.276550499307722630e-01 1.743585881445199881e-01 7.581287231107917968e-02 -9.341400861231251296e-02 -1.330809734100845410e-01 -3.331680234169875909e-02 1.242826451472535572e-02 7.738937098912250512e-02 -2.191021082264218434e-01 -1.743601973476502920e-01 2.167521758953689648e-01 2.268152364601146859e-02 2.878478598353051421e-02 -1.388167734354482930e-01 1.646410028843622864e-01 2.794894937209732588e-01 3.506012344885936494e-01 1.641806221698202672e-01 2.740347318165480273e-01 8.112029139137698353e-02 4.384671796786780706e-02 -2.682843447325852781e-01 2.605322708353366434e-02 -1.448768219940100577e-01 -9.235101651782638699e-02 2.488312817453697812e-01 1.183997391995333243e-01 1.610788382783066158e-02 4.665731095936561101e-01 1.429723050479385915e-01 -5.590716541846384863e-02 7.416841161476315225e-01 6.154047980605548140e-01 8.015069364948717023e-01 8.295951364844180720e-01 2.785158134903992777e-01 -1.137859476665766846e-02 3.928179115345971362e-02 -1.644786000743395094e-02 -4.320688318638939845e-02 3.890426100704798273e-02 -4.298693387931323828e-02 1.285570693328580774e-02 3.588547990468154980e-01 1.547040950181555741e-01 5.260628486080165533e-02 3.508009559779441955e-01 -1.960272116335468051e-03 1.654182397307583097e-01 -4.450564565907463160e-02 3.183717863550846183e-01 1.446540013569621586e-01 3.313417204679037359e-02 5.654538226649430399e-02 1.431307367601917548e-02 -9.691186308551129336e-02 -2.071255903850162394e-01 -2.746542966052324397e-01 -1.335646047281718596e-01 -1.205808760945781127e-01 2.641307412802969268e-02 -9.205897118853749450e-02 -2.069570061043199682e-01 -1.129445675786817371e-01 -6.918918146529280666e-02 1.145720880499504074e-01 2.545525910187407519e-03 -1.960527306585837515e-01 2.611423687998224996e-01 1.532238409784954791e-01 1.960056344922561922e-01 -1.062628764194406029e-02 -8.559078032228276817e-03 -1.468730813480753628e-01 -1.259587171289031915e-01 3.973042073769840199e-01 3.267625189816724535e-02
-6.337988481750689816e-03 1.629056870684398584e-01 3.632979235324672596e-01 -1.571852736306299236e-01 2.152326063048662086e-01 7.064552671569229725e-01 6.210854590424502719e-01 8.158299409045393080e-01 1.000000000000000000e+00 3.431751306966265846e-01 2.022001391029202289e-01 7.518717920674161670e-02 4.620603939173386493e-02 -4.962565660227259527e-03 -5.783291142204600999e-02 1.474580190017582282e-01 4.859201609461364507e-02 1.984395578929654402e-01 -1.007075265701267847e-01 -1.609487709051913851e-01 -1.092200576014313168e-01 7.694633897129041222e-02 -1.344965864277805900e-01 2.491247584915071978e-01 1.776486580441890006e-01 1.366361300239335962e-02 -1.372432924772990503e-01 -1.939023656476664415e-01 -9.774486555233086182e-02 -3.345481933502356814e-02 7.023859752704363080e-02 -2.760072328296601651e-01 -1.651268587773064567e-01 1.213338795436922773e-01 1.298687447645275423e-03 -2.777228754320082080e-02 -1.265047220955939633e-01 8.592141183280420369e-02 2.842368185758394894e-01 3.998823946619285974e-01 1.899295086037418867e-01 2.764768586758121760e-01 1.414386801127568739e-02 1.270065614364451236e-02 -3.129842843509717532e-01 -4.478498694698652971e-02 -1.838945892415162764e-01 -1.461253104529011970e-01 2.615527067823001373e-01 1.392591480580904761e-01 1.826768034695564272e-02 3.327715272931103807e-01 7.059882225750185869e-02 -4.082899944614713783e-02 7.270964493500733372e-01 6.895790530828777021e-01 7.413154482376402843e-01 8.094033260803447094e-01 3.858952892957958625e-01 -2.267704610383500588e-02 1.325639257347107497e-02 -3.113953296285891167e-02 -6.571860228823810102e-02 1.697127838010993595e-02 -8.628610345607228005e-02 -2.014247849119725139e-02 4.249257863292611459e-01 1.266405210948628735e-01 -2.279343345408729390e-02 2.397179861489606156e-01 -8.144512684318755413e-02 1.184760480774356001e-01 -7.899519147714034739e-02 3.497597596524784636e-01 1.600224632029484395e-01 -4.763909737273756134e-03 7.182255686811995317e-04 -7.276952941463771252e-02 -1.339425652266320044e-01 -1.965040287728982427e-01 -2.431669611427877131e-01 -9.339119442327760423e-02 -1.426353941954134896e-01 2.160219723669564579e-02 -1.508188604628742657e-01 -2.424398825350266296e-01 -1.121865759683866731e-01 -1.848774325416010222e-01 9.094750015709285318e-02 8.553435366832419506e-02 -2.022093332384735376e-01 2.438270725071388090e-01 1.738260764929071556e-01 1.900043119797383551e-01 -4.768715645658637425e-02 -3.336085724330688923e-02 -2.195577611493396697e-01 -1.825707604226424474e-01 4.218889235708535579e-01 3.382687964285865934e-02
8.890065028845871298e-02 -2.813107225490933949e-01 -1.310520000919013772e-01 -3.095939924891758510e-01 -2.058624346886269718e-01 1.313493558961706109e-01 4.480354244328165203e-01 2.669766422324415522e-01 3.431751306966265846e-01 1.000000000000000000e+00 3.395498189506750975e-01 1.674791535049272029e-01 -7.058868940627578692e-02 -3.750519328146301734e-01 -4.208559981871500266e-01 1.310120137128808170e-02 4.185412604345561775e-03 -1.209333210860690788e-01 -3.228651815468469022e-01 -1.987333019290424829e-01 -3.987969338467295399e-01 -1.755169679414075867e-02 -4.358912277892359466e-01 3.571491473558007224e-01 5.100474258881311229e-01 1.966544003368166371e-01 -1.148405098624567106e-01 -3.806698233351892696e-02 -1.055389991510819747e-01 -3.669843688362481315e-01 1.009936927910493401e-02 -1.169255460835197657e-01 -1.768676679049362849e-02 -1.296570516933565897e-01 -1.831476777753870411e-01 -1.019614485959540184e-01 1.878572360265246266e-01 3.071497376828092873e-01 4.755844787670151508e-01 5.489172259389907271e-01 3.403249522655276693e-01 3.367115642709246903e-01 1.018903278755683844e-01 8.177711330088881236e-02 -5.206815207277088603e-02 -9.299466779917242576e-02 -4.191430950010377465e-01 -2.516532748226971150e-01 7.406830555688581619e-02 2.259048584422106154e-01 -8.960315063832971494e-02 -2.004235318459013926e-01 -2.255128940004156313e-01 -3.490007695125837972e-01 3.691752900443096008e-02 5.695995063813430459e-02 1.880856841040985661e-01 4.714092581512708408e-02 7.723011996750244190e-01 5.724209782890252868e-02 9.986589945363806564e-02 -1.326197256524191403e-01 -3.342642609856020242e-01 -4.214948501032675376e-01 -4.030018619685505343e-01 -4.045345307995300566e-01 5.373687717028668986e-01 -1.382321268425437955e-01 -2.475945957406732456e-01 -2.203244140354301273e-01 -3.248004265452200667e-01 -1.086320513354864931e-01 -4.137907951913092908e-01 5.224101814825543588e-01 3.175021480840580224e-01 1.590993649137625032e-01 -1.041648600087160953e-01 -3.036002926635689159e-01 6.457909203067678516e-02 -1.359935469255243445e-01 3.665058814817572647e-02 4.834288447824830470e-02 1.897052732688650767e-01 -7.238920141074241255e-02 -1.616645806254120576e-01 -4.240972889126914391e-01 1.470769161311092921e-01 -4.282212287410421675e-02 1.303765384979668762e-01 3.006337261615805723e-01 -3.670927859944925209e-02 3.026155607696201510e-01 4.458195381903346521e-01 2.432302571773331257e-01 1.397656711089272918e-01 8.849964863304890517e-02 -1.171816960913691363e-01 -3.043755011674496580e-01 1.151559837749944193e-01 2.214112949802949371e-01
1.198669136375975081e-01 -9.850191507555704218e-02 2.463565658301677119e-01 -3.102296686215742783e-02 7.574402802751392660e-02 2.743309706150460214e-01 9.406772414684505534e-02 2.416606189869864585e-01 2.022001391029202289e-01 3.395498189506750975e-01 1.000000000000000000e+00 6.178477009617198146e-01 4.115482977595738001e-01 9.269671176059601780e-02 1.310305909408443145e-02 5.974179113094135740e-02 4.454038012200378649e-01 1.705903026072863593e-01 1.564372034935322953e-01 1.657653244585535479e-01 3.217633606951056380e-02 4.103727546645736801e-01 -6.301098252126811905e-02 5.197727682545785211e-01 1.440031984073001370e-01 6.312693194364519256e-01 1.009513216949557840e-01 2.224584061778636102e-01 3.288811905534053670e-01 -1.391910331229846871e-02 -2.305776050388442522e-01 -1.663547820816629538e-02 -1.043852250338297427e-01 2.938451905749337456e-01 2.593317941303152074e-01 7.377420893311166517e-02 2.514104777786701495e-01 1.028357434955001204e-01 3.173768550210848138e-01 1.499329664832221576e-01 1.824082659381817684e-01 2.133981757718188266e-01 3.994024140893726593e-01 3.235542758882885561e-01 8.000211105118135158e-02 6.988304303030895559e-02 -4.608356007392604842e-02 -7.262990731322765958e-02 2.758383233741329987e-01 3.222555928689771476e-01 -1.949981712163629741e-02 -2.383664052144650672e-02 1.863414709592496957e-02 2.784729319599385175e-02 1.778404531318816817e-01 2.549279227282771343e-01 1.558581363170237488e-01 2.213351723665497039e-01 2.387466341601231778e-01 5.975976275180319153e-01 4.924620138860671403e-01 3.796449983502696024e-01 1.196507876427778810e-01 5.996529176605381456e-02 6.444567001833513553e-02 -2.393336079542543460e-02 1.533872376365267298e-01 3.507197872345770295e-01 2.431418482692710992e-01 1.627150238885166078e-01 1.506327223769245716e-01 4.623562440858601241e-01 -3.611776269315097182e-02 2.657349544785556072e-01 5.156851952662553362e-01 6.047472227280924484e-01 2.728868950063377263e-01 -3.526726491335593211e-02 -2.683605821734066921e-01 -4.545964485880461814e-02 2.702149548605349838e-01 1.512681260367394198e-01 1.395378307759342074e-01 3.557966536601763208e-01 1.271802142087634369e-01 8.089049329621249632e-03 1.919259871204845591e-01 1.780517583273799609e-01 1.716045374051247130e-01 3.389381253840968444e-01 -9.200893150926972228e-03 -1.375465746646953487e-02 9.228030058556424553e-02 1.214868638334002660e-01 4.321729554777699045e-01 1.089031765578735989e-01 2.192992716714550067e-02 -5.891056218927233357e-02 3.153832321061283972e-01 2.642852132712265045e-01
5.387393240783791559e-02 -6.321227618903163537e-02 2.499721112995853256e-01 2.316390972229449494e-02 3.754126776019127421e-02 1.028289536620480976e-01 5.584513087367384138e-02 1.237032082643198388e-01 7.518717920674161670e-02 1.674791535049272029e-01 6.178477009617198146e-01 1.000000000000000000e+00 4.060253269116401165e-01 7.397243782479302754e-02 -4.050989070356979249e-02 6.346242648948278130e-03 4.352788907183801626e-01 3.324197821490131322e-01 2.102815303226692467e-01 2.402796165936737782e-01 4.239150357856281623e-03 3.748500262148704576e-01 -5.859039264138106440e-02 5.111547263594543589e-01 -3.542321144503885605e-02 7.347255631557499944e-01 1.121506850483904721e-01 2.198274963124864645e-01 2.905631335682211103e-01 -9.947938616372969944e-02 -2.756790887878829976e-01 -1.364871658681575950e-01 -2.185437599622139238e-01 4.017773939195388166e-01 3.095843992676823864e-01 1.601356402990513073e-01 2.983843516368767101e-01 -4.953207535912333009e-02 1.771561017908598601e-01 2.073829245534844212e-01 2.759212424929627372e-01 2.726252478802292933e-01 5.095467008525366159e-01 3.642245002627557127e-01 1.632455962653919790e-01 -1.826351285524241766e-02 -7.912588467710576778e-02 -1.381786266260896789e-01 2.688848194483955401e-01 2.544505725178315969e-01 -1.242692700455654553e-01 -1.136872261118449662e-02 -8.947556680243497554e-03 5.561843392386116303e-02 4.446332432197892814e-02 1.207136219603734129e-01 7.248308571805106570e-02 1.482512721367437725e-01 6.633969792112079378e-02 6.665370501517706714e-01 7.040244195159941487e-01 3.470092330141392178e-01 1.148341804014974959e-01 2.284410567965978675e-02 4.503819991691439262e-02 -8.262344098709323292e-02 1.236795674019503938e-01 3.213456095099022636e-01 2.558556916451357743e-01 2.241158648146547583e-01 1.521197543476288383e-01 3.939016249242996981e-01 -3.794197274521875912e-02 1.520647748534935673e-01 5.816839106935323134e-01 5.871079853406278026e-01 2.411511214598461850e-01 -9.509342687668233263e-02 -2.555111652227299301e-01 -1.073836292259050113e-01 2.203855938947713866e-01 1.401543111729320057e-01 1.213804118274324911e-01 3.212323985019001626e-01 1.125460890664466973e-01 -6.031206871888802196e-02 1.398275447945783456e-01 1.538814125431090807e-01 2.085785919961020418e-01 2.399768010961569886e-01 -1.065101674216460681e-01 -2.062406184057593295e-01 -2.133987893687635043e-02 4.220312856216400926e-02 4.605371562567848187e-01 2.249412026781991980e-01 -5.501712760108361244e-02 -1.619197398318228953e-01 2.056419132327085564e-01 1.815833351117464856e-01
-2.349370969071881143e-01 3.287106955027835342e-02 8.015651594646137912e-02 1.538094127310457027e-01 1.310098457368117086e-01 3.461270597796449466e-02 -9.399700498298295404e-02 8.160307724712925759e-02 4.620603939173386493e-02 -7.058868940627578692e-02 4.115482977595738001e-01 4.060253269116401165e-01 1.000000000000000000e+00 5.125554542562860139e-01 3.475863201986575390e-01 -1.586377524430228891e-01 8.010282919217841524e-01 5.077414331267238179e-01 5.841498094571417887e-01 4.798762012914477015e-01 4.014939143121307730e-01 7.488400648883863919e-01 3.430566014140313813e-01 4.444753724113243432e-01 -2.871391347748232792e-01 3.372095603992683044e-01 3.644975560373260870e-01 2.737212835867765537e-01 6.427991594575068746e-01 2.749979814097640585e-01 -1.875449775553455767e-01 -4.155066849500366893e-02 -1.257578790618276154e-01 6.490426250352659965e-01 6.917409423212367292e-01 1.292488691228182440e-01 3.449852468200836353e-01 -2.784992891729337061e-01 -5.217728199746619888e-02 -3.791790654538615413e-02 2.071870567854786627e-01 -1.421531136343656410e-01 2.962769892940681493e-01 2.397849840486405704e-01 3.964239354785740188e-01 1.693671593451465673e-01 3.431764933322178912e-01 7.558634993427315596e-02 1.153095049696407082e-01 3.278365973547284207e-01 -2.834854812998965912e-01 8.164942053121990867e-03 3.184804751788176957e-02 1.627307271321323801e-01 2.199369730194532593e-02 7.425444279472850906e-02 5.024175346080161225e-02 1.813161784139551702e-01 -1.538121849483375658e-01 4.057011779705964050e-01 3.865977017711971220e-01 7.658818505174698199e-01 5.923419833352040476e-01 4.209952630904369997e-01 4.142466292861975985e-01 2.769969178803093346e-01 1.708061987774434380e-03 6.360258401945326767e-01 5.735033135756381073e-01 3.764059776976603211e-01 4.699600976882123415e-01 6.746406100046333787e-01 3.107084515697322025e-01 7.398171755168701791e-02 3.572134245529157148e-01 2.725261041215238378e-01 6.457362966039352781e-01 1.576288230708825511e-01 -2.709560265741172147e-01 -1.229071430646323237e-01 4.293310586582270716e-01 2.372222634436467747e-01 2.585848535933348846e-01 5.859519408250036809e-01 4.580235649786095764e-01 3.326472460943313836e-01 3.527913370057249032e-01 2.004900803540994036e-01 2.801023195259185750e-01 2.461409511218718982e-01 -5.685960442608965076e-02 -4.534095598372681057e-01 -2.108416014987614107e-01 -2.601573820603286236e-01 3.432446804482320868e-01 2.111417525449124921e-01 1.790620103479881042e-01 6.688685767925756087e-02 1.194091237298818831e-01 2.252190559846271589e-01
-2.745756011516101713e-01 3.204812104046756982e-01 1.220895360205751234e-01 4.745247738469041132e-01 3.492510197005456174e-01 1.998519322000325005e-02 -2.054318232352175255e-01 1.325277249550462638e-02 -4.962565660227259527e-03 -3.750519328146301734e-01 9.269671176059601780e-02 7.397243782479302754e-02 5.125554542562860139e-01 1.000000000000000000e+00 8.509522212702391730e-01 -4.458665136161658188e-02 4.408188054943960599e-01 3.254726063161777483e-01 7.498001644027351142e-01 3.554360580247957757e-01 7.735415188973854272e-01 4.655876989854442760e-01 8.276688208728453233e-01 -7.817621760919558904e-02 -2.592145821478459844e-01 6.988659829386378863e-02 4.086155717643016327e-01 2.843430348642803085e-01 5.458335195249642835e-01 7.980374782729260374e-01 -5.483693135646224015e-02 2.184301858899805326e-01 7.642821730745236186e-02 4.150773210105762612e-01 4.329063747139191287e-01 -1.081507309006132095e-01 -5.080277444808034559e-02 -2.395446625869681045e-01 -2.100494664344668694e-01 -3.846491602161833390e-01 -2.744747034981629974e-01 -1.739722217339113308e-01 1.514511421850624762e-01 4.699048084886080917e-02 6.693580636582034671e-02 3.763571950104959152e-01 7.440456782666756697e-01 4.388126158577306257e-01 -1.008093118981137903e-01 -1.511774900649235642e-01 -2.054751118452423277e-03 1.838026808415834934e-01 3.571386812258676158e-01 4.793096998007483345e-01 8.014970424835295149e-02 1.284405353723031551e-01 1.119349324049047772e-01 1.906416672341602891e-01 -2.928306373032980581e-01 1.370277103209283642e-01 8.752463555816496210e-02 4.721521354755654487e-01 7.771075155680975399e-01 8.450661074380440008e-01 7.837990229870599457e-01 8.374828003882724969e-01 -3.745457324827624612e-01 5.407202961673094332e-01 4.997783202521504653e-01 2.630382396453729288e-01 6.476788034473134337e-01 5.003303519287423118e-01 8.047451401996411624e-01 -3.524613015415479778e-01 5.203911031316413305e-03 5.897751939772750279e-02 5.749899325403138306e-01 6.431112826730163157e-01 -2.423736995863507715e-01 1.068555163829482402e-01 1.426025479151697140e-01 -1.667954365874550204e-01 -7.672687117493195985e-02 3.170222776246821583e-01 4.148567977654722405e-01 6.837527189248500115e-01 1.408236136927170680e-02 1.607496785095073877e-01 -1.517829563570713136e-01 -2.180426834725588403e-01 1.614896635976063588e-01 -2.628152536280918827e-01 -2.632082591463978938e-01 -1.918962865612071078e-01 4.660475648157806801e-03 1.948431950077999597e-03 3.062318769208347558e-01 4.652097666251088226e-01 -6.754630494177459032e-02 -2.164535631345816946e-01
-2.946837394105551455e-01 3.477168091499104330e-01 8.657548855986645087e-02 4.858550581402223956e-01 3.362896512619382161e-01 -1.537773095016789493e-02 -2.339761926641767686e-01 -7.878649264980833872e-03 -5.783291142204600999e-02 -4.208559981871500266e-01 1.310305909408443145e-02 -4.050989070356979249e-02 3.475863201986575390e-01 8.509522212702391730e-01 1.000000000000000000e+00 -1.131444940474249372e-02 2.626452449296546310e-01 2.821441894534499895e-01 6.831579037719739400e-01 3.919631062133345778e-01 8.518015546102825075e-01 3.246407765967158632e-01 8.402130856394927072e-01 -2.275518347029401589e-01 -2.405633383510252243e-01 3.231594073280791984e-03 3.405562827503575973e-01 2.803745397163665554e-01 4.837346148854176908e-01 8.544127070839203641e-01 3.518668180002258727e-02 2.935444399726759301e-01 1.531322866259150761e-01 3.057114527460896292e-01 3.232514867525485003e-01 -1.110706940790341796e-01 -1.324047351177103093e-01 -1.742901640779741523e-01 -2.516482912526037397e-01 -4.611774946400727937e-01 -3.653757201990084913e-01 -1.743257924079706922e-01 1.024705975143838793e-01 -2.553292752769912438e-02 6.820820857302518046e-03 3.618552630355176269e-01 6.956592239818900625e-01 4.772682130833195147e-01 -1.561301734590542500e-01 -2.381735527439738931e-01 5.065160264704014065e-02 1.758871013215687340e-01 4.061294976753773156e-01 4.668076960307335765e-01 4.964466770874120805e-02 8.730619305309089695e-02 9.873759058995611182e-02 1.505228417052481837e-01 -3.324130933393804610e-01 1.858868399044983147e-02 -3.628421557422098487e-02 3.797657314722234778e-01 7.404059268900736734e-01 8.325184580667587264e-01 8.117005114495021711e-01 9.180059019724637892e-01 -4.333378613240561616e-01 4.377281908062931048e-01 4.397078537318479530e-01 2.446657441522483989e-01 6.903368956672532031e-01 4.007028999282067350e-01 8.182927945479709919e-01 -4.251051148959768544e-01 -9.203970077104801917e-02 -5.503762485867787213e-02 5.292121058298271397e-01 7.293526412238943157e-01 -1.842304236227335634e-01 1.985490076967380557e-01 4.107910349139329287e-02 -2.525321303312407784e-01 -1.636861947356196001e-01 1.857151251587354501e-01 3.420514221043325365e-01 6.874602833584938510e-01 -7.952167154765728274e-02 1.604019344798611468e-01 -2.088553187067280770e-01 -3.276401420901831063e-01 2.062706242129727363e-01 -1.839523576901658519e-01 -2.957311448880022842e-01 -2.082193488120102631e-01 -1.388467799309562600e-01 -4.151737526820345470e-02 2.958457601892847122e-01 5.284781692035885881e-01 -1.252234436936321693e-01 -2.884005322864467979e-01
