1.000000000000000000e+00 1.350145460392684557e-02 2.013046147614122594e-01 -1.078918245493483558e-01 1.093753419450403525e-01 3.438313906430144340e-01 1.192384871810299035e-01 1.484751878388880786e-01 1.700905509173918639e-01 6.425909739160179726e-03 8.180201644768787805e-02 1.338194856423823853e-01 -1.464794923389784453e-01 -1.822421492209190808e-01 -1.220929125484875727e-01 7.277588234872592494e-03 7.537795459612382787e-02 1.652895021970723077e-01 -1.415071410771407967e-01 2.379295055845409290e-01 -3.337124790173981448e-02 3.121245848284666391e-03 2.034475596233255648e-02 4.965268881935180900e-02 2.967590889304836943e-01 6.065515263321824557e-02 -1.375142444168463846e-02 2.765470317729117750e-02 -1.042418563013825482e-02 -5.488250776605081011e-02 -2.724437349082240237e-02 -2.976439622650476347e-01 -3.860840356743613921e-02 2.703806585153175138e-02 1.134068523161099566e-02 1.998185338972950365e-01 -1.424955304698199698e-01 -1.326671483707157484e-01 -4.987064607140088285e-02 -1.255542294264024583e-01 -1.787380697860322873e-02 2.299233474979217040e-01 -1.776915577434033319e-02 -2.425918987482222834e-04 8.269130260425418613e-03 -6.482881538925600561e-03 -4.411841534583774843e-02 1.836268000121664690e-01 2.012998926025551527e-01 -3.245967706017871546e-02 2.367990681855871027e-01 -1.473333957079687138e-02 -1.149612366872453106e-01 -3.441660525776778917e-02 1.831978725074799030e-01 3.505317238697046589e-01 -3.000723957328967073e-02 2.093544670440604730e-02 2.742962960995629085e-01 1.361921681210802593e-01 2.604068406792766077e-01 -7.990836226975628342e-02 -1.542474323695274818e-01 -1.138358382087742288e-01 -1.277157210463586434e-01 -8.040084186851458037e-02 2.673732380003238651e-01 -6.653143586977326718e-02 -5.742104816808898948e-02 1.433972034731901546e-01 1.810434810339488221e-01 8.106178247627000844e-02 8.245719612235632989e-02 7.755570046170771892e-02 1.244105208666638485e-01 2.590246376168553466e-01 1.184134531161487314e-01 2.753174267871503003e-02 -4.508564331489201688e-02 -1.309292852306195298e-01 5.899680945373168145e-02 -4.640173401009370369e-02 -2.099739277683378841e-02 1.217182012402617591e-03 -1.268702269563777574e-01 -2.391136137118745827e-02 1.201180173686327429e-01 6.253770960725613115e-02 2.236524193345968414e-01 -2.541725463760723114e-02 -1.097269303804476320e-01 4.784181167297817810e-02 -1.152596723214897312e-01 1.504745301685030956e-01 -1.000901315478052861e-01 1.213668581690426074e-01 -3.659267778212791505e-02 1.597120453586136080e-01 4.333736324016335684e-01 2.332727928194434919e-02
1.350145460392684557e-02 1.000000000000000000e+00 6.800675790682609856e-01 7.933714356316986516e-01 7.585764198189727248e-01 4.417751188784798666e-01 2.796956362478950076e-01 5.031188832652305765e-01 4.781847414023473464e-01 -9.638029266313272170e-02 -4.142479835599306021e-02 9.740578902728765087e-02 -1.060404861364246942e-01 -1.453966344611705430e-01 -1.175343983449890217e-01 2.034227272593977232e-01 -1.751410379863258537e-01 -6.958026829844014653e-03 -2.213393437438498645e-01 -7.586685136164517118e-02 -1.396637888193094923e-01 5.733552653016294604e-02 -1.665341098816704168e-01 -2.393007350785238824e-02 -1.628271467125111116e-01 1.873202536081454150e-01 -5.470611713906762402e-02 -7.558604191155715579e-02 -4.653751800945490902e-02 -6.620907564702180337e-02 -4.824029426746436755e-01 -3.872562477065335518e-01 -1.148813813008830315e-01 -1.359674535191701950e-01 8.235383623691373486e-03 4.718169986974523472e-02 1.421231586684649009e-02 -2.860385169622302048e-01 -7.737103366825200113e-02 -6.925729505867168900e-02 -1.974959237462507455e-01 -2.169295620839820776e-02 -1.078821491699215734e-01 -3.197067317599574521e-01 -2.351933567209532061e-01 -1.325216563170162065e-01 -1.430664070318124204e-01 -1.472092593396739368e-01 -1.628162109359995724e-01 -2.215579593959300653e-01 2.977928477433724463e-01 8.080900656261325032e-01 3.358845897412324200e-01 5.676946421314162938e-01 6.936604375941836098e-01 4.331125376273509131e-01 5.893258192362567094e-01 6.342469386528389874e-01 -5.931564622667321457e-02 -8.268843706453790632e-02 1.102846093904606417e-01 -1.309133874035078859e-01 -9.465821669869566024e-02 -2.237037916964376150e-01 -2.479188918807513076e-01 -1.415322129840977106e-01 -1.381028394272435789e-01 -1.883938564707324514e-01 -1.751654758062980988e-01 5.125494276129205495e-02 -2.310422955128446643e-01 -2.824698733149990856e-02 -1.852041357154609880e-01 -4.571346658674966396e-02 -2.648584760584771214e-02 4.941974855280570345e-02 -6.378391714037068283e-02 -5.726393256029340545e-02 -4.402925209981027876e-01 -3.196213692880748858e-01 -1.208828686807427583e-01 -9.513936202888691185e-02 -2.817280433612102675e-01 -1.034605325913474927e-01 -3.774902107890051178e-02 -1.391385376610236868e-01 -2.164824854672012244e-02 -2.044683791611138363e-02 2.250274411930755503e-02 -1.675767718789701599e-01 -1.245618633336521286e-01 -1.443511699921889817e-02 -1.982595171984184723e-01 -2.940986870059825731e-01 -2.257878316798773988e-01 -2.821709156193230039e-01 -1.880705276270456250e-01 -2.138447999501204844e-01 -4.134539488913333005e-02 -1.902297100660445273e-01
2.013046147614122594e-01 6.800675790682609856e-01 1.000000000000000000e+00 5.900559789175962022e-01 6.311075912150880818e-01 6.342950693218062375e-01 2.402260827908833385e-01 5.813283834051665711e-01 7.225833918423477664e-01 3.892725230496271033e-02 8.094396050276297938e-02 2.063059481327442490e-01 5.218309658049495939e-03 -9.475627696107358222e-02 -1.210152370235915709e-01 1.242031695058891660e-01 -6.897609985733924032e-02 9.315400088133002354e-02 -2.069964363061023715e-01 4.932495761248396893e-02 -1.464459020379169918e-01 1.064671999784774226e-01 -8.869874516618332649e-02 3.789761424587712035e-02 -6.641728875113776798e-02 1.887966875043672332e-01 7.362638934139349722e-02 1.353284124263112211e-02 1.624105752389555166e-02 -1.698020854240041635e-02 -3.143109234993549106e-01 -3.922126667297814451e-01 -1.002340053001559150e-01 -6.830701927222460057e-02 9.947624675223129542e-02 2.573101689107893941e-01 8.751680105336669124e-02 -2.981551396182739455e-01 -3.284511389697766792e-02 -5.610882175399521665e-02 -2.010860767072770727e-01 5.841095381221522720e-02 -3.158171035657573317e-02 -1.660807350641480551e-01 -3.304934476664900256e-02 -7.561654399389976244e-02 -1.097296535883103136e-01 -6.388025440766936791e-02 1.671841812851970407e-02 -1.722498359182632888e-01 2.527353859488915555e-01 6.457723291627015527e-01 1.669724532642438697e-01 3.618605914444801841e-01 6.581810472925195832e-01 6.871300740330127388e-01 5.176012846111786025e-01 6.881302979464914982e-01 7.551299378320378008e-02 6.451148358282621231e-02 2.313141221552191540e-01 -4.878477035994651517e-02 -1.284727549516973856e-02 -1.526482910642998070e-01 -2.228700113985843112e-01 -1.534693468579363673e-01 -1.998528586197667878e-01 -1.683114909496436773e-01 -1.571245501016288459e-01 1.332357802751193976e-01 -1.092454528302637257e-01 2.986580812567632415e-02 -1.094191687959439885e-01 -2.099818728958810152e-02 2.216711535822412510e-02 1.645705390087108255e-01 3.649614559767716537e-02 1.964501443194179367e-02 -3.119929095792774998e-01 -2.808945919276080172e-01 -7.016286452676145924e-02 -2.006792191402915204e-01 -1.127986493218418318e-01 -3.920468404638154450e-03 6.920505904221745195e-04 -1.667074520865591547e-01 1.206635270818836453e-01 4.440035351798171659e-02 2.477867867971193516e-01 -2.115881209990865541e-01 -2.382394040736883767e-01 -5.717088324844609576e-02 -2.107391022254957724e-01 -2.348215612800777785e-01 -1.871886222223287377e-01 -1.099236861457112691e-01 -1.526985491708753861e-01 -1.435676315665954383e-01 1.566203781091743963e-01 -1.142657083232680171e-01
-1.078918245493483558e-01 7.933714356316986516e-01 5.900559789175962022e-01 1.000000000000000000e+00 6.860228267841379513e-01 3.452869493234651532e-01 3.520177218748768988e-01 5.198831383032337383e-01 4.200338563900302691e-01 -9.991094106476414161e-02 -2.873144730371043898e-02 4.395131955615617925e-02 -1.426984367912904374e-02 -3.499345004559602929e-02 -3.886142993184881628e-02 2.928206460904427821e-01 -1.355873816998484915e-01 -2.925366278904992234e-02 -1.364430833985241509e-01 -8.976554827939421666e-02 -5.382901171992386657e-02 7.625888906368141762e-02 -1.411479810570486215e-01 -9.117012482791075206e-03 -1.636590099650152841e-01 1.542380832874282459e-01 -1.048256724413884761e-01 -1.524251925099322780e-01 3.431886158467391257e-02 -4.583752716040147973e-02 -4.761457846598147192e-01 -2.106073675370536136e-01 -6.436202501022587896e-02 -1.135083324506338809e-01 -1.146042533805684228e-03 -4.861990110945569460e-02 6.724866807932879803e-03 -2.248286663399654550e-01 -6.333819920434280958e-03 1.891122329456984205e-02 -2.101617879273998957e-01 -1.672136095089218621e-01 -1.446742715183922945e-01 -3.186034263594189619e-01 -2.629538702824305019e-01 -1.284301875315013719e-01 -1.238527152544155324e-01 -1.761710441482222944e-01 -2.018260586075601437e-01 -1.623881869856442228e-01 2.362643145381902177e-01 7.959718187968529701e-01 4.571603671147604353e-01 6.306536701192414496e-01 5.902353102937504259e-01 3.589536500207785585e-01 6.536796490544928284e-01 6.245483555677965315e-01 -1.111785212421092517e-01 -1.059654298927809324e-01 3.149171094360186246e-02 -5.108114620120936950e-02 -5.372571581384250235e-03 -1.181193524048859828e-01 -1.452491736357243990e-01 -4.718729577347227644e-02 -8.375544953141338123e-02 -1.384013250200891165e-01 -1.123557816783563035e-01 5.896279265484541399e-02 -1.790411430127499814e-01 3.300686603860015361e-02 -1.543792648652049238e-01 3.804981121315921533e-03 -6.606509195254865220e-03 5.498217687953267825e-03 -1.783845544728801524e-02 -4.542411597350926727e-02 -4.456368490561212758e-01 -1.665393215341170463e-01 -7.489957079284165209e-02 -8.976809042003471018e-02 -3.203251282973782477e-01 -7.683652407184707323e-02 -4.106103660070711814e-02 -9.278240845520868696e-02 -1.796330432614365660e-02 -7.276476600936497563e-02 -2.379253330673637354e-02 -1.042639566850233623e-01 -4.649473720370602553e-02 -4.149206706778199583e-02 -8.654806821349982082e-02 -3.212015077906965055e-01 -2.339418817961302910e-01 -3.125258767667877802e-01 -1.777165775092943989e-01 -2.342705895147123019e-01 -1.135135836467465187e-01 -1.373302856025224172e-01
1.093753419450403525e-01 7.585764198189727248e-01 6.311075912150880818e-01 6.860228267841379513e-01 1.000000000000000000e+00 6.190770452212072117e-01 2.006856027539759002e-01 4.518949593168913315e-01 5.100990119790967947e-01 -1.057537613080862526e-01 -5.985687678210782625e-02 6.304568063317904369e-02 -1.541108159915342279e-01 -1.789555962553898150e-01 -1.164470093456530242e-01 1.568475550799665608e-01 -4.847228771656234697e-02 1.288368900846790788e-01 -1.893286150366782217e-01 5.214572867734771494e-02 -1.001974307163826516e-01 1.385104301192237042e-01 -7.586488056319887208e-02 3.120125140697872085e-02 -9.403746220371411724e-02 1.764157395776742576e-01 -4.695504450707661120e-02 -6.338066292365460153e-02 -3.120492396896245788e-02 -1.148539942558115916e-02 -4.482756364581070851e-01 -3.623121894290030065e-01 -9.982855887636606085e-02 3.009028256487281450e-06 8.662361140758627343e-02 1.374748400515339308e-01 3.774122167413798516e-03 -3.276581076033290296e-01 -5.787833982483545081e-02 -1.000028538569864706e-01 -1.182806782070894985e-01 -8.819622349387544469e-02 -8.913752005921841970e-02 -2.879574152403270304e-01 -1.833241847345730979e-01 -8.686930183956924345e-02 -4.634987681026549872e-02 -6.502821346372353317e-03 -7.227731831016379060e-02 -1.963494544411263365e-01 2.494270974786559902e-01 6.846746698571543055e-01 2.469891366613721495e-01 5.719332177813957196e-01 8.157629146695074551e-01 5.189962464243219609e-01 5.007593020570558773e-01 5.610135638681384984e-01 -1.371008485506706315e-02 -1.180948797580928522e-01 7.573289854264812770e-02 -1.620228547360687554e-01 -1.645678081859100195e-01 -2.217809453570669387e-01 -2.298515535940754140e-01 -1.510786908432887599e-01 -4.239860123245651341e-02 -1.605905347253320514e-01 -1.549462877523396231e-01 7.991688825924636586e-02 -1.462229508453775084e-01 -1.799360804710474840e-02 -1.157114177851648190e-01 -5.736911628507066624e-02 1.913293678154488666e-03 1.628356086892936150e-02 -2.867160285402414396e-02 -5.548667239033491100e-02 -4.466358768107599464e-01 -3.180426919178456213e-01 -7.097672583282574332e-02 -3.420087021543159744e-02 -2.706603249771671327e-01 -7.811037244139477920e-02 -6.361203169394652468e-02 -7.648886062710447131e-02 1.994825482674960834e-02 -4.442238244879160441e-02 6.600172738743140255e-02 -1.276593198578486743e-01 -1.065758858107326151e-01 -8.158631696268527078e-02 -1.345966812675331581e-01 -3.192332405233741510e-01 -2.652679523880456802e-01 -2.462108817246811687e-01 -1.596826234467734473e-01 -1.371545649673090173e-01 7.770692642310610132e-02 -1.710648076893264424e-01
3.438313906430144340e-01 4.417751188784798666e-01 6.342950693218062375e-01 3.452869493234651532e-01 6.190770452212072117e-01 1.000000000000000000e+00 2.134299315931589558e-01 4.812876759537080273e-01 6.952093409020572157e-01 1.803951009554199958e-02 1.804773207755877226e-02 9.539925717653602311e-02 -7.995066112198813413e-02 -1.880754727963827033e-01 -1.819953026297179144e-01 7.383597152362332550e-02 1.449932700460248788e-02 2.712072672511961491e-01 -2.045281943406095926e-01 2.601116177412501895e-01 -1.555971977003134665e-01 1.154266389025281059e-01 -3.498255466501111466e-02 4.741890238470725799e-02 9.857997027099034415e-02 6.383736866392564213e-02 5.334945759795892140e-02 2.122166780964370933e-02 2.192081664358947623e-05 -6.130851158366665277e-02 -2.447030960940720645e-01 -3.741728297635700806e-01 -9.154164258075300764e-02 7.226885860235368608e-02 1.459421461121137298e-01 3.883465459637052142e-01 7.485391332713937917e-02 -2.688463641319912001e-01 1.209837370150475440e-02 -8.213210846514240604e-02 -4.921660493844900314e-02 -1.162604278937016088e-03 -4.819234734338170845e-02 -1.035096344488365822e-01 3.238677381174385334e-02 -4.704747390754415726e-02 -7.297523273138285631e-03 1.464441200999990200e-01 2.401815507934089988e-01 -2.395732718268599182e-02 1.969263583396658190e-01 3.951988497355339858e-01 5.896995386547498885e-02 2.777217205336384165e-01 7.396300465306647753e-01 7.956753495420110234e-01 3.364404001285266066e-01 5.194370317535357273e-01 1.683537241659936734e-01 -2.746314297476594446e-02 1.494957373496462183e-01 -1.026173585989167275e-01 -6.138169357928973530e-02 -1.563371321660369517e-01 -2.581118202886321100e-01 -2.088660518591311799e-01 5.812715351965029587e-02 -1.469522003901487239e-01 -1.306594343272241276e-01 2.341503898297217223e-01 1.292868124806188269e-02 4.279469986428027783e-02 -7.108009586375564626e-02 3.475463495016966470e-02 1.981059102812453634e-02 6.447889493554410933e-02 9.221984353303769311e-02 -2.032879267201901860e-02 -2.662177060438681853e-01 -3.473985613681093709e-01 -1.953342581251443430e-02 -6.452498329833941670e-02 -6.796761802353461224e-02 -1.913492738007114072e-02 -4.515550854500315070e-02 -5.455238803712780804e-02 2.386341018515926726e-01 4.834518702809451063e-02 3.845384193727584554e-01 -8.830498673690943823e-02 -1.344712521092484847e-01 -7.948013462309476418e-02 -6.306325447764438152e-02 -1.589409053075456768e-01 -2.211556652200435957e-01 -1.576468723154623303e-02 -1.279164289113924047e-01 1.168791754825893557e-02 4.892346285991810984e-01 4.647831425701980795e-02
1.192384871810299035e-01 2.796956362478950076e-01 2.402260827908833385e-01 3.520177218748768988e-01 2.006856027539759002e-01 2.134299315931589558e-01 1.000000000000000000e+00 5.594960048779158424e-01 3.092287708141281954e-01 2.551227792306689016e-02 4.249509946983199421e-02 9.903358065226960938e-02 4.701965315044539379e-02 -9.598884505330942257e-03 -2.467237011792122736e-02 5.293356550132208849e-01 -4.533780106116325204e-02 1.058717287375533778e-01 -9.733863619339293283e-02 6.188249230612541917e-03 7.238870061920017751e-02 1.729876746381343172e-02 -1.146138823217335567e-01 7.752351470163376668e-02 5.090025367973348425e-02 4.462988493790723959e-02 -1.843607596118471137e-01 -2.565018535748896378e-01 1.881766321205669557e-01 -2.083609614018145373e-01 -1.904507041744781803e-01 -1.436227108213901545e-02 1.340425248784937462e-01 -5.346497599680335305e-02 -1.668722863348077665e-02 -1.230158203962062602e-01 -1.291008952484141159e-01 -1.474934056551763413e-02 1.799191939744183566e-01 2.992285440828682530e-01 -6.266155112138933891e-02 -1.119180835974245038e-02 -1.329160158301217753e-01 -1.761168366373815353e-01 -1.991356965698124482e-01 -9.822129126716389047e-02 -1.521441334617617547e-01 -1.314745716986506496e-01 -7.214118432930648195e-02 3.823475489067695854e-02 2.499957697323887951e-01 3.523538701141146201e-01 4.053434072155696066e-01 2.283515886913106696e-01 2.008184086725009199e-01 2.619938407720756035e-01 4.915553051756215153e-01 4.142403804250054389e-01 -7.079586301314022903e-03 6.590251932670680712e-02 6.761078193560166039e-02 2.457300522402283346e-02 8.578462837290515286e-02 -1.397617237455652667e-02 -3.373117588437113401e-02 2.389447529058102287e-02 3.529241109362321049e-01 -3.844338410854054172e-02 -9.735312061236851833e-02 1.494178237281425792e-01 5.375408958662986070e-02 2.116625066150132073e-01 -1.153416125313007634e-01 3.043733293469570445e-01 2.756695234203652978e-02 7.361133410965003954e-03 1.154693751782546740e-01 -7.908123692455519549e-02 -1.989580444948110538e-01 -1.120726173049703955e-01 -7.480217193297963862e-02 -1.585085769006705780e-01 -3.238348694484627921e-01 -4.606738542692166011e-02 -1.946237249613641251e-01 -1.295321040361124554e-01 -1.039386776888293340e-01 -2.066391516672371198e-01 -1.576826845325670842e-02 8.483183346227640351e-03 -4.781749699910190637e-02 1.618394105679036021e-01 1.867077858595028728e-01 1.581630823222385761e-03 -2.378908437332744319e-01 -2.159946157071762907e-01 -1.579544265391292224e-01 -1.943771718070222698e-01 1.191065280460532894e-01 8.080102592712548604e-02
1.484751878388880786e-01 5.031188832652305765e-01 5.813283834051665711e-01 5.198831383032337383e-01 4.518949593168913315e-01 4.812876759537080273e-01 5.594960048779158424e-01 1.000000000000000000e+00 6.448597065173544696e-01 7.661055752648999496e-03 -8.076964216523281614e-02 5.105489143493200516e-02 -3.748722001660540620e-02 -1.569837825652591612e-01 -1.591356477032679628e-01 4.414990181283351967e-01 2.316918087403082790e-02 3.550029296595506589e-01 -2.210328990657793036e-01 1.177673863519869690e-01 -1.173143021991360745e-02 1.023476197911973862e-01 -1.238372105088174913e-01 8.071462027362553970e-02 5.719439411171842874e-02 1.056766844607972961e-01 -6.357698311873820340e-02 -1.680733458391538704e-01 3.025405277718018135e-02 -1.882731911727113239e-01 -1.633545197900068413e-01 -2.318516943163969890e-01 9.002431533361066052e-02 1.610554713982819200e-02 1.163696960921809520e-01 1.130506372337208437e-01 -1.084813427630510752e-01 -1.707857302751560613e-01 2.304247619584560286e-02 9.191401285911686772e-03 -1.777281205616257076e-01 8.940881621648051961e-03 -2.235263554115594908e-02 -2.100482759686621570e-01 -4.094717105574376820e-02 -1.193013944163341111e-01 -2.077829869155075060e-01 -1.600276497008618071e-01 -1.742842481083358153e-01 -2.474675907305521338e-01 3.486486300319345810e-01 5.501660042990422772e-01 3.353430268218059451e-01 2.335019518662338478e-01 4.945887125217794944e-01 5.720874730057956548e-01 6.998940966632556382e-01 7.151134443923288231e-01 -2.790433794786015970e-02 -6.350872001257386323e-02 9.038881185891735337e-02 -8.327532551626172508e-02 -5.353830013470679133e-02 -1.565239242332882030e-01 -1.789616683559791255e-01 -1.603602197341462421e-01 -5.658867170665530036e-03 -5.147167547787200037e-02 -6.227891756788635214e-02 4.030669072375708262e-01 1.077946784285872678e-01 1.890659148710472637e-01 -1.119789160408357076e-01 6.415360213025793346e-02 1.142647864462044069e-02 7.811688946057494809e-02 7.065015512442877899e-02 -8.478918988716183103e-02 -1.586730811155887544e-01 -2.462753186698213026e-01 1.125451440271204272e-02 -1.442604429371582009e-01 -1.382382952955913957e-01 4.125627651408445701e-02 -1.024298856551352221e-01 -1.031714401786646973e-01 -3.426123525596332098e-02 -6.489682392341314388e-02 1.627452513056295291e-01 -1.595649437120902903e-01 -1.058272402889383207e-01 -4.203992114566040827e-02 -3.946552031539887068e-02 -3.917816793300884365e-02 -1.866845201971993329e-01 -1.639767655054452933e-01 -1.769840401151005493e-01 -1.926717845839616972e-01 9.356329149695989666e-02 -1.478297489210955162e-01
1.700905509173918639e-01 4.781847414023473464e-01 7.225833918423477664e-01 4.200338563900302691e-01 5.100990119790967947e-01 6.952093409020572157e-01 3.092287708141281954e-01 6.448597065173544696e-01 1.000000000000000000e+00 5.199665378375200459e-02 3.717578937475275735e-02 1.452164056023499961e-01 -2.562478004705341997e-02 -1.630798134026142099e-01 -1.702165161560189877e-01 1.236265649523438787e-01 -1.111339986537979024e-01 2.120399466394375376e-01 -2.812053370394140828e-01 1.850273529052861854e-01 -1.326613862087150930e-01 -2.938027678721148728e-02 -1.587731827142284946e-01 -6.099242261681454662e-03 3.690620448980055750e-03 2.292805548466872109e-02 -3.041700824459923121e-03 -7.727201683396953125e-02 5.854561346773948412e-03 -1.745300979209188363e-01 -9.803582923647097269e-02 -2.846831102603885055e-01 7.266768177870387702e-02 -4.053148785263398918e-02 4.119928614996514610e-02 4.100935508209877511e-01 6.746774913208994362e-02 -1.649155887956810229e-01 1.677626899497940832e-02 -3.626188524822576698e-02 -1.017273945017948961e-01 4.168426617644328119e-02 -6.445108738011683103e-02 -1.267626728206511233e-01 4.820697775738103097e-02 -1.734186029474377166e-01 -2.122020577854381307e-01 -9.463021692431067278e-02 1.574787683053932297e-01 -7.870243630936273049e-02 2.788688676595152960e-01 4.584448845214059709e-01 1.039305714320950952e-01 2.125937205298172317e-01 5.941555480956898228e-01 7.417762517167937331e-01 4.448122280349148250e-01 7.093470965404301554e-01 4.532438354250115792e-02 3.515444023485501945e-02 1.484144026852855791e-01 -1.115484660301516578e-01 -5.219418931272145484e-02 -1.900054480291554493e-01 -2.557698988206464352e-01 -1.624784476265197231e-01 -1.337946800842747808e-01 -2.433355446338698880e-01 -2.475190020303528748e-01 2.377880336968825337e-01 -1.308027153474810786e-02 -5.624736627271578748e-02 -2.036287182531318907e-01 -3.350935573536019396e-02 -7.223687241464359088e-02 1.640252707125968226e-02 4.887428376218689446e-02 -4.321896361699108235e-02 -1.132965676173487007e-01 -2.415307799730444238e-01 -1.442459001507103711e-01 -1.858807221107511565e-01 -7.486976689210161906e-02 -1.173734492309063404e-01 -8.627306219811019250e-02 -2.628125611997496613e-01 1.211821218805619466e-01 -4.751376045270322424e-02 3.639158161898455868e-01 -2.393389224877657262e-01 -1.671115175544997666e-01 -9.696069660574502258e-02 -1.103893131763477864e-01 -1.198574063514664251e-01 -2.614805174542252364e-01 -1.039592248506479299e-01 -2.654998097095696008e-01 -1.786444895331769089e-01 2.664939940454274514e-01 -1.671241147032117430e-02
6.425909739160179726e-03 -9.638029266313272170e-02 3.892725230496271033e-02 -9.991094106476414161e-02 -1.057537613080862526e-01 1.803951009554199958e-02 2.551227792306689016e-02 7.661055752648999496e-03 5.199665378375200459e-02 1.000000000000000000e+00 5.589916473174814104e-01 5.781262220075884528e-01 4.374715445289203974e-01 3.120390592545317365e-01 3.091965761971922633e-01 2.309748016078903288e-01 2.649127728349484623e-01 -6.547645555014689964e-03 2.818624554064380061e-01 -1.100818690250807315e-02 2.367904227006586149e-01 1.499280079361489937e-01 1.745537496179526971e-01 2.826174014587993222e-01 4.241900151457989598e-01 3.400828927165067683e-01 1.743460722048999767e-01 1.757866744575133366e-01 3.653858700538669679e-01 1.997089738741195108e-02 -1.160782306487328532e-03 1.595677077433371727e-01 -1.636397025237057712e-01 4.397830820504778086e-04 1.994208928374963385e-01 5.561863022348396968e-02 2.508702502160823911e-01 1.320763290484158747e-01 4.352082496787883920e-02 2.200304275973841428e-01 -1.595546326973080464e-01 9.614638967142866144e-02 5.551329280293912025e-03 4.848214359002071122e-02 1.410664275000357744e-02 -3.108960246949498546e-02 -2.980064455204346763e-02 -3.129223441007336626e-02 5.258403689546362753e-02 -2.434324751529089864e-02 -1.227782754951309979e-01 -8.720342941351964805e-02 2.552847086249905584e-02 -1.162844942904231876e-01 -8.575053888231877475e-02 5.612714832374658680e-02 -7.052947505346429669e-02 -3.345167491485106365e-02 5.774542250091937445e-01 4.674688097789643226e-01 4.120737154341613251e-01 3.709137354262549424e-01 3.679332545804599452e-01 3.055834304097357346e-01 3.202604524759127269e-01 2.629075828351652433e-01 -6.813835425655997979e-02 2.706115904583600296e-01 1.538879212738998303e-01 -1.212749246761491706e-01 1.925866247110716856e-01 3.664099912415245131e-01 2.117649098893919779e-01 2.654977764307126509e-01 4.624575019090556571e-01 4.747440360323056385e-01 3.890104071858618839e-01 2.921497797007691077e-01 -3.102791305858470963e-04 -4.456302407824877521e-02 1.082949657701100243e-01 -2.555813090915003416e-01 -5.869687116671126054e-04 2.734549803210813423e-01 1.409409842262550061e-01 -1.247301444391218407e-02 2.287991492479306277e-01 8.857806165981001179e-02 9.316205792973526745e-02 -6.233285353132578255e-02 -1.252800807156813356e-01 3.079371366465287752e-01 2.941188634524492529e-01 1.049606425998064405e-02 9.897074046254539237e-02 1.468188549002451618e-02 1.024585718090442049e-02 -5.168695744130791941e-02 2.094328065511547043e-02 3.016168278185359358e-03
8.180201644768787805e-02 -4.142479835599306021e-02 8.094396050276297938e-02 -2.873144730371043898e-02 -5.985687678210782625e-02 1.804773207755877226e-02 4.249509946983199421e-02 -8.076964216523281614e-02 3.717578937475275735e-02 5.589916473174814104e-01 1.000000000000000000e+00 6.629512221139417516e-01 5.757012466084501234e-01 4.600099332991310352e-01 4.562726197071607648e-01 1.100007079127606480e-01 1.884761179594630631e-01 -1.615279348321120578e-01 3.751861827433027874e-01 -1.423544108197602742e-01 2.493025332378903391e-01 1.146266471731298281e-01 2.103014330739417792e-01 2.247969727961806052e-01 2.109552173423226151e-01 4.498446648163069717e-01 1.649810089484077258e-01 2.111159345626363870e-01 3.704996650293117533e-01 1.405792239229270435e-01 -1.663171268240458689e-01 8.908643455965703506e-02 -3.061250941084171506e-01 -8.064699854972200155e-02 8.109655795504060183e-02 -1.766390807418750236e-02 2.279638503569553498e-01 -6.426399339231302077e-02 1.000066496036971717e-02 1.157891322346504687e-01 -1.487081902619608043e-01 2.625967122839708776e-02 -1.022802297639990726e-01 4.651401527864919977e-02 -9.464577935986129287e-02 8.318062368924145078e-02 5.545054716420135671e-02 1.131356880413589006e-01 1.509148873843788041e-01 6.359262576087308660e-02 -1.587215825602846797e-01 -1.808224539288617178e-02 3.416208820793164430e-02 2.732049507274955311e-02 -5.457620569733946658e-02 6.889770033109726688e-02 7.565358871744216201e-04 -3.350061954885693184e-03 5.119045523267771181e-01 7.058883160121466327e-01 5.278665060181800817e-01 5.736967904878133018e-01 5.030597738286162190e-01 4.666802411346016033e-01 3.491443013517334104e-01 4.460455363345414148e-01 5.326264886287932626e-02 2.601812823102980787e-01 8.669401284020838983e-02 -2.322706470700205694e-01 8.013519619217419898e-02 2.982023694848370821e-01 2.766982236845882404e-01 2.400625107358999588e-01 4.391615006184031444e-01 5.072170648373690582e-01 3.968922927006269252e-01 4.636407160791529147e-01 -1.629919428639943768e-01 1.142630400679823903e-02 2.581574102724513639e-02 -2.348917581170504310e-01 -1.290896250983461779e-01 1.338227201709097369e-01 4.493366968154401120e-02 -8.155116928975139623e-02 1.981319664619262122e-01 1.370083726669870383e-01 3.348879625879479932e-02 -9.482103166783560633e-02 -2.062222098468505238e-01 1.978249415280985413e-01 1.705659923914504827e-01 -1.238999643317635346e-01 -6.296288088583554265e-02 1.473144904732251806e-02 5.130226754150693513e-02 4.219002616890938848e-03 9.331972920279656136e-02 1.040718414351537446e-01
1.338194856423823853e-01 9.740578902728765087e-02 2.063059481327442490e-01 4.395131955615617925e-02 6.304568063317904369e-02 9.539925717653602311e-02 9.903358065226960938e-02 5.105489143493200516e-02 1.452164056023499961e-01 5.781262220075884528e-01 6.629512221139417516e-01 1.000000000000000000e+00 4.100509489555077547e-01 2.989297556312158766e-01 3.822325572394569826e-01 2.246561732687574475e-01 2.292021186106492359e-01 -1.465015308407651984e-01 2.501606834604650498e-01 -8.931936259683323498e-02 2.903689165346565182e-01 2.263307800415296778e-01 1.738654721398490144e-01 3.964854764914605978e-01 2.807427936480451081e-01 5.386602745496024136e-01 2.191402098448976821e-01 1.983531809290265679e-01 4.328181181357293461e-01 1.959513870169614647e-01 -2.100522865219149327e-01 -6.026447704379606085e-02 -2.476248395416312531e-01 -1.608422159588298317e-01 2.063655456721111559e-01 -2.159568307908914242e-02 1.851525421799543880e-01 -1.074489270482484327e-01 6.051263581531278295e-03 1.729419938335786111e-01 -2.996978976984294163e-01 1.290123044215142900e-01 2.374222431758247001e-02 -2.415020519622343084e-02 -6.601237959226134711e-02 4.872784629607552348e-02 -4.229295689102669648e-02 6.605969120706363037e-03 -7.534429500220388154e-03 -1.147054710037223313e-01 -3.826203002036947243e-03 1.018968727798993668e-01 8.328583354447689768e-02 8.955925824229429844e-02 7.426595567599056369e-02 1.711319842912801259e-01 6.196379890776576582e-02 5.464967817501927005e-02 5.331156953297896406e-01 6.659385642498871771e-01 6.579035203328074122e-01 3.470852491340686852e-01 4.059750081974776714e-01 2.811784457303648788e-01 2.578652752533786008e-01 3.386766268487866327e-01 1.327889759549316651e-02 2.005310176072435946e-01 -2.339088740933307001e-02 -2.607188764262236558e-01 1.263818198593248676e-01 3.935085876668723004e-01 2.403833125348195099e-01 3.436547739273319579e-01 5.620985608105085740e-01 6.196540392762760474e-01 4.427230623138623256e-01 4.878804829596855575e-01 -2.094642413992763019e-01 -7.127543369716195232e-02 2.428101384751437525e-02 -4.382299892306772415e-01 -1.658050448147607714e-01 1.902392034042326985e-01 3.890737694030462629e-02 -1.458716338034731497e-01 1.704773271857455696e-01 8.875714785231998694e-02 -3.053124536065364783e-02 -1.525823330888115281e-01 -2.321737340359437685e-01 1.689537406356776961e-01 1.475597925298539892e-01 -1.226712729342068486e-01 2.899280334897530106e-02 -6.011805715292385666e-02 1.390968298090565491e-02 -1.229812121481926451e-01 1.201269440827176446e-02 -9.403213685564833224e-02
-1.464794923389784453e-01 -1.060404861364246942e-01 5.218309658049495939e-03 -1.426984367912904374e-02 -1.541108159915342279e-01 -7.995066112198813413e-02 4.701965315044539379e-02 -3.748722001660540620e-02 -2.562478004705341997e-02 4.374715445289203974e-01 5.757012466084501234e-01 4.100509489555077547e-01 1.000000000000000000e+00 5.290544557432809158e-01 4.042920849611282841e-01 9.326564636152932797e-02 2.418717848120731095e-01 -1.112045913383749030e-01 4.091696067722119246e-01 -1.763232367295401171e-01 1.588212302001281440e-01 2.348608688750598583e-01 2.648704036535012296e-01 1.495147385217266700e-01 9.658639112161564177e-02 2.988742131706882965e-01 2.261618665072692991e-01 2.147432396686842215e-01 3.520875012578206786e-01 2.454164918247823957e-01 -9.375296327915429162e-02 2.056765587002814533e-01 -2.364030463705192042e-01 -2.518366511540748656e-02 1.676647858438434502e-01 -8.387489743709160284e-02 2.417816863932946980e-01 -2.013851480652025655e-02 9.376134132443782188e-02 1.207555548214483965e-01 -1.649746500488989409e-01 -1.084711767460890550e-03 -2.402233149286786204e-03 1.153360234026984399e-01 1.359591373014499248e-02 1.722073983760011029e-01 1.331246590082788006e-01 1.272607777755172254e-01 2.020968167448346925e-02 5.638670767979117593e-02 -1.990737769339483709e-01 -6.472627367418305744e-02 1.024056315234945364e-01 -6.689603563549940957e-02 -1.476512002942833579e-01 -1.634606675257073427e-02 6.285036683354955356e-02 5.488492139535526559e-03 3.427271513891010368e-01 4.901638050720906192e-01 3.842000506620016909e-01 7.875198117724196978e-01 5.926608091516328836e-01 5.288285606669700378e-01 3.909265388162368460e-01 3.671708353779224998e-01 -8.284710252149560250e-02 3.449700847743341070e-01 1.577894314779321183e-01 -1.988533834958474689e-01 3.599344418300180065e-02 3.197337202084943319e-01 2.827327737321019829e-01 1.453180895029454189e-01 3.530674669346859917e-01 2.956276938554154854e-01 3.123544956504986647e-01 3.836427533342749441e-01 -9.444209481435411613e-02 9.942878502144525399e-02 3.609206901763822861e-02 -2.296813353301099814e-01 -3.313982980565379800e-03 1.804479800066897399e-01 9.859586583095002188e-02 1.405160056452364054e-02 1.647603257293968337e-01 1.285635525717807592e-01 1.794073920061248564e-02 -9.151198450929083628e-02 -1.162222459381258011e-01 1.622470166513818868e-01 1.881900254504010606e-01 -1.586638155366766612e-01 4.053314609108044780e-02 7.467273626089483696e-02 1.326698300832639121e-01 3.474722520059256997e-02 -3.728241750269019328e-02 6.427402807161025633e-02
-1.822421492209190808e-01 -1.453966344611705430e-01 -9.475627696107358222e-02 -3.499345004559602929e-02 -1.789555962553898150e-01 -1.880754727963827033e-01 -9.598884505330942257e-03 -1.569837825652591612e-01 -1.630798134026142099e-01 3.120390592545317365e-01 4.600099332991310352e-01 2.989297556312158766e-01 5.290544557432809158e-01 1.000000000000000000e+00 7.809042158624024399e-01 1.903033897282883913e-02 3.438342727162534418e-01 -2.755034179960375584e-01 6.359366085572033533e-01 -1.724031566361766132e-01 4.654953907123492440e-01 1.093804552139458902e-01 5.600867371463406075e-01 2.141573914498670073e-01 6.598798154435886465e-02 2.542399890777193860e-01 1.338130594067468149e-01 1.350785480212927103e-01 3.874660896246632791e-01 4.059577401010762143e-01 -1.410147505578214777e-01 2.961841852148209275e-01 -2.632909337700112262e-01 2.220011665700034626e-03 2.812947797290562754e-02 -2.561186049326657499e-01 1.426684026835815799e-01 -1.000075859423318891e-01 -7.532362756203384024e-02 8.913116008610846852e-02 -2.482591978215892559e-01 -2.749409542292945430e-01 -1.315877824871480584e-01 1.762051132748373647e-02 -9.365666005849787590e-02 1.540314913498716798e-01 3.003438451673871024e-01 2.442218062054680172e-01 -1.017092407245901997e-01 1.952097285588277279e-03 -3.750248139931440239e-01 -1.238784473924239293e-01 7.022611103745533823e-02 6.425873293267139741e-02 -2.283851890278788543e-01 -1.205873879296987250e-01 4.014879179821654806e-03 -1.374135299891312834e-01 1.989450642253257073e-01 3.845977187817696819e-01 2.451697893528902716e-01 4.405192324385163172e-01 6.317416847420740389e-01 7.449601930736970967e-01 7.193729237764144857e-01 7.379332592231830912e-01 5.768189467781736912e-02 3.828103549496759128e-01 3.251977431804155549e-01 -3.344952418906600999e-01 2.470784905000740772e-01 2.578640451236785536e-01 5.434705977760468931e-01 2.019896584464145606e-01 3.078051489584102685e-01 2.707663935092947116e-01 3.582495202550245450e-01 5.009862017890314156e-01 -1.153979436270613640e-01 1.997354653020852466e-01 1.562634427369719303e-01 -2.910326235291363361e-01 -8.012767204622985029e-02 1.404669826827860957e-01 7.023734298601481962e-02 1.825789864101181326e-01 1.444215822889520773e-01 4.830191431566644572e-02 -9.732074300598018979e-02 3.799150876341349237e-02 -1.211402055731151534e-01 3.930342822768784217e-02 2.062109668451503341e-01 -2.752546527274069565e-01 6.315570731898013934e-02 2.121958875484783111e-02 1.877707749674245585e-01 2.034117590902216610e-01 -7.516772228504099707e-02 8.549246192824158652e-02
-1.220929125484875727e-01 -1.175343983449890217e-01 -1.210152370235915709e-01 -3.886142993184881628e-02 -1.164470093456530242e-01 -1.819953026297179144e-01 -2.467237011792122736e-02 -1.591356477032679628e-01 -1.702165161560189877e-01 3.091965761971922633e-01 4.562726197071607648e-01 3.822325572394569826e-01 4.042920849611282841e-01 7.809042158624024399e-01 1.000000000000000000e+00 6.402357703511202258e-02 3.354089863621900758e-01 -2.337293438403235668e-01 5.767239192916612245e-01 -1.099933249569700483e-01 5.795746376762701546e-01 1.286954854574001161e-01 5.940601839329047174e-01 2.556155734009247782e-01 8.838706360184934996e-02 3.329256882708354626e-01 1.323902105428779452e-01 1.704352688495796853e-01 4.312820165201009526e-01 4.388914570382270175e-01 -1.937726365686572028e-01 2.778056283574517060e-01 -2.549452926395620045e-01 -1.552270348754544206e-02 5.100987740442906176e-02 -2.295080628600708883e-01 1.406435436035458064e-01 -1.478866360943044966e-01 -1.372735785918927365e-01 5.188863404471594915e-02 -2.630915675665113640e-01 -3.063851556311780189e-01 -1.627857372441351147e-01 -4.334319629995259625e-03 -1.179394208701772945e-01 1.299560596089413267e-01 2.512744614673257937e-01 2.220218151508611126e-01 -1.364733224364814423e-01 -7.416564519314942927e-02 -2.948040491856795953e-01 -9.522559515416316456e-02 7.592461636105726774e-02 1.113726985755694454e-01 -2.054867505024806362e-01 -1.487917128682794687e-01 -2.495097171369153877e-02 -1.775269774612089069e-01 2.157200863152707870e-01 3.896051880632822595e-01 2.666427735567638013e-01 3.435929479139619991e-01 5.768320505015296362e-01 6.955757978812449061e-01 7.636104792434040833e-01 8.283238442318426875e-01 1.010114590848251448e-01 3.941426682133157278e-01 3.061770859182391669e-01 -3.168874718461628381e-01 3.575991950556025034e-01 3.021273894214516198e-01 6.005531549163828364e-01 1.953159703654029911e-01 3.588489335026643356e-01 3.399994212546170735e-01 4.362314889978403110e-01 5.847271764423163098e-01 -1.885931382805265399e-01 1.572004211726658884e-01 1.671869836115452423e-01 -2.917023679117529134e-01 -1.247758503360629351e-01 1.737615285970517121e-01 6.307444931992865766e-02 1.768804690007456937e-01 1.397292563269700305e-01 7.638344031388054345e-02 -1.092245859794686857e-01 1.243977020636027365e-02 -1.245114491728744749e-01 2.687881944782061563e-02 2.041611413541792319e-01 -2.908449388874367880e-01 2.826409387367034495e-02 -6.480167973937605262e-03 1.820089295642240701e-01 1.844420732613554770e-01 -8.895579257623899283e-02 -6.796041073628736849e-03
