1.000000000000000000e+00 9.012722659522262036e-01 9.012722689275883825e-01 9.012722626957233585e-01 9.012722689082941496e-01 9.012722664262935446e-01 9.012722641783665889e-01 9.012722691884152981e-01 9.012722619102180310e-01 9.012722645099313645e-01 9.012722655129618010e-01 9.012722639360181143e-01 9.012722684235293658e-01 9.012722703025913829e-01 9.012722706201038436e-01 9.012722698011906841e-01 9.012722613939661009e-01 9.012722665350791917e-01 9.012722676361324403e-01 9.012722665334789163e-01 9.012722615630756051e-01 9.012722667355350659e-01 9.012722704089827230e-01 9.012722706740429190e-01 9.012722683856845274e-01 9.012722665299304214e-01 9.012722671436911304e-01 9.012722673156879916e-01 9.012722658698771871e-01 9.012722686238142655e-01 9.012722662699407250e-01 9.012722695543240459e-01 9.012722555440568772e-01 9.012722697652931769e-01 9.012722702251995122e-01 9.012722623056058646e-01 9.012722665180531445e-01 9.012722656824424527e-01 9.012722668751964594e-01 9.012722707748357376e-01 9.012722683519990285e-01 9.012722649163549260e-01 9.012722675602544697e-01 9.012722697206306810e-01 9.012722561447927827e-01 9.012722689236304374e-01 9.012722668003094739e-01 9.012722606941926395e-01 9.012722657991018016e-01 9.012722724759790749e-01 9.012722699610641319e-01 9.012722669412537302e-01 9.012722644911869141e-01 9.012722696658619359e-01 9.012722613548976858e-01 9.012722665776765618e-01 9.012722696213383289e-01 9.012722673121857930e-01 9.012722681983424966e-01 9.012722656766797291e-01 9.012722708130861404e-01 9.012722663854533245e-01 9.012722661938300517e-01 9.012722571843896358e-01 9.012722658916780816e-01 9.012722694118481259e-01 9.012722654936229372e-01 9.012722657477183485e-01 9.012722658682965626e-01 9.012722696399096955e-01 9.012722676249944609e-01 9.012722617540993575e-01 9.012722695172944443e-01 9.012722634123635501e-01 9.012722653348700375e-01 9.012722668914119328e-01 9.012722658683738342e-01 9.012722562966175577e-01 9.012722670488670929e-01 9.012722693754579018e-01 9.012722633059429000e-01 9.012722699477160315e-01 9.012722603411050804e-01 9.012722616897128614e-01 9.012722620377529026e-01 9.012722703021567305e-01 9.012722628608847986e-01 9.012722651805556984e-01 9.012722649631558225e-01 9.012722692756758303e-01 9.012722646525774817e-01 9.012722701894759769e-01 9.012722632771783537e-01 9.012722686420036045e-01 9.012722654155654878e-01 9.012722654698308578e-01 9.012722688102524637e-01 9.012722679913440782e-01 9.012722693692033493e-01 9.012722649781793605e-01
9.012722659522262036e-01 1.000000000000000000e+00 9.012722718720393988e-01 9.012722551187183351e-01 9.012722683968575899e-01 9.012722671626486326e-01 9.012722656899392337e-01 9.012722669016860477e-01 9.012722591634667602e-01 9.012722716514518506e-01 9.012722672355555353e-01 9.012722668966665074e-01 9.012722676099428343e-01 9.012722666834499519e-01 9.012722700011135402e-01 9.012722650008091474e-01 9.012722653364984016e-01 9.012722711955201138e-01 9.012722699041264551e-01 9.012722656661219522e-01 9.012722609110402905e-01 9.012722704223029568e-01 9.012722649795688046e-01 9.012722653965695718e-01 9.012722687398885268e-01 9.012722638623217319e-01 9.012722683889407005e-01 9.012722680081256543e-01 9.012722709120739584e-01 9.012722658170557732e-01 9.012722634987140324e-01 9.012722665521604171e-01 9.012722684484555380e-01 9.012722672082400521e-01 9.012722679374418622e-01 9.012722706084551616e-01 9.012722635611519761e-01 9.012722670513225731e-01 9.012722647905940798e-01 9.012722647110086305e-01 9.012722672103535837e-01 9.012722650095115196e-01 9.012722630641486488e-01 9.012722647043418522e-01 9.012722610309921167e-01 9.012722653143484530e-01 9.012722704493788539e-01 9.012722689398571241e-01 9.012722598564131271e-01 9.012722664933467964e-01 9.012722693585950573e-01 9.012722700031455814e-01 9.012722648278718163e-01 9.012722660026855070e-01 9.012722635417768080e-01 9.012722657672649351e-01 9.012722681849397732e-01 9.012722670195848496e-01 9.012722674800970335e-01 9.012722697884383294e-01 9.012722706601193901e-01 9.012722680215301541e-01 9.012722704723350464e-01 9.012722625037652424e-01 9.012722687037386660e-01 9.012722662915195748e-01 9.012722640146367814e-01 9.012722692201514674e-01 9.012722696671534584e-01 9.012722649423777765e-01 9.012722674497349873e-01 9.012722698570705404e-01 9.012722684798103456e-01 9.012722678540595611e-01 9.012722679615430277e-01 9.012722654108311637e-01 9.012722655749153544e-01 9.012722661898885379e-01 9.012722706024199892e-01 9.012722657793600378e-01 9.012722635983624331e-01 9.012722689004377674e-01 9.012722645249954256e-01 9.012722684790103189e-01 9.012722703163859039e-01 9.012722665810772860e-01 9.012722691433429079e-01 9.012722708694115292e-01 9.012722698392190424e-01 9.012722660425932508e-01 9.012722704377620353e-01 9.012722705209428309e-01 9.012722666192388710e-01 9.012722669135831977e-01 9.012722641434063320e-01 9.012722596332558567e-01 9.012722679303986073e-01 9.012722624817111061e-01 9.012722659685827864e-01 9.012722671884314529e-01
9.012722689275883825e-01 9.012722718720393988e-01 1.000000000000000000e+00 9.012722645526544119e-01 9.012722716548027257e-01 9.012722710779399460e-01 9.012722699305338869e-01 9.012722658567358103e-01 9.012722667027425194e-01 9.012722728052248167e-01 9.012722716207492990e-01 9.012722689569405699e-01 9.012722693022573450e-01 9.012722716028283010e-01 9.012722721750408006e-01 9.012722700803528220e-01 9.012722678261606557e-01 9.012722719139661942e-01 9.012722709372356089e-01 9.012722694905849208e-01 9.012722599029160397e-01 9.012722709870565341e-01 9.012722702861469815e-01 9.012722692656095491e-01 9.012722711688591071e-01 9.012722700397132192e-01 9.012722718903023456e-01 9.012722710191125586e-01 9.012722718850501025e-01 9.012722707459663862e-01 9.012722657998444298e-01 9.012722702813522613e-01 9.012722686766549973e-01 9.012722705724616201e-01 9.012722717448171661e-01 9.012722721221891886e-01 9.012722698911657115e-01 9.012722688459299247e-01 9.012722698099560059e-01 9.012722679371256707e-01 9.012722694558222836e-01 9.012722709761065154e-01 9.012722700712240131e-01 9.012722702185675949e-01 9.012722637076248100e-01 9.012722689944213661e-01 9.012722724944237651e-01 9.012722692047735462e-01 9.012722665804121513e-01 9.012722692523109647e-01 9.012722728476795231e-01 9.012722702946761588e-01 9.012722659061076502e-01 9.012722711731222525e-01 9.012722683940358470e-01 9.012722703505725574e-01 9.012722719250841896e-01 9.012722667836557955e-01 9.012722708849397746e-01 9.012722712137692938e-01 9.012722721728004815e-01 9.012722704098127258e-01 9.012722728573053788e-01 9.012722653333810063e-01 9.012722715458726386e-01 9.012722713569373267e-01 9.012722699019850570e-01 9.012722728103810255e-01 9.012722726778228388e-01 9.012722665420932477e-01 9.012722714490049025e-01 9.012722707127253097e-01 9.012722715383303385e-01 9.012722706529135985e-01 9.012722702889073290e-01 9.012722697619929280e-01 9.012722684250975558e-01 9.012722650575548666e-01 9.012722723700077321e-01 9.012722705457885120e-01 9.012722699827235839e-01 9.012722695497692449e-01 9.012722672905914001e-01 9.012722715366492388e-01 9.012722685603943296e-01 9.012722690362083844e-01 9.012722696037700487e-01 9.012722727020872071e-01 9.012722718605367112e-01 9.012722712335797803e-01 9.012722708766109925e-01 9.012722707953486623e-01 9.012722672734760909e-01 9.012722671970243571e-01 9.012722679376943269e-01 9.012722658604329640e-01 9.012722720821016997e-01 9.012722679226971012e-01 9.012722679778517598e-01 9.012722700375787044e-01
9.012722626957233585e-01 9.012722551187183351e-01 9.012722645526544119e-01 1.000000000000000000e+00 9.012722604412384264e-01 9.012722686985620291e-01 9.012722620854319855e-01 9.012722545929446882e-01 9.012722651409305064e-01 9.012722598677432861e-01 9.012722661971070970e-01 9.012722551367722268e-01 9.012722599030040804e-01 9.012722698886016515e-01 9.012722659416150250e-01 9.012722663788307331e-01 9.012722589194802625e-01 9.012722584428409789e-01 9.012722562774336810e-01 9.012722658618399496e-01 9.012722484292852165e-01 9.012722610170377235e-01 9.012722656731253501e-01 9.012722687200858118e-01 9.012722648738497044e-01 9.012722656525106180e-01 9.012722660715524192e-01 9.012722627678280141e-01 9.012722574815611454e-01 9.012722688951494421e-01 9.012722609736200097e-01 9.012722665144444756e-01 9.012722537853343763e-01 9.012722675071060952e-01 9.012722618214638048e-01 9.012722613758983314e-01 9.012722649309707901e-01 9.012722613243826508e-01 9.012722644763884183e-01 9.012722623284070700e-01 9.012722653162055231e-01 9.012722676901415708e-01 9.012722706228130098e-01 9.012722664204255718e-01 9.012722447151879646e-01 9.012722623575102343e-01 9.012722648705591144e-01 9.012722553381192769e-01 9.012722642959010155e-01 9.012722626440390350e-01 9.012722638803490893e-01 9.012722580802926542e-01 9.012722583012713340e-01 9.012722675967627106e-01 9.012722663384011845e-01 9.012722659156076066e-01 9.012722655630833746e-01 9.012722579746248464e-01 9.012722657780083413e-01 9.012722610153823810e-01 9.012722608407974789e-01 9.012722616347392801e-01 9.012722659938731118e-01 9.012722489594570119e-01 9.012722632917270493e-01 9.012722682223971438e-01 9.012722681710223505e-01 9.012722656214190442e-01 9.012722634442063008e-01 9.012722569893520941e-01 9.012722658735898840e-01 9.012722562696514617e-01 9.012722629096034943e-01 9.012722626205463827e-01 9.012722649670075192e-01 9.012722603110605579e-01 9.012722633215827228e-01 9.012722524858494122e-01 9.012722602155913698e-01 9.012722662410127539e-01 9.012722655142942907e-01 9.012722613844129649e-01 9.012722560744028666e-01 9.012722627699760736e-01 9.012722513704544136e-01 9.012722627344500470e-01 9.012722602209299883e-01 9.012722605742710114e-01 9.012722606839788098e-01 9.012722672360325982e-01 9.012722560871853084e-01 9.012722616571497980e-01 9.012722606302597805e-01 9.012722579789770316e-01 9.012722617906820943e-01 9.012722681704998795e-01 9.012722642351723712e-01 9.012722626712273977e-01 9.012722567230248005e-01 9.012722668143960947e-01
9.012722689082941496e-01 9.012722683968575899e-01 9.012722716548027257e-01 9.012722604412384264e-01 1.000000000000000000e+00 9.012722674730792027e-01 9.012722721198482834e-01 9.012722649444154799e-01 9.012722659399069469e-01 9.012722691592954805e-01 9.012722700925698271e-01 9.012722662881508251e-01 9.012722696948380907e-01 9.012722695786230531e-01 9.012722698657299469e-01 9.012722676936322230e-01 9.012722668534605130e-01 9.012722691107791784e-01 9.012722716306358350e-01 9.012722637213415044e-01 9.012722631002075824e-01 9.012722662162921949e-01 9.012722723064345853e-01 9.012722662365946213e-01 9.012722690423141669e-01 9.012722690947819748e-01 9.012722674775127674e-01 9.012722701400893710e-01 9.012722701110035262e-01 9.012722668246505586e-01 9.012722590755100072e-01 9.012722670915289669e-01 9.012722623052925597e-01 9.012722671928610207e-01 9.012722717103439640e-01 9.012722668692411121e-01 9.012722709789429132e-01 9.012722675334152722e-01 9.012722686544156758e-01 9.012722701391895352e-01 9.012722641793128320e-01 9.012722702648355844e-01 9.012722671033770450e-01 9.012722709453280245e-01 9.012722650631991295e-01 9.012722702280263620e-01 9.012722685767858843e-01 9.012722683812884883e-01 9.012722646182868003e-01 9.012722701847686313e-01 9.012722724152447684e-01 9.012722673351377667e-01 9.012722654357794294e-01 9.012722672912577560e-01 9.012722666734240828e-01 9.012722662289827102e-01 9.012722708737803679e-01 9.012722660247526330e-01 9.012722690488921273e-01 9.012722661728244100e-01 9.012722708736695676e-01 9.012722704613117530e-01 9.012722695548167628e-01 9.012722625363206452e-01 9.012722672050925699e-01 9.012722690848853357e-01 9.012722647308820667e-01 9.012722684486994540e-01 9.012722687068960292e-01 9.012722649367561623e-01 9.012722710456325670e-01 9.012722689099148532e-01 9.012722695930748262e-01 9.012722647257241926e-01 9.012722628181280005e-01 9.012722695103759785e-01 9.012722667889425665e-01 9.012722576859475421e-01 9.012722726773860771e-01 9.012722696278065992e-01 9.012722701938268299e-01 9.012722669065023062e-01 9.012722628566216532e-01 9.012722678248870078e-01 9.012722663123038380e-01 9.012722683253568956e-01 9.012722644895008184e-01 9.012722696085068153e-01 9.012722695550934304e-01 9.012722702827049570e-01 9.012722691207731840e-01 9.012722691369391415e-01 9.012722651249345240e-01 9.012722676242794773e-01 9.012722630349893072e-01 9.012722632084364527e-01 9.012722730103203128e-01 9.012722692856076634e-01 9.012722659281275916e-01 9.012722644480556378e-01
9.012722664262935446e-01 9.012722671626486326e-01 9.012722710779399460e-01 9.012722686985620291e-01 9.012722674730792027e-01 1.000000000000000000e+00 9.012722686879717227e-01 9.012722623852796877e-01 9.012722654037516046e-01 9.012722677947215821e-01 9.012722704224824799e-01 9.012722648410130821e-01 9.012722681321554408e-01 9.012722724734784085e-01 9.012722710977359997e-01 9.012722689260034281e-01 9.012722688556215056e-01 9.012722683172885718e-01 9.012722664644631232e-01 9.012722660422981535e-01 9.012722623051330206e-01 9.012722706324812760e-01 9.012722685011236301e-01 9.012722718260650634e-01 9.012722691060769398e-01 9.012722684541636387e-01 9.012722696575415915e-01 9.012722721063032294e-01 9.012722675184553500e-01 9.012722686310504772e-01 9.012722663815961877e-01 9.012722670291845040e-01 9.012722634766892060e-01 9.012722727818838209e-01 9.012722676724194137e-01 9.012722703145664704e-01 9.012722685764428254e-01 9.012722658083730520e-01 9.012722697209138989e-01 9.012722664092354119e-01 9.012722683609963870e-01 9.012722687983238945e-01 9.012722691008714371e-01 9.012722685553472557e-01 9.012722568087808694e-01 9.012722698236241836e-01 9.012722706316401711e-01 9.012722656078568928e-01 9.012722675521246396e-01 9.012722673872902712e-01 9.012722701435497141e-01 9.012722685084267882e-01 9.012722650520594847e-01 9.012722689177400381e-01 9.012722693120341910e-01 9.012722669396204811e-01 9.012722677918046932e-01 9.012722681245248779e-01 9.012722714185177342e-01 9.012722674943348666e-01 9.012722682618355963e-01 9.012722695027364228e-01 9.012722717010821505e-01 9.012722567542079677e-01 9.012722718521338772e-01 9.012722708500674473e-01 9.012722694072277108e-01 9.012722713649483630e-01 9.012722706885430979e-01 9.012722650027215066e-01 9.012722700537055820e-01 9.012722662878612789e-01 9.012722663762816611e-01 9.012722701574592543e-01 9.012722691080745641e-01 9.012722666996131338e-01 9.012722722181435442e-01 9.012722657635060530e-01 9.012722687853232939e-01 9.012722697626122104e-01 9.012722666166393948e-01 9.012722703452057393e-01 9.012722649791852225e-01 9.012722691666231745e-01 9.012722666811591177e-01 9.012722695482071611e-01 9.012722672121548095e-01 9.012722696313480997e-01 9.012722693598022028e-01 9.012722676122508769e-01 9.012722646693668294e-01 9.012722679559639349e-01 9.012722703065166874e-01 9.012722690069443487e-01 9.012722657735555698e-01 9.012722707607041528e-01 9.012722707879825546e-01 9.012722669840435019e-01 9.012722624494376999e-01 9.012722709333582660e-01
9.012722641783665889e-01 9.012722656899392337e-01 9.012722699305338869e-01 9.012722620854319855e-01 9.012722721198482834e-01 9.012722686879717227e-01 1.000000000000000000e+00 9.012722601749307838e-01 9.012722627405665987e-01 9.012722670538150238e-01 9.012722720281890476e-01 9.012722611162119479e-01 9.012722659807845815e-01 9.012722694313478611e-01 9.012722673420431319e-01 9.012722633832186414e-01 9.012722651192192069e-01 9.012722660152713283e-01 9.012722671171203848e-01 9.012722614090333817e-01 9.012722630067835361e-01 9.012722635720153974e-01 9.012722712954454041e-01 9.012722646267236071e-01 9.012722667906799545e-01 9.012722666690725637e-01 9.012722657023414241e-01 9.012722701863550290e-01 9.012722664003423034e-01 9.012722661480863096e-01 9.012722537353839991e-01 9.012722626504098278e-01 9.012722611457997246e-01 9.012722657258359638e-01 9.012722692396236690e-01 9.012722672944843971e-01 9.012722712429506178e-01 9.012722655691358664e-01 9.012722687353148521e-01 9.012722672533006740e-01 9.012722620752972036e-01 9.012722701704725115e-01 9.012722648185329533e-01 9.012722692354032672e-01 9.012722598214344405e-01 9.012722682732077217e-01 9.012722692493805310e-01 9.012722685271884471e-01 9.012722643581538851e-01 9.012722657727776365e-01 9.012722705934793632e-01 9.012722656075620176e-01 9.012722615690326178e-01 9.012722635365615353e-01 9.012722668772331636e-01 9.012722646221698053e-01 9.012722674201241180e-01 9.012722634985647074e-01 9.012722668108296142e-01 9.012722624845594943e-01 9.012722676744968631e-01 9.012722681358265042e-01 9.012722689387354658e-01 9.012722558136218032e-01 9.012722663039445248e-01 9.012722662613623648e-01 9.012722632817379287e-01 9.012722671458620605e-01 9.012722676274158573e-01 9.012722596045196211e-01 9.012722700040195489e-01 9.012722665581532899e-01 9.012722660083164472e-01 9.012722626982169194e-01 9.012722605606691140e-01 9.012722670309909478e-01 9.012722677788054249e-01 9.012722558625522185e-01 9.012722703233532195e-01 9.012722666542876127e-01 9.012722690157258798e-01 9.012722642281494334e-01 9.012722585459473912e-01 9.012722669382049467e-01 9.012722665043391146e-01 9.012722645890511863e-01 9.012722609763900161e-01 9.012722670283136450e-01 9.012722669896146011e-01 9.012722675356457103e-01 9.012722654942549871e-01 9.012722655825800011e-01 9.012722653923693761e-01 9.012722658156610001e-01 9.012722601620829499e-01 9.012722619777312483e-01 9.012722727708342152e-01 9.012722677333984134e-01 9.012722575800937719e-01 9.012722627685642030e-01
9.012722691884152981e-01 9.012722669016860477e-01 9.012722658567358103e-01 9.012722545929446882e-01 9.012722649444154799e-01 9.012722623852796877e-01 9.012722601749307838e-01 1.000000000000000000e+00 9.012722542364079992e-01 9.012722601977752879e-01 9.012722618293985688e-01 9.012722623589970450e-01 9.012722647728020897e-01 9.012722635008799665e-01 9.012722671211967906e-01 9.012722618672461827e-01 9.012722580158565311e-01 9.012722677627121870e-01 9.012722637639157819e-01 9.012722654034227565e-01 9.012722588298208715e-01 9.012722619023033621e-01 9.012722625729114867e-01 9.012722676300068958e-01 9.012722661478977937e-01 9.012722631384687544e-01 9.012722666740823341e-01 9.012722620066713208e-01 9.012722616396964259e-01 9.012722628186347062e-01 9.012722634117803500e-01 9.012722657570162443e-01 9.012722534027945986e-01 9.012722647169699730e-01 9.012722639847706718e-01 9.012722608483970665e-01 9.012722623065472227e-01 9.012722702955006104e-01 9.012722565825744825e-01 9.012722645453559167e-01 9.012722692149502945e-01 9.012722617537680669e-01 9.012722626364478851e-01 9.012722624584101894e-01 9.012722482351749331e-01 9.012722670451825957e-01 9.012722630576663896e-01 9.012722583265836418e-01 9.012722600003034712e-01 9.012722702796549523e-01 9.012722642973113318e-01 9.012722660512955120e-01 9.012722637029256800e-01 9.012722649887165982e-01 9.012722586693162619e-01 9.012722642577820631e-01 9.012722651151687803e-01 9.012722671625514881e-01 9.012722666965656826e-01 9.012722600715671328e-01 9.012722653770491865e-01 9.012722661155162518e-01 9.012722647849701341e-01 9.012722549811020833e-01 9.012722604014110628e-01 9.012722636361343298e-01 9.012722596736056913e-01 9.012722595351801980e-01 9.012722598365783266e-01 9.012722673623092540e-01 9.012722631626786107e-01 9.012722573940877835e-01 9.012722666726991072e-01 9.012722570488688190e-01 9.012722625871634197e-01 9.012722647030506629e-01 9.012722644622807033e-01 9.012722518713305320e-01 9.012722663586366645e-01 9.012722626445551777e-01 9.012722582505421354e-01 9.012722668062636000e-01 9.012722544418010351e-01 9.012722582377026281e-01 9.012722616009468668e-01 9.012722681477750575e-01 9.012722621324539274e-01 9.012722613876561484e-01 9.012722611002266238e-01 9.012722661564981363e-01 9.012722662622854042e-01 9.012722705304963000e-01 9.012722640625304704e-01 9.012722671414559183e-01 9.012722653428618669e-01 9.012722600335715262e-01 9.012722646780444435e-01 9.012722565591433366e-01 9.012722642214974211e-01 9.012722613058049559e-01
9.012722619102180310e-01 9.012722591634667602e-01 9.012722667027425194e-01 9.012722651409305064e-01 9.012722659399069469e-01 9.012722654037516046e-01 9.012722627405665987e-01 9.012722542364079992e-01 1.000000000000000000e+00 9.012722651450990607e-01 9.012722622981287346e-01 9.012722634709698921e-01 9.012722673938756701e-01 9.012722659865235464e-01 9.012722674021560465e-01 9.012722697867721067e-01 9.012722687288883261e-01 9.012722625515149355e-01 9.012722671082591397e-01 9.012722603185865378e-01 9.012722503832827359e-01 9.012722643010829815e-01 9.012722659131215952e-01 9.012722645184785275e-01 9.012722662735642709e-01 9.012722692247386869e-01 9.012722646208015664e-01 9.012722633377800996e-01 9.012722664276616724e-01 9.012722621975738369e-01 9.012722607376387751e-01 9.012722688332968080e-01 9.012722595517549395e-01 9.012722656155276457e-01 9.012722625644938867e-01 9.012722610893474373e-01 9.012722640361831017e-01 9.012722619071010799e-01 9.012722633430462205e-01 9.012722652360417586e-01 9.012722591878918887e-01 9.012722688847810693e-01 9.012722701713861140e-01 9.012722679085352073e-01 9.012722614131256638e-01 9.012722653719995591e-01 9.012722605667609077e-01 9.012722597303519656e-01 9.012722576601217561e-01 9.012722655559410878e-01 9.012722663073579055e-01 9.012722570965997493e-01 9.012722669760780958e-01 9.012722674988558058e-01 9.012722706643315762e-01 9.012722622037843134e-01 9.012722697241110081e-01 9.012722606745814380e-01 9.012722692295633831e-01 9.012722654411864376e-01 9.012722633734571165e-01 9.012722688831374951e-01 9.012722680562812450e-01 9.012722618957843546e-01 9.012722636520862363e-01 9.012722704377243987e-01 9.012722660581834466e-01 9.012722679827811501e-01 9.012722646477044908e-01 9.012722581041859859e-01 9.012722683613136887e-01 9.012722668045902719e-01 9.012722636569471257e-01 9.012722660297680655e-01 9.012722629021666654e-01 9.012722626934408510e-01 9.012722602215105239e-01 9.012722572889407813e-01 9.012722676709629122e-01 9.012722697171814401e-01 9.012722712941750869e-01 9.012722619797168822e-01 9.012722658587234426e-01 9.012722678688833700e-01 9.012722522064162689e-01 9.012722660698762045e-01 9.012722674674680245e-01 9.012722677818191253e-01 9.012722682564753285e-01 9.012722686884456769e-01 9.012722624880136202e-01 9.012722641378113630e-01 9.012722621159429126e-01 9.012722595261315472e-01 9.012722584859206298e-01 9.012722673063018330e-01 9.012722651339101221e-01 9.012722649559314902e-01 9.012722660269208985e-01 9.012722678514707431e-01
9.012722645099313645e-01 9.012722716514518506e-01 9.012722728052248167e-01 9.012722598677432861e-01 9.012722691592954805e-01 9.012722677947215821e-01 9.012722670538150238e-01 9.012722601977752879e-01 9.012722651450990607e-01 1.000000000000000000e+00 9.012722690324861397e-01 9.012722666297237062e-01 9.012722668048944730e-01 9.012722683100741206e-01 9.012722698169646218e-01 9.012722676531331745e-01 9.012722662939122165e-01 9.012722692364190102e-01 9.012722701224008537e-01 9.012722663305929860e-01 9.012722557592707240e-01 9.012722705784044219e-01 9.012722672124802159e-01 9.012722640708131783e-01 9.012722686000265160e-01 9.012722662571610588e-01 9.012722688056451492e-01 9.012722680052964730e-01 9.012722720008977673e-01 9.012722681353997345e-01 9.012722620054314238e-01 9.012722683209865027e-01 9.012722715145216057e-01 9.012722669779329454e-01 9.012722691064770641e-01 9.012722713531311491e-01 9.012722653841098719e-01 9.012722641653365674e-01 9.012722684023702913e-01 9.012722649070418202e-01 9.012722648399082992e-01 9.012722680422106114e-01 9.012722664045811349e-01 9.012722675995462618e-01 9.012722647081102822e-01 9.012722636544572286e-01 9.012722712016909554e-01 9.012722691092074356e-01 9.012722606631571320e-01 9.012722644699541208e-01 9.012722709815182975e-01 9.012722670705684003e-01 9.012722638338696024e-01 9.012722680380754747e-01 9.012722664190796484e-01 9.012722675213976631e-01 9.012722703933613300e-01 9.012722626125914127e-01 9.012722672193460571e-01 9.012722718971108993e-01 9.012722711542676679e-01 9.012722672552592185e-01 9.012722714131469193e-01 9.012722651116515937e-01 9.012722699077156951e-01 9.012722683794519574e-01 9.012722676567426205e-01 9.012722724582420408e-01 9.012722720331671766e-01 9.012722613781428693e-01 9.012722689605715543e-01 9.012722725524047185e-01 9.012722688810961280e-01 9.012722708086033929e-01 9.012722691383719953e-01 9.012722657297250750e-01 9.012722630077834030e-01 9.012722662570805676e-01 9.012722703910073241e-01 9.012722677286851836e-01 9.012722683554883485e-01 9.012722666598131926e-01 9.012722678641754692e-01 9.012722713614866876e-01 9.012722673450463962e-01 9.012722643872869144e-01 9.012722698674403565e-01 9.012722727753345042e-01 9.012722713082984560e-01 9.012722681570898287e-01 9.012722691786905216e-01 9.012722679838270912e-01 9.012722639688574011e-01 9.012722626451067365e-01 9.012722633931856686e-01 9.012722604999406917e-01 9.012722685043117465e-01 9.012722662890156888e-01 9.012722666083203826e-01 9.012722685336866935e-01
9.012722655129618010e-01 9.012722672355555353e-01 9.012722716207492990e-01 9.012722661971070970e-01 9.012722700925698271e-01 9.012722704224824799e-01 9.012722720281890476e-01 9.012722618293985688e-01 9.012722622981287346e-01 9.012722690324861397e-01 1.000000000000000000e+00 9.012722619954640635e-01 9.012722631486174141e-01 9.012722709246210329e-01 9.012722679215665611e-01 9.012722645043144132e-01 9.012722625206651683e-01 9.012722675409330364e-01 9.012722647543234267e-01 9.012722680756575233e-01 9.012722570417841528e-01 9.012722655006193406e-01 9.012722702700218802e-01 9.012722669725967695e-01 9.012722668207415744e-01 9.012722686913879899e-01 9.012722704434881216e-01 9.012722695266379702e-01 9.012722656024333423e-01 9.012722707028256730e-01 9.012722583074307403e-01 9.012722657359379941e-01 9.012722656909136765e-01 9.012722671821105092e-01 9.012722701393280911e-01 9.012722707715377091e-01 9.012722720427825962e-01 9.012722666753254508e-01 9.012722702211819481e-01 9.012722652095793707e-01 9.012722669478994142e-01 9.012722704911588778e-01 9.012722678492854911e-01 9.012722699921593694e-01 9.012722559694077429e-01 9.012722671124738794e-01 9.012722723136267211e-01 9.012722659976549755e-01 9.012722677599377397e-01 9.012722649402226116e-01 9.012722716089136554e-01 9.012722666499539681e-01 9.012722599804059431e-01 9.012722679002411752e-01 9.012722666761988632e-01 9.012722706053873933e-01 9.012722681086164922e-01 9.012722612361245833e-01 9.012722675365099079e-01 9.012722646119125658e-01 9.012722694085429920e-01 9.012722663645854615e-01 9.012722706868114830e-01 9.012722572349046724e-01 9.012722689220880046e-01 9.012722671178259315e-01 9.012722691009614762e-01 9.012722695137082018e-01 9.012722698401700594e-01 9.012722601323841509e-01 9.012722686028523666e-01 9.012722659953247284e-01 9.012722678603327653e-01 9.012722661975129945e-01 9.012722672560683490e-01 9.012722692385352063e-01 9.012722678164934997e-01 9.012722572734077620e-01 9.012722689063165094e-01 9.012722658802720943e-01 9.012722682398901508e-01 9.012722658552697608e-01 9.012722615395297732e-01 9.012722674418004454e-01 9.012722676841317115e-01 9.012722636917983587e-01 9.012722631103013970e-01 9.012722683088796316e-01 9.012722662060776990e-01 9.012722697991628618e-01 9.012722656052093440e-01 9.012722659151264359e-01 9.012722652729460160e-01 9.012722637938930248e-01 9.012722665582623138e-01 9.012722625188945846e-01 9.012722720232138052e-01 9.012722673009011531e-01 9.012722592099754459e-01 9.012722648681619209e-01
9.012722639360181143e-01 9.012722668966665074e-01 9.012722689569405699e-01 9.012722551367722268e-01 9.012722662881508251e-01 9.012722648410130821e-01 9.012722611162119479e-01 9.012722623589970450e-01 9.012722634709698921e-01 9.012722666297237062e-01 9.012722619954640635e-01 1.000000000000000000e+00 9.012722667135547594e-01 9.012722641978047067e-01 9.012722667217587524e-01 9.012722684222588265e-01 9.012722659146030768e-01 9.012722723279631420e-01 9.012722689959328237e-01 9.012722639427059868e-01 9.012722529963073104e-01 9.012722671123652995e-01 9.012722614466778248e-01 9.012722642494125358e-01 9.012722667022797784e-01 9.012722672724073902e-01 9.012722675611184453e-01 9.012722673830403375e-01 9.012722705729947492e-01 9.012722621190927264e-01 9.012722682622302806e-01 9.012722638920783735e-01 9.012722618931128249e-01 9.012722666745082156e-01 9.012722680955799204e-01 9.012722675776123626e-01 9.012722642975748988e-01 9.012722642941307649e-01 9.012722611625607616e-01 9.012722588192663142e-01 9.012722656697718104e-01 9.012722650391040702e-01 9.012722661779982714e-01 9.012722609157647335e-01 9.012722678558287015e-01 9.012722663771369769e-01 9.012722636752652505e-01 9.012722635198162635e-01 9.012722650530704538e-01 9.012722657670702020e-01 9.012722664563942443e-01 9.012722696118793397e-01 9.012722595182480756e-01 9.012722686822196572e-01 9.012722604110919855e-01 9.012722632632025332e-01 9.012722655436377073e-01 9.012722637841494855e-01 9.012722674468396367e-01 9.012722681523204216e-01 9.012722650770046418e-01 9.012722676026798663e-01 9.012722657889179478e-01 9.012722714937734247e-01 9.012722688947728544e-01 9.012722689216813299e-01 9.012722641701980120e-01 9.012722686729015553e-01 9.012722693603849589e-01 9.012722695128981831e-01 9.012722663475863927e-01 9.012722647097342055e-01 9.012722687075507277e-01 9.012722676808935240e-01 9.012722643634247799e-01 9.012722676680040568e-01 9.012722652816698155e-01 9.012722642785333527e-01 9.012722687330239069e-01 9.012722680388661756e-01 9.012722642255065475e-01 9.012722638235548533e-01 9.012722661659474666e-01 9.012722686828731344e-01 9.012722625463721604e-01 9.012722680026677979e-01 9.012722645467055038e-01 9.012722696139071621e-01 9.012722705292913750e-01 9.012722645101503005e-01 9.012722703707611860e-01 9.012722652420488423e-01 9.012722597694977633e-01 9.012722627107826456e-01 9.012722666951810124e-01 9.012722643207947693e-01 9.012722670715589413e-01 9.012722587637191918e-01 9.012722684157250530e-01 9.012722657506502255e-01
9.012722684235293658e-01 9.012722676099428343e-01 9.012722693022573450e-01 9.012722599030040804e-01 9.012722696948380907e-01 9.012722681321554408e-01 9.012722659807845815e-01 9.012722647728020897e-01 9.012722673938756701e-01 9.012722668048944730e-01 9.012722631486174141e-01 9.012722667135547594e-01 1.000000000000000000e+00 9.012722688143190997e-01 9.012722723482440301e-01 9.012722706096697456e-01 9.012722712590416352e-01 9.012722676918653031e-01 9.012722725167616744e-01 9.012722597819912140e-01 9.012722673130130202e-01 9.012722696431624270e-01 9.012722685743260742e-01 9.012722687697016788e-01 9.012722711745398962e-01 9.012722653074372037e-01 9.012722639673130809e-01 9.012722693770345295e-01 9.012722710692587791e-01 9.012722628992392293e-01 9.012722650775960576e-01 9.012722680424903876e-01 9.012722580524593630e-01 9.012722705585788363e-01 9.012722666329968657e-01 9.012722634175398539e-01 9.012722633414897988e-01 9.012722657863548870e-01 9.012722645903359364e-01 9.012722708354939938e-01 9.012722639001119473e-01 9.012722667830463941e-01 9.012722662036031229e-01 9.012722671430739574e-01 9.012722641937090939e-01 9.012722697056959609e-01 9.012722649276092568e-01 9.012722677006199667e-01 9.012722592182081938e-01 9.012722717014571838e-01 9.012722682872795765e-01 9.012722670594142116e-01 9.012722706242285442e-01 9.012722658269802789e-01 9.012722677279564332e-01 9.012722596986265655e-01 9.012722702341201542e-01 9.012722722671430153e-01 9.012722706543294660e-01 9.012722686831782237e-01 9.012722679734956888e-01 9.012722720285667455e-01 9.012722689605174864e-01 9.012722604441500973e-01 9.012722665846324421e-01 9.012722711375503737e-01 9.012722613790447035e-01 9.012722680241715967e-01 9.012722669519264151e-01 9.012722680021877375e-01 9.012722715484121627e-01 9.012722682615121883e-01 9.012722672089719111e-01 9.012722658873609793e-01 9.012722623230285945e-01 9.012722627836836642e-01 9.012722673830853015e-01 9.012722647948984145e-01 9.012722711584383317e-01 9.012722722458785807e-01 9.012722672140409674e-01 9.012722692489971710e-01 9.012722631518175209e-01 9.012722682074064684e-01 9.012722620333458723e-01 9.012722726688928709e-01 9.012722684049389033e-01 9.012722688124669146e-01 9.012722714837494431e-01 9.012722665012743439e-01 9.012722676623077245e-01 9.012722713472427483e-01 9.012722679744258336e-01 9.012722708870825050e-01 9.012722582901802060e-01 9.012722684567724407e-01 9.012722687316057080e-01 9.012722662063642476e-01 9.012722686386281934e-01 9.012722696558149726e-01
9.012722703025913829e-01 9.012722666834499519e-01 9.012722716028283010e-01 9.012722698886016515e-01 9.012722695786230531e-01 9.012722724734784085e-01 9.012722694313478611e-01 9.012722635008799665e-01 9.012722659865235464e-01 9.012722683100741206e-01 9.012722709246210329e-01 9.012722641978047067e-01 9.012722688143190997e-01 1.000000000000000000e+00 9.012722722178777568e-01 9.012722710391883885e-01 9.012722659023576499e-01 9.012722672912312216e-01 9.012722674073626594e-01 9.012722678283366928e-01 9.012722624364567503e-01 9.012722694718879879e-01 9.012722720508076213e-01 9.012722718864849547e-01 9.012722707936304811e-01 9.012722680878016979e-01 9.012722691885820536e-01 9.012722714192411555e-01 9.012722679919552560e-01 9.012722718724669457e-01 9.012722657746308208e-01 9.012722692883281539e-01 9.012722612104808739e-01 9.012722726563806575e-01 9.012722707858670246e-01 9.012722682737005497e-01 9.012722694076742425e-01 9.012722658859982916e-01 9.012722711047200796e-01 9.012722697758026591e-01 9.012722690788537161e-01 9.012722700292792322e-01 9.012722705568346759e-01 9.012722708269588212e-01 9.012722582118554149e-01 9.012722689224423878e-01 9.012722716146565061e-01 9.012722664106754822e-01 9.012722684514622440e-01 9.012722696544133161e-01 9.012722713908565275e-01 9.012722686626584156e-01 9.012722642173255361e-01 9.012722703244487876e-01 9.012722674986012317e-01 9.012722681526108559e-01 9.012722705665270340e-01 9.012722674150278612e-01 9.012722698854848113e-01 9.012722687761713924e-01 9.012722702585072021e-01 9.012722680609319692e-01 9.012722704875282265e-01 9.012722575353702137e-01 9.012722703997891882e-01 9.012722720343486760e-01 9.012722691062219349e-01 9.012722711237420858e-01 9.012722708647252778e-01 9.012722667088159945e-01 9.012722716566913261e-01 9.012722656147531541e-01 9.012722697238624292e-01 9.012722683876874807e-01 9.012722680375588880e-01 9.012722666432756435e-01 9.012722698001010002e-01 9.012722626101821177e-01 9.012722685633480779e-01 9.012722716989368665e-01 9.012722682371050453e-01 9.012722695569830300e-01 9.012722625545622757e-01 9.012722684347537205e-01 9.012722644897089852e-01 9.012722696318307136e-01 9.012722654270370892e-01 9.012722684344139923e-01 9.012722689227553596e-01 9.012722698307502611e-01 9.012722654337762540e-01 9.012722692362671317e-01 9.012722665743857497e-01 9.012722681778957412e-01 9.012722652236667686e-01 9.012722694795824996e-01 9.012722716254099042e-01 9.012722697706270214e-01 9.012722650372786415e-01 9.012722700587904034e-01
9.012722706201038436e-01 9.012722700011135402e-01 9.012722721750408006e-01 9.012722659416150250e-01 9.012722698657299469e-01 9.012722710977359997e-01 9.012722673420431319e-01 9.012722671211967906e-01 9.012722674021560465e-01 9.012722698169646218e-01 9.012722679215665611e-01 9.012722667217587524e-01 9.012722723482440301e-01 9.012722722178777568e-01 1.000000000000000000e+00 9.012722718692828261e-01 9.012722689244992980e-01 9.012722694073198593e-01 9.012722708504106173e-01 9.012722672367823318e-01 9.012722642301075338e-01 9.012722712715658391e-01 9.012722702464529556e-01 9.012722717254642024e-01 9.012722731631678252e-01 9.012722674160145164e-01 9.012722690446141049e-01 9.012722700209326865e-01 9.012722708888869505e-01 9.012722695330235290e-01 9.012722678422332434e-01 9.012722716224679242e-01 9.012722626554904304e-01 9.012722726087590841e-01 9.012722690913923529e-01 9.012722677485506262e-01 9.012722660627121574e-01 9.012722687186316417e-01 9.012722674893818287e-01 9.012722709718062886e-01 9.012722695923005567e-01 9.012722696607782247e-01 9.012722700549711252e-01 9.012722694441718252e-01 9.012722607014206355e-01 9.012722691722970803e-01 9.012722702113266093e-01 9.012722684171954324e-01 9.012722634274934475e-01 9.012722719210155553e-01 9.012722704353869352e-01 9.012722692392122203e-01 9.012722695458965649e-01 9.012722699965742823e-01 9.012722690576693285e-01 9.012722664542467399e-01 9.012722724871533586e-01 9.012722711067340242e-01 9.012722715531634732e-01 9.012722712588940865e-01 9.012722705098437093e-01 9.012722711073374304e-01 9.012722718838578340e-01 9.012722610074329621e-01 9.012722691880513670e-01 9.012722727119829580e-01 9.012722669170755152e-01 9.012722709704215074e-01 9.012722700038875434e-01 9.012722684383123184e-01 9.012722725803302692e-01 9.012722685460219374e-01 9.012722706536308026e-01 9.012722686431944297e-01 9.012722683562174320e-01 9.012722651465754353e-01 9.012722685505085707e-01 9.012722656418192813e-01 9.012722711060575653e-01 9.012722726581285926e-01 9.012722687485056339e-01 9.012722707578360026e-01 9.012722641225265896e-01 9.012722700692142874e-01 9.012722642052947153e-01 9.012722721034630569e-01 9.012722702891556859e-01 9.012722701027634509e-01 9.012722714705423410e-01 9.012722701229453071e-01 9.012722690843004703e-01 9.012722730410525074e-01 9.012722686389075255e-01 9.012722698729309645e-01 9.012722639573623740e-01 9.012722691691412713e-01 9.012722700564260725e-01 9.012722672947317548e-01 9.012722690066331532e-01 9.012722722997135172e-01
9.012722698011906841e-01 9.012722650008091474e-01 9.012722700803528220e-01 9.012722663788307331e-01 9.012722676936322230e-01 9.012722689260034281e-01 9.012722633832186414e-01 9.012722618672461827e-01 9.012722697867721067e-01 9.012722676531331745e-01 9.012722645043144132e-01 9.012722684222588265e-01 9.012722706096697456e-01 9.012722710391883885e-01 9.012722718692828261e-01 1.000000000000000000e+00 9.012722676213918982e-01 9.012722674880045970e-01 9.012722696115686993e-01 9.012722658338380155e-01 9.012722579228050757e-01 9.012722699511667157e-01 9.012722687965296631e-01 9.012722701796440639e-01 9.012722705803285494e-01 9.012722682340548186e-01 9.012722674655927468e-01 9.012722686554606177e-01 9.012722700955835275e-01 9.012722682100730021e-01 9.012722696554288371e-01 9.012722707165164993e-01 9.012722597774519562e-01 9.012722718170089742e-01 9.012722690804289005e-01 9.012722650273077285e-01 9.012722651811208019e-01 9.012722637070418319e-01 9.012722673674453677e-01 9.012722682503280236e-01 9.012722669749667626e-01 9.012722680250239149e-01 9.012722711973394363e-01 9.012722684477949553e-01 9.012722636887621208e-01 9.012722676340166883e-01 9.012722665351322604e-01 9.012722636828445211e-01 9.012722651367676141e-01 9.012722701564601646e-01 9.012722692420856996e-01 9.012722668159010020e-01 9.012722657063682030e-01 9.012722714855498918e-01 9.012722662235571613e-01 9.012722651274948094e-01 9.012722711130555231e-01 9.012722669455638380e-01 9.012722699949911043e-01 9.012722709457791082e-01 9.012722686122747184e-01 9.012722684753270430e-01 9.012722684461966782e-01 9.012722641202514096e-01 9.012722691795012064e-01 9.012722735870232205e-01 9.012722679208194920e-01 9.012722709988322256e-01 9.012722698745843086e-01 9.012722689140614252e-01 9.012722706961439068e-01 9.012722660844656453e-01 9.012722697537723926e-01 9.012722693903749693e-01 9.012722671420476672e-01 9.012722650769748878e-01 9.012722657887268785e-01 9.012722643691343238e-01 9.012722681400167080e-01 9.012722733727094315e-01 9.012722681613215547e-01 9.012722680781780626e-01 9.012722660560102961e-01 9.012722688828738171e-01 9.012722589425931075e-01 9.012722710110269153e-01 9.012722674323758731e-01 9.012722692241554867e-01 9.012722706926868943e-01 9.012722689165556522e-01 9.012722663047553207e-01 9.012722687502200403e-01 9.012722630856785377e-01 9.012722658461970182e-01 9.012722640157545539e-01 9.012722703011190051e-01 9.012722682337095392e-01 9.012722675231761293e-01 9.012722710250303804e-01 9.012722709657646769e-01
