1.000000000000000000e+00 2.294763367361567219e-01 -6.223497672682488414e-03 7.714426032847393477e-02 3.564604466510623570e-01 4.017329272812458218e-01 1.290678048604567696e-01 1.267425427255419734e-01 1.185726974364333386e-01 -1.542202533681246435e-01 -3.088229761398584294e-01 -2.615743502796530895e-01 -2.476477738527411154e-01 -1.316107934317402861e-01 -1.436640643093545500e-01 1.096545312612898782e-01 -3.471659511077505034e-01 1.686513373506378366e-01 -3.720996103257716570e-01 2.213229095125786305e-01 -3.425257619439502910e-01 -1.960979091242866790e-01 -1.907603679714495529e-02 -4.567450712385683342e-01 -1.964576723362435884e-01 -3.301772441301997763e-01 -3.062603957344965377e-01 -1.192889534812624081e-01 -3.060239078108993316e-01 -2.428950958654707837e-01 1.533541634345497728e-02 -1.481478904030657517e-01 2.786483483351919963e-02 9.198563084039858284e-02 -1.442896932678277844e-01 4.671542527508560361e-01 1.831589799270401109e-01 1.003110566874742121e-01 -7.672649543129810012e-02 4.732409659871703728e-02 3.080966541950908577e-01 1.243488394769124844e-01 -1.258692403985460784e-01 5.368460112362313102e-02 1.238699966840775546e-01 -2.331041627837945607e-01 1.033871710852308085e-01 9.890461648239343151e-02 5.910787254723809392e-01 -5.223316351976507385e-03 5.769963315670186832e-01 1.749544496148483508e-01 5.469945472787796775e-02 1.421099124454425211e-01 3.276023604603707229e-01 3.079551143342014186e-01 2.460255496100571537e-01 -4.000918366295087153e-02 -9.071976350858243499e-02 -2.464679957701905177e-01 -2.640681558818300800e-01 -3.087184493099109361e-01 -1.540195623360071098e-01 -5.059819104374670140e-02 -2.008502082105022846e-01 -1.284254338443173438e-01 5.413551701303565000e-01 -2.893694658243033402e-01 -2.796211020192974073e-01 5.027056273839471817e-02 -1.782470877069036175e-01 -4.097144881541006645e-01 6.574421969785651521e-02 8.593183289840766736e-02 -3.897454402974824261e-01 -3.519884043535508322e-01 -2.409277218451709168e-01 -2.063923754092315266e-01 -7.400831388676565314e-02 -8.507445268813397521e-02 -3.336762806972606854e-01 9.442043608405016608e-02 7.764799108129369354e-02 -3.159603208169668442e-01 -2.699979276775428261e-01 4.984999694591567970e-02 2.233684743328001043e-01 -9.270815047842237422e-02 2.215298902586272933e-01 -8.211462231276085710e-02 2.010077745624270010e-02 -1.436311511979162514e-01 -2.008783499193870503e-01 1.682392022355523875e-01 -9.192294865563602202e-02 1.794696772385074579e-01 -2.094144638596572849e-01 2.233815367508881766e-01 5.719608976691500368e-01 1.299818543687316641e-01
2.294763367361567219e-01 1.000000000000000000e+00 2.631479019758743432e-01 5.350982901508992695e-01 7.286559796811160616e-01 3.378095344377939346e-01 2.326684712107399688e-01 5.285705296007965348e-01 1.002054544342027564e-01 -2.046014186164763493e-01 1.282533274838694275e-02 -1.351886014894924104e-01 -2.041488313048300252e-01 -1.373156917140590794e-01 -1.577597067402169428e-01 4.366363183895499156e-01 -1.478676265837274850e-01 1.196149132418331956e-01 -1.594421405970028738e-01 2.541369513923808499e-01 -9.977847727842106829e-02 -1.340443758045399003e-01 2.237390393339495562e-02 -2.381322005351637627e-01 -2.377870919582531772e-01 -7.116728494474211519e-02 -2.709486041527138789e-01 -2.538308462257267695e-01 -2.245142958327340788e-01 -1.143098035680741170e-01 -3.153458438910285988e-01 2.004590647012673699e-01 2.072774676677148764e-01 -8.282950139965870873e-02 -1.978856977036316522e-01 6.466977173607896257e-02 9.881585652429730748e-02 1.882596663581475316e-01 8.462526963430037907e-02 -8.866950677308028939e-02 -1.319125198707880586e-01 -1.126869796300100368e-01 -5.593310607223810765e-02 3.816946799201458018e-02 -2.014768120859919409e-01 -1.046084416303828396e-01 -2.109725701378437068e-02 -2.507951507110593031e-02 1.814472464491120041e-01 1.144659163900238995e-03 2.442547376746642962e-01 7.566060651210010368e-01 3.243104015855014510e-01 4.426983522452851982e-01 5.257899666799021876e-01 2.283350217217131051e-01 5.294982785832630379e-01 1.785451695992324450e-01 -2.741787766211807864e-01 7.301654045328440090e-02 -1.774945852149090453e-01 -1.662919321547316476e-01 -2.520826916661418338e-01 -2.070858346489830026e-01 -8.504634899161203632e-02 -1.418816035562191491e-01 3.182799377184681450e-02 -2.198062781023085999e-01 -1.859705629191384102e-01 8.470444159227340231e-02 -7.435038824956520520e-02 -2.292447639335257747e-01 -1.342917272008784246e-01 1.580120733050754955e-02 -2.403637916891017967e-01 -8.140019845499295303e-02 -3.017770555005005462e-01 -2.241127533901131341e-01 -2.894526279106955369e-01 1.747310535299504974e-01 -2.576997537721000819e-01 -1.070661598626800465e-01 -2.779157781723401999e-01 -3.426259900263018410e-01 -3.516734001719875602e-01 -1.796293242831873138e-01 -3.562687120299927175e-04 -1.538599657309606961e-01 -9.444234251467389582e-03 -5.559072980168645178e-02 1.439749281442357087e-01 -1.221650777495633111e-01 3.165541576773207161e-02 1.289344885876390553e-02 -1.631667659539086657e-01 -3.412299963792873869e-02 -2.103748938615780106e-01 -6.156911191569740260e-02 1.296728858370992388e-01 -5.117305499377789585e-02
-6.223497672682488414e-03 2.631479019758743432e-01 1.000000000000000000e+00 7.239642271722146472e-02 -8.316813926817602856e-04 2.952551482268538918e-01 2.394960556910685212e-01 3.428718153004627900e-01 2.452004296802169081e-01 1.215351503590653554e-01 2.197773657911628320e-01 2.951368916666531894e-01 -1.019899229576937683e-01 4.024208194232496011e-02 -1.274927378356895402e-01 1.527085337267628240e-01 -1.007086580094484624e-01 -2.231203306491060245e-01 -6.631841356853797331e-02 -1.355291408512735996e-01 -7.106243116966118323e-02 -1.199235905311734351e-01 -1.169615283074167816e-01 7.415600709937894552e-02 2.657816528013088320e-01 2.488249989428338305e-01 -1.397300932076379724e-02 -1.232137512182586263e-02 -2.026544104466267981e-01 -5.358356534120263526e-02 -3.431773975236841467e-01 -4.134639781624818017e-02 -2.660795066570609269e-02 -2.480857729530917821e-01 -6.709690465148132610e-02 -1.390594263159249666e-01 -1.514050907461422790e-01 3.038864914184963989e-02 -7.807024295853629003e-02 -1.669690573456203142e-01 -1.806197335444297281e-01 2.900357438664953325e-01 2.091546168257426841e-01 3.162779403653213639e-01 1.627457402831943012e-01 1.211526246341906171e-01 -1.320602171509628886e-01 -8.693582395637219906e-02 -4.401911322708487208e-03 1.316065001984722815e-01 -2.278382305425409940e-02 4.164268280644870535e-01 -1.089328813494389731e-02 -1.241511612150929672e-01 3.403438137114409012e-01 5.555079460271629133e-01 3.105081985281851753e-01 3.350287111905712045e-01 3.588095591683743146e-03 1.570305132964534833e-01 2.079274430650812355e-01 -9.670984967538938382e-02 -2.853751098301966424e-02 1.856225989277057037e-02 -7.115628734838835845e-02 -9.102153471304461063e-02 2.813101056673443512e-02 -1.775614636158509840e-01 -1.347400870351944391e-01 -7.272204204430593455e-02 -1.178086166057799450e-01 -8.743191627992598358e-02 -4.595571891590174290e-02 -5.786973946699964372e-02 1.043831684367857796e-02 3.666297855566882369e-01 -2.486417154347005665e-01 -7.363077575838011812e-02 -3.374382536143325506e-01 -9.521863068927555185e-02 -1.961497797280972455e-01 -1.854502129268318922e-01 1.197470914869042946e-01 7.983684040071044319e-02 -5.620825260463724327e-02 -2.660261977854535553e-01 -3.034675902687398730e-01 -3.132625855414727933e-02 -9.951700253493866999e-02 1.337667693240880522e-02 -1.805369832951140563e-01 4.529614677353657748e-02 1.984427004648344622e-02 2.974358037017888479e-01 6.981039475830191909e-02 2.154670942031464143e-01 1.107472366994980140e-01 -6.575321290098380678e-02 1.876912216789659860e-02 -1.946055626768339666e-02
7.714426032847393477e-02 5.350982901508992695e-01 7.239642271722146472e-02 1.000000000000000000e+00 5.970783853657408713e-01 -3.766813657037661189e-02 1.098383972530408148e-01 1.417070267102356340e-01 -3.230474226350014688e-01 -3.410995825420492511e-01 -5.865497279878684189e-02 -2.463287448378997380e-01 -9.588307997232203839e-02 3.547445567061171534e-01 3.182158286007265025e-01 2.223923951920638020e-02 -7.667619513178128288e-02 2.067605851930632080e-02 1.177576137162207742e-01 1.886234222745288847e-01 2.378300620588493786e-01 1.845899887367466463e-02 3.249094243115264180e-01 -2.482843606606061626e-01 -3.170190809928267739e-01 -1.487468824881048035e-01 -1.630727029020182239e-01 -3.003835060787271027e-01 2.392487292007415556e-02 2.463289747065250113e-01 -1.666998881925241260e-01 6.841464771746266216e-01 5.599596085942027957e-01 -1.660867723503522617e-02 -1.094014108703244281e-01 -3.642513727307243598e-02 2.228672615742048058e-01 3.877103437029881250e-01 1.678596122068686802e-01 -6.363899290397703745e-02 -8.061987840860701526e-02 -3.555950292810098889e-01 -1.829321891654102639e-01 -3.525974635643246147e-02 -1.812686211053137486e-01 -2.341577745547982758e-01 3.113998634247897024e-01 1.376920447454649532e-01 4.196832710786228132e-02 7.311932684698310703e-02 -8.565679537458190107e-02 3.862810784692191635e-01 3.198472096369786577e-01 8.218253576324759946e-01 1.510367965089728648e-01 -1.352163918141847943e-01 1.689586482078987706e-01 -2.549963872763572059e-01 -4.124151624925402881e-01 4.441610645594148976e-02 -2.618655519302704460e-01 -8.545967933435574815e-02 9.280252792670444506e-02 9.958654726130693191e-02 3.489435412873747588e-01 3.202201718312623346e-01 -1.360880510225772611e-01 2.936767230983030469e-02 4.487723833654307798e-02 -8.526461841259669328e-02 1.579807261868595714e-01 -1.662582503552280655e-01 1.229405159254580437e-01 3.078300514877866170e-02 -2.386986219803398090e-01 -1.476344153632540568e-01 -9.770780698591861879e-02 7.509136065164158380e-02 -1.071909811560243647e-01 6.908415150015440043e-01 -3.333681817951725801e-01 -2.459596376945054341e-01 -3.258235047218653313e-01 -3.830127689276768832e-01 -2.133403966187682188e-01 6.750660439331164497e-02 2.062953149050829049e-01 -3.281696954131381738e-01 -1.225553478285498904e-01 -2.180068341062154913e-01 3.448382745691164208e-01 -2.371852764047641948e-01 -2.296731256533756510e-02 -1.221262669911581250e-01 -2.023593580631295741e-01 -1.234724169388543430e-01 -2.674636656041408656e-01 1.245341947414862344e-01 1.785168102897143755e-02 -2.813193753326150362e-02
3.564604466510623570e-01 7.286559796811160616e-01 -8.316813926817602856e-04 5.970783853657408713e-01 1.000000000000000000e+00 3.657720196537794233e-01 1.830066797007154911e-01 3.486066963206784219e-01 3.166562641851241450e-02 -3.056302033317755407e-01 -1.331422996229877365e-01 -2.903005773039121773e-01 -2.569576901113243550e-01 -8.566638941192120105e-02 -8.418036926048495794e-02 3.225139075845773751e-01 -2.256973006488140199e-01 1.956628396130702108e-01 -1.384680846150931344e-01 2.746844526828945976e-01 -1.165660317196147155e-01 -1.256298477467924224e-01 9.232467687464948614e-02 -4.361691084638928961e-01 -3.266856078938178420e-01 -2.524210973005024394e-01 -3.737498235424013826e-01 -3.751994436650822329e-01 -2.728370960784762822e-01 -1.315566756337457899e-01 -1.436268705039965010e-01 3.033906752939906637e-01 3.549828501848088513e-01 3.204678304225824781e-02 -2.343768173198605698e-01 1.943822942372280815e-01 2.454460504479780147e-01 3.374215542115890920e-01 1.592543498087733711e-01 -2.438971461613165942e-02 9.410822871159127412e-02 -1.688183230843791627e-01 -9.598626261994649966e-02 1.966130655481259162e-02 -1.914665488247204450e-01 -2.406280008883675270e-01 1.445311796122950299e-01 4.625808647378584770e-02 2.873108845747262552e-01 4.134626180330316231e-02 3.168133311635456528e-01 5.446984113801496274e-01 3.661877658928508472e-01 6.168717557160970921e-01 5.342515342561378056e-01 1.224072028474678664e-01 4.217166655993345725e-01 -2.284646445538444925e-02 -3.158626732835144169e-01 -4.088628980525364776e-02 -3.146742481548586157e-01 -2.202412166933816473e-01 -2.798696776733970992e-01 -1.172766849749927592e-01 -1.235688979595738791e-02 -7.543732583952807158e-02 1.172129082843034464e-01 -2.008024212985717594e-01 -1.746827773312639165e-01 5.930814985571553066e-02 -9.394124313383685199e-02 -3.333960652714787476e-01 -1.006866899405336468e-01 -2.299037849447911272e-02 -4.096082341240169233e-01 -3.294807850281322725e-01 -3.267916883013697871e-01 -2.615845217583644966e-01 -1.434285900219854082e-01 3.310840722250367185e-01 -3.140917515810142668e-01 -4.492743095019866018e-02 -2.625006181088893054e-01 -4.785948427312521347e-01 -4.319694468305344537e-01 -6.178191747476698831e-02 1.786952555592761505e-01 -3.064276535222657527e-01 2.774207594653805078e-02 -1.145393655535657113e-01 2.737149048301181775e-01 -1.856283846986230557e-01 -5.930821539102586193e-02 2.082255072058405987e-02 -1.787889492790871171e-01 -7.488732482778530375e-02 -3.298228062943746042e-01 -6.845825940143911333e-03 2.139500587482226768e-01 1.048177167017244095e-02
4.017329272812458218e-01 3.378095344377939346e-01 2.952551482268538918e-01 -3.766813657037661189e-02 3.657720196537794233e-01 1.000000000000000000e+00 3.947802111502399791e-01 4.237727341438474737e-01 4.815490006763087361e-01 -1.731037301941936585e-02 -1.077385378954188455e-01 -9.828213840643290622e-02 -9.817263611851573257e-02 -2.557303828439061455e-01 -3.479235496011995887e-01 2.221942135290631837e-01 -2.125977056015652122e-01 1.941771036306049192e-01 -1.951652285789743368e-01 1.612048543050010607e-01 -3.033707812155118644e-01 -8.202035073715767399e-02 -7.846116677900553948e-02 -3.530126598772063695e-01 4.456238360195978465e-02 -1.871980169691930818e-01 -1.759651180786011293e-01 -1.795425930799136038e-01 -3.193291000481069397e-01 -3.007067288283058470e-01 -1.042125580874394136e-01 -2.128100138861006851e-01 -1.050747432483850191e-01 1.000650445700032865e-01 -3.131891022881654052e-02 2.683055507171816512e-01 1.562873799727584334e-01 3.797381746191065555e-02 -1.285949631665127268e-01 -5.693249795825362086e-02 2.423253075441506588e-01 2.058788911251578368e-01 8.290665726458947005e-02 1.876081949932370263e-01 1.084445536528285403e-01 -1.817091275531633465e-02 -3.551043486125615711e-02 3.035622672357460305e-02 4.858226079234712058e-01 1.511941794260921734e-01 3.486361908467425219e-01 3.598353996924211762e-01 -3.008821723227158781e-02 -1.910171114717143168e-02 6.953052405530932845e-01 7.014780053087147360e-01 4.728643045291038294e-01 3.139416348813996449e-01 1.957657297700181667e-02 -4.613616811125042377e-02 -1.288340615664913813e-01 -1.042059407354956752e-01 -3.516433114300732132e-01 -9.318885927792046331e-02 -2.507625793907908851e-01 -3.272926921859539706e-01 3.621539704194882692e-01 -2.827939028673395194e-01 -2.152468615296324606e-01 1.673114682125785291e-01 -2.126410676213000839e-01 -2.316526779112004497e-01 -5.039148620632795395e-02 -1.536752648962203538e-01 -3.488950354900300366e-01 -1.529507786280751014e-01 -3.385019848847269364e-01 -3.282085343179415027e-01 -2.329772181695785316e-01 -2.232024801234148426e-01 -2.740839246515339167e-01 8.579670440013829891e-02 1.254138243972879874e-01 -1.595401006928094667e-01 -2.095576692349467585e-01 -8.655065935861283588e-02 8.404480002825701068e-02 -7.279947103176041823e-02 1.046631535799825152e-01 -9.857618555867501964e-02 -7.666832368101561546e-02 -6.410403625589697341e-02 -2.187495744570442657e-01 3.426230915369943841e-01 -3.172037574602733917e-02 2.275628465109444110e-01 -4.387182069553708513e-02 2.802892690632577746e-02 4.022300003822706915e-01 1.385953764165649693e-01
1.290678048604567696e-01 2.326684712107399688e-01 2.394960556910685212e-01 1.098383972530408148e-01 1.830066797007154911e-01 3.947802111502399791e-01 1.000000000000000000e+00 4.722513077560321348e-01 4.096796134281899260e-01 -1.704657544787579332e-02 -1.135155639148079793e-01 -1.479182730501308329e-01 -7.459743784345211626e-02 -1.142290145134071955e-01 -1.789986653287460872e-01 1.348599320087521258e-01 -1.204233172555437409e-01 -6.765668554009453273e-02 -1.243484189646459764e-01 -7.048019060890692300e-02 -1.608624749614757099e-01 -2.343374626572400088e-01 -1.884666538752743925e-01 -2.704863375477846721e-01 1.396534669282976926e-02 -2.272061306148612236e-01 7.788241339593660051e-03 -1.684674556877943097e-01 -1.819323885346303404e-01 -1.931142417210718609e-01 9.780254445349588488e-02 6.399760061501033603e-02 1.013931375214386782e-01 -1.940005454466930679e-01 -1.450676252969269053e-01 -4.033900451053573644e-02 6.745989673896747585e-02 2.708342632072693323e-01 1.498659830988515462e-01 7.657642060012234686e-02 6.178074916040832837e-02 1.681367973765559090e-02 -2.972718993213858962e-02 3.371005176984598339e-01 1.223135292828911834e-02 1.241860492479750916e-01 -4.354048783437035330e-02 -4.531742453844617158e-02 2.118941724105585234e-01 3.043368022926986050e-01 1.683435663402708116e-01 3.101190338819361236e-01 1.116117638265384238e-01 9.370637409694321240e-02 3.799175372891168134e-01 4.092371024069496044e-01 4.457049844998894894e-01 4.062004933651838234e-01 1.735892582724660876e-02 2.395216432714824834e-03 -1.658945408769006424e-01 -7.713856109064647082e-02 -1.930764973097262305e-01 2.433907255823226923e-02 -1.398026988677664173e-01 -1.750849984522775959e-01 3.193371078378584582e-01 -1.668872266171141094e-01 -2.579240518931098514e-01 -3.729094183045763428e-02 -1.535450890498165355e-01 -3.219100774803708709e-01 -2.118466565523392520e-01 -4.744904069270475949e-02 -2.672137343586253322e-01 -2.522337641538717756e-01 -2.636449254529714681e-01 -3.061829451694717541e-01 2.570683100559520429e-02 4.330299955635591447e-02 -3.712964165591904342e-01 -2.436994095644168246e-01 -7.257859976484579145e-02 -2.718198323225124446e-01 -1.480350144101760801e-01 -2.332580544018778568e-01 -4.341787938371033384e-02 -1.638185566607059662e-01 -8.445745196728399184e-02 -6.526960625848012010e-02 5.479055684751769212e-02 1.781056108545665817e-01 -2.338915243256410939e-02 7.492088217344311518e-02 -2.074631198484898909e-01 3.334215430297616800e-01 4.024152404754851448e-02 -5.412329400992520884e-02 1.537282250858618970e-01 2.479378796860306211e-01
1.267425427255419734e-01 5.285705296007965348e-01 3.428718153004627900e-01 1.417070267102356340e-01 3.486066963206784219e-01 4.237727341438474737e-01 4.722513077560321348e-01 1.000000000000000000e+00 5.752931340019598050e-01 9.983159049519875483e-02 -3.422250338669730746e-02 -4.115756221877722720e-02 -1.153186541052335229e-01 -2.420827892447423302e-01 -3.013542557315616599e-01 3.613994082392699703e-01 -8.964714733321263451e-02 1.169170706913194996e-01 -1.726572587937118819e-01 4.315705229158380701e-02 -1.538442017428264252e-01 -1.556185557423310217e-01 -1.914288420375398758e-01 -1.187464722508927290e-01 1.541553253641914090e-01 -5.215772441341177262e-02 -1.697079228365241943e-01 -1.748369975460074832e-01 -2.668737506521228209e-01 -2.318771731415963655e-01 2.392007374505626671e-02 -7.034876700448829123e-02 3.821759120757015765e-02 -1.746304927618421710e-01 -1.483068357213212229e-01 -4.337433860592434381e-02 -1.599052571960117852e-01 1.304171261478117849e-01 4.479576860640017283e-02 -1.539020455139835375e-01 -2.156486651162326795e-01 7.819167105674031115e-02 -3.253026152277727762e-02 1.376086387187486770e-01 -7.535165426972044445e-02 -3.864523387368423019e-02 -2.570136481499628034e-01 -1.532692199971257274e-01 9.530934299245109875e-02 -3.138233269528335756e-02 2.282601950646675204e-01 5.239503856158569395e-01 1.115892197612795428e-01 1.691925399344404099e-02 5.559006281551417405e-01 5.039858458795901663e-01 7.535756317348718536e-01 6.605832503571215097e-01 7.116148379261283408e-02 6.083832674160878987e-03 -6.064938798892607202e-02 -9.764654013639371966e-02 -2.698891731146388362e-01 -2.181623742707421709e-01 -2.256115281366516956e-01 -2.842112487552760913e-01 1.538761907320052580e-01 -2.555319241526519680e-01 -2.061644892067933110e-01 1.903640049953316538e-01 -1.003269366189190603e-01 -1.760405308327700202e-01 -1.972674286870536309e-01 -1.223373887789630937e-01 -1.129117650382876065e-01 -1.984358642697481648e-02 -2.825162611159012793e-01 -2.548486499724527676e-01 -4.012700889941112070e-02 -8.822423762564510219e-02 -1.802807426564389803e-01 -1.743966729333729926e-01 -1.272642175696431233e-01 -1.385545874531783905e-01 -2.670986588945380436e-01 -3.289696808666104366e-01 -2.216333987105701953e-01 -1.274359510842150711e-01 -7.822802046642939044e-02 -1.122080554925060231e-01 -4.209288294586938789e-02 1.993268137696250775e-01 8.535939604458284147e-02 4.298852201413772001e-02 -7.855967831626355091e-02 9.191267018309871861e-02 -1.558377603476102935e-01 -1.744907788988163400e-01 6.453914454721794425e-02 -1.951195538150040515e-02
1.185726974364333386e-01 1.002054544342027564e-01 2.452004296802169081e-01 -3.230474226350014688e-01 3.166562641851241450e-02 4.815490006763087361e-01 4.096796134281899260e-01 5.752931340019598050e-01 1.000000000000000000e+00 3.307328244048934884e-01 -6.542303719052872113e-02 1.338177777120045098e-01 4.854743827210381002e-02 -2.734860299056097732e-01 -3.148399743137895723e-01 1.498564989423706861e-01 8.564032868305159613e-03 9.175588554625015159e-02 -1.484099759536107177e-01 -5.452005345706179007e-02 -2.080810587461729144e-01 -1.045881408147655012e-01 -2.369260814346889898e-01 -6.568090962194829407e-02 3.653894511998804218e-01 -7.800404811555733571e-03 -5.510837270778461139e-02 4.361523556390021344e-02 -1.715975861898778321e-01 -3.030089491035423133e-01 1.897771873342442295e-01 -2.954972026912180971e-01 -2.299898379289748995e-01 -7.567559719848154787e-02 -4.617714559035960425e-02 1.156658046188662886e-01 -1.199339065709525004e-01 -8.784390056863528029e-02 -6.944587879031204058e-02 -8.381208966118065817e-02 -7.520882578629426059e-03 3.375739740909174391e-01 8.881703592826283022e-02 2.208096847900185566e-01 1.300405855275858502e-01 3.032418738862013505e-02 -3.025948272180443155e-01 -7.435641422257535660e-02 2.051879894025580020e-01 1.370321880765564340e-02 1.574670133643559788e-01 1.484378305585440649e-01 -2.727407560820958865e-02 -3.042917991777681075e-01 4.169249214056184316e-01 5.910819493307627459e-01 5.143409776214445950e-01 7.389427673787321016e-01 3.168300350433110313e-01 -1.049615951339346875e-01 1.029424446290401751e-01 1.733655537083357220e-02 -1.853258177489219560e-01 -1.282238917095104846e-01 -3.127187241756441138e-01 -3.170378220624605614e-01 3.478680123576536887e-01 -1.532430603534894742e-01 -1.439917459498525620e-01 1.769813746428962054e-01 -1.277906796679633694e-01 -1.216718755578183181e-01 -1.180114021845591055e-01 -1.348811834016893918e-01 -3.728968357059825323e-02 2.310824009888538116e-02 -1.031173220306891708e-01 -2.236379759091345898e-01 9.683215049321679257e-02 -3.087473126056380912e-01 -5.869059097004212383e-02 -6.622614866043070869e-02 5.955354722851987498e-02 9.113404471316166600e-02 -1.052968456605340303e-01 -2.637375757244638241e-01 -2.150842181461751212e-01 7.689037263414830875e-03 1.255106160651461022e-01 -8.718451380311216525e-02 -2.572657696257840687e-01 1.738529112446456637e-01 -5.474368389814178448e-02 1.741996922060909114e-01 6.557059614472181969e-03 1.973468784885568095e-01 -7.988327560274814318e-03 -1.344755184434444362e-01 1.610852616053919384e-01 9.580162680439426037e-02
-1.542202533681246435e-01 -2.046014186164763493e-01 1.215351503590653554e-01 -3.410995825420492511e-01 -3.056302033317755407e-01 -1.731037301941936585e-02 -1.704657544787579332e-02 9.983159049519875483e-02 3.307328244048934884e-01 1.000000000000000000e+00 2.042548820250636166e-01 4.665385649270479274e-01 7.196417741138881607e-02 -1.163713968729970794e-01 -8.876205292847268169e-02 3.389254839417916998e-02 1.497735990446473209e-01 -3.096640085898125228e-01 -9.456547214736231444e-02 -2.845604763469862797e-01 -1.090680981868831362e-01 -6.629700120483353332e-02 -2.891902484331904666e-01 2.793511100886826304e-01 6.028692986607852022e-01 2.378067361724340023e-01 -2.214405961416264501e-02 1.929948766868578858e-01 1.407829517379199646e-01 -1.158054410195775430e-01 1.574778974244316621e-01 -2.886667081272338287e-01 -1.704418860299398708e-01 -1.874893211652510494e-01 -2.053880127046492712e-02 -2.582165876449480924e-01 -2.278690072317727244e-01 -1.900814979061156706e-01 1.413676646001975866e-03 1.461249568845644428e-02 -2.921628200185058533e-01 3.272047428658089174e-01 1.229207307617327244e-01 7.632163010840294082e-02 9.428421659033410507e-02 -1.123705538122593897e-02 -4.173011241597677778e-01 -1.722326538875934565e-01 -1.749092330243312010e-01 -2.620506887312774036e-01 -3.418144449216638844e-03 -1.075174376285205624e-01 -3.726640732304509901e-02 -3.432631940048100905e-01 -3.329324025844345586e-02 1.617706816317490970e-01 1.822851035835928307e-02 3.345013618034473057e-01 7.428894659157853075e-01 3.590244362010177465e-02 4.701904857356714595e-01 1.388848440709498921e-01 9.999368723056244190e-02 -1.137830285454851931e-01 -2.520393074298560854e-01 -9.354498439756210593e-02 3.220903073733412392e-02 -5.951476492113343120e-02 -1.308228217589821052e-01 -2.543190558590658346e-01 -1.294080803799438351e-01 1.677321994071604983e-01 -8.189717961679571223e-02 7.088646095527618984e-02 3.560160363942813655e-01 3.655875919134314866e-01 1.592271816281104757e-01 -1.542285591322581362e-02 7.448175235296400354e-02 -3.030171420275016292e-01 1.211892803816707470e-01 -1.569822931407707234e-01 1.910119237200674502e-01 3.119151422613161695e-01 8.335285680335303982e-02 -1.987636457985595961e-01 -1.804930193134667293e-01 1.895376850036804284e-01 -9.730917527352721252e-02 -1.192055794647722960e-01 -2.406332318406478044e-01 2.369820287114458857e-01 4.118778948079254154e-01 7.477872555141790167e-02 2.083182422794406241e-01 9.705323820543006186e-02 4.016134827779001965e-02 -1.732159346846438297e-01 -1.046841019909267451e-01 -8.674042050901728529e-02
-3.088229761398584294e-01 1.282533274838694275e-02 2.197773657911628320e-01 -5.865497279878684189e-02 -1.331422996229877365e-01 -1.077385378954188455e-01 -1.135155639148079793e-01 -3.422250338669730746e-02 -6.542303719052872113e-02 2.042548820250636166e-01 1.000000000000000000e+00 5.119625695020022516e-01 2.006291630123834824e-01 2.220948417140998152e-02 -6.808187999013848302e-02 -6.591278629108719700e-02 1.008221851260368285e-01 -4.316342648548045918e-02 1.369693214566797823e-01 1.620819193569464703e-02 1.282595509488052843e-01 2.342628100868175967e-01 -8.815766287265493217e-02 3.379453941633140945e-01 1.457920754823539555e-01 6.317878439361199749e-01 1.403229443051833836e-01 -1.005938222167705905e-02 2.847324764988020118e-01 -6.501858301213869762e-02 -2.846604416544614158e-01 2.787420431181023700e-03 -2.234525070629409804e-01 -2.080048767277279179e-02 2.920254169785874154e-01 -6.885549438384509779e-02 -4.357844857698984359e-02 -1.931347295698840894e-01 -1.622327840395680620e-01 -1.958637624753424844e-01 -6.962350114080306795e-02 -3.606837635015109483e-02 3.971477610856710139e-01 6.413709859744106713e-03 1.936418752489842132e-01 8.732189050585460743e-02 -1.960035894098632048e-01 -4.235198116231266713e-02 -8.008364583705615547e-03 2.659106015214322549e-01 -2.194705401234269826e-01 1.113235026533301031e-01 -2.541418056629986544e-01 -2.158312672200368709e-01 -7.816917680162532855e-02 -4.431983679892594064e-02 -1.810737698709136423e-01 3.042166223711989873e-02 9.209602036787473134e-02 6.751524250314411280e-01 5.375056398623655474e-01 2.972522789676113053e-01 8.014811077255334926e-02 -1.328485774149713861e-01 -6.871387786858398905e-02 -7.056249975699283028e-02 -2.166736230524816953e-01 6.766783441728620174e-02 1.416385979454479194e-01 4.536353050705008161e-02 4.381141276113042354e-02 3.325718705034734213e-01 -2.865957182940125428e-02 -8.798434745892635966e-02 3.047817351225547977e-01 6.061068676000846978e-01 1.410895852126013983e-01 -6.795554407836294775e-02 -1.932997495596915360e-01 -1.190286209759243846e-01 1.502076882584416628e-01 1.446489220902205386e-01 3.996168315113945296e-02 4.172096906585924248e-01 1.704418168951515877e-01 -1.658791858308959200e-01 -1.598136184124630266e-01 7.716863192486700385e-02 1.302811188052357405e-01 1.684863407530397816e-01 -1.479254497210849562e-01 2.323373009235746856e-01 1.074664937467340597e-01 -5.295298245053826208e-02 2.538789801636001098e-01 2.301627326754716527e-02 1.508693917519363659e-01 -8.802169606603905960e-02 9.274046903123724095e-02 2.226816835957349805e-01
-2.615743502796530895e-01 -1.351886014894924104e-01 2.951368916666531894e-01 -2.463287448378997380e-01 -2.903005773039121773e-01 -9.828213840643290622e-02 -1.479182730501308329e-01 -4.115756221877722720e-02 1.338177777120045098e-01 4.665385649270479274e-01 5.119625695020022516e-01 1.000000000000000000e+00 3.291131412280893231e-01 1.190477698065777468e-01 6.719025965086858343e-02 -2.834473980296378301e-02 2.646194861828632394e-01 -1.911647925025650452e-01 1.353264751804744426e-01 -1.413280335247565356e-01 1.438591811848187463e-01 1.232751390856413193e-01 -1.050056344784579265e-01 4.883137777270067925e-01 4.893554563950032743e-01 6.443496579462710816e-01 1.701021666662203280e-01 2.725628944170724322e-01 2.720758740185008628e-01 8.431361831574710197e-02 -2.310121832261451402e-01 -1.848346200369309356e-01 -3.612731026988778016e-01 -1.789061302990340441e-01 1.421966690405263023e-01 -1.685313654868699218e-01 -2.255649380860986764e-01 -3.077936801013893553e-01 -1.168074547016619003e-01 -3.642427477710184769e-02 -2.270212323184375436e-01 3.542836854238937128e-01 4.378795816742827585e-01 1.341516657688268666e-01 1.743220813043592221e-01 1.062101050874592334e-01 -2.868546144642599716e-01 -6.979760513221087981e-02 -2.424283395634855842e-01 -3.907087098245499296e-02 -2.618533817871963598e-01 -4.364496960844886642e-02 -8.001599532571561368e-02 -3.509538844332254492e-01 -9.975276152156287157e-02 4.410864626915790565e-02 -9.907137552120279245e-02 2.250217746095055371e-01 3.669035034683120755e-01 3.508051416928600341e-01 7.543885345110491469e-01 3.620478296862197909e-01 2.438633100234240125e-01 -4.178223945576669401e-02 -4.846035992960771172e-02 6.974337481815606754e-02 -1.216526654012768105e-01 2.207860026877836446e-01 1.614924626533252860e-01 -7.169585154030605478e-02 1.097082621442170558e-01 3.829981796699445940e-01 2.021902888294392631e-02 1.368497659806687805e-01 5.226213345534246324e-01 6.577106533762769880e-01 2.874650712090712767e-01 1.983774490580515748e-01 -1.686373445005882044e-01 -2.278069214973164058e-01 2.605980972466747647e-01 -7.864640335776702795e-02 7.868171561187492502e-02 5.326463580686104926e-01 2.755927646816352938e-01 -1.529552030930300399e-01 -3.029170225535956495e-01 2.128556627645854793e-01 1.178503416286169891e-01 1.362539498818965411e-01 -3.264964909144301708e-01 1.120893234146722456e-01 2.907901025018650443e-01 1.036016838733429812e-01 3.315361383680492380e-01 3.552877315562276428e-02 1.909216429840032148e-01 -1.074533736565964626e-01 -1.611678350883507527e-01 -2.347849655776881178e-02
-2.476477738527411154e-01 -2.041488313048300252e-01 -1.019899229576937683e-01 -9.588307997232203839e-02 -2.569576901113243550e-01 -9.817263611851573257e-02 -7.459743784345211626e-02 -1.153186541052335229e-01 4.854743827210381002e-02 7.196417741138881607e-02 2.006291630123834824e-01 3.291131412280893231e-01 1.000000000000000000e+00 3.770149799581175021e-01 3.555216339029140249e-01 -3.444366062504745085e-01 4.288355772966752077e-01 4.796876014770049684e-02 3.316192724295448091e-01 1.433017652516320739e-01 3.690713405200202746e-01 3.072428646224900084e-01 2.514999119881479728e-01 2.637378047999007213e-01 5.196752444510150531e-02 1.972204007614665744e-01 4.978810420265921133e-01 3.862356250036465544e-01 5.141531898672175860e-01 3.879781978239363327e-01 -5.686859829289758750e-02 -3.509664218634418579e-05 -2.911069010864206219e-01 7.681936520599953744e-02 3.225293848383118389e-01 1.712252819994025677e-02 1.974866874976299036e-01 -3.298627832406080818e-01 -1.751378540328216715e-01 -5.823673466846839702e-02 -1.316678733574129859e-02 -9.330320118985474531e-02 3.461450084733721372e-03 1.694660433758131760e-02 8.416503873704825334e-02 2.574334954912980700e-01 1.131176477602144625e-01 2.884102864811822209e-01 -2.650065298324312882e-02 1.357176761576676105e-01 -3.223988792533241110e-01 -2.317171275763058313e-01 -2.290817351888854991e-01 -1.272284368651654118e-01 -2.326314101862432815e-01 -9.783285890774515159e-02 -2.147752604423680267e-01 8.152786155974744986e-02 1.215143522577462470e-01 1.655871520973835054e-01 4.242301641447223104e-01 7.852219982163607392e-01 4.701480929389072472e-01 1.658953245243023344e-01 2.221156552305649234e-01 3.239219934094397235e-01 -1.381893947888348795e-01 4.975909398681317430e-01 3.505360910732489566e-01 1.687600947904935589e-01 3.791290633371185437e-01 3.752919072386228794e-01 2.830727231880071360e-01 2.988824105804180342e-02 2.877724027375002103e-01 1.942547606514136160e-01 4.630314847443089965e-01 4.460839010966721752e-01 -2.219209474619033770e-02 -4.396853032535982808e-02 2.033868767375469344e-01 -1.749592713107911077e-02 -9.646630206087278281e-02 3.155871160186712876e-01 5.189572228253693797e-01 1.906639972667832361e-01 9.269420147137276411e-02 2.299187582600177859e-01 1.923730712806986098e-01 -3.503800217386610072e-02 -1.707759534858581674e-01 -5.288376058318622341e-02 -2.719787710684298809e-02 -2.213474455070917890e-01 -1.061291895277351460e-01 2.104446814200634785e-02 3.351507220782964924e-01 2.919851313290098282e-01 -1.991596751879959326e-02 1.419679318382176259e-01
-1.316107934317402861e-01 -1.373156917140590794e-01 4.024208194232496011e-02 3.547445567061171534e-01 -8.566638941192120105e-02 -2.557303828439061455e-01 -1.142290145134071955e-01 -2.420827892447423302e-01 -2.734860299056097732e-01 -1.163713968729970794e-01 2.220948417140998152e-02 1.190477698065777468e-01 3.770149799581175021e-01 1.000000000000000000e+00 7.890249210444856276e-01 -3.588551548930415391e-01 2.286532650412922973e-01 -1.770509930706341481e-02 4.880260155980882253e-01 1.103106264186040214e-01 6.494090836290818958e-01 2.598147341149525391e-01 6.041397138871975603e-01 1.159983487043674544e-01 -8.830029548601776856e-02 4.934877361426069642e-02 3.565129934222651120e-01 1.896167168670924996e-01 4.494594815797178788e-01 6.839722343407602656e-01 -1.533926704134283558e-01 3.692271118522108542e-01 1.362708277251890865e-01 8.551519313514693854e-02 1.655713567936450137e-01 -2.498337625574387558e-02 1.699176740612921288e-01 -8.916519088767375922e-02 -3.107684483804390094e-02 -1.567168393650485159e-02 1.622222105231628953e-03 -1.734789611390391006e-01 -1.015142527654458032e-01 -1.471254303684108380e-02 6.000182934053416295e-02 -2.064117046262423441e-02 4.877954443969803044e-01 4.871306046771020637e-01 -1.051005439680972042e-01 6.923009265612081742e-02 -3.591212581837427420e-01 -1.946306122968591845e-01 7.268171818149651853e-02 3.298383187817379714e-01 -3.000604186495411385e-01 -2.095164326751479122e-01 -2.326552071659143406e-01 -3.044859417205078578e-01 -1.373918262428950321e-01 3.707589418496257117e-02 9.879794296239167994e-02 2.653747519374851649e-01 6.853320233275104201e-01 6.014334871240933911e-01 6.857920970614640455e-01 7.792490949779408149e-01 -1.125587065880936793e-01 4.826358711042542660e-01 4.636867971292664148e-01 4.811523227910668998e-02 5.918109872502639313e-01 1.910067356578887543e-01 5.841663224999038562e-01 1.067997659747609157e-01 1.091484885397255855e-01 4.414143855824284590e-02 4.304152875360864328e-01 6.067679915989581119e-01 -8.172488867746857677e-02 3.884816236684875967e-01 1.353043916599764446e-02 -1.073503961914077931e-01 -1.456948812139486626e-01 5.125926368823270629e-02 3.337524378316875651e-01 4.192611178801665672e-01 2.255822557903538750e-01 -5.935486346302608351e-02 1.131325848991998617e-01 -1.575485542356029056e-01 4.527457460634003172e-02 -3.153864075795448918e-01 -2.932590435092610054e-02 -1.827638702154543437e-01 -1.446227058134020860e-01 -1.144848273840619185e-01 9.818159899481734842e-02 5.432379716547613979e-01 -8.359141881082750303e-02 -1.314478619089469273e-02
-1.436640643093545500e-01 -1.577597067402169428e-01 -1.274927378356895402e-01 3.182158286007265025e-01 -8.418036926048495794e-02 -3.479235496011995887e-01 -1.789986653287460872e-01 -3.013542557315616599e-01 -3.148399743137895723e-01 -8.876205292847268169e-02 -6.808187999013848302e-02 6.719025965086858343e-02 3.555216339029140249e-01 7.890249210444856276e-01 1.000000000000000000e+00 -3.646194563133396960e-01 1.822369661230622273e-01 -5.072674716721368993e-02 3.205446523825755123e-01 1.242329963533486681e-01 6.099677480567207155e-01 1.319679623186998385e-01 6.130434601715453180e-01 1.029626822295983540e-01 -9.076089227365030654e-02 -4.549101822857434807e-02 1.884454681505822460e-01 1.528601674692494083e-01 4.682176289685170412e-01 7.518515953634042903e-01 -5.935361761594816835e-03 3.672902586785092294e-01 1.672637114050093132e-01 5.112129304281096825e-02 8.739458342440168531e-03 -3.871693216470162985e-02 1.310734444182385661e-01 -9.694163042083514537e-02 -3.313576285192985221e-02 -7.551187950004849096e-03 -6.854019982298462099e-02 -2.426546696394315528e-01 -2.469694291433244537e-01 -1.928568382926278690e-01 -1.334450703640172875e-01 -1.368066430810553347e-01 4.026953969688841228e-01 4.401178548884590591e-01 -1.811861804941929388e-01 -1.040078677727572509e-01 -3.029994784997113721e-01 -2.379777704072126854e-01 1.291731757778628031e-01 3.226448725503038850e-01 -3.505592976177832054e-01 -3.308883935217665218e-01 -2.846736727748610529e-01 -3.507221350675743254e-01 -5.845868364548943014e-02 -6.689036022774325074e-02 9.523623163576172557e-02 2.980940305186726147e-01 7.007086545157855673e-01 5.924446522945793214e-01 6.888193864774748709e-01 8.800515686929258896e-01 -1.793071021958866362e-01 4.305593068755823039e-01 3.609556697881264875e-01 -1.731811904539428543e-02 5.791972488111859496e-01 1.120475819473444601e-01 5.849298765587047644e-01 1.164968828668232065e-01 1.651958765012599695e-01 -2.836965937398733956e-02 4.603004053780102578e-01 6.928956396124934525e-01 6.274326589843437496e-02 4.038473609341948212e-01 6.486216895934007742e-02 -1.735751631451732391e-01 -2.696945521853692518e-01 -8.020596793784526279e-02 2.065197284425771829e-01 3.729193880878736711e-01 2.373625981608283864e-01 -1.257180806922224559e-01 4.928671129588255151e-02 -2.217040760402443911e-01 4.059593193316674009e-02 -2.848965463593992054e-01 4.545849758664021606e-03 -2.777173858842978404e-01 -2.558694050513909968e-01 -3.058377628974181528e-01 -5.717944524906629772e-02 4.451518158075201126e-01 -1.656285101812501881e-01 -1.374943817381844569e-01
