1.000000000000000000e+00 9.237160150704453176e-01 9.237160154470537288e-01 9.237160154274485224e-01 9.237160149301676393e-01 9.237160153257939488e-01 9.237160155036772125e-01 9.237160151765365645e-01 9.237160145513887421e-01 9.237160149193798242e-01 9.237160152074758157e-01 9.237160153353737302e-01 9.237160153217132130e-01 9.237160155077720480e-01 9.237160154444321591e-01 9.237160154022682201e-01 9.237160151113945616e-01 9.237160152032920513e-01 9.237160152798431501e-01 9.237160149714008783e-01 9.237160153879416802e-01 9.237160152441845629e-01 9.237160153299444065e-01 9.237160153858082756e-01 9.237160155900930869e-01 9.237160155438222109e-01 9.237160152453214312e-01 9.237160150282809346e-01 9.237160152043198957e-01 9.237160150737540043e-01 9.237160151943918374e-01 9.237160151953619502e-01 9.237160150834120564e-01 9.237160153144684527e-01 9.237160151228754890e-01 9.237160153916605942e-01 9.237160153938009932e-01 9.237160154608021756e-01 9.237160150084456900e-01 9.237160153742358659e-01 9.237160154113873700e-01 9.237160152706481719e-01 9.237160155667509809e-01 9.237160152217620546e-01 9.237160153988837052e-01 9.237160151891404825e-01 9.237160150342117459e-01 9.237160154618958563e-01 9.237160152840758753e-01 9.237160148544213412e-01 9.237160153141269481e-01 9.237160152389114476e-01 9.237160150849573759e-01 9.237160149329745051e-01 9.237160150961633009e-01 9.237160151547197939e-01 9.237160151599628222e-01 9.237160153482334435e-01 9.237160150538717973e-01 9.237160150675225445e-01 9.237160149198014869e-01 9.237160153360861603e-01 9.237160152984220662e-01 9.237160152285240899e-01 9.237160153164121201e-01 9.237160152153393033e-01 9.237160147370512275e-01 9.237160149002884291e-01 9.237160153393391138e-01 9.237160151475796166e-01 9.237160150767387279e-01 9.237160152349490616e-01 9.237160150647832912e-01 9.237160156145914902e-01 9.237160153191003031e-01 9.237160155275244700e-01 9.237160153840606736e-01 9.237160151733719848e-01 9.237160153925898509e-01 9.237160149591304714e-01 9.237160151051256873e-01 9.237160155161471264e-01 9.237160151699029820e-01 9.237160153469148316e-01 9.237160152161171256e-01 9.237160153842013388e-01 9.237160154499057807e-01 9.237160153795590523e-01 9.237160153852020938e-01 9.237160152290269099e-01 9.237160152990467887e-01 9.237160151273960951e-01 9.237160153709841337e-01 9.237160149531882247e-01 9.237160151060710422e-01 9.237160149873491211e-01 9.237160147604061011e-01 9.237160150690743032e-01 9.237160152728767226e-01 9.237160153334034174e-01
9.237160150704453176e-01 1.000000000000000000e+00 9.237160152051590023e-01 9.237160154258996503e-01 9.237160154396161227e-01 9.237160154481535157e-01 9.237160155233076209e-01 9.237160156384367493e-01 9.237160153333382473e-01 9.237160154385689603e-01 9.237160154147769919e-01 9.237160156083285001e-01 9.237160154134815837e-01 9.237160154433687875e-01 9.237160152829351212e-01 9.237160154535039025e-01 9.237160153038566079e-01 9.237160153505115101e-01 9.237160155948674900e-01 9.237160152601772145e-01 9.237160152693943971e-01 9.237160152015826409e-01 9.237160153731942547e-01 9.237160156453015913e-01 9.237160152921903844e-01 9.237160152440150318e-01 9.237160155151038499e-01 9.237160155122149385e-01 9.237160154894470399e-01 9.237160156419257362e-01 9.237160152922204714e-01 9.237160156343472428e-01 9.237160156973439618e-01 9.237160154326105044e-01 9.237160151177993272e-01 9.237160152413094183e-01 9.237160156437054237e-01 9.237160152531211921e-01 9.237160155922583549e-01 9.237160156049935011e-01 9.237160155569538178e-01 9.237160155375867543e-01 9.237160152976626737e-01 9.237160153569752286e-01 9.237160153317294231e-01 9.237160156268490185e-01 9.237160154585446481e-01 9.237160153172070398e-01 9.237160154882294583e-01 9.237160153489920589e-01 9.237160153587473665e-01 9.237160153084966741e-01 9.237160156381061249e-01 9.237160152726998641e-01 9.237160153761896364e-01 9.237160153944088403e-01 9.237160154221170094e-01 9.237160155739059242e-01 9.237160155520893756e-01 9.237160150282052173e-01 9.237160154857788630e-01 9.237160154778315535e-01 9.237160153990838785e-01 9.237160155643351356e-01 9.237160154387494826e-01 9.237160153673793506e-01 9.237160151875479785e-01 9.237160155783616933e-01 9.237160155739403411e-01 9.237160153036643173e-01 9.237160153963789311e-01 9.237160153814604202e-01 9.237160155759681635e-01 9.237160152328897089e-01 9.237160154074323115e-01 9.237160151785682727e-01 9.237160154203448714e-01 9.237160155961033903e-01 9.237160154119814504e-01 9.237160154282983981e-01 9.237160147719181147e-01 9.237160154287340497e-01 9.237160152482832842e-01 9.237160155849271082e-01 9.237160152983248107e-01 9.237160154106716092e-01 9.237160154313249771e-01 9.237160155494938962e-01 9.237160155036425735e-01 9.237160155493329139e-01 9.237160156297713476e-01 9.237160153526238204e-01 9.237160154670919221e-01 9.237160152334908947e-01 9.237160154847364746e-01 9.237160152005067237e-01 9.237160155599029032e-01 9.237160155520309779e-01 9.237160153109381655e-01 9.237160149379486374e-01
9.237160154470537288e-01 9.237160152051590023e-01 1.000000000000000000e+00 9.237160154585573046e-01 9.237160151765653193e-01 9.237160156276912337e-01 9.237160155719997823e-01 9.237160154369067344e-01 9.237160151951298026e-01 9.237160154300713133e-01 9.237160155471494383e-01 9.237160154243733157e-01 9.237160149480110327e-01 9.237160155984464049e-01 9.237160155595616207e-01 9.237160154821436597e-01 9.237160155147604579e-01 9.237160153874950375e-01 9.237160153438396248e-01 9.237160151102145056e-01 9.237160152235961430e-01 9.237160153319357025e-01 9.237160156192139038e-01 9.237160155508636894e-01 9.237160155011374663e-01 9.237160156132069311e-01 9.237160155362246217e-01 9.237160151963514920e-01 9.237160152202086305e-01 9.237160153768875226e-01 9.237160153280277175e-01 9.237160149975670587e-01 9.237160153771236670e-01 9.237160154478973872e-01 9.237160155684850382e-01 9.237160154997519079e-01 9.237160155302164277e-01 9.237160156646651021e-01 9.237160152845735883e-01 9.237160155984067700e-01 9.237160152201023822e-01 9.237160155886623425e-01 9.237160153502116389e-01 9.237160153754612191e-01 9.237160155611487955e-01 9.237160153383222605e-01 9.237160154357212383e-01 9.237160153353050074e-01 9.237160152581368466e-01 9.237160151037060452e-01 9.237160152637924337e-01 9.237160154660736255e-01 9.237160152990562256e-01 9.237160152263460544e-01 9.237160153422477871e-01 9.237160153050691935e-01 9.237160153794082840e-01 9.237160152259047408e-01 9.237160149923049346e-01 9.237160155056243216e-01 9.237160153699841558e-01 9.237160155386793248e-01 9.237160151487471271e-01 9.237160154205100726e-01 9.237160155539397843e-01 9.237160153832298937e-01 9.237160150393447511e-01 9.237160151289975918e-01 9.237160155799851724e-01 9.237160156012630408e-01 9.237160153706513999e-01 9.237160154531498524e-01 9.237160153288211939e-01 9.237160155129980899e-01 9.237160153893494430e-01 9.237160156040824521e-01 9.237160154802634970e-01 9.237160152383681044e-01 9.237160155366495040e-01 9.237160153710578525e-01 9.237160154316814697e-01 9.237160155026733488e-01 9.237160156065136185e-01 9.237160153998986711e-01 9.237160155982329091e-01 9.237160156029883273e-01 9.237160155326037403e-01 9.237160153653847239e-01 9.237160156364764285e-01 9.237160150357962562e-01 9.237160153595443957e-01 9.237160151748309289e-01 9.237160152684136261e-01 9.237160153533497953e-01 9.237160151563315047e-01 9.237160147388683296e-01 9.237160152228964805e-01 9.237160154355024133e-01 9.237160152988308504e-01 9.237160152843206795e-01
9.237160154274485224e-01 9.237160154258996503e-01 9.237160154585573046e-01 1.000000000000000000e+00 9.237160153874700574e-01 9.237160153704914167e-01 9.237160156401773570e-01 9.237160155662658134e-01 9.237160152337675623e-01 9.237160150492319532e-01 9.237160153350039149e-01 9.237160154378674104e-01 9.237160152733446816e-01 9.237160154967247738e-01 9.237160155346175738e-01 9.237160155814557738e-01 9.237160153908041682e-01 9.237160150564954764e-01 9.237160152906473964e-01 9.237160154119491429e-01 9.237160154797021683e-01 9.237160154872833262e-01 9.237160153071483082e-01 9.237160156047440340e-01 9.237160154239081322e-01 9.237160154200907414e-01 9.237160155560808494e-01 9.237160156030880254e-01 9.237160153513027661e-01 9.237160155268467898e-01 9.237160155178661958e-01 9.237160154792602995e-01 9.237160155085663016e-01 9.237160153684071950e-01 9.237160150426271255e-01 9.237160155549950513e-01 9.237160155721705346e-01 9.237160155920560722e-01 9.237160153675915142e-01 9.237160155862731425e-01 9.237160155589910771e-01 9.237160154505642540e-01 9.237160154619739050e-01 9.237160153056510614e-01 9.237160152342990260e-01 9.237160156203418904e-01 9.237160153210358660e-01 9.237160154637154008e-01 9.237160151428095434e-01 9.237160155182981836e-01 9.237160154110457544e-01 9.237160152200853958e-01 9.237160152061106855e-01 9.237160151856097512e-01 9.237160152835682814e-01 9.237160152631274102e-01 9.237160154311681026e-01 9.237160154328813988e-01 9.237160154660621902e-01 9.237160151872210179e-01 9.237160152634090737e-01 9.237160155159512831e-01 9.237160151951133713e-01 9.237160154117893818e-01 9.237160153436202448e-01 9.237160153293102471e-01 9.237160152301872040e-01 9.237160154005215063e-01 9.237160154463760486e-01 9.237160154884580532e-01 9.237160154466631523e-01 9.237160154979088267e-01 9.237160153665437967e-01 9.237160154356823805e-01 9.237160150519264645e-01 9.237160153661053696e-01 9.237160154908203857e-01 9.237160154195548367e-01 9.237160153724464084e-01 9.237160152267684943e-01 9.237160150427112804e-01 9.237160154874941576e-01 9.237160155817485396e-01 9.237160156775633402e-01 9.237160152263323987e-01 9.237160152973209470e-01 9.237160155576531473e-01 9.237160156528415600e-01 9.237160155858742394e-01 9.237160152411066916e-01 9.237160155531064509e-01 9.237160150611604115e-01 9.237160152240763145e-01 9.237160151096999172e-01 9.237160154050968464e-01 9.237160148555243477e-01 9.237160152121458578e-01 9.237160153779752081e-01 9.237160155352733826e-01 9.237160155644332793e-01
9.237160149301676393e-01 9.237160154396161227e-01 9.237160151765653193e-01 9.237160153874700574e-01 1.000000000000000000e+00 9.237160153361534398e-01 9.237160152476820985e-01 9.237160155129713335e-01 9.237160150896230881e-01 9.237160150466811048e-01 9.237160152901043864e-01 9.237160153145062003e-01 9.237160149484396898e-01 9.237160151190618729e-01 9.237160152778504107e-01 9.237160152719668949e-01 9.237160154529487910e-01 9.237160146918430570e-01 9.237160153548702457e-01 9.237160153132666363e-01 9.237160153651586825e-01 9.237160152367122068e-01 9.237160150439074346e-01 9.237160154528794020e-01 9.237160150307427431e-01 9.237160149905486728e-01 9.237160155790630212e-01 9.237160152974717153e-01 9.237160151760573923e-01 9.237160155374140036e-01 9.237160150593540786e-01 9.237160152088929044e-01 9.237160153820490605e-01 9.237160150940949555e-01 9.237160150521904756e-01 9.237160152639447563e-01 9.237160154271137902e-01 9.237160151326417878e-01 9.237160150195865560e-01 9.237160153788770423e-01 9.237160153522134820e-01 9.237160155190574651e-01 9.237160149573281354e-01 9.237160152993931783e-01 9.237160150686254401e-01 9.237160154851675742e-01 9.237160154413948110e-01 9.237160154228547526e-01 9.237160149914115381e-01 9.237160152683031589e-01 9.237160146847389619e-01 9.237160154052410643e-01 9.237160152373766753e-01 9.237160146945744277e-01 9.237160149583820701e-01 9.237160147756081630e-01 9.237160150624216248e-01 9.237160149685642585e-01 9.237160153835066723e-01 9.237160150937977487e-01 9.237160152284177306e-01 9.237160152787360357e-01 9.237160148506603496e-01 9.237160152493275600e-01 9.237160152704222416e-01 9.237160153596959411e-01 9.237160151417792564e-01 9.237160150921032153e-01 9.237160154551946611e-01 9.237160150871414066e-01 9.237160154094123943e-01 9.237160153106808158e-01 9.237160151975345457e-01 9.237160150262525571e-01 9.237160150752563581e-01 9.237160148221605915e-01 9.237160152674895874e-01 9.237160151123455787e-01 9.237160150184560159e-01 9.237160152138297331e-01 9.237160152051717699e-01 9.237160150978320772e-01 9.237160152733195906e-01 9.237160153205170587e-01 9.237160151396219820e-01 9.237160151155696663e-01 9.237160152333702134e-01 9.237160152295535998e-01 9.237160154496020237e-01 9.237160150714017748e-01 9.237160153920987993e-01 9.237160150724877949e-01 9.237160152329887408e-01 9.237160153415622244e-01 9.237160151609525860e-01 9.237160147676340971e-01 9.237160152188312878e-01 9.237160152486016962e-01 9.237160152134301638e-01 9.237160150255403490e-01
9.237160153257939488e-01 9.237160154481535157e-01 9.237160156276912337e-01 9.237160153704914167e-01 9.237160153361534398e-01 1.000000000000000000e+00 9.237160155515650173e-01 9.237160154477904728e-01 9.237160152582505335e-01 9.237160156138479739e-01 9.237160156075179263e-01 9.237160155356235469e-01 9.237160151775986039e-01 9.237160156578392289e-01 9.237160155830278496e-01 9.237160155298659303e-01 9.237160153707353327e-01 9.237160154798997880e-01 9.237160156067980576e-01 9.237160151128794849e-01 9.237160151535056540e-01 9.237160153586909672e-01 9.237160155696869657e-01 9.237160156022887758e-01 9.237160153916752492e-01 9.237160155445820475e-01 9.237160155738577405e-01 9.237160152287615666e-01 9.237160154637077403e-01 9.237160155147724483e-01 9.237160152392620560e-01 9.237160152226449039e-01 9.237160155102699388e-01 9.237160155529584582e-01 9.237160154889718644e-01 9.237160154403404322e-01 9.237160156522704613e-01 9.237160155735596456e-01 9.237160153967682863e-01 9.237160156730790384e-01 9.237160154212070706e-01 9.237160156667382216e-01 9.237160152182218864e-01 9.237160155926528171e-01 9.237160156476308392e-01 9.237160154472555673e-01 9.237160155365928826e-01 9.237160154529092670e-01 9.237160155163052222e-01 9.237160152158074844e-01 9.237160152261385537e-01 9.237160154815133861e-01 9.237160154791709266e-01 9.237160153326101630e-01 9.237160155354101621e-01 9.237160153629276893e-01 9.237160153971412102e-01 9.237160153825607622e-01 9.237160152791819012e-01 9.237160154231612852e-01 9.237160155637051950e-01 9.237160155813564089e-01 9.237160153879580005e-01 9.237160156703392300e-01 9.237160156622349350e-01 9.237160155903674230e-01 9.237160152465850871e-01 9.237160152998573626e-01 9.237160157465765797e-01 9.237160155487903479e-01 9.237160155430699238e-01 9.237160153807140173e-01 9.237160154934107581e-01 9.237160154502214171e-01 9.237160155689395635e-01 9.237160154817751767e-01 9.237160154665216005e-01 9.237160153462347090e-01 9.237160155179561238e-01 9.237160155775407944e-01 9.237160153441041910e-01 9.237160155440666820e-01 9.237160153918750893e-01 9.237160154800063694e-01 9.237160156515571430e-01 9.237160156200947547e-01 9.237160155937208517e-01 9.237160154344229435e-01 9.237160156783401632e-01 9.237160153831168730e-01 9.237160155467868394e-01 9.237160154794544775e-01 9.237160155272124973e-01 9.237160153548504837e-01 9.237160153042249799e-01 9.237160151527462615e-01 9.237160153326999801e-01 9.237160156372765663e-01 9.237160152071725028e-01 9.237160149952481358e-01
9.237160155036772125e-01 9.237160155233076209e-01 9.237160155719997823e-01 9.237160156401773570e-01 9.237160152476820985e-01 9.237160155515650173e-01 1.000000000000000000e+00 9.237160156049532000e-01 9.237160152109724631e-01 9.237160153600983969e-01 9.237160154582394478e-01 9.237160155470078848e-01 9.237160154049498528e-01 9.237160156480311857e-01 9.237160155823007646e-01 9.237160156133682465e-01 9.237160153759153003e-01 9.237160154597209294e-01 9.237160154258011735e-01 9.237160152383100398e-01 9.237160153355463699e-01 9.237160153702755894e-01 9.237160155437716957e-01 9.237160156976010894e-01 9.237160155758292746e-01 9.237160156196992933e-01 9.237160155617418766e-01 9.237160155829382546e-01 9.237160154500601017e-01 9.237160154994559225e-01 9.237160153852144173e-01 9.237160154912223975e-01 9.237160155731487521e-01 9.237160155237147396e-01 9.237160152990464557e-01 9.237160155278819618e-01 9.237160156319954574e-01 9.237160156503912978e-01 9.237160155929311500e-01 9.237160156724094628e-01 9.237160155369714687e-01 9.237160155419197327e-01 9.237160155505320658e-01 9.237160154535252188e-01 9.237160155451981103e-01 9.237160155871488865e-01 9.237160154551018465e-01 9.237160154051505812e-01 9.237160155048295129e-01 9.237160153333057178e-01 9.237160155773543879e-01 9.237160154209399510e-01 9.237160154915262655e-01 9.237160154036347937e-01 9.237160155710855136e-01 9.237160154861853156e-01 9.237160156092381058e-01 9.237160156121054788e-01 9.237160153790430206e-01 9.237160153295588261e-01 9.237160154708334847e-01 9.237160155389350091e-01 9.237160153506380755e-01 9.237160155723385113e-01 9.237160154849015647e-01 9.237160153256158690e-01 9.237160151312215906e-01 9.237160155122280392e-01 9.237160155822446983e-01 9.237160155382696525e-01 9.237160154749403107e-01 9.237160155701413800e-01 9.237160154556719460e-01 9.237160156286656765e-01 9.237160153941863516e-01 9.237160156207058215e-01 9.237160155596083611e-01 9.237160156195868277e-01 9.237160156660449983e-01 9.237160153069545743e-01 9.237160150821797089e-01 9.237160155981940513e-01 9.237160155400135908e-01 9.237160156500954233e-01 9.237160155437896814e-01 9.237160155596108035e-01 9.237160156973068803e-01 9.237160156558587021e-01 9.237160156485478835e-01 9.237160154034378401e-01 9.237160156085029161e-01 9.237160154314673077e-01 9.237160154809539447e-01 9.237160151548042819e-01 9.237160154234986820e-01 9.237160151795928975e-01 9.237160153453520817e-01 9.237160155095077707e-01 9.237160154766345110e-01 9.237160153750273439e-01
9.237160151765365645e-01 9.237160156384367493e-01 9.237160154369067344e-01 9.237160155662658134e-01 9.237160155129713335e-01 9.237160154477904728e-01 9.237160156049532000e-01 1.000000000000000000e+00 9.237160154175370064e-01 9.237160153794783390e-01 9.237160155229312553e-01 9.237160155913759496e-01 9.237160152241690181e-01 9.237160154021292202e-01 9.237160153532210094e-01 9.237160154986061578e-01 9.237160156212834705e-01 9.237160152741156205e-01 9.237160154306794935e-01 9.237160154190882100e-01 9.237160154367276554e-01 9.237160152851768835e-01 9.237160154736442363e-01 9.237160157042230146e-01 9.237160153791075246e-01 9.237160153872341350e-01 9.237160156218662266e-01 9.237160155842351061e-01 9.237160153611547742e-01 9.237160156615895623e-01 9.237160153923179573e-01 9.237160154425281267e-01 9.237160156408866785e-01 9.237160154339528750e-01 9.237160153694635722e-01 9.237160154469477025e-01 9.237160155933836769e-01 9.237160154212620267e-01 9.237160155501329406e-01 9.237160156244270670e-01 9.237160154114038013e-01 9.237160156371453379e-01 9.237160154307043625e-01 9.237160153408139340e-01 9.237160153362733439e-01 9.237160156408378286e-01 9.237160155889195812e-01 9.237160153094108317e-01 9.237160153336172463e-01 9.237160153637877791e-01 9.237160153327201861e-01 9.237160154830899028e-01 9.237160156015823409e-01 9.237160152283233616e-01 9.237160152938301838e-01 9.237160153786013739e-01 9.237160155257547745e-01 9.237160154110700683e-01 9.237160153863078760e-01 9.237160152954592141e-01 9.237160154593034855e-01 9.237160155166408426e-01 9.237160151601803149e-01 9.237160154139741897e-01 9.237160153891106340e-01 9.237160152684886771e-01 9.237160151208578807e-01 9.237160155164315656e-01 9.237160155490913294e-01 9.237160154304729920e-01 9.237160154222273656e-01 9.237160156047579118e-01 9.237160155140627937e-01 9.237160153122970785e-01 9.237160153267991447e-01 9.237160152963612703e-01 9.237160154639719734e-01 9.237160155862230715e-01 9.237160155143588902e-01 9.237160153403998208e-01 9.237160151024540466e-01 9.237160154319489225e-01 9.237160155809447382e-01 9.237160155576453757e-01 9.237160154014059099e-01 9.237160154862850137e-01 9.237160154839083592e-01 9.237160155236532333e-01 9.237160156064285754e-01 9.237160152345089692e-01 9.237160155554332563e-01 9.237160152409296110e-01 9.237160153633271475e-01 9.237160154406066637e-01 9.237160154264597578e-01 9.237160149518336416e-01 9.237160156131374311e-01 9.237160154668615508e-01 9.237160155234201975e-01 9.237160152451978634e-01
9.237160145513887421e-01 9.237160153333382473e-01 9.237160151951298026e-01 9.237160152337675623e-01 9.237160150896230881e-01 9.237160152582505335e-01 9.237160152109724631e-01 9.237160154175370064e-01 1.000000000000000000e+00 9.237160153551798869e-01 9.237160154630976727e-01 9.237160153389160078e-01 9.237160147107557062e-01 9.237160151817415121e-01 9.237160150623243693e-01 9.237160153669873308e-01 9.237160152897080367e-01 9.237160150382613955e-01 9.237160151489576254e-01 9.237160153602881341e-01 9.237160148931494730e-01 9.237160151243398731e-01 9.237160152456083129e-01 9.237160153983190458e-01 9.237160147676113375e-01 9.237160150501512179e-01 9.237160152986471084e-01 9.237160152901212617e-01 9.237160152900039112e-01 9.237160155804398087e-01 9.237160154804108236e-01 9.237160150870266095e-01 9.237160154731872685e-01 9.237160154000095824e-01 9.237160151222277849e-01 9.237160152627666987e-01 9.237160153580024069e-01 9.237160152803401969e-01 9.237160154196930595e-01 9.237160154678386581e-01 9.237160150579579732e-01 9.237160153995885858e-01 9.237160148914004276e-01 9.237160151482717296e-01 9.237160149521336239e-01 9.237160154509874710e-01 9.237160153901244897e-01 9.237160149172314316e-01 9.237160149431927758e-01 9.237160154972940962e-01 9.237160151321704982e-01 9.237160147732759174e-01 9.237160152338674823e-01 9.237160154019762315e-01 9.237160151104848449e-01 9.237160154019178337e-01 9.237160153632145709e-01 9.237160151086203363e-01 9.237160151668551977e-01 9.237160149597548608e-01 9.237160154057012518e-01 9.237160154614779684e-01 9.237160150623038302e-01 9.237160152996281015e-01 9.237160151333548841e-01 9.237160151996615109e-01 9.237160153266115170e-01 9.237160154950609936e-01 9.237160153319278200e-01 9.237160155201932232e-01 9.237160153354075920e-01 9.237160152718378869e-01 9.237160156021974045e-01 9.237160146273828421e-01 9.237160148549992122e-01 9.237160148353954492e-01 9.237160149363415895e-01 9.237160152240059263e-01 9.237160150807363079e-01 9.237160155142706275e-01 9.237160147591332304e-01 9.237160152781187517e-01 9.237160154316070848e-01 9.237160154083936536e-01 9.237160150312310192e-01 9.237160152195601492e-01 9.237160151925766227e-01 9.237160153460310941e-01 9.237160153949250940e-01 9.237160148541129212e-01 9.237160153069799984e-01 9.237160147164666935e-01 9.237160148297869355e-01 9.237160152770174104e-01 9.237160153867900458e-01 9.237160144407042806e-01 9.237160155834849284e-01 9.237160155356495261e-01 9.237160152358345755e-01 9.237160147177998493e-01
9.237160149193798242e-01 9.237160154385689603e-01 9.237160154300713133e-01 9.237160150492319532e-01 9.237160150466811048e-01 9.237160156138479739e-01 9.237160153600983969e-01 9.237160153794783390e-01 9.237160153551798869e-01 1.000000000000000000e+00 9.237160155243088200e-01 9.237160154701954395e-01 9.237160149249609153e-01 9.237160155010617490e-01 9.237160152369460198e-01 9.237160152985439687e-01 9.237160152656527234e-01 9.237160156057190319e-01 9.237160155166467268e-01 9.237160148746309529e-01 9.237160148019841754e-01 9.237160149741425741e-01 9.237160156038678460e-01 9.237160154835145631e-01 9.237160152250312173e-01 9.237160153164825083e-01 9.237160153876479152e-01 9.237160150543592962e-01 9.237160152936285673e-01 9.237160154206779383e-01 9.237160151213235082e-01 9.237160150647295564e-01 9.237160155270375261e-01 9.237160154453368799e-01 9.237160154811059343e-01 9.237160150840417749e-01 9.237160155249192206e-01 9.237160152926247036e-01 9.237160154853309990e-01 9.237160155552288643e-01 9.237160151196132096e-01 9.237160155392820649e-01 9.237160150195321551e-01 9.237160153081027669e-01 9.237160155316554988e-01 9.237160152773622457e-01 9.237160154388144306e-01 9.237160150413559201e-01 9.237160154510543064e-01 9.237160149699575884e-01 9.237160152057761753e-01 9.237160152966081839e-01 9.237160155652827109e-01 9.237160153629279113e-01 9.237160154039376625e-01 9.237160154161904169e-01 9.237160153087693448e-01 9.237160153058944223e-01 9.237160149967040823e-01 9.237160152020210679e-01 9.237160155544937856e-01 9.237160154497296993e-01 9.237160152994702278e-01 9.237160155364231295e-01 9.237160155757527802e-01 9.237160153674049967e-01 9.237160150369360112e-01 9.237160152960168791e-01 9.237160156021978485e-01 9.237160154514620913e-01 9.237160152637809984e-01 9.237160152102154020e-01 9.237160155165586861e-01 9.237160151526987439e-01 9.237160155481975998e-01 9.237160153213144209e-01 9.237160152898483689e-01 9.237160152975524285e-01 9.237160154389999489e-01 9.237160155779815529e-01 9.237160149615240012e-01 9.237160153744420343e-01 9.237160152251348011e-01 9.237160152795048651e-01 9.237160155428041364e-01 9.237160155966535058e-01 9.237160153172546684e-01 9.237160152269964231e-01 9.237160154589160177e-01 9.237160152363184107e-01 9.237160153448790156e-01 9.237160152719718909e-01 9.237160152937260449e-01 9.237160153118241235e-01 9.237160151950105647e-01 9.237160148754437472e-01 9.237160154929956457e-01 9.237160156095443053e-01 9.237160149436821621e-01 9.237160145483497287e-01
9.237160152074758157e-01 9.237160154147769919e-01 9.237160155471494383e-01 9.237160153350039149e-01 9.237160152901043864e-01 9.237160156075179263e-01 9.237160154582394478e-01 9.237160155229312553e-01 9.237160154630976727e-01 9.237160155243088200e-01 1.000000000000000000e+00 9.237160156514024889e-01 9.237160151877449321e-01 9.237160154617760632e-01 9.237160153312803379e-01 9.237160155294762420e-01 9.237160155277488460e-01 9.237160153843991806e-01 9.237160155298630437e-01 9.237160153788432915e-01 9.237160153565980858e-01 9.237160154251767841e-01 9.237160155042650755e-01 9.237160155824325480e-01 9.237160151894105997e-01 9.237160155595769417e-01 9.237160154352794805e-01 9.237160151754472137e-01 9.237160154773834675e-01 9.237160156189805349e-01 9.237160154180932281e-01 9.237160151840647648e-01 9.237160154290648961e-01 9.237160156726407223e-01 9.237160155781625193e-01 9.237160155831487529e-01 9.237160155661816585e-01 9.237160155036966414e-01 9.237160153671248874e-01 9.237160156492770779e-01 9.237160152968022508e-01 9.237160157129511440e-01 9.237160153620493919e-01 9.237160155111726612e-01 9.237160154032167947e-01 9.237160154513698318e-01 9.237160155871245726e-01 9.237160153271245511e-01 9.237160154064293360e-01 9.237160152815361291e-01 9.237160151942009900e-01 9.237160153443253474e-01 9.237160155267700734e-01 9.237160153310089994e-01 9.237160152693905113e-01 9.237160155209069856e-01 9.237160154461713235e-01 9.237160152986790829e-01 9.237160152775436561e-01 9.237160154324102201e-01 9.237160154168918558e-01 9.237160156717266757e-01 9.237160153833953169e-01 9.237160154760148956e-01 9.237160153952600483e-01 9.237160154132624257e-01 9.237160151588644785e-01 9.237160153696669651e-01 9.237160156431629687e-01 9.237160155257264638e-01 9.237160154363909248e-01 9.237160154356992559e-01 9.237160156211412509e-01 9.237160151574000944e-01 9.237160154607030327e-01 9.237160152767686094e-01 9.237160152576733285e-01 9.237160154225052544e-01 9.237160154944665802e-01 9.237160155275100371e-01 9.237160153294844411e-01 9.237160155814621021e-01 9.237160154669369350e-01 9.237160154512321641e-01 9.237160154231667253e-01 9.237160155902731651e-01 9.237160154859805905e-01 9.237160154177457283e-01 9.237160156699348867e-01 9.237160151976239186e-01 9.237160155298603792e-01 9.237160152519259260e-01 9.237160154492779496e-01 9.237160155657562211e-01 9.237160153925528805e-01 9.237160150868025665e-01 9.237160155694564834e-01 9.237160155459630539e-01 9.237160154977768212e-01 9.237160150126083602e-01
9.237160153353737302e-01 9.237160156083285001e-01 9.237160154243733157e-01 9.237160154378674104e-01 9.237160153145062003e-01 9.237160155356235469e-01 9.237160155470078848e-01 9.237160155913759496e-01 9.237160153389160078e-01 9.237160154701954395e-01 9.237160156514024889e-01 1.000000000000000000e+00 9.237160155158000707e-01 9.237160155300661035e-01 9.237160152645289557e-01 9.237160154924558553e-01 9.237160154369827847e-01 9.237160154820829305e-01 9.237160156649703024e-01 9.237160152947679892e-01 9.237160155127582817e-01 9.237160154731665074e-01 9.237160154700360115e-01 9.237160156211332573e-01 9.237160153414598618e-01 9.237160155559623886e-01 9.237160154028185577e-01 9.237160152821322079e-01 9.237160154859472838e-01 9.237160156443432468e-01 9.237160154307743065e-01 9.237160154922224864e-01 9.237160155675951945e-01 9.237160156233610309e-01 9.237160153675585406e-01 9.237160154797684486e-01 9.237160156788153387e-01 9.237160154093320141e-01 9.237160154638527354e-01 9.237160156835222402e-01 9.237160154886925323e-01 9.237160156590870086e-01 9.237160155642902826e-01 9.237160153821731834e-01 9.237160153654175865e-01 9.237160155001636896e-01 9.237160154288107661e-01 9.237160153418750852e-01 9.237160154991740368e-01 9.237160152629459997e-01 9.237160153782129068e-01 9.237160153448727984e-01 9.237160156228685359e-01 9.237160152499778176e-01 9.237160152663292934e-01 9.237160155460494293e-01 9.237160153918730909e-01 9.237160155513968185e-01 9.237160154784764821e-01 9.237160153398153994e-01 9.237160153115271388e-01 9.237160156957258117e-01 9.237160155545277584e-01 9.237160155264599881e-01 9.237160154259751454e-01 9.237160153615108227e-01 9.237160150168020056e-01 9.237160154449853833e-01 9.237160156257983035e-01 9.237160154457489947e-01 9.237160153035383070e-01 9.237160153496080106e-01 9.237160156243773290e-01 9.237160152971660709e-01 9.237160155437472708e-01 9.237160153545864727e-01 9.237160154652507282e-01 9.237160155996408939e-01 9.237160155641875869e-01 9.237160154253566402e-01 9.237160149960527145e-01 9.237160156013718426e-01 9.237160153523529260e-01 9.237160155665039563e-01 9.237160153193249013e-01 9.237160155335694123e-01 9.237160154646920640e-01 9.237160155328020261e-01 9.237160156292207880e-01 9.237160155088000035e-01 9.237160156626088581e-01 9.237160152766518140e-01 9.237160155477286416e-01 9.237160153828796183e-01 9.237160154165501291e-01 9.237160152703838278e-01 9.237160155801361627e-01 9.237160154985208926e-01 9.237160155444832377e-01 9.237160151685283038e-01
9.237160153217132130e-01 9.237160154134815837e-01 9.237160149480110327e-01 9.237160152733446816e-01 9.237160149484396898e-01 9.237160151775986039e-01 9.237160154049498528e-01 9.237160152241690181e-01 9.237160147107557062e-01 9.237160149249609153e-01 9.237160151877449321e-01 9.237160155158000707e-01 1.000000000000000000e+00 9.237160153283539010e-01 9.237160150536957159e-01 9.237160152901716659e-01 9.237160147957179657e-01 9.237160151874135305e-01 9.237160154395230860e-01 9.237160149440740708e-01 9.237160153461012602e-01 9.237160153201855461e-01 9.237160149757726035e-01 9.237160153391531514e-01 9.237160151275598530e-01 9.237160153663284134e-01 9.237160149913997698e-01 9.237160151413361664e-01 9.237160153805749063e-01 9.237160152820069747e-01 9.237160150522916169e-01 9.237160155865774547e-01 9.237160152366892252e-01 9.237160153729387924e-01 9.237160146936633787e-01 9.237160152504637622e-01 9.237160154314336680e-01 9.237160151371448524e-01 9.237160152179140216e-01 9.237160153907758575e-01 9.237160155370753856e-01 9.237160152268556468e-01 9.237160154866771444e-01 9.237160152006858027e-01 9.237160150737249165e-01 9.237160152773691291e-01 9.237160149615288862e-01 9.237160152149859194e-01 9.237160154447130456e-01 9.237160150374860157e-01 9.237160152881035424e-01 9.237160149519851871e-01 9.237160153087569103e-01 9.237160149652048347e-01 9.237160151645922301e-01 9.237160152955696812e-01 9.237160151556851329e-01 9.237160155919152960e-01 9.237160155268852035e-01 9.237160148944408844e-01 9.237160149104387541e-01 9.237160153655756822e-01 9.237160155151076246e-01 9.237160153668148022e-01 9.237160150277486936e-01 9.237160150235235179e-01 9.237160146769558544e-01 9.237160152805833357e-01 9.237160153048641353e-01 9.237160149965993883e-01 9.237160150494431177e-01 9.237160149939670495e-01 9.237160152710433003e-01 9.237160152346214348e-01 9.237160152624271925e-01 9.237160151460801494e-01 9.237160152368379951e-01 9.237160155323611566e-01 9.237160153581635003e-01 9.237160149213565763e-01 9.237160144161875586e-01 9.237160154207265661e-01 9.237160148180303398e-01 9.237160154471371065e-01 9.237160149313328183e-01 9.237160151200601854e-01 9.237160153594031753e-01 9.237160154646794075e-01 9.237160153227120807e-01 9.237160156258121813e-01 9.237160155860310029e-01 9.237160152783376876e-01 9.237160155473189693e-01 9.237160146876760569e-01 9.237160152262164914e-01 9.237160155638072245e-01 9.237160150581700258e-01 9.237160151378798201e-01 9.237160153582031352e-01 9.237160150289482896e-01
9.237160155077720480e-01 9.237160154433687875e-01 9.237160155984464049e-01 9.237160154967247738e-01 9.237160151190618729e-01 9.237160156578392289e-01 9.237160156480311857e-01 9.237160154021292202e-01 9.237160151817415121e-01 9.237160155010617490e-01 9.237160154617760632e-01 9.237160155300661035e-01 9.237160153283539010e-01 1.000000000000000000e+00 9.237160155997791167e-01 9.237160155697446973e-01 9.237160152172523286e-01 9.237160155675842033e-01 9.237160155595147693e-01 9.237160150575385309e-01 9.237160151712309197e-01 9.237160153578589661e-01 9.237160155951565921e-01 9.237160155977265363e-01 9.237160155668264760e-01 9.237160155824826191e-01 9.237160154937649192e-01 9.237160153134407192e-01 9.237160154650773114e-01 9.237160154294247194e-01 9.237160153912189475e-01 9.237160153949615093e-01 9.237160155491391800e-01 9.237160155418926433e-01 9.237160152926099377e-01 9.237160153990807698e-01 9.237160156814355760e-01 9.237160156255176391e-01 9.237160154826973280e-01 9.237160156768220443e-01 9.237160155302461817e-01 9.237160155097180469e-01 9.237160154016517133e-01 9.237160154406334200e-01 9.237160156201785766e-01 9.237160154555036362e-01 9.237160153222463421e-01 9.237160154348518226e-01 9.237160155105810233e-01 9.237160152406781455e-01 9.237160155318505650e-01 9.237160152953410863e-01 9.237160153949931507e-01 9.237160154216965680e-01 9.237160155533101769e-01 9.237160154708764503e-01 9.237160154190715566e-01 9.237160155927425231e-01 9.237160153059754686e-01 9.237160152531715962e-01 9.237160154553750724e-01 9.237160155910051351e-01 9.237160155322258204e-01 9.237160156690268353e-01 9.237160156613921647e-01 9.237160155280998985e-01 9.237160152009443737e-01 9.237160153560313169e-01 9.237160156462322913e-01 9.237160155800130390e-01 9.237160154163841508e-01 9.237160153354300185e-01 9.237160154848981231e-01 9.237160155869175160e-01 9.237160154985145644e-01 9.237160156327788307e-01 9.237160155577952558e-01 9.237160154085627406e-01 9.237160155510518722e-01 9.237160154946296720e-01 9.237160150547305548e-01 9.237160156342325568e-01 9.237160153743863011e-01 9.237160155993936472e-01 9.237160155286403551e-01 9.237160155875335787e-01 9.237160156107706577e-01 9.237160155806465323e-01 9.237160156048228599e-01 9.237160155004532358e-01 9.237160155564245745e-01 9.237160153518959582e-01 9.237160154415648972e-01 9.237160151138336106e-01 9.237160153619552450e-01 9.237160151016111653e-01 9.237160152236949529e-01 9.237160155975586706e-01 9.237160152291810089e-01 9.237160151740410052e-01
9.237160154444321591e-01 9.237160152829351212e-01 9.237160155595616207e-01 9.237160155346175738e-01 9.237160152778504107e-01 9.237160155830278496e-01 9.237160155823007646e-01 9.237160153532210094e-01 9.237160150623243693e-01 9.237160152369460198e-01 9.237160153312803379e-01 9.237160152645289557e-01 9.237160150536957159e-01 9.237160155997791167e-01 1.000000000000000000e+00 9.237160156340250561e-01 9.237160152303290905e-01 9.237160151684815634e-01 9.237160153131109830e-01 9.237160152407454250e-01 9.237160150955747717e-01 9.237160152246262079e-01 9.237160154423770253e-01 9.237160155737467182e-01 9.237160154717519722e-01 9.237160154065660045e-01 9.237160156212113060e-01 9.237160154063639439e-01 9.237160154579167060e-01 9.237160153430225007e-01 9.237160152991804596e-01 9.237160152508575583e-01 9.237160153679142560e-01 9.237160154096418774e-01 9.237160152275624148e-01 9.237160154716776983e-01 9.237160155057578814e-01 9.237160156507313591e-01 9.237160153029223553e-01 9.237160155293149266e-01 9.237160155134080952e-01 9.237160154354026043e-01 9.237160151664187691e-01 9.237160155792950578e-01 9.237160155781602988e-01 9.237160155236423531e-01 9.237160154465765549e-01 9.237160156048369597e-01 9.237160153497434578e-01 9.237160153360546300e-01 9.237160152990468998e-01 9.237160153122278006e-01 9.237160151763216254e-01 9.237160153422622200e-01 9.237160155152003282e-01 9.237160152079817443e-01 9.237160154588867078e-01 9.237160153311556599e-01 9.237160152330615714e-01 9.237160150910630474e-01 9.237160155074904955e-01 9.237160153695851417e-01 9.237160152093819576e-01 9.237160155406164419e-01 9.237160155476613621e-01 9.237160155711731102e-01 9.237160154270310786e-01 9.237160152600037977e-01 9.237160155659983607e-01 9.237160154291083058e-01 9.237160156204762274e-01 9.237160155083157242e-01 9.237160153077315083e-01 9.237160155262856831e-01 9.237160152366361565e-01 9.237160154296314429e-01 9.237160153356290815e-01 9.237160151900752902e-01 9.237160153291437137e-01 9.237160154111243582e-01 9.237160153668121376e-01 9.237160155215661250e-01 9.237160154204613338e-01 9.237160155265541350e-01 9.237160155144932272e-01 9.237160154782940724e-01 9.237160156631254448e-01 9.237160155301041842e-01 9.237160155579461351e-01 9.237160152037185989e-01 9.237160154072151519e-01 9.237160153694046194e-01 9.237160153458240375e-01 9.237160151552735732e-01 9.237160153918403394e-01 9.237160149282858113e-01 9.237160149919758645e-01 9.237160155117067895e-01 9.237160151632335392e-01 9.237160151148030574e-01
9.237160154022682201e-01 9.237160154535039025e-01 9.237160154821436597e-01 9.237160155814557738e-01 9.237160152719668949e-01 9.237160155298659303e-01 9.237160156133682465e-01 9.237160154986061578e-01 9.237160153669873308e-01 9.237160152985439687e-01 9.237160155294762420e-01 9.237160154924558553e-01 9.237160152901716659e-01 9.237160155697446973e-01 9.237160156340250561e-01 1.000000000000000000e+00 9.237160153204735380e-01 9.237160152628622889e-01 9.237160154055749084e-01 9.237160155597423650e-01 9.237160152921212175e-01 9.237160153321445355e-01 9.237160154732007022e-01 9.237160156702176605e-01 9.237160153837156162e-01 9.237160154737809048e-01 9.237160155621301216e-01 9.237160155142328799e-01 9.237160156841094372e-01 9.237160155492947222e-01 9.237160155783900040e-01 9.237160154743818685e-01 9.237160154637196197e-01 9.237160156602597372e-01 9.237160152861173534e-01 9.237160156304830005e-01 9.237160155644329462e-01 9.237160156493263719e-01 9.237160154898629294e-01 9.237160156234505148e-01 9.237160156052975912e-01 9.237160155216104229e-01 9.237160153797938644e-01 9.237160156310367798e-01 9.237160154753238928e-01 9.237160156780119813e-01 9.237160155573588272e-01 9.237160155947830020e-01 9.237160154656730571e-01 9.237160155523261862e-01 9.237160154931659539e-01 9.237160151788407214e-01 9.237160153707489885e-01 9.237160155678475482e-01 9.237160154768173648e-01 9.237160155443641107e-01 9.237160156474599759e-01 9.237160155069467082e-01 9.237160154380561483e-01 9.237160150391929836e-01 9.237160155403991713e-01 9.237160155443616683e-01 9.237160154548116342e-01 9.237160155616169765e-01 9.237160154273998947e-01 9.237160155503614245e-01 9.237160155332707623e-01 9.237160155505030890e-01 9.237160155811745543e-01 9.237160154846199012e-01 9.237160156445476389e-01 9.237160156167653069e-01 9.237160156037461656e-01 9.237160153478187752e-01 9.237160152652049705e-01 9.237160153229976300e-01 9.237160152234745736e-01 9.237160154340434692e-01 9.237160154004613322e-01 9.237160155273399509e-01 9.237160152588849149e-01 9.237160157008641459e-01 9.237160154723764727e-01 9.237160156702576286e-01 9.237160153717417499e-01 9.237160155459462896e-01 9.237160156892139096e-01 9.237160156982368031e-01 9.237160156102599551e-01 9.237160153059134071e-01 9.237160155511902060e-01 9.237160153402842466e-01 9.237160154266350620e-01 9.237160153399659457e-01 9.237160156797781241e-01 9.237160151072596470e-01 9.237160153267630625e-01 9.237160156100124864e-01 9.237160154683460300e-01 9.237160151029230049e-01
