1.000000000000000000e+00 2.719937208946757168e-01 5.133791942051563195e-01 5.541142959003120955e-02 8.434242439942285507e-02 2.041349585590286064e-01 1.493139284437206282e-01 1.805598938105414941e-01 6.288581785592943507e-02 -4.664969680547886161e-02 -1.202405300093106234e-02 5.220892498262591497e-02 1.238277544051389345e-01 -1.797935436506252482e-01 -2.227049292754649523e-01 3.356797495097078587e-01 -6.905056257970884626e-02 -1.196329322453740322e-04 -1.374162716291018882e-01 8.403330381602675328e-03 -1.225293428983383753e-01 1.066914824782721483e-01 -1.495057838379353354e-01 -8.332417602014281777e-02 -5.726759583313210250e-02 3.446498808903060429e-02 8.218329923934032666e-02 -5.371924259636473055e-03 -1.466286962619766376e-01 -1.716052601180561299e-01 3.045261941967434757e-02 9.348568842527786582e-02 -1.488097586001792781e-02 -1.533202717700297701e-01 5.584116318122415296e-02 -1.200429736193807106e-01 -2.147442884492344328e-01 8.625018738476974978e-02 -1.879477416234640041e-01 8.947578645665743569e-02 -9.550147703921306463e-02 -1.454309260883178134e-01 2.695503249340908125e-02 -8.422411082883740630e-02 1.498580663264210055e-03 4.017018508381860198e-02 -5.995224260348446660e-02 1.114359981205465255e-01 1.509548267158859203e-01 -8.583131285592279780e-02 5.414014766794738032e-01 4.222665447392380256e-01 1.851519295270263876e-01 -9.733234858978769000e-02 1.881249024627072164e-01 2.965248488330913812e-01 4.922285827497200478e-02 2.541435199551500893e-02 -1.153768323894785314e-01 -3.780368880088082195e-02 9.332020355362122266e-02 1.366138835027634335e-01 2.930425946148178858e-03 -1.119921629528471407e-01 -2.675991380020698029e-01 -1.820064271929058564e-01 3.378578039873015443e-02 -5.743000705344824403e-02 -3.185316816775139448e-01 -8.830140289667584574e-02 -1.206476382587531593e-01 -4.348031238624106010e-02 -1.971115484271061813e-01 -6.092429672754710174e-02 3.240611294202876830e-02 -6.673002282717672984e-02 -1.568561962346455563e-01 -9.838144187244857175e-02 -7.619653445579774309e-02 1.219605413073166916e-01 -6.845082506102165287e-02 -2.243799620728852973e-01 -1.043238299057411000e-01 -2.581761156518982622e-02 -9.984221122126243908e-02 -2.209736350800744209e-01 -2.755949947394119581e-01 -3.953676941596496325e-02 -1.700314621774721979e-01 -8.495019940287537596e-02 1.684863636781997950e-02 1.759950109761185821e-01 -1.452170946375820337e-01 -2.395719349904706919e-01 1.986481434454746148e-02 7.334533231600232767e-03 -5.924286464017547438e-02 -1.681750995701993337e-02 1.046782588737253106e-01 -7.956101309537796928e-02
2.719937208946757168e-01 1.000000000000000000e+00 3.973959888353042480e-01 4.679338986106159615e-01 4.841932762082374331e-01 3.044013358723617890e-01 3.205301247488123728e-01 4.653541350289391310e-01 3.060421333043160663e-01 -8.300333633731407645e-02 -4.859762982825632793e-02 7.766902473401095242e-02 3.740950240537024157e-02 -8.724367054789508580e-02 -3.229688541958878889e-01 6.140715087764703206e-01 5.943139672797720374e-02 1.924690123372931050e-01 1.338960566980088723e-02 -5.959487579530781814e-02 -1.195007311954956464e-01 1.699502464251861356e-01 -7.534843563159566993e-02 7.458757700817790492e-02 4.301840980458345592e-02 1.773462433887715572e-01 6.097212048428669179e-02 4.485901589867126449e-02 -1.038554613380062407e-02 -1.939842743424789184e-01 -2.086956238497568172e-01 8.921331978516294781e-02 -3.958688966401834042e-02 9.656611735320423315e-03 6.419333455171458147e-02 1.335738744446486881e-01 -1.404081495862271045e-01 2.779366027553300741e-02 -1.509284410701451640e-01 2.379138628173780301e-01 -9.892220814117154426e-02 2.012992982697390035e-02 2.692870450648959454e-02 -1.262123768335449703e-01 2.088358794130145552e-02 -8.119315010929947785e-02 -1.754324238390582158e-01 -4.895333291124070313e-02 4.241608430199752394e-02 -2.184737834885382146e-01 3.592675963758901747e-01 5.977143706760750241e-01 4.302479509980238759e-01 1.623923860497777094e-01 2.561885962648819959e-01 3.069051528380046800e-01 3.261403017775150737e-01 3.026064105509321811e-01 -6.139298985359337851e-02 3.345842233959746975e-02 7.923394645216703946e-02 2.995984843132890475e-03 6.697073568214884087e-02 -9.076153153720306621e-02 -1.237042019649651353e-01 -3.022109338134915668e-01 9.924846937048542594e-02 6.933454841737808627e-02 -9.506586761557925258e-02 3.670391676608816128e-02 -1.567380745455935476e-01 4.053974711328527797e-02 -1.016318802483756889e-01 9.389038789381209948e-02 4.486435949089310343e-02 1.850752319360029763e-01 -7.202476657995793285e-02 -3.868391668128180055e-02 -2.028641082348239810e-01 9.476561378946046776e-02 7.375249423688569339e-02 -3.635873650683971725e-01 -1.234515947794688623e-01 6.046176416125454561e-02 5.639558688597728214e-02 -1.573863892808971265e-01 -1.295738770832715603e-01 4.325932263674384798e-02 -1.709001086971837780e-01 -2.195923343828908580e-01 -8.921899002611090312e-02 9.918288264410542177e-02 1.265285230408354777e-01 -4.698685469426409911e-02 1.102404287428497692e-01 -8.312272226820821563e-02 -1.384705727017454258e-01 -1.262990617679467242e-01 3.999973677359773550e-02 -2.630803470139701505e-01
5.133791942051563195e-01 3.973959888353042480e-01 1.000000000000000000e+00 3.080729971306251161e-02 2.018476652417459105e-01 5.224070236922674360e-01 1.570928111229115687e-01 4.836790187698765120e-01 3.713803426327947910e-01 -1.383503447770679240e-01 1.903490428435105908e-01 2.937557101645596469e-01 2.740327204963418084e-01 1.348626109796662864e-01 -1.403954628628555946e-02 2.404944051038456765e-01 1.576391721025916237e-01 2.580626329305503175e-01 2.035448683735890940e-01 -1.789430490933238693e-02 2.090460125226117072e-01 3.866637938940573616e-01 1.614553213781008967e-01 1.510031274943031687e-01 -3.743280890211787143e-02 3.470043903427627585e-01 2.260341911357636180e-01 1.910781414481770857e-01 -4.513842042496315349e-02 4.746669440911140125e-02 -2.322161086874353908e-01 -3.498898458979025211e-02 5.621290868394623359e-05 1.788468743559234464e-01 2.078406116024955064e-01 8.279867954723812984e-02 -2.625588613715886255e-01 -7.117258014402118825e-03 -1.462533078750512527e-01 1.598191797016995375e-01 2.690955032644115272e-02 -6.080258099268075200e-02 1.922805696847058876e-01 -2.339847473407197231e-01 1.100720642951851999e-02 8.875245321135674659e-02 8.292901036262881331e-02 3.547704014811634693e-02 1.038370854078976419e-01 -2.772494355877618832e-01 2.591339363795288619e-01 5.400491056231594422e-01 1.415763733794755674e-01 -1.414256024104661447e-01 4.222550394138707142e-01 6.534715605886262102e-01 3.313135918202098074e-01 3.894041988668846543e-01 -4.656436132840691133e-02 1.772411655601306979e-01 3.079265522318431203e-01 2.235138755417895029e-01 2.702822706547604037e-01 7.366528420263374066e-02 5.944556914925725605e-02 1.403187552805506763e-02 6.348665067254946615e-02 2.148163639300585681e-01 5.701144304644369804e-02 1.877255919486159885e-01 8.017458602250407407e-02 2.542317719476557270e-01 8.289006085442809924e-02 -1.228978066290479648e-01 2.216551160719619495e-01 2.744650274971211501e-01 -8.285696167350768693e-02 1.576091207350522327e-01 -3.211793879405514529e-01 6.073873970220742408e-02 1.445632786923940483e-01 -2.041230959627692576e-01 -9.347942521158410234e-02 1.484902101416542830e-01 1.607486008354542251e-01 -1.458514609582922672e-01 -3.032657225492946806e-01 5.648796803188201737e-02 -1.837477291089902598e-01 -1.743638886859975312e-01 -1.892556598410868873e-01 2.372262257461212401e-02 -6.805432645224243626e-02 -2.511110946144849421e-01 2.437851277945620176e-01 -1.248633544817875640e-01 -4.938393159745870648e-02 -2.930607123768431618e-02 1.139362915292034262e-01 -3.079871473633563062e-01
5.541142959003120955e-02 4.679338986106159615e-01 3.080729971306251161e-02 1.000000000000000000e+00 4.743119047342346239e-01 1.231300247947299947e-01 4.179723907694118390e-01 3.878328749756302929e-01 2.478596906156994850e-01 8.749975653090054373e-02 -1.171320943389933672e-01 -1.489851597057360033e-01 -6.126038224622280814e-02 -2.270657812811286980e-01 -3.573663519277425205e-01 3.450152697554476622e-01 -2.317119690707829804e-01 2.362871703113176083e-02 -1.586437910084056713e-01 9.668596626725478593e-02 -2.239195288939749284e-01 -7.307397613991631347e-02 -2.120689202922615424e-01 -1.411194114880926775e-01 5.005880022075594182e-02 -1.322660365731918031e-01 -1.429783101019116709e-01 -2.204657357825721697e-01 9.444966600202300139e-03 -3.119552152252890731e-01 -4.091833740159326466e-02 2.506843818583032735e-01 2.221462778122292037e-02 -6.366430881200524361e-02 -1.481955146778671795e-01 7.888170967509133824e-02 6.354558112826093341e-02 7.416075620702304583e-02 -6.975323608981189027e-02 3.656997352108432575e-01 7.052583576747990801e-02 -1.960102584389783187e-01 -1.431843843723819842e-01 -6.456231355783025039e-02 1.598222177334820970e-01 8.701308051187765444e-03 -1.469416479448502899e-01 -6.098103232898863940e-02 1.826061783597683896e-01 5.354957010454960281e-02 2.366035319567849349e-01 3.490502211724762494e-01 4.650063237005526706e-01 5.809238289780701558e-01 1.746473913271973932e-01 -6.423424944094602469e-03 4.041059469369961965e-01 2.161374446626339041e-01 3.899082577060685589e-02 -1.098969954018606393e-01 -8.203986446330156779e-02 -5.792389081758008568e-02 8.256783952469470833e-02 -1.440603344237302019e-01 -1.200472461888481140e-01 -3.123332327287645094e-01 3.365790664509717423e-01 -2.183574672385290016e-01 -1.574452338166497101e-01 -1.181019922541523132e-01 -2.212434665292114799e-01 -5.178036544493346688e-02 -2.248908243129121576e-01 3.494508795232273424e-01 -1.454230428989858048e-01 -4.116583613570578420e-02 1.163700794708804123e-02 -2.409457085720928260e-01 2.205911163901221744e-02 2.532394902370873613e-01 -3.102693295708805650e-03 -2.373105081895865165e-01 -2.116415050105341714e-02 4.948887331259970573e-02 3.546621850518622693e-02 1.026874327471470200e-01 3.014863976304073961e-02 -1.688813235121718326e-01 9.158699412885764821e-03 2.857406934020111089e-02 9.634293220091554033e-02 1.380887244645555012e-01 2.110452514013156367e-01 -1.178556232537868176e-01 -1.460887551724177405e-02 -5.616458333558593113e-02 1.013584154219441258e-01 -1.776946469157969846e-02 8.764012237856398657e-02 6.550879480902115082e-02
8.434242439942285507e-02 4.841932762082374331e-01 2.018476652417459105e-01 4.743119047342346239e-01 1.000000000000000000e+00 4.443597110458267774e-01 2.076066321637476675e-01 3.476162550009238017e-01 3.149118463787463629e-01 -4.122062547135518090e-02 -7.476218345907151286e-02 -1.470759329965401485e-01 -1.751559177237971276e-01 -2.682926882647359013e-01 -3.831414522701012682e-01 2.808281900309402834e-01 -2.239334400919016643e-01 7.640466544142802963e-02 -1.862565237173973154e-01 -9.973578697762946685e-03 -2.693313466404330114e-01 -4.143418780125465717e-02 -2.060042428086966970e-01 -7.246229723798386368e-02 -3.374824907594358575e-02 2.123121089803294698e-02 -1.525241864562904177e-02 8.722174842825498875e-02 3.788358763677759922e-02 -2.140485863805928479e-01 -3.374168474440061294e-01 -1.709662553088236265e-03 -8.889652054690787286e-02 2.518739939717214160e-02 -6.038244934661230606e-02 2.411124844801505462e-01 -1.753888061351228890e-03 -9.495633162783244374e-02 -9.110994714533685035e-02 1.740345355351577139e-01 4.504709958227267469e-03 5.253236635876530787e-03 -1.117012053084549539e-01 1.924200491960470147e-02 -1.016546376137225371e-01 -1.186413770721609223e-01 -1.320560783041334618e-01 -1.376243585633886608e-02 2.561884597819927833e-01 -5.438592352475005859e-02 1.222495097799682628e-01 3.859642851039758460e-01 1.278503811138389235e-01 3.488770829235694482e-01 4.877060592021768559e-01 2.898328879989679474e-01 3.157611570044978055e-01 2.963400354525445590e-01 -1.339375312239632701e-02 -1.485291625523956771e-01 -1.640490322185353400e-01 -2.044458514784283643e-01 -9.996059135586470024e-02 -2.800502507135868568e-01 -1.385939582417395899e-01 -3.569977196297862698e-01 7.431200050458858231e-02 -2.035334930393618014e-01 -9.911483201327009329e-02 -4.992797753213123330e-02 -2.380222867187233582e-01 -8.684216138598543910e-02 -1.559055946399679760e-01 7.811852161130890954e-03 -1.567735591412845741e-01 4.974413344963067585e-02 -5.434870808281885846e-02 -1.346091988420064500e-01 -2.406113540326868527e-01 -1.572505676137767733e-02 -6.928944789930926475e-03 -1.769559118137688514e-01 -1.508103543903903665e-01 5.567713248003948456e-02 1.367600776494203585e-01 3.361806663921897229e-03 3.624824099176437997e-02 1.179593302410110733e-01 -2.712908781089920854e-02 -1.557997385111364597e-01 -2.368476321459309641e-01 -6.421717937958043576e-02 1.179553376488171740e-02 4.133216724425065047e-02 -9.481544691686809301e-02 -6.905998312387558180e-02 -5.955340588893488774e-02 -5.403122148291822358e-02 2.129171218837547230e-01 -7.571880012049339581e-02
2.041349585590286064e-01 3.044013358723617890e-01 5.224070236922674360e-01 1.231300247947299947e-01 4.443597110458267774e-01 1.000000000000000000e+00 2.707346617834150426e-01 5.690301374273215584e-01 6.434396246989649848e-01 5.139666129440811915e-02 1.045697268649293660e-01 9.095805620192670693e-02 1.822279484534184979e-01 8.313199962721395941e-02 -2.159046863050622517e-02 6.662373569168329734e-02 9.235193275296385562e-02 2.960289802546098858e-01 1.145870367492360792e-01 4.033836131370634875e-02 8.336052222680358226e-02 2.751468427625276547e-01 9.772590438179530603e-02 1.080362567743872182e-01 1.558071074860937211e-01 2.271732160060812022e-01 1.115026154464284769e-01 1.888301047018634826e-01 1.204284657167585815e-01 1.184915107731715905e-01 -2.894449358351744439e-01 -5.314905966720371265e-03 -2.499700320218034913e-02 1.912648327391489878e-01 7.842506419798896122e-02 3.185619838739524035e-01 -6.924254650801740796e-02 -5.314449330462960724e-02 -7.193768645041927201e-02 1.812701414486206086e-01 -1.200948241454060338e-02 -8.263485787954941153e-02 1.575581624787443513e-02 -2.143566223087196021e-01 -1.943819583586639532e-01 -4.861265103911974889e-02 3.130948843356946062e-03 3.944754776837648691e-02 4.463804919468051802e-01 -1.136605200362852119e-01 4.586844068791510326e-02 2.966677042084781002e-01 2.580933983102710536e-02 2.339645051664462645e-03 6.522106061519887810e-01 7.428033828816814621e-01 5.095123654833562110e-01 5.591478794843265376e-01 1.373292537844145733e-01 -7.536081660011182022e-03 1.151516280155147065e-01 1.003676642276385145e-01 2.453332985218505957e-01 -5.696086637164206323e-02 4.687456324460143042e-02 -5.667313089112308022e-02 1.170303926545789297e-01 1.040450650179344516e-01 7.542410827556943198e-02 2.235880523202908865e-01 5.644933161666183807e-02 1.793235251565908905e-01 4.961350540567281697e-02 -1.543111280997095103e-01 6.126754884094556125e-02 2.364770359773962771e-01 -1.910806471349771676e-02 2.122844740190888702e-01 -2.867541242610761043e-01 3.882443064486668354e-03 7.295102375634253400e-02 -2.319886137239126900e-01 -3.578822693750194905e-01 3.619948423168863061e-02 1.935220534229674938e-01 -6.114904144321324508e-02 -6.639048646705481005e-02 1.218967963570388308e-01 -4.042846895105096927e-02 -2.732204928508606412e-01 -2.153188320108142817e-01 9.167653391652247352e-02 -7.326917663210441578e-02 -1.655317466685742867e-01 4.131220877790201971e-04 -2.140758729552530437e-01 -1.378269757284499020e-01 -6.851161985400394672e-02 4.558161195320504233e-01 -7.695062268531016603e-02
1.493139284437206282e-01 3.205301247488123728e-01 1.570928111229115687e-01 4.179723907694118390e-01 2.076066321637476675e-01 2.707346617834150426e-01 1.000000000000000000e+00 5.092974941621998264e-01 3.620063035780046179e-01 3.072661937138466137e-01 7.967877067882449260e-02 1.923340185079518427e-01 1.163295332051939163e-01 3.227084836616760793e-02 -1.869051666390384239e-02 3.214945678902586534e-01 2.036703513980464009e-01 3.543507240350500798e-01 1.025509276714454410e-01 3.102690238227717168e-01 1.599957861812333348e-01 1.662648521035607063e-01 4.681273981498895731e-02 3.520825979371101089e-01 2.791364795502750962e-01 8.106149767496857728e-02 -8.941884281971795856e-02 -9.267942906871719233e-02 2.137137676572111733e-01 -1.168065478120231537e-01 -1.524153398442671670e-01 4.593082345842783298e-03 -7.923070598155551592e-02 1.262237893770441766e-01 -1.235594356850033999e-02 2.976146353450400128e-01 -4.628695099181305561e-02 -8.800739211333613587e-02 -1.548731677347299218e-01 5.698745877516214753e-01 7.169847851209583097e-04 -1.371515586930357189e-01 -3.574908805987792731e-02 -1.805813500187410936e-01 -7.692877013294989463e-02 -2.341757838254555080e-01 -3.059209179095936371e-01 -1.007567557707155920e-01 1.926308377765783841e-01 -6.629436986511136332e-02 1.190315450160531058e-01 1.965578328814983899e-01 4.236771387698587965e-01 1.168264748217098109e-01 1.974230974440793207e-01 1.702265430449291239e-01 4.719755864929944811e-01 3.181248276554645149e-01 2.617993681182917420e-01 1.141432492641267782e-01 1.930829141384765302e-01 1.500248837050648376e-01 1.843961299909159524e-01 -1.045349672362963361e-01 6.275311762841546959e-02 -5.298824563702812795e-02 4.884023024759481801e-01 2.222762395929969437e-01 1.369053361955872017e-01 2.976912339667708296e-01 2.053743266778911003e-01 1.626212311529519339e-01 -1.605931393368470114e-02 4.415912467801960117e-01 3.068295054391027010e-01 2.895002625473711566e-01 1.078542359181766108e-01 8.515651612305942531e-02 -1.495116540538912464e-01 -5.204216243602722419e-02 3.298063766481306724e-01 -1.776779600106420942e-01 -1.762725433699472988e-01 1.897107505225925916e-01 5.668119646589066252e-02 -4.125095181214576134e-02 -4.673364533295233658e-02 -1.263513110979020970e-01 2.156321831619982532e-01 7.981064320425244885e-02 -4.057170418479216084e-02 1.713962382020512709e-01 3.566351873723205834e-01 -6.233876749378838150e-02 1.203678247143534913e-01 -8.108023059642364971e-02 -1.668361620212103491e-01 -7.902231605166303019e-02 2.150773450398782427e-01 7.995555776563561395e-03
1.805598938105414941e-01 4.653541350289391310e-01 4.836790187698765120e-01 3.878328749756302929e-01 3.476162550009238017e-01 5.690301374273215584e-01 5.092974941621998264e-01 1.000000000000000000e+00 7.336723284901698339e-01 1.108716840448496083e-01 1.351906348614592968e-01 1.894844189735646334e-01 2.329667921885350546e-01 5.140343711151391937e-02 -2.897611570360286715e-02 2.438630251282816741e-01 1.197029890421380666e-01 4.068686293336766790e-01 1.958709850991027790e-01 1.064334329961372921e-01 1.804781466543757817e-01 3.120952824851103147e-01 9.022755988661541882e-02 1.068761772704157481e-01 1.757210464061303157e-01 2.448803401040313688e-01 9.525030024573701015e-02 6.739280346939653665e-02 1.268972009285125047e-01 3.572680752907763518e-02 -2.183083893095045802e-01 -4.314670564866442300e-03 -5.784978053433844497e-02 2.993361022885552281e-01 5.983675492976091304e-02 3.296554673043043948e-01 6.330144657132280399e-05 -3.394611183405864957e-02 -8.063987123669694168e-02 4.020795929503832022e-01 1.071779844971626483e-01 -1.373677516102440876e-01 5.929835332261338549e-02 -2.544770541779712292e-01 3.713056579162474224e-03 3.673568154794883828e-02 2.807900667273645085e-03 1.312728371275515872e-02 2.305139050532438449e-01 -1.400753219026665275e-01 6.323199750021081533e-02 4.778469212895400386e-01 2.574107219282751324e-01 1.097074366403165691e-01 4.226348698277566096e-01 5.271979673658042653e-01 7.101769823273782478e-01 7.186983120427382632e-01 1.692995718321015086e-01 9.711276139927478568e-02 1.908619568731593774e-01 1.841164681273874948e-01 3.536222945398252437e-01 3.125051778274518660e-02 1.282541464094575923e-01 -2.626741016024344497e-02 3.347578408589157450e-01 2.034719969475891344e-01 1.866270020208371794e-01 2.309722618439488673e-01 5.774234718300354230e-02 2.634499227847568736e-01 5.424732692258534689e-02 3.094882314492958600e-02 1.063122758215852837e-01 3.338261604866253340e-01 4.340856438385275184e-02 1.702112999235053659e-01 -2.487522762989466951e-01 5.870697285236065044e-02 1.199969293895220973e-01 -2.503090428793223743e-01 -2.121123317205632075e-01 1.603917215705571442e-01 2.031298312498104330e-01 2.818326116022576780e-02 -5.447790041692943813e-02 2.813338855768126451e-02 -9.797703796426747436e-02 -2.286964503386794134e-01 -1.182412863184503088e-01 1.219447997361794850e-01 7.261020712824944878e-02 -1.616222099942158374e-01 1.322219939488145923e-01 -2.239448273645092691e-01 -2.991575782941620007e-02 -4.155164755928107689e-02 1.824585935997006247e-01 -1.743739038206196246e-01
6.288581785592943507e-02 3.060421333043160663e-01 3.713803426327947910e-01 2.478596906156994850e-01 3.149118463787463629e-01 6.434396246989649848e-01 3.620063035780046179e-01 7.336723284901698339e-01 1.000000000000000000e+00 7.740904794453799809e-02 1.847474471049916078e-01 1.460664166236708972e-01 1.925214318373612565e-01 7.039899000589264211e-02 2.059406247766232961e-02 1.685099134460824738e-02 9.498698296360506832e-02 3.595260307403029265e-01 2.155791298554949054e-01 1.073985367044466427e-01 1.333400065789705213e-01 2.397243594377292120e-01 6.343876811977745833e-02 7.439120628042518446e-02 1.691258448199749187e-01 2.226316022269535233e-01 4.533460996321397179e-02 1.274588451961213009e-01 2.343090060632263827e-01 1.397223391295718264e-01 -2.729751400650816118e-01 -5.532470538931712201e-02 -2.236539182968311917e-02 3.483146889706253413e-01 -1.713835450031516577e-02 4.228646456073104076e-01 8.226279601834257660e-02 -6.447375434565809360e-02 3.126495051235501921e-02 3.246847042397564276e-01 1.988112452856041490e-01 -1.274135652858341683e-01 -4.340467338668664576e-02 -1.932779194861824201e-01 1.247938421874426017e-02 4.142695805206351306e-02 3.851909313885546610e-02 -1.790602553635183003e-02 3.233796388196796823e-01 -1.774102735353426732e-02 -2.968913261960627950e-02 3.443967375353172988e-01 1.445061726056905138e-01 1.637021042699954576e-01 4.894781705180505926e-01 6.020892925779600668e-01 6.888848939327024690e-01 7.864552915675927514e-01 1.032941319417399612e-01 1.107764096672883974e-01 1.440244577694740624e-01 1.076282878763289569e-01 3.504566557539975924e-01 6.844725869683868091e-02 1.730943131170445126e-01 3.462414016177352977e-02 3.192816311322272393e-01 1.490998029900879873e-01 2.628076217407754323e-01 2.375679348480518871e-01 1.026867677714174004e-01 2.317290010054667282e-01 8.335913094445009108e-02 -1.267966757894651610e-02 1.695558572937966996e-02 3.009153902420991789e-01 1.522774202741851157e-01 2.027774921253540641e-01 -2.143213271541504206e-01 -3.068621854568399226e-03 6.243695879887552896e-02 -1.356588727102038261e-01 -2.418829268089666418e-01 1.263356363331436250e-01 1.970796749391737490e-01 9.711682529559906296e-02 6.578655766406818484e-02 6.933786638367711586e-02 6.504808763014535700e-02 -1.690599697911576993e-01 -1.920246129601987373e-01 3.217255675161562883e-02 -1.955064714405199341e-03 -1.003456143856106958e-01 1.009517781447472062e-02 -2.365076755626214777e-01 -2.544609685724139037e-02 -2.762117291312566822e-02 3.212474725190435088e-01 -2.949307785350382266e-02
-4.664969680547886161e-02 -8.300333633731407645e-02 -1.383503447770679240e-01 8.749975653090054373e-02 -4.122062547135518090e-02 5.139666129440811915e-02 3.072661937138466137e-01 1.108716840448496083e-01 7.740904794453799809e-02 1.000000000000000000e+00 1.466425823989251920e-01 6.815739545564010460e-02 7.111307252423527958e-02 5.199829160916080023e-02 9.623074422453169185e-02 -4.701739990040149780e-02 1.816680120406357901e-01 -6.391239147306264357e-02 7.681642493784331116e-02 7.292017797076850993e-02 7.047263164527151069e-02 -9.475295074057096811e-02 -1.157224496450011686e-01 2.147133751021640391e-01 6.206668486519932859e-01 -1.378004017241030443e-01 -1.215142380631800134e-01 -3.969203409366037737e-03 2.823399258195537498e-01 -1.840459854230219738e-02 -3.401163450043467179e-02 -4.977329053426753774e-02 -6.213622653282340619e-02 4.328156151250067696e-03 -2.183390528497027583e-01 3.657049894407138346e-02 2.337662072715708528e-01 1.652132517216242102e-01 1.414619652180592047e-01 4.297895963890039361e-01 4.458603760152612255e-02 3.501027906201672341e-02 -1.487093451115071019e-01 1.306391822697955674e-01 -7.546752948634612157e-02 -5.416688721621245456e-02 -1.530631320503870185e-01 -1.595353529324710362e-01 1.335178478231469901e-01 1.486670338608200859e-01 -4.309193985854715275e-02 -4.996110632544591840e-02 3.481215811210418981e-02 1.605547032416471814e-02 4.489578990534737885e-02 -2.188943342623886779e-03 7.680561198907379095e-02 3.527625362239125706e-02 6.170295236928498017e-01 1.369094006674453738e-02 -5.064419512814282917e-03 2.442062457476781509e-02 1.068742066510142141e-01 7.659348323817455340e-02 2.190405556781737095e-01 4.069256449153816485e-02 1.638887737956420954e-01 2.133100005171718050e-01 1.600906397647711699e-01 -8.028188092315645397e-02 8.696167240354535366e-02 -5.781255559833316932e-02 -5.471874138985891034e-02 2.503803997232032508e-01 1.928670189579051730e-01 2.194245209679695496e-01 2.068951634167131848e-01 -5.364788345375508943e-02 1.096623616493302561e-01 -1.174295456414291006e-01 1.191261749175799994e-01 -1.400645644812421042e-01 -1.642590141003326121e-01 -9.360964420192464941e-02 3.730008606221212747e-02 8.004849232780003598e-02 2.390799654926840656e-01 -3.797503382782727727e-02 1.308327897652970286e-02 9.023382635290923270e-02 2.735129597994894260e-03 1.988622382080741102e-01 3.071635848535837487e-01 2.511958090387953479e-01 -1.302900903823544787e-01 1.262502866547633718e-02 -1.704413569428283801e-02 -9.352174395813667163e-02 9.135146683853613558e-02 1.721133278181710968e-01
-1.202405300093106234e-02 -4.859762982825632793e-02 1.903490428435105908e-01 -1.171320943389933672e-01 -7.476218345907151286e-02 1.045697268649293660e-01 7.967877067882449260e-02 1.351906348614592968e-01 1.847474471049916078e-01 1.466425823989251920e-01 1.000000000000000000e+00 5.624207013858321114e-01 3.369310661205188739e-01 1.604428124029260161e-01 2.096893700194323584e-01 -1.100968951462207718e-01 2.643899102321566330e-01 1.402226832516270671e-01 1.852132850791217977e-01 4.012182832673062000e-02 2.365822293185986525e-01 3.342646647743401367e-01 6.888937176538288687e-02 3.395483743216204386e-01 1.268187312105945597e-01 4.792636423964892201e-01 4.624911317616253736e-02 2.155874631764678473e-01 2.790501425147712822e-01 1.619686143704655301e-01 -2.655215611063012071e-01 -2.308085226619753794e-01 -5.929812120168314465e-02 2.485959687414882047e-01 2.000637430134091788e-01 6.634998725775291539e-02 7.084109769696678160e-02 -1.000566264413155493e-01 7.790770211479172702e-02 1.542807458245889496e-01 1.783424652756003814e-01 4.764575690620218018e-02 1.463402119367540333e-01 -6.388685623938273293e-03 2.331640529435410336e-01 9.087640651358247501e-02 2.443202959140854461e-02 -4.800060492717365956e-02 -6.701365753194544854e-03 -1.183722886453945564e-02 -1.297905843757691524e-01 1.212959984374527289e-01 -3.141009090350115052e-02 -9.523394097337472414e-03 1.226824068176533139e-01 1.877580234625735589e-01 9.552928841451119313e-02 1.722267750995539748e-01 1.485541013699693824e-01 5.936746935063308417e-01 3.834094603742719820e-01 2.268525006344205563e-01 2.267532749963525884e-01 1.069966725139114144e-01 2.283604294160277992e-01 1.766958448895377676e-01 1.211844287968861927e-01 2.704639409500851355e-01 2.210672425744482916e-01 6.400979515686328059e-02 1.183582875728707157e-01 2.157206075007956081e-01 1.015029867140525566e-01 -3.172604076629825798e-02 3.744123893840886064e-01 4.678241867326167203e-01 2.455748672985662850e-01 1.602217724794417486e-01 -1.852340344833368069e-01 -1.611067640200580797e-01 1.406623207451401791e-01 3.209564778523348039e-02 5.087618820771434153e-02 1.148341353076888643e-01 1.301203147472726820e-02 -1.600999395551602061e-02 1.755998021745894255e-02 1.855650473828010863e-02 4.645016718210009249e-02 -4.313721732773481005e-02 -1.983415692375170569e-01 -2.133521120680120231e-01 4.357490632551836579e-02 1.299728733505232381e-01 1.164866518903159981e-01 -5.954596163784514617e-02 -1.043407402407820483e-01 -4.425457322741301047e-02 -2.894271254288100642e-02 -9.545130007117055837e-02
5.220892498262591497e-02 7.766902473401095242e-02 2.937557101645596469e-01 -1.489851597057360033e-01 -1.470759329965401485e-01 9.095805620192670693e-02 1.923340185079518427e-01 1.894844189735646334e-01 1.460664166236708972e-01 6.815739545564010460e-02 5.624207013858321114e-01 1.000000000000000000e+00 4.357258229447999454e-01 4.112406652157138409e-01 3.813430866953476106e-01 6.679506672490564956e-02 4.881042290519175264e-01 2.334007910932184848e-01 3.626942005583665418e-01 4.418424278259827642e-02 3.991753793658697202e-01 4.099178093507634957e-01 2.659381249961469962e-01 5.423825900013374834e-01 7.822400272283480671e-02 6.456207455380845728e-01 1.482056014414814549e-01 2.705795130844156904e-01 2.433167354953683637e-01 2.249216423592981240e-01 -3.354140967480905844e-01 -1.239652833181519587e-01 -8.592721541570183530e-02 1.788096650314156544e-01 2.118997640665173654e-01 1.144344301615479592e-01 -9.930723246030939699e-02 -1.768047539835080895e-01 -1.373631311623357276e-01 1.116356338145779170e-01 8.653606281632279448e-03 4.910958659546705435e-02 3.004186436952782091e-01 -1.410973558674671058e-01 1.162314934807223560e-01 4.055300078407774594e-02 -2.496254819737286565e-02 -2.453292172590787815e-02 -9.556968528960742282e-02 -1.854084313860374644e-01 -8.182792837082662751e-02 1.415386119075558446e-01 9.194416440230841758e-03 -2.206899691458802659e-01 5.099815537302308799e-02 2.315248060941055008e-01 1.431819574281622265e-01 1.726130411210577420e-01 1.519017837445365837e-01 6.647983275318213314e-01 6.671472577280558314e-01 3.702143030187059480e-01 2.909770671239318984e-01 1.623949493772865738e-01 2.393205360475554877e-01 3.157624921904571003e-01 1.064354487329878945e-01 4.824095973903971268e-01 1.963187400113450831e-01 1.512377547170518366e-01 2.288205299061896458e-01 3.142412455390420911e-01 2.339004465292619794e-01 -2.473203386098124859e-02 5.876332951498348667e-01 6.332120784931173363e-01 1.579374091648045875e-01 3.413307615361799163e-01 -3.519880227397440553e-01 -8.060804755993482285e-02 2.257591570084279686e-01 -6.606957690774729886e-02 -6.592046507783566600e-02 1.245753409743701051e-01 8.024496196959676753e-02 -1.993620647315378636e-01 -1.753125965135917119e-01 7.411706081592688011e-03 -2.929766557020975493e-02 -8.396857621431205732e-02 -2.127742363264787384e-01 -2.610592845978778054e-01 3.000184429022883115e-03 -7.555590939735269684e-02 3.082546610313644520e-01 -6.370151651861086228e-02 -1.963231532953819691e-01 -9.668689608158038962e-02 -4.410451010483827650e-02 -2.580070037658451221e-01
1.238277544051389345e-01 3.740950240537024157e-02 2.740327204963418084e-01 -6.126038224622280814e-02 -1.751559177237971276e-01 1.822279484534184979e-01 1.163295332051939163e-01 2.329667921885350546e-01 1.925214318373612565e-01 7.111307252423527958e-02 3.369310661205188739e-01 4.357258229447999454e-01 1.000000000000000000e+00 2.927001073843434331e-01 2.673201251718295146e-01 -2.304499184946261908e-02 3.152148413189980181e-01 2.760423457902572153e-01 2.951426136961663449e-01 5.895505702322471897e-02 2.627858955780118522e-01 4.008991402569144213e-01 2.848476038035952507e-01 1.112588461757319097e-01 -1.409334855329829293e-02 2.821382966201299025e-01 3.060572805707565958e-01 2.269680794237217414e-01 1.258286127062383242e-01 2.891752993056379006e-01 -2.290428065245564415e-01 -1.192193762958098369e-01 -2.643914558315732868e-02 2.350230349691287135e-01 2.757717168127566953e-01 -5.547309747995632367e-02 -2.875147576708501906e-02 -1.017713290423223199e-01 3.211844294210930428e-02 5.301466406797708530e-02 1.016020514578106215e-01 -8.947180590292262703e-02 2.054119725808498942e-01 -1.161091060588813062e-01 8.682367044618369278e-02 3.195907677304191119e-01 2.273128946624692892e-01 1.976918625283092257e-01 4.474448134421472878e-02 -1.160701935652831279e-01 -6.754679579350351959e-02 1.368953257061021056e-01 -3.009315844850912053e-02 -1.549202638674527788e-01 6.756237202270443110e-02 2.198696137268011941e-01 1.704448553889342244e-01 2.199632725816178802e-01 1.776080796167410769e-01 3.526886291716081478e-01 5.150501655418312508e-01 7.813303710528495261e-01 4.957247442715204677e-01 2.826454570871268501e-01 2.248948631380914553e-01 2.520192706361791823e-01 -1.554815153924492092e-02 3.003318462317211002e-01 9.436627981870519821e-02 1.756075033527975116e-01 1.044009708599572539e-01 3.488481713207412516e-01 2.175885902052622778e-01 -9.800912067950715012e-02 2.252860873181239676e-01 2.524861489495863753e-01 1.441827406439963148e-02 2.780124426652121894e-01 -2.592330569503806803e-01 -2.017910091755246993e-02 -2.827835106907938129e-02 -9.362952244115492484e-02 -8.814655076314280302e-02 1.754534708586153458e-01 1.120999912294947248e-01 1.931285191825075909e-02 -1.661857121678155524e-01 1.097526576950861588e-01 -1.544645037530495424e-01 -1.828070039305446648e-01 -8.380758843753503828e-02 -5.866481606772709634e-02 -3.464763332455572664e-02 -1.580615783990500234e-01 2.208041822649504105e-01 -1.671403251138279394e-02 1.096321058734460036e-01 7.306662731824199730e-02 -3.573170216158456231e-02 -2.101779722649758098e-01
-1.797935436506252482e-01 -8.724367054789508580e-02 1.348626109796662864e-01 -2.270657812811286980e-01 -2.682926882647359013e-01 8.313199962721395941e-02 3.227084836616760793e-02 5.140343711151391937e-02 7.039899000589264211e-02 5.199829160916080023e-02 1.604428124029260161e-01 4.112406652157138409e-01 2.927001073843434331e-01 1.000000000000000000e+00 6.357943028041347366e-01 -2.017368657246834118e-01 5.524331957176096264e-01 2.667826984510665578e-01 6.382492448189900358e-01 2.476792369532020976e-01 6.307830444505330147e-01 3.156439038954177989e-01 5.877171567766185101e-01 3.099192671122195097e-01 -2.400015403243946008e-02 2.639329369815495707e-01 2.363557858090344910e-01 1.298523423368485585e-01 1.308446882015269208e-01 3.247237035761946222e-01 -1.146161488679843382e-01 -6.076737368434141640e-02 -1.097532377624011457e-01 1.520243342025431044e-01 1.901318712597949157e-01 2.036479812444846188e-02 -1.173462494483641233e-01 -2.128432417353055273e-01 -1.027239919344092312e-01 -3.760306285283782773e-02 3.616075142077545407e-02 -5.336407936184848350e-02 1.648224085929030913e-01 -1.030736485624566545e-01 -4.082662497431829157e-02 1.138964562848984313e-01 2.108116754825651029e-01 1.411883847021879745e-01 -7.744963133892472651e-02 -1.434365801761747772e-01 -3.256100252734689948e-01 -1.488652115825954414e-01 -1.438255997214942516e-01 -2.597602451905703380e-01 5.848039228740002822e-03 1.154389539876951865e-01 8.930240428479528647e-02 8.376221980196761618e-02 1.312561677308755614e-01 2.521119298645265183e-01 3.351012285962672310e-01 2.732971682769942401e-01 4.036629075477318751e-01 4.054304578303818962e-01 4.531162809820133974e-01 4.786833237211453040e-01 7.056097835321467615e-02 5.324704387763132818e-01 3.700138096886020911e-01 2.726171857761047201e-01 5.211379261618303005e-01 3.364750684025192284e-01 5.344906463277210307e-01 -7.016679739152308082e-02 3.306377099806566688e-01 2.977798048813806719e-01 1.623329464231173802e-01 4.484100903790272374e-01 -1.968796194565444468e-01 -6.380332767178777120e-02 1.890721377602191389e-01 5.210098289962671742e-02 -4.918619182021776587e-02 4.280163809097545929e-02 1.506638783014102589e-01 4.745443267914162960e-02 -1.203534038031267989e-01 -1.492237937907726388e-02 2.200169269368995248e-02 3.897891581373355563e-02 -6.467210128096531618e-02 -1.197139435126826218e-01 2.161623833215320020e-02 -1.152329591747203591e-01 1.730495411103725456e-01 -7.889565480208256265e-03 5.244341494553319410e-02 1.871041362559467680e-01 -9.841565873835037004e-02 -1.459658810439887489e-01
-2.227049292754649523e-01 -3.229688541958878889e-01 -1.403954628628555946e-02 -3.573663519277425205e-01 -3.831414522701012682e-01 -2.159046863050622517e-02 -1.869051666390384239e-02 -2.897611570360286715e-02 2.059406247766232961e-02 9.623074422453169185e-02 2.096893700194323584e-01 3.813430866953476106e-01 2.673201251718295146e-01 6.357943028041347366e-01 1.000000000000000000e+00 -3.626168156493090877e-01 4.304087605283322682e-01 2.052144885872050906e-01 5.272838452928716446e-01 2.377388020745377362e-01 6.817480685743937396e-01 1.827212915492205381e-01 6.123987940085051651e-01 3.305760670182900651e-01 5.423503600331205932e-02 1.888898774716009366e-01 1.405695229800260349e-01 1.875265232405117777e-01 2.462800037904091521e-01 4.898892060960582384e-01 -8.915891545853213418e-02 -1.102123551822368624e-01 -7.835362552714855711e-02 1.831767712805086323e-01 7.292352097193245675e-02 -6.972079849772561295e-03 4.633039448008763328e-02 -1.646837634155659258e-01 -5.875064452946879984e-02 -1.006492671513488091e-01 3.272483031116477786e-02 -1.045529930694263504e-01 9.252034787110098579e-02 -8.323239498874719644e-02 -7.346452463885336237e-02 1.464476788962274234e-01 2.936429918751482515e-01 8.125600112593471536e-02 -9.560761780327770021e-02 -4.180420630358945566e-02 -4.030655574977736744e-01 -3.136536220824001631e-01 -2.718309642223349920e-01 -3.010788997119755450e-01 -9.323184988188128186e-02 -5.585576866863346378e-04 2.341564605133436561e-02 2.355109306755739061e-03 1.335895367191499428e-01 3.001919825173242629e-01 2.862476112471126766e-01 2.475602109889659952e-01 3.987125272590073544e-01 4.366070722645802871e-01 5.692202504758698822e-01 7.877786390793534155e-01 1.484675606673605507e-02 4.692196680519286067e-01 4.462307440557443106e-01 2.678717419343901729e-01 6.134623590768092383e-01 2.132827558978149241e-01 6.035007256501371264e-01 -1.045343543999218139e-01 3.363835388429727846e-01 2.347756664435816654e-01 2.529684143033301691e-01 5.049653756805005944e-01 -9.631333251981234744e-02 -1.394280395804122497e-01 1.278599330409656565e-01 1.538514834445516566e-01 -8.850002086159412806e-02 -3.928210362884027029e-02 1.365368013305245931e-01 1.219730748725330188e-01 5.887379375744514372e-03 -4.135026479430447578e-03 7.400294676495225432e-02 2.770922146985110510e-02 -4.071610029145978499e-02 -1.453144103321908354e-01 -9.748289147898557550e-02 -5.954228652288612311e-02 3.325145695174661770e-02 -5.135979080421192167e-02 7.148320207926323056e-02 1.975376254682114086e-01 -1.062831676572143225e-01 -6.548348070723560010e-02
