1.000000000000000000e+00 1.394196690035014521e-02 3.463310022501405738e-01 -3.760475447738852867e-02 -2.629756843423923240e-01 9.904757410935405293e-02 3.996358611426440999e-01 -9.978460690092415264e-02 -1.818167072174718402e-01 -1.002295992780916356e-01 -2.083763544481126995e-01 -1.677350603636849624e-01 -1.467737500132449691e-01 -2.291264611723133893e-01 -2.909815078192682369e-01 3.159956913994822481e-01 -1.277043881338965348e-01 -1.444681231248182984e-01 -2.532780322340847379e-01 3.114123921999769132e-02 -2.655962140909349234e-01 -9.447169110219437449e-02 -2.887429289428047330e-01 -1.705300536226697361e-01 4.168238140290872473e-02 -1.146361361668160606e-02 -2.572029912326322942e-01 -2.187392160523260465e-01 -1.163233518215425893e-01 -2.897512209466778788e-01 8.906252413926067646e-02 2.992612468407555570e-01 1.395961505636086064e-01 -1.492498705982668317e-01 -1.568598899268882074e-01 -1.567722993988517610e-01 -1.376194706287905412e-01 2.841466930182556805e-01 1.304782342361449909e-01 1.928764771022210001e-01 -1.536319117808267881e-02 9.822098290480388294e-02 -2.891212834357013983e-02 -1.731197952958742625e-01 -1.479524656046719844e-01 -2.754317288842309530e-01 -1.526828091220516215e-01 -2.298395561421042732e-01 2.440289943257600846e-01 -2.928463666069379065e-02 4.645986310028987765e-01 2.326745718888669212e-01 1.331160540122717229e-01 -1.809234062144804422e-01 -5.889291331892751447e-02 1.857286960515377172e-01 8.094932595430151534e-02 -2.186207958036249510e-01 -5.396928094131323017e-02 -1.738935380816473419e-01 -1.284512003712779404e-01 -1.740195471082936762e-01 -2.511441467524269111e-01 -3.482284899665916145e-01 -2.837847031550101429e-01 -2.560606622014668377e-01 2.905371401576622992e-01 -3.060570917690333959e-01 -2.523666368988523590e-01 -1.686454530382759942e-01 -5.499876044499208555e-02 -1.838607784135488088e-01 -3.056282580828681983e-01 1.712306466817299089e-01 -1.932889891792075321e-01 1.612475361957250997e-01 -1.601428994991109245e-01 -2.829921771778086681e-01 -6.788363355813981093e-02 2.152432723861724406e-01 -1.194935034776717087e-01 -4.029025037418641070e-02 -8.081646260080871391e-02 -5.266807452454618649e-02 -1.820585526959234146e-01 -1.301293879570619427e-01 -1.500183799751122760e-01 -3.786913708844135695e-01 -1.622217098216192227e-02 3.281101695960214615e-02 1.273264893972280154e-01 2.530173297965671031e-01 2.465425763759221955e-01 1.683088818232907902e-01 1.176842099829157606e-01 -7.554013708857296172e-02 -2.254019301778114326e-01 -1.885546243205551975e-01 1.581635568313271845e-01 6.405050011425746093e-02
1.394196690035014521e-02 1.000000000000000000e+00 3.451731398363793724e-01 5.389382929801899147e-01 4.492536597041388857e-01 1.941710052693955413e-01 -2.076044344370328587e-01 3.532870755473221935e-01 2.396729409394195154e-01 -2.163345948182689715e-01 -1.097608645573909386e-01 -1.269721109638888012e-01 -1.393567659002270531e-01 2.118128572683653510e-01 1.372979387031976750e-01 3.948782276866658059e-01 -3.288731774824597831e-02 3.483422210561037402e-01 1.825298573518726875e-01 -7.729348239811455190e-02 9.374241972978822335e-02 1.305909807540960588e-01 2.845402449575443193e-01 -1.608555296194835171e-01 -2.338504775284269144e-01 -1.116390437199914626e-01 -4.280725921447880306e-02 -1.573246905624317224e-02 -1.377850933366815819e-03 1.264922328943292040e-01 1.126170464028416057e-01 1.444326938526180326e-01 2.377531945114093881e-01 1.445571207801044644e-01 1.768161251936547773e-01 -1.312812103818378484e-01 -7.065697469406569120e-02 -9.468089254760717055e-02 -1.055558262564848110e-01 -2.997662929644157592e-01 -2.161738027900655945e-01 -1.719542284803483589e-01 -3.095211525121897844e-02 -2.005259209570022794e-01 -1.809426643355493414e-01 1.397827973765903946e-02 5.310918947501148263e-02 -1.259640205564378605e-02 -1.489465223390863957e-01 -1.742134879266273861e-01 3.391732248725006782e-01 5.793885640171444473e-01 3.530207189546814561e-01 6.146612008153913287e-01 3.308951528788054985e-01 1.377587663493724524e-01 4.692499196186352139e-01 2.366867466391054386e-01 -2.276123046157741692e-01 -1.522662614291523109e-01 -2.159708682493059750e-01 -1.769624243873024194e-01 6.154264031524128015e-02 1.037668124898318139e-01 1.542277277279401060e-01 1.393832890809304226e-01 -8.624598267174241051e-02 8.083286255702606948e-02 1.599474722876484123e-01 2.873745606025863153e-01 -5.664450253866691598e-02 -1.303635046648070686e-02 2.688973140669635997e-01 -3.448238898278386810e-01 -2.042926633956863580e-01 -2.203106722727667388e-01 -3.601875050962553837e-02 6.399196446649736691e-02 7.075658672066546806e-02 2.239231317272907806e-01 2.943326854565267783e-02 -9.145350455381215382e-02 -1.030290628160677874e-01 1.092199994284615144e-01 -1.029701930662914738e-01 1.278543587106965029e-01 -4.189943382994923415e-02 -4.826232850942221292e-02 -2.567412578467026182e-02 -2.469467627529814135e-01 1.981877089554044957e-01 -1.333754247653559100e-01 -2.282284935438024520e-01 -1.472766088107671234e-01 -1.381130809712933227e-01 -1.790172383640698250e-01 8.951663916477470284e-02 9.907102478575516291e-02 4.680631295102058442e-02 -1.745079154213998729e-01
3.463310022501405738e-01 3.451731398363793724e-01 1.000000000000000000e+00 -4.166567732984705411e-03 1.681683389491850922e-01 6.521264245644210478e-01 -6.498271331252766791e-02 4.865367292299426216e-01 5.579399477352295911e-01 -3.936180518735878792e-02 3.658020492073903174e-02 -2.503802538841792130e-02 -1.092784742446511609e-01 9.389513276793870489e-02 -3.703563859275930958e-02 -6.223708751789450849e-02 5.115697279246146645e-02 3.048640233731297888e-01 1.227232540799046007e-01 -8.918692202195639684e-02 1.347476419652527402e-01 -1.455977189714522946e-01 -5.654449474059436431e-02 -9.275891743716023485e-02 -1.362180139516052102e-01 7.007239619123320495e-02 -1.746338590056148443e-01 -1.163338194033054773e-01 9.966380243301341257e-02 -1.716927358314910002e-01 -1.465719292681285646e-01 -1.220851340455244988e-01 -1.990142269173991452e-01 4.863320669794770484e-02 -6.357594402634607345e-02 1.815045776020730028e-01 1.535193263319903356e-02 -1.847270036454760345e-01 -2.702777553027518320e-01 -2.260981874759243615e-01 -1.637456577244717770e-01 1.843668454711540686e-02 -2.650868080837002205e-01 -2.439640063527455105e-01 -1.970209615886077958e-01 -3.402624719901082839e-01 -3.301063774588634536e-01 -1.900604850582276184e-01 2.190523377810530969e-01 -6.552842901799209308e-02 1.906372287305060087e-01 6.043082636892055381e-01 -6.715232797419308508e-02 9.266550269271565943e-02 6.818082415763858650e-01 6.934785098849947094e-01 4.923918649613339693e-01 5.285272236006699487e-01 -1.088052353709551417e-01 -4.125704069812504565e-02 -9.078358484130420736e-02 -8.073850069795023010e-02 1.656343436903433275e-02 5.746187641899996867e-02 5.577592635625446688e-02 1.869585988282735159e-02 -8.921189133514362268e-02 6.805840462778398048e-02 1.241329026784932926e-01 2.829653810853542395e-01 2.092149042933389158e-01 -1.298591088721113250e-02 9.681749828881230924e-02 -1.788773960538443397e-01 -3.704637132834422142e-02 5.801915078664763442e-02 9.906991037458288962e-02 -1.849152540512204179e-01 -1.191546878725130570e-01 -1.786920349379986783e-01 1.232644407936793196e-01 1.147274922917852769e-02 -1.091062167726624260e-01 3.813976483887367847e-03 -1.534664610021265474e-01 -1.085961934812979118e-01 6.992831372979919913e-02 -1.741575715296087290e-01 2.063085688316726174e-01 -1.467338234090750371e-01 -2.755600825967025047e-01 -2.062919980161083966e-01 -2.063891832661544079e-01 -1.822659553962433232e-01 -1.710679673988268201e-01 -2.364765057040544016e-01 -2.788303748643491398e-01 -1.899665843488695938e-01 3.649493971122311220e-01 -1.556488198012302530e-02
-3.760475447738852867e-02 5.389382929801899147e-01 -4.166567732984705411e-03 1.000000000000000000e+00 5.078787025848954251e-01 -7.104530225644879737e-02 -2.941958754462172801e-04 2.129881821832833866e-02 3.422817526409589056e-02 -2.512206454456906712e-01 -2.204779970823296242e-01 -1.596198315667655687e-01 -5.004678432197681021e-02 2.243513983353846164e-01 3.370701476012428199e-01 4.477069321326273554e-01 -9.001002619520065418e-02 1.438663759106662554e-01 8.412671950588462844e-02 -8.244280556787823844e-02 1.021601027466322587e-01 1.788423895423728038e-01 4.278978509055999524e-01 -1.303234117625552413e-01 -2.398299275208524983e-01 -1.385454888096812331e-01 2.286592362743219420e-01 2.125673666626810288e-01 6.045051155414402771e-02 3.571636737556145302e-01 1.859897983285304646e-01 3.554979827686363114e-01 3.956638001266665206e-01 1.297640717517651587e-01 2.983088565794386748e-01 -1.361113537444671451e-01 3.468731223968331279e-02 -3.851877372141534334e-02 5.083833489542224915e-02 -1.837102355555718658e-01 -1.278723422395025844e-01 -8.737200571291621476e-02 1.468761206384983919e-01 4.774350201109699328e-03 -8.598757497009893586e-03 3.940408756474799157e-01 3.701353488405410008e-01 3.402809921983214747e-01 -2.253618923226036741e-01 -8.569036153738883443e-02 1.575133632319078159e-01 1.885023171760450422e-01 6.231439325688802322e-01 8.317638586037398030e-01 3.698836459714372610e-02 -8.008425809294456021e-02 2.938546750751273029e-01 1.211820663660014355e-02 -2.338943265338510880e-01 -2.297621744424648005e-01 -2.238628964577273339e-01 -9.793527847939619002e-02 1.734062870456177796e-01 8.584899574028245772e-02 2.135110078375239417e-01 3.404205450985244852e-01 1.532062093274058068e-01 8.359667183216856756e-02 3.611933708642833113e-02 5.557428167346575854e-02 -1.683043716572946991e-01 5.737487256183090856e-02 3.274572014421092137e-01 -1.566265850559300232e-01 -2.248087050220073657e-01 -2.274157194916983094e-01 -1.556369994927786146e-03 3.754315861073383442e-01 8.640438502516382957e-02 4.978543580464334650e-01 -1.130924563036589531e-01 -1.010705278690847281e-01 -6.164749511276904070e-02 1.119478532011343730e-01 1.207966173523624814e-01 3.036659577457840875e-01 2.688305847021996153e-02 2.011924791649081501e-01 -2.745251134128286544e-02 -2.141324494166426395e-01 3.986282807492087521e-01 -5.917906166356518699e-02 -1.260810737627293156e-02 -4.237763911649230358e-02 -2.467654442004578105e-02 4.427596898947401549e-02 4.691737936459428604e-01 3.960396394237457596e-01 -1.122240164991428896e-01 -1.043113004886999928e-01
-2.629756843423923240e-01 4.492536597041388857e-01 1.681683389491850922e-01 5.078787025848954251e-01 1.000000000000000000e+00 3.542129917322021093e-01 -3.002534879756356689e-01 4.919841648159575254e-01 5.494218972128744882e-01 -1.385286393416503004e-01 1.020116264348943369e-01 -9.267703206912216926e-03 8.017089501868832069e-02 4.296203841959158054e-01 4.159200300584848797e-01 -7.152080135454814969e-02 1.247005353515723974e-01 4.701513163544087104e-01 3.142578914989261896e-01 2.882492263914145439e-02 3.546596943586549644e-01 1.777931619695711229e-01 4.785593064312888556e-01 -1.422376725145126780e-02 -1.433951526512615426e-01 -7.655832619784200266e-02 2.114031971247347652e-01 1.177458787818721903e-01 2.659172794715655708e-01 2.653112200196788839e-01 -8.811476272799706466e-02 -1.153138798060248521e-01 -4.362145948328625955e-02 3.222778971410125148e-01 3.962880906348141830e-01 1.817014343085510131e-01 1.453265605110770631e-01 -2.717238646826434234e-01 -1.378907940655990372e-01 -3.513803308633106082e-01 -1.059250360872935892e-01 -2.193207114120942769e-01 1.013234301304502885e-02 4.654454065013031994e-02 4.024058087925449362e-02 2.796267969983277646e-01 2.176799124290414167e-01 2.389765392389888721e-01 4.653719457191847486e-02 1.488213047056766332e-02 -2.433830079576469463e-01 7.300197982060577240e-02 7.087647589929549352e-02 6.924636568734109376e-01 4.363265816317197232e-01 1.780219527920963440e-01 4.211076111724884052e-01 4.969420673914082265e-01 -7.224357944445677915e-02 9.259819781841113762e-02 -4.752260560325100025e-02 4.895428726124874397e-02 3.424207807015444693e-01 3.326185635057532508e-01 3.964396024981601818e-01 3.953181861927023144e-01 8.957093236814886450e-03 3.377666602068845614e-01 2.445182176202253532e-01 3.542933630968261305e-01 4.202463285926736486e-02 1.371781592850778719e-01 4.473593166669493359e-01 -1.900974633596967667e-01 5.854423212382850114e-03 -1.853940905627430580e-01 2.151712637786257765e-01 2.608809349014983847e-01 1.134146046230576771e-02 -1.815523346410218312e-03 -2.909080915023473657e-02 2.690856790135189372e-02 -2.576922937021405846e-02 2.229270515610592418e-01 7.548599747152753836e-02 3.077156426311185577e-01 2.069438743773934497e-01 2.100925304581310882e-01 1.916774938997024558e-01 -2.073630024069197941e-01 -5.333108808634365317e-02 -1.240884182844420314e-01 -1.190863779869040934e-01 -2.117896558429520348e-01 -1.862843912322008910e-01 -7.494161672237553869e-04 3.607186786903441300e-01 3.361857732339577631e-01 1.707402417023297647e-01 -7.122937219498469419e-02
9.904757410935405293e-02 1.941710052693955413e-01 6.521264245644210478e-01 -7.104530225644879737e-02 3.542129917322021093e-01 1.000000000000000000e+00 -8.394054568899928653e-03 6.586353998494571815e-01 7.474364332471619132e-01 4.518075710586184901e-02 2.270846688009761916e-01 3.182335666813012037e-03 5.921658484802034411e-02 2.753619158361498842e-01 1.937776206701777304e-01 -2.850338325545610507e-01 1.496286059590516138e-01 3.479582106243173656e-01 1.978835022609107819e-01 -7.424694567551766433e-02 2.882637631290919100e-01 -1.233102330271680369e-01 7.259917129706411343e-02 -1.123960333890783175e-01 9.224427289765724236e-02 -4.384635718666902299e-02 -1.219798238680063068e-01 1.674416536857627549e-02 1.742914181920253436e-01 -3.114156875038222652e-02 -3.007044817669134451e-01 -2.429406516001882121e-01 -3.100997643981256990e-01 2.021519750165304621e-02 1.748595086440409008e-02 1.670505573420267564e-01 -4.623169979746898778e-02 -1.783574072552011613e-01 -1.893124989451457074e-01 -2.227853366036175453e-01 -2.886399545441948877e-01 -2.435615962908910248e-01 -3.082030017093770335e-01 -2.402326868834474827e-01 -2.220966388667344471e-01 -2.188942702807625540e-01 -2.435386559437687781e-01 -1.839066874745490798e-01 4.360928773107364820e-01 -1.294169765474526002e-01 -1.969007271063326070e-01 3.155496952461459559e-01 -2.161611494553646040e-01 1.126676241233945802e-01 8.148924059644288009e-01 8.055156404052774555e-01 5.158877022621426445e-01 7.024459964743225981e-01 1.566539165620064178e-01 1.745487196695084675e-01 2.770103041737601371e-02 2.987448299061698856e-02 1.884130175962857590e-01 2.536741183478913308e-01 2.228753972007546935e-01 2.198650789171027187e-01 -1.120786953634756444e-01 1.898929199857584127e-01 7.848717946893278563e-02 2.635218160554433919e-01 2.112622436529754677e-01 -3.330863025569742730e-02 1.724277692496275494e-01 -5.524999994499049660e-02 3.234525199893566183e-02 1.077779869076911715e-02 1.470723465939958174e-01 -2.113278865646807392e-02 -1.963477647859127040e-01 -2.901830177188326476e-01 -5.207185805486408935e-03 -1.328720029896768851e-01 -2.340104158039124915e-01 -4.599010786062370307e-03 -1.629311360096446504e-01 -6.191550300279299868e-02 3.242019551335029171e-02 -5.352578843149286697e-02 1.134143965326567111e-01 -2.815269885767750502e-01 -3.942779120396994741e-01 1.918832173489828583e-02 -2.061082764525701966e-02 -4.091082499836772857e-01 -2.491843063675755199e-01 -2.851698480136634628e-01 -1.821817989512081459e-01 -1.446633325316577512e-01 4.697226443833668053e-01 -1.251544011115619526e-01
3.996358611426440999e-01 -2.076044344370328587e-01 -6.498271331252766791e-02 -2.941958754462172801e-04 -3.002534879756356689e-01 -8.394054568899928653e-03 1.000000000000000000e+00 -1.283955766219055383e-01 -2.059943260226677897e-01 -1.374290343490202904e-01 -3.440204260546221859e-01 -3.863457288220766839e-01 -2.535632729464368795e-01 -3.980141199468157365e-01 -3.130577432915580549e-01 3.096713787837018228e-01 -3.671352879838445937e-01 -3.717739048407110447e-01 -3.401854211191225330e-01 -3.337205605229319472e-02 -2.922082047793019832e-01 -1.288363111049634080e-01 -2.441226404540606243e-01 -3.388153741448187706e-01 1.343272456226839717e-01 -3.032991488500743071e-01 -1.633962872306872829e-02 -2.033390954604117340e-01 -2.691014337493443653e-01 -2.290217917639437439e-01 1.295587891666155900e-01 3.453231374833684031e-01 2.060947331673858851e-01 -2.917602451396587027e-01 -1.474632417379280469e-01 -1.408038759289184372e-01 -2.829148021886435105e-01 5.695112678079408131e-01 5.242645081826707854e-01 6.505014697836352111e-01 1.630614038317178272e-01 -3.766454600206588232e-02 1.280554209872079297e-01 -1.642008486736069028e-01 -2.648118317000795058e-02 4.627446230102809366e-02 1.278380653685702029e-01 1.530313144680549124e-02 1.496714623585264636e-01 7.271988537227247126e-03 1.101887168856097721e-01 2.327874963863723386e-03 2.575567330154277523e-01 -1.859490566191793204e-01 -1.217028953503948158e-01 2.709399317545591393e-02 1.072440186072518981e-01 -1.538154254088342499e-01 -6.766940104691896579e-03 -2.303372003910688359e-01 -2.279719651766876076e-01 -2.645579647390034483e-01 -3.640167131947197876e-01 -4.445356472215154509e-01 -3.749065586554934382e-01 -2.902873921086076003e-01 4.245855062478723352e-01 -3.832043534515391370e-01 -3.542222766929946642e-01 -2.754801280622044546e-01 -2.147528605194155837e-01 -2.212975214827086201e-01 -3.464407185892143803e-01 5.881602196617230494e-01 -2.603917057645303013e-01 -8.882033952637889695e-02 -3.308625473995875921e-01 -1.773462768259534972e-01 3.377697438926967333e-02 2.358007108430093812e-01 -1.727121297181823667e-01 -4.737443558643711361e-02 -1.536416866214526666e-01 -1.659556338047030177e-01 -4.922477135043658303e-02 -7.225882455816461103e-02 -2.751187482733815637e-01 -2.442126729989673450e-01 -6.368048507564062766e-02 2.279437891016411755e-01 2.397678783406561598e-01 5.298115244209239405e-01 6.172710414648319155e-01 1.412631408928610721e-01 2.424951726145013198e-01 -4.810090543293332049e-02 9.582248985169156130e-03 -8.300839098753174869e-03 7.488550535849655687e-02 9.753920359933511419e-02
-9.978460690092415264e-02 3.532870755473221935e-01 4.865367292299426216e-01 2.129881821832833866e-02 4.919841648159575254e-01 6.586353998494571815e-01 -1.283955766219055383e-01 1.000000000000000000e+00 7.850704244177936220e-01 -9.818167726344392832e-02 1.947560148454885176e-01 -2.878038495484219403e-02 -8.477298648278165649e-02 3.862311705226347813e-01 1.599299312849487287e-01 -2.426196188237791374e-01 2.650634269288312805e-01 6.653956424865413721e-01 4.794200431216005809e-01 -4.163693258972087780e-02 4.350280677542774366e-01 1.608978978212833588e-01 2.765453121675705006e-01 3.935805730650761801e-03 2.700648502034188789e-04 1.381741935859838628e-02 -8.797722769699417578e-02 -1.061341881129550524e-01 2.549207519355697338e-01 -6.072376411414089764e-02 -2.921775806369996675e-01 -3.412407536851807532e-01 -3.942393140574178556e-01 2.967343378033621693e-01 2.416271383344786305e-01 2.361140706952200574e-01 1.125934084890701514e-01 -1.249642384095742409e-01 -6.170089812861602463e-02 -1.514197033417158667e-01 -7.741615489255601612e-02 -2.011406730002220089e-01 -1.554609393660676131e-01 -1.698620985633908509e-01 -1.278920428130736475e-01 -1.775073380312981453e-01 -1.487634121382240548e-01 -1.479466290054916866e-01 3.078388700695597335e-01 1.525481490599363797e-02 -3.544298102581633914e-01 3.156859293813837897e-01 -2.462294854357645890e-01 2.715907028497566711e-01 6.971319667648453455e-01 4.633979780211119892e-01 6.847475051266166401e-01 8.280874106717773797e-01 -4.772439401239628176e-02 1.205588440199360789e-01 -7.516411065020747739e-02 -8.676799411503521853e-02 1.947556346248383585e-01 3.027010828135320297e-01 3.096752452748315343e-01 1.943109478486196307e-01 -7.643280842012491541e-04 3.859242509901481544e-01 4.206160553802408275e-01 6.521704268353015754e-01 1.567404701322578642e-01 1.963687138534277454e-01 4.192712565863510044e-01 -1.374753568427688755e-01 1.332425192682001880e-01 1.929148919082971161e-02 1.889879576553411822e-01 -5.881188981272771760e-02 -1.138817590334220975e-01 -3.714985978204953798e-01 2.288035496124392054e-01 8.308243799632761273e-02 -1.168333609374240245e-01 2.018329874727474160e-01 -1.135992492757991329e-01 1.068260092881348627e-01 2.145628630848209206e-01 -1.441892594411244358e-02 2.845381342781888589e-01 -1.689289569204682762e-01 -4.680737818552007101e-01 -2.553843270342872826e-02 -6.976422160895030811e-02 -2.472801456965562361e-01 -1.787907430018062793e-01 -1.886230944345955451e-01 -9.775265994287975213e-02 -3.058446818072425855e-02 3.846737947280234327e-01 8.836517841075209809e-03
-1.818167072174718402e-01 2.396729409394195154e-01 5.579399477352295911e-01 3.422817526409589056e-02 5.494218972128744882e-01 7.474364332471619132e-01 -2.059943260226677897e-01 7.850704244177936220e-01 1.000000000000000000e+00 1.550231795036561069e-02 2.662202132481279460e-01 6.519716522113734591e-02 1.065860539707479959e-01 4.114251657825259700e-01 2.835301292970385245e-01 -4.420551096995474216e-01 2.258687650166619487e-01 5.835634743398102620e-01 3.872026768851181133e-01 1.028079682254304586e-02 4.514108285524822683e-01 3.621063794519035345e-02 2.468626015181902000e-01 -1.128003057362507271e-02 -9.106542336225412204e-02 4.485403915798025221e-02 2.353854852345121235e-02 4.120427930284536328e-02 3.438736776889580460e-01 -6.445340184683663685e-05 -3.693207218908448608e-01 -4.460064711053208786e-01 -4.510415762072894630e-01 3.083831773597531245e-01 2.512492384401827095e-01 4.352454063971939457e-01 2.416817160346247662e-01 -2.573993592301963007e-01 -1.100479913029906859e-01 -2.035083165822922369e-01 -4.878789168867433967e-02 -1.259434360129335906e-01 -1.258942298480340560e-01 -2.057041912274538975e-02 -3.398836072978016903e-02 -8.230991926180443452e-02 -8.088841733762183739e-02 -8.992638628038651313e-03 3.517516212887904503e-01 1.362135362310624709e-01 -4.150629387334722198e-01 2.192206330482041055e-01 -3.093980889815779456e-01 2.909748834035461584e-01 8.025726377430391079e-01 6.094685341501421272e-01 5.584225015215034116e-01 8.884920798638242800e-01 3.285534628031341192e-02 2.053928261823564083e-01 2.814920020172884119e-02 1.073943052862719461e-01 3.655694985535891117e-01 4.121346070315047849e-01 3.897444423538733993e-01 3.287349837502450689e-01 -3.813283575252561508e-02 3.943589545044021705e-01 3.449459115215071092e-01 5.315407329928857338e-01 2.514144359659765682e-01 1.955960672657414967e-01 3.962297882172731156e-01 -9.398602305583653171e-02 1.219888771800840266e-01 -5.280988195617809626e-03 2.994823562463863609e-01 6.405409640465528631e-02 -1.936252911240001484e-01 -4.406907786128642646e-01 1.048481817048787373e-01 1.165014513293276682e-01 -7.350458050404945487e-02 1.846267034077254399e-01 -5.319158870716751003e-02 1.473568327175750203e-01 3.297986923000548187e-01 1.221999905387581020e-01 3.686825657027321124e-01 -1.815424299403511632e-01 -4.959747470339668785e-01 -1.657615119748913346e-01 -1.124584586986870222e-01 -2.731041114598301012e-01 -1.892261697358678663e-01 -1.166082211775337496e-01 -1.386412083194903978e-02 3.835953097862380284e-02 4.490120290348222354e-01 1.008557840506566355e-01
-1.002295992780916356e-01 -2.163345948182689715e-01 -3.936180518735878792e-02 -2.512206454456906712e-01 -1.385286393416503004e-01 4.518075710586184901e-02 -1.374290343490202904e-01 -9.818167726344392832e-02 1.550231795036561069e-02 1.000000000000000000e+00 5.635340935736965484e-01 6.675053969780400109e-01 3.723920079398302940e-01 6.367043630116514530e-02 1.003580173637750317e-01 -3.241641859759246125e-01 1.999678633698935282e-01 -4.766581674415442532e-02 3.893083198102972268e-03 4.832739240509709155e-02 6.828874324321276834e-02 -1.937297779318485624e-01 -1.910871952924264594e-01 3.067381147631345617e-01 4.022701119816229354e-01 3.667268766011735348e-01 -3.379401982999130638e-01 1.603427986261795040e-03 1.119711722387042030e-01 -9.792071478029967802e-02 -8.753782681906792373e-02 -1.686413734207592441e-01 -2.881311039407137842e-01 -1.129181769709517308e-01 -3.251531091015401054e-01 -7.366823569644455338e-02 8.258686770927790854e-02 9.616106307969074507e-02 2.780142884917336226e-03 1.138850071855216917e-01 -9.189460022329458411e-02 2.341173860778743010e-01 -9.066306990003114574e-02 6.446514919888306216e-02 -2.778615144863777475e-01 -2.954559554501515750e-01 -3.421586927267116773e-01 -3.225577675643995779e-01 -1.051609953710039335e-03 9.856422039347835506e-02 -1.519030351353538588e-01 -1.365266501709127833e-01 -2.553710970656599133e-01 -1.887098890592888711e-01 -3.687093362307431593e-02 4.763188613579406178e-02 -2.280083008724646254e-01 -1.342863115727187945e-02 7.225078196579709511e-01 6.857437974520935731e-01 6.778342056752256761e-01 4.048398038944449606e-01 2.805975600922119284e-01 1.875546614985174887e-01 1.150539055627099044e-01 7.322253206686193949e-02 -2.900736557929499693e-01 1.350684929456665018e-01 2.244427032186598753e-02 -1.735306376713804249e-02 2.364659062378071941e-01 1.615921139308898469e-01 -1.935646446570961077e-01 7.526913284972401585e-02 5.078305144380089731e-01 4.322346147632055713e-01 2.920027376934481445e-01 1.850222278944702731e-02 -3.622948328229017717e-02 -1.962407927680131503e-01 -9.982855691026397416e-02 -6.206128762161744472e-02 -6.936136886318182426e-02 -1.490011494572140716e-01 -3.245484787092477452e-01 -2.879427393584942929e-01 9.897210258867591981e-02 -2.562180460048263386e-02 -6.281113983348174216e-03 -1.040035020264594608e-02 -2.084600948042356350e-01 1.296959533467674508e-01 7.236095272441150916e-02 1.521749055980631538e-01 2.143521093522832432e-01 -1.731147667570831494e-02 -2.107758552769073146e-01 -2.834586477469215882e-01 2.794674485457314395e-02 1.278743169169290206e-01
-2.083763544481126995e-01 -1.097608645573909386e-01 3.658020492073903174e-02 -2.204779970823296242e-01 1.020116264348943369e-01 2.270846688009761916e-01 -3.440204260546221859e-01 1.947560148454885176e-01 2.662202132481279460e-01 5.635340935736965484e-01 1.000000000000000000e+00 6.843620775785447252e-01 4.994086723260499072e-01 4.460277195842837772e-01 4.582179965842501645e-01 -4.142651870178495899e-01 4.176284711715446685e-01 2.085245036222845849e-01 2.831100729864532428e-01 1.661414726037798995e-01 3.411900242568569053e-01 -4.397674712420039655e-02 1.205152494776691868e-01 4.558480086891960048e-01 3.096945452287063749e-01 4.074358303260180447e-01 -1.358106517001309022e-01 1.286768291623946736e-01 3.348718106313186560e-01 1.955701562968636120e-01 -3.123424401431061370e-01 -2.792102605665561788e-01 -4.367373541282040250e-01 1.800329752714832643e-02 -1.024989582911256386e-01 3.373614332043891467e-02 1.456087385820490909e-01 -1.265998107815622109e-01 -1.433485251077362965e-01 -1.433800024498705916e-01 -1.614005993035919628e-01 -5.836130487501231534e-02 -1.806807877893349956e-01 7.418328927365940018e-02 -2.418981407243107340e-01 -1.311818603864010335e-01 -2.169321728623256618e-01 -1.574302514347083737e-01 1.169188081372545540e-01 6.883018496781764806e-02 -3.172344264226856780e-01 -1.707247854406609144e-01 -3.417556477220420885e-01 -6.744976065230001705e-02 1.629217318023818417e-01 1.372834557581279480e-01 -5.827805255883827806e-02 2.410210241543641330e-01 5.472176297607134199e-01 7.656352209691583699e-01 6.371598840806048658e-01 5.061314890471089178e-01 4.726982123436733740e-01 4.043831211786778623e-01 4.114312428002397937e-01 3.835558724914943651e-01 -2.956489172541740817e-01 3.749937507022687577e-01 1.292873588985945787e-01 1.351384327294176402e-01 3.044079568103659761e-01 1.757880479310026389e-01 9.168128132897009064e-02 -7.094906822227134424e-02 5.916689201395347597e-01 3.467719232843688992e-01 4.579647233721246824e-01 2.540858508681039796e-01 -1.348319797435988399e-01 -2.622579018310401966e-01 3.231012924484286813e-02 -1.134161918868030194e-01 -1.525365999113278970e-01 -7.304593881488104234e-02 -1.293519421872768582e-01 -1.618778253752719831e-01 2.052533326506492950e-01 1.388040127475866636e-01 7.132790073922202524e-03 -6.637684265910449855e-02 -3.577089486439720689e-01 4.329907369663324457e-02 -1.021029110253907218e-01 -1.179640761452318276e-01 -9.717837610364872536e-02 -5.701355314867768281e-02 -3.591564847216301148e-02 -8.647059381972015124e-02 1.400528308045336234e-01 6.510022830540163064e-02
-1.677350603636849624e-01 -1.269721109638888012e-01 -2.503802538841792130e-02 -1.596198315667655687e-01 -9.267703206912216926e-03 3.182335666813012037e-03 -3.863457288220766839e-01 -2.878038495484219403e-02 6.519716522113734591e-02 6.675053969780400109e-01 6.843620775785447252e-01 1.000000000000000000e+00 5.969062068398395260e-01 3.652980905111873344e-01 3.516177889775511378e-01 -3.684373615819325209e-01 4.638250439892641630e-01 2.041910338815793313e-01 2.546937595712611135e-01 2.071845590895632083e-01 3.231450563866010151e-01 6.139788131225970558e-02 5.903397198343741936e-02 6.354570992338749447e-01 2.050400460891344256e-01 6.764201951864273754e-01 -1.814964838469841080e-01 1.873646901429657508e-01 4.143256237918175322e-01 1.010650735410509038e-01 -2.879136474803667967e-01 -3.242911155903552278e-01 -3.827603225712626900e-01 1.271326400039503590e-01 -1.054209942878747003e-01 -4.552488930397590935e-03 2.841137308744709489e-01 -1.376531043971093160e-01 -1.303442267090337003e-01 -1.350665739175752056e-01 8.693450499012233363e-04 3.003935659765011312e-01 7.275084917896564030e-02 1.706405647254517488e-01 -1.208836007157137599e-01 -1.682184845280411400e-01 -1.824127372211816478e-01 -2.259860856237300430e-01 -8.521551964828433245e-02 1.381676937842168384e-01 -2.426661731178454129e-01 -2.166817472064107297e-01 -3.073791411097874793e-01 -7.598639918789459879e-02 -5.898375786601030984e-02 -2.649753582058362797e-02 -2.249303224089159725e-01 3.636836513251309744e-02 5.080404795524439132e-01 7.339853805725053970e-01 7.544773008084315613e-01 5.836780715011556930e-01 5.308147256168126438e-01 3.624755107742486104e-01 4.602805892380907871e-01 3.191509895978786870e-01 -3.665759362783113096e-01 4.139818261619571116e-01 2.546073575054472182e-01 1.367701657620153111e-01 4.402545229328541088e-01 3.927946187022290370e-01 7.220571445416283651e-02 -1.528955255656563039e-01 6.242733333027916665e-01 5.841886374804191595e-01 5.969437021384339515e-01 2.168365240799429161e-01 -1.800222711858483760e-01 -2.716045593067099584e-01 1.318203854177342760e-01 2.727967306171013087e-02 7.333970535845317495e-02 7.825721667971280437e-02 -1.034065286479493445e-01 -1.007036812074858373e-01 3.098898289480869761e-01 1.606269866219739162e-01 9.457183032139711287e-02 -2.749105846756816005e-02 -3.011509490222557539e-01 -1.480918619840177475e-01 -1.328090376124999028e-01 9.333217390030110194e-02 1.961681221640944883e-01 8.972378707929537511e-03 -4.949966825911183976e-02 -1.107899436356376138e-01 -5.488528078051868597e-02 1.045619467114485140e-01
-1.467737500132449691e-01 -1.393567659002270531e-01 -1.092784742446511609e-01 -5.004678432197681021e-02 8.017089501868832069e-02 5.921658484802034411e-02 -2.535632729464368795e-01 -8.477298648278165649e-02 1.065860539707479959e-01 3.723920079398302940e-01 4.994086723260499072e-01 5.969062068398395260e-01 1.000000000000000000e+00 4.348340240974505333e-01 4.532972426958509771e-01 -4.079460639637496056e-01 4.470322344434410344e-01 1.217359190817930287e-01 1.544279176905095086e-01 2.492182730412060843e-01 3.292288383883436587e-01 1.898950851773051063e-01 1.790151827078892977e-01 3.842408679092326196e-01 -3.737082520400734215e-02 4.608082742443957991e-01 5.923823380926592636e-02 4.653529843306354330e-01 4.747886980839897686e-01 2.357695472460104302e-01 -4.018522846985468355e-01 -3.095073971971323834e-01 -3.120458373833027710e-01 1.415307958740797956e-01 1.365908094411693863e-01 3.994012753003495231e-02 3.666927596322637206e-01 -1.630726591565430927e-01 -1.570275192828652841e-02 -1.061864858165678244e-01 -1.702771394196532159e-02 1.868518719374491488e-01 2.251724189645281093e-01 3.718980417240962955e-01 5.612067729424612128e-02 1.262608079995558574e-01 1.704029691681651082e-01 6.209632972818030644e-03 -5.523073103755980892e-04 2.432391482447072983e-01 -2.694991140425570531e-01 -2.679131624433828129e-01 -2.555463829078726823e-01 5.785434283099043923e-02 1.178283175990989251e-02 -3.047765668392117284e-03 -1.838706972625192559e-01 5.260323522614982622e-02 3.319513952109031107e-01 4.809548467743292033e-01 5.461461564376417499e-01 8.593774838023126028e-01 7.199395617483681509e-01 3.820794624625132863e-01 4.771354817095540546e-01 4.726158451743989186e-01 -2.206629143655146341e-01 4.093888774244942574e-01 9.186311671690498837e-02 1.512882419231961241e-02 3.119730922296704012e-01 3.225811953176691560e-01 1.805750763622541166e-01 -4.081793217406620711e-02 3.059312178804445836e-01 2.890579221787598629e-01 5.331809903731625777e-01 4.107346991148178028e-01 -3.686976135696882761e-01 -2.118345698519404352e-01 -1.333552395244147482e-01 -4.348527193232398086e-02 2.809312810747006256e-02 1.671378766866315757e-01 4.052563996458087570e-02 1.382862369421365700e-01 3.850063345864055964e-01 3.464967794639395859e-01 7.298127103509000069e-02 -2.071218869029660681e-01 -2.317916099167705857e-01 -1.769661002429923358e-01 -1.120702947257661009e-02 -4.757282840351056974e-02 6.397719466656905107e-02 1.070983173323298149e-01 1.831537832089160656e-01 1.638378016270945203e-01 -5.156635466557976666e-02 1.617601649978805400e-01
-2.291264611723133893e-01 2.118128572683653510e-01 9.389513276793870489e-02 2.243513983353846164e-01 4.296203841959158054e-01 2.753619158361498842e-01 -3.980141199468157365e-01 3.862311705226347813e-01 4.114251657825259700e-01 6.367043630116514530e-02 4.460277195842837772e-01 3.652980905111873344e-01 4.348340240974505333e-01 1.000000000000000000e+00 7.378001150649938777e-01 -2.768006366698804732e-01 5.994771074448314030e-01 4.954979558146926366e-01 6.601296763314867810e-01 1.698449919194640334e-01 6.639608636605798253e-01 3.251196025991426319e-01 6.607643752269638515e-01 3.437954474981607111e-01 -3.219108767694738027e-02 3.597057423605253823e-01 2.588164747496879969e-01 4.675034443635664450e-01 5.318510037917306699e-01 5.269729637208258044e-01 -4.451153801618098482e-01 -3.016167219354307094e-01 -3.297309166118580492e-01 2.442782873947134392e-01 4.000051892040667467e-01 3.755749551795974084e-02 2.587859381039765427e-01 -3.267729418751242898e-01 -1.894815644249511488e-01 -4.162968744025082324e-01 -2.193092701512357190e-01 -3.925388126075919637e-02 7.714916463801524404e-02 1.572052151931127018e-01 4.616688238073211881e-02 2.408211641979047246e-01 2.170915951603514527e-01 2.323049495885299298e-01 8.682249149446198688e-02 4.999587686228186556e-02 -3.263449293822162089e-01 -8.172297462837098750e-03 -1.273069923839862672e-01 3.859331908982358561e-01 2.861265929809246877e-01 1.401026186835188647e-01 1.661522979951242096e-01 3.923412807424129234e-01 1.148213158723159627e-01 3.340220495613963614e-01 2.084002707284891287e-01 3.563777150342403721e-01 6.727097469795210172e-01 7.028678783561820298e-01 7.512196818693076539e-01 7.523350002343510701e-01 -2.022972149943689790e-01 6.328016161341567525e-01 3.261278661230765374e-01 3.104997688105773368e-01 3.150304051472916922e-01 3.515758742893656530e-01 6.500604483606883255e-01 -3.554388992529530222e-01 3.477227487912679660e-01 1.907300141866468679e-01 4.822736410617340375e-01 5.699883473190191507e-01 -3.314824273010836819e-01 -2.096076435519463321e-01 1.341592073713168687e-01 -1.738148349868449127e-01 -1.032134215561281848e-02 2.433635715166140856e-01 2.078176334954886517e-01 1.742460038590609162e-01 2.886458000383768652e-01 4.281488361439884649e-01 5.787656407792123037e-02 -4.286380455834873371e-01 -3.644312794484905749e-01 -2.076639235494615598e-01 -1.987274681909139140e-01 -2.664037388287156527e-01 -1.200072551890957046e-01 5.329453126987195033e-02 3.422132473977985145e-01 3.883468109470223362e-01 8.993491026349766104e-02 -1.230886632303016849e-02
-2.909815078192682369e-01 1.372979387031976750e-01 -3.703563859275930958e-02 3.370701476012428199e-01 4.159200300584848797e-01 1.937776206701777304e-01 -3.130577432915580549e-01 1.599299312849487287e-01 2.835301292970385245e-01 1.003580173637750317e-01 4.582179965842501645e-01 3.516177889775511378e-01 4.532972426958509771e-01 7.378001150649938777e-01 1.000000000000000000e+00 -1.831810294118567661e-01 2.736001152588073415e-01 2.985596668079952831e-01 3.375590267826288904e-01 1.728013249058219791e-01 6.469008007783814129e-01 1.396584266163186927e-01 6.195964020934831007e-01 2.513142437204691215e-01 -3.989741319706217176e-02 2.445688158422647807e-01 3.817486048896159279e-01 6.175562918238290955e-01 5.097473491544056712e-01 6.465431734722206780e-01 -3.414496244381137746e-01 -1.407980976630184844e-01 -1.619585843673636283e-01 1.199596082938980818e-01 3.314530254621247396e-01 -4.480133409254789638e-03 1.885756206084826248e-01 -3.009617557348778227e-01 -1.484918360043949170e-01 -3.804855469210562946e-01 -2.644707920447595395e-01 -1.183827530066719896e-01 5.051742625247632873e-02 1.693585090658122072e-01 1.093105670882531071e-02 4.149848206541214557e-01 3.035971469290761893e-01 3.531132596156013048e-01 -4.149670487626309391e-03 -3.449451908278225454e-02 -2.494675408061207689e-01 -1.071152134755083973e-01 4.234439584001665341e-02 4.210626705687304794e-01 1.988414241332085441e-01 1.431469942090036751e-01 5.775021430079353701e-02 2.327654485971215603e-01 2.054635251052032430e-01 3.454012939854302910e-01 2.791856651944590317e-01 3.573227991193475561e-01 6.207773774054052840e-01 5.488142801634001700e-01 7.361738339096566275e-01 8.960324860196769992e-01 -2.620170067224371624e-01 4.099975848937886247e-01 1.158041074967635781e-01 8.991404586176256208e-02 3.629007980988437354e-01 1.997084298562996907e-01 5.078653806897803769e-01 -2.911281649847985431e-01 2.427037836031331886e-01 9.250791242234845946e-02 4.895076965827449555e-01 7.371807851538517697e-01 -2.959493188806254227e-01 -1.787920913181381688e-02 -8.361648060030802548e-03 -2.477613495190953141e-01 -8.483104173940274328e-02 8.807793587716543360e-02 2.689265927898439879e-01 1.482377698287505596e-01 1.785029448883239112e-01 5.694119008713671715e-01 -6.387612747910563493e-02 -4.095857226553141772e-01 -1.521421185211856153e-01 -1.534510686131906887e-01 -1.518941448845444742e-01 -3.058400169624063691e-01 -1.722259180130282785e-01 5.372411891833585307e-02 4.833892058075266451e-01 4.248553644130457774e-01 -7.753264200032034502e-03 -1.474353479527580613e-01
