1.000000000000000000e+00 -3.088738591711365569e-02 3.404180567569836113e-01 -1.623154881182012899e-01 9.507109290379535393e-02 1.421106849696771035e-01 1.352258577295824271e-01 -1.164693323086056671e-02 2.201380154362482244e-01 1.463064835299433541e-01 1.184959850858416375e-01 -5.468508344987663833e-02 2.203216785384219945e-01 -1.386085022411715937e-03 -3.622933798168737757e-02 2.991326978626039912e-01 1.237554539489802707e-01 8.524503468442030940e-02 1.929908845892675251e-01 1.216743856683941000e-01 2.210403089554443534e-01 -1.423131512609421973e-02 5.337167224085481027e-02 -1.883972628180714814e-02 1.826191530785045980e-01 -1.561336909859226685e-01 1.272523895959285778e-01 -1.664067301916942743e-01 -1.411375708463850631e-01 -1.506713328201201296e-01 4.658784594270833357e-01 5.264778330101298476e-01 2.215787039820360793e-01 2.940860810509119544e-02 -1.649847872248777145e-02 -2.580949880070758026e-02 -4.893382504466772115e-02 4.675762366771188394e-01 4.195842760495678281e-01 3.726389304859874518e-01 2.186762932553509564e-01 2.486506270620263137e-01 2.585396350275473432e-01 1.316615889064686462e-01 -5.670553781458901460e-02 -1.191422901432346582e-01 -6.119412987130363329e-02 -1.688384222889974945e-03 2.779435630471344121e-01 -6.644655510165430046e-02 4.079476643987662854e-01 1.307235635701218257e-01 7.731819863869646148e-02 -6.304728400386239162e-02 2.077809879056226605e-01 3.005457154098611916e-01 2.206429372373025222e-01 1.106577456326992767e-02 3.084847728447275839e-01 1.520061576779706547e-01 -6.933148647855379154e-02 -8.142346129416506983e-02 -3.071683478225937236e-01 -2.964803960951128969e-01 -6.712330281401079901e-02 -1.121787632201247942e-01 2.390762777982817777e-01 -5.313028826574760222e-02 -6.524230042356937709e-02 -6.872242221057017764e-02 4.542300249707799387e-02 -1.363016927033147419e-01 -1.573960629779909137e-01 1.597750209803913968e-01 -2.787418510708641883e-01 1.273119472562922183e-01 2.195413627787216534e-02 -9.403895678316034901e-02 2.859583242925206048e-01 5.259459907164891757e-01 -1.675813421143342585e-01 -2.447010760703600407e-01 3.197481080933280428e-01 2.128062519308459022e-01 -3.277107534457807808e-02 -1.344488352508962925e-01 8.637259355638440134e-03 -1.129999325136638727e-02 5.756006207341506781e-02 -1.553818356221199348e-01 5.148858241563525340e-01 3.338732884021898828e-01 2.476791588930121468e-01 2.851163156284013955e-01 2.501415806459420521e-01 2.080579815220268691e-01 5.153003077874395571e-02 -2.874137301779884201e-03 3.036462940276916656e-01 -1.426956220775730533e-01
-3.088738591711365569e-02 1.000000000000000000e+00 3.733461936317117313e-01 7.478642184460589926e-01 7.034024606683898506e-01 4.557906873879489784e-01 5.191027879860716787e-01 7.373630526425634102e-01 4.536838045433378430e-01 3.810574305171290921e-02 4.731361597770181865e-02 -7.788618693171389662e-02 -6.056286144428840029e-02 6.231164466029344429e-02 -6.311729347553778069e-02 3.352841290204799929e-01 -2.017589235758082411e-01 3.362750665591092702e-01 -2.550977912762537186e-02 -5.337198913525936783e-02 -1.427990384543750824e-01 1.630449186721487365e-01 -6.843619654422133936e-02 -2.664654161673654653e-01 -1.278985074281453749e-01 -1.324589856456740156e-01 -6.350664463337851728e-02 -3.724087072958195965e-01 -1.596214870635910901e-02 -1.196109992539316214e-01 1.014228564209470607e-01 -3.440105516898549903e-02 2.665437486241750142e-01 1.502427207886079807e-01 2.643575024870927215e-01 3.830054522976636955e-01 -2.530722945011987801e-01 2.080655799039511089e-01 1.979655779905948321e-01 1.346924778109113152e-01 1.634723919195046546e-02 9.566148096706222903e-02 1.780349646142020126e-01 3.423730470932040970e-01 3.679097532014525274e-01 -2.776280477529930596e-02 1.146469811431813923e-01 -2.515425309216431579e-02 1.480425082954928973e-01 2.790299659379915087e-01 2.242137495414283088e-01 7.813848688975091328e-01 5.211018641985246669e-01 6.400366192545254851e-01 5.742569497954712610e-01 4.466239106569440676e-01 5.598692246094293390e-01 5.497905571506593869e-01 -4.971143075227674180e-02 -5.815282197360711891e-02 -1.967328854454533926e-01 3.903706893221544488e-02 -2.423949702235046744e-01 -1.663629562795510830e-01 -2.072670201126469991e-01 -1.525618861087403022e-01 5.109276915849732259e-02 -1.779349091223060009e-01 -1.005911355569311938e-01 2.358216670101552503e-01 -1.389268774107544901e-01 -1.284817131725659312e-01 -3.123949521627187864e-01 4.329707023892327006e-02 -3.178004457497221602e-01 -1.176389089947276062e-01 -2.175009963501335908e-01 -1.749320505068764353e-01 2.921501460516121584e-01 5.900397277629123444e-02 -2.657197168737980841e-01 -1.911650916766928221e-01 -6.121913332325259333e-02 -2.481756678971753782e-01 -3.771546393093966887e-01 -3.679321332183470572e-01 -3.216631245646288662e-01 -3.563624263310826712e-01 4.278091040572072623e-02 -2.370426665437831981e-01 6.343878799196067675e-02 5.972243483068495487e-04 1.263506613582265903e-01 1.490788108862197425e-01 2.065113819208131210e-02 1.495917308108990484e-01 -2.373025965072655119e-01 -3.686013413022010687e-01 2.030248694666599574e-01 3.120690895995358316e-01
3.404180567569836113e-01 3.733461936317117313e-01 1.000000000000000000e+00 5.005889422735669558e-02 2.515260794523329069e-01 6.026465529240991881e-01 2.329635917678607726e-01 3.738450117262288042e-01 4.841675865854476735e-01 1.007425156912808949e-02 3.539539042238316890e-02 1.311014738840998450e-01 -2.548210816517166091e-02 1.840059769721698046e-01 -3.783049183610848187e-02 3.873378102957967389e-02 -2.264462778352330577e-02 2.322974371545910577e-01 3.046745212820275300e-02 1.121529340596635338e-01 1.210017727256192943e-01 -2.468914851872458793e-01 -5.918883463567953772e-03 -1.406087511577194249e-01 -3.714013878574582567e-02 1.391893259424620277e-01 3.821113775236139459e-02 -4.925112480736487108e-01 5.160697353992622222e-03 -3.561857177200595387e-02 -1.125086355821551393e-01 -6.879157011223249740e-02 1.680953914219762979e-01 2.984447191568994490e-02 9.033004905454974920e-02 4.324801883630193244e-01 -2.596894317704768196e-01 2.712173357065437163e-01 6.288350259651261098e-02 8.960209195933308002e-02 2.729407751771193227e-02 5.297230870616872339e-02 5.045837240293143261e-02 1.267338084032425816e-01 3.103917185958919300e-01 4.425570299500528049e-02 -4.974933056555475713e-02 2.897117954124229025e-02 3.920150821157755705e-01 7.901566752107631875e-02 2.572506891524500849e-01 4.621329708397881597e-01 1.432665679066403019e-01 -6.560434980727264560e-03 5.505820247007672252e-01 6.048058323644744938e-01 9.289691607716192567e-02 3.663680106703152695e-01 -1.638144503926683149e-01 -8.698398655266342816e-02 -5.312767476320806592e-02 4.722293798731356899e-03 -3.020130137696147576e-01 -3.078040474508279001e-01 -2.832169642801689591e-01 -1.209704475279303887e-01 -3.686289210971308017e-02 -3.573902380859448336e-01 -3.464519497323541031e-01 5.852085715134905386e-02 5.010205461102940072e-02 -5.068090681719155111e-01 -2.891678979998794641e-01 -1.220178830531716829e-01 -2.884502407690274217e-01 8.238477283994037614e-02 -3.011602002123404120e-01 -2.039374777982559117e-01 7.485609745911386836e-02 3.804687711983888859e-02 -2.650634279196325549e-01 -3.226407277402646434e-01 -9.152106601223505833e-02 -3.343626277319755591e-01 -2.432824178807412308e-01 -5.011307061259929752e-01 -2.641977018086164031e-01 -4.175575698949584025e-01 1.015978356607572936e-01 -1.994903316127960013e-01 -8.221991389896658731e-02 5.900515774057358415e-02 -1.612819875234046060e-02 5.922033225839227338e-02 -1.983954383766562204e-02 2.753191997413978118e-02 -1.711744204124269197e-01 -3.266334207861719130e-01 3.130160560607525011e-01 3.410052404598564596e-02
-1.623154881182012899e-01 7.478642184460589926e-01 5.005889422735669558e-02 1.000000000000000000e+00 6.298170889730538846e-01 1.391238037994523558e-01 5.541386113173897288e-01 6.439772972899835413e-01 2.318843041458901744e-01 1.155523757871589480e-01 7.198132803230616883e-02 -7.561150090788068545e-02 -1.683455089432679408e-01 -4.781709645847349865e-02 -1.028138730815701396e-01 3.894796184091642854e-01 -2.247062941063866504e-01 2.440136311296991489e-01 -1.234408465240206254e-01 -8.612641048523457521e-02 -1.766817035617374299e-01 1.331256359813791368e-01 -1.333621184105263369e-01 -1.774123689851472840e-01 -1.000892280232000726e-02 -1.256720463791378140e-01 -1.303843645154792730e-01 -3.526612884671890824e-01 -3.383700845534306362e-02 -1.682986498395634134e-01 1.456138809096394482e-01 9.191509634740401002e-02 3.028913928260390520e-01 1.588952539938377762e-01 2.151486882476679463e-01 1.981132824533337611e-01 -2.766362175059862705e-01 2.444065785616448550e-01 1.897585255436293472e-01 1.437234902852424778e-01 4.904668019272942492e-02 6.159776305786082012e-02 1.640947265508016506e-01 3.292883674234474700e-01 3.277088357888150449e-01 -2.049370832360901049e-02 3.460897609993972973e-02 -9.022826877422171488e-02 -9.162554571350291222e-02 2.561783480525772205e-01 3.215508068795985275e-01 6.623272410260817589e-01 6.319411094659901362e-01 8.571759438295318834e-01 3.134340797511429577e-01 1.850294753601224862e-01 5.380438287483104709e-01 4.315473369557268346e-01 6.537701531213975514e-02 -2.433131422865937935e-02 -1.435123334674035245e-01 -6.624608904347598082e-02 -2.537701622678241176e-01 -1.800369061772552071e-01 -2.112279830040891537e-01 -1.726438985296525896e-01 1.408509303272756086e-01 -1.972566262775032053e-01 -5.097589191488193644e-02 2.091238495671241260e-01 -1.282280629369802194e-01 -6.519083944421287524e-02 -3.540763073457769416e-01 1.449038422319403330e-01 -2.410266449276051715e-01 -1.017489344813473501e-01 -1.805887187151696827e-01 -2.066890889420822941e-01 3.203384380778034335e-01 1.547059535701396649e-01 -2.184781259575447609e-01 -1.055443482357155821e-01 -5.335844039221968732e-02 -2.149151869743609611e-01 -3.454860798498557983e-01 -3.234305482949740296e-01 -3.273063610597597428e-01 -3.293289493216206010e-01 8.672911369355787436e-03 -1.586295857060843195e-01 1.524792797782312248e-01 1.057646635237430299e-01 2.610231617462078768e-01 1.903429808543919410e-01 6.449182103897468932e-02 1.241029024674307341e-01 -1.856031571207922282e-01 -3.385284183274492875e-01 3.449357553294703227e-02 3.402965929810078949e-01
9.507109290379535393e-02 7.034024606683898506e-01 2.515260794523329069e-01 6.298170889730538846e-01 1.000000000000000000e+00 5.995854546809643582e-01 4.514909855253590454e-01 6.290576164380189406e-01 6.721977498242034388e-01 2.571775212159373436e-01 1.853924846275384342e-01 -1.773365963730592632e-01 1.743346644863015271e-01 1.449595542858905239e-01 1.604355382331733582e-01 2.670761968290967792e-01 -1.974967640441060712e-01 2.867590399692616088e-01 3.689964702141277503e-02 9.336158287887551255e-02 -4.932386773857110052e-02 1.301741258119032962e-01 -3.227903472062732676e-02 -1.882250530929928944e-01 -1.072275983442094460e-01 -3.390763878002184817e-01 4.063134385012193281e-04 -2.382443262501765524e-01 1.669685863517541280e-01 -6.131248256988724998e-02 3.796792582037962216e-01 1.380833255623091227e-01 2.978112318263026470e-01 4.671543487276111351e-02 1.982132451073138901e-01 4.565967338980302381e-01 -7.941043503379646706e-02 1.509411764639254083e-01 2.868385648455281101e-01 1.599131113760555722e-01 -1.121950097828243106e-02 1.844651733165493523e-01 1.742925419545343080e-01 4.947985153777365586e-01 3.136638624845123902e-01 -6.072720059416555211e-02 1.401042238690918262e-01 -6.154868875315541027e-02 2.795048318951788846e-01 4.280991423563310083e-01 2.660527275205293862e-01 5.878341974411713799e-01 4.999008006720487285e-01 6.260456275855832420e-01 7.008970548112553045e-01 5.816957911997433506e-01 5.419269969052206148e-01 6.798489074341614868e-01 2.001933847009458034e-01 1.696615264126666300e-02 -1.609090474760795086e-01 1.716798896620864434e-01 -1.156030327643944727e-01 -1.025468588103484874e-01 -9.947307378041507497e-02 -3.308214952666281225e-03 5.420640890573434623e-02 -5.662383126743650991e-02 6.622355525049574039e-03 1.911132289811208473e-01 -6.878234159720153507e-02 -1.214395519290135811e-01 -2.900706687218951307e-01 8.818912969025388682e-02 -3.537530910767570647e-01 -2.669069588564048634e-01 6.790149024630773300e-02 -6.797271456470624362e-02 4.392282807435011760e-01 1.746669995977330470e-01 -3.118754109862343360e-01 -2.118064231238077633e-01 8.626603749831383838e-02 -1.960524584434775452e-01 -3.169133362351780892e-01 -2.980910400727095899e-01 -2.198656557984054738e-01 -2.775782016220447734e-01 1.137068043045262045e-01 -3.005382502067664441e-01 3.311166719185329455e-01 -4.810431750948925000e-03 1.215348160293106411e-01 2.740901577291186553e-01 3.533483180415979055e-03 2.764718199952228561e-01 -1.909213652878399003e-01 -3.092892867447763483e-01 2.676973702808107536e-01 3.306018985329891025e-01
1.421106849696771035e-01 4.557906873879489784e-01 6.026465529240991881e-01 1.391238037994523558e-01 5.995854546809643582e-01 1.000000000000000000e+00 1.765569926036587856e-01 5.147986641687846143e-01 8.037699671803667512e-01 1.664465779093785569e-01 2.344974587476280625e-01 3.324214086834879206e-02 2.168925929786744977e-01 2.901756450980433888e-01 2.561751141851776326e-01 -1.740109195948596754e-01 -1.482379038630497470e-01 2.993731739974707651e-01 4.732994983708308651e-02 2.469980070968422481e-01 5.326314467682208287e-02 -9.350539539508527509e-02 -1.019398844219869711e-02 -1.858046210296359635e-01 -1.056257661319953550e-01 -7.904677258297647391e-02 6.459667479313543903e-02 -2.435701142396858865e-01 2.062143639246107329e-01 7.364266803803466710e-02 1.086065318242534494e-01 -1.295882654461788519e-01 1.303340724879341883e-01 3.482641561834041305e-02 1.338615785046409490e-01 6.653681689810714284e-01 -1.215947960532457739e-01 2.320825265595260339e-02 9.790890314394146143e-02 5.106200491542024766e-02 -2.279590695610402007e-02 1.716349661450001507e-01 7.446625914728388640e-02 3.982910956001186054e-01 3.044773706031579374e-01 4.818815257932514834e-02 1.276053419323823490e-01 6.008063839832799430e-02 5.866303885399335449e-01 2.762883798609848673e-01 1.032764304978642522e-01 4.232453390879458155e-01 6.915271966113130386e-02 4.723348501583889136e-02 8.571330015326520391e-01 8.619533977730330365e-01 2.437938016173603339e-01 6.851157510897007974e-01 -4.368258847347545465e-02 3.147448401756867964e-03 -8.406093515412389749e-02 2.178370626277112698e-01 -3.713700624782932669e-02 -1.131783660482288539e-01 -1.393710326405921962e-01 1.309157762882710019e-01 -7.749644545940427565e-02 -1.416868958142164514e-01 -1.764847350513750468e-01 1.908969581643040481e-01 5.589770519378844255e-02 -3.569354266665969999e-01 -2.261294348294092260e-01 -9.560354935206574756e-02 -2.884208688334692350e-01 -1.298274835488989754e-01 -1.228505879009268893e-02 -3.772873248057311002e-02 2.472613512750213016e-01 -7.049950854360799435e-02 -3.038370065736732406e-01 -2.203208579093056396e-01 -9.429570391971227317e-02 -3.487430573969644287e-01 -2.796339086984920841e-01 -3.973346727166022774e-01 -2.297209357935669216e-01 -2.613610471445925731e-01 2.446765447924580117e-01 -2.327499579993259904e-01 -1.811819680474097138e-02 -1.310709932940745115e-01 -1.617557266016275697e-01 1.297038438122939674e-01 -1.873465029340475319e-01 2.381967462482985631e-01 -1.901480646043711142e-01 -3.218077918731116482e-01 5.276419657703574906e-01 2.023447493941858411e-01
1.352258577295824271e-01 5.191027879860716787e-01 2.329635917678607726e-01 5.541386113173897288e-01 4.514909855253590454e-01 1.765569926036587856e-01 1.000000000000000000e+00 5.909945384066291885e-01 2.653401456850477125e-01 3.216484973688049642e-01 3.036418657296736101e-01 1.196043684500823490e-01 4.316201496529194909e-02 -3.881002993351088926e-04 -1.457131144547252344e-01 4.916013513728114681e-01 5.494978022150491526e-02 2.454384226745436881e-01 -3.251894169202762530e-02 1.095699579089531722e-01 6.304437312165758062e-03 2.152950232428361699e-01 -1.331841782203357916e-01 1.855562247861133607e-01 9.492418343576043693e-02 -6.932638069230216693e-02 5.051111805569332563e-02 -3.625041976350091288e-01 1.365901793589907043e-01 -2.128817587847113835e-01 2.132884275805403962e-01 1.412809315635265017e-01 3.183134091339475114e-01 1.873198748055140139e-01 2.989658139049080621e-01 2.836259587632638524e-01 -2.582118873131532544e-01 3.894073153963064082e-01 3.549278168643126286e-01 4.835817335510190773e-01 2.354515444725362172e-01 5.811222597859145439e-02 2.155165485336832387e-01 2.752988544019002171e-01 1.988250147943512458e-01 6.286022668129843949e-02 5.712427089127887492e-02 9.555748666322515586e-03 1.004955715007394973e-01 4.287604966067180001e-01 3.833159669246638535e-01 5.262307847957278240e-01 6.125953484263894078e-01 5.267838948644857355e-01 3.159865202478166490e-01 2.503206724601234057e-01 5.165640765214587482e-01 3.970359995364822758e-01 1.983074271482964390e-01 7.160267302438511061e-02 -5.604672474342762417e-02 1.681089602515813478e-02 -2.956250861222738946e-01 -3.391306980070347143e-01 -2.699986417668472360e-01 -2.402231579568434305e-01 4.871642436879386473e-01 -2.206076734796877936e-01 -3.917803494821589516e-02 1.584519988111786903e-01 -3.068676358493023851e-02 -6.204395317201160526e-02 -4.329065319850197158e-01 4.455699586208484719e-01 -1.414507493151601625e-01 -8.501202923045556026e-03 -4.107960275711035336e-02 -2.345527536177355876e-01 3.010437921878134637e-01 1.750840109534432809e-01 -1.727907535132204297e-01 -1.252200908752928443e-01 -6.839814343620312376e-02 -8.414856541517702626e-02 -1.751318712878615902e-01 -3.841280826521538683e-01 -1.509453020815607061e-01 -2.779445563847086076e-01 2.623758990553820003e-01 1.686988503389113409e-02 2.266860642311630536e-01 2.086757789151164888e-01 3.879657735211780034e-01 1.066282926136962045e-01 2.140176594855797976e-01 1.581745667785184328e-01 -7.455951644158285985e-02 -3.025960070751734787e-01 2.214216334721720025e-01 4.611721199252019066e-01
-1.164693323086056671e-02 7.373630526425634102e-01 3.738450117262288042e-01 6.439772972899835413e-01 6.290576164380189406e-01 5.147986641687846143e-01 5.909945384066291885e-01 1.000000000000000000e+00 6.270015948109481929e-01 1.189130040728984539e-01 1.689631274449298060e-01 4.080635960436709841e-02 -5.302037264072346351e-03 1.951048355875429352e-01 3.029882108797133863e-02 2.215327630678599613e-01 -7.777371504030972105e-02 5.736129956351736503e-01 1.208374503488587604e-01 1.282832169614248341e-01 1.283325854817469157e-02 1.252297875962682661e-01 1.589224949202213896e-02 -1.776422772096645508e-01 -8.793480163854254517e-02 -1.106916674688018243e-01 2.651742090545465558e-02 -3.736048671107603525e-01 8.858649438563165335e-02 -4.758547482902811265e-02 9.376191330279945446e-02 -4.580798632428558642e-02 2.670567205523825538e-01 2.915870667661030202e-01 2.969000457696958084e-01 5.382884132805205724e-01 -2.914368346671282195e-01 1.985340036641463912e-01 1.734171691887731181e-01 1.658738030177159539e-01 9.673160701243220527e-02 -2.134587127870224768e-02 1.323438137217453903e-01 3.061274402520859916e-01 3.505197717897201026e-01 6.921394218847752577e-02 8.918719365519139908e-02 -1.479561393461483951e-02 2.399853605885017283e-01 3.113323687579355736e-01 2.799631346966741097e-01 6.861883496706454588e-01 4.589352915515336195e-01 5.312973247021529621e-01 6.230003756622360944e-01 5.516835482748788655e-01 6.946179583031404370e-01 7.679373850322376294e-01 -6.575334064957820412e-02 -1.121236887602150914e-02 -1.740269372245161206e-01 1.039724401833316825e-01 -2.504352087369791646e-01 -2.182613185975452175e-01 -1.529829112841947503e-01 -8.673041734848188633e-02 8.122721695788258367e-02 -9.143075364671786331e-02 -4.532129463210472775e-03 4.679524527456727090e-01 1.463597491781385221e-02 -2.254780320590834275e-01 -3.113461293067062985e-01 1.034394540534122955e-02 -2.480999663639916475e-01 -1.200721408070218738e-01 -1.710568903464353141e-01 -1.454412784656209656e-01 2.705710830317032967e-01 -3.824807879628637670e-03 -2.220936362165874811e-01 -1.551844752870493171e-01 -9.409905997630824137e-02 -2.519325995399795959e-01 -2.731141845312527461e-01 -4.357630173700953735e-01 -3.382243129670500781e-01 -3.397685111836627470e-01 1.945600814717023397e-01 -2.129782177585136105e-01 3.003350214422664810e-02 -3.984640873797831717e-02 2.408797315083428467e-02 6.444647805147833697e-02 -5.489780259499338344e-02 1.011480121522519982e-01 -1.753109781612050833e-01 -3.796862824376915913e-01 3.049312674939410051e-01 3.621368103195432009e-01
2.201380154362482244e-01 4.536838045433378430e-01 4.841675865854476735e-01 2.318843041458901744e-01 6.721977498242034388e-01 8.037699671803667512e-01 2.653401456850477125e-01 6.270015948109481929e-01 1.000000000000000000e+00 1.227751922784024174e-01 1.558202764524077022e-01 -1.399116962985440249e-01 2.502129767189615328e-01 3.915043798412689013e-01 3.129033476464858077e-01 -9.944518122411380445e-02 -4.957744683272834879e-02 4.595345640144246624e-01 2.479836880447209568e-01 4.030556495145961038e-01 2.012652834226062448e-01 2.988391477166649256e-04 1.560640741217069472e-01 -2.194847656987595208e-01 -1.342977000018231448e-01 -2.953704976587729347e-01 1.818395716718147204e-01 -2.063798192441856916e-01 2.690699999806421827e-01 1.151112681396315729e-01 3.061222789457276883e-01 2.339158657694793281e-02 2.658128191023804154e-01 1.658599372535137229e-01 2.097635002680882377e-01 6.914062509271305945e-01 -7.024658317990369050e-02 3.493466694458729344e-02 1.627034566995907983e-01 1.029028037473671692e-01 5.535308939547473744e-02 1.168633798663050033e-01 1.185765690815907408e-01 4.802048514567321402e-01 3.573802752122067772e-01 9.869208028555660761e-02 1.720808096210268978e-01 9.730519418318751834e-02 4.498735539365747438e-01 3.685335082751488578e-01 1.966694236028176390e-01 3.869298789834462737e-01 1.852851789476219480e-01 1.913630474470189580e-01 7.997389356881989819e-01 8.142728322571201049e-01 4.032982033864845883e-01 8.266929171846956192e-01 -4.219729039340644645e-03 -2.177254219626167248e-02 -2.676445211878331065e-01 2.142259448747561301e-01 -9.539690537395281722e-02 -8.424036429110483282e-02 5.867175644488041575e-03 1.488382106987865272e-01 -1.142333574321525297e-01 8.079761020435671792e-03 5.422474065039341318e-02 3.550488131734201303e-01 1.868503582653972817e-01 -3.068196698198956685e-01 -1.820786956265925405e-01 -1.368801377637542949e-01 -3.858950975064300848e-01 -2.963814571078936533e-01 9.279174671669991603e-02 4.746223819487503659e-02 3.753633219265305465e-01 4.327277096631530762e-02 -2.260169117950150963e-01 -1.693095611339682227e-01 1.097780523203409353e-01 -2.164237724009731023e-01 -1.292764036271167871e-01 -3.067120706211292069e-01 -1.890747358138747392e-01 -2.062565907633306106e-01 2.983073759733252950e-01 -2.953228204868859619e-01 2.083360752022031803e-01 -1.309764917160743669e-01 -2.000713513589088832e-01 1.709479618214349017e-01 -1.217987689812678742e-01 2.803087574575157115e-01 -3.580363970731748752e-02 -1.857558787737108308e-01 4.044313447873361111e-01 2.271765757806668007e-01
1.463064835299433541e-01 3.810574305171290921e-02 1.007425156912808949e-02 1.155523757871589480e-01 2.571775212159373436e-01 1.664465779093785569e-01 3.216484973688049642e-01 1.189130040728984539e-01 1.227751922784024174e-01 1.000000000000000000e+00 6.320891886844934859e-01 4.256784511018206763e-01 3.622438203085922570e-01 1.226032477927707642e-02 7.769969476376778483e-02 1.705915371020014226e-01 1.028871586589338999e-01 -3.091269753294205100e-02 -7.958494279333139243e-02 5.014784765288963359e-02 8.194968099820963692e-02 7.995168190003666686e-02 -1.253209388152211334e-01 4.184914359853027510e-01 5.511457953702467716e-01 1.025272512590814228e-01 1.499203674813804343e-01 -4.290006386980001890e-02 1.909723980457960490e-01 -3.031228007818911885e-02 2.622341911539705639e-01 3.220431612529695564e-01 1.776800167365078786e-01 -6.248162850686984210e-02 1.459022472865630637e-01 8.650358477421006553e-02 -3.294791587630260810e-02 3.856029588604490965e-01 4.403145035632576865e-01 4.527523598138034622e-01 1.000612303267116587e-01 2.947554201802523033e-01 2.290674091458614892e-01 2.231668242276339531e-01 -3.472932694486228350e-02 4.869718157296008126e-02 1.483728454871634239e-02 -4.251145576830930167e-02 2.367667380941025357e-01 1.403743219536221776e-01 3.278316005751458206e-01 1.463547058541634083e-01 2.058356661218592731e-01 1.525628385512405316e-01 1.743557885015228071e-01 2.698402654489510111e-01 1.642722550301708995e-01 1.418426703876441153e-01 6.440465142348625882e-01 3.530843722959075559e-01 3.154997952873576650e-01 1.782066235338722049e-01 -4.217684634223821394e-02 -2.743267364276540943e-01 -1.505946558160403959e-01 1.865264153838902929e-03 2.790199540851659998e-01 -1.118097264732539065e-01 -2.583174750114489160e-02 -6.825607566846687846e-02 2.265153358632437941e-02 -3.737036503766605344e-02 -3.139296776257609056e-01 3.746557081555093593e-01 1.348119048621531924e-01 2.293008493259192371e-01 2.134708419249392031e-01 -3.103309430428833129e-02 2.669486266079600378e-01 1.808398874041100279e-01 -2.094086912830828429e-01 -2.333929370352372523e-01 -1.075517099384216829e-01 -7.187640413956562779e-02 -1.366794471027891478e-01 -3.277582770072849927e-01 6.197438625454583516e-03 6.596597569865414457e-02 2.629608178792728138e-02 -4.196461866677590746e-02 2.379321550147019959e-01 3.674165195476646883e-01 3.274437621197524573e-01 2.244207504706747236e-01 1.624575075920178246e-01 1.821424780180274650e-01 -4.897595043684475208e-02 -2.364801536209356625e-01 2.796417307811088770e-01 9.274341860701611207e-02
1.184959850858416375e-01 4.731361597770181865e-02 3.539539042238316890e-02 7.198132803230616883e-02 1.853924846275384342e-01 2.344974587476280625e-01 3.036418657296736101e-01 1.689631274449298060e-01 1.558202764524077022e-01 6.320891886844934859e-01 1.000000000000000000e+00 5.635633943781700461e-01 3.522302905259578898e-01 6.741785237815325904e-02 1.281092959549389454e-01 3.764163924486803314e-02 1.535716460626508073e-01 5.352068315297861534e-02 -5.720462818676381317e-02 8.740674620415124496e-02 9.053209837989797948e-02 1.584337400425367970e-01 -1.733692379143552675e-01 4.383156276945793239e-01 3.733703462937620343e-01 2.666556503923102062e-01 1.312497096721083889e-01 -9.411170348447132905e-02 1.291451627581074180e-01 -5.852598590199998424e-02 1.198899873394191212e-01 7.185201804264981784e-02 7.253941381526193832e-02 5.074571569477023814e-02 1.833267712463068355e-01 1.751314469650649963e-01 -1.220392326349829804e-01 2.408811175545457484e-01 3.226528733810760108e-01 4.270375387187747007e-01 1.942232262982466207e-01 1.368522724876949370e-01 1.645378391416849606e-01 1.723237202704785143e-01 -6.487110720421090937e-02 3.738886834853965419e-02 8.144669274616820817e-03 -2.678376167590320808e-02 3.255531713689648887e-01 3.686668142826619865e-02 1.943623338687258950e-01 1.703335141732298663e-01 6.896950023021632126e-02 7.110364008802746993e-02 2.796572103648269358e-01 2.788265528510889268e-01 1.405162263068685524e-01 1.543692389451805924e-01 3.834802938014699181e-01 4.241335463177737797e-01 3.306501574796227305e-01 1.392476168229555555e-01 -7.035242048906412138e-02 -2.994482227643197048e-01 -1.643194122767914767e-01 2.126341331736568765e-02 3.257040047553466100e-01 -1.365478836511842820e-01 -1.176016285505355335e-01 -5.589030355133695754e-02 4.566254960016803699e-02 -9.635269414393661525e-02 -3.512761856403189276e-01 3.760496873745523549e-01 1.395622551936377409e-01 2.630394022150676081e-01 1.165023960878232567e-01 -3.811972741300045237e-02 1.265376414286019657e-01 1.148630348116910609e-02 -1.822666560030520022e-01 -1.876176092956872987e-01 -2.222311126424772465e-01 -6.459357729166452511e-02 -1.618492238941461048e-01 -4.073266469328525874e-01 -2.412579677481235807e-02 -8.541017961042930706e-03 1.751831389708837228e-01 5.113897657885749237e-02 3.623968385966556266e-02 1.374693299966612270e-01 2.353118572915025852e-01 3.266927164813748785e-02 -1.243854908811448286e-02 1.526630522452701588e-01 -1.152229042572994466e-01 -3.338321937518229365e-01 3.897201996778292821e-01 9.094343657322832841e-02
-5.468508344987663833e-02 -7.788618693171389662e-02 1.311014738840998450e-01 -7.561150090788068545e-02 -1.773365963730592632e-01 3.324214086834879206e-02 1.196043684500823490e-01 4.080635960436709841e-02 -1.399116962985440249e-01 4.256784511018206763e-01 5.635633943781700461e-01 1.000000000000000000e+00 3.830411218827960845e-02 -1.124621577545985712e-01 -1.771847433614620604e-01 2.545153878368846753e-02 7.984965282316558444e-02 -1.679829342841099582e-01 -2.926161565865116332e-01 -2.214941398066500589e-01 -1.274279256765563917e-01 -1.634593797805163617e-01 -2.245341413605395631e-01 4.172237282133877678e-01 3.685603264087513598e-01 6.955501376460448970e-01 3.461995715567800589e-03 -1.301322383137154259e-01 -8.773330991007190216e-02 -2.925171325277457074e-02 -3.515394089684434342e-01 -1.375957013052589162e-01 -3.158792433123445292e-02 -2.053896754567163530e-01 3.901454126200257916e-02 -8.438329881196308252e-03 -1.820909219817763436e-01 2.184150296458686191e-01 5.872645098554919729e-02 1.531477557193429706e-01 -8.385744816814838520e-02 1.146284867225424442e-01 -1.677795574149037496e-03 -1.046921725179239676e-01 -1.145479404795112649e-02 9.687373129638052194e-02 -1.479096477000222121e-01 -1.176010328660387350e-01 1.934060593355324265e-01 -2.060887260146557209e-01 1.373567386457912320e-01 9.863824460795340976e-02 7.390650230199349510e-03 -1.031036697578114614e-01 -3.050734862945371235e-03 9.747113938711339520e-02 -1.494133000635949893e-01 -4.553063952287243754e-02 1.457765885868509137e-01 4.743423891157183547e-01 5.816789534312887255e-01 1.494032110481459397e-01 2.026896106203715173e-02 -2.407883669205230781e-01 -2.931651153248803765e-01 -1.332126703494381781e-01 1.610259323370388518e-01 -2.493760217743708207e-01 -3.173891769005710572e-01 -2.068293026987799155e-01 -9.333818317322216396e-02 -2.039996152416392317e-01 -2.301797400806681049e-01 2.357663436185403194e-01 5.187433803957171019e-01 5.654282896541544812e-01 -1.466114346337999141e-01 -5.454919104651897305e-02 -1.840562755438930609e-01 -1.488202617926034643e-01 -5.837404494041294190e-02 -1.955077723648773746e-01 -4.424449807887718689e-01 -2.204502597623157756e-01 -1.678195270246783111e-01 -4.393486390425991872e-01 -1.156915973847628815e-01 -2.444538315653760341e-02 -1.172739389722654568e-02 1.768806586037507955e-01 -3.476445187693425476e-01 1.301920943432714750e-01 2.158309843870268030e-01 -7.250684233504350873e-02 7.884412979004748728e-04 -9.662828837434135620e-02 -1.837036456832154552e-01 -3.870482830994571022e-01 2.783281282763272468e-01 -3.657151434217754266e-02
2.203216785384219945e-01 -6.056286144428840029e-02 -2.548210816517166091e-02 -1.683455089432679408e-01 1.743346644863015271e-01 2.168925929786744977e-01 4.316201496529194909e-02 -5.302037264072346351e-03 2.502129767189615328e-01 3.622438203085922570e-01 3.522302905259578898e-01 3.830411218827960845e-02 1.000000000000000000e+00 3.481760917098006836e-01 4.826778438708135832e-01 -1.202119295376428282e-01 2.318951230453514256e-01 7.508329270223305929e-02 3.875788891410351100e-01 2.711620873375680252e-01 3.361794444662081771e-01 3.151958746958870572e-01 2.693220688958092857e-01 2.113711315870451801e-01 -7.041840374006555492e-02 -2.660261801704619788e-01 3.912150254056004917e-01 3.894277749106026532e-01 3.165165857459518173e-01 3.356488616007868298e-01 3.120093362652343050e-01 6.087417397249095946e-02 -5.022517490043026944e-02 7.922959121359016144e-02 1.377696415012082676e-01 1.225599139661824044e-01 1.891791054349686585e-01 3.868001036538210036e-02 3.255861008322876171e-01 2.736281096945252234e-01 2.263844303477185738e-01 7.993125159130334834e-02 1.640026909032125391e-01 2.278131325563356457e-01 -1.729949643863105124e-01 2.005696832599840052e-01 3.612390856587238130e-01 3.161535514438523764e-01 1.663588010971105147e-01 2.198076457370796710e-01 -1.113054771399498988e-01 -1.005090302237624661e-01 -1.368274013858818694e-01 -1.549390411399780842e-01 2.313054545518531679e-01 2.284574326619565332e-01 8.397636865961237429e-02 1.405023513182531991e-01 2.477503864033742953e-01 1.000370631598757054e-01 -3.598122640349301488e-02 5.506684246175572728e-01 3.505467595972759920e-01 1.521187442982578908e-01 3.688957995064822692e-01 3.989716641646657846e-01 -2.234695690320991426e-02 4.088303890369966442e-01 3.492641267448595710e-01 1.165518716949221767e-01 2.857234457398659666e-01 7.181914663480951089e-02 1.764706522006078970e-01 5.040415939834646392e-02 -1.039312914244686775e-01 -2.964253271512188315e-01 4.933289471917972069e-01 4.128890685040120800e-01 1.537238262799485444e-01 1.501541543479389083e-02 -8.658281002801752890e-02 -5.439896102278332559e-04 3.758636925035651472e-02 7.319842147211620687e-02 9.652303387986330141e-02 1.041946157329287082e-01 1.666520283678094572e-01 3.101550423309907267e-01 8.840478498402529195e-02 -2.268477630712960325e-01 2.070153514148649065e-01 -1.375398278193884216e-01 -9.795625555219600322e-02 -6.428984947031958497e-02 -1.910886584817500788e-01 2.426019551886852976e-01 2.392494452679584660e-01 2.557455877558597046e-01 1.758395822516921336e-01 2.355151128641403899e-02
-1.386085022411715937e-03 6.231164466029344429e-02 1.840059769721698046e-01 -4.781709645847349865e-02 1.449595542858905239e-01 2.901756450980433888e-01 -3.881002993351088926e-04 1.951048355875429352e-01 3.915043798412689013e-01 1.226032477927707642e-02 6.741785237815325904e-02 -1.124621577545985712e-01 3.481760917098006836e-01 1.000000000000000000e+00 7.177446441304650149e-01 -3.820927513833609623e-01 3.606644717056258775e-01 4.605839902960645049e-01 6.290930989971644793e-01 5.131052639024569206e-01 6.938524746287154654e-01 3.103148040604731817e-01 7.385965382256355349e-01 1.148259179764586774e-01 -3.372123131633255610e-01 -2.407072177436901939e-01 4.369092991825384020e-01 4.842692161206586104e-02 5.023515654856030022e-01 6.930824798223892413e-01 4.148447665447465432e-02 -1.947874954282961812e-01 4.115401838584369781e-03 4.204942725642336621e-01 3.211027250958896073e-01 3.556590276596320876e-01 -1.517352598113550499e-01 -1.333246892074562429e-01 -2.308327062660245690e-02 -2.457394222361879502e-02 1.959935238947980995e-01 -1.848148150870290163e-01 3.383568081013130224e-02 2.493859296920971358e-01 1.336752347009967923e-01 5.244181668589572576e-01 4.941209335625501020e-01 5.946255284321999568e-01 -8.799148038852949716e-02 1.918718396042067287e-01 -1.124064456860067313e-01 3.090874165611845817e-02 -8.007095568514949191e-02 -1.079481338115213934e-01 3.138126031624329793e-01 2.357825773044416318e-01 -1.056547522357858572e-02 3.221358210272408651e-01 -2.997671781009267900e-01 -2.916384712708792182e-01 -3.881014587017966866e-01 1.052414735498079928e-01 1.369121464630440599e-01 3.085893328104903355e-01 5.204103625288343249e-01 6.496785538957409178e-01 -3.807635450194342686e-01 2.482034928784928596e-01 4.052689315578152374e-01 4.851216535554702114e-01 7.308675616297694022e-01 -1.889382061921183187e-01 3.874829332927714476e-01 -3.396310182732833471e-01 -3.054255709074440994e-01 -4.596568527228049317e-01 2.951865263640911508e-01 5.036232144058097049e-01 1.140241930657793622e-03 -8.195593072439441573e-02 4.680613967700353317e-02 2.881212773844787217e-02 -9.792759305931662828e-02 -3.185045058601226331e-01 1.195071273639283088e-01 -5.184961348729885330e-03 -1.636212741954672090e-01 -7.185789195728366219e-02 1.081040962730138999e-01 -3.652203906886713480e-01 -8.540839869631795811e-02 -3.976223178542724890e-01 -4.224118650970932753e-01 -2.374293991127831571e-01 -4.149006089393891261e-01 8.774677807197663049e-02 4.084343067037547459e-01 3.491096903694820841e-01 -1.773559944864982474e-01 -4.350901913448066566e-02
-3.622933798168737757e-02 -6.311729347553778069e-02 -3.783049183610848187e-02 -1.028138730815701396e-01 1.604355382331733582e-01 2.561751141851776326e-01 -1.457131144547252344e-01 3.029882108797133863e-02 3.129033476464858077e-01 7.769969476376778483e-02 1.281092959549389454e-01 -1.771847433614620604e-01 4.826778438708135832e-01 7.177446441304650149e-01 1.000000000000000000e+00 -3.989264404849356405e-01 2.001749427698704953e-01 2.785231626975381292e-01 4.518246852281173065e-01 4.845944903711221774e-01 5.556784826088236873e-01 2.853517293308620584e-01 5.610434314014856039e-01 1.232879252051664598e-01 -3.368369133348660949e-01 -3.652914233793846943e-01 3.007834670440386327e-01 3.172396689815539239e-01 5.552042040765873265e-01 6.512305420672416245e-01 1.223180697943954814e-01 -1.828392076328009264e-01 -1.065524575722027467e-01 2.825223228871965864e-01 1.365212446893988574e-01 2.209821317194308465e-01 6.510953760292169379e-02 -2.575713844571609901e-01 -4.549229206735923986e-02 -7.996901482082104107e-02 1.481122217267641372e-01 -1.735940211237133879e-01 -2.595733436711416403e-02 2.860483914176169540e-01 3.805018149161560996e-03 3.415869765752552190e-01 3.884525359250996512e-01 4.882879526257518088e-01 -6.113230807262722694e-02 1.706404438383744282e-01 -2.240219837508924949e-01 -1.166871928050427498e-01 -2.179839998312699256e-01 -1.464804333767573685e-01 2.457140263318329243e-01 1.892516103717358511e-01 -7.073925812470474583e-02 2.449433837321338403e-01 -1.312604135228488123e-01 -1.754546855926118476e-01 -3.127176853520923783e-01 1.538185282943887455e-01 3.610487100113194403e-01 3.860100344546118500e-01 5.526141951725271895e-01 8.602129145208382566e-01 -3.207466961016910978e-01 3.063526136631673502e-01 4.043488624669386300e-01 3.916480667699767104e-01 6.277676981204535211e-01 -4.275074626620460616e-03 4.091233232122781227e-01 -2.683592268576114881e-01 -2.487770863219441464e-01 -4.787401949258598965e-01 5.432154284460360971e-01 5.610251944441018157e-01 1.366507819241622075e-02 -1.139987884854727351e-01 3.433318372837228932e-02 1.240131115054783767e-01 -2.610990680724325705e-02 -1.954352297663628502e-01 9.712531802661383828e-02 1.656029454298074133e-01 -1.379728093793513785e-02 1.316520848696949575e-01 1.549736341411311058e-01 -3.145551336664561548e-01 -4.146620005493939498e-02 -4.186752236031370256e-01 -4.174598152724973699e-01 -2.159851145974513720e-01 -4.728940544926881207e-01 1.731634016742126247e-01 3.273676771471079605e-01 3.959466673275125470e-01 -8.409285548038812619e-02 -2.584434756183445758e-02
