1.000000000000000000e+00 1.336086044798002470e-01 2.951349446069103655e-01 -1.856497981279693898e-01 1.141313929182523682e-02 1.985475528391278388e-01 1.738084652095333582e-01 -1.774957888028272646e-01 -1.220048162394529179e-01 2.694883015358967016e-01 2.802423532023505248e-01 3.916179727852260872e-01 9.634662918442922497e-02 7.291496908327745052e-02 1.286418297439592962e-01 3.580609751392559437e-01 9.413317480177153806e-02 1.175037346498415541e-01 3.542355982501600026e-02 2.404601871900656218e-01 2.586853190015973580e-01 4.664625402967532974e-02 6.149330724398984968e-03 1.987596485232156485e-01 2.332922607414467386e-01 1.214506463114993773e-01 -3.483199377278172193e-01 -2.556553164709671200e-01 1.859165275889137492e-01 -4.834356006643925063e-02 -1.509680527113556846e-02 2.127639995259986844e-02 2.269289889263324117e-02 1.465923038443574522e-01 -2.216993170603697993e-01 -1.345140008569786494e-01 -1.327012567829140011e-01 1.576626213168242363e-01 3.332055373199610537e-01 3.040166376768899670e-01 4.286489386843403415e-02 -1.130696312304955813e-02 1.083848424463590282e-01 -1.693137000755177424e-01 -2.180110203102459399e-01 -3.531063519454560873e-01 -1.722834500183703654e-01 -2.824885588097965083e-01 1.440275854614073425e-01 4.278787128424285657e-02 1.936690636053822745e-01 1.546702645195778547e-01 -1.315427670806633975e-01 -3.436929333529523123e-02 5.049579632590215500e-02 1.084201814664690483e-01 -1.787371194599224333e-01 -1.503186553928326785e-01 -3.390167206742800837e-02 2.247969494266259527e-02 1.097596950380457514e-01 -1.119891117339849307e-01 -1.415662403725970742e-01 -8.668785838694353929e-02 8.589831056737073922e-02 1.155669788902455586e-01 -5.218054342629360048e-02 -1.107746413865459412e-01 1.927778703678982020e-01 2.337696183180400233e-02 1.869959349084941713e-01 -1.868359196453537874e-01 -7.685103917378433014e-02 5.110319864285789958e-03 -6.135468734165892835e-02 -3.485884729229733053e-02 1.010525535379016432e-01 -2.070904146724172612e-01 -2.248662573533592723e-02 4.360683046346993524e-02 -1.095406698306055499e-01 -4.109946139533519893e-02 -2.220618022449293294e-01 -3.043858040021434341e-01 -3.642834907527882082e-01 -3.857650212320456462e-01 -6.775868481562487278e-02 -3.377609988536744989e-01 -1.796181874054851926e-02 -1.090902246413092136e-01 -2.294623376266871628e-02 2.018877910030727751e-01 -1.255808518180672427e-02 -6.689875080952137343e-02 -3.727423177377488239e-02 -2.125581530928843943e-01 -3.204045704677011552e-01 -3.185144916290874595e-01 1.014640503369834273e-01 6.756427180409450839e-02
1.336086044798002470e-01 1.000000000000000000e+00 3.849466175418064240e-01 3.655698746456888526e-01 4.032979500613800838e-01 4.197306891401990647e-01 3.629028466188430335e-01 1.384929795499767746e-01 2.032928059419895350e-01 3.351651725813853955e-01 1.337454903515527052e-02 2.509836679458314901e-01 5.245494648323719561e-02 -2.652302833695894743e-02 1.851764788951151541e-01 5.887915048617845537e-01 -7.062351658201819482e-02 1.540102545190538685e-01 -9.361887420801223020e-03 1.115552951831666612e-01 3.301331560739843574e-01 5.080943509021575155e-02 1.321428537464055565e-02 -9.120702175984340965e-02 1.505566549477462546e-01 5.677509000881308249e-02 -2.897785865306668485e-01 -3.932740693954835942e-01 8.232882606895707001e-02 -1.305195821348376917e-01 2.234815900551552145e-02 1.529067736594941773e-01 5.679266648489297853e-02 4.867834231265527611e-02 -1.648074963844618490e-01 2.816107066800184119e-02 -2.158706806605721895e-01 3.052508568077043072e-01 1.595249603341477862e-01 1.977607229170605385e-01 -1.097006192894003501e-01 -2.987009637210988888e-01 3.646250221664438379e-02 -3.837462787341468506e-01 -2.686988716972229518e-01 -3.570080261564999025e-01 -2.218301878669863558e-01 -1.757331783798584957e-01 3.810594239539769057e-01 -1.680534257290278166e-01 3.628688320730373285e-01 3.223180089220317734e-01 4.920380980920919800e-01 2.516188819973479984e-01 2.254250592833706435e-01 2.889791710476317665e-01 -5.736091352214809508e-02 2.659775700988115457e-02 4.403433980958446764e-02 -3.789049088911692342e-01 -4.933361846774420023e-02 7.473288613292784766e-02 -9.048061299498628973e-02 -5.253910966766629775e-02 1.895420696521347981e-01 1.264029884573699969e-01 -1.495886712059608381e-01 3.030165332688934676e-02 2.566747696475478180e-01 4.770568307536452585e-02 2.643906762391904364e-01 -8.685915551021497483e-02 1.244778370686105452e-02 1.061424158909426430e-01 1.145064334984602084e-01 -2.890481415574813751e-01 1.598153456372455317e-01 -1.189886549888614781e-01 -1.945204326117153451e-02 1.231877277300600648e-01 1.084720922340654536e-01 -1.376469108218334736e-01 -9.834144190945534603e-02 -2.678614220913484445e-01 -3.175546762742521567e-01 -3.123518034182683478e-01 -9.665710885133028604e-03 -3.406950824440619363e-01 -5.856070896239005952e-02 4.322602229212397368e-02 3.426007757174631130e-01 1.410098380416853758e-01 -1.248181676725834965e-01 -3.181777242480617884e-01 1.018138468975328670e-01 -4.271182777334532332e-01 -2.841491048511040618e-01 -3.034778435980495792e-01 -5.341549786423777091e-02 -1.786308945922150393e-01
2.951349446069103655e-01 3.849466175418064240e-01 1.000000000000000000e+00 9.377044629134208276e-02 3.647628701501542947e-01 5.737883665764800245e-01 2.324461831200838324e-01 2.141454210801009006e-01 3.214253323485800617e-01 -4.052919757617936582e-03 5.722278476960968724e-02 2.154813902412097415e-01 1.227969662146711875e-02 -1.036879959383739808e-01 -2.779342514633521832e-02 2.703934966202976020e-01 -4.985301306253810821e-02 9.700633002473779687e-02 -1.460227374869676742e-01 8.435196889493167330e-03 4.861405553658543210e-02 4.326086303216766793e-02 -8.995138891776351120e-02 -2.966899761077538070e-02 2.712257374856555381e-02 8.915925341433127149e-02 -1.994317459630999267e-01 -1.054265489769569825e-01 -1.007223731573505948e-01 -4.602074164034623133e-02 -1.228038369978159267e-01 -1.650633185316795204e-01 -5.204695875013828910e-02 -4.020965952604672877e-02 -1.616219453074684564e-01 4.281574364554271289e-02 -1.677209318243382541e-01 5.098452839691861027e-02 6.345447735140095913e-02 2.540390656138418954e-02 -1.458862456011497111e-01 -5.826984799683405936e-02 3.474545085444456782e-02 -2.346014619233791343e-01 -3.713366050747210489e-01 -2.159538328882740499e-01 -1.344423302032680956e-01 -2.366891109812665206e-01 2.176850366878212151e-01 -2.242572184846686745e-01 1.218743586992643152e-01 3.779126425259428657e-01 1.246055481746791843e-01 1.209385221331204380e-01 4.411818521383796821e-01 5.099620115433664003e-01 1.119192153270036905e-01 2.318567251785992878e-01 -2.110934281581284822e-01 3.317449044372565176e-03 1.362688024340955317e-01 -2.958747790390715490e-02 2.543425818641610256e-02 -8.614342986632224364e-02 3.755920928157147065e-02 -5.730843240891016210e-02 -3.049566605338436404e-02 3.848835771844776737e-02 1.334257224995218927e-01 1.201679438883014178e-01 -8.726359751535401124e-03 -7.516761396945682329e-03 1.414488158016181940e-02 3.295205788928979272e-03 8.397642585763381851e-02 9.580336271869245579e-02 -7.860008431968467865e-03 -9.892635510121647324e-02 -1.791853021334121054e-01 7.592274107288696575e-03 1.840033044600386525e-01 -5.613113580705484523e-02 -1.977429022197401687e-01 -1.405245283190813821e-01 -1.857016676986242287e-01 -1.866896418842831085e-01 -5.307044343603864456e-02 -2.145075464568259871e-01 2.256593269678956390e-02 7.995930578662398258e-02 -4.716410149787166918e-03 3.018845434040125578e-02 -1.145529961772638883e-01 -6.266749047630390534e-02 -1.734344581693452597e-02 -2.780633619989120175e-01 -1.506643588969820979e-01 -2.273112928955697276e-01 6.018490923827366640e-02 -7.638872584107178620e-02
-1.856497981279693898e-01 3.655698746456888526e-01 9.377044629134208276e-02 1.000000000000000000e+00 4.544112000019026598e-01 2.665369127985801057e-01 1.935128137908850576e-01 5.244037361358813154e-01 4.247476989053078356e-01 -1.344754917043942122e-01 -2.629913610780070798e-01 -1.708638279498937984e-01 -2.123624855350604579e-01 -3.450608652271486831e-01 -1.771151904631956264e-01 7.609629887966702644e-02 -2.881085071728516356e-01 -9.846144995659292243e-02 -2.090342966663817637e-01 -2.168085292502135442e-01 -1.340266587645088103e-01 -2.802321602288924685e-01 -3.300849897482202588e-01 -3.228922059662223676e-01 -3.160421799316162073e-01 -2.062370674589499020e-01 -8.249040378802492690e-02 -1.743392740517503703e-01 -2.466150979066201177e-01 -3.037732952232084505e-01 -1.728702406896655830e-01 -1.490198000387264188e-01 -1.784108573339544257e-01 -2.660869767668497810e-01 -3.065541786554369375e-01 1.042872577960021196e-01 4.724337550526661739e-02 -1.375853944442889942e-01 -1.465712202831283006e-01 -1.636277720464707763e-01 -2.412390227601334536e-01 -9.970365695204760209e-03 -3.657190347725967072e-01 -9.805499810582059272e-02 -7.291963392110584197e-02 -1.477484328789372969e-01 -3.490221824615438173e-01 -1.376353339097798334e-01 2.887116351662324387e-01 -2.045099766877052187e-03 -1.760139126968264522e-02 4.331674005013587125e-01 4.137578577219065967e-01 6.415631937317658462e-01 3.607564157664633342e-01 3.753273983307283124e-01 4.176999316291734043e-01 4.043048402329912916e-01 1.289379585021749319e-02 -4.691132734500767787e-02 -1.878179408179805887e-02 9.000110004849570799e-02 8.470781406358805776e-02 -2.038230103859129186e-02 -1.454594863148997164e-01 -2.028855504014150379e-01 1.486325614065448220e-01 2.719628624189899258e-01 -4.728367001044878407e-03 4.923376032630104315e-02 -1.991308920299224294e-01 -3.626526926140880014e-02 -1.833690167192331966e-01 1.489122886848927851e-01 1.257449603218635248e-01 -1.275118215399085632e-02 -1.634688959584394141e-01 -2.258936293329942280e-01 -1.024871751456206403e-01 -2.561436277354831037e-02 1.877582154375368462e-01 5.497585940866332732e-02 5.241410015952507884e-02 -6.896127197022548783e-02 6.410705787442232996e-03 -5.872463695263131778e-02 5.571397927838801778e-02 -1.165821178789311213e-01 2.302193017982159251e-01 3.034302991081688217e-01 7.277368053676863680e-02 -4.233531287231848995e-03 9.629099781399001745e-02 3.228119666441627011e-02 -1.850982979958895325e-01 -1.370240057139925083e-01 -1.057219303249677250e-01 -8.920774824319142871e-02 1.643165119431398702e-01 6.219805929746492767e-02
1.141313929182523682e-02 4.032979500613800838e-01 3.647628701501542947e-01 4.544112000019026598e-01 1.000000000000000000e+00 6.784243338075010010e-01 -2.893958262567801823e-02 4.134887683313596685e-01 4.090243482521194185e-01 -2.478754654059850682e-01 -3.408403187070791485e-01 -2.506103958927759501e-01 -2.609928540330906377e-01 -4.496194288225849878e-01 -3.982474361283768194e-01 -6.838801520042715743e-03 -3.466974121776390527e-01 -1.507810612241849146e-01 -3.765923987445237153e-01 -2.099113153650836450e-01 -2.313806276684028107e-01 -2.759372392163856325e-01 -3.390273359901877503e-01 -3.601698594143995513e-01 -3.261458846090701247e-01 -1.547131175215510357e-01 -1.094779446297370618e-01 -9.583284835687033709e-02 -4.063001772452302651e-01 -3.328777144522340192e-01 -1.231795904392705143e-01 -2.134976494903124133e-01 -1.609413641267665729e-01 -2.791875080325830205e-01 -2.228836949350062602e-01 5.384969452204162003e-03 -1.727194235109164380e-02 -1.968506642449369404e-01 -3.069748622407689753e-01 -2.931958392583957629e-01 -3.499292828931888089e-01 6.008223517142710635e-02 -2.533001014400825812e-01 -1.467879227970618483e-01 -1.982630369774303347e-01 -1.186631241191417746e-01 -2.680364979617195220e-01 -1.738566693490900539e-01 4.400919120360815007e-01 -4.871267482791392239e-02 3.051869851791198796e-03 4.313338778301110676e-01 4.038141790108485951e-01 4.975579305473257219e-01 7.435127825865098794e-01 5.125801926871627057e-01 3.297679623510254565e-01 4.137996220308727269e-01 -1.902974027101894672e-01 -2.923623578480944590e-02 -1.126657383472517288e-03 -1.039780164938677344e-02 6.280871836524058727e-02 -1.950810890714288759e-01 -2.645180236508057892e-01 -4.205544507207709115e-01 1.890292239352554526e-01 1.078112706592378039e-01 -2.680080730145047857e-02 3.223151512280786855e-03 -3.152296298091103455e-01 9.009906872648573706e-02 -1.847260202189568712e-01 2.376569537822080525e-02 5.932264093412936007e-02 1.376663152454870032e-01 -2.687144098472755149e-01 -3.020105849548178623e-01 -1.338225971074086251e-01 -3.304140912889041298e-02 2.640036222283369538e-01 1.726551776750984146e-01 5.967672121235589183e-02 4.810442238811308419e-02 -3.225506953419563839e-04 2.729295415779130207e-02 3.279095723052676686e-02 -6.058704073183292238e-02 1.698389871903670245e-01 2.546012010471420117e-01 1.025107144973421702e-01 5.001406530492803239e-03 7.458821880070196086e-02 1.333909686197563838e-01 1.265468947197971768e-02 -1.159953982790183635e-01 -7.276022994604816607e-02 -1.192589229871083151e-01 2.803502865760457152e-01 7.437823143587421471e-02
1.985475528391278388e-01 4.197306891401990647e-01 5.737883665764800245e-01 2.665369127985801057e-01 6.784243338075010010e-01 1.000000000000000000e+00 1.589934095571735595e-01 3.295703723991275091e-01 4.579019033041435427e-01 -1.127798277622437673e-01 -1.889192878172427648e-01 -6.227300479435483871e-02 -6.616001917142383393e-02 -3.266813952977538071e-01 -2.811163215792852332e-01 1.374109234799626433e-01 -2.097499847871394374e-01 -3.568467849993163521e-02 -2.684147686847711545e-01 -1.558523408974639701e-01 -1.430814340294757347e-01 -1.585490421481112466e-01 -2.776216154389732904e-01 -1.774134611235653747e-01 -7.868088289359093102e-02 -1.978721629284845365e-02 -1.861641990021437321e-01 -1.164282375915166867e-01 -2.556565348447352171e-01 -2.584461028650644199e-01 -2.478091466960563594e-02 -1.335341424554156720e-01 -1.349951341990956732e-01 -1.445991745981840548e-01 -1.678814120588018044e-01 1.025738713668045837e-01 -6.295249268746438975e-02 -6.735089087329280966e-02 -1.491519721978469548e-01 -1.304333796892160058e-01 -2.819877576788283324e-01 5.397759056086257751e-02 -1.142420928611623115e-01 -2.140324639515757410e-01 -3.687796836221671759e-01 -2.471210782533651285e-01 -2.682108449115994109e-01 -2.481636124195558402e-01 4.783991397637245568e-01 -8.062425819647695002e-02 1.819644872744176634e-01 4.693652563218687068e-01 4.083034709641143456e-01 3.198640302760856757e-01 7.392500435322222341e-01 6.246905665219342207e-01 2.823842327521855489e-01 4.342244590173137131e-01 -9.425624348278621722e-02 2.302587368856392949e-03 1.755064021443359934e-01 6.112301972767882757e-02 9.236809288347540281e-02 -1.754071340755152530e-01 -1.231599139085932382e-01 -3.240758569356229635e-01 1.490658482498624648e-01 1.252610488295079205e-01 1.004817284937217919e-01 1.113999584026373474e-01 -2.568923035374888753e-01 1.388723793082243807e-01 -1.366018899872425696e-01 6.124523830036966709e-02 1.913236531679652075e-01 1.604738686748693743e-01 -1.728268730961137478e-01 -2.687186076936983747e-01 -1.446651175775437725e-01 9.106210738383517522e-03 3.190252548412908506e-01 1.767966855818008456e-02 -4.680197410508501327e-02 -2.094269076436035965e-02 -9.310643977221043366e-02 -1.102826767854374473e-01 -3.775221767945976387e-02 -1.331219207457764453e-01 1.881621802793135012e-01 2.259413011942969784e-01 1.445194260967752053e-01 1.279756376522568628e-01 2.552345772376073390e-03 1.014073922064446104e-01 8.486598423721257445e-02 -2.683939214852272825e-01 -1.855791769688844295e-01 -2.401601266417598690e-01 2.212629150411586088e-01 -2.157358385980112994e-02
1.738084652095333582e-01 3.629028466188430335e-01 2.324461831200838324e-01 1.935128137908850576e-01 -2.893958262567801823e-02 1.589934095571735595e-01 1.000000000000000000e+00 2.094190749472827628e-01 1.333414671271315188e-01 3.021208697254146869e-01 2.915621360887200586e-01 3.856968224352990138e-01 2.969979221691963489e-01 2.498647621264920293e-01 2.651741515503643898e-01 4.926411455274581352e-01 3.346888014695476588e-01 4.708179287474324459e-01 3.444966950380585202e-01 3.444776395273088654e-01 3.425977950122492954e-01 2.564746919946077619e-01 1.555152077244614794e-01 2.688567078599073956e-01 3.108538315755609016e-01 1.453071767493363531e-01 -3.851327110497879125e-01 -3.890121833216327318e-01 2.986940111939789810e-01 -3.511265891150377322e-02 -2.392209398293696637e-02 9.456100609873886731e-02 8.268518841296812472e-02 3.522296752136798159e-01 -2.223027272662067289e-01 7.259852312931137919e-02 -2.351523411133391306e-01 3.643986952381824684e-01 3.069973398227873740e-01 2.905847198100438011e-01 2.282029533119894760e-01 -2.014114787050995392e-01 4.419084358717339373e-02 -3.260060349361290077e-01 -3.750086787370797703e-01 -4.908677096132680884e-01 -1.869790094422425497e-01 -2.275602073070663312e-01 1.641276589408087738e-01 -3.854059801953585440e-02 3.654634220676798995e-01 2.077161507578064725e-01 2.719506930373162823e-01 2.251600478158797408e-02 2.996372018567553322e-02 2.336480167436489896e-01 1.648466678870910418e-01 8.125624524674461557e-02 3.287575404973035187e-02 -9.990914744880156906e-02 4.735850369453550868e-02 -6.979605167963587320e-03 -1.046030113837099762e-01 3.204458188599728502e-02 2.462402488434081160e-01 2.282480419698414975e-01 9.837408085077294778e-03 8.824610593758447363e-02 4.523373370835370721e-01 3.530462939742785022e-01 3.014252065387323376e-01 -1.344133824921754927e-01 1.382689568658332924e-01 6.155088219735038724e-02 9.009571562073676737e-03 -1.355426478110647592e-01 1.809607666725044917e-01 -9.388773400659441992e-02 -1.082601982660235940e-01 8.420692992693731838e-02 9.272978599361876573e-02 -2.441880683230840676e-01 -3.326138307811427053e-01 -3.608021102405338243e-01 -4.387745478855831216e-01 -4.832065134678267815e-01 -7.536632488334187030e-02 -4.627536697576669633e-01 6.667991603074023554e-02 4.594329116568802995e-02 1.570566636272792138e-01 1.643457678335561445e-01 -8.093319269065565869e-02 -2.413484684223064780e-01 -8.675350812194290717e-02 -4.210349363018727753e-01 -4.612259228230262686e-01 -3.776268014571996789e-01 7.020029427100818453e-02 -1.092351728990361703e-01
-1.774957888028272646e-01 1.384929795499767746e-01 2.141454210801009006e-01 5.244037361358813154e-01 4.134887683313596685e-01 3.295703723991275091e-01 2.094190749472827628e-01 1.000000000000000000e+00 6.785779318848520481e-01 -2.866801267255095209e-01 -1.855180773772230063e-01 -1.776699147473149720e-01 -1.382882338475217299e-01 -3.351362006210777400e-01 -3.075158151280865670e-01 -1.597504276007580826e-01 -2.085506627039507288e-01 -1.662858515918717306e-01 -2.357286914396830302e-01 -3.866637098914483262e-01 -3.950583071112942490e-01 -2.680214041084907350e-01 -3.553569951579687580e-01 -2.845569908975892348e-01 -3.967184707747027916e-01 -1.116297317661945482e-01 2.279179055582568683e-02 2.979775460572171158e-02 -4.285556303676161249e-01 -2.549681446437062071e-01 -1.723952927161974125e-01 -3.398575565943976473e-01 -1.818671390503347751e-01 -3.647350641420540884e-01 -1.793318553095381296e-01 5.365630621785860005e-02 2.989948142894196040e-02 -2.821405412077711561e-01 -2.821592751913737374e-01 -2.627100124011279014e-01 -3.640166753232166874e-01 1.017054209848841928e-01 -3.098537669579847220e-01 6.303543885561477267e-02 -5.930649339862143626e-02 -1.473769032007119818e-02 -3.085975168231622212e-01 -1.866267598822194951e-01 2.206585711642373715e-01 -7.776388038869144759e-02 -1.192153793577107185e-01 4.237396757409768733e-01 2.300359421781089098e-01 4.751360457104937818e-01 4.740678533182429710e-01 5.164159014861878783e-01 6.976689336788025608e-01 6.797281749783873339e-01 -1.183494924141853116e-01 2.671352063619875095e-01 1.710832851446076053e-01 1.414531431408907747e-01 2.191100079966893377e-01 5.408815726729204049e-02 -2.484198670561632849e-01 -3.221949078843232561e-01 2.684002404220907079e-01 3.777007708341575398e-01 -5.118487197301058167e-02 1.201463162070921104e-01 -4.034773538264776471e-01 1.030982699710256412e-01 -2.091444730300209276e-01 1.119118974203624911e-01 1.203740031935203458e-01 2.988809770294590940e-01 -3.359118270207710477e-01 -2.100121985247060397e-01 -1.153081084646945531e-01 -1.343837575261090100e-01 2.389540570634684780e-01 7.405064458369056690e-02 1.140239532043316600e-01 1.575469161728986489e-01 9.910903051233434236e-02 4.293111995393667640e-02 6.552570770670504419e-02 2.897653183980391026e-02 1.875513490018917984e-01 3.485685365279235781e-01 -9.882703837418409243e-02 -9.717395576923117118e-02 1.604952402011285417e-01 2.708428668504271331e-01 -1.015659624959805024e-01 1.002187350243386732e-01 4.548819930465282033e-03 -5.395381504167303527e-02 3.553589592603231817e-01 1.451330907588554708e-01
-1.220048162394529179e-01 2.032928059419895350e-01 3.214253323485800617e-01 4.247476989053078356e-01 4.090243482521194185e-01 4.579019033041435427e-01 1.333414671271315188e-01 6.785779318848520481e-01 1.000000000000000000e+00 -3.645591442904224655e-01 -2.778713958442888821e-01 -2.340255180663184664e-01 -1.488104737346353512e-01 -3.297353022397109812e-01 -2.772183321090576080e-01 -1.531184403903776137e-01 -2.869373661665901021e-01 -2.124042281512213137e-01 -2.705989477344188932e-01 -4.306890467734877381e-01 -4.079333890810919461e-01 -2.905606896010144991e-01 -2.770377122592135866e-01 -2.518301578152676301e-01 -3.006007608268356224e-01 -2.519179005183591960e-02 1.564292369871102262e-01 1.418295613051216153e-01 -3.742022809918839066e-01 -1.696416690550615058e-01 -1.234979811918934106e-02 -2.249742543834045427e-01 -1.822620070827536132e-01 -4.221378556531457660e-01 -2.925421197078840671e-02 2.559163350998994169e-01 -4.523378397093169578e-02 -2.765138853754500192e-01 -2.943970499961675591e-01 -3.368692558537652038e-01 -4.048595871238245270e-01 1.300616382798929771e-01 -1.760219089327054454e-01 5.790848180550449420e-02 -6.469873842811266207e-02 4.931294076592684927e-02 -2.389084480312431980e-01 -6.724731054472443681e-02 2.894035644024695042e-01 -1.544288565930574952e-01 -1.182550880759967006e-03 5.135235192054312670e-01 3.108466093634538741e-01 4.108107942228807485e-01 5.181768019177908080e-01 6.672398726996828788e-01 6.544151165049305607e-01 7.684210075379005467e-01 -8.399886693644152691e-02 2.025905881923267537e-01 2.310564103494239518e-01 2.393702405743371453e-01 3.766685339683110700e-01 1.106032159186006864e-01 -1.382195567327577646e-01 -3.157715647813789106e-01 2.354719106282171237e-01 4.103440174700694332e-01 -6.808053829619971353e-02 1.073119418955170296e-01 -4.352626698253055371e-01 2.872945059263627421e-01 -7.511569703653725449e-02 4.251856878264833467e-02 2.853626097934708894e-01 3.645990149893764687e-01 -2.115264080950585712e-01 -4.901840157038545032e-02 -5.197796013268939086e-02 -4.694666298275502331e-02 3.885169538835390735e-01 -8.650360861860804940e-02 1.878873967846751425e-01 2.546124365581030058e-01 2.433195401821950099e-01 9.579398363904080560e-02 -4.393845300938208076e-02 1.340336945915972244e-01 2.250315040053905702e-01 3.784485921832761446e-01 -2.058535105115949851e-02 4.106841771257051243e-02 2.687504404705281374e-02 3.038673553481119893e-01 5.258445862605300170e-02 3.322572855150334598e-02 4.794340256485393748e-02 2.144693156215175811e-02 2.720832368519955913e-01 -3.529030752653902064e-02
2.694883015358967016e-01 3.351651725813853955e-01 -4.052919757617936582e-03 -1.344754917043942122e-01 -2.478754654059850682e-01 -1.127798277622437673e-01 3.021208697254146869e-01 -2.866801267255095209e-01 -3.645591442904224655e-01 1.000000000000000000e+00 4.804558147087390485e-01 6.625917154221838690e-01 3.628115517156899061e-01 3.681849668257126673e-01 4.905400834541795430e-01 5.306504329778655160e-01 3.133613157722602849e-01 3.243844480515588047e-01 3.023790831154790082e-01 3.948449045961039960e-01 5.802754017839039102e-01 3.447651780297185664e-01 2.637678129014311423e-01 4.261353636822000079e-01 5.123346811561044767e-01 2.992594802439573765e-01 -3.046736838109299628e-01 -3.066742367683941706e-01 4.675550624369665953e-01 1.424055327309682872e-01 3.313341183804666829e-02 2.196828202166390409e-01 1.518419596247732317e-01 3.786496814130297373e-01 -7.294325440390235504e-02 -6.647484458134645183e-03 -5.245798127311647463e-02 4.133738483935665009e-01 5.952427500064241261e-01 6.541409512657233583e-01 2.393923229148791909e-01 -2.922993620204886733e-01 1.997542435190497456e-01 -2.527947553598595132e-01 -1.489383431811391323e-01 -3.333192810961027042e-01 2.076754025695205438e-02 -1.321521007338391784e-01 -2.299943480509589536e-02 -4.281560693147879598e-02 2.636165934886964823e-01 -1.616446794486516292e-01 -3.514296554928078575e-02 -2.320123748637816785e-01 -3.359888565083581358e-01 -2.741035313914259586e-01 -4.367125449228185796e-01 -4.816048105249575162e-01 4.130854276023400162e-01 -2.361572404802922132e-01 -1.253438608533278230e-02 -6.090770984200718358e-02 -3.002480136838633351e-01 -7.381442207834901237e-02 3.456626314530721333e-01 4.519727594945766591e-01 -3.093168854466043505e-01 -2.388539407557303540e-01 2.600606168858630718e-01 2.435359648083066861e-02 5.716393872563899636e-01 -2.084722372722304373e-01 5.256450081472573144e-02 2.694794003784916070e-01 3.267367534377247935e-03 -3.148008676825604368e-01 4.092960665024443778e-01 7.926411443206959895e-02 -2.419278052108310081e-02 6.704788951543473596e-02 -2.577893981601133144e-01 -2.131060373537609354e-01 -2.407157391934378332e-01 -3.612489743406150366e-01 -3.844852061950335687e-01 -3.777458694193577271e-01 9.144609337275769190e-02 -3.164982923467157816e-01 -1.515361611605399450e-01 -2.760013314844178001e-01 1.304348267663120176e-01 1.204520860331675658e-01 -5.922163167879401779e-02 -4.216463881462326202e-01 2.651856076064674009e-02 -3.459570152856438763e-01 -2.983841381351408084e-01 -2.887954938256790949e-01 -2.500811745228778138e-01 -1.767832435452429130e-01
2.802423532023505248e-01 1.337454903515527052e-02 5.722278476960968724e-02 -2.629913610780070798e-01 -3.408403187070791485e-01 -1.889192878172427648e-01 2.915621360887200586e-01 -1.855180773772230063e-01 -2.778713958442888821e-01 4.804558147087390485e-01 1.000000000000000000e+00 6.476672467525270704e-01 4.746243681039176154e-01 3.857113734775411973e-01 4.082780050947860673e-01 3.832685261871094928e-01 3.477740457066184065e-01 1.831956205767370782e-01 3.626857468668157614e-01 2.859258166491803754e-01 3.762987640337433493e-01 3.293889180000338368e-01 1.465899800377793438e-01 4.446835838745170633e-01 4.000855984239702345e-01 3.575647472680294481e-01 -2.726209994898330380e-01 -1.713915717787751203e-01 3.769100957907279836e-01 1.400731493494509761e-01 -3.432018545426106931e-02 6.867918241004089541e-02 1.173600938491645290e-01 2.484140212820928617e-01 -8.505989150958108425e-02 -8.129755597599163525e-03 3.059157278898806329e-02 3.382751946527810527e-01 5.177366240332861302e-01 5.332383103492424059e-01 2.704250333584595212e-01 -2.265938007987408909e-01 1.599626150258910418e-01 -4.655956076901909130e-02 -1.547988832748259380e-01 -2.784206727249117774e-01 3.575235870777113828e-02 -2.130121110856100786e-01 -1.053632197023369743e-01 4.024820659324932631e-02 2.507631921842937706e-01 -3.086805126464543456e-02 -1.618151555751348725e-01 -1.629540513505240984e-01 -2.494876993582776648e-01 -1.415587822112445993e-01 -2.059127495262246810e-01 -3.108636498460672914e-01 1.121491540745786220e-01 1.162928444122197646e-01 1.824045228684358366e-01 2.964889252121951854e-02 -1.032902388396689380e-01 7.271954956286943994e-02 2.721955754970287744e-01 4.100429153715293151e-01 -8.419065937472838823e-02 -9.885302420473096596e-02 2.000813186566441915e-01 4.735883429082058532e-02 3.734126423879238765e-01 -1.976130270136781109e-01 2.058976500300416929e-02 1.934033515039848272e-01 3.744927623691624713e-02 2.431074646319441798e-02 3.187399083494408814e-01 9.093612454938833356e-02 -8.234209283286342274e-02 5.739053773149598026e-02 -1.812953738453578212e-01 -9.207220297713741841e-02 -2.454487090051630516e-01 -2.368090435963106088e-01 -3.605848024108969652e-01 -3.862588269872948565e-01 1.608669665724622999e-01 -2.948700475599906334e-01 -5.679785913238191708e-02 -1.059489906613124283e-01 4.911897001274066754e-02 1.940625502833063024e-02 2.125289725989860240e-02 -1.649225118433888526e-01 -6.629279314655217581e-02 -1.574419629904842133e-01 -2.790008894043100041e-01 -3.170173949344627928e-01 7.134860730391406891e-03 5.086547875153706044e-02
3.916179727852260872e-01 2.509836679458314901e-01 2.154813902412097415e-01 -1.708638279498937984e-01 -2.506103958927759501e-01 -6.227300479435483871e-02 3.856968224352990138e-01 -1.776699147473149720e-01 -2.340255180663184664e-01 6.625917154221838690e-01 6.476672467525270704e-01 1.000000000000000000e+00 4.617777897755511174e-01 3.614771774647398961e-01 5.055187228699112856e-01 5.588629366934382281e-01 3.899595167847734190e-01 3.478883357843258750e-01 2.974575851523701964e-01 4.544277874976240805e-01 5.334272782134519275e-01 4.378337355928157981e-01 2.637375263011998427e-01 4.782767012219268365e-01 4.109229253266965531e-01 5.048167349299864659e-01 -3.230033658925395290e-01 -2.232820464901305590e-01 3.989315835136809096e-01 2.489302934615456875e-01 -9.527509183573926177e-02 1.374896761265448526e-02 2.040227317097655785e-02 3.238509982469233162e-01 -1.391587951693396830e-01 3.546021587199374089e-03 -2.034017721355859676e-01 3.371519288448800999e-01 6.002627756049366825e-01 5.886652685253684902e-01 1.728889539509800566e-01 -2.951138824595325727e-01 2.662691999066866266e-01 -1.991217335833602442e-01 -2.921288528391994266e-01 -3.572487244330442291e-01 2.005061727265023200e-02 -2.349029917287965841e-01 -3.716056264260531733e-02 -1.344229464015313513e-01 1.604941277459072668e-01 -4.074955701284653509e-02 -1.413600235646758074e-01 -1.723925467225700392e-01 -2.249397164143610017e-01 -1.003630039453731887e-01 -3.294096939432918369e-01 -3.406226940807946524e-01 5.232668682305552377e-02 -2.500630575977274769e-02 1.520868319200321117e-01 -5.516764824939347778e-02 -1.657056378936685448e-01 4.612123277782678894e-03 3.669429719547964153e-01 4.725256027939752079e-01 -2.767808812097695692e-01 -1.165321434238951737e-01 3.440330666013914906e-01 1.566922062378506841e-01 5.121819302055015122e-01 -1.919199687388471742e-01 1.551389381347439700e-01 1.332666057127801229e-01 4.058160620426698451e-02 -1.083966453519898260e-01 3.788780649453622473e-01 1.034842655301857067e-01 -1.686530501086457579e-01 -6.351900499476374751e-02 -2.099616213725613023e-01 -2.501929457150446900e-01 -3.642318983882129046e-01 -3.255367898730324727e-01 -4.368660899861435132e-01 -4.338698745947962010e-01 -3.278602175529702484e-02 -3.761788202764522748e-01 -8.862519901382098775e-02 -2.128445193746156816e-01 -6.116400994988541173e-02 -4.232989484164096511e-02 -1.776646304251691122e-01 -3.310234998257505223e-01 -9.754290543995719487e-02 -3.002147445971929951e-01 -3.567942391000632485e-01 -3.713922542449226705e-01 -1.125713122835819563e-01 -1.182741228535227340e-01
9.634662918442922497e-02 5.245494648323719561e-02 1.227969662146711875e-02 -2.123624855350604579e-01 -2.609928540330906377e-01 -6.616001917142383393e-02 2.969979221691963489e-01 -1.382882338475217299e-01 -1.488104737346353512e-01 3.628115517156899061e-01 4.746243681039176154e-01 4.617777897755511174e-01 1.000000000000000000e+00 5.612918906915517203e-01 4.677271318876343176e-01 3.284043689571098934e-01 6.278536833479242407e-01 2.968036183799321881e-01 5.164614033718732955e-01 2.769449574936678204e-01 2.905124637808069732e-01 4.224458804858369776e-01 3.261746757915782169e-01 5.014845078697133252e-01 3.537549817040587796e-01 2.114533612522538630e-01 -1.640496879725290014e-01 -1.144529096885760211e-01 3.830461366128755651e-01 3.102232190204859408e-01 1.672241453201414318e-01 8.851616759194985695e-02 1.939998225643534968e-01 3.763590019310368295e-01 7.854131621518922746e-02 8.552514392661357545e-02 -8.738247384939663853e-02 1.787801756622173499e-01 3.132296064860108920e-01 3.691561327800158554e-01 2.446860462638287548e-01 -2.508615295908822596e-01 1.938134691376604823e-01 -1.078479193133315833e-01 -2.001724700333837870e-01 -2.047629487448346941e-01 8.946070222155727558e-02 -3.328051941947340886e-02 -9.526244060651839485e-02 -5.159268299878751879e-02 1.913193670845559913e-01 -5.672044342947501344e-02 4.764094760549021645e-02 -1.724592723060586197e-01 -1.997885235535695470e-01 -1.333944133805121945e-01 -1.287019759373976280e-01 -1.340723961692709409e-01 1.362178882081118703e-01 1.131631274392751185e-01 2.637796021040761940e-01 4.421847323090312698e-01 2.070259639631253368e-01 3.059177115372649358e-01 4.337985087868782563e-01 4.203701669686441544e-01 -1.160946094341636231e-01 1.948040897717540632e-01 4.254818752673816262e-01 3.055889592989559089e-01 3.071790027821909574e-01 -3.362694900472633364e-02 1.971929437631219362e-01 1.010529741139302717e-01 1.371866568094229077e-01 -6.677704455363361880e-02 2.053000237616974255e-01 1.983224259272023393e-01 4.780805346019022239e-02 -2.075879149103623811e-02 -4.782157639569164370e-02 -1.586808195655889375e-01 -2.136969310900440622e-01 -1.843676196450297344e-01 -2.430224501094624678e-01 -2.724508177962447486e-01 -4.234517250295978530e-02 -2.344176703137663687e-01 -1.704019272676976504e-02 -1.726702905457477843e-01 7.833984719279828146e-02 2.686310096082513907e-02 -1.451778824477957808e-01 -1.785805467644034361e-01 -2.622610015005327061e-02 -2.147019156883049618e-01 -1.863556094093846149e-01 -1.831035085655360051e-01 -1.512423933381557561e-01 -8.796401633620574978e-02
7.291496908327745052e-02 -2.652302833695894743e-02 -1.036879959383739808e-01 -3.450608652271486831e-01 -4.496194288225849878e-01 -3.266813952977538071e-01 2.498647621264920293e-01 -3.351362006210777400e-01 -3.297353022397109812e-01 3.681849668257126673e-01 3.857113734775411973e-01 3.614771774647398961e-01 5.612918906915517203e-01 1.000000000000000000e+00 6.623570324533571974e-01 2.489074939129545250e-01 6.899539738601155880e-01 4.780518521130312504e-01 7.450105516065947953e-01 4.406791417485876328e-01 5.070447595989585610e-01 5.113267890992018172e-01 6.134199301802804039e-01 5.594676770368750551e-01 4.319796856582484024e-01 8.992307802980786802e-02 -1.419636256919778183e-01 -1.612294800082717250e-01 6.112516247755093168e-01 4.001526853062904454e-01 9.521072723304373209e-02 1.471578853981331814e-01 3.564621986095860562e-01 6.243925045230428461e-01 1.361707752178401565e-01 -3.025202947861437616e-03 -8.258624173138812141e-02 2.592204180118741208e-01 3.484573301814801738e-01 3.849990527735893120e-01 5.270750725894548516e-01 -2.554031060713553569e-01 2.533326005718511409e-01 -1.359087798580772277e-01 -1.160397549922119048e-01 -9.616149659745376610e-02 3.223022070549962370e-01 1.898891931709640879e-01 -2.660599189303996526e-01 2.317408683241677439e-02 9.005229323339260239e-02 -3.300224278186333349e-01 -1.506403024643437616e-01 -4.019508558434041756e-01 -5.341744349196860808e-01 -3.776635759378039747e-01 -3.454233783855075179e-01 -3.955183617866926404e-01 3.800599214389718816e-02 -1.469707787330085391e-01 -6.468824967262586101e-02 8.827894099109695469e-02 -1.934066363643238348e-02 3.703282887999846396e-01 5.879223372652385704e-01 6.707996241268177062e-01 -2.851681032793770276e-01 -3.873445896167954788e-02 3.745739350108081012e-01 2.457853572266166520e-01 5.712302465256445805e-01 -2.566442758120318635e-01 3.515572190220670468e-01 -5.237905767872248763e-02 -9.542515711195938277e-02 -3.584070367030827153e-01 3.225251841994298818e-01 2.828049685861715457e-01 4.979938368298115342e-02 -3.236076886775580974e-02 -2.333547310211810111e-01 -1.552003515444708159e-01 -3.007088778324635836e-01 -3.270691447561498433e-01 -2.462168723775055301e-01 -2.146477210890476717e-01 -2.449080602058502625e-03 -2.155043825495289445e-01 -1.907497133907461173e-01 -3.642257183950943222e-01 2.856535409340599935e-02 -3.998677833841410290e-02 -1.972551286345162191e-01 -3.552899550105762527e-01 -3.450472510875978588e-02 -1.786819238663234777e-01 -8.280018606360602107e-02 -1.297382385360769386e-02 -3.516852177755132591e-01 -1.402458074769817320e-01
1.286418297439592962e-01 1.851764788951151541e-01 -2.779342514633521832e-02 -1.771151904631956264e-01 -3.982474361283768194e-01 -2.811163215792852332e-01 2.651741515503643898e-01 -3.075158151280865670e-01 -2.772183321090576080e-01 4.905400834541795430e-01 4.082780050947860673e-01 5.055187228699112856e-01 4.677271318876343176e-01 6.623570324533571974e-01 1.000000000000000000e+00 4.524294277085759708e-01 4.285079390439869851e-01 4.150345274631898618e-01 4.906442771067714981e-01 4.410512379840564323e-01 6.554546871864074253e-01 4.315253710396373399e-01 5.284014947816388919e-01 3.626038253348131679e-01 3.348494149235375361e-01 1.656976208498488479e-01 -8.244018202169556275e-02 -1.128413822999236593e-01 5.812130475835886045e-01 5.153536377051665118e-01 6.320924348549071536e-02 1.420603168879339406e-01 2.640537939428347358e-01 4.034184808931455257e-01 6.930963983237539705e-02 9.435594865825334965e-02 -1.159781967211183096e-01 3.089928759395592639e-01 4.700621678282455584e-01 4.510211953443862831e-01 3.044173210714874456e-01 -3.396694701370476799e-01 2.452670805208297111e-01 -1.430511315367820058e-01 -1.092279343937377772e-01 -9.688448583508707523e-02 2.120567892243293284e-01 1.571759076543498279e-01 -1.027171590264992773e-01 -9.107653366895286651e-02 1.683625930942198035e-01 -1.603591343401314928e-01 -6.561591147732923068e-02 -2.498329953902098111e-01 -5.089935493024109192e-01 -2.736997118074707136e-01 -3.951779370963861004e-01 -3.787113243140222130e-01 2.537831910214619763e-02 -2.842591662686544951e-01 -4.975101488457905896e-02 1.900695668564776064e-01 6.138510658352742781e-03 4.485239458767834031e-01 7.024922865718505882e-01 8.192754539744124820e-01 -3.841032578409958043e-01 7.913851519881896779e-02 3.728193502076667665e-01 2.224940278988885578e-01 7.145702942239853250e-01 -2.233581822105989434e-01 3.741999350984381301e-01 2.385497440432321134e-03 2.110913400609210760e-02 -4.066365522290663059e-01 5.318508895481373067e-01 3.845693226746801918e-01 4.110513921832410072e-02 8.907473440027167955e-02 -1.571883216773469760e-01 -2.505040810311580102e-01 -2.335703616008176497e-01 -3.546657905618184614e-01 -2.119036465971797512e-01 -2.649332657423053017e-01 1.100428820731555457e-02 -1.806998261040795029e-01 -1.675150490120992930e-01 -2.813287173373084094e-01 1.127566198220265048e-01 -2.030033404207744543e-02 -2.717434600410388867e-01 -3.801750010221885412e-01 -2.202291956938150566e-02 -2.832367289120303888e-01 -8.929860196801579775e-02 -5.695285472262358317e-02 -2.953881211368097337e-01 -2.099298300152216967e-01
