1.000000000000000000e+00 5.516575172166767738e-01 6.293962081915849271e-01 1.481382137832754353e-01 2.081993155231184611e-01 5.448848411787416968e-01 5.500409164789826777e-01 4.302027161617376638e-01 2.692767172123121111e-01 2.248555368220911121e-01 2.873224626305911911e-01 1.232912281609115090e-01 -1.237881511868979267e-01 -2.960315191130009627e-01 -2.936194712438688348e-01 6.456786068694022607e-01 -1.519062130530992871e-01 9.242362907140910799e-02 -1.180438864667692905e-01 -1.414282964081893870e-02 -2.241898704184813462e-01 -2.558529300421331643e-01 -3.406973484393173712e-01 1.221452909773566714e-01 2.709277536425162558e-01 7.511128085773578072e-03 -4.036649387700483316e-01 -4.215743553548613742e-01 -1.167654114064261700e-01 -4.145556457319775068e-01 -1.099609588337272306e-02 2.474995909211985257e-01 1.873886561865415190e-01 -7.462736585842137671e-02 -3.645766181505675219e-01 2.120374647437689997e-01 -6.868188028933681910e-02 5.298847276616186486e-01 5.332744722510831537e-01 4.790239871297355401e-01 1.521983248210674877e-01 2.279866826589675155e-01 -1.512076743188965344e-01 -3.467545474115243387e-01 -2.969043926016387558e-01 -4.210836061619724902e-01 -3.858986365069730362e-01 -3.718683861982396421e-01 3.959792545781982143e-01 2.548162077718973406e-01 5.975075183475890839e-01 5.970777810378642414e-01 2.323724152176711300e-01 5.273031724994992758e-02 4.126113210004984655e-01 5.011886905957829708e-01 4.033421362076784478e-01 3.036539696566672997e-01 2.253168287513302448e-01 2.168922562653105013e-01 5.576993490454461994e-02 -1.205888432203507249e-01 -2.583866177084910842e-01 -3.012783836611698240e-01 -2.729527517582088225e-01 -2.961279946343304825e-01 5.023154370254847567e-01 -1.188842770035390545e-01 -7.782676592546081129e-02 3.962829543894931528e-02 -2.560844531982728323e-01 -3.151117097631909725e-01 -3.486953023506682570e-01 5.049958726703708267e-01 1.114541564520935696e-01 2.263820630717651716e-01 -9.061189721880666403e-02 -3.490704722221157907e-01 2.643684341305458513e-02 2.150080071843623319e-01 1.691398732498100577e-02 4.245826683897134524e-02 -2.881465192314422441e-01 -3.362946091911959146e-01 -4.016168130426879812e-01 -4.273739986667712265e-01 -3.599921477767536321e-02 -3.697234699563970994e-01 1.234490727688442591e-01 2.566979304846844778e-01 2.197481875829213060e-01 1.523638652257486847e-01 5.794884087530745020e-01 1.676906163869711919e-01 -4.768376967464844213e-02 -2.895872676966001480e-01 -3.726884028346217903e-01 -3.696529673095947377e-01 4.769106416210466270e-01 3.025616066243513869e-01
5.516575172166767738e-01 1.000000000000000000e+00 7.167101264229747137e-01 4.914533204043753933e-01 6.646313001875618909e-01 7.364884642672261394e-01 6.425604964117188622e-01 6.759992046452573122e-01 4.087211806040425555e-01 2.495338344559052193e-02 9.064202304077353944e-02 7.222602714931712631e-02 -2.591909206531790022e-01 -3.237676058358412989e-01 -2.968280252811139608e-01 6.911681746685277572e-01 -2.769315473263969096e-01 1.531864513747876466e-01 -1.932500836445951720e-01 -1.191221424771999465e-02 -2.191653518451721905e-01 -3.620707798020575408e-01 -3.099848432330806758e-01 1.310252285398211779e-02 6.122653727558563519e-02 -1.195822382157336189e-01 -3.064843425565461077e-01 -3.955696433093693898e-01 -2.460864571211978102e-01 -3.520805827868175863e-01 3.461799513837842540e-02 1.624989929293497726e-01 2.251358277708357114e-01 -1.257144097245049275e-01 -3.287078371047589265e-01 4.063373252487694209e-01 -1.428698973591288612e-01 2.731575230324786441e-01 3.118013896080051861e-01 3.841342101912512130e-01 1.241644297257772506e-01 1.421367573361663646e-02 -2.196560750678892004e-01 -2.794990486246234918e-01 -2.543261607449147643e-01 -3.261356544488997478e-01 -3.173895618464269708e-01 -2.996294470940237265e-01 4.658425170909963331e-01 2.281877697894054147e-01 3.878307195819588049e-01 7.920480366695124008e-01 4.374675864081983279e-01 4.306471749363393609e-01 7.727848190679638130e-01 5.451201659169343516e-01 7.143314112916215874e-01 5.594371812330775073e-01 1.389641384308417660e-01 4.885284359208812155e-02 1.349446728193641476e-01 -1.698104169021742160e-01 -3.282734749739904534e-01 -3.053776268027000862e-01 -2.272329818799826706e-01 -2.664895470890430440e-01 5.910155223091044796e-01 -2.341490526171238207e-01 -6.708248614012621291e-02 1.753733741712538430e-01 -2.049017440016574210e-01 -3.491225899915411657e-01 -3.207039804602631605e-01 4.248453277707142650e-01 1.147267624017222695e-02 4.981180039180437696e-02 -2.176880168247614378e-01 -3.078803449940681891e-01 4.780815079252655891e-02 1.206740827262430676e-01 -1.989760764130345250e-02 9.505324503700510186e-02 -2.191616895663560383e-01 -2.770164872159421865e-01 -3.036075253733923618e-01 -3.176693266226109369e-01 -1.268239185492239518e-01 -3.677347569381243519e-01 2.338876603603986248e-01 2.459585806220077886e-01 1.824465631062250348e-01 7.677319286979593371e-02 3.365932445798018313e-01 3.501816354279345400e-02 -9.329326922853849180e-02 -2.888018741047728155e-01 -2.841052520478115628e-01 -2.816788271392405285e-01 5.502239075093969811e-01 3.286522690416336934e-01
6.293962081915849271e-01 7.167101264229747137e-01 1.000000000000000000e+00 7.220639866982925259e-02 3.555005564506723559e-01 7.224237832780743274e-01 6.433341605720831469e-01 6.105838731125796670e-01 3.898418654660326665e-01 1.592507645406110728e-01 2.236508758021861498e-01 7.985999036437341214e-02 -1.924986556757556366e-01 -3.078601618925430050e-01 -2.901047561383268136e-01 5.982227559245033577e-01 -1.864845961456344237e-01 1.813244010020485242e-01 -1.543122265265578219e-01 2.390840805674637401e-02 -1.697427564390771859e-01 -3.293478575761419336e-01 -3.272928634700643102e-01 1.038284010722239498e-01 2.276245480100645702e-01 -1.467790957998720280e-01 -3.388635906970854927e-01 -3.831885745935257326e-01 -1.133944909085413399e-01 -3.662811075585376552e-01 -1.937659929365740177e-02 9.065641451891105762e-02 1.057275769761357835e-02 -1.624049600749891825e-02 -3.320463511773540932e-01 4.053812620333978045e-01 -1.004862427677833681e-01 3.920621006033525036e-01 4.243603379855194757e-01 4.508672373915080800e-01 2.028778673604763327e-01 9.749790210096423437e-02 -2.856223007995429830e-01 -2.962926989016821944e-01 -3.310736559611937024e-01 -3.592160743395500511e-01 -3.692069265212147289e-01 -3.376423130329795907e-01 5.599330769360104654e-01 3.285655731616528574e-01 3.481928855744022555e-01 7.458085000168775958e-01 1.223861149298147571e-01 -7.610748468988642271e-04 6.577728872075561117e-01 6.139756601768748823e-01 5.652368712223122538e-01 4.908827067715830772e-01 2.855701926979654082e-01 2.865364686073292866e-01 2.277242826342806559e-01 1.174045771823426822e-02 -2.092992235323896666e-01 -2.564705761525680749e-01 -1.533625505701353142e-01 -2.656610830486706432e-01 6.234412132756421698e-01 -3.944874653077100335e-02 8.403432174673060306e-02 2.061485792281231300e-01 -1.488556390238345017e-01 -2.590939479305530146e-01 -3.055807819577491258e-01 5.386608997723467684e-01 2.243949303638581028e-01 1.437043105288792755e-01 -7.349190804136095101e-02 -3.096366994413693452e-01 2.734531956321514454e-02 -1.492199647468813416e-02 1.793882223819139587e-01 2.161067716059025534e-01 -2.783101796509205306e-01 -3.169952555421693408e-01 -3.236467883204705576e-01 -3.548046421520137939e-01 -8.876900533684164984e-02 -3.906821604805018611e-01 2.811764691012240691e-01 3.760459906355569371e-01 -4.999957113044638073e-03 1.954331909190432648e-01 3.830631810014474281e-01 7.442844664616654615e-02 -4.153543022401577633e-02 -2.854363706614118645e-01 -3.220994018489988231e-01 -3.117428396074212738e-01 5.824211915617517610e-01 4.034007300434682697e-01
1.481382137832754353e-01 4.914533204043753933e-01 7.220639866982925259e-02 1.000000000000000000e+00 8.107386498405007025e-01 4.004107121526671031e-01 1.967409280280822681e-01 4.021980959587213578e-01 3.235406998758004748e-01 -1.522470932807655497e-01 -3.824490122070013653e-02 2.477947701597781396e-02 -2.963182511414912401e-01 -2.978946899532317616e-01 -2.248135264982467352e-01 4.681575379406182069e-01 -4.009936858896677170e-01 -3.655911769253163135e-02 -1.001692908727277453e-01 -9.997302310306671602e-02 -2.871785146225636631e-01 -4.244115321694224563e-01 -2.772876443791806866e-01 -1.324164134672941584e-01 -1.451857488931330153e-01 -1.088052692152841278e-03 -2.692617653695165147e-01 -3.355089459380668493e-01 -4.399317007780118027e-01 -2.808578747836182332e-01 1.197874024032379026e-01 3.215097283804309036e-01 5.512013852529219493e-01 -3.685170062959537973e-01 -3.713684494778028422e-01 1.261723374251292329e-01 -1.939982178158879411e-01 1.127313606212481251e-01 5.938327377786440514e-02 1.456855844526261934e-01 -9.980526636816468289e-02 -9.990424830147467614e-03 -1.248422367429090213e-01 -1.290942908047892357e-01 -1.778590058547047936e-01 -2.449914846669835056e-01 -1.991628525879745593e-01 -2.524251917980625537e-01 2.737672039356954523e-02 2.673470124282208496e-03 3.984414996668036446e-01 3.635670292090178446e-01 8.218960382701380185e-01 9.057787155291947556e-01 5.064014000820635797e-01 2.231303019604878313e-01 4.762541740579703808e-01 2.844507212621080749e-01 -1.140491641169400633e-01 -1.890558340564601481e-01 -1.203430907642225739e-01 -4.331840345335961073e-01 -3.985576087154441005e-01 -2.617514087885517982e-01 -2.166444531821405117e-01 -2.011829457460215520e-01 2.492389658505775873e-01 -4.467458747369960625e-01 -3.274950457885558164e-01 -4.545525959766179985e-02 -3.331339701047156265e-01 -4.363376505423058882e-01 -3.027775787590356038e-01 6.923280814549973017e-02 -3.533511556733085479e-01 -9.954242699818625917e-02 -4.009358266364872470e-01 -2.943385346047500128e-01 1.145331598056300026e-01 4.547329603109426244e-01 -3.321066720969497732e-01 -1.800094873923013816e-01 -1.376773160545787245e-01 -2.133271123347426912e-01 -2.480531639219899220e-01 -1.807813972834300120e-01 -2.720880193724825036e-01 -3.033396019096283314e-01 -1.768693637602397270e-02 -7.983794922225183333e-02 5.120063522248898824e-01 -8.399686404913719873e-02 1.932091791800157055e-01 2.390890033112944360e-02 -1.395932991951921442e-01 -1.607506671840691903e-01 -2.078247699185633290e-01 -1.994652384228519926e-01 2.282188599523526096e-01 5.252786159541710659e-02
2.081993155231184611e-01 6.646313001875618909e-01 3.555005564506723559e-01 8.107386498405007025e-01 1.000000000000000000e+00 6.306260546350479501e-01 3.833703149012442357e-01 6.300110650429273651e-01 5.033098321726987567e-01 -1.017528436075118975e-01 -6.854570590383231299e-02 1.854992922252106033e-02 -3.378954027977509877e-01 -3.410806137117090020e-01 -2.845812864017041588e-01 5.260162376270064444e-01 -4.147445477591639729e-01 4.413498068229154692e-02 -1.474460651763122299e-01 -9.349774774416375056e-02 -2.574084585330239094e-01 -4.603561649076594042e-01 -3.040411775928150151e-01 -1.556001611787314332e-01 -4.804676594110106336e-02 -1.017757148383009597e-01 -2.657761689522705195e-01 -3.837631869029409226e-01 -4.141594564704279557e-01 -3.213189825272766420e-01 1.313664397141874607e-01 2.841378040141887551e-01 4.338494971088269203e-01 -3.029920507747912994e-01 -3.633228662916186957e-01 2.773097501049077152e-01 -2.477375919812055682e-01 1.703606120852839134e-01 1.222769903245366357e-01 2.129883243094272960e-01 1.351123090340868894e-02 -5.735621046197639933e-02 -2.001520926135903766e-01 -1.821528359866586011e-01 -1.987134488298130663e-01 -2.621160192703794745e-01 -2.461400296254183662e-01 -2.710588629726725096e-01 1.847032832209556386e-01 8.756772131877807452e-02 3.266232697787215811e-01 5.140434632539183646e-01 7.003337020026192405e-01 7.951548998124928769e-01 7.479128087229888200e-01 4.169667266676655992e-01 6.774071229718665599e-01 5.079630634549781032e-01 3.911527360325699545e-03 -9.875588219360120767e-02 2.201178986893330761e-02 -3.628646528120301751e-01 -4.078248366363096955e-01 -2.836707425233362390e-01 -1.948752322883610943e-01 -2.379879080353731746e-01 4.268016666817325278e-01 -4.153623619670304690e-01 -2.337707072836344158e-01 8.671478742477704837e-02 -2.713466939458144545e-01 -4.154778007635577253e-01 -3.231029401351429020e-01 1.884214805741796506e-01 -2.740783347905142442e-01 1.082588236758706387e-04 -3.867049095205921105e-01 -3.154130449795805036e-01 1.101122225927403386e-01 2.996800083721562480e-01 -2.002192262222248220e-01 -1.498693439718174099e-02 -1.290417506627910826e-01 -2.012594349086567480e-01 -2.436461910616476434e-01 -1.944026113515783249e-01 -2.781746032593773732e-01 -3.579752564097480882e-01 1.277684452398679393e-01 7.690665181013896234e-02 3.849930719372160470e-01 3.052714276682854180e-02 2.056018523701436673e-01 2.471012994795628373e-02 -8.431003217266590244e-02 -2.398562688249989139e-01 -2.209848761022768227e-01 -2.138353872308230430e-01 3.269198881100437992e-01 1.543432732840092358e-01
5.448848411787416968e-01 7.364884642672261394e-01 7.224237832780743274e-01 4.004107121526671031e-01 6.306260546350479501e-01 1.000000000000000000e+00 7.836026774751596591e-01 8.689144433734439232e-01 7.008515928305475429e-01 2.607846564513637833e-01 3.009355483113802521e-01 1.337250951770389551e-01 -2.752284355660326587e-01 -3.687516457567964201e-01 -3.251099972668313742e-01 6.916999564367589670e-01 -2.312259316819050836e-01 3.927536149886033390e-01 -3.852002987431731029e-02 1.751275900190162604e-01 -1.418742228913210945e-01 -4.626299638257651003e-01 -4.596226280631806049e-01 1.541492016674087528e-01 2.829926819129678917e-01 -2.359404998020477873e-01 -5.149653366553207379e-01 -5.809501122070565016e-01 -1.474790993211264334e-01 -5.183236338465349036e-01 1.339500661373900503e-01 2.970781461692986736e-01 3.273266289253293215e-01 2.249023978007665819e-02 -5.190820330843088914e-01 5.229132318964281323e-01 -1.100558002619046322e-01 4.644167068916043584e-01 5.315062115490380990e-01 6.464377790047604044e-01 3.848343064873472885e-01 3.083403997168749147e-02 -4.207376676863348042e-01 -4.074376304793102532e-01 -4.096470852301727361e-01 -5.431843219438267090e-01 -5.089580978905281494e-01 -4.995378743529548804e-01 5.539925277848398721e-01 4.479559051281590820e-01 4.280444879680134207e-01 6.738600900064500854e-01 4.122901085204798699e-01 2.994685828995050092e-01 8.528088379986199508e-01 7.587321145932972577e-01 8.305655459410132835e-01 7.780085038112076745e-01 2.923934230464081407e-01 1.374840373269565486e-01 8.664468791280012516e-02 -2.222395304917273995e-01 -3.703444826633773834e-01 -3.518740936917546525e-01 -1.346530695592461080e-01 -3.351310835924875553e-01 7.854029843383565357e-01 -1.276071768227793890e-01 8.110723081308872373e-02 3.688878105821967179e-01 -1.766785697270231992e-01 -4.911221654142470250e-01 -4.800232587357980418e-01 6.138815658053849988e-01 5.432567726439740952e-02 8.923206041472375727e-02 -1.267891320911562481e-01 -4.841787613524726197e-01 1.448508936019589910e-01 1.944406724480165216e-01 1.133239412095410209e-01 3.379604356254316544e-01 -3.510331472215237891e-01 -4.668234765510421713e-01 -5.152635870535132723e-01 -4.937276732706731841e-01 -9.199038445777844852e-02 -5.730511897919753350e-01 4.274671013186741586e-01 4.793917929979236159e-01 2.802937327548795654e-01 2.040726482360432081e-01 4.970274266530373963e-01 -8.271024004911762054e-03 -2.159889243662305447e-01 -4.652280881561151604e-01 -4.967157384531691311e-01 -4.841776075862305184e-01 7.283135351709126848e-01 4.984503651423846660e-01
5.500409164789826777e-01 6.425604964117188622e-01 6.433341605720831469e-01 1.967409280280822681e-01 3.833703149012442357e-01 7.836026774751596591e-01 1.000000000000000000e+00 7.907757716274922410e-01 5.223505435242189465e-01 3.026477167211992225e-01 3.595650940043348398e-01 2.407487976145820108e-01 -1.069738366074354935e-01 -1.953305798979607377e-01 -1.534008881335336694e-01 6.954573451706600462e-01 -3.700887581922752967e-02 4.992240278639760165e-01 6.196255086792048367e-02 3.104822286677150767e-01 2.694632997442998612e-02 -2.419609341115167567e-01 -2.810184357050386494e-01 3.497539919916609619e-01 2.648600419144325757e-01 -1.567411460658142408e-01 -3.730984516494972314e-01 -4.354645120641766898e-01 5.380630292169697598e-02 -3.604009195927903586e-01 5.800357667450681265e-02 1.278026335093662980e-01 1.388038147122432897e-01 2.081385998106852209e-01 -3.333129544114145082e-01 6.203880948914489712e-01 4.121166428561753164e-02 4.072758325495849374e-01 6.143119815024279395e-01 7.416588650606003030e-01 5.220084991033698829e-01 5.469701476950430269e-02 -3.017213170266470623e-01 -3.688551481627725948e-01 -3.048763794275614614e-01 -4.144069786649667297e-01 -3.584464957473442737e-01 -3.359901306155675393e-01 6.755416028534427797e-01 5.194358858987111471e-01 3.677919805440450496e-01 5.674218713559608940e-01 2.231881607441273396e-01 9.280673669781454305e-02 6.744735221466567898e-01 6.124461749978736824e-01 7.305626392571165084e-01 6.990945414805426195e-01 2.455429215046651403e-01 1.391622847018046671e-01 1.285494450929943189e-01 -8.782599621745960927e-02 -2.386123469427836596e-01 -2.173766817140301011e-01 -2.779960458225049641e-02 -1.784339180314264695e-01 7.842919270439293600e-01 3.114830498758520277e-02 2.219205674105181048e-01 4.594692108772982508e-01 1.232431797032607947e-02 -3.501519175850271171e-01 -3.185800050726718680e-01 6.212921222857349379e-01 2.501784267391681249e-01 4.346565308513269943e-02 6.407588148491773217e-02 -3.075567924512837559e-01 2.847747502656680293e-02 -2.780069384876836580e-05 2.258511322527480270e-01 3.832190205320191168e-01 -3.484647389243490379e-01 -4.181712015335085075e-01 -4.152350931833543313e-01 -4.070721597851165718e-01 1.104770243699858684e-01 -4.448726257028335906e-01 5.438762373156873497e-01 5.586372709502246403e-01 6.165666810309344131e-02 1.231867807856475150e-01 3.955181088301287784e-01 -9.078868146107917092e-02 -2.092797974498507574e-01 -4.083982806228854678e-01 -3.761553333431721380e-01 -3.553840906678856215e-01 7.830050492684869079e-01 5.885229974282661924e-01
4.302027161617376638e-01 6.759992046452573122e-01 6.105838731125796670e-01 4.021980959587213578e-01 6.300110650429273651e-01 8.689144433734439232e-01 7.907757716274922410e-01 1.000000000000000000e+00 7.659905562122112377e-01 2.361687029430948603e-01 2.775749109092782163e-01 1.301734407160041185e-01 -2.405465941835236154e-01 -2.570678779293273375e-01 -2.131995299655504716e-01 6.434457800909162417e-01 -1.491228822421706290e-01 5.333804443250538263e-01 6.693062294674782808e-02 2.919763331000509998e-01 -8.457028596877249130e-03 -3.975942749246610952e-01 -3.573035575900460059e-01 1.962590154951197874e-01 2.059711892379356979e-01 -2.909558258915374007e-01 -4.274458994024325498e-01 -5.327696039911957726e-01 -5.806669384324457395e-02 -4.247486935615345516e-01 1.583476432300294501e-01 2.203141221792629112e-01 2.838130169099170041e-01 1.244319268282801649e-01 -4.421716404857858329e-01 5.617776614888922992e-01 -3.427067354165385521e-02 3.530380095644887750e-01 4.479759493118198321e-01 6.318322806855615204e-01 4.768206834578624376e-01 -4.405425836378532023e-02 -4.129813613126900318e-01 -4.053623820050933357e-01 -2.952116814651922772e-01 -4.661470259532676241e-01 -4.235242365094796790e-01 -4.053398797342798177e-01 5.154390517593850918e-01 5.137449932612602188e-01 3.433155429511870471e-01 5.947987182453801092e-01 3.949706629853333983e-01 3.145945366208009464e-01 8.440565689914762970e-01 6.824344091303592430e-01 8.693424516717876971e-01 8.625369042453377988e-01 2.423292953894147506e-01 2.691480468673760479e-02 3.011674485069876228e-02 -2.174075844388643486e-01 -3.084956048446123034e-01 -2.608380190755952288e-01 -2.585534600023506324e-02 -2.285525085364888132e-01 7.437022767547649682e-01 -6.927514787882065039e-02 1.836683118748186072e-01 5.103420265015268242e-01 -4.056620866660804597e-02 -4.574246857828548896e-01 -3.922108364516967427e-01 5.287977626952009569e-01 3.618462787270909642e-02 -9.964719344304340601e-03 -5.036965012010184706e-02 -4.011410512077633883e-01 1.175632325716556154e-01 1.033351328025245014e-01 1.362696233166171556e-01 4.419864249632747821e-01 -2.809713398208946722e-01 -4.070000195775293483e-01 -4.477540081906903890e-01 -4.246980435899062600e-01 -2.337138373459803423e-02 -5.359766438176866155e-01 5.215170468582199792e-01 4.585383879343796765e-01 2.288681891339277574e-01 1.413855689930462456e-01 3.610194694602986698e-01 -1.267702101615995613e-01 -2.872498699725308247e-01 -4.840854378314722317e-01 -4.175799365094561844e-01 -3.991749744474328288e-01 6.724209253322982471e-01 5.140228717200640007e-01
2.692767172123121111e-01 4.087211806040425555e-01 3.898418654660326665e-01 3.235406998758004748e-01 5.033098321726987567e-01 7.008515928305475429e-01 5.223505435242189465e-01 7.659905562122112377e-01 1.000000000000000000e+00 4.807493915806784202e-01 1.999040175474379177e-01 -4.580746578280821962e-02 -3.020966703852336899e-01 -3.431488607373433530e-01 -3.377871979019826387e-01 4.294492409008785483e-01 -1.174680871386948738e-01 4.853183095530633206e-01 -2.225560866669163904e-02 1.670583010343725527e-01 -6.575908881333603073e-02 -4.058865798893840360e-01 -4.611196410244138844e-01 8.796591548322787654e-03 4.372297205469968251e-01 -4.484683208480843009e-01 -5.209990799691558427e-01 -5.973199109880458213e-01 -2.913012913319621561e-02 -5.207593695601360206e-01 3.953187573617010786e-01 5.126224612097878275e-01 4.789934152965052983e-01 1.557247945249625454e-01 -5.123022801759661293e-01 1.408470489951465232e-01 -1.399637204828594050e-01 4.573994398446858400e-01 3.295363331924890393e-01 5.839511671571079310e-01 4.055325501878910832e-01 -1.218574759575880989e-01 -4.667002036984958524e-01 -3.689034493120793567e-01 -3.121352345110572357e-01 -5.506626688153741789e-01 -5.553346218060347672e-01 -5.213790695689928256e-01 8.544071070601452766e-02 3.636556480783368905e-01 2.517822257373823480e-01 3.817502569445446192e-01 4.314887408016336301e-01 2.536863025380360903e-01 6.828830569064774370e-01 7.621290588291244061e-01 6.832672214698333191e-01 8.136070143734192017e-01 4.785432599295017519e-01 4.835901617451098672e-02 -1.109760226307680425e-01 -2.007163679163153081e-01 -3.396619423451249786e-01 -3.590037790259337780e-01 -1.199137335178665498e-01 -3.573603691799687176e-01 5.639764986767632493e-01 -2.287000336157257382e-02 1.456853808933716576e-01 4.067403581892035103e-01 -1.082832118185452774e-01 -4.233131658976457823e-01 -4.826209851613262880e-01 4.800718085052252393e-01 -5.375269322358323248e-02 1.234041367473607820e-01 -8.378806601680836852e-02 -5.089870111903368466e-01 3.569260810096214764e-01 3.461666963652964557e-01 2.545649084506592524e-02 4.903441668812159038e-01 -2.104165912890335610e-01 -3.778717445695124466e-01 -5.275578341546980354e-01 -5.082359665899305323e-01 -1.190139496916454015e-01 -6.070094008647487493e-01 2.723415511166040193e-01 2.557209830427852881e-01 4.538513429692452861e-01 4.060152936485315611e-01 3.977984852160707518e-01 -2.911187534144408368e-02 -2.943102661972655798e-01 -5.053065560358385166e-01 -5.248543338885863774e-01 -5.160387130724127802e-01 3.608098666605719651e-01 2.529447753524808884e-01
2.248555368220911121e-01 2.495338344559052193e-02 1.592507645406110728e-01 -1.522470932807655497e-01 -1.017528436075118975e-01 2.607846564513637833e-01 3.026477167211992225e-01 2.361687029430948603e-01 4.807493915806784202e-01 1.000000000000000000e+00 4.262125439666490934e-01 1.381367695051724243e-01 7.874194718829770345e-02 -1.625637173954934123e-01 -2.461677742252668666e-01 1.741141028721230055e-01 2.762905511941491921e-01 3.328250755878917055e-01 -2.733447543649872649e-02 1.007682712332622493e-01 -8.426552956265714531e-03 1.017200721624906823e-01 -2.942433557907978559e-01 1.970496461658782505e-01 6.988358873970896834e-01 -3.542030702318897384e-01 -3.333545189674981812e-01 -3.129313176313511802e-01 3.015273473360566281e-01 -3.894458466301949917e-01 5.139264985566835975e-01 4.671171626072499472e-01 3.868214592867951218e-01 3.682283496784684584e-01 -1.875098705259539977e-01 -1.571255688169696796e-01 1.113025958776036883e-01 4.984079852380545184e-01 4.124310475369367124e-01 5.500267832262208945e-01 3.936820269360699065e-01 1.283551188200025839e-01 -1.885309689605255135e-01 -1.287325120900181530e-01 -8.371553251244685800e-02 -3.966429423053112191e-01 -4.156119033723065792e-01 -3.745106691233701657e-01 -9.557664372108683193e-02 2.608938991693705023e-01 2.290557385286998149e-01 6.034976959516203526e-02 6.453214383192117098e-02 -2.392476841970703760e-01 1.364690937195620346e-01 5.323762226769329642e-01 1.123142353723107362e-01 3.372758334366637856e-01 6.377156346323415992e-01 2.793202239234878204e-01 -1.796668365978645598e-01 1.191515980951027426e-01 -1.164874755313790033e-01 -2.957063586103556574e-01 -1.765390834955337107e-01 -2.973001555939273621e-01 2.200956523942453336e-01 2.478909810517841428e-01 1.956396282395804209e-01 1.321044537028121246e-01 -7.668029403537389432e-02 -1.354375609097291377e-01 -3.337721267584586871e-01 4.258631190986194026e-01 2.096711903623393602e-01 1.576062099395043326e-01 2.088564622533624349e-01 -2.722830324513054734e-01 4.337364204871989593e-01 2.304596312833552540e-01 4.181601496707897103e-02 3.217020214417750656e-01 -2.327177902504228707e-02 -2.840877141236843317e-01 -4.061877206276588437e-01 -4.899212979615101271e-01 1.618194378190016547e-01 -3.346131424129526466e-01 6.313071718606746985e-02 1.507253741327392038e-01 3.558850054318983269e-01 4.153851303361526526e-01 3.666681184399939730e-01 6.709658823007388917e-02 -3.088162914297319928e-01 -2.179983820416395990e-01 -4.109757780618273904e-01 -4.382794757019579102e-01 1.883633554739806426e-01 1.804546748383623611e-01
2.873224626305911911e-01 9.064202304077353944e-02 2.236508758021861498e-01 -3.824490122070013653e-02 -6.854570590383231299e-02 3.009355483113802521e-01 3.595650940043348398e-01 2.775749109092782163e-01 1.999040175474379177e-01 4.262125439666490934e-01 1.000000000000000000e+00 6.703354159233146925e-01 1.967813802001396883e-01 9.795290557039706969e-02 1.110379701796907759e-01 2.581892490960052688e-01 3.018466666340281490e-01 4.426857388316697839e-01 3.880499269719155375e-01 4.602309607402284564e-01 1.801109572548435789e-01 -3.603450820130146143e-02 -1.249809471435913005e-01 6.822960517597613794e-01 3.493559977997282573e-01 1.155849610511571340e-01 -3.491098166280474646e-01 -3.237355605801858216e-01 2.560309166353897936e-01 -1.787166026012262099e-01 8.808545121736771621e-02 7.410034680248429872e-02 1.164592109234056094e-01 2.922091198418669822e-01 -2.497542186632476235e-01 3.319208296713884732e-01 4.765758905154212632e-01 3.697854004703625130e-01 6.132123278487121576e-01 5.739440983765075055e-01 5.004394922677365409e-01 2.522013305151601381e-01 -8.460279790876455708e-02 -2.223071778650819452e-01 -2.620406099057643323e-01 -3.708416438770920642e-01 -2.051663880628329661e-01 -2.648035178020304303e-01 3.956980755389811755e-01 5.788022519615866335e-01 2.569624521413691465e-01 1.354949508898062871e-01 2.058837133238147765e-02 -1.365117081590578041e-01 1.400890896802164665e-01 2.312965916358921126e-01 1.658782511723670416e-01 2.491989903707046150e-01 2.847572271400333754e-01 4.723005241113142905e-01 1.869025367022603967e-01 1.521992796628580114e-01 6.828342434571790798e-02 5.188531902917547373e-02 1.862349885190008880e-01 2.023789398521447583e-02 3.646147215545051390e-01 3.263943885103290365e-01 3.069638247212528870e-01 2.879541542229431816e-01 5.592020519059517913e-02 -2.669865331178372103e-01 -1.964967943150837948e-01 4.861385947219990511e-01 4.427533925578000518e-01 -1.673818999844706472e-03 3.001721287571216257e-01 -1.982663616189802303e-01 9.340902226593494895e-02 2.123223956172646740e-02 2.831677143517964956e-01 2.837737734194411554e-01 -4.121725756328411538e-01 -4.754599411577267176e-01 -4.419395904171640743e-01 -3.292473381562632251e-01 3.958805923097079016e-01 -4.154542979744860198e-01 3.723580023948996343e-01 4.206998246721013190e-01 8.623283909247268786e-02 -1.326372282629693575e-02 4.295797487417427618e-01 -2.982128934743006124e-02 -2.345569909890595495e-01 -2.281181408304300828e-01 -3.518973566701917299e-01 -3.323899355084014573e-01 4.980232915264344307e-01 4.941224951661988274e-01
1.232912281609115090e-01 7.222602714931712631e-02 7.985999036437341214e-02 2.477947701597781396e-02 1.854992922252106033e-02 1.337250951770389551e-01 2.407487976145820108e-01 1.301734407160041185e-01 -4.580746578280821962e-02 1.381367695051724243e-01 6.703354159233146925e-01 1.000000000000000000e+00 3.156937014424318066e-01 1.963943737971219350e-01 2.453663974358202549e-01 6.115543146234239669e-02 1.984124940214589683e-01 2.582316867573028474e-01 3.807997319546023718e-01 3.409064076974565594e-01 2.547466162120868294e-01 9.425409942670440189e-02 9.023984669479565013e-02 6.123580663629585308e-01 1.768661838247579665e-01 4.832554918902315921e-01 -5.938826341169282236e-02 -7.794450706686276154e-02 8.143325004867921213e-02 5.087151681484741034e-02 -5.557192066856179308e-02 -7.915475550788746151e-02 -6.533173123349159117e-02 9.804640282894339087e-02 6.080279595143719962e-03 3.787549332000605395e-01 2.853857127619848222e-01 1.740868884645894732e-01 4.310876244144239977e-01 3.019042699288383425e-01 3.062797090380282028e-01 3.240979800387778775e-01 2.931784836345092127e-01 -1.079385181607278865e-01 -1.120972955259830206e-01 -9.298987197794289505e-02 8.686386381237015675e-02 -9.793791357575317921e-03 3.656778770258635181e-01 2.918457869899632184e-01 6.475392305694507855e-02 2.180252379165245613e-02 -2.396379832004162311e-02 -2.364911781715593395e-02 6.773865513550554607e-02 -9.534853201589286315e-03 9.680734887932701538e-02 7.596271103964211124e-02 8.315717150297290139e-02 4.785980705681490144e-01 4.565270919909588110e-01 1.430923546044921835e-01 5.723124375353116911e-02 1.556135680705885427e-01 2.540589502055232152e-01 1.959215081539811554e-01 1.982277610229545850e-01 1.270728355598911286e-01 1.327802068493209309e-01 2.067681983863949302e-01 1.331229069259387277e-01 -1.011001652143041080e-01 -1.484997192988217127e-02 2.562819830346682037e-01 3.566249479275546141e-01 1.621024078407577451e-01 1.403925830759270577e-01 3.057465807165199445e-02 -1.352443721862941484e-01 -1.212892078081090202e-01 1.356279017567469936e-01 5.334880712036102479e-02 -3.213703825989387974e-01 -2.516474767007779167e-01 -1.674840427197939741e-01 -2.369220707495740819e-02 2.592466409593726095e-01 -1.369837039469635476e-01 2.864476031021775393e-01 2.745505748168635130e-01 -1.017196742349145699e-01 -7.717401985663847885e-02 2.061215211398837732e-01 3.713648154564232196e-02 6.457987621825550528e-02 -9.134432040359544147e-02 -8.436827095091303796e-02 -6.288333896157141667e-02 3.225679224894519859e-01 2.825486890531946349e-01
-1.237881511868979267e-01 -2.591909206531790022e-01 -1.924986556757556366e-01 -2.963182511414912401e-01 -3.378954027977509877e-01 -2.752284355660326587e-01 -1.069738366074354935e-01 -2.405465941835236154e-01 -3.020966703852336899e-01 7.874194718829770345e-02 1.967813802001396883e-01 3.156937014424318066e-01 1.000000000000000000e+00 7.865263616240142364e-01 7.491977339679137815e-01 -3.704626627807269257e-01 7.727265045242582842e-01 2.741273635690227306e-01 6.513163921848503790e-01 3.993208996263860611e-01 6.748954871217300866e-01 7.876593907666590288e-01 6.999701588332760682e-01 5.366847182785233761e-01 -2.939723454859324847e-01 1.280719332305151892e-01 4.794389655852749343e-01 5.356701342610987737e-01 6.589639065607741930e-01 6.049756337156027008e-01 -1.798054017070391530e-01 -5.071989627470242512e-01 -4.045105507059688632e-01 5.537900886882006768e-01 5.745317678006278683e-01 1.081440370117714711e-01 5.857187995743929898e-01 -3.750717195876470678e-01 -7.457791399721561132e-02 -1.297382799410033150e-01 2.870091644992098789e-01 2.533336885949283995e-02 3.214956274776778478e-01 1.368783581442455377e-01 4.287275927806559750e-01 4.327831131910718221e-01 5.941660593093239795e-01 5.799421445747612314e-01 8.700079407366548279e-02 2.042519623936958073e-01 -2.903380141131797765e-01 -2.937480896144309961e-01 -4.127750385851626236e-01 -2.998408113491464744e-01 -3.263380378944155669e-01 -2.770874001274173937e-01 -2.655685921577295994e-01 -1.783440162070469570e-01 -3.384374749943677707e-01 -4.097944946349239836e-02 -8.915678091600157118e-02 5.176690888261061829e-01 6.649852221232608329e-01 6.460287639728533593e-01 5.707389139380973919e-01 7.133905805928691946e-01 -2.587486816189630834e-01 5.203184288068126717e-01 3.967403200915744499e-01 1.613805545212334824e-01 5.800747363369666010e-01 4.398833754096369564e-01 6.128404396668513110e-01 -1.879913197034074057e-01 2.730041190481093394e-01 -3.246773129620254550e-01 7.013707049606835442e-01 6.812798047104090537e-01 -3.404971638614630036e-01 -5.210711577041257092e-01 3.215028679838312642e-01 8.941267176197476019e-02 8.991701628326198570e-02 1.761991611929986379e-01 3.525182256031982875e-01 4.105192947485357680e-01 5.519424756618737105e-01 3.888232446727868385e-01 1.928287591318200156e-01 7.353765103238525669e-02 -4.560506382650547086e-01 -5.034745811257965720e-01 -3.116981045939831163e-01 -3.992278054924020547e-01 -1.296433622524061635e-01 2.393404214307513489e-01 4.334558108952257238e-01 4.693309482778877384e-01 -3.862937887177715635e-02 1.882136401509836854e-01
-2.960315191130009627e-01 -3.237676058358412989e-01 -3.078601618925430050e-01 -2.978946899532317616e-01 -3.410806137117090020e-01 -3.687516457567964201e-01 -1.953305798979607377e-01 -2.570678779293273375e-01 -3.431488607373433530e-01 -1.625637173954934123e-01 9.795290557039706969e-02 1.963943737971219350e-01 7.865263616240142364e-01 1.000000000000000000e+00 9.034580863604093626e-01 -4.469178206866109559e-01 7.732173070155016203e-01 3.304937474575714851e-01 7.280968701703794954e-01 5.110186029824507203e-01 7.725070704591832094e-01 7.328207583848526108e-01 8.651600292131564895e-01 5.050688576614933423e-01 -4.627619832011780621e-01 2.687870353112361069e-02 6.075245249055944985e-01 6.150281854681868277e-01 7.062634770553773977e-01 8.078045358770709061e-01 -3.006924893375136354e-01 -6.567173897243048231e-01 -5.388616514889357223e-01 5.946600229284495498e-01 6.400728469110270602e-01 1.699273348779720139e-01 6.685603609073325071e-01 -5.648347068158321438e-01 -2.186818632470072243e-01 -2.512043222663601361e-01 2.895953621076545748e-01 -1.323978542160351435e-01 2.060628948543599959e-01 1.396991460514397931e-01 4.976736195237810856e-01 5.898077749886895260e-01 7.652980242494688001e-01 7.479486094554601561e-01 1.022356461447151560e-01 2.429932891840979603e-01 -4.337062417538314896e-01 -3.469255926504198340e-01 -4.740697433432056740e-01 -2.647514372105358449e-01 -3.565400792485629022e-01 -4.191629365781489036e-01 -2.587569953961193492e-01 -1.705823958186896139e-01 -4.612315069950514990e-01 -1.404421107924997414e-01 -5.927312196501641900e-02 4.982269782734222718e-01 8.132545113646753032e-01 8.571499219916330903e-01 7.565586400689985336e-01 8.798266817081489277e-01 -2.924782821180266223e-01 6.011367763495873984e-01 5.408077033520015675e-01 2.773476282789196223e-01 7.449700997980646111e-01 5.006749493987434629e-01 7.961908525293474037e-01 -2.933835672389014104e-01 2.804744646128053964e-01 -4.438401827705470426e-01 7.274074168239383908e-01 7.711479790186086536e-01 -4.146563384000147012e-01 -6.232619221148504307e-01 4.406994760693421220e-01 1.986853373341050388e-01 8.994504879224482496e-02 2.710451077336240022e-01 4.932174172918474264e-01 6.000145864699472087e-01 6.458181676686099992e-01 4.523352102661124530e-01 2.745623860331068422e-01 9.615356581524542312e-02 -5.867959564033620179e-01 -5.934569149529712595e-01 -4.764301563636729187e-01 -4.804840141063490000e-01 -1.388172749683415919e-01 2.238392002790167701e-01 5.970947236282456716e-01 6.492620332653854520e-01 -8.393127495223302870e-02 1.863731220002433631e-01
-2.936194712438688348e-01 -2.968280252811139608e-01 -2.901047561383268136e-01 -2.248135264982467352e-01 -2.845812864017041588e-01 -3.251099972668313742e-01 -1.534008881335336694e-01 -2.131995299655504716e-01 -3.377871979019826387e-01 -2.461677742252668666e-01 1.110379701796907759e-01 2.453663974358202549e-01 7.491977339679137815e-01 9.034580863604093626e-01 1.000000000000000000e+00 -4.177151645602056318e-01 6.809506511066095724e-01 3.545272124423455296e-01 7.665348034334702465e-01 5.712559716084771866e-01 8.157390811760103499e-01 6.356533431353504904e-01 8.282060720979550483e-01 5.403164484416353996e-01 -5.039801912202153122e-01 9.928527658188758542e-02 5.517116188883703920e-01 5.627737664981921073e-01 6.367491401755639435e-01 7.960905976675303197e-01 -3.344261957303497068e-01 -6.616367823255591141e-01 -5.392375944082034023e-01 5.437090026962941858e-01 5.592379945893558579e-01 2.687725173997875805e-01 6.343457398451026741e-01 -5.682087477919303131e-01 -1.996178498223474262e-01 -2.252907063237075125e-01 2.936044999532398947e-01 -1.281999481401878693e-01 1.901837062657289190e-01 1.002595006026760355e-01 4.021571454172256921e-01 5.523154970255985674e-01 7.407471899393438530e-01 7.149327563685660136e-01 1.857922988226081984e-01 2.725282224321478042e-01 -4.342008465910021653e-01 -3.217955142174120930e-01 -4.295118015255269261e-01 -2.094631920687562709e-01 -3.203214370551658585e-01 -4.314804239194820479e-01 -2.084996137143636796e-01 -1.459254542315426839e-01 -5.040770913342524917e-01 -9.971049403243138765e-02 2.038141950016252729e-02 4.613533691213217991e-01 7.702786629522682116e-01 8.694623349694137193e-01 8.304128384049013212e-01 9.214513188504018792e-01 -2.389659121438449940e-01 5.738981561513517571e-01 5.363249911489119670e-01 3.386186624205138607e-01 7.721872290622900925e-01 4.490050623818941378e-01 7.750938975396000075e-01 -2.755821541093990690e-01 2.927642873927140954e-01 -4.231530538764060601e-01 6.944158131122591948e-01 7.371597019401829876e-01 -4.438632265688742251e-01 -5.926643191915721420e-01 4.565185706391382547e-01 2.025527524581871297e-01 -2.055944829092990964e-03 2.099681677231759747e-01 4.471955372117452643e-01 6.053942936096793348e-01 5.893897520348254648e-01 3.871919439626524961e-01 3.427873075860679020e-01 1.559357404626168786e-01 -5.986169714062846703e-01 -6.097997028081296733e-01 -4.670477311270128662e-01 -4.729925663127570457e-01 -9.626930802335605108e-02 1.672111787474128419e-01 5.653276082630157573e-01 6.345062747322264274e-01 -1.313820376415948676e-02 2.378145593365850741e-01
