1.000000000000000000e+00 3.976314463376545705e-01 5.865362849772500775e-01 2.284189221199851016e-01 6.420213194091883846e-02 2.379300335619854989e-01 4.355067479607128145e-01 1.735016046530715728e-01 9.548580797766970107e-02 3.574656082337651641e-01 4.651416984838208091e-01 3.601694391175494503e-01 2.302889437267442441e-01 5.076074629924258452e-03 -3.415623888436455924e-01 4.282380098450001005e-01 2.671322734351673153e-02 5.682820213058379505e-02 1.884690269754604464e-01 -1.297394328648923123e-01 -2.240287441119065415e-01 4.169510403233817053e-02 -7.259903074308607374e-02 3.162780023357051329e-01 3.435289099758506159e-01 5.863860498265729970e-02 4.460130935167617300e-02 -3.489142693408940343e-01 -2.040525248539988845e-01 -5.114703085007381578e-01 -9.436753979420516025e-02 3.710923800936558603e-01 2.275928781927448116e-02 6.087535148562734505e-02 6.114071359968396846e-02 2.764239885919317907e-01 -4.473511425259032309e-02 3.041233413558050991e-01 2.149219527355895887e-01 4.306346022434346388e-01 3.442783430515789500e-01 1.555443547381100411e-01 1.771322636637981951e-01 -1.042161329470050191e-01 1.767611154219375091e-01 -2.245054120286944233e-01 -7.426185704194968040e-03 -1.370994536665151864e-01 2.857744752580567704e-01 9.452961457463042450e-02 3.925182175635765769e-01 4.645345647155693092e-01 2.196464036294890620e-01 3.811099229737308081e-02 2.674973903162927713e-01 3.014799445435123459e-01 6.998398711174055875e-02 -1.355776088839709403e-01 -2.979143766525711445e-01 -1.919684374012790573e-01 -3.218416924172953220e-01 -2.528951663856714993e-01 -1.498404216022358459e-01 -2.823288908606432779e-01 -4.561287091491109114e-01 -3.738626813378684299e-01 9.575442563812082419e-02 -3.805251878247138952e-01 -2.939570385613945458e-01 -3.311637232926973318e-01 -3.852922290417271078e-01 -3.291814131013141020e-01 -4.329903934018591860e-01 1.064606925030766316e-01 -2.960390748655308268e-01 -3.333528707778014577e-01 -2.695211780147686587e-01 -2.832177645812810618e-01 -3.011590559673480577e-02 2.328107727794266613e-01 -1.817610373205132412e-01 -8.090848297711772386e-02 7.019917604249606424e-02 -2.900110381199508258e-01 -2.736154925505590585e-01 -2.276409776754448333e-01 -4.135663112400646269e-02 -9.969605829474946501e-02 -1.131697944476962175e-02 -6.138055044804750088e-02 1.883363821628751544e-01 -2.887839990608589980e-01 -2.329640989998107148e-01 -1.849654832843302399e-01 -2.192462018262218704e-01 1.933768484471129825e-02 -6.141555994137420232e-02 -3.668064655419271403e-01 1.874398437657299465e-01 1.383281045119124086e-01
3.976314463376545705e-01 1.000000000000000000e+00 6.394227265845887631e-01 2.513041004478380192e-01 3.262641272441595408e-01 2.295740553983695309e-01 3.575032029296003055e-01 3.615905534843145697e-01 2.429716410214478040e-01 2.458435403604054270e-01 2.829120946280971327e-01 3.839853749453648324e-01 1.758340393274465951e-01 3.396707895501005492e-02 -2.226828115448486467e-01 3.804349005323122146e-01 2.586952701131190954e-02 1.139386856102463236e-01 1.199609429842621033e-01 -2.244908780408310101e-01 -5.221758656522238612e-02 -6.378924380993034049e-02 -3.815407569480677719e-02 3.632075927986257446e-01 1.497604231511523720e-01 1.372918008858302619e-01 1.396531257684324456e-01 -2.535751451974848081e-01 -6.129686271234777856e-02 -3.256906050055993207e-01 -6.604660106510994166e-02 1.630784662483143743e-01 -3.289785300405405344e-02 -2.552421463081189223e-02 -2.315577259195951074e-02 1.500554950434633272e-01 1.684247476366253563e-02 2.170027505929983391e-01 8.902056468767424735e-02 3.605834097420097528e-01 1.259592105298749654e-01 6.190284655510380762e-02 8.281698335464643401e-02 -6.690243661972707090e-02 1.333248671545323449e-01 -3.243361227296503446e-01 -6.893401456495860946e-02 -2.164165412267039512e-01 3.178579596336129909e-02 -1.580140002703312452e-01 2.770844636838798447e-01 5.308721270505235568e-01 1.905150738117526443e-01 1.648333437182774031e-01 2.589496656450687162e-01 2.157172163411862909e-01 1.954542336971318572e-01 1.805931772480504349e-01 -1.815824987313131023e-01 -1.242681348601348268e-01 -1.761896868536403371e-01 -1.665430299900604316e-01 -6.094738032258881222e-02 -2.533071302865254615e-01 -3.050450495374279480e-01 -2.302240260514647197e-01 -7.124325682319322499e-03 -2.796746819978171983e-01 -2.802936648476037074e-01 -3.628745213714109075e-01 -3.978411421971321804e-01 -1.928497627039839346e-01 -3.825417748884790137e-01 2.104395528590641828e-01 -3.861574672070545999e-02 -1.583171341636356588e-01 -1.241974910078712663e-01 -1.939179766645558189e-01 -1.254946532461561626e-01 1.180229987310123102e-01 4.451334343123409393e-02 -2.882597856715116147e-01 5.028914197549581161e-02 -2.941606615275917935e-01 -1.732796153789814830e-01 -2.886056213155012151e-01 -3.504443672835816370e-02 -1.020919452795780585e-01 7.154473183620944921e-02 2.140894412233220606e-02 1.325773550401728729e-01 -2.708910255184889815e-01 -1.238572882620082305e-01 -2.177843345215731141e-01 -7.434955151350219893e-02 -5.303921839591723558e-02 -7.250462916714582595e-02 -3.273642076623375918e-01 -2.748335223758508958e-02 -7.075804812981723035e-02
5.865362849772500775e-01 6.394227265845887631e-01 1.000000000000000000e+00 1.018787620814545908e-01 1.486086666788621891e-01 4.751392017702626425e-01 4.064739464670818481e-01 2.839362366010455552e-01 1.785910276691816401e-01 2.564536398815571716e-01 3.372381181268852002e-01 4.679573800550398399e-01 2.489723697087857235e-01 2.914465824914690834e-02 -2.871485694540880651e-01 3.676472797117062985e-01 6.304497851698783600e-03 2.374532152802627805e-01 2.608235691944086887e-01 -1.469366231378116394e-01 -1.678028811666257836e-01 -3.592850627238223377e-02 -1.483750030083058787e-02 3.820981749028222185e-01 2.110158011512287823e-01 2.228674564070418640e-01 1.336627639831222958e-01 -2.407663746621274692e-01 -1.902487239909793348e-01 -3.928846205250495771e-01 -1.516994717980732210e-01 9.912588247602643898e-02 -3.534616852005352527e-02 2.551766599306412933e-02 3.172828174812634960e-02 2.735474449435724154e-01 2.855060278186231926e-02 8.891755198345983879e-02 5.034053350080099770e-02 3.827835849477192465e-01 1.774137543965579322e-01 2.152594142350011848e-03 9.902599520557897605e-02 -1.922206119710365146e-01 1.423789473600916566e-01 -3.723570066539894086e-01 -8.240814166083498815e-02 -2.252116717857362838e-01 1.341299500015833146e-01 -1.208901587776292225e-01 2.368305975165386212e-01 5.244423914681856091e-01 1.365545495329897330e-01 -4.871451150394014162e-02 4.250985304937207609e-01 4.441041697641572861e-01 1.453390691266367440e-01 7.682595948194777258e-02 -2.884662306900225293e-01 -1.162459875153678823e-01 -1.854898487513306493e-01 -2.105767921698534773e-01 -5.584048749924376553e-02 -2.595187757600875833e-01 -3.623404514907154206e-01 -3.144337774638544247e-01 -1.854944777944025555e-02 -2.605021315788583758e-01 -2.939268056481446623e-01 -2.786752166365464300e-01 -3.643924035793513205e-01 -2.081052943815560607e-01 -3.807458951238513745e-01 2.742681251199353687e-01 -6.824724203144917622e-02 -1.735732588455627945e-01 -1.447219798835142346e-01 -1.874157084884160440e-01 -1.547254972824905483e-01 1.112005189746556322e-01 -1.230894728408855193e-02 -2.224887672202464362e-01 3.347495215047709832e-02 -2.860168620163666131e-01 -1.526289468239191427e-01 -2.259705022359778936e-01 -1.184048110229254588e-02 -2.574766610967586106e-02 9.502904338446258037e-02 -1.141779375358873208e-02 4.705117954266401989e-03 -3.546112095099797079e-01 -2.621522803845000582e-01 -3.286749589171241714e-01 -1.654608004110569852e-01 -8.463159790710002295e-02 -3.328596558107559805e-02 -3.726360010026420477e-01 1.148940891364013950e-01 -3.595236598248571780e-02
2.284189221199851016e-01 2.513041004478380192e-01 1.018787620814545908e-01 1.000000000000000000e+00 4.148993943394185813e-01 8.845848739280207096e-02 5.306932557140286999e-01 4.532066835630114698e-01 4.090061244128178064e-01 5.021884444383237778e-01 2.782644753072786026e-01 1.052847822645216038e-03 1.587511762206136046e-01 1.723947397923579483e-01 -1.082711914324775565e-01 4.444685603136433460e-01 8.355917252336558798e-02 5.465340550413087806e-02 -8.898704176448210545e-02 6.019488580877063039e-02 3.251682705952863572e-01 -3.781517965504661155e-02 -9.734843573583724929e-02 1.193408406089600804e-01 2.605987308057654550e-01 -1.061706665484074136e-01 -3.283129289540474838e-02 -2.351327804449636905e-01 2.867921934217705915e-01 -3.777643245128489702e-01 -2.418340112223447413e-01 3.144136411408994802e-01 1.432390530962690534e-02 -2.687141745659329256e-02 -1.746482015987692316e-01 6.242849186336011519e-02 1.827926796534977139e-01 3.842660285089593564e-01 2.049846732737332367e-01 2.510663210852828731e-01 1.433255632376052024e-01 -6.518036341931184377e-04 -1.393778601812593887e-01 -1.557453646231926336e-01 -1.074911746225943043e-01 -1.625441678219618491e-01 9.949233273932732435e-02 -2.334684958136563349e-01 5.833158649333278906e-02 1.212329538147179503e-01 3.551277979831348186e-01 2.842995205652369406e-01 4.795505399138095814e-01 5.132524963879376845e-01 1.395219565355406421e-01 1.192844717507171720e-01 2.572111012179294498e-01 8.867505607365516740e-02 -2.160708050453444273e-02 -2.150631146246207714e-01 -2.857897057028627175e-01 -2.772197375642667661e-01 -1.014914954931499247e-01 -2.744312293245688705e-01 -2.599704900348574488e-01 -2.624552056217548390e-01 2.222170847575992703e-01 -3.874183642769974956e-01 -2.681195859694455730e-01 -3.444981242211303529e-01 -1.748551406780566031e-01 -3.795163429529444521e-01 -3.931811605087618400e-01 -4.538945962644599236e-02 -2.356936524844220615e-01 -3.254640394790191404e-01 7.046584446549863934e-02 -2.988240570340245372e-01 -1.069458925127404619e-01 2.281584445782867676e-01 -1.620374642746018334e-01 -1.812301286886579266e-01 -1.165393315662681950e-01 -3.223571956364400526e-01 -2.819692103200067690e-01 -3.328902182597555659e-01 2.116470147190845363e-01 -2.801891613307302964e-01 4.607915909729574933e-02 3.876213949388618296e-02 2.492666404408726277e-01 3.200419855565662247e-02 -3.286706975798765751e-02 -1.431810234352303979e-01 -9.359097574588974566e-02 -2.384403264350459795e-01 -2.648251939725694282e-01 -2.857938690024358630e-01 9.826086393014811515e-02 1.794016585851324064e-01
6.420213194091883846e-02 3.262641272441595408e-01 1.486086666788621891e-01 4.148993943394185813e-01 1.000000000000000000e+00 8.540197836132790155e-02 2.278467024889964665e-01 3.779398129846274212e-01 2.494066897619498513e-01 2.070805171516404419e-01 2.556105852196190464e-01 6.781358418147342970e-02 2.654895617351651360e-01 1.536264068438757679e-01 -6.834653883326036183e-02 2.706563819306987417e-01 1.983193115789606553e-01 2.006140596495852024e-01 5.255402942702434507e-03 1.628027216507432484e-01 3.163669005846782012e-01 2.088510181134847765e-01 -1.965668213929150018e-02 1.110476374906356478e-01 -9.762758599608720167e-02 1.109862446621354831e-02 1.286884157119828724e-02 4.198393344132713562e-02 1.845262284825167909e-01 -1.250872074916984655e-01 -1.710096841478439267e-01 4.609894727442274270e-02 -3.393217689636803674e-02 1.602675875642990411e-01 4.810821107225696919e-02 -1.760153200746498309e-02 2.065636011658278648e-01 1.808008289551995829e-01 9.096109759503234748e-02 1.200008616927175364e-01 1.136091773462723359e-01 -2.283319675728793380e-02 -3.298264294027363625e-02 -2.278561539836900518e-01 -2.113928491448279212e-01 -1.724216717540181243e-01 2.298786388143801707e-01 -1.550678893081748888e-01 2.446544603097815240e-01 1.618509886247236074e-01 2.065836986038497303e-01 2.855716225704107991e-01 3.302564057894133431e-01 6.132297507932652492e-01 4.087457707708067600e-01 2.759929083572456102e-02 2.714238463431248860e-01 1.953245540256678681e-01 -1.701575545705340253e-01 -1.270909489058469066e-01 -4.495407720421050468e-02 7.247871993654993183e-02 3.271315783969033775e-02 -9.223642594255425375e-02 9.642302736829002491e-03 -9.711116138109866791e-02 1.485832050618910993e-01 -1.222199657381219107e-01 3.340890441449073656e-02 -4.397777753482889906e-02 4.161941362252264548e-02 1.869902790855070343e-02 -1.015499427699274315e-01 2.874951958670203880e-02 -6.535394635209666736e-02 -6.589236082554879304e-02 7.578594993513453060e-02 -3.302207458595630279e-02 -2.340160611244374855e-01 -8.940143289819532657e-02 9.553554880666908014e-03 -1.727552472757929933e-02 -1.485890134148886710e-01 8.906919642709147655e-02 -2.716741957177492076e-02 -3.498228151093015631e-02 1.908032232793946958e-01 -1.018731436605140456e-01 8.162676978787962445e-02 1.015971314058659036e-01 -2.679386858193617132e-02 -2.461803417641727221e-01 -3.435567853927529863e-02 -4.876660138661816773e-02 6.309767284971555534e-02 -2.832799714455349060e-01 -2.404371063080616988e-01 -6.599046797254178032e-02 2.410552361591687329e-02 1.396405177202531822e-01
2.379300335619854989e-01 2.295740553983695309e-01 4.751392017702626425e-01 8.845848739280207096e-02 8.540197836132790155e-02 1.000000000000000000e+00 2.352305600976623001e-01 2.298865986957433216e-01 3.835041599792884948e-01 3.311776919501088767e-01 2.156469998341289662e-01 2.770970344735290136e-01 1.224321538460811237e-01 -7.717766115255908499e-02 -2.067734373592716168e-01 2.696286476104119423e-01 -1.544632004304444250e-01 1.838397988510414027e-01 5.451883090543941518e-02 -1.559812669871662727e-01 -1.002956376544329314e-01 -4.628503078577647645e-02 -2.607071642908529580e-02 2.958871967621253818e-01 4.801580681567573228e-01 2.954003903265552400e-01 -6.976214907285652189e-02 -2.542742619167973617e-01 -9.034802516120687965e-02 -2.596599943760226070e-01 -6.399627536982689657e-02 1.143313266255340660e-01 2.820914868263915687e-02 -4.705901355561212251e-02 -7.698654548064140513e-02 1.960629804989672265e-01 -7.183706442258024072e-02 2.325415206888874556e-02 -4.364078025934400862e-02 1.881609988277398726e-01 -7.739852947615966094e-02 -1.585193731867882636e-02 -3.513407727613943737e-02 -2.140724831432058717e-01 -7.556031702965315677e-02 -3.579557622231706038e-01 -2.519532628981578370e-01 -1.978376407324817232e-01 3.050023272498182947e-01 -2.379040181396691600e-01 2.351424803769675553e-01 3.901985163846176663e-01 1.304454542011338480e-01 -9.825948480828337883e-02 5.322800747139199151e-01 7.023607144805604774e-01 1.478359106462117933e-01 1.669774257648714288e-01 1.335519494641256855e-01 3.590859839226157729e-02 -7.333137695176668303e-02 -1.629906045105665724e-01 -2.021872334557520828e-02 -2.105198129630153070e-01 -1.823279929046399406e-01 -2.980576241429627182e-01 -3.428773548057334475e-02 -2.102125954441566857e-01 -1.590148142765693551e-01 -9.211840998702329475e-02 -1.660221362894773733e-01 -1.238508426761627673e-01 -2.170081888035292617e-01 2.897680341211458788e-01 7.419821558406473894e-02 -1.989375387702379053e-02 5.798935210324110412e-02 -9.425396047011279366e-02 -1.042113748583234217e-01 2.504413744755007998e-01 6.736347974937756562e-03 -2.625807313437791835e-01 -8.065200418803453175e-02 -2.531625121701618908e-01 -1.440251511147424279e-01 -2.446048497806056210e-01 -5.724812872643002259e-02 -9.230451402765670055e-02 5.229576575652310905e-02 -5.312019104440816875e-02 1.126906491624749124e-01 7.785602889034332064e-02 -1.206364833441154610e-01 -2.130371020137134253e-01 -7.558565981920151167e-02 -1.674726016087044467e-01 -1.170479173625302988e-01 -3.878300541359236964e-01 5.660011741484300557e-02 -2.197801675710602531e-01
4.355067479607128145e-01 3.575032029296003055e-01 4.064739464670818481e-01 5.306932557140286999e-01 2.278467024889964665e-01 2.352305600976623001e-01 1.000000000000000000e+00 4.812051582954842699e-01 3.555052274371803822e-01 5.527014792631960161e-01 4.596971431915179429e-01 2.905281762522227695e-01 4.070303402066714482e-01 1.761828780227349678e-01 -1.291107702482207908e-01 5.317294258915938876e-01 2.479510659696617658e-01 2.579037787803894477e-01 1.672072034070789248e-01 6.157715118147032846e-02 1.064735093144688755e-01 1.500604277542654241e-01 3.438707594064319140e-02 3.603766261953901262e-01 2.553238171751233132e-01 5.062152839924295711e-02 -1.004685575428984623e-01 -3.815017495690091742e-01 1.182929933175357329e-01 -4.545380008715528830e-01 -3.334236508273044075e-01 2.852547442764921670e-01 -1.568985003756942775e-01 1.949022542183363738e-01 -7.087126766901634400e-02 2.701688792583064602e-01 1.175394056085739408e-01 3.423855607123290068e-01 2.769587294719411674e-01 4.842544955742572599e-01 4.155606890335777903e-01 -2.676182119029145781e-02 -4.649012586933184282e-02 -3.065113526619431816e-01 -1.475537428280681018e-01 -3.005589677906731483e-01 1.536104813596111118e-01 -1.775780961444904382e-01 1.918743863044098386e-01 1.184781266385263043e-01 3.947160884046844176e-01 3.360118616706295191e-01 3.850987360130647130e-01 1.652811641656531105e-01 1.903905401278146170e-01 3.210335517022258056e-01 1.648031733555729295e-01 7.211409999453445574e-02 -1.315055253887730258e-01 -1.965246544073874502e-01 -2.683796754368416582e-01 -2.099188369769756923e-01 -1.106334121262418507e-01 -3.818789157316645477e-01 -4.316417483545358924e-01 -3.679553145824480676e-01 2.806026196600648892e-01 -4.143443636309006028e-01 -3.286148148859290297e-01 -3.471895867621179188e-01 -3.204792662498556211e-01 -3.927606873786153585e-01 -4.486392445756174352e-01 9.728459923747581617e-02 -2.612434969144423191e-01 -3.563594085137691270e-01 -8.613201893867337977e-02 -3.320129148547995568e-01 -2.307710257748588623e-01 2.854547490985185898e-01 -2.229663651659566370e-01 -1.288509087160339406e-01 -1.843197367820419152e-01 -3.104884196529802964e-01 -3.449517421001646045e-01 -2.782364574281094294e-01 1.765691923450937728e-01 -3.601173300215685380e-01 4.805587636423393899e-02 -1.419973056795340027e-02 1.516061103565526091e-01 -1.101297202682702953e-01 -2.508692367968510251e-01 -3.734886116524875899e-01 -2.218440616348123784e-01 -2.650185121721306269e-01 -2.931206654597831585e-01 -3.580400686941133115e-01 2.091804930346269076e-01 1.707829286222103948e-01
1.735016046530715728e-01 3.615905534843145697e-01 2.839362366010455552e-01 4.532066835630114698e-01 3.779398129846274212e-01 2.298865986957433216e-01 4.812051582954842699e-01 1.000000000000000000e+00 5.343046430537252700e-01 3.953478563936023149e-01 2.680388476315702651e-01 2.569675319186370266e-01 3.534139156668739679e-01 9.807776395204516329e-02 -2.988104242382900316e-02 4.661512845057053656e-01 1.928404755616320021e-01 4.327268089231640080e-01 1.016469659498589612e-01 -1.026278458833173868e-01 1.844470231707064090e-01 3.469087073597284382e-02 1.582756284249043077e-01 3.479060095997797419e-01 2.697439599256712395e-01 1.571717158580599738e-01 1.152763337557579093e-01 -2.144561262094914489e-01 1.492870242625877475e-01 -2.178236708669391009e-01 -2.039003852560455909e-01 2.108975397440371602e-01 -1.969432097848837493e-01 9.703091788796673611e-02 -8.359738575596058208e-02 1.831828658413444944e-01 2.685122673314534886e-02 1.721496131983173972e-01 -2.960968540789840620e-02 2.543061114682550472e-01 1.021651253469372939e-01 1.567214346313669515e-02 -6.700035562834457878e-03 -1.345508237034565291e-01 -1.064617873365568262e-01 -2.439777915171028044e-01 -1.645840937363643799e-02 -1.562162583916071323e-01 1.243217019827273090e-01 -5.141512934155027109e-02 2.734760198937569164e-01 4.367591904512569401e-01 4.362365040373285541e-01 3.104294674669654253e-01 4.065091104441700409e-01 3.142594675014895866e-01 5.728225360629513041e-01 5.048319688267515204e-01 -6.193835285494156927e-03 -2.542126199810634812e-01 -1.817735699166974916e-01 -4.453137446113668296e-02 -4.679452814698518981e-02 -3.101529610605068266e-01 -8.979083906129124715e-02 -1.618794247242719420e-01 2.159891430017072400e-01 -2.142559944699156116e-01 -1.990476339075476220e-01 -9.337489613822456958e-02 -5.295615643299908179e-03 -1.951383242643464078e-01 -2.411937144281236511e-01 1.796520648751253058e-01 7.495261640166141041e-03 -1.520899532480344540e-01 1.773545805743045323e-01 -1.420413950343898668e-01 -1.945637346067494722e-01 2.522914365416276672e-01 -5.302351150457600658e-03 -2.980770069355158647e-01 -8.012600095351546381e-02 -1.901614734069023704e-01 -7.486122682989304611e-02 -3.965175683552572550e-01 5.332757516383469787e-02 -2.821531633365003677e-01 6.866471883327196490e-02 3.977766070228824086e-02 1.425977652621302216e-01 -1.194883768274912772e-01 -1.438481736174656855e-01 -1.857465309977031354e-01 2.436653958532749090e-02 -1.024409302817060191e-01 -3.411228993257453546e-02 -2.556085990586830503e-01 -6.169711727824317427e-02 -5.482218413770610643e-02
9.548580797766970107e-02 2.429716410214478040e-01 1.785910276691816401e-01 4.090061244128178064e-01 2.494066897619498513e-01 3.835041599792884948e-01 3.555052274371803822e-01 5.343046430537252700e-01 1.000000000000000000e+00 5.266902711403652626e-01 1.642342381801883966e-01 1.231240543392027320e-01 2.801001341653100996e-01 -4.266729906994787963e-02 -1.945376155955709507e-01 4.067682807319802363e-01 6.797994240121874032e-02 1.385878730964835159e-01 -1.717011567457700782e-01 -1.453568937531229399e-01 1.852799290081353634e-01 1.124203631419428556e-02 -1.382355013373615972e-02 2.466583366266940913e-01 4.232408102812023620e-01 2.258293370493063557e-01 2.124874925250437932e-02 -2.420328462033339845e-01 2.754578558517277176e-01 -2.376476598719664268e-01 -1.251286462016708845e-01 2.348113080672662167e-01 4.621586608544783065e-02 -5.146936206106709349e-02 -1.793216623231243256e-01 2.189791323435695269e-01 3.689085821853867186e-02 2.451493843445673171e-01 7.947665450429455825e-02 2.073880624635567049e-01 -8.319256436165936575e-02 1.052143416428114181e-01 -8.886695009488415620e-02 -6.070978141191581134e-02 -9.989072215909720887e-02 -2.470483634617323121e-01 -9.165271053635518084e-02 -1.793923070922932295e-01 8.739155547664083368e-02 -1.565223405414636615e-01 2.570373995190455840e-01 3.119681546517974469e-01 3.846838326137425046e-01 2.264923114245462887e-01 2.988724722898163377e-01 3.981849892985663830e-01 3.824591645689316421e-01 5.538263855429057525e-01 3.248601616395063174e-01 -1.535193487398272064e-02 3.705154545623128926e-04 -4.786658543380582082e-02 4.432584873094548572e-02 -2.897374003655073249e-01 -1.159054395093554873e-01 -2.268598668307694466e-01 1.950190395813976019e-01 -1.433319198981407583e-01 -6.875203979947364097e-02 -1.349688830884224477e-01 -8.859572810977325852e-02 -1.556343785009432490e-01 -1.673142521065115185e-01 2.328744649475880391e-01 1.609399044574612303e-01 -7.398645991150644766e-03 2.676222213856199739e-01 -8.492610771437014705e-02 -1.354433763451221018e-01 2.877480740329410036e-01 9.558486776270623542e-02 -3.025636768739726201e-01 -1.487421093779422443e-01 -2.151972164136307375e-01 -7.460829922438136363e-02 -3.062612642506578609e-01 8.618190347259561956e-02 -2.586285563700468360e-01 7.622608010729255146e-02 5.997627011064020353e-02 2.837922377917360683e-01 1.640139415997008965e-01 5.486090948946749368e-02 -2.063604263869593322e-02 1.186908102138247295e-01 -1.189455153384795100e-01 -1.459264603271338279e-01 -2.632701763959788277e-01 -6.472331171886963608e-02 -1.350595636141385669e-01
3.574656082337651641e-01 2.458435403604054270e-01 2.564536398815571716e-01 5.021884444383237778e-01 2.070805171516404419e-01 3.311776919501088767e-01 5.527014792631960161e-01 3.953478563936023149e-01 5.266902711403652626e-01 1.000000000000000000e+00 4.339220164311913264e-01 3.351539701425181872e-01 3.489364224271100934e-01 1.983223873807854129e-02 -2.025714520870948721e-01 4.799619904141050886e-01 8.623128943187294282e-02 4.825058590032061528e-02 -7.918683381548892453e-02 -1.265292595134037412e-01 1.591467852419774509e-01 3.953229585874189211e-02 -1.324154269109094895e-01 3.458219135385718901e-01 6.023497136937785434e-01 1.560397063281923624e-01 -7.373304708242678362e-02 -3.332676355795858858e-01 1.918228999706601268e-01 -4.526933422225234982e-01 -2.648451738125311428e-01 3.927756480993416788e-01 9.195048560678646676e-02 -8.789938284159515280e-02 -1.678809117157856745e-01 1.918567248037985062e-01 9.431590281740421036e-03 3.054242458204199928e-01 2.087376405587978156e-01 3.480306201818851863e-01 -4.104165439704038701e-03 3.352591266626175903e-02 -9.318222445795223963e-02 -2.835224113441331406e-01 -1.447245622495856310e-01 -3.650234730433248864e-01 -8.265218362273393793e-02 -2.086380815912736719e-01 1.255077832639490965e-01 -1.261579958195390150e-01 3.410650894114050091e-01 4.273832391531235397e-01 3.842022824008730630e-01 2.480328136542148121e-01 2.300071316324402149e-01 3.058036770468785526e-01 1.945172211882521263e-01 1.145952335868482552e-01 2.135874196867876829e-01 2.335315604773489234e-02 -7.306117857208044297e-02 -1.748800219995002847e-01 -6.317110207905998753e-03 -3.366728863021324347e-01 -2.614732589829557585e-01 -3.104767936347907487e-01 1.407588164585295842e-01 -4.188111718655996296e-01 -3.587937563100711547e-01 -4.337512822752759845e-01 -2.563968676207221131e-01 -3.973639075205113724e-01 -4.028831415578796871e-01 1.923913189544487756e-01 -2.674669574688048543e-02 -1.756071018083610880e-01 4.898335142202676906e-02 -1.858598271610516772e-01 -2.283291867551247301e-01 2.871538633475524405e-01 -1.170063860167525061e-01 -3.647129465713364049e-01 -2.316345529486561750e-01 -3.896531119598506399e-01 -2.642418606146026416e-01 -4.061895583728739045e-01 2.145729133719311357e-02 -2.472262333211230623e-01 1.451961614804951964e-02 9.378499886725386037e-03 2.051437679417662530e-01 6.605693967058876015e-02 -8.499202928143052838e-02 -1.855411524003405810e-01 -1.532798075609762278e-01 -2.803419760121322879e-01 -2.582315777442962257e-01 -4.152107198373261587e-01 -6.645685963221181769e-02 -1.376490201217560883e-01
4.651416984838208091e-01 2.829120946280971327e-01 3.372381181268852002e-01 2.782644753072786026e-01 2.556105852196190464e-01 2.156469998341289662e-01 4.596971431915179429e-01 2.680388476315702651e-01 1.642342381801883966e-01 4.339220164311913264e-01 1.000000000000000000e+00 4.463372186901376493e-01 4.230725396974579500e-01 3.619856912628585666e-01 -6.650140297261860657e-03 5.268230863323229984e-01 2.751067902403442345e-01 8.871944419507959978e-02 3.449287896986958368e-01 -1.527674994436570288e-01 7.404899471951885415e-02 1.991226328582330340e-01 5.749228943494551908e-02 4.500110534967760034e-01 2.413237506714217273e-01 3.007292325440386049e-01 -6.744877707619448270e-02 -2.835332596265610627e-01 -1.567753542114757870e-01 -3.639369102778359788e-01 -9.231857864260306634e-02 3.411441112322912694e-01 -1.611553499633660569e-01 1.930483445242112683e-01 4.653583873443248808e-04 1.975027334301099613e-01 -4.086480067308049385e-02 3.136966496503663659e-01 1.653256777462499549e-01 4.119287403347630105e-01 3.209350417544435952e-01 9.705937759079075189e-02 1.058731974804164033e-01 -1.820051036164514469e-01 1.469183761675064287e-02 -3.296825416231134454e-01 2.329674854794045596e-02 -2.274265619073283506e-01 3.374606293716065908e-01 1.139166397173767969e-01 4.584362220788556486e-01 3.829683509933713981e-01 3.010972961645738688e-01 1.357929501417740603e-01 2.010276619565717071e-01 2.278596278395049468e-01 1.175960673714334303e-03 -1.031129211078285202e-01 -1.067351588468720552e-01 -2.187507776528080372e-02 -7.730049724231699559e-02 -1.169456015848658985e-02 -2.147045564033107923e-02 -7.433562304913500507e-02 -2.265772476134045310e-01 -2.278922948642980173e-01 7.611271007993569704e-02 -3.229901766072422742e-01 -3.052273281587427056e-01 -3.337787472243246012e-01 -3.030534042171335596e-01 -3.122889312359564129e-01 -4.054011863919855796e-01 9.775334696976448190e-02 -1.983571642398991586e-01 -2.277892953066848747e-01 -1.321747677912939734e-01 -1.003782077896446384e-01 -7.273066945715681020e-02 3.725592454931909714e-01 -2.737849887035318508e-01 -1.288761044489953878e-01 -4.660796553462694808e-02 -2.201938841669156821e-01 -3.135276131207642147e-01 -2.293845247825087030e-01 5.024419830084054378e-02 -1.486895989266675822e-01 -9.514832777634858393e-03 -1.426595565481680872e-01 1.530386368749480919e-01 -1.640593494651239048e-01 -1.646989990488492150e-01 -2.285305587296226904e-01 -1.126572839768806428e-01 -6.094434293890414051e-02 -2.314322356650118373e-01 -3.958491826087811583e-01 1.206826655975968832e-01 1.247922893790231191e-01
3.601694391175494503e-01 3.839853749453648324e-01 4.679573800550398399e-01 1.052847822645216038e-03 6.781358418147342970e-02 2.770970344735290136e-01 2.905281762522227695e-01 2.569675319186370266e-01 1.231240543392027320e-01 3.351539701425181872e-01 4.463372186901376493e-01 1.000000000000000000e+00 3.790279751064959957e-01 1.012652009342304982e-01 -2.703055345637275786e-02 2.940921159420588626e-01 1.980116520620745779e-01 1.806653992651200136e-01 3.061723927088610964e-01 -3.636528689585764584e-01 -5.164079669901497360e-02 -2.679210394254314884e-02 8.185743910529008627e-02 6.247484255424284871e-01 2.819047454580505541e-01 4.876711821355858012e-01 1.144158070695348306e-01 -3.095932333312589324e-01 -1.528481121800537856e-01 -1.893590043821227475e-01 -1.304466398409337147e-01 5.004872581595905257e-02 -1.564457639563848756e-01 -4.325399429039803595e-02 -5.552268538313885615e-02 3.822596893014372776e-01 -1.512792893595882593e-01 -5.914101431441514539e-02 4.748660365036352915e-02 1.983935881002551749e-01 5.392329326889453572e-02 1.049297054155053921e-01 6.739584339085991083e-02 -8.569908981312891749e-02 7.235158867539243088e-02 -3.834985919859967840e-01 -2.050236155166788588e-01 -2.055242599298468531e-01 1.424225797823747974e-01 -2.677223040443034163e-01 1.369134066408116412e-01 3.579622967499462294e-01 9.928802037348105625e-02 -1.818008567363634809e-01 2.463463100427563668e-01 4.059437456739875549e-01 1.295877377849976309e-01 9.564027636933193632e-02 -9.970206968423599159e-02 1.146672251721670976e-01 2.233539918326751805e-01 2.159899390006299671e-03 4.472132605156348237e-05 -1.707131450713524345e-01 -1.172173980104599389e-01 -1.185989518544065952e-01 4.555476620519445519e-02 -1.725209699195683621e-01 -3.863098988709992021e-01 -3.495582460199366248e-01 -1.519985370858830398e-01 -1.460292802373961418e-01 -3.412917110124459308e-01 3.481471344171851445e-01 2.544894879771348317e-01 4.465744734541917532e-02 -4.476139046293892837e-03 2.412135557256784787e-02 -2.000040429681666232e-01 1.091184988536142569e-01 1.022493174130364030e-01 -3.264088792555823182e-01 -9.512672716451019139e-02 -2.835234011058304637e-01 -1.266184279405732360e-01 -3.892657599729409945e-01 -1.706006953428474415e-01 -1.256126013424501697e-01 6.927529718880648391e-02 6.937667338261070682e-02 -6.168325702655671344e-02 -2.596991753784909651e-01 -2.255403466707808502e-01 -2.194936441747680766e-01 -5.012163746406120279e-02 4.321565749173644083e-02 -5.028654959944926957e-03 -3.806719978910572677e-01 -7.650080102120669634e-03 -2.073176853759051141e-01
2.302889437267442441e-01 1.758340393274465951e-01 2.489723697087857235e-01 1.587511762206136046e-01 2.654895617351651360e-01 1.224321538460811237e-01 4.070303402066714482e-01 3.534139156668739679e-01 2.801001341653100996e-01 3.489364224271100934e-01 4.230725396974579500e-01 3.790279751064959957e-01 1.000000000000000000e+00 2.982262014265171790e-01 7.640799557922313412e-02 3.669115484478819855e-01 4.556000617800857189e-01 2.754240503176820787e-01 2.372561582227796506e-01 -6.961085668259675563e-02 1.228842595936224663e-01 4.078396717608475663e-01 2.451274106883374881e-01 3.517441250706409561e-01 9.430437441814432109e-02 2.165234588716577202e-01 4.393074859774762780e-02 -8.443086141520392274e-02 -1.229833644194041654e-02 -1.659153401697214744e-02 -4.370231798374111382e-02 1.607397038330349581e-01 -7.303335729093896056e-02 3.142026596607549460e-01 1.817718384126128517e-01 2.252435847102677857e-01 8.084577040043618157e-02 2.029913650680044979e-01 2.469759498415341759e-01 2.477876575845630036e-01 2.314712646631920390e-01 1.433519406226650139e-01 1.782987035281071442e-01 -2.074029016621641852e-01 -1.853058482718658861e-01 -1.035151515499023039e-01 1.772448645018440128e-01 4.792847633786476852e-02 1.820362873767698009e-01 1.446850728358564653e-01 2.883367412222911375e-01 2.136117543656654849e-01 3.573436729123243283e-01 1.330882577328645899e-01 2.731308255486231684e-01 2.890675264313981030e-01 2.359699389891758148e-01 1.971824787148942215e-01 -1.634299485345911199e-02 4.936394656518875573e-02 4.275965695985094184e-02 3.984276659529044085e-01 1.383425879261776237e-01 -5.143391741829256986e-02 -1.687464134487647038e-01 -3.618124935590463082e-02 2.566242829024800165e-01 -4.629153358644746280e-02 -9.117545679759321564e-02 -8.351903459367873706e-02 -1.625529030530811492e-01 -4.797508906901499365e-02 -9.740008006832610865e-02 1.732794855299667203e-01 3.610184194147885578e-02 -2.603819433712145984e-02 -3.630932535328570271e-02 1.071354599577402505e-01 -9.053840593916105683e-02 1.959980461215580227e-01 -5.781807634639964805e-02 -6.199716424354291544e-02 -1.384139227062809729e-01 8.627830388068415124e-02 -5.098357144094438353e-02 -8.198063664747325119e-02 1.097343708531478279e-01 -1.199299002221086569e-01 -5.455367052398953781e-02 -3.580615083700981055e-02 1.528925217327037067e-01 -1.822627048363634206e-01 -1.612319887631018245e-01 -1.443139853018789165e-01 7.360771596949301776e-02 -8.176441506931778069e-02 -5.692633915750169860e-02 -1.637387339156018140e-01 1.125622633036456322e-01 9.842346794023400236e-02
5.076074629924258452e-03 3.396707895501005492e-02 2.914465824914690834e-02 1.723947397923579483e-01 1.536264068438757679e-01 -7.717766115255908499e-02 1.761828780227349678e-01 9.807776395204516329e-02 -4.266729906994787963e-02 1.983223873807854129e-02 3.619856912628585666e-01 1.012652009342304982e-01 2.982262014265171790e-01 1.000000000000000000e+00 5.322399726067124082e-01 2.245215631259225575e-01 4.384829401371150848e-01 1.636113088429705931e-01 5.488518193186169292e-01 7.046360155150530047e-02 4.248889349513341185e-01 1.101296053675863418e-01 3.178577580998243612e-01 8.152388857376771658e-02 -1.559762214309853012e-01 6.335476825842997761e-02 -1.144121486212227104e-02 1.253685777432476597e-02 -2.542008482683213999e-02 1.253672862256776377e-01 4.082484430365197065e-02 -4.228542713515259094e-02 -8.365495665607253217e-02 3.526524782068135577e-01 4.719445603735879236e-02 1.924824244420115724e-02 7.331374818987239361e-02 6.105417547655941218e-02 3.419224865520439222e-02 -5.487992171226371320e-03 1.841379044635843565e-01 -9.771830010505924702e-02 -1.107836636913740180e-01 -4.393392730209927377e-02 -3.453309335246146361e-02 -1.363866303965728666e-01 1.452372361811859747e-01 3.996828011108883444e-02 6.890748447829520007e-02 1.966307777140847146e-01 1.144168545552348704e-01 -1.801791721221837270e-02 3.492271369345223420e-02 1.210012500791645268e-01 3.167613940335053946e-02 1.368291166545739131e-02 -4.724039237723857282e-02 -9.450062150439984821e-02 -1.194276514592010341e-01 5.829084129821758380e-03 -2.079623495510901643e-02 1.704838829582127624e-01 1.764992748946591916e-01 5.180112224834535484e-01 1.813486468574538879e-01 2.529984903758991654e-01 -1.599863907593253309e-02 -3.078110553193005947e-03 -3.707877413960937452e-02 2.474065324380724656e-02 -3.966092219621687731e-02 -1.714172686674139690e-01 -5.977894260625177779e-03 -1.708372625001598200e-01 -1.564646920260140961e-01 -1.385048400293754922e-01 -1.290049795856625624e-02 2.128018091467326900e-01 9.092863760464028888e-02 3.692557916731938755e-02 -2.901920281439360205e-01 3.329434194141387467e-03 -8.359875646349869405e-02 -7.646347206293892251e-02 -2.173387999536964821e-01 -7.070185789089362960e-02 1.384455104927161673e-01 -5.695639238422469525e-02 -3.152073870925622967e-02 -2.492485694032815224e-01 2.235618729985803035e-02 -1.661502628036534701e-01 -2.000353500247786243e-01 -1.679160752987025607e-01 -1.607858964629242382e-01 1.124846510843825059e-02 -1.746137142558984723e-01 -8.969302562766498510e-02 1.580371428466575134e-01 2.539059301788502698e-01
-3.415623888436455924e-01 -2.226828115448486467e-01 -2.871485694540880651e-01 -1.082711914324775565e-01 -6.834653883326036183e-02 -2.067734373592716168e-01 -1.291107702482207908e-01 -2.988104242382900316e-02 -1.945376155955709507e-01 -2.025714520870948721e-01 -6.650140297261860657e-03 -2.703055345637275786e-02 7.640799557922313412e-02 5.322399726067124082e-01 1.000000000000000000e+00 -1.429705583899635313e-01 1.525063729715586958e-01 9.933175698335139359e-02 3.180987926769922036e-01 3.641122811543520688e-02 3.986757493657993034e-01 -3.113913207027910537e-02 3.545483985450857412e-01 -7.784421608771031897e-02 -2.208023081853218439e-01 5.768672223423505080e-02 3.279997981526374274e-03 2.529254631926969310e-01 1.169419969338746923e-01 4.563745677935044931e-01 -6.573163566030123736e-03 -2.532316010327128053e-01 -1.264825106851752701e-01 1.133623983366932458e-01 -8.492066030291516021e-02 3.199212845463760956e-03 1.047406213710013190e-01 -1.834465231086661874e-01 -1.226334979955417265e-01 -2.667507808208162690e-01 -1.288835577783270792e-01 -6.261530811494317450e-02 -1.696504250354136656e-01 2.973735340565455271e-02 -1.179287977181557173e-01 1.290974619049285455e-01 2.601468632209568213e-02 1.164830418475453211e-01 -1.040695278459331380e-01 5.543448391931710129e-02 -2.431510600182716642e-01 -2.985608665597095368e-01 -2.091321409122138264e-01 -8.875394130299779638e-02 -1.262120492746254818e-01 -1.519966097064125998e-01 -9.127011649329543064e-02 -1.153167495133441967e-02 4.753429270812833951e-02 1.699520579567617151e-01 2.192599012814293591e-01 2.746563681416159808e-01 2.273177503728655569e-01 4.848180993790278670e-01 4.335603317956098213e-01 5.960098214433247055e-01 -5.875480916910757329e-02 2.378947918459163868e-01 4.452834285580843654e-02 1.602790373571239269e-01 2.653081895918903976e-01 6.154273400314409087e-02 2.543030203524370148e-01 -6.950917704375220163e-02 1.227921846794920585e-01 1.626233132831915729e-01 2.556671871431595577e-01 4.714823003556421477e-01 1.166339838093272477e-02 -2.018073574927128910e-01 -3.535296664809801231e-02 -3.693525779128999792e-02 -1.898484984009074505e-01 3.396561250861662024e-02 6.798385524253255929e-02 -4.066319126354179386e-03 1.257053052475456678e-01 1.038417385605125975e-01 4.583124031209102889e-02 -5.620009085909973001e-02 -1.869717685474733548e-01 -3.739593399264434098e-02 5.981262480115485773e-03 6.841288502700298979e-02 1.751767077519168075e-02 1.047013495237719173e-02 8.381897944931973599e-02 1.849228503052533223e-01 1.772226261235630360e-02 4.604345903395123951e-02
