1.000000000000000000e+00 8.565153306839382585e-01 8.565153307222266310e-01 8.565153306161115143e-01 8.565153305926417326e-01 8.565153305093242686e-01 8.565153305060673183e-01 8.565153304137771428e-01 8.565153302601034024e-01 8.565153302704230365e-01 8.565153305265147399e-01 8.565153305845555343e-01 8.565153306970553215e-01 8.565153307231755386e-01 8.565153305566858277e-01 8.565153305444501708e-01 8.565153306050333759e-01 8.565153305287860341e-01 8.565153306912897113e-01 8.565153303341008773e-01 8.565153305247877880e-01 8.565153306039053893e-01 8.565153304727959327e-01 8.565153306325342664e-01 8.565153303709364119e-01 8.565153307726806053e-01 8.565153302935926138e-01 8.565153306514912135e-01 8.565153306130267596e-01 8.565153302232156873e-01 8.565153305578442344e-01 8.565153306214338125e-01 8.565153305301749231e-01 8.565153306947680401e-01 8.565153306803543476e-01 8.565153305838858477e-01 8.565153301797914231e-01 8.565153306590328475e-01 8.565153303479721147e-01 8.565153305862099886e-01 8.565153305966020092e-01 8.565153306042144754e-01 8.565153305977201148e-01 8.565153304875733342e-01 8.565153304655196420e-01 8.565153302621909548e-01 8.565153303994744727e-01 8.565153304669157475e-01 8.565153307219459666e-01 8.565153304995984929e-01 8.565153306902294483e-01 8.565153306717558923e-01 8.565153305493216074e-01 8.565153306249385645e-01 8.565153305563921737e-01 8.565153306279403855e-01 8.565153303538929341e-01 8.565153304761130570e-01 8.565153303766843695e-01 8.565153304220701758e-01 8.565153306361006358e-01 8.565153305862432953e-01 8.565153306347674800e-01 8.565153303173556054e-01 8.565153305824781960e-01 8.565153304713494231e-01 8.565153305473743872e-01 8.565153305393781169e-01 8.565153305242853010e-01 8.565153305597384970e-01 8.565153305654450433e-01 8.565153306744326400e-01 8.565153305267495520e-01 8.565153304022610214e-01 8.565153305968754571e-01 8.565153306359467589e-01 8.565153301007106812e-01 8.565153307312568520e-01 8.565153305599482181e-01 8.565153306157478053e-01 8.565153304716431881e-01 8.565153306421581236e-01 8.565153305199139089e-01 8.565153305163604180e-01 8.565153306551993584e-01 8.565153305241952619e-01 8.565153306294729374e-01 8.565153307098046787e-01 8.565153303940070684e-01 8.565153305245778448e-01 8.565153303586968692e-01 8.565153303288169928e-01 8.565153305125422500e-01 8.565153303608344926e-01 8.565153304081496444e-01 8.565153306266659605e-01 8.565153303122220452e-01 8.565153304808846846e-01 8.565153305587891452e-01 8.565153302266027557e-01
8.565153306839382585e-01 1.000000000000000000e+00 8.565153306729816896e-01 8.565153307409225647e-01 8.565153307338804201e-01 8.565153306117334608e-01 8.565153305687212004e-01 8.565153305329860078e-01 8.565153303764709847e-01 8.565153303401576990e-01 8.565153306482098383e-01 8.565153303556972686e-01 8.565153306325624660e-01 8.565153306343399331e-01 8.565153305327093403e-01 8.565153307029865770e-01 8.565153306076720430e-01 8.565153305197322764e-01 8.565153305764435787e-01 8.565153304939328027e-01 8.565153304451161853e-01 8.565153306099345665e-01 8.565153305734823919e-01 8.565153306574034842e-01 8.565153303949112340e-01 8.565153305750744517e-01 8.565153304656690780e-01 8.565153307169016683e-01 8.565153307080355383e-01 8.565153301740696667e-01 8.565153305349191282e-01 8.565153307075149547e-01 8.565153305917729831e-01 8.565153305929785743e-01 8.565153306910296971e-01 8.565153305906710868e-01 8.565153302464741936e-01 8.565153305723854915e-01 8.565153303734527324e-01 8.565153306216042317e-01 8.565153307216059053e-01 8.565153305241688386e-01 8.565153306784334397e-01 8.565153306322396132e-01 8.565153306042705417e-01 8.565153305019824748e-01 8.565153303424494213e-01 8.565153306343035178e-01 8.565153307185265907e-01 8.565153304789673294e-01 8.565153306829655921e-01 8.565153307420356743e-01 8.565153304615089613e-01 8.565153306551445134e-01 8.565153306699349045e-01 8.565153306928597887e-01 8.565153304879371543e-01 8.565153304766901510e-01 8.565153302645867051e-01 8.565153305946876516e-01 8.565153307072110866e-01 8.565153305605729406e-01 8.565153306227344387e-01 8.565153304684046676e-01 8.565153306735555638e-01 8.565153306808964695e-01 8.565153306354783558e-01 8.565153306398517463e-01 8.565153304876906848e-01 8.565153307350832357e-01 8.565153306253339149e-01 8.565153306239841058e-01 8.565153306756824181e-01 8.565153305204187273e-01 8.565153304931004685e-01 8.565153307196647914e-01 8.565153303394519302e-01 8.565153307175292774e-01 8.565153305305309717e-01 8.565153305348089940e-01 8.565153305446738807e-01 8.565153306650636900e-01 8.565153306449743154e-01 8.565153306666121180e-01 8.565153306408472833e-01 8.565153306845958436e-01 8.565153305840839115e-01 8.565153306826766011e-01 8.565153304782691102e-01 8.565153305758357316e-01 8.565153303342288860e-01 8.565153304961248271e-01 8.565153303912719229e-01 8.565153305692841945e-01 8.565153305852855059e-01 8.565153307475191768e-01 8.565153304969272963e-01 8.565153304797407108e-01 8.565153304972292769e-01 8.565153304617404428e-01
8.565153307222266310e-01 8.565153306729816896e-01 1.000000000000000000e+00 8.565153306436433800e-01 8.565153306688753077e-01 8.565153305831425534e-01 8.565153303321678679e-01 8.565153305382693372e-01 8.565153303545336438e-01 8.565153302532645396e-01 8.565153305528631078e-01 8.565153304572870052e-01 8.565153305487813729e-01 8.565153306483972440e-01 8.565153307136560423e-01 8.565153306790481702e-01 8.565153307108698266e-01 8.565153304136619017e-01 8.565153305826361807e-01 8.565153304914944199e-01 8.565153305536956641e-01 8.565153305155679409e-01 8.565153304753928554e-01 8.565153305984072318e-01 8.565153302632712018e-01 8.565153306616967166e-01 8.565153305382591231e-01 8.565153306283426193e-01 8.565153306218976637e-01 8.565153301511204686e-01 8.565153306455862703e-01 8.565153306662682819e-01 8.565153305982881049e-01 8.565153307340467315e-01 8.565153307098996027e-01 8.565153306703046088e-01 8.565153301921369922e-01 8.565153307258137616e-01 8.565153303820296493e-01 8.565153304877785034e-01 8.565153305491239877e-01 8.565153306254745802e-01 8.565153306029504865e-01 8.565153305453934163e-01 8.565153305477051227e-01 8.565153301397593344e-01 8.565153304999297834e-01 8.565153305781595394e-01 8.565153306556483326e-01 8.565153305227047875e-01 8.565153306779987874e-01 8.565153307344425260e-01 8.565153304205004314e-01 8.565153305784272142e-01 8.565153307242808767e-01 8.565153306511906761e-01 8.565153303750621117e-01 8.565153306602144578e-01 8.565153302230726906e-01 8.565153305423011121e-01 8.565153306356294571e-01 8.565153306269920330e-01 8.565153306386960042e-01 8.565153304278142476e-01 8.565153305119012073e-01 8.565153305208927925e-01 8.565153304663580824e-01 8.565153305857253763e-01 8.565153305358711444e-01 8.565153306117638810e-01 8.565153305514803250e-01 8.565153305405472928e-01 8.565153305512928084e-01 8.565153306477568673e-01 8.565153306904715880e-01 8.565153305775473624e-01 8.565153304126446043e-01 8.565153306738045869e-01 8.565153303513882710e-01 8.565153306480824957e-01 8.565153304423547276e-01 8.565153304782658905e-01 8.565153306156721991e-01 8.565153305110402293e-01 8.565153306134313249e-01 8.565153305125472460e-01 8.565153304468346995e-01 8.565153307604599364e-01 8.565153304734194339e-01 8.565153303614336799e-01 8.565153304470309870e-01 8.565153305036508069e-01 8.565153303721096956e-01 8.565153303735468793e-01 8.565153303519766892e-01 8.565153307065396238e-01 8.565153305983096432e-01 8.565153305650197169e-01 8.565153306913357856e-01 8.565153302170845917e-01
8.565153306161115143e-01 8.565153307409225647e-01 8.565153306436433800e-01 1.000000000000000000e+00 8.565153307213225764e-01 8.565153305385441174e-01 8.565153305008874618e-01 8.565153305803511197e-01 8.565153305005428486e-01 8.565153302797759993e-01 8.565153306604493810e-01 8.565153303302974752e-01 8.565153305883396184e-01 8.565153305444214160e-01 8.565153306281072521e-01 8.565153306898990460e-01 8.565153306350961060e-01 8.565153304582399096e-01 8.565153305428790942e-01 8.565153304346208030e-01 8.565153304257989708e-01 8.565153305583123045e-01 8.565153306857798965e-01 8.565153306957609125e-01 8.565153304398359646e-01 8.565153305870715217e-01 8.565153306019959167e-01 8.565153306538755285e-01 8.565153307162312046e-01 8.565153301700966226e-01 8.565153305747379431e-01 8.565153307091248891e-01 8.565153305298429665e-01 8.565153305574962905e-01 8.565153306757271601e-01 8.565153306504396102e-01 8.565153300025847294e-01 8.565153305141007811e-01 8.565153302600609919e-01 8.565153305280990281e-01 8.565153307059559795e-01 8.565153304971626635e-01 8.565153307797358506e-01 8.565153306546829937e-01 8.565153306251783727e-01 8.565153304080517227e-01 8.565153305386218330e-01 8.565153305868621336e-01 8.565153307095937363e-01 8.565153304048575000e-01 8.565153307570303465e-01 8.565153306459917237e-01 8.565153303188374201e-01 8.565153306317024873e-01 8.565153306699805347e-01 8.565153307525239512e-01 8.565153303698540554e-01 8.565153304600702233e-01 8.565153301941716979e-01 8.565153304491542885e-01 8.565153306588563220e-01 8.565153306405293154e-01 8.565153305626470592e-01 8.565153303949795127e-01 8.565153306886805762e-01 8.565153305282728891e-01 8.565153304548559499e-01 8.565153305358064184e-01 8.565153304345826113e-01 8.565153306589659010e-01 8.565153305871285871e-01 8.565153306038645331e-01 8.565153307549997486e-01 8.565153306272212941e-01 8.565153304853508898e-01 8.565153307335982014e-01 8.565153304480602747e-01 8.565153306519328602e-01 8.565153304162267389e-01 8.565153305730330846e-01 8.565153306550965517e-01 8.565153305881494372e-01 8.565153307106542213e-01 8.565153305125045025e-01 8.565153304911155008e-01 8.565153305298820463e-01 8.565153305853552279e-01 8.565153306817903101e-01 8.565153304898813769e-01 8.565153304709869353e-01 8.565153304014876401e-01 8.565153305633542713e-01 8.565153302453488715e-01 8.565153305180075449e-01 8.565153305824927399e-01 8.565153307068693600e-01 8.565153305514258131e-01 8.565153303865826739e-01 8.565153305714694465e-01 8.565153304349824026e-01
8.565153305926417326e-01 8.565153307338804201e-01 8.565153306688753077e-01 8.565153307213225764e-01 1.000000000000000000e+00 8.565153305232096059e-01 8.565153304507979737e-01 8.565153306974675473e-01 8.565153304196043704e-01 8.565153304325391348e-01 8.565153305792011507e-01 8.565153302420984716e-01 8.565153305823339780e-01 8.565153306380135501e-01 8.565153306640355124e-01 8.565153306999704341e-01 8.565153306932138388e-01 8.565153304754404839e-01 8.565153304770436460e-01 8.565153305043224918e-01 8.565153304661647926e-01 8.565153305151946839e-01 8.565153306486497087e-01 8.565153307239118385e-01 8.565153302190072759e-01 8.565153304972209503e-01 8.565153306563697555e-01 8.565153306011360490e-01 8.565153307439763442e-01 8.565153302079113740e-01 8.565153306190239624e-01 8.565153307121577964e-01 8.565153306442324643e-01 8.565153306291457547e-01 8.565153307192922005e-01 8.565153307217978629e-01 8.565153300878792786e-01 8.565153306155135482e-01 8.565153303211533453e-01 8.565153305918852267e-01 8.565153306389580168e-01 8.565153303991719369e-01 8.565153307041859509e-01 8.565153305310180265e-01 8.565153305570585296e-01 8.565153304030943548e-01 8.565153303805295160e-01 8.565153307148736239e-01 8.565153306143409306e-01 8.565153305518226068e-01 8.565153306322506044e-01 8.565153306735021621e-01 8.565153302553872861e-01 8.565153306798856114e-01 8.565153307188330123e-01 8.565153307135489058e-01 8.565153305963736363e-01 8.565153304609446350e-01 8.565153301008778808e-01 8.565153306487481855e-01 8.565153306937346445e-01 8.565153305077090051e-01 8.565153307270549909e-01 8.565153304306442061e-01 8.565153306291092283e-01 8.565153306424680979e-01 8.565153306134866140e-01 8.565153306995487714e-01 8.565153304091398523e-01 8.565153307081925238e-01 8.565153306101536135e-01 8.565153305197331646e-01 8.565153306758692686e-01 8.565153306095913965e-01 8.565153305154873387e-01 8.565153306828345858e-01 8.565153306176417347e-01 8.565153305887225343e-01 8.565153304522615807e-01 8.565153305999604338e-01 8.565153306642139253e-01 8.565153305515719184e-01 8.565153306694174296e-01 8.565153306373810560e-01 8.565153305991787258e-01 8.565153305037539466e-01 8.565153305383601534e-01 8.565153306552646395e-01 8.565153304720356520e-01 8.565153304855973593e-01 8.565153304142548718e-01 8.565153305371941972e-01 8.565153303633857851e-01 8.565153304444804716e-01 8.565153304063753970e-01 8.565153307085608958e-01 8.565153305930455208e-01 8.565153306283933565e-01 8.565153305530036620e-01 8.565153302607614316e-01
8.565153305093242686e-01 8.565153306117334608e-01 8.565153305831425534e-01 8.565153305385441174e-01 8.565153305232096059e-01 1.000000000000000000e+00 8.565153303406364271e-01 8.565153301112032880e-01 8.565153298623987554e-01 8.565153304423643865e-01 8.565153305929453786e-01 8.565153305130176475e-01 8.565153304429472536e-01 8.565153305903202563e-01 8.565153305574113585e-01 8.565153305415175167e-01 8.565153305785003779e-01 8.565153304392181255e-01 8.565153304975777759e-01 8.565153300079814125e-01 8.565153306830457502e-01 8.565153304554422586e-01 8.565153303310295563e-01 8.565153304281535318e-01 8.565153304596488937e-01 8.565153304920617439e-01 8.565153302917429823e-01 8.565153306806124744e-01 8.565153305821079366e-01 8.565153303993999767e-01 8.565153305651417304e-01 8.565153305043160525e-01 8.565153301804956376e-01 8.565153304990543726e-01 8.565153305891174407e-01 8.565153303379460237e-01 8.565153303743858748e-01 8.565153302707799732e-01 8.565153307233244195e-01 8.565153304019837988e-01 8.565153306843248382e-01 8.565153303537206275e-01 8.565153304211750029e-01 8.565153306578593417e-01 8.565153306271851008e-01 8.565153304838446502e-01 8.565153304195166628e-01 8.565153306263693089e-01 8.565153306645248987e-01 8.565153303382967431e-01 8.565153305028697650e-01 8.565153305240857939e-01 8.565153305467261280e-01 8.565153304893613484e-01 8.565153304258790179e-01 8.565153305053920807e-01 8.565153303630520520e-01 8.565153302859302986e-01 8.565153304207584473e-01 8.565153305543548035e-01 8.565153305696256991e-01 8.565153305990452770e-01 8.565153303299443133e-01 8.565153306088172380e-01 8.565153304582830973e-01 8.565153305522988925e-01 8.565153303830067566e-01 8.565153304594642636e-01 8.565153305253132565e-01 8.565153305321286936e-01 8.565153300961880767e-01 8.565153305860889743e-01 8.565153302926173939e-01 8.565153304026267289e-01 8.565153306232607955e-01 8.565153305340464929e-01 8.565153301002604858e-01 8.565153305815562668e-01 8.565153304610080287e-01 8.565153301121409823e-01 8.565153302418923031e-01 8.565153303490167236e-01 8.565153303527892614e-01 8.565153305578482312e-01 8.565153305547660301e-01 8.565153306318911142e-01 8.565153303083884451e-01 8.565153304037917970e-01 8.565153304987893623e-01 8.565153305706089126e-01 8.565153300532624137e-01 8.565153302589799678e-01 8.565153304096292386e-01 8.565153306638429997e-01 8.565153304633157383e-01 8.565153306344642781e-01 8.565153303820670638e-01 8.565153304175667781e-01 8.565153303048018696e-01 8.565153306593712434e-01
8.565153305060673183e-01 8.565153305687212004e-01 8.565153303321678679e-01 8.565153305008874618e-01 8.565153304507979737e-01 8.565153303406364271e-01 1.000000000000000000e+00 8.565153302217337616e-01 8.565153301683368081e-01 8.565153303378166827e-01 8.565153302048359452e-01 8.565153303143371311e-01 8.565153306876905903e-01 8.565153305373971460e-01 8.565153302026748960e-01 8.565153305166959274e-01 8.565153304458893446e-01 8.565153305631609815e-01 8.565153306890437301e-01 8.565153299847317880e-01 8.565153302619232800e-01 8.565153307014145012e-01 8.565153305117236826e-01 8.565153304814636659e-01 8.565153302680174052e-01 8.565153304751288443e-01 8.565153301681717180e-01 8.565153305829159569e-01 8.565153303716260824e-01 8.565153304236751142e-01 8.565153301820638276e-01 8.565153302957791981e-01 8.565153302143406755e-01 8.565153301934195218e-01 8.565153306102111230e-01 8.565153302576938854e-01 8.565153304082435692e-01 8.565153303271069163e-01 8.565153301041288358e-01 8.565153307339145039e-01 8.565153304619549379e-01 8.565153303892254488e-01 8.565153304693533531e-01 8.565153305346736579e-01 8.565153305824597663e-01 8.565153306374947428e-01 8.565153303291721532e-01 8.565153303707134791e-01 8.565153306348013418e-01 8.565153305620293311e-01 8.565153303588766143e-01 8.565153304352280950e-01 8.565153305275217122e-01 8.565153307099004909e-01 8.565153302827509529e-01 8.565153305501480574e-01 8.565153305067462197e-01 8.565153299482894944e-01 8.565153305624269020e-01 8.565153303742606417e-01 8.565153306747949058e-01 8.565153303295922615e-01 8.565153303406375374e-01 8.565153305154962204e-01 8.565153305455854849e-01 8.565153305081610879e-01 8.565153305916880511e-01 8.565153302702351867e-01 8.565153305854638077e-01 8.565153305016969254e-01 8.565153302878477648e-01 8.565153306099312358e-01 8.565153303943183749e-01 8.565153302250462231e-01 8.565153302227793697e-01 8.565153304637338483e-01 8.565153298521150926e-01 8.565153304785837474e-01 8.565153303907284688e-01 8.565153302892493103e-01 8.565153303995548528e-01 8.565153306771339237e-01 8.565153302926139522e-01 8.565153305840557119e-01 8.565153306094969166e-01 8.565153306006146883e-01 8.565153307005627381e-01 8.565153303610910651e-01 8.565153303737590429e-01 8.565153305358627067e-01 8.565153304262073108e-01 8.565153300672402326e-01 8.565153303880630453e-01 8.565153304999172379e-01 8.565153306862942628e-01 8.565153305908036474e-01 8.565153301951279330e-01 8.565153303663745055e-01 8.565153301950503284e-01 8.565153302669646918e-01
8.565153304137771428e-01 8.565153305329860078e-01 8.565153305382693372e-01 8.565153305803511197e-01 8.565153306974675473e-01 8.565153301112032880e-01 8.565153302217337616e-01 1.000000000000000000e+00 8.565153306106945141e-01 8.565153301736672109e-01 8.565153303683349373e-01 8.565153299344132609e-01 8.565153304254442546e-01 8.565153303667876195e-01 8.565153305205807088e-01 8.565153305936940020e-01 8.565153305721641130e-01 8.565153302970606175e-01 8.565153302718355732e-01 8.565153306526657184e-01 8.565153301303275457e-01 8.565153303042498667e-01 8.565153305327825040e-01 8.565153305806985085e-01 8.565153298857921538e-01 8.565153302958223858e-01 8.565153306317491166e-01 8.565153303730489442e-01 8.565153305332409150e-01 8.565153298328551656e-01 8.565153304782950894e-01 8.565153306150137258e-01 8.565153306284747359e-01 8.565153304520733979e-01 8.565153305715773602e-01 8.565153306813562128e-01 8.565153297426791879e-01 8.565153306168786784e-01 8.565153298409108329e-01 8.565153304286913238e-01 8.565153303209716018e-01 8.565153302144343783e-01 8.565153305945460982e-01 8.565153302594235019e-01 8.565153303211975322e-01 8.565153299891671290e-01 8.565153302307307870e-01 8.565153305237930281e-01 8.565153303680798080e-01 8.565153304804299372e-01 8.565153304955466229e-01 8.565153305927093452e-01 8.565153298345805633e-01 8.565153304960745340e-01 8.565153307160441321e-01 8.565153306068894468e-01 8.565153304519580457e-01 8.565153304915436028e-01 8.565153297392665843e-01 8.565153304471496698e-01 8.565153305206174572e-01 8.565153302258495804e-01 8.565153306925858967e-01 8.565153301002914610e-01 8.565153303492011316e-01 8.565153303995159950e-01 8.565153304735125817e-01 8.565153304945882784e-01 8.565153301855522594e-01 8.565153306068358230e-01 8.565153306581108072e-01 8.565153302673874647e-01 8.565153306855138871e-01 8.565153305558607100e-01 8.565153303265602425e-01 8.565153304174728532e-01 8.565153306565383984e-01 8.565153303423047593e-01 8.565153301105289385e-01 8.565153306996844407e-01 8.565153306315440584e-01 8.565153303556615194e-01 8.565153306457397031e-01 8.565153304292327796e-01 8.565153303934631701e-01 8.565153301805392694e-01 8.565153303591183098e-01 8.565153306292885294e-01 8.565153303097595705e-01 8.565153300363870237e-01 8.565153304289211400e-01 8.565153304992242367e-01 8.565153300801154890e-01 8.565153301212728998e-01 8.565153301714695244e-01 8.565153305252283245e-01 8.565153305549275675e-01 8.565153304927328737e-01 8.565153306238227904e-01 8.565153297280905242e-01
8.565153302601034024e-01 8.565153303764709847e-01 8.565153303545336438e-01 8.565153305005428486e-01 8.565153304196043704e-01 8.565153298623987554e-01 8.565153301683368081e-01 8.565153306106945141e-01 1.000000000000000000e+00 8.565153297396637111e-01 8.565153301858663415e-01 8.565153297805483401e-01 8.565153302325986262e-01 8.565153300249108703e-01 8.565153302651904443e-01 8.565153304781306653e-01 8.565153304000726608e-01 8.565153301835969346e-01 8.565153302312282779e-01 8.565153305612180912e-01 8.565153298173848739e-01 8.565153303621777514e-01 8.565153305261417049e-01 8.565153302437091831e-01 8.565153300231581612e-01 8.565153302137546998e-01 8.565153303805830287e-01 8.565153302708485850e-01 8.565153301862474811e-01 8.565153296408036798e-01 8.565153301800990659e-01 8.565153303407736507e-01 8.565153302984690464e-01 8.565153300645000911e-01 8.565153303417736286e-01 8.565153305180756016e-01 8.565153296707112007e-01 8.565153304549046887e-01 8.565153294200881229e-01 8.565153303311008326e-01 8.565153301242002248e-01 8.565153302288319725e-01 8.565153304176267302e-01 8.565153303150879749e-01 8.565153303213377534e-01 8.565153297209624483e-01 8.565153302630160725e-01 8.565153302118381218e-01 8.565153302766379539e-01 8.565153302170851468e-01 8.565153304527005629e-01 8.565153304644371746e-01 8.565153298272764060e-01 8.565153302560962745e-01 8.565153305956142438e-01 8.565153303976240640e-01 8.565153300626149324e-01 8.565153304919731481e-01 8.565153296855657628e-01 8.565153299897724226e-01 8.565153302792386514e-01 8.565153302419420411e-01 8.565153303334795964e-01 8.565153299589285396e-01 8.565153301851902157e-01 8.565153302642873889e-01 8.565153301499608407e-01 8.565153299824084243e-01 8.565153301965422461e-01 8.565153303838932697e-01 8.565153304982873195e-01 8.565153301582297818e-01 8.565153306511685827e-01 8.565153304827559655e-01 8.565153301006986908e-01 8.565153302494001863e-01 8.565153303678436636e-01 8.565153303232568849e-01 8.565153298228935785e-01 8.565153305731175726e-01 8.565153303396085827e-01 8.565153303704877708e-01 8.565153306806350120e-01 8.565153302081455200e-01 8.565153302032936233e-01 8.565153301503627414e-01 8.565153301607424385e-01 8.565153305107956472e-01 8.565153303570521848e-01 8.565153297965905077e-01 8.565153304783832411e-01 8.565153306052079030e-01 8.565153298601871912e-01 8.565153300028682803e-01 8.565153302293448956e-01 8.565153304150017188e-01 8.565153304866391926e-01 8.565153300127895664e-01 8.565153305652204452e-01 8.565153295461115368e-01
8.565153302704230365e-01 8.565153303401576990e-01 8.565153302532645396e-01 8.565153302797759993e-01 8.565153304325391348e-01 8.565153304423643865e-01 8.565153303378166827e-01 8.565153301736672109e-01 8.565153297396637111e-01 1.000000000000000000e+00 8.565153303595393064e-01 8.565153304398258616e-01 8.565153305419931362e-01 8.565153305334097800e-01 8.565153303734986956e-01 8.565153302863526275e-01 8.565153305267795281e-01 8.565153306464717842e-01 8.565153304004615720e-01 8.565153297822926115e-01 8.565153306146572332e-01 8.565153303038699484e-01 8.565153302477752639e-01 8.565153303832996334e-01 8.565153302000826363e-01 8.565153302819338288e-01 8.565153301166227306e-01 8.565153305314531229e-01 8.565153304542831858e-01 8.565153305859684041e-01 8.565153305591025612e-01 8.565153303539825291e-01 8.565153299296622835e-01 8.565153302307675354e-01 8.565153305345806212e-01 8.565153301911112571e-01 8.565153302252825895e-01 8.565153300613946863e-01 8.565153305475413648e-01 8.565153304765341646e-01 8.565153304550213731e-01 8.565153297475918137e-01 8.565153302304681082e-01 8.565153303139154684e-01 8.565153303967401044e-01 8.565153304909860488e-01 8.565153302165064986e-01 8.565153306591362092e-01 8.565153304664772094e-01 8.565153305328414568e-01 8.565153301886662129e-01 8.565153302804028312e-01 8.565153301826933241e-01 8.565153304950708923e-01 8.565153301856405221e-01 8.565153304081132291e-01 8.565153306780769471e-01 8.565153299185364055e-01 8.565153304135145751e-01 8.565153305480268653e-01 8.565153305137797046e-01 8.565153301223942250e-01 8.565153304196215789e-01 8.565153303917633076e-01 8.565153301064699631e-01 8.565153303618133762e-01 8.565153305544500606e-01 8.565153302970027749e-01 8.565153303707707666e-01 8.565153304833991177e-01 8.565153298920220593e-01 8.565153305539937589e-01 8.565153301572634437e-01 8.565153300280472504e-01 8.565153305008921247e-01 8.565153302181088835e-01 8.565153299944228138e-01 8.565153301826102794e-01 8.565153305008482709e-01 8.565153300019799909e-01 8.565153304142150148e-01 8.565153301774701688e-01 8.565153300906565015e-01 8.565153306103113762e-01 8.565153305473200973e-01 8.565153302642849464e-01 8.565153303096408877e-01 8.565153301060632884e-01 8.565153304421830871e-01 8.565153304027093295e-01 8.565153299089534045e-01 8.565153298859821129e-01 8.565153305617404511e-01 8.565153305489250357e-01 8.565153302453198947e-01 8.565153303472459179e-01 8.565153300622859733e-01 8.565153305674375606e-01 8.565153301906418548e-01 8.565153301444348166e-01
8.565153305265147399e-01 8.565153306482098383e-01 8.565153305528631078e-01 8.565153306604493810e-01 8.565153305792011507e-01 8.565153305929453786e-01 8.565153302048359452e-01 8.565153303683349373e-01 8.565153301858663415e-01 8.565153303595393064e-01 1.000000000000000000e+00 8.565153304321765360e-01 8.565153304706131232e-01 8.565153304576261784e-01 8.565153305308086384e-01 8.565153304652434185e-01 8.565153305091554037e-01 8.565153304731674133e-01 8.565153303569899013e-01 8.565153303297547982e-01 8.565153305192197974e-01 8.565153303144066310e-01 8.565153303825286946e-01 8.565153305157695574e-01 8.565153305249387783e-01 8.565153304914601140e-01 8.565153302957325687e-01 8.565153306661004162e-01 8.565153306989427007e-01 8.565153300576390238e-01 8.565153306751743800e-01 8.565153307316777376e-01 8.565153302906419741e-01 8.565153305141225415e-01 8.565153305049626464e-01 8.565153304574327775e-01 8.565153298770911139e-01 8.565153302681284275e-01 8.565153304802572976e-01 8.565153303046796340e-01 8.565153307416641937e-01 8.565153301509405015e-01 8.565153305619499502e-01 8.565153305195020161e-01 8.565153304324329975e-01 8.565153302816838066e-01 8.565153303004613417e-01 8.565153306089238194e-01 8.565153306351910301e-01 8.565153301864237845e-01 8.565153306936086341e-01 8.565153305873136613e-01 8.565153302000458879e-01 8.565153303651033001e-01 8.565153305328903066e-01 8.565153305721565635e-01 8.565153302500356780e-01 8.565153304653252420e-01 8.565153300980868911e-01 8.565153304019041958e-01 8.565153304709060000e-01 8.565153304997359385e-01 8.565153304865562589e-01 8.565153301853101198e-01 8.565153304035523218e-01 8.565153304054106131e-01 8.565153303858196177e-01 8.565153304523610567e-01 8.565153302429211468e-01 8.565153306221958696e-01 8.565153303786181560e-01 8.565153305987666110e-01 8.565153306034296588e-01 8.565153303333420398e-01 8.565153305555638363e-01 8.565153305916211046e-01 8.565153302188793782e-01 8.565153305710691001e-01 8.565153305316000054e-01 8.565153303155513820e-01 8.565153305000392514e-01 8.565153303481041203e-01 8.565153305554098484e-01 8.565153304746498941e-01 8.565153304053577665e-01 8.565153304134234258e-01 8.565153303053216760e-01 8.565153305320556409e-01 8.565153304494300679e-01 8.565153304003215728e-01 8.565153298831061912e-01 8.565153304052892658e-01 8.565153303021704190e-01 8.565153305616557411e-01 8.565153303744591495e-01 8.565153305093080593e-01 8.565153302852338557e-01 8.565153302502697130e-01 8.565153304755593888e-01 8.565153304567646453e-01
8.565153305845555343e-01 8.565153303556972686e-01 8.565153304572870052e-01 8.565153303302974752e-01 8.565153302420984716e-01 8.565153305130176475e-01 8.565153303143371311e-01 8.565153299344132609e-01 8.565153297805483401e-01 8.565153304398258616e-01 8.565153304321765360e-01 1.000000000000000000e+00 8.565153305863117961e-01 8.565153305862500677e-01 8.565153304216112096e-01 8.565153302161877535e-01 8.565153304982613403e-01 8.565153306006149103e-01 8.565153306368971098e-01 8.565153297351195683e-01 8.565153306951172052e-01 8.565153304383976707e-01 8.565153301930896745e-01 8.565153303177969191e-01 8.565153305233697001e-01 8.565153306860353588e-01 8.565153298930021641e-01 8.565153306072130768e-01 8.565153303758177294e-01 8.565153304954605806e-01 8.565153305584261023e-01 8.565153303431060072e-01 8.565153298916087232e-01 8.565153304048037652e-01 8.565153304992084715e-01 8.565153302053363227e-01 8.565153302048851280e-01 8.565153302046731865e-01 8.565153305535171402e-01 8.565153303883515923e-01 8.565153304891152120e-01 8.565153301914320005e-01 8.565153302524999290e-01 8.565153304176508220e-01 8.565153303937802498e-01 8.565153302033380323e-01 8.565153304383471555e-01 8.565153303718644473e-01 8.565153306476329664e-01 8.565153303469685842e-01 8.565153304614137042e-01 8.565153303497626824e-01 8.565153305403825357e-01 8.565153303934198714e-01 8.565153301618901871e-01 8.565153303795511874e-01 8.565153302113551748e-01 8.565153301679594433e-01 8.565153306170976144e-01 8.565153301995361845e-01 8.565153304182486771e-01 8.565153304708702509e-01 8.565153302910459843e-01 8.565153302723266249e-01 8.565153301867162172e-01 8.565153301838750455e-01 8.565153303012675856e-01 8.565153301188003221e-01 8.565153305200218226e-01 8.565153303047964295e-01 8.565153299441156109e-01 8.565153307154558249e-01 8.565153301409977882e-01 8.565153300461227914e-01 8.565153306623050078e-01 8.565153303121229023e-01 8.565153296144498718e-01 8.565153304887968000e-01 8.565153305423894858e-01 8.565153301382607554e-01 8.565153302121963907e-01 8.565153303141824770e-01 8.565153301479019321e-01 8.565153303732091494e-01 8.565153305305585052e-01 8.565153303272078356e-01 8.565153303699115650e-01 8.565153303180710331e-01 8.565153304356067920e-01 8.565153304262539402e-01 8.565153299679157950e-01 8.565153299483834193e-01 8.565153306014345880e-01 8.565153304434349746e-01 8.565153302871326702e-01 8.565153303491180869e-01 8.565153299576058199e-01 8.565153302877184238e-01 8.565153303500987469e-01 8.565153302277782599e-01
8.565153306970553215e-01 8.565153306325624660e-01 8.565153305487813729e-01 8.565153305883396184e-01 8.565153305823339780e-01 8.565153304429472536e-01 8.565153306876905903e-01 8.565153304254442546e-01 8.565153302325986262e-01 8.565153305419931362e-01 8.565153304706131232e-01 8.565153305863117961e-01 1.000000000000000000e+00 8.565153307076348588e-01 8.565153304627080022e-01 8.565153305335521106e-01 8.565153306093921115e-01 8.565153307000664684e-01 8.565153307370787505e-01 8.565153301946472064e-01 8.565153305229141756e-01 8.565153306314832182e-01 8.565153305089556746e-01 8.565153306569982528e-01 8.565153303587196287e-01 8.565153306769281993e-01 8.565153302811192582e-01 8.565153306884178974e-01 8.565153305914890991e-01 8.565153304458312800e-01 8.565153305408148565e-01 8.565153305707823295e-01 8.565153303882059310e-01 8.565153305117607641e-01 8.565153307247492798e-01 8.565153304591678340e-01 8.565153302717012362e-01 8.565153305013222251e-01 8.565153303382672112e-01 8.565153307074414579e-01 8.565153305870376599e-01 8.565153303751650293e-01 8.565153305911983317e-01 8.565153304873942552e-01 8.565153305242590998e-01 8.565153305131334438e-01 8.565153304220501917e-01 8.565153305393384819e-01 8.565153307297906915e-01 8.565153306562860447e-01 8.565153305617453361e-01 8.565153305850879972e-01 8.565153304758994501e-01 8.565153307310996444e-01 8.565153304479142804e-01 8.565153306808505063e-01 8.565153305862152067e-01 8.565153302338297525e-01 8.565153305515136317e-01 8.565153305000111628e-01 8.565153307255563009e-01 8.565153304135291190e-01 8.565153306195866234e-01 8.565153304023658265e-01 8.565153305177292120e-01 8.565153304601329509e-01 8.565153306908005471e-01 8.565153304711284887e-01 8.565153305649807480e-01 8.565153306276854783e-01 8.565153304545375379e-01 8.565153307502674229e-01 8.565153305263871752e-01 8.565153302936223678e-01 8.565153305311065113e-01 8.565153305416899343e-01 8.565153300348715693e-01 8.565153305638268932e-01 8.565153305957100560e-01 8.565153305163053510e-01 8.565153306139532408e-01 8.565153306280208767e-01 8.565153304091056574e-01 8.565153306285485657e-01 8.565153306913627640e-01 8.565153304980395177e-01 8.565153307393118531e-01 8.565153305649684246e-01 8.565153304461823325e-01 8.565153305380150961e-01 8.565153303583020739e-01 8.565153301498282801e-01 8.565153305717285726e-01 8.565153305136643525e-01 8.565153305553828700e-01 8.565153305946101581e-01 8.565153302334524987e-01 8.565153305617784207e-01 8.565153304827572978e-01 8.565153302270713809e-01
8.565153307231755386e-01 8.565153306343399331e-01 8.565153306483972440e-01 8.565153305444214160e-01 8.565153306380135501e-01 8.565153305903202563e-01 8.565153305373971460e-01 8.565153303667876195e-01 8.565153300249108703e-01 8.565153305334097800e-01 8.565153304576261784e-01 8.565153305862500677e-01 8.565153307076348588e-01 1.000000000000000000e+00 8.565153305987913690e-01 8.565153305157804375e-01 8.565153306547219625e-01 8.565153305811783468e-01 8.565153306666800637e-01 8.565153301117864881e-01 8.565153306611510420e-01 8.565153305831020303e-01 8.565153304838538650e-01 8.565153306697858016e-01 8.565153302944064073e-01 8.565153306884165652e-01 8.565153303338927104e-01 8.565153306250236076e-01 8.565153306536910094e-01 8.565153304812419544e-01 8.565153305958927987e-01 8.565153305556365559e-01 8.565153304494225184e-01 8.565153306771007280e-01 8.565153307241573089e-01 8.565153305534118910e-01 8.565153302905319510e-01 8.565153305615915702e-01 8.565153305352812829e-01 8.565153306393596955e-01 8.565153306116312093e-01 8.565153304439798720e-01 8.565153305464160427e-01 8.565153304653833066e-01 8.565153304960174685e-01 8.565153304549876223e-01 8.565153303836732235e-01 8.565153305975414799e-01 8.565153306881254647e-01 8.565153306031112468e-01 8.565153305486271629e-01 8.565153305604361611e-01 8.565153305568892206e-01 8.565153307124295790e-01 8.565153304611841101e-01 8.565153306119918097e-01 8.565153305682364770e-01 8.565153302581631767e-01 8.565153304588820626e-01 8.565153305772292835e-01 8.565153306858979132e-01 8.565153305260174710e-01 8.565153306541712919e-01 8.565153304640981125e-01 8.565153305823416385e-01 8.565153305349514357e-01 8.565153306241833908e-01 8.565153306219381868e-01 8.565153305426166375e-01 8.565153305462572808e-01 8.565153303823522801e-01 8.565153306702725233e-01 8.565153303834264209e-01 8.565153303498244108e-01 8.565153306178326931e-01 8.565153306170119052e-01 8.565153301606309721e-01 8.565153306249063681e-01 8.565153306372296216e-01 8.565153304598451811e-01 8.565153305029740149e-01 8.565153305775836667e-01 8.565153303861821055e-01 8.565153306121847665e-01 8.565153307133460681e-01 8.565153305113463178e-01 8.565153306382109477e-01 8.565153305469098699e-01 8.565153304093915398e-01 8.565153306557269364e-01 8.565153303154524611e-01 8.565153301952126430e-01 8.565153306312415227e-01 8.565153304271633239e-01 8.565153303571010346e-01 8.565153306139875466e-01 8.565153302862180684e-01 8.565153306653409127e-01 8.565153304147081759e-01 8.565153302874138896e-01
8.565153305566858277e-01 8.565153305327093403e-01 8.565153307136560423e-01 8.565153306281072521e-01 8.565153306640355124e-01 8.565153305574113585e-01 8.565153302026748960e-01 8.565153305205807088e-01 8.565153302651904443e-01 8.565153303734986956e-01 8.565153305308086384e-01 8.565153304216112096e-01 8.565153304627080022e-01 8.565153305987913690e-01 1.000000000000000000e+00 8.565153305882629020e-01 8.565153307474550060e-01 8.565153303799977191e-01 8.565153304716366378e-01 8.565153302608742303e-01 8.565153306339751138e-01 8.565153304008615853e-01 8.565153305498900416e-01 8.565153306111704667e-01 8.565153302627626086e-01 8.565153305808527184e-01 8.565153306383672671e-01 8.565153305256527627e-01 8.565153306440169700e-01 8.565153302938200985e-01 8.565153307225716883e-01 8.565153306095627528e-01 8.565153304285459956e-01 8.565153306671546840e-01 8.565153306743060746e-01 8.565153306931807542e-01 8.565153299840131407e-01 8.565153305568130593e-01 8.565153304202081097e-01 8.565153303859485145e-01 8.565153305359389790e-01 8.565153304039014870e-01 8.565153306070723005e-01 8.565153305129901140e-01 8.565153305377163351e-01 8.565153301235546301e-01 8.565153306163488800e-01 8.565153306261841237e-01 8.565153305844289688e-01 8.565153304616034413e-01 8.565153306333302963e-01 8.565153305382731119e-01 8.565153302485878362e-01 8.565153305468808931e-01 8.565153306347408346e-01 8.565153306371570130e-01 8.565153303768254789e-01 8.565153305009310936e-01 8.565153301499925931e-01 8.565153304785996236e-01 8.565153305595839539e-01 8.565153306380040021e-01 8.565153305812788220e-01 8.565153303980546085e-01 8.565153304638707388e-01 8.565153304029332615e-01 8.565153303121983974e-01 8.565153305133628159e-01 8.565153304434541814e-01 8.565153304995748451e-01 8.565153303396705331e-01 8.565153304914652210e-01 8.565153304934036704e-01 8.565153306576285264e-01 8.565153306980763936e-01 8.565153305507107184e-01 8.565153305449814125e-01 8.565153305207438006e-01 8.565153303098130833e-01 8.565153305237825920e-01 8.565153305269752604e-01 8.565153303136763263e-01 8.565153305735683231e-01 8.565153304128132472e-01 8.565153304835863013e-01 8.565153303148312913e-01 8.565153303697452536e-01 8.565153306034940517e-01 8.565153304941856005e-01 8.565153303327741607e-01 8.565153303856081202e-01 8.565153304792454403e-01 8.565153303266631601e-01 8.565153303441329635e-01 8.565153302319662432e-01 8.565153306075963258e-01 8.565153305868230538e-01 8.565153305658167460e-01 8.565153306370512087e-01 8.565153301956581755e-01
8.565153305444501708e-01 8.565153307029865770e-01 8.565153306790481702e-01 8.565153306898990460e-01 8.565153306999704341e-01 8.565153305415175167e-01 8.565153305166959274e-01 8.565153305936940020e-01 8.565153304781306653e-01 8.565153302863526275e-01 8.565153304652434185e-01 8.565153302161877535e-01 8.565153305335521106e-01 8.565153305157804375e-01 8.565153305882629020e-01 1.000000000000000000e+00 8.565153306826801538e-01 8.565153304094984543e-01 8.565153305583689258e-01 8.565153305197084066e-01 8.565153303771181337e-01 8.565153305720651922e-01 8.565153305582489107e-01 8.565153305740514922e-01 8.565153301812253872e-01 8.565153304539186996e-01 8.565153306613028095e-01 8.565153306420331125e-01 8.565153305609848333e-01 8.565153301756015525e-01 8.565153304850410265e-01 8.565153306010589995e-01 8.565153305697992270e-01 8.565153304982399129e-01 8.565153307310473529e-01 8.565153305665794692e-01 8.565153303361893178e-01 8.565153306212824891e-01 8.565153302312442651e-01 8.565153305790683680e-01 8.565153305201730349e-01 8.565153305742686518e-01 8.565153306365818064e-01 8.565153306543860090e-01 8.565153307004667038e-01 8.565153303817809594e-01 8.565153305122524818e-01 8.565153306154154045e-01 8.565153306287092150e-01 8.565153306036358272e-01 8.565153305547672513e-01 8.565153307221752277e-01 8.565153303422420317e-01 8.565153306625287177e-01 8.565153307347007638e-01 8.565153307092394641e-01 8.565153305185982946e-01 8.565153305083254009e-01 8.565153302495697174e-01 8.565153306353243678e-01 8.565153307325807930e-01 8.565153305104636905e-01 8.565153305335728717e-01 8.565153306144717149e-01 8.565153305438524267e-01 8.565153306278555645e-01 8.565153305391640659e-01 8.565153305341919321e-01 8.565153305831714192e-01 8.565153307138609895e-01 8.565153305355174274e-01 8.565153304790463773e-01 8.565153306234343233e-01 8.565153307273004613e-01 8.565153305029645781e-01 8.565153305271205886e-01 8.565153304898529552e-01 8.565153305524997318e-01 8.565153301829776522e-01 8.565153305665319516e-01 8.565153304854860039e-01 8.565153304997144001e-01 8.565153306203873163e-01 8.565153306071279227e-01 8.565153305922805771e-01 8.565153306245690823e-01 8.565153304855763761e-01 8.565153306759808460e-01 8.565153305137716000e-01 8.565153303145943697e-01 8.565153305755254243e-01 8.565153305074105772e-01 8.565153302031551785e-01 8.565153305291342001e-01 8.565153306022095236e-01 8.565153307965143181e-01 8.565153307332983301e-01 8.565153305536966633e-01 8.565153306011413781e-01 8.565153303130939033e-01
