1.000000000000000000e+00 8.899256976931638197e-02 3.100861242024986475e-01 -1.403069622413332385e-01 5.720078508284810737e-02 1.237073116832662495e-01 1.554961873183321498e-02 1.599915670043759383e-02 3.349501486105090076e-02 -8.464437569125983496e-02 1.116787678513733173e-01 5.726795838377669867e-02 -2.891684230157932044e-03 -1.069398703533441519e-01 -1.651876642068879908e-01 -3.292913646073376138e-02 -1.148005757268584087e-01 -4.978279223674767634e-02 -1.424983900828617200e-01 1.813412718559517800e-02 7.533390584498877995e-02 -1.166635197945688623e-01 -4.015605625522462169e-02 3.815291871986844444e-03 -8.147460928560797122e-02 1.655969783458209887e-01 -4.917760112080370172e-02 -4.977063829000919620e-02 -1.475312874203716252e-03 -2.474759442796270748e-01 2.059378882313477044e-02 -8.036417223647733532e-02 -1.596542538785902521e-01 -6.848730175029281789e-03 -9.371375138812293448e-02 2.138482564277970413e-02 -4.454974465709430481e-02 1.166465254928221312e-01 -7.048922366474580370e-02 -7.509086294462447020e-02 3.045620387991482964e-02 1.378264980563722597e-01 1.328208066779940910e-01 7.483013135031833796e-02 -3.231549253207966627e-02 -7.055941482910307871e-02 -5.246149457864442839e-02 5.435672713212524876e-02 2.510999298184342643e-01 2.551730567829747498e-01 5.963369611656873515e-01 1.813683938623414094e-01 -5.538602176944569522e-02 -3.453636648845285761e-01 7.104612601002044392e-02 2.992495284429999014e-01 6.247110279392206755e-02 1.228749950143426511e-03 4.991019139223573653e-02 1.431146683636804265e-02 -5.058134891338203921e-04 2.790590752998870633e-02 -1.009024837895448612e-01 -1.402902747732229782e-01 -4.636645964091615918e-02 -1.592305236832947946e-01 7.239260759282227509e-02 -1.455824431532717067e-01 -5.636110540508731254e-02 -4.247598754143132489e-03 3.500296340398033335e-02 -1.632769144800105543e-01 -2.394626515402443340e-02 8.175775678263339299e-03 1.237591822244792951e-02 1.011431126693193294e-01 2.582682095804440109e-03 -1.614632461628608406e-01 -7.926526240727173322e-02 -2.523943316140703913e-02 8.537690930730203534e-03 5.459918832139066397e-02 5.017169962388812188e-02 -1.349239855170419333e-01 -6.154091509967626883e-02 -1.080483860377430133e-01 -2.071198237724370117e-01 -1.648390292353069941e-01 2.860180917241196552e-02 5.520534786264548466e-02 -7.822743790559770483e-02 -4.819065369634745882e-02 -1.155035949622738589e-01 3.610334704589788363e-02 8.897653600941632379e-02 7.645268654075745851e-02 -1.207675813940132237e-01 1.436816343937498755e-02 2.498113786233319145e-01 2.206537441765611118e-01
8.899256976931638197e-02 1.000000000000000000e+00 6.922022710365562936e-01 4.496242507490524898e-01 7.332339772125470168e-01 7.092400675269279198e-01 5.523496022466641842e-01 5.665260889489592833e-01 6.614466077370422248e-01 1.072034614815558194e-02 2.017392649871477261e-01 1.765722049966034490e-01 1.128140997465394285e-01 -1.102212597178739290e-01 -8.723922256519148211e-02 4.465079494550188710e-01 2.453623026978014876e-01 1.673800396967151383e-01 2.735355010445144827e-02 -1.084698764594656806e-01 -1.584532889148955181e-01 4.520583380782611932e-02 -2.751172123080493637e-01 1.729713332167761575e-01 3.288723059416297223e-02 -4.082402826238575033e-02 -2.282546337056908792e-01 -3.301485296979583817e-01 -1.133688467200216071e-01 -2.745028606894242551e-01 4.712974138674096841e-02 -1.182157794456024230e-02 -1.182800426806227267e-01 -1.192178572078229914e-01 -1.132484568893260685e-01 1.476254197347077191e-01 -1.010416276825236714e-01 9.199657125161524174e-02 1.544824801912250689e-01 1.712740499421677165e-01 7.842130139235532760e-02 -1.009526285120481703e-01 -8.967721625842051125e-02 -2.050470935637819028e-02 -1.700747396503369258e-01 -2.392537274269257719e-01 -3.494088894047625016e-01 -2.326652491139563905e-01 3.737570164179680465e-01 1.384626878311657344e-02 3.594139153962777611e-01 7.542031165215157262e-01 3.697085124098160036e-01 3.402415850351108162e-01 6.488181895009597078e-01 6.779011682011331086e-01 3.564897789899513780e-01 6.576311199495760151e-01 9.108388262285295467e-02 1.982376054462838544e-01 9.167923249901403782e-02 1.885537086657112504e-01 -4.654596759020938196e-02 3.641749769186496122e-02 -1.802469588245475818e-01 -1.060489385765063103e-01 9.166225181346705775e-02 1.604018428471965796e-01 -4.000659284311151864e-02 2.026494866043601906e-01 -7.965460504831829713e-02 -3.914965137616293472e-02 -2.914576516337214485e-01 1.064114907502699964e-01 2.636111137767367385e-01 -4.014502196747119639e-02 -2.490296062825928317e-02 -3.196081127785678766e-01 -1.199085267980008057e-02 -4.659777089656679666e-02 7.193966525172240320e-04 -1.810066763256803490e-01 -1.332594005058372888e-01 -1.833372293941176734e-01 -3.531894163206494297e-01 -3.877743949143986901e-01 -1.302828483953881455e-01 -2.650819072088608230e-01 3.259544174759538837e-01 -1.852709305984900912e-01 -1.432368601982862422e-01 1.172723711894993609e-01 1.247606491576191273e-01 -1.222701000085269774e-01 -2.171830134984701621e-01 -1.651393292885573461e-01 -2.279350482744428585e-01 -2.767552715300738431e-01 2.971854981148320807e-01 -2.823595872470256382e-02
3.100861242024986475e-01 6.922022710365562936e-01 1.000000000000000000e+00 3.015615055007332956e-01 5.718799407565583470e-01 7.241193235061155198e-01 5.765732098380197401e-01 6.065170813201198330e-01 6.906179702241737051e-01 6.162801532928331716e-02 2.803188324774359974e-01 2.283180072043777542e-01 1.193588557898079133e-01 -9.368715704157019875e-02 -9.343809974809245966e-02 4.196489602460874990e-01 1.347650877119322688e-01 6.935475002055828397e-02 -2.723917537179354476e-02 -2.214833220442000705e-01 -1.294142779259903064e-01 -2.951192491391095834e-03 -2.727018756106111552e-01 1.660439061638311897e-01 1.231098781344808629e-01 9.417005645514939238e-03 -3.057082267372742690e-01 -3.654123821230020330e-01 -1.358994749049865780e-01 -3.430563596666075243e-01 5.119599077350225902e-02 5.099067366616058528e-02 -1.492733134596252176e-01 -2.172118539606320842e-01 -1.455559905948524413e-01 -1.937059568869953924e-02 -2.376164451106433095e-01 2.935196842084367153e-01 1.051706455209814456e-01 2.222641695266717732e-01 1.419577280330987755e-02 2.846600356320812958e-02 2.270725672681317246e-03 -4.072629016276049091e-02 -1.530279439800734387e-01 -2.499543309456088991e-01 -3.833448379227697433e-01 -2.429485050455501005e-01 3.597812931692929150e-01 3.036439162893083549e-02 5.347674970718384602e-01 7.493824995883846540e-01 3.898689234545955062e-01 1.422301415283322157e-01 5.360677988364521696e-01 7.477391217907299881e-01 5.041431483525420365e-01 6.840284841382765491e-01 1.657661152729286713e-01 2.171673976293716224e-01 1.325051458619405931e-01 2.050945405810540301e-01 8.554032085943711824e-03 7.686998481642010050e-02 -1.170428179593738238e-01 -8.420241521573590404e-02 2.036641675838388454e-01 8.210209891567635254e-02 -1.555547490104258468e-01 9.593943361676345039e-02 -6.306022286375714825e-02 -7.046682431892611898e-02 -2.318384730467191179e-01 2.302246798410573225e-01 2.969523545988752011e-01 1.792162261970723855e-02 -1.446271273772926219e-02 -3.219099347335921402e-01 2.287577884308488949e-02 3.453385526919265647e-02 -4.426519247666368950e-02 -2.380248851497319684e-01 -1.580126748680679150e-01 -2.551623736038058921e-01 -4.180389902535743274e-01 -4.542835142124258541e-01 -2.978802179812056750e-01 -3.960184174910552635e-01 2.391777029985446834e-01 -1.475464794347465802e-01 -1.294562667467563655e-01 2.519023613864557753e-01 9.888087693393446398e-02 -7.287716276347626365e-02 -2.061523356157776432e-01 -1.217453559373781330e-01 -2.211855618515534416e-01 -2.904397641029426436e-01 2.819104742009634901e-01 1.483880695274843523e-02
-1.403069622413332385e-01 4.496242507490524898e-01 3.015615055007332956e-01 1.000000000000000000e+00 3.550049428744414537e-01 3.865146232719796071e-01 5.023750189567276481e-01 5.715087048067328812e-01 5.302667955065418770e-01 -7.699220881008039807e-02 7.113511210626771719e-02 2.170497215316100348e-01 2.746912348822958538e-01 2.892837769535547832e-01 3.229212179264056015e-01 4.545336903628185987e-01 3.605937919867761021e-01 2.808577221042581895e-01 2.629695245462203013e-01 -1.194319717015198887e-02 1.177122327830851523e-01 1.377742644804841321e-01 1.763528594709593555e-01 1.157660843105549481e-01 8.849319583107436923e-03 -2.463999870728273908e-02 -3.187436114274222552e-03 -2.047761979457273507e-01 6.551376688135156223e-02 7.078114655251223353e-02 -9.695291707014327964e-02 2.270351193809599100e-01 1.736976075123041474e-01 -4.538951949892960913e-02 -3.290713126752798506e-02 -5.995625254597243547e-02 -4.338755712966767264e-02 9.154970489774445774e-02 9.962917302886029058e-02 1.310687310618358914e-01 -6.062222451903159781e-02 -2.280968273411028702e-01 -1.834295712132998357e-01 -8.033553746621474589e-02 -3.635066437830741792e-02 -1.731480967744935540e-01 -2.335318912421853466e-02 2.251631921851577484e-02 1.397827063396992475e-01 -2.322430394731674619e-01 1.324243111730500078e-01 4.682625265459602892e-01 6.161764865872981778e-01 5.876858901363741783e-01 2.383452264428357614e-01 3.733259648007706266e-01 5.673165251597390712e-01 5.817601367056960404e-01 8.043375952761749881e-02 3.273131238703824719e-01 1.727901437280588148e-01 2.230973060084792958e-01 2.298655404422087212e-01 4.204307956208650499e-01 1.997931075845082449e-01 3.748298516622571297e-01 1.930106917206328987e-01 3.391919765794846886e-01 -8.091616903584153073e-03 2.680579774485888911e-01 2.388006594303144769e-01 4.762292061904294799e-02 1.328293581710348892e-01 8.310072188840716967e-02 2.673449123133228023e-01 -6.480567230577134654e-04 2.097756378460917948e-01 -2.440367786393991822e-02 3.379343523968937613e-02 1.270326932993241231e-01 -1.323508961285416452e-01 -3.205388253097843920e-01 -1.432338339174158148e-01 -7.258369688900782879e-02 -1.100153226575507903e-01 -8.363968993313689038e-02 -5.135571309554074447e-03 -1.934494911791149463e-01 2.078267439448137910e-01 -3.798645351830313155e-01 -4.348849514024057117e-02 8.557562360387996683e-03 1.799297818343169042e-01 -2.274527945895937486e-01 -2.765599128746721314e-01 -1.902947946520328892e-01 -1.625039497973801705e-01 -7.775166914503511828e-02 1.122137380801764978e-01 -2.518628308590069032e-01
5.720078508284810737e-02 7.332339772125470168e-01 5.718799407565583470e-01 3.550049428744414537e-01 1.000000000000000000e+00 6.693811634314636994e-01 4.138697752275707908e-01 3.155443426519294881e-01 4.572512691614153968e-01 -4.124506249654747575e-02 9.386705636122856522e-02 6.037494142025792709e-02 -1.728744817349656127e-02 -1.288662392825846714e-01 -1.124554993104169565e-01 2.142105246272236196e-01 5.473477881486193269e-02 1.026305968763296106e-01 -3.534829724901455972e-02 -6.743230790799109586e-03 -6.697682009280100934e-02 3.799422866280140892e-02 -1.896046293780265235e-01 8.464350746769928879e-02 -8.192865281616383555e-02 -2.864602539606098813e-02 -1.019262698373972764e-01 -1.543355138540244975e-01 -1.202632881088676192e-01 -1.665025456600236486e-01 4.977198022005241418e-02 -1.793014388755633792e-01 -1.196457218756030727e-01 -2.929450685094000043e-02 -2.446670840911642150e-02 2.624490293788223627e-01 -1.083749353876902258e-02 -5.065655390307600286e-02 9.481760452225049263e-02 1.048852882439582079e-01 1.758204678578922930e-01 -5.388825301103328247e-02 -6.440144556144316440e-03 5.950084652072482050e-02 -9.698119900045758246e-02 -1.323052354938000497e-01 -1.488075163344155516e-01 -6.095984151970110232e-02 3.317785457884758760e-01 1.151967990729370617e-01 2.563912938342086667e-01 5.699906850144097481e-01 1.793200175154367748e-01 2.408751675334069031e-01 7.630702594434255470e-01 5.794859804029325323e-01 1.933609460861847873e-01 4.774873423892191382e-01 -2.933233238639415541e-02 7.471885058372702663e-03 -3.094515972766508083e-02 -2.570840229865811385e-02 -1.413106011700808740e-01 -1.356048826662594742e-01 -1.462943753939618396e-01 -1.239928803844584093e-01 8.422726496342643199e-02 -1.619314748344826554e-02 -3.723033121918267047e-02 1.047337004423301715e-01 -5.183319226594820112e-02 -1.229801580784927600e-01 -2.383488418575756829e-01 -1.645520966299868606e-03 4.743112851891879977e-02 -1.098108050881029529e-01 -1.187703852927698700e-01 -2.953248389547095121e-01 -8.206670687557804378e-02 -1.554091952085246697e-01 -5.192359243621129383e-02 -7.485719614518097920e-02 -4.263050936302150568e-02 -9.803694896541520487e-02 -1.989207734685648765e-01 -2.773493297306022232e-01 -6.729386237957601935e-02 -1.571513852683155410e-01 2.909478781118826074e-01 -1.064074212655635038e-01 -1.586573103838930243e-01 -5.599810052179008540e-02 -3.373124474066505063e-02 -1.340763263714691012e-01 -1.743762081038612022e-01 -1.144284960467869955e-01 -1.697875914880811188e-01 -1.271511357547116250e-01 2.537127588428010339e-01 5.300483082854505479e-02
1.237073116832662495e-01 7.092400675269279198e-01 7.241193235061155198e-01 3.865146232719796071e-01 6.693811634314636994e-01 1.000000000000000000e+00 5.727380104218807721e-01 5.622890832167881658e-01 6.927879063781219315e-01 -1.270317601389448804e-02 2.939151457360720809e-01 2.666262261516693655e-01 2.525182406084184317e-01 2.132670386449089794e-02 3.885203385220111633e-02 3.493666224633910633e-01 2.171382468182632974e-01 1.925443293272278977e-01 7.033437827201519110e-02 -7.017222721570087751e-02 -7.435939902215024655e-02 -1.261857776892996458e-03 -1.958409320237336493e-01 9.620464964148421616e-02 5.344158135423683620e-02 2.606893421681662562e-02 -1.835760705718400276e-01 -2.559299673928407959e-01 -4.027046712400716988e-02 -2.366589171660211377e-01 -1.187284648303195932e-02 -7.541642069602624322e-03 -1.282224140519599431e-01 -1.691854715429620404e-01 -1.160544783779313832e-01 1.742722316256004877e-01 -1.014517260426179013e-01 9.146685946591384675e-02 4.673886589564399396e-02 1.549338198340675099e-01 -2.236279631095555720e-02 -1.136993741109522393e-01 -1.240332079881624194e-01 -5.418637440936841659e-02 -1.493552613209424007e-01 -2.585755979500510837e-01 -2.929684020331568828e-01 -1.691949251945079058e-01 5.088075084165226691e-01 4.999446126978424748e-02 3.867414357402793046e-01 6.680264185936453103e-01 3.098650852527002342e-01 2.454023465128494785e-01 6.450632607700278465e-01 7.976995404970590453e-01 4.015953706961727931e-01 6.906521723519025713e-01 1.153182253795561642e-02 2.645033427152534422e-01 1.765680617426181320e-01 2.418878292360013837e-01 1.163539126704483395e-01 1.709515140348671636e-01 -1.892051380365538174e-02 2.388072791080430787e-02 1.871674601573653229e-01 1.804257110777974238e-01 -7.164615276138583400e-02 2.177020153616120168e-01 1.046607287491351478e-02 -7.755442857013976343e-02 -2.037636475043907991e-01 1.143987987255466326e-01 2.490442651204600455e-01 3.675463876651371975e-02 8.315622184352003399e-02 -2.549988307314801639e-01 3.977144891282636402e-02 -2.446888037129123922e-02 -1.488999115109946036e-01 -2.161823420202896306e-01 -1.244432137157430590e-01 -1.986169636036647923e-01 -2.970988939143933139e-01 -3.415129261665967864e-01 -7.713178891384331326e-02 -2.470888446274855377e-01 3.815042462422343350e-01 -2.622253834574918008e-01 -2.286226024947528856e-01 1.130590140114491465e-01 3.528576026885679728e-02 -1.690614032517591403e-01 -2.250956665324602424e-01 -1.395940900875783652e-01 -2.391873007095715875e-01 -2.401126922541104991e-01 4.134497301793821911e-01 6.901161626617878520e-02
1.554961873183321498e-02 5.523496022466641842e-01 5.765732098380197401e-01 5.023750189567276481e-01 4.138697752275707908e-01 5.727380104218807721e-01 1.000000000000000000e+00 6.891445659916843880e-01 6.712317809368502086e-01 4.265339709001091106e-02 1.635955357151608891e-01 2.764961369266328850e-01 2.220776962171546465e-01 -5.315445037871154021e-02 -4.731740136797822627e-02 5.920614665686815270e-01 3.465172465855880790e-01 2.730819710466616534e-01 1.044076330978316453e-01 -8.809430931702080803e-02 -1.196138560594219996e-01 2.548042713369381637e-02 -2.168597005429902802e-01 2.088874135540453592e-01 2.202152924471108275e-01 -8.184893014283835255e-02 -2.631224248544645206e-01 -4.103156165348603723e-01 -1.294100441504016930e-01 -2.460683883610810252e-01 6.211994326148773116e-02 1.858603293282208024e-01 5.014769836899303848e-03 -9.624202328779442317e-02 -2.070988892197178632e-01 6.711385556455240486e-02 -2.165467210312410629e-01 2.580335117849598681e-01 3.910199557086511263e-02 3.217583829391263972e-01 1.620713461411585777e-03 -5.557073533562859047e-02 -1.963390944244103598e-01 -1.785531785315662701e-01 -2.360805833030419909e-01 -3.519639337339285912e-01 -4.146450045912226101e-01 -2.386109872196034709e-01 3.580887756413255740e-01 -1.065696147320512599e-01 2.590534403659919827e-01 5.274091883152806082e-01 4.905512703691783383e-01 3.690532508767423447e-01 4.013236295316701119e-01 5.389106658548380446e-01 6.046321207847956680e-01 6.670861692113587704e-01 9.247227824797780993e-02 2.177171055027838364e-01 2.234526799238802375e-01 2.872902984284590455e-01 8.232020369071417140e-03 1.508013944258389250e-01 -1.295330131993326084e-01 -3.246097742717206358e-02 4.680964884228038803e-01 2.136560133661024041e-01 -1.596603476277061451e-01 2.316564339211466816e-01 -2.798033361166547134e-02 -6.259392095957212743e-02 -2.293070741847197669e-01 1.274821709910761436e-01 3.167285818469866565e-01 -3.457336869563378684e-02 7.333828681782833883e-03 -2.220566818337083026e-01 1.767134974542045600e-01 1.585896381442100656e-01 -5.884682206858191100e-02 -3.104741351223699319e-01 -2.922908074640820919e-01 -2.728980978928279288e-01 -3.955949733293924186e-01 -4.768773243921163862e-01 -1.761065057316340554e-01 -3.174448584435490273e-01 3.229508848652344888e-01 -2.279886778261832891e-01 -1.544998619081133229e-01 2.099165376974101993e-01 8.185594284629454931e-02 -1.431216034978635698e-01 -3.211202447741932642e-01 -2.381424339974807236e-01 -3.372234715464083599e-01 -3.428961782873015673e-01 2.602326025557024636e-01 -1.269065422161958778e-01
1.599915670043759383e-02 5.665260889489592833e-01 6.065170813201198330e-01 5.715087048067328812e-01 3.155443426519294881e-01 5.622890832167881658e-01 6.891445659916843880e-01 1.000000000000000000e+00 7.513436066447679584e-01 4.667640214472625754e-02 3.079353136406658420e-01 3.531454191047230240e-01 3.507845178410061160e-01 4.511815560645179163e-02 6.670630981119671232e-02 5.975313794086168917e-01 4.224383899787683139e-01 2.232632567760541864e-01 1.612235842183219747e-01 -2.518213511975341268e-01 -1.347150359717608215e-01 1.232433112955838572e-01 -1.659497815890548233e-01 1.568024057562945883e-01 1.926657985459635514e-01 -4.689042976505240073e-02 -3.124615585446379740e-01 -4.299607969830612220e-01 -8.662279275595122230e-02 -2.536367490074373787e-01 2.250966612022468200e-02 1.343505023093236883e-01 -6.700211876501162289e-02 -1.914163351560694282e-01 -1.292768671279064807e-01 -1.442466503111839715e-01 -2.808752812808322785e-01 2.924945118418592060e-01 1.773498183183649934e-01 2.716317089311237609e-01 -7.917690619225575821e-02 -8.427175363696874644e-02 -1.646463670618910358e-01 -1.540947907370820713e-01 -1.535960874890354155e-01 -3.774704990976316399e-01 -4.466212374237188976e-01 -3.244791710362033288e-01 3.285143404395614586e-01 -2.411085656744958727e-01 3.950908979314677327e-01 6.382440256549674062e-01 6.059859984246738218e-01 3.965985071538948303e-01 1.945917022309135436e-01 5.440856211619864435e-01 6.875476089364442878e-01 7.552595663029610940e-01 2.029908777042997992e-01 4.073554682801421301e-01 2.964327833711715710e-01 4.297440391776941038e-01 1.899510044889071159e-01 3.515978014822676023e-01 -8.702753195112550300e-02 7.037358299493544356e-02 2.108703210298054631e-01 3.265098051994857475e-01 -2.989198726048354973e-02 3.087703739968227779e-01 -1.787455946717716668e-02 8.257634760546579689e-02 -1.548769418619167504e-01 2.835680148787675936e-01 4.140903935239546585e-01 7.713805026309257518e-02 1.152565754679693855e-01 -2.360768091052536100e-01 2.162538524767428638e-01 1.280340347060142381e-01 -9.740747170396811538e-02 -3.278806657436393879e-01 -1.854499402961186094e-01 -2.325507452976402212e-01 -4.275648646588390833e-01 -4.422918449119851991e-01 -2.126700139241613496e-01 -3.763948502626237036e-01 2.251656998335420656e-01 -3.421284201902682898e-01 -1.402625647222556227e-01 3.308748700007960175e-01 2.524066696344525185e-01 -9.680528202781127356e-02 -2.413426031279641004e-01 -2.136659630735980309e-01 -3.160424805474643661e-01 -3.699359931007637492e-01 2.281442094271388388e-01 -2.139320464960344226e-01
3.349501486105090076e-02 6.614466077370422248e-01 6.906179702241737051e-01 5.302667955065418770e-01 4.572512691614153968e-01 6.927879063781219315e-01 6.712317809368502086e-01 7.513436066447679584e-01 1.000000000000000000e+00 3.190629203323964991e-02 2.830811100378541334e-01 3.644295181838128617e-01 3.140507084022456374e-01 9.761794947630229868e-02 1.089475599936114841e-01 5.138773016860160858e-01 3.522636002894207197e-01 2.652100519673404877e-01 1.687608789497932749e-01 -1.479410176394070353e-01 -9.726980632969609020e-02 2.624291050924063007e-02 -1.386003702119057990e-01 1.766419611062338135e-01 2.175245730968420055e-01 -1.186941607643200863e-01 -2.829098098739705747e-01 -4.139360551615909878e-01 5.238398650747004906e-03 -2.296135114858988968e-01 -3.741939303066276618e-02 1.290907117480877830e-01 -1.657921391124613647e-02 -2.077456804022404790e-01 -1.922248188423090198e-01 -2.648074639099192232e-03 -2.215418110018153031e-01 2.254128983165286093e-01 1.273559740544151775e-01 2.416485653674534662e-01 -7.601396150873367119e-02 -2.048070791782610756e-01 -2.261211421354557827e-01 -1.346221648059677534e-01 -2.190668708839288437e-01 -2.747999627108376197e-01 -3.770559047956732468e-01 -2.093709006688448948e-01 3.965829992767292422e-01 -1.369505923222403831e-01 3.293396732663216864e-01 6.941177267684301988e-01 5.416273521333921925e-01 4.494879114768644546e-01 4.119693854377185493e-01 6.758177052339948698e-01 6.091417587657861343e-01 8.425260013975721662e-01 1.707672697718455312e-01 3.638918119458671718e-01 2.198262030566915104e-01 3.647863677580494013e-01 1.909691316390847160e-01 3.705122042520052061e-01 -8.888489020371551086e-03 1.117187391285696801e-01 2.269903599220449986e-01 2.475809045700617106e-01 -1.347827803465008467e-01 2.911514931926257876e-01 2.056318609196516531e-02 -5.097600788376520364e-02 -1.160143966726101539e-01 2.525535355677689386e-01 3.996346488915636375e-01 -5.990002898695002444e-03 1.638694425910827146e-01 -2.132255809192014351e-01 1.200031082789407844e-01 3.248907504677458341e-02 -1.648503237545919931e-01 -3.673194615410669273e-01 -2.228527337495617155e-01 -2.835533932960640491e-01 -3.908463822010273536e-01 -4.002719483973125048e-01 -1.894729821149840066e-01 -3.959524694139920364e-01 3.664120605279314047e-01 -3.425348739269336584e-01 -1.544350532900910788e-01 2.501281070946231866e-01 2.404514525476426356e-01 -1.457843566504485044e-01 -3.223911075173110929e-01 -1.987745576556813609e-01 -2.215641526674439199e-01 -2.989858506809965899e-01 2.962125869861695904e-01 -1.256822004319221309e-01
-8.464437569125983496e-02 1.072034614815558194e-02 6.162801532928331716e-02 -7.699220881008039807e-02 -4.124506249654747575e-02 -1.270317601389448804e-02 4.265339709001091106e-02 4.667640214472625754e-02 3.190629203323964991e-02 1.000000000000000000e+00 -1.813638327269834205e-02 1.074796105038983568e-01 -7.933850658728827665e-02 -2.682893848773579282e-01 -2.461550602099462637e-01 1.587813588798766828e-01 -8.163249107176290265e-02 -2.187137451416406586e-01 -2.317543017657926196e-01 -2.668974813889309905e-01 -1.998509193636412162e-01 -8.064299395539036019e-02 -3.124634878366869817e-01 1.392621650119925947e-01 3.418320781862673186e-01 -9.584606437760304076e-02 -3.093079845671847239e-01 -6.465809505539475699e-02 -1.638315744075122260e-01 -1.413888009126790801e-01 1.314275078528790164e-01 2.139784805228873987e-01 1.206139990034782727e-01 -2.532490571051967398e-01 -2.223377636868054397e-01 2.028454873834160260e-02 -3.612171708531321940e-02 1.637894758710014276e-01 6.607746326392116565e-02 2.571331371986739778e-01 -1.657234192701629583e-01 1.712427753071240621e-01 -1.157965624099449725e-01 -5.503636110736279119e-02 -1.831940912545908795e-01 -1.363071600269975259e-01 -4.022649677496503151e-01 -2.391153796108966834e-01 -4.266584667787943347e-02 -7.658846861281097540e-02 -7.183336028256599726e-02 1.104425656422559562e-03 2.170880455702793935e-02 1.064386830411019891e-01 -5.189668113618658291e-02 -6.944886392024238186e-02 8.803189918739588726e-02 3.749364690328799848e-02 4.283628868917936372e-01 -3.370820929803553662e-02 1.252176437305428658e-01 -4.960253579657735411e-03 -1.770324679665223888e-01 -1.902380392610022453e-01 -2.771754114499047073e-01 -2.571707689159233312e-01 9.660893395957290131e-02 -1.692265287591199208e-01 -1.826561026941726507e-01 -1.802901481358000491e-01 -2.567070418919027985e-01 -8.624760779260425003e-02 -2.225467814329845639e-01 2.211353964900153179e-01 1.161394723242945848e-01 5.889845916400691939e-02 -1.045077371399768390e-01 -5.736070063013076759e-02 2.043206566270191482e-01 1.073233424376579120e-01 5.688785734067561273e-02 -9.321090969198200793e-02 -1.723074319360251572e-01 -2.269153546404270305e-01 -2.105074785249659297e-01 -3.026619559268318160e-01 -5.399904144661175909e-02 -2.688877577427645563e-02 -1.185316341731457307e-01 1.928044894657445218e-01 3.720802423015986959e-02 3.576789405161832081e-01 1.263380652734634180e-01 4.099802550579017407e-02 -3.380176026290274138e-02 -3.134407248254680173e-02 -1.350597433784998802e-01 -2.999272400185131748e-01 -1.012484175256829488e-01 -2.211750420008300189e-02
1.116787678513733173e-01 2.017392649871477261e-01 2.803188324774359974e-01 7.113511210626771719e-02 9.386705636122856522e-02 2.939151457360720809e-01 1.635955357151608891e-01 3.079353136406658420e-01 2.830811100378541334e-01 -1.813638327269834205e-02 1.000000000000000000e+00 3.424073451370849286e-01 3.969472805606295562e-01 1.007133757303743660e-02 1.000326107821363116e-02 2.191991820315482564e-01 1.878349431981340134e-01 6.955669219130913850e-02 1.426097940069939174e-01 -3.315943094579829747e-02 -3.140328788827487227e-02 1.048778697112321412e-01 -2.175912083222448501e-01 1.280923372282586903e-01 3.152011035032492026e-01 3.218629535458756297e-01 -1.739154578172055488e-01 -1.692894657168490524e-01 1.661424639124205738e-01 -2.945513306892328376e-01 -1.491234079721435180e-01 -4.192085752594260778e-02 -2.729579873681762803e-01 -1.457175288889171749e-01 5.936154204752377983e-02 1.915852343727388052e-02 -3.756808883908126923e-02 1.015159608809225594e-01 4.311178880579638606e-02 1.142073589336666528e-01 -1.810329187546802499e-01 8.396139864293444832e-02 1.354673924728294621e-01 -1.269313484093975708e-01 -1.164431427277755754e-01 -2.182477321921906521e-01 -2.554764974074911765e-01 -3.061129384503201156e-01 2.559333751659405021e-01 1.109323098180730882e-01 3.200317796193660747e-01 2.763344609962538057e-01 8.686711941679771398e-02 -5.968528431879584206e-02 2.845752658452262163e-02 2.938969134035573361e-01 1.093503913616534484e-01 2.315710744699940316e-01 2.339597993960648992e-01 4.820414622448328523e-01 3.875294048114036882e-01 3.843716514000938278e-01 1.979996324208641023e-01 1.391893635807551766e-01 -8.165988051732601949e-02 -4.930575143180167957e-02 -6.896175166906795551e-02 1.794563911672915346e-01 4.608857490196816703e-02 1.514347780555486966e-01 4.155808408065055255e-03 9.153697803981271364e-02 -2.710821298220382758e-01 2.570326316728383520e-01 3.793891347628893795e-01 3.791424719639640006e-01 1.567422272474837119e-01 -1.466164555284649174e-01 7.990560261021896482e-02 -8.224259090206707812e-02 -2.386030917376382940e-02 -8.653103233410422424e-02 1.255943988492237533e-02 -1.065539211469590103e-01 -2.225659343940414869e-01 -2.876005381771159497e-01 1.728588338762966983e-02 -1.419365195502398092e-01 1.653288618674971511e-01 -1.533093532275304760e-01 -2.642764881211942529e-01 2.108866776588637915e-01 8.100807843356565285e-02 1.212440368950279540e-01 5.920868327044217366e-02 -6.528631547193790297e-02 -1.786653003738794543e-01 -3.758001114219656213e-01 1.998945220222630159e-01 1.305714030330941133e-01
5.726795838377669867e-02 1.765722049966034490e-01 2.283180072043777542e-01 2.170497215316100348e-01 6.037494142025792709e-02 2.666262261516693655e-01 2.764961369266328850e-01 3.531454191047230240e-01 3.644295181838128617e-01 1.074796105038983568e-01 3.424073451370849286e-01 1.000000000000000000e+00 4.869180173329865080e-01 5.914815811753335040e-02 6.787316633750517525e-02 3.962303997502659159e-01 4.421099574876079519e-01 1.282826346360532166e-01 1.560778223359833294e-01 -1.454630096374989467e-01 -1.300904410560650981e-01 1.854818284409258944e-01 -2.461347063237524432e-02 4.534448695026490617e-01 4.057577979898815412e-01 1.559930267121562020e-01 -2.710657907937520927e-01 -1.237919648792122074e-01 1.281566689454267383e-01 6.164491031253020595e-04 -8.163346123408721233e-02 2.349463148316722760e-01 -2.345094734139423209e-02 -9.287293384113368133e-02 -1.315516960073780661e-01 -6.764294469171791557e-02 -3.165630332314931655e-02 5.753487007008631360e-02 -3.414846461412038986e-02 7.614018714999096216e-02 -3.064202190704805040e-01 -7.713709461329514017e-02 -1.842555908446192048e-01 -3.791397754548491150e-01 -2.471382907232322346e-01 -3.319632517819685047e-01 -3.422990538230759050e-01 -2.747484997977643340e-01 1.441037116513306238e-01 -2.816755797098934866e-01 2.169591071898798740e-01 2.891036861009517178e-01 2.600797774561625642e-01 2.432794372116889592e-01 -3.583358651721968956e-03 2.459968624195508491e-01 2.430355927407840122e-01 3.215076495398650480e-01 3.297407594304935241e-01 5.408967175011716311e-01 6.067483177543585571e-01 4.432596190224009081e-01 2.646347466570065921e-01 2.941563837675343351e-01 -8.002031494240394172e-02 4.776240113770945095e-02 9.164085583025287363e-02 3.891149100678581441e-01 -8.469521000175861403e-02 1.955508935516488689e-01 -5.815099114287888837e-02 1.654019638820367066e-01 -8.678735466643413068e-03 1.876593962047515829e-01 5.775957593249546607e-01 3.404888014822850528e-01 2.506680653019925931e-01 1.870308582677908671e-01 1.982231748689026185e-01 8.188274526564340294e-02 4.576084036207267664e-04 -3.119715289530369251e-01 -2.457381553656496076e-01 -1.893842285562700734e-01 -2.853593032609194058e-01 -2.876890690050822319e-01 -3.260710489696203723e-02 -2.440447121776764816e-01 1.421532183847371289e-01 -2.406286567224119044e-01 -2.166342313148925947e-01 1.868072832820371898e-01 8.047143588176615403e-02 -6.962588939890229645e-02 -1.575466884970914694e-01 -3.407633088475168770e-01 -2.894022005933456487e-01 -3.719786391033703121e-01 1.073957626835116974e-01 -2.732583611661613676e-01
-2.891684230157932044e-03 1.128140997465394285e-01 1.193588557898079133e-01 2.746912348822958538e-01 -1.728744817349656127e-02 2.525182406084184317e-01 2.220776962171546465e-01 3.507845178410061160e-01 3.140507084022456374e-01 -7.933850658728827665e-02 3.969472805606295562e-01 4.869180173329865080e-01 1.000000000000000000e+00 3.223198005685610767e-01 3.135098769658136164e-01 2.902959964879771038e-01 4.632288259558523524e-01 2.792911703356880104e-01 3.293436696962019905e-01 6.066044876575854040e-03 8.523323332124668750e-02 3.026929657549020658e-01 9.214306906688977949e-02 1.588368248615318612e-01 1.686315517575009970e-01 2.151669629160773700e-01 -5.712062699561017837e-02 -9.733467943724327665e-02 1.774719616661202537e-01 -5.439064793658142209e-03 -6.745569557409096528e-02 1.076461519094707858e-01 -2.996386980903653977e-02 3.722582997109451231e-02 1.048936249088013306e-01 -1.986772217910701410e-01 -1.653367438546193280e-01 5.168076522440293724e-02 -1.086566771479063193e-01 7.524536662896609551e-02 -2.608024143875558587e-01 -1.204310446250849050e-02 -6.321200633166829119e-02 -3.058025040679274165e-01 -2.211566446754414592e-02 -1.927816880285056489e-01 -1.190139652760691114e-01 -9.804568492723894635e-02 1.443057252712085514e-01 -2.100234734845078388e-01 1.822053889297793883e-01 1.857259098587338286e-01 2.149745571710414138e-01 1.599997452657882790e-01 -1.096489756877155330e-01 1.950018002546403673e-01 2.355945075197797833e-01 3.144726019938705597e-01 8.484868151214895737e-02 5.515444443849675249e-01 5.315470967102960964e-01 7.568705650577651767e-01 6.020716335884515047e-01 4.931010920538992370e-01 2.004315216004844691e-01 2.945443496338326916e-01 8.475715931300456529e-02 4.986011205723662743e-01 4.783885947198261018e-02 2.837416266953406430e-01 2.158946832236093016e-01 3.063669030416110717e-01 6.228482595845809960e-02 1.724073761668067639e-01 5.041241355422397818e-01 2.976109103312575277e-01 3.152610157662078527e-01 1.300955940526352383e-01 1.500040444029712983e-01 3.465919125561731096e-02 -4.843120997158879837e-02 -3.376217072050080592e-01 -1.179346519877966654e-01 -4.620626352317066393e-02 -1.318931166549266731e-01 -1.307845110253982313e-01 -1.137734108732734034e-01 -1.497116406393994292e-01 1.739049560475197931e-01 -3.602565567039222039e-01 -2.509559651376666034e-01 8.896384728302376976e-02 -6.814223853618256443e-02 -1.374091054521745514e-01 -9.109724462626553332e-02 -1.918217173089465932e-01 -1.590030501170363042e-01 -2.285510656872249413e-01 1.223768970163145453e-01 -1.883946012759139810e-01
-1.069398703533441519e-01 -1.102212597178739290e-01 -9.368715704157019875e-02 2.892837769535547832e-01 -1.288662392825846714e-01 2.132670386449089794e-02 -5.315445037871154021e-02 4.511815560645179163e-02 9.761794947630229868e-02 -2.682893848773579282e-01 1.007133757303743660e-02 5.914815811753335040e-02 3.223198005685610767e-01 1.000000000000000000e+00 8.092274001040536957e-01 -5.365542926297103138e-02 2.394638432347356849e-01 4.173271256054472689e-01 5.303089657610698948e-01 3.053749517695759641e-01 6.195610757437615135e-01 1.379496725165984539e-01 5.847600030043085262e-01 3.528922290892849700e-02 -2.009835598015987657e-01 1.532298588825233843e-01 2.567728281365362353e-01 1.301425886229379547e-01 4.682639074964262682e-01 2.757522077248292791e-01 -1.915434395608166807e-01 1.037280830201356974e-01 1.326789140881481643e-01 2.040691481409222796e-01 1.642346585426746886e-01 -1.485801728483422401e-01 1.612192804388491024e-02 -1.414695567186294300e-01 -7.591006531009507341e-02 -8.054132305245989554e-02 -1.494892815511503770e-01 -1.725234953340352428e-01 -1.133931609287153891e-01 -1.038915427887099063e-01 2.160278192606772951e-01 1.616302094438309411e-01 4.708934447785440569e-01 3.290372244094300624e-01 -3.980800594620989563e-02 -1.065436421428316016e-01 -7.409909273230044779e-02 -4.938218910063715134e-02 7.815959569282379671e-02 6.582296437315571236e-02 -1.805748401792279245e-01 1.396210815760685203e-02 4.204958445173836989e-02 1.086996721673984395e-01 -2.051571984260856518e-01 1.895782749604428830e-01 1.225216358991978866e-01 1.473552674285498743e-01 6.400514409987638764e-01 6.620451916213714316e-01 7.332041324905719248e-01 7.269688472777221522e-01 -3.247979240183619665e-02 3.307348597037641502e-01 7.415198130928027376e-02 2.026964340052075653e-01 6.646901526362140045e-01 2.830054340381030209e-01 5.186093067949146818e-01 6.186893243151726784e-02 1.884130441455848515e-01 1.730641505558289384e-01 4.997681000296289588e-01 3.264453562591776437e-01 -1.352869113650537747e-01 -5.063244546189148848e-02 -1.551785918825343558e-01 -2.600165978952180823e-01 2.878622036099997422e-02 2.958164201428822859e-01 2.170774389894224721e-01 3.523410894715555131e-01 -7.091699817971620044e-03 -9.813514549472457382e-02 1.841993920732379608e-01 -2.443130532291964141e-01 -1.910192995796681781e-01 -2.832385241845000179e-01 -1.264979093838728696e-01 -2.467738121414271568e-01 -6.239849452137154195e-02 1.125934787751031816e-03 1.679279381588810183e-01 2.354056683710111786e-01 2.204086175516771495e-02 -1.318287435689998177e-01
-1.651876642068879908e-01 -8.723922256519148211e-02 -9.343809974809245966e-02 3.229212179264056015e-01 -1.124554993104169565e-01 3.885203385220111633e-02 -4.731740136797822627e-02 6.670630981119671232e-02 1.089475599936114841e-01 -2.461550602099462637e-01 1.000326107821363116e-02 6.787316633750517525e-02 3.135098769658136164e-01 8.092274001040536957e-01 1.000000000000000000e+00 1.695248083782929056e-03 2.524754925033917963e-01 4.343274332090773515e-01 4.669264560228282290e-01 3.102871520474907996e-01 5.948886335609415710e-01 1.586597001629188042e-01 5.403556909634967820e-01 1.211481763047019405e-01 -1.593002123473652165e-01 2.248487521574138448e-01 1.683474797897326347e-01 1.291798660411379862e-01 4.958348673560757924e-01 2.684043909728674460e-01 -2.263205969848713639e-01 1.228456559715251084e-01 1.607168932937237671e-01 1.732156307345737167e-01 1.495352423664239039e-01 -1.047542325420933590e-01 4.320678884674302583e-02 -1.648275623476215812e-01 -6.565917317319462654e-02 -7.508509654879813588e-02 -1.423512261456179040e-01 -1.601572211172325455e-01 -7.467884401676314066e-02 -9.196537970715411292e-02 2.099222041272348627e-01 1.031286114793074221e-01 3.817049056202743706e-01 2.381860926555559310e-01 -8.334858277213168243e-02 -1.760558197054796770e-01 -6.774360235621738890e-02 1.416854296234086033e-03 1.248687941542620389e-01 1.063128452026375348e-01 -1.649692147532947351e-01 4.739167770278306102e-02 6.037614855795200158e-02 1.191027648303221304e-01 -1.378420669584562164e-01 2.744552857931761847e-01 9.687112571791857418e-02 1.596401347119324743e-01 5.960402087892278100e-01 6.503204484681875952e-01 7.188045855678171225e-01 8.372918416300576538e-01 -5.635708886718839711e-02 3.165534387209975598e-01 2.649057317303977338e-02 2.030855533635786692e-01 6.924048000237288392e-01 2.418259153435357578e-01 5.172548302551606136e-01 8.000071386385972094e-02 2.354001562635976152e-01 2.493404297815079440e-01 5.747911534553967750e-01 3.365341967744642782e-01 -1.626351598305176838e-01 -3.726463395511224463e-02 -1.043637697143207504e-01 -3.171015733887477817e-01 3.897445714797662802e-02 2.744977891319539953e-01 1.414995324063377524e-01 3.017062770670842498e-01 6.998935778169049216e-02 -8.036211831948461559e-02 2.545330753649174271e-01 -2.432753614867936842e-01 -1.537622840243331734e-01 -2.504847966466894893e-01 -6.789128461964887007e-02 -1.657100957418010390e-01 -6.363466892892524762e-02 -2.812993814703693835e-02 1.290056263177859763e-01 1.712391692409626354e-01 -1.335307352967769756e-02 -1.661373458505781830e-01
