1.000000000000000000e+00 9.736260520057318443e-03 4.209233769903801270e-01 -8.156171989844357428e-02 4.454357446417672728e-02 3.066310128082633812e-01 3.631994375714208689e-01 -9.788692305385744696e-02 6.594614220810242344e-02 3.209968294588853022e-01 1.655009942654151189e-01 2.086263562367169644e-01 -8.324566025946006365e-02 -1.002176441678635510e-01 -2.428740960090946532e-01 4.643087182173673000e-01 -1.911166105295810519e-02 3.868879621737265212e-02 5.258518098952692094e-02 -1.602925964303757167e-01 -1.933564553835913913e-01 -2.722213909271065657e-01 -2.811683228537029677e-01 8.993335288867763955e-02 3.998365454098120608e-01 1.469305382072273736e-01 -4.225404633827309908e-01 -4.229689781922179592e-01 5.543030121163221302e-02 -4.914590549193909030e-01 8.637376686608964904e-02 1.759741142644949963e-01 8.063673326285528131e-02 1.370264252574471819e-01 -2.204177438000687606e-01 6.522526429426210581e-02 -4.967907406825610578e-02 6.118578755988954843e-01 4.796977476954117914e-01 2.916107432679279632e-01 1.302987308164222369e-01 4.889993749552216662e-01 1.158833616479032214e-01 -4.564541355581601401e-02 -6.976954281112857092e-02 -4.486524683744935182e-01 -5.472230097017570793e-01 -4.446729853988850012e-01 2.507893662790058320e-01 1.780685992455706412e-02 5.743110433256706227e-01 2.201770113607442458e-01 2.980834118279876432e-01 -2.083629231408252180e-01 7.106539491356779481e-02 2.879970112408676286e-01 1.053490188472379352e-01 -3.527336990190114985e-02 2.321930314254365968e-01 1.532667310085847334e-01 1.815414496448382875e-01 -1.610499884642959956e-01 -3.547994285318419316e-01 -2.193480355307473040e-01 4.508655713289103778e-02 -2.601699375139608361e-01 3.089965584421101030e-01 -1.957383845605376732e-02 7.981273695885629169e-03 5.421188139107446791e-02 -7.383527964042126135e-02 -2.329444734125684091e-01 -4.956953240253949566e-01 2.971801035366389288e-01 -1.944249453931319871e-01 3.651447897262876108e-01 4.569083323580250093e-03 -5.075729460753379829e-01 -1.701197106712865406e-02 -5.979502054070107153e-02 -1.767856041613472540e-01 2.125094396575067518e-02 -8.908743999175730566e-02 -2.618527573158964117e-01 -2.781880395164920139e-01 -5.196748604079383105e-01 -1.415973878928465102e-01 -4.189079701294221580e-01 1.119494856555237894e-01 3.342995634285007411e-03 4.103654776156371864e-01 4.174086007237168272e-01 4.791246926660462369e-01 4.612155533647609995e-01 5.165333299035086007e-03 -1.025171917423167295e-01 -4.334366628755275674e-01 -5.354586918621844216e-01 2.227183558014061426e-01 6.555686110424897850e-02
9.736260520057318443e-03 1.000000000000000000e+00 3.646402544767884946e-01 6.044207399912845391e-01 6.092317386528002254e-01 2.256972835615964346e-01 2.788480292966627472e-01 4.292199561836276822e-01 2.276790212493526866e-01 -1.618893931095833905e-01 2.205537138709441625e-01 3.169471755000601854e-01 1.581894606566147943e-01 1.148687645126668516e-01 2.825842198413160422e-01 4.146173683175626290e-01 2.063410425329043063e-01 3.746267254362922738e-01 1.910999614714348482e-01 4.226401793240963101e-01 6.290086698271666471e-03 5.038978731940139955e-02 1.803581402333174766e-01 4.220053482275923917e-01 -1.065737619716733281e-01 2.026072558445553007e-01 -2.303462885862569975e-02 2.844124020736670325e-02 3.219559163606625640e-01 4.616396052896925423e-02 -2.567769490110449748e-01 -1.224769362520938265e-01 -3.394650121314671254e-02 1.832291269937812161e-01 5.289660000948144536e-02 3.145194338052231253e-01 1.329474971494358504e-01 -3.571712287817080389e-02 6.271482903510230966e-02 2.692027345694123636e-02 1.621362750399112651e-01 -7.960970818308805985e-02 6.680177301570310033e-02 -2.098958472776188966e-01 -1.566760208419368527e-01 -1.315151158504392626e-01 -1.236559709980400851e-01 -1.419376799278914136e-01 3.848849493718661252e-01 3.407111178916103489e-01 3.015105866506266608e-02 6.102040905127976700e-01 3.680321271378005354e-01 5.263888565516721130e-01 4.056213917411615744e-01 1.345322289079698974e-01 4.327572321671099842e-01 3.116741411527549910e-01 -2.222213591629285667e-01 1.961138481877514606e-01 3.693356787928038787e-01 -3.643845085864792777e-02 5.110581459599887466e-02 -1.256398243175100259e-02 4.235358491196219988e-02 2.479968754989540780e-01 1.701198044502506002e-01 9.070032653802133360e-02 1.247238301214956130e-01 2.116569579698628356e-01 2.269288092682470587e-02 -3.643865066205433795e-02 1.524862516986430772e-01 7.771382597646529777e-02 -1.319984754329204223e-02 -2.436582810117535886e-02 2.717112354694105614e-01 2.440186173858519339e-02 -1.503224983257237801e-01 -1.653164098599707310e-01 1.599474982632771436e-01 7.389576390385425853e-02 -1.152240303783853281e-01 -7.238886810837859287e-02 4.174052165040110368e-02 -1.782429731813783835e-01 2.470809054831370755e-01 -1.162446905978065971e-02 3.496709751368243801e-01 -2.773914413891905018e-02 4.100591562603535939e-02 -6.364174582073729713e-02 -6.958658016062495288e-02 -1.210795883923439231e-01 -8.228218510725505974e-02 -1.353215868217730600e-01 -1.079688756517562381e-01 -1.067564960638893445e-01 3.906851955154582723e-01 1.215382490569204416e-01
4.209233769903801270e-01 3.646402544767884946e-01 1.000000000000000000e+00 -5.213927544128241220e-02 3.258199601962530334e-01 6.689336061892330321e-01 4.749651339700965424e-01 3.823907518555782481e-01 3.672122124549787592e-01 1.307618513096114043e-01 3.861413377902963018e-01 3.908864901762613142e-01 1.223825763885470208e-01 2.130604873094167351e-01 1.148346637967173484e-01 4.471006381105401273e-01 1.780976854198699499e-01 2.426416735459981378e-01 3.140643669872493216e-01 1.434408004420729618e-02 5.168787443741776344e-02 -1.072206831552610928e-01 8.846807567630277092e-02 2.975142615796329548e-01 3.127040575882002460e-01 3.141489624932417013e-01 -2.315969004915645058e-01 -2.301126933373041084e-01 3.271253074280695006e-01 -2.402753067631110406e-01 -1.354069762801802801e-01 -1.316065996024382290e-01 -3.450040912167995355e-01 1.865163034808460518e-01 -2.196909263762363701e-02 3.108000353998952581e-01 1.081306169058856986e-01 2.949094418578119825e-01 4.294703118394602170e-01 3.215938617306483560e-01 2.248677250983671660e-01 3.870322829381379615e-01 2.448191558447449512e-01 -8.311508485796899326e-02 -2.148864846257462699e-02 -3.279047129579910069e-01 -3.547494178935250431e-01 -3.379326828362257951e-01 5.272485220324057975e-01 1.928117390254144303e-01 1.898056588132422395e-01 5.163608845541599601e-01 2.021426652519011935e-01 -6.692847343962182727e-02 5.792809040507612695e-01 6.184934946877819195e-01 3.595297281742896311e-01 3.866997017886987242e-01 6.578422724608445904e-02 2.451509884448447030e-01 3.325216179569018271e-01 -3.969226610400861804e-02 -1.051899746478744263e-01 2.127256496406748285e-02 2.857508306397704145e-01 9.092825050228314776e-02 3.266570167756606136e-01 1.901320163382410888e-01 2.167461181066134834e-01 2.043394876586686060e-01 4.539125002789418106e-02 -9.844806278495892016e-02 -1.978326316243458338e-01 3.693784981305469617e-01 -1.455198891871951374e-02 3.526950873387900698e-01 2.272183527488154109e-01 -2.289005822568911663e-01 -2.038306189689571835e-01 -2.737759841332665922e-01 4.380658022496750070e-02 4.026069828991037103e-02 -5.084293285596079570e-02 -1.285929948228569375e-01 -7.094765915966984304e-02 -4.173809046357956909e-01 5.104242229384531315e-02 -2.933643143918241436e-01 2.984385592768611373e-01 6.658028747623094545e-02 4.275467763127897142e-02 2.865643010270435553e-01 3.740524854355598006e-01 2.877846369261780057e-01 8.843414342380437332e-02 -8.035823844681194705e-02 -2.741273887759239081e-01 -4.246176318695743523e-01 5.036959135746058580e-01 2.245283611008362656e-01
-8.156171989844357428e-02 6.044207399912845391e-01 -5.213927544128241220e-02 1.000000000000000000e+00 4.450298443807165771e-01 -6.061451639449724066e-02 1.242573065085183365e-01 1.718480803356548514e-01 2.859267327963579963e-02 -2.071667942850746735e-01 5.604639174386007866e-02 1.810816509048628342e-01 9.006459261608398825e-02 -5.340948251813674302e-02 1.047777137041849965e-01 2.054413931424632356e-01 5.270339517268932822e-02 8.648724583959623013e-02 1.347658971104886971e-02 2.610255367421395190e-01 -1.963953475058587694e-01 9.050973523266166165e-02 2.808640105592153866e-02 3.042012486326056142e-01 -2.683820261066509616e-01 5.600753372795941321e-02 4.601845411029335114e-02 1.068892965254301247e-01 1.546947120457718983e-01 6.835086706623935693e-02 -1.723603764196770805e-01 -1.916933740672240385e-02 1.287502562820781737e-01 9.163568218961995471e-02 3.688653029714730053e-02 6.495079700136141554e-02 9.236479685273636664e-02 -9.709195753254902528e-02 -1.135845187435811643e-01 -5.757593131274908738e-02 8.358452427432835896e-02 -2.397307095749282579e-01 -3.303244613098368834e-03 -1.493766304946724521e-01 -1.290872857331230306e-01 -5.498249695397283351e-03 -3.675186976695353491e-02 -7.157928390310940026e-02 1.487696764991273402e-01 2.557995737572599793e-01 7.799642353872243694e-02 2.986917035395681985e-01 2.679883904968231034e-01 6.857219295912395651e-01 1.695013230620767697e-01 -1.238468971987248396e-01 2.407155039377795180e-01 6.276153407911616577e-02 -2.336857504024168752e-01 1.490493170774936094e-01 2.596820035453578646e-01 -2.078156669118828848e-02 4.460434744992159556e-02 -1.184215934239026269e-01 -1.705078380900590940e-01 7.631627814618509309e-02 5.569629016144304196e-02 -5.008710458918826103e-02 -2.655944012547377039e-02 -1.945189012348016305e-02 -1.843216088537889541e-01 1.852944301365912205e-02 8.586084148576110520e-02 1.206135955696613880e-02 -2.944673325521868223e-02 -1.554816279364386045e-01 1.311424741367870350e-01 6.749954127357635225e-02 -2.015689838849584262e-02 4.042154439788438192e-02 8.674739657197913512e-02 -1.512885567161454010e-02 -8.761012466484989492e-02 -3.018128272072737386e-02 3.148236027998476544e-02 -4.427547146615024715e-02 1.877162895414784538e-01 1.150140225926670062e-01 9.831617961019586960e-02 -3.243637793290796156e-02 5.976920460886876035e-02 -1.761929811361949982e-01 -1.677816164058535120e-01 -2.387146177635450228e-01 -1.078682241748907533e-01 -4.911181047521329807e-02 -1.695274422739269024e-02 5.691967135365497490e-03 1.605670719441785466e-01 1.895972129615510621e-02
4.454357446417672728e-02 6.092317386528002254e-01 3.258199601962530334e-01 4.450298443807165771e-01 1.000000000000000000e+00 2.562474879284209472e-01 1.639702630500494140e-01 1.913976034969988582e-01 1.793530237263946114e-01 2.795385763007532387e-02 2.089308623904056750e-01 2.149002811480874298e-01 8.918771354346018143e-02 1.411946590231880766e-02 1.021475637693200073e-01 1.787030073705456468e-01 1.037634919853390042e-01 1.144017099911260604e-01 1.170247613372552287e-01 1.581648207688682028e-01 -1.340646854020810519e-01 7.396043694483638020e-02 4.666545330999041091e-02 3.262568770805032714e-01 -1.693157559115872780e-03 1.189506240056182051e-01 2.250198121569126769e-02 6.942826002769406091e-02 3.227046322618075669e-01 -7.072248443079332501e-04 -1.662629982667431505e-01 -7.378239414141879449e-02 -1.643940042276879551e-02 2.190240707294859868e-01 1.012736020242712975e-01 2.096708663298850750e-01 1.523271259099131247e-01 -1.249566161310580459e-01 3.459478610991052056e-02 2.409209621217013944e-02 1.748278931285887350e-01 5.757769389804970328e-02 9.940040676022793287e-02 -2.497514989168164029e-02 -4.031430616613499579e-02 -5.758671139573712933e-02 -1.822081806303499085e-01 -9.327367726498385359e-02 3.133065024405784493e-01 2.162646894316900825e-01 -5.903150497019801074e-02 4.715566182115425997e-01 1.946718178071742134e-01 3.067133059614932655e-01 4.530293086367474520e-01 1.115411452112201884e-01 2.056097314289253297e-01 1.970599634853185955e-01 -1.147248901804517329e-01 2.040138852699621697e-01 2.383063032572646789e-01 -1.093008745877613042e-01 4.113848496463913540e-02 -1.429758112709878515e-01 3.368186196166331886e-02 4.674311591052995180e-02 6.476908851325971495e-02 1.364990637989013933e-01 9.420871938426547687e-02 4.676442391931408954e-02 -4.736353715214407234e-02 8.588067645547663512e-03 -7.003609913481595450e-02 -7.710054043034104965e-03 -4.597465974213508361e-02 9.271639730053846118e-02 2.524299434123364883e-01 -6.369495181639237003e-02 -1.161222960116071318e-01 -2.715578362301683257e-01 6.496657719692917887e-02 6.087152034899920294e-02 2.092594816846395783e-02 4.392937716985613472e-02 1.428050359863078933e-01 -1.383463000596804326e-01 7.389504769993424094e-02 -5.232949357274388480e-02 2.488811434636480080e-01 -2.816121942429489558e-02 8.404020568382911810e-03 -9.661291640258493074e-02 -1.389099167102719745e-01 5.008101449235393549e-02 -5.662895393225906432e-02 -6.575779110594338894e-02 -3.103290268690912790e-02 -1.310919767939989211e-01 3.621004586339603981e-01 1.763386988009429390e-01
3.066310128082633812e-01 2.256972835615964346e-01 6.689336061892330321e-01 -6.061451639449724066e-02 2.562474879284209472e-01 1.000000000000000000e+00 4.579821141357150460e-01 4.336974038763142802e-01 5.586006018135100115e-01 2.478470754544036536e-01 4.355622249249636591e-01 2.962681904048578563e-01 1.409116041905869587e-01 2.796646912272419683e-01 1.746020788999682605e-01 2.831456977940787212e-01 1.737323563849922647e-01 1.676269537121249098e-01 3.255714946271825450e-01 -6.176264596484915687e-02 1.542621075972534228e-01 -1.918926660262297856e-01 1.135117576440463349e-01 2.131232737259066978e-01 3.682714570982500435e-01 1.910149399876850951e-01 -2.848952407145816101e-01 -3.165234656874173491e-01 3.261450023703080792e-01 -2.376742798397478429e-01 -1.810123027791595562e-01 -3.694257409603207004e-02 -2.991211191801885771e-01 2.080885368374489341e-01 -8.273221268683145224e-02 2.712586945817633821e-01 7.408028605424911428e-02 2.164517442657351576e-01 3.454919006059316566e-01 3.528870228907440287e-01 2.549204946319445497e-01 2.431008722697485247e-01 9.756500113793745155e-02 -1.305136768079041276e-01 -8.773470191222598746e-02 -3.566469575195383990e-01 -3.465050150797894246e-01 -3.397301317295827738e-01 5.539252184647082133e-01 1.579113782929084109e-01 1.440728084919319918e-01 4.110023071172917986e-01 1.239236453596665732e-01 -4.417233258358526510e-02 6.687737922238669031e-01 7.709175123234643934e-01 4.013345941272238870e-01 5.238691302117176596e-01 1.702213632080182837e-01 2.775726765026920728e-01 2.324489515214383795e-01 1.787163444005955082e-03 -7.606066929640110941e-02 1.059131250595642809e-01 3.229350773523412266e-01 1.556118392137337270e-01 3.131818861875763638e-01 2.582913598404221744e-01 2.590694313468941412e-01 1.951810215839336338e-01 5.800962921998636945e-02 -1.415295583067272822e-01 -2.092886423459796308e-01 4.282585781699159155e-01 2.270366161612771827e-02 2.679395621006632755e-01 2.824218355594606544e-01 -2.501360364808269954e-01 -2.369422781532801447e-01 -1.429021667631950321e-01 3.462950635834497609e-02 7.144283801197363892e-02 -1.166719875416411395e-01 -1.824125110692202123e-01 -1.538008578883328092e-01 -4.103199443937119995e-01 2.490088738793556217e-02 -3.597042980721749661e-01 2.443766969584670046e-01 1.341721487792171819e-01 -1.787687597664135500e-02 3.018606835983380643e-01 3.822959171476283391e-01 1.905543831112187503e-01 3.824562585502240541e-03 -1.258637950441046649e-01 -3.269949045892313055e-01 -3.986865971330234570e-01 5.775309442725798936e-01 2.871790948807553256e-01
3.631994375714208689e-01 2.788480292966627472e-01 4.749651339700965424e-01 1.242573065085183365e-01 1.639702630500494140e-01 4.579821141357150460e-01 1.000000000000000000e+00 3.427801183958752440e-01 4.049782290420400055e-01 2.093400711484387500e-01 3.985927036249709565e-01 3.952095553568102937e-01 1.597316883154351330e-01 1.243139649015316678e-01 3.510142207663113217e-02 5.607723348545721187e-01 2.366704669135062389e-01 2.598493416795634170e-01 2.859829497607382365e-01 5.004368648123611735e-02 -2.271051198145999581e-02 -1.306188831364055170e-01 6.324134248171540962e-02 3.983689488302828430e-01 2.574279810007121250e-01 2.410518499058256769e-01 -3.480902052275230418e-01 -3.048139812567053353e-01 3.313659023375704060e-01 -2.741507676458140863e-01 -1.492425094980228129e-01 -1.166503677440491361e-02 -4.004782760856475526e-02 3.499431819133667632e-01 -6.914998594570945234e-02 3.632489672425238680e-01 1.636269409035119027e-01 4.049343332507279736e-01 4.971322621594260194e-01 5.405884978095796267e-01 4.876169934830609787e-01 2.455945695355759850e-01 1.503522588265220061e-01 -1.402121314943123587e-01 -1.452443150717628584e-01 -3.995284953945041906e-01 -3.791561665019161920e-01 -3.683396659980098797e-01 5.424609556486326145e-01 4.152374546969920810e-01 1.729125326030939713e-01 3.436260678551465442e-01 3.920350251504157724e-01 1.046134564925022825e-01 2.987355255849631908e-01 4.566596035371978113e-01 4.837839735893209592e-01 3.441657991797585914e-01 1.718852483579928203e-01 2.688020307626889926e-01 3.633724681701264170e-01 -2.011239422194733076e-02 -9.990376248420296257e-02 -8.709886076207720706e-02 2.305428491640486299e-01 2.672566729245612685e-02 5.743722103436013082e-01 1.662360168831545637e-01 2.330033657810200165e-01 2.563835909252520362e-01 2.861329515027071640e-02 -1.476351418523116632e-01 -2.140058641196371236e-01 5.592415449133121275e-01 -5.748552123951495424e-03 2.748674985294420337e-01 2.385819456342135048e-01 -2.888924914216540740e-01 -1.944887682975232346e-01 -1.184211354217807599e-01 1.257458006847076704e-01 2.671763864150320522e-01 -1.286874544243548635e-01 -2.098986204941329647e-01 -2.150406300943393523e-01 -4.496753555760370502e-01 1.498971116070378085e-01 -3.772181906323923140e-01 3.689801584862199002e-01 2.444006822054443917e-01 2.051844583648775033e-01 3.578952806104904738e-01 4.920015497728781884e-01 2.095377908999317140e-01 2.381259374147993990e-03 -1.274703672830871104e-01 -3.617246359379627796e-01 -4.248672753533191404e-01 5.502514807945041442e-01 3.940883194844039816e-01
-9.788692305385744696e-02 4.292199561836276822e-01 3.823907518555782481e-01 1.718480803356548514e-01 1.913976034969988582e-01 4.336974038763142802e-01 3.427801183958752440e-01 1.000000000000000000e+00 5.414085975115934257e-01 -1.530652888847366944e-01 2.792615555017152196e-01 2.735051517987621139e-01 2.203570908974366305e-01 3.380703213304159238e-01 3.352100434646229088e-01 2.341342309713719261e-01 3.380562913696181782e-01 5.364508969223725776e-01 3.955418903315287560e-01 2.627505065716072008e-01 3.327641060770160086e-01 -2.860790261126255809e-03 3.433670794387573832e-01 3.072007066162551481e-01 -9.190136628811583497e-02 1.382373924911416696e-01 -7.632953960121613424e-02 -2.929499376931812490e-02 2.670078583362462954e-01 -3.463375877782799706e-02 -2.216687099895251201e-01 -1.811302994913838726e-01 -2.940014547267954526e-01 1.431873750113012156e-01 1.607941759070028592e-02 2.991012834253314323e-01 4.576412399965629207e-02 -3.228114265228262947e-02 -3.739267438399542648e-02 2.281244073262022123e-02 1.262781473122520093e-01 -6.480883316090696455e-02 -1.040722496574705315e-02 -1.826056933486519818e-01 -1.057448105213654455e-01 -1.531074832812087116e-01 -1.102322074992340001e-01 -2.371972032958112320e-01 3.202616607017550465e-01 2.062975315381593566e-01 -5.511923431477496610e-02 4.377835636263230357e-01 2.818586903889551132e-01 3.394224443060696039e-01 4.980276628379620707e-01 4.596325783870137682e-01 5.828722059115195586e-01 7.490391663815630929e-01 -8.661574122266904596e-02 2.036853898311213884e-01 3.152936270658540652e-01 1.298893646276051694e-01 7.185184623179666219e-02 2.368957482839278428e-01 3.174235100386518238e-01 3.122914323065980602e-01 1.570301327014950454e-01 2.149310035158374654e-01 2.859416102762472600e-01 4.497079192535432535e-01 1.823078495296504009e-01 -1.463037070092036707e-02 1.733348540885904787e-01 2.201578369337903185e-01 1.468422403631857442e-01 -5.503425336984259231e-03 2.331414277222965958e-01 -6.012696131708959377e-03 -1.202272549900277321e-01 -4.640633568934501157e-02 1.872654480382252573e-01 3.768117522058027358e-02 -1.248476441981212770e-01 -1.035804451413486621e-01 -5.633763775775003924e-02 -2.349152182665797950e-01 1.896634376324070059e-01 -1.921445800746211796e-02 2.825771982788118919e-01 6.826286665538057463e-02 -1.806869935982275410e-01 1.618234268765018566e-02 7.935606382498783251e-02 -1.987710797858228962e-01 -2.436570033240278640e-02 -4.813680483870078769e-02 -1.415857673941961492e-01 -1.933901393798183876e-01 3.389637024798590748e-01 6.169349450209547087e-02
6.594614220810242344e-02 2.276790212493526866e-01 3.672122124549787592e-01 2.859267327963579963e-02 1.793530237263946114e-01 5.586006018135100115e-01 4.049782290420400055e-01 5.414085975115934257e-01 1.000000000000000000e+00 2.261681269538922678e-01 2.935412290636004173e-01 2.726461345505803990e-01 2.464951854428183986e-01 3.096037401013784773e-01 3.236614404541392487e-01 1.625072894705076598e-01 2.928363149270809540e-01 2.517959495720002994e-01 3.390304944024073452e-01 1.825582807213962377e-01 3.020902346928153737e-01 2.246032454058854294e-02 2.253261185789393051e-01 2.938150321573880785e-01 3.498441074062471484e-02 1.451814616995285856e-01 -1.232563244801840596e-01 -6.689361951070131596e-02 3.511635037162774142e-01 -1.165566509387986754e-01 -1.578396704317975019e-01 -1.989818518584647311e-01 -2.039157321828325986e-01 2.437434931039203223e-01 5.702440031692879857e-02 2.386374123621590737e-01 1.324450693176557614e-01 6.503276982421189734e-02 2.153048228807208364e-01 2.831082027430089632e-01 2.800402052052067825e-01 7.777531990313062138e-02 1.022007603534324932e-01 -4.053345442856497866e-02 -3.685738401476598702e-02 -1.696943493562838301e-01 -1.600937255716700924e-01 -2.459253354789739110e-01 3.466838258103215886e-01 2.236835382973591524e-01 -8.931605642195800110e-02 3.119602693741549415e-01 1.762186002612317060e-01 1.332495835911115811e-01 4.544547636179855910e-01 5.605540032464607636e-01 3.425490112991835812e-01 7.295484622689359933e-01 2.247652549034967473e-01 1.750937858970293415e-01 2.036921121648627708e-01 1.368396636269988420e-01 4.581179531036057989e-02 2.040233692439089308e-01 2.713657973113469124e-01 3.248311529024634492e-01 2.605115646939411556e-01 2.462385195961352691e-01 2.018248882697654678e-01 2.629597873613929715e-01 1.575756570181244265e-01 -3.114955626647221421e-02 -2.192427253363688974e-02 3.857074273665302977e-01 2.830355002776821158e-02 1.153106220643614344e-01 2.750320242923216529e-01 -1.025235713520434716e-01 -1.028861795765981940e-01 -1.132173337957253639e-01 1.120304423917737463e-01 1.572707130180512336e-01 -4.103548127415853480e-02 -5.642445601748374839e-02 -8.053194798207838345e-02 -2.658707409538091371e-01 1.233593123636593236e-01 -1.210530932427570927e-01 2.032737855107356051e-01 2.460193550027697240e-01 -5.060364895626719151e-02 9.330741196697803219e-02 2.660344235120284950e-01 -3.649691097158632206e-04 4.670134906544350095e-02 3.538505903560407867e-03 -1.588771903771471761e-01 -2.410846584615749522e-01 3.494026157484882433e-01 2.089376324098864424e-01
3.209968294588853022e-01 -1.618893931095833905e-01 1.307618513096114043e-01 -2.071667942850746735e-01 2.795385763007532387e-02 2.478470754544036536e-01 2.093400711484387500e-01 -1.530652888847366944e-01 2.261681269538922678e-01 1.000000000000000000e+00 2.277870896792902056e-01 2.305362750835556526e-03 1.896400892824680051e-01 1.028805632391456906e-02 -1.150060733161732268e-01 4.441629130920228541e-02 1.991281368976976773e-01 -1.315892734835308608e-01 7.315416400099677974e-02 -2.071934889882967867e-01 2.803503090830765029e-02 2.413337307741469234e-02 -1.442358115370097338e-01 3.491438088743033241e-02 5.632070019507727787e-01 1.475784911398617949e-01 -2.035600018074164852e-01 -2.163021030288869717e-01 1.589966966923331559e-01 -3.473498506053939727e-01 2.407263709436378574e-01 1.979887939150129506e-01 3.860415778630417374e-03 2.349920275320662444e-01 5.201632607530374403e-02 -1.573839352444395823e-01 1.832244903278713345e-03 3.609965869268499938e-01 3.165845632721223102e-01 3.900222728274684858e-01 9.490909719583086324e-02 4.566437737467317626e-01 2.010843837246034937e-01 2.779257721554651561e-01 1.789937905099555082e-01 -2.086643418813384776e-01 -3.339794631852591178e-01 -2.044729313833904827e-01 -7.286462549851466936e-03 -1.198534399968768233e-01 9.178382071585665380e-02 5.143834696465731347e-03 -7.505018890019528321e-02 -3.074654655566797512e-01 3.217432021867752678e-02 2.461679410026756665e-01 -1.483640477777788298e-02 9.876967511722749629e-03 6.709989546650753089e-01 1.142076435639391013e-01 -1.030221571019878102e-01 9.546291289352423770e-02 -1.360399254202707409e-01 -6.361277491032751863e-02 2.300811254196050148e-02 -1.389788979433177751e-01 1.179171766789191694e-01 1.447626553532442295e-01 1.446862297243664552e-02 7.194988343379213336e-03 4.563062677163124553e-02 -7.742250654920322835e-03 -3.283505035890225687e-01 1.969665054839749851e-01 -8.796791363444847467e-02 4.443714311632046554e-01 6.930210069364384218e-02 -3.072455341499898962e-01 7.601736873175017617e-02 -7.427207771628036026e-02 -1.390421247371362579e-01 7.665603805418229333e-02 1.909345345275969275e-01 -2.010007147576168586e-03 -1.156496117066098672e-01 -3.090410444908900933e-01 -2.497246510068293623e-01 -2.944987434729111619e-01 -8.260681350252047084e-02 6.087005578177323573e-02 1.985134481897134484e-01 3.897173422122793829e-01 2.869687885652888459e-01 5.038031647394707324e-01 2.086029576667091656e-01 1.097105132366031771e-01 -2.152541262118383703e-01 -2.967585415297890883e-01 3.397330335497887599e-02 1.422442032141857104e-01
1.655009942654151189e-01 2.205537138709441625e-01 3.861413377902963018e-01 5.604639174386007866e-02 2.089308623904056750e-01 4.355622249249636591e-01 3.985927036249709565e-01 2.792615555017152196e-01 2.935412290636004173e-01 2.277870896792902056e-01 1.000000000000000000e+00 6.606324223915895910e-01 2.411416835833210814e-01 2.856970483253375437e-01 2.742205577345596113e-01 2.526349399103679505e-01 1.958195847663290745e-01 1.826715639930717450e-01 2.867608942532288707e-01 8.164186174645540750e-02 1.268955600395702543e-01 -6.963683212098481512e-02 1.341313484315826976e-01 4.304201316229155361e-01 3.740661539198480989e-01 5.847666062321650315e-01 -2.611259808949196737e-01 -1.302962384864781997e-01 3.022297554556401811e-01 -1.596754675391833522e-01 -2.297774402565119223e-01 -1.113607594364528393e-02 -2.478505269447609516e-01 9.206092362595592882e-02 -5.801537771953895611e-02 2.724693841276515927e-01 1.584562348469814863e-01 1.773634886894228380e-01 3.344539900229713814e-01 3.237369050090515565e-01 2.214529798756650625e-01 2.896206783816863695e-01 2.487434237919766700e-01 -4.688323264210286778e-02 -1.592410923247141452e-01 -3.264225960651129799e-01 -3.046489024589631445e-01 -4.003934926128362437e-01 4.261416631618107353e-01 9.344096777267971166e-02 5.937246975647830771e-02 2.771427739253704559e-01 1.335218108664474879e-01 9.358921863539752806e-02 2.691537711047099490e-01 4.087599399532825251e-01 2.898516267547409653e-01 2.377672969560584992e-01 1.942339983814419524e-01 5.713772041938793844e-01 4.857889065697902908e-01 1.249522219743550155e-01 5.390808577889180664e-02 1.479476487285411312e-01 2.205217511386197982e-01 2.008941749903835061e-01 1.880342690907536307e-01 1.500720311280180075e-01 1.479050865326127229e-01 8.767811292220124841e-02 2.866506287954803320e-02 -8.542199274019136868e-02 -1.409357805111428885e-01 3.377057810304607832e-01 1.747419413883797012e-01 4.451302922247086236e-01 2.648861905140221240e-01 -1.064183101255756908e-01 -2.637175371821697256e-01 -8.925595695593081802e-02 1.798150591585495617e-01 1.478641698771533848e-02 -1.370877501165703449e-01 -1.789997773725488239e-01 -1.636770595954152030e-01 -3.760863398740827424e-01 1.514449897235785603e-01 -2.357726331897916916e-01 1.999959656045927070e-01 7.316908281161799144e-02 1.364102098919567699e-03 3.200203214528586915e-01 3.048423204126788910e-01 2.146903112608555819e-01 1.065813221875113320e-01 -1.049244480927297718e-01 -3.255924548227768778e-01 -4.220409372229245171e-01 4.119128081219454729e-01 1.192217011575712332e-01
2.086263562367169644e-01 3.169471755000601854e-01 3.908864901762613142e-01 1.810816509048628342e-01 2.149002811480874298e-01 2.962681904048578563e-01 3.952095553568102937e-01 2.735051517987621139e-01 2.726461345505803990e-01 2.305362750835556526e-03 6.606324223915895910e-01 1.000000000000000000e+00 2.383215431905169879e-01 3.465408621200719019e-01 3.192603993108411031e-01 4.108707450446518195e-01 2.504880729211741985e-01 3.034524104034967418e-01 3.534750784909033716e-01 2.249789344808893754e-01 6.538764677835733063e-02 -2.550523342973956206e-02 2.272860467619863545e-01 6.273686731734462452e-01 9.949679573718074599e-02 6.810132387151238698e-01 -2.112744871602935948e-01 -4.850747069127480521e-02 3.257909555678350499e-01 -4.612528493261354445e-02 -3.671598987706350958e-01 -1.544542678973347405e-01 -1.259734075825916788e-01 1.331597835768269789e-01 -3.049411724808754123e-02 3.235970553106088943e-01 2.900875679448233213e-01 1.781994401695802255e-01 3.948432159467660796e-01 3.321088364611224364e-01 3.084840650955962271e-01 2.254132513627900847e-01 3.394295314584178658e-01 -1.437586605039656296e-01 -2.542472115809691346e-01 -3.101136058422345188e-01 -1.841037992426513559e-01 -3.687458253388167240e-01 4.558834261898335183e-01 2.472821032654491658e-01 7.848226894383972252e-02 3.157619023994123753e-01 2.670169413816046999e-01 2.041446344009228420e-01 1.978130731550123977e-01 2.831160592235594242e-01 2.420210308982535252e-01 2.052118865976590156e-01 -1.550866411337624255e-02 4.156373175914371831e-01 5.711893601465743986e-01 5.928057049046828175e-02 1.066977480568278708e-01 1.737547261618178629e-01 2.363010084079153195e-01 2.357812132784834203e-01 2.210986580260084211e-01 9.749434053071541484e-02 1.710781114363915389e-01 6.731440642414612818e-02 -5.065605991813611902e-02 -8.159853572643552266e-02 -1.568397889786387819e-02 3.662189373958014693e-01 1.494852046084126640e-01 3.152318596255790917e-01 3.302706953870537254e-01 -5.844554134015749088e-03 -3.350547133999646765e-01 -9.259143343431952555e-02 3.040406943379396765e-01 5.059861965390143740e-02 -2.520013696351530164e-01 -1.992382142010870882e-01 -1.398784561042127617e-01 -2.968825016864807820e-01 3.210572215124162798e-01 -1.526309435777894463e-01 2.657881872225125730e-01 1.007418449051673132e-01 7.209346677085280708e-02 1.295052983290668480e-01 2.997640323490731729e-01 6.470779633198142644e-02 3.722709676792485683e-02 -1.833204091234103827e-01 -3.089924467488573412e-01 -3.864592758609760037e-01 4.080597948477595605e-01 1.426607234769008137e-01
-8.324566025946006365e-02 1.581894606566147943e-01 1.223825763885470208e-01 9.006459261608398825e-02 8.918771354346018143e-02 1.409116041905869587e-01 1.597316883154351330e-01 2.203570908974366305e-01 2.464951854428183986e-01 1.896400892824680051e-01 2.411416835833210814e-01 2.383215431905169879e-01 1.000000000000000000e+00 5.323235445000821242e-01 3.227449480364646961e-01 2.839184079513372080e-02 6.614425489367975475e-01 1.803062188748389416e-01 4.505800221825152496e-01 -2.007600184178559913e-02 2.490462762525774143e-01 5.259955367624488121e-01 5.357155554020377464e-01 4.858772914115084829e-01 -2.763503391509996091e-02 2.986843592119560742e-01 3.411998870353687985e-01 2.339604365135408148e-01 5.508357383253051909e-01 1.344314763255995970e-01 -2.031138991609165168e-01 -1.647428763394948592e-01 -1.870489853759704779e-01 4.581488895832253605e-01 5.169342347837808660e-01 -7.800298048147866550e-03 4.326248768158056368e-01 -8.073546214926749509e-02 3.928263344067624285e-02 2.615605292708900187e-01 3.560960362535467993e-01 8.019890520587207028e-02 3.514506068007581807e-01 1.437998606075811536e-01 2.550085392146512198e-01 2.374269156713473827e-01 1.609750914620977913e-01 1.580153283626567484e-01 1.491772604941364877e-01 2.514735934081894220e-01 -2.507099664607205791e-01 3.633032107654371543e-03 -7.316459203239050572e-03 5.501603545583213378e-02 8.779460927108043156e-02 1.209918794814876797e-01 1.776799609319483497e-01 2.099911508905892288e-01 1.581941245734314050e-01 1.740292345404567953e-01 6.155162253530440525e-02 6.770396259869986277e-01 4.690367441379534874e-01 2.416827418634898417e-01 3.065171036273803273e-01 3.056883588136525276e-01 5.897002272119836880e-02 4.924665350969453792e-01 4.124744807027481142e-01 1.458014690956656589e-01 -6.578677853217825000e-02 4.465162284845648477e-01 2.203791111180427031e-01 1.888681256105466388e-01 2.420395298230771097e-01 8.221152663803946159e-02 4.799672986497636740e-01 2.431217106986805765e-01 -1.941143922015440282e-01 -1.183811372920846039e-01 4.173491898678449719e-01 2.309391531350179216e-01 2.516557242480808587e-01 3.459869734794579488e-01 3.480940115279967384e-01 1.330215500155478292e-01 3.502667250303413415e-01 1.777637806967024003e-01 3.826039397025223637e-02 2.800061582977390606e-01 -1.292659106801341273e-01 -9.206445128831680647e-02 -2.333908857900924075e-02 -2.701826586642331468e-02 1.785045430272368117e-01 1.655834626143830868e-01 2.078535772231329681e-01 4.186363146323942436e-02 7.249952200169323957e-02 3.226424222771603345e-01
-1.002176441678635510e-01 1.148687645126668516e-01 2.130604873094167351e-01 -5.340948251813674302e-02 1.411946590231880766e-02 2.796646912272419683e-01 1.243139649015316678e-01 3.380703213304159238e-01 3.096037401013784773e-01 1.028805632391456906e-02 2.856970483253375437e-01 3.465408621200719019e-01 5.323235445000821242e-01 1.000000000000000000e+00 5.752348949837065017e-01 8.489784272105867224e-02 5.059081069327086011e-01 3.421746000845760638e-01 6.350761618318758739e-01 1.400273469795340620e-01 5.010079532560397508e-01 1.776743182653691133e-01 6.453167605061502776e-01 3.926026050031719561e-01 3.125198573139917509e-03 2.976922069852616093e-01 1.219706930680475865e-01 1.506642035481624634e-02 4.050521628230329130e-01 1.864466120296706664e-01 -3.369414280510176218e-01 -2.506310694456312382e-01 -2.429383619132752525e-01 2.605147331292746449e-01 2.194069843184071888e-01 1.442485463635495013e-01 2.847221646676870166e-01 -9.101861713788629571e-02 1.327210547831202958e-01 2.211281255042639726e-01 2.436228659891462867e-01 -3.074896199123167140e-02 1.627840020715565217e-01 -1.115857490960922987e-01 -2.891469699760237932e-02 4.545705244315857187e-03 1.733202128914753115e-01 3.062889154848113388e-02 2.482744725213892334e-01 2.011535356991765444e-01 -1.988388074598209099e-01 9.216715076381948313e-02 3.180965957460720611e-02 5.459505782952796260e-03 1.894801904699923156e-01 2.506168298300743835e-01 1.815669883104675253e-01 3.275352627629419811e-01 -3.480853985268763523e-02 1.908989179470077513e-01 1.647860165629776719e-01 3.782394813825780133e-01 4.716001303109169651e-01 5.541517315509334463e-01 5.431352944871795652e-01 5.631840044707682180e-01 1.610075299734863366e-02 4.580116413400397990e-01 4.441070517040365817e-01 2.404159943491264440e-01 1.522745477208986842e-01 1.946152795968731641e-01 3.650800722449660807e-01 1.908488439538839343e-01 2.700794948748279634e-01 -2.647446935596018108e-03 4.374664430412851801e-01 2.537113186096427442e-01 -3.092255781460466202e-01 -1.439040156914582480e-01 4.168136151282342272e-01 1.061132127515823503e-01 -6.677966001601315371e-02 9.392679568539503976e-02 1.343558441470771858e-01 8.494696309549033819e-02 3.385096910696950290e-01 -9.337111833540295966e-04 1.534724316975559222e-01 1.440747311465073455e-01 -2.090559250537430136e-01 -4.394727557770072152e-02 4.909127129122668742e-02 -1.423927919998644320e-01 -1.001158279039166682e-02 -7.432772314812242931e-02 9.706765712890608536e-03 -1.274856720131659939e-02 1.988284706703007387e-01 2.499301882103229511e-01
-2.428740960090946532e-01 2.825842198413160422e-01 1.148346637967173484e-01 1.047777137041849965e-01 1.021475637693200073e-01 1.746020788999682605e-01 3.510142207663113217e-02 3.352100434646229088e-01 3.236614404541392487e-01 -1.150060733161732268e-01 2.742205577345596113e-01 3.192603993108411031e-01 3.227449480364646961e-01 5.752348949837065017e-01 1.000000000000000000e+00 -1.090809762514555713e-02 2.341714725114659168e-01 3.300185007198552789e-01 3.314313578846178054e-01 4.916946891211556037e-01 5.127492578942611789e-01 7.678817042692956396e-02 4.222277901195231053e-01 3.670905395889770273e-01 -1.567359287099263643e-01 2.006362644264879092e-01 8.128368227087608144e-02 1.137075470558387286e-01 3.580931236073462975e-01 4.006476200940703447e-01 -3.010472316757003552e-01 -3.226201630626912564e-01 -2.242734691696058602e-01 4.033965299112268754e-02 6.600439187866956325e-02 3.336558917626772369e-01 1.835423815252140989e-01 -2.335074816989344826e-01 3.083329080296041969e-02 3.670450742290302243e-02 1.347716075815365566e-01 -2.014970574405735571e-01 1.360354894955204466e-02 -2.367123938176756703e-01 -1.738963331051457950e-01 1.907488710121929554e-02 2.571485566494349784e-01 6.549267267481907739e-02 2.815498099539071042e-01 2.933930052333990623e-01 -2.054055980845461982e-01 1.433083059430467487e-01 1.864530323752932109e-02 1.869403887733144809e-01 1.512837335553289253e-01 1.410061639999880823e-01 1.621990092271614059e-01 3.087230561102644044e-01 -1.691964768676615938e-01 1.772300350336823982e-01 2.229096565367910399e-01 1.680495284198244843e-01 3.901363969396655640e-01 5.127048999345719116e-01 2.482265336499056563e-01 7.928915400985757644e-01 -2.636219964789598622e-02 1.155546498159218949e-01 1.454389722286741071e-01 2.284367124974563679e-01 3.423542708310932103e-01 -2.235083351923785114e-02 4.651065014256208774e-01 8.689099094728634787e-02 1.207812153887995316e-01 -1.675843814532611553e-01 3.516672381043507434e-01 3.786034371502659535e-01 -2.263680841903964180e-01 -1.645054770046715797e-01 2.881284817404203835e-01 8.985630813908054848e-02 -1.796590398377037323e-01 -5.518591652071511838e-02 2.351104083767090874e-02 9.076983128347665408e-02 3.765690688557027932e-01 1.285392749978729876e-01 2.800124565109137764e-01 7.248892675591514512e-02 -1.850498736748167339e-01 -1.147104572211121026e-01 -5.486689329033965501e-02 -2.751591731225765391e-01 -7.112724548806333147e-02 -1.526702557614174061e-01 2.572647810714161903e-02 1.452218082371642682e-01 2.320737089849932155e-01 1.368349682712985960e-01
