1.000000000000000000e+00 4.764452001874799336e-01 3.742022239018076846e-01 4.368234877808335054e-02 3.012142694685427946e-01 -7.733745771550692982e-02 -6.423182987570236202e-02 -4.476968545887804324e-02 -1.382946247938542650e-01 2.583208686457544312e-02 -3.719197276304118671e-01 -3.587026316501270018e-01 -2.767107487877654703e-01 -2.278636787090896620e-01 -3.759071282321378438e-01 5.351402636594245754e-01 -2.888784409089824590e-01 -3.245300760423473485e-01 -3.017665104488051475e-01 -2.501445039500052592e-01 -2.170829187442638863e-01 -2.155230018307023321e-01 -2.820058100576919857e-01 -4.322210669597027488e-01 3.007484426311785586e-01 -3.583658080429394377e-01 -3.434622238653183279e-01 -3.377753240463470252e-01 -3.305495320649691759e-01 -4.046400868590276922e-01 1.582645910020977209e-01 4.115733506950799425e-01 3.970799532500323692e-01 -2.518388938031371205e-01 -2.686092708143029695e-01 -4.096755109693392405e-01 -2.419426765648973188e-01 4.561109286951651742e-01 -8.063959867982843643e-02 -8.065965296581845134e-02 -2.416145475308856538e-01 -1.187768279292526243e-02 -2.659624992317383696e-01 -2.594613067574096932e-01 -3.879608450338662973e-01 -3.115140152625487380e-01 -1.318479358851157301e-01 -1.649672330937380915e-01 -1.813867185346463573e-01 -2.587515001265276449e-01 4.979315951542503949e-01 4.688658774239849447e-01 1.668045593197323706e-01 -5.042738921881621122e-02 2.459608201186421761e-01 9.218269899130281109e-02 -1.284507876070485055e-01 -1.460110205538708850e-01 -8.862902772579454858e-02 -2.400969479614361024e-01 -3.181531865682006854e-01 -3.159830993353975881e-01 -3.410115667253622029e-01 -3.228869549818247919e-01 -3.654641660787703583e-01 -3.568179915620050546e-01 -2.895386849675039148e-02 -3.285430744600141284e-01 -3.410047368598061457e-01 -3.610572862088472501e-01 -3.573757357777436194e-01 -2.761094320913936584e-01 -3.029218373070884929e-01 -2.639086602453640795e-01 -3.361425161557402563e-01 -2.030728136729278155e-01 -2.670911944739716160e-01 -4.034827371327798784e-01 -1.226501849820388901e-01 2.304081408878053405e-01 -3.725448708459753178e-01 -2.384035595196094259e-01 -3.871443517268081669e-01 -2.944202007332037963e-01 -4.120886164235403326e-01 -2.977043836186156756e-01 -2.405084318754544259e-01 -2.364317918100831695e-01 -4.429594940467821984e-01 -2.534179831933729976e-01 3.525997874442247659e-01 2.019281068263150403e-01 -1.800104589661929294e-02 -2.340685909744699977e-01 -3.656781934496917685e-01 -3.014234418021540796e-01 -2.867762609922301364e-01 -1.853035044933524222e-01 -1.921059067939861753e-01 -3.909170304492862180e-01
4.764452001874799336e-01 1.000000000000000000e+00 5.263740385085294848e-01 9.240208931264277947e-02 5.349155406877484920e-01 1.122795648598290397e-01 1.034799345553830824e-01 2.840128929604656127e-01 -3.719884703779587770e-02 -4.620730201212787380e-02 -1.678962932334850111e-01 -1.653099818110004282e-01 -6.550466620763824299e-02 -2.138486949856756025e-01 -3.057132306756855655e-01 6.976153607894565178e-01 -1.682575995380396483e-01 -3.299590363046808195e-01 -1.972811619885350976e-01 -2.287322511027850003e-01 -1.559520132827167949e-01 -1.136560738937978932e-01 -2.566359418240852786e-01 -2.682243767501916176e-01 1.114720731346394988e-01 -1.292324104983058886e-01 -2.090048650834943622e-01 -2.763084913872472792e-01 -1.532433333492474181e-01 -3.068269444980855631e-01 -1.810158143416751020e-01 2.126127860425583715e-01 1.813015077786489793e-01 -2.678360061209228427e-01 -1.477532343636240586e-01 -2.991642070467647185e-01 -3.120265347467178207e-01 2.224088603893290550e-01 -1.425797111546771856e-01 1.787197331935536440e-02 -2.522708770003633250e-01 -1.067230455376744630e-01 -1.771080587498263803e-01 -4.121297467601585662e-01 -4.044131631709727559e-01 -3.062411961168000074e-01 -1.547023175574862575e-01 -2.566460341702408998e-01 -1.259082496649320815e-01 -2.984354568177706168e-01 3.016153916522129053e-01 5.131300233176357972e-01 7.604050531245164224e-02 -3.319728713154629363e-02 4.341059700519622200e-01 2.377887998198933428e-01 8.843024379075284380e-02 2.312265378013825604e-02 -9.791299261379483865e-02 -1.378077631580888196e-01 -2.409770900862432397e-01 -1.414480384718224959e-01 -2.403266761344740043e-01 -2.908689909106434435e-01 -3.194575589443853225e-01 -2.760470264597592593e-01 -7.435556519692020083e-02 -1.921357218826020563e-01 -2.412308725858315073e-01 -2.196221204834192808e-01 -1.341289771933516228e-01 -1.995171452195052264e-01 -2.674474762237419867e-01 -2.193297994494445846e-01 -1.837444218781133232e-01 -1.890256688418450459e-01 -1.543951081560595850e-01 -2.887086288008967605e-01 -3.205022231861323068e-01 -1.434364686451967963e-01 -2.221041286509498613e-01 -1.625703569737648457e-01 -3.874243207436859349e-01 -2.352390391942351389e-01 -1.776550211828143433e-01 -2.591462596892165626e-01 -2.777721383621080675e-01 -2.245245498688291652e-01 -3.073906391982686448e-01 -1.063051923894847844e-01 6.240551587531913136e-02 2.977346302925084828e-02 -1.591622995801857676e-01 -3.996616499005896661e-01 -3.570896557946185990e-01 -4.382922342453548503e-01 -2.993142708816742825e-01 -1.659806691065053852e-01 -6.228480224220579731e-02 -3.793401928719701832e-01
3.742022239018076846e-01 5.263740385085294848e-01 1.000000000000000000e+00 5.736329537386786193e-02 5.924749177705805891e-01 4.912107178471683544e-01 3.737334756331605612e-01 4.255247688011059015e-01 1.396008264652583986e-01 -4.567124929219275320e-02 -9.896473244037218633e-03 1.232963857211963887e-01 1.357729445430329585e-01 5.497141909570524287e-02 -9.052558238531323298e-02 3.914111593073843487e-01 4.809313367939535566e-02 -1.426128182309726600e-01 4.260645146872496514e-02 -2.214113104558044012e-02 9.617557621323981343e-02 -1.121875362431248684e-02 -2.661970308294108259e-02 -1.225921599959371201e-02 5.184973472952358886e-02 4.781645015305772961e-02 3.768413657352685797e-02 -6.129803027414397476e-02 -2.327514543661878335e-02 -1.579976922079670831e-01 -1.850228265796098059e-01 -4.074124452005917912e-02 -2.277583665211302399e-02 -1.452750675663177227e-01 -6.832052724871583681e-03 -5.101158021315447405e-02 -2.418559736578740349e-01 7.461121177694120254e-02 4.625093234201765185e-02 2.410608577895509419e-01 -1.699320295792474886e-02 4.918853546763644197e-02 -4.674848995339846158e-02 -2.334044782220653924e-01 -1.866200022593847985e-01 -7.594144668809663101e-02 -2.746016041474430569e-02 -9.430825325504246792e-02 1.904838827243488797e-01 -1.026843550338098765e-01 4.599182639508341275e-01 5.353908076945785854e-01 1.122527925118248088e-01 -8.186815251345960776e-02 6.491395880763350945e-01 6.991346340973029205e-01 6.095138560455695687e-02 1.288395635953822893e-01 -1.319781645072827247e-01 1.881833726131217077e-03 -1.640438054768855389e-02 1.146707022926698044e-01 1.041202569255445104e-01 5.172500768799500465e-02 -5.598717804582489799e-02 -5.121303535880039615e-02 7.196551967636277691e-02 8.534067014513893601e-02 -1.260759426533962155e-02 -6.447271564852649108e-03 8.727625226064482378e-02 3.303318781569336560e-02 3.216942341989521142e-02 -5.683327030905581390e-02 1.098347370961137541e-02 4.136218129079412276e-02 -7.616055212560620194e-03 -9.845347863849149284e-02 -2.671566483085856536e-01 -2.430309944278034873e-01 -2.076291783582916509e-02 2.453976005798936405e-02 -2.265390675826107758e-01 -4.829761020244199149e-02 2.859867094189177950e-02 -5.777609770148330048e-02 -2.329141823221247132e-01 -6.781374736737567910e-02 -9.603745245613777570e-02 3.911628279877149561e-02 1.318876004519091427e-01 -8.865177899865447908e-02 1.377891388406912720e-02 -1.926638059831841665e-01 -6.205707632353166942e-02 -2.664933410082752641e-01 -8.457013873116262653e-03 1.040549135735261838e-01 1.966787442819767362e-01 -1.370328467020694163e-01
4.368234877808335054e-02 9.240208931264277947e-02 5.736329537386786193e-02 1.000000000000000000e+00 2.803017286252973972e-01 1.883615439536269476e-01 4.389794793892830282e-02 2.870352771925941959e-01 2.150891359373529876e-01 5.884361042687309001e-02 -1.947140036054678947e-01 -1.034521857749249041e-01 -2.408920096662525712e-02 -6.520096019577836799e-02 -3.559717076943993974e-02 1.198891445243055465e-01 3.898895112517131167e-02 4.525368304111675177e-02 -4.303836080463996350e-02 -1.540801815016027143e-01 -7.649354399684698234e-03 1.061724581111177373e-01 -6.131469910439765747e-02 9.444986758032215823e-03 -1.517422796730619472e-01 -1.025035718131538515e-01 -1.588324264873142710e-01 -6.015086066479970878e-02 5.522312269264418629e-04 6.617633468613532896e-03 -1.265674796020745951e-01 1.560280611674949858e-01 4.090674241411471068e-01 1.587942420477906624e-01 1.072793973199523548e-01 -1.445704923550538423e-01 1.641494324094380231e-01 -8.028433104220517036e-02 2.285246695380047377e-01 8.822383137111886042e-02 1.149611724115426753e-01 -1.258039362249902537e-01 9.159755368656559427e-02 9.353379867466118935e-02 1.304069757586234779e-01 -3.270928449604208060e-02 1.389659623815113400e-03 4.785131577075087822e-02 1.027698040818157826e-01 3.998978525635524250e-02 1.819468474333218733e-01 1.693509378140101163e-01 1.157634357651188828e-01 5.811816511068494950e-01 1.002265918025374014e-01 1.454786411858320638e-01 2.212970564035458831e-01 3.491837245881667662e-01 -1.140614290860128693e-01 -1.760269923039399775e-01 -9.213456592665887623e-02 -1.765727783651784288e-01 -1.729735034241887404e-01 -4.921523909054111023e-02 -8.736469430803109337e-02 -1.600772312046205015e-01 -1.081975079568383014e-01 -6.330316566686761126e-02 2.683124903329768898e-02 2.644260190627636259e-02 -8.556095274605811721e-03 3.898341279723262914e-02 -6.881020732166111264e-02 -2.176053921060061222e-02 -2.498556257567103034e-01 -9.827412547100866647e-02 -1.879869574327863169e-01 -1.033027990146029862e-01 -1.374809527349536709e-01 6.858181304763880104e-02 -2.391441068347349430e-01 -1.743027960160558054e-01 -2.393410925445328408e-01 9.811250020172881947e-02 -1.847504169839205013e-01 -4.726874973720161105e-02 -7.744064263841084206e-02 -7.971330370719691139e-02 -4.787382366083212798e-02 -1.520202368794272008e-01 8.836443252580372665e-02 -1.887646176019607339e-02 8.745110202886179074e-02 -7.292759515084543120e-02 -1.392408060455513075e-01 1.099071387336110900e-01 -8.672447116994221050e-02 -3.267919136751976789e-02 6.434681650354762139e-02 1.260059477716510973e-02
3.012142694685427946e-01 5.349155406877484920e-01 5.924749177705805891e-01 2.803017286252973972e-01 1.000000000000000000e+00 3.188260001735001570e-01 2.290965282482014809e-01 3.899239027094184018e-01 5.358968976423562208e-02 -5.309510126887597575e-02 -5.527049012760672231e-02 1.576006900005626904e-02 2.080193631633408258e-01 2.688788856611796715e-02 -1.036125388431524408e-01 4.867112749496828039e-01 8.916765485203451136e-02 -1.762782881925933909e-02 2.412083918216108812e-03 -3.053833846105948741e-02 8.282361223692216029e-03 1.386016820908305691e-01 -4.820748565492700977e-02 3.384944010905663325e-02 -2.292993719759741939e-03 5.297851792228334272e-02 -2.050310678678932824e-02 -4.220348392376013086e-02 -3.975713748522593377e-02 -2.681057322727054687e-02 -1.515665664209660535e-01 5.155798908034359834e-02 1.423076676018103781e-01 2.318545262961821396e-02 9.328924853761107194e-02 -2.821048508999049464e-02 -1.502053715315271876e-01 6.068654992642084217e-02 5.456933216245133528e-02 1.590757605757978088e-01 2.145664674508826475e-02 1.139945526897372940e-01 1.773878876563549090e-02 -1.760633798856911514e-01 -9.698155586469461853e-02 -1.554572133452168381e-01 1.266081623384425134e-02 -1.213084779349214437e-01 6.743840840465654962e-02 -1.230657179127885859e-01 3.337061617129951641e-01 3.578993871485414702e-01 1.706117038726301105e-01 2.584049530814224171e-01 5.787321206745636992e-01 3.615872516882129850e-01 -7.667480478856439352e-02 -4.215580967867828439e-03 -1.587390975022377193e-01 -9.584193273955338155e-02 -1.525185107227114943e-02 5.908567965017391677e-02 1.327249117466085954e-02 -5.993977074274576405e-02 -1.166731554196023535e-01 -1.007769448060019529e-01 -1.729188279558935559e-01 -1.066341467232382115e-02 -7.795927406377970575e-03 -6.719981325712738596e-02 3.673268200809889222e-02 5.377784300743520401e-02 -9.332520814186480787e-03 -1.983079345673783023e-01 -1.414909453143273765e-01 -5.840005875332845986e-02 -7.727717759123771055e-03 -5.892128596082832348e-02 -1.888686878995453344e-01 -9.377297683954700924e-02 -8.181315411403394799e-02 -1.028606013708987660e-01 -1.272896911750331650e-01 -3.237281246825460951e-02 -5.966480343311834911e-02 -1.488729034367591297e-01 -1.359254174657255620e-01 -1.020254972655019465e-01 -1.032386335613731249e-01 -1.268306035759154127e-01 3.201977950913086762e-02 -1.501870802761418600e-01 -5.183023829124293325e-02 -1.852356420205249765e-01 -1.127492998739601654e-01 -1.959635023868495085e-01 -1.512291434182317651e-01 -3.334225843295530317e-02 4.839563759445664193e-02 -1.825885945453821213e-01
-7.733745771550692982e-02 1.122795648598290397e-01 4.912107178471683544e-01 1.883615439536269476e-01 3.188260001735001570e-01 1.000000000000000000e+00 4.946970375413369814e-01 4.751872479873420763e-01 5.142288691478147378e-01 2.275793802146000300e-01 2.984390172333575841e-01 3.914022453186325468e-01 2.102186413636015216e-01 2.862033076617258656e-02 3.617755945760956632e-02 1.025127582304931478e-01 1.642220106057047102e-01 7.680856739213684503e-02 9.042026648465155414e-02 7.941004633787047962e-02 1.419455283582793381e-01 1.741424503816494107e-01 9.732100561060628985e-02 2.006050203339735105e-01 6.090696326710725444e-02 3.014573713997116822e-01 9.856525788537483235e-02 1.269414978933951499e-01 1.989768695397934328e-01 6.476349546304267790e-02 -2.385412133935603807e-01 -1.995897430947120021e-01 -8.042869010202689795e-02 9.418494395143157038e-04 1.330569894438821399e-01 2.052812810481377259e-01 -4.586564310048936444e-02 -1.248807868267421406e-01 1.636626089933559680e-01 3.778433435880225177e-01 1.478345067635995214e-01 1.034387979268132918e-01 1.925736610120346026e-01 6.977563032001308715e-03 -1.379136242333883246e-02 5.078821613235780935e-02 -9.107561477739471723e-02 -4.287464574918006116e-02 5.611719822342386976e-01 1.106530908916131262e-01 1.286842801956464277e-01 1.526334604037131726e-01 -1.410494185711329840e-01 6.087571064964030637e-02 5.927438313382206170e-01 7.404674454028582486e-01 2.151678720108418930e-01 4.624685499811533873e-01 2.022956421511004077e-01 2.708068162584746918e-01 3.552819361373002471e-01 2.003787905931568858e-01 1.846583805999013894e-01 1.218835340162846143e-01 4.251844629675007037e-02 2.107422913707458073e-02 2.288642201718714408e-01 2.150946908848361816e-01 5.616395293922441662e-02 1.128418174663050055e-01 1.285175922478845323e-01 1.565864765586471863e-01 1.430013640549154808e-01 2.172962642954826273e-01 2.338115903085044578e-01 2.842881155035224539e-01 1.094490797100277357e-01 3.398093720513160887e-02 -1.575374675381612244e-01 -3.267913376336125664e-01 4.930749155850486232e-02 5.957291122508870385e-02 -6.374794764702962357e-02 6.103339934985122645e-02 7.733099515087157871e-02 -6.166890977435313115e-02 -7.581522657783192065e-02 1.963073014785412726e-02 1.836022293862963062e-01 2.173656659616153841e-01 -6.982831486944879318e-02 6.493196866164199776e-02 1.756380555962212819e-01 -6.018148121739439783e-03 1.644937246166938705e-01 -1.377096577506818978e-02 1.063343095820620393e-01 1.349340551393165832e-01 5.198510191776850586e-01 1.263270891124876061e-01
-6.423182987570236202e-02 1.034799345553830824e-01 3.737334756331605612e-01 4.389794793892830282e-02 2.290965282482014809e-01 4.946970375413369814e-01 1.000000000000000000e+00 6.675813034552687819e-01 5.444585730166350279e-01 2.865883702535628741e-01 2.701230101522295035e-01 3.898542433555988174e-01 1.511501232293397112e-01 1.941559156556261490e-01 4.317349202545617964e-02 1.197635824007098893e-01 2.148586379673663171e-01 3.139531605449308316e-02 1.960368261099071086e-01 2.227604659069072970e-02 1.879824190513621485e-01 6.577486627451496759e-02 1.852927820568081307e-01 3.260140003379737861e-01 1.843508342153818147e-01 3.074787047708190668e-01 1.590503841875451352e-01 7.442117462138124473e-02 8.775619991660230101e-02 6.872915131131360211e-02 -1.622620102326016167e-01 -1.970745986648722858e-01 -1.408832916599096485e-01 -2.293160789598591622e-03 6.890530627782309736e-02 1.834430407925626283e-01 -1.212422357506467568e-01 8.763521071345685420e-02 2.006951061952204074e-01 6.181456420867184054e-01 3.380417714120876327e-01 2.219416519837319468e-01 2.438312709646373311e-01 5.910131024259184657e-02 -1.182296769943534526e-01 1.381931944920592181e-01 5.775298117759493366e-02 9.199895071811900471e-02 3.752499402116510341e-01 3.713628521251230441e-02 -7.462290063227521204e-03 7.489137594283938604e-02 -2.130020311896472784e-01 -3.060381191310187696e-02 4.690579310890937714e-01 4.308053877263783860e-01 2.540237290833188277e-01 4.124765922128548756e-01 2.156564666043216116e-01 2.879178668615071657e-01 3.840581528320484717e-01 1.159654409255064661e-01 1.562673180655059502e-01 1.219798047201754859e-01 5.987129370303746756e-02 6.097833355203385874e-02 2.298368609119846862e-01 2.239758792633972651e-01 -3.391037625674089839e-02 -6.003744708534351944e-03 1.141445982742374382e-01 8.090025776720585760e-02 1.815414026954615123e-01 1.303692366725093532e-01 1.660287752548793849e-01 3.231742005917120353e-01 4.490245613444251299e-02 6.808066868525351756e-02 -1.290909428318278984e-01 -2.648448689188637184e-01 -3.799537269396333766e-02 1.504684110754080616e-02 -8.204584718111342101e-02 -4.884149763829446350e-02 7.771721455931017430e-02 -6.395908426791320489e-02 -1.341482525408766169e-01 -4.169748116199898519e-02 4.269482610381100662e-02 1.552711186794577536e-01 -9.237740585301841556e-02 1.018592495775388768e-01 1.832154780655117499e-01 2.518798959727617040e-02 2.069527708993013915e-01 1.018481376561170687e-02 2.335896219618572300e-01 2.384127120023226687e-01 2.768099791700404100e-01 3.201088036024041239e-02
-4.476968545887804324e-02 2.840128929604656127e-01 4.255247688011059015e-01 2.870352771925941959e-01 3.899239027094184018e-01 4.751872479873420763e-01 6.675813034552687819e-01 1.000000000000000000e+00 5.861973940948369544e-01 1.622987714038230112e-01 1.615351122484763036e-01 2.062492288584422684e-01 1.605243432395322689e-01 6.327999744512113889e-02 -3.612680221682940812e-02 2.219519914740328004e-01 8.429116860006224954e-02 -9.117505805131719682e-03 3.421139970693592297e-02 -1.090318244906666734e-01 4.877523871812322609e-02 1.608431512138191188e-01 2.071738287867011183e-02 1.576764607150692721e-01 1.752237763878666116e-02 2.502464638752300297e-01 9.477420120616429633e-02 9.332722043671526357e-02 6.566527653685602650e-02 2.321653820051306633e-02 -2.662674403372075060e-01 -1.860891754850036717e-01 -2.492568855536360026e-02 7.638062788152402693e-02 1.539781371515048791e-01 1.167731273315552737e-01 -2.018795047959194566e-02 1.343153103704639376e-02 2.580413262100434979e-01 5.591319759053220428e-01 3.242141502731029079e-01 1.955341484193491297e-01 3.026556959260836011e-01 6.919381095083635899e-03 -5.510059288668985034e-02 1.310130472630914866e-01 1.731576983915448786e-01 1.315116158840069216e-01 2.766311758939854482e-01 4.109060317651343913e-02 5.475496970183739605e-03 2.227544328894460746e-01 -8.140534266967236476e-02 9.959925481903586508e-02 5.571546939350973116e-01 4.552330422932441834e-01 3.773757287087452506e-01 5.502829527894562700e-01 1.320816882609477938e-01 1.795705721280176914e-01 1.983836732381594747e-01 6.737446322248288877e-02 9.595242436828760324e-02 8.106876549033489865e-02 -1.018416331188753444e-02 -4.573152180320622789e-02 5.712438231908428810e-02 1.459018469024279119e-01 8.368021167680005090e-02 1.104582267490788750e-01 4.704036132315992519e-02 1.267589369147523182e-01 1.412683267651239361e-01 9.878543974105448433e-02 -1.429072648116128802e-02 1.786877068534321322e-01 -2.089165125418824404e-02 -1.910012070040674123e-02 -2.620840575180842236e-01 -2.971502844736927940e-01 -3.845234150968003528e-02 8.623796459404046988e-02 -1.098904429353561446e-01 9.575958250093363766e-02 4.194535984030335618e-02 -1.589780596805031448e-02 -8.703118325799004407e-02 4.434315329235036934e-02 5.343304657609928426e-02 1.016491477975655644e-01 -1.588309214487777787e-02 6.763253324117091125e-02 2.100855305324013655e-01 -5.994585349943421654e-02 1.556706477490568674e-01 -4.241657874110574961e-02 2.044449761883100347e-01 2.361610827617860731e-01 2.052653837038539986e-01 -1.079488576594402754e-02
-1.382946247938542650e-01 -3.719884703779587770e-02 1.396008264652583986e-01 2.150891359373529876e-01 5.358968976423562208e-02 5.142288691478147378e-01 5.444585730166350279e-01 5.861973940948369544e-01 1.000000000000000000e+00 3.684168245598560265e-01 8.633845320934008249e-02 1.405748966823949508e-01 -6.787701884519727058e-02 -1.093615936902753299e-01 -6.532720551547648025e-02 2.078085128135903972e-02 -9.063613864732851522e-02 1.519741568874868887e-02 -1.140768349491978334e-01 -9.765326543207840382e-02 -1.737600443406326495e-02 -4.669949868459187525e-02 -2.545490612079289242e-02 6.412179594185010711e-02 1.457499025606534375e-02 8.356361361369679663e-02 -8.488404305431342112e-02 -5.834901039629900033e-02 5.869709865015723671e-02 -5.279486954877985611e-02 -1.233501830726114979e-03 -2.403641381692973866e-01 -6.993251550594833943e-02 -3.265092934421402054e-02 -1.031603787415333734e-01 1.858496323598982924e-01 -1.753604591641230726e-02 -2.563372164989768942e-02 1.138528280152850680e-01 4.034839438690583369e-01 1.922043757524943275e-01 1.082056633667167339e-01 1.033219595075546698e-01 1.156978656575248648e-01 -1.120955094233740401e-01 -1.092070710045116300e-02 -1.071208731090830812e-01 -3.972401068392505952e-02 2.606882520578233664e-01 -5.216555734614518325e-02 -1.896597558231332137e-01 1.174816913204301400e-01 -9.117651215244193530e-02 6.314369151676005321e-02 4.247448540901763159e-01 4.200202003357811908e-01 3.856696538597048640e-01 7.745541230528411036e-01 3.614463143717360771e-01 1.644827397299384875e-01 2.351223622106848321e-01 -6.135549773880149410e-02 9.340011325888157231e-03 3.931656044244202981e-04 -2.594426494043464843e-02 -4.968549442647245823e-02 3.438745350154335245e-01 -1.921922677427683260e-02 -2.429737455029962884e-02 7.827286350861864528e-02 -9.212236338570115035e-03 5.909604346078210953e-03 4.166766252444002033e-02 2.668912079583489749e-01 7.135015942645647757e-02 8.170201335904359041e-02 4.007984105359277405e-02 -4.461906768654723410e-02 -1.407202080319697049e-03 -2.031875059558744812e-01 -8.038258224686221920e-02 5.386421911850900607e-02 -1.517268250950561115e-02 1.415643182241651914e-02 -6.272636662430935983e-02 -6.585655236372214838e-02 -2.914458914307599055e-02 -3.120284127024991472e-02 1.532754368886143359e-01 2.362538758572412523e-01 -1.143725667187399514e-01 1.780803234773318533e-01 2.204367209497829216e-01 1.202983142427670182e-01 1.693516113084169439e-01 1.378285305861762233e-01 9.006909236871667168e-02 5.808191611090956358e-02 1.531754485741786964e-01 -2.140219001154271966e-02
2.583208686457544312e-02 -4.620730201212787380e-02 -4.567124929219275320e-02 5.884361042687309001e-02 -5.309510126887597575e-02 2.275793802146000300e-01 2.865883702535628741e-01 1.622987714038230112e-01 3.684168245598560265e-01 1.000000000000000000e+00 1.956044021545739753e-01 3.017217067690721177e-01 -1.646972502967667118e-01 -1.288978956554301947e-01 -1.033025987484697678e-01 1.697278256881840364e-01 -1.105848417093255182e-01 -6.488774931395742407e-02 -1.879485346459872364e-01 -1.172977485839757222e-01 -4.053816674584025115e-02 -6.172829116516925091e-02 -4.372411940500502137e-02 7.502855049500027629e-02 5.271361143236232838e-01 2.555379474965458614e-02 -1.825225112077377698e-01 -1.802736117649435810e-01 -7.808909723877872737e-03 -8.825273181808945822e-02 1.790782320742230760e-01 9.229500214669426883e-02 8.354723781608695832e-02 -1.032008469805021506e-01 -1.600201005180695024e-01 3.597420122703497841e-02 4.805842709934869672e-02 2.986881828879275891e-01 2.045081266574882983e-01 3.990558366082297970e-01 3.862726211815356581e-02 2.780536216699521779e-01 5.594333617995423530e-02 1.466969764083455863e-01 -1.898508116388362144e-01 -1.930774764217961514e-01 -2.509790368094889645e-01 -1.576848246854589408e-01 1.471283693602114251e-01 -1.008233980944008429e-01 3.109407602266112125e-02 -9.525608791946563528e-03 -1.023825904227670808e-01 -4.932186534419156360e-02 1.437828025029192214e-01 1.577880229638809750e-01 1.711033114102927799e-01 2.422907048257801899e-01 7.235698754482878803e-01 1.555943504299292235e-01 2.989588346850542422e-01 -1.428119701083933324e-01 -7.228629371905376244e-02 -1.008544458185549331e-01 -1.086843883382258152e-01 -8.841839713495673603e-02 4.164102462867896870e-01 -1.721040457926399127e-03 -1.223155959452285058e-01 -1.318983570270828021e-01 -1.172980731192602016e-01 -7.490566762421994873e-02 -2.291501837775082942e-02 4.215288272436516492e-01 1.560377459516834042e-01 2.824975974142268087e-01 -4.742038534490970736e-02 -5.504702568702049548e-02 1.413864500015751813e-01 1.111850399492683439e-01 -1.426336191716330304e-01 -1.361004745127753490e-01 6.054622245178712531e-02 -1.574548542651198757e-01 -2.479342420513237777e-01 -2.543940824121446731e-01 7.408813121158812354e-02 -2.386635425426041068e-01 1.225782420409425588e-02 2.131073822992406719e-01 3.301297438264066963e-02 5.135161604148771319e-01 3.881865026257421691e-01 2.720216677445507769e-01 3.126848884533631190e-02 4.730373019916189747e-02 -1.195002099749558483e-01 -1.083781169903288433e-01 1.226939244748518898e-01 -8.278609377730190844e-02
-3.719197276304118671e-01 -1.678962932334850111e-01 -9.896473244037218633e-03 -1.947140036054678947e-01 -5.527049012760672231e-02 2.984390172333575841e-01 2.701230101522295035e-01 1.615351122484763036e-01 8.633845320934008249e-02 1.956044021545739753e-01 1.000000000000000000e+00 7.109741891915497547e-01 3.895808832908394526e-01 1.456305811907389891e-01 1.284085680614928393e-01 -2.069363885001337111e-01 3.734420784906433699e-01 1.869731410068113941e-01 2.836718933752124250e-01 2.045236079134970242e-01 2.065525918431447006e-01 2.534769439567424731e-01 5.187671295276830713e-02 5.096945350923040019e-01 1.750024277642981407e-01 6.780386927184417489e-01 1.592523985531391351e-01 1.698631093102224987e-01 2.592657029982770589e-01 1.126441896221011540e-01 -1.902381130247554064e-01 -8.179240718835840973e-02 -2.559024535406790868e-01 1.739104018007843755e-01 2.236959354693105473e-01 2.830902780535676788e-01 -2.102850759876040074e-02 4.774280344672496290e-02 1.553120358689975555e-01 3.084161590234388295e-01 2.783585875221766814e-01 2.121453290944490810e-01 4.185603385682429289e-01 1.144594048367932881e-01 1.229629186309674910e-01 9.959929698501128470e-02 -4.857717368983520412e-02 -5.736650278005603343e-02 4.061336679673461236e-01 2.419120723106813198e-01 -4.008608533239616661e-02 -3.010884434323944925e-01 -2.860569652797965157e-01 -7.765301835756488469e-02 6.863909144852246846e-02 2.057170244503399026e-01 8.738183806331263972e-03 5.569159019823177043e-02 2.841761019154650514e-01 5.569881970715990782e-01 6.085055803252786832e-01 3.350023060703247735e-01 2.132788060009331021e-01 8.325912208483639276e-02 7.860564358424765308e-02 9.858259174356413801e-02 4.861408720116956739e-02 3.028884217959992298e-01 1.844934082716497004e-01 1.555296823789158456e-01 1.665978133180802678e-01 1.670203963830358129e-01 7.404841000868347956e-02 1.950808843570474849e-01 4.533876118380136266e-01 5.040471672330086861e-01 1.632221062058365479e-01 1.515401352773139698e-01 4.714051893676799582e-02 -9.623152552759826894e-02 2.522070283951756142e-01 1.562393710495852128e-01 2.642851825809550692e-01 8.176122247838388257e-02 1.175977979969645842e-01 -6.214638953158845708e-02 4.227828447089923558e-03 3.393784114001457963e-02 2.409447152649855095e-01 2.531237943711430183e-01 -1.071746557487083112e-01 6.654759006437369062e-02 1.542839752815267917e-01 1.182110952936450965e-01 3.411958708809497143e-01 8.293896931752672841e-02 9.722678206348309149e-02 1.024621955914928675e-02 4.634995258257111894e-01 3.152986401427164687e-01
-3.587026316501270018e-01 -1.653099818110004282e-01 1.232963857211963887e-01 -1.034521857749249041e-01 1.576006900005626904e-02 3.914022453186325468e-01 3.898542433555988174e-01 2.062492288584422684e-01 1.405748966823949508e-01 3.017217067690721177e-01 7.109741891915497547e-01 1.000000000000000000e+00 4.306299655044700803e-01 2.379931559317848833e-01 1.676019973383303108e-01 -1.800304979618129742e-01 4.508218006419627555e-01 1.901318523149003459e-01 3.633368381853200879e-01 2.285450626144763242e-01 3.480343643100339279e-01 2.132339322941644855e-01 1.811968477404959643e-01 6.123634823507978497e-01 1.613947368105036195e-01 6.383848878420906869e-01 1.971239435349168567e-01 1.474203282177049823e-01 3.328785923997922835e-01 1.219245992076431750e-01 -2.062413167727178143e-01 -1.380798220256632680e-01 -2.734442482778918215e-01 1.444786801452040970e-01 2.079192281228786909e-01 3.372826145891476002e-01 5.140976500687908374e-02 -5.905440585256727104e-02 1.781672601277161927e-01 4.185063334062626428e-01 3.514231712112010908e-01 3.056795073357089221e-01 4.167265501283957119e-01 2.010253251653866535e-01 1.351006936610435194e-01 1.228435239548082147e-01 -8.406216008309402854e-02 -5.967551314301788173e-02 3.953525360169102831e-01 2.739881348693892216e-01 -2.499192787596302145e-02 -2.370645075295539916e-01 -3.462068005349502875e-01 -8.112406487435509794e-02 1.080095054408786448e-01 3.432832294030644382e-01 4.444144402715122233e-02 1.432349424416857475e-01 3.272716473632529821e-01 4.649275852158806233e-01 6.681852241309181872e-01 3.875597184666125239e-01 2.900628782339684797e-01 1.667850482390141331e-01 1.027944049023397088e-01 1.310715624329551465e-01 1.245830990771756852e-01 4.031898615908841577e-01 1.229902798212968024e-01 9.985769488554815942e-02 2.338445092541351911e-01 1.834062009830208506e-01 1.421579344456546101e-01 2.440273444289920712e-01 5.058468097597302870e-01 5.491670236132403238e-01 1.784540712400560780e-01 1.887856081935646857e-01 -1.517327875128209654e-03 -1.713771193900923695e-01 1.934592832803553042e-01 8.735381041987279327e-02 1.684959514914112499e-01 4.098257485249102300e-02 1.367709810566451467e-01 -9.819343094102050973e-02 -2.682315778041232876e-02 -2.529809398227831838e-02 2.135327656797952334e-01 2.836739488344681703e-01 -2.019173396888004901e-01 -1.023770236412125181e-02 1.159192838058991787e-01 1.683592287392369768e-01 3.378744873124666093e-01 1.239925169346703937e-01 1.474337077331668022e-01 7.361269969512296285e-02 3.996679317467595194e-01 2.809421234895862485e-01
-2.767107487877654703e-01 -6.550466620763824299e-02 1.357729445430329585e-01 -2.408920096662525712e-02 2.080193631633408258e-01 2.102186413636015216e-01 1.511501232293397112e-01 1.605243432395322689e-01 -6.787701884519727058e-02 -1.646972502967667118e-01 3.895808832908394526e-01 4.306299655044700803e-01 1.000000000000000000e+00 4.252097009941392947e-01 3.519252766269392318e-01 -8.242125178544680575e-02 6.356617644790106825e-01 2.347593176127653336e-01 5.455196708898331082e-01 2.955743259271623735e-01 4.456905536905073628e-01 4.883007417497177149e-01 2.697765106078571229e-01 5.546353622769966130e-01 -9.349724177278108395e-02 4.446073249382458958e-01 3.896088669057671261e-01 3.847332166525738173e-01 4.823530232178347976e-01 3.198989087529627851e-01 -2.718599857528025687e-01 -1.387101422906321657e-01 -2.411096245331043331e-01 3.410121402906191035e-01 4.988138136372561871e-01 1.830260098624192922e-01 1.222843627732813215e-01 -1.381725363277773733e-01 8.721401118948594877e-02 1.936794054001409748e-01 3.610599523757742624e-01 1.973257347163248354e-01 3.930341305317637257e-01 1.620970084635133812e-01 4.062794888054764852e-01 2.782865226686506155e-01 2.550871540658794512e-01 1.164993342019777778e-01 1.766091602849404196e-01 3.989759705937326317e-01 8.362783136017815653e-04 -1.990572347012199705e-01 -1.297695264646090973e-01 1.735877403843720870e-02 2.255918817650843372e-02 1.316730433458012661e-01 -1.501712370944594255e-01 -8.431937377267666178e-02 -1.779418939914657327e-01 2.319463758085848759e-01 3.550871730174179897e-01 6.578522701569785580e-01 4.937349461590438415e-01 2.897717140894738308e-01 2.950110426235258987e-01 2.284474898431459733e-01 -3.054752234281091772e-01 4.548898150191484913e-01 2.440924847545182519e-01 1.592131603232350701e-01 3.469026180976114149e-01 3.300132113980051018e-01 1.438103743372553256e-01 -1.500587616488119891e-01 2.586753566267958049e-01 2.674095120451834284e-01 3.144321186082426056e-01 2.909091055598242437e-01 -1.274524379898312743e-01 -1.506321995301357353e-01 1.892580860818325050e-01 8.027293955801780012e-02 1.140053232715637771e-01 2.059422085450136053e-01 1.924489515889543922e-01 -1.355432173669637516e-02 4.948279959484595120e-02 1.535970889138559559e-01 8.818198195050008792e-02 -1.121843412929995065e-01 -2.432423798094455192e-01 -3.813993953239588897e-01 -1.490780885881317075e-01 -9.262204261266451799e-02 2.091987612812356290e-01 1.091327442125859526e-01 2.206779261639412182e-01 1.150266289779346002e-01 1.067409598439755664e-01 2.649199502588416300e-01
-2.278636787090896620e-01 -2.138486949856756025e-01 5.497141909570524287e-02 -6.520096019577836799e-02 2.688788856611796715e-02 2.862033076617258656e-02 1.941559156556261490e-01 6.327999744512113889e-02 -1.093615936902753299e-01 -1.288978956554301947e-01 1.456305811907389891e-01 2.379931559317848833e-01 4.252097009941392947e-01 1.000000000000000000e+00 6.775455295737475847e-01 -2.400941373486618624e-01 4.481055832069357203e-01 2.049718385373041907e-01 6.700743266448913049e-01 4.117729293837107396e-01 6.827924507360378925e-01 2.204316776407208855e-01 6.317490805929854014e-01 3.614178967018819577e-01 -9.553894101779714099e-02 1.800611917368132586e-01 6.191938229127676996e-01 4.903394829772343977e-01 3.929815432092251259e-01 4.877877522917068998e-01 -2.092909600640618928e-01 -1.345857096715527002e-01 -2.543418032776745275e-01 2.076324189102786155e-01 3.705155883958687335e-01 1.865920844877645146e-01 2.078206397067210720e-01 -1.290907369213270539e-01 7.597910811577247847e-02 1.147096890375348954e-01 3.253851942734413694e-01 1.405540210336867768e-01 1.726428573279188416e-01 2.485717483792076188e-01 4.581609617786507327e-01 5.029416039500266278e-01 5.056804203688718413e-01 3.656085433925553851e-01 1.413306303537693875e-01 3.477392539521106385e-01 -2.456049600250213762e-03 -1.826790420657175285e-01 -8.989997933109510064e-02 -6.077010824918772230e-02 -7.642273576554277359e-02 -1.666404295436943591e-03 -8.695121187934785889e-02 -1.664125149146963301e-01 -1.842649906383061753e-01 8.989244364571095935e-02 1.491288310660017769e-01 3.822817798872032991e-01 5.615133816337850581e-01 6.048788586295327230e-01 6.483868010919199287e-01 5.887934167345817427e-01 -2.028778838096182147e-01 4.972330042960678154e-01 2.269181715789680143e-01 1.397828267494848897e-01 5.466945753119695217e-01 3.255778169113175968e-01 4.451504796773962935e-01 -1.422448259951467064e-01 8.681128144507863076e-02 1.795610099321821584e-01 4.241458128337031175e-01 4.412809742825655746e-01 -1.050681622870110188e-01 -3.275934109129127053e-02 1.558726697112747528e-01 6.665743212612619539e-02 1.784297159245085140e-01 1.948670196845803948e-01 3.571640907414543875e-01 3.270700647152616769e-01 2.249486528660036011e-01 3.601568948244757151e-01 1.305581333497837226e-01 -1.527224997587648125e-01 -1.001585566036219954e-01 -2.985674322975842565e-01 -6.885131391009703672e-02 -2.568362032486818519e-02 2.175760507155717061e-01 2.530699591272933535e-01 5.037545891023080813e-01 4.159133255437175158e-01 7.317870665699323374e-02 3.086008900725011883e-01
-3.759071282321378438e-01 -3.057132306756855655e-01 -9.052558238531323298e-02 -3.559717076943993974e-02 -1.036125388431524408e-01 3.617755945760956632e-02 4.317349202545617964e-02 -3.612680221682940812e-02 -6.532720551547648025e-02 -1.033025987484697678e-01 1.284085680614928393e-01 1.676019973383303108e-01 3.519252766269392318e-01 6.775455295737475847e-01 1.000000000000000000e+00 -3.856999391241981989e-01 2.836120876444518935e-01 2.484155891523938675e-01 4.972589907465816417e-01 4.278761502474763834e-01 7.170862244131234187e-01 1.568809385260414579e-01 6.958423752352582703e-01 3.138390802611709107e-01 -2.161566559293893186e-01 7.113838296064957378e-02 6.565802757990354399e-01 5.347734914013002605e-01 4.121944662371942458e-01 6.469141840899311768e-01 -1.230802129762870317e-01 -2.162866199131772693e-01 -2.660926341648616744e-01 1.688916924885823789e-01 3.251742958775163950e-01 2.250079888428471453e-01 2.239913636427657284e-01 -2.319860326437075126e-01 -2.074564434188081851e-03 -2.102474513454770377e-02 2.651818901609768742e-01 -7.076835331935048094e-03 6.001440001325301921e-02 3.314604531557347467e-01 5.166152064495599383e-01 6.037863631958788613e-01 4.962810042221001416e-01 4.514708389802178368e-01 1.255619337417251125e-01 3.325616796181887769e-01 -1.590806591551005011e-01 -2.393724896846089190e-01 -7.226720606943383418e-02 2.734217355130041417e-03 -1.861431920480265956e-01 -4.044123375539389331e-02 -9.938684394881980994e-03 -8.013410622530628413e-02 -1.711620229493807654e-01 9.932159821121616661e-02 1.482075900314944183e-01 3.711458462537111647e-01 6.181572451489434350e-01 7.105905179912619385e-01 7.883838765734043630e-01 8.139427297227258551e-01 -1.065895844093481121e-01 4.011982508962294025e-01 2.122763281951115244e-01 1.999239847281838178e-01 6.986122537939477573e-01 2.953208327867595795e-01 5.382188787023912679e-01 -6.954654584691211117e-02 1.799457413901777714e-01 1.065474744594908374e-01 4.255409652844007740e-01 5.682681164852269040e-01 -7.355994342897241231e-03 -3.582231402265798059e-02 1.533659583573440399e-01 4.664982745228506145e-02 2.518968586251908448e-01 2.002498116231779812e-01 4.043331224445113059e-01 4.182410712399430297e-01 2.067292188340563719e-01 3.105645966977806927e-01 1.847151535640836062e-01 -1.554571863657756847e-01 -1.996778019183894082e-01 -3.068649432547324030e-01 -1.162847716717235191e-01 3.527493365115040580e-02 1.653925100951222082e-01 3.090873216760715025e-01 5.577275971022161993e-01 4.473646524284359827e-01 6.496244645608727220e-02 3.279728554740919400e-01
