1.000000000000000000e+00 5.570188422087487545e-01 5.115351349453155505e-01 7.721551909679743968e-03 1.027683462427145256e-01 1.193531612816637194e-01 8.691923301024613580e-02 2.360716465039729983e-01 1.569117422713365018e-01 3.530524559121601125e-01 -2.759883767484609951e-01 8.476897090773329035e-02 -3.524661248944597203e-01 -3.613559770455814224e-01 -3.886355210626482592e-01 5.484434558494143408e-01 -4.633288472327384278e-01 -3.770685093086351691e-01 -4.578510515830259142e-01 -5.181681888821970672e-01 -3.162398673339291699e-01 -3.810439284175393682e-01 -3.937122198695542918e-01 -1.761872611066359340e-01 1.821711652582725105e-01 -2.467504208127345167e-01 -3.358769354189951040e-01 -3.684126166091661880e-01 -3.999721404892812582e-01 -3.759673293602305844e-01 2.602516412219033071e-01 2.182372022591382299e-01 2.147437455003803897e-01 -4.960687148650885225e-01 -3.838355682285757298e-01 -1.468313583844776948e-01 -3.306848717334855969e-01 3.754628431522761267e-01 -2.528222486320198525e-01 2.006313771505300048e-01 -2.456761530108539648e-01 3.218291191303605525e-01 -3.102305739058101031e-01 -2.709107651432361985e-01 -7.606257938530716634e-02 -4.013255195177004020e-01 -4.141697245309144404e-01 -3.959841523366740001e-01 -1.934896718154816356e-02 -5.367942863795371888e-01 7.430366791539287918e-01 5.792974110491232453e-01 2.589233428779041946e-01 -3.505539562366000172e-02 4.200717476035057407e-01 3.575723906683456188e-01 1.633983107481887243e-01 1.597290417597583001e-01 4.216047852948743291e-01 8.887334713255122531e-02 5.123291596540059667e-02 -3.536483579457900261e-01 -5.140985245433077333e-01 -3.725398126508810970e-01 -4.113987931839187540e-01 -3.739115522690784066e-01 2.380685622440972815e-01 -4.910694525763181217e-01 -5.711311054489223160e-01 -4.027189488145119234e-01 -4.116196073902781971e-01 -3.941709396409196486e-01 -3.346250949250310636e-01 7.366043892370010421e-03 4.790652239734549331e-03 4.470642336738217537e-02 -2.458172239918677004e-01 -3.438649816610748200e-01 2.205625103842376866e-01 9.174152887059436323e-02 -4.646375471316785966e-01 -3.247509686661574357e-01 1.743231924465969002e-02 -2.967694188203195416e-01 -3.686005842116414910e-01 -4.953808851907561261e-01 -2.110266357020770256e-01 -2.318918415067477701e-01 -3.716141024731655085e-01 -8.501690192888906872e-02 7.808491689127994295e-02 7.590116751455359967e-02 -2.535839892089618020e-01 2.236573905899608417e-01 -1.463808433016828559e-01 -1.191923430833887187e-01 -3.395037207876279162e-01 -4.323191188335169799e-01 8.447375757179359512e-02 -3.938796342579292120e-01
5.570188422087487545e-01 1.000000000000000000e+00 5.845626465196446242e-01 2.365170187274935054e-01 3.440552231926063964e-01 2.646567446231661291e-01 2.456616153046588535e-01 4.310321765438766550e-01 2.912161891100888411e-01 4.661567739064241545e-02 -3.260211346182554926e-01 -1.257621387767310916e-01 -3.245059159936179993e-01 -3.684208366651477440e-01 -3.779606595185685536e-01 6.604564613184651378e-01 -2.558647905401757461e-01 -1.380375752745601758e-01 -3.165865112131270864e-01 -3.518451113239423056e-01 -1.458560470814349863e-01 -2.603494339803168467e-01 -3.634340356922651227e-01 -2.336819931018198626e-01 -2.853598781070286819e-02 -2.525095306412784568e-01 -4.616448428656836356e-01 -4.629181496749608660e-01 -3.088569120711248672e-01 -3.949910671286598896e-01 -7.155333643765748874e-03 5.104259142546010292e-02 1.448802146574491301e-01 -3.073246436221220845e-01 -3.473851200557979135e-01 -1.841249626869407852e-01 -3.735312437988501655e-01 2.895694380404713608e-01 -2.127062347569979583e-01 1.252557807019141767e-01 -2.194034273074410291e-01 9.796087877798399790e-02 -2.538777079263633274e-01 -2.948510247564726794e-01 -1.279007765103829242e-01 -5.038577345609007718e-01 -4.449516961744722776e-01 -4.212513300119539728e-01 8.359722526072796422e-02 -3.675286095382210849e-01 5.973718366608083974e-01 8.286997594623169983e-01 4.304149730921388306e-01 2.737075870978081804e-01 5.602173766401583599e-01 4.472058096852246090e-01 3.717682437051762490e-01 3.013300736226185439e-01 1.348040031049637932e-01 -1.268604734396861222e-01 -1.167750205881005754e-01 -3.151183158147548014e-01 -4.540170044798332305e-01 -3.317499080680367807e-01 -3.632332461002640289e-01 -3.422207728216113409e-01 2.349109755483557160e-01 -2.933777718997093165e-01 -3.775099883723213035e-01 -1.402782233749605145e-01 -2.627622952555807023e-01 -3.211199163251375333e-01 -3.108589927156764632e-01 -3.809231884099079785e-02 -7.427773368658464881e-02 -1.169972263226340958e-01 -1.299450778300586529e-01 -4.092371101026454072e-01 -1.119959768957757597e-02 3.343157362716257103e-02 -3.818027793159154970e-01 -1.943607957880371939e-01 -8.046869413543968064e-03 -2.922221062807511260e-01 -4.693336318787287298e-01 -4.663374738426882549e-01 -1.745362682089445783e-01 -2.999466457959633625e-01 -1.898287908180696648e-01 -8.279326583109318516e-02 1.834112010535006165e-01 2.814199994414717451e-02 -1.915922894641075569e-01 1.428037358149948470e-02 -1.894254355373581333e-01 -1.974048554688212220e-01 -4.276233842512888739e-01 -4.633374704154802348e-01 1.532640985806316136e-01 -2.258915569977544280e-01
5.115351349453155505e-01 5.845626465196446242e-01 1.000000000000000000e+00 -2.815886050367863991e-01 -9.890542882351577303e-02 3.305896762192280236e-01 3.721696505493062856e-01 4.701870804742553922e-01 3.741883838862873346e-01 6.345471460956146614e-02 -2.637684309369564203e-02 1.342859116071701553e-01 -1.882019511402066858e-01 -4.226471525762417469e-01 -4.395575746063604683e-01 2.507272346303570099e-01 -1.100338475897607998e-01 -8.611794811116514625e-02 -2.525625908586832113e-01 -4.700820853974309044e-01 -3.938846107873300029e-01 -5.711810218940018002e-02 -3.741612340809727932e-01 1.186949826649463524e-01 2.383162101230627827e-01 5.499982244466566916e-02 -2.699676597426730051e-01 -2.944625525073980565e-01 -4.135517916647556413e-01 -4.312363638004864108e-01 2.954196116548363921e-02 -1.669587725927073329e-01 -5.574926594062793589e-02 -2.410066909832693227e-01 -1.820399248882938747e-01 5.133342187046804894e-02 -1.886756520638462886e-01 2.259021604547241102e-01 -3.704793772124341245e-01 1.775864589139385663e-01 1.216585512765024635e-01 4.601720033508669983e-01 6.527333645212807234e-02 -2.868441625495573577e-01 1.602711955661890661e-02 -3.735783110290815112e-01 -3.454799882070100914e-01 -4.986541411489552877e-01 1.975418598071752851e-01 -2.171002769954489542e-01 3.702399211749487495e-01 6.339762978463571175e-01 -5.874747213671732693e-02 -2.830164033514678823e-01 6.426229842643174095e-01 6.611736634476950147e-01 4.672685459963308308e-01 3.251692378072885137e-01 1.691529395605078090e-01 1.425230107524331213e-01 1.362943835695014372e-01 -1.130399008372949959e-01 -3.671235966011344720e-01 -3.434417734970672820e-01 -3.845167437803538868e-01 -4.131359182607979852e-01 4.239175308128600994e-01 -9.227182840210249037e-02 -2.978070891548217358e-01 -1.357733698498634345e-01 -4.002688323237601487e-01 4.200273599460162266e-02 -3.247140613607792936e-01 -9.156145064090186192e-02 2.158996645472909259e-01 3.322830474119933264e-01 -1.692544587769021502e-01 -3.908712817091006819e-01 -9.674644805225608712e-02 -2.138361870960604483e-01 -1.693303437518263177e-01 9.652617630280528604e-02 2.039797617278861219e-01 3.128288164140257538e-02 -1.894065096932078252e-01 -2.661360930529970692e-01 -1.083545551590635592e-01 -9.301680706022132095e-02 -7.365388217302018016e-03 3.034834283653617959e-01 -9.651589878104636921e-02 8.433637971416987900e-02 -4.733631740591087156e-01 3.491498577559127847e-01 2.204607686395309019e-01 -2.133580126857113346e-01 -3.054012403044378265e-01 -4.383574128282753946e-01 2.485795113972677495e-01 -7.358735725094152358e-02
7.721551909679743968e-03 2.365170187274935054e-01 -2.815886050367863991e-01 1.000000000000000000e+00 7.658636440524081435e-01 -2.701313176920623442e-03 1.330985418954060834e-02 4.138384615988893733e-02 1.978496686146688777e-01 -2.146886214124130166e-02 -3.530367593042410546e-01 -1.799909983704923722e-01 -2.961126806439418752e-02 2.965841416410504583e-01 3.520529073531276087e-01 3.981111866188979387e-01 -5.594577060304165711e-02 9.614594238867536780e-02 1.343452757236749395e-01 2.761727966097579645e-01 5.438959238870326729e-01 -1.798989355969557447e-01 2.618435779937236529e-01 -3.508273917862073099e-01 -3.510340232408664107e-01 -4.134020930169401420e-01 -1.737841646462658374e-01 -1.268605467698197264e-01 2.595405524611036907e-01 3.232292464389807662e-01 -1.291416285831507305e-01 8.556737949698621504e-02 7.541030576519199002e-02 9.191014246693393966e-03 -1.212773685532049506e-01 -2.218245847142867044e-01 -1.385705820452535209e-01 -1.494078673256128975e-01 1.113403804677821352e-01 -6.003711487349674969e-02 -2.913824141868874285e-01 -3.605149374186992217e-01 -3.671768946873334993e-01 1.445866811769125904e-01 -1.775191610991126712e-01 -3.496466967933929693e-02 -1.723877577947465628e-02 2.434791518294140422e-01 -1.009325273836281373e-01 -1.113345610993774076e-01 1.992948016674848666e-01 1.328839552533557511e-01 6.080600552044221896e-01 8.837022992503411611e-01 5.083851998323016264e-02 -6.240756702880235346e-02 -4.138851797315518805e-02 2.580121318595705593e-01 1.569498332453100106e-03 -1.848070074411265196e-01 -7.042534096601262006e-02 -5.497938202341077357e-02 1.329179321960077542e-01 2.837088243252061104e-01 2.598790112683518339e-01 3.624892361450456901e-01 -1.000850012141918655e-01 -5.202688790010851633e-02 6.602094751937126471e-02 2.464917858218640956e-01 4.503239974844612803e-01 -2.815834621625997181e-01 3.110458034142241646e-01 1.895393717664523373e-02 -1.966815822233927147e-01 -4.714347682550241170e-01 3.600411940414179335e-01 3.133737584307968449e-01 1.302492489408785432e-02 1.494134534076166365e-01 -3.018006242790283178e-01 -3.184288691581793063e-01 -2.528242891139727555e-01 -3.345554646061498771e-01 -2.392430635328244848e-01 -8.584464299816864374e-02 4.613696689108480464e-02 -2.363606529058120687e-01 -4.783165620153295716e-02 -3.562778643996261652e-01 2.794538591711129838e-01 -4.675272245946479055e-01 2.535607790265408945e-01 -4.791789327149838518e-01 -5.511879820317894252e-01 2.819889709831882585e-01 -8.561021559905024336e-02 1.530621913039236504e-01 1.112517510472504217e-02 -4.412873526857852280e-02
1.027683462427145256e-01 3.440552231926063964e-01 -9.890542882351577303e-02 7.658636440524081435e-01 1.000000000000000000e+00 2.783287606725303731e-01 1.144587251745539797e-01 1.592745474107011006e-01 3.827778984613238733e-01 3.717353988818179744e-02 -3.141212084216927214e-01 -1.438087477212179333e-01 -1.751719638202573620e-02 1.654224570234060776e-01 1.918574103547681098e-01 4.178080374380848672e-01 -8.204788449755245905e-02 5.345919117858075748e-02 7.055667303331753654e-03 2.436956772485268097e-01 4.497078528321796220e-01 -2.437080678405050549e-01 8.952808745853611805e-02 -3.311014619086821709e-01 -3.269068921883473422e-01 -3.838386417431021158e-01 -3.048590727784080134e-01 -2.626788186723257867e-01 1.619038404745605508e-01 1.243172165464535156e-01 -1.108934766914926595e-01 9.931962801551440581e-03 -2.288062737064716981e-02 -1.052875088317140467e-01 -2.384031915017187087e-01 -1.787251984010858885e-01 -2.771278191058719753e-01 -1.334986535619873682e-01 9.894696457894870678e-02 3.197254820349086646e-02 -2.421004842886517738e-01 -3.501798506409530276e-01 -3.432474723890323598e-01 -1.112521281814696748e-02 -2.783649462173067857e-01 -2.121257265397629987e-01 -1.719732274897125268e-01 4.913193574064184804e-02 9.336287919399587076e-02 -1.625855372857221981e-01 2.942264728704765964e-01 2.858364930265285264e-01 6.400305598482738390e-01 7.592766428874816453e-01 3.202655199946917164e-01 1.641618297688547390e-01 8.531880221911170015e-02 4.029509018054414637e-01 1.029376540786249850e-01 -1.043838069604404450e-01 2.524758512655618861e-02 -1.925017268053718852e-02 6.772697350427264729e-03 1.567630637376244418e-01 1.225919562360247711e-01 2.033240763283588326e-01 4.846821489426994534e-02 -1.147853812471099494e-01 -6.170331732509150985e-02 1.822241546479088370e-01 3.311503074989786688e-01 -3.255026908802772789e-01 1.160509325775176959e-01 9.136140957479668701e-02 -1.680845647909434137e-01 -3.979360343562203806e-01 3.334617036752758334e-01 1.347550312414398654e-01 4.740832127786954314e-02 9.592821827088206244e-02 -3.330084322257509388e-01 -3.046711466751064745e-01 -2.912136531769512482e-01 -3.980380537133297314e-01 -3.357847340204544451e-01 -2.377423553998174177e-01 -1.096327271534557474e-01 -3.401561928910659116e-01 -4.836167380336847677e-02 -2.877752348452350950e-01 1.693433416232798250e-01 -3.910172729132856406e-01 2.549608974049968890e-01 -3.595979949955328547e-01 -4.867639558710110670e-01 1.971466952326883515e-01 -2.600575214008851166e-01 -5.385217939856634661e-02 1.504310368269932696e-01 -6.649073676937317101e-02
1.193531612816637194e-01 2.646567446231661291e-01 3.305896762192280236e-01 -2.701313176920623442e-03 2.783287606725303731e-01 1.000000000000000000e+00 5.345718223364801513e-01 4.742858881241343583e-01 5.567718772700703811e-01 8.919693130319769625e-02 7.976345158235081945e-02 5.198732639761244334e-02 9.411521277887509307e-02 -1.760045319469231151e-01 -1.900524133859322340e-01 1.328709999597363078e-01 6.566696232533519861e-02 7.531121125205031408e-02 -1.120828932426370522e-01 1.419587922473584951e-01 -1.891114988783600473e-02 -2.366123327672891435e-02 -2.932750279018024875e-01 1.191733562808992841e-02 -2.598102445093924615e-02 9.882341310541832569e-02 -3.336241585686591238e-01 -2.963793978998632284e-01 -4.873867090764345128e-02 -3.119083315493687003e-01 -1.573552137240624704e-01 -3.288568531123847172e-01 -2.624541797123541853e-01 -8.768914244646584810e-02 -1.904286723101083767e-01 1.280636298138638218e-01 -2.765177808819594962e-01 1.879083924976996528e-02 5.400683824727765120e-02 2.630205714138034168e-01 2.533024116930862046e-01 -3.468432392195522351e-02 1.294380391674468389e-01 -1.409906386123294664e-01 -1.939025473884009032e-01 -3.479269020564786374e-01 -2.255485098354058637e-01 -3.115428638063708622e-01 6.960800945149835384e-01 1.215872702652724957e-01 8.860168680713384481e-02 3.503880045534933374e-01 9.415031128924009063e-02 4.705753286111116589e-03 6.903365081877654852e-01 7.102652631692610852e-01 5.321688803577230287e-01 5.028239179326476904e-01 1.401306370954716329e-01 8.839204783315149361e-02 1.645534414977418980e-01 1.279049029826284656e-01 -1.679804780705804468e-01 -1.754327106490435328e-01 -1.772904427771573865e-01 -1.601751813840298633e-01 4.159688673849537000e-01 -1.683143862145283429e-02 -8.184133476819835384e-02 1.095066800157646486e-01 -6.667196430811563046e-02 -2.094786323334690142e-02 -2.594623206603129395e-01 8.372177897032423433e-02 -3.286803159909339189e-02 2.916855818273711085e-02 6.298287645092652542e-02 -2.308413802339372711e-01 -1.409245149922259133e-01 -2.675639634599215055e-01 -1.581709266765951930e-02 1.529062475829809642e-01 -2.476125077150312104e-01 -1.359513688789553143e-01 -3.035099277402357187e-01 -2.716438484524206776e-01 -2.004076188326500696e-01 -1.186750187158986253e-01 1.632597018271673694e-01 1.956503809761179769e-01 -3.370256926793862018e-01 1.145389275795649919e-01 5.435819202655813032e-02 1.167803075156969017e-01 5.780661986774140310e-02 -1.494038829596069651e-01 -3.645326959473758066e-01 -3.627106697667684121e-01 6.477943273890468534e-01 2.393079064097803632e-01
8.691923301024613580e-02 2.456616153046588535e-01 3.721696505493062856e-01 1.330985418954060834e-02 1.144587251745539797e-01 5.345718223364801513e-01 1.000000000000000000e+00 6.693107944362777229e-01 6.174832024629534066e-01 6.137620158914847829e-02 -8.474207892974619516e-02 -2.728068227194610507e-03 -2.936653091230254781e-02 -7.469788172090652267e-02 -9.279107109709609780e-02 2.106042105438901968e-01 4.855334963916147634e-02 1.912618862105119610e-01 1.521181004710706400e-02 5.449839220144937074e-02 9.136919494981637913e-02 -1.660281817913851141e-02 -1.293118937280867686e-01 -6.001071950151145445e-03 8.753576575011589884e-04 -3.509450030686744187e-02 -1.487381036332486028e-01 -3.621575735998312506e-01 -1.557232343268374342e-01 -1.806302637398860267e-01 1.607286405301649318e-02 -2.664568861050453652e-01 -2.394305100647108331e-01 -8.602714984549059141e-02 -7.655557636191100135e-02 1.936612555076815956e-01 -2.554382352803760137e-01 7.927446974534778368e-02 -1.885564130886900266e-02 4.328127771166320747e-01 3.003191109113738100e-01 1.196212994184038536e-01 7.752417459599157679e-02 -3.333146474445231738e-02 4.855198865178547707e-02 -2.577692416999573521e-01 -6.866904606950384460e-02 -2.163684850579611629e-01 4.440760856942527757e-01 3.773325469194010323e-02 3.304083045627911885e-02 2.314837597328045782e-01 1.823974070971972339e-01 -4.701159275530633619e-02 5.095169046093553922e-01 6.139899099928906034e-01 6.309786595372915974e-01 6.431990423892567366e-01 7.962414005356661939e-02 -2.324078957183648916e-02 7.382112374672007704e-02 -2.288084054289376071e-02 -1.450450538530976829e-01 -6.017381543981935310e-02 -3.479324155419948744e-02 -9.297162503400185907e-02 6.193652478501442404e-01 7.836886438810136690e-02 -9.461779984803209489e-03 2.428293504811660231e-01 2.662932581823028097e-02 8.823236329832856439e-02 -6.472928803456322322e-02 2.934842779994438211e-01 1.221176768221572118e-01 4.919426925665448119e-02 8.146432345285471721e-02 -7.596267844669697678e-02 -9.061730332275060029e-02 -2.621596954523704448e-01 -7.372227405310703696e-02 1.445219868013618847e-01 -7.977016263051087824e-03 -3.372181640963984456e-02 -2.050180629121833298e-01 -1.465020873355852848e-01 -1.113286349247038787e-01 -1.130495216660526853e-01 1.908448904604372331e-01 2.063748391846138563e-01 -2.400267152163818862e-01 -1.136440932458080699e-01 -2.437495522957193114e-02 1.458196033944525738e-01 9.208628600405437126e-03 -2.773669264213694807e-02 -2.714471608180618611e-01 -2.309446388505430048e-01 4.543325227336389993e-01 2.059005892753007771e-01
2.360716465039729983e-01 4.310321765438766550e-01 4.701870804742553922e-01 4.138384615988893733e-02 1.592745474107011006e-01 4.742858881241343583e-01 6.693107944362777229e-01 1.000000000000000000e+00 6.294558342450922162e-01 -4.533445899360380449e-02 -1.355068184999965175e-01 -1.164999281571930945e-01 -1.517805697724886327e-01 -2.046952660765160581e-01 -2.473786857497036196e-01 2.562650279256531993e-01 2.994145211522318550e-02 3.010373411801627319e-01 -6.630518572380800224e-02 -9.237528350514870312e-02 3.781712489804932406e-04 -1.382521314411954035e-02 -1.720445316182073747e-01 1.968235907523331260e-03 3.475014946542848236e-03 -6.294344424258448145e-02 -2.546706623173939921e-01 -3.432614016938119184e-01 -1.843289549677887551e-01 -2.918111027748381270e-01 -4.216205934717092568e-02 -2.396130243027391471e-01 -1.989258841419405122e-01 -8.202716887324409956e-02 -1.642683229243029064e-01 2.176781378020672952e-01 -2.440071241671346869e-01 4.370607393974325350e-02 -1.883177606769372570e-01 1.701720849274359348e-01 2.138556516371725169e-01 1.415107233049180402e-01 -3.158343619671244440e-02 -1.346459295568833148e-01 6.363047481515131517e-04 -3.565141777248430621e-01 -2.240540008892079882e-01 -3.089207159575852457e-01 4.360362441824021107e-01 -2.288693925022337525e-02 1.350980830618714046e-01 4.166558685891452729e-01 1.090132154441696699e-01 -1.178741349736212897e-02 6.242010852235021501e-01 5.891762995600424713e-01 8.056464385598047784e-01 6.799010019940334715e-01 1.527071495549251010e-03 -6.050737468590410700e-02 -1.620544774992766987e-02 -1.477361905860514468e-01 -2.127387536127155754e-01 -1.070236680660961587e-01 -1.181927855459928567e-01 -2.037154980744495802e-01 5.600503821359609224e-01 8.329415116900638905e-02 -2.952017039928749465e-03 2.898899440752596424e-01 -7.897964611541193058e-02 -3.001193246280506668e-02 -1.276929815230124499e-01 -2.964776286312676909e-02 1.713189525265662594e-01 3.804595368970241365e-02 7.482954400078882344e-03 -2.265590605433624449e-01 -1.647794674560541517e-01 -2.778038073425869725e-01 -9.193442080094578472e-02 1.451480817160638592e-01 -3.488274752096916925e-02 -1.287093147799697190e-01 -2.740916149665809654e-01 -2.547199103102749662e-01 -1.356826261721547078e-01 -1.396331224406860971e-01 1.649089769835604402e-01 2.215270864197944611e-01 -1.602466736002883252e-01 -3.058669240257617591e-02 -3.076922189051158329e-01 1.326953190378215020e-01 -4.634159875979732002e-02 -1.754966413201055619e-01 -3.099289204400799136e-01 -3.357248600234332692e-01 4.099199221349255073e-01 1.575432570200389903e-01
1.569117422713365018e-01 2.912161891100888411e-01 3.741883838862873346e-01 1.978496686146688777e-01 3.827778984613238733e-01 5.567718772700703811e-01 6.174832024629534066e-01 6.294558342450922162e-01 1.000000000000000000e+00 1.324815807380146926e-01 -4.879871490626735281e-02 5.826821075872176681e-02 4.536429596949925758e-02 -1.567507181670750940e-02 -8.917645973226811726e-03 1.725129245532468214e-01 4.484143500274398453e-02 2.011955714410438578e-01 3.037878529902733951e-02 7.586550220145389656e-02 2.182618228557245132e-01 -1.053855087192109991e-01 -1.016726090442369168e-01 7.886863837820036471e-02 -1.257766890716256469e-01 -1.310536670840232176e-01 -2.867322372047357848e-01 -3.509030710346713877e-01 2.344230227452318363e-02 -1.083409229576175470e-01 -1.477283431685291748e-01 -3.852640957203229966e-01 -3.320519750150819904e-01 -1.367435193944058214e-01 -2.926770173570323319e-01 2.252823094435031370e-01 -3.010940341726336400e-01 -1.261397724080219329e-01 -1.045448582882058247e-01 3.379123821225323843e-01 2.873899671723240679e-01 3.480935252155004794e-02 -4.852945987869389244e-02 -9.380558710703340575e-02 -2.412281195748843532e-01 -2.951176648728339180e-01 -1.592699670581113613e-01 -2.773089343342917679e-01 4.507709736645102439e-01 4.395055596515107244e-02 1.253686233919586723e-01 3.283513063452985214e-01 2.225351771201513895e-01 1.442264788027148303e-01 6.220830221415251104e-01 6.989611206325558879e-01 6.156630883356510875e-01 8.535052467492980632e-01 1.874980693038630353e-01 1.555451936420662318e-01 2.176383329558711222e-01 8.133392153742231845e-02 -2.247703721198340485e-02 3.766039447276326585e-02 1.264839470652095316e-02 1.881713722737744093e-02 6.340880723705418776e-01 7.069288367717363464e-02 -1.283435656494796503e-02 3.120221197326786267e-01 1.673743076855502554e-01 -2.463354316881152459e-02 -3.520786433612371064e-02 1.145982187920768780e-01 1.377370937033656206e-01 5.595811483158071031e-02 2.817726686909119982e-01 -8.658736239710845134e-03 -2.023371314719485670e-01 -3.160565584570539377e-01 -1.698524730720029352e-01 1.280149495365392742e-01 -2.717676300715629600e-01 -2.475223444775240533e-01 -3.044360441714928922e-01 -2.747137788976120598e-01 -1.344573671027934902e-01 -2.768699072167509212e-01 2.669640833959703308e-01 2.948114454454579536e-01 -2.624419453713012773e-01 -3.256430303699390794e-01 -1.007626126749782414e-01 3.893348273951874328e-02 -1.229139667472058106e-01 -1.904203074991858355e-02 -3.322044911458081340e-01 -2.700371721155037652e-01 5.316988837810630031e-01 2.130357223881254869e-01
3.530524559121601125e-01 4.661567739064241545e-02 6.345471460956146614e-02 -2.146886214124130166e-02 3.717353988818179744e-02 8.919693130319769625e-02 6.137620158914847829e-02 -4.533445899360380449e-02 1.324815807380146926e-01 1.000000000000000000e+00 -7.411024078848472453e-03 4.159976127635128251e-01 -1.866298635247070903e-01 -4.576522125353147535e-02 -8.687226933859583389e-02 2.730290195231359629e-01 -3.537858645770842192e-01 -4.224612836168513685e-01 -2.183940192782257428e-01 -2.720584591630814120e-01 -1.433465262794656192e-01 -3.463555603617847756e-01 -3.268401232607177631e-01 -3.852040969859744229e-02 3.722623730940777254e-01 -8.851112188852860996e-02 -1.623875351203437345e-01 -2.614314349414522676e-01 -1.226669666909952633e-02 -2.177823363832029346e-01 3.745367584361869451e-01 2.070343461386162653e-01 1.487295209143071062e-01 -4.415712169325043956e-01 -2.793238861390864858e-01 -6.378573957028568775e-02 -9.285560671698966928e-02 3.301943170928044458e-01 1.828272616650297999e-01 4.892198084937444125e-01 -2.051806864411883369e-01 1.446533347959515770e-01 -1.460115921448458531e-01 1.397694962554712761e-01 1.843601914417843796e-02 -2.532130958957534705e-01 -3.303975921066314991e-01 -2.946426467035724861e-01 -3.164489954825565332e-02 -3.537762083997664231e-01 2.650054935426082725e-01 4.719401995287554608e-02 1.340229732334973778e-01 -1.119886377106129594e-01 9.615398350862795762e-02 1.424379436048515413e-01 -1.204017227370911131e-01 1.067878323020485937e-01 8.032353577418445134e-01 3.764693321847003560e-01 3.477881675070993439e-01 -1.468526432920625457e-01 -3.254802187346010900e-01 -1.981269996581188630e-01 -2.242373015338004760e-01 -1.529387330872782891e-01 1.938694923091885403e-01 -3.933036938589750120e-01 -4.558187803924446113e-01 -4.165256098949773889e-01 -2.552399496628744990e-01 -2.424504280733922323e-01 -3.120459640344976915e-01 2.724817472960452402e-01 1.624485538699236842e-01 1.888092115942767157e-01 3.328715736022700572e-02 -8.894319549597333452e-02 4.344684684942662911e-01 4.552007510636462556e-02 -4.089792861592997375e-01 -4.307359177877219669e-01 -4.623685978230089588e-02 -2.133058743114588374e-01 -2.451300150901608021e-01 -4.494386901543079849e-01 3.472532962903081884e-03 -2.564706292025344392e-01 -3.105744213909457097e-01 -1.333541708799551306e-01 -4.029076521433374442e-02 -4.626064487662638613e-02 1.925487026250372602e-01 2.070946413623594162e-01 -8.878285243969462337e-02 2.314928261271238796e-01 -2.698237903231585078e-01 -3.532860182482360223e-01 1.694458358453142938e-02 -3.042904175553916568e-01
-2.759883767484609951e-01 -3.260211346182554926e-01 -2.637684309369564203e-02 -3.530367593042410546e-01 -3.141212084216927214e-01 7.976345158235081945e-02 -8.474207892974619516e-02 -1.355068184999965175e-01 -4.879871490626735281e-02 -7.411024078848472453e-03 1.000000000000000000e+00 5.825864844111744434e-01 3.912770959832391759e-01 -8.626035978117135850e-02 -8.638180508859433226e-02 -4.716931981990317713e-01 4.241247826288810363e-01 2.465566816395104166e-01 1.651497620213029927e-01 1.353161007707692209e-01 -2.610845341080580417e-01 4.650644607476466796e-01 -9.904140844572570379e-02 6.728732520564469910e-01 3.457893675461740646e-01 7.609806189516806763e-01 4.845495407530134302e-02 3.138866631758521208e-01 1.518242684832591394e-01 -6.347260756150165106e-02 -2.245588566295778354e-01 -2.846653035998072401e-01 -2.650736089005482632e-01 4.302646406726128303e-01 2.840151699432845733e-01 4.489928461898726186e-01 4.158395812206506226e-01 -2.654441423193147354e-01 -8.640451673317849079e-02 -5.874891504080294313e-02 5.574614074474141256e-01 2.588390321383295944e-01 6.694687259974971827e-01 1.090234882350463314e-01 1.371770953171896346e-01 3.685850147628885048e-02 -3.497535767135878226e-03 -9.742120921769031883e-02 1.934345728702762945e-01 5.588809228781992378e-01 -3.970259464337387856e-01 -2.245410866812299344e-01 -4.636976207616466117e-01 -3.337302252971542371e-01 -1.350752412150314219e-01 -4.622292724702671551e-02 -7.317148882008815691e-02 -9.833460023777476633e-02 -8.565015069802202341e-02 5.299351070028299748e-01 4.460151105860862275e-01 4.008578374446251646e-01 1.165099418056037145e-01 -1.201897340635882938e-01 -1.240610989856142793e-01 -1.017941734875205950e-01 -2.517121703165523666e-02 2.948975229896385053e-01 2.664316253808188817e-01 1.794234698454942600e-01 -1.509051666104167799e-01 5.587047968152861754e-01 -1.324910861681593832e-01 -1.275711111937005149e-01 2.404792662312278950e-01 5.817278522111470895e-01 -6.412790071428636773e-02 -9.396803193474587146e-02 -1.156429304428070876e-01 -2.463873068153463186e-01 4.006076217939891215e-01 5.177682271498826871e-01 1.517187642576943718e-01 4.690176849559820060e-01 1.208576447081298882e-01 1.212518977712560009e-01 9.274642435642746485e-02 1.958952498820468457e-01 4.463519751821252712e-01 5.251641675054059544e-01 -2.884083996507147973e-01 1.748088388305119867e-01 -6.856150618029148436e-02 2.432683978280202053e-01 6.947579054479166016e-01 -4.784999785390364573e-03 4.978346251820404966e-02 -7.051326921200017084e-02 2.124843922876505642e-01 5.001744729585083649e-01
8.476897090773329035e-02 -1.257621387767310916e-01 1.342859116071701553e-01 -1.799909983704923722e-01 -1.438087477212179333e-01 5.198732639761244334e-02 -2.728068227194610507e-03 -1.164999281571930945e-01 5.826821075872176681e-02 4.159976127635128251e-01 5.825864844111744434e-01 1.000000000000000000e+00 1.731652039437520940e-01 -1.083880918474148108e-01 -1.066394266182982553e-01 -1.202742454785195592e-01 9.976890797916819487e-02 -4.365155299896431029e-02 3.891924657289214801e-02 -1.111584131296168287e-01 -2.544278343529711717e-01 1.036070619468524162e-01 -2.631075626451304106e-01 4.873583108027706445e-01 4.847459006615375543e-01 5.223053331007890820e-01 -7.354378004281948711e-02 1.145189815849841086e-01 1.362019723205384891e-02 -1.687573040223155074e-01 -6.551736580945467792e-02 -1.112048017217967810e-01 -1.775750932868883636e-01 4.748410934720191656e-02 1.642775304750986043e-02 3.909172419639947438e-01 2.980044038715743970e-01 -1.150929035921351706e-01 -1.681241410221869237e-01 1.535860982325433499e-01 3.103313311458805734e-01 4.119713434713452305e-01 4.132546487317697581e-01 1.279907615523600550e-01 1.601815178810763185e-01 -1.540160156766929855e-01 -1.883921747402052815e-01 -2.808699766222051419e-01 1.053707346895973729e-01 1.500564410322719755e-01 -1.040363417336073563e-02 -6.730887116086572974e-02 -2.146995117733410119e-01 -2.542604704497450907e-01 1.678688200615250162e-02 8.998627547896762002e-02 -8.514610655320245525e-02 5.480244165285089175e-02 4.243853505295136497e-01 7.641731219238575568e-01 7.227016162982755620e-01 2.414570689166033179e-01 -9.181070317411602066e-02 -1.738924812729114866e-01 -1.911002083197207713e-01 -1.631229047259937504e-01 1.554408411718834204e-01 5.236040627633667226e-03 -1.036756922058125890e-01 -5.807020578144003048e-02 -2.285599594148358116e-01 2.818529573852488479e-01 -2.235115860086366313e-01 -1.420060020001404251e-02 4.092762806680885768e-01 6.165222525848312873e-01 -4.992154192014390535e-02 -9.659963664187377896e-02 1.405023347303093612e-02 -1.664717887845527933e-01 -1.392368103830683192e-02 1.631175271647964664e-01 2.011470209226254580e-01 2.380913980657403950e-01 -6.410925141646741689e-03 -1.221422716806897235e-01 8.006370373575166788e-02 3.127409371388723686e-02 1.948035288439853296e-01 3.741988830106653952e-01 -2.074682748318741332e-01 -3.796318958005634459e-02 -5.184347093447612409e-02 2.949735031885417635e-01 4.987004768277731870e-01 1.174295860139719233e-01 -1.068968976222140349e-01 -2.206491322019756007e-01 1.751635287232047311e-01 2.042316356226585028e-01
-3.524661248944597203e-01 -3.245059159936179993e-01 -1.882019511402066858e-01 -2.961126806439418752e-02 -1.751719638202573620e-02 9.411521277887509307e-02 -2.936653091230254781e-02 -1.517805697724886327e-01 4.536429596949925758e-02 -1.866298635247070903e-01 3.912770959832391759e-01 1.731652039437520940e-01 1.000000000000000000e+00 4.231438834141006411e-01 3.668635165570817147e-01 -3.123662354237635719e-01 7.126440985665215555e-01 4.488228611725726958e-01 6.230947940333640966e-01 4.875997589708188085e-01 2.862079014823085132e-01 6.222064723809316300e-01 3.735867147340954375e-01 4.058104359978941256e-01 -1.489915869012766181e-01 3.024715701401181067e-01 2.429244266803818608e-01 2.531075483122448566e-01 4.637900182328424381e-01 3.212708387544549460e-01 -2.365307721178067923e-01 -2.039751595735899425e-01 -2.712136402764103171e-01 5.725417802875548690e-01 4.910514193978205988e-01 2.185536719114449522e-01 2.360851913460045026e-01 -2.750519187578561175e-01 9.115777651873818721e-02 -5.674204418193377897e-02 3.423970786115573262e-01 -2.174531535981312491e-01 2.922375220030494769e-01 1.286919777720641755e-01 -3.649609263374587603e-02 2.042434478703963330e-01 3.600736232113506685e-01 2.184852051403829154e-01 2.096979177202539513e-01 4.423181274118320183e-01 -3.760904956645741426e-01 -2.643689320101438867e-01 -2.261432846160260635e-01 -1.556069821425716364e-02 -1.059734149357872829e-01 -9.300397283087945277e-02 -1.173533760328846348e-01 -3.798663926872684199e-02 -2.634840333310433103e-01 8.119737971010627942e-02 1.983702805751479947e-01 7.675332972104276230e-01 5.596087070489765836e-01 3.643090544145583531e-01 3.774192698090544917e-01 3.058943363815624927e-01 -1.182629725538985183e-01 6.191553175718687019e-01 5.609518393534042024e-01 4.751369804845979039e-01 3.562959742771274474e-01 5.685006959208536159e-01 2.939117440762222255e-01 -3.858980290085498727e-02 1.009401553443853433e-01 1.060620564132297265e-02 4.174914305162772954e-01 3.218346151454691828e-01 -2.060722619121136967e-01 -1.757603435527352320e-01 4.621627280159051332e-01 3.912055220632603136e-01 -1.021633580071661385e-01 3.726278977455547703e-01 2.897754683885170324e-01 3.844436434022839300e-01 1.948742498335611639e-01 1.618611380674319644e-01 5.184422993038858563e-01 1.068197908142798358e-01 -2.354794051606505512e-01 -2.221547477775178206e-02 5.921485085187613850e-02 -2.172997726294372822e-01 1.715362962110862921e-01 4.380964205192128258e-02 1.344904980760121271e-01 2.119013759771811167e-01 1.972446999775659404e-01 3.304302685605711720e-01
-3.613559770455814224e-01 -3.684208366651477440e-01 -4.226471525762417469e-01 2.965841416410504583e-01 1.654224570234060776e-01 -1.760045319469231151e-01 -7.469788172090652267e-02 -2.046952660765160581e-01 -1.567507181670750940e-02 -4.576522125353147535e-02 -8.626035978117135850e-02 -1.083880918474148108e-01 4.231438834141006411e-01 1.000000000000000000e+00 8.509316900971363173e-01 -1.605459710351632985e-01 3.096028428599035265e-01 3.144492725103043562e-01 5.923946992170610049e-01 5.499539311608026004e-01 7.187412080444580686e-01 1.790259375849420076e-01 7.420971642375311372e-01 -8.867289753748293368e-02 -3.486050742163472327e-01 -2.077149706951388619e-01 4.379379804781233787e-01 2.250639497098693154e-01 4.442768230158763432e-01 7.217470045251335176e-01 -1.148606146581073600e-01 4.467628527671638899e-02 -9.485243175992885689e-02 2.588355831104905969e-01 2.473563714751051967e-01 -7.178798248122938985e-02 -1.705446442310812327e-02 -2.940092034367157714e-01 2.416381621786175826e-01 5.740702025167385147e-02 -7.008009560828042106e-02 -3.547478005118721023e-01 -1.470255578723085876e-01 2.068450880919971147e-01 -1.827571921322313497e-01 4.675626344455369732e-01 6.065987754780562957e-01 6.522371063361307453e-01 -1.086587928191170005e-01 9.264662232641433792e-02 -3.123181988361635186e-01 -4.183141384199800528e-01 2.911544169817381622e-02 2.592659202158826837e-01 -2.809960950705626681e-01 -2.575645870958624961e-01 -2.490393234940547484e-01 -6.020220078124383090e-02 -1.068474493459204144e-01 -1.727029446259496503e-01 -6.797284346971320390e-02 3.375826981958963136e-01 6.875819918276458997e-01 8.100945665671976936e-01 7.934199979290142979e-01 7.972054392138659962e-01 -2.062667364493208644e-01 4.270621720077694694e-01 4.600240346970671523e-01 4.140460495716103972e-01 7.329700598122335098e-01 1.360432008981294627e-01 7.170652501249841215e-01 8.343726695435305096e-02 -6.294146944635647944e-02 -3.232812187861553443e-01 5.282969179826605410e-01 7.611423511185664292e-01 -1.433685039820432015e-02 3.917443510577336974e-02 9.292826697162903660e-02 -5.521786655437530000e-02 -2.735612881887450887e-01 -4.318205945953240005e-02 3.627992265990980791e-01 5.483688114236738853e-01 1.539323731258444850e-01 2.269193225666121458e-02 2.106168841067290465e-01 -2.851086289112568228e-01 6.862187022009665419e-03 -4.039261821901506955e-01 2.743310817791880796e-01 -4.058317884494898609e-01 -3.319029167019172388e-01 2.510345074510106911e-01 3.557477705808591573e-01 6.052746413516061352e-01 -8.877714666064834281e-02 5.020212355718744329e-02
-3.886355210626482592e-01 -3.779606595185685536e-01 -4.395575746063604683e-01 3.520529073531276087e-01 1.918574103547681098e-01 -1.900524133859322340e-01 -9.279107109709609780e-02 -2.473786857497036196e-01 -8.917645973226811726e-03 -8.687226933859583389e-02 -8.638180508859433226e-02 -1.066394266182982553e-01 3.668635165570817147e-01 8.509316900971363173e-01 1.000000000000000000e+00 -2.053189357597717257e-01 2.575230406959059803e-01 2.914877249267212589e-01 5.416260026619943435e-01 5.995794957714152273e-01 7.315032074204436130e-01 8.159645405156844278e-02 7.530833627374804440e-01 -1.182634991249469497e-01 -3.292683472251904941e-01 -2.283376712924549967e-01 4.194413865471013358e-01 2.798984648923982799e-01 4.711543581205567821e-01 8.071177033050906946e-01 -1.491777215542176016e-01 6.570568919357731852e-02 -5.935004353743198596e-02 2.555428789064107531e-01 1.998369181695663632e-01 -3.158966378542697045e-02 4.589564173647139173e-02 -3.224521159452214403e-01 1.847533257975246812e-01 1.561863327688996043e-02 -7.192919606659940734e-02 -3.880696009993942486e-01 -1.718358150290584252e-01 2.273145383516698148e-01 -2.008698145697428716e-01 5.016400224054511359e-01 5.840784551513653611e-01 7.119081422534242476e-01 -1.243852570701282773e-01 1.430414876336422447e-01 -3.122709433900806575e-01 -4.407166956064093033e-01 7.592816832263864224e-02 3.236882963982114503e-01 -2.922027983575458676e-01 -2.694693824684250560e-01 -2.787681172400987561e-01 -7.959302520962487082e-02 -1.231738967619670222e-01 -1.573891960517052879e-01 -4.570699003132243365e-02 3.032920449569546095e-01 6.608368121564063280e-01 8.132646587322741594e-01 8.235292861241847451e-01 8.958164215505959316e-01 -1.838668816896190938e-01 3.571654227470391074e-01 4.343559769903012069e-01 4.235337590771079963e-01 7.854458994147887063e-01 8.308486344836500670e-02 7.667274180991041632e-01 9.882512494112169477e-02 -9.800425219131943255e-02 -3.383845877702258975e-01 5.570863437980337896e-01 8.186908652604975023e-01 -1.866142632412153002e-02 1.051982583073486632e-01 3.525188384286700310e-02 -7.495757932829272274e-02 -2.619711226722535313e-01 -5.840387041918471134e-02 3.518466863884435747e-01 5.326380770564342892e-01 2.008543146928297718e-01 1.081417147772946322e-03 2.576750773984319287e-01 -2.674061350125292447e-01 7.989106740058191103e-02 -4.244681897542031401e-01 2.927124483351218887e-01 -4.388601165580078289e-01 -3.649775222299946886e-01 3.017813707987550553e-01 3.619429628926885134e-01 6.841423506700669011e-01 -8.387648481434148429e-02 1.161418165724521501e-01
