1.000000000000000000e+00 2.080401334197474750e-01 2.405353350238750021e-01 6.133143005138050330e-02 1.988830512504912162e-01 2.670518200837517231e-01 1.141034211483611810e-01 2.538912888910525023e-01 1.383731172790436670e-01 2.193028915657048994e-01 1.468465930050378565e-01 3.998071678025092411e-03 -7.345197836747576967e-03 -1.829719292398129249e-01 -3.120730628084926739e-01 1.959289849798623029e-01 -1.123828807736440422e-01 1.270919922953986647e-01 -1.869664139517855095e-01 -5.301373918971439420e-02 -2.519793790733698136e-01 1.731110433552125738e-01 -1.944914249206294021e-01 6.757272476335203504e-02 2.292442738683197478e-01 1.846515216462920120e-02 -1.411571435786649065e-01 9.990031624899012655e-03 -6.812957327025639942e-02 -3.462887635454641733e-01 -6.719884283849832281e-03 -1.204449413104743127e-01 -1.473571161866412960e-01 -7.697529171211899002e-02 1.291585306553453584e-02 7.061483079929449513e-02 -1.085548904337706594e-01 3.627350727214684878e-01 -8.812762094663618984e-02 8.885490191618905520e-02 -7.408556195435545000e-02 1.498355722081690655e-01 -4.136607136851342542e-02 5.421008531833571703e-02 1.618040805689514167e-02 -2.479579046883067239e-01 -2.935951251809972296e-01 -1.443778833068203316e-01 3.892867918196851740e-01 1.507562468021945989e-01 4.328387557546899966e-01 4.458517524329070891e-01 -1.409844561308747600e-02 -5.322698060661551489e-02 3.189322843388427420e-01 2.832761391346616531e-01 2.185312384888497272e-01 1.516654535254678970e-01 9.798836487179930776e-02 7.657044186609981984e-02 -6.381294505828265587e-03 -9.804798203861689321e-02 -2.468002574776333446e-01 -1.817488688517450712e-01 -2.926160734379686934e-01 -2.929970261419275190e-01 2.234059353909173262e-01 -1.068096167141971142e-01 -2.246481805450824820e-01 3.642859397351815715e-02 -2.725034158443263022e-01 1.024819344595598869e-01 -2.077570749885783441e-01 6.503330454736480637e-02 -1.198936155414759112e-02 7.364032256301707158e-02 -1.182052681937380834e-01 -3.128578334936421013e-01 -2.691750012919828534e-03 -2.049359142195325556e-01 -1.604921785536162493e-01 6.125481499407712388e-02 1.409286867079486694e-01 6.041033861262605498e-02 -8.679292360372588278e-02 -2.882351226529755728e-01 -1.259850704170418778e-01 -9.672247791299330710e-02 -4.013512900926866078e-02 -6.871353292630289974e-03 1.426019379664241471e-01 3.709688285828726673e-01 -7.907913950683879978e-02 2.326063255714917455e-01 -6.797315193581399129e-02 1.166490753107106010e-01 -1.285538170476208664e-01 -2.135858019826213927e-01 3.595621447157537065e-01 1.999809377360669826e-01
2.080401334197474750e-01 1.000000000000000000e+00 5.202578524677431426e-01 7.001647626916571721e-01 7.488689220726175710e-01 5.372341292407013524e-01 3.664069180097664913e-01 5.991342983340000039e-01 5.150923303102805662e-01 -2.725751050857230240e-01 -1.031368175764937750e-01 -2.215876607267513732e-01 2.567363357246356670e-01 3.504243566398233534e-01 2.359186066010761640e-01 3.110412260243969329e-01 1.450564605608223034e-01 2.398904054950211917e-01 2.403831294313042988e-01 -2.842866394202686608e-01 2.449503487018075409e-01 1.288583468421007072e-01 1.669282980820720186e-01 -2.356763894383679878e-02 -2.417750775720005907e-01 -2.373455701693686637e-01 -3.000622470613182879e-01 -9.205166195924317438e-03 1.301017180479832613e-01 1.306571498302738499e-01 -2.379042712891503986e-01 1.336060523612418449e-01 -1.250891581789400492e-02 -1.539002736633892643e-01 4.881668175205664678e-03 -1.320602060053297222e-01 -2.610098269673244986e-01 -1.594688322639893630e-01 -1.573053655171461063e-01 -2.592356195972732591e-01 -3.226964713079020775e-01 -3.665362379274367255e-01 -3.043451837523545311e-01 -2.230234395760989918e-01 -3.899623407593468261e-01 -3.309822299338419788e-02 5.633614266271074617e-02 6.415965158984264505e-02 1.703187983845711462e-01 -3.337961018007910147e-02 2.742647545172174905e-01 6.786648300241133747e-01 4.440260716870365054e-01 6.102982080951010468e-01 6.461929439318622181e-01 3.459915953515159126e-01 6.018683038476423386e-01 5.727558146981261977e-01 -1.985544981876849469e-01 1.248670448754822110e-01 -3.155479832746317659e-02 3.172520021759193121e-01 3.264675999833376863e-01 3.617662082384914268e-01 2.879010175440575026e-01 2.430767669848707679e-01 -5.336445461203857127e-02 3.059799037117605369e-01 3.955854153129158279e-02 1.769778636910526171e-01 2.075272962448011516e-01 2.374876646218335996e-01 2.896821821965091526e-01 4.313549501912139483e-02 5.483853189931605504e-02 -2.428844588306122709e-01 -5.165811387513599001e-02 1.399264679003381362e-01 -1.375633359891229035e-01 1.454698109653570770e-01 -1.073690341393048614e-01 -2.225216272643717741e-01 -2.932813654960495509e-01 -2.273127068693045136e-02 -2.047812311803738905e-01 5.473744320141030184e-02 -2.779365837281405627e-01 -2.728032614197775652e-01 -2.535539051627208051e-01 -2.226597071102262293e-01 -1.270174866313106554e-01 1.790444247601744032e-02 -4.819555649942491166e-02 -1.705965878436691285e-01 -3.374693096923446212e-01 -1.621756089279594304e-01 9.099188947413400230e-02 -1.181944681373572675e-03 1.793792658803651241e-01 -4.587010923512943594e-02
2.405353350238750021e-01 5.202578524677431426e-01 1.000000000000000000e+00 2.532907860755255203e-01 5.067694540166212125e-01 7.258541849571218396e-01 4.965696017191928435e-01 6.045547955670268481e-01 7.131910641959204877e-01 -1.728676875802313481e-02 2.833821760575234161e-01 2.302425975147114057e-01 4.034715162627531826e-01 3.812645006029336536e-01 1.663811122326554759e-01 5.362337810119787232e-03 2.279435150041696501e-01 2.236454083638942658e-01 2.521769100588887036e-01 -2.048166721434832582e-01 4.635089791610044058e-02 1.997991086035779407e-01 2.730237145707871127e-01 2.509527279861108462e-01 -1.675443784928911384e-01 1.525896773073536772e-01 -5.889701027611072420e-02 -1.802344734124498027e-01 1.627260153867976233e-01 1.170999381006149059e-01 -2.971773092970515506e-01 -1.918386003951796370e-01 -3.044743973322467934e-01 -1.491979046723627272e-02 7.881165886460443637e-02 6.013298409427755842e-02 -1.374254129574811190e-01 -1.006835844842228767e-01 1.797418838447870648e-01 9.294343513055626504e-02 -1.494001624348405555e-01 -5.878475940587781640e-02 6.143998885786165071e-02 -7.251220745792219535e-02 -1.668429080262741615e-01 -8.990016388407454095e-02 8.114797409474235057e-02 4.758819222156612100e-02 2.750119509554759811e-01 2.534823130097413162e-03 -2.815472448833491320e-02 4.848525664076568931e-01 7.112034200104908055e-02 8.665108256868593595e-02 6.845289070231199702e-01 7.349069709295273922e-01 5.533366777438026851e-01 6.865767010197728615e-01 9.067432079179406357e-02 4.822980875048750171e-01 3.977653496944564826e-01 3.808095540402787749e-01 3.364548132871243435e-01 3.880467167461684186e-01 2.083522639396265530e-01 2.418699343769782073e-01 2.999601178588665040e-01 3.069184217377802226e-01 4.681198405884964137e-02 1.622122398732419035e-01 3.195320833427164886e-02 1.897656116571138363e-01 3.003956423863211600e-01 3.572735702121201395e-01 1.746868102816625801e-01 6.613655508570219499e-02 2.144629473579407267e-02 7.065980080481557013e-02 -2.900070315124450571e-01 -8.823567079107486055e-02 -1.254204696589602264e-01 -1.781100445360402351e-01 -3.286009771500827958e-02 5.022469264776228959e-02 -1.279401486216535759e-02 -4.517880268282967876e-02 -2.140321903390146885e-01 -2.456115917143373295e-01 -3.994612799508152207e-02 7.876686388169422404e-02 -4.006535803475824165e-01 2.150750333209305518e-02 1.459310548385636674e-01 -1.121262373178302102e-01 -6.557946626385392774e-02 -6.851202997171323972e-02 5.183496602617679999e-02 6.075094392305738222e-02 4.634501343926196171e-01 4.486716706230814422e-02
6.133143005138050330e-02 7.001647626916571721e-01 2.532907860755255203e-01 1.000000000000000000e+00 6.991766791744493670e-01 3.056618495071679042e-01 1.856058837752721236e-01 4.542682880669859369e-01 3.525610397135125473e-01 -3.205763778064794622e-01 -1.628267054478153564e-01 -2.494747509268436803e-01 1.532391945020222801e-01 2.996356392319242667e-01 2.661145708125549625e-01 4.115399127233161924e-01 1.328564184711356899e-01 1.549358039314193414e-01 2.081627680300371652e-01 -3.132409844953634726e-01 2.383791813359418810e-01 1.634046529662636776e-02 2.034723322022213288e-01 -1.293959108921838574e-01 -3.038368292921346803e-01 -2.597176530660877392e-01 -2.872817830428093799e-01 -8.790058472293341141e-02 9.800333355471163577e-02 2.295162802033846039e-01 -9.005662544748561926e-02 3.171828675978229928e-01 2.561747095974939437e-01 -1.288099614953596705e-01 -1.560758954978463085e-02 -1.502600786151409573e-01 -1.534608216028453265e-01 -2.187810407268765134e-01 -1.920777142598884546e-01 -3.535994319664613750e-01 -3.291086809948567948e-01 -3.324524364361587936e-01 -3.141742233310839683e-01 -2.478764844181591820e-01 -2.936979529332180983e-01 -1.622084391159423974e-02 1.173941769636298038e-01 8.245711918491506476e-02 5.875565928671535459e-02 -1.123277742015897918e-01 3.643136131834130431e-01 5.470203990775691638e-01 6.370873319978145322e-01 7.942336892817523086e-01 4.755688027040189114e-01 1.500887291428397718e-01 4.968434440379660977e-01 3.922648303726660735e-01 -2.682185489113741439e-01 -4.451646626443299393e-02 -5.854688174229344400e-02 2.550146645827480185e-01 3.288453167542004230e-01 3.063349940432796847e-01 3.000746141130493094e-01 2.456886230249975267e-01 -1.956897361060968843e-01 1.816608063440550980e-01 -2.408647088224502922e-02 5.052386809847290994e-02 2.153374728673594640e-01 5.282413296783371875e-02 2.771418795744461372e-01 -1.136903854944725650e-01 -9.793009820871086124e-02 -2.801864039252103256e-01 -4.778670254759295744e-02 1.811991650735791104e-01 -2.585688392778320507e-02 2.885394608225451685e-01 -1.750159832526347048e-01 -3.910261485741218235e-01 -4.096855266637989268e-01 -1.188024638687216472e-01 -2.951410719155970752e-01 4.436423920597834525e-02 -1.868301054667817207e-01 -2.972586988380611084e-01 -3.292472392761969791e-01 -3.493910257104371753e-01 -4.452104907101014919e-02 -1.710131019783495132e-01 -1.680840025070720889e-01 -1.112781867427362903e-01 -3.132873685598485669e-01 -2.442793968374555036e-01 -5.164196810423521931e-03 -5.259977704077055394e-02 3.478669759185282206e-02 -1.814684900000237411e-01
1.988830512504912162e-01 7.488689220726175710e-01 5.067694540166212125e-01 6.991766791744493670e-01 1.000000000000000000e+00 5.035147570908148351e-01 2.644237742540622715e-01 5.650433162192555203e-01 5.465123294756845107e-01 -1.950010519433054978e-01 1.133479735833267665e-01 -4.055979283203348107e-02 2.957538153660431712e-01 2.618233059884183533e-01 1.292392704280655447e-01 2.296028487103222993e-01 2.086358033013588076e-01 2.481624000056741330e-01 2.032331852848717757e-01 -2.903590018859083521e-01 1.186469186757098948e-01 2.237230560440499338e-01 1.608910354183363811e-01 1.517076381374241334e-01 -2.946240768933744980e-01 -5.888007174836908109e-02 -1.727407991920924812e-01 -1.513975447268692542e-01 1.639318821396178461e-01 1.082223622920940181e-01 -1.491374940472317279e-01 3.256593525168817449e-02 -9.650038899207619494e-03 -6.730442331504117581e-02 1.444480846391822393e-01 -1.231979229455704428e-01 -1.777939557520103186e-01 -2.533699792458596889e-01 -1.825272477733841936e-01 -2.742349565513523824e-01 -2.667839167608240247e-01 -2.729082021584908202e-01 -2.118608260400073051e-01 -2.370331335252519878e-01 -3.299376032511005530e-01 -9.854913411842193549e-02 7.900156947647733741e-02 1.989996567954463447e-02 8.946543474897870885e-02 -5.577345930206048519e-02 3.136263721414379035e-01 6.471911903446093683e-01 4.548417733952218600e-01 5.506904191420816108e-01 7.219399845564785645e-01 4.150046056238679837e-01 6.275722918270710826e-01 5.778014047116413199e-01 -9.767624098250213271e-02 2.657957445133650731e-01 9.810567188534001504e-02 2.806644266063005322e-01 3.100320505976782437e-01 2.929248030588294527e-01 1.599465198709233149e-01 1.661933107503617557e-01 1.072939898729916297e-01 2.080906687323191839e-01 1.035905266494588362e-02 1.919310794056919289e-01 9.954718632842049497e-02 2.514977480841993351e-01 2.648209233212273639e-01 8.080522001577447599e-02 1.379432779507974161e-01 -1.314279102063302673e-01 2.673772216000281504e-03 7.558143808845814438e-02 -7.212567409336108348e-02 1.672161735756366036e-02 -1.460015260830469508e-01 -2.622429692631957909e-01 -2.174779247851041375e-01 8.406736200648808055e-02 -9.726831561123744363e-02 4.963486819079780676e-02 -2.473719579149302461e-01 -3.157147215248508609e-01 -2.158150496788042161e-01 -1.171529535246986498e-01 -1.594581137006275962e-01 -1.980608799592287195e-02 -8.000539705692201464e-02 -3.597139839335661976e-02 -2.508332963068793942e-01 -2.140492878985340297e-01 4.585127671760731716e-02 -3.734590426854115380e-02 1.778564244995770316e-01 -4.962054170771615369e-02
2.670518200837517231e-01 5.372341292407013524e-01 7.258541849571218396e-01 3.056618495071679042e-01 5.035147570908148351e-01 1.000000000000000000e+00 5.779539024402486902e-01 7.311694556362897668e-01 8.177905841589160341e-01 1.685781698282977359e-01 1.777980078117188112e-01 1.771162048372411368e-01 3.106268063803633295e-01 2.659745770880521665e-01 6.433532637741429250e-02 8.308503828314200979e-02 1.153331337784099520e-01 2.890842102407394365e-01 9.606840780726524920e-02 -1.578387619552816812e-01 1.145918849559378512e-02 1.869040970306929672e-01 1.319235939730045715e-01 1.680399422120207042e-01 4.896903767669198715e-02 3.241648158606360436e-02 -8.177788223741802587e-02 -1.487085565634349571e-01 5.903097860858442202e-04 -3.308339787202025511e-02 -2.978804970818584863e-01 -3.056035001038111543e-01 -3.790012703181780407e-01 -7.710830858777224794e-02 1.091847940208481998e-01 1.767220993221305381e-01 -1.815475451935300855e-01 -2.093226025802541815e-02 2.407123694985988382e-01 1.829027340934905876e-01 -1.569996843442963697e-01 6.521846772031907047e-02 -4.058138957587437493e-03 -7.557731669166352362e-02 -2.147521347433370142e-01 -1.841342027492312017e-01 -6.274127993288389216e-02 8.802066632772727328e-03 4.581010939993249709e-01 4.431617796319180930e-02 4.463640319862138828e-02 5.343870715515699477e-01 1.134845440053515869e-01 2.077889017909780311e-01 7.964301505647433110e-01 7.892932932950683655e-01 6.502176209112946470e-01 7.894687349395491660e-01 2.206335998117482655e-01 2.635068348672794936e-01 2.286891498259985278e-01 2.790831950201981826e-01 2.841367616401733187e-01 3.396846141376023698e-01 1.320122704126853730e-01 1.283433468768399865e-01 3.552452215309007677e-01 1.769251712851884484e-01 -7.720027233628333485e-02 2.177694783393183953e-01 2.014348638726749796e-02 2.095866883613722031e-01 1.591064724562463173e-01 4.182883075349100310e-01 1.410248801614175651e-01 9.233093162084647643e-02 -8.940047657876909470e-02 -2.186049709816249159e-02 -2.489605778903782873e-01 -2.089577204501424090e-01 -1.479550552368566751e-01 -1.270493829323877388e-01 3.496236557502195585e-02 6.317689411339451333e-02 -4.444411788388859252e-02 -1.222042072839147342e-01 -2.076669434596551955e-01 -2.453848151748603545e-01 -4.194317087532994925e-02 4.541092050736031394e-02 -3.564453023384580033e-01 1.261795822619536378e-01 2.325970560834202394e-01 9.372573176050121024e-02 -4.267216710704337806e-02 -6.179648132076130673e-02 -3.187050702886028847e-02 -6.903527050721142144e-02 5.586084174181271678e-01 6.060795242947685652e-02
1.141034211483611810e-01 3.664069180097664913e-01 4.965696017191928435e-01 1.856058837752721236e-01 2.644237742540622715e-01 5.779539024402486902e-01 1.000000000000000000e+00 6.398542655340817564e-01 5.619073735472719378e-01 1.391909421228442745e-01 1.424516730865281189e-01 1.474171133061610017e-01 1.749541751747986928e-01 1.859528487523073592e-01 1.033597588084776420e-01 2.423919828321139391e-01 8.467914492087262601e-02 3.820565296377891884e-01 8.763617689084679530e-02 -2.089165471088489864e-02 1.727563260776771581e-01 8.207283808923278301e-02 1.936968130717951486e-01 9.663330059707168906e-02 7.908552394428280952e-02 2.976674307293652316e-02 8.693602981465833879e-03 -1.977578113137836158e-01 5.853921956549285738e-02 9.312136497549861058e-03 -1.932917691464554055e-01 -1.573457551175390101e-01 -2.203034766143259215e-01 -5.584576775291701795e-02 4.489338690546814531e-02 1.000731486008488158e-01 -6.185732144670765681e-02 -9.392902629230733338e-03 1.888516073432798814e-01 1.909470310271388360e-01 7.259944060653991324e-03 1.631335481554622296e-02 -3.037965549714927160e-02 2.647876385717887714e-03 -4.007169991377942941e-02 -1.218637106253662034e-01 -4.984477094213871778e-02 3.486781708653145101e-02 2.641551031810972505e-01 1.498264647678046110e-02 -3.676892368052810806e-02 3.605987095584114455e-01 1.585279297281692035e-01 1.531203920279482766e-01 4.684635459641951494e-01 4.682002651514797220e-01 6.022655362510282995e-01 5.565347832422763430e-01 1.765886117385049026e-01 1.568620104320058994e-01 1.818152507134084828e-01 2.093559559868569120e-01 1.445407289930314976e-01 2.550130501950344519e-01 1.205848405124998607e-01 1.633715482365299954e-01 4.264175428772598586e-01 2.245567085158399756e-01 -9.286845286081424344e-02 2.356380501752434742e-01 1.897596839048873441e-01 1.581777698249483000e-01 1.875303029888608641e-01 3.812291146391327268e-01 1.067238280803032430e-01 -2.335251409067580584e-03 6.026143265075602391e-03 4.263883734978540091e-02 -2.083012243236689875e-01 -6.781416080718058459e-02 -7.402245264456909501e-02 -1.236876474513741858e-01 -6.562152140881610807e-02 1.129416262175258340e-02 -1.450625719658607711e-02 -1.181264764697202291e-01 -1.001961076050323918e-01 -2.597374557266553530e-01 -7.650683078916727022e-04 6.183252523877073165e-02 -3.825163164881016375e-01 3.746752179209952155e-02 1.300401215311925707e-01 -6.052489398266457099e-02 -1.550171571360375589e-01 -2.678757140860858407e-02 4.089134805848250453e-03 -2.232016203543530503e-02 3.173055879197511642e-01 1.399208656930295107e-02
2.538912888910525023e-01 5.991342983340000039e-01 6.045547955670268481e-01 4.542682880669859369e-01 5.650433162192555203e-01 7.311694556362897668e-01 6.398542655340817564e-01 1.000000000000000000e+00 7.354565567023818584e-01 1.120157433790918144e-01 1.916769966797128300e-01 1.475958016149364338e-01 3.386396846548013762e-01 2.181488844971543883e-01 4.582224269915833453e-02 1.843274350565005382e-01 1.594012124320130230e-01 4.092862000959227586e-01 1.294506319463586685e-01 -2.376232510444573065e-01 1.209705294276084697e-01 2.403986916795939344e-01 9.918530330426120201e-02 1.831563771533249452e-01 1.279275550639791779e-02 8.332473588090012415e-03 -1.130544962998147746e-01 -1.584858112149036269e-01 4.344121196492118503e-02 -2.000477894375456492e-02 -2.801391239955118295e-01 -2.725169919525200490e-01 -3.278877093179133895e-01 -6.206996143016807466e-02 1.542946957291696508e-01 -4.246267515300129053e-02 -1.860818649415568182e-01 -9.877719093973190423e-02 1.376959191501630764e-01 1.216653866423154096e-01 -1.620548243524951582e-01 1.853397180000774386e-02 3.407741688618110497e-04 -1.276723853966071076e-01 -1.806290946388642016e-01 -1.601566867516554526e-01 -1.816113081181271877e-02 -3.266255220080772209e-02 3.104238370923297907e-01 -3.507827278144173833e-02 1.069021509992852947e-01 6.749670350859330314e-01 2.621318064616551258e-01 3.537936327013859183e-01 7.446107082021435897e-01 6.371905760033871324e-01 8.123064766199651343e-01 7.868453154036363362e-01 1.625741605979876825e-01 2.007347584259567830e-01 1.703010211939186558e-01 3.119140565524110009e-01 2.214251445705072985e-01 3.006113612533375390e-01 1.189292974341590592e-01 8.025766366370863658e-02 3.166141177497329706e-01 2.180295907079217721e-01 -4.195350247105514990e-02 3.112313446217404578e-01 9.407242960302014678e-02 2.969646903909568536e-01 1.393931904987357751e-01 3.834581817975180607e-01 9.733954489237106600e-02 2.593335867838628128e-02 -1.158487713724081214e-01 -3.471796485627373641e-02 -1.992587048517075188e-01 -2.071497259957406356e-01 -1.418447820210974319e-01 -1.438757228663239962e-01 -4.705758929840432939e-03 1.084235320669810765e-01 -6.105784238266060565e-02 -6.009203367950105568e-02 -2.313209979529045335e-01 -2.645368790876994614e-01 -2.078611603232584926e-01 -6.182009872679284507e-02 -3.198341407879471965e-01 1.217610365094382585e-01 1.273677489678357033e-01 7.740253411180687826e-02 -7.761877003661490915e-02 -1.228860859665755756e-01 -2.164486360682954871e-02 -1.219633216801919440e-01 3.710550389415628869e-01 -2.893728941053041320e-02
1.383731172790436670e-01 5.150923303102805662e-01 7.131910641959204877e-01 3.525610397135125473e-01 5.465123294756845107e-01 8.177905841589160341e-01 5.619073735472719378e-01 7.354565567023818584e-01 1.000000000000000000e+00 6.969199807938400437e-02 2.564856607852967207e-01 2.370246730594285367e-01 3.823179311514937617e-01 2.971149707543936924e-01 9.421197561484460914e-02 7.248961599456604787e-02 1.772216390225689608e-01 2.840773294219813283e-01 1.641217057579170968e-01 -1.549494160081887340e-01 3.662888102713841854e-02 1.763303303615590678e-01 1.542200053876709720e-01 1.946011861877814386e-01 -7.676668286007543029e-02 9.180605439179689853e-02 -3.356339062141945606e-02 -1.610470514785618257e-01 7.039888553035397734e-02 3.412951999671315351e-02 -2.119666681441858824e-01 -2.929613012915304182e-01 -3.145942161632095946e-01 -2.087011842077759680e-02 1.561876508264168628e-01 1.540110338601007878e-01 -1.121565593025636298e-01 -1.148642730629200193e-01 1.665820502063802833e-01 1.375532011825411349e-01 -1.178954475666353363e-01 3.994883114612236830e-02 4.600973964120681770e-02 -1.088532575305435068e-01 -1.594812892455458875e-01 -1.389217742423808633e-01 -9.415318538158573905e-03 6.476388533385628657e-03 3.383377536451817602e-01 -4.859367774131877378e-03 5.844542578992840964e-02 5.257570081609305168e-01 1.708107799570525442e-01 2.354870765925294596e-01 7.431445531254914361e-01 7.581582673211880730e-01 6.553857468230269712e-01 8.305949241412539097e-01 1.739500335369901507e-01 3.331293512722641736e-01 3.102166264383478533e-01 3.732842957508534232e-01 2.976265706514769627e-01 3.970283216082941546e-01 1.495601490509775033e-01 1.525920176763645997e-01 3.306125876281374998e-01 2.420562991807358177e-01 -3.849993595220827652e-02 2.123600251505893821e-01 3.738876239471457252e-02 1.916725345660405533e-01 1.767851438173391188e-01 4.256008271261138010e-01 1.304811247682299835e-01 6.356118467779671433e-02 -5.637244516585911136e-02 2.406061263497458799e-03 -1.954334746353168784e-01 -2.156576890907046795e-01 -1.302902302273382662e-01 -1.565401500159546155e-01 3.212397382127436980e-03 7.272035563668363678e-02 -4.717641017314722421e-03 -1.096189475082771092e-01 -1.809517658633200132e-01 -2.261010990230395978e-01 -2.187407416169480714e-02 6.157884033070683966e-02 -3.541313005751592913e-01 9.155877095356669548e-02 2.077698838429285488e-01 5.140048124260931245e-02 6.575577068375459792e-04 -9.691997035030291974e-02 -4.357885920321738493e-02 -5.663745601717076056e-02 4.844929391274792607e-01 -1.130536374768848027e-03
2.193028915657048994e-01 -2.725751050857230240e-01 -1.728676875802313481e-02 -3.205763778064794622e-01 -1.950010519433054978e-01 1.685781698282977359e-01 1.391909421228442745e-01 1.120157433790918144e-01 6.969199807938400437e-02 1.000000000000000000e+00 4.731813359617229042e-01 5.338219745164132224e-01 -8.298952347333471424e-02 -3.980333959975026481e-01 -4.611557920999485027e-01 -1.200581786971511022e-01 -1.661579787960541510e-01 -1.244920457240488582e-01 -4.271792718672113853e-01 -6.965042444335932392e-02 -4.688153268974785681e-01 1.283784367234301893e-01 -3.038101082728865143e-01 3.296184728135910791e-01 6.282070045562010430e-01 3.260925569041993599e-01 1.095090831544435483e-01 -8.831782306785572467e-02 -1.537758261480833000e-01 -3.832899786104103090e-01 -4.015290546224493939e-02 -4.642988893092961367e-01 -4.065401649226974556e-01 -8.972769223964950636e-02 8.867439161641600676e-02 3.798787680218017326e-02 1.770885919112678841e-01 3.188096054241184585e-01 4.055074609805049413e-01 5.544584158992812428e-01 6.638462297890526664e-02 5.935629396841537453e-01 3.727324786347778751e-01 8.118201733424126876e-02 2.340089794630480224e-01 -2.522889017935990852e-01 -3.497388597277863442e-01 -2.087486297950336966e-01 1.715706791738264292e-01 4.734373874691348572e-02 -2.007120012880478921e-01 2.854599019677452054e-02 -2.965857167418164964e-01 -3.105921259896768372e-01 1.283113194393558643e-01 2.463850366805574177e-01 4.715451862285098550e-02 1.209117521395910652e-02 7.614466255195456723e-01 1.035201095176218472e-01 2.363644783230426927e-01 -2.294912482920133390e-01 -2.958841193316927853e-01 -2.534979938492757934e-01 -4.794983096689715008e-01 -3.902805578457775315e-01 4.392123780698929392e-01 -2.753653481693171812e-01 -2.288407892284270162e-01 -8.958832809571291855e-02 -4.231592658171339782e-01 1.193921001698172307e-01 -3.557150152251001285e-01 3.866366972049139483e-01 1.900836466021348370e-01 5.854448573216911589e-01 -6.767039366811826440e-02 -3.591636874126390433e-01 7.255570054475378450e-02 -4.357857627319773330e-01 -9.282056825708989711e-02 1.297531652518994216e-01 4.879647801113640715e-01 1.429562164575027272e-01 1.284057956004063250e-01 -3.038597854871486481e-01 2.158149289517811431e-01 3.099731290753603152e-02 7.453228580252478121e-03 1.951371709722224956e-01 -1.281355831200531037e-01 2.923405623992413882e-01 3.357267301155235084e-01 4.736431447280757268e-01 4.815122308895036785e-01 1.489727931549087170e-01 -2.049439094845509346e-01 -2.862850726982457683e-01 2.062693687065731973e-01 1.156747822134472359e-01
1.468465930050378565e-01 -1.031368175764937750e-01 2.833821760575234161e-01 -1.628267054478153564e-01 1.133479735833267665e-01 1.777980078117188112e-01 1.424516730865281189e-01 1.916769966797128300e-01 2.564856607852967207e-01 4.731813359617229042e-01 1.000000000000000000e+00 7.287232009661142040e-01 2.671910224251548005e-01 -9.375195465476239554e-02 -1.926760937447325461e-01 -2.647461868857986511e-01 1.872001822544824001e-01 -1.249812757370391200e-02 9.502760455552134930e-03 -7.642550537273824773e-02 -2.745198254514175096e-01 1.840632387774892853e-01 -1.070490548433070399e-01 5.612389699229488604e-01 1.531427672258420802e-01 5.676601895399029374e-01 1.008442252914639181e-01 -1.422105253259630386e-01 1.876542336691137403e-01 -1.369542900794666895e-01 -1.681639337786211830e-01 -4.464555794712523618e-01 -3.976207247936057176e-01 4.067913263888702641e-02 1.885384368721063075e-01 -4.977919827827317900e-03 1.270628164955623085e-01 7.394229852022610183e-02 2.605020898663130691e-01 4.178799442725258384e-01 2.188600414160258023e-01 2.622361400380707752e-01 4.373409639583099584e-01 5.070096466106829153e-02 1.257162570004277669e-01 -4.357872221423002984e-02 -5.262789509651628200e-02 -4.554337578626524441e-02 1.423891126347110736e-01 1.416146419522935074e-01 -2.108817691996633381e-01 9.137006018267472551e-02 -2.405462649603309078e-01 -3.203490163389781098e-01 2.390902476693032574e-01 3.469049199994567179e-01 1.465505674940327796e-01 2.435593147346358789e-01 4.725616865550784640e-01 6.115436074720906889e-01 5.199975042668918412e-01 1.362546254250882050e-01 -4.832612384435057418e-02 -3.891178551614916242e-02 -2.587496360539319751e-01 -1.336337392229192123e-01 4.243307304449326356e-01 8.841811388358619683e-02 4.276491411281864788e-03 1.655612084629371275e-02 -2.885948732140990458e-01 1.724053300463121718e-01 -1.149498585634499692e-01 4.381626644747894095e-01 2.374990461796117058e-01 4.138655540766701391e-01 5.916902898499415420e-02 -2.097503669685742145e-01 -9.342344381232518813e-02 -3.930497821460561814e-01 -1.125667685379026367e-01 8.361039936529698902e-02 3.182769470343699836e-01 1.525026988398300032e-01 1.735921953081482061e-01 -1.397012661560953217e-01 8.286652581434773845e-02 -9.818872196210266801e-02 6.992593314292636086e-02 2.949148084208628173e-01 -2.504489117931576470e-01 2.081441433316457146e-01 1.679023833672231014e-01 8.008321311238399132e-02 3.342185605379748292e-01 1.464977361478129181e-01 4.519956764174969804e-02 -9.745394897939166357e-02 3.272120535960671428e-01 2.138923776106039232e-01
3.998071678025092411e-03 -2.215876607267513732e-01 2.302425975147114057e-01 -2.494747509268436803e-01 -4.055979283203348107e-02 1.771162048372411368e-01 1.474171133061610017e-01 1.475958016149364338e-01 2.370246730594285367e-01 5.338219745164132224e-01 7.287232009661142040e-01 1.000000000000000000e+00 2.946865506155993963e-01 -4.119610394785946234e-02 -1.341161643835886152e-01 -2.688197100963303776e-01 2.474921019002734590e-01 9.347595441358581836e-03 -2.686579903324427115e-02 -9.572349405918047227e-02 -2.691393952201985296e-01 2.487257155690434096e-01 1.994694659062775169e-02 5.468308993473094404e-01 1.741776764504507635e-01 6.965501204523323331e-01 2.013646114782403351e-01 -7.945863365820050872e-02 7.724618320721750309e-02 -2.509076849266068596e-02 -1.347000468008696106e-01 -4.187977657952392518e-01 -3.802453410440574944e-01 3.324593584427652099e-02 2.302051547510184926e-01 2.682004035907417649e-02 1.730645345793558332e-01 -1.272247682003173341e-02 3.558026041146564733e-01 5.206105251157874259e-01 1.281695045417816092e-01 3.280589645068522908e-01 5.448438499635511745e-01 2.704801080933291399e-02 8.896642338853921750e-02 -2.810338450062684415e-02 8.072560048075366063e-03 -3.459443230803277425e-02 6.359487202579874876e-02 -1.407464091784541710e-02 -2.409601409612265599e-01 -3.913335163333651716e-03 -2.364853553709134193e-01 -3.508369560831335332e-01 1.703619550541820293e-01 3.346552613309491941e-01 7.319171431380618043e-02 2.175798487332871456e-01 5.750918211387284762e-01 5.454107130567072970e-01 6.037261224492497247e-01 1.239099698993644388e-01 8.710228220781202763e-03 4.570242606504796440e-02 -1.599492299251033811e-01 -4.587064232754065052e-02 3.486263573878707889e-01 8.178896228110128785e-02 -4.702504939216521108e-03 -1.340899325374148715e-02 -2.444328323729923202e-01 1.894551914194522180e-01 -2.857093580833823185e-02 4.998908847015491319e-01 3.639051922220428170e-01 6.063060880957633625e-01 5.852500647317049332e-02 -4.523600871318049499e-02 -1.109836505100964404e-01 -3.466004480568473101e-01 -4.856357783010970680e-02 8.069843726947146731e-03 2.709115407855709479e-01 1.648243152012048574e-01 2.487708456438391946e-01 -1.472912033784360419e-01 9.233808318625148781e-02 5.282677204782610519e-02 5.041635491162888699e-02 2.693197768991798524e-01 -3.158993218259144031e-01 1.010761658173254529e-01 2.702475621509231041e-01 7.371821987249173314e-02 4.384583582117184686e-01 6.906605161248351166e-02 1.258836528564966951e-02 1.324012707854063317e-02 2.576755574264508741e-01 3.426623913313989883e-02
-7.345197836747576967e-03 2.567363357246356670e-01 4.034715162627531826e-01 1.532391945020222801e-01 2.957538153660431712e-01 3.106268063803633295e-01 1.749541751747986928e-01 3.386396846548013762e-01 3.823179311514937617e-01 -8.298952347333471424e-02 2.671910224251548005e-01 2.946865506155993963e-01 1.000000000000000000e+00 4.727383669685867873e-01 2.138686795164181920e-01 -2.954034481771532494e-01 6.655969260238038254e-01 1.774656655149831341e-01 5.858071662425087256e-01 7.239396970778638751e-02 2.010828991596498305e-01 2.839495675980935885e-01 1.907019458289229419e-01 4.334998817931567938e-01 -1.290944644537406483e-01 1.277130037708041066e-01 -1.416370130392370641e-03 1.449696405157839818e-01 2.822412828398003226e-01 1.916533972232208893e-01 -1.690620206504308554e-01 -1.880728256139575505e-01 -3.221507810344291789e-01 1.022517495565020279e-01 2.266062400993633652e-01 -3.238467556990248797e-02 -2.206149727824633366e-01 5.765875288816615929e-02 2.721585301690681025e-01 1.495701591154877941e-01 1.537266412216583833e-01 -1.363291212475416514e-01 2.242568251647088229e-01 -4.896609834621313412e-02 -2.014853818031586141e-01 2.042611805991385865e-01 4.218529868492237878e-01 3.308164519704513973e-01 1.322928303293637586e-01 1.961643274169693196e-01 -1.224940990968074739e-01 2.742784310950068805e-01 3.109281611488037833e-02 8.309157626048112311e-02 2.840492988636832417e-01 4.000736798138747052e-01 3.501499100364369177e-01 5.297674776358398674e-01 -2.176321906095359318e-02 5.056211279323177266e-01 2.402601721179318806e-01 7.471727884118632979e-01 5.063246141230703934e-01 5.406592465381632184e-01 3.008584943859918814e-01 2.260993168054481472e-01 1.625336039555219658e-01 6.007266931781268804e-01 3.047782686852049117e-01 2.394313163618380647e-01 1.620863630018599955e-01 2.408104600541647045e-01 2.200124174969837476e-01 2.458949741266774902e-01 1.974515223013464382e-01 -1.166130110534641384e-01 -3.385127843313352758e-02 6.098730113342098330e-02 -9.656543698266073505e-02 -9.400424201385107481e-02 -5.842129063926979060e-02 1.379821385615474794e-01 -3.237342168821035621e-02 -8.136972507677452116e-02 1.327228341350887575e-01 2.280408009741812791e-01 -2.677743741127339705e-01 -1.049918754472505128e-01 1.101566981244930105e-02 2.812015468672994234e-01 -1.266063053665253679e-01 2.525768792112783601e-01 2.585389021354577155e-01 -1.791866826423657855e-01 -7.291438072266865581e-04 1.339174468066139378e-01 2.761739316763907603e-01 1.675597599651519054e-01 3.043285233646544907e-01 2.224009579693999594e-01
-1.829719292398129249e-01 3.504243566398233534e-01 3.812645006029336536e-01 2.996356392319242667e-01 2.618233059884183533e-01 2.659745770880521665e-01 1.859528487523073592e-01 2.181488844971543883e-01 2.971149707543936924e-01 -3.980333959975026481e-01 -9.375195465476239554e-02 -4.119610394785946234e-02 4.727383669685867873e-01 1.000000000000000000e+00 7.740020817140659259e-01 -5.658053585880960801e-02 3.692774547226306825e-01 6.885489415904899602e-02 6.442719538325407669e-01 -8.435677990433543272e-02 5.543835408363901873e-01 -1.564547839185082001e-02 6.151919831042010900e-01 -7.395530084196022536e-02 -4.138662233225824938e-01 -1.235192685285393804e-01 -1.069416133103321259e-01 -5.486252846642372671e-02 2.997376533981752633e-01 5.391663181952666140e-01 -2.583460964016704997e-01 2.388153459085377572e-01 4.767585742719204073e-02 -4.537015667233938038e-02 -1.165260936869809416e-01 -1.793748971921408503e-02 -1.050726831038692327e-01 -2.608958950638591845e-01 2.333629969377385566e-02 -1.154351911472648873e-01 -1.573304024134584422e-01 -4.816886245685584877e-01 -2.005279613914105752e-01 -2.061587520939096307e-01 -3.444560308018116968e-01 2.768548994679049247e-01 5.432019075459075808e-01 3.802703704512165328e-01 8.202992753274654381e-02 -6.349299930249069357e-02 -8.144710261510905436e-02 1.075325277037058880e-01 2.262850180894911412e-01 2.793800619972662269e-01 2.079320926137620817e-01 1.972774652951458374e-01 2.422167783282701825e-01 3.715422425963524899e-01 -2.680377444086785577e-01 1.721821003578601628e-01 1.086498160577127753e-01 5.802857209766474345e-01 7.444309327384258657e-01 7.958109364213514780e-01 7.938997264408406140e-01 7.598174638924460877e-01 -1.247311421907251472e-01 5.417638850460425592e-01 2.817067320100707373e-01 1.781610973905807527e-02 5.178115736513674294e-01 -1.197473870822964026e-02 6.417606676922402720e-01 1.194937316177875630e-01 2.891642186612123841e-02 -3.077858187555072011e-01 1.761633590812904659e-01 5.317323567052775202e-01 -2.491703162466543664e-01 3.215711327460086255e-01 9.458770850591036172e-02 -2.131762546347964193e-01 -3.788564989724487186e-01 -2.077777693097105638e-01 -7.323947322720278374e-02 3.803545933107013166e-01 -9.329334592450042041e-02 -9.779654811759816435e-02 -5.721448396180219692e-02 -1.668156820934270715e-02 -1.731650446300397050e-01 -2.027949298350200935e-01 1.005201704692596232e-01 -4.412304667500178135e-01 -3.034249145761921396e-01 -1.650136258721310867e-01 3.500797306546205023e-01 4.480150568500201880e-01 1.803066984295212949e-01 -5.682105729605382155e-02
-3.120730628084926739e-01 2.359186066010761640e-01 1.663811122326554759e-01 2.661145708125549625e-01 1.292392704280655447e-01 6.433532637741429250e-02 1.033597588084776420e-01 4.582224269915833453e-02 9.421197561484460914e-02 -4.611557920999485027e-01 -1.926760937447325461e-01 -1.341161643835886152e-01 2.138686795164181920e-01 7.740020817140659259e-01 1.000000000000000000e+00 3.256981012913832269e-02 2.502222162554813001e-01 9.445060434614467593e-02 5.882394711574152613e-01 -3.386823401773492170e-02 6.878994670992867322e-01 -1.076037744116402906e-01 6.677520350360994783e-01 -1.774993241105539965e-01 -4.167005971493170091e-01 -1.156949119241493656e-01 -1.403439556459260551e-01 -1.718476875837757559e-02 4.033734625073691071e-01 6.718624250755143024e-01 -2.163967786527899451e-01 3.490047172765786687e-01 2.133161186169870160e-01 -2.363557331829801988e-02 -1.825618263636565319e-01 -1.274156053642867305e-02 3.639183746473587111e-02 -3.827374597084538532e-01 -1.076909407358705439e-01 -2.086063853080332431e-01 -1.918444181338020971e-01 -5.301833964263660270e-01 -2.895766141830862228e-01 -2.538497708594344426e-01 -3.757413800460919773e-01 3.333266795049552034e-01 5.312739388881907443e-01 3.406102839591428344e-01 -1.535504433878001791e-02 -1.753579150781373608e-01 -1.056246379699064403e-01 -8.044601041811250131e-02 2.400100777313132761e-01 2.852455728185325223e-01 3.489438136006785263e-02 -7.244870434486892774e-02 8.357705202187151738e-02 1.514107171472292568e-01 -3.205986250778095070e-01 1.996711397692509105e-02 8.099946239772441714e-02 4.111833722242705935e-01 6.767281813081712505e-01 6.754507247319695429e-01 8.277298370651159365e-01 8.787188009648755349e-01 -2.580458751845520204e-01 4.488628490100555202e-01 3.656527479026322469e-01 2.895496293452517675e-02 6.866584483380370196e-01 -3.515282087913644549e-02 7.415090442461277354e-01 3.741005612830075600e-02 3.458403689199854997e-02 -2.871892235435439256e-01 3.382823591768502336e-01 7.234643321272041794e-01 -2.156438676855784997e-01 4.182960732447509877e-01 2.557018946175026453e-01 -2.433820421188212235e-01 -5.022622771628771909e-01 -1.699060189771698648e-01 -1.549978456053565934e-01 4.574212335434416077e-01 7.088189214895576629e-02 -5.478827318607918523e-02 -1.510269535995803665e-02 -9.461790880197129550e-02 -1.670933128470471207e-01 -3.444646059395846116e-01 -3.930855576433862908e-02 -5.170479113942845206e-01 -3.416630382625585050e-01 -2.510879306293296032e-01 3.440104774214925998e-01 5.213734468565635050e-01 -1.977143906727793846e-02 -1.686390011694148261e-01
