1.000000000000000000e+00 2.871315180274724432e-01 3.417832858950545782e-01 2.847293676919304128e-01 -1.057846609334214677e-01 3.843166219902938857e-02 4.340359733843672796e-01 1.341759956106503091e-03 -4.931165788000312772e-02 5.398544034219457943e-01 4.929407555987981304e-01 5.577316157843252853e-01 3.522525363213347971e-01 2.279852195116023328e-01 -3.463513325383749675e-01 5.726792074270453670e-01 1.208078523806721261e-01 -7.513016586815900177e-02 5.279555703193362232e-02 1.045860254918027088e-01 1.961912057770702836e-03 4.676376095943269307e-01 1.664613993752138421e-01 3.164903544678591696e-01 5.447904027587316955e-01 4.176877877762942282e-01 5.494004904800822153e-01 -4.738891204717707306e-01 2.314505075391824207e-01 -5.791009273676449576e-01 3.735166860688411417e-01 6.778387824034886044e-01 5.807566382509596892e-01 -6.147669099655914127e-02 5.628273894464592697e-01 1.889141683549337147e-01 1.902035430405895344e-01 6.650904544047904210e-01 4.547179451821345419e-01 3.807207641371059270e-01 3.300472012679851463e-01 2.795050415842880165e-01 4.888043231751391660e-01 -1.360954415127040851e-01 6.966375884138087393e-02 4.691180693830532822e-01 4.784239561339033719e-01 4.791598431398091940e-01 1.856791025069241541e-01 2.775992600381073094e-01 7.020769267168748273e-01 1.602390756088012125e-01 -9.988289948881312608e-02 -1.822142518551068957e-01 -1.215790123137828888e-01 1.860387763579523027e-02 -1.755239171685971100e-01 -2.647712592038715673e-01 3.862214071684784075e-03 -5.249162211086354501e-01 -3.883263706782129066e-01 -3.095813949302366197e-01 -4.215977847898070840e-01 -4.971625567400934642e-01 -5.822922203448627210e-01 -4.726942325849772253e-01 -2.111721743209407087e-01 -3.254966717048710101e-02 -5.417246435740686872e-01 -4.071635891654158956e-01 -4.660550412353012817e-01 -2.899807620696208676e-01 -4.711979305130616913e-01 -4.013455771052408250e-01 -5.044951678409470563e-01 -4.721654135746296554e-01 -1.883015219025917231e-01 -4.724659697182801432e-01 3.596314124237123822e-01 7.127136358499930324e-01 -3.412012759926028593e-01 5.019284237824474249e-02 8.471653786682205312e-02 2.872265072829424670e-01 2.500318772299647829e-01 -3.963840714007212940e-01 3.373871961572169620e-01 -4.474158191937745166e-02 -2.935816261802274077e-02 -2.622803408524773117e-01 4.173769020023171961e-01 3.668842018492184942e-01 2.291435979397022649e-01 3.276187202830099232e-01 2.287051585181741620e-01 4.186651439860128998e-01 4.328257791651439201e-01 8.044566692145982412e-02 -1.022665589937124184e-02 2.447249519257800598e-01
2.871315180274724432e-01 1.000000000000000000e+00 6.129045431402564414e-01 4.355106890825005683e-01 5.290195662391202758e-01 5.439945009417443966e-01 1.824659553803022471e-01 7.055641763479687523e-01 4.780151092777786825e-01 1.989687020617763313e-01 5.217357600138820828e-02 6.540136386186061468e-02 1.615946808888936437e-01 2.602175403435278978e-01 -3.442527647175222527e-02 4.852830288876747722e-01 -3.215768594114113560e-02 1.634394670609810307e-01 4.355511062299870922e-02 -1.214840621098903367e-01 3.019821850611644765e-01 1.123690162002598247e-01 1.129727058210382024e-01 -6.836121944543019358e-02 1.900015930175201762e-01 2.363162287195648414e-02 1.044354443694150841e-01 -2.941459117111072663e-01 4.316800233203888643e-02 -2.601784140556335223e-01 2.014663227116195443e-01 2.285977467602679780e-01 2.467223442487639917e-01 -8.580445355276853855e-03 1.374290836460758669e-01 -1.330094896444118935e-01 -1.967602720565314253e-02 2.066210178251034757e-01 1.544246282229002620e-01 1.826817649099118368e-01 -1.860418517833599961e-01 4.624036521370926411e-02 1.788157083721991225e-01 -8.541033278655769945e-02 -5.228704179722061529e-02 -3.411666970053994774e-02 1.930847788562696510e-02 6.315062383808904556e-03 1.114113275778209622e-01 -1.571998614788775728e-01 4.197916269959429680e-01 7.510508786324747721e-01 2.391652962459577259e-01 3.139262076739003371e-01 5.430914432483529009e-01 4.727170335489668251e-01 5.143890025055729565e-01 4.766404400570227184e-01 1.475340464468248049e-02 -2.683069343168894005e-01 -3.034057479527849654e-01 1.758510341744587077e-02 1.302914993306194917e-02 -7.702678960132355868e-02 -8.644390855024838838e-02 -9.371259996826107608e-02 -2.878986666823121210e-01 2.747842386495735201e-01 -1.073426388302132356e-01 1.688794908780048287e-01 -1.013421134097034493e-01 -1.496973365157919511e-01 -8.634009036584235075e-02 -1.739621020009633756e-01 -2.474510067190867080e-01 -3.075320358143338595e-01 1.455413549007803994e-02 -1.861943972380334100e-01 7.798033857348221631e-02 2.689317331461575367e-01 -2.902507215223766313e-01 -1.801345667997726052e-01 -9.209094436853548782e-02 -5.336753807259644877e-02 -5.031898484012356509e-02 -2.772080557119160904e-01 7.875932594337099746e-02 -6.959821068378192754e-02 -1.343859058461991385e-01 -3.190266714310150964e-01 2.164413435613206094e-01 4.413611462604884877e-02 2.889662529364585980e-02 2.165348166603895674e-01 1.072661192152029458e-01 -1.288777473716017363e-01 -5.738098989285662227e-02 -1.667292598374356116e-01 2.921417375315978893e-01 -4.697807193583416335e-02
3.417832858950545782e-01 6.129045431402564414e-01 1.000000000000000000e+00 1.663889403849934667e-01 2.258147135472880485e-01 7.271611389631549294e-01 1.663583810788334949e-01 4.193189268173385109e-01 5.662367350480297379e-01 1.408657719729712876e-01 1.283473740721279843e-01 2.517385181511163639e-01 1.709165316365700849e-01 2.065241954386015655e-01 -1.297296233332111692e-01 4.125080152546327650e-01 3.827984747736667970e-02 8.900952919392281226e-02 3.059872306946529938e-02 -8.135291775011251059e-02 1.927661236598166572e-01 1.911296095497721503e-01 5.520702447515386108e-02 3.387032350878920600e-02 1.297308305237311055e-01 1.478683603735649055e-01 1.694669054060713720e-01 -3.271104983925700038e-01 1.447685282320334554e-01 -3.683986682527848333e-01 9.747705517506496942e-02 1.754718837474867621e-01 2.470166733130335635e-01 -8.201002159250250778e-02 2.254268261567184128e-01 2.731239254681263467e-02 7.456303106428249783e-02 2.294366442948051199e-01 3.146793587556874217e-01 1.635864027688050115e-01 -3.807380979593957132e-02 9.079884350732436715e-02 2.488913862730756099e-01 -2.101764833690403511e-01 -9.113800618573014711e-02 6.110117882340166534e-02 1.495917143633288537e-01 1.049928948824760816e-01 3.430677744716087441e-01 -4.020421869105165330e-02 3.625385224907142212e-01 6.205558519896687830e-01 -7.732172518806766648e-02 -1.523586056092591789e-01 5.626124887992376422e-01 6.546727002428514020e-01 2.251024002679960501e-01 4.107291604578701127e-01 -1.128117431071928578e-01 -1.700086251602062615e-01 -2.484756981650273200e-01 -6.296830762760925737e-02 -1.514170454984233305e-01 -2.004334669199572816e-01 -2.352303706553391660e-01 -1.814930087132086978e-01 -4.352350091011462641e-01 1.182269416538120760e-01 -2.743886428199032168e-01 6.292696626952369110e-04 -1.662820509708812233e-01 -3.155829905884648956e-01 -2.479789278616088555e-01 -2.546701460233455894e-01 -3.064152633385702207e-01 -2.765892828421168126e-01 -2.978988494509842225e-02 -3.041133832576917162e-01 4.636627776729095735e-02 2.545277973614749056e-01 -2.187090612231712694e-01 -1.030115193044038313e-01 -8.796618941843477313e-02 -5.889408249098653653e-03 -5.961784278213851096e-02 -3.314393367827524473e-01 1.901380093983029429e-01 -9.540129262482401062e-02 -3.490387521002525500e-02 -3.227930001742212451e-01 9.080065921719405672e-03 -4.607529527932126279e-02 2.603884746835996924e-02 1.862700405459595254e-01 4.550524769014879095e-02 3.895074165291912555e-02 -2.946004638092581535e-02 -2.104715361479157498e-01 3.629780202954082657e-01 2.271012383666002471e-02
2.847293676919304128e-01 4.355106890825005683e-01 1.663889403849934667e-01 1.000000000000000000e+00 1.939932522892237055e-01 -1.356427291873132327e-03 3.375586188413505773e-01 3.503081877224342167e-01 1.197410679011839257e-02 2.605619847308671133e-01 1.397947357221795694e-01 2.786851801934213668e-01 1.130119233984436256e-01 3.596004327657620347e-01 1.069008395825143121e-01 4.742779465927181581e-01 -1.231316970414099779e-02 -8.732107320437433595e-02 -1.184703841554101689e-01 -6.937575273084610472e-02 1.610305902312843818e-01 2.323158180632197145e-01 6.696068255763990007e-02 4.857664725042985798e-02 1.259203487448900816e-01 1.173794682134673695e-01 6.576363558135492338e-02 -2.413395611500511462e-01 -1.265266270218944611e-01 -1.749700310923751889e-01 -2.090159714263223334e-02 2.346128580174504097e-01 9.781118741845620801e-02 -7.852024619478803480e-02 2.274632510597530133e-01 -2.320518023808924857e-01 -1.591296605024271893e-01 2.877874870263407159e-01 3.864964264473800259e-01 2.939928590891687232e-01 -8.860286563755417899e-02 1.042886436257624699e-01 2.084445739830529942e-01 -2.201360989846102845e-01 -1.582470082413147960e-01 7.044925498097234784e-02 -7.875458693374460389e-03 5.873277988043012349e-02 -2.042144891244682958e-01 -9.870574298607970309e-02 3.466208007967801485e-01 3.415939613948966724e-01 2.066476923953057543e-01 4.781705971018933576e-01 1.206314767093620566e-01 9.026637030636380787e-02 3.225578009686192460e-01 6.160164725316450568e-02 3.197411592017597535e-03 -1.684266172194116284e-01 -2.228357831129760269e-01 1.393956690362785876e-02 9.373054428317802167e-02 4.143084574509841439e-02 -1.816138223406978947e-01 1.695670189187003032e-02 -6.195800671193906622e-02 2.672229935680810464e-01 -6.118881345817237666e-02 6.070605127782862168e-03 -1.463679984278687396e-01 8.000801398581121326e-02 -7.610776209562254702e-02 6.957295633690083192e-02 -2.108927323604290471e-01 -2.596288086416739804e-01 -1.478586229855492484e-01 -1.633107658863308109e-01 5.579196251763222231e-02 3.079106232086301631e-01 -1.130081933894808849e-01 -1.015005691979173202e-01 -2.201338149799150767e-01 1.121448033690985308e-01 -9.977087933396393271e-02 -1.635241159767467367e-01 -7.272535171017549538e-02 -1.554309479374417768e-01 -2.844397362447483313e-01 -1.280050014034162797e-01 9.904718581168632519e-02 2.480946397434592721e-01 2.870017634067495438e-01 2.376116882752732917e-01 1.596131751617893002e-01 -6.535414114632007165e-02 3.491619377943753350e-02 -2.419636667180188605e-01 -3.345735171760095411e-02 -9.684430450217423880e-02
-1.057846609334214677e-01 5.290195662391202758e-01 2.258147135472880485e-01 1.939932522892237055e-01 1.000000000000000000e+00 4.623431659712425312e-01 -2.410161105790987468e-01 4.579053328961741887e-01 5.184170302525714646e-01 -7.139652972175983270e-02 -2.424292299402807382e-01 -3.308342005431940680e-01 -1.738396673366683354e-01 -3.832010708408083860e-02 1.845993355819991188e-01 7.797644628669551936e-02 -3.003071518233988990e-01 1.950887235388460150e-01 -1.834329287924672536e-01 4.347326605523407078e-02 3.178671684072439940e-01 -3.495161541193665400e-01 -8.456596252026732374e-02 -4.008229989081588118e-01 -9.163918319737777984e-02 -3.644073291654986169e-01 -2.565812945076607066e-01 -3.946167488903135762e-02 1.945212067668354305e-01 1.290751267661550683e-01 9.387527123479769142e-02 -1.587953553612449220e-01 -7.115146342712666550e-02 -1.536382513553711908e-02 -2.561286307931355255e-01 1.735600600495709397e-02 8.698565570155122884e-02 -1.736552581920037253e-01 -2.130926315445591801e-01 -1.331740278365463326e-01 -4.159493321043501446e-01 -8.283892379879166656e-02 -3.108461094292529481e-01 2.036632766291712193e-01 -2.407178059166533227e-02 -3.942898321472850243e-01 -2.919050526868577911e-01 -2.431707912304936214e-01 2.331499156684598839e-01 -1.206983992965186825e-01 5.338121420982974707e-02 4.698171197161143953e-01 4.241041660213013542e-01 4.706342671827695168e-01 5.429680321716425784e-01 3.881860431470625650e-01 4.653203053752628104e-01 5.566640154031248233e-01 1.893418640327667601e-01 1.230547877108591481e-01 1.047558773996157266e-01 1.254905361672026820e-01 2.221813354093600257e-01 2.498658494587753520e-01 3.194994911995514553e-01 2.720326957882821528e-01 3.330097329790122906e-02 1.163322359055537630e-01 1.855886272111255397e-01 3.839644638539729260e-01 2.885384381513932395e-01 5.376253332292477496e-03 1.988282583875479459e-01 5.564651230073019289e-02 6.144764159732749031e-02 5.838913437929462574e-02 2.823530017951994542e-01 1.136167968184419869e-01 -1.331346694543628362e-01 -1.931158029466129300e-01 -1.335682458106932924e-01 -7.510470113097172939e-02 -8.341463760581536990e-02 -3.103394307023085719e-01 -2.301985267344591468e-01 2.064487345711550279e-02 7.989717178117944352e-02 -2.380183513134686082e-02 1.910851194509982920e-01 -1.509210846181892329e-01 9.542311675383992331e-02 -2.249796895207640396e-02 -1.440629420611473366e-01 -4.675487484050338399e-02 -8.445122188853729228e-02 -3.874317567324269684e-01 -3.311169692162356237e-01 3.639399793980267056e-02 4.029147490564692347e-01 1.121236197574617954e-01
3.843166219902938857e-02 5.439945009417443966e-01 7.271611389631549294e-01 -1.356427291873132327e-03 4.623431659712425312e-01 1.000000000000000000e+00 -1.426520384969061361e-01 4.544186163278968738e-01 8.550558244104772276e-01 -1.384989369782284041e-01 -2.267592080575441538e-01 -1.669206824696740643e-01 -7.495944388981708173e-02 3.748660998467573391e-02 1.116434062434069618e-01 1.124027743976279831e-01 -1.883739893138908772e-01 2.082687690032271055e-01 -7.984358901751893722e-02 5.021713369014428607e-02 2.941454410420108467e-01 -1.971332516158458281e-01 -1.440988630210473798e-01 -2.919303122393060446e-01 -1.272047606894443628e-01 -2.221662085057880265e-01 -1.298107284644750004e-01 -1.336731705441660811e-01 2.678157324116941518e-01 -1.177598297658085935e-01 3.933420426804856707e-02 -1.146315518008432094e-01 3.645756552095943265e-02 -6.785813944723978475e-02 -1.008337707746147782e-01 2.141561860896215863e-01 1.942535633665697092e-01 -8.783700591439408401e-02 -2.066485566649992750e-02 -6.722565672013215698e-02 -2.539965201177401544e-01 -9.573879578907354415e-02 -1.337558840313337882e-01 9.696514652466924067e-02 -4.083023663930725189e-02 -2.793205623761158551e-01 -1.089010773469197280e-01 -1.643893968634977110e-01 5.546878693551322570e-01 5.862035286094193637e-02 1.089419866470554277e-01 5.859054563499754842e-01 6.475725198647107328e-02 3.154454774933194289e-02 7.911309397941888033e-01 8.064633402732687140e-01 3.824378518021548934e-01 7.414900834951244635e-01 -5.486337998111309039e-02 -5.690634305283717546e-03 -5.381400110678889737e-02 6.845609162108048928e-02 9.542946306483990337e-02 8.927037858522447744e-02 1.276196413790982309e-01 1.326244630652979317e-01 -2.514525615539128234e-01 1.235615082924626795e-01 -2.703786778066372479e-02 2.829390326072949158e-01 1.336062823181378145e-01 -1.959232783461062055e-01 5.888615184851423920e-03 -1.347909217775609680e-01 -1.179990218073961317e-01 -1.287685240302476330e-01 2.132380409007493260e-01 -1.015531671177200973e-01 -1.007768000290837768e-01 -1.037280027945298028e-01 -2.109506577604178257e-01 -3.255875471828924977e-02 -1.594140018202299947e-01 -2.800577611710851622e-01 -2.278010684835963806e-01 -1.371958997062979468e-01 2.315360997214607752e-01 -9.384203399624943542e-02 2.621119926726268590e-01 -2.116606542074077613e-01 3.796595901534752498e-03 -1.504614074584526284e-01 -1.433638119524805743e-01 -3.347546625245355345e-02 -1.453754785512038628e-01 -2.043231057711378806e-01 -3.045904263571843629e-01 -9.157155213077927680e-02 5.920623826726461036e-01 2.187832141523659291e-01
4.340359733843672796e-01 1.824659553803022471e-01 1.663583810788334949e-01 3.375586188413505773e-01 -2.410161105790987468e-01 -1.426520384969061361e-01 1.000000000000000000e+00 9.403658588052225820e-02 -1.816914947247429413e-01 5.364664186872822871e-01 3.714291666386456692e-01 4.515162108920622308e-01 1.637821896975646674e-01 1.216867772387121294e-01 -3.492447672171557493e-01 4.497603603058469290e-01 2.021676436933829424e-01 -3.151131118152664667e-01 1.320895637788289667e-01 -1.929976759952257634e-02 -2.169912266864387762e-02 4.694200485512712850e-01 8.951296783904212628e-02 4.665549223979085780e-01 4.422635364881184472e-01 3.790511123206273814e-01 3.828120905024094967e-01 -3.939192056903933481e-01 -3.061707707980660526e-02 -4.374913293915962953e-01 1.603745845933756131e-01 4.835450185634060927e-01 3.296750529356495263e-01 -1.856256952046890230e-01 5.664608777768246339e-01 -1.517087659821782786e-01 -3.883819577411399410e-02 5.212735473956117138e-01 5.048908115143042608e-01 6.188035808313514519e-01 3.770292562390619162e-01 2.152484811291747457e-01 5.149299030360677820e-01 -1.056733570915590753e-01 1.776740402656711848e-01 4.670802527537647464e-01 2.752284875577983847e-01 3.273228021949466382e-01 -1.058993167411694108e-01 1.114690100846542631e-01 4.422402390966653218e-01 8.545988863126423307e-02 1.324685596621622830e-01 -2.040108589285650684e-02 -2.755955145750487723e-01 -1.802240798390653820e-01 -1.490005293841747680e-01 -2.794361701262739195e-01 1.807417583988103760e-01 -2.773989861330658502e-01 -3.052434371841806771e-01 -2.175769042327276304e-01 -4.223502625578870462e-01 -4.460624188604085938e-01 -4.044432916638704967e-01 -3.914179102541792132e-01 1.386904893188861329e-02 -1.027117618065984811e-02 -3.669105656187114373e-01 -4.928257852292312613e-01 -4.124159560288090942e-01 -1.109817571897480509e-01 -4.502989718008379993e-01 8.336691134690056570e-02 -2.380745973836680962e-01 -3.439067354537839738e-01 -1.989841929911116414e-01 -3.524499014444881784e-01 2.550747490620077773e-01 5.393862641293062365e-01 -8.118794958230300673e-02 -1.168440622128413403e-01 -1.544721645390090825e-01 3.881298566094792402e-01 2.756719704364155588e-01 -4.092929299888529715e-01 6.784896019900954478e-02 5.566120515529911911e-02 -3.541666029862141629e-01 4.183583485424840348e-02 2.577369996259318841e-01 4.238312408840481660e-01 5.496795179983338109e-01 3.655274974333724280e-01 3.171386651280994617e-01 4.179562286662681925e-01 4.902356002765659859e-01 -1.473603937839996769e-01 -3.573158766672929199e-01 -1.012236699134376056e-01
1.341759956106503091e-03 7.055641763479687523e-01 4.193189268173385109e-01 3.503081877224342167e-01 4.579053328961741887e-01 4.544186163278968738e-01 9.403658588052225820e-02 1.000000000000000000e+00 4.408215930576067088e-01 -9.845408670437021115e-02 -1.737531498445048228e-01 -1.381820728521101771e-01 -3.128312746076421930e-02 1.311710579135474675e-01 1.392104340578249888e-01 2.055314652457270741e-01 -1.089288542037320506e-01 2.960247235092115514e-01 6.803007519855638896e-02 -3.040675847549522137e-01 1.758740218579435410e-01 -1.185250774661906203e-01 9.749181024647349258e-03 -2.289277962564099933e-01 -9.853864146944296687e-02 -1.551079840086677097e-01 -1.966095709220999355e-01 -8.716832286566504606e-02 -1.291778308189648061e-01 -5.403508141269789539e-02 -3.954524076178606712e-02 -1.321737045626150964e-01 -1.279771574651696053e-01 4.641242761982224824e-02 -1.253614274480201740e-01 -2.326943322461295371e-01 -1.760277794848308652e-01 -1.374562036660988418e-01 -9.365528744025948538e-02 -4.009155395210117767e-02 -3.650998501144626096e-01 -1.368859931303894606e-01 -6.172315245754401991e-02 -1.172190408198151707e-02 -3.869838555926032042e-02 -3.227931796809340170e-01 -2.745513312344034507e-01 -2.847783748745960630e-01 6.359292519780088138e-02 -2.655328239430603254e-01 8.407850998157664901e-02 7.071700750375748967e-01 3.749710446234215677e-01 4.795331797218538861e-01 5.401417253805519403e-01 4.164797069070484414e-01 7.242625073917862144e-01 6.264141575050629074e-01 -1.098714573649882398e-01 -8.894981538985198555e-02 -8.694296162709845566e-02 1.353265027367861473e-01 1.607818588159430628e-01 1.503745182397410729e-01 1.907963834288676497e-01 1.354330930888774653e-01 -9.330107764700246165e-02 2.514805577841159878e-01 1.884553122389618085e-01 3.829605320739097873e-01 9.976175258980128635e-02 -1.012831516506564923e-02 1.335619547235792903e-01 1.372709222941674231e-02 -1.962459858621937517e-02 -3.688808300921365274e-02 2.713390042556051290e-02 -2.321916584445725407e-02 -4.165747660736306840e-02 -1.083536790973441133e-01 -1.838596776535166288e-01 -3.570437006275938296e-01 -1.011279478503853968e-01 -1.341348453422284426e-01 -2.585549431858871761e-01 -1.558187648377954981e-01 -2.039109053605241417e-01 -5.131224018989798130e-02 -1.294184141568544555e-01 -2.193454711623357145e-01 -2.267800024593195907e-02 -9.294122183531061676e-02 -9.390039429624558176e-02 6.595606758475852649e-02 -3.309138748900040169e-03 -2.540038264281729852e-01 -3.324761011247552300e-01 -2.764811233297043147e-01 3.193820326405318322e-01 -1.231707032652735317e-01
-4.931165788000312772e-02 4.780151092777786825e-01 5.662367350480297379e-01 1.197410679011839257e-02 5.184170302525714646e-01 8.550558244104772276e-01 -1.816914947247429413e-01 4.408215930576067088e-01 1.000000000000000000e+00 -1.382837625249441482e-01 -3.180279172869503457e-01 -2.184925722205444676e-01 -1.578373856540398468e-01 3.715216192179562199e-02 1.705849397169010573e-01 4.296960092671562453e-02 -2.773563758166797122e-01 1.553650010571187290e-01 -1.289799182930457810e-01 1.042994002267133569e-01 3.305860245391396557e-01 -3.079437809141026272e-01 -1.850179262930178870e-01 -3.539037912755930160e-01 -1.210318262153525920e-01 -2.713074392596451223e-01 -1.502769848510925599e-01 -1.926792700079031639e-02 2.839222308222218438e-01 -6.172725467288824389e-03 2.032743732485468510e-02 -1.290435968442625037e-01 -1.223845694771769251e-02 -1.155182929168578343e-01 -1.653078558488315641e-01 2.954325493458563323e-01 2.627545751251124106e-01 -1.297656920786583179e-01 -6.240257927133171373e-02 -1.315793311590342796e-01 -3.089309554285077364e-01 -1.314446591071747050e-01 -2.353409220961119874e-01 2.340816898685910419e-01 1.895879375546758241e-02 -3.155157827606596133e-01 -1.842969488192379435e-01 -2.092202773894522305e-01 5.151777993059216687e-01 1.203324378208533441e-01 6.908360973333137200e-02 4.962170047315947463e-01 1.207255373287829253e-01 1.193915876479872962e-01 7.508606329167153426e-01 7.597775478759936085e-01 3.806413554401792410e-01 7.903503690069307863e-01 -5.552757470865633989e-03 2.692894911408594966e-02 3.451470164799242714e-03 1.048505271125420302e-01 1.649746508428178438e-01 1.805442476823789499e-01 2.296635274402741844e-01 2.170243156489515823e-01 -1.706167343533153136e-01 1.298220939186214284e-01 1.137484347933754789e-02 3.053496669483945491e-01 1.815021522166227752e-01 -1.180943281950107976e-01 5.511737294989717262e-02 -5.325537175973201615e-02 -3.907173872119600044e-02 -3.851616891021487910e-02 2.871192288495523770e-01 1.427130930965968443e-02 -1.132864082658231464e-01 -1.671679173682406594e-01 -1.976954480050833463e-01 -2.207110373907890735e-02 -1.831280877046383704e-01 -3.260784997912154481e-01 -2.137846758077901754e-01 -9.080281895639388812e-02 2.497979382909384927e-01 -7.769497866173008527e-02 3.761474398899615212e-01 -1.412752759642401656e-01 -1.305611719599958538e-02 -9.758860441265444774e-02 -1.100262011199146378e-01 -4.441388876214908549e-02 -1.239238735658564905e-01 -2.590472472106687407e-01 -3.181395671594619001e-01 -6.335745784476955189e-02 5.478036745668719565e-01 2.767716933032139393e-01
5.398544034219457943e-01 1.989687020617763313e-01 1.408657719729712876e-01 2.605619847308671133e-01 -7.139652972175983270e-02 -1.384989369782284041e-01 5.364664186872822871e-01 -9.845408670437021115e-02 -1.382837625249441482e-01 1.000000000000000000e+00 5.277475961693676165e-01 5.279173423565477474e-01 3.604134368343784312e-01 2.437596101960980699e-01 -3.084236338734368532e-01 3.900026262171947256e-01 2.767387003812368795e-01 -2.527984537973870793e-01 8.491641056019129385e-02 3.827576588249703704e-02 3.452560877384668048e-02 4.482634450674015114e-01 2.163427301611704767e-01 3.913812704378079599e-01 6.811342350080684671e-01 3.716551794345408499e-01 5.309915722821334505e-01 -3.126191702339317646e-01 1.648053286852831367e-01 -3.665127908516218058e-01 4.076139957189299778e-01 7.042554589162910439e-01 5.215633600534755887e-01 -5.989425506935346782e-02 5.532432805088774996e-01 -3.812548303920042930e-02 6.347154920413322632e-02 6.343164613441348854e-01 4.347015691413839145e-01 4.929103078599501586e-01 3.210221514133396181e-01 4.448121424908522137e-01 4.854196959625449170e-01 -7.809297774835800843e-02 2.457814680855118505e-01 5.112013856571285819e-01 4.429826881546456985e-01 5.071192214170344714e-01 -1.078460100000485783e-01 9.365680923984910644e-02 5.597628639506674331e-01 4.436104963537690349e-02 8.119148177296478530e-02 -1.066663730825225948e-01 -2.117741840999544378e-01 -1.375020359081348953e-01 -2.316442982669496553e-01 -3.366077704192438347e-01 4.563499962728067572e-01 -2.795928234861612127e-01 -1.957643416457239827e-01 -1.445231595606459585e-01 -3.190803297816199868e-01 -3.965579017306576359e-01 -5.011244555119775956e-01 -3.593387684356620926e-01 -1.001646342432618436e-01 -5.716540643047920284e-02 -3.862089989413021729e-01 -4.227259895283100866e-01 -3.633604690236125201e-01 -1.093315933860920380e-01 -3.764509703678895480e-01 -2.923296480200647182e-02 -2.220038363854795471e-01 -2.880392531221376284e-01 -1.604749591544236687e-01 -2.934790001172892238e-01 3.845534154845360320e-01 6.244072228060965069e-01 -1.050014300023353331e-01 -2.062409283755768305e-02 1.155217227303545063e-01 2.532788404979464114e-01 3.676619781108511620e-01 -3.510524667679137401e-01 2.342668382029277907e-01 1.255277969195244536e-01 -1.815891476103226598e-01 -2.598377845339068515e-02 3.817083368711281510e-01 4.679801234501345109e-01 4.130923525506666749e-01 4.199820271112265080e-01 3.538856849332837062e-01 3.312006763297818956e-01 4.967855227355071346e-01 1.056231776241788045e-01 -2.432379144469593302e-01 -2.563760561373953570e-02
4.929407555987981304e-01 5.217357600138820828e-02 1.283473740721279843e-01 1.397947357221795694e-01 -2.424292299402807382e-01 -2.267592080575441538e-01 3.714291666386456692e-01 -1.737531498445048228e-01 -3.180279172869503457e-01 5.277475961693676165e-01 1.000000000000000000e+00 5.326135647611512924e-01 4.901130856099519262e-01 2.114953782717543529e-01 -3.006305112783302924e-01 4.021108688437815548e-01 3.327662787585151660e-01 -9.918371833717061492e-02 2.322875052038265997e-01 -5.490444532418699286e-02 -3.563263285340087516e-02 5.045055460932265090e-01 2.860947381035037207e-01 5.282448539214227301e-01 4.278681724120480534e-01 5.292076536776819662e-01 5.665049724459743086e-01 -3.559725564974123291e-01 4.730514593037538768e-02 -3.570552576920011378e-01 2.712285518651827987e-01 5.000103130653983374e-01 3.981680532942440953e-01 1.035947971002259826e-01 4.143907213117344335e-01 5.765823234056685273e-03 1.172977281181480751e-02 4.839811918531882196e-01 3.257443680808154718e-01 3.892357202123148396e-01 3.645263069816653267e-01 3.185588892259228477e-01 4.941145626940667834e-01 -2.364568963550320313e-01 1.030111033087153238e-01 4.931720320557053117e-01 4.596199077882557327e-01 4.745439233315025263e-01 -9.681858005415017177e-02 2.928796183770931982e-02 3.398218938130494471e-01 -9.674188209136598549e-02 -1.873023580176664815e-01 -3.072717123627209390e-01 -3.690386917858045623e-01 -3.340789800743860782e-01 -3.883857167106170016e-01 -4.754176183301970782e-01 1.346052409911809855e-01 -1.224337750770355532e-01 -2.851941968086087464e-01 -1.582461355714327444e-01 -3.495230037301547688e-01 -4.134163115180616299e-01 -4.821957565881209717e-01 -4.150143471435371323e-01 -2.127434245493134701e-01 -6.401949760795595801e-02 -3.941030657721820707e-01 -4.422561440272969047e-01 -3.445928042335704711e-01 -2.113657410312166640e-01 -3.169290046623156609e-01 -2.907897742850188982e-01 -2.231164854420281951e-01 -1.740440167664203674e-01 -1.916348576385118740e-01 -2.495664725515371885e-01 2.928811147819199157e-01 5.770722070617277932e-01 -8.539485099631220766e-02 -8.207320454685251843e-02 1.905389522041284478e-01 4.396539321337219475e-01 4.240222996689888002e-01 -3.709615031466524937e-01 1.161150130826641841e-01 1.484331942237070989e-01 -2.354635767938919044e-01 -1.458718986657454586e-01 2.116737190821198489e-01 1.143810931391825852e-01 1.386376273105583423e-01 2.835334569918115943e-01 3.382243477051091185e-01 4.180854476120866026e-01 4.562145809807524044e-01 7.309502948910838460e-02 -3.162739818541560055e-01 -1.022876902699844381e-01
5.577316157843252853e-01 6.540136386186061468e-02 2.517385181511163639e-01 2.786851801934213668e-01 -3.308342005431940680e-01 -1.669206824696740643e-01 4.515162108920622308e-01 -1.381820728521101771e-01 -2.184925722205444676e-01 5.279173423565477474e-01 5.326135647611512924e-01 1.000000000000000000e+00 4.216749770478410708e-01 3.418052376922195434e-01 -3.513582541542635274e-01 4.891874285983252024e-01 3.756519811042220436e-01 -1.021655802778621419e-01 2.135587642571643574e-01 -5.966601079610721337e-02 -1.398983670795119448e-02 5.756211660532380980e-01 2.221514074153497775e-01 4.603101284282009042e-01 5.453837266568750675e-01 6.505673311187659680e-01 5.451453902074749891e-01 -2.619708604723037237e-01 -4.544542890113711930e-02 -4.075833259109398754e-01 5.631319319592740374e-02 4.828527157710930107e-01 2.958261238815579341e-01 3.591946217260241769e-02 5.761713196264376391e-01 -6.851767014086960041e-04 -1.125134475521725498e-02 4.750054286381564794e-01 5.725591237798502986e-01 2.373345827933771857e-01 2.850358543367533803e-01 2.970226629595301704e-01 5.344522052857275662e-01 -4.523002268975783169e-01 -3.191085194717726420e-02 5.343720232314276286e-01 4.415246741883044890e-01 4.991329749504777591e-01 -9.377469129195817321e-02 2.410085535838832338e-02 4.265440982157984728e-01 -1.897850229239922068e-02 -2.948326528326282725e-01 -3.294501545467620196e-01 -2.391736035492232348e-01 -1.016160419743845911e-01 -3.078686178889123992e-01 -4.062939707749935181e-01 -5.168081075742056441e-03 -2.520042201951653293e-01 -1.445359260061219175e-01 -8.831557286904570536e-02 -3.253406867144552073e-01 -4.481567741755893008e-01 -5.960887318484132669e-01 -4.721832045505555131e-01 -3.537812168890377418e-01 -1.294500480610360701e-02 -4.118743905301220920e-01 -3.979053961559018138e-01 -4.372621574570909608e-01 -1.818513284401310770e-01 -4.699174584256157750e-01 -2.576850113878047521e-01 -2.551001797084985201e-01 -2.389175922514837069e-01 -2.839120921056179636e-01 -2.773095021949566474e-01 1.807460387888138176e-01 5.344546297740196961e-01 -5.676582985112745700e-02 -1.979657070503769607e-03 4.474055957246990400e-02 3.849964924547424894e-01 2.643480210935429398e-01 -3.420709024899352135e-01 1.916267801180140395e-01 -8.528795797292067216e-02 -2.281167092536394159e-01 -1.435230667445289432e-01 -3.970598690608566350e-02 1.284602693495807968e-01 1.822235957240203597e-01 3.382085504514146801e-01 2.362516416897131044e-01 3.823297606782934954e-01 4.138367758442361710e-01 -9.451521846610616562e-02 -2.785827618526801608e-01 -9.057153362881625869e-02
3.522525363213347971e-01 1.615946808888936437e-01 1.709165316365700849e-01 1.130119233984436256e-01 -1.738396673366683354e-01 -7.495944388981708173e-02 1.637821896975646674e-01 -3.128312746076421930e-02 -1.578373856540398468e-01 3.604134368343784312e-01 4.901130856099519262e-01 4.216749770478410708e-01 1.000000000000000000e+00 4.856550192618038775e-01 -9.729962005809578152e-02 3.362516551399730713e-01 6.157766205708788965e-01 -5.902585648600373880e-02 3.792382579957745969e-01 -2.836160620836605251e-01 -3.406145496382608634e-02 5.298749582162770588e-01 3.540358566622491820e-01 3.665981035316474013e-01 3.605280811124444429e-01 3.899093846925942297e-01 4.921450421033718436e-01 -1.917144424821388693e-01 -1.220476302529389517e-01 -2.052400385870176980e-01 4.053934072846139269e-01 3.960405902491407337e-01 4.056559631547985711e-01 2.831139631334474993e-01 2.974522367346099649e-01 -8.687327528611331340e-02 -1.471991590985583520e-01 4.057823297520229411e-01 2.605620215035332476e-01 3.376272590572158561e-01 2.430166630356479784e-01 1.681468976060426501e-01 4.495121015146357757e-01 -2.704309810640326273e-01 -4.204881332072182148e-02 4.507727623887389234e-01 3.837367014499480367e-01 3.366574425391483105e-01 -1.531002219060774994e-01 -1.259768441755006463e-01 3.464075140584176316e-01 -1.173826786551752759e-02 -1.329581782896309128e-01 -2.484745218502351638e-01 -1.735670292977998241e-01 -8.400563317777844097e-02 -2.081823103666871067e-01 -2.510560247530108091e-01 3.079317252872027302e-02 -2.098454410616070187e-01 -1.077117709125274270e-01 3.141630426066907011e-01 5.612853577592882837e-02 -9.471530671610928209e-02 -3.461157813373416103e-01 -2.820446408338493360e-01 -2.824659378838807466e-01 2.075986878911794398e-01 -2.466434749762346501e-01 -2.576652026894129532e-01 -3.981479056959299490e-01 -4.593888466420800037e-02 -2.156141965083170076e-01 -2.244277640058396917e-01 -1.055636821175907208e-01 -1.703414008765178622e-01 -2.054357426480742377e-01 -1.396623676423594251e-01 3.648932197795398680e-01 4.610110403239236487e-01 -9.984749413202030632e-02 -4.304861612597543630e-02 3.186924069994129805e-01 2.973612993075603339e-01 2.600123199128051565e-01 -1.517157570454743254e-01 -1.039390895583694463e-01 -9.769410555504656757e-02 -2.477587891725443747e-01 -1.587948309120875701e-01 1.722576919665294304e-01 7.399613052562324655e-02 1.135936019455519863e-01 2.087297352371833836e-01 2.929771163413431023e-01 2.997383151205052498e-01 3.914579468522272343e-01 1.073135458272455045e-01 -1.637497239008424976e-01 -1.916473495014550943e-01
2.279852195116023328e-01 2.602175403435278978e-01 2.065241954386015655e-01 3.596004327657620347e-01 -3.832010708408083860e-02 3.748660998467573391e-02 1.216867772387121294e-01 1.311710579135474675e-01 3.715216192179562199e-02 2.437596101960980699e-01 2.114953782717543529e-01 3.418052376922195434e-01 4.856550192618038775e-01 1.000000000000000000e+00 3.281175798027815560e-01 3.445443418285132897e-01 3.831733745811449765e-01 -2.421753377212894631e-01 3.429522990488105827e-01 -3.377756641780196856e-01 3.151962469021234448e-01 3.230239009692355556e-01 3.219190617149821354e-01 1.908919375499931737e-01 2.947094560983625766e-01 2.069441060143979716e-01 2.413521362962260386e-01 -1.009190253779834595e-01 -7.453113829034024862e-02 -1.796864705141748217e-02 1.921413618713135596e-01 3.468527566768104808e-01 2.234541903794659001e-01 -6.727576373412226529e-02 1.480898077686270409e-01 -2.859593981939239637e-01 -2.418572954628943339e-01 3.432436551034021566e-01 3.738508979288924228e-01 2.595548698899146078e-01 -7.635928262180363517e-03 5.330732563850099082e-02 3.244307959399284069e-01 -2.157382864108939036e-01 -2.288084637045523784e-01 2.489702787960627606e-01 1.005247910127151784e-01 1.360837605275466156e-01 -2.036993012010399062e-01 -1.337509155384979109e-01 3.711982574664789425e-01 1.672857767383752470e-01 9.642462243229567645e-03 1.502842926347773122e-03 7.788465449170624277e-02 1.488211503771511013e-01 3.328577607718985476e-02 -2.409497559687450927e-02 6.486526188872306087e-02 -1.841592178455639106e-01 -1.127639770994942475e-01 1.833213332561072495e-01 2.170880384247509121e-01 2.133632482110291440e-01 -4.442153551536219547e-02 1.472614294267144686e-01 -1.722700479354263292e-01 4.285545620136777534e-01 -1.015211971896589765e-01 -1.207477539249131732e-01 -2.853969140310381736e-01 -6.021781418748857473e-02 -6.519230263743901188e-02 -4.927859396029564409e-02 -6.418774936431179134e-02 -1.419630189979058932e-01 -1.328964338747835872e-01 -4.432403895837984387e-02 2.028248832540608670e-01 3.658924634061151981e-01 -1.964018366808431837e-01 -9.441961056363673555e-02 1.149929263694715181e-01 1.068887716145403982e-01 -1.877302017717255925e-02 -1.749095044931628928e-01 -1.286606206715919243e-01 -1.787809804486466259e-01 -3.131727151105118678e-01 -2.812726601579151331e-01 7.121644349562150644e-02 2.147916501477094009e-01 2.321982263021179771e-01 1.734434622122035252e-01 2.881261472339644580e-01 1.879292555376661095e-02 1.765867160848431094e-01 -1.374201319060338600e-01 -5.607835235128338230e-02 -1.373904591165524547e-01
-3.463513325383749675e-01 -3.442527647175222527e-02 -1.297296233332111692e-01 1.069008395825143121e-01 1.845993355819991188e-01 1.116434062434069618e-01 -3.492447672171557493e-01 1.392104340578249888e-01 1.705849397169010573e-01 -3.084236338734368532e-01 -3.006305112783302924e-01 -3.513582541542635274e-01 -9.729962005809578152e-02 3.281175798027815560e-01 1.000000000000000000e+00 -2.158898676395920035e-01 -8.928690167436087455e-02 -6.389250127858630765e-03 -1.222910219596412690e-01 -1.241743592120546080e-01 3.039538843051535766e-01 -3.615107792786230179e-01 4.882411396151226796e-02 -2.426082284923428978e-01 -2.891433802888022653e-01 -3.997022481764891944e-01 -4.644176460400572526e-01 1.379472506916591956e-01 8.309267885722035341e-02 4.498491745842061462e-01 -1.970482254408403855e-01 -3.419853922156967374e-01 -3.488875439731353167e-01 -1.317807220712938487e-01 -5.044119996930422900e-01 -1.809370399830803056e-01 -1.987015125077814803e-01 -3.260299600915191887e-01 -2.367214348533385471e-01 -1.659702030007677298e-01 -3.853204514624282151e-01 -2.455742128089790088e-01 -4.029385252811131801e-01 -3.742254929364694643e-02 -3.639634516945629006e-01 -4.681111484449217985e-01 -4.416025464826241476e-01 -3.739095265137030166e-01 -7.020798461800753856e-03 -1.657161954110198954e-01 -2.250819991823212185e-01 8.844146172985876964e-02 2.767860664163821482e-01 3.253388616618007045e-01 2.980371251237985963e-01 2.867797877305132137e-01 3.401770837548485082e-01 3.387623122127239039e-01 6.594693414423001554e-02 2.586937810945683092e-01 3.410799265147039794e-01 2.838819469215073665e-01 5.328597852273223578e-01 7.195984041904945894e-01 5.154603098875043532e-01 8.096557821432689428e-01 3.301422379385375305e-01 2.505536425486846186e-01 3.829221036499721453e-01 3.962932369707524161e-01 4.413239036461645837e-01 2.252678492909656882e-01 4.724501765505183526e-01 3.554934312064933488e-01 3.266937882924593195e-01 3.673809544924884207e-01 3.383257441478088601e-01 3.125647897586351642e-01 -3.036940305237492699e-01 -4.040380499443195217e-01 1.163788107345459094e-01 -9.616053016054465497e-02 -1.425235677982991389e-01 -2.851141740964076576e-01 -4.687846608095278533e-01 3.103561288267414064e-01 -2.834780731874234072e-01 -2.486462152107430656e-01 4.259230062511618758e-02 2.167555005695489395e-02 -2.731638740055663539e-01 5.834664309467297964e-03 -9.784495623947811471e-02 -3.615321363559718115e-01 -1.538843898111375286e-01 -5.224417050203853385e-01 -4.409729594320068169e-01 -1.207730031360640804e-01 3.477670981164829311e-01 2.185281714210462762e-03
