1.000000000000000000e+00 2.791167193934037671e-01 4.131469280450397186e-01 -2.027338690829120216e-01 -3.519689723503196394e-02 2.300101643706367605e-01 9.482840088069752205e-02 -5.679417856931422148e-02 1.453222826766892989e-02 9.016166134539065069e-02 -1.006501491831644363e-01 3.380097248941341115e-02 -3.476781056896038891e-01 -1.491773101462546269e-01 -1.892032681894609547e-01 2.902678252515250579e-01 -1.971792649159944399e-01 -2.918832092951474944e-01 -2.036527820236091746e-01 -1.703487659487037675e-01 -1.883095250326867753e-01 -9.700234062878576591e-02 -9.108259959905851133e-02 -2.648409802395529922e-01 3.669758767150980705e-01 -6.331547728257523600e-02 -7.934301119771652866e-02 -2.053844128416659753e-01 -2.184044894930835812e-01 -1.260051891333270890e-01 -1.311468627677546406e-01 1.540435386617495898e-02 1.308305600350151594e-02 -2.779501125804708095e-01 -2.179794683171934755e-01 -1.584424541080636795e-02 -8.843151782274129291e-02 3.081314275663692426e-01 1.540460253959856536e-02 7.012722949058800004e-02 5.425757963682386470e-02 4.119589315659640261e-01 7.852100411901256904e-02 1.263067032858481986e-01 -1.779729266209605087e-01 -1.073312691672881070e-01 2.771875161864774742e-02 8.624394371344540344e-02 3.837306915118957051e-01 9.910132595143751610e-02 7.191169758268257661e-01 3.885993149709297545e-01 -7.139666858906945635e-02 -2.346662501782441068e-01 2.442352753366928697e-01 3.522957876697843660e-01 -9.630611970336279415e-02 -6.086622279091429000e-02 3.421827366575504875e-02 9.346459391458444843e-02 3.142701940880907041e-02 -3.722509039616582749e-01 -2.405262895424547243e-01 -1.918609177780050967e-01 -1.556619100073904083e-01 -2.097967290744043034e-01 2.417726476790611062e-02 -3.304690457484229515e-01 -3.372434224989984686e-01 -3.683283254115879979e-01 -1.508782102332574260e-01 -3.022902085531534166e-01 -1.478955292683617473e-01 -2.591460510774218004e-02 -2.555610735925617494e-01 1.587718509800524480e-01 -1.899984038533162056e-01 -8.918882488531094943e-02 6.443041496661867928e-03 -1.237264736960452631e-02 -4.093672851319249961e-01 -2.883042134954627578e-01 -1.556097993518328060e-02 -2.391236948612003033e-01 -6.717734802826498541e-02 -1.869463537295963651e-01 -1.570124429763948837e-01 -2.186088113124099452e-01 -1.536390877464916538e-01 -2.254502351437869534e-01 2.081090250023956978e-01 2.892168224659272258e-01 8.308511235218733748e-02 3.760891699319254822e-01 8.506809610748393424e-02 2.105238406716337662e-01 -8.300956098175628350e-02 -1.025885106523642260e-01 4.185060626562766006e-01 8.246163733879974256e-02
2.791167193934037671e-01 1.000000000000000000e+00 6.105574131513906710e-01 3.690137160569979535e-01 5.646381099869142162e-01 4.182638435477172290e-01 3.468326599341752803e-01 4.497653134677614961e-01 3.233566872572841144e-01 1.336508917004536334e-01 8.980281753713341419e-02 3.285415869778286757e-02 2.609001471208393513e-02 -1.050069413475249180e-02 -9.442183912660791212e-02 5.104968570653947157e-01 4.940817393623612996e-02 -2.346162693265008712e-04 4.176715525396883233e-02 -6.889333246194252747e-02 -8.282508356583749565e-02 1.858855520424467379e-03 -7.963140836492535457e-02 -7.526996047672673829e-02 2.920381555155531772e-01 -4.175752423820724979e-02 -1.576654163767324257e-01 -1.237499000768088747e-01 -8.222373423230215639e-02 -1.660295825812396764e-01 7.194396134296762724e-02 -1.233778656411627268e-02 -3.466673656880689403e-02 1.502800321693745569e-02 -1.948965703689691312e-02 -5.097912430867221345e-02 -9.445293889048526903e-02 1.157018127437587085e-01 1.423592409396438607e-01 6.246627289778639708e-02 -1.317710737743014171e-01 2.235682291430453050e-01 4.410641204113193575e-02 2.145019581590278113e-02 7.384119608153680292e-02 -2.383649169164706316e-01 -9.358322449511448371e-02 -1.344896103611375737e-01 -7.307955246465926320e-03 -5.936457577552631260e-02 4.080645742801026765e-01 7.259853220107006511e-01 3.640241843033733549e-01 1.363645789043346490e-01 5.942475262394861790e-01 4.530054607828210567e-01 2.338836235798117669e-01 3.294861719168247216e-01 2.251759193258351388e-01 9.387020560109786416e-02 1.557340056668828354e-01 1.936008143269896467e-02 -1.475411448015779836e-01 -1.934105286350762051e-02 -1.150227610638152737e-01 -8.903405541327090444e-02 6.404506179495025875e-02 -2.132582931811250609e-02 -3.387945116431885506e-02 -7.381556208714448730e-02 1.357980300856873003e-03 -4.658541301226651332e-02 -2.159910640154501238e-01 1.921997178889321423e-01 6.662631461513426889e-02 1.469231555024863856e-01 7.418439130650576925e-03 -3.977833332529725346e-02 -7.443021281487177676e-02 -8.410005981547245824e-02 -1.756043100089190179e-01 -2.471951711767262083e-01 6.162280520092505015e-02 -1.048543760564425893e-02 -2.283353975141834691e-01 -1.563023255203671857e-01 -6.508679702340809670e-02 -2.206595390659231715e-01 -7.978450658271123153e-02 -1.888453115078793099e-01 1.145895257897815017e-01 2.908310978924090739e-01 2.217195387762352088e-01 2.638031414801114694e-01 1.522745002448275264e-01 -4.270079707441500755e-02 -2.545868470926868632e-01 -2.214637444120267640e-01 3.791233083412456906e-02 9.811639831905935236e-03
4.131469280450397186e-01 6.105574131513906710e-01 1.000000000000000000e+00 1.746303179865366650e-01 4.897248777053271884e-01 6.830359520319329025e-01 3.300493875453412995e-01 4.493764676059018859e-01 4.434182653854542022e-01 2.571410066097750136e-01 1.851674021472201614e-01 2.204453348154430670e-01 1.114653015755658061e-01 -2.620927462805516459e-02 -6.649019259654799507e-02 3.074090938583338151e-01 9.250596497064624002e-02 1.238727015970220030e-01 9.482834040468376968e-02 3.540620369900508019e-02 1.995312692790125048e-02 -2.288362530190922797e-03 -1.506492466562362256e-02 -5.228686574300155099e-02 4.347844148579121937e-01 9.056841240089205658e-02 -1.450495050073461467e-01 -3.290192663454814120e-02 5.599355772174972184e-02 -1.296279766518732834e-01 -9.991573877530394998e-02 -8.195919304304205566e-02 -3.169538597613750230e-01 1.412773487469951017e-01 4.948031877233721731e-02 5.675193898648194651e-02 -6.324241905098045013e-02 -3.718165971155443228e-02 1.208304011473331219e-01 1.429763118953668588e-01 -1.704646399696464476e-01 4.079877977936042233e-01 9.083741794561472904e-02 6.664389300238172595e-03 5.052578020797066083e-02 -2.198479034995252102e-01 -5.552203012138143268e-02 -1.236073784667189868e-01 3.212267539969754226e-01 7.551195922463617427e-02 3.421394434886735891e-01 5.955450729882105776e-01 8.326956795591901328e-02 3.009451963642318512e-03 7.163493213822058614e-01 7.760974317722613147e-01 2.352781347861005179e-01 4.280457824709370529e-01 3.327651593923960371e-01 2.693962856423753882e-01 3.155832942292856047e-01 1.166413413454658737e-01 -4.978307093930298133e-02 -6.941003405357097644e-02 -1.127410361833183772e-01 -1.286553306180747425e-01 7.212313214582614929e-02 9.957934061165701900e-02 1.107639616817227279e-01 -2.005772303227912334e-02 5.346653090609069375e-02 6.543362718258255439e-02 -1.269278223784332804e-01 2.427366908355751141e-01 2.069411205417278077e-01 3.726517177969451144e-01 1.478852797483345693e-01 6.813578002262463129e-02 -2.398043283563626449e-01 -1.750561534251349471e-01 -1.187651018202634939e-01 -2.870060796425388250e-01 3.228256802853216034e-02 3.258355748351669801e-02 -1.837499937966713681e-01 -1.376309525438663695e-01 2.095769241690011164e-02 -6.334106631902200468e-02 1.346889511941806727e-01 -1.260297878423639606e-01 -1.360647729250587801e-01 1.424967428586367546e-01 3.027059087305898899e-01 3.383407659206692508e-01 2.280322845306388957e-01 -7.319250743651976865e-02 -2.144649761320012449e-01 -1.589584339613103470e-01 3.528594981631288374e-01 1.318305256526015878e-01
-2.027338690829120216e-01 3.690137160569979535e-01 1.746303179865366650e-01 1.000000000000000000e+00 5.431192932840035459e-01 1.541670773544154271e-01 3.560745919044946972e-01 5.287533250745677371e-01 3.517127306455299918e-01 9.224885022428302994e-02 7.640603016020773575e-02 4.902785441385520970e-02 1.546420166069622515e-01 1.916709016150607570e-01 1.312681357462869014e-01 2.285247279503646034e-01 3.764432388815436292e-02 1.831129516751818509e-01 2.140083474593958146e-01 5.430340478617222411e-02 1.977017811598857921e-01 -1.513728712966140033e-01 3.841821445656487533e-02 8.379489095207144633e-02 2.343788446388432936e-02 -5.411697465223176684e-02 -2.422522231192525133e-01 -1.157105996413002741e-01 9.587682303165413755e-02 5.897977100581756893e-02 2.400534898081054525e-01 1.873812605136803977e-01 2.033002686499998934e-01 3.639001842081181215e-02 5.822633319568124369e-03 1.034493595248836897e-02 -3.523937323610424905e-03 -9.610361890707509736e-02 7.481578374283194555e-02 -1.082328476557732535e-04 -2.375249007066224660e-01 -8.364209612210492251e-02 -1.540921763298345737e-01 -9.864159639959218379e-03 3.276923197376643837e-01 -2.519663928101142925e-01 -5.625357417701882384e-02 -2.403142655375270775e-01 -1.885929976439074951e-01 -1.206303846714103511e-01 -9.748254355403157545e-02 2.078052205963769605e-01 4.954733525921415360e-01 5.645567244840785648e-01 2.186359739303712912e-01 8.497948357111105577e-02 3.483761720533940509e-01 3.575774137043927769e-01 1.573422744835220044e-01 1.494745059716248714e-01 1.453352864294391589e-01 2.427333950521973760e-01 1.272617744233223436e-01 2.032301373326048655e-01 1.321317990836799183e-01 1.335136708826902552e-01 1.433536762587018232e-01 1.677344839089354722e-01 1.553131695614032581e-01 1.778620534093720562e-01 2.202143985928146919e-01 1.087556731138953625e-01 -1.404512054486030739e-02 1.482270593955902216e-01 2.891131857170674557e-01 1.066478101445006710e-01 2.184361947918945779e-01 1.251435396663188593e-01 2.287565886695179865e-02 1.502456432860310998e-01 6.563421070300529125e-02 -1.310806053500402080e-01 1.314366826388541909e-01 7.370143786779190243e-02 -2.824326688699833610e-01 5.972544556345278643e-02 9.876028504754602588e-02 -1.239185362277568508e-01 5.266843930442521166e-02 1.062390424870738627e-02 -2.827308975424859538e-02 -9.642154979741883458e-02 4.805129866820651713e-02 -4.112351800567492360e-02 -2.816628002129578992e-02 -1.252824813383252855e-01 -2.892475516403944513e-01 -1.361328271195358375e-01 -1.642063705378625227e-01 -2.494948274356826798e-02
-3.519689723503196394e-02 5.646381099869142162e-01 4.897248777053271884e-01 5.431192932840035459e-01 1.000000000000000000e+00 5.771541773327691915e-01 3.804545881114316241e-01 5.306001868198093607e-01 4.282442439288536296e-01 2.054867500810614589e-01 1.505954825877997838e-01 -3.293756689129720416e-02 2.517856946824631459e-01 1.623229969642509853e-03 -8.817051957867619305e-02 3.406113754295507778e-01 1.155149643887426608e-01 1.513392153864203948e-01 1.571232349927217109e-01 -4.098187421270420988e-03 2.155475297017847569e-02 -3.771101346448891417e-02 -1.345136187804496786e-01 8.095598522933437902e-02 1.839274212683552623e-01 -1.480433390491420753e-01 -2.506543726769484559e-01 -4.595393838857610852e-02 6.558936414278691840e-02 -1.307564878770794692e-01 1.482604665185989490e-01 1.585227789433037854e-02 9.603294939693914761e-03 1.101664277985971441e-01 4.438415094491416496e-02 7.868372236090256933e-03 -6.715675453353479873e-02 -1.026088135808006091e-01 1.375005771137663979e-01 1.454857911838766948e-01 -2.586455280633504494e-01 4.977615790145675789e-02 -7.481894844767025821e-02 -7.590122684223565841e-02 1.474048818739000788e-01 -3.150835653188134300e-01 -1.052440543948444523e-01 -2.831823380428412085e-01 4.756657909412361634e-02 -9.755479770364362813e-02 7.496463344677406493e-02 4.553266484980163509e-01 3.869420152728244577e-01 3.853946192872542142e-01 6.233643276283911128e-01 4.312513560018725323e-01 4.011434821340169599e-01 4.242829670171762158e-01 3.436745756149530151e-01 1.238653028153631659e-02 2.038010580253969417e-01 2.986926156475560035e-01 9.550440049453011448e-02 1.928410659069243601e-03 -8.144518050173832346e-02 -8.044699135867573736e-02 2.091282518521265232e-01 1.774573836739365140e-01 1.439001588825955247e-01 1.210002040006873114e-01 6.509027308661836930e-02 1.306639301052400781e-01 -1.801804212371203862e-01 2.952573123688491119e-01 2.751366442830249781e-01 1.305948644540831927e-01 2.195344672080041803e-01 4.945216853639993609e-02 -5.865950307116525597e-02 -7.810817424520508090e-02 3.631633430010450941e-02 -1.877452539833904810e-01 7.353611492060561916e-02 1.516740064987452952e-01 -2.202262938003844150e-01 -3.037818076315428224e-03 6.632357860427363916e-02 -1.040521409223535143e-01 5.144671196883124353e-02 -1.081908350705491489e-01 -2.436613745342422130e-02 1.109799696905656129e-02 2.475806385476668481e-01 1.273131471394643444e-01 1.419131612908228202e-01 -1.327144329759695762e-01 -2.942084114267872197e-01 -1.659431830437253230e-01 7.719741836320030692e-02 -2.450427192711942745e-02
2.300101643706367605e-01 4.182638435477172290e-01 6.830359520319329025e-01 1.541670773544154271e-01 5.771541773327691915e-01 1.000000000000000000e+00 4.362393910168945732e-01 5.244474238862538717e-01 5.909689989305730862e-01 4.473727775249283778e-01 2.322156265312379508e-01 2.353618997109408473e-01 1.981335450948313037e-01 -1.028919419775489730e-01 -1.050559137238767787e-01 1.923797040850112883e-01 7.861992272977734453e-02 1.211973984828735723e-01 2.493013424241642684e-02 -2.758364796820728798e-02 -2.539853418306465757e-02 -9.650879985058830046e-02 -1.266714548018474107e-01 5.540104367448683148e-02 4.100441249329263571e-01 8.011805843668974580e-02 -2.305789382415301680e-01 -5.503606108208961012e-02 1.803198451595869681e-02 -1.662686594939172813e-01 -1.298582084944471526e-01 -1.317068036565829658e-01 -3.531155689370847894e-01 1.204553420019072035e-01 6.385913237521959052e-02 1.574542098213448649e-01 -6.410345363336461544e-02 -1.278203237394164582e-01 1.945895717775750211e-01 3.268571391866112452e-01 -1.651914926172513287e-01 3.499761943774777895e-01 5.520127787718836360e-02 -5.879753603134092732e-02 4.287818674885315179e-02 -3.080285889867787064e-01 -1.396224507467445919e-01 -2.424786768334746545e-01 4.295714854091349788e-01 2.703992388150817938e-02 2.025928356563669874e-01 3.607142795665398416e-01 3.308071719934933819e-03 2.442870985805841930e-02 8.217476797145201184e-01 7.970365282867271084e-01 4.008772517152776049e-01 5.577407230170187136e-01 5.191808506517868738e-01 2.443223775062813574e-01 3.916681207149319555e-01 1.945996606908744209e-01 2.513184816388821380e-02 -7.773404250290766315e-02 -1.402724815171025319e-01 -1.493820425239136274e-01 2.008296790159598832e-01 1.080716034964731287e-01 1.134072441329877362e-01 4.241015807474293742e-02 2.802756597959991589e-02 4.953450213868214325e-02 -1.493696443352426906e-01 4.015393535454709339e-01 2.752978306074244652e-01 4.421049835455277965e-01 1.636577352090589910e-01 3.594996838973167630e-02 -2.406238673336506817e-01 -2.357771007334560076e-01 -4.281951687232930792e-02 -2.078159561413557288e-01 1.461887794563774406e-02 7.359076896702282378e-02 -1.914585232828922290e-01 -1.285081299144363587e-01 3.570358102072042350e-02 -4.322066987889252448e-02 1.307133394940605542e-01 -5.658442095063992427e-02 -2.378867978944151640e-01 -1.503817212131861036e-02 3.256703883666001165e-01 2.706986634562734140e-01 2.625886340780755335e-01 -9.700584313649224244e-02 -2.641872166565417679e-01 -1.849310561151902843e-01 4.799310275569904638e-01 1.102472322508789709e-01
9.482840088069752205e-02 3.468326599341752803e-01 3.300493875453412995e-01 3.560745919044946972e-01 3.804545881114316241e-01 4.362393910168945732e-01 1.000000000000000000e+00 6.308670277953564165e-01 4.941391843332084699e-01 3.898686869724597992e-01 1.052566820879884124e-01 1.982418041375849926e-01 1.927598303767096358e-02 -8.667650990373775011e-02 -5.953349257935621613e-02 2.879068919570562657e-01 1.839423174457307519e-01 1.106127266645222235e-01 4.828548379204028462e-02 -1.181018109726893715e-02 3.701503397533257439e-02 9.018918337004526442e-02 -2.405523938493700498e-02 3.334568613140990179e-01 2.500171633951908112e-01 1.162482661435703807e-01 -7.574051059462485330e-03 -5.609049201219274555e-02 4.369234180702603193e-02 -1.283304175968370542e-01 3.463611217075956983e-02 -1.760955771025541489e-02 -1.124392063014034993e-01 7.967095151376013540e-02 1.274620984503201937e-01 7.798348577496218292e-02 -9.749380590698294990e-02 -6.621291700717260760e-03 3.267365952593682676e-01 5.989094223334400224e-01 1.798784857975733453e-01 3.038870389761642588e-01 3.066911196127311556e-01 1.823479324062556584e-01 3.238978870155264089e-01 -2.628525315453120528e-02 -8.325112252057679380e-03 -4.474943337467354731e-02 6.689818290239074594e-02 -3.442970563943997808e-02 1.283577917594618534e-01 2.147708674937695572e-01 1.407811483458984159e-01 1.481423896422577324e-01 4.899835674515881090e-01 3.490090916337201254e-01 5.163238752002411447e-01 4.663843091004027386e-01 2.204830763449718289e-01 1.834256551425395010e-01 1.923553279854762765e-01 2.853388859977607286e-02 -1.444305903364050125e-01 -1.329221064049095624e-01 -1.780736798173287172e-01 -8.023619353148163380e-02 5.217705109201022928e-01 -7.612792339578942913e-02 -3.645361971732033468e-02 4.708614207562008408e-02 1.001663241121004133e-01 8.999944168140981693e-02 -1.340110452696918475e-01 4.773832772517555001e-01 1.709944800722480174e-01 2.276476911106868062e-01 8.805145194970316613e-02 -2.898025073406844745e-02 -5.335792757141082088e-02 -1.682187461874850298e-01 -6.769359802728421027e-02 -1.528551539806308202e-01 2.563706009141215048e-01 1.534197565346316627e-01 2.289071441013855804e-02 -1.687414697380033302e-01 -4.564670619690482101e-02 -1.190217441858177662e-02 3.765200873424549843e-02 1.932373569460210383e-01 -1.327443052260142420e-01 -1.113780577074521411e-01 3.868700459131186320e-01 2.033784434058646673e-01 3.412903495399534637e-01 1.352164904255953315e-01 -6.749709997442186749e-02 -1.574867380879473866e-01 1.685766661980957204e-01 4.595281613146754568e-02
-5.679417856931422148e-02 4.497653134677614961e-01 4.493764676059018859e-01 5.287533250745677371e-01 5.306001868198093607e-01 5.244474238862538717e-01 6.308670277953564165e-01 1.000000000000000000e+00 7.846416193867027378e-01 4.089503907238322689e-01 2.940288476506207616e-01 2.703665110053051213e-01 2.131235937227735910e-01 8.301781656016316013e-02 5.738005239925077910e-02 1.566379952091714600e-01 1.677535979963362400e-01 3.389112294440154716e-01 1.742491448382387786e-01 2.118595642004512253e-02 1.299536796553490969e-01 -3.110982993639599750e-02 2.702452140301534605e-02 2.142251669798056202e-01 1.278934860515690553e-01 9.927009808412941283e-02 -9.051393933616694309e-02 2.471221889148575955e-03 5.364152775497801201e-02 -5.174245543062477165e-02 6.716171867010434227e-02 -1.337759603432128741e-01 -2.246128342671158684e-01 1.854279886436763503e-01 1.844756098221992657e-01 2.501900053189656248e-01 3.928069265402493043e-02 -2.234312732808754753e-01 2.096776033299849740e-01 3.120332398229037629e-01 -2.039756958730729042e-02 1.479851208720945333e-01 9.524753339988493994e-02 8.963103821670931337e-02 3.507406799712344259e-01 -1.899803617698593849e-01 -9.670806232876574815e-02 -1.905118669193415215e-01 3.924065001382046752e-02 3.964414182534931747e-02 1.172837671209775966e-02 2.592126490472180800e-01 1.990617777187163040e-01 2.587352999109499563e-01 5.794232063667971167e-01 4.768406345106778743e-01 6.186032028281550632e-01 7.769657746968375855e-01 3.433377254907247766e-01 3.027247002199518477e-01 3.104213767407214553e-01 2.383657388599186577e-01 2.610154909929590390e-03 6.808864816906631812e-02 -8.894638316232073363e-03 3.221937163750575317e-02 3.787972898250736020e-01 1.590181794778074142e-01 1.659898046223032553e-01 2.912711332519289376e-01 2.065801044919892415e-01 1.682901928107826683e-01 -5.841423096100177570e-02 4.141149030744087911e-01 3.681827233980843328e-01 2.424836519239728649e-01 1.642224848815369009e-01 9.269210638348619746e-02 -1.168288399452085541e-01 -2.445756573561259362e-01 7.616282060564408263e-02 -4.839505741175410131e-02 2.115951341863772928e-01 1.836120741884046115e-01 -9.413003155662026666e-02 -6.634215213237695807e-02 1.261473852243194527e-01 1.797482689782047699e-02 2.224565973842565492e-01 2.105498106107841771e-01 -2.388937643936908661e-01 -1.139600212655883654e-01 2.465566826383359389e-01 1.169574552573082876e-01 1.353474148114314768e-01 -2.430534321681860135e-02 -2.337188979548884826e-01 -1.371185590034238455e-01 1.332485615635624621e-01 1.294617872243869761e-01
1.453222826766892989e-02 3.233566872572841144e-01 4.434182653854542022e-01 3.517127306455299918e-01 4.282442439288536296e-01 5.909689989305730862e-01 4.941391843332084699e-01 7.846416193867027378e-01 1.000000000000000000e+00 4.416955609653075432e-01 2.490673849605164469e-01 3.162351902536347792e-01 2.014593914465621360e-01 3.895721622264293471e-02 4.574240893795118723e-02 6.212162668090936285e-02 1.333705402403342344e-01 3.738696761825978654e-01 1.226121810572830956e-01 3.564048037901049876e-02 5.055211455644906260e-02 -7.897977653597632042e-02 1.593911417403170647e-02 1.453425379581230470e-01 1.598474707038435583e-01 1.019868135192005532e-01 -8.252415124943882074e-02 9.879465503871510956e-03 5.449491994770342546e-02 -5.038723741344600798e-02 -8.729126447729146322e-04 -1.794932518042846592e-01 -2.964490712007689099e-01 2.388243400621952450e-01 1.460881874364186039e-01 3.986245992176646880e-01 7.704226285253301665e-02 -2.484991362808841031e-01 1.079665937436558448e-01 2.726407948415676130e-01 8.182610455938118523e-04 1.446296886180751529e-01 8.395606259237130276e-02 5.625921489763761885e-02 2.461595661419291592e-01 -1.534540111553377162e-01 -8.693088530302645056e-02 -1.720168537397036290e-01 2.036786686139206437e-01 1.295291793221568233e-01 1.977393808986611934e-02 1.696575885322058608e-01 4.598741867590563914e-02 1.923832819914670644e-01 5.919126005128702017e-01 5.423315626149378677e-01 5.977673120510759164e-01 8.455514418131229171e-01 3.784013082144648266e-01 3.668697448207619005e-01 3.979134439564115389e-01 2.325530943042761756e-01 6.123573776142848812e-02 5.803391890546488047e-02 -2.639361207837571249e-02 -3.044659337605162830e-02 3.467174729798170318e-01 1.935702455905396469e-01 2.110042544058543801e-01 2.806289490109739049e-01 9.311200401256940207e-02 1.781215442418619399e-01 5.784709135576800079e-04 4.224849861999134260e-01 3.567504694203199600e-01 3.420468752593017192e-01 1.667885706171337301e-01 1.137227657021117888e-01 -1.184111955715128339e-01 -2.436045593242095464e-01 1.479772453755750228e-01 2.152984636115069100e-02 1.322326207549342769e-01 1.642408367832341454e-01 -6.761588120492774412e-02 -6.271954459947384590e-03 1.406616703454488526e-01 4.346143591988849142e-02 3.319835151255867700e-01 3.071320160864701720e-01 -2.426731507065017779e-01 -1.264876578194744083e-01 1.482540615831613728e-01 9.052011133948496824e-02 1.692210586215667778e-01 -7.336845979883006852e-02 -1.843883285408992323e-01 -7.711726828954108826e-02 3.022531374806889937e-01 2.113169521857164446e-01
9.016166134539065069e-02 1.336508917004536334e-01 2.571410066097750136e-01 9.224885022428302994e-02 2.054867500810614589e-01 4.473727775249283778e-01 3.898686869724597992e-01 4.089503907238322689e-01 4.416955609653075432e-01 1.000000000000000000e+00 4.976843084212032031e-01 5.661209588498760104e-01 2.645124389756632333e-01 -4.642821748681295012e-03 -2.875792184078183877e-02 1.110008560293465792e-02 1.544468297029614745e-01 -1.139547373860214791e-02 5.465606438735866324e-02 -1.571831579339517670e-01 -7.913330094706852447e-02 9.822374490149615375e-03 -5.671451771809087050e-02 2.026004613994600023e-01 5.167794726207806111e-01 4.218890118025136471e-01 -1.618363130480096612e-01 1.171374609414509160e-01 -2.561628717254359547e-02 2.959153629960198373e-02 -9.506955951148327033e-02 5.567465420279442412e-02 -2.583088963389697512e-01 9.090855137382677920e-02 2.163751137693235016e-01 1.156703418308191456e-01 -1.343505163825176041e-02 -3.587899116118933168e-02 2.677555281098563111e-01 3.898786498094209962e-01 -5.777186060683824759e-02 3.289342960112349723e-01 2.833801186095225022e-01 -2.850299546009841395e-02 1.798819541734766603e-01 -1.466744966971736119e-01 -1.087388752802468245e-01 -1.481880156239729907e-01 2.172414323381399170e-01 -2.913268769461314564e-02 3.957924771931935204e-02 6.439679112547083695e-02 -1.174238908526566982e-01 -1.013547842534529009e-02 4.470213984349158953e-01 4.217384025411003989e-01 2.968955430283579111e-01 4.427786315599657185e-01 6.841311060029794389e-01 5.665321621835505139e-01 6.006765731104978245e-01 1.888599300590484420e-01 5.001269078878300273e-02 -8.406105246941027176e-02 -9.749379641473075730e-02 -3.182195859961463313e-02 2.608971678575378039e-01 5.424705808577049565e-02 -4.550880799535667043e-02 -8.998766970851335145e-02 -7.870895134412246585e-02 5.786335129585792186e-02 -1.274654849659193900e-01 4.913364431344094951e-01 3.576288436548725747e-01 6.095921428867171477e-01 8.923437481442460240e-02 6.592443941555295450e-02 -2.386198475835613897e-01 -1.126907262184257408e-01 -7.629067038270981316e-02 -1.411239896786266601e-01 7.371227631485106901e-02 1.663339683888145903e-01 -1.210815768972071105e-01 -1.399712707657193855e-01 8.742648801263548652e-02 1.314079367383046704e-01 6.368159848060021833e-02 1.446938829038866836e-01 -2.422146437030427146e-01 8.748364865330270773e-03 3.380428928943449152e-01 1.517802404329835486e-01 2.285445846430841643e-01 -7.877558050274371948e-02 -1.607299004281555477e-01 -1.557987258743156189e-01 3.337088441577163445e-01 3.990421943900284568e-02
-1.006501491831644363e-01 8.980281753713341419e-02 1.851674021472201614e-01 7.640603016020773575e-02 1.505954825877997838e-01 2.322156265312379508e-01 1.052566820879884124e-01 2.940288476506207616e-01 2.490673849605164469e-01 4.976843084212032031e-01 1.000000000000000000e+00 5.675599159315328768e-01 4.153838864353540106e-01 9.653377142434171887e-02 6.425963636401625656e-02 -7.607857513464903743e-02 2.332204856554304928e-01 3.557532055403281324e-02 2.381646112345081889e-01 -2.379717926145710413e-02 2.631126923217170024e-02 2.558904162691489348e-01 5.926290261976610574e-02 2.529605264009456289e-01 2.389906678317729183e-01 5.127211701044945835e-01 -9.551911488265250882e-02 2.679239535520709370e-01 1.367764212880617780e-01 1.022533156006194682e-01 -1.948719928519382083e-01 7.784961583033436772e-02 -2.683466744282431704e-01 1.517132258153887914e-01 3.763029698510920729e-01 -1.644211202132036045e-02 6.328944528006442971e-02 -8.557379075639608146e-02 1.709512573179805817e-01 1.125969110846194998e-01 -8.531371215868328861e-02 1.801692855855313580e-01 7.858586555460153611e-02 -2.746661510573804310e-02 7.778379720213041137e-02 -5.580756709557123385e-02 -1.984904664633392601e-02 -1.169078842587981393e-01 1.091962909645739083e-01 1.281061450166569304e-01 -5.033387742316952629e-02 1.125931782913572737e-01 -8.218722764324390417e-02 -2.162282591630312629e-03 2.166993481127919008e-01 3.161919448744553995e-01 1.375262408300441663e-01 3.251610191168909925e-01 4.656780484496725325e-01 5.474105005196518992e-01 3.730597549964975168e-01 3.395383256559838525e-01 1.142122936109002534e-01 4.118256750536559811e-03 4.433045749089811922e-03 6.767390161400134441e-02 1.002459366658218221e-01 2.422052063845045178e-01 8.902925148582309378e-02 -8.393099742438954458e-02 1.972213490434601701e-02 2.259673274731632542e-01 -4.739396584712483179e-02 2.231494345406137003e-01 4.380050615436695272e-01 3.397616816124171546e-01 1.907871811368255510e-01 1.859152847005978715e-01 -3.886063810461549695e-01 -4.151195676062491291e-02 2.036933094424414267e-02 -1.963322639802176084e-01 -1.729106884471068861e-01 2.371254810935768120e-01 -1.462825183095304848e-01 -1.158154659649069246e-01 1.817928335370220250e-01 1.561104249392999688e-01 1.597128329899687726e-01 1.015486828338706404e-01 -2.766493777117280395e-01 -7.948119118563827176e-03 2.197685799709925281e-01 3.292411232013484068e-02 -8.973048140113883131e-02 -1.125577070770652083e-01 -1.196246864189807746e-01 -1.176613672415833534e-01 1.311449496059725883e-01 1.724406006837361505e-01
3.380097248941341115e-02 3.285415869778286757e-02 2.204453348154430670e-01 4.902785441385520970e-02 -3.293756689129720416e-02 2.353618997109408473e-01 1.982418041375849926e-01 2.703665110053051213e-01 3.162351902536347792e-01 5.661209588498760104e-01 5.675599159315328768e-01 1.000000000000000000e+00 3.024274262427533722e-01 1.174795184415488025e-01 1.166982668537351886e-01 -6.360821914930639420e-02 3.116127074076543435e-01 9.831591473762245348e-02 2.118179549543856566e-01 -5.339529248921096038e-02 1.160922486572197737e-01 1.579093929446711286e-01 2.019688511784719642e-01 3.235331451938086578e-01 3.118177674291621737e-01 7.053601931396812352e-01 -5.599568303976287797e-02 2.198156801543136307e-01 1.266775438467032944e-01 1.870267566753926469e-01 -1.874761640713161204e-01 5.326908179658817327e-02 -3.073518502872984448e-01 1.661461594793604835e-01 3.382277921067574633e-01 3.049719873380262944e-02 -4.515097963775170642e-02 -2.074960122772527560e-01 2.678974736928505657e-02 1.619107720798181327e-01 -2.004384393376013387e-02 1.821857028301140102e-01 2.015715864347582820e-01 -4.948216704529057736e-02 9.464198120892194921e-02 3.654046857189978490e-03 -1.149006909824207417e-01 -2.007070937327505925e-02 2.820860815221816198e-01 2.387791879014354926e-02 -5.573894968666100180e-02 -1.355224810603715760e-02 -1.861606620106283916e-01 -4.346248533020079935e-02 2.058242257273005527e-01 3.382968698681364517e-01 1.350830710291276715e-01 3.117127934305977677e-01 4.059764658560189865e-01 7.517763673938764324e-01 5.984028121013688084e-01 3.115484186071491024e-01 1.515882398630241101e-01 5.631862983230757208e-02 5.089950814181111449e-02 5.592813584963941126e-02 8.227100208849286167e-02 2.427720446904254870e-01 9.293563514892197452e-02 -1.061044767589713056e-01 6.295877903156402167e-02 2.844075745624959350e-01 1.300303466933807328e-01 2.297584319553617471e-01 5.404531971841211035e-01 5.594613970789066304e-01 1.823502409315861938e-01 2.676088778348149066e-01 -3.139367429077931648e-01 -2.945194173097187909e-02 3.694257069827327350e-02 -2.118088574263748691e-01 -1.429622379457128889e-01 2.548123217314968714e-01 -2.827735408720727373e-02 -9.804512478954117982e-02 3.611918848710302110e-02 2.854476261537313153e-01 1.344921806705970113e-01 1.724755312568894972e-01 -3.075852687790370799e-01 -9.303076432017017006e-02 5.605548174442197967e-02 -8.909512830248682291e-02 3.076500863454656454e-02 -1.494935458171315068e-01 -1.027924599364242325e-01 -6.317216173628407982e-02 2.605839988624807368e-01 5.815226273661593809e-02
-3.476781056896038891e-01 2.609001471208393513e-02 1.114653015755658061e-01 1.546420166069622515e-01 2.517856946824631459e-01 1.981335450948313037e-01 1.927598303767096358e-02 2.131235937227735910e-01 2.014593914465621360e-01 2.645124389756632333e-01 4.153838864353540106e-01 3.024274262427533722e-01 1.000000000000000000e+00 2.462833647309490559e-01 2.115507548194461018e-01 -2.254143457698883080e-01 4.145876564915341178e-01 3.558630240371249975e-01 4.120658798794866184e-01 2.101324631026584289e-01 1.288777769030451659e-01 3.203851523805600898e-01 1.222876315868926672e-01 2.791177150491275794e-01 6.682062323486694100e-02 2.124282960149682098e-01 1.327171579256791190e-01 3.743348532167103393e-01 3.865701020987901138e-01 2.172349109050904226e-01 7.260748279446047060e-02 9.273802100556417793e-02 -1.114991718157067602e-01 4.481958686088585719e-01 4.664877392867602390e-01 1.072730011187975480e-01 1.299593528771005313e-01 -2.388605943264110465e-01 -5.859144392588208627e-02 -4.252270889196577142e-02 -1.055859466305827388e-01 -1.420023148464331086e-01 -2.296314887891686210e-03 -1.319038846231586348e-01 1.586046697238988057e-01 4.715847577257824969e-02 6.356861511375298812e-02 -6.365961198556072120e-02 -6.429383015564922588e-02 3.710795021259324228e-02 -3.256660563158452759e-01 -5.830929860114430346e-02 -6.225249873144525492e-02 1.490544348059320012e-01 1.484828397402425948e-01 1.409070765788109636e-01 9.568665056288451487e-02 2.807704870934532582e-01 2.742033670579015481e-01 1.896054199484052960e-01 3.217071081797515109e-01 7.594587493838287351e-01 4.908364803903921270e-01 1.846525444457128851e-01 1.438173072395359797e-01 1.567983370180079661e-01 -9.746335880731181456e-02 6.211755442501039060e-01 3.761879150866023203e-01 2.030210158877933380e-01 2.979985739812021292e-02 4.638238788317352590e-01 9.258100408145672477e-02 9.988510940480251066e-02 4.901280658643312749e-01 1.458585933633201881e-01 4.200071043893612854e-01 3.120750939675466795e-01 -7.189695141978616477e-02 -6.432052565144839862e-02 2.690153346947218860e-01 2.402870446487153505e-02 -5.268857624793957944e-02 2.492686859971209590e-01 1.449231405513402631e-03 2.016549643133321301e-01 3.003149575114335557e-01 3.416851770076644867e-01 3.099729718689093194e-01 1.014998394003414350e-01 -3.203348097071134215e-01 -1.936706116094576990e-01 -1.163737238169519454e-02 -1.496919137246779941e-01 -1.067363883105868355e-01 -2.927922934320127402e-01 2.404300963019037618e-02 7.382624467043567840e-02 -6.984875928367978437e-02 2.905104532368435466e-02
-1.491773101462546269e-01 -1.050069413475249180e-02 -2.620927462805516459e-02 1.916709016150607570e-01 1.623229969642509853e-03 -1.028919419775489730e-01 -8.667650990373775011e-02 8.301781656016316013e-02 3.895721622264293471e-02 -4.642821748681295012e-03 9.653377142434171887e-02 1.174795184415488025e-01 2.462833647309490559e-01 1.000000000000000000e+00 6.912826703159683506e-01 -1.747111768999622394e-01 2.362267189586240157e-01 4.466437171959437014e-01 6.410012152385706763e-01 4.272781353917264879e-01 4.981406134195573987e-01 1.361653572215130448e-01 6.548744169041522678e-01 4.360298917411352393e-02 -7.878672510607012680e-02 7.139496210641281537e-02 2.466741517318966348e-01 3.275828022847151466e-01 4.017813683939929215e-01 6.899175866597914153e-01 8.425861771327319838e-02 4.608703374828186650e-02 1.329726368032681794e-01 3.288471046989103197e-01 1.318181654328320351e-01 1.026239122818177057e-01 1.904589174665827500e-01 -1.107399771401322147e-01 -1.228813125471968914e-01 -2.539129758974861817e-01 4.299582413715617030e-02 -1.796065666128082161e-01 -1.020447824610953569e-01 8.842025470535981591e-02 7.035766130592520373e-02 3.396716046946722800e-01 4.208672328424802322e-01 4.659309533060122521e-01 -7.609508693402992907e-02 1.723504992326033436e-01 -1.977566990865763930e-01 -1.471803916864450612e-01 6.634547273365637432e-02 2.025913984929662848e-01 -7.256362026807487708e-02 -5.180422776766399617e-02 1.841943408170806928e-02 9.986821000211475174e-02 6.636429195529277777e-03 1.695583092249673129e-01 8.710562021326892501e-02 2.724496795569341101e-01 4.692212827421101129e-01 6.610806567359813757e-01 6.815646295499490082e-01 6.525026485400357013e-01 -1.031561546252358491e-01 4.395116480297311945e-01 3.912005029724313077e-01 3.211066233008535997e-01 3.454425826882774886e-01 2.746732819311035745e-01 6.067062557432709724e-01 -8.207033593549822870e-02 2.118196608234620970e-01 -1.794650874057558817e-03 3.474643099795898249e-01 6.323803749436994748e-01 -1.491013630156958272e-02 1.040751725359138902e-01 2.558113896057290226e-01 1.410561565251746696e-01 -1.282258446128219931e-01 9.711984100759338268e-02 5.221328729689213299e-02 4.814570867071242821e-01 1.937829617597305043e-01 2.390663787550994235e-01 3.057127179847209386e-01 -4.611768800765578442e-03 -6.631870290745735252e-02 -1.725380151179312094e-02 -1.680730833903928412e-01 -1.237744623936076621e-01 -1.712596709228331182e-01 -1.778909433515450493e-03 2.953285786013242764e-01 4.950014474761334493e-01 -5.057578159453492844e-02 1.508062765986709908e-01
-1.892032681894609547e-01 -9.442183912660791212e-02 -6.649019259654799507e-02 1.312681357462869014e-01 -8.817051957867619305e-02 -1.050559137238767787e-01 -5.953349257935621613e-02 5.738005239925077910e-02 4.574240893795118723e-02 -2.875792184078183877e-02 6.425963636401625656e-02 1.166982668537351886e-01 2.115507548194461018e-01 6.912826703159683506e-01 1.000000000000000000e+00 -2.397967166288676455e-01 2.826848436835311396e-01 3.715034485431559230e-01 4.740335021054845055e-01 3.669930738703481299e-01 4.480857756688793048e-01 9.979741442218817427e-02 6.159376845481615570e-01 8.736570465995459334e-02 -9.857352881585265680e-02 6.241207937314909721e-02 3.007185104601750592e-01 4.009844580667713543e-01 3.509754367843839207e-01 6.771383045820223989e-01 1.784916400674591355e-02 -4.842948814160598359e-02 6.695026153350142062e-02 2.985281430208603926e-01 1.565249172750695639e-01 1.090062267486299752e-01 1.630106300956865595e-01 -1.583154746078472841e-01 -1.511428533554359521e-01 -1.904143446946789664e-01 7.088375292218758450e-02 -1.712381725350054507e-01 -8.668155815344177895e-02 1.169860312688093262e-01 4.434711386266515509e-02 3.965658872110168764e-01 3.076691829971571757e-01 4.789882916029115645e-01 -1.473575203504425557e-01 1.222542783350102635e-01 -2.489384927887078047e-01 -2.237171278391951457e-01 -5.955733288338337789e-02 1.168568619231690059e-01 -8.942689959515796871e-02 -5.940809806346428190e-02 1.954415797289524911e-03 1.123710888026784455e-01 -8.511340318381403758e-02 1.302171939927000976e-01 1.720978327491388266e-02 2.857818728820658571e-01 4.816751259950410313e-01 6.517995397169096261e-01 6.551885725728029408e-01 8.250334518002875317e-01 -1.110855028519972393e-01 4.143699297002237381e-01 3.379067341901791366e-01 3.161914229904382312e-01 4.230879302195063030e-01 2.876797396218043201e-01 6.071052479832382831e-01 -1.292489781753591305e-01 2.193804440815907697e-01 -1.024720836330645507e-02 3.394306607182622226e-01 6.687950245609114441e-01 -5.640897364584363319e-03 1.917561660086184588e-02 2.693821823224294976e-01 1.629290591117382170e-01 -1.196068616574695181e-01 7.662675788743988914e-02 1.722617107594756614e-01 4.350288369840382696e-01 1.560007981019740919e-01 3.269617394757057816e-01 2.479679503122178552e-01 9.889471806402093043e-03 -1.763391332148080415e-01 -9.923462017404942326e-02 -2.145690882750948270e-01 -1.828343410615791420e-01 -1.449642160009083358e-01 -3.585305127737220543e-02 3.347489063422061095e-01 5.192080311897192546e-01 -9.750613166044513891e-02 8.957863258170793708e-02
