1.000000000000000000e+00 2.203962557131664279e-01 3.418485195091870432e-01 9.282873729381925509e-02 1.389941986903022453e-01 1.687228501509165091e-01 1.797695993462062047e-01 2.310023986058109269e-01 1.762362826405500793e-01 1.777761682226150497e-01 -3.023942612244304509e-02 -5.384623129454882418e-02 -1.038460475296207192e-01 -3.215921480112363118e-02 -3.212129494109667444e-02 2.198166875346357352e-01 -1.227840807905751508e-01 3.228696206145299785e-02 2.416881818152712483e-02 -1.736040096535568233e-01 -7.259421859668827026e-02 -1.528507700458019702e-01 -1.258252089821828013e-01 -8.089448028826929510e-03 -5.440440328696552474e-02 -2.408498314224806203e-01 -2.494155859074993487e-01 -2.465498219380601319e-01 8.588326289092228227e-02 -1.200513776428147050e-01 1.895340906093400529e-02 -1.647549327110459441e-02 -1.990899387078226002e-01 -7.066295458397389706e-02 -7.198875675914914729e-02 -1.548155711190022099e-01 -8.532576264126290333e-03 1.197981993551146818e-01 1.034399084905734539e-01 1.951914374076623160e-01 -8.032878869361617657e-02 1.968500983383433545e-01 -5.778875177044601359e-03 -4.490858952298942136e-02 -1.780508458749808717e-02 -1.505576513810860384e-01 -3.010583476729350103e-02 -1.538907655934627916e-01 9.828094520627134179e-02 -1.236230238523763764e-01 4.599028996043148521e-01 2.895404436489371625e-01 1.575461170596877403e-01 1.046589764946704998e-01 2.139631999147174890e-01 2.995417738489002391e-01 2.888013930423481423e-01 8.999053382916995247e-02 -2.918626582901021060e-02 -1.047981722604961613e-01 -8.573542032620994416e-03 -1.523560497632330812e-01 6.442273785175425815e-02 4.915590297530747499e-02 -1.323659059732970253e-02 -3.189810795860857640e-02 7.865236894201731166e-02 -8.474873183682107847e-02 -1.944586469513101823e-01 9.068882572483646931e-02 4.220702477226125765e-02 3.323210819221164569e-02 -2.042273655261992935e-02 1.636285477973928315e-01 -1.966753291675250037e-01 -1.587359394896287190e-01 1.703173614774864120e-01 -7.810973647763358452e-02 1.106404694836983591e-03 -1.860371194777084569e-01 -4.428861399038511171e-02 -2.662981756703139760e-02 -8.522202491146788073e-02 5.499461270508411437e-02 -2.408488461821503557e-01 2.522910913079856043e-01 8.091429651322809558e-02 -2.335360259069058086e-01 -1.418231612046249868e-01 2.778872638543005563e-02 -4.842897463394983670e-02 2.329910414446871580e-02 9.125111741425198653e-02 1.793987149481677257e-01 8.071958093600338502e-02 4.289868825182836798e-02 -1.791006163694571773e-01 -1.311122337467935106e-01 2.578705165762506524e-01 -1.103211864098617573e-01
2.203962557131664279e-01 1.000000000000000000e+00 5.443822800312043686e-01 6.551378970073584718e-01 6.228773071140363271e-01 6.701735493607380301e-01 6.522027992744471314e-01 7.219468429152468003e-01 6.065666829114033654e-01 -2.315033637986402826e-01 -1.096174707221069661e-01 3.653482958437928585e-02 -9.755547727975265315e-02 -3.339579202441535222e-02 -1.211382045694261583e-01 6.021452126178403752e-01 -4.274397339286823555e-02 4.067991489483755996e-01 7.505291313852373303e-02 -2.334059330809889476e-01 -4.817903229172474516e-02 4.657353898824444921e-02 -6.455697991427611360e-02 -1.820934730931197121e-01 -2.437675294972754536e-01 -1.775883399409634855e-01 -2.878559695871486523e-01 -4.031988838920409490e-01 -1.705772753702835542e-01 -1.706853898180755169e-01 -1.360425841841312045e-01 -1.460842123717019658e-01 -1.665859925393974594e-01 6.785107372668738868e-02 -1.936725997240883179e-02 -1.558985194254387530e-01 -2.210444343597624539e-01 -2.678144937223338462e-01 -2.968213939098697796e-01 5.960714576882607946e-02 -3.040451066827283277e-01 -2.768452058227647838e-01 -1.968971082748194878e-01 -1.854948979281862143e-01 -2.843948543961626330e-01 -2.152815607041356771e-01 -1.899793751903638417e-01 -2.268919554481983181e-01 3.881534923583484509e-01 -2.516400338094526012e-01 3.360175991368589132e-01 8.165244255376856719e-01 5.441102385763717519e-01 6.670165229219221503e-01 6.980937183746921404e-01 5.194390492745353249e-01 6.468451804996007137e-01 5.439146831149600514e-01 -3.239264809738333084e-01 -1.187968415683635509e-01 -1.568972491986408979e-01 -1.353676146593203455e-01 9.702862796317100746e-02 8.257453415005637509e-02 3.328527694368549339e-02 -6.530278087115871932e-02 1.405937307156226133e-02 9.497525963197454846e-02 -1.816867756925653332e-01 4.348482852304095259e-01 -1.267316036339252161e-01 2.632354008228198761e-01 1.679148557766652894e-01 1.491366602834760524e-01 -2.256713491713258080e-01 -1.884903927965046466e-01 -6.828521559250537443e-02 -1.340562370230259093e-01 -2.198171861491964862e-01 -1.445071746783449240e-01 -3.562009682126030530e-01 -3.666860001035133765e-01 -2.555375925925763569e-01 -6.389343172916064732e-03 -2.395428864596799434e-01 -1.666643711686500995e-01 -1.955640958787094874e-01 -3.422599765671626160e-01 -4.769227466734616422e-02 -4.044008369479881737e-01 -8.056710419630205844e-02 -1.701426798173153176e-01 -2.193361401648423747e-01 -3.304144845060240088e-01 -2.435241657114065317e-01 -2.292239931619332594e-01 -2.501333053307442933e-01 -2.928071317476297342e-01 3.189555721742701189e-01 -1.803445167504160451e-01
3.418485195091870432e-01 5.443822800312043686e-01 1.000000000000000000e+00 1.289608314477210249e-01 1.636263009029867155e-01 4.234189085790755480e-01 3.121345372353732661e-01 4.937944386440924482e-01 5.608268589082929800e-01 -9.341313560218154899e-02 7.265928558765395555e-03 1.179542702584024660e-01 8.562892766233101693e-02 1.477861269606614014e-01 7.168851885823360193e-02 2.202485762241747635e-01 -3.773697519381855048e-02 1.770065575031958549e-01 1.637984393767092928e-01 -2.052731993081576556e-01 -9.440620692393175695e-02 2.089398940490462889e-02 8.512971340592842551e-02 5.445706062601896047e-02 -3.895708744959602149e-02 -1.775797035659542819e-02 -9.848065707406795932e-02 -2.168196812275812180e-01 -7.224422525782525639e-02 1.410057755505612735e-02 5.094615443568632773e-02 4.253966410350200344e-02 -1.737418361632205588e-01 9.360271189857490015e-02 -1.272716448726088747e-03 8.025649926270239654e-02 -5.181308196095183415e-03 -1.012444578078514623e-01 -2.028024062670819583e-01 4.515870087492587889e-04 -1.368436388397382686e-01 -1.642167899259007191e-01 -6.399352798257590749e-03 -6.661149909041064188e-02 -6.367506590353880225e-02 -1.196024937729275178e-01 -1.812997058338607168e-03 -9.670395486348330738e-02 1.824602801888022263e-01 -1.254470528364981796e-01 2.176347302899692415e-01 5.516726648428528224e-01 1.848870221930802582e-01 2.307245655042167998e-01 3.654286118113738158e-01 5.930527748579610403e-01 4.213999640925401580e-01 4.634275638810896325e-01 -1.668742206487366930e-01 3.392293666011531733e-02 1.666384235713259596e-02 8.054360965397751315e-02 2.091031743305866164e-01 2.301490440634462453e-01 1.630885654906042981e-01 1.400784786500192391e-01 -8.200721212330734644e-02 1.226665231708020110e-01 -7.865688775090839968e-02 1.430147170855525507e-01 -1.151880799973293949e-02 1.101613389190397307e-01 2.403106219661453880e-01 7.207269201956903459e-02 -5.394066692315067912e-02 9.557320341280819975e-02 7.804534001953690459e-02 5.032542381689499716e-02 -7.626702838319099342e-02 -9.128637025955463336e-02 -1.366269578639006665e-01 -2.867430561442393944e-01 -5.014797568673664413e-02 9.691240518692129102e-02 -5.538679058841626535e-02 -9.786853745918522307e-02 -4.957041748760816074e-02 -1.609795087634307564e-01 1.729627946491659740e-01 -2.083852708673129550e-01 -4.478749900957097740e-02 -1.842090961374266145e-01 -1.895602269945182716e-01 -6.172418914291422087e-02 -3.164729923020655200e-02 -1.315705927463587110e-01 -1.032867921053010479e-01 -2.530789646104003587e-02 1.633275251727458743e-01 -2.474288708736235159e-02
9.282873729381925509e-02 6.551378970073584718e-01 1.289608314477210249e-01 1.000000000000000000e+00 8.229785212816086437e-01 6.538698482639035969e-01 4.871256926495636796e-01 5.586559419317613795e-01 4.254571886307847439e-01 -1.927407728997566350e-01 -1.958130428238265830e-01 3.790014236174402834e-02 -2.226955143776355450e-01 -8.564370878671005716e-02 -2.005141032666479806e-01 6.266930201876388384e-01 -4.535997098384914050e-02 3.772677847443127175e-01 -2.741156152252763323e-02 -9.234919119525671072e-02 3.488823969230065575e-02 6.235977667666435346e-03 -9.276002222490135896e-02 -2.133183045398469035e-01 -2.020026968053167116e-01 -1.597151909911723178e-01 -2.735480787151164939e-01 -3.312940971927647582e-01 -1.262992909089030169e-01 -1.936676618154828666e-01 -2.089352568537863608e-01 -3.100532390341989575e-01 -1.544589024693397428e-01 -6.444769524075771210e-04 -8.126263304282116406e-02 -2.105179755004852882e-01 -3.235839647296968047e-01 -3.049710741108473955e-01 -1.746375417128357144e-01 7.000482744038419303e-02 -2.624155896975878255e-01 -1.753613950704891455e-01 -2.234905011213229320e-01 -2.859224319558483773e-01 -3.245896778484382850e-01 -1.835475030242211258e-01 -2.275877636917411351e-01 -2.058557607813790435e-01 3.727012086245900524e-01 -2.195851811872000792e-01 2.297866599038417279e-01 5.781813449889956491e-01 4.740373163877590890e-01 7.420133746148603882e-01 7.451256587997105996e-01 2.140951104539365601e-01 4.320906133938874349e-01 3.650065210539211180e-01 -2.847331990094628118e-01 -1.574581135528981546e-01 -1.030033107860025970e-01 -2.898710208221130791e-01 -1.910191378845161464e-02 3.542603040759267907e-02 -7.521726713752452387e-02 -1.968273080411637455e-01 1.206790458343924982e-01 -1.447906269264799539e-02 -2.258214005388963219e-01 4.150816638578133100e-01 -1.225417624320812443e-01 2.190954590433545623e-01 5.003400704689530548e-02 1.916601019360506530e-01 -1.567431037272843108e-01 -2.193686714632296364e-01 -1.754883515319011489e-01 -2.056674784507213916e-01 -2.668248856242531608e-01 -2.337604200128275966e-01 -3.488346795734260097e-01 -2.528875866405624895e-01 -3.233282158442847276e-01 -6.033565171098033419e-02 -3.046529501059161427e-01 -1.016113013148870897e-01 -2.745375964877824759e-01 -2.979753212300645382e-01 -1.141462629455418515e-01 -3.043986807262919481e-01 -8.672651812642608038e-02 -5.901275193589953366e-02 -6.989299327355583125e-02 -3.026824659745918078e-01 -2.168838526137870926e-01 -2.007405077881214972e-01 -2.258890760793975661e-01 -3.379077796416654067e-01 3.040063196819429714e-01 -2.044028038583282636e-01
1.389941986903022453e-01 6.228773071140363271e-01 1.636263009029867155e-01 8.229785212816086437e-01 1.000000000000000000e+00 6.455893608108294046e-01 3.811939693202657797e-01 4.710676299818585266e-01 3.995651765116590148e-01 -1.823567470168303284e-01 -1.991624721829358124e-01 1.772697983301073019e-02 -2.263367070123578351e-01 -6.589246219752397261e-04 -1.120313859763593933e-01 4.827772262283279714e-01 -4.046266529207304119e-02 3.097427479741525769e-01 6.295522382043297616e-02 -6.511455043073430260e-02 8.350729469879007716e-02 -4.482491013410030284e-02 -3.888177629298432414e-02 -1.751751703756762590e-01 -1.993368874655065404e-01 -1.784003271819816772e-01 -3.335991640041602868e-01 -3.110440268560649146e-01 -4.433271845798482380e-02 -1.131013364196889470e-01 -2.166559438412588301e-01 -3.161790121775880369e-01 -1.158652139617739329e-01 9.157788235918007391e-03 -1.612731957874389555e-01 -2.244300815514831127e-01 -2.710724146628736286e-01 -3.345830976761167697e-01 -1.451286392529589631e-01 2.086555824633041026e-02 -2.581108589050155055e-01 -2.001442203255071606e-01 -2.693682354107026500e-01 -2.797691238814756232e-01 -3.440235517091972950e-01 -2.376058788374413033e-01 -1.485667811984085207e-01 -2.401820973012694371e-01 3.521078408926551773e-01 -2.435663545024050747e-01 2.157027145837666637e-01 5.436078631738484601e-01 4.996897195039398110e-01 8.033441714826869973e-01 7.353585420273236473e-01 1.721158343056501949e-01 4.080950735106693705e-01 3.486473409793650613e-01 -3.092990777793082069e-01 -1.629480827365316076e-01 -8.420550931510158155e-02 -3.155372722908620919e-01 4.705577922761530058e-02 6.567714451409512044e-02 3.883761267754121116e-02 -1.048369418380854928e-01 1.642787904576706315e-01 -2.726504341173878031e-03 -1.933978339411802916e-01 2.945855702408585186e-01 -3.939774279157205045e-02 1.818293018398156879e-01 1.097816354455620064e-01 1.561716896648293329e-01 -1.590802717404693478e-01 -2.058082174749844284e-01 -9.362624501952314382e-02 -1.056591639314503478e-01 -2.282171983112842861e-01 -1.955561610615452472e-01 -3.117070851739199844e-01 -3.176269316608479332e-01 -3.774492023530811591e-01 -1.332543975207060860e-01 -3.527666708799513384e-01 2.820296676218523105e-02 -2.119063993011371660e-01 -3.025307919675934709e-01 -1.122518180763884682e-01 -2.915877219125720399e-01 -2.007762456086112021e-02 -1.832531827385320278e-01 -4.082169268366130088e-02 -2.731943768372224746e-01 -2.244476775194556295e-01 -2.324191068569788077e-01 -2.631285787970105150e-01 -2.756431603643269557e-01 2.614242297793523129e-01 -2.203061971801831276e-01
1.687228501509165091e-01 6.701735493607380301e-01 4.234189085790755480e-01 6.538698482639035969e-01 6.455893608108294046e-01 1.000000000000000000e+00 5.574052398278792619e-01 6.415382360775672144e-01 6.276425389207859196e-01 -9.795010375421728255e-02 -1.437631800500130119e-01 5.392466500826236658e-02 -1.359915498128588807e-01 -2.746107644148128996e-02 -1.342903836319105926e-01 5.111306287524342018e-01 -2.809941401485993931e-02 4.326250327649948102e-01 2.988250223710549325e-02 -6.627737982742556988e-02 1.641820468848350853e-02 7.233666173085413764e-02 -2.357897582138683903e-02 -1.884622650442789593e-01 -1.882533823723163691e-01 -8.199823799879793484e-02 -2.357427229605632835e-01 -2.705972215768160938e-01 -6.808345483776175044e-02 -1.496085422242925123e-01 -1.617651546808221152e-01 -3.625117735260484642e-01 -1.861121767938516136e-01 2.797623473397324936e-02 -2.189835640147198143e-02 -5.889349509512400299e-02 -2.184289504934521231e-01 -3.237808633120178303e-01 -2.218147093277350046e-01 1.332715754879233716e-01 -2.475957598391860526e-01 -1.606010143123324241e-01 -1.959133277998411360e-01 -2.920306545704036139e-01 -2.563637587575766097e-01 -1.868410374831977472e-01 -1.989026301215097436e-01 -1.463374438371441710e-01 5.520179348093106064e-01 -1.574438218457586691e-01 2.084624164613683439e-01 6.396947611790442245e-01 3.617181172501032771e-01 5.837994736197561485e-01 8.280834177171754185e-01 5.903920833691015391e-01 4.916584299057320528e-01 4.615648190663592665e-01 -2.060341833684046497e-01 -1.386880665949632441e-01 -1.139316548192295525e-01 -2.217590424012239048e-01 1.319435756285125272e-01 6.084816508067215218e-02 -9.406497138571895053e-03 -1.267985393658477289e-01 1.238063319044528238e-01 4.177312170111877054e-02 -1.694750938078040947e-01 4.420267666288212882e-01 -7.494243419782650739e-02 3.022573685250687925e-01 1.207603279769504101e-01 2.162269599880543292e-01 -1.456356216374396773e-01 -1.515263952468453301e-01 -6.621070839452958268e-02 -6.893619366053742314e-02 -1.909397043484665213e-01 -3.025960114856038330e-01 -3.257440458026849006e-01 -3.025764061214835654e-01 -2.448245928008628836e-01 -7.286847628276351893e-03 -2.122861361032124528e-01 -1.461697125581116752e-01 -1.744931150841622924e-01 -2.005632343667357043e-01 7.396232142325780134e-02 -3.230029648224302385e-01 -1.480554170416621129e-01 -6.931756465415388202e-02 -7.838182221466688526e-02 -2.567455731430270949e-01 -1.751703316398442178e-01 -1.700361047274946136e-01 -2.127248468508484147e-01 -2.819363150338653479e-01 4.575863599334570875e-01 -1.344497134803202543e-01
1.797695993462062047e-01 6.522027992744471314e-01 3.121345372353732661e-01 4.871256926495636796e-01 3.811939693202657797e-01 5.574052398278792619e-01 1.000000000000000000e+00 7.214653648429719679e-01 4.937047132920026615e-01 -1.972673532677216013e-01 -6.611854064713851287e-02 2.062573428384647471e-03 -9.427336521265376745e-02 -2.290134054204135197e-02 -9.174201097549571082e-02 6.298388808344133061e-01 5.547839234329027258e-02 5.859479077623676035e-01 1.215472378697572964e-01 -2.132460567609785751e-01 7.145480151951791314e-02 2.108468862290786283e-01 -2.123878091103512805e-02 -1.935358455984155790e-01 -2.985617033933615772e-01 -1.908702913443710014e-01 -1.968923304144522268e-01 -3.547467651317971482e-01 -1.476015577858925953e-01 -1.694437896738617833e-01 -1.065144886267840318e-01 -1.681539253615493557e-01 -1.683724066787477269e-01 1.081553783002875968e-01 1.409834009865262860e-01 -1.844570612977826651e-01 -2.715207122526170358e-01 -2.478530127355239310e-01 -2.621625133587016099e-01 2.996212380593002989e-01 -2.763926854899486640e-01 -2.642844775027900495e-01 -1.575013653310324835e-01 -1.453304232671703833e-01 -1.894289404341163441e-01 -9.906130363817274020e-02 -1.347650033141687131e-01 -6.545666355910606526e-02 3.790049509807690287e-01 -2.784062712736088407e-01 3.057737427676219255e-01 6.879300328934432329e-01 5.645878381013401670e-01 4.550844640609191805e-01 5.801695497687402447e-01 5.068012211016120760e-01 6.779935847441992403e-01 4.186253267683220924e-01 -2.982027462724265998e-01 -1.427259134678434682e-01 -1.830793589064665661e-01 -1.221477943341430228e-01 7.448843055473636232e-02 4.413688427608536413e-02 1.279471596591147918e-02 -9.259502250879600438e-02 1.207356202050915289e-01 2.018772676799657773e-01 -9.625325188136915622e-02 5.779215166367768219e-01 -4.522992227059116632e-02 4.046617198811965910e-01 1.597216767176823926e-01 2.416259256923826149e-01 -1.977994042157341092e-01 -2.978391756587239203e-01 -3.836834800693239567e-02 -1.240921411760283755e-01 -1.814599188062978319e-01 -2.067263066244396652e-01 -3.951276520720584107e-01 -3.336901110420231187e-01 -1.551027468493632600e-01 1.962667691797303007e-02 -1.354417619535773498e-01 -1.420609090732650459e-01 -2.555944610338267697e-01 -2.640600772630417592e-01 -1.304047580054721878e-01 -3.957085159994809809e-01 -1.608224636717474065e-01 -7.037491775979112796e-02 -1.646512153342490348e-01 -3.479992958086568500e-01 -2.404135965851258994e-01 -1.296414284955247354e-01 -1.370809231246775395e-01 -2.697245103904941654e-01 3.379971799513163955e-01 -2.126332597389155588e-01
2.310023986058109269e-01 7.219468429152468003e-01 4.937944386440924482e-01 5.586559419317613795e-01 4.710676299818585266e-01 6.415382360775672144e-01 7.214653648429719679e-01 1.000000000000000000e+00 7.459173725233917418e-01 -1.099162177679529062e-01 -1.372526636236321984e-01 4.048561510168165872e-02 -1.139875323608130764e-01 -5.954540966525624646e-03 -4.974121742224846959e-02 5.992497866139041562e-01 -1.087747091047870235e-01 5.335409942408569917e-01 4.488880292619788076e-02 -2.437800308042526731e-01 -2.028293005750168854e-02 7.808952332703533727e-02 -1.697234682924480750e-02 -1.630338867240654077e-01 -2.893130759058271106e-01 -1.835141538594840527e-01 -1.455438834519260372e-01 -3.621655733285598644e-01 -1.230654523557907082e-01 -1.020008067211068681e-01 -5.820692805779832668e-02 -1.794154254481489796e-01 -1.452038271440487527e-01 3.234091960019498061e-03 3.259483866625981219e-02 -2.584418751329323194e-02 -2.281098023128260432e-01 -2.727698339598371158e-01 -2.270798152832752825e-01 1.846337470833859240e-01 -2.571737596588644092e-01 -1.466777981410233855e-01 -1.438101954926654380e-01 -1.561960955498661041e-01 -8.192152588317902495e-02 -8.655089758294837177e-02 -1.548360189345930893e-01 -1.085418171855534464e-01 3.344479480767442725e-01 -2.779961861786435229e-01 3.371997732860718688e-01 7.395325316376996083e-01 4.506639875793166383e-01 5.014327154550681787e-01 6.830176946522437120e-01 5.741705394715885813e-01 7.168280056098768060e-01 6.711265232244352230e-01 -2.511909488865165518e-01 -1.173371507404959990e-01 -9.071390690973851756e-02 -1.271167167770125006e-01 1.356890301446039560e-01 9.755259330758901670e-02 -4.243561127185542341e-03 -5.457824272011833205e-02 -7.196268310648157827e-03 2.725612717398315579e-02 -2.240380854461551940e-01 5.428321936948129478e-01 -7.977980136936303757e-02 3.042621576274133766e-01 1.380274237767478984e-01 2.275822056267891857e-01 -1.980058728411102920e-01 -2.029691506195177853e-01 2.410054465424531396e-03 -7.756251912345391020e-02 -1.368579449111839708e-01 -2.020298880162491317e-01 -3.351397408204346284e-01 -2.812301573444470626e-01 -1.030662002756086160e-01 1.092096862291060469e-02 -1.212817129064984040e-01 -1.788933628800737086e-01 -1.972455368302991341e-01 -2.139108503147517937e-01 8.937488770311259600e-03 -3.528603388764098292e-01 -1.073618438738930536e-01 -6.722215468320405507e-02 -1.324419385403932947e-01 -2.160432001642302591e-01 -1.802169523872540757e-01 -9.170101259207789901e-02 -1.166073297572767786e-01 -2.361624285169792170e-01 2.937632023785383129e-01 -2.213332367726663363e-01
1.762362826405500793e-01 6.065666829114033654e-01 5.608268589082929800e-01 4.254571886307847439e-01 3.995651765116590148e-01 6.276425389207859196e-01 4.937047132920026615e-01 7.459173725233917418e-01 1.000000000000000000e+00 4.484848549746016377e-02 -9.851483653262589624e-02 1.658995552279437513e-01 -1.267731338367426852e-01 6.960696926616152802e-02 3.047250492970960192e-02 4.538071783767071987e-01 -1.940510309489765772e-01 3.291730239317617879e-01 5.257402590379773449e-02 -1.712221968609623779e-01 -1.920379945319187001e-02 -6.069541917639325983e-03 8.523731837587283922e-03 -1.024897368862064256e-01 -2.509371527219693143e-01 -2.258526653142247514e-02 -8.936296764093930312e-02 -2.453265320506184954e-01 -5.213965110306139315e-03 -2.511549853621945425e-02 -9.306772204635803403e-02 -1.876557054851267503e-01 -8.076353596352829622e-02 -5.068900208941214125e-02 -7.711102998653020235e-02 1.393001885835117304e-01 -1.331807057068919997e-01 -3.156825845684460563e-01 -2.050535120832847613e-01 1.412774170472641810e-01 -1.831762048279996502e-01 -1.250188096393493875e-01 -1.494618980330702229e-01 -2.167975939926584106e-01 -9.609287008814389186e-02 -1.188610430802166801e-01 -1.228963954105547762e-01 -1.237653097312706868e-01 2.872600813968121392e-01 -1.957227621783814986e-01 2.606274587403177301e-01 6.422178436530968648e-01 3.343238815448510426e-01 4.188398362991424539e-01 6.271610855291832598e-01 6.236715955157891011e-01 6.226328932280082995e-01 7.548718965052918506e-01 -9.940697448933610847e-02 -5.574808166433762278e-03 7.231177270443608918e-02 -1.549555124504602699e-01 1.608837119213017974e-01 1.892006933158897064e-01 4.988514237946115731e-02 3.099960426154995535e-02 1.189376193569634949e-01 -5.205452836218762286e-02 -2.339963356714397924e-01 3.396367645700297810e-01 -4.710845488223960181e-02 1.397780874915596494e-01 1.336003397083822264e-01 2.503030407915002309e-01 -9.881511302606323099e-02 -4.165940959346833838e-02 1.038234577450329044e-01 5.437727281636890037e-02 -1.155527232499252432e-01 -1.234667332856747984e-01 -3.260472067846453270e-01 -2.604946552384174163e-01 -1.527484502359401919e-01 -9.305918074249056038e-02 -8.418202184456483050e-02 -2.275577806224904909e-01 -9.923315638861117394e-02 -1.122922694230458485e-01 2.056855321231076950e-01 -2.303663542771756667e-01 -1.063712828939762656e-01 -1.836364868129833627e-01 -2.051854749183451287e-01 -1.955149129926750939e-01 -1.756490815101337533e-01 -1.530036629618766741e-01 -1.520436191563525885e-01 -1.551437248774588940e-01 2.744148385791663203e-01 -1.293608766708850000e-01
1.777761682226150497e-01 -2.315033637986402826e-01 -9.341313560218154899e-02 -1.927407728997566350e-01 -1.823567470168303284e-01 -9.795010375421728255e-02 -1.972673532677216013e-01 -1.099162177679529062e-01 4.484848549746016377e-02 1.000000000000000000e+00 2.369971928432307307e-01 3.495334995144714352e-01 7.878866153463745178e-03 -7.030229528349410395e-02 -6.190954648642447988e-02 -2.751219347180474187e-02 -1.283338555992336039e-01 -2.550874590434333844e-01 -1.232803957713980159e-01 1.390213288410536291e-02 -1.272397103079031810e-01 -1.400132940079613225e-02 -1.308580268985986561e-01 2.296253065521228764e-01 2.413288630558454162e-01 2.788299751274347371e-01 1.375857087253214150e-01 1.808274103788429510e-01 1.605746579876848878e-01 1.395431545693153960e-02 7.359071608373703166e-02 -1.585196972516425273e-01 -1.794401243071849505e-01 -1.576028518084941488e-01 -2.111544338648728425e-02 1.874412878327899878e-01 9.323822110633232796e-02 1.422599337785372675e-01 3.411331818379293446e-01 3.803703733774019269e-01 1.325046010837371002e-01 4.457339691269014414e-01 3.747527855150806220e-01 -3.548815240634401597e-02 3.000420398889494522e-01 4.037155410041028646e-03 -3.685351830440105475e-02 -4.288236485670171572e-02 -9.588850737393050938e-02 1.952165262082179026e-02 -1.200286863052795333e-01 -2.125175673980822244e-01 -2.792289704636728431e-01 -2.836516761200404968e-01 -7.149299694835153929e-02 4.056018478875944577e-02 -1.180129662877359015e-01 -3.498411847732737362e-02 6.900773414432482822e-01 2.212906822281996699e-01 3.627897092441267346e-01 -1.787590397263453743e-02 -1.381932649850636796e-02 3.652676158725101652e-02 -1.607436767350071127e-01 -9.562257749637097237e-02 2.112695108397323329e-01 -1.589439127905759030e-01 -1.142677591417576716e-01 -2.868157298145476708e-01 -1.029668480716318668e-01 -7.152965163223701239e-02 -1.679166126216592725e-01 3.877438710752774687e-01 2.308864808261702484e-01 2.892646993952330270e-01 1.387491870668182137e-01 9.799787499655331080e-02 6.725970981796663972e-02 -1.481972316264271727e-01 9.056719611612480680e-02 4.860749504570752860e-02 2.692989029876294849e-01 -1.000419970748862679e-02 7.950859281632989550e-02 6.544293441526704376e-04 1.210441030420073977e-01 1.946880473105895570e-01 1.466053669063374643e-01 3.266856042052652676e-01 -1.194815185734700719e-01 1.896178128258211304e-01 3.293990114380101475e-01 3.307091893045890352e-01 4.445720434369059837e-01 1.458521684729360002e-01 -2.621122537976652497e-02 -4.286617119946261462e-02 3.737181805858545008e-02 -9.275811819578113834e-03
-3.023942612244304509e-02 -1.096174707221069661e-01 7.265928558765395555e-03 -1.958130428238265830e-01 -1.991624721829358124e-01 -1.437631800500130119e-01 -6.611854064713851287e-02 -1.372526636236321984e-01 -9.851483653262589624e-02 2.369971928432307307e-01 1.000000000000000000e+00 5.360148230410332060e-01 4.509270809337786456e-01 6.567198014414149521e-02 9.517935954730524784e-02 -1.565115961461915339e-01 1.189224286859004026e-01 -1.068327287389401331e-01 4.107285341855303890e-02 -6.594821437817403875e-02 -2.709469642647635915e-02 2.756857448716091841e-01 8.773986007015180388e-02 5.072819820559926196e-01 7.487465424169278960e-02 5.417788668437781840e-01 9.342424009973117338e-02 2.083862137863246033e-01 1.873941138006987583e-01 6.999106969511152687e-02 -1.439705345301364736e-01 -7.724516308429973943e-02 -1.242536464037801713e-01 8.013038645111181246e-02 3.018946065933943990e-01 1.358649692385038021e-01 2.889379753472871570e-01 -1.210923604998314917e-01 1.369064397212250983e-01 2.071439464955183163e-01 3.549975552138708301e-01 -4.338940064169889699e-02 3.954284378815358103e-01 1.379677535163876256e-01 -1.532986491049361522e-01 1.350855217428023336e-01 1.845233517255200073e-01 3.782192888131098718e-02 1.573947819420862260e-01 2.816036310427551537e-01 -2.622744338378777962e-01 -1.777097520444643475e-01 -2.363810602400913397e-01 -1.394144777216850262e-01 -2.295691552260712975e-01 -6.489595790347237048e-02 -2.192675679558322641e-03 8.070551983401819118e-02 2.100258192637311228e-01 6.664958544333059454e-01 4.201830537828382117e-01 4.175611936527056645e-01 1.938361378848532934e-01 2.694121448585091311e-02 -1.034315766459289847e-02 1.458058069010489122e-01 1.969978590845689326e-01 1.203325403384794545e-01 8.384316759394294660e-02 5.615050465522505863e-03 -8.596727944276201516e-02 2.419376232473413879e-01 7.789758411469721588e-02 2.239609034613403715e-01 4.165331248438640110e-01 4.561030043852266624e-01 2.566524103764512010e-01 2.043267915066770690e-01 -3.021584500398575845e-01 -4.308624510581537254e-02 2.142187545096544132e-01 1.742998775753214769e-01 -2.327514990130580622e-02 2.590718784305585665e-01 7.990428454118540802e-02 9.940349906961574653e-03 3.392834766969886062e-01 2.251033259414104981e-01 1.508125661032757858e-01 3.995716230603169605e-01 -1.191038150328569412e-01 -9.789844503985138668e-02 3.098959402190340148e-02 -2.006860438877304878e-02 2.845342179357143175e-01 1.228792324819443782e-01 1.528657718121263775e-01 1.003404721525403970e-01 1.837836159728858942e-01 4.053316250253573561e-01
-5.384623129454882418e-02 3.653482958437928585e-02 1.179542702584024660e-01 3.790014236174402834e-02 1.772697983301073019e-02 5.392466500826236658e-02 2.062573428384647471e-03 4.048561510168165872e-02 1.658995552279437513e-01 3.495334995144714352e-01 5.360148230410332060e-01 1.000000000000000000e+00 2.916745027281551494e-01 2.892839170380316349e-01 2.450873645280422508e-01 3.059744633570795486e-02 1.052007687383062773e-01 1.470720571693585332e-01 2.530182695632437473e-01 1.105892352949359725e-01 1.599416683123700833e-01 3.457165622855720710e-01 2.996380300969027077e-01 5.784720691951529270e-01 -1.231335373140117900e-01 6.021277637005543193e-01 2.687358395438708136e-01 1.982423393001519762e-01 2.937652025263263189e-01 2.715221499844480690e-01 -1.472465765519204439e-01 -1.744208529057473811e-01 -2.528025617783048462e-01 2.263675015119102074e-01 3.107267954652477293e-01 3.849148830866654381e-01 2.034463306800129989e-01 -3.728595906961097994e-01 -4.435098811274857528e-02 3.511778860652572387e-01 4.007788247818194760e-01 -1.046799181550600588e-01 3.779082332421289103e-01 4.166862987896462894e-02 -1.150283344613345776e-01 1.852884853148706323e-01 2.618942687705698158e-01 2.055103439380178976e-01 2.231519150494238046e-01 1.829773728107382813e-01 -2.080249537858128994e-01 -9.397954186907683805e-02 -1.913923435075661761e-01 -1.980726342409451154e-02 1.012300444829659744e-02 -1.923521433792282909e-02 4.810767556722953670e-02 1.991642831073233144e-01 1.440533043428854632e-01 7.115111452474037756e-01 7.111301441918860267e-01 2.887675250108935887e-01 1.992222172744072539e-01 3.017028758420235990e-01 1.393567595561015782e-01 2.352983919049246309e-01 3.672677383855422195e-01 1.761541894779960760e-01 1.206716293051063454e-01 8.590375036692617094e-02 5.456422894512422128e-02 2.937822970947649992e-01 2.997011825694591014e-01 4.188921780889551805e-01 5.735424322887169302e-01 5.948479923477817399e-01 2.966393950507301147e-01 3.415750975849295434e-01 -4.704911280348938463e-01 -1.331221315368855129e-01 2.369234797044327337e-02 -1.471968571073495845e-02 1.647663952786764668e-02 2.049544170839872892e-01 2.218559442887617084e-01 -4.687173618437516509e-02 1.774980071969152473e-01 2.961569612556868569e-01 3.852885891523846751e-01 3.993424165364938272e-01 -3.169761463967270543e-01 -2.701281185768243387e-01 -1.122078087773820815e-01 -1.045895485965843280e-01 2.455283489866861568e-01 2.297057930782403848e-02 1.867331984448219462e-01 2.062977981181279286e-01 2.861182888764848276e-01 2.629525306978707788e-01
-1.038460475296207192e-01 -9.755547727975265315e-02 8.562892766233101693e-02 -2.226955143776355450e-01 -2.263367070123578351e-01 -1.359915498128588807e-01 -9.427336521265376745e-02 -1.139875323608130764e-01 -1.267731338367426852e-01 7.878866153463745178e-03 4.509270809337786456e-01 2.916745027281551494e-01 1.000000000000000000e+00 2.936285016794906166e-01 2.790079036953961866e-01 -3.179512020835578712e-01 3.956000678754860722e-01 1.057883070898049671e-01 2.661421171504234073e-01 1.499794708374382890e-01 1.638217625567678082e-01 4.403478908092198774e-01 2.675114424396041191e-01 4.273999117766213995e-01 1.787576873319368376e-01 2.335391762698220963e-01 2.630617310752779159e-01 2.945816041572438260e-01 1.353874138587609632e-01 2.898730052244303801e-01 -1.024261510480268568e-02 -8.035717561836392894e-03 -8.047395462460273097e-02 3.167746771618448198e-01 4.583697194555829690e-01 5.360314656157050967e-02 1.760658271290803378e-01 4.864708466086550137e-03 -5.352205806273404448e-02 -4.963072673709475330e-02 2.304743434862142615e-01 -1.822428064958384053e-01 2.442561431731991584e-01 1.661383582326800001e-01 -6.568607072788254508e-02 2.857232483031189596e-01 3.517055092314866349e-01 2.263634104019452420e-01 6.531416854141880446e-02 2.535213154713442663e-01 -2.757282015385960072e-01 -1.554547760481773677e-01 -1.984871242991478046e-01 -1.616162376806492273e-01 -2.719371562393106956e-01 -5.285332267227749181e-02 -8.294659396039194554e-02 -5.839574442099252499e-02 -4.759127556369267646e-03 2.763722970528398881e-01 1.327933441211470722e-01 7.599965672587722931e-01 4.814012330138838780e-01 1.850709163638095678e-01 2.544306606812630212e-01 3.403993447561752816e-01 -1.705083858652189366e-01 3.777059273329166911e-01 2.910960438055831268e-01 9.317652526409889169e-02 1.295145880880597400e-01 3.205433538880078648e-01 2.516443189703880257e-01 -3.884478586143866319e-02 2.122753733523469744e-01 2.003190168644367053e-01 2.356864709289286097e-01 2.848334385488129894e-01 -1.509873349355078387e-01 -4.661829526583111116e-02 3.093115267056760209e-01 7.842701272264755719e-02 1.026235926132988280e-01 4.135241470543853937e-01 3.423297820638890876e-01 1.331279490312320957e-01 1.779290865945642175e-01 2.709466190056165624e-01 1.188195378724344609e-01 1.402171508148100376e-01 -3.937204119207064063e-02 -9.327933488836931408e-02 -3.355278280405760843e-02 -5.300756746501973649e-02 8.994997678553791343e-02 6.856254414069895553e-02 3.471062936605060489e-01 3.470923300603702133e-01 3.704794920928025648e-02 3.034565528128566614e-01
-3.215921480112363118e-02 -3.339579202441535222e-02 1.477861269606614014e-01 -8.564370878671005716e-02 -6.589246219752397261e-04 -2.746107644148128996e-02 -2.290134054204135197e-02 -5.954540966525624646e-03 6.960696926616152802e-02 -7.030229528349410395e-02 6.567198014414149521e-02 2.892839170380316349e-01 2.936285016794906166e-01 1.000000000000000000e+00 7.609265456384006754e-01 -1.631772075640708086e-01 3.418102037784145342e-01 2.996635296365878776e-01 7.146861160825387360e-01 2.716606110585226275e-01 6.345425766261187928e-01 2.320543551422108441e-01 7.296547920468264836e-01 2.812267763213281979e-01 -6.217256671235105170e-02 1.242697554344536631e-01 2.107641903025983809e-01 1.667449727096760870e-01 4.636932487179193374e-01 6.983120241441166387e-01 7.850350201603108202e-03 2.077661340291173109e-01 1.192259416696939550e-01 4.389875678256924818e-01 1.323290386366750837e-01 1.286738798122716299e-01 1.184712778152325341e-01 -2.308626553424132088e-01 -1.263682177551223307e-01 -1.726217329793532790e-02 1.382912080777352060e-01 -3.243141993871703765e-01 -1.162411963397455839e-01 5.326159292755077573e-02 -9.853062250292903002e-02 1.346356459706506969e-01 5.332977301179346874e-01 3.182132071100999826e-01 5.754555516057158204e-02 -1.318615272662099734e-02 -1.063813638376464032e-01 -1.983063498989292087e-02 5.704809855506955824e-02 7.338713017501621860e-02 -6.798449349481831827e-02 -1.522694391429530066e-02 7.145506080185946851e-02 1.689851821918477923e-02 -1.783947247041669237e-01 1.736839493352882458e-01 2.054074602761626067e-01 2.320513247915130528e-01 4.092386240787297402e-01 6.019729138898700649e-01 7.476553458603925062e-01 7.323239886926969922e-01 1.190629678494830729e-01 4.064917809255659265e-01 3.834407285326870141e-01 5.750918081843602730e-02 6.219828021445932276e-01 1.570614220822161844e-01 6.708465185424189459e-01 -2.285452132447194154e-03 1.537740268798755694e-01 1.185550292842920406e-01 5.007851047810655265e-01 6.519398707984481733e-01 -1.648612033393249687e-01 2.187721236047217022e-01 -2.465946650916604407e-02 -2.597330853638121217e-01 -1.715502901434598493e-01 -4.961651218962374182e-02 2.337043327996169151e-01 2.401253756063493339e-01 1.042430558562186527e-01 1.944627736937281637e-01 1.886389426532786850e-01 -1.952206444866666848e-02 4.994779674875394690e-03 -4.347352282938435342e-01 -2.434235629575165205e-01 -1.881047128861414175e-01 -2.765338069814821664e-01 -4.507069657647617272e-02 2.024892656198764018e-01 4.934906868017500670e-01 1.603267745319774187e-02 1.589786079366165006e-02
-3.212129494109667444e-02 -1.211382045694261583e-01 7.168851885823360193e-02 -2.005141032666479806e-01 -1.120313859763593933e-01 -1.342903836319105926e-01 -9.174201097549571082e-02 -4.974121742224846959e-02 3.047250492970960192e-02 -6.190954648642447988e-02 9.517935954730524784e-02 2.450873645280422508e-01 2.790079036953961866e-01 7.609265456384006754e-01 1.000000000000000000e+00 -2.716742837585982007e-01 1.983034918920155154e-01 2.637363964211211775e-01 5.905395408327668294e-01 2.079344764378884547e-01 6.096691460268800489e-01 1.117852669469352883e-01 7.227655809771327267e-01 2.604357071884102481e-01 -1.562480830226440909e-01 3.528442643328897482e-02 1.472953235781368497e-01 1.295741635111970491e-01 4.766312403191096392e-01 7.546441037231311766e-01 1.965271093508809755e-02 2.406855673484298574e-01 2.686616579049589393e-01 3.617277925529080451e-01 4.861492737073967729e-02 1.220813719266665570e-01 1.463285773022531544e-01 -2.833817320333180123e-01 -1.865052179357841733e-01 -8.189087761091234929e-02 1.694707469768499952e-01 -2.717363406003148185e-01 -1.310776932853319199e-01 1.206920176587042703e-01 -4.119407384763205254e-02 1.887737011291762967e-01 5.382426965957959331e-01 3.554239379153167899e-01 -3.434720377099607924e-02 -1.780823441890766468e-02 -3.999357854862032463e-02 -9.034459453180539168e-02 1.862359431368306589e-02 2.094148079399292886e-02 -1.615611547431972106e-01 -3.992598498989380351e-02 7.040026415327668707e-02 4.520626747130965933e-02 -2.306807164534407373e-01 2.256820276679391557e-01 2.723505143776895898e-01 2.874704152683863478e-01 4.438949666295068930e-01 4.584332623393748141e-01 7.147070616359220141e-01 8.337420400694355305e-01 1.103130348816720313e-01 2.509272960479775882e-01 3.165188749754706543e-01 5.605839096638587371e-02 6.529913637248505598e-01 7.496463317382667801e-02 6.321463619539267054e-01 -1.023414969472691977e-01 1.092116035955892350e-01 9.585609245051032734e-02 4.896480289795274721e-01 6.564714929204528149e-01 -7.457344312516206442e-02 3.062731438870179290e-01 -1.211759962672336217e-02 -1.475771932809809561e-01 -1.752532571103070647e-01 -1.007259260905941367e-01 1.604016651827892548e-01 2.365926483622073362e-01 1.476429397466115789e-01 1.848511695981880643e-01 1.511711159422991502e-01 2.879651705635478606e-02 6.056201037372887369e-02 -4.951676890757477634e-01 -3.088566703874650599e-01 -1.435621747423211914e-01 -2.850429590967938354e-01 2.541704859798072161e-02 2.313915134063738721e-01 5.271200060336674875e-01 -3.141756793057724761e-02 3.674239382987062874e-02
