1.000000000000000000e+00 3.788528157496011128e-01 2.554982045985614847e-01 2.529426670561417123e-01 -7.636891458654055526e-03 -1.265892432051884675e-01 -1.182979415550060448e-01 -1.131287511905676724e-01 -2.207246692933847731e-01 -1.307606183804400080e-01 -9.962828098119587417e-02 -6.403853597544385823e-02 -1.630108979217382292e-01 -8.996803147999382633e-02 -1.545735893753461543e-01 4.371307251906455527e-01 -2.124897690961381758e-01 -2.706424857509894810e-01 -1.829881066408869661e-01 -2.531024525366342148e-01 -2.231194495119532828e-01 -2.282781637943933628e-01 -1.969720820446747150e-02 -1.712508617082492968e-01 3.887426598148227552e-01 -1.068683076747782290e-01 -2.609500636262478968e-01 -3.174729975277137961e-01 -2.054818004831832634e-01 -1.425055848288796397e-02 1.668619658583509469e-01 5.336779991229503306e-01 2.653737795320489368e-01 -1.494041578267823744e-01 -1.471037750850914261e-01 -1.500613671092609624e-01 9.800022235046836408e-03 4.018872419550275077e-01 4.836874803912393633e-02 -2.034285972515786911e-01 -1.738609540397462738e-01 9.581649593084688721e-02 -1.375851068568213487e-01 -1.485961164724385053e-01 -8.353187965996894393e-02 -1.457175385870379536e-01 -1.257333972467165051e-01 -7.503499742945358986e-02 -1.971739988080592476e-01 -1.979490280866646190e-01 6.559167801617363791e-01 1.603605065149586728e-01 3.490516963422924945e-01 3.788729319327260175e-02 -7.294005373909229206e-02 -7.673179755636135024e-02 -4.395972641371896639e-02 -2.155000098811187537e-01 -8.823777182766522065e-02 3.487609411569618251e-03 -8.564952528040264967e-02 -1.426569285394254094e-01 -1.367258249371423595e-01 -1.667911178855409349e-01 -7.685622765858654559e-02 -3.825356648997376807e-04 -9.788872626790263987e-02 -1.417574122765250799e-01 -1.039109659352844550e-01 -2.732214762790368123e-01 -1.881164580974476752e-01 -1.771296425421513832e-01 -1.448042303897213679e-03 -5.948081717518123590e-02 -1.203650925035920222e-01 1.305829046182437336e-01 -2.174241321182058262e-01 -8.595675149006018478e-02 1.283197390345140465e-01 4.719742833240213598e-01 -7.177275467796946640e-02 -2.759740509470905989e-01 -1.914128838502790197e-01 -1.128133467355220548e-01 -1.756229153836679491e-01 -8.695124017428514096e-02 -1.122261979383604169e-02 7.574932245808053098e-03 -1.147941730990142545e-01 -8.890988217443253350e-02 3.380762072011128661e-01 8.317581838286301765e-02 -3.109362531201364382e-02 2.554842943337161665e-01 -7.109835709987692709e-02 -1.888670976717240768e-01 -7.926404065250834685e-02 -4.286351355850534506e-02 -1.362309036514878224e-01 -1.082607009927043368e-01
3.788528157496011128e-01 1.000000000000000000e+00 2.823742506603227898e-01 4.249858063523793139e-01 4.463160255831731815e-01 1.216164539275799705e-01 -1.784198382580206299e-01 1.213377562347243699e-01 -1.113430053040610213e-01 -3.160232356542290177e-01 -1.509119026776111622e-02 3.207282440760272219e-02 1.008223931659491118e-01 1.713932339294280127e-01 7.421257417472529316e-02 5.093587037605156187e-01 -4.749829647299475682e-02 -1.708560914927571145e-02 1.505633321271844793e-01 1.032994335618910887e-02 -1.434490941018333188e-01 -9.609601313051820137e-02 4.681961794185689196e-02 -1.255549420397285842e-01 1.436880115563722582e-01 -2.539437598068619226e-02 -1.062372644657920244e-02 -6.795609988045896166e-02 1.618363769088287385e-01 -3.351188541896220341e-03 2.143304366559217050e-02 3.657010262152829982e-01 2.262415680803069318e-01 -1.209829607941044320e-02 3.767114135181734522e-03 2.939772663884807416e-02 2.569107331107602921e-01 1.745368344626010704e-01 -5.164549223194068311e-02 -3.024078310055561269e-01 -2.488272511075436677e-01 -1.530184679402915304e-01 -1.133575411488888240e-01 -7.709082516316051459e-02 -3.717626688739468499e-02 7.629879309409232611e-03 -2.887627559440883798e-02 -5.585289478449765449e-02 -1.125783193404351207e-01 -6.985117116592318154e-02 4.756962502413186744e-01 5.436853198627247252e-01 3.774159373154158392e-01 3.124168486574114278e-01 1.946281362666359427e-01 -2.495512301501955424e-02 -3.117467578118512245e-02 3.367623344832348237e-02 -2.426388784583814462e-01 -1.086492076979680629e-02 -5.088013223932099510e-02 1.327823192722721590e-01 1.193383937032624770e-01 3.768803808347462314e-02 1.461761766826017162e-01 1.666765453391003127e-01 -3.088822692828820382e-01 1.298576167578670559e-01 1.610717491195301498e-01 -9.165392497947810746e-02 -5.524139222901276736e-02 -9.034781501227405476e-03 9.099781139873028279e-02 -2.416926993883738994e-01 -5.251018635195942030e-02 6.886054983068810864e-02 1.614857663111971542e-01 7.340921115787317052e-04 -5.635293721802428490e-02 2.167008079520524877e-01 1.268997443035288775e-01 -2.833637955331310132e-01 -2.235537634249528949e-01 -1.346084650775769553e-02 7.310336430001976478e-03 3.029804569133157446e-02 1.964096593324194395e-01 1.190565381840588272e-01 8.109214783973600627e-02 -1.449797170839890181e-01 2.866645748344526234e-01 -3.625409587030398867e-02 -2.983610369705149909e-02 -6.520165655804370519e-02 -1.178240282081836343e-01 -1.814104155575605448e-01 6.719665823363420165e-02 -1.294060153993239516e-02 -7.738303003203633734e-02 -2.191200556851964978e-02
2.554982045985614847e-01 2.823742506603227898e-01 1.000000000000000000e+00 -1.940623056032362015e-01 1.075133377476403468e-03 5.649416238511908439e-01 5.240654645070526030e-01 3.863608066954717368e-01 3.490162797403853490e-01 7.872967755143855939e-02 1.389391334761830854e-01 4.824279333327272795e-02 1.051679745969064245e-01 -3.257535480292977348e-01 -3.602603185257983731e-01 1.813950383000358102e-01 2.564044700892744721e-01 -3.194851765156030143e-02 8.102028921385637239e-02 -1.456608029394064197e-01 -2.634784073328306220e-01 9.699401206144851739e-02 -2.227311862978897106e-01 1.508492459963823862e-01 4.676397344547508772e-01 7.317723683139069901e-02 4.855088408755681845e-02 -1.087361585592098723e-01 1.420371662131461321e-01 -2.886691749455244094e-01 -1.145089825212929208e-01 -2.201562422241462869e-01 -4.179808608887111698e-01 2.295630718466063480e-01 1.258634205609170664e-01 -6.988299410467023465e-02 3.263321848846671980e-01 -9.984608890893584277e-02 7.055544714795027039e-02 2.383029908142187125e-01 9.135338520168685694e-02 1.843109777127093230e-01 1.821660593451646659e-01 1.062408437880051210e-01 1.534640521245616285e-01 -1.513008797203965194e-01 -2.782355099400830034e-01 -1.304610873973134910e-01 3.049674711139032102e-01 2.019032412427743950e-01 -7.278688484765363786e-02 5.611317622193313648e-01 1.488819234033400205e-02 -5.273936162667258037e-02 4.996815320031364749e-01 5.964170258423483473e-01 4.481492085899205779e-01 2.342414552074056910e-01 2.037683421122312155e-01 1.881833851216688502e-01 1.999283311824831821e-01 6.267716377909632319e-02 -3.085466368246709279e-01 -3.943265151958631476e-01 -3.625240490301984142e-01 -2.807387765778932565e-01 3.042578509778066653e-01 1.682764752441833021e-03 1.287285585266156329e-01 -7.256056270695057653e-02 -2.050711314250092676e-01 1.846499582729003441e-01 -2.507659458694952992e-01 2.034949357915732115e-01 -3.607624130537969570e-02 2.955191503031255884e-01 5.199846597281638366e-02 -2.707801420990940122e-01 -1.387691977199149440e-01 -2.758458444387957842e-01 4.204590628967743576e-02 -1.687024150186312577e-01 6.419879326949166909e-02 1.414399912655018854e-01 -3.732371136770122610e-02 -3.554418219667269119e-01 3.221939504075705951e-01 7.937062822011826599e-03 6.073028870396134787e-02 3.330668405998643000e-01 -1.600125930163087962e-01 4.148456653563057928e-01 5.130985017738660947e-02 3.502636593374799240e-02 1.984789621060173703e-01 4.908319163252734818e-02 -1.377856625159674941e-01 -1.718435998895133654e-01 3.502970920145601630e-01 3.401328512765436352e-01
2.529426670561417123e-01 4.249858063523793139e-01 -1.940623056032362015e-01 1.000000000000000000e+00 5.224070356072898491e-01 -2.363005085664027782e-01 -2.588069916580552077e-01 -6.494903010211838801e-02 -1.783383552734296718e-01 -1.765812182535149988e-01 -2.166563470354551935e-01 -2.382124953502039733e-01 -1.328912989936088251e-01 2.287861845637913505e-01 2.472740784759714094e-01 6.034972942782609318e-01 -2.305671601378314894e-01 -1.424111281198801593e-01 -4.064839579161738659e-02 -1.144270496363696821e-01 -1.005611055429390943e-01 -2.457629383994948402e-01 3.039904804885757567e-02 -3.325910818367079913e-01 -1.707151294928783147e-01 -3.265384383156442749e-01 -1.443525268143805718e-01 -8.628726092318532437e-02 -1.048289349869987175e-01 9.869562921406917211e-02 2.144732831180967414e-01 5.157136508770235883e-01 5.288088163342686832e-01 -2.057536073284192690e-01 -2.186336837542484923e-01 -1.528840250774944620e-01 -1.596169918378353425e-01 3.733975321816607740e-01 5.470584629280215994e-02 -3.219300629429500682e-01 -3.334877273875795356e-01 -2.120218904472289112e-01 -3.299831268190851485e-01 -6.102467892498553148e-02 -6.796218844131450554e-02 -6.414375718987387620e-02 -5.765624544366571708e-02 -1.741692021451576033e-01 -3.320245962704445608e-01 -3.277929249420206692e-01 6.091219223577709618e-01 1.276889907831573467e-01 6.749167102745166069e-01 6.477951104575707664e-01 -1.305789406852591872e-01 -3.734306781080008464e-01 -1.766554525051049485e-01 -1.687666664526380478e-01 -2.689956539115796463e-01 -2.800079382399472960e-01 -4.258850865756075854e-01 -1.597360982029447096e-01 1.978507811102794278e-01 2.496697158920448967e-01 3.120533654343075614e-01 2.970865116492929503e-01 -3.781130672734892006e-01 8.499037897173623846e-02 -2.772338826123375843e-02 -2.257252197549279582e-01 -7.757271337326825111e-02 -2.645331888557749256e-01 1.201124694043523289e-01 -3.751828049696512846e-01 -2.346522171474937357e-01 -3.465153126003815420e-01 -3.866637803238901633e-02 5.268397487007982216e-02 1.430095892632604337e-01 5.530175745490599759e-01 -3.980239722586913220e-02 -3.246477865146900621e-01 -7.522592789637143340e-02 -2.481291599891232158e-01 -1.028618299717885126e-01 1.610187805932041250e-01 -8.842871528889204025e-02 -8.268496701205259314e-02 -8.735336502348493848e-02 -4.339794434108175669e-01 5.734092085694311169e-01 -1.571446194165384558e-01 9.480488016999605305e-02 -2.460152061349961741e-02 -3.066085710903279082e-01 6.002213107606089136e-03 1.588273031039011494e-03 -6.514430649102681548e-02 -3.482199730635395230e-01 -3.573257855593758858e-01
-7.636891458654055526e-03 4.463160255831731815e-01 1.075133377476403468e-03 5.224070356072898491e-01 1.000000000000000000e+00 1.945497335690215268e-01 4.790057171298445909e-02 3.514240281533281274e-01 2.344337655724090252e-01 -3.926989603074990121e-02 -1.356512067768146645e-01 -1.048913533611102039e-01 9.632696366009860234e-02 2.787147862301646017e-01 3.668666082117177374e-01 4.331474565036851909e-01 2.179761089499435145e-02 5.802204767313533240e-02 1.858876604710855418e-01 1.237183650674790608e-01 8.557569757474987882e-02 -5.861489716760080737e-02 1.114363014913221095e-01 -7.841725188490401843e-02 -3.318530784111007881e-01 -1.449996791564278076e-01 7.268305237695014964e-02 3.200116806128851243e-02 1.597796658252309820e-01 1.339647631486277080e-01 2.363210662322462463e-02 1.289876750242500703e-01 2.929344696679208604e-01 -1.657604742719167093e-02 6.518861285103580427e-03 -1.041891244994862242e-02 -1.046969475231558366e-01 1.389041484064358067e-01 1.121974675614848399e-01 -1.253741139942774752e-01 -1.724991981402907437e-01 -1.013967269403948657e-01 -8.429842812624381565e-02 1.859391028043464733e-01 1.175391586741511007e-01 8.953009652380737593e-02 5.030115374665810463e-02 -9.535901407710656308e-03 -2.636872966628452455e-02 -8.682105011187220278e-02 2.156148934969574771e-01 4.973389050122401511e-01 5.332436411360292894e-01 6.152888081908145512e-01 4.115920784560012091e-01 5.266345031699429073e-03 1.114668510153136310e-01 2.912621100304966792e-01 -1.412160728639156870e-01 -1.950133826814960947e-01 -2.575121392066306858e-01 6.943948770196856080e-02 1.372931613602262901e-01 2.630846175438401047e-01 2.840915371315242410e-01 3.163895774180809362e-01 -1.961602266221151025e-01 1.977009862079909808e-01 1.305191821841165389e-01 -3.487208647594603698e-03 1.462730996333855005e-01 -3.533570972547089850e-02 1.204151691168539318e-01 -1.711253734807897386e-01 -5.433022080591662362e-02 -3.124955290918861039e-01 1.139516378979643363e-01 8.635178969041197583e-02 -8.726044924247386425e-02 1.879310448143591827e-01 -1.350857399189095698e-01 -1.920296083829864386e-01 -4.747415737936223207e-02 -9.378447103808554286e-02 8.495148277046830898e-03 2.317777664128536225e-02 5.700576813069123915e-03 1.917773008402245917e-03 3.895595242799661240e-02 -2.644731689657000007e-01 2.849023587637593002e-01 -2.268641944473452354e-01 1.994745176487300597e-01 -1.346614772229542956e-01 -1.319555535509867317e-01 2.403871103298195477e-01 1.185462637121050683e-01 2.104503633605722679e-02 -5.867806995870313708e-02 -1.126052522887104196e-01
-1.265892432051884675e-01 1.216164539275799705e-01 5.649416238511908439e-01 -2.363005085664027782e-01 1.945497335690215268e-01 1.000000000000000000e+00 5.890446213687974275e-01 5.952587741635168017e-01 5.365971373946238909e-01 2.964595458801980721e-01 1.374452247556863238e-01 1.071776046139882033e-01 1.129488329976727906e-01 -2.107336551939440472e-01 -1.496394903436703561e-01 8.864309084699117935e-02 2.183018116511099560e-01 9.961050180834776779e-02 7.094010758428463681e-02 -4.244261693660585089e-02 -1.993595102791241580e-01 5.091245166348253026e-02 -2.222384628131274242e-01 1.955826751047538281e-01 2.596538452218245530e-01 1.799771616294970900e-01 5.051722437644658864e-02 -1.105217827638019651e-01 2.080681819124999832e-01 -3.223639265040334489e-01 -1.724347276202503887e-01 -4.169320189845392433e-01 -3.303849274222135923e-01 1.613263770934411645e-01 5.323574845693623825e-02 9.119494011387054011e-02 1.349055911731511515e-01 -1.854708684812823860e-01 -1.921765495180875055e-02 4.062111605958025895e-01 9.584686086061570964e-02 7.965466130527369681e-02 2.328027151891892965e-01 1.635035635085588801e-01 1.545669406866045925e-01 -1.949013556265281610e-01 -2.726798549965860352e-01 -2.087440258946582361e-01 5.833330072880050787e-01 1.730673733197528319e-01 -3.012884884968590193e-01 4.608143196932026342e-01 -6.784343325248104462e-02 -2.840179514229668797e-03 7.656003684347593152e-01 7.079017828954693448e-01 4.865424453612690603e-01 3.556428585469109671e-01 2.473867872370201504e-01 9.434337229926409440e-02 1.712495971996759736e-01 9.068355897672067401e-02 -1.707193673947057511e-01 -2.372255288937346607e-01 -2.170561685126604634e-01 -1.984399310189469967e-01 3.053478970927118175e-01 4.387217148727839966e-02 5.143803244283383369e-02 1.029874346736196072e-02 -1.044428342961206263e-01 1.463557705322092728e-01 -2.259171120635250773e-01 1.292292022812807917e-01 7.982996230064812182e-02 1.957870633314498510e-01 1.442690579010761087e-01 -2.870721665398721645e-01 -1.428764069234897682e-01 -3.927547281263234491e-01 2.476867030590411412e-02 -8.955765957947051104e-02 1.477669588678687251e-01 4.061801585625096633e-02 -1.194828304806087871e-01 -2.981848540836649630e-01 1.736259222004493397e-01 -1.420862940447584766e-01 7.378576529067525092e-02 1.587298462867121340e-01 -2.433193708838548019e-01 2.537886464745612303e-01 1.229997747847944439e-01 -4.716228803813808657e-02 1.791826620728614039e-01 1.517782568819760203e-01 -2.055680925273258852e-01 -2.395766594508100811e-01 5.342656327210951739e-01 2.433647750462349935e-01
-1.182979415550060448e-01 -1.784198382580206299e-01 5.240654645070526030e-01 -2.588069916580552077e-01 4.790057171298445909e-02 5.890446213687974275e-01 1.000000000000000000e+00 4.756204862857317250e-01 5.071331382940483801e-01 4.305897254624657111e-01 1.168184675078037110e-01 2.505440134387483184e-03 -4.829775939121639522e-03 -3.743910960908787278e-01 -3.036587723301104047e-01 9.023097687099805586e-02 2.708934869486938624e-01 -1.786108023037684053e-02 2.770349034642492726e-04 -1.426067744627356471e-01 -2.505829459821959926e-01 8.412761331084511740e-02 -2.259884189906731511e-01 2.732160395513478779e-01 1.605242017170641911e-01 1.515755694825756950e-01 3.946558375597917362e-02 -8.692815219447827535e-02 5.161056283167703151e-02 -2.968085329502540559e-01 -1.280842289021053571e-01 -4.713612105115695949e-01 -4.538891893759111063e-01 1.789790012320149615e-01 9.627387166288541021e-02 -6.696697910698197476e-02 5.879395454817991362e-02 -1.765314382627027889e-01 1.806069908577266625e-01 6.516413340499290774e-01 2.175583652405489177e-01 2.234645615411026132e-01 2.819886546314596121e-01 2.693313708867905998e-01 2.099601099947556171e-01 -1.573570701352286216e-01 -2.322234928540169441e-01 -1.666081938596287726e-01 4.683096455719517603e-01 1.758015928709443787e-01 -3.586728876331395366e-01 2.525634867937402439e-01 1.142798456285049058e-02 -1.520442568421113277e-02 5.471452953279415388e-01 6.150796028714942132e-01 5.273222425686505677e-01 3.024929619456114827e-01 3.751047680374524074e-01 1.542747642437750921e-01 1.939899218440468143e-01 -7.032492152078716197e-02 -3.505053706913451306e-01 -3.633694169701426890e-01 -3.567103786334707149e-01 -3.266901323016630498e-01 5.268226675156588712e-01 -3.994877674539326629e-02 -2.901441102133541471e-03 -6.288814525687129453e-02 -1.673087484690328475e-01 1.491278377734019944e-01 -2.986960453509198699e-01 3.467099695723170893e-01 5.081934138620859687e-02 1.553775576649942258e-01 -1.744405426657743424e-02 -2.693617994683533690e-01 -1.559264198408118196e-01 -3.963027733587396462e-01 -9.202209453704630893e-02 -7.719748882126573064e-02 2.112333103429294423e-01 1.320938669001167354e-01 -4.667177723304593434e-02 -3.166521656712695254e-01 1.670817648778495368e-01 -1.016587236694826285e-01 -7.461001105224501946e-03 3.558264784599015629e-01 -2.336819626377675818e-01 3.062461701185222873e-01 3.181499208899192799e-01 8.478085163213557041e-03 3.063222868913397234e-01 3.195334013576771048e-01 -1.473721612189881625e-01 -2.046830393215783583e-01 4.298450222486083772e-01 2.889904314567690036e-01
-1.131287511905676724e-01 1.213377562347243699e-01 3.863608066954717368e-01 -6.494903010211838801e-02 3.514240281533281274e-01 5.952587741635168017e-01 4.756204862857317250e-01 1.000000000000000000e+00 6.853500966570625907e-01 1.288673723716212971e-01 1.434007282706475095e-01 1.037913748943905118e-01 9.327747359944250916e-02 4.477984819332607447e-02 6.437410833767702630e-03 1.459629569461762255e-01 3.008014011801272147e-01 3.581650428889910920e-01 2.503508287038739288e-01 2.457301260712576457e-02 -3.542960024833645416e-02 2.339132334660714574e-01 7.541615311072552563e-02 1.884857189871678440e-01 -2.387959128805170958e-02 1.708550219051746255e-01 1.149548267211182723e-01 -1.507753019720418398e-02 2.775482687676402715e-01 -8.717778294253633597e-02 -1.415780721976948597e-01 -2.752155027264085452e-01 -2.810576170427800946e-01 3.170125826545110992e-01 1.949406030069167628e-01 9.965971026178441217e-02 8.282742559575144436e-02 -2.151528198916432544e-01 -2.318961059417836909e-02 2.606794711054419289e-01 1.227370841852060829e-01 1.909357961366372203e-01 1.489368345873316735e-01 3.081844386204449782e-01 2.117280804236731928e-01 -5.595218533176805897e-02 -1.509087858841315355e-01 -1.541937472785667902e-02 4.734692658163724976e-01 1.209374520119419205e-01 -2.306564509530541485e-01 4.210363045289844952e-01 -4.313902689341846119e-02 9.672872291821668633e-02 6.182259076417163657e-01 5.256754269343304475e-01 7.723827696850719127e-01 6.686437854097259104e-01 1.781882043427108209e-01 1.009991693469632357e-01 1.200611850435153033e-01 -1.644936085089123215e-02 -1.980963312622112671e-01 -7.093231178210994414e-02 -8.284994343252288958e-04 3.913553166802526823e-02 3.323273434964549300e-01 1.530315754822315077e-01 2.515783450715865510e-01 2.168543165286169194e-01 1.484065740913199927e-01 2.317038350156442050e-01 5.247331858329916388e-02 1.348942834447348083e-01 1.976211587725711094e-02 4.300058844407025904e-02 1.822935900873855486e-01 -7.536382810765931972e-02 -1.918228893841361637e-01 -2.598226049146968863e-01 -1.191887505583135165e-01 -1.331289114420139141e-01 2.317499297772693534e-01 1.833607851850722614e-01 -7.503729637724549165e-03 -2.597103259084211357e-01 1.994447909328162793e-01 -1.912294608578225114e-02 8.802271862869399943e-02 7.087169525808864612e-02 -2.090851747208529177e-01 -3.439471074513661408e-02 6.168860604281520277e-02 1.599002889210926828e-02 6.869973046241469039e-02 3.194273290063125992e-01 -4.761745534519827572e-02 -2.975759400412233274e-02 3.661545456472787841e-01 1.510657399796286604e-01
-2.207246692933847731e-01 -1.113430053040610213e-01 3.490162797403853490e-01 -1.783383552734296718e-01 2.344337655724090252e-01 5.365971373946238909e-01 5.071331382940483801e-01 6.853500966570625907e-01 1.000000000000000000e+00 3.343346541522026483e-01 2.400225622053931140e-01 8.684323644898934991e-02 2.043474936124206609e-01 -1.214101853478210952e-01 1.381913852197769015e-02 -8.731881376356027957e-02 2.693943753390425355e-01 1.697707189074096346e-01 1.361171835974300526e-01 5.238196507323037571e-02 -4.584142714061482243e-02 2.249730835154024333e-01 -5.650579002754400199e-02 2.935294652363582002e-01 -4.928487542840680885e-04 1.616373814115083241e-01 1.720131277555213556e-01 3.141869656587500254e-02 1.826677788824771498e-01 -6.008636054264706455e-02 -1.171485891308091526e-01 -4.036068772070942057e-01 -4.468945287448135018e-01 2.795880416125935408e-01 2.433398091286757547e-01 1.479748257738040251e-01 1.962374537413964087e-02 -2.792568028905196842e-01 -1.164591177562998917e-02 3.748546079829864763e-01 3.306160046534683539e-01 2.837387553649522998e-01 2.535068223423130318e-01 2.931701604722697918e-01 2.362487546801912142e-01 -1.501993127618462534e-03 -7.565189346424087968e-02 -3.638119033074581343e-02 4.423161951855320573e-01 3.133859845078463824e-01 -4.113605205760422212e-01 2.602946526570703578e-01 -1.453961622517621066e-01 -8.021277923292303991e-03 6.205046042897113256e-01 6.416628257936776158e-01 6.762738155622703973e-01 7.014012986819904150e-01 4.228228650816676093e-01 2.160844031281366207e-01 1.927333560921177802e-01 4.859689666659344071e-02 -2.153034308825323151e-01 -1.299598504498166718e-01 -1.308707883384676030e-01 -1.609698686035656093e-02 5.122149219207570159e-01 -4.585502579637952547e-02 1.440543838491557295e-02 6.817769740551600510e-02 4.277034041226536465e-02 1.390137778364308185e-01 -1.239995621186372604e-01 3.161707841428312848e-01 1.878528261520880441e-02 5.412455745126679846e-02 1.083190863321109448e-01 -6.933634298201497848e-02 -1.581185720938193540e-01 -3.580252367205756237e-01 -2.271675083362905134e-01 -1.372655074421525179e-01 2.894123450073440296e-01 2.260065683968844608e-01 1.835429183773921308e-02 -3.306230502190861120e-01 1.245214567305890085e-01 -1.209604279920525015e-02 1.447332130351678126e-01 2.784777365758946410e-01 -3.028529362063023256e-01 6.800512193004623618e-02 2.031381180324675351e-01 1.265650370990379081e-01 2.638867209538427461e-01 3.269938821593801337e-01 -8.417894388594285640e-03 -7.069890015915580861e-02 4.649264545739247301e-01 2.734294723703442065e-01
-1.307606183804400080e-01 -3.160232356542290177e-01 7.872967755143855939e-02 -1.765812182535149988e-01 -3.926989603074990121e-02 2.964595458801980721e-01 4.305897254624657111e-01 1.288673723716212971e-01 3.343346541522026483e-01 1.000000000000000000e+00 1.704349175318307652e-01 1.268807362351556667e-01 -1.863941633710632095e-01 -3.600442982541751102e-01 -1.963940788676728222e-01 -4.987577233921693803e-02 -9.164992523724559137e-02 -3.096966527125764035e-01 -3.024194615037135714e-01 -2.530991706761789861e-01 -2.496982499835218861e-01 -2.929649126270714721e-01 -3.173551469732303065e-01 1.553684993728398356e-01 2.161747696508033723e-01 2.386042618316940311e-01 -2.383863268990835671e-01 -3.119032520095602057e-01 -2.944950565089176076e-01 -2.789976693474196523e-01 -2.301361967249404838e-01 -2.478549144081002020e-01 -1.712632613460836895e-01 -2.370852057704765925e-01 -1.370148679503987721e-01 -3.840114425173028756e-02 -3.126766623933385225e-01 3.821724999148291141e-02 1.022743865135061769e-02 5.836432365899894004e-01 7.173457901692684158e-02 2.999614075604119523e-01 3.718036275202827312e-01 2.127972925732361520e-01 -6.684312994994237589e-02 -2.871543806062716309e-01 -2.613453308622802340e-01 -2.618233302205776325e-01 4.020289196743833671e-01 -6.996490368157619322e-02 -2.786397606447722497e-01 -1.354032171354426772e-01 -5.052026111296637617e-02 -8.942598717085016580e-02 2.592694107398710313e-01 3.553166733873336369e-01 3.112635448320311693e-01 5.127572442182866223e-03 7.698123603385369496e-01 1.075928496206397245e-01 1.360995148203693605e-01 -1.399374536574967409e-01 -1.877994956324215425e-01 -2.315120599840407856e-01 -2.081077761474506849e-01 -2.688504046556934868e-01 4.667702916046079786e-01 -2.785446046123861152e-01 -4.307055447239477863e-01 -2.957360048567608257e-01 -2.939211746193396979e-01 -1.410208605659444836e-01 -3.869179393576404613e-01 4.755460410222774881e-01 8.647231944091299249e-02 2.295584028892282691e-01 -2.614345616231993907e-01 -2.916802296228238611e-01 -1.536705757860819532e-01 -6.662008252753193194e-02 -3.114643978964236615e-01 -3.183229432883898924e-01 2.795420441080591067e-01 -1.241974322796790126e-01 -2.628691314394946965e-01 -2.668270925474279243e-01 -2.457110928874935984e-01 -3.628068813652872704e-01 -2.690778640194346205e-01 1.149397216230360619e-01 -1.795667326842622646e-01 1.058394010866169910e-01 4.803526570628260384e-01 -2.197327695377699480e-02 4.777754243825887426e-01 4.000644428575411138e-01 -2.452316749473885116e-01 -2.941256889817775999e-01 4.046040974828662984e-01 1.907850751039744065e-03
-9.962828098119587417e-02 -1.509119026776111622e-02 1.389391334761830854e-01 -2.166563470354551935e-01 -1.356512067768146645e-01 1.374452247556863238e-01 1.168184675078037110e-01 1.434007282706475095e-01 2.400225622053931140e-01 1.704349175318307652e-01 1.000000000000000000e+00 7.259943218408968502e-01 2.185919226307906083e-01 -1.745162061813314014e-01 -8.589587490564268291e-02 -1.799450040514044002e-01 1.156656076034878605e-01 1.056359045151160081e-01 -5.894711996892917222e-02 -3.091365778118243882e-03 -1.112408002243636951e-01 6.691892429641280171e-02 -1.222166526116599261e-01 6.008984513259414406e-01 2.047943312383987691e-01 5.500689508067053701e-01 8.091734352874625780e-02 -9.056168685458432233e-02 1.307173114779942857e-01 -1.186920302873333277e-01 -3.701237496393789961e-01 -9.286509263536496528e-02 -2.006825125136660615e-01 1.735964288864394467e-01 2.766794084412511068e-01 4.474273490872106018e-01 1.645957576718569126e-01 -2.439698415404099596e-01 -2.068463528002757457e-01 3.129812028376757760e-01 4.428565814697243419e-01 3.395534193383625832e-01 4.571455916781324014e-01 2.800484547425420301e-01 2.193754708926955871e-02 -3.827241825466948938e-02 -1.761157446112746605e-01 -5.401399368095308878e-02 4.042839180779015940e-01 3.129274006084037385e-01 -2.557124544169424030e-01 -1.490005537429590077e-01 -3.145293064390419224e-01 -3.481774446806655265e-01 8.426036784154705694e-02 2.710170083522352447e-01 2.800948681034522436e-01 3.418468585182442565e-01 4.391153208618029380e-01 7.708385869147366121e-01 6.790425921911065199e-01 9.073175799320647161e-02 -1.772444245864138457e-01 -3.015155436228474928e-01 -1.743855029966884795e-01 -7.273852260578202167e-02 4.627525950257030396e-01 -1.591432719878069502e-01 -1.288250960538373652e-02 3.404445319985241469e-02 -3.350595755231700751e-02 5.857112005578461733e-02 -2.143354744388095423e-01 5.091529374593024571e-01 2.863202181763571108e-01 5.455996321247055247e-01 1.447225508906889169e-01 -9.693131233155923010e-02 -3.988484270234030071e-01 -2.221675488221810657e-01 4.876440080535632640e-04 -8.734936483223977588e-02 1.987241031726435514e-01 1.994040977327065645e-01 -2.492896696521726060e-02 -3.247576192484603053e-01 1.914444069910238577e-01 7.748825623685431929e-02 2.166184483859662502e-01 3.330042426254550270e-01 -4.482501404259274236e-01 1.120044813862329514e-01 -3.177923411367630790e-02 3.866181083135353247e-02 4.252860650428576528e-01 1.958127016019578226e-01 -4.657908608464655931e-02 -9.479619538808198298e-02 3.677501439453034204e-01 3.510988331733369550e-01
-6.403853597544385823e-02 3.207282440760272219e-02 4.824279333327272795e-02 -2.382124953502039733e-01 -1.048913533611102039e-01 1.071776046139882033e-01 2.505440134387483184e-03 1.037913748943905118e-01 8.684323644898934991e-02 1.268807362351556667e-01 7.259943218408968502e-01 1.000000000000000000e+00 2.610955942119850270e-01 -2.748552776986143767e-02 2.661579773823527506e-02 -1.844933558249471917e-01 1.396812160122601065e-01 1.268366089332732816e-01 2.488824928928215843e-02 4.181123388134871249e-02 4.767353858379909382e-02 8.315603889397037152e-02 3.993727009945367140e-02 5.509305379133799807e-01 2.717611330851367191e-01 6.807115416273599173e-01 1.330532923681844171e-01 -7.791340531165190375e-02 1.863173341630701696e-01 2.461993392014259069e-02 -4.254101167038640274e-01 -2.408654535743894737e-02 -1.046323144937173488e-01 1.325583310963067696e-01 2.612378122725130258e-01 4.502211844520427331e-01 2.206397932224450076e-01 -1.819860473945633383e-01 -1.920782667933484955e-01 3.064300839614279570e-01 3.614133471480305837e-01 2.794546517310442235e-01 5.279479627530886399e-01 2.763507931399635242e-01 -1.741850955458992822e-02 8.121512278200297696e-02 -7.810441705497006559e-02 6.939011023036881221e-02 3.480233756740479523e-01 2.518665548805560928e-01 -1.569981788481465690e-01 -1.341217953654617601e-01 -2.988023974053658494e-01 -3.115782764645933511e-01 4.483156291703754154e-02 1.147228601249445784e-01 1.549808358572269396e-01 2.671985930763581263e-01 3.042313926611744934e-01 5.943865127902600021e-01 6.685614003468030031e-01 1.757055737181164035e-01 -8.812873435906132258e-02 -1.718288349140376092e-01 -4.413230915931881659e-02 3.349046318548538903e-02 3.045787878385252112e-01 -1.817090903207886632e-02 6.266206917817787603e-02 7.473165318506465316e-02 8.701176726698299502e-02 1.203932338750359626e-01 -8.395007698843588717e-02 4.442535443838031561e-01 2.917929699841566027e-01 6.207668648683426493e-01 1.825168888946955836e-01 3.718801323218114130e-02 -4.084670364040642321e-01 -1.727988022050588601e-01 3.748288331561518139e-02 -3.124431364703877598e-02 1.283282794672532812e-01 1.625781234718737256e-01 2.309517352831701523e-02 -2.639120862162386283e-01 2.176060384682992899e-01 1.503368557896109514e-01 1.491534475802801796e-01 2.244875896449660957e-01 -4.247411526312745988e-01 7.325852933345398943e-02 -8.606645729771608688e-02 4.364823379533373793e-03 4.186662825515244934e-01 1.687378155216992248e-01 6.176380984773660598e-02 1.362203507284657535e-02 2.587678336565422121e-01 3.033980357392249139e-01
-1.630108979217382292e-01 1.008223931659491118e-01 1.051679745969064245e-01 -1.328912989936088251e-01 9.632696366009860234e-02 1.129488329976727906e-01 -4.829775939121639522e-03 9.327747359944250916e-02 2.043474936124206609e-01 -1.863941633710632095e-01 2.185919226307906083e-01 2.610955942119850270e-01 1.000000000000000000e+00 2.816688261178733055e-01 2.660777673462945137e-01 -2.348307346953902863e-01 5.704448200219925935e-01 4.443671945480480723e-01 5.553875766924865065e-01 5.915785874437824443e-01 4.129208109146045858e-01 5.666105144186316389e-01 3.039214615450586687e-01 3.360199985661148636e-01 -2.533986162074283472e-03 1.502550369680339948e-01 6.863655553568928092e-01 4.616804884220175320e-01 4.421485933053025397e-01 3.339745096945809233e-01 -3.059433166032678453e-01 -1.341778171853085233e-01 -2.018459781859008040e-01 5.610133661383778225e-01 5.443315352278146335e-01 4.276083401543069318e-01 4.245956135551326449e-01 -3.298300521765953341e-01 -7.410709196442494262e-02 -4.371381989905148008e-02 3.693761390334902028e-01 -2.188165114651019743e-03 2.166375526296637766e-01 2.515177012210081248e-02 2.271057028702357927e-01 5.165051400311827523e-01 4.081463446487146318e-01 4.184829248050786488e-01 5.369011832663083544e-02 5.875091587130164550e-01 -1.955687856540862801e-01 1.464331353430642080e-01 -2.076031226534089391e-01 -2.233499004246076308e-02 1.575040914234963063e-01 1.896958458572830519e-01 4.949450625592802244e-02 3.615887994317030785e-01 -4.819970198061039601e-02 2.523423557345371715e-01 2.601027758905986031e-01 7.626817501898655038e-01 2.897459139424824470e-01 2.094791141193639572e-01 1.724401773045906305e-01 2.623558000215593378e-01 5.426888116168827533e-03 3.994097161359151937e-01 4.617156391593104647e-01 4.685387084412094838e-01 4.254153149153616087e-01 3.845902939968403045e-01 1.923404922801444927e-01 2.529332030986227928e-02 2.264638047614638827e-01 1.013241587448045350e-01 4.043259019942114785e-01 3.911984684122783440e-01 -2.770602274464574744e-01 -2.740260290047846770e-01 3.011102191016641338e-01 1.967523611223993552e-01 -7.039008771759010241e-02 3.703493725917858526e-01 5.365208741612536025e-01 8.121557028051892835e-02 4.258755004176792425e-01 4.936977627170221483e-01 6.158573850985887832e-01 2.401295879099291375e-01 -2.945858850091094827e-01 -9.314922860484901868e-02 -2.031120590300743989e-01 -1.180385834016779156e-01 1.033466141492934143e-01 -1.017521536418166395e-01 4.519334817826958228e-01 3.713431583723933449e-01 1.726478174281897982e-01 4.701478222225964898e-01
-8.996803147999382633e-02 1.713932339294280127e-01 -3.257535480292977348e-01 2.287861845637913505e-01 2.787147862301646017e-01 -2.107336551939440472e-01 -3.743910960908787278e-01 4.477984819332607447e-02 -1.214101853478210952e-01 -3.600442982541751102e-01 -1.745162061813314014e-01 -2.748552776986143767e-02 2.816688261178733055e-01 1.000000000000000000e+00 7.444000953602581960e-01 -9.523130235222136697e-02 4.633000109512953879e-02 1.467744503958539615e-01 5.192250713443845589e-01 4.707536809486474461e-01 5.032790032764871135e-01 1.526724648287224595e-01 7.029377676162438249e-01 -2.179500994228327770e-01 -3.370882413263185384e-01 -1.966780803991909771e-02 3.373610405657483380e-01 5.081118292029916939e-01 4.489327478436181407e-01 6.712555969160817204e-01 2.149994110267151176e-02 2.966146769697465269e-01 3.330818658869492133e-01 -1.877956437938075457e-02 2.297346912132147700e-02 -4.253466353720996435e-02 1.498511652334353350e-01 1.077955962660033379e-01 7.147772277555872189e-02 -3.468014203399988338e-01 -2.501839784544516720e-01 -9.170356163030400631e-02 -1.401296777195561449e-01 -1.044374360499916547e-02 -8.714264681896359555e-02 6.274999980129353228e-01 6.416320411969833604e-01 5.255765939620150595e-01 -2.615610650357739764e-01 -2.174121199438103225e-02 2.110550889005810005e-01 1.028975120983916143e-02 6.394860046859245084e-02 2.989717127625326487e-01 -1.142316920562956722e-01 -3.088817441918049744e-01 -2.136776394374936827e-01 -9.338985828209713652e-03 -3.937240082792162754e-01 -2.580383971179849856e-01 -2.636310776625088725e-01 2.995839253277852721e-01 6.936141933348165534e-01 7.576416835218482415e-01 8.257245538061577239e-01 7.899312973599610377e-01 -4.755851279707762336e-01 5.375803513968604452e-01 4.352741839371276344e-01 2.494040453187031381e-01 5.676291572302314403e-01 1.156813392541926194e-01 7.121921086597208239e-01 -2.984377258322249427e-01 -5.902883796604158767e-02 -2.376891451697736302e-01 5.461931388717865543e-01 7.144397288388035783e-01 -4.027139809509100443e-02 2.449954546701728908e-01 2.043741564325318727e-01 -3.018504659331644815e-02 -2.971254106735544132e-01 -4.985001929076204874e-02 4.594715919686079286e-01 6.128478724574821790e-01 1.426750948021196508e-01 3.744061382935620075e-01 8.449089649977502281e-02 -3.636864242461401164e-01 1.813401226166130309e-01 -3.346524284241198521e-01 -9.599931188315953545e-02 -1.408992486524868748e-01 -2.982362460012274452e-01 -1.166999224111161665e-01 6.471578217663759292e-01 6.213248062279355111e-01 -2.993278902052131096e-01 -1.773696418611059311e-01
-1.545735893753461543e-01 7.421257417472529316e-02 -3.602603185257983731e-01 2.472740784759714094e-01 3.668666082117177374e-01 -1.496394903436703561e-01 -3.036587723301104047e-01 6.437410833767702630e-03 1.381913852197769015e-02 -1.963940788676728222e-01 -8.589587490564268291e-02 2.661579773823527506e-02 2.660777673462945137e-01 7.444000953602581960e-01 1.000000000000000000e+00 -1.080286756287388295e-01 -4.258822275944772889e-02 1.543587648027502576e-02 2.572300249792358051e-01 3.837754906093146512e-01 4.386084443746245953e-01 7.216686664150682995e-02 5.800428264917102394e-01 -1.005428246025031891e-01 -3.881110650750606572e-01 2.445198975716028796e-03 2.852245902056947391e-01 4.110668933384103996e-01 4.474523536418094638e-01 6.575560854929589638e-01 -8.239022571635811962e-03 2.216613453619050711e-01 2.955474562530294169e-01 -1.114428976346010652e-01 2.921806761885745174e-02 -5.443826298199508189e-03 -1.055986666657192851e-03 7.392388837610677776e-02 4.418356745658189727e-02 -2.470382809994615958e-01 -2.085208880641055695e-01 -5.487669505076448601e-02 -6.716580303087206494e-02 8.525656965713208912e-02 -7.728290536234543040e-02 5.227475334915610006e-01 5.143226655610052545e-01 3.729659702901911844e-01 -2.105359952420533809e-01 -2.805495839978480385e-02 1.329127085271378794e-01 -2.230552757068882813e-02 1.086636730947947993e-01 3.140515075491993602e-01 5.628605561864057083e-03 -2.184187524054023999e-01 -2.196572732448590637e-01 3.547257006399451990e-02 -2.675190141676003219e-01 -1.739839840222159595e-01 -2.264034365060296206e-01 3.088263614829239723e-01 5.949063664829117304e-01 6.514512521549151725e-01 7.111295414739202680e-01 8.338470384026153148e-01 -3.569998064817181960e-01 3.179332807225767610e-01 2.271238228705968476e-01 1.095643224229167073e-01 4.916832980564148081e-01 8.467914646055588190e-02 6.142989171384973801e-01 -1.662254897108161877e-01 4.153085192325382119e-02 -2.487537308734227848e-01 5.113030495049047941e-01 6.623466096718000351e-01 -6.795497844512403407e-02 1.983179904477429811e-01 1.002196772486066007e-01 -7.212966221858622962e-02 -2.480054230899460810e-01 -5.031370958759694839e-02 3.309543700523421283e-01 5.044585094791129709e-01 6.453451893523080851e-02 3.313181565201314682e-01 5.647387309391128235e-02 -2.971773477113813233e-01 1.039576112658225360e-01 -3.422979918691074208e-01 3.880013864208767954e-02 -8.990871000346772890e-02 -1.734628426507322796e-01 3.835401066289870903e-02 5.451019743728117151e-01 4.820778851435836287e-01 -2.253256982380811568e-01 -1.594300260784637380e-01
