1.000000000000000000e+00 7.912605699837237105e-02 1.289995901558837754e-01 -1.498740656224772094e-01 7.822890150421767108e-02 2.827442826078718219e-01 2.419300123479776465e-01 2.408647443544291999e-01 2.711531920984348032e-01 4.528539300448183869e-01 1.702657621921934705e-01 1.799548049311811837e-01 -2.027902913376952443e-01 -2.330269799230422767e-01 -3.391200265274071923e-01 1.616730525331883384e-01 -1.238939654563282894e-01 1.983977070490727107e-02 -1.437117176473533819e-01 -2.066924967650918543e-01 -1.389068700047264848e-01 -6.029514126509483846e-02 -2.047093035937992966e-01 5.377606902975375081e-02 1.174386016657825438e-01 -8.920940450400269284e-02 -1.034845265545780192e-02 -1.743198250549317652e-01 -9.880387181604622857e-03 -4.330733677659006631e-01 1.760244907519159518e-01 -2.706378909010641598e-01 -1.013491104342482824e-01 -1.755756085008774656e-02 4.085795814955206495e-02 1.775987867486745198e-01 1.071340911537701918e-01 1.039894959263255592e-01 -2.773785117299302355e-02 2.116832618805090105e-01 1.093444990622930435e-01 2.513334121082514971e-01 -6.342879021850442167e-02 1.470286716269302574e-01 4.720232100747709381e-02 -1.128824447534579056e-01 -8.945373794785917154e-02 -2.555233851883645033e-02 3.569816646442185992e-01 1.004592545308058971e-01 4.069315989087793906e-01 1.632629310279102852e-01 5.886079054386848114e-02 -5.995184244076354890e-02 2.675417039296359989e-01 1.908800625254221950e-01 2.537900474777067816e-01 2.161311499026030147e-01 3.425277456954307076e-01 -1.577888484724756513e-01 -9.899213559305684862e-02 -1.918241951657652378e-01 -3.463633470701485417e-01 -2.498500475784380670e-01 -2.291255215142851409e-01 -3.874372071919483518e-01 2.753278138626469862e-01 -2.515752811994998450e-01 -3.259534522100416831e-01 -1.862376562349443154e-01 -3.458204658369690709e-01 -2.196905008033323281e-01 -3.353462730528243840e-01 9.516252508983870373e-02 -2.391052166982823024e-01 1.566055018800845966e-01 -1.654370516953633241e-01 -4.316138493430159984e-01 1.691095500843541322e-01 -2.118713076731745248e-01 -6.802360972387785920e-02 -1.167721341466991108e-01 2.192205404422267467e-01 -4.828555963208015778e-02 -3.213386206867908934e-02 -1.467119436821145706e-01 1.641885149903477281e-01 -3.168107622123056411e-02 4.956612582845344034e-03 -9.274737491651977028e-02 1.055814790533588510e-01 1.214459845202856408e-01 1.515317295784866236e-01 3.184870406739083726e-01 -2.055572448490901663e-02 2.612798881131204731e-01 -4.588938932437498786e-02 -1.036789311186832319e-01 2.790404314619504555e-01 7.330478406012356195e-03
7.912605699837237105e-02 1.000000000000000000e+00 6.176795324134188858e-01 5.230997500327961847e-01 6.391814154364988676e-01 5.275515993889258182e-01 6.087441485313381806e-01 7.007274987109577413e-01 5.375866714191703810e-01 -7.819854479506403722e-02 -1.041660691716314729e-01 1.987093316000722587e-01 2.649669475079445835e-01 1.185072192905725456e-02 -2.627488240510310602e-01 1.463732026071424830e-01 5.234164007915746986e-01 3.275226062783451186e-01 3.619660414210812416e-01 -1.175343766979907723e-01 5.588413744856721849e-02 2.100773075982485805e-02 -3.942490054381732334e-02 1.452180911862995250e-01 -2.443160365232041331e-01 -4.150934154217879313e-02 -1.540088832577338473e-01 -3.209611082037585605e-01 -2.366912079320487028e-01 -1.956780125742530463e-01 -1.892971708277188803e-01 -9.731864433775461176e-02 -1.853713918899792812e-01 2.132937871458674139e-01 -1.177535092530959532e-01 -1.514994647724830432e-02 -1.775346292295530981e-01 9.465603942203811016e-02 1.958843832061967216e-01 2.529585540508300645e-01 4.917275435431911479e-02 -6.734892514352884552e-02 1.121817226394113964e-01 -1.061385844882975632e-01 -6.761350069332797141e-02 -8.751891462064180505e-02 -1.379815418390239468e-01 -1.499343833845979690e-01 9.221972692802112015e-02 5.822094954424390789e-02 1.873989185056159912e-01 7.567226348571916006e-01 4.876649611954226304e-01 3.875076849479419661e-01 6.105507492472385112e-01 5.310806205909267552e-01 6.080285439897150646e-01 6.105299329877040826e-01 -2.057912237587084525e-01 9.660436390665143314e-02 9.026732146910242116e-02 2.190924180769313889e-01 -1.653980131993311453e-01 4.164223907246254741e-02 2.322471404958222768e-02 -2.468692786376507631e-01 2.244427138930155385e-01 3.530386799103667483e-01 2.870237749783085754e-02 8.640791570349669326e-02 -1.033493608378754508e-01 -1.163105863144601460e-01 -1.479386119556942158e-01 1.458705394868604621e-01 2.869850171154463836e-01 -4.420928671795349568e-02 -2.739727988698845706e-01 -3.214904364234852929e-01 -2.276183023445383369e-01 -9.593691282953731303e-02 6.868453316236312889e-02 -1.833176196464836316e-01 -1.512798803662155356e-01 -1.769425269085715402e-01 -3.116969706547579877e-01 -3.996020230842015075e-01 -1.639176408513013106e-01 -2.560288763482681529e-01 -1.100611324447732520e-01 -3.670729049138551914e-02 -2.137254185879042534e-01 9.931473094305694194e-02 6.723318833562956509e-02 -2.445815080637109562e-01 -7.727010100309908425e-02 -6.070940251794632730e-02 -1.384448662108813399e-01 -2.917946650108766971e-01 1.240621819070977273e-02 -3.238934782340249091e-02
1.289995901558837754e-01 6.176795324134188858e-01 1.000000000000000000e+00 2.100538832754499929e-01 4.236051130398782449e-01 7.288461547308233701e-01 6.676494980343037344e-01 7.090175628069261826e-01 5.772560108859740025e-01 1.513257034311036101e-02 6.691308771147222445e-02 2.923456318684413691e-01 2.941583852825581102e-01 -4.065545341637025883e-02 -3.408808923286684167e-01 1.449543749334286369e-01 4.420809831738730100e-01 3.259039895181118918e-01 2.921956472115563308e-01 -1.655340055447040715e-01 4.934631561690943496e-02 3.859850019099006491e-02 -1.379336245433966934e-01 2.755075206374806296e-01 -6.656830957422481265e-02 3.564505704932328239e-02 -2.895311970365655463e-01 -2.175087989467595628e-01 -1.666205522927933502e-01 -2.503406945497480551e-01 -2.944231490912301713e-02 -1.963314670338561774e-01 -4.088805907352311420e-01 2.297378019435062924e-01 -1.197643920432651388e-01 2.534300504900624182e-02 -1.369904932037245837e-01 1.197038712975634911e-01 1.015754397229680223e-01 3.963585613072212466e-01 -3.596745514269901987e-03 -8.860786146113096284e-02 1.354955644017540040e-01 -1.093692626611346835e-01 1.690650003318188224e-02 -2.119694540982549613e-01 -2.824855149918366615e-01 -2.361865110282621860e-01 1.908037581213864187e-01 -2.834701671573613968e-02 2.099582836365628813e-01 6.150763272510825219e-01 3.062055308386169017e-01 4.704578610732761124e-02 6.661034975775912415e-01 7.468990854525099365e-01 6.182310774358089622e-01 6.490960132612328959e-01 -6.606201415871375444e-03 3.348081178638443456e-01 2.623813489138898114e-01 2.597665986702358265e-01 -1.968536202383515399e-01 -3.887993355853334304e-02 -7.387153333051331427e-02 -3.160018697105980157e-01 4.452486157781993525e-01 2.851210008697167564e-01 -1.527586806335339345e-02 4.328585959320331578e-02 -1.695910403085082174e-01 -7.394119461830730988e-02 -2.303459899043861780e-01 3.824208565062418574e-01 3.861386080945856114e-01 8.120830642975843117e-02 -2.020891436837015664e-01 -3.236121868130375501e-01 -1.487820008602492305e-01 -2.165998178830373655e-01 1.566148168733704771e-01 -1.237677128062019127e-01 -1.766257106052334658e-01 -6.667364430571703915e-02 -3.592799085600921760e-01 -4.546101574969914627e-01 -1.691270356017192111e-01 -2.971652132307000538e-01 -1.014014384103363170e-01 8.394869808269532496e-02 -3.343820394810101404e-01 2.625748404714057793e-01 3.325656360601272118e-03 -8.632418685011694626e-02 3.165713896975371616e-02 -1.941138685496413274e-01 -2.860785179179199944e-01 -3.952059558645349413e-01 7.543014657006470725e-02 -9.404824362848122898e-02
-1.498740656224772094e-01 5.230997500327961847e-01 2.100538832754499929e-01 1.000000000000000000e+00 5.929502840374354378e-01 3.149067095765242102e-02 2.195231539116889175e-01 3.264834748935050435e-01 8.335809373052735505e-02 -2.105853190593645896e-01 -3.240509133649260853e-01 -1.486968027449382113e-01 9.659737368479709430e-02 1.491315453183787443e-01 7.717603858728637467e-02 3.287362117241530712e-01 3.000925366051773180e-01 2.245172113522978241e-01 2.668419368726057672e-01 8.713986433689856551e-03 2.113463389408582194e-01 -1.823111463343008165e-01 1.620096133936910210e-01 -1.230605597065820150e-01 -1.601964068131115915e-01 -1.275530260639496372e-01 -2.468612826476474231e-01 -2.441539503225363394e-01 -1.197066526092287753e-01 2.857035533449457307e-03 -1.265729524346358159e-01 4.320094301212459298e-01 2.434864712436296263e-01 9.641946762926617565e-02 -2.141992201520635242e-01 -1.022937279899087948e-01 -1.555211418770395537e-01 1.037848841558373369e-01 3.428975810942887920e-02 -1.566608246158278372e-02 -1.620263102152718626e-01 -2.803600924932220240e-01 -1.799371846271442532e-01 -2.271364737909381815e-01 -3.098768870736427483e-01 -2.203712249561377012e-01 -1.423640128962001816e-01 -2.779072717967964387e-02 -5.009301347501292356e-02 -5.692795750981922975e-02 1.726241692797918226e-01 5.537210795524913909e-01 6.386798753417812780e-01 7.477608189006269557e-01 2.036706039112393951e-01 7.577591866190383496e-02 3.854980982545054835e-01 1.998297363013210315e-01 -3.314654562257673409e-01 -1.594145850366749662e-01 -1.531295641159673426e-01 1.124232195540840196e-01 4.967255419599871796e-02 2.142293187584179415e-01 3.165419516006860445e-01 1.623046128918303743e-01 -2.698099783609320818e-02 2.889465237921667873e-01 1.148155900938288287e-01 6.147203276878289435e-02 2.470607872546306538e-01 -2.079456216281049263e-01 1.277166020308271865e-01 -1.152971555838836620e-01 5.827581186043109818e-02 -2.350630719827598025e-01 -1.015153983281340128e-01 -3.339041228488567187e-02 2.647396426777400003e-02 4.371181877466027155e-01 -5.011752816089148216e-02 -2.957962081445349445e-01 -2.787697719124345164e-01 -3.218012517522466642e-01 -3.670518297254476980e-01 -1.591204849845005154e-01 -2.166392482386903517e-01 -2.386567710881775384e-01 -1.030821154830327824e-01 -2.247659943162181873e-01 1.489625730239545198e-01 1.065367544634637093e-01 -3.318280559865053464e-02 -2.715627165569201584e-01 -2.659003695354014152e-01 -1.200623301351150807e-01 -2.178018873033209790e-01 -1.009068425114844486e-01 -9.399291649796204240e-02 -5.454749809692673729e-02
7.822890150421767108e-02 6.391814154364988676e-01 4.236051130398782449e-01 5.929502840374354378e-01 1.000000000000000000e+00 4.636154061445758590e-01 3.284000340439666710e-01 4.613237318388062613e-01 4.436770707908515576e-01 -1.722463926554507196e-01 -1.792265081013602046e-01 -4.737510356886819041e-02 1.829637087311024868e-01 -5.105695047191606550e-02 -2.028280848500171318e-01 1.321404353272763732e-01 2.995770709919012842e-01 7.114296268252089106e-02 1.754830073740403784e-01 -1.346819894316784449e-01 1.078215555481390649e-02 3.683618717572431644e-02 -5.491540147329540544e-03 -1.167722495190605808e-01 -2.017835948975163218e-01 -7.268162573934286441e-02 -6.548004632700743510e-02 -1.611290050234960303e-01 -1.228195543825831570e-01 -2.580672807977527627e-01 -1.893651560194387073e-01 5.725347505993921837e-02 3.833336938630865082e-02 5.162712177211761094e-02 -1.447791784572837175e-03 8.649088587259125965e-03 -1.135784728487191503e-01 1.383552787427751729e-01 1.183827068932184201e-01 -2.213221936276977761e-02 3.917777342265230806e-02 7.821953446264219567e-03 5.158299983359754259e-02 -4.182947931065979924e-02 -8.527194070161489559e-02 -7.300249740918812735e-02 -3.998248079844192449e-02 -3.787988554746780923e-02 2.038485762112084432e-01 3.824931712367623388e-02 1.417111292774716202e-01 5.360863650259757307e-01 3.606833868418803379e-01 5.288412703715763552e-01 6.353687775602964161e-01 3.307908568102856939e-01 3.687628061454573114e-01 4.279465209758511746e-01 -2.857014660274418971e-01 -1.942502743442114585e-02 -1.172768807643025796e-01 1.352875652364193548e-01 -2.368662994416749212e-01 -4.538151425449396537e-02 4.219665003324995362e-02 -1.580473982689323820e-01 -6.268521152906217191e-03 1.795771721578696412e-01 -9.223311051909997837e-02 -7.769813184483276292e-02 -1.105540139290926982e-01 -2.067238723181459570e-01 -1.501760588182075029e-01 -1.425288169120673409e-01 5.527939635653766198e-02 -1.689651350820087772e-01 -2.460406542140570474e-01 -2.926790550928473067e-01 -1.330563288643540065e-01 5.047964880762779299e-02 -1.171099796159225381e-01 -1.812836698620970410e-01 -3.126260905498087772e-02 -1.150126485626094958e-01 -3.021376081024415017e-01 -1.822464443298885406e-01 -1.205473568908888016e-01 -1.122583436963331543e-01 -1.292839979924050864e-01 -2.650696716202863290e-01 -1.101633438630007442e-02 8.729253659556890366e-02 -5.854946002875531519e-02 -1.079722243917356078e-01 -1.489344933439261665e-01 4.116280635760138223e-02 -1.192654171676498925e-01 -1.614324648026136677e-01 6.561131938865173707e-02 -3.166552525879644947e-02
2.827442826078718219e-01 5.275515993889258182e-01 7.288461547308233701e-01 3.149067095765242102e-02 4.636154061445758590e-01 1.000000000000000000e+00 5.802472885919304213e-01 6.546367356090775358e-01 7.297381376802958286e-01 8.485450979903501334e-02 1.239771306215547153e-01 2.168194641365040476e-01 2.635718511623321714e-01 -1.196854964507460851e-02 -3.188447869349456676e-01 -5.157300736960077764e-02 3.823535998800037805e-01 2.922734333179766719e-01 2.536869246994417626e-01 -8.492612565732240992e-02 -1.960212202464050799e-02 1.772701254712376329e-01 -8.815969545083734982e-02 1.942232223294337867e-01 -2.854525829834979322e-02 -3.354024293798114897e-02 -3.091638435295956944e-02 -1.628756835092620980e-01 -7.484556489287332026e-02 -2.781667358984541427e-01 -1.333662676896653874e-02 -3.825099450222608222e-01 -4.366772430142987216e-01 1.296140182019457909e-01 2.842100616212081977e-03 1.931686825251212880e-01 -7.226578210991647933e-02 4.422679897457914427e-02 1.822283459662882577e-01 2.725806272812030806e-01 1.050416793461462078e-01 1.729030087398890636e-01 1.349234527488535895e-01 9.318606599465038831e-02 8.408940166734092669e-02 -3.892448392084427861e-02 -5.094147107185435785e-02 -1.395496763247820460e-01 4.110850497350898025e-01 1.425806259524916297e-01 1.202097270727538608e-01 4.659207218764259695e-01 1.371284515011110539e-01 -3.619244839790029811e-02 7.558285575506553666e-01 7.715012577910043134e-01 5.123397046914909270e-01 6.851859717312811515e-01 4.015408130482041316e-02 2.765180729939255566e-01 1.373300793326524827e-01 2.337610392929661829e-01 -1.579524567930888357e-01 -7.389919036888055980e-03 -1.353782032951735548e-01 -3.326563046354221731e-01 3.838059888098321326e-01 2.294698795871462083e-01 -5.575832112611171093e-02 9.212056845408533867e-02 -2.127763561883427579e-01 -6.498626884658652292e-02 -2.339342486621842354e-01 2.172192852669302676e-01 2.344625341078944714e-01 6.473682717882210669e-02 -1.627894559910501027e-01 -3.258469036121374174e-01 -2.086629282371180172e-01 -3.898457662869003748e-01 6.378357621494031016e-02 -5.844874006896718516e-02 -2.662515812284776268e-02 2.109047164672704297e-02 -2.175277996412213477e-01 -3.154400797284049318e-01 3.214930511595675503e-03 -1.545411939632772569e-01 -1.240084103204099238e-02 2.345826969040034835e-02 -3.453858083843835414e-01 5.904786724485381472e-02 7.861674163132356674e-02 4.991338390429934935e-02 2.010031008766112459e-02 2.565893999601418212e-03 -1.561210262557533035e-01 -2.740143386938130865e-01 2.750595716664608892e-01 3.354942876855868117e-02
2.419300123479776465e-01 6.087441485313381806e-01 6.676494980343037344e-01 2.195231539116889175e-01 3.284000340439666710e-01 5.802472885919304213e-01 1.000000000000000000e+00 8.066906870088447201e-01 5.320674617318545963e-01 9.307477044893232299e-02 1.210043009625469575e-02 2.265346907192190007e-01 1.164356115893840082e-01 -1.768229591815339008e-01 -4.512196762709455578e-01 1.315215679551058336e-01 3.850111681149705478e-01 3.111114290017545914e-01 2.579406687575849788e-01 -9.533709403660267645e-02 -1.483332986462758685e-01 -3.223191772671984978e-02 -2.361192429248915869e-01 2.168573705972464960e-01 3.799346198943889114e-02 -1.707116483507974958e-01 -2.960965456822087782e-01 -3.393746357945736647e-01 -2.207652913647257242e-01 -2.737556009084050057e-01 1.018609727032116219e-01 -2.834797453980026360e-01 -3.035312664121015969e-01 1.851943038766094007e-01 -1.184084818218948676e-01 6.085887477428777309e-02 -4.856487888794925462e-02 1.199378438009014586e-01 1.914492258519265022e-01 5.310133544474605616e-01 1.475000668373824819e-01 -9.084405664451833395e-02 1.206565612362910100e-01 -3.514145977743462351e-02 8.585578517725604708e-02 -1.496337913780945161e-01 -2.152764900320414398e-01 -2.023231352047131504e-01 2.133668322159460451e-01 1.766064261287903225e-01 2.343264336385403879e-01 6.609349782203272072e-01 4.250883722965996259e-01 1.112275915645731805e-01 5.150741169033165034e-01 5.677970169515137444e-01 6.999634411117291455e-01 6.744805715813797509e-01 1.727834909532176277e-02 1.284885372598013886e-01 1.103111130443824722e-01 1.133281479702772793e-01 -2.720833255093269010e-01 -1.286345854223069629e-01 -2.162010319407182135e-01 -4.488435666529205226e-01 5.337386916195405728e-01 2.455864490645106035e-01 -3.659179976988882060e-02 4.860208157568871729e-02 -2.348684527028666036e-01 -1.663955252337110946e-01 -2.996890187164259478e-01 3.649076578934204451e-01 2.379170835437800779e-01 1.266556118887414255e-02 -2.506458804399469553e-01 -3.609543882715763874e-01 -9.075461864325047590e-02 -2.695074781528285501e-01 9.507038779846370413e-02 -7.539264856595789821e-02 -7.675588222042835362e-02 -1.264202533212134827e-01 -3.508916575264577342e-01 -4.248317165799472828e-01 -9.408982044748939733e-02 -4.219895693735020714e-01 -6.755368042991612143e-02 9.150281485396395686e-02 -2.614355517352072722e-01 2.003133748621327981e-01 1.054184998889152458e-01 2.466566251204098739e-02 -1.005994641741456141e-01 -9.615344574935687227e-02 -2.102036366901535169e-01 -3.753325816280493887e-01 8.959536448995701619e-02 5.714371215742120036e-02
2.408647443544291999e-01 7.007274987109577413e-01 7.090175628069261826e-01 3.264834748935050435e-01 4.613237318388062613e-01 6.546367356090775358e-01 8.066906870088447201e-01 1.000000000000000000e+00 6.380838351629494198e-01 6.793491071314432250e-02 7.894001161589368765e-02 2.764337824054411419e-01 1.833156687998805379e-01 -8.050202537503736711e-02 -3.774941571911343274e-01 1.269776248901884896e-01 4.452905436771059100e-01 4.738910944055124697e-01 3.561049433333003389e-01 -1.255005422853898434e-01 -3.717095051473355647e-03 5.118075107717216105e-02 -5.446140782316917506e-02 3.073796475662476935e-01 -1.486905098371787233e-03 7.321554148503908038e-03 -2.169659601750983102e-01 -2.694583184305748835e-01 -1.302249100624426892e-01 -2.481973737746790420e-01 1.831552372256953568e-02 -2.744821904518699451e-01 -4.069632374316984880e-01 2.620042176647646159e-01 -1.013029555533186549e-01 6.814751644656666385e-02 -7.659218909771300932e-02 7.102777323739105841e-04 1.340636859544995507e-01 4.187801275837246262e-01 4.391804384619140550e-02 -1.011423615645229979e-01 3.176902996480857055e-02 -5.453634549428709732e-02 5.227257842102583756e-03 -1.884676507770436382e-01 -2.435952440375032391e-01 -2.181019113896028039e-01 2.039448021076811779e-01 9.209016747152226623e-02 1.684983776818508583e-01 7.292006027327740947e-01 4.835744487751901244e-01 1.755491447555750095e-01 6.130706852407538099e-01 6.392352022735477979e-01 7.927333332267481047e-01 7.807011090920135121e-01 2.572112549104748833e-02 1.808925838805470476e-01 1.640086958140358486e-01 1.615110384217385286e-01 -2.188151913576396324e-01 -5.698539222594640324e-02 -9.561147420317234191e-02 -3.786274659228501815e-01 4.175830371432051047e-01 3.092740661641881217e-01 1.483663463539564714e-02 1.333599264391835959e-01 -1.548848436544984775e-01 -1.092524931747572980e-01 -1.722020741774321351e-01 3.559468628779863253e-01 3.086291270916263763e-01 8.922918538688649759e-02 -1.726293615891791866e-01 -3.096952733390317403e-01 -1.398389311578172312e-01 -2.693801035232055163e-01 1.954952882741588516e-01 -1.777912630731220966e-01 -1.674591236423763618e-01 -1.152659738187441774e-01 -3.091430644040205067e-01 -4.515874735356574798e-01 -8.844414338424372302e-02 -3.166541815279803607e-01 -1.077448192123450083e-01 5.506266942930818087e-02 -3.585064486178974885e-01 1.670117990485741888e-01 5.871796181554585908e-02 -7.547275131565393813e-02 -8.870930042243906077e-02 -1.434240166945252304e-01 -2.801316837714699637e-01 -3.944156100609091387e-01 9.032876396993169688e-02 -5.642330876370357101e-02
2.711531920984348032e-01 5.375866714191703810e-01 5.772560108859740025e-01 8.335809373052735505e-02 4.436770707908515576e-01 7.297381376802958286e-01 5.320674617318545963e-01 6.380838351629494198e-01 1.000000000000000000e+00 3.231028721726989655e-02 1.790105248776030222e-01 3.114275773771718603e-01 1.670613416438812282e-01 -8.312692334740370836e-02 -3.189381701974453587e-01 -3.942875325744148868e-02 3.283682067652227698e-01 3.079228697984625618e-01 2.383898144756184945e-01 -7.206327904552338459e-02 -3.425518323984425018e-02 9.599238719074749959e-02 -5.609967817450626365e-02 1.640352945542480345e-01 -1.069622850273751896e-01 9.976069577901999427e-03 -3.715434061853498809e-02 -1.525801164204813043e-01 2.027908028246173250e-02 -2.700615562941428571e-01 8.814102148204022713e-03 -3.679869565708223655e-01 -3.985508732238494667e-01 1.306862083719893541e-01 -7.210826102316798825e-02 2.769511533889494337e-01 3.174960562759936156e-02 -7.463726568200437783e-02 1.139672951910007948e-01 1.565246776087972080e-01 1.091219707440762854e-01 1.406027565186683537e-01 1.262683102258743695e-01 4.815934114040877623e-02 6.610936557301975991e-02 -5.670480270682270313e-03 -5.363555200012673496e-02 -1.674791110538978167e-01 3.124089985135634628e-01 2.172531911107423164e-01 9.631905668803872334e-02 4.965398871319638974e-01 2.082987603927271558e-01 2.912064492918157305e-02 7.440853877859213705e-01 7.182727644087201213e-01 5.123667234576934071e-01 7.880321843840272233e-01 -8.422352451133421555e-03 2.330381250825510342e-01 1.386980679329845034e-01 1.374433540244649199e-01 -1.830937959476020283e-01 -8.175297171992837453e-02 -1.007502306079356424e-01 -3.546596310017857134e-01 4.265462209595783372e-01 1.796076448288786154e-01 -9.363898310675496106e-02 1.010785333056063440e-01 -1.950807073242945000e-01 -3.889044670067400705e-02 -1.879724132497763156e-01 2.066193418334106580e-01 1.794501360994767702e-01 1.145253687468766185e-01 -7.205852711268498356e-02 -3.061599284232872087e-01 -1.819738438731157149e-01 -3.554770433979978494e-01 8.280882244405099457e-02 -4.282818122564883978e-02 -3.448242082778848788e-04 -2.323186588025714146e-03 -1.041012883252374205e-01 -2.399326161888502285e-01 1.028846163672509917e-01 -1.487194787475618341e-01 1.008286555318057831e-01 5.260514864067326879e-02 -3.323118575192759994e-01 -2.129130227037705908e-02 -2.776439792229012590e-02 -1.711997363174387610e-02 4.093547760994609847e-02 -8.192195303962214112e-03 -7.517232521201798467e-02 -2.310778184659836032e-01 2.739893281348914633e-01 1.185131806961795403e-01
4.528539300448183869e-01 -7.819854479506403722e-02 1.513257034311036101e-02 -2.105853190593645896e-01 -1.722463926554507196e-01 8.485450979903501334e-02 9.307477044893232299e-02 6.793491071314432250e-02 3.231028721726989655e-02 1.000000000000000000e+00 3.206401954163393686e-01 3.819557472513442908e-01 -1.984048931028185303e-01 -9.377905787577447971e-02 -1.546650611068313419e-01 2.153602184648092666e-01 -1.163431794000389791e-01 3.381164979097944778e-02 -1.634589875122286762e-01 -2.207642574968201599e-01 -7.508716295352436954e-02 -1.404707478755294614e-01 -1.219472966411411924e-01 3.594180649826346219e-01 2.570522959855826017e-01 -7.131956264394542777e-02 -2.329845331731715818e-01 -2.606138723670853863e-01 2.490990642277145575e-02 -2.324045066864604825e-01 1.495006614623442254e-01 -2.220434830979987895e-01 -6.654223569510972491e-02 2.803274506192054635e-02 2.630420527566347880e-02 1.114591308653319207e-01 1.524027518467061248e-01 -4.672071714128286923e-02 -2.180712458551598287e-01 4.548133412367535433e-01 -8.358511296734758012e-02 2.700947571534015879e-01 -2.060072786298992598e-01 -4.790839437448833615e-02 -5.030434988481956998e-02 -2.924142829042100655e-01 -1.554878887241913088e-01 -6.656042603109865730e-02 -3.803359998109018258e-02 -1.113316119523692915e-01 2.099797728846420353e-01 1.523914130702754173e-02 2.139693861509279083e-03 -1.495673570172062761e-01 5.336088700529077744e-02 5.141602841935558749e-02 1.117037650277619421e-01 3.429222499044339706e-02 6.733992476604807598e-01 1.112355992326634069e-01 8.336607729418153701e-02 -1.516088287216768582e-01 -1.067859648374685916e-01 -1.410387891272035787e-01 -1.741449237980149667e-01 -1.780094113990780269e-01 1.337630524700492984e-01 -2.499541364790885678e-01 -8.280356531236632289e-02 -7.705381356074386678e-02 -2.078016927458299634e-01 -5.538836869246206024e-02 -1.840110708536584760e-01 3.662987236347235442e-01 7.072160809568547868e-02 4.532511396734437148e-01 3.401027287301389840e-02 -1.235959120890317287e-01 2.199183714871563722e-01 -7.899448700779879151e-02 2.141439207257633259e-01 -1.154479337509214110e-01 8.593189890415876830e-02 1.121311777856474207e-01 -1.914336959190528556e-02 -7.454156164643686855e-02 2.710549919380964567e-01 3.031271515241275305e-03 -1.142937906822479206e-03 1.290893467007997175e-01 -9.140074281123433328e-03 -1.266863191842666214e-01 2.828622054005298092e-01 2.325221055684983384e-01 1.170354883784033156e-01 -2.072664755349203081e-02 -1.972365922583360909e-01 -1.412370869756181258e-01 -5.589119188631633955e-02 -1.468851505086592180e-01
1.702657621921934705e-01 -1.041660691716314729e-01 6.691308771147222445e-02 -3.240509133649260853e-01 -1.792265081013602046e-01 1.239771306215547153e-01 1.210043009625469575e-02 7.894001161589368765e-02 1.790105248776030222e-01 3.206401954163393686e-01 1.000000000000000000e+00 5.487890797687635658e-01 1.981320321086378344e-01 1.135271996618121559e-01 1.472332564899879459e-02 -2.438529861616023919e-01 1.093204260003502459e-01 1.274565420796491544e-01 1.765075174532167723e-01 -9.919151535447826018e-02 1.126414543792299827e-01 1.161316225716393508e-01 -8.790496833267160207e-03 5.276230860428723357e-01 1.644271462053066291e-01 3.084985134765336756e-01 -2.238420022967288134e-02 1.734575910394179493e-02 1.229811891982350441e-01 -1.293527894235327541e-03 1.571539595014594115e-01 -2.664293213737234933e-01 -3.500166266290094530e-01 1.333837449788084217e-01 -5.291341275695433943e-02 2.399615628159253167e-02 1.024777926251354554e-01 -2.223115395890949419e-01 2.608784155925933032e-02 1.668519330711376314e-01 2.506012731776412900e-02 8.165850688706423333e-02 7.068608450821160794e-02 -1.077163587866888754e-02 4.936084725979687782e-02 -4.027596854808169168e-03 -9.242707551987736081e-02 -2.144812814471150630e-01 -1.501137652516101317e-01 -8.047657899022905847e-02 -2.216375939157969321e-01 -6.109077731695489871e-02 -9.847531833124556488e-02 -3.876008823308124684e-01 1.119039779373261767e-01 1.322164149745862494e-01 5.103084163501601239e-02 1.064564323967083920e-01 4.987150106982598530e-01 4.562080518416842256e-01 5.396382782562128000e-01 1.826695446371920939e-01 8.860984453791530269e-02 4.271786822122080468e-02 1.873115028177201394e-02 -6.131681658317061911e-02 1.354712512423918158e-01 6.584098350163045121e-02 7.441559112859807978e-02 2.728658811863100137e-02 4.065726836725285821e-03 2.630285718029611308e-01 5.719781491981934529e-03 4.483837561396818994e-01 3.416380435863630161e-01 4.507202851652098441e-01 1.936401099751250132e-01 1.025209873686668827e-01 1.000683559207191271e-02 -2.773375692213518873e-01 3.468027663729296162e-01 8.856587588232163466e-03 -3.223787597430196467e-02 1.036950582246243258e-01 2.480756869836089618e-01 -3.851414625573976874e-02 2.038544590683596391e-01 -1.465330521894580434e-03 -1.905182935458069743e-02 2.774491591145714087e-01 -3.072730742579378171e-01 -2.237683577085399021e-04 5.444316366524949713e-02 6.283461744027979412e-02 1.650832078634836553e-01 -1.936274953442881919e-01 -4.035989880881216824e-02 -1.410766479331947154e-01 -7.513084210051240719e-02 -1.174660557952717094e-01
1.799548049311811837e-01 1.987093316000722587e-01 2.923456318684413691e-01 -1.486968027449382113e-01 -4.737510356886819041e-02 2.168194641365040476e-01 2.265346907192190007e-01 2.764337824054411419e-01 3.114275773771718603e-01 3.819557472513442908e-01 5.487890797687635658e-01 1.000000000000000000e+00 2.768470975666679212e-01 1.400723783098125896e-01 -3.690582930344886436e-02 -1.398881974299661518e-02 3.598395512859828282e-01 1.659541794119019920e-01 2.285430118998777460e-01 -2.194756208215662696e-01 9.619493912174938155e-02 7.062298154372545836e-03 -4.792856588808238477e-02 5.634406812465194703e-01 -7.577947909801220627e-02 3.991513311882830539e-01 -2.589380782497861522e-01 -1.426718753678206386e-01 -4.926220847656414409e-02 6.710053823294273578e-02 7.494823300825553813e-02 -2.544087044158812594e-01 -3.621030887039143331e-01 2.359872545017237810e-01 -1.191893019342421534e-01 3.465115736898315840e-02 4.273212124292682240e-02 -1.720088907377362031e-01 -3.531784849153523503e-02 3.696780928213609374e-01 -1.014016885133117302e-01 1.014599229562816313e-01 1.839289805737875927e-01 -1.692633799424566599e-01 -5.083677376040025842e-02 -1.566531601330540813e-01 -2.775644930276268130e-01 -2.562528964740019566e-01 -1.744867433858212358e-01 -1.180420633274856662e-01 5.855651087411353761e-02 1.644217044677080686e-01 6.492111187768864755e-02 -2.752543984350276918e-01 2.680787029411191291e-01 2.731680865407155601e-01 2.112361451397129497e-01 2.350440817770480806e-01 3.288380573087539283e-01 4.801799367668790897e-01 6.461286753849938558e-01 2.498093834427260740e-01 7.791148660831529599e-03 1.590917813415482565e-02 4.949551959103645066e-02 -1.277878330345712243e-01 2.466832001511877204e-01 1.470051743086348284e-01 3.768330604826794494e-02 3.185991571239715769e-02 -7.714937206329461339e-02 2.717209513225397610e-01 -5.635705114840948438e-02 5.659849613509413402e-01 5.147046071000462852e-01 6.323286442848511379e-01 7.499464387300089352e-02 2.202172567151499186e-02 -1.395035863439590684e-02 -2.317332371263750024e-01 4.168933182240132096e-01 -9.520598125072629592e-02 -6.391135471445071048e-02 1.222008319763395329e-01 6.909622969718715035e-02 -2.021969497441243324e-01 9.656891892130665955e-02 -4.116219459560994248e-03 2.184858061225060030e-02 2.973616871786224358e-01 -3.385590666376452340e-01 -2.877580245299362662e-03 7.907988913676132492e-02 -1.195759422475512618e-01 2.955191747335247365e-01 -2.677902173948283338e-01 -1.090854681991440672e-01 -2.515081967117759887e-01 -6.965647369708323489e-02 -9.569170750040745244e-02
-2.027902913376952443e-01 2.649669475079445835e-01 2.941583852825581102e-01 9.659737368479709430e-02 1.829637087311024868e-01 2.635718511623321714e-01 1.164356115893840082e-01 1.833156687998805379e-01 1.670613416438812282e-01 -1.984048931028185303e-01 1.981320321086378344e-01 2.768470975666679212e-01 1.000000000000000000e+00 4.487400979130114487e-01 1.475607979956919114e-01 -2.664047622525773096e-01 6.530583439637197563e-01 2.871108478876090997e-01 4.972617710882091813e-01 2.222789468063652019e-01 3.240695172678955127e-01 3.991310509564677811e-01 1.907843426950807941e-01 3.117387855563358845e-01 -2.639127549891937541e-01 2.924120630602614068e-01 1.438862881270441818e-01 9.671955830774092711e-02 6.854041287572811003e-02 2.112714895768119383e-01 -1.114100991760475501e-01 -6.932895726086017729e-02 -3.206320905285440226e-01 3.539122138840432030e-01 8.113747919655563134e-02 9.901194445244052011e-03 -3.945316395153229683e-02 -1.348435484221643943e-01 2.643571323696071174e-01 1.973086823541345680e-01 1.257761962326520155e-01 -1.533340320254072409e-01 1.917661536414032308e-01 -8.848472543323485096e-02 3.632959707188588433e-02 7.441797407951594723e-02 8.192259572277467428e-02 1.887796876685343683e-02 -1.227359674942297106e-02 2.638745148308073094e-02 -2.702012097738738516e-01 1.170793362161952206e-01 -1.827342297201629481e-02 -1.146706010226091477e-01 2.562419286507470195e-01 2.152738074551167613e-01 7.823747175793920039e-02 1.827381696783010323e-01 -1.283449234955564844e-01 4.000568565484087791e-01 4.661666174191940182e-01 8.179009064335676094e-01 2.875473461011944787e-01 3.911401933261673958e-01 3.204127916572114820e-01 1.641369265164618896e-01 5.277590537933704584e-02 5.726553745746110202e-01 3.545621079628114014e-01 1.893979357515970796e-01 2.179129269833292026e-01 3.839593431682515323e-01 1.632808296541289339e-01 2.138750220723303619e-01 5.112273298802663124e-01 7.454665310778987863e-02 6.110757676094280555e-02 1.067521479991459937e-01 -3.039210595880199040e-01 -1.374696553026330259e-01 2.662040011466412226e-01 4.398808865558598985e-02 -1.902299276154536811e-01 7.679987212292549437e-02 1.223591234600525796e-01 -7.291978669952928205e-02 -2.672859054619915534e-02 3.623465622279073428e-02 7.197205557079879024e-02 2.467185156960941261e-01 -3.364218754536915101e-01 1.599226103842205926e-01 2.124536871111651626e-01 -3.078003071571954186e-01 1.019580566165533830e-01 -2.213667177241891715e-01 5.110716750730951580e-02 -2.604584927328408139e-03 -6.499126539401005667e-03 2.617149938008866625e-02
-2.330269799230422767e-01 1.185072192905725456e-02 -4.065545341637025883e-02 1.491315453183787443e-01 -5.105695047191606550e-02 -1.196854964507460851e-02 -1.768229591815339008e-01 -8.050202537503736711e-02 -8.312692334740370836e-02 -9.377905787577447971e-02 1.135271996618121559e-01 1.400723783098125896e-01 4.487400979130114487e-01 1.000000000000000000e+00 6.853586929597957900e-01 -2.151328448676368410e-01 4.817755169054015463e-01 4.088502441355780226e-01 6.304833746596092414e-01 4.231389666566724994e-01 6.400383772122081316e-01 1.497586404201357024e-01 5.463341877420677672e-01 1.914672046694761431e-01 -2.742636407667363718e-01 8.486621123419130219e-02 8.236190860242076361e-02 1.355001368409608220e-01 2.661062913988206380e-01 4.804321398721114744e-01 3.529500850929871009e-02 1.305671757080876239e-01 -1.863443269237612387e-01 3.237552266275622870e-01 -4.948946085576716447e-02 6.624668172460344839e-02 7.168513659040393060e-02 -3.141308398661234458e-01 -1.340457000105073002e-02 -1.235854478976326637e-01 -1.255965153802155176e-01 -6.770725388800009903e-02 -7.551251310510354031e-02 -2.541569229783993342e-02 -1.085624225881792887e-01 1.986001405361371430e-01 3.181240071579002904e-01 1.865618323348538221e-01 -9.979454798652542813e-02 7.315950183748816393e-02 -3.310465534823423539e-01 -3.043737836604468866e-02 7.667914371130600537e-02 -1.231916758434747905e-02 -4.646209571247304077e-02 -1.856447919359732746e-02 -6.612954078631103072e-02 -3.240080377348639878e-02 -1.344966509036233659e-01 3.074569459968934937e-01 2.422408412486364571e-01 5.068417821601794993e-01 6.823854886205641401e-01 7.895059757623252850e-01 7.340013744348724556e-01 6.424064015559416418e-01 -1.016585367576622184e-01 5.801750108837978592e-01 5.734051528743739912e-01 4.324250364868967855e-01 6.613051772606902690e-01 3.393729192746877676e-01 6.221635732375070393e-01 6.284549124164315326e-02 3.092492852266416348e-01 7.545948254347005502e-02 4.089533205790553683e-01 4.686727421655235148e-01 -1.512647115727927261e-01 8.164100391703718596e-02 2.640791634706670665e-01 -2.024320121621690782e-02 -2.554129824590585240e-01 -4.512970984980455534e-03 1.027741083693184398e-01 2.407684755493269269e-01 1.363540396846402158e-01 7.634811483602502169e-02 2.546478630987901726e-01 9.427555731831444019e-02 -2.201093701876984110e-01 -1.667636692356906924e-01 8.922369046826018890e-02 -3.112656153363020373e-01 4.204484675736964300e-02 -1.957361949565391279e-01 1.425266336284891910e-01 2.887447936516183700e-01 3.327605101854356952e-03 1.043587798153019774e-01
-3.391200265274071923e-01 -2.627488240510310602e-01 -3.408808923286684167e-01 7.717603858728637467e-02 -2.028280848500171318e-01 -3.188447869349456676e-01 -4.512196762709455578e-01 -3.774941571911343274e-01 -3.189381701974453587e-01 -1.546650611068313419e-01 1.472332564899879459e-02 -3.690582930344886436e-02 1.475607979956919114e-01 6.853586929597957900e-01 1.000000000000000000e+00 -1.509692096369051051e-01 1.135180298363954177e-01 1.709008173718930546e-01 2.653077926928450458e-01 4.086489023815368937e-01 5.889687417133879777e-01 -4.130400555024558301e-02 5.928051934413931523e-01 5.648502950618660952e-04 -1.549822398372872889e-01 6.220824173408220220e-02 8.150208213723238171e-02 2.418381253359142002e-01 2.802343087751176243e-01 6.415208751440723001e-01 4.376969016506923604e-02 2.801331687281176652e-01 -3.332784583355611480e-02 2.228453210470165285e-02 -1.670308675298293744e-01 5.331025190717543494e-02 4.645827941024290031e-02 -3.728852149096224533e-01 -2.313610992906581509e-01 -3.481309079726259137e-01 -3.183075911259815038e-01 -1.011789745957678288e-01 -2.329475851258158148e-01 -6.686391188932432061e-02 -3.127812466534098945e-01 1.641922527237400231e-01 2.837909476869882597e-01 1.592682125131199555e-01 -1.276881448124619900e-01 -3.137992743996605247e-03 -2.519821005515958112e-01 -2.649987740920528578e-01 -5.292396047296667877e-02 2.980038827489434744e-02 -3.510163235537928084e-01 -2.815502016233214500e-01 -2.995765881983841750e-01 -2.970218593283288078e-01 -2.042458591757512487e-01 1.356882336882825613e-01 7.066230785387186963e-02 1.905431497652433359e-01 6.951279360233253435e-01 6.268323338107910647e-01 6.767185460967116706e-01 8.627757726183347131e-01 -2.604102971676203193e-01 2.732417686895981523e-01 4.184479573468147251e-01 3.912481163804933382e-01 7.462700601842937598e-01 2.826291100053577310e-01 7.124034222076685019e-01 -1.346311467172108811e-01 1.300587598009548818e-01 5.807619718766700995e-02 4.942651959523381988e-01 6.780912781871206718e-01 -6.139234107660879181e-02 2.612419311767666952e-01 1.338430958072009958e-01 -4.263197670511684190e-02 -3.198645663498489444e-01 -4.203977416747355783e-02 1.802371691742840898e-01 3.838223233728253470e-01 1.219226717365398949e-01 2.024754650306398729e-01 2.980516940024448003e-01 1.926742932472683481e-02 -9.985906995979532130e-02 -2.973725041256333745e-01 -1.086968894595034124e-01 -2.815222517873592900e-01 6.529608740618463025e-02 -1.809857940278565280e-01 1.835041589601729140e-01 4.193357403350119195e-01 3.909919378615570040e-02 1.444736530811251973e-01
