1.000000000000000000e+00 4.522442184131453269e-01 5.329992896370504551e-01 3.852812163832061154e-01 3.484259378918487804e-01 2.257478039059912234e-01 2.115751668825321397e-01 1.188239888822222451e-01 7.887764361473587060e-02 1.391757729277156297e-01 2.616647398392972779e-01 2.237507834506323179e-01 3.141951663222454227e-01 4.914549345474259617e-02 3.767373931631277928e-02 6.022382141629162300e-01 2.338042180147215376e-01 3.485874098896470791e-02 2.601415835198538432e-02 3.821593419639635839e-03 8.751057627131872407e-02 2.670211306863534140e-01 -2.710036849700296971e-02 1.537549819560614373e-01 2.716656084037448182e-01 2.888667743910274255e-01 1.957903086788997105e-01 2.153340867725712371e-01 1.377504530390820381e-01 5.192427548915852509e-02 -5.789787269817671389e-02 1.629000453064703008e-02 7.589834972194575702e-02 1.011261191638415935e-01 3.428384118356343491e-01 -5.353890142401521862e-02 2.856005841365061859e-01 3.812363396876712884e-01 4.387190431133242141e-01 1.498374644889942930e-01 -4.600284478058130205e-02 2.783894005880858113e-01 3.126837605561323952e-01 9.926801308598298679e-02 1.695277641856586248e-01 3.851106040690963767e-02 7.661115117001428276e-02 9.334613989359206998e-02 1.266255177072614646e-01 3.549692947940376320e-02 3.326303468610409264e-01 5.592884778479217944e-01 2.263193927397443017e-01 1.756214342898564096e-01 1.984364118543253397e-01 3.051407351450349248e-01 1.373904403667129126e-01 -2.696704454859676428e-02 1.411565843298202561e-01 2.238448956840811688e-01 1.667270403332307693e-01 2.324518208276875608e-01 1.207280700746449220e-02 2.994187816753861742e-03 -2.010295023591853261e-02 -9.842293970433545203e-02 1.195658300035853244e-01 1.377861617315192522e-01 5.692204183674055840e-02 1.580440128423528379e-02 6.728052108027790523e-02 2.484566188999066116e-01 1.240450903295332993e-03 1.020872079334771143e-02 1.651953060489566028e-01 3.491186265398964483e-01 7.943109071058961079e-02 -3.827825320873107229e-02 -7.058598611843075465e-02 6.520267774743226941e-02 -6.695083668267393096e-02 -8.709167185421441693e-02 3.266854771164581783e-01 3.617612672864168322e-01 9.924923384603467902e-02 -5.128875410240758131e-02 1.603565325873537450e-01 5.079520779155174276e-02 -3.631176163195176665e-02 3.974308923592324004e-04 2.755266062417153217e-01 3.846486126656279980e-01 1.747454744838912166e-01 3.144478564576796420e-01 3.552393594658890263e-01 1.965665652399808394e-01 6.113251532037303898e-02 -4.104195220955651063e-02 7.301026756051934297e-02 9.304597256391004823e-02
4.522442184131453269e-01 1.000000000000000000e+00 6.289303393026752786e-01 6.402478815811539770e-01 5.609241591163396379e-01 5.413890029707220108e-01 5.130391370901202786e-01 4.671971572160702468e-01 4.106826128828158229e-01 2.311595588636541909e-01 2.200997490563599557e-01 1.381975274587211311e-01 1.526852383061327589e-01 7.579013958121872535e-03 1.872093643377628278e-02 7.076026763337914804e-01 2.225495603376126674e-01 5.886487461483633221e-02 -7.217309815500459746e-02 1.380325753521418064e-01 2.267625131161144225e-01 1.645731968312818538e-01 -1.542527623814184644e-02 3.887794569565373309e-02 1.160706909283547722e-01 1.331056342967572304e-01 6.925991143855271537e-02 1.214187302840331606e-01 8.623745338369262492e-02 -1.168803783831949897e-02 2.828721583264492273e-02 -1.265674918693995843e-01 -2.099726726061796472e-02 -8.085594225748642117e-02 9.361459954224550517e-02 -2.365382100136689258e-01 6.247995407097429316e-02 2.115221036127060417e-01 4.463457619236860241e-01 2.431284252163012916e-01 -2.693725488067255994e-02 1.306218219265972424e-01 1.074914371855395234e-01 1.370084785864736365e-01 1.209896585938372016e-01 1.085614638474720894e-01 1.383787048443114835e-02 1.042687515171709656e-01 4.430686711405001366e-01 1.246846230156410384e-01 2.259592442673858392e-01 7.615074301605393448e-01 3.417185382428812868e-01 5.116703420121027079e-01 5.159125149543332123e-01 5.083825741598232417e-01 4.991849811151213845e-01 3.580946366062469077e-01 2.576771532850610780e-01 2.155563298783906012e-01 1.561029419943763541e-01 1.891895813117630554e-01 1.146485763118996332e-02 -2.720677522546735561e-02 -1.230268216989305191e-01 -1.095060935446692946e-01 3.811445379373482045e-01 -2.774229904432238755e-02 -5.773946886651411259e-02 7.758834473312488378e-02 1.159527884101158035e-01 1.080720145554934369e-01 1.615653191406562356e-02 2.674818860621214767e-01 -5.032991310305558880e-02 1.473072447439146004e-01 -5.229636710342914878e-03 -9.693786157751134447e-02 -4.241329473677379891e-02 -6.247461350224622900e-02 -1.635751560294923801e-01 -6.828619205440794593e-02 5.909088047602885363e-02 1.443204969628479328e-01 1.738275308870815619e-02 1.632969031170020124e-02 -6.773722986389218992e-02 -2.304252493438984500e-02 -8.037437402360281258e-02 3.861253331172659342e-02 5.130208353292840112e-02 2.001292640705876202e-01 2.292015338293834914e-01 1.812679381230819509e-01 1.074097836534437245e-01 6.468342063940653308e-02 8.738361922435443352e-02 5.676666198240298833e-02 3.763993723453311069e-01 4.262571317995946137e-03
5.329992896370504551e-01 6.289303393026752786e-01 1.000000000000000000e+00 7.238900951416455953e-01 6.204859513088598622e-01 6.095366394488817008e-01 5.851538474617565821e-01 5.443639999503561144e-01 4.660348975887743661e-01 1.145090580492379440e-01 3.374904351061954744e-01 2.325278470896017524e-01 2.892330511058558984e-01 5.244324054554052456e-02 2.134558309189828890e-02 5.543511143566138832e-01 3.953086721736912001e-01 3.044182962549034713e-02 3.407420974798767987e-02 1.272272788159516388e-01 2.633059387403890450e-01 2.939098663703091363e-01 7.702812855793547686e-02 1.378561007231938196e-01 1.001806389202046232e-01 2.704422720300077021e-01 1.551180691726439242e-01 2.246780819301856524e-01 2.501492716082860390e-01 1.472814821113481052e-03 -1.551512846331495055e-01 -1.412593215360592180e-01 -1.196554894169151034e-01 4.443402039540389481e-02 2.425047270581194292e-01 -1.427944034437078624e-01 3.195088575662473063e-01 1.678904682376361757e-01 5.637441982565247756e-01 3.979069065340575806e-01 1.277249603655556121e-01 4.268438764327844859e-02 1.712444034691759653e-01 1.220672331896155149e-01 5.956368249627478489e-02 1.518410175181970634e-01 6.596589107413131092e-02 2.101672328904194698e-01 4.447327412034084437e-01 2.524927030716979104e-01 1.312270000671846536e-02 6.849054804908639715e-01 8.061240920838225188e-02 3.073229016578301054e-01 5.648544131408230751e-01 6.021561754023627699e-01 5.210055559822790450e-01 3.932283793639919089e-01 1.526887993515632092e-01 4.199413036696256207e-01 3.183156494364762223e-01 3.475272760332623334e-01 1.303052000560557810e-01 7.388897536991659298e-02 -3.104562466070434276e-02 -9.098345738645209624e-02 3.882522882563367306e-01 1.368504219696692059e-01 1.293254878896324123e-01 1.035825838769304785e-01 1.441072026658048733e-01 3.398220606263999133e-01 1.562974241898993089e-01 3.041640146499690611e-01 1.169005477424320538e-01 3.423200443311256724e-01 1.545872971319136868e-01 -5.155942870322097887e-02 -1.758115383696560174e-01 -1.239838759578688193e-01 -4.070925272083293633e-02 4.719283794227414897e-02 2.179658430213795295e-01 3.561672610274581596e-01 1.375311963505133350e-01 9.697671775179482478e-02 1.938824948969659623e-01 3.803711077524696282e-02 3.903821561390220102e-02 2.002819076681629784e-01 -1.374881322294488062e-01 2.746141348852710329e-01 3.070920370819117950e-01 1.448369761044289994e-01 3.149810418786211375e-01 1.337552236680686624e-01 1.317874926708348382e-01 1.603287832100989407e-01 4.263013499329065814e-01 2.186273797776926986e-01
3.852812163832061154e-01 6.402478815811539770e-01 7.238900951416455953e-01 1.000000000000000000e+00 7.936824599159851834e-01 6.874637951265106794e-01 7.182377875277905499e-01 6.683132001322790172e-01 5.683560313001263520e-01 2.065129472663653765e-01 3.180457796911804746e-01 1.786485277377266589e-01 2.166533925638970126e-01 3.642015273706963180e-02 3.544257560307607913e-02 5.472774813600751465e-01 3.117926803919056633e-01 6.114144621653950715e-03 2.016768740741965715e-02 8.217234115650572102e-02 2.245584622348248127e-01 2.452670424299344398e-01 6.871699301554287653e-02 5.205066670729959627e-02 2.061016383768776716e-02 2.434090335122185422e-01 1.480167657120468883e-01 1.537119559782889333e-01 1.535041972437639901e-01 -9.047188020681233914e-03 -2.262567511524039288e-01 -2.480321919324093849e-01 -1.532841571000321257e-01 -7.569986950204131426e-02 2.233129115038657575e-01 -2.506100434216755879e-01 1.799178060980286820e-01 3.949759547886150940e-02 5.522452506853456899e-01 4.573369495243562177e-01 5.349260504652506715e-02 -8.628587353780811653e-02 1.403315217836439144e-01 1.151098934227638843e-01 1.225011541875083154e-02 1.218217291677645558e-01 3.938118355252755165e-02 1.350845162739260363e-01 5.423541562740668009e-01 2.157129101507939684e-01 4.937191510857335403e-02 6.522120474318882088e-01 2.064142851985026617e-01 5.294115672661846572e-01 7.150366047514239431e-01 6.652507293444741565e-01 6.827787235597335691e-01 4.153979889943734127e-01 2.051002381413208897e-01 3.959215003604835692e-01 3.103104422266511619e-01 3.187605033809418620e-01 1.257522026612626909e-01 5.581136736764883560e-02 1.443770338573520558e-02 -6.128246609025343045e-02 5.133103975017482279e-01 7.974623792919494081e-02 5.225531733675592427e-02 4.779333072793912757e-02 8.538486071047492187e-02 2.405256410120925337e-01 1.195568923395754352e-01 3.725408858570548598e-01 2.151022086173216830e-02 2.332571167096512688e-01 7.024406169791409804e-02 -9.074689469495932082e-02 -2.804811595279581016e-01 -1.975494437574930873e-01 -1.017209874325086250e-01 -6.312980162594854835e-04 1.931201563591121717e-01 3.137150434700535229e-01 1.204948223151109943e-01 6.297741090231409600e-02 4.181511495440177334e-02 3.011632125363714052e-02 -2.761851019609197835e-02 1.886832275749347754e-01 -1.334647538029312408e-01 1.374787836917440442e-01 3.552250543071592270e-01 -2.938013027005410838e-02 2.316159340353672325e-01 7.021548609128737406e-02 8.782236776156376878e-02 1.075055387771713944e-01 4.607462974933712041e-01 1.014580261534063915e-01
3.484259378918487804e-01 5.609241591163396379e-01 6.204859513088598622e-01 7.936824599159851834e-01 1.000000000000000000e+00 7.011214207608561511e-01 6.958730010053171267e-01 6.162935043903633447e-01 5.398176190143235686e-01 2.458910809922945362e-01 2.498632534032453889e-01 1.065060710199053073e-01 1.642781463087410743e-01 4.423502001291977105e-03 3.443367377641207150e-02 4.812053110369801101e-01 2.374092148352096587e-01 -6.570153336396797328e-02 2.840431278806094736e-02 1.309021320921140152e-02 1.372736254774036269e-01 1.879054498333784240e-01 4.774717073733227360e-03 -4.759543047473578647e-03 3.915001741762550586e-02 1.814713117665043285e-01 1.427771436743979216e-01 1.475432478583884877e-01 6.366404915814985466e-02 -2.607182826926611116e-02 -2.240931845530537703e-01 -2.478879378437311432e-01 -1.173058606038259177e-01 -1.291626635594899652e-01 1.928795043941602949e-01 -2.970060155254489742e-01 8.451570746769139497e-02 6.043287123684463330e-02 5.347251165854866040e-01 4.318860702688685493e-01 -6.664801797120299687e-02 -8.574803086027288357e-02 9.771175634408971189e-02 1.321930492778571054e-01 1.587489620713221014e-02 9.887076651662421445e-02 -9.695763062451108125e-03 7.132473398820053656e-02 5.288342662327185639e-01 1.191652028344666880e-01 1.466122148961273297e-01 5.886426533731945465e-01 2.898109521463961280e-01 5.829506137036994939e-01 7.342200971864764059e-01 6.601413625009618924e-01 6.616577995740331453e-01 3.360367699712082379e-01 2.179076048372949048e-01 2.668331515183229863e-01 1.906427655199388893e-01 2.566105770498899874e-01 1.113786093953775813e-01 2.905736055421152819e-02 2.917200574952116821e-02 -3.577346106606355686e-02 5.031433628994903540e-01 1.034875083584291776e-02 -3.774786576571259600e-02 -1.355548093930690826e-02 2.180530527395335011e-02 1.673264884942195774e-01 6.699850266690648981e-02 3.165059164721690244e-01 -4.979023730990652513e-02 1.405047095508853705e-01 -8.966868859725067847e-04 -9.984239258245218573e-02 -2.639991323277577351e-01 -2.067750551387818880e-01 -1.395998632594255828e-01 -6.997830079469165299e-02 2.067510932487702235e-01 2.758001877454037687e-01 1.007673917241442979e-01 1.294386998986916948e-02 -5.513848126703409930e-02 4.430590514548752440e-02 -1.056336913016503731e-01 1.167989372053882535e-01 -9.158428887870946611e-03 1.487807083548055853e-01 3.680414406826704177e-01 -7.380235527447483179e-02 1.549353469243206216e-01 6.501735739271342907e-02 5.287982307611088090e-02 2.621043264953491769e-02 3.786155132266382783e-01 -1.149585940956966007e-02
2.257478039059912234e-01 5.413890029707220108e-01 6.095366394488817008e-01 6.874637951265106794e-01 7.011214207608561511e-01 1.000000000000000000e+00 7.305091885199963553e-01 7.008245497288518866e-01 6.191455829722122273e-01 3.576479425565329273e-01 1.902514218980500271e-01 1.723325460607326998e-01 1.546054540138621647e-01 1.135366718368268323e-02 6.136409699111707722e-02 3.684503746722689321e-01 2.687473393942865219e-01 -5.630867346135053075e-02 1.047850956078858961e-02 6.620865707859657778e-02 2.093633391682908074e-01 2.020311867427385388e-01 1.138756261144486213e-02 1.585674111586238624e-02 1.728904492213498567e-01 1.071637731446047487e-01 1.532700927903453691e-01 1.810758028916909790e-01 1.660820694306941459e-01 -7.782080314345042604e-02 -7.405257237778596624e-02 -2.774412393163239732e-01 -2.238950371510913806e-01 -1.155594395249893158e-01 1.131386836743623753e-01 -2.557142917710134022e-01 1.435534473100973929e-01 1.443818206068885057e-01 5.002246612617132770e-01 5.301699392517078557e-01 1.052296533674165757e-01 -1.952860124623894203e-02 5.361221099758974734e-02 1.233692885104089726e-01 -1.604363363928297363e-03 1.285124206940054248e-01 5.380801287756521896e-03 1.361780089424506901e-01 7.116098156954538956e-01 2.414379342708607712e-01 -1.032131197411557261e-01 5.309890895525736232e-01 1.681786586513386028e-01 4.922509360030739578e-01 7.769690320291489094e-01 7.617744249181154226e-01 6.584522481583920950e-01 5.051048710525577468e-01 3.649257382457627985e-01 2.728523627528274265e-01 1.176255238549795967e-01 3.405864638866374916e-01 1.106878471178829870e-01 7.772107961285158739e-02 -2.324574436462433641e-02 -5.865067543096701835e-02 5.623500219379443665e-01 1.201341568957954402e-02 4.230491393150188038e-03 3.573205691942513140e-02 6.874623149325682914e-02 1.968522327722066756e-01 6.883941974432529476e-02 4.915836667809211913e-01 9.241425322039616488e-03 6.558268211040192697e-02 6.329546311936108671e-02 -1.033364354705474247e-01 -9.938439032217653846e-02 -2.819570456048091645e-01 -1.217089900913721351e-01 -2.037815526473503447e-02 1.135049293388283309e-01 2.176901857484138114e-01 1.195563522702708104e-01 7.860727296710076639e-02 -9.871874225555106810e-03 2.414374467931350299e-02 -5.847747692094813071e-02 1.849759199687763811e-01 -1.534479051404263050e-01 1.921919897429197888e-01 4.811066419761390045e-01 -7.810790493572357211e-03 5.601581335399368616e-02 1.159348514561645144e-01 9.612775897430173022e-02 1.081483839064349139e-01 6.067261708792247576e-01 9.779733142739555074e-02
2.115751668825321397e-01 5.130391370901202786e-01 5.851538474617565821e-01 7.182377875277905499e-01 6.958730010053171267e-01 7.305091885199963553e-01 1.000000000000000000e+00 7.402932449268079251e-01 6.441599293916875357e-01 3.480855899937931874e-01 3.016481282427275756e-01 1.804618480553766557e-01 1.518494789735742589e-01 -3.524968866114254473e-02 -4.729416888540260294e-02 4.082353821300684360e-01 2.487908334268843225e-01 -8.112736758810376592e-02 -7.418234355203651154e-02 2.358268381463561603e-02 1.760746432079809132e-01 2.076411109266538269e-01 -1.303138268011136934e-02 -8.061660070923268306e-02 1.100128439393862345e-01 1.763391533250749099e-01 6.920094247811682531e-02 5.076125809987346721e-02 7.190325689173372725e-02 -1.286365557715601626e-01 -1.409506449571638897e-01 -2.597090001432633688e-01 -2.173200463825931128e-01 -1.759889681088666613e-01 1.005903761013314940e-01 -3.203478894646107911e-01 8.201077055175066965e-02 8.741312256479567833e-02 5.621177141055528903e-01 6.160473164433252213e-01 5.720195348248497541e-02 -8.091306554632088366e-02 7.310005546359775452e-02 1.071352963127701896e-01 2.814586984396001343e-02 2.972445401373141963e-02 -3.365752910668602660e-02 5.828804965118707798e-02 6.821538127642942095e-01 1.903960665976410782e-01 -8.089510460390744728e-02 4.986784274721108301e-01 1.885211221050179242e-01 5.251778411290475290e-01 7.778106881207297318e-01 7.369596663088949784e-01 7.631688651195546180e-01 4.589424631805703036e-01 3.239243111096296035e-01 3.432417251402081759e-01 2.057113037704578484e-01 2.355817121996357510e-01 2.045177995106833846e-02 -2.449623937821597541e-02 -6.439252023166856798e-02 -1.386977455589015751e-01 6.539619159129118620e-01 -8.773945800923360627e-02 -6.657533482614932940e-02 -4.572689865851192748e-02 3.903990147831332830e-02 1.469199213690956796e-01 4.131332080836007392e-02 4.957442341975748512e-01 -6.856649127502348340e-02 1.215553457872133869e-01 -4.840543318769303244e-02 -2.126016522156940203e-01 -1.724023487626295814e-01 -2.646075097572016532e-01 -1.764789746248835445e-01 -2.689351627423374608e-02 1.307947240095202746e-01 2.156551831630307281e-01 5.550263415238789605e-02 -2.127372511131354893e-02 -8.149917407116211154e-02 -5.747580989984200223e-02 -8.065810498444336840e-02 2.259502866259517351e-01 -1.881324865494101439e-01 9.043805347824536434e-02 4.041566589403575160e-01 -8.716394414148863345e-02 1.282479070290267475e-01 2.410971099634854481e-02 4.723813261146832775e-03 1.160265437797871994e-02 5.279481212837900950e-01 1.574499606400740423e-02
1.188239888822222451e-01 4.671971572160702468e-01 5.443639999503561144e-01 6.683132001322790172e-01 6.162935043903633447e-01 7.008245497288518866e-01 7.402932449268079251e-01 1.000000000000000000e+00 8.089303142429000726e-01 3.304301312370659938e-01 3.084416893108184454e-01 1.963251853216203546e-01 6.217284122845809224e-02 -1.366965727886241266e-01 -1.321234929448181772e-01 2.985330360936357397e-01 2.689038857803703331e-01 -1.587313123314808838e-01 -1.187955872266759499e-01 1.023705127980555907e-01 2.481964932189412720e-01 2.730700980025095870e-01 1.075418219564165147e-02 -1.640018589955185777e-02 2.547483262169820614e-02 1.038035070823695033e-01 8.324323959675040963e-02 6.068630017364157886e-02 2.279946596654516267e-01 -1.124916083850344140e-01 -3.349334339511426950e-02 -2.463335509456768269e-01 -2.290328749024811705e-01 -1.997407575392372292e-01 4.259734823132675652e-02 -2.999164265644798100e-01 1.809395846361259441e-01 -8.710663021000918452e-03 4.116999636095993176e-01 6.454662731120058838e-01 2.928434458427328635e-01 -1.412060430769072616e-01 -5.392870669187477956e-02 5.959996402514700781e-02 -8.494094152931085107e-02 1.058723246719715516e-01 -7.442267881046232825e-02 1.014366377936552766e-01 7.095914849294991944e-01 3.228121991417421399e-01 -1.491194297004891089e-01 4.184446423048853170e-01 1.343212071282729597e-02 3.691218144820880842e-01 7.598574072206160102e-01 7.429350464422096456e-01 7.923800533822077385e-01 6.911315232157737576e-01 3.233889112286196243e-01 3.916247303547734648e-01 2.340446180786463493e-01 2.892307714344573011e-01 7.568737267471212227e-02 2.882155418755226201e-03 -1.556720382556647797e-01 -1.594739310588034475e-01 7.126661154276792143e-01 -7.380695479095492062e-02 3.527325011812305899e-02 -7.045223402727253392e-02 2.797115399476059194e-02 2.226637483828437236e-01 1.284756370641488288e-01 5.608884701660877825e-01 1.051359377635351366e-01 1.016325348215525171e-01 1.109138857121013677e-01 -1.060501729648873487e-01 -8.249203674292453214e-02 -2.393087285251529750e-01 -5.069076348926401104e-02 1.360530692762763616e-01 -1.818951453218778727e-02 1.933029907316115292e-01 1.246507000167659251e-01 6.773687182233283088e-02 3.621781764558068550e-02 1.445706062442323175e-03 -2.331918394905205943e-02 4.441931539900554338e-01 -2.796617513560651358e-01 6.142285592811659589e-02 3.434478304061562293e-01 -9.798312269371081684e-02 7.691671279830687713e-02 4.304884863980037307e-02 1.382410987903777977e-01 1.755795875526342809e-01 6.481755162371460877e-01 2.079358978415684622e-01
7.887764361473587060e-02 4.106826128828158229e-01 4.660348975887743661e-01 5.683560313001263520e-01 5.398176190143235686e-01 6.191455829722122273e-01 6.441599293916875357e-01 8.089303142429000726e-01 1.000000000000000000e+00 3.653166265034628601e-01 3.396038728447836053e-01 1.786241944953984584e-01 -1.122507404906950869e-02 -2.319537505840556790e-01 -2.480746284861122808e-01 2.316714342777847213e-01 3.005525932376224008e-01 -2.236528412686554224e-01 -1.202623282113640946e-01 1.109537018287173882e-01 2.657966598330447350e-01 3.339124101631952835e-01 -1.561783481020397220e-02 -4.332983464168867205e-02 -8.025601020941474512e-03 6.591309328958766534e-02 3.503587761493191094e-02 1.985361869679499319e-02 2.811458787580222718e-01 -1.573777692071808565e-01 3.845193616345987664e-02 -2.136630564546591615e-01 -2.329144528287975802e-01 -2.272894955154045882e-01 -4.443787293253939619e-02 -2.776972452377908240e-01 1.903181196990414992e-01 7.122688669339451335e-03 3.693070600615517840e-01 6.186495959077775719e-01 3.648286840002479825e-01 -1.486500215554153181e-01 -1.333879333906588527e-01 9.141255908533742203e-02 -6.043513771029956211e-02 8.440155950597869050e-02 -1.439684740212351655e-01 9.801680462996693877e-02 6.521118176875694283e-01 3.643235512782254659e-01 -1.525342351179888589e-01 3.384819696851452675e-01 -2.896769618557129208e-02 2.893681644611826309e-01 6.665052491957078606e-01 7.086274962034516678e-01 7.495984317089386950e-01 7.582183801254250843e-01 3.288008534250774217e-01 3.792134520686443189e-01 2.177260995781017394e-01 2.248534497079403560e-01 9.100237948951722666e-02 -4.817083820533550609e-02 -2.011428651439027826e-01 -2.198342560373320875e-01 7.030146464008930618e-01 -1.265708489901914702e-01 5.589441665323446190e-02 -9.131471611157979118e-02 -3.099453322939657932e-02 2.119285130516338489e-01 1.410674222104486564e-01 5.463655152995795516e-01 1.302066869207816613e-01 7.105436837668056838e-02 1.571683514272073368e-01 -1.233591276942715559e-01 -6.200102077509489799e-04 -2.075932552424907540e-01 1.320803770464305978e-02 2.361663879366727725e-01 -1.106297013273371266e-01 1.069704719297375345e-01 1.289902685666213522e-01 5.219607239521377451e-02 3.883013823880982623e-02 -4.522508260245090145e-02 1.547059943879086977e-02 5.441828793392535779e-01 -2.541551566639662085e-01 2.230260318561356342e-02 2.639366508007764400e-01 -1.114576757137164809e-01 8.173851151197761983e-03 -1.852981039973245706e-03 1.247549940693676168e-01 2.022230638071857156e-01 6.028199647062645328e-01 2.571255509958502161e-01
1.391757729277156297e-01 2.311595588636541909e-01 1.145090580492379440e-01 2.065129472663653765e-01 2.458910809922945362e-01 3.576479425565329273e-01 3.480855899937931874e-01 3.304301312370659938e-01 3.653166265034628601e-01 1.000000000000000000e+00 1.993997090953364137e-01 2.280044208403078365e-01 -2.091990006984843428e-02 -2.034705339193020601e-01 -1.174493007076222589e-01 2.059133787126190274e-01 2.377890697956043520e-02 -2.207175841869723210e-01 -1.161100534637668769e-01 -7.262132290006695357e-02 6.101212579804453362e-02 2.027032672173012251e-01 -1.559981444097325587e-01 -2.716134163241924054e-02 5.637124155613224552e-01 3.471247706245184778e-02 -5.585329854205907385e-02 -9.537807903995028369e-02 5.959442388439598060e-02 -1.768127561386908242e-01 2.507936665797220188e-01 9.951341998964292467e-05 -8.381927954963123983e-02 -2.142746510015722528e-01 -4.268536946102771679e-02 -3.223836336957704440e-01 -2.531045851065329751e-03 4.197092786787354202e-01 3.854553619008431742e-01 4.724853369667053049e-01 9.252734689987655858e-02 2.722653064609593665e-01 4.248677247433966381e-02 7.728913941586480763e-02 3.249840152537544075e-02 -1.457699774806872350e-01 -1.957505674724089595e-01 -9.422619883956975806e-02 3.665662007306691450e-01 -5.735392256512381179e-04 -3.879205723645643561e-02 1.739293414432369622e-01 1.314033733286409933e-01 1.628947524035107564e-01 3.468415967875910222e-01 4.620942324713589455e-01 2.901703148738284388e-01 2.134892405714484409e-01 6.685819141801553345e-01 7.475884408348403010e-02 -1.304527504401381023e-02 3.824765583068226449e-02 -4.431579306296423715e-02 -6.008957505300001334e-02 -9.745064768245519093e-02 -1.731812303537934861e-01 4.492370277474679319e-01 -1.845897633359910028e-01 -5.957066309337498422e-02 -1.207802551404392744e-01 -1.200844615947071481e-01 -1.795911798309103580e-02 -7.801335224633024201e-02 4.056962417166566359e-01 1.040035142957531078e-01 7.977597842496166047e-02 -5.597570212956928847e-04 -2.328427440801192072e-01 2.267141734107659956e-01 -6.185908355133959424e-02 -6.392262007034939242e-02 1.984374396664303087e-03 -1.424641870997116894e-02 1.621503511762764985e-02 -4.730605346197986477e-02 -9.555746387295263600e-02 -1.248138901816129159e-01 -1.886827505897208379e-01 -1.376544049199234510e-01 1.549931037014251611e-01 1.253289886978555534e-01 2.616742002372413056e-01 4.108312564705210446e-01 1.949487460393691529e-01 -9.905754972657011825e-02 -1.159974532841565389e-02 -1.056604686920915720e-01 -9.573819956861079339e-02 1.883262972445562955e-01 -2.807812690373085590e-02
2.616647398392972779e-01 2.200997490563599557e-01 3.374904351061954744e-01 3.180457796911804746e-01 2.498632534032453889e-01 1.902514218980500271e-01 3.016481282427275756e-01 3.084416893108184454e-01 3.396038728447836053e-01 1.993997090953364137e-01 1.000000000000000000e+00 4.072909045832865949e-01 3.826337002656208797e-01 -5.762618815694593721e-02 -7.890697082854689071e-02 1.795460910677798005e-01 3.823788167251476744e-01 3.723674776184126428e-02 7.305396663158901516e-02 9.627157973882108366e-02 1.966681698343832885e-01 4.498103517863326628e-01 1.888990241399337439e-02 2.439024457295382586e-01 1.693328413751801209e-01 5.855462760530999455e-01 1.417922074634962205e-02 1.032888674171999685e-02 1.960399929158818111e-01 -7.160577080893304469e-02 -1.219064113624643286e-01 -6.090476138919261734e-02 -1.497529008150408347e-01 9.411376898185186413e-02 2.467015482365597090e-01 -5.276040659529089571e-02 3.312087770753174287e-01 1.136497001478074392e-01 3.759278741706617577e-01 3.319509155121426747e-01 3.253690533441090937e-01 2.391517239794692384e-01 3.996029613834983230e-01 1.344953348475739774e-01 1.985157240625024244e-01 -6.758963147394535242e-02 -7.840665348515955813e-02 4.655144125213991901e-02 2.306239155007124841e-01 3.192257523684808862e-01 -1.046022147965330884e-02 2.412345356466152335e-01 -5.639892825663748999e-02 4.240473898071209918e-02 2.112554738905348117e-01 3.149226533855736809e-01 2.860781758844692102e-01 2.946352280310397531e-01 2.247095344075289713e-01 5.970733532401675259e-01 6.052781743012668469e-01 1.598613994766180657e-01 6.295290423668783997e-02 2.515103591752673728e-02 1.077868645698986348e-02 -1.588932638672121977e-01 3.267923109210898458e-01 -1.218813385173765640e-02 1.060244324540254579e-01 5.767107107381053144e-02 6.205527147603057125e-02 2.378359405149675920e-01 9.571109033790602127e-02 2.970062170986187966e-01 2.112519294055979768e-01 5.501981130589128632e-01 9.227980789889916879e-02 -1.640562189878451704e-01 -1.831217344036772943e-01 -5.864792362947019583e-02 -2.346975698698134175e-02 1.252540828290237274e-01 2.450721073006454087e-01 2.101419673426071222e-01 1.988336421224250541e-02 -6.590841478965074607e-02 2.310068795660812913e-01 -1.096954782754780561e-01 6.394240636984380166e-02 2.897243122268904347e-01 -6.731305295681670742e-02 1.981481073141338756e-01 2.083322213073150742e-01 3.150983884024426973e-01 4.366499176256394277e-01 5.257253086471643660e-02 -3.141427096173468603e-02 1.780476965827080399e-02 3.275952902848329740e-01 2.889053676726555109e-01
2.237507834506323179e-01 1.381975274587211311e-01 2.325278470896017524e-01 1.786485277377266589e-01 1.065060710199053073e-01 1.723325460607326998e-01 1.804618480553766557e-01 1.963251853216203546e-01 1.786241944953984584e-01 2.280044208403078365e-01 4.072909045832865949e-01 1.000000000000000000e+00 1.189298756360315235e-01 -2.723943039966435220e-02 -5.425680489504583134e-03 1.428005759195656865e-01 1.565981571179746179e-01 -8.665284989445816433e-02 -6.330970061675710026e-02 -1.525202909671300178e-01 5.278449331942803267e-03 1.846062754692994190e-01 2.566758319030448474e-02 3.536184104106040449e-01 2.363245472160458993e-01 4.704462727242962328e-01 7.063892412123509712e-02 2.229940408730918255e-02 -3.575399629022000397e-02 6.346846557563971813e-02 8.793415872517852672e-02 -1.212444442903018310e-01 -2.027599161059808475e-01 2.261595861902722382e-02 1.273221945640019004e-01 -2.575866459087372551e-02 1.556564339560427834e-01 4.639996294776845692e-02 2.419014466299780897e-01 2.854503946173668760e-01 2.135729322481407788e-01 3.317084013754620919e-01 3.286697191051189404e-01 1.318757502471092358e-01 1.429805043703012701e-01 2.029663753820179148e-02 -1.835402154644009270e-02 7.611910741717477225e-02 2.370293435775137347e-01 7.784481951372039521e-02 -1.459811194344550478e-01 1.124696536285095944e-01 -1.506079289170366986e-01 -4.516058483058778272e-02 1.872826378543422654e-01 1.985279924329651502e-01 1.244942028963670344e-01 1.251644786074804505e-01 3.715757572710923773e-01 4.573220378034164590e-01 4.146385287771773842e-01 4.696084002752035080e-02 -5.710717083602812050e-02 2.542278820214294993e-02 -9.225589378368590984e-03 -8.476484694705896383e-02 2.124904914636660813e-01 -5.906233266070316790e-02 -4.909393427178630059e-02 -7.484287738067103846e-02 -6.042209325469780068e-02 3.348130259081703169e-02 3.390312363862559714e-02 3.453983330116074391e-01 2.848610902964278657e-01 4.276390253339861225e-01 -8.825507183922487453e-02 -1.387740421791396929e-02 4.083752151176960749e-02 -1.257989424878179496e-01 -8.533752534442581861e-02 -7.497463559058187288e-02 2.244491824493379806e-01 9.220175467700157668e-02 3.365677900804059895e-03 -7.420726122153557813e-02 1.317429711373162837e-01 -2.778071740281456981e-02 -1.162627561607805504e-01 1.456907579421275467e-01 -1.662371106259219744e-01 1.553962692685389169e-01 1.687369890400191585e-01 3.896221562843685260e-01 2.598629436266407522e-01 2.034669417701251148e-01 5.132307787882437605e-02 5.218443034093860761e-02 3.168837110879386687e-01 1.262460480685024533e-01
3.141951663222454227e-01 1.526852383061327589e-01 2.892330511058558984e-01 2.166533925638970126e-01 1.642781463087410743e-01 1.546054540138621647e-01 1.518494789735742589e-01 6.217284122845809224e-02 -1.122507404906950869e-02 -2.091990006984843428e-02 3.826337002656208797e-01 1.189298756360315235e-01 1.000000000000000000e+00 4.062089123914541799e-01 2.386049081056370869e-01 2.785499391873202391e-01 3.855870161859886736e-01 3.555020623912393263e-01 2.904765486340191716e-01 5.066849568267061538e-02 8.721243063444279742e-02 3.636715341443391702e-01 2.048181864771600469e-01 3.182082576931742901e-01 1.357326927812986805e-01 5.000916545552738235e-01 3.515606471380412490e-01 3.494177960156662488e-01 2.032335261611692145e-01 1.357272777665554930e-01 -3.108725597849308908e-01 1.025300706524902572e-01 1.263902542764372694e-01 4.409506445597463076e-01 5.645831263085990814e-01 1.835868488246081565e-01 5.153481872920102624e-01 1.332695974344446643e-01 1.723350774708414246e-01 -5.342118187376307045e-03 1.881261530191959963e-01 2.856903694441658703e-01 4.810052208364467563e-01 1.183457751785473300e-01 1.522175601008980972e-01 2.095230485181017455e-01 4.090975401501101838e-01 2.802425398552291225e-01 5.056640958717587703e-02 2.693223199206268847e-01 1.043372835108988539e-01 2.408366351043008113e-01 1.159356300367070242e-01 1.083588583710640846e-01 6.503217796948063123e-02 9.624984026791161273e-02 5.162906982073434126e-02 -1.176318185364472364e-02 -3.973489191156458211e-02 3.201749575830297734e-01 3.528339879801968837e-01 5.383190019840968787e-01 1.735627677034470295e-01 1.991467975110026711e-01 1.103319580060973942e-01 6.798284218167381654e-02 4.279573591508079727e-02 3.490130698309035773e-01 1.339826579371985737e-01 2.378247177003741664e-01 2.228607001539232579e-01 4.302453817746276221e-01 1.357019808920320869e-01 8.604082318988247324e-02 2.539244207293466782e-01 4.255863252464266444e-01 1.940074860099464671e-01 9.934633045524066119e-02 -3.406168412487729502e-01 6.192591477126877658e-02 -4.009418565442855048e-02 -1.173574233672102368e-01 4.385835628781580842e-01 4.585762123087627207e-01 2.235664514779719114e-01 1.819432731986655449e-01 4.768040915602539953e-01 2.826275266598259894e-01 1.240733055482855646e-01 1.928407780303104460e-02 8.585608217358463301e-02 9.188487243074251742e-02 6.202223830556377604e-02 2.646236802258184473e-01 4.258271749967038056e-01 2.719042531679181640e-01 2.054274187722944234e-01 7.229111317878357534e-02 1.571151130977736787e-01 2.847559364484972821e-01
4.914549345474259617e-02 7.579013958121872535e-03 5.244324054554052456e-02 3.642015273706963180e-02 4.423502001291977105e-03 1.135366718368268323e-02 -3.524968866114254473e-02 -1.366965727886241266e-01 -2.319537505840556790e-01 -2.034705339193020601e-01 -5.762618815694593721e-02 -2.723943039966435220e-02 4.062089123914541799e-01 1.000000000000000000e+00 6.725471926958622726e-01 9.379836890340816080e-02 5.483497353440890641e-03 4.118233425118921209e-01 3.084497430043277033e-01 2.944925941676644621e-02 2.845239168224503526e-02 -1.676777954697060702e-01 4.081487681387670485e-01 1.380932320623579623e-01 -7.955427465794159825e-02 1.107604244877622990e-01 3.492379578535627638e-01 2.502237251718483768e-01 -8.191663065815046885e-02 2.743638053131732257e-01 -1.711997239521036163e-01 1.460779256917678071e-01 1.916971960159349619e-01 2.542688755973696590e-01 3.439676093303343785e-01 1.904911621939652522e-01 9.947851514407675400e-02 -9.886614811646718404e-02 -1.054950618683810903e-01 -2.101440180097025323e-01 -1.117338328336709430e-01 9.552358476872947757e-02 1.896522518795506485e-01 4.592542873982507698e-03 -7.598052124536544549e-02 2.853406117478777260e-01 6.520696826908715105e-01 3.076766180467928602e-01 -1.478077215169122383e-01 -4.052879141123267442e-02 9.137199697693143552e-02 6.856353422716524038e-02 1.967719611130243074e-01 1.323255348247079077e-01 -7.951712180624703752e-02 -1.578234876766380634e-01 -1.224315855362849703e-01 -2.287631951470717184e-01 -1.426214974578861872e-01 -1.400425335052607120e-02 9.599491236807311534e-02 2.874456554465075198e-01 3.207553727490062290e-01 5.127036405009166575e-01 4.554656112269733770e-01 5.603258630159989595e-01 -1.861693734904231734e-01 3.623894069108452021e-01 3.757533994948884792e-02 2.332134880656842879e-01 3.986820008946824756e-01 1.966491015293450328e-01 1.938443454898090001e-01 -7.263248259128977924e-02 7.542958119812281925e-02 9.681530453885948961e-02 8.201042143062658996e-02 3.168467108110744057e-01 -2.261429620455534251e-01 1.452870858132367105e-01 -5.840857172398197100e-02 -3.314713472979674558e-01 1.020947433616071209e-01 2.216787635684843438e-01 1.971570960090149593e-01 4.370082779071664536e-01 1.544038230961415348e-01 3.516823787556662695e-01 2.750858532307225157e-02 -3.081704645650856222e-01 1.116950343685349789e-01 -7.834333602201029589e-02 -9.915882590816459119e-02 5.738893364607527275e-02 1.586190505363541392e-01 1.462591461662346715e-01 2.677777650565245637e-01 1.195515461752991032e-01 -4.275057605631446545e-02 -8.492063388826444348e-02
3.767373931631277928e-02 1.872093643377628278e-02 2.134558309189828890e-02 3.544257560307607913e-02 3.443367377641207150e-02 6.136409699111707722e-02 -4.729416888540260294e-02 -1.321234929448181772e-01 -2.480746284861122808e-01 -1.174493007076222589e-01 -7.890697082854689071e-02 -5.425680489504583134e-03 2.386049081056370869e-01 6.725471926958622726e-01 1.000000000000000000e+00 6.827965651746262243e-02 -6.146393574973037927e-02 4.082733060088251098e-01 3.064495716789023549e-01 6.163893680396660690e-02 3.701153374992274814e-02 -1.708093379735256823e-01 3.544776319099053885e-01 9.457172150123939469e-02 7.459128536754031612e-03 1.434836028541811581e-01 2.459288920086915575e-01 2.770827220224141851e-01 -7.090487643868174927e-02 4.354276953229270775e-01 -1.299913738631724158e-01 6.203162966680671186e-02 1.228733686224017518e-01 2.233627432520955691e-01 2.692719194343128897e-01 1.373968957423741810e-01 -7.472861986693700616e-03 -4.806154059224906905e-02 -5.983306848263243716e-02 -1.928221215141389111e-01 -1.514315258222389549e-01 2.101092557377783332e-01 2.266238006546102135e-01 -1.055606455382526038e-02 -7.360237341685216261e-02 2.186958555171574226e-01 4.650309151315011325e-01 2.459067527778032447e-01 -1.407382824726230719e-01 -9.467729768075504315e-02 1.101008971573293194e-01 9.746359595511293328e-02 2.166745656284727872e-01 1.630590558417422953e-01 -5.686495837002470549e-02 -1.294693401755317441e-01 -1.323912974345428373e-01 -2.272232451112323193e-01 -5.881057935497800010e-02 -5.473532433046861961e-02 8.488417469486884970e-02 1.775014133768990920e-01 3.395354191688172985e-01 5.498370987490259765e-01 6.190779144687348357e-01 6.790875324796905588e-01 -1.789676006023213917e-01 3.390581095505731946e-01 7.024759031370632345e-02 3.363690079345870165e-01 4.380551811022196929e-01 1.213986508489567073e-01 2.083152926336052368e-01 -6.961740417926744195e-02 1.912903652160042114e-02 7.272838778826459794e-02 1.125075103497175377e-01 3.425332267403441988e-01 -2.287983042000087119e-01 8.782682794072861621e-02 -1.009142851245517503e-01 -3.383411502042547037e-01 1.412823231358091569e-01 1.877680294462787669e-01 1.410137504010863241e-01 3.658037280987470607e-01 2.854166927802018541e-02 2.300524342328812144e-01 1.706151921962555107e-02 -4.053416389775968409e-01 1.470182692781553113e-01 -7.220410238500122452e-03 -1.181292907930690458e-02 1.614168897822726711e-01 1.632690593389251876e-01 6.216491992465703054e-02 1.761895666540619354e-01 1.309116264941402596e-01 -3.819480847892625652e-02 -1.606778144542697073e-01
