1.000000000000000000e+00 2.648814443651326123e-01 4.896376669577481855e-01 1.084448864713812299e-01 4.650594302965155996e-02 8.748054709007722918e-02 1.105438268907909388e-01 2.798872282966274883e-02 -6.218500864538126921e-02 4.483252428378605159e-01 2.287295879696800149e-01 1.500277394586094770e-01 -1.033750684140376241e-01 -4.693565422640086360e-01 -4.356837663024391571e-01 3.459353597973544581e-01 -1.119294999518515715e-01 -8.968737281577886244e-02 -2.020178990487372650e-01 -2.543475466407843499e-01 -1.480772819759834658e-01 -5.846455494211331982e-02 -4.031436530119074102e-01 2.209694087187389633e-01 4.426535506810584941e-01 1.140416506501787247e-01 -3.571155888991753291e-01 -5.092668849503281248e-01 -9.124064273223612964e-02 -4.880478683311343380e-01 2.175405040985166072e-01 7.062365937775402780e-02 -1.019296569907201383e-01 2.093928218590925677e-02 -1.414355207987697538e-01 -1.759855242719294000e-01 -8.034388675839664040e-02 5.046879651389311050e-01 3.286839472645532445e-01 3.790506835527458485e-01 6.357381257829916588e-02 3.557619804350062309e-01 9.373780606606933741e-02 -8.161215452854185537e-02 7.493913318493733433e-02 -4.411667554401458857e-01 -3.921145634934963264e-01 -4.381216484928156518e-01 2.512762650428427835e-01 1.669641476526214363e-01 4.694735383822807306e-01 3.730105045293981014e-01 -2.132362791675349034e-01 8.300473183831273694e-02 1.055367470442317296e-01 2.582487107802672877e-01 1.543846933629429152e-01 -2.315901082928231020e-02 1.732904688887850486e-01 3.031598833064481635e-01 1.690329925957936019e-01 -7.402397938631510854e-02 -3.501170735710565918e-01 -3.325082534311241678e-01 -4.103847166488178710e-01 -4.111447356474328130e-01 1.827901570472595660e-01 -7.296600250266201126e-02 -1.530991768515441165e-01 -8.256987892033032517e-02 -1.718416379538285910e-01 4.491712910441860579e-02 -4.571775916955702068e-01 2.586229338525399268e-01 2.805991742109732040e-02 3.814629987375981468e-01 -2.431765368117863868e-01 -4.961126075164324911e-01 1.721416898856915623e-01 -1.805016497954626820e-01 -3.616962811400570299e-01 -1.779482251867254006e-01 2.294785073200098779e-01 -1.500376779876631296e-02 -2.941652682983741385e-01 -3.385649792750154985e-01 3.518071882787497662e-02 -4.300961927766188131e-01 -3.252561871019336859e-02 1.933197086212063431e-01 -1.876051067280028739e-01 4.536090283109022181e-01 2.291091168787102450e-01 4.088190994179010662e-01 3.993292354799654054e-01 1.278463208596891665e-01 -3.734149669365421920e-01 -3.604887131129565492e-01 1.771747114945465829e-01 2.295869758702418495e-01
2.648814443651326123e-01 1.000000000000000000e+00 4.131752102383001168e-01 7.515323794597414953e-01 6.964569299362246557e-01 4.832036256136777452e-01 2.452473151365590909e-01 5.777688653377830441e-01 3.146342900222182104e-01 1.129844387739054185e-01 2.473820244487136277e-01 9.476217329039206272e-02 2.131414538404468595e-01 -5.040366254067869117e-02 -5.402221140357457013e-02 3.472178059697820229e-01 1.847292815085205542e-01 2.485036512408454190e-01 1.094554538669854776e-01 1.708958341525711744e-01 7.211198111694350210e-02 1.216767052046362207e-01 -2.007190533671426580e-01 5.063006053780481214e-02 1.357845399796229757e-01 1.321559143536996384e-01 -2.225831096337966830e-01 -2.070694816770414226e-01 1.622906049080506119e-01 -3.592852534862939207e-01 3.555707298507657793e-02 1.902109039447771530e-02 -3.849094076708793610e-02 4.431063764183185844e-02 1.618320245045083150e-01 -1.237399087066407694e-01 -1.587417588083988307e-01 1.087640394096275609e-01 6.774466188160226110e-02 1.930111467429348193e-01 -6.798585501992801539e-02 1.239307300324168359e-01 1.726997431784299819e-01 -1.205180963727586346e-01 1.155695297959764695e-01 -2.028667642017245032e-01 -1.141887666151654573e-01 -1.214160846562541696e-01 3.221844414613745378e-01 1.693611265578787994e-01 3.862258691117638754e-01 8.205067183173599954e-01 2.767514263408949460e-01 7.237423093515813477e-01 5.316262824471711390e-01 4.254662651801422446e-01 6.175206715437200344e-01 3.679955690210828245e-01 1.149749138352531147e-01 1.817368296848305698e-01 5.133501955086255952e-02 2.284445893992300969e-01 5.290973844847070978e-02 -7.320614223964824752e-02 3.797677566537514815e-02 -8.380125709891105001e-02 2.001398550065942306e-01 1.528982950701658072e-01 9.933568480141499735e-03 2.955144743330870294e-01 -9.956838273627461808e-03 2.112700171537386373e-01 -2.371040744584539950e-01 1.440653037488344723e-01 2.160259859794526338e-02 1.512597746933834197e-01 9.260438819993675741e-02 -2.441820881907171004e-01 7.093317790843513271e-02 -1.151053872896629637e-01 -2.821100621329927227e-01 -2.987129139180973447e-01 1.485660058278835405e-01 1.860301664135134703e-01 -1.636171271090539892e-01 -2.024361734578713212e-01 2.450432493436920101e-02 -1.832417015387079740e-01 1.081479643742988550e-01 -1.270476849563036970e-01 -1.079986159836421669e-02 1.522587005630412771e-01 1.442661050194845029e-01 1.425971746692163422e-01 1.369547001360790217e-01 -5.732888822115421446e-02 -1.610121360199379681e-01 -2.177309843733727657e-01 4.148674356869559987e-01 1.467896016139525472e-01
4.896376669577481855e-01 4.131752102383001168e-01 1.000000000000000000e+00 1.866966538298449607e-01 5.494244227303185513e-01 7.069666164586190238e-01 3.153051477514764445e-01 5.068804338639987250e-01 6.063971706183758359e-01 4.158054403187086967e-01 3.453318135108727205e-01 1.398410927542265703e-01 1.449592298720973060e-01 -1.349668012175801735e-01 -8.764360869688939126e-02 6.543965154209178091e-03 2.605384844673668820e-01 8.342570590987137547e-02 1.129566868347728487e-01 4.069658875429758849e-02 3.443676450289986923e-02 1.628094796476519876e-02 -2.142095132317404782e-01 1.970554708190496718e-01 3.933930649086628262e-01 1.662036933891973267e-01 -1.376690526368864187e-01 -2.584396205677210734e-01 2.067473910782697821e-01 -3.805910817031333826e-01 1.216986913033373530e-01 -2.504313157488552988e-01 -3.653945842086062656e-01 7.463673661237718582e-02 9.772760024592776207e-02 7.021537508329557531e-02 3.520869029137867201e-02 1.833855865042848532e-01 2.532430024637568056e-01 3.049915175105005205e-01 1.086659178427456796e-01 3.769172071767857846e-01 1.993728780814164880e-01 7.319912313823671857e-02 3.600511840193100777e-01 -3.194683296078542623e-01 -2.593800445088282891e-01 -2.399791576813040117e-01 6.373630196861173047e-01 2.597578091400032929e-01 1.735210018145269817e-01 6.270563340698027677e-01 -1.951784626730884986e-01 1.601831426352917920e-01 6.631254647119160239e-01 7.699641087793535066e-01 5.291617040335825362e-01 6.064841642436091806e-01 3.215238643553093856e-01 4.211538514454087889e-01 2.431148933410214319e-01 1.228535784629478239e-01 -1.209065391388299965e-01 -1.701878005843677488e-01 -8.645138274549016288e-02 -1.514000323407737880e-01 2.654294030571149876e-01 2.051313073249581842e-01 -8.538382886928311266e-02 1.040103629249138212e-01 -7.300029089142888450e-02 1.380229033011345086e-01 -2.331051016061777281e-01 2.814012967234276741e-01 1.610753182570371089e-01 3.563979278568993325e-01 1.506618435786546140e-01 -3.907548883620713398e-01 1.301404306337282657e-01 -4.140662916449737163e-01 -4.642234773360366940e-01 -3.497266620222234113e-01 4.480804311630165460e-01 1.468316409928578925e-01 -1.958713279412045150e-01 -3.766367603939022590e-01 1.829112389685159101e-01 -2.133922180766022747e-01 3.484255893934011805e-01 1.055061959265833210e-01 -3.369194580728041011e-01 2.601818394664882073e-01 2.633114862561802827e-01 3.920889320679323276e-01 3.788088797905225791e-01 1.923256604041241602e-01 -2.253227718860023598e-01 -1.764562447887832453e-01 5.771841416237047939e-01 3.036241888725263460e-01
1.084448864713812299e-01 7.515323794597414953e-01 1.866966538298449607e-01 1.000000000000000000e+00 6.438495071407097647e-01 3.446843502276504823e-01 2.124700998863799650e-01 5.742050196066263990e-01 2.181621453285358947e-01 5.671634408082510542e-02 1.580977612303808566e-01 2.090640284827660067e-01 2.912473754422713612e-01 1.613456415326930959e-01 -7.324674540314425608e-02 1.790265572809824624e-01 3.129304398964752876e-01 3.219024215600065908e-01 2.975017558775891469e-01 6.591291794410962523e-02 -1.072028717808433396e-02 2.405085456530799137e-01 3.212030284310868084e-03 1.377191756719289562e-01 7.232459029568982789e-02 1.228898374075896582e-01 -9.605121452542510208e-02 -6.579175761524896915e-02 2.280602306072699315e-01 -2.176646758121554004e-01 -7.737362313767291722e-02 2.585336358081222544e-02 -1.020234483876068105e-01 1.771143962412722594e-01 2.525022321038533080e-01 -1.374947638380903496e-02 -4.169378388987160511e-02 4.639852904806956307e-02 9.239887025100229634e-02 1.691011671826607998e-01 5.710348114768309252e-02 1.847418018803928530e-01 2.544218020688663873e-01 -2.504907990017679609e-02 1.539488288310365827e-01 3.671064729295737961e-02 1.412033751475272325e-01 1.024952649836024382e-01 2.126699735489196164e-01 2.493886295799859210e-01 2.174918820460143842e-01 6.526090423631663029e-01 3.401938855396897665e-01 8.397353030619039149e-01 4.520978777754112721e-01 2.961768930760394491e-01 5.466912187184178595e-01 2.900435343222738660e-01 5.787955947902263809e-02 1.969661884258367968e-01 1.574296606278939858e-01 2.651445889107843512e-01 1.589523135475107152e-01 -6.218361133585770251e-02 1.294316708995450482e-01 -1.069500931162450236e-01 1.004005414013400127e-01 3.179097649046707663e-01 1.681387428159318298e-01 3.720856693659628789e-01 -1.003314271341049502e-01 2.544669976913502274e-01 -8.285544784446829958e-02 6.116098217155701428e-02 1.280288100779374272e-01 1.584570696025318914e-01 1.666758576048112117e-01 -7.373836370070380175e-02 -7.960672130765075738e-02 -4.361323659627908134e-02 -1.975408596754334722e-01 -2.286813736838365363e-01 9.882480352314088057e-02 2.285764147554980308e-01 -1.319150689210893401e-01 -1.795401851425380002e-01 1.390408027207228059e-01 -1.931450913145662737e-03 1.743192338422440701e-01 -1.116382771633790127e-01 4.946045385583846578e-03 5.769699162135916159e-02 2.219175170666494168e-01 1.307691736242587721e-01 1.464598244148345996e-01 -1.571043455601150649e-02 4.867945238319350970e-02 -9.525560476526431786e-02 3.167937491528311500e-01 1.929999874478803279e-01
4.650594302965155996e-02 6.964569299362246557e-01 5.494244227303185513e-01 6.438495071407097647e-01 1.000000000000000000e+00 7.463652491418938384e-01 2.883381747706461606e-01 7.105181399282540777e-01 6.426117057421822931e-01 1.194288610270488327e-01 3.106598853517816838e-01 1.536341416769661794e-01 3.913327321769684009e-01 2.360016327710646178e-01 1.368122838275771525e-01 -4.311949077922971191e-02 4.225867284325015572e-01 2.523890367236006904e-01 3.415238255306807247e-01 2.428853210182725098e-01 9.730069671756855221e-02 2.197519921196563475e-01 2.854098110609166322e-02 1.053792371494011171e-01 1.287327093451501037e-01 1.769313394867249312e-01 2.257198369364324733e-02 6.086127423417398569e-02 3.375333509411272970e-01 -1.671854842098985661e-01 -4.218324313415251769e-02 -1.790774458511643907e-01 -2.399408800196312086e-01 1.022195233869046954e-01 3.032851105515550483e-01 9.583482746239455063e-02 2.651751101554336229e-02 -3.338822033758369334e-02 9.819236645674016273e-02 1.555021637623818787e-01 7.156434156877848618e-02 1.682206865540457896e-01 2.234525973502695662e-01 7.193190430222312637e-02 3.308614552355322314e-01 -1.136755164262484401e-03 9.483982381345917867e-02 9.289552744464131540e-02 5.136249955886873497e-01 2.580686047047723308e-01 5.925877686319108717e-02 7.291960271372788238e-01 1.833269459543901414e-01 6.247981816912818731e-01 8.057038572823607137e-01 6.523164971684642932e-01 6.713899086862694654e-01 6.935776845779064725e-01 2.300737287388427976e-01 2.841946176329008256e-01 1.680524685700352516e-01 3.265811672807520938e-01 2.154846002265080329e-01 1.286490570894043353e-02 2.186331676132108326e-01 5.875192031541816295e-02 1.829932339096694283e-01 3.560345441211179018e-01 5.309637428887367672e-02 2.931140973428502106e-01 -3.357564521022809306e-02 2.533975290640919087e-01 -3.051696812585001292e-02 1.312841620344629145e-01 1.456289893569934213e-01 1.633897780241294340e-01 3.374405400492361817e-01 -7.078366748023404154e-02 3.063213589018655425e-02 -2.733989428625607232e-01 -3.080947690388863847e-01 -3.200430112084982626e-01 2.890559284650235372e-01 2.555778591521805643e-01 -1.170202400421714445e-01 -2.402330394771713395e-01 1.809275786101250949e-01 4.792683315413698991e-02 3.451656066536504808e-01 -1.330282359486351651e-01 -1.295809193935682224e-01 6.440033348483349684e-02 2.141644631287644429e-01 1.296248499662818465e-01 1.186460431359523532e-01 9.066155250506528762e-02 4.009706300324822337e-02 -3.911169938264172363e-02 5.999834661582803541e-01 2.302703968783740285e-01
8.748054709007722918e-02 4.832036256136777452e-01 7.069666164586190238e-01 3.446843502276504823e-01 7.463652491418938384e-01 1.000000000000000000e+00 4.129919083877962582e-01 6.409827022511971339e-01 8.272811649070842543e-01 2.485912156309265653e-01 4.507050716793792322e-01 1.402486582476868693e-01 3.746241198920021720e-01 2.037308687118943029e-01 2.108015041640071419e-01 -1.140052572494606453e-01 4.352319852786067922e-01 1.866229155756933267e-01 3.094237456658497920e-01 2.704784368890549850e-01 1.188589703286227345e-01 1.910925757579339246e-01 -3.511275706175712163e-02 1.460923707979430441e-01 2.168392137199146308e-01 1.944040885034236665e-01 8.310709296249869579e-03 4.914651419886668926e-02 3.756940863155313615e-01 -1.679836066032495412e-01 5.128739606671547241e-02 -2.606572198991489731e-01 -2.890271154757942940e-01 6.050528770741877421e-02 2.601178733051031644e-01 2.037828918403919720e-01 7.797367827882550895e-02 6.731559054167456091e-02 2.249725121884760537e-01 2.761970233014454656e-01 1.023688554706555925e-01 1.831065172422746135e-01 2.502742618706635391e-01 1.261883782766752005e-01 3.708104841949054209e-01 -8.966625291749356907e-02 -8.805247175359425318e-03 -1.343767286348793860e-02 7.458107407384081400e-01 3.172343018401641013e-01 1.788190871399364390e-02 6.163914641801993000e-01 -3.353724401714341941e-02 3.145891690324517653e-01 8.632130506547017745e-01 8.671281410281860280e-01 6.096492723531886648e-01 8.023662175081455183e-01 3.863420715590537569e-01 3.519475441152149497e-01 1.882460087954832828e-01 2.805701121978533830e-01 1.963225938915139357e-01 4.877326522200068487e-02 1.722613225112445134e-01 1.302745707484986581e-01 3.232838635314224662e-01 3.175594867531079668e-01 -5.713269782584192574e-02 1.977843464776480598e-01 1.176523624965429386e-02 2.734259615121620857e-01 -7.689562904523264408e-02 3.224063507993411570e-01 1.836558932745904205e-01 2.068779185170290524e-01 4.076177691482808507e-01 -1.355929781315430016e-01 1.449154683339596295e-01 -3.588351219049155105e-01 -3.682221001014845396e-01 -3.550321063020371870e-01 3.796887517870949913e-01 2.286489441339613349e-01 -1.157445137241932404e-01 -2.580924605800014038e-01 2.289542992707382929e-01 1.660463873024909179e-02 4.578182575300936974e-01 -4.998771207261652749e-02 -2.396378175126441246e-01 1.688921305759996938e-01 3.499789439417448911e-01 2.300425851383126052e-01 2.042314221222719106e-01 1.703780142110000451e-01 -2.689633209800786767e-02 -6.041975685112010996e-02 7.758445043884042436e-01 3.133357914368281039e-01
1.105438268907909388e-01 2.452473151365590909e-01 3.153051477514764445e-01 2.124700998863799650e-01 2.883381747706461606e-01 4.129919083877962582e-01 1.000000000000000000e+00 3.964483521479099104e-01 4.177304456554389867e-01 2.465501111289712666e-01 2.409188934553758432e-01 2.029355940252536294e-02 4.141269319144966904e-02 -2.559205929729025178e-02 3.309820648254289260e-02 1.709576796234223428e-01 2.001657962943344804e-01 1.489019098113021980e-02 1.529359361439432963e-01 1.795320421850535308e-01 5.736127467936119606e-02 3.118487949127615733e-02 -1.078871177029727263e-01 2.560464143598340514e-01 1.842543438131222788e-01 7.038407679094584035e-02 -1.517495781034962632e-01 -6.217787790777670048e-02 3.726389591431351622e-01 -2.305325259831361995e-01 1.848990668485621380e-01 -1.139376772143434330e-01 -2.724644156085123115e-01 -5.943052620444488898e-02 7.118169777929517217e-02 8.658714717008242356e-02 -9.959896754858427181e-02 2.589599986084172856e-01 2.813760853915536209e-01 4.009362085809175524e-01 1.251769998372399273e-01 1.315735802327458182e-01 6.719434408100814771e-02 9.165945749746777504e-02 2.746999200229159888e-01 -1.994521815725570912e-01 -1.813475508517236323e-01 -2.366581431314303263e-01 4.104235685542809153e-01 2.406435824759791120e-01 9.555114778597281755e-02 3.545164976710737381e-01 1.622038190364576693e-01 1.856938917872219263e-01 3.556537548848858199e-01 3.713605749287340885e-01 4.456058204170393888e-01 4.062069553107943709e-01 2.791030776931714419e-01 1.779149399164761114e-01 1.512175178294753730e-01 -2.817056884427643348e-02 -7.408199258206327187e-02 -1.686810398100294095e-01 -3.684234814990491880e-02 -7.234618975535011447e-04 7.009268659240450727e-01 1.116352688434124052e-01 -2.037672741905053320e-01 -2.004706870676538702e-02 6.811450250841166558e-03 2.024566527149715134e-01 -1.594477647852040048e-01 5.623851176218113146e-01 3.159816213477592561e-01 1.428321603532677342e-01 2.597845192855193219e-01 -1.989730198144455398e-01 1.800815034299002304e-01 -2.893570748806488790e-01 -4.358784003885260994e-01 -4.801137660972204513e-01 1.811422061086785662e-01 1.098048248568155860e-01 -1.972823124115420934e-01 -2.963133339138071531e-01 3.734120173711127921e-02 -1.944433886420801338e-01 3.324063073465025608e-01 1.201569129611607945e-01 -3.173101181751716848e-01 3.239129522296751995e-01 5.111502491609065668e-01 2.790150255951094893e-01 2.297389394391617101e-01 1.089307911678639024e-01 -1.547171621089266647e-01 -3.096404205852688607e-01 4.637539770163495723e-01 3.089326448485495424e-01
2.798872282966274883e-02 5.777688653377830441e-01 5.068804338639987250e-01 5.742050196066263990e-01 7.105181399282540777e-01 6.409827022511971339e-01 3.964483521479099104e-01 1.000000000000000000e+00 6.367145383413052029e-01 1.510990602690287787e-01 2.565682834672112222e-01 1.220899840623187599e-01 2.985826722130283661e-01 1.782907160069155950e-01 1.398057966762004112e-01 -2.457042078324157483e-02 4.802049583446007519e-01 5.381478754056123748e-01 4.346426114410909536e-01 1.962596394861206017e-01 1.888858387368845537e-01 2.284702195630316790e-01 -7.438183112249638525e-03 1.294400767108878914e-01 1.696696558001239696e-01 1.841935468533165143e-01 4.465453649344447440e-02 9.077493405337888621e-02 3.987760134896888853e-01 -2.053013796844334327e-01 -5.544999383376237462e-02 -2.670922330087742713e-01 -3.245084145951004917e-01 2.753655407478709516e-01 3.909267674994901243e-01 1.669947375099454789e-01 1.217574902922119312e-01 -7.878404437072134003e-02 1.134309707816203855e-01 1.637571719598233111e-01 9.027069901892602333e-02 2.457795088623666302e-01 2.305960941021916732e-01 8.160507037572922728e-02 4.173554854755406884e-01 -5.239765358957246960e-02 3.660116043345919279e-02 9.521361098101777110e-02 4.838844098637338775e-01 2.682939755443001784e-01 4.965123208760543680e-03 6.816945604244341039e-01 1.547115572668391892e-01 4.974048713332461791e-01 6.761995470320021351e-01 5.737382055782259682e-01 8.287241435179547588e-01 6.735019075381597498e-01 2.299569089181920101e-01 3.192885230372276562e-01 2.155256914439682703e-01 2.500342600357673417e-01 1.548229662266503714e-01 -4.758005716650482060e-03 2.814834843740027792e-01 7.313975979027093066e-02 1.302552493010615542e-01 4.252575785750043469e-01 2.381764194008882118e-01 5.402501528698262501e-01 1.862356227293774508e-02 2.833702293932255367e-01 7.143095985484276995e-03 1.181043034715573842e-01 2.646222301675726363e-01 2.209380386299530374e-01 4.168067589999778777e-01 -1.203688521207804396e-01 -5.953537300023615392e-02 -3.519741123172782649e-01 -3.017504365120423082e-01 -4.254168797287411485e-01 3.058182621820026981e-01 3.098205275294681482e-01 -2.056022438921899578e-02 -2.010681494754782972e-01 2.688923050565953932e-01 8.137535584071720063e-02 3.823893181977037758e-01 -1.221106421628665450e-01 -2.517669146266445224e-01 -6.020870594799321990e-02 1.786632118316151818e-01 1.729154264606762303e-01 1.564247518704941220e-01 4.837817148821638158e-02 -3.312055833117070330e-02 -7.786413794768255736e-02 5.084836975917289559e-01 2.039131015195745356e-01
-6.218500864538126921e-02 3.146342900222182104e-01 6.063971706183758359e-01 2.181621453285358947e-01 6.426117057421822931e-01 8.272811649070842543e-01 4.177304456554389867e-01 6.367145383413052029e-01 1.000000000000000000e+00 1.166109683122386748e-01 2.988932395583297486e-01 4.029813490928736697e-02 3.183560652953136283e-01 3.358175697663176584e-01 3.511882465390389618e-01 -1.527147574529665874e-01 4.135584499843829587e-01 1.918936740177948630e-01 3.612098986359073005e-01 3.303392082444459588e-01 1.823199651048594272e-01 1.332736566581781967e-01 9.225226371605045605e-02 9.616903396502836376e-02 5.761626214340108409e-02 1.117127423653980073e-01 1.316890577030590259e-01 1.609452053160350116e-01 4.129014149108041765e-01 -5.436287463661255981e-02 4.634425744901413124e-02 -2.605789443150491325e-01 -2.587302300580665571e-01 6.320794345322212904e-02 2.461988534484181590e-01 3.486869811634779048e-01 9.614855642241017242e-02 -6.476787447309501067e-02 1.352174386425203934e-01 1.381155690115874468e-01 1.755292576293667750e-01 1.301067511066991700e-01 1.520621100557142946e-01 1.465125193519026814e-01 4.300436283542219407e-01 1.992003609577045267e-02 8.844182214524969055e-02 9.966406393592648627e-02 6.402221368072513741e-01 2.911994859511835565e-01 -7.823694927624263995e-02 4.744515915761248204e-01 6.593385486866019940e-02 2.340725357316832400e-01 7.456902704370800272e-01 7.568485117860659361e-01 5.425381581095727324e-01 8.655503427760713464e-01 2.886157959016049102e-01 2.490678196986519655e-01 1.492277722050053546e-01 2.618085704386152734e-01 2.243616409143538437e-01 8.451246626719947919e-02 2.777216722421532169e-01 2.416153804920150305e-01 2.832528161347945828e-01 3.388171977045444372e-01 -3.243288391256800990e-02 1.934355582281458430e-01 3.546388611748944181e-02 1.414861964301979136e-01 6.959410094724446938e-02 2.341389263199983028e-01 2.325246615511855075e-01 6.894834809250387220e-02 4.555719111268262678e-01 -7.037017798103485005e-04 6.728350445879753561e-02 -3.142847409890732746e-01 -3.218277367409990708e-01 -3.266790925659192601e-01 2.942194576859624155e-01 1.651228226115118436e-01 -3.251534155222941119e-02 -2.000110308709325546e-01 2.228373485231749385e-01 8.485010086461618195e-02 5.203003555538656677e-01 -4.011185717760976099e-03 -1.997485815953866095e-01 -2.426389666812440310e-02 2.457030287278165748e-01 1.519965855843908864e-01 6.045152980053036113e-02 1.139601892633770736e-01 4.837455953493120103e-02 3.026196722924572730e-02 6.311088396633914854e-01 2.618665744666734407e-01
4.483252428378605159e-01 1.129844387739054185e-01 4.158054403187086967e-01 5.671634408082510542e-02 1.194288610270488327e-01 2.485912156309265653e-01 2.465501111289712666e-01 1.510990602690287787e-01 1.166109683122386748e-01 1.000000000000000000e+00 5.680952553984124354e-01 3.598731785329433719e-01 1.346510393281494800e-01 -2.184111690597297928e-01 -2.995185821939255755e-01 4.741473714830712373e-03 2.147048145364251759e-01 -1.160152157054900879e-01 2.136662434834632820e-02 -3.439374826013087971e-01 -2.171020088090116484e-01 2.651733012536363066e-01 -1.931485020973868483e-01 5.148000519436947142e-01 7.491337385202299082e-01 2.480997562681709900e-01 -1.203764307116100413e-01 -2.130708983927036837e-01 1.000496601384932988e-01 -2.679691738314321503e-01 2.180074057726957837e-01 -2.007107648166626956e-01 -4.196099252214244846e-01 9.905003489172163611e-02 1.373561766952710872e-01 -1.148402570039636361e-01 2.110093354470399252e-01 4.873259918609806896e-01 5.565952788800911932e-01 5.830000249143920676e-01 1.506629547029248450e-01 5.714746846318102813e-01 3.928448415429408591e-01 2.054450814657050040e-01 2.708150177972321049e-01 -2.196904193215767909e-01 -1.968566846594292374e-01 -2.805719013170172027e-01 3.789457956310285369e-01 3.635992078897980484e-01 6.186940338153134981e-03 2.459022114098772804e-01 -3.917560917166503232e-01 -3.760318691709858135e-02 2.676211417419588345e-01 3.537473001689783736e-01 2.352977056716060444e-01 1.654935007867794072e-01 6.966772432232906098e-01 7.163304603653678493e-01 5.750381217780620169e-01 -2.115136516652149634e-02 -1.693233829072833541e-01 -2.140025187370836468e-01 -2.632327177295482046e-01 -2.407436174214021007e-01 2.165521568836480670e-01 1.242541992247569033e-01 -7.961253977655820269e-02 -1.253318937712127323e-01 -2.276207615061530132e-01 3.231134513811978470e-01 -2.691769611958793051e-01 4.943232129725295687e-01 4.095644448391570491e-01 7.350256441297231547e-01 7.858025969365923288e-04 -2.579626793569276821e-01 1.834695174466220990e-01 -4.289520834888611023e-01 -4.503558551565478574e-01 -3.830465400921594932e-01 5.099227884463026772e-01 2.379484295997124632e-01 -2.865480976546386227e-01 -4.359364059692525939e-01 3.187417224906055613e-01 -1.652568480833830622e-01 9.544651946787485741e-02 1.688943304622158026e-01 -5.176430910333061908e-01 4.889437161177558888e-01 4.989743306351112073e-01 6.202069008581351239e-01 6.801190447037968045e-01 3.656424721769325759e-01 -1.582190691143215144e-01 -3.079792386450337371e-01 3.444459645366464429e-01 4.275991757437275220e-01
2.287295879696800149e-01 2.473820244487136277e-01 3.453318135108727205e-01 1.580977612303808566e-01 3.106598853517816838e-01 4.507050716793792322e-01 2.409188934553758432e-01 2.565682834672112222e-01 2.988932395583297486e-01 5.680952553984124354e-01 1.000000000000000000e+00 4.272194032023801102e-01 4.069315227819224057e-01 9.069631830911942206e-04 -8.825197123177289105e-02 4.628663375389056173e-02 2.983759746387829592e-01 -3.314164336456026927e-02 1.316073976794149558e-01 -6.274436351673849666e-02 -2.562212411066803752e-01 3.153492215188770653e-01 -1.229116911822436403e-01 4.000160237532427998e-01 6.344111288050612307e-01 5.212366573832842853e-01 -2.756693748856318613e-02 8.180776932618455399e-02 2.862586167897265832e-01 -1.243445647552199190e-01 1.918171261178400894e-02 -1.191917157868454674e-01 -2.604419946597882896e-01 8.031537567355086227e-02 2.310547743745841320e-01 -3.396341040338035633e-02 2.701799928703941256e-01 2.543396000474003604e-01 3.361794799861972938e-01 4.109153312388164614e-01 5.160405811726791886e-02 3.306113739847398869e-01 3.670157893947731953e-01 2.489916388398437930e-01 3.328031259039780365e-01 -1.037537108854212908e-01 -2.754141125138628854e-02 -5.772542431941669189e-02 5.442740995668983173e-01 2.507436354371753162e-01 -3.450244945117351969e-02 3.203297851229855997e-01 -2.196592235771402113e-01 2.459279408647667073e-02 4.301524115737831999e-01 4.165940474425955942e-01 3.085566268462310302e-01 3.128600127300564249e-01 5.909515595497211171e-01 5.557161968597642554e-01 3.708802807487133202e-01 2.271580336144459478e-01 7.317208114962862886e-02 -1.228498823667465156e-01 -1.177179964105988380e-01 1.172986838174209026e-02 2.561823561563711382e-01 1.354263341392705211e-01 -1.028655863943745696e-01 5.591820294018463866e-02 -2.522151984487708831e-01 3.825856112194169767e-01 -2.092154240996320913e-01 4.071362798874278432e-01 2.966524016390326146e-01 5.435817580551582928e-01 2.674499731603641739e-01 -1.170445525255736363e-01 1.330776433259530100e-01 -2.732088255381982522e-01 -2.767146895192778011e-01 -3.010492647770397490e-01 5.432034924512532115e-01 3.468127222396853448e-01 -2.449865015046530647e-01 -4.212638194322292917e-01 3.075151427803011761e-01 -5.351415376681597363e-02 2.379421212615418502e-01 -1.387012744629201322e-02 -2.943314461518681258e-01 3.352324370181704039e-01 3.474581471605106553e-01 3.032890533527576316e-01 4.230785569620125752e-01 4.008815521030718032e-01 -7.574722674107543102e-03 -1.911051496301169883e-01 5.187694888581965147e-01 2.611344908919366881e-01
1.500277394586094770e-01 9.476217329039206272e-02 1.398410927542265703e-01 2.090640284827660067e-01 1.536341416769661794e-01 1.402486582476868693e-01 2.029355940252536294e-02 1.220899840623187599e-01 4.029813490928736697e-02 3.598731785329433719e-01 4.272194032023801102e-01 1.000000000000000000e+00 4.015837324814617859e-01 1.019881173737960667e-01 -2.396308341917853246e-01 -2.422171199069402536e-01 3.657045336812476122e-01 3.353488360201108132e-02 2.808299145351014214e-01 -2.118655967719489941e-01 -3.054971814856781154e-01 4.281124650273429033e-01 9.223637460452188686e-02 6.741518240317661004e-01 3.983345468012283175e-01 6.663722331992518733e-01 1.749988791555845968e-01 5.541649256726762646e-02 2.796833211056091173e-01 3.971763370539993336e-03 -3.036575665488760456e-01 -1.876552455687373611e-01 -2.632875911642089672e-01 3.422185031885186524e-01 2.981490076770222930e-01 1.575476403109789814e-01 3.853719127299287672e-01 5.680383323676929663e-02 2.315049606905084656e-01 3.206528734652548396e-01 2.465031153500215066e-01 5.680159140753257008e-01 6.443993307873592258e-01 4.354568099506311851e-01 3.130338883420088480e-01 2.111606205671009706e-01 2.813326148776006952e-01 1.722493980168459671e-01 2.529975187421952265e-01 4.473131365390030645e-01 -1.080551671653087603e-01 1.914167448879157685e-01 -1.465795566631070690e-01 7.062461143439843769e-02 1.982283748710713667e-01 1.333119450459023803e-01 7.790427633558839882e-02 7.878925391622679242e-02 2.660340878235240569e-01 6.004752578769342319e-01 5.636969012046767480e-01 2.456928085468777501e-01 9.190768819881952462e-03 -1.883329618920478732e-01 -6.195948619302926730e-02 -2.106781367590977450e-01 -7.048320068669500227e-02 3.735668357812674256e-01 3.180706212178913694e-01 1.402192678353409161e-01 -2.647558676529665478e-01 4.608094812170766552e-01 -7.499490346612455727e-02 1.140102369823911554e-02 4.786603878975854154e-01 6.101260152598310116e-01 2.350428069369221995e-01 -7.974382163675774668e-03 -2.282025546501668112e-01 -1.436756402196577576e-01 1.563067498047346696e-02 2.293628684476306610e-03 4.221214638918461270e-01 4.790080825098270711e-01 -7.213356557114235235e-02 -2.623314957537707937e-01 4.856819706680678972e-01 1.380803747100713685e-01 2.955497350245291366e-01 1.602143266195691640e-01 -1.262809899613062947e-01 1.294501654035326021e-01 2.651759799097406223e-01 1.099505773115408147e-01 5.550953389539188265e-01 4.160115302029218087e-01 2.349193798192473481e-01 3.944171788086686670e-02 1.805488147590716963e-01 4.515342224459896747e-01
-1.033750684140376241e-01 2.131414538404468595e-01 1.449592298720973060e-01 2.912473754422713612e-01 3.913327321769684009e-01 3.746241198920021720e-01 4.141269319144966904e-02 2.985826722130283661e-01 3.183560652953136283e-01 1.346510393281494800e-01 4.069315227819224057e-01 4.015837324814617859e-01 1.000000000000000000e+00 2.830063070380389734e-01 1.131186637635113040e-01 -2.149595086170258962e-01 5.138100897335163841e-01 1.213138835342907895e-01 3.951070523277726010e-01 4.805613012333449785e-02 -1.768171832764631746e-01 5.234537731102619773e-01 1.680020848888124640e-01 2.598589301811931596e-01 2.092530033413078083e-01 4.202641829691632358e-01 2.323098799591236108e-01 3.274446159134983825e-01 4.570770922644844525e-01 8.917340748435564901e-02 -1.398406864013113926e-01 -1.777842512879553583e-01 -2.239211436198850214e-01 1.885459012687198954e-01 4.638494293015971159e-01 6.077000701346415429e-02 3.194799455819899436e-01 -1.010130367509647353e-01 4.126438438678636106e-02 1.035041392903585239e-01 8.330232785018711061e-02 2.291110972518300148e-01 4.859128075037473238e-01 4.033851790035662410e-01 3.215102705015544515e-01 2.294319127105480804e-01 3.297279521897394927e-01 2.615916482572044344e-01 3.352180073529198445e-01 1.989880949887052886e-01 -1.749080996262661336e-01 2.694170993370612055e-01 -8.642654782583131245e-02 2.321705048563212914e-01 4.247995861842056575e-01 3.059505435087191416e-01 2.861864878775879362e-01 3.485536795705527768e-01 2.820313823272289078e-01 3.323287341561414476e-01 2.889348220785104004e-01 7.871483147452187357e-01 5.103553672997112045e-01 1.181989955304107442e-01 2.112564948438260259e-01 1.950244466343644678e-01 -1.873378498814506563e-02 4.241465876931363455e-01 1.456890040316014823e-01 1.743504770058449116e-01 -1.342906537407565493e-01 4.827038231954098313e-01 5.924667740554201943e-03 -5.388043169489765451e-03 2.065264421176200016e-01 2.310893618943908323e-01 5.228732533989315368e-01 1.439534354339858935e-01 -8.236014073405013847e-02 -1.576319603399634617e-01 5.364322020414631284e-03 -1.123314965625579614e-01 3.219281707926671676e-01 4.283593826255371884e-01 6.038074045048000271e-02 -8.616583584236453541e-02 4.192340269782602880e-01 2.716340874053154164e-01 2.303236912124437541e-01 -1.215783056173261600e-01 -9.935421046821016344e-02 -2.513636295356297661e-03 1.418404664833206319e-01 -4.953370938834608488e-03 1.985832992444695744e-01 3.068081175637219493e-01 2.296988997636860985e-01 1.204624500631785861e-01 3.526630312120594968e-01 1.363577263226654623e-01
-4.693565422640086360e-01 -5.040366254067869117e-02 -1.349668012175801735e-01 1.613456415326930959e-01 2.360016327710646178e-01 2.037308687118943029e-01 -2.559205929729025178e-02 1.782907160069155950e-01 3.358175697663176584e-01 -2.184111690597297928e-01 9.069631830911942206e-04 1.019881173737960667e-01 2.830063070380389734e-01 1.000000000000000000e+00 5.127316768520999712e-01 -2.642505561266305092e-01 3.387691175003407773e-01 5.784201655278101845e-02 4.762925313801132376e-01 1.837652969030526551e-01 3.791098434453674115e-02 2.168630395537001487e-01 6.877433585366936608e-01 -6.773702391462525785e-02 -2.087227625564425648e-01 4.287172566705735322e-02 4.965260375957192274e-01 6.100660208604928858e-01 2.472891054906296848e-01 5.611635789846090017e-01 -1.378592231036071813e-01 1.589645733452273862e-02 7.568060104329735194e-02 -8.042183557838619712e-02 2.917310115602300136e-01 2.905681775040628856e-01 1.217407136918428195e-01 -2.920437600030628689e-01 -1.763593309243698393e-01 -2.405639202209718386e-01 -1.262832084609116605e-02 -3.521347183701530048e-02 -1.342432057936898855e-02 1.780437127386442775e-01 3.901042598438160536e-02 6.040069147957837226e-01 6.275497019928306663e-01 6.203989569455089503e-01 4.616802826216451910e-02 -1.515413476378548244e-02 -2.619537547088544582e-01 -4.295408908883758398e-02 2.667998298161378679e-01 1.994407041661488966e-01 2.179237814143489549e-01 1.348214962228075908e-01 3.045321598239362354e-02 3.074321348376230500e-01 2.084051455301370783e-03 -3.486261355120277156e-02 -3.083786685073202152e-02 1.865336102383442496e-01 5.837370362861872275e-01 4.274354277412434899e-01 5.281586996158981195e-01 4.869191315579586288e-01 -1.191979251766656228e-01 3.663827552364138929e-01 9.405628371128331444e-02 5.596787141868082155e-02 -2.049495881945026174e-02 -3.046392881633053912e-02 6.717678051147956131e-01 -1.611868186792711211e-01 1.314423718799129781e-01 -1.279806189594294430e-01 4.226124120275323026e-01 6.952191385669913570e-01 -1.599078388388359140e-01 1.215380534378997235e-01 1.419045874383821904e-01 8.373828541740514775e-02 -7.992256817726731133e-02 1.125239685343614043e-01 2.347488074672091363e-01 1.762510029283368418e-01 1.292983687288951078e-01 5.899063407035383122e-01 1.782830993348249737e-01 -1.712407163720618131e-01 1.869611930408525136e-01 -3.143328165338270530e-01 -3.963267543706133766e-02 -6.315568347039177133e-02 -1.974304937358720702e-01 4.020010864297793307e-02 5.724589081191069351e-01 4.819963956446887132e-01 9.960851892076492964e-02 -7.599931056616621161e-02
-4.356837663024391571e-01 -5.402221140357457013e-02 -8.764360869688939126e-02 -7.324674540314425608e-02 1.368122838275771525e-01 2.108015041640071419e-01 3.309820648254289260e-02 1.398057966762004112e-01 3.511882465390389618e-01 -2.995185821939255755e-01 -8.825197123177289105e-02 -2.396308341917853246e-01 1.131186637635113040e-01 5.127316768520999712e-01 1.000000000000000000e+00 -1.823930362698029661e-01 1.294446624581168104e-01 9.882455333727055424e-02 1.570425989025605318e-01 5.369347401506884276e-01 5.184763786185870860e-01 -9.472017081662783416e-03 2.587072130259267522e-01 -2.136647577483790361e-01 -4.039846914193260252e-01 -2.029942597800143411e-01 3.569785984679228474e-01 3.981459509197521895e-01 2.640494207694987217e-01 4.599499311420786607e-01 -4.651875140560954303e-02 -1.149307022020838176e-01 2.805164983286357466e-02 -1.769380274831451605e-01 1.554180789119569694e-01 1.551773802297775617e-01 -1.294847346388438014e-01 -3.667981877916852151e-01 -2.992244077884394504e-01 -3.240933044774023108e-01 -1.100338132747817749e-01 -3.246850567451560754e-01 -1.954022482517930315e-01 -6.585609418222870826e-02 -1.125849621623412344e-01 2.309385804212655824e-01 1.670735975445475363e-01 2.201308978012062600e-01 -2.678503658377719490e-02 -9.782552459545502954e-02 -2.267753493378626417e-01 -6.564163603456517337e-02 1.636153864443485040e-01 4.160845264313861591e-02 1.527991436635283973e-01 1.498921232312807605e-01 2.109324591963502183e-03 3.064632761936657013e-01 -8.247210095092136206e-02 -1.990800598111860942e-01 -1.587467446001959159e-01 1.796531335350984582e-01 5.682439746742400377e-01 5.928565216460545129e-01 5.477575046493030619e-01 8.482279625911087750e-01 -6.850106208561799678e-03 1.242590186496611571e-01 -2.885257208413329142e-03 7.333596832568713792e-04 4.614024993630010396e-01 -1.346253442158695246e-01 4.164601173820121627e-01 -1.077614888764795303e-01 1.597541059986917061e-02 -3.192329992003535288e-01 3.711779216888207444e-01 4.300535225361727942e-01 -8.593800439373118494e-02 -3.897300106950976617e-02 1.282891305031921558e-01 -3.095060823212355226e-03 -2.061357391728242394e-01 -5.049173984315737107e-02 3.716588875591724794e-01 4.286905531416722592e-01 -7.869603388056431448e-02 3.758492787587235373e-01 3.626496465195225977e-02 -1.515279139168486666e-01 6.717072330199834462e-02 -3.568475753736272682e-01 -1.217957109818294387e-01 -1.506017461262534884e-01 -3.933823280355331908e-01 -1.774750506216612733e-01 1.978890194160029814e-01 3.249392543459606042e-01 5.847464627963210038e-02 -1.692742803619458614e-01
