1.000000000000000000e+00 -1.973574600168892957e-03 1.279930142312270258e-01 2.900018083975115443e-02 -9.879094691452115773e-02 -1.520317892726295861e-02 1.952185703088302748e-01 1.040818281787737887e-01 -1.313085913813340222e-01 -7.723317529171877527e-02 1.235285532285322618e-01 -4.164302848575979904e-02 6.792513053977193571e-02 -8.796409309564807988e-02 -2.033215894881051922e-01 2.229158152009455829e-01 -1.252722183922455601e-01 4.307245314238122846e-02 -3.440202855458042441e-02 -2.449004299046367572e-01 -1.869247659697955422e-01 -5.856575909983224339e-03 -9.786150146948799367e-02 -6.356346138840761328e-02 3.060634149115868952e-01 1.430848846611022795e-01 -3.434272892037881081e-02 -2.932190057008071324e-02 -1.965191133442524829e-01 -2.334864004604992049e-01 -3.067081461270904433e-02 1.032891275792575392e-01 6.619882458879655651e-02 8.331363915979286827e-02 8.452435667752250525e-02 -7.317724362220892620e-02 -5.737717350027191077e-02 2.242570298718852273e-01 8.167912727124540528e-02 1.424677924603806600e-01 3.902507855980159868e-02 1.807067145649995377e-01 3.120535373419793673e-02 1.714366290147574523e-02 2.139282216215293575e-02 -8.986660066759613597e-02 -2.164258596677221258e-01 -3.533865475322496563e-02 2.437939016605152331e-01 1.053329209393697730e-01 2.550298206127055711e-01 1.043450425255069702e-01 -5.446674633504827896e-03 -1.262133856760994099e-01 -5.503203981556371166e-02 -5.399399030842840473e-03 1.092801719063308946e-01 -1.124915293240229541e-01 9.864286079110594699e-03 1.948811564211630210e-01 -1.225107878881544626e-01 1.630259260344170402e-01 -3.656011918151351459e-02 -4.818019137098082660e-02 -9.906633518092960999e-02 -2.099944897217965178e-01 1.783094329800732070e-01 4.213617086960733116e-02 6.142219696640801446e-02 -7.364416110152992995e-03 -3.172235619317981814e-01 8.759124164885338792e-02 9.318878733449590182e-03 1.899064719406891866e-01 -8.919395583748521150e-02 -5.120753801397187610e-02 -1.685698574262255167e-01 -5.021415124138034480e-02 -6.004081478574855441e-02 1.849188656988700052e-01 -8.396776767326971647e-02 3.513085472664033426e-02 -6.811367909522683672e-02 -4.157180822704305972e-02 -1.845985723064814121e-01 -1.344625154178460047e-03 9.959074217362087755e-02 1.430220882196686083e-01 5.616134527477756322e-02 1.599938325567542008e-01 -9.567387979370010551e-03 2.377369788511473833e-02 6.263291266221165943e-02 1.444115874224842846e-02 6.602241664346029937e-02 2.443665922516918484e-02 2.381654234663044267e-02 9.478059409790557874e-03 1.817973917911708259e-01 2.077269836439433748e-01
-1.973574600168892957e-03 1.000000000000000000e+00 2.188563850679385581e-01 5.974507031483680120e-01 5.738076022062651438e-01 1.948038734932052984e-01 4.651683764664948928e-01 6.735796742765194356e-01 2.566727836500540816e-01 -2.447356074269489423e-01 -3.169791590151919136e-01 -2.631125670751416901e-01 -2.389427610449811890e-01 -3.438487018505191894e-01 -2.245639328004926938e-01 4.855544184506494498e-01 -4.007213651399310628e-01 2.607574816822624819e-01 -3.116717012010746801e-01 -1.515584042505569232e-02 -4.573382852290003853e-01 -3.515678907096328465e-01 -4.685330332976737622e-01 -1.982380845929898050e-01 -2.278862000454139891e-01 -4.075109873307124486e-01 -5.007136617807035339e-01 -3.735021004951396550e-01 -3.792389966299710147e-01 -5.006986372709172350e-01 -1.577334920253171680e-01 -1.045216573331453520e-02 1.661798909399445912e-01 -2.183309918096127122e-01 -3.628076223173080095e-01 6.081127440014541530e-02 -3.502073484148847116e-01 5.200259885484562195e-02 5.822575874612666985e-02 1.991269438565972105e-01 -2.055436120896889651e-01 -4.587547325611011639e-01 -3.219049245951306482e-01 -1.586503954634800040e-01 -3.436111518808605547e-01 -5.123212648082445808e-01 -4.156371064601838694e-01 -3.703717698399092706e-01 1.483462171520685546e-01 -1.004637398464277576e-01 -9.617134747115674287e-03 5.836070868012346313e-01 1.810488072841835716e-01 6.178759566929836744e-01 2.688740119971622655e-01 9.670417155906683992e-02 7.186312965979901879e-01 4.500730984386639988e-01 -1.529883595151528275e-01 -2.997618632015867646e-01 -8.950384594558843943e-02 4.127018732106889354e-02 1.904240764899522154e-01 2.419339420373731731e-01 2.063777988895256488e-01 -2.133051962561540171e-01 2.611320311243730541e-01 1.358814824203784521e-01 2.768433596853300260e-01 6.126108823065684605e-01 3.157464927380781300e-02 6.138221378702520686e-02 2.016679698781149999e-01 -9.404040782088629591e-02 -1.357608974985478056e-01 -2.824532080761808506e-01 -3.463894343329553815e-01 -3.921845671826602597e-01 -1.119485029331421660e-01 -1.219226053346283978e-01 -6.381051460714828871e-02 2.547551909709530049e-01 -1.507106881993322024e-02 -2.206185123679367359e-03 -3.425583957229361154e-01 1.792055445928459056e-01 -2.935786361319073778e-01 -4.376913003243612654e-01 1.520740809046972619e-01 -3.643538921941515824e-02 -1.221050526704553219e-01 -4.998507473538382762e-02 -6.264158598354208074e-02 -8.449706646931216814e-02 -7.646051716813201393e-02 -1.079076818616322153e-01 -2.906367862256355461e-01 1.440723678258357399e-01 1.205837912672172996e-01 9.032947715854562631e-02
1.279930142312270258e-01 2.188563850679385581e-01 1.000000000000000000e+00 -1.085214662391156826e-02 3.142998746182193437e-01 6.090353118868137017e-01 2.438939902393852388e-01 3.492587543809641537e-01 5.082144832674841961e-01 -8.719797943920427549e-03 1.948333736200989486e-01 4.664833027911224894e-02 2.522401115036334573e-01 1.692575925967580164e-01 1.147745345560269026e-01 -1.317191356093431465e-01 9.902622418717965669e-02 2.234635082305090892e-01 1.456959965675991564e-01 -6.997274174941463254e-02 5.335121493649924024e-02 1.086546651080537579e-01 8.211242251504083378e-02 -1.398634177849734407e-02 9.999274001286120872e-02 1.406147239675292759e-01 8.650707823858957979e-02 6.579922743761262849e-02 5.125088391214890210e-02 -4.092739620595437638e-02 -2.053456985693678447e-02 -5.622081600054430750e-02 -1.857417345950953813e-01 1.151614342311118172e-01 1.253984194334590019e-01 3.101425732600106011e-01 1.637163363309466768e-01 -2.806178702163611427e-02 -3.719522357783486277e-02 -6.837415787460789096e-02 1.119955368910436899e-01 1.368488199805552863e-01 1.260836969492208637e-01 -6.806750299318101161e-02 4.813149884981664239e-02 3.490313230241276488e-02 7.377823167203356736e-02 9.439208490787999450e-02 4.469460519512761798e-01 1.549242851708963475e-01 1.787543841932715816e-01 4.333240349043372408e-01 9.313529670232247037e-02 4.029371909847095923e-02 4.694665679177297823e-01 5.244765835272743315e-01 1.131851208336900755e-01 3.155357188289052428e-01 -2.252844633072155212e-01 -5.961806836358678890e-02 -2.724284803343770545e-01 6.632748054188748743e-02 -1.505198296448344852e-01 -1.064333464625246695e-01 -6.971865501346832805e-02 9.358189147375425843e-02 -1.334904758492816979e-01 -1.502724466980223661e-01 -2.986557692896119609e-01 -4.841544201125642932e-02 -1.762566353353985926e-01 -2.848558592063125117e-01 -1.533916777263965026e-01 -7.451935924573527270e-02 -2.018061717648998443e-01 -8.062739828368585548e-02 -2.885823569804504829e-02 -1.526809793311958707e-01 -8.662478117528851773e-02 5.006539168735307799e-02 -2.253508237047047169e-01 -2.513218270527298737e-01 -2.986802748089203985e-01 -2.278905268998682454e-01 -1.469634765246547736e-01 -2.117965537242036678e-01 1.817407416238248363e-01 7.416687351112608018e-02 2.338824959672422543e-02 -1.930765018059262816e-01 -8.376393508236569529e-02 1.932065604851175220e-02 -1.736608627524419690e-01 -1.020656106873183838e-01 -1.958300142231278185e-01 -1.699163679221103451e-01 -1.111904688126040264e-01 -1.171574477285345084e-01 3.304404278081098378e-01 5.163957569265745229e-02
2.900018083975115443e-02 5.974507031483680120e-01 -1.085214662391156826e-02 1.000000000000000000e+00 4.778678605190513351e-01 -1.875621632681849895e-03 3.611645111421092347e-01 6.446863841741605761e-01 1.587614369338352649e-02 -4.533650766323933934e-01 -3.746156080077946426e-01 -4.362413547632586486e-01 -3.542584495977429970e-01 -3.636276043828958748e-01 -1.847789224136999475e-01 5.749639957325110018e-01 -5.653607462995030586e-01 2.857814225070489100e-01 -3.247688478392725120e-01 -2.448812007996867546e-01 -5.034502098448631058e-01 -2.300002413587958205e-01 -4.702823449950812029e-01 -3.308889122962191398e-01 -3.168640562068468780e-01 -5.145245419378510210e-01 -4.446267605189003769e-01 -5.395298019299007430e-01 -5.544057239718890306e-01 -4.569183932920207747e-01 -5.463582602501785429e-02 2.004337298319248950e-02 3.224865151647283157e-01 -7.044835912999078409e-02 -3.694517853255933071e-01 -2.144499847845605101e-01 -4.591454870035103775e-01 2.370034297264143608e-01 2.113629917886957754e-01 8.611575431765280952e-02 3.604591304376535132e-03 -3.755878627082593346e-01 -2.942511546075493034e-01 -1.095892384102510331e-01 -2.521599250152571359e-01 -2.831187693375790682e-01 -2.730890563611901301e-01 -1.952429057031449533e-01 -1.968600763277629398e-04 2.839753966699123250e-02 7.661982590612281818e-02 5.197812634483255367e-01 2.394363536693085159e-01 7.981144665020992734e-01 1.254019199957961683e-01 -6.206211766054686024e-02 7.125854679418254234e-01 2.701161816549916272e-01 -3.216506537562573431e-01 -3.968726628260028089e-01 -3.003094102819374722e-01 -1.974576305861935194e-02 1.605601779021250952e-01 2.267793864153320182e-01 1.688187865874989368e-01 -1.657496766251423670e-01 2.923987842165571283e-01 1.195883139995227024e-01 3.283307504177088720e-01 6.718905153003480457e-01 -1.934166226780420494e-01 1.510812618367719518e-01 1.499371073871167692e-01 -5.418545889840449548e-02 -4.448709916375068740e-01 -4.729037675467619439e-01 -5.499012922025247052e-01 -4.920635980387738639e-01 8.247009848838718349e-02 3.363237741617187623e-03 -2.788618485473616793e-01 4.651905412808559626e-01 1.472694800882680677e-01 -2.763436150588957640e-02 -4.703731907268348111e-01 2.659621278278162526e-01 -3.309695762443832789e-01 -4.999355849209995428e-01 -1.217905515593482521e-02 2.520065519528818035e-02 8.463940573893667663e-02 1.264413030342533550e-01 1.458556063351858223e-01 4.224262503623884418e-02 7.311779000387812200e-02 -5.570151412994708146e-02 -3.979448926669531400e-02 2.103424117321337772e-01 -7.429703581854120442e-02 1.511662480849069456e-01
-9.879094691452115773e-02 5.738076022062651438e-01 3.142998746182193437e-01 4.778678605190513351e-01 1.000000000000000000e+00 4.853315578350460568e-01 3.161248491546026496e-01 6.339044705000679292e-01 5.618338470824313369e-01 -4.009932880760288532e-01 -2.420135537199158138e-01 -3.137429397650116636e-01 -1.792712549485938056e-01 2.188973224665810569e-02 -3.649786335097646855e-02 1.475540943612700662e-01 -2.705966969117833965e-01 4.277272696446445810e-01 5.615714180516580972e-02 -2.050465295787491649e-02 -1.859852250911492588e-01 -2.146860659524353621e-01 -1.743029142026340794e-01 -3.375370815568650151e-01 -3.147032302885574007e-01 -3.401468271144438282e-01 -3.286107201733354244e-01 -2.835823037195548402e-01 -3.318131630496533035e-01 -2.237659850034976194e-01 2.319934982605015988e-02 -1.360813249724090734e-01 8.643127074996910519e-02 -1.226209041880710199e-01 -2.923446459209895765e-01 2.141095685311740215e-01 -2.250142390670304415e-01 -1.660963526263848841e-02 8.959992304846689515e-03 -7.355720250158928608e-02 -1.263574699352507658e-01 -3.456357866332109841e-01 -2.617131104959420917e-01 -1.376865529885974715e-01 -2.512140294516535532e-01 -2.115935207517715966e-01 -1.484388202771944609e-01 -1.343748124521432497e-01 2.811169634332742473e-01 1.306437919905354961e-01 1.105326961537525868e-02 5.455291172876901573e-01 3.082006356936027869e-01 6.829205660827315505e-01 6.976934602493320980e-01 2.973769431428592847e-01 5.308471333171133066e-01 6.963612720358969277e-01 -4.006931064850346447e-01 -3.948306413474649279e-01 -4.057708162343915959e-01 -6.241791993935470739e-02 -4.343184396743196281e-04 2.346330492533406364e-01 2.233311696523793966e-01 -4.188676046261755048e-02 4.456184571155370755e-02 4.426933679681854111e-02 4.773420562101445691e-02 5.638934566515448887e-01 7.894499246505699841e-02 -1.934293203196869593e-01 2.020608459216062525e-02 -2.651565884670838424e-01 -3.709130102074560953e-01 -4.428584283454536918e-01 -3.254525360692513969e-01 -3.872966318284445930e-01 6.490580804172742246e-02 -4.634543033633545250e-02 -2.800837729842765023e-01 1.329733611816346639e-01 -1.011660216616293295e-01 -2.600405825754801836e-01 -3.446629520691837367e-01 -5.220276322990047985e-02 -2.616651444911398117e-01 -3.679987554620886558e-01 1.119146979910046469e-01 -2.436583563747832526e-01 5.498509737178677165e-02 -3.729522932534835161e-02 -1.453880129639528729e-01 -1.042777324952019052e-01 -1.227347708959427575e-01 -1.219882023226797202e-01 -2.380552353041571756e-01 4.140205959114289652e-02 2.096655546716836294e-01 1.758671630109780171e-01
-1.520317892726295861e-02 1.948038734932052984e-01 6.090353118868137017e-01 -1.875621632681849895e-03 4.853315578350460568e-01 1.000000000000000000e+00 1.665791917069131267e-01 2.927442203649766039e-01 7.274800357146467000e-01 -9.680701902751508159e-02 7.612055371513432034e-02 -1.259654108486602669e-02 1.809414038306200734e-01 3.159575058050387297e-01 2.191939158419740630e-01 -1.676581337171098307e-01 1.934538804222670286e-02 1.944494453255276034e-01 2.101146470754910456e-01 -1.404654215178445242e-01 2.669990861408172433e-02 8.315189986391399724e-02 1.111145969547682050e-01 -1.750259104866218329e-01 4.055896642466684521e-02 4.507604670933446772e-02 -1.591189680456232174e-03 -3.654595584800771069e-02 -1.052310075555784076e-02 -1.083479313743060000e-03 1.247102182274730797e-01 4.494375498910367639e-02 -1.477684358023276801e-01 7.566466987169782887e-02 6.164902658482383085e-02 2.875367130004898297e-01 8.814195641460052799e-02 3.225060494385864618e-02 1.878283561819227981e-03 -2.328686396447954554e-01 -5.176913091421282004e-02 8.969937228721133748e-02 1.245648165269978846e-01 -1.287697418089300549e-01 -2.502575470650754141e-01 -4.677665746274668052e-02 1.257303434854827318e-01 3.162104998371420561e-02 3.569091536071180015e-01 -1.132546108337409603e-02 1.467165848776193493e-01 3.333622931170501236e-01 8.373601642334346784e-02 1.315955014017476943e-01 7.171816693001930032e-01 7.025916391255988547e-01 1.038676608803819901e-01 5.485994106645225576e-01 -2.140957374471119945e-01 -1.917759674855854524e-01 -3.248237524399120724e-01 6.925171173101594968e-02 -5.597814711576075408e-02 8.252040535997819115e-02 1.211043172021605274e-01 2.300872192357031609e-01 -2.507950778225283006e-01 -5.463858583616153231e-02 -2.203238404921764870e-01 6.654554981957989945e-02 -1.181005748822791801e-01 -2.502878207159958124e-01 -8.170533006074778837e-02 -2.278829884800145644e-01 -3.550401704611652609e-01 -1.224182503209843287e-01 -4.618841707944734698e-02 -8.364496786038724818e-02 -1.968187915791619336e-03 1.748473699168245632e-01 -3.318578646556957779e-01 -2.080406357163202546e-01 -2.763709340917256951e-01 -2.158212947330929166e-01 -2.212779096084069586e-01 -2.285749420879990834e-01 1.503836941438050634e-01 -2.786186500272105210e-02 -4.561101215734239198e-03 -3.477042829932838752e-01 9.170381634959232087e-02 9.348918831409085139e-02 -1.334907023860041897e-01 2.844750031645649005e-02 -5.420444205142029015e-02 -1.558219569232983104e-01 -1.376849150363275154e-01 -1.589300614427298364e-01 3.306863221435555333e-01 -6.534402869728965502e-02
1.952185703088302748e-01 4.651683764664948928e-01 2.438939902393852388e-01 3.611645111421092347e-01 3.161248491546026496e-01 1.665791917069131267e-01 1.000000000000000000e+00 6.543157163744376392e-01 2.008941127782371272e-01 -3.014662285604960412e-01 -2.884081950582133014e-01 -2.307018937299949168e-01 -2.347742257222573958e-01 -2.621443848390024867e-01 -3.535657705648719840e-01 4.066763842850084631e-01 -2.367396612235125597e-01 2.605747140441362908e-01 -9.828454823629036163e-02 -1.981733456291872308e-01 -4.369706488142320322e-01 -3.220254604682688537e-01 -3.798365582259420892e-01 -1.933686382303160534e-01 -3.843775330576671562e-02 -2.809486124567188159e-01 -4.611213327929170047e-01 -3.886091710923450515e-01 -4.201130088866507073e-01 -4.255878196212987685e-01 -2.427681212018721335e-01 2.597639442161046516e-02 6.203124829334896728e-03 -1.918877681767746646e-01 -3.905547507127125617e-01 -5.450366254341695860e-02 -3.819728883991417301e-01 1.949984625373619995e-01 9.952145945287682594e-02 3.285469330978353919e-01 -1.669372998080708229e-02 -2.332223678828189706e-01 -2.227871056700780339e-01 3.973784141305419793e-03 -1.962707161910185460e-01 -2.885167894664952826e-01 -3.820334138251666456e-01 -3.082793878625851858e-01 1.603393630991621355e-01 -5.217934749088908551e-03 -3.870466092777179873e-02 4.807201576383007269e-01 3.800243822950322703e-01 3.397526892656834163e-01 2.540439316099836198e-01 1.112923557761591187e-01 6.027893142726858944e-01 3.837909364166662840e-01 -1.554079738173204939e-01 -1.964634937888333210e-01 -2.183425312514344629e-01 7.814452662121514070e-02 1.998815176892591861e-01 2.319953585343529356e-01 1.780171947102861529e-01 -3.423832661132435451e-01 4.561153533809129690e-01 2.292551735345751407e-01 2.332500031061772450e-01 4.257198012037290979e-01 -1.510021195031635566e-01 2.568216313399904749e-01 2.556556144802434871e-01 1.640051870707666393e-01 -1.826070867404073761e-01 -2.286985364720726943e-01 -4.188218704269952575e-01 -3.552213602092282319e-01 -1.330458020414420905e-01 -1.418857011228587435e-02 -3.166910226036798170e-02 1.736098195320676385e-01 1.896028247910740150e-02 -3.452299573427655005e-03 -2.722445848047198580e-01 2.430035009441638971e-01 -2.725861710716143138e-01 -2.846292203548028699e-01 1.305574815275496181e-01 1.466658081748801745e-01 -5.805575838488712809e-02 1.056313364137073663e-01 1.142045309062411362e-01 -3.696080871836661397e-02 3.867435564447352370e-02 4.273821373944892976e-02 1.756555614426436387e-02 3.109311724270875099e-01 1.134848867781957787e-01 1.876672338808608731e-01
1.040818281787737887e-01 6.735796742765194356e-01 3.492587543809641537e-01 6.446863841741605761e-01 6.339044705000679292e-01 2.927442203649766039e-01 6.543157163744376392e-01 1.000000000000000000e+00 3.752971242386942685e-01 -4.865418657528174373e-01 -3.696796214538260461e-01 -4.057530043583722490e-01 -2.020388031709176024e-01 -1.963704388683684410e-01 -1.899708278833468489e-01 4.173552321505273888e-01 -3.720798962821469380e-01 5.393572178995751365e-01 -9.992186222949382690e-02 -1.871210499873222632e-01 -4.345786774768816696e-01 -2.520418468354980179e-01 -3.675536639167555908e-01 -3.123451974495751737e-01 -2.430107713700808969e-01 -4.278316442689651389e-01 -4.632600160395073385e-01 -4.164099331974289719e-01 -4.892454627293550962e-01 -4.242400513850488886e-01 -1.249830573679494850e-01 -1.010566135635163343e-01 1.312626227182354388e-01 -1.826833285148316000e-02 -3.569798417287009529e-01 6.968493117182339436e-02 -3.601803989413391860e-01 8.641994857101778504e-02 7.391550256334404601e-02 6.831978224754570173e-02 -2.972917746752108681e-02 -3.477735397058129840e-01 -2.872457151594858260e-01 -2.219390899100240691e-02 -2.208372250518577939e-01 -2.848420779022174942e-01 -2.845389359105629512e-01 -2.185127438379126652e-01 2.530650643733641791e-01 2.675388626836761041e-02 -4.670046175425025814e-02 6.512263674607282615e-01 3.209857433128706639e-01 6.488701637774328956e-01 4.188286556309607223e-01 1.560940359999584415e-01 7.994304859917474859e-01 5.753841676989239762e-01 -3.883834212968889643e-01 -4.160760202030942545e-01 -4.065595088798629742e-01 5.842430674122248146e-02 1.481454069200340284e-01 2.606523236953107170e-01 2.141199773204051082e-01 -1.729195302049512939e-01 2.056018504630801602e-01 1.822894066826729886e-01 2.387614184266866613e-01 6.804149072906098272e-01 -1.599690056306035946e-01 1.482555219225340226e-01 2.509749920398560152e-01 -1.313077123375012423e-01 -3.991692367436349698e-01 -4.244168613493746189e-01 -4.907224567146757366e-01 -4.416637057491898943e-01 -1.008624875685053615e-02 -1.075226988356826757e-01 -1.790612776528544836e-01 2.710143239114614078e-01 5.931274716158804056e-02 -2.455175048011923322e-02 -3.285049199723111824e-01 2.381577810487970071e-01 -2.806069082165973394e-01 -3.457795010666054880e-01 1.115942499137151100e-01 -5.572184766682700130e-02 -6.444123256942203837e-02 1.913947242076988534e-02 -3.197488773974116461e-02 -6.236667388354996677e-02 -7.129220148513076838e-02 -3.846508572999697822e-03 -3.169384998844929774e-02 2.701317773080709750e-01 1.178495490826400871e-01 1.467966442402150740e-01
-1.313085913813340222e-01 2.566727836500540816e-01 5.082144832674841961e-01 1.587614369338352649e-02 5.618338470824313369e-01 7.274800357146467000e-01 2.008941127782371272e-01 3.752971242386942685e-01 1.000000000000000000e+00 -2.091476658689010448e-01 -7.425084811136303808e-02 -9.440023440107925268e-02 3.605751601566709735e-02 1.843656123369185607e-01 6.291962785559279681e-02 -6.148611105926535259e-02 -3.323708768422901222e-02 1.878300233445583667e-01 1.301144274637522635e-01 -1.061739238494217447e-01 -4.168288484316298032e-02 -5.600660291057322354e-02 -2.857645617200970864e-02 -1.626242758263848343e-01 -4.249312419563721493e-02 -9.285850828297838311e-02 -1.901070274743841548e-01 -1.199228480841693645e-01 -1.434301434626976679e-01 -4.501335220071941978e-02 3.970967444011608283e-02 -3.932458135709053157e-03 -4.178618792638866264e-02 -6.127688705759961468e-02 -1.612587610133587590e-01 3.788998109012467475e-01 -6.142343581711952327e-02 3.149434959685901841e-02 5.632039633619715518e-02 -1.457165734845204119e-01 -1.361015018168640067e-01 -9.404159889703703201e-02 7.620654077262691180e-03 -1.818470625910140887e-02 -2.318041497577961185e-01 -3.036787262465948101e-02 -2.287352995567949049e-02 -1.209056929585963641e-01 2.346730278107960199e-01 4.414084872527234554e-02 -6.933166976587065711e-02 2.129793866199695407e-01 -3.893384779089341819e-03 1.952412739013746901e-01 7.015862353081454561e-01 5.626692069275512909e-01 1.787350129238580720e-01 7.033066418509906770e-01 -1.692100499113103895e-01 -1.723864122993790660e-01 -2.176260622173790960e-01 6.831832671307230820e-02 8.048661645802560050e-02 1.783268861657658910e-01 2.149972948113354487e-01 1.057167442123650714e-01 -2.086662787802218422e-01 4.400689768499286419e-02 -1.058077417115723534e-01 1.733927400450176459e-01 -2.114288277127364044e-02 -9.495017698963938158e-02 4.746384162136495916e-02 -2.612137744788566862e-01 -2.722880799693783160e-01 -1.451343511736520042e-01 -1.560195545428415265e-01 -1.219957860787082571e-01 -1.251262202620651021e-02 9.525976885339908218e-02 -1.822966772555450476e-01 -1.242818116012170265e-01 -1.179934242712866038e-01 -1.764094737100649068e-01 -1.825145713167637684e-01 -8.969903560016559418e-02 -7.640677732403944322e-02 -1.186856789256390959e-01 7.919239248785868435e-02 -2.516725643250077304e-01 8.525850359669764900e-02 8.966093145167033929e-02 -5.880490621832203113e-02 5.283221005749547117e-02 -3.451850166123739128e-02 -3.742951563853093300e-02 -2.342692905295592782e-03 -1.364985271834467462e-03 2.289851575004578088e-01 7.815874487341817334e-02
-7.723317529171877527e-02 -2.447356074269489423e-01 -8.719797943920427549e-03 -4.533650766323933934e-01 -4.009932880760288532e-01 -9.680701902751508159e-02 -3.014662285604960412e-01 -4.865418657528174373e-01 -2.091476658689010448e-01 1.000000000000000000e+00 5.482918382932824297e-01 6.784413729868632448e-01 3.042659720984709493e-01 1.479977716660623444e-01 2.274639595047401042e-01 -3.030272400981001146e-01 3.906029101271363824e-01 -3.388628676467140832e-01 4.083061055353925939e-02 7.848364310482797146e-02 3.289289031896396320e-01 3.198154482396214360e-01 2.765111723577199920e-01 4.475587705351702361e-01 4.760118860942162411e-01 5.903560843721311624e-01 3.210741852942388119e-01 5.037872184797936859e-01 4.924589210273069284e-01 2.368995765611819349e-01 2.985268560242904795e-02 1.705496906382437255e-02 -1.114955067078790413e-01 5.940780302141944469e-02 3.995324791981690327e-01 -1.382328021357733840e-02 3.475673935816248616e-01 -1.720125782393679692e-01 -2.196987051140256997e-01 4.343113086997280048e-02 -4.214897823193126947e-02 3.472934975881588060e-01 2.813926434786165887e-01 -4.566787897545330349e-02 1.093491155779544172e-01 8.395020031407934846e-03 1.395434436450965487e-01 8.979887297246634537e-02 6.706029917735438928e-04 -1.958162874717498392e-01 1.142171518939604224e-01 -2.205824856803376699e-01 -1.900860460924487516e-01 -4.418031377754910727e-01 -2.659851421160117635e-01 3.660948110984194037e-02 -4.922464918271041157e-01 -4.329745532242054162e-01 6.135555361367767135e-01 5.206619133977025138e-01 5.763691130930369555e-01 -6.503374966659589140e-02 -1.619827522091315808e-01 -3.687342230960419243e-01 -2.336023345211206970e-01 1.694974517844103079e-01 -1.605352041631467053e-01 -1.980866758769221636e-01 -2.595581522416801623e-01 -5.336709533306998043e-01 5.940422991003990044e-02 -1.350292733471908646e-01 -3.031821375502621319e-01 1.378460878019910907e-01 5.774778412391299298e-01 6.783426239839582816e-01 5.370819737961159968e-01 3.874445664874944795e-01 -1.576747493832426628e-01 -3.316981911476764300e-02 2.234317872455797160e-01 -4.122330362623777278e-01 -3.015776321672313798e-01 1.325578467979869890e-01 2.095707110823158414e-01 -2.897282719200013901e-01 2.893248747773125573e-01 3.649803302293475604e-01 -1.865273075386632562e-01 -1.192226570241241845e-01 -1.867962657057566644e-01 -1.161010074518784296e-01 -1.861709915618635081e-01 5.833413628289024766e-02 -8.852171422711925530e-02 -4.708324117815736176e-02 -2.174338083723952042e-01 -3.575239656860326742e-01 9.332026477352375893e-02 -2.820816774338783528e-01
1.235285532285322618e-01 -3.169791590151919136e-01 1.948333736200989486e-01 -3.746156080077946426e-01 -2.420135537199158138e-01 7.612055371513432034e-02 -2.884081950582133014e-01 -3.696796214538260461e-01 -7.425084811136303808e-02 5.482918382932824297e-01 1.000000000000000000e+00 6.357002078389982769e-01 4.676505897845441018e-01 3.453630300869250935e-01 3.094752153258949479e-01 -4.124788833877455207e-01 2.700502052636484795e-01 -1.649190079149576438e-01 1.932583440420854448e-01 -1.758745194738268181e-01 3.746395755027011054e-01 5.675918584888799412e-01 4.887851690661114690e-01 3.334788870710189146e-01 5.571498749999465039e-01 7.254110804369641174e-01 4.468449412017238553e-01 3.965610079376886143e-01 2.922866994823816178e-01 2.577879455484462512e-01 2.105754132774463327e-01 1.144604310496141891e-01 -2.663339577089008370e-01 2.673125678857219967e-01 5.917222115916658254e-01 -3.864588054132357675e-02 3.208000893730661995e-01 -1.806149769126611654e-02 -1.375392682539456624e-01 -1.673385640854568035e-01 1.630339526714434939e-01 6.202544313083828698e-01 5.078058933431526256e-01 -1.629318757589975075e-01 1.327592538197406302e-01 2.486864059871327637e-01 3.420961535096216366e-01 3.739381110749011028e-01 5.472515640101363599e-02 -8.216355363741544016e-02 4.924323789372115900e-01 -7.261259177970385767e-03 4.412738783201265724e-02 -3.200844868534630239e-01 6.409050793808381344e-03 2.831551734135177023e-01 -4.832789482551680948e-01 -4.055593634122213742e-01 2.610983605611003067e-01 5.027906837320283984e-01 2.002661224727281253e-01 4.401375770903553919e-02 -3.888796366352380018e-01 -4.416788660295994373e-01 -3.501162333504754809e-01 1.986816619719934396e-01 -1.529207376163538579e-01 -3.317800225692391636e-01 -4.113624548120324853e-01 -5.627574005398437995e-01 -2.215402186485751213e-01 -3.406703692829430863e-01 -4.831711141225769057e-01 2.415143861038739626e-01 1.540942173409492744e-01 4.945480882409920564e-01 3.087822711592017044e-01 2.727066315253454665e-01 -8.438760316777681181e-02 2.520065045564784945e-01 -1.566556673795548027e-01 -4.352337501142908294e-01 -4.167310412491110894e-01 -1.981986428881263307e-01 -5.586713859193648268e-02 -5.096292527071150102e-01 3.267954077449166106e-01 3.936210841318076303e-01 -2.549484976040884421e-01 -1.743317774398688014e-01 -2.011598039267353463e-02 2.457145265114081892e-02 -1.223622370158160139e-01 1.196822015814500428e-01 7.115415276938490130e-02 -2.162182275754310212e-01 -1.280821404405435571e-01 -5.369481138111293905e-01 2.449372928791822557e-01 -2.353423071572660341e-01
-4.164302848575979904e-02 -2.631125670751416901e-01 4.664833027911224894e-02 -4.362413547632586486e-01 -3.137429397650116636e-01 -1.259654108486602669e-02 -2.307018937299949168e-01 -4.057530043583722490e-01 -9.440023440107925268e-02 6.784413729868632448e-01 6.357002078389982769e-01 1.000000000000000000e+00 4.772589072736854177e-01 3.274730674125712060e-01 2.332235896505569228e-01 -3.911296904177374856e-01 5.079889723699803072e-01 -2.121740920491067273e-01 2.313604706311200854e-01 -4.951305361831621898e-02 3.568265334186616622e-01 5.215103846460251713e-01 4.519981739571556356e-01 5.174935813602694612e-01 5.556997599269640764e-01 7.102817574810147416e-01 3.384288102750301341e-01 3.793134488813902361e-01 3.357957644851896628e-01 2.444165649779004024e-01 -2.548948659755874077e-02 -1.232963584239262639e-02 -3.028975351764912616e-01 1.603523875163347101e-01 4.656398972397059466e-01 -8.792922791437561211e-03 2.375151675274224106e-01 -1.598364419990769836e-01 -1.351987332659206065e-01 2.637212252502836585e-02 1.451323992677783226e-01 3.775171828527948970e-01 5.118751789515711970e-01 -1.222558943433645490e-01 1.085196618138188629e-01 9.959208554800667856e-02 2.537269280909931202e-01 1.982220507387901232e-01 3.282947045957083920e-02 -1.857123359180278266e-01 1.914852012379890944e-01 -1.730508679437563202e-01 -6.329367957263148936e-02 -3.643309382287399090e-01 -1.281613779004969755e-01 1.821014376195494722e-01 -5.052070697255909293e-01 -3.888437238016941855e-01 3.483699033561332703e-01 5.690138789720210477e-01 4.540922995281571617e-01 -4.413204173654217827e-02 -2.561025490449597153e-01 -3.719153634825767551e-01 -3.180496369015479718e-01 9.564493784118044406e-02 -1.748407600440086973e-01 -2.205070329001198037e-01 -3.562961197566376081e-01 -5.498030434236305108e-01 -5.660911875617386652e-02 -2.514598252614110296e-01 -3.841750410750903177e-01 1.290222458685017226e-01 3.956711657678704253e-01 6.207834365401014853e-01 3.733360128025997038e-01 3.005602160176131243e-01 -2.273191414195831483e-01 2.350131972836789693e-02 4.411020679026885633e-02 -4.386815055671972607e-01 -3.915188762163236968e-01 -1.135590456217027838e-01 5.021927542377118553e-02 -4.501021061307826643e-01 1.781595414305382485e-01 2.605188114264656574e-01 -2.224487824433461769e-01 -1.634953667310793668e-01 -1.618502626125109534e-01 -1.189984781058217866e-01 -1.651647244775311940e-01 3.310309477101273240e-02 -9.671603521919784618e-02 -1.028836413521976995e-01 -2.095171428261066726e-01 -4.695107297109520350e-01 1.736658706490956661e-01 -2.706138806782381057e-01
6.792513053977193571e-02 -2.389427610449811890e-01 2.522401115036334573e-01 -3.542584495977429970e-01 -1.792712549485938056e-01 1.809414038306200734e-01 -2.347742257222573958e-01 -2.020388031709176024e-01 3.605751601566709735e-02 3.042659720984709493e-01 4.676505897845441018e-01 4.772589072736854177e-01 1.000000000000000000e+00 4.893478353846685835e-01 3.640380074880080752e-01 -4.900379518036942494e-01 4.494202236959870533e-01 2.181215052670231261e-02 3.257580108085783022e-01 4.709349958689976884e-02 4.067338878662670743e-01 4.923082295508031669e-01 4.752814081995169193e-01 1.794089863634693305e-01 3.096370751328019755e-01 5.218369652987230323e-01 4.273851652742896579e-01 4.145154058996106117e-01 3.716437516289839982e-01 3.283930500028107158e-01 9.067513581633587783e-02 -2.231200235393302270e-02 -3.462497210310839790e-01 3.311979064099189185e-01 5.361545757445915772e-01 2.044269303932173820e-01 3.329438791992497260e-01 -3.024789251655610745e-01 -2.347365095148664926e-01 -1.515184335484935085e-01 1.017705957285364865e-01 3.583178743881220707e-01 4.478207987146743396e-01 -1.621840920146183085e-01 9.722569644323358906e-02 1.137243976089109265e-01 3.504899305359810424e-01 2.406273427143255372e-01 1.670585403479585562e-01 -1.265481271839936916e-01 2.019748133263564727e-01 -4.940301097214168380e-02 -4.140360681773117696e-02 -3.198588650824484292e-01 1.046148587921230493e-02 2.654257258207871617e-01 -3.658860823796466488e-01 -2.078827762424416414e-01 4.375337592258581564e-03 2.781784549908007942e-01 4.301183670055997582e-02 4.428584856739717357e-01 -2.483585918486342081e-01 -3.274220966844476055e-01 -3.223153632348068065e-01 2.600985552788601107e-01 -2.714895764451355498e-01 -1.754749472085684048e-01 -3.080808247539155165e-01 -3.861670465671555030e-01 -1.667237185517452328e-02 -3.682365343662287183e-01 -3.474947732122675714e-01 4.857524204447912809e-03 1.131089163394568692e-01 2.853797804612477340e-01 3.600677349319424403e-01 2.248260302848523740e-01 -1.471955007611767674e-01 1.495955909056798268e-02 -2.029770429209589930e-02 -3.157918836489453929e-01 -3.095298877235402868e-01 -6.083380052012867661e-02 1.031675727558803712e-01 -3.475211930787455716e-01 3.418335458410787786e-01 4.181440441650609019e-01 -2.716438988887326378e-02 -1.525167069200699388e-01 -1.575728831057981172e-01 -1.630747273564845945e-01 -2.583684287598145279e-01 -1.311940390177184501e-01 -2.093734920848733250e-01 -1.880600259130361940e-01 -1.557473888992637057e-01 -3.854833713749802326e-01 1.737756804911415043e-01 -2.455147539230913556e-01
-8.796409309564807988e-02 -3.438487018505191894e-01 1.692575925967580164e-01 -3.636276043828958748e-01 2.188973224665810569e-02 3.159575058050387297e-01 -2.621443848390024867e-01 -1.963704388683684410e-01 1.843656123369185607e-01 1.479977716660623444e-01 3.453630300869250935e-01 3.274730674125712060e-01 4.893478353846685835e-01 1.000000000000000000e+00 6.338412569298280674e-01 -5.604761791893589917e-01 4.634660229320710090e-01 2.294991145130556298e-01 7.119810683390378481e-01 6.364264070347293301e-02 6.451531208250211868e-01 4.824079108446937547e-01 7.303012899815641834e-01 -1.199996384126849822e-02 5.188804372199197490e-02 3.969009935179141357e-01 4.939507570238337864e-01 3.111414855809733759e-01 3.885174145385356659e-01 5.461670790591522939e-01 2.794040135410894021e-01 -1.252760844009286889e-01 -3.306637720892337540e-01 4.270615718950653839e-01 4.742239879975910233e-01 1.647221270629175560e-01 2.729225339916515058e-01 -3.273104026579601866e-01 -2.804612243906980384e-01 -3.244351532491518419e-01 4.804915744241933240e-02 3.397050337148636023e-01 3.240056778411338212e-01 -2.247940790186102322e-01 -6.006770617354937475e-02 2.654857270394964663e-01 5.556541177378871987e-01 4.268598929446709156e-01 3.566659577117218399e-02 -1.600376205159516618e-01 2.307459279622804116e-01 -2.924019919790452060e-02 9.618749232626924717e-02 -2.137297399017312471e-01 1.787207309271243161e-01 3.056286595276334617e-01 -3.842447454627935799e-01 -5.638209151840044286e-02 -1.213139952762998935e-01 -2.634501020311271792e-03 -1.375453459883229368e-01 -8.366502309114128011e-02 -3.353076821503989113e-01 -1.449806352300288814e-01 -8.840315919808350298e-02 5.131724587405239735e-01 -3.434901574668551838e-01 -1.846127167568483440e-01 -3.299494027377391503e-01 -3.184449925758890965e-01 9.095160032620154544e-02 -3.972831501571426061e-01 -3.173159266133659395e-01 -8.927449549469161638e-02 -7.735093013901378489e-02 1.143716788592647610e-01 3.340650906965640377e-01 3.692345214334696868e-01 9.258002563020652220e-02 6.067699185660802713e-02 -1.538612235952530050e-01 -3.858619172448493617e-01 -2.830225765481770850e-01 -2.052583121146895340e-01 1.405373037464096309e-01 -4.486513988050171986e-01 2.040233609880514332e-01 3.059301850206322393e-01 -1.603171787450672070e-01 -4.118568503889236121e-01 -4.578214804281741102e-02 -1.798650074118373354e-01 -2.963347153013866087e-01 -7.960034214269934294e-02 -1.966302175236278038e-01 -2.341465421645982092e-01 -1.104966423276253912e-01 -3.846345177430271489e-01 1.065600726772260726e-01 -3.474696252007555275e-01
-2.033215894881051922e-01 -2.245639328004926938e-01 1.147745345560269026e-01 -1.847789224136999475e-01 -3.649786335097646855e-02 2.191939158419740630e-01 -3.535657705648719840e-01 -1.899708278833468489e-01 6.291962785559279681e-02 2.274639595047401042e-01 3.094752153258949479e-01 2.332235896505569228e-01 3.640380074880080752e-01 6.338412569298280674e-01 1.000000000000000000e+00 -4.504679916539394702e-01 2.176257160746375985e-01 8.406473883847684347e-02 3.200778119949091449e-01 9.838923095848615963e-02 6.047245351908285826e-01 4.115068646091329385e-01 5.718889666119182369e-01 -7.459883456174992364e-03 -6.178744537465597625e-02 2.704056329591377761e-01 4.850139810767985504e-01 3.185989139015324989e-01 4.104869277610287970e-01 5.279992442912219142e-01 2.786992723673640260e-01 -1.309023683561839069e-01 -1.998113927300042281e-01 3.503019354190404777e-01 4.266375048995699748e-01 1.452663323306293552e-01 3.014713150464672364e-01 -2.999469225400935857e-01 -3.300995176490624239e-01 -3.283446434960341498e-01 2.329156462634190614e-02 2.664011094380282496e-01 2.007540241419309146e-01 -1.506581359274684895e-01 -2.836370702406489780e-02 2.405145641316062399e-01 4.990429407264256878e-01 4.471315196151884885e-01 3.516038804377852930e-03 -1.013084710535511190e-01 2.373460846234670407e-01 3.170996287424029253e-02 3.323118083499433661e-02 -1.224777448213176523e-01 -1.089310364548295648e-02 1.508138296474376694e-01 -3.443941992964776877e-01 -1.729014036613623628e-01 -9.922241485931404537e-03 -8.211835684032046945e-02 -1.731667966833453504e-02 -1.633413284588923764e-01 -2.979823349086652140e-01 -1.887273362573750612e-01 -6.723833714432618514e-02 7.879515925178818270e-01 -3.099295461476523350e-01 -3.337137863777241975e-01 -3.537667273386368993e-01 -3.175608350736547902e-01 1.474914237589984578e-01 -3.858208593283400933e-01 -3.285656335953720530e-01 -9.201354960666681404e-02 -3.599986896360120314e-02 1.295943983161642887e-01 4.052059553917711776e-01 4.038252520991839623e-01 1.268211976523027362e-01 -1.025846881196071543e-02 -2.302959426591899006e-01 -3.533784364050077120e-01 -2.743476827717190591e-01 -1.073862652829039449e-01 1.494553070057106359e-01 -3.899794669108122558e-01 2.637168378696208570e-01 2.609705546267453435e-01 -2.073113242898888264e-01 -4.215671928279499658e-01 -9.076837271139778784e-02 -1.567989074142772943e-01 -3.057997190961411205e-01 -8.179271393605365426e-02 -2.076217796518841641e-01 -1.768276551842023481e-01 -9.674456551603589916e-02 -2.938773981723815099e-01 5.156546107025110695e-03 -3.071091507619238548e-01
