1.000000000000000000e+00 6.333442835243441316e-01 6.333442789465437706e-01 6.333442817398894364e-01 6.333442814174002899e-01 6.333442728066523975e-01 6.333442765197941915e-01 6.333442789894352387e-01 6.333442805195306224e-01 6.333442769831610919e-01 6.333442816772774098e-01 6.333442791002894534e-01 6.333442814820641198e-01 6.333442797045080175e-01 6.333442708665927290e-01 6.333442743641469752e-01 6.333442685401076133e-01 6.333442764637986500e-01 6.333442810781285681e-01 6.333442745364127324e-01 6.333442858358159233e-01 6.333442755995732920e-01 6.333442775778398426e-01 6.333442743997310664e-01 6.333442786012054571e-01 6.333442793227088696e-01 6.333442820980180743e-01 6.333442817246407452e-01 6.333442844516852244e-01 6.333442798343973390e-01 6.333442727704760022e-01 6.333442744941060187e-01 6.333442764130887692e-01 6.333442775269869651e-01 6.333442742050199303e-01 6.333442805712073964e-01 6.333442725262912187e-01 6.333442806049153218e-01 6.333442815846579421e-01 6.333442707366739866e-01 6.333442761629825002e-01 6.333442743111173945e-01 6.333442789584270427e-01 6.333442780497459124e-01 6.333442843982933779e-01 6.333442778516592542e-01 6.333442836195289916e-01 6.333442754062820201e-01 6.333442800478515933e-01 6.333442797724107010e-01 6.333442783769511752e-01 6.333442811078664469e-01 6.333442831713641530e-01 6.333442847237995554e-01 6.333442773558182193e-01 6.333442807313711675e-01 6.333442809283098551e-01 6.333442826029730410e-01 6.333442817610376308e-01 6.333442835758266165e-01 6.333442797832138371e-01 6.333442771547691530e-01 6.333442675624615381e-01 6.333442772974181567e-01 6.333442787225871395e-01 6.333442800034133624e-01 6.333442768682275847e-01 6.333442717005709488e-01 6.333442852603521356e-01 6.333442783854769109e-01 6.333442733539785818e-01 6.333442810544726020e-01 6.333442811878674528e-01 6.333442802782118797e-01 6.333442768772840070e-01 6.333442828917756895e-01 6.333442835853395625e-01 6.333442713516310718e-01 6.333442784613794174e-01 6.333442766856821615e-01 6.333442821612260687e-01 6.333442835150747685e-01 6.333442792537121724e-01 6.333442809083968950e-01 6.333442773949383708e-01 6.333442791052915632e-01 6.333442845271920474e-01 6.333442833731895982e-01 6.333442711536426684e-01 6.333442776066370294e-01 6.333442647951413873e-01 6.333442665330888399e-01 6.333442781667610877e-01 6.333442733083611831e-01 6.333442791827778029e-01 6.333442775533769664e-01 6.333442803424276235e-01 6.333442755929630241e-01 6.333442729893223877e-01 6.333442817990476703e-01
6.333442835243441316e-01 1.000000000000000000e+00 6.333442814812143551e-01 6.333442831598368183e-01 6.333442821171387793e-01 6.333442819608932073e-01 6.333442716264205963e-01 6.333442788316714367e-01 6.333442801130632072e-01 6.333442791888655998e-01 6.333442838489664606e-01 6.333442845340193639e-01 6.333442809564155951e-01 6.333442835722665754e-01 6.333442785650439388e-01 6.333442761191502290e-01 6.333442668660015373e-01 6.333442793316763630e-01 6.333442829374041905e-01 6.333442723120931150e-01 6.333442846989177921e-01 6.333442819102211852e-01 6.333442736576344601e-01 6.333442686214213468e-01 6.333442780672927652e-01 6.333442794271036957e-01 6.333442798824542308e-01 6.333442792476822181e-01 6.333442802225492940e-01 6.333442817700309924e-01 6.333442803740818583e-01 6.333442751465860887e-01 6.333442821847362625e-01 6.333442762432210937e-01 6.333442773170614437e-01 6.333442803526507792e-01 6.333442680691859783e-01 6.333442848154731131e-01 6.333442836907289264e-01 6.333442747613180490e-01 6.333442791069983091e-01 6.333442711157214466e-01 6.333442825187473035e-01 6.333442764921878299e-01 6.333442822382643334e-01 6.333442807117131146e-01 6.333442797841841720e-01 6.333442768318253702e-01 6.333442763274953480e-01 6.333442830398438028e-01 6.333442800291899655e-01 6.333442820101117254e-01 6.333442849031234445e-01 6.333442815399187298e-01 6.333442780743552269e-01 6.333442751249882541e-01 6.333442846759026468e-01 6.333442826914960078e-01 6.333442793013380756e-01 6.333442838445135781e-01 6.333442774916377971e-01 6.333442791978257658e-01 6.333442700397591274e-01 6.333442790611619744e-01 6.333442758550799079e-01 6.333442777980589078e-01 6.333442692092268178e-01 6.333442711658988644e-01 6.333442852414842283e-01 6.333442771713848618e-01 6.333442740706497487e-01 6.333442747700990250e-01 6.333442790466085048e-01 6.333442774220900962e-01 6.333442719920033825e-01 6.333442848427279781e-01 6.333442831889020130e-01 6.333442740465430321e-01 6.333442749369860847e-01 6.333442806303224426e-01 6.333442819045170813e-01 6.333442790952069634e-01 6.333442781771193575e-01 6.333442787399516938e-01 6.333442730310104851e-01 6.333442797451706019e-01 6.333442835983850161e-01 6.333442791801157101e-01 6.333442746162299963e-01 6.333442750150729550e-01 6.333442648625553506e-01 6.333442744993214024e-01 6.333442764163387251e-01 6.333442759269690692e-01 6.333442811754239621e-01 6.333442756596138201e-01 6.333442785353275983e-01 6.333442799586989080e-01 6.333442679538919817e-01 6.333442853368927983e-01
6.333442789465437706e-01 6.333442814812143551e-01 1.000000000000000000e+00 6.333442821478046936e-01 6.333442748481215023e-01 6.333442785357493721e-01 6.333442669282312032e-01 6.333442662404200618e-01 6.333442802149807926e-01 6.333442640504636234e-01 6.333442796883621551e-01 6.333442766410048996e-01 6.333442712500177985e-01 6.333442786215709441e-01 6.333442832178394211e-01 6.333442647278321180e-01 6.333442497802688198e-01 6.333442778473103996e-01 6.333442720840209983e-01 6.333442549476343553e-01 6.333442827626454275e-01 6.333442690980851664e-01 6.333442653052562266e-01 6.333442550757066858e-01 6.333442766766675946e-01 6.333442714491176462e-01 6.333442681098814253e-01 6.333442792492192108e-01 6.333442809373147631e-01 6.333442800787471016e-01 6.333442773242122792e-01 6.333442800673326767e-01 6.333442776938370544e-01 6.333442627150950299e-01 6.333442713083669018e-01 6.333442708943736177e-01 6.333442532655707558e-01 6.333442830898365905e-01 6.333442767264723106e-01 6.333442781700087121e-01 6.333442723330040547e-01 6.333442588660073147e-01 6.333442805592748304e-01 6.333442687655027603e-01 6.333442761968691714e-01 6.333442715264370193e-01 6.333442718187953790e-01 6.333442758004679263e-01 6.333442783373703922e-01 6.333442853650330662e-01 6.333442828770843303e-01 6.333442740816825900e-01 6.333442804100767320e-01 6.333442767233948834e-01 6.333442763046055468e-01 6.333442628792684825e-01 6.333442773015968141e-01 6.333442755474011365e-01 6.333442706343220818e-01 6.333442816462602210e-01 6.333442629722747519e-01 6.333442827579834900e-01 6.333442602159381485e-01 6.333442730127207820e-01 6.333442737168141212e-01 6.333442758762624081e-01 6.333442517994405385e-01 6.333442804180956509e-01 6.333442784288415561e-01 6.333442644125790721e-01 6.333442616865412322e-01 6.333442608195638535e-01 6.333442718934644278e-01 6.333442720056913222e-01 6.333442622900163910e-01 6.333442770632399244e-01 6.333442754524418739e-01 6.333442705074283641e-01 6.333442750816917766e-01 6.333442843727727922e-01 6.333442736203215295e-01 6.333442739307132419e-01 6.333442737566749026e-01 6.333442760020682183e-01 6.333442630496152193e-01 6.333442687971598817e-01 6.333442765452864665e-01 6.333442761383545339e-01 6.333442825496815587e-01 6.333442699966985723e-01 6.333442761673552246e-01 6.333442801926435495e-01 6.333442680071207365e-01 6.333442721298117029e-01 6.333442826383813840e-01 6.333442687027626139e-01 6.333442676712230934e-01 6.333442729911276103e-01 6.333442582735865356e-01 6.333442794642148987e-01
6.333442817398894364e-01 6.333442831598368183e-01 6.333442821478046936e-01 1.000000000000000000e+00 6.333442843099903463e-01 6.333442808636360333e-01 6.333442705560883290e-01 6.333442785938553365e-01 6.333442825309436586e-01 6.333442748556993296e-01 6.333442836196990777e-01 6.333442790011171164e-01 6.333442781182044845e-01 6.333442828010362735e-01 6.333442809673042184e-01 6.333442794100579976e-01 6.333442652400633754e-01 6.333442825408781562e-01 6.333442772553690148e-01 6.333442678355584166e-01 6.333442820303685217e-01 6.333442761176985014e-01 6.333442735014035430e-01 6.333442673096274511e-01 6.333442825754903582e-01 6.333442798803655682e-01 6.333442767200305745e-01 6.333442827936066610e-01 6.333442815665423220e-01 6.333442839155607462e-01 6.333442828743144348e-01 6.333442793942115623e-01 6.333442808904473642e-01 6.333442713665371482e-01 6.333442803121451803e-01 6.333442807839538835e-01 6.333442662139394663e-01 6.333442832089956065e-01 6.333442800354928126e-01 6.333442767819885688e-01 6.333442768246905219e-01 6.333442692088638859e-01 6.333442829043079980e-01 6.333442791941004124e-01 6.333442814658463149e-01 6.333442772954982480e-01 6.333442787981463651e-01 6.333442761220310357e-01 6.333442827141413378e-01 6.333442823865883531e-01 6.333442841407739277e-01 6.333442766326331519e-01 6.333442818816619191e-01 6.333442819751237129e-01 6.333442797381569900e-01 6.333442726437918946e-01 6.333442816314526214e-01 6.333442829434069443e-01 6.333442788552973157e-01 6.333442821685880686e-01 6.333442745156082632e-01 6.333442837730743902e-01 6.333442708872277782e-01 6.333442827373937378e-01 6.333442764904210209e-01 6.333442825915305274e-01 6.333442636134383186e-01 6.333442796791649565e-01 6.333442838217622217e-01 6.333442742571571138e-01 6.333442723223168258e-01 6.333442734448351263e-01 6.333442798252942874e-01 6.333442797519063250e-01 6.333442750759272766e-01 6.333442791031916874e-01 6.333442821057851946e-01 6.333442807773446148e-01 6.333442821753552110e-01 6.333442828922554169e-01 6.333442796460039270e-01 6.333442753882092546e-01 6.333442809919400673e-01 6.333442743382525775e-01 6.333442724047576577e-01 6.333442764999066554e-01 6.333442830877151764e-01 6.333442829599311708e-01 6.333442810635148135e-01 6.333442815518670610e-01 6.333442730072176285e-01 6.333442809812002139e-01 6.333442782045730635e-01 6.333442755041874817e-01 6.333442810214366947e-01 6.333442820635355464e-01 6.333442798812242147e-01 6.333442792259715848e-01 6.333442651325744688e-01 6.333442813678923367e-01
6.333442814174002899e-01 6.333442821171387793e-01 6.333442748481215023e-01 6.333442843099903463e-01 1.000000000000000000e+00 6.333442768699015790e-01 6.333442725262630191e-01 6.333442833098652525e-01 6.333442795724836261e-01 6.333442817770276179e-01 6.333442846583707819e-01 6.333442812470925221e-01 6.333442832847402393e-01 6.333442809387643813e-01 6.333442742237133105e-01 6.333442816980323631e-01 6.333442678346256072e-01 6.333442794159482858e-01 6.333442784534984993e-01 6.333442731906456791e-01 6.333442792119063913e-01 6.333442783723368663e-01 6.333442774453442725e-01 6.333442737372493303e-01 6.333442828246849121e-01 6.333442812565330815e-01 6.333442811566281083e-01 6.333442831090175806e-01 6.333442771013463313e-01 6.333442834930393950e-01 6.333442807257004814e-01 6.333442721313720103e-01 6.333442780704018338e-01 6.333442794341743731e-01 6.333442803112525610e-01 6.333442841276543112e-01 6.333442760099268209e-01 6.333442816968402056e-01 6.333442813801865023e-01 6.333442747501156767e-01 6.333442772664942266e-01 6.333442758588894161e-01 6.333442816675453058e-01 6.333442821655829169e-01 6.333442835781679658e-01 6.333442772325859060e-01 6.333442805184825719e-01 6.333442727834660557e-01 6.333442797228254761e-01 6.333442780127720440e-01 6.333442814007823607e-01 6.333442753610664111e-01 6.333442811478806611e-01 6.333442823176342884e-01 6.333442798186126321e-01 6.333442798712989319e-01 6.333442827545249232e-01 6.333442837942331316e-01 6.333442799100319487e-01 6.333442812434352254e-01 6.333442812485496898e-01 6.333442784022352834e-01 6.333442799734523287e-01 6.333442834243422359e-01 6.333442761318422987e-01 6.333442841631146125e-01 6.333442716825840035e-01 6.333442726118390098e-01 6.333442849158127386e-01 6.333442811399795369e-01 6.333442761743620641e-01 6.333442801363936558e-01 6.333442839889553699e-01 6.333442815079415311e-01 6.333442779595642724e-01 6.333442812567213753e-01 6.333442847885454308e-01 6.333442799323737438e-01 6.333442792754826467e-01 6.333442771194687237e-01 6.333442828234839839e-01 6.333442775442207351e-01 6.333442816878894766e-01 6.333442754768583427e-01 6.333442792942437505e-01 6.333442829948208175e-01 6.333442850300209370e-01 6.333442807043144773e-01 6.333442722748136022e-01 6.333442850131077995e-01 6.333442661785807504e-01 6.333442738244461356e-01 6.333442789612351298e-01 6.333442745469874957e-01 6.333442785757036342e-01 6.333442852221259356e-01 6.333442842395342609e-01 6.333442804054518760e-01 6.333442678042510154e-01 6.333442807681313180e-01
6.333442728066523975e-01 6.333442819608932073e-01 6.333442785357493721e-01 6.333442808636360333e-01 6.333442768699015790e-01 1.000000000000000000e+00 6.333442617865525648e-01 6.333442698427445006e-01 6.333442788641591159e-01 6.333442687709351926e-01 6.333442804344634469e-01 6.333442786201097796e-01 6.333442707363060586e-01 6.333442800023380004e-01 6.333442823484755069e-01 6.333442726142549661e-01 6.333442621844329601e-01 6.333442727563376451e-01 6.333442756297649190e-01 6.333442617558099341e-01 6.333442751321256559e-01 6.333442759830109070e-01 6.333442642863473804e-01 6.333442551736571113e-01 6.333442761308973878e-01 6.333442724941942270e-01 6.333442702107692224e-01 6.333442714851778010e-01 6.333442733473129138e-01 6.333442796166713906e-01 6.333442837921252622e-01 6.333442749975762842e-01 6.333442811108100923e-01 6.333442623542784311e-01 6.333442777619880948e-01 6.333442767721780831e-01 6.333442581580320807e-01 6.333442830240876287e-01 6.333442780227341862e-01 6.333442711696550820e-01 6.333442678234941781e-01 6.333442588313740185e-01 6.333442828669536562e-01 6.333442728644437247e-01 6.333442740231381984e-01 6.333442764172568795e-01 6.333442719133651755e-01 6.333442713362129606e-01 6.333442721483620863e-01 6.333442784414416993e-01 6.333442781625353568e-01 6.333442782073344102e-01 6.333442794678763033e-01 6.333442756992546663e-01 6.333442730521218200e-01 6.333442591344604633e-01 6.333442798836608212e-01 6.333442799197053219e-01 6.333442721590686331e-01 6.333442765225985038e-01 6.333442692888220371e-01 6.333442808858731343e-01 6.333442633319250614e-01 6.333442772782154062e-01 6.333442708930718812e-01 6.333442733824822257e-01 6.333442515898033420e-01 6.333442705894257729e-01 6.333442762415224525e-01 6.333442660965884485e-01 6.333442667100633860e-01 6.333442604224468475e-01 6.333442701123169760e-01 6.333442739146354361e-01 6.333442615132994780e-01 6.333442776946116570e-01 6.333442778659160721e-01 6.333442724797622159e-01 6.333442716389134919e-01 6.333442796402777297e-01 6.333442713698005377e-01 6.333442684110273113e-01 6.333442749508665370e-01 6.333442673224309871e-01 6.333442587723030481e-01 6.333442694493243152e-01 6.333442755237421729e-01 6.333442734320143819e-01 6.333442781786704501e-01 6.333442698357210077e-01 6.333442642832556313e-01 6.333442806765842148e-01 6.333442717365876939e-01 6.333442763407841625e-01 6.333442778601798828e-01 6.333442719988021663e-01 6.333442714560538755e-01 6.333442783888613148e-01 6.333442574177673423e-01 6.333442820962305042e-01
6.333442765197941915e-01 6.333442716264205963e-01 6.333442669282312032e-01 6.333442705560883290e-01 6.333442725262630191e-01 6.333442617865525648e-01 1.000000000000000000e+00 6.333442654775187641e-01 6.333442658614883980e-01 6.333442682117338407e-01 6.333442775001256742e-01 6.333442696309486974e-01 6.333442795611320397e-01 6.333442585597058860e-01 6.333442645116397207e-01 6.333442630193809597e-01 6.333442659795924801e-01 6.333442624775422747e-01 6.333442781028094659e-01 6.333442713370128763e-01 6.333442726678497614e-01 6.333442703828979781e-01 6.333442718409443284e-01 6.333442790303288605e-01 6.333442655777816732e-01 6.333442766074576236e-01 6.333442767183803390e-01 6.333442741026497069e-01 6.333442717360264762e-01 6.333442681994425616e-01 6.333442572412139038e-01 6.333442678444066720e-01 6.333442559271036387e-01 6.333442773251516389e-01 6.333442735217510444e-01 6.333442698663265258e-01 6.333442779940792189e-01 6.333442703069250834e-01 6.333442738733063848e-01 6.333442521059314823e-01 6.333442682856534889e-01 6.333442647516831503e-01 6.333442683993180111e-01 6.333442641639638326e-01 6.333442737001344636e-01 6.333442718413240247e-01 6.333442801045229276e-01 6.333442684608779905e-01 6.333442650181994038e-01 6.333442697714560810e-01 6.333442709628486211e-01 6.333442759607543771e-01 6.333442709929757442e-01 6.333442780455588172e-01 6.333442652939633710e-01 6.333442738140507844e-01 6.333442683105224846e-01 6.333442717170866265e-01 6.333442688106861729e-01 6.333442810759952746e-01 6.333442744649639966e-01 6.333442693566908588e-01 6.333442612986254217e-01 6.333442666562696388e-01 6.333442659585545309e-01 6.333442762422131223e-01 6.333442739666402810e-01 6.333442583563373418e-01 6.333442742421062643e-01 6.333442803859407055e-01 6.333442790004614187e-01 6.333442700443259188e-01 6.333442672757516601e-01 6.333442725265160389e-01 6.333442701523377405e-01 6.333442756142844132e-01 6.333442762631505962e-01 6.333442583701943684e-01 6.333442597172467270e-01 6.333442679170930845e-01 6.333442696351001544e-01 6.333442763634777872e-01 6.333442707551267814e-01 6.333442752312785640e-01 6.333442626680084730e-01 6.333442664164071756e-01 6.333442756909096749e-01 6.333442779109371701e-01 6.333442543313750894e-01 6.333442689640476075e-01 6.333442448922765866e-01 6.333442563742998077e-01 6.333442650749910863e-01 6.333442529915974673e-01 6.333442676651178660e-01 6.333442724490400133e-01 6.333442745201715018e-01 6.333442728712654901e-01 6.333442703988076961e-01 6.333442687824162309e-01
6.333442789894352387e-01 6.333442788316714367e-01 6.333442662404200618e-01 6.333442785938553365e-01 6.333442833098652525e-01 6.333442698427445006e-01 6.333442654775187641e-01 1.000000000000000000e+00 6.333442736289935926e-01 6.333442818294234833e-01 6.333442779957001445e-01 6.333442780235210012e-01 6.333442806674600689e-01 6.333442799922229804e-01 6.333442619362197323e-01 6.333442842534895423e-01 6.333442730449043712e-01 6.333442752118106922e-01 6.333442781695841628e-01 6.333442794343381310e-01 6.333442750838456092e-01 6.333442775883839637e-01 6.333442786132021940e-01 6.333442763235173079e-01 6.333442748650903731e-01 6.333442788681692415e-01 6.333442833330747979e-01 6.333442759686841450e-01 6.333442733930314539e-01 6.333442753190112740e-01 6.333442754645517425e-01 6.333442589892297470e-01 6.333442782248792646e-01 6.333442793040701124e-01 6.333442754073774772e-01 6.333442811800030769e-01 6.333442736019287977e-01 6.333442735167221782e-01 6.333442798677134666e-01 6.333442630882638591e-01 6.333442763237141504e-01 6.333442822625582336e-01 6.333442748897104568e-01 6.333442815936863868e-01 6.333442778218489888e-01 6.333442773997203235e-01 6.333442795264531133e-01 6.333442730707441459e-01 6.333442752152939059e-01 6.333442697515598852e-01 6.333442698504273549e-01 6.333442720801037984e-01 6.333442760171101860e-01 6.333442782604374877e-01 6.333442681633941751e-01 6.333442822881405476e-01 6.333442796039177036e-01 6.333442807092727334e-01 6.333442831276938634e-01 6.333442755356611942e-01 6.333442817407100023e-01 6.333442665074358047e-01 6.333442760247091075e-01 6.333442829241069383e-01 6.333442664095429997e-01 6.333442773718159780e-01 6.333442756648878236e-01 6.333442590039245479e-01 6.333442830780401378e-01 6.333442798987901634e-01 6.333442750872001481e-01 6.333442822159360830e-01 6.333442826973584294e-01 6.333442774500135375e-01 6.333442815061691711e-01 6.333442762805862047e-01 6.333442795068588982e-01 6.333442790754812979e-01 6.333442761101153451e-01 6.333442653291739832e-01 6.333442825879276317e-01 6.333442712528469798e-01 6.333442802306875619e-01 6.333442689950389282e-01 6.333442814049236036e-01 6.333442835120702830e-01 6.333442816352774507e-01 6.333442769285545504e-01 6.333442603846926033e-01 6.333442800444705201e-01 6.333442512570812699e-01 6.333442616419298066e-01 6.333442767754390301e-01 6.333442716697642583e-01 6.333442670686731946e-01 6.333442808586532413e-01 6.333442848477707221e-01 6.333442762442978990e-01 6.333442724837629045e-01 6.333442744149193615e-01
6.333442805195306224e-01 6.333442801130632072e-01 6.333442802149807926e-01 6.333442825309436586e-01 6.333442795724836261e-01 6.333442788641591159e-01 6.333442658614883980e-01 6.333442736289935926e-01 1.000000000000000000e+00 6.333442661082661074e-01 6.333442814196759141e-01 6.333442763966777855e-01 6.333442724815060432e-01 6.333442806224677257e-01 6.333442756034235455e-01 6.333442714512272920e-01 6.333442605288771565e-01 6.333442711230119482e-01 6.333442719528289411e-01 6.333442633777537356e-01 6.333442797465690388e-01 6.333442662914617882e-01 6.333442754328152402e-01 6.333442610917829896e-01 6.333442848643331402e-01 6.333442730046922042e-01 6.333442754039352307e-01 6.333442806672719971e-01 6.333442837865075337e-01 6.333442839849888761e-01 6.333442807377202000e-01 6.333442743471934255e-01 6.333442799514502619e-01 6.333442649145745174e-01 6.333442755568002847e-01 6.333442823195589710e-01 6.333442640161043302e-01 6.333442827894965044e-01 6.333442803425070045e-01 6.333442750510052122e-01 6.333442627479232145e-01 6.333442693183276573e-01 6.333442852823053526e-01 6.333442824972373986e-01 6.333442802634043911e-01 6.333442746817136149e-01 6.333442779948122991e-01 6.333442746892250508e-01 6.333442849704501443e-01 6.333442774303220668e-01 6.333442809814949781e-01 6.333442772384727526e-01 6.333442824219075451e-01 6.333442836188406533e-01 6.333442760162658614e-01 6.333442688017509870e-01 6.333442780814668716e-01 6.333442843177143899e-01 6.333442792220854711e-01 6.333442780925572224e-01 6.333442746142233792e-01 6.333442825250864550e-01 6.333442679552209187e-01 6.333442804590266872e-01 6.333442791131803640e-01 6.333442814966844248e-01 6.333442598623537645e-01 6.333442787496181836e-01 6.333442790533495570e-01 6.333442671709851313e-01 6.333442609012716051e-01 6.333442704685739999e-01 6.333442806119652380e-01 6.333442838935713359e-01 6.333442700977872653e-01 6.333442786659567725e-01 6.333442816218101123e-01 6.333442751062645648e-01 6.333442837516106705e-01 6.333442768515877841e-01 6.333442771990815956e-01 6.333442788394754164e-01 6.333442829111343153e-01 6.333442726309012061e-01 6.333442725940792162e-01 6.333442750619284745e-01 6.333442785019394172e-01 6.333442797760063803e-01 6.333442807790464757e-01 6.333442781674657462e-01 6.333442753269760139e-01 6.333442747590984911e-01 6.333442747925961402e-01 6.333442822214914170e-01 6.333442814092845596e-01 6.333442773747173238e-01 6.333442764174449513e-01 6.333442762487846434e-01 6.333442678862143405e-01 6.333442815513907753e-01
6.333442769831610919e-01 6.333442791888655998e-01 6.333442640504636234e-01 6.333442748556993296e-01 6.333442817770276179e-01 6.333442687709351926e-01 6.333442682117338407e-01 6.333442818294234833e-01 6.333442661082661074e-01 1.000000000000000000e+00 6.333442776581154066e-01 6.333442784128799907e-01 6.333442837212893695e-01 6.333442762642995660e-01 6.333442628204256630e-01 6.333442787999644663e-01 6.333442674488735102e-01 6.333442736215317836e-01 6.333442787898004855e-01 6.333442743706579892e-01 6.333442744874787644e-01 6.333442808795698431e-01 6.333442682525259881e-01 6.333442726895172070e-01 6.333442698934347304e-01 6.333442753564864081e-01 6.333442791660967019e-01 6.333442723688501585e-01 6.333442657352046368e-01 6.333442723113789086e-01 6.333442699747084959e-01 6.333442625153339334e-01 6.333442721396405073e-01 6.333442818172440036e-01 6.333442698438350726e-01 6.333442766009647062e-01 6.333442761464008752e-01 6.333442743815392850e-01 6.333442753108950996e-01 6.333442648692876320e-01 6.333442801119787413e-01 6.333442721910016449e-01 6.333442706325635996e-01 6.333442723666570240e-01 6.333442798743411650e-01 6.333442714562834697e-01 6.333442763273783305e-01 6.333442622202406502e-01 6.333442647173348483e-01 6.333442721864519509e-01 6.333442696770900104e-01 6.333442719549126076e-01 6.333442739797481291e-01 6.333442737230384756e-01 6.333442737952328372e-01 6.333442812169551850e-01 6.333442820360074554e-01 6.333442761174846725e-01 6.333442751781948044e-01 6.333442757664660139e-01 6.333442798884763025e-01 6.333442641637787585e-01 6.333442749499108571e-01 6.333442735953659364e-01 6.333442693761013320e-01 6.333442730231590989e-01 6.333442763749856930e-01 6.333442539665529170e-01 6.333442818186419965e-01 6.333442823409444200e-01 6.333442787814770325e-01 6.333442807100145844e-01 6.333442767892883962e-01 6.333442698218096911e-01 6.333442710278769372e-01 6.333442783728880920e-01 6.333442799970369075e-01 6.333442675550527978e-01 6.333442653244067966e-01 6.333442683175355414e-01 6.333442783982612401e-01 6.333442714855629374e-01 6.333442700679511317e-01 6.333442749759899959e-01 6.333442745452063649e-01 6.333442818142598352e-01 6.333442830448354766e-01 6.333442713289687553e-01 6.333442553771279071e-01 6.333442763846242052e-01 6.333442469945542719e-01 6.333442602125958221e-01 6.333442768742250095e-01 6.333442654280566630e-01 6.333442687951593708e-01 6.333442763146347465e-01 6.333442792237535812e-01 6.333442718932422721e-01 6.333442600278220702e-01 6.333442761037516577e-01
6.333442816772774098e-01 6.333442838489664606e-01 6.333442796883621551e-01 6.333442836196990777e-01 6.333442846583707819e-01 6.333442804344634469e-01 6.333442775001256742e-01 6.333442779957001445e-01 6.333442814196759141e-01 6.333442776581154066e-01 1.000000000000000000e+00 6.333442836883791394e-01 6.333442833165043861e-01 6.333442789418568530e-01 6.333442796717509982e-01 6.333442757986139648e-01 6.333442651703473647e-01 6.333442764238637057e-01 6.333442805110229834e-01 6.333442710654422214e-01 6.333442807199705094e-01 6.333442785010079401e-01 6.333442777041625726e-01 6.333442724920622657e-01 6.333442823297565916e-01 6.333442809024157905e-01 6.333442807492728477e-01 6.333442835414024863e-01 6.333442789724055277e-01 6.333442844402945582e-01 6.333442807494651383e-01 6.333442751318861808e-01 6.333442777297978443e-01 6.333442787683402075e-01 6.333442817344284714e-01 6.333442826921762414e-01 6.333442754528646468e-01 6.333442851905238813e-01 6.333442842495617953e-01 6.333442753599773933e-01 6.333442752827342925e-01 6.333442733657429491e-01 6.333442848736257069e-01 6.333442796525962093e-01 6.333442826247284163e-01 6.333442793873511611e-01 6.333442812484815221e-01 6.333442770205565120e-01 6.333442789041729970e-01 6.333442814665902754e-01 6.333442836878134807e-01 6.333442795759712807e-01 6.333442834553004719e-01 6.333442837030117678e-01 6.333442790046377446e-01 6.333442763513654761e-01 6.333442825258507325e-01 6.333442836357061623e-01 6.333442779959940205e-01 6.333442850793288281e-01 6.333442797052395434e-01 6.333442817920477141e-01 6.333442778429242415e-01 6.333442816449372792e-01 6.333442765742672842e-01 6.333442846893986289e-01 6.333442684381234145e-01 6.333442743345947257e-01 6.333442836531741893e-01 6.333442805539912790e-01 6.333442759435122804e-01 6.333442743663870722e-01 6.333442814266503351e-01 6.333442821315288240e-01 6.333442738129101413e-01 6.333442843349256224e-01 6.333442850501089794e-01 6.333442764796027857e-01 6.333442759995338012e-01 6.333442802156016294e-01 6.333442813625257406e-01 6.333442804125631875e-01 6.333442822030691532e-01 6.333442788508123478e-01 6.333442750087440176e-01 6.333442807399382035e-01 6.333442835040611341e-01 6.333442803952141764e-01 6.333442747054492949e-01 6.333442808842363325e-01 6.333442676829934559e-01 6.333442764391875590e-01 6.333442748211064455e-01 6.333442752802763698e-01 6.333442820524016748e-01 6.333442815009848736e-01 6.333442814574639090e-01 6.333442831480196045e-01 6.333442701094094129e-01 6.333442828579507466e-01
6.333442791002894534e-01 6.333442845340193639e-01 6.333442766410048996e-01 6.333442790011171164e-01 6.333442812470925221e-01 6.333442786201097796e-01 6.333442696309486974e-01 6.333442780235210012e-01 6.333442763966777855e-01 6.333442784128799907e-01 6.333442836883791394e-01 1.000000000000000000e+00 6.333442807192843915e-01 6.333442789158226782e-01 6.333442753446488771e-01 6.333442721886295423e-01 6.333442606339003689e-01 6.333442765390888685e-01 6.333442805739274428e-01 6.333442711307464279e-01 6.333442800291403385e-01 6.333442818245978989e-01 6.333442765084124071e-01 6.333442691450014150e-01 6.333442766844388228e-01 6.333442799775421683e-01 6.333442790644040477e-01 6.333442793717782848e-01 6.333442744432976612e-01 6.333442816288833432e-01 6.333442796827050136e-01 6.333442652165176545e-01 6.333442781255995691e-01 6.333442794688290967e-01 6.333442780301126174e-01 6.333442795823349680e-01 6.333442684081574958e-01 6.333442829387773143e-01 6.333442850022881210e-01 6.333442739834322932e-01 6.333442767305482723e-01 6.333442739562555879e-01 6.333442816881518223e-01 6.333442752987128443e-01 6.333442783695066858e-01 6.333442810267615464e-01 6.333442753940563552e-01 6.333442774022663979e-01 6.333442722462434560e-01 6.333442785111003115e-01 6.333442780026938834e-01 6.333442767239068072e-01 6.333442841585859018e-01 6.333442783636384910e-01 6.333442743641770623e-01 6.333442744470542118e-01 6.333442809312301858e-01 6.333442796654568108e-01 6.333442745638360183e-01 6.333442822751932377e-01 6.333442766435395388e-01 6.333442749980565667e-01 6.333442770040105252e-01 6.333442785485857707e-01 6.333442686278359934e-01 6.333442772882725835e-01 6.333442667092703537e-01 6.333442671484472708e-01 6.333442833046470932e-01 6.333442783938536547e-01 6.333442711622193633e-01 6.333442718649883174e-01 6.333442801742295014e-01 6.333442762864247566e-01 6.333442715876003160e-01 6.333442850822970094e-01 6.333442809909217708e-01 6.333442747939408424e-01 6.333442690062691671e-01 6.333442753357404476e-01 6.333442838276953646e-01 6.333442778871917200e-01 6.333442776830096044e-01 6.333442744417726589e-01 6.333442762471038767e-01 6.333442819856359707e-01 6.333442795930550595e-01 6.333442734121084161e-01 6.333442684594671190e-01 6.333442731558041050e-01 6.333442609308088667e-01 6.333442702418616843e-01 6.333442672263958073e-01 6.333442712643623240e-01 6.333442791207237743e-01 6.333442741672870024e-01 6.333442781508937802e-01 6.333442829071901370e-01 6.333442693155195702e-01 6.333442825001639465e-01
6.333442814820641198e-01 6.333442809564155951e-01 6.333442712500177985e-01 6.333442781182044845e-01 6.333442832847402393e-01 6.333442707363060586e-01 6.333442795611320397e-01 6.333442806674600689e-01 6.333442724815060432e-01 6.333442837212893695e-01 6.333442833165043861e-01 6.333442807192843915e-01 1.000000000000000000e+00 6.333442750755533535e-01 6.333442688383984498e-01 6.333442768963037928e-01 6.333442684031947989e-01 6.333442733629579546e-01 6.333442817429032479e-01 6.333442761924165110e-01 6.333442783463810732e-01 6.333442795428277927e-01 6.333442759533717270e-01 6.333442788857316375e-01 6.333442746660785660e-01 6.333442793034210760e-01 6.333442833151786688e-01 6.333442794041425072e-01 6.333442733578434902e-01 6.333442766238702726e-01 6.333442710685279753e-01 6.333442681827028409e-01 6.333442722446123163e-01 6.333442849066251989e-01 6.333442754513667339e-01 6.333442789758759739e-01 6.333442815687951866e-01 6.333442786880915110e-01 6.333442807563268717e-01 6.333442670621604043e-01 6.333442794545305343e-01 6.333442766439871807e-01 6.333442763582183277e-01 6.333442757971480264e-01 6.333442821864710970e-01 6.333442755564286930e-01 6.333442824149773109e-01 6.333442714684461849e-01 6.333442717399192512e-01 6.333442770143438150e-01 6.333442759521346055e-01 6.333442768150787661e-01 6.333442777312067173e-01 6.333442804357526379e-01 6.333442748871265238e-01 6.333442837857713448e-01 6.333442820005781293e-01 6.333442793961747697e-01 6.333442782746637745e-01 6.333442830796514045e-01 6.333442823425284862e-01 6.333442710551822064e-01 6.333442775413034020e-01 6.333442770459696280e-01 6.333442729440676988e-01 6.333442808192338846e-01 6.333442782657506820e-01 6.333442616833238059e-01 6.333442835064651000e-01 6.333442858796256569e-01 6.333442816596573932e-01 6.333442804503381929e-01 6.333442798429768095e-01 6.333442768084045493e-01 6.333442750710014391e-01 6.333442820706960408e-01 6.333442832328504135e-01 6.333442700906460887e-01 6.333442694093649461e-01 6.333442727519316140e-01 6.333442805650358887e-01 6.333442783923984853e-01 6.333442771534613103e-01 6.333442811098471958e-01 6.333442769580939213e-01 6.333442827140676190e-01 6.333442847914061424e-01 6.333442775398886448e-01 6.333442608813381058e-01 6.333442795468524622e-01 6.333442538394973287e-01 6.333442645061754250e-01 6.333442759986278592e-01 6.333442681954618569e-01 6.333442740015970962e-01 6.333442795690698013e-01 6.333442822203106948e-01 6.333442772788292485e-01 6.333442698164087892e-01 6.333442775992434992e-01
6.333442797045080175e-01 6.333442835722665754e-01 6.333442786215709441e-01 6.333442828010362735e-01 6.333442809387643813e-01 6.333442800023380004e-01 6.333442585597058860e-01 6.333442799922229804e-01 6.333442806224677257e-01 6.333442762642995660e-01 6.333442789418568530e-01 6.333442789158226782e-01 6.333442750755533535e-01 1.000000000000000000e+00 6.333442744950193992e-01 6.333442789339405188e-01 6.333442625071707965e-01 6.333442781983986691e-01 6.333442748023617730e-01 6.333442658985956042e-01 6.333442805500548722e-01 6.333442744553899884e-01 6.333442687534648341e-01 6.333442593863723991e-01 6.333442787587688638e-01 6.333442719838177082e-01 6.333442754421854115e-01 6.333442758209391066e-01 6.333442779056869254e-01 6.333442797833840343e-01 6.333442821765170594e-01 6.333442719749199368e-01 6.333442861019807912e-01 6.333442676997589338e-01 6.333442712534673724e-01 6.333442788675386348e-01 6.333442605891637101e-01 6.333442816423185961e-01 6.333442785123505336e-01 6.333442757449621041e-01 6.333442747950889240e-01 6.333442700747341503e-01 6.333442808277141012e-01 6.333442790056376115e-01 6.333442798027625331e-01 6.333442737098081698e-01 6.333442753060575248e-01 6.333442720385547009e-01 6.333442788392278366e-01 6.333442799817525781e-01 6.333442768369547116e-01 6.333442747635522618e-01 6.333442799783843835e-01 6.333442774961861588e-01 6.333442758601187661e-01 6.333442718823321105e-01 6.333442842171225218e-01 6.333442814802766607e-01 6.333442804355451372e-01 6.333442764549810367e-01 6.333442735048786520e-01 6.333442758356090385e-01 6.333442684309664727e-01 6.333442801167348257e-01 6.333442751174170882e-01 6.333442752838815970e-01 6.333442616158474481e-01 6.333442706413162648e-01 6.333442821569748027e-01 6.333442690678178222e-01 6.333442659026476962e-01 6.333442730207837768e-01 6.333442791572067021e-01 6.333442752383955376e-01 6.333442690367198091e-01 6.333442774905814199e-01 6.333442794230501605e-01 6.333442761473511151e-01 6.333442801797677379e-01 6.333442770748816120e-01 6.333442784970023665e-01 6.333442715042555404e-01 6.333442775064486163e-01 6.333442733819016901e-01 6.333442726672474654e-01 6.333442790327777905e-01 6.333442814521229591e-01 6.333442753248833545e-01 6.333442763984851176e-01 6.333442766614043595e-01 6.333442679251577445e-01 6.333442750178073233e-01 6.333442790183980708e-01 6.333442811892899815e-01 6.333442771546161643e-01 6.333442748338772299e-01 6.333442760381513548e-01 6.333442729547898997e-01 6.333442606442789558e-01 6.333442814980007052e-01
6.333442708665927290e-01 6.333442785650439388e-01 6.333442832178394211e-01 6.333442809673042184e-01 6.333442742237133105e-01 6.333442823484755069e-01 6.333442645116397207e-01 6.333442619362197323e-01 6.333442756034235455e-01 6.333442628204256630e-01 6.333442796717509982e-01 6.333442753446488771e-01 6.333442688383984498e-01 6.333442744950193992e-01 1.000000000000000000e+00 6.333442645696049089e-01 6.333442479026402117e-01 6.333442762425650630e-01 6.333442698064236653e-01 6.333442502701179810e-01 6.333442752901486950e-01 6.333442706540365341e-01 6.333442588997214573e-01 6.333442505006321444e-01 6.333442745702800858e-01 6.333442705606715517e-01 6.333442627150323023e-01 6.333442751895276279e-01 6.333442721774206197e-01 6.333442791248365955e-01 6.333442798210203728e-01 6.333442799675609303e-01 6.333442743583687085e-01 6.333442594430959138e-01 6.333442748021229640e-01 6.333442688844217461e-01 6.333442518817551381e-01 6.333442823023442969e-01 6.333442733070799857e-01 6.333442763175949342e-01 6.333442699844686885e-01 6.333442508000037829e-01 6.333442798579042021e-01 6.333442646024993739e-01 6.333442716304388265e-01 6.333442697227196216e-01 6.333442665318311793e-01 6.333442705572595033e-01 6.333442717660213717e-01 6.333442828177445749e-01 6.333442830767062048e-01 6.333442708964137635e-01 6.333442765359719173e-01 6.333442718421073980e-01 6.333442754229294813e-01 6.333442547148896429e-01 6.333442753756409749e-01 6.333442728836607971e-01 6.333442634607880928e-01 6.333442786038775418e-01 6.333442593957212541e-01 6.333442835528551029e-01 6.333442612806350347e-01 6.333442719864479376e-01 6.333442689652124535e-01 6.333442742604685760e-01 6.333442430090924224e-01 6.333442782655585024e-01 6.333442739597021642e-01 6.333442629784605815e-01 6.333442633047864367e-01 6.333442529261489318e-01 6.333442660029198201e-01 6.333442683224694836e-01 6.333442565254726597e-01 6.333442741318712210e-01 6.333442733637185684e-01 6.333442703863100265e-01 6.333442687266930271e-01 6.333442850487558395e-01 6.333442679840526335e-01 6.333442665177381192e-01 6.333442701493179339e-01 6.333442693350412878e-01 6.333442541853865349e-01 6.333442639668718233e-01 6.333442730431748657e-01 6.333442718733669485e-01 6.333442818185645029e-01 6.333442685809917982e-01 6.333442724011083547e-01 6.333442853609819734e-01 6.333442646517667418e-01 6.333442676309167796e-01 6.333442805130911069e-01 6.333442692171664667e-01 6.333442651239461485e-01 6.333442749855899834e-01 6.333442496611917383e-01 6.333442774671066422e-01
6.333442743641469752e-01 6.333442761191502290e-01 6.333442647278321180e-01 6.333442794100579976e-01 6.333442816980323631e-01 6.333442726142549661e-01 6.333442630193809597e-01 6.333442842534895423e-01 6.333442714512272920e-01 6.333442787999644663e-01 6.333442757986139648e-01 6.333442721886295423e-01 6.333442768963037928e-01 6.333442789339405188e-01 6.333442645696049089e-01 1.000000000000000000e+00 6.333442763341244897e-01 6.333442744101682731e-01 6.333442762655063785e-01 6.333442764912481371e-01 6.333442704919293176e-01 6.333442761603053084e-01 6.333442714650963090e-01 6.333442721805206954e-01 6.333442722052864404e-01 6.333442762858250141e-01 6.333442791103351954e-01 6.333442710138654785e-01 6.333442700951895654e-01 6.333442720728600372e-01 6.333442762230605538e-01 6.333442632552360729e-01 6.333442779721212279e-01 6.333442722708554351e-01 6.333442763120998853e-01 6.333442783140134091e-01 6.333442703263763018e-01 6.333442712625632076e-01 6.333442747607211931e-01 6.333442584984471102e-01 6.333442745558580667e-01 6.333442748186499660e-01 6.333442729168798913e-01 6.333442788917322819e-01 6.333442742805026615e-01 6.333442745589480394e-01 6.333442778984331722e-01 6.333442691284021375e-01 6.333442730655998165e-01 6.333442686125118071e-01 6.333442687442693009e-01 6.333442711269569037e-01 6.333442707322588516e-01 6.333442753961425753e-01 6.333442659135819497e-01 6.333442756000017271e-01 6.333442785142758824e-01 6.333442793107956215e-01 6.333442814410755739e-01 6.333442723486077952e-01 6.333442780122624516e-01 6.333442676080093259e-01 6.333442696307264308e-01 6.333442826105031287e-01 6.333442646000988496e-01 6.333442753281288695e-01 6.333442692745508973e-01 6.333442580156349866e-01 6.333442792754513384e-01 6.333442759877661032e-01 6.333442771321391440e-01 6.333442768978382320e-01 6.333442761171073077e-01 6.333442743262244212e-01 6.333442781111134900e-01 6.333442704356989639e-01 6.333442768628410047e-01 6.333442788853911321e-01 6.333442756562533971e-01 6.333442665882237366e-01 6.333442751969871054e-01 6.333442631914314447e-01 6.333442778849531773e-01 6.333442641303014264e-01 6.333442714090635750e-01 6.333442764998554741e-01 6.333442798894812764e-01 6.333442771945163585e-01 6.333442622531096911e-01 6.333442793047002750e-01 6.333442484796109051e-01 6.333442666264966769e-01 6.333442795626686994e-01 6.333442704373507537e-01 6.333442631023644687e-01 6.333442814034015989e-01 6.333442826720692143e-01 6.333442737783798737e-01 6.333442656834527007e-01 6.333442713668896440e-01
