1.000000000000000000e+00 8.393447632514187129e-01 8.393447647639175058e-01 8.393447585058040339e-01 8.393447619125681269e-01 8.393447607256872001e-01 8.393447611159986499e-01 8.393447636105736409e-01 8.393447603991160966e-01 8.393447618118446973e-01 8.393447605949166945e-01 8.393447655083461356e-01 8.393447653595625946e-01 8.393447651064258608e-01 8.393447566847676011e-01 8.393447631893135030e-01 8.393447626114817206e-01 8.393447594599072747e-01 8.393447631392734198e-01 8.393447484222007482e-01 8.393447552125794520e-01 8.393447551619761526e-01 8.393447644785251294e-01 8.393447652850406504e-01 8.393447548651881140e-01 8.393447625967531689e-01 8.393447604073434043e-01 8.393447618383446107e-01 8.393447615549313179e-01 8.393447652681506055e-01 8.393447625014436309e-01 8.393447614296783987e-01 8.393447645560107029e-01 8.393447602071286706e-01 8.393447642119681307e-01 8.393447562794607020e-01 8.393447648245092596e-01 8.393447562831188868e-01 8.393447631616346438e-01 8.393447633437446376e-01 8.393447588026915485e-01 8.393447608511283020e-01 8.393447583528430567e-01 8.393447613473689062e-01 8.393447640194137138e-01 8.393447608552300210e-01 8.393447590250336932e-01 8.393447617012996798e-01 8.393447574052285143e-01 8.393447638171763758e-01 8.393447619268928905e-01 8.393447578514047214e-01 8.393447590467252306e-01 8.393447506728700658e-01 8.393447625494151465e-01 8.393447611275380860e-01 8.393447619578916497e-01 8.393447573794060590e-01 8.393447611826785337e-01 8.393447639301260255e-01 8.393447638888896778e-01 8.393447578904503770e-01 8.393447594243363952e-01 8.393447588448573748e-01 8.393447617726785825e-01 8.393447628769589164e-01 8.393447546950372207e-01 8.393447502666502302e-01 8.393447643759319732e-01 8.393447602162581456e-01 8.393447609758807326e-01 8.393447643229056121e-01 8.393447628867486410e-01 8.393447590023088711e-01 8.393447605041632897e-01 8.393447586894273726e-01 8.393447608512577540e-01 8.393447652215861865e-01 8.393447624650334227e-01 8.393447625811537582e-01 8.393447567725972336e-01 8.393447619269430726e-01 8.393447624528123097e-01 8.393447573512173854e-01 8.393447562240060611e-01 8.393447611864039981e-01 8.393447557753332955e-01 8.393447641936384596e-01 8.393447619679698102e-01 8.393447582240520788e-01 8.393447599183149199e-01 8.393447639816760120e-01 8.393447623727414708e-01 8.393447642956817223e-01 8.393447601808593506e-01 8.393447608362002432e-01 8.393447608922118830e-01 8.393447639412786598e-01 8.393447656745145480e-01 8.393447611285340670e-01
8.393447632514187129e-01 1.000000000000000000e+00 8.393447643890166177e-01 8.393447594559173552e-01 8.393447625529453227e-01 8.393447650415687411e-01 8.393447644087785875e-01 8.393447651261115583e-01 8.393447613268418817e-01 8.393447646063904033e-01 8.393447635640252091e-01 8.393447632387986967e-01 8.393447646051175326e-01 8.393447629854079439e-01 8.393447606958485130e-01 8.393447666318932798e-01 8.393447604668201611e-01 8.393447592574926341e-01 8.393447583794992894e-01 8.393447558701920830e-01 8.393447626482484214e-01 8.393447556976052493e-01 8.393447650020701145e-01 8.393447637380065940e-01 8.393447595598508837e-01 8.393447658028126979e-01 8.393447663611099951e-01 8.393447642511555618e-01 8.393447636148061441e-01 8.393447631436274925e-01 8.393447608289107409e-01 8.393447643099963829e-01 8.393447609930811959e-01 8.393447614216827946e-01 8.393447637524286131e-01 8.393447618640558217e-01 8.393447632123337554e-01 8.393447590985518847e-01 8.393447644699122412e-01 8.393447622022500720e-01 8.393447599262793268e-01 8.393447646494265335e-01 8.393447614980115157e-01 8.393447612934173963e-01 8.393447638394854193e-01 8.393447648130739625e-01 8.393447627619443629e-01 8.393447599803922632e-01 8.393447614529233602e-01 8.393447657099982750e-01 8.393447592574727611e-01 8.393447648256504579e-01 8.393447610411624016e-01 8.393447596649151743e-01 8.393447583852667870e-01 8.393447582365227699e-01 8.393447640232617468e-01 8.393447631727091185e-01 8.393447580526166574e-01 8.393447638816536882e-01 8.393447648076193257e-01 8.393447610014312943e-01 8.393447599740272436e-01 8.393447658930879296e-01 8.393447653097787509e-01 8.393447667773754617e-01 8.393447589515513618e-01 8.393447583115847266e-01 8.393447638743987138e-01 8.393447622681431408e-01 8.393447614872553419e-01 8.393447669163873748e-01 8.393447640889855066e-01 8.393447628087351564e-01 8.393447631498013317e-01 8.393447606639928837e-01 8.393447639291554685e-01 8.393447659331457755e-01 8.393447617258179561e-01 8.393447654742257624e-01 8.393447576291519496e-01 8.393447641806297543e-01 8.393447584981393872e-01 8.393447609952804367e-01 8.393447598046837044e-01 8.393447640113957942e-01 8.393447581220531140e-01 8.393447602161628884e-01 8.393447618098639484e-01 8.393447650413096151e-01 8.393447642867789549e-01 8.393447618059941551e-01 8.393447659974742070e-01 8.393447642183542445e-01 8.393447602578355538e-01 8.393447633599427915e-01 8.393447657076058555e-01 8.393447649798433385e-01 8.393447643993706686e-01 8.393447587886421202e-01
8.393447647639175058e-01 8.393447643890166177e-01 1.000000000000000000e+00 8.393447595712908438e-01 8.393447610199998854e-01 8.393447629199948246e-01 8.393447649741870853e-01 8.393447644962622745e-01 8.393447633592349133e-01 8.393447627691421609e-01 8.393447626629595426e-01 8.393447641952762606e-01 8.393447630071634302e-01 8.393447659041020081e-01 8.393447591569425104e-01 8.393447649024726731e-01 8.393447620477425541e-01 8.393447629351037387e-01 8.393447597955780992e-01 8.393447540603843349e-01 8.393447569294881783e-01 8.393447575817877260e-01 8.393447606189754495e-01 8.393447646189043931e-01 8.393447547553275490e-01 8.393447652126182490e-01 8.393447623793053314e-01 8.393447630889632194e-01 8.393447621795666613e-01 8.393447669536299172e-01 8.393447590405797021e-01 8.393447634854267481e-01 8.393447612569712168e-01 8.393447643390263835e-01 8.393447625338634754e-01 8.393447574318383397e-01 8.393447642852623902e-01 8.393447567243109697e-01 8.393447614744760088e-01 8.393447647652367838e-01 8.393447633312491885e-01 8.393447656025286863e-01 8.393447569334946401e-01 8.393447620171476942e-01 8.393447653688361765e-01 8.393447656535497625e-01 8.393447625103426235e-01 8.393447622077303549e-01 8.393447623388738954e-01 8.393447628765842161e-01 8.393447582527638895e-01 8.393447593760813286e-01 8.393447584642900194e-01 8.393447570736727315e-01 8.393447573014414242e-01 8.393447591850676792e-01 8.393447652860962505e-01 8.393447601653349910e-01 8.393447618860554460e-01 8.393447635597547363e-01 8.393447643244728029e-01 8.393447588831496331e-01 8.393447568278654680e-01 8.393447621006450143e-01 8.393447635653349392e-01 8.393447611226139138e-01 8.393447576244426056e-01 8.393447543423472323e-01 8.393447620253110530e-01 8.393447626307518616e-01 8.393447636170129345e-01 8.393447630625232581e-01 8.393447664720270485e-01 8.393447626351790980e-01 8.393447634037659588e-01 8.393447597834539087e-01 8.393447604078803082e-01 8.393447654663800384e-01 8.393447631272299425e-01 8.393447658270175582e-01 8.393447579081035892e-01 8.393447607582162906e-01 8.393447600204092529e-01 8.393447570005041491e-01 8.393447607542710021e-01 8.393447643020217619e-01 8.393447577876098631e-01 8.393447610767699185e-01 8.393447595499766711e-01 8.393447629728473247e-01 8.393447628869499244e-01 8.393447636679319812e-01 8.393447632499645428e-01 8.393447634393904622e-01 8.393447615692309904e-01 8.393447603279792224e-01 8.393447639636302249e-01 8.393447643518191503e-01 8.393447614123159539e-01 8.393447612803267566e-01
8.393447585058040339e-01 8.393447594559173552e-01 8.393447595712908438e-01 1.000000000000000000e+00 8.393447647709625370e-01 8.393447623021161874e-01 8.393447610666886494e-01 8.393447559027336080e-01 8.393447664797910601e-01 8.393447593212214342e-01 8.393447622364644811e-01 8.393447577518468039e-01 8.393447631480598359e-01 8.393447637319767507e-01 8.393447610893646216e-01 8.393447635662517614e-01 8.393447609762408890e-01 8.393447649819406609e-01 8.393447589041778123e-01 8.393447625942882517e-01 8.393447607509643138e-01 8.393447611440940648e-01 8.393447598575874968e-01 8.393447651666164910e-01 8.393447638177091719e-01 8.393447640643899588e-01 8.393447599981634921e-01 8.393447633951790499e-01 8.393447668322782107e-01 8.393447627799602850e-01 8.393447650329834975e-01 8.393447646229333925e-01 8.393447598108649821e-01 8.393447553408126538e-01 8.393447617323086529e-01 8.393447616929725630e-01 8.393447629366875828e-01 8.393447632005612835e-01 8.393447627463233029e-01 8.393447616314232418e-01 8.393447577594485010e-01 8.393447609894456596e-01 8.393447572820574853e-01 8.393447633928676765e-01 8.393447644381620831e-01 8.393447644787028761e-01 8.393447602419585873e-01 8.393447604494169711e-01 8.393447609873662119e-01 8.393447610833868477e-01 8.393447655742628521e-01 8.393447627906653885e-01 8.393447619413911820e-01 8.393447609096307271e-01 8.393447552206940721e-01 8.393447631792124719e-01 8.393447625697502135e-01 8.393447619186154007e-01 8.393447621248986135e-01 8.393447621678563619e-01 8.393447621839543737e-01 8.393447541420347990e-01 8.393447626876352485e-01 8.393447603743110497e-01 8.393447642073358361e-01 8.393447609445854329e-01 8.393447646684990548e-01 8.393447603779896626e-01 8.393447652909752366e-01 8.393447608965215467e-01 8.393447593533521767e-01 8.393447606506764247e-01 8.393447632156907368e-01 8.393447586003357497e-01 8.393447664756338300e-01 8.393447571858112521e-01 8.393447607063841964e-01 8.393447569145302545e-01 8.393447639948343753e-01 8.393447626309115117e-01 8.393447639646722802e-01 8.393447619874476739e-01 8.393447592073963737e-01 8.393447647905803999e-01 8.393447654166483751e-01 8.393447613730598000e-01 8.393447672046591146e-01 8.393447588183683417e-01 8.393447646357882208e-01 8.393447565512701658e-01 8.393447643532535585e-01 8.393447620742333637e-01 8.393447621329921393e-01 8.393447657097102832e-01 8.393447640890777661e-01 8.393447649177638858e-01 8.393447625326421191e-01 8.393447650665833981e-01 8.393447568552380167e-01 8.393447656321547656e-01
8.393447619125681269e-01 8.393447625529453227e-01 8.393447610199998854e-01 8.393447647709625370e-01 1.000000000000000000e+00 8.393447650417978911e-01 8.393447623153743598e-01 8.393447595920944249e-01 8.393447637895151692e-01 8.393447603562308457e-01 8.393447658445188919e-01 8.393447614756450736e-01 8.393447640176762148e-01 8.393447632778219258e-01 8.393447637295208263e-01 8.393447651309539070e-01 8.393447624090012438e-01 8.393447640289476430e-01 8.393447627359993390e-01 8.393447624261047846e-01 8.393447638271444022e-01 8.393447630289981864e-01 8.393447651668892728e-01 8.393447655455126277e-01 8.393447660091092333e-01 8.393447628960043483e-01 8.393447627179992931e-01 8.393447658523748300e-01 8.393447648748818546e-01 8.393447634987100114e-01 8.393447642692497546e-01 8.393447654442768302e-01 8.393447644286113896e-01 8.393447597368041135e-01 8.393447637621982427e-01 8.393447636205983997e-01 8.393447649566291302e-01 8.393447653829306798e-01 8.393447641131335235e-01 8.393447628567434204e-01 8.393447614232306675e-01 8.393447637328116384e-01 8.393447634011368397e-01 8.393447641074169852e-01 8.393447665159609050e-01 8.393447639431736995e-01 8.393447611704155653e-01 8.393447623548700998e-01 8.393447571458270140e-01 8.393447638022304425e-01 8.393447641086413391e-01 8.393447628430957819e-01 8.393447657098538350e-01 8.393447617183064091e-01 8.393447616411097156e-01 8.393447575731811661e-01 8.393447630024823969e-01 8.393447597096682644e-01 8.393447633249750961e-01 8.393447659787089954e-01 8.393447648009133566e-01 8.393447562624613001e-01 8.393447667708666682e-01 8.393447601159713667e-01 8.393447655746454350e-01 8.393447643313585171e-01 8.393447625392920219e-01 8.393447626329872957e-01 8.393447641883216015e-01 8.393447616801245070e-01 8.393447576203206806e-01 8.393447639185080966e-01 8.393447638756950102e-01 8.393447639579300068e-01 8.393447648900134173e-01 8.393447646638906301e-01 8.393447650413274896e-01 8.393447627500756347e-01 8.393447635319338795e-01 8.393447634609910724e-01 8.393447614348857888e-01 8.393447651704916135e-01 8.393447657290000752e-01 8.393447664302039479e-01 8.393447652683807547e-01 8.393447642773713691e-01 8.393447617370243252e-01 8.393447641552465033e-01 8.393447643029460226e-01 8.393447573018695262e-01 8.393447652047253404e-01 8.393447662312293334e-01 8.393447616008345991e-01 8.393447663899846756e-01 8.393447660539827826e-01 8.393447655572401356e-01 8.393447639356104162e-01 8.393447652478702725e-01 8.393447632309672946e-01 8.393447626175869480e-01
8.393447607256872001e-01 8.393447650415687411e-01 8.393447629199948246e-01 8.393447623021161874e-01 8.393447650417978911e-01 1.000000000000000000e+00 8.393447640927410580e-01 8.393447637521339599e-01 8.393447615681208784e-01 8.393447647598382133e-01 8.393447649804200994e-01 8.393447635463181511e-01 8.393447653332049008e-01 8.393447638507549602e-01 8.393447642073565973e-01 8.393447648053540266e-01 8.393447612060801477e-01 8.393447624397265550e-01 8.393447591715218481e-01 8.393447622433861666e-01 8.393447660537067812e-01 8.393447645087335207e-01 8.393447644514480110e-01 8.393447656013323099e-01 8.393447624286637376e-01 8.393447639037319163e-01 8.393447669854673387e-01 8.393447632588740825e-01 8.393447651323412417e-01 8.393447638357388607e-01 8.393447599774662704e-01 8.393447670998307464e-01 8.393447614996493167e-01 8.393447637149468177e-01 8.393447654810516356e-01 8.393447645797442735e-01 8.393447631561838929e-01 8.393447608112734049e-01 8.393447620317243674e-01 8.393447595647894888e-01 8.393447638818719581e-01 8.393447641402048687e-01 8.393447649446119652e-01 8.393447657256584149e-01 8.393447658067212380e-01 8.393447649400753718e-01 8.393447635817282704e-01 8.393447648125588190e-01 8.393447611122076824e-01 8.393447615197467959e-01 8.393447593685952057e-01 8.393447643922793411e-01 8.393447648426940466e-01 8.393447631172654688e-01 8.393447591161935506e-01 8.393447572627323883e-01 8.393447654590044937e-01 8.393447618644300778e-01 8.393447586251410186e-01 8.393447663232200817e-01 8.393447641316936769e-01 8.393447629416809219e-01 8.393447647007349355e-01 8.393447618904115171e-01 8.393447665631036392e-01 8.393447652189889308e-01 8.393447631543713428e-01 8.393447611799889074e-01 8.393447623030582116e-01 8.393447626930086169e-01 8.393447608114512626e-01 8.393447641971335527e-01 8.393447654518652046e-01 8.393447668245419546e-01 8.393447659864506916e-01 8.393447651719317948e-01 8.393447666261830697e-01 8.393447652919735491e-01 8.393447632660087088e-01 8.393447659745978395e-01 8.393447634193257345e-01 8.393447657799542050e-01 8.393447613365623283e-01 8.393447647385610111e-01 8.393447648160156094e-01 8.393447671457616721e-01 8.393447612670787983e-01 8.393447609119015773e-01 8.393447631886887805e-01 8.393447620330349856e-01 8.393447651982892666e-01 8.393447642238420769e-01 8.393447617754028478e-01 8.393447655356274240e-01 8.393447657929997696e-01 8.393447626634894521e-01 8.393447642259935781e-01 8.393447644707655586e-01 8.393447625501143650e-01 8.393447617613181144e-01
8.393447611159986499e-01 8.393447644087785875e-01 8.393447649741870853e-01 8.393447610666886494e-01 8.393447623153743598e-01 8.393447640927410580e-01 1.000000000000000000e+00 8.393447649320091575e-01 8.393447644330073176e-01 8.393447640517994746e-01 8.393447647496310449e-01 8.393447613027842369e-01 8.393447622621169613e-01 8.393447650820385908e-01 8.393447634111410594e-01 8.393447656796234613e-01 8.393447581370899746e-01 8.393447601145986869e-01 8.393447630314320174e-01 8.393447567367392503e-01 8.393447628221225587e-01 8.393447580833759414e-01 8.393447621430634165e-01 8.393447640929315723e-01 8.393447609142584698e-01 8.393447632281413329e-01 8.393447649634274699e-01 8.393447638897092444e-01 8.393447626921024529e-01 8.393447655700458920e-01 8.393447583164908021e-01 8.393447655946705277e-01 8.393447621071198350e-01 8.393447635676785090e-01 8.393447638342732553e-01 8.393447597319568798e-01 8.393447631597464875e-01 8.393447630757885358e-01 8.393447608249331449e-01 8.393447643314435602e-01 8.393447653304608735e-01 8.393447649745104933e-01 8.393447550994226347e-01 8.393447605914379217e-01 8.393447654114369882e-01 8.393447662510307161e-01 8.393447672078702126e-01 8.393447640149556133e-01 8.393447654020340654e-01 8.393447613238709248e-01 8.393447583824773517e-01 8.393447643809931469e-01 8.393447582361212023e-01 8.393447606636725844e-01 8.393447570241014954e-01 8.393447593900927872e-01 8.393447676246983402e-01 8.393447620212995952e-01 8.393447629117242181e-01 8.393447622078259451e-01 8.393447639076597744e-01 8.393447632782587986e-01 8.393447577205956911e-01 8.393447630781983859e-01 8.393447639042485031e-01 8.393447634640541777e-01 8.393447643061384689e-01 8.393447601197925323e-01 8.393447613490160331e-01 8.393447661266491000e-01 8.393447641164856199e-01 8.393447644118559037e-01 8.393447634545556646e-01 8.393447641611334609e-01 8.393447651457753844e-01 8.393447594819500868e-01 8.393447629675880872e-01 8.393447639085660494e-01 8.393447631219260741e-01 8.393447638799036437e-01 8.393447591301864685e-01 8.393447603945199953e-01 8.393447569656276031e-01 8.393447619499452284e-01 8.393447638293917157e-01 8.393447644140509256e-01 8.393447587182636394e-01 8.393447622591743151e-01 8.393447623225932519e-01 8.393447663767152900e-01 8.393447664133391051e-01 8.393447622893822624e-01 8.393447644471286884e-01 8.393447643626414933e-01 8.393447625825045666e-01 8.393447589940092879e-01 8.393447623247265454e-01 8.393447651563077372e-01 8.393447622163459076e-01 8.393447630975500173e-01
8.393447636105736409e-01 8.393447651261115583e-01 8.393447644962622745e-01 8.393447559027336080e-01 8.393447595920944249e-01 8.393447637521339599e-01 8.393447649320091575e-01 1.000000000000000000e+00 8.393447580514191708e-01 8.393447639545963401e-01 8.393447627227302865e-01 8.393447642660375463e-01 8.393447642422723343e-01 8.393447631881462145e-01 8.393447609676660814e-01 8.393447640219106054e-01 8.393447553370697589e-01 8.393447570389230838e-01 8.393447609290042299e-01 8.393447497661929990e-01 8.393447598789206543e-01 8.393447558199882419e-01 8.393447638674464972e-01 8.393447636033098957e-01 8.393447556849725766e-01 8.393447614375307841e-01 8.393447647606672168e-01 8.393447599305821072e-01 8.393447608654593939e-01 8.393447634937252211e-01 8.393447551595621947e-01 8.393447637215095680e-01 8.393447628415273698e-01 8.393447630138540783e-01 8.393447648019071172e-01 8.393447588781098867e-01 8.393447622947916020e-01 8.393447565901950291e-01 8.393447590160554306e-01 8.393447616416022106e-01 8.393447634215417397e-01 8.393447618508665942e-01 8.393447573619501334e-01 8.393447589537567088e-01 8.393447636043491755e-01 8.393447628342232125e-01 8.393447626395929007e-01 8.393447639893016898e-01 8.393447605514153809e-01 8.393447597373928648e-01 8.393447545313825753e-01 8.393447616683942236e-01 8.393447591434056720e-01 8.393447563287360635e-01 8.393447563426511548e-01 8.393447583628063091e-01 8.393447655309546063e-01 8.393447603748863672e-01 8.393447560032968324e-01 8.393447639085110934e-01 8.393447608155769624e-01 8.393447648401393124e-01 8.393447573791389393e-01 8.393447616992935068e-01 8.393447621895432365e-01 8.393447634236712585e-01 8.393447586274184191e-01 8.393447542596260691e-01 8.393447599778336432e-01 8.393447632278200343e-01 8.393447608031648910e-01 8.393447655717382050e-01 8.393447616806088973e-01 8.393447635011159758e-01 8.393447610732887032e-01 8.393447590643808853e-01 8.393447625959711278e-01 8.393447658758745877e-01 8.393447587285254308e-01 8.393447620188904112e-01 8.393447562895084424e-01 8.393447628623558199e-01 8.393447565430610657e-01 8.393447581414864578e-01 8.393447583103467169e-01 8.393447640905716822e-01 8.393447550737861418e-01 8.393447624995034051e-01 8.393447622105277839e-01 8.393447639373232683e-01 8.393447625887843211e-01 8.393447607103168284e-01 8.393447613849820410e-01 8.393447619715995733e-01 8.393447611941516895e-01 8.393447567629848116e-01 8.393447602334306312e-01 8.393447625750156682e-01 8.393447650944789729e-01 8.393447587261272380e-01
8.393447603991160966e-01 8.393447613268418817e-01 8.393447633592349133e-01 8.393447664797910601e-01 8.393447637895151692e-01 8.393447615681208784e-01 8.393447644330073176e-01 8.393447580514191708e-01 1.000000000000000000e+00 8.393447604178974064e-01 8.393447626338552681e-01 8.393447583989790406e-01 8.393447618514644493e-01 8.393447653413695919e-01 8.393447602839856359e-01 8.393447650842477126e-01 8.393447622205961745e-01 8.393447645195402096e-01 8.393447608075275124e-01 8.393447601854839846e-01 8.393447595329104338e-01 8.393447583726442174e-01 8.393447592967304693e-01 8.393447646732707934e-01 8.393447619059419829e-01 8.393447653327306135e-01 8.393447607138666555e-01 8.393447653216093984e-01 8.393447651083454364e-01 8.393447653981080947e-01 8.393447641154340166e-01 8.393447644407564523e-01 8.393447599571334239e-01 8.393447582433892773e-01 8.393447614781835986e-01 8.393447588870651677e-01 8.393447635053911116e-01 8.393447635976482024e-01 8.393447630433704676e-01 8.393447649000658206e-01 8.393447599695150751e-01 8.393447637902542446e-01 8.393447543644125819e-01 8.393447622598505520e-01 8.393447652293171135e-01 8.393447661903729040e-01 8.393447635016780817e-01 8.393447603782695499e-01 8.393447640650076869e-01 8.393447629157038126e-01 8.393447644652253237e-01 8.393447624842137467e-01 8.393447585172960634e-01 8.393447597781559244e-01 8.393447561813474067e-01 8.393447625804483225e-01 8.393447644969449506e-01 8.393447623193683871e-01 8.393447655382832995e-01 8.393447609249010677e-01 8.393447645826714876e-01 8.393447551429418230e-01 8.393447591594039858e-01 8.393447618838024704e-01 8.393447638284775580e-01 8.393447611709249356e-01 8.393447639302843433e-01 8.393447594158164327e-01 8.393447647655911670e-01 8.393447627845727066e-01 8.393447631613337734e-01 8.393447614051633421e-01 8.393447644795958285e-01 8.393447592549995173e-01 8.393447664665124597e-01 8.393447567342419147e-01 8.393447597523251424e-01 8.393447592371875432e-01 8.393447654458375817e-01 8.393447642112751295e-01 8.393447612168714045e-01 8.393447593747399571e-01 8.393447588289280059e-01 8.393447624390916184e-01 8.393447648343099754e-01 8.393447614453394268e-01 8.393447641595805919e-01 8.393447595940605188e-01 8.393447624093444137e-01 8.393447608264368309e-01 8.393447651288450384e-01 8.393447625685296343e-01 8.393447648230536462e-01 8.393447656448831395e-01 8.393447623875098795e-01 8.393447635826865039e-01 8.393447635223630909e-01 8.393447658532595668e-01 8.393447577792393366e-01 8.393447656399634083e-01
8.393447618118446973e-01 8.393447646063904033e-01 8.393447627691421609e-01 8.393447593212214342e-01 8.393447603562308457e-01 8.393447647598382133e-01 8.393447640517994746e-01 8.393447639545963401e-01 8.393447604178974064e-01 1.000000000000000000e+00 8.393447618784118935e-01 8.393447653696948230e-01 8.393447648613473477e-01 8.393447653627328364e-01 8.393447620591762970e-01 8.393447620457291647e-01 8.393447608087001299e-01 8.393447561188208672e-01 8.393447597266457949e-01 8.393447556615891703e-01 8.393447634242043875e-01 8.393447596073115857e-01 8.393447637063490285e-01 8.393447648542837758e-01 8.393447576007463384e-01 8.393447622632792537e-01 8.393447651411828359e-01 8.393447589549951626e-01 8.393447637967311747e-01 8.393447636204287576e-01 8.393447601448816853e-01 8.393447634023630810e-01 8.393447611025565136e-01 8.393447644080338499e-01 8.393447640360807149e-01 8.393447620510410268e-01 8.393447634875783603e-01 8.393447566660453552e-01 8.393447634266516522e-01 8.393447572896393094e-01 8.393447619746863264e-01 8.393447622346318360e-01 8.393447596015901624e-01 8.393447639318207809e-01 8.393447619287347505e-01 8.393447627304682079e-01 8.393447641005139515e-01 8.393447636670938738e-01 8.393447643936223779e-01 8.393447616943592315e-01 8.393447594899595687e-01 8.393447645040158500e-01 8.393447588256350844e-01 8.393447577631051315e-01 8.393447613074804803e-01 8.393447604428322384e-01 8.393447644505691585e-01 8.393447579061966701e-01 8.393447584621055446e-01 8.393447623153157400e-01 8.393447630523327430e-01 8.393447651316637836e-01 8.393447579847383988e-01 8.393447623530830848e-01 8.393447653079921800e-01 8.393447649408998235e-01 8.393447606729701471e-01 8.393447570030631022e-01 8.393447630475824317e-01 8.393447649747798334e-01 8.393447634855243367e-01 8.393447641350495481e-01 8.393447634686520553e-01 8.393447623157971327e-01 8.393447639146708328e-01 8.393447602832396770e-01 8.393447656536807688e-01 8.393447647957829050e-01 8.393447639015836348e-01 8.393447643612872433e-01 8.393447636640457565e-01 8.393447613442998056e-01 8.393447552018089564e-01 8.393447614751071706e-01 8.393447598183327862e-01 8.393447648447972531e-01 8.393447578866503056e-01 8.393447603790838984e-01 8.393447620804794784e-01 8.393447649389605969e-01 8.393447637024225028e-01 8.393447623682452896e-01 8.393447639463195165e-01 8.393447645711936689e-01 8.393447600229128058e-01 8.393447591002077823e-01 8.393447621970888672e-01 8.393447653792330820e-01 8.393447624913137339e-01 8.393447628288998041e-01
8.393447605949166945e-01 8.393447635640252091e-01 8.393447626629595426e-01 8.393447622364644811e-01 8.393447658445188919e-01 8.393447649804200994e-01 8.393447647496310449e-01 8.393447627227302865e-01 8.393447626338552681e-01 8.393447618784118935e-01 1.000000000000000000e+00 8.393447627417440771e-01 8.393447624213399294e-01 8.393447630429297091e-01 8.393447671707929825e-01 8.393447654102764721e-01 8.393447576638560781e-01 8.393447624366923154e-01 8.393447615947888796e-01 8.393447616242276643e-01 8.393447640308420166e-01 8.393447619849834229e-01 8.393447643146098036e-01 8.393447644926519402e-01 8.393447646714505828e-01 8.393447621101436384e-01 8.393447627517520715e-01 8.393447634362884990e-01 8.393447641519176106e-01 8.393447629045507341e-01 8.393447599224288513e-01 8.393447645123676137e-01 8.393447652449786966e-01 8.393447632740038689e-01 8.393447616931606348e-01 8.393447655696953946e-01 8.393447660631752072e-01 8.393447641343952936e-01 8.393447632305093276e-01 8.393447634656820977e-01 8.393447650435813534e-01 8.393447663023873018e-01 8.393447606198470856e-01 8.393447611601686509e-01 8.393447655804002761e-01 8.393447657970501963e-01 8.393447618133997867e-01 8.393447625599184114e-01 8.393447587899007800e-01 8.393447628204647737e-01 8.393447593513565508e-01 8.393447644986351541e-01 8.393447653293464317e-01 8.393447652158446681e-01 8.393447581992287132e-01 8.393447564306968367e-01 8.393447645745142349e-01 8.393447584827296026e-01 8.393447611155948618e-01 8.393447658877561945e-01 8.393447618955989231e-01 8.393447585393561949e-01 8.393447626163631492e-01 8.393447635631579029e-01 8.393447663228771338e-01 8.393447631392847441e-01 8.393447623739344055e-01 8.393447654665346924e-01 8.393447618464809912e-01 8.393447655803176755e-01 8.393447563389803134e-01 8.393447652809398196e-01 8.393447638372562025e-01 8.393447657151359431e-01 8.393447637119573201e-01 8.393447643942590908e-01 8.393447653137370290e-01 8.393447633698442045e-01 8.393447603632134824e-01 8.393447624289023246e-01 8.393447605194362948e-01 8.393447649794308907e-01 8.393447617969204133e-01 8.393447652723576846e-01 8.393447655835267751e-01 8.393447663831657968e-01 8.393447602290585730e-01 8.393447649354524032e-01 8.393447639963266260e-01 8.393447612158299043e-01 8.393447672490674805e-01 8.393447655489620907e-01 8.393447613439467547e-01 8.393447638849599324e-01 8.393447653161359989e-01 8.393447631093672312e-01 8.393447648145196949e-01 8.393447656470542917e-01 8.393447629541949118e-01 8.393447607521069553e-01
8.393447655083461356e-01 8.393447632387986967e-01 8.393447641952762606e-01 8.393447577518468039e-01 8.393447614756450736e-01 8.393447635463181511e-01 8.393447613027842369e-01 8.393447642660375463e-01 8.393447583989790406e-01 8.393447653696948230e-01 8.393447627417440771e-01 1.000000000000000000e+00 8.393447653211034698e-01 8.393447652850353213e-01 8.393447614104873056e-01 8.393447613814835062e-01 8.393447615506645088e-01 8.393447584586366528e-01 8.393447606949414608e-01 8.393447530878331841e-01 8.393447590848838180e-01 8.393447604973277576e-01 8.393447645939040580e-01 8.393447656145739399e-01 8.393447553439350450e-01 8.393447611709863310e-01 8.393447616962035340e-01 8.393447583293315306e-01 8.393447626385927007e-01 8.393447641551317062e-01 8.393447601431200944e-01 8.393447615883683488e-01 8.393447646200165035e-01 8.393447651218024497e-01 8.393447632723435303e-01 8.393447614910883869e-01 8.393447659623516355e-01 8.393447544547842920e-01 8.393447633877015868e-01 8.393447590808587044e-01 8.393447623895761156e-01 8.393447625802139545e-01 8.393447615123570404e-01 8.393447636298431158e-01 8.393447629675916399e-01 8.393447614255810096e-01 8.393447592042456717e-01 8.393447636889983521e-01 8.393447583084311381e-01 8.393447621705520945e-01 8.393447591896869842e-01 8.393447599977911233e-01 8.393447617719597131e-01 8.393447556532106502e-01 8.393447629636896501e-01 8.393447589218903104e-01 8.393447624574038590e-01 8.393447541008361990e-01 8.393447584087121438e-01 8.393447653446376444e-01 8.393447619517137026e-01 8.393447611343021197e-01 8.393447596662225729e-01 8.393447599919668933e-01 8.393447646859106825e-01 8.393447626853518528e-01 8.393447556399149523e-01 8.393447546317860386e-01 8.393447626895300662e-01 8.393447631850569080e-01 8.393447593451150990e-01 8.393447640667368592e-01 8.393447642711077128e-01 8.393447625903878162e-01 8.393447611511422046e-01 8.393447627233665553e-01 8.393447647081553331e-01 8.393447661649404701e-01 8.393447618553383505e-01 8.393447632106539880e-01 8.393447616126780142e-01 8.393447633452310042e-01 8.393447607768662611e-01 8.393447594007095169e-01 8.393447583188626826e-01 8.393447653082409809e-01 8.393447560335970392e-01 8.393447639732656285e-01 8.393447618816111122e-01 8.393447597552606831e-01 8.393447616412885726e-01 8.393447653967818223e-01 8.393447604963456543e-01 8.393447635821567054e-01 8.393447615481828272e-01 8.393447598345822325e-01 8.393447621492928779e-01 8.393447645828022718e-01 8.393447644505658278e-01 8.393447608713039410e-01
8.393447653595625946e-01 8.393447646051175326e-01 8.393447630071634302e-01 8.393447631480598359e-01 8.393447640176762148e-01 8.393447653332049008e-01 8.393447622621169613e-01 8.393447642422723343e-01 8.393447618514644493e-01 8.393447648613473477e-01 8.393447624213399294e-01 8.393447653211034698e-01 1.000000000000000000e+00 8.393447656182461136e-01 8.393447609032735901e-01 8.393447644311189393e-01 8.393447622881666792e-01 8.393447614686515568e-01 8.393447616766209762e-01 8.393447557414227544e-01 8.393447617689591134e-01 8.393447607146387046e-01 8.393447658991362026e-01 8.393447673622945748e-01 8.393447599615093679e-01 8.393447644158352761e-01 8.393447646726933664e-01 8.393447621839240647e-01 8.393447661882880162e-01 8.393447646366229975e-01 8.393447638924237397e-01 8.393447655474484126e-01 8.393447637604061207e-01 8.393447603218947561e-01 8.393447669946636491e-01 8.393447621837548667e-01 8.393447646043026289e-01 8.393447588883954369e-01 8.393447639915531111e-01 8.393447609871556025e-01 8.393447599959061867e-01 8.393447608703177298e-01 8.393447625814433044e-01 8.393447650430695406e-01 8.393447651196352943e-01 8.393447630235275625e-01 8.393447613419017239e-01 8.393447645754438247e-01 8.393447607685667888e-01 8.393447629163867107e-01 8.393447636152567837e-01 8.393447631954308319e-01 8.393447633267090424e-01 8.393447569549931098e-01 8.393447610661857183e-01 8.393447639258795334e-01 8.393447642676135079e-01 8.393447620382112895e-01 8.393447590465016317e-01 8.393447659764123880e-01 8.393447638327783400e-01 8.393447623260604784e-01 8.393447638531376098e-01 8.393447613917962569e-01 8.393447650761106660e-01 8.393447656285749625e-01 8.393447611660631580e-01 8.393447555978119645e-01 8.393447661798102422e-01 8.393447619416563033e-01 8.393447618937881494e-01 8.393447654921961654e-01 8.393447640854043712e-01 8.393447618193776716e-01 8.393447648171709075e-01 8.393447605620444341e-01 8.393447646966244458e-01 8.393447645737907026e-01 8.393447639039597341e-01 8.393447644698501797e-01 8.393447632460663277e-01 8.393447658476637097e-01 8.393447611086488624e-01 8.393447629314655378e-01 8.393447608993753750e-01 8.393447641997849873e-01 8.393447624307670552e-01 8.393447627205168349e-01 8.393447660372116426e-01 8.393447600551152687e-01 8.393447630369570422e-01 8.393447636591938599e-01 8.393447633045491019e-01 8.393447666053525102e-01 8.393447639418958328e-01 8.393447633329088609e-01 8.393447625143287683e-01 8.393447654555729054e-01 8.393447649136178690e-01 8.393447640186286751e-01
8.393447651064258608e-01 8.393447629854079439e-01 8.393447659041020081e-01 8.393447637319767507e-01 8.393447632778219258e-01 8.393447638507549602e-01 8.393447650820385908e-01 8.393447631881462145e-01 8.393447653413695919e-01 8.393447653627328364e-01 8.393447630429297091e-01 8.393447652850353213e-01 8.393447656182461136e-01 1.000000000000000000e+00 8.393447615662940064e-01 8.393447639809482608e-01 8.393447640446459745e-01 8.393447626243611959e-01 8.393447636369273379e-01 8.393447566487831635e-01 8.393447602014806330e-01 8.393447613220927916e-01 8.393447628671063532e-01 8.393447673433895861e-01 8.393447587697169254e-01 8.393447644056516443e-01 8.393447627993441129e-01 8.393447626458716559e-01 8.393447652412473481e-01 8.393447676245601174e-01 8.393447634798685275e-01 8.393447649224035079e-01 8.393447636883498708e-01 8.393447638600280980e-01 8.393447650492618095e-01 8.393447600002766906e-01 8.393447659191640708e-01 8.393447599289165506e-01 8.393447637809415829e-01 8.393447633136714714e-01 8.393447634400253987e-01 8.393447637204201062e-01 8.393447579290412852e-01 8.393447652661153446e-01 8.393447658029102865e-01 8.393447650020611217e-01 8.393447642888098859e-01 8.393447653229895167e-01 8.393447645797638135e-01 8.393447627607090178e-01 8.393447636687846325e-01 8.393447620776460782e-01 8.393447598981009783e-01 8.393447572464984852e-01 8.393447617612095346e-01 8.393447640156425082e-01 8.393447660345055850e-01 8.393447596571618208e-01 8.393447645212669395e-01 8.393447640140732080e-01 8.393447651027667877e-01 8.393447615573461640e-01 8.393447600028299815e-01 8.393447609979562962e-01 8.393447650462841914e-01 8.393447629553472122e-01 8.393447621651280999e-01 8.393447563774588671e-01 8.393447652283846372e-01 8.393447649726997195e-01 8.393447652264376391e-01 8.393447634307238392e-01 8.393447659392291316e-01 8.393447620806188114e-01 8.393447660057500315e-01 8.393447601818332382e-01 8.393447633982709100e-01 8.393447643145222070e-01 8.393447665691309290e-01 8.393447654250599799e-01 8.393447639712007247e-01 8.393447615475987389e-01 8.393447605293924418e-01 8.393447617068120481e-01 8.393447628606416355e-01 8.393447646604382806e-01 8.393447615787028582e-01 8.393447633493432702e-01 8.393447637586245458e-01 8.393447623259288060e-01 8.393447643832535610e-01 8.393447653253200968e-01 8.393447641848166274e-01 8.393447666687536834e-01 8.393447635059442247e-01 8.393447615023785779e-01 8.393447627781122078e-01 8.393447667082246655e-01 8.393447624584360334e-01 8.393447666934424900e-01
8.393447566847676011e-01 8.393447606958485130e-01 8.393447591569425104e-01 8.393447610893646216e-01 8.393447637295208263e-01 8.393447642073565973e-01 8.393447634111410594e-01 8.393447609676660814e-01 8.393447602839856359e-01 8.393447620591762970e-01 8.393447671707929825e-01 8.393447614104873056e-01 8.393447609032735901e-01 8.393447615662940064e-01 1.000000000000000000e+00 8.393447622278427112e-01 8.393447541085065078e-01 8.393447592363190157e-01 8.393447600169835487e-01 8.393447617992810805e-01 8.393447648758518564e-01 8.393447628805216221e-01 8.393447626505748937e-01 8.393447631650530205e-01 8.393447642801150632e-01 8.393447586340581079e-01 8.393447615107179072e-01 8.393447592831222437e-01 8.393447633496934346e-01 8.393447602882391223e-01 8.393447572667463996e-01 8.393447632131573188e-01 8.393447638352672380e-01 8.393447627217791585e-01 8.393447601876532493e-01 8.393447662679183185e-01 8.393447644088692927e-01 8.393447627661382304e-01 8.393447609879872706e-01 8.393447591511249417e-01 8.393447649172448566e-01 8.393447638004567501e-01 8.393447587872708837e-01 8.393447601949441950e-01 8.393447630414033744e-01 8.393447638201219085e-01 8.393447610389689340e-01 8.393447627642931508e-01 8.393447585170723535e-01 8.393447588907972934e-01 8.393447570945430369e-01 8.393447646631285730e-01 8.393447642396765218e-01 8.393447654901993182e-01 8.393447564125098292e-01 8.393447554091270080e-01 8.393447635670795437e-01 8.393447554378712372e-01 8.393447582455048073e-01 8.393447640460620640e-01 8.393447584279265516e-01 8.393447597045484709e-01 8.393447609733065695e-01 8.393447616188339788e-01 8.393447654392741653e-01 8.393447613172166921e-01 8.393447632456864094e-01 8.393447660586571546e-01 8.393447595078388224e-01 8.393447660346005090e-01 8.393447542096152958e-01 8.393447632011560300e-01 8.393447613328108847e-01 8.393447648952727658e-01 8.393447628036511121e-01 8.393447631004096188e-01 8.393447655202614932e-01 8.393447606795112481e-01 8.393447585120179522e-01 8.393447597270046190e-01 8.393447622047383039e-01 8.393447633881706560e-01 8.393447577426512707e-01 8.393447656440006233e-01 8.393447652735157583e-01 8.393447659189878785e-01 8.393447596459758797e-01 8.393447633858212020e-01 8.393447637024304964e-01 8.393447601812433767e-01 8.393447666859710221e-01 8.393447636508536425e-01 8.393447585790209109e-01 8.393447621972600636e-01 8.393447644567176846e-01 8.393447599288922367e-01 8.393447619782655744e-01 8.393447643220164345e-01 8.393447604606492085e-01 8.393447604984670685e-01
8.393447631893135030e-01 8.393447666318932798e-01 8.393447649024726731e-01 8.393447635662517614e-01 8.393447651309539070e-01 8.393447648053540266e-01 8.393447656796234613e-01 8.393447640219106054e-01 8.393447650842477126e-01 8.393447620457291647e-01 8.393447654102764721e-01 8.393447613814835062e-01 8.393447644311189393e-01 8.393447639809482608e-01 8.393447622278427112e-01 1.000000000000000000e+00 8.393447604508602611e-01 8.393447636869013628e-01 8.393447609662575415e-01 8.393447586948000749e-01 8.393447623421095294e-01 8.393447574811233602e-01 8.393447642485049043e-01 8.393447649844746339e-01 8.393447629558306033e-01 8.393447666415123631e-01 8.393447650961909368e-01 8.393447669070058792e-01 8.393447651133864040e-01 8.393447647166470960e-01 8.393447624978258581e-01 8.393447660594911541e-01 8.393447625987455751e-01 8.393447600549274190e-01 8.393447641235539658e-01 8.393447619518500380e-01 8.393447643208634679e-01 8.393447635987208999e-01 8.393447640832801815e-01 8.393447661147170891e-01 8.393447613725444345e-01 8.393447655385438688e-01 8.393447597817704775e-01 8.393447613720261824e-01 8.393447664717343937e-01 8.393447668998880173e-01 8.393447635103445936e-01 8.393447611450985946e-01 8.393447618659886089e-01 8.393447654284394988e-01 8.393447617679139494e-01 8.393447648390415239e-01 8.393447625675232171e-01 8.393447618564611190e-01 8.393447568731295938e-01 8.393447603700244786e-01 8.393447655502502824e-01 8.393447652689512983e-01 8.393447617254085058e-01 8.393447647826320912e-01 8.393447651583172409e-01 8.393447588316398367e-01 8.393447619817119287e-01 8.393447655223772452e-01 8.393447653512450257e-01 8.393447654582333328e-01 8.393447624332149859e-01 8.393447608178373764e-01 8.393447648063740996e-01 8.393447630467871790e-01 8.393447614661488920e-01 8.393447664908557648e-01 8.393447647473100126e-01 8.393447631581907320e-01 8.393447651885194150e-01 8.393447604074422141e-01 8.393447628153314355e-01 8.393447640880952187e-01 8.393447626457096744e-01 8.393447651902531392e-01 8.393447583082654928e-01 8.393447646813003704e-01 8.393447609918474051e-01 8.393447631110430018e-01 8.393447636615032348e-01 8.393447640018106837e-01 8.393447620303251533e-01 8.393447620550305022e-01 8.393447640178860469e-01 8.393447634995792050e-01 8.393447661263585546e-01 8.393447630538979354e-01 8.393447658047034077e-01 8.393447654785411993e-01 8.393447635063597811e-01 8.393447650518154335e-01 8.393447658492068086e-01 8.393447658633904629e-01 8.393447635915488592e-01 8.393447615683061747e-01
