1.000000000000000000e+00 4.806854452701097569e-01 4.623942095742586966e-01 -1.199218758259805312e-01 -1.027827862402612979e-01 1.165285609088061308e-01 2.866695769583282316e-01 2.303915875977141647e-01 -1.116081571055527188e-02 1.778686645870251326e-01 3.157271651881959351e-01 3.963781243770247986e-02 -1.069107144579089924e-01 -4.194349128339954769e-01 -4.324859609566814034e-01 4.107084460769610534e-01 -4.668592891731597472e-02 -1.537346140060361077e-01 -2.413224757790548014e-01 -2.607581708688551103e-01 -2.644670983882164150e-01 2.842463680587838798e-02 -3.604695340890639588e-01 -4.040168039167162800e-02 3.452047287165092015e-01 2.137528218638975186e-01 1.508916004110163155e-02 -5.164741528278629645e-02 -3.732791581701608297e-01 -4.058430898813545351e-01 -4.217847310010203188e-02 1.013008449153314644e-01 8.537629789595417573e-02 -1.111944993235298162e-01 6.172214886584092425e-02 -2.206993719489614425e-01 -1.666478994352734444e-01 1.092301142613808645e-01 -1.780460927516871183e-01 1.854647541419628398e-01 -9.378012934529467159e-02 2.758816125698284605e-01 1.785737470507987867e-01 -5.874283845061682025e-02 5.928748967145289379e-03 -2.353013320625603477e-01 -3.653475208614608283e-01 -3.181361661546222019e-01 2.783220739298812238e-02 -2.026380272463419174e-01 5.746203631980020266e-01 5.906010691531843326e-01 2.339390791438938078e-01 2.899967013833698593e-02 1.620433037460183023e-01 3.202569116337727340e-01 2.526677576828417204e-01 9.888491765018801727e-02 3.629202753718521052e-02 4.418626487086881049e-02 1.897594187980924593e-02 -4.039709702810620473e-02 -2.041824792228793817e-01 -2.811541218517920604e-01 -3.330081578178905599e-01 -3.719419495887698046e-01 2.928251213748981896e-01 -1.132202582760629822e-01 -2.328356740078663667e-01 -2.990700915162730622e-01 -3.912243662870139027e-01 1.828444535021111483e-01 -3.038409932092789312e-01 -1.833299692671040704e-02 9.881747037599021566e-02 2.200251087489726864e-01 -2.456845914999594427e-01 -2.791644103676518829e-01 1.213298440634591469e-01 -1.403426028841147088e-01 1.533505962030874172e-02 -6.202776947124161167e-02 1.478158174803456126e-01 3.270262756110936531e-01 5.817517302110242899e-02 -1.695136615062325380e-01 -6.715172157880505699e-02 -3.001132278067081272e-02 -2.246683306407158964e-01 6.067109812085876019e-02 -1.269577117281201206e-01 2.355584322222795124e-01 -2.946208523635718279e-01 2.063898454420208528e-01 2.268734029243132388e-01 -5.089846871259756655e-02 -9.733247576202151696e-02 -2.223158997114941249e-01 1.199612722563645900e-01 -1.078526369463918139e-01
4.806854452701097569e-01 1.000000000000000000e+00 5.359258266112257862e-01 2.486193643738705550e-01 3.655714665972435995e-01 2.784633819848836844e-01 1.773222455966172728e-01 1.262044132153119502e-01 1.783647347304957026e-02 1.832652228023436414e-01 3.934515688658916759e-03 -2.001825169245353142e-01 -3.132989683470962378e-02 -4.371075974761387539e-01 -4.341973931520736185e-01 4.850402235198695289e-01 -8.803855084301002998e-02 -1.080498820477259758e-01 -2.520190204367598885e-01 -1.098582514204483884e-01 -3.020457324137216792e-01 -1.202666504266789449e-01 -3.755882542055970497e-01 -1.523648079187888693e-01 2.205251904118388229e-01 -9.218482246581691242e-02 5.553668175260275536e-02 -1.305581716794703973e-01 -3.051034707481711239e-01 -4.027541748777166419e-01 3.002594304987260890e-02 -2.009482655161134446e-01 7.078941454475744244e-02 -2.062240832664020140e-01 3.308648586333532565e-02 -1.247682390733450414e-01 -1.958253227124446827e-01 3.616062522095197379e-02 2.934181396599781777e-03 5.100068744872593429e-03 -1.887767873500442728e-01 5.726393281117948819e-02 -2.769039251802171697e-02 2.826167617357345369e-02 1.248652651626919706e-02 -2.057814434428772987e-01 -2.565836651558943138e-01 -1.788408138110331169e-01 1.591779040578956972e-01 -1.922580984577463847e-01 4.057415739154350276e-01 7.684541730969391971e-01 3.288202186971466157e-01 2.876788711773451412e-01 1.819888088971935158e-01 3.879017598423820101e-01 3.450606963767076651e-01 1.100954771152582411e-02 2.816842276024660863e-01 -2.191207139723338748e-01 4.067539602790144065e-02 8.102373614279139227e-03 -1.326288684031569631e-01 -2.646603448387060409e-01 -2.243759368695462664e-01 -3.241018497862827030e-01 2.976408715534832883e-01 -1.593872321627821387e-01 -1.664916014509256748e-01 -1.089525429508681614e-01 -4.035115808980925811e-01 1.733743118240828884e-01 -2.919790958329301911e-01 3.881437939992734426e-02 -4.695707878827897613e-02 1.232016525085349867e-01 -2.761507118287633844e-01 -2.949653230261970460e-01 2.811481707889143793e-03 -2.209037375377643497e-01 2.795969184265249905e-03 4.857577097403347616e-02 1.810758082667758284e-01 2.814268944762947644e-01 1.022170014028533080e-01 -1.052141908435937079e-01 -1.746451152656963157e-01 2.319613253612909723e-02 -1.495762651813649091e-01 -7.455998155113856274e-02 -5.773409626355704288e-02 -4.165548348153955832e-02 -4.843572997041250411e-02 1.376490963622117314e-01 7.202140540907456256e-02 9.559581745360104521e-02 -8.386800811166023051e-02 -1.039050971420714398e-01 9.008227187688620796e-02 -1.639350522437468261e-01
4.623942095742586966e-01 5.359258266112257862e-01 1.000000000000000000e+00 -3.743030714903933798e-01 1.751382103257745071e-01 4.400433478301269408e-01 4.475969527940363291e-01 3.456433098448691843e-01 6.525038398626380187e-02 1.961892427587536847e-01 2.659946953440983086e-01 1.665008972276838251e-01 2.009341099534136532e-01 -2.841977797022469110e-01 -4.201748626945033260e-01 2.039137739878758571e-01 1.796093181578924114e-01 -1.737946522801397942e-01 -2.193686992106221312e-01 -3.509178969295850825e-01 -2.390328411258876018e-01 2.381308806047176818e-01 -3.143423867270088157e-01 2.150501351706277930e-01 3.567170201096017679e-01 3.220401204824078767e-01 2.305336814564283299e-01 1.593243895988372683e-01 -2.308310117536493400e-01 -2.986596989007548331e-01 -1.979599612503829820e-01 -2.457723882024841211e-01 -2.600470764486493835e-01 -5.855331957189969377e-02 3.548248263484812814e-01 -2.548214711619949391e-01 -7.241277634946195751e-02 -1.035712877192044717e-01 -1.186776008872216653e-01 3.694978017038667573e-01 7.172049895261509156e-02 2.837622935502885912e-01 3.622430271305302485e-01 -3.568249469067942548e-02 1.132983933930983567e-01 1.034208273711448023e-01 -1.690410434191096933e-01 -6.680735453869565688e-02 1.175182465801682813e-01 -1.529010273322361224e-01 3.136585865232475734e-01 6.700609980148002354e-01 -2.705300976480782063e-02 -2.464544290655490688e-01 5.066674513475354358e-01 5.927052475697753842e-01 3.660470431120963486e-01 1.159744177658759284e-01 7.557871488976763974e-02 1.966554825953648056e-01 2.841115526401232216e-01 3.271161962265385359e-01 1.033579083012757804e-01 -8.705483561035014251e-02 -2.806546058759383233e-01 -3.216262618488117675e-01 4.617131660179241703e-01 6.440731506179478427e-02 5.646289671768869346e-03 -6.763668654771091970e-02 -3.777752094060604082e-01 5.259795962071998066e-01 -1.588507228563253715e-01 1.504931811123663699e-01 3.077447991646264924e-01 4.332901239837365082e-01 -3.695706906962505089e-02 -9.328188090998543180e-02 -5.715250252911073525e-02 -3.778190849362687009e-01 2.250812656649880672e-01 1.272605739456877383e-01 2.089054631807377993e-01 4.566740881630605431e-01 3.818021690540794877e-01 1.112308810370893769e-01 -5.247934145320688054e-02 2.282659246192916269e-01 -3.669991157840173934e-01 2.762592899791354584e-01 -4.689509105140752809e-01 2.113215787714950999e-01 -2.369980668998184770e-01 1.797122887042056361e-01 3.851254967161593101e-01 4.890210455092661862e-02 2.381642384994869521e-01 4.746617733670865230e-03 2.960572607664505376e-02 -1.939608299898819832e-01
-1.199218758259805312e-01 2.486193643738705550e-01 -3.743030714903933798e-01 1.000000000000000000e+00 3.456146605116056647e-01 -4.937609196301567804e-02 -3.141610286586611900e-01 -3.261346346085282621e-01 -9.348800907696554197e-02 3.393438517254459413e-02 -4.602658065677475707e-01 -5.725957295693681059e-01 -3.593664393206285612e-01 -1.915227841965782829e-01 -8.525519663448217003e-03 3.775694297228799345e-01 -4.899271299020066528e-01 -1.824413609194153532e-02 -6.089812027870455252e-02 1.877685367733037680e-01 -8.066789921258901708e-02 -5.239322370088367320e-01 -1.201333421684627617e-01 -5.011723045567160195e-01 -1.922898517014381137e-01 -6.024056930301548984e-01 -4.111605590775322394e-01 -5.089869243333077220e-01 -1.422456817898962167e-01 -1.427822533766106294e-01 3.183713227587581240e-01 1.007735814857217832e-01 4.800317867516099013e-01 -2.970146307764909288e-01 -4.766693588152726146e-01 7.752389080479415995e-02 -2.201870526987459442e-01 8.081658455795628915e-02 2.759465114216708148e-01 -4.164926383600421333e-01 -4.028681756889044285e-01 -2.549872960577124759e-01 -4.980869968451984708e-01 1.116558923062499764e-01 -8.135888700146802488e-02 -4.902757086783154916e-01 -1.763682002437901297e-01 -2.242112558014082435e-01 -5.615130318578116786e-02 -8.431889127894487412e-02 2.569961648366080390e-02 2.085486864384729702e-02 4.951086010807018156e-01 8.106796436064621636e-01 -3.716975278246315018e-01 -2.027910030416659459e-01 -1.091643710471677797e-02 -1.937184632145718122e-01 3.602846377032666858e-01 -4.265607938756877382e-01 -3.408861040585568492e-01 -4.704325107473457113e-01 -4.134937432233385946e-01 -2.788463570543361358e-01 4.128368357845197539e-02 1.244557480226073619e-02 -1.996691529282345334e-01 -4.015787409560541144e-01 -2.887668273195611035e-01 -1.717459276420512937e-01 -6.417187297818116587e-02 -5.102508494631162739e-01 -2.782414366899302327e-01 -1.547084431163754381e-01 -4.810338194212526175e-01 -3.852695526511678570e-01 -3.670264248775964577e-01 -3.003738470174678321e-01 1.122157075608686411e-01 2.604315566431448792e-01 -3.546912052023480366e-01 -1.816414998402321457e-01 4.059603654458755068e-02 -2.832606077406803480e-01 -4.565333779279833748e-01 -3.848029065573674856e-01 -2.103149742087211393e-01 -3.402826366105154432e-01 1.794678260902699551e-01 -5.208255744416762090e-01 6.118844788152862924e-01 -3.503466239223534950e-01 2.525109238385980226e-01 5.516201839595412382e-02 -2.808419015982537292e-01 7.977970483920396316e-02 -5.011344137306208424e-01 -2.981818639871119947e-01 -9.787657203735068701e-02 -1.914903509327272116e-02
-1.027827862402612979e-01 3.655714665972435995e-01 1.751382103257745071e-01 3.456146605116056647e-01 1.000000000000000000e+00 2.365023849704986636e-01 -1.023675748011181191e-01 -6.600215936409310757e-02 1.721516793191293360e-01 8.246041212046684166e-02 -2.087343552922164280e-01 -1.201610366890238230e-01 1.361903211614641229e-01 -1.217049070245147802e-01 -1.069657342950421225e-01 3.223288921372435833e-02 -7.649632131957391501e-02 -5.759957755196404294e-02 -1.005078343488686882e-01 1.224968479646492414e-01 -9.017025629951404275e-02 -1.660689831100301550e-01 -1.248966577477556433e-01 -1.808018405385093952e-01 -5.868188345038566345e-02 -2.677438082541942488e-01 -9.046061674606997727e-02 -1.698160254947597703e-01 -1.060203973696653562e-01 -1.179178066469523112e-01 -9.144277253419664728e-03 -2.194389118353324009e-01 3.212274958547522985e-02 -1.204784074623511114e-01 -9.232183887616790541e-02 1.367409380636475935e-01 -3.204682380433496180e-02 1.481803842924077526e-02 1.189649773564586260e-01 -1.452546666385272633e-01 3.599111568483947740e-03 -1.474375279357745261e-01 -1.184218296078689836e-01 1.606392711199422230e-01 7.241933036382335043e-02 -1.070039703422182298e-01 3.316619872768427658e-03 -3.969584081441022289e-02 5.642406135723562061e-02 8.734947381843241598e-02 -6.966048451884009063e-02 1.755297522838971114e-01 2.183175422543007921e-02 3.486175412169300603e-01 1.796653851044325012e-01 5.711055571712778806e-02 1.178439972847491329e-01 1.185275904526346680e-01 2.960392743958433215e-01 -1.571778369143174980e-01 9.691839416485406979e-04 6.776220229181996457e-02 -4.509910543216558848e-02 -1.415615184092308410e-01 -5.435105489745606366e-02 -1.006103753469226869e-01 3.286791115067887181e-02 -1.168435813788134964e-01 -1.455600667170604268e-01 1.946740913989947197e-02 -1.287229599680861647e-01 -6.831549531738698167e-02 -2.185465788922343611e-01 -9.772514487471730890e-03 -1.492503217395490245e-01 -1.638944569942410723e-01 -1.215325484376439114e-01 -2.376116449732619818e-01 -6.777738719625082953e-02 -1.809013182788254681e-01 -1.921708645574905228e-01 2.054362289711621492e-01 3.467992016950966622e-02 -4.496935018938916923e-02 -9.583306824084708575e-02 -1.425336417567659719e-01 -6.113270566465064948e-02 -5.267917807303470340e-02 1.539641953458730506e-01 -9.597698077696328878e-02 8.958116519887396323e-02 -1.382071967372801302e-01 1.952197457014167026e-01 -7.872745020889185263e-02 -1.280845077119837083e-01 2.333941525267005934e-01 -1.075957833768682870e-01 -1.295584107218834546e-01 -9.246043113727798676e-03 6.191247038143295189e-02
1.165285609088061308e-01 2.784633819848836844e-01 4.400433478301269408e-01 -4.937609196301567804e-02 2.365023849704986636e-01 1.000000000000000000e+00 3.768206663085199026e-01 1.940493447911630920e-01 1.088475566628671759e-01 1.965493187788135698e-01 -2.255197103757805924e-02 -1.341956822447664122e-01 3.584472539363436905e-02 -1.637577822999539134e-01 -2.387017440928095591e-01 8.209839438872615358e-02 3.090834647411806052e-02 -1.487017644051504550e-01 -7.663421422894955981e-02 -1.590757934967856890e-01 -7.224457356494891347e-02 5.005452554162861251e-02 -2.494977913787493340e-01 4.585226442145998171e-03 -5.831885603495328557e-02 1.291040695533840618e-03 2.463302624024338652e-02 -4.348745542677165399e-02 -1.678295194125232204e-01 -1.498364436008164380e-01 8.935278310845617966e-02 -9.024981675328622166e-02 -1.562986459791225746e-01 -1.163158930279204750e-01 2.331964778637342917e-01 -1.067377012503762379e-01 7.933685696744448290e-02 5.881185479922008963e-03 3.655545652966311065e-01 4.465022088915794884e-01 1.669340748582027745e-01 2.121041088800235397e-01 2.990778330275940533e-01 3.515593608764286393e-02 1.927453237773640304e-01 2.536873081741823632e-02 1.945527956467141273e-02 -3.380669966503263129e-05 3.477488448235389051e-01 7.759920979936553442e-02 1.015041344992183153e-01 3.122268453322106785e-01 -1.581070313489416762e-02 -4.034279325416612917e-03 6.320383465050666283e-01 6.104877197797294874e-01 2.315150000660234908e-01 -4.971249690352210794e-03 1.341630734502674838e-01 1.513172016553309684e-01 1.368359370047120271e-01 1.608704726942100371e-01 4.173815648310813010e-03 -7.032510156379329080e-02 -1.087507013556977403e-01 -1.811283286431782935e-01 3.254654492892041784e-01 -2.570219632872599788e-02 -7.270385399162165863e-02 -1.166489305316409791e-01 -1.749783604674424453e-01 2.523568640675423191e-01 -1.806423901897526441e-01 1.055320030945443299e-01 6.202000801507103617e-02 3.413391859418163365e-01 -1.699580809652827540e-01 -4.152985143075098307e-02 1.486256236779073259e-01 -1.264098903040411503e-01 -4.479343723322552762e-02 6.576149170235974506e-02 2.142210368632947726e-01 2.511143344186398396e-01 8.781713423830443677e-02 3.276626012337294225e-02 8.386975104782181918e-04 5.050589613685992074e-02 -1.452508635268263126e-01 3.671855062562272981e-02 -1.680152937065499674e-01 5.570709455317624827e-04 -6.651197084517200542e-02 2.474801736867593693e-01 2.192761988234610271e-01 1.003045214539258490e-01 8.833884236203261298e-02 -3.884184039062115595e-02 8.110646696474851924e-02 7.014060962036580693e-02
2.866695769583282316e-01 1.773222455966172728e-01 4.475969527940363291e-01 -3.141610286586611900e-01 -1.023675748011181191e-01 3.768206663085199026e-01 1.000000000000000000e+00 6.200898301617066011e-01 1.685767101547737956e-01 3.613898476689259565e-01 1.720797349494824213e-01 7.065343738614135449e-02 9.742704818473700568e-02 -2.764789220643428802e-01 -3.857922510084443313e-01 2.244394628195491015e-01 1.128282883249553531e-01 1.052614819885917402e-01 -2.291718508009032429e-01 -1.971905023922161659e-01 -9.810079879599199748e-02 3.128129138009976828e-01 -2.038966248720446017e-01 1.144794696254303468e-01 1.186405547519727849e-01 2.611770583108865562e-01 1.774943188804206928e-01 7.413783942206454702e-02 -1.269435396151731565e-01 -2.300314010248103724e-01 -7.153865895175116896e-02 -1.979719611884759589e-01 -2.212901728698002668e-01 9.050734567907028905e-02 3.320618449584119003e-01 -1.933917000367875727e-01 -1.057905893842340656e-01 -1.534063457413225584e-01 1.632188819894881543e-02 6.543754868904098076e-01 2.201945375327597210e-01 1.920090058971167524e-01 4.266301474985259023e-01 2.900008844997271733e-03 2.539137406489808124e-01 5.968729835242633786e-02 -1.795268192023141973e-01 -6.462085735626159344e-02 1.448869241343175018e-01 -6.255549725701838037e-02 1.908832650890489313e-01 3.023295453639263108e-01 2.778390256768028740e-02 -2.723677356119865722e-01 3.930625565709628955e-01 3.958133586710685936e-01 4.574260305433675011e-01 1.566134685305408669e-01 7.367152303232797628e-02 1.881683768196507900e-01 2.110700078334647456e-01 1.959750357703901047e-01 -7.595773656001410246e-02 -1.578799840403956600e-01 -2.527371288204661726e-01 -3.454314776311252499e-01 5.347814492082645366e-01 -3.779131972262964739e-02 -7.593645198141463215e-02 -3.216473101055581513e-02 -2.000792377423991353e-01 4.092805294843643860e-01 -1.155425062914068879e-01 3.186773615820972516e-01 2.721452156425486768e-01 3.515332949351018255e-01 -9.455045123166110066e-02 -8.377451456762101401e-02 -8.051751312109656916e-03 -2.637371968066470340e-01 1.186253117903594834e-01 1.830152439838181322e-02 3.638761016646624435e-01 4.351466418381341184e-01 2.965808665616597728e-01 1.184872017479733468e-02 -9.939566272219262089e-02 1.143329310285433054e-01 -2.872197905213731972e-01 2.353973878351106330e-01 -3.474627314687812607e-01 1.627777856049951177e-01 -1.369239022142000051e-01 2.039271756312190931e-01 4.515728946345047290e-01 3.797074611807300243e-02 1.536656517702690572e-01 1.102674623300307086e-03 5.384657822797477011e-02 5.987641368986252287e-03
2.303915875977141647e-01 1.262044132153119502e-01 3.456433098448691843e-01 -3.261346346085282621e-01 -6.600215936409310757e-02 1.940493447911630920e-01 6.200898301617066011e-01 1.000000000000000000e+00 4.066260792288913239e-01 2.464785821654196518e-01 2.635375553059013387e-01 1.804499014750333141e-01 1.381669584414918772e-01 -2.489629079488858698e-01 -3.593092418308589386e-01 8.562427808516383243e-02 1.284182100045810349e-01 1.043596811305462224e-01 -2.436194880966090770e-01 -1.675875273127824805e-01 -9.995720547248086729e-02 2.748124624407596861e-01 -2.740815890517306896e-01 5.763472359433097908e-02 1.557075289088572234e-01 2.853659409222565890e-01 1.756836128207897307e-01 6.566056614190808605e-02 -2.561885028393762198e-01 -1.671757724674085566e-01 -1.081556049561301081e-01 -1.671488808394578085e-01 -2.520193740864534182e-01 2.062525367579524579e-02 3.491732461869134219e-01 -2.927671698921466975e-02 1.313981660702927615e-02 -3.462626020984435615e-02 -1.445819620752807413e-02 4.955209252908422957e-01 2.753616043457314810e-01 1.957464574435655025e-01 4.036484417999006147e-01 1.191523871406580115e-01 2.309561168466874037e-01 9.477906847661848877e-02 -1.568162483219514569e-01 -6.406052732949979456e-02 1.331191174916079301e-01 1.310233896770276463e-01 1.502841589817538737e-01 2.323764671137700244e-01 -5.373691097545191253e-02 -3.229702895797356144e-01 2.713939496022566011e-01 3.697742202242396692e-01 4.764084284501983180e-01 3.971636409214160945e-01 -2.078646326637060421e-02 2.055157247938516896e-01 2.692830498407950968e-01 2.171154841867147522e-01 -3.491972795398957941e-02 -1.845677103705240796e-01 -3.174948519310064055e-01 -3.822123692135310780e-01 4.485929526908282172e-01 1.886443714465483104e-02 -1.074141101681775345e-01 4.901836806380752837e-02 -2.097780996479960136e-01 3.884605141053278921e-01 -1.740291244708115082e-01 2.948474976417381210e-01 2.607826903542185271e-01 2.456312905894161569e-01 -9.354196343134200953e-02 -1.887464152888401192e-01 -4.549631119922782629e-02 -2.783034027116211839e-01 -3.816378485843805596e-02 9.880425524080863053e-02 2.453353134940485514e-01 3.221590174733674483e-01 2.408845211608706405e-01 4.660831529827462981e-03 1.957879453806736156e-02 4.084612717786955532e-02 -1.200602256636148918e-01 1.601148595205788006e-01 -3.295726843713119858e-01 2.540168777536179756e-01 -4.512196514565407907e-02 7.195249553982856205e-02 3.226560506644822746e-01 6.882927723806814280e-02 1.088773232615828090e-01 7.223589147649929487e-03 1.751661686054683531e-01 8.591014145965192306e-02
-1.116081571055527188e-02 1.783647347304957026e-02 6.525038398626380187e-02 -9.348800907696554197e-02 1.721516793191293360e-01 1.088475566628671759e-01 1.685767101547737956e-01 4.066260792288913239e-01 1.000000000000000000e+00 2.297864632695111597e-01 2.068481806620408037e-01 1.530326974232800175e-01 1.663532009923148480e-01 -1.342765587667181515e-01 -2.089880272398863537e-01 -1.029930528282198554e-01 9.641650651963241947e-02 8.017072017803857087e-02 -1.359358743365354505e-01 1.217189522423540587e-01 -1.412533070517817957e-01 1.443956695753864372e-01 -1.985210578522144942e-01 -2.519407465656404652e-02 3.999372264050255615e-02 1.260010587922759384e-01 9.045467255947510499e-02 -9.314744919140515236e-03 -1.010109468030826463e-01 -1.736289243480960698e-01 -9.872047380826365348e-02 -1.543343441036985064e-01 -2.359129922471188134e-01 -3.537039506917337428e-02 2.147730827547316701e-01 3.687267788570582905e-01 1.062574828514997877e-01 -1.574631583279650915e-02 2.963764354656092323e-02 2.849540269983979468e-01 3.089602508435898010e-01 1.223380953463267945e-01 1.954947184279231809e-01 2.017603600995091229e-01 2.784914029966025217e-01 1.115533857837756743e-01 2.751444620697801949e-02 -3.799848491988084415e-02 2.586280974203415961e-01 3.743559743174342258e-01 3.417360062213196242e-02 -2.082073350293506264e-02 -1.156011164851966366e-01 -8.916110292276932525e-02 2.157035019264072484e-01 1.543454575579801535e-01 2.530817495349693691e-01 5.360456144134703171e-01 9.656652588374674273e-02 3.561945195978501177e-02 1.598308344621329757e-01 1.864801624997841356e-01 2.826049689043557897e-02 -2.134664452329026185e-01 -2.542005482113072201e-01 -3.024747908206635305e-01 3.223561689314742296e-01 4.177879966498067137e-03 -1.126810979304033594e-01 -2.760020592154182467e-02 -1.755822419349672703e-01 1.731314958988685038e-01 -1.973168787063332152e-01 2.464774593693380422e-01 1.561530146433226796e-01 5.122455362420397229e-03 -8.990288074400200335e-02 -2.885746139067820182e-01 -7.236505639126006306e-02 -2.535328805287250242e-01 -1.440942290071349496e-01 2.223182831089284273e-01 2.085526206727289500e-01 1.531266479732745212e-01 8.171375265126899767e-02 -9.950705654772400155e-02 6.256292079431355260e-04 6.811983691438190658e-02 2.433043171633157697e-01 2.100267995319103076e-01 -1.263229999239888490e-01 1.809894547170435297e-01 7.144814590590843617e-02 -4.350896326538006287e-02 1.334786675089458530e-01 2.352745897797914598e-01 7.464487635756507367e-02 -9.164277133150590393e-02 2.782332270213535574e-01 3.273415163727384503e-01
1.778686645870251326e-01 1.832652228023436414e-01 1.961892427587536847e-01 3.393438517254459413e-02 8.246041212046684166e-02 1.965493187788135698e-01 3.613898476689259565e-01 2.464785821654196518e-01 2.297864632695111597e-01 1.000000000000000000e+00 2.335273967421388694e-02 -3.878235865738693944e-02 1.742420150322087913e-01 -3.485760769952211957e-01 -3.541322198295534518e-01 3.205219116779286503e-01 -1.057768142530164379e-01 -1.179297414613223599e-01 -3.371001649653562748e-01 -1.296970203473046257e-01 -2.528264479764057437e-01 1.448369985810391558e-01 -3.888603395994522649e-01 7.830155936704484912e-03 6.464693090389406205e-02 8.860359617574840863e-02 9.285222768171060015e-02 2.634218013231907560e-02 -2.491862219436290771e-01 -3.067278077946872794e-01 -1.412466179869315830e-01 -2.954040918764596624e-01 -1.176290135317216018e-01 -2.169773804506797688e-01 1.453628503335921973e-01 -2.016031448681201155e-01 -1.875507376075972454e-01 -2.009897230332837459e-01 1.567911212258288056e-01 3.674264050144337435e-01 -1.292229651962952808e-01 2.561848550156309856e-01 2.148577034800906449e-01 2.733057217713387166e-01 3.567840992037935033e-01 -1.256973794323133220e-01 -3.130864173548579266e-01 -2.831808140565361120e-01 -6.229911989295470326e-02 -1.298926367447740260e-01 8.699511767489272185e-02 1.617217072469353256e-01 1.181725645840754485e-01 1.010394485794459951e-01 1.212101222973425985e-01 1.354874050396038254e-01 4.799456396980730233e-01 2.372284687975292905e-01 5.530985552587414089e-01 1.659622865532663916e-01 4.217640181725899051e-01 2.279824459320175523e-01 -1.339002170197444996e-01 -3.012757250662980724e-01 -2.934514584288468453e-01 -3.334289462081627686e-01 4.295786245780715551e-01 -2.154506005115839340e-01 -3.559098648241540430e-01 -2.762705255236252988e-01 -3.272924174743084835e-01 2.422962308958340749e-01 -3.572185944850123085e-01 3.449092219242452240e-01 2.959606509704336696e-01 3.573345965324462581e-01 -2.635822755470060286e-01 -2.049743094390930609e-01 -1.227139778292087036e-01 -3.756129999648338824e-01 6.313492818034795694e-03 -8.820276088884715371e-02 4.305278397084605913e-01 4.218557453290371906e-01 1.767587527968390304e-01 -3.122940128046989283e-01 -1.477567279271877476e-01 2.071611746304676815e-01 -1.775595304042915656e-01 1.443875921024351250e-01 -2.021052050745088535e-01 -1.124821827968166266e-01 -1.003355463067186065e-01 2.193036605143648676e-01 4.666787227802761673e-01 3.078889589863635923e-01 -2.157270448235364471e-02 -2.907444006326845298e-01 -2.069625510135640889e-01 -5.080838221124397286e-02
3.157271651881959351e-01 3.934515688658916759e-03 2.659946953440983086e-01 -4.602658065677475707e-01 -2.087343552922164280e-01 -2.255197103757805924e-02 1.720797349494824213e-01 2.635375553059013387e-01 2.068481806620408037e-01 2.335273967421388694e-02 1.000000000000000000e+00 5.368365184329166873e-01 2.158955651093274475e-01 4.885024584640704215e-02 -1.022719597653507298e-02 -2.459393865691879566e-01 2.723169686544320567e-01 -1.404034360643134360e-01 -1.866198250272246145e-02 -1.854771150851694528e-01 -6.041363772740963173e-02 2.614961517862521845e-01 -4.098083515817013689e-02 2.471511770191255342e-01 4.070342794108354201e-01 5.821521574215158257e-01 3.013574028217667067e-01 2.966043123573796625e-01 -3.883943202880751899e-02 2.975887265017104419e-02 -1.397506874181556891e-01 7.736995423543040207e-02 -1.871659455179291998e-01 1.163998878856097180e-01 3.588604659511948070e-01 4.527202281174943360e-02 1.396253965473957248e-01 1.419004955407112134e-01 -2.426303016407706237e-01 2.664256714988658681e-01 2.849599924727572731e-01 1.717210709262503021e-01 3.449612133869333075e-01 -1.273252845141398804e-01 -1.971286728935787644e-02 2.329848430009337223e-01 6.969248088166292432e-02 1.317725798643748780e-01 2.541170547421562342e-01 1.591086668778947943e-01 1.655396713537003461e-01 1.514151343971347763e-01 -3.237286541648068394e-01 -4.210409795755450379e-01 1.475987970530604765e-01 1.822596343709082800e-01 -1.873383886368673243e-02 1.020085205667510542e-01 -2.940399455273001728e-01 2.294786577180316089e-01 2.229241434789339948e-01 2.312662774476333394e-01 2.261233144827883013e-01 9.906320016436140352e-02 -8.373160744038815606e-02 -8.094379851279433213e-02 7.216705862640201974e-02 2.099736024612680052e-01 5.401295744407984961e-02 -7.210061602722253604e-02 -9.774954756878032058e-02 2.954648690431845859e-01 7.258632548423900321e-02 -3.886494133492363751e-02 2.617314288262445054e-01 2.840082790824448589e-01 1.241757275744524158e-01 5.102455084582548095e-02 -1.493263730897178426e-02 -1.305794272732427597e-01 1.172914478864841847e-01 9.775406690590986158e-02 -1.244467062644752930e-01 2.013844300020002920e-01 1.999933431571310760e-01 1.861419025550859752e-01 9.607387055690892741e-02 1.149437826192328815e-01 -1.149048955553484547e-01 2.520087303019377667e-01 -2.831621586884950359e-01 3.491604911607645301e-01 -5.858776752522586173e-02 -2.075211313514909450e-01 8.070736724109370264e-02 -8.546679046497172860e-02 2.514804599352834513e-01 1.282182994807112286e-01 3.224840857304070441e-01 1.201729712652256366e-01
3.963781243770247986e-02 -2.001825169245353142e-01 1.665008972276838251e-01 -5.725957295693681059e-01 -1.201610366890238230e-01 -1.341956822447664122e-01 7.065343738614135449e-02 1.804499014750333141e-01 1.530326974232800175e-01 -3.878235865738693944e-02 5.368365184329166873e-01 1.000000000000000000e+00 5.109263915201857076e-01 4.211594761337777437e-01 2.459757350829246403e-01 -4.600160401718734193e-01 5.133040983343472030e-01 -6.766797651069300645e-02 2.214517231428493327e-01 -1.392662708379723280e-01 2.323800438385067724e-01 3.666041645507434055e-01 2.365588348306130184e-01 5.028078922537565498e-01 9.561176502533171029e-02 6.344758294383828767e-01 3.226813277487861620e-01 4.419965300087393967e-01 1.520683698077624491e-01 3.742044941619753762e-01 -3.713443462930717254e-01 9.694411707684716384e-02 -3.427799021825293502e-01 1.706685201054959911e-01 2.884393297597843131e-01 1.287904812250561803e-01 2.863733512551664417e-01 4.713276865708460744e-02 -2.782809512173285427e-01 1.743478172411902227e-01 4.504054559859148044e-01 8.153719954940033543e-02 3.107541870385966964e-01 -1.804953834726685524e-01 -1.032115017874278701e-01 4.390922551411469144e-01 3.079544619331340827e-01 2.904795573658263130e-01 1.140529238996440958e-01 2.179097575950678656e-01 -7.501983686580654398e-02 -8.679175447742441818e-02 -4.833720389725462141e-01 -5.465695442526579129e-01 2.395550101990986946e-01 -5.454082505218971894e-02 -2.041262002013145838e-01 1.558439816711519321e-01 -3.713060134324103201e-01 4.734384179168364959e-01 4.081948430942503592e-01 4.628274547589941168e-01 5.189601056327464157e-01 4.033144200159589632e-01 2.001003563172453481e-01 1.625178366980432887e-01 -2.552723043219149238e-02 4.491917773779570133e-01 2.500489144866506197e-01 1.252246243365797984e-01 1.871461051913243800e-01 3.165278701123651062e-01 3.541324181296763296e-01 -1.146923113699785737e-02 3.971717682183169562e-01 1.308237754690466936e-01 3.988128111918863294e-01 3.518858810010165317e-01 -1.074158569297232468e-01 -5.088001364410973948e-02 1.760331885197543300e-01 1.509120031667875450e-01 -2.930323478113837088e-01 5.100749346123600175e-02 2.237866952905263884e-01 3.061681832545353754e-01 2.705374529979306386e-01 1.640469570586841896e-01 -2.744576827697734964e-02 3.733279519260957469e-01 -3.584169688228783235e-01 2.952691356020092361e-01 -1.198021047104817077e-01 -2.860707378420739300e-01 -1.831368420001867892e-02 -1.349961098149010663e-01 3.747408207097350785e-01 2.400720025176046046e-01 1.796609933162441608e-01 1.485189745406897410e-01
-1.069107144579089924e-01 -3.132989683470962378e-02 2.009341099534136532e-01 -3.593664393206285612e-01 1.361903211614641229e-01 3.584472539363436905e-02 9.742704818473700568e-02 1.381669584414918772e-01 1.663532009923148480e-01 1.742420150322087913e-01 2.158955651093274475e-01 5.109263915201857076e-01 1.000000000000000000e+00 3.265217901958982760e-01 1.315154484679740277e-01 -3.324080122911565183e-01 5.189904339391636645e-01 -4.868572412890352814e-03 1.337929163601695448e-01 -1.978286716676039628e-02 2.459927263204035250e-02 4.583192694868858941e-01 1.546704612809697288e-01 4.030619763627716901e-01 -4.055873201938208633e-02 2.853920913869859022e-01 4.901059603924938779e-01 4.664662099554438557e-01 1.934060009403000546e-01 2.894775370226164712e-01 -1.527637257887693722e-01 -3.002607432168609702e-01 -3.617408736217249676e-01 1.660209195155368245e-01 3.457635333656114418e-01 1.276705822452066097e-01 2.777748472010553860e-01 -5.559657101771806054e-02 -1.032521342451376695e-01 1.282978995255001087e-01 3.920710829472798253e-01 -1.686887229262808499e-02 2.596333407740979982e-01 8.055309512400302130e-02 1.412786691726516941e-01 5.203620171621212709e-01 3.665732592171552229e-01 3.143180869660270327e-01 1.548501731005352267e-01 2.128088604531668815e-01 -2.599789592500078572e-01 -2.491258306550854854e-02 -4.211174365399810160e-01 -3.106284596593854030e-01 1.966649627883018114e-01 -4.321802476289735712e-02 5.737143464139835003e-02 1.469324629586346853e-01 4.553438158567614524e-02 2.295612205520168037e-01 5.386015204345272478e-01 7.669010786243058986e-01 6.352772621058635494e-01 3.686642492469237031e-01 1.295267647992809079e-01 9.686394860666734663e-02 6.080809520029260840e-02 4.234101353777004473e-01 1.627168968258283777e-01 2.090580719597275039e-01 1.548666907962661585e-02 3.645941393296054378e-01 2.086439628733677554e-01 8.337387783304538169e-02 3.480546311091627931e-01 7.973614449021958206e-02 3.244845160541749984e-01 3.469343898693919570e-01 -1.837505324055352662e-01 -3.128038769275623965e-01 1.245186037762255893e-01 1.880945362109342767e-01 -6.033586703459296180e-02 1.554021295899075117e-01 3.968339958857368677e-01 2.748028242672927446e-01 1.156578256735283639e-01 3.459443675461689183e-01 3.422289954167211101e-02 3.190687814004553036e-01 -3.761085513973169148e-01 4.183018764853825566e-02 -2.156245007799462501e-02 -2.195496554288613178e-01 7.456589856793933990e-02 1.570730948360540835e-01 4.524581185049975640e-01 2.477594653627792631e-01 9.451752030840501750e-02 1.183983612102878225e-01
-4.194349128339954769e-01 -4.371075974761387539e-01 -2.841977797022469110e-01 -1.915227841965782829e-01 -1.217049070245147802e-01 -1.637577822999539134e-01 -2.764789220643428802e-01 -2.489629079488858698e-01 -1.342765587667181515e-01 -3.485760769952211957e-01 4.885024584640704215e-02 4.211594761337777437e-01 3.265217901958982760e-01 1.000000000000000000e+00 7.456471226879778369e-01 -5.398432481570514252e-01 4.725675294087961498e-01 1.522437758076201353e-01 6.670242638298043980e-01 1.433038065465676858e-01 5.102154157716737304e-01 1.717131119537304018e-01 6.864648299187153802e-01 3.574409561761234810e-01 -3.077204425702743107e-01 1.263633851943704034e-01 1.446620274492242952e-01 3.410782684612514437e-01 4.787682479567811900e-01 7.705291105104843385e-01 -1.377041917808350668e-01 1.767718013118665665e-01 -1.694976255935958520e-01 3.065344345162718809e-01 -1.261004051394556610e-03 2.273985368488745107e-01 3.642547160477360157e-01 7.012992395754054364e-02 -2.848387244257541417e-02 -1.264778178058010016e-01 3.291160730584825611e-01 -1.486328152072983466e-01 -7.140271535552038251e-02 -2.163873620297793177e-01 -2.091846002509691604e-01 4.523265741192181721e-01 6.759742905404567681e-01 5.450812490090342077e-01 3.104294550912011993e-02 2.171651103605568012e-01 -3.723872534261226108e-01 -4.204289083421798856e-01 -4.268886123012941569e-01 -2.630519307492005798e-01 3.263095985623568757e-02 -3.372028959589010721e-01 -5.174544184654499279e-01 -1.686433377814431089e-01 -4.200055355500814103e-01 2.031994309752475913e-01 -5.629520277754768674e-03 1.817916328481042898e-01 5.527883809360453204e-01 7.396421358848910277e-01 6.541705211595194580e-01 6.743099478669138946e-01 -4.401352306851092355e-01 5.566604313771339463e-01 5.546418438743834223e-01 4.004936095725020739e-01 6.136694820658622485e-01 -7.547237006347587429e-02 6.657825796479587277e-01 -1.655993648171373289e-01 3.108150148256071110e-02 -2.304669419160093879e-01 5.779593040552590821e-01 6.148733350531708775e-01 -8.768506580661490635e-02 2.311136081867959102e-01 1.186247553819999301e-01 1.159178515416203342e-01 -4.467376048690429036e-01 -3.545684556541207066e-01 -4.457932777479360620e-02 4.003199865165406601e-01 3.580625179029228722e-01 4.143516091265903034e-02 1.923750767996450506e-01 9.048242524627654604e-02 2.789038002691007659e-04 -4.129611358601069371e-02 5.985014535376367156e-02 -3.354222442643531865e-01 -3.584432396465594972e-01 -2.219350906847642746e-01 2.850050120524189046e-01 3.984933862817042760e-01 5.538309295168072910e-02 1.492636166215713378e-01
-4.324859609566814034e-01 -4.341973931520736185e-01 -4.201748626945033260e-01 -8.525519663448217003e-03 -1.069657342950421225e-01 -2.387017440928095591e-01 -3.857922510084443313e-01 -3.593092418308589386e-01 -2.089880272398863537e-01 -3.541322198295534518e-01 -1.022719597653507298e-02 2.459757350829246403e-01 1.315154484679740277e-01 7.456471226879778369e-01 1.000000000000000000e+00 -4.231037156498000384e-01 2.027906783666083845e-01 1.585422144587395610e-01 5.785663096090721824e-01 2.384882147599757252e-01 5.763445348034134108e-01 -7.558322152993679488e-02 6.473762722916557300e-01 1.988595982324272982e-01 -2.323471967724716758e-01 7.055475657764673225e-02 -9.413905024161036209e-03 1.916921111904916486e-01 4.971613817009246095e-01 7.060634531866687436e-01 -6.005803722124285898e-02 2.053543550332931900e-01 -3.869814599588721621e-02 1.881397690409963297e-01 -2.173363426882535532e-01 1.927495598011281230e-01 2.457267977363787881e-01 7.103095172638025645e-02 -4.393708519015789016e-02 -2.905965256444114075e-01 5.840929327416374134e-02 -2.862453668661191220e-01 -3.243437038612129175e-01 -2.783151420168702428e-01 -3.554621148140648668e-01 1.643816430362739500e-01 4.376943725933363227e-01 3.355264504648888813e-01 -2.339827183815043274e-02 9.065445866094119787e-02 -3.445653231851454890e-01 -4.461222128943170828e-01 -2.615952217735612040e-01 -1.071035259146523311e-01 -1.123995382619048522e-01 -4.106995359472244700e-01 -5.565810157029169591e-01 -2.345298963411549253e-01 -2.834779257350633075e-01 1.522333327995987196e-01 -3.959931679807553867e-02 1.629451255100949209e-02 3.748785404351592798e-01 6.076998693654285244e-01 7.107697074590092479e-01 8.419768016547998224e-01 -5.033491955602659162e-01 4.010052591912755537e-01 4.203114037614784082e-01 3.097044175591936455e-01 6.893623059251219320e-01 -2.682724256479115388e-01 5.983346000140067344e-01 -1.527786663522156807e-01 1.365601683360414403e-02 -2.104285156590902373e-01 5.271878290178309001e-01 6.105148481605313648e-01 -1.020254973824527567e-01 2.986417498488890820e-01 1.153894814823612086e-01 -4.204679355444998490e-02 -5.225282729511039337e-01 -4.735144296319414026e-01 -1.819642293747283091e-01 2.600215534501284509e-01 2.811292954193760352e-01 -8.583351551995774265e-02 1.837926078117549100e-01 -1.472902939730125899e-02 1.029596206672973718e-01 -9.042818156521145734e-02 1.657384854182127332e-01 -3.332852005705128628e-01 -4.729876042205266584e-01 -3.076197615382842976e-01 3.942479053685075951e-02 2.334209242576683330e-01 2.093943188270712408e-02 8.581461390550071400e-02
