1.000000000000000000e+00 1.393372786261754259e-01 3.250305011277501710e-01 2.102275686472485638e-01 2.702099512295728645e-01 2.344469385271825135e-01 4.757228662069658276e-02 2.636779413312757836e-02 -9.616581321890910194e-02 -1.468608459228686602e-01 -2.487668077576562220e-01 -3.782622822917502958e-01 -3.004453755388804548e-01 2.772450978695578688e-05 -2.388583912409703303e-01 1.267879265114972009e-01 -1.841817480630839055e-01 1.214562507757284832e-01 -1.421273843362813039e-01 1.817128444481147242e-01 2.750374970741924566e-02 -6.489086989278606762e-03 2.783028334398997550e-01 -1.705251164983570822e-01 -5.494770195506781807e-02 -2.832228687035406312e-01 6.910475865035108078e-02 -3.365339187478277871e-01 -8.291272903662522120e-02 5.090401855977826767e-02 -2.081444551087753558e-02 4.491057018540085821e-02 -1.426035066895045278e-01 -5.165864810890303388e-02 -6.859552854977456204e-02 -9.767737205869940487e-02 -2.049555026025321192e-01 -2.453888716457010288e-01 -1.992413602697493680e-01 -3.415403506982226944e-01 -9.253603970182014415e-02 -3.196929404683885624e-03 -2.898324096195765698e-01 -4.474821921665140811e-01 -3.109860416307742015e-01 -1.333464737389775667e-01 1.238093563557948473e-01 1.392692535104437246e-01 2.153853165118562729e-01 2.080191910543954525e-01 4.666068999758392066e-01 3.316216145302168794e-01 1.600704313802089607e-01 1.942949730866546862e-02 2.035652923067648445e-01 2.950628693026804972e-01 7.066821060373131014e-02 -7.448032548224561844e-02 -2.803347456218067690e-01 -3.894634607438021145e-01 -4.619727917205863621e-01 -3.886311801245209141e-01 -2.168643997266247458e-01 -6.539245820022207556e-02 -1.207997478313990319e-01 -1.409423690132578233e-01 1.768707939501301118e-01 -2.828787213602445005e-01 3.223156905425407504e-02 1.733015875687039797e-01 4.868979674568139036e-03 -1.813617447781844805e-01 1.927377991946521985e-01 -1.274788595407584102e-01 -3.325342187241795422e-01 -2.820829053587741164e-01 -3.133047653397259547e-01 1.899947829262160813e-03 -1.989878496156629317e-01 -1.334764773590024212e-01 -1.233760791821598563e-01 2.403547838800793035e-02 -3.026501408527386694e-01 -2.479352358620127983e-01 -4.026551648669230571e-02 2.076236903963185609e-01 -1.805048538061825632e-03 -3.321695595940621359e-01 6.302420546173620464e-02 6.397724182851467767e-02 -5.651013351134068219e-02 -4.326007615235572673e-02 -1.065303938928661431e-01 -1.823156120169721062e-01 -2.678877747524203712e-01 -3.801913331768038695e-01 -1.029290517884697553e-01 2.578927919325892937e-01 2.555135787422064264e-01 2.876589733498077228e-01
1.393372786261754259e-01 1.000000000000000000e+00 4.020863911969054794e-01 5.975979281341993188e-01 7.791495106262922299e-01 4.140038296080576496e-01 1.481852354961401552e-01 3.888143817671613767e-01 3.892354008485864880e-01 -2.475119972963709114e-01 -1.398381116715796679e-01 -1.957771665747612688e-01 -2.836388325245611797e-01 -1.157621657209311067e-01 1.980471464256073136e-02 3.326226345223237679e-01 -1.451438038292175714e-01 -7.207994538712500510e-03 -2.063040212938341000e-01 2.531406040892407450e-02 -2.970053900241099651e-02 -1.396851040873163252e-01 2.104906935536780821e-02 -2.095725260455159056e-01 -1.337314273970666156e-01 -2.083117672275707488e-01 -8.779904052354391142e-02 -1.721876961002867801e-01 4.744528683806477354e-02 4.533368715549361549e-02 -2.824363717686962372e-01 6.953166131541929640e-02 1.128368283810211037e-01 -1.490707952175176765e-01 -1.849005468641720940e-01 6.127602542141678821e-02 9.702120232645611297e-02 -6.675533244777383246e-02 -5.135649508852677125e-02 -2.147606414458460844e-01 -1.624901555955208521e-01 1.066353018122566734e-03 -1.754664118869815603e-01 -1.327151009483158173e-01 -5.259602051570590187e-02 -1.227914263814181284e-01 1.145397367658757860e-02 -8.637116878707602145e-04 -5.512306884198966972e-02 3.090329741427063487e-02 1.435790288194291608e-01 4.361425804802970263e-01 1.248149670849168363e-01 5.908735207388918775e-01 5.626707975267030148e-01 6.526006301423781242e-02 3.074297029468059383e-01 6.618227821100425290e-02 -2.084401294492591594e-01 -1.374923091421177412e-01 -1.973257336016886743e-01 -3.579819200346681662e-01 -7.295837084927535299e-02 -3.492830471850280616e-01 -6.036843170231335348e-02 -7.667212439734509555e-02 4.587216714719424826e-02 -2.282849760308246490e-01 -7.009931707754135655e-02 -1.856644092671631179e-04 -1.323600783128033309e-01 -2.095342979309052778e-01 -8.697170559146839841e-02 -1.409944431632284556e-01 -1.672389964869307188e-01 -9.793094975683751258e-02 -4.532520613485924860e-02 -5.219028528097621744e-02 -2.428163058814056252e-01 -2.658406547506050877e-02 -1.076155520463239340e-01 -2.326341594782989908e-01 3.033265275127927305e-02 -1.938583160993951615e-01 -1.002446425679546504e-01 3.273702871650611274e-02 1.834719916215972468e-01 -2.717017232667769955e-01 1.387488874994614527e-02 -8.455642583040179350e-02 2.533250091311439745e-02 -8.929067056660816570e-02 -7.891028250174628167e-02 -4.588355026976861234e-02 -2.211319891519487879e-01 -1.899300848039578438e-01 -9.740053838202819558e-02 4.977847455384675629e-02 -9.526015526383421750e-03 1.875484715506787678e-02
3.250305011277501710e-01 4.020863911969054794e-01 1.000000000000000000e+00 1.147707975342687065e-01 4.036757316722874855e-01 6.072782592569933025e-01 2.924422540967447914e-01 5.255613464003805468e-01 4.493733704570770926e-01 -2.185770974251977639e-01 -2.027065796398083708e-01 -1.054410589006420651e-01 -9.809180710669256065e-02 1.602529091198540145e-02 -1.766504222985105371e-02 1.003591823204202510e-01 -6.731482800392814964e-03 1.874840135520806916e-01 -1.599740030031160387e-01 -1.132673575129106852e-01 8.281159852651738540e-02 -5.003695190180185853e-02 1.952051770451555535e-01 1.292800349287893114e-01 -8.381278911411194077e-02 -6.272730449744873260e-02 5.623032075741728891e-02 -2.187240889267863253e-01 -4.545322102137883125e-02 7.496665876886457469e-02 -3.382027242614419130e-03 1.258180066572077427e-01 -1.374372715539376177e-01 -2.871250889919084170e-01 -1.329268919631287627e-01 1.819002680811044326e-01 -1.915409413712177156e-01 -1.013946447436232384e-01 -1.464864907399140159e-01 -2.190468665620854682e-01 -3.004840957386064049e-01 7.781287210744636251e-02 -1.454275382360973035e-01 -3.812699818761034476e-01 4.347355036690073518e-03 -2.684742041246956923e-01 6.720103856321757267e-03 -2.053141580471081196e-01 7.324145232912832905e-03 -1.119557693160099093e-01 1.398459089232868269e-01 5.664790880452199584e-01 2.141906330131521374e-01 9.184678113989425130e-02 5.442301637130713132e-01 4.754124820731058798e-01 3.950028535138393471e-01 4.017691267502767061e-01 -2.981351162311282055e-01 -2.108493013147891004e-01 -1.641525309117572995e-01 -1.954253557719954904e-01 1.128886276513164644e-01 -1.535089061137684396e-01 4.026203812332124210e-02 -1.025227020194803031e-02 6.122334202713723694e-02 -1.289497152253197276e-01 -3.479497106308042376e-02 1.095828613311730093e-01 7.550496229442452308e-03 -8.727094728153800274e-02 -4.133822749100943272e-02 -5.385352815426887318e-02 3.153332808843440499e-02 -1.170354243485349360e-01 3.827015757777194743e-02 9.387018734620450333e-02 -4.421456214227909541e-04 1.142879207930257851e-01 1.306763979961987343e-01 -3.052786285333644045e-01 -9.832418563568737224e-02 -2.561308086437934506e-01 -3.585461885052701470e-02 -6.127550767580899199e-02 -6.228900479638016519e-02 -2.039108550171896128e-01 -4.742337971744194774e-02 -1.440627500067760414e-01 -1.525615813940959242e-01 -1.013920189178871417e-01 -8.282462494320608215e-02 -8.464159234369632301e-02 7.087506934271803512e-03 -3.349990972338767192e-01 -1.716108740941852118e-01 -1.197005938103020695e-01 2.169252553681527002e-02 -1.473226989682376864e-01
2.102275686472485638e-01 5.975979281341993188e-01 1.147707975342687065e-01 1.000000000000000000e+00 6.072071336547396614e-01 1.554905069217136504e-01 1.452500069204216981e-01 1.904656638312892114e-01 1.174729380405431511e-01 -1.949649800324834981e-01 -1.328744037702393466e-01 -2.064711182271528611e-01 -2.547705479520593896e-01 -6.130008985702475877e-02 3.281193248968966580e-02 4.531382277337863140e-01 -2.079539010855694092e-01 -1.507236742254290662e-01 -1.589373013930606426e-01 -2.734818597721664843e-02 -6.847804205611014716e-02 -1.233276924012002007e-01 7.494261293377419905e-03 -3.057312865815522418e-01 -8.490968788677176471e-02 -2.873245361059130754e-01 -2.263082410095441921e-01 -1.905056023939492305e-01 6.887219986132921135e-02 1.285850316262805715e-01 -2.719827651214200559e-01 8.637467182357931594e-02 1.308523477567440085e-01 -1.614479758426930478e-01 -2.674880556760890760e-01 -1.679926285199052349e-01 8.561501849261575481e-02 -1.837896893551833333e-01 -2.834448786736928905e-02 -1.938000839106454598e-01 -1.728900396528010031e-01 4.756161146200860862e-02 -2.359274535241188409e-01 -1.759944060969158008e-01 -1.853121228928053255e-01 -1.317944503599839390e-01 -7.323372313895323837e-02 -4.650330093665076825e-02 -4.134841068200838243e-02 4.385316982047005041e-02 2.330171828420574687e-01 3.685740785134100084e-01 2.849112224312840280e-01 7.117737283565566120e-01 3.641232418875724464e-01 8.722007988140999257e-02 3.097824594267661880e-01 -1.223054336872254622e-01 -1.517571541854831063e-01 -7.798134075120433106e-02 -1.932605288194221282e-01 -3.167099062450141056e-01 -9.013049143483142789e-02 -1.965038700209491007e-01 -1.688141306491694471e-02 -4.846619659419360016e-02 1.919386175684668905e-01 -1.886559362845140198e-01 -9.509049440566362532e-02 -4.000306811566123333e-02 -1.450042180225377120e-01 -2.020485318211195924e-01 2.260268945618721173e-02 -2.645927669727796139e-02 -2.183375945649076999e-01 -2.740147737088183960e-02 -1.790531089042925461e-01 -9.280242459489537743e-02 -3.695556435012068430e-01 -1.002533467390305522e-01 -3.262142606248844001e-01 -2.544675519469761782e-01 -1.309953053055650796e-01 -1.922529187525382766e-01 -1.173668440118967732e-01 6.996538794368639680e-02 9.790794512621188439e-02 -3.462674486773679727e-01 -4.213293777489692665e-02 -4.281278011607229927e-02 1.010788132855539867e-01 -2.549413667562156621e-02 -1.092901618345100134e-01 -1.644455771908111819e-01 -3.536230522075821670e-01 -1.827095475561203997e-01 -6.703081780009537138e-02 1.454265315355569299e-01 6.999262213267665178e-02 1.360272217634525271e-01
2.702099512295728645e-01 7.791495106262922299e-01 4.036757316722874855e-01 6.072071336547396614e-01 1.000000000000000000e+00 5.104034959149489348e-01 8.053655067510935572e-02 3.756346356588854407e-01 4.014641774106574301e-01 -2.250257728031589688e-01 -2.662896469260775389e-01 -3.239767158938480218e-01 -3.203418444299597212e-01 -1.199679237536223353e-01 -2.500898861512219559e-02 2.537395185728374414e-01 -1.447910342413213092e-01 3.341868391178085679e-02 -2.262369438886800976e-01 1.432401503700394818e-01 1.300103778437638287e-03 -1.310725203727989563e-01 7.997543777245240404e-02 -2.843025495360188559e-01 -1.239525126904697100e-01 -3.251548298401650827e-01 -7.160729560359856138e-02 -2.253628845241024692e-01 4.698811434475947540e-02 5.713035229042953689e-02 -2.789863872098811703e-01 3.780806878423717543e-02 1.078788007633173646e-01 -4.984223513542614808e-02 -1.177416295806206631e-01 6.836782674618517575e-02 7.182124771700311439e-02 -8.958405722141420113e-02 -8.996697472955164643e-02 -3.005750054196323351e-01 -1.202505491823886163e-01 -2.696004050051842640e-02 -2.539981971201170086e-01 -1.909477955303076624e-01 -1.401868373558238512e-01 -3.422623880891241532e-02 9.381478057181071029e-02 9.190834013817385240e-02 3.742158818869450315e-02 1.825823327744841018e-01 1.288273866243182519e-01 3.510061925715452502e-01 1.140577893203956056e-01 5.802732027087086353e-01 6.416872156049848730e-01 1.524428844428467045e-01 2.532485443631436461e-01 3.962183443430101343e-02 -2.809311405668404316e-01 -2.659332006115211477e-01 -3.631303738578074980e-01 -4.235716450897268892e-01 -1.809682516471836644e-01 -3.762718123052601338e-01 -1.219321353596516944e-01 -9.064011038576690049e-02 4.038126926196619615e-02 -3.669025241430212692e-01 -1.327526336438054344e-01 -2.563697152601464302e-02 -1.189476840702730909e-01 -3.191746384662028646e-01 -2.236009216339287023e-02 -2.222807170272055877e-01 -3.111501113453462586e-01 -2.103232111885031674e-01 -1.494365396097084853e-01 -1.157306070616022642e-01 -3.218106359481383572e-01 -7.709790241413040646e-02 -2.108288231653420164e-01 -1.746680384598599534e-01 -1.364309609394271094e-01 -2.226748081272203472e-01 -9.723509625335022277e-02 4.340752441890777247e-02 1.469043777251491933e-01 -3.922872422139819792e-01 6.065260049970698508e-02 -9.139852990120708731e-02 3.713467524811552706e-02 -1.351322803694306185e-01 -1.768998306761074280e-01 -1.595334122377058406e-01 -4.031075270788506137e-01 -2.720574905680127609e-01 -4.599008385012032241e-02 1.138809904644110804e-01 7.555866162345212245e-02 1.592445748150024265e-01
2.344469385271825135e-01 4.140038296080576496e-01 6.072782592569933025e-01 1.554905069217136504e-01 5.104034959149489348e-01 1.000000000000000000e+00 2.423361885022136120e-01 5.762008971538993274e-01 7.304676176724249625e-01 1.182989134520043804e-02 -1.960740394101762735e-02 -1.860015684528158186e-01 -2.179501790713433140e-01 -1.338422930032595326e-01 -1.993731965608056822e-01 1.076663151971067739e-01 -1.391047203772192709e-01 1.257777703019714588e-01 -3.016263813291989448e-01 2.784021575844704277e-02 -5.348700896229952734e-02 -7.770187731239600049e-02 6.500776816329632835e-02 2.537976362412747849e-02 1.857297894875025723e-01 -8.030225407113561475e-02 8.554319520473649407e-02 -3.057090081350016253e-01 7.537615695099027235e-02 -5.808382497873353784e-02 7.142753184642020026e-02 5.167752248005179350e-02 -8.874932912349645098e-02 -2.561142253360824128e-01 -7.257210631522034716e-02 3.206273917924510886e-01 -7.138255111609174974e-02 5.029220072383526474e-02 4.015093048362510138e-03 -1.559630618259319826e-02 -4.153869614437749602e-02 6.876530570270718290e-02 -2.161121224592191595e-02 -1.799890714362907818e-01 -6.914735895083243267e-02 -1.238139502459299490e-01 3.212316920866158110e-02 -4.279151948863758881e-02 2.936325106133005902e-01 1.028248983935917300e-02 7.597915481788311554e-02 4.766555104177704338e-01 6.975890919137783808e-02 2.592416219300507918e-01 7.987142095985483303e-01 6.402362875593368141e-01 3.398607059147307763e-01 5.532438898424352214e-01 1.207290902657363711e-02 -3.848885273074758445e-02 -1.590040465505347111e-01 -2.496128555127842263e-01 2.712154528336483891e-02 -2.693155839998391810e-01 -1.152486306049292225e-01 -1.552652145736502509e-01 1.162783059148674580e-01 -2.922483477689794551e-01 -1.999987126281753680e-01 -4.589850195833286572e-03 -9.275910361992925623e-02 -1.583630595991712131e-01 -9.453846639388427397e-02 3.233029510021131342e-02 -1.274780357801792163e-01 -1.905815039232054003e-02 1.925300215035094173e-02 -4.217564066024733632e-02 7.190993121145249078e-02 4.131447875096637412e-02 -8.645975643640330111e-02 -1.993168216084702793e-01 -1.466240592304537960e-01 -2.503677940643211919e-01 -4.702905571210250907e-02 -1.663261001788476079e-01 6.964557830885011180e-02 -2.434580728220052392e-01 1.654499140805894553e-01 2.218077469276371477e-02 5.520285278253781770e-03 1.594402107592694517e-01 4.913874142311588445e-04 3.702204555148954496e-02 -5.019742097832588512e-02 -1.989483141716186787e-01 -1.223762082957809139e-01 3.143273406115633384e-02 3.194454975161605814e-01 3.739732576512507650e-02
4.757228662069658276e-02 1.481852354961401552e-01 2.924422540967447914e-01 1.452500069204216981e-01 8.053655067510935572e-02 2.423361885022136120e-01 1.000000000000000000e+00 4.894792961908162598e-01 2.143977089340786957e-01 1.357766102382273188e-01 5.533454943566829681e-02 1.787980655363798910e-01 -6.109337215655399195e-02 1.261996071691272037e-01 1.512199338811454769e-02 5.217854532137481405e-01 3.294443243039800184e-01 4.573771279356883546e-01 1.020618521450708249e-01 -7.701225389337357230e-02 3.340291590477888484e-01 2.425034233234931447e-01 2.071310124012760157e-01 4.921974293061483485e-01 2.011396779015423297e-01 2.638029626602864108e-01 5.098733002324423030e-02 -8.206749813723303311e-02 9.563186043477704679e-02 1.743934488741969158e-01 -2.542413876936843765e-03 1.465804000189984413e-01 -1.201977376566631950e-01 -2.977792038074772440e-01 -1.270182528657989585e-01 -5.229444686912390616e-02 -3.925526308925966767e-01 -9.201873184373984826e-02 -2.463099846290404404e-01 7.738273706266561580e-02 -2.075685758851488760e-01 2.042634259509534464e-02 -4.999714123543169686e-02 -3.696347564340594638e-01 -1.557225749078989807e-01 -4.555595564339374182e-01 -3.957609222568735929e-01 -5.040227827811382122e-01 -2.012789967605227159e-01 -4.871311133306408525e-01 2.083637420836215171e-01 4.468277694754865248e-01 6.055879370255562444e-01 2.202372043303036098e-01 2.534702000478755712e-01 2.839474175579111970e-01 6.362114926925092062e-01 2.720640270798710958e-01 7.118386432830710320e-02 3.551230670254236499e-02 3.866533228834551777e-02 -9.845362488228498465e-02 1.576989153732743787e-01 -7.292129796970828193e-02 1.250000928382814791e-01 3.961595658272214562e-03 4.429557713371446992e-01 1.888087015323805240e-01 3.110893432971837541e-02 3.553635912410326725e-01 1.977035447699763415e-01 2.411264728948236680e-01 -3.038425056410701177e-03 2.181143180960692374e-01 4.024305413574075230e-01 1.589497780191082843e-01 2.905402777455807772e-01 2.151250881054189990e-01 1.488627770130639405e-01 1.045116427522458230e-01 1.233576975748239823e-01 -4.235417769366031093e-01 4.977916883464938297e-02 -7.248927055397871855e-02 3.409407007444128362e-02 -2.330421851434696101e-01 -2.539519256379011436e-01 -1.075074527057200968e-01 -1.451473864466709673e-01 -1.137003913556860757e-01 -2.357117380815407226e-01 2.333182366860809404e-02 -1.387388881128351903e-01 8.693081395122001509e-02 1.856746834229737464e-01 -2.992529069646052142e-01 -4.309498928051191946e-01 -2.919064192578943451e-01 -1.696810521248224291e-01 -3.770419683426524671e-01
2.636779413312757836e-02 3.888143817671613767e-01 5.255613464003805468e-01 1.904656638312892114e-01 3.756346356588854407e-01 5.762008971538993274e-01 4.894792961908162598e-01 1.000000000000000000e+00 6.200906364278689908e-01 -1.134737495905618031e-02 7.078765141956273876e-03 -6.275846407749302580e-02 -1.403707906069389666e-01 -7.008903821849413185e-02 -1.390192243253630770e-02 3.257486765058021927e-01 2.049018705289773826e-02 3.808844867016820124e-01 -1.707701828593488902e-01 -4.362338265531270909e-02 1.117122905370112468e-01 -4.889071179143457922e-03 3.372757549558919044e-02 9.281555349296886914e-02 1.049818940894761410e-01 -3.799097013026669217e-02 -8.168434403990049164e-02 -1.425361240715482536e-01 1.575304980711812047e-02 9.296996983285907637e-03 9.564799896761283851e-03 9.099759627247873406e-02 7.934104015089735173e-02 -1.971116047406719363e-01 -7.328917408941779121e-02 2.962072928679289618e-01 -1.363392256101541578e-01 7.503815564138758762e-03 -1.001089739136500414e-02 3.260218548236230862e-02 -1.804927081799844735e-01 -6.402791349871707685e-03 -6.800733640354019805e-05 -1.713671615963773820e-01 6.228485846895408240e-02 -2.592432796896708136e-01 -1.833300959256078944e-01 -2.291787363709245073e-01 -4.653097231345803414e-02 -2.628129320673859293e-01 7.194392238224152358e-02 5.247652607630548527e-01 2.663341469822869678e-01 2.636172821281513867e-01 5.759854484489161930e-01 4.263794649686782345e-01 6.503003354887808563e-01 6.033533813166058746e-01 3.978689555154280716e-02 1.414339590204009281e-03 -8.198785894137426700e-02 -1.786355725871607292e-01 1.070458654246817798e-01 -2.279828839428107434e-01 6.886052253129060392e-03 -5.375234639690850552e-02 5.124775099954644725e-02 -6.339036242319681658e-02 -9.934657143892930420e-02 1.794171535976387122e-01 -2.566966579597356954e-02 -2.280474314656307303e-02 -1.597771501791388771e-01 7.116963803870894612e-02 4.882794607735806147e-02 -6.278148613209450120e-03 1.905289135102274101e-01 -1.498324521566489834e-02 1.246465302460806751e-01 1.243642851431823182e-01 -9.966478411379407765e-02 -4.112893496503325363e-01 4.491608251348400138e-02 -1.216879618029713950e-01 -1.435095582180914986e-01 -2.608013074980085055e-01 -7.164495676825918813e-02 -1.282435910612612362e-01 1.027180402293292709e-02 -1.829168576566677362e-01 -2.225680338867824272e-03 1.108441103518288812e-01 -3.310420473245207027e-03 7.540213048095394111e-02 3.482842043179232988e-02 -1.739426812143653189e-01 -2.233282009866120188e-01 -2.401543420133078754e-01 -2.960307438051590009e-02 -2.918036462707915280e-01
-9.616581321890910194e-02 3.892354008485864880e-01 4.493733704570770926e-01 1.174729380405431511e-01 4.014641774106574301e-01 7.304676176724249625e-01 2.143977089340786957e-01 6.200906364278689908e-01 1.000000000000000000e+00 3.512221867560049674e-03 7.681874266700731979e-02 -1.048044658016645874e-03 -8.574477775704168747e-02 -4.053153251801135115e-02 9.911704975600963211e-03 1.499636327264244062e-01 -1.260642675764753542e-02 8.643999236111693518e-02 -1.420530744030313874e-01 -5.451418044342339758e-02 4.124445758613616390e-03 -7.482903298111909240e-02 -2.005237646898257522e-02 8.067602816737984295e-02 8.663196543633992774e-02 2.528825968089303336e-02 2.768365742856987097e-02 -1.287434481973623868e-01 1.343106454229255897e-01 2.026140532812303191e-02 5.389801682473013139e-02 4.817792273785412999e-02 4.143942818933117611e-02 -2.457149079368500522e-01 -6.453404369976313559e-02 4.414239596347641070e-01 2.835448465042457802e-02 1.226514912325032264e-01 4.166665386413067468e-02 1.282622961063516198e-01 -1.151344922716090458e-01 5.969887321706916425e-03 8.692622555276056928e-02 1.216900863465332147e-03 2.858026361476163554e-02 -8.609338426454042625e-02 -7.065369356376401122e-02 -1.514762668152890290e-01 1.581938314181019767e-01 -8.650034312512049073e-02 -7.599169310026308854e-02 3.405616438458335948e-01 5.117884484470484191e-02 2.494289236847274105e-01 6.513027377345302904e-01 4.821694962487842462e-01 3.175899045894376438e-01 7.262572376709948152e-01 4.383782242276422492e-02 1.045181216280266084e-01 2.365245303178008934e-02 -8.634973577780917509e-02 1.825406237902050810e-01 -1.608543474819588148e-01 4.172513902975543559e-02 -9.203642898074291525e-04 -3.537906807269936005e-02 -7.496949819061529685e-02 -2.431729493570490008e-01 -9.419067983787093867e-02 -4.062677357757649849e-02 -7.915140744548361529e-02 -1.248269950673853018e-01 6.164053844655418418e-02 5.373841511186547293e-02 4.948748951888786579e-02 1.847157633542366728e-01 1.369515330296499148e-02 8.339072643956843556e-02 6.553321333294043205e-02 -1.426362449305507707e-01 -3.606459609090976737e-01 -3.649077959747348832e-02 -1.727099454470431561e-01 -2.767448780436040576e-02 -3.023500020805185429e-01 5.943264434513416405e-02 -1.404143322871393984e-01 1.171996887907421347e-01 -1.028485481841163035e-01 -3.840635406116758854e-02 8.867648985852752408e-02 1.096642040209381240e-02 7.136005935220988972e-02 2.927961366867827542e-02 -6.630425833396454138e-02 -9.738987080649043337e-02 -8.188197628862436961e-02 1.584872054156635790e-01 -1.238239042695891134e-01
-1.468608459228686602e-01 -2.475119972963709114e-01 -2.185770974251977639e-01 -1.949649800324834981e-01 -2.250257728031589688e-01 1.182989134520043804e-02 1.357766102382273188e-01 -1.134737495905618031e-02 3.512221867560049674e-03 1.000000000000000000e+00 5.390581909886995593e-01 3.233036187478026124e-01 2.005587163025983333e-01 7.169353756548275947e-02 -1.254785066285321049e-01 4.951187474903115393e-02 2.453408277304761353e-01 -2.582764301970180351e-02 1.662607186489800104e-01 -3.843907255943766060e-02 3.611959464774502221e-02 2.496660364080937888e-01 -2.812121730618858881e-02 2.662302111253546655e-01 6.426998401880713585e-01 4.126915905566254095e-01 2.418726952286297527e-01 3.064600352916844184e-01 3.107292410693510698e-01 1.818805188749243393e-02 2.754364402768996745e-01 2.041471325640165924e-01 9.525749101919345208e-02 -1.972567686443919138e-02 9.183413861407012380e-02 -1.238244567360928666e-01 6.176861102798088948e-02 1.232341709104310262e-01 3.035674397310046332e-02 2.689826305521736405e-01 -5.149488579443733255e-02 7.337420666532568081e-02 3.924541031333161345e-01 1.951303855051314262e-01 4.748425331304727964e-02 -6.205311496575164482e-02 -2.813253356098628366e-01 -6.706421373328788627e-02 7.993888406826048232e-02 -2.612023901578260365e-01 -6.460154878290634561e-02 -8.556074778241611056e-02 2.985050204591345110e-03 -1.463460467517432584e-01 -7.993569703406024074e-02 2.632802206598954253e-01 -7.088989030057010754e-02 1.228051958360552448e-01 6.954920312044942099e-01 5.514662023556379244e-01 4.091985613826589208e-01 1.961595287132512633e-01 -8.626358024604993679e-02 1.649269769701686983e-01 1.226788187596622864e-01 -1.131823785325662343e-02 2.172466618812433914e-02 2.424702431166700090e-01 1.090251315967662588e-01 -1.346282438141971696e-02 5.264411989731303948e-03 2.230656615078205618e-01 7.211588753706096866e-02 2.344393500525086826e-01 3.297894863723255243e-01 5.118872554562035049e-01 3.068964212933062430e-01 2.389405659122135206e-01 3.432978996518958326e-01 9.703666258381865584e-02 -1.146418099814479688e-02 1.052229836821949420e-02 2.377656537175951434e-01 1.308625475054238374e-01 2.202410125521325202e-01 -1.812996213474967200e-01 7.868061208291300679e-02 3.302384780115155127e-01 -5.048005281347540257e-02 -2.010378080169051423e-02 -5.521807665431845841e-02 3.679051074704124957e-01 1.145129757207564714e-01 3.936159373158712449e-01 3.339917118138338026e-01 9.615854879513600906e-02 -1.820687559815833412e-01 4.823342386608957949e-03 1.230943055951073395e-01 -1.347901706956285972e-01
-2.487668077576562220e-01 -1.398381116715796679e-01 -2.027065796398083708e-01 -1.328744037702393466e-01 -2.662896469260775389e-01 -1.960740394101762735e-02 5.533454943566829681e-02 7.078765141956273876e-03 7.681874266700731979e-02 5.390581909886995593e-01 1.000000000000000000e+00 4.337608599833247536e-01 1.819886222497834050e-01 8.620965853488617853e-03 -4.800347811644996993e-02 -3.783164974819021309e-02 -4.033954440898614852e-02 -1.060031642120918827e-01 5.367138641220539630e-02 -2.787125893319111758e-02 -9.768416144506594789e-02 -4.993329747416733189e-02 -1.822525063247694976e-01 1.983063184734251139e-01 4.060263877041743186e-01 4.390485160081639138e-01 -5.928895222690006017e-02 1.158980416916790268e-01 1.694596349547198288e-01 -6.757536879297379451e-02 1.824622867950669858e-01 2.483093748081374175e-01 1.841390481324567119e-01 -9.721908577964775977e-02 -7.933023031008867854e-02 1.689964079085772286e-01 2.113778459514631947e-01 3.435805817092624781e-01 1.549066141627271354e-01 3.421147095435840835e-01 4.899313637235050423e-02 2.813021632147251760e-01 4.052862252823261069e-01 3.696237042014530183e-01 1.535854119322249411e-01 -1.042997898639252546e-01 -2.005874616733123728e-01 -8.054030999640973687e-02 3.064893293796650542e-01 -1.496067585438216052e-01 -5.364431848115591706e-02 9.999293589459565604e-03 -4.432679448631983432e-02 -7.872007077417998711e-02 -8.785441914049488613e-03 1.780696950546390434e-01 -3.995569959534350790e-02 1.815051958749545336e-01 5.874981825649736589e-01 6.700387279406172514e-01 5.892799648744112551e-01 2.301732811552411051e-01 -4.006891167608276488e-02 6.185220464059821427e-02 8.133442265136915650e-02 -3.018137542525074074e-02 -2.984391247396966061e-03 1.708795643993470115e-01 -2.255939394854065971e-02 -7.613493702468045188e-02 -4.594386870398044220e-02 4.905701335521874679e-02 -1.817790618364037436e-01 2.942896675634969483e-01 2.377320944630994803e-01 4.323956109148439086e-01 1.872890341226008670e-01 6.503569480586805784e-02 3.500578500461386522e-01 1.523442182422160840e-01 -7.627001330535161661e-02 -2.559858531108822818e-02 2.736204931404502272e-01 -8.486648393779740174e-02 -5.637866040035525994e-02 -1.722368113097896558e-01 2.606454277882285231e-01 2.907533697815900542e-01 2.698374930600817012e-01 1.062768557799620150e-01 1.182564493958494362e-01 3.414391888182443102e-01 3.064197615624086879e-01 3.745954049042510836e-01 4.020437104377161397e-01 3.415575311972217087e-01 -1.144510101638212402e-01 -7.870104386291572329e-02 2.539960479345654831e-01 -6.109393831260510194e-02
-3.782622822917502958e-01 -1.957771665747612688e-01 -1.054410589006420651e-01 -2.064711182271528611e-01 -3.239767158938480218e-01 -1.860015684528158186e-01 1.787980655363798910e-01 -6.275846407749302580e-02 -1.048044658016645874e-03 3.233036187478026124e-01 4.337608599833247536e-01 1.000000000000000000e+00 3.177986547023926578e-01 2.792664687767538179e-01 2.021510568991069789e-01 2.746446760991309508e-02 3.995470631757349622e-01 -4.147633777156586876e-02 3.877712346384097897e-01 -1.506329863760881294e-01 2.580854437005862811e-01 5.576870424715333480e-02 -1.955610731429402102e-02 5.277350247237228009e-01 2.313734176682236687e-01 6.719759525732138528e-01 1.120555275073387147e-01 2.523998387948007682e-01 7.770308102178220822e-02 1.783292455574410629e-01 -4.271977223551450681e-02 2.171717439425599472e-01 9.656457332809562089e-02 -2.085355261318355413e-01 -7.449167603107953450e-02 -2.503060067328913979e-02 -1.236580371989706023e-01 1.622295818699774905e-01 -9.634660569135550245e-02 2.747221036804591288e-01 -2.102342045728155251e-01 1.958292370565769547e-01 2.616019645223953138e-01 8.090059610440011872e-02 2.046122945807107851e-02 -3.120849063982730209e-01 -3.497062989471594885e-01 -3.444767671678487519e-01 1.158548004457009978e-02 -4.783205494635262012e-01 -2.252750579649203944e-01 -1.662112222204792933e-01 4.440620646224277546e-02 -2.163898460975995364e-01 -2.178093266981058207e-01 -1.170488884721742479e-02 -1.252090943132608825e-01 8.057760436111312263e-02 2.740107892213749508e-01 4.698539569882482225e-01 6.697976338069002722e-01 3.075280080917973669e-01 1.491840931242512658e-01 2.249866658331008962e-01 2.619142124523405890e-01 1.858206386216732231e-01 -4.606708924229662577e-02 4.217056215520783580e-01 4.878846458948907575e-03 -7.157140685552397519e-02 1.049690315260956575e-01 1.707962536246055152e-01 -2.363911655935128919e-02 1.459050392747524016e-01 6.314422005796708204e-01 5.549994107999506321e-01 2.865252085272453897e-01 2.994884887798493489e-01 1.512405314714566074e-01 1.719586046566274617e-01 9.431621082120347777e-02 -3.033017773231390657e-01 1.783398346369121090e-01 -1.301685234295741830e-02 2.104045552120912821e-01 -2.393885262161593863e-01 -1.141447010240251164e-01 1.866181211512868976e-01 -7.786836257621473911e-02 -2.193808635920746208e-01 -1.098832744767745256e-01 -3.141253381749158080e-02 9.169951685664255378e-03 1.757812671257388271e-01 3.661566012167427053e-01 4.525221025642008760e-02 -2.472908024130018312e-01 -2.675659764215878589e-01 -5.382932720747946737e-02 -4.161763644862096490e-01
-3.004453755388804548e-01 -2.836388325245611797e-01 -9.809180710669256065e-02 -2.547705479520593896e-01 -3.203418444299597212e-01 -2.179501790713433140e-01 -6.109337215655399195e-02 -1.403707906069389666e-01 -8.574477775704168747e-02 2.005587163025983333e-01 1.819886222497834050e-01 3.177986547023926578e-01 1.000000000000000000e+00 4.533656156104386992e-01 4.386560673789436926e-01 -2.144363841298220497e-01 4.023731783826057229e-01 -1.343904001858286720e-02 4.248591343105980189e-01 1.714563330393521420e-02 2.024201178226115727e-01 4.177464415523862717e-01 2.737380921996324101e-01 2.065375400879173040e-01 7.671134984457465833e-02 3.117843203118170758e-01 2.079777810511923009e-01 4.207151631351741528e-01 2.218750265035752123e-01 3.427550593603761464e-01 1.582849165722391149e-01 1.237314746954519679e-01 -7.805183388274178347e-02 1.162163619206560000e-01 3.288361198901897375e-01 -8.561013210403332907e-02 2.682750126294595680e-02 -2.716926629370912741e-02 -1.036491028449089691e-01 8.823730932165710361e-02 -1.272417549835253014e-01 -8.256883997521000107e-02 3.362208755482626321e-01 1.363173223472334827e-01 3.059918014837748612e-01 9.843740592103766840e-02 9.341323729776883356e-02 5.547833010871870696e-02 -8.677369132738260715e-02 -8.262954477831148392e-02 -1.891543440761946082e-01 -1.876204417877582742e-01 -6.491063504754331082e-02 -1.653421146466730884e-01 -2.572447100553745813e-01 -5.945161478636711710e-02 -5.514019394540956714e-02 1.030802585487701761e-01 7.816972425416353343e-02 2.388898814049427721e-01 3.453786047192801689e-01 7.754729103170724391e-01 4.015516508795280437e-01 4.486402331452021275e-01 4.137536447432855757e-01 4.762219135127950254e-01 -8.936744713922793737e-02 4.912682783974971490e-01 1.510614548956394632e-01 -1.444819876168607770e-02 3.286531424404117718e-01 3.845533020727099349e-01 2.575228190249860272e-01 8.855251177241816457e-03 3.223165876457216861e-01 1.390034169383592422e-01 3.293151382346919398e-01 3.917276807241235059e-01 2.039422055590448535e-01 1.055118649935724018e-01 1.103295748060133252e-01 -6.274078948577270498e-02 1.473203906825507337e-01 2.227777593204835205e-01 2.169352009381996793e-01 1.007714410327714971e-01 -4.655654554249782223e-02 2.854893639171021680e-01 -7.268681966645039461e-02 -9.765562889746022546e-02 -2.682797496663265058e-01 -1.268607262008721315e-01 -1.266327335978706392e-01 8.933711504121370772e-02 2.886435439388587154e-01 4.800523397365295125e-02 3.079646493912944691e-02 1.053980126881249729e-01 -7.130755383387345214e-02 -1.246344376647903901e-01
2.772450978695578688e-05 -1.157621657209311067e-01 1.602529091198540145e-02 -6.130008985702475877e-02 -1.199679237536223353e-01 -1.338422930032595326e-01 1.261996071691272037e-01 -7.008903821849413185e-02 -4.053153251801135115e-02 7.169353756548275947e-02 8.620965853488617853e-03 2.792664687767538179e-01 4.533656156104386992e-01 1.000000000000000000e+00 6.636166308236960409e-01 5.879542836644691128e-02 4.982594045828779850e-01 1.036824933855786945e-01 6.790812110450846761e-01 7.994731698421066179e-02 5.876184741352349361e-01 3.486454320726551370e-01 5.626334612826423553e-01 2.670314709397123010e-01 5.911537710057348377e-02 2.512905279678334103e-01 2.252194602020570480e-01 2.611635047392465436e-01 2.847406229337592354e-01 6.003207481184046346e-01 -1.378085657611900217e-01 2.401954172919357755e-01 -6.484727755789157499e-02 -3.123853469150980264e-02 1.956914071545624023e-01 -9.892291961790421195e-02 -1.121761182633658621e-01 -9.015397898883599492e-02 -2.214256727707281935e-01 -7.319428729436525116e-02 -3.622274491938269336e-01 -7.225394542822387300e-03 1.938167639351471017e-01 -1.173645607568254423e-01 -5.182738917490387759e-02 -1.440501103332202625e-02 1.389648477729886755e-01 -3.558827618320062336e-02 -1.145784348400603059e-01 -9.713625849738941054e-02 -2.137934438780574389e-02 -3.324229464278275620e-02 1.341559658400758859e-01 -6.696100817093117441e-02 -1.608340883883187800e-01 3.420567833080978559e-02 -8.715357867132830783e-03 8.827365912421455962e-02 -8.714609425367567108e-02 8.821614510320084993e-03 1.082235858196815975e-01 2.893598393658052270e-01 3.258443597668406744e-01 4.697889719501816552e-01 6.766310603717974326e-01 6.810138792897473259e-01 -4.786655340787271395e-02 5.028834603744984921e-01 1.741027047367404434e-01 8.134640210646899849e-02 5.389140729747193825e-01 2.780846968860764545e-01 5.134689042317933660e-01 -8.512526595820038566e-02 3.118297829442991942e-01 2.185834604445839949e-02 2.761894852935213307e-01 5.429045606330155094e-01 -7.306520154616691354e-02 2.101081902122726303e-02 -2.767938270991220431e-02 -3.539015324063734536e-01 3.258323024600170460e-03 4.312787455665281072e-02 2.960968471274116331e-01 1.228780248984760182e-01 -8.217062502647808075e-02 -5.787396937489486248e-02 -1.193839044245302849e-01 -1.979967981626998275e-01 -4.325478927698619969e-01 -2.154108107958011276e-01 -1.888695962928112759e-01 6.762820002637122407e-02 1.314810837451645120e-01 -2.163179002143404417e-01 -5.685285903086115950e-02 1.878876560540374274e-01 -9.470198431424367569e-02 -7.892236120707926683e-02
-2.388583912409703303e-01 1.980471464256073136e-02 -1.766504222985105371e-02 3.281193248968966580e-02 -2.500898861512219559e-02 -1.993731965608056822e-01 1.512199338811454769e-02 -1.390192243253630770e-02 9.911704975600963211e-03 -1.254785066285321049e-01 -4.800347811644996993e-02 2.021510568991069789e-01 4.386560673789436926e-01 6.636166308236960409e-01 1.000000000000000000e+00 -6.034999428639664654e-03 3.783743255382809312e-01 7.996809066009517852e-03 4.791424034440787127e-01 8.245196364910847842e-02 5.103927533490519863e-01 2.151929948922447211e-01 4.822292474039874266e-01 1.180490379676111118e-01 -1.485951580207609257e-01 1.460285510886761007e-01 1.015612300836273990e-01 3.825616292133702800e-01 3.357167554530252618e-01 6.174232204201935970e-01 -1.984767975311151345e-01 2.195759582063712689e-01 1.025001659357941963e-01 -1.190540396139980542e-03 8.224768479064725746e-02 -2.736487599514799557e-02 4.647031596869947295e-02 -3.585776786748274408e-02 -1.764738669540265870e-01 -1.051007197926037973e-01 -2.758117914218002897e-01 -1.245467252096845445e-01 1.553996956721243605e-01 4.769845256898955221e-02 8.313118747309918011e-02 4.348705485962605505e-02 1.376618514370748503e-01 6.143722534218480982e-03 -2.202610226844328445e-01 -6.688752141558053366e-02 -1.940787572936553407e-01 -1.062004267360074916e-01 3.406378520909881386e-02 6.078580510125611985e-02 -1.801926885820326341e-01 -2.127917229203711846e-01 1.598387610947783061e-02 3.934437165667641068e-02 -2.190899114632283706e-01 -2.687109821803681121e-03 1.140645079176119542e-01 2.740552163974312450e-01 3.899404996984952576e-01 3.117442528635637200e-01 6.694154779718337611e-01 8.112113040293610355e-01 -1.987125246104227694e-01 3.951072780997076372e-01 7.055368557174385158e-02 4.672358041607092838e-02 5.118711424741977378e-01 1.523732853539278564e-01 4.150497514350376949e-01 -1.895781625648048363e-01 2.441082262763196453e-01 -5.472850689634558251e-03 3.355512245206426769e-01 4.789528771847168520e-01 -1.623486883516870871e-01 7.098757820303412680e-02 -4.326254374182642720e-02 -3.330770627189983402e-01 5.510145933069292290e-02 -8.222835196267029925e-03 2.201529966496086066e-01 8.780414065643443733e-02 -2.877734894551092076e-02 -5.996371623117300285e-03 -1.215478709635951504e-01 -3.512366596794343487e-01 -2.921609185892578009e-01 -3.402008703317473404e-01 -2.031875111202775253e-01 -6.895598867018180866e-02 -6.799061017041941983e-03 -7.210046400108743869e-02 2.796762705990100961e-03 1.513941890630891296e-01 -1.836054973050867678e-01 -1.248782861108915371e-01
