1.000000000000000000e+00 5.082642223555073890e-01 5.972799208051314812e-01 -1.746552089371378180e-01 7.143300122275134112e-02 3.150333639031948629e-01 1.765106053925798446e-01 1.015338713705036394e-01 1.471398121296937367e-01 2.447906239330668587e-01 2.341737574864531934e-01 1.938085823550325382e-01 2.183657860220027391e-01 -3.519497643613836435e-02 -2.005357015319584879e-01 4.272181013079597856e-01 1.330665584628101250e-01 -1.125993083269603845e-01 4.283873237659545363e-02 -5.050089678395901921e-02 -1.526942250467948695e-02 2.003907473067262635e-01 -1.361246153815849624e-01 2.755457832971509868e-02 4.549197990593190077e-01 2.373202581805896882e-01 -2.986269876566485099e-02 -4.348422194664559870e-02 1.224146350859299237e-01 -2.312747912937776762e-01 -4.515943544408081156e-02 -1.140078899112679511e-01 -2.732764045319693857e-01 3.796036469545939485e-02 2.071430690628270621e-01 -5.312918118321621752e-02 1.402849832519757201e-01 5.187661659298137273e-01 2.549081561388648054e-01 1.022855731971557824e-01 5.415978719473565212e-02 2.982381295853991920e-01 2.681758448744311907e-01 1.777453923667552671e-01 9.170758791254264575e-02 -2.509035507603973869e-01 -5.733549081958429217e-02 -1.393019933017033418e-01 2.563639833535254486e-01 1.659146404178450662e-01 5.006302303528497033e-01 6.507991551772357441e-01 -5.386106499737618181e-02 -1.154899077904987109e-01 3.238503040049721671e-01 4.170923796240363357e-01 1.586221511672344375e-01 1.250011648611340787e-01 2.556544651500082810e-01 1.032883424975275938e-01 1.369550385267843950e-01 -3.094304196446672969e-02 -1.435124147056009436e-01 -4.159647594917670332e-01 -2.393455580574228581e-01 -2.184371121100864011e-01 1.300985614783077837e-01 -1.518970797904469205e-01 -1.216001965961405890e-01 -2.062539306401862671e-01 -1.251274049709589498e-01 -4.020416708252762261e-02 -2.546418649665247447e-01 1.407575296745447457e-01 -6.956171973232666561e-02 2.427086876194057552e-01 -3.716907880237243361e-02 -2.576853965648123190e-01 -4.679980253573449989e-02 -1.586261139634154160e-01 -2.449252405806445210e-01 -1.290052850775081084e-01 2.380173757098577314e-01 -1.924729059361741934e-01 -2.661759004122865591e-01 -3.833036255461114150e-01 2.108165274841611869e-01 -1.721993483672369998e-02 -5.857819899249638515e-03 1.481262655388571048e-01 -8.523665894315030078e-02 4.417153155636123207e-01 1.584487443209346424e-01 3.422135293994553185e-01 2.597636559531637523e-01 1.056968209454280661e-01 -2.694719126625529926e-01 -7.171320844464609823e-02 3.223556132709785582e-01 2.318438212286755007e-01
5.082642223555073890e-01 1.000000000000000000e+00 7.392238643600320680e-01 -7.111792037853952031e-02 5.062268496795692130e-01 6.514190318439635474e-01 2.515973129880277881e-01 5.163926277942914034e-01 5.290164927596344713e-01 3.785952161808364691e-01 4.575207488228523744e-01 2.949197594317253257e-01 2.900926164516920425e-01 3.641187828841954133e-01 1.376141884649117741e-01 4.359582123902956963e-01 2.439154615013573724e-01 2.691151414051841662e-01 2.690767012303530992e-01 2.903450461266251503e-01 3.356543570417083733e-01 3.112538019709104042e-01 1.078905367065713800e-01 2.444723613522396810e-01 7.218602995730645511e-02 2.375241981437303529e-01 2.312012382853515791e-01 1.266899287521354167e-01 4.098202360152643497e-01 -1.070406122372003811e-02 -1.931935552166501036e-01 -2.968664454843132905e-01 -3.659066998203295284e-01 3.246105778960368116e-01 5.010453683991521467e-01 2.456854424677310522e-01 3.577118000159701938e-01 1.882927779999222229e-01 9.794063638869313082e-02 -2.178156595973812504e-02 2.755809233471113659e-02 4.232070778864300414e-02 9.570437018851667144e-02 1.107161182296184793e-01 4.486873490637970086e-02 -1.354736791926887673e-01 1.225396219665556008e-01 3.349350519685221489e-02 4.411518365583367296e-01 2.577078239923639158e-01 1.876878269887026496e-01 8.044676407690046771e-01 3.401991924256653893e-02 1.636497522439800401e-01 6.286396373633287293e-01 6.839596466168672562e-01 5.410535477196670717e-01 5.372784997788256911e-01 3.627563720848432927e-01 2.432304299118784041e-01 1.842193230319374431e-01 1.689320260769006793e-02 3.148774502373141715e-01 -1.265529409547466733e-01 1.752137178518654581e-01 1.241292924424158284e-01 9.441617352806307151e-02 1.216876242641105749e-01 2.472832761155437098e-01 2.153075718420477958e-01 2.313022953174216079e-01 2.091350809858339155e-01 4.375142249708460079e-02 8.271813647104631073e-02 2.131286463672678322e-01 1.966375465677986656e-01 2.655285352742496330e-01 -2.424180712290488135e-02 -2.768854802702256368e-01 -3.336907551485044365e-01 -1.214391174325459843e-01 -1.218969940713909017e-01 6.230468190913194398e-02 8.070152590394062686e-02 -7.576265001677152770e-03 -3.745764000238516189e-01 4.293360441856210463e-01 1.464382022688908991e-01 2.255639028290720438e-01 4.548125284450095507e-02 -3.097463036520766710e-01 2.954940842684086189e-01 2.471257475990976463e-02 1.125914943374627109e-02 1.052789193692777077e-02 -4.815663212740538962e-02 -1.942463034351720463e-01 8.993157866388941379e-02 3.682879987002591338e-01 2.774658413587978156e-01
5.972799208051314812e-01 7.392238643600320680e-01 1.000000000000000000e+00 -2.940421578693814819e-01 4.459630331775917833e-01 7.808920869939893761e-01 2.987581730288950688e-01 5.002853568709243470e-01 6.044633256398239674e-01 4.991877816767338327e-01 5.137379407540426657e-01 4.041331433798638906e-01 3.706053841134644422e-01 2.433911500725644272e-01 1.534095167248832915e-02 2.039554333843725253e-01 2.945037711054849794e-01 1.519626057916048656e-01 2.173120928764468440e-01 1.982939756603779580e-01 1.879192741049601767e-01 3.130359715345041871e-01 -2.447034433877075948e-02 1.910125048656656777e-01 2.526176710356766719e-01 3.153803711610327909e-01 1.441182474776410705e-01 1.749960124078301371e-01 3.459831734563518224e-01 -1.207359827196501645e-01 -1.699102841929758523e-01 -4.441895322243025190e-01 -5.206989836717367259e-01 2.513404437523501511e-01 4.801324081936572119e-01 2.543767049093370591e-01 3.664241527743206106e-01 3.197632352068436323e-01 2.569710207911344857e-01 8.946741954960107934e-02 8.146402654992963843e-02 3.203666352157357733e-01 2.862845039799652436e-01 2.584278797995890886e-01 2.170281408844920989e-01 -2.693158284244090428e-01 -3.768737027299542963e-02 -1.021578721389095751e-01 5.068529267943991945e-01 2.913847900110130285e-01 5.398502982073402623e-02 7.557462680666385824e-01 -1.680897946810179788e-01 -6.779636921942663874e-02 7.975817445916338899e-01 7.804299816172702853e-01 5.233518512531282196e-01 5.903301264328101317e-01 5.230218812573579346e-01 3.978500919695527327e-01 3.459073367944439092e-01 4.869862946272837667e-02 1.631409677491192367e-01 -2.417213154229809480e-01 8.371818160008228510e-03 -5.505745781841863210e-03 2.279241404264031046e-01 5.783343706510741394e-02 1.290609258658225456e-01 6.935340338257275916e-02 9.498530294258059059e-02 1.702656139996664153e-01 -1.028612679899162802e-01 1.290764857469405003e-01 2.124270255977327992e-01 4.343351401552948965e-01 2.052353570629718571e-01 -1.389522942920895510e-01 -2.941522521774292409e-01 -4.865630477036367307e-01 -1.658624095475750571e-01 -1.290300511266490313e-01 3.088849502918705192e-01 1.486959546751644504e-02 -1.574296032176371873e-01 -4.886932187546743078e-01 4.086644046896327209e-01 1.165860548035130700e-01 2.102348150067157861e-01 1.347602429040525018e-01 -4.369874387483361766e-01 3.284720902369068218e-01 1.526290325850551688e-01 2.503215199983894190e-01 2.367413566946305892e-01 9.585259341174913461e-02 -3.521358646696692851e-01 -9.753592330236583730e-02 4.505373351672757876e-01 3.104542866176676630e-01
-1.746552089371378180e-01 -7.111792037853952031e-02 -2.940421578693814819e-01 1.000000000000000000e+00 1.757020555727624445e-01 -1.996079830122232668e-01 2.262041762969256228e-02 -1.523118633976425773e-01 -2.211064346808556125e-01 -3.773398837250103166e-01 -1.914201935690114653e-01 -7.687017048138938824e-02 -4.750718719823161101e-02 2.769752538190215496e-01 2.741849644988701984e-01 3.466320427747670574e-01 4.124579451450782058e-02 -2.221085786549827253e-03 1.357782888951649669e-01 5.151943495401609813e-02 8.302898237285971650e-02 -1.594371710697243746e-02 2.969296277060692879e-01 -5.078086192869027057e-03 -2.546788211440087490e-01 -7.800454880278755165e-02 4.628777273561125727e-02 -1.290805901913831023e-02 -5.097030815690236499e-02 2.166232019486439841e-01 1.065098837466184334e-01 4.614985513890690338e-01 5.753222479056272487e-01 -8.234676250110116447e-03 -5.248765021460298497e-02 -5.309518955947456487e-02 -9.749344408699405981e-03 -2.370439845966457182e-01 -9.963614486142956250e-02 -1.259177054778000404e-01 -1.111621756097374014e-01 -2.198824929764278402e-01 -1.505643824382031370e-01 -3.402848502162467148e-02 -6.578782073466632463e-02 1.731157342286107070e-01 3.209647730379040498e-01 1.926273700197865812e-01 -8.657954839147796733e-02 -5.658855319493306946e-02 2.670378467437054537e-01 -1.444635707435253380e-01 4.985963780533286260e-01 7.641468516391887178e-01 -2.206178266381432773e-01 -2.111515255835837157e-01 -1.016052258180331069e-01 -2.595907976190043875e-01 -2.877962662013286432e-01 -1.672753013461834304e-01 -5.644603103509825831e-02 9.158831973877639213e-03 2.124581406936089101e-01 1.244398278591529045e-01 2.369877958422580699e-01 2.703753396708118983e-01 -6.435148669086071527e-02 1.430183951100203466e-01 -8.154564074351227862e-03 -9.139636871028646026e-02 5.298504018177069980e-02 -4.459275172421136441e-02 -2.876765725864580819e-02 -1.473016711473306151e-01 -2.724635487105081175e-02 -2.607849003530948728e-01 3.265661412928797663e-02 1.406213859888407747e-01 1.723126660496825946e-01 5.548240044630550205e-01 -9.812300683265333390e-02 -2.078771908297181448e-01 -1.909637104281189102e-01 5.829642905941152115e-02 2.061871635265367497e-03 -3.833449393318100890e-02 -2.753925949625189371e-02 -6.387460865920667474e-02 1.350187680258347310e-02 -1.868262738608444939e-01 5.246147963612227683e-01 -3.035036187641259597e-01 -2.674331987506165312e-02 -1.256753975205774088e-01 -6.287232865439057461e-02 6.534289044657233536e-02 1.846633204975864917e-01 1.385070707964222159e-01 -9.182661516480362940e-02 -1.064108050429895258e-01
7.143300122275134112e-02 5.062268496795692130e-01 4.459630331775917833e-01 1.757020555727624445e-01 1.000000000000000000e+00 6.061476079299418229e-01 2.794798828334384838e-03 4.551339403278049089e-01 5.209386750175101222e-01 1.825664492844955578e-01 3.604523764542051367e-01 3.184064897354263457e-01 1.869160310528148461e-01 4.342911808310320754e-01 3.362713104485701154e-01 1.540524639302378318e-01 1.046941058726794244e-01 2.030471833440757601e-01 1.676568520196141110e-01 3.544353969563020512e-01 3.231374020476883713e-01 -3.728223639826593050e-02 2.195811498501844261e-01 2.246442120153047672e-01 -2.275889018969700917e-01 8.777076285018886592e-02 2.371816225847218629e-01 2.396611191082721470e-01 3.042545240730292755e-01 1.035839029892146601e-01 -7.957082621324451654e-02 -1.397367818937676753e-01 2.236858359042811703e-02 1.585327003367570931e-01 2.618605517031659113e-01 3.354433558255955350e-01 2.433792635804616633e-01 -2.654007524864604450e-01 -2.534160679090537438e-01 -2.842859039679714317e-01 -6.312317483944758501e-02 -2.851645245906016604e-02 -1.184651896716030911e-01 1.337611465190076121e-01 1.381746217254746500e-01 -1.321268883196183123e-02 1.297746641559189840e-01 1.268646033571019516e-01 4.599231611281699439e-01 1.603447845093549651e-01 6.015132437240328089e-02 2.833328896503274352e-01 9.206826465968218076e-02 4.995812882151839940e-01 6.233775830547226837e-01 4.644085128077543589e-01 3.878266485614129677e-01 5.115300419491135564e-01 1.756320425009398056e-01 2.965576525708676914e-01 1.949536219920793845e-01 1.496987053082793860e-02 3.344250247422464462e-01 1.802488275464982082e-02 2.742296061023415943e-01 3.204157069478232867e-01 -3.793927168127136235e-02 9.469903160607300030e-02 1.011127534067923633e-01 1.435314695972577104e-01 3.129999881050518074e-01 -2.902413206464558859e-02 3.963456268263816640e-02 -1.383123225773996712e-01 2.233179247694931369e-01 1.208851267851353967e-01 2.891155995666309653e-01 6.874392702562466539e-02 -1.398951318180466086e-01 -1.062050009748945339e-01 -1.135838067801267781e-01 -1.718476171841519240e-01 5.270968548657689601e-02 1.767230121590320988e-02 6.775776012312866026e-02 -3.703841702622049925e-01 2.378435597340412266e-01 1.173446344381896822e-01 2.579532003892606729e-01 -1.117976294743509291e-01 -4.815012833660010927e-02 -2.439322834247104055e-01 -1.791172576881477074e-01 2.985607477228465964e-02 -1.258575546076475538e-01 -2.690026503894854190e-02 -1.306250977058616702e-01 1.340907169608018534e-01 3.572295983093050076e-01 6.135816245555270054e-02
3.150333639031948629e-01 6.514190318439635474e-01 7.808920869939893761e-01 -1.996079830122232668e-01 6.061476079299418229e-01 1.000000000000000000e+00 3.151706145475542398e-01 6.345029768315492147e-01 7.803795280345869889e-01 4.940990603264767134e-01 5.304139821911187935e-01 3.628330761486683875e-01 3.647417464370993900e-01 3.485289273317324077e-01 1.648226520657933292e-01 6.643717199905151138e-02 1.841600700264295065e-01 2.151219193531917484e-01 1.863350710454135528e-01 3.685356197304599513e-01 2.745633547145273079e-01 1.968273549121153654e-01 2.617266092406656669e-02 9.859887050387709795e-02 8.168627851989322675e-02 1.788516050022498083e-01 2.159511960161993871e-01 2.184248467664256788e-01 3.884233637681311357e-01 -6.900341467960829922e-02 -8.821752279787552220e-02 -4.495340714491131706e-01 -4.216217708038397793e-01 2.472512949374680302e-01 4.353074225140150522e-01 4.244586248644939275e-01 4.371811637124935479e-01 3.456331007869622995e-02 1.204475457208148692e-01 -3.156163032481430764e-02 6.353876819463458170e-02 2.310511056613120950e-01 1.560077646133956331e-01 2.985216026224333241e-01 2.362036795825770141e-01 -2.158911418961807493e-01 -4.124641983392873280e-03 -1.000652333997840808e-02 6.976391894907540969e-01 3.279026284037870886e-01 -1.290546171485900950e-01 5.463333643279005836e-01 -1.117669165480868476e-01 9.382690413019013909e-02 8.659930759646933263e-01 8.555037489278449758e-01 6.104448236182251630e-01 7.464856490130629130e-01 5.166882502048030235e-01 3.876784168387574780e-01 3.355440933414015614e-01 8.486951630657683932e-02 2.844119994758999570e-01 -1.363861458729636322e-01 1.279166226961604702e-01 1.440855381645647082e-01 2.147445741916551853e-01 4.768545244966619634e-02 1.258329203539287344e-01 1.476433532231133661e-01 2.171646384893360093e-01 8.816956135626394242e-02 -7.552782741017170787e-02 3.096580064520338890e-02 1.734366395610252298e-01 3.336226660081611506e-01 2.953052374034096927e-01 -8.599930717529745416e-02 -2.493142094746379767e-01 -4.424280617116005954e-01 -2.516654302097124374e-01 -1.485493895074223858e-01 2.189213512867738687e-01 -1.206633833055121424e-02 -6.968182358609324722e-02 -4.940187651792879442e-01 4.150565244668441012e-01 9.455535345705907979e-02 3.238677585942785764e-01 -4.410037547974542810e-02 -4.136047052435691262e-01 1.025645356095454125e-01 4.187771424510026985e-02 2.044875241104792962e-01 1.064167799975745538e-01 6.493988531214656135e-02 -3.573715530324327316e-01 -4.994914337651812364e-02 5.856463574993782117e-01 2.789773875795364400e-01
1.765106053925798446e-01 2.515973129880277881e-01 2.987581730288950688e-01 2.262041762969256228e-02 2.794798828334384838e-03 3.151706145475542398e-01 1.000000000000000000e+00 3.754439882727954592e-01 3.886596653197881279e-01 5.273928088635493339e-01 1.655489776856486628e-01 1.985536974643968833e-01 1.353656325056598608e-01 8.410417040043005263e-03 -2.289569849232527265e-01 2.068400654768514646e-01 3.280702746754001614e-02 -2.663555289526714845e-02 -7.490721405077120643e-02 8.346311958569481437e-02 -1.667726028724183032e-02 3.345335046743484475e-01 -2.291610874913906082e-01 -1.120991546054633942e-01 2.501045609479505827e-01 -5.170756730026371956e-02 3.733788109415143303e-02 -3.974543084558305323e-02 1.170549533475511161e-01 -2.651682911582632363e-01 7.370123537463757479e-02 -3.492606486117322273e-01 -4.634376925387412860e-01 4.656709087326897645e-02 2.192274463181632660e-01 1.682387142828727089e-01 3.049988352212845144e-01 4.242017042298525387e-01 6.305997577673991827e-01 6.394501780778170108e-01 3.180082798366011265e-01 2.759666247443768872e-01 4.628252048173848721e-01 2.659677148979201489e-01 2.232581616078598286e-01 -2.044917654696774278e-01 -4.504937485929529778e-02 -4.222642116647353644e-02 3.020061364605267640e-01 3.791688513802015104e-01 -3.306630686283371784e-02 3.112627371130599063e-01 1.499675313410694932e-01 1.076745585971186636e-01 2.897932617311393400e-01 3.864478724365114082e-01 5.562485191608493862e-01 3.658654367252429651e-01 5.783431348675658334e-01 5.699549917453606424e-02 2.683677177134041747e-01 -5.714120188354541302e-02 3.338136181490693188e-02 -2.576256504259996083e-01 -1.079716136320975906e-01 -2.224541126792643764e-01 7.288392187097817443e-01 -7.833943670677037674e-02 1.415057590250623845e-02 -4.984119702543330505e-02 -4.567062124602679074e-02 7.484779975138176888e-02 -2.553765456336710149e-01 5.648092534929854969e-01 -1.017012949879212563e-01 1.864463657742956026e-01 -1.190446887353823271e-02 -2.623241224053858289e-01 -1.251765115315953691e-01 -3.298480329101293740e-01 -3.372994666884501780e-01 -8.892009309144664753e-02 2.511920988130194599e-01 -1.198077003817540065e-01 -1.790092063058980332e-01 -2.752164941990899449e-01 2.536130751257107963e-01 -2.241391719752768852e-01 2.125069037889753265e-01 1.298464254602945678e-01 -3.254539802469640364e-01 4.307916922106206914e-01 6.281957799155232225e-01 2.342336716623845960e-01 5.002548191397890864e-01 2.159105722856338172e-01 -1.660704793155171333e-01 -1.092318740515985653e-01 3.621948397762105309e-01 3.985825881383756042e-01
1.015338713705036394e-01 5.163926277942914034e-01 5.002853568709243470e-01 -1.523118633976425773e-01 4.551339403278049089e-01 6.345029768315492147e-01 3.754439882727954592e-01 1.000000000000000000e+00 7.985988461593642729e-01 4.520271183133234838e-01 3.929312146367393566e-01 2.951339219021679172e-01 1.344345591422905772e-01 3.158197523612972235e-01 1.111608622691864501e-01 1.751023607295068285e-01 1.742054633971208411e-01 4.613902389662856152e-01 2.830983357015038338e-01 3.371839343297629021e-01 3.230208102140493254e-01 9.251910618572231626e-02 6.428116436025703428e-02 1.328937072020207610e-01 -9.535005844318746038e-03 1.281396017141374633e-01 1.211214158636411548e-01 1.008826029510434541e-01 3.205914323603651916e-01 -2.979897795788579232e-02 -4.777557978120960946e-03 -4.817173188347145252e-01 -4.220625898050768821e-01 3.421035613672104847e-01 3.713851424538162083e-01 4.152590259296357056e-01 3.528764801696518960e-01 -9.687304124161041918e-02 -2.163012103768265429e-03 1.046966629735774507e-02 1.292010258869615014e-01 8.158473401716236084e-02 6.648965509800373874e-02 2.046004426523061470e-01 1.145273337869460867e-01 -2.205400372561084898e-01 -1.014547421308206326e-01 -4.904980317081257535e-02 5.427937281217605214e-01 3.033250687332967876e-01 -1.833408117882241173e-01 4.236004023916548067e-01 5.527916087257479794e-03 1.318612554071643961e-01 5.928237373759790430e-01 6.217254817616840734e-01 8.324230140819720569e-01 8.159463163523874574e-01 4.963989173326939230e-01 2.813777679516333841e-01 2.629443059131691962e-01 -3.343774054093790523e-03 2.599601820221248416e-01 3.503422438727443050e-02 1.741290023439246992e-01 1.054997030259144791e-01 3.263315541752803695e-01 1.769569466180181128e-01 2.920431731327217117e-01 3.896124127104466650e-01 2.780038004816093866e-01 1.590219032522658116e-01 7.652457838172120608e-02 8.916838233440160799e-02 1.093005463284829754e-01 3.038717294314866035e-01 2.711338665108382617e-01 -1.071039374671184791e-01 -1.878025957858409922e-01 -4.531067083943073892e-01 -1.769300405631064055e-01 -1.265692120941389331e-01 1.834783779761297029e-01 5.979133466922462170e-02 -1.742801104608787330e-02 -3.540133283495920935e-01 3.601565847085501648e-01 -2.267959605799047158e-03 3.286165802110179723e-01 -2.116318845366288535e-03 -4.416039637480293489e-01 4.059991570458197641e-02 -4.634961586702820817e-03 8.980554539455146146e-02 1.068637251370611607e-01 4.914329898313342382e-02 -3.103304469009598998e-01 -5.495437669128752645e-02 4.997040473263112959e-01 3.084870868426370927e-01
1.471398121296937367e-01 5.290164927596344713e-01 6.044633256398239674e-01 -2.211064346808556125e-01 5.209386750175101222e-01 7.803795280345869889e-01 3.886596653197881279e-01 7.985988461593642729e-01 1.000000000000000000e+00 5.851271332499651256e-01 5.501570591675686295e-01 3.923036105676460661e-01 3.108923117280201209e-01 3.134165480724384611e-01 1.226664356105300058e-01 4.122485833060079985e-02 1.299410515230188523e-01 2.828317571762893334e-01 1.771004443569749176e-01 3.949865134161492652e-01 3.112538942477712234e-01 1.624977633157632939e-01 -2.114599713004802067e-02 4.669050584056991249e-02 6.784151381183831098e-02 1.512231915829782281e-01 1.910674936399521517e-01 1.842122332225039072e-01 4.295629170556171661e-01 -9.906469856589708578e-02 6.045447091979250231e-02 -4.755156458152093868e-01 -4.476730009537348010e-01 2.460824201454550053e-01 4.249800699138757132e-01 4.823698855708962174e-01 4.320028923449015235e-01 -4.546733982132203367e-02 6.622689321589392275e-02 3.738096859384866522e-02 1.461814678930159206e-01 1.925161066735417703e-01 1.687893489019332560e-01 3.697525466040625930e-01 2.815901879170085720e-01 -2.816490993642972729e-01 -1.073149550438092514e-01 -6.593292328655390999e-02 6.845225702057292638e-01 3.841070410487664177e-01 -2.158083978210446896e-01 4.102121784791070702e-01 -6.401702102750903012e-02 1.069128038589417240e-01 7.030400539208002675e-01 7.666720730401548334e-01 7.446587571819256457e-01 8.961442973497638631e-01 6.238786751661719032e-01 3.841254743765257218e-01 3.904003852287908360e-01 9.955961239521629591e-02 2.810272926840034491e-01 -1.429632452974592127e-01 1.187432410559216556e-01 1.042629961327302124e-01 3.391882605538426576e-01 4.644454487142421484e-02 1.413079108009497598e-01 1.980694265839663959e-01 2.753215386204869164e-01 7.362949161736524750e-02 -1.115907078043086309e-01 1.366329789538846262e-01 9.443558715138312964e-02 3.536457484122545458e-01 3.171158083793008120e-01 -1.594742055583006357e-01 -1.519273380622272185e-01 -4.535920057649329151e-01 -3.291170071191538704e-01 -1.797803933666689835e-01 2.570693883169314353e-01 -6.101296127866862734e-02 -8.367748167335914422e-02 -5.258876735168505068e-01 4.291904243692565846e-01 -8.013030172011771993e-03 3.742860067314499606e-01 -1.132468044495614154e-02 -4.412945850528517400e-01 8.057834766292802653e-02 4.371847014087684030e-02 1.556273670621655947e-01 1.751863946473382616e-01 1.492939196113239886e-01 -4.158092154668013851e-01 -1.161353780798808216e-01 5.975142271449878084e-01 3.603303656293709856e-01
2.447906239330668587e-01 3.785952161808364691e-01 4.991877816767338327e-01 -3.773398837250103166e-01 1.825664492844955578e-01 4.940990603264767134e-01 5.273928088635493339e-01 4.520271183133234838e-01 5.851271332499651256e-01 1.000000000000000000e+00 6.271738057778198927e-01 5.510668115305045189e-01 2.964880045929318420e-01 4.774401441036871252e-02 -1.972631313103055395e-01 1.635652204711246158e-02 1.634630643267284966e-01 -2.167008979590344733e-02 2.749130421370647726e-02 8.953475841671242053e-02 6.789884942866659945e-02 3.258509371068405991e-01 -2.524428596026074278e-01 1.590563624581821656e-01 4.602708370555685935e-01 2.493713487971456755e-01 4.945308048804692574e-02 1.383597229034868314e-01 2.971517570838729250e-01 -2.682604828646273365e-01 -6.723404817342398809e-02 -4.195814734811622593e-01 -5.824564714431339496e-01 1.085309164701394324e-01 3.797755522642003445e-01 2.036216199863083443e-01 3.217710777750136808e-01 3.793115104770756751e-01 4.523403633937507773e-01 4.864030461610300282e-01 2.446079391267526049e-01 4.514728212794791307e-01 4.853542016485499766e-01 3.031150727395365840e-01 3.265539379118524432e-01 -3.245306146931896674e-01 -2.174994579763949998e-01 -2.205693545950295487e-01 3.858909034045638342e-01 3.788616739401514111e-01 -9.922587520463856114e-02 4.071595840613206341e-01 -1.398830476144094781e-01 -1.597438257974187203e-01 4.994069625103652599e-01 5.426756605838134462e-01 5.502256077890884667e-01 5.487477094475284867e-01 8.458596392057203817e-01 4.058760158833806808e-01 4.543715328807163556e-01 5.108405108076693318e-02 5.959792190281241325e-02 -3.633628031358808186e-01 -1.322044590287441979e-01 -2.052421957124121454e-01 5.493304704879087286e-01 -4.069108252404539383e-02 6.279729032612901829e-02 -7.676462169239325894e-02 -2.849607468068352661e-02 1.455872204151016369e-01 -2.403793224628870684e-01 5.630726867543730529e-01 1.003261617958155355e-01 5.064705541585649007e-01 1.486570885231402739e-01 -2.515430585537528074e-01 -2.812780026473923334e-01 -4.658032762288642492e-01 -2.443202185375576707e-01 -1.859599432939751662e-01 4.213352312466609462e-01 -9.890086292584444883e-02 -2.140739263377862689e-01 -4.393404839891932312e-01 3.523060904608789068e-01 -7.678274191083403477e-02 1.738264972448604617e-01 2.674224492798003561e-01 -4.686584795780854851e-01 4.453415848726834381e-01 4.567338840636228081e-01 2.828911283866799575e-01 4.476628097537488360e-01 1.810801445559291623e-01 -3.424270788891796147e-01 -1.968299531580253725e-01 4.133451030924924496e-01 4.180992256649179173e-01
2.341737574864531934e-01 4.575207488228523744e-01 5.137379407540426657e-01 -1.914201935690114653e-01 3.604523764542051367e-01 5.304139821911187935e-01 1.655489776856486628e-01 3.929312146367393566e-01 5.501570591675686295e-01 6.271738057778198927e-01 1.000000000000000000e+00 7.283098490699169147e-01 5.544520289621821529e-01 3.694039204445306868e-01 1.871394606153287676e-01 3.846993296612696150e-02 4.108831619566751248e-01 1.578439940868751334e-01 2.785212541248024420e-01 2.728614719764538843e-01 2.698397066570704106e-01 3.818627968114632898e-01 1.002096834961800215e-01 3.970560747534241375e-01 1.944286309009717328e-01 5.713350312385016005e-01 2.428247992709900993e-01 3.520824765324105932e-01 4.764701862053705161e-01 9.907664784591083129e-03 -1.778054177513860024e-01 -1.961932728513205715e-01 -2.991283479308103899e-01 2.418544698770213885e-01 5.460606949842381486e-01 3.657947882858225697e-01 3.950189359932080868e-01 6.278622379864941261e-02 4.791590938227675844e-02 7.427212454745356351e-02 2.106234222559827118e-01 2.291423934182253985e-01 3.104043908973616039e-01 3.879900899111579649e-01 2.797701950210153554e-01 -1.435026765042508035e-01 2.364630514140745460e-02 -3.278669284773119696e-02 5.029077879128115436e-01 4.458774378660727011e-01 -1.344917464121715700e-02 4.051370296771668045e-01 -1.482611865662482875e-01 7.638959963345876882e-03 4.661917209862145861e-01 5.514641968316609244e-01 4.393346078576444991e-01 5.380967820645288224e-01 6.014248896474202466e-01 7.115888938868657476e-01 6.104414802020747821e-01 3.364119497300293582e-01 3.663228893143821163e-01 -1.905038472390143400e-01 1.802045899650734639e-01 1.704212622885972472e-01 2.403427322899975849e-01 1.664658957398400529e-01 1.226141296707087269e-01 -3.572998830350275490e-03 1.843313866092865794e-01 2.468948034569470873e-01 -6.662641322193900428e-02 3.093096704058682644e-01 4.259053544221784171e-01 4.965177692659626940e-01 4.125308963807488016e-01 -2.468955752905557452e-03 -3.280059534012688127e-01 -2.304172018996942795e-01 -1.510223367174011733e-01 -2.307825212826405126e-01 2.826425326519755865e-01 1.176894261730047631e-01 -4.473032252059767205e-02 -4.864488590589756689e-01 4.476896662898483537e-01 1.777194585641045377e-01 3.314648132454562357e-01 2.988701121965561258e-01 -3.344040738235171117e-01 1.722860942897662950e-01 5.874430531177009945e-02 7.838501580476145425e-02 1.459749154246169633e-01 2.576374406515716253e-01 -2.589901476971070982e-01 -2.789510668627320431e-02 4.738283401787775073e-01 4.899706082341346858e-01
1.938085823550325382e-01 2.949197594317253257e-01 4.041331433798638906e-01 -7.687017048138938824e-02 3.184064897354263457e-01 3.628330761486683875e-01 1.985536974643968833e-01 2.951339219021679172e-01 3.923036105676460661e-01 5.510668115305045189e-01 7.283098490699169147e-01 1.000000000000000000e+00 4.337179670594282777e-01 3.481406714485144605e-01 1.367835059328754710e-01 7.344565600136848671e-02 5.168810022364007661e-01 1.539431199395071836e-01 3.266903395735329396e-01 1.556432855512740465e-01 2.131121845327641762e-01 3.259321971230512704e-01 1.609617045209652542e-01 5.286647608850454372e-01 2.085825801758084408e-01 6.481264469641780934e-01 1.626251254177822902e-01 4.222355251994115988e-01 3.660177599402988924e-01 3.936150734365030657e-02 -2.209605137081324389e-01 -1.469660901122588070e-01 -2.519090359974249793e-01 2.357171095752493284e-01 4.636957834304321069e-01 3.381230520815757257e-01 3.613478898510355530e-01 6.845636657638522193e-02 8.571742393525386139e-02 1.786510379186909969e-01 2.864430754029205217e-01 3.176329412777206262e-01 4.097821797847746028e-01 3.963205105690952856e-01 3.569368568010830578e-01 -1.177042606806584513e-01 2.006511568721181318e-02 -5.504997185270040644e-02 3.921400336858406055e-01 4.185089181255929880e-01 -1.101953844504384786e-02 2.762429030490752280e-01 -1.174667465062702587e-01 4.610572193286172765e-02 3.438559537769100283e-01 3.472569472777059518e-01 3.425304730982162704e-01 3.697685380183358683e-01 5.926263925488466366e-01 7.339735353817753438e-01 7.687876541123276342e-01 2.378277860015524936e-01 2.927520075246981546e-01 -1.531739942850160741e-01 1.380254100666858941e-01 1.124220569165235856e-01 3.232859364894268839e-01 2.732160158825051588e-01 1.260605148333129588e-01 -6.420117723971797974e-02 9.214350325829238908e-02 2.512465683831255348e-01 -6.858070739942029315e-02 4.163411744941373227e-01 5.013058178661206066e-01 6.811422094301426977e-01 3.580213520571772778e-01 3.499466518089221906e-02 -3.804915636213381802e-01 -1.666064843382502603e-01 -4.259469245623683648e-02 -2.838439465704427622e-01 3.520404489293662009e-01 1.623340264795002930e-01 -8.084663223628321682e-02 -4.853883443582436841e-01 3.857977119621718853e-01 1.804787336964654987e-01 3.178559367653240875e-01 3.629872813335559556e-01 -3.217002034142911193e-01 1.623716708394621622e-01 2.363209198473593120e-01 2.030115810425426603e-01 2.965219715899824471e-01 3.547908855214484958e-01 -1.860698581285739894e-01 -7.507669314136010408e-02 4.084994966006424422e-01 4.398670384442705528e-01
2.183657860220027391e-01 2.900926164516920425e-01 3.706053841134644422e-01 -4.750718719823161101e-02 1.869160310528148461e-01 3.647417464370993900e-01 1.353656325056598608e-01 1.344345591422905772e-01 3.108923117280201209e-01 2.964880045929318420e-01 5.544520289621821529e-01 4.337179670594282777e-01 1.000000000000000000e+00 3.423746304174508093e-01 1.987609226841960952e-01 -6.501887168669033198e-03 5.364379931174703131e-01 1.583287522001701475e-01 3.238718954176723064e-01 2.739638308668997380e-01 1.869988672069398394e-01 4.883883469045236514e-01 1.480777082601502093e-01 1.901877988528724583e-01 1.714857947164265609e-02 3.275570272081786416e-01 3.892251810160197167e-01 3.626721066370883206e-01 4.387391896318765250e-01 7.958935564686543673e-02 -1.492647648542359540e-01 -5.239457001546161952e-02 -1.649054774169527171e-01 2.759788836999902406e-01 4.245249273673344925e-01 2.903663589903854314e-01 4.391788793913195543e-01 9.727574958917641068e-02 7.880224268461363812e-02 9.284625842891749969e-02 2.852264165819969888e-01 1.360285748226567060e-01 2.495635865340064263e-01 4.081939425045681968e-01 2.965725415247599250e-01 6.442063146383228411e-02 2.324838127814194966e-01 1.102909365155452376e-01 3.420578674908161809e-01 4.130455301873375840e-01 -2.579783507112187041e-02 2.966037297590994326e-01 -1.623162429763596315e-01 8.055088973099163926e-03 2.716890953716815105e-01 3.669938286340601041e-01 1.603665979111035811e-01 2.909561192479102054e-01 3.060903576809764770e-01 4.416695187406598500e-01 5.569309242487637812e-01 7.563088094675227691e-01 4.461029770373345915e-01 -1.820009371694926992e-01 1.561074197179613265e-01 1.863771452281496321e-01 1.356908470027386460e-01 2.506474014226308666e-01 1.337871932661731100e-01 -1.962737819760414920e-03 1.421498845310725789e-01 2.966054416027452678e-01 -7.193623189268827378e-02 1.767182093017188038e-01 3.403449741271090678e-01 2.097198639098729611e-01 3.765082329889455348e-01 4.957318220840057493e-02 -2.591901064875433702e-01 -9.185878605750362469e-02 1.561938835785730466e-03 -3.330689532705699563e-02 1.790548760587083177e-01 1.771505541624724400e-01 4.254947156907527839e-02 -3.662120277767809684e-01 4.601642245822979427e-01 2.627806483570445661e-01 3.548356544240956478e-01 3.246787696678453683e-01 -2.103483271341961003e-01 1.347662031438767727e-01 2.995913417044079180e-02 6.420056164854383123e-03 1.016313743707865647e-01 3.478803398183318851e-01 -7.384759001921020749e-02 4.283744851025739209e-02 3.037577370288842560e-01 4.154054758153346016e-01
-3.519497643613836435e-02 3.641187828841954133e-01 2.433911500725644272e-01 2.769752538190215496e-01 4.342911808310320754e-01 3.485289273317324077e-01 8.410417040043005263e-03 3.158197523612972235e-01 3.134165480724384611e-01 4.774401441036871252e-02 3.694039204445306868e-01 3.481406714485144605e-01 3.423746304174508093e-01 1.000000000000000000e+00 7.902353473356105162e-01 1.320573365507933528e-01 3.925558557518242786e-01 4.959553323798225888e-01 5.824823429426602139e-01 5.815524672304005493e-01 6.973078745135009582e-01 2.806570352769277576e-01 7.448619828389948516e-01 2.926416432797116496e-01 -3.133684180811673325e-01 3.140828103474856969e-01 5.563201809407416487e-01 5.160331835818335877e-01 5.550717055904431652e-01 6.341323027375842525e-01 -2.517515703422330553e-01 6.738195285079430497e-02 6.271654227508005608e-02 4.125635172703204234e-01 4.877998233958293350e-01 4.295953835085829509e-01 4.489486215974914374e-01 -3.384834030784779624e-01 -2.423326439797782172e-01 -2.630324262044405614e-01 1.106666966114084744e-01 -1.814847099846504941e-01 -9.568364821791741637e-02 2.174640550975924513e-01 6.068600746488832937e-02 4.580700397403058566e-01 6.469914087647532508e-01 5.629889573075235187e-01 3.632972525322530344e-01 2.910427647998857781e-01 -5.972982352028979175e-02 1.989440555224779583e-01 9.945123125899714422e-02 3.996141809515405541e-01 2.224127967427184382e-01 2.661116936027983493e-01 2.883158402169815338e-01 3.448164105523999212e-01 1.432623858972092712e-01 3.501116406140601378e-01 2.762317301812045045e-01 2.591081675842391019e-01 7.731080770297414917e-01 3.597685908110958009e-01 7.859589677181529899e-01 7.723315201433059718e-01 -8.865411322745077316e-02 5.279838878989994155e-01 4.613016631042450855e-01 3.677064802548972722e-01 6.524016713908985521e-01 3.781008412638705574e-01 4.481009833059715342e-01 -2.271786083155835634e-02 5.000449594235518713e-01 1.986020928702992294e-01 6.342809155417159506e-01 5.813590331973150782e-01 -3.289098944214098319e-01 7.474984166485461323e-02 1.264832204588221820e-01 -1.249201951097977520e-01 -1.536148327914424461e-01 3.918049496442655988e-01 3.325648521564655846e-01 -2.228401002043744472e-01 4.703522976198118433e-01 4.333211967925162389e-01 4.155997763125290345e-01 -1.646481087961532835e-02 -1.752961108403700008e-01 -1.131014568591451191e-01 -1.159336297475030836e-01 -2.081908430915424268e-01 -2.112686026586254040e-01 1.278169396696077209e-01 2.600570234713558415e-01 4.602000288152353624e-01 2.644363925449197961e-01 2.276569042027425105e-01
-2.005357015319584879e-01 1.376141884649117741e-01 1.534095167248832915e-02 2.741849644988701984e-01 3.362713104485701154e-01 1.648226520657933292e-01 -2.289569849232527265e-01 1.111608622691864501e-01 1.226664356105300058e-01 -1.972631313103055395e-01 1.871394606153287676e-01 1.367835059328754710e-01 1.987609226841960952e-01 7.902353473356105162e-01 1.000000000000000000e+00 -4.439793235046124442e-02 1.396293927887825859e-01 3.900551369259036560e-01 3.527245504270217769e-01 5.292244142837796428e-01 6.365934534475924389e-01 8.587032913301409845e-03 8.181432581428499384e-01 1.948918667759872159e-01 -4.537557571022633462e-01 1.904190383549380916e-01 4.634884727777883184e-01 4.692188069136737361e-01 4.029158443344932339e-01 7.830757050270547026e-01 -2.304640466023907264e-01 1.851156208131222725e-01 2.467255043083722565e-01 2.405683503112560351e-01 2.248178456098932076e-01 3.454042952054983129e-01 2.479791663138576352e-01 -5.290372825346884023e-01 -4.582771073219525926e-01 -4.260998631804676084e-01 -2.136226927696745909e-02 -3.120591608929186300e-01 -3.313527230285560066e-01 7.157244979330031065e-02 -7.885727065360192967e-02 5.748810647545412600e-01 6.305328201901817531e-01 6.434214354019789361e-01 2.164457585018120800e-01 1.052140276933863916e-01 -1.189126094750701107e-01 -4.799462859772437445e-02 4.857837872244023802e-02 3.667631594619389368e-01 3.942662708215946554e-02 4.500162809682959481e-02 6.542797166045989654e-02 1.679498443620608961e-01 -1.387374329975106235e-01 2.573525058215961336e-01 1.108716230894075255e-01 2.762437594788647588e-01 6.743620238169694137e-01 4.759119623992706938e-01 7.912207782770330766e-01 9.258769635715413671e-01 -2.508329598317682874e-01 3.596248563419820465e-01 3.056149886385691739e-01 3.057544999549680065e-01 6.666365378223859661e-01 1.777030573616301679e-01 5.448085987612220071e-01 -1.830971394422978848e-01 3.897090995834939786e-01 2.469904821178415741e-02 5.758179884811127636e-01 7.408547589716025783e-01 -2.299265119344117980e-01 2.166317763477208780e-01 1.519446572139402096e-01 -5.394111826587754538e-02 -3.211833220319929016e-01 3.322017535379683806e-01 4.271108255360146488e-01 2.517672599350224277e-02 2.501450415632748836e-01 4.525220149999662489e-01 3.237306497139505468e-01 -7.513211367507514893e-02 -6.073064510022090079e-02 -3.158308386130879719e-01 -3.218367111780414680e-01 -3.342080940351507268e-01 -4.225832811078937268e-01 4.560525748474919538e-02 4.337047031852427903e-01 5.347577222427921662e-01 1.092775800565447819e-01 3.483171349419064700e-02
