1.000000000000000000e+00 3.961158929185505939e-01 4.947395442746584937e-01 4.096086437501507416e-02 -1.254734603789977032e-01 1.618539720962016148e-01 3.202955215580619019e-01 1.530670219963951306e-01 -8.596206624620882086e-02 2.862832762447619639e-01 9.784752319341835647e-02 2.038440236369449265e-01 -2.262480046807795186e-01 -3.224849773764956740e-01 -3.563107923002637456e-01 5.429201180936600313e-01 -2.208109890439634848e-01 -1.954995678663127012e-01 -2.117488415231030541e-01 -4.331346121635009094e-01 -3.466513925366052629e-01 -2.643577951406719251e-01 -3.336001892597293406e-01 1.063037351232681976e-01 6.494222400679208196e-01 1.949066955984454230e-01 -5.364896997484520647e-01 -5.772429605495171812e-01 -3.578690187010118984e-01 -4.840936134736135155e-01 1.634164957824827125e-01 5.545797845849707031e-01 1.922068474727179621e-01 -2.930548597835493374e-01 -4.088832523991046686e-01 -1.509080654020014400e-01 -2.689274060736319139e-01 6.707303905675957578e-01 4.316880684008919111e-01 1.925486476822371729e-01 -4.560774308959202744e-02 4.855864685017631799e-01 2.419293658556873339e-01 -7.955127349244439650e-02 -2.704987719548954117e-01 -4.821423166069573885e-01 -3.499979404876254474e-01 -3.713781029211521423e-01 3.035890194034919776e-01 -2.574814447702640785e-01 5.632156259302173451e-01 2.839257833400593012e-01 3.801723250354260841e-01 9.371553653747546897e-02 8.819219479359126368e-02 2.710403593301277114e-01 1.338765418931014972e-01 -3.700660750201759802e-02 5.304234934423366354e-01 2.490511761832482074e-01 4.113845514038065865e-01 -2.028540681300620430e-01 -2.814745582736930540e-01 -1.764837093387214007e-01 -1.216151751962591260e-01 -1.960112107479691501e-01 3.184064901227937616e-01 -1.241419732706933038e-01 -1.640610496646119354e-01 -2.484918191126652964e-01 -2.038741052016103117e-01 -2.515694472065256315e-01 -3.176181897355381117e-02 2.636503232628689131e-01 5.067573498570385887e-02 5.585934043925248060e-01 -3.539374747287105105e-01 -3.008228149747492752e-01 1.111769009509974010e-01 6.490448443935630252e-01 -1.595990765448752902e-01 -2.380045088631945194e-01 -1.151164471068381878e-01 -4.184359593319194048e-01 -4.845034453439902022e-01 -2.844397690305872084e-01 -2.321701063722774461e-01 -4.608702349806824694e-01 -3.420122643863756640e-01 -1.538468630108068558e-01 2.401254009250904375e-01 5.342494408244505832e-01 4.712909715172464153e-01 4.420434543088420098e-01 1.627606318005664354e-01 -1.785110503015026329e-01 -4.398783295811627414e-01 -3.129215024366292508e-01 1.934304942003262362e-01 -2.094490599330243730e-01
3.961158929185505939e-01 1.000000000000000000e+00 6.367510172426043003e-01 4.919819587778444525e-01 5.019736357437404317e-01 4.304620639824522366e-01 4.973931920928473804e-01 6.357230587874704852e-01 3.566420766463696546e-01 2.845041448401235962e-01 2.586940936420661918e-01 2.286970899543441238e-01 5.088420002292687316e-02 -4.459916586089162499e-02 -2.170771305920251304e-01 5.953106945843268383e-01 4.341607828026701477e-02 1.981466119933595615e-01 1.213401057851051512e-01 -5.598481334045676133e-02 -2.937379291457230604e-02 2.071015944491067309e-02 -1.868514944794155697e-01 2.670536424014654520e-01 3.531173566995476354e-01 1.552263526722853781e-01 -3.965239699565031306e-01 -4.618086703516012248e-01 -1.829344951994035795e-01 -4.625650934065400621e-01 1.203158604950962940e-01 2.616740037233128979e-01 3.538825157289618994e-01 1.138165520972590911e-01 -7.515991205308786283e-02 1.328003828446806533e-01 -1.318460225289890542e-01 4.437190112018808419e-01 3.407491852627470563e-01 1.778864592828590385e-01 4.773897895327321172e-02 1.953786691430535738e-01 1.790739242529263420e-01 -1.612735439408020388e-01 -8.587410277919996227e-02 -4.776776778414604796e-01 -2.299082365694663233e-01 -4.063301983067242329e-01 3.717904074385928181e-01 -9.689649258068468163e-02 4.487342512325195321e-01 6.520256647190274535e-01 6.137644539698643431e-01 5.332731669936363605e-01 4.377914924847706168e-01 4.158251516530185876e-01 5.606120887914859408e-01 4.159221177171896766e-01 2.450631057553737391e-01 9.863910110497473016e-02 1.080913809522597024e-01 -6.784942635410035061e-02 -2.713812742563583291e-01 -2.591946211715975834e-01 -1.049041221313990052e-01 -2.475909562250165341e-01 3.218193833226337675e-01 -1.752216206868430770e-01 -1.669578724488794963e-01 8.229564919157518477e-02 -8.152500136543336384e-02 -2.399116590334345323e-01 -2.700807805211852264e-01 2.377606755291953866e-01 9.739639506648187228e-02 2.141798444662360856e-01 -3.393673774715952884e-01 -3.399214247237248299e-01 -3.513899231304297432e-02 3.361310787915717802e-01 -3.480458339216135344e-01 -1.544365152849752065e-01 -1.343001444753031404e-01 -1.121008788472856593e-01 -3.271291267620008436e-01 -4.383371634846115472e-01 -1.195314873314888282e-01 -4.948620217082324579e-01 -6.158384198789040170e-02 -1.331885652626375038e-01 3.344885049328161775e-01 3.070130195843765453e-01 2.286794582989990499e-01 2.102398919693772295e-01 1.147435643460574944e-01 -2.266677938341279952e-01 -4.667151553523551932e-01 -3.669583476640262409e-01 3.433081301244382821e-01 1.870952109383011361e-02
4.947395442746584937e-01 6.367510172426043003e-01 1.000000000000000000e+00 8.717664809036801063e-03 1.960534517150858136e-01 5.965448316613692903e-01 4.349577935721148925e-01 5.031909153740704577e-01 4.196216830878576332e-01 4.239595586193989907e-01 4.329492921482634982e-01 4.794486471806538863e-01 1.300684507821281422e-01 -8.930867738846365311e-02 -2.864714665220052803e-01 5.911340691636148836e-01 -3.336284314053998556e-02 -1.131513611496707677e-01 -8.433597789248521714e-03 -2.251856360317424088e-01 -2.523133774291037024e-01 -1.640397326453000015e-01 -3.463507666844408139e-01 3.544159516343650118e-01 4.655105677789760921e-01 4.474740253263035372e-01 -5.004164084237032739e-01 -5.873576276835718035e-01 -2.803807996533179137e-01 -5.097357618107101196e-01 -1.973711559308908847e-01 1.326682764444762908e-01 5.421370100904220751e-02 -2.055518432044685651e-01 -1.858976080376158191e-01 1.557829656220183212e-01 -3.364037285755982487e-01 4.199605883363011216e-01 5.202307637191816436e-01 3.556746566752425620e-01 1.573252883295441218e-01 3.784619159464549520e-01 2.873445981604577093e-01 -3.345200131200769533e-01 -2.581376159546672766e-01 -5.960504159756370157e-01 -3.039613434341553733e-01 -5.229983879964998916e-01 6.589869199690993051e-01 -7.442068073035512654e-02 4.949170233300394517e-01 6.198694229243038034e-01 3.014355087804522770e-01 1.083226047510289503e-01 5.271937879157932993e-01 6.253100546818336491e-01 3.195232334124412099e-01 3.871858770560666629e-01 3.780232676069095743e-01 2.868931657677149527e-01 3.762838588273016982e-01 -4.100112141003593030e-02 -2.692677674027885715e-01 -2.670444187209755627e-01 -2.249909242778886376e-01 -2.613977911688044053e-01 3.591522219197955668e-01 -3.181425146955644268e-01 -4.408926472212598147e-01 -2.801327107382827197e-01 -2.694423789988166784e-01 -4.302745923809549455e-01 -3.747158953526147918e-01 3.657011052778748605e-01 1.021820139782368131e-01 4.302421661631067318e-01 -4.863650311727639175e-01 -4.576851286973825372e-01 -2.305144993176042045e-01 3.304834161287388272e-01 -3.957350053301496584e-01 -2.399642832893893740e-01 -2.417614665056065926e-01 -2.781736388014248718e-01 -5.261159728090637477e-01 -6.042405938858427250e-01 -3.762011702579010630e-01 -6.153464415566367585e-01 -7.887146850093007533e-02 -5.550265125080339201e-02 6.915584414924211276e-02 5.685325769058044987e-01 2.824297010940438057e-01 2.675997155790301729e-01 8.991087363005474675e-02 -3.913581170392418929e-01 -5.861522220955721618e-01 -5.570222973131838673e-01 5.226986907343603717e-01 -3.824186391010929442e-02
4.096086437501507416e-02 4.919819587778444525e-01 8.717664809036801063e-03 1.000000000000000000e+00 7.245279632578485174e-01 1.785722961312595225e-01 2.033417484645993756e-01 3.520801789336917564e-01 1.989804129952194578e-01 7.991553641872084501e-02 -3.330759940429632582e-02 -9.393265718894369676e-02 3.150765753841838768e-02 1.302480120191512047e-01 1.033628689697652786e-01 2.779765677877777397e-01 1.201202711394287331e-01 3.690920677312429787e-01 2.136837401872680176e-01 2.176939691088693174e-01 2.957810173550776134e-01 3.094485575075278661e-01 1.089610591289536246e-01 5.798147405078456218e-02 8.597722442159895506e-02 -1.280089789793327215e-01 -4.905264422661333862e-02 -6.411146863854690070e-02 8.737417854813973872e-02 -1.624008537528043028e-01 4.935474676445852360e-01 3.197855519043867334e-01 6.926076698243853746e-01 4.455725173790288651e-01 1.914803306810023698e-01 1.710933443447070282e-03 2.451547103603159833e-02 3.021051611783554525e-01 2.862810252158343519e-02 -6.305381797769279983e-02 -9.323250076141201270e-02 8.601227503304020860e-02 1.233324439568931757e-01 2.163651087069198564e-01 2.976205686227834657e-01 -2.223559331086221585e-02 6.940137714013785986e-02 -2.217539009470339412e-02 -1.590937811381284983e-01 -1.107283990166731680e-01 2.311753014836943898e-01 2.843056432323717297e-01 6.600390275263132711e-01 8.653636692713887468e-01 2.314438730960423907e-01 1.220046241096126444e-01 4.285992685945550495e-01 2.355796329529430411e-01 -1.548185984280640599e-03 -1.590413936886121982e-01 -2.524895841378994588e-01 7.151451116110599075e-03 -4.864826116045076199e-02 -5.433461683129603426e-02 1.002487506229931685e-01 -1.709170176446086565e-03 1.348078660973303644e-01 5.261650127718953823e-02 2.497118101112539290e-01 4.360492594657668364e-01 1.393511972928498099e-01 4.369045662460827040e-02 -9.188841768905216256e-02 -9.509746457299732281e-02 -5.061523274702623559e-02 -1.254705649895480057e-01 -1.655041766655995436e-02 -2.683276267165165749e-02 3.861508042846213407e-01 2.732724515400288268e-01 -1.761723238880931186e-01 9.041069606302182260e-02 2.238484565702250073e-01 1.734990036251395362e-01 -2.179792074972923543e-02 -1.195308475255702080e-01 1.627643663779538563e-01 -1.568320134855550330e-01 -2.186171043067040159e-02 -4.194844518679984730e-02 6.264293115884465024e-01 -1.135199589608542753e-01 2.074773608768392952e-01 2.140382226961954348e-01 1.760439440300065328e-01 1.340806957214418782e-01 -2.919584480397658874e-02 1.203390931388699341e-02 1.649928277647354918e-02 2.222237219343632317e-02
-1.254734603789977032e-01 5.019736357437404317e-01 1.960534517150858136e-01 7.245279632578485174e-01 1.000000000000000000e+00 3.317980825871492123e-01 1.586917516381893545e-01 3.822158850683036735e-01 3.847643485827087484e-01 1.353063107025306577e-01 1.631135472010812604e-01 9.304912944884828618e-02 1.916564842174575956e-01 1.562505965965070576e-01 8.184414715196032530e-02 3.249425110051565313e-01 9.851848930448608987e-02 2.479261213757565641e-01 1.945917971178375561e-01 2.713774015692426156e-01 2.311826282616513129e-01 1.748672780148858574e-01 -7.135331506262829193e-02 1.654113238044791490e-01 4.098595984687140176e-02 2.556600825384460277e-02 -1.326345591097348176e-01 -1.515654063729031942e-01 1.000292287274210240e-01 -2.580823992897011143e-01 1.799573169549930907e-01 9.429374785759489508e-02 5.172196312515592309e-01 3.339863984756514803e-01 2.138956561170017034e-01 1.920863911040992800e-01 -8.061994365131142093e-02 1.213514292179403570e-01 5.344447200077364485e-02 3.584067386936228700e-02 1.799329565290343561e-02 4.454367957196860711e-02 1.102864136030726749e-01 -2.730015955212056547e-02 1.708917625845477462e-01 -1.845213404772520494e-01 -4.395817030623499350e-02 -1.947919270594569152e-01 1.036428684906088860e-01 -2.398279055396899603e-02 1.882164541905303468e-01 3.924097147307675781e-01 4.830030125133142893e-01 7.409740128662770653e-01 3.888664616212409442e-01 2.449243196810180212e-01 3.379733094469762333e-01 3.324506334474829350e-01 -7.285031197569408201e-02 -7.138429073132389335e-02 -1.691521243797236285e-01 6.642540953464109998e-02 -1.709757758162684937e-01 -2.019404281774044296e-01 -7.944438075359587514e-02 -9.002297778986040333e-02 1.291252757989295452e-01 -1.999706291804443647e-01 -2.370346774950979341e-02 2.654254922135356742e-01 2.610411692852186022e-02 -2.216666003430995957e-01 -4.042804065668899605e-01 -4.825998083025963281e-02 -2.082639892817513688e-02 -1.585642955794757114e-01 -1.512807122582032204e-01 -2.309140635066398162e-01 9.606240856024975128e-02 5.465203629011541192e-02 -3.413437568349807494e-01 5.942570577405133225e-02 7.527803728806706229e-02 1.827918043812077342e-01 -1.489162308764382658e-01 -4.014137562748580357e-01 -1.975254982976692650e-02 -3.488713284561464345e-01 1.100432864903699293e-01 -1.550441738049961223e-02 3.960594395994240791e-01 -1.988500401747378941e-05 -1.488953177045327508e-02 1.203640284341708083e-01 8.752658054115354525e-02 -8.545536909736375919e-02 -2.096500018248200758e-01 -2.475408429760401208e-01 2.178065556318244389e-01 5.095822197910895857e-02
1.618539720962016148e-01 4.304620639824522366e-01 5.965448316613692903e-01 1.785722961312595225e-01 3.317980825871492123e-01 1.000000000000000000e+00 4.705554547815398725e-01 5.852752739398903170e-01 8.096675010321033872e-01 3.319027437221445664e-01 3.352227305625715692e-01 4.059758434474796118e-01 3.369197904704185897e-01 2.682634139068693635e-01 8.144195440406809539e-02 2.737461125418808594e-01 1.824351505019795872e-01 1.313311377822718728e-01 1.615018659572964588e-01 3.332098150509186368e-02 -6.285827373976880794e-02 1.589944651203625547e-01 -1.164653868599901110e-01 3.646035424811719938e-01 2.359030592653006686e-01 3.611751931134434268e-01 -1.961767159527304516e-01 -2.863393489350560817e-01 -6.261196257571119417e-02 -2.345946097921724760e-01 4.879816741193165885e-02 6.213204107640762225e-02 2.048524860472275000e-01 5.040086585286063367e-04 9.646321445572544895e-02 4.316059293074199221e-01 -2.131786820612294464e-01 2.876545943471442990e-01 3.792913939065730711e-01 2.252484885282627358e-01 2.660598936773999057e-01 3.430805655469754689e-01 3.783147265160539119e-01 9.051228317690292180e-02 8.899555417051506490e-02 -3.174870235557950005e-01 -9.637613531507939479e-02 -3.266550098303590555e-01 5.622914865056076739e-01 1.525188412352197209e-01 2.135289893347915025e-01 4.303552936302941778e-01 3.278573678619451925e-01 2.495897114269707007e-01 8.429034738620151401e-01 8.281428988798418267e-01 3.861959676293433286e-01 6.632157643799634350e-01 2.745462876923110973e-01 3.533677618948924959e-01 2.065999376163443202e-01 2.105688147254638765e-01 2.065249756862636843e-01 1.342473991218603724e-01 -6.997003228097936622e-02 1.070658231838211710e-01 3.168016708806059012e-01 -6.412652254567224874e-02 -2.527527549764436721e-01 -2.070586747022176710e-02 -1.480856288857309022e-01 -1.505174907434777276e-01 -2.855016773488368020e-01 3.596513678892865884e-01 1.484032670578882551e-01 2.177402950301963735e-01 -2.317245613626067180e-01 -2.574815762553565590e-01 4.547985017249478457e-02 1.813005192845517088e-01 -2.774062555933649032e-01 -1.097689221100308643e-01 3.246506997826816704e-02 -7.067368220997728712e-02 -2.852733180368432486e-01 -3.822102514540703377e-01 -2.323044823065351094e-01 -3.644357684054113089e-01 1.493508707781470990e-01 2.225380820769014625e-02 1.767772596545587604e-01 1.968574021597607471e-01 2.705206675268578831e-01 2.797423990227805302e-01 1.170311851642658885e-01 -1.565248942117609260e-02 -3.491151612414700733e-01 -3.855560644853718855e-01 5.663861324282767340e-01 1.168768843757792136e-01
3.202955215580619019e-01 4.973931920928473804e-01 4.349577935721148925e-01 2.033417484645993756e-01 1.586917516381893545e-01 4.705554547815398725e-01 1.000000000000000000e+00 5.486617372547923921e-01 3.895127124485759373e-01 3.133860255800443029e-01 1.949640894928438006e-01 3.541707019413852242e-01 1.135205183914407140e-01 8.441348189097962196e-02 -1.471883572739654256e-01 5.241393813844295035e-01 1.250873110955047496e-01 1.633494217423711869e-01 9.175543624830420630e-02 -4.146478238307441805e-02 -1.025455847837573736e-01 1.273886440033272227e-01 -1.373684113782729366e-01 3.444934986067144100e-01 3.285162302201967699e-01 2.506226732216653152e-01 -3.755241452998988039e-01 -4.758956894765555279e-01 -2.323588760343665294e-01 -3.150364307011327969e-01 -1.320918135202718210e-02 1.826528660568042250e-01 1.589243393459713882e-01 -3.248449103907735669e-02 -1.346287520617024391e-01 1.673186972392425309e-01 -1.837664736619306904e-01 4.722733493737956145e-01 4.911560901185407779e-01 3.717656096426774082e-01 3.065181785571611806e-01 3.221742271188131057e-01 3.785456659882274200e-01 1.834982542654996218e-02 -1.252697799640806464e-01 -4.310655339881175330e-01 -2.025177777824974379e-01 -3.922665612210669561e-01 4.516488705314113394e-01 8.130860214843249612e-02 2.141911558112744862e-01 4.477949703185203911e-01 5.849244728861782150e-01 2.704640724653318840e-01 4.431585465995073747e-01 4.452833869420916302e-01 4.436364038039405933e-01 3.944272591246006376e-01 3.613679913638084829e-01 2.710535341213813343e-01 2.115563730034338841e-01 -1.768536283010518212e-02 -7.398096904390709383e-02 -8.903129330391634788e-02 -1.077590620643382041e-01 -1.118833129942740506e-01 4.419583569988241867e-01 -1.001124824233730060e-01 -2.379979730668162763e-01 -4.993710339723506780e-02 -1.277654019109304706e-01 -1.356612923231948487e-01 -2.097312704811526984e-01 6.289726029328652768e-01 1.148867998490913783e-01 3.125025830950262096e-01 -3.844682055336541837e-01 -3.906040179180896299e-01 -3.838958674726840326e-02 3.057190389775341077e-01 -2.790590306457978453e-01 -2.655358085066457652e-01 -1.324909547418093303e-01 -1.719912158305332284e-01 -3.808494071596734698e-01 -2.690250912450947163e-01 -1.926711019149469351e-01 -4.716990671730250662e-01 -5.280403145082548239e-02 -6.227546613696327560e-02 2.655258995589572235e-01 3.050833864891646097e-01 4.084124646995330732e-01 3.011813793612643231e-01 1.549525136548096926e-01 -1.062460421139948680e-01 -4.211441300269918031e-01 -4.103168604945956477e-01 3.726472061558114834e-01 -1.007875998836007050e-02
1.530670219963951306e-01 6.357230587874704852e-01 5.031909153740704577e-01 3.520801789336917564e-01 3.822158850683036735e-01 5.852752739398903170e-01 5.486617372547923921e-01 1.000000000000000000e+00 6.152099035241502811e-01 1.319812720594697453e-01 1.191041934119302370e-01 2.390023156255330072e-01 1.811864929732160401e-01 1.381013848987299175e-01 -1.227651242373226370e-01 3.406918441973116329e-01 2.456277116803845251e-01 4.359510400552070175e-01 2.692841613327344730e-01 -2.660497910469076036e-02 3.693591272415419624e-02 1.885468495794822841e-01 -1.050861071665917523e-01 2.252103864113766396e-01 1.026791202458527674e-01 1.382801063007255971e-01 -2.902151158818743748e-01 -3.610656372958127580e-01 -1.831823274559429560e-01 -3.309893400920940754e-01 -7.109184059343136297e-02 -3.845961950198625162e-02 1.106800309867937981e-01 1.879463008068103513e-01 7.315360576458915243e-02 2.666330925196623847e-01 -8.158868822937859200e-02 2.044148337235813240e-01 3.024604335585354686e-01 1.801599013662648907e-01 2.128992312860980840e-01 1.383209665243879949e-01 2.066920065001810469e-01 -7.872731802118393407e-02 -8.881299378437980396e-02 -3.348300551398720737e-01 -1.366381636648404396e-01 -3.089684415831386310e-01 4.217397988648258211e-01 -2.410485025481872573e-02 1.693678399290919900e-01 6.098070139635271003e-01 4.480252140203688782e-01 4.300982532940819669e-01 6.496864526177608123e-01 5.315802623211797195e-01 7.734259329174386632e-01 7.225888981220879304e-01 1.258714753411284692e-01 1.603482920715271487e-01 8.606366282296622205e-02 3.011334439706375016e-02 -5.798514494565906036e-02 -4.898738590155916200e-02 -4.100791658870371614e-02 -1.689281042612535422e-01 2.726957271575074504e-01 5.151025921545536977e-03 -1.117350412827680141e-02 3.073001193949386201e-01 -9.490634563918355637e-02 -6.121923245584004469e-02 -2.495678425418563773e-01 2.234112383290026427e-01 7.389592284926164989e-02 1.548482234204954788e-01 -3.058647541251957036e-01 -3.500196674168883915e-01 -1.065241479683185777e-01 7.439000167464150659e-02 -2.475799836848988356e-01 -1.432447593891636277e-02 -9.832637955946388342e-02 6.956921514947568552e-02 -2.920101544369597124e-01 -2.660902125678557550e-01 -1.172871875390843893e-01 -3.813898662814748652e-01 6.740623618131900974e-02 -6.277334184004600137e-02 1.142072727000383453e-01 1.372698450430248629e-01 1.212073712753573701e-01 1.704452534994053137e-01 -2.638962062151779808e-02 -1.749527840547837332e-01 -3.539279089958657365e-01 -3.067836077599149780e-01 4.391373513751171687e-01 -1.319545457274578192e-02
-8.596206624620882086e-02 3.566420766463696546e-01 4.196216830878576332e-01 1.989804129952194578e-01 3.847643485827087484e-01 8.096675010321033872e-01 3.895127124485759373e-01 6.152099035241502811e-01 1.000000000000000000e+00 1.598812010679976636e-01 2.604327648023443409e-01 2.706117227250758317e-01 3.583119458102054788e-01 3.943615758038169217e-01 2.163201258769274771e-01 8.001844414151804141e-02 2.441324153360144578e-01 2.648983540608584319e-01 2.861979322152848892e-01 2.269249165718742189e-01 9.238108833229555228e-02 1.749592015631706576e-01 -1.049569845169658761e-02 2.935487348770280946e-01 -1.839035873230299850e-02 1.989613535973941139e-01 -2.645547825958544444e-02 -1.053681260101072548e-01 6.548482901813698631e-02 -9.985263756205946251e-02 -1.126888689594926496e-02 -1.465764287435762370e-01 1.569797398516654119e-01 1.205066257957981973e-01 1.842759630899565571e-01 5.490810634508999089e-01 -6.930798954236826181e-02 5.497365411683203390e-02 2.230938512193027246e-01 1.814324652897982837e-01 3.177174738885699123e-01 1.117395620794987832e-01 2.238629774416632245e-01 4.513931810475986517e-02 1.323113908139863237e-01 -1.199518656316248821e-01 5.374921116078491823e-02 -2.078522994784926803e-01 4.290408177490707131e-01 2.722639636118763806e-01 3.286111758346470929e-02 3.497524082152049241e-01 2.216942118930421146e-01 2.251931174330019658e-01 8.025788092647417882e-01 6.927080842400908933e-01 4.114293081469060920e-01 7.603423750411110182e-01 2.355603024230468190e-02 1.717242294316921880e-01 3.850198068879058522e-02 2.297108216094548294e-01 2.407174744555712620e-01 1.982580471340839867e-01 7.777764318447773217e-02 1.640606299205555618e-01 1.875258326384963425e-01 -3.256533056988040846e-03 -1.706968618710167362e-01 1.209641107676644872e-01 2.313304757561277306e-02 -8.224657184182529446e-02 -2.125023033213258306e-01 2.078467695418790839e-01 6.745542659723889611e-02 -2.303548048795677622e-02 -1.185760418233751251e-01 -1.580654908452398810e-01 -6.624927926962079217e-02 -8.800230365028065271e-02 -2.847993077077415891e-01 -6.763864693724550535e-03 2.816506089036389677e-03 3.469759964503984356e-02 -1.391732673637859907e-01 -2.942888347786661307e-01 -7.558829630005613198e-02 -2.261198187527831138e-01 3.537167982532931632e-01 4.406090736335584179e-02 1.118468879220854834e-01 9.959453073230662909e-03 9.772608099922067137e-02 8.226158646450498768e-02 -1.508070251033633794e-03 -2.894635307779059100e-02 -1.728067189378180157e-01 -2.488874110627067038e-01 4.242302254354759494e-01 1.937974630052062830e-01
2.862832762447619639e-01 2.845041448401235962e-01 4.239595586193989907e-01 7.991553641872084501e-02 1.353063107025306577e-01 3.319027437221445664e-01 3.133860255800443029e-01 1.319812720594697453e-01 1.598812010679976636e-01 1.000000000000000000e+00 6.952819946903783244e-01 7.154411107860313424e-01 3.487165697824997634e-01 2.626102926058838591e-02 -6.474918217548013277e-02 4.233888145468689967e-01 -6.362168128522710346e-03 -1.548137290986519865e-01 -5.363643405378357154e-02 -7.485792345509868773e-02 -4.759578113189588677e-02 1.506514077362303416e-01 -1.635565191964978293e-01 7.088388780623339214e-01 5.614788162260890836e-01 6.040672825659050282e-01 -2.054717742665784219e-01 -2.981073875623148073e-01 -7.970086324063654915e-02 -3.351106608259720177e-01 1.387174600418020487e-01 1.919976949453361392e-01 3.178079697576359219e-01 -1.297854192034055276e-01 1.833874924877577361e-01 -1.602095570447797501e-03 -3.905603531163984177e-01 4.793344921640578238e-01 4.878837067543605466e-01 5.469435828819071421e-01 2.483563414469030783e-01 5.779177631421577033e-01 5.876759693170046095e-01 -5.994350683870845742e-02 1.550649325918248833e-01 -3.405395810318649352e-01 -1.121836727154287700e-01 -3.005940586334259756e-01 3.680665287232087191e-01 2.637489910417414180e-02 4.755249188825625417e-01 3.979158653440652560e-01 1.888678866363928399e-01 1.132794013369729097e-01 2.450885941375129107e-01 3.756700024471554822e-01 4.147206341587119510e-02 6.831712134536530034e-02 5.738639425106757397e-01 3.625763949675949172e-01 4.073837217271825129e-01 8.539404471879308289e-02 -2.238832527305984477e-01 -2.865617090038913295e-01 -2.717053955848437452e-01 -7.573013376587663104e-02 3.696686006702412652e-01 -4.076932987826196730e-01 -4.051553282839985282e-01 -3.090115518468337097e-01 -1.790181292563524373e-01 -2.945458806561683240e-01 -4.089407264654361662e-01 3.723491645932466843e-01 2.134457770247673025e-01 4.086722805434522821e-01 -3.154495205328243235e-01 -3.263271826679165488e-01 1.231169308144494379e-01 2.775458065128656449e-01 -1.907061439980120843e-01 -2.329430528353005903e-01 1.111009232860872137e-01 -9.152812422105409407e-02 -3.186495922346141429e-01 -5.318615954657773814e-01 -4.324403731586405897e-01 -3.938648331173443262e-01 -6.792607103262113255e-02 9.920702141735709967e-02 2.195679998480552231e-01 4.423783475328508241e-01 2.922877349971979011e-01 3.827295824537078617e-01 3.245009126834325630e-01 -8.347202926129121403e-02 -3.291051913631940495e-01 -4.673520671868882093e-01 3.048399048798566824e-01 7.667563949392956768e-02
9.784752319341835647e-02 2.586940936420661918e-01 4.329492921482634982e-01 -3.330759940429632582e-02 1.631135472010812604e-01 3.352227305625715692e-01 1.949640894928438006e-01 1.191041934119302370e-01 2.604327648023443409e-01 6.952819946903783244e-01 1.000000000000000000e+00 6.578375483250714639e-01 5.332977468688977485e-01 8.768805810920428379e-02 1.049749206216799707e-03 3.353875527541443913e-01 1.128919354379600143e-01 -1.647470042251422406e-01 2.531544175731292520e-02 8.384984309141166325e-02 -9.770466701791678810e-02 1.849588689844047229e-01 -1.719488746460201833e-01 6.439922757904886774e-01 3.845117196321700681e-01 6.039338166299402788e-01 -1.456767221545592350e-01 -1.923852967754484389e-01 5.462091251339948501e-03 -2.685330762216323608e-01 -7.308412141220396729e-02 -6.141447248237468653e-02 1.301285803269299490e-01 -5.975016626539873116e-02 2.949232038425746993e-01 1.137266053760570828e-01 -3.614078972678517188e-01 2.265863886047248532e-01 4.201107655231988702e-01 5.785980585943528709e-01 3.098888130484287462e-01 4.139403275668240290e-01 4.315416240905181056e-01 -2.509345163209925622e-01 1.349965221355075573e-01 -2.917930593525102090e-01 -1.072209224645524414e-02 -3.004974336010846625e-01 4.300139251879065982e-01 1.627171561093710417e-01 4.488070536324914594e-01 4.221041317163031770e-01 7.757946177633472974e-03 3.417032535838873675e-02 3.134459059870216002e-01 4.437523184611052440e-01 5.531764212223886507e-02 1.673277492460190641e-01 3.223324151844708108e-01 3.078399007499111328e-01 3.359862373724530338e-01 2.813428030864221774e-01 -1.659114035103472495e-01 -2.357307132305126451e-01 -2.278817875645881008e-01 -5.953009174650646801e-02 3.746174101656047362e-01 -4.057300431161219301e-01 -3.884578560919839663e-01 -2.811333091373675042e-01 -1.665006390320336038e-01 -2.602935017306518550e-01 -4.212726707299971340e-01 2.785300549461250386e-01 1.490739864479976584e-01 2.632875121971538501e-01 -2.262367411753604951e-01 -3.112506106767968239e-01 -6.864969148489659390e-02 7.033360902493213107e-02 -2.251636163808299618e-01 -1.047322912940922973e-01 3.083207743091224626e-02 4.418524164059763060e-02 -3.183109623473316385e-01 -5.575115523291208630e-01 -3.486479870793348090e-01 -3.633559266363987628e-01 1.554359768344426296e-01 2.511029080020500404e-01 3.282803207967482234e-02 4.198600174119524464e-01 1.092860859600682938e-01 2.375028689112255731e-01 2.741578368119393927e-01 -2.172878237494119125e-01 -2.952743436673739841e-01 -4.674306814556580258e-01 3.978288117566977644e-01 2.452493148498758047e-01
2.038440236369449265e-01 2.286970899543441238e-01 4.794486471806538863e-01 -9.393265718894369676e-02 9.304912944884828618e-02 4.059758434474796118e-01 3.541707019413852242e-01 2.390023156255330072e-01 2.706117227250758317e-01 7.154411107860313424e-01 6.578375483250714639e-01 1.000000000000000000e+00 4.664572609408718651e-01 7.177472359586697936e-02 -1.826161854089762560e-01 3.927625597974536142e-01 2.003824482614726676e-01 -9.942279171809023652e-02 3.196419804224159833e-02 -1.308909373793878395e-01 -1.143665705693061724e-01 2.071903279200751902e-01 -2.178570971328971095e-01 6.715852559145083500e-01 5.271302191241521440e-01 7.759884354044183086e-01 -2.761663296391144162e-01 -4.111860140902396377e-01 -1.869651798958169298e-01 -3.223399773101560672e-01 -1.679889668125747193e-01 -1.807236560701033085e-02 7.692880113881146731e-02 -1.484312806928429207e-01 1.625019973255313055e-01 9.712606249561729632e-02 -3.514056119780030740e-01 3.318021160662017466e-01 5.338719868825289039e-01 5.103533277689856762e-01 3.960811124711966502e-01 5.815406804509644090e-01 6.611678233977125174e-01 -1.135372383744680386e-01 5.881626548152356360e-02 -4.568414794201475781e-01 -2.572448713454081881e-01 -4.295748639011544023e-01 5.354199862726798376e-01 8.648233464532661952e-02 2.888758269526953137e-01 3.964898303485828168e-01 8.079586536243074657e-02 6.076950361312596747e-05 3.701203144221608676e-01 4.755205460354245961e-01 6.032915546141394414e-02 1.700164608797610499e-01 5.017454103587924985e-01 6.096050223850172367e-01 6.045258222727959430e-01 1.352522854119504181e-01 -2.225900421240683547e-01 -3.336236315497109195e-01 -3.717170039334961040e-01 -2.568396479053401404e-01 4.055882217345276319e-01 -3.731160343482556874e-01 -4.967571621157532147e-01 -3.582025336026508078e-01 -3.802464909331205734e-01 -2.729742476233253945e-01 -5.637403559020761623e-01 4.446783107275241731e-01 2.770083534727859065e-01 5.731805547480790519e-01 -4.830384119909898466e-01 -4.822773941738885961e-01 -1.293794293777207616e-01 9.731173605149054384e-02 -2.793436905502871825e-01 -2.640677764016251539e-01 -1.908173342812485157e-02 2.340493707285110428e-02 -4.021158598441153531e-01 -5.650884016818655819e-01 -5.092065515608555915e-01 -4.709184392009152509e-01 -8.827034486673106251e-02 1.186826013412094621e-01 -1.175905570603588170e-02 4.692848812899380606e-01 2.254473454392827148e-01 3.345924701301571380e-01 3.291396761564964191e-01 -1.638420731256111929e-01 -4.753700829778744197e-01 -6.540984610583178149e-01 5.097716626879530422e-01 3.236003962107570492e-02
-2.262480046807795186e-01 5.088420002292687316e-02 1.300684507821281422e-01 3.150765753841838768e-02 1.916564842174575956e-01 3.369197904704185897e-01 1.135205183914407140e-01 1.811864929732160401e-01 3.583119458102054788e-01 3.487165697824997634e-01 5.332977468688977485e-01 4.664572609408718651e-01 1.000000000000000000e+00 3.802640226415531233e-01 2.474367393990742625e-01 2.842029076691915054e-02 4.432937653345697115e-01 5.812595240025589943e-02 2.633947595686220722e-01 1.899563395013770528e-01 1.215481795025856043e-01 4.476383178428295362e-01 1.329409224543599555e-01 4.241456939445629182e-01 -4.214378493172318482e-03 3.309028710152587816e-01 1.669038086688491851e-01 1.043121121206591617e-01 1.168120156341079241e-01 8.201178198720723844e-02 -9.062031470611858763e-02 -2.762992777814627376e-01 1.008507854761873934e-01 1.863506345137108944e-01 5.692722739885219818e-01 1.302133623786585759e-01 -1.753907815887148225e-01 -1.015213125700271390e-01 1.344933155935982838e-01 2.603330198921401384e-01 3.739662678159481612e-01 1.823318127173110814e-01 3.284211504106959167e-01 -6.635145165813784857e-03 3.056512232177487354e-01 2.919463121138681297e-02 2.405349168332637788e-01 8.851558440305128117e-03 1.806943336595914773e-01 1.450551567193290592e-01 9.262193099034553290e-02 2.550227941829384393e-01 -5.238445847511264547e-02 5.230090192003648830e-02 3.469102845029364834e-01 3.575737990355739582e-01 1.043556721865184778e-01 3.164850639703757906e-01 -1.270421925955788831e-02 2.114615596437658951e-01 1.086502344683378529e-01 6.422626410989102919e-01 2.044800972867586719e-01 9.513337577738543993e-02 2.481866564416069978e-03 8.907687505849413989e-02 1.073062201827226086e-01 -2.697314718331313838e-02 -1.190052434452788105e-01 -4.792242064900166347e-03 -1.330974666556161978e-01 2.060167379260339354e-02 -2.676450115246745143e-01 3.626440095735833369e-02 6.169487106443562879e-02 -1.426467326880981670e-02 -8.282713719655651619e-02 -9.963452121240247428e-02 8.221162591207402870e-04 -2.109004789957460158e-01 -1.368052129032786557e-01 4.130326005745486861e-02 1.650587922095283488e-01 2.864352228582086046e-01 -2.819348461787447510e-02 -2.682496222243428430e-01 -2.396698620204854857e-01 -8.526727549313115051e-02 1.444527490397887193e-01 1.978060155705842205e-01 -2.057517934545802230e-02 2.614301512858776145e-03 -7.342359121877330141e-02 6.735553094922593076e-02 1.452156554820633050e-01 -5.775426202659531688e-03 -1.107227264951635322e-02 -2.168437588197101029e-01 2.657945491090609735e-01 1.700736709953645509e-01
-3.224849773764956740e-01 -4.459916586089162499e-02 -8.930867738846365311e-02 1.302480120191512047e-01 1.562505965965070576e-01 2.682634139068693635e-01 8.441348189097962196e-02 1.381013848987299175e-01 3.943615758038169217e-01 2.626102926058838591e-02 8.768805810920428379e-02 7.177472359586697936e-02 3.802640226415531233e-01 1.000000000000000000e+00 6.776681125209974565e-01 -2.671903650619820159e-01 4.432237181056918329e-01 3.740206398804907240e-01 5.780985909976041892e-01 4.216961669884723429e-01 6.017470155261903653e-01 2.824494953367419070e-01 6.309456058784299604e-01 4.557137554511089816e-02 -2.138193765444892092e-01 -3.938079724755612007e-03 4.257769418541421658e-01 3.207388208042760702e-01 5.059447962065704019e-01 5.233446423216958632e-01 4.918334304923439870e-02 -2.757499791949605261e-01 1.132977077769908442e-01 3.229736814977585135e-01 2.123064427513487451e-01 2.182226623529842091e-01 1.640267573386507693e-01 -1.418106919095890039e-01 -1.517030854157005310e-02 -1.316789627853873768e-01 1.452126140853066960e-01 -1.269578978140495085e-01 5.422433511045960698e-03 1.532337498810836529e-01 2.043340725499462052e-01 3.944558507228687061e-01 4.600042127227327304e-01 3.107459713092664000e-01 -5.031187399730589760e-02 2.867945152379497431e-01 -2.191873792787229214e-01 -9.469379671750972893e-02 -2.011069295730870659e-03 4.226295516311841943e-02 2.208671243156703212e-01 1.629477398624562257e-01 3.011809459533510910e-02 2.489475914311428673e-01 -2.300512249087573180e-01 -2.308070275988857722e-02 -2.301025344176958753e-01 1.539798858945874149e-01 3.727838630761347583e-01 3.426397641491374380e-01 3.937183271019970010e-01 4.887351872329235847e-01 -2.184359460605229952e-01 1.113110232232963903e-01 -6.287379023232141095e-02 1.477261391357331255e-01 3.792631901292226049e-01 -7.680545105790858272e-03 1.643095337354166241e-01 -6.755922470947901826e-02 -7.517613455936895950e-02 -3.346491251506358844e-01 2.758249005875909043e-01 3.902584403711660821e-01 3.544697809964379720e-02 -2.584966983809849350e-01 -2.788212358276103697e-01 -1.446793627712065211e-01 -8.662146127090172842e-02 -4.058245260102470719e-02 1.690257048746834634e-01 -3.376876939196007260e-02 2.252430144248979416e-01 1.886303445946013457e-01 2.147919786635511252e-01 -1.125968156401630088e-01 -1.363395786977089803e-02 -3.791819950042708554e-01 -1.248932578932221427e-01 -2.307875654371462915e-01 -9.394188966424749099e-02 1.128723736444216252e-01 3.352544972345591345e-01 1.555985574963703322e-01 -1.363023833652523067e-02 1.916242994389025789e-01
-3.563107923002637456e-01 -2.170771305920251304e-01 -2.864714665220052803e-01 1.033628689697652786e-01 8.184414715196032530e-02 8.144195440406809539e-02 -1.471883572739654256e-01 -1.227651242373226370e-01 2.163201258769274771e-01 -6.474918217548013277e-02 1.049749206216799707e-03 -1.826161854089762560e-01 2.474367393990742625e-01 6.776681125209974565e-01 1.000000000000000000e+00 -4.300291784740218337e-01 1.411994795807542669e-01 1.969066823463972993e-01 2.479221585902105507e-01 4.421396853317425268e-01 5.227735758695993828e-01 1.657375234092909044e-01 5.968628410000159645e-01 -3.468137194365505244e-02 -3.103872959262842790e-01 -1.751959761468156740e-01 5.304804463726652264e-01 5.137766466523659981e-01 6.778354829934120085e-01 6.063112996063239057e-01 1.506750688812832917e-01 -2.188835670453805893e-01 1.245858654753203287e-01 2.334925890570094809e-01 2.308405735256716662e-01 1.488184293015909210e-01 1.615227100085377399e-01 -2.784160290969583951e-01 -2.825197506755009469e-01 -2.408995255374828670e-01 -5.012583491171122146e-02 -2.497733225573507687e-01 -2.047550772289743748e-01 1.617825328609263646e-01 2.479824075256494842e-01 5.581423865718450061e-01 5.326885316586867924e-01 5.223500071337459083e-01 -1.979471265479342268e-01 1.786353687607476204e-01 -2.373652262897325005e-01 -2.563653035828650228e-01 -1.499311853198558031e-01 -4.337407500236152569e-03 6.907960150402870161e-03 -3.201157449915888881e-03 -1.436849616341518143e-01 6.896864912972731909e-02 -3.240164988800270929e-01 -1.826701603634903748e-01 -3.378472491350967277e-01 1.628289541746359981e-01 4.241049902242580716e-01 4.306419296786180295e-01 4.124806772080018558e-01 8.119506027845562190e-01 -3.474096435805044680e-01 3.444331486122807068e-02 3.417015038405220306e-02 1.138622723816585941e-01 5.809821375872353810e-01 3.490258732325575604e-03 2.949408405298755698e-01 -2.398549569669306269e-01 -1.268263808556511218e-01 -4.756901651628416272e-01 5.328786830643326144e-01 5.876926876793049370e-01 7.253206190529092046e-02 -2.895384063444256251e-01 -9.541993324519729147e-02 -3.774984365466902553e-02 -3.807085247026049338e-03 -5.120391670288711866e-02 3.026903300810903641e-01 1.095044599603495206e-01 2.898548807646623704e-01 3.659518379058611659e-01 2.402108174306102906e-01 -1.080197169222315706e-01 -4.647116065631263365e-02 -4.766764273781941008e-01 -3.124327827001119329e-01 -3.178188154622733075e-01 -1.959608991464718564e-01 1.827419383189080870e-01 5.310787869301142328e-01 3.988031804847805839e-01 -2.000004887087017957e-01 1.155003632878498498e-01
