1.000000000000000000e+00 1.502478187790310948e-01 4.548188313527537496e-01 3.496022185930936499e-01 4.327500691042550640e-01 6.657447017745490303e-01 3.247509253971541665e-01 3.086936612454457274e-01 3.255814232541296427e-01 2.156872211544852702e-01 -3.366757758436806913e-01 -3.064436116598737714e-01 -1.778401391672534970e-01 1.622187207185971786e-02 9.654583117226060024e-03 6.333423984225530212e-01 -1.833501885354005545e-01 -2.950131751140698255e-01 -2.675456141492695838e-01 -2.003469487162324592e-01 -2.019543551949609383e-01 -1.567203695680526032e-01 -2.285650905723225421e-02 -3.565637854105822568e-01 1.169885595872973277e-01 -2.993275369388434526e-01 -1.065751318875168691e-01 1.385095350416617466e-01 -2.237580623169105332e-01 2.217668889822349554e-02 1.779262988479412555e-01 5.289254677233956592e-01 4.013244081950756437e-01 -3.380430105491720183e-01 -2.026541624697033583e-01 -2.793634814533757504e-01 -3.713825483311000708e-01 4.720771125459513051e-01 4.016899474817579863e-02 2.327180391446213581e-01 -3.202536924491758419e-01 2.561759443707044628e-02 -1.830124063807081203e-01 -1.133652464667900678e-01 -1.862130014131343769e-01 -2.845915065993213922e-02 -6.692806868870709858e-02 -1.055882414716389078e-01 2.371857241122805188e-02 -3.102556342821048974e-01 7.180726855930972263e-01 5.014698811414063373e-01 4.259254549574696402e-01 2.459533925396930887e-01 4.363627293295247456e-01 6.070684706111268980e-01 2.636210574471655743e-01 2.384262187953657686e-01 -2.309979755890642639e-01 -4.822020343746133419e-01 -1.851263476156796428e-01 -5.359693922014856921e-02 -1.984652176672587094e-03 9.040139650984715947e-02 6.785786727871244428e-02 1.465200095287234605e-01 1.270021619071846630e-01 -8.601101710030645275e-02 -3.053567185902168468e-01 -3.378282859917278169e-01 -7.531441403882392638e-02 -1.314187811981288312e-01 -9.905571035179852601e-02 -3.775035687194662759e-01 -2.465208307553040656e-01 -4.597493398506681817e-01 -1.480954314632731139e-01 3.578612397069216161e-02 1.270374393332661667e-01 5.300197655119501805e-01 -1.248272919482414367e-01 -3.822814092048822943e-01 -1.553222593053170120e-01 -2.368625557335312659e-01 -1.692598601291569749e-01 -2.346532735252070401e-01 -2.918932713237210597e-01 -1.965488072987283397e-01 -3.827076365470026831e-01 -3.406632694852333443e-01 4.157894178063396562e-01 -1.369217605201819565e-01 -1.631074180758320946e-01 -2.020367390470785007e-01 -2.462323723237834772e-01 4.859302198869615459e-03 -6.510346670389080548e-02 -1.547075667021195755e-01 1.698036511130497916e-01 -3.066786728047769528e-01
1.502478187790310948e-01 1.000000000000000000e+00 4.629143718016543452e-01 2.777655011745905345e-01 5.459310223209873358e-01 3.102332374458307562e-01 2.569951343657093656e-01 4.157750378564596949e-01 1.640617959905664169e-01 -2.218434246941280719e-01 -2.254405525979715219e-01 -4.191915606847530784e-02 6.145980215709019590e-02 -1.441903193602959120e-02 -3.009062276572775640e-02 4.296795877742277669e-01 8.156444442059607169e-02 1.882851118914975475e-01 7.726936660811940805e-02 1.954241275868770222e-01 8.745526108242251961e-02 1.453529864977700682e-02 -3.168688093943197032e-02 -5.489651118812239466e-02 -2.046672993266446527e-01 6.287956028452644508e-02 -9.259189923217035767e-02 -7.155226382104377426e-04 1.323225493648646778e-01 -9.503020747726961814e-02 -8.916968075090990486e-02 -6.738851260008879573e-02 1.348297346371222193e-02 5.294353922008065289e-02 -1.384337006668758252e-01 2.113763979515284261e-02 4.851143073793449945e-02 -5.474036831809738976e-03 3.770201911678912332e-02 -3.001299265059298102e-02 -1.429377855440759904e-01 9.370115643593437960e-02 6.982744553225410378e-02 7.502443795984947705e-02 6.353987551202304462e-02 -9.620968143471847478e-02 -1.536003315320078888e-01 -9.964537706033128883e-02 9.602063909940104780e-02 1.885850326879180694e-02 3.094927121255357239e-02 4.222236236893879835e-01 9.721559010536688639e-02 2.020790695044789587e-01 4.049670914604090455e-01 1.897709636001703448e-01 2.444023414148110418e-01 2.003610293232033213e-01 -1.954033589597881093e-01 -1.617664034302235820e-01 2.001097962696652133e-01 1.008354968399389623e-01 -4.860438368888186228e-02 -3.881302199656967711e-02 1.664493295189919259e-02 -6.271131133171858885e-02 -7.466248003639354425e-02 1.158216979289368176e-01 1.004082593534830203e-01 1.325888851118016687e-01 9.941328472601179689e-02 -3.692742622781040873e-02 2.227673278970172463e-02 -1.040944698571713845e-01 1.188026075585942032e-01 -1.200185933773023211e-01 1.416734935792658689e-01 -1.405175082984709278e-01 5.029097877894395108e-02 -6.894565686290324291e-02 1.723126463614685910e-01 3.289609870990306550e-02 8.586912854624187755e-03 -1.448044958321452469e-01 -5.286967243880516532e-02 -2.401685235419507847e-01 8.409575781104217107e-02 -1.012309173569291842e-01 2.596849899981064358e-02 -1.013400362922138448e-01 8.857058206965964450e-03 -2.547906245937152647e-01 -5.742711248177934796e-02 3.952900908066369484e-02 -3.077536209927653893e-02 1.341157244851811092e-01 -6.979320585521657516e-02 -5.491951213270521853e-02 1.746299044434431250e-02 2.032089378031810487e-02
4.548188313527537496e-01 4.629143718016543452e-01 1.000000000000000000e+00 -1.105276852401432947e-01 2.976059318294095868e-01 6.400835686048477191e-01 4.782749437543291071e-01 5.719790896749575859e-01 3.305818506716415861e-01 -1.350446773108847365e-01 -1.722569585264067671e-01 -1.925879801373275510e-02 1.915452980279268580e-01 1.252321513770894013e-01 1.199132835230866910e-02 1.975407396776285573e-01 2.622838593518919681e-01 1.573937399939076554e-01 1.191987500281588008e-01 2.857103270327344124e-01 3.040189946265812182e-01 2.538708732467219176e-01 2.012647224951297220e-02 5.423852099081014067e-02 -1.044458080665422589e-01 -3.005339086935704743e-02 6.515823161208114667e-02 2.637390588547056658e-01 3.364977885373469091e-01 -6.755895695448625726e-02 1.193152027753282239e-02 -1.975783697416934048e-01 -3.338537334932716871e-01 2.026877850798606551e-01 4.412240607098524142e-02 7.053836103665310497e-02 1.623532880090622632e-01 -1.472052758144978477e-02 2.788598014849245632e-01 2.127237945755313386e-01 6.243051447518573743e-02 2.206576422266506299e-01 8.842319955127515840e-02 1.938949364265657171e-01 1.516641042131434691e-01 -8.217361334446185439e-02 -5.889234506522870310e-02 -8.173436344040888035e-02 3.248594417300297854e-01 8.354959863336611225e-02 -2.637346381143212612e-02 1.408517175406926725e-01 -2.198737015614536938e-01 -1.356503475710193474e-01 6.861470519535369794e-01 4.505812828511407964e-01 3.564255348283253411e-01 3.987305321959975224e-01 -4.667234754309889516e-02 -2.742188942408049224e-01 1.397055402287480930e-01 2.291480103549174974e-01 -3.603745812439037438e-02 -6.715616839933473414e-02 -2.219975235722554049e-02 2.050151890864555793e-02 1.904556309289700267e-01 2.185177753087138852e-01 2.210392270618629362e-01 2.399227632865224835e-01 1.859185080505736665e-01 1.409859265534774975e-01 1.542166460447349889e-02 -1.332917397834925029e-02 -4.222974059855115112e-04 -2.373256358536033062e-01 3.279825519583078886e-01 -1.294800770047273564e-01 1.434976205573564589e-01 -1.821930539581166075e-01 2.083380031502191920e-01 1.472611924576890108e-01 2.053795874524375620e-01 5.762050143237491817e-02 -1.796790826555458645e-02 -2.089221179329656397e-01 2.278235289852879042e-01 -2.357163845941884911e-02 5.270261967932071689e-02 7.622089798867062206e-03 -2.800093331710405975e-01 -1.989296489110995714e-01 9.404259793236030562e-02 3.781034442435802362e-02 -2.064413460922642427e-02 2.390417802932952585e-01 -1.036633112164875442e-01 -4.886528454398852972e-02 2.431528150888112028e-01 1.555468525920417899e-01
3.496022185930936499e-01 2.777655011745905345e-01 -1.105276852401432947e-01 1.000000000000000000e+00 6.754435852594369294e-01 2.295351020825263377e-01 8.117016889133243929e-02 1.324589244343797323e-01 1.581019458545066259e-01 -6.428341490045018369e-02 -2.185961269473167823e-01 -1.918671989884220275e-01 -2.941218660762695558e-01 1.286191494822164494e-01 2.505239182178656265e-01 6.720521982795876204e-01 -3.928980138606577022e-01 3.755892663564969203e-02 -1.567157487738801147e-01 -1.818675160807033953e-01 -2.791506256446046330e-01 -3.975444454122344928e-01 2.454910612912946655e-01 -2.611125824639253801e-01 -3.643539953991744434e-02 -1.531006707858359184e-01 8.462588455206279670e-02 3.903824017783714267e-02 -3.376473853977490780e-01 3.479054782528425704e-01 -1.114712682249058423e-01 5.256812685369569582e-01 7.363594605944724369e-01 -4.123612968964910364e-01 -2.263863973127065166e-01 -4.886791402606209533e-02 -3.625163816237076952e-01 3.087445381962191093e-01 -1.136197644437223903e-01 -8.004259421256831875e-02 -3.444312590072801106e-01 -6.715429723676158424e-02 -2.069020931676037456e-01 7.971380707504657770e-02 1.468852934051210167e-03 3.646398349465224120e-01 1.560660491200858979e-01 2.211453911627962177e-01 -1.627413153722410619e-02 -1.773165646403482842e-01 5.926568915354407663e-01 7.625436244396058827e-01 8.250971745528354884e-01 7.552337680581482360e-01 1.031816877939934901e-01 2.589585847468777180e-01 1.648565319434187326e-01 2.881095982461704536e-02 -2.884112752528205648e-01 -1.641686041456313083e-01 1.409278307926826179e-01 -1.458337571066390947e-01 2.207458776384925159e-01 2.908769407012118946e-01 2.744108946495906198e-01 3.185503144409967402e-01 -9.504215620782269225e-02 -1.018187294757389033e-01 -3.328351532577250582e-01 -2.398538674684257688e-01 -2.063691248910891687e-02 -1.893778528420675122e-01 2.029269735539518671e-01 -2.370856177381998331e-01 4.377281091775445110e-02 -1.525227304823243701e-01 -2.778527761338306368e-01 3.204202395968860362e-01 -8.378899219666653686e-02 5.455813403242899540e-01 -8.051868736061323917e-02 -2.659027717145916458e-01 -1.280461369236263192e-01 -1.882075620917890990e-01 1.963918658411700491e-01 7.595462429164721429e-04 -3.435685369022974389e-01 3.552734848375230930e-02 -1.797441036412501525e-01 -2.244524751592560929e-01 6.622798262007733028e-01 -1.282469065383644025e-01 -3.553696422465309895e-02 -7.146888846911869306e-03 -2.554717804464239350e-01 1.137632606634401272e-01 4.085543685192053465e-01 2.045423846127891465e-01 8.042146279778558671e-02 -2.721506000920501656e-01
4.327500691042550640e-01 5.459310223209873358e-01 2.976059318294095868e-01 6.754435852594369294e-01 1.000000000000000000e+00 5.137274231097797017e-01 3.463490918434931620e-01 4.558795103003628335e-01 3.834978482355320129e-01 -2.215064707714049091e-02 -1.249461700622185173e-01 -7.773534953402980174e-02 -2.290400907037305200e-01 3.285704173687472446e-02 8.436169211328257977e-02 7.567494113954160717e-01 -2.523805563072741287e-01 3.087223620438590485e-02 -1.676650774640446040e-01 -4.973543748699497252e-02 -1.904200088062840968e-01 -3.159374732100635463e-01 1.499544578574918685e-01 -1.389906606583179716e-01 8.568640939209877516e-02 -1.278708643915556220e-01 1.990886618678503264e-02 -6.392156425222635108e-02 -2.428278446039048299e-01 2.077130223890070460e-01 -1.356881651785777076e-01 4.175447838224516928e-01 4.432391005520405214e-01 -2.837618238268391768e-01 -2.709679303177058851e-01 -1.013295041896518887e-02 -3.182916572686761425e-01 3.504535612193210303e-01 7.072080613757832090e-02 8.178957896090841007e-02 -2.508183917402812546e-01 -1.226130352738449697e-01 -1.700885313598187454e-01 -3.634371823225971548e-02 -6.947150448427734382e-02 2.239773754068157263e-01 -2.081272885553736227e-02 1.002936326797535110e-01 1.276321994787059932e-01 -1.529925006359947326e-01 4.598036553843453111e-01 7.685148482425719907e-01 5.699689280069473174e-01 6.061819913590027475e-01 5.609808421445043880e-01 4.325952147663634229e-01 3.193462150745183803e-01 2.740795233122095831e-01 -2.478554931248579396e-01 -1.916612962096034545e-01 1.145717091155797757e-01 -1.144332592529710840e-01 1.053640536895035090e-01 1.119013502435693141e-01 1.035201615016249493e-01 1.392950254307147862e-01 1.201175505749837585e-01 -1.205747140284355312e-01 -2.326848988796712814e-01 -1.362525574725517996e-01 -4.352635282376877274e-02 -2.115485403314008028e-01 1.911583911378264000e-01 -9.185293452159522254e-02 5.261515871561903146e-02 -1.644403961650199586e-01 -2.054891592533312494e-01 1.642707844685040719e-01 -8.191586123434481392e-02 3.931419038399368016e-01 -5.740932197342569175e-03 -1.950708959813613197e-01 -1.326119478112525729e-01 -2.278244854614255299e-01 1.079279352905762046e-01 -1.546047993768846218e-01 -2.527465309951379413e-01 -7.415405896157166443e-02 -8.594312104705766064e-02 -1.743134987777684719e-01 4.463458070526261645e-01 -2.256548517504798970e-02 2.646238797885132332e-02 -1.039812278086262587e-01 -2.527876772142377826e-01 -3.427377874449363121e-02 2.672723414386681817e-01 1.658024280049242571e-01 1.597912040121325927e-01 -2.006138474360230906e-01
6.657447017745490303e-01 3.102332374458307562e-01 6.400835686048477191e-01 2.295351020825263377e-01 5.137274231097797017e-01 1.000000000000000000e+00 6.493791203718489724e-01 6.737540449014257637e-01 5.793567298620077022e-01 1.040895462123232057e-01 -1.075375308345175862e-01 -7.375329998227724004e-02 -1.116326617745893313e-01 1.977739234869163309e-01 1.562929685859856255e-01 4.326792181906235490e-01 -5.965469017312181876e-02 -1.063861802023856155e-02 -1.917688578596729865e-01 6.104554468151331820e-02 1.007236256602809105e-01 -8.809060782397684641e-02 1.885975285564749360e-01 -9.718504343359084252e-02 2.180574979993611384e-01 -2.256027021464899751e-01 1.208371900570732460e-01 1.493208644753080960e-01 -5.957832359168485636e-02 1.666407204795813668e-01 -8.352545706778234311e-03 2.392943956954446671e-01 2.348792546202006087e-02 -1.931019503072253785e-01 -1.092296397333692576e-01 -1.742740917525113786e-02 -3.081923951743463785e-01 3.721625841646783450e-01 4.475698087140969061e-01 3.898669730429742408e-01 -1.016404906258756291e-01 -1.899188449838358148e-02 -1.493322279874038927e-01 -1.104642611924780676e-03 1.021601377158025403e-02 1.245814978175818211e-01 2.917133225006882796e-02 5.405164047123229426e-02 4.362946291702396451e-01 -1.592786549978946753e-01 3.377486024460507053e-01 4.012108007117612951e-01 1.728809660136450543e-01 2.524944654147563416e-01 7.813614504055561572e-01 7.291399781463938634e-01 4.874895616339807725e-01 4.920014745537030221e-01 -1.085867918062476817e-01 -3.409974318618997358e-01 1.181425724372419522e-02 2.208204005495821923e-02 8.439621431105152893e-02 9.828319447453498503e-02 1.195514579579560477e-01 2.185911685330144683e-01 3.842663198555988369e-01 -2.477094282014729101e-02 -1.420989417713241498e-01 -4.962088716760683360e-02 8.957602050276929073e-02 -6.692817656928069792e-02 1.726368020727231112e-01 -3.444475858604911789e-02 -1.234909170551390656e-01 -2.736556956843941291e-01 -1.371439781579784044e-02 1.197017885856728747e-01 4.023449674946807941e-02 2.234832927013556958e-01 3.327851794024888621e-02 -1.514323217760073226e-01 5.747505968886029021e-02 -5.488565659564435123e-02 7.331437100791922401e-02 -2.075193947830761831e-01 -1.629706373026105493e-01 -1.996408512313551861e-02 -7.775084177669970564e-02 -1.391045974909219107e-01 1.332063272390827946e-01 8.748494113137470635e-03 1.984285970150589107e-01 -1.490845604367398436e-01 -2.568017550877265687e-01 8.014769054212103616e-02 1.172088260602199700e-01 7.833698076666624488e-02 4.527165425576722968e-01 -8.187861554315029045e-02
3.247509253971541665e-01 2.569951343657093656e-01 4.782749437543291071e-01 8.117016889133243929e-02 3.463490918434931620e-01 6.493791203718489724e-01 1.000000000000000000e+00 6.910794476383487206e-01 5.725971705430353831e-01 9.898421969414203381e-02 9.164270792438083957e-02 1.710889632125599594e-02 -1.976097599710371078e-01 2.520327354316181934e-02 -3.871214160567424539e-02 2.780175669050731213e-01 -1.112883058034745860e-02 7.593392494812649385e-02 -1.733537220352324715e-01 1.230405656958249300e-01 6.276972920924403510e-02 -1.952522231006431352e-01 7.047551646031602335e-02 8.334371131109730158e-02 2.174610126722291426e-01 -1.668193132258064537e-01 1.266788616450852632e-02 -1.072109821409530650e-01 -6.241310547570374373e-02 2.200127025371442432e-02 -6.570913545902437591e-02 8.040098652328313278e-02 -1.460760431099553946e-01 -8.279993698290950832e-02 -2.449164104336853942e-01 1.588279474377126410e-01 -1.422767536324726079e-01 3.509228177613704092e-01 5.905160275562530980e-01 6.045140876401062791e-01 2.262668296612018459e-01 -1.248437373028626202e-01 -1.433176204881920213e-01 -3.072806099851141046e-02 -4.947078007191026833e-02 5.145409934570694538e-02 -7.126276569080729206e-02 6.880124382985688958e-02 6.280610020284006501e-01 1.143900596143475057e-01 2.940329536283647904e-02 2.574066273792259829e-01 6.718408178589095267e-03 1.851876937062508222e-01 6.949556209204739154e-01 5.941161325688084638e-01 4.750205974619297611e-01 4.930854385908541859e-01 4.196514939758810847e-02 -7.632897852409607775e-02 4.084626339795148497e-02 -1.311991514368218703e-01 -7.901357271379494396e-02 -8.151923992689132092e-02 -1.060855461366953661e-01 -4.033781688849767330e-03 5.707615945515251976e-01 -5.211401733422324489e-02 -5.534784680214237945e-02 5.258048322002602248e-02 -4.958124221291485695e-02 -2.361908153170515223e-01 1.159102751456455166e-01 2.099159023369006338e-01 -2.142144347611027802e-02 -1.367251130033763362e-01 -7.416402458221536820e-02 -3.898981223885378267e-02 -4.290934721413705577e-02 4.659307095500580392e-02 1.385049858726218608e-01 6.464337814638886071e-02 -5.092416305689002193e-02 -1.812158726134959208e-01 4.552529977266499966e-02 -2.247425611741482032e-01 -4.513726506032513658e-02 -1.601439547316568235e-01 1.454953823033923177e-01 1.320458133231103282e-01 -4.213762729796995815e-02 1.884142678828324979e-01 4.103822685824059513e-01 -1.176613070701074959e-01 -2.616395579778577618e-01 9.502646996852564913e-04 9.236210354785098775e-02 1.189182331418631999e-01 5.704228575355380082e-01 1.606573579388716755e-01
3.086936612454457274e-01 4.157750378564596949e-01 5.719790896749575859e-01 1.324589244343797323e-01 4.558795103003628335e-01 6.737540449014257637e-01 6.910794476383487206e-01 1.000000000000000000e+00 6.928424284539594913e-01 1.359101133765844016e-01 5.477885716932429094e-02 3.810457987493803128e-02 -6.960022745393602828e-02 1.024580283920970003e-01 5.183917230899660195e-02 3.203647155262563384e-01 7.194103375891869323e-02 1.870455411938278523e-01 -8.964774631997680541e-04 8.896759121832675810e-02 1.453383914816556433e-01 -7.695012614382562566e-02 8.998374051494331671e-02 8.837256610563828940e-02 2.437653310315176236e-01 -1.105272731022745036e-01 5.614959503632380167e-02 -6.063855691214320442e-02 7.062168726676563979e-02 5.020236109985827533e-02 -5.537428118314632886e-02 5.039936797554055159e-02 -1.065913452388941585e-01 -1.661283319770533867e-02 -1.479646894949690761e-01 3.179620765044290087e-02 -9.062608957282064504e-02 3.299938427994999479e-01 4.169367911182265130e-01 3.989752516999638399e-01 5.246018217430950537e-02 -8.261951771294651081e-02 -1.611795769983070670e-01 2.158302802837053225e-02 -1.007546378868249583e-02 4.009004685856227407e-02 -7.510901783031091739e-02 2.640444922889029905e-02 4.598441355107027451e-01 -6.801249831511267489e-03 6.806266179572616204e-02 3.310337391750411973e-01 6.392071641261738713e-02 1.068341426014719486e-01 7.083827153270818577e-01 6.503917112593755601e-01 6.808026062676764134e-01 6.692981820066516985e-01 5.916251866189844999e-02 -7.273803597803640830e-02 1.054759332457592819e-01 -1.011526060038330302e-02 2.609260672325814864e-02 1.715151099123846112e-02 1.415135889544170446e-02 4.113847060019613228e-02 4.668950445350126266e-01 6.626904079563329664e-02 2.280233683261481681e-02 1.863554669606172776e-01 7.406422685677149786e-02 -6.808747364729826612e-02 1.197394539619450748e-01 1.822292283658199508e-01 3.060971012113971115e-02 -2.833059254716882580e-02 4.358375228394074236e-02 -3.285788002029389060e-02 5.125764669607488916e-02 6.086211952652315765e-02 5.285576663362475530e-02 -6.165828439136974287e-02 3.250238892178927003e-02 -6.497278123661427707e-02 6.595870250919831645e-02 -2.245130371264230928e-01 -3.548982088895279163e-02 -5.502749353907509383e-02 2.312105761088271635e-02 1.470300645519899538e-04 4.323529304856809502e-02 1.766090135052785781e-01 3.147997454659127170e-01 -5.496884760909795387e-02 -2.028687925975438400e-01 7.571918136785618647e-02 8.337910724755687175e-02 6.172496040127675027e-02 4.345810617550599497e-01 2.473260053891426433e-02
3.255814232541296427e-01 1.640617959905664169e-01 3.305818506716415861e-01 1.581019458545066259e-01 3.834978482355320129e-01 5.793567298620077022e-01 5.725971705430353831e-01 6.928424284539594913e-01 1.000000000000000000e+00 4.707766709459174082e-01 8.271339993847602601e-02 -8.243180952311884857e-02 -1.718153430637753831e-01 -9.136687139579402483e-02 -9.986244214694199595e-02 3.431227906073017753e-01 -5.311175942394935970e-03 -3.514212241386549529e-02 -1.631507287909901016e-01 -1.231106036129148013e-01 -4.718391247072801359e-02 -2.584257550509455603e-01 -5.984566525214007199e-02 -1.276764671239841720e-01 4.368956978652933643e-01 -2.220109938191170973e-01 -6.565853133879294423e-02 -2.719481255578081180e-01 -1.291145415156195186e-01 -4.959219243022686130e-02 1.405749456788003282e-01 2.900483276970028390e-01 6.427980441627097197e-02 -1.176207651267634768e-01 -2.749284390577459991e-01 -5.177738875392579043e-02 -2.544531188258494780e-01 5.387693337486374467e-01 3.003837351311430814e-01 6.091168926761126867e-01 8.710717380012518440e-02 -2.156762400673188640e-01 -3.137745626234883511e-01 -1.555801921929770570e-01 -1.896552860223332526e-01 -3.253319915012886643e-02 -1.629976948268761494e-01 -5.599886721178897603e-02 4.683485964574718441e-01 -2.219634911188155674e-02 2.297397044909604835e-01 3.137435259315758951e-01 2.031040466102018438e-01 1.711613038332946979e-01 5.386150070295449011e-01 8.121942763795427789e-01 6.975523385126093379e-01 8.300965992968161178e-01 2.074482340157849936e-01 -4.188904270694822352e-02 -1.305749090401392143e-01 -1.381840970370964428e-01 -1.024132967705952413e-01 -2.711601255331028137e-02 -1.427641278055193641e-01 -7.199360468813299774e-02 7.012390252560684045e-01 -8.273956533799564639e-02 -1.032081287942423348e-01 3.743963690392847210e-02 -1.363715717545977424e-01 -2.816862300871839642e-01 -7.073205944340091311e-03 8.119829857567728570e-02 -1.676901050393131698e-01 -8.483604468734222415e-02 -2.170867091054115017e-01 -9.942365248267168165e-02 8.633409632416849666e-02 2.969871970430479902e-01 -1.561115487965816506e-01 -2.114008523584260668e-01 -1.432468302152760387e-01 -2.329782989451777420e-01 -5.250286190740805631e-02 -2.349241587288883049e-01 -2.770236943462981438e-01 -2.243268056995131599e-01 -1.292260323522915755e-01 -7.590178607059594462e-02 2.522111050914164765e-01 3.379452496690020791e-01 2.650393981350164796e-01 -1.585433325276073835e-01 -3.269358074770281619e-01 -1.089895193067954987e-01 1.282380549864777473e-02 -1.670228298640412043e-02 5.190146326780906705e-01 -4.337727013860065428e-02
2.156872211544852702e-01 -2.218434246941280719e-01 -1.350446773108847365e-01 -6.428341490045018369e-02 -2.215064707714049091e-02 1.040895462123232057e-01 9.898421969414203381e-02 1.359101133765844016e-01 4.707766709459174082e-01 1.000000000000000000e+00 2.976412114946843657e-01 5.078958015096238926e-02 -1.286496476010796641e-01 -3.040563917745963129e-01 -3.268783188523013972e-01 1.391396591566986807e-01 8.156203957806250349e-02 -3.790492354475498704e-01 -3.047222245025352771e-01 -3.350957376744303495e-01 -2.760673706112699022e-01 -2.169156755546902404e-01 -2.632151873822315968e-01 -5.708557203321909523e-02 7.079719227347616162e-01 -1.731649321777735950e-01 -3.128558515330311929e-01 -4.281470442901006423e-01 -2.479082167667150671e-01 -2.039180939616027921e-01 4.505012903571760097e-01 4.472118707576942520e-01 1.362041169028850307e-01 -1.001117730260200622e-01 -3.446263531555971427e-01 -1.983682664408419893e-01 -2.098960656966032678e-01 6.096048281532971957e-01 9.186595690566344216e-03 5.041571662635740969e-01 1.418640654773770382e-01 -1.096365985807614823e-01 -3.403373486098991152e-01 -3.381554250235541681e-01 -4.238255529238407759e-01 -2.329921684200574050e-01 -3.244092136787051772e-01 -2.425050845197064542e-01 3.653298691639783602e-02 -2.996507121920626016e-02 2.289156504980207896e-01 1.215847746919374375e-02 1.178518795529467922e-01 -4.200997062623718081e-02 2.327085545575467360e-02 4.008112907039497186e-01 2.551245666208140084e-01 4.800330991369555766e-01 5.462290809285916815e-01 1.502060354888505589e-01 -3.658228638542749267e-01 -2.076376843014496876e-01 -2.262244135320061467e-01 -1.756604904234732589e-01 -3.210090810932984540e-01 -2.911656409866177908e-01 5.116628626906023491e-01 -2.908999786519952391e-01 -2.327862302851065601e-01 -7.640597562049171454e-02 -3.604519316651511596e-01 -3.314931377341278629e-01 -2.613287910279601944e-01 1.591819621221748915e-01 -2.368573480359519035e-01 7.800366903301877985e-02 -3.182031288133057023e-01 -1.995954742419829842e-01 2.957041577857331127e-01 4.329673822066509303e-01 -3.403300362967690007e-01 -2.510556297479418220e-01 -3.194714065107968626e-01 -3.505417942585122848e-01 -2.854616863261308923e-01 -3.341093518595524836e-01 -3.294829930868252710e-01 -3.759833794502961957e-01 -1.874811584883173399e-01 8.996146185741968684e-03 2.343383983389875358e-01 5.330093714979875497e-01 6.728799806166288477e-02 -9.338040323397939213e-02 -2.705332318944120296e-01 -2.316242190945467794e-01 -2.122331277489597767e-01 -2.548479862162626453e-01 2.765511170919088269e-01 -2.057230373015874868e-04
-3.366757758436806913e-01 -2.254405525979715219e-01 -1.722569585264067671e-01 -2.185961269473167823e-01 -1.249461700622185173e-01 -1.075375308345175862e-01 9.164270792438083957e-02 5.477885716932429094e-02 8.271339993847602601e-02 2.976412114946843657e-01 1.000000000000000000e+00 7.635811476949806442e-01 -2.736806427614524306e-02 -2.108617153220790630e-01 -1.946913074455393633e-01 -1.922230673217027730e-01 1.278419283612833302e-01 4.499643707977922513e-02 -1.803498021178893962e-01 -3.911651433577412185e-02 -1.023977827712860833e-01 -1.671431044290637435e-01 -4.028670694533587754e-02 6.834956445322447616e-01 5.433441369078340077e-01 2.631215933985577293e-01 -7.718576822114475711e-02 -3.882616324462901947e-01 -1.357917804563777420e-01 2.048475031151703041e-02 3.602386102239329979e-02 -5.731997104245648705e-02 -2.653190354782417604e-01 1.603117993504481198e-01 -2.397812134517103011e-01 3.524460695047653691e-01 4.912426153988973948e-02 1.587531070093843588e-01 3.421454192394340343e-01 1.880012550680774663e-01 5.013060224477978721e-01 8.853388553808524963e-02 -1.204076113010845023e-01 -1.114732037310953994e-01 -1.855586750457214329e-01 -2.059428990929816281e-02 -1.552576329342946482e-01 -8.416616171936753057e-03 2.474956633909963233e-01 3.579299847568288007e-01 -3.741143292599110604e-01 -2.271679781775798879e-01 -2.095516654936533663e-01 -1.107394028164745831e-01 5.327138191157631403e-02 -1.193735426581524484e-01 3.738742449754384189e-02 6.669525545166385405e-02 6.229290787659061968e-01 6.985972422000563675e-01 1.874309801473516279e-01 -2.080623001942069894e-01 -1.424182959691248362e-01 -2.334383371500820814e-01 -3.319970293278464712e-01 -2.641442698881060758e-01 3.482447804238691935e-01 -3.011397207780643348e-01 -7.009432143069284360e-02 2.587136186852539987e-01 -3.172280829199695118e-01 -2.487934435376673026e-01 2.248226391780709307e-02 7.503274787878242424e-01 1.682114062015303280e-01 5.632562029331702469e-01 -2.479370791603981994e-01 -2.710800373843078644e-03 7.210777695360462425e-02 -1.306139397209352404e-01 -7.536872349405214500e-02 3.446512314477509498e-01 -1.416971630006520488e-01 -1.112291414972015613e-01 -1.771638035724619302e-03 -7.004307984463423176e-02 -3.623326744452405601e-02 -7.945665842425107817e-02 4.525481461141162565e-01 5.719958134898147639e-01 -2.272186595684943522e-01 6.060509913621238143e-01 5.073465078766664638e-01 2.131009013484617409e-01 -1.759905090576479869e-01 -1.318973415263142712e-01 2.790574766179388169e-02 7.049025952142889961e-02 2.418494790700181363e-01 4.029089865511559787e-01
-3.064436116598737714e-01 -4.191915606847530784e-02 -1.925879801373275510e-02 -1.918671989884220275e-01 -7.773534953402980174e-02 -7.375329998227724004e-02 1.710889632125599594e-02 3.810457987493803128e-02 -8.243180952311884857e-02 5.078958015096238926e-02 7.635811476949806442e-01 1.000000000000000000e+00 1.292869482602463649e-01 -7.047268536411641082e-02 -7.971493438620574912e-02 -1.782930192546735848e-01 1.750425272713550251e-01 2.379715776264687555e-01 -5.629522426956121844e-02 1.516428829285467461e-01 3.270246998981232722e-02 -3.385508284178971594e-02 7.385826099413653201e-02 7.528982748052418517e-01 4.049970238307218917e-01 4.366892484044332390e-01 1.189687928357168085e-02 -1.302146023082143000e-01 4.185966020653135618e-03 1.092959276749244091e-01 -9.195971943713594776e-02 -1.524461727677499656e-01 -3.090823748933958504e-01 2.342353627537343830e-01 -1.240457738803867338e-01 4.587363694593613039e-01 1.595943815118651965e-01 -6.895428366213970711e-04 3.565450781828093940e-01 3.300658630727308640e-02 4.270459787979826172e-01 3.160362295245661146e-01 4.812855295538199379e-02 1.278354946978402414e-02 -3.614656755563914331e-02 1.692592766749792879e-02 -9.123210831595013337e-02 1.394447001377337528e-02 2.294435460296228857e-01 3.545244177937205143e-01 -4.272799881862595628e-01 -2.065903569855353783e-01 -2.701290328093050586e-01 -1.192485988031246891e-01 5.201053227230279657e-02 -2.370471149432412661e-01 -7.164156522223359691e-02 -6.717555456586933593e-02 4.591334753140129399e-01 5.557126984780534906e-01 4.374512136630992476e-01 -1.592424526703556734e-02 -3.867380610664411522e-02 -1.779360528036833533e-01 -2.016029119594559826e-01 -1.407726130735937053e-01 1.707538408526418361e-01 -1.605884738250850652e-01 2.985785355385140588e-02 3.856078036247167495e-01 -1.395080282308635011e-01 -6.742205640240601927e-02 1.031378032238449843e-01 6.928109016400247899e-01 3.481188464501023261e-01 5.755696474471988511e-01 -6.013144316653844940e-02 7.235944934626693803e-02 2.359652265001590740e-02 -2.338078440602788244e-01 5.201978592866873113e-02 4.375085294054570917e-01 -1.427138874615086449e-02 1.335508047958249532e-02 5.143965917587935838e-02 -8.266706354835205717e-02 1.356523693255733132e-01 3.137083210869256317e-02 5.633707377023096097e-01 5.520931095707752867e-01 -3.212610132078815295e-01 3.209382846261843447e-01 4.937222424591177772e-01 3.422238081826315392e-01 -4.613679848820504553e-02 1.691189222032821182e-02 4.416594108768610860e-02 9.086211499667062874e-02 2.054576727638854350e-01 4.502639738607169817e-01
-1.778401391672534970e-01 6.145980215709019590e-02 1.915452980279268580e-01 -2.941218660762695558e-01 -2.290400907037305200e-01 -1.116326617745893313e-01 -1.976097599710371078e-01 -6.960022745393602828e-02 -1.718153430637753831e-01 -1.286496476010796641e-01 -2.736806427614524306e-02 1.292869482602463649e-01 1.000000000000000000e+00 2.974738003734240799e-01 1.636968528389785293e-01 -2.630343269650994298e-01 5.546782511564181117e-01 3.491610852141402432e-01 6.485680718175607096e-01 3.625906467188083626e-01 4.550086862008163036e-01 6.429165086056708445e-01 1.187781159146974047e-01 1.209633510690951569e-01 -1.946359134039387373e-01 4.273132830317069586e-01 5.916877375754687335e-02 3.280851660398415026e-01 6.578468233560395007e-01 2.393087819973607408e-02 -2.306838326701449171e-02 -3.093776413391206570e-01 -3.193431733261199446e-01 4.726982571878268757e-01 4.120169311384890287e-01 3.673491954048725000e-02 5.419382287432933376e-01 -2.439986388999510758e-01 7.412164876276933212e-02 -1.074891319275547291e-01 1.444070764548889552e-02 5.091013985702563804e-01 4.799703376777032515e-01 3.214209701238688321e-01 3.260661818561021441e-01 -4.626788870314413327e-02 5.943144586931221884e-02 1.113036120571906165e-02 -3.934801777638847337e-03 1.839706427559808788e-01 -3.831824474299633798e-01 -3.506975661189158378e-01 -3.713557729781896688e-01 -4.272730092859056139e-01 -9.349337600164750461e-02 -1.590546491513489258e-01 -2.026189380326210432e-01 -5.890999148681885095e-02 9.901163041433974632e-02 1.601388030526354478e-02 2.874028797677754543e-01 7.447431523877490189e-01 2.716003928574500237e-01 7.156181806160111236e-02 1.804598499706082382e-01 5.091931070390817715e-02 -2.284300169131549541e-01 5.591323297196245656e-01 5.954828582288621552e-01 4.090030146200899774e-01 4.458388539167723597e-01 5.854010698784317679e-01 -1.682733694993925055e-02 -4.277560242418750047e-02 2.368497767870089421e-01 2.759352692091548431e-01 6.122581485272323709e-01 -9.393713352277776110e-03 7.030326219932420129e-02 -2.574516203362656741e-01 3.667737686184491808e-01 2.565285732741723890e-01 3.432218290586952492e-01 3.196980294437946624e-01 3.811610639244064624e-02 1.080088553756835580e-02 5.260623815921007251e-01 2.724650235305933754e-01 6.747418200250694664e-02 4.063509137859160070e-02 -4.098162378285482577e-01 -3.438933954272067606e-01 -1.262444055863507775e-01 3.394487464986553626e-01 4.408963713660406514e-01 2.732914513937229617e-01 -3.564921863924894185e-02 -9.860467949776912863e-03 -2.387109463039381874e-01 1.738619435941622937e-01
1.622187207185971786e-02 -1.441903193602959120e-02 1.252321513770894013e-01 1.286191494822164494e-01 3.285704173687472446e-02 1.977739234869163309e-01 2.520327354316181934e-02 1.024580283920970003e-01 -9.136687139579402483e-02 -3.040563917745963129e-01 -2.108617153220790630e-01 -7.047268536411641082e-02 2.974738003734240799e-01 1.000000000000000000e+00 8.517594141482059955e-01 -7.358414108137761867e-02 2.087782839393991646e-03 3.075007895496423282e-01 3.834667313029812008e-01 2.168304086231594985e-01 5.250753740424137783e-01 2.859817619970990155e-01 7.811707367926541412e-01 -4.582742482779878640e-02 -2.088232237741451391e-01 -1.320370035106601531e-02 6.601358400932589854e-01 6.258025856119853181e-01 2.527197968324693678e-01 6.405828469603755959e-01 -3.116948043589251038e-01 -9.146110639172114198e-02 -3.827741187778288534e-02 -8.368338676801052867e-02 5.605355645929722685e-01 4.432654390151056362e-02 -3.916167697695929067e-02 -1.650253243802065339e-01 2.167337532814397338e-01 -1.084033452380414458e-01 -2.467226750700320659e-01 1.022325732953473232e-01 8.950191519630543158e-02 3.739712009512362600e-01 4.691386929981729570e-01 5.356159786273669843e-01 7.018776765130950723e-01 5.335354873622231153e-01 1.476849002793839960e-01 -1.767769341673875449e-01 -6.905133845923680513e-02 -1.617668393399095128e-02 -1.694658804615346848e-02 8.052900981271594871e-02 7.648701108738852061e-02 -1.717098363511540202e-02 -5.988940414244045551e-02 -1.088030180008368181e-01 -2.709549625771343062e-01 -2.301851962378642646e-01 2.418809969281084382e-01 5.382608433946316495e-01 7.404255829026973323e-01 5.439344117804244538e-01 7.930188215146593000e-01 8.143465275860735098e-01 -1.719445941214657603e-01 4.873176960531819257e-01 1.412365899222189081e-01 -2.691414508059413596e-03 6.952360144790932228e-01 5.968894686286099205e-01 5.376536730065744063e-01 -1.214989675916578471e-01 1.859275189368108927e-01 -4.831015480412456653e-02 3.738223203136640804e-01 6.037210790738173349e-01 -1.780600069236318028e-01 -6.015126151915285713e-02 2.586922357706479825e-01 -9.232750327291459891e-02 3.741329827813676401e-01 6.133915616399023829e-01 5.878592825069459682e-01 3.664235719765984167e-01 1.288229060382252156e-01 6.519005981993677423e-01 -3.893845864956618774e-02 -1.380360265071274017e-01 -9.191515537209149489e-02 -3.281964745363079028e-01 7.244721207882470759e-02 9.849972503873472701e-03 1.313767759573127580e-01 3.974844658506321848e-01 5.020615829036245703e-01 4.340652469192458618e-01 1.561694488365045035e-02 -1.281782658424491794e-01
9.654583117226060024e-03 -3.009062276572775640e-02 1.199132835230866910e-02 2.505239182178656265e-01 8.436169211328257977e-02 1.562929685859856255e-01 -3.871214160567424539e-02 5.183917230899660195e-02 -9.986244214694199595e-02 -3.268783188523013972e-01 -1.946913074455393633e-01 -7.971493438620574912e-02 1.636968528389785293e-01 8.517594141482059955e-01 1.000000000000000000e+00 -1.432841388484400180e-02 -2.145170283850420523e-01 3.062485282026196631e-01 2.818218420778382804e-01 1.285799122598992594e-01 4.135539348779158630e-01 1.198824888209309436e-01 7.753424288416947974e-01 -1.172057549345612154e-01 -1.905238877342032844e-01 -5.756213925518186871e-03 6.723213570869880362e-01 5.644695846485043855e-01 9.330604871666450806e-02 6.991278756560389551e-01 -3.895835410463759918e-01 -1.023903221585376923e-02 1.107384884226661897e-01 -2.289785328825925670e-01 5.496357878076327808e-01 2.384897705021084627e-02 -1.857798951794844555e-01 -1.228954878775784798e-01 1.378610812671859087e-01 -2.081458757063160692e-01 -3.163683201337066930e-01 -2.151656408611009319e-02 8.617776262211422622e-02 3.259614348857451382e-01 4.239015189776985659e-01 5.930209221520814644e-01 7.805422823383354469e-01 5.835620184956685774e-01 7.306116889386932156e-02 -2.210385839081717152e-01 4.156701010674747343e-02 7.861305856504539891e-02 1.327600831314296737e-01 1.804010301922845394e-01 1.100786945937097354e-02 -3.537632195341986613e-02 -7.498388937563500722e-02 -1.810202827762242006e-01 -3.443924419664397552e-01 -1.865111593086996589e-01 2.662279133646365814e-01 4.205876991552759958e-01 7.251148133790590311e-01 5.640719180352767870e-01 8.152934757698383494e-01 8.884850223269820102e-01 -2.209870851769319966e-01 3.405295413308173647e-01 -1.089104837206131791e-02 -8.975427078548652016e-02 6.391265634019620556e-01 5.339420879852891932e-01 5.323706148831195417e-01 -1.477728294386022601e-01 1.564006455996796163e-01 1.251999954069177301e-02 2.261608356072622172e-01 6.802291457717891676e-01 -2.595863862342591699e-01 1.928026342061549964e-02 1.241089536391268566e-01 -1.672398057078568478e-01 3.211826927475299742e-01 6.352988091555814565e-01 6.164466683048474005e-01 4.644483321274699983e-01 -3.053961755321564844e-02 6.853063263756968837e-01 -6.825154702787986083e-02 -1.690927121875812900e-01 6.140868789736857875e-02 -2.705875607363057989e-01 6.846557928824326122e-02 -1.657548808080024430e-02 1.419489293074076008e-01 3.246642713182594786e-01 5.534533676921499223e-01 4.529705358364446988e-01 -1.487240491944363981e-02 -2.319247990639403678e-01
