1.000000000000000000e+00 1.652738331064709798e-01 4.363278964430142848e-01 -1.823764330127370659e-01 7.286022567021999130e-02 3.362922886769132425e-01 2.516404890745219669e-01 1.706241121605324984e-01 7.766709345167444045e-02 -4.737421423897819617e-02 1.317531939626883086e-01 -1.137467314924598405e-01 -1.233326627277991361e-01 -2.145918017814773260e-01 -2.387767952117268166e-01 1.757109030852881393e-01 -1.857454754960800591e-01 -9.884345880057174294e-02 -2.257320776172951349e-01 -1.140939306003437154e-01 -1.986957076345074458e-01 -1.259580947118434380e-01 -2.696479428500062059e-01 -1.629474689215761329e-01 9.103365549052708228e-02 -8.342814154332560406e-02 -1.341980906969568177e-01 -2.280460826449268175e-01 -2.086337687052519096e-01 -2.069742910190779106e-01 1.779168207836085425e-01 1.747493755624793532e-01 1.612570821004831109e-02 -1.580984710788536640e-01 -1.646643805156558782e-01 8.349715670163973535e-02 -1.296354507587826055e-01 2.531262018985175888e-01 -1.632272535042949071e-02 6.708511135272905712e-02 3.609628306000199627e-02 -4.393725410654255453e-02 -7.340667989099211588e-02 -1.261414252645815803e-01 -1.382266528284136486e-01 -1.390340020902358087e-01 -1.544372205482682781e-01 -6.754055885028094341e-02 4.194982812791551163e-01 1.763819619403631522e-01 6.384238000265514135e-01 2.507991921155823256e-01 -7.327315696708748549e-02 -1.908560224727063048e-01 2.326125229988109666e-01 3.246268588064279981e-01 6.809653813017876867e-02 4.278503092672809871e-02 -2.873240523989838424e-01 2.602608181895472647e-02 -2.045657965786222832e-01 -1.431863716835939382e-01 -2.286808924973572632e-01 -1.042051182092846306e-01 -1.750502306911782546e-01 -2.156015188083901801e-01 1.621518278581892958e-01 -2.111539851804696555e-01 -2.745966671173133977e-01 -1.392974006409545273e-01 -1.744751827578315262e-01 -1.972156652593435311e-01 -2.265872959794024422e-01 -3.716888287138899599e-02 -3.189646261227415125e-01 -1.256241794049402227e-01 -2.358895675072056330e-01 -2.678657893031007875e-01 8.378802325612755286e-02 8.209082547640704497e-02 -2.711738657483164228e-01 -7.347904902564994511e-02 -1.092321913373857090e-01 -1.835132025531114319e-01 -1.497358076700436025e-01 -1.307811357420743947e-01 -1.554995558509985054e-01 -1.469424073393809926e-01 6.392040045407136606e-02 -1.562000764273652476e-01 -3.516359865320271838e-02 1.711975500422790730e-01 6.954383645145674475e-02 -1.097133702248248577e-02 -1.931912749984390221e-01 -1.086922368017045754e-01 -1.583654524973843736e-01 2.668996013045407678e-02 4.379218204394164093e-01 2.514630375229059411e-01
1.652738331064709798e-01 1.000000000000000000e+00 4.154439086616418253e-01 5.230935124276306913e-01 6.046311219621285371e-01 2.733968164769330356e-01 1.979391662759247272e-01 3.875539698962469082e-01 3.611977949942039579e-01 -2.871014897528921250e-01 3.401395449006473694e-03 2.358404096351962576e-02 1.565578762222196363e-03 7.963015919529274622e-02 1.258625346325236427e-01 6.349291959581950806e-01 9.813162983526194094e-02 2.364067762390427985e-01 2.655819918157967807e-01 4.627435979012103906e-02 1.556501996655302034e-01 3.095782311866455971e-02 1.027273598706975460e-01 -3.050501625201281208e-01 -9.916291117363908170e-02 -1.056889318632383418e-01 -1.009451023275967363e-01 -2.151119609688284806e-01 -2.044652208815166405e-01 8.851117723679549631e-02 -2.464429579568354345e-01 8.654581548492017162e-03 3.670696193311415167e-02 -1.213129819306665858e-01 -1.938328504772882932e-01 -2.245608802205398269e-01 -2.980549074392860320e-01 2.476728489995824178e-01 3.371300185232383173e-01 -7.889239018485963428e-02 -2.073765117463446661e-01 -9.897538012917245220e-02 -7.579893719365270177e-02 -9.799509157587898978e-02 -3.202182794832892365e-01 -2.649114727605514710e-02 -3.407630745840593833e-02 1.475085613740574446e-02 9.130725038095609258e-03 -9.422941602598920718e-02 3.986613399104082522e-01 7.534013410441315894e-01 4.661025576478593502e-01 4.431767244319914645e-01 4.047239033505430905e-01 4.228586276392926058e-01 4.826570704364503417e-01 3.835406450934636946e-01 -2.170975749864594850e-01 9.581494316731870020e-02 9.120306272426811911e-02 5.620507275482969356e-02 -2.787809366308010434e-03 2.012949939315280268e-01 2.089060219676047991e-01 1.159583212592902868e-01 1.805128035698750077e-01 2.465981539444057624e-01 6.774508870873498234e-02 2.950270728283775901e-01 1.720274272358675305e-01 1.907027364089635968e-01 1.713313874380224255e-01 1.180148238510440595e-01 -2.913066004106587212e-02 -8.549257683960860554e-02 -1.837428305412809049e-01 -4.803095558742840471e-02 -2.487666798070109486e-01 2.311755201683135877e-02 -3.524671642896743395e-01 -3.769485534929777892e-01 -4.290834167695784518e-01 -7.008417409285220591e-03 -8.275654560116096903e-02 6.492363809399102903e-02 -3.212570682790039656e-01 -3.287575441714681856e-01 2.277675971094797816e-02 -2.730782559490237960e-01 9.634080729185838521e-02 2.613925219803291955e-01 3.131601034190713562e-01 -1.426429273773343644e-02 -1.222788585627666014e-01 -1.539311483561856542e-01 -7.194061651323337137e-02 -4.601574261314046732e-02 9.131398752546132647e-02 -2.915026018390498574e-02
4.363278964430142848e-01 4.154439086616418253e-01 1.000000000000000000e+00 -5.253455058634105834e-02 3.211061053464204229e-01 5.539488048883204341e-01 4.803910270215830947e-01 5.682189819328297142e-01 4.815568884711887709e-01 -2.258977464726610873e-01 2.997771201842554523e-01 1.904938484996895331e-01 5.402739067428975750e-02 -1.897019895403843082e-01 -1.947034623636668682e-01 2.938957403059750950e-01 2.239777963385539139e-01 2.551278052813387709e-01 6.360955496692678734e-02 3.624097528169822197e-02 -9.194383878271394916e-02 1.925344841826759912e-01 -7.342036444948057961e-02 7.647509701655962749e-03 -2.447066147067790409e-01 6.752482376318574842e-02 -9.384930784468437093e-02 -7.414557638742472201e-02 -1.024322566034812226e-01 -1.070078975006113070e-01 -2.345267575884191907e-02 -2.287374534897983203e-01 -1.832718763986929400e-01 1.184424837670315506e-01 -6.797008356556789865e-02 1.268857119778277198e-01 -3.686719197912248225e-01 1.711833174438525751e-03 5.994049430250505267e-02 1.167338318017415999e-01 1.881748026136747520e-01 1.355965988798554511e-01 2.877827107204195337e-02 -1.984837518551747504e-01 -2.739343582020554724e-01 -7.589758600408023914e-02 -1.529441634542824668e-01 -1.338018241682526477e-01 3.555713029046655427e-01 1.823875997863035614e-01 6.117242848225903362e-01 5.677538382477701484e-01 -2.073151436502758058e-03 -1.866626217824328970e-01 5.899837332960937708e-01 7.367525852097518424e-01 3.525631503634198416e-01 4.507040789874103837e-01 -2.184859434165114800e-01 2.973183962994468965e-01 1.270644875758834003e-01 1.547676892166770790e-01 -1.169609303883028112e-01 -1.739539049953284580e-02 -5.869875747216903722e-02 -1.594205907927483123e-01 2.672809899045155979e-01 2.351330373181321765e-01 4.378764209704201493e-02 2.504644185651601629e-01 -5.519896165380890063e-02 1.724916827440793055e-01 -1.359557678970526109e-02 2.430541057972860630e-01 1.142628346082465336e-02 1.175371782869155252e-01 -7.818570178649313085e-02 -2.090720237285772776e-01 5.752236517896454002e-03 -8.633594931197265121e-02 -1.855879644641952042e-01 3.792692310156706159e-02 -1.888369283936889298e-01 -6.909688672658391428e-03 -1.351736042620131084e-01 -4.745064022149018956e-02 -4.163704947701323822e-01 -2.336351968585241579e-01 2.088156418438462669e-01 5.323471089805589807e-02 -1.304247232561717706e-01 2.189167096580000305e-01 9.272309612609583307e-02 2.239156250476487253e-01 2.540036151703331524e-02 -1.059069360765794304e-01 -1.105131102119823600e-01 2.833693719051952331e-02 4.530406764992849777e-01 2.296665529812723094e-01
-1.823764330127370659e-01 5.230935124276306913e-01 -5.253455058634105834e-02 1.000000000000000000e+00 4.426219487731901658e-01 -8.306795562782569309e-02 -4.428716567842906626e-02 1.109573325262542577e-02 2.623665235280203678e-02 -6.115993808360343370e-02 -5.923098069741524613e-02 6.294100541264757362e-03 6.110346001857576426e-02 3.417712124321685141e-01 4.350641723647936665e-01 4.809178131597682815e-01 -9.159829688714451329e-03 2.088030537038701173e-01 3.513602761543995756e-01 1.619844735502115607e-01 3.423275285983456984e-01 -2.106777749525420296e-01 2.021292719222527734e-01 -2.434849598683344607e-01 2.500020850930039298e-02 -6.954959479876648976e-02 -1.527399876108707089e-01 -1.807407162150855839e-01 -1.420233748049696924e-02 2.261200503977284781e-01 -2.026205167006402408e-01 2.806092237756565022e-01 2.542920721029339193e-01 -7.731235702912607477e-02 -3.229711738852117375e-01 -2.877928433179521295e-01 -7.393309698310678024e-02 2.432579598083856320e-01 2.284629963431428767e-01 -1.286826243144173765e-01 -3.071502240416231211e-01 -1.718332303333653666e-01 -1.372967316100671131e-01 1.552993659983690870e-02 -1.249287047749789020e-01 -7.339671905113824557e-02 3.263734008532639258e-02 1.171087890548365151e-01 -2.343686585436350611e-01 -1.601002938285993327e-01 -2.344792424384320104e-02 4.420728255638646798e-01 5.623370451739945208e-01 8.018795211310454363e-01 4.168175106339316871e-02 1.606066708574309734e-02 3.114768507058133795e-01 2.834183655231168122e-02 -3.723229397150227410e-02 1.080738849215905212e-01 1.020466928944626650e-01 8.496929167655534187e-02 2.798052503846605310e-01 3.876672336590232248e-01 4.286092389160112703e-01 4.221557578864219562e-01 2.217192615635256089e-02 2.476357025267727774e-01 2.174644856453515906e-01 2.156117745759685844e-01 3.980266667916774193e-01 6.680543353728400635e-02 3.041279560382210145e-01 -1.509630142430080403e-02 -4.366644238347625745e-02 6.093734994873660493e-02 -5.265351352673620922e-02 1.417168371610740829e-01 -1.269858314989700532e-01 3.256508247930823274e-01 -2.257877564059660447e-01 -4.979123481348072255e-01 -3.326471611944739060e-01 -4.214135150176421402e-02 -1.513000630594840135e-01 1.035258922363553186e-01 -3.039769977472782034e-02 -3.096296354152734409e-01 -2.221577920341001253e-02 -2.986623939269957839e-01 1.418378777820728798e-01 5.399812806588571296e-02 1.918965080768537113e-01 -5.445885230395017262e-02 -6.669671914628319542e-02 2.054840254901923319e-02 -9.198136000346002206e-02 -1.963529061540309484e-01 -1.654113960289334551e-01 -1.170208465186501345e-01
7.286022567021999130e-02 6.046311219621285371e-01 3.211061053464204229e-01 4.426219487731901658e-01 1.000000000000000000e+00 3.486904918282193733e-01 1.134894434968659327e-01 2.592213979289720860e-01 2.734461340626264669e-01 -1.564288423153912533e-01 8.036178767478843743e-02 2.471058719441206197e-02 1.020425425887807047e-01 7.973467640372565446e-02 9.076820139835906076e-02 3.660579513161275611e-01 -1.164372437654972656e-02 7.100749977459315521e-02 1.120570923180606443e-01 6.284633292488477074e-02 2.580431070045222791e-02 8.770072696802350479e-03 -7.630799747887966056e-02 -1.631933570454062177e-01 -1.582576556899616960e-01 -3.858811253252902862e-02 -1.473964569895502008e-01 -1.775245303740541625e-01 -3.236350420074322887e-02 -6.065267135278786664e-02 -2.197213341575770529e-01 -1.162908861898798440e-01 9.603504156262475389e-02 -2.995657525923796013e-02 -2.402020059983702438e-01 -3.720345848695681690e-02 -1.580434335155508213e-02 1.074079860689148257e-02 1.168570004948985830e-01 -1.421015518030689928e-01 -1.975195072109223529e-02 -8.034489981313511220e-02 -6.798269194482435551e-02 1.187841213511157401e-01 -1.557775245233584682e-01 -1.359790729040736557e-01 -1.103051329878771275e-01 -2.744422883022841833e-02 2.537002082276028636e-01 1.109549878149857782e-01 2.214120861909771587e-01 5.156021091140334800e-01 2.443426873677445321e-01 4.535800008951583195e-01 5.028047339848065178e-01 4.060739434538597759e-01 2.058394322716708413e-01 2.715663089587894152e-01 -1.100559880481122438e-01 1.009669850850698908e-01 6.524427074940715443e-02 5.567328467884685023e-02 3.951105168557233344e-02 1.688825647158526400e-01 1.657380847579333349e-01 6.698510022539599928e-02 4.325561305750322272e-02 1.063816493274946651e-01 2.796335252875080044e-02 3.285482846767077969e-02 8.423502226596123188e-02 6.981329955665013798e-02 6.983753233537413896e-02 -4.905524199025698695e-02 -1.642983203745906617e-01 -2.591988799702565904e-02 -1.025455432039190651e-01 -1.783664381297346557e-01 -2.401147134574822817e-01 -1.040972835776596550e-01 -2.602483305028083227e-01 -2.893630526507222633e-01 -2.240626928653367544e-01 -7.997713642204382078e-02 -1.485607444042398306e-01 -1.070955724448876129e-01 -7.928130566153464287e-02 -3.460068876184141939e-01 9.172142363928570408e-02 -1.780404887803573866e-01 5.502313907813362326e-02 6.891961013408382311e-03 9.572648217938188597e-02 4.232256414200460948e-02 -1.210161006474793494e-01 4.166160038014059264e-02 -1.651176515869784145e-01 -1.425808806271694762e-01 2.304121793957286668e-01 1.366404881657196368e-01
3.362922886769132425e-01 2.733968164769330356e-01 5.539488048883204341e-01 -8.306795562782569309e-02 3.486904918282193733e-01 1.000000000000000000e+00 5.842129462671805662e-01 6.838486040435330926e-01 6.281636078906931431e-01 2.172345719144103127e-02 4.964093785855310664e-02 -1.224275991151143328e-01 -3.513466964855868624e-02 -1.125318095288760228e-01 -1.793881514445678782e-01 2.897392741976348995e-01 1.594290439576181717e-01 2.183827514946628523e-01 5.911590498813098365e-02 2.090132810296588609e-02 -6.383322595257627519e-02 1.034345663985899028e-01 -4.742740924984905487e-02 -1.621439817020657037e-01 7.769730266149389719e-02 -1.849058942436451747e-01 -8.501129469701505792e-02 -1.924302787189932362e-01 -1.308906758327711695e-01 -1.079986703017188077e-01 5.525052342029853486e-02 -8.994355934842546141e-02 -7.619100479787917213e-02 9.254109003396758515e-02 -1.686195165939441687e-01 1.925085563844285697e-01 -1.101695451437567363e-01 1.375501281744053450e-01 1.750514338929599623e-01 2.609156996965703579e-01 2.019346401798616519e-01 -1.161183334291036595e-01 -1.099596709028415886e-01 -1.129308736890303339e-01 -1.993932025575324563e-01 -1.916736761585992599e-01 -7.036675491560354101e-02 -1.073875123951321675e-01 4.572777133839034391e-01 2.530877737451721621e-01 3.696433118244048521e-01 4.095959210124367478e-01 -4.317406384862573776e-02 -1.837665740830669026e-01 7.577224156936936961e-01 6.843472948487250296e-01 4.396582268982592301e-01 5.839119201901415979e-01 -2.557679158196709060e-02 -6.344125097440246608e-02 -4.488292454876634252e-02 1.567768407646464093e-02 -1.495400725150527188e-01 -1.754777096077367662e-02 -1.116967342492280885e-01 -1.844701316360036758e-01 4.094756953395743415e-01 3.596760089964728263e-02 -6.463075532544378110e-02 1.281602583672755979e-01 -1.182520156131070532e-01 6.525844405397565606e-02 -6.324474600708639149e-02 3.266585600085951668e-01 -1.501100824404869860e-01 -1.536676197534613542e-01 -1.571309835830795310e-01 -2.511109471827657202e-01 3.363146491161828761e-02 -1.157893520090784029e-01 -2.859691652353921754e-01 5.939277027429715888e-02 -2.893316902968515181e-01 -2.069012964312495484e-01 -1.808565463833831377e-01 -1.568098764463820849e-01 -1.523687044867996776e-01 -2.349127402259777730e-01 2.171479504559478690e-01 1.573514990289983095e-01 -6.902724609128894906e-02 3.095103268863692025e-01 2.920899105749306113e-01 -5.795059723646268229e-02 -2.723536002149831159e-01 -1.550015048117409644e-01 -1.998428715341659112e-01 3.575993098937645109e-02 4.304864632921793777e-01 2.917707461964296756e-01
2.516404890745219669e-01 1.979391662759247272e-01 4.803910270215830947e-01 -4.428716567842906626e-02 1.134894434968659327e-01 5.842129462671805662e-01 1.000000000000000000e+00 7.129000361076202053e-01 6.257035975075715406e-01 8.646414300791709084e-02 2.121446803452588237e-02 -6.106804170988362063e-02 -1.971461382750292479e-01 -2.257987227607345659e-01 -2.365297712694194865e-01 3.037413987839469032e-01 8.020608190020586670e-02 3.045729251387194192e-01 -3.917187358810532427e-02 -4.549865582125316860e-03 -1.253575819976076589e-01 3.857605748358895054e-02 -5.681493710275514059e-02 -1.075713660236607278e-01 5.104025114885584608e-02 -1.806907072584055529e-01 -1.607663669352468183e-01 -1.887085901382301589e-01 -2.473811698756528954e-01 -1.001507998723005083e-01 1.104742034778486842e-01 -4.750302253009747178e-02 -7.435835142526389663e-02 8.707428137628536735e-02 -7.504854944533449757e-02 1.937146164502601964e-01 -2.537935668847272619e-01 1.497424037040764044e-01 2.148098657239713438e-01 5.622123510685025360e-01 3.106042131051784394e-01 -8.310933217231535053e-02 -5.968704105396815257e-02 -1.466874020422422042e-01 -1.515843752522177956e-01 -1.630638788661224747e-01 -8.995522607869378684e-02 -1.183162062763404437e-01 3.147057697167089385e-01 1.770221582170716235e-01 2.788324966987179021e-01 3.303113512736539636e-01 -2.134839647112778474e-02 -1.994793635536112886e-01 5.681614527485526756e-01 4.801532604994636078e-01 4.800000280684221243e-01 5.244184352836450680e-01 3.808739069284454697e-03 1.855066458931291934e-02 -7.582906271666350895e-02 -6.333091122713795096e-02 -2.407333147172318333e-01 -9.114138804423567441e-02 -1.804750051443578807e-01 -2.247755994380587485e-01 5.668020330371545956e-01 -1.116139454114894493e-03 -1.000746137626340321e-01 1.586235151993433956e-01 -1.560938634555384674e-01 2.460351750974595214e-02 -8.601719071407880335e-02 4.885449823180362250e-01 -1.201526786595497054e-01 -1.332259878844264944e-01 -2.733331762625917372e-01 -2.510559338916111272e-01 9.162588508532439058e-02 -4.992876328713435202e-03 -2.661397601884729625e-01 8.178665359169412508e-02 -2.289606726899034717e-01 -1.491335731393547692e-01 -1.860956150677108012e-01 -4.661819591722162620e-02 -2.736117005887769293e-01 -2.978436688316602465e-01 1.172570912405698496e-01 2.589972808842791463e-01 -9.084540137897538503e-02 2.049712119933558285e-01 2.492292825777025767e-01 8.827783714801163209e-03 -1.957285517423430488e-01 -1.672955983481959896e-01 -1.574798198465439669e-01 3.259410061983120110e-02 3.357452014540818208e-01 1.856621694288925761e-01
1.706241121605324984e-01 3.875539698962469082e-01 5.682189819328297142e-01 1.109573325262542577e-02 2.592213979289720860e-01 6.838486040435330926e-01 7.129000361076202053e-01 1.000000000000000000e+00 7.934569398562647535e-01 -1.128960596664553839e-01 2.298931345496172188e-02 -2.107763160038947023e-02 -8.172683939078566329e-02 -1.209696045521991559e-01 -1.759570042519173760e-01 3.493596259965334738e-01 2.792303723636674895e-01 4.553813992263708865e-01 1.708289401167562283e-01 6.122270227931691372e-02 3.316112320866898555e-02 1.714600334880427013e-01 1.178637405083250989e-01 -1.462463140900889247e-01 -8.843781804489347920e-02 -1.508950220413874665e-01 -6.750923189329011143e-02 -1.367246355970004601e-01 -1.860201389901228741e-01 -9.077243501045255012e-04 -3.506804299501642408e-02 -1.260165748434922128e-01 -1.051698947153066471e-01 1.663326349710066709e-01 -7.306963030962961014e-02 1.818120956510081432e-01 -3.289752148853172242e-01 9.906523608647495316e-02 2.538133216630440447e-01 3.432726266345908495e-01 2.127774809514801635e-01 -1.395603764698865323e-01 -4.343630814374974808e-02 -1.983506777574782221e-01 -2.418764728780079531e-01 -1.055902157588101131e-01 -6.504830253973145626e-02 -1.316160020194248603e-01 2.180019452505392308e-01 9.756540735337884684e-02 3.233715290194136838e-01 5.129811030369794134e-01 7.295088200475717544e-02 -1.698505176686208595e-01 7.105612001237899822e-01 6.322760589404042841e-01 6.296416609066249892e-01 7.732458966336951400e-01 -3.960080299649266361e-02 4.583296398625891915e-02 1.019672725024370480e-01 1.008493820693622672e-01 -1.307773392647787747e-01 1.080071757881948327e-02 -5.969464678271343278e-02 -1.575534234241141307e-01 5.211618677102544117e-01 2.244310390733895433e-01 5.050467174753764388e-02 3.836872890795200441e-01 -3.529623768117761545e-02 2.174068173330913623e-01 5.718409287407687225e-02 4.995911051029631178e-01 4.086827948257878290e-02 -1.141395942850443601e-01 -1.763475453057221365e-01 -1.416279999213469754e-01 -3.725575866950486814e-02 -6.547251284632611690e-02 -2.865395347552162630e-01 8.295211281996016373e-02 -3.625804180771254326e-01 -8.219099604547197568e-02 -1.300947899462261970e-01 8.935456468041091602e-03 -3.422424606141735159e-01 -2.919528260248455132e-01 1.901458336820200379e-01 2.331065244127961400e-01 -8.011834620315695654e-02 3.256689258431475498e-01 3.454562781355788870e-01 -2.864212982713087996e-02 -1.708737851441967937e-01 -2.963560982347190342e-01 -1.028725539028271796e-01 5.090139217678482653e-02 2.714778905166048140e-01 1.162531659167582998e-01
7.766709345167444045e-02 3.611977949942039579e-01 4.815568884711887709e-01 2.623665235280203678e-02 2.734461340626264669e-01 6.281636078906931431e-01 6.257035975075715406e-01 7.934569398562647535e-01 1.000000000000000000e+00 -1.008109122644699623e-01 -5.663172812530314210e-02 -2.690238668634534897e-02 -9.477507842509595715e-02 -8.356633959194151307e-02 -1.452938108876069556e-01 3.251701709154434794e-01 2.247359039505785194e-01 3.968019427149585554e-01 1.762622175883224451e-01 1.511471677395659699e-02 -6.025529215710518846e-03 9.819934391841976529e-02 9.688268536685400167e-02 -2.142775080411571109e-01 -1.328909035010434059e-01 -1.903040735590831034e-01 -6.106491662614133703e-02 -1.233899806686175327e-01 -2.011372983586697805e-01 -1.661334410449692364e-02 -5.735145213326994784e-02 -1.119515751083216271e-01 -2.360089738345222312e-03 9.757971422858216504e-02 -5.643220056103379761e-02 2.363319056260977380e-01 -3.071954492109453261e-01 1.579320603107188248e-01 3.265964788884354042e-01 3.429033660058499189e-01 1.720530651421802448e-01 -1.047232397353722172e-01 -9.740593265209564894e-03 -9.606661541742443633e-02 -2.532072142438768214e-01 -3.656883483686541175e-02 -3.979662999732320322e-02 -1.151892687763262230e-01 1.619059378498567403e-01 3.405893282683184614e-02 2.626141728851471013e-01 4.701199596066319430e-01 1.542705974386983925e-01 -9.266948354073865912e-02 6.381552796205591793e-01 5.826503369382221020e-01 6.267172874457620502e-01 7.638767862084437921e-01 -4.490521810836321792e-02 2.815712826099818142e-02 1.002715680700450307e-01 1.029307910763305328e-01 -1.163077827964952154e-01 3.604234453842336539e-02 -2.890292324218441886e-02 -1.259603824064786104e-01 5.738701109532746703e-01 1.944698388800215061e-01 -1.045635563031806214e-02 2.867436302975674423e-01 -8.299306294619723801e-02 1.378183048846970127e-01 5.467738857194125862e-02 4.267807619216447690e-01 3.427425769276972595e-02 -1.871764161194413023e-01 -1.986779880877463100e-01 -1.411602435427255220e-01 -9.167102074551855551e-02 -2.754243903201329322e-02 -2.664029816681103280e-01 4.745502445117622675e-02 -3.513088604633757828e-01 -5.906966722039828227e-02 -1.102296457704230181e-01 2.166847752956389123e-02 -3.371486603206698129e-01 -2.315263964261541629e-01 1.723932487853820361e-01 1.742333611147951766e-01 4.237935661444468954e-02 2.573551033682475730e-01 3.930336347434061350e-01 -9.699910932854900747e-02 -1.722987823162113186e-01 -2.621652945656127720e-01 -3.190878777969618357e-02 3.110245657589831916e-02 1.665773354534561823e-01 1.239496482773820053e-02
-4.737421423897819617e-02 -2.871014897528921250e-01 -2.258977464726610873e-01 -6.115993808360343370e-02 -1.564288423153912533e-01 2.172345719144103127e-02 8.646414300791709084e-02 -1.128960596664553839e-01 -1.008109122644699623e-01 1.000000000000000000e+00 2.032321498045033537e-01 1.382875789537767464e-01 -8.038558203713326925e-03 -1.503856266949280818e-01 -1.436794068287907955e-01 -1.554878239413414742e-01 -1.957660747434056547e-01 -2.769447934399803524e-01 -2.749503462916071395e-01 -3.047215197118036678e-01 -3.331373964306241220e-01 -7.585528323974535803e-02 -3.506009057240043192e-01 9.908380152545363806e-02 4.761899646234635242e-01 6.787241085217234071e-02 -1.944995022318206090e-01 1.203678443542023913e-01 -2.239300845248900010e-02 -2.369942991691464107e-01 1.933140542100448556e-01 1.458687311976600565e-01 3.888827462616156055e-02 -1.351451468764842401e-01 -4.181186486269753561e-03 -3.155619612335398838e-02 3.312354231705101348e-01 -5.355104412410897907e-02 -1.407905865921862953e-01 3.797678124395201804e-01 -7.692843126477628968e-02 1.164593027628794547e-01 -4.428516090788534726e-02 9.070022067607828864e-02 2.557354800545781348e-01 -4.059402491797849954e-01 -2.396176152013002048e-01 -2.620034481692736783e-01 -7.768527737188340651e-03 -7.194792874541444672e-02 -1.622256655481943421e-01 -2.469859219652680293e-01 -1.485241158940952266e-01 -1.510260699516572346e-02 -6.521796832152591816e-02 -2.209391441961821301e-01 -7.589007606003132789e-02 -1.259112577050806314e-01 6.193987529108975210e-01 -8.585758338552780186e-03 -1.028134214062130514e-01 -1.958901309527713852e-01 -1.574853886114196966e-01 -2.543482056332674879e-01 -2.443900746719450956e-01 -2.041740716310090631e-01 1.279595447457423756e-02 -4.219111085177209564e-01 -2.741324286213290273e-01 -3.478467886657289898e-01 -3.514147119600954938e-01 -3.372352273846300208e-01 -3.600966435682583788e-01 5.433825534723103062e-02 -1.132979948729412462e-01 1.661746978977819422e-01 -5.576529427819195209e-03 -9.158871694016695875e-02 2.307771324473629482e-01 6.167814940613902501e-03 7.279078322344013918e-02 -7.633472667005915258e-02 1.995774186307922859e-01 -1.815610696894023601e-01 -1.559208285331234178e-01 -3.334992131943309013e-01 3.805807222865473793e-01 1.447945256711976048e-01 -1.743575791922291340e-01 1.872119430413358293e-02 -2.568118431038981520e-01 -1.058799054136405071e-01 -9.167663873788910178e-02 -4.391589465573378370e-02 -1.297405629160123808e-01 7.834900518607962328e-02 -3.538986850934646711e-01 -3.354524659205785353e-01 -1.016056526704317564e-01 -7.239318797719923593e-02
1.317531939626883086e-01 3.401395449006473694e-03 2.997771201842554523e-01 -5.923098069741524613e-02 8.036178767478843743e-02 4.964093785855310664e-02 2.121446803452588237e-02 2.298931345496172188e-02 -5.663172812530314210e-02 2.032321498045033537e-01 1.000000000000000000e+00 6.464163334915821180e-01 4.126432942160035977e-01 -2.001596413422670750e-01 -1.572520921062370569e-01 -1.330366847873348801e-01 2.022337821093665999e-01 4.047275834880096831e-03 -8.427640911519955480e-02 2.989218896412826343e-02 -1.507619398205145012e-01 3.148947909615318896e-01 -2.131844080259560625e-01 3.769248398821913315e-01 -1.147212269090767123e-01 6.096169835075250232e-01 -1.336652011222993867e-02 1.925707412325010637e-01 1.927877678749826684e-01 -1.744180103156175166e-01 -1.493356547463346173e-01 -1.197466604335836460e-01 -2.044858266901240229e-01 1.357982689209489557e-01 2.114765591084008245e-01 7.129561959096776536e-02 -7.643852286478956468e-03 -1.793538668503409372e-01 -1.249757968674909542e-01 4.760320577880607779e-02 1.902838079791500658e-01 3.300499882345263591e-01 3.933867270638028990e-01 2.685179415360652855e-02 1.874768984793340476e-01 -1.077767363160408165e-01 -1.844090177860599478e-01 -1.268497630838805179e-01 2.238865366967752735e-01 2.170713202963330257e-01 1.589592227359056531e-01 4.896688675506487981e-02 -1.367750047418157533e-01 -1.103181441882092190e-01 1.073076693252564273e-01 1.826020781154877870e-01 -4.700947842296171464e-02 -3.369289294445004107e-02 5.017755538591209957e-02 6.093820905458949833e-01 3.706825534398188737e-01 2.860740024405842852e-01 -6.885929772069182553e-02 -1.653455800711042256e-01 -1.147018010880621053e-01 -1.741566476687294862e-01 -7.870299044728754426e-03 2.883946073311369207e-02 -1.201576750357787049e-02 9.748287650899115434e-03 -1.062974156257634473e-01 1.149325828407599531e-01 -1.797559512799775661e-01 -3.287861756910354788e-02 1.655742560971504851e-01 5.262716744934931024e-01 1.525157883011864501e-01 -1.790635052144313316e-02 -9.814743535646561212e-02 -3.047986595232972037e-02 5.166496223923531389e-02 3.937373345995223706e-02 1.725375406706793624e-01 1.677616576049194008e-01 8.526980680113401337e-03 -1.483502072710317088e-01 -5.500983571261773564e-02 6.038668442325701574e-02 1.382805402854474786e-01 5.730919785845645618e-03 -2.828861754186773880e-01 -1.116374361310519120e-01 -7.300015410342459987e-02 1.868995151584848524e-01 3.309972009952676930e-01 2.465214375144090531e-01 -7.572297599735186568e-02 -1.021206701106838477e-01 3.762719573618264479e-01 2.639291063966789364e-01
-1.137467314924598405e-01 2.358404096351962576e-02 1.904938484996895331e-01 6.294100541264757362e-03 2.471058719441206197e-02 -1.224275991151143328e-01 -6.106804170988362063e-02 -2.107763160038947023e-02 -2.690238668634534897e-02 1.382875789537767464e-01 6.464163334915821180e-01 1.000000000000000000e+00 4.530210103353271567e-01 -1.275757085313385109e-01 -5.787322350825768735e-02 -6.760723386126465950e-02 3.369167353770159967e-01 1.019666952252535619e-01 3.133482855984855847e-02 1.016800183444382596e-02 -7.870812410751203136e-02 3.130626823869698261e-01 -6.142186166657430391e-02 4.992942610496572953e-01 -2.112975917207831622e-01 6.995977879952195444e-01 -4.117316204018300202e-02 1.568491188672924697e-01 1.565463377137393808e-01 -5.683632605074158406e-02 -2.198643474674346898e-01 -1.296716514535854181e-01 -1.411002762609356864e-01 1.801980675915925978e-01 2.248577928078672461e-01 2.118449487666435385e-02 -1.459149324085838861e-01 -2.955207617638151985e-01 -5.654858258960814704e-02 7.830678337827515212e-02 3.600932578813818841e-02 3.026671091181804552e-01 4.027182319165288349e-01 -5.769913728970678390e-02 1.381366032737147698e-01 -1.554248963468741196e-01 -1.648490887675248262e-01 -1.205350656958899674e-01 -7.442292910562112174e-02 -8.328947486612774120e-02 4.735562866164413909e-02 2.953773189476720587e-02 2.196064489020711427e-02 -3.822327813612313996e-02 3.828005779915370083e-02 7.843983866923315285e-02 -2.300627342267722725e-02 -5.193009347134256402e-03 6.048070460191087849e-02 6.334379729506056655e-01 5.895582397590718449e-01 3.546682336364171961e-01 5.453566539467775975e-03 -1.202538829737557213e-01 -4.575184030984125877e-02 -6.143344646465097314e-02 -8.295245419423080691e-02 1.757095885898537768e-01 1.445774152754268627e-01 1.412457017411406501e-01 -3.454612695917418791e-02 2.051221373875661003e-01 -3.250525096089192101e-02 -3.280715601863190556e-02 4.655086680837248747e-01 6.038445991297740623e-01 2.242217396456652745e-01 1.924177462581980469e-01 -8.286887288555350173e-02 -7.840143804971531211e-03 2.561891417082763911e-01 5.740000409792343598e-03 1.222663380112350567e-01 2.204520482918451429e-01 7.176546504871521293e-02 -7.532232251136733447e-02 -1.298212363310809192e-01 9.642371902984257781e-02 8.650788851688941128e-02 -6.580280686599775108e-02 -2.287296560003377333e-01 -1.587929598431483957e-01 -7.187252967127739922e-02 1.800531223528956115e-01 3.823511816348407200e-01 1.189551012875915414e-01 -7.018410861123508537e-02 -1.137667591627137126e-01 5.415152844553064448e-02 -4.617669026093704221e-02
-1.233326627277991361e-01 1.565578762222196363e-03 5.402739067428975750e-02 6.110346001857576426e-02 1.020425425887807047e-01 -3.513466964855868624e-02 -1.971461382750292479e-01 -8.172683939078566329e-02 -9.477507842509595715e-02 -8.038558203713326925e-03 4.126432942160035977e-01 4.530210103353271567e-01 1.000000000000000000e+00 2.879953717227826671e-01 2.627037809409553115e-01 -1.419514107254390423e-01 4.816981517967675597e-01 1.217912739434370145e-01 3.484859516759069575e-01 3.002620114534501616e-01 1.819239516077819918e-01 3.599327696906717833e-01 1.425544616894913463e-01 3.220051548977667100e-01 -1.161363728693635688e-01 4.174699686471202709e-01 2.651680256886418396e-01 2.420250528162976866e-01 4.063746689751208674e-01 1.715330863791642291e-01 -2.530244867875980908e-01 -1.290153490691533233e-01 -1.436031618845799718e-01 2.581207130786081216e-01 2.304434238867885398e-01 2.123843132278931123e-02 7.322009414675323402e-02 -9.450391307049335610e-02 -2.799841576773848956e-02 -1.051107489714060428e-01 1.035074568405363882e-01 1.414074662030744833e-01 2.078513564142808190e-01 9.371712567870092020e-03 1.402799235387548193e-01 1.110093338396140605e-01 1.807836370950202665e-01 1.596406242625489358e-01 -5.376179117130874124e-02 1.417093218325858606e-01 -5.806142972502110339e-02 2.049827426842881512e-03 -3.608292220052980448e-02 5.423151167579240428e-02 5.955219615518269477e-02 7.507802152478341984e-02 -7.364801291502703906e-02 -3.977876502826877686e-02 8.371989792653034002e-02 3.249007854435259079e-01 4.550374661568949430e-01 6.779770072441717588e-01 3.204017779785461872e-01 1.276487395942187131e-01 1.578012039529703703e-01 1.900849180738064526e-01 -1.359633954710603720e-01 2.548513179451039612e-01 2.373644947482944079e-01 1.113585037875175904e-01 1.779960433004734721e-01 2.826219249100069830e-01 9.341202399011294677e-02 -7.997326512250127473e-02 3.400796426755655633e-01 3.382557331536527601e-01 3.666920275807800111e-01 2.971939240215590861e-01 -1.620649458824772737e-01 -1.165713000475697148e-01 1.247458374916775581e-01 -1.071897552018218937e-02 1.701327407175063505e-02 2.191580821204011376e-01 2.261701549543217726e-01 7.250828466666520145e-02 1.079392082839319839e-01 1.267418504191527018e-01 2.221923371133340264e-01 -9.388452626014478358e-03 -1.292395546674656448e-01 -5.607180351106033807e-03 -1.615962814974337275e-02 4.812885800269284947e-02 2.278177088514191095e-01 2.312218866125918815e-01 1.702087043367058183e-01 4.208226831791553324e-02 4.972293438498927298e-02 1.356115875318456843e-01
-2.145918017814773260e-01 7.963015919529274622e-02 -1.897019895403843082e-01 3.417712124321685141e-01 7.973467640372565446e-02 -1.125318095288760228e-01 -2.257987227607345659e-01 -1.209696045521991559e-01 -8.356633959194151307e-02 -1.503856266949280818e-01 -2.001596413422670750e-01 -1.275757085313385109e-01 2.879953717227826671e-01 1.000000000000000000e+00 8.354308649894740535e-01 6.286949089215330966e-02 2.096057529921089568e-01 2.068654515390523640e-01 6.667422966826885844e-01 3.437617079106630724e-01 5.891876094119505858e-01 -3.688864491894036646e-02 6.241566677264697161e-01 -1.474849705902044061e-01 1.124226305354016214e-01 -1.120253924099680609e-01 3.911517080045334716e-01 1.077821491073783916e-01 2.223080385983265406e-01 6.364762609615278732e-01 -1.572616973897042192e-01 -3.047781159562377301e-02 6.803227380662024704e-02 7.024217866528950638e-02 -5.943857549113573668e-02 -1.385555012076942760e-01 1.011134185703525118e-01 1.650153856800759267e-01 1.310380859512166873e-01 -1.678721742135134976e-01 -1.964880571315839597e-01 -1.710646232509516751e-01 -1.264907102123901672e-01 4.095819658329340890e-02 -1.091537144966144013e-01 3.369943303215799379e-01 5.415730105579421583e-01 5.773375226217754008e-01 -2.524672835984248520e-01 -1.302529831871823418e-01 -1.890883548085518229e-01 3.532634646416763641e-02 1.947057744872197071e-01 3.091057058805679603e-01 -1.073647356165049610e-01 -1.025898064985101277e-01 3.589489255373214810e-02 -6.037282265901285777e-02 -6.739064066847148815e-03 -5.272642574666667331e-02 6.934114392053389309e-02 2.883903761109032349e-01 6.851407110619996965e-01 7.260781869524305376e-01 7.255449727321465758e-01 7.663661501638465712e-01 -9.141743814855482486e-02 3.944437163256597767e-01 3.905692950102914729e-01 1.490138307157998776e-01 5.919838367973624393e-01 1.993801652202372432e-01 6.297665895152050330e-01 -3.711258139726025806e-02 5.609020781043577014e-02 -7.970198649604476326e-02 2.002268206458849842e-01 5.028741446617267519e-01 -1.970823525152893552e-01 -8.676799371770063316e-03 -2.296975027521192675e-02 -2.433146909829871085e-01 -2.056533844039145076e-01 2.885344166452543865e-02 2.799038684964676449e-01 4.525968630809946158e-01 1.207443283206749707e-01 -2.711123410893743341e-02 1.704520974909228340e-02 -1.282453600551986539e-01 1.585216743811727891e-01 1.289144031721687900e-01 1.335012859676696084e-01 -8.956928900613878031e-02 -7.767236108045821874e-02 7.148341721343109967e-02 3.740115482225182530e-01 2.106121067040256090e-01 -2.062807825785222537e-01 -1.552389797068737254e-01
-2.387767952117268166e-01 1.258625346325236427e-01 -1.947034623636668682e-01 4.350641723647936665e-01 9.076820139835906076e-02 -1.793881514445678782e-01 -2.365297712694194865e-01 -1.759570042519173760e-01 -1.452938108876069556e-01 -1.436794068287907955e-01 -1.572520921062370569e-01 -5.787322350825768735e-02 2.627037809409553115e-01 8.354308649894740535e-01 1.000000000000000000e+00 1.293448295238291967e-01 1.615381964525050285e-01 2.054508052740903479e-01 6.204697646462107308e-01 3.612397745189388498e-01 5.994123036846533692e-01 -9.872373508333724679e-02 6.119290045561437408e-01 -1.220546407819890766e-01 1.052410725396948077e-01 -5.397466769380126345e-02 2.854588089433012232e-01 8.869383245330610122e-02 2.311146187305706812e-01 6.793605367423886099e-01 -1.831246206173850199e-01 4.422648520389764470e-02 9.535063178991820543e-02 1.383560455125225352e-02 -1.203653758691010239e-01 -2.390776415336909599e-01 6.751057889380429611e-02 1.648188089261428402e-01 1.441357831298765435e-01 -1.736902399008441455e-01 -2.830626879049195632e-01 -1.753644019595717585e-01 -1.574978480248665491e-01 -2.280992779240623852e-02 -1.225587998572391785e-01 2.478892611411118163e-01 4.808839562946822799e-01 5.234860278042307025e-01 -3.318825428823663493e-01 -1.778675406845569851e-01 -1.578786109820426997e-01 8.609352500305618439e-02 2.754940218588461387e-01 4.009938360268963109e-01 -1.353696292602639129e-01 -1.286511835150334904e-01 5.190768290527106310e-02 -8.999860452573674174e-02 -4.932367197781094975e-02 4.523121546507243018e-02 1.242722828300402843e-01 3.068181207974387537e-01 7.226383041572095323e-01 7.489273158080544945e-01 7.775439925455430723e-01 8.652694558956925963e-01 -1.396200597554227429e-01 4.402078851710414797e-01 4.385743870909427078e-01 2.126808354744394447e-01 6.690182905615313924e-01 2.480799852495284563e-01 6.705805277386363006e-01 -5.949456650120008711e-02 1.034085789325727422e-01 3.661014673416194964e-02 2.413638459077785958e-01 5.675228063947980184e-01 -1.531837872013291080e-01 8.102602584093993032e-02 -7.879236859630382034e-03 -3.483694749374571242e-01 -2.494682363289911220e-01 7.277544691167259217e-02 2.420214604514989432e-01 4.729765481054339915e-01 8.678343502893795525e-02 -9.441585857718579056e-02 5.141790873444553045e-03 -2.002142854229925495e-01 1.315954398200485931e-01 9.994747567144961209e-02 1.263172812124616629e-01 -9.486688285442801405e-02 -4.835742355121193381e-02 3.965139667893140263e-02 2.879143553271401035e-01 1.357521781872162159e-01 -2.495416977087082100e-01 -1.761237687420311171e-01
