1.000000000000000000e+00 6.623910997821729207e-01 6.623912495683329515e-01 6.623912380753297358e-01 6.623911289449865292e-01 6.623912657670404380e-01 6.623912361560024831e-01 6.623911096305905577e-01 6.623912687338032734e-01 6.623912402794086551e-01 6.623912155494167120e-01 6.623912401354195012e-01 6.623912514627301462e-01 6.623912047319365781e-01 6.623912187322440470e-01 6.623911858816265985e-01 6.623911488502877143e-01 6.623911763251091323e-01 6.623912193694183603e-01 6.623911879385802060e-01 6.623912471410006164e-01 6.623911915920692728e-01 6.623913125374242261e-01 6.623912057200926906e-01 6.623913027546888266e-01 6.623912342313430512e-01 6.623912733714582002e-01 6.623911414412779752e-01 6.623911922727120372e-01 6.623910269840492804e-01 6.623912574923094265e-01 6.623912857671853116e-01 6.623911241008787476e-01 6.623911994751133792e-01 6.623912705358657727e-01 6.623911587719399918e-01 6.623911998109738297e-01 6.623912918925886073e-01 6.623912807891960686e-01 6.623911947805839473e-01 6.623911237331417956e-01 6.623913141358847012e-01 6.623912244509991831e-01 6.623912238411224784e-01 6.623912415449054736e-01 6.623911747583097753e-01 6.623911799356909658e-01 6.623912760817802781e-01 6.623912722524614161e-01 6.623912835708782865e-01 6.623912579681001667e-01 6.623911589107895903e-01 6.623912455607837702e-01 6.623908990966375088e-01 6.623913008948507652e-01 6.623912490173898826e-01 6.623911830027062742e-01 6.623912700573916235e-01 6.623911580035662938e-01 6.623911824662258585e-01 6.623911934911070887e-01 6.623912295488109114e-01 6.623912877007465116e-01 6.623912758225234398e-01 6.623911935290869302e-01 6.623912676231966667e-01 6.623910895310753943e-01 6.623912692418182369e-01 6.623912572181863689e-01 6.623912317282435458e-01 6.623911392107614260e-01 6.623912315472710866e-01 6.623911992365535406e-01 6.623913000765060399e-01 6.623911017361926445e-01 6.623911444788466163e-01 6.623912626418178018e-01 6.623912249631722649e-01 6.623912257466311182e-01 6.623910943111069871e-01 6.623912870579197198e-01 6.623909896700151956e-01 6.623912421180245813e-01 6.623910611492896949e-01 6.623911878415563725e-01 6.623912944988444851e-01 6.623912672459906226e-01 6.623912492051248213e-01 6.623912268045568652e-01 6.623911776522990458e-01 6.623910788514560943e-01 6.623911321224372761e-01 6.623912731255249264e-01 6.623912457600801273e-01 6.623911925978234194e-01 6.623912335435098164e-01 6.623912765111439338e-01 6.623911907623888373e-01 6.623911836532827557e-01 6.623911741758935490e-01
6.623910997821729207e-01 1.000000000000000000e+00 6.623911993044805380e-01 6.623912370929112559e-01 6.623912417619838289e-01 6.623911969928892862e-01 6.623911590372073555e-01 6.623912411985054538e-01 6.623912319334829268e-01 6.623912562573063267e-01 6.623912520320605068e-01 6.623911873243050197e-01 6.623910529865228991e-01 6.623910836583178918e-01 6.623910595023846382e-01 6.623911750000576193e-01 6.623912320439626633e-01 6.623911188458476706e-01 6.623911414939283038e-01 6.623909630740674181e-01 6.623912674905361175e-01 6.623911451316264465e-01 6.623910305775566609e-01 6.623911604888965687e-01 6.623912047183084795e-01 6.623912326730354572e-01 6.623911667073920650e-01 6.623908533277012012e-01 6.623911188577745746e-01 6.623910607063658862e-01 6.623911228378970284e-01 6.623910600875605459e-01 6.623912648732416253e-01 6.623910016972289760e-01 6.623912124541143642e-01 6.623912674536913681e-01 6.623911815319640795e-01 6.623911793124301894e-01 6.623911628174039556e-01 6.623911774851554135e-01 6.623912137508042308e-01 6.623911687769278300e-01 6.623911887316358271e-01 6.623911135033950792e-01 6.623911602962895273e-01 6.623910044312987244e-01 6.623912919039567360e-01 6.623910725640338448e-01 6.623912449265605407e-01 6.623911277382668050e-01 6.623910444440097578e-01 6.623912008822376851e-01 6.623911832779963982e-01 6.623911585505064537e-01 6.623911721117407003e-01 6.623912238449937151e-01 6.623912481233400484e-01 6.623912042515672782e-01 6.623912314137745394e-01 6.623910189081536615e-01 6.623911994096109979e-01 6.623912494527145478e-01 6.623910736933436016e-01 6.623911909386315244e-01 6.623912626829848715e-01 6.623910883706493058e-01 6.623912153093585164e-01 6.623910122985871007e-01 6.623910722008555796e-01 6.623912127604482114e-01 6.623912298458247694e-01 6.623912082917111643e-01 6.623909458112823279e-01 6.623912037645020012e-01 6.623911881603733454e-01 6.623911108476915333e-01 6.623912262262874329e-01 6.623909435886777830e-01 6.623912104175163629e-01 6.623911805235146444e-01 6.623912056872227616e-01 6.623912361511088420e-01 6.623911160928300790e-01 6.623910491762649011e-01 6.623908970500954618e-01 6.623912452757133584e-01 6.623909974980780602e-01 6.623912720508422503e-01 6.623911865884891670e-01 6.623912833538185829e-01 6.623912108541373245e-01 6.623912327924526000e-01 6.623909716172357021e-01 6.623911941706417394e-01 6.623910655187430496e-01 6.623910943025006492e-01 6.623910254615748006e-01 6.623910179723468961e-01 6.623912393638616836e-01 6.623912917604387607e-01
6.623912495683329515e-01 6.623911993044805380e-01 1.000000000000000000e+00 6.623913208628072757e-01 6.623912530607117821e-01 6.623913141915631630e-01 6.623912874565244246e-01 6.623912217649289280e-01 6.623912876376736314e-01 6.623912540393440684e-01 6.623912480168724359e-01 6.623912546569690196e-01 6.623912760516299514e-01 6.623913134705865513e-01 6.623912110645380213e-01 6.623912542617764743e-01 6.623912888861109849e-01 6.623912948027308456e-01 6.623912667248255115e-01 6.623911738005964223e-01 6.623912431955396585e-01 6.623912132006422038e-01 6.623912329081456107e-01 6.623912446810692467e-01 6.623912716863684658e-01 6.623912521237802498e-01 6.623912846811133015e-01 6.623911423099489992e-01 6.623912958541184892e-01 6.623911842564695895e-01 6.623912855757998486e-01 6.623912727733113348e-01 6.623912887768238500e-01 6.623912490573141687e-01 6.623912745439778371e-01 6.623912913698893901e-01 6.623913012144991841e-01 6.623912883900878734e-01 6.623912592897740481e-01 6.623912872971454702e-01 6.623911890388878287e-01 6.623912822208031237e-01 6.623912246937143644e-01 6.623912880250929502e-01 6.623913001389214461e-01 6.623912442286774560e-01 6.623911654260103976e-01 6.623913050088585663e-01 6.623912691738421676e-01 6.623913290237447571e-01 6.623912736476184060e-01 6.623912999264576218e-01 6.623912273286857166e-01 6.623910848429305220e-01 6.623912727116144650e-01 6.623912907602482747e-01 6.623912910480801441e-01 6.623912611346099988e-01 6.623912663511325460e-01 6.623912503042590494e-01 6.623911535882253121e-01 6.623912751681511057e-01 6.623912851500237675e-01 6.623912769000794842e-01 6.623912792747659317e-01 6.623911636271372361e-01 6.623912521497580252e-01 6.623912740350811346e-01 6.623912738838816372e-01 6.623912803889044909e-01 6.623911646633892092e-01 6.623912801600470024e-01 6.623912454232362412e-01 6.623912818771370281e-01 6.623912906600932793e-01 6.623912689583584257e-01 6.623912574966281941e-01 6.623912604665745940e-01 6.623913206379365981e-01 6.623912527074354850e-01 6.623912167523532402e-01 6.623911705541395412e-01 6.623912607823393417e-01 6.623912776592557616e-01 6.623912315823626829e-01 6.623912907486010360e-01 6.623912560615099476e-01 6.623912684161668007e-01 6.623912959631534925e-01 6.623912257269529702e-01 6.623912704020221698e-01 6.623912495235363407e-01 6.623912066743227189e-01 6.623912550018989931e-01 6.623912808964409482e-01 6.623912804991460845e-01 6.623912501341857606e-01 6.623912507473084244e-01 6.623912690518268809e-01 6.623912407307851469e-01
6.623912380753297358e-01 6.623912370929112559e-01 6.623913208628072757e-01 1.000000000000000000e+00 6.623912778964002879e-01 6.623913228462769975e-01 6.623913058310498814e-01 6.623912719525807402e-01 6.623913025074545935e-01 6.623912662668229867e-01 6.623913025792389497e-01 6.623912923102281969e-01 6.623912822116551080e-01 6.623912832633988002e-01 6.623912033919623354e-01 6.623912949944682493e-01 6.623913029204695491e-01 6.623912989037600285e-01 6.623912738946028389e-01 6.623911592200391052e-01 6.623912864377508036e-01 6.623912183931318642e-01 6.623912000499607711e-01 6.623912776848057682e-01 6.623912734072979758e-01 6.623912675376066872e-01 6.623912714619932807e-01 6.623911539346504229e-01 6.623912713309914047e-01 6.623912488967581558e-01 6.623912992862619475e-01 6.623912556825063414e-01 6.623913115352907388e-01 6.623912447655110336e-01 6.623913199078019787e-01 6.623912985669523357e-01 6.623913101921653501e-01 6.623912875216358964e-01 6.623912424635586271e-01 6.623913121819896554e-01 6.623912315030735520e-01 6.623912652518685329e-01 6.623912881634820282e-01 6.623913096759442842e-01 6.623913002061960764e-01 6.623911642451427717e-01 6.623912152330228009e-01 6.623912418539431579e-01 6.623913076337779593e-01 6.623912963923646036e-01 6.623912782792384935e-01 6.623913172529941606e-01 6.623911763567609245e-01 6.623911822014874051e-01 6.623912941638503415e-01 6.623913108049824805e-01 6.623912996663595676e-01 6.623912481214271342e-01 6.623912449063442676e-01 6.623912640748238490e-01 6.623912404280045685e-01 6.623913235573845038e-01 6.623912301892297405e-01 6.623912916632005432e-01 6.623913148076155943e-01 6.623912256675459354e-01 6.623912811197304462e-01 6.623912284079519486e-01 6.623912320228423356e-01 6.623913038445622403e-01 6.623912238675192521e-01 6.623913156676178859e-01 6.623912303866461571e-01 6.623912867612061772e-01 6.623912802351672457e-01 6.623912573348795796e-01 6.623912327685667067e-01 6.623911955937196172e-01 6.623913392641593845e-01 6.623912361613395472e-01 6.623912495824705315e-01 6.623911920430870515e-01 6.623912884417503255e-01 6.623912325732748130e-01 6.623911701722134948e-01 6.623912853711040327e-01 6.623912575227423050e-01 6.623912859670536557e-01 6.623913004343012778e-01 6.623912956907107574e-01 6.623912875756777785e-01 6.623913125663228874e-01 6.623912168046641735e-01 6.623912664755502444e-01 6.623912496405690575e-01 6.623912843578501075e-01 6.623912164696819094e-01 6.623912654620353058e-01 6.623913209616459907e-01 6.623912939878612294e-01
6.623911289449865292e-01 6.623912417619838289e-01 6.623912530607117821e-01 6.623912778964002879e-01 1.000000000000000000e+00 6.623912736047173899e-01 6.623912488813680222e-01 6.623913288914624609e-01 6.623912410843585397e-01 6.623912176010380293e-01 6.623912455114949749e-01 6.623911957458938904e-01 6.623911944213344283e-01 6.623911990065267652e-01 6.623910516922671965e-01 6.623912209243313365e-01 6.623912771940895228e-01 6.623911915067894896e-01 6.623912163901281014e-01 6.623911591195535964e-01 6.623912685637675102e-01 6.623911052801396693e-01 6.623910910199172219e-01 6.623912136751322066e-01 6.623912499514423846e-01 6.623913112615089638e-01 6.623912495654309396e-01 6.623910188414300348e-01 6.623911616181218376e-01 6.623911669725766060e-01 6.623912605255324326e-01 6.623910868460523016e-01 6.623912438964753013e-01 6.623912012128503335e-01 6.623912087239320901e-01 6.623912990648933574e-01 6.623912205258819519e-01 6.623912657301468387e-01 6.623911752686744148e-01 6.623912775225265781e-01 6.623913300068687837e-01 6.623911448103034783e-01 6.623911586566944010e-01 6.623911748812345568e-01 6.623912599841614846e-01 6.623911193901872441e-01 6.623911880373404282e-01 6.623911498598669123e-01 6.623912365873539931e-01 6.623912224531132154e-01 6.623911075967101603e-01 6.623912409337606721e-01 6.623911773490425148e-01 6.623911252168761532e-01 6.623912066093824436e-01 6.623912914777301264e-01 6.623913213226967356e-01 6.623911474162752500e-01 6.623912428823015563e-01 6.623912168739976014e-01 6.623912174225484728e-01 6.623912831617189134e-01 6.623911432123897880e-01 6.623912015016388821e-01 6.623912883662624873e-01 6.623911308187261371e-01 6.623912905294137010e-01 6.623911406810305547e-01 6.623912017616746528e-01 6.623913183250518255e-01 6.623911400414055350e-01 6.623912522081224497e-01 6.623911043732205739e-01 6.623911980232130015e-01 6.623912589133358342e-01 6.623912215670019199e-01 6.623912377374849836e-01 6.623911209038735315e-01 6.623912430685969799e-01 6.623912337993622668e-01 6.623911262028394642e-01 6.623912242971062847e-01 6.623911816452633383e-01 6.623911327997374920e-01 6.623910607298688635e-01 6.623912190498175701e-01 6.623911340023164174e-01 6.623912562801487214e-01 6.623912617336144004e-01 6.623912487415543060e-01 6.623912486014791323e-01 6.623912767822761616e-01 6.623910381519378943e-01 6.623912258070370207e-01 6.623911583342647624e-01 6.623912636321529490e-01 6.623911280159867632e-01 6.623911915022622221e-01 6.623912628700622252e-01 6.623913101584996133e-01
6.623912657670404380e-01 6.623911969928892862e-01 6.623913141915631630e-01 6.623913228462769975e-01 6.623912736047173899e-01 1.000000000000000000e+00 6.623913363907674157e-01 6.623912500760356092e-01 6.623912863830077047e-01 6.623912868317753944e-01 6.623912668725980835e-01 6.623912873560924286e-01 6.623912759071068912e-01 6.623912928792162758e-01 6.623912227373889294e-01 6.623913074443433802e-01 6.623912579450139670e-01 6.623912518750293410e-01 6.623913192680708217e-01 6.623912287575984825e-01 6.623912967625777970e-01 6.623912562765277290e-01 6.623912427423426230e-01 6.623912844374214570e-01 6.623912792012911499e-01 6.623912777465615909e-01 6.623913149078018980e-01 6.623911087998329839e-01 6.623912981431635538e-01 6.623912130677225285e-01 6.623912866532443156e-01 6.623912727665862699e-01 6.623912727555304469e-01 6.623912421534426942e-01 6.623912814621663037e-01 6.623913031745048974e-01 6.623913036088686646e-01 6.623913232772657977e-01 6.623912860171310424e-01 6.623913288581207981e-01 6.623912421563522557e-01 6.623912773917914887e-01 6.623912607502008276e-01 6.623913000061028011e-01 6.623912743456321639e-01 6.623912115378738363e-01 6.623912017894052484e-01 6.623912720611466742e-01 6.623912950812786971e-01 6.623913010382685984e-01 6.623912839867989177e-01 6.623912543474694825e-01 6.623911813541824012e-01 6.623911466935541448e-01 6.623913146189475132e-01 6.623913341134702870e-01 6.623913135080434778e-01 6.623912856447476960e-01 6.623912774557912941e-01 6.623912884156001324e-01 6.623911966252516992e-01 6.623912981952927437e-01 6.623912648707351858e-01 6.623912890327160463e-01 6.623913153155875921e-01 6.623912389886632557e-01 6.623912548800684474e-01 6.623912920562817774e-01 6.623913013901235880e-01 6.623913128608561740e-01 6.623912149502666491e-01 6.623912882119331602e-01 6.623912751131818544e-01 6.623912762601660287e-01 6.623912721067964915e-01 6.623912710947534865e-01 6.623912681107263500e-01 6.623912577261417134e-01 6.623913145128108582e-01 6.623912494374556426e-01 6.623912331435052314e-01 6.623911701939648733e-01 6.623912696876885775e-01 6.623911930662681469e-01 6.623912276696505286e-01 6.623913043652032151e-01 6.623912459807783648e-01 6.623912716462855288e-01 6.623912782900694962e-01 6.623912721665952130e-01 6.623912733400743047e-01 6.623912733396920549e-01 6.623912393353404982e-01 6.623912900303293716e-01 6.623912561526804632e-01 6.623913142458237591e-01 6.623912068969465272e-01 6.623913037721415042e-01 6.623913166101185190e-01 6.623912916330785272e-01
6.623912361560024831e-01 6.623911590372073555e-01 6.623912874565244246e-01 6.623913058310498814e-01 6.623912488813680222e-01 6.623913363907674157e-01 1.000000000000000000e+00 6.623912359492561963e-01 6.623912477553337563e-01 6.623912515808483281e-01 6.623912333021957366e-01 6.623912894027619291e-01 6.623912489619733224e-01 6.623912613619611367e-01 6.623911690227143323e-01 6.623912835897747264e-01 6.623912319630254064e-01 6.623912569365217884e-01 6.623913154442457873e-01 6.623911754765896553e-01 6.623912623422979484e-01 6.623912490234097339e-01 6.623912030791483385e-01 6.623912554647340967e-01 6.623912363308808171e-01 6.623912403712463037e-01 6.623913068265717685e-01 6.623911042751886580e-01 6.623913091692125166e-01 6.623912362271959786e-01 6.623912514057078704e-01 6.623912373021587641e-01 6.623912518267023319e-01 6.623912302517692696e-01 6.623912500437284523e-01 6.623912926045000260e-01 6.623912773375738583e-01 6.623912848882014259e-01 6.623912809754936015e-01 6.623913323922689944e-01 6.623912125981595844e-01 6.623912296932120691e-01 6.623912373313904922e-01 6.623913107290045899e-01 6.623912531427607053e-01 6.623912007378432998e-01 6.623911614097836020e-01 6.623912399012211738e-01 6.623912615262429471e-01 6.623912841184941280e-01 6.623912856521847470e-01 6.623912235176420138e-01 6.623911230209594825e-01 6.623911544314711186e-01 6.623912775875814285e-01 6.623913150630481583e-01 6.623912931621529498e-01 6.623912563205008874e-01 6.623912369642046549e-01 6.623912854311611031e-01 6.623911528236041679e-01 6.623912934047018197e-01 6.623912378133445245e-01 6.623912850846310763e-01 6.623913062312500877e-01 6.623912186674836278e-01 6.623912111759576726e-01 6.623912725031347870e-01 6.623912877653729270e-01 6.623912802808995526e-01 6.623912353263259334e-01 6.623912456094477319e-01 6.623912823658695270e-01 6.623912454826741403e-01 6.623912591935389171e-01 6.623912951135593197e-01 6.623912149544238792e-01 6.623912519493989626e-01 6.623912945232114380e-01 6.623912355713930111e-01 6.623912088467246440e-01 6.623911663833732533e-01 6.623912721057286790e-01 6.623911829689497210e-01 6.623912085274081818e-01 6.623912749063560756e-01 6.623912165928297346e-01 6.623912114290870790e-01 6.623912826463631554e-01 6.623912455140075206e-01 6.623912831238950583e-01 6.623912607643356321e-01 6.623912256771046225e-01 6.623912994843232926e-01 6.623912796265833958e-01 6.623913038457435176e-01 6.623911571474651039e-01 6.623913006777267798e-01 6.623913211076917218e-01 6.623912696912243048e-01
6.623911096305905577e-01 6.623912411985054538e-01 6.623912217649289280e-01 6.623912719525807402e-01 6.623913288914624609e-01 6.623912500760356092e-01 6.623912359492561963e-01 1.000000000000000000e+00 6.623912059362337956e-01 6.623912240386515826e-01 6.623912803385435533e-01 6.623911971168724433e-01 6.623911748726947213e-01 6.623911360733520937e-01 6.623910006461696254e-01 6.623912194462893144e-01 6.623912334449333361e-01 6.623911838755428549e-01 6.623911802527143733e-01 6.623911040968029074e-01 6.623912610045582516e-01 6.623911265276510862e-01 6.623910443405438553e-01 6.623911678550884474e-01 6.623912432233329817e-01 6.623912988016221748e-01 6.623911999039172604e-01 6.623910685030874879e-01 6.623911355246923094e-01 6.623912164575374018e-01 6.623912410063547140e-01 6.623910594873584357e-01 6.623912466340458050e-01 6.623911507287181255e-01 6.623912228319607243e-01 6.623912942836152062e-01 6.623912241916791732e-01 6.623912369160597224e-01 6.623911694480444368e-01 6.623912786981034362e-01 6.623913227004115667e-01 6.623911044799066783e-01 6.623911551596708414e-01 6.623911588531766759e-01 6.623912386348977943e-01 6.623910928081321314e-01 6.623911944810479957e-01 6.623910991707691043e-01 6.623912485656866522e-01 6.623911926795925664e-01 6.623910963604948687e-01 6.623912511073000164e-01 6.623911370266094556e-01 6.623911494050834792e-01 6.623911787215054359e-01 6.623912824037881952e-01 6.623912858701465067e-01 6.623911273717146830e-01 6.623912238854804402e-01 6.623911907743588179e-01 6.623912397844452515e-01 6.623913012547909540e-01 6.623911132097530796e-01 6.623912290230775657e-01 6.623912869138759429e-01 6.623911408780165377e-01 6.623912912658875829e-01 6.623910860407470347e-01 6.623911632690786533e-01 6.623912881460165547e-01 6.623911695906261610e-01 6.623912329507690711e-01 6.623910867776364730e-01 6.623911876799343235e-01 6.623912221657539678e-01 6.623912297170214680e-01 6.623912051215382624e-01 6.623910861046597987e-01 6.623912329879569905e-01 6.623912452717924948e-01 6.623911483654407739e-01 6.623912539069166661e-01 6.623911627884621067e-01 6.623910958992169640e-01 6.623909656127263679e-01 6.623912135807911161e-01 6.623911109969736755e-01 6.623912235818987249e-01 6.623912702237136907e-01 6.623912361543692340e-01 6.623912482723590678e-01 6.623912905730483525e-01 6.623910287488263826e-01 6.623911919187992492e-01 6.623911402853258634e-01 6.623912222848085118e-01 6.623910967778234848e-01 6.623911709468228715e-01 6.623912647713529056e-01 6.623913118279309842e-01
6.623912687338032734e-01 6.623912319334829268e-01 6.623912876376736314e-01 6.623913025074545935e-01 6.623912410843585397e-01 6.623912863830077047e-01 6.623912477553337563e-01 6.623912059362337956e-01 1.000000000000000000e+00 6.623912378557560432e-01 6.623912556771098803e-01 6.623912981910998754e-01 6.623912758591603556e-01 6.623912435364224249e-01 6.623912581581510306e-01 6.623912389109127830e-01 6.623912964566666117e-01 6.623912500393548397e-01 6.623912689624761319e-01 6.623911915781219850e-01 6.623913033481033663e-01 6.623911538662121679e-01 6.623912053950558043e-01 6.623913143576527496e-01 6.623912954259202346e-01 6.623912601089864127e-01 6.623912898136937732e-01 6.623910570771660566e-01 6.623912017348209114e-01 6.623910765838459946e-01 6.623912839683939735e-01 6.623912477738799209e-01 6.623912361180378516e-01 6.623912234504703012e-01 6.623913006056404429e-01 6.623912413565749002e-01 6.623912217207464925e-01 6.623912921651615715e-01 6.623912508441793801e-01 6.623912203791330056e-01 6.623912113024467141e-01 6.623913052540666424e-01 6.623913032093816655e-01 6.623912600246132376e-01 6.623913064270119389e-01 6.623911555910617643e-01 6.623912679753832800e-01 6.623912150422944789e-01 6.623913058178867441e-01 6.623912841984841426e-01 6.623912405191191288e-01 6.623912368118619609e-01 6.623912516701520037e-01 6.623910976300982911e-01 6.623912951245235492e-01 6.623912883933616991e-01 6.623912892813172970e-01 6.623912400809159884e-01 6.623911982485624073e-01 6.623912261394585554e-01 6.623912532480676907e-01 6.623912924853401218e-01 6.623912528068115479e-01 6.623912255405285388e-01 6.623912838454707463e-01 6.623912633474737799e-01 6.623912091301095151e-01 6.623912309083106464e-01 6.623912274303721537e-01 6.623912841531651718e-01 6.623911486328984966e-01 6.623912792770509927e-01 6.623911316693091855e-01 6.623912655375142622e-01 6.623912455485758688e-01 6.623911705657801186e-01 6.623912785837827721e-01 6.623911477671547976e-01 6.623912719084529277e-01 6.623911515762825886e-01 6.623912764847401657e-01 6.623910586763340769e-01 6.623913004562387297e-01 6.623911227710413963e-01 6.623911766969793335e-01 6.623912811072564244e-01 6.623912544435383021e-01 6.623913170435056230e-01 6.623912503638014204e-01 6.623912936788178829e-01 6.623911868265596192e-01 6.623912663158326719e-01 6.623912259853412809e-01 6.623912769647276599e-01 6.623912052160007002e-01 6.623912734560899462e-01 6.623912638738111980e-01 6.623911993990596603e-01 6.623912608252643386e-01 6.623912710693976580e-01
6.623912402794086551e-01 6.623912562573063267e-01 6.623912540393440684e-01 6.623912662668229867e-01 6.623912176010380293e-01 6.623912868317753944e-01 6.623912515808483281e-01 6.623912240386515826e-01 6.623912378557560432e-01 1.000000000000000000e+00 6.623912979706757520e-01 6.623912331834158618e-01 6.623911660121829525e-01 6.623911744198078821e-01 6.623911889230029715e-01 6.623912846509848462e-01 6.623911593204002690e-01 6.623911305521968940e-01 6.623912388836014076e-01 6.623911461728019257e-01 6.623913065543834966e-01 6.623913049694659660e-01 6.623911971647994390e-01 6.623911981711178010e-01 6.623912787871897301e-01 6.623912644174417830e-01 6.623912275489628465e-01 6.623910164925785882e-01 6.623912208491758991e-01 6.623911371860782271e-01 6.623911963462301156e-01 6.623912310641584256e-01 6.623912627197707792e-01 6.623910613190669983e-01 6.623912678144715516e-01 6.623912862300740390e-01 6.623912885404006357e-01 6.623912903810035280e-01 6.623912786452056389e-01 6.623912650657370893e-01 6.623912126646470666e-01 6.623912653070560541e-01 6.623912256809337817e-01 6.623911837288528615e-01 6.623911762124048419e-01 6.623911492826173308e-01 6.623912708544222872e-01 6.623912077557295719e-01 6.623913088159733009e-01 6.623912118723570552e-01 6.623911872410145341e-01 6.623912152302154910e-01 6.623911965205219188e-01 6.623911247634637345e-01 6.623912823442285047e-01 6.623913032150513525e-01 6.623912526941613255e-01 6.623913206987024349e-01 6.623913136023715786e-01 6.623911411032584740e-01 6.623912002559240175e-01 6.623912606586417340e-01 6.623912181467981330e-01 6.623912906069171491e-01 6.623912862130496571e-01 6.623912076572797680e-01 6.623912398062743456e-01 6.623911934588866401e-01 6.623912309306501101e-01 6.623912497830983792e-01 6.623912361006605298e-01 6.623912440171213500e-01 6.623911580033980950e-01 6.623912662247863903e-01 6.623911838824071419e-01 6.623911878704979994e-01 6.623912956058660706e-01 6.623911507457861392e-01 6.623912611409785711e-01 6.623912564203817688e-01 6.623912712449674389e-01 6.623912086544654354e-01 6.623911486182861852e-01 6.623910736249387643e-01 6.623910538754925748e-01 6.623913331450785869e-01 6.623911273127729427e-01 6.623912769665449840e-01 6.623912083208174373e-01 6.623912552184061386e-01 6.623912157093598818e-01 6.623912246747325483e-01 6.623911636096398992e-01 6.623912082307784610e-01 6.623911335177680160e-01 6.623911823275008270e-01 6.623911314215858992e-01 6.623911840952955155e-01 6.623912670327907204e-01 6.623912898122747972e-01
6.623912155494167120e-01 6.623912520320605068e-01 6.623912480168724359e-01 6.623913025792389497e-01 6.623912455114949749e-01 6.623912668725980835e-01 6.623912333021957366e-01 6.623912803385435533e-01 6.623912556771098803e-01 6.623912979706757520e-01 1.000000000000000000e+00 6.623912474502339220e-01 6.623912238668936414e-01 6.623911659382492045e-01 6.623911512225700848e-01 6.623912814611662148e-01 6.623912072253757000e-01 6.623911959045994946e-01 6.623911953335401837e-01 6.623911253992661452e-01 6.623913001213825869e-01 6.623912285850872550e-01 6.623911485490425743e-01 6.623912075046373138e-01 6.623912872454567058e-01 6.623912743924027513e-01 6.623911844302834417e-01 6.623911411837128949e-01 6.623911647061686558e-01 6.623912152111813834e-01 6.623912596974012024e-01 6.623912048226634486e-01 6.623912774319394847e-01 6.623911220948285328e-01 6.623913230412580289e-01 6.623912656293190482e-01 6.623912895590879923e-01 6.623912686108006653e-01 6.623912166847969463e-01 6.623912657749253530e-01 6.623912415703780976e-01 6.623912266867442167e-01 6.623912629955891473e-01 6.623912061771621840e-01 6.623912342949883625e-01 6.623910920341926634e-01 6.623912597868426566e-01 6.623911569153817513e-01 6.623913289735564591e-01 6.623912158957356855e-01 6.623911942721121271e-01 6.623912888895173712e-01 6.623911636335801933e-01 6.623911560426317680e-01 6.623912676624823526e-01 6.623912920970854712e-01 6.623912405196197284e-01 6.623912317796771809e-01 6.623912411645586085e-01 6.623911763876825232e-01 6.623912934479404546e-01 6.623913095621842828e-01 6.623911762366969658e-01 6.623912917027656722e-01 6.623912869706838347e-01 6.623912397766836824e-01 6.623912826269894305e-01 6.623911347347504197e-01 6.623911666984650948e-01 6.623912681170176509e-01 6.623912108292484557e-01 6.623912876585846821e-01 6.623911374134842101e-01 6.623912661524310463e-01 6.623911826546666770e-01 6.623911839219329689e-01 6.623912380797661870e-01 6.623911031354526857e-01 6.623912850253249607e-01 6.623912252738907158e-01 6.623912759678224349e-01 6.623911980247874087e-01 6.623911977607174206e-01 6.623910940649876400e-01 6.623910011361546779e-01 6.623912861254251938e-01 6.623911914676434698e-01 6.623912804261664622e-01 6.623912491057963869e-01 6.623912762897050666e-01 6.623912150426696233e-01 6.623912919069663285e-01 6.623911681831669007e-01 6.623911779224900265e-01 6.623911283332044597e-01 6.623911956160467573e-01 6.623911726406626066e-01 6.623911901637663524e-01 6.623912751407687871e-01 6.623912993016267681e-01
6.623912401354195012e-01 6.623911873243050197e-01 6.623912546569690196e-01 6.623912923102281969e-01 6.623911957458938904e-01 6.623912873560924286e-01 6.623912894027619291e-01 6.623911971168724433e-01 6.623912981910998754e-01 6.623912331834158618e-01 6.623912474502339220e-01 1.000000000000000000e+00 6.623912592513306885e-01 6.623911882640750592e-01 6.623912318342959349e-01 6.623912613017077788e-01 6.623912337679872531e-01 6.623912675170016140e-01 6.623913041680709046e-01 6.623911418280872265e-01 6.623912828247787710e-01 6.623912272175058735e-01 6.623911337211293437e-01 6.623912962549528549e-01 6.623912463427301667e-01 6.623911968255860039e-01 6.623912731164490753e-01 6.623910767624019424e-01 6.623912499324207115e-01 6.623911579389701876e-01 6.623912278405176268e-01 6.623912375813049147e-01 6.623912407154486370e-01 6.623911660143674274e-01 6.623912845130875970e-01 6.623912566789611489e-01 6.623912248206035303e-01 6.623912532400658693e-01 6.623912929819978368e-01 6.623912522684316517e-01 6.623911669154538551e-01 6.623912530613981220e-01 6.623913117593934752e-01 6.623912968946008561e-01 6.623912729998210347e-01 6.623911864728415644e-01 6.623912519025230150e-01 6.623911572920399005e-01 6.623913004845111141e-01 6.623912640467094493e-01 6.623912850323523394e-01 6.623912060377852296e-01 6.623911502274705265e-01 6.623911851746485668e-01 6.623912570160166435e-01 6.623912954080040105e-01 6.623912690238098477e-01 6.623912369929771948e-01 6.623911788515733923e-01 6.623912493691874737e-01 6.623911992298414653e-01 6.623913113838618694e-01 6.623912496659153382e-01 6.623912499087573069e-01 6.623913102461334024e-01 6.623912861277532205e-01 6.623911759859609782e-01 6.623912281716337613e-01 6.623912387354266018e-01 6.623912238256423057e-01 6.623912026421068244e-01 6.623912073532002287e-01 6.623911751474119702e-01 6.623912111272518555e-01 6.623912504351724406e-01 6.623912442281719715e-01 6.623912214119865860e-01 6.623911648286164855e-01 6.623912554825657217e-01 6.623911913010139818e-01 6.623912898737436272e-01 6.623910674406091603e-01 6.623913181476664969e-01 6.623910902414187341e-01 6.623911394644330652e-01 6.623912731073461346e-01 6.623912210432414405e-01 6.623912252611237061e-01 6.623912603184813896e-01 6.623912697547373885e-01 6.623912339044079056e-01 6.623912876959866525e-01 6.623912657523435277e-01 6.623912844099199004e-01 6.623912570370938946e-01 6.623912621441840898e-01 6.623911973401758191e-01 6.623912342988701463e-01 6.623912996256399177e-01 6.623912650918112321e-01
6.623912514627301462e-01 6.623910529865228991e-01 6.623912760516299514e-01 6.623912822116551080e-01 6.623911944213344283e-01 6.623912759071068912e-01 6.623912489619733224e-01 6.623911748726947213e-01 6.623912758591603556e-01 6.623911660121829525e-01 6.623912238668936414e-01 6.623912592513306885e-01 1.000000000000000000e+00 6.623912695194785760e-01 6.623912309496844397e-01 6.623912412407371164e-01 6.623912242927022520e-01 6.623912706756630575e-01 6.623912522512583889e-01 6.623912572805851218e-01 6.623912207366503546e-01 6.623911278700829186e-01 6.623912003026978246e-01 6.623912705518649746e-01 6.623912637230228162e-01 6.623912102433614502e-01 6.623912423460738275e-01 6.623912207293050081e-01 6.623911979567107533e-01 6.623911531498499761e-01 6.623913232274136753e-01 6.623912722307598866e-01 6.623911827182448198e-01 6.623912801541886886e-01 6.623912779223299907e-01 6.623911889202772629e-01 6.623912391181249193e-01 6.623912815007713117e-01 6.623912134989954348e-01 6.623912374327655117e-01 6.623911639417410235e-01 6.623912454527778326e-01 6.623912460143861480e-01 6.623912723613166742e-01 6.623913093416317066e-01 6.623912054254166293e-01 6.623911111204781044e-01 6.623912260545925523e-01 6.623912630015380554e-01 6.623913043554217062e-01 6.623912887968327334e-01 6.623912451224115427e-01 6.623911480623386749e-01 6.623910230950239564e-01 6.623912653135318740e-01 6.623912689911887197e-01 6.623912323149919734e-01 6.623911589532385236e-01 6.623911429987655586e-01 6.623913150262803473e-01 6.623911942861029356e-01 6.623912571701715546e-01 6.623912739607400457e-01 6.623912141475608584e-01 6.623912320416016630e-01 6.623912571594541276e-01 6.623912060032308702e-01 6.623912778624589937e-01 6.623912571019114903e-01 6.623912557827398295e-01 6.623910243317738811e-01 6.623912485816542128e-01 6.623912419766567750e-01 6.623912104231983733e-01 6.623912187415627040e-01 6.623912075426264812e-01 6.623911983147352522e-01 6.623912492779548966e-01 6.623912601537845779e-01 6.623911521067679109e-01 6.623911995869139480e-01 6.623909738867084229e-01 6.623912930462044768e-01 6.623911496925407594e-01 6.623912300640891759e-01 6.623912159308880110e-01 6.623913352743973082e-01 6.623912164261951396e-01 6.623912467803234616e-01 6.623911788375209664e-01 6.623911568564251340e-01 6.623912424242875963e-01 6.623912865257187699e-01 6.623911907813359035e-01 6.623912297129067595e-01 6.623913090095925327e-01 6.623913055224476265e-01 6.623912904108091304e-01 6.623912145009367425e-01 6.623911892195152307e-01
6.623912047319365781e-01 6.623910836583178918e-01 6.623913134705865513e-01 6.623912832633988002e-01 6.623911990065267652e-01 6.623912928792162758e-01 6.623912613619611367e-01 6.623911360733520937e-01 6.623912435364224249e-01 6.623911744198078821e-01 6.623911659382492045e-01 6.623911882640750592e-01 6.623912695194785760e-01 1.000000000000000000e+00 6.623912157384695965e-01 6.623912382464995918e-01 6.623912577880218810e-01 6.623912499266885190e-01 6.623912494021171327e-01 6.623911958225990881e-01 6.623911792829496603e-01 6.623911372668094266e-01 6.623912367058103490e-01 6.623912419446364996e-01 6.623911959712279751e-01 6.623911850991232031e-01 6.623912528436192160e-01 6.623910927544828242e-01 6.623912700966729794e-01 6.623911479504757116e-01 6.623912711234334338e-01 6.623912724235033744e-01 6.623912289171467460e-01 6.623912721029006079e-01 6.623912217162396532e-01 6.623912154184589118e-01 6.623912723451647055e-01 6.623912603180538428e-01 6.623911704626748165e-01 6.623912569717189669e-01 6.623911222698075640e-01 6.623912524849813188e-01 6.623911896156007284e-01 6.623912788492654080e-01 6.623912491463512797e-01 6.623911694940183281e-01 6.623910466509808082e-01 6.623912967874242552e-01 6.623911974715910311e-01 6.623912911688559779e-01 6.623912658471443615e-01 6.623912498290884798e-01 6.623911232372328151e-01 6.623910265030146238e-01 6.623912671644928141e-01 6.623912418887327735e-01 6.623912467468811016e-01 6.623912062314862848e-01 6.623912044066490035e-01 6.623912621480011476e-01 6.623910824305870859e-01 6.623911940208185856e-01 6.623912297335385890e-01 6.623911945282691116e-01 6.623912143988518464e-01 6.623911159246330671e-01 6.623912094218201707e-01 6.623912825766807844e-01 6.623912430822552766e-01 6.623912613565773322e-01 6.623910673351609546e-01 6.623912731499044249e-01 6.623912716390012445e-01 6.623912316857988314e-01 6.623912512524742224e-01 6.623911943896676480e-01 6.623911793833352490e-01 6.623912516694768771e-01 6.623913003094268337e-01 6.623911621344799050e-01 6.623911124293594410e-01 6.623910574631172166e-01 6.623912273432653874e-01 6.623912721374918267e-01 6.623912955840478567e-01 6.623912116800091399e-01 6.623912628476951170e-01 6.623912229643714733e-01 6.623912121191227742e-01 6.623911824995707409e-01 6.623912136311842502e-01 6.623911908674539051e-01 6.623911982109250696e-01 6.623912015922998053e-01 6.623912253211298173e-01 6.623912819925554807e-01 6.623912131209100940e-01 6.623912747210940477e-01 6.623912255785118219e-01 6.623911687162502560e-01
6.623912187322440470e-01 6.623910595023846382e-01 6.623912110645380213e-01 6.623912033919623354e-01 6.623910516922671965e-01 6.623912227373889294e-01 6.623911690227143323e-01 6.623910006461696254e-01 6.623912581581510306e-01 6.623911889230029715e-01 6.623911512225700848e-01 6.623912318342959349e-01 6.623912309496844397e-01 6.623912157384695965e-01 1.000000000000000000e+00 6.623912407318792717e-01 6.623911358841699792e-01 6.623911323134870077e-01 6.623912524512859390e-01 6.623912022457649762e-01 6.623912132043491274e-01 6.623911779764370955e-01 6.623911709997860608e-01 6.623912829393640012e-01 6.623911811768874447e-01 6.623910863631038426e-01 6.623911851425667852e-01 6.623909473912755752e-01 6.623911778915476667e-01 6.623909747189197228e-01 6.623911725308393450e-01 6.623913033273762796e-01 6.623911572691240091e-01 6.623910819621153800e-01 6.623912252353730823e-01 6.623911287568353679e-01 6.623911969173115200e-01 6.623912325558332093e-01 6.623911997776269489e-01 6.623911299960655308e-01 6.623910131140966495e-01 6.623912962335544163e-01 6.623912709036382518e-01 6.623912068626077732e-01 6.623911652573559738e-01 6.623911221444498398e-01 6.623911595841226463e-01 6.623911705332883315e-01 6.623912383441866725e-01 6.623911982570552803e-01 6.623912489888186261e-01 6.623911234688802940e-01 6.623910982594463093e-01 6.623910400526518139e-01 6.623912666389857318e-01 6.623912146264495648e-01 6.623911719556438982e-01 6.623912366079933722e-01 6.623911564943558705e-01 6.623911801575351754e-01 6.623910880996437545e-01 6.623911461352822716e-01 6.623912356477973384e-01 6.623911203362748967e-01 6.623911916821645374e-01 6.623912243926760590e-01 6.623911163307276695e-01 6.623912516600292122e-01 6.623911986528935314e-01 6.623911486480570376e-01 6.623910009411958510e-01 6.623911785583461720e-01 6.623911456398317021e-01 6.623911498644360352e-01 6.623911648148986808e-01 6.623910583380535622e-01 6.623912011644655928e-01 6.623911355579020777e-01 6.623911999414952012e-01 6.623910817597231659e-01 6.623912081622095327e-01 6.623908574017463025e-01 6.623912056202893028e-01 6.623910247707999188e-01 6.623912017998432322e-01 6.623912217043189665e-01 6.623912128664080079e-01 6.623912148825167323e-01 6.623910716651046915e-01 6.623911870268921476e-01 6.623910827481266361e-01 6.623911553750718717e-01 6.623912771399333987e-01 6.623911349403357463e-01 6.623911048792590073e-01 6.623911884521943572e-01 6.623911993998868875e-01 6.623911983889830823e-01 6.623911689031158900e-01 6.623911378590111587e-01
6.623911858816265985e-01 6.623911750000576193e-01 6.623912542617764743e-01 6.623912949944682493e-01 6.623912209243313365e-01 6.623913074443433802e-01 6.623912835897747264e-01 6.623912194462893144e-01 6.623912389109127830e-01 6.623912846509848462e-01 6.623912814611662148e-01 6.623912613017077788e-01 6.623912412407371164e-01 6.623912382464995918e-01 6.623912407318792717e-01 1.000000000000000000e+00 6.623911908785546920e-01 6.623911850537470558e-01 6.623912917769022579e-01 6.623912086793708465e-01 6.623912851305253646e-01 6.623912740170800895e-01 6.623911465494147777e-01 6.623912744868898361e-01 6.623912199908402743e-01 6.623912085990840692e-01 6.623912127622334500e-01 6.623910514816492290e-01 6.623912450009180608e-01 6.623912309838163592e-01 6.623912322696638988e-01 6.623912588473475083e-01 6.623912843412492757e-01 6.623911261352288804e-01 6.623912759024211949e-01 6.623912760181071002e-01 6.623913160868132310e-01 6.623912818898554100e-01 6.623912249593291168e-01 6.623913007832258337e-01 6.623911974653293733e-01 6.623912327894572183e-01 6.623912759330561340e-01 6.623912546948158564e-01 6.623911951139320742e-01 6.623911300156484216e-01 6.623911987124001532e-01 6.623911718900707957e-01 6.623912956941955255e-01 6.623912120512862600e-01 6.623912519903734086e-01 6.623912419823602127e-01 6.623910620784980718e-01 6.623912289517106533e-01 6.623912899057108339e-01 6.623913131901040252e-01 6.623912685227294483e-01 6.623912577110457889e-01 6.623912730093802770e-01 6.623912554271941255e-01 6.623911855500334012e-01 6.623912630257230427e-01 6.623911937465322142e-01 6.623912369765418973e-01 6.623913058442898460e-01 6.623912331288791533e-01 6.623912841895636117e-01 6.623912270904038779e-01 6.623912306485963963e-01 6.623912585139177800e-01 6.623911676875288146e-01 6.623912626079924149e-01 6.623912334683502712e-01 6.623911996067579633e-01 6.623912431010665625e-01 6.623912065451058595e-01 6.623912153422902849e-01 6.623911709316769869e-01 6.623912923546236842e-01 6.623912471617972031e-01 6.623912076767853874e-01 6.623911354074473179e-01 6.623912040038754112e-01 6.623911154393462564e-01 6.623911326904247110e-01 6.623912658718074109e-01 6.623911931380023210e-01 6.623912384945369602e-01 6.623911857253401703e-01 6.623912709985535496e-01 6.623912555469867458e-01 6.623912898339868738e-01 6.623912252171891835e-01 6.623911814951490840e-01 6.623911513661594475e-01 6.623912473737051387e-01 6.623911289660351365e-01 6.623912932002840037e-01 6.623913055285112206e-01 6.623912830961790066e-01
