1.000000000000000000e+00 -6.304505296044564389e-02 3.232608345685346052e-01 -2.322391445192657222e-01 -6.183768440807362737e-02 2.123294890084670705e-01 1.808801406284873264e-02 -9.681685802876486419e-03 -7.186202964243523610e-03 1.424362158131738665e-01 3.268025507384894612e-02 1.253546453673046734e-01 -4.512917136963401354e-02 -1.300603424494844451e-01 -1.683801458722877231e-01 3.465418190020042588e-01 7.973554357377884982e-03 -6.999920165637243952e-02 -6.012137121296569353e-02 -5.044118746928766273e-02 -1.476166974531162857e-01 -3.259431612547061818e-02 -1.381236039051308706e-01 1.353999340846499533e-01 9.556017641541934837e-02 1.693499602899534162e-01 5.566003150696046536e-02 9.612611155976363841e-02 -4.459619806146947196e-02 -8.542224960694316804e-02 1.058870123438273997e-01 2.881013734195743137e-01 6.248432982318801593e-02 4.617805075634181383e-02 -4.922952697865010802e-02 3.259651677429807604e-02 3.277237868270884563e-02 2.623796772461814419e-01 -4.476511716191618889e-02 4.879845852039504939e-02 1.241679652947139390e-01 1.268815544793376604e-01 7.476744150205653916e-02 7.495062190356893694e-02 -5.885674421146391139e-02 4.074825994656377376e-02 -6.464449179745899998e-02 1.121631353725869966e-02 2.480854766665833155e-01 1.171892007494349380e-01 3.093715412506137796e-01 1.737037013021325849e-01 -1.850690222868038581e-02 -1.934661803153528703e-01 1.206644690563779820e-01 3.658622572289190744e-01 9.314401489311717464e-02 4.045789940401969126e-02 1.041705543940065898e-01 -1.109233799412509894e-02 -4.906075211010304388e-02 -1.640011058234894237e-02 -1.318380136682244241e-01 -1.762607237964652906e-01 -1.636462885517502019e-01 -1.719080001456822770e-01 2.146557995570880506e-01 -3.951900508787550836e-02 6.172864217058795112e-04 -4.392960525041713499e-02 -9.429099551867295426e-02 2.458421888733239996e-02 -2.042038100947413115e-01 1.646326655942487172e-01 4.522051667782690104e-02 6.355512824753377366e-02 1.998065164170355693e-02 -4.275357528300378906e-02 5.957053317013602523e-02 2.402093838804241210e-01 -7.546590513860020055e-02 -5.547317849081039032e-02 -4.287629743256291676e-02 -1.319258400986688395e-01 -9.562456314423918580e-02 -1.882107150956021102e-01 -6.642015483349732186e-02 -2.137808040829816333e-02 1.909589225746799457e-02 -5.367380106939408785e-02 -4.532385307828668691e-02 9.307498757457827177e-02 3.331792883350856438e-02 4.035814365473371600e-03 -2.035890660593507248e-02 3.162278861876593322e-02 -3.405338893745434026e-02 -1.448614030052413071e-01 2.773144013841014055e-01 9.832081192527200586e-02
-6.304505296044564389e-02 1.000000000000000000e+00 5.153785252134347461e-01 4.419735065387934703e-01 2.556507558059784579e-01 3.938718349438332100e-01 5.012899155030768883e-01 6.219128237681543769e-01 5.555159948343295628e-01 5.640259747694945786e-02 -2.470471044859755966e-02 8.858676656894080848e-02 2.667468117240014425e-01 2.267297622253754488e-02 -7.212868872700670120e-02 2.706521978446475574e-01 2.936529821266961257e-02 2.396914333618009874e-01 -3.021704492560875130e-02 8.042063975425083056e-03 6.159472641743277133e-02 -4.788811934274798954e-02 -8.927711120503506459e-02 -2.786780685995970518e-03 -2.968711840418478479e-02 -1.256347086112214184e-01 -1.348761345037683378e-02 -2.551615620777245019e-01 5.395112858360256655e-03 -1.647176783532537103e-01 -2.630746803847118162e-02 1.300114374011921980e-01 1.143655130355715616e-01 -9.532083571506634601e-02 -4.022085407227356246e-02 6.923898357710014939e-02 -1.389948739298533797e-01 8.919191765822649665e-02 1.195571030071162222e-01 1.014416869320504677e-01 -1.866874445973324970e-01 -1.326958613763293826e-01 -1.871066129900813071e-02 -2.336900023094572176e-01 4.231135096568294091e-02 -5.215404470141860038e-02 -1.200724029996950298e-01 -1.588862291336070320e-01 -2.322077820364557357e-02 -1.377894445298261383e-01 1.647477024709994575e-01 6.869941945001341033e-01 3.889136882245799454e-01 4.493590067580176539e-01 5.244784048015646016e-01 4.182266807029811351e-01 6.628169967412601560e-01 5.553240169721341823e-01 1.449620270212957363e-01 2.174770228074942788e-02 8.279001485715316300e-02 2.773066233132716607e-01 1.977841797393896373e-01 2.107494771660286259e-01 2.097999466340449426e-01 -3.339026418405392077e-02 2.126266073669955681e-01 1.626420152560003884e-01 7.851801530773841464e-02 2.632718826803883139e-01 1.388474653171509476e-01 1.532574988521550295e-02 -1.071507221154915923e-01 1.794161078893057315e-01 1.946365577003473513e-01 -1.157033361682155842e-01 -2.749618964262880161e-02 -1.343718105149350195e-01 5.108876574500800100e-02 1.373145459940415258e-01 -6.090518786580633587e-02 -9.157183317998522643e-02 1.176428967990527930e-01 -4.555601701481244714e-02 -1.188224077570765730e-01 -3.715830478454874158e-02 -1.411691381349706228e-03 -1.849108312220292816e-01 6.218832744041800920e-02 7.623093483152712339e-03 -5.180105286569329850e-03 2.619917066972569097e-01 1.958500707567946419e-01 -6.721893349545751684e-02 -1.271146071714764902e-01 -1.478417627913622689e-01 -7.319748467961910421e-02 -1.057230290570339154e-01 2.256066992145357164e-02 -1.542149685117009672e-01
3.232608345685346052e-01 5.153785252134347461e-01 1.000000000000000000e+00 -3.051632425260277642e-02 -3.428962383941146913e-02 5.289664100352833298e-01 3.996334874744760790e-01 4.208700043173085881e-01 3.921163573048119799e-01 2.594186903707030312e-01 7.257713744464959482e-02 1.492090960358960494e-01 1.184700713621033297e-01 -4.154837202669333512e-02 -1.329080676214537127e-01 3.556831798166361636e-01 -4.774451215774651314e-02 1.020345727630214555e-01 -1.221125850466818763e-01 -1.125283495646461490e-01 -5.307583936623717913e-02 -2.045994808704618695e-01 -1.247293733526834147e-01 7.689138116173074855e-02 5.099691092903351625e-02 -3.562662325202212155e-02 -5.665086740709729396e-03 -1.443349377344544104e-01 -4.124645963590461289e-02 -1.311302193068691890e-01 4.410595204832029603e-02 2.913967265384090899e-01 -4.570867077266168449e-02 -1.069261348822951319e-01 -1.340103180127340810e-01 -5.552365675229458536e-02 -1.038153326480391464e-01 3.207354223043074049e-01 5.094526239952184427e-02 2.339945470429441454e-01 -4.491988050336655214e-02 6.588740952762746350e-02 -5.143552531018977247e-02 -2.765646798981031274e-01 -1.257026149187652764e-01 -5.035554445778612359e-02 -1.500739570722524063e-01 -1.358927863641896383e-01 2.474087871644181091e-01 -6.443753116308473250e-02 2.416508446012650135e-01 6.214646344568202085e-01 1.044749864148643015e-01 -5.453038102097639700e-02 4.999462474855301819e-01 7.107692589876797307e-01 5.421788074662677870e-01 4.192276420823533023e-01 2.830280746378859846e-01 8.658600139766733927e-02 1.050156552251261810e-01 2.477901442241766394e-01 8.144604579847354586e-02 4.384554669193194143e-02 2.396623344349951140e-02 -1.039761986270543448e-01 3.464747807323795281e-01 1.239904362273449440e-01 8.367456353377662748e-02 1.649564223667956686e-01 4.219919755107355563e-02 -1.851473323405341750e-02 -1.473806046468891240e-01 3.654309225124686145e-01 2.782979245116372624e-01 2.778842489345428879e-02 4.775615242433841473e-02 -5.808180966418571844e-02 1.111853291171718827e-01 2.604717436920570561e-01 -1.520745001126556743e-02 -6.148848195238079684e-02 3.270723362472893053e-02 -1.801651895480277654e-01 -1.766820841331223912e-01 -1.588700244658866612e-01 -2.898779442062468514e-02 -1.682303790891981621e-01 6.400926999095408326e-03 9.384119630566054027e-02 -1.695439976213835853e-01 3.385718649236404421e-01 2.190928501683294394e-01 1.094680112571082137e-01 -8.838979892949118400e-02 -2.243285810496545574e-01 -1.097324244103664442e-01 -1.680947414456960276e-01 3.399831608521023951e-01 3.688749489698425060e-02
-2.322391445192657222e-01 4.419735065387934703e-01 -3.051632425260277642e-02 1.000000000000000000e+00 3.477006349505754601e-01 5.231014217272923067e-02 2.970668272285293954e-01 4.273258424842464875e-01 3.558376775302604655e-01 -5.097943235121076000e-02 1.526546937247626537e-02 1.109135983901672201e-01 1.353555509380330035e-01 3.922255617104535019e-02 5.773177708767364413e-02 1.913341533463762678e-01 6.183936358349537837e-02 1.471534716082288918e-01 -5.954708357570098060e-02 1.901984774654560256e-02 1.827254650455478191e-01 5.118601903530036606e-02 -3.717245663130549355e-02 7.752081777598562873e-02 1.181034651236566591e-01 6.612448496465206382e-02 -1.867158937841095212e-01 -1.432816064965877489e-01 1.106688300373042388e-01 -1.881158216309428144e-02 -2.377792071187539713e-01 -1.136599056249355949e-01 6.660286192360165280e-02 -9.275283300784170626e-03 -8.016658304925179668e-02 -5.796286579089436446e-03 -1.472071512781484848e-01 -1.686295801946933182e-01 1.528185892288539682e-01 6.133396440609675121e-02 -1.507162425987683407e-01 -1.025682479618923865e-01 -1.328240684892322276e-01 -1.088946568252377178e-01 8.646546016888775887e-02 -1.328122001275498787e-01 -1.238337724986610794e-01 -1.673989212585271502e-01 -1.911620712127471422e-01 -1.275084321206617910e-01 -1.809228836575959842e-01 2.182254540687962596e-01 1.497904824315239580e-01 6.846161684619207488e-01 1.856641183928301464e-01 -1.421599215836008914e-02 3.236563810776821870e-01 3.255370046790524996e-01 -2.635887944358928855e-02 2.160582095832232902e-02 7.939402186228157465e-02 8.693034097683570438e-02 1.724734231379290439e-01 1.848854791129319330e-01 1.631078457237553903e-01 5.598337456218038105e-02 -1.624302484116953438e-01 9.410404787275966632e-02 6.159892671028287942e-02 9.263825244358593614e-02 1.081525019574541835e-01 1.017375652339137836e-04 1.167301283011250024e-01 -8.670538369464454720e-02 4.791755729573169559e-02 -1.994923439504510745e-02 2.234641637499479652e-02 -5.182906601783226347e-02 -2.224943641553244200e-01 -2.827327642991906975e-01 5.625744008538677982e-02 -1.575229863956767451e-01 -1.479537684351470983e-01 -1.154878916003850564e-01 -6.262260203991282248e-02 -2.879310368107965493e-02 -1.083563700958575376e-01 -1.612914321920636274e-01 -6.179280461454433881e-02 -1.236251388552877806e-01 3.714810777086149929e-02 -1.005163427966798001e-01 1.636789780945331618e-02 -1.290658325977284970e-01 -1.380944940614922956e-01 -1.270373160436367999e-01 -7.478589864806947651e-02 -7.783721346997382606e-02 -1.949388010853529418e-01 -2.364722703309544150e-01
-6.183768440807362737e-02 2.556507558059784579e-01 -3.428962383941146913e-02 3.477006349505754601e-01 1.000000000000000000e+00 2.879334900594950897e-01 -3.963784926589773716e-02 3.073964433110902821e-03 1.808016486762549224e-01 -1.676065900390696917e-01 -1.694346081322800346e-01 -2.370142138892057937e-01 -1.492775647111665160e-01 -1.817026715296175265e-01 -2.124045157210536494e-01 2.225986672183770942e-01 -4.482874644342421666e-02 -2.436749778350230655e-02 -1.209889177332692245e-01 1.557862509708685637e-02 -8.904486256587298976e-02 -4.825746205052443977e-02 -1.647186970032611664e-01 -1.148492235072948869e-01 -6.031491879226205666e-02 -2.523443161555168346e-01 -1.758654698994792098e-01 -1.429624453771087544e-01 -5.876957468268294987e-02 -1.381927441386611444e-01 -5.584520422276761931e-02 6.375926781908045071e-02 2.557923484401601888e-01 -8.166569031785296529e-02 -1.323368444859799320e-01 2.405076439185306059e-01 1.477428639908570929e-01 -1.446400400007119037e-02 -1.587606979110945948e-01 -2.498832052578182916e-01 -6.532187041090953272e-02 -2.064106632830496058e-01 4.466823127412818117e-02 4.251234108125540728e-02 5.995113855720234780e-02 -1.403393150048241056e-01 -1.728160684013475279e-01 -1.058370578938753886e-01 6.718109068226991998e-02 -7.362503953008028845e-02 -1.735952960162496506e-01 4.969152033801654128e-02 2.027279532096194770e-01 4.122731060637637723e-01 3.969810816090041938e-01 4.147138442155641480e-02 2.739855128380743951e-02 1.343154350315660939e-01 -2.195517960818826331e-01 -2.986149375480617318e-01 -2.270529114578491159e-01 -2.064599784847773734e-01 -1.381431963467489032e-01 -7.571584905491705875e-02 -1.534455144172085783e-01 -1.795593747037473042e-01 -8.071562318291414240e-02 -1.240965185307572743e-01 3.058644910252615937e-02 -4.092036935741670545e-02 -1.242179051806656803e-01 -1.499861052331969424e-01 -1.520644952436820685e-01 -1.393959171808969444e-01 -2.359236039270721508e-01 -1.701565402753001111e-01 -1.079100323055666444e-01 -2.190393105774292859e-01 -1.122042717835052689e-02 -5.228463017230285809e-02 -1.243708197005980037e-01 -2.677526771242630041e-02 -9.836335474337281129e-03 -7.834709039818670007e-02 -2.606536408197794932e-02 -7.970803762102982026e-02 5.601505154416015070e-02 -1.502999540463632044e-01 3.895189760100280230e-02 -1.057095349671581530e-01 -3.138424478246775590e-02 -2.065210304854674661e-01 -1.689197749838292073e-01 -8.590803422803537648e-02 -1.858507644072255049e-01 -1.460837028772157264e-01 -1.253518491840472648e-01 -3.907475355930432187e-02 -4.314839156510285462e-02 -1.344431344514080140e-01
2.123294890084670705e-01 3.938718349438332100e-01 5.289664100352833298e-01 5.231014217272923067e-02 2.879334900594950897e-01 1.000000000000000000e+00 3.291598171810188322e-01 3.916439835127772939e-01 5.031280417380202818e-01 1.782101874900249017e-01 7.922704625092320818e-02 6.857944203272126060e-02 8.176499681016533017e-02 -1.076627463616558998e-02 -1.545362390211369730e-01 2.297147514873248142e-01 3.142205507601825154e-02 1.998123529608889781e-01 5.167059867553994157e-02 1.409787427855520130e-02 -8.031893766390323097e-02 -2.232740092848554403e-01 -1.128437275424650360e-01 -1.491153780254742510e-02 4.897040310325508072e-02 -1.122199440890779415e-01 -1.699037314776363772e-02 -2.528902783145662303e-01 -6.074367817237586592e-02 -1.948429638269123798e-01 1.292599996523472738e-01 1.499519301525985837e-01 5.048306615218407789e-02 4.098775732135866851e-02 -1.820935244089070537e-01 2.849776201994302927e-01 2.202357281509078821e-02 1.888296076403405965e-01 -1.011472009182454584e-01 3.399620953991253774e-02 -1.666970795050254361e-02 -1.511703709875784063e-01 -9.661779094698783044e-02 -1.593791381804071927e-01 -5.754462306766457147e-02 -9.495583986875295868e-02 -1.216123631430354041e-01 -2.150557136989484849e-02 4.458087384391735686e-01 5.606726709148385224e-02 -2.251662973516444736e-03 3.328618834497164003e-01 8.175594981191484922e-02 1.037097309485202484e-01 7.280128759136389460e-01 7.001303990309908354e-01 3.846748186769290978e-01 5.277101344274602868e-01 2.346068166291687407e-01 -1.281487138809312420e-01 3.418644712688311688e-02 1.342994942636948352e-01 1.735048610937898680e-02 8.740457015177888200e-02 2.727666537054738646e-02 -1.084960328274268554e-01 2.593927512138191616e-01 9.812989658226071998e-02 1.522966195003367385e-01 1.829362176993763467e-01 -1.612418629151444668e-02 -3.386795280358191607e-02 -1.390421955139055643e-01 1.602419146699285146e-01 1.391164933041515173e-01 4.745260740785827921e-03 -6.676863027237933679e-02 -9.370229899739286605e-02 8.746146078624061904e-02 1.599914131699832209e-01 -1.685493251334446996e-01 -2.150827807566226685e-02 7.072721144636533175e-02 -8.332898238990710249e-02 -1.194909985111315687e-01 -1.813475734063799694e-01 8.817061438083112490e-02 -1.026682828658139618e-01 1.404958574803252813e-01 -1.153596502473801522e-01 -1.778788970048465201e-01 2.668865156749173351e-01 9.764295801416122966e-02 -5.363669692153281987e-02 -1.028899226824747104e-01 -1.159513089686666359e-01 -1.144233055545016003e-01 -7.230051446967064588e-02 3.994684684960306265e-01 8.665609405558619138e-02
1.808801406284873264e-02 5.012899155030768883e-01 3.996334874744760790e-01 2.970668272285293954e-01 -3.963784926589773716e-02 3.291598171810188322e-01 1.000000000000000000e+00 6.757376000573271924e-01 5.971946597756813135e-01 3.114719444961555617e-01 1.873739706156403451e-01 2.260310186805883081e-01 1.728046012330114456e-01 1.039484042900253452e-01 5.842466278513642336e-02 1.310746587586445466e-01 1.984668930308029419e-02 3.469191808592332338e-01 2.874995960965328126e-02 9.510756999010513968e-02 1.708279278889874853e-01 -4.252321993260835264e-02 -5.040096381858412281e-04 2.115578391124358637e-01 1.960358630303684346e-01 1.374566508640850775e-02 -2.187536929842920017e-02 -1.249772406822730331e-01 2.097559734045541247e-01 -8.451710847724015416e-03 5.839087524372030789e-03 -6.336746314638865007e-02 -3.574728739657972304e-02 7.340014587526388912e-02 -3.140850981511391499e-02 8.597378275451034169e-02 -2.581230763262366140e-02 1.466756841877172868e-01 2.614326167879378326e-01 5.140675751332284271e-01 1.417157725995279727e-01 -8.856497703950678979e-02 -1.419208647913803301e-01 -1.544901128059447404e-01 2.976450605757784140e-02 -8.229394812936843395e-04 -4.885297566138514097e-02 -6.872162890187803741e-02 2.208256815353054348e-01 1.175812200470082586e-01 -6.505533142962488524e-02 4.084155650726966624e-01 9.545860349248411203e-02 2.354276327320302120e-01 3.240480624834420897e-01 4.235396917838842312e-01 6.314674601784991959e-01 5.361445470296571925e-01 3.691371758341998599e-01 2.641375413203267408e-01 1.376900825369039294e-01 2.561300172058400548e-01 1.707452537295681694e-01 2.734403488886050226e-01 2.461628831931850503e-01 1.035656212942281384e-01 3.127755851880818505e-01 2.905274324358851357e-01 2.676291784268854945e-01 3.428959239185679353e-01 2.392537215472478607e-01 6.508724984359496278e-03 4.342039140924994906e-02 3.928273263693332074e-01 3.389815310947534299e-01 1.656817919277834561e-01 1.682795804135709117e-01 -3.004132533633467605e-02 1.805162706088475622e-01 -2.681765508392595226e-02 7.154727009008023109e-02 8.726642979635862440e-02 7.607754132414423776e-02 -1.033697422069281696e-01 -1.051200734943599224e-01 -5.456620631503032726e-02 1.177346549123789443e-01 -1.028455785241201986e-01 1.254658176315562590e-01 1.677144387132032954e-01 -2.439076363850353202e-01 2.515114239367532423e-01 2.026119800196567178e-01 1.462347060321901593e-01 -5.403252279398095687e-02 -1.651032101781399197e-01 -7.736576969431818024e-03 -3.066081604334971317e-02 2.822409782088016739e-01 1.863787457720060270e-01
-9.681685802876486419e-03 6.219128237681543769e-01 4.208700043173085881e-01 4.273258424842464875e-01 3.073964433110902821e-03 3.916439835127772939e-01 6.757376000573271924e-01 1.000000000000000000e+00 7.591440998559421116e-01 2.421116352996852961e-01 1.345524825134134239e-01 2.843560291950124053e-01 3.241736801961657144e-01 1.463860904947571762e-01 3.727011486861687983e-02 1.555863621628352234e-01 1.295893698730915256e-01 3.568010850474717666e-01 9.631832081671549972e-02 1.329243160253550451e-02 1.191002758131021050e-01 -3.588811429058772623e-02 1.930743850652035746e-03 1.785496006035282857e-01 1.480961211595177018e-01 6.074794923723635109e-02 3.767672255323437774e-02 -1.988579025207837248e-01 1.553021087894108643e-01 -6.675677628174533917e-02 -9.392187310198754635e-02 -2.896102791800226825e-02 -2.671806863581202215e-02 1.187264615917414667e-02 -4.774656049375159556e-02 9.732273942361605035e-02 -1.503459203297523306e-01 4.394399788858681377e-02 2.336553602344833558e-01 3.222135549163288037e-01 -1.021112199928910363e-01 -8.799474038363000461e-02 -1.424005235977291450e-01 -2.835667059618278141e-01 -9.243383390728146867e-03 1.038843196554361907e-02 -8.757405942855099601e-02 -1.030778515510288595e-01 -3.063479657527845221e-02 -1.014428309632597891e-01 2.146331372631235870e-02 5.394375800379406227e-01 2.073408654576753274e-01 3.736160955015788709e-01 4.473345611228463636e-01 4.702072864764769156e-01 7.477671396449386831e-01 7.383897651475468393e-01 3.579238143243268500e-01 1.986476381909442757e-01 2.425013954918615044e-01 3.532979166740554122e-01 2.537291223233239523e-01 3.206047329655838385e-01 2.915803320820096745e-01 6.368414036479738694e-02 2.427441220403753208e-01 2.811921644720954405e-01 1.795157368036990053e-01 3.335533235311131106e-01 1.809343672506098510e-01 6.713851732292409891e-02 3.641701298232305484e-02 3.209205229396117076e-01 3.933488650580272417e-01 5.404999087254536844e-02 5.002004844011959800e-02 -2.049688833300441007e-02 -3.391249886660323981e-02 -3.553012330503158706e-02 -2.113470678772166877e-02 -5.877906704379583236e-02 8.629317311027606685e-02 -4.780863901970588969e-02 -6.425491939995263413e-02 -4.468602402035587451e-02 3.531880033676515485e-02 -1.155416089874654745e-01 6.200996168020760785e-02 3.642922240325299071e-02 -1.352962044380327522e-01 3.358792372804568216e-01 3.189324824522081769e-01 1.675540807632148674e-02 -6.671394803002231311e-02 -1.443491172710396342e-01 4.342635061319365802e-02 -7.333601336599861187e-02 7.899912880472868826e-02 -8.906255873723482874e-02
-7.186202964243523610e-03 5.555159948343295628e-01 3.921163573048119799e-01 3.558376775302604655e-01 1.808016486762549224e-01 5.031280417380202818e-01 5.971946597756813135e-01 7.591440998559421116e-01 1.000000000000000000e+00 2.485828490634616472e-01 1.084127571672070245e-01 1.926565011064394484e-01 2.224252807888012495e-01 9.967372208517275012e-02 -1.532201602438549269e-02 8.076127870472465942e-02 1.052407651059687616e-01 3.518453635571458515e-01 4.749191020763322141e-02 7.380336340575480158e-02 8.138409637032481547e-02 -1.457627786859875263e-01 -3.623551204720101837e-02 1.456712346242234335e-01 1.769227555652422013e-01 -2.598901777299178831e-02 2.086453329340640095e-02 -1.942668016618356863e-01 1.043806619734146540e-01 -9.826228759725653961e-02 -3.111910425719613404e-02 2.230750929399852311e-03 9.739401518508987443e-03 -3.070708733289445342e-03 -1.395604775987875634e-01 3.280669932117960541e-01 -7.596194301787092401e-03 1.090214489727156372e-01 1.525763083457134239e-01 2.448997320769784880e-01 -4.477990703320419014e-02 -1.504016936528524695e-01 -1.649187949694355670e-01 -2.036504105949719368e-01 -1.756060548151414710e-03 -6.697515689822337512e-03 -1.344889270764236255e-01 -9.084518924633115666e-02 1.228621895810433629e-01 -2.726195229911621692e-02 -5.954891366215302878e-02 4.560149408127454063e-01 1.645153551105240364e-01 3.700363530599340978e-01 5.265531045311525604e-01 5.389623035724935285e-01 6.554043010371675138e-01 7.826397339794534114e-01 3.542656749979600783e-01 9.668824023355766795e-02 1.261544730885646726e-01 2.522364101095934674e-01 1.656338086758952222e-01 2.623159764951701889e-01 2.025771542289775129e-01 1.535540388481866983e-02 2.081795282905464506e-01 2.141263984453865565e-01 2.021511323576853925e-01 3.494364827841154320e-01 1.675290122220584044e-01 3.798938083832197055e-02 -5.450355613170936378e-03 2.667375198888203292e-01 3.427307685560707640e-01 7.105656038001710584e-02 4.652026161135730531e-02 -2.001236755582038937e-02 2.306503588868076896e-02 6.426389340249293383e-03 -3.278237026274933436e-02 2.403606576464604669e-02 1.328518618349757985e-01 -5.603497280874593367e-02 -7.140767809177728416e-03 -6.862938105433817604e-02 1.417789359686622563e-01 -7.121811074989303769e-02 2.275214300032802062e-01 8.094680753001666507e-02 -2.686224986403203951e-01 2.461927743917227962e-01 2.066579108645241192e-01 -8.469231094985143690e-03 -1.196019217614953528e-01 -1.344106338892403218e-01 3.017833836976242107e-02 -8.703770751524713550e-03 1.914720343698051719e-01 -1.192534404056599939e-02
1.424362158131738665e-01 5.640259747694945786e-02 2.594186903707030312e-01 -5.097943235121076000e-02 -1.676065900390696917e-01 1.782101874900249017e-01 3.114719444961555617e-01 2.421116352996852961e-01 2.485828490634616472e-01 1.000000000000000000e+00 4.970715850798460567e-01 4.295068940096734567e-01 1.942586542328740284e-01 -3.887267778544310076e-02 -1.196788983996368710e-01 5.440018862815652195e-02 1.398115685748216319e-01 1.813913433575662648e-01 1.847521537975099423e-02 6.418839908597739549e-03 -2.619161834044970300e-02 -1.217890413998267557e-01 -1.572866501899395364e-01 4.397712947031298669e-01 5.190507970493674073e-01 1.984951076026058303e-01 -1.121155134835157170e-02 -8.953199182999823855e-03 1.599094051944138228e-01 -1.058865718029402964e-01 5.945923301195678995e-02 -4.606661406547990500e-02 -2.199930418636076856e-01 1.092866308969485944e-01 -1.613287867075861026e-01 1.261661066697134514e-01 1.549809006291223701e-01 8.971127826130632921e-02 1.933001947621999228e-01 3.915156376473484245e-01 2.343796300673993416e-01 2.530012718481794987e-01 -7.946555873262579547e-03 -1.046045938987735374e-01 -1.435647803394863031e-01 -9.658954818867129810e-02 -1.814589391233235316e-01 -1.533756400630460481e-01 2.144372769282743840e-01 2.091254716513271383e-01 3.404469782605411710e-03 1.985970740707224402e-01 -3.754839461754962832e-02 -1.216827372423534559e-01 1.683818003777433348e-01 3.277572192934473660e-01 2.479576986419822493e-01 2.799653053065523367e-01 5.234054706618721520e-01 4.149773443973565623e-01 4.750073298772530817e-01 3.769555719498212110e-01 1.291361112249240495e-01 8.510923170125178627e-02 7.060150591037595014e-02 -1.004390613662741599e-01 8.114205897640926202e-02 2.837042239157909207e-01 2.291618584837262496e-01 2.372208590520389071e-01 2.302627369427852691e-02 2.032940830815763433e-01 -8.096138897459932704e-02 4.688196508118882000e-01 5.160354599731693526e-01 3.856439551694993972e-01 3.107530147425143219e-01 4.107650975571241342e-02 1.279486984925126414e-01 4.113388532816033422e-02 2.100055508560822737e-01 9.233473685480704518e-02 3.528159418090116156e-02 -9.922323051106535230e-02 -8.260353034135153871e-02 -1.827932396038860485e-01 2.077334549422725218e-01 1.760395402671510734e-02 2.098789374777655370e-01 2.479034443134535970e-01 -3.096026023408369188e-01 1.340481544527524771e-01 2.535912645905318841e-01 2.719658505208689125e-01 1.911974580648408972e-01 -5.800117986507632994e-02 -1.337043367419308570e-01 -1.435654040881702842e-01 2.979674426615144256e-01 2.029797347545592712e-01
3.268025507384894612e-02 -2.470471044859755966e-02 7.257713744464959482e-02 1.526546937247626537e-02 -1.694346081322800346e-01 7.922704625092320818e-02 1.873739706156403451e-01 1.345524825134134239e-01 1.084127571672070245e-01 4.970715850798460567e-01 1.000000000000000000e+00 5.702368387107323855e-01 2.124613347558306775e-01 1.074105082026387825e-01 1.222325025038016183e-01 -1.054334063546691347e-01 2.175340352925158038e-01 2.334658288251132696e-01 1.857095389968300980e-01 1.269732563345151444e-01 1.457719034625587495e-01 2.868215988540656798e-03 -1.381737399547947748e-03 3.763085620221527927e-01 3.684407273447601883e-01 3.803913581150715761e-01 -4.509189353759367191e-02 1.657182942241119950e-02 1.596575193720903563e-01 3.734246575607995389e-02 -4.174294296619951439e-02 -2.577697308789294039e-01 -3.243777882307002369e-01 2.698901209142249291e-01 -4.616678315253160136e-02 3.136781032274543052e-02 7.172422801936712000e-02 -6.718291790693006749e-02 1.403296544216969463e-02 2.585700587586791666e-01 2.663428165491837363e-01 1.744015002481114907e-01 1.102355582297723513e-01 -1.029440782355626749e-01 -1.890270478724430103e-01 -2.757359418337386112e-02 -2.176458515650658496e-02 7.181927440252634104e-03 1.615390795887417796e-01 3.005583403853807067e-01 -9.075141525847077451e-02 4.527186532359301491e-02 -1.288174622190060015e-01 -7.747227724816813099e-02 3.692735816072514887e-02 1.640811310076894514e-01 9.692458226698143220e-02 1.178355899377393906e-01 3.316470152191653975e-01 3.903838684587535024e-01 4.082836012504343914e-01 3.458132549573016967e-01 2.113519584271995599e-01 1.900228575372884532e-01 1.498972913800310502e-01 1.041440431729774713e-01 3.699742327796424340e-02 3.106746478439054160e-01 2.341936296852678290e-01 1.910230054811015710e-01 9.465371200583247435e-02 2.332414408952749874e-01 3.170823042113950913e-02 1.719853659391379908e-01 4.204870596695589602e-01 4.500540070287155081e-01 1.559661878622677078e-01 8.283909662191980827e-02 -3.250241936627951828e-02 -1.836775179791272361e-01 2.468152383203135736e-01 1.696565168814250790e-01 -4.777471691944040061e-02 4.267717877050951347e-02 -4.884813120438514372e-02 -6.363454869739496034e-02 1.366945168015500645e-01 1.553227493358438384e-02 1.018377534091780973e-01 6.600333135135683094e-02 -2.213123718209669133e-01 4.589948698035112989e-02 9.453155640041753516e-02 1.243182774678847219e-01 1.984187688243452263e-01 -4.773355465726820263e-02 -4.148584380114396508e-02 -3.915290127829667427e-02 2.114973759711432366e-01 2.805654452493089313e-01
1.253546453673046734e-01 8.858676656894080848e-02 1.492090960358960494e-01 1.109135983901672201e-01 -2.370142138892057937e-01 6.857944203272126060e-02 2.260310186805883081e-01 2.843560291950124053e-01 1.926565011064394484e-01 4.295068940096734567e-01 5.702368387107323855e-01 1.000000000000000000e+00 3.628574325060657246e-01 1.361144955097768061e-01 1.150450112978471384e-01 1.611773203707118386e-03 3.294531220149807260e-01 1.958996795711035743e-01 1.871825134507219268e-01 5.888081876904936555e-03 9.386044553182994188e-02 8.044509146699291291e-02 -6.770900514453398120e-03 4.762771009437426484e-01 4.141433083257025638e-01 6.197640287406193105e-01 -3.058325914300741646e-02 1.228889017526920702e-01 2.425657822361561855e-01 1.620012793362203898e-02 -1.349417914824116715e-01 -9.724249961274288034e-02 -1.634522236919954408e-01 1.928103553102072654e-01 -9.082949894488145937e-02 -1.652539534233849611e-02 -2.238865247972787742e-02 -8.036922077507900608e-02 2.776778849652649095e-01 2.918818534943774523e-01 9.115491781682213968e-02 2.662152353547969086e-01 1.421464020442304299e-01 -1.435695853983829859e-02 -6.608985825092487942e-02 2.959311055207953373e-02 -1.006350213232824892e-01 -7.342455016896932973e-02 -5.072739019291705974e-04 1.262882883752774466e-01 -5.261386941464239742e-02 1.246722948368135103e-01 -1.097285415306277351e-01 -5.017311969472895185e-03 7.464076802304174529e-02 2.163168634131585333e-01 1.954307923238503275e-01 2.184071292507292761e-01 3.253137040852435713e-01 4.053266020860774033e-01 4.943842153428327779e-01 4.442886087002218543e-01 2.547037717928379852e-01 2.088395411071473362e-01 2.197367891644369797e-01 1.218346428846949214e-01 -2.672745168577071381e-03 3.429952756414258452e-01 1.721736720644531926e-01 1.693456558039949100e-01 8.064337198162487008e-02 2.469663227948347139e-01 4.701801833353517340e-02 1.766814488392888793e-01 4.601601792381229683e-01 3.728661969761019601e-01 2.087482819019379487e-01 2.135338763814794705e-01 -2.152848545891999088e-01 -1.199150317208531741e-01 2.395830211614993766e-01 1.940792333591124770e-03 -6.422033680575400805e-02 3.414030503911511666e-02 1.006363055290510761e-02 -1.583912603684376197e-01 1.165936921747478226e-02 9.689043408916946098e-02 7.991258250263107155e-02 -4.022587393613125811e-02 -9.447681357571210969e-02 8.351826661239065974e-02 2.349033018605672929e-01 6.928738431940074938e-02 1.606594417982845080e-01 1.078697109959838030e-01 6.059610255540857221e-02 -5.045860633736725526e-02 1.055809323421703499e-01 3.149845852911881822e-02
-4.512917136963401354e-02 2.667468117240014425e-01 1.184700713621033297e-01 1.353555509380330035e-01 -1.492775647111665160e-01 8.176499681016533017e-02 1.728046012330114456e-01 3.241736801961657144e-01 2.224252807888012495e-01 1.942586542328740284e-01 2.124613347558306775e-01 3.628574325060657246e-01 1.000000000000000000e+00 3.344558141656249761e-01 1.556654363035498978e-01 -6.414654283160062254e-02 3.641293799752636784e-01 2.986237372986950689e-01 3.030491066180008852e-01 2.405074484767604770e-01 2.003985147078212181e-01 2.227569491158500892e-01 2.051607993915096351e-01 9.877297921871087960e-02 3.790876515874956609e-02 1.801205407804412628e-01 2.200451340170457015e-01 2.753615627613224467e-02 2.325085401674911179e-01 1.448201430241143062e-02 -1.051796674228249739e-01 -3.048921837560781417e-02 -1.552750210565303490e-01 1.043340037826278460e-01 2.197899771074607878e-01 8.378901353861185897e-02 -9.300040475990201116e-03 6.952038596321570910e-03 1.847059862381449646e-01 1.008023332721331294e-01 -1.131945074459778933e-01 -2.253739009488422984e-02 1.877556365980695141e-01 -2.504685450539913608e-02 -7.132530968363023222e-03 1.621646642233645630e-01 1.216379089639870875e-01 5.147198267108176600e-02 -5.780508446250300775e-02 1.383162413497411591e-02 8.202119603913483881e-02 3.155190505308897997e-01 1.665761269429870683e-01 1.191037476161112690e-01 1.663518124559135170e-01 1.227605024519892868e-01 3.159611411962385819e-01 2.232221034677344951e-01 2.099946255746331369e-01 1.349522649355656412e-01 3.442411009147057221e-01 6.801255281115702322e-01 4.655016711076147562e-01 3.503098242704936194e-01 3.698616563421821546e-01 1.587743332981575439e-01 9.448052905622399134e-02 3.214762015916485249e-01 9.013386390727853859e-02 2.366503810846445621e-01 2.707017562172781555e-01 3.193361472024244252e-01 1.103981313246568952e-01 1.794644386792812740e-01 2.805661035839787654e-01 -1.467848114987507432e-02 1.459812372773222344e-01 1.137819474666241781e-01 -6.174610245484297988e-02 5.503303473518353361e-02 1.041110891892386286e-01 -1.116101742318732597e-02 1.771206896513429219e-01 2.673358493570530126e-01 1.003800498169885314e-01 1.506958339905693500e-01 1.454344732228232961e-01 1.706214068850112064e-01 1.252771004408087807e-01 2.247846609100906390e-02 -4.290346751222915561e-02 2.257371568645760995e-01 3.143443621527916010e-01 -1.245283243006944374e-01 -4.305994307375695523e-02 1.579690284954622659e-01 1.722660064672088542e-01 8.693793234294253103e-02 4.839283763045908182e-02 -8.270119367128205001e-02
-1.300603424494844451e-01 2.267297622253754488e-02 -4.154837202669333512e-02 3.922255617104535019e-02 -1.817026715296175265e-01 -1.076627463616558998e-02 1.039484042900253452e-01 1.463860904947571762e-01 9.967372208517275012e-02 -3.887267778544310076e-02 1.074105082026387825e-01 1.361144955097768061e-01 3.344558141656249761e-01 1.000000000000000000e+00 7.248891276649775950e-01 -1.669129638242475844e-01 2.605427361060305702e-01 2.559385598739765122e-01 5.238151774858779142e-01 2.196564201499980329e-01 4.652994282731155451e-01 2.581024254793224393e-01 6.318271169625593320e-01 8.456538164485528919e-02 -6.514982909506013276e-02 9.127327285171621396e-02 1.670230159707109807e-01 1.553188913033588803e-01 3.283688342798528614e-01 3.361466905617246925e-01 -7.212396036786067333e-02 -1.683597113875188178e-01 -5.789934433790731860e-02 2.109432663611082170e-01 2.570675511443871186e-01 -6.444851376018492783e-02 -7.369675722668642126e-02 -4.804202904755158765e-02 9.148526974241294463e-02 1.362107119716506054e-01 -2.945478353742255178e-03 -5.705063554478066734e-02 7.462191919658284212e-02 -1.588157964462344127e-02 1.451279415296472808e-01 3.049033578609496309e-01 3.016136813704662911e-01 2.680779452871352442e-01 -3.636709233371306083e-02 5.898733702222923314e-02 -1.517618894798763995e-01 -2.407929054399762098e-02 -1.838448204722293797e-02 -2.388023204209925934e-02 -5.057093333974040095e-02 -2.560099397175205974e-02 9.243720094365999451e-02 6.732216551722855491e-02 7.963919980792846798e-02 2.871093981079795784e-02 1.997583780705184872e-02 1.419558328253403279e-01 3.851606731467024369e-01 5.626058887764120442e-01 4.743941852839589357e-01 6.739658928112703951e-01 1.623345129396087244e-02 2.269306390002238660e-01 3.536155691775912102e-02 1.180413715920163031e-01 4.357246019017617100e-01 2.049011628979663935e-01 5.322193018695333677e-01 8.096843517123214484e-02 7.349812736444806538e-02 -4.425362678557633045e-02 9.402829684656846543e-02 4.541248187744252318e-01 -5.268957950667790130e-02 -1.013206221872598178e-01 6.630890871545912224e-02 1.196332656459242819e-02 1.885721582284034803e-01 3.634344147430315086e-01 3.077926990191071632e-01 3.637902053760935783e-01 2.116570009403291597e-02 2.550911412115150489e-01 3.816966135541090266e-02 -6.011483742654510562e-03 -3.229111128371464634e-02 1.504858409092007243e-01 1.641930661701403449e-01 -1.493464362123727573e-01 -4.877440712216934288e-02 1.475852339360201881e-01 3.870260243236153808e-01 3.554336175632239470e-01 -4.068637769159375028e-03 2.221373700390742376e-02
-1.683801458722877231e-01 -7.212868872700670120e-02 -1.329080676214537127e-01 5.773177708767364413e-02 -2.124045157210536494e-01 -1.545362390211369730e-01 5.842466278513642336e-02 3.727011486861687983e-02 -1.532201602438549269e-02 -1.196788983996368710e-01 1.222325025038016183e-01 1.150450112978471384e-01 1.556654363035498978e-01 7.248891276649775950e-01 1.000000000000000000e+00 -2.283149785483976346e-01 1.035530240726017792e-01 2.052294850603809395e-01 3.478139233324149537e-01 2.316981482640359247e-01 5.654425430791659712e-01 2.271480375513679761e-01 6.181118239390660518e-01 4.597685009629650515e-02 -6.016763710102229767e-02 9.176695243895292842e-02 6.337412249300412859e-02 1.937415807189002137e-01 3.092140002651481145e-01 4.632499204364195489e-01 -5.315206539204336833e-02 -2.521475068075780812e-01 -4.921763075055470699e-02 1.574950381538163802e-01 2.034311998181768666e-01 -1.573194022739632103e-01 -1.062884490011226646e-01 -1.163318569385650009e-01 2.734185067583820919e-02 1.277123921831644637e-01 -3.864383660295940548e-02 -9.260703817939903992e-02 1.045972688753666648e-02 -2.728552185522113357e-02 7.803752087910183211e-02 2.047106523101770992e-01 2.812319556636962981e-01 1.992225384265629562e-01 -1.208980487846506718e-01 2.861340875712625742e-02 -2.197341711722028967e-01 -1.464220788274025464e-01 -1.258329592346377479e-01 9.840241111416612053e-04 -1.616639544939656448e-01 -1.549252988046547763e-01 -1.486376340910441907e-02 -4.223998954618807949e-02 1.820780777143531093e-02 1.089677142530977860e-01 3.103536991354964927e-02 8.981207952122750166e-03 3.291250095884240001e-01 5.004026028191788100e-01 5.016404593216727825e-01 8.239026412379703013e-01 -6.176222124852272233e-02 1.819710440443396693e-01 4.268098891238505943e-02 8.796121860740874210e-02 5.274219099098232943e-01 1.661726814019168774e-01 6.281441929035904703e-01 -2.342790041455761543e-02 7.298550769294762097e-02 4.071451165471702549e-02 8.777091548366808271e-02 4.763117212895683350e-01 -4.654313755944262943e-02 -1.827996085230598478e-01 8.190977472311630758e-02 -3.317302717187631256e-02 5.512952320797684207e-03 2.232008339848200740e-01 2.177891029945579204e-01 3.720157180049880608e-01 -5.702458093251493859e-02 2.188329139999118933e-01 -1.859045659771961859e-02 -6.375123216902948975e-02 -2.174238313225231381e-02 3.393066694595128080e-02 -1.146308861120306014e-02 -1.188494345981675193e-01 -3.876379369216803594e-02 4.283755267618058471e-02 2.823815638968303343e-01 3.742038576199270272e-01 -9.157350880598785769e-02 2.788803294876783523e-02
