1.000000000000000000e+00 1.622471001775773747e-01 2.132328444428432668e-01 1.555267053462573157e-01 1.768723005708345009e-01 1.292244250464537891e-01 1.447974610259671058e-01 1.305588870396895418e-01 9.771367148625902110e-02 1.556291535523953440e-01 1.009491257468579303e-02 7.041871680524411370e-02 1.486128373958674753e-01 2.160947625070129205e-02 5.140495352471165930e-02 1.935495229786565463e-01 3.022502969736943351e-02 6.343950311048232593e-02 9.640534964637816062e-02 4.008017777720544045e-02 2.910233639399905162e-02 -1.462022004329928751e-02 2.609362879631230148e-02 1.623068772028296858e-01 2.798134435618427340e-01 3.124953625692102749e-02 1.908263063900353385e-01 1.176063082178057245e-01 4.406068955356020472e-02 -1.456588909410681722e-03 1.529248280096721924e-01 3.742707685935131590e-01 8.275687446966395466e-02 3.093643536124939322e-02 2.699119945346506455e-01 1.353439127368031569e-01 6.035711136798555670e-02 2.039274182685682224e-01 3.478473795346899433e-02 8.975154003175264683e-02 1.233936639564903875e-01 2.822493830788048719e-01 1.907253317335573517e-01 1.034751545887512697e-01 1.057950670908210378e-01 5.260105747993693015e-02 2.991065528541540786e-02 4.877424607925720176e-03 8.297562873668254402e-02 5.344370572303192013e-02 1.550818959060580871e-01 2.396669023921668140e-01 -1.945630049154361196e-03 1.204317722425459897e-01 1.440377815471013401e-01 1.840478894719891900e-01 1.152820706391557981e-01 9.979038602768024180e-02 8.784832651887149180e-02 4.701394370112009502e-02 5.890049413967980187e-03 -3.470721632526679434e-03 2.008141066681024337e-02 3.351125018917325109e-03 7.761873680929557394e-03 1.874246666101007583e-02 3.134840013301012484e-03 3.832567197259881958e-02 -5.548517948025750990e-02 -8.795301529988552858e-02 6.387665340248346868e-02 3.859326504582368672e-02 -1.185097730904964425e-01 -9.223261978068456046e-02 -5.334130066399178638e-02 8.708702877088304872e-02 4.206083875583958853e-02 9.909035072708674563e-02 1.308270376527906620e-01 2.167699332701243931e-01 -2.813668326025016778e-02 -1.695939508636241239e-02 1.184907553795225693e-01 -9.422549991069309461e-02 7.231085439012345517e-02 -6.312452639312524094e-02 7.693477355130848294e-02 1.565589573276023883e-01 3.245827166076935277e-02 -7.440809771445192067e-02 1.193153298204969320e-01 1.467205209074908534e-01 -5.267351949006926493e-02 7.825193168064445426e-02 -5.508753111002911984e-02 1.201007051576232776e-01 1.627667930709995187e-02 8.540940117056960990e-02 9.062097942751967672e-02 -6.458134806432634352e-04
1.622471001775773747e-01 1.000000000000000000e+00 4.190429856355797900e-01 6.408002990673258292e-01 5.774678682394098761e-01 1.768750204945002402e-01 1.763710855649978232e-02 2.973128411898320334e-01 8.115074535188433746e-02 1.026339998347747164e-03 -1.476267228235538520e-01 -1.762222523849555633e-01 -1.767706223594065623e-02 -8.543899182746726717e-02 3.311304987332443217e-02 3.078096825620648680e-01 -1.624996140720261495e-01 1.982947775311033611e-01 -3.408028361289757585e-02 2.700935484807825970e-01 4.987983005028027994e-02 -1.256800521167378837e-01 1.204703365000537110e-02 -9.120813030587725245e-02 -1.076273501922589415e-01 -1.746618475948020777e-01 1.210048872351112137e-01 2.079888770237493245e-01 1.178134490736046647e-01 -1.060961278679709713e-01 7.434540591631919049e-02 -1.976782148944399627e-03 1.031726438814059149e-01 2.243741173154719173e-02 7.614038583396449955e-02 1.745990977639678698e-01 2.883115405085257543e-01 -6.529672807941189205e-02 -5.613997694840557398e-03 -9.355634392041294045e-02 2.743297188832012276e-02 1.336426793498593502e-02 6.270986482726401134e-02 2.654390820964928552e-02 1.610462299858586854e-01 -5.286267462769939779e-02 1.432085222749970854e-02 1.011303282435933870e-01 2.099641571823205877e-01 1.307049302513413613e-01 1.866290250173260334e-01 6.243697606246615406e-01 2.030153939355779646e-01 5.642060743186109173e-01 4.537876342514949313e-01 1.948002565960358923e-01 3.784309953694812712e-01 5.988161893752874665e-02 -7.888949505803944870e-03 -8.654425076858048016e-02 -4.645970201263260185e-02 -8.159879047285972797e-02 -6.694365360548817229e-03 9.374460448291553616e-02 6.495331941930290731e-02 2.225805147234472415e-03 7.639356477556596969e-02 4.204309007182541191e-02 5.208344323110132568e-02 1.499739048076147718e-01 1.604792757833378991e-01 -7.085243885140356246e-02 -8.140750588181404346e-02 -7.269286014662104667e-02 -3.525991806244675730e-02 -1.168572806397314978e-01 2.019821705350068608e-01 4.095521900598199372e-02 -1.424979783976635939e-01 5.026728966315722330e-02 1.427673927281100826e-02 8.693592686729910424e-02 2.109019333192425905e-01 -6.010526258767864838e-02 1.198577295637057866e-01 -3.727535386506732745e-02 2.825706303617116499e-01 2.009967151275946773e-01 2.395204509310978336e-01 6.859034500510262367e-02 1.652427501604185334e-01 -6.115777414910237436e-02 9.843796945241921337e-03 4.984014983149202133e-02 -8.156254590864028819e-02 1.078267930191540019e-01 -4.544137019358338025e-03 1.253497356512021377e-01 1.365046260190060645e-01 4.480907293655596313e-02
2.132328444428432668e-01 4.190429856355797900e-01 1.000000000000000000e+00 3.214245221183986145e-01 1.734615328637436893e-01 4.957366639834809852e-01 3.020990395327373124e-01 3.585426041038573541e-01 2.206827428465947816e-01 -1.612839455625560484e-02 6.633491100901504900e-02 1.017036679171879898e-01 3.345196042592172431e-02 5.534713881917328144e-04 -1.719119874824413113e-02 -8.685577069430938310e-03 -1.989418834750217649e-02 2.539137920109715840e-01 3.317519967167404521e-02 7.512707059942854045e-03 8.631336722070530321e-02 -7.242101771957246137e-02 1.053463192794526909e-01 2.548607437139129850e-01 8.104335518574781738e-02 -8.276856872377066909e-02 1.828739114034630964e-01 -7.596640091117035087e-02 3.903807936438153520e-02 9.261955473830470187e-02 3.220553920788365304e-02 1.160599965231646213e-01 -6.253252599017913860e-02 1.721270017863010815e-02 2.354681951179000143e-01 8.614416983902949132e-02 -9.604679501288231058e-02 1.736998745734038008e-01 -5.288719588450187942e-02 -4.709945694209009825e-02 1.409270974448754432e-01 -4.796794213223972716e-04 1.058511086332170198e-01 3.370000853580207983e-02 8.074241590007354141e-02 -3.944608773630096238e-02 1.480912092973819538e-01 1.554799526577528845e-01 3.963326193764114547e-01 3.712799292855800681e-02 8.298197666972576339e-03 4.082519490226150793e-01 -1.519457216158860979e-01 1.931176217225009095e-01 5.312160808989072613e-01 3.259162746992342319e-01 1.986144759314561192e-01 2.029022275125540731e-01 -1.116772261952559270e-01 -5.493785089222803092e-02 1.425514074388744938e-02 -1.866466956596803811e-02 1.118795522190949854e-01 1.056949971383810971e-01 -8.768120895733137743e-02 -1.168680666344041053e-01 -1.549736788071898186e-01 2.620998621127663616e-02 -2.180113600569193177e-01 -7.231952633808816366e-02 -1.508166497104754811e-01 -3.654696180770069386e-02 -2.965095699301845134e-01 -1.435862577242169313e-01 1.485304368720058443e-01 -1.228774510902451433e-01 -1.433903043751958914e-02 -8.478688143475079930e-02 1.597430238952471729e-02 3.151007191331349467e-04 8.655498399763020267e-02 -1.964690027801382355e-01 -2.540261765496594840e-02 -1.493447195932599558e-01 -1.413137359136321103e-01 -1.603496726158602503e-01 3.328501508959612332e-02 1.454383327244225185e-02 4.125160880819857268e-02 -8.552146746213827588e-02 -1.304968355583429884e-01 -7.448050200138658927e-02 -2.126561019991437818e-01 -8.071984901532057444e-02 -1.140560181359393521e-01 5.096437062373024990e-02 -9.231070710047940830e-02 -9.597023090162162817e-02 1.768175908821410791e-01 8.502343880542588550e-02
1.555267053462573157e-01 6.408002990673258292e-01 3.214245221183986145e-01 1.000000000000000000e+00 5.324247763753555684e-01 2.464319292704716668e-01 1.458424535402692845e-01 4.089617514631403994e-01 1.215586880559324928e-01 -3.013209471753195215e-02 -2.051916769161585552e-01 -2.053429439377420229e-01 -5.682000119070443334e-02 -1.842284840746017671e-01 -1.280625997887337164e-01 3.547124197001344514e-01 -7.584687694567876504e-02 2.762163375705802837e-01 -6.463896129187120254e-02 1.859446671193374090e-01 4.834188391230930665e-02 -3.814806073628114469e-02 1.350359539468332093e-01 -8.514700060993232733e-02 -5.245435814651630557e-02 -3.655942140734684820e-01 1.242245069146169362e-01 6.832934795573365749e-02 -2.481791846886477818e-02 5.352799787521696218e-02 -8.732381827944399669e-03 9.878665344957586469e-02 1.616822479550515113e-01 1.185101982276238475e-01 4.814494355803194264e-02 2.481626506060441162e-01 1.141829574545103754e-01 1.093715065199005188e-01 2.940174328726546243e-02 -6.428644134294676793e-02 9.118579310673156912e-02 -5.929526561059866169e-02 -2.522408742515575009e-02 -1.020179249037786590e-01 1.575319498027704379e-01 -8.148993223240687256e-02 1.251671783712884900e-01 2.182956813941833996e-01 2.247459352179803915e-01 2.313635036468771888e-01 2.783148626172252116e-01 5.292786616272121547e-01 3.022645014635511607e-01 6.891755028144341821e-01 3.656021084580338143e-01 2.178951310962672083e-01 4.361644870808772390e-01 1.248249263522122343e-01 -1.163825716048748488e-01 -2.205358458395116350e-01 -2.651547565778246685e-01 -1.636049437566601816e-01 -1.415020321471937292e-01 -7.867995976449022877e-02 -1.447396306516590958e-01 -1.983665060093978694e-01 1.426234420004555137e-01 -6.363929164905215985e-02 3.827121063367040082e-02 2.367499913970755043e-01 1.013357533201001554e-02 -1.898942124113196239e-01 -1.592387140714357219e-01 -3.949544164364955710e-04 -2.204222166591235099e-01 -2.972838162129944339e-01 -1.455309026039438083e-02 1.373031864427476378e-01 -1.689087306852984083e-01 -5.152537732731292397e-02 -6.602448536227979899e-03 -1.629969082032667327e-02 7.103052177311232340e-02 -2.240518845473234988e-01 -5.328560534518991115e-03 -7.750130953327967476e-02 7.504137685958502113e-02 4.321432772968731434e-02 2.963541690148167596e-01 -4.804080902189243087e-03 8.465015792714550291e-02 -1.836916181884972604e-02 -6.118567047931237207e-02 -1.463362853837526512e-01 -2.583365293948239882e-01 -5.382350318756778940e-02 -4.485692660823130395e-02 1.824457214481548517e-01 2.326496801872937059e-01 1.734686024487340217e-01
1.768723005708345009e-01 5.774678682394098761e-01 1.734615328637436893e-01 5.324247763753555684e-01 1.000000000000000000e+00 2.624353856857900569e-01 -1.578981047400244697e-01 2.419861218524109459e-01 2.294904400724537830e-01 -1.581782380597493431e-02 -2.473819253117877370e-01 -2.781386962823204634e-01 1.006017101085424914e-01 2.532593823207849801e-02 1.053286739452431592e-01 3.595082287511829344e-01 -1.484434706118695213e-01 1.171142457807789888e-01 -4.490188674519997314e-02 4.831138179725191217e-01 2.086226305931135616e-01 -1.907602827581519056e-01 1.637235816114513132e-01 -1.355829186229583483e-01 -7.400015709422409771e-02 -1.957141196435118469e-01 1.221118942780738403e-01 3.196261677203887652e-01 1.900268656255460209e-01 -8.241659473186219165e-02 6.415973466298692529e-02 2.908032423232358513e-02 1.481347179432699057e-01 1.760264977738575792e-02 2.363009434319942106e-02 1.817298226890289303e-01 3.321676361245031184e-01 -1.790676111047720953e-01 -1.826272117249225571e-02 -2.140318675777684310e-01 -1.336528670458171641e-01 4.298666171142542097e-02 -5.164585436769551785e-02 -7.344606544394433056e-02 1.370518606757633318e-01 -1.194608326979277879e-01 -1.361643617246918458e-01 3.683015899656025965e-02 6.108736392338118965e-02 1.109925952041574959e-01 2.000799755706401395e-01 3.315854091075030596e-01 1.465405619947144633e-01 4.150847908434976974e-01 4.024105678552488685e-01 2.089447366457832800e-01 2.417000658285070602e-01 1.741221694316025248e-01 1.474245976490265800e-02 -1.219082733794928097e-01 -1.028299881680155847e-01 -4.549526461430463548e-02 1.034837287388758881e-01 1.150777060520222078e-01 1.169780296568557615e-01 2.727509381970098790e-02 1.502024174675313795e-01 1.827072815409509499e-01 1.093106970196128097e-01 1.068534045671689636e-01 2.762751437530122089e-01 -3.142666448327199186e-02 3.715220349447200671e-02 -7.486802608495814193e-02 -9.247719090701526923e-02 -5.825976264086304285e-02 2.230846943004274330e-01 2.412956352424303064e-01 -1.850209565548078250e-01 2.435609663660608451e-02 1.355286237710704167e-01 2.411820118368942362e-02 2.270965351184840997e-01 -1.157057744606067723e-01 1.961170133740435251e-01 -9.191142997298970552e-02 2.064369490807049790e-01 2.625234693165699462e-01 2.300518435554118613e-01 5.967017761135390980e-02 2.126875175934633544e-01 -5.626051488820175278e-02 5.995809385998787655e-02 6.089665611050130989e-02 -8.602314769615623802e-02 3.317570865434085747e-02 -1.585366080726330340e-02 2.048604908728190177e-01 5.602756950417750459e-02 -1.869437225934697869e-02
1.292244250464537891e-01 1.768750204945002402e-01 4.957366639834809852e-01 2.464319292704716668e-01 2.624353856857900569e-01 1.000000000000000000e+00 4.393298965332795986e-02 4.080361000144984152e-01 6.255103690488833523e-01 6.319222742248913061e-02 3.327610504984473971e-02 3.094757220339165033e-02 1.460447777364390631e-01 1.589075898712244694e-01 9.598984579960120889e-02 -1.199754429611318979e-01 -9.121453335815991881e-02 2.915155798902765438e-01 4.169667710863392968e-02 1.950403350920903445e-01 1.311217906167039260e-01 -1.633997278936022146e-01 1.339369453971002988e-01 8.775410360271454491e-02 1.373794273018915379e-01 -6.793182338905136286e-02 1.499483426745949199e-01 2.531085106683673286e-02 1.282872337303223864e-01 4.778258920549154076e-02 3.347190300564195642e-02 2.132613007729864396e-01 -4.671137111377483830e-02 -9.523847429942149112e-02 1.597482227018506840e-01 3.732791769599994730e-02 -1.570855802604591012e-01 1.059688181284109132e-01 2.658348399876090881e-02 -2.694551931125033564e-02 -5.505887934774381098e-02 3.254418989112058559e-03 1.449757717902446646e-02 -1.400375403054149835e-02 8.472868713356647430e-02 -7.570960515072580610e-02 -2.210399812130663805e-02 6.055683637039504380e-02 4.930391102764030142e-01 -2.768236147263282432e-02 8.080649076508027162e-02 2.252473591641816208e-01 -1.137381728081633542e-01 2.144389991728635481e-01 6.944903911368102145e-01 6.249691782219489733e-01 2.479746307553078732e-01 5.091047333855627244e-01 2.409711493808412014e-02 -1.110271786979163122e-01 -8.758940337435647261e-02 1.358374853825650239e-03 1.230087816421616409e-01 1.581213417228364004e-01 3.856619697500362348e-02 -2.876944404199296285e-02 -1.446434141893157381e-02 9.316783313186853543e-03 -1.103511166248067749e-01 6.106183926927248769e-03 -3.964203196824760134e-02 -1.227301845898418620e-01 -2.158357496243659412e-01 6.008981837670390042e-02 -6.246698650139396319e-02 -1.132695534308851976e-01 1.003798060254402179e-02 4.664471675063833894e-02 2.034262843383235347e-02 -1.772646651729194167e-02 -4.486698626758094111e-02 -2.689265446503200652e-01 -1.742562768572948270e-02 -1.982195826024117369e-01 -1.135597059298251582e-01 -1.645078061339100284e-01 -1.168036857150594882e-01 1.598652572940236979e-02 4.460115638383589654e-02 -1.614696353017960051e-01 -6.009448918484670138e-02 2.439394695564621116e-02 -8.921910031814771214e-03 -6.304790231739298978e-02 -2.035033887973293210e-01 2.036484242837800079e-02 -8.192911435221034155e-02 -1.241612505156844265e-01 4.091734442392376270e-01 3.628773087621076782e-02
1.447974610259671058e-01 1.763710855649978232e-02 3.020990395327373124e-01 1.458424535402692845e-01 -1.578981047400244697e-01 4.393298965332795986e-02 1.000000000000000000e+00 3.199617278111011598e-01 -1.027536248490312255e-02 -9.047672145685790868e-02 -2.677591493637687149e-03 5.366188733594428467e-02 -2.033906269333748407e-01 -2.236296808281195980e-01 -3.625177489165959388e-01 1.360635134854341066e-01 3.022563007650956313e-01 3.855689272587443650e-01 1.869805712867504688e-01 -2.462209708051869006e-01 7.378668318306383367e-02 1.090022653456969720e-01 2.091398556870660563e-01 3.055198448171814740e-01 4.738151229292137528e-02 -9.670910797951652593e-02 1.554566687371523523e-02 -3.450506557031261523e-01 -1.883798042492896285e-01 9.241539051059614873e-02 -1.207851051860428238e-01 8.032006631789460893e-02 -1.226520165692359179e-02 3.104025549879448898e-01 1.146881624261030103e-01 1.297817411840344604e-01 -2.635410924381225151e-01 3.408345805507884130e-01 7.059958043754070711e-02 2.752698118995500209e-01 3.683274185325345340e-01 -2.030451943015808280e-01 -7.638969601939075635e-03 -4.500309298384427836e-02 1.807100344379073548e-02 1.826188545426644383e-01 2.786766341529545166e-01 1.416243200325384699e-01 2.518733090542362163e-01 1.857821836152029893e-01 3.790399256394360455e-02 1.681599302871679136e-01 1.656319647524430727e-01 3.853936058584696289e-02 -3.091425579029929982e-02 3.971409590691016289e-02 1.191042824464808719e-01 5.892967371817582622e-02 -3.082515592521535841e-01 -2.754496106726944116e-01 -2.650557185443249142e-01 -2.126351315949674137e-01 -2.141234932773631860e-01 -2.867154937144887339e-01 -2.903101199488767326e-01 -4.265736079230009747e-01 7.970514482638559051e-02 -3.995077742218878375e-02 -1.694287415198276470e-01 -3.511507749359719932e-02 -3.658393003122168974e-01 -5.128325730433801188e-02 -1.063102853211227855e-01 -2.303519919390698834e-01 -4.427190049943876410e-02 -3.429235932980408408e-01 -3.417394900779501810e-01 -1.010100374353322672e-01 5.459624274485742890e-03 -6.175196236612034290e-02 -1.203796697261995119e-01 -1.383296679163018017e-01 -2.388284055099440251e-01 -1.337868181739658435e-01 -2.281117381406159716e-01 -1.722385881741241298e-01 -1.206036103273098875e-01 -1.528471751619041308e-01 -3.526443188407760165e-02 -1.410077390114009011e-01 -2.155192035445065990e-01 -1.223819931538591699e-02 -2.558444581916762273e-01 -1.998837244633961674e-01 -1.870646104907476293e-01 -1.424623924405800657e-01 1.047653035244690417e-01 -5.517680124486844945e-02 4.016818331183315965e-02 2.461205213024054150e-01
1.305588870396895418e-01 2.973128411898320334e-01 3.585426041038573541e-01 4.089617514631403994e-01 2.419861218524109459e-01 4.080361000144984152e-01 3.199617278111011598e-01 1.000000000000000000e+00 5.272303418081734083e-01 -2.049914545818993725e-02 -1.533924305456316750e-01 -4.724463802297228232e-02 -5.593256973288012260e-03 -3.511787413390560220e-02 -6.430128021706441044e-02 1.097543035129703859e-01 1.015032421256606837e-01 6.840191412062159859e-01 1.107991874879479810e-01 2.595475843694511897e-01 3.180943083724006581e-01 -2.122363027659665002e-01 2.013169447036405602e-01 1.625836744122244881e-01 4.755173195112905038e-02 -2.097486485185132976e-01 -4.184124549833934809e-02 -1.041527959229753553e-01 9.403357541490184324e-02 5.470261863091815252e-02 -7.220004040793656652e-02 5.928826677675188422e-02 1.108094148663599787e-01 8.921248780359394837e-02 -9.497106196535391731e-02 4.405010731730164830e-02 -1.017830311550370209e-01 1.466279680853225034e-02 -6.572159598828940241e-02 -9.247224532337287861e-02 -1.037118239200584061e-02 -1.299434588461857720e-01 -1.205075713833637374e-01 -1.163048410843485619e-01 -7.709725234943944072e-02 -1.863920401054529885e-01 2.324724628147663980e-02 3.680538780794617021e-02 3.009998209824910620e-01 4.335197671724408397e-02 8.586369019331922814e-02 4.066121906317636814e-01 8.437043934619416208e-02 3.150100708823935780e-01 4.019711806352679884e-01 4.573567147672822353e-01 5.866691572755211581e-01 6.249514759548147058e-01 -1.994723464184028072e-01 -1.173235060994624740e-01 -1.223086081281143378e-01 -5.634563806964746485e-02 -8.496614249867845414e-02 -1.098187952041156240e-01 -3.960913303070529023e-02 -1.809303679765895123e-01 5.184886933052176849e-02 2.869812051061783678e-02 -1.103705887100501076e-01 3.391949983591141526e-01 -6.310693795811177231e-02 -1.418413206198324839e-01 2.687633732605918327e-02 -1.713301005769655994e-01 -1.298291926624381420e-02 -1.760278748132565185e-01 -4.339856457506933822e-03 -1.564854867106122566e-02 -9.404847619854452001e-02 -1.560918647282795169e-01 -7.189059804378611709e-03 -2.649152024575560094e-01 -1.677339039604926474e-01 -1.583954045466182958e-01 -1.594288977955708453e-01 -1.946070304624795688e-01 -4.983131768356598851e-02 -1.418046664225958153e-01 1.620072315492221970e-01 -2.985484909584926183e-01 -2.146721070298188982e-01 -1.385262659163334908e-01 -2.434796765307727373e-01 -1.899860018305468412e-01 -2.122042920796315402e-01 -1.391595773106785450e-01 -2.145243619371905441e-01 -6.309109373736078441e-02 2.935216070645877418e-01 1.047606933137728152e-01
9.771367148625902110e-02 8.115074535188433746e-02 2.206827428465947816e-01 1.215586880559324928e-01 2.294904400724537830e-01 6.255103690488833523e-01 -1.027536248490312255e-02 5.272303418081734083e-01 1.000000000000000000e+00 6.539038902875893289e-02 -5.512723494585491935e-02 3.216674342429611672e-02 6.700476112866644851e-02 1.511502910899611973e-01 1.938133511787911989e-01 -1.524199684551037120e-03 -1.588010256769568640e-01 3.815210327383813382e-01 -6.739176474767603203e-03 4.231021403070583387e-01 2.283575284773464165e-01 -2.627938972362431902e-01 4.542605733948698599e-02 9.143394432149412610e-02 9.039775064377390812e-02 -1.601006560384801714e-02 5.163016658851046770e-02 4.752366954234325119e-02 2.463718037811328254e-01 -8.056415086738594189e-02 7.397510439340493349e-02 1.399840940450542137e-01 5.163016165994596673e-02 -1.213020304640073516e-01 5.634280561107649250e-03 7.877708877033069712e-02 -4.263761445651724491e-02 -2.104713186058954771e-02 5.774996578906184397e-03 -1.119576661690920710e-02 -1.022070365543112785e-01 2.614935093852741380e-02 -1.022235212025112416e-01 2.408312301991891169e-02 5.036552217928159589e-03 -2.079877339079920506e-01 -2.121466888837288955e-01 2.490911463209581622e-02 3.601239966588049013e-01 -5.410690474615326151e-02 1.327543751454069165e-01 1.536467364744794062e-01 2.418746695652070414e-02 1.653352120272847947e-01 5.191576041966431410e-01 6.331983727828900399e-01 3.548291703616930914e-01 7.800457324208771581e-01 8.214038933517774088e-02 -4.300325799830469892e-02 -1.817572605322927354e-03 -9.465397830657890088e-02 2.964175754306514962e-02 1.867554538726437507e-01 1.634064840132446461e-01 1.116430115486102409e-01 1.004610902949219231e-01 -3.614767190176181033e-02 -1.000893084424809842e-01 1.041471755143164729e-01 1.204730099728806708e-01 -8.338617666429573583e-02 -2.717522818214528763e-02 9.184209361019005091e-02 -6.396720005421303867e-02 -2.469730082743031019e-02 1.734302007063967532e-01 -1.630365909006065844e-02 7.936261337793257264e-02 -1.537571030678740961e-03 -8.921121275727696143e-02 -1.924683500861237295e-01 -1.828221708797205663e-02 -9.244292723938110634e-02 -4.628225435300630658e-02 -9.982400336823950282e-02 -4.453211799711360996e-02 4.288863711863807188e-02 7.434748657594794641e-02 -2.111480486099936438e-01 2.236537304317673391e-02 2.403533019672132037e-02 6.087541265695666642e-02 6.244035946361015804e-03 -1.180471062616790107e-01 3.578075662954854214e-02 -1.471797230182470828e-01 -1.092071191595344187e-01 4.071944336337703363e-01 -7.416539300916148714e-02
1.556291535523953440e-01 1.026339998347747164e-03 -1.612839455625560484e-02 -3.013209471753195215e-02 -1.581782380597493431e-02 6.319222742248913061e-02 -9.047672145685790868e-02 -2.049914545818993725e-02 6.539038902875893289e-02 1.000000000000000000e+00 1.757627340417481088e-01 -2.415666213118404862e-02 4.179333564612800478e-01 3.825531771291900696e-01 4.089433636698165397e-01 -1.410289083502013208e-01 3.134118519377777079e-01 -1.349123504705279364e-01 1.844256112590583058e-02 4.557020220044861319e-02 1.386738389462778276e-01 1.127319228277972596e-01 3.320097941140820463e-01 3.375368276129721568e-01 6.237859102637650643e-01 -1.236392338528519291e-01 2.572401886827225571e-03 1.019162369816382502e-01 3.132905927065151586e-01 3.859966136391402292e-01 1.916843123801105844e-02 3.345340777546526589e-01 4.854509111075450134e-01 -1.327350150604146295e-01 -7.485807361795222825e-02 -1.903856992536747950e-01 2.418698181859681717e-01 3.181385950965271991e-01 5.916769263052517047e-01 3.618328502320560802e-01 -2.358071311192898867e-01 1.729968968389162254e-01 1.257950627040844982e-01 -1.861423365360913573e-01 4.846273112019387069e-02 -2.761491588028981981e-01 1.628312396071886214e-01 2.370606805465873962e-02 1.612433770650851805e-01 2.620480415149418207e-01 3.112617624189469856e-01 -2.623462035169299780e-02 -3.257359186683620421e-03 2.912261071602803911e-02 -2.517162920888655134e-02 1.491204411641675609e-01 -1.044045017704207934e-01 8.010589572353002397e-02 5.725505452901509251e-01 2.612648276140424608e-01 2.162746553725400922e-01 2.876404269587204410e-01 1.500332450312467092e-01 1.997095046665070817e-01 2.001523928162597388e-01 2.294813527281315546e-01 -5.039066042259707917e-02 8.644680254895715718e-03 -9.099716912877311992e-02 3.309120875489528213e-02 -2.613493860420383272e-02 -9.004702411283981023e-02 2.288302522869216718e-02 3.786337878221253117e-01 1.612571384871865632e-01 5.578888717549908283e-02 2.806751600451712347e-01 3.869981965370123955e-01 -3.326056215774711999e-01 -1.366236919310476194e-01 1.434989687127229407e-01 -2.761818910525115633e-01 -2.014334165161020540e-02 -1.985200704517444958e-01 -1.245915083666688239e-01 4.458392700551572219e-02 1.838887228121070805e-01 -1.113948030773022901e-01 1.250936291104969844e-01 7.143866323891409804e-03 2.321011377920884078e-01 2.999075165337266036e-01 3.897091034398304510e-01 -3.477956695209384330e-01 -6.094372644764840807e-02 -1.109837379443897286e-02 -1.634542086171893172e-01 -2.546302658375079742e-01 2.398487937892577471e-01 3.006171751582079055e-01
1.009491257468579303e-02 -1.476267228235538520e-01 6.633491100901504900e-02 -2.051916769161585552e-01 -2.473819253117877370e-01 3.327610504984473971e-02 -2.677591493637687149e-03 -1.533924305456316750e-01 -5.512723494585491935e-02 1.757627340417481088e-01 1.000000000000000000e+00 1.322350075932781921e-01 2.396798297865830596e-01 1.766436632858834344e-01 2.235620864448851774e-01 -7.287901295738351271e-02 -1.025774569636938791e-02 -2.674829373254207221e-01 -1.849753882885356304e-02 -1.845071437984577845e-01 -1.026116507601129851e-01 1.642895110886840315e-01 -9.963780119747402131e-02 1.193880277926033240e-01 2.030837548362125766e-01 2.675081951371810485e-01 -2.150026490757558917e-02 -9.844620172878244813e-02 7.524461858180521434e-02 -1.364457606507846477e-01 1.175114468853213773e-01 4.571418491377428339e-02 -1.977390582314637324e-01 -1.751932842218494046e-01 -1.290033492988741648e-01 -2.905429613004882339e-01 -5.097918542586162005e-02 -2.008388256380044638e-03 -1.302515493547111783e-02 9.803364141481842042e-02 -1.384942286974919778e-01 1.156675846138081332e-01 1.435553637657919490e-01 1.287200462354386177e-01 1.158624488651892326e-01 1.070031843198774590e-01 -3.840950649741162876e-02 -1.104944045151583648e-01 7.320161555263403341e-02 -1.921307311852744060e-01 6.798887019263603892e-02 9.699942368694160211e-02 -1.243204055280156400e-01 -7.248986979025529021e-02 -3.727694354838635704e-02 6.253050135745820415e-02 -1.299686852407800908e-01 -5.649638628292409648e-02 2.590192557936151774e-01 3.606771871260799345e-01 2.454700881687511271e-01 2.138004399115122911e-01 2.297337149289143676e-01 1.498708225275806882e-01 8.390570703119144824e-02 3.129602422033314069e-01 -1.562609620157804080e-01 -1.221946200253103271e-01 -1.447085810578219167e-01 -2.962608971730387175e-01 -1.964806933132330277e-02 5.381482679137185310e-02 -6.036077529669982289e-02 -7.940957126404813923e-03 1.332820284084051676e-01 3.162668412597477996e-01 1.844932203446729146e-01 7.878716842628767994e-03 -7.458997573857065362e-03 1.943350779577934784e-01 -1.463919253812778210e-01 -9.789460091446081091e-02 9.132192417301474019e-02 1.100730590075691823e-01 4.102690623784682744e-02 -7.318512057089807121e-02 4.004509415755288376e-02 8.148557427750527382e-02 -2.458390075842391276e-01 -7.156854853081286161e-02 -9.651953600021211110e-03 1.841229373971555727e-01 6.685733171390798035e-02 1.702708865154501372e-01 1.179914374972679120e-01 1.522989461248665244e-01 5.510361965532958872e-02 -1.728979034507630852e-01 4.834292090581126383e-02 -1.328479563382002071e-01
7.041871680524411370e-02 -1.762222523849555633e-01 1.017036679171879898e-01 -2.053429439377420229e-01 -2.781386962823204634e-01 3.094757220339165033e-02 5.366188733594428467e-02 -4.724463802297228232e-02 3.216674342429611672e-02 -2.415666213118404862e-02 1.322350075932781921e-01 1.000000000000000000e+00 4.747623506747201960e-02 1.500751541925011145e-01 9.514063869019678821e-02 -2.094691365129019642e-02 -1.590424080326536260e-01 -2.037529028564576128e-02 1.239535609067724253e-01 -2.519101059031564893e-01 -1.135081018446327528e-01 -7.328553423658525079e-02 -1.736474572537119732e-01 4.179147377396723595e-01 1.139561179793153467e-01 5.080805295140479183e-01 -1.340935713729348167e-01 -4.074713651193819647e-02 3.389509974490498984e-02 -6.870304239291380455e-02 -3.185160692794523074e-01 -4.503193614517803783e-02 -2.996361137632322924e-01 -2.835128158945030008e-01 1.564001943237662562e-01 -4.182389978981020801e-02 -1.003341807422010873e-01 -1.148514479265425464e-01 -2.363457508226837755e-01 2.681273220541501370e-02 -3.621409929838835529e-02 -2.471949335552487692e-01 -1.278013329766922446e-01 -1.459187929845884579e-01 -4.576686297738676856e-01 -6.234224123690645242e-02 -2.981863071384864283e-01 -1.684204845702448050e-01 3.153887034072935802e-02 -8.139652697029521600e-02 -2.778099605062586686e-01 -9.622415476055395933e-02 -2.500147639411924860e-01 -2.266188082817538196e-01 -9.010537816318159310e-02 2.151623917388389984e-02 -1.130136425034711234e-01 -9.836191981567113385e-03 1.063231447803955482e-01 2.361551847565513673e-01 4.176733937326181367e-01 1.818423767912565395e-02 3.983969145359972375e-02 -1.564122641561983829e-02 -1.642460238641233194e-01 1.297285419324876732e-01 -3.523397041880657055e-01 -1.772622333899602498e-01 -2.908711199189210617e-01 -3.190093664082235825e-01 -1.235555803708205530e-01 7.259368396985402261e-02 -1.129695861958494030e-01 1.606762512110518071e-01 1.171159977291314075e-01 2.633272793974097969e-01 -1.106451085898950415e-01 -1.807948255865001741e-01 2.534164676914190673e-01 -1.753181885545604946e-01 -1.354954706386295171e-01 -1.665879461845871379e-01 -3.348979660859634500e-01 2.502391716789239065e-02 -1.407280881935798200e-01 -4.767311354763550252e-02 -3.727495092851916547e-02 3.277504026983922569e-02 -2.047027096129593882e-01 -2.543532325612997691e-01 -1.945074065097771865e-01 -2.462093894146338835e-01 -9.248567511540681241e-02 4.906075918731187674e-02 6.148158834836096182e-02 -1.854602692607235648e-01 -1.326725731270174125e-01 -1.611885875807754498e-01 -4.443059188220735423e-02 -1.159495175098037949e-02
1.486128373958674753e-01 -1.767706223594065623e-02 3.345196042592172431e-02 -5.682000119070443334e-02 1.006017101085424914e-01 1.460447777364390631e-01 -2.033906269333748407e-01 -5.593256973288012260e-03 6.700476112866644851e-02 4.179333564612800478e-01 2.396798297865830596e-01 4.747623506747201960e-02 1.000000000000000000e+00 4.558544657274875012e-01 4.237966680628839078e-01 -1.335216111642415215e-01 2.335295613676778848e-01 -1.131307067578581488e-01 1.098250637814994490e-01 1.170528881748839414e-02 1.756802902391684795e-01 1.359789830979406811e-01 1.896869069035993782e-01 1.428940658414218079e-01 3.335637798629846329e-01 1.698370141071933181e-01 7.873936609644020812e-02 3.109278244799121294e-01 2.948718964550329225e-01 9.705736968938567799e-02 1.112077331584632872e-01 2.690659900671111271e-01 7.054836039741162190e-02 -2.088695261256376945e-01 9.454470834885332631e-02 -1.617577950310971069e-01 1.834116735767250816e-01 -2.227841892967019621e-02 1.688832604208279631e-01 3.757482107574858232e-02 -2.343397013730030842e-01 2.168776733008263846e-01 2.088876926372851273e-01 2.474011000608036456e-02 4.110842412150552544e-02 -5.549393884924826853e-02 -9.235679359192963678e-03 -1.321415827913520746e-01 5.940298341352751726e-02 1.626886767938560963e-02 1.782950531080539636e-01 9.599308200920755874e-02 -1.024134302545247760e-01 7.308000998380938251e-02 8.023992088052323002e-02 1.006462694623578430e-01 2.553947871982043330e-02 3.231394570637483032e-02 3.386527915409159317e-01 1.862677959139703021e-01 2.490133249837008234e-01 6.153504284150401737e-01 4.210978051413888923e-01 2.513953904481111556e-01 2.726022264081760516e-01 3.761306109936077835e-01 -9.923732260182892284e-02 1.518735648970281349e-01 1.225615910235140597e-02 -5.716714404813365291e-02 1.383162446780596966e-01 -1.568386847337190776e-02 8.801581128918735397e-02 1.382637484685993456e-01 1.127498332651576951e-01 1.759602990201468986e-01 2.405659509974112376e-01 3.045007696688949994e-01 -1.514223255903203447e-01 1.224839142834951433e-01 3.888498424851136170e-02 -1.200326820814644480e-01 1.573329074123283045e-01 -5.643837572278226355e-02 9.686603780764149740e-02 -4.120291924134677347e-02 1.437889209064874829e-01 1.302395406014322521e-01 -3.161642657010017149e-02 -1.044468708220682718e-01 1.204377714692435736e-01 1.724980569740064140e-01 1.926042239821651181e-01 6.062346104008120573e-02 2.441811253501680479e-03 1.525118531980503567e-01 2.642012767245268887e-02 -9.392775894447670526e-02 1.199256019125106848e-01 8.748713167687955511e-03
2.160947625070129205e-02 -8.543899182746726717e-02 5.534713881917328144e-04 -1.842284840746017671e-01 2.532593823207849801e-02 1.589075898712244694e-01 -2.236296808281195980e-01 -3.511787413390560220e-02 1.511502910899611973e-01 3.825531771291900696e-01 1.766436632858834344e-01 1.500751541925011145e-01 4.558544657274875012e-01 1.000000000000000000e+00 6.765679517330621673e-01 -2.335684399049877402e-01 3.064577946039429568e-01 -7.291662428415746078e-02 4.415248608533825503e-01 1.337750331781197011e-01 4.405306752913766832e-01 -4.962090049809018272e-02 2.300137796871386531e-01 1.534364337268470102e-01 2.724797729123573098e-01 1.866489238148424101e-01 4.417165452217255983e-02 2.322019579423099667e-01 4.233529578075461153e-01 1.269674781601616842e-01 2.013135279548387557e-01 1.378078937637788326e-01 3.148578978990189403e-02 -2.642412115499516712e-01 -4.199293505096822476e-02 -3.518400740401057547e-01 1.246366543427376850e-01 -6.599401171525466625e-02 4.400428373147027838e-02 -4.024357574424099193e-02 -4.187669850835337715e-01 2.432395998819992522e-01 1.143451254664135108e-01 1.280731725918958785e-01 -5.431589566205481494e-03 -7.658967305953738591e-02 -2.102840780345371363e-01 -1.679038411573964829e-01 7.027843369686054276e-02 -1.067477726006510197e-01 1.399402668852679499e-01 -9.759095356591888579e-03 -9.723152634874746014e-02 -7.961715767262013410e-02 9.399428757438990645e-02 2.360726246189124300e-01 -2.415171443911260166e-02 1.498838705538300120e-01 3.246710957906792649e-01 2.082919832863049936e-01 2.365988950398300317e-01 2.524351398777240352e-01 3.179645371782670593e-01 5.491674329365300311e-01 5.345842807707337219e-01 5.636699376357436897e-01 -1.115406110966856018e-01 2.781412025873474247e-01 -7.355380168512390404e-02 -9.724975684378259211e-02 2.845054369326988075e-01 -3.043918654344356448e-02 2.520642371229099843e-01 1.954167286723988428e-01 1.828321082694653321e-01 2.444504307787575825e-01 3.482827394772866625e-01 3.129899750210357046e-01 -4.437151581200630274e-02 1.515236391140617478e-01 7.093314891574602210e-02 -2.583131942535626391e-01 9.466199930990565337e-02 -5.395480122414106350e-02 7.267569130261579413e-02 -1.195864321867722568e-01 1.071548817824404809e-01 1.050633598112383632e-01 -1.293340530507895436e-01 -1.747883784781778804e-01 1.687710754761991283e-01 1.457462118838267207e-01 2.393655080198888452e-01 1.275774300783694137e-01 -2.845373369676548400e-02 2.340074540434098349e-01 -1.982633958588620599e-02 -1.364548068090942201e-01 1.523951811913852317e-01 -9.226120196668866069e-02
5.140495352471165930e-02 3.311304987332443217e-02 -1.719119874824413113e-02 -1.280625997887337164e-01 1.053286739452431592e-01 9.598984579960120889e-02 -3.625177489165959388e-01 -6.430128021706441044e-02 1.938133511787911989e-01 4.089433636698165397e-01 2.235620864448851774e-01 9.514063869019678821e-02 4.237966680628839078e-01 6.765679517330621673e-01 1.000000000000000000e+00 -1.278765195958723733e-01 9.567407180255968480e-02 -1.664199678634136204e-01 1.972999215147211716e-01 3.453075169619939655e-01 3.619675573100717969e-01 -3.390520713564809663e-02 1.696063156843451158e-01 1.374041910798617927e-01 2.619692957326903437e-01 1.336845141020104322e-01 7.856372688707001506e-02 2.591527759684080223e-01 6.341347900085821943e-01 6.074619668884286006e-02 2.299145537094618996e-01 8.910432767245818342e-02 1.183309733106809591e-01 -2.809054445232962993e-01 -4.879733841787646520e-02 -2.321827988179725744e-01 3.500706683269059205e-01 -9.161417379251118875e-02 9.909079851280637452e-02 -4.674690512447747873e-03 -3.911041720806339161e-01 2.758082774746911103e-01 1.627035260279000028e-01 1.199824552672654615e-01 3.827876684205885893e-02 -2.100013294928863850e-01 -1.962019153208777733e-01 -8.878498129551680440e-02 1.184811153383772409e-01 1.238350333488678337e-03 2.159362434377081197e-01 3.453525883522955142e-02 -1.194233306815461748e-01 -1.522729323308691547e-02 1.011986398013859367e-01 1.977982584196955329e-01 -2.848927782068921832e-02 1.840217144727014087e-01 3.988896009137570808e-01 3.833919663072509199e-01 3.304976931511328653e-01 2.192477019243277703e-01 2.738399111636897199e-01 5.581265208674579537e-01 6.015431789267238205e-01 8.051181699163204586e-01 -2.087196798472505666e-02 1.630159194835106573e-01 1.086464089629111257e-02 -4.823610703505968461e-02 4.455881896635839334e-01 3.452878306589100138e-02 3.290111658487682722e-01 2.302516952106963000e-01 2.352311000271274377e-01 3.154478129384001850e-01 5.765562609084092793e-01 2.518460459481029479e-01 -1.380464464714259709e-01 1.627085401867663095e-01 1.247861837483159320e-01 -1.023997988200650300e-01 1.967602354294045452e-01 2.786176492361373477e-02 1.136470005203072953e-01 4.566841408964186083e-02 2.988182194955750215e-01 9.885028757967019575e-02 -8.761010026699456513e-03 -2.082541351875190697e-02 2.762886509214770303e-01 2.143978406101573753e-01 3.257602479545280705e-01 1.453371858900230906e-01 7.535189362793404122e-02 2.722216266796919082e-01 -7.644137370250202179e-02 -1.198499120053715117e-01 2.275235939489496650e-01 -4.083802175333084428e-02
