1.000000000000000000e+00 -7.707074877897018839e-02 2.084890156736768640e-01 -4.593627163854871465e-02 1.583144557485433868e-01 1.897583828529237626e-01 -3.038098479236643265e-02 1.213428002047512305e-01 -6.553695306291691669e-02 -3.123475197254103053e-01 -1.852076768729299105e-01 1.865109390641201681e-01 2.257448230299815561e-01 -2.355826428923642468e-01 -4.285696659609558590e-02 2.460875783995752353e-01 2.683334660224158674e-01 2.939307159324702212e-01 -1.498479887714644077e-01 2.699494863555672031e-01 -1.043004668779707877e-01 2.423945523806981528e-01 2.311719866248188038e-03 -5.438941205646664889e-02 -1.261847857507533976e-01 2.411630104261728857e-01 -2.896281360849140007e-01 -3.637896840723287561e-01 2.039305295430674514e-01 -2.483244438025396239e-01 -1.354945152961886390e-01 4.236425597270210980e-03 -2.503921457374829185e-01 2.464689320047429577e-01 -4.190258230572981024e-02 2.752488640634354750e-02 -3.233476225069658039e-01 -3.596788507068658935e-01 -3.045442805582190271e-01 -7.038182016172482222e-03 -4.472596241103735798e-02 1.245246935042189917e-01 -4.528950505645679137e-02 -2.063033251901230658e-02 -1.511892060606360132e-02 -1.784649492458427189e-01 -8.806340950846607007e-02 -1.216162187637154640e-01 1.902281438926196888e-01 -7.687268034807580308e-02 4.036597176466227288e-01 2.224675223210587638e-01 1.128717555757244723e-01 -9.642447788312577539e-02 -2.195700183450164170e-02 7.895742272884258284e-02 2.597356092771971325e-01 1.122414543091976719e-01 -1.411354383427520787e-01 -6.701989926458286340e-02 1.183010709576091529e-01 6.571251272761881312e-02 9.547409744911615481e-02 -3.030065580551798421e-01 -1.850189226547488686e-01 -5.652206425093744824e-03 1.059068210216345257e-01 -1.599265675076206594e-01 2.601495788908980700e-02 2.914284827895372021e-01 9.278169107076231215e-02 2.553412710049103307e-01 1.161832817609590243e-02 2.100554544804116575e-01 2.810385531225615963e-01 2.085152796647874729e-01 1.065423624296345101e-01 -1.794396438756894196e-01 -8.113877478293717027e-02 8.847941566127051627e-02 1.774495790054822775e-01 5.458742998195131868e-02 7.646583430201395193e-02 2.219163331466325953e-02 -2.232626080172055716e-01 -7.921981131498763082e-03 -3.633468483996198373e-01 -2.774243055209760778e-01 2.999058901658527843e-01 1.417890755388611923e-01 -1.548236351815169415e-02 -1.312651710520512660e-01 -1.750417823221379066e-01 1.900376633260680570e-01 9.548298090882256783e-02 3.688887268794032587e-02 -9.566441613362142160e-02 -8.576947996484840520e-02 2.425384575369098628e-01 -9.524165699620905368e-02
-7.707074877897018839e-02 1.000000000000000000e+00 3.204834457870522901e-01 2.107528769697842030e-01 1.660567586957019115e-01 4.249930856256772804e-01 9.965956755458134364e-02 4.829650204315888429e-01 3.144988245535347837e-01 -7.421289707002844127e-02 -8.482457511845102605e-02 -2.259376582883798890e-01 -6.441074760801443477e-02 2.504157652532140212e-03 -1.874840768578948241e-02 3.163746618452364379e-01 -1.418885102544591437e-01 1.939851392292913923e-01 -8.416081631473847080e-02 1.609509505756842318e-01 -9.608984687238034117e-02 -9.392062098509035284e-02 1.006462717116524408e-01 -2.013110280593356505e-01 -1.222188724371936902e-01 -1.122103464898301234e-01 1.747844580679958348e-01 9.842844033577216600e-02 -7.445817783372095378e-02 1.693410762551239568e-01 -1.727162084009964405e-01 -1.787711608845967554e-02 -1.127447110781938516e-01 -5.538044411210740758e-02 1.901783903898319333e-02 6.769490897734148360e-02 5.382010873042433752e-02 2.418394623169529273e-02 1.192773342086120569e-01 2.136430925835228894e-02 3.384178518780049660e-02 -1.007189507507996185e-01 -1.469873175776121033e-01 -5.774325434910390631e-02 -5.174957510343669576e-02 6.750416702191323892e-02 1.618302543746993893e-01 9.484745927589968706e-02 4.237562774513920494e-01 1.478966124566510332e-01 2.757916743108539959e-01 5.777671844552417779e-01 2.048218737317437921e-01 4.759846322402389029e-01 5.004404290882215056e-01 4.212219814583157973e-01 4.138706782346738833e-01 3.096983928350694470e-01 -1.395250384416663880e-01 -5.087970722830013198e-02 -3.095828408666056464e-01 -4.611404080190051324e-02 2.637425439262134838e-02 -5.727881245341748945e-02 -6.088792940278700550e-02 1.686734422459039082e-02 -2.653797028513497566e-02 -1.387636965341840049e-02 -1.159438766373237228e-01 1.796470836448021413e-01 -9.008908948003008232e-02 -3.426433764089751102e-03 2.010901850471314423e-01 -2.012927086600090343e-01 -2.037619135498670853e-01 -2.535707073593229666e-01 -1.198977329483630477e-01 1.671565650090008626e-01 -1.239458506008746658e-01 -1.345499378864057072e-01 -1.995509053498100427e-01 -1.711552032028654247e-01 -1.009339434936906837e-01 -1.568869402900099630e-01 1.176584186594907128e-01 -6.750710158879659473e-02 5.826600895060427693e-02 1.004278664449647362e-01 7.760525318974269282e-02 -2.456640318117038757e-01 -9.004973280724128115e-02 7.102524213219055249e-02 -2.986689817059647641e-03 -6.522883222406697379e-02 -1.009864875973799786e-01 -7.165719107249617081e-02 6.972446399569981468e-02 8.992574476077605516e-02 3.643121667908247874e-01 1.478561667349882203e-01
2.084890156736768640e-01 3.204834457870522901e-01 1.000000000000000000e+00 -7.537550876945496581e-02 1.757189706495471404e-01 5.192427780091657397e-01 -5.165482163445309083e-02 1.380244111142454322e-01 1.406917417851751839e-01 -1.441511737989647213e-01 -2.148159057025679219e-01 -2.410717191806314996e-02 2.358881004010853488e-01 1.363784343425790413e-01 2.708691915466756028e-01 2.558945721782134308e-01 1.720609518652062575e-01 1.634342201975769460e-01 9.284495221471253390e-02 9.945756081267387305e-02 -1.115903337230221039e-02 2.083170119343732696e-01 7.482432555521283113e-02 5.463946006474824230e-02 -5.756722757377126520e-02 2.760871038974202496e-01 1.067682183506539068e-01 -7.854044170675528180e-02 1.489849274904581355e-01 -7.331091403078410229e-02 -1.774145068246176238e-01 7.991615909672536433e-02 -3.544723621742230657e-01 8.222160038061938903e-02 2.005045383673495774e-01 1.061294728130198622e-01 -4.613093654240471575e-01 -2.107326154197061430e-01 -2.580591654111683564e-01 -1.225611967608796343e-01 -3.679142523409832666e-02 -2.657297133629878821e-02 9.964759370151557438e-02 1.027220774377860524e-01 2.262838278565463546e-01 7.377688078807177231e-03 7.681513154918508113e-02 -5.202499342837293289e-02 2.188783519418502077e-01 -5.667585552611856259e-02 3.357218367113020130e-01 4.796285125748921963e-01 -5.656919200442402963e-03 1.097201543217720121e-01 1.213441813151101417e-01 5.444153839128953454e-01 1.888812302088205275e-01 3.164988624400381090e-01 -1.015195486797988850e-01 5.190015160130691946e-02 6.214702270818007329e-02 1.608829197385800713e-01 2.832236379119200120e-01 1.202264565575942093e-02 6.945054336419390073e-02 2.170538016335948339e-01 -1.173444752721471418e-01 6.991323106453017910e-02 3.670781372550473154e-02 2.091493711782009823e-01 7.566221323080067618e-02 2.858236622006273264e-01 7.404174914947787844e-02 -2.333635165181789303e-02 1.929640512237271177e-01 1.718643812765688617e-01 1.596368616527314710e-01 1.334223558137826761e-02 -2.272649976247958226e-01 -8.791499099572026854e-02 1.336787671872307071e-01 -2.841848468624726468e-02 1.431475725535989729e-01 1.414696137319478852e-01 8.315964706823404662e-02 1.166257223453811692e-01 -3.703914018015962428e-01 -1.464676045642837043e-01 1.067837632318270197e-01 8.581740682985709856e-02 -3.125094176281908998e-01 3.735036808746216436e-02 -1.941929698513523705e-01 1.578501262693490226e-01 2.460525860776131835e-01 6.301570545700491133e-02 7.609864629643958711e-02 -7.578198859772670992e-02 2.079748455899418369e-01 -9.345166651682466907e-02
-4.593627163854871465e-02 2.107528769697842030e-01 -7.537550876945496581e-02 1.000000000000000000e+00 2.559083666594577089e-01 1.979419215017710898e-01 4.400798934478358793e-02 3.809721014848941878e-01 3.030322557739194567e-01 -1.586262373743099474e-01 -2.576528799491794031e-01 -2.735631143739573057e-01 -4.017096130055258785e-02 4.300437949202556148e-02 -1.890868334148593233e-02 3.301171412568545405e-01 1.118917434412144973e-01 3.292035464782306908e-01 4.255480439670573933e-02 1.990878624925538354e-01 1.802980264023142792e-02 7.909012664172353213e-02 1.968269247281014267e-01 -1.098942881371206964e-01 -2.120125183143730940e-01 -1.342718237939352632e-01 -1.124225309416354845e-01 -1.665911225935133855e-01 1.663109204183187972e-01 1.754157632220772478e-01 -3.310597724919094875e-01 -1.916013890764564076e-01 1.319410802932204918e-01 3.117860761884929666e-01 -1.646270968980821300e-02 -2.683646982366116179e-02 2.908957323630851494e-03 -1.823342494845356099e-01 -1.938657745544704672e-02 -3.913330896574378215e-02 -4.205326733729033810e-03 -2.416611210524383380e-01 -2.633494096232292803e-01 -2.855113347849320693e-01 -2.620050100471559285e-01 -8.867978570039000696e-02 -1.063397758563216881e-02 2.086384013895969253e-02 2.570120988432980091e-01 5.310456953270336483e-02 2.273539873519418997e-01 1.821746004744306813e-01 4.411210075654267704e-01 5.603851190060709087e-01 1.942315451758443445e-01 1.605897889122540056e-01 3.671155156954546417e-01 2.505675612986226208e-01 -1.846185442810007182e-01 -1.846866795826134222e-01 -3.227287470974331551e-01 -4.202564146209206153e-02 4.812493431049150866e-02 1.403170381591836539e-02 8.165931186585635715e-02 8.438672062842766941e-02 -2.502346813001989773e-02 5.832338067812557758e-02 1.234765978098648492e-01 2.618436709636533521e-01 -3.296946003739781306e-02 1.464896742940542118e-01 2.677687562333720961e-01 -1.542391147027568077e-01 -3.360897810796967256e-02 -2.801843653957408753e-01 4.072157257770102345e-02 1.535911702971628767e-01 -2.736728800757586288e-01 -2.019619618844991082e-01 -1.126965618173564748e-01 -2.832963758027630743e-02 -1.241086060220110837e-01 8.500851462569765371e-02 9.804932636084897138e-03 9.491663087155213785e-02 -1.418057242164925957e-02 -7.400592773714542716e-02 1.591066622116130702e-01 -1.390579567245251724e-01 1.219234563215382122e-01 -2.554609176130009582e-02 -7.681146642550848447e-02 -2.697079860467847534e-01 -1.177906570239777434e-01 -2.667276743864321342e-01 -8.749657552308609532e-02 3.072909446692642654e-02 2.551664525744904988e-01 1.746109459169542868e-02
1.583144557485433868e-01 1.660567586957019115e-01 1.757189706495471404e-01 2.559083666594577089e-01 1.000000000000000000e+00 3.046648484730173356e-01 -1.554827380077414001e-01 2.650842430508282832e-01 3.245888338088172009e-01 -3.414552543907867777e-01 -3.278999096767681309e-01 -2.045129907263207036e-01 2.519406526223281761e-01 -3.891224410756155550e-02 7.401539610958447410e-03 -1.016294255237757413e-03 1.781868132242367397e-01 1.980008364686883238e-01 2.303879225754177848e-02 3.793336123337543442e-01 1.295886877651891526e-02 1.550172477276272331e-01 1.982301340441405477e-02 2.480475781606445579e-02 -1.967740608326008500e-01 1.212667261248668270e-02 -1.412866742543219742e-02 -1.599330484474819070e-01 1.722797407410938397e-01 -2.557281272283194393e-02 -2.061929682736932667e-01 -2.126795128347000463e-01 -3.050116574016283888e-01 2.115515551679050810e-01 1.898449278278046826e-01 2.898254338267035046e-01 -1.985253035124116272e-01 -2.213501949881475361e-01 -7.071131009365570763e-02 -1.279614595834338286e-01 7.353742166307682127e-02 -1.214914274363493585e-01 -5.600530384531243050e-02 -6.163014615100609328e-02 1.101106526759664389e-01 -6.389801000133442377e-02 9.385847672785443963e-02 -2.657830227611793217e-02 2.481750031429735270e-01 1.202332098424950674e-01 8.769357268330375821e-02 1.525993145161226028e-01 3.073754181525622034e-02 1.623609279152755658e-01 2.121430166458371236e-01 1.571527172726147892e-01 1.575613324528054027e-01 2.859176010607978879e-01 -3.220186316500093238e-01 -1.095536539931605269e-01 -1.956659383004496211e-01 1.668617142393919173e-01 7.194980534614051071e-02 -9.214542093501913722e-02 -7.024912529603358213e-02 9.381122785414738874e-03 5.708105012009499074e-02 -8.590496829562332959e-02 3.526975589445030534e-02 2.548256718670915966e-01 9.111081951194530126e-02 1.899694881369635990e-01 5.604420674250547990e-02 -1.140749446593850580e-01 1.273908136744175135e-01 -1.143863436019474794e-01 1.391282856870693085e-01 -3.997432156480167781e-02 -1.701979386842986663e-01 -1.582468121194594568e-01 1.392329634191601939e-01 2.291146801222807006e-01 8.586715513932938193e-02 1.673387658839347036e-01 1.022616249740568029e-01 1.485885387336294827e-01 -2.677346825084465642e-01 -9.301929831205253685e-02 3.195187708257482551e-01 1.842761886141704164e-01 -9.473708127452991692e-03 -1.486774814251457522e-01 -9.051053899281338855e-02 -7.324469254511570271e-02 9.820648720999269887e-02 -6.178720384409473396e-03 3.310602933241011542e-02 6.959562114685750867e-02 2.891608983549718292e-01 1.480645138891460433e-01
1.897583828529237626e-01 4.249930856256772804e-01 5.192427780091657397e-01 1.979419215017710898e-01 3.046648484730173356e-01 1.000000000000000000e+00 5.831533322461456698e-02 4.584546922868648622e-01 5.584717365339149087e-01 -1.310235521323329932e-01 -1.876262133995741654e-01 -3.950920301401869734e-03 2.259710898364209186e-01 1.492860884553924052e-02 6.953242530836591107e-02 3.392476809172967345e-01 2.352415161231983520e-01 3.557243104566691905e-01 4.082012729214719304e-02 2.331269262002728104e-01 6.026921055538862759e-03 2.912878664868198131e-01 1.219943155489228437e-01 4.113577451047610578e-02 -6.581252482574502516e-02 3.139092769922903758e-01 -1.300058496403550812e-01 -1.290617556266788757e-01 2.421579534349921903e-01 2.280685983710733708e-02 -3.383322171559030034e-01 -8.992877755548948915e-02 -2.987465311154298142e-01 2.359067745336892175e-01 4.676777427969183026e-02 1.660060123548391109e-01 -2.215017673481119720e-01 -3.235085450289630904e-01 -2.578238467935745071e-01 4.468945776667989506e-02 -1.558505295499130749e-01 -9.682132820406290363e-02 -1.492954108325466600e-01 -3.075122458594036767e-01 -1.803979691399074103e-01 -2.245810750873177553e-01 -8.432027672846929833e-02 -1.965536903715473238e-01 4.392383861579538529e-01 -1.589606316036853151e-01 3.561005967127554017e-01 6.120257281632969226e-01 2.779650848650040418e-01 3.211634079669243858e-01 6.278320306499809433e-01 7.376349990154908998e-01 4.753198697271521223e-01 5.661088563381820871e-01 -6.050066926826987851e-02 -9.109252262340880590e-02 -7.655214644387239864e-02 1.211038680776295590e-01 1.748648175197513310e-01 -8.831029656801026029e-02 5.838690211098341437e-02 1.427630558149723949e-01 6.023306407827841782e-03 2.110626679583088930e-02 3.892778273214606011e-02 3.274068057901734496e-01 7.064827655760647085e-02 2.367428669193856194e-01 1.626894492211587717e-01 1.057562352284375645e-01 2.656041146245595730e-01 1.673659701036704639e-01 2.109830926774064197e-01 1.179903942813245593e-01 -2.600906815034897956e-01 -1.440211255058063133e-01 1.611706750822840817e-01 -7.252362069798305722e-02 -1.547915214070247625e-01 -1.287683807003461856e-02 -1.276847922265392510e-01 2.827131492950341399e-02 -1.561386755337660914e-01 -1.827813987007958774e-01 3.325198003479128972e-01 -1.928131695459036829e-02 -2.161655266187267332e-01 5.290177705412137804e-02 -1.008820894636196369e-01 -6.991561917932753722e-02 7.699264317246486133e-02 -2.785936249749083604e-01 -1.674867008131267487e-01 -1.446484164971104380e-01 4.830508034094522229e-01 -1.032560850404937725e-01
-3.038098479236643265e-02 9.965956755458134364e-02 -5.165482163445309083e-02 4.400798934478358793e-02 -1.554827380077414001e-01 5.831533322461456698e-02 1.000000000000000000e+00 3.899085928470505391e-01 -3.493711100785712453e-02 3.068839141278351668e-01 4.993563602154834496e-02 1.940586658817828811e-02 -1.952663901096532428e-01 -1.287156048206440362e-01 -2.257434120617288209e-01 2.650112998098166917e-01 -2.322177356196512277e-01 1.329954859759550911e-01 -1.446358340942309473e-01 1.033637135111127869e-01 -1.976038639079734927e-01 -4.895004017265645185e-02 -1.852967076102555316e-02 -2.110975644515585836e-01 1.686930673915618406e-01 -1.566450609097196633e-01 4.521251348436132814e-03 2.031737227634123066e-01 -6.736749641851459691e-02 1.207427560434411046e-01 5.953070835303083536e-02 5.644783512148841137e-03 -6.678063347141807715e-02 -1.128203813239084252e-01 2.434333510214933827e-02 -1.513331158299631996e-01 1.727002000527731451e-01 9.993843015708174515e-02 1.677429517602521403e-01 5.111342241622031102e-01 -7.083657391928397870e-03 1.745961862733930725e-01 -2.378924876452644388e-01 -2.014846582807293569e-03 -8.083287911181818997e-02 3.289632278847359932e-03 4.637936627191618574e-03 3.703280807140046926e-02 2.315009838566703670e-01 -6.775619689072492902e-02 1.770161470865796172e-01 2.364126002818024430e-01 2.970884257048607147e-01 1.777782401033167203e-01 2.620270249880496394e-01 2.265495262102474108e-02 3.932526371764866746e-01 -1.086690874928458311e-01 2.689077578721630335e-01 -4.103370863437052346e-02 -1.832319673132150606e-01 -8.635778390166710949e-02 -6.103649983121830352e-02 -1.027113301281027125e-01 -2.169951402608967794e-01 -1.701437663310975679e-01 4.772234226565088000e-01 -5.864035148026829070e-02 -1.106507828601535071e-01 8.052189868852835386e-02 -1.706917002640896130e-01 6.496932070304783924e-02 1.415839245709760719e-01 2.713485049240508262e-01 -2.390670233261649180e-01 -7.972538063533637920e-02 -9.579748606395392663e-02 2.084328630426361684e-01 1.035124797552510884e-01 -1.944511302351152257e-02 -2.003032353277589550e-01 -1.987108788563052286e-01 -1.568682002875632919e-01 -1.050151915939753905e-01 -1.375524619686860350e-01 -1.984344546477485316e-01 1.645231830320401378e-01 3.002857249478979584e-01 5.595257576328665355e-02 -2.908825832433998837e-01 1.125867172491000351e-01 3.040958613188642357e-01 4.670419521381218853e-01 9.416622783890145343e-02 -9.279531209340603770e-02 -8.614925525589996191e-02 4.246505373362430974e-02 7.338938128051418486e-02 2.924087361729517109e-01 1.242325962520787752e-01
1.213428002047512305e-01 4.829650204315888429e-01 1.380244111142454322e-01 3.809721014848941878e-01 2.650842430508282832e-01 4.584546922868648622e-01 3.899085928470505391e-01 1.000000000000000000e+00 3.955742641194121556e-01 -1.028688590846941727e-03 -1.821936703987955264e-01 -2.029807293751725861e-01 -8.791562167572221365e-02 -1.773362319459352576e-01 -2.404870821036406148e-01 5.385084809576230480e-01 2.324417517705680558e-02 5.909375983249004483e-01 -1.140593226391120596e-01 3.118020640186997539e-01 -1.107383178895216674e-01 1.040130648181922385e-01 1.355943515974479541e-01 -1.912695059631514816e-01 -2.196253675501081901e-02 1.019041756600770794e-02 -9.657269895578844687e-02 -1.211267700565009098e-01 5.630663810900805172e-02 7.157880508337706449e-02 -1.596398951507070063e-01 -1.008247608516741611e-01 -1.691993239718629083e-01 2.246117024434268750e-01 9.760736497848256435e-03 5.294529994176625648e-03 -8.948666981692356137e-02 -1.597944794167355242e-01 -1.807938931438654237e-02 2.693243801176737895e-01 -1.505711807343449726e-01 -4.779558928986756688e-02 -2.770488739655948551e-01 -3.137353969766688011e-01 -2.271000788791900649e-01 -1.973476750999078322e-01 -8.872206803934377939e-02 -1.999317634351546191e-01 3.712378950255156296e-01 -2.157965042547568268e-01 3.793498330414962760e-01 6.351130070998208810e-01 5.945790288129531032e-01 6.054583015384048528e-01 5.463028577403117314e-01 3.656206901563393008e-01 7.774329615630912738e-01 4.797283845807197578e-01 1.935232065890421863e-03 -2.475214630191199805e-01 -3.802903093691027969e-01 -1.180975346200301979e-01 -7.661014023954637597e-02 -2.529245803065293674e-01 -1.718503080801074556e-01 -1.236429441225061487e-01 1.854225364094260475e-01 -5.803841037174792272e-02 -7.728045218595985810e-02 5.111386918432936355e-01 6.700461423108669198e-03 1.255051332779595352e-01 2.049116584253324047e-01 2.084096327186398256e-01 -1.294787905032885461e-02 -8.725778732087095813e-02 -3.471029686680338067e-02 1.341575116692400871e-01 -6.228855534114521864e-02 -9.039950929594975371e-02 -3.168425749463036484e-02 -1.743039621599815348e-01 -2.764690075386574963e-01 -1.355756655662851695e-01 -2.249635670524138542e-01 -1.614137312843266503e-01 -1.404668006359003907e-01 -1.391948295465445518e-01 3.223125865243275934e-01 -2.143895902787345265e-01 -7.041070479526542747e-02 1.182416646601114479e-01 1.280901933724340469e-01 -6.053326580996938600e-02 2.027585878748871129e-03 -3.038141139060359652e-01 -1.322686783253343157e-01 -1.590421039940945469e-01 4.903798633441960875e-01 -9.884446195284057879e-02
-6.553695306291691669e-02 3.144988245535347837e-01 1.406917417851751839e-01 3.030322557739194567e-01 3.245888338088172009e-01 5.584717365339149087e-01 -3.493711100785712453e-02 3.955742641194121556e-01 1.000000000000000000e+00 -6.906111016296320737e-02 -1.698956547015485485e-01 -1.242102896792475347e-01 2.952765662146364378e-02 4.929750260670855144e-02 2.734940954341709418e-02 2.117493724378360920e-01 2.012350409003919038e-01 2.654221476654628487e-01 9.947752940221675499e-02 2.250134596647468954e-01 2.366451388536592038e-01 5.032045217550017852e-02 7.386082070407402889e-02 9.647356698565300037e-02 -1.009092049011693637e-01 1.090774306256941106e-01 -4.345845224273650609e-02 -4.109790974617969633e-02 2.471033154167261991e-01 -3.787760793150705529e-03 -2.049802165039543711e-01 -1.371673851381498277e-01 -9.536552990160764021e-02 1.819076218143799717e-01 -2.789431472269256890e-02 3.292752726036620725e-01 2.147703465711061147e-02 -1.595889188252012092e-01 -1.141517430615003048e-01 6.838278623027564673e-02 -2.155503413220065945e-01 -2.497882879528438571e-01 -2.295508188370349867e-01 -3.635537217128605447e-01 -1.862483702286420739e-01 -1.726914547251521548e-01 -8.212064980962731353e-02 -2.395475591443826380e-01 2.071139028949525174e-01 -1.171632650567368400e-01 1.090862799615311407e-01 3.513956757602721415e-01 2.024632247959760600e-01 3.588616084400285122e-01 5.253330719743674049e-01 4.995743015704166567e-01 2.993154666168744704e-01 6.785757188519779826e-01 -1.167822260160363973e-01 -2.420209114405257045e-01 -1.515764809983061456e-01 -1.533007300004652664e-02 3.850067374891966154e-02 -4.043606906566417358e-02 1.751429325847298213e-01 6.802983403720549993e-02 -1.607820542138169440e-01 9.819874995062102818e-02 6.003431469835208284e-02 1.926167358377933458e-01 2.185454771908875160e-01 -7.460104458467112232e-02 -1.019394512815494092e-02 3.388657488447379545e-02 1.945277001526371508e-01 3.742642931710300769e-02 2.877666464297556903e-01 8.574396794326179239e-02 -1.715755644736545182e-01 -1.286738225948368952e-01 2.641815990012225113e-01 -2.695915591503922001e-02 -2.811554579350727945e-01 -1.165184598489741874e-01 -3.871065467921199540e-03 -1.374448938682417375e-02 5.186176892337787669e-02 -1.253467213265727909e-01 2.796244275440368798e-01 1.026803994795628810e-01 -1.620102187515556902e-01 -7.677625753999590963e-02 3.099309453779230603e-02 -2.954026370992470785e-01 1.642211104860114360e-02 -2.756012948452461475e-01 -1.634367728225297467e-01 -1.811250501826442150e-01 2.344569570484481835e-01 -1.019853612260911285e-01
-3.123475197254103053e-01 -7.421289707002844127e-02 -1.441511737989647213e-01 -1.586262373743099474e-01 -3.414552543907867777e-01 -1.310235521323329932e-01 3.068839141278351668e-01 -1.028688590846941727e-03 -6.906111016296320737e-02 1.000000000000000000e+00 3.685127818914774589e-01 2.132394167809262275e-01 -1.022973879661993046e-01 1.411458358254381873e-01 -2.114043322924137602e-02 2.869933733878889809e-02 -6.888869607658650029e-02 -1.462446520584417542e-01 1.830909118877351860e-01 -2.622805258797719086e-01 2.125711880038256285e-01 -1.376041034311100142e-01 -1.137170537247033791e-01 1.058233070051332464e-01 4.709958389676161539e-01 8.636663077389554466e-02 7.853331552059678033e-02 2.902455231593202289e-01 -7.967219050378877496e-03 5.869006041028267812e-02 2.968394437838801636e-01 1.291853633987643246e-01 9.448084592234914925e-02 -2.724501687788981052e-01 -6.194602359240091588e-02 -3.166706693115687865e-01 1.086054847757797898e-01 3.459358184746068043e-01 1.444487519235362338e-01 2.883508146535616046e-01 -2.897730911548219712e-01 8.075339417846237600e-03 -5.506534742967167384e-02 -9.984850326647060070e-03 -2.294500010544922586e-02 -2.116917654006833863e-02 -1.094068094816153525e-01 -1.608559692084524928e-01 -2.924509461073426797e-01 -3.401797420371113767e-01 -1.041032750388647538e-01 -3.468620361547684883e-02 3.260029319033800471e-02 -5.454807707528437632e-02 3.410447522595026759e-02 -2.517335230670208340e-02 -5.228038047002200872e-02 -1.167032629531191829e-01 6.492674216726174174e-01 2.168663821575810002e-01 9.660033541178432437e-02 -7.164873510302406656e-02 4.751102532008420060e-02 2.312733797646000511e-01 1.565521237740795102e-01 -4.699485265305799325e-02 8.013907565237454733e-02 2.012206689111237790e-01 -3.825572496337188710e-02 -1.205436901640932201e-01 1.452357654801080811e-01 -1.486823645251236781e-01 -8.673417305339634065e-02 3.135774206940042941e-01 5.420764919630523260e-02 2.716728366519179927e-01 7.833941543169745114e-02 8.009598824689402596e-02 2.470700951122348776e-01 1.051532678357694622e-01 8.627768944884409152e-02 -1.653393061374701933e-01 -1.919276311206713492e-01 -1.650202044293762882e-01 -1.388010489163731542e-01 -2.091718150555648970e-01 1.473885065688775586e-01 7.364826397143270365e-02 -2.373688959003878163e-01 -9.747182414720879928e-02 -9.258438063480987912e-02 4.023427659105799359e-01 4.070036899631074290e-01 7.355683155447516851e-03 -1.679576517800524318e-02 -9.894267240619207537e-02 -4.823199664104927537e-02 -6.046501393025132537e-02 -1.612894202695996648e-01 -1.652192298158852157e-01
-1.852076768729299105e-01 -8.482457511845102605e-02 -2.148159057025679219e-01 -2.576528799491794031e-01 -3.278999096767681309e-01 -1.876262133995741654e-01 4.993563602154834496e-02 -1.821936703987955264e-01 -1.698956547015485485e-01 3.685127818914774589e-01 1.000000000000000000e+00 4.959313225117330526e-01 7.603137113256643043e-02 1.528177154594575204e-01 -1.461430373956485416e-02 -1.699800857045412616e-01 -1.704302613696545843e-01 -2.584016267578288506e-01 2.835178249578308371e-02 -2.979893251818733768e-01 3.878662854500107126e-03 -2.253278342405137247e-01 -1.046762572289460513e-01 1.121717560791719720e-01 1.611443216395248568e-01 8.171253154250814055e-02 4.056479025795967780e-02 1.533608867646920337e-01 -2.033621878820253692e-01 9.462896627818671857e-02 1.043037740908734079e-01 9.221378313539052574e-02 1.398450104669339278e-01 -2.777699025855116521e-01 -1.880892682070701427e-01 -1.796439996291062380e-01 1.791750929424203165e-01 3.249487622250901153e-01 1.099362373646970703e-01 7.492788288257888618e-02 4.637537725035686953e-02 6.750457704087885202e-02 1.751899491672078979e-01 4.309192729608607442e-02 -4.681310068864533852e-02 7.021699949510068484e-02 -2.425765489643401385e-02 5.302634447404048351e-02 -1.659593653426169879e-01 -4.249457215004188992e-02 -1.853031198058174289e-01 -1.388033665714863973e-01 -1.671158861341453528e-01 -2.433383670370540819e-01 -6.444455084936431821e-02 -1.331614699466554252e-01 -1.796336817606402347e-01 -1.423951678129348475e-01 4.031202575944896060e-01 4.364821976063830156e-01 3.355539537329578215e-01 6.303256690629419068e-02 -1.313843921196922344e-02 1.976426899671197002e-01 7.689022846656075327e-02 -1.560006486040806410e-03 2.353018564601136800e-02 -2.750154772842970316e-02 -2.070946878543087899e-01 -2.741990310089306715e-01 -1.042821552353330045e-01 -2.903232861925537645e-01 -1.714347141214613290e-01 2.291767185921014527e-01 -4.568739974249930169e-02 1.959529436660225887e-01 -2.254742113365678924e-01 3.067767142565013504e-03 1.103995620052172777e-01 1.743780592463558266e-01 -1.306324553728867299e-01 -1.972674752357166661e-01 -1.415282142808061971e-01 -2.755769716585617646e-01 -1.385180988664967416e-01 -2.489992238883324549e-01 1.616780615885226591e-01 9.613722154303724898e-02 -2.270613506408317439e-01 -6.845474119524541656e-02 3.328336233882416006e-02 9.862610641592675642e-02 1.832422734354093030e-01 1.235460532174444404e-01 -8.757395502185476299e-02 4.083324440090770058e-02 9.672037673843213515e-03 2.671538065114073199e-02 -2.354822422488994094e-01 1.037286048774475541e-02
1.865109390641201681e-01 -2.259376582883798890e-01 -2.410717191806314996e-02 -2.735631143739573057e-01 -2.045129907263207036e-01 -3.950920301401869734e-03 1.940586658817828811e-02 -2.029807293751725861e-01 -1.242102896792475347e-01 2.132394167809262275e-01 4.959313225117330526e-01 1.000000000000000000e+00 3.455337208380804825e-01 1.031330285695722659e-01 7.290118335686135431e-02 -7.645508747829907192e-02 -4.677275283470057159e-03 -1.085728867351978821e-01 5.536987762535841573e-02 -2.279343917275233611e-01 5.802911960394252500e-02 -1.411226974951759056e-02 -1.168234330003381088e-01 2.663796910816186858e-01 5.001185384208649276e-02 4.049635484821241249e-01 -1.181484982014876506e-01 -7.346985100104062860e-02 -3.900347196632995839e-02 -7.334205840417304390e-02 -5.942639525309152508e-03 1.077128420919640922e-02 -7.459013351094408162e-02 -1.062149457897407639e-01 -2.257776204129420539e-01 -6.434695954534785933e-02 4.602487609868003565e-02 1.456860328477382373e-02 -8.680228142013576842e-02 7.102515877693839352e-02 -7.719724175048716698e-03 1.903876905835974187e-01 1.545377491657545510e-01 -4.517304582974518423e-02 -3.712980012113720196e-02 -6.157936360489649208e-02 -8.225360221295635599e-02 -6.644617299611561834e-02 -1.355021341776240784e-01 -2.061012330961281280e-01 -8.163554809232013987e-02 -1.288855254525178295e-01 -1.462312966426300986e-01 -3.364422171894018709e-01 -8.895181248311641309e-02 -4.564870107256779191e-02 -1.091452700629297196e-01 -3.194322963371873467e-03 2.906743554676199381e-01 3.524966613029780760e-01 6.391622660562704672e-01 2.354018307755531836e-01 1.312298947871433363e-01 1.488457070972369900e-01 9.641005962104252924e-02 1.257982670286888205e-01 -2.253507544810114810e-02 3.270866841791564283e-03 -1.769652721932001710e-02 -1.170587301313523454e-01 3.666284527288595635e-02 -7.495027962351873130e-02 -1.850409869103023797e-01 3.704550631179431841e-01 2.372017019032376106e-01 4.781351100265358034e-01 7.506963956335584165e-02 -2.469602356274637131e-02 6.173178764099294773e-03 1.627050803931569256e-01 1.031258226796498007e-01 -7.626454767570627069e-02 -7.613606220762894269e-03 -8.450871694553471758e-02 -2.240219831816572527e-01 -2.314882860388128294e-01 2.833019911717057568e-02 6.126899346268579669e-03 -1.524699637980524679e-02 6.402154122462389019e-02 -5.816126413358864433e-02 -1.256116422931425336e-01 1.166132068552447054e-01 2.177911085713787331e-01 8.765276560189930177e-02 -6.427780238552996926e-03 -8.203635910526146935e-02 -1.133039321243858588e-01 -1.678405250316982733e-01 -1.846958048618576875e-01
2.257448230299815561e-01 -6.441074760801443477e-02 2.358881004010853488e-01 -4.017096130055258785e-02 2.519406526223281761e-01 2.259710898364209186e-01 -1.952663901096532428e-01 -8.791562167572221365e-02 2.952765662146364378e-02 -1.022973879661993046e-01 7.603137113256643043e-02 3.455337208380804825e-01 1.000000000000000000e+00 1.384863639160839044e-01 1.978086463074853751e-01 -8.742577402848714097e-02 1.988233666832325552e-01 1.674175228268887095e-02 1.701795404973148462e-02 -1.852969556836964226e-03 -2.790929124128113323e-02 3.224095728077848166e-01 7.560142372053450278e-03 1.559116358704838168e-01 -1.540977525266566117e-01 3.550929149131377693e-01 -9.501468707415005807e-03 -1.364017261524452795e-01 1.721915967470930564e-01 -1.629270219741936129e-02 -1.033852810488443824e-01 -1.492104758074536963e-01 -2.170501117052775208e-01 1.855930194585198312e-01 2.023029457136188147e-01 2.240701848679377828e-01 -1.754550552362177107e-01 -1.801168216552420931e-01 -2.145512958207224374e-01 -1.530753664976883532e-01 1.342468289111724833e-01 1.188799795784320351e-01 2.289994193982639037e-01 7.344017485101354825e-02 2.086163463180170652e-01 -1.651255943756175376e-02 4.889813264397883247e-02 8.190489719528071255e-03 9.038626181383614677e-02 2.652499078851726366e-03 2.396905733648871384e-02 -1.388974597269841509e-02 -1.613072510256975678e-01 -2.048915785051738103e-01 -9.260392427521306480e-02 1.036731376100924612e-01 -7.482130027975100739e-02 1.479007038250569894e-01 6.479468209557198710e-02 2.855133783519601121e-01 4.201259782188993541e-01 6.601520558290920881e-01 4.099498469565318048e-01 4.669349167235656295e-02 6.418160268425671111e-02 2.074680818655615377e-01 -4.175298672669122690e-02 8.615466707333910637e-03 3.245244843934149553e-02 3.072441278931850595e-02 1.140573087617903665e-02 2.778421172197625411e-01 4.473723498025521626e-03 1.867184598479934010e-01 3.209897027879494713e-01 2.376351068349770168e-01 1.661047545253143964e-01 -4.021276506709779708e-02 -9.769294978020547082e-02 -1.089540997241101872e-01 1.026890614095865434e-01 1.571915147665343404e-01 2.471493397861862507e-01 1.721325325183519495e-01 -1.215328050524193057e-02 5.869752397480294120e-02 -2.622632522383250286e-01 -1.604816009464485049e-01 1.347333814320567924e-01 2.221303002150439021e-01 -2.000892928854417774e-01 -1.165444711776012499e-01 -1.485683844729117076e-01 1.490297622465783789e-01 2.046233875292781390e-01 8.764948858296751910e-02 6.065389669582527121e-02 9.941433250692048237e-03 4.414808554991358353e-02 -3.623780605477206623e-02
-2.355826428923642468e-01 2.504157652532140212e-03 1.363784343425790413e-01 4.300437949202556148e-02 -3.891224410756155550e-02 1.492860884553924052e-02 -1.287156048206440362e-01 -1.773362319459352576e-01 4.929750260670855144e-02 1.411458358254381873e-01 1.528177154594575204e-01 1.031330285695722659e-01 1.384863639160839044e-01 1.000000000000000000e+00 6.072381521583040120e-01 -4.600597654393469987e-02 4.889207915479478611e-02 -1.587924871250570580e-01 5.109414709746115113e-01 -1.452947469110077439e-01 3.349721837914038103e-01 -6.226127705825921371e-02 3.280642356676078952e-01 2.947602347020898406e-01 -1.157713702274694167e-01 9.882889597417231220e-02 4.391784973808878223e-01 2.912979616254397497e-01 1.520475678010582976e-01 4.598895857484167071e-01 -1.667075557627494820e-01 -1.162023778362388932e-01 1.037605135912756105e-01 -4.200280245836239199e-03 1.813773664171069444e-01 -1.786963706837103871e-02 3.876606734361320340e-03 9.844913228639083635e-02 8.783264010818742085e-02 -1.356354972023788574e-01 5.848475979280199494e-02 -2.792477582802532776e-01 1.159806611856034203e-01 8.031969629282445511e-02 1.517557532554425215e-01 3.827391867347445520e-01 3.590271625886194973e-01 2.763448596865356044e-01 -7.107675830835903652e-02 1.364469079077683389e-01 -2.029397687247292900e-02 -5.142583666305036716e-02 -1.784173190397711495e-01 -3.509674286251981967e-02 -3.169316019313220961e-02 1.189339343795689091e-01 -2.032669058822427488e-01 7.055754161209225328e-02 -5.103238714945346199e-02 3.012835174563111562e-01 1.626568474625470773e-01 -8.491156932140414906e-03 3.135380349548283485e-01 6.285724067245080926e-01 6.044490955132063581e-01 5.309146433853018099e-01 -2.276966450899743921e-01 2.969189605879198335e-01 5.959013909424287769e-02 -2.037329398527990276e-01 1.813838878217205464e-01 -1.284870129865318122e-01 8.777911832611227927e-02 -1.598448413744965324e-01 4.390482194270561161e-02 -3.814800130112211418e-02 2.186510618084799573e-01 3.704631163360683765e-01 -2.230340643891393915e-01 -2.574946919286198455e-01 -1.183370112346215364e-01 -1.826143464380548531e-01 3.535932871216879159e-02 -6.180704265988132273e-02 2.830529675155885605e-01 1.336443865346954862e-02 8.458739619629726536e-02 6.380195103944380497e-02 -1.702244429703811401e-01 -1.200322159296523111e-01 -2.227258404823662385e-01 -7.675443728148131917e-02 -3.893550402910658098e-02 -1.919690166433710155e-01 -4.992021991203796256e-03 1.086749731888197595e-01 3.225393675412245864e-01 2.171049017744790255e-01 -1.077234502168710195e-01 6.473966779865343579e-02
-4.285696659609558590e-02 -1.874840768578948241e-02 2.708691915466756028e-01 -1.890868334148593233e-02 7.401539610958447410e-03 6.953242530836591107e-02 -2.257434120617288209e-01 -2.404870821036406148e-01 2.734940954341709418e-02 -2.114043322924137602e-02 -1.461430373956485416e-02 7.290118335686135431e-02 1.978086463074853751e-01 6.072381521583040120e-01 1.000000000000000000e+00 -9.261240131099528206e-02 4.236415082501684970e-02 -1.990522738658785373e-01 3.530419935413803278e-01 -8.621703258054234931e-02 3.181525029837409257e-01 -9.524157093627405590e-02 2.395012619898484740e-01 1.882986262510406295e-01 -1.573574550901271352e-01 1.115938114596731617e-01 2.868939620471722685e-01 1.290606558975453122e-01 2.358743112712279322e-01 2.854942561834353798e-01 -1.808348813558816048e-01 -4.263625124050189619e-02 -6.242913685002532409e-02 -4.951927703655399637e-02 4.431379960782778210e-02 5.506481615532123064e-02 -7.882776570058534771e-02 -4.822595549780175905e-02 -9.697200961570782984e-02 -2.205108692279029170e-01 6.207752973487886197e-03 -2.382639206050346237e-01 3.946870287514844811e-02 8.690537737185401179e-02 1.501124677920968875e-01 2.433936782447303493e-01 2.269532983370020907e-01 2.005649630472975120e-01 -3.113810431074034990e-02 1.662067052808476886e-01 -3.528700055072347963e-02 -7.495549182558293444e-02 -2.477869344494867954e-01 -1.326573661703169538e-01 -1.058429692655925847e-01 1.162302803039616389e-01 -2.292527778450590970e-01 6.524102960233417459e-02 -2.440046884321038223e-01 1.843549132939234225e-01 2.384701624237454409e-01 7.841724735522855039e-02 2.766197730128484578e-01 4.145681189547212320e-01 5.527169837335300651e-01 7.370465637029625094e-01 -3.181673571104514098e-01 1.844931285130235188e-01 2.209345874518614528e-02 -2.448225647307832598e-01 1.807703716062103727e-01 -1.470842140709767432e-01 -2.767324134690639717e-02 -2.159012970572489754e-01 4.389523522001539252e-02 -2.790434472604254659e-02 2.972003066653408632e-01 2.071199572072587314e-01 -2.756789484617545583e-01 -1.850251588042715889e-01 -7.825012250432270000e-02 -1.794310338875636790e-01 1.369186282967106705e-02 -4.548192978756469829e-02 2.431282104109324660e-01 2.694186133975405920e-02 -1.168748813757430026e-02 -5.484512807058378007e-03 -1.415654706408768226e-01 -7.586514111055379928e-02 -2.885545187160839520e-01 -2.632416357601816692e-01 -1.316692124944879860e-01 -1.210831249277344035e-01 5.859445134767619912e-02 7.488026979883639911e-02 1.869186224908580551e-01 9.433227581852128563e-02 -1.118125631870805353e-01 9.040351264350661442e-02
