1.000000000000000000e+00 2.006081952289189840e-01 3.063485305951342275e-01 -1.374653765962708940e-01 -7.357929167085790201e-02 3.099150177969771033e-02 8.846453739003261318e-02 -1.340309896961334457e-01 -1.472887101730188664e-01 9.902683088166248926e-02 -1.476182293728891814e-01 -2.898423450695538084e-01 -2.050881647610966474e-01 -3.630471864816785521e-01 -3.189345370618226760e-01 2.859734379873133947e-01 -4.791936060358976956e-02 -1.999758147406587028e-01 -3.004748140215428021e-01 -1.683283177370125672e-01 -3.482700503033899775e-01 -5.121047166588187094e-02 -3.154340363150652804e-01 -1.638522693164405353e-01 3.399536206754938394e-01 -8.593628014827453532e-02 -2.701876230186392447e-01 -2.414042438830631965e-01 -1.904727038961479546e-01 -2.860610680102239622e-01 1.492737589354719008e-01 1.241148447583070302e-01 1.027957515029966629e-01 -2.383595962326309770e-01 -8.668637119655278611e-02 -1.960614453671154223e-01 -1.277845294338337545e-01 3.820447996171294491e-01 -1.283473436835287813e-02 -1.628057489921512224e-01 -1.436950926922550276e-01 2.072514541936964494e-01 -1.002088500324817832e-01 -5.298601243000394811e-02 -2.219441350380207956e-02 -3.618050386776835436e-01 -3.328409783781622333e-01 -2.969571742516438628e-01 1.319125186202751709e-01 -4.986008370181453653e-02 4.860877526147470151e-01 2.645162607142309552e-01 1.015565527686908137e-01 -1.725516001166309266e-01 -1.343085119381950791e-02 1.226089371664164235e-01 -9.889477467932066002e-02 -1.680661481595168427e-01 -1.825271966124223169e-02 -8.543754244341630888e-02 -1.902053921271939507e-01 -1.213178389956242886e-01 -3.041677777628590262e-01 -3.267185571366372776e-01 -3.268950154732942481e-01 -3.815161436600779110e-01 -1.345834401700250205e-01 -2.019195474278651647e-01 -1.186213461454573709e-01 -1.358665749100032571e-01 -2.259554761247791754e-01 -1.366001920715667617e-01 -3.544306663363278598e-01 -3.093535584854593123e-01 -1.425737063027635587e-01 8.819068967417213745e-02 -2.218376806993760941e-01 -3.521842942563835899e-01 1.156176811660849027e-02 2.489008103175683467e-02 -7.532583797643031820e-02 -9.262631172167866411e-02 5.530934694333971766e-03 2.005938296488423908e-02 -2.720367437651244336e-01 -3.196054329755777523e-01 -2.033431638484909376e-01 -1.968574648396878846e-01 -1.688187937521121451e-01 -2.066689038471703210e-01 6.906539255922822251e-02 2.340729447037618871e-01 -2.150944809940483204e-01 1.063128344549310461e-01 -6.152953521983835217e-02 -6.700534909519355320e-02 -3.794994271108662054e-01 -3.313956168017435644e-01 9.079671678080868114e-02 -1.161289496487096645e-02
2.006081952289189840e-01 1.000000000000000000e+00 5.011536166859568153e-01 3.579379407400076207e-01 5.352738633536199275e-01 3.356733274420951041e-01 5.287175598083624362e-01 3.252950689739494972e-01 2.547796891420145982e-01 7.442847367466048913e-02 1.073463064015275081e-01 1.203543134602081260e-01 1.364219705291764839e-01 3.676621846330858923e-02 1.506330055430660786e-01 5.384585416327578589e-01 1.243275753221699254e-01 1.447905529646172362e-01 6.827829083049236081e-02 1.690867865650505508e-01 7.156996166840401408e-02 1.303263160313801634e-02 4.949365632181122743e-02 2.405271497105697653e-01 1.030617436890938210e-01 2.287761381127534702e-02 8.435088974954250973e-02 4.036004984444815924e-02 -8.349840827902087897e-03 -8.458877100413764172e-02 -1.049512200074941420e-01 2.508377257527587972e-02 -1.261694023006331919e-02 -8.120115201463061483e-02 1.221428305081559557e-01 1.758769206127492046e-01 4.810757302318601283e-03 1.373580992160630329e-02 1.274835627326404222e-02 1.259832388067658737e-01 -3.741816045104643523e-02 1.007852229351388490e-01 6.904810620653480113e-02 -1.566481827016846101e-02 -2.906046928305056065e-02 -5.005507019277700975e-02 -8.285358723018308724e-02 2.647249792584832357e-03 1.806501486087704056e-01 9.696225222047767656e-02 1.506560787321827542e-02 7.782970072246222504e-01 5.222273315456903431e-01 4.258011666527249939e-01 5.042961703401092066e-01 2.917789925977238297e-01 3.116718142540640946e-01 2.732113617779300951e-01 -1.315583737665963759e-02 2.426663423013939447e-01 2.112799882640163662e-01 2.414522762038864567e-01 -5.034827845105400990e-02 8.646568435667066621e-02 7.808150286071938173e-02 9.483977376930875780e-02 2.718513983048072569e-01 8.101985147474494164e-02 -4.822384777070577722e-02 1.055598519878192670e-01 5.672217213137745184e-02 6.588763715022818990e-02 1.681705512719791629e-02 3.724072619477120094e-02 2.094379841333512682e-01 1.503463399418805968e-01 2.685568945318886347e-02 5.539795519978414629e-02 -1.523149210150063215e-01 2.044632619736225579e-02 -3.144188467115245633e-02 -8.093330509184998300e-02 -9.868510439275669788e-02 1.194918203961837233e-01 3.122920124484739306e-03 -1.344209906069950000e-01 -2.349886338830028606e-02 1.445953409740684086e-02 1.719493851438169407e-01 4.495508081494645203e-02 -2.592284701809063202e-02 1.596666467952428253e-02 8.901041683847824015e-02 -4.630336755992710274e-02 1.424549992371030027e-01 8.611252539571108075e-03 3.063173008274648959e-02 -1.735726103450658739e-02 1.776308884382725162e-01 1.036483063955989936e-01
3.063485305951342275e-01 5.011536166859568153e-01 1.000000000000000000e+00 -1.062423775085159783e-01 3.161667605797354175e-01 7.078054194420390077e-01 5.248065254918337086e-01 4.037913924430274748e-01 4.170074108981755012e-01 2.780499305249877762e-01 2.016148714534650721e-01 1.821802271602653844e-01 2.016922567552413836e-01 -5.317917958579841675e-02 2.259278276280268435e-02 3.043573119630379464e-01 1.850832960201135857e-01 3.850245993722224702e-03 5.815064407494435761e-02 1.322508500719131279e-02 -5.533077979281932762e-02 1.596359996764618872e-01 -5.674398813389315566e-02 2.092387309820774310e-01 3.794625906972275975e-01 1.195524482147036494e-01 -1.497834858209359972e-02 3.204449168919776270e-02 3.858922901092025348e-02 -1.420683377382003509e-01 -1.059378275667460789e-01 -2.286378145275402285e-01 -1.757421887924660864e-01 -8.331026087969617411e-02 1.975791333649472570e-01 1.275071614461860958e-01 2.000431333989019164e-02 -6.725306123654081758e-02 1.650084854218342445e-01 2.866815681067514943e-01 1.000755805838279139e-01 3.442263577091534410e-01 2.275037986133922607e-01 1.150960863043965221e-01 1.241607672327034173e-01 -1.232360893536570551e-01 -2.007629867625355391e-01 -7.957526528090139162e-02 5.492088630102451852e-01 2.176087490268993618e-01 4.678635777643976035e-02 5.906455902686023052e-01 2.215300684740513781e-01 -6.445968501119622718e-02 7.071741806457625401e-01 7.515867829208786599e-01 3.414860362720352205e-01 3.542889408682432517e-01 2.410877000514898838e-01 2.782365535186277494e-01 8.203846639436682131e-02 2.223354234690859410e-01 -2.175645976498271489e-02 5.183065812262857563e-02 1.417945725191886198e-02 -2.593054583918484590e-02 2.944535790093515404e-01 1.562683849351404475e-01 1.377093400712651322e-02 -4.405282404355186782e-02 -8.441958500023956369e-02 1.518664774260691797e-01 -1.266692088084511725e-01 4.622043576589830727e-02 1.311569370217054442e-01 3.137333956039510263e-01 5.160043576769461626e-02 -6.446038719083083124e-02 -6.476241014393099849e-02 -1.691238968024676159e-01 -9.364254297150770290e-02 -9.522797426831808298e-02 1.740274913076336194e-01 2.222433432065188674e-01 -1.831156939042932405e-02 -1.908154911567884748e-01 -2.456723381852138691e-02 -1.182954147478086464e-02 1.032610628279360815e-01 5.057496443031362504e-02 -1.202392908566966984e-01 2.574732160396643876e-01 1.459883875443948043e-01 2.209660566441590535e-01 2.645451091929448828e-01 1.625659008235533221e-01 6.179015184662880848e-03 -6.054011055332361724e-02 4.891081348995672262e-01 2.450573001637675608e-01
-1.374653765962708940e-01 3.579379407400076207e-01 -1.062423775085159783e-01 1.000000000000000000e+00 6.013677594025379491e-01 -4.814225328234248563e-02 2.389209462288449659e-01 1.813464605970278865e-01 6.216659665978760407e-02 -2.467336364200390098e-01 8.507129656290361719e-02 2.110590981830963719e-01 1.172433651526831461e-01 3.195188481650386714e-01 4.322974162192615988e-01 4.167694980240633784e-01 -2.599147627166552288e-02 2.075345063809232726e-01 2.675442092996005994e-01 2.770720414075901750e-01 4.083335074741529791e-01 -1.713701760334783442e-01 3.719741376615398054e-01 2.651014714151145313e-01 -1.854576437753256146e-01 -5.404796402924218202e-02 1.653080532323787377e-01 1.078506105198041853e-01 1.393254282110747422e-01 1.656831658951223585e-01 -3.498184425555442983e-02 3.416692322117667602e-01 1.937119751143001611e-01 1.022726939819450509e-01 6.015607707355075107e-02 1.290774810562609620e-01 1.158966205973041702e-01 8.906148684953121841e-02 -3.756269994903000536e-02 -1.357253443536644150e-02 -7.648202996588834846e-02 -1.031457008312202522e-01 1.634877449538827202e-02 -5.169814970086582251e-02 -2.921175041228280325e-02 1.500607238267157306e-01 2.790080289364441080e-01 3.269013555273332927e-01 -1.449334672542607061e-01 5.878479333503155036e-04 -1.221964203959615552e-01 3.212890769689157877e-01 4.415626686036200343e-01 8.670625925808500556e-01 5.178588334988549341e-02 -2.193688733837782234e-01 1.855139652454661503e-01 1.414079744453497489e-01 -3.101512590217468390e-01 1.976395636611067430e-01 4.147664000124132722e-01 2.889930358483276396e-01 1.745603447896796057e-01 3.319536782762793070e-01 3.680463575917022334e-01 4.201249787432049243e-01 1.164562165771034080e-01 5.905063004116214292e-02 -9.587777121722894369e-02 1.349336764945370526e-01 2.549777692131426354e-01 -5.615260387298481176e-02 3.704030309935416598e-01 1.525087269180588068e-01 2.537586569763835009e-01 3.134969619968873411e-02 1.217472447606301189e-01 3.319061758692265496e-01 -2.877096339012923457e-02 2.432398712565710663e-01 9.272239148474523129e-02 -4.484131621633675319e-02 -3.309846549324723664e-01 -1.161493398003505262e-01 5.567439184705016281e-02 1.341096434545178129e-01 9.225080817391073662e-02 1.341322735308397573e-01 6.911193299908646726e-02 2.758688029575736764e-02 1.299601000509529869e-01 -2.236831228452134390e-01 -3.105477785893836357e-02 -2.305028844821250811e-01 2.403011498530738949e-02 -2.147732853396476602e-03 1.752800579989618468e-01 2.583595026781994042e-01 -2.363744157505875965e-01 -7.858323288612528712e-02
-7.357929167085790201e-02 5.352738633536199275e-01 3.161667605797354175e-01 6.013677594025379491e-01 1.000000000000000000e+00 4.051692923133546897e-01 3.761547095855369283e-01 4.269451997079518613e-01 3.871239357709977402e-01 -1.405113047674254600e-01 1.393310051045642262e-01 2.746922907764525745e-01 2.400939022160724912e-01 2.562983043237633818e-01 3.779357222595657317e-01 2.749480517283782732e-01 9.216832203569025328e-02 2.537612599320632767e-01 2.564743787294677668e-01 3.598531021296027532e-01 3.318300775711520711e-01 9.224358177793999525e-02 2.947726556915293283e-01 3.574758400501921729e-01 -9.148411806784341460e-02 3.468626576478901768e-02 1.592282840246600772e-01 1.165434470710241810e-01 1.737352553440768554e-01 1.100287756179865600e-01 -1.668538613547459470e-01 -7.917520209561597355e-02 -1.019419201395080632e-01 1.325621860525245665e-01 2.137190888121689725e-01 2.223993346870331567e-01 1.270922870192895959e-01 -1.577331252271181039e-01 1.898134285932522869e-01 2.384314732716146801e-01 1.014514715012359708e-01 3.009642088654846791e-03 2.255925827487544610e-01 4.624593741255495633e-02 8.990752160824559691e-02 9.654572185117847594e-02 1.570185227545233819e-01 2.904321697467728280e-01 1.750151440064330322e-01 1.806953114960450912e-01 -2.344207665539076169e-01 4.376424895869558962e-01 4.053782502902568141e-01 5.438688481703259914e-01 4.902433612966780596e-01 1.696143420242532673e-01 3.245250382721759919e-01 3.910723941068690590e-01 -1.311931822020354077e-01 2.949279808852209861e-01 3.645443364734778369e-01 2.920335421177500113e-01 9.302778200926001273e-02 3.165876155123064639e-01 3.152120602627817014e-01 3.744473918588024919e-01 3.803649184214223933e-01 1.493972801310378684e-01 3.873985748568786747e-02 2.185509285710957317e-01 2.722104460511370339e-01 1.197442332340148269e-01 2.902936926326427081e-01 1.862852618391119264e-01 2.022597694586923123e-01 1.064063244500494665e-01 1.627479953370268573e-01 2.113969615602694363e-01 -1.204863585241862101e-01 -1.260449824682648157e-01 -5.305733842303607395e-02 3.252987717840388759e-02 -8.371401890309318472e-02 9.707227027860053370e-02 1.079538513910628106e-01 3.578307304989114535e-02 1.194869588617695350e-01 4.644731959299908813e-02 1.899272532794169799e-01 1.157534018943731924e-01 -7.632363289162545639e-02 -1.815664067182376773e-01 1.803551752324500657e-01 -1.103581961396942618e-01 1.682487172056954250e-01 8.452234953393363004e-02 2.148564680273450100e-01 2.435883374493460762e-01 3.779951332614824716e-02 8.784706793538771263e-02
3.099150177969771033e-02 3.356733274420951041e-01 7.078054194420390077e-01 -4.814225328234248563e-02 4.051692923133546897e-01 1.000000000000000000e+00 5.637895712445653018e-01 6.188152998177834929e-01 6.685696890707412132e-01 3.011835076649904686e-01 2.990253842436245146e-01 3.021182366987191226e-01 3.323410546396076692e-01 1.033667953115499222e-01 1.910471716118708752e-01 1.020650049071633036e-01 2.070267882916162205e-01 1.205992170217721204e-01 2.534029149416793802e-01 1.736508090946940475e-01 1.184293308372141723e-01 2.245270304736611267e-01 6.088038301775796496e-02 2.864453006228437904e-01 2.661378535803128886e-01 8.235437509688758873e-02 3.839765834573429654e-03 2.456931587042875467e-02 2.369371216666566748e-01 2.010848427682932968e-02 -2.158464315718364515e-02 -2.497362082064345790e-01 -2.240475947564652404e-01 1.110156162854390033e-01 1.829926520014494296e-01 2.032005139354476353e-01 9.642560636782485095e-02 -1.712048599664526272e-01 1.906646964578857517e-01 4.153305434635531923e-01 2.580006199607401962e-01 2.233431781476187539e-01 2.483339752823218172e-01 1.393394287498370132e-01 1.065592055287671036e-01 -5.175441492318597764e-02 -8.927586210425381141e-02 3.962272998547901326e-02 7.134909857651120513e-01 3.514854185568141443e-01 -1.401078583271468669e-01 3.799163129045106668e-01 1.735964065827246827e-01 -1.123367605107714051e-02 8.292492563561431052e-01 7.756629315652174839e-01 4.823261247105647409e-01 5.902262842456129643e-01 2.893734663732812074e-01 4.280888471154235542e-01 1.506227040482643054e-01 2.679569323193224384e-01 5.506118664791951473e-02 2.047437001833448400e-01 1.432757639175032682e-01 1.851226215825478305e-01 4.286334765470555253e-01 2.619660464036704384e-01 1.985037856066594608e-01 6.621546433505902385e-02 1.574607511007090899e-01 2.409458406761200988e-01 5.927503595274923737e-02 1.729691917160615655e-01 2.105191886264107248e-01 2.322833841347670125e-01 2.831655355685867570e-01 8.817572258292169507e-02 9.879381297197876999e-02 -1.991180969282310420e-01 -1.059149057535673510e-01 4.823624377528558209e-03 1.324684993496813290e-01 1.749633461895360453e-01 1.814753738812760865e-03 -1.157329573899372605e-01 1.168108203960981500e-01 -1.945640626217358046e-02 2.121840325856731158e-01 1.454381548880987751e-01 -1.399470053998518593e-01 1.168968894579435064e-01 3.102681158101629477e-01 1.178818120719745260e-01 2.306607114889293042e-01 1.544674735412564781e-01 1.099625796635216035e-01 3.454292378590176349e-02 6.115481997826744953e-01 3.960514890714027514e-01
8.846453739003261318e-02 5.287175598083624362e-01 5.248065254918337086e-01 2.389209462288449659e-01 3.761547095855369283e-01 5.637895712445653018e-01 1.000000000000000000e+00 6.558441318812825438e-01 5.552575021024904744e-01 3.295067171526767646e-01 3.755087810195806286e-01 3.160348671593606884e-01 2.548594495968389828e-01 5.155237264323615787e-02 1.344831146969084623e-01 3.934092280893359272e-01 1.789604365293011312e-01 6.639918364349556290e-02 1.890663932558294680e-01 5.953873514753386942e-02 9.957749269608795473e-02 1.050347490629791394e-02 7.630409265326841550e-02 3.037056354805816594e-01 2.214299094349306551e-01 1.355994565970997934e-01 -9.402999416028536700e-03 1.104589692643951487e-02 1.329165037585710585e-01 -3.974337144349083389e-02 -5.458184010262433217e-02 2.270365786740973293e-02 -1.678476874899631766e-01 -1.463912469079542249e-02 2.176889328814035282e-02 2.388163335079735439e-01 5.385856081751436847e-02 3.835457077116333907e-02 1.215075386561736102e-02 3.563497124981191977e-01 9.082619533868133144e-02 2.277407394444252390e-03 8.960328673374326480e-02 4.457337666690926875e-02 -2.308547698762700162e-02 -8.871684819658315346e-02 -9.960475234731748506e-02 -5.363878622160874778e-03 4.202168563121866374e-01 1.240862304488600520e-01 -5.796697284099520953e-02 5.355145970695377455e-01 3.803507136552425894e-01 2.882745892026292167e-01 6.408430567975126335e-01 5.125665305716098352e-01 6.132439920215072560e-01 5.564040635984832672e-01 1.588061369581955928e-01 3.753275591608549733e-01 2.527681887983151410e-01 2.644781238769426945e-01 2.124478639155337467e-02 1.338059638954892105e-01 1.276359446940194542e-01 1.001613760451071228e-01 3.952280664279538835e-01 1.199174647103761482e-01 -3.936484895810893336e-02 -2.063980094013023736e-02 2.507944517412752372e-02 6.042847845394699186e-02 4.922820312962847972e-02 2.187259636840354626e-01 2.800730887441183481e-01 1.970400665312385391e-01 1.560743932165447045e-01 1.141257266298153772e-01 -3.094293110667644189e-02 -6.899603483209640342e-02 -2.086742075290472925e-02 -1.266673519212325461e-01 -9.796138114018650145e-02 -3.548157012172664486e-03 -5.584302801832480984e-02 -9.796985007535996548e-02 7.088977901469599441e-02 -1.598136366183365922e-02 1.595398019798761891e-01 1.368195836793628106e-01 -1.137201280392680647e-01 -1.849189172642442397e-02 1.910555348568497569e-01 -7.783105385395205911e-02 1.585597620153237630e-01 7.423316970680132743e-02 3.939536664442989250e-02 -6.161466940762138321e-03 4.017325363332883148e-01 1.825164511846958659e-01
-1.340309896961334457e-01 3.252950689739494972e-01 4.037913924430274748e-01 1.813464605970278865e-01 4.269451997079518613e-01 6.188152998177834929e-01 6.558441318812825438e-01 1.000000000000000000e+00 7.945110586571898503e-01 1.858413106003434234e-01 3.264526818647103812e-01 3.913140950104401772e-01 2.677635203242983986e-01 1.504461854880123628e-01 1.635965462698714679e-01 1.950189122216673676e-01 1.599025351406542506e-01 1.956280730063278961e-01 2.567261717690663692e-01 1.020255618647571833e-01 1.938889305470990199e-01 7.737351330659303361e-02 1.281778779129258694e-01 2.926879752853588923e-01 -9.976474561631537216e-03 9.510026616353932372e-02 2.562289034149341574e-02 -2.773047599049571765e-02 1.673190681426504622e-01 1.269883015461629149e-02 3.217764679941783473e-02 -5.046971324445159723e-02 -1.280729045755352458e-01 1.153721290931270654e-01 7.735674131045899501e-03 3.643938153195852570e-01 -2.712392531357609923e-02 -9.863656408591389702e-02 2.047702347008319417e-03 2.647432924457822634e-01 1.914492915991707900e-01 -1.338698486178354352e-01 9.114812741908037697e-02 6.431112295261469380e-02 -7.266659411268493185e-02 -2.185377289325183062e-02 -3.418921960352393902e-02 5.733592105829418695e-02 3.993739706572798087e-01 1.627137662996542555e-01 -1.512001970221847624e-01 3.642804414036803773e-01 3.090509468106294455e-01 2.808377007378766166e-01 6.730907035609152711e-01 5.347880831564163495e-01 7.907812891770173991e-01 8.145870685246965337e-01 1.309809105575342469e-01 3.395525678497801070e-01 2.259616788959760703e-01 2.231761349723014876e-01 4.741587877890689195e-02 1.861431501717024650e-01 1.807490174199403721e-01 1.463423347886571579e-01 4.691337357091378557e-01 1.707308645895330712e-01 6.863908879461823320e-02 5.255845110479092502e-02 6.051449822158737335e-02 8.198939529055367104e-02 7.205024298917071801e-02 1.807751313356736611e-01 2.172711817016693969e-01 1.742602387242981818e-02 2.341142232490097119e-01 9.035366051549127697e-02 1.258352026752863062e-01 -1.232915103456651423e-01 -9.103514762706942098e-02 -1.283453363794991205e-02 -8.565238262210973785e-02 -8.141807462717566557e-02 -7.036595165411916458e-03 -6.830430588122030078e-02 4.233351439373271574e-02 -8.315247296064572080e-02 2.511173481003889929e-01 1.846312087836884108e-01 -1.429805318099734435e-01 -1.756296016674393501e-01 1.264984314641008634e-01 -1.799542895597406600e-01 1.110759639556772038e-01 4.402822750253095052e-02 9.038430240999650866e-02 2.532869723486837199e-02 3.546670221010642110e-01 2.195220316628478385e-01
-1.472887101730188664e-01 2.547796891420145982e-01 4.170074108981755012e-01 6.216659665978760407e-02 3.871239357709977402e-01 6.685696890707412132e-01 5.552575021024904744e-01 7.945110586571898503e-01 1.000000000000000000e+00 2.801182913045026646e-01 3.448678422397854493e-01 4.097735302498461407e-01 2.817514448239867297e-01 1.593546858495809293e-01 1.675025630014858602e-01 8.292253791974053823e-02 1.580196114435199473e-01 1.761997438150500472e-01 2.274438898795044239e-01 1.049514752192152317e-01 1.353205295461897828e-01 1.617708000330591034e-01 1.187794309014535976e-01 2.948064285763855041e-01 3.497751564209599512e-02 8.140165419716045847e-02 3.956236851188252301e-02 1.421490193780689318e-02 1.610652198139283786e-01 5.684493857562290808e-02 -4.064570662539570417e-02 -1.645238052760081560e-01 -1.554314585606203225e-01 1.070282729393254029e-01 8.410561222657171598e-02 3.950725138788654944e-01 1.114311449746568407e-02 -1.600709042508936808e-01 1.171428422502330119e-01 3.553092001676834144e-01 2.732804791562346014e-01 -7.733643712296708883e-02 1.500407478369693570e-01 9.127295392511124150e-02 -1.817029218397098536e-02 1.676250092226637747e-02 -1.608925016221672208e-02 5.292201185579820111e-02 4.549357503371463385e-01 1.893468663147780950e-01 -1.741911726277048655e-01 2.880173839189494323e-01 2.677602249147930102e-01 1.536755132297465964e-01 6.797207398525134669e-01 5.986018660243249689e-01 6.908649592727565958e-01 8.148027333431206998e-01 2.542488688225614801e-01 3.422341456288661710e-01 1.756940872515948826e-01 1.784105570743762803e-01 5.516069194857402963e-02 1.686089919796348868e-01 1.150788033033328522e-01 1.426595347677356851e-01 5.015306449329264282e-01 1.657263223676141428e-01 1.149915130761463011e-01 6.617519470173240104e-02 2.772605963113119326e-02 1.352727077484059681e-01 5.342800492976890886e-02 2.037888252041462345e-01 1.839165823479458617e-01 2.424709609659817661e-02 2.372547683710325706e-01 8.203111165422924400e-02 7.572006539920135559e-02 -2.025198257477598685e-01 -1.092400454822972378e-01 3.049858168251095084e-02 2.189321537362692166e-02 1.177614041595977448e-02 1.148308634171927439e-02 -5.095624198461719961e-02 4.642271389855913422e-02 -4.799980340703313697e-02 2.900591104502158735e-01 1.918129464887048941e-01 -9.386638614307131478e-02 -1.000509293222665852e-01 2.460962029396888129e-01 -7.839927914284204602e-02 1.704581155884589416e-01 6.133974058000998125e-02 1.134258464505598502e-01 3.410486103083594511e-02 4.220906847720104493e-01 2.225471669023069143e-01
9.902683088166248926e-02 7.442847367466048913e-02 2.780499305249877762e-01 -2.467336364200390098e-01 -1.405113047674254600e-01 3.011835076649904686e-01 3.295067171526767646e-01 1.858413106003434234e-01 2.801182913045026646e-01 1.000000000000000000e+00 2.769556778446420897e-01 6.621796513515694482e-02 1.587214397480503081e-01 -1.165079783045261108e-01 -1.209157027555755742e-01 2.599040974062780118e-02 6.355628344300161270e-02 -7.282148677888591881e-02 -4.311015400526351654e-02 -6.608815682131427560e-02 -1.504127790646352381e-01 4.944349871894546805e-02 -1.102809738151996483e-01 1.978268987429718587e-02 4.176789395261283899e-01 2.178983070082808268e-02 -1.510570899353042562e-01 -8.810210592545168751e-02 -3.575136886481900672e-02 -7.852069402230379969e-02 1.149037987632758467e-01 -9.839368137905010747e-02 -1.944577656343269290e-01 -5.125169914140530886e-02 -5.553601737371290092e-02 4.374772598945927266e-02 3.961318604802346877e-02 5.480362860848301404e-02 4.489905539297396608e-02 3.446082313969461852e-01 8.912051341966076290e-02 2.767980723405012999e-01 -1.496988165661382493e-02 2.100489305026892184e-01 6.972401623272675431e-02 -1.264335038705442227e-01 -1.539183605403649790e-01 -1.283422450795446146e-01 2.612382311136526303e-01 3.443366657786341850e-02 -3.158864893752034997e-02 1.470154422287440477e-01 -3.209636027410483344e-02 -1.519970798456858063e-01 2.691959646332233169e-01 3.521723154205540496e-01 1.217023138434621676e-01 2.178224384844716366e-01 6.785174311128862046e-01 1.582834414888209806e-01 -2.263452390520442892e-01 6.291865648579750281e-02 -1.914282799383999409e-02 -4.740650780329315472e-02 -7.659559880361144213e-02 -1.544145904739014363e-01 1.728907303863718159e-01 3.399353457454101085e-02 1.702817325277371577e-02 -6.949546631255396067e-02 -7.396861876031024519e-02 6.681263105243520628e-02 -1.397997924700347394e-01 2.555249496136995369e-01 4.281728595083572619e-02 1.159722294693222161e-01 6.159414540389416409e-02 -6.326148447249568298e-03 1.513284943789731662e-01 -9.214339091283600680e-02 -5.085673422648904346e-02 -7.895175104024501622e-02 2.206976862423402630e-01 -2.565028025756355828e-02 -1.323920747682905685e-01 -1.115292322436987199e-01 8.306994637207588961e-02 -1.200057236120507381e-01 6.503109251142118186e-02 1.485232949730864171e-01 -1.707196615945687501e-01 3.410813473917014838e-01 1.692326841638138735e-01 3.836490360198160920e-01 6.757888018750292380e-02 1.375532699180433138e-01 -5.452584183909542359e-02 -1.345282228330298424e-01 3.409919583694560052e-01 1.073483313554291496e-01
-1.476182293728891814e-01 1.073463064015275081e-01 2.016148714534650721e-01 8.507129656290361719e-02 1.393310051045642262e-01 2.990253842436245146e-01 3.755087810195806286e-01 3.264526818647103812e-01 3.448678422397854493e-01 2.769556778446420897e-01 1.000000000000000000e+00 7.470485379452963537e-01 4.541559536076807402e-01 1.487508440077049132e-01 2.271961909329270612e-01 -3.254806356764052000e-02 2.827193321692360040e-01 1.496527709927459593e-01 2.198287877983836069e-01 1.938804119231748169e-01 1.260226511873661082e-01 2.311871483536090399e-01 2.285136306960860453e-01 6.173755437873590379e-01 1.928049719522244021e-01 6.446463988038264592e-01 3.225470459929173639e-02 1.373538555675129225e-01 2.123825933463469595e-01 1.452345195802603461e-01 -5.960158200543211326e-02 1.615489916301490053e-02 -1.053377917548398573e-01 2.663834319240858672e-01 1.186089015536953700e-01 3.150023674767329918e-01 2.957032275794529430e-01 -1.093645492544270403e-01 1.029399072356134981e-01 3.732593613926825094e-01 3.251238835037902897e-01 1.916668304499558606e-01 4.458148937008772350e-01 2.236408998891335487e-01 1.748115235566075620e-01 6.330081238162560409e-02 1.023196607245854817e-01 1.719988257468067216e-01 3.214016533184468338e-01 2.966647695476364310e-01 -2.248470087310976140e-01 1.337082010348219496e-01 -1.919857236712413720e-02 1.064504955276050074e-01 3.194453868734722368e-01 2.215994776627213947e-01 2.679842390714603506e-01 3.440600473806657011e-01 2.695285834687347060e-01 6.756297080595321525e-01 4.345597223647500451e-01 3.143240475446268389e-01 2.177182437603171761e-01 1.612171453090526230e-01 1.064980197211081864e-01 1.676432228610118536e-01 3.325073157394457524e-01 2.186523377030185344e-01 1.127988470011003913e-01 1.173047544445785934e-01 6.873134249116155670e-02 2.140498931536613247e-01 1.811868554666837827e-01 4.647396030935260769e-01 4.114144484185345285e-01 4.746666569171400507e-01 2.583020391440735142e-01 2.944965821287497953e-01 2.906838742754794605e-02 8.170575290887825692e-02 1.381607500357195928e-01 6.386385428743307502e-02 1.136265338508100214e-01 2.845358122584792926e-02 2.183082641059275533e-02 6.879013152465757175e-02 2.991393639881212985e-01 1.007690395935451622e-01 3.102546333671975520e-01 3.488043569097433183e-01 -1.656653099495958015e-01 -3.201353790242057046e-02 1.643134121002191028e-01 5.567738132031288534e-02 3.271957527069219718e-01 2.787179593982534453e-01 2.113335214715100219e-01 1.637072984115396368e-01 3.043349087834805178e-01 3.155779718406431789e-01
-2.898423450695538084e-01 1.203543134602081260e-01 1.821802271602653844e-01 2.110590981830963719e-01 2.746922907764525745e-01 3.021182366987191226e-01 3.160348671593606884e-01 3.913140950104401772e-01 4.097735302498461407e-01 6.621796513515694482e-02 7.470485379452963537e-01 1.000000000000000000e+00 4.515573005573348397e-01 3.784708190517331317e-01 4.111700381040729324e-01 -7.222068603506326401e-02 3.079361248661554029e-01 2.678527574149796031e-01 3.307964738012171280e-01 2.581789284474546031e-01 2.693645525122412843e-01 2.535465375496489537e-01 4.278420953607793287e-01 6.314962906474340665e-01 4.790046342935258550e-02 5.460566199566468937e-01 2.348451821783044124e-01 2.759205350221697328e-01 2.343974515659180136e-01 2.402181148379572417e-01 -1.469694637143756644e-01 -9.123631107753060049e-03 -8.616585862940845386e-02 3.244671708548356182e-01 2.018420940905721050e-01 3.626250624311288528e-01 2.206241139534712847e-01 -1.886001466463169129e-01 8.918935979736959674e-02 3.374133159597638709e-01 3.356319210556319432e-01 1.319148664961971029e-01 4.877331181924822179e-01 2.116403026139483945e-01 1.486538586520735339e-01 2.450305970240192754e-01 2.938261129362454982e-01 3.322344237982459703e-01 2.057614082800455491e-01 2.745495561644522020e-01 -2.898312809812547686e-01 1.255449802292462336e-01 4.856172757839874454e-02 2.126423645403910656e-01 3.511701896093922803e-01 2.062204911681237984e-01 3.307788581307036235e-01 4.118280359914117672e-01 7.012599115414423767e-02 5.838831926330070310e-01 5.191707738085957757e-01 3.149178311795974849e-01 3.177045963102578252e-01 3.509049408836646400e-01 2.778003074466845468e-01 3.630636328451228856e-01 3.206373001324270278e-01 2.749950431267288997e-01 1.388067289278925032e-01 2.063649097363417784e-01 1.507509638967220178e-01 2.400855104823238773e-01 3.622133978130793186e-01 4.181634572136708194e-01 4.410108832478131791e-01 3.771279066350365361e-01 2.610923361193144832e-01 4.164460397216402376e-01 -6.921500869900476527e-02 3.364088607438657508e-02 1.797221813280115987e-01 1.770344438028801648e-01 3.016711553477787605e-02 2.900315323238410875e-02 2.148727129277839820e-01 2.385151940915255786e-01 1.961720300318401389e-01 2.356280025666961930e-01 3.512005643650017994e-01 3.495754120621246686e-01 -1.093221792144194598e-01 -2.502949476866446754e-01 1.330409081238932700e-01 -9.323332540484764730e-03 3.644542876828111289e-01 2.872727889296834425e-01 3.687532759198124399e-01 3.466030786485505000e-01 1.646431126281690527e-01 2.326693699482982602e-01
-2.050881647610966474e-01 1.364219705291764839e-01 2.016922567552413836e-01 1.172433651526831461e-01 2.400939022160724912e-01 3.323410546396076692e-01 2.548594495968389828e-01 2.677635203242983986e-01 2.817514448239867297e-01 1.587214397480503081e-01 4.541559536076807402e-01 4.515573005573348397e-01 1.000000000000000000e+00 4.557810006103263922e-01 3.984297275577095565e-01 -5.839072641117890733e-02 6.782734957459942704e-01 3.329371607427467072e-01 5.340585246085367555e-01 3.461373625538400889e-01 3.099790016384984526e-01 5.858225563548046244e-01 3.122172779691247957e-01 5.868020636799716749e-01 5.607457487626293924e-02 2.682659898439085366e-01 2.932432002865479337e-01 3.851675571152466393e-01 5.457812147881687670e-01 2.002922596497965224e-01 -1.037995188862609252e-03 -1.608826350062652899e-01 -1.652626424757420442e-01 4.748263353856143620e-01 4.669359562906025829e-01 3.266801091801989076e-01 4.420812580620295251e-01 -2.537163176536756937e-01 1.356385336744253267e-01 3.852640285570364531e-01 3.399376114696321394e-01 1.834232764680456262e-01 3.414382136652098776e-01 2.824392655352627735e-01 3.194089422243586718e-01 2.005952345544476101e-01 2.266380002423461770e-01 2.469343304615024548e-01 2.784148992946295365e-01 3.445839620548598603e-01 -2.645864406570851979e-01 9.703905130821505187e-02 -1.685660603666551752e-02 1.502541856532807196e-01 3.085916991294078149e-01 1.552206694037913670e-01 2.332940952692328929e-01 3.994853874952395967e-01 2.366950908267835829e-01 4.525634190426202630e-01 2.865969588812953828e-01 6.279947057424404289e-01 4.841918443846405240e-01 4.034538363337014655e-01 3.436107216040747425e-01 3.320623139416072900e-01 4.000398976876445856e-01 5.187549928548592648e-01 3.525218579145333875e-01 2.626875182461698155e-01 2.643487706357372513e-01 5.429661033803401260e-01 2.872151931500471767e-01 4.539798941938812948e-01 4.373352867050078197e-01 2.920286337910404928e-01 5.469264867157636045e-01 3.846577440071135001e-01 1.002396653089521472e-01 -5.523291507926986199e-02 2.004656566894157665e-01 1.901073074882274616e-01 1.664455009145210940e-01 3.239675214843061313e-01 3.114890959725466479e-01 2.289671229438907940e-01 4.592822365383859018e-01 2.461341294402961122e-01 3.799774557669751140e-01 3.986043808289292945e-01 -1.876046598776557051e-01 -3.678327790785520385e-02 2.454063021099706365e-01 7.553142699681220096e-02 3.048362405982786294e-01 3.699928061606124752e-01 3.498996076563717916e-01 2.606577142598876518e-01 2.453130265903966378e-01 3.151838365441644862e-01
-3.630471864816785521e-01 3.676621846330858923e-02 -5.317917958579841675e-02 3.195188481650386714e-01 2.562983043237633818e-01 1.033667953115499222e-01 5.155237264323615787e-02 1.504461854880123628e-01 1.593546858495809293e-01 -1.165079783045261108e-01 1.487508440077049132e-01 3.784708190517331317e-01 4.557810006103263922e-01 1.000000000000000000e+00 7.968006540424685813e-01 -8.942641698032829933e-02 3.013599804479892841e-01 3.510920576964360884e-01 6.426801364943336425e-01 2.888580886829689165e-01 6.248167789549106121e-01 2.752172128647377702e-01 7.344787065546162230e-01 3.336567239457466916e-01 -1.417868470707611683e-01 5.170543755073302161e-02 5.928542604398275850e-01 4.553716696281319143e-01 4.296678202272175007e-01 4.562020200061731035e-01 -6.096914229084589298e-02 -1.011903237266196520e-01 -5.898067554382701444e-02 3.412737282549528905e-01 3.833247299801403329e-01 1.765128654918290130e-01 1.481964555514500848e-01 -1.590851343029166531e-01 6.263860476744401162e-02 2.325724160128874174e-01 1.491793754123968141e-01 4.905091223075352946e-02 1.987332617815188995e-01 1.742167744809520191e-01 1.488284223716666022e-01 5.059452095246811387e-01 7.070749217330857261e-01 6.036053621560362181e-01 -3.875973205311764036e-02 9.196748383564568030e-02 -3.389207004527376998e-01 -6.609765827841632135e-02 2.271094331828186000e-02 2.877837220818187935e-01 8.873319170604702932e-02 -1.057347316845735907e-01 8.379022308256811602e-02 1.939759799431148013e-01 -1.094280975004938428e-01 2.284153164403293357e-01 3.499465057456743189e-01 2.956356679673938226e-01 6.796060564724630826e-01 7.844983944722520031e-01 7.116561500312650335e-01 7.504032372194794354e-01 1.802357949824150707e-01 3.362946565028896995e-01 1.476194725167787047e-01 1.804261120868419221e-01 3.555339355551811464e-01 2.694103178972664936e-01 6.805218611760290859e-01 3.065759400183846739e-01 2.632517316293170317e-01 9.493468938663469914e-02 3.876355359516370780e-01 6.085721920659534767e-01 -1.541007146309804517e-02 -4.763653994096071764e-02 1.532787616442517764e-01 1.503150106099830630e-01 -5.871061869010908707e-02 4.824642185596316607e-02 4.533536968765203290e-01 6.365972218825649565e-01 1.341319042580917109e-01 3.439752740073741544e-01 1.775071760966306367e-01 1.578511215395969058e-01 -3.533223913941323929e-02 -2.159444332446263104e-01 1.845048252342673112e-01 -4.528207383984283844e-03 1.259419368251291638e-01 2.057503378679417794e-01 5.442580256403367622e-01 6.217607131777500573e-01 -1.126075291955134644e-01 -1.365192948320968422e-02
-3.189345370618226760e-01 1.506330055430660786e-01 2.259278276280268435e-02 4.322974162192615988e-01 3.779357222595657317e-01 1.910471716118708752e-01 1.344831146969084623e-01 1.635965462698714679e-01 1.675025630014858602e-01 -1.209157027555755742e-01 2.271961909329270612e-01 4.111700381040729324e-01 3.984297275577095565e-01 7.968006540424685813e-01 1.000000000000000000e+00 -4.192539159013959627e-02 2.223638110999145712e-01 2.968316116273984617e-01 5.653000188940915383e-01 3.206120700367609544e-01 6.371441080189832462e-01 1.531387528240850671e-01 7.625008168967440936e-01 3.880151123571085048e-01 -5.169066431318310173e-02 9.348146297570483765e-02 4.746050455656511957e-01 4.260631802996900364e-01 4.017828312457590867e-01 5.782076882797845263e-01 -1.219919937485673955e-01 -1.474929166080467952e-02 -2.405274271251596832e-02 2.764222804156415969e-01 3.020866047967832313e-01 1.411054301488187390e-01 1.856778058462388858e-01 -1.524267363215003335e-01 6.261050087346191340e-02 2.056324077354485524e-01 6.775775954032291215e-02 8.048978147462786115e-02 2.059529173698219917e-01 1.377868638405956303e-01 1.341962687021060474e-01 4.556528422234292219e-01 6.191641626503757712e-01 6.327647774923682578e-01 2.723563174430026351e-02 9.112921383095462513e-02 -3.569183943307303042e-01 6.580048333779570102e-02 6.000217043522455135e-02 3.721892872822262222e-01 2.050134213496548341e-01 -2.562832832241847617e-02 1.017754552242545879e-01 1.968071683204951350e-01 -1.190526018146488146e-01 3.497125793539384575e-01 4.140724859863805229e-01 3.560134905126131066e-01 6.414785353920429145e-01 7.817418353291430977e-01 7.808332488339939648e-01 8.891182499505568826e-01 1.699312741069476107e-01 3.121622962416936709e-01 9.520529062455303226e-02 1.705713482237230239e-01 4.315291011965903811e-01 2.101779918583432383e-01 7.174089707984189213e-01 2.930197316765916216e-01 3.554547494602282587e-01 2.198592613765754100e-01 3.703944249624704366e-01 7.327308348617583844e-01 -5.089416729850818749e-02 6.382302135705632262e-02 1.645052989363915141e-01 3.538846783880469221e-02 -1.045409756501921444e-01 1.841220670447430222e-02 3.592453270584916036e-01 5.764105282361143834e-01 1.676208777746439615e-01 3.341167552706221233e-01 1.416405439959637358e-01 1.125789380962951558e-01 -5.107466891629340588e-02 -1.619507993701942983e-01 1.804678183629044030e-01 -1.353564000632458304e-03 1.352464725254157174e-01 1.943892892087936419e-01 5.357137654793227011e-01 6.420309509942589976e-01 -5.345906040110616486e-02 8.952635675054136308e-03
