1.000000000000000000e+00 1.028377714263415954e-01 3.803180084022865781e-01 1.293164156449650992e-01 1.136682678316592449e-01 3.695746572246144113e-01 9.972875017193358338e-02 1.086061461007767348e-01 9.545803250692441733e-02 -1.147304765147925121e-01 8.025381939014593347e-02 -1.595517970576185440e-01 -2.543176908625853494e-02 3.661781539365044358e-02 -9.577911409264033837e-03 6.921203010306629932e-02 -4.520129078407539303e-02 9.088804388363568021e-02 -1.139971969362884967e-02 -5.185844149530587088e-02 -7.972005025215522789e-02 2.402984503621716228e-02 1.710532379216076759e-01 6.539239062491809806e-02 -1.714507598803019506e-01 -2.638917983488612840e-01 -1.000297091107444497e-01 -2.163272526853276256e-01 -1.125974835797617472e-02 -1.184367466393113633e-01 -6.298136441441046229e-03 8.801281346049580345e-02 -2.511494594793281174e-02 4.965225568399236206e-02 -1.521868850814693530e-01 1.165920134860686380e-01 9.705432184449899746e-02 1.119931885298976609e-01 2.960024088086633531e-01 2.136021978825400902e-01 2.704812065081395600e-01 2.932898913062688059e-02 -3.814144465292418525e-03 -1.133279541409470091e-02 -9.583871980188139739e-02 -9.461190231880091395e-02 5.425764280063946621e-02 2.152750679165980341e-01 4.807575163144577890e-01 3.701319658974437932e-01 2.583909010275584617e-01 2.140268286192446023e-01 -1.789065852772882548e-01 -6.650313437738683553e-02 2.229982001773186395e-01 2.645841934165729659e-01 9.003773657379716966e-02 5.804787209917673663e-02 -2.379061230186811926e-01 -1.680731848346015203e-02 -5.756829816680814060e-02 -7.253404942071059458e-02 -4.766127476507461130e-02 -4.385078534714244997e-02 6.548174206088450133e-02 -2.061752805630994237e-02 1.513389249795442024e-02 -6.366961577669799643e-02 -1.221950751809961350e-01 -1.238768051003899112e-01 -1.139456321293095264e-01 9.985939486786795435e-04 3.955891511590520909e-02 1.848898204699994663e-01 -1.190431126517016852e-01 -1.456051073688566511e-01 -6.984268021325222911e-03 -1.066206329083748822e-01 -5.429416049599217371e-03 4.144222050756008607e-02 4.181632371230029586e-03 -4.914185005327630085e-02 -1.830631088438699761e-01 -2.077867171162502136e-01 -1.720974416993834022e-01 4.311917920517410741e-02 4.498581233803480850e-02 -1.354943867659215151e-01 4.202148090474718684e-02 1.076723094646892392e-01 1.505112730405976096e-01 -8.130446694742927624e-03 8.766109576854049998e-03 -6.654437768331286640e-02 -1.414043932773644263e-01 -5.365389704084009767e-03 -4.228621874057455349e-02 6.996911709336746388e-02 3.889241237206805812e-01 3.853516330954381286e-01
1.028377714263415954e-01 1.000000000000000000e+00 5.751213149329700292e-01 5.298985960089063196e-01 3.687223638123177660e-01 3.679154390593042390e-01 5.567623538678676542e-01 6.951744939483249786e-01 5.922481397583403417e-01 8.798510877061030411e-03 2.368148838813880497e-01 -3.714583539116531746e-02 2.522909629976105017e-01 2.830636810936588699e-01 3.421178018513527097e-01 6.976370829986222599e-01 1.294253944484861571e-02 5.121570508353984197e-01 3.115212066683418213e-01 -9.278036740451517383e-02 4.160901280188037399e-01 6.017093572761825909e-02 1.353350807599541794e-01 -2.458284258506996389e-01 -3.755764746765969386e-01 -2.394140628764359346e-01 -7.968721401076216126e-02 -2.698870316135708602e-01 2.973034740616549709e-01 -1.015011178118273572e-01 -4.791519013163719060e-02 -3.484413677224341699e-01 -4.459557371261184400e-02 1.104879067798660991e-01 -1.223005028834114188e-01 4.148927311272275209e-01 -2.422244080557150181e-01 3.656311206150534426e-02 1.557659762026938899e-01 -6.614336024436932859e-02 2.872946099230389450e-03 -4.254046791571049202e-02 -6.802621023689651991e-02 -8.900718488697974273e-02 3.958849859789496939e-02 3.535745570130779253e-02 1.239482210197650688e-02 4.914059231753357959e-02 1.497933306027574296e-01 -6.382806526155118676e-02 1.432946701265791767e-01 5.910794018320237875e-01 3.995870247433970235e-01 3.710070608980404749e-01 3.423647983651215143e-01 3.445316942530147197e-01 5.805633183941978359e-01 6.508071863824881342e-01 -1.947613747119043004e-01 -1.539460861384665535e-01 -8.915716608928103692e-02 1.607593209069278217e-01 -4.223540434406865274e-02 2.972411975808594287e-01 1.912256295650971438e-01 3.201430447086672793e-01 1.386544388013973839e-01 2.738377684207537466e-01 2.040021042691956416e-02 4.506248751015188292e-01 1.956662946065243769e-01 1.081017267087353712e-01 5.177151862072410654e-02 -1.534510424485307500e-01 -2.963994647309351471e-01 -3.362526991757873174e-01 5.946635849853173367e-02 -1.129629622683423762e-01 -8.721392445306394570e-02 -3.170385022216339332e-01 -3.546071090218299582e-01 -1.380329417419859199e-02 -1.065727471412756394e-01 -3.198062133502827531e-01 -2.498862521006532944e-01 -2.296436966303191385e-01 -1.102202023849566115e-01 -2.763181597696017233e-01 2.032951453292241029e-01 -2.318520805635779225e-01 -5.246549759583579026e-02 -1.908869359126654300e-02 -4.510870283251612600e-02 -1.274366971411574345e-01 -2.177298813992171733e-01 -3.707821253503873482e-02 -8.998291737254172917e-02 -2.694366617087825405e-03 1.153915290463165266e-01 -1.404003402815436757e-02
3.803180084022865781e-01 5.751213149329700292e-01 1.000000000000000000e+00 1.807758265937071118e-01 2.010377748677305287e-01 7.067986368642840134e-01 5.446807719662902780e-01 6.314403748793849802e-01 5.932508340566743366e-01 -8.006073325942685004e-02 2.221261959020835453e-01 -1.182952587535019556e-01 1.726260817429392802e-01 1.876833294559628884e-01 2.433440817434493197e-01 4.330172126284679290e-01 1.054291101928143829e-03 4.347227116477966891e-01 2.263836511173685784e-01 -9.293162692948425674e-02 2.691974293313947886e-01 -5.919293252923650550e-02 9.595169192553729132e-02 -1.120861722485652079e-01 -2.597336375662728236e-01 -2.387272054889921780e-01 -1.709291014681067755e-01 -2.943435708035283538e-01 1.385497846060000926e-01 -1.226132842469741940e-01 -4.434672949483210030e-02 -2.153204195720208325e-01 -1.273974070927886282e-01 5.544711596334357673e-02 -1.989696819234447744e-01 4.758651464069811321e-01 -2.581871510334952102e-01 -7.543507390763798393e-02 1.627297733421108339e-01 5.253035395496471333e-02 5.977876445820970441e-02 -4.483204270279002313e-02 -1.302158577654855542e-01 -2.556313883349927707e-01 -1.682819921420406206e-01 -1.615018265045263524e-01 -1.052216321597860271e-01 -3.703615040975043876e-02 4.801392867239568374e-01 1.151894503023684624e-01 3.193550491738619823e-01 7.186078195231832000e-01 6.582277133451060191e-02 3.408361322651434159e-03 6.468799941650388297e-01 6.968784988007088455e-01 4.785520363082620410e-01 5.681344784501600742e-01 -2.102811062445467671e-01 1.647715190896642144e-03 -1.132539099369835739e-01 1.213855348369424630e-01 5.986379465184963472e-02 2.021297768415366014e-01 1.981127619302672227e-01 2.505218100496732214e-01 2.105193551997860402e-01 1.424792952628531617e-01 -2.410062331297141425e-02 3.172054364819976713e-01 2.080135600702314735e-01 7.978228818175321646e-02 3.328828887931679914e-02 1.263045739663922196e-01 -1.591426474102059785e-01 -2.043138065131433478e-01 3.883712725165927582e-02 -3.828124003683155280e-02 -5.985138719759129644e-02 -1.962167129929572318e-01 -2.173092854643020044e-01 -1.146788777092975636e-01 -3.083404618476950909e-01 -3.427932684368470984e-01 -2.740598055558559065e-01 -2.068463729240819227e-01 -2.358637609241038546e-01 -2.487071303757684426e-01 2.784964793763296531e-01 5.102866861471504895e-02 -7.828066442975822881e-02 3.244621370134382482e-02 -1.360732824415246123e-01 -2.268414282098935586e-01 -2.253723825648596968e-01 -2.117419522383806041e-01 -2.323641249224876748e-01 -1.711982373812490632e-01 5.310398948771006822e-01 2.072314475022334623e-01
1.293164156449650992e-01 5.298985960089063196e-01 1.807758265937071118e-01 1.000000000000000000e+00 4.294906993280668828e-01 1.520583471880771198e-01 3.251552887489722599e-01 3.607285392908020638e-01 3.370237424956475936e-01 -4.380610278241071215e-02 2.369002068457646548e-01 4.936538181166794798e-02 2.638651915341645449e-01 3.699114372120987926e-01 3.163050250362096083e-01 3.476844695908183347e-01 1.925371510963590493e-01 4.315514691922265889e-01 3.603952876109540182e-01 -2.136493829064854341e-02 3.178728300680140340e-01 1.497729594575482048e-01 2.751612147201394354e-01 -7.096947653866799398e-03 -3.753265538956217506e-01 -1.290126274137439744e-01 -5.094816220677915453e-02 -1.138834980537105218e-01 2.327913188122621158e-01 1.258651717128226877e-01 -1.768492787796170362e-01 -1.564466604604592970e-01 8.507194126433138825e-02 2.026139272415383441e-01 2.541421988866319343e-02 2.048950143494208120e-01 -7.806348525239526631e-03 -6.486831638784744912e-03 1.247885842080913577e-01 2.321195700819608451e-02 1.513086270486364016e-01 4.059890416816117065e-02 6.184959974885378964e-02 3.053016460564133769e-02 1.454623017913319605e-01 1.024791671514040277e-02 1.952252770620855615e-01 1.629969411050656014e-01 4.349686934280067724e-02 5.964054256396988246e-02 -7.032112094513327805e-02 2.329983812089830297e-01 3.684848016418726391e-01 6.749560546132170602e-01 1.277232877039050085e-01 8.476183172511837782e-02 5.244905003922419873e-01 4.040251396223657476e-01 -1.502747900946863613e-01 -1.803710714569690260e-02 1.293139392207497684e-01 7.309231859216258620e-02 4.175647347662179293e-02 1.863873882633708956e-01 2.875462580901680942e-01 2.251056800539125990e-01 1.637527390858387055e-01 2.084576409756665749e-01 1.841318641867988326e-01 3.002699525935175751e-01 2.355866765280741348e-01 5.461428744396417713e-03 2.465990471110444948e-01 -1.163193567145769103e-01 -9.237594620886818708e-02 -1.910047083538190804e-01 8.917605603753767096e-02 3.929681535956584121e-02 -9.285775298386590715e-02 -1.264385571324178614e-01 -2.465821159816231622e-01 -8.213811557910080663e-02 3.172265048739733584e-02 -1.804020157926902457e-01 -9.896158927914007475e-02 3.204141126091410857e-02 7.545864287179804286e-02 -1.659444097685942310e-01 1.497453466830183655e-01 -1.230675300415775414e-01 6.088660671816057551e-02 -1.628004548312645960e-01 -1.377765913856427576e-02 -1.460010890874206130e-02 1.758553313185204359e-02 9.595742114101696307e-02 4.106580432181138746e-02 8.248679899625199763e-02 -2.472018164190746201e-02 8.391982499048462885e-02
1.136682678316592449e-01 3.687223638123177660e-01 2.010377748677305287e-01 4.294906993280668828e-01 1.000000000000000000e+00 3.097184588189113574e-01 7.230465542266818410e-03 9.180181921306315718e-02 3.428323692086246433e-01 -1.379309025505213171e-01 -5.314696122762866543e-02 -5.528190994327703695e-02 1.082950214826539428e-02 1.303310235919013030e-02 6.447551133906295057e-03 8.610020713737442932e-02 3.867728798612132812e-02 1.001282819640798294e-01 6.897169550773089852e-02 1.893799926861557126e-01 1.587966841186593259e-01 5.971242209248310562e-02 5.831426567444070175e-02 -5.866221385117552367e-02 -3.466211243862865055e-01 -1.212413473751581539e-01 -3.737780108395093864e-02 -1.083881298689586964e-01 1.234622801534545067e-01 -1.511482678991183659e-01 -4.093157844440163673e-02 -2.049358093987496410e-01 4.522019617455066282e-02 1.044082888272558490e-01 -7.481625183755824526e-02 1.471303072627765940e-01 5.086003009586671786e-02 -2.039872006291520642e-02 4.410945242389208154e-02 -9.967240169787081050e-02 6.479284644797848880e-02 4.446625700451935226e-02 -5.991480089795767766e-02 6.689313277832663329e-02 1.127928344895317708e-01 4.422195628713009030e-02 4.610794667845254102e-02 1.083588189702235777e-01 8.657618990616053334e-02 8.427947704158537945e-02 -1.928764069943600945e-01 4.369951280746756789e-02 1.341091842449053384e-01 5.270192270762250608e-01 4.662182434789436392e-01 3.181216450057881839e-02 1.216684269684505937e-01 1.214388080100062828e-01 -2.735826852890997918e-01 -1.878404809533454900e-01 -2.028414840727823035e-02 -1.700227566803537704e-01 -1.954448223001340745e-01 -1.226937406232117694e-01 -9.255627228522324973e-03 -5.597652931702310625e-02 -6.101463245501602406e-02 -2.529291232642114778e-02 7.055664765607992661e-02 8.031041864235927141e-02 6.172882738102890982e-02 -1.181394930790174852e-01 -1.519653646235416371e-02 -2.422786984692978096e-01 -2.048282851192679277e-01 -2.290067134196136223e-01 2.515819109133317702e-02 -1.413922286805316952e-01 -5.656905685120760391e-02 -2.810651730858960140e-01 -1.738792153790542916e-01 2.707686118663476995e-03 -7.132293750038100344e-02 -2.028459042810199231e-01 -1.040487548151138447e-01 -2.149456233981897335e-01 -2.560033260807520125e-02 -1.165458860263634822e-01 1.327379767620016360e-01 -1.217182440257777998e-01 -5.326021913362793958e-02 -3.201517483946216824e-01 -1.856605775706710315e-01 -7.182801090871750171e-02 -7.066029431385807691e-02 1.328488744011583067e-01 -2.809494650539105104e-02 -5.964279137115658519e-02 3.004995059455045376e-03 1.893051893322122634e-02
3.695746572246144113e-01 3.679154390593042390e-01 7.067986368642840134e-01 1.520583471880771198e-01 3.097184588189113574e-01 1.000000000000000000e+00 4.534369321862161129e-01 5.314041561732534280e-01 6.230521788389421500e-01 -1.573194850351181118e-01 1.632433893447875206e-01 -1.812028069570651712e-01 1.175907318047878791e-01 4.928168401617901567e-02 1.179278532167653687e-01 2.089802623261792225e-01 -4.138743272380789734e-02 3.479555630246068398e-01 1.198069496581878057e-01 6.248089268150316261e-02 1.873179825275207433e-01 -9.678701917310476854e-02 5.991578332353727360e-02 -7.067203028152248268e-02 -2.617568156564560877e-01 -1.228911449943887318e-01 -1.856383531841306334e-01 -2.292468160771775620e-01 1.065215102708967909e-01 -1.914744768267461483e-01 -6.939070206745784342e-02 -2.059250142250195204e-01 -1.698240649917247269e-01 9.097162949703661849e-02 -2.836070268330331268e-01 5.367259330077519541e-01 -8.567728610672553646e-02 -9.818123272545443980e-02 1.969051277652651977e-01 1.328496269930473928e-01 2.025802081621765616e-01 1.161014189070866537e-01 -1.095275407081852531e-01 -1.294838404120904063e-01 -1.189898481478566389e-01 -1.349088393237566075e-01 -1.396382590581495831e-01 4.238312175746094049e-03 6.169700383194398619e-01 3.303725656431241720e-01 1.125982663328005257e-01 4.761596373750924260e-01 -8.561010017626984048e-02 2.727403440294498549e-02 7.639922021981312428e-01 7.461591901660670212e-01 3.858320307269544891e-01 4.932579329121033473e-01 -2.638217279039022367e-01 3.295777696078985852e-02 -1.426985293177617520e-01 4.024956895647106153e-02 -1.014497542762265309e-02 5.011112024910011759e-02 1.602078084665473079e-01 1.110507976813272929e-01 1.448529983949805866e-01 4.786447616604037891e-02 -4.360133762879143948e-02 2.376543919174034514e-01 1.633533276638331477e-01 -2.855280762873495942e-02 6.088087706224752649e-02 1.185932857254031608e-01 -1.875240354299333168e-01 -2.145689885730067414e-01 1.005692664844958992e-02 -8.224867417104175793e-02 -6.303047089929134095e-02 -1.712447457274227092e-01 -2.378883924211459278e-01 -1.163055831411329566e-01 -3.274075252515218359e-01 -3.873490114668002859e-01 -2.907785606647313448e-01 -2.387780656699784732e-01 -1.600245454478656515e-01 -2.382120780473731270e-01 3.509603747833047738e-01 1.756152726095250860e-01 -9.986095459614642567e-02 -9.938839341399065275e-02 -1.948434950472233973e-01 -2.531355071782541710e-01 -2.395010337958350388e-01 -1.491689414046825646e-01 -2.280019022136205442e-01 -1.282731312467090268e-01 6.178544367560456774e-01 3.977683159911290511e-01
9.972875017193358338e-02 5.567623538678676542e-01 5.446807719662902780e-01 3.251552887489722599e-01 7.230465542266818410e-03 4.534369321862161129e-01 1.000000000000000000e+00 7.612357113091946514e-01 6.126596294186382741e-01 1.066424366082667774e-01 4.047132122647594810e-01 9.601213279423896629e-02 4.161400144642803944e-01 3.019504791416899314e-01 3.799681840308007374e-01 6.042087444547006303e-01 2.056749227953004466e-01 6.425379147106735633e-01 4.632243051998109484e-01 -3.161236990165018634e-02 4.622271040548517340e-01 6.833842955187699464e-02 1.018995231016596725e-01 2.397239283094117560e-02 -1.137930915269831783e-01 -8.331395010324457728e-02 -1.443895974963258222e-01 -2.442384650976129057e-01 2.637410714810151657e-01 -1.874522718955206821e-02 -7.122504727134572333e-02 -2.023387056015712449e-01 -1.769945781975249821e-01 2.528833148387795715e-01 -5.549836835805013746e-02 5.577404307153176477e-01 -3.225938293423336600e-01 2.550728061170721636e-02 1.260576676824511078e-01 2.157546616325880240e-01 1.384286493832634635e-01 1.804072691397427819e-02 -4.209483311302059105e-02 -2.738486297782416479e-01 -5.496058745994996525e-02 -1.621806009372998292e-01 -7.546182476172375031e-02 -1.057552772684183101e-01 2.987749877376826846e-01 6.241179387914527667e-04 3.522807698023308620e-02 4.991335103032336074e-01 4.040976937719138462e-01 1.904485421089203434e-01 3.509909945916023788e-01 4.928114868586608299e-01 6.416415247256460619e-01 7.195122303811989362e-01 -1.272680977628479378e-02 4.363534362355840635e-02 6.209832601499016419e-02 3.424625228723992554e-01 1.713201223703426090e-01 4.183442804386096059e-01 3.190949950168479043e-01 3.929474861754400639e-01 4.153195826707905547e-01 3.203098413152992152e-01 1.037401348843841747e-01 4.705281450346358585e-01 3.286226627606997908e-01 1.750238455874327526e-01 1.431145495925517930e-01 3.052915594717345305e-02 -1.091411322058597755e-01 -1.579226858223901908e-01 9.634051229882746592e-02 6.690119167264679118e-03 -1.545328729436589166e-01 -1.948207082348606678e-01 -3.006193289627514531e-01 -1.623548999229474099e-01 -1.911926449317991883e-01 -3.111528281325078304e-01 -2.354339233426272493e-01 -1.656404252747629979e-01 -2.010601237581139400e-01 -3.326121249252341205e-01 3.219166547518891863e-01 -5.322177856643814375e-02 -1.091790866750601552e-01 7.449582701023058084e-02 -7.564682714360041263e-03 -1.971211189671537856e-01 -1.720053682578163157e-01 -2.915398823861750643e-01 -2.243374212182589478e-01 -9.524983670297984539e-02 3.465525145949929220e-01 1.379085056144352950e-01
1.086061461007767348e-01 6.951744939483249786e-01 6.314403748793849802e-01 3.607285392908020638e-01 9.180181921306315718e-02 5.314041561732534280e-01 7.612357113091946514e-01 1.000000000000000000e+00 7.163307641047549357e-01 -3.743226861293871138e-02 2.803852007994946383e-01 -6.588333714764997573e-02 3.129390902589205270e-01 3.139641017494110842e-01 3.777519732838035549e-01 5.892155613398849523e-01 5.015977100339904377e-02 6.900382607067916396e-01 3.919350600088442049e-01 -9.933951637750462749e-02 4.567990342807474180e-01 1.087777183636090203e-02 1.647746732948525417e-01 -1.905586001170442856e-01 -2.565515953271462757e-01 -1.601380614005657177e-01 -6.576740498751518227e-02 -2.023599297579790068e-01 2.163730629116938919e-01 -3.719760421443472909e-02 -1.160611242225024903e-01 -2.879385058821424259e-01 -1.776721526745619617e-01 1.902692654858786081e-01 -1.080486851215547023e-01 6.126043279951697285e-01 -3.441918455023523782e-01 4.955644572662568775e-03 1.286937589290620965e-01 2.562684742736106788e-02 9.113464810173985131e-02 3.843152620748060879e-03 -1.090604210043786687e-01 -2.239710903535123976e-01 -7.699508018320022629e-02 -4.718356779162501818e-02 -1.801852008935332997e-02 6.039888103952208154e-03 2.805380344020999561e-01 -3.864044035762827928e-02 9.242437216723033144e-02 6.149766501475359970e-01 3.127981903445237744e-01 1.461538836387018814e-01 4.455851044463338684e-01 5.681727778841471066e-01 7.321149227271813720e-01 8.192251482152940190e-01 -1.498282103443692725e-01 -2.243816858732500946e-02 -7.525612124795268143e-02 2.529717634810800253e-01 1.258773513718765558e-01 3.780037452395996200e-01 3.085733473374094871e-01 3.839220214059771985e-01 3.307506876836688869e-01 3.226170653847696412e-01 9.297772912443273696e-02 6.079970273315460361e-01 3.219785518916641331e-01 1.413379429570882362e-01 1.834901352288440812e-01 -1.690129426819243774e-02 -1.943471221967051077e-01 -2.299118922726436642e-01 6.838482006602082663e-02 -6.603807378573370301e-03 -1.172467625141815767e-01 -1.955982285045246294e-01 -3.405082055415899478e-01 -4.741297597601482755e-02 -1.984419782583389247e-01 -2.730029370756343887e-01 -1.965020965937547825e-01 -1.477334254446210360e-01 -2.258499465876148971e-01 -2.458240311653835108e-01 3.297281248518895147e-01 -4.177152962968488231e-02 -9.194624801567816141e-02 8.646596269884521124e-02 -4.397362384017730608e-02 -1.999527233885533273e-01 -1.979874226166360163e-01 -2.112949766197957657e-01 -1.487487089083663339e-01 -1.976273088388262600e-02 3.202982257363949370e-01 7.225662898096268938e-02
9.545803250692441733e-02 5.922481397583403417e-01 5.932508340566743366e-01 3.370237424956475936e-01 3.428323692086246433e-01 6.230521788389421500e-01 6.126596294186382741e-01 7.163307641047549357e-01 1.000000000000000000e+00 -1.019577663739219264e-01 1.905614942176100113e-01 -3.246583885172053818e-02 2.916748288912962006e-01 1.972716959289287364e-01 3.186780169515482375e-01 3.736808158473686747e-01 6.890017899798113465e-02 5.673640873503517090e-01 3.081815720812350334e-01 1.234442790390159056e-01 4.776734397029364643e-01 -6.973424617615181509e-02 1.023593950760225829e-01 -7.511169718228351277e-02 -2.521989129684221731e-01 -1.681694633248388693e-01 -1.285462619753787727e-01 -1.829836574740687505e-01 3.483770062047568117e-01 -1.422753780218167785e-01 -1.220848166320563991e-02 -2.794985206924884280e-01 -2.000264728228070832e-01 1.535652081564377602e-01 -1.270660490601079884e-01 7.416652808782954187e-01 -2.275033500778809725e-01 -1.032721711229335759e-01 -5.036645940248731662e-02 -9.097058364434162936e-02 7.561493478480721397e-02 -6.046939896833240791e-02 -2.000925150045312073e-01 -1.706899392636003765e-01 -1.034355614284558460e-02 -1.239332160743759625e-01 -9.893534880674102749e-02 -5.930157631120786671e-02 2.799896412701526893e-01 9.792703974819719562e-03 -2.621832458591858220e-02 4.871900946977564262e-01 3.224352412938245038e-01 3.004668327488450030e-01 5.633497733097390103e-01 5.916862379199613331e-01 6.079202206557887678e-01 7.978720830158815280e-01 -1.882168708042491201e-01 -3.973342003701343245e-02 -1.928483409968712037e-02 1.862334256244810027e-01 1.302214058665087937e-01 3.029121592264120144e-01 2.504577358683255373e-01 3.121242435436397678e-01 3.429328451669847455e-01 2.710595368045087272e-01 1.252196182330364838e-01 5.102948165886113108e-01 3.796525113443937616e-01 -2.484670839004476592e-03 1.898156525476402401e-01 -4.188425584585086375e-02 -1.357172653856618394e-01 -2.144935944074221612e-01 1.310425398325118784e-01 -3.742386352965615393e-02 -2.259122413786786646e-02 -2.389871557504071875e-01 -2.694256283466165969e-01 -9.617959977679610417e-02 -1.099470192595000811e-01 -2.656484839255391361e-01 -1.670957327567161865e-01 -2.263249871248777523e-01 -2.014389209604415532e-01 -2.388366147158493824e-01 5.219147266914985206e-01 1.332898224685388896e-03 -1.831948980515190617e-01 -1.261501838415886312e-01 -2.478554242464236224e-01 -2.019983120356470818e-01 -2.195765594808209153e-01 -1.205959869403339935e-01 -2.261066348379617286e-01 -1.173451835027595619e-01 3.518011465609129917e-01 7.924863246197942634e-02
-1.147304765147925121e-01 8.798510877061030411e-03 -8.006073325942685004e-02 -4.380610278241071215e-02 -1.379309025505213171e-01 -1.573194850351181118e-01 1.066424366082667774e-01 -3.743226861293871138e-02 -1.019577663739219264e-01 1.000000000000000000e+00 2.939849127319516531e-01 2.780159061830519973e-01 1.473437246088730446e-01 1.595458279536671881e-02 2.197732132913541442e-02 1.582838987780304796e-01 1.047788595670848810e-01 -3.298199742927945127e-02 7.294953721185054585e-02 5.210389034279441778e-02 5.248690025299504458e-02 1.826049253026570396e-01 -9.177426780487146774e-02 2.758966478344960227e-01 4.335744357574061181e-01 1.225688052452922859e-02 -1.298719896707716814e-01 -4.670847588702022046e-02 6.017813285264618506e-02 1.089814267838249279e-01 2.792837580425708843e-01 1.824169730045009652e-02 7.263274212704892881e-03 2.278395724659174337e-01 1.970840552270161361e-01 -6.035968953471666093e-02 -2.911237787838482152e-02 5.440215505483408931e-02 1.397975285746572149e-01 3.375938635495143170e-01 1.079147283791383888e-01 -8.697169455443638786e-02 1.335790651289837094e-01 -3.179820801646228434e-02 3.512476025871591467e-02 -1.663442124088014284e-01 -1.061887392822242482e-01 -1.822691276135310068e-01 -8.255219505514088674e-02 7.015779532192201184e-02 -7.190782282777135204e-04 -1.652414942278619403e-01 1.910800049925157340e-01 -3.439985442177221492e-02 -2.687014711796327227e-01 -2.002331309195216624e-01 -1.138856526689231152e-01 -7.982765712585504492e-02 4.284938532530109812e-01 -3.734664822718133936e-02 4.046591727723724413e-02 6.733594183318437898e-02 -5.423905409312365644e-02 3.243219477994583461e-02 -7.662804710504710071e-02 2.334467115431931861e-02 -4.036615842533337190e-02 3.910825657402495874e-03 -5.752673413535749208e-02 -1.009679451052929167e-01 -2.358857254432526057e-02 5.422616106693557009e-02 -1.521084693456333237e-01 7.812061993001470639e-02 -5.987047769093157418e-02 -6.235302656608159716e-02 -1.053900621000923576e-01 3.246684916533129628e-02 7.146666694283863863e-02 -1.399429943712308666e-01 1.922960645442231553e-02 -2.529527028620835467e-03 5.492064031692981546e-02 3.320862171876006602e-02 -1.984634689773989435e-01 -1.615494559974754718e-01 5.668085112227817107e-03 -7.308120254413563721e-02 -4.234303373668181492e-02 -9.688013499253587957e-02 7.968567370867556121e-02 1.392620422728112484e-01 2.519219277373419552e-01 6.642610585309044469e-02 -6.242026376487058020e-02 6.752211572192734490e-02 -1.571426912109627760e-01 -1.129981580710630734e-01 -8.199167888452356390e-02 7.906002544074013094e-02
8.025381939014593347e-02 2.368148838813880497e-01 2.221261959020835453e-01 2.369002068457646548e-01 -5.314696122762866543e-02 1.632433893447875206e-01 4.047132122647594810e-01 2.803852007994946383e-01 1.905614942176100113e-01 2.939849127319516531e-01 1.000000000000000000e+00 5.488739009861188789e-01 5.834809440815268422e-01 3.945969349211811417e-01 3.806814371307851164e-01 2.826568902661419358e-01 3.498227625609665048e-01 3.587298663630658080e-01 4.195129111757174289e-01 2.881197820201029242e-02 3.520363427647861254e-01 3.167542334567087225e-01 1.647543857540566814e-01 3.546650244597527313e-01 -7.442142364139949645e-03 2.001974792683678395e-01 1.462950757140351644e-02 1.618733399296120798e-02 3.722997296839942738e-01 2.295908415422764359e-01 -1.182995212970906762e-01 -1.640951210692175311e-01 -2.034104788514853046e-01 2.541325076260283478e-01 1.677215570241443188e-01 2.003354686150903563e-01 5.370446175547011897e-02 -1.002276613435047481e-01 1.972660244923604977e-01 2.244875560054208075e-01 1.693877918958261453e-01 2.106404149015547178e-01 2.716531924746153903e-01 -7.681842187878945571e-02 7.804783257807318408e-02 -7.826092510707516325e-02 6.757521185339726566e-02 2.277499781922232708e-02 2.554632072623027050e-01 1.972629298637769424e-01 5.587869342982940829e-02 1.904375712737170490e-01 1.546837148700447861e-01 4.531132018367598630e-02 3.419815185193988971e-02 1.765178769507131651e-01 1.759367267823998826e-01 2.527150803783212440e-01 2.918741563059906174e-01 3.764191775076184965e-01 3.425112471594394803e-01 4.497008791571227571e-01 3.021936293465328771e-01 3.015716525695598116e-01 2.122808193497563167e-01 3.271761455121831030e-01 3.841199470208987027e-02 2.908825867340270044e-01 1.322773985012468401e-01 1.685338425216476865e-01 2.447526167144849218e-01 2.497751026746330427e-01 1.296097841151805374e-01 7.360445716554285533e-02 1.223400065876039805e-01 1.124170385203328293e-01 2.575659854876593546e-01 2.570851844010811349e-01 -9.935897170620180963e-02 -2.024806999948754183e-01 -8.016063800074212098e-02 -8.278022440117394076e-02 -1.818970722288339517e-02 -1.036886615088042224e-01 -1.533012261563309053e-01 -8.340063084534847515e-02 1.047367668876439950e-01 -2.848002492688378462e-02 1.701056726360477001e-01 7.306931087670159863e-02 -9.489708796090687293e-02 3.473866975618358083e-02 3.132099586746605463e-02 1.276497545653587640e-01 1.031824894262430986e-01 -6.368034848235726297e-02 -6.825069516105305989e-02 -4.027233156184614055e-02 2.068636879779187088e-01 2.756946553518662135e-01
-1.595517970576185440e-01 -3.714583539116531746e-02 -1.182952587535019556e-01 4.936538181166794798e-02 -5.528190994327703695e-02 -1.812028069570651712e-01 9.601213279423896629e-02 -6.588333714764997573e-02 -3.246583885172053818e-02 2.780159061830519973e-01 5.488739009861188789e-01 1.000000000000000000e+00 5.099448554877332729e-01 2.183776079587873842e-01 2.384998583929252569e-01 5.981535057733478045e-02 4.703131873964369047e-01 1.327870393880928590e-01 3.055568707449348165e-01 1.388613801210848986e-01 2.836742740986858413e-01 1.403080348467627969e-01 4.481112379053305006e-02 4.882944921790040027e-01 2.578565472067778086e-01 5.105575405868246763e-01 -4.725074029250604657e-02 2.227112510742312035e-01 3.239494570817371688e-01 2.893732338381921343e-01 -1.467711285559698819e-01 -4.238071940574021645e-02 -2.409110013479289769e-01 1.128832325905789191e-01 2.032485807194316652e-01 5.203505449584184400e-02 1.139219737240411978e-01 -2.086087200131669928e-01 -2.195805916638853550e-01 6.809819742120770680e-02 -1.096134702260627841e-01 1.155016263126355941e-01 6.706821123937833917e-02 -2.779213211215961765e-01 -4.966667252855669693e-03 -2.723029304419024577e-01 -1.186379558088910824e-01 -2.519396269460039695e-01 -1.052348068422459954e-01 -1.284029835487612015e-01 -1.379819879962985718e-01 -1.282445909416976004e-01 2.334570839103555784e-01 8.018149555746936774e-02 -1.644519868387373518e-01 -1.039001715170272400e-01 -1.029876295281168391e-01 -4.551366131343270727e-02 3.519844662148800540e-01 4.049293922174511673e-01 5.713934361411833196e-01 5.029045631566089192e-01 4.355520953731910616e-01 2.648348270697544193e-01 1.165394008060214731e-01 2.280346150231983005e-01 -7.466144734634284907e-02 3.634208357642224052e-01 2.868288334912261761e-01 3.056073799941361885e-02 2.958625159570453245e-01 2.313224422363021893e-01 1.059141701047281586e-01 -6.465844452418624544e-02 4.791988682393343857e-01 4.649289599867886258e-01 4.413175631271085142e-01 4.025427988858702455e-01 -1.777517021270990510e-02 -1.430319022137575280e-01 1.301103239458585858e-01 -2.392140119017996669e-01 1.007331800852907661e-01 1.630655611008078598e-01 6.238923109915086446e-02 -8.552234410733398906e-02 1.323815940149110915e-01 1.550241515524750924e-01 1.115376356953477893e-01 -8.858077753025685175e-02 -1.495297433131222709e-01 -7.389608580522062653e-02 -7.240933298388842199e-02 2.342257164406410797e-01 2.440743414068659856e-01 -1.914466697428691133e-01 -1.759303583796508197e-01 -2.224153546983375640e-01 -7.407037171967839617e-02 -8.675374583547391938e-02
-2.543176908625853494e-02 2.522909629976105017e-01 1.726260817429392802e-01 2.638651915341645449e-01 1.082950214826539428e-02 1.175907318047878791e-01 4.161400144642803944e-01 3.129390902589205270e-01 2.916748288912962006e-01 1.473437246088730446e-01 5.834809440815268422e-01 5.099448554877332729e-01 1.000000000000000000e+00 5.545383669600857379e-01 6.050735991825049176e-01 2.482542659103118832e-01 5.273514389152713644e-01 4.728243550810845020e-01 6.017909833960944921e-01 9.533376421993493277e-02 5.554202179455060007e-01 3.457449858934874554e-01 2.919930828817531854e-01 2.917272732126653390e-01 -8.085731414161424768e-02 2.940075799815256019e-01 1.619156913805923012e-02 1.642092904447635393e-01 4.560683052866375542e-01 3.801188852691765319e-01 -1.779554724715679270e-01 -1.448148344164349455e-01 -2.236493258355908564e-01 3.139153668705417788e-01 2.128779115045917047e-01 2.474457678443018616e-01 -8.053918847678491477e-02 -7.363316171773851004e-02 4.630295959229564773e-02 1.245897326827075380e-01 1.445715084568802156e-01 1.452033952256085725e-01 1.709536314823177083e-01 -1.663016266465051352e-01 1.497527989065768894e-01 -1.177609683812918945e-01 8.504236481668434045e-02 -2.286170228741370158e-02 1.102969886371596847e-01 -3.629458776330453385e-03 -8.961705165389478867e-02 1.723411326921970299e-01 3.002173178555272437e-01 1.815364662652206584e-01 6.689062453752302184e-02 1.718077424731273561e-01 2.676464210632717444e-01 3.466524056076031868e-01 8.012363042664416568e-02 2.563598724045282329e-01 4.070716868821170897e-01 7.049248734427456808e-01 5.064658582204842885e-01 4.765013947505052916e-01 4.460871525238496171e-01 5.587559706687135197e-01 7.150465980702881696e-02 4.679058110547136828e-01 2.121605758332715530e-01 2.759915488330105804e-01 4.782921908081027573e-01 2.625003592552336840e-01 2.601867269751877987e-01 -1.701365687179163533e-01 1.870207623835937194e-01 1.346080568279511003e-01 3.373600566122327837e-01 3.545355141411232203e-01 -1.367285953593583014e-01 -1.616636222911537746e-01 -2.275340113493222460e-01 -2.656925299403104512e-01 1.199841344306504937e-02 -1.465545286645590362e-01 -9.822645474404034793e-02 -1.051460524248010453e-01 -1.592780141210733968e-02 -3.022198015324095363e-02 1.627543031520052585e-01 -9.744267386046759349e-02 -1.987115502267527700e-01 -6.772549604426642000e-02 -1.383988152864574772e-01 -5.885155597552250289e-02 3.630145603242667524e-02 -1.710815644796461477e-01 -2.032131380660683884e-01 -4.975847484925857017e-02 6.620437640861927264e-02 8.080403224437990306e-02
3.661781539365044358e-02 2.830636810936588699e-01 1.876833294559628884e-01 3.699114372120987926e-01 1.303310235919013030e-02 4.928168401617901567e-02 3.019504791416899314e-01 3.139641017494110842e-01 1.972716959289287364e-01 1.595458279536671881e-02 3.945969349211811417e-01 2.183776079587873842e-01 5.545383669600857379e-01 1.000000000000000000e+00 7.637913270494252060e-01 2.411062483955943581e-01 4.814978379781281737e-01 5.151527104424336034e-01 6.607588578235550347e-01 4.157380869169086807e-02 5.271361923091096857e-01 3.591449331716658477e-01 6.347219824168360836e-01 1.319637920320710367e-01 -2.426120130200188352e-01 1.236927494995985061e-01 2.014473778502777757e-01 2.002133511881456773e-01 3.769015428486425789e-01 5.059153322749214698e-01 -3.023181133638799256e-01 -1.735033591338710768e-01 -3.811135699131160126e-02 2.593018794166890295e-01 3.227399844741984936e-01 1.442824984232081720e-01 1.253053045157234008e-02 1.318068178070270526e-02 1.318962338207864959e-01 4.600404203922444507e-02 1.475905454899214542e-01 1.199217506574639935e-01 1.924389072925743738e-01 -5.291551625155694466e-02 2.263162046097292324e-01 1.070499893419263326e-01 4.680691417003427501e-01 2.740269647895456351e-01 3.216590542406642245e-02 9.252613876774087170e-03 -3.885317996663140150e-02 1.818694078831784855e-01 1.978702837628700806e-01 1.789992636098732270e-01 -3.035094066146023714e-02 1.266667447877327102e-01 3.808259129806420562e-01 3.165700125266266984e-01 -6.124196806245036512e-02 1.165194360888748143e-01 2.260244211257275704e-01 3.783521597937486436e-01 4.276668619327690379e-01 4.367486380005294322e-01 6.109229417290211739e-01 6.563345057043802333e-01 9.240322361113123550e-02 4.634305739482222353e-01 2.105149208526704840e-01 2.720573002208103719e-01 4.992470611397691882e-01 2.635866689926973927e-01 4.764898663855485217e-01 -1.362074172916654391e-01 5.768635459449975716e-02 -4.754770484304585328e-03 2.815443746623244037e-01 4.362240527598781337e-01 -2.686954807097007292e-01 -8.399424892491845485e-02 -2.172318703223178882e-01 -2.173696226538686660e-01 6.158244213623032676e-02 -1.002071894124415830e-01 6.234949548024405069e-02 1.357134141512288950e-01 1.119204383467416325e-01 1.117444958934277754e-01 7.356921380955548651e-02 -1.301287394421061505e-01 -8.564127484221374653e-02 -1.064243562350193767e-01 -9.197146452643673031e-02 3.788976981785454473e-03 5.133790123760202662e-02 -1.165549462683582518e-02 9.516956980340028627e-02 1.506750868490361606e-01 -4.397928615405471107e-03 4.978383936270908139e-02
-9.577911409264033837e-03 3.421178018513527097e-01 2.433440817434493197e-01 3.163050250362096083e-01 6.447551133906295057e-03 1.179278532167653687e-01 3.799681840308007374e-01 3.777519732838035549e-01 3.186780169515482375e-01 2.197732132913541442e-02 3.806814371307851164e-01 2.384998583929252569e-01 6.050735991825049176e-01 7.637913270494252060e-01 1.000000000000000000e+00 3.041156158322315672e-01 4.272742439527110192e-01 4.936484831771981163e-01 5.903920683555089477e-01 9.022843140394833095e-02 6.214875140972331291e-01 2.876490851564731388e-01 5.157660100249432666e-01 7.007770270216598374e-02 -2.583253432034987584e-01 9.897829106973018987e-02 1.816476570119214540e-01 2.442122092812218648e-01 4.553087270229503325e-01 4.524075977314097607e-01 -2.421790606979719040e-01 -2.458961657406717738e-01 -7.102052903796005068e-02 1.813491872762444668e-01 2.826542672486239138e-01 2.778418108151399779e-01 -3.874494252543014133e-02 -8.779521538392370816e-02 -1.396970306367520051e-02 -3.916091162530063036e-02 8.617351267772092871e-02 1.884002124909650230e-02 7.028253691363188504e-02 -7.906904703248190946e-02 2.011057635506167673e-01 7.607462121996734494e-02 3.392079968536542145e-01 1.945346160168041072e-01 2.915821649177223127e-02 -7.059251382836372046e-02 -4.800601695403048513e-02 2.151439085085929404e-01 2.811144413647628792e-01 1.752772897121762374e-01 4.153116044063630968e-02 2.015353667966790774e-01 3.746991042832485963e-01 4.038557545137771432e-01 -4.631976936205524364e-02 1.738602836428720655e-01 2.280051818777623363e-01 4.491425901767395201e-01 4.644101027693531281e-01 4.846055003467474309e-01 6.718484477315611603e-01 8.266362826394245689e-01 9.472311411611473997e-02 4.814398222588238685e-01 2.376663437758002317e-01 3.082556987678919391e-01 6.388976459079285242e-01 2.106923824967421865e-01 4.364463130412276071e-01 -1.560184562925594765e-01 1.086138293071831074e-01 -1.240589220792502612e-02 3.609556963564954368e-01 4.137097191004303065e-01 -1.915986666942515737e-01 -1.759741141570852485e-01 -2.034502163421078869e-01 -2.449888899661755159e-01 4.638004016563958797e-03 -8.922334043790480784e-02 5.406025032592654683e-02 5.690740677270988979e-02 4.917597175780030749e-02 7.393618568006089797e-02 1.820126563630872218e-01 -1.576044707175139337e-01 -1.873827716936583010e-01 -1.331560870937786023e-01 -1.674396069748934901e-01 -8.370079014342443613e-02 -2.876705601890370070e-02 -1.106123520253444598e-01 4.586213904704206784e-02 1.369664292891100976e-01 2.639293869732657963e-02 -3.700657552841036396e-03
