1.000000000000000000e+00 2.192022846962998761e-01 3.913840213977293203e-01 1.132026363624469151e-01 1.074002634863066297e-01 4.806995151901825025e-01 4.070374896250537611e-01 1.384362975823849595e-01 9.749965144632539993e-02 4.462367135514112015e-01 2.846216630677372850e-01 2.818183975191134172e-01 5.763118797554864919e-02 -1.020992045222992722e-01 -2.448163431877208862e-01 2.854209354291075695e-01 1.154277659946321977e-01 -1.913897655514477589e-02 -3.664555755080444593e-02 -2.928485149954133115e-01 -1.806428091512047862e-01 3.411623297356809054e-02 -2.273125042271314789e-01 2.774176844028148903e-01 5.309248236801273890e-01 2.362961500608064813e-01 -8.497660469328029154e-02 -3.818545347184349459e-01 -3.766421619893629558e-01 -2.263463123593821014e-01 4.075936694679416217e-01 4.256758607893212920e-01 3.236831270321673948e-01 4.281063685590492246e-02 -1.258244331215551196e-02 -9.685962707490924917e-02 -1.611952871661026243e-01 5.108817326600245678e-01 5.089093950890450913e-01 4.887853142721586552e-01 2.878874793131743770e-01 3.837451556954594722e-01 3.280983823950693878e-01 3.976876477720923952e-02 -9.671757158827980205e-02 -2.842616552419364728e-01 -1.037487030161270002e-01 -2.471367627671404998e-01 3.891432491325545473e-01 6.410215955670088561e-02 3.532299467165207485e-01 1.928556642360775703e-02 2.457042946775965242e-01 -1.824808537809700371e-01 2.533537128923650239e-01 2.500728008656505352e-01 -4.769144780181753390e-02 -8.019042149457832058e-02 2.713119153754793844e-01 3.389161860140345317e-02 -1.745545912075464196e-02 -8.443141914859336739e-02 -2.905092146423098320e-01 -1.167572053216983652e-01 -1.536625566542985655e-01 -2.189499474701822324e-01 -1.113742132093047295e-02 -2.201393771463657223e-01 -1.845158287665042973e-01 -3.790720754376785684e-01 -3.122182440529694958e-01 -1.504396004418106225e-01 -3.650452106986496470e-01 1.700670660222644570e-01 -2.038440446999905675e-01 2.082622445909480258e-01 -2.718424991531679935e-01 -3.375139192429026380e-01 4.090487267362707402e-01 4.213872475192065870e-01 -8.498482814785508765e-02 -1.191212544702256737e-01 -2.769765167625561353e-01 -4.703718657967155270e-01 -3.678339194318789307e-01 -4.760830060942572994e-01 -1.932876122891529214e-01 -2.936293227173804588e-01 -5.055256907692859403e-02 1.504553386036658891e-01 2.508652958452003978e-01 4.888941207626302243e-01 2.790467452915685320e-01 3.123309760859567796e-01 1.622768621670326317e-01 1.029549504328080567e-01 -2.504779545536518492e-01 -3.523659182967875947e-01 3.630499918482764654e-01 7.337942403975734884e-02
2.192022846962998761e-01 1.000000000000000000e+00 7.339613963335518410e-01 2.263659370168756291e-01 4.921474839433487292e-01 3.545935755601720141e-01 4.883654304034832361e-01 3.146866632771089800e-01 1.989291377383557713e-01 2.821662717755993310e-01 3.784316038182791719e-01 8.018743487536096615e-02 -5.875183882643935512e-02 -3.019024001284963954e-01 -4.110293903210585076e-01 6.933835406110638866e-01 1.839354013166593360e-01 -2.109619088375640772e-01 -2.227685741007628673e-01 -3.431938862119335298e-01 -4.669857327206839992e-01 -1.793846459152402262e-01 -4.716482507439819782e-01 4.353678622324564373e-01 3.151367873055018753e-01 1.836006470590008655e-01 -3.482218436345061452e-01 -5.018779835349509444e-01 -3.033103718731653409e-01 -4.879004885875165565e-01 -1.790259905421512920e-01 -2.695876642042996027e-02 2.612156962587901532e-01 -1.456048001812551562e-01 -9.653065701743908378e-02 -3.559918151744986391e-03 -2.761816778407450435e-01 2.304273268100933969e-01 3.228822745127116201e-01 5.255034449418271025e-01 3.114019984016724862e-01 -1.677965942835395879e-02 5.645527266302301228e-02 -4.178013615041230033e-01 -3.559587648869376175e-01 -4.854256634708549734e-01 -3.053606126984043656e-01 -3.422011884013470562e-01 8.683937688418541523e-02 -1.605916727740906713e-01 3.754152062012258706e-01 6.572109255627587299e-01 2.173652498638715125e-01 3.494706678748823320e-02 4.198840508247253522e-01 2.363440898528485490e-01 1.488949316045557469e-01 4.761405624738065945e-02 -4.015313768774589342e-02 -4.201935767782225689e-02 -1.156750800921343579e-03 -2.047470218830725053e-01 -2.700974725498052065e-01 -2.185157891377830786e-01 -2.531906922534095661e-01 -3.900926702857794304e-01 3.124369468895553670e-01 -3.632768607486850376e-01 -2.596047751400277770e-01 -1.967888384765411613e-01 -3.507848215636988898e-01 -3.831458995880424045e-01 -4.400754393929560693e-01 2.365508188268026502e-01 -1.911357571986066831e-02 5.981118341164390340e-02 -3.133299005744363819e-01 -4.364799109978146907e-01 -1.980490051259412854e-01 2.131776435587225405e-01 -1.650777647299148942e-01 -1.693975038820627332e-01 -2.284575903127723240e-01 -1.046690900308903244e-01 -5.239672409356816996e-01 -4.758602746009606421e-01 -2.695781561275894522e-01 -5.348125769746866487e-01 -2.958697376144894253e-01 2.347066191392609830e-02 1.502966140451335864e-01 -4.771728925700952778e-02 1.934123616023155079e-01 -8.489291068694082565e-02 -3.245652789735252453e-02 -3.642327045144158060e-01 -4.757258576945919137e-01 -5.511724274188012362e-01 7.982914734867439799e-02 -1.200244174045373424e-01
3.913840213977293203e-01 7.339613963335518410e-01 1.000000000000000000e+00 1.066635262321053851e-01 3.604806338187406811e-01 5.904233554839397602e-01 5.155551604923295228e-01 2.779436888690499652e-01 3.432942886640356628e-01 2.448858701679343663e-01 4.167678796301594324e-01 1.364664252613368156e-01 -9.036569484619592918e-02 -3.978373402412179183e-01 -4.901109540694218447e-01 6.719542856224691718e-01 1.553500312139249329e-01 -3.074433551300168044e-01 -3.066397111226138450e-01 -4.683327823580036298e-01 -5.389007125755606031e-01 -1.938714888165432026e-01 -5.513982606172561640e-01 4.466112118044060497e-01 4.147245275724956159e-01 2.588474825739633389e-01 -3.470911215707407904e-01 -5.352098989422242603e-01 -4.210865660192475990e-01 -5.167414061067401310e-01 -7.876432389710294468e-02 3.049453957041504959e-02 3.030771118376671680e-01 -2.134206655984014211e-01 -7.738078613977468490e-02 2.216524126817875570e-02 -3.072722163518367133e-01 3.356466161225832301e-01 4.561217596494578363e-01 6.056829776802747922e-01 3.488441854494765959e-01 1.281067247915340934e-01 2.075066166185830230e-01 -3.054686087726524168e-01 -2.807457998066227867e-01 -5.024308281465378334e-01 -2.978994536220521128e-01 -3.943906275809928030e-01 2.130564840170902363e-01 -1.783596908164324646e-01 4.495218050098953033e-01 5.394347818670804928e-01 2.442444290282134722e-01 -1.522649712723438686e-01 5.833481293383899757e-01 4.109321573799024074e-01 5.928275569067329581e-02 8.792657012176031961e-02 2.702907972099923353e-02 3.811366726061920368e-02 6.527635657807419334e-02 -2.296164495827925367e-01 -3.859731721367329893e-01 -3.088203688697001015e-01 -3.570587466729049919e-01 -4.477122662656360386e-01 2.938664116682095373e-01 -4.191245657437163707e-01 -3.663013226109709808e-01 -3.626615465740567479e-01 -4.741128819406959516e-01 -4.493305433923043823e-01 -5.891415270602929910e-01 3.063931338484949252e-01 -4.110285817890806104e-02 2.026262527516489442e-01 -4.249132871530983402e-01 -5.242948973807406432e-01 -1.244574697570885874e-01 3.854978462940866768e-01 -2.264875286061953374e-01 -1.837234807396332936e-01 -1.963969659363196119e-01 -2.020066806195868203e-01 -6.042945680290301436e-01 -6.419591294686319838e-01 -3.317033282658377602e-01 -5.912204024704728056e-01 -3.009604481435951273e-01 7.298992817464536320e-02 1.544583546867294155e-01 6.546274768472334915e-02 2.774326966761224700e-01 5.737277412116829206e-02 8.964391463596241283e-02 -2.951429977250937808e-01 -4.975520256986417644e-01 -6.375020440444907344e-01 2.490217498531740459e-01 -1.255703921183777272e-01
1.132026363624469151e-01 2.263659370168756291e-01 1.066635262321053851e-01 1.000000000000000000e+00 4.877031533738890867e-01 1.518808492377426711e-01 3.967671468646107313e-01 4.101643487429144086e-01 2.395266709945933700e-02 1.111279351301137641e-01 -7.395025894822840340e-02 1.871133603283581248e-01 8.021452500237878647e-02 4.691251195331744978e-02 6.471141796455301409e-02 2.971771803813431645e-01 -8.093368187933995539e-02 1.391496058339443953e-01 4.388462267612949080e-02 -1.674036931928342712e-03 4.406687848156430609e-02 -1.648411188674302752e-01 -3.255437915600059573e-02 -2.888818211935944083e-02 7.433176060473561941e-02 -7.695551363830598068e-02 -2.334798277730079641e-01 -1.653402249247958866e-01 -7.735942926050626278e-02 -2.569060389452456836e-02 3.659101433954978916e-02 2.233361789501216443e-01 2.097548308490981839e-01 -3.154965051505582985e-02 -1.983224464739829218e-01 -8.338110742698746913e-02 -1.156066557909189441e-01 3.589067672758040062e-01 3.319238864524942101e-01 1.565574144520795186e-01 -2.618045220338360846e-02 2.445069744121995334e-02 -9.932341021371141054e-02 -7.261183105025897921e-02 -1.971938574300190899e-02 -1.393894397628633874e-01 -2.023332213351435316e-01 -1.306370318181088730e-01 1.433858459741043090e-01 1.415105366537769138e-01 4.052831004554022787e-01 2.791455636569107890e-01 4.717468492175789785e-01 5.279209575716271585e-01 1.770854462905163962e-01 1.944578254339557333e-01 4.386773846039601077e-01 1.168353418933249926e-01 2.042328570846068947e-01 1.903056521630055453e-01 1.615461824447912142e-01 2.066204761428330205e-01 7.837530649305075739e-04 6.296488401181321928e-03 -4.535689146930393240e-02 6.658941778968553715e-02 2.178526453831397258e-01 8.547806266501295491e-02 -1.689476026676531573e-01 -1.544237226181679155e-02 4.275913513139766031e-02 7.722677172897844666e-02 -8.432225601732538586e-03 3.218517511358271466e-01 1.667500784518100854e-01 -4.451728562639304526e-02 -8.034571560357924025e-02 4.021607358688430306e-02 -6.391292649983741636e-02 2.691472653362347867e-01 -1.691766364411871892e-01 -1.562472096187998150e-01 -1.286841999169053008e-01 -2.665788961969378645e-01 -2.379063300891583188e-01 -2.038652167778216284e-01 -1.346619050119520766e-01 -1.425206563522296577e-01 1.013218018594923692e-01 1.045543060964724547e-01 2.565325522180584294e-01 1.683210907759984942e-01 2.266827620874632132e-01 1.845723222381950024e-01 -1.041149758343342252e-01 -2.274160762574124195e-01 -1.350908620088303036e-01 -1.037371446309186818e-01 2.251999567372681699e-01 1.402677196128394865e-01
1.074002634863066297e-01 4.921474839433487292e-01 3.604806338187406811e-01 4.877031533738890867e-01 1.000000000000000000e+00 4.070791100210222613e-01 3.171484446128732260e-01 3.317051116282821455e-01 2.271725526622223046e-01 2.558595201010098741e-01 1.169889196258061814e-01 3.068481205814377888e-01 1.443106525978529175e-01 -2.623968692623538379e-01 -2.097696302174198446e-01 3.639270350371792695e-01 -9.925922899307900935e-03 4.137191463069461728e-02 -1.912445852111158417e-01 -9.085943775421141677e-02 -1.886858556595623349e-01 -1.519162007840781092e-01 -3.104875572078263923e-01 2.125195528464781380e-01 1.682839495032734944e-01 1.262949671041111444e-01 -3.415845224457164098e-01 -2.777058408091597763e-01 -1.340812366953864354e-01 -1.986991997794089471e-01 -1.947131752080862380e-02 1.775072439929337442e-01 1.709315702312689533e-01 -7.461588908768432282e-02 -1.152230420342221784e-01 1.317485635660329002e-01 -2.538177890701389522e-02 2.478480759211762474e-01 2.805572971015760086e-01 2.544612263568157839e-01 1.496313799793753951e-01 5.663954358164079855e-02 5.683938141238783180e-03 -2.107782636232893581e-01 -8.664883539075000918e-02 -3.677210031683454949e-01 -3.526012159583261640e-01 -3.065131361236969054e-01 2.270133588069004615e-01 1.241226953499255520e-01 3.184439478585118222e-01 3.922945895236679137e-01 4.039142086581907209e-01 4.988309941046709661e-01 5.847366479433445674e-01 3.022366845575819583e-01 2.337339070917284489e-01 2.178985041399472411e-01 2.229063025561831557e-01 1.910508481372590051e-01 3.335417764597118917e-01 1.565826292190033442e-01 -8.724706938140579238e-02 -1.864739903834055357e-01 -2.291724136235246956e-01 -2.279107237517579987e-01 1.968165880804424450e-01 -4.708266889970864205e-02 -1.118550791849542425e-01 -4.396015795800060910e-02 -1.570349283812332852e-01 -2.220249926474469546e-02 -2.365224333841747795e-01 2.331636379410864379e-01 2.576096605233197945e-01 8.491590239661570005e-02 -2.062982443833351054e-01 -9.086973790118701988e-02 -9.424173764022457378e-02 2.546503553870860803e-01 -6.256909933019981322e-03 -4.074304908989933444e-02 -9.229167775693684905e-02 -1.581179366747829940e-01 -3.212483076188816788e-01 -3.177674433355376915e-01 -9.749467672320438760e-02 -2.103267237839228643e-01 1.080868698299203151e-01 1.836736650334515608e-01 2.911422999239670628e-01 1.422032744863316045e-01 1.675723317905238596e-01 1.700167127326099870e-01 4.423665347759631744e-02 -2.869225701654411487e-01 -3.611994437246780487e-01 -3.004517485347995565e-01 1.848784794683973332e-01 1.473485251281105579e-01
4.806995151901825025e-01 3.545935755601720141e-01 5.904233554839397602e-01 1.518808492377426711e-01 4.070791100210222613e-01 1.000000000000000000e+00 5.218110071441852682e-01 5.283192581681529498e-01 6.822469968634780058e-01 3.784090635806093283e-01 2.592143103850086949e-01 4.441760808781842762e-01 3.060425062979578170e-01 -1.604414567205753595e-01 -2.205173602919071885e-01 3.897755485851417401e-01 8.799422707079748718e-02 1.476827227050416524e-01 -3.049017863871494958e-03 -8.380503567796557252e-02 -1.099688533245435640e-01 -6.450462366051082364e-02 -3.756233333511709294e-01 2.643802434382443445e-01 4.259639553706700554e-01 2.058387369705491354e-01 -4.007328243166418114e-01 -4.138080047705666731e-01 -2.947756029195299776e-01 -3.475653310464664747e-01 1.935658854594864420e-01 3.817689828795481910e-01 1.349595133142050263e-01 8.666488715920148134e-02 -1.671080461171883247e-01 9.160900155528407807e-02 -2.285971491551454515e-01 5.949311601578547437e-01 6.486239385032854798e-01 5.460775786065206194e-01 2.961969381082759645e-01 2.031862982527805062e-01 2.029238986339302886e-01 -1.781307142704107171e-01 -1.827769180800002946e-01 -5.218198875157056271e-01 -3.284668598017385643e-01 -4.714589855112259476e-01 5.871570107786918680e-01 2.434704121056938120e-01 3.414307751499122134e-01 2.411763110964311729e-01 3.339722773905210995e-01 -8.785259871042208971e-03 7.780711367169547144e-01 7.930388465902895589e-01 2.458383967823045135e-01 5.276153670246180871e-01 3.570126147134727868e-01 2.873351337834219588e-01 2.594209171562250615e-01 2.575449459870983726e-01 -1.125485179773553640e-01 -1.614355522621658823e-01 -2.354490476927401932e-01 -2.262706515104416782e-01 2.876827327789921451e-01 1.692026536301797709e-02 -1.083953249938426344e-01 -7.258436957565025938e-02 -2.028602462323867428e-01 2.126749076369499267e-02 -4.563494352745672833e-01 4.548603819881317789e-01 1.453506172457232903e-01 2.177298850571660338e-01 -3.496467477113992528e-01 -2.902670322890437138e-01 9.013879229445748154e-02 4.449675740059451101e-01 -1.147900659972930365e-01 -1.620254211988058496e-02 -2.726772248697342804e-01 -3.670466283850679079e-01 -5.900095274149390612e-01 -4.902227776860693109e-01 -2.720941359769553647e-01 -3.585021926238404211e-01 2.322593866697198473e-01 2.770128251733647295e-01 1.721254608295237631e-01 3.946097252739722561e-01 4.639865009965001841e-01 2.439477633666501943e-01 1.650786275859400520e-01 -2.042247332979638397e-01 -4.957255611362098580e-01 -4.759028482264923143e-01 5.886623529875836258e-01 2.947943760177570427e-01
4.070374896250537611e-01 4.883654304034832361e-01 5.155551604923295228e-01 3.967671468646107313e-01 3.171484446128732260e-01 5.218110071441852682e-01 1.000000000000000000e+00 6.176106626673709687e-01 3.449041457890991147e-01 4.576598019972035747e-01 4.203561085899661931e-01 4.017433396961966885e-01 2.901889381849955818e-01 -8.101533403730795668e-02 -3.294167101443150059e-01 6.373635359326306205e-01 3.826883344865268377e-01 1.788074496566421923e-01 1.572286906231908643e-01 -2.028185470743752161e-01 -1.710988077283590036e-01 1.092626318313270201e-01 -3.525633890320029051e-01 4.598099298568142368e-01 4.670996886809010151e-01 2.129005955434193909e-01 -2.763912984305302856e-01 -4.654432139666490054e-01 -3.563018549392011902e-01 -4.482623992673652746e-01 3.935682997315771703e-02 2.297726749088589149e-01 2.833128088294757929e-01 2.533811021443785338e-01 1.681493168430700513e-02 -2.143788101909165425e-02 -3.878419299947438170e-01 5.305525690317418608e-01 6.640257043280528571e-01 7.365941098709388735e-01 5.231654527100367824e-01 1.087669354062736071e-01 2.801358181559068794e-01 -2.365906852933137294e-01 -2.019877205675633391e-01 -4.703313062764298280e-01 -1.643342467017773201e-01 -3.653021927555794024e-01 3.834126922044269192e-01 1.252153396798272866e-01 3.650841926169974827e-01 3.414167132153667072e-01 4.371624503715212384e-01 5.195602456252787493e-02 3.380800116917461184e-01 4.104885878565353030e-01 3.284221282382859264e-01 2.075900369756696617e-01 1.736847636206719225e-01 8.168346940796376854e-02 9.220053972422234678e-02 1.096166952138102751e-01 -2.371293570053431554e-01 -1.750670733802812407e-01 -2.603915369074388253e-01 -3.246249964021304946e-01 3.888883382202957817e-01 -8.735629924039595151e-02 -2.310193783919721466e-01 -9.073079652991761224e-02 -2.796208751772564227e-01 -4.883636318003967830e-02 -3.877745303363092644e-01 4.099677934718246597e-01 5.029348061167183276e-02 3.545983466540577472e-02 -4.280133782036346646e-01 -3.919858366556274176e-01 -3.528027502003294714e-04 2.813732767866140017e-01 -2.805705416154959941e-01 -1.790031476665358001e-01 -2.570123334323932696e-01 -2.341965059013443318e-01 -5.370823100414557905e-01 -4.326690741883180147e-01 -4.150140046794721926e-01 -4.606101570792529576e-01 -5.442077707703654038e-02 1.055600166013597740e-01 1.056025027623968271e-01 2.205187869437605086e-01 2.877962230434725210e-01 9.941909585906447133e-03 2.662265893992152299e-02 -2.394302662079619837e-01 -4.368845750056446486e-01 -4.931185803018280911e-01 3.469342912353528541e-01 1.165191621969180746e-01
1.384362975823849595e-01 3.146866632771089800e-01 2.779436888690499652e-01 4.101643487429144086e-01 3.317051116282821455e-01 5.283192581681529498e-01 6.176106626673709687e-01 1.000000000000000000e+00 6.334075312674671832e-01 2.352831915313408351e-01 4.127729585581452892e-02 2.952850611316204521e-01 2.208001284322608504e-01 1.213474013209845243e-01 1.718207387805475300e-02 3.857040569677278596e-01 5.341463140579176538e-02 4.912315655585788310e-01 2.716850222941294413e-01 1.688877463093202691e-01 1.843989960061138411e-01 -1.378400504741692512e-01 -1.272557020367706404e-01 3.100472047203555598e-02 1.399177524229442415e-01 -4.908552235888192367e-02 -4.225348182128035313e-01 -2.506174293933777775e-01 -1.060029886734394078e-01 -2.232158545141689210e-01 5.514848508503912561e-02 1.962218597188818137e-01 7.933054792171316538e-02 3.512463729264477252e-01 -2.867364310775090130e-01 -7.279742477253194717e-04 -4.273691899479562517e-01 4.775283959773984899e-01 5.221967690210549407e-01 3.342599841230934343e-01 1.672298664549279612e-01 1.525007024122340855e-02 -6.139355643015430991e-02 -2.816813764900238382e-01 -1.818329806658170456e-01 -3.533895194619315894e-01 -3.102108500066717567e-01 -2.975667285700736575e-01 3.724256805245363400e-01 3.420275052699889295e-01 2.505439260748387742e-01 3.554937814609056557e-01 4.807069044165876992e-01 2.279655941999731983e-01 4.430855704270756923e-01 6.263935045373683064e-01 7.219697749642027818e-01 7.068999817622815263e-01 3.208179947217890682e-01 3.131969443873934278e-01 1.513419045416463660e-01 3.181080931657331856e-01 -8.112693418688940450e-02 -1.245326625900310263e-01 -2.208041073439436508e-01 -3.330903726635131568e-02 5.172314984879843314e-01 2.079457636467159642e-01 -1.213406519347120793e-01 2.637330486286719178e-01 1.301379178048898445e-02 1.668858951925340228e-01 -2.185809523694495493e-01 5.490076722430955458e-01 2.115802182197164261e-01 1.982402927683697344e-02 -3.259668451328047722e-01 -1.916759575850956743e-01 -8.972923044401989734e-02 1.653787936086364985e-01 -2.745658777472836931e-01 -1.238383954865372172e-01 -2.590100840773789104e-01 -2.295822997552490474e-01 -4.671247883131099954e-01 -2.530189431388119581e-01 -4.358673006626850865e-01 -2.004682309826565090e-01 2.659360513090937017e-01 1.734331690976560758e-01 1.589743435756894585e-01 1.813347186266430211e-01 4.934938942457939293e-01 9.746166391216129488e-02 -4.034144388128944186e-02 -3.477616034389107158e-01 -3.517441886654190109e-01 -2.431086871511131953e-01 4.794157329774841325e-01 3.380008729704114256e-01
9.749965144632539993e-02 1.989291377383557713e-01 3.432942886640356628e-01 2.395266709945933700e-02 2.271725526622223046e-01 6.822469968634780058e-01 3.449041457890991147e-01 6.334075312674671832e-01 1.000000000000000000e+00 2.195430810619432571e-01 1.619571778384431837e-01 3.051036490254534495e-01 2.698015286547916780e-01 3.941456820862120763e-02 -1.798023426335824612e-02 2.329424917926254945e-01 9.992236258171459384e-02 2.149487212988752116e-01 1.900333082734226575e-01 1.592216802701138800e-01 1.020235488853253186e-01 -5.872828397688186625e-02 -1.997130324031953508e-01 6.064997404072600129e-02 1.767816390010885641e-01 3.214839654353228438e-02 -3.995641600047364905e-01 -9.112281812933471781e-02 4.439512579793688379e-02 -2.506741280920987691e-01 3.908402681999351147e-02 1.300864514840202601e-01 3.570638016173455914e-02 2.254586809957359606e-01 -2.160492830262407682e-01 1.605661447485779436e-01 -2.377931811397576978e-01 3.423454791099374561e-01 4.162391812311206918e-01 2.742983222845803981e-01 1.633696585915522248e-01 8.259738865438363831e-02 -1.158829547749785915e-02 -2.151201160913807364e-01 -1.736975332778508407e-01 -3.553558140152096034e-01 -2.969465532643378869e-01 -3.408725179722704723e-01 4.148570542288728680e-01 2.727202976762802544e-01 1.596745957001344807e-01 2.718986595333729994e-01 2.440324933464921298e-01 5.682784462933903463e-02 5.858122871676211263e-01 7.969651843396983182e-01 4.081059511139310536e-01 7.879159740451879834e-01 2.558476187739406327e-01 3.419336404009396535e-01 1.972998368909683609e-01 3.306690975699631552e-01 1.847455859274717629e-02 -1.358759429801045804e-01 -2.197576961527620276e-01 -6.524019715492125615e-02 4.361309413936098611e-01 2.164350572844421783e-01 -1.644600418945871972e-02 1.923225532098326584e-01 -1.670779713329484384e-02 1.049346075291504865e-01 -2.925986438811304935e-01 4.383747738281308926e-01 2.716434623961840877e-01 1.648805165104653414e-01 -2.784995138704352002e-01 -2.108396556117747289e-01 -1.061908167458130436e-01 1.488617096777828663e-01 -1.619323028692905841e-01 1.201673422679228401e-02 -1.484179862282646867e-01 -1.218575022939080293e-01 -4.452945633285743110e-01 -2.353556615338383839e-01 -2.639779890872052670e-01 -1.460204309292619518e-01 2.817382800403619991e-01 1.793156287913605096e-01 9.573248089882668843e-02 1.633266656065901767e-01 4.294380095041620549e-01 1.047987924294269263e-01 2.055109438953316853e-02 -2.609101383970810484e-01 -3.763683443410840712e-01 -2.690088929114238803e-01 4.609309276375185283e-01 3.177091129580210116e-01
4.462367135514112015e-01 2.821662717755993310e-01 2.448858701679343663e-01 1.111279351301137641e-01 2.558595201010098741e-01 3.784090635806093283e-01 4.576598019972035747e-01 2.352831915313408351e-01 2.195430810619432571e-01 1.000000000000000000e+00 6.097000735018385242e-01 7.080525050291661682e-01 3.298490413887548156e-01 -3.232466699112024333e-01 -4.700174054993574435e-01 2.824896096812646307e-01 3.822346713085691405e-01 2.883521366994163185e-02 2.546570351041980377e-03 -1.588544253301009124e-01 -2.105413002823352253e-01 2.073853439247952402e-01 -5.222371058424308821e-01 6.297763860191089025e-01 6.852974254753183558e-01 5.469448504158633817e-01 -2.234863396897950605e-01 -2.667994332731545293e-01 -1.967933037505553706e-01 -4.855504992344563675e-01 1.525258465312978318e-01 2.426619669937094548e-01 1.404470585974161856e-01 2.121070383367439915e-01 1.496507205290082410e-01 8.675909833770435731e-02 -1.504173244559210698e-02 3.443310408805754785e-01 4.734583601382586493e-01 5.944929081646017632e-01 5.062460998404796353e-01 3.152239941159205028e-01 4.422841109744058974e-01 -1.308170009776214449e-01 -1.536608109336881633e-01 -5.900741505880457982e-01 -2.374098520699021719e-01 -5.409397915584798211e-01 3.635887979858058450e-01 7.972104909951087393e-02 6.065986695620569080e-02 1.764562983581050293e-01 1.501714811864001409e-01 1.510539647049737033e-01 1.651023771601314305e-01 1.680643580282470406e-01 5.436278911543794556e-03 -2.974633237722309684e-02 3.251744813292605785e-01 2.135608517929580841e-01 3.296799180988974065e-01 4.438388370603695704e-02 -2.260060091851992525e-01 -3.732476073988337251e-01 -3.877388810713412459e-01 -5.294803528293180461e-01 1.491422640762134488e-01 -2.117335246517334513e-01 -1.375439008815516617e-01 -1.996880056622955812e-01 -3.995193298726185671e-01 -8.129900059664205147e-02 -5.274209398976371643e-01 1.970302782845511913e-01 1.547061134861466292e-01 3.774308484748280512e-01 -3.723138447861241707e-01 -3.196677151299040509e-01 1.834268695678045735e-01 1.698689504241917281e-01 7.194835031021102473e-03 -1.606094968372542287e-01 -1.555399934829091169e-01 -1.219615721487105620e-01 -3.705489706198209499e-01 -3.982947082852237308e-01 -1.692728417396258400e-01 -2.746053404991370406e-01 -3.734227914679810745e-02 9.078810746147886190e-02 -4.126571883472637120e-02 2.862795178061383061e-01 1.667130042938685108e-01 1.560183311674708806e-01 2.730998612399426206e-01 -5.654494578246407194e-02 -5.768987657945789937e-01 -5.973632995006163959e-01 1.274146516868015777e-01 4.896269076162836770e-02
2.846216630677372850e-01 3.784316038182791719e-01 4.167678796301594324e-01 -7.395025894822840340e-02 1.169889196258061814e-01 2.592143103850086949e-01 4.203561085899661931e-01 4.127729585581452892e-02 1.619571778384431837e-01 6.097000735018385242e-01 1.000000000000000000e+00 4.700599614695232797e-01 2.825276118788977442e-01 -3.381528797253242069e-01 -5.085845322893011167e-01 3.636855771499930001e-01 5.971949890189909294e-01 -2.625775718153213756e-01 -3.726433530119922788e-02 -3.681448383892169662e-01 -4.044036626490803421e-01 2.638966665237503784e-01 -4.928774138865251730e-01 7.631441181713645161e-01 6.133554293780882904e-01 6.122944447328098061e-01 -1.104680378806984081e-01 -2.173396532265388648e-01 -1.520176274568597330e-01 -5.047899813817708914e-01 -1.173108911272988247e-01 -5.494432495315181020e-02 1.215642949719799998e-01 8.694050430808021590e-02 2.806094994045091884e-01 1.305693008185857817e-01 -1.804601722648538006e-02 5.537726625972570760e-02 2.504729722197419628e-01 5.957164747195868859e-01 5.675794788469290530e-01 2.383926865621428248e-01 4.300702108776584542e-01 -9.997010338468048651e-02 -2.001136747760990653e-01 -4.657003985576286809e-01 -9.122941718554898605e-02 -3.744859472485472796e-01 1.372050715875494098e-01 -2.473798092943456373e-01 1.085492600516731361e-02 2.147165418385409419e-01 -1.014423200490411486e-01 -1.306008453193669427e-01 1.097806095530397402e-01 6.835229286526964265e-02 -2.187422938712367260e-01 -1.782036293691193762e-01 -1.046474756480588741e-01 2.637602053296193155e-02 1.089709096456911441e-01 -1.398675706463773094e-01 -2.050949112068709279e-01 -2.689844042798754109e-01 -2.786941932637849728e-01 -5.175311184655074781e-01 5.625082966517239852e-02 -3.683487287329298976e-01 -1.910149024516605287e-01 -2.917436895073077241e-01 -4.628357383227557076e-01 -3.497452497096075197e-01 -4.896113420221462342e-01 -4.303722053354260002e-02 2.778986512587139010e-02 2.720132756983458244e-01 -3.034365584876624888e-01 -3.721296632341463129e-01 -4.768736149548633702e-02 -8.418562726214252889e-03 -9.249728284892796970e-02 -2.028080602031237523e-01 -6.542688756855497001e-02 7.084816278798555800e-02 -3.533803279220971150e-01 -3.974689888895531209e-01 -8.788572172507382041e-02 -3.703242078036280693e-01 -3.134102715746842627e-01 -1.085791149377377807e-01 -2.257332518634001528e-01 -2.428575465909333167e-02 -7.553768974544913806e-02 -1.000572142808207610e-01 1.411970847765019743e-01 -1.064730234611002517e-02 -4.729655204578133709e-01 -6.137378668668383996e-01 -2.754268078778624590e-02 -2.003987060253346608e-01
2.818183975191134172e-01 8.018743487536096615e-02 1.364664252613368156e-01 1.871133603283581248e-01 3.068481205814377888e-01 4.441760808781842762e-01 4.017433396961966885e-01 2.952850611316204521e-01 3.051036490254534495e-01 7.080525050291661682e-01 4.700599614695232797e-01 1.000000000000000000e+00 5.239271938904475068e-01 -1.572177519353775421e-01 -2.314203231512782233e-01 1.919406767665516877e-01 3.403105370853165557e-01 1.607056773835986718e-01 1.103356108224431142e-01 5.121045876392704352e-03 3.337859381892981786e-02 2.166772250508039455e-01 -3.062781743919458788e-01 4.605412255526042387e-01 5.105669734711881791e-01 5.348955756213440438e-01 -2.358569787678166663e-01 -1.316899515370121565e-01 -1.684534732616457114e-02 -2.668827138992692083e-01 1.554050241778922870e-01 3.197257858464156999e-01 1.038018018748810695e-01 2.126287565634165377e-01 1.262240403001470557e-01 7.317318574499388772e-02 1.876379793360170162e-02 3.564876513657623813e-01 5.081122332617615811e-01 4.625288796995350449e-01 3.213140759796386248e-01 3.904304708930480539e-01 3.987713332020080270e-01 -1.038317894068491176e-02 1.160127045995512814e-02 -4.572746088446597579e-01 -2.132189931057437149e-01 -4.051366484050016314e-01 3.885399709357831299e-01 1.639445015855241217e-01 1.108989975667675626e-01 3.173673101357997461e-02 2.463323192257524386e-01 2.221474148688410977e-01 2.917302190842075427e-01 3.244732507286816614e-01 3.593069141309086778e-02 1.650112801945362861e-01 3.983715220948533253e-01 4.266457113533907441e-01 6.030939885197018624e-01 3.838103802990039393e-01 4.857288974323312886e-02 -1.834586258956397431e-01 -2.179322927840396940e-01 -2.733347804075114684e-01 5.726657193599229284e-02 9.246734969108826030e-02 3.321635676364747061e-03 -3.771090150313232553e-02 -1.561279214815448624e-01 1.842056276812678861e-01 -2.947345085741350235e-01 2.391440796898399446e-01 3.674612163859131697e-01 3.440230034803369308e-01 -2.042128864725713255e-01 -7.351269061214138478e-02 6.666589349778782869e-02 2.239694329963663744e-01 4.999526768354187189e-02 -8.464483275058050371e-02 -7.108748716445729976e-02 -1.590188273414132325e-01 -3.282191444318977580e-01 -2.738761860152723049e-01 -9.058821055576440906e-02 -1.415358699530369913e-01 1.551578433451535899e-01 1.664139484392726520e-01 -4.678596416748690388e-03 3.190252004600005464e-01 1.276343899051939068e-01 2.245670390911252423e-01 2.871363552433831567e-01 -9.541393316286160553e-02 -4.485268208051056971e-01 -3.928454907031488919e-01 2.201453375992268868e-01 1.609346718146658917e-01
5.763118797554864919e-02 -5.875183882643935512e-02 -9.036569484619592918e-02 8.021452500237878647e-02 1.443106525978529175e-01 3.060425062979578170e-01 2.901889381849955818e-01 2.208001284322608504e-01 2.698015286547916780e-01 3.298490413887548156e-01 2.825276118788977442e-01 5.239271938904475068e-01 1.000000000000000000e+00 2.933842868692314032e-01 7.722902494101106796e-02 -5.955775544624898610e-02 5.200139781908195147e-01 2.323271273952919602e-01 5.238996141870653211e-01 1.016156348101235340e-01 2.422808473394375550e-01 5.242256323513265759e-01 7.845102020743731364e-02 2.844960970635051489e-01 1.412477815498945355e-01 2.407400095620237934e-01 3.187133154024612836e-02 3.177663800952062328e-02 3.818879227727790121e-02 -4.062829989787236640e-02 5.375630719435613852e-02 1.544482343596683127e-01 -1.208240619451109027e-01 3.394713129354626768e-01 2.319421444675162647e-01 -9.728613879494858729e-02 -7.888770148298000773e-02 1.510157590789726056e-01 2.862307255326225763e-01 3.160883191298545225e-01 1.943232467367134730e-01 -6.664069666854255392e-02 1.535112614519505148e-01 3.512008223596437689e-02 -5.013396776757821083e-02 -1.906401153884701161e-01 5.128375205893902222e-02 -1.923120456148911250e-01 2.238622155614368170e-01 7.444474065184954192e-02 -1.217538707612462745e-01 -2.336559951760279474e-02 2.545321971807090050e-02 1.397352848490406585e-01 1.329619832655489498e-01 3.105848490059175404e-01 3.256035654630587417e-02 2.194387768575989939e-01 -3.154955665142009091e-02 9.815250378094394091e-04 1.463277503751940212e-01 6.533684910254065059e-01 4.365405768589485924e-01 1.823940352302958479e-01 1.349947071301894341e-01 4.877908119284880828e-02 1.683832493685516463e-02 3.553488184800004390e-01 1.564452972167179323e-01 1.249399880450991346e-01 7.055586176699872591e-02 3.844157895056188323e-01 6.607958619404123712e-02 2.746870641960166490e-02 1.534394452899875416e-01 -1.598345540697909128e-01 -1.329710488128289328e-05 1.365664428016519771e-01 8.252863924521904038e-02 -5.075342800565889323e-02 5.002543009307797509e-03 -6.786890306718479371e-02 -1.379328392541087911e-01 -5.678058528741730671e-02 -7.485806920423548894e-02 9.911070101299310209e-02 -4.982133561380648612e-02 8.988918482033625076e-03 1.132957396059064287e-01 -1.117276281177857211e-01 -2.443559297640778560e-01 6.801557853232448325e-02 -4.128741606048468710e-02 -1.471645211600640379e-01 -6.253862017398079121e-02 6.760730815192285414e-02 -1.479005076388248963e-01 -1.045265154733331925e-01 9.194008740935639967e-02 7.691380508972070484e-02
-1.020992045222992722e-01 -3.019024001284963954e-01 -3.978373402412179183e-01 4.691251195331744978e-02 -2.623968692623538379e-01 -1.604414567205753595e-01 -8.101533403730795668e-02 1.213474013209845243e-01 3.941456820862120763e-02 -3.232466699112024333e-01 -3.381528797253242069e-01 -1.572177519353775421e-01 2.933842868692314032e-01 1.000000000000000000e+00 7.664145960885778708e-01 -2.685868030431865505e-01 1.442692736456587521e-01 4.284493435781468462e-01 7.348317546944352907e-01 4.424070220990286573e-01 7.011239953565151506e-01 1.529178532840561877e-01 7.875362128016017982e-01 -3.457274072933703701e-01 -4.362118319411140144e-01 -4.151064673186555809e-01 1.541928014954182247e-01 3.314022775314869329e-01 4.034495079403715434e-01 5.475643715942105638e-01 3.534405881886257955e-02 -7.276050121301647078e-02 -8.777506299184129057e-02 3.955668592969999176e-01 -1.407010654794197124e-01 -1.619372503857696155e-01 -6.677199362391628146e-02 -3.879360505894180466e-02 -3.374433628479831665e-02 -2.091645691039361321e-01 -2.133501184165635112e-01 -1.728906755824563268e-01 -3.704121505150807514e-01 -1.232482859333762677e-02 -5.876241873603258586e-02 4.039120058520321299e-01 3.551551313235867258e-01 4.816545823669926008e-01 -8.974310303650531728e-02 1.395700385106305452e-01 -1.419581547390568466e-01 -2.524372881762630971e-01 -1.449617740566875451e-02 -1.130812862735824514e-01 -2.364520227634828720e-01 3.006649719707092314e-02 9.473509501677719602e-02 2.118889399793247585e-01 -2.244366281755733050e-01 -1.823949960821102112e-01 -3.604258849630099792e-01 3.814405111056514697e-01 5.197763485685547025e-01 5.676012006373708507e-01 5.746781517692862717e-01 7.217281722580178860e-01 -1.244716393992529868e-01 5.412907330620280177e-01 3.157228608155028815e-01 3.038040389985896539e-01 6.202289630162206580e-01 3.097817961396998054e-01 6.254385531322810277e-01 -1.303649685941230540e-01 -9.129011468125772244e-02 -5.043199782856916391e-01 4.651729992962103100e-01 4.203181484881349794e-01 -1.551810366911118323e-02 -2.620462574512118503e-01 -1.988288938189873567e-02 3.693942091761027308e-02 -2.248330979813433494e-01 -1.999744709837083800e-01 1.658928084286007965e-01 4.300349653583474541e-01 4.659324203665807240e-02 2.761546574912112639e-01 1.910364494378984090e-01 -1.720923968220705869e-01 -1.479390684150184813e-02 -1.582918021817324994e-01 -1.042087823028298998e-01 -1.921660137487241071e-01 -4.864718877163655142e-01 -3.285890988923472616e-02 4.306264208582476494e-01 5.468975512927859439e-01 1.408776750682236810e-02 1.194895777009517407e-01
-2.448163431877208862e-01 -4.110293903210585076e-01 -4.901109540694218447e-01 6.471141796455301409e-02 -2.097696302174198446e-01 -2.205173602919071885e-01 -3.294167101443150059e-01 1.718207387805475300e-02 -1.798023426335824612e-02 -4.700174054993574435e-01 -5.085845322893011167e-01 -2.314203231512782233e-01 7.722902494101106796e-02 7.664145960885778708e-01 1.000000000000000000e+00 -3.508288338227631975e-01 -2.474011012582545688e-01 4.317126121588164001e-01 4.607383410136281499e-01 6.248487431376000822e-01 7.687991872420366635e-01 -1.879682891321055871e-01 8.028439518885815973e-01 -5.709838281383530223e-01 -5.428051021366623319e-01 -4.661597091928190717e-01 -3.076187532001995600e-02 4.047686991152562030e-01 5.386673485923155758e-01 7.610292986189818309e-01 -5.658519971549180391e-03 -6.731345899035115488e-02 -2.611456315328435362e-01 2.295361179093167725e-01 -4.087264338622997317e-01 -3.196882956160151251e-02 1.291254404369695241e-01 -8.232764821059802840e-02 -2.181358281882538885e-01 -4.688459603326897152e-01 -4.449636409158672090e-01 -1.600152794459814842e-01 -5.700797340892844733e-01 -7.932459643976688679e-02 -7.466220530994432947e-02 4.119195489155240697e-01 1.300831424001323289e-01 4.580091867791336591e-01 -1.761939786086464677e-01 2.158125120764134153e-01 -1.819126980914971270e-01 -2.992283992667283399e-01 -3.225845016976641028e-02 1.558775853385284405e-03 -1.680704531989446193e-01 1.460952576888473187e-02 1.543281288294530984e-01 2.705011743140046110e-01 -7.164666910642394915e-02 6.127422297167025439e-02 -1.945359025295961275e-01 3.834118225239561140e-01 5.879853413268095741e-01 5.698837231721576302e-01 6.185466290146419688e-01 9.094952426659960176e-01 -1.205217483100887166e-01 5.787084914256949153e-01 4.126785678875120045e-01 4.253424849729094404e-01 8.216441984841821311e-01 3.547343433876984364e-01 7.508601661493304880e-01 -3.869110312972241783e-02 8.304131346669545166e-02 -3.490655418352816564e-01 6.112281162669721546e-01 6.624092163612285145e-01 -1.044759609943526207e-01 -2.526388379218699187e-01 1.495420196000480373e-01 1.728826274995673151e-01 -2.221171578526324464e-01 -1.837997900860810496e-01 2.097460370635849114e-01 5.002905777699458989e-01 2.300501029627987082e-01 3.558780959453625159e-01 3.904290690866696889e-01 -2.080013902142721660e-04 2.949371894582866749e-02 -1.448961787062344186e-01 -2.242941529850184593e-02 -4.674100398992343114e-02 -4.262712332494630885e-01 -1.682940115700369277e-01 4.296157055737259145e-01 6.548150618590645733e-01 4.405775865537621405e-02 2.172085161270105313e-01
