1.000000000000000000e+00 8.280624620328607133e-01 8.280624629534042436e-01 8.280624629877664233e-01 8.280624627729622489e-01 8.280624633332169804e-01 8.280624639075937488e-01 8.280624623524504013e-01 8.280624635245630305e-01 8.280624629149063720e-01 8.280624625942556438e-01 8.280624626758502638e-01 8.280624635650926102e-01 8.280624627551064210e-01 8.280624617016278943e-01 8.280624628168860024e-01 8.280624629879949072e-01 8.280624644770999687e-01 8.280624608129427688e-01 8.280624598810903958e-01 8.280624633559418024e-01 8.280624643962019027e-01 8.280624626217339967e-01 8.280624628633846962e-01 8.280624626477446348e-01 8.280624621858692080e-01 8.280624640020760596e-01 8.280624625724937182e-01 8.280624615706781988e-01 8.280624615179609238e-01 8.280624608417676003e-01 8.280624613365057396e-01 8.280624611647291466e-01 8.280624619936782782e-01 8.280624622703249837e-01 8.280624640370233269e-01 8.280624624174361958e-01 8.280624627494357348e-01 8.280624599985331180e-01 8.280624627427241036e-01 8.280624594631329494e-01 8.280624633725474082e-01 8.280624639890208361e-01 8.280624630705797351e-01 8.280624631061885843e-01 8.280624635887730012e-01 8.280624623013677077e-01 8.280624634954724117e-01 8.280624608107596263e-01 8.280624624785158927e-01 8.280624630360093885e-01 8.280624634376502202e-01 8.280624641148556231e-01 8.280624638862920106e-01 8.280624615251951370e-01 8.280624624625667618e-01 8.280624619767695815e-01 8.280624609342757125e-01 8.280624645539225170e-01 8.280624630785953233e-01 8.280624627797413817e-01 8.280624621288257270e-01 8.280624623933046102e-01 8.280624608291343725e-01 8.280624641418085075e-01 8.280624636962715668e-01 8.280624616121492476e-01 8.280624640627677335e-01 8.280624644036062021e-01 8.280624636078143253e-01 8.280624639787425023e-01 8.280624630784829687e-01 8.280624627398189830e-01 8.280624627055717113e-01 8.280624612119069639e-01 8.280624636017079876e-01 8.280624620239883660e-01 8.280624608352815663e-01 8.280624635850684090e-01 8.280624644607652574e-01 8.280624632030765264e-01 8.280624636622430090e-01 8.280624625026679064e-01 8.280624629365488376e-01 8.280624622376939747e-01 8.280624638299219908e-01 8.280624627903254709e-01 8.280624644942012891e-01 8.280624640433116301e-01 8.280624629367544509e-01 8.280624633732306394e-01 8.280624637992801684e-01 8.280624613707214809e-01 8.280624639591545044e-01 8.280624644954005520e-01 8.280624632811128816e-01 8.280624633002076074e-01 8.280624624795023259e-01 8.280624612721023681e-01 8.280624633833918447e-01
8.280624620328607133e-01 1.000000000000000000e+00 8.280624631183941542e-01 8.280624597517591834e-01 8.280624611736820961e-01 8.280624631116092482e-01 8.280624606896744844e-01 8.280624635035594983e-01 8.280624635333878603e-01 8.280624622647717592e-01 8.280624577765478556e-01 8.280624601583530531e-01 8.280624634949077523e-01 8.280624624088274155e-01 8.280624620376082490e-01 8.280624623738437329e-01 8.280624578397312030e-01 8.280624622680838876e-01 8.280624609545265136e-01 8.280624600717525485e-01 8.280624635600076777e-01 8.280624613831196745e-01 8.280624599141517272e-01 8.280624615310964165e-01 8.280624616409406613e-01 8.280624606879395389e-01 8.280624623699449627e-01 8.280624607198940890e-01 8.280624616545526617e-01 8.280624627686177242e-01 8.280624547652407630e-01 8.280624567787577828e-01 8.280624605836963692e-01 8.280624603356814273e-01 8.280624616098560820e-01 8.280624628943272780e-01 8.280624613713511994e-01 8.280624590937415430e-01 8.280624620930898683e-01 8.280624637697444612e-01 8.280624599266185326e-01 8.280624595346897099e-01 8.280624632766889759e-01 8.280624627614077138e-01 8.280624634257468530e-01 8.280624618312008023e-01 8.280624617226168827e-01 8.280624629096901002e-01 8.280624606678220756e-01 8.280624597148715793e-01 8.280624636989879495e-01 8.280624611833689031e-01 8.280624641244143103e-01 8.280624607013366001e-01 8.280624623451511290e-01 8.280624606324203940e-01 8.280624576119437474e-01 8.280624616407057381e-01 8.280624631997257623e-01 8.280624639144030796e-01 8.280624614685234697e-01 8.280624585649593028e-01 8.280624598759421806e-01 8.280624592858695232e-01 8.280624629382370427e-01 8.280624612775241422e-01 8.280624586926994546e-01 8.280624631788309209e-01 8.280624622773896659e-01 8.280624630641814088e-01 8.280624617815222077e-01 8.280624605984280295e-01 8.280624602917725507e-01 8.280624576562474193e-01 8.280624581771705017e-01 8.280624631009612102e-01 8.280624622962635684e-01 8.280624579776869609e-01 8.280624631502073729e-01 8.280624623825082464e-01 8.280624606663117282e-01 8.280624607930003878e-01 8.280624587508295109e-01 8.280624597926182773e-01 8.280624602650751287e-01 8.280624617242957619e-01 8.280624594579772957e-01 8.280624641758910220e-01 8.280624616994113341e-01 8.280624595312158220e-01 8.280624630541191245e-01 8.280624638477785959e-01 8.280624605561731633e-01 8.280624619833780731e-01 8.280624622183297978e-01 8.280624634619291324e-01 8.280624625392815075e-01 8.280624586589835356e-01 8.280624623971614140e-01 8.280624612705151932e-01
8.280624629534042436e-01 8.280624631183941542e-01 1.000000000000000000e+00 8.280624634650065596e-01 8.280624629551638360e-01 8.280624650832136835e-01 8.280624635019412372e-01 8.280624641037486189e-01 8.280624642370750799e-01 8.280624646256211641e-01 8.280624607111238822e-01 8.280624627080310773e-01 8.280624644903329390e-01 8.280624632564976828e-01 8.280624639325839809e-01 8.280624647630084878e-01 8.280624598813247639e-01 8.280624643053011713e-01 8.280624610234761374e-01 8.280624627423769368e-01 8.280624640851546037e-01 8.280624639256104480e-01 8.280624634600176615e-01 8.280624629203088283e-01 8.280624644169191084e-01 8.280624636402706962e-01 8.280624640858174068e-01 8.280624637964475454e-01 8.280624628565763645e-01 8.280624629890167565e-01 8.280624584527568333e-01 8.280624618405629800e-01 8.280624633561515235e-01 8.280624635494400199e-01 8.280624638847139396e-01 8.280624648391827769e-01 8.280624627792585457e-01 8.280624637624227624e-01 8.280624644481304752e-01 8.280624640814829851e-01 8.280624631764286203e-01 8.280624620127146063e-01 8.280624632517259442e-01 8.280624642895036969e-01 8.280624635760283070e-01 8.280624643500504867e-01 8.280624631925018742e-01 8.280624647392345050e-01 8.280624644567670112e-01 8.280624635150436452e-01 8.280624646727442473e-01 8.280624628403504550e-01 8.280624644740192108e-01 8.280624632523316819e-01 8.280624635995226246e-01 8.280624627166445206e-01 8.280624613767497699e-01 8.280624642048454165e-01 8.280624634576367882e-01 8.280624619099804518e-01 8.280624635850272197e-01 8.280624613257164812e-01 8.280624633496076470e-01 8.280624623449986954e-01 8.280624647193013388e-01 8.280624646960953461e-01 8.280624639308733492e-01 8.280624637853583048e-01 8.280624639684062149e-01 8.280624631810563629e-01 8.280624624368985165e-01 8.280624639789504471e-01 8.280624636781609427e-01 8.280624613689856472e-01 8.280624624989795235e-01 8.280624651322726626e-01 8.280624622989631867e-01 8.280624618013519012e-01 8.280624650267778275e-01 8.280624639198742587e-01 8.280624637994873360e-01 8.280624633504460874e-01 8.280624622381811406e-01 8.280624623075089064e-01 8.280624638392576342e-01 8.280624643806182572e-01 8.280624627581008035e-01 8.280624647311320974e-01 8.280624635948153900e-01 8.280624625344832346e-01 8.280624646989146465e-01 8.280624633888582498e-01 8.280624629934258962e-01 8.280624644739994489e-01 8.280624634127367045e-01 8.280624635054855132e-01 8.280624643855512002e-01 8.280624611284603809e-01 8.280624626224574181e-01 8.280624628413978394e-01
8.280624629877664233e-01 8.280624597517591834e-01 8.280624634650065596e-01 1.000000000000000000e+00 8.280624633972252235e-01 8.280624639853482183e-01 8.280624646012949563e-01 8.280624626272558020e-01 8.280624628413824073e-01 8.280624639640216111e-01 8.280624635804325617e-01 8.280624647652203851e-01 8.280624632048548817e-01 8.280624632590153356e-01 8.280624639436842127e-01 8.280624643564259424e-01 8.280624627592724218e-01 8.280624641327065660e-01 8.280624620034710004e-01 8.280624636647019310e-01 8.280624635904788589e-01 8.280624638589740849e-01 8.280624648967862544e-01 8.280624616327930676e-01 8.280624639881606353e-01 8.280624638286998573e-01 8.280624627375376967e-01 8.280624651894985533e-01 8.280624625136261407e-01 8.280624623531354089e-01 8.280624625424014562e-01 8.280624637361667650e-01 8.280624635824886948e-01 8.280624646156259372e-01 8.280624634205221435e-01 8.280624634168367582e-01 8.280624631714346151e-01 8.280624648312522318e-01 8.280624618686419636e-01 8.280624615344447381e-01 8.280624632992727996e-01 8.280624625968738828e-01 8.280624625087736890e-01 8.280624638446325569e-01 8.280624622648165012e-01 8.280624645750948032e-01 8.280624630572585021e-01 8.280624634298281439e-01 8.280624633383452116e-01 8.280624648241818875e-01 8.280624635335116501e-01 8.280624635414066681e-01 8.280624630308404122e-01 8.280624650718451107e-01 8.280624633092057429e-01 8.280624636442177611e-01 8.280624643019365294e-01 8.280624626340078454e-01 8.280624638260569714e-01 8.280624607733547693e-01 8.280624637066735794e-01 8.280624622784278355e-01 8.280624643854227473e-01 8.280624635701536729e-01 8.280624638723772524e-01 8.280624645898699843e-01 8.280624631360079535e-01 8.280624629008259685e-01 8.280624640347516996e-01 8.280624620338030706e-01 8.280624636952976791e-01 8.280624642240256295e-01 8.280624634569300202e-01 8.280624632441127009e-01 8.280624639606556370e-01 8.280624643191401013e-01 8.280624635329267846e-01 8.280624640207667753e-01 8.280624638489084699e-01 8.280624634416962060e-01 8.280624632839608257e-01 8.280624649600417664e-01 8.280624646082211937e-01 8.280624621435982435e-01 8.280624646934594546e-01 8.280624647565459906e-01 8.280624641628522298e-01 8.280624637889383299e-01 8.280624623915705529e-01 8.280624646139480571e-01 8.280624631214527076e-01 8.280624614497458236e-01 8.280624637220230788e-01 8.280624638533756743e-01 8.280624638395719384e-01 8.280624633400884838e-01 8.280624639112684759e-01 8.280624642703058313e-01 8.280624632640524174e-01 8.280624641380740503e-01
8.280624627729622489e-01 8.280624611736820961e-01 8.280624629551638360e-01 8.280624633972252235e-01 1.000000000000000000e+00 8.280624635081839102e-01 8.280624640837830341e-01 8.280624618219334376e-01 8.280624632705779753e-01 8.280624643943302887e-01 8.280624626608124039e-01 8.280624642017342385e-01 8.280624621066724478e-01 8.280624629204590414e-01 8.280624641416303167e-01 8.280624640799232328e-01 8.280624641268373720e-01 8.280624629408849247e-01 8.280624602045655314e-01 8.280624637982298974e-01 8.280624643488940784e-01 8.280624632854993727e-01 8.280624646988993254e-01 8.280624615033128633e-01 8.280624634301283482e-01 8.280624633904642984e-01 8.280624635542771506e-01 8.280624629268966697e-01 8.280624642825364923e-01 8.280624637089906148e-01 8.280624619034981926e-01 8.280624628600672388e-01 8.280624637579768743e-01 8.280624640482738830e-01 8.280624631742182773e-01 8.280624631349601250e-01 8.280624642972902461e-01 8.280624635758577767e-01 8.280624627677145577e-01 8.280624619177745505e-01 8.280624631720853168e-01 8.280624632967329424e-01 8.280624639080348404e-01 8.280624634502039561e-01 8.280624623539227791e-01 8.280624641673011155e-01 8.280624642371888777e-01 8.280624645139820217e-01 8.280624620831453786e-01 8.280624640249741875e-01 8.280624638167773943e-01 8.280624649587495778e-01 8.280624639975070478e-01 8.280624643781454575e-01 8.280624630333972558e-01 8.280624648550800604e-01 8.280624635739572970e-01 8.280624624601360395e-01 8.280624630765398564e-01 8.280624622049744810e-01 8.280624649577745799e-01 8.280624636006133077e-01 8.280624632079053304e-01 8.280624639171499934e-01 8.280624644812054624e-01 8.280624636880691281e-01 8.280624610462741231e-01 8.280624624365827691e-01 8.280624645481139412e-01 8.280624628745397731e-01 8.280624637858341464e-01 8.280624625488401946e-01 8.280624647227238233e-01 8.280624625682837525e-01 8.280624641683667075e-01 8.280624635953762747e-01 8.280624614095095648e-01 8.280624627672958926e-01 8.280624640202887132e-01 8.280624627339666644e-01 8.280624628773459728e-01 8.280624641440914591e-01 8.280624640081839516e-01 8.280624642932844504e-01 8.280624644485370389e-01 8.280624644127517753e-01 8.280624648391319287e-01 8.280624636449905873e-01 8.280624640492799671e-01 8.280624645299596853e-01 8.280624631527757629e-01 8.280624637177863567e-01 8.280624648231993401e-01 8.280624647733653143e-01 8.280624646379856069e-01 8.280624627242345603e-01 8.280624647011761708e-01 8.280624630697723809e-01 8.280624625098034208e-01 8.280624643485202663e-01
8.280624633332169804e-01 8.280624631116092482e-01 8.280624650832136835e-01 8.280624639853482183e-01 8.280624635081839102e-01 1.000000000000000000e+00 8.280624639020454092e-01 8.280624640552268767e-01 8.280624642414247116e-01 8.280624648396615051e-01 8.280624607407119919e-01 8.280624639716483992e-01 8.280624639898661599e-01 8.280624644629238640e-01 8.280624643129800289e-01 8.280624646116541143e-01 8.280624611464322271e-01 8.280624647937072647e-01 8.280624619080472204e-01 8.280624636234757974e-01 8.280624643685006170e-01 8.280624638055646969e-01 8.280624641891189963e-01 8.280624624908348164e-01 8.280624642181809714e-01 8.280624636937030658e-01 8.280624642849377937e-01 8.280624639366680473e-01 8.280624631778522593e-01 8.280624639605230763e-01 8.280624587454183949e-01 8.280624620578070916e-01 8.280624635413618151e-01 8.280624638825700989e-01 8.280624633927253786e-01 8.280624645878265078e-01 8.280624627533454962e-01 8.280624638669578097e-01 8.280624639112085239e-01 8.280624634804887307e-01 8.280624631525952406e-01 8.280624622487409159e-01 8.280624638034433938e-01 8.280624640643253764e-01 8.280624632333021262e-01 8.280624646538986555e-01 8.280624635999367378e-01 8.280624650249477359e-01 8.280624643435270382e-01 8.280624639189282377e-01 8.280624652039548783e-01 8.280624632358127846e-01 8.280624647023507867e-01 8.280624638889151345e-01 8.280624638610015742e-01 8.280624636627987867e-01 8.280624618464484943e-01 8.280624635696878233e-01 8.280624641796461294e-01 8.280624628222024164e-01 8.280624641301398414e-01 8.280624624786155907e-01 8.280624641130032160e-01 8.280624621633188021e-01 8.280624646836888259e-01 8.280624650800393338e-01 8.280624633132944723e-01 8.280624646082587192e-01 8.280624646069678629e-01 8.280624628983904723e-01 8.280624631628841215e-01 8.280624635445297255e-01 8.280624641081494319e-01 8.280624620163941074e-01 8.280624635275564138e-01 8.280624651790923219e-01 8.280624629888854171e-01 8.280624623042192045e-01 8.280624650505231665e-01 8.280624634821437402e-01 8.280624635920770249e-01 8.280624638564267892e-01 8.280624626856324388e-01 8.280624628141894927e-01 8.280624640570886097e-01 8.280624644456489047e-01 8.280624633195426965e-01 8.280624648682833877e-01 8.280624637440801017e-01 8.280624634088630254e-01 8.280624651001330383e-01 8.280624635239451914e-01 8.280624637490902051e-01 8.280624647660042026e-01 8.280624636091612478e-01 8.280624632317021838e-01 8.280624641798205454e-01 8.280624615730007854e-01 8.280624633745002905e-01 8.280624640996758767e-01
8.280624639075937488e-01 8.280624606896744844e-01 8.280624635019412372e-01 8.280624646012949563e-01 8.280624640837830341e-01 8.280624639020454092e-01 1.000000000000000000e+00 8.280624620157853721e-01 8.280624644697183179e-01 8.280624645904079983e-01 8.280624643511899086e-01 8.280624639909945905e-01 8.280624632159012677e-01 8.280624633840949489e-01 8.280624638080098521e-01 8.280624642466324348e-01 8.280624634418447538e-01 8.280624640898252009e-01 8.280624620228498323e-01 8.280624625550794260e-01 8.280624636121654003e-01 8.280624651342693987e-01 8.280624646550935886e-01 8.280624621803799323e-01 8.280624645908692960e-01 8.280624637912514796e-01 8.280624632448576605e-01 8.280624643691519848e-01 8.280624641066826053e-01 8.280624616314794517e-01 8.280624630745941905e-01 8.280624635301343517e-01 8.280624643554326259e-01 8.280624644390282008e-01 8.280624628384165575e-01 8.280624635721994808e-01 8.280624634639631720e-01 8.280624645990737331e-01 8.280624615274191358e-01 8.280624618285640226e-01 8.280624616117590042e-01 8.280624641344557224e-01 8.280624625886551238e-01 8.280624639005080834e-01 8.280624636330065069e-01 8.280624643628496928e-01 8.280624639810997278e-01 8.280624643130811702e-01 8.280624631596377183e-01 8.280624637544310440e-01 8.280624633679958269e-01 8.280624646477616757e-01 8.280624638842971619e-01 8.280624650764912831e-01 8.280624625258561355e-01 8.280624645093458414e-01 8.280624635461332206e-01 8.280624627412233041e-01 8.280624642157252691e-01 8.280624626926342824e-01 8.280624642799048196e-01 8.280624627947885674e-01 8.280624639600715486e-01 8.280624641658590468e-01 8.280624647160684804e-01 8.280624644733163287e-01 8.280624623155603548e-01 8.280624638722100528e-01 8.280624644735948836e-01 8.280624621011823949e-01 8.280624645455648691e-01 8.280624643629160841e-01 8.280624637188974679e-01 8.280624638615141642e-01 8.280624639878064741e-01 8.280624640073134257e-01 8.280624621984938871e-01 8.280624620326569874e-01 8.280624640202092213e-01 8.280624638647123836e-01 8.280624631564568183e-01 8.280624644370883081e-01 8.280624639816982491e-01 8.280624626226275042e-01 8.280624648492377338e-01 8.280624641915930173e-01 8.280624650757965055e-01 8.280624641811322739e-01 8.280624630291483212e-01 8.280624650550815202e-01 8.280624628907101714e-01 8.280624630372577233e-01 8.280624639753288996e-01 8.280624647390865123e-01 8.280624649448430352e-01 8.280624633083299990e-01 8.280624645429625064e-01 8.280624632747086711e-01 8.280624622711665328e-01 8.280624640003556580e-01
8.280624623524504013e-01 8.280624635035594983e-01 8.280624641037486189e-01 8.280624626272558020e-01 8.280624618219334376e-01 8.280624640552268767e-01 8.280624620157853721e-01 1.000000000000000000e+00 8.280624632082672631e-01 8.280624624302848069e-01 8.280624597884383986e-01 8.280624619571362865e-01 8.280624649792343028e-01 8.280624640557128213e-01 8.280624640289703242e-01 8.280624643722188649e-01 8.280624594687790996e-01 8.280624629278264814e-01 8.280624608107302054e-01 8.280624626993872139e-01 8.280624646416293588e-01 8.280624618636773793e-01 8.280624624505373843e-01 8.280624610025766330e-01 8.280624635244662191e-01 8.280624617889106309e-01 8.280624617665238718e-01 8.280624627459508558e-01 8.280624609344662268e-01 8.280624637257478771e-01 8.280624567214841525e-01 8.280624594198590094e-01 8.280624625704534614e-01 8.280624630410700071e-01 8.280624629097222966e-01 8.280624640177564055e-01 8.280624625057478871e-01 8.280624612289080311e-01 8.280624636826345863e-01 8.280624622735548446e-01 8.280624623351680036e-01 8.280624617606182625e-01 8.280624634537826489e-01 8.280624648527185050e-01 8.280624629066911657e-01 8.280624633046612670e-01 8.280624619348514459e-01 8.280624636137036143e-01 8.280624616276036631e-01 8.280624619996287405e-01 8.280624645581164955e-01 8.280624622616942210e-01 8.280624639434803758e-01 8.280624626064317928e-01 8.280624630134967301e-01 8.280624621667588281e-01 8.280624616076158739e-01 8.280624635912715581e-01 8.280624631316952922e-01 8.280624623918202420e-01 8.280624633012810820e-01 8.280624604862695248e-01 8.280624620340107933e-01 8.280624609540462311e-01 8.280624634441727805e-01 8.280624634598167111e-01 8.280624616361669244e-01 8.280624626730382909e-01 8.280624624714923998e-01 8.280624631408660674e-01 8.280624628864932113e-01 8.280624617694156697e-01 8.280624612739571067e-01 8.280624577882882420e-01 8.280624604298317815e-01 8.280624645418713792e-01 8.280624636039199959e-01 8.280624614828450136e-01 8.280624632077644431e-01 8.280624627835170282e-01 8.280624613688217783e-01 8.280624629001089865e-01 8.280624617336893589e-01 8.280624617249512376e-01 8.280624625369840119e-01 8.280624633615477626e-01 8.280624611909918054e-01 8.280624643385032790e-01 8.280624620167892358e-01 8.280624609399817038e-01 8.280624644945574486e-01 8.280624630466493219e-01 8.280624618993960295e-01 8.280624626835025870e-01 8.280624622953313141e-01 8.280624635315154691e-01 8.280624631126748403e-01 8.280624606524112918e-01 8.280624625639437797e-01 8.280624633641318066e-01
8.280624635245630305e-01 8.280624635333878603e-01 8.280624642370750799e-01 8.280624628413824073e-01 8.280624632705779753e-01 8.280624642414247116e-01 8.280624644697183179e-01 8.280624632082672631e-01 1.000000000000000000e+00 8.280624645039040832e-01 8.280624623351185987e-01 8.280624623525416617e-01 8.280624641445022416e-01 8.280624637123693565e-01 8.280624638273630378e-01 8.280624642171765526e-01 8.280624610788609452e-01 8.280624637404292443e-01 8.280624623932352213e-01 8.280624617870163684e-01 8.280624640320085605e-01 8.280624646674423772e-01 8.280624631017670101e-01 8.280624625497922109e-01 8.280624646508494280e-01 8.280624631850543871e-01 8.280624631613245912e-01 8.280624633223804265e-01 8.280624643523299966e-01 8.280624620329694041e-01 8.280624599913224415e-01 8.280624612119913408e-01 8.280624641390108565e-01 8.280624634381723581e-01 8.280624626651313935e-01 8.280624639374999374e-01 8.280624630881833204e-01 8.280624628577112345e-01 8.280624626288274337e-01 8.280624630935299324e-01 8.280624608791115060e-01 8.280624633296110870e-01 8.280624628462033288e-01 8.280624642538121361e-01 8.280624647833955132e-01 8.280624637506733832e-01 8.280624639831054568e-01 8.280624646640799558e-01 8.280624631942764546e-01 8.280624619755865279e-01 8.280624640320893848e-01 8.280624639643495710e-01 8.280624647597926158e-01 8.280624636115558879e-01 8.280624627662777071e-01 8.280624637278325428e-01 8.280624611223126319e-01 8.280624635060567229e-01 8.280624642369115440e-01 8.280624643424682185e-01 8.280624638468750964e-01 8.280624614028231356e-01 8.280624627857295916e-01 8.280624631281464643e-01 8.280624647871595023e-01 8.280624637681320843e-01 8.280624614216891555e-01 8.280624644673184598e-01 8.280624639093432382e-01 8.280624626346553274e-01 8.280624640355725985e-01 8.280624635709548098e-01 8.280624626161243729e-01 8.280624616512394232e-01 8.280624621458040346e-01 8.280624641665053076e-01 8.280624622512614552e-01 8.280624599093240334e-01 8.280624642355870479e-01 8.280624638340023935e-01 8.280624624397933120e-01 8.280624630693760313e-01 8.280624619077291415e-01 8.280624615895488816e-01 8.280624638086615530e-01 8.280624632506313754e-01 8.280624635676387957e-01 8.280624648145286093e-01 8.280624627137621596e-01 8.280624632803563756e-01 8.280624634062484501e-01 8.280624641603901992e-01 8.280624632343853708e-01 8.280624643583773814e-01 8.280624644520202526e-01 8.280624638352800382e-01 8.280624645161003272e-01 8.280624609697544436e-01 8.280624624339695261e-01 8.280624630704048750e-01
8.280624629149063720e-01 8.280624622647717592e-01 8.280624646256211641e-01 8.280624639640216111e-01 8.280624643943302887e-01 8.280624648396615051e-01 8.280624645904079983e-01 8.280624624302848069e-01 8.280624645039040832e-01 1.000000000000000000e+00 8.280624620836442018e-01 8.280624639165666823e-01 8.280624630433938149e-01 8.280624631965243232e-01 8.280624642756105880e-01 8.280624645693761554e-01 8.280624618162321093e-01 8.280624641555492937e-01 8.280624615627709684e-01 8.280624634803018802e-01 8.280624638826235007e-01 8.280624644525944600e-01 8.280624644785743449e-01 8.280624623641902327e-01 8.280624642668158453e-01 8.280624639706202217e-01 8.280624644030175618e-01 8.280624641329902280e-01 8.280624645920936500e-01 8.280624630866332270e-01 8.280624606977768920e-01 8.280624627340243959e-01 8.280624642313001438e-01 8.280624642681735370e-01 8.280624633028936810e-01 8.280624637936043753e-01 8.280624631656990919e-01 8.280624644350415009e-01 8.280624634333739742e-01 8.280624636283510087e-01 8.280624633388092848e-01 8.280624623015245822e-01 8.280624630129325148e-01 8.280624636068889544e-01 8.280624637510565211e-01 8.280624644166999504e-01 8.280624641053102586e-01 8.280624649298943263e-01 8.280624645129702754e-01 8.280624642239746702e-01 8.280624643192252554e-01 8.280624638727435149e-01 8.280624643060208179e-01 8.280624642780159972e-01 8.280624635007994838e-01 8.280624640721674368e-01 8.280624619862810842e-01 8.280624632175725974e-01 8.280624639678563215e-01 8.280624624477985751e-01 8.280624642019310810e-01 8.280624621433751997e-01 8.280624637310487479e-01 8.280624638771009183e-01 8.280624650342180981e-01 8.280624645076501977e-01 8.280624626027137669e-01 8.280624641689845467e-01 8.280624646768952601e-01 8.280624623244707827e-01 8.280624633798623346e-01 8.280624643310825483e-01 8.280624645974009601e-01 8.280624633874266172e-01 8.280624640907331413e-01 8.280624646542490419e-01 8.280624620492638144e-01 8.280624618792415959e-01 8.280624650843108059e-01 8.280624634183243460e-01 8.280624635907962716e-01 8.280624637512141728e-01 8.280624629309407680e-01 8.280624625424983787e-01 8.280624646394447730e-01 8.280624644606060514e-01 8.280624643493890158e-01 8.280624644319057870e-01 8.280624635468614159e-01 8.280624644692363701e-01 8.280624637365679996e-01 8.280624635912203768e-01 8.280624643563725407e-01 8.280624650735445291e-01 8.280624644214464869e-01 8.280624633408749657e-01 8.280624647969995200e-01 8.280624623541711360e-01 8.280624631100768074e-01 8.280624635186918381e-01
8.280624625942556438e-01 8.280624577765478556e-01 8.280624607111238822e-01 8.280624635804325617e-01 8.280624626608124039e-01 8.280624607407119919e-01 8.280624643511899086e-01 8.280624597884383986e-01 8.280624623351185987e-01 8.280624620836442018e-01 1.000000000000000000e+00 8.280624624310097825e-01 8.280624618224606825e-01 8.280624606438178326e-01 8.280624617883325378e-01 8.280624625224671798e-01 8.280624633127940948e-01 8.280624618651508673e-01 8.280624609768628686e-01 8.280624603537400930e-01 8.280624620752375931e-01 8.280624637979540070e-01 8.280624629721764496e-01 8.280624610805020769e-01 8.280624630564825672e-01 8.280624625569178443e-01 8.280624604572328629e-01 8.280624634759230496e-01 8.280624624515332544e-01 8.280624587579111795e-01 8.280624648904884033e-01 8.280624630054893576e-01 8.280624626067921712e-01 8.280624629127669722e-01 8.280624620860365104e-01 8.280624616287060036e-01 8.280624632784762129e-01 8.280624632024283782e-01 8.280624586184156533e-01 8.280624594254624160e-01 8.280624596924258674e-01 8.280624634224644787e-01 8.280624608109020679e-01 8.280624627236070623e-01 8.280624619859801028e-01 8.280624628227885031e-01 8.280624625406135531e-01 8.280624615223058926e-01 8.280624601877774049e-01 8.280624621522990614e-01 8.280624605615908296e-01 8.280624639285734112e-01 8.280624617210106120e-01 8.280624641527789542e-01 8.280624609500952804e-01 8.280624628241258778e-01 8.280624638569231699e-01 8.280624610437723465e-01 8.280624624834515002e-01 8.280624605425627172e-01 8.280624624297957537e-01 8.280624610322930845e-01 8.280624621178677147e-01 8.280624637965980916e-01 8.280624627125270365e-01 8.280624619896939098e-01 8.280624602601032169e-01 8.280624606873793203e-01 8.280624625344382705e-01 8.280624613032552261e-01 8.280624636704085884e-01 8.280624630783428586e-01 8.280624612378241212e-01 8.280624627258358350e-01 8.280624617450244029e-01 8.280624616119425241e-01 8.280624613282905333e-01 8.280624615676648315e-01 8.280624616417612271e-01 8.280624631941938540e-01 8.280624616279442796e-01 8.280624638206407484e-01 8.280624639646818608e-01 8.280624607290979489e-01 8.280624635091584640e-01 8.280624628882179428e-01 8.280624639423194155e-01 8.280624622842395199e-01 8.280624608673414766e-01 8.280624638671214566e-01 8.280624596694584616e-01 8.280624606572359880e-01 8.280624622255526868e-01 8.280624623717169897e-01 8.280624641684944942e-01 8.280624628358683736e-01 8.280624633889722697e-01 8.280624638464085807e-01 8.280624608808152542e-01 8.280624621506511573e-01
8.280624626758502638e-01 8.280624601583530531e-01 8.280624627080310773e-01 8.280624647652203851e-01 8.280624642017342385e-01 8.280624639716483992e-01 8.280624639909945905e-01 8.280624619571362865e-01 8.280624623525416617e-01 8.280624639165666823e-01 8.280624624310097825e-01 1.000000000000000000e+00 8.280624619915822882e-01 8.280624637518686493e-01 8.280624637217938178e-01 8.280624635506885767e-01 8.280624637086441142e-01 8.280624640855062113e-01 8.280624623697404596e-01 8.280624642339287078e-01 8.280624638483956579e-01 8.280624628847982338e-01 8.280624648829364443e-01 8.280624617617422523e-01 8.280624631682457215e-01 8.280624639956672972e-01 8.280624630255775109e-01 8.280624642195868468e-01 8.280624630529090924e-01 8.280624635001837541e-01 8.280624620249908974e-01 8.280624636840173691e-01 8.280624629149254678e-01 8.280624638112157321e-01 8.280624632859752143e-01 8.280624631153401527e-01 8.280624635480468010e-01 8.280624642430149951e-01 8.280624617843151958e-01 8.280624610867893809e-01 8.280624631492929932e-01 8.280624622422169123e-01 8.280624635487081608e-01 8.280624629525771274e-01 8.280624610496229998e-01 8.280624647234596791e-01 8.280624638470719390e-01 8.280624635981107540e-01 8.280624628916384289e-01 8.280624645365215475e-01 8.280624640212762566e-01 8.280624638639360047e-01 8.280624634389643912e-01 8.280624646230207997e-01 8.280624639286554567e-01 8.280624642779830236e-01 8.280624639047552416e-01 8.280624620357124321e-01 8.280624635900529773e-01 8.280624615820058043e-01 8.280624640376273993e-01 8.280624637097201424e-01 8.280624647125570670e-01 8.280624626638080077e-01 8.280624634098312509e-01 8.280624642556242421e-01 8.280624620702194960e-01 8.280624628276721522e-01 8.280624646490961638e-01 8.280624623743636503e-01 8.280624632899007409e-01 8.280624625556697316e-01 8.280624640971934181e-01 8.280624632926157913e-01 8.280624645861415223e-01 8.280624636611491063e-01 8.280624632537522123e-01 8.280624643197894708e-01 8.280624639416820365e-01 8.280624627470559718e-01 8.280624633375538446e-01 8.280624649622930766e-01 8.280624645823370100e-01 8.280624629483720467e-01 8.280624643130691798e-01 8.280624644720085969e-01 8.280624641583413936e-01 8.280624635708531134e-01 8.280624630801393105e-01 8.280624645666225803e-01 8.280624633245559085e-01 8.280624615982919989e-01 8.280624645536390771e-01 8.280624639676411602e-01 8.280624637067219851e-01 8.280624626292982793e-01 8.280624637908925445e-01 8.280624637344778938e-01 8.280624639684902588e-01 8.280624647151751949e-01
8.280624635650926102e-01 8.280624634949077523e-01 8.280624644903329390e-01 8.280624632048548817e-01 8.280624621066724478e-01 8.280624639898661599e-01 8.280624632159012677e-01 8.280624649792343028e-01 8.280624641445022416e-01 8.280624630433938149e-01 8.280624618224606825e-01 8.280624619915822882e-01 1.000000000000000000e+00 8.280624634697951736e-01 8.280624636135758276e-01 8.280624645159154751e-01 8.280624602019793778e-01 8.280624637215250328e-01 8.280624617718855829e-01 8.280624617245754271e-01 8.280624645183722876e-01 8.280624635716179460e-01 8.280624625431112218e-01 8.280624627174335561e-01 8.280624642746633457e-01 8.280624628097278395e-01 8.280624624882362284e-01 8.280624636210095479e-01 8.280624618551347682e-01 8.280624624423159608e-01 8.280624590759616543e-01 8.280624607729095699e-01 8.280624628428979728e-01 8.280624631105085731e-01 8.280624637301430280e-01 8.280624646699250579e-01 8.280624632347716174e-01 8.280624623766293935e-01 8.280624631637745203e-01 8.280624631789887946e-01 8.280624617429205303e-01 8.280624627646785418e-01 8.280624634498647829e-01 8.280624650914804041e-01 8.280624639659933672e-01 8.280624638565697859e-01 8.280624626570510793e-01 8.280624637427085322e-01 8.280624622972346804e-01 8.280624622408417901e-01 8.280624641503284700e-01 8.280624630280395415e-01 8.280624643758258685e-01 8.280624632628437176e-01 8.280624631913378053e-01 8.280624622648391497e-01 8.280624620505333544e-01 8.280624639717261148e-01 8.280624638169762353e-01 8.280624628312471813e-01 8.280624631900999066e-01 8.280624606370444729e-01 8.280624624774248765e-01 8.280624619401788511e-01 8.280624641181119072e-01 8.280624637449571779e-01 8.280624625842810671e-01 8.280624631752215858e-01 8.280624631532259583e-01 8.280624639101382689e-01 8.280624634462696587e-01 8.280624632566010446e-01 8.280624616175555897e-01 8.280624597548732480e-01 8.280624605763430290e-01 8.280624646297743974e-01 8.280624636284102946e-01 8.280624615276429568e-01 8.280624638264083570e-01 8.280624643837904975e-01 8.280624626529280441e-01 8.280624635391223842e-01 8.280624624159561575e-01 8.280624616403066129e-01 8.280624630803056219e-01 8.280624638659908054e-01 8.280624620113242740e-01 8.280624649023745620e-01 8.280624625985477660e-01 8.280624617315386349e-01 8.280624640342638676e-01 8.280624633457331907e-01 8.280624619226153449e-01 8.280624632609494551e-01 8.280624635327252792e-01 8.280624645181424714e-01 8.280624639991757130e-01 8.280624616701979246e-01 8.280624626350037154e-01 8.280624629441837303e-01
8.280624627551064210e-01 8.280624624088274155e-01 8.280624632564976828e-01 8.280624632590153356e-01 8.280624629204590414e-01 8.280624644629238640e-01 8.280624633840949489e-01 8.280624640557128213e-01 8.280624637123693565e-01 8.280624631965243232e-01 8.280624606438178326e-01 8.280624637518686493e-01 8.280624634697951736e-01 1.000000000000000000e+00 8.280624641721181511e-01 8.280624637597703286e-01 8.280624617948143529e-01 8.280624636734199573e-01 8.280624624672132672e-01 8.280624635141244916e-01 8.280624644123693034e-01 8.280624625010553075e-01 8.280624637157862900e-01 8.280624610330434843e-01 8.280624638677830385e-01 8.280624627184441922e-01 8.280624619468971437e-01 8.280624628323250969e-01 8.280624625575913056e-01 8.280624637797348031e-01 8.280624584635314367e-01 8.280624611296066861e-01 8.280624634114193139e-01 8.280624633730545581e-01 8.280624621356704740e-01 8.280624636044717768e-01 8.280624627358659229e-01 8.280624621751788705e-01 8.280624625620521817e-01 8.280624605867599186e-01 8.280624613022929958e-01 8.280624630770511141e-01 8.280624635475499762e-01 8.280624640091013289e-01 8.280624621010008735e-01 8.280624639738560777e-01 8.280624635089407493e-01 8.280624642834664151e-01 8.280624622059155060e-01 8.280624621557963749e-01 8.280624648292429502e-01 8.280624634848988697e-01 8.280624642849964134e-01 8.280624634576835286e-01 8.280624631751696274e-01 8.280624642284069026e-01 8.280624622422100289e-01 8.280624630226959271e-01 8.280624636299964703e-01 8.280624638068949661e-01 8.280624643120961803e-01 8.280624631321122919e-01 8.280624638352422906e-01 8.280624612328395528e-01 8.280624634013380447e-01 8.280624642022599291e-01 8.280624612058482548e-01 8.280624638011583327e-01 8.280624636809098549e-01 8.280624621550446429e-01 8.280624636324913634e-01 8.280624612153062447e-01 8.280624624021917235e-01 8.280624600047465922e-01 8.280624629553703375e-01 8.280624639236978668e-01 8.280624631678722425e-01 8.280624618027557782e-01 8.280624633084900932e-01 8.280624622429458848e-01 8.280624616002807414e-01 8.280624636217052137e-01 8.280624626398498389e-01 8.280624624972163783e-01 8.280624635021845981e-01 8.280624630213084814e-01 8.280624630117096041e-01 8.280624641275183828e-01 8.280624623816180696e-01 8.280624627838757412e-01 8.280624644445876426e-01 8.280624627762035450e-01 8.280624636496799473e-01 8.280624636161632024e-01 8.280624628880320914e-01 8.280624623339509771e-01 8.280624631996483798e-01 8.280624606167504842e-01 8.280624629894520750e-01 8.280624647805064908e-01
8.280624617016278943e-01 8.280624620376082490e-01 8.280624639325839809e-01 8.280624639436842127e-01 8.280624641416303167e-01 8.280624643129800289e-01 8.280624638080098521e-01 8.280624640289703242e-01 8.280624638273630378e-01 8.280624642756105880e-01 8.280624617883325378e-01 8.280624637217938178e-01 8.280624636135758276e-01 8.280624641721181511e-01 1.000000000000000000e+00 8.280624651985997176e-01 8.280624616586587106e-01 8.280624626781694086e-01 8.280624610413173103e-01 8.280624648752473727e-01 8.280624647449313924e-01 8.280624627984408681e-01 8.280624646547494194e-01 8.280624602131637646e-01 8.280624643922638306e-01 8.280624628988594305e-01 8.280624622009934432e-01 8.280624638450161390e-01 8.280624636438737030e-01 8.280624642106654276e-01 8.280624597390312536e-01 8.280624615165855795e-01 8.280624649834954498e-01 8.280624651213366327e-01 8.280624629065649334e-01 8.280624631561015470e-01 8.280624634880934254e-01 8.280624630349228132e-01 8.280624640535433345e-01 8.280624617712457614e-01 8.280624640809980397e-01 8.280624625972164976e-01 8.280624628597901271e-01 8.280624647924066384e-01 8.280624633086279829e-01 8.280624638927345238e-01 8.280624635115135801e-01 8.280624645270668882e-01 8.280624629462187691e-01 8.280624637460693993e-01 8.280624645532981276e-01 8.280624639277128773e-01 8.280624637815788835e-01 8.280624642277882863e-01 8.280624633453522732e-01 8.280624644760112840e-01 8.280624632084677694e-01 8.280624637558897660e-01 8.280624632837548793e-01 8.280624622767638332e-01 8.280624648978615054e-01 8.280624618362208977e-01 8.280624631414443826e-01 8.280624641149684217e-01 8.280624643524460149e-01 8.280624639947208321e-01 8.280624613161766678e-01 8.280624628473670645e-01 8.280624633333234508e-01 8.280624618927535652e-01 8.280624639567863987e-01 8.280624629415938021e-01 8.280624632078055214e-01 8.280624602731558870e-01 8.280624634899375058e-01 8.280624646166502290e-01 8.280624630699146005e-01 8.280624624330829020e-01 8.280624637289448753e-01 8.280624621424939047e-01 8.280624615167515579e-01 8.280624637235917129e-01 8.280624632699511434e-01 8.280624625747684542e-01 8.280624647074777966e-01 8.280624640269211856e-01 8.280624639538565201e-01 8.280624639693179301e-01 8.280624621250813888e-01 8.280624638069258303e-01 8.280624637990529058e-01 8.280624632368828175e-01 8.280624645005172368e-01 8.280624640068027231e-01 8.280624635401963030e-01 8.280624632824560294e-01 8.280624642880706210e-01 8.280624622709601423e-01 8.280624631452175866e-01 8.280624644101854948e-01
8.280624628168860024e-01 8.280624623738437329e-01 8.280624647630084878e-01 8.280624643564259424e-01 8.280624640799232328e-01 8.280624646116541143e-01 8.280624642466324348e-01 8.280624643722188649e-01 8.280624642171765526e-01 8.280624645693761554e-01 8.280624625224671798e-01 8.280624635506885767e-01 8.280624645159154751e-01 8.280624637597703286e-01 8.280624651985997176e-01 1.000000000000000000e+00 8.280624617050273972e-01 8.280624635074332884e-01 8.280624609813561632e-01 8.280624641403996344e-01 8.280624648233229079e-01 8.280624638292169992e-01 8.280624646152692225e-01 8.280624615431741997e-01 8.280624647876091426e-01 8.280624634072957235e-01 8.280624631630565391e-01 8.280624643651989247e-01 8.280624634507238735e-01 8.280624637299413004e-01 8.280624604101729513e-01 8.280624621737060487e-01 8.280624647272097905e-01 8.280624650821332144e-01 8.280624637447906444e-01 8.280624641360517790e-01 8.280624637520165310e-01 8.280624638190989817e-01 8.280624642528444657e-01 8.280624629756511146e-01 8.280624640986679053e-01 8.280624630718596002e-01 8.280624632621214065e-01 8.280624651790776669e-01 8.280624639631449790e-01 8.280624643569812759e-01 8.280624634819219176e-01 8.280624647458512122e-01 8.280624634608737544e-01 8.280624642122259571e-01 8.280624645686626151e-01 8.280624640436143880e-01 8.280624641827235566e-01 8.280624645169456510e-01 8.280624634720924471e-01 8.280624640403801973e-01 8.280624634467288470e-01 8.280624641787888152e-01 8.280624637240658892e-01 8.280624621033636501e-01 8.280624647188727927e-01 8.280624617854991376e-01 8.280624633301812976e-01 8.280624642021965354e-01 8.280624649548709026e-01 8.280624645353139579e-01 8.280624627419805872e-01 8.280624632312604261e-01 8.280624638032278995e-01 8.280624628813089139e-01 8.280624640419873561e-01 8.280624640890039689e-01 8.280624636242873704e-01 8.280624611823617087e-01 8.280624632371846872e-01 8.280624651664427738e-01 8.280624631409698733e-01 8.280624627248681646e-01 8.280624643808893737e-01 8.280624634681206242e-01 8.280624627459532983e-01 8.280624641321320256e-01 8.280624635922022581e-01 8.280624629567681083e-01 8.280624648076976291e-01 8.280624647432306418e-01 8.280624640198387398e-01 8.280624645695872088e-01 8.280624630293847988e-01 8.280624638359044276e-01 8.280624641974572153e-01 8.280624636654407844e-01 8.280624640280154214e-01 8.280624644741629847e-01 8.280624641202719571e-01 8.280624639928733099e-01 8.280624647654974968e-01 8.280624628559588585e-01 8.280624629609172338e-01 8.280624641078452308e-01
