1.000000000000000000e+00 -1.888247475498613104e-01 2.107849388529770274e-01 -1.936153335218087079e-01 -4.693859649170356585e-02 -6.044568713199746646e-02 -1.033303057035742517e-01 3.513730277270468022e-02 -2.339118016038919598e-02 -1.389214047421163112e-01 -8.301524337906616979e-02 1.304904008380995406e-01 -1.322085181620433758e-01 -1.490810854281584275e-01 -1.256959831295612062e-01 7.357452234397486579e-02 -7.296941716543073331e-02 -9.221951276345971560e-02 -1.678533661213833239e-01 -1.591305748654059035e-02 -7.321780626833016004e-02 -1.140655076880883606e-01 -3.651708209039718211e-02 -2.728669639091770016e-02 2.356414668814613145e-02 2.944533554025254539e-03 3.414858487061454145e-02 1.176121730528585305e-02 7.346907437773818328e-02 -1.105020458872348482e-01 3.077654900300200169e-02 -3.113624829059354893e-01 -1.303757458122778157e-01 -1.178149362801334671e-01 -8.746672718986146788e-02 1.902545316249741256e-02 -2.083533688329097799e-01 -9.904683088835886107e-02 -2.142961840542037255e-01 -1.286096803310963765e-01 7.202477177044440404e-02 3.710860213458055390e-01 -2.326222996785397290e-02 1.795043083304211362e-01 2.721795000814471871e-02 -2.323442213644022480e-02 -7.182083497977180542e-02 1.770034627818857162e-02 7.455469526459651552e-02 -1.786890701750165622e-02 4.783321087807427263e-01 4.082990432492235311e-02 -1.605968387086975924e-01 -2.415550239575372793e-01 -8.247338877962022419e-02 1.085943929165330696e-01 -1.658860927780497416e-02 -3.215059640463241442e-02 9.217447607994400105e-02 2.210837642345928056e-01 8.137672484809008178e-02 3.873516495896842798e-02 -1.064448632432695163e-01 -1.037485086965168612e-01 -1.373126638479246486e-01 -1.312924647480219476e-01 1.321589871854499387e-01 -9.883254349621417578e-02 -1.583949286461917016e-01 -3.788451156762003003e-02 -1.244906823093031994e-01 -2.385493355231579904e-02 -5.523132968252823100e-02 5.177098727475698547e-02 2.971347361896162394e-03 2.740601584582446071e-01 -7.177831565460823793e-02 -1.678283214338791851e-01 -4.918556705899014558e-02 -2.238005697266484129e-01 2.501094077332160007e-02 7.912930180451180351e-02 2.340213856402380277e-02 -2.471129944189085631e-02 8.329955521870673063e-02 -1.549467589468424278e-01 -2.790167455208755753e-01 9.676800688026089559e-02 -3.229456198199089773e-02 1.706270441369786284e-01 -9.934849669766435132e-02 -2.786745973503595986e-02 -2.013493624050499420e-01 3.641464678416990730e-01 1.792814123821542538e-01 4.622274046833047684e-02 2.378862593418586135e-02 -2.504696018726399950e-02 2.114780549543753274e-01 -2.520149208711862376e-02
-1.888247475498613104e-01 1.000000000000000000e+00 1.893445786201717884e-01 6.766843884207075499e-01 6.741876085069694602e-01 3.930435745823746552e-01 1.303591618269652197e-01 4.712139238581776191e-01 3.750322115957707148e-01 5.780577715659704352e-02 -1.630250667473323034e-01 -2.985988191660332025e-01 5.250227043457257603e-02 5.059750261229713220e-02 2.276029577043568730e-02 2.667378428387493505e-01 -1.969339176421834869e-01 1.860429719230743684e-01 -6.640312519311472594e-02 -2.452799876184413516e-02 6.217188794112309125e-02 -5.299997699323290984e-02 -4.853342568369072019e-02 -1.987446211592659440e-01 -1.028396075459510201e-01 -2.859973962988444085e-01 -3.196803169728859029e-01 -3.573356985748229464e-01 -2.086144435010242881e-01 -1.201985690770355913e-01 2.199096219937723695e-01 3.235437703432575973e-01 2.623609065782696592e-01 -2.373557098281799116e-01 -2.605517699620447103e-01 -2.152906941109847816e-01 -2.207201246916624671e-01 2.091809963307075804e-01 2.055280763794100074e-01 1.604055593320382125e-02 -3.774296659307989632e-01 -3.259829194660418539e-01 -1.902257858185814332e-01 -2.732953597924633327e-01 -2.320519428841353871e-01 -3.312860188006204187e-01 -1.987144775513479678e-01 -2.701781460160097570e-01 1.551609099045006268e-01 -2.463756755971316659e-01 1.697634878599909025e-01 6.720280551437910477e-01 4.384353986636606582e-01 6.156396887751693914e-01 5.329531277981071069e-01 2.298145526795564442e-01 3.496531991678350493e-01 4.369960965739627667e-01 -1.267144589256001264e-01 -3.405282002210351933e-01 -3.118932619764780423e-01 -4.627908880246011519e-02 -2.883902147137777650e-02 7.798518098197697312e-02 4.359089356672909976e-02 1.336739414761069049e-02 -7.293347234427199899e-02 -1.142431943499105235e-01 -1.504345708383960367e-01 -4.157557817870067424e-02 1.233363250017760655e-02 -2.599153961158646164e-01 -4.440971696700217464e-02 -1.360068760028830537e-01 -1.839199656552136242e-01 -3.913706725380357021e-01 -6.774687215211816493e-02 -8.788818189815433835e-02 1.698976727877077320e-01 3.113171408840426091e-01 -2.900137753655968598e-01 -4.410325622184636529e-01 -2.103344316188613672e-01 -3.114020727267202693e-01 -3.922265342910074004e-01 -2.220444429999243463e-01 -2.102735977352687136e-01 -4.115239939100710509e-01 -2.778832598509564100e-01 -4.773711568685781170e-01 2.086026184191107358e-01 1.334632383432500513e-01 1.026351650276589311e-01 -8.876984432704498884e-02 -3.567470007097521267e-01 -1.660963854288610431e-01 -3.616359629510175200e-01 -2.786026536258021102e-01 4.723129038794562223e-02 -2.226999285710203336e-01
2.107849388529770274e-01 1.893445786201717884e-01 1.000000000000000000e+00 1.080336465876630819e-02 3.836063336561206238e-01 5.450593996367431027e-01 7.448929759401537454e-02 4.645205420730586510e-01 4.706658229368488322e-01 -1.043554154309427606e-01 3.293498665813174853e-01 4.177538915796880081e-01 3.417301988785311773e-01 1.815304955573847356e-01 9.556156695912533527e-02 -4.067709747004228521e-02 2.822265266987100674e-01 3.068097311953704720e-01 2.094248218976021425e-01 1.389105413497811470e-01 1.848060757057964909e-01 2.275162205592861087e-01 1.447639640937774808e-01 3.160548013392712741e-01 -1.214481572955769945e-01 2.971099748605472990e-01 1.590502919333443843e-01 7.698734192600065196e-02 1.604033051971442692e-01 4.264381378987432830e-02 -3.077294406003549532e-01 -2.680856754567951805e-01 -2.419816866082294959e-01 7.354141515233246496e-02 1.650098463045940878e-01 3.802223744733271987e-02 -2.621766732839662661e-01 -1.174242059799300020e-01 -2.787207330806221878e-02 1.695133078334037646e-01 -1.257463766583848119e-01 1.159159506326441630e-01 1.943072762646400886e-01 -1.218606397903025523e-01 -6.040202234227555478e-02 7.392757800343265073e-02 -7.947812170563450795e-03 4.378032615491302126e-02 9.498191284855050931e-02 -1.239486946085709418e-01 -2.001823635576854485e-02 4.406837183939880109e-01 -3.736909521164417242e-02 -3.842681758692217259e-02 4.744993108088171319e-01 7.071122847640736175e-01 3.496920655486506213e-01 5.283035675814587995e-01 -6.664083178068581914e-02 4.636147404557954821e-01 3.503494346385631064e-01 4.134825780271929596e-01 3.102314688608094895e-01 2.307948280980451905e-01 9.985911988884071944e-02 1.168586552394450945e-01 1.338469655002808567e-01 2.772946501558368193e-01 5.378734934672345369e-02 2.544965705629936847e-01 1.324801024694577389e-01 2.572034723102613052e-01 1.700575953784109196e-01 2.425390520868531963e-01 3.255520596540504297e-01 2.739307672070841471e-01 -2.302563176118580315e-03 1.194285514740292681e-01 -3.139414854184482406e-01 -2.732837000374521708e-01 1.636483460924457733e-01 7.095555994821889931e-04 -1.084101700184736117e-01 9.010006319178151535e-02 1.604507861803030622e-01 -3.904901746435478216e-02 -2.384223273538073895e-01 1.748861270408237981e-02 6.626559251010950835e-02 2.687587372305488831e-02 -3.317142183702131431e-01 -1.760014129013717787e-01 3.965212734345351098e-02 -9.084767715129751786e-02 1.678581428499682782e-01 -2.344087352433476545e-01 6.635095373884988823e-02 5.042756033344004962e-02 1.440780529919497288e-01 -1.304470600107951461e-01
-1.936153335218087079e-01 6.766843884207075499e-01 1.080336465876630819e-02 1.000000000000000000e+00 5.392612628082574799e-01 1.229680319015492435e-01 1.099272828770429672e-01 1.761304234784181744e-01 1.357819088219194281e-01 -1.031827656272153726e-03 -2.629733775982220911e-01 -3.330435770797257611e-01 4.405349651514276627e-02 2.666757338453816795e-01 3.127529527263031017e-01 7.113419723201123979e-02 -1.230276277432842819e-01 2.065225304112156268e-01 1.351817595493550184e-01 1.400816908974989727e-01 3.020830511000035523e-01 -1.912602007672024873e-01 2.049507238794819886e-01 -1.690624550181931141e-01 -1.393051964441413826e-01 -3.522143988735293441e-01 -2.941908170018714963e-01 -2.799637940400639402e-01 -3.001835996036723853e-02 1.829472586412753399e-01 2.568504864234965601e-01 4.471134866077982051e-01 3.933235216947057467e-01 -9.370131434574206775e-02 -3.320650912131370980e-01 -1.925828427421681643e-01 -1.147633813564537669e-01 2.237364465536403613e-01 1.723615585072124923e-01 -1.805634507983991388e-02 -3.232607335723991504e-01 -3.200052878996335615e-01 -3.769943932985350687e-01 -1.370602519483055393e-01 -3.006867281526668934e-01 -3.238504426754690302e-01 -8.364556255792653106e-02 -1.516373558650361275e-01 3.167243332275424678e-02 -1.866555985056553291e-01 7.999268015964457190e-02 3.529234524728784850e-01 4.640715629888699234e-01 8.132240788519339292e-01 2.350945056210327344e-01 -1.051305326653153779e-02 2.057780240792348725e-01 1.491114229242727907e-01 -2.065059430513766225e-01 -2.948967086285953498e-01 -2.846116976320772207e-01 -2.098619215253963444e-02 1.218850515144884877e-01 2.388754124125216094e-01 3.072460963904410369e-01 2.925898569887267486e-01 -1.868896576699894396e-01 1.007430150797384259e-02 6.342893093026254203e-02 6.185010571486125597e-02 2.856406047870497789e-01 -2.731199265089120920e-01 2.178204870568850315e-01 -1.500765037299250371e-01 -1.696409846809104061e-01 -3.790757235275480919e-01 1.034138170848713373e-01 9.338378271757342974e-02 2.605766314906315384e-01 5.827058425361273386e-01 -1.645539938028678373e-01 -3.199368238729548009e-01 -2.892102889967612112e-01 -3.702971377947446574e-01 -3.910352450992047868e-01 3.107812963045976026e-02 -7.905056328831001899e-02 -3.514685244741754810e-01 -1.621555861026913181e-01 -4.158576538481700280e-01 2.849625459636013214e-01 -2.375640192233979819e-02 1.923042544063242529e-02 -1.642381761797590545e-01 -4.078473234119912583e-01 -1.169781245724541840e-01 -3.164898899196443849e-01 -2.215650373575061838e-01 -7.391851607480910691e-02 -1.825165787010672169e-01
-4.693859649170356585e-02 6.741876085069694602e-01 3.836063336561206238e-01 5.392612628082574799e-01 1.000000000000000000e+00 5.347338974247318744e-01 3.919923274603581004e-02 3.134777702096437357e-01 3.818721181225150363e-01 -8.437701404942267447e-02 -4.082879486139241905e-03 -9.659543120788501025e-02 5.562151490568090911e-02 3.696664415891296601e-02 5.122530196371764821e-02 7.467530300873917448e-02 -1.722747773295778828e-01 6.277014805972505607e-02 -6.540355633698322069e-02 -5.212037977390986121e-02 5.884697214415753747e-02 -1.458459088916185531e-01 -7.131342234125495616e-02 -1.001575171061980518e-01 -1.508665028609951497e-01 -1.430640516871995727e-01 -2.546981661426496180e-01 -2.876168182276410690e-01 -2.193730470466848104e-01 -6.476902980230583862e-02 7.669325175199456779e-02 1.162890615137491396e-01 1.376720044109719931e-01 -2.683463229050746524e-01 -2.597585892593841650e-01 -1.481281806364601328e-01 -2.364089175567541112e-01 1.093282824092815519e-01 7.807871046913214541e-02 -7.554550985082213177e-02 -2.635771705546322008e-01 -9.535935314493808324e-02 -3.515126884739590979e-02 -1.634219359803696092e-01 -1.630876298614428455e-01 -2.158947696128012683e-01 -1.655953811037473578e-01 -2.368458487330883933e-01 2.200931441112547460e-01 -1.652706451370489493e-01 1.702138498110517539e-01 4.557523306590841039e-01 2.153040866911025419e-01 4.802904504249418949e-01 5.898721506699104999e-01 4.413421250073674140e-01 2.370129149769820698e-01 4.323939982264424220e-01 -1.154898497519820932e-01 -4.392986750516098687e-02 -1.427792528782803050e-01 4.976579501231806479e-02 -5.263847190431577075e-03 6.251963800404133909e-02 2.497447118243659864e-02 4.408212624684216402e-02 -1.460967180784863151e-01 -6.360388365680330613e-02 -2.180568934191678410e-01 -9.999259183426514874e-02 -2.203627308351592887e-02 -2.566675243589755517e-01 -6.886482331969907833e-02 -8.646705816201387396e-02 -8.108134695579567730e-02 -2.338287261088736191e-01 -1.204032766754432326e-01 -7.801847239240196352e-02 7.209934622628298706e-02 1.440220726190160339e-01 -2.478957314073957641e-01 -3.588653739953555633e-01 -2.295994494830212174e-01 -3.586167178559470647e-01 -3.308411151081033230e-01 -2.458658212637767904e-01 -2.217731223444648070e-01 -3.157542748600103422e-01 -2.445536478996083729e-01 -3.137524362049037285e-01 2.392946736364358687e-02 4.955829153944640159e-02 3.524343353429041509e-02 -5.593941308300853094e-02 -2.279711640941107509e-01 -1.188742949206655769e-01 -2.556575110459773925e-01 -2.672850561629374622e-01 1.294662963927593613e-01 -1.451916616708666119e-01
-6.044568713199746646e-02 3.930435745823746552e-01 5.450593996367431027e-01 1.229680319015492435e-01 5.347338974247318744e-01 1.000000000000000000e+00 3.114781934167828448e-01 6.265495464511868784e-01 7.173253359726167178e-01 2.030863118579908089e-01 2.671635148750625133e-01 2.741080090570196526e-01 3.726211769422176356e-01 9.208544892374809221e-02 -7.297410542840546133e-02 2.401683770641453719e-02 9.706645311397821274e-02 1.830855759096849666e-01 7.381764420128773818e-02 -4.813986660728986761e-02 -9.917856721610780746e-03 1.600939282378080197e-01 -3.729663906935086481e-02 1.312986899578406363e-01 3.922861808583875953e-02 8.588230374422141378e-02 -1.130340064950994226e-02 -6.701895549770713056e-02 -3.730083131643274763e-02 -7.705529993818442669e-02 -1.206538008248539962e-01 -1.202551250913679454e-01 -5.507455619371651873e-02 -1.065209296860987614e-01 9.659435111850436795e-02 -5.935856302417523434e-02 -1.192184296986693454e-01 1.159576273195560454e-02 1.664635376635836272e-01 2.802588948125721569e-01 -1.339356136620550308e-01 1.218435759415978648e-01 2.246603489694474765e-01 -8.988047871136921330e-02 1.092149324210859923e-03 -3.997803656239098079e-03 -5.706487555806092488e-02 -1.118018363934494552e-01 3.140057627451113831e-01 -1.475979139494452697e-01 3.442534926939225942e-02 5.656831527900910705e-01 1.487152786800073068e-01 1.904267373073308678e-01 8.404455759183211416e-01 7.896281644300757740e-01 5.149262746342563313e-01 7.164237019354643410e-01 1.979642753894304830e-01 1.373778768321546606e-01 1.910967089945256880e-01 3.129406911120384827e-01 1.767250159411549448e-01 1.138699392353682005e-01 -4.356692879439841987e-02 -6.520211688224579472e-02 2.773493863183514874e-01 1.383832550719485133e-01 -1.597450105583076430e-01 3.099885577700901146e-02 -8.021199155094606292e-02 9.690697929202374272e-02 -2.257309839293178064e-02 2.710536876055976152e-01 2.723835604866441940e-01 6.849828607032129590e-02 -2.451616469991038053e-03 1.984763138458890339e-02 -1.553045651729008103e-01 -1.933293211790846622e-01 -1.525629680769412244e-01 -2.345336181497441608e-01 -2.871842742774934412e-02 -1.045522450772125474e-02 -8.166644998027795810e-02 -1.546266328644824717e-01 -1.378402798196153856e-01 -1.361584096755323881e-01 -1.259014892116672168e-01 -1.543905524602521562e-01 -2.158420821464054895e-01 6.969408515139114378e-03 1.835125426609940380e-01 8.728294912234703384e-02 6.800163911564169328e-02 -4.533097864480422484e-02 -2.222758076789881423e-02 -1.418044295626377793e-01 1.911202256988143999e-01 -1.786191017730179020e-01
-1.033303057035742517e-01 1.303591618269652197e-01 7.448929759401537454e-02 1.099272828770429672e-01 3.919923274603581004e-02 3.114781934167828448e-01 1.000000000000000000e+00 3.575085387121942349e-01 4.085641864446449834e-01 2.554874847272068927e-01 -5.336333551728330432e-02 -5.573271878889919650e-02 5.274861769956217666e-02 -1.499728843247236793e-02 -1.546702007200632945e-01 3.583534380560000066e-01 -8.317174612981032347e-03 2.944835255392390643e-03 -3.635695507603173976e-02 1.133855970769766380e-01 -1.824745314074791569e-01 2.097114459115954899e-02 -2.147983954757210975e-02 3.131640788846644374e-02 7.990001087354119125e-02 -1.239301625769544252e-01 5.094428373160454770e-02 -1.017630683236513539e-01 -4.557938069272198661e-02 -1.903354770016525976e-01 1.058964709880710117e-03 -4.010690015990211674e-03 9.093646676187341904e-02 -1.583854294275270913e-01 9.028109284235967535e-02 -3.360544409935403015e-02 -6.481746278138000861e-02 1.996571397032710915e-01 2.252539028073686500e-01 6.126483389317706196e-01 -1.643426180384952029e-02 6.688384759910703803e-02 2.294387496724135944e-03 7.783801490953971836e-02 1.507762295317618684e-01 6.200588148595592361e-03 9.877183591614496425e-03 -1.058119691029757725e-01 2.075562659652788189e-01 4.820269242898340967e-02 3.177952806325919782e-02 1.919699763799443681e-01 5.421557462037787101e-01 1.944471872785654698e-01 2.888376892356101511e-01 1.841451948966580376e-01 3.408669369809281258e-01 3.004952252313367045e-01 1.458552524175013229e-02 -2.066329673085243734e-01 -1.500356621321940476e-01 -4.266052597815704617e-02 -5.624879669425633666e-02 -2.461966237682384692e-02 -1.165228834165409344e-01 -1.742830064956375213e-01 5.370531781885647948e-01 -4.954533986375527638e-02 -2.146433579419111393e-01 -1.065433225106301174e-01 -1.148585168810147411e-01 1.822605500020308642e-05 -1.199183114146389617e-01 3.840801294226247609e-01 5.038384441927356433e-02 -1.676998068332234415e-01 -8.399957063631583939e-03 -1.703510810425911404e-01 1.520502241764668493e-02 -5.374601024467354909e-02 -2.038562874875060882e-01 -1.325156238165904610e-01 2.204562415430044026e-02 4.142597338680665403e-02 -5.136704968694783685e-02 -9.586576077197064838e-02 -9.867014366602221143e-02 -1.100842504598412014e-01 -2.095611053916928562e-02 1.151419597086994484e-01 -3.464957217397826583e-02 2.011734288643086399e-01 3.187717342483434857e-01 1.963091460529843915e-02 -1.647550070335432326e-02 2.051554183758231842e-01 7.596288534876355358e-02 -1.036349362979372690e-01 1.423282985922042776e-01 1.029996919185548025e-02
3.513730277270468022e-02 4.712139238581776191e-01 4.645205420730586510e-01 1.761304234784181744e-01 3.134777702096437357e-01 6.265495464511868784e-01 3.575085387121942349e-01 1.000000000000000000e+00 7.792824375829684458e-01 2.708520551609956972e-01 1.267749389479907729e-01 1.587661980867687006e-01 2.594474131028898234e-01 9.547697375625803506e-02 -7.978770885338815066e-02 1.949966949415483930e-01 1.245449980111801580e-01 4.689460631464077434e-01 1.845424942503978358e-02 1.121713739327932502e-01 5.183748355454233236e-02 2.382885047093241393e-01 5.755085941719114556e-02 1.273431199166988603e-01 -2.823637733978041561e-02 -5.858368284966795903e-02 -2.461841840872203840e-02 -1.609202387061690054e-01 5.554883939021973416e-02 -9.495500094493912469e-02 -3.539008110373438598e-02 -9.414912962876209601e-02 -7.233637120428026979e-02 -1.300811115108035376e-01 4.523877566920778831e-02 -1.270761496673719904e-01 -3.719458758780723184e-01 6.686675324626691064e-02 2.220575164730002327e-01 3.576274330362956277e-01 -2.540390960479596005e-01 -3.623212638959125154e-02 1.056781697452223445e-02 -2.480123989381114169e-01 -1.246983646388238054e-01 -9.684792069269897163e-02 -1.534481522894059202e-01 -1.069335196220941031e-01 8.705953538533815761e-02 -3.097809766845155410e-01 1.633453657000368542e-01 7.102655817248701986e-01 2.223590438806858083e-01 1.890555715088583777e-01 6.625088033240080776e-01 5.647749250928176812e-01 6.879000654483355959e-01 8.171118595213021640e-01 2.035462358541902939e-01 1.323652532335785857e-02 6.318097560744424801e-02 2.337597973212031943e-01 1.320922560491440967e-01 1.839609654285930262e-01 -7.622352813000127063e-03 -5.479899253937722120e-02 4.743662768082398951e-01 9.463439317211456980e-02 -1.174093712884236723e-01 2.362192275293623911e-01 -1.785954357489950156e-02 1.169957332276624906e-01 8.767602794662281152e-02 3.541476897835889037e-01 1.951506439061161391e-01 1.721511033651311820e-02 2.674150803768305870e-02 -2.215859974046394468e-02 -2.279748130684694229e-01 -1.618897679072369422e-01 -8.654343046668015738e-02 -2.668333421892101209e-01 -1.053873904345995621e-01 2.587651311071036478e-02 -3.046135926453210144e-02 -1.735193233550567371e-01 -3.882225162947681163e-01 -2.538590918746735925e-01 -1.495277871119048974e-01 -2.055116513433083436e-01 -1.753053191958680590e-01 3.604150126482844052e-02 2.073439252997889282e-01 1.169410250732763751e-01 4.585934720243557347e-03 -2.450525648293274683e-01 -1.094089342671295956e-01 -1.098855829080799679e-01 1.003472845503227129e-01 -3.451888860176400287e-01
-2.339118016038919598e-02 3.750322115957707148e-01 4.706658229368488322e-01 1.357819088219194281e-01 3.818721181225150363e-01 7.173253359726167178e-01 4.085641864446449834e-01 7.792824375829684458e-01 1.000000000000000000e+00 2.454716531854339301e-01 1.214551491568483937e-01 2.299353207264059062e-01 2.743030663685625536e-01 1.640305329239603593e-01 -7.327692396661491213e-03 1.280696338099545639e-01 1.449542751795219464e-01 3.243246127080806618e-01 7.864598194970880141e-02 5.419433687804027511e-02 6.344397909946578040e-03 1.121819309653838970e-01 6.578561082760038536e-02 1.500866435296567269e-01 -2.579766252210695388e-02 -4.865539385011079937e-02 3.721776459788025959e-02 -6.248603645266221501e-02 5.950508231899616363e-02 -3.803964364659984804e-02 -6.546283071243862162e-02 -1.448553934476061733e-01 -4.574549624671111342e-02 -1.079505317880067455e-01 7.731967718282477253e-02 6.056900127576429933e-03 -2.638859523535759255e-01 5.284838099287261608e-03 1.608830955492860926e-01 3.584855256969849968e-01 -1.561207527501421166e-01 1.142089200003505028e-01 4.341753730671436828e-02 -1.333672449544274496e-01 -4.227742743587276780e-02 1.627224681751495219e-02 -9.986304733214715346e-02 -6.274201725018185849e-02 1.348807567900024706e-01 -2.200197146544184690e-01 1.511207876243374493e-01 6.109075316637089248e-01 2.765080677545962984e-01 2.346491729934976622e-01 7.419274219594554909e-01 6.513295244523452654e-01 6.505981272362745260e-01 8.743077078970908911e-01 2.197840457218342980e-01 7.690877028175086005e-02 1.324035051423237963e-01 2.740361064567329308e-01 1.614420259977492611e-01 1.994953862493529795e-01 5.471164760682777767e-02 5.545254697681066026e-03 4.505282157715141955e-01 1.822835043516108922e-01 -1.642798540085312897e-01 1.538539034697567753e-01 -3.511787484815938332e-02 1.059725030082951241e-01 8.744313910714081317e-02 4.113889512891810707e-01 3.071512809853513271e-01 8.453170761793220300e-02 5.662993449202440716e-02 2.735060299783400456e-02 -2.103954108835482673e-01 -1.729329257491024341e-01 -7.314404945847992334e-02 -1.961988218861002997e-01 -3.648127095218083038e-02 4.740710746503612461e-02 4.348956078969547223e-02 -1.195601341764946091e-01 -2.704032512841786917e-01 -1.598623902353302761e-01 -7.159721619299362627e-02 -5.841533246342617974e-02 -1.800584335766628741e-01 2.020401953339528989e-02 1.671067318113595712e-01 1.534118132858616756e-01 4.511687184239180498e-02 -1.510815066015006591e-01 5.732756066624332229e-03 -8.217577302915682336e-02 8.995215672309382626e-02 -2.677614013303264429e-01
-1.389214047421163112e-01 5.780577715659704352e-02 -1.043554154309427606e-01 -1.031827656272153726e-03 -8.437701404942267447e-02 2.030863118579908089e-01 2.554874847272068927e-01 2.708520551609956972e-01 2.454716531854339301e-01 1.000000000000000000e+00 -8.453208203804961351e-02 2.926295704175290932e-02 5.715676035910034758e-03 -1.400483226508572321e-01 -1.845613773030858884e-01 1.711726838338491208e-01 -1.136679144657445489e-01 -1.201390652092765993e-01 -1.619623087918767024e-01 -2.620093917789711457e-01 -2.295108788535569211e-01 -2.760540107608816518e-02 -1.465488122169796292e-01 -2.186883387144782434e-02 3.683001663034128348e-01 -1.474256957809254864e-01 -2.127162251458828146e-01 -2.440011852829747918e-01 -9.313441039632329443e-02 -1.791821472104565272e-01 2.946426270898139799e-01 1.940271418453231866e-01 1.088761277793626331e-01 -2.820648319279776550e-01 -9.867218249167485078e-02 -2.703364970538068013e-01 -4.584226062213458963e-02 3.295288397882492060e-01 4.306171086159003014e-01 4.142231096435188831e-01 -2.332047407794834715e-01 -1.943169068809493492e-03 -6.227101337047593471e-02 -4.980081827453249066e-02 -1.273499633505983941e-01 -2.915546507310162738e-01 -2.624905685372139752e-01 -2.408857901281912239e-01 -1.678352663299345626e-01 -2.914868467270124719e-01 2.151756644300648058e-01 2.246386023915997177e-01 1.554019451117331085e-01 1.285021459820430978e-01 1.974066746087156377e-01 2.897421617499632701e-02 3.108925715333054063e-01 2.059045657622873282e-01 6.440750210536602127e-01 -2.401771772788824644e-01 3.754591257990225889e-02 -1.393650002707386981e-01 -1.601729105675003262e-01 -1.827636515132515516e-01 -1.871631803215149104e-01 -1.764912342224025377e-01 3.328927456728286161e-01 -1.910750782261804448e-01 -2.218324265207968216e-01 -2.405320939850037476e-01 -2.435703344606837684e-01 -1.221265727183849376e-01 -1.481859263325958631e-01 3.680727621262797067e-01 7.462133461307188763e-03 3.936269224484129081e-02 -2.926504613671071162e-02 -1.636748058660691674e-01 8.865828998428319785e-02 4.923156399198735933e-02 -2.099853060896925139e-01 -3.401042888033222189e-01 8.892035853910502941e-02 -9.646448009350432062e-02 -1.793793010567287516e-01 -2.908585249461685396e-01 -5.140936112799650987e-02 -2.921128483924115837e-01 -3.005195569931601307e-01 -2.301272866750999624e-01 5.119306292111362733e-02 3.464055816404432719e-01 4.800986169592390551e-01 2.067386662904504291e-01 1.150475166657254598e-02 6.456362769035195980e-03 -2.873590086987003467e-01 -2.789706752689521951e-01 -1.572545793426060323e-01 -2.660947883327873242e-01
-8.301524337906616979e-02 -1.630250667473323034e-01 3.293498665813174853e-01 -2.629733775982220911e-01 -4.082879486139241905e-03 2.671635148750625133e-01 -5.336333551728330432e-02 1.267749389479907729e-01 1.214551491568483937e-01 -8.453208203804961351e-02 1.000000000000000000e+00 6.101313578909848268e-01 4.251442262934087002e-01 1.270708259299802301e-01 5.851085750890197557e-02 -2.465320472163015642e-01 3.694502651095891155e-01 2.213046092606418824e-01 2.277205088903594132e-01 6.717263401668131795e-02 8.373404311952484247e-02 3.806212541023318852e-01 7.219957006284909162e-02 4.434007374713467842e-01 4.654582250694346696e-02 6.518267606446070950e-01 3.176597256162073113e-01 2.192192895904214178e-01 1.225453806873582907e-01 2.604817463618241610e-02 -4.493593569559013456e-01 -2.743808026473539274e-01 -2.568090417377599244e-01 2.455591231296437582e-01 4.047760175467938759e-01 1.559016383482287604e-01 -2.468627296754069209e-02 -1.584297782063002202e-01 -7.951697410791319642e-02 9.696529419953643647e-02 1.446982548539998137e-01 7.907898644809339614e-03 4.631209657773979194e-01 -2.020542406438081626e-02 1.788117073736681661e-01 2.009346138909990920e-01 9.454138119149460562e-02 1.051153327253789987e-01 1.921685006704472176e-01 1.346336350331920895e-01 -3.682299647274661081e-01 -3.092299856625295787e-02 -3.274650101731723661e-01 -2.647217057251672889e-01 1.673504891382872617e-01 3.536853114766203010e-01 1.085773517517970022e-01 2.187810358149407108e-01 1.226833334893052546e-01 6.649434319492975032e-01 5.533075053065676929e-01 4.605622579733840705e-01 2.621692158670188011e-01 1.242400127833464818e-01 3.579038539815027065e-02 4.066123425383724038e-02 6.921838641666763769e-02 3.481629803006369706e-01 1.630961472987598193e-01 2.534563411801881716e-01 5.269445365257630770e-02 4.668376286733831315e-01 9.162330232319958190e-02 2.407099150022826151e-01 4.701693205994630365e-01 3.570433629193908165e-01 2.201769317489380220e-02 1.295463624390024993e-01 -3.262967588567114996e-01 -3.023208155407103304e-01 2.485733113217942214e-01 2.327716250625296579e-01 7.398632887998379294e-03 3.549245150499991674e-01 3.114888113998566244e-01 9.811520893817997357e-02 -3.384072886804530278e-02 2.317681706946396747e-01 2.162913024354135294e-01 2.494068174321621145e-01 -3.409922530725137402e-01 -1.718523612087891339e-01 4.826839227389395637e-02 -1.735174967700804094e-01 3.920807786218071800e-01 -8.610826020146342130e-02 2.162972106772173830e-01 1.311574761985412896e-01 2.852148564056131708e-01 1.255796741385056536e-01
1.304904008380995406e-01 -2.985988191660332025e-01 4.177538915796880081e-01 -3.330435770797257611e-01 -9.659543120788501025e-02 2.741080090570196526e-01 -5.573271878889919650e-02 1.587661980867687006e-01 2.299353207264059062e-01 2.926295704175290932e-02 6.101313578909848268e-01 1.000000000000000000e+00 4.894685461109869462e-01 1.707192257637040189e-01 9.697174461437585435e-02 -2.594811255057474231e-01 5.306004577394684008e-01 2.126856476287650177e-01 2.822876868094749137e-01 1.884044160752466890e-02 1.208579785164966697e-01 3.660793302030422858e-01 1.462639261871409024e-01 6.040396016812741298e-01 1.082663793909078020e-01 6.410508019536782509e-01 3.702827373605740435e-01 3.176188659322772834e-01 2.886478490671464114e-01 1.319007074357907983e-01 -4.392901568420243263e-01 -4.359380476553991191e-01 -3.991846008060093154e-01 2.458497594354429050e-01 4.283751344571353203e-01 1.848550784302713801e-01 6.565187783549823871e-04 -3.664764185143405961e-01 -2.247182853617419596e-01 1.342075877900140157e-01 1.109038045883449647e-01 2.775583726217257241e-01 3.437556266360716761e-01 8.251693024685065325e-02 1.300185518436892396e-01 1.933438867126416882e-01 8.238544144346723885e-02 1.395139055024814390e-01 4.686401080119551033e-02 5.739287799223050622e-03 -2.557976650492835846e-01 -4.479035488013019539e-02 -3.277243146340040325e-01 -3.902240505938381343e-01 1.128600526690460154e-01 4.129654175646029768e-01 1.022529108676424880e-01 2.408643764593103864e-01 2.019161565318375873e-01 7.292180774243819386e-01 7.939305304694485033e-01 5.973114288875228661e-01 3.496299500151383577e-01 1.870616112527937469e-01 1.026615911185087132e-01 9.060408347270713925e-02 1.887496908304243382e-01 4.928942629890518123e-01 2.210375312441650864e-01 2.927630813180626679e-01 8.594362274360045628e-02 5.888585815424317582e-01 2.157827573554103040e-01 3.843722417116617329e-01 6.900892416147886843e-01 6.255119470313770247e-01 1.587847879498370529e-01 2.568634895041829735e-01 -3.763954140245144298e-01 -4.113672718952976481e-01 3.997585206432699434e-01 2.774157841176536077e-01 8.382232939885501943e-02 4.456441097271333640e-01 4.340800368625452599e-01 1.616517089033699395e-01 -1.019521268613388272e-02 2.984666829678215283e-01 2.166270479087119560e-01 3.036096274457282251e-01 -4.658000311138341121e-01 -2.817036907679525415e-01 -8.045718089203048040e-02 -6.390073975735340202e-03 4.977498203038748792e-01 -1.249220247483107948e-01 2.189713859696844067e-01 1.389176118430701379e-01 1.323956910760916983e-01 -2.211105614618930765e-02
-1.322085181620433758e-01 5.250227043457257603e-02 3.417301988785311773e-01 4.405349651514276627e-02 5.562151490568090911e-02 3.726211769422176356e-01 5.274861769956217666e-02 2.594474131028898234e-01 2.743030663685625536e-01 5.715676035910034758e-03 4.251442262934087002e-01 4.894685461109869462e-01 1.000000000000000000e+00 5.082105018172612398e-01 3.408580197904202413e-01 -2.989812283104828494e-01 6.212522671975114763e-01 4.045534630715713620e-01 5.893638192402846920e-01 3.005489721927686042e-01 3.850471745379064892e-01 5.060175298299212088e-01 3.611501786069583608e-01 3.755293805405662821e-01 -6.349999647229463695e-02 2.900079269029414708e-01 3.611902087444254228e-01 2.830696983760963570e-01 4.664096060633897145e-01 2.245264987637252130e-01 -1.836239729933249187e-01 -5.010311758365845053e-02 -8.959042829280329523e-02 4.135377432241373885e-01 4.450478049455347529e-01 6.611868154682876142e-02 1.584799085819753872e-01 -8.923958656939350031e-02 6.496655033898633691e-02 1.578236189751677787e-01 1.029641317130539080e-01 9.966322282751990946e-02 2.671068736646887709e-01 6.040842557505599758e-02 1.305051579808185203e-01 2.018894388540114215e-01 3.126817355533268450e-01 2.051696769807677678e-01 1.954273844988339559e-01 1.272185824278409816e-01 -3.601050385761536687e-01 1.915737549876388446e-01 -1.128544876160418459e-01 8.544407236272719142e-02 2.955107007037475753e-01 3.887425671853101949e-01 2.148910393080289138e-01 2.996605639058839698e-01 1.365253017511327237e-02 4.214140541025203635e-01 5.380615334303663344e-01 8.295747450282138225e-01 6.715564659614596810e-01 5.154829844606295675e-01 3.732352283454258290e-01 3.150196289376216985e-01 1.278153224156726164e-01 6.572054150692487884e-01 4.044119041541446857e-01 4.039484748283919680e-01 3.829876531070270373e-01 5.113476766964435427e-01 3.432489142960815087e-01 2.002785415574664107e-01 4.416145526133242738e-01 2.283220724805569146e-01 3.171151346223169964e-01 3.350913959747249260e-01 -2.351406345234927087e-01 -3.123775441982084428e-02 2.489594913919819796e-01 2.032694663894720200e-01 -7.840597909441805735e-02 3.024920023665561009e-01 1.946115131770198570e-01 3.541792632057542134e-01 1.333242634569087870e-01 1.230723974493847794e-01 2.346075863972464925e-01 2.009929875654424894e-02 -2.118274398796138047e-01 -2.557048344578486954e-01 1.429582897567044895e-02 -7.997352253188917681e-02 1.633938647783227671e-01 -4.634987707413776303e-02 1.701185852839367518e-01 1.685845011535820892e-01 2.015049038983548757e-01 4.909220741016395717e-02
-1.490810854281584275e-01 5.059750261229713220e-02 1.815304955573847356e-01 2.666757338453816795e-01 3.696664415891296601e-02 9.208544892374809221e-02 -1.499728843247236793e-02 9.547697375625803506e-02 1.640305329239603593e-01 -1.400483226508572321e-01 1.270708259299802301e-01 1.707192257637040189e-01 5.082105018172612398e-01 1.000000000000000000e+00 8.339545394361744801e-01 -4.451414774835038557e-01 5.029127165361836349e-01 5.116117603208479858e-01 7.892867349186731829e-01 5.275029177977683670e-01 7.923722359298930318e-01 2.212408483560936168e-01 8.230134934311302830e-01 1.874275063748906678e-01 -1.780127476599448477e-01 -3.871502663718752457e-04 2.723479425655939701e-01 2.411331786353110573e-01 6.013658077721846240e-01 7.066002632254517746e-01 -1.467381332126117266e-01 1.150089498779065383e-01 5.719186858090476167e-02 4.795954735883636300e-01 1.998918846196337251e-01 1.218918174138124699e-01 6.956712257925715126e-02 -8.624823239796562679e-02 2.630245745840277191e-02 3.636325384588799670e-02 1.070219429000797001e-01 -5.279010150147411123e-02 -1.010863452264420537e-01 -1.063363247137895894e-02 -4.657331059174549259e-02 2.768663316454549883e-01 5.355219095410075347e-01 4.895446204163237947e-01 -7.250225852462769544e-03 5.219893423984153791e-02 -3.957826739343029976e-01 1.246986193295829444e-02 -7.127894495751521675e-02 2.920004451168209947e-01 9.065772460616998429e-02 1.287436161000819757e-01 1.108755332324199983e-01 1.579647898606906797e-01 -2.154041660550837511e-01 1.973486558872604713e-01 1.927964487599288790e-01 5.108946746794741367e-01 7.292623525594995604e-01 8.515376430259318230e-01 8.618691115768135624e-01 8.171978928122590746e-01 -1.309257383840857665e-02 6.197309069661768310e-01 5.614050565390107383e-01 5.882262825144110030e-01 8.186585431128193813e-01 2.656097087367983445e-01 7.882337894681512580e-01 2.020829633431807382e-02 2.128234747643907299e-01 1.192953811887414138e-03 4.167948023880752029e-01 5.654138942404534074e-01 -1.355167950381706010e-01 2.874853487546681352e-01 2.829490100077539649e-01 2.631154231777472763e-01 -1.780016798163064906e-01 1.271667295687882449e-01 1.190216086211694918e-01 6.251125239278527701e-01 7.932470599478909368e-02 6.784932962074631535e-02 2.956577489131921310e-01 3.235934601308047137e-02 4.840323687844567437e-03 -3.754543718606282998e-01 -1.323841108669852884e-01 -2.670387946400691881e-01 -6.214875276412311356e-02 -1.085353445141313405e-01 2.801296588552184552e-01 3.624569069007787525e-01 -5.421037876765574109e-02 -2.804303480133203685e-02
-1.256959831295612062e-01 2.276029577043568730e-02 9.556156695912533527e-02 3.127529527263031017e-01 5.122530196371764821e-02 -7.297410542840546133e-02 -1.546702007200632945e-01 -7.978770885338815066e-02 -7.327692396661491213e-03 -1.845613773030858884e-01 5.851085750890197557e-02 9.697174461437585435e-02 3.408580197904202413e-01 8.339545394361744801e-01 1.000000000000000000e+00 -5.432407776408435529e-01 3.291653953269614297e-01 4.353006266710252037e-01 6.380100993151150979e-01 5.220239108089759217e-01 8.198660225079735797e-01 3.550592269145251556e-02 8.252659699857224362e-01 1.380803214208640162e-01 -2.215073390246878327e-01 -3.053945170744185381e-02 1.755930334036371609e-01 2.447399485100351935e-01 5.288638776498150174e-01 7.938906684073989695e-01 -1.053902097953429984e-01 1.899464947061499098e-01 1.107889363829731993e-01 4.250113631543931403e-01 7.398048227472200922e-02 1.663258472591188919e-01 1.061915285754904542e-01 -7.388687628384182915e-02 -4.362794601072543868e-03 -9.210936889677368011e-02 1.229290436302204886e-01 -8.234180318035615176e-02 -1.820837543309859197e-01 1.314669990738934983e-03 -1.098684996629163690e-01 2.186971833261875109e-01 4.810686750622892305e-01 4.566305544598882604e-01 -7.483751574231049808e-02 8.601671854801555550e-02 -3.475201786322902886e-01 -1.193491872726604036e-01 -1.303227858646344439e-01 3.223427514611744149e-01 -7.412080040330393249e-02 -2.361313406213290736e-02 -4.484058052654790738e-02 -1.106102957329780333e-02 -2.465525200507184544e-01 1.962692561081530174e-01 1.368291381810051444e-01 3.776379123022876039e-01 6.070629886943796905e-01 7.604241739816014478e-01 8.651679613889398102e-01 9.153544911773603410e-01 -1.633967485557435706e-01 4.835818400110371007e-01 5.433740434284256571e-01 5.320491572421108817e-01 8.460040814568309253e-01 1.175572127298564334e-01 7.828225635662960924e-01 -7.159129715050738252e-02 1.475638172435243256e-01 -2.693868207696163697e-02 4.348331647803049260e-01 6.287556992771609066e-01 -2.466412962433141287e-02 4.072647922606533744e-01 3.133682477770040053e-01 2.908147849112360239e-01 -2.058114568977927050e-01 3.635753462999160440e-02 6.979525160238155002e-02 6.429093183300772507e-01 1.457679246090727021e-01 1.254161988825186758e-01 3.313373446262705690e-01 7.079228934726766731e-02 5.119523844406961843e-02 -3.892889835812271548e-01 -2.121049725076450121e-01 -2.883811703278891247e-01 -1.133714174474474007e-01 -8.877018335132459692e-02 2.192745464169112979e-01 3.335664334824504085e-01 -1.011002759596158485e-01 4.197862773902723971e-02
