1.000000000000000000e+00 7.719086287589077555e-01 7.719086214464059292e-01 7.719086309794177536e-01 7.719086316679464321e-01 7.719085906408275077e-01 7.719086256437983629e-01 7.719086313772340890e-01 7.719086005042796739e-01 7.719086209417237443e-01 7.719086190353733334e-01 7.719086244336331726e-01 7.719086296371114875e-01 7.719086217446339271e-01 7.719086341689564978e-01 7.719086256081447717e-01 7.719086340362396603e-01 7.719086179540692871e-01 7.719086195233603176e-01 7.719086122501197522e-01 7.719086228428999608e-01 7.719086159599610752e-01 7.719086051034059759e-01 7.719086119502153176e-01 7.719086249544189204e-01 7.719086252806856008e-01 7.719086118581878209e-01 7.719086299256047168e-01 7.719086055811532621e-01 7.719086229486531447e-01 7.719086195668380945e-01 7.719086053404223824e-01 7.719086199682756444e-01 7.719086232201608500e-01 7.719086147102179885e-01 7.719086166918877057e-01 7.719086297251481765e-01 7.719086342508919563e-01 7.719086060960737017e-01 7.719086188407981997e-01 7.719086169648009532e-01 7.719086114532242027e-01 7.719086174963514235e-01 7.719086211998079650e-01 7.719086196595676963e-01 7.719086123308037672e-01 7.719086225728665207e-01 7.719086110297211922e-01 7.719085999552613986e-01 7.719086224807916174e-01 7.719086225360429765e-01 7.719086328290114540e-01 7.719086077238841437e-01 7.719086117792125501e-01 7.719085891766718222e-01 7.719086235844209165e-01 7.719086335478182459e-01 7.719086240729461368e-01 7.719086263020756844e-01 7.719086367543469551e-01 7.719086156838954604e-01 7.719086239306143238e-01 7.719086158124575103e-01 7.719086111307055242e-01 7.719086276228719345e-01 7.719086032804298725e-01 7.719086242449393342e-01 7.719086058117089477e-01 7.719086097271651292e-01 7.719086283826029904e-01 7.719086162942305762e-01 7.719086282002554089e-01 7.719086241451247332e-01 7.719086131312854482e-01 7.719086188750515776e-01 7.719086271804929122e-01 7.719086159455413876e-01 7.719085960901024279e-01 7.719086226432234632e-01 7.719086108115930100e-01 7.719086155136963834e-01 7.719086208107094338e-01 7.719086105766587158e-01 7.719086249403899203e-01 7.719086175986196174e-01 7.719086263376182533e-01 7.719086334112669201e-01 7.719086166177089314e-01 7.719086380793557245e-01 7.719086210526692193e-01 7.719086314754884937e-01 7.719086189286663569e-01 7.719086275588815660e-01 7.719086109080023350e-01 7.719086264698375999e-01 7.719086283509404289e-01 7.719086189831861899e-01 7.719086217634019143e-01 7.719086202574421129e-01 7.719086194424916725e-01
7.719086287589077555e-01 1.000000000000000000e+00 7.719086000785663204e-01 7.719086338103207101e-01 7.719086248937321315e-01 7.719086144489389900e-01 7.719086239530632554e-01 7.719086255208135183e-01 7.719085857300864717e-01 7.719086265397738789e-01 7.719086035849286320e-01 7.719086295501785822e-01 7.719086326287661892e-01 7.719086090791600352e-01 7.719086320927628364e-01 7.719086274045768858e-01 7.719086219163934226e-01 7.719086093643665603e-01 7.719086150951625092e-01 7.719086246941897489e-01 7.719086222600870517e-01 7.719086246051155564e-01 7.719086231384146846e-01 7.719086232309817497e-01 7.719086375534547351e-01 7.719086291838876956e-01 7.719086179892202804e-01 7.719086221559995353e-01 7.719086202171313582e-01 7.719086220056932124e-01 7.719086220808347720e-01 7.719086287312382222e-01 7.719086192370138155e-01 7.719086164311522724e-01 7.719086063395855790e-01 7.719086146377913682e-01 7.719086263622635391e-01 7.719086336000766657e-01 7.719086087527611273e-01 7.719086334668029403e-01 7.719086259320289134e-01 7.719086224795249640e-01 7.719086229811388256e-01 7.719086247304246529e-01 7.719086342106952214e-01 7.719086222959210541e-01 7.719086222649974571e-01 7.719086249683234646e-01 7.719086082938926285e-01 7.719086289693505298e-01 7.719086178556788802e-01 7.719086311203290363e-01 7.719086289762032704e-01 7.719086341841406851e-01 7.719086103917887076e-01 7.719086194207549489e-01 7.719086386863137639e-01 7.719086325954231942e-01 7.719086223345457132e-01 7.719086350877273350e-01 7.719086141839982540e-01 7.719086132359666008e-01 7.719086285279751491e-01 7.719086052007447796e-01 7.719086317824936927e-01 7.719086090428730618e-01 7.719086286014357201e-01 7.719086212603561981e-01 7.719086190212381959e-01 7.719086328907593941e-01 7.719086124459038079e-01 7.719086281640853420e-01 7.719086274835863515e-01 7.719086063625755223e-01 7.719086279360091174e-01 7.719086287637537680e-01 7.719086209557350919e-01 7.719085988936542631e-01 7.719086343712867615e-01 7.719086098128677964e-01 7.719086307903447741e-01 7.719086250741842292e-01 7.719086285495248001e-01 7.719086304715844227e-01 7.719086161750973174e-01 7.719086054339653336e-01 7.719086254229912125e-01 7.719086132271180123e-01 7.719086230050246078e-01 7.719086214493112719e-01 7.719086218363010454e-01 7.719086222351961846e-01 7.719086180042473710e-01 7.719086138536611630e-01 7.719086358132065673e-01 7.719086359614540926e-01 7.719086292502446156e-01 7.719086328859513513e-01 7.719086350930230989e-01 7.719086303665994020e-01
7.719086214464059292e-01 7.719086000785663204e-01 1.000000000000000000e+00 7.719086163219823771e-01 7.719086312462989374e-01 7.719085891106081121e-01 7.719086213536002772e-01 7.719086226355720282e-01 7.719086097223826215e-01 7.719086123765471763e-01 7.719085836047224758e-01 7.719086084916059187e-01 7.719086108648980371e-01 7.719086199779837676e-01 7.719086171726696755e-01 7.719086201383154044e-01 7.719086302430611113e-01 7.719086143964916102e-01 7.719086015021418001e-01 7.719085821517617241e-01 7.719086250679166872e-01 7.719085929094614551e-01 7.719085817929413063e-01 7.719085763319664117e-01 7.719086080317917320e-01 7.719086154202796646e-01 7.719086070612362072e-01 7.719086169609832293e-01 7.719086059864669336e-01 7.719086165526201082e-01 7.719085931086301366e-01 7.719085829098513152e-01 7.719086161731887330e-01 7.719086246000763651e-01 7.719086332869173894e-01 7.719086157901714484e-01 7.719086155737473476e-01 7.719086236361846209e-01 7.719086091480006351e-01 7.719085883305432105e-01 7.719085953959108348e-01 7.719085895335344727e-01 7.719086073204532994e-01 7.719086154133860678e-01 7.719086114856790193e-01 7.719086110706200321e-01 7.719086076809829056e-01 7.719085925113332580e-01 7.719085948842295819e-01 7.719086091683925455e-01 7.719086146648831415e-01 7.719086236142522761e-01 7.719085889664970557e-01 7.719085962033166437e-01 7.719085740611741908e-01 7.719086221368902656e-01 7.719086102760350787e-01 7.719086149274656528e-01 7.719086131907837434e-01 7.719086122836618102e-01 7.719086092498702589e-01 7.719086136110593355e-01 7.719085912983472131e-01 7.719086230619947031e-01 7.719086169252945551e-01 7.719086081368953245e-01 7.719086143115575505e-01 7.719086036285449648e-01 7.719086164526995919e-01 7.719086078464973966e-01 7.719086163165158609e-01 7.719086178326527437e-01 7.719086229000866606e-01 7.719085940810673785e-01 7.719086045577955302e-01 7.719086078863182099e-01 7.719086016156473384e-01 7.719085987630978085e-01 7.719086132509987985e-01 7.719086081488810702e-01 7.719086079534910327e-01 7.719086019661065556e-01 7.719085826971109343e-01 7.719086160592971702e-01 7.719086209757580752e-01 7.719086150543966740e-01 7.719086111044540788e-01 7.719086265901651256e-01 7.719086317663093055e-01 7.719086092586667780e-01 7.719086254233019639e-01 7.719086076005590158e-01 7.719086269389136001e-01 7.719086016213695389e-01 7.719085974419467311e-01 7.719086074048052692e-01 7.719085930342887147e-01 7.719086065005920094e-01 7.719086043899860972e-01 7.719086099133153356e-01
7.719086309794177536e-01 7.719086338103207101e-01 7.719086163219823771e-01 1.000000000000000000e+00 7.719086271430832813e-01 7.719086224800548734e-01 7.719086214171898552e-01 7.719086310656199101e-01 7.719086000512983547e-01 7.719086255348019954e-01 7.719086114331685788e-01 7.719086320274149982e-01 7.719086365227407764e-01 7.719086262309617918e-01 7.719086270877284495e-01 7.719086228017302265e-01 7.719086323053511167e-01 7.719086225043743088e-01 7.719086134614755457e-01 7.719086129512273686e-01 7.719086265849575135e-01 7.719086120186290367e-01 7.719086167511609586e-01 7.719086231690819311e-01 7.719086318879155861e-01 7.719086360659563884e-01 7.719086224076037173e-01 7.719086245199238139e-01 7.719086163105428611e-01 7.719086281756120105e-01 7.719086220224956607e-01 7.719086244359800730e-01 7.719086243949260240e-01 7.719086221826091387e-01 7.719086165247927012e-01 7.719086171382468775e-01 7.719086176338244565e-01 7.719086337330691716e-01 7.719086073352435795e-01 7.719086317261624197e-01 7.719086181384351431e-01 7.719086238677386191e-01 7.719086175484304313e-01 7.719086234173605510e-01 7.719086317245029694e-01 7.719086265129276869e-01 7.719086205028228287e-01 7.719086312418677043e-01 7.719086035973707904e-01 7.719086234064413965e-01 7.719086190107886658e-01 7.719086368674850096e-01 7.719086154169372271e-01 7.719086290720638122e-01 7.719085998542370985e-01 7.719086197176256992e-01 7.719086306506914852e-01 7.719086374806213291e-01 7.719086201436801131e-01 7.719086295663528663e-01 7.719086139372496325e-01 7.719086311662510802e-01 7.719086209518009056e-01 7.719086050611086991e-01 7.719086296164455741e-01 7.719086137870895259e-01 7.719086305367892642e-01 7.719086268697659126e-01 7.719086312765706115e-01 7.719086392704977984e-01 7.719086173365156123e-01 7.719086317255543506e-01 7.719086225464710793e-01 7.719086050405437049e-01 7.719086198887010752e-01 7.719086290415443363e-01 7.719086150316279982e-01 7.719086113926837411e-01 7.719086378508696056e-01 7.719085987573489627e-01 7.719086264531463959e-01 7.719086141848845450e-01 7.719086155841022867e-01 7.719086294022299288e-01 7.719086345015648831e-01 7.719086190361850175e-01 7.719086278321896089e-01 7.719086204529311823e-01 7.719086329374439392e-01 7.719086356003088678e-01 7.719086275158955068e-01 7.719086124207726884e-01 7.719086276556346160e-01 7.719086207454012305e-01 7.719086315092450468e-01 7.719086288935959050e-01 7.719086082302328844e-01 7.719086283254633640e-01 7.719086329476589903e-01 7.719086238785402010e-01
7.719086316679464321e-01 7.719086248937321315e-01 7.719086312462989374e-01 7.719086271430832813e-01 1.000000000000000000e+00 7.719086035804535451e-01 7.719086317440464473e-01 7.719086354224053981e-01 7.719086097703056204e-01 7.719086307868325836e-01 7.719085965221605949e-01 7.719086199068433407e-01 7.719086288616319180e-01 7.719086205056172600e-01 7.719086312502807523e-01 7.719086350422981191e-01 7.719086283166384233e-01 7.719086168771417400e-01 7.719086154733456606e-01 7.719086062740168064e-01 7.719086297104955641e-01 7.719086129549650455e-01 7.719085976474550082e-01 7.719086064512978851e-01 7.719086292203721777e-01 7.719086272831842122e-01 7.719086210949378524e-01 7.719086298485928754e-01 7.719086232055732966e-01 7.719086320124055600e-01 7.719086210313442775e-01 7.719086088987429095e-01 7.719086276800625201e-01 7.719086354442482589e-01 7.719086292575774166e-01 7.719086238033565639e-01 7.719086347148250704e-01 7.719086365220997337e-01 7.719086274294493233e-01 7.719086168008065796e-01 7.719086180637251271e-01 7.719086195591429167e-01 7.719086220613415872e-01 7.719086306867509739e-01 7.719086303883440081e-01 7.719086190390618274e-01 7.719086144146664052e-01 7.719086093388921599e-01 7.719086115373785528e-01 7.719086177714725716e-01 7.719086363325038391e-01 7.719086373980008631e-01 7.719086154548527867e-01 7.719086190565800365e-01 7.719086004069850571e-01 7.719086333268780908e-01 7.719086319175317845e-01 7.719086272324068299e-01 7.719086328030738686e-01 7.719086253195345249e-01 7.719086277120785766e-01 7.719086112576383218e-01 7.719086177298642992e-01 7.719086334595867127e-01 7.719086297541599695e-01 7.719086199822644545e-01 7.719086292233686697e-01 7.719086180656445917e-01 7.719086254386678947e-01 7.719086220921683728e-01 7.719086241511893265e-01 7.719086263134690151e-01 7.719086366422280854e-01 7.719086106411110482e-01 7.719086286898305671e-01 7.719086263650429824e-01 7.719086205578891136e-01 7.719086149096346938e-01 7.719086249943826195e-01 7.719086225478062335e-01 7.719086283055016651e-01 7.719086189149201305e-01 7.719086190171230433e-01 7.719086305631557288e-01 7.719086254944215186e-01 7.719086171266311691e-01 7.719086201402703962e-01 7.719086349249743018e-01 7.719086341454062250e-01 7.719086195649537130e-01 7.719086358264711789e-01 7.719086199457568798e-01 7.719086348727773883e-01 7.719086183636246767e-01 7.719086148957239324e-01 7.719086321815842311e-01 7.719086144636685409e-01 7.719086280931479749e-01 7.719086193174110599e-01 7.719086240521640940e-01
7.719085906408275077e-01 7.719086144489389900e-01 7.719085891106081121e-01 7.719086224800548734e-01 7.719086035804535451e-01 1.000000000000000000e+00 7.719086060073405697e-01 7.719086025186003841e-01 7.719086009031742579e-01 7.719086219622645073e-01 7.719085763018509461e-01 7.719086200960275645e-01 7.719086214209450736e-01 7.719086134079252703e-01 7.719086080841270903e-01 7.719086138498112426e-01 7.719086031664550429e-01 7.719086128533479974e-01 7.719085929117254219e-01 7.719086003903042892e-01 7.719086181188239415e-01 7.719086007924765847e-01 7.719086123697763702e-01 7.719086153919414439e-01 7.719086258342242601e-01 7.719086222027702338e-01 7.719086093759124356e-01 7.719086024413931435e-01 7.719086246803266160e-01 7.719086210481711507e-01 7.719085963516313376e-01 7.719086267312038618e-01 7.719086180290667398e-01 7.719086090416938939e-01 7.719085995880982098e-01 7.719086048321669447e-01 7.719085914059833353e-01 7.719086130811099178e-01 7.719086100630649927e-01 7.719086161297251669e-01 7.719085937912907314e-01 7.719086176358397333e-01 7.719085942904904130e-01 7.719086184171449760e-01 7.719086221754114518e-01 7.719086303313748010e-01 7.719085945349354327e-01 7.719086289702282722e-01 7.719086122495333324e-01 7.719086040173989138e-01 7.719085945412248462e-01 7.719086132340640116e-01 7.719086028516830567e-01 7.719086187918510200e-01 7.719086085575083134e-01 7.719085973562755942e-01 7.719086061453462877e-01 7.719086333748864659e-01 7.719085956927973502e-01 7.719085943067340860e-01 7.719085866362123127e-01 7.719085964717194992e-01 7.719086059534638888e-01 7.719085856352396746e-01 7.719086154301103564e-01 7.719086126712683127e-01 7.719086111444066756e-01 7.719086199406282045e-01 7.719086306295223077e-01 7.719086157758240363e-01 7.719086131040194809e-01 7.719086145691398393e-01 7.719086083907849005e-01 7.719085956572547813e-01 7.719086073559274785e-01 7.719086117984762518e-01 7.719085972738007895e-01 7.719086199681567395e-01 7.719086275480301351e-01 7.719085928153816001e-01 7.719086222391754459e-01 7.719086002893480458e-01 7.719086060320619058e-01 7.719086222559291555e-01 7.719086234150545067e-01 7.719085878527121025e-01 7.719085891202251970e-01 7.719086111790987026e-01 7.719086039457431214e-01 7.719086261426275630e-01 7.719085992541432351e-01 7.719085908399041518e-01 7.719086127918732831e-01 7.719086079118643307e-01 7.719086174287784763e-01 7.719086101495720165e-01 7.719085822117575102e-01 7.719086140507165350e-01 7.719086253348488302e-01 7.719086088522381095e-01
7.719086256437983629e-01 7.719086239530632554e-01 7.719086213536002772e-01 7.719086214171898552e-01 7.719086317440464473e-01 7.719086060073405697e-01 1.000000000000000000e+00 7.719086194331403750e-01 7.719086164799838778e-01 7.719086244152173482e-01 7.719085981332441948e-01 7.719086312576736164e-01 7.719086199666377324e-01 7.719086114124671383e-01 7.719086353504193143e-01 7.719086384970168524e-01 7.719086194464422901e-01 7.719086174096304598e-01 7.719086354281787798e-01 7.719086054520454265e-01 7.719086388943424692e-01 7.719086121224386643e-01 7.719086229777110120e-01 7.719086069906027081e-01 7.719086294219624778e-01 7.719086235911489791e-01 7.719086118237895588e-01 7.719086301584610066e-01 7.719086337747054216e-01 7.719086306698067501e-01 7.719086126371156320e-01 7.719086195452729005e-01 7.719086205869752915e-01 7.719086275206363812e-01 7.719086286090799387e-01 7.719086393694946091e-01 7.719086370741010672e-01 7.719086339598429936e-01 7.719086198811084820e-01 7.719086126169620865e-01 7.719086080221525537e-01 7.719086166285401562e-01 7.719086248642962333e-01 7.719086353173651993e-01 7.719086289725272110e-01 7.719086204824321396e-01 7.719086295928097030e-01 7.719086208834659013e-01 7.719086290064958167e-01 7.719086169018987142e-01 7.719086206629464098e-01 7.719086297205838276e-01 7.719086168636378753e-01 7.719086156362235940e-01 7.719086140561225440e-01 7.719086335563976053e-01 7.719086303492118661e-01 7.719086284338176895e-01 7.719086250342090949e-01 7.719086273808314358e-01 7.719086166959130413e-01 7.719086118499309812e-01 7.719086185234445008e-01 7.719086306434046474e-01 7.719086348669766950e-01 7.719086234722107864e-01 7.719086177190249698e-01 7.719086178771124018e-01 7.719086220441497836e-01 7.719086145521203424e-01 7.719086259966964070e-01 7.719086372095008697e-01 7.719086297878081648e-01 7.719086220004242049e-01 7.719086352049894240e-01 7.719086217657367133e-01 7.719086215160644304e-01 7.719086103111900687e-01 7.719086267387262890e-01 7.719086228674681971e-01 7.719086329089386300e-01 7.719086279414921759e-01 7.719086167747172267e-01 7.719086322972678049e-01 7.719086111040706077e-01 7.719086054067831881e-01 7.719086155999489440e-01 7.719086252680953386e-01 7.719086259811163142e-01 7.719086091715625653e-01 7.719086272897116574e-01 7.719086332627248526e-01 7.719086271127471033e-01 7.719086221022251060e-01 7.719086221842105244e-01 7.719086230368000789e-01 7.719086230793437142e-01 7.719086296824398952e-01 7.719086262302502499e-01 7.719086133983873443e-01
7.719086313772340890e-01 7.719086255208135183e-01 7.719086226355720282e-01 7.719086310656199101e-01 7.719086354224053981e-01 7.719086025186003841e-01 7.719086194331403750e-01 1.000000000000000000e+00 7.719085909150529279e-01 7.719086213065184943e-01 7.719085880805117705e-01 7.719086106307960771e-01 7.719086270956424523e-01 7.719086247550716040e-01 7.719086263300654061e-01 7.719086228772377156e-01 7.719086319911153682e-01 7.719086031536678272e-01 7.719086035846960403e-01 7.719086177826163242e-01 7.719086202992337942e-01 7.719086171996886181e-01 7.719085940977574722e-01 7.719086165795457921e-01 7.719086229366671770e-01 7.719086236957868330e-01 7.719086340894312226e-01 7.719086218098650809e-01 7.719086118135575214e-01 7.719086281146900763e-01 7.719086145197988635e-01 7.719086134551660372e-01 7.719086221042641416e-01 7.719086256266535218e-01 7.719086224873119573e-01 7.719086082521130487e-01 7.719086235427222720e-01 7.719086337827781863e-01 7.719086117987297158e-01 7.719086142671381934e-01 7.719086310330104395e-01 7.719086182754032466e-01 7.719086270246998671e-01 7.719086161924976208e-01 7.719086229121778775e-01 7.719086080882781031e-01 7.719086166872303201e-01 7.719086079147773338e-01 7.719085969677189629e-01 7.719086189505307560e-01 7.719086265499262023e-01 7.719086377987147696e-01 7.719086215097364922e-01 7.719086246152752073e-01 7.719086040889281408e-01 7.719086246483142233e-01 7.719086264030236011e-01 7.719086241552605143e-01 7.719086361638414218e-01 7.719086266653967243e-01 7.719086219725534992e-01 7.719086106813258796e-01 7.719086282201796934e-01 7.719086157414815075e-01 7.719086160144668085e-01 7.719085991322723883e-01 7.719086196466925509e-01 7.719086221177089424e-01 7.719086233027525612e-01 7.719086338138914094e-01 7.719086118132657548e-01 7.719086171765051629e-01 7.719086309546828728e-01 7.719086037910130038e-01 7.719086230103076041e-01 7.719086261527255965e-01 7.719086288758797432e-01 7.719086024841103066e-01 7.719086279765903225e-01 7.719086107459837143e-01 7.719086226734597211e-01 7.719086171780249472e-01 7.719086236503642784e-01 7.719086185917969356e-01 7.719086280484649398e-01 7.719086090304263514e-01 7.719086127239310757e-01 7.719086312635718983e-01 7.719086315319216851e-01 7.719086218161558266e-01 7.719086342787333521e-01 7.719086074561101185e-01 7.719086325910941015e-01 7.719086029249746517e-01 7.719086129940048169e-01 7.719086313291357859e-01 7.719086069074855283e-01 7.719086170271665104e-01 7.719086151401427509e-01 7.719086265991011997e-01
7.719086005042796739e-01 7.719085857300864717e-01 7.719086097223826215e-01 7.719086000512983547e-01 7.719086097703056204e-01 7.719086009031742579e-01 7.719086164799838778e-01 7.719085909150529279e-01 1.000000000000000000e+00 7.719086205035861070e-01 7.719086036717682786e-01 7.719086151828560283e-01 7.719086096792090457e-01 7.719086176873064531e-01 7.719086127189961344e-01 7.719086212397683333e-01 7.719086008937131593e-01 7.719086316579328866e-01 7.719086111344776180e-01 7.719085674220169668e-01 7.719086223324440610e-01 7.719085821340809783e-01 7.719085874893090171e-01 7.719085895535003905e-01 7.719086091007235639e-01 7.719086109289480246e-01 7.719085750320624495e-01 7.719086204378141636e-01 7.719086141075014451e-01 7.719086229556382239e-01 7.719085954073693356e-01 7.719085853483111936e-01 7.719086216645605347e-01 7.719086196745948980e-01 7.719086051719658004e-01 7.719086189452941671e-01 7.719086031187811781e-01 7.719086095897397248e-01 7.719086227133696854e-01 7.719085886529635232e-01 7.719085596336012767e-01 7.719086034552601339e-01 7.719085728994397044e-01 7.719086236148871016e-01 7.719085979768022243e-01 7.719086163817598933e-01 7.719085833980779965e-01 7.719086044807912383e-01 7.719086225410427549e-01 7.719085819663299430e-01 7.719086031473547660e-01 7.719086039894906826e-01 7.719085581056138734e-01 7.719085678845664100e-01 7.719085802155899456e-01 7.719086063638719297e-01 7.719085982103663923e-01 7.719086150125262780e-01 7.719085950303650190e-01 7.719085846399414974e-01 7.719085875315395695e-01 7.719085916539708547e-01 7.719085739983371219e-01 7.719086029216638556e-01 7.719086148806116876e-01 7.719086198447144831e-01 7.719085981881076419e-01 7.719085809874650650e-01 7.719086049406662653e-01 7.719085841095061351e-01 7.719086243667035996e-01 7.719086158365365824e-01 7.719085985197708943e-01 7.719086227088097774e-01 7.719085970054831991e-01 7.719086077171301019e-01 7.719085759826086468e-01 7.719086273829287581e-01 7.719085946043665603e-01 7.719086074054127833e-01 7.719086006372791742e-01 7.719085976411927952e-01 7.719085761425125147e-01 7.719086215564744391e-01 7.719086046572796178e-01 7.719086167641092677e-01 7.719085921602547584e-01 7.719086123600086280e-01 7.719086157024099837e-01 7.719086127738264969e-01 7.719086070182175074e-01 7.719085946751798044e-01 7.719086205483369767e-01 7.719086114671730448e-01 7.719085998819000816e-01 7.719085952522508620e-01 7.719085694800711384e-01 7.719086023950924025e-01 7.719086000251703661e-01 7.719085764222785029e-01
7.719086209417237443e-01 7.719086265397738789e-01 7.719086123765471763e-01 7.719086255348019954e-01 7.719086307868325836e-01 7.719086219622645073e-01 7.719086244152173482e-01 7.719086213065184943e-01 7.719086205035861070e-01 1.000000000000000000e+00 7.719086063491297223e-01 7.719086260172198788e-01 7.719086342594821959e-01 7.719086220320448000e-01 7.719086305459925690e-01 7.719086362496231368e-01 7.719086199658874436e-01 7.719086283199335652e-01 7.719086089221151026e-01 7.719086092190747816e-01 7.719086280199967121e-01 7.719086194324223937e-01 7.719086056677660901e-01 7.719086148578926387e-01 7.719086381414865805e-01 7.719086327725309671e-01 7.719086080098219727e-01 7.719086315680228072e-01 7.719086284511098572e-01 7.719086314203809085e-01 7.719086231961456157e-01 7.719086145091155204e-01 7.719086384870319506e-01 7.719086288447647437e-01 7.719086136509534235e-01 7.719086170006334013e-01 7.719086223986193485e-01 7.719086331694536840e-01 7.719086375495581853e-01 7.719086229975109514e-01 7.719086095956919635e-01 7.719086265121507529e-01 7.719086061890390038e-01 7.719086333483804463e-01 7.719086301786088899e-01 7.719086319855006373e-01 7.719086000555326343e-01 7.719086181414609449e-01 7.719086249198784389e-01 7.719086194068354168e-01 7.719086268024695219e-01 7.719086274500386313e-01 7.719086068230841535e-01 7.719086157325880659e-01 7.719086068272458245e-01 7.719086233260686880e-01 7.719086313569352154e-01 7.719086335795980469e-01 7.719086218201381966e-01 7.719086153869767486e-01 7.719086181440516503e-01 7.719085995658784283e-01 7.719086119180968986e-01 7.719086148183611495e-01 7.719086318951435821e-01 7.719086273803414944e-01 7.719086280569585901e-01 7.719086115104262236e-01 7.719086217454281806e-01 7.719086180247990425e-01 7.719086255888880643e-01 7.719086237603933753e-01 7.719086278552350633e-01 7.719086219994953924e-01 7.719086198059391668e-01 7.719086335381272201e-01 7.719086062463538234e-01 7.719086279274243179e-01 7.719086227970080039e-01 7.719086255289288045e-01 7.719086279115957572e-01 7.719086219851699626e-01 7.719086180888977688e-01 7.719086393596134021e-01 7.719086215694905828e-01 7.719086220268098764e-01 7.719086147157644406e-01 7.719086288120389217e-01 7.719086268973610609e-01 7.719086299721503730e-01 7.719086261836483054e-01 7.719086155283073625e-01 7.719086284373255502e-01 7.719086182616677894e-01 7.719086251738586091e-01 7.719086344545877942e-01 7.719086100382593907e-01 7.719086303553334139e-01 7.719086280797643473e-01 7.719086227270874900e-01
7.719086190353733334e-01 7.719086035849286320e-01 7.719085836047224758e-01 7.719086114331685788e-01 7.719085965221605949e-01 7.719085763018509461e-01 7.719085981332441948e-01 7.719085880805117705e-01 7.719086036717682786e-01 7.719086063491297223e-01 1.000000000000000000e+00 7.719086205000532663e-01 7.719086182981819144e-01 7.719086016619861601e-01 7.719086082615408406e-01 7.719086003492656722e-01 7.719086012691017684e-01 7.719086257771901050e-01 7.719086075428933658e-01 7.719085680508477321e-01 7.719085985347970968e-01 7.719085754081986828e-01 7.719085891621610962e-01 7.719085970002146357e-01 7.719086062571337559e-01 7.719086130835123294e-01 7.719085557597503700e-01 7.719086173177897026e-01 7.719085777861833808e-01 7.719086022023706750e-01 7.719086156244484576e-01 7.719085782679657726e-01 7.719086037942268774e-01 7.719085981568519772e-01 7.719085706475331543e-01 7.719085989157186134e-01 7.719085975761851293e-01 7.719086055752709674e-01 7.719085865364936350e-01 7.719086135423000039e-01 7.719085619219823169e-01 7.719086007290996143e-01 7.719085623747115044e-01 7.719086056086965630e-01 7.719085941701284703e-01 7.719086017665762744e-01 7.719085826814670037e-01 7.719086065889753101e-01 7.719085854496956500e-01 7.719085852380361823e-01 7.719085984014626423e-01 7.719086031223441058e-01 7.719085518486699105e-01 7.719085697111103261e-01 7.719085463600584562e-01 7.719085907742191388e-01 7.719086109977777443e-01 7.719086077289534220e-01 7.719085829122811493e-01 7.719086039317736292e-01 7.719085831214327342e-01 7.719086148970419892e-01 7.719085697097253229e-01 7.719085715915224855e-01 7.719086147884932636e-01 7.719085989254016456e-01 7.719086085463446878e-01 7.719085671542958993e-01 7.719085818686608480e-01 7.719085987020355422e-01 7.719085997259548249e-01 7.719086149297725852e-01 7.719085786979807962e-01 7.719086046595903250e-01 7.719085830427261374e-01 7.719086099801188983e-01 7.719085596276814565e-01 7.719085960721409068e-01 7.719085914278970284e-01 7.719085721698797364e-01 7.719085839358308387e-01 7.719085858766434605e-01 7.719085706988690898e-01 7.719086130577640370e-01 7.719085944525492238e-01 7.719086298954379588e-01 7.719086252466674791e-01 7.719085771857877587e-01 7.719086165185422566e-01 7.719086155756200718e-01 7.719086009514393165e-01 7.719085899728350686e-01 7.719085998050282393e-01 7.719086122196366917e-01 7.719086168123342473e-01 7.719085995747997364e-01 7.719085801497065358e-01 7.719086067743466950e-01 7.719086037594656835e-01 7.719085729113839278e-01
7.719086244336331726e-01 7.719086295501785822e-01 7.719086084916059187e-01 7.719086320274149982e-01 7.719086199068433407e-01 7.719086200960275645e-01 7.719086312576736164e-01 7.719086106307960771e-01 7.719086151828560283e-01 7.719086260172198788e-01 7.719086205000532663e-01 1.000000000000000000e+00 7.719086299884290181e-01 7.719086141339396301e-01 7.719086298569700633e-01 7.719086293946635369e-01 7.719086192651930523e-01 7.719086308280658226e-01 7.719086303421416329e-01 7.719086009999125420e-01 7.719086333836451264e-01 7.719086056628452486e-01 7.719086309565936777e-01 7.719086150006366776e-01 7.719086334672017324e-01 7.719086330701995236e-01 7.719085999617009142e-01 7.719086282814237032e-01 7.719086252691119698e-01 7.719086259950799223e-01 7.719086202104233907e-01 7.719086231481200322e-01 7.719086216007545742e-01 7.719086191482732451e-01 7.719086124478373723e-01 7.719086320174722848e-01 7.719086221926673153e-01 7.719086298911919108e-01 7.719086106596334540e-01 7.719086288603357326e-01 7.719085976356883094e-01 7.719086207880916373e-01 7.719086084918808099e-01 7.719086324247060871e-01 7.719086307468905339e-01 7.719086312094224356e-01 7.719086217545596540e-01 7.719086359544670151e-01 7.719086216230321984e-01 7.719086176177764047e-01 7.719086120889214753e-01 7.719086266450064793e-01 7.719086051197515674e-01 7.719086166577612262e-01 7.719086007489508461e-01 7.719086204588242461e-01 7.719086306685314369e-01 7.719086363252311012e-01 7.719086083450164004e-01 7.719086256970910664e-01 7.719086064259750302e-01 7.719086268830498421e-01 7.719086090809362810e-01 7.719086080419119700e-01 7.719086386477667094e-01 7.719086264987572443e-01 7.719086260299370394e-01 7.719086163973516435e-01 7.719086234693290915e-01 7.719086220559403522e-01 7.719086228354469226e-01 7.719086404441590776e-01 7.719086158714435486e-01 7.719086165466391147e-01 7.719086221822901717e-01 7.719086246759478964e-01 7.719086030553712341e-01 7.719086146229653389e-01 7.719086308566328603e-01 7.719086033822560866e-01 7.719086275838059619e-01 7.719086177598384335e-01 7.719086070379342912e-01 7.719086359871686343e-01 7.719086180251878426e-01 7.719086171146104514e-01 7.719086276202450358e-01 7.719086108932621260e-01 7.719086258493874642e-01 7.719086255043352551e-01 7.719086188936643556e-01 7.719086246418431774e-01 7.719086196591367077e-01 7.719086301831281638e-01 7.719086356256958936e-01 7.719086210512893231e-01 7.719086146447844410e-01 7.719086333957131396e-01 7.719086364757005159e-01 7.719086100087851898e-01
7.719086296371114875e-01 7.719086326287661892e-01 7.719086108648980371e-01 7.719086365227407764e-01 7.719086288616319180e-01 7.719086214209450736e-01 7.719086199666377324e-01 7.719086270956424523e-01 7.719086096792090457e-01 7.719086342594821959e-01 7.719086182981819144e-01 7.719086299884290181e-01 1.000000000000000000e+00 7.719086281161557928e-01 7.719086298495581033e-01 7.719086274817938964e-01 7.719086254755569421e-01 7.719086290593020205e-01 7.719086122007163819e-01 7.719086140261790518e-01 7.719086215647057436e-01 7.719086155056560372e-01 7.719086065511961969e-01 7.719086267915697963e-01 7.719086361251318307e-01 7.719086315507455165e-01 7.719086140801733054e-01 7.719086244484920645e-01 7.719086169818728527e-01 7.719086323624776425e-01 7.719086248648766579e-01 7.719086193161330822e-01 7.719086273470319171e-01 7.719086312118889071e-01 7.719086046175572813e-01 7.719086139493337440e-01 7.719086218059183491e-01 7.719086302112130316e-01 7.719086201389223634e-01 7.719086353502447873e-01 7.719086095507808887e-01 7.719086268373364090e-01 7.719086037537090661e-01 7.719086315089470629e-01 7.719086285241479883e-01 7.719086315222838390e-01 7.719086067209672830e-01 7.719086257197843581e-01 7.719086069228509039e-01 7.719086161112425071e-01 7.719086266693854226e-01 7.719086323692471163e-01 7.719086070563196955e-01 7.719086194591833205e-01 7.719085949813654368e-01 7.719086134424223422e-01 7.719086309023699410e-01 7.719086373070013218e-01 7.719086179719560903e-01 7.719086228987458442e-01 7.719086082103628899e-01 7.719086195835076492e-01 7.719086144658540150e-01 7.719086053678478887e-01 7.719086319650976247e-01 7.719086157764537548e-01 7.719086357340829707e-01 7.719086119826009673e-01 7.719086256267960744e-01 7.719086296730062191e-01 7.719086280715987680e-01 7.719086270303523456e-01 7.719086254125513413e-01 7.719086099977970905e-01 7.719086200568975320e-01 7.719086277901754389e-01 7.719086093177559560e-01 7.719086214397448131e-01 7.719086283791731784e-01 7.719086095716286566e-01 7.719086219202229149e-01 7.719086119772858856e-01 7.719086175655465176e-01 7.719086332538500628e-01 7.719086324450188386e-01 7.719086247612123586e-01 7.719086285986234142e-01 7.719086181489044352e-01 7.719086332802723716e-01 7.719086375032019331e-01 7.719086223469181496e-01 7.719086049776666680e-01 7.719086318664206692e-01 7.719086229073878203e-01 7.719086325471965493e-01 7.719086306334650427e-01 7.719086064349757192e-01 7.719086276068718444e-01 7.719086270108871384e-01 7.719086215786402638e-01
7.719086217446339271e-01 7.719086090791600352e-01 7.719086199779837676e-01 7.719086262309617918e-01 7.719086205056172600e-01 7.719086134079252703e-01 7.719086114124671383e-01 7.719086247550716040e-01 7.719086176873064531e-01 7.719086220320448000e-01 7.719086016619861601e-01 7.719086141339396301e-01 7.719086281161557928e-01 1.000000000000000000e+00 7.719086238125295596e-01 7.719086180327483504e-01 7.719086311413094759e-01 7.719086241455751507e-01 7.719086003146244934e-01 7.719086104717672869e-01 7.719086194625313091e-01 7.719086129366082849e-01 7.719085915073191639e-01 7.719086169149100840e-01 7.719086182447013611e-01 7.719086184969338182e-01 7.719086173867266698e-01 7.719086162821388042e-01 7.719086070441928404e-01 7.719086291687390355e-01 7.719085955409774602e-01 7.719086046262761958e-01 7.719086248531839001e-01 7.719086262235124174e-01 7.719086099381603505e-01 7.719086039566462887e-01 7.719086054554580301e-01 7.719086217044480724e-01 7.719086115754285604e-01 7.719086038882747580e-01 7.719086018977412422e-01 7.719086075174916850e-01 7.719085978362609790e-01 7.719086182881315095e-01 7.719086050328175519e-01 7.719086213029020538e-01 7.719086042606040365e-01 7.719086106249923862e-01 7.719086019136360832e-01 7.719086091142439710e-01 7.719086068298073311e-01 7.719086221741803255e-01 7.719085899792741401e-01 7.719085987775891056e-01 7.719085920391021149e-01 7.719086040793076142e-01 7.719086087943766161e-01 7.719086280403021361e-01 7.719086146810901772e-01 7.719086102871368649e-01 7.719085904633324891e-01 7.719086107430245258e-01 7.719086059175385151e-01 7.719085926128366193e-01 7.719086127894524418e-01 7.719085960575153837e-01 7.719086115398077208e-01 7.719086004805675305e-01 7.719086183991068495e-01 7.719086221152735572e-01 7.719086261719741993e-01 7.719086149351332971e-01 7.719086171054186929e-01 7.719086124323736309e-01 7.719086035972042570e-01 7.719086180560930099e-01 7.719086089744029433e-01 7.719086137263814207e-01 7.719086185275877421e-01 7.719086098484799763e-01 7.719086050432604207e-01 7.719086086757510623e-01 7.719085986838861713e-01 7.719086183769621190e-01 7.719086311170672010e-01 7.719086213225239135e-01 7.719086076228192095e-01 7.719086207767026364e-01 7.719086337671605680e-01 7.719086330574248533e-01 7.719086179149664551e-01 7.719085886294794197e-01 7.719086357272799681e-01 7.719085977498927331e-01 7.719086166645481306e-01 7.719086126642186185e-01 7.719085832744277953e-01 7.719086000498797118e-01 7.719086094173371881e-01 7.719086116242710460e-01
7.719086341689564978e-01 7.719086320927628364e-01 7.719086171726696755e-01 7.719086270877284495e-01 7.719086312502807523e-01 7.719086080841270903e-01 7.719086353504193143e-01 7.719086263300654061e-01 7.719086127189961344e-01 7.719086305459925690e-01 7.719086082615408406e-01 7.719086298569700633e-01 7.719086298495581033e-01 7.719086238125295596e-01 1.000000000000000000e+00 7.719086378503307033e-01 7.719086295254763419e-01 7.719086204902427806e-01 7.719086266391750328e-01 7.719086260764153051e-01 7.719086328288082832e-01 7.719086315122122288e-01 7.719086206103326075e-01 7.719086193991533396e-01 7.719086352721272748e-01 7.719086246424065045e-01 7.719086172298583737e-01 7.719086305535726167e-01 7.719086262856880154e-01 7.719086305907919554e-01 7.719086119813988178e-01 7.719086204592465750e-01 7.719086266718298006e-01 7.719086280738063355e-01 7.719086180668350838e-01 7.719086254964175886e-01 7.719086345510149938e-01 7.719086363317851918e-01 7.719086205387830635e-01 7.719086174120045607e-01 7.719086195218821667e-01 7.719086158184338409e-01 7.719086227290443691e-01 7.719086331900162357e-01 7.719086246630453285e-01 7.719086249756665907e-01 7.719086280871447769e-01 7.719086181662087043e-01 7.719086233619719684e-01 7.719086286018346232e-01 7.719086182395840101e-01 7.719086292008264794e-01 7.719086191974556810e-01 7.719086173357945224e-01 7.719086145005646937e-01 7.719086253535145659e-01 7.719086347528302250e-01 7.719086319936915297e-01 7.719086284386800223e-01 7.719086347778505441e-01 7.719086104396690740e-01 7.719086101157793811e-01 7.719086245456209250e-01 7.719086151161149711e-01 7.719086334882605538e-01 7.719086107778958539e-01 7.719086213001867813e-01 7.719086099700899206e-01 7.719086152395825406e-01 7.719086238389817334e-01 7.719086285387822821e-01 7.719086318844099459e-01 7.719086331523300482e-01 7.719086265165616689e-01 7.719086297010521180e-01 7.719086290035152009e-01 7.719086259899518021e-01 7.719086057247432908e-01 7.719086277346772773e-01 7.719086309054388195e-01 7.719086267548056490e-01 7.719086354032985708e-01 7.719086219459841969e-01 7.719086335667754151e-01 7.719086146198649301e-01 7.719086162306263432e-01 7.719086227564804226e-01 7.719086225986844241e-01 7.719086332962533659e-01 7.719086199451393737e-01 7.719086268974808540e-01 7.719086269158861313e-01 7.719086310311683574e-01 7.719086102819024964e-01 7.719086335190942227e-01 7.719086311755593011e-01 7.719086287473838626e-01 7.719086249771206498e-01 7.719086281663037896e-01 7.719086263019834249e-01
7.719086256081447717e-01 7.719086274045768858e-01 7.719086201383154044e-01 7.719086228017302265e-01 7.719086350422981191e-01 7.719086138498112426e-01 7.719086384970168524e-01 7.719086228772377156e-01 7.719086212397683333e-01 7.719086362496231368e-01 7.719086003492656722e-01 7.719086293946635369e-01 7.719086274817938964e-01 7.719086180327483504e-01 7.719086378503307033e-01 1.000000000000000000e+00 7.719086217371524672e-01 7.719086227875445738e-01 7.719086258553340407e-01 7.719086129764565207e-01 7.719086369889307520e-01 7.719086223185717133e-01 7.719086169231995642e-01 7.719086118143391184e-01 7.719086365829349594e-01 7.719086278457574224e-01 7.719086134060255677e-01 7.719086332323398247e-01 7.719086359121939411e-01 7.719086336182162666e-01 7.719086171909089744e-01 7.719086191468956804e-01 7.719086317338996750e-01 7.719086317286081300e-01 7.719086251074610550e-01 7.719086317304050260e-01 7.719086354751552026e-01 7.719086365380924963e-01 7.719086333710539760e-01 7.719086166807448413e-01 7.719086131410329843e-01 7.719086217885315904e-01 7.719086206584993004e-01 7.719086381012358888e-01 7.719086312367365865e-01 7.719086278720626026e-01 7.719086192206188191e-01 7.719086185322217020e-01 7.719086323109852765e-01 7.719086221307400741e-01 7.719086260502261432e-01 7.719086299103231630e-01 7.719086171085759451e-01 7.719086175183462739e-01 7.719086166736985888e-01 7.719086322951547174e-01 7.719086337526820385e-01 7.719086321037407217e-01 7.719086281425022733e-01 7.719086248318068888e-01 7.719086197032531960e-01 7.719086032122046692e-01 7.719086194677627910e-01 7.719086281339643252e-01 7.719086358809137405e-01 7.719086265172546701e-01 7.719086234053144091e-01 7.719086154125585075e-01 7.719086221877914378e-01 7.719086160974216737e-01 7.719086297459555324e-01 7.719086321843848797e-01 7.719086345728233267e-01 7.719086265902846966e-01 7.719086324894890438e-01 7.719086293130441589e-01 7.719086200244102969e-01 7.719086193153775755e-01 7.719086260028091839e-01 7.719086330312128208e-01 7.719086336669764847e-01 7.719086314096151868e-01 7.719086219792204995e-01 7.719086383050071110e-01 7.719086153360271707e-01 7.719086133011455741e-01 7.719086153623317959e-01 7.719086308347842262e-01 7.719086283309188889e-01 7.719086179471006393e-01 7.719086291105754505e-01 7.719086295645862794e-01 7.719086308120637341e-01 7.719086194286233216e-01 7.719086253484185312e-01 7.719086317532897201e-01 7.719086233671574870e-01 7.719086315075288640e-01 7.719086283957112826e-01 7.719086223939942704e-01
