1.000000000000000000e+00 1.257608175031494913e-01 1.387337714482925477e-01 8.724788314669525147e-02 -2.778939615039250494e-02 3.312596509022323887e-02 -2.591389664064939341e-02 9.348153275841554477e-02 1.713856970012271261e-02 1.606887453498717089e-01 1.551790503372047630e-02 3.709592205279869243e-02 -1.450134673744622182e-01 -2.054653801181935135e-01 -1.805254667547488978e-01 2.654128438705972148e-01 -9.441582715066682008e-02 -1.617793189548073218e-01 -2.134965263463068919e-01 -5.766992711748687717e-02 -1.431222977063659751e-01 -1.608870431514954347e-01 -2.230295282360934273e-01 -7.357637644598359616e-02 1.643104758473963589e-01 1.061773352047731406e-01 -1.587067374152880683e-01 -2.051022051648992428e-01 -1.133330061501981872e-01 -3.056355796149150539e-01 2.499719532441677661e-01 1.826820481408501784e-01 7.374402623203582530e-02 -1.368223635970082508e-01 -8.847429860430634785e-02 -7.552837597659445290e-02 -1.313749456002519522e-01 9.847032530142812989e-02 -6.784734713402600093e-02 3.037485506822718700e-03 -3.288906528194005668e-02 2.755569958751153403e-01 1.071214350030160328e-01 9.751413120456453587e-02 8.688746483355992700e-02 -2.396180096444694152e-01 -2.777768795399656043e-01 -1.715197189125036714e-01 5.728444911412175489e-02 -9.826494456307977021e-02 5.039576223132136157e-01 2.674678824499664986e-01 2.990701673761206880e-01 -4.244528852207322955e-03 5.607713797305252656e-02 1.509526745482060173e-01 1.218291268016701706e-01 3.730042900460259908e-02 9.657233775671457410e-02 -7.582840225603937334e-02 -1.034195232413674670e-01 -1.972495334299801117e-01 -2.535107458976110228e-01 -2.208330376386798688e-01 -1.862327298204991821e-01 -2.053244525880298654e-01 1.697642272008479114e-01 -2.748434220771542869e-01 -2.271826199618340314e-01 -7.166252351035139190e-02 -1.632189533668959858e-01 -1.772308796947122123e-01 -2.263333494793281220e-01 5.547764369762273745e-02 -1.036311777188080457e-01 2.086271439855078708e-02 -1.363221198710276583e-01 -2.313614512241688181e-01 1.381999607516351258e-01 1.630664726599273251e-01 -1.607857847521347583e-01 6.646137664368241549e-02 2.233828413697453580e-02 -1.106141665298707166e-01 -1.952524008386989363e-01 -6.470552509559378274e-02 -7.081370996981957433e-02 -1.799445249886953702e-01 -6.660282769555521398e-02 -8.417958966517594815e-03 8.637240632103967974e-02 1.247136627637614875e-01 -8.409400748064886633e-02 1.958024498775992051e-01 1.210813321087492005e-02 7.499401602397354205e-02 -2.147146000017055301e-01 -2.013906180182722661e-01 1.134762540003816517e-01 -1.167473197052884132e-01
1.257608175031494913e-01 1.000000000000000000e+00 5.376300136055671697e-01 6.776695563056658322e-01 3.430352826700570068e-01 2.342010992771515754e-01 5.644241990822865818e-01 6.165558624457064818e-01 1.900454748518001502e-01 7.673656598731425083e-02 2.610424185695550681e-01 1.783299071154592075e-01 1.957779724871291371e-01 7.993519515916343299e-02 -2.902773251804397284e-02 3.955874901045731140e-01 1.401574510851366639e-01 3.169540709799125167e-01 2.095293118874458349e-02 1.198332123752127443e-01 -7.858583954365788097e-05 -7.022959461461716901e-02 -3.781274611056130441e-03 -3.159406694372923763e-02 -7.254476982948455423e-03 -4.074748181452658019e-02 -5.025763523580729919e-02 -2.460457622981129522e-01 -4.957287517795976040e-02 -1.269796662209941862e-01 -1.408382707274579981e-01 -9.482758201000809906e-02 -4.435668868717653618e-02 1.895498847770050177e-01 1.505323982355701307e-01 2.332638632621247821e-01 1.281992946721860205e-01 1.153099151126120853e-01 3.235962376822734132e-01 4.152740209792746828e-01 2.521704682588253310e-01 4.708733062481928328e-02 1.056450622155836183e-01 7.140046996853931238e-02 2.339825597249053923e-02 5.886476868435259330e-02 5.178068408842591286e-02 2.761929105530960826e-02 3.692537028143327849e-01 2.446073784346344260e-01 1.048086658787275235e-02 7.930701068445845658e-01 1.882982113240565525e-01 6.701183724615658033e-01 3.280845023592715570e-01 2.613166141425083966e-01 6.306618407646484847e-01 5.030959857478484176e-01 8.704266821743367188e-02 1.653014861068235475e-01 1.081932272524036009e-01 1.084350471831925095e-01 -8.574528085097229968e-02 -3.379970313576115271e-02 4.282594512590961328e-02 -4.959947083973718224e-02 4.145779126847685681e-01 1.170790793805420865e-01 -5.247117809823970136e-02 2.891058245873053267e-01 -1.976432252225978486e-02 -2.637652101109277253e-02 -7.253415814733428502e-02 3.611702655888216484e-01 -4.562768728868895479e-02 -1.591708239566034730e-02 -6.361139997818603120e-02 -1.266251005503423732e-01 -1.390804072371416289e-01 -9.675286959490264627e-02 -3.336443645645048028e-01 1.017878366183073147e-01 5.578435832803260892e-03 1.260161247601543875e-02 -5.170313268461571021e-02 -6.436375056223035684e-02 1.583321380064909023e-01 -1.604057253593927368e-01 2.862901648645739816e-01 -7.600568934549314926e-02 2.865398333637300676e-02 1.172613049439595739e-01 1.646667640639222496e-01 2.728888971372811847e-02 -4.272387877321211919e-02 8.906155270012058867e-02 6.410155665200728548e-02 -2.840712728674293225e-02 2.822675676674905598e-01 1.969793176677995250e-01
1.387337714482925477e-01 5.376300136055671697e-01 1.000000000000000000e+00 3.000497622031325085e-01 2.747257395783855305e-01 5.776023578536777503e-01 2.846587082677692893e-01 4.561078130474673364e-01 3.386446470794871044e-01 2.930655254515950048e-02 2.558904194255922082e-01 3.408226637737586939e-01 2.042247139529256017e-01 9.043644010114280929e-02 1.638920930227701425e-02 1.753352539339861904e-01 1.524697051686166593e-01 2.305143195519500920e-01 1.050594900351402988e-01 1.847928983338020525e-01 5.808842131480968646e-02 4.201293697435199911e-03 1.487812787595341885e-02 1.716015458857835241e-01 8.144936008635847435e-02 1.927890791778961443e-01 1.587751872055357394e-01 -4.195910715812270486e-02 1.733248272284045877e-01 -1.442208166074563369e-01 -2.043673977550815590e-01 -4.385453751316191751e-01 -3.724953359026519362e-01 2.365728825142836278e-01 1.997030713345105402e-01 3.301609705257496086e-01 2.779584748797950811e-01 -2.420624914062692035e-01 -8.881904212071044247e-02 2.275702432132106212e-01 2.923451645559730916e-01 2.343741265195907197e-01 1.766093828213959327e-01 1.474655844321763332e-01 3.591252623349640988e-02 1.079180188716484662e-01 9.283595631491638189e-02 4.375325464759426825e-02 4.486677436700686750e-01 2.728685618146397540e-01 -1.555571233978856327e-01 6.255946199801026841e-01 -1.666911967811331814e-03 2.884717412478022824e-01 5.795453141737325620e-01 6.795920461164464133e-01 4.144435138129070606e-01 4.851918054682021197e-01 6.289605346101249939e-02 3.008786243753400202e-01 3.319881747011467765e-01 9.681065959078311023e-02 9.386895614574512076e-03 -4.995188916339635132e-02 3.659666902656996679e-02 -5.953376743509337238e-02 2.917485438316934077e-01 1.037427055364592010e-01 3.212558556528416487e-02 2.091945279993378259e-01 1.563731993786058802e-02 7.562653155772684765e-02 -3.353662178696911744e-02 3.720497538072416455e-01 1.261164974131926131e-01 2.908729898692067328e-01 1.898555844563459549e-01 -5.189537760534469746e-02 -2.703202991593035565e-01 -3.515054415194143744e-01 -1.621754845622647989e-01 9.188734043669499751e-02 5.220715850300401001e-02 1.147703282910937372e-01 1.741772565915545301e-01 -2.324327444835169298e-03 3.317665208872085381e-01 2.482782535763486051e-02 3.580888824909723156e-01 1.068391654569543492e-01 -1.673454575580402559e-01 -3.385903484722414813e-02 -1.903575433910384635e-03 9.288954249850714384e-02 8.553642148762816144e-02 1.076287223609483923e-01 1.235090792629262302e-01 -8.456590480548569627e-03 4.374438428610282203e-01 2.829326293079116872e-01
8.724788314669525147e-02 6.776695563056658322e-01 3.000497622031325085e-01 1.000000000000000000e+00 5.356769948789263935e-01 2.263359197610215201e-01 4.411756231499224801e-01 6.026106254016910801e-01 2.626863751566351768e-01 8.772069262879511609e-02 2.367823748391480465e-01 9.322170180458562438e-02 1.248485778389635398e-01 1.761512962816971783e-01 1.539784124103250051e-01 1.820089889584550480e-01 4.588825999697720981e-02 2.518558083850310214e-01 7.468809093864568760e-02 3.350582764612650699e-01 1.299283401299500540e-01 -2.054957065696392249e-01 3.886802766678512655e-02 -1.695576610706022447e-01 -2.215011562539889733e-01 -1.346372320391701904e-01 5.845781734234643812e-02 -9.804258657548174660e-02 1.442582831766139329e-01 -1.091101236015007692e-01 -1.572780881093219230e-01 7.178994198982538086e-03 1.608996506302948909e-02 1.770158374368225318e-01 1.517309442281382925e-01 2.032388978535242252e-01 2.574586776037657843e-01 1.996515973686550927e-01 4.446433145476448301e-01 3.295397409823972446e-01 3.090626827236996887e-01 -9.188109582504591644e-02 -1.017413139534732863e-01 2.492764204558906016e-01 6.770095266132294953e-02 1.365362151428011761e-01 1.005049149390675606e-01 8.638502072156717393e-02 3.855988956958388836e-01 3.799039622394461135e-01 -1.143074277999851784e-01 5.875291974280307805e-01 3.477088750602429501e-01 7.906097811390647712e-01 2.254080291073728703e-01 1.348368102215716791e-01 5.239646380542138937e-01 5.151964814710765506e-01 -9.703724761463324022e-02 2.124325345168164014e-01 2.261827080361817136e-02 4.357352982956439608e-02 3.739251840872644811e-02 6.428873017297652426e-02 1.551134893147823601e-01 6.889342239987863992e-02 4.171359573238515583e-01 1.004734894858526351e-01 -3.224098022921087492e-02 2.593303601664782576e-01 1.077616321824266948e-01 -6.593086794783502291e-02 -9.589932423466408437e-03 4.139595409037925000e-01 2.469506852947969677e-02 -1.989224492113245146e-01 8.282448919166952861e-02 -4.752557697981966978e-02 -1.927488652453338003e-01 -1.037124208087902150e-01 -2.935330787959744558e-01 2.506501246620748691e-01 2.854570746802697831e-02 3.356055010381437526e-02 3.883766301830548356e-02 9.330288715998485971e-02 2.691150748093171785e-01 -3.711710197362113467e-02 2.840244699772918047e-01 -7.735675049170627482e-02 1.336496460129311600e-02 -9.316065518428004455e-02 2.287852240438399687e-01 -1.627294354046150138e-01 -2.841778579125732729e-01 2.133079320190075234e-01 1.384822873107973973e-01 6.941744067904850879e-02 2.588835764849858889e-01 2.929879259364144284e-01
-2.778939615039250494e-02 3.430352826700570068e-01 2.747257395783855305e-01 5.356769948789263935e-01 1.000000000000000000e+00 5.748884193850882784e-01 7.432937074225542951e-02 2.885303422020957242e-01 4.492328990171168823e-01 7.368088390376827113e-02 1.494136398194972348e-01 2.103242741131269161e-02 2.092805079855401817e-02 6.215607451396975430e-02 2.139886797394254525e-01 -4.541192267747527073e-02 -1.121819438483242781e-01 -9.667044147986229852e-02 -4.025970426078401970e-02 3.700150674951457330e-01 1.095626671216245185e-01 -3.260880972208483608e-01 -7.610882095740224840e-02 -1.167072278174624972e-01 -2.006815046118123058e-01 -1.542673488496559830e-01 1.696647735418764791e-01 1.186343215595451056e-01 3.531125146362535383e-01 -1.847408663802224960e-01 -1.690454708739389800e-01 -5.368809422468447806e-02 -9.611302418459469199e-02 -8.691706630483971019e-03 3.081676292754260971e-02 1.953558741427089407e-01 3.297410801622506771e-01 -4.296864866254352516e-02 1.998033766225999763e-01 2.743325777415545758e-02 1.527001363693641922e-01 -2.320372571231640313e-01 -2.977522956057720993e-01 1.788742721415403358e-01 -5.750974021180201533e-03 1.620898387715076147e-02 -2.987889736100334676e-02 -8.454995497395682846e-02 4.384307937458784554e-01 3.120250412495353953e-01 -2.057170680133205143e-01 2.301693939617004969e-01 2.546280751042307444e-01 4.254590501834209504e-01 5.901201397753658151e-01 3.369797583999172841e-01 3.586097442475531805e-02 3.847424970906622166e-01 -8.522578329275183606e-02 2.324724905444666145e-01 -5.834271735104498702e-02 -1.183467012105739319e-01 3.585294997001234329e-02 -9.404305507060481406e-02 3.832853187737503275e-02 2.026279965656973062e-02 2.693712872026151617e-01 -6.937564510847402111e-02 -9.166871278464679140e-02 -1.903596281788822548e-03 3.445614963183106505e-02 -1.223427541418381503e-01 -9.614931788849098715e-02 3.028067311702856701e-01 2.920717576690762263e-01 -1.500666192454325198e-01 2.448316243409906778e-01 -3.684282017701943218e-02 -1.486068549324399690e-01 -1.447256372993707962e-01 -8.481210039046983840e-02 2.836384801865952654e-01 -3.723369967272831954e-02 4.355833323002381019e-02 2.055163047494320550e-01 2.549927884274644230e-02 4.290970174663812364e-01 3.572363813107825442e-02 2.448853233876901458e-01 6.548991060777660522e-02 -3.936138569810773702e-02 -2.441607128795915960e-01 2.531796425128435279e-01 -2.642345336419683610e-01 -3.570227614110583758e-01 1.568394859559941734e-01 5.083425248319353718e-02 -7.222275817035976597e-02 3.431933033658033927e-01 2.903478462077263567e-01
3.312596509022323887e-02 2.342010992771515754e-01 5.776023578536777503e-01 2.263359197610215201e-01 5.748884193850882784e-01 1.000000000000000000e+00 7.328471973211754531e-02 2.874968593758128188e-01 6.284071517752168878e-01 1.705044337921977904e-01 1.915828877287083509e-01 1.680110377539709432e-01 -7.029693106008026715e-02 -9.144076380208780719e-02 4.102882170165931403e-02 3.657027105614987089e-02 -1.447497471693370841e-01 -1.558743132514356089e-01 -1.514393865164044284e-01 2.550562044311640020e-01 -1.050206901142102661e-02 -2.803179379156822137e-01 -2.088842215045479678e-01 -6.264642319302939945e-03 -2.152711250092650963e-02 -5.318252783585514926e-02 1.195435826951654484e-01 4.665176091066011721e-02 2.818484890865065040e-01 -3.169330451448159058e-01 -8.302911616297874164e-02 -3.026681188227672292e-01 -2.800436557079097888e-01 -8.897399550032770998e-02 -7.924539510304655365e-02 2.725961450175065082e-01 2.448086044823364893e-01 -3.061440251028701431e-01 -7.264359398839778659e-02 4.362001118428990992e-02 6.531865234645088669e-02 -1.112182748642724234e-01 -1.463382360230073564e-01 1.607974492461532734e-01 7.434519123396451934e-02 -1.337158634337896890e-01 -1.639905288819143436e-01 -1.931990487662453848e-01 5.933705098145577450e-01 2.104840288228032597e-01 -2.338731325423527296e-01 3.135486334462378455e-01 1.513941711391562916e-01 9.525613452797727920e-02 7.810070726505768945e-01 7.661304570723331819e-01 9.473599230672528904e-02 4.682732826228148126e-01 6.130253869726740718e-02 2.747810426477297896e-01 7.038166784421522049e-02 -1.695377446323423631e-01 -5.922312888918639107e-02 -2.272126273230170579e-01 -1.154391211597901312e-01 -1.605854317398159592e-01 2.839098361147578409e-01 -1.389095205745790595e-01 -1.486794289279487480e-01 -2.553162876899347025e-02 -6.572909747193478314e-02 -1.580675427182337556e-01 -2.086632492795616189e-01 3.914410171018793960e-01 3.882864496706722179e-01 5.934163666173018770e-02 2.218746302136105075e-01 -1.730486823988001965e-01 -1.119299917923192861e-01 -3.267282202371490363e-01 -6.276042811502186014e-02 1.880716130069552128e-01 8.169310527854280191e-02 6.087367669018618928e-03 1.563478278905447438e-01 -9.501410716204113094e-02 3.259252648177318745e-01 -5.881718239197127746e-02 2.760659194763976365e-01 1.257143172858261326e-01 -1.467464393912581155e-01 -1.387464116460938868e-01 1.744603588906092906e-01 -1.399088427400376478e-01 -1.640172390306064987e-01 8.020184409954284055e-02 -8.838690066180658611e-02 -1.959055488769148867e-01 5.269769173897345116e-01 2.477611608093245876e-01
-2.591389664064939341e-02 5.644241990822865818e-01 2.846587082677692893e-01 4.411756231499224801e-01 7.432937074225542951e-02 7.328471973211754531e-02 1.000000000000000000e+00 5.775005448569670019e-01 2.087039439051054657e-01 2.393825469209900914e-01 3.347338188557695826e-01 2.731536688182741313e-01 1.588806934196980158e-01 7.348088645538457253e-02 -1.544873498856225505e-02 3.578080607556239912e-01 5.760809950731819035e-02 3.809442168711187904e-01 6.305733765010292091e-02 2.329444083786910008e-02 -3.024448505964832598e-02 -4.465140072936180787e-02 2.350980716688092637e-02 4.228977400238728701e-02 1.311566763465666086e-01 -2.622361710453458353e-02 -1.271434981715855728e-01 -1.888422315316025668e-01 -1.567231158245474265e-01 -2.594076167559792451e-02 -3.210568832654414617e-02 -2.866432225785275900e-02 7.442499953097105048e-02 7.238412225106059805e-02 -4.722835865869922517e-02 2.662676777626366564e-01 -2.693978105344900856e-02 2.239645800071933812e-01 3.828226337443748628e-01 5.636600254713602931e-01 2.683248782100770558e-01 4.780614546677395410e-02 7.457532709053657505e-02 9.655148358365418793e-02 3.377580676525249181e-02 4.030449037150888453e-02 5.953177731242793348e-03 2.099063791503948118e-02 3.002261692009981497e-01 1.498851323186402573e-01 1.474460831185559276e-02 5.360471238226948154e-01 2.498192453660389167e-01 4.591017642043136449e-01 1.925867728799066092e-01 9.686956088824155708e-02 5.654088075073080422e-01 4.327898116143264473e-01 1.756748126656981490e-01 1.368655199620050500e-01 1.531098179200969522e-01 1.369564223516116785e-01 -5.768595629178737555e-02 -6.842921034057866843e-03 2.449208746209666221e-02 -1.094985596461330556e-02 4.785157911744811754e-01 1.248499139646595535e-01 -7.901254959492788610e-02 2.375851111170787788e-01 -1.372529862035046407e-02 -1.228459104871522795e-01 -5.773047754086282207e-02 4.011648827757257618e-01 -1.751362596972943012e-02 -4.326817713747917876e-02 -1.209793315362449051e-01 -5.478442197450662104e-02 -5.444387065859976338e-02 -1.014286830330079908e-01 -3.098527241396262788e-01 -1.028297517318162019e-01 8.352037415234157477e-03 -1.760578046483660120e-01 -1.832611011894645370e-01 -1.678321668337386108e-01 -7.074121638755569152e-02 -1.756710402449515596e-01 2.360522065764759092e-01 -1.470470970269220079e-01 -1.073910230956318622e-02 2.833552078668427621e-01 2.658106601363817711e-01 9.658411128055038875e-02 -6.530847039317051739e-02 9.189410718225131391e-02 1.599069271989304181e-02 -1.038017158190177175e-01 1.914221240253067835e-01 8.446165385121293112e-02
9.348153275841554477e-02 6.165558624457064818e-01 4.561078130474673364e-01 6.026106254016910801e-01 2.885303422020957242e-01 2.874968593758128188e-01 5.775005448569670019e-01 1.000000000000000000e+00 4.979446795879091670e-01 2.005638290849904859e-01 2.233606009623755884e-01 1.397672837163809190e-01 9.969958532985023769e-02 1.019657832799375913e-01 3.582171137828916996e-02 2.124662194281060901e-01 7.673032472123014758e-02 4.332289095925603295e-01 -1.795201350612829830e-02 2.304822279349371950e-01 2.855764851111829844e-02 -1.071505885518736767e-01 2.227969319395741235e-02 -1.274894434130596499e-01 -1.390924778026401964e-01 -1.552591304916134118e-01 -1.051911627619860762e-01 -1.910987844375073019e-01 -7.984531525466818935e-02 -7.135342560319632432e-02 -8.764016857030287877e-02 -1.121567298201883028e-01 -3.131570692844191928e-02 1.498643921631734044e-01 4.971658850006895058e-02 3.776557835587743828e-01 3.379713962749008455e-02 1.077716255412212026e-01 2.850700094012895702e-01 4.023846746224275517e-01 2.546046296369330886e-01 3.597387118205970513e-02 -6.942117717179648040e-02 1.134932697326270085e-01 8.436883881754572712e-02 2.359069388204300746e-02 2.201101943546763043e-02 7.260819303873106145e-02 3.320444384507153512e-01 1.992877703279477830e-01 -2.868673391920514848e-02 6.768354813662070812e-01 2.308780938140554684e-01 4.894725538741180326e-01 3.626667668555551005e-01 3.028274562376881418e-01 7.795683530364986291e-01 7.972633379396993902e-01 1.121332320926417825e-01 1.319817829946220988e-01 8.615165087657845541e-03 4.636645274756337476e-02 -2.304461009927909079e-04 2.452341259328337172e-02 5.406150310643188794e-02 1.221591920471740492e-02 4.890901083156840579e-01 1.091847477831104779e-01 -6.575574980600475128e-02 4.416612198477009033e-01 4.614654382423369339e-02 -1.681012473124477991e-01 -3.695978937666979935e-02 3.693245227001876185e-01 -2.115334832401304099e-02 -2.064956864119693869e-01 -5.338251661724487812e-02 -6.539012281215421385e-02 -1.489805044317534521e-01 -1.225716755948822734e-01 -3.742050497060808167e-01 3.204360359896340354e-02 2.334157979567086372e-02 -1.186807462811680786e-01 -1.288434593656229976e-01 -6.039652670196076628e-02 7.618471371989130048e-02 -1.543522305224394597e-01 4.450571410547058959e-01 -1.484416418262715642e-01 -5.198023232764465568e-02 3.278729976501756904e-02 1.544701510279568313e-01 -4.217517960551044054e-02 -2.672437201932008621e-01 4.850657061177385959e-02 1.218789572063802215e-03 -2.197174145375727430e-02 2.000674035081597135e-01 9.864545888329449841e-02
1.713856970012271261e-02 1.900454748518001502e-01 3.386446470794871044e-01 2.626863751566351768e-01 4.492328990171168823e-01 6.284071517752168878e-01 2.087039439051054657e-01 4.979446795879091670e-01 1.000000000000000000e+00 1.919724823262202174e-01 1.355819869554435175e-01 1.023689242564661678e-01 -1.372223298032914096e-01 -9.149461157178948034e-02 1.203633215852368057e-02 1.716420783670054295e-01 -1.536349362786690043e-01 6.634637935264464659e-02 -2.026399663741864920e-01 2.405288852363388075e-01 -3.720082004290434230e-02 -2.784395875279824240e-01 -2.209329735674578354e-01 -5.915745466524684887e-02 -1.165796094978008984e-01 -1.529486903108320806e-01 -7.362963264315944278e-02 -5.608283115097579402e-02 9.988501040578913470e-02 -2.925072422188828014e-01 -5.222787683404580411e-02 -2.472101457747953035e-01 -1.792103055595528349e-01 -3.865998409043071293e-02 -1.995247765045123634e-01 4.544709486549225463e-01 6.068344913736226087e-02 -2.075513429951187372e-01 2.934123998010009296e-02 1.008938016499387885e-01 9.833726607724080360e-02 -1.269406228487829080e-01 -2.821914510293705991e-01 8.787641249288963285e-02 1.106996437940223482e-01 -2.112467021401197020e-01 -2.084336129358079770e-01 -2.024119924823858940e-01 3.905823570844394466e-01 1.332303962834836819e-01 -8.052197831381535664e-02 2.631378238048333040e-01 3.028565221519747275e-01 8.782722858568357827e-02 5.808678901336544742e-01 5.273585611530405837e-01 2.187191203963490815e-01 6.822391925048172379e-01 7.793473271521290935e-02 1.712632989657950355e-01 -2.859672189172730167e-02 -1.976931835795633641e-01 -4.768301605074781041e-02 -1.690796023420494398e-01 -9.736352812492432562e-02 -1.188964707481128535e-01 3.451102599755537237e-01 -1.770982613912300552e-01 -1.604684987261822682e-01 1.828466295683240928e-01 -5.802815938952384650e-02 -3.027243883510893907e-01 -2.170880342534625140e-01 2.969891046476011431e-01 2.890149004934044474e-01 -1.220566383443831143e-01 7.539867717415255077e-02 -2.003180084215006040e-01 -6.107344507677341106e-02 -2.526008031944392274e-01 -1.270506755145481836e-01 1.106735978927573805e-01 1.165658632604333472e-01 -1.185498832342428421e-01 -2.866232802491044604e-02 -1.655943674351566530e-01 1.122309773575684844e-01 -1.460738992247853085e-01 3.828442679746417165e-01 6.566126583393168403e-02 -1.428637808930376674e-01 -1.373234101335625290e-01 9.080779477727433935e-02 -1.551253802968674822e-01 -3.027608914700645748e-01 -2.070253900835050676e-02 -1.892878972892626244e-01 -2.544924771186609647e-01 3.040123776842832415e-01 1.086137073414424475e-01
1.606887453498717089e-01 7.673656598731425083e-02 2.930655254515950048e-02 8.772069262879511609e-02 7.368088390376827113e-02 1.705044337921977904e-01 2.393825469209900914e-01 2.005638290849904859e-01 1.919724823262202174e-01 1.000000000000000000e+00 1.893050731030899714e-01 2.828925111379846924e-01 -1.011637427422761859e-01 -3.319620811610404787e-01 -2.437333279460967284e-01 2.552650377814803528e-01 -7.038802942031692489e-02 -1.409582911080877188e-01 -3.172887435732421046e-01 -1.183247353713237360e-01 -3.042952395776858943e-01 -1.145111847136198457e-01 -3.784779199270409955e-01 -6.372596719121405295e-02 4.597381429523889063e-01 -1.514922981038353562e-03 -1.760008778728904544e-01 -5.597616066054768302e-02 -1.561935882306944579e-01 -3.132419883594685373e-01 1.310721402344023900e-01 -1.091754704595783304e-01 -9.047262192033472816e-03 -1.961911538313378389e-01 -2.007673306470809105e-01 -2.006201000160453239e-03 -1.950453450018516388e-01 1.562130249606404888e-03 7.721122226368974661e-02 3.882921830116499162e-01 -8.327259673312305266e-02 2.626455835023637775e-01 3.190826233544195173e-02 -2.059499352353629312e-02 -5.056310426402498698e-02 -2.725706148112035376e-01 -2.726035373543029272e-01 -1.372090150328416358e-01 9.013244412148223306e-02 -2.101023152499025826e-01 2.074721905177885073e-01 1.121851674503546586e-01 1.641451587793654188e-01 -8.507455850848888446e-02 7.276188863600582812e-02 1.802162801053437124e-01 1.074276652680510452e-01 1.104906457190046876e-01 6.493601412468393841e-01 -1.265407878084245097e-01 -1.355829701546204247e-01 -1.849974228808876076e-01 -2.873502134350185422e-01 -3.926518090788306825e-01 -3.701170758364794589e-01 -3.709347403577382685e-01 2.700734449409069593e-01 -2.394277312201112951e-01 -3.470659016140046904e-01 -3.142691700455140479e-03 -3.173270415736141881e-01 -2.936767425132479903e-01 -4.231517999523262685e-01 4.674245743195735714e-01 2.183620019544413038e-01 9.209573050102796976e-02 -1.756533769922886679e-01 -3.098638291300604419e-01 1.479187986870759697e-01 -1.188388382535423560e-01 -1.622260959066753883e-01 -1.869876593787383676e-02 5.090050851751331401e-02 -2.177777604325950855e-01 -1.447088761769821375e-01 -3.854146908728897647e-01 -1.075188154973080595e-01 -2.078655805683257973e-01 -6.381278380864954802e-02 -5.784746866368396107e-02 8.774859508891233451e-02 3.448349821166742379e-01 3.638051467031332975e-01 2.599940964601457072e-01 1.800457444492562648e-02 4.454354707734279467e-02 -2.322972891576167154e-01 -3.156570545038568931e-01 3.212920940376292472e-02 -2.207648959095163677e-01
1.551790503372047630e-02 2.610424185695550681e-01 2.558904194255922082e-01 2.367823748391480465e-01 1.494136398194972348e-01 1.915828877287083509e-01 3.347338188557695826e-01 2.233606009623755884e-01 1.355819869554435175e-01 1.893050731030899714e-01 1.000000000000000000e+00 6.800051504045667716e-01 4.535269674633272130e-01 2.644741031628613029e-02 3.866715923204424449e-02 2.005354119041371230e-01 3.282450345921584800e-01 2.465301555621847995e-01 7.605184144690926851e-02 4.307955393036006636e-02 -3.519497262759427314e-02 1.781156100923291796e-01 -4.032900190198795976e-02 4.733126242933502481e-01 2.640456009478124866e-01 4.996534392921784806e-01 1.649406587297783944e-01 4.013604178200971123e-02 2.915905183033599274e-02 -1.152347015889617077e-01 -1.059792339848850407e-01 -5.806339587251863055e-02 -1.300884273986882833e-01 2.489347364337095025e-01 2.016337086688474722e-01 3.286258978895263971e-01 2.212510007746759655e-01 -4.514904301758676519e-02 1.689228315357272081e-01 2.570732737912844734e-01 3.628326846604074118e-01 5.253100388560236200e-02 2.882694501286826583e-01 1.841427090433384872e-01 -6.033310034527518927e-03 5.908600852460218350e-02 -4.958402787310079579e-02 -5.547134010135148369e-02 4.259311957319504849e-01 2.815058947207088047e-01 -4.269459980092641521e-02 2.614201065748797403e-01 1.057800711617634670e-01 2.150619687586458884e-01 1.468203975785505044e-01 2.204924955751714211e-01 1.680661651581422111e-01 2.254142605034172853e-01 2.582089362690379031e-01 6.516111861249833659e-01 5.437459187158625307e-01 3.247796314425975828e-01 -8.481867913673907244e-02 -1.321344377009907034e-01 -4.493871527308739011e-02 -6.125495113050512946e-02 1.802356113085516187e-01 1.648628932114371282e-01 -1.697498416582030739e-02 1.143685223917006027e-01 -1.121780740016247446e-01 1.186557142847896873e-01 -6.426291456176380645e-02 3.841392868665980953e-01 4.435018904236218140e-01 4.164692335660858391e-01 1.996243463034127336e-02 -5.055635754094645745e-02 -1.628623709241798501e-01 -2.033208283089825430e-01 -2.501114592847815676e-01 6.716381723616514365e-02 1.490109538426492679e-02 4.668716500352042276e-02 8.284907493346092833e-02 -2.171532379876835173e-01 1.353125092421546549e-01 -2.208092319719932514e-02 2.585387127289135445e-01 1.508478870074554390e-01 -4.064023800747992160e-02 1.781708115377428070e-01 8.827741663811757011e-02 -3.217002604275628203e-02 2.195057515213235388e-01 1.574095433484352380e-01 8.127728015936605543e-02 -8.544324245791262706e-02 4.471461416789786480e-01 3.399245191803789701e-01
3.709592205279869243e-02 1.783299071154592075e-01 3.408226637737586939e-01 9.322170180458562438e-02 2.103242741131269161e-02 1.680110377539709432e-01 2.731536688182741313e-01 1.397672837163809190e-01 1.023689242564661678e-01 2.828925111379846924e-01 6.800051504045667716e-01 1.000000000000000000e+00 3.899033359287493727e-01 -6.642812510265577730e-02 -4.633996450595015415e-02 2.831767193325125387e-01 3.587660860792681872e-01 1.524625236108688164e-01 4.429801390033442920e-02 -1.115294629249823644e-01 -1.552318148320938895e-01 2.777167112516258918e-01 -1.061891034700912506e-01 5.569118596072958338e-01 3.796108701296125876e-01 6.551645447424114810e-01 1.563064940982563933e-01 6.811426133740634825e-02 -1.327064529918924908e-02 -1.236428236941184283e-01 -1.409319485505832470e-01 -2.527457750519614410e-01 -2.488967095971530707e-01 2.112027400288577217e-01 2.063631593336099079e-01 2.909104044813720646e-01 1.375163889829191521e-01 -2.391247358527155420e-01 -9.119020712734378364e-02 2.800132329260502373e-01 2.642196011540526857e-01 3.134055513802734838e-01 4.376109528949059246e-01 9.811205052723902253e-02 -7.560894037966114922e-02 6.205449200289323355e-03 -5.403077669695520446e-02 -4.234195069781779286e-02 2.267948895389367281e-01 9.653944395602627460e-02 -2.426910639912421841e-02 1.973667607987922845e-01 4.724281520436423437e-02 6.267216430159233687e-02 1.518847326993630620e-01 2.868897310465975403e-01 1.291639240824885015e-01 1.600834435691657065e-01 3.301579991988703444e-01 5.507789035860717330e-01 6.485843342573532899e-01 2.704273052529744259e-01 -1.283744707231058158e-01 -2.061641661342479281e-01 -1.495692765151273862e-01 -1.483920594260917103e-01 1.174040054243613990e-01 6.690974295794788196e-02 -4.940211699745864632e-02 6.102548652494334258e-02 -2.277676563729072179e-01 1.393054974680799363e-01 -1.520358255309243733e-01 4.475584739035014525e-01 4.639862701899228892e-01 6.507344663680113550e-01 6.078031406107155948e-03 -8.159702341976697582e-02 -2.149345973764966999e-01 -3.177303998756526027e-01 -1.084971979168680017e-01 -6.058200785656564676e-03 6.320434043754427633e-02 1.164202595237494309e-01 1.295385957534480603e-01 -2.633552858091707249e-01 9.110556588148788215e-02 -4.976020456408298577e-03 1.612289022939528693e-01 2.290437727928544276e-01 -1.137551912345129423e-01 1.812786507206799180e-01 -2.756962856425266770e-02 1.884830297685058664e-01 4.297335802543590932e-01 6.669708822219816424e-02 2.904930391048955729e-02 -1.558860337261398221e-01 3.298790516343052537e-01 1.736598065399005963e-01
-1.450134673744622182e-01 1.957779724871291371e-01 2.042247139529256017e-01 1.248485778389635398e-01 2.092805079855401817e-02 -7.029693106008026715e-02 1.588806934196980158e-01 9.969958532985023769e-02 -1.372223298032914096e-01 -1.011637427422761859e-01 4.535269674633272130e-01 3.899033359287493727e-01 1.000000000000000000e+00 5.192322658362023002e-01 3.519951260137602622e-01 -8.563923378317846169e-02 6.027929083703940094e-01 5.194281995355563009e-01 5.956742522556828234e-01 2.435929639000308788e-01 2.808672644276413721e-01 4.960418329153064576e-01 4.667990238626730792e-01 4.708539655685243241e-01 3.612953199824581185e-02 4.649337996575773624e-01 4.376464540755551913e-01 3.011482001170027178e-01 2.957549658676196791e-01 3.246688037933769255e-01 -4.231331934435822451e-01 -3.970942775817781767e-02 -1.170795187733522091e-01 6.015274389257707632e-01 5.465068873759706403e-01 1.690403511037604778e-01 4.032483035655722858e-01 -2.230117262835854333e-02 2.017268379407034448e-02 1.706021395870172264e-01 3.984076967081922049e-01 1.640683327737249841e-01 2.821218467761784643e-01 -1.269091498944036056e-01 -2.590572077508119797e-01 4.611390971426150287e-01 5.375731731962806181e-01 3.112454671551350138e-01 1.454977102088912400e-01 3.508875576024885201e-01 -2.060120049926079389e-01 1.346643511173062080e-01 -1.514429087546915742e-01 2.441636589610906571e-01 -7.014838053712968424e-02 6.361806869865255579e-03 1.343942914481852657e-01 4.915855378121879865e-02 2.897885480874521150e-02 4.256824365207794170e-01 4.984589377891536222e-01 7.669135550363619380e-01 4.870239935427481126e-01 3.820190518854716943e-01 3.956053109525060063e-01 3.598743561473453645e-01 2.198815314087631048e-02 5.970900626456734361e-01 5.139183313234700901e-01 3.608498647564078454e-01 2.999051047244302715e-01 5.800466280717279099e-01 3.939210940138090367e-01 1.993637486237384571e-01 1.333876697607200845e-01 4.029964993770142057e-01 3.673125833784023908e-01 4.102630706771117630e-01 -3.853110368753549508e-01 -1.490573104225060286e-01 -6.084354552272793620e-02 6.752873403937305341e-02 -1.877304452223278186e-01 3.608615010236768117e-01 4.423570648084538259e-01 2.203415813205075457e-01 3.576583217710369023e-01 2.952001378261949749e-01 2.603190723653401872e-01 2.610566834408233408e-02 -5.651407267433587039e-02 6.735274278350659657e-03 -1.291564031527172307e-01 -2.237266716449565901e-02 4.061242283691102184e-01 -5.106888486901657587e-02 4.501278764402045773e-01 3.952986169725244969e-01 2.350687657306745615e-01 3.435922490541422070e-01
-2.054653801181935135e-01 7.993519515916343299e-02 9.043644010114280929e-02 1.761512962816971783e-01 6.215607451396975430e-02 -9.144076380208780719e-02 7.348088645538457253e-02 1.019657832799375913e-01 -9.149461157178948034e-02 -3.319620811610404787e-01 2.644741031628613029e-02 -6.642812510265577730e-02 5.192322658362023002e-01 1.000000000000000000e+00 7.815008879083109594e-01 -4.154905649298270554e-01 2.668868430873305719e-01 4.969865987052816680e-01 7.653306668032708870e-01 4.432934179394807384e-01 8.156407367250034790e-01 1.900109975942336216e-01 8.103631315443668992e-01 9.477613957588248983e-02 -3.415778159685806115e-01 8.091491826739231896e-03 3.888670681053641442e-01 2.617168845794535792e-01 5.639550982301594351e-01 5.483123546714073759e-01 -4.528900298207800823e-01 7.721968782724618341e-02 2.029845184639887321e-02 4.642896487038192799e-01 3.064926597174276179e-01 5.077010492110394652e-02 4.162962531898490859e-01 1.213374375902155217e-01 3.867621676144309545e-02 -1.489584220126044696e-02 2.030959718867126340e-01 -7.736528168043284304e-02 -1.329290334460510314e-01 -1.367472224220575294e-01 -2.103369892014986253e-01 5.620202927335976595e-01 6.687415315109086489e-01 3.016189871663590982e-01 -8.565377210347982842e-03 2.726980308692329991e-01 -3.826626621957346375e-01 1.212059403847779923e-02 -9.381627464008396311e-02 3.406104349741266857e-01 -6.658170685658000576e-02 -1.044692180278071203e-01 1.018369393501548509e-01 3.565408341193591901e-02 -3.506607528237397076e-01 1.743260264053860531e-01 2.225048686854636248e-01 4.143484631250591854e-01 7.676467267914925952e-01 8.243516128549185362e-01 8.608714308696967521e-01 8.273888356603452676e-01 -6.794518704722328495e-02 5.357362337345936698e-01 6.334304324183274160e-01 2.611066566116131971e-01 8.020787568133070922e-01 4.767309659546257739e-01 8.106441037323613985e-01 6.620783039665424641e-02 -1.074766802937289628e-01 -2.713274085650086917e-02 6.133691736512089099e-01 6.772657441274690937e-01 -4.040085640171476311e-01 -1.732982150259105777e-02 6.041698392372641183e-03 -7.434674824871082000e-02 -1.731395905472497276e-01 2.954463411314732224e-01 4.258465298884909767e-01 6.412198793483780968e-01 4.564289910289411334e-01 3.485366242796520964e-01 1.662193542244515265e-01 -1.852701639013966117e-01 -5.308619531872545150e-02 -3.405483222819581379e-01 -1.271088224894238450e-01 -2.373394662815468126e-01 -2.176679925662283743e-02 -1.026800351643699372e-01 5.386511041202854955e-01 5.549731201398828695e-01 1.643550558871910081e-02 2.413632629869489621e-01
-1.805254667547488978e-01 -2.902773251804397284e-02 1.638920930227701425e-02 1.539784124103250051e-01 2.139886797394254525e-01 4.102882170165931403e-02 -1.544873498856225505e-02 3.582171137828916996e-02 1.203633215852368057e-02 -2.437333279460967284e-01 3.866715923204424449e-02 -4.633996450595015415e-02 3.519951260137602622e-01 7.815008879083109594e-01 1.000000000000000000e+00 -4.436847247375640402e-01 8.286049597160620450e-02 3.248230749456932909e-01 6.207257415456486349e-01 4.808736217795892554e-01 7.921330162724136148e-01 -2.582333473305113355e-02 7.028589238988731669e-01 2.007389443043470709e-02 -3.413035379943618053e-01 -5.969914261185196164e-02 3.886282809577676356e-01 3.994493492413558333e-01 6.208127094833860715e-01 5.358496017292587732e-01 -3.991589960982239726e-01 9.361096181569655839e-02 4.769534154617172811e-02 2.809546758894923557e-01 1.271448527228717096e-01 8.467634558773017017e-02 3.989667689433115672e-01 8.176977393021539475e-02 9.429872027404284304e-03 -1.210956351089308713e-01 7.697686518661420174e-02 -2.092443294189492431e-01 -3.355010947912854258e-01 -7.259552915140711493e-02 -1.639552906226656170e-01 4.516728294638825969e-01 4.863137097971701461e-01 2.336790237173014817e-01 -1.571715924394886596e-02 1.755431780862916069e-01 -3.840572343998592264e-01 -1.202869189246886517e-01 6.169345902903679464e-03 2.304289843281676908e-01 3.267377154253987837e-02 -6.827045791585487078e-02 -6.184215630642771883e-02 1.247221949479163268e-02 -3.626230556988129239e-01 2.145054717875590489e-01 1.600720584398711566e-01 2.485789884554607809e-01 6.837638915812371820e-01 6.845558378134909416e-01 7.513718167631134870e-01 8.652635954824813291e-01 -1.053985611713676579e-01 3.736108749091485159e-01 5.113171881506436423e-01 1.505636408143266880e-01 7.612506756943712150e-01 2.857768392583641126e-01 7.331354950383497382e-01 1.252996917745269334e-01 1.152482268494711970e-01 -6.169201113637848288e-02 6.657812559703146782e-01 7.359946419444569621e-01 -3.524422611656215509e-01 -2.096313350110386858e-02 1.074133826443192108e-01 -3.110981481062444903e-02 -1.397496449370145000e-01 2.150364398988516279e-01 4.249928687844084507e-01 5.112530283797014352e-01 4.884194717262717589e-01 3.623305676023705346e-01 1.601279039743241928e-01 -1.772493912072037603e-01 -1.194439669213033517e-01 -4.175883689290661449e-01 -5.222863092571600890e-02 -3.308347315575696501e-01 -1.949028736819519436e-01 -7.170110046190231179e-02 4.582292960694175910e-01 4.225281498395351831e-01 -6.960037291307025024e-03 1.678004604601650573e-01
