1.000000000000000000e+00 9.147856836396570657e-01 9.147856798228872766e-01 9.147856227085514602e-01 9.147856610644524711e-01 9.147855953337893364e-01 9.147857026554301330e-01 9.147856647152500242e-01 9.147856578026343222e-01 9.147856687851781965e-01 9.147857072950643653e-01 9.147856741776552170e-01 9.147856169491008771e-01 9.147856160760008404e-01 9.147856646830399008e-01 9.147855740087807996e-01 9.147856458041030425e-01 9.147856455536000908e-01 9.147856933455572603e-01 9.147856946749141072e-01 9.147856607695296072e-01 9.147856739036571705e-01 9.147856271683266760e-01 9.147856469382291689e-01 9.147856380354878469e-01 9.147857035215086752e-01 9.147856701164960302e-01 9.147857053665874316e-01 9.147857114672235390e-01 9.147856096050284158e-01 9.147856583660246566e-01 9.147855974251812849e-01 9.147856716951956457e-01 9.147856626140102865e-01 9.147856224035942896e-01 9.147856246859513707e-01 9.147856258155560027e-01 9.147856828588645239e-01 9.147856766752753277e-01 9.147856174320098122e-01 9.147856784751418058e-01 9.147857284744643769e-01 9.147855989116097097e-01 9.147856371151034116e-01 9.147856592980297963e-01 9.147857035538486947e-01 9.147856201699822165e-01 9.147856891480807828e-01 9.147856654156528711e-01 9.147856699904114430e-01 9.147856745436367953e-01 9.147856562689143933e-01 9.147856688275256554e-01 9.147856475096366458e-01 9.147856207407947249e-01 9.147856992679564980e-01 9.147857018234600845e-01 9.147856246231576005e-01 9.147857172717377416e-01 9.147856812256481840e-01 9.147856816685637771e-01 9.147856234993073654e-01 9.147856329303876155e-01 9.147856980436583907e-01 9.147856817707616939e-01 9.147856951137898207e-01 9.147856733541931407e-01 9.147855821976941249e-01 9.147856885370249103e-01 9.147856692729993133e-01 9.147856456053711227e-01 9.147856122709735471e-01 9.147856371828075872e-01 9.147856736763808616e-01 9.147856151461800644e-01 9.147856967961396357e-01 9.147856843914589087e-01 9.147857102203185153e-01 9.147856570744890004e-01 9.147856258094438919e-01 9.147855978474721539e-01 9.147856560127040071e-01 9.147856434764560785e-01 9.147856753071169633e-01 9.147856711859394530e-01 9.147857047916470030e-01 9.147856954488789993e-01 9.147856858872922547e-01 9.147857179093543678e-01 9.147856437125185813e-01 9.147856341825858495e-01 9.147855557236641566e-01 9.147856306928215941e-01 9.147856896581626485e-01 9.147857203030260731e-01 9.147856493800710087e-01 9.147856210708047442e-01 9.147855967259005405e-01 9.147857027686419062e-01 9.147856770191414855e-01
9.147856836396570657e-01 1.000000000000000000e+00 9.147857200415834278e-01 9.147856906012341582e-01 9.147856751884663185e-01 9.147856580959199402e-01 9.147857135673314044e-01 9.147856933629426868e-01 9.147857432902901653e-01 9.147857302864900175e-01 9.147857173453765034e-01 9.147857445441610613e-01 9.147856932054340140e-01 9.147857159375708536e-01 9.147857350940651333e-01 9.147856881276351659e-01 9.147857392822329459e-01 9.147857045062179893e-01 9.147857373808726544e-01 9.147857047188115986e-01 9.147857278756624799e-01 9.147857220444075566e-01 9.147857080559066434e-01 9.147857043248506237e-01 9.147857176049830619e-01 9.147857418788339912e-01 9.147857210350220925e-01 9.147856767836813896e-01 9.147857251971021064e-01 9.147857191197622528e-01 9.147856923894218673e-01 9.147856886935833431e-01 9.147856965353353687e-01 9.147857327518762460e-01 9.147856964016720660e-01 9.147856893456680627e-01 9.147856978467054923e-01 9.147857335426745617e-01 9.147857201926523629e-01 9.147856897352151240e-01 9.147857156452492422e-01 9.147857026076056108e-01 9.147856961060472081e-01 9.147857164785579975e-01 9.147857127661959131e-01 9.147857305657132176e-01 9.147857161010728433e-01 9.147856748836374896e-01 9.147857277306499224e-01 9.147857333645370570e-01 9.147857169297139990e-01 9.147857184807222097e-01 9.147856904738446149e-01 9.147857265055342468e-01 9.147857093742988166e-01 9.147857455266487081e-01 9.147857131632839423e-01 9.147857104850769527e-01 9.147856757005131678e-01 9.147857125395201239e-01 9.147857179956351281e-01 9.147857084717396781e-01 9.147857354049704348e-01 9.147856792153504779e-01 9.147857300138895198e-01 9.147857188956607377e-01 9.147857276699713491e-01 9.147856830570241238e-01 9.147857185219057108e-01 9.147857113177838562e-01 9.147857069371561067e-01 9.147857024645711377e-01 9.147857171966173873e-01 9.147857455543901839e-01 9.147857019553435887e-01 9.147856840143852031e-01 9.147857293527127398e-01 9.147857372821662780e-01 9.147857117717036468e-01 9.147856598860351074e-01 9.147856994873015957e-01 9.147857269386684420e-01 9.147857067908991002e-01 9.147857228327751500e-01 9.147857304736313200e-01 9.147857215640907702e-01 9.147857345030788734e-01 9.147857418532346907e-01 9.147856970162313583e-01 9.147857287462126674e-01 9.147857235224082784e-01 9.147856879831930410e-01 9.147856718285113375e-01 9.147857162847748969e-01 9.147857084854619236e-01 9.147857280993945128e-01 9.147856973187927787e-01 9.147857040681979246e-01 9.147857358815604245e-01 9.147856976612693813e-01
9.147856798228872766e-01 9.147857200415834278e-01 1.000000000000000000e+00 9.147856916426599927e-01 9.147856980092518020e-01 9.147856392745480347e-01 9.147857447230536287e-01 9.147857031379732495e-01 9.147857165058185247e-01 9.147857078097469952e-01 9.147857100726183299e-01 9.147856849952989977e-01 9.147856815451540502e-01 9.147856950422929012e-01 9.147857022874191779e-01 9.147856538992372721e-01 9.147856757322896382e-01 9.147856771098122897e-01 9.147857335707511028e-01 9.147856898804715975e-01 9.147857045420305644e-01 9.147857159286580941e-01 9.147857114220151464e-01 9.147856613783641455e-01 9.147857035985931251e-01 9.147857242441352899e-01 9.147857369604081024e-01 9.147856267463235769e-01 9.147857259461510404e-01 9.147856388365571689e-01 9.147856588845211245e-01 9.147857096346924122e-01 9.147857148357161350e-01 9.147857044299476659e-01 9.147856797023198316e-01 9.147856969488850076e-01 9.147857025451266999e-01 9.147856876353362976e-01 9.147856885477270161e-01 9.147856531678809633e-01 9.147857145884592533e-01 9.147857235584168079e-01 9.147856427486151798e-01 9.147856680168579002e-01 9.147856737449626685e-01 9.147856935241950316e-01 9.147856783041168338e-01 9.147856712638382515e-01 9.147856766987745303e-01 9.147857011980715658e-01 9.147857231387399590e-01 9.147856608951477897e-01 9.147857294434099673e-01 9.147857099216673005e-01 9.147857059337473062e-01 9.147857146439892784e-01 9.147857223090311019e-01 9.147856809499846920e-01 9.147856910767100391e-01 9.147857014508213869e-01 9.147856945211026991e-01 9.147856566576467729e-01 9.147857157914551784e-01 9.147857193242358020e-01 9.147857005502368910e-01 9.147857135365081716e-01 9.147856868825186005e-01 9.147856939740102167e-01 9.147856913270071555e-01 9.147856943033415567e-01 9.147856915662443411e-01 9.147856701932357559e-01 9.147857045412260968e-01 9.147857077851145879e-01 9.147856772404165948e-01 9.147856554026676523e-01 9.147857296127857030e-01 9.147857239492019898e-01 9.147857233166608593e-01 9.147856384792512063e-01 9.147856384558024079e-01 9.147857182778871277e-01 9.147856693105350656e-01 9.147857137303325725e-01 9.147856847211510711e-01 9.147857324106143384e-01 9.147857017596692231e-01 9.147857203322317110e-01 9.147856716762632345e-01 9.147856670586945738e-01 9.147856527526333492e-01 9.147856404558352139e-01 9.147857107867626292e-01 9.147856881559434106e-01 9.147857100045333478e-01 9.147857235802969722e-01 9.147857085599291338e-01 9.147856472582281961e-01 9.147857155999939982e-01 9.147857330243527318e-01
9.147856227085514602e-01 9.147856906012341582e-01 9.147856916426599927e-01 1.000000000000000000e+00 9.147857334525806294e-01 9.147857071467762058e-01 9.147856839113283067e-01 9.147857117449078590e-01 9.147856770362345902e-01 9.147856984193472041e-01 9.147856755162095954e-01 9.147856801716617303e-01 9.147857026378822809e-01 9.147857099879952436e-01 9.147857111877567560e-01 9.147856927761796042e-01 9.147856653502184354e-01 9.147856607086564118e-01 9.147857190825129381e-01 9.147856364879725088e-01 9.147857148323542686e-01 9.147857150927765080e-01 9.147857196714516137e-01 9.147856688184419216e-01 9.147857409497169856e-01 9.147856992698574219e-01 9.147856721190851248e-01 9.147856372003519976e-01 9.147856820192612481e-01 9.147856602766997192e-01 9.147857252223657865e-01 9.147856677609161880e-01 9.147856479692189069e-01 9.147857291930500123e-01 9.147857279084506965e-01 9.147856860580825256e-01 9.147857324994693728e-01 9.147856292433311776e-01 9.147856444401801790e-01 9.147857133133384666e-01 9.147857210017548146e-01 9.147856523054630484e-01 9.147856311911026772e-01 9.147857003239050488e-01 9.147857218806013657e-01 9.147856873488452445e-01 9.147857094641794751e-01 9.147856814676446069e-01 9.147856586446956317e-01 9.147856944747159158e-01 9.147857056699135736e-01 9.147857090635151955e-01 9.147856831204351780e-01 9.147856894927270943e-01 9.147856806824917753e-01 9.147857038279366693e-01 9.147856887396346171e-01 9.147856997271418544e-01 9.147856158721117126e-01 9.147857195234483374e-01 9.147857011461665300e-01 9.147857023243287644e-01 9.147856802189496817e-01 9.147856684788763237e-01 9.147857100279596088e-01 9.147857024417619387e-01 9.147857037838162952e-01 9.147857393843148444e-01 9.147857038484461523e-01 9.147857153314695733e-01 9.147857303561408582e-01 9.147856893974966042e-01 9.147857031394683869e-01 9.147856995810006442e-01 9.147857272945973950e-01 9.147856711254436224e-01 9.147856559469448312e-01 9.147856863690683182e-01 9.147856958080872181e-01 9.147856666279730042e-01 9.147856874859634502e-01 9.147856495104021990e-01 9.147857280701738869e-01 9.147857041080187379e-01 9.147857073130770678e-01 9.147857022947557537e-01 9.147856873775809250e-01 9.147857226233653272e-01 9.147856436149984782e-01 9.147857000646862913e-01 9.147856655748725085e-01 9.147856511619270048e-01 9.147856983846299750e-01 9.147856604658585189e-01 9.147856819971205145e-01 9.147856549728643483e-01 9.147857048229857124e-01 9.147856681453718775e-01 9.147857092032873894e-01 9.147857132313593764e-01
9.147856610644524711e-01 9.147856751884663185e-01 9.147856980092518020e-01 9.147857334525806294e-01 1.000000000000000000e+00 9.147856892005612472e-01 9.147857079228952637e-01 9.147857331794351232e-01 9.147856481844193199e-01 9.147857065153084388e-01 9.147856749271807697e-01 9.147856618517666849e-01 9.147856811636054797e-01 9.147856688617115317e-01 9.147857018707667986e-01 9.147856828064256929e-01 9.147856344088859393e-01 9.147856592166779821e-01 9.147857101530489921e-01 9.147856649795409467e-01 9.147857138563052493e-01 9.147857093967138864e-01 9.147857009934207140e-01 9.147856565120995320e-01 9.147857222316192471e-01 9.147857077275837190e-01 9.147856706360892876e-01 9.147856422681533983e-01 9.147857050367853571e-01 9.147856027703891169e-01 9.147857122250185880e-01 9.147856622705885510e-01 9.147856419238286074e-01 9.147857054211395722e-01 9.147857211821264212e-01 9.147856665372798846e-01 9.147857271610126961e-01 9.147856222467397602e-01 9.147856426773333105e-01 9.147856969967875784e-01 9.147857268652452856e-01 9.147856944685144320e-01 9.147856027491553244e-01 9.147856868826719223e-01 9.147857036923300322e-01 9.147856895816862677e-01 9.147856886233600715e-01 9.147857184964889310e-01 9.147856568579931791e-01 9.147856773062110758e-01 9.147857152210790987e-01 9.147856803126541703e-01 9.147856968261671717e-01 9.147856830013707530e-01 9.147856728353066513e-01 9.147857019875902385e-01 9.147857087259887443e-01 9.147856601066534088e-01 9.147856604899331501e-01 9.147857104991912180e-01 9.147856995323653262e-01 9.147856676381106444e-01 9.147856413867641034e-01 9.147857011401590022e-01 9.147857028599802875e-01 9.147857103369424481e-01 9.147856996934153884e-01 9.147857125801756029e-01 9.147856995775167643e-01 9.147857017835199223e-01 9.147857301486235215e-01 9.147856871539317147e-01 9.147856561125132790e-01 9.147856703451052729e-01 9.147856877862062808e-01 9.147856952250518203e-01 9.147856665712625901e-01 9.147856968566782099e-01 9.147856751329951353e-01 9.147856756319393545e-01 9.147856420533947430e-01 9.147856231767342861e-01 9.147857116646653797e-01 9.147857044437681662e-01 9.147856873331261518e-01 9.147857037786231160e-01 9.147857000753062406e-01 9.147857062398854211e-01 9.147856610753113404e-01 9.147856807459114892e-01 9.147856434236517620e-01 9.147855986940077733e-01 9.147857085185399084e-01 9.147856444063112713e-01 9.147857038729513279e-01 9.147856355814389939e-01 9.147856845367650092e-01 9.147856200343484900e-01 9.147857164222447102e-01 9.147857155394866213e-01
9.147855953337893364e-01 9.147856580959199402e-01 9.147856392745480347e-01 9.147857071467762058e-01 9.147856892005612472e-01 1.000000000000000000e+00 9.147856320947380659e-01 9.147856709518225049e-01 9.147856257798875346e-01 9.147856901999527057e-01 9.147856724718296251e-01 9.147856396547501268e-01 9.147856442200247296e-01 9.147856654129485898e-01 9.147857111982670153e-01 9.147856647018306475e-01 9.147856739947560767e-01 9.147856953369669641e-01 9.147856541840999611e-01 9.147856118449587681e-01 9.147856772302465078e-01 9.147856584266143010e-01 9.147856829160192493e-01 9.147857152089219346e-01 9.147856887741439014e-01 9.147856738237170049e-01 9.147856659335520391e-01 9.147855877922994594e-01 9.147856727156927770e-01 9.147856278013855036e-01 9.147857178710691040e-01 9.147856133632091824e-01 9.147855752933106155e-01 9.147857097355638345e-01 9.147856795005377961e-01 9.147856683412920464e-01 9.147857120345276316e-01 9.147855885429763134e-01 9.147856043693373129e-01 9.147856674839884850e-01 9.147857026942536329e-01 9.147856234219298166e-01 9.147855576850819626e-01 9.147856985106498362e-01 9.147856697876804999e-01 9.147856398460798566e-01 9.147856919724974833e-01 9.147856398221393404e-01 9.147855986432763542e-01 9.147856150812043730e-01 9.147856299874961294e-01 9.147856981371380591e-01 9.147856813947542465e-01 9.147856944661270084e-01 9.147856942293112192e-01 9.147856695711722441e-01 9.147856141561733212e-01 9.147856974192547508e-01 9.147855614637809829e-01 9.147856737060555687e-01 9.147856939437698509e-01 9.147857076492403872e-01 9.147856325622929496e-01 9.147856292607563500e-01 9.147856946646560905e-01 9.147856399526457238e-01 9.147856577942186096e-01 9.147856677651745594e-01 9.147856996636667404e-01 9.147857167586322946e-01 9.147856735092031455e-01 9.147856251402907146e-01 9.147856744800073603e-01 9.147856836563511562e-01 9.147856838981066607e-01 9.147856543109709193e-01 9.147855836404467089e-01 9.147856338098405704e-01 9.147856638474141100e-01 9.147857208899652370e-01 9.147856303183673488e-01 9.147856333906002613e-01 9.147857111007865472e-01 9.147857027070906977e-01 9.147856938926612891e-01 9.147856626359419652e-01 9.147856782029494260e-01 9.147856828052163269e-01 9.147855810769296436e-01 9.147857035279991500e-01 9.147855994943432378e-01 9.147855811396254921e-01 9.147856225910832029e-01 9.147856035302600608e-01 9.147856581000521903e-01 9.147856195239529864e-01 9.147856827257482282e-01 9.147857004307337059e-01 9.147856601595134585e-01 9.147856633722633024e-01
9.147857026554301330e-01 9.147857135673314044e-01 9.147857447230536287e-01 9.147856839113283067e-01 9.147857079228952637e-01 9.147856320947380659e-01 1.000000000000000000e+00 9.147857169265531940e-01 9.147857035954309879e-01 9.147857168299918795e-01 9.147857045190050940e-01 9.147856802874179127e-01 9.147856554263722462e-01 9.147856717843769747e-01 9.147856929052581298e-01 9.147856378439093161e-01 9.147856625488528515e-01 9.147856657756833210e-01 9.147857328141938416e-01 9.147856881143110463e-01 9.147856996474236224e-01 9.147857056550887656e-01 9.147856869620454301e-01 9.147856632594973947e-01 9.147856890236121252e-01 9.147857280637426980e-01 9.147857184901587724e-01 9.147856387421240409e-01 9.147857258135597691e-01 9.147856165315515486e-01 9.147856570585553015e-01 9.147857034651685204e-01 9.147856921051376045e-01 9.147857029336486923e-01 9.147856867699103445e-01 9.147856686861173259e-01 9.147856975125344681e-01 9.147856767726335603e-01 9.147856836046713846e-01 9.147856359235889689e-01 9.147857048772207733e-01 9.147857401157981627e-01 9.147856127677469473e-01 9.147856683654637111e-01 9.147856720368648942e-01 9.147856952732272839e-01 9.147856867143131510e-01 9.147857069182675493e-01 9.147856726264624871e-01 9.147856950776678264e-01 9.147857168564038632e-01 9.147856554474206314e-01 9.147857273382841159e-01 9.147857035218264210e-01 9.147857014617044591e-01 9.147857122899498705e-01 9.147857398161328701e-01 9.147856639559089897e-01 9.147857246293251698e-01 9.147856918659873493e-01 9.147856831141621958e-01 9.147856463723728071e-01 9.147856892814419938e-01 9.147857180114914444e-01 9.147856945410389740e-01 9.147857167188078176e-01 9.147856925563351282e-01 9.147856719933846747e-01 9.147856848296017640e-01 9.147856936730348609e-01 9.147856927502544533e-01 9.147856612501032991e-01 9.147856831108444053e-01 9.147856952532273933e-01 9.147856667106415429e-01 9.147856626047060624e-01 9.147857243048478360e-01 9.147857298584254337e-01 9.147857130723988650e-01 9.147856570360947126e-01 9.147856220401920924e-01 9.147856973030626948e-01 9.147856650409472712e-01 9.147857067566633749e-01 9.147856900052113716e-01 9.147857391856950571e-01 9.147857065820624856e-01 9.147857136898062125e-01 9.147856989411587980e-01 9.147856667797114039e-01 9.147856474072471045e-01 9.147855989428399504e-01 9.147857035033508666e-01 9.147856787084377439e-01 9.147857277922641916e-01 9.147857055359545075e-01 9.147856768949637063e-01 9.147856293235305802e-01 9.147857255063650550e-01 9.147857364965157334e-01
9.147856647152500242e-01 9.147856933629426868e-01 9.147857031379732495e-01 9.147857117449078590e-01 9.147857331794351232e-01 9.147856709518225049e-01 9.147857169265531940e-01 1.000000000000000000e+00 9.147856630820203616e-01 9.147857226876406900e-01 9.147856977419159819e-01 9.147856753539607144e-01 9.147856919204716553e-01 9.147856885978156161e-01 9.147857082387353955e-01 9.147856637437012939e-01 9.147856613454785624e-01 9.147856686366224732e-01 9.147857102637709792e-01 9.147856769937589005e-01 9.147857018910268145e-01 9.147857038350054593e-01 9.147856906649819431e-01 9.147856670913110388e-01 9.147857094141730316e-01 9.147857164606715275e-01 9.147856875156293865e-01 9.147856295738518995e-01 9.147857146391208394e-01 9.147856161835735689e-01 9.147856961071754167e-01 9.147856770692524009e-01 9.147856631583228815e-01 9.147857140508285356e-01 9.147857122994714762e-01 9.147856933658532474e-01 9.147857041193898642e-01 9.147856575961327286e-01 9.147856888902036188e-01 9.147856790845318997e-01 9.147857094196703009e-01 9.147857127594184456e-01 9.147856257640283317e-01 9.147856998055617916e-01 9.147856978190596067e-01 9.147857066843709806e-01 9.147857056398658315e-01 9.147857307422295747e-01 9.147856797541417118e-01 9.147856761100936485e-01 9.147857248330207858e-01 9.147856753328708068e-01 9.147857081682136959e-01 9.147857178308822501e-01 9.147857062085881230e-01 9.147857149030687030e-01 9.147857136414613288e-01 9.147856839700714282e-01 9.147856757979230258e-01 9.147856882564502357e-01 9.147856814563807282e-01 9.147856570211060356e-01 9.147856540395630232e-01 9.147856859245399042e-01 9.147857183134192605e-01 9.147857342998800823e-01 9.147857257372505879e-01 9.147856941070642289e-01 9.147857072753408092e-01 9.147857078864888303e-01 9.147857266529176856e-01 9.147856742398258190e-01 9.147856668113572010e-01 9.147856793850389634e-01 9.147856897388589870e-01 9.147856662210196443e-01 9.147856928986513037e-01 9.147857182278265054e-01 9.147857036250857110e-01 9.147856867812347303e-01 9.147856331868126079e-01 9.147856400517352382e-01 9.147856820197329819e-01 9.147857194916253487e-01 9.147857086777267943e-01 9.147857150907278134e-01 9.147857048526149004e-01 9.147857198519633304e-01 9.147856596617363056e-01 9.147856982939441828e-01 9.147856657445271322e-01 9.147855856712884259e-01 9.147857196408462066e-01 9.147856751566838529e-01 9.147857288231249218e-01 9.147856627375431371e-01 9.147856939289116252e-01 9.147856109533408775e-01 9.147857208503711313e-01 9.147856982656896729e-01
9.147856578026343222e-01 9.147857432902901653e-01 9.147857165058185247e-01 9.147856770362345902e-01 9.147856481844193199e-01 9.147856257798875346e-01 9.147857035954309879e-01 9.147856630820203616e-01 1.000000000000000000e+00 9.147856983291249300e-01 9.147856893960366609e-01 9.147857302139003055e-01 9.147856834236254286e-01 9.147856976343761159e-01 9.147857052070943462e-01 9.147856648075221031e-01 9.147857182158046774e-01 9.147856887453500452e-01 9.147857299784816210e-01 9.147856582275512016e-01 9.147857124718572486e-01 9.147857211475095562e-01 9.147856814312875784e-01 9.147856879416311759e-01 9.147856980763725554e-01 9.147857275813583433e-01 9.147857040339445467e-01 9.147856385355545017e-01 9.147856931719424711e-01 9.147857197568193266e-01 9.147856704151869911e-01 9.147856662231161895e-01 9.147856846476331016e-01 9.147857222223376716e-01 9.147856909681124638e-01 9.147856697714105145e-01 9.147856895829235002e-01 9.147857172563510497e-01 9.147856853496341145e-01 9.147856589232038482e-01 9.147856854250037140e-01 9.147856818575803572e-01 9.147856740138753384e-01 9.147857022415533113e-01 9.147856810563149699e-01 9.147856996530796536e-01 9.147857056699640887e-01 9.147856504461786553e-01 9.147857077296830397e-01 9.147857353569475158e-01 9.147856996149223985e-01 9.147857065638371754e-01 9.147856808712994114e-01 9.147857058635500138e-01 9.147856895516812692e-01 9.147857215965560229e-01 9.147857105116357079e-01 9.147857073299004993e-01 9.147856483410697903e-01 9.147856846219841742e-01 9.147856994976876210e-01 9.147857051080555690e-01 9.147857310450703272e-01 9.147856446410099762e-01 9.147857098242736518e-01 9.147856934840120635e-01 9.147857061913660104e-01 9.147856692910476539e-01 9.147856794884935416e-01 9.147857026895951371e-01 9.147856914090642944e-01 9.147856854761760026e-01 9.147857206003513486e-01 9.147857301145670972e-01 9.147856791460223791e-01 9.147856391347426452e-01 9.147857144482248737e-01 9.147857270968550170e-01 9.147857088909597811e-01 9.147856308869846131e-01 9.147857090491743337e-01 9.147857383327435699e-01 9.147856796913533817e-01 9.147856857031197997e-01 9.147857033659564374e-01 9.147857072336995632e-01 9.147856999628033448e-01 9.147857245886354960e-01 9.147856726808227812e-01 9.147857022723311360e-01 9.147857034793969166e-01 9.147856756786852950e-01 9.147856718764568740e-01 9.147857110400313685e-01 9.147856897111679153e-01 9.147857143609979813e-01 9.147856765665137724e-01 9.147856977068190565e-01 9.147857234744956045e-01 9.147856957933492295e-01
9.147856687851781965e-01 9.147857302864900175e-01 9.147857078097469952e-01 9.147856984193472041e-01 9.147857065153084388e-01 9.147856901999527057e-01 9.147857168299918795e-01 9.147857226876406900e-01 9.147856983291249300e-01 1.000000000000000000e+00 9.147857039074150931e-01 9.147857124610004886e-01 9.147856624665597902e-01 9.147856961270725007e-01 9.147857377699226689e-01 9.147856971838618234e-01 9.147857168487848467e-01 9.147856991555040063e-01 9.147857200514529774e-01 9.147857037580504613e-01 9.147857241909310710e-01 9.147856957641079534e-01 9.147857067881457471e-01 9.147857086440575047e-01 9.147857133492937054e-01 9.147857352659695129e-01 9.147857107822692235e-01 9.147856508846711199e-01 9.147857301709422240e-01 9.147856599585761916e-01 9.147856906928989451e-01 9.147857068343353548e-01 9.147856506886483663e-01 9.147857272704349452e-01 9.147857071107601268e-01 9.147856720763304361e-01 9.147857136525570088e-01 9.147856871111648136e-01 9.147857001976135161e-01 9.147856811965751067e-01 9.147857224408955101e-01 9.147857066988988040e-01 9.147856443880475474e-01 9.147857158787654486e-01 9.147857074315141057e-01 9.147857132479177977e-01 9.147857284335357830e-01 9.147857030618119500e-01 9.147856975783734690e-01 9.147856925397263028e-01 9.147857053918670989e-01 9.147856963623627324e-01 9.147857010195867833e-01 9.147857328421160616e-01 9.147857295822416912e-01 9.147857323415581332e-01 9.147857064477786793e-01 9.147856870236427129e-01 9.147856873434255798e-01 9.147857023032028856e-01 9.147857033734134724e-01 9.147856906531831589e-01 9.147856968297295444e-01 9.147856887017283833e-01 9.147857180802690946e-01 9.147857114075741425e-01 9.147857192802054671e-01 9.147856846420520105e-01 9.147857171430570089e-01 9.147857066774390811e-01 9.147857110190384944e-01 9.147856952545391218e-01 9.147856812412296090e-01 9.147857214487505884e-01 9.147856994590854995e-01 9.147856903922085836e-01 9.147857056420056754e-01 9.147857183983986173e-01 9.147856940853436036e-01 9.147857028113809408e-01 9.147856511286078796e-01 9.147856808358204583e-01 9.147857133439996069e-01 9.147857343757184179e-01 9.147857304527702293e-01 9.147857184292776944e-01 9.147857419699370052e-01 9.147857259112678330e-01 9.147856873301848379e-01 9.147857306976638903e-01 9.147856915480697682e-01 9.147856374348526387e-01 9.147856651855187371e-01 9.147856625344984449e-01 9.147857106126519033e-01 9.147857040544121743e-01 9.147856857071290371e-01 9.147856860826755199e-01 9.147857283681544160e-01 9.147856995225535082e-01
9.147857072950643653e-01 9.147857173453765034e-01 9.147857100726183299e-01 9.147856755162095954e-01 9.147856749271807697e-01 9.147856724718296251e-01 9.147857045190050940e-01 9.147856977419159819e-01 9.147856893960366609e-01 9.147857039074150931e-01 1.000000000000000000e+00 9.147856942045787809e-01 9.147856835515789653e-01 9.147857113936512796e-01 9.147857188780341708e-01 9.147856192230993111e-01 9.147857106504179159e-01 9.147856903387111549e-01 9.147857118031952339e-01 9.147857069238674033e-01 9.147856776035058202e-01 9.147856915279547474e-01 9.147857024337280318e-01 9.147856904787652343e-01 9.147856899282811316e-01 9.147857129668569565e-01 9.147857323987170775e-01 9.147856782715058088e-01 9.147857321321890556e-01 9.147856651394209448e-01 9.147856901399131768e-01 9.147856635547727544e-01 9.147857174335779495e-01 9.147857119924300839e-01 9.147856425613968279e-01 9.147857236755548849e-01 9.147856622699791496e-01 9.147857072542108225e-01 9.147857259250155026e-01 9.147856634031763523e-01 9.147857122537002006e-01 9.147857132667517321e-01 9.147856571844816820e-01 9.147856772506385292e-01 9.147856953122106560e-01 9.147857203008222804e-01 9.147856682148949314e-01 9.147856647605295821e-01 9.147856783087640054e-01 9.147856739411220905e-01 9.147856986512684641e-01 9.147856890798642393e-01 9.147857123008809044e-01 9.147857186065543322e-01 9.147857025656773722e-01 9.147857251259334799e-01 9.147856786005013063e-01 9.147857084451537224e-01 9.147856767425648350e-01 9.147857092066239426e-01 9.147857007161126486e-01 9.147856670561477221e-01 9.147857025928395336e-01 9.147857058010497866e-01 9.147857241319397037e-01 9.147857229664343448e-01 9.147857014622354788e-01 9.147856562919509660e-01 9.147857382477738719e-01 9.147857119119323643e-01 9.147856692604811046e-01 9.147856279179771288e-01 9.147857146939549766e-01 9.147857263814516138e-01 9.147856938680317684e-01 9.147856787765943354e-01 9.147857020499634562e-01 9.147857128975454000e-01 9.147857267647334645e-01 9.147856665235094553e-01 9.147856281140844814e-01 9.147857035022531891e-01 9.147856742604615343e-01 9.147857378445748422e-01 9.147857209922117816e-01 9.147857293780988774e-01 9.147857095734245325e-01 9.147857321981484047e-01 9.147856750924059366e-01 9.147856954273794194e-01 9.147856625433272715e-01 9.147856267927816365e-01 9.147856661644743204e-01 9.147857178731781946e-01 9.147857250483433234e-01 9.147857153046995426e-01 9.147857172607745113e-01 9.147856632080354489e-01 9.147856996950843866e-01 9.147856908919084207e-01
9.147856741776552170e-01 9.147857445441610613e-01 9.147856849952989977e-01 9.147856801716617303e-01 9.147856618517666849e-01 9.147856396547501268e-01 9.147856802874179127e-01 9.147856753539607144e-01 9.147857302139003055e-01 9.147857124610004886e-01 9.147856942045787809e-01 1.000000000000000000e+00 9.147856962034573991e-01 9.147856991910972013e-01 9.147857280476915376e-01 9.147856968488297102e-01 9.147857331423471239e-01 9.147856935182042681e-01 9.147857224097283302e-01 9.147856985287201592e-01 9.147857301249352480e-01 9.147857213021952649e-01 9.147856892604807610e-01 9.147856893526010724e-01 9.147857152107251588e-01 9.147857328610018435e-01 9.147856838400718615e-01 9.147856944530190493e-01 9.147857070276473879e-01 9.147857328289615841e-01 9.147856999082826235e-01 9.147856450445726040e-01 9.147856748988381081e-01 9.147857202464887427e-01 9.147856948311298142e-01 9.147856649665865314e-01 9.147856819892861147e-01 9.147857354545906317e-01 9.147857103488591379e-01 9.147857075189779197e-01 9.147857060177333466e-01 9.147856773930653773e-01 9.147857129830507805e-01 9.147857191388030218e-01 9.147857191840134128e-01 9.147857363538536291e-01 9.147857025386155749e-01 9.147856677203064502e-01 9.147857429639280058e-01 9.147857405374958395e-01 9.147857110507010558e-01 9.147857292325186629e-01 9.147856460583099203e-01 9.147857018741266666e-01 9.147856700584835465e-01 9.147857437377958645e-01 9.147856989505793734e-01 9.147856944782878363e-01 9.147856470667959927e-01 9.147857085561487134e-01 9.147857205289889881e-01 9.147857111577778477e-01 9.147857143366551202e-01 9.147856506900317042e-01 9.147857283095034431e-01 9.147857106356037660e-01 9.147857333880503594e-01 9.147856694333547090e-01 9.147857127344797279e-01 9.147856968203107453e-01 9.147857111752767389e-01 9.147857170217860157e-01 9.147856914736586242e-01 9.147857332037593325e-01 9.147856880334255258e-01 9.147856960429988638e-01 9.147857132354344500e-01 9.147857299683362919e-01 9.147856755195694634e-01 9.147856357195423005e-01 9.147857203868120513e-01 9.147856974853650902e-01 9.147857117116571235e-01 9.147857013718500019e-01 9.147857211803378519e-01 9.147856907645040003e-01 9.147857307480190547e-01 9.147857320494970912e-01 9.147856923425258246e-01 9.147857309955090832e-01 9.147857437671247371e-01 9.147856969956215112e-01 9.147856524017368152e-01 9.147857159758829848e-01 9.147856890421381948e-01 9.147856937669618382e-01 9.147856737975571528e-01 9.147856913719101257e-01 9.147857335947514601e-01 9.147856623134162923e-01
9.147856169491008771e-01 9.147856932054340140e-01 9.147856815451540502e-01 9.147857026378822809e-01 9.147856811636054797e-01 9.147856442200247296e-01 9.147856554263722462e-01 9.147856919204716553e-01 9.147856834236254286e-01 9.147856624665597902e-01 9.147856835515789653e-01 9.147856962034573991e-01 1.000000000000000000e+00 9.147857072655164457e-01 9.147857054287050760e-01 9.147856840437410542e-01 9.147856756020743552e-01 9.147856800951981171e-01 9.147856917905476948e-01 9.147856594828325250e-01 9.147857049238832250e-01 9.147857312786629169e-01 9.147856996171880306e-01 9.147856430176957154e-01 9.147857226297377853e-01 9.147856965406248042e-01 9.147856780146361722e-01 9.147856233042642726e-01 9.147856856537500692e-01 9.147856868964713284e-01 9.147857060890571823e-01 9.147856108877231440e-01 9.147856941711506318e-01 9.147856982570282680e-01 9.147856873877383554e-01 9.147857241614222312e-01 9.147856834085070776e-01 9.147856904071177686e-01 9.147856827332275786e-01 9.147857213186489922e-01 9.147857039441495974e-01 9.147856522627630937e-01 9.147857054148700318e-01 9.147856985993537693e-01 9.147856937083316264e-01 9.147857061951774060e-01 9.147856601822901279e-01 9.147856441532971061e-01 9.147857056735596570e-01 9.147857029889524538e-01 9.147857276400036541e-01 9.147857011485959200e-01 9.147856606985540484e-01 9.147856943115461048e-01 9.147856548467442339e-01 9.147857126231698777e-01 9.147856641056212323e-01 9.147857069896262461e-01 9.147855666172094447e-01 9.147856914546305118e-01 9.147857068481727305e-01 9.147856821250865966e-01 9.147856799588351961e-01 9.147856423939565440e-01 9.147857295143677625e-01 9.147857154908741739e-01 9.147857182476116789e-01 9.147857046481073784e-01 9.147857039835264326e-01 9.147856962936309344e-01 9.147857212291878870e-01 9.147856956628274139e-01 9.147856869731892937e-01 9.147856862090198993e-01 9.147856780364892471e-01 9.147856512442704702e-01 9.147856833429707235e-01 9.147857032710630110e-01 9.147856876919652214e-01 9.147856073259682530e-01 9.147857007993404066e-01 9.147856622822052586e-01 9.147856780329541859e-01 9.147856928964964718e-01 9.147856764800574858e-01 9.147856623653224384e-01 9.147856757799255334e-01 9.147857188701906672e-01 9.147855932857507089e-01 9.147856897629440542e-01 9.147856953449086115e-01 9.147856700723792089e-01 9.147857182358898331e-01 9.147857142029734989e-01 9.147856750662403114e-01 9.147856526693560753e-01 9.147857250588296019e-01 9.147856260467009948e-01 9.147856965162344256e-01 9.147856459078547164e-01
9.147856160760008404e-01 9.147857159375708536e-01 9.147856950422929012e-01 9.147857099879952436e-01 9.147856688617115317e-01 9.147856654129485898e-01 9.147856717843769747e-01 9.147856885978156161e-01 9.147856976343761159e-01 9.147856961270725007e-01 9.147857113936512796e-01 9.147856991910972013e-01 9.147857072655164457e-01 1.000000000000000000e+00 9.147857167185424743e-01 9.147856572388308738e-01 9.147857104455604516e-01 9.147856491207685403e-01 9.147857175637678084e-01 9.147856680221523318e-01 9.147856841772806780e-01 9.147856895677374256e-01 9.147857320604352305e-01 9.147856528778075536e-01 9.147857255935756271e-01 9.147856874933228966e-01 9.147857055876037480e-01 9.147856457912445505e-01 9.147856878194040586e-01 9.147856947401881156e-01 9.147856814331271069e-01 9.147856962421319071e-01 9.147857047071706882e-01 9.147857201373719160e-01 9.147856652320055515e-01 9.147857230699802944e-01 9.147856719458404839e-01 9.147856864837047297e-01 9.147857145299622683e-01 9.147856958883303635e-01 9.147857014852721624e-01 9.147856426149649778e-01 9.147856946122795430e-01 9.147856758358203777e-01 9.147857221882900181e-01 9.147857088895042788e-01 9.147856892068514378e-01 9.147856247941389407e-01 9.147856812416363947e-01 9.147856899572963663e-01 9.147857034079459604e-01 9.147856900722617368e-01 9.147856673391133731e-01 9.147857080240453520e-01 9.147856965561412812e-01 9.147857164335805313e-01 9.147856566962470071e-01 9.147857136428727554e-01 9.147856155123703648e-01 9.147857148526988835e-01 9.147856759881969335e-01 9.147856716170851277e-01 9.147857318929490944e-01 9.147856638843421262e-01 9.147857100745665493e-01 9.147857159249339620e-01 9.147857050631501563e-01 9.147857191705437430e-01 9.147857202089239026e-01 9.147856900710346073e-01 9.147856877087578997e-01 9.147856601664707821e-01 9.147857301393107488e-01 9.147857296095556201e-01 9.147857412989077730e-01 9.147856400265542698e-01 9.147856931849738249e-01 9.147856881055932421e-01 9.147857212463977872e-01 9.147856206255023936e-01 9.147856659807765967e-01 9.147856823414091121e-01 9.147856909337808151e-01 9.147857243745215472e-01 9.147857242913611797e-01 9.147857078510348572e-01 9.147856859718521694e-01 9.147857379250551313e-01 9.147856407900198938e-01 9.147857017400200519e-01 9.147856946277816981e-01 9.147856956017197394e-01 9.147856666720727281e-01 9.147856984849208617e-01 9.147856712651517563e-01 9.147857194972781603e-01 9.147857296965163920e-01 9.147856696797086462e-01 9.147856863894285873e-01 9.147856781539753790e-01
9.147856646830399008e-01 9.147857350940651333e-01 9.147857022874191779e-01 9.147857111877567560e-01 9.147857018707667986e-01 9.147857111982670153e-01 9.147856929052581298e-01 9.147857082387353955e-01 9.147857052070943462e-01 9.147857377699226689e-01 9.147857188780341708e-01 9.147857280476915376e-01 9.147857054287050760e-01 9.147857167185424743e-01 1.000000000000000000e+00 9.147857176147078384e-01 9.147857357739412887e-01 9.147857241778380999e-01 9.147857165960215919e-01 9.147857119498544742e-01 9.147857350671753096e-01 9.147857173928649610e-01 9.147857270841120991e-01 9.147857181136438420e-01 9.147857329026786166e-01 9.147857351824402183e-01 9.147857196133484248e-01 9.147856683523220012e-01 9.147857339354351636e-01 9.147856996880794345e-01 9.147857217976320676e-01 9.147856769103630548e-01 9.147856739370076040e-01 9.147857327998528687e-01 9.147857033094157764e-01 9.147857070309488581e-01 9.147857177020926045e-01 9.147857074243155306e-01 9.147857078782123397e-01 9.147857206184304424e-01 9.147857406600281571e-01 9.147856901347559688e-01 9.147856869323948148e-01 9.147857292877564772e-01 9.147857218768756793e-01 9.147857263124052896e-01 9.147857141975872519e-01 9.147856758559615997e-01 9.147857135309622745e-01 9.147857049726524359e-01 9.147857139361803558e-01 9.147857263636792746e-01 9.147856948642735242e-01 9.147857348341399408e-01 9.147857174951462556e-01 9.147857429497876502e-01 9.147856841397898897e-01 9.147857138661775744e-01 9.147856422234225127e-01 9.147857224868438664e-01 9.147857353390276280e-01 9.147857187682982838e-01 9.147857113377897420e-01 9.147856871710456916e-01 9.147857408625628128e-01 9.147857142283406517e-01 9.147857259234909444e-01 9.147857003389400221e-01 9.147857408123676315e-01 9.147857207474423547e-01 9.147857192793967807e-01 9.147857095145554007e-01 9.147857018322468337e-01 9.147857366532681223e-01 9.147857090952157266e-01 9.147857088916577784e-01 9.147857003904419360e-01 9.147857164516306483e-01 9.147856971210616139e-01 9.147856921012991194e-01 9.147856878005143910e-01 9.147856948763534168e-01 9.147857315843709314e-01 9.147857426541267101e-01 9.147857308717666225e-01 9.147857046426812744e-01 9.147857430694938952e-01 9.147857375935888324e-01 9.147856633548326899e-01 9.147857423349553541e-01 9.147857081043374583e-01 9.147856810226715485e-01 9.147856719632272426e-01 9.147856903972606535e-01 9.147857007406386964e-01 9.147857027449413092e-01 9.147857199073793355e-01 9.147857088986106611e-01 9.147857240768876297e-01 9.147856842397512622e-01
9.147855740087807996e-01 9.147856881276351659e-01 9.147856538992372721e-01 9.147856927761796042e-01 9.147856828064256929e-01 9.147856647018306475e-01 9.147856378439093161e-01 9.147856637437012939e-01 9.147856648075221031e-01 9.147856971838618234e-01 9.147856192230993111e-01 9.147856968488297102e-01 9.147856840437410542e-01 9.147856572388308738e-01 9.147857176147078384e-01 1.000000000000000000e+00 9.147856760075440130e-01 9.147856856547907922e-01 9.147856720437201883e-01 9.147856614829474875e-01 9.147857375193687579e-01 9.147857019777791976e-01 9.147856958800612004e-01 9.147856580875878274e-01 9.147857222868230886e-01 9.147856992713284674e-01 9.147856485127744408e-01 9.147856018462088290e-01 9.147856784863055424e-01 9.147856616896067328e-01 9.147856886735080684e-01 9.147856304491895907e-01 9.147855959447179774e-01 9.147856831981571180e-01 9.147857076701237933e-01 9.147856344091482850e-01 9.147857160845098701e-01 9.147856497165706147e-01 9.147856264522680192e-01 9.147857232228719937e-01 9.147857141335153930e-01 9.147856209301037378e-01 9.147856655314834384e-01 9.147857070141481861e-01 9.147856858186173001e-01 9.147856749820630906e-01 9.147856811703599655e-01 9.147856326868983867e-01 9.147856945185783850e-01 9.147856906161470070e-01 9.147856916706155195e-01 9.147856924293331637e-01 9.147856232308663182e-01 9.147856771051513514e-01 9.147856534621998659e-01 9.147857004270862902e-01 9.147856495252391085e-01 9.147856467339846587e-01 9.147855581167904093e-01 9.147856835359315930e-01 9.147857130255853120e-01 9.147856953107763589e-01 9.147856598743069334e-01 9.147856289506598459e-01 9.147856946722987548e-01 9.147856570954652211e-01 9.147856887415328764e-01 9.147856980196028553e-01 9.147856750782695778e-01 9.147856620180344622e-01 9.147857192867783205e-01 9.147857422434645391e-01 9.147856251658286197e-01 9.147856750853204932e-01 9.147856546571538905e-01 9.147856822627296047e-01 9.147856558916831471e-01 9.147856709082879956e-01 9.147856094167944319e-01 9.147856281033222015e-01 9.147856906864474391e-01 9.147856270030592096e-01 9.147857204883121929e-01 9.147856781685116401e-01 9.147856607881398316e-01 9.147856239880925999e-01 9.147857083572791259e-01 9.147856826961263677e-01 9.147855964150455321e-01 9.147857056725727798e-01 9.147856907662104131e-01 9.147856805026843841e-01 9.147856490817044550e-01 9.147856145114594550e-01 9.147856204545024017e-01 9.147856278407775488e-01 9.147856684582846842e-01 9.147856646335408293e-01 9.147856950832931044e-01 9.147856326968850649e-01
