1.000000000000000000e+00 -1.274458974624884944e-01 4.884043194292826857e-03 7.043464763066079048e-02 -2.401778854135706853e-02 -9.383321834156903296e-02 1.025771587374893490e-02 -2.167475831644607720e-01 -3.016758420922310835e-01 -1.257287512884777969e-01 -2.049167700920402346e-01 -1.348200152336476165e-01 3.205448538821026490e-03 -1.290241263170475994e-01 -8.520312112863605292e-02 3.596018341973558075e-01 -1.567157650905730837e-01 -5.441551289607914066e-02 -2.108836926744972196e-01 -1.731238679709578010e-01 -1.391286861288948684e-01 -4.660155215753325822e-03 -2.688320644423168940e-02 -1.667845319146978589e-01 7.522894175876919387e-02 -7.959011702247283104e-02 -1.129147810190909151e-01 -4.379239089249960248e-02 -1.986734001926805937e-01 -8.392226228247756659e-02 2.849309290943205508e-01 3.667625740345879515e-01 2.482975533150623693e-01 -1.036080507480617845e-03 3.600228825589825432e-02 -8.884583755710101505e-02 -1.053019771356394386e-02 3.243227364467048957e-01 6.563231254251340741e-02 1.877610666827759373e-02 -6.004249324406100985e-02 7.875487568394433369e-02 -1.575617738766466741e-02 1.740457901945934374e-02 5.273700382844311030e-02 -2.767811603414901261e-02 7.794080116549429501e-04 4.009702979229671366e-02 -7.262326219659440141e-02 -1.251972497326402645e-01 6.637101610128425255e-01 1.036718066595448962e-01 2.146278065739903596e-01 -2.029696811202689327e-02 -2.072010582596557071e-01 3.804513375057399886e-03 -1.323402705526110779e-01 -2.843958709186497624e-01 -1.997198205730155718e-01 -1.584581215131246057e-01 -1.197308577486380088e-01 9.116343767566006256e-03 -1.291836274974852705e-01 -1.734492188478464203e-01 -1.837877948865874744e-01 -9.814070252914416925e-02 6.985675080126739663e-03 -2.002163486301425654e-01 -6.779283854955808764e-02 -1.126979022106592843e-01 -1.773985852560684140e-01 -7.739359883901494874e-02 -4.241363656488579548e-02 -8.042123025299501016e-02 -1.930964747980775664e-01 1.082826718442166797e-02 -1.595308559974208396e-01 -8.163640606144589862e-02 1.130477329922951746e-01 3.275881509467938879e-01 -9.075052855441226307e-02 5.245035423070338459e-02 -1.087438798049855659e-01 6.198435892310570627e-02 -6.338335204287841307e-02 5.162033899584834995e-02 -1.783528647015803631e-02 3.641393475686661996e-02 -3.901353143703795850e-02 -8.971601058752622093e-02 2.868544078121898488e-01 -1.056046386920680424e-01 -1.153207061272726597e-01 8.728570885433019344e-02 1.192039667049406976e-01 4.835487786125887422e-02 3.412088465481504657e-02 7.620597355389793770e-02 4.962200625805179323e-03 -1.164385577283322259e-01
-1.274458974624884944e-01 1.000000000000000000e+00 5.301523824703789911e-01 2.747875094168776289e-01 5.692523060969949533e-01 5.663205491629684785e-01 2.710519620196396029e-01 7.663469223946980380e-01 5.484130736941098538e-01 2.183972561860453299e-01 3.255309074021686122e-01 3.601153761337614889e-01 2.637599954279963299e-01 2.166916226927902978e-01 9.640480747149678120e-02 2.216541378652022998e-01 2.733697409915696319e-01 3.530407716311875777e-01 2.591429112257032097e-01 1.243917270071851766e-01 1.403146744027744808e-01 1.617765457480370150e-01 1.515402253117655550e-02 1.891847473491712894e-01 2.872025675955006130e-01 2.916760438967064828e-01 -5.309403493650147882e-02 -3.122322917582119953e-02 2.964887987645103973e-01 -1.775821411174594300e-01 -3.067345342538493336e-01 -4.040536808129616686e-01 -3.706232278901059884e-01 9.284297161994871372e-02 2.087666313205939206e-01 2.735221685521882495e-01 1.102776584201343030e-01 -4.004927201324797736e-01 2.358550627653835732e-02 8.234995346283084661e-02 1.183681191596503562e-02 -6.892327122284797047e-02 1.599765232872366882e-01 1.226185173990085170e-01 -1.171062737934314424e-01 -1.654249801002229681e-01 -1.193590785773984281e-01 -1.412970045845200751e-01 4.163196502656521525e-01 1.570224739615032061e-01 -2.926014717691214351e-01 7.494472304174750743e-01 -7.278794500416151114e-02 2.268576482275654893e-01 7.367236829539693943e-01 4.613025432444448626e-01 6.764362168603397230e-01 5.632963707499700767e-01 3.573357760278064732e-01 3.484493880431986934e-01 3.994836787778233145e-01 2.563309923036298232e-01 2.655785567548103465e-01 2.313002126368333689e-01 2.256562798918946844e-01 5.519312475659226419e-02 1.905564678432287995e-01 3.604125563902462748e-01 2.739519408904502185e-01 3.443964865217400972e-01 2.110623863468858163e-01 1.981851770182493644e-01 1.536493924765353764e-02 2.702962931919432044e-01 3.864043932445286877e-01 3.158908376457051359e-01 2.877893884628877630e-01 -1.571763635358285338e-01 -3.534500959648647078e-01 -4.282070965409447427e-01 9.497308033449403109e-02 1.276391695964544104e-01 2.340392581384494741e-01 2.125494632772174652e-01 -9.577502279913979732e-02 -1.071219263775010505e-01 1.217667212572466767e-01 -1.906929466435418052e-01 2.459045936679531696e-01 3.047912140922092936e-02 -3.314413711049016831e-01 1.442026769675671116e-01 1.743263826276495176e-01 -5.836976542661712064e-02 -6.166292426821768659e-05 4.601223102951217114e-02 -1.683725945140296942e-01 -1.978889648691860570e-01 3.756079173507158586e-01 1.541892694569444999e-01
4.884043194292826857e-03 5.301523824703789911e-01 1.000000000000000000e+00 -3.784711834497603844e-01 -7.212482423762385519e-02 7.216748164559462220e-01 3.803146551749480020e-01 3.071208198211326512e-01 4.265226965082690724e-01 6.120718502653568760e-02 3.191558915915559402e-01 3.371983681237339381e-01 3.239287883579031746e-01 1.933238070603910397e-01 1.244752914791789900e-01 -1.372609970149881731e-01 3.358655892841146406e-01 1.734830722002164149e-01 2.519858295209982946e-01 1.571530058731349655e-01 1.697112111734797313e-01 2.768194279222781495e-01 7.402630949020502782e-02 3.548695954955642384e-01 2.887410415388491081e-01 4.098150623610828380e-01 1.079910456993746354e-01 7.015056318046708483e-02 2.121407528541751353e-01 -8.965026097644379632e-02 -3.953145407741173178e-01 -4.976766718108464049e-01 -4.702674390385612191e-01 2.765800233717237711e-01 2.526990175207042832e-01 3.247399764953549650e-01 2.284810399511566226e-01 -5.327103237730211882e-01 7.296973079299806653e-02 1.538504897418276063e-01 3.118822122477395986e-01 1.603589691773762427e-01 3.480564534417844857e-01 3.337061355505049343e-01 8.662207503439860179e-02 1.765200503528298326e-02 4.541310064077944131e-02 9.350610413757051709e-03 6.118342811666610537e-01 3.042248234721890432e-01 -3.402431730107599028e-01 7.143087408869749355e-01 -4.066011651080544964e-01 -4.067271899412278069e-01 6.293220902019476259e-01 8.045657167868383031e-01 2.380127836178319023e-01 4.153564290770335177e-01 8.000162826372358982e-02 2.896350445375653337e-01 3.660277067227103442e-01 2.994516780996128724e-01 3.018193913689336538e-01 1.461197584586875764e-01 1.526035660967472174e-01 9.636721663711450558e-02 3.342756418268577612e-01 2.783193469148888544e-01 2.706575109532428081e-01 1.547709814352573043e-01 1.468560483170520126e-01 2.716459981049313965e-01 2.250272097544897196e-02 3.661473755529545127e-01 3.679114231916498223e-01 4.577152718108548068e-01 2.686451016285013593e-01 -1.348154155004519239e-01 -5.099304687722019391e-01 -4.858058242118309944e-01 2.981367910551551148e-01 2.910389907226483830e-01 2.002015897957179769e-01 3.212806963077766143e-01 5.280100227118836309e-02 5.224420504978355417e-02 9.405712489133596921e-02 -1.026206620088528504e-01 3.017866290037114485e-01 2.932397898430172400e-01 -4.609195014851490968e-01 2.573584757999247685e-01 9.957024212126576457e-02 1.021067741702882253e-01 3.096108125176155190e-01 2.293601639383381907e-01 2.012402893453739752e-02 -7.560929850439951361e-02 5.500896994591887301e-01 2.809148966324472307e-01
7.043464763066079048e-02 2.747875094168776289e-01 -3.784711834497603844e-01 1.000000000000000000e+00 7.191730081686757980e-01 -2.417178302871376416e-01 -1.306899434286011019e-01 3.675978338938376000e-01 -5.565704198497382904e-02 6.579002263688096819e-02 -1.201894319847599951e-01 -9.745660282416344911e-02 -1.164863311034287641e-01 -2.988360463609117390e-02 -4.801548758798569044e-02 5.324170286281423303e-01 -1.211884637937810233e-01 2.013739461047595602e-01 -7.300800321766832968e-02 -1.210495132561874715e-01 -1.095607225168257759e-01 -1.023613942670763693e-01 -2.221499281390365566e-02 -2.864438671679719328e-01 6.141237780491837911e-02 -2.150635015947030271e-01 -1.853767409098959207e-01 -1.050987045862123298e-01 -1.035716864784862329e-01 -2.273279313267705798e-02 2.973834888650762620e-01 3.138426656811140747e-01 2.495587101021724263e-01 -1.609699926488545041e-01 -4.937866251253782840e-02 -2.359433547816752463e-01 -2.584370628517926316e-01 3.065753302870444230e-01 -2.020988442540398722e-02 -7.233951217182663096e-02 -3.302216408621988508e-01 -2.417612902849766432e-01 -2.258931021708969755e-01 -1.946348489737063647e-01 -1.284235037591276996e-01 -1.014861171520254485e-01 -7.644984289220488338e-02 -1.389615936488568758e-02 -3.072940089824525156e-01 -2.332428419358087146e-01 2.225324501522472909e-01 -5.964913058051441591e-02 5.388526329632303824e-01 8.546101768968690227e-01 1.186905138554729920e-02 -3.512286062479640925e-01 4.180583001888691919e-01 -1.626056109426288893e-02 1.431666399434733672e-01 -4.427677404595027622e-02 -4.563151164119470110e-02 -7.803502864957354013e-02 -1.200772650639645028e-01 6.408192862282457991e-02 4.544126230298910912e-02 -1.899836330738875756e-02 -2.365411203663742579e-01 -2.972774493680904392e-03 -5.734076359294855429e-02 1.677686835081899086e-01 -1.933086899469986519e-02 -1.590856955880032286e-01 6.361102382776955000e-02 -2.129109949097358345e-01 -1.231857956301869450e-01 -1.863439651047251733e-01 -1.434669754284849386e-01 1.826493024855118871e-02 2.906250817977030221e-01 2.523453546850335516e-01 -2.899044409136637412e-01 -1.922472339968222810e-01 4.098574636850420283e-02 -1.492499698576646716e-01 -1.949510362832332644e-01 -1.122583169958912830e-01 -1.796363420045525572e-01 -8.630960936685377893e-02 -1.980756485469779837e-01 -3.532575656267140651e-01 2.770959301565326660e-01 -1.474763572572897197e-01 -7.430060073511349228e-02 -2.291289454655219271e-01 -2.775232399875053324e-01 -1.315273974262707590e-01 -8.641876012775932814e-02 -1.939120673574241949e-02 -2.963055219011671571e-01 -2.122215865006915614e-01
-2.401778854135706853e-02 5.692523060969949533e-01 -7.212482423762385519e-02 7.191730081686757980e-01 1.000000000000000000e+00 1.947712625975034917e-01 -6.671506016002563821e-02 6.045734308685108971e-01 3.559971819077687449e-01 3.212722805331302278e-01 1.760790059457549850e-01 2.486645389571183751e-01 2.250100126101719222e-01 2.431044598688881231e-01 8.885755577124558602e-02 3.848505857615615033e-01 1.670095231655097101e-01 2.446120890653042668e-01 2.044981490390974099e-01 3.272815657932107158e-02 9.782192218499255465e-02 8.429337914335813253e-02 1.118554462072651468e-01 -1.489556857012104725e-02 2.345518243467089592e-01 8.076508413925660712e-02 -2.857869257298805820e-03 6.257143110315638301e-02 2.204663063652971544e-01 -1.018700726962654774e-03 3.167398001766948828e-02 1.184119935035342630e-01 7.046386731139117621e-02 -2.844838714771419710e-02 1.647893772460605755e-01 -1.067946742839010312e-03 -4.482523546221616612e-02 9.930910989172420100e-02 3.684682713395825288e-02 -1.293816841886126674e-02 -1.877217695284083554e-01 -1.804720615056241428e-01 -6.635408392426314639e-02 -7.823632666727763779e-03 -9.292971060628234248e-02 -6.283867662754179240e-02 -1.841901613086718500e-02 -7.866501142599657478e-03 -1.303521151914898389e-03 -2.266965318867454268e-02 1.215212414171106849e-02 1.682549040145998043e-01 3.479138137929716490e-01 7.237287258304206938e-01 4.535001266048367397e-01 -3.131910913961837538e-03 5.212936946683662809e-01 3.641757662983432509e-01 4.093055129066785480e-01 2.901709446268542214e-01 2.948315216928947824e-01 2.403108013267021559e-01 1.843067294745261708e-01 3.069480122275496936e-01 2.328130255040935237e-01 9.600422038799988345e-02 -1.608056650870041127e-01 3.174428424659671566e-01 1.529913838486856581e-01 2.508506478845750620e-01 1.800926581382060743e-01 1.253062418172583292e-01 1.590632101273981303e-01 -4.714288876856128491e-02 2.253417754974374743e-01 7.905940480701767470e-02 1.543173742456619424e-01 3.956846157084033949e-02 -1.135522747371820428e-02 2.038569515025639295e-02 -5.998909325486560112e-02 -4.554024090991602020e-02 1.700624349430118754e-01 8.213000449062068942e-02 -5.421393943513914959e-02 -1.019097392103590766e-01 2.147454845806956794e-02 -9.877663094250357934e-02 -4.808984757646603096e-03 -2.014681301759952692e-01 4.351988290327002407e-02 -1.016614078476275329e-01 6.592668697045458992e-02 -2.024625509076891372e-01 -1.899425756074820948e-01 -4.631450214730709058e-02 -5.733708910002353887e-02 -6.710819539538599721e-02 2.492932246469566223e-04 -2.669748212915732874e-02
-9.383321834156903296e-02 5.663205491629684785e-01 7.216748164559462220e-01 -2.417178302871376416e-01 1.947712625975034917e-01 1.000000000000000000e+00 4.619490361616622187e-01 4.535682292463349974e-01 7.250840890532566085e-01 4.496449649790412173e-01 4.897766427783554755e-01 5.157071914284773184e-01 4.916509622827980319e-01 3.033729335698645002e-01 1.592634578960201996e-01 -9.372954939337296842e-02 3.960553117953385938e-01 1.538560826037122242e-01 3.331789589557755393e-01 1.917505118274611398e-01 2.222697192945515543e-01 2.932442782015198257e-01 7.663574204084916408e-02 4.982276158029073643e-01 3.816681549534286511e-01 4.883783428221303291e-01 2.047242312701301747e-01 1.362923704554903637e-01 4.293321340026427513e-01 -4.932009577075471829e-02 -3.544008521546486712e-01 -4.709033994079616092e-01 -4.619221065252232528e-01 1.960266398422432221e-01 2.904408345406117586e-01 4.367397035975986719e-01 2.528083766961065071e-01 -4.791279511781236233e-01 1.495494390638099913e-01 2.481184518356886193e-01 3.263184636597620258e-01 2.357528725652096313e-01 3.453661228030630581e-01 3.820218410558293143e-01 1.955819962235441634e-01 3.329367064551888578e-02 2.318305194433862085e-02 -3.422466556209792510e-03 7.338826963094912115e-01 3.851497397428811365e-01 -3.647661714094491137e-01 5.545443640207809999e-01 -2.849094870754609876e-01 -2.510488266208283359e-01 8.056645013464215355e-01 8.466238053133007258e-01 3.466801129631206235e-01 6.506146644039492166e-01 4.488081913571386194e-01 4.988180207709136393e-01 5.384442952024190987e-01 4.430128821063066824e-01 4.495217105120696277e-01 2.750655379896092545e-01 2.316497783650655062e-01 1.276986245711354828e-01 4.278141730200767379e-01 3.686591212690278896e-01 2.563619752134553842e-01 1.388791200421474192e-01 2.342217696364970736e-01 3.606992973906524846e-01 4.816564399224041587e-03 4.913255123476085728e-01 5.531873350285608781e-01 5.044548320936754759e-01 4.267694830797660321e-01 -7.017649465089394190e-02 -4.553839752381150241e-01 -4.952037324074626268e-01 2.919015578129362520e-01 2.590863298176415697e-01 2.531053345999895732e-01 3.648325320511351388e-01 1.433074025539755880e-01 -3.620821776759373598e-03 1.833568607373454451e-01 -1.104568729042713915e-01 3.293378183214765165e-01 2.982320302688427627e-01 -4.420650691318205872e-01 1.674164161172597975e-01 2.542305657934902929e-01 1.930183407609079860e-01 3.087098486406086306e-01 2.239825238898034143e-01 2.991076395327511503e-02 -1.143216253862844450e-01 6.785571312731570881e-01 3.566541834975980874e-01
1.025771587374893490e-02 2.710519620196396029e-01 3.803146551749480020e-01 -1.306899434286011019e-01 -6.671506016002563821e-02 4.619490361616622187e-01 1.000000000000000000e+00 3.014939486072694130e-01 3.877113261734849714e-01 1.961209473144777671e-01 1.300798050263491656e-01 8.466590796141397479e-02 1.618003524250464786e-01 4.232869738941431870e-02 5.886999202769371831e-02 1.103143446792124172e-01 1.358740502461253108e-01 5.986046276106137681e-02 9.220155104000793411e-02 1.991417463297008583e-01 1.317013500568825213e-01 1.296031064639896480e-01 -1.504456978375751444e-02 3.204139930592789232e-01 3.902036835013255461e-02 8.452482227116087099e-02 1.020714260208178958e-01 -1.515763781155233525e-01 2.121406217764713331e-01 -1.198183142023707404e-01 -3.972933406376438770e-02 -2.972649115704609768e-01 -1.904725910162841651e-01 6.679622916067405602e-02 1.308605958145460102e-01 2.712180695755516679e-01 9.202080419357963614e-02 -1.247699088588857252e-01 3.579788818595502353e-01 4.757293262607649176e-01 3.848002999575523275e-01 3.609401894917366183e-01 2.925831497355347866e-01 2.837590181086833696e-01 2.573764061391451419e-01 6.881590027597786485e-02 7.263080130636810627e-02 5.015323201597167435e-02 4.454380969399234225e-01 3.730178772876711624e-01 -9.522329778300835101e-02 3.977697181119277947e-01 8.054915829586312137e-02 -2.328512609694893543e-01 3.487098971054706231e-01 4.880123085048788667e-01 2.455470669160167985e-01 4.109203979272785801e-01 1.908434531766027009e-01 3.665188251538071401e-02 8.174058322091851125e-02 1.504076893253005753e-01 1.463668372260612527e-01 7.189056413774617960e-03 7.695326851614207875e-02 6.428383591646128110e-03 7.833799327732431372e-01 8.361531050414558464e-02 9.139497125614011452e-02 -4.053750650357672985e-02 1.105190026402258080e-01 1.543145230705520177e-01 -8.793942810218584316e-02 6.736784398810395924e-01 2.605821873683329404e-01 9.631485034995181105e-02 2.316419559393000371e-01 -1.779599630195508875e-01 -8.128305023380948124e-02 -2.819950102516134427e-01 2.482508506778691726e-01 1.651707523022288571e-01 6.584631346476427227e-02 3.017474419072614378e-01 1.229016818924973387e-01 2.114585049219330493e-01 8.046821218653449348e-02 -1.303298924990959062e-01 3.116815526177625362e-01 4.281970812411083904e-01 -1.187931367634838392e-01 2.799992841837314339e-01 5.290849796394739846e-01 3.115999459505772173e-01 4.275264853958103406e-01 2.330584686166322084e-01 1.262502317956397113e-01 4.077324784733913493e-02 4.942823469725232122e-01 3.475456065911091130e-01
-2.167475831644607720e-01 7.663469223946980380e-01 3.071208198211326512e-01 3.675978338938376000e-01 6.045734308685108971e-01 4.535682292463349974e-01 3.014939486072694130e-01 1.000000000000000000e+00 5.660572027969509312e-01 2.236293935791674459e-01 3.359585827681599302e-01 3.517853779232942846e-01 2.148444465754457688e-01 2.992565805126627398e-01 1.895047924605481604e-01 2.251819363633116577e-01 3.408628708559011677e-01 5.252791225043856871e-01 3.670886103501492248e-01 2.023365968113533808e-01 2.604168253668356914e-01 2.238297705435422225e-01 1.813285376548289807e-01 1.516254563915268305e-01 1.959372133593444143e-01 2.536197605277168976e-01 7.968967738279340851e-02 6.535551042671988720e-02 3.307786326300204416e-01 -3.866903122911144464e-02 -3.028223979207977368e-01 -3.721130415190269103e-01 -3.419490999518625118e-01 1.795313388332431814e-01 3.018785917675564368e-01 2.233014854444917985e-01 5.924239363380741363e-02 -3.341890908027838614e-01 4.645336678567720673e-02 1.048410454037375789e-01 7.310486987062003728e-02 -6.531507952628803904e-02 1.928831804613354850e-01 1.267052677455761112e-01 -4.561876358238870638e-02 1.907832739808623321e-02 3.749488674845931346e-02 1.024692221074600257e-02 3.668533324541060625e-01 2.308313136646645281e-01 -3.460416415023821468e-01 5.311159861695967654e-01 -1.195547307349804737e-02 3.238985916546648913e-01 6.703927721883018442e-01 3.360458273897832804e-01 8.483682082045088668e-01 6.465701894678458350e-01 4.034562949165279022e-01 3.412385491691677375e-01 4.019626242625063406e-01 1.827242566535826340e-01 2.732161722607059362e-01 3.480857817085976080e-01 3.230689666968881157e-01 1.566814433681875673e-01 2.588392844482135247e-01 4.381228625553575950e-01 3.958286403722534041e-01 5.011407064717317006e-01 3.039187277779507035e-01 2.406471368629690410e-01 2.228719111450673529e-01 2.963341074769051398e-01 3.523815174744936440e-01 2.514014905474677430e-01 3.100815111170808214e-01 -1.502287555492573708e-02 -3.150102866267455726e-01 -4.147773363454756446e-01 1.205834910611499056e-01 1.811279309303351348e-01 2.432381725328043309e-01 2.998053423692269570e-01 5.040312073263108344e-02 6.378371644984646982e-02 1.038512303677824183e-01 -5.315329803427371741e-02 2.665266511715547737e-01 9.264538957071423442e-02 -2.961121410012107491e-01 1.626506063911229705e-01 2.284418685701627150e-01 -7.373283461675596284e-02 5.936469432338992852e-02 1.055064842452651946e-01 2.530547174280951481e-02 -4.220140904937550071e-03 3.569081148991418151e-01 2.300383397302001587e-01
-3.016758420922310835e-01 5.484130736941098538e-01 4.265226965082690724e-01 -5.565704198497382904e-02 3.559971819077687449e-01 7.250840890532566085e-01 3.877113261734849714e-01 5.660572027969509312e-01 1.000000000000000000e+00 3.859003955308955569e-01 4.090636649195646402e-01 4.601801073947793808e-01 3.722944031669673248e-01 3.498901082485352254e-01 2.119234628996632952e-01 -1.604078339014768373e-01 3.729211946195674088e-01 1.863687476253925723e-01 4.003427795466829586e-01 3.593402372834624270e-01 3.288365323047238165e-01 1.274102599527948687e-01 1.283889828214413165e-01 4.169293637941312025e-01 9.437017767290710457e-02 2.871615955798028641e-01 2.865693568254875645e-01 8.437885313126716746e-02 5.403602593147259769e-01 2.137046965039176693e-03 -2.766459725521633328e-01 -2.977408758411907996e-01 -2.592154029713510943e-01 1.123534637555631821e-01 1.892030504398888036e-01 5.599398535975372848e-01 2.075733203010089178e-01 -2.999874413537725881e-01 8.435292975498716317e-02 1.551299518900482177e-01 3.120985616233311610e-01 1.080557733784909269e-01 2.034896359112773334e-01 3.288604992921529413e-01 2.203353767048521483e-01 1.039013879713187039e-01 7.161461332697993676e-02 1.068605272328593397e-01 5.142737615127646045e-01 4.172739575429547099e-01 -3.625484338502848458e-01 3.650285661509169999e-01 -2.971898147133918838e-02 4.306747063914303196e-03 7.179658801519400724e-01 6.336247753093698920e-01 4.526401650399766163e-01 8.940847006311821721e-01 4.310086534511113898e-01 4.077995920689206355e-01 4.282446361006406188e-01 3.052947409546916124e-01 4.050218509559628810e-01 3.664395504244482016e-01 3.701745121311098563e-01 1.853312185911403787e-01 4.434768623101040252e-01 4.409445014951506869e-01 2.488484331862859666e-01 2.367401849175408413e-01 3.934702788398727336e-01 2.775585319488961256e-01 8.420920900730691216e-02 4.206489630807415114e-01 5.311011470772073473e-01 2.362813572329240386e-01 4.785773026202543301e-01 -4.674474002064414602e-02 -3.004674568990657324e-01 -3.322359268764888407e-01 2.949201775838617978e-01 2.278180892194416329e-01 2.493419806367919989e-01 2.663172371738748989e-01 2.550812938818095010e-01 3.361920043251118845e-02 2.040334140512410910e-01 -1.186011477523375435e-01 4.270569132865190687e-01 3.209956042534649612e-01 -2.144894231762457248e-01 7.041387301492330053e-02 2.870243261230443488e-01 2.636586555079427352e-02 1.394240078516629511e-01 2.224532730955834925e-01 1.306646655386834721e-01 7.817246268742762336e-03 4.609956338559490496e-01 3.384717411682889865e-01
-1.257287512884777969e-01 2.183972561860453299e-01 6.120718502653568760e-02 6.579002263688096819e-02 3.212722805331302278e-01 4.496449649790412173e-01 1.961209473144777671e-01 2.236293935791674459e-01 3.859003955308955569e-01 1.000000000000000000e+00 5.877237807801410918e-01 5.758667544128461824e-01 4.532182011530153098e-01 2.750938054905791574e-01 1.411236484319826345e-01 8.000192562455867018e-02 3.218380610800155583e-01 -6.216967653978837383e-02 2.105173863034535964e-01 3.029201437500717541e-03 1.411493096929899438e-01 2.637244255102763613e-01 9.414339013790602728e-02 5.183706577501129287e-01 5.331731636215656378e-01 4.518959713608131090e-01 2.110457013603058707e-01 2.280098854025212896e-01 5.178627792982899436e-01 1.070198078133996755e-01 -1.100629770189364559e-01 -1.816998058242144942e-01 -2.358695131166341219e-01 2.674814272525342929e-02 1.947878728539499948e-01 4.884931310946721145e-02 2.091607546850663968e-01 -1.790928442716263613e-01 9.140989112657600668e-02 2.685595599194463001e-01 6.106274251062929204e-02 1.960250031730739750e-01 1.536964218490730893e-01 2.947913503077677078e-01 1.974347418806682852e-01 1.727947836233698076e-02 -2.039707388945703748e-02 -4.683433812790715328e-02 2.651722663144787662e-01 1.715108688197983511e-01 -1.565677539837517507e-01 7.328813824070788685e-02 -7.386639919493211137e-02 5.870905295962014492e-02 3.669271361623122618e-01 2.897864304367476218e-01 1.662781084103623352e-01 3.277700458196677880e-01 8.329637097133327783e-01 5.830927069072062707e-01 5.444242965731782569e-01 4.319580511622977959e-01 4.780609495229958261e-01 2.924242662448406915e-01 2.130937582149596832e-01 1.299663548755894404e-01 2.361466624240611267e-01 3.032481176239076870e-01 9.426890517903710465e-02 -9.958257245218800346e-02 1.422604976838770796e-01 3.720708589540923650e-01 1.662969221654334029e-02 4.118636899125013295e-01 5.923079652738080236e-01 4.442078353215075381e-01 4.743075659897831864e-01 1.430773713731680885e-01 -1.326902850523677679e-01 -2.184314135205367990e-01 1.340152741949342530e-01 -5.075462496318198374e-02 2.877608750831053275e-01 2.246444153519750742e-01 9.504197542612027871e-02 -8.181389052835272291e-02 1.745877800697954729e-01 -1.338507456600088186e-01 -3.742793872006922734e-02 1.183818667353436355e-01 -2.842725581730106144e-01 5.032628783441965570e-02 3.088767370740970186e-01 1.924551005351981814e-01 1.184904587055029268e-01 2.019902422914310047e-01 2.849034829496727844e-02 -1.441016531044422011e-01 2.527549965837837531e-01 1.850326151817836551e-01
-2.049167700920402346e-01 3.255309074021686122e-01 3.191558915915559402e-01 -1.201894319847599951e-01 1.760790059457549850e-01 4.897766427783554755e-01 1.300798050263491656e-01 3.359585827681599302e-01 4.090636649195646402e-01 5.877237807801410918e-01 1.000000000000000000e+00 7.561553461436475443e-01 6.258030598301982383e-01 5.051252062833927470e-01 3.852701597964351965e-01 -1.076607094163664208e-01 5.815433971506139832e-01 1.425027125452914822e-01 4.762664401252978408e-01 1.803613196932397078e-01 3.750046456879194690e-01 5.139163261157629892e-01 3.119767101500958706e-01 6.813703373708533961e-01 5.471765632381562217e-01 7.500161621466246986e-01 3.519995113034215528e-01 3.321184491999181199e-01 5.825811593776951680e-01 1.852040832285458127e-01 -4.859684997135856888e-01 -4.071398391388145743e-01 -5.066175403749346717e-01 2.865390651723092597e-01 4.207254301188756429e-01 2.629991025607472110e-01 3.857853425641237233e-01 -4.631273831241481398e-01 5.807153205484255620e-02 2.036978480128814328e-01 3.451710379915124416e-01 -1.199095340184186571e-02 4.273235027273227793e-01 4.461744985685472398e-01 1.464815117925770682e-01 1.628296755635079418e-01 1.879266916572992496e-01 1.184191487925106978e-01 5.280692269259711358e-01 4.699679534063393449e-01 -4.585613580708250425e-01 2.359260794277612816e-01 -4.236165833300941097e-01 -1.384907749486935791e-01 4.627513623435511314e-01 4.430293308940368435e-01 2.044170310612674346e-01 3.968542199343603749e-01 6.275693243470803484e-01 8.581766934527156332e-01 7.671992945411163500e-01 5.765080769981442144e-01 6.527067366679654148e-01 5.390258705305082110e-01 4.357565875614501372e-01 3.580781169798358810e-01 2.006217452467355666e-01 5.310622364291545106e-01 3.459853939893128283e-01 1.320658205400166429e-01 3.279933661613204654e-01 5.538706206967251022e-01 2.194277305939408562e-01 3.732800742684906914e-01 7.420857719664135654e-01 6.826386012894951616e-01 5.784981075327921829e-01 2.535327774125622491e-01 -5.327291202263555459e-01 -4.647800196293958019e-01 3.783578061253138336e-01 2.302072385983138236e-01 3.576592392417403121e-01 4.909033896286436049e-01 1.796167820437235552e-01 1.128555941399445317e-01 2.872030361736490067e-01 -7.459008835785414793e-02 2.256658003038977123e-01 3.809142771479531731e-01 -5.688772310716159186e-01 1.599413031848659905e-01 2.483054514059780116e-01 6.789021799725529493e-02 3.079530904280858294e-01 3.287590593377632819e-01 1.599818535103153805e-01 -2.770606546518391070e-02 5.048605524960438906e-01 5.008261965729241538e-01
-1.348200152336476165e-01 3.601153761337614889e-01 3.371983681237339381e-01 -9.745660282416344911e-02 2.486645389571183751e-01 5.157071914284773184e-01 8.466590796141397479e-02 3.517853779232942846e-01 4.601801073947793808e-01 5.758667544128461824e-01 7.561553461436475443e-01 1.000000000000000000e+00 6.420205652065427149e-01 4.654000449698312836e-01 3.481304189544611738e-01 -1.017354165711902153e-01 6.364756394179859056e-01 2.241698269420848433e-01 4.694678993967927316e-01 2.416267092612140455e-01 3.680335931120300441e-01 4.785630108965543972e-01 3.131684445901604663e-01 6.772559500329556892e-01 5.062679746402468650e-01 7.712108889295246072e-01 3.704206326849620035e-01 4.185076667387047089e-01 5.611299834433899347e-01 2.069472570246876642e-01 -5.257494774753354028e-01 -3.292515643403987058e-01 -4.496550048494398211e-01 2.693159586634468194e-01 4.164640859228288527e-01 3.652474925557274710e-01 3.810564906554433362e-01 -4.087102717312868227e-01 6.880360513677015455e-02 2.499035519713620757e-01 3.136214695809867448e-01 -3.559829755743629254e-02 4.602547410486227952e-01 4.142782145318055775e-01 1.527532995690289164e-01 1.963510952603598758e-01 1.540008890626678728e-01 1.678146293591951110e-01 4.780604346032601426e-01 4.007037459434490967e-01 -4.098698117361606608e-01 2.577377140252527510e-01 -3.774838347500132363e-01 -1.014556907329943469e-01 4.952576251818065489e-01 4.581623467550836604e-01 2.030249440480834389e-01 4.258566767072736736e-01 6.028228061451124109e-01 8.436895115264072542e-01 8.744148054717950647e-01 5.794698349874590759e-01 5.924486056835189807e-01 4.578375670484263193e-01 4.125908363109281329e-01 3.355998741031144261e-01 1.735302570332406813e-01 5.731021749896922923e-01 3.202385731171185634e-01 2.185049845101421639e-01 3.353626108645635373e-01 5.579093867486909497e-01 2.399017513256377632e-01 3.643064698582908489e-01 7.681339523614518772e-01 7.326779795461726419e-01 5.360854397542891281e-01 2.806827271424253700e-01 -6.160019288293299144e-01 -4.065386075360382101e-01 2.896269333657787159e-01 2.059563958408997253e-01 3.087194623793159121e-01 4.433949248530180687e-01 2.099459748908689971e-01 7.559452571046156033e-02 2.620058815735746283e-01 -1.862078704487923550e-02 2.879259680568281299e-01 3.146414360673334687e-01 -5.110225137631267955e-01 1.852331723018361687e-01 2.054464456374626713e-01 -4.634816294270430008e-03 2.978454156773268080e-01 3.110629300808748776e-01 1.950047255166435511e-01 -4.138207916032473482e-03 4.250264514163594742e-01 3.611935153190731773e-01
3.205448538821026490e-03 2.637599954279963299e-01 3.239287883579031746e-01 -1.164863311034287641e-01 2.250100126101719222e-01 4.916509622827980319e-01 1.618003524250464786e-01 2.148444465754457688e-01 3.722944031669673248e-01 4.532182011530153098e-01 6.258030598301982383e-01 6.420205652065427149e-01 1.000000000000000000e+00 5.067536932661026450e-01 3.529806120213876408e-01 -6.147003777231515448e-02 6.278476050934225228e-01 1.461742225933891914e-01 5.575184835449238374e-01 3.460423648904110139e-01 4.484794184277284268e-01 6.086034007509389943e-01 3.177676498375643366e-01 5.887025052543951587e-01 4.501909447530170194e-01 5.723300087047789031e-01 4.407313637289739239e-01 3.417314253678817026e-01 5.567116317777199841e-01 2.319897270900286301e-01 -3.648030071007236086e-01 -2.116169843305928111e-01 -3.563959135365117881e-01 4.121078540063016771e-01 5.798848274744402564e-01 2.887176799358236456e-01 4.994866395456455388e-01 -2.757888117506919201e-01 1.910134112814124152e-01 1.942466611745642391e-01 4.171528645506225041e-01 2.039895018079608199e-02 4.180237895796571346e-01 4.952717755355937057e-01 2.645203454086962891e-01 2.778916844726699864e-01 3.412003690930014987e-01 2.447734284858345544e-01 4.854438196912168046e-01 5.236005320235576077e-01 -2.995574225766553522e-01 2.157671848157583783e-01 -3.003714745786688622e-01 -8.980763355655742297e-02 4.250170439732564032e-01 4.673493343640721664e-01 2.895658183571961017e-02 3.433243267311565927e-01 4.925520049355037178e-01 6.795957642016010603e-01 6.923275404243854902e-01 8.877408254899089579e-01 6.993814862529433851e-01 4.836454487071352171e-01 3.793296856705032361e-01 3.187083339036062002e-01 9.807159968054297849e-02 5.579936290874671911e-01 4.174058749163385151e-01 1.486002404711677383e-01 4.293462066060985127e-01 6.829603053066310991e-01 2.265498555344761245e-01 2.412604344904424603e-01 5.994511305558257730e-01 5.612856036925667480e-01 5.952850580826520854e-01 2.049335752408293909e-01 -4.553852164249376222e-01 -3.371365590361782294e-01 4.449641388483679405e-01 3.901531719021124611e-01 2.586794255180321356e-01 6.020367571249324312e-01 2.304692564997345428e-01 1.979666672343284861e-01 3.628486617589596896e-01 -1.330433138858328444e-02 2.893432379264859189e-01 3.549533162716757007e-01 -3.932569229335864947e-01 6.790080520954530630e-02 2.643577964229776311e-01 8.733488707808116994e-03 3.388836954697476700e-01 3.511620586180936865e-01 2.777688286048825006e-01 4.008356830939840271e-02 4.703683710108175209e-01 4.639597031910319691e-01
-1.290241263170475994e-01 2.166916226927902978e-01 1.933238070603910397e-01 -2.988360463609117390e-02 2.431044598688881231e-01 3.033729335698645002e-01 4.232869738941431870e-02 2.992565805126627398e-01 3.498901082485352254e-01 2.750938054905791574e-01 5.051252062833927470e-01 4.654000449698312836e-01 5.067536932661026450e-01 1.000000000000000000e+00 7.539105413249134191e-01 -1.205908694365752098e-01 5.730574427182787423e-01 2.736449610895573814e-01 7.262405540091351197e-01 4.060364565686450655e-01 7.555475446686402696e-01 4.784356313133025784e-01 7.552912729868302977e-01 4.535930177429371435e-01 2.491821917292063870e-01 4.676166032145103735e-01 5.593368506223191927e-01 3.884907365156234915e-01 5.556567859661295516e-01 4.980282253497895217e-01 -3.846299776186955510e-01 -4.541196008784457311e-02 -1.558569505392882470e-01 3.440119054422714484e-01 5.004923745914247046e-01 3.112484424928540494e-01 2.512930303087054784e-01 -1.322159566825437116e-01 3.873529170529297488e-02 6.571203987982894568e-02 2.409250535060958320e-01 -7.513557802952634812e-02 2.761311465043388425e-01 2.708474632488663825e-01 1.626162195332328878e-02 4.431133109883345078e-01 5.487071256998146129e-01 4.857805660665794889e-01 3.130511709928531228e-01 3.513227662091359949e-01 -3.042143363822494839e-01 1.077393022582537885e-01 -1.370007429777393149e-01 -3.755071964454613845e-03 3.157737013067947740e-01 2.792292488560120800e-01 1.131905808602264446e-01 3.577829182864323276e-01 3.405704819948786044e-01 4.905471143024892622e-01 4.795285585233600711e-01 4.931258630031894463e-01 8.024726037538162382e-01 8.479467025224535215e-01 8.285309468239012709e-01 7.593772299669947490e-01 3.402282854923356636e-02 6.326178059315357149e-01 5.834574997197299329e-01 2.933526467552844963e-01 6.990889207252313220e-01 5.301541980150774602e-01 6.781967387402567660e-01 1.642236019520764423e-01 5.299970770520758823e-01 3.805474420301517835e-01 5.956072646793181269e-01 4.811507553083935740e-01 -3.912323381503039488e-01 -1.553310592619099595e-01 5.183392463181275556e-01 3.134704096336516366e-01 2.439884677384436540e-01 5.051429851256432624e-01 3.670526827597908603e-01 4.865695894454267201e-01 2.094093848946266545e-01 1.113143500428930843e-01 3.208731848106696205e-01 2.760494311267466805e-01 -2.388065835620424293e-01 -2.958370428505966224e-02 1.768858852876425136e-01 -4.003351603692551636e-02 2.306550122226768973e-01 1.582898882766202719e-01 4.913706882130521869e-01 3.358189683610222076e-01 2.620920596985781836e-01 3.212639278522462227e-01
-8.520312112863605292e-02 9.640480747149678120e-02 1.244752914791789900e-01 -4.801548758798569044e-02 8.885755577124558602e-02 1.592634578960201996e-01 5.886999202769371831e-02 1.895047924605481604e-01 2.119234628996632952e-01 1.411236484319826345e-01 3.852701597964351965e-01 3.481304189544611738e-01 3.529806120213876408e-01 7.539105413249134191e-01 1.000000000000000000e+00 -1.687960775227922428e-01 4.219477785301171124e-01 2.864322331080317863e-01 4.777193225401237808e-01 5.056592066142526765e-01 8.087633406363164967e-01 3.437685062484731047e-01 8.063258895676642668e-01 3.621068817431944975e-01 1.146205065664035461e-01 4.049241209619655057e-01 5.944310311507660094e-01 4.310747229005625902e-01 4.860823571503667395e-01 7.049686793204361646e-01 -2.740662117153333521e-01 7.037110659175359328e-02 -1.578908913450005266e-02 2.608046390349207933e-01 4.422697568035743321e-01 2.754441772301164382e-01 1.893185335827790861e-01 -1.867496263925122468e-02 -1.667281563457955959e-02 -1.291113908662753010e-02 1.861055897048577434e-01 -1.132090237150764206e-01 1.891376239121467795e-01 2.499269052890840670e-01 1.992923630753221098e-02 4.976266247302809642e-01 6.299970615026544429e-01 6.097170163355514205e-01 2.029569838323277975e-01 2.592217757412064172e-01 -1.957652697695866917e-01 3.837219608964628076e-02 -7.691539891530226047e-02 -1.831762066467857233e-02 1.538020525450232712e-01 1.785489574136603086e-01 5.663326771181506625e-02 2.468104937014379552e-01 1.703511172824155873e-01 3.526440405041973425e-01 3.412545911316992586e-01 3.308474987271572409e-01 6.390398561169776670e-01 6.599771020320015502e-01 7.593555113222475450e-01 9.103297835959638373e-01 4.359484348251798508e-02 4.075446303908341616e-01 4.259926957052410645e-01 3.181222073728095512e-01 7.653291334148636382e-01 4.042724657576652891e-01 7.396828435274706015e-01 1.503108367558297076e-01 4.134755025942491447e-01 2.834035025895726978e-01 5.222336360297729074e-01 6.949110228536026224e-01 -3.174059437301005593e-01 -1.791705227263727662e-02 3.667636800127818120e-01 2.279683506886582556e-01 9.750005471389575074e-02 4.415169299850963402e-01 4.108616803638015513e-01 6.102201724081274259e-01 2.056539325816167940e-01 2.486269951931810995e-01 3.448009349736729234e-01 2.003184465186327312e-01 -1.567948392722365303e-01 -3.904162428780579008e-02 1.362925980446094421e-01 -2.331166198284595828e-02 1.776045660255592962e-01 1.617256661673125984e-01 5.758051980383558366e-01 5.011662230948644714e-01 1.818356221980950704e-01 2.044982572149066369e-01
