1.000000000000000000e+00 4.870486604053992918e-01 4.914758467760984573e-01 2.127606035327256895e-01 2.491759620345348758e-01 4.084429365295182413e-01 1.934919953107347435e-01 2.257095575463030357e-01 3.036531395479787343e-01 1.961234394125792591e-01 -3.500454545338121948e-02 -1.042134911959803579e-03 -4.330287864238708401e-02 -1.736073112965780818e-01 -2.209731187794560237e-01 3.281556579385947470e-01 -1.083553915612866653e-01 -3.987036588970493262e-02 -1.722261561183577872e-01 -2.212909100480594526e-01 -1.847904367962098504e-01 -4.761374709429593011e-02 -1.964666064195751127e-01 -1.762206318175297548e-01 1.472738327612206355e-01 -8.080964196376080877e-02 -2.270777066333129202e-01 -2.322065965585527747e-01 -9.638261898514703663e-02 -2.987508414510028909e-01 1.166338949791600466e-01 -4.365329605966265791e-02 -9.711405273981638109e-02 -1.498719034669922512e-01 -2.247732516009039727e-01 -6.701208508815796605e-02 -2.704855517654811692e-01 2.387243332646583061e-01 -5.494129146724686247e-02 1.282929282086068268e-01 1.369744173957859615e-03 1.468317855159242402e-01 -8.858017973599358053e-02 -1.488071998560628328e-01 -2.299829998806618148e-01 -1.874880857351421681e-01 -2.186127119666753382e-01 -2.392481048563120938e-01 1.817283228220236968e-01 -1.370417941756802427e-01 6.689108470784067562e-01 5.517688933456142975e-01 3.812251914899432437e-02 9.990371304785604367e-02 4.292397369738176760e-01 4.378988821542530996e-01 2.846622363378035203e-01 2.554079357635447023e-01 1.238665196643875220e-02 -5.231268249391442249e-02 -6.760495532341785629e-02 1.272570870459756864e-01 -1.788858238268291323e-01 -2.916653552738246100e-02 -2.129189348704246254e-01 -2.359455575485773227e-01 2.440853776657510021e-01 -1.270536782638943298e-02 -2.346298226174846069e-01 -6.095298710698642680e-02 -1.997813016392829821e-01 -9.459956730458521368e-02 -1.769755901487963523e-01 1.169037290509340604e-01 -1.180392955888993622e-01 -2.087923003508703607e-02 -1.107530619851742060e-01 -3.399500906982260151e-01 5.021672872442486946e-02 -8.352972723257043319e-02 -2.489378078123631044e-01 -1.276086074123202081e-02 -1.468369701267422389e-01 -1.837423619548915754e-01 -2.778084648668003864e-01 -2.655482993814101134e-01 -2.058040127671204866e-01 -1.783988208050318880e-01 -1.070865905582240180e-01 -1.054134871968465254e-01 -6.142063035144267741e-02 3.490293870278667332e-01 3.135092254925333360e-02 7.487212118497720004e-02 -2.133364054369704388e-01 -1.242431094718135370e-01 -2.340388264448520217e-01 -1.351781855501419105e-01 2.347074271328498385e-01 -1.568529704520458257e-01
4.870486604053992918e-01 1.000000000000000000e+00 6.630641087372050047e-01 4.601999534005931647e-01 5.325612487261942585e-01 5.872171945084185829e-01 6.145939054205789009e-01 6.810408525011363290e-01 6.582592127584647734e-01 2.863798961595864223e-01 1.569999228979615802e-01 7.710148477960958313e-02 -4.752597897208529765e-02 -2.120993763290731915e-01 -3.312888699102635726e-01 7.072565989480947835e-01 8.775114240229277274e-02 2.019628864751969732e-01 -1.424273361395930748e-01 7.185046738740051564e-02 -1.416012539369120582e-01 5.355667307378615682e-02 -2.909501700579473216e-01 5.493677600365564490e-02 2.280559782438127681e-01 5.132708942190591928e-02 -2.242012332490750659e-01 -3.615943245985590027e-01 7.073768948720965399e-02 -5.103825038522170621e-01 1.179586358908884386e-01 -3.986517633817248107e-01 -2.136301119266275916e-01 1.872610337943226774e-02 -8.098622295797663906e-02 2.196440078600615242e-01 -3.048835353199357279e-01 -4.035840311142327441e-02 -8.060684190183170506e-02 4.021149648805157906e-01 2.421332033736625922e-01 1.280492170250654149e-01 2.397634429480378568e-02 -2.436211040458035326e-01 -1.177311365676604188e-01 -1.806814279984980121e-01 -3.512043638096645770e-01 -3.824200705615066753e-01 3.267030783260253535e-01 3.767966460716054480e-03 4.060154634618139968e-01 7.863867892873103171e-01 1.249328984864577774e-01 2.857261452267443325e-01 6.331154195249609762e-01 5.832817188816104004e-01 6.598217913364200493e-01 5.724455015134036762e-01 1.709174416073606650e-01 1.593872856234478108e-01 4.661888251571211922e-02 5.326863223979394490e-02 -1.980442113736285425e-01 -3.122966700837484164e-02 -2.216776419003614329e-01 -3.699243026511245258e-01 5.635776465296868931e-01 1.719069876656891330e-02 -2.075535503986543628e-01 1.712082318291951455e-01 -1.600217820942550218e-01 -2.655935192165534767e-02 -2.385403694170675215e-01 2.745714589308965725e-01 -1.370530090403344059e-01 6.098017681261937162e-02 -1.528496613089832257e-01 -5.254946996839264806e-01 5.854571043883170095e-02 -3.885155601314703722e-01 -2.697245500213473757e-01 -5.419405216500305239e-02 7.974347629614333965e-02 -1.250271515670908253e-02 -2.472815209494251543e-01 -4.215830006387401019e-01 -2.222459837090345891e-01 -4.155572820604675477e-01 7.184688397607186250e-02 1.220521169665288314e-01 -2.549169409158255073e-01 3.616326501228976920e-01 3.068869449108236891e-01 1.193250633590139387e-01 -6.807566450708361916e-02 -7.519003602189253122e-02 -1.865964765247965784e-01 -2.655175206105847008e-01 3.340138767737120817e-01 -4.584088386529031056e-02
4.914758467760984573e-01 6.630641087372050047e-01 1.000000000000000000e+00 3.126235386805415462e-01 4.650131965459309846e-01 7.048528695099941510e-01 4.930153822649225859e-01 5.423647431708278344e-01 6.503773619379737969e-01 1.681489981142623436e-01 2.365252372382325163e-01 1.510624601352275609e-01 2.141027449601845267e-01 -1.126106923099811155e-02 -1.064858715350513185e-01 4.697464488780853098e-01 1.793772064009201417e-01 2.312716829925781092e-01 2.450367484221976574e-02 6.500878705829604698e-02 1.149780633137648458e-02 2.283823895811321059e-01 -1.368723294459892048e-01 1.480749685470477139e-01 1.411751190471752793e-01 1.248114626963210821e-01 -1.026053557073932088e-01 -1.504530167399027452e-01 1.484037946246204165e-01 -3.172397450885650061e-01 -1.465573823559127541e-02 -4.120046658181022448e-01 -1.905914103863704523e-01 7.134381919532875593e-02 -9.503820685870049620e-03 2.290803109946047689e-01 -2.866209836540446476e-01 -1.091648799728569819e-01 -9.286998216213089574e-02 3.196669320438476625e-01 1.977374882491334251e-01 3.076159246717572945e-02 7.425297564797017288e-03 -1.393297710392666922e-01 -2.361805652387215515e-01 -8.161093907652601509e-02 -2.634665584878498890e-01 -2.661890675477209811e-01 4.557844816299090884e-01 2.897516512805310349e-02 3.734891781245195386e-01 7.256459724375379228e-01 4.507134031527494471e-03 1.484793476801724021e-01 7.159521599275188164e-01 7.605582955804526257e-01 5.512501509397669253e-01 5.821369767122481775e-01 1.043224043446353139e-01 2.469602973982187588e-01 1.509187111434300010e-01 2.548066686735491193e-01 2.880352512271055088e-03 1.181874040910504825e-01 -5.086992843457342067e-02 -1.359971179394382779e-01 4.892798356819395011e-01 1.911572335842871562e-01 -9.039705995875348121e-02 1.309778783833359106e-01 -9.550338479989243026e-03 1.006396655808276808e-01 -7.236205286439910400e-02 2.290894020806263087e-01 -8.206034736758399672e-02 1.054482097149430503e-01 -4.309832123356922146e-02 -2.314094178547576874e-01 -2.480277370897860170e-02 -3.622192401650028981e-01 -1.618241628337723503e-01 -7.359823561909975553e-02 5.195423254159367565e-02 5.549726358647569247e-02 -9.870513484307885665e-02 -3.480496110605392768e-01 -2.494054981515931857e-01 -2.888738618124591095e-01 9.011724017868258385e-02 1.291287251367781996e-01 -2.520489471197878140e-01 2.896266988830909495e-01 2.344426720887993476e-01 2.921621358488897882e-02 -5.643963759969347627e-02 -1.108659583045176408e-02 -1.136534807795902269e-01 -1.215673982402808856e-01 4.304688433153707749e-01 -7.026552308984303566e-03
2.127606035327256895e-01 4.601999534005931647e-01 3.126235386805415462e-01 1.000000000000000000e+00 6.285721069631059477e-01 3.441633117403875008e-01 3.513506921266337790e-01 4.793718736630277477e-01 4.076956664315223300e-01 -1.055222161481416954e-01 -5.007429440667183346e-02 -3.981053342005382717e-02 6.629852196762525685e-02 7.711082174210553974e-02 2.934273854825840064e-02 4.998367353425570148e-01 1.817673015039949769e-01 3.825574346829438421e-01 6.429490477657029412e-02 3.251470191049055658e-01 1.026887093680199509e-01 1.606925117476256382e-01 9.384784360881470722e-03 -7.945124060984579129e-02 -2.282700148261389561e-01 -1.749146713819342558e-01 -9.724149495892328576e-02 -3.306220861917228970e-01 9.379406741810321357e-02 -1.660485938133592354e-01 -2.613286618767046016e-02 -1.922236407422573401e-01 3.998676215830525293e-02 1.603399571060580009e-01 7.956597460256868704e-02 1.632295922950622036e-01 -2.952864428783318340e-01 -7.589706170118482031e-02 4.514042506290900925e-02 1.321807759562108886e-01 7.088538054273403610e-02 -1.923410032590393004e-01 -6.123215687519647371e-02 -1.216240258088066156e-01 -1.144350390606908158e-01 -9.239430891321913364e-02 -7.862917626285073625e-02 -1.545329793849369027e-01 2.780045420465838690e-01 3.572553085639542519e-02 1.940284538675259296e-01 4.138966975655894998e-01 3.608903574005684067e-01 7.617225576995005909e-01 4.302409512369694822e-01 2.800737979274383060e-01 5.708341966607823892e-01 3.779568074044916681e-01 -2.064561644590501566e-01 -1.091752249353525744e-01 -2.357103277938182168e-03 7.580670960481464271e-02 5.080449124496523583e-02 1.141393196915546776e-01 2.310013788372983559e-02 -1.014603129032873655e-02 2.607007773616130120e-01 1.706866636056679765e-01 2.718207674008893751e-02 2.519175787301067837e-01 1.246585059801138540e-01 7.102342522316981710e-02 4.616161173655361494e-02 1.053984620412069390e-01 -2.604434906969713137e-01 -2.839171794611377031e-01 -7.452459893602397800e-02 -2.892562365832619387e-01 -1.226150587464899522e-01 -2.037592688540297292e-01 -2.786012517123844234e-01 -2.061257692995930313e-01 -6.115607207799791945e-02 -5.899226854407821352e-02 -1.461927121667249418e-01 -2.155093388768878071e-01 -1.785914384504871388e-01 -3.768055749967776369e-01 1.068949492287976227e-01 -1.240930221626903585e-01 -1.248243228652367171e-01 -9.362785843171009259e-02 1.738126498112705920e-01 -2.036785791858218286e-01 -2.775075028418657053e-01 -1.535902295653728822e-01 -1.678416941106052329e-01 -6.079531465006260404e-02 2.497988806537597140e-01 -3.328655608026191703e-02
2.491759620345348758e-01 5.325612487261942585e-01 4.650131965459309846e-01 6.285721069631059477e-01 1.000000000000000000e+00 6.578286358125807753e-01 4.065940008173259401e-01 5.260881982516200095e-01 5.906696425031293662e-01 -3.455978032324452665e-02 2.298685721565775497e-02 3.034047476472518864e-02 2.171634685708692392e-01 1.376952247607349245e-01 5.009420140836400026e-02 4.728566419536145982e-01 2.491095971550240096e-01 3.195535675059926195e-01 5.645663677900999294e-02 3.552592556331579110e-01 9.472132487328235873e-02 2.654516983860618073e-01 3.045677955319106567e-02 -3.943584289395394432e-02 -1.380538630794733435e-01 -7.155118325608035568e-02 -4.618961717015452641e-03 -1.831530055350228392e-01 2.191034915818085294e-01 -1.939189006694437833e-01 -9.300984753121126214e-02 -3.568080620041640394e-01 4.052263269867106832e-02 2.162469767759875594e-01 2.198034176268567341e-01 3.626717312247568770e-01 -5.513960843021289276e-02 -1.063105665248451903e-01 5.828480898107189778e-02 2.193603041368563933e-01 2.359250012096013316e-01 -1.967008437660687850e-02 5.729839297133134529e-02 1.051077606960024585e-01 9.163615857379571461e-02 1.196391659395940471e-01 1.560860062329030244e-03 -6.277362307891370952e-02 5.371678010941323134e-01 2.971341810244875759e-01 1.437604759006386179e-01 4.855366487639568573e-01 1.147430059046240652e-01 6.848383881195063694e-01 7.401902130961454107e-01 5.795017697756119635e-01 5.169012459640250912e-01 5.649310079874900747e-01 -9.819328841882561665e-02 5.067005397690038659e-02 1.024059067033077364e-01 2.154652287140980949e-01 1.206464806087322872e-01 2.240510255657369443e-01 7.205004417681867834e-02 -1.461904057654501814e-02 2.791103603107093489e-01 2.755697348803066160e-01 5.284955465101712907e-02 1.634914403144654971e-01 8.286402856693778074e-02 1.396791631906973974e-01 2.146997296610695175e-02 4.488308793713666894e-02 -2.819153315656636183e-01 -1.763367767251337592e-01 -7.358020570331167548e-03 -2.923919367419310356e-01 -2.225694344504799693e-01 -4.012646406960537204e-01 -2.665363799855091087e-01 -9.491738972780791594e-02 3.891682597572480168e-02 7.195913797367893550e-02 -6.712958523479897743e-02 -1.560086275748412965e-01 -6.505757006036907552e-04 -3.018620611334016379e-01 2.156545963246058184e-01 -6.269212170704997755e-02 -8.158780609160713737e-02 -6.795758892784280192e-02 2.077171546711653605e-01 4.726694249080710952e-02 -2.125268950857519545e-01 1.360310081843096319e-01 5.039524287481117470e-02 -5.016654486085192662e-03 4.673029521453551660e-01 1.844275401262684411e-01
4.084429365295182413e-01 5.872171945084185829e-01 7.048528695099941510e-01 3.441633117403875008e-01 6.578286358125807753e-01 1.000000000000000000e+00 5.612972503378526046e-01 6.055511015470981251e-01 7.434598267291484541e-01 2.584631014923674530e-01 3.179627012833982636e-01 2.473389650028737508e-01 3.725682539421160677e-01 1.086225835395519534e-01 -2.670451447799959688e-02 4.790480994854250385e-01 3.250837492880764290e-01 3.070486054599959602e-01 8.841166895116021884e-02 1.506117131778930140e-01 4.756927256460895953e-02 4.057297962079984277e-01 -4.144972900913722336e-02 1.096661504334598969e-01 1.349844190918618736e-01 1.570546678168009413e-01 -1.600577312506103189e-02 -8.806523872639100692e-02 2.164296036330496109e-01 -2.598345607525942569e-01 -2.769659093604248667e-02 -5.226612972235805676e-01 -1.772316381599736979e-01 2.448713972591557708e-01 2.074794671893619435e-01 2.975219168354781840e-01 -1.629370786317145547e-01 -1.640887755585209995e-01 7.819296342729208094e-02 4.526729831662069659e-01 3.886238597865416811e-01 2.651478780312628847e-01 2.055625787492685042e-01 -1.632038842746263985e-02 2.735368701507954331e-02 1.123952013802862610e-01 -8.452988807283666473e-02 -1.359859159256695538e-01 6.496573920121583301e-01 1.830152967132951947e-01 2.524490071207159403e-01 5.748896151292929302e-01 -6.130009498482373587e-02 2.841208873626916431e-01 8.591410121504092778e-01 8.789469794260793556e-01 5.847660658968574232e-01 6.534699308343795421e-01 2.071702691013961595e-01 2.993836175397074917e-01 1.992455756931722222e-01 3.604972993622814204e-01 1.340965899694215591e-01 2.760257657415244315e-01 7.533391523127529535e-03 -9.351688480419458049e-02 4.891536792556829272e-01 3.080118460732150232e-01 4.994095688836154567e-02 1.785965160756966263e-01 5.884694683335043273e-03 2.167506557971165815e-01 -1.034719288146950140e-02 2.117356973806421294e-01 -1.594934594285039031e-01 9.879754550814782987e-02 1.380881920181636219e-02 -2.827684239230249807e-01 -8.556025739004399777e-02 -4.949313310260742838e-01 -1.845924902514434751e-01 1.583362139804786808e-02 1.162298284042924956e-01 1.655571635124100105e-01 -7.088778848476537386e-02 -2.064709447720768087e-01 -7.342741845277077350e-02 -2.158235900363475734e-01 1.605835256583407200e-01 1.087289718621630985e-01 -2.024720038462271277e-01 1.672291188938541950e-01 3.109006933441288423e-01 2.518356679250250418e-01 -3.343935182017675201e-02 1.630623942881720967e-01 6.083732797120321861e-02 -1.924822672945121580e-03 5.805643162763641785e-01 1.143991987116065590e-01
1.934919953107347435e-01 6.145939054205789009e-01 4.930153822649225859e-01 3.513506921266337790e-01 4.065940008173259401e-01 5.612972503378526046e-01 1.000000000000000000e+00 7.642476711512541376e-01 6.801276674275301692e-01 2.492819590388598572e-01 3.062055262006257439e-01 2.017955545449404142e-01 6.303199407356227524e-02 -4.133512464769797251e-02 -1.645151128898779125e-01 6.893969863143953880e-01 2.719831386609818935e-01 3.678229302088029673e-01 8.774750869682511334e-02 2.190377801897486765e-01 3.682398055378551666e-02 2.056790825055525018e-01 -4.917971545878597334e-02 1.933078190105689820e-01 1.940585524798593420e-01 1.604587586083441320e-01 -2.108237846510809671e-02 -2.523004812928387186e-01 1.478270392689583490e-01 -3.934536920147129191e-01 -6.651570844283921646e-02 -5.250996877477556168e-01 -2.640557605855382017e-01 1.938166028590822820e-01 7.322049743275570177e-02 2.707635867324931778e-01 -2.583717745804009480e-01 -2.370389353785432029e-01 -4.012947960521331958e-02 5.901737550697979673e-01 4.629721224617232567e-01 2.346625642742737328e-01 1.524142513743696192e-01 -2.925407125332361025e-01 1.178432915553927901e-02 -2.123363334848158909e-02 -1.881614750540447356e-01 -2.023196878224126083e-01 3.415067512013786333e-01 -1.412658202742201816e-02 7.307470435897166217e-02 5.016308701533832570e-01 1.737370314797318793e-01 1.924293632736968629e-01 5.553945349655189379e-01 5.449237629786425341e-01 7.486870167414638733e-01 6.720416126014624458e-01 1.815493154435795231e-01 1.708766716216421067e-01 1.206776289499677246e-01 7.145953293035631204e-02 -4.301916096419871466e-02 1.852474960851074604e-01 -4.286239662443602078e-02 -2.008718069301827780e-01 7.850443702647940114e-01 1.402830601721047343e-01 4.647313789987218835e-02 3.514523380057382740e-01 -5.588242180868070730e-03 1.670113949208489046e-01 1.801391305430516745e-02 3.723848795395315880e-01 -1.074378792502715119e-01 1.026558258571389770e-01 -3.312784672008879661e-02 -3.964280716151629691e-01 3.026130463228794351e-02 -4.851916598532319269e-01 -9.070067428218683836e-02 1.589898658459959480e-02 1.742393395818173374e-01 1.248313343789520941e-01 -6.218395933166739886e-02 -2.392238601479459992e-01 -1.496152554036260518e-01 -3.208039416668866384e-01 1.855957823060754019e-01 2.832341534020619833e-01 -2.861155461840020342e-01 2.221460537185911688e-01 4.331453678987171041e-01 1.490171887753894697e-01 2.317273895628920929e-02 -6.771447670548405573e-02 6.905267297934816230e-03 -1.178442622429156789e-01 2.981504196339184731e-01 -3.921346618120651051e-02
2.257095575463030357e-01 6.810408525011363290e-01 5.423647431708278344e-01 4.793718736630277477e-01 5.260881982516200095e-01 6.055511015470981251e-01 7.642476711512541376e-01 1.000000000000000000e+00 7.766473065563695988e-01 1.472742144723567237e-01 3.018861180247980891e-01 2.259623954992297512e-01 1.251885766029890157e-01 3.182725515872354694e-02 -1.125817829114282576e-01 7.206557363090715373e-01 3.679932723604761313e-01 5.058585338442206369e-01 1.594259186557858421e-01 3.013437945852068811e-01 1.268789233616560430e-01 2.312258250609725008e-01 -5.609105579157000476e-02 1.698923973103113050e-01 9.308151422615151827e-02 1.176865952228085821e-01 -9.650634970109722537e-04 -2.535422513472550543e-01 2.381602196621446510e-01 -3.736889723990052259e-01 -9.439692689917382473e-02 -5.380839473962817365e-01 -1.997513896401108824e-01 2.419110478573888723e-01 1.082168342520305332e-01 3.715799232367530958e-01 -2.203590015759215037e-01 -2.479419217669578401e-01 1.032633437474983658e-02 5.353316575227589080e-01 4.034798355272457004e-01 1.018090604594688031e-01 1.367859519408680669e-01 -1.766139674256837211e-01 1.578257867712032705e-02 -3.276156573143011036e-03 -1.670084025675235007e-01 -1.988231795271266644e-01 3.962524923487009687e-01 5.602145311098220837e-02 7.626179556580624241e-02 5.788150401490042007e-01 1.927583482613282606e-01 3.268397864500451333e-01 6.310107612187243475e-01 6.028243429985338242e-01 8.546888655854095740e-01 7.927563701836310983e-01 1.519267823418612162e-01 1.988701726078470622e-01 1.740171386491002337e-01 1.365545185627737579e-01 1.643841072352098323e-02 2.031462937797841872e-01 -5.165670761462719078e-04 -1.632390068590297005e-01 6.801175311667679857e-01 2.679338936998004739e-01 7.249780960365656557e-02 4.265729703791128480e-01 7.514060659536057896e-02 1.731092094564771477e-01 -1.418120555192700465e-02 3.908852603107720314e-01 -9.422569479426677608e-02 5.895826326154159081e-02 2.535851855621865450e-02 -3.901180575048504018e-01 -4.152517146939793680e-02 -5.100245980544522162e-01 -1.489630933998468687e-01 -8.024351407319663121e-02 1.301829178124160324e-01 1.088132534625477904e-01 -6.024535438117784025e-02 -3.002210339645677850e-01 -1.173069449586312679e-01 -3.932363482240922581e-01 2.359666019775404633e-01 2.014820932299043188e-01 -2.872508937738659229e-01 1.544784844366001164e-01 4.576675380125243553e-01 1.008327020729887502e-01 -4.479711868039205902e-02 -3.660052020491007946e-02 -2.618481508192958829e-02 -1.460174727724729560e-01 3.494516854723341281e-01 -1.257888438727509592e-02
3.036531395479787343e-01 6.582592127584647734e-01 6.503773619379737969e-01 4.076956664315223300e-01 5.906696425031293662e-01 7.434598267291484541e-01 6.801276674275301692e-01 7.766473065563695988e-01 1.000000000000000000e+00 1.768462068846329838e-01 3.304142276320076177e-01 2.178911468226019110e-01 2.060209044992004634e-01 7.408889777778596142e-02 -4.783037191621097861e-02 6.308839342757901480e-01 2.283404297192117294e-01 3.460782720602924578e-01 6.007895163473737921e-02 2.460567758537971772e-01 8.641363813211661027e-02 2.429227267152879177e-01 -1.048403980642553801e-01 1.758086344271877766e-01 6.921084723989834320e-02 1.010969906527542511e-01 -3.373197107678869988e-02 -1.958338963084046980e-01 2.344570435345675607e-01 -3.295340912990560867e-01 -5.430161946727644212e-02 -5.241280096675524636e-01 -1.974419001969772436e-01 1.230041548213664099e-01 1.004906979516352605e-01 5.059134948275774146e-01 -2.173432865719239770e-01 -2.003264373941238685e-01 -1.282736038390911402e-02 5.647387900475566713e-01 4.166029893311037346e-01 9.984518933369261606e-02 1.393460360001117226e-01 -7.712392761460444557e-02 -8.554028403529444213e-02 2.605313242592972867e-02 -1.459945460203869727e-01 -2.173124427559218197e-01 5.672993521957756524e-01 1.416012098817151788e-01 2.059599309795737687e-01 6.140347314160260472e-01 3.301484219797257147e-02 3.075004480430435505e-01 7.537058438462750365e-01 7.327338497257206429e-01 7.282188070206494501e-01 8.212997385072673406e-01 1.790330646151922500e-01 3.144505717888768093e-01 2.211760497238048906e-01 2.295523715246100271e-01 7.033296054230603334e-02 2.546885270494153031e-01 3.412246172198610955e-02 -1.018371422047139457e-01 6.602054250745841291e-01 2.837665654407101057e-01 -4.076148300907909278e-02 2.121584295701052503e-01 5.960402004585972635e-02 1.219994128326531840e-01 -9.176065574040498385e-02 3.961826232500945122e-01 -6.964690071896691148e-02 5.356849640642759314e-02 3.264639499448845211e-02 -3.408886097525392622e-01 -8.102931039607109975e-02 -4.753492044887593360e-01 -2.061452017910189172e-01 -5.064692825220477174e-02 8.953670593974152880e-02 5.146957394569683097e-02 -8.989966198704735234e-02 -3.135618383868442050e-01 -1.044412807272749322e-01 -3.759152487867317149e-01 2.625859468294685639e-01 1.915160285844939858e-01 -2.835212145985432364e-01 1.282695156338218290e-01 4.082074109382212712e-01 1.054153624257220256e-01 -7.554172076804456515e-02 6.390607591579297586e-02 -1.144409436147385793e-02 -1.061073436716731128e-01 5.013906964995539228e-01 7.159736064624448726e-02
1.961234394125792591e-01 2.863798961595864223e-01 1.681489981142623436e-01 -1.055222161481416954e-01 -3.455978032324452665e-02 2.584631014923674530e-01 2.492819590388598572e-01 1.472742144723567237e-01 1.768462068846329838e-01 1.000000000000000000e+00 3.265086303979977678e-01 2.092052062993874362e-01 -3.365274525003144473e-02 -3.233680495893926365e-01 -3.361680637094271451e-01 1.904683009191570076e-01 -1.057551093774123374e-01 -2.690863398190934674e-01 -2.224140057229681833e-01 -3.220320887740714122e-01 -3.499914876219643589e-01 -4.668454048072216700e-02 -3.269701116277817787e-01 1.947836612938871614e-01 7.037474435021966457e-01 2.301569009189651793e-01 -2.344568409324665204e-01 -3.549643900277758141e-02 -3.399222942738306524e-02 -3.730314109383722210e-01 1.679511459271897100e-01 -1.154081031558556875e-01 -1.783874606680052877e-01 -1.318876703130291150e-01 -1.399616054315905578e-01 -1.048377386936660306e-02 4.414828689516810817e-02 6.063571162887018001e-02 4.227307879627954790e-02 3.801095819212430560e-01 1.385735736592052514e-01 5.139708165868215328e-01 4.913427114286704478e-02 -1.646371880625604744e-01 -4.701786032933337467e-02 -2.277689505054117936e-01 -2.863362046823221263e-01 -3.491155028570268049e-01 9.913475462345645861e-02 -1.582391562298626764e-01 1.914528866342109781e-01 1.843134536628728004e-01 -1.007933158208251523e-01 -1.526015940714668673e-01 1.739079070994785925e-01 2.570623146407003401e-01 1.218293777780581760e-01 6.322550431667482707e-02 7.309160954564352108e-01 3.496296591830064249e-01 8.894949770693832969e-02 1.365929983220298162e-02 -1.662141945542789656e-01 -1.563020908951759103e-01 -3.237051511571125140e-01 -3.426762294690377519e-01 2.411082763528129835e-01 -1.579971704368489938e-01 -3.056343231211069433e-01 -1.826126082523237271e-01 -3.220782701221460709e-01 -1.572733435415843706e-01 -2.623530638650831137e-01 2.981168767459981273e-01 1.961357887863373894e-01 3.509282005307908237e-01 -3.900834301826897055e-02 -2.764709117433574170e-01 6.408968487307427353e-02 -1.159162493604107697e-01 -1.491790157735501110e-01 1.107359540667104264e-02 8.157624689921116889e-02 -6.802767362464776091e-02 -1.696615324104274736e-01 -2.378738178680317727e-01 1.080028742033764672e-01 -8.244765088475426718e-02 -1.239555867995608129e-01 9.686386691219843470e-02 -7.415859825896443935e-02 3.329937520763424641e-01 9.358339671089635492e-02 4.543006783159509454e-01 6.278887785099092345e-02 -3.922959305998279661e-02 -1.765689746175216901e-01 -3.213905201158556713e-01 1.153434131326640660e-01 -7.826284358432515631e-02
-3.500454545338121948e-02 1.569999228979615802e-01 2.365252372382325163e-01 -5.007429440667183346e-02 2.298685721565775497e-02 3.179627012833982636e-01 3.062055262006257439e-01 3.018861180247980891e-01 3.304142276320076177e-01 3.265086303979977678e-01 1.000000000000000000e+00 6.163378488542609057e-01 3.957312102296740575e-01 1.307425135183777065e-01 1.425184602328564420e-01 8.543744219965640485e-02 2.915418411093325113e-01 2.380504184516896993e-01 1.056031484970794965e-01 -6.617962220425517052e-03 5.971263731251549856e-02 4.028574198265209017e-01 6.817475236810301154e-02 5.289241861858171578e-01 2.352121988803415886e-01 6.344437897453651942e-01 5.466756404897310517e-02 1.298942839939260518e-01 1.197722829905858294e-01 -3.311407074300196096e-02 -1.944289736448270300e-01 -4.620539136874084463e-01 -2.199870288721506861e-01 3.377738270166205647e-01 2.590423257678330926e-01 3.200685324678463894e-01 5.509448244523401650e-02 -3.504009323214672400e-01 1.180255749849325880e-01 5.437034430102397620e-01 5.696351435463412605e-01 3.904683830066065786e-01 4.905064461072098925e-01 -1.050363860038900851e-02 9.665396429602322870e-02 1.251303378854080606e-01 7.066147753805734899e-02 1.832177442779797313e-02 3.284654298658856719e-01 1.482359372636158079e-01 -1.915535915738635353e-01 1.921061157726358659e-02 -3.620469796423499420e-01 -1.554458099779108815e-01 2.450727688063673304e-01 3.672792370983127830e-01 2.173897183862438520e-01 2.678304070300421280e-01 4.238935552434378029e-01 6.808641813787705832e-01 5.791101768897148894e-01 3.191990562980426827e-01 1.982333288057895049e-01 2.662045868720318564e-01 1.008430080450176125e-01 1.008103520028156980e-01 3.310898372836140746e-01 1.883929317672942694e-01 9.359249472114994362e-02 1.579243235667573686e-01 4.196644200380488660e-02 1.725856642802890972e-01 5.500517961902074565e-02 3.649154416972794635e-01 1.745307113367375873e-01 5.035732382078987879e-01 5.770260153651329132e-02 3.392586338918823774e-02 -1.108037888778957702e-01 -4.126172357231581711e-01 1.493813133794329173e-01 2.068637075238514700e-01 2.676593872231605165e-01 2.824021700073606200e-01 3.451843351550677036e-02 -6.594290650788275920e-02 8.808484383546341667e-02 3.635103443954628560e-02 3.050279116087354359e-01 4.596449718831143172e-01 -2.737331774343000901e-01 6.393883232846185594e-02 2.785454421125232449e-01 2.921136274648916675e-01 3.326249865263773975e-01 1.554524955011094278e-01 7.363900222463165557e-02 -9.585002275956450851e-03 3.628476588949188231e-01 1.741074297188858755e-01
-1.042134911959803579e-03 7.710148477960958313e-02 1.510624601352275609e-01 -3.981053342005382717e-02 3.034047476472518864e-02 2.473389650028737508e-01 2.017955545449404142e-01 2.259623954992297512e-01 2.178911468226019110e-01 2.092052062993874362e-01 6.163378488542609057e-01 1.000000000000000000e+00 3.765072055896500069e-01 2.683938800976548578e-01 2.596799802372543597e-01 4.094262196717012720e-02 3.764591649931160466e-01 2.330971035581122508e-01 1.771291346075392903e-01 -3.843876028280475421e-02 1.762381696162055034e-01 4.016918103780194316e-01 1.830039405859899548e-01 5.312513293381465607e-01 2.002211582166612547e-01 6.684963757908022330e-01 1.287480986792798321e-01 2.819496378540633508e-01 1.067607971452271959e-01 5.730807130735308258e-02 -3.164234764392226951e-01 -3.861626635121327422e-01 -1.551380297125685426e-01 3.327485181006255011e-01 2.196217405512755627e-01 2.394669912358476926e-01 9.760356580164704365e-02 -3.590626668679529065e-01 9.746454718512133353e-02 4.292667789012785673e-01 4.456174554255507014e-01 3.633425894378692900e-01 5.012660151578516299e-01 -4.344627427536585512e-02 4.860602422742562462e-02 1.442994147687503559e-01 1.874558116716148470e-01 6.614887035335409449e-02 1.873735883299141591e-01 6.862562795387369685e-03 -2.085424178251044369e-01 -7.173016864178384522e-02 -2.579922200464928039e-01 -1.354125950051275340e-01 1.623633077002480940e-01 2.943636143252203463e-01 1.457258541924292272e-01 2.004946337608108364e-01 3.816489029952097045e-01 5.624644585375062622e-01 7.081024685422689924e-01 3.135819490968854706e-01 3.328370489891158690e-01 3.259346884975575231e-01 1.973093465493246657e-01 2.048391332368665330e-01 2.536076916540490056e-01 2.505346070752538790e-01 1.670210839943215286e-01 9.117779961907469810e-02 1.316698752516502202e-01 2.564153582331111236e-01 1.763896646551341152e-01 4.447825350119707366e-01 2.991325834555392804e-01 5.163846681941700600e-01 2.381756498432541780e-01 1.836080836012604078e-01 -2.069290605891733748e-01 -2.569285081719047681e-01 1.628860210006783105e-01 4.837965353331124402e-02 2.018401083774434279e-01 1.714580369961136996e-01 1.133492839578154054e-01 6.148878958533068873e-02 1.249165844765457722e-01 1.566946877165891205e-01 2.012370324166490865e-01 3.568285713851919172e-01 -2.543816680480232018e-01 -8.435983944121031031e-02 2.465177456250455257e-01 3.118467930704070246e-01 3.199751198959740472e-01 1.137113927891254955e-01 9.486358967306081358e-02 6.427895946131191585e-02 2.268097452164108685e-01 6.852595863679032673e-02
-4.330287864238708401e-02 -4.752597897208529765e-02 2.141027449601845267e-01 6.629852196762525685e-02 2.171634685708692392e-01 3.725682539421160677e-01 6.303199407356227524e-02 1.251885766029890157e-01 2.060209044992004634e-01 -3.365274525003144473e-02 3.957312102296740575e-01 3.765072055896500069e-01 1.000000000000000000e+00 5.368856963852205455e-01 4.665897886473494571e-01 -3.067897342768561783e-02 5.891018216250375472e-01 3.890160630562709554e-01 4.057798625928730196e-01 1.976345678334366363e-01 3.716139588792504722e-01 6.840961227568227443e-01 3.622863604168685692e-01 2.992749505437226065e-01 -1.074558056641278375e-01 2.424989550148262119e-01 3.837809183103551569e-01 2.922187136455304812e-01 2.329051930259666836e-01 3.376309350969692313e-01 -1.781202940688860759e-01 -3.082424996075023294e-01 -2.229419205589077899e-02 3.967006238198731438e-01 4.490007019701849900e-01 1.365984930366398731e-01 9.729442263540215297e-03 -1.015425614400580351e-01 3.396695824721747137e-01 1.651673778102965562e-01 2.811459852928552272e-01 1.910220205145563704e-02 3.132594025697214568e-01 1.337014611043199908e-01 1.633883646850345095e-01 3.978792003454141857e-01 3.026684544864565174e-01 2.702205927919950623e-01 2.667609756930178766e-01 1.696462827668188122e-01 -1.457326010918820192e-01 -1.402215130413823896e-03 -2.466938168522743446e-01 2.123801146155420566e-02 3.107110889422889377e-01 3.725800636664998722e-01 1.481225159910361799e-01 1.927886585999292468e-01 1.654697881043567728e-02 2.980797490385108661e-01 4.167963468508060765e-01 7.555818860678179538e-01 6.046275117385484510e-01 5.449645925298848281e-01 3.458647694975992004e-01 4.212054834635340361e-01 8.646226739247764304e-02 6.151310632356939978e-01 4.145633169549899910e-01 2.230971954197997209e-01 3.012644242557960816e-01 4.585229616567536026e-01 3.499779916512886779e-01 1.440060134905313816e-01 1.110402311388354463e-01 3.220998135734107204e-02 2.167817743587304169e-01 2.909488832132342551e-01 -2.178328072761843703e-01 -3.037011504304794607e-01 2.366571712047859377e-01 1.173406415368028061e-01 9.113541367359712098e-02 3.180619342392382864e-01 2.859054065152171753e-01 1.949012784668407716e-01 -1.596484545923195289e-02 1.007685584931433953e-01 2.274415944461851691e-01 2.134588274285160181e-01 -8.356685046566687813e-02 -1.754958612504952387e-01 3.202353503059731099e-01 -3.837489355860734808e-02 1.045927660081538285e-01 1.579178019571343961e-01 3.382621099586686775e-01 3.106972337296112219e-01 2.232907849414976220e-01 1.329030285612002038e-01
-1.736073112965780818e-01 -2.120993763290731915e-01 -1.126106923099811155e-02 7.711082174210553974e-02 1.376952247607349245e-01 1.086225835395519534e-01 -4.133512464769797251e-02 3.182725515872354694e-02 7.408889777778596142e-02 -3.233680495893926365e-01 1.307425135183777065e-01 2.683938800976548578e-01 5.368856963852205455e-01 1.000000000000000000e+00 8.539475766169919435e-01 -1.457496861281971368e-01 4.001279922045559712e-01 4.075321935299909271e-01 6.596452718230327861e-01 4.560703827892024220e-01 8.144508064615382237e-01 5.327265203745294997e-01 7.957917391353781511e-01 1.223126888395928702e-01 -3.575512777376020357e-01 7.489054831053594541e-02 5.477949932003657318e-01 3.046945057747344476e-01 4.245999063382573380e-01 6.249551886073013707e-01 -3.197509023989409949e-01 -2.323582690166051401e-01 3.468381010139624104e-02 3.761173663740243756e-01 4.790000737660889407e-01 1.528508592613190831e-01 1.128219836864858827e-01 -2.202039146440992745e-01 2.411801560779137377e-01 1.954249482931907575e-02 1.586896437636451107e-01 -1.297979264886541528e-01 1.503915438793888004e-01 1.865787147904988952e-01 4.018930419912362939e-02 5.240700333558941937e-01 7.457779938959652188e-01 6.077506965214430901e-01 1.758696293512934383e-01 1.561702516867236046e-01 -3.363630780245553398e-01 -2.102934993522646290e-01 -1.206513327784272255e-01 1.430486246330928413e-01 1.005213527899235654e-01 1.012980887638949556e-01 6.138571232374786732e-03 5.519472441061924056e-02 -2.253484401178445784e-01 8.417631353759677526e-02 2.786504918456725322e-01 3.444616802014681123e-01 7.274743051307522856e-01 7.712591917943660835e-01 8.460317485493827894e-01 8.283164607291180204e-01 -5.238416671521969881e-02 6.225329641064156760e-01 6.277313525892297408e-01 2.566874778258855239e-01 7.633737220380689692e-01 5.338986344701832643e-01 7.185886883637057077e-01 4.785920389501435029e-02 3.363531576660928196e-02 -8.177746581794201330e-02 5.600523913502336582e-01 5.751390162244391924e-01 -3.720451197754430228e-01 -1.684063735413172114e-01 3.354255503201176158e-01 -3.056898090272933827e-02 1.805134190934430324e-02 2.259861816661374034e-01 4.758148575613117548e-01 5.568502719890032759e-01 1.317829609302856031e-01 1.581060362234829597e-01 2.857538399187208866e-01 2.222493854552980153e-02 -1.009575256846115127e-01 -4.978023656800287244e-01 1.525934192287618785e-01 -1.716843746770407575e-01 -6.230542107273991104e-02 8.721126540191999343e-02 4.301000866047670068e-01 5.360322156571374341e-01 1.396230217607662694e-01 8.489416249058873154e-02
-2.209731187794560237e-01 -3.312888699102635726e-01 -1.064858715350513185e-01 2.934273854825840064e-02 5.009420140836400026e-02 -2.670451447799959688e-02 -1.645151128898779125e-01 -1.125817829114282576e-01 -4.783037191621097861e-02 -3.361680637094271451e-01 1.425184602328564420e-01 2.596799802372543597e-01 4.665897886473494571e-01 8.539475766169919435e-01 1.000000000000000000e+00 -2.804122627143921798e-01 2.393550622389684357e-01 2.936163422451428806e-01 4.986566879500649585e-01 3.489046330359041326e-01 7.068040361346341616e-01 4.239175891794857987e-01 7.544471573659240482e-01 1.280083140623969051e-01 -3.687520890024116871e-01 1.014760125402027341e-01 4.650981968522920340e-01 3.339117337853357848e-01 3.700868269579398184e-01 6.917348574520171267e-01 -3.379843627180873500e-01 -1.519343256741785275e-01 2.125459316159088868e-02 2.776351262998081326e-01 4.134137862242606709e-01 1.451182479256379609e-01 1.647940468254204538e-01 -2.689582690940375831e-01 1.972158687126300269e-01 -5.000290007502391360e-02 9.237165949169150181e-02 -1.091010802209598646e-01 1.544336136263862180e-01 2.361098934462680099e-01 1.825905132718212785e-03 4.926732089852817187e-01 6.981181638347596641e-01 5.986297858064097976e-01 1.246024270071750401e-01 1.132526962420242062e-01 -3.413080688415391362e-01 -3.182843448192111402e-01 -1.941679848581965573e-01 1.234351905792900883e-01 -3.003694318888862347e-02 -3.422380935306991445e-02 -1.171900960728276819e-01 -6.519582798271193746e-02 -2.029647134492752747e-01 9.765222351015898083e-02 2.858490526717170632e-01 3.016623841947285722e-01 6.643709118215432863e-01 6.662345899919052128e-01 8.230662877457558535e-01 8.941552745494217858e-01 -1.408484080764616231e-01 4.758266452725606888e-01 4.857278669210447486e-01 1.535140903183913053e-01 7.265266042511360212e-01 4.534224551314091078e-01 6.923814177214756560e-01 1.822204974605589820e-02 5.476257013425489539e-02 -4.153437184978307078e-02 5.131362975936059057e-01 6.580298238484394435e-01 -3.812558665789945178e-01 -8.255510670879855073e-02 3.077786353173160849e-01 -2.735888958109370869e-02 -2.456975884948565947e-02 1.809424036340600006e-01 4.311369873612306280e-01 5.351937438660629986e-01 1.604991085291790076e-01 2.094540154246643249e-01 2.855683569198033123e-01 1.722521616057701849e-02 -7.952683700444172776e-02 -5.237678111534205261e-01 7.555564220776792017e-02 -1.232974721026385140e-01 -1.050183414841284260e-02 9.906784470564027056e-02 4.061209093372348811e-01 5.155391516953535813e-01 1.022962509656911989e-01 7.843068616533718784e-02
