1.000000000000000000e+00 1.099051357679226293e-01 1.441036982318740223e-01 -1.066337520962847840e-01 1.043037016705459646e-01 -2.704818117224264129e-01 -1.661174105835095949e-01 -1.511959891295820702e-01 1.277922873835470529e-04 1.633951976954134688e-01 2.013998799927611549e-01 1.751837069738740871e-01 -2.245316510250999487e-01 -2.266644148402766623e-01 -5.970475864920608139e-02 1.069675272936137511e-01 -2.252351810528873122e-01 -2.084344812369112176e-01 -2.556659384970929594e-01 -4.747308719621064904e-02 -1.600774661012145939e-01 -2.225301561739520817e-01 -2.119935675617801163e-01 -8.715788411296365723e-02 -1.556999560376366443e-01 -2.298672921985636108e-01 -3.936553219315126056e-02 -7.715256110248025490e-02 -3.149985815145908696e-01 -1.751939538876637614e-01 2.352252845530672931e-01 -1.522461045673934310e-01 1.953050997803863487e-01 -2.045382936791259876e-01 -1.656613023160704579e-01 3.341190495045348596e-02 4.353801490491878909e-03 -2.266085454363111484e-01 -8.393904765626590547e-02 -2.001950233617106820e-02 -3.267192277589805668e-03 4.113825887466804332e-01 1.705502349778432319e-02 -7.418614637618055341e-02 -1.885086080271838049e-01 -7.637203247026798369e-02 -1.550783859870455694e-01 -1.255339390009266032e-01 -1.099235146667150581e-01 2.124493184140070420e-02 5.434632837725212884e-01 4.543925148059098085e-01 -1.503976544468403065e-01 -7.138087140669026331e-02 -4.733996483773011965e-02 6.876760532813427917e-02 -8.647654806052065823e-02 -2.015588865088131093e-02 1.752248600384888888e-01 1.451147187530229254e-01 -7.689039453693383153e-03 -1.809959978609633757e-01 -8.784936440704121940e-02 -2.586203074329270282e-02 -1.549255000128039461e-01 1.404030554264427012e-03 1.755234702357979792e-01 -2.041750680359186720e-01 -2.834693620808874104e-01 -2.449341311281525713e-01 -7.902530797617575431e-02 -1.340272971555444281e-01 -3.580686183129663802e-02 -2.071996450699310766e-02 -5.182734110424315130e-03 -3.456277352772049727e-02 -1.683464078970149103e-01 -5.909028328014096637e-02 5.765235603150768717e-02 -9.207633689614742878e-02 -1.748210021862608710e-01 -5.540887062123736606e-02 -1.367590273992559669e-01 -1.483358028243227378e-01 9.031892662218676815e-02 4.542364121379708491e-02 2.969131003250151044e-02 6.146779945324276108e-03 -1.895426153371851732e-02 5.922963385491546162e-02 8.556706018571336170e-02 2.539229300114210445e-03 -1.963408094051601327e-01 -2.081891095986469851e-03 -1.873155993553386398e-02 1.498664432693084039e-02 5.036302870290679246e-02 3.101760469802831034e-03 -9.346267762793840361e-02 8.969082759395926099e-03
1.099051357679226293e-01 1.000000000000000000e+00 1.397504247690151968e-01 3.046323315279170219e-01 2.954378045266587982e-01 -1.103988851521310599e-01 4.045319343124442052e-02 4.185438901581249316e-01 3.896209986723019880e-01 2.943655475992032131e-02 -1.928560988942846222e-01 -4.031689546190975193e-02 -9.639560259762093575e-02 1.164719516331852167e-01 2.075936037784757993e-01 4.529771616925121203e-01 2.714426749703602315e-02 3.318804891491159426e-01 4.783009687875742003e-03 1.425134774446435715e-01 1.986849986433694704e-01 -7.656003924633830726e-02 -4.503789412444871021e-02 -2.701069137511037943e-01 1.134805453634647882e-01 -2.876327354066084419e-01 -5.558633331042207859e-02 -1.651556859154455423e-02 -1.025453402990245400e-01 -9.924034935343983843e-02 -1.639622045690957153e-01 1.001569649507489806e-01 2.384287973512252412e-01 -4.552783463740531222e-02 -1.109570202250691057e-01 2.752604087682251066e-01 -6.077633481575167584e-02 1.383224710433904152e-02 -1.793034821556934930e-02 -1.599802924161651541e-01 -3.668666590747057255e-01 -5.087050659489891768e-02 -2.652110955148519467e-01 -2.511670850644459607e-01 -8.491493531432636743e-02 -2.873711320519420909e-01 -2.042027186156547824e-01 -1.871908807841732025e-01 -5.165483854427517507e-02 -9.546265450542419650e-02 2.110910806004621942e-01 4.475907439178094527e-01 3.800707348963611731e-01 3.331320565294272340e-01 -2.229151294260823812e-01 -3.484374815975532780e-01 4.519011651119530515e-01 5.545098959163278218e-01 1.643252192887288410e-01 -5.527827160006735380e-02 3.706656277107265446e-02 -1.198022288798195473e-01 8.680595023068478355e-02 1.853495789247965042e-01 1.537504097685163384e-01 2.049777634706475560e-01 -1.328188103047847068e-01 3.098909486507263680e-02 4.039892063371138681e-02 2.348262463059771210e-01 2.599860455038797147e-01 -1.708582117803335299e-01 -2.690958580805843329e-03 -1.515759536133768071e-01 -1.343781312096185288e-01 -2.027149491631221601e-01 -4.414066560368882369e-02 -7.194843330940033088e-02 -1.752002456053802781e-01 7.312679348324417627e-02 -1.796176771134991579e-01 -3.572924668935161807e-01 -2.477419542803095676e-02 2.020856836577834478e-02 1.794015206008635344e-01 -8.485516840721051002e-02 -1.033139211449479178e-01 -9.657468679223532235e-03 1.994134889040738157e-01 -2.571209333154014787e-01 9.948906431619070068e-02 1.085774975361309957e-01 -8.034544233341370245e-02 -1.376618501109641846e-01 -1.678233101024495522e-01 -3.263436334235844116e-01 -1.710550570676111493e-01 -1.913678958539092867e-01 -3.394473858222176732e-01 -1.829764286034416265e-01
1.441036982318740223e-01 1.397504247690151968e-01 1.000000000000000000e+00 -3.587349786095324622e-01 -4.190828276627352467e-01 5.530578138313290149e-01 5.258155172325027493e-01 6.279898678615960517e-01 3.707537933780821748e-01 2.032665139380991984e-02 2.793070458691070401e-01 4.025292879410568014e-01 3.831523931925469584e-01 2.391307463160313729e-01 2.957105876816463197e-01 1.446658862504680843e-01 4.415549899043100246e-01 3.662445506050783228e-01 4.252525215396902314e-01 -3.491824698954861805e-01 1.116632341011866703e-01 2.957019346101565915e-01 2.201218537651382090e-01 4.135212253113741965e-01 5.332137021210772015e-02 3.296074979442337738e-01 2.085995472609225576e-01 4.884951598023758342e-03 2.886067551021673228e-01 -5.191827980432942719e-02 1.890176054915299053e-01 -5.240798590836762694e-01 -4.018521201689492783e-01 1.449122525657934590e-01 1.780641111252204145e-01 -1.362895863994980916e-01 -1.017323240280774005e-01 -9.167199001837743333e-02 1.627592296254308235e-01 2.725151560069019596e-01 2.470969739267383503e-01 2.830410814073002768e-01 4.359171116396884371e-01 7.633570490080585080e-02 3.746280728817362460e-02 1.373087936734136982e-01 1.755515692508466952e-01 1.794485215942511480e-01 4.275655073489879610e-01 -2.854525255690051333e-01 -2.072931806153043288e-01 3.842096420996825579e-01 8.757317128352591629e-02 -3.970915796964091249e-01 -4.033906439757101170e-02 1.240484135270162602e-01 5.948948659421432472e-01 3.847602322704511968e-01 -1.009602075583246744e-01 4.338233481940272918e-01 4.171176767246629336e-01 3.473966898179976504e-01 3.575107016348585409e-01 5.259208676498359214e-01 4.625593781661382353e-01 3.950062367621290926e-01 2.467800973125474084e-01 5.550807983095621401e-01 3.864109213236101015e-01 3.951334538161573318e-01 -1.191608300855592772e-01 3.269112516309826133e-01 4.682933688748641687e-01 2.568408224286284902e-01 1.953590593753859461e-01 3.022283389255672192e-01 2.276952545175564280e-01 1.087368097726722077e-01 9.373055854146418453e-02 -3.851538174625036004e-01 2.008316062165892424e-01 4.171120741986400482e-02 -5.082528530806035283e-02 -2.245809410151492283e-02 -1.430697631360140498e-01 6.241100573470408606e-03 -1.124202052934731091e-02 8.195730752819252452e-02 -3.678399716370912009e-01 2.270192936761377123e-01 -7.641714133475044357e-02 2.274508035797077610e-01 -1.293050273861758546e-02 2.804060339871516372e-01 4.348018697481990658e-01 1.364407565027623281e-01 3.535796953830451506e-02 2.104424641553769015e-01 -5.389948143222330484e-02 -3.444987203843438706e-01
-1.066337520962847840e-01 3.046323315279170219e-01 -3.587349786095324622e-01 1.000000000000000000e+00 7.721951951657937130e-01 -3.181787271444356247e-01 -4.028171324759716176e-01 -2.149538438898786485e-01 1.257013230687407390e-01 -2.580269086259359690e-02 3.462146632459873336e-02 -1.398338695617032945e-01 5.967679626702588475e-02 4.497115929342906382e-01 3.496355496241745353e-01 -7.751372541581312559e-02 5.047982127572531869e-02 1.886070760244650535e-01 1.068574664272043256e-01 4.072142304067235541e-01 3.291312937483698575e-01 -6.805245572808656107e-02 2.717762858959600902e-01 -3.304115049081124411e-01 -3.781241441044270735e-01 -1.903764321844064744e-01 2.849494565561231374e-01 3.233034629444666019e-01 1.446927221790985929e-01 3.613628900373616060e-01 -3.438685710115736427e-01 5.627353900589651126e-01 4.257825248318806155e-01 1.041211546425020451e-01 -2.974557244267504838e-04 4.587627516816730200e-01 4.559806923137096346e-01 -1.140662612265220671e-01 -1.240840042554159639e-01 -5.451877034426491075e-01 -3.559243305773881483e-01 -3.887557257111020625e-01 -4.823072111588715960e-01 1.005741333139886610e-02 8.828460796771078756e-02 1.429002537976070131e-01 2.174883388771664539e-01 1.673398242841300232e-01 -8.050531021475285098e-02 2.891181974799234000e-01 4.179242332563100348e-02 -1.190954833019831904e-01 3.432831552671450903e-01 8.854308494114594419e-01 -3.802218856802722091e-01 -4.939756089260246563e-01 -2.112235780803568275e-01 7.389788660269808185e-02 6.502226241143423124e-02 -4.579776594375619542e-02 -9.013564251491366919e-02 8.848374614319259521e-03 1.152885079965610821e-01 -9.671459284098514464e-02 1.709245113716520437e-01 1.412106565530947822e-01 -3.935107137421294810e-01 -9.096314195505091071e-02 5.772393495742960366e-03 1.024181144476383754e-01 2.933940998893971863e-01 -7.650060065471805948e-02 -5.764282741810646676e-02 -3.175258537775526579e-01 -6.217729722524683450e-02 -1.611370623395933233e-01 2.242913990706268124e-01 2.872205863887703492e-01 -2.161044575949794544e-01 6.699728068836350303e-01 -1.067864378270073911e-01 -1.567626913228470364e-01 3.342287828036866748e-01 3.296860085827013065e-01 1.895731352685411653e-01 -2.883210649256995675e-02 3.851505456225529644e-01 1.984363872532038942e-01 4.762552711180315090e-01 -2.104342940280582164e-01 1.227001845343098432e-02 -6.148158171513971176e-02 -1.317641568786105943e-01 -4.194217270783363594e-01 -3.428121532358525125e-01 -4.855984169048541479e-03 3.289212074583668100e-02 1.063470607696551627e-02 -2.562220822267935461e-01 2.654900833744706645e-01
1.043037016705459646e-01 2.954378045266587982e-01 -4.190828276627352467e-01 7.721951951657937130e-01 1.000000000000000000e+00 -3.312092921198760420e-01 -5.700515816920986856e-01 -3.860517271836328423e-01 -2.987283955083379437e-03 6.049715006033005993e-02 2.770579509256449954e-02 -1.862144647411090037e-01 -6.896003901123311242e-02 1.841393535694215433e-01 1.549415555896687946e-01 -1.239965040527962331e-01 -1.525940430047126872e-01 -9.179209451836142786e-02 -1.370370808058981593e-01 3.214741171247143536e-01 7.061608797755547506e-02 -1.208574341828246718e-01 3.349872731660136910e-02 -4.176367889104694586e-01 -3.382480730477015474e-01 -2.760697056109215342e-01 7.535544641054334192e-02 1.833333871907034118e-01 -1.068533764128670460e-01 2.859509144045662699e-01 -3.301382262328070860e-01 5.033623936020032996e-01 4.129474576504611472e-01 2.076539070021974492e-02 -1.202826224167411438e-02 3.358004549527166538e-01 3.626747698483419047e-01 -1.109621742717577103e-01 -1.173405866547310022e-01 -5.081655021503194147e-01 -4.002552302862597555e-01 -2.552881906615908081e-01 -4.038341798738674937e-01 -1.133991484563936919e-01 -4.476109721068032704e-02 2.633956883830427739e-02 4.755673389696566528e-02 3.812091858791396160e-03 -2.604865956995895959e-01 2.832897972664463748e-01 1.914621899800469651e-01 -7.531471774462507318e-02 7.933076604010015631e-02 7.762865185600089646e-01 -1.540374014813213899e-01 -3.221726481122627050e-01 -3.750768970566798477e-01 -9.162573050962891097e-02 1.533184642070891113e-01 -1.513135395919774084e-01 -1.682738928706075943e-01 -4.493250251130453954e-02 1.892293791785681911e-02 -2.716545124234530095e-01 -6.989714737074805007e-02 -3.277219764112536404e-02 -4.069821267041824342e-01 -3.088039186231442135e-01 -1.839131784485828480e-01 -1.335755620487031337e-01 1.490542862107168964e-01 -1.396710535178341261e-01 -1.697236640312765332e-01 -3.136295908003561839e-01 -1.521611297960000775e-01 -2.239452066035965694e-01 -2.459749142264705882e-02 1.675566720511249552e-01 -2.842818273548173846e-01 5.140836401090680408e-01 -1.793569928190154872e-01 -1.474667993926241927e-01 1.212806824477608292e-01 3.240513462367321518e-01 1.835278269303980969e-01 6.134063239757766434e-02 2.260913560086556806e-01 8.760908988420243459e-02 4.021360535468796460e-01 -2.761387263491742461e-01 -4.398860755947291146e-02 -2.777104923255080057e-02 -1.018733449025135684e-01 -4.231869634944569469e-01 -3.287516967480128005e-01 -1.578045173504610266e-01 -6.530455530566503519e-02 -1.442968442175566746e-01 -1.579469845211145251e-01 2.681909132790557537e-01
-2.704818117224264129e-01 -1.103988851521310599e-01 5.530578138313290149e-01 -3.181787271444356247e-01 -3.312092921198760420e-01 1.000000000000000000e+00 4.643317066684766736e-01 4.040313984305267669e-01 4.057659071545675622e-01 2.487011972809663463e-03 8.155881442433345063e-02 2.604670041175059514e-01 3.972085709355999139e-01 1.752532602052508381e-01 1.355266911736449365e-01 4.714804201708425527e-03 3.898610613559212457e-01 2.337708688637053223e-01 3.410380253283364915e-01 -1.668688653291390267e-01 5.574761079748641324e-02 4.141483062735855092e-01 1.282930212781043799e-01 3.422124027410474167e-01 1.903590653967544011e-01 3.069736479155299458e-01 -9.088093075665279810e-03 -6.290126607010923521e-02 2.981042943333638284e-01 2.615381817223674799e-02 9.657097442405299104e-02 -3.875553368735525916e-01 -3.964077746778915112e-01 2.484609003633396485e-01 2.874533960401907673e-01 -1.269510505418643131e-01 -1.575302016747528455e-01 1.215165664383021787e-01 2.514136494088545781e-01 3.222197068055385749e-01 2.713338295680591816e-01 1.014782006836937034e-01 3.688384742149311557e-01 8.106578423677899756e-03 6.348736853250822043e-02 8.592802672159086108e-02 1.526567929925743416e-01 8.251312275972391697e-02 5.402813152528572749e-01 -1.595795386099891910e-01 -4.528461946123398252e-01 -2.539719583252997986e-02 -3.287484137873303725e-03 -3.142900001533822096e-01 1.592427369906694867e-01 1.295089541667072408e-01 3.645019239405554168e-01 2.244508080277406448e-01 -1.550802668927495909e-01 2.366886688772928682e-01 3.032107193017756219e-01 3.504427627851059435e-01 2.613789304609286379e-01 3.271801759221500405e-01 2.700107645614440166e-01 1.880488108838652139e-01 2.147716682145412725e-01 4.062379410061325857e-01 3.317820361503767690e-01 3.337931486107936774e-01 -4.444020752862981594e-02 3.264661207417530742e-01 2.087293678878239245e-01 3.215432943464579529e-01 6.792486229301054890e-02 1.562659018047193316e-01 1.188866391482806539e-01 -2.679846430332697912e-03 1.307053918856930334e-02 -4.040326147195048567e-01 2.135382154625026507e-01 1.271570896491570901e-01 -8.768997164862943339e-02 -9.178095333967963574e-04 -2.919865852764397807e-01 -5.110655756251438614e-02 -6.471780753226716310e-02 -1.477766091880578642e-02 -2.231041709915764504e-01 1.026978473479416981e-01 -1.113399754684251952e-01 1.877736856726717751e-01 2.486631507233267591e-01 2.611689296915907232e-01 3.376785164468867895e-01 -1.839346948259081883e-03 -8.511602454992227285e-02 -4.428749785779458915e-03 4.850208824772171690e-02 -2.273219560923714633e-01
-1.661174105835095949e-01 4.045319343124442052e-02 5.258155172325027493e-01 -4.028171324759716176e-01 -5.700515816920986856e-01 4.643317066684766736e-01 1.000000000000000000e+00 6.485009447515307501e-01 2.485516253043895119e-01 8.571133712919246084e-02 7.384252764473078767e-02 3.777055449912251062e-01 3.867698133640162239e-01 1.934242017803291247e-01 2.060867559987959730e-01 4.178685326572839087e-01 4.450178891945956172e-01 3.495569984375458961e-01 4.014692854836462987e-01 -3.121877528411977076e-01 8.064944554773852137e-02 3.632066469389649832e-01 1.798791079224226486e-01 4.889909756959469056e-01 4.973220525773772160e-01 3.217248890233072589e-01 1.717673877792691428e-01 3.568015010010985172e-02 3.397809818808200655e-01 -1.682662591256144091e-01 1.309149033005762575e-01 -3.729004438412513167e-01 -2.712777239938985452e-01 1.130019657449073678e-01 2.681577097182903935e-01 -2.460571285925237106e-01 -1.791431749277159480e-01 3.096460763956584983e-01 3.897221308972902976e-01 6.440399824767005788e-01 4.538509076360380257e-01 2.429468218785232336e-01 3.982552984376516170e-01 1.452637817495945616e-01 1.030370884545121594e-02 1.247408773550887778e-01 2.161670021710105360e-01 9.873032843045757845e-02 4.170021849568373296e-01 -2.279187369880026348e-01 -2.515912127585059332e-01 1.731076910298863791e-01 3.424044237290145842e-01 -4.345293476287318546e-01 -1.841092031691944630e-01 -1.768785947412647719e-01 6.778172054831625992e-01 2.780402956347953758e-01 1.552535058793491412e-03 3.322954963352124369e-01 4.881546608940104393e-01 3.348031296611340690e-01 3.774634947712615651e-01 6.068550198810684915e-01 3.591401487896943578e-01 3.194705444463772359e-01 5.630879229514130779e-01 6.083684488526468481e-01 4.402236324385017108e-01 4.043115115287923556e-01 -1.195191400042697472e-01 4.515448637245610963e-01 3.651862194472997314e-01 4.914558085187506475e-01 2.329489371346695203e-01 2.906504108392229946e-01 2.660569408196929997e-01 -7.591730236303420717e-04 4.224609083394624542e-02 -3.244014513815829392e-01 2.279684820517860477e-01 9.191566204772204374e-02 -1.198586624207418766e-01 2.188491726739278873e-02 -1.863929255106129834e-01 4.526124832676148985e-02 -9.448374218730160035e-02 1.158926302715830581e-01 -4.445707778220919226e-01 2.129026976305897767e-01 1.056940220996389485e-01 3.205297539157052622e-01 2.957425954422003289e-01 4.937793623643835783e-01 4.181763044117793870e-01 8.885850457064896346e-02 4.405201453791853655e-02 9.483008032202006055e-02 -2.979585749965203978e-01 -4.558933365168250651e-01
-1.511959891295820702e-01 4.185438901581249316e-01 6.279898678615960517e-01 -2.149538438898786485e-01 -3.860517271836328423e-01 4.040313984305267669e-01 6.485009447515307501e-01 1.000000000000000000e+00 5.062842643090337269e-01 4.326865799260271733e-02 9.065344384291006141e-02 3.518758659553920531e-01 3.434321247335448413e-01 3.379437521650421883e-01 3.442809219354953099e-01 4.067533855587255331e-01 4.797415901285232431e-01 6.032450758093083065e-01 4.965986418554129145e-01 -2.506683871585644874e-01 3.048259258509468106e-01 3.021502121788322004e-01 2.159484921202438623e-01 2.349119108167281866e-01 3.297030167762809438e-01 2.522370371546850953e-01 1.099220645542138552e-01 2.079350960424246331e-02 3.575393459135245977e-01 -1.757157501383858553e-02 2.956672245806026000e-02 -3.454419005887909289e-01 -3.351398558998086030e-01 1.703288468579761405e-01 1.983711512799962995e-01 -4.545953741296462208e-02 -1.544742880420991726e-01 1.708110129229515606e-01 2.226252738805186149e-01 2.796388851695662536e-01 6.214457504619848305e-02 1.797614574363043949e-01 2.754567152783748418e-01 -6.151244872441324896e-02 3.420417374965754181e-02 -2.509578698479159042e-02 6.534833624316130352e-02 3.733442067575955953e-02 3.202887368996400475e-01 -3.320875505620126122e-01 -2.085888175259741628e-01 3.937651245762975871e-01 3.487650336059549550e-01 -2.656324457015367679e-01 -1.082847061570675479e-01 -8.784180551220002742e-02 8.566603392820968388e-01 6.540601058882744567e-01 5.836428182762411383e-03 3.632582739937147975e-01 4.376688520639361313e-01 2.746282759981373278e-01 3.518652606010532757e-01 5.993443282496905278e-01 5.429807444975927044e-01 4.292448577283549116e-01 1.795788669176376917e-01 5.950851610847853745e-01 4.241120325293524229e-01 5.378904061156810634e-01 8.191658159396078553e-02 2.828724606765800065e-01 3.839754135757208475e-01 1.979633727298187318e-01 1.116264822476904645e-01 2.160573931998001351e-01 2.663147466203028557e-01 5.987440316640928878e-02 -3.884791977994511702e-02 -3.192655627726941336e-01 9.519015892255254518e-02 -2.128652662218699643e-01 -7.551050995869212912e-02 -1.147002867999245227e-03 -1.243318157011355229e-01 -1.460333934332467831e-01 -9.241613325764083675e-02 7.783411498191945832e-02 -2.815789338191418412e-01 -1.910947917457045397e-02 -4.286062319346013727e-02 3.065778235961365006e-01 1.119988264010721296e-01 3.424580444767454934e-01 2.969388737432224756e-01 -7.143543381041896068e-02 -1.637628259665711017e-01 -1.919113174885060669e-02 -1.694375056600771756e-01 -4.420087209889794755e-01
1.277922873835470529e-04 3.896209986723019880e-01 3.707537933780821748e-01 1.257013230687407390e-01 -2.987283955083379437e-03 4.057659071545675622e-01 2.485516253043895119e-01 5.062842643090337269e-01 1.000000000000000000e+00 6.169411824724417570e-02 -5.993590427843253909e-02 2.274375223843497218e-01 2.396771170348094837e-01 3.830040092584616751e-01 3.325193100377070166e-01 1.941796922718869722e-01 2.804179848687839982e-01 4.868008440199332876e-01 2.685158718219292640e-01 2.422857643481820533e-01 3.990456991004513454e-01 1.158645447465996847e-01 6.286005024130363050e-02 -2.104354835927366857e-02 1.595182421108568699e-02 -7.632576521266962177e-02 5.313625117659436653e-02 1.197167594538593900e-02 2.294962431266941161e-01 -1.145841201236187136e-02 1.282289032355179992e-01 -2.187076958270926519e-01 -1.128921786268620858e-01 8.508379752163194865e-02 1.522224281872235248e-02 4.233157714759547829e-01 1.791926118211238650e-02 -1.451336205045200729e-02 3.581722789540785906e-02 -1.063741398731403963e-02 -5.245641016182064215e-02 3.528836435618774858e-02 -6.715510411945130320e-02 -1.845388901874598156e-02 1.378847913551307369e-01 -1.451659110708979628e-01 -3.155432129831142046e-02 -5.865796078728700153e-02 5.075265088618290399e-01 1.758288543013173050e-03 -7.673099301376416770e-02 3.158205621738743862e-01 3.325570170745690279e-01 1.460253591705366616e-01 -2.454184937856223603e-01 -2.380671421013872135e-01 5.038616972268055161e-01 7.643843700630414961e-01 4.089174549650261697e-02 2.048939749965182633e-01 2.523522490177944611e-01 1.717927362313513562e-01 2.096111119517900523e-01 5.006343919833178280e-01 4.041984630154682456e-01 4.110737378082328641e-01 9.470874937916656799e-02 2.775309377692050106e-01 1.700917492276445842e-01 5.194447814378341244e-01 4.239582155316646284e-01 3.005454482880336869e-02 6.918344521204630726e-02 5.971903736337984964e-02 -5.913115636307944567e-02 -5.269609959948561018e-02 1.910861995411406999e-01 -4.263207450259961021e-03 2.458850040730556005e-02 -1.609210004914079228e-01 -1.571401303661829887e-03 -1.062525046523785793e-01 1.539810671125302066e-01 -7.873137941522509453e-02 -8.500074839816011696e-02 -3.135227323292920087e-01 4.356218329845563952e-02 -4.079828640343606538e-02 3.000723372989693716e-01 -6.406880780769594330e-02 -4.407794731570013891e-02 1.818963741295702152e-01 -4.287101648024813257e-03 5.988574748216368704e-02 -6.780318971329320210e-02 -3.496336594928534103e-02 -1.911313754667801346e-01 -1.155064558647791451e-01 -3.138051327081541331e-01 -1.504291569396935813e-01
1.633951976954134688e-01 2.943655475992032131e-02 2.032665139380991984e-02 -2.580269086259359690e-02 6.049715006033005993e-02 2.487011972809663463e-03 8.571133712919246084e-02 4.326865799260271733e-02 6.169411824724417570e-02 1.000000000000000000e+00 3.552763860816706143e-01 4.740964073531688250e-01 7.467339195275974999e-03 -5.698493809271613919e-02 7.967523449142487058e-02 1.685067595814273012e-01 3.072202115359410832e-02 -1.606007044535557871e-01 -7.896563773116443974e-02 -2.437650834575812164e-01 -2.282417248633477336e-01 7.337862912705822582e-02 -9.508784413949167291e-02 9.417107241532539363e-02 1.707338709329083437e-01 7.048024364948850609e-03 -7.327289404119230118e-03 7.739163776996524358e-02 7.066134596022838332e-02 1.474313175021714842e-02 -4.290079519697116012e-02 -4.427081751571881885e-02 5.114345705533706460e-02 -7.088523533863896886e-02 8.253993586019653383e-02 5.657301739640611775e-03 1.629386728606450896e-02 3.269902592736176894e-01 4.170040924735533561e-01 2.966905675291138245e-01 -1.448769321817789182e-02 2.987615265895288141e-01 1.090121226636829171e-01 -6.037544602262349264e-02 -1.185998920651129412e-01 -1.731772592220345375e-03 -1.090494418770599772e-01 -6.835797860356618294e-02 1.312474504893422766e-01 -1.255155127567334460e-02 1.652779126659330022e-01 1.345878787207755445e-01 7.374431645891216247e-02 -8.580868029070404246e-02 3.243894203751836181e-02 -5.243796877335964168e-02 9.920428939068617891e-02 2.820800019263119962e-02 8.242771427524631100e-01 2.978842443097426407e-01 4.551232767175050209e-01 6.239811172199929284e-02 8.902810226987295517e-02 9.600711208613628422e-02 -9.426775254555204431e-02 7.012361603719961811e-02 2.890369575181580553e-01 3.089157873340899526e-03 -3.399823424255594972e-02 -1.616651273568090741e-01 -1.853598882291536132e-01 1.752016267685120587e-01 1.516984301344406066e-02 3.900298295542387605e-01 1.954650351656480323e-01 2.511645988097201965e-01 1.287151986279090055e-01 7.790393216179773705e-02 -2.528551587009011392e-01 -2.041969853546759042e-02 -3.456838469042067263e-02 -1.193582461401015288e-01 -1.881135227652057929e-01 2.428675728367233888e-01 4.841923346521871674e-02 6.000998258744269509e-02 1.038977044110244580e-01 1.124641520638698378e-01 -1.258132535465142365e-01 -2.801417488265811953e-02 6.168919898440750754e-02 4.006507235247006582e-01 3.780394284254012249e-01 2.560972693808984402e-01 1.506323978560889787e-01 -1.305136424333530054e-01 -1.014240853439327406e-01 -9.792434851163663023e-02 -1.967606262253890903e-01 -1.300015582346406573e-01
2.013998799927611549e-01 -1.928560988942846222e-01 2.793070458691070401e-01 3.462146632459873336e-02 2.770579509256449954e-02 8.155881442433345063e-02 7.384252764473078767e-02 9.065344384291006141e-02 -5.993590427843253909e-02 3.552763860816706143e-01 1.000000000000000000e+00 6.622004081136246834e-01 4.465392781129106647e-01 3.455851500342613791e-01 3.952682146134492980e-01 -1.471186416935235108e-01 3.957826717300208519e-01 8.549139688616073929e-02 4.184072852363057149e-01 -3.800578872498045491e-01 -3.285750029583463239e-02 2.561231202307461818e-01 4.440934792362094541e-01 3.181415895356579093e-01 -2.039701388514185143e-01 5.155277961247544116e-01 2.803239573846412203e-01 2.653035629315254607e-01 3.511921604245360484e-01 3.868887713396176320e-01 -1.728984668021308901e-01 -1.956875329908730754e-01 -2.152644034756637792e-01 1.247807305811195200e-01 2.198601419289759606e-01 -2.168791547605437298e-01 1.850419066273273905e-01 -4.955259682349948125e-02 2.262097741310508114e-01 9.694686526365601381e-03 1.325502578020798239e-01 3.138085279959844653e-01 3.894864354986536381e-01 5.784284977122716026e-02 -1.936001672240518223e-01 5.147958635568653518e-01 3.290289768341987942e-01 3.941046247436372774e-01 1.552744590515639234e-01 -6.421304705116978595e-02 -1.102963441268909883e-01 9.251344816646156488e-02 -3.503914633695219549e-02 -7.732920004432160266e-02 -6.956166512799889963e-03 5.578777339606984242e-02 6.950477628150657228e-02 -1.255842002305884164e-01 1.969457783721530741e-01 7.595510493207500158e-01 5.825378879795409803e-01 4.833568167915935354e-01 4.280869085494188875e-01 2.452890416267811680e-01 3.797746739312348185e-01 3.398884402556321960e-01 1.433395551284823433e-01 4.170817683997146141e-01 2.296736717133532057e-01 5.660318753088895705e-02 -2.872627208558343193e-01 5.293789151189453035e-01 4.992519543181516695e-01 3.058781812018637192e-01 4.068264477042485838e-01 5.902325838899800114e-01 4.452276982878035638e-01 4.968068687401643868e-01 -2.541149945336925731e-01 1.958296821210823990e-02 1.583023317972090116e-01 -1.686873144617602460e-02 -4.285171279827926921e-02 3.212818492061520481e-01 -1.116951155200209961e-01 1.190933041161482547e-01 3.698833677891070204e-01 3.700901617171230562e-01 -3.482788226385904462e-01 2.287263483519253737e-01 -1.057193614709927287e-01 1.984304962579684639e-01 9.604958665626321668e-02 2.254460789487278960e-01 4.614901884729835091e-01 1.365205877296536974e-01 2.018912929847748727e-01 2.853788794773144954e-01 8.930098260335891935e-02 -3.032462957819707233e-02
1.751837069738740871e-01 -4.031689546190975193e-02 4.025292879410568014e-01 -1.398338695617032945e-01 -1.862144647411090037e-01 2.604670041175059514e-01 3.777055449912251062e-01 3.518758659553920531e-01 2.274375223843497218e-01 4.740964073531688250e-01 6.622004081136246834e-01 1.000000000000000000e+00 4.932577342607712967e-01 3.290088133800738168e-01 4.003446197857488120e-01 1.197725245191416654e-01 5.218316370397336756e-01 2.046717132473495626e-01 4.563885788622978334e-01 -3.392837887506073291e-01 7.059938644131644181e-02 3.731137926244686986e-01 3.433607978873360334e-01 4.493554994983778306e-01 4.221769284797646099e-02 4.561846486838171399e-01 2.274910986143263147e-01 2.214973801218952931e-01 4.039496610035440693e-01 2.453922493792374260e-01 7.086338275135735387e-02 -3.802058181120884228e-01 -2.838053723117112126e-01 1.259625996900511080e-01 2.633327273355094422e-01 -2.272992553176766961e-01 -2.343411353181240955e-02 9.400628006879377385e-02 3.299409259098762259e-01 2.947588287046842281e-01 2.563053803430776489e-01 4.437543656598802455e-01 4.505714381926261836e-01 4.858164074039880015e-02 -4.499486962244993865e-02 2.625913986421756774e-01 2.209824870580699707e-01 2.339550578487073207e-01 3.381936880400462919e-01 -1.825744095046951954e-01 -1.674435500398627485e-01 2.076491449648169563e-01 1.424813019342607567e-01 -2.334026553150739813e-01 -1.457172891059231312e-01 -7.944578762438649078e-02 3.545819837041011557e-01 1.569144256527549020e-01 3.085854885589437990e-01 7.705688520819859999e-01 7.914713163825033426e-01 4.840230622691717444e-01 4.097166989481240695e-01 4.845139894681674830e-01 4.203343124941500975e-01 4.415383452925318863e-01 4.038931125955438906e-01 5.467331640381916102e-01 3.183344481479979948e-01 2.157709304639500170e-01 -1.212889533262036107e-01 5.549368702881354309e-01 4.963927248814717919e-01 4.958009753439041045e-01 4.717173664048823767e-01 6.005783085404908794e-01 4.237380968621455302e-01 3.565140575037673565e-01 -1.037084272279695102e-01 -2.168937683248567394e-01 1.941320551759743163e-01 -6.438731123021514124e-02 -3.891534003091679655e-02 1.591643937152713018e-01 -1.456196216317557912e-01 -7.505614222993332646e-04 1.800778655462486610e-01 2.518344707813928718e-01 -3.550567063917812183e-01 2.552801472094863855e-01 -6.363713901046909316e-02 3.293917926836139598e-01 1.958921949694019948e-01 4.421445936410700606e-01 4.705619033730788492e-01 8.782769853079103184e-02 4.652935407070413198e-02 1.633856722432275033e-01 -1.875055813435620999e-01 -3.069630619539424621e-01
-2.245316510250999487e-01 -9.639560259762093575e-02 3.831523931925469584e-01 5.967679626702588475e-02 -6.896003901123311242e-02 3.972085709355999139e-01 3.867698133640162239e-01 3.434321247335448413e-01 2.396771170348094837e-01 7.467339195275974999e-03 4.465392781129106647e-01 4.932577342607712967e-01 1.000000000000000000e+00 6.558735736926325499e-01 4.979184284575363661e-01 8.286617134791780803e-02 7.420307260346303835e-01 4.347255522482532109e-01 7.380288209123130327e-01 -2.151081946941565959e-01 2.796206452882045723e-01 6.136009900219896451e-01 5.654270793677710349e-01 4.452351025917063443e-01 -6.189314098229292682e-02 5.418169506785612821e-01 3.578977766179738951e-01 2.401063368541458132e-01 6.454371387074122612e-01 3.995727984532121968e-01 -1.322396116527996268e-01 -2.030733287352929350e-01 -2.752155911749362138e-01 3.843309490742622403e-01 5.059850718895592125e-01 -1.881953386999451749e-01 1.293339522141711551e-01 7.639865689632044377e-02 2.623659074306772809e-01 1.486363170567881753e-01 3.257423423301293863e-01 2.750328205801336190e-02 3.966095729538597348e-01 1.305575007491170114e-01 4.334744862958587325e-02 4.201850594872433287e-01 5.168430640376826535e-01 3.992047174429315115e-01 3.472356255178596363e-01 -5.699859143048852106e-02 -4.038083582301460472e-01 -5.391688012333135244e-02 2.950249421355473078e-01 -4.226702337558942320e-03 -3.134600916874760723e-01 -2.443842621370772017e-01 3.146600778616376326e-01 1.595858022734684689e-01 -1.433031038645412314e-01 5.119137185442347304e-01 5.777825499230635486e-01 8.318930509568956966e-01 6.267218509181183839e-01 5.734475454846569287e-01 6.020105113513819495e-01 5.083735781080799265e-01 1.252809655191624849e-01 7.469854346330719874e-01 5.952985750201295057e-01 5.216258239567032051e-01 -1.020304375968683445e-02 7.232003376086291180e-01 5.748973438705996530e-01 2.787327191079000399e-01 3.207644938447560823e-01 4.785364251763565280e-01 5.158900963110438775e-01 4.199130276131248229e-01 -1.430762353563456157e-01 -3.998291264249878574e-02 3.971023425395071027e-01 1.534634170015531096e-01 5.823105808746431578e-02 3.487841776628918811e-01 -2.846266330910267039e-01 6.482180182826662029e-02 2.224186892463950738e-01 2.472865089101185798e-01 -2.598613284044313243e-01 2.136852418754706662e-01 -9.894770682803949446e-02 2.312922312049656981e-01 1.671323179845252971e-01 2.104350574577440736e-01 4.518663173730884663e-01 1.523111046217919817e-01 6.547858194442096602e-02 2.143738356040046367e-01 -2.081933537124674438e-01 -1.985162618698598780e-01
-2.266644148402766623e-01 1.164719516331852167e-01 2.391307463160313729e-01 4.497115929342906382e-01 1.841393535694215433e-01 1.752532602052508381e-01 1.934242017803291247e-01 3.379437521650421883e-01 3.830040092584616751e-01 -5.698493809271613919e-02 3.455851500342613791e-01 3.290088133800738168e-01 6.558735736926325499e-01 1.000000000000000000e+00 7.509809069051704977e-01 3.021934024209470965e-02 6.516293879582178983e-01 6.560937239360806750e-01 7.519398841627936703e-01 1.360103383394566379e-01 6.292726406395414696e-01 3.869826552704868639e-01 6.925263733699134061e-01 1.803954239465252740e-01 -2.228838657334933915e-01 3.217075934274147841e-01 4.651272039731005892e-01 3.966209549744423302e-01 6.764899729858045996e-01 5.267280720498780378e-01 -2.663552474732475694e-01 6.404841657731840006e-04 -1.003661920659680851e-01 3.391508143438999312e-01 3.206754999339929690e-01 1.840210585462004889e-01 3.814312186018493089e-01 -8.984453907969687514e-02 4.011127138832483452e-02 -1.720725710756389748e-01 6.348387793095490450e-02 -1.376428538295945414e-01 5.354019726220163311e-02 9.175836287615099507e-02 3.899602781731770218e-02 4.587830618126706450e-01 5.346441524870308992e-01 4.719191442604901421e-01 3.465435890940835040e-01 6.764754240389633799e-02 -3.599175367278624194e-01 -2.148503975221906920e-02 4.348994822196221577e-01 3.908148997438800065e-01 -4.714500674706358363e-01 -4.223313593633080676e-01 3.082673133591580239e-01 3.350950309618385692e-01 -1.231996379055220470e-01 4.475570016312542254e-01 4.212644121678990605e-01 5.468087343549454804e-01 6.118113341692847928e-01 5.725731767286554863e-01 7.879466435891583354e-01 6.586427810606833022e-01 -1.120606988853070224e-01 6.373857604290925627e-01 5.168340411782363919e-01 6.409091847390564478e-01 3.182966937127640339e-01 4.244479400655972734e-01 5.394048341304343852e-01 -2.243670228472897411e-03 1.661515996341525192e-01 2.867666936434902225e-01 6.483296456958773657e-01 5.211465640342533012e-01 -2.028045478376428734e-01 2.078204307065140144e-01 1.752090867062188750e-01 -5.240695146013248096e-02 1.693105569531701271e-01 3.250877590703063480e-01 -1.514878798670030446e-01 -1.093355998804631246e-01 4.017615058343269596e-01 3.032878123612186561e-01 9.554863257393839127e-02 1.991831968651676995e-03 -1.718675744574847675e-01 1.171210648966611867e-01 -4.052249752182790488e-02 -3.095502297229629426e-02 1.349103296885942604e-01 1.170029845863916063e-01 5.504762062318453025e-02 2.154383825306688538e-01 -2.653782200825118842e-01 -8.636187908740634855e-02
-5.970475864920608139e-02 2.075936037784757993e-01 2.957105876816463197e-01 3.496355496241745353e-01 1.549415555896687946e-01 1.355266911736449365e-01 2.060867559987959730e-01 3.442809219354953099e-01 3.325193100377070166e-01 7.967523449142487058e-02 3.952682146134492980e-01 4.003446197857488120e-01 4.979184284575363661e-01 7.509809069051704977e-01 1.000000000000000000e+00 8.021433284050315249e-02 5.064331973149068800e-01 5.401568077349004904e-01 5.641081177305902195e-01 -6.857529833704874463e-03 5.010048223066586592e-01 2.856428317210452095e-01 5.867691180142399210e-01 1.207857820415514649e-01 -1.040661473212025484e-01 2.612581183926644957e-01 3.767221644033991734e-01 3.567550745921731492e-01 4.772257043492118544e-01 4.489443891699047562e-01 -2.621882076277011198e-01 -9.218582330913327461e-02 -4.136393342036717713e-02 1.590913596514606787e-01 2.074666676246280372e-01 1.394072228990738127e-01 1.753482369284100895e-01 -1.854044249633787778e-01 2.366500919591935093e-02 -1.320403924206580981e-01 -7.236732976967226449e-02 1.523553443530351222e-02 4.538539794380026804e-02 -5.782623870063926391e-02 -1.451677518921798693e-01 3.515313038092417464e-01 3.543272809395408007e-01 3.283173397384245851e-01 3.007197085675403780e-01 -6.764654865544031392e-02 -2.043037798208135747e-01 1.571039630948984633e-01 3.863251161109074183e-01 2.780585889570227898e-01 -3.821975104134105461e-01 -3.527509435484176281e-01 3.387474233383511169e-01 2.904775705798378072e-01 3.611362049885723929e-02 4.981896603126960699e-01 4.969131387272998079e-01 4.570611531872058042e-01 6.292408703498495459e-01 5.741820651691706967e-01 7.492849288815486286e-01 8.443670416255405486e-01 -4.266126354661634035e-02 5.411705658646440709e-01 3.895473161762747494e-01 5.005278791582302711e-01 2.785107828699047716e-01 4.145239567357126287e-01 6.244047732434568898e-01 3.640120216307178580e-02 2.644980757569302399e-01 3.613587695364861019e-01 5.808759110477059728e-01 5.808712195420236979e-01 -2.520128224949412243e-01 1.529233414556800119e-01 4.662188242877787075e-02 -1.806198087763682958e-01 4.019626144799135457e-03 2.828620425862934940e-01 3.457727969575444276e-05 -1.770948057198501457e-02 2.593022922647141848e-01 3.328723318797669473e-01 -1.094849917064946027e-02 -6.199526485595169972e-02 -1.245209368033182024e-01 4.896436790157852187e-02 -9.105023856473486166e-02 7.374647401059495743e-04 2.124251151292166628e-01 2.167536395474968167e-02 7.078836112488165466e-02 2.038165663637345471e-01 -2.722814373107871333e-01 -1.631698231448757974e-01
