1.000000000000000000e+00 1.902256070417233103e-01 3.827090773836208104e-01 -2.616498603245152529e-02 -6.203291238288934778e-02 3.462513884038564416e-01 2.866931112894338107e-01 2.750256729721864413e-01 9.337974609541448145e-02 5.015071238588212493e-02 -1.312470268182414634e-01 -1.487755856687893452e-01 6.086959473551437766e-02 5.720255088142792155e-04 -1.547518924107207927e-01 3.560931048665412768e-01 -4.295673133663745202e-02 -8.623495729410056432e-02 -6.084768621229676155e-02 -1.143351267394513010e-01 -1.815583611069854775e-01 -2.707588892829312574e-03 -3.847895285215919420e-02 -6.724847408267782545e-02 8.671252407711303734e-02 -1.339497632270370171e-02 -1.856760046265011899e-01 -1.502123048666727245e-01 2.099018155891447558e-03 -1.059186763568372852e-01 8.273817330562897865e-02 2.240976767014642990e-01 2.234204075640825460e-01 -2.995277142388650879e-02 -1.307749315671952184e-01 -1.990068389451664366e-01 -1.097749120050380001e-02 2.780145392455943831e-01 -4.790020540070754479e-02 1.261966406640660510e-01 -8.323628590258548565e-02 6.206596547171649991e-02 3.575057934201141679e-02 8.511457148088513724e-03 -2.358630642958663842e-02 -2.103706977810773093e-01 -1.441960919131185237e-01 -7.627528630635123374e-02 1.662202462320505336e-01 -1.034686564398539649e-01 6.275306361041894654e-01 3.201298746272991935e-01 1.110926603451138500e-01 -1.395710357635879945e-02 2.191418088619957738e-01 5.733536282678645124e-01 2.602352422578290692e-01 1.390828314872366023e-01 -1.256620457553626613e-01 -2.047925335571727790e-01 -1.778075289660721314e-01 -3.384201180480351373e-02 4.528736350643429442e-03 -1.701184651099863221e-01 -1.502021437901649159e-01 -1.344838161174446989e-01 1.746771863221090737e-01 -1.144585959528675867e-01 -1.507549497887655243e-01 -9.394975363168203697e-02 -1.947649875822524412e-01 -5.567870194978461612e-02 -5.390650605843774062e-02 1.823829636637405022e-02 -1.555528575049622275e-01 -2.382173781104856766e-02 2.257670877942106677e-02 -1.712678931409296335e-01 2.273806068820319673e-02 3.358307825719249462e-01 -1.363589064477008783e-01 -2.380167778798756295e-01 -4.040400120070943013e-02 -1.067123771904871232e-01 -2.862440860438987267e-01 -1.272659516647586808e-01 -1.330672837555525734e-01 -2.366316483497712675e-01 -1.557375819605698875e-01 -2.432225327974397444e-01 2.761337776599614990e-01 -5.720941842687810031e-02 4.944248165091511688e-02 -3.943852596918489412e-02 -1.911956104677830365e-02 2.481756980642083402e-02 -1.469099175796740875e-01 -2.021185771951304055e-01 2.672256187936952743e-01 -1.024672052342249229e-01
1.902256070417233103e-01 1.000000000000000000e+00 5.172458471820994275e-01 4.762238443747596750e-01 6.560952293654858103e-01 5.785670372395909089e-01 1.740357655787984903e-01 6.069895967664761249e-01 4.270377692601771691e-01 -1.175556292076470298e-02 2.406112562185756254e-01 2.657503853486535284e-01 2.981251134686250248e-01 4.576208650500974695e-01 3.818784276349644902e-01 3.305075193559068869e-01 1.560286190944788209e-01 4.929180904780954275e-01 2.992394628730014050e-01 2.309949988120374720e-01 3.184049102893914962e-01 1.931591680292873148e-01 4.203321412246506794e-01 2.667353250457329961e-02 -1.102745435505688432e-01 5.829732018543384853e-02 2.537240950371249526e-01 9.414329900222333236e-02 1.848984993621151096e-01 1.624430341782991949e-01 -5.205589175521726543e-03 -3.095358953157468229e-01 -1.316282189809423186e-01 2.755534258654232516e-01 1.828786022707931391e-01 3.428303412666028338e-01 6.852358595178718870e-02 -4.378291050059235356e-02 2.834079766901834718e-01 4.801426279549961956e-02 2.280098597091428647e-01 2.093056481385427159e-01 2.405488659829461140e-01 2.493575254593675961e-01 2.440551373729850648e-01 1.076253970105620211e-01 1.390959443311277632e-01 3.618201820902108845e-01 3.272784725736227474e-01 2.054185177250190675e-01 9.143358380677195363e-02 7.822155310270917372e-01 2.386340814040610603e-01 4.746013780968235118e-01 6.206568875535205532e-01 3.641448312109914487e-01 5.780236782469608814e-01 5.159425655896534568e-01 6.480277835990445878e-02 1.512373498443406461e-01 2.776447723362466813e-01 1.391101846862206060e-01 2.434858138770560065e-01 1.638729316678058656e-01 2.034925223695190633e-01 3.234897147653669758e-01 2.690065195380961227e-01 1.754092575732085768e-01 1.225683897672229655e-01 4.521479862526974203e-01 -7.754059228634924139e-03 3.190895470305494253e-01 3.455594696414271971e-01 1.013967784505347787e-03 9.426294918582776849e-02 2.298647008282358739e-01 1.948158157267708968e-01 1.743613706107824401e-01 4.357810389484224542e-03 -2.602445774304232295e-01 -8.669333642911167259e-02 2.893010648497045811e-01 3.533913873609347278e-01 1.815322121341287620e-01 -3.103946708348769290e-01 8.158001479617271734e-02 2.331685622034048444e-01 7.123873697866857368e-02 3.782118393294790493e-01 8.694315154185776329e-02 -1.196576926632550997e-01 2.022907563315574364e-01 1.916846998771722932e-01 2.660703671624555788e-01 3.213340777906013579e-01 2.020142058288436349e-01 -3.352517419995150738e-01 1.152944485900016108e-01 2.907526232014120415e-01 3.008900975080843199e-01
3.827090773836208104e-01 5.172458471820994275e-01 1.000000000000000000e+00 -1.750370108537658903e-03 2.115896258690594389e-01 4.923421842395312997e-01 3.140079189087633393e-01 3.595167222250362227e-01 2.842637524976501240e-01 8.065397960570468150e-02 2.185714585322597603e-01 2.425174117819197117e-01 3.476933223494460545e-01 3.408430946965880781e-01 2.108167212001126611e-01 2.036519724789032787e-02 1.961960455241281986e-01 2.101382512976810168e-01 2.628413661709909088e-01 2.683280759824800410e-01 2.735170976459120329e-01 1.869870819950395224e-01 3.202295160760336157e-01 3.059419829461031970e-01 -6.394252211286455267e-02 1.371135464046015495e-01 1.882716220204568303e-01 4.117091876085673952e-02 4.885066596274706963e-01 5.024965365470066697e-02 1.373516701171693388e-01 -5.018097149884870323e-01 -4.829842823789103345e-01 3.875472795092188560e-01 8.726081669925281337e-02 3.043042370597938695e-01 3.703470316065434753e-01 -8.617392716081972992e-02 2.859932399357627553e-01 3.260735924500450800e-01 3.153477086107511207e-01 3.641581022682200963e-01 3.521829188849481262e-01 2.529350709350063897e-01 2.340927166236710377e-01 -1.071353642094227676e-01 -6.652918168739375970e-02 2.768862275517358085e-01 5.524469687437988386e-01 2.802962426465113177e-01 2.198264194136849425e-02 5.037013942831284341e-01 -2.465719923057032442e-02 1.817585688553016166e-01 3.773184915038547138e-01 5.539294293672296643e-01 4.906222967566001847e-01 4.347803225111426806e-01 1.810512540539632453e-01 2.490048667764627188e-01 2.473927999295753855e-01 3.564889530680831475e-02 1.404425245829903357e-01 2.155307835232706318e-02 2.034384958565219614e-01 1.279213118163169405e-01 5.411967858849698887e-01 2.379188431762136180e-01 1.693385165693664929e-01 2.770533590003143587e-01 -1.099932049413410856e-01 3.225342641419228773e-01 2.240285728423115630e-01 1.199296765637145740e-01 -4.322841748920927540e-02 2.769655559411142165e-01 4.833647487956936328e-01 1.635971966447499204e-01 1.554095283003460448e-01 -4.440527225341004969e-01 -1.742697064326374223e-01 2.460397506444917670e-01 3.451493805039086427e-01 -1.717716000308938673e-02 -3.828725167334087742e-01 -1.811677179884512712e-01 3.536423781472096683e-01 -1.888211119532733073e-02 3.288382808010140157e-01 2.167085383209749749e-01 -4.296481996486070654e-01 3.954079634406710286e-01 3.486480898380673876e-01 3.593307943844175623e-01 3.251041632114772817e-01 2.158888106685364905e-01 -3.386747395278361106e-01 8.612065637369135940e-02 4.127619496764773910e-01 3.908874726809402067e-01
-2.616498603245152529e-02 4.762238443747596750e-01 -1.750370108537658903e-03 1.000000000000000000e+00 6.057815779738333628e-01 3.741362373422113530e-01 -1.531830727703889332e-02 3.242601160586308651e-01 3.045861985823531959e-01 -1.552643631688437886e-01 2.321583106255705464e-01 3.877659727037949255e-01 2.711725033167737831e-01 4.587645332764733741e-01 4.446854613067865447e-01 3.650674421118802471e-01 1.980835701878815025e-01 4.486175504310393469e-01 3.442423984034316264e-01 2.159704870662517706e-01 2.403529361510428342e-01 2.652073042207870324e-01 4.256625633414811705e-01 -8.852990878454685547e-03 -2.439773946232148549e-01 1.715159048737778247e-01 3.115142767298083593e-01 2.364035556370316649e-01 3.697423620973951108e-02 2.532619408079638257e-01 -1.070760214536087968e-01 -2.472554292882329086e-01 -1.526033224696887215e-02 1.177803457676950272e-01 3.072872850719577387e-01 3.470186175332739542e-01 6.296142976557002335e-02 -1.512464156796028969e-01 3.010096385784463147e-01 -1.674352390518736855e-01 1.696277977315539531e-01 1.614740948225905359e-01 2.941425073355366515e-01 4.132004768500352476e-01 3.364995775848272919e-01 2.515229615026877696e-01 2.464688726558259546e-01 3.835822738834381296e-01 1.045801506494630634e-01 1.495624696583186808e-01 -7.675744562404498983e-02 4.662560278333392483e-01 4.195020470298051474e-01 7.589647081583763555e-01 2.851648433025938956e-01 1.758255411306562654e-01 2.342279270772184285e-01 2.392958424997781441e-01 -2.930111415516183093e-02 1.694220304388215359e-01 3.566599369506019412e-01 3.143376765893218794e-01 3.651353725640220649e-01 3.045239543393816195e-01 2.460962448589603946e-01 4.307874129881006930e-01 2.340306814485844031e-02 2.056502162743102935e-01 8.980661335105341592e-02 3.713413110482817192e-01 5.084344237435212827e-02 3.161167079299480043e-01 3.048096438280515907e-01 8.079190330171262535e-02 3.100061191474830502e-01 2.769923100259796822e-01 9.419353203315987411e-02 2.260090737503866187e-01 -9.436361208330310002e-02 -2.251316004153988415e-01 6.966219275651527876e-02 3.544008841138506227e-01 4.332300366604326936e-01 3.478101427497999332e-01 -2.882001414999970645e-01 2.022485603537693410e-01 2.125280292314626340e-01 1.731598968858989174e-01 3.765106738987321622e-01 8.907007526108652595e-02 4.700931294538710468e-03 7.882883928046026389e-02 8.915315551131179628e-02 2.388460738296231123e-01 3.608268755147910345e-01 4.100871623020032608e-01 -3.951781495585655613e-01 9.778557623066280735e-02 1.321188290206554983e-01 1.960328054372017792e-01
-6.203291238288934778e-02 6.560952293654858103e-01 2.115896258690594389e-01 6.057815779738333628e-01 1.000000000000000000e+00 5.542287377852627150e-01 -1.474915458327628014e-02 5.110753795967768465e-01 5.701031042829906026e-01 3.294060923287988468e-02 3.077321125903924592e-01 3.460967889723363666e-01 3.681619272106182450e-01 4.862110893501594422e-01 4.503436478829082046e-01 1.037455348344797079e-01 2.470720049576090593e-01 4.839134614387793354e-01 4.064732943083080863e-01 2.443304519371133909e-01 3.331650068172022916e-01 2.437108859977906439e-01 3.696577288718523313e-01 1.115052106404527954e-02 -5.791765280704885138e-02 1.842620880900663616e-01 2.627890295745210492e-01 1.948688786976770504e-01 1.267652017369255979e-01 1.851030731734299162e-01 -1.650797392521369256e-02 -1.911007983282784206e-01 -8.407421356103171595e-02 1.504403684363732063e-01 2.312485935636957590e-01 3.497052427060971524e-01 4.055370536226125117e-02 -7.344644718883873435e-02 1.945716656925665922e-01 -1.202898891227301703e-01 1.261619506783061284e-01 1.649289127298007862e-01 2.828863671424035053e-01 3.673310541790100192e-01 3.156412762186623922e-01 1.318319524244499219e-01 1.470383074913739208e-01 3.211797684843639145e-01 2.004857282913349859e-01 1.439940690046975502e-01 -1.257331081179303978e-01 4.668097016741946104e-01 1.572659753373239488e-01 5.030424545456788632e-01 6.319966272077659486e-01 2.832760202434925767e-01 3.576187676514816505e-01 5.317148358315448853e-01 1.354003760492027142e-01 1.515419299758016258e-01 2.698616212908823697e-01 3.270441698793351559e-01 3.655521104570326751e-01 2.822508779802646028e-01 2.639737325763851228e-01 3.814437003583517338e-01 5.740145910611531982e-02 2.491450858015128444e-01 1.213756901636709601e-01 4.015455524335805326e-01 1.238231139094452399e-01 3.559245831610642341e-01 2.618195232873497535e-01 8.178314743266718034e-02 1.883453817903923688e-01 2.197654868559430763e-01 1.676094675327099992e-01 1.885165653675885955e-01 7.400989812496305657e-03 -2.161691618838913476e-01 2.118382403225882449e-02 2.741721606172992098e-01 4.101728624525210476e-01 2.791674938216283097e-01 -2.264414896236528196e-01 9.761958475378949840e-02 3.135415581902462612e-01 2.029636953957147105e-01 3.999432795554430653e-01 1.054830122679400600e-01 -6.507947834367897033e-02 1.080804870773018761e-01 1.268204595788124112e-01 2.093597239523175835e-01 3.295513440959539908e-01 3.263488223705448554e-01 -3.195046409256947495e-01 8.944511759472437151e-02 2.578690904411824469e-01 2.399305156578610543e-01
3.462513884038564416e-01 5.785670372395909089e-01 4.923421842395312997e-01 3.741362373422113530e-01 5.542287377852627150e-01 1.000000000000000000e+00 1.060817036906712418e-01 5.992724975628748174e-01 6.733889810668390874e-01 -3.014524159321352662e-02 2.330889179159211511e-01 2.650189483785365119e-01 4.676557715002737647e-01 4.972012108746352577e-01 4.689896102448947168e-01 6.170447321089347903e-02 2.288722311454465252e-01 3.435581556723626973e-01 3.927222070598293535e-01 2.447736950485314422e-01 3.433737388248396805e-01 1.606902204124565359e-01 2.729039178965850243e-01 3.689415306439978309e-02 -1.493173840451382239e-01 1.442879785089106470e-01 2.055656658840119000e-01 1.696505350920235189e-01 1.702973167491593498e-01 1.204267415085722992e-01 -1.503521673593632701e-01 -1.818464946176680253e-01 -4.118120486499116453e-03 1.572588606606010672e-02 1.794282032224057966e-01 2.857793973160048240e-01 1.969395293143415618e-02 -6.849497943404807276e-02 9.665892798857152191e-02 -3.693482927836638091e-02 5.382893396193434016e-02 9.983047275374493101e-02 1.782333800379179711e-01 2.511862225521243053e-01 2.192841917451767153e-01 -2.262753175330376246e-02 5.653327231357024862e-02 2.122371445917149990e-01 4.633253818479849406e-01 9.474167654860250753e-02 1.018495767646068334e-01 5.859701679015529852e-01 -7.680158118179808251e-03 4.463818293264977810e-01 7.711886660675194571e-01 7.457143894874156409e-01 3.457258883183967901e-01 6.459346532059410118e-01 -3.302338896672069035e-02 6.599745046011097627e-02 1.777316803695319081e-01 3.667321320934115447e-01 4.809477962554937203e-01 3.639365195625540172e-01 3.499753936727105219e-01 4.372859377298259353e-01 1.506773720784591597e-01 1.704858765220394756e-01 -3.232919422932000082e-03 2.351199807357904348e-01 1.327497060558857911e-01 2.307942406802497570e-01 1.976987350773860563e-01 3.910148521245731396e-02 1.339512519572215177e-01 2.526354353417705756e-01 2.868060915959786961e-01 1.706570277641790978e-01 -1.260198947589427076e-01 -1.644847903363630959e-01 -3.014225723857244695e-03 1.459159300480112331e-01 2.960253267438081592e-01 1.673949283490002438e-01 -3.092673689549272908e-01 6.918485758667677898e-02 1.846056155581299041e-01 1.574115540967306881e-01 3.296993673251329415e-01 -9.033995158475462139e-02 -4.061591796090592565e-02 2.072201589528112342e-02 1.270986350273915488e-01 9.635085003195530129e-02 1.636965827465995948e-01 2.786410418780325693e-01 -3.454529612180740616e-01 -5.825984361892779829e-03 5.000346402758346631e-01 2.186950174016010218e-01
2.866931112894338107e-01 1.740357655787984903e-01 3.140079189087633393e-01 -1.531830727703889332e-02 -1.474915458327628014e-02 1.060817036906712418e-01 1.000000000000000000e+00 3.596829778249715504e-01 2.978297451371053062e-01 1.992256885089028484e-01 -8.556832240410708335e-02 -7.653944565258069543e-02 -3.167528100472770392e-02 1.130243732709674681e-01 -2.043452329145621291e-02 3.154794550313434476e-01 1.739832755477621618e-02 5.623456493499683073e-02 4.374655975881632658e-02 2.169919572678370989e-01 4.763697793386610646e-02 5.128689333851096238e-02 1.364566016094931333e-01 2.650123432518712140e-03 1.756084108653305775e-01 -1.146794932541266854e-01 9.159876775060292811e-03 -1.180493403836959249e-01 1.824010548637065021e-01 -8.225165132187321759e-02 2.635076025860325077e-01 -2.219845710143279055e-02 -1.058520381003086736e-01 8.388621065156628975e-02 -3.434248337843667093e-02 1.260314566391040891e-01 8.813150356132540275e-02 3.389288931729476095e-01 3.503182591664441015e-01 6.332805085495399888e-01 3.498707352461145614e-01 1.483997025278230852e-01 1.544271594753384158e-01 1.820608533744942636e-01 1.077158033886549959e-01 -8.203425823514487458e-02 -1.031876659941545760e-01 1.051555093775892041e-01 3.176684640100037593e-01 1.117132972367792937e-01 2.263198492325531053e-01 2.569456622740200480e-01 3.143201864172406323e-01 1.109271491169733642e-01 1.000397633767012157e-01 2.573389855807330928e-01 5.351966994088964702e-01 3.346202375701327059e-01 1.629090858781554463e-01 -5.980183805031531047e-02 -2.276114624624354932e-02 -8.126513021372179513e-02 -8.346795895355514638e-02 -2.021240738707259788e-01 -1.597747563251809486e-02 -7.572907237111807521e-02 6.295947586282414354e-01 9.093816068034299427e-02 -4.983208674587259746e-02 6.991347169515238491e-02 -9.666086131434661888e-02 1.876395752502544589e-01 9.655386767527648906e-02 4.342684577426172976e-01 -1.175115610211370926e-01 7.975759795929206891e-04 1.826188270004367453e-01 -7.631597073541625254e-02 2.539339709869870565e-01 1.623703007745328896e-03 -1.680202762922255455e-01 4.219448964565501031e-02 1.507542153630724580e-01 1.215957693820554804e-02 -2.218397419394365078e-01 -1.354710729241117850e-01 6.458271725486632031e-02 -1.500663110232724473e-01 1.293863990493156757e-01 2.719647136442373547e-01 -1.234127199461488092e-02 3.391661593573122579e-01 4.622911303053305332e-01 1.441631040550425402e-01 2.206312289983410890e-01 1.817913436474862532e-01 -2.001272309884324085e-01 -1.617621723526970617e-02 3.739211221211665714e-01 2.858348597583793005e-01
2.750256729721864413e-01 6.069895967664761249e-01 3.595167222250362227e-01 3.242601160586308651e-01 5.110753795967768465e-01 5.992724975628748174e-01 3.596829778249715504e-01 1.000000000000000000e+00 6.509097082103280085e-01 -5.680893375479131174e-02 5.943008564798418769e-02 8.118521194669703345e-02 2.344120357856058212e-01 3.715098970715344784e-01 2.638779853686262222e-01 2.794776764825568360e-01 2.376487504070000090e-01 5.389804699685883937e-01 3.367608524613950327e-01 2.449916098099287065e-01 3.944531549906072909e-01 1.711611144418290487e-01 2.919519317326088048e-01 -1.540142594695263212e-01 -1.190737340028466401e-01 4.842959242663579661e-02 1.531471023302514167e-01 2.668174959199316743e-02 1.165824625776877288e-01 5.336461602906782814e-02 -6.100029106052906602e-02 -5.448617182984832885e-02 1.057721688799752591e-01 1.773288561874943325e-01 1.380648556852843156e-01 2.019094081503614024e-01 -4.269893960377515313e-02 1.412587700237924737e-01 1.664071693049596901e-01 9.130137864973968120e-02 9.333620065094407059e-02 -4.594350069559623162e-02 1.229047911134507065e-01 1.444961640603940889e-01 1.254222349983573348e-01 1.646343314886535014e-02 1.061386834759825842e-01 2.071117148602343028e-01 2.475596174793840698e-01 5.092126709119654260e-02 2.356378164175469969e-01 6.472096909242273099e-01 2.840509719199053595e-01 4.606851219268681130e-01 7.373105448436796383e-01 5.046861493011486344e-01 7.564333069189127512e-01 7.417693150153701342e-01 -2.878825247103426396e-02 -1.328055101981656105e-01 3.189902590574702351e-02 1.680185998586785079e-01 1.965001526649070296e-01 1.579009590879882630e-01 1.943816407527728662e-01 2.364461008485342353e-01 2.686846569990299916e-01 2.340751106653873592e-01 1.271002758779473107e-01 4.286229563562659606e-01 1.417295415401770564e-01 2.912843673814747847e-01 2.798533179434891105e-01 7.631553212372874095e-02 -4.375707446113347165e-03 6.729336304106961486e-02 1.683242907833783497e-01 1.079705618038946102e-01 -6.606306263364244979e-02 -2.421605728965967735e-02 -3.099454125097183405e-02 1.406930269163427505e-01 1.974933248690552701e-01 2.121765458728010756e-01 -2.006430527106505546e-01 7.004056246310817746e-02 1.512905998553149556e-01 9.259294786311768333e-02 2.326328572475279133e-01 -2.610492217867794659e-02 1.373723038774611327e-01 4.856022846320706687e-02 1.889496944499735875e-01 -6.240810296619980595e-03 2.030188386241142673e-01 1.693655753142930820e-01 -2.148859530172656518e-01 7.585244618242772963e-02 4.005349888791018276e-01 1.883460508817411672e-01
9.337974609541448145e-02 4.270377692601771691e-01 2.842637524976501240e-01 3.045861985823531959e-01 5.701031042829906026e-01 6.733889810668390874e-01 2.978297451371053062e-01 6.509097082103280085e-01 1.000000000000000000e+00 2.330392036646969367e-01 1.449829435411308098e-01 1.495043833934654731e-01 2.808597743996103513e-01 3.924750582981041402e-01 3.558099644668308859e-01 -7.654174321797292679e-02 7.026852915654543952e-02 2.597349117897406745e-01 2.896908134409362234e-01 2.665690559622977962e-01 2.607229994968787712e-01 9.226805479380990882e-02 2.181939134960362847e-01 -9.963924451267573701e-02 8.130592601371115780e-02 2.266826159112156000e-02 1.606120391253944568e-01 7.389018351085510639e-02 1.839737980914293303e-01 6.994286293565543655e-02 1.152973423686514121e-01 -1.235463877886561757e-01 -7.704285417168268979e-02 2.673497652358140797e-02 9.884050510217962104e-02 2.971367738005683545e-01 -2.733084383406142329e-04 1.527511837164334807e-01 2.417948049759029439e-01 2.101342114772272729e-01 1.812749857255244457e-01 7.198520796393860499e-02 1.193550550464014398e-01 3.145125004666775026e-01 2.192838991255103565e-01 -1.464242496174924732e-02 1.484033598108712437e-02 1.602403812225987323e-01 3.668517684723526240e-01 1.336632123922179283e-01 -1.207119790819517584e-02 4.149237954207455892e-01 4.600901976139255833e-02 4.049540371583759124e-01 7.290035576463799183e-01 5.854042787114280832e-01 4.753676853708227457e-01 8.407642236019375881e-01 2.080201901077203264e-01 1.018078938164316410e-02 1.158699428329065112e-01 1.592942886099667221e-01 2.642418396491030275e-01 1.560588859415213414e-01 2.356748437385287887e-01 2.807166472939000013e-01 2.759288716161443222e-01 1.646683769265338548e-01 -6.072547996377747337e-02 1.976247536079765443e-01 1.070913844435169016e-01 2.283248327955366141e-01 1.705079661259187584e-01 2.883087794271383397e-01 -5.008376409475789881e-02 1.074225919387502143e-01 2.486996871830176037e-01 1.517601698057368942e-01 1.406741422727006419e-01 -1.216698522756410189e-01 -1.555008530736992078e-01 1.179594996811005880e-01 2.700004024819495085e-01 1.412524822515489331e-01 -2.015933451097363938e-01 -2.265462760176578660e-02 2.346621095557637482e-01 1.576194927167641480e-01 3.378664868152087553e-01 1.552152652628404905e-01 -5.365628439148234161e-03 1.794486459741054529e-01 3.342120302153884781e-01 1.308492023331057907e-01 1.989408893502078168e-01 3.212377642053119153e-01 -2.329922992139454863e-01 6.578201685573832613e-02 5.144586756214506451e-01 3.583313041198097348e-01
5.015071238588212493e-02 -1.175556292076470298e-02 8.065397960570468150e-02 -1.552643631688437886e-01 3.294060923287988468e-02 -3.014524159321352662e-02 1.992256885089028484e-01 -5.680893375479131174e-02 2.330392036646969367e-01 1.000000000000000000e+00 2.132511828807273357e-01 -5.155849017098999149e-02 -1.191350696820610705e-01 -1.305685143403333415e-01 -1.776091768510566493e-01 -1.753378024249803990e-01 -3.195739203543476736e-01 -2.196124995254863654e-01 -3.073790118784620051e-01 -1.115042767642964033e-01 -1.755121749956178312e-01 -1.691026121592829057e-01 -1.381868978214178534e-01 1.132878416834723623e-01 7.192722842741718914e-01 -2.413245766486932231e-01 -2.400434895112935896e-01 -1.291597823954444002e-01 1.467382172001768792e-01 -1.579056583934344005e-01 5.375406961237493286e-01 5.002876562258451454e-02 -1.613147962853716533e-01 1.577207933794765038e-01 -2.736645680897205613e-01 -4.368620619507891656e-02 5.700942263135561766e-02 3.308257735436913594e-01 1.105939380104636188e-01 4.837688047213843379e-01 2.909532395758009371e-01 2.739916912032611673e-01 -1.175460203158108230e-01 1.113846947525998221e-01 1.075923231160221850e-02 -2.248823719344726912e-01 -2.766999656501127336e-01 -1.907387108149317945e-01 1.606656637446656766e-01 2.580468234135248617e-01 5.086067297253708819e-02 -1.343914957571456237e-01 -1.768456880095300998e-01 -1.938563856175103683e-01 2.132392872589018717e-02 4.957395305819973369e-02 3.451820413356523204e-02 1.992876780229930478e-01 6.552507501869456741e-01 2.214074744601217948e-01 1.298200561700457549e-02 -3.123557397978851125e-01 -2.786751890933319986e-01 -3.461012861816089581e-01 -2.458479751924639300e-01 -2.727748077412560646e-01 1.339550223146981078e-01 -1.474901587326474806e-01 -1.580667602254558768e-01 -1.158946181171275486e-01 -1.875445691421676608e-01 -1.890542283540473378e-01 -1.899658139707165738e-01 2.253965489512829157e-01 -2.373411696033912166e-01 -2.267432826310439645e-02 4.309229949244015867e-02 -1.311205770626815148e-01 5.622166154694984153e-01 6.053052054591397113e-02 -4.374252941823647545e-01 -1.515721960037613725e-01 -5.906852190057937380e-02 -2.912667076005553968e-01 -9.313381530240413819e-02 -3.312052960117672362e-01 1.216073608671337965e-02 -1.129233793352757143e-01 3.822641709029841670e-03 2.129557732286092853e-01 -9.132018993580610922e-02 3.306376485169480461e-01 3.011461511966617155e-01 2.986948007608468125e-01 7.512248509773281763e-03 7.153392358803056794e-02 -3.128689411972842421e-02 -1.727027733522709663e-01 9.428801064025695011e-02 3.362444748975806363e-01
-1.312470268182414634e-01 2.406112562185756254e-01 2.185714585322597603e-01 2.321583106255705464e-01 3.077321125903924592e-01 2.330889179159211511e-01 -8.556832240410708335e-02 5.943008564798418769e-02 1.449829435411308098e-01 2.132511828807273357e-01 1.000000000000000000e+00 7.125706016513378982e-01 3.369521095716355163e-01 2.673013360362733182e-01 3.262917614421602663e-01 1.123753060799507694e-02 2.362639869429618289e-01 2.941676301816363859e-01 2.514024256889600406e-01 2.367068372017464006e-01 1.401946058400111994e-01 1.257282950920333431e-01 2.394188225039791396e-01 6.093998072239312780e-01 2.115930664888021617e-01 4.412824179496481203e-01 1.488794837306001151e-01 1.626567747208725323e-01 2.629624952151532469e-01 1.542828621421493684e-01 -1.949906341589778824e-01 -3.007181023179235635e-01 -3.221600089646570741e-01 2.537955997674173902e-01 1.036895115558860159e-01 4.286603856751109443e-01 2.361408848373842129e-01 -2.769900352870655058e-01 1.927067764795322713e-01 7.041630967326169277e-02 3.740841554938921232e-01 2.969440315310815093e-01 3.733843439195382863e-01 2.112616730132526321e-01 2.815514039381822875e-01 -2.532847575678400312e-02 5.233583034698724781e-03 2.654095879576367500e-01 2.126603924477862562e-01 2.950961862511718992e-01 -2.724363823047055710e-01 1.363881208678817403e-01 -1.151411739803436113e-01 1.969943283791961430e-01 1.431482402185262903e-01 6.870879934549059542e-02 6.986751335401189533e-02 1.171325565115855366e-01 4.119004762847033874e-01 7.219344944815470067e-01 6.154482142117254639e-01 2.297021044813247204e-01 1.148255861774871572e-01 1.362212451782586764e-01 1.737008688065099227e-01 2.444577230985550687e-01 9.030408338542535163e-02 1.418388971465486537e-01 2.422001718253485869e-01 3.329685342356558664e-01 1.701086395315295000e-02 1.596776058239010310e-01 1.561904897689013472e-01 2.899736364833170876e-01 5.587249688905351341e-01 5.736984714879881375e-01 2.084800990698887080e-01 1.275915614883740556e-01 -7.220227301030428257e-02 -3.824445623436381059e-01 1.684062233653103868e-01 4.511177490179700822e-01 3.045626136499059999e-01 4.103307702830221587e-02 -2.844412440827819299e-01 -4.176556934955887729e-02 3.439432031177164784e-01 6.586135352228034145e-02 4.555061224428426647e-01 4.656880594003989793e-01 -3.750805186973464322e-01 2.800087919200040520e-01 8.712762351503529346e-02 4.093886847169804222e-01 3.669472429842097205e-01 1.542012559430728513e-01 -3.690685285266480653e-01 1.702491606964172052e-02 9.676412449564900098e-02 3.685652879920735536e-01
-1.487755856687893452e-01 2.657503853486535284e-01 2.425174117819197117e-01 3.877659727037949255e-01 3.460967889723363666e-01 2.650189483785365119e-01 -7.653944565258069543e-02 8.118521194669703345e-02 1.495043833934654731e-01 -5.155849017098999149e-02 7.125706016513378982e-01 1.000000000000000000e+00 5.162988459718536038e-01 4.796590589242660796e-01 5.199741367499379763e-01 4.304515241381728918e-02 4.231252962630259740e-01 3.214468051091352030e-01 4.937614261070559230e-01 3.121207635060207486e-01 2.303398693635802519e-01 2.714624232143689198e-01 4.643629824007506346e-01 5.975764165803210126e-01 -8.991468424030155115e-02 6.127701744847178222e-01 3.285120223859853694e-01 3.611831491476351075e-01 3.677564712893788279e-01 3.011661965720762724e-01 -2.469285430742112486e-01 -4.409934868664349139e-01 -3.339513788426524132e-01 2.585368810382271954e-01 2.891076744873515292e-01 4.909193883208229359e-01 3.554546114132593471e-01 -3.126072046352467160e-01 3.564354407537325131e-01 -4.498386980240065818e-04 3.408677129073426904e-01 3.649301100458505753e-01 5.434037038107114581e-01 3.743463926872370728e-01 3.347293769491888615e-01 9.941120310451075082e-02 1.735478572906565542e-01 4.801096241664680742e-01 2.175016559470558941e-01 2.328637047153849782e-01 -3.411022718921166708e-01 2.473073212126737364e-01 7.325839278750119477e-02 3.917591790538783036e-01 1.269382757904998216e-01 1.009345008107237762e-01 1.234510326468159225e-01 1.224170342919640581e-01 1.375436616709307669e-01 6.877380471494193293e-01 7.801170660223663011e-01 3.445547206835260501e-01 2.888517274798937939e-01 2.768441017309107854e-01 3.633362869453868327e-01 4.283500130333182110e-01 1.827222556098547501e-01 2.945664346015401391e-01 2.388829261174026108e-01 3.369064683633276047e-01 -3.356149950126447595e-02 3.703751319488071125e-01 2.817703916450448043e-01 2.425521346232327735e-01 5.981141539553490594e-01 7.281509222038216045e-01 3.442556580481027639e-01 3.331568163184411291e-01 -1.015349934120394343e-01 -4.431090501228730494e-01 1.809287305147918301e-01 4.916723209265692063e-01 4.956256076423682377e-01 1.661656812916018633e-01 -4.578932235982657861e-01 -9.191617551335204070e-03 4.161156862709830540e-01 1.913330856011956349e-01 4.896518662235182506e-01 4.315221341865446703e-01 -3.378592869944357924e-01 2.617304269151662366e-01 1.392797351844626830e-01 4.756281992991864271e-01 5.110105415674512930e-01 3.536192065253068173e-01 -5.480297316577711353e-01 1.166518735073922147e-01 1.171385696289133083e-01 3.148760401560654065e-01
6.086959473551437766e-02 2.981251134686250248e-01 3.476933223494460545e-01 2.711725033167737831e-01 3.681619272106182450e-01 4.676557715002737647e-01 -3.167528100472770392e-02 2.344120357856058212e-01 2.808597743996103513e-01 -1.191350696820610705e-01 3.369521095716355163e-01 5.162988459718536038e-01 1.000000000000000000e+00 6.855236589583887374e-01 6.611574829192067293e-01 -4.583388063994479509e-04 5.363501363379330478e-01 3.514127658409298416e-01 6.062045128915660719e-01 4.524608979050634971e-01 3.996379765546863583e-01 5.792418378913699595e-01 4.545003885600109594e-01 2.862766124276707735e-01 -2.942904917987911873e-01 4.767102916481111841e-01 3.827880992036968855e-01 5.514083451432646443e-01 5.038557660812277295e-01 2.558540483280714040e-01 -2.117290815447877839e-01 -3.768265326060102338e-01 -2.210384334534687689e-01 2.845204693139880003e-01 4.788363202639716043e-01 3.824604624123680852e-01 3.939621819195756047e-01 -2.709951115832219815e-01 2.034676902482093208e-01 -6.519182929725055031e-02 2.066808553205047583e-01 2.174488453466736915e-01 5.810380705131077406e-01 4.972672140889372594e-01 5.236153786980004554e-01 1.678959220031013208e-02 1.443392105766621303e-01 3.799105694130948674e-01 2.964716931630002050e-01 1.885856109370120937e-01 -2.149484771403388783e-01 2.853591204987226404e-01 -4.706880594594855388e-02 4.384802772719757491e-01 3.513622406043803714e-01 2.902754227164515699e-01 1.265840409423305279e-01 2.646306185971580294e-01 -5.401755941660359855e-02 2.538802470402291567e-01 4.661875877846708982e-01 6.703380818134422325e-01 6.839738427321823133e-01 5.118615491808879980e-01 5.436180023197236810e-01 5.665634059430743052e-01 1.256205348528142696e-01 3.384187920852370635e-01 2.272369490576738038e-01 3.209980125277999696e-01 1.524774287375291471e-01 5.892560137638582773e-01 3.057702183651391792e-01 8.852365707808215745e-02 2.855035870665914022e-01 4.608925984955503652e-01 5.532201051296258276e-01 4.412174110505415747e-01 -1.413095280268632792e-01 -3.673292943710194103e-01 2.089727005866330589e-01 3.598437656378848382e-01 5.646490762766546156e-01 4.005537417948334400e-01 -3.709835134147571600e-01 1.011846782895521046e-01 4.838903921340271808e-01 4.419535274378095790e-01 4.061019902148229055e-01 1.472068132393427042e-01 -2.599306094032793335e-01 8.655413261922872969e-02 1.004748465348634795e-01 2.126408327730027192e-01 3.696048311341552650e-01 5.093742159204850406e-01 -4.648881806895701629e-01 6.920176873712645393e-02 2.470285350062207952e-01 2.715328005594135341e-01
5.720255088142792155e-04 4.576208650500974695e-01 3.408430946965880781e-01 4.587645332764733741e-01 4.862110893501594422e-01 4.972012108746352577e-01 1.130243732709674681e-01 3.715098970715344784e-01 3.924750582981041402e-01 -1.305685143403333415e-01 2.673013360362733182e-01 4.796590589242660796e-01 6.855236589583887374e-01 1.000000000000000000e+00 7.775876672256545330e-01 1.224290862910045186e-01 4.403044222561622867e-01 4.804162847459177432e-01 7.190305718340506136e-01 4.775100377604975521e-01 4.958616882923543856e-01 6.465939879911810628e-01 7.558330360330168807e-01 1.766900604492517013e-01 -2.653811135286196499e-01 3.545518569224240246e-01 5.911475816807080230e-01 6.219410106070218935e-01 4.484302389702969904e-01 4.259169842815533347e-01 -1.077094045642086190e-01 -4.272438184865526289e-01 -2.884050006104570962e-01 3.018781580561526456e-01 6.185832703676917843e-01 5.000145174362742306e-01 3.593334795012325111e-01 -2.020063316796547048e-01 3.628636092063274310e-01 4.721237004388364328e-02 2.966635271688986553e-01 3.223276845650618894e-01 5.234000514011344363e-01 5.795093438648313278e-01 6.138698620834447395e-01 1.936693374755766861e-01 3.194350045291976525e-01 6.148586041436159277e-01 3.477472967931103942e-01 2.582937728529959842e-01 -2.572111998432384805e-01 4.201274935630363583e-01 1.327156398622048317e-01 5.876547829775771170e-01 3.826075472137099309e-01 3.136403444390383211e-01 2.918780134298620266e-01 3.977071870918258423e-01 -7.790601265866757726e-03 2.796053711290182875e-01 4.546798540305043157e-01 4.524514026801290112e-01 6.985311063766356243e-01 5.270562682598571858e-01 6.185702892624553861e-01 7.114603187543333540e-01 2.756954775257037804e-01 3.671575643175181702e-01 2.620875130076915083e-01 4.732444059533608693e-01 1.535455088430140169e-01 6.766483638812932355e-01 6.142324926474945768e-01 2.002012347443769269e-01 2.754668527175804793e-01 4.810513889386871522e-01 5.074881324323140541e-01 5.807643071815568048e-01 -5.561893918578045964e-02 -4.133497144077140639e-01 1.605489616715363443e-01 4.830872855284240597e-01 6.842362852507268833e-01 4.991609970961876086e-01 -4.207699294109603638e-01 2.890920400223322417e-01 4.447201374891636139e-01 4.937360557403017158e-01 5.108914779244881910e-01 2.822968090807104757e-01 -2.744087831220778373e-01 2.381519891964764546e-01 2.402817144226026824e-01 3.670669984968726318e-01 4.929863768310540073e-01 6.153140996581188960e-01 -5.875973264436351595e-01 2.603050969435066753e-01 2.968749535072102153e-01 3.885879131346166582e-01
-1.547518924107207927e-01 3.818784276349644902e-01 2.108167212001126611e-01 4.446854613067865447e-01 4.503436478829082046e-01 4.689896102448947168e-01 -2.043452329145621291e-02 2.638779853686262222e-01 3.558099644668308859e-01 -1.776091768510566493e-01 3.262917614421602663e-01 5.199741367499379763e-01 6.611574829192067293e-01 7.775876672256545330e-01 1.000000000000000000e+00 4.058876073047224670e-02 4.366211868926981876e-01 4.590419827794226526e-01 6.206945812677545637e-01 4.605070577423728828e-01 5.210596858129483699e-01 5.357843267666825282e-01 6.800120931847509764e-01 2.191621565678604500e-01 -2.805227130041759720e-01 3.880030238111464302e-01 6.814086856289056637e-01 6.733413460628877578e-01 2.592387741573466964e-01 5.523735865931186373e-01 -2.756169493883335875e-01 -3.789594234055270183e-01 -2.320481159267143156e-01 1.408639720609401735e-01 6.740667182217282560e-01 5.348312870950941988e-01 1.437831085669897813e-01 -2.505319286022029690e-01 2.666333288344890917e-01 -5.989305507095054465e-02 1.987154651155507989e-01 1.274743554723548888e-01 3.649164811038408396e-01 3.559515787108772922e-01 4.094608458640940363e-01 3.599790074755056524e-01 4.829093142935618199e-01 6.584347129903405094e-01 3.309392686372363279e-01 1.612986003231965670e-01 -3.475172359678460610e-01 3.191281904899956889e-01 2.288872507092188507e-02 5.143116732627036614e-01 3.433574932450920714e-01 2.224840153001644283e-01 1.290455198899092826e-01 3.145392044402650633e-01 -5.544735322502040292e-02 3.105555262633947766e-01 4.786616702208434937e-01 5.087014810024332867e-01 6.734090932855399947e-01 6.380851941491937351e-01 7.088344264497057345e-01 8.844976886942723660e-01 1.499716433983152575e-01 3.071139180837501037e-01 1.919891052651173380e-01 3.859878251597677057e-01 3.613429098381005233e-01 4.836436280681805644e-01 5.745846598781544357e-01 1.343044413858765773e-01 4.104158700357931622e-01 4.943944400247344828e-01 3.516576214001748690e-01 6.308775511933393254e-01 -2.014092420213813295e-01 -4.256533436936435488e-01 2.849148687045870432e-01 3.982216962039219488e-01 4.721395134662615956e-01 4.876447730110797241e-01 -2.282011953387118319e-01 4.424918629533989844e-01 3.094119789258206188e-01 5.519886409529234372e-01 5.322631877938411860e-01 2.266032047743789246e-01 -3.054552028772808403e-01 1.861196891649942176e-01 1.146549709964413410e-01 2.016968903585091566e-01 2.733769703755135061e-01 3.807861530539706774e-01 -5.008524985442159849e-01 3.962200995784560531e-01 2.850045299717176572e-01 2.930001904780168420e-01
