1.000000000000000000e+00 2.148792892694473267e-02 7.779137045145034790e-02 -8.511304855346679688e-02 -2.292030751705169678e-01 -2.456060610711574554e-02 -1.338653415441513062e-01 -4.270717874169349670e-02 -3.545983880758285522e-02 -3.426798582077026367e-01 -4.698992893099784851e-02 1.527208238840103149e-01 2.016401849687099457e-02 -9.239955246448516846e-02 -1.132209822535514832e-01 -1.734214276075363159e-01 -9.865116328001022339e-02 -2.108716964721679688e-01 -2.815433144569396973e-01 -7.287850975990295410e-02 -2.449324429035186768e-01 1.194906458258628845e-01 -8.278439939022064209e-02 -3.480181396007537842e-01 -4.332881569862365723e-01 -1.714494079351425171e-01 -7.505965232849121094e-02 -1.255455315113067627e-01 -3.264351785182952881e-01 -6.339130550622940063e-02 -2.216026932001113892e-01 1.092289984226226807e-01 -1.564421951770782471e-01 -6.377048045396804810e-02 6.613031774759292603e-02 -2.199752032756805420e-01 -1.975273936986923218e-01 -2.191212028264999390e-01 -2.793073654174804688e-01 8.592706173658370972e-02 -1.671820431947708130e-01 3.342118263244628906e-01 -8.351376652717590332e-02 -1.469449326395988464e-02 -2.064929157495498657e-02 -2.450390756130218506e-01 -1.138829290866851807e-01 -2.127270400524139404e-01 2.199289798736572266e-01 -1.952101290225982666e-01 5.498587712645530701e-02 2.084157988429069519e-02 1.271501332521438599e-01 -3.044111840426921844e-02 -4.958978667855262756e-02 -1.463771704584360123e-02 -1.224639117717742920e-01 6.573562324047088623e-02 -1.879935860633850098e-01 3.460595011711120605e-01 -4.935920611023902893e-02 1.595764458179473877e-01 5.933228135108947754e-02 -7.199251651763916016e-02 -1.997430026531219482e-01 5.141789466142654419e-02 -7.742294669151306152e-02 3.606984158977866173e-03 1.196622624993324280e-01 -8.846431225538253784e-02 -1.050321534276008606e-01 2.255419343709945679e-01 1.058616042137145996e-01 -1.181532815098762512e-01 1.205710321664810181e-01 -1.148122847080230713e-01 -3.322460949420928955e-01 -3.104344904422760010e-01 -7.423797249794006348e-02 -3.268334548920392990e-03 8.993133157491683960e-02 2.762618660926818848e-02 3.911703452467918396e-02 9.003292769193649292e-02 -1.392618007957935333e-02 -1.592585295438766479e-01 -2.224931418895721436e-01 1.559979617595672607e-01 6.300496403127908707e-03 7.078283280134201050e-02 -5.553379282355308533e-02 -1.691606827080249786e-02 -9.636169672012329102e-02 3.179920911788940430e-01 1.691473126411437988e-01 7.661372423171997070e-02 -1.401125043630599976e-01 -1.534382440149784088e-02 2.484688460826873779e-01 -1.331763248890638351e-02
2.148792892694473267e-02 1.000000000000000000e+00 2.921862006187438965e-01 3.605145812034606934e-01 1.997853666543960571e-01 -1.680529862642288208e-02 2.240269631147384644e-01 4.523553848266601562e-01 -5.425725504755973816e-02 -7.421915978193283081e-02 -1.439166814088821411e-01 -1.900792494416236877e-02 8.887868374586105347e-02 2.369582951068878174e-01 -1.176029164344072342e-02 2.604981958866119385e-01 5.514498054981231689e-02 3.708478212356567383e-01 3.383484184741973877e-01 -9.415709972381591797e-02 1.363925728946924210e-02 1.398789733648300171e-01 1.934405714273452759e-01 -1.888394206762313843e-01 -1.211886554956436157e-01 -6.826160103082656860e-02 4.791388288140296936e-02 -1.208792552351951599e-01 -1.687526851892471313e-01 2.648312970995903015e-02 -9.883870184421539307e-02 -5.842927843332290649e-02 -6.505369395017623901e-02 1.474101692438125610e-01 2.095711678266525269e-01 -2.167979627847671509e-01 -3.822059035301208496e-01 -2.403204143047332764e-01 -3.601574599742889404e-01 -4.955878108739852905e-02 -2.658626735210418701e-01 -2.020630687475204468e-01 1.459769457578659058e-01 6.029796600341796875e-02 2.305793613195419312e-01 -3.304469287395477295e-01 -3.195893019437789917e-02 -9.478896856307983398e-03 -2.118324190378189087e-01 -3.093917369842529297e-01 -5.620491504669189453e-02 4.908344149589538574e-01 2.170599400997161865e-01 1.828866302967071533e-01 2.030476331710815430e-01 -3.822283744812011719e-01 3.238986134529113770e-01 3.966154158115386963e-01 -1.692214459180831909e-01 -1.624378561973571777e-01 -1.786549203097820282e-02 -6.128291413187980652e-02 1.257929503917694092e-01 2.054561823606491089e-01 2.314527481794357300e-01 7.959112524986267090e-02 -4.395263269543647766e-02 2.383695393800735474e-01 2.675466537475585938e-01 4.220806360244750977e-01 3.533853590488433838e-02 4.068725276738405228e-03 7.556547969579696655e-02 -5.866950005292892456e-02 -1.119773909449577332e-01 4.348691552877426147e-02 -2.805364727973937988e-01 -1.267918478697538376e-02 -6.328501552343368530e-02 -2.066920101642608643e-01 -8.973485231399536133e-02 -2.075316905975341797e-01 2.414343059062957764e-01 -1.181534528732299805e-01 -1.441199779510498047e-01 -1.485963612794876099e-01 -2.778077721595764160e-01 1.710598357021808624e-02 -1.009864732623100281e-01 -3.987245559692382812e-01 -3.519744575023651123e-01 -1.809401661157608032e-01 -2.534132301807403564e-01 8.449066430330276489e-02 8.180265314877033234e-03 2.396897785365581512e-02 -3.522830009460449219e-01 -2.738842368125915527e-01 -2.415094524621963501e-01 -3.157302141189575195e-01
7.779137045145034790e-02 2.921862006187438965e-01 1.000000000000000000e+00 -2.927205339074134827e-02 -1.089426316320896149e-02 4.517943784594535828e-02 1.036921441555023193e-01 2.295364439487457275e-01 3.999896720051765442e-02 -2.367422580718994141e-01 -1.476631462574005127e-01 2.374218255281448364e-01 -8.405265957117080688e-02 -1.193831562995910645e-01 -1.598347574472427368e-01 1.403938531875610352e-01 -7.955478131771087646e-02 5.104259774088859558e-02 8.214591443538665771e-02 1.375741232186555862e-02 -2.509279549121856689e-01 1.148575991392135620e-01 -4.830799996852874756e-02 -2.440658658742904663e-01 -9.158135391771793365e-03 5.287293344736099243e-03 1.141654402017593384e-01 8.095876872539520264e-02 -1.623762995004653931e-01 -1.851281076669692993e-01 -1.676760166883468628e-01 2.512831091880798340e-01 -1.518018990755081177e-01 -8.822840452194213867e-02 2.003182023763656616e-01 -1.976466178894042969e-01 -1.690670698881149292e-01 -1.167208771221339703e-03 -9.689056128263473511e-02 -2.876312844455242157e-02 -1.425088196992874146e-01 -6.704639643430709839e-02 -5.096724256873130798e-02 1.403685808181762695e-01 1.640270501375198364e-01 -1.288458853960037231e-01 -1.543646007776260376e-01 6.845486164093017578e-02 -7.814153283834457397e-02 -1.647721678018569946e-01 2.595978677272796631e-01 2.931149005889892578e-01 3.609241247177124023e-01 2.306414544582366943e-01 3.187129497528076172e-01 -3.941878676414489746e-02 1.442850083112716675e-01 2.376069426536560059e-01 -5.944866314530372620e-02 -2.202553674578666687e-02 -6.045218184590339661e-02 -1.017671078443527222e-01 -5.399520695209503174e-02 -1.019673794507980347e-01 1.924279145896434784e-02 1.269926130771636963e-01 -1.768759265542030334e-02 9.900803118944168091e-02 -8.944879472255706787e-02 -1.823730068281292915e-03 4.876894876360893250e-02 8.845240622758865356e-02 -4.750167485326528549e-03 -3.898641467094421387e-02 -5.083400383591651917e-02 -5.691938567906618118e-04 -2.746454775333404541e-01 -7.001025229692459106e-02 -1.749367564916610718e-01 -2.148430794477462769e-02 -5.314039811491966248e-02 -1.014319062232971191e-01 1.380233317613601685e-01 -1.424115151166915894e-01 -2.070816755294799805e-01 -2.781680524349212646e-01 -1.512958854436874390e-01 1.026246473193168640e-01 -7.592815905809402466e-02 -2.070123255252838135e-01 -2.097077965736389160e-01 -1.203567907214164734e-01 -1.736758500337600708e-01 7.295344769954681396e-02 -1.009967252612113953e-01 1.723007708787918091e-01 -2.091627269983291626e-01 -1.384679824113845825e-01 -6.177362799644470215e-02 -8.354914188385009766e-02
-8.511304855346679688e-02 3.605145812034606934e-01 -2.927205339074134827e-02 1.000000000000000000e+00 1.836397349834442139e-01 -7.022240757942199707e-02 9.835118427872657776e-03 2.107438296079635620e-01 1.378813385963439941e-01 -5.836640670895576477e-02 -1.339897662401199341e-01 -2.403175830841064453e-01 -1.460425108671188354e-01 7.617857307195663452e-02 -8.622997999191284180e-02 3.017506897449493408e-01 -1.210210323333740234e-01 1.815183311700820923e-01 2.152418164769187570e-04 -5.004600062966346741e-02 7.231672108173370361e-02 -6.259380280971527100e-02 5.511963367462158203e-02 -1.099619641900062561e-01 -9.209554642438888550e-02 -1.050936654210090637e-01 -3.253037035465240479e-01 -2.465859949588775635e-01 -6.377444416284561157e-02 5.405282229185104370e-02 -5.491275340318679810e-02 -6.288050115108489990e-02 1.447326391935348511e-01 1.149942204356193542e-01 -2.574742138385772705e-01 -1.812538057565689087e-01 -1.021719053387641907e-01 -2.682563662528991699e-01 -2.699919939041137695e-01 -2.925254106521606445e-01 -2.372907996177673340e-01 -2.358691394329071045e-01 -1.560787707567214966e-01 -3.638065159320831299e-01 -2.545437812805175781e-01 -2.771780490875244141e-01 -2.214170247316360474e-01 -9.944012016057968140e-02 -1.611327975988388062e-01 -8.503724634647369385e-02 1.355077028274536133e-01 5.427967384457588196e-02 6.701467931270599365e-02 2.470255196094512939e-01 1.933295652270317078e-02 -1.973213702440261841e-01 6.649520248174667358e-02 1.967229843139648438e-01 -1.236466988921165466e-01 -1.635804325342178345e-01 -1.216418147087097168e-01 -7.424875348806381226e-02 3.665694594383239746e-02 2.158557996153831482e-02 -1.455359756946563721e-01 3.749386221170425415e-02 -2.181453704833984375e-01 -6.138712912797927856e-02 4.149711132049560547e-02 9.203127771615982056e-02 3.966477140784263611e-02 -2.976652048528194427e-02 -7.826817780733108521e-02 -2.304525077342987061e-01 -2.122573703527450562e-01 -2.443629354238510132e-01 2.951738610863685608e-02 -1.001508831977844238e-01 -2.500720322132110596e-01 -2.637510001659393311e-01 -1.600414663553237915e-01 -2.367451041936874390e-01 -2.937823235988616943e-01 4.518994316458702087e-02 5.471441894769668579e-02 -7.454312592744827271e-02 -1.724372953176498413e-01 -1.607804149389266968e-01 -2.083201259374618530e-01 -3.189548850059509277e-01 -1.343215405941009521e-01 -2.456802725791931152e-01 -2.525550723075866699e-01 -3.476629555225372314e-01 -2.420194149017333984e-01 -3.998751640319824219e-01 -2.491634637117385864e-01 -2.972953021526336670e-01 -2.838978767395019531e-01 -1.506927311420440674e-01
-2.292030751705169678e-01 1.997853666543960571e-01 -1.089426316320896149e-02 1.836397349834442139e-01 1.000000000000000000e+00 3.759698867797851562e-01 1.309798061847686768e-01 2.132270783185958862e-01 3.671481609344482422e-01 3.551030755043029785e-01 2.350798621773719788e-02 -4.293215572834014893e-01 -8.280495181679725647e-03 1.091503500938415527e-01 -2.736775577068328857e-01 1.593749672174453735e-01 2.240829616785049438e-01 1.091687381267547607e-01 1.418392211198806763e-01 6.965425610542297363e-02 2.230368852615356445e-01 2.499584108591079712e-02 3.879708424210548401e-02 1.204398274421691895e-01 -2.388302981853485107e-02 -3.288389649242162704e-03 -2.473739832639694214e-01 -2.380776554346084595e-01 6.128659844398498535e-02 -1.615211814641952515e-01 4.387258589267730713e-01 -8.093917369842529297e-02 1.693786829710006714e-01 3.044212758541107178e-01 -1.067467257380485535e-01 -4.759432375431060791e-02 -5.556624010205268860e-02 -9.756585210561752319e-02 -6.685306131839752197e-02 -2.473393827676773071e-01 -8.036942780017852783e-02 4.200627654790878296e-02 3.380690887570381165e-02 -1.665627807378768921e-01 -7.865078747272491455e-02 -8.056788891553878784e-02 -1.985077559947967529e-01 -1.343559920787811279e-01 7.173977792263031006e-02 -1.139436196535825729e-02 1.082229055464267731e-02 2.597238421440124512e-01 -1.527845561504364014e-01 1.989574432373046875e-01 2.933945357799530029e-01 7.914802432060241699e-02 1.253904551267623901e-01 1.577309072017669678e-01 -6.132706627249717712e-02 -2.914366126060485840e-01 2.401950582861900330e-02 -2.514982223510742188e-02 -1.595045328140258789e-01 1.335826069116592407e-01 -2.484249509871006012e-02 -3.203388154506683350e-01 -1.059036552906036377e-01 -7.080029696226119995e-02 -5.351965874433517456e-02 5.989846959710121155e-02 -1.165048331022262573e-01 9.219372645020484924e-03 -9.055814705789089203e-03 -1.939579248428344727e-01 -2.320812195539474487e-01 -1.029282137751579285e-01 2.464357763528823853e-01 -6.561096757650375366e-02 2.946894168853759766e-01 -4.852541256695985794e-03 -3.418575525283813477e-01 -2.227388173341751099e-01 -1.720364540815353394e-01 -1.670231670141220093e-02 -2.392188087105751038e-02 -4.433969408273696899e-02 2.115439437329769135e-02 -3.611721396446228027e-01 -1.615345478057861328e-02 -2.840655148029327393e-01 5.003696307539939880e-03 2.232692837715148926e-01 7.638812810182571411e-02 -1.335441917181015015e-01 1.140281278640031815e-02 -2.294297218322753906e-01 -2.169320434331893921e-01 -3.713916242122650146e-01 -2.708747051656246185e-02 -2.449303865432739258e-01
-2.456060610711574554e-02 -1.680529862642288208e-02 4.517943784594535828e-02 -7.022240757942199707e-02 3.759698867797851562e-01 1.000000000000000000e+00 -3.696595132350921631e-02 5.176121741533279419e-02 3.221686184406280518e-01 1.143678426742553711e-01 1.012451052665710449e-01 -1.497438400983810425e-01 -1.775561720132827759e-01 -1.905595064163208008e-01 -1.909282207489013672e-01 8.439561724662780762e-02 2.665186859667301178e-02 7.638144493103027344e-02 -7.031141966581344604e-02 1.746724396944046021e-01 -3.408869728446006775e-02 -2.471588738262653351e-02 -1.117711216211318970e-01 1.244682967662811279e-01 3.177164122462272644e-02 -2.712578140199184418e-02 -2.196647673845291138e-01 -3.100391663610935211e-02 8.108901232481002808e-02 -1.455097794532775879e-01 2.257808297872543335e-01 1.266899108886718750e-01 4.674118757247924805e-02 -1.216698158532381058e-02 -1.427841335535049438e-01 1.124222055077552795e-01 5.085303261876106262e-02 -2.220413181930780411e-03 -5.731222033500671387e-02 -1.258490979671478271e-01 -2.049085684120655060e-02 1.737884730100631714e-01 -9.333332628011703491e-02 -1.049100011587142944e-01 -1.482737064361572266e-01 -7.526420801877975464e-02 -7.923047989606857300e-02 -1.964575201272964478e-01 3.259173333644866943e-01 6.557506322860717773e-02 1.006231307983398438e-01 1.003937274217605591e-01 -1.016889363527297974e-01 1.548679023981094360e-01 4.711737930774688721e-01 3.781740963459014893e-01 5.163228511810302734e-02 -8.545250631868839264e-03 4.568337276577949524e-02 -1.594395190477371216e-01 -9.751773625612258911e-02 -6.466636806726455688e-02 -1.343005597591400146e-01 -1.061189025640487671e-01 -2.468499541282653809e-01 -2.491615265607833862e-01 -4.165881499648094177e-02 -2.480249553918838501e-01 -1.315755844116210938e-01 -2.604290843009948730e-03 -5.459325760602951050e-02 -2.907565096393227577e-03 -1.331923156976699829e-01 -2.261012196540832520e-01 2.443529851734638214e-02 1.667604409158229828e-02 4.204158857464790344e-02 -1.782743632793426514e-01 6.611078977584838867e-02 1.110104378312826157e-02 -9.438988566398620605e-02 -1.347154378890991211e-01 -1.495663374662399292e-01 4.295870661735534668e-02 -5.531154572963714600e-02 -1.549758948385715485e-02 4.119900241494178772e-02 -1.152904853224754333e-01 5.392798036336898804e-02 -5.247561633586883545e-02 8.386041224002838135e-02 6.881619989871978760e-02 -8.724759332835674286e-03 3.375912085175514221e-02 -2.699586935341358185e-02 -3.565222397446632385e-02 -1.958955675363540649e-01 -2.536884248256683350e-01 1.189564689993858337e-01 -3.006657958030700684e-02
-1.338653415441513062e-01 2.240269631147384644e-01 1.036921441555023193e-01 9.835118427872657776e-03 1.309798061847686768e-01 -3.696595132350921631e-02 1.000000000000000000e+00 4.377371072769165039e-01 2.258066833019256592e-01 1.904951184988021851e-01 3.188894689083099365e-02 -3.480827063322067261e-02 1.571176350116729736e-01 1.883967071771621704e-01 -4.402960836887359619e-02 3.194597065448760986e-01 2.826592922210693359e-01 3.557836413383483887e-01 3.786085844039916992e-01 -1.499813888221979141e-02 1.199227944016456604e-01 8.194780349731445312e-02 1.123514026403427124e-01 3.062929809093475342e-01 1.759179085493087769e-01 8.105622977018356323e-02 8.296657353639602661e-02 7.903577387332916260e-02 2.070478200912475586e-01 -4.843860864639282227e-02 1.970014274120330811e-01 -6.113088876008987427e-02 -1.316690742969512939e-01 9.960595518350601196e-02 1.227836534380912781e-01 1.955609619617462158e-01 -1.012588441371917725e-01 1.239449456334114075e-01 1.092900708317756653e-01 1.668066680431365967e-01 1.951092183589935303e-01 -4.829265549778938293e-02 2.665534019470214844e-01 1.644574701786041260e-01 2.219117581844329834e-01 6.155017390847206116e-02 1.262579206377267838e-02 8.481456339359283447e-02 -9.930788725614547729e-02 -4.696574062108993530e-03 -5.954440683126449585e-02 2.984700202941894531e-01 9.607294946908950806e-02 -2.498706728219985962e-01 -1.076691690832376480e-02 -5.530510470271110535e-02 3.817624151706695557e-01 1.787844747304916382e-01 -8.236236870288848877e-02 -1.302012652158737183e-01 1.017880141735076904e-01 -1.556660532951354980e-01 -1.925127953290939331e-01 5.505049601197242737e-02 2.896701693534851074e-01 -8.935768902301788330e-02 4.168606698513031006e-01 8.996084332466125488e-02 -4.855674706050194800e-05 2.101514935493469238e-01 1.651025414466857910e-01 -1.488234698772430420e-01 -5.932556092739105225e-02 1.827167570590972900e-01 2.473762258887290955e-02 3.869931399822235107e-02 1.023087650537490845e-01 9.600669890642166138e-02 2.123798131942749023e-01 -5.856033787131309509e-02 -1.721501648426055908e-01 -2.794418036937713623e-01 1.774881221354007721e-02 -2.476574629545211792e-01 -2.301052212715148926e-01 -2.111475467681884766e-01 3.216484561562538147e-02 -1.469559520483016968e-01 1.383600533008575439e-01 -6.132131069898605347e-02 -1.718790233135223389e-01 1.266311407089233398e-01 3.970584273338317871e-02 5.112243071198463440e-02 2.646709606051445007e-02 1.223395168781280518e-01 -1.113519594073295593e-01 -2.156203240156173706e-01 -9.774468839168548584e-02 -8.126894384622573853e-02
-4.270717874169349670e-02 4.523553848266601562e-01 2.295364439487457275e-01 2.107438296079635620e-01 2.132270783185958862e-01 5.176121741533279419e-02 4.377371072769165039e-01 1.000000000000000000e+00 2.751632332801818848e-01 1.131570488214492798e-01 3.336307033896446228e-02 -2.298864349722862244e-02 -7.826703600585460663e-03 1.582822501659393311e-01 -1.256223320960998535e-01 2.787963449954986572e-01 6.825144588947296143e-02 3.740326166152954102e-01 2.238369435071945190e-01 -2.087264657020568848e-01 7.110482454299926758e-02 -2.451305650174617767e-02 -1.756178587675094604e-02 -3.630559146404266357e-02 5.804087966680526733e-02 2.445605769753456116e-02 -6.298428773880004883e-02 -1.031214743852615356e-01 -5.083791539072990417e-02 -8.578162640333175659e-02 1.139030233025550842e-01 2.043235488235950470e-02 -5.067531391978263855e-02 6.872951239347457886e-02 1.084889918565750122e-01 6.655667722225189209e-02 -2.027713209390640259e-01 -2.398829907178878784e-02 -1.603251844644546509e-01 1.189274992793798447e-02 -7.511735707521438599e-02 -7.591463625431060791e-02 1.214245557785034180e-01 9.360611438751220703e-02 1.275312155485153198e-01 -6.190086156129837036e-02 -7.668759673833847046e-02 -7.456961274147033691e-02 -2.768083810806274414e-01 -1.231373697519302368e-01 1.821384578943252563e-02 5.615205168724060059e-01 1.861032843589782715e-01 -2.086588740348815918e-02 1.233946532011032104e-01 -1.553440839052200317e-01 5.966045856475830078e-01 5.980145931243896484e-01 -2.063069306313991547e-02 -1.016655266284942627e-01 5.664901062846183777e-02 -5.586752668023109436e-02 -5.251914262771606445e-02 9.495052695274353027e-02 2.074855864048004150e-01 -8.099702745676040649e-02 2.061978727579116821e-01 1.889406889677047729e-01 1.197118535637855530e-01 4.382190108299255371e-01 -5.722653493285179138e-02 -6.766524165868759155e-02 -8.675388246774673462e-02 -6.036768108606338501e-02 -1.376275438815355301e-02 1.390486657619476318e-01 -6.615792214870452881e-02 -1.319197099655866623e-02 4.030863568186759949e-02 4.984358698129653931e-02 -1.396856904029846191e-01 -3.309978544712066650e-01 2.153292484581470490e-02 -1.238118335604667664e-01 -1.630954593420028687e-01 -1.907400190830230713e-01 -8.788369596004486084e-02 -1.003038510680198669e-01 -8.245067298412322998e-02 -1.323641389608383179e-01 -1.473798751831054688e-01 -9.984960779547691345e-03 -1.215354423038661480e-04 1.203579902648925781e-01 2.576640248298645020e-02 7.049240171909332275e-02 -1.017022654414176941e-01 -3.222734928131103516e-01 -3.597864806652069092e-01 -2.313352525234222412e-01
-3.545983880758285522e-02 -5.425725504755973816e-02 3.999896720051765442e-02 1.378813385963439941e-01 3.671481609344482422e-01 3.221686184406280518e-01 2.258066833019256592e-01 2.751632332801818848e-01 1.000000000000000000e+00 1.726692914962768555e-01 1.935982331633567810e-02 -1.905285418033599854e-01 -9.976598620414733887e-02 -1.423644125461578369e-01 -3.281584382057189941e-01 1.926670521497726440e-01 2.283323556184768677e-01 7.257986068725585938e-02 2.885331166908144951e-03 3.559625893831253052e-02 -4.170120880007743835e-02 -9.876076877117156982e-02 -2.194181829690933228e-01 1.991716325283050537e-01 1.966901123523712158e-01 8.796834386885166168e-03 -1.844626814126968384e-01 -1.592087000608444214e-02 1.270927637815475464e-01 -2.502667009830474854e-01 4.176422059535980225e-01 2.273400127887725830e-01 -4.499789699912071228e-02 -7.569517474621534348e-03 -1.684869527816772461e-01 2.054595351219177246e-01 -9.589798748493194580e-02 1.173092871904373169e-01 1.657433211803436279e-01 -1.060746088624000549e-01 1.310621201992034912e-01 2.571010887622833252e-01 1.057791486382484436e-01 5.936687812209129333e-04 -4.958534985780715942e-02 3.169003874063491821e-02 -2.010163664817810059e-01 -2.009729892015457153e-01 1.632331758737564087e-01 -1.186141627840697765e-03 3.378837183117866516e-02 4.483649879693984985e-02 -6.122844666242599487e-02 5.285961553454399109e-02 2.417744845151901245e-01 4.177645742893218994e-01 1.323799490928649902e-01 2.064699381589889526e-01 -3.382260352373123169e-02 -1.645859032869338989e-01 6.463529914617538452e-02 -1.226102411746978760e-01 -3.489335775375366211e-01 -1.305944323539733887e-01 -1.347721964120864868e-01 -4.086551964282989502e-01 8.128238469362258911e-02 -2.659675776958465576e-01 -2.545333504676818848e-01 -2.923290804028511047e-02 -6.420758366584777832e-02 -1.808795779943466187e-01 -2.601968646049499512e-01 -8.508237451314926147e-02 6.698519736528396606e-02 -9.561375528573989868e-02 9.307073801755905151e-02 -2.653690874576568604e-01 2.834703028202056885e-01 1.817942559719085693e-01 -1.027818769216537476e-01 -1.959390491247177124e-01 -1.588579118251800537e-01 -2.211259305477142334e-01 -1.582162082195281982e-01 -2.542153596878051758e-01 -9.231223165988922119e-02 -3.792577683925628662e-01 1.060131005942821503e-03 -1.738436147570610046e-02 -6.786189973354339600e-02 3.606254756450653076e-01 9.273422509431838989e-02 -7.018480915576219559e-03 1.108893677592277527e-01 -6.289346516132354736e-02 -1.995108276605606079e-01 -3.963923752307891846e-01 -4.350624233484268188e-02 -1.148632541298866272e-01
-3.426798582077026367e-01 -7.421915978193283081e-02 -2.367422580718994141e-01 -5.836640670895576477e-02 3.551030755043029785e-01 1.143678426742553711e-01 1.904951184988021851e-01 1.131570488214492798e-01 1.726692914962768555e-01 1.000000000000000000e+00 4.847447872161865234e-01 -2.021517455577850342e-01 2.014263272285461426e-01 2.719953954219818115e-01 -5.127185583114624023e-02 -7.703132182359695435e-02 3.069361746311187744e-01 -3.474771231412887573e-02 1.742247790098190308e-01 -7.302489876747131348e-02 4.880703091621398926e-01 2.153289131820201874e-02 1.536393165588378906e-01 5.025337934494018555e-01 3.883050084114074707e-01 3.467280566692352295e-01 -7.657850533723831177e-02 3.747147321701049805e-02 2.569607198238372803e-01 4.985423758625984192e-02 6.668758988380432129e-01 -2.027710825204849243e-01 3.092913329601287842e-01 3.673743903636932373e-01 9.335033595561981201e-03 2.042964845895767212e-01 1.387420892715454102e-01 1.300780177116394043e-01 2.252955175936222076e-02 1.986559629440307617e-01 9.660987555980682373e-02 1.991266198456287384e-02 3.145594000816345215e-01 -1.400000900030136108e-01 -6.470993906259536743e-02 2.952389717102050781e-01 3.769105300307273865e-02 2.178968489170074463e-02 -4.153392091393470764e-02 1.107646301388740540e-01 -2.090751826763153076e-01 8.032835274934768677e-02 -5.261231064796447754e-01 -2.502859234809875488e-01 -1.283450722694396973e-01 1.327317506074905396e-01 -5.605623871088027954e-02 -1.638532131910324097e-01 1.828148663043975830e-01 -1.742539554834365845e-01 1.345776617527008057e-01 9.002719819545745850e-02 -1.519254297018051147e-01 1.595168560743331909e-01 1.608591526746749878e-01 -3.100621402263641357e-01 -1.183017250150442123e-02 -4.776794463396072388e-02 -5.115833133459091187e-02 -4.962235689163208008e-02 -1.702815294265747070e-01 -1.314901262521743774e-01 -4.131571575999259949e-02 -1.224958822131156921e-01 -2.878461182117462158e-01 2.026814818382263184e-01 4.601711928844451904e-01 2.658761739730834961e-01 3.044750988483428955e-01 -4.938381165266036987e-02 -2.650964260101318359e-01 -1.736856997013092041e-02 -1.493587195873260498e-01 7.511187344789505005e-02 2.043575793504714966e-01 3.327099680900573730e-01 2.736702263355255127e-01 -1.920349746942520142e-01 3.876293823122978210e-02 5.188498646020889282e-03 -3.102450817823410034e-02 2.029771506786346436e-01 2.951803505420684814e-01 -1.387304663658142090e-01 1.212244853377342224e-01 -1.213405132293701172e-01 2.075112313032150269e-01 -6.950168311595916748e-02 -8.833352476358413696e-02 -2.145293503999710083e-01
-4.698992893099784851e-02 -1.439166814088821411e-01 -1.476631462574005127e-01 -1.339897662401199341e-01 2.350798621773719788e-02 1.012451052665710449e-01 3.188894689083099365e-02 3.336307033896446228e-02 1.935982331633567810e-02 4.847447872161865234e-01 1.000000000000000000e+00 3.099083006381988525e-01 2.063395529985427856e-01 2.326577752828598022e-01 9.574472159147262573e-02 -2.932702600955963135e-01 1.810532659292221069e-01 -1.442347317934036255e-01 1.171496510505676270e-02 -1.362048536539077759e-01 1.286700218915939331e-01 4.358357936143875122e-02 8.744280040264129639e-02 3.217141628265380859e-01 3.115414381027221680e-01 3.132311701774597168e-01 -9.180317819118499756e-02 1.519279628992080688e-01 6.359031796455383301e-02 1.415834426879882812e-01 3.609799146652221680e-01 -5.506191402673721313e-02 1.464061737060546875e-01 1.977667063474655151e-01 3.160018101334571838e-02 6.930916756391525269e-02 1.169940009713172913e-01 7.130836695432662964e-02 -4.466013610363006592e-02 2.453913688659667969e-01 -1.993599720299243927e-02 3.019435107707977295e-01 2.028971612453460693e-01 -9.865783154964447021e-02 -7.837783545255661011e-02 1.222656071186065674e-01 2.108401432633399963e-02 7.322525925701484084e-05 5.440399795770645142e-02 -1.484085153788328171e-02 -1.916663646697998047e-01 -3.800996020436286926e-02 -4.210625588893890381e-01 -3.158447146415710449e-01 -4.758034646511077881e-02 1.362237185239791870e-01 -2.570591568946838379e-01 -9.931593388319015503e-02 3.412939012050628662e-01 2.593426406383514404e-01 2.235628515481948853e-01 3.262042999267578125e-01 1.450265198945999146e-01 1.512992233037948608e-01 4.176487028598785400e-02 5.311409011483192444e-02 -2.036356031894683838e-01 -2.501501888036727905e-02 3.408830985426902771e-02 -2.072393000125885010e-01 -1.988108307123184204e-01 3.927055373787879944e-02 6.498315185308456421e-02 -1.809667944908142090e-01 -1.100153196603059769e-02 3.127665519714355469e-01 1.847653836011886597e-01 2.710341811180114746e-01 8.900216966867446899e-02 -8.470927178859710693e-02 -2.363279610872268677e-01 6.419795751571655273e-02 -7.881377637386322021e-02 2.135393023490905762e-01 2.321352362632751465e-01 3.037462532520294189e-01 9.511980414390563965e-02 1.317000240087509155e-01 4.283171147108078003e-02 4.160881415009498596e-02 -5.138873681426048279e-02 1.586868464946746826e-01 1.397696435451507568e-01 1.237938627600669861e-01 1.753795146942138672e-01 7.423439063131809235e-03 1.972710937261581421e-01 2.373167499899864197e-02 6.896221544593572617e-03 -1.659156531095504761e-01
1.527208238840103149e-01 -1.900792494416236877e-02 2.374218255281448364e-01 -2.403175830841064453e-01 -4.293215572834014893e-01 -1.497438400983810425e-01 -3.480827063322067261e-02 -2.298864349722862244e-02 -1.905285418033599854e-01 -2.021517455577850342e-01 3.099083006381988525e-01 1.000000000000000000e+00 2.467772215604782104e-01 4.195946827530860901e-02 2.101801335811614990e-01 -2.531246840953826904e-01 1.042554713785648346e-02 -1.149854958057403564e-01 -6.257810164242982864e-03 -1.597635149955749512e-01 -2.877078354358673096e-01 2.177359312772750854e-01 -5.337555333971977234e-02 -1.753278076648712158e-02 1.728941351175308228e-01 2.327058017253875732e-01 2.482125014066696167e-01 3.500547111034393311e-01 -1.773259490728378296e-01 1.523451060056686401e-01 -2.463606446981430054e-01 1.720380783081054688e-01 -1.697276979684829712e-01 -1.557999104261398315e-01 3.111067712306976318e-01 -1.348352581262588501e-01 -8.483240753412246704e-02 1.063211187720298767e-01 6.683510541915893555e-02 3.093268573284149170e-01 -1.055148616433143616e-01 2.396923303604125977e-01 1.925654858350753784e-01 2.971731722354888916e-01 2.986296713352203369e-01 -1.144540384411811829e-01 -2.441651653498411179e-03 2.380936220288276672e-02 -6.248293071985244751e-02 -3.112434744834899902e-01 -3.100946173071861267e-02 3.215131908655166626e-02 1.241185665130615234e-01 -1.895664185285568237e-01 -2.195190638303756714e-02 -4.159776866436004639e-02 -1.445192098617553711e-01 5.244163051247596741e-02 2.742257416248321533e-01 5.071046352386474609e-01 3.355886340141296387e-01 2.280900925397872925e-01 2.266473472118377686e-01 -1.973737590014934540e-02 9.756069630384445190e-02 4.002859592437744141e-01 -2.762578055262565613e-02 1.618388444185256958e-01 5.947159603238105774e-02 -1.002518087625503540e-01 7.412037253379821777e-02 1.636405438184738159e-01 8.289586752653121948e-02 1.631976813077926636e-01 3.324499726295471191e-01 3.408214747905731201e-01 -2.632002830505371094e-01 2.220352739095687866e-01 -5.397975817322731018e-02 2.327953837811946869e-02 1.035530343651771545e-01 4.493945464491844177e-02 3.146235346794128418e-01 3.948607016354799271e-03 -1.083605829626321793e-02 -7.530309259891510010e-02 -1.273814290761947632e-01 4.328952133655548096e-01 -1.361778471618890762e-02 7.137634605169296265e-02 -1.977424770593643188e-01 5.177542194724082947e-02 -5.015886202454566956e-02 3.459122776985168457e-01 1.949421316385269165e-01 3.710954785346984863e-01 -2.602382749319076538e-02 1.228969842195510864e-01 9.795855730772018433e-02 -1.344077885150909424e-01
2.016401849687099457e-02 8.887868374586105347e-02 -8.405265957117080688e-02 -1.460425108671188354e-01 -8.280495181679725647e-03 -1.775561720132827759e-01 1.571176350116729736e-01 -7.826703600585460663e-03 -9.976598620414733887e-02 2.014263272285461426e-01 2.063395529985427856e-01 2.467772215604782104e-01 1.000000000000000000e+00 5.107036232948303223e-01 1.994515657424926758e-01 -2.322290241718292236e-01 4.972109794616699219e-01 7.627634704113006592e-02 3.741593062877655029e-01 -1.559764295816421509e-01 1.119780018925666809e-01 4.827589094638824463e-01 3.786431252956390381e-01 1.198515594005584717e-01 3.884661942720413208e-02 3.159412145614624023e-01 3.297552168369293213e-01 2.945308387279510498e-01 -9.432543814182281494e-02 3.424986600875854492e-01 1.140420809388160706e-01 -2.491145133972167969e-01 -6.152140442281961441e-03 3.448863923549652100e-01 4.980534911155700684e-01 -1.665778458118438721e-01 -1.343805044889450073e-01 -2.600647322833538055e-02 -6.414248794317245483e-02 2.381121367216110229e-01 -1.074518710374832153e-01 1.153351888060569763e-01 5.519225597381591797e-01 2.556520700454711914e-01 4.322274625301361084e-01 -2.985548228025436401e-02 1.884369254112243652e-01 1.093357503414154053e-01 -7.591509073972702026e-02 -3.213831186294555664e-01 -3.423060476779937744e-01 8.068617433309555054e-02 -2.031392306089401245e-01 -4.114609956741333008e-01 -1.715356856584548950e-01 -3.463063538074493408e-01 -1.702494323253631592e-01 -2.711467444896697998e-02 -1.268118470907211304e-01 1.750858724117279053e-01 3.367432057857513428e-01 3.011257946491241455e-01 1.683351695537567139e-01 2.358020693063735962e-01 3.606877028942108154e-01 1.427212208509445190e-01 -4.813568294048309326e-02 2.992641329765319824e-01 2.390630990266799927e-01 9.628530591726303101e-02 3.101723268628120422e-02 7.554117590188980103e-02 1.997209191322326660e-01 1.746439486742019653e-01 -4.189705010503530502e-03 2.168736308813095093e-01 -6.794150918722152710e-03 4.188590943813323975e-01 2.859188318252563477e-01 -2.106750309467315674e-01 -3.223880007863044739e-02 -5.988946184515953064e-03 3.087269663810729980e-01 -1.067789494991302490e-01 1.398030668497085571e-03 3.546540811657905579e-02 -4.744084179401397705e-02 3.100326955318450928e-01 7.070931047201156616e-02 -2.339467257261276245e-01 -3.855333030223846436e-01 8.966796845197677612e-02 -1.250302195549011230e-01 2.116001099348068237e-01 2.746751010417938232e-01 1.988020241260528564e-01 3.002726100385189056e-02 2.898075431585311890e-02 1.736010462045669556e-01 -3.697816133499145508e-01
-9.239955246448516846e-02 2.369582951068878174e-01 -1.193831562995910645e-01 7.617857307195663452e-02 1.091503500938415527e-01 -1.905595064163208008e-01 1.883967071771621704e-01 1.582822501659393311e-01 -1.423644125461578369e-01 2.719953954219818115e-01 2.326577752828598022e-01 4.195946827530860901e-02 5.107036232948303223e-01 1.000000000000000000e+00 4.353780746459960938e-01 -1.751678735017776489e-01 3.508438169956207275e-01 1.311626285314559937e-01 4.744061529636383057e-01 -2.694480121135711670e-01 3.486822247505187988e-01 1.811403781175613403e-01 4.299156665802001953e-01 4.026333615183830261e-02 1.096095219254493713e-01 1.679971367120742798e-01 9.958194941282272339e-02 5.336473882198333740e-02 -1.407499909400939941e-01 5.004201531410217285e-01 8.218656480312347412e-02 -2.621991038322448730e-01 1.197456121444702148e-01 3.725310862064361572e-01 2.375935167074203491e-01 -2.034191489219665527e-01 -1.749827116727828979e-01 -1.014784798026084900e-01 -2.173194140195846558e-01 1.755193322896957397e-01 -2.290417104959487915e-01 -1.503149569034576416e-01 2.882180213928222656e-01 9.816871955990791321e-03 1.402370333671569824e-01 -1.169759929180145264e-01 1.168609112501144409e-01 1.433577984571456909e-01 -2.482663542032241821e-01 -1.797734200954437256e-01 -2.083740234375000000e-01 2.353136688470840454e-01 -2.370396554470062256e-01 -3.294776678085327148e-01 -2.210835814476013184e-01 -3.798812627792358398e-01 -1.016478762030601501e-01 1.260084509849548340e-01 6.976211816072463989e-02 8.523823320865631104e-02 3.985564112663269043e-01 2.748441398143768311e-01 3.905421495437622070e-01 5.043334960937500000e-01 4.194219410419464111e-01 3.291723430156707764e-01 -1.631822586059570312e-01 3.634940683841705322e-01 3.014863431453704834e-01 2.101655006408691406e-01 3.893351554870605469e-02 9.325715899467468262e-02 3.934092223644256592e-01 1.733481138944625854e-02 -8.846074342727661133e-02 2.671329081058502197e-01 6.111678108572959900e-02 4.961804747581481934e-01 1.298901438713073730e-01 -2.344161272048950195e-01 -2.477889358997344971e-01 -1.083135306835174561e-01 1.304933428764343262e-01 4.827969893813133240e-02 8.341829478740692139e-02 1.608376950025558472e-01 -1.028098762035369873e-01 1.541564464569091797e-01 -1.727754808962345123e-02 -3.395811319351196289e-01 -2.518783211708068848e-01 -2.572321146726608276e-02 -1.185053810477256775e-01 -5.358046665787696838e-02 1.239777803421020508e-01 -8.817864209413528442e-02 3.713556751608848572e-02 8.884392678737640381e-02 -1.549276560544967651e-01 -2.994854450225830078e-01
-1.132209822535514832e-01 -1.176029164344072342e-02 -1.598347574472427368e-01 -8.622997999191284180e-02 -2.736775577068328857e-01 -1.909282207489013672e-01 -4.402960836887359619e-02 -1.256223320960998535e-01 -3.281584382057189941e-01 -5.127185583114624023e-02 9.574472159147262573e-02 2.101801335811614990e-01 1.994515657424926758e-01 4.353780746459960938e-01 1.000000000000000000e+00 -2.021847665309906006e-01 9.107035398483276367e-02 1.259774994105100632e-02 2.019822746515274048e-01 -8.692374080419540405e-02 2.271882891654968262e-01 -4.956042394042015076e-02 2.549924254417419434e-01 5.980108305811882019e-02 1.447423249483108521e-01 9.339902549982070923e-02 1.490765959024429321e-01 1.847217082977294922e-01 2.384579181671142578e-02 4.734332561492919922e-01 -2.241308540105819702e-01 -1.363541632890701294e-01 8.371349424123764038e-02 -1.631667464971542358e-02 5.501765385270118713e-02 -7.902963459491729736e-02 -2.143574180081486702e-03 2.158969454467296600e-02 5.959388799965381622e-03 7.541124522686004639e-02 -9.349748492240905762e-02 -1.755101531744003296e-01 1.479382626712322235e-02 5.595482885837554932e-02 8.154974132776260376e-02 -1.016649901866912842e-01 1.882110238075256348e-01 7.777335494756698608e-02 -1.639083027839660645e-01 -6.754243373870849609e-02 -1.362915784120559692e-01 -4.738437756896018982e-02 -9.734246134757995605e-02 -1.567931026220321655e-01 -2.023681998252868652e-01 -2.294631749391555786e-01 -1.246813461184501648e-01 -3.436927497386932373e-02 1.685503125190734863e-01 1.497213691473007202e-01 2.262207865715026855e-01 7.117894291877746582e-02 3.582046627998352051e-01 3.003804981708526611e-01 2.854863107204437256e-01 4.875372052192687988e-01 -3.944705799221992493e-02 1.896270513534545898e-01 1.720813661813735962e-01 6.606972217559814453e-02 2.581182420253753662e-01 1.100119668990373611e-02 2.869363129138946533e-01 1.696425527334213257e-01 1.491880714893341064e-01 2.503456175327301025e-01 3.446721658110618591e-02 4.053829312324523926e-01 -1.002480983734130859e-01 -1.281809806823730469e-01 1.348708197474479675e-02 3.399907052516937256e-02 1.257895380258560181e-01 6.049800664186477661e-02 8.510942012071609497e-02 2.269495874643325806e-01 -5.325038731098175049e-02 2.511465251445770264e-01 -3.160617128014564514e-02 1.036531873978674412e-03 -9.933129884302616119e-03 -1.297239214181900024e-01 -1.033960282802581787e-01 -9.027291834354400635e-02 -7.663469761610031128e-02 3.503860160708427429e-02 8.484923094511032104e-02 2.849205732345581055e-01 -7.172197103500366211e-02 1.783648389391601086e-03
