1.000000000000000000e+00 2.174965843083197792e-01 2.383458635794828973e-01 -4.150519761067849450e-02 -5.564322327308744709e-02 1.078261418786001374e-01 -1.329415326554799492e-01 5.041902464968463921e-02 1.320889825904261045e-02 2.326406432279851111e-02 9.397510595814820289e-02 1.971221143973013457e-01 8.119758539457454238e-02 -3.308008468551295461e-02 -1.305434072827102998e-01 2.747690884835382041e-01 9.836348558785143470e-02 -7.837282219873817346e-02 -1.418858683217487371e-01 -1.331506018011531511e-01 -1.116951056326281055e-01 1.439721315535502644e-01 6.719801598286810618e-02 2.726315725313189220e-01 -2.646119647497088834e-02 1.850427782350839156e-01 -1.530222857478028275e-01 -5.687641697971396876e-02 1.094575495241063151e-01 -4.998014230255029555e-02 -2.820535270336659850e-01 -6.818479027349382861e-03 -1.521598935313192014e-01 1.032703846778865731e-01 2.425059722927234707e-01 9.911886071035744261e-02 2.028369330718333627e-02 7.662267714623628712e-02 -1.950838224541758814e-01 -1.929048916008293535e-01 2.451620306986446451e-01 -1.200648793329566061e-01 -2.095928946253897834e-02 -1.006452796613436923e-01 -1.306604363594053020e-01 -1.726717532339524241e-01 -1.718062727097536269e-01 2.675070637385895244e-03 1.197137964947077721e-01 1.152211060961796929e-01 3.794886829944488782e-01 1.814079610075379489e-01 -3.438880426789117650e-01 -3.250429946584866836e-01 8.155303978797012743e-02 4.049572278664613223e-01 -1.091555477016151049e-01 3.522437723458395759e-02 -3.744107364274000538e-02 2.455066629946467960e-01 1.446916887671382060e-03 8.219086620644361352e-02 -2.649594765174740352e-01 -2.331362227962250899e-01 -1.926742430886189406e-01 -1.208783941620317076e-01 -3.165529176333645167e-01 4.365653745834297689e-02 -1.113109946262286730e-02 -7.045276723301401034e-02 -1.406760351866634673e-01 1.341421283122660457e-01 9.683043230680656033e-02 -1.127958219162029235e-01 3.879797934124475101e-02 2.334681937564176413e-01 -5.689540298221846398e-02 3.464951523274933942e-02 -2.366102659955671705e-01 -7.515608205625705709e-03 -1.512143708071660153e-01 -4.985117172571573024e-02 -1.528807514080086638e-01 6.641114024459000842e-02 -1.450280124309871188e-01 -2.589482487544230715e-01 -5.056710202702783402e-02 1.059151084412345151e-01 1.576858855802439341e-01 9.135880303260916898e-04 -2.613279070318262343e-01 4.190857697423090444e-01 -1.944937167027743774e-01 -7.929306516795725512e-02 1.138789952494209112e-01 -1.060230303235456251e-01 -1.810426369713015182e-01 -1.581550392818921180e-01 2.666045022153415989e-01 9.142107655387864129e-02
2.174965843083197792e-01 1.000000000000000000e+00 5.102605207868731174e-01 -1.457561032234051812e-01 2.949157169666708628e-02 3.517333523013472796e-01 1.677696484335869931e-01 2.159035457226809174e-01 1.664073958462378988e-01 3.238616117672786510e-02 -6.318307805640594604e-03 1.450385245282587166e-02 1.951253950854499875e-01 -1.294718589167556666e-01 -3.042067217966447079e-01 3.901026536616386542e-01 1.961736321296652652e-01 1.117416904726545590e-01 6.104080859330052872e-02 -3.232167325290646182e-02 -2.633241341797829538e-01 1.414960328256767985e-01 -1.286517325314065763e-01 6.902912731920829437e-02 1.126668552667052237e-01 -5.195395061104028656e-02 -2.927032911332106968e-01 -9.066399106740524738e-02 -1.877268141706900928e-01 -2.880182854138511050e-01 -1.179353307202763018e-01 -9.495877794739553124e-02 -1.135213527499838726e-01 1.127503780707431041e-01 7.504231890282735129e-02 1.444087333305631993e-01 -6.433384053063900820e-02 2.120748148613837702e-01 -4.813136081984438486e-02 -7.489119220644054054e-02 1.181926912225138432e-01 -4.042016932540300200e-02 1.266480034763350915e-01 -9.900225099967935316e-02 -2.492978955812242825e-01 -4.357497679337116736e-01 -2.411735474670061719e-01 -6.984544796045909221e-02 2.346960037195606474e-01 1.275772812744791762e-01 2.313683652598580720e-01 4.573472253058794568e-01 4.293396662595924673e-02 -2.291623552789818496e-01 1.991914038567491052e-01 2.552687679538869769e-01 1.142780182206147022e-01 2.617106121207876668e-01 4.891363670829516203e-02 -3.204643227173956804e-02 -6.628675859050763008e-02 -1.797754045957209107e-03 -2.036812343558054850e-01 -1.315479528873413351e-01 -1.343273456499564367e-01 -2.540050390636361954e-01 -1.142366064287716199e-01 9.303710490605579531e-02 1.040543844318642663e-01 1.328279068272692487e-01 -2.333254601332440392e-01 -2.253237517853884028e-02 -3.384850711875310447e-02 1.755151869477088525e-02 6.348865485462773517e-02 1.649894278036939388e-01 -1.251085206529879701e-01 -7.728135007021560976e-02 -2.811253128137135640e-02 -1.027955988461388137e-01 -8.086539288255391311e-02 5.783071983451792963e-02 -1.743740837117217224e-01 -1.869296520535498052e-01 -2.774416657960613319e-01 -3.372637367657661533e-01 -1.563979319599457241e-01 -1.477979167491536364e-02 1.276571790930633443e-01 1.588144285487917418e-01 -1.813907129086365921e-02 1.534222988137149413e-01 -1.042229541034826179e-01 5.676079241908978112e-02 -4.711359087650643612e-04 -2.058482546187798967e-01 -3.956631506598934922e-01 -2.375205760577713265e-01 1.859171733085052958e-01 1.424186438734424409e-01
2.383458635794828973e-01 5.102605207868731174e-01 1.000000000000000000e+00 -1.418767215438964113e-01 -2.027765940749143569e-01 4.178056140837553833e-01 -2.779006156475513287e-02 -1.469826050975731324e-01 -2.759094438212543812e-02 1.700052631035465778e-01 1.400188548961799062e-01 2.694774138658078549e-02 3.656442921176418226e-01 -1.155525571055474390e-02 -2.276425141208549829e-01 1.798490789823117275e-01 2.734638067159471664e-01 1.118240320204691857e-01 1.276289853367606475e-01 5.378330854652257215e-02 -1.881719569091324373e-01 2.392492957347496507e-01 -1.483345648233355685e-01 1.692872747296126357e-01 3.811160437298447001e-01 -7.157079906595089150e-03 -1.838157244221520215e-01 2.747008117311431352e-01 4.718350053367622449e-02 -2.526222422549668778e-01 -1.344021469391910584e-01 1.192913816784529901e-01 -6.269103096477653125e-02 2.550427986416219928e-01 1.922557657338092585e-01 1.792285547901415754e-01 4.894558679302200149e-02 4.088274457728811040e-01 -6.924550285178004971e-02 -1.971144381553369684e-01 2.603933636586673872e-01 -2.253662131443878447e-01 1.434892989949128062e-01 -1.011924080740121967e-01 -2.434790296138875931e-01 -1.863272472183248873e-01 -1.458478141962289976e-01 -1.040154979949036163e-01 4.558403363899852789e-01 4.338222533794843239e-01 4.876917838280131479e-02 3.256906535590051166e-01 -7.370921717402502751e-03 -5.333760983412981771e-01 -1.922101336179373593e-02 3.656212836992888127e-01 -1.109684498516012030e-01 7.885829355917921279e-02 1.133420358997672683e-01 -1.144002954195084826e-01 -6.206480108285781366e-02 8.252932131418885819e-02 1.034152610397356085e-02 -1.250129134244739315e-01 -8.501566003995889020e-02 -2.655904958188717857e-01 -2.017704723401278766e-01 1.938998651742683543e-01 2.093999350503090995e-01 1.826196387146628297e-01 -2.142922080293652443e-01 -4.880461630575131521e-02 -9.964689100110526998e-02 -1.107548785775920447e-01 9.009789632418620242e-02 3.139880855789825564e-01 -2.163241851849843911e-02 2.353769016241089029e-02 -9.859514625501553109e-02 -6.528281647046621505e-02 -3.124763920744199480e-02 8.409563744984994982e-02 -2.594286174826228031e-01 -1.930648598533484805e-01 -2.379917237876376379e-01 -2.651014446854755846e-01 -1.027543586484393756e-01 1.565420543296039968e-01 3.811825227916326719e-01 3.134355620862059322e-01 4.379428513353600394e-02 1.183388621249454875e-01 9.899315741446179651e-02 -3.205164766497282935e-02 -4.094755723047048546e-02 -3.055925685025961402e-01 -3.092621844069918247e-01 -2.650871488012709887e-01 3.447416790691736344e-01 3.505490512634325539e-01
-4.150519761067849450e-02 -1.457561032234051812e-01 -1.418767215438964113e-01 1.000000000000000000e+00 2.991503759313333677e-01 -9.875250152391862324e-02 -8.070956271527396364e-02 1.222725720673111666e-02 -1.462954091717607041e-01 -5.557087719020294310e-03 -1.217862319813130673e-01 2.230003047508510167e-02 -1.596604468510508246e-01 1.093386870097358687e-01 2.102648271961661819e-01 -1.750862235304402326e-01 -2.610447536540818625e-01 -9.944475879519411310e-02 -9.463529338908996391e-03 -1.027623446907427046e-01 2.751694977587189062e-01 -2.726185552158166825e-01 2.285377617983977983e-01 -4.021973228621270047e-02 -1.753259266454294807e-01 5.727494903315428348e-02 4.046967201104884615e-01 -2.094562077958633806e-01 -4.392372900625792984e-03 2.059896113940314910e-01 -2.855173417187423235e-01 3.145653295656210546e-01 1.200991201363561384e-01 7.471164030186490390e-02 -1.279824303799735052e-01 -2.441178066106136912e-01 1.297768654578891102e-02 -3.019359826165111602e-02 4.220214007164846404e-02 -4.142142318099092946e-02 -1.853904403135423207e-01 -3.321268307272522979e-01 -4.364692353415002835e-01 -2.531793709334029807e-01 2.307678001888014974e-01 3.361999730240990414e-01 1.120918703702151603e-01 -1.338094419414323777e-01 -6.195868668654368194e-02 -2.351788371890997653e-02 -2.197895543230038995e-01 9.531038908599086951e-03 1.180466891927529627e-01 4.616990571504701046e-01 1.262657124840456217e-02 -2.374150556690762456e-02 -8.425646265413366809e-02 -3.494162426512095188e-01 -2.526715088835028156e-01 -6.497107221707472402e-02 -4.889645273610183918e-02 -7.112692396195798017e-02 -1.249421222874912141e-01 -1.222086368476981572e-01 1.229542813458481820e-01 2.010134765985638616e-01 -2.054100833239147217e-01 -1.256980496760425614e-01 -8.652350673429395206e-03 -3.532558741961312476e-01 1.326233451437299204e-01 -1.259023704974972790e-01 1.148750025355193272e-01 -3.240056791555399607e-01 -2.952716880541376709e-01 -2.787584804272750377e-02 -1.537680503458842100e-02 1.009036421552639423e-01 -4.271168804239025008e-01 2.128149543402329813e-01 -4.064494073615450564e-01 -4.556598084618943001e-01 1.950749554303569389e-01 5.991406346594276844e-01 4.227517728956168286e-01 3.680793580633281992e-01 1.661555864723507914e-01 -5.427388603791369337e-02 -2.395322548756282852e-02 -2.914320022462960069e-01 -3.800071639718660688e-02 -1.837990678064387595e-01 -5.972980356736658572e-03 -4.349597906230933120e-01 3.364450778684829196e-02 4.432669685561055339e-02 5.614647621626210894e-01 2.017658182307508208e-01 -3.635868045576092812e-03 6.071602643353443685e-02
-5.564322327308744709e-02 2.949157169666708628e-02 -2.027765940749143569e-01 2.991503759313333677e-01 1.000000000000000000e+00 1.910403542399363441e-01 8.489714417077011410e-02 2.382066985267192183e-01 7.782040979172072381e-02 -6.539003091863217210e-02 -1.250208067469713857e-01 6.315053246342082743e-04 -1.929244213960562560e-01 -1.199305842461277083e-01 -5.664691678288327065e-02 -8.755178590647419434e-02 -2.315982716759571736e-01 -2.132684362996135896e-03 -1.496796064212504440e-01 -4.012534420897605897e-02 -6.258232694233527293e-02 -1.437432765787555744e-01 4.922663766542624553e-02 -6.896983877487908310e-02 -2.622821350078121116e-01 5.941779427267541991e-02 8.034764485681573920e-02 -2.240208091871241924e-01 -1.499334285800213440e-01 -4.612192657205452240e-02 4.801592593292484078e-03 -1.204818106226733798e-01 -4.805737887125851454e-02 -1.593255492473835688e-02 -1.545994807301079299e-01 3.144948706303394431e-02 4.938731680592164247e-03 -2.582439592384674354e-01 -8.645587502322138462e-02 -8.754816522081800001e-03 -1.463049677967960260e-01 5.949782967795479854e-02 6.195178482396550279e-02 6.888742724981163426e-03 1.149779819971015332e-01 -5.937496995695340507e-02 -9.419205709138056548e-02 -7.116061440475236755e-02 -1.053628046571560700e-01 -1.520114905352470680e-01 1.302448790717882499e-01 -3.864020724805583562e-02 1.620382575550381454e-01 5.460540795424172478e-01 2.970111469890521771e-01 -9.717857230600079887e-02 2.325820992006701615e-01 -8.613995788567222096e-04 -1.162202876751590452e-01 -5.331051371047302104e-03 -3.956170908500242223e-03 -1.537090536252789241e-01 -1.310185731226667649e-01 -6.400031744972584091e-02 -5.237605720226207878e-03 7.388263715603887727e-03 7.735374631873475140e-03 -9.545412074666548286e-02 -2.768900476549265247e-03 -1.093259103336561150e-01 -6.046574676717146601e-02 -8.920591572033947925e-02 4.949687802793310831e-02 -7.849977208338434348e-03 -6.168134635250607095e-02 -5.308152409375029718e-02 -9.125465791426559670e-02 -6.984444663279154586e-02 -4.566104962770287622e-03 6.030431546831935968e-02 -6.888116591274551226e-02 -1.411248268252530969e-01 1.368989012743609124e-01 1.160727660126177341e-01 6.745824050647661330e-02 1.562214206530472549e-01 -3.406345136138502760e-02 -1.507094768684299202e-01 -8.229431789994190449e-02 -2.141313521527410113e-01 7.198006331164996663e-02 -1.866407407722980860e-02 -1.223740752159574313e-01 8.753569552984781510e-02 3.152293266949233730e-01 1.452035262805682903e-01 1.002527186313017793e-01 8.150921010847994586e-02 -1.079913364366129058e-01 -1.118400937076022283e-01
1.078261418786001374e-01 3.517333523013472796e-01 4.178056140837553833e-01 -9.875250152391862324e-02 1.910403542399363441e-01 1.000000000000000000e+00 3.123320167086273136e-01 1.745922033416128782e-01 3.540292253837583614e-01 1.258220324471757134e-01 8.944007428760475387e-02 1.763980806585495054e-01 1.005081793000713181e-01 -1.387969737878057552e-01 -1.953935213756377853e-01 2.910261796646651522e-01 8.975265065825994981e-02 1.465618201842637802e-01 -3.790874616541027586e-02 5.619825810349924483e-02 -2.062586774484922725e-01 1.098179143228959903e-01 -1.606604357177019438e-01 1.495997648709938566e-01 2.912483941571201163e-01 1.232445973492273805e-01 -2.104796144378870415e-01 2.299878200947180484e-01 7.508420387883132929e-02 -1.607310831742367607e-01 -1.942728775531308016e-01 -7.122154756166004796e-02 -2.279249017109617748e-01 2.225622924245513057e-01 -9.539664785091463151e-02 2.846921523750051697e-01 1.450566879053593605e-01 1.273610573409596491e-01 -1.278429667574686457e-01 1.115902932082953880e-01 1.768568782214241797e-01 1.380614704438770934e-01 9.404251662047263816e-02 -8.218808858441749299e-02 -1.409364503483188924e-01 -3.149489861676358915e-01 -2.982918037660855504e-01 -1.062473202884618162e-01 5.423616395284212022e-01 2.477742084104217202e-01 1.116332009860614566e-01 2.832586105641384244e-01 -1.793869049705504662e-02 -1.575660080371969751e-01 6.007956268002341282e-01 5.055103137172372030e-01 8.577759063445736243e-02 1.729356958758049845e-01 5.163517617412328314e-02 -6.570239195529704868e-02 2.622849237876629519e-02 -1.099387282664887056e-01 -1.315809524730109092e-01 -2.981810269302456740e-01 -1.081849691444496941e-01 -2.275971387113031041e-01 -3.415458352866825725e-02 6.018416433157787460e-02 2.077270050860076933e-01 1.864365999941312579e-01 -1.746555483346470816e-01 7.923366555162614233e-02 -5.915176182625024592e-02 9.705780660436336138e-02 2.111540476974760605e-01 3.709475183382933139e-01 8.468950918162042318e-02 4.048033150090060012e-02 -1.584309297585191068e-01 -1.714251874325602165e-01 8.340210535958168803e-02 7.322187171554556118e-02 -9.083078944611426564e-02 -1.280964555670166538e-01 -3.013439681205309362e-01 -2.165508948025261782e-01 7.428853261819534648e-02 1.448649584476691954e-01 3.581198416532254680e-01 2.850937116064451438e-01 -2.147225115867236189e-01 1.991204105465560759e-01 7.302780146868445565e-02 9.541595907865095538e-02 1.639650548971731681e-01 -2.166240773395858854e-01 -3.463145590539321028e-01 -2.162712147986504962e-01 4.504146633086698603e-01 2.831673757535404512e-01
-1.329415326554799492e-01 1.677696484335869931e-01 -2.779006156475513287e-02 -8.070956271527396364e-02 8.489714417077011410e-02 3.123320167086273136e-01 1.000000000000000000e+00 4.817842682805559829e-01 4.018681575559742702e-01 1.629864803775303850e-01 1.364949099235258922e-01 2.432830535446779407e-01 8.351997589842430347e-02 -2.247377374152974283e-01 -1.620697352640078637e-01 3.937614681356454427e-01 1.358217168000130926e-01 -1.341020811915260430e-02 -3.973217408094733422e-02 -2.194999139056098281e-01 -1.850667413937688577e-01 1.432178479409026428e-01 -2.091993663892984801e-01 1.755348376156968260e-01 1.706999158342609457e-01 9.260261151074455910e-02 -1.942582507061664798e-01 -6.622539179326371317e-02 -1.341353396607432025e-01 -1.226619870799747491e-01 -3.034490184905554860e-02 -2.123226793504365550e-01 -1.074956588565141036e-01 -4.585057831927256966e-02 -9.605023633145938489e-02 -4.609530351372454621e-02 -4.738700675730930095e-02 -4.265516033338628138e-02 1.026067896875048624e-01 4.782567650017105487e-01 1.649250817036924111e-01 3.605645214271447907e-01 1.386342183461710675e-01 -6.842988192857035745e-02 -9.919400363091428197e-02 -2.674404066867805407e-01 -2.238887984539097431e-01 -6.917524370065852510e-03 1.466212433140699212e-01 -1.909777609538572674e-01 2.284292139796441079e-01 2.424793896238785773e-01 2.287110705582135750e-01 9.495561536900509747e-02 4.319884762553592439e-01 1.884586049159611143e-01 3.736801268203252535e-01 1.603721081868921816e-01 1.791753056100908736e-01 2.464104830363823828e-02 1.154654811788350943e-01 -8.132394662314895717e-02 -1.071902577154370123e-01 -2.108579652687241068e-01 -1.881103344066356042e-01 -1.645621270268826097e-01 2.641045791813562138e-01 -1.331633992252299059e-01 -5.488016429410395164e-02 5.269990306668320690e-02 -1.193845089313348151e-01 7.284616691643687469e-02 -1.044757554584381382e-01 2.688144012452652887e-01 9.718550021232305602e-02 1.171658363102701939e-01 -4.796512514757940437e-03 -1.775631609972415925e-01 -1.428450135585008357e-02 -8.551532608462079910e-02 2.031620827986304473e-02 1.675661912722802016e-02 9.606123899893313778e-03 -1.446711215316925647e-01 -1.372933924288398111e-01 -9.302667051419279132e-02 8.193072457576208723e-03 -1.079183806126902262e-01 -4.064832845477907991e-02 1.983424601673092896e-02 -1.421194235965115293e-01 1.303532200882659975e-01 1.876685687959453452e-02 1.909320400364775960e-01 1.224560981987327102e-01 -1.023890005872860332e-01 -2.208341013327395630e-01 -1.757577751088124363e-01 1.417585087504362740e-01 -7.689637395260989772e-02
5.041902464968463921e-02 2.159035457226809174e-01 -1.469826050975731324e-01 1.222725720673111666e-02 2.382066985267192183e-01 1.745922033416128782e-01 4.817842682805559829e-01 1.000000000000000000e+00 4.414603195487925014e-01 -8.547124852552767660e-03 -1.658187397294287324e-01 7.735904639744385636e-02 -9.141351440422419705e-02 -1.946531616242134222e-01 -2.192329429672910390e-01 3.826583444101256948e-01 5.931934932630496260e-02 1.914448163415284343e-01 -8.121266501673631011e-02 -7.384468752849411566e-02 -1.019107795954511120e-01 1.197717505235362384e-01 -7.683362487181895351e-02 6.579421281822363243e-02 -8.531922765399860276e-02 7.152077821550481031e-03 -2.874312173959552297e-01 -1.580274019508754735e-01 -1.903671621117358215e-01 -1.168024477661342986e-01 -2.499031336734804185e-03 -2.900497182548184005e-01 -1.264061923466187343e-01 4.950723296813941410e-02 -9.844892245282443888e-02 8.068394522225909304e-02 -1.230711554534805741e-01 -1.684058285022494161e-01 1.758979614964153310e-02 1.964834544516493864e-01 3.218342380994999863e-02 1.809106130930851486e-01 4.170170685561818552e-02 -8.555463525864105689e-02 7.688534208339384279e-02 -3.692793384967670844e-01 -2.052495609793195119e-01 -6.537927485143343702e-03 -8.037587254436455442e-02 -3.219981142180743938e-01 9.437086687509269045e-02 2.026508828616224445e-01 8.436880122709780605e-02 2.482057429409285920e-01 3.375410490508804484e-01 6.087147108531671715e-03 5.033916274984198136e-01 3.971219008187554800e-01 -1.270250417374164109e-01 -3.574967409720011813e-02 -4.421206289260238426e-02 -1.602719627488552734e-01 -2.446799313263608444e-01 -1.095865473098706078e-01 -5.201736692518694333e-02 -1.198539697504223817e-01 1.084999632007598164e-01 2.437312439663006161e-02 1.230771895560693746e-01 2.815484274902675388e-01 5.928281482235293887e-02 1.187822478697770495e-01 1.290241853809628858e-01 1.659972748414979826e-01 5.813672272560200388e-02 -5.146028304118560603e-02 -1.094173797346102012e-01 -1.568399886445779046e-01 4.299167890740228370e-02 -1.593351381527665922e-01 1.182777341641931962e-01 1.545092395697294507e-01 2.227685120756165149e-01 4.057260120343850369e-03 -1.648927374930465595e-01 -5.780569905768504629e-02 1.114488899297367067e-02 -1.840227332314223474e-01 -4.460897626024314111e-02 -1.622584563606220553e-02 -1.670179354325783405e-01 9.727098434218552081e-02 -1.878078914195253635e-01 7.494083885062967354e-02 7.647356765416481184e-02 1.508924315841902357e-03 -2.706202783601231454e-01 -1.016704410442852008e-01 -6.449446228769938061e-02 -1.986773114564172049e-01
1.320889825904261045e-02 1.664073958462378988e-01 -2.759094438212543812e-02 -1.462954091717607041e-01 7.782040979172072381e-02 3.540292253837583614e-01 4.018681575559742702e-01 4.414603195487925014e-01 1.000000000000000000e+00 1.955403112104849572e-01 5.520773072018977240e-02 2.521536923418316589e-01 -2.575915040383782231e-02 -1.448533608831242270e-01 -1.457823586290104834e-01 3.121680279196044627e-01 2.335671502755463577e-02 2.094341905600417483e-02 -1.444752280483235785e-01 -3.855685427389150127e-02 -1.541923016750383901e-01 4.803704427237508873e-02 -1.723363493287680959e-01 8.139728509539749524e-02 1.627374618801361028e-01 1.204836291495895162e-01 -2.576452180164126582e-01 6.295447408746406015e-02 -6.915893449401401549e-02 -8.745614526181276493e-02 -1.522598540571403793e-02 -2.253233515938534159e-01 -1.801273961290780212e-01 -6.368389717431850727e-02 -1.468377733389009954e-01 3.091063670264072027e-01 1.119771378802461581e-02 -9.797271574174142017e-02 -6.865161033825765979e-02 1.690001264392426983e-01 3.031637407154250813e-02 2.285048155752574806e-01 1.412646691680989955e-02 -6.298486937505086425e-02 -1.242320582110510441e-01 -3.616461855216644428e-01 -2.826601673756507505e-01 -3.457788860695409222e-02 1.314143059965142968e-01 -1.859388009368785344e-01 1.921480745249048994e-01 2.566336421063242224e-01 4.140405614823167157e-02 3.132894947466246388e-02 4.652064510630964378e-01 2.720640796476200274e-01 3.447107415864270608e-01 4.496110980399274371e-01 1.866754751167491733e-01 1.166085147827517904e-01 1.484306793797583734e-01 1.459994694481519389e-02 -1.151703664181232684e-01 -1.893741113632603223e-01 -9.377191742011142805e-02 -1.365052244092508082e-01 1.997159303303281674e-01 9.940738564802475974e-02 2.155241865871945078e-02 1.117131443201431207e-01 -1.571601197666503552e-02 1.870814738982199688e-01 6.423673280758035280e-03 3.057572391148172808e-01 3.204809548091476779e-01 2.103406793507627826e-01 4.503198376651765256e-02 -6.204896655539622607e-02 7.508631597431932037e-02 -1.287778051992895523e-01 1.932757787251070114e-01 1.304389694948300815e-01 -1.134438278283882683e-02 -1.832573508501349757e-01 -2.372577764399514677e-01 -2.460106867109295437e-01 9.318106143521566465e-02 -2.738591241339980581e-02 4.504799337092054573e-02 1.184063854588802700e-01 -1.894946697855199313e-01 2.504869638200814541e-01 -3.509467119335693552e-02 1.375364239015069989e-01 8.945704510009104549e-02 -1.652803883192482393e-01 -3.677910538911116634e-01 -1.757763853471113469e-01 1.620150193472539579e-01 -1.347311998596440741e-01
2.326406432279851111e-02 3.238616117672786510e-02 1.700052631035465778e-01 -5.557087719020294310e-03 -6.539003091863217210e-02 1.258220324471757134e-01 1.629864803775303850e-01 -8.547124852552767660e-03 1.955403112104849572e-01 1.000000000000000000e+00 4.160164193127109389e-01 4.758332781096453745e-01 2.600670198007489775e-01 5.392835804446141634e-02 1.466577237571533611e-02 1.274924484813738379e-01 1.824355018925786220e-01 -1.391380120615274274e-01 -6.386012982101513247e-02 -2.302535220374186953e-01 -1.107640130849915361e-01 1.931593634626906641e-01 7.705365372782041825e-03 3.060879925777439392e-01 4.351677718531856698e-01 2.908118038075439560e-01 -1.950966717444770635e-03 1.750733533269130948e-01 1.428067642998497033e-01 3.716011363756535624e-02 -1.035238464603569220e-01 -1.951567818351013662e-03 -7.338063255829138654e-02 -3.009818146270385256e-02 1.137310633262587356e-01 -3.495692027415994718e-02 1.654029975384660456e-02 1.858051632755821081e-01 -2.673689576818605307e-02 2.018570955098060726e-01 4.771861837053381628e-02 9.932308397466965699e-02 1.636657591359278185e-01 3.380501221767905767e-02 -1.503696239372647458e-01 -9.711089920943671849e-02 -1.602150042276273834e-01 3.166980797239313944e-02 9.361856250742421615e-02 -8.108970550737353011e-02 1.704511439184925037e-01 1.839609433914724534e-01 1.056476103270429789e-01 -7.091448259706414903e-02 7.959077913930917569e-02 2.336041322640461104e-01 1.072480162556840692e-02 1.517323516524740623e-01 5.122168759837605334e-01 3.182025146163792728e-01 4.539532003115250847e-01 2.596047716544139239e-01 1.343584617385183699e-01 -6.296966782886918856e-02 -2.816419181733866364e-02 2.541864344305712689e-02 2.038473923722781619e-02 1.300923559648470007e-01 -8.644023794127535243e-03 -8.924789483064178575e-02 -8.260898203860651823e-02 1.847620593925659027e-01 1.728063129050138799e-02 2.647470850445651225e-01 4.523637826087399949e-01 4.800393739432162743e-01 1.201080154554846763e-01 1.709049194126304461e-01 -9.144111044770597552e-02 3.965453330452317626e-02 1.550226181217232435e-01 1.936927877302189191e-04 -9.139452445937373826e-02 -3.443862694715774803e-02 -1.084939467042038419e-01 -6.126232939274773442e-02 5.438209681215535468e-02 1.317003485738506285e-01 7.627295797755459517e-02 1.727177094231258092e-01 7.180246377255990187e-02 2.320108193621676362e-01 3.258261289777959480e-01 1.493984083011336839e-01 2.008635315308927860e-01 -1.058597961629372253e-01 -1.546540819632015451e-01 -6.537661559867566363e-02 1.748887412522077134e-01 1.096881894671022581e-02
9.397510595814820289e-02 -6.318307805640594604e-03 1.400188548961799062e-01 -1.217862319813130673e-01 -1.250208067469713857e-01 8.944007428760475387e-02 1.364949099235258922e-01 -1.658187397294287324e-01 5.520773072018977240e-02 4.160164193127109389e-01 1.000000000000000000e+00 5.430209573619123598e-01 3.645065214652810082e-01 6.790802441231182096e-02 8.401341329958697535e-02 -5.364965056354274731e-02 9.179939371327958120e-02 -2.668337861493211283e-01 -3.762376701208607760e-02 -2.873106459649991673e-01 -9.907787000791395959e-02 1.066712518424523942e-01 1.340840018859004029e-02 4.667534897626270940e-01 3.481877543942960007e-01 5.267195465358004425e-01 3.125436633752159271e-02 1.161166185641228504e-01 2.379443550572536148e-01 1.290140625022280219e-01 -1.122132374746390437e-01 8.455191777362351668e-02 -1.435991538236895682e-01 -3.193732120496953208e-02 1.963327163475955539e-01 -1.824459608471174291e-02 1.031735703400867010e-01 6.009553248758533334e-02 -5.652012078447617854e-02 1.629885531205520488e-01 2.634732270573967305e-01 1.464082603509513358e-01 1.736570863035389045e-01 2.845156228481467500e-02 -2.599293510090405213e-01 -1.570587364847404049e-02 -1.079171179969334732e-01 -2.524603228649472536e-02 7.337681386739008937e-02 4.454440895879988732e-02 2.751235025769377396e-01 8.101798867851879582e-02 1.447985084028938045e-02 -2.515554126058049955e-01 6.563137572779968731e-02 3.029362603989727010e-01 -1.946324153090344122e-01 -2.144767321093844423e-02 5.267253005799028553e-01 4.782639990769428917e-01 4.225515446734057212e-01 2.794485705121740327e-01 2.101788083508660809e-01 -8.229406121729211654e-02 -1.574273635033266450e-01 2.460653254822002534e-02 -2.811622814576229985e-03 -5.428644574574446879e-02 -1.672520087941193612e-01 -2.334865960258833695e-01 -1.919533009536691648e-01 1.476026288560003397e-01 -9.766734311261719703e-02 1.549044492367401826e-01 3.135970914993044256e-01 4.615207877124928304e-01 1.311213547140096802e-01 1.685074719836437973e-01 -1.537209660310533410e-01 1.074361986433023247e-01 6.392365009201410320e-02 -8.387325381442620187e-02 -2.772123906885625155e-01 -5.694603634616332566e-02 -1.571984975622903874e-02 -1.081574843775658379e-01 -2.362412462842630040e-02 2.211870621815506255e-01 8.007863276424755095e-02 1.515709399924672351e-01 7.971068397564499974e-03 2.189757980291849593e-01 3.510051953411691961e-01 1.948221054227226579e-01 2.284843832107459338e-01 -8.624973923691722777e-02 -4.885833358905512791e-02 -1.397327392214430253e-01 1.224320393370761234e-01 2.913747511627842388e-02
1.971221143973013457e-01 1.450385245282587166e-02 2.694774138658078549e-02 2.230003047508510167e-02 6.315053246342082743e-04 1.763980806585495054e-01 2.432830535446779407e-01 7.735904639744385636e-02 2.521536923418316589e-01 4.758332781096453745e-01 5.430209573619123598e-01 1.000000000000000000e+00 2.237453984262636753e-01 5.141841032586656757e-02 9.020411327973391902e-02 1.532667190621494202e-01 1.155504585324790001e-01 -2.010868414331480614e-01 -1.614088169069454737e-01 -3.171060218431314692e-01 -8.215431557380033223e-02 1.837553809514136105e-01 9.552450246628010899e-02 5.188913838268757184e-01 3.012897439125771792e-01 6.304127335908464858e-01 2.247273497273649320e-02 5.782234694477744741e-02 1.791704616837477004e-01 2.078122366691115552e-01 -2.834936018867454388e-01 4.330054970357869598e-02 -1.277450419743673682e-01 -8.773984046119778432e-03 1.240316817859363485e-01 -7.770060364628472716e-02 8.790818782582277002e-02 2.448641059502732267e-02 -1.911960204259713358e-01 2.655204908323796631e-01 1.699199635682419607e-01 2.116973059211452179e-01 7.246428660212288209e-02 7.302941917155926152e-03 -1.875442809145230760e-01 -8.652081182637370860e-02 -1.725425172956442099e-01 6.705341608159332001e-02 7.665685663772352221e-02 -1.534817700501867610e-01 3.468921223509461860e-01 1.643928591842774567e-01 -7.574729413870345818e-02 -8.350414491188178079e-02 2.465896136102833647e-01 3.261528023434435708e-01 -1.732361216565120043e-01 1.919605673760158351e-02 3.611863621107225253e-01 4.682886428802833234e-01 5.154612792396648935e-01 1.227872733830515095e-01 -1.102855951428654765e-02 -2.249092858909585713e-01 -1.344853088626631332e-01 4.590043073874570945e-02 -2.291810336251465796e-01 -6.991476211537528407e-02 -7.734549176657448677e-02 -2.575948842764738123e-01 -1.041909420397901659e-01 2.667699727603613513e-01 8.127960215908684727e-02 1.735858360523654109e-01 3.658156281539209354e-01 5.433450074922436812e-01 1.047935833511893650e-01 2.204197457941462768e-01 -3.643899256112809737e-01 1.304487713271633154e-01 5.802376867646052289e-02 -1.884822859869912381e-01 -1.396010320418307193e-01 1.205234537993514626e-01 -3.331774980847514861e-02 -2.218815129443845596e-02 8.104652064722761562e-02 1.924921483263379862e-01 3.946709087216590528e-02 -2.161243591484255516e-02 -1.723022882353707486e-01 3.082659769597640986e-01 1.521722344368645896e-01 7.058064056792080765e-02 1.871565494319508971e-01 -1.486775254956894943e-01 -8.990701522547767111e-02 -3.018301094606168355e-02 1.787405038194871676e-01 -7.140640368546170846e-02
8.119758539457454238e-02 1.951253950854499875e-01 3.656442921176418226e-01 -1.596604468510508246e-01 -1.929244213960562560e-01 1.005081793000713181e-01 8.351997589842430347e-02 -9.141351440422419705e-02 -2.575915040383782231e-02 2.600670198007489775e-01 3.645065214652810082e-01 2.237453984262636753e-01 1.000000000000000000e+00 1.989793651645667127e-01 -1.068793857639296560e-02 5.423333006912230136e-02 3.986982444066403675e-01 8.073745425971086409e-02 2.498124922524506963e-01 -4.195003844506307172e-02 -1.102470351306951146e-01 3.416042989071800262e-01 4.155822570031687813e-02 2.616658162953389710e-01 2.688190896184344814e-01 1.514106356257795272e-01 -1.040275774775004658e-01 1.480606159091647500e-01 7.821588170512211446e-02 -1.603489433951916024e-02 7.614414431359721458e-02 7.396424624233789713e-02 8.265220673864945300e-02 1.804008452495845238e-01 2.932297818545269164e-01 5.582800046526100596e-02 -3.084542210083153838e-02 2.305973528604369216e-01 2.516780720666444982e-02 3.898667556956125768e-02 3.173859004957484964e-01 8.657579945686001699e-02 2.748380015265046716e-01 6.204632709442568089e-02 -1.793101579692973901e-01 -1.446738494313652874e-02 5.537136397959695200e-02 1.001298673287780994e-01 1.939316704842164729e-01 1.899398516369055490e-01 7.788490789008507831e-02 1.311785083433899546e-01 1.071410361968833658e-01 -3.135088955525001664e-01 -7.662223016211054671e-02 1.821414245293530298e-01 -1.300318349389694914e-02 1.191606713630029846e-01 2.967950333567567767e-01 1.972902228316695539e-01 1.592892114947401239e-01 4.632830893226286828e-01 2.729713473237321830e-01 1.179242866148010327e-01 -4.775380332736740147e-02 -1.015840951913379126e-03 5.138017546015177794e-02 1.494294304490982606e-01 3.613883041856038453e-02 1.047174448277386760e-01 -1.458355823670469398e-01 1.073930548832693482e-01 5.101321722841886848e-03 1.324940708860923577e-01 1.735802672647328571e-01 2.031988556876251628e-01 2.796048150684729561e-02 9.810153437502791562e-02 2.803157567486439655e-02 8.384134236573114948e-03 1.895512688895738609e-02 4.936665858105113852e-02 -2.399579956627191923e-01 -2.067842923684142797e-01 -1.916878512583865823e-01 -1.427557735794652005e-01 -1.211910273303752200e-01 1.276060688649377495e-01 1.511827464133955468e-01 1.788109570347446442e-01 1.571999772767916914e-01 5.518897675300317440e-02 1.344364150523783275e-01 1.899065232997136088e-01 5.385850675756392869e-02 -4.206214877820053238e-02 -2.202842613215660328e-01 -8.381794792360360014e-02 1.255063610165574328e-01 1.198894322059428363e-01
-3.308008468551295461e-02 -1.294718589167556666e-01 -1.155525571055474390e-02 1.093386870097358687e-01 -1.199305842461277083e-01 -1.387969737878057552e-01 -2.247377374152974283e-01 -1.946531616242134222e-01 -1.448533608831242270e-01 5.392835804446141634e-02 6.790802441231182096e-02 5.141841032586656757e-02 1.989793651645667127e-01 1.000000000000000000e+00 6.656329471088988647e-01 -4.050497458473070744e-01 -1.254115950874802599e-01 2.789952289165646415e-01 4.707607438412550471e-01 3.258085653373818391e-01 6.301687277122013375e-01 -1.738639596082409422e-01 6.388673901722323745e-01 -1.034938828723046822e-01 -1.586985520750745504e-01 1.086974440419200549e-01 1.937518803230714737e-01 -4.668700258715455936e-02 4.620862564611807888e-01 5.965163374307969057e-01 -1.037133907439933972e-01 3.162805319264350712e-01 3.470556262955644400e-02 3.301511738519382066e-01 -1.056688760421052309e-01 -5.884399326045398892e-02 5.237513581798136642e-02 -5.294027230145376128e-02 1.064286225791198680e-03 -3.857405858504841384e-02 -3.982984372342673191e-02 -1.668801813896746422e-01 -1.004518646768936957e-01 1.797509015321042611e-02 2.929384372188585384e-01 2.933199334356728638e-01 3.551965225270443671e-01 1.724974835449884225e-01 -3.868085995801431864e-02 1.143811165137276625e-01 -2.201102884143712746e-01 -9.930544301650399974e-02 -8.147904338953253223e-02 1.543386927427691131e-02 -2.382183730641226904e-01 1.141699134558523260e-01 -2.091998254062565898e-01 -1.283020184736177460e-01 -2.374724859193130463e-02 1.835493229005747406e-01 1.391233542631527265e-01 2.429346782849947373e-01 3.276733780157475295e-01 5.675356211448775445e-01 5.770094782092548558e-01 6.560127435007185870e-01 -6.885659468846916376e-02 2.336589633014669043e-01 2.527635905554719287e-01 5.752031470998664880e-02 5.492954924470709877e-01 6.691173558187435422e-02 4.948780644784296356e-01 -1.538833544408754576e-02 -2.081974127438971853e-02 -1.990254295359670383e-02 4.479024443387219501e-01 5.277307877834356287e-01 -9.931127768400413447e-02 2.290476197953464632e-01 -1.000377867783906576e-02 -7.915253462024871012e-02 1.174048311502040171e-01 1.600740704473992970e-01 -3.733601649512993670e-02 2.354299139509521410e-01 2.201932146781459543e-01 -3.789332152503586265e-02 2.256651619213616844e-01 -7.029207116908138542e-02 4.815833618463296467e-03 -1.470603027098697502e-01 8.431600453674295559e-02 -1.513864510839934840e-01 -1.340313859707161215e-01 1.835283833691765398e-01 1.707349095877749579e-01 3.931941582637368260e-01 7.302698010673201734e-02 1.970264164473632951e-01
-1.305434072827102998e-01 -3.042067217966447079e-01 -2.276425141208549829e-01 2.102648271961661819e-01 -5.664691678288327065e-02 -1.953935213756377853e-01 -1.620697352640078637e-01 -2.192329429672910390e-01 -1.457823586290104834e-01 1.466577237571533611e-02 8.401341329958697535e-02 9.020411327973391902e-02 -1.068793857639296560e-02 6.656329471088988647e-01 1.000000000000000000e+00 -4.694988690687851851e-01 -3.167907402870590028e-01 1.949504442406796989e-01 2.808149634114147641e-01 2.959658855444305403e-01 7.299481994983854083e-01 -3.059404571507487458e-01 6.827212791436120254e-01 -9.467130202982408649e-02 -1.892431981205277836e-01 1.826658800476693711e-01 3.784584101302990167e-01 -6.178028361874619151e-02 5.115378945707542702e-01 7.543386805132934469e-01 -1.064883651145710625e-01 3.686831739729593549e-01 7.538677432216031593e-02 1.956329598421370219e-01 -2.530024462147539843e-01 -9.971863479526733853e-02 1.493138663009069278e-01 -1.485246954872961878e-01 -2.134977025096685896e-02 5.659191252729653399e-02 -1.752559745087693965e-01 -7.934477602480555225e-02 -2.319661992333986733e-01 2.259683346042743596e-02 3.396690260258810046e-01 4.107307779473856613e-01 3.141758608740968794e-01 1.950547239473454653e-01 -1.243840601364549492e-01 3.285742798586066115e-03 -2.386483761305362161e-01 -1.625974989614288047e-01 -3.624260949053287328e-02 1.719461634037090514e-01 -1.482285669679042905e-01 4.552151884356329947e-02 -2.020878209268222592e-01 -2.854026710219099150e-01 -7.023843244956955167e-02 1.873511790498464114e-01 1.753641725094065573e-01 1.530366204600593916e-01 2.881800244852217863e-01 4.628819391458424692e-01 6.159835711680647918e-01 8.135088326003795389e-01 -8.222719327091834729e-02 1.228320703599348335e-01 1.597321357363197802e-01 -1.196542919827918577e-01 6.328211036543154311e-01 3.544552750468029506e-02 5.375129783320211629e-01 -4.919157875646997663e-02 -3.877360107844561588e-02 -3.270568467558407355e-02 5.263667326813171732e-01 6.165960721996133209e-01 -1.501521531732739612e-01 2.953365108539811046e-01 -4.041271215632818298e-02 -2.291333124497565987e-01 1.244729039530661219e-01 2.642809022582511269e-01 1.175378040746674624e-01 3.291991517381148147e-01 3.419365862062136441e-01 -4.003085611059101906e-02 1.275486313617183731e-01 -1.908662689915918975e-01 -2.366296413004400495e-02 -2.486359148957225096e-01 -1.967238098865350428e-03 -1.875273556041431866e-01 -1.854357328941512173e-01 2.031990972648999583e-01 3.797340577697171926e-01 4.712238422181116437e-01 4.256766707235684621e-02 1.225693941065338355e-01
