1.000000000000000000e+00 3.360413107203426564e-01 -1.884640513065604095e-01 3.923594715095425345e-01 1.882997158280328709e-01 -9.323540806572707881e-03 1.178894862793362641e-01 1.881597546532031429e-01 2.372575533711455964e-02 -9.290855829518408771e-02 -2.410744998804854322e-01 -2.276919689130899038e-01 -8.667981750896155968e-02 -1.354214273979175709e-01 -6.217106879266259128e-02 4.143407620154432314e-01 -1.949420438628479135e-01 -4.144918042965740207e-02 -9.531172687927573495e-02 8.844249838408983766e-02 -2.734010158936994467e-03 -1.388657995783819932e-01 -2.437669547063048975e-02 -3.416005961093397381e-01 1.093609716282555044e-01 -2.454281871341687238e-01 -3.723078761630895656e-02 1.313793501598273065e-02 6.608262334577456876e-02 -1.162391810658928472e-02 -8.322041764791032747e-02 3.532538961580102832e-01 4.585398164572598856e-01 4.136945619409738983e-02 -1.136542107553214220e-01 9.166831269754316391e-04 4.171992736678040159e-02 2.244213785597549693e-01 1.442379710756357958e-01 -1.715758279103364037e-01 -4.696798666364836866e-02 -9.954695600769122854e-02 -1.696071715533014612e-01 2.138703929984903107e-01 -2.955247048719358491e-02 4.202365416355349770e-02 1.274765009602048249e-01 3.173084169163119944e-02 3.151386330489651666e-01 2.552756241260517034e-01 6.576372297458775718e-01 -1.156546167242595430e-01 7.857209068904043303e-02 2.584179096490997196e-01 -2.558782322913364382e-01 2.234155613844516219e-01 4.389756710957914976e-02 -5.289861730737178101e-03 -4.464689409804743769e-02 8.814468012853814149e-02 8.303353569823361535e-02 -6.928344804882037578e-02 2.019623245285130306e-02 -1.303789264702536477e-01 -1.421077597561836159e-01 -5.539081334077879115e-02 -4.840156841654137676e-02 -1.567455132665045991e-01 2.622473835588980812e-02 6.898144080038969006e-02 -2.606604276865229913e-02 -3.257533941828506113e-02 -6.882549455806000194e-02 -4.192541990897905718e-02 -1.224019583662890182e-01 1.670318012676572927e-01 -3.518079592190492821e-02 -2.010067132413349278e-01 -1.772943308207460822e-01 3.039969143010227692e-01 -9.197717654358966710e-02 1.127942924601060826e-01 6.886195499535356646e-02 -9.873555836796309160e-02 -5.953832207245801644e-02 1.847459953251151532e-02 1.608446141349749448e-01 -3.862316253175620412e-02 3.891865765057249404e-02 -8.576005452552309949e-02 2.662060472591573079e-01 1.653494737068892106e-01 -2.027625663880186155e-02 2.739318245383388639e-01 4.409511764520341465e-02 2.002828481191648302e-01 -1.336370140337543241e-02 6.186178873540479350e-02 4.422334015089697257e-01 3.259683973561988690e-01
3.360413107203426564e-01 1.000000000000000000e+00 3.217242528736853902e-01 2.483378875867019164e-01 4.309776629386259383e-01 2.565091959289872992e-01 3.499461525292095199e-01 2.957975733915074734e-01 2.746595902127946243e-01 5.977169403482106985e-02 -1.564727442108667099e-01 -1.746923875675771565e-01 -8.085231562656373938e-02 -1.257030916675492549e-01 -1.873398114193222386e-01 2.673520192630440273e-01 -1.738090416039859976e-01 4.468177533709519894e-02 -8.365698732241336200e-02 -9.212792915593044640e-02 -9.119221506474348149e-02 -1.717928232713516745e-01 -1.638523250453060021e-01 -2.359686517563637509e-01 1.196128520511720306e-01 -2.761078046952112341e-01 5.396230215155823837e-03 -1.302107639723499959e-02 -1.785044692142359266e-02 -1.009426701201767834e-01 -4.385428361149018572e-02 2.605110174838512482e-01 2.306732544622090431e-01 5.487778315599105977e-02 -7.253491724455037037e-02 6.926654338407090515e-03 -1.086261967744636681e-01 2.024400931319707553e-01 1.417285336371844617e-01 -2.065380521427424010e-01 -9.756806679568097440e-02 -8.867958910140551210e-02 -3.368306951158672735e-02 -3.283560627963836437e-02 -2.013863118518552653e-01 -7.094424507210227160e-02 -8.277278151930558825e-02 -8.140598734810484960e-02 1.142919707550713038e-01 3.905301074757203117e-02 4.127395238692708745e-01 4.922314420987887740e-01 4.331462268444930541e-01 3.436978424155530121e-01 2.301496870931950267e-01 2.684940108481185250e-01 3.978964540827359397e-01 3.131755172473188464e-01 8.649630327530732909e-02 -1.467120730125328343e-01 -8.960754696478849535e-02 -9.371362582150154219e-02 -1.555131683132954523e-01 -1.631866450718072459e-01 -1.773563289489553663e-01 -2.236346636654636955e-01 -2.539689153993546569e-02 -1.556362317565108677e-01 -6.575672059351327092e-02 1.365209480034940137e-01 -1.094091389206563181e-01 -1.639075574555190484e-01 -2.010047852322954798e-01 -1.640517383757350289e-01 -1.639744568630072952e-01 -5.254400847035098354e-02 -8.361034939659653387e-02 -1.891543161313014865e-01 8.794090797124121117e-02 1.927326977581026446e-01 -2.343409794340419461e-01 1.174393756936580914e-02 -6.516710892780157305e-02 -1.560832414437664795e-01 -8.416433563490136049e-02 -2.135471903374047131e-01 -9.392695837861629593e-02 -2.311193619434214613e-02 -1.290083820763180400e-01 -1.923257006405178215e-01 3.169673208069015424e-01 1.891165189777336553e-01 -1.850212348811351160e-01 -6.343749683775902481e-02 1.344120677613314802e-02 -6.532319143691611707e-02 -1.468372213364330381e-01 -1.472180110420459598e-01 1.216617578661593341e-01 6.790794810915276591e-02
-1.884640513065604095e-01 3.217242528736853902e-01 1.000000000000000000e+00 -5.119481316568780249e-01 -8.081200819312091277e-02 6.845756924993503523e-01 1.991546783009467414e-01 2.496830333352568002e-02 2.321063428134557405e-01 -2.614723570015528922e-03 1.586051827120001090e-01 1.223292250128616282e-01 3.776712904508024993e-01 1.846582109875126998e-01 1.199571484471885496e-01 -2.660711329366401423e-01 3.561634108164633550e-01 1.933915282515295819e-01 3.541910822991078955e-01 8.375218374343458561e-02 2.540242362575771962e-01 3.449467205115066548e-01 3.967063832609644264e-02 9.644570977907923615e-02 -6.041962439463927081e-02 -9.850575709294430785e-03 2.020735226016870389e-01 2.271791869210176840e-01 2.769271778111257465e-01 1.348666937143120151e-02 8.878289607905191783e-02 -2.277637368203930257e-01 -4.315467935364326046e-01 3.193533145703164045e-01 2.349139938435689523e-01 4.799476855890179305e-02 1.734299273607274317e-01 -2.067253131949055023e-01 -2.531399960745384647e-01 -2.089024761356144955e-01 -1.583106066595783151e-02 4.146975782546968164e-02 3.497213080334817814e-01 -1.294722599535986229e-01 -9.154765869363028219e-02 1.273203082571255362e-01 1.026683184293318563e-02 8.539016579406694119e-02 2.938850064756973191e-01 1.327027236311226766e-01 -6.134025481126619689e-02 7.040812192662786462e-01 2.689307172673448543e-01 -3.613701211197263841e-01 8.077603733290029675e-01 6.500879830551650196e-01 2.847924444268402078e-01 3.331232013541047809e-01 -1.079161502109832367e-02 -1.581863691081226708e-01 -1.960885899189462045e-01 2.065001887945013548e-01 1.380554990778765367e-01 1.104588460255422760e-01 1.165713087720792740e-01 5.350088905665547484e-02 -2.781372679916601373e-04 2.196376898731987326e-01 3.205431194645646520e-01 1.615269745547027735e-01 2.492035559338856843e-01 1.650744313537101660e-01 -1.206177062342306434e-02 -2.651121185135533187e-01 2.605492018552568734e-01 -6.517500207958949743e-02 1.962311576961366655e-01 3.241839337040734736e-02 2.373343443341713876e-01 -2.783773996632781800e-01 2.245937864216950575e-01 1.235483913946273937e-01 8.179871645461443685e-02 1.578195953480721059e-01 1.279205986104267057e-01 -1.598338163150078706e-02 2.130438642897653292e-02 1.936716845127479936e-01 2.969687293563791353e-02 1.703323284494528689e-01 -1.453177581092513215e-01 1.167366687784320151e-01 -2.866048069140093579e-01 -2.003987154465134146e-01 -2.147519106573998193e-01 -2.435096158226964236e-01 1.195877168755189179e-01 -2.620229842994623373e-02 1.613350683472452030e-01 6.082448138206387328e-02
3.923594715095425345e-01 2.483378875867019164e-01 -5.119481316568780249e-01 1.000000000000000000e+00 6.363214841067176275e-01 -2.935207086230697260e-01 1.128201063046027769e-01 3.988702623541680037e-01 3.797158232514829396e-02 -2.149869774206975837e-01 -2.480059345451514630e-01 -2.340987386999448805e-01 -2.845804366322898238e-01 -2.226173110344324413e-01 -7.755025057889111673e-02 5.000981358888710870e-01 -4.295274395519761979e-01 1.332074928960276516e-01 -3.562529178719511247e-01 -2.600312951197635350e-02 -1.885659070585343766e-01 -3.952707767050595011e-01 -6.212897256493075254e-02 -1.083274476678907777e-01 -2.192962061948313668e-01 -8.080619900695028279e-02 -2.061147062506413774e-01 -2.266252088562462075e-01 -2.402035651829127483e-01 1.320785243478026470e-02 -2.604808949876740165e-01 1.196869979837090897e-01 7.016592199400358831e-01 -2.115248731631477475e-01 -2.500104859500638654e-01 8.031355251140562257e-02 -1.267705912757139397e-01 1.593020647636609333e-01 4.470829468873470658e-01 7.999998793377274819e-02 8.706213535518356195e-02 -2.371462529756950821e-01 -2.962853058878269219e-01 5.481304542183935286e-02 4.450406750321173749e-02 -1.966179838003917490e-01 6.802459323272559699e-02 -2.301466515584286721e-01 -1.245711368418005865e-01 -2.809280308250480807e-02 1.442384324073495150e-01 -4.234529895207594929e-01 1.033708078063360347e-01 7.673511411510642866e-01 -4.579667433198156279e-01 -3.266179576467997392e-01 -3.144900485136577911e-02 5.044391096455672768e-02 -2.604870700628528768e-01 5.166833547818445310e-02 1.009246495843353075e-01 -1.911128766234115595e-01 -1.598693065942710934e-01 -1.902538165365227352e-01 -1.487182833628047374e-01 -2.984618816750430476e-02 -1.237634455144098894e-01 -3.719863019747476351e-01 -2.897899523687469947e-01 3.101068565240262462e-02 -2.302564017994811196e-01 -2.845506403928502182e-01 -7.413560877547670236e-02 1.703462755053541389e-01 -4.427895950038182038e-01 -1.530487370095009458e-01 -2.793057278293155643e-01 -1.291477670393209320e-01 -3.810170343223166500e-01 2.531621862388178101e-01 -3.555998096866768710e-01 -1.079233080926097627e-01 -6.326810394432579032e-02 -2.656241287400327722e-01 -2.135687695240046646e-01 -5.379402267103318425e-02 7.638148663070339073e-03 -1.912542077874789248e-01 3.678135862614331786e-02 -3.330941533488115391e-01 2.407825681002176144e-01 -3.515779027060539352e-01 1.454560161633957904e-01 2.136732297501083705e-02 2.608035540702327570e-01 1.677888343104678714e-01 -3.142223656041555624e-01 -1.468222949724996840e-01 2.867793823481453938e-02 -3.640535412995923783e-03
1.882997158280328709e-01 4.309776629386259383e-01 -8.081200819312091277e-02 6.363214841067176275e-01 1.000000000000000000e+00 1.703184427815672419e-01 2.070525419760257113e-01 5.175047331456882338e-01 3.897407978588530164e-01 -1.799757265301669962e-01 -2.402833428736888821e-01 -2.329383530408443426e-01 -1.358089039455573355e-01 -1.505360067106331634e-01 -1.192935563728025616e-01 2.500529439245399721e-01 -2.896803572388076953e-01 1.840503138485986567e-01 -1.981735046929286592e-01 -1.701383584325873166e-03 -1.051462800107453577e-01 -2.383449475419703312e-01 -6.195698848991768731e-02 -1.187977019005623941e-01 -1.215148677156630552e-01 -1.068347482055750919e-01 -6.323880711491264295e-02 -3.981340429762947331e-02 -1.751961416730276611e-01 2.217727492322860844e-02 -2.512635987210550814e-01 -1.308774785523770384e-02 4.503487614245337278e-01 -3.670391888200021796e-02 -8.250228878244056374e-02 1.951187085757822293e-01 -9.237149112694716113e-02 8.225317008860147383e-02 4.060728575405276874e-01 8.321766504742195147e-02 1.429544694850428954e-01 -8.981915689277725212e-02 -7.897373608175778381e-02 5.198318837935190584e-04 -9.653208900174903295e-02 -9.436242591569510285e-02 9.782913909986629131e-02 -1.038993769359209535e-01 5.715737999517163381e-02 4.454721322622417351e-02 5.386702832283114806e-02 2.189474385921832966e-02 2.093746617251822373e-01 6.081580713051877307e-01 1.358149895130688831e-02 4.579844944567290632e-02 1.067100997404964724e-01 3.439300711987889336e-01 -1.899577958052013071e-01 -3.464304156313283145e-02 -4.002721675875722807e-02 -1.393055273766428681e-01 -7.631453966180072601e-02 -1.555175336598043079e-01 -1.235074977816823516e-01 -7.842910200107279517e-02 -6.727363181980529350e-02 -2.538827956756435356e-01 -1.469517476866383787e-01 1.077897495532096350e-01 -1.679420628799046522e-01 -2.099254001507468437e-01 -3.789372267163891583e-02 4.868636484496553785e-02 -4.133020294341672729e-01 -1.715476364086836181e-01 -2.184158695392801053e-01 -7.375642952264878371e-02 -2.233676594078779221e-01 4.068161401552006229e-02 -3.017710862117794490e-01 -1.361438396680045293e-02 -6.741029927393037136e-02 -1.783437024976456953e-01 -1.586348211172866063e-01 -3.671044782100102433e-02 -6.675007414998478106e-02 -8.700390816402840677e-02 2.185402508468009541e-02 -2.782210499480162746e-01 9.450837627501673666e-02 -2.333003011266958637e-01 -4.247897561931755078e-02 3.754479620265562673e-02 1.366035623835717139e-01 -9.051370612925756232e-02 -2.237796161154179675e-01 -9.873965859969413561e-02 1.059437771449655424e-01 6.563551240657937089e-03
-9.323540806572707881e-03 2.565091959289872992e-01 6.845756924993503523e-01 -2.935207086230697260e-01 1.703184427815672419e-01 1.000000000000000000e+00 2.789004008169423954e-01 2.810157027697354204e-01 5.955937269141543533e-01 -8.465061145638172815e-03 4.264973060535792726e-02 8.778879573517550661e-02 3.300790920257904437e-01 1.974456930968921109e-01 1.281156750983688808e-01 -1.410566972256520335e-01 2.547988241206635696e-01 2.224236365719225450e-01 3.330628529112724112e-01 2.098254741143604774e-01 3.051590713055042370e-01 2.729563092547979686e-01 9.392873014549581179e-02 2.297621617708099986e-02 -4.880637104720688887e-03 4.193807788724270014e-02 3.217904351491737147e-01 3.141946151263173559e-01 3.054263285092957969e-01 6.623639250434895653e-02 4.263126888340157405e-02 -2.703766907529601693e-01 -1.613800300491080308e-01 3.164065823530537447e-01 2.548434409754807284e-01 2.273921491965528452e-01 2.022146393193070268e-01 -1.099189082785516219e-01 -6.396158235823246052e-02 -8.312211304935754330e-02 7.741554660701134571e-02 8.109793398826030397e-02 3.670850448849583003e-01 2.766341099895594513e-02 -9.146653905159278508e-02 2.043626126566069623e-01 1.250006607273789205e-01 1.973160422181608753e-01 5.230612207033256134e-01 2.895945120927044814e-01 5.852204668597703330e-02 5.643493600697558898e-01 2.560084639675797025e-01 -2.826386181063609282e-01 7.878867651275521800e-01 7.850683380984989634e-01 2.169111433654175580e-01 5.058866649893902778e-01 -2.270069009549347677e-02 -8.905941428690902772e-02 -1.839341825547280707e-01 1.090814232770270648e-01 2.673222571860473518e-01 1.012939937047941663e-01 1.095735227127889039e-01 9.096319187803725281e-02 9.992003307231206444e-02 1.638618597069342875e-01 3.510413002617736589e-01 1.570818191994911017e-01 2.725500061536660912e-01 1.808080354919563981e-01 8.629928374747489195e-02 -1.687856169843736931e-01 1.009219011737029909e-01 3.609138564140284416e-02 2.336811080451659528e-01 6.561540629664826263e-02 1.846129877753717730e-01 -2.511577083108720854e-01 1.885808937043263467e-01 2.374437540328905583e-01 4.090779669159130133e-02 1.892810717375191798e-01 2.094611453758114805e-01 1.023479008712098737e-01 1.052363064678955018e-01 2.381586242768815309e-01 1.674266692436081894e-01 1.341491557968339521e-01 -6.283680026006802088e-02 1.156029662697006244e-01 -2.274355893671349826e-01 -1.364369238340034382e-03 -1.753662144337330142e-01 -8.780399336199343208e-02 2.030441537381796335e-01 1.451259479540850938e-01 3.675128527761174491e-01 2.485595746438624687e-01
1.178894862793362641e-01 3.499461525292095199e-01 1.991546783009467414e-01 1.128201063046027769e-01 2.070525419760257113e-01 2.789004008169423954e-01 1.000000000000000000e+00 4.711304183493617570e-01 4.315042050957466624e-01 1.476639400340817310e-01 -1.165741116567453606e-01 4.851185734797235083e-02 1.852137368356389716e-02 1.528843249764533507e-01 1.967147618474499315e-01 3.586901278695142081e-01 1.222564738416068303e-01 3.464792114963862191e-01 1.530516749529690079e-01 1.663795785226717394e-01 1.840553114336239138e-01 8.478897918865963002e-02 1.995833253639496818e-01 8.269035295327144264e-02 1.696945220628301720e-01 -1.072581284291735521e-01 -3.535642458859005605e-02 -1.169913342710624526e-01 2.966232161008378054e-01 1.045934222131029434e-01 2.430492407810488920e-01 6.762794081447368044e-02 1.673149571713188066e-01 2.716717161284136761e-01 6.054668009242633597e-02 1.328218160690852190e-01 8.913385277791217864e-02 7.189737176558229359e-02 9.952850795765416647e-02 2.943159571027479382e-01 4.118935615500932124e-02 -1.248449617353832863e-01 4.886183404202747160e-02 -1.449129908209609019e-01 4.507285405262150685e-02 -7.558663964824492709e-02 8.857714559354207262e-02 1.104420051651080620e-01 1.703150747336607818e-01 3.852555455638510817e-02 1.776635478719947869e-01 2.468910730786139374e-01 4.580660582793650293e-01 4.486896810294421778e-02 1.712847622255952162e-01 2.800440056874851091e-01 5.249129642599590362e-01 5.253476419206821735e-01 3.655862818592772040e-02 -4.403221938615045628e-03 -5.552862888248075168e-02 1.194977140817795463e-02 1.068520358138250886e-01 1.352835463065530652e-01 1.234817290156022956e-01 1.386160918494067085e-01 3.109656234845471490e-01 9.401791533632011810e-02 2.165856301902247261e-01 3.757861333169423834e-01 2.077056767817051230e-01 1.446145214251977340e-01 2.099959019288817619e-01 6.999828010429000151e-03 -7.355230352081082966e-03 4.351005465005097078e-02 1.991540728526821902e-01 8.695947534359457776e-02 1.714156214482575324e-01 -1.479810661334214281e-02 1.276244024087001827e-01 2.272122452215948329e-01 9.595641294673199276e-03 1.027586592209851629e-01 4.538968051345221993e-02 1.257482780286511836e-01 1.128967144002561152e-01 -2.359940361297493683e-01 9.158361323959597622e-02 -5.863830716247919739e-02 2.501981345159590489e-02 1.724563769974459260e-01 5.493596352256010368e-02 -1.052530375496464332e-01 -1.580195988556705178e-01 -1.367875611462079366e-01 -1.107411244169879440e-02 3.018551230593775545e-02 1.347486625999828880e-01 8.729011692397604938e-02
1.881597546532031429e-01 2.957975733915074734e-01 2.496830333352568002e-02 3.988702623541680037e-01 5.175047331456882338e-01 2.810157027697354204e-01 4.711304183493617570e-01 1.000000000000000000e+00 5.871973328189941110e-01 1.552862208800998532e-02 -1.338957717826404492e-01 4.352123517707728179e-02 -2.413131705108191236e-02 7.950405568120326449e-02 1.399144969566207541e-01 3.739421134057928642e-01 -8.589287929528413579e-02 3.285222618027494046e-01 4.467444457250699386e-02 7.761997227657797642e-03 1.423749506588370406e-01 -5.815692303461243717e-02 1.671654041958510473e-01 -4.676117299791358178e-02 5.034420105842207782e-02 2.372841978819469413e-02 -7.204163257529780373e-02 -8.911710213196480379e-02 4.495379092138458710e-02 1.641028015106735793e-01 -2.793705450218361003e-02 -2.610647381488629890e-02 2.942324332825189126e-01 5.121137666388090454e-02 -8.166026546592881907e-02 1.056237637243276073e-01 -5.375698864905278235e-02 -3.499008034321197252e-02 1.448861512765937110e-01 8.402696392476019516e-02 -6.031954625741291209e-02 -1.260580210869645668e-01 -9.282427066385541548e-02 -6.938913873322290204e-02 2.772905856407045094e-03 -1.222490524215652380e-01 1.287975342245078758e-01 -3.287377892741694119e-02 2.497877972948186337e-02 -8.626417275558938280e-02 1.379491380554493385e-01 4.907159292054181360e-02 2.161262849209342751e-01 2.738076702759041914e-01 9.953867453808347421e-02 2.033646112453794119e-01 4.159478584943714918e-01 6.485149055101282478e-01 -1.324144269666487073e-01 8.194205670268288333e-02 6.741301262417252749e-02 -1.199399553208343322e-01 1.833103335133362821e-01 4.513090489971277597e-02 1.001420900586164342e-01 1.569107737447615614e-01 -1.259400968322122068e-02 -6.372752446595585096e-02 9.436326965589281190e-02 2.795794051773525246e-01 1.051247715976650343e-01 -2.219764559693710240e-02 2.125584888116554272e-01 -7.407309081077075030e-02 -1.690216205161548524e-01 6.121662097887465431e-02 9.530554369067377463e-02 1.311173184778400003e-01 -1.128835674644676212e-01 -5.479558741241892517e-02 1.485843677653111983e-02 1.019348550719291896e-01 -8.714359965601167768e-02 3.818055565244583144e-02 8.085332934899623625e-02 1.625326257900920335e-01 4.283128791538681757e-02 -1.505113273609292868e-01 1.228668041244138131e-03 -2.005614394952514312e-01 3.353143485173994132e-03 -1.421919110548296727e-01 5.951520360155832662e-02 3.169638951217416262e-02 -3.770198799673623452e-02 1.945636871489314786e-04 -6.913415833898084450e-02 5.603992631662080975e-02 6.175376610119925197e-02 -2.183738455616036564e-02
2.372575533711455964e-02 2.746595902127946243e-01 2.321063428134557405e-01 3.797158232514829396e-02 3.897407978588530164e-01 5.955937269141543533e-01 4.315042050957466624e-01 5.871973328189941110e-01 1.000000000000000000e+00 2.134996976109085620e-01 -4.032272921157694506e-02 -2.928161077427851762e-03 -6.930561273016530577e-02 -2.183256451584838706e-02 -6.102729791254336844e-02 1.001830987061922695e-01 -3.811036890035037622e-02 1.579761156422798685e-01 4.186774630959756716e-02 1.020457473027667344e-01 1.022880745934997976e-01 -6.429889067931626734e-02 1.301314480340273749e-02 3.019505356714790797e-02 1.992366811386726277e-01 -9.593420744385919297e-03 6.790757814676404158e-02 2.487872271645235472e-02 1.347472373586098005e-01 -5.372076888760617119e-02 4.136294486103674756e-02 -3.734598932224616336e-02 9.728081355200124403e-02 1.239362791998795676e-01 -2.871738476126626388e-02 3.160477116690542654e-01 3.175978670423399721e-04 6.987130493354308525e-02 1.046311163447687098e-01 1.138028684597913731e-01 1.644210759437959510e-02 1.411188278726362988e-01 7.641460048375985081e-02 -6.450698164306589537e-03 -1.324760863699437630e-01 -5.668152019351858917e-02 -4.793594976150251236e-02 4.917681557820082622e-02 2.064840550621637183e-01 3.160270977773913664e-02 1.398026435969059456e-01 3.014136649386913169e-01 2.485839101212004854e-01 -3.619059352648242023e-02 3.959186159147943807e-01 4.667329395465434905e-01 3.584696985206353159e-01 7.287526851101873149e-01 1.409079733407360702e-01 -9.645011723501811796e-02 -1.035701158340698036e-01 -1.969756075709904741e-01 7.686878957519405198e-02 -9.237390510573155467e-02 -6.801187034536358700e-02 -8.246054302213046139e-02 2.008479333493564112e-01 -7.952916298376434823e-02 1.061036647063138688e-01 1.672260316500062405e-01 6.779695043592792736e-02 -7.166384088664309870e-02 3.635008421974066789e-02 1.027915504666053297e-02 -1.434957521244391299e-01 6.642875202278124280e-02 1.159553656962567653e-01 -2.303965144230618947e-02 1.073862380276720124e-01 -5.477903260726262741e-02 2.759975834294608240e-03 1.733230928587466413e-01 -1.404697956972793538e-01 -3.171906450408517458e-02 -7.814445024670777298e-03 -1.276649583406256824e-02 3.803377384190596150e-02 -6.484734212507531348e-02 6.380826921381099748e-02 -2.364883448543566094e-02 4.078308221112033477e-02 1.197793097274604535e-01 -5.393807679915541692e-02 1.464002779817083766e-01 -9.542366440622136736e-02 -8.633157487186340906e-02 -4.106594732358390121e-02 6.155425909373068299e-02 1.180750216167831129e-01 5.704297280981639184e-02
-9.290855829518408771e-02 5.977169403482106985e-02 -2.614723570015528922e-03 -2.149869774206975837e-01 -1.799757265301669962e-01 -8.465061145638172815e-03 1.476639400340817310e-01 1.552862208800998532e-02 2.134996976109085620e-01 1.000000000000000000e+00 2.659186954202756303e-01 2.969132048180572747e-01 -2.091281648000901661e-01 -8.742922838356680104e-02 -2.403909581048414568e-01 -2.607152325445577165e-02 3.549301840611975012e-02 -2.700139672508319877e-01 -1.035107754792233409e-01 -3.049994436360994876e-01 -1.364983379412851028e-01 -9.008225303281901242e-02 -1.790468851656820126e-01 1.252129315363809392e-01 7.002462649280400964e-01 1.200165841714268128e-01 -6.554548813715503630e-02 -3.820947350536054582e-02 -8.870617466571427412e-02 -1.681847015222712738e-01 3.550472243714089537e-01 3.847822521229400383e-01 -2.314227482828207227e-02 -8.932014816369229435e-03 -1.759575774357141353e-01 -9.072303008296457583e-02 -2.133177039092482019e-01 2.883376091724371704e-01 -1.274194708527678077e-01 4.061884409128703466e-02 -3.305048020681481957e-01 4.335973370571301055e-01 1.010441447374742785e-01 -1.252846481112278587e-01 -5.620372958351201043e-02 -2.211001459809338876e-01 -4.205234904963111586e-01 -1.742162579789765242e-01 -2.452369519873393022e-01 -4.139165525749146646e-01 1.598847364199812160e-01 2.098160440013447647e-01 1.751198716040792136e-01 -1.442728058373141942e-01 -5.201808297393357289e-02 -1.689345830343451024e-02 2.129785338837348607e-01 6.994641961117464835e-02 7.598670631909113515e-01 3.054357755780719164e-02 1.398316326270665766e-01 -1.549842382999550017e-01 -1.894201742761906226e-01 -1.610657637382582053e-01 -1.854961013175922546e-01 -2.761139619562769099e-01 6.634107778375678000e-02 -8.198925974377142475e-03 -1.022339759585976227e-01 -1.089817110266609185e-01 -1.629516793004754938e-01 -9.255957469640704871e-02 -1.207524806168317338e-01 -7.209064274316162590e-02 2.260245806179957684e-01 4.233776544627391725e-01 3.344866856641258435e-02 3.517657401676087953e-02 4.447012335974619979e-01 1.926199330916016639e-01 -7.107925623907401791e-02 -7.467326236141669238e-02 -9.135639189567455742e-02 -7.986771498750552811e-02 -6.797022640472413779e-02 -2.843373931324443826e-01 -1.855540455577186498e-01 -8.181367783067404476e-03 -3.348374345544632424e-01 -1.466101487863981367e-01 2.208417342316975063e-01 4.937887765745792579e-01 1.130606586353286730e-01 2.245672722795001297e-01 6.045795277486742426e-03 -1.640090305163976747e-01 -1.511820543826861984e-01 -1.889464022958841916e-01 -3.014337336419204427e-01 -3.785551573727103936e-01
-2.410744998804854322e-01 -1.564727442108667099e-01 1.586051827120001090e-01 -2.480059345451514630e-01 -2.402833428736888821e-01 4.264973060535792726e-02 -1.165741116567453606e-01 -1.338957717826404492e-01 -4.032272921157694506e-02 2.659186954202756303e-01 1.000000000000000000e+00 5.413333135203908242e-01 9.937219875408734304e-02 -5.509518162592107020e-03 9.415652123065885656e-03 -3.393336281184737846e-01 4.557374079552681950e-02 -7.072714785647610247e-02 -9.636775087120408312e-03 -1.937202685824789272e-01 2.062666275268338397e-03 4.595105830072514913e-02 -1.018634702335285830e-01 4.507960270078884557e-01 7.349139896703942021e-02 4.410997466411018531e-01 -5.428504625974666514e-02 1.176654547733855735e-02 -3.676765580715060048e-03 2.204317157336255911e-02 -1.276006449364501007e-02 -9.026459378063063366e-02 -2.277805624855264721e-01 -2.434965036697718868e-02 -6.359551586391828937e-02 2.078595804613542902e-02 -3.181616043369419125e-03 -8.584678144167572078e-02 -1.837791676388836337e-01 -1.015553895853179150e-01 3.529326002161754100e-02 2.941848656388476591e-01 3.089843246200545956e-01 1.125922445143032469e-01 -4.096833425658470695e-02 -6.845761658086098322e-02 -2.214944153463502541e-01 -2.306438265234989626e-01 -9.891699525059280407e-02 -1.970020178648307640e-01 -2.746745313033545632e-01 3.502736944856640194e-02 -1.176578570623223879e-01 -2.031596590426068827e-01 1.607674992218377508e-01 -7.614674616739797175e-02 7.626321911359263371e-03 -1.612209320554212899e-02 2.959312483453641618e-01 2.863083515961069581e-01 3.041763100002706777e-01 1.408101229664298071e-01 -2.255668276313023760e-02 -3.669823752841588904e-02 5.486900677330031756e-03 6.773004225134584590e-03 -4.840719576259185086e-02 6.413464667059236290e-02 -1.277011672798674356e-02 -9.183392201249267195e-02 -2.429665295716417969e-02 -9.082549901188775865e-02 -2.863556608614092197e-02 -1.959132576342661330e-02 3.630727464345137045e-01 2.250444532796629649e-01 4.283641708100249107e-02 1.546062554928174515e-01 6.036794675909267632e-02 -1.240399148426531845e-01 1.930057447797561485e-02 -1.206284479459013292e-01 -4.049309684733273622e-03 -8.758673755921915494e-02 -1.651651739541029895e-01 -1.416147442147525637e-01 -7.345682161847572056e-02 2.211302462206719485e-02 -6.135992681664094450e-02 1.004811250038338960e-01 -1.244057579150708442e-01 3.624873986654152114e-02 -5.758610271021436661e-02 1.814909546424482156e-01 1.603095235266049357e-01 7.061204980147439692e-02 -1.505223744172513867e-01 -1.550196274277199360e-01 -1.656480665723686629e-01 -2.661348524603709964e-01
-2.276919689130899038e-01 -1.746923875675771565e-01 1.223292250128616282e-01 -2.340987386999448805e-01 -2.329383530408443426e-01 8.778879573517550661e-02 4.851185734797235083e-02 4.352123517707728179e-02 -2.928161077427851762e-03 2.969132048180572747e-01 5.413333135203908242e-01 1.000000000000000000e+00 3.166016609225471568e-01 4.365495851637203328e-01 3.339045126201933833e-01 -1.057096254273329483e-01 4.312648205155998338e-01 1.379982870971351305e-01 3.732830312342446111e-01 -1.029775802874187823e-01 3.856135283689307025e-01 3.179415485414268661e-01 2.743252674931955792e-01 2.778092628787321439e-01 1.980422186861987843e-01 6.282359421856278381e-01 1.017098904808307752e-01 1.644429508957033770e-01 2.355153337078542963e-01 4.390320686400885353e-01 1.706481375202557049e-01 -1.231785977375143420e-01 -2.174155703806203155e-01 1.907187567430507213e-01 1.054114301331251224e-01 3.711002613551157500e-03 1.880406746700081233e-01 -2.518202280402223603e-01 -2.920760708718887488e-01 -6.700998439512033389e-02 -1.406438529437004648e-01 6.679474038304426819e-02 2.220798555594981349e-01 -9.962781130449627209e-02 7.036882070776040443e-02 -7.907344683476839886e-02 -2.180212964849008103e-02 -1.142872340123717856e-01 -1.271107377731362786e-01 -2.133933272094188649e-01 -2.465615618339104531e-01 2.097960551018013264e-02 -4.733155548465242668e-02 -2.894024089180607939e-01 1.396541448465059843e-01 -6.140547843593198440e-03 1.678746602627595105e-02 2.027218269855586216e-02 1.636734791383966103e-01 5.184885338560611956e-01 5.450623121534986515e-01 2.786057010141373969e-01 3.528772899909933258e-01 4.154608663427243331e-01 4.342276936225499817e-01 3.500079145428230398e-01 -1.911378658149071597e-01 5.051793121076372239e-01 2.989098182258373426e-01 1.197797701047715463e-01 3.370806184906607883e-01 3.051478182254123150e-01 3.897866309943797680e-01 -3.009989073878232557e-01 6.428496438775403998e-01 5.458119359742651389e-01 4.107285333561345175e-01 5.832903335472549022e-01 1.181048889516094214e-01 -2.496063127381101254e-01 2.623637655953512948e-01 -1.170489067995308594e-02 -1.629208661089157073e-01 2.719637830400637446e-01 2.130148564463324179e-01 1.442475641936468711e-01 8.828042917575520954e-02 -1.265315862800247930e-02 -9.809115404571050467e-02 -1.462330260542002436e-01 -2.974385195775661184e-01 -6.280659249400727395e-02 -1.588673925538615639e-01 1.532902473197301878e-02 -8.069688648087565419e-02 -9.609528156329286142e-02 3.086829780820351220e-03 1.695027399200341178e-02 -1.318428630460933004e-01 -1.900069649216319101e-01
-8.667981750896155968e-02 -8.085231562656373938e-02 3.776712904508024993e-01 -2.845804366322898238e-01 -1.358089039455573355e-01 3.300790920257904437e-01 1.852137368356389716e-02 -2.413131705108191236e-02 -6.930561273016530577e-02 -2.091281648000901661e-01 9.937219875408734304e-02 3.166016609225471568e-01 1.000000000000000000e+00 5.195877361980486553e-01 5.229906664757514312e-01 -9.226252636064080637e-02 5.288102392155944464e-01 2.889345746632777101e-01 5.755641361056336169e-01 2.763783961409236878e-01 5.133128425978626952e-01 6.589514803945197841e-01 3.972568033202473758e-01 1.375705127010630191e-01 -1.520817432720066309e-01 2.297281073389080552e-01 4.158476164133276254e-01 4.859655954419822566e-01 5.195585209290132234e-01 4.871361784289314767e-01 4.709173093995741577e-02 -3.040600521795982503e-01 -2.601860935039658762e-01 4.311571741345248121e-01 5.712851571189654365e-01 5.705666643140262090e-02 5.075462988507218887e-01 -2.709753484054824302e-01 -8.953554066064731143e-02 -7.797438896703379196e-02 1.671022517376371808e-01 -8.205514571061803264e-02 4.004869432836059562e-01 2.853585804012777338e-02 1.579126105906559219e-01 4.515473233723042989e-01 5.232503369512037095e-01 3.332230629595865912e-01 2.944487580001914351e-01 3.558769616981912187e-01 -1.375267074031653880e-01 1.343571707047045982e-01 -7.328643155160756428e-02 -2.748035061220930331e-01 3.764782710038165336e-01 3.629598889601016176e-01 -1.706722727306998408e-02 6.420130766050632931e-02 -2.671939454514762335e-01 1.924745372018666634e-01 6.887561142441722684e-02 6.528498859486556727e-01 5.551024708007021857e-01 4.495189805805142047e-01 4.502882513822341060e-01 4.901996853337542981e-01 -1.288389465067371342e-01 4.414751176142463485e-01 4.767346197281556730e-01 2.498358512878439130e-01 4.625488740323517867e-01 5.251632779820631924e-01 3.080077452146678385e-01 -2.382636230872300920e-01 3.624526281270030181e-01 8.091556358727883258e-02 4.631003622645313844e-01 3.937527658860643376e-01 1.097183758092504843e-03 -3.749746511627252699e-01 4.288372050440497629e-01 1.852598505177615595e-01 1.762520271154665585e-01 4.695500973793300115e-01 4.108927969127935120e-01 4.031520604102538652e-01 3.369597892641315595e-01 3.235521313158501444e-01 1.781238539228374163e-01 1.043083043592351739e-01 -3.544781945619112640e-01 -7.620781867834923451e-02 -1.345434246184565030e-01 -1.363998115082964147e-01 -1.886996640466615804e-01 -9.246767053110897805e-02 4.433818585494394560e-01 2.807225024022300119e-01 2.591324468328898289e-01 2.652527757348941417e-01
-1.354214273979175709e-01 -1.257030916675492549e-01 1.846582109875126998e-01 -2.226173110344324413e-01 -1.505360067106331634e-01 1.974456930968921109e-01 1.528843249764533507e-01 7.950405568120326449e-02 -2.183256451584838706e-02 -8.742922838356680104e-02 -5.509518162592107020e-03 4.365495851637203328e-01 5.195877361980486553e-01 1.000000000000000000e+00 7.645077175779406709e-01 1.397439631537524506e-02 6.087864813959308341e-01 3.709474423943502908e-01 7.344289906972241155e-01 3.276855944617774741e-01 7.167935090876151882e-01 5.090248422259695538e-01 7.375003909835310401e-01 2.542810258496999796e-03 3.309378142295991282e-02 2.334958763579358110e-01 2.054265101291615214e-01 2.565775047228712191e-01 5.162878510869152171e-01 6.350838452650310328e-01 1.210911579462964072e-01 -2.886659317367951116e-01 -2.369944709635910252e-01 4.222016070918803710e-01 3.782638203472493132e-01 9.482004111886439823e-03 3.716366331774642595e-01 -3.522076125491248044e-01 -2.347569364007611736e-01 3.516251015253370828e-05 2.397148329597803898e-02 -2.011347997382851027e-01 1.271421663593218787e-01 -1.855627081447279170e-01 1.190675202411806827e-01 1.797978686161969819e-01 4.697841052851920440e-01 2.904398794218673308e-01 1.546211868140014156e-01 1.617747038314998609e-01 -2.081431692647882914e-01 3.426204026576910172e-02 -4.732480715749498579e-02 -3.276059427146585934e-01 2.100167879250203484e-01 1.953724378539723749e-01 -4.167573649861532753e-02 3.655800783389714231e-02 -2.237262811124070827e-01 2.426473469083667289e-01 1.377036583660906921e-01 3.133388752978540359e-01 6.552970370376854925e-01 7.966952890018998978e-01 7.782492000760362627e-01 6.939653953870065228e-01 -1.198848059065672350e-01 6.829314511850503866e-01 5.775908148679058662e-01 2.987030448442682395e-01 6.890112411723583463e-01 5.595481593166247158e-01 6.202530116838373964e-01 -2.878112583514465528e-01 4.373397209935734886e-01 2.143597922927262256e-01 5.379729716940533368e-01 5.801133302713078477e-01 3.841545107965155248e-02 -4.523122631849274544e-01 4.320933697063709666e-01 1.439441114862509141e-01 -2.280946797787819502e-02 4.609518457211025932e-01 4.593964743927998473e-01 5.074082440331552091e-01 1.742224465658208377e-01 1.359674931307718049e-02 1.613441019939979848e-01 -1.083767490067231859e-01 -4.874526275454641455e-01 -1.059585654335867821e-01 -1.806361132944522274e-01 -2.808307585744717616e-01 -3.981024801667643054e-01 -1.877611403647096722e-01 3.391472738932848618e-01 3.537846803440276577e-01 1.605985090524263970e-01 2.078969176119233875e-01
-6.217106879266259128e-02 -1.873398114193222386e-01 1.199571484471885496e-01 -7.755025057889111673e-02 -1.192935563728025616e-01 1.281156750983688808e-01 1.967147618474499315e-01 1.399144969566207541e-01 -6.102729791254336844e-02 -2.403909581048414568e-01 9.415652123065885656e-03 3.339045126201933833e-01 5.229906664757514312e-01 7.645077175779406709e-01 1.000000000000000000e+00 1.341870729072470458e-01 4.739144263799817125e-01 5.068289231627348679e-01 5.960999813721702401e-01 4.358453105201017808e-01 7.012246763250730153e-01 4.166052748358893276e-01 7.577694644781193256e-01 1.715523099811250562e-01 -1.392340878540457572e-01 2.266109429821830945e-01 1.250510097947338528e-01 1.266250927572847573e-01 5.654507772937203969e-01 6.846872376611814470e-01 5.141883536075011335e-02 -3.786644232871499982e-01 -1.500909212898892953e-01 3.486820211255475810e-01 2.685911092055440208e-01 7.395371718240388581e-02 4.551779997673913170e-01 -3.995258982114483493e-01 -1.221518935542966755e-01 1.253849083231070027e-01 1.165616135822468424e-01 -2.906568511335931859e-01 8.483775673997076550e-02 -1.448890954954894228e-01 2.546147753992268337e-01 1.714422132514051011e-01 5.624015276549775288e-01 2.344144203895748291e-01 1.495830289085655629e-01 1.572911847259738649e-01 -1.875881769487047213e-01 -1.079204128878774177e-01 -8.541465409280052379e-02 -2.871275912628212246e-01 1.380539448230153343e-01 1.278994048289570640e-01 -1.194556453798792661e-01 4.587548851689580293e-02 -3.762147118588122230e-01 2.344963623539861319e-01 9.026414377895786156e-02 3.416279307573056312e-01 7.141000891178855836e-01 7.747198857229090629e-01 7.893034037747215237e-01 8.700981666557153771e-01 -1.356110080387272487e-01 5.258115463918894283e-01 5.490517342384040322e-01 3.248086924362872940e-01 7.320610008154867510e-01 5.098675699103367709e-01 6.790491451310641802e-01 -1.667194652148006329e-01 3.168196609062141067e-01 1.064197515437130120e-01 5.322584559091451117e-01 5.321301803546099052e-01 -1.479303967690259458e-01 -4.496035290122799011e-01 5.245939977951571409e-01 1.980840802555502711e-01 1.375222065660847426e-01 4.396899889005691509e-01 4.423116279492576575e-01 6.690427046656947097e-01 3.187637793301859590e-01 -8.731698779230717689e-02 2.764691488762617833e-01 -2.397649658176508741e-02 -4.805831006103919445e-01 -2.489890771928586488e-01 2.762303021837282310e-02 -2.792052990234517029e-01 -2.969032287890640553e-01 -7.334936746499974569e-02 3.405822807653948181e-01 3.330803308698747078e-01 1.711069473534430618e-01 1.854602463745494145e-01
