1.000000000000000000e+00 8.339744926594594432e-01 8.339745528078418291e-01 8.339746017076027362e-01 8.339746172553764714e-01 8.339745130832417752e-01 8.339746800063871923e-01 8.339746628876838486e-01 8.339745080510234665e-01 8.339746751474906850e-01 8.339745880052502613e-01 8.339746539944159487e-01 8.339745574573764753e-01 8.339744108383517762e-01 8.339746731131263413e-01 8.339746533271733542e-01 8.339746641784651082e-01 8.339746038805062600e-01 8.339744839693939982e-01 8.339744280876125737e-01 8.339745999708494395e-01 8.339747015332810154e-01 8.339747145535097994e-01 8.339743714092843208e-01 8.339746474301185097e-01 8.339745737591002239e-01 8.339745825350146635e-01 8.339747030568961383e-01 8.339746264847216484e-01 8.339747123786865890e-01 8.339746213730671043e-01 8.339747258803529295e-01 8.339743862090205351e-01 8.339746988574324726e-01 8.339743839672598691e-01 8.339745926749150273e-01 8.339745261767596007e-01 8.339746927883601169e-01 8.339746224264705798e-01 8.339745500379776022e-01 8.339745894113256286e-01 8.339746706165908074e-01 8.339745392956721126e-01 8.339746725963200769e-01 8.339744674120659340e-01 8.339744730683256169e-01 8.339746864696386819e-01 8.339744758202396469e-01 8.339746700118386702e-01 8.339744077857180748e-01 8.339745755882329581e-01 8.339746881312626314e-01 8.339746216015870850e-01 8.339746061718117387e-01 8.339745994355027836e-01 8.339746390356270744e-01 8.339745570319379020e-01 8.339745765348021145e-01 8.339746447487370595e-01 8.339746551968784116e-01 8.339745582740252239e-01 8.339745575043604475e-01 8.339747090350041470e-01 8.339744032779193850e-01 8.339746329141408676e-01 8.339746078259027140e-01 8.339746236120735290e-01 8.339747060836696368e-01 8.339744533988958652e-01 8.339745544511778519e-01 8.339745205608517509e-01 8.339746970241019852e-01 8.339746110458399198e-01 8.339746552162583537e-01 8.339746030584367364e-01 8.339746674693488959e-01 8.339745000816490839e-01 8.339746137647249258e-01 8.339746162116340455e-01 8.339746389361559764e-01 8.339745800335794934e-01 8.339746384552754188e-01 8.339746910468713859e-01 8.339745642420903771e-01 8.339746263755606348e-01 8.339744795497909813e-01 8.339746014059304935e-01 8.339746256696676241e-01 8.339746504346448042e-01 8.339746219316080955e-01 8.339744372916640947e-01 8.339747127290216833e-01 8.339745229725296083e-01 8.339746396457713429e-01 8.339743151563642209e-01 8.339745716648451213e-01 8.339746377428332025e-01 8.339746348722365532e-01 8.339746234172861206e-01 8.339745237705662451e-01
8.339744926594594432e-01 1.000000000000000000e+00 8.339744827834828511e-01 8.339743084333465228e-01 8.339746352607158020e-01 8.339744378009706915e-01 8.339744864427156568e-01 8.339746119760886867e-01 8.339744538813798069e-01 8.339744940720342781e-01 8.339742689834478417e-01 8.339745527308841666e-01 8.339744946256228975e-01 8.339744204803549721e-01 8.339745467556352043e-01 8.339744444636431053e-01 8.339743832314424621e-01 8.339746743081307701e-01 8.339745936476324895e-01 8.339743742152053718e-01 8.339743687631372415e-01 8.339743209040502148e-01 8.339744845657416361e-01 8.339746683485234069e-01 8.339742573120138003e-01 8.339744530795383248e-01 8.339745819664987625e-01 8.339745813092845905e-01 8.339743340374021763e-01 8.339744632688689263e-01 8.339745136726973707e-01 8.339744006491404127e-01 8.339742388385711358e-01 8.339744283969128258e-01 8.339744802417896619e-01 8.339745640205303845e-01 8.339746128670961767e-01 8.339744831617753595e-01 8.339743849895773220e-01 8.339744975600091870e-01 8.339745255417626568e-01 8.339744575237488800e-01 8.339743277012442446e-01 8.339746054385387408e-01 8.339744434378923987e-01 8.339744791000688329e-01 8.339744970492388720e-01 8.339744695548023667e-01 8.339744919479624707e-01 8.339745764537414008e-01 8.339742927397715277e-01 8.339743940263292243e-01 8.339745064029410182e-01 8.339743831050187017e-01 8.339743600385864930e-01 8.339745834233824873e-01 8.339745666231196397e-01 8.339744692826027705e-01 8.339746297087600180e-01 8.339746760537143366e-01 8.339745989658897685e-01 8.339745934200408772e-01 8.339744425935673444e-01 8.339741729243458357e-01 8.339744126008874492e-01 8.339745595278293955e-01 8.339742838633422695e-01 8.339744446759558283e-01 8.339743739468759021e-01 8.339745459850371745e-01 8.339746525945117561e-01 8.339745774880109597e-01 8.339744438822649375e-01 8.339743092397738922e-01 8.339744529936813366e-01 8.339745518283925296e-01 8.339743761930608068e-01 8.339745904846552760e-01 8.339743738752412039e-01 8.339746669172387605e-01 8.339744141478909745e-01 8.339744955860753928e-01 8.339745445391657519e-01 8.339744217159310580e-01 8.339745851231311624e-01 8.339743696957387931e-01 8.339746397466089034e-01 8.339745273942348325e-01 8.339746360473686559e-01 8.339742392435028906e-01 8.339741989560169877e-01 8.339744746670673115e-01 8.339743397647941814e-01 8.339743299142953203e-01 8.339745542495295982e-01 8.339744669739010963e-01 8.339746343745407797e-01 8.339745578502558709e-01 8.339744401547103392e-01 8.339744542931831761e-01
8.339745528078418291e-01 8.339744827834828511e-01 1.000000000000000000e+00 8.339742859766718919e-01 8.339743787630931049e-01 8.339743512411337267e-01 8.339745122275691314e-01 8.339746857763438159e-01 8.339743113467985580e-01 8.339745801629088184e-01 8.339743129398030641e-01 8.339747434154141104e-01 8.339743730984447989e-01 8.339742829178221628e-01 8.339745529653057599e-01 8.339745677772860688e-01 8.339746490252231137e-01 8.339745804951506081e-01 8.339745377231817525e-01 8.339742397368249405e-01 8.339745726672033177e-01 8.339744309344501172e-01 8.339746246189907453e-01 8.339743263763359504e-01 8.339743774847852009e-01 8.339742896623979496e-01 8.339746054894887628e-01 8.339746335053498383e-01 8.339744592209844543e-01 8.339745503804102400e-01 8.339745597391763354e-01 8.339745404274073737e-01 8.339740197901037710e-01 8.339745901955711860e-01 8.339743274422958264e-01 8.339746331650826905e-01 8.339744028504392226e-01 8.339746257778979377e-01 8.339745698152838393e-01 8.339744801632937854e-01 8.339744559173877247e-01 8.339743912334758313e-01 8.339744753311217895e-01 8.339746001212737792e-01 8.339744637966712837e-01 8.339743362171946339e-01 8.339745446261320749e-01 8.339744897684961966e-01 8.339746962914210693e-01 8.339743732068748416e-01 8.339744421425526744e-01 8.339743489513308239e-01 8.339746625423511972e-01 8.339744309576366810e-01 8.339745507365966537e-01 8.339745532083886470e-01 8.339743518062971983e-01 8.339745266762049747e-01 8.339744671163157319e-01 8.339746756850925369e-01 8.339743621570530063e-01 8.339743789904807691e-01 8.339744880540198579e-01 8.339740861122159066e-01 8.339743467469662441e-01 8.339744828812800659e-01 8.339744023924193783e-01 8.339745526543653753e-01 8.339743566706029343e-01 8.339744974630706187e-01 8.339745970404935926e-01 8.339745783546527180e-01 8.339743312980244516e-01 8.339743638636988310e-01 8.339742208818493596e-01 8.339744929183858790e-01 8.339743273182931294e-01 8.339744705891803944e-01 8.339744604566989850e-01 8.339745796689657098e-01 8.339743878648876452e-01 8.339744780658150392e-01 8.339745202643595867e-01 8.339743420381665606e-01 8.339743972241843162e-01 8.339741754656739836e-01 8.339745239789192466e-01 8.339745600946929516e-01 8.339745476782577382e-01 8.339743893959573606e-01 8.339740477522530337e-01 8.339744064148213454e-01 8.339743629523691526e-01 8.339745149697516124e-01 8.339745315401589920e-01 8.339745227105214154e-01 8.339745059360131885e-01 8.339744751801547729e-01 8.339746754273567042e-01 8.339744742506588482e-01
8.339746017076027362e-01 8.339743084333465228e-01 8.339742859766718919e-01 1.000000000000000000e+00 8.339744962155288821e-01 8.339745800564414280e-01 8.339746420392852855e-01 8.339744346205690828e-01 8.339743700039561336e-01 8.339743986113065111e-01 8.339743540509755304e-01 8.339743926981761923e-01 8.339744272305747996e-01 8.339745139402566787e-01 8.339745153767459396e-01 8.339745043683824965e-01 8.339745726757701316e-01 8.339745228685320200e-01 8.339743663017672448e-01 8.339744767743978437e-01 8.339743701260237119e-01 8.339745933670369427e-01 8.339745058746850237e-01 8.339743316287829833e-01 8.339743784990569786e-01 8.339744693328667857e-01 8.339743367084059278e-01 8.339745959417421695e-01 8.339745943503301673e-01 8.339745538828213789e-01 8.339746148231627076e-01 8.339746306685202892e-01 8.339742663150638835e-01 8.339745196464479760e-01 8.339742916649121041e-01 8.339743333699746186e-01 8.339744957670380821e-01 8.339745606234456599e-01 8.339745114200963760e-01 8.339744106729256590e-01 8.339745002615941427e-01 8.339747136549262585e-01 8.339745041804941250e-01 8.339745162549577762e-01 8.339743767581795364e-01 8.339743617636203865e-01 8.339744787281783145e-01 8.339745341197670747e-01 8.339744988927230152e-01 8.339740603371451622e-01 8.339744431742917019e-01 8.339745511819278700e-01 8.339744268465643096e-01 8.339744301976941276e-01 8.339743854614048990e-01 8.339744881402982868e-01 8.339745543188117338e-01 8.339746345523189053e-01 8.339743680792278679e-01 8.339744348257648321e-01 8.339745935281193123e-01 8.339744893554290606e-01 8.339746062490958067e-01 8.339744380076933306e-01 8.339744384360006091e-01 8.339745540639115218e-01 8.339745503996377485e-01 8.339745067312678284e-01 8.339746322349870233e-01 8.339745047051022597e-01 8.339743862600825786e-01 8.339745502290258905e-01 8.339746071474286593e-01 8.339746412549613463e-01 8.339743228280785958e-01 8.339745119811928786e-01 8.339744204570255226e-01 8.339746153731172340e-01 8.339743710217476513e-01 8.339744684826777554e-01 8.339746026754818464e-01 8.339746191048893476e-01 8.339745147384638457e-01 8.339746043369001827e-01 8.339745438066037408e-01 8.339743494973013149e-01 8.339745408718827191e-01 8.339746163463586104e-01 8.339745786161737451e-01 8.339744741282538731e-01 8.339746328234379780e-01 8.339746579641734714e-01 8.339743479706552831e-01 8.339745398558382483e-01 8.339740187473234645e-01 8.339744183469773864e-01 8.339745638963550478e-01 8.339745668548834701e-01 8.339744778492428345e-01 8.339742955349490616e-01
8.339746172553764714e-01 8.339746352607158020e-01 8.339743787630931049e-01 8.339744962155288821e-01 1.000000000000000000e+00 8.339744332873413324e-01 8.339745819309057895e-01 8.339745845233242916e-01 8.339745611649821422e-01 8.339745267769748116e-01 8.339743905659178225e-01 8.339744937199911057e-01 8.339746342338334451e-01 8.339744414131776695e-01 8.339745217261597121e-01 8.339744844236216537e-01 8.339744515361449118e-01 8.339745682079660050e-01 8.339745156705377083e-01 8.339743369979574217e-01 8.339743520266276189e-01 8.339744281900509648e-01 8.339745566931997534e-01 8.339745351352109148e-01 8.339743375476210696e-01 8.339744668953262829e-01 8.339746279637847426e-01 8.339746054887358095e-01 8.339744071904507949e-01 8.339745233265146718e-01 8.339745877032034294e-01 8.339745170232649718e-01 8.339743390735475659e-01 8.339744575398123638e-01 8.339745290302450487e-01 8.339745790688913862e-01 8.339745491560027757e-01 8.339745245693063191e-01 8.339743661952349063e-01 8.339743857280567108e-01 8.339744466912655252e-01 8.339745764755157609e-01 8.339744215207095523e-01 8.339746812388607600e-01 8.339743585248858837e-01 8.339744246190359256e-01 8.339745526811150889e-01 8.339744430344186998e-01 8.339744919109829402e-01 8.339744611552185605e-01 8.339743038901977767e-01 8.339745146617849603e-01 8.339744725571734962e-01 8.339743915051224254e-01 8.339743950328183386e-01 8.339746246178567635e-01 8.339746021151960287e-01 8.339745098913627919e-01 8.339746548287406691e-01 8.339746174549272917e-01 8.339745768746834598e-01 8.339745777147842265e-01 8.339745501712252373e-01 8.339742605319696578e-01 8.339745437318073495e-01 8.339745827123788979e-01 8.339743681881849335e-01 8.339746102300398256e-01 8.339744113576703644e-01 8.339746058791138728e-01 8.339746338239424350e-01 8.339745356087417960e-01 8.339744675972547983e-01 8.339744529267721918e-01 8.339745355447547581e-01 8.339745471093049645e-01 8.339742438071924280e-01 8.339746570262190906e-01 8.339744550358775266e-01 8.339745792706734218e-01 8.339744466255941679e-01 8.339745965767323410e-01 8.339745928682711362e-01 8.339745147813208970e-01 8.339746928755352728e-01 8.339743631885709885e-01 8.339745596682164308e-01 8.339746374688143948e-01 8.339746427983019128e-01 8.339742758081339913e-01 8.339744508077616691e-01 8.339746594509170885e-01 8.339742754394512403e-01 8.339743525668832369e-01 8.339744675793169248e-01 8.339745304605332699e-01 8.339746084573513851e-01 8.339745300102686665e-01 8.339743674745582203e-01 8.339743224428709523e-01
8.339745130832417752e-01 8.339744378009706915e-01 8.339743512411337267e-01 8.339745800564414280e-01 8.339744332873413324e-01 1.000000000000000000e+00 8.339746774399945384e-01 8.339744698438541493e-01 8.339743041055226458e-01 8.339744350186383270e-01 8.339743801268701962e-01 8.339744290832294960e-01 8.339742277999879771e-01 8.339745041885161525e-01 8.339745968830770684e-01 8.339743592573968245e-01 8.339744656024271618e-01 8.339746599551699502e-01 8.339745076207132346e-01 8.339746697877162829e-01 8.339745117979220357e-01 8.339745069601057770e-01 8.339744013271943590e-01 8.339743764915192870e-01 8.339744145483546367e-01 8.339745490303398512e-01 8.339743987725157792e-01 8.339745482115445974e-01 8.339746267083817388e-01 8.339746319942046293e-01 8.339744585822699285e-01 8.339745952449100219e-01 8.339744431838556071e-01 8.339745781140054381e-01 8.339745041269791548e-01 8.339743813490105850e-01 8.339747018837321280e-01 8.339745288150629543e-01 8.339745012696492266e-01 8.339746219380024250e-01 8.339746600987572034e-01 8.339745249969440222e-01 8.339745445626556286e-01 8.339743998189580454e-01 8.339745791141467413e-01 8.339746426101658505e-01 8.339744181923955946e-01 8.339746337246329855e-01 8.339745109897730435e-01 8.339743898347408146e-01 8.339746430243946129e-01 8.339745125565991568e-01 8.339745766506956315e-01 8.339746414461799429e-01 8.339741143628943698e-01 8.339746068354484398e-01 8.339746973093379312e-01 8.339745181409163877e-01 8.339743042841570864e-01 8.339745177615573990e-01 8.339745826410791540e-01 8.339746392969139555e-01 8.339744992102434695e-01 8.339746080458413369e-01 8.339745291938741589e-01 8.339745621661113217e-01 8.339746029991729204e-01 8.339744807324334097e-01 8.339745966783584930e-01 8.339745533136000422e-01 8.339743496277723933e-01 8.339746107840698697e-01 8.339745341323523409e-01 8.339744066772980524e-01 8.339743346842652949e-01 8.339745788191642584e-01 8.339745466025726417e-01 8.339746723354102276e-01 8.339744915249551749e-01 8.339745694241030849e-01 8.339746878231445448e-01 8.339743926572307231e-01 8.339746206773451798e-01 8.339746020631042533e-01 8.339744564076033706e-01 8.339744933168549146e-01 8.339746888014744064e-01 8.339745447379104393e-01 8.339746660074681683e-01 8.339743949569307091e-01 8.339744228191123820e-01 8.339745054765063115e-01 8.339744972083689145e-01 8.339744626112099990e-01 8.339740622588700525e-01 8.339745920953313130e-01 8.339747021414264383e-01 8.339746895391866310e-01 8.339744845119944072e-01 8.339745898777447541e-01
8.339746800063871923e-01 8.339744864427156568e-01 8.339745122275691314e-01 8.339746420392852855e-01 8.339745819309057895e-01 8.339746774399945384e-01 1.000000000000000000e+00 8.339746542500534598e-01 8.339744707812046798e-01 8.339745287113251582e-01 8.339744907234970528e-01 8.339745766327604226e-01 8.339743852531262824e-01 8.339744301645725111e-01 8.339746730625183790e-01 8.339745079761731184e-01 8.339746053732006725e-01 8.339746508600283104e-01 8.339746038533383254e-01 8.339746157553359351e-01 8.339746075206595499e-01 8.339745971591230322e-01 8.339746011232168632e-01 8.339743952532026050e-01 8.339745598640014856e-01 8.339745461884701117e-01 8.339745432692690086e-01 8.339746366126054022e-01 8.339746586579136478e-01 8.339747176645786464e-01 8.339746010557146372e-01 8.339747237864140184e-01 8.339745019681414906e-01 8.339746700461805329e-01 8.339745603230008797e-01 8.339745078379324772e-01 8.339746419002641575e-01 8.339746876892482064e-01 8.339745621520682217e-01 8.339746504964414830e-01 8.339746335329861759e-01 8.339746254567621531e-01 8.339746307547862836e-01 8.339745773887936586e-01 8.339745583775791671e-01 8.339746096606582837e-01 8.339745534642803992e-01 8.339746172610169594e-01 8.339746684253529496e-01 8.339744150994539140e-01 8.339746425153968801e-01 8.339746330591950585e-01 8.339746138960177912e-01 8.339746573286267450e-01 8.339743876647450760e-01 8.339747108499847572e-01 8.339746435490656973e-01 8.339746345323799659e-01 8.339744703907708834e-01 8.339746478543689223e-01 8.339745490598743372e-01 8.339745883649101188e-01 8.339746263509546509e-01 8.339745513016939560e-01 8.339745985964247543e-01 8.339746383976465172e-01 8.339746035246210498e-01 8.339746650589058286e-01 8.339746083932492171e-01 8.339745889768753750e-01 8.339744954787212672e-01 8.339746831136396477e-01 8.339745922580115156e-01 8.339745396768023511e-01 8.339744985520339826e-01 8.339746621996437792e-01 8.339745115945350618e-01 8.339747100185240791e-01 8.339745988362834428e-01 8.339746510029129034e-01 8.339746545440559489e-01 8.339745925827806161e-01 8.339746887327925684e-01 8.339746141558872505e-01 8.339745941150426001e-01 8.339744456602818934e-01 8.339746507638960971e-01 8.339746699635652849e-01 8.339746885786522013e-01 8.339745227709662867e-01 8.339745566232056317e-01 8.339746570229383815e-01 8.339745617138160094e-01 8.339746152763765075e-01 8.339742511194782049e-01 8.339746515721344622e-01 8.339746844715836271e-01 8.339747030672035599e-01 8.339745631832287120e-01 8.339745739387605106e-01
8.339746628876838486e-01 8.339746119760886867e-01 8.339746857763438159e-01 8.339744346205690828e-01 8.339745845233242916e-01 8.339744698438541493e-01 8.339746542500534598e-01 1.000000000000000000e+00 8.339744515325736574e-01 8.339745727116111285e-01 8.339744399034310085e-01 8.339747081422304031e-01 8.339744575944610938e-01 8.339743339875035355e-01 8.339746772128706631e-01 8.339745548678597631e-01 8.339746131539902407e-01 8.339746505093709183e-01 8.339746578636807461e-01 8.339744414365501957e-01 8.339746137104370183e-01 8.339745167636879453e-01 8.339746666959009236e-01 8.339744756430143013e-01 8.339745202341450891e-01 8.339744658207368655e-01 8.339746235246555672e-01 8.339746587501529751e-01 8.339745026199312239e-01 8.339746518184326662e-01 8.339746246657365747e-01 8.339746445910700690e-01 8.339743578487409659e-01 8.339746435556639748e-01 8.339745065168340243e-01 8.339746060868213906e-01 8.339745439563462925e-01 8.339747088168862899e-01 8.339745444974265842e-01 8.339746208423396423e-01 8.339745783816829849e-01 8.339745459182107412e-01 8.339745360998835899e-01 8.339746664156560962e-01 8.339744974663836352e-01 8.339745134696433526e-01 8.339746158633526418e-01 8.339745289049748100e-01 8.339747213163857253e-01 8.339744839995377745e-01 8.339745085477427988e-01 8.339745562921312416e-01 8.339746263316983876e-01 8.339745505019267036e-01 8.339745709179476885e-01 8.339746811028402318e-01 8.339744894453089419e-01 8.339746009043110808e-01 8.339745945358351120e-01 8.339747452613412992e-01 8.339744939094652088e-01 8.339745150810015106e-01 8.339745961040753164e-01 8.339742980134039474e-01 8.339745116584492690e-01 8.339746117483841648e-01 8.339744429619887489e-01 8.339746428181298299e-01 8.339744699612632317e-01 8.339745423233358990e-01 8.339746322164645065e-01 8.339746876447028390e-01 8.339745035664081207e-01 8.339744739056603740e-01 8.339744974154009727e-01 8.339746506359734246e-01 8.339744400872441954e-01 8.339746139154594617e-01 8.339745591534352132e-01 8.339747150945118204e-01 8.339744941295529346e-01 8.339746259727420785e-01 8.339746455580737683e-01 8.339744905811392606e-01 8.339745798531998933e-01 8.339743482942195696e-01 8.339746073160287931e-01 8.339746374718078892e-01 8.339746470383833099e-01 8.339745013823165465e-01 8.339743501899564704e-01 8.339745803698084270e-01 8.339745210354956306e-01 8.339746134438970060e-01 8.339745037996623145e-01 8.339745910348560498e-01 8.339746178459989112e-01 8.339746222253864305e-01 8.339746278962836268e-01 8.339745547077661580e-01
8.339745080510234665e-01 8.339744538813798069e-01 8.339743113467985580e-01 8.339743700039561336e-01 8.339745611649821422e-01 8.339743041055226458e-01 8.339744707812046798e-01 8.339744515325736574e-01 1.000000000000000000e+00 8.339744284743012548e-01 8.339741648518754769e-01 8.339744360634369080e-01 8.339743199623756986e-01 8.339740366032736274e-01 8.339742742574658418e-01 8.339745763369622589e-01 8.339743387667186703e-01 8.339744471576676643e-01 8.339743712902766282e-01 8.339741592625276034e-01 8.339741885010397704e-01 8.339742514195306322e-01 8.339745206461841587e-01 8.339743827207142246e-01 8.339742290376493949e-01 8.339741983521602453e-01 8.339745348287522786e-01 8.339744346151428678e-01 8.339744849145659389e-01 8.339743702842106199e-01 8.339743421522646249e-01 8.339743567432383875e-01 8.339739185450883996e-01 8.339743025505456098e-01 8.339741880525411988e-01 8.339744882300459405e-01 8.339744256459075133e-01 8.339743464711923959e-01 8.339743947584409289e-01 8.339743095533914685e-01 8.339741950708136065e-01 8.339743637929497577e-01 8.339742591063527000e-01 8.339744700384794651e-01 8.339743878125442933e-01 8.339742009629456110e-01 8.339742324218919478e-01 8.339742906283607038e-01 8.339744028361948391e-01 8.339744228198067155e-01 8.339741771439752593e-01 8.339742803443317420e-01 8.339743217439125056e-01 8.339742330061846731e-01 8.339742939765930618e-01 8.339745340478487146e-01 8.339744900333120325e-01 8.339744295573674471e-01 8.339745248429758506e-01 8.339745496854024109e-01 8.339743013478172484e-01 8.339742573728995412e-01 8.339743094920317734e-01 8.339739539537318613e-01 8.339742216431190736e-01 8.339744232913390842e-01 8.339742985508592499e-01 8.339744710368263148e-01 8.339742004645326334e-01 8.339744184403562466e-01 8.339744671577915547e-01 8.339744026613546968e-01 8.339744373344822881e-01 8.339742666884308875e-01 8.339744654382580391e-01 8.339743769453461519e-01 8.339742790527577831e-01 8.339744459657446596e-01 8.339742889475373344e-01 8.339743848888098166e-01 8.339742796422698889e-01 8.339743704840543170e-01 8.339743691743547460e-01 8.339740949447849161e-01 8.339745736277299759e-01 8.339740815377969518e-01 8.339743993393771149e-01 8.339744255878279722e-01 8.339744062851816020e-01 8.339740924565762770e-01 8.339741186280992258e-01 8.339745027268824495e-01 8.339742363628382948e-01 8.339742000363761232e-01 8.339744240215060112e-01 8.339742910678836774e-01 8.339744283986479934e-01 8.339744176829324562e-01 8.339742060279408120e-01 8.339742170572486124e-01
8.339746751474906850e-01 8.339744940720342781e-01 8.339745801629088184e-01 8.339743986113065111e-01 8.339745267769748116e-01 8.339744350186383270e-01 8.339745287113251582e-01 8.339745727116111285e-01 8.339744284743012548e-01 1.000000000000000000e+00 8.339745520747836594e-01 8.339746786492362451e-01 8.339745613430590288e-01 8.339744162443003539e-01 8.339745781344057862e-01 8.339746427548009322e-01 8.339746190958188254e-01 8.339745829239859631e-01 8.339743792742364548e-01 8.339742576948010466e-01 8.339745623045495826e-01 8.339746193023523935e-01 8.339746596611339324e-01 8.339743164166495415e-01 8.339745409867571624e-01 8.339745116216480403e-01 8.339746419685361012e-01 8.339746887798106245e-01 8.339745657065152917e-01 8.339746369406965121e-01 8.339745091626659113e-01 8.339745928299941991e-01 8.339741678413440384e-01 8.339746489968521415e-01 8.339743035900958334e-01 8.339746869259391238e-01 8.339744856147623953e-01 8.339745662036872620e-01 8.339746158029275325e-01 8.339744283606802533e-01 8.339745217262489740e-01 8.339744996296480917e-01 8.339744485010347486e-01 8.339746338590239283e-01 8.339744696272197721e-01 8.339744015081090867e-01 8.339746605689348780e-01 8.339744192552210889e-01 8.339745927795401137e-01 8.339745006177082809e-01 8.339745313359283596e-01 8.339745317004401137e-01 8.339746932333629292e-01 8.339745506856384161e-01 8.339745019189679365e-01 8.339745623477070602e-01 8.339745362266829387e-01 8.339744076675945639e-01 8.339746345017359230e-01 8.339746181555032223e-01 8.339745047458535510e-01 8.339745583781029703e-01 8.339746036984433397e-01 8.339742565647881856e-01 8.339745971832962512e-01 8.339745091252162013e-01 8.339746119844249073e-01 8.339746469856729183e-01 8.339742704836244913e-01 8.339745742632388437e-01 8.339745128430811061e-01 8.339746087371996408e-01 8.339744376751196953e-01 8.339745036245195253e-01 8.339744663711688988e-01 8.339745624370062949e-01 8.339744083597856461e-01 8.339745188735685488e-01 8.339745915112352082e-01 8.339745488525911465e-01 8.339745040882146077e-01 8.339744348665365514e-01 8.339746475426540462e-01 8.339744515931767355e-01 8.339745157959117527e-01 8.339744619775733003e-01 8.339745899869256407e-01 8.339745266956662961e-01 8.339746149210223169e-01 8.339744677861874456e-01 8.339740842885603467e-01 8.339745691348262602e-01 8.339743826400608517e-01 8.339744551027414854e-01 8.339744007927486491e-01 8.339745618726468468e-01 8.339746124655270654e-01 8.339745315361333233e-01 8.339746160994706559e-01 8.339745204406395773e-01
8.339745880052502613e-01 8.339742689834478417e-01 8.339743129398030641e-01 8.339743540509755304e-01 8.339743905659178225e-01 8.339743801268701962e-01 8.339744907234970528e-01 8.339744399034310085e-01 8.339741648518754769e-01 8.339745520747836594e-01 1.000000000000000000e+00 8.339744606565976381e-01 8.339743892053856911e-01 8.339742017262675722e-01 8.339745433027877519e-01 8.339743522924908392e-01 8.339743728129475064e-01 8.339743700740424037e-01 8.339743975965281386e-01 8.339744451249101465e-01 8.339746543760073738e-01 8.339746265686548421e-01 8.339745798633182439e-01 8.339742457132751641e-01 8.339746613769971617e-01 8.339746789655079207e-01 8.339743970599176048e-01 8.339744943402512822e-01 8.339745190188678770e-01 8.339746318878399345e-01 8.339744129189095023e-01 8.339745983706448040e-01 8.339744344810070542e-01 8.339746557993044096e-01 8.339743590346216928e-01 8.339743154709045037e-01 8.339744555779818880e-01 8.339745844622969972e-01 8.339745553511777043e-01 8.339744399934415631e-01 8.339744658511020203e-01 8.339744702841688229e-01 8.339745727135209341e-01 8.339744389265233426e-01 8.339744925154075617e-01 8.339745443631709776e-01 8.339745403489566833e-01 8.339744082201402398e-01 8.339745357332689624e-01 8.339744102786046387e-01 8.339745914023155571e-01 8.339746642227773288e-01 8.339745194627034008e-01 8.339745959545866727e-01 8.339743525266881674e-01 8.339745313681582450e-01 8.339744523014365196e-01 8.339741433204024279e-01 8.339743731966215989e-01 8.339744102419948124e-01 8.339744238406044952e-01 8.339745442101171857e-01 8.339744488384364107e-01 8.339745499241795201e-01 8.339746797090670238e-01 8.339745911407696610e-01 8.339746411103414747e-01 8.339746241382414160e-01 8.339743310963693146e-01 8.339744837576571479e-01 8.339742436576845774e-01 8.339745492903303248e-01 8.339742595080474885e-01 8.339743382044012554e-01 8.339744597218418098e-01 8.339746530647380585e-01 8.339744048672002030e-01 8.339744789403953362e-01 8.339747239607914198e-01 8.339744563927020682e-01 8.339746036365059956e-01 8.339743186443961953e-01 8.339746642315288838e-01 8.339744779844586731e-01 8.339745274948464626e-01 8.339746661671674222e-01 8.339745045247765054e-01 8.339744058324710663e-01 8.339744572397153055e-01 8.339744426793098686e-01 8.339741930447801543e-01 8.339746009454964693e-01 8.339745608395877641e-01 8.339745321216175400e-01 8.339738998018610960e-01 8.339743762081925915e-01 8.339745327533211183e-01 8.339745640377153046e-01 8.339744447325335708e-01 8.339745526777933016e-01
8.339746539944159487e-01 8.339745527308841666e-01 8.339747434154141104e-01 8.339743926981761923e-01 8.339744937199911057e-01 8.339744290832294960e-01 8.339745766327604226e-01 8.339747081422304031e-01 8.339744360634369080e-01 8.339746786492362451e-01 8.339744606565976381e-01 1.000000000000000000e+00 8.339744861573894497e-01 8.339743514335508090e-01 8.339746161522878509e-01 8.339746563103314081e-01 8.339746725935794913e-01 8.339746341435217980e-01 8.339745618596220433e-01 8.339743280692210048e-01 8.339746234374941780e-01 8.339745512203871058e-01 8.339747059461929402e-01 8.339744194237922459e-01 8.339745029272348509e-01 8.339744402981454918e-01 8.339746560193329605e-01 8.339746973181729750e-01 8.339745590632157146e-01 8.339746304685605738e-01 8.339746020169479523e-01 8.339746132406865575e-01 8.339741371240235734e-01 8.339746611213768590e-01 8.339743665912660031e-01 8.339746756351176238e-01 8.339744979822388826e-01 8.339746702493258113e-01 8.339746526158938744e-01 8.339745370337710018e-01 8.339745287329415335e-01 8.339745018551213418e-01 8.339745260587781983e-01 8.339746628828751396e-01 8.339745390853197105e-01 8.339744243982952776e-01 8.339746232702758277e-01 8.339745241927544184e-01 8.339747211558239393e-01 8.339744793985691684e-01 8.339745172727023315e-01 8.339744850451716873e-01 8.339746987975457104e-01 8.339745198114274505e-01 8.339746106112014834e-01 8.339746190859291808e-01 8.339744705956947390e-01 8.339745439504462343e-01 8.339745857870427548e-01 8.339747149833062201e-01 8.339744754083108225e-01 8.339744886941240498e-01 8.339745708460396534e-01 8.339742079754203230e-01 8.339744750836570741e-01 8.339745738059158864e-01 8.339745250768542117e-01 8.339746350403278718e-01 8.339744006905881468e-01 8.339745693764188950e-01 8.339746219072273758e-01 8.339746547487584261e-01 8.339744444349020958e-01 8.339744664136495844e-01 8.339743936281578396e-01 8.339745953486870089e-01 8.339744441908338857e-01 8.339745437895687008e-01 8.339745619446877756e-01 8.339746354649545390e-01 8.339744920836235087e-01 8.339745360299229970e-01 8.339746148874307430e-01 8.339744216491777884e-01 8.339745256874377954e-01 8.339743454182952931e-01 8.339746043367676220e-01 8.339745972435953503e-01 8.339746115338914079e-01 8.339744776779142166e-01 8.339741392447310719e-01 8.339745381145950986e-01 8.339744635268245831e-01 8.339745719778124400e-01 8.339745256775039639e-01 8.339745510807594631e-01 8.339745958378824708e-01 8.339745684932512448e-01 8.339746962271452624e-01 8.339745493028629664e-01
8.339745574573764753e-01 8.339744946256228975e-01 8.339743730984447989e-01 8.339744272305747996e-01 8.339746342338334451e-01 8.339742277999879771e-01 8.339743852531262824e-01 8.339744575944610938e-01 8.339743199623756986e-01 8.339745613430590288e-01 8.339743892053856911e-01 8.339744861573894497e-01 1.000000000000000000e+00 8.339745251858386998e-01 8.339744179821075853e-01 8.339745034122407752e-01 8.339744998949609744e-01 8.339744381229932113e-01 8.339743197944626818e-01 8.339740881336773493e-01 8.339742854753419143e-01 8.339744573858267618e-01 8.339745533062061789e-01 8.339744336233501087e-01 8.339742272909280718e-01 8.339744128491388686e-01 8.339745622000386271e-01 8.339746348643487517e-01 8.339742907843104014e-01 8.339744081088926730e-01 8.339746294397550885e-01 8.339744366506613993e-01 8.339740514393346738e-01 8.339744136760235405e-01 8.339743059830393435e-01 8.339745614635660775e-01 8.339743464578271981e-01 8.339744695433575217e-01 8.339743879913984470e-01 8.339741300976485361e-01 8.339743242316898231e-01 8.339745676808676400e-01 8.339743552201761556e-01 8.339747048839569743e-01 8.339742141820903898e-01 8.339741926336992073e-01 8.339746181556220161e-01 8.339743639256507191e-01 8.339744305193045326e-01 8.339742289757104965e-01 8.339741677688927712e-01 8.339744196534876197e-01 8.339744593171556364e-01 8.339742128697062995e-01 8.339745122820677592e-01 8.339744177561606575e-01 8.339744281448596697e-01 8.339743995514410368e-01 8.339746038614926915e-01 8.339744719648146676e-01 8.339745703167951163e-01 8.339745106534456331e-01 8.339745369008396692e-01 8.339740882639677944e-01 8.339744690803061467e-01 8.339745018237783025e-01 8.339743446728572485e-01 8.339745397123778936e-01 8.339743290008805321e-01 8.339745831883155214e-01 8.339746121969481285e-01 8.339744234207051576e-01 8.339742993837314655e-01 8.339744832171056554e-01 8.339742917380639220e-01 8.339744236305702829e-01 8.339740779036499685e-01 8.339745140640112409e-01 8.339743664577597970e-01 8.339744304867242608e-01 8.339743651963035243e-01 8.339745652458639968e-01 8.339744903886529004e-01 8.339744950488230391e-01 8.339745909887974484e-01 8.339743169866564720e-01 8.339744604194450073e-01 8.339745893200988247e-01 8.339745458489452590e-01 8.339742465201708255e-01 8.339742758229281572e-01 8.339746017682349022e-01 8.339740644292308325e-01 8.339743062215627667e-01 8.339743965404757819e-01 8.339743795079400668e-01 8.339744857398901923e-01 8.339743503075761621e-01 8.339744330289294849e-01 8.339741460823433261e-01
8.339744108383517762e-01 8.339744204803549721e-01 8.339742829178221628e-01 8.339745139402566787e-01 8.339744414131776695e-01 8.339745041885161525e-01 8.339744301645725111e-01 8.339743339875035355e-01 8.339740366032736274e-01 8.339744162443003539e-01 8.339742017262675722e-01 8.339743514335508090e-01 8.339745251858386998e-01 1.000000000000000000e+00 8.339744706941428776e-01 8.339743139129717209e-01 8.339744937860931184e-01 8.339745501164017583e-01 8.339742675209202982e-01 8.339742941724900271e-01 8.339742502245165445e-01 8.339744338714670802e-01 8.339742987885254699e-01 8.339743459737781750e-01 8.339740998326389265e-01 8.339744078336582822e-01 8.339743567409645397e-01 8.339746004571017002e-01 8.339743082511519301e-01 8.339744128505892640e-01 8.339745664145085113e-01 8.339744267522042342e-01 8.339741440145780338e-01 8.339743974218536415e-01 8.339743352713900881e-01 8.339744182916034587e-01 8.339744580970819277e-01 8.339743959192864597e-01 8.339743237598293835e-01 8.339742325738291884e-01 8.339745191010144998e-01 8.339745528795858842e-01 8.339743335489188114e-01 8.339745184255458188e-01 8.339742239769024623e-01 8.339743039631486443e-01 8.339745366087809586e-01 8.339744891735402232e-01 8.339743387016164133e-01 8.339740694811643706e-01 8.339743034302204983e-01 8.339743424662998672e-01 8.339744920266720651e-01 8.339743119877162103e-01 8.339742097461723125e-01 8.339743372172429003e-01 8.339745130626344816e-01 8.339744791021966863e-01 8.339743522871237991e-01 8.339743693415752057e-01 8.339746611425588041e-01 8.339746094093170026e-01 8.339745392776605204e-01 8.339742939447035708e-01 8.339744199956754533e-01 8.339744155054648056e-01 8.339743831232783178e-01 8.339743425323005166e-01 8.339744930066800288e-01 8.339745404660565686e-01 8.339744528442752936e-01 8.339744348501180182e-01 8.339743709538663952e-01 8.339744855579069860e-01 8.339740531919365152e-01 8.339743587387967727e-01 8.339741843154790946e-01 8.339745616945964946e-01 8.339742286745512878e-01 8.339744346473120240e-01 8.339744816007649275e-01 8.339744694562607474e-01 8.339744621953287806e-01 8.339746583581133521e-01 8.339743612891376001e-01 8.339743290938494980e-01 8.339745625479744184e-01 8.339745592300901178e-01 8.339746330581220279e-01 8.339742764930513363e-01 8.339743620335151597e-01 8.339744318925922384e-01 8.339740420116276143e-01 8.339742817720110502e-01 8.339741466048837815e-01 8.339744769350191378e-01 8.339745696157115917e-01 8.339744122609398236e-01 8.339744821287613519e-01 8.339742266465736131e-01
8.339746731131263413e-01 8.339745467556352043e-01 8.339745529653057599e-01 8.339745153767459396e-01 8.339745217261597121e-01 8.339745968830770684e-01 8.339746730625183790e-01 8.339746772128706631e-01 8.339742742574658418e-01 8.339745781344057862e-01 8.339745433027877519e-01 8.339746161522878509e-01 8.339744179821075853e-01 8.339744706941428776e-01 1.000000000000000000e+00 8.339744721474121603e-01 8.339745905865408870e-01 8.339746729513950463e-01 8.339745574519811244e-01 8.339745768188577824e-01 8.339746550921709467e-01 8.339746585592014982e-01 8.339745847997527273e-01 8.339744072095995886e-01 8.339746335379990549e-01 8.339746319962862975e-01 8.339744716829332605e-01 8.339746607435722936e-01 8.339745336933011011e-01 8.339747238185565292e-01 8.339745789220701644e-01 8.339747034561300065e-01 8.339745569226578725e-01 8.339747117558801159e-01 8.339744748958413112e-01 8.339744908481127039e-01 8.339745973305492388e-01 8.339746987366211117e-01 8.339745500122904831e-01 8.339746824042064688e-01 8.339747381070873322e-01 8.339746227998217076e-01 8.339745192803483809e-01 8.339745828641447201e-01 8.339744771716002258e-01 8.339746176227115226e-01 8.339746829199233824e-01 8.339745192047669509e-01 8.339746557564682305e-01 8.339744245515753329e-01 8.339746457864282148e-01 8.339746885334198279e-01 8.339746348509025076e-01 8.339746882245336890e-01 8.339744786293723511e-01 8.339746220265823462e-01 8.339745453832831945e-01 8.339745472823150152e-01 8.339745499138646601e-01 8.339746516493041772e-01 8.339746024898768706e-01 8.339746406213252028e-01 8.339746840592076049e-01 8.339745268742341233e-01 8.339746416186279987e-01 8.339745985770030678e-01 8.339745690209312556e-01 8.339745932805663342e-01 8.339745043992018436e-01 8.339744970470499563e-01 8.339744618648042840e-01 8.339747479069400393e-01 8.339745962321873929e-01 8.339745795548058060e-01 8.339745451708668877e-01 8.339747094335123734e-01 8.339745750465882290e-01 8.339746231960365463e-01 8.339745946047251168e-01 8.339747347955965839e-01 8.339746152284701619e-01 8.339745927419194294e-01 8.339747147931199089e-01 8.339746465021407040e-01 8.339745160429095083e-01 8.339745552969058950e-01 8.339746697439626155e-01 8.339745729950457376e-01 8.339746924017794605e-01 8.339746615424605825e-01 8.339744370885383562e-01 8.339745927342242515e-01 8.339746038022538555e-01 8.339746738714897134e-01 8.339742185143156350e-01 8.339746079171382886e-01 8.339746876071333359e-01 8.339746948999713361e-01 8.339746618884701368e-01 8.339746526520558367e-01
8.339746533271733542e-01 8.339744444636431053e-01 8.339745677772860688e-01 8.339745043683824965e-01 8.339744844236216537e-01 8.339743592573968245e-01 8.339745079761731184e-01 8.339745548678597631e-01 8.339745763369622589e-01 8.339746427548009322e-01 8.339743522924908392e-01 8.339746563103314081e-01 8.339745034122407752e-01 8.339743139129717209e-01 8.339744721474121603e-01 1.000000000000000000e+00 8.339746474286887645e-01 8.339745541483675195e-01 8.339743544449363943e-01 8.339741874795176813e-01 8.339744114217544357e-01 8.339745573410173307e-01 8.339746879511471533e-01 8.339743687841734143e-01 8.339744196613436689e-01 8.339743565460683294e-01 8.339745528317999979e-01 8.339746652168398278e-01 8.339745924374413200e-01 8.339745222027342697e-01 8.339745537527011310e-01 8.339745451757771821e-01 8.339739086235553600e-01 8.339745413339869629e-01 8.339740949269175418e-01 8.339746048101328579e-01 8.339744052760833526e-01 8.339745445233124332e-01 8.339746516640085261e-01 8.339743788758884335e-01 8.339743971811051093e-01 8.339745601976567002e-01 8.339743786300255479e-01 8.339746193855060996e-01 8.339744333892380457e-01 8.339742090075467074e-01 8.339745330945945723e-01 8.339744007543624660e-01 8.339745882032935098e-01 8.339743076661981780e-01 8.339743651501411170e-01 8.339744331713747627e-01 8.339745460164984525e-01 8.339743633781923071e-01 8.339746265266477776e-01 8.339744907206558810e-01 8.339744498625224489e-01 8.339745608028530377e-01 8.339746049020210217e-01 8.339746045683676945e-01 8.339744722915755082e-01 8.339743702634160316e-01 8.339745608843300850e-01 8.339740538033924011e-01 8.339743411272955154e-01 8.339744925408217879e-01 8.339745157440626722e-01 8.339745488767594805e-01 8.339743335006387648e-01 8.339744857526311117e-01 8.339745355719079267e-01 8.339745721498249553e-01 8.339745492563388485e-01 8.339745660202294575e-01 8.339744057897299223e-01 8.339744860831486140e-01 8.339744446576849990e-01 8.339744569784933725e-01 8.339743967709843941e-01 8.339744959400513524e-01 8.339744257541938932e-01 8.339745397914025693e-01 8.339744820177471540e-01 8.339743119561952023e-01 8.339745366734029330e-01 8.339742460615487962e-01 8.339745145401740167e-01 8.339745251473343890e-01 8.339745154696035501e-01 8.339744462757578969e-01 8.339741465623520256e-01 8.339745748177557205e-01 8.339743371793505444e-01 8.339744856646744697e-01 8.339744219597193808e-01 8.339743666927347254e-01 8.339745097014805708e-01 8.339744837517931719e-01 8.339745898367640908e-01 8.339743516675804935e-01
