1.000000000000000000e+00 3.541955129256168511e-01 4.307042136364745977e-01 -1.718043703082795248e-01 3.544274805245514748e-01 3.035086629201720898e-01 2.689963221431656004e-01 2.408279591670305919e-01 1.380988436782338014e-01 4.069302962326861728e-01 -1.797500434919137857e-01 1.068296304446250261e-01 -2.610787178843391176e-01 -4.957624645628287974e-01 -2.228427297105844418e-01 5.157240137954934855e-01 -1.561343230489694034e-01 -4.162585331617554146e-02 -4.322811059659581456e-01 1.125070943121370959e-01 -4.625435843702647154e-01 -3.051946278764008924e-01 -5.231930392157643217e-01 -6.906953788475959921e-02 2.644098857510867595e-01 -2.923896022396210714e-01 -4.042090161631864409e-01 -3.572458189106906268e-01 -3.007771735837078686e-01 -4.547215728298865112e-01 1.347320937266438812e-01 5.294016136020331109e-02 -6.336310475130087563e-03 -2.786310874068143040e-01 -2.376194920650732956e-01 8.693581465561044108e-02 -2.186038582061234914e-01 3.528905672654241710e-01 -1.634496878945510545e-01 1.783725656283612071e-01 -1.147167367153142936e-01 7.331058610113888596e-02 -1.957595431667302488e-01 -1.275179327833897425e-01 -7.927296393554392195e-02 -3.878704322426099749e-01 -6.036816839001599710e-01 -6.039004285446739617e-01 2.549636563474615425e-01 -1.004449314863266746e-01 7.850743184644719541e-01 5.076074336356638517e-01 1.182527783100272845e-01 -3.506844579010673368e-01 -1.130381779316269597e-02 5.001681158052925236e-01 4.167328739454571884e-02 2.510351828938257590e-01 -1.004171886991738344e-01 -3.971110520770740338e-01 -4.643280540043698973e-02 -1.938673280712691349e-01 -3.876975878534347775e-01 -2.348004576350686823e-01 -3.876978891847031594e-01 -2.645985709473261949e-01 1.176827680685411243e-01 -2.953971517573270589e-01 -4.878455038348314399e-01 7.987560526215449486e-02 -2.880927679154066112e-01 -2.680880064614052372e-01 -4.718782403776957124e-01 -4.348597689183505977e-02 5.031666832916647375e-02 -2.620669449070712753e-01 -2.112984563269635074e-01 -4.305397052503479594e-01 1.599920660185725763e-01 1.006155278450723556e-01 -3.770319608588589277e-01 -5.471012439927026155e-02 -3.047101483746562645e-01 -2.004114011607998902e-01 -5.154446352710356782e-01 -5.638544133217661125e-01 -2.195146884975582580e-01 -2.530277423285901550e-01 -1.355980379506570820e-02 1.830616606245316288e-02 -5.651494424096145663e-02 1.476270412440337243e-01 -1.810129670439703312e-02 2.753811316870647952e-01 -4.300792491164586728e-01 -1.280716601757133366e-01 -3.783707175941892209e-01 -5.568826795161786469e-01 2.773739468462715352e-01 -1.725927434107134562e-01
3.541955129256168511e-01 1.000000000000000000e+00 7.425412265650840338e-01 6.596419529452078601e-02 4.101155321096587869e-01 6.439698451013948777e-01 6.156828559991794902e-01 7.763718588127823672e-01 6.256218008170780776e-01 3.151226642194159822e-01 2.684081000317921073e-01 3.036530348059300888e-01 1.371068110991260358e-01 -5.479636645532534600e-02 -4.678101167213397256e-03 4.429158630840615007e-01 1.255520200263690600e-01 2.039177688327131199e-01 -2.543311979394923331e-02 1.275916118639180974e-01 -7.573716349406209303e-02 -9.986265384194778494e-02 -2.333150946080621013e-01 2.152832675098356741e-01 1.798746679202008480e-01 8.671795583780358627e-03 2.894945617169910126e-03 -4.975241354494348844e-02 1.451063033341063735e-01 -2.151959735536238261e-01 -5.806791675128963881e-02 -2.679295099558592352e-01 -2.400724996566766523e-01 -2.676983731074592532e-01 -8.893665225273915398e-02 5.986081466556764097e-02 -2.165425405146899351e-01 -9.103553645737384736e-02 4.582597555545493695e-02 2.731813195137816064e-01 -3.032799072895730474e-01 2.356782558406058173e-02 -5.309064763817916005e-02 -3.000007513198983400e-01 -2.071436568462232120e-01 -1.866279185541803998e-01 -3.160948020586361595e-01 -4.243994706958176266e-01 2.447519717689903285e-01 -2.335144399463712495e-01 4.331205637590145319e-01 7.736456799650187621e-01 3.297824830397140805e-01 -1.487659238028793962e-01 4.849598994478526715e-01 6.585573357911002068e-01 4.229994218388533622e-01 7.008590862008210465e-01 2.248493949267186265e-01 -4.945475150916156526e-02 2.437064235192221984e-01 2.465306891804825706e-01 -4.600055471708223986e-02 -3.290215705829754173e-02 -1.747205964601499517e-01 -5.472888699111033012e-02 -2.249169672293491531e-02 1.099759953920743244e-01 -2.849565950468225806e-01 2.065821593501966646e-02 3.360546531099913026e-02 6.035817795246769396e-02 -2.084424158784333458e-01 3.248112367781237353e-01 3.381287378434295610e-01 1.239772373324546512e-01 1.362977037145111925e-01 -6.408953405953544957e-02 -1.675181981963111411e-01 -2.807120998920727972e-01 -1.117074450673769676e-01 -3.947868566809360491e-01 -2.427946138186080349e-01 1.511812059957602476e-02 -1.032509727349987250e-01 -3.248235720283815797e-01 -2.207052032239392447e-01 -7.780042644633324012e-02 4.296550035960827740e-02 2.368029906851835398e-01 -3.180769440330670217e-01 2.193389861674612529e-01 3.298862515111410376e-01 2.453129956389977495e-01 -6.056682458939782743e-02 -4.165402311882308029e-01 -2.042867576243208305e-01 -3.835568295780303338e-01 1.874475362791843125e-01 -2.937204393912467015e-01
4.307042136364745977e-01 7.425412265650840338e-01 1.000000000000000000e+00 8.051539468524995802e-02 2.276178882734236075e-01 6.500196861560437744e-01 6.406781876839843237e-01 6.757021848557858146e-01 5.985848828634870999e-01 2.603623238344877078e-01 1.704333867504431166e-01 3.926170986976995625e-01 8.404947323685861560e-02 8.874536624668421733e-03 1.273122792849292750e-01 3.633488426224891210e-01 1.560006810274913724e-01 2.404158352825746803e-01 4.275480778072728028e-02 7.690344614085124764e-02 -3.847697966468140857e-02 -4.801881789683391105e-02 -9.330927081935859457e-02 3.711178750987632058e-01 2.001584031196235736e-01 -4.664201125986725677e-02 3.902357191222574628e-02 3.546687714744414105e-02 1.771392811199674067e-01 -7.528870469544521327e-02 -7.812552240703738576e-03 -2.196297100509842781e-01 -1.897542409250068118e-01 -1.779157428828666843e-01 -8.676290691060556393e-02 2.052242839652807654e-02 -2.794500197660553797e-01 -4.143773185472802989e-02 -8.747144585253421867e-02 2.734192645734382920e-01 -3.109229949701668994e-01 1.540399302971310336e-01 -7.936182523113542719e-02 -3.250519126337431675e-01 -2.909257482501697023e-01 -1.641957567206447643e-01 -2.369488009258343408e-01 -3.780029925359552068e-01 1.983452852233080765e-01 -2.099632091019377200e-01 4.427301186873690564e-01 6.712795228169025075e-01 2.923031035262952937e-01 -1.135443647277256801e-01 2.848712407875635955e-01 7.321099404848345760e-01 4.626005345434722194e-01 6.491736074992545680e-01 1.320545990973819028e-01 -1.659036340794400877e-01 4.209504715920733275e-01 2.784593298240448656e-01 1.313981384873468272e-01 6.400811399473214924e-02 -5.213468147531312435e-02 6.785560584685196295e-02 1.124277258727793688e-01 1.969150134284369802e-01 -2.308615373833922957e-01 -1.953891191537990984e-02 2.390285007812008658e-02 1.691981788151298294e-01 -7.038779593813881963e-02 3.477356199036036877e-01 4.543619093309230750e-01 1.249613951538530165e-01 2.252308481724234757e-01 1.293602466037619414e-01 -1.398709717166511379e-01 -1.898424804780083353e-01 -9.051619096003225839e-02 -4.609630840828845000e-01 -1.644083735364686161e-01 9.959830879363813783e-02 -6.688694819319310203e-02 -1.940736701657423402e-01 -2.138112379333120816e-01 -8.427420711087189875e-02 4.294196927589475493e-02 2.967552665734570216e-01 -3.312569152168453046e-01 1.489842371106724628e-01 2.894464087383444850e-01 3.893422504781842153e-01 -8.948438245722682705e-02 -4.484277205587320347e-01 -1.692379491958194149e-01 -2.930804238947977702e-01 1.635631230648480483e-01 -2.450128334375588079e-01
-1.718043703082795248e-01 6.596419529452078601e-02 8.051539468524995802e-02 1.000000000000000000e+00 1.971206647658840794e-01 2.405166520881339004e-02 2.416715109822060448e-01 1.650089304355104591e-01 4.080543822165130785e-01 -1.684345552111982114e-01 -3.824995464089146063e-02 -3.084982747151783500e-02 6.899224727233133070e-02 4.066897040995102741e-01 5.298749960058712904e-01 -2.759043218130577402e-02 -4.638769445555938897e-02 2.894896101236609232e-01 3.891999255575734895e-01 1.076200262134109215e-01 3.924279955311105184e-01 -6.517866068681361924e-02 3.884215631102302946e-01 -2.858671817034563051e-02 -2.899631155507780833e-01 -2.310485653334607981e-01 3.106049804015760182e-02 1.694231632953464850e-02 2.780675667564838638e-01 2.560641754318327967e-01 -1.410960206439077110e-02 2.205042706821461196e-01 1.730563003048858350e-01 9.414172209609253383e-02 -1.401305645034360281e-01 -3.043355058620142092e-02 1.999632618620133806e-01 4.060563766507926248e-02 3.156920475311938284e-02 -1.149418902867058168e-01 -5.757019224352481757e-02 1.368647258481004991e-01 -2.476805257143500916e-01 1.304298673968677935e-01 -7.279026215106963738e-02 1.227646949567809814e-01 3.240291781697950402e-01 2.345790935398060217e-01 -1.443124500567788751e-02 2.763159117251797608e-02 -3.227909972246058579e-01 -6.065925318963693441e-02 2.878145080000200640e-01 8.119084835239349651e-01 4.026263237972865783e-02 2.226953493497317027e-01 5.287490619744307230e-01 3.207430763916547800e-01 -2.368730442097434497e-01 -1.479767651243956428e-01 1.769876464621334411e-01 2.513607179525922941e-01 4.348521078217517655e-01 5.343197359956284309e-01 5.129395795745487208e-01 5.123814381578422061e-01 3.089161552644670850e-01 4.131433575960930527e-01 1.952144120027617946e-01 -1.022963227777567291e-01 3.765856842797948856e-01 1.629999204915641153e-01 3.018989303887645304e-01 1.584450464876569487e-01 2.999462166167639679e-02 -1.537575846645082844e-01 4.083771044998653066e-01 3.116167222080828969e-01 -8.376039488240305531e-02 9.460366394884121843e-02 -3.797209375892687810e-02 -2.226806392697969761e-01 5.879744858966894777e-02 -2.348231552509369956e-03 4.800661588770125526e-02 3.652398814104672597e-01 2.145392676562517253e-01 -1.801320642884649825e-01 8.840737721777899849e-02 3.743657309211630840e-02 3.583782769303608950e-02 -2.160961781605108545e-01 -5.036046212481289260e-03 9.970412641371950019e-03 -2.210137161275351203e-01 -1.406238089946201288e-02 8.182151817459033805e-02 3.067399668491584963e-01 1.372587920194933420e-01 3.241121339441885296e-02
3.544274805245514748e-01 4.101155321096587869e-01 2.276178882734236075e-01 1.971206647658840794e-01 1.000000000000000000e+00 3.311659057303770193e-01 2.346101305038332252e-01 3.511687679073244861e-01 3.469239097278075112e-01 1.614583569796808338e-01 -6.384169862337295276e-02 -1.083863445348741267e-01 3.471938861501677742e-02 -6.430958178074820675e-02 7.491084865416172689e-02 3.946833018752424205e-01 -1.286147730987995397e-01 1.194245540720896143e-01 -1.011493888673629105e-01 2.061091457955448458e-01 -6.460787441571991252e-02 -2.435780593109277137e-01 -2.168518214946650313e-01 -2.623269089149691258e-01 -9.574363403769059477e-02 -3.070762535243197200e-01 -2.394290149123783074e-01 -1.997732244345400421e-01 -1.143541842683812870e-01 -2.724717720985653235e-01 -2.338529972550179303e-01 -1.636015036284226649e-05 1.099547398853841645e-02 -1.647630353831116001e-01 -1.572302243871182559e-01 1.469015003611885972e-01 2.275066428049135267e-02 -2.699050984172568154e-02 -7.288397588963391183e-02 -9.533109195650452117e-03 -7.558888332046044545e-02 -2.149599943979307315e-01 -2.592651416435782230e-01 3.432245620765782268e-02 -4.910934452559644753e-02 -1.556245635620790713e-01 -2.961990883523332174e-01 -2.283642734383933004e-01 3.263801101473683963e-01 -4.454925885048188761e-02 3.456724721116978816e-01 4.272301609208724593e-01 2.045786242357248430e-01 5.470542675987716263e-02 3.760527785891495944e-01 3.298261522270604096e-01 1.539551604399519991e-01 3.681598267191824592e-01 -6.769158905952347982e-02 -2.045479371529220214e-01 -1.327779128923586571e-01 2.990226691801659356e-02 -1.545047971201750914e-01 6.986838415588708662e-02 -6.629917269264279378e-02 1.669242959015517294e-02 5.965795948276071681e-02 -6.586919517689811265e-02 -2.303468086579499585e-01 3.131821966550928094e-02 1.013854193712765139e-01 -2.031201260504481854e-01 -2.327789411179796153e-01 6.740925240472901703e-02 -1.051815087838844087e-01 -3.213255768627020781e-01 -3.904257561877701177e-02 -2.956439515431453224e-01 -6.764198227878204239e-02 -1.695261427548417354e-01 -3.266745295030638041e-01 -8.743312083865678597e-02 -3.023130492280346471e-01 -1.239492184415633552e-01 -2.704902148514800597e-01 -2.768258385643231900e-01 -4.650706318917694621e-02 -1.632969232104376223e-01 1.070748560956624601e-01 -1.624000464896344087e-01 -2.931712717961487344e-02 4.632583950282308238e-02 9.071534004899145520e-02 -1.357180109278313396e-01 -4.369129524034665035e-01 -1.011427318366145273e-01 -2.082242157024427331e-01 -2.290223527033502793e-01 3.053038347010899045e-01 -6.713877890753477962e-02
3.035086629201720898e-01 6.439698451013948777e-01 6.500196861560437744e-01 2.405166520881339004e-02 3.311659057303770193e-01 1.000000000000000000e+00 5.594787077947163123e-01 5.845586396264813578e-01 4.728927354798821980e-01 2.967932741287866438e-01 1.845616339264206929e-01 3.538236206494403402e-01 1.902543909473930484e-01 -3.234597704664753104e-02 -4.517460551906365279e-02 2.220596816917867200e-01 2.097741364719617474e-01 2.332394983707006819e-01 -3.985642192070934856e-03 1.611674159374180404e-01 -1.307401139869909523e-01 1.340004601181643829e-01 -1.929759013531844591e-01 2.887573547692172671e-01 7.992927657709733569e-02 7.491248983906562131e-02 1.609611706807237419e-01 -3.665657043601838055e-02 1.225125709007859193e-01 -1.805515202884345194e-01 -1.958768846377180808e-02 -4.263867912984280473e-01 -2.519713375027484159e-01 -4.807425558247969966e-02 8.822645450184661564e-02 7.127866908368177268e-02 -2.233554018609936742e-01 -2.242654130475094376e-01 -2.112647679780745025e-02 3.009780891544746595e-01 -1.347351896212582723e-01 1.553123801479315003e-01 1.429705882563517272e-01 -3.138850979505218852e-01 -6.587947569345520282e-02 -1.178339063226164635e-01 -2.033715006104123701e-01 -3.173300771339101489e-01 4.282245455542498802e-01 -8.709503050275881064e-02 3.500673984771737191e-01 5.728813330966719963e-01 1.120005222905671588e-01 -9.997531250869461095e-02 6.171164763424314970e-01 6.285480471257882673e-01 2.923102658230534168e-01 4.999157895572440280e-01 2.323546520610825228e-01 -1.156680032834017380e-01 1.812669082147980726e-01 1.100357738893346510e-01 -2.955758189831605640e-02 -5.420333830175542295e-02 -1.778694772980423944e-01 -1.275022757402693441e-01 -3.742164519653740778e-02 4.355563318624228186e-02 -1.299458865078517156e-01 1.140761201483928185e-02 -8.540314877772599289e-02 1.210693730937040802e-01 -1.958105957917802842e-01 2.597030307519038739e-01 2.356345278799389931e-01 1.135974537218792380e-01 3.605152623565887476e-02 -2.765587578176781705e-02 -7.958885337542370708e-02 -2.975711015499551970e-01 -7.041581688101601622e-02 -2.939783008992201685e-01 -1.052762017765979524e-01 1.453125367323644390e-01 5.530723111420585841e-02 -2.310615586774031061e-01 -2.457006442563113291e-01 -3.576392827852380250e-03 1.414044992366430553e-01 1.471589877048984363e-01 -3.220999004339094585e-01 4.375462946327176444e-02 1.793350675447081266e-01 3.025004552220025289e-01 3.002320291109837960e-02 -3.670744223918933069e-01 -8.807869941804287450e-02 -3.208300970207991765e-01 3.497320360599310840e-01 -1.087196719771286180e-01
2.689963221431656004e-01 6.156828559991794902e-01 6.406781876839843237e-01 2.416715109822060448e-01 2.346101305038332252e-01 5.594787077947163123e-01 1.000000000000000000e+00 6.127340026635829107e-01 6.087852547424186245e-01 2.055335851040333839e-01 2.206666808845205163e-01 3.112701207804613457e-01 1.476927452622839865e-01 2.820911220644249998e-02 1.092885878976602304e-01 3.469486867119476181e-01 1.528228003130231993e-01 2.667325098973464814e-01 7.813984433141975272e-02 2.469871208310170374e-01 1.851488038242737888e-02 -1.206747543071460572e-02 -5.620102408670510363e-02 2.825851708098047754e-01 1.727953985116494340e-01 2.684077815212496110e-02 6.546546675605209586e-02 -3.544793551332503512e-02 2.602367064958250320e-01 -1.423833321580678379e-01 7.136059186633582352e-02 -1.868781224314454703e-01 -2.219258076772648025e-01 -1.616385937885894686e-01 -3.758320765206599190e-02 6.311495917416079515e-02 -7.612938860790534334e-02 4.035957172665769616e-02 3.597655492088911583e-02 3.806613188213394117e-01 -1.262811647397152071e-01 8.427570508287988982e-02 -6.971063747687472612e-02 -1.331179393988796422e-01 -1.331280130011676388e-01 -1.144635544722854420e-01 -1.298992348783330197e-01 -2.647542865903898535e-01 2.725178379896505687e-01 4.934237620320932466e-02 3.001680965097791032e-01 5.564858735979598681e-01 3.556017690384238317e-01 6.476372388915470346e-02 3.010067598040572778e-01 6.322605358078189353e-01 5.242445572121187114e-01 6.083543832850197841e-01 1.022144516973743644e-01 -7.303026901946357841e-02 2.624750476387155973e-01 2.836294622775540897e-01 1.187511686158888163e-01 8.059618535486264002e-02 -1.679011492040427891e-02 8.996779157391573967e-02 3.306922041930900891e-01 2.189342113716225280e-01 -2.307694011116991073e-01 -6.020773151727647904e-02 1.198979070787399154e-01 1.200918078727601368e-01 -9.015488508687459490e-02 2.472098546324826285e-01 3.159903596325866482e-01 1.430007608381488882e-01 3.244492018059952909e-01 5.236383970882484834e-02 -3.100732360176746902e-02 -1.080517349273720090e-01 -1.219768671004899802e-01 -3.989726196605714037e-01 -8.705509595108928966e-02 6.747322313736582589e-02 -8.375160871198610024e-02 -1.528373739644026119e-01 -2.454042799686944470e-02 -1.189780878924909940e-01 1.232011663207181057e-01 3.184524043267641935e-01 -2.094784829918662494e-01 1.915808332831057947e-01 2.827889907054609853e-01 2.768413475014294689e-01 -9.286035533456982183e-02 -2.454722056921684881e-01 -1.457866445686805956e-01 -1.852248105038130366e-01 2.726797614442669770e-01 -5.209454879487810525e-02
2.408279591670305919e-01 7.763718588127823672e-01 6.757021848557858146e-01 1.650089304355104591e-01 3.511687679073244861e-01 5.845586396264813578e-01 6.127340026635829107e-01 1.000000000000000000e+00 7.039064821593635779e-01 3.140145191454986051e-01 2.885429786129317664e-01 2.951189965538563165e-01 1.589346528492893706e-01 6.476443892768445065e-02 1.259880154194865376e-01 4.104590335972770343e-01 2.051183310441733465e-01 4.128536912872321496e-01 9.857143423047652619e-02 2.008989638218773577e-01 3.976332270066509217e-02 -8.287054342406670326e-02 -1.237219164499651219e-01 2.490047007719120575e-01 1.569467101149191746e-01 1.500416117275688715e-02 -2.225243990648725217e-02 -1.156069602016792097e-01 2.191791968641832455e-01 -1.810257291813969216e-01 -2.814807557373736127e-02 -2.038235899744834101e-01 -1.964992247156567562e-01 -2.190370509908008967e-01 -1.935356864617525929e-01 3.084719122333165128e-02 -2.716862866738556370e-01 -8.988944800188453099e-02 7.909984808762018926e-02 2.409722313971105201e-01 -4.034573514868169397e-01 -5.301282320030224066e-02 -9.231885726220441513e-02 -2.971257306145649868e-01 -2.596580998699355991e-01 -2.571193075572142939e-01 -2.732402849344679474e-01 -4.063276490251540585e-01 2.052507337346988481e-01 -3.040097781631822538e-01 3.290344531629360580e-01 6.785261309548973330e-01 3.861142224962285652e-01 -6.594641267283735120e-02 4.708325664228141805e-01 6.088757996744054157e-01 5.873806618509462840e-01 7.910444631295407980e-01 2.269465038723009753e-01 2.534654037602071877e-02 2.788018828586830700e-01 2.728195827982844990e-01 7.444897374472332630e-02 1.210434747450314652e-01 -2.980508644265054963e-02 9.123412768118795146e-02 -2.853129706859100848e-02 2.124832234164872324e-01 -2.445693342001647175e-01 1.081120047557300873e-01 1.528053338219049762e-01 6.559639120323962347e-02 -1.406205880006553277e-01 3.495613337832624845e-01 3.676206471925999031e-01 1.320421818297355387e-01 1.821763867753747046e-01 -1.560924737081647272e-02 -1.636126442430022865e-01 -2.848946803490824964e-01 -5.756309718256780866e-02 -4.507790107353344400e-01 -2.408100079480695044e-01 -3.687252831018115323e-02 -9.095739376301313628e-02 -2.501085271180721326e-01 -2.471436180785629433e-01 -1.928557555750083086e-01 6.120860057450047687e-02 1.728350642201026410e-01 -3.196472087871577994e-01 1.860092491973396878e-01 3.342825605588748972e-01 1.516194763981862370e-01 -7.445494782931511013e-02 -4.359792199217276121e-01 -2.654416262552204975e-01 -3.344328437401426490e-01 1.700362164370650964e-01 -3.610806629296583470e-01
1.380988436782338014e-01 6.256218008170780776e-01 5.985848828634870999e-01 4.080543822165130785e-01 3.469239097278075112e-01 4.728927354798821980e-01 6.087852547424186245e-01 7.039064821593635779e-01 1.000000000000000000e+00 1.548638680044114035e-01 2.551579495561565603e-01 2.084886769300350606e-01 1.657784759900616522e-01 1.819765947216109014e-01 3.741709522001250843e-01 3.434152190143326400e-01 1.587093925256189142e-01 4.397256406822078190e-01 2.168293532301733273e-01 3.258378204695727143e-01 1.839736028495092268e-01 -1.524233417545897418e-01 9.418527871748333391e-02 1.577159206983840267e-01 7.482393997209500769e-02 -9.969061695333479578e-02 -6.748040723449588718e-02 -8.636391833429982179e-02 3.058162019925178554e-01 -4.027076321436233626e-03 -9.501767093576116152e-02 4.489971755749740806e-02 -5.741130124428130838e-02 -1.214662510622109420e-01 -3.023848820784789115e-01 1.869302105459230978e-01 -5.646286787388261202e-02 -1.862931883624949214e-02 4.302388170236180059e-02 1.511623241267701090e-01 -3.420498970778176884e-01 -9.118243512332238968e-03 -2.920156925690379213e-01 -1.833837323379033935e-01 -2.911615700081539582e-01 -2.020531852440948239e-01 -1.408885969025659157e-01 -2.193492529421571802e-01 2.210907194931504005e-01 -1.915543150445047638e-01 1.549825024499211223e-01 5.415263491677303476e-01 4.952614675760573792e-01 2.022335861163956916e-01 3.821661883219648614e-01 6.751034990714329664e-01 7.330690587012570480e-01 8.250583277126433135e-01 1.229720323761632900e-01 -2.834828450413439532e-02 3.126669117613860571e-01 4.241858001408532752e-01 2.878435870200491409e-01 3.347707279482133869e-01 2.443487273439186036e-01 3.522166726325314245e-01 2.353909178628869059e-01 3.864155961752629986e-01 -6.132923047070096279e-02 1.039660977073866982e-01 3.444120514857402227e-01 1.215398181494757313e-01 7.863014958710440316e-02 4.395227987360978417e-01 3.480986878277416152e-01 3.769816461414735725e-02 3.628816654537351805e-01 1.627663959599245369e-01 -2.048001970186623388e-01 -1.124459181196467150e-01 2.517989380404204655e-03 -3.981599016822299220e-01 -1.871948269320306002e-01 -5.663009926752427675e-02 -1.036982922470047336e-01 -4.278042791824559349e-02 1.467802036821209966e-02 -2.048612939623060403e-01 2.866798995689036622e-01 2.214936666887972472e-01 -2.179590137701414576e-01 1.254917376920613725e-01 2.980132743940756002e-01 9.790048026267754444e-02 -1.945938801772574833e-01 -3.925346221550042869e-01 -2.484827708169911331e-01 -8.108645535041089647e-02 2.902773985800101708e-01 -2.590511426506597603e-01
4.069302962326861728e-01 3.151226642194159822e-01 2.603623238344877078e-01 -1.684345552111982114e-01 1.614583569796808338e-01 2.967932741287866438e-01 2.055335851040333839e-01 3.140145191454986051e-01 1.548638680044114035e-01 1.000000000000000000e+00 1.923722062715566838e-01 3.742391092136303499e-01 -3.690080765857343785e-03 -2.711518386381776557e-01 -1.537882123290864045e-01 2.783363642215770928e-01 8.888509590795311277e-02 -8.018799156926985361e-03 -2.937827849778713030e-01 -3.436609099383537008e-02 -3.201955131498036011e-01 -4.289447910094073418e-02 -4.015677601227175542e-01 2.029639421142049593e-01 3.507067498168647268e-01 3.894108953841979998e-02 -1.589689857676594431e-01 -1.573317029169231662e-01 -1.287293278335940871e-01 -2.361701513330880520e-01 1.607561425517001208e-01 -2.629254872628963846e-01 -1.905718836022098350e-01 -1.873169736164425614e-01 -9.332812646919200206e-02 -1.244751009399409220e-01 -2.551068581516439115e-01 6.684480951085135236e-02 1.990329270401936246e-01 3.909460542158876839e-01 -1.053529398918544718e-01 2.479898287292704173e-01 1.573575374845667396e-01 -2.631508750549271802e-01 5.223564358941044233e-02 -2.720802145700653152e-01 -4.019367464588908256e-01 -5.099645504520152750e-01 6.077938458585629977e-02 -1.531583096921862175e-01 4.273122831890034945e-01 3.478851817565766780e-01 1.224729797788971647e-01 -2.002210891456091824e-01 8.960982560677291375e-02 3.256680085309552330e-01 4.736237467710192189e-02 2.459715522767703666e-01 3.951609358637704350e-01 -1.181671478293626898e-01 3.663287512620456987e-02 -1.349139281275243685e-01 -2.627795877238225941e-01 -1.699688486035605128e-01 -3.903316385121190502e-01 -2.367305929338920367e-01 -1.164485207168063086e-01 -2.617579738412567081e-01 -3.830621405776779009e-01 -1.195242027546846442e-01 -3.014628695223956489e-01 -2.021085985163291188e-01 -3.704604575494518937e-01 1.824233154719887562e-01 2.368465637018818959e-01 6.967262804129120690e-02 -1.846394255383210226e-01 -1.832179038106206415e-01 6.219746916351538008e-02 -1.923545688325913328e-01 -1.520123720488587848e-01 -1.615588707764074594e-01 -2.605116935265870404e-01 -1.245023380877031266e-01 -2.049582379321857051e-01 -4.526955268729603854e-01 -3.339738192559548735e-01 -1.354376393233390763e-01 -1.546359831916338246e-01 1.212669419934265663e-01 -1.621892918599338596e-01 7.110922472617271783e-02 1.912798482518994203e-01 3.657987754846098727e-01 -8.178130256855273283e-02 -2.531393594986147133e-01 -2.369097707120734475e-01 -5.388517342568044377e-01 3.243717832631997505e-02 -1.991603290677154969e-01
-1.797500434919137857e-01 2.684081000317921073e-01 1.704333867504431166e-01 -3.824995464089146063e-02 -6.384169862337295276e-02 1.845616339264206929e-01 2.206666808845205163e-01 2.885429786129317664e-01 2.551579495561565603e-01 1.923722062715566838e-01 1.000000000000000000e+00 4.011730611408430569e-01 3.172842061042923101e-01 1.205481404619992980e-01 -2.072378643670402289e-03 -6.375554338348326860e-04 2.213355033567458441e-01 1.286691843202655006e-01 1.958178471386460562e-01 2.223361661125428101e-02 1.436340753941391934e-01 1.314339974663396304e-01 -3.648192056177343434e-02 2.693624128656046945e-01 2.624372797532278923e-01 3.922646187216296543e-01 1.214950447557286012e-01 -1.683170838283701634e-02 3.257816592807591394e-01 -2.739538370127244868e-02 -2.317274153116642352e-02 -2.120586479187441808e-01 -2.198976157821848909e-01 -2.435966708850532438e-03 9.338536517022609507e-02 -1.176636453709572760e-01 -5.187267189333190365e-02 -1.843977397640033655e-01 2.110098377953714410e-01 2.535317684780585279e-01 -8.061310793919575224e-02 8.550318989332739150e-02 2.415506783314273764e-01 -3.098331382489078467e-01 -3.231800224975600599e-03 -1.116626732245328546e-01 -3.909879603832727528e-03 -9.175962419294156347e-02 -8.981215920570034816e-02 -1.029839431899020330e-01 -1.050171261716955906e-01 1.733235635153760057e-01 1.238800740002750783e-01 -2.578755314766142254e-02 1.849105595254361967e-01 1.468014187674560322e-01 1.571497226699566929e-01 2.557289743737484189e-01 5.104040311265014562e-01 3.269532094602155547e-01 2.951403324951336060e-01 3.185661688259220914e-01 3.386974709791295418e-02 -3.125591943975906950e-02 -5.823002016166249628e-02 -1.109061154293552315e-02 -9.819049968464849121e-02 1.864230785500753940e-01 3.209125463506459774e-02 -2.668926585548533209e-02 2.726917767052839184e-02 2.323654321631889452e-01 -6.464205806133185850e-02 2.453434991941191301e-01 2.144025828564244118e-01 3.465137661736945041e-01 2.058384961501713573e-01 4.293464029871511128e-02 -7.176242223388881736e-02 -1.728997599950885256e-01 2.391759085712145683e-01 -1.648304549576862787e-01 4.065269689154073912e-02 1.228838918350119158e-01 1.290940821728315258e-01 -7.889362593797304146e-02 -1.494497062094775862e-02 -5.571491440698710107e-02 -2.596160859124649160e-03 2.440489427212719498e-01 -1.508851202098144551e-01 2.292173062913135662e-01 2.635439163397217954e-01 8.857908457245336487e-02 3.825215109969022920e-01 -3.338384966521312225e-01 -1.141985001316744852e-01 -1.360737984036845261e-01 -7.651013956985065756e-02 -1.929935239069992536e-01
1.068296304446250261e-01 3.036530348059300888e-01 3.926170986976995625e-01 -3.084982747151783500e-02 -1.083863445348741267e-01 3.538236206494403402e-01 3.112701207804613457e-01 2.951189965538563165e-01 2.084886769300350606e-01 3.742391092136303499e-01 4.011730611408430569e-01 1.000000000000000000e+00 3.179695115119696713e-01 9.725135093650132123e-02 3.503075961664233601e-02 7.517575306737250829e-02 3.927280780397946480e-01 1.450289098981804026e-01 1.384641905182055210e-01 -1.976075884623065826e-02 8.251269464203707382e-02 3.532952839795093225e-01 -7.781477966717721684e-02 6.925556004261561593e-01 2.752090980343012694e-01 3.847195467429577742e-01 1.971527832000151415e-01 1.334474079851370081e-03 3.133120338800121640e-01 -2.481058358603424954e-02 1.847536850827413701e-01 -4.214645502847672587e-01 -2.361131006100574692e-01 9.117052375389761432e-02 2.122119665027135116e-01 -1.801754056735755394e-01 -1.636224858653970160e-01 -2.087239920341494581e-01 8.537528671827593341e-02 4.209754139306342569e-01 -7.299965562034814448e-02 3.953087048520717572e-01 4.218195261343285485e-01 -3.525721020366512359e-01 2.721325577226926806e-02 -1.450191828098376379e-01 -8.062382128523369607e-02 -2.919207589249805390e-01 -8.254651779878023621e-02 -6.986431430511398644e-02 1.607014345269210664e-01 2.718135961273456247e-01 1.546147995241108075e-01 -3.547837802869775042e-02 1.339272302616412863e-02 3.560965502318951259e-01 8.037344153033915140e-02 2.338697779199131188e-01 4.341522423011202614e-01 5.911761360793346687e-02 5.403201557329205817e-01 9.796984813501151412e-02 -1.712530641784053634e-02 -9.817229543008451631e-02 -1.342705832517505082e-01 -3.866570792157983383e-02 -3.117217660989074057e-03 9.848880735401081832e-02 -8.958773560021861260e-02 -1.292162082083183339e-01 -5.006804435576132223e-02 3.105012365051564305e-01 -1.276857446514739480e-01 3.262163057215305417e-01 4.793407996953694128e-01 3.279558997270076159e-01 2.652876237892011768e-01 1.108156048147011935e-01 8.433177159697316516e-02 -2.726348593366106354e-01 1.422181926145429376e-01 -3.119204607159738463e-01 7.874222961008971178e-02 2.798989485992751103e-01 1.306942775900304388e-01 -1.634923539384027513e-01 -2.137454058840388971e-01 -9.952017447401809158e-02 -1.374320902775593434e-01 3.380418957121769097e-01 -3.376917800945902770e-01 1.112883849858355007e-01 3.177189513676191290e-01 4.906551845218392605e-01 2.575282601975659724e-01 -3.523971979673665156e-01 -8.141315367648105372e-02 -2.858304623154927504e-01 -7.483848127208792000e-02 -1.737412290453579089e-01
-2.610787178843391176e-01 1.371068110991260358e-01 8.404947323685861560e-02 6.899224727233133070e-02 3.471938861501677742e-02 1.902543909473930484e-01 1.476927452622839865e-01 1.589346528492893706e-01 1.657784759900616522e-01 -3.690080765857343785e-03 3.172842061042923101e-01 3.179695115119696713e-01 1.000000000000000000e+00 4.167691415097189989e-01 8.337346426572793401e-02 -1.204480742654601283e-01 3.578749522770900970e-01 1.435937860880147354e-01 2.810990924635599630e-01 6.821949541657829075e-02 3.378513408777238380e-01 5.040250716005484355e-01 1.430917177961737452e-01 2.826307905472682513e-01 -5.407546862874580001e-02 3.127479227574358478e-01 3.542424780522551164e-01 2.330081620399269693e-01 2.757185543555253915e-01 1.535513537645721571e-01 -4.739841224688080140e-02 -3.427959596857002578e-01 -2.067142195303996732e-01 1.889288937001445401e-01 4.816494492907207325e-01 -4.128328583048881950e-02 5.315532355665651687e-02 -3.906921244305505136e-01 1.473594803516332652e-01 1.930247775296703994e-01 5.869156029222315218e-02 -2.828346159571881041e-02 3.641757726883124713e-01 -2.256029159275565743e-01 6.946573255468777019e-02 1.434842642481622133e-01 2.355934575472038162e-01 1.835226314894019273e-01 6.640010996148693057e-02 6.648642098199646078e-02 -1.618545592446909986e-01 3.689389457041068049e-02 -8.210052295289393953e-02 1.169285679756118246e-01 2.356466491991229817e-01 1.280156162745110515e-01 5.477142865316111942e-02 1.531557983064389672e-01 2.333366135703912603e-01 2.632496503389694653e-01 2.116123920919433243e-01 4.184176208333695857e-01 1.028409816471764077e-01 2.199700484475042989e-02 2.379802002200216357e-02 3.094009784933666324e-02 -1.965276859433835177e-01 2.166337621792978896e-01 1.363535071972471757e-01 -8.603163545075934171e-02 1.743886871375976144e-01 3.651731427874849722e-01 1.421423103290919698e-02 2.142057894596204326e-01 2.509457433766695833e-02 2.155150794280205340e-01 2.374968783335325850e-01 9.752474043096835687e-02 -5.705991573864871089e-03 -2.920850715222224059e-01 1.126976987389084472e-01 -1.883240888325466433e-01 9.072485771163793511e-02 3.659690313274720497e-01 2.934066132962216966e-01 1.508962288281668306e-02 -1.131088181284193098e-02 1.383854232897405168e-01 3.255204742000044130e-03 1.634314168398592372e-03 -2.251433253131484569e-01 1.281083454693345870e-02 1.413247586879493867e-01 -6.436233142091992007e-04 2.404822756692971408e-01 -2.023901402453310294e-01 1.023946003019472473e-01 1.633319350283159166e-02 6.341025290352437539e-03 2.441578872911003006e-02
-4.957624645628287974e-01 -5.479636645532534600e-02 8.874536624668421733e-03 4.066897040995102741e-01 -6.430958178074820675e-02 -3.234597704664753104e-02 2.820911220644249998e-02 6.476443892768445065e-02 1.819765947216109014e-01 -2.711518386381776557e-01 1.205481404619992980e-01 9.725135093650132123e-02 4.167691415097189989e-01 1.000000000000000000e+00 6.667908462305426331e-01 -2.844087613156527361e-01 2.809449459212286504e-01 3.465604555494217198e-01 6.934080101184034728e-01 3.026675980528231724e-02 7.207411792977402865e-01 2.903678785075788915e-01 5.976338263008661444e-01 1.967622166021578689e-01 -3.217514666279336910e-01 5.851298339375607394e-02 3.188880046990366646e-01 2.576556975903732671e-01 4.790388826851894044e-01 3.941664108925782561e-01 -2.052706016019462953e-01 -5.384120086197769633e-02 -2.211320214450200952e-02 2.908361326300189509e-01 1.037812624007606044e-01 -1.376486139710402234e-01 1.320297926588175075e-01 -2.701212263954582138e-01 6.756722895332119283e-02 -6.955692941091101700e-02 -5.611934517095781144e-02 9.974359306295373095e-02 1.153567543576431917e-02 6.823454578387262194e-03 -2.019141880011981194e-01 2.908716776343708843e-01 5.664979764876976187e-01 4.492782003469004692e-01 -1.198264481410588889e-01 -1.272343369142876247e-02 -4.799095083922582106e-01 -2.227702211945910560e-01 3.815845603800387120e-02 4.533998648796738196e-01 5.346053862468035794e-02 -2.960484764561985976e-02 2.281967162133366478e-01 1.084596354185770328e-01 -7.604714101518302016e-02 1.143415974397627016e-01 3.342508648415019046e-01 3.041871690978579235e-01 5.842759179958618709e-01 5.564780422023575257e-01 6.511769710146321222e-01 5.856796749019685944e-01 -3.379037206222515466e-02 4.902250039572205731e-01 3.458395850285045925e-01 -4.303944863502423557e-02 5.477603194828822852e-01 3.008518499207843422e-01 4.230478281914519800e-01 2.151364735770577574e-01 6.956824194257114902e-02 1.136507499262533749e-01 4.247504551174134391e-01 4.449328982356282602e-01 -2.719976550342686483e-01 -1.794614172059894042e-01 1.718320448002731704e-01 -3.009755320948038215e-01 5.746214317830676543e-02 1.602265511770169237e-01 3.469612248684799116e-01 4.889003032636488055e-01 1.411339738268420352e-01 -3.776471108045837896e-03 3.376747554281462477e-02 5.768439245889077360e-02 -9.711296249025613836e-02 -2.451521516984443427e-01 1.085833998850810611e-01 -4.372332040778475343e-02 8.556090921008049910e-02 -1.624977564515834305e-01 2.125910760624685758e-01 4.769180869465536876e-01 -9.242264782921240374e-02 2.347960773020641486e-03
-2.228427297105844418e-01 -4.678101167213397256e-03 1.273122792849292750e-01 5.298749960058712904e-01 7.491084865416172689e-02 -4.517460551906365279e-02 1.092885878976602304e-01 1.259880154194865376e-01 3.741709522001250843e-01 -1.537882123290864045e-01 -2.072378643670402289e-03 3.503075961664233601e-02 8.337346426572793401e-02 6.667908462305426331e-01 1.000000000000000000e+00 -7.303091390189590804e-02 8.616466649478736473e-02 3.328407543914308486e-01 6.033241023535987901e-01 1.045271469717733576e-01 6.072597665137341449e-01 -1.446756567353425227e-01 5.741373192531664671e-01 1.165288936740687814e-01 -2.747335582687311373e-01 -3.120679353307836967e-01 1.274103468901919764e-02 8.838655912359182076e-02 4.439621791972721554e-01 3.809367223705787397e-01 -1.774505935172946969e-01 1.696892122324792640e-01 1.498357698086664747e-01 1.219006878736040717e-01 -3.304847924448847674e-01 -4.333635153305039761e-02 1.505734442820466645e-01 -6.914208427474881347e-02 1.023809290630209312e-02 -1.142677592929469133e-01 -1.784736619974628957e-01 1.458774685116781267e-01 -3.944725974020639181e-01 9.701065574344874820e-02 -3.451748592092166446e-01 1.162230712664360233e-01 3.284466466235494986e-01 2.362247754113725728e-01 -1.234422237256485727e-01 -6.461140460442030276e-02 -2.734567544475465239e-01 -7.117860063605914445e-02 3.069188251819941482e-01 4.964274220499881318e-01 -8.769051019019982740e-02 1.661105561885677651e-01 3.774884649157124739e-01 2.926557046577860643e-01 -1.117808731900112179e-01 -1.344228805911004687e-01 3.734942383366069429e-01 3.436696012306659220e-01 6.710800064080664207e-01 7.775544021314155785e-01 7.573883841142234896e-01 8.501581824460744397e-01 2.431679170954997860e-01 5.480415888711731576e-01 2.303596740135153420e-01 -6.823284464621533207e-02 6.216395003413145437e-01 1.609500447320450500e-01 5.006668873341660886e-01 3.055458336496306715e-01 2.623179157895276781e-01 -1.181722373547063332e-01 5.138213003100596810e-01 4.895525895713321307e-01 -2.318427502610236612e-01 -7.548912204801520864e-02 1.123590583107430679e-01 -3.058077020922798650e-01 -1.276175236837785165e-01 -4.179149311315609461e-02 7.711499012525853403e-02 5.025241882257769355e-01 2.313419211494668060e-01 -1.593645088728745107e-01 1.226801773006193086e-01 1.857223880353123802e-01 7.210721603242883915e-02 -2.543950064624799223e-01 1.790782945851195629e-01 6.577019171642475848e-02 -2.144472252833776182e-01 -1.504422276909527234e-01 6.070942480544586767e-02 4.235525210007794472e-01 -3.519508498484148762e-02 -7.523434392260848480e-02
