1.000000000000000000e+00 7.573605087330317898e-02 4.422081144596640145e-02 -2.683771357536991753e-02 -1.827219079457155504e-01 1.711638458773866861e-02 1.874927701573002314e-01 1.890650691910898962e-01 1.088724478792010009e-01 -8.333615095768841588e-03 2.992605465517083826e-02 4.585075300431507711e-02 -2.180949692130893999e-02 8.701034750831146414e-02 3.815204906122440093e-02 2.612816801713901960e-01 -2.917190897970427244e-02 1.349133082238567760e-01 7.004764366650777230e-02 8.421396630944941175e-02 1.066258975854360649e-02 -1.643942110063753570e-01 2.411273841640110271e-02 -2.057497239104027764e-01 1.182080299650334204e-01 -1.027560672508891215e-01 -1.690155185008302557e-03 5.739810472002680741e-02 1.306444111059385516e-01 -6.173693413958922238e-02 -1.311231345186946173e-01 2.608718933023116970e-01 -1.052541966878953600e-01 -1.420145472732323166e-01 -1.607090535049019719e-01 -8.624347400751714021e-03 -1.014251843646866713e-01 2.328238878211907059e-01 9.490182913265607020e-03 -2.462144663908446326e-03 1.271004017025282934e-03 3.518623602670166439e-02 -1.424210056700787874e-01 6.263232398618910624e-02 3.420649084953782115e-02 -1.125690302693991840e-01 -4.376040967414154825e-02 -1.386500019053001076e-01 2.168574638367496143e-01 -2.904508664235593007e-02 6.083727557960865173e-01 2.923314152619636008e-01 8.797056405520627120e-02 -6.246915408875246961e-02 2.659334849539903359e-02 1.656048808116315496e-01 1.816325299077868882e-01 1.213744655501517444e-01 -3.229893688241907562e-02 4.868923503105272027e-02 4.524623498094401848e-03 -1.155865525114918926e-02 2.962154784899097282e-02 1.436963390721708311e-01 5.430892339515423078e-02 6.520196353789151078e-02 1.716078748349489647e-01 1.423789331649497059e-01 6.663140128687340680e-02 1.292154135846872998e-01 9.925915181964807543e-02 -1.066713931124356890e-01 8.017777070549832186e-02 5.223796151821771122e-02 -4.467501154508241729e-02 -5.748590573654081132e-02 2.172166520080795749e-01 2.263535602812864062e-02 -1.028717290899989478e-01 1.215560865326327095e-01 -1.635608242126040945e-01 -6.339887343683855980e-02 -2.526486240174485864e-01 -1.706192943633327574e-01 -2.389113873198691479e-02 -3.885679805574837609e-02 4.657703837260742524e-02 -1.057005198128387058e-02 7.040477767145932042e-02 -2.968911107982864783e-02 6.379422692702099718e-02 2.091801491444512107e-01 -1.005130010924627226e-01 2.792616412742735324e-02 -5.353533515340753307e-02 1.044726923877988337e-02 -1.211836908097183307e-01 -2.538264671576661094e-02 2.654506084151729839e-01 4.774226471923327664e-02
7.573605087330317898e-02 1.000000000000000000e+00 5.867921440720063053e-01 3.306647243490789534e-01 5.692939462753836555e-01 2.003183177305329354e-01 -3.078631416174629556e-02 1.233094702556897376e-01 1.708810743585347514e-01 -1.465703731336840676e-01 -3.679295333994539452e-02 1.705928855402878350e-02 -1.157567649948488958e-01 -2.063135226446926873e-01 -1.941735080106982980e-01 1.367447557701601812e-01 -1.000580601964757288e-01 5.822535190779711683e-04 -1.212594333605512276e-01 1.381692898823398408e-01 -1.805532574763549780e-01 -8.611694737990903403e-02 -1.342473942756168270e-01 -1.262484927311360583e-01 1.174843034508543937e-01 1.490015562657130976e-01 -1.521440796597812173e-01 -2.411717359823948442e-02 -1.154404702370248337e-01 -2.936185489017196226e-01 -3.371154728627882013e-01 -1.280504878075953701e-01 -3.802718248094368869e-01 -8.027990858028823118e-02 -1.411160305822970196e-01 -9.732300376686162102e-02 -5.340037627381175739e-02 -2.113565133662487217e-01 -3.106556714097216676e-01 -3.911607808186893798e-01 -3.755572894668779971e-01 -4.426013050855356207e-02 -1.124783763804953762e-01 -3.669214891813323831e-01 -1.504917591215208517e-01 -3.926857599836462986e-01 -2.507494122077125742e-01 -3.831534002451751908e-01 -2.320916209435651689e-01 -2.542993511905136117e-01 1.721263774354220288e-01 3.906601996056511261e-01 -4.477453891101249722e-02 -4.447732950145161235e-02 4.627934464629634981e-01 1.359830246629054051e-01 7.024657218257986113e-02 1.114087449784887940e-01 -1.897596074018374768e-01 -7.396483199414978504e-02 6.182613989749705108e-02 -1.105337832648053131e-01 5.950222831619115388e-03 -1.961293283864922188e-01 -1.646816155531193038e-01 -1.956129967482560517e-01 -1.296075793827488609e-01 -6.957810461506985789e-02 7.084556141414588906e-03 -2.340668452597772023e-02 -1.087148077333103258e-01 8.442262272612607865e-02 -5.325888713979403527e-02 -1.803908380488316032e-01 1.525431327911697943e-01 2.131454589973967029e-01 -8.040020019866549530e-03 -4.121552899719357899e-02 -3.203710456949942498e-01 -1.370368679707307802e-01 1.241776149051957989e-01 -2.419748692934683421e-01 -1.789025698962794508e-01 1.231317171917012260e-01 4.901893677856683507e-02 -7.861073952750614879e-02 -1.558912173370335108e-01 -3.477869818734515700e-02 -1.425247664392161329e-01 -2.314192638174621397e-01 -2.346560783643235615e-01 1.864218216252833821e-02 -2.036527028924225990e-01 -1.249115214603863100e-01 6.544952392417126286e-02 -4.324957964334454896e-01 -3.561135015171774110e-01 -3.499719325131583347e-01 -1.892684044531696974e-01 -2.395410854559137104e-01
4.422081144596640145e-02 5.867921440720063053e-01 1.000000000000000000e+00 1.253134624176548313e-02 1.258450817237568298e-01 4.221520543312908269e-01 1.362703045120493561e-01 3.133785611789801639e-01 4.295594429348502108e-01 -8.880780001866604711e-02 3.130340405778722079e-01 1.176090382922847094e-01 9.528491375399605889e-02 -2.997513120274200929e-02 -5.296524518900069117e-02 -4.036700790415116333e-04 7.549342296253562512e-02 -2.243549775109575373e-02 4.221454858058645322e-03 -1.059032591547657276e-01 -3.801804777369743871e-02 -2.730232840635401018e-02 1.278079018472554410e-02 -9.613210987573686528e-02 3.452695634583767270e-01 3.635615717691015880e-01 -5.951300921151139733e-02 -1.081618996206787321e-03 -6.872187427483621158e-02 -1.922464369709630805e-01 -2.691745909444331897e-01 -2.367347818519634217e-02 -3.590554499495211549e-01 -1.556336721127831169e-01 -1.307969359899796014e-01 -1.352779601747965688e-01 -9.087719465777492622e-02 -3.587000648100804878e-02 -2.837867807643457696e-01 -4.045444403569160574e-01 -3.571233762305672244e-01 -8.992972497588810898e-02 -1.539516900727049553e-01 -3.362880480603449018e-01 -9.833282760245201648e-02 -3.399900991436092812e-01 -3.359938310361207936e-01 -3.770772802028392601e-01 -6.190547150819296351e-02 -1.316837793429408154e-01 2.496566757515784885e-01 6.890494515254640406e-01 1.430185590983282240e-02 -1.364464374273380021e-01 5.604394814275384107e-01 5.890371686579362054e-01 1.959759249705466666e-01 3.705403066786263078e-01 -1.545931986088688870e-01 1.594722182482987971e-01 2.172977066703966620e-01 1.328599478008993806e-01 1.185454433480679498e-01 -3.579606040799903494e-02 -3.272025061587003486e-02 -1.942372268314873987e-02 -1.764872416379224540e-01 7.380215237468648604e-02 2.506041653682814993e-03 4.084042383309689078e-03 -4.925677422393037741e-02 1.007769955976311888e-01 8.354604537559189026e-02 -3.469462657854873733e-01 1.680423882502093957e-01 3.205903858650017701e-01 -1.377422839659088287e-02 1.911116577872939704e-01 -2.457762446119635957e-01 5.390419587915347421e-02 -4.413821593913465346e-03 -2.744308741292082465e-01 -1.875393344000673146e-01 9.740681521554030164e-02 5.054039276845725959e-02 -2.467431769120072560e-01 -2.937319960780256367e-01 -1.319549956905840225e-02 -1.231368553983650665e-01 -2.765045178771389778e-01 -3.080847983759978925e-01 1.884711653206823656e-01 -3.535046079736949842e-01 -5.784101554537621898e-02 -1.126604984319987401e-01 -4.109989292693043694e-01 -2.907106061100399041e-01 -3.166320648478033184e-01 2.271621493496231090e-02 -1.520938780712794147e-01
-2.683771357536991753e-02 3.306647243490789534e-01 1.253134624176548313e-02 1.000000000000000000e+00 3.819164643897400846e-01 2.331557796922965053e-01 1.512076137279904919e-01 2.514980968779932380e-01 1.585694516812604649e-01 2.243667315663174233e-01 -1.615098283055750039e-01 1.290257569504926760e-01 -8.895332728184544846e-02 -1.188029647469577010e-01 -2.039321630927723172e-01 1.571240241545389937e-01 -7.225344900259368652e-02 -6.362872785991557922e-02 -7.604847264413099051e-02 6.798673840511801347e-02 -9.351748761729675175e-02 -1.410564504931177410e-01 -2.785388146329650372e-01 -1.745714351646310003e-01 -1.145262854414679510e-01 -1.602738815814065687e-01 -1.910948600449223489e-01 -1.411326596903784703e-01 -2.150551501754429870e-02 -1.979327240622076600e-01 1.420794599081837695e-01 -2.038704628767553928e-01 -1.069997864851344321e-01 -1.778313524396963885e-01 -1.078459157141846703e-01 -8.197302113250795608e-02 -2.989970284320682403e-02 -9.891327668238206194e-02 6.192440864946648083e-02 -1.392870225170140253e-01 -2.651704754942425524e-01 1.051074332584919918e-01 -2.720576370993564239e-02 1.314717414693697961e-01 -2.217176366217862415e-03 -1.812524588056142472e-01 -1.557619374358736875e-01 -3.080229910827938511e-01 -7.145502196298482434e-02 -7.823131952903303321e-02 -7.984686732421374111e-02 5.237374905242077328e-02 2.648215139366688620e-01 4.990060297946427581e-01 3.146259044850464037e-01 -9.808085019134182847e-02 2.813557020516957996e-01 1.101858306845249214e-01 1.673775968874732789e-01 4.120003278660146900e-02 1.054741710363935880e-01 -7.603568471045435428e-02 -6.407112864626429705e-02 -2.187891097797164258e-02 -2.623031480538284832e-02 -1.365551655173481704e-01 9.476244007095693811e-02 3.022950756696939426e-02 9.037965146613018141e-02 7.285848628519098202e-02 4.552762716764326839e-02 2.479855981278373395e-02 -1.010957088197554643e-01 -5.811892507726617446e-02 5.719982995794172659e-02 6.487489485031000536e-03 6.704540386714923084e-02 -3.042674829731074060e-01 1.322807740970526613e-01 -2.419062497064468908e-01 -6.882166321230077932e-02 -1.448640968941061480e-01 1.209901235203322961e-01 4.692213580878288465e-02 -7.249689512759190102e-02 -1.232018214804610212e-01 2.189455313754913243e-02 -1.609924030240340309e-01 -5.091940173722585283e-02 -2.270196808414236822e-01 -3.736649389152567335e-02 -1.686487635891580350e-01 4.738372338188343719e-02 -1.136389117980917893e-02 1.380674621920680301e-01 9.528449525224023942e-02 -2.052096916832008011e-01 -3.110023997555841913e-01 -1.292746434846452352e-01 -2.766371986806489061e-02
-1.827219079457155504e-01 5.692939462753836555e-01 1.258450817237568298e-01 3.819164643897400846e-01 1.000000000000000000e+00 1.111501091056867618e-01 -2.648973417892801496e-01 -3.109434275966982963e-01 -1.993475968475492410e-01 -2.371678930193513724e-01 -3.198158864817131630e-01 -1.922517530218576520e-01 -3.015261495696486271e-01 -4.130933359530842286e-01 -3.432423014144535545e-01 -6.103448377775864964e-02 -1.891832357843613588e-01 -4.256028713273286163e-02 -2.264609345393028828e-01 3.720451567698976891e-01 -2.752871086227119402e-01 -2.449834484550850178e-02 -2.352727420937840430e-01 4.379495905651008270e-02 -2.381315105210602967e-01 -6.948991092075749998e-02 -1.164217956233101342e-01 -5.932926896556133672e-02 -1.249563395865869592e-01 -2.563769508486261062e-01 -2.311123058855020229e-01 -3.663859305411984457e-01 -1.658297928912722818e-01 4.655285359744337770e-02 -9.573646918207121340e-03 6.714534397909287244e-02 1.102057778057005666e-01 -4.835856997187757411e-01 -2.361303128638441440e-01 -1.877469463006565253e-01 -9.538084733858098740e-02 -8.625690173380785516e-03 2.488456339911013226e-02 -1.305206322167639099e-01 -1.346654891664456899e-01 -1.162478338055563248e-01 -6.212415501394687178e-02 -1.531485667751444346e-01 -1.370299529601565203e-01 -1.020699486036385495e-01 -3.081275768509944002e-01 -2.313019878399079909e-01 -2.271375683084713992e-01 3.985924297092637014e-02 2.577173702049225246e-01 -2.978030298349165772e-01 -2.228379733074352942e-01 -2.468564252951828963e-01 -2.589343353900429578e-01 -2.693379793959546631e-01 -1.783127426935810222e-01 -3.658162278996110461e-01 -2.508607659278336288e-01 -4.287553917618477373e-01 -3.404331032327088113e-01 -3.840324891411862063e-01 3.837088002193172337e-02 -2.595420307231181001e-01 -1.234150096170156669e-01 -1.470966486594655342e-01 -1.939423681989450032e-01 4.649717291146706830e-03 -2.018903768351580641e-01 3.830188778042280945e-02 6.713263150133642887e-02 -6.498088658821243868e-02 -1.414375246862966673e-01 -2.706406725887797737e-01 -2.210694578753922002e-01 -3.972058514065785473e-01 2.341581954873291627e-01 1.144297674855414629e-02 -9.951070689102395339e-02 7.923273508512328200e-02 1.090928793669954447e-02 3.904320127227613180e-02 7.931411673268827511e-02 -4.044141972904695403e-02 1.778235707525608125e-02 4.902080750555865007e-02 -1.149088614274808989e-01 -2.855561715660359101e-01 8.645702105569641471e-02 -6.215984788508380904e-02 2.089181420911152831e-01 -1.427460201029860931e-01 -1.072991068652877772e-01 -2.161253949142092068e-01 -1.739975128725319009e-01 -7.868482083208565292e-02
1.711638458773866861e-02 2.003183177305329354e-01 4.221520543312908269e-01 2.331557796922965053e-01 1.111501091056867618e-01 1.000000000000000000e+00 3.819146050455027308e-01 3.542654005437777531e-01 5.081886829752122470e-01 3.436118193368193352e-01 1.524477996626277254e-01 3.308605157064894442e-01 2.233761284021785753e-01 9.074721583916155188e-02 5.298099988041263947e-02 6.253272136914747592e-02 2.701702687661363678e-01 1.359581786625095046e-01 1.792358639908442075e-01 8.373254698227858284e-02 1.357931642432740338e-01 -7.783914723399822100e-02 -4.062827062824232033e-02 -3.903493708422006714e-02 1.139660037675578330e-01 6.420982251385115580e-02 -1.211028487058552067e-01 -1.097705925774379761e-02 1.249617432165780195e-01 -1.865407719141636556e-01 1.155852704705751938e-01 -2.686777645207329979e-01 -2.218410758199531874e-01 -1.055918302983465951e-01 -1.042465365671086108e-01 5.062248050805582406e-02 1.862741240581281682e-02 -9.944555610288562109e-02 -3.324398763322330974e-02 -3.150453217569049724e-01 -3.060845745594411582e-01 -4.220913133683405066e-02 -2.224216639251696825e-01 5.767003362359464369e-02 8.636131857113102384e-02 -3.576022162446633179e-01 -2.364070433532167725e-01 -3.846352830296885794e-01 1.386820719148131043e-01 -2.093670322447004767e-02 3.797710698055398876e-02 3.279881735010450883e-01 2.388436572527438129e-01 1.879697424818277673e-01 7.068901110650067654e-01 6.151275229948834911e-01 3.405885885369870913e-01 4.015673708511667828e-01 2.592547587558263755e-01 3.341532788127112297e-01 3.579476302642729535e-01 2.129609369246685813e-01 2.231938434334901356e-01 1.896278860549353851e-01 1.019912270885069971e-01 1.158288740717971638e-01 1.947823499915344037e-01 2.848488127723450281e-01 2.118359169097173422e-01 2.064962957675058330e-01 2.752367841136371673e-01 1.645900679878276596e-01 1.139174024709649624e-01 -1.885335410456900618e-01 2.565232944181221053e-01 1.806515262815656941e-01 1.930874112362718498e-01 1.235043187520879909e-01 1.065368354508277743e-01 -2.128517214889009412e-01 -9.775601801855135498e-02 -2.637768049900973133e-01 -1.368336392693967618e-01 6.925156453817642166e-02 -1.689789077990373062e-02 -1.656392727880615645e-01 7.665049061485861015e-02 -6.130221994233241156e-02 1.493460373468772084e-01 -2.863233271350644760e-01 -3.103777418532052135e-01 -9.069813469733643829e-02 -1.379728375125778006e-01 -4.869258914740630384e-02 -1.273769872055171941e-02 -3.436512594091725714e-02 -3.277856156840588397e-01 -3.595102664229092859e-01 1.503906817612670754e-01 7.697265024022147129e-03
1.874927701573002314e-01 -3.078631416174629556e-02 1.362703045120493561e-01 1.512076137279904919e-01 -2.648973417892801496e-01 3.819146050455027308e-01 1.000000000000000000e+00 6.199754699753402543e-01 5.577488274606416940e-01 3.669222146295489928e-01 1.264525821872348743e-01 4.790613846576781687e-01 3.726381475336466575e-01 4.057155486416541557e-01 3.532053258189855049e-01 4.279550222122612269e-01 4.584905114587868313e-01 4.343506662656843598e-01 4.481086534084670614e-01 -5.890955188309925789e-02 3.842992715613390842e-01 1.652140956093750002e-01 3.127770985120171821e-01 1.152924345398895628e-01 4.788806763291672541e-02 1.418196234896992314e-01 8.863874166810434274e-02 2.156214465110962986e-01 4.115240809582222381e-01 6.372610683578931734e-02 6.384121040008049197e-02 -5.191127866152333431e-02 -9.667892235960086345e-02 -9.816114625784742517e-03 7.701076195261313817e-02 -1.633234402315034695e-01 -1.329440589342938406e-01 -1.515157138554737160e-01 3.734296120983014028e-02 -2.054767178433483388e-01 -2.955887984831671034e-01 2.536415672981850306e-02 -4.375929856971116222e-02 3.708830961890725864e-02 8.523065182436709297e-02 -2.663883575438193985e-01 -4.251413844895562261e-02 -1.193971494319683996e-01 -7.283306920925421146e-02 -2.483096653339871007e-01 2.211891610331681857e-01 2.839824175146968277e-01 4.500691254631335458e-01 2.779881198436275347e-01 3.788246408862846470e-01 4.135159504225822680e-01 5.588202332210973067e-01 4.946034807316251336e-01 3.234114704732541368e-01 3.815927552382625265e-01 4.139141705798312088e-01 3.722594956551636414e-01 4.611110008420481465e-01 5.011502097837889913e-01 4.304052507345739187e-01 4.160519364251769603e-01 4.533249340351372392e-01 5.545387606173917128e-01 4.582281704627683139e-01 4.780286989150309696e-01 4.814279660909668301e-01 3.520574236569173898e-01 4.746133679767307045e-01 -1.839203148026850587e-01 3.493586901562165670e-01 2.384289030525346964e-01 4.744470608150293534e-01 3.201364947246041481e-01 8.120971987672555292e-02 -6.243348709420312032e-02 -6.539845695832888217e-02 -4.627950935970753799e-01 -9.041492048917608437e-02 6.647452531674113985e-02 9.171272223497153875e-02 -5.205137705649100222e-02 3.336296768335636487e-02 -4.537666442322016436e-02 -1.262505878965803074e-01 -3.973472951459142699e-01 -4.318975432911588697e-01 -2.594114872351646617e-01 -2.947452137677188388e-01 -3.662227087805448172e-02 -9.429470516983846917e-02 -9.932979546357788292e-02 -2.783848516276947183e-01 -1.843438402087589634e-01 -1.493561903354301799e-02 -2.497053948713557070e-01
1.890650691910898962e-01 1.233094702556897376e-01 3.133785611789801639e-01 2.514980968779932380e-01 -3.109434275966982963e-01 3.542654005437777531e-01 6.199754699753402543e-01 1.000000000000000000e+00 7.173351681914169609e-01 3.272009297387607485e-01 9.275914868817997094e-02 3.285684458742824665e-01 3.060478926306088865e-01 4.135524029105343002e-01 3.377954400649171296e-01 2.686637751196826462e-01 2.135548726099388284e-01 2.751451528892607246e-01 2.943049990984959452e-01 -2.363560900090488359e-01 3.031213598862723679e-01 -6.597777579376576385e-02 2.458257814347995507e-01 -2.029317092495517283e-01 8.652928461136533134e-02 1.856524941986141888e-02 7.256929118577248872e-02 1.407654909146116851e-01 2.617301507850396947e-01 9.555795253931330391e-02 1.165002510612705156e-01 7.059849519473410107e-02 -1.214145404659337513e-01 -1.502348117464328281e-01 -1.201729401393745039e-01 -2.148758418521151126e-01 -2.060915674130286146e-01 9.049340387482528170e-02 7.441127009654548152e-02 -2.304294843760418543e-01 -3.800295973045992870e-01 4.427296347111760177e-02 -1.289773686783655393e-01 3.280505203418273424e-02 1.159606958876793353e-01 -2.227284290801113675e-01 -1.305773424932868132e-01 -2.536639714944113333e-01 -1.397670760527701395e-01 -2.642553378873809256e-01 2.661730623363008919e-01 5.490816002590290790e-01 4.485678012044333474e-01 2.994198405549594599e-01 4.830548796814675416e-01 4.913615825081992239e-01 7.549909060471989841e-01 7.242810580546146237e-01 2.660522545115121540e-01 2.191345196747266078e-01 2.516107543242438460e-01 2.812064901794364413e-01 4.448535128894844926e-01 4.748528671382196142e-01 4.152981222683960194e-01 3.864137976556991094e-01 1.028144366614696659e-01 3.759722273854814723e-01 3.245438030539323226e-01 3.839591791749308314e-01 2.928124337394547028e-01 1.925088823180334252e-01 3.741081662883517511e-01 -3.038020069298703607e-01 6.420336859166188292e-02 1.488473653044075085e-01 3.790199928352981362e-01 2.902853741657914766e-01 1.048601939999363186e-01 6.822073061613362355e-02 -2.535724218321162016e-01 -4.151648238412008474e-01 5.374392941120575279e-02 -6.890809825530844548e-03 5.698639139851297691e-02 -1.225474229776281898e-01 -1.133715549890473989e-01 -3.727644391481504949e-02 -1.826975557889093660e-01 -4.314845012480353903e-01 -2.415493099539715582e-01 -9.771086145288784830e-02 -2.778964977913977452e-01 -7.550648039114613019e-02 -1.085295739334115050e-01 -7.793432189270853294e-02 -2.638500938725650835e-01 -2.118742968558697815e-01 -8.955133578333074329e-02 -2.517363490154352901e-01
1.088724478792010009e-01 1.708810743585347514e-01 4.295594429348502108e-01 1.585694516812604649e-01 -1.993475968475492410e-01 5.081886829752122470e-01 5.577488274606416940e-01 7.173351681914169609e-01 1.000000000000000000e+00 3.504630627788034025e-01 2.051883914965691169e-01 3.744026705226311535e-01 3.630898423987488077e-01 2.843403046009872481e-01 1.925066504822987024e-01 1.336867297464325866e-01 2.145614434416161509e-01 1.381680995163646619e-01 1.664476489126772429e-01 -8.599596055425207108e-02 1.616230583074933225e-01 -2.406351125424427764e-02 9.558915300714822261e-02 -1.285854252951997290e-01 1.179111566523600163e-01 5.585931260242221752e-02 5.134912854422833683e-02 1.156835141583796994e-01 1.849398346567818763e-01 -2.607916072516690970e-02 9.303993951509720306e-02 -6.353665850656405045e-02 -2.255918057066451377e-01 -1.390827271334290072e-01 -8.431973861223408806e-02 -2.168800087006584124e-02 -9.199987820102219216e-02 -1.851980190627978279e-02 1.013433516000381424e-01 -2.113636540798064511e-01 -3.805585332401210108e-01 1.465360871540340171e-02 -1.113161069032065215e-01 7.100996420088730166e-02 1.195196879406139889e-01 -1.747701991380532227e-01 -2.081787741209389919e-01 -2.676970089736423475e-01 -6.132425228705698506e-02 -1.272480686509963321e-01 1.639991561820118016e-01 5.445703554542093983e-01 4.096214100871228281e-01 2.211604793380441414e-01 6.176988718100665521e-01 6.343633274067805861e-01 6.395454971791277865e-01 8.219275771848792989e-01 2.336626619299639884e-01 3.180089821979246167e-01 3.421375596572425737e-01 3.550797615041268451e-01 4.069471937631708447e-01 3.643783443010778500e-01 2.539121907920663945e-01 2.445998089880928317e-01 1.350245708403642608e-01 2.781695686682725821e-01 1.742514799866955177e-01 2.611717798868932738e-01 2.065070600880161145e-01 1.470243976515956674e-01 2.236882876845223966e-01 -1.969728152542419009e-01 7.888247561610504943e-02 1.398832081614758693e-01 2.971109737847009713e-01 2.048025082309207212e-01 8.064382965820704463e-02 -7.120713073220946709e-02 -2.249672591460591120e-01 -2.874879813456850397e-01 3.949429066212574446e-02 1.391847735089804527e-02 4.198183665658677260e-02 -2.006513864086295340e-01 -8.367886015934410116e-02 -5.801662442599045399e-02 -5.509415393726863758e-02 -3.265992858314938907e-01 -3.230694593169849971e-01 -6.146965007348818844e-02 -1.816147575507396361e-01 2.404696180052350724e-02 -1.419015347007599182e-01 -4.010956580577201142e-02 -1.819675390459830622e-01 -2.337833202359933527e-01 4.794366870134248587e-02 -1.549201573075577598e-01
-8.333615095768841588e-03 -1.465703731336840676e-01 -8.880780001866604711e-02 2.243667315663174233e-01 -2.371678930193513724e-01 3.436118193368193352e-01 3.669222146295489928e-01 3.272009297387607485e-01 3.504630627788034025e-01 1.000000000000000000e+00 2.580874027036474394e-01 6.397732969052686292e-01 4.038534108717364846e-01 2.831788867930395415e-01 2.181630728843850786e-01 7.571985816375044476e-02 2.959978471877963702e-01 -1.317115109607911727e-01 1.914112462171123352e-01 -2.291410362917967181e-01 1.795114593220325794e-01 5.451693092323146167e-03 -3.359682823950326663e-02 -1.418416068606145105e-03 2.217325106491394304e-01 8.252158758335804631e-03 -4.684273401953702176e-03 5.985983693490677660e-02 1.847872212691702709e-01 -4.335252248669935887e-02 4.341074170023694889e-01 -5.561515044966369031e-02 -4.909484658867739604e-02 -2.952632934218082927e-01 3.960168879871906605e-02 -2.109652106585357123e-01 -6.993815823954468991e-02 1.294493372714743962e-01 2.180537660604183470e-01 -1.272607083334268974e-01 -3.860537952836141096e-01 2.961004558596794581e-02 -8.184857458545216624e-02 2.877143775599128595e-01 2.584814390203370449e-01 -1.250667108033654829e-01 -1.607304011491546281e-01 -1.274691129642290810e-01 -7.246608900205155079e-02 -2.011350308928410158e-01 -3.117696271249128376e-02 1.733548756521161027e-02 2.450408030010322591e-01 3.226320122720173211e-01 2.327467883481419419e-01 2.725048778416837569e-01 2.848005814275780812e-01 3.161037311988865173e-01 7.827925634946343303e-01 5.883351827437983683e-01 5.822448220543621211e-01 4.424162560996705573e-01 3.710142669749016409e-01 3.889071336101834198e-01 2.599086382520762184e-01 2.859471263309695810e-01 1.371422964501015362e-01 3.159287318057233951e-01 2.234191024287566218e-01 7.252790370942617526e-02 2.803119340346015842e-01 2.465517695728153547e-01 1.101433556574338002e-01 4.092630910408432549e-03 2.710658064346443408e-01 2.810275473858330764e-01 3.028686776017517901e-01 1.328553528810261231e-01 4.363859904017993174e-01 -1.029465657899355235e-01 -5.429287831133572384e-02 -2.663385924148760631e-01 2.925253514829361801e-01 1.801016569012351132e-01 1.223294236620586922e-01 -1.059918131114619411e-01 1.516322499244278643e-01 -1.434613484022213836e-02 -1.005551922416836330e-01 -2.708299398078787279e-01 -1.181543736978025866e-01 7.093469638809246636e-02 6.516814216114959202e-02 2.982936465335585957e-02 5.916598535604025710e-02 2.256412646886957751e-01 -3.556753619126884480e-02 -1.305129622176152970e-01 -3.508260476048089688e-02 -1.286940602953839385e-01
2.992605465517083826e-02 -3.679295333994539452e-02 3.130340405778722079e-01 -1.615098283055750039e-01 -3.198158864817131630e-01 1.524477996626277254e-01 1.264525821872348743e-01 9.275914868817997094e-02 2.051883914965691169e-01 2.580874027036474394e-01 1.000000000000000000e+00 4.732327632995148026e-01 4.140612724719883730e-01 2.532705046322407672e-01 1.659784158115080177e-01 -1.737135578387832002e-01 4.101628788370713652e-01 -1.197638782681486880e-01 2.546312182459081752e-01 -2.161804634423764859e-01 1.763924333539382827e-01 1.625436939057446906e-01 1.008937661395231805e-01 1.721365631641590122e-01 3.933098448968656569e-01 4.963861334935491532e-01 2.893524944763353063e-02 2.405924828975162730e-02 2.037337293399687499e-01 -6.538197756195558707e-02 -8.813895561506066012e-02 1.587944670578667061e-01 -2.684486901705188111e-01 -8.814609167148144964e-02 1.070863372649808465e-01 -1.392662659897100919e-01 5.649345146060091860e-02 6.481258180506861699e-02 5.103534270478154479e-03 -5.329922039290681951e-02 -6.674367108704332141e-02 2.171748474859342901e-02 5.987954306843223939e-02 -1.223008723214781199e-02 3.603055088297595077e-02 -6.766675150039468123e-02 -4.229000936146196099e-02 -1.222385876731296173e-01 1.994803933797568429e-01 7.588444256267304344e-02 9.095255614943860423e-02 2.999096858396133602e-01 -1.122014519165762392e-01 -1.106309653459265491e-01 8.983856413472696145e-02 4.328778263880891930e-01 1.094726450268493703e-02 1.337033075205614763e-01 1.795233187866990543e-01 6.222146216026533949e-01 5.412393853764443374e-01 4.736476363931789169e-01 2.816211801717837249e-01 2.354596304719709654e-01 1.882381133048067479e-01 2.429690564523192819e-01 -1.574833936844191318e-01 3.247893314530952424e-01 2.003559696280707569e-01 6.428932488996219607e-02 2.002446518235239392e-01 1.964196692644076814e-01 1.806273317646954202e-01 -2.535719100347552310e-02 2.863187283226570901e-01 3.855913805631574487e-01 1.997110679403230338e-01 2.320463446050705647e-01 -7.000829414223941338e-02 1.140202153328055967e-01 3.239900816848088894e-02 -6.834487706323563727e-02 -7.585390248575452077e-02 1.977582794197880189e-01 1.292114781299326665e-01 -7.312544554575535483e-02 -2.464113032474238296e-02 -2.111140894232780771e-02 4.264712668788055161e-02 -2.544911854640764803e-02 -2.073272218480465279e-01 1.954847971208933388e-01 -1.801079302242360736e-01 1.291914386370486278e-01 -1.017992737661981978e-01 -3.655615824660067570e-02 3.594164683292376539e-02 3.500008658817849866e-02 3.284328448726831495e-01 1.073843222555172089e-01
4.585075300431507711e-02 1.705928855402878350e-02 1.176090382922847094e-01 1.290257569504926760e-01 -1.922517530218576520e-01 3.308605157064894442e-01 4.790613846576781687e-01 3.285684458742824665e-01 3.744026705226311535e-01 6.397732969052686292e-01 4.732327632995148026e-01 1.000000000000000000e+00 5.753495606064104040e-01 4.286053415796304833e-01 4.049242585571141695e-01 1.400588332754242604e-01 5.456385967696449901e-01 2.560278097749495510e-02 4.450310999327856121e-01 -2.094571239586161537e-01 3.522534414187803997e-01 2.127578436917209881e-01 2.340641088627560817e-01 1.868303363503245051e-01 2.902139605501360409e-01 3.640654495656718281e-01 2.517348024415818133e-02 2.839109350020839195e-01 3.669700594663223847e-01 4.512376941757965249e-03 3.093735296471841409e-02 -1.412041911368110136e-02 -2.456931415265197205e-01 -1.756305453723925603e-01 1.265627071844804274e-01 -2.815260803045929183e-01 -4.150692072016647777e-02 -1.656877476212406108e-01 -1.113025809749621127e-02 -2.739717397534927046e-01 -4.535467739701518619e-01 6.940043979983814837e-02 -1.732994345708943271e-02 3.454769963054930143e-02 8.660147797341129217e-02 -2.730079195543793080e-01 -4.527570817002862097e-02 -1.327615070130407082e-01 -9.536931469955292617e-02 -2.704523104290338931e-01 2.248365660785699854e-02 1.305648410968988649e-01 1.442462639852155892e-01 1.220914938474167294e-01 3.133049261242802919e-01 3.561052153510198548e-01 1.778731974544530137e-01 2.549606610244252169e-01 5.658301715381138797e-01 7.332032507499262053e-01 8.157437877073377974e-01 6.246668951647622592e-01 6.052795425371408911e-01 4.753447983475925787e-01 4.191892903895853562e-01 4.693535777660449160e-01 9.585829645051675840e-02 5.646052394634573091e-01 4.513903171064376219e-01 2.066483151003740415e-01 4.093284488099243612e-01 4.767479798431898397e-01 3.984681180458730099e-01 -1.111259855331016566e-01 5.711330074216510733e-01 5.600641730922342187e-01 5.108008977700703168e-01 3.843410948329100685e-01 8.355347912160841772e-02 -6.085904025027435993e-02 8.337256204691440020e-02 -4.164921984246360842e-01 2.489367822153011958e-02 3.097507827546651660e-01 1.621026870319575985e-01 1.374089936412353427e-02 1.431892709167610633e-01 6.086841854193572598e-02 -1.670132045712316438e-01 -3.815821787158170109e-01 -3.845324930091466031e-01 -1.219233839480666909e-01 -2.000574260143348215e-01 5.945132552399389619e-02 7.810670280749351657e-02 -6.581338652373623643e-02 -1.548476749505754424e-01 -1.425382035240192746e-01 -7.988226551963583527e-03 -2.237075165049091097e-01
-2.180949692130893999e-02 -1.157567649948488958e-01 9.528491375399605889e-02 -8.895332728184544846e-02 -3.015261495696486271e-01 2.233761284021785753e-01 3.726381475336466575e-01 3.060478926306088865e-01 3.630898423987488077e-01 4.038534108717364846e-01 4.140612724719883730e-01 5.753495606064104040e-01 1.000000000000000000e+00 6.839167890072798128e-01 6.080608174888499917e-01 -2.918634069840859990e-02 6.520654652446122856e-01 1.645221081202225266e-01 6.183407516937347026e-01 -9.309767841420310552e-02 4.442146557572726473e-01 4.231223998038914358e-01 4.643893818041861521e-01 2.402600854133211394e-01 5.131521909234542517e-02 2.664182362061639497e-01 2.036998299146343117e-01 2.945029216975708630e-01 4.245682377201778213e-01 3.727297032006008926e-01 -9.074094961459736042e-03 2.500147879866180395e-02 -4.361039064697413287e-02 2.798956954707041908e-02 3.015358436116428176e-01 -6.950337722761552872e-02 2.581350334143349759e-02 -8.944802015078587298e-02 1.963836528312325469e-01 -2.841381477626965524e-02 -1.941022663050191999e-01 9.329174764103466411e-02 1.913448078830833621e-01 1.227913957260255567e-01 8.957234474606114161e-02 -9.765835546350370988e-02 2.317179809442950489e-01 1.372560123199245696e-02 5.367262871898912518e-02 -3.878918582815937301e-03 7.067500470139207944e-03 2.273410850116710513e-01 2.062617568578721527e-01 1.571300124080881044e-01 1.972065023204063461e-01 3.631626334884542895e-01 1.827557035409737018e-01 2.983797617348756259e-01 2.960823489041290446e-01 4.979930991246236394e-01 5.803908884267866553e-01 8.398676567084458755e-01 6.798384838743710690e-01 6.632980972650999174e-01 5.933116288472312094e-01 6.500504181915922608e-01 -2.390229904008401782e-02 6.257667953153018825e-01 4.288111259187587510e-01 3.166641750696891355e-01 3.921706573675713958e-01 3.845958510789813656e-01 5.475391466220320691e-01 -6.138457288476944357e-02 2.552102280308014559e-01 1.869127797279989678e-01 4.916961564805224505e-01 4.425032836504250722e-01 -1.744712779166805380e-02 -2.052487244854031903e-02 -5.031480841403102033e-02 -2.406537537171513363e-01 -9.641707584351304552e-03 1.575743365508635863e-01 1.791230037030940581e-01 1.235790225682380089e-01 1.000530964900268882e-01 -2.189917727112375423e-02 -1.411866922205751509e-02 -2.440098272020152503e-01 -2.741605237444900145e-01 -1.269165082256777100e-01 -1.309619433742172656e-01 3.694233595850836271e-02 -1.346654277880989514e-01 5.756229563888023287e-02 -5.691402149821896822e-02 6.651500624984904575e-02 1.394940238038863134e-01 -2.458771426492414522e-02
8.701034750831146414e-02 -2.063135226446926873e-01 -2.997513120274200929e-02 -1.188029647469577010e-01 -4.130933359530842286e-01 9.074721583916155188e-02 4.057155486416541557e-01 4.135524029105343002e-01 2.843403046009872481e-01 2.831788867930395415e-01 2.532705046322407672e-01 4.286053415796304833e-01 6.839167890072798128e-01 1.000000000000000000e+00 8.468285975447218394e-01 3.439793574770361878e-02 5.670143470603953295e-01 3.194096488697925618e-01 7.445398552028419381e-01 -1.086477065571411355e-01 7.044905346660045309e-01 1.837229271788048679e-01 6.879812379903427200e-01 1.556143206520165523e-01 -2.230182603653823453e-02 6.634121631167012867e-02 1.211590174215452370e-01 2.162248607178506865e-01 5.547152542949218557e-01 4.823460056044346911e-01 -1.242234472521057398e-02 1.657141569769674805e-01 1.809700094665338543e-01 1.573317034404126957e-01 1.183386171785439367e-01 -1.045488684846276467e-01 3.212079985454624476e-02 -1.783199294842799029e-02 1.950719460927108628e-01 1.670216838403824205e-02 -3.187730296864747792e-02 8.945095197720420721e-02 7.404559401778128269e-02 1.202860125524326945e-01 -4.737658553208570766e-02 -1.378607887376124552e-01 4.439762107410359926e-01 6.501532881018733112e-02 9.005621467760001331e-02 3.733058439048671240e-02 9.358280794297622884e-02 1.459120116831053027e-01 2.906613602618912662e-01 1.431179965234112283e-01 6.172489531510822608e-02 2.798315815009910779e-01 2.053851039540268708e-01 2.194420005035873922e-01 2.355621774463402818e-01 3.492766197980212706e-01 3.764602525344368233e-01 6.044116855960133261e-01 6.939315753943661180e-01 8.385411185157388703e-01 8.535699516298043132e-01 8.639991214016097265e-01 -3.147925640567487970e-02 6.818020658561796399e-01 5.770979253003722942e-01 4.508640676037486417e-01 5.832833996527393428e-01 2.505369880899428470e-01 7.046335791859330566e-01 8.679637307126420245e-03 1.314503143418666309e-01 7.540527018902286327e-02 6.320156194456291177e-01 4.880733624227254763e-01 -6.300248269018200557e-03 1.579034938948586930e-01 -4.256902629691410728e-02 -2.210529497253682918e-01 -4.276335548269338122e-02 -1.548962938622646529e-02 4.199445406987090817e-02 3.243345506051899529e-01 1.642200607177505545e-01 -2.779304226691592730e-02 3.915512830115795880e-03 -2.150515369222532336e-01 -9.656166622852223325e-02 -1.603415911845411934e-01 -1.438516157278630081e-01 4.779002952281292960e-02 -1.916177545558803430e-01 5.184298418996927116e-02 -1.543824923269050409e-01 1.539342442851253101e-01 1.577281898135672600e-01 2.578647215321197214e-02
3.815204906122440093e-02 -1.941735080106982980e-01 -5.296524518900069117e-02 -2.039321630927723172e-01 -3.432423014144535545e-01 5.298099988041263947e-02 3.532053258189855049e-01 3.377954400649171296e-01 1.925066504822987024e-01 2.181630728843850786e-01 1.659784158115080177e-01 4.049242585571141695e-01 6.080608174888499917e-01 8.468285975447218394e-01 1.000000000000000000e+00 3.384662517851229346e-02 5.143633017625970361e-01 3.504823402067627769e-01 7.070790636995776257e-01 -1.509584194825272230e-01 7.414191813726325186e-01 1.755203666572359711e-01 7.434606194233833731e-01 2.175568043872395663e-01 -4.597908716900312928e-03 1.082399159061754879e-01 1.483908640153573932e-01 3.434908501025207839e-01 5.236265172072460672e-01 5.491371379329593738e-01 -9.258496946142336093e-02 1.735203683013378517e-01 2.233577028240893436e-01 1.591506794478202425e-01 1.134235203925517133e-01 -1.790579167136102379e-01 1.198247415685264015e-02 -1.118136804244602711e-01 6.461438533145243135e-02 -5.235285208494343256e-02 -9.005405042564063045e-02 8.855486392851849575e-02 6.889526598831149928e-02 1.309965116379491375e-02 -8.463480705653267377e-02 -1.380352750197040568e-01 4.119377387178766448e-01 8.898705486518868057e-02 -4.058424677827192351e-02 -9.517114273655409573e-02 3.430188222494456179e-02 5.929199122368503799e-02 1.726734682487014449e-01 8.166428175680344459e-02 5.312096442651904893e-02 2.047943670970364394e-01 1.317757722462624959e-01 1.221073103498061807e-01 1.864952077391208718e-01 2.849588091975112647e-01 3.246528182523958361e-01 5.220624166098458696e-01 6.891472346068014954e-01 7.521984259378271531e-01 8.327704998792331281e-01 8.829179591784420689e-01 -6.158059382252339259e-02 6.160702287803810906e-01 5.295403994348739651e-01 3.914999387457420710e-01 5.621351785472400442e-01 2.714054932057004543e-01 7.199823870426464989e-01 -5.015915417870875359e-02 2.060176325276773246e-01 1.266718828564035726e-01 5.834019239051788652e-01 6.037010227771905102e-01 -6.477145816909461729e-02 1.825043207486491403e-01 5.084862598834061914e-02 -3.286942084156517230e-01 -9.510617017232138315e-02 1.797350602115195192e-02 6.656274796751093792e-02 3.511970654863952879e-01 1.375254260904882897e-01 7.445998750388076182e-02 -7.465136486924740800e-02 -2.538835033149799969e-01 -1.520463801294563710e-01 -2.464418496430982874e-01 -1.676494153905608020e-01 3.218230229555298083e-02 -1.304390737876855721e-01 -8.296762794487141934e-02 -1.718868255521097954e-01 1.131202265743315172e-01 8.473927191978695983e-03 -1.046771671638557499e-01
