1.000000000000000000e+00 3.008536819642583793e-01 7.119659968614151513e-01 -3.176277543681066962e-01 -3.611547574043497827e-02 3.916704749561325527e-01 3.577782120029674995e-01 1.011011918630563833e-01 1.143249858868314872e-01 3.347058977123510970e-01 8.239496892735791167e-02 6.009999773199239254e-02 -3.923514056850835319e-01 -5.918919932570279041e-01 -6.083704931293645313e-01 4.418136067965153790e-01 -3.714644113929799207e-01 -1.547847328839450642e-01 -4.391407182242000884e-01 -1.582003479251348488e-01 -3.765880039119384182e-01 -2.900006260782334588e-01 -5.704010921346155394e-01 -4.878328656158187338e-02 2.282773502123396636e-01 -2.514243559799754779e-01 -5.762507633787296024e-01 -4.402799735774970968e-01 -3.879759479186424276e-01 -5.871649629835981044e-01 3.495748936985726973e-01 3.448714517896430687e-01 -9.840293200406791119e-02 -1.321381685230191283e-01 -4.826734859846795178e-01 4.120162270657598547e-02 -2.588274399341446985e-01 5.420671453805496753e-01 1.650446376085818734e-01 3.017938990700431701e-01 3.537670591627589678e-02 3.058440254160978977e-01 -2.896210475782398652e-01 -1.365655396008373657e-01 -3.049395835073306915e-01 -4.788932050576458765e-01 -3.990715898555173280e-01 -4.143357011281240121e-01 3.835861570643011031e-01 6.622772344423169533e-02 2.612710974728844615e-01 3.014011105196738316e-01 -1.802900460546521533e-01 -3.286860404469936214e-01 3.883737827852599689e-01 4.712283152821276633e-01 -9.229734549734704141e-02 -5.086112370615054890e-02 -2.927129040391939982e-02 -2.640042857974680413e-01 -3.266824554642367984e-01 -3.551668910247295918e-01 -5.290937704155311838e-01 -4.475666018205536334e-01 -5.270069848578641247e-01 -5.670276307040954533e-01 7.933075159452203373e-02 -5.204261642245935349e-01 -3.613334987385034003e-01 -1.320131781720129960e-01 -2.663002878720058808e-01 -3.700060592908190893e-01 -4.099000519076108628e-01 -2.761512194292378361e-02 -3.517049727637029943e-01 -1.364928654858827139e-01 -4.537429649280828037e-01 -4.946708932683360205e-01 1.239160271391032270e-01 1.731390787816198262e-01 -2.044469299065130863e-01 1.661914067041716028e-02 3.939253301497529919e-02 -3.355708441298156375e-01 -5.028173509158110344e-01 -3.313091117340987157e-01 -3.046737023582950510e-01 -2.306929182827160418e-01 1.144515365034768327e-02 3.546201585710990339e-02 -4.803005145592796621e-02 9.779489682743013057e-02 -1.639345390380120560e-01 2.436309209335097425e-01 -1.257191807087656155e-01 -6.857010061023272041e-02 -5.324506868734718568e-01 -4.439081281863272999e-01 2.348037262032484362e-01 9.578667927619261002e-02
3.008536819642583793e-01 1.000000000000000000e+00 4.053225232922701982e-01 4.045715413208982869e-01 5.292597660561279005e-01 1.149103310460687088e-01 2.450855659028814137e-01 4.333179796835653352e-01 7.434245492062653560e-02 -1.107454921870789089e-01 -1.108233522865802734e-01 -1.813746902503607650e-01 -1.428433700745550539e-01 -1.584375790464717937e-01 -1.178089687284787912e-01 5.879551327956848983e-01 -1.054206057362926663e-01 7.311087108587424610e-02 -8.218670475621080163e-02 -3.242076506829656007e-02 6.532929236987052024e-02 -2.492475524823052277e-02 -1.486170863960618316e-01 -2.023977229073865569e-01 -5.550406630520582363e-02 -1.718431740574060951e-01 -1.822274087027666856e-01 -1.464002444987534124e-01 -9.286497658764314433e-02 -1.780743425906969879e-01 -1.491479238153734788e-01 1.685373367703978942e-01 8.964785926666959948e-02 -1.445497789837228153e-01 -1.705130894073146053e-01 -7.684539063892215083e-02 -1.441017514332823268e-01 5.457402120555769620e-02 4.500554802748177319e-02 7.407878174438445318e-02 -1.914819370834900392e-01 -1.462795144779537315e-01 -1.401512395871685746e-01 -2.335620386477633148e-01 -2.249218738954545660e-01 -1.699777890568126837e-01 -2.034240653234650476e-01 -1.382606307495702069e-01 9.673274482761090587e-02 -1.463075090919360166e-01 1.714721715338207164e-01 6.279583319078205772e-01 1.388359031925709142e-01 3.595477294933950851e-01 2.802045061213307986e-01 1.844617923325878595e-01 4.183315097525320825e-01 2.768765180843492657e-01 -3.108337927371543907e-01 -2.042670447880518547e-01 -2.897880724380400008e-01 -1.267099767231718854e-01 -1.249434869459711134e-01 -1.118676122323015582e-01 -9.627391854450109698e-02 -6.313954958821023367e-02 -3.007029763136061587e-02 -1.730403329187235606e-01 -2.001073486268859780e-01 1.764749099153478940e-01 4.919615217539211743e-02 -1.529651984736019876e-01 -8.528485957525341887e-02 -8.886577356605342148e-02 -2.252900429512645353e-01 -2.592487074851437256e-01 -1.433375201736020177e-01 -1.380611546875111784e-01 -9.804073988630825076e-02 1.241047474136005996e-01 -2.215511764479702606e-01 -2.113251518123067385e-01 -2.904722721414503828e-01 -2.183370382216576200e-01 -1.910827438863388350e-01 -1.136741395171476654e-01 -1.458845490163697967e-01 -2.196324662440843345e-01 -9.225581679288219483e-02 -2.075784643346087199e-01 -9.884264372240855745e-02 -4.822917958019917739e-02 -1.835750531000239771e-01 -2.327885877288650707e-01 -1.902637430514671213e-01 -3.633452145504046937e-01 -2.108862509927185158e-01 -1.742446652958420938e-01 4.702130806772997218e-02 -1.253957779483952095e-01
7.119659968614151513e-01 4.053225232922701982e-01 1.000000000000000000e+00 -3.271192426310297052e-01 1.498572156926815668e-01 6.642261799745583506e-01 4.652139703943879434e-01 3.622897088832347512e-01 3.841493127598478163e-01 3.107501446165750192e-01 2.006539803569696578e-01 6.466841799004532931e-02 -1.997999614122459577e-01 -4.801161907530717698e-01 -5.094648023282493110e-01 3.365088366802825304e-01 -1.495174464672986425e-01 -4.511938311993966833e-02 -2.180236840888594707e-01 -4.443226169454293079e-02 -1.174427039125629652e-01 -8.521756478100839249e-02 -4.879438179145337284e-01 1.712077023261141667e-02 1.898901385546208354e-01 -1.217679836770405727e-01 -4.884302404562438915e-01 -2.966963364952891480e-01 -1.911056745415594671e-01 -5.515381018834003557e-01 1.942721009468210136e-01 1.432074757210772820e-01 -3.296933780360776778e-01 -5.024258967484102750e-02 -3.440800934916041220e-01 1.673827227046219834e-01 -2.382912749484301373e-01 3.308664973721037739e-01 1.815118877834597313e-02 2.253220599687155989e-01 2.994169864662466277e-02 1.579652893057757745e-01 -2.562248047427333475e-01 -1.531245773844607805e-01 -2.003398978844282974e-01 -4.936852474135069446e-01 -4.517326330043361371e-01 -3.986601105867897399e-01 5.736103026079557576e-01 6.641622761238505368e-02 1.320546021546606108e-01 5.303526466329392397e-01 -1.634524376275474367e-01 -1.841787576145987038e-01 6.343308664434753608e-01 6.506725769638087575e-01 1.358676860051943602e-01 2.281953292188853566e-01 3.922340545198514661e-02 -1.360168173984569739e-01 -1.785128249975951598e-01 -1.988899154370576405e-01 -4.413599902048414569e-01 -3.493523857819359479e-01 -4.262227060331069128e-01 -5.149070990518672675e-01 1.147566310897153857e-01 -3.429963487938373357e-01 -2.278186812388992288e-01 -1.649445878632404758e-02 -2.365905536345466742e-02 -2.290408194504390538e-01 -2.819617169834214843e-01 3.821198666974737201e-03 -2.344837789994952681e-01 -7.825242509156576931e-02 -2.996201512764302133e-01 -4.808797751665028763e-01 9.866560338013492804e-02 8.489128172899689656e-03 -1.602351780987895657e-01 -3.834917347158325190e-02 -6.895705766491702637e-02 -2.928601403738386733e-01 -4.281514787853267223e-01 -4.061395732764920274e-01 -3.076657446068210566e-01 -2.269658531249263145e-01 9.085433008201938831e-02 1.447046493402649096e-04 -1.218210830135536826e-01 9.288909628323305245e-02 -1.852725249924827844e-01 6.546223077597598805e-02 -7.174955332709047340e-02 -1.533377736024726101e-01 -5.052700430495197237e-01 -4.137367155733397417e-01 4.073914929403218421e-01 1.080273608996613899e-01
-3.176277543681066962e-01 4.045715413208982869e-01 -3.271192426310297052e-01 1.000000000000000000e+00 5.103115693588939905e-01 -3.674792696735365571e-01 -1.392343292942973265e-01 1.464523708231819099e-01 -2.259315109399854526e-01 -3.669124235079374574e-01 -1.213291034888408226e-01 -1.458330210098283397e-01 2.484364240208359609e-01 3.238719432227487594e-01 3.681689801226757930e-01 1.552729235642193450e-01 1.319676131700305566e-01 2.113907782294718318e-01 1.873622650216957841e-01 8.117599578181110276e-02 2.735816615244774930e-01 1.717162578890044644e-01 3.165611384966139918e-01 2.333508655947744842e-02 -2.917660626689388415e-01 -1.480261153485743462e-02 3.180430240891675697e-01 1.752274834463656561e-01 1.727392080937240060e-01 3.120420746945081203e-01 -3.727285210562772955e-01 -9.266743310384890908e-02 3.157122046545527971e-01 8.722679854525576537e-02 2.007500884217284232e-01 -1.520201338275074809e-01 1.827588674847324401e-01 -2.959193781937788925e-01 7.263245757277569936e-02 -1.564302696970689202e-02 -3.867018949538191669e-02 -1.999997447468803424e-01 1.923216792740609082e-01 -4.411854604105928945e-02 3.384046813874245357e-02 3.181617528277332907e-01 2.844631944536009649e-01 2.896952067562965638e-01 -2.013889456446098236e-01 4.634393332099490809e-03 2.366119079511804640e-02 1.148987112746106820e-01 3.083193334704150135e-01 6.528754507427795284e-01 -2.455383910340341036e-01 -2.495246879725341038e-01 3.806793856009667576e-01 1.267175930557776775e-01 -3.537141460029211704e-01 -1.667590058022555555e-02 -1.183704268459658121e-01 1.756670494279285177e-01 3.131315417829239056e-01 1.582331744658871941e-01 2.115026896602516804e-01 3.820692989525145133e-01 -8.302426315290095671e-02 1.544002546221719396e-01 3.512505851868429063e-02 2.496325211177310988e-01 7.616541602575831182e-02 1.166850707054306185e-01 1.264986946359152598e-01 4.004685009057633999e-03 -3.325132836867480263e-02 -1.609773056091832188e-01 2.373801532165814021e-01 2.429700360470977427e-01 -2.177356149507830851e-01 -4.735908725655538221e-02 -3.373440759552787799e-02 -6.719167648630750000e-02 -2.056270698551690979e-01 9.019381000662148040e-02 2.477629550541033399e-01 2.501683126248207545e-01 2.077483129445192034e-01 -5.021483701679916624e-03 -9.539666570181061511e-02 -1.037299732034449445e-01 -6.446969386546179404e-02 -1.473929757487783820e-01 1.235506631748921683e-02 -2.680013666390586580e-01 1.483069525428962199e-02 -1.717653264107234790e-01 3.026431811640087344e-01 2.465897894807339008e-01 -1.072551603980569368e-01 -2.032871466892824733e-02
-3.611547574043497827e-02 5.292597660561279005e-01 1.498572156926815668e-01 5.103115693588939905e-01 1.000000000000000000e+00 2.409722213192747320e-01 1.909425527868872652e-01 5.451104935619960346e-01 3.982354694403574813e-01 -6.214737416895076833e-02 1.043722148881242734e-01 2.882449512886169074e-02 2.604071733663168020e-01 2.600701002627355818e-01 2.129400497849237850e-01 8.982307584829209157e-02 1.734121011054422512e-01 1.665415393713250147e-01 2.321893914187282137e-01 1.864927015638323804e-01 2.637582833836752960e-01 2.188650657995485638e-01 1.327949831737524344e-01 8.953135994632996494e-04 3.444961751131506156e-02 -2.932418857152982797e-02 1.550221442316591924e-01 9.314303587803017537e-02 3.104485821299368120e-01 5.808243711607546933e-02 -2.601386654363318507e-01 -5.533836544510883915e-02 1.771491890760414252e-03 7.994412762657265858e-02 1.151000001352363161e-01 2.124708007752771910e-01 1.656213137602089158e-01 -1.564987955547883780e-01 -4.696342342670919295e-02 -1.703210358202316907e-02 -5.627100130781999276e-02 -2.071837075673775841e-01 -2.203969418026821558e-02 2.525055031262159536e-02 1.214629390056848890e-01 3.848265296704695554e-02 -8.251051447185247731e-03 1.189300361893707025e-01 2.643072510097991823e-01 7.231661025799285269e-02 -1.002070729743833322e-01 3.759310623896444659e-01 1.416996195027193928e-01 6.449662651750461828e-01 3.908557784979204142e-01 2.557988974199513765e-01 5.256799302260590778e-01 6.494655533469735342e-01 -8.863900344193781367e-02 5.492713529591199129e-02 -4.863912603159925574e-02 1.469782904095357501e-01 1.517288880194161416e-01 1.092792933865116417e-01 9.959572396711559306e-02 1.622822917913204210e-01 6.265689563431627029e-02 9.574610401420700911e-02 -2.157097711582132288e-02 2.090408381972024832e-01 1.416942955343966914e-01 6.152490830339989863e-02 6.316788984357726844e-02 2.886404114169168617e-02 -3.276753918837110868e-02 -1.773976257841942128e-01 2.099804305582562980e-01 1.316211400746760372e-02 -1.510510984392018918e-01 -1.613004454741408800e-01 -1.173368682058361784e-01 -1.724549368844179587e-01 -1.671153397418550790e-01 -1.156570578117043085e-01 3.665419273045526088e-02 1.872392220398040596e-02 1.943115483258835430e-01 -1.237989305361978515e-01 1.893369731313233884e-01 -1.243369800959187310e-01 -2.062584330315118120e-01 -5.096773630672352118e-02 -7.518468554116888858e-02 -1.988908754340751317e-01 -6.605847355272698174e-02 -1.585315671498487844e-01 3.721806294717400210e-02 5.222485860552708581e-02 2.979392840645155860e-01 7.935152710978582435e-02
3.916704749561325527e-01 1.149103310460687088e-01 6.642261799745583506e-01 -3.674792696735365571e-01 2.409722213192747320e-01 1.000000000000000000e+00 3.802971943602001526e-01 4.374072948596338661e-01 7.060033460705491537e-01 4.428707793814950500e-01 3.662476273600259180e-01 2.390183366096819695e-01 2.827335654398368051e-02 -1.868409051282275135e-01 -2.834303763513578711e-01 8.610472954524614822e-03 4.666776770284060405e-02 9.876384268119842505e-03 1.179542826377454924e-02 3.182157225127718592e-02 -2.444999040088459766e-02 8.134662087176147693e-02 -3.196552490382443268e-01 1.377837773654694287e-01 3.913013421688675275e-01 4.420973851063806498e-02 -2.336441391487198704e-01 -6.156294958350323754e-02 8.665164054609715560e-02 -3.632681623232205670e-01 1.450615644353015765e-01 1.689821456555234969e-02 -3.383257942649265937e-01 8.096216008060441727e-02 -1.192443351345297414e-01 4.093257412990328192e-01 5.647989858358989750e-03 2.688962916597344988e-01 2.150455587629777551e-02 1.620485603262631913e-01 8.872974871737537850e-02 6.585347791938483963e-02 -1.121615283249970813e-01 1.085395936981365661e-01 9.126092024486391618e-02 -3.568085988445441892e-01 -3.574376487582680006e-01 -3.013154781644322711e-01 6.788732896178372167e-01 1.920348036036929606e-01 -1.590165280170639794e-01 2.177373470860145821e-01 -2.585749031046158941e-01 -9.742439256557101912e-02 7.623548964491281277e-01 7.124293729378405882e-01 1.467168433107822190e-01 4.613520507415436733e-01 2.989849330446058273e-01 1.366391564241032364e-01 8.865081066284090372e-02 -5.575623786565687967e-02 -2.121567640393011156e-01 -1.081329756334744596e-01 -2.464165931511471397e-01 -3.473568276961545576e-01 7.263958119685388903e-02 -1.107791099694731413e-01 -8.579742408304139034e-02 -9.918331047091348898e-03 2.237149202873188122e-02 -7.536755074165246704e-02 -1.713958809004448580e-01 -2.335563700967635548e-02 -7.620045249333808057e-02 6.517691979390309587e-02 -1.115308286196814574e-01 -3.100044380515928899e-01 5.927733045185959448e-02 -1.505599944715052541e-01 -1.733393160526576493e-01 -1.025392739863858205e-01 9.032201756078576949e-02 -1.954165519237800464e-01 -2.725856908860991856e-01 -3.411761326818182893e-01 -6.223271060773016838e-02 -1.008369935758171992e-01 2.299881590589690772e-01 -7.034902751843599700e-02 -2.059024828442732880e-01 1.665710471872686171e-01 -1.149238274978839763e-01 1.380859261688897055e-01 -1.939754936103990288e-02 3.477145175025515844e-02 -3.838819894895019735e-01 -3.420073000104589811e-01 5.629126220839779648e-01 1.852481389632043007e-01
3.577782120029674995e-01 2.450855659028814137e-01 4.652139703943879434e-01 -1.392343292942973265e-01 1.909425527868872652e-01 3.802971943602001526e-01 1.000000000000000000e+00 5.176420002522280628e-01 1.997490592994003999e-01 3.026532473787099109e-01 1.731679725179722518e-01 1.335313744403645586e-01 -8.231612118305832448e-02 -3.548753022885075548e-01 -3.757422697686360613e-01 2.678031163738320841e-01 -3.445976646363221874e-02 -8.539421576227670951e-02 -1.543304846061801516e-01 -1.113602546418890893e-01 -5.258899687125489358e-02 -7.041314286169902958e-02 -3.483806285991092322e-01 4.936397155102297679e-02 3.020178385347356276e-01 -1.368375316017720889e-01 -3.570693757547277469e-01 -2.724676519850596224e-01 -9.780056089580078937e-02 -4.329340920769133016e-01 8.743801523797087999e-03 1.228639782861841029e-01 -3.045312524884911110e-01 -1.689896790882895461e-01 -2.797105082860475433e-01 -1.042049811312882462e-01 -3.227039160708327636e-01 3.117007779541093315e-01 6.865634562325408086e-02 3.938162025168867597e-01 1.232512414425821073e-01 -1.339468644444843752e-02 -2.587490792886623647e-01 -2.600845113121918462e-01 -1.756386894361396389e-01 -3.962625234320488188e-01 -4.023544879983201317e-01 -3.747376492494872702e-01 2.460236142447789487e-01 -7.077645109162929160e-02 1.524169462280723086e-01 3.142858517078108149e-01 1.583854613153736768e-01 6.887742288522004548e-03 3.719945054533468354e-01 2.731162302970761013e-01 3.686717251167599962e-01 1.903796016469361807e-01 1.376430472088123746e-01 -1.412244327712808278e-01 -1.149527233862872588e-01 -1.377161572071848028e-01 -2.467948356559165335e-01 -2.376652925581446141e-01 -2.271366519138954265e-01 -3.776848608964709086e-01 3.623863249723039970e-01 -1.487448201871982290e-01 -1.993027760407651561e-01 -4.982312078025991769e-02 -1.380907813408295721e-02 -7.595123701388330206e-02 -1.897556444898787775e-01 2.039406683998622738e-01 -5.467517826849652152e-02 -1.511903241898324424e-01 -2.028255093161279998e-01 -3.687668686467880930e-01 1.162071477462865848e-01 -4.341352932277932515e-03 -1.205872992946290800e-01 -1.511365401528915464e-01 -3.545213155825392010e-02 -2.599371891297631576e-01 -2.651045949574756810e-01 -2.937721890751717191e-01 -2.971353109800042303e-01 -3.059312961567031142e-01 -6.117501549255865978e-02 1.082103669109670263e-01 -4.059738628646657188e-02 1.763246438432782282e-01 -1.542450664685030004e-02 -1.369549016138857031e-02 -3.928139235162483173e-02 -1.776037250431705961e-01 -3.121796420506987579e-01 -2.950618804332172385e-01 9.203043657151123436e-02 3.539161321003984201e-02
1.011011918630563833e-01 4.333179796835653352e-01 3.622897088832347512e-01 1.464523708231819099e-01 5.451104935619960346e-01 4.374072948596338661e-01 5.176420002522280628e-01 1.000000000000000000e+00 4.370272948503176602e-01 1.446464607572059968e-01 1.616508991557153441e-01 1.345827287574890840e-01 8.842423566603112295e-02 9.017139098878589748e-03 -5.499411802692201479e-02 1.460178843003471783e-01 1.592173990136023232e-01 2.340602292912259408e-01 1.532828142526503068e-01 3.011852933881265654e-02 2.485641927297763953e-01 2.568724235842657633e-01 -1.114708574503975487e-02 -4.950386108442372118e-02 2.474562921476740063e-01 3.042844974434668476e-02 -1.052210621452901451e-01 -4.051231788806963080e-02 9.964757783466479668e-02 -1.586758321310904607e-01 -1.692999220051715215e-01 -4.428601242403242683e-02 -2.968177584368624222e-01 -4.339969946962741326e-02 -6.448542705197907177e-02 1.037740321328010640e-01 -1.055355355718279459e-01 2.641467777196822297e-02 -3.444319557861182102e-02 7.814529264685851628e-02 -1.054191200505280729e-01 -1.284755756660602988e-01 -1.559984280913312704e-01 -7.025799469790498797e-02 -4.848794472900008756e-02 -1.711798148609735282e-01 -2.530142504138700454e-01 -1.661803513142180444e-01 2.471303475057031185e-01 -1.306354700411849756e-01 1.096827663054701120e-02 4.235837118236118193e-01 1.611306789355939351e-01 4.070999031990120143e-01 5.100585080293527085e-01 3.085384856769140538e-01 7.322940137477015332e-01 6.340475155163055598e-01 1.064923638067344636e-01 6.767960187764140989e-02 4.050827027099230399e-02 5.476565312631466800e-03 2.925218656311910290e-02 6.011988533891021724e-02 6.612832171918095990e-03 -6.532360487883452638e-02 8.471492797163122923e-02 9.189899269864676423e-02 -2.082558405333993778e-02 3.633171746246489642e-01 2.169516958786371907e-01 8.551256586142896854e-02 1.187259458927546335e-01 -4.216771565760423987e-03 3.241460963511447191e-02 -5.770248369454802906e-02 2.253317313037776770e-02 -1.138114578044697317e-01 -4.675264537375925511e-02 -9.926496743212255558e-02 -2.036207324976925526e-01 -2.805369963702227798e-01 -1.827027659022228967e-01 -2.486984429164257049e-01 -9.722692791910958476e-02 -1.743178122921633377e-01 -9.521405863866262698e-02 -1.672922715365058877e-01 1.268682440515830900e-02 -1.679169443630282033e-01 -8.867790276142749339e-02 7.930004732810284895e-02 -1.465322055227950004e-01 -8.074837816473291741e-02 -1.148220745538267307e-01 -2.407556774118138343e-01 -1.557388721516504426e-01 -1.361759896732712416e-01 1.683136658133768948e-01 -6.677563171107619988e-02
1.143249858868314872e-01 7.434245492062653560e-02 3.841493127598478163e-01 -2.259315109399854526e-01 3.982354694403574813e-01 7.060033460705491537e-01 1.997490592994003999e-01 4.370272948503176602e-01 1.000000000000000000e+00 2.927266124575704787e-01 2.389445492970113660e-01 1.204212949013466066e-01 1.740542004912683238e-01 1.384646105860556364e-01 5.779428994733601388e-02 -1.568854232450702935e-01 1.109164288267166371e-01 2.678248303092078605e-02 1.801972242914432754e-01 1.175752124548408301e-01 9.321528276806123614e-02 1.675153018799653837e-01 -1.336737243113103255e-02 3.151075189997281506e-02 3.666452964457802000e-01 7.897007283269731615e-02 5.875011397015015430e-02 1.181352559324580082e-01 2.721766440793764730e-01 -6.049343858220681408e-02 1.325828505588402990e-02 -7.383630901530877089e-02 -1.827900220461825265e-01 7.153091528952264244e-02 7.385064136288228831e-02 5.929465279869999828e-01 1.603161230662431824e-01 4.970028205258254089e-02 -9.175325020888537575e-02 6.627869114786702487e-03 3.778589216582067117e-02 -8.410339325897056573e-02 -7.893425495607858666e-02 2.327060974395040727e-01 2.696407171808934411e-01 -1.310844812319612862e-01 -1.604455617426418790e-01 -4.382773300150434592e-02 5.846345939105684897e-01 1.321253456828163919e-01 -2.791977245200758517e-01 2.111048822934780411e-01 -1.888347818620286223e-01 1.459378248801981581e-01 6.915006163636523429e-01 6.097348021557108533e-01 2.306417664605768802e-01 7.193362709099933028e-01 2.770805760713893062e-01 2.437681286182390716e-01 1.979649119672155511e-01 1.001751339079864217e-01 3.456752943033143677e-02 1.125582580542882211e-01 -1.522876728101556047e-02 -2.378729061878170209e-02 1.287357889575192205e-01 5.761094266948452863e-02 8.921549487889268021e-03 2.596893441341774703e-02 7.900660529888971217e-02 5.877160390078271790e-02 4.847857106212549033e-02 3.019798276082454741e-02 2.772471100086383242e-02 6.381636994668475615e-02 1.045440828757564222e-01 -6.575131583155373327e-02 5.588213502907017974e-03 -1.640672199827996891e-01 -1.233481760985195991e-01 -1.185367076314265272e-01 2.125459940370217488e-02 -1.197247499680259286e-01 -8.976724219516471481e-02 -1.280716051165460834e-01 1.639444564162348406e-01 2.563758449125866021e-04 4.012309335935738686e-01 -7.731986428262609123e-02 -2.079530497042299808e-01 1.191002637362149341e-01 -4.274761695742104045e-02 1.391543538674310833e-02 -2.267112270263978158e-02 9.399347217277986832e-02 -1.662291373852447796e-01 -1.054266007257248783e-01 6.064961758561203675e-01 1.373444058623649322e-01
3.347058977123510970e-01 -1.107454921870789089e-01 3.107501446165750192e-01 -3.669124235079374574e-01 -6.214737416895076833e-02 4.428707793814950500e-01 3.026532473787099109e-01 1.446464607572059968e-01 2.927266124575704787e-01 1.000000000000000000e+00 3.714169258445913502e-01 3.294123408098339478e-01 -1.129009717431707360e-01 -2.608597066691814015e-01 -3.795284968194214126e-01 2.956495114932826754e-02 -1.093451801333614609e-01 -1.154906908014785988e-01 -2.143788833838878582e-01 -1.153122331778752979e-01 -2.237247588409330412e-01 -1.087192273208515553e-01 -3.469419041489689159e-01 1.415983099127468003e-01 5.362527881827285903e-01 -5.366263502704059912e-02 -3.724611116115641996e-01 -1.821472972451229355e-01 -1.471836975366452582e-01 -3.916834787769421511e-01 3.317983873487213020e-01 1.261661136178402198e-01 -1.365051787025499119e-01 -2.688273941803964381e-02 -2.837776903295556319e-01 4.759704304596762414e-02 -8.278169119173657553e-02 4.097906898138160003e-01 5.630544026993497542e-02 2.722544348559147176e-01 1.364980731001726455e-01 2.181173335830847992e-01 -2.628129588380994086e-01 1.201173597940344145e-01 -8.868366671111520272e-02 -3.881372181885767714e-01 -3.244124042523792162e-01 -3.969801942033927555e-01 2.416255214879127755e-01 7.309397278144645627e-02 -1.820037215557300525e-01 -5.352381736567930065e-02 -3.179843484583743107e-01 -2.413425159893117788e-01 3.703262889731368523e-01 3.152170038377971051e-01 -1.716843108515529737e-02 8.832249806273137493e-02 4.056592525325291021e-01 9.693289773441871038e-02 1.066039816011941643e-01 -1.698326789252543323e-01 -3.894680661233723695e-01 -2.289642344799973639e-01 -3.780650419661984452e-01 -4.169364593154081255e-01 6.351065327339590338e-02 -2.447501997106597271e-01 -1.629859947482780458e-01 -1.134405890490188112e-01 -1.530362979037450666e-01 -1.701550849571772384e-01 -2.966283470827627555e-01 1.126777730191121096e-02 -6.274418225516607481e-03 1.685873660820181030e-01 -2.118183345492050673e-01 -3.492971061037399849e-01 9.237820580387497149e-02 -9.766786200926155792e-02 -1.732699385158008032e-01 -8.407918071759766521e-02 1.342956625453335384e-01 -2.087401721482925188e-01 -3.691185835951334981e-01 -3.708320365447858036e-01 -9.367996589744598257e-02 -1.218580319446714230e-02 -1.445319139962016053e-02 -6.541698869957797424e-02 -2.306496232108562472e-01 2.275320789793159049e-01 -5.406599628112376994e-03 3.166311358658564501e-01 -6.942582701194499606e-02 1.315479803321816243e-01 -3.763989871533616194e-01 -4.084569048361267884e-01 2.132542874401038291e-01 1.235490940004327909e-01
8.239496892735791167e-02 -1.108233522865802734e-01 2.006539803569696578e-01 -1.213291034888408226e-01 1.043722148881242734e-01 3.662476273600259180e-01 1.731679725179722518e-01 1.616508991557153441e-01 2.389445492970113660e-01 3.714169258445913502e-01 1.000000000000000000e+00 7.069587564282510117e-01 4.181260439978738419e-01 4.865755735266739934e-02 4.746264942362004441e-03 -2.341303522735501130e-01 4.816820365182908348e-01 8.708089345378336454e-02 3.190753939499267333e-01 1.635223099207619157e-01 2.425050592041666231e-01 3.436609310892222435e-01 -1.189723347675139264e-01 5.473283962106514355e-01 1.443216875485286987e-01 5.343882261932423328e-01 5.899461629455769740e-02 1.574547159614426428e-01 3.404054869124421012e-01 -1.573116635742057012e-01 -3.754794106481321864e-02 -1.404539296000897608e-01 -4.649938164709998545e-01 3.149781443790005686e-01 1.437885872350310734e-01 1.633851415762448689e-01 2.922599855016462800e-01 4.921385789159433977e-02 -4.148479706596328032e-02 1.449653286286681775e-01 1.333993109650498388e-01 3.328458902160894017e-01 2.317737386038839220e-01 2.473990598857205847e-01 2.796172805796632299e-01 -8.000728591193767558e-02 -1.231821272896549690e-01 -6.720673026895707114e-02 4.781424250658266595e-01 4.412401645498567615e-01 1.775662188091053570e-02 -4.513758277686177184e-02 4.303957877937705789e-02 -1.035669828236988194e-02 1.233686094186160764e-01 3.528370192845885489e-01 1.165720933409734317e-01 1.724023542797169795e-01 2.998330509495163443e-01 4.074448965466901385e-01 2.955036222620521236e-01 2.440040774510948973e-01 5.336186497087668651e-02 -3.261045251907835479e-02 -1.009979860195940951e-02 -1.434723387809712369e-01 2.079629331476962398e-02 1.628705037564435743e-01 1.670065705485662688e-01 6.100171503975920784e-02 1.442631355191859588e-01 1.667910762954433745e-01 -1.266209641272395825e-01 4.946384259033647507e-02 2.612304399961232759e-01 4.060978527502023261e-01 3.161383076776141388e-01 -9.882816821359124981e-02 -1.068605149010585925e-01 -2.955499857529314545e-01 7.117645497373038810e-02 -4.881791585738386868e-02 3.045389381206455304e-01 -1.030421133939768766e-02 9.870390356236499740e-02 -1.829669830283738585e-01 2.325689820251999329e-01 8.442645873965881620e-02 1.904703020678828740e-01 -5.687913986187930621e-02 -2.716621261391880329e-02 -3.211773479933929115e-02 -1.028914962933909077e-01 2.709158347711788095e-01 2.900174411510724748e-01 2.301048235405741549e-01 -1.944946243771270358e-02 -7.914341647614424324e-02 4.167911603425721867e-01 4.754084094013706907e-01
6.009999773199239254e-02 -1.813746902503607650e-01 6.466841799004532931e-02 -1.458330210098283397e-01 2.882449512886169074e-02 2.390183366096819695e-01 1.335313744403645586e-01 1.345827287574890840e-01 1.204212949013466066e-01 3.294123408098339478e-01 7.069587564282510117e-01 1.000000000000000000e+00 2.925358528736289876e-01 4.688458720323754325e-02 -5.412286004097927039e-02 -2.418878086224554858e-01 4.377130741934803781e-01 1.968996054555811892e-01 2.134651464050827396e-01 2.753289704016509964e-01 1.690882382581640198e-01 2.732159714293891928e-01 -4.027741478291673588e-02 5.887346963639427111e-01 2.381174651982525398e-02 5.102155117518045735e-01 -6.817024143809191639e-03 6.548169441047320405e-02 1.965653381474238848e-01 -1.629516618526796468e-01 5.715564614380947567e-02 -2.158200658997344590e-01 -3.956033685713302162e-01 3.593289182099970724e-01 5.664841629148254648e-02 1.811933712275980990e-01 2.765050072882359600e-01 -6.610406001426556710e-02 -1.219325227542148171e-01 1.127560966559483374e-01 1.851461110035504676e-01 4.302481334885144282e-01 2.354419718981151100e-01 2.729280256344274735e-01 2.584331523747277481e-01 -1.004743423720464851e-01 -9.799705153729196261e-02 -7.843212133349264370e-02 3.249989863718066307e-01 3.705105685591170150e-01 -4.334732364789393999e-03 -1.718260748342551325e-01 1.480083244117869588e-02 -2.372516022772641273e-02 2.489550956438915316e-02 2.623393965994003652e-01 6.592174225663553766e-02 1.152830169615269990e-01 3.418324284675334779e-01 4.044269664853322177e-01 3.934759635589483717e-01 2.152551976414769086e-01 4.676727066889618117e-02 -1.920405226889010733e-02 -3.970495430412131210e-02 -1.702793124453020335e-01 3.428836693533654500e-02 1.809091032055089032e-01 2.241182052945109859e-01 1.032788903893187699e-01 1.499671484323676918e-01 1.946051210930805908e-01 -4.662046415275908351e-02 8.973031011248819300e-02 3.928704016828280521e-01 4.961832189602492504e-01 2.381745868116459108e-01 -6.469685977396497090e-02 -8.598052552063070730e-02 -3.508093950980030185e-01 1.699104161102579780e-01 3.165126112196481323e-02 3.475693620485535984e-01 -2.863719980071006976e-02 7.720631936386801453e-02 -1.407589330256731608e-01 2.410732019453520614e-01 1.009635388892224511e-01 2.572725155122185803e-01 1.922116023752602765e-02 -6.528291574493473581e-02 -9.297873898067886278e-02 -1.810428712955519381e-01 4.257266101153331928e-01 2.414693772582785225e-01 2.583691578659189636e-01 -3.843582438122267186e-02 -4.300538980747168477e-02 3.027620562261008619e-01 4.267690411157279429e-01
-3.923514056850835319e-01 -1.428433700745550539e-01 -1.997999614122459577e-01 2.484364240208359609e-01 2.604071733663168020e-01 2.827335654398368051e-02 -8.231612118305832448e-02 8.842423566603112295e-02 1.740542004912683238e-01 -1.129009717431707360e-01 4.181260439978738419e-01 2.925358528736289876e-01 1.000000000000000000e+00 5.398304478790739713e-01 4.592715805175844879e-01 -3.966218856598502929e-01 6.552351976760436569e-01 1.199157811181116862e-01 5.951592818780522265e-01 1.786936539303410898e-01 3.721472162388290705e-01 6.380378989847217408e-01 3.682977880639020651e-01 3.893984863486566472e-01 -1.771130216338779595e-01 5.145149412452091342e-01 4.870920014551601285e-01 3.847327616217999235e-01 5.488461812376846938e-01 2.403043481625549982e-01 -2.569294249400993491e-01 -3.113956115153020954e-01 -2.268285292770153561e-01 3.142366846497042787e-01 5.223854404213706948e-01 1.681056447956973676e-01 4.181087634165464029e-01 -3.161093531020267022e-01 -2.075276042896634712e-02 -2.292370353016987342e-03 1.314096732755243579e-01 1.323803811382002482e-01 5.492101560462246956e-01 2.528098297403143513e-01 5.194950606002366467e-01 3.760511029483984968e-01 3.553886487571933372e-01 3.084357529943988485e-01 1.781980081700530738e-01 2.957677720600271343e-01 -8.581680140112217525e-02 -9.614109010849437864e-02 2.100774978453711084e-01 2.976560243862906852e-01 -1.140665923502254958e-01 8.420962891202581069e-02 2.149457836897032126e-01 2.750127202255965297e-01 8.757009407751659147e-02 3.228091104226397667e-01 3.178922509898199356e-01 5.880516629221412828e-01 4.210806410984797576e-01 2.626358921844110239e-01 2.538251975596535481e-01 3.204077191551881754e-01 6.931460679928394542e-02 3.699204680326256267e-01 2.598373953133572556e-01 6.900182803314092173e-02 1.552360873910386962e-01 3.293390893253370089e-01 1.510636274075631003e-01 1.448634023295965467e-01 2.764685998635366126e-01 2.820340416194652700e-01 5.313680674126005643e-01 1.980571042969864748e-01 -5.468364084186808083e-02 -3.293762264020832498e-01 1.932420320599297636e-01 4.442497414994754645e-02 2.286472493949801843e-01 2.084818013370040302e-01 4.028442917780099553e-01 1.243324604480227080e-01 4.442923261842084970e-01 2.080724765225681894e-01 1.917567316050305393e-01 6.835281983380109283e-02 -1.513060141953963961e-02 -5.696707484650500447e-02 1.309289933197172184e-01 3.305899227058775591e-02 4.891877103009860117e-01 3.248411666894547856e-01 4.204170358202494739e-01 2.850207171725110955e-01 2.861889154130505819e-01 2.934818879011823478e-01
-5.918919932570279041e-01 -1.584375790464717937e-01 -4.801161907530717698e-01 3.238719432227487594e-01 2.600701002627355818e-01 -1.868409051282275135e-01 -3.548753022885075548e-01 9.017139098878589748e-03 1.384646105860556364e-01 -2.608597066691814015e-01 4.865755735266739934e-02 4.688458720323754325e-02 5.398304478790739713e-01 1.000000000000000000e+00 7.990957602388981673e-01 -4.050089878668758914e-01 4.569894005445336860e-01 9.489124147241730090e-02 6.324973595216980549e-01 1.804719207519346336e-01 3.624907464294259696e-01 4.326677665254187732e-01 7.368293823807368081e-01 -4.375839784977397090e-02 -1.834588234707086596e-01 3.448981891543193568e-01 6.898323374778621009e-01 4.177958262130538336e-01 5.249859895076584015e-01 6.497734734679093682e-01 -3.309614796376643131e-01 -2.383311830060951264e-01 1.246592225584763902e-01 1.382806708873891566e-01 5.734078909388119483e-01 1.287793854806020544e-01 3.984381063861663907e-01 -4.526731580981379066e-01 -2.025376008285600382e-01 -3.541297330934106147e-01 -1.625045385271906839e-01 -1.295990979423802814e-01 3.018726711502013327e-01 1.955609278651202765e-01 4.155999040585400262e-01 5.355113568136858904e-01 5.563625261339857353e-01 5.370901562812167018e-01 -1.082220729571641282e-01 1.248133636086089931e-02 -1.794862482207229271e-01 -1.990072606960149315e-01 1.348785625121717846e-01 3.748217429697042746e-01 -1.977735908211111227e-01 -1.643663011996536472e-01 1.529428346729418409e-01 3.150248668359432735e-01 -3.670242350784411189e-02 3.645883076743529627e-01 3.626762025469786321e-01 5.063034414222375990e-01 6.377466465106870208e-01 5.918805706753718088e-01 6.291026795150573836e-01 7.083604540442470787e-01 -1.048613951986743231e-01 5.903645322289826636e-01 3.746064066275774374e-01 1.789912564263695938e-01 2.799073601082837648e-01 4.231647337245892926e-01 4.951555743276891408e-01 -6.133537063317787315e-04 3.961676591813215187e-01 1.934591598141527924e-01 5.691375356297417865e-01 6.268411061603393897e-01 -2.462871313873634949e-01 -1.747552424165120799e-01 2.265004328020399360e-01 9.049753790066885836e-03 9.029003849712615229e-03 3.049513894234386346e-01 5.409763544018632020e-01 4.373305451230782293e-01 4.557656703277769839e-01 3.023793095435083345e-01 1.190881910795569265e-01 -9.593390354751461790e-02 -9.428619237771722339e-02 -1.149885938450613682e-01 8.442000940242058715e-02 -1.709234014946177937e-01 1.581056624887959561e-01 1.666649261427756989e-01 5.414577507582675198e-01 5.120981583703532181e-01 5.432787778290629199e-02 -1.046638277120137510e-02
-6.083704931293645313e-01 -1.178089687284787912e-01 -5.094648023282493110e-01 3.681689801226757930e-01 2.129400497849237850e-01 -2.834303763513578711e-01 -3.757422697686360613e-01 -5.499411802692201479e-02 5.779428994733601388e-02 -3.795284968194214126e-01 4.746264942362004441e-03 -5.412286004097927039e-02 4.592715805175844879e-01 7.990957602388981673e-01 1.000000000000000000e+00 -3.604772650791686628e-01 4.167761831777321846e-01 9.406052335275190412e-02 5.755025678226587393e-01 2.138914164826122011e-01 4.718566518797907561e-01 3.312938839284795267e-01 7.022215806204226141e-01 -7.332053932108541228e-02 -3.107662916315783730e-01 3.213649257950477733e-01 7.590685574298717819e-01 5.937430351965310438e-01 5.925761764878260118e-01 7.266848933606319116e-01 -3.729136741194259419e-01 -2.257428267950135348e-01 1.703260489805798750e-01 1.020177389336378582e-01 5.902344546110142032e-01 1.084798753677431032e-01 3.536405650693048575e-01 -5.431735176695970946e-01 -2.545518185052161875e-01 -4.045387957153182001e-01 -1.884859412405880397e-01 -2.140067255439496163e-01 2.644052360967704129e-01 2.217583743350893255e-01 4.316450274688487521e-01 5.935823755615035058e-01 4.931429000421050368e-01 6.059011553214516121e-01 -1.291739193888422621e-01 2.203681151516786400e-03 -1.281176615529557583e-01 -1.592217254748432009e-01 1.798822433231409834e-01 3.565868275778561469e-01 -2.897751968600660311e-01 -2.424864013100259952e-01 1.091832992504768313e-01 2.221289212631063770e-01 -1.405506022942216160e-01 3.418181765396067773e-01 2.891472656628770732e-01 5.036309049850759001e-01 7.261235466676078110e-01 6.034331796482069743e-01 7.247540907053744430e-01 8.414171077969868628e-01 -1.269461116385743327e-01 5.833863643075509753e-01 3.965309124971241328e-01 1.313867115739461300e-01 3.191504266497272035e-01 4.511456574695150712e-01 4.949223482774645078e-01 -4.383409891515702150e-02 3.966114157657142369e-01 1.682500919066766687e-01 6.963488246408442439e-01 7.069914501532031936e-01 -3.073152023813004452e-01 -1.296062268995054056e-01 2.528980497862607923e-01 -9.919918724466193771e-02 -1.996796819448565241e-02 4.005033149051480668e-01 6.328961607618299734e-01 5.021817973188956730e-01 4.216085712943224983e-01 3.555703274849378870e-01 9.864579232288041288e-02 -1.606256468396962123e-01 -3.708447722418895670e-02 -2.214443795827327199e-01 1.256461879579837994e-02 -2.695376630100043691e-01 1.027526599559771270e-01 1.383179914591000648e-01 5.988258971348300319e-01 5.627304737757894415e-01 3.027883337317840637e-02 -4.283286958393774102e-02
