1.000000000000000000e+00 -4.270631756916632576e-02 2.628457812439620733e-01 -2.194489740737106190e-02 7.826586292073646912e-04 2.364447327954531108e-01 4.842868317083304924e-02 5.953148663425843201e-02 1.832760065148174083e-03 -1.325065560795643249e-01 6.334877824858946814e-03 -9.318389159807891065e-02 4.539224675408467385e-02 -7.840146313578699733e-02 -1.217503357988192342e-01 2.995776474095974140e-01 8.247309136665295637e-02 1.355951066688960704e-01 6.108189635865801659e-02 1.631161405796090202e-01 -1.120592197924664551e-01 6.846129102719274162e-02 -5.040131806745824783e-02 -1.300007834558264130e-01 4.732862580309065564e-02 7.542845468485030735e-02 -2.347353905067176005e-02 -1.297806032332738113e-01 -3.700121191158492473e-02 -1.856290046509622427e-01 -1.177985080348466634e-01 2.590227906276297287e-01 2.013950205041181163e-01 -6.179026429499256262e-02 -3.583479544693277119e-02 7.185382919102724364e-02 4.678102113180822308e-02 1.978514022246298520e-01 -8.572158858206192777e-02 -5.753175408638030314e-02 -1.177809436749129718e-01 9.177410260557668231e-02 2.981706090771012868e-02 -2.034004356612807013e-02 -5.007518684803080600e-02 -4.556555659006766151e-02 -1.712465621358508910e-02 -3.648718116335946098e-03 2.735697331622454209e-01 7.722978044570419365e-02 5.832973956378989522e-01 2.453129870245971678e-01 1.076743432281448976e-01 -6.543433310727551910e-02 1.546304508127603339e-01 3.296127629020007554e-01 9.611748863657917918e-02 -4.447147858355639640e-04 -9.325045592045273779e-02 -4.175026383405486263e-02 1.451181797497994030e-02 8.212151040960022352e-02 -7.979882389520404073e-02 -1.425661106664475875e-01 -1.336760156472401873e-01 -1.344917573132400346e-01 1.069187679683582526e-01 8.339434867485874536e-03 1.202338218218617499e-02 5.371385295776760077e-02 -9.547625163124846825e-02 1.160130538449295409e-02 -1.803747194024266434e-02 -9.822842841406509429e-02 -6.990812239683411033e-02 1.310144409778093710e-01 2.917062848176777898e-02 -8.032349098732310955e-02 -4.656217744288177612e-02 2.645961482322808367e-01 -1.918224598201308251e-02 -9.911771956862218402e-02 -1.760661141047270561e-02 -2.665584840274100656e-02 -2.037760758097993327e-02 -9.267578341712850998e-02 4.222605093457764552e-02 -2.618409920305836067e-02 9.663257422035946564e-02 2.747313686287106149e-02 2.236961906933175037e-01 1.622764167446673622e-01 -3.557060868982159230e-02 -1.820132179536694539e-02 5.034999420788986713e-02 -1.133187053432665146e-02 -8.630217136897228719e-03 6.939875684203801465e-02 3.292924455431283093e-01 1.340587218202143882e-01
-4.270631756916632576e-02 1.000000000000000000e+00 3.281455542845830298e-01 5.496541279319796525e-01 5.651986277813692006e-01 2.936394886159113815e-01 2.987162775914878887e-01 6.241753687075071166e-01 4.371816942246123938e-01 -2.204535890641347584e-01 -7.396476982552169233e-02 -2.968839942474274431e-03 1.625250828010441906e-01 2.431476640481019524e-01 2.243215183031988802e-01 5.185284086946816418e-01 1.955284864546291412e-01 3.485312575321334871e-01 1.262316930354619449e-01 1.758480099622028725e-01 3.293629933206036475e-01 8.616754393974822290e-02 2.791071961973880522e-01 -2.041892297964971736e-01 -3.064429511684589880e-01 3.861926500068020573e-02 1.090577686545102093e-01 1.786935904061797975e-01 -6.885517581267151452e-03 1.437621644934820586e-01 -1.310186968803671581e-01 -1.295348764445026224e-01 1.294283122618791471e-01 -9.339418664324865282e-02 1.309040386148501156e-01 1.660224113333776119e-01 -1.052185562132518376e-01 -2.331143225779887529e-01 1.804159943779405917e-01 6.242821038092569857e-02 -1.499449245175338563e-01 -3.253209570973570885e-01 5.347992652016021059e-02 1.274017668610397946e-01 1.168910135172374909e-01 1.671043764037114243e-01 1.983265975869936970e-01 8.106524421237075451e-02 2.749690765697241912e-01 -2.025586651024685256e-02 1.321339910060373088e-02 7.184680397878320246e-01 4.454759361784544347e-01 6.086134390054452892e-01 3.548516468370676025e-01 2.522049549914923139e-01 5.303649456764341075e-01 3.702808125905271974e-01 -1.605029674468601009e-01 -1.183036830392353023e-01 7.010349872764931600e-02 5.624894606718269796e-02 1.393884984588423526e-01 2.824788444392756781e-01 3.394479153304402752e-01 2.574121185319684924e-01 1.111028643154733930e-01 2.241988354009777640e-01 2.057234236365122482e-01 4.087757242642180433e-01 3.657160078486398347e-01 2.165019378643043002e-01 2.497895026954914666e-01 2.153097179876276024e-02 5.781440986068660422e-03 -7.579847421202312585e-02 1.398260063315672763e-01 1.603416067368426123e-01 -2.409759269083392164e-01 -1.127636266934538001e-01 -6.315477348339376684e-02 -2.944884001491205328e-01 1.046278014582422838e-01 7.390509647383367020e-02 1.111944131218241122e-01 -2.944474018101808990e-03 -5.510226715878621673e-02 1.065965607959366707e-01 8.568148764333430312e-02 -3.700879517755124026e-01 -1.184737761645190679e-01 -1.244247209610181981e-01 1.250529656187248373e-01 -2.073256901389389506e-01 -4.925513450564385221e-02 1.578463350375539920e-01 1.279252432685458463e-01 6.127790422790332231e-02 2.807759582202699611e-01 -1.422120990469601942e-01
2.628457812439620733e-01 3.281455542845830298e-01 1.000000000000000000e+00 3.879943474809414983e-02 3.516800269674634771e-01 6.753566254599533414e-01 3.187131502433215302e-01 5.223213400991861821e-01 6.353079915560986279e-01 1.044989347813919112e-01 3.244478933498970430e-01 2.090402079394225454e-01 2.993666666989837077e-01 2.434893019282030890e-01 1.780192367923771335e-01 1.556554006251469613e-01 3.246257862968048302e-01 2.685747703580564361e-01 1.620865374584013752e-01 1.368864125329827264e-01 2.206014094482041943e-01 2.497479719012248855e-01 1.273120367063285130e-01 1.950517436656039327e-01 -1.006958075125221307e-02 2.077378793001987689e-01 2.827989722531062261e-02 1.242452882168077755e-01 1.929017628077841773e-01 2.233184211009921899e-02 -6.164412350848602618e-02 -2.276310335732017187e-01 -2.142561183396921587e-01 6.294929029862701697e-02 1.187058489895559815e-01 2.661051139781722696e-01 1.285408048393005265e-01 -9.423013532309737483e-02 1.003029295820352246e-01 5.396267989466894954e-02 -5.632715332482015475e-02 -5.627544861510355018e-02 1.140203173086470033e-02 1.635359669826268736e-01 8.356439818146856047e-02 -7.630019596661905684e-03 -2.213928766105829806e-03 -5.917887259824866630e-02 4.807723594233703768e-01 -1.984189789465961792e-02 3.452679585539610713e-02 5.261308177594371527e-01 -9.049424017622807737e-02 6.977772377025089068e-02 5.212430186592411641e-01 6.838559134599643263e-01 3.686082088121963030e-01 5.814226505771379339e-01 1.025563888814207680e-01 1.792009983893837477e-01 2.545232070119308743e-01 2.406563800620062088e-01 2.486577518209055759e-01 2.349836438677327943e-01 1.666294097602628310e-01 1.491549834905632199e-01 1.204796127261714284e-01 2.102766894909779971e-01 1.166599241397403008e-01 2.810590073061829952e-01 2.426610460843421080e-01 1.232717857191296257e-01 1.236755134594214184e-01 1.268898494045048453e-01 1.794487054782138713e-01 1.282394406636182260e-01 2.097897348416535024e-01 1.052817115881922588e-01 -4.497338451916843560e-02 -2.181474223256726630e-01 -2.388571001668262847e-02 -1.264737912458058500e-01 4.768047068467043403e-02 7.321308665511566671e-02 -1.672719857275540515e-03 -1.761850722574134498e-01 2.010201192251255820e-01 1.590225756471970175e-01 1.389329720403373880e-01 -1.847543260106408181e-01 -3.160437701870511540e-01 -1.081939495480490699e-03 4.787982183853953938e-02 -5.295936305479807815e-02 -5.797616703955583289e-02 4.511455869050177980e-02 -4.362977400493888575e-02 -5.729636984159432525e-03 4.277689557678687193e-01 2.837251112213694942e-02
-2.194489740737106190e-02 5.496541279319796525e-01 3.879943474809414983e-02 1.000000000000000000e+00 4.608197454482931832e-01 4.753868375346987502e-02 3.725858696822513250e-01 4.284258522433027627e-01 2.207841441167438523e-01 -4.123346534373801275e-01 -1.134320961280884804e-01 7.951175648819056030e-02 3.205334595131382747e-01 4.306326242155772421e-01 4.436244753672928254e-01 3.531122224537465715e-01 2.343374573007462880e-01 2.436876598592408460e-01 1.993992838302254822e-01 1.640817850817223034e-01 3.424677205653010037e-01 8.705022644822189848e-02 5.188542506508024843e-01 -2.297462205398138058e-01 -4.460128066332771368e-01 1.392245088821556787e-01 3.721215050636880184e-01 2.889329547671358744e-01 -8.555289461038643670e-03 4.806826884869264127e-01 -1.545767966596289789e-01 3.340096463032586616e-02 3.361174018442562583e-01 -8.813451111914125113e-02 2.747435944411332764e-01 1.363118196729143361e-01 2.052778426104823889e-02 -3.068477472197563283e-01 1.891936178976960925e-01 1.382633462121967381e-02 2.746995154437245276e-02 -2.142324079327548314e-01 3.590616848617182999e-01 2.511979202087431529e-01 3.806634968106034078e-01 4.377421049976318868e-01 5.367528562428397487e-01 4.072401498089038285e-01 6.354184439974430720e-02 1.631481200610611915e-01 -1.252282655079765272e-01 4.339864703580476601e-01 5.065122599691028737e-01 8.443847160914872418e-01 1.223600794882116621e-01 1.410545069115052598e-02 3.923360393648103184e-01 1.921597451613935303e-01 -4.163049277802217119e-01 -5.873530512190480724e-02 8.941579590497428232e-02 2.071058874026417973e-01 3.104712156743146823e-01 4.398957287723211373e-01 4.613715525739007228e-01 4.922329352973544569e-01 1.825904023056191053e-02 2.559776996083849010e-01 2.293111192024629430e-01 2.937128423380716558e-01 3.253821411545719244e-01 3.100650446541892147e-01 4.331352608928101811e-01 -9.235509602603204568e-03 -1.160706071620573425e-02 -7.857163451720125535e-02 1.425591579607439208e-01 4.235642258255078452e-01 -3.376346516302271561e-01 7.943551611390949063e-02 3.590265199009247399e-02 -1.253973046523009505e-01 3.682995241111542972e-01 1.432395150766548053e-01 3.038181905397320248e-01 3.194634958719708706e-01 5.596178985424404839e-02 1.451872556717097307e-01 1.548845493830701137e-01 -3.167252294959969627e-01 2.490165029105367162e-02 -3.070576955674755304e-01 9.192837432307877921e-02 -8.910882864334168652e-02 1.364844299966354313e-01 3.476144655849686682e-01 4.648211206433189302e-01 3.664969348266639559e-01 1.325466780396930000e-01 2.488176130664259723e-03
7.826586292073646912e-04 5.651986277813692006e-01 3.516800269674634771e-01 4.608197454482931832e-01 1.000000000000000000e+00 5.377594644548158165e-01 8.706306424620044448e-02 4.953556162090232418e-01 5.614188603568323055e-01 -1.827377062781071759e-01 -7.029697983280613904e-02 -1.089738118287147117e-01 1.822208508760036483e-01 1.837345383756862349e-01 1.673424368611319824e-01 1.254612834163465196e-01 1.550718597533210230e-01 2.112913235494818520e-01 7.500290350624165547e-02 2.079642252397246455e-02 1.597364606929248532e-01 7.880348536429128414e-02 1.914285755861634131e-01 -1.639370454534610777e-01 -3.126022314109871969e-01 1.384911226883972502e-02 3.454294911685724251e-02 3.491426415365248698e-02 -4.320446900520014816e-02 1.050529923908128382e-01 -1.314636140435320177e-01 -3.986424909746218853e-02 1.391079512817151344e-02 -1.202387260545725693e-02 7.352751883118915921e-02 1.437917188447550287e-01 8.458229815264610429e-03 -2.356637864164547735e-01 5.391308946602874769e-02 -1.705133995924160706e-01 -1.046877080975693181e-01 -3.626463280026529512e-01 -1.503367823932154346e-02 2.152236334871753809e-01 2.261377199565919038e-01 4.501805205387339470e-02 1.315309690044831337e-01 6.087212381107828807e-02 3.135648393661985001e-01 -7.203587187759656618e-02 -4.624894694687211455e-02 4.844056968556633147e-01 1.885836809256016822e-01 5.589063793189278373e-01 6.514763186065429812e-01 3.830856892042113215e-01 3.033565162798933512e-01 5.124998979802098953e-01 -1.912818268791146858e-01 -1.241565605090514529e-01 -4.540261429235988716e-02 1.004831254149457787e-01 1.757520789455029042e-01 2.564570360384386682e-01 1.744648189772386726e-01 1.884255196898075579e-01 -8.110277071383159564e-02 9.230809343547075052e-02 5.635504657924998717e-02 1.843529872391937718e-01 1.514170671734802742e-01 2.560568610444891383e-02 1.373583575419625724e-01 -1.535108259438277833e-01 -1.570212803921256783e-01 -1.269241262528018332e-01 7.842683568855818299e-02 1.296722160107244004e-01 -8.280871751162413585e-02 7.823683966961163597e-03 -1.410047092039933558e-01 -1.471049888655081017e-01 1.902258961988856911e-01 4.482723917700267430e-02 3.613468942209530771e-02 -1.175367673235886284e-01 -7.490855418415257039e-02 -9.612252576284077699e-04 3.295454419550141595e-02 -3.656567060528212454e-01 -9.176028405779283748e-02 -2.043650908856156356e-01 -4.056852981992679213e-02 -1.959835147369620445e-01 -2.104764183546659617e-01 1.483645740814082403e-01 -3.534682207167432009e-03 5.417070585499356161e-02 3.318972702567788424e-01 -8.393669804960661451e-02
2.364447327954531108e-01 2.936394886159113815e-01 6.753566254599533414e-01 4.753868375346987502e-02 5.377594644548158165e-01 1.000000000000000000e+00 1.580264650811125660e-01 4.417938263796655218e-01 7.233325344038431526e-01 4.075647241571942608e-02 2.217931967892902978e-01 1.068290412207878459e-01 2.164966035887272711e-01 2.551416480952292676e-01 2.074759734135295242e-01 4.401968278850301730e-02 2.980521411429781775e-01 3.170526803024974472e-01 2.335787494597108827e-01 2.363832695632386294e-01 2.229675888041733611e-01 1.655531479327264355e-01 1.611358740634025455e-01 1.622045873107802183e-01 -1.334028383059497613e-01 1.083626453679998602e-01 8.186416253730637027e-02 7.628296146723238802e-02 1.891464899414799783e-01 6.474216555991382793e-02 -2.602767413876478364e-01 -2.915475755054574569e-01 -1.362531919367725997e-01 1.951267594598323218e-01 1.390853361607031213e-01 3.635132331416543461e-01 2.047895950137144094e-01 -1.814701124513511121e-01 -2.354491748265992446e-02 -5.337049381102376006e-02 -1.656530089446525689e-02 -7.680035872850425605e-02 -2.844510285526966401e-02 9.030681999523550163e-02 7.343179201716965032e-02 7.300403135741130589e-02 9.779086948699360071e-02 4.338100127101739145e-02 6.241194296935355101e-01 6.530726812252710123e-02 -5.388861654657950678e-04 4.447266051919190333e-01 -5.524864667191071305e-02 1.764692292445022570e-01 7.562031390454430069e-01 7.443353303606163873e-01 2.566485981576007713e-01 6.104417165557798342e-01 1.125302216956115299e-02 1.221705067818316115e-01 1.840795891353696756e-01 1.676897318591883124e-01 2.335763839823408738e-01 2.255998046312979732e-01 1.647378029832066437e-01 1.744052264495082327e-01 2.823270896788839315e-02 1.759016265291490078e-01 1.658138248644635548e-01 2.905176914541174327e-01 2.299284147923312815e-01 9.375750268132697351e-02 1.526131660833377479e-01 -4.828133779062701580e-03 4.126788564612193788e-02 1.262652876223231413e-01 2.283447658453145457e-01 1.504276730836535403e-01 -1.714317885734276958e-01 -2.025308736244821051e-01 4.553096085530683457e-02 -7.713917606832133844e-03 1.074278157766077463e-01 1.486609396319300558e-01 1.157306395547066658e-01 -1.398120028410477500e-01 1.544480450291653428e-01 1.636482018520030446e-01 2.339254161574617907e-01 -1.558563235462817054e-01 -2.011746348093058079e-01 -1.169960886014107249e-01 -6.673907420769370491e-02 2.244901039147500013e-02 -8.558928418709474406e-02 4.339654347750487168e-02 2.809517366671118732e-02 9.550122660127301211e-02 5.637667677853347437e-01 1.122253810787841727e-01
4.842868317083304924e-02 2.987162775914878887e-01 3.187131502433215302e-01 3.725858696822513250e-01 8.706306424620044448e-02 1.580264650811125660e-01 1.000000000000000000e+00 4.325699092543044966e-01 3.254498375728069881e-01 -3.531564853839471579e-02 3.081436072595803433e-01 3.018176307476164166e-01 4.776183314695696680e-01 4.415371823492994507e-01 3.775030063877087838e-01 3.367513088893920870e-01 3.979663926864289714e-01 2.349397152175107528e-01 3.423025424024387364e-01 3.040458089712435585e-01 4.237270565189069638e-01 2.222255079541382849e-01 3.077711871564260959e-01 2.066250965301088260e-01 -1.805283019104307329e-01 3.455643961632728911e-01 2.589868096148611465e-01 1.810181389338156588e-01 3.260229852560118102e-01 2.339649305624688091e-01 9.844627599782123165e-03 -1.739801019902323109e-01 -9.630195032136322497e-02 1.145842812024579771e-01 2.680117220654131827e-01 2.038016285248562820e-01 2.412918916329906127e-01 -1.671484650045006182e-01 3.035454069739974003e-01 4.637795853023775616e-01 2.301637770875962774e-01 -3.990838984583275351e-02 3.123975645844603299e-01 3.572610754412642864e-01 3.839262175832671709e-01 2.680577082540517853e-01 3.421391310589324553e-01 2.281878142607883797e-01 3.048417465378527869e-01 3.249199819609817075e-01 -1.539348308905703344e-01 4.058490881611867551e-01 2.794093737662389776e-01 3.377953195782482654e-01 5.290400943806541911e-02 2.690345015565778208e-01 4.597525805365397233e-01 2.603776548750346698e-01 -1.202307193954754994e-01 1.610149557479600979e-01 3.602746695699021728e-01 3.869041549018882864e-01 3.196366083608793152e-01 3.315387591860612937e-01 3.282155531124567593e-01 3.299796552164940278e-01 5.393180077831497554e-01 2.934634509999078378e-01 2.289604640066137398e-01 2.472345982363678973e-01 3.924124002960687752e-01 3.936846415782688235e-01 3.044314880851936578e-01 5.294259973951451759e-01 2.951174072269237003e-01 2.361384911807789533e-01 3.693069063484335501e-01 2.490201358521965114e-01 -1.862641257334404776e-01 -7.562326788950941847e-02 2.056329810658776847e-01 -4.203713984909102606e-03 3.475822367583299433e-01 1.020751780401306513e-01 1.768449538338779103e-01 2.165538814284316271e-01 2.878101912368830617e-01 8.971463401616976141e-02 3.131133100839140759e-01 1.365145359399343450e-01 -3.631630544251887027e-01 -8.318217466458113774e-02 2.993959957179855302e-01 9.928984260866711986e-02 2.541325426681476651e-01 3.204168796240167150e-01 3.113300996115461738e-01 2.103379993525695824e-01 2.984693479784390480e-01 2.699290825329275778e-01
5.953148663425843201e-02 6.241753687075071166e-01 5.223213400991861821e-01 4.284258522433027627e-01 4.953556162090232418e-01 4.417938263796655218e-01 4.325699092543044966e-01 1.000000000000000000e+00 5.828867264134592885e-01 -1.378498602115608707e-01 1.192389569837954549e-01 1.412633974927530178e-01 3.070400473974665423e-01 3.787103789494771777e-01 2.598732880966590497e-01 3.675321208546289964e-01 3.644594961227659580e-01 5.631581702162986591e-01 2.839497702561398773e-01 1.982030194422759739e-01 3.802880779312679538e-01 3.566226544865263581e-01 4.048486987013423244e-01 -7.129754119594414186e-02 -2.782976376355374981e-01 2.612237311409878471e-01 1.924225064309436906e-01 2.644721392650661862e-01 5.869572934736098924e-02 2.316042670276160231e-01 -1.722949259783808640e-01 -2.606029630536744746e-01 -9.482577268095654030e-03 1.547750125546320799e-01 2.710421978550908162e-01 2.924564377045665853e-01 1.260136216027481493e-01 -2.818305053266680904e-01 1.528125495768330455e-01 -6.817141818028165691e-03 -8.506476404529583757e-02 -1.663984825644200249e-01 1.959216108434116976e-01 1.906226499477718661e-01 2.013822843948855912e-01 2.322134275669625880e-01 2.655968585352677103e-01 2.345857246285862341e-01 3.743334803806204203e-01 4.407052071814301225e-02 -2.849605120776582332e-02 6.321732043418890612e-01 2.175643621066703504e-01 4.637047576783012715e-01 5.126716346468239704e-01 4.710013803298666035e-01 7.934157032468400761e-01 6.349639236567878875e-01 -9.498360276766257271e-02 1.296292175054970797e-01 2.210881228994198144e-01 2.026922594794980936e-01 2.423719395940229226e-01 4.181171136010074507e-01 3.873073846082986105e-01 2.909527654108148287e-01 7.423017915475854656e-02 3.883344299755003282e-01 3.648137777522483249e-01 5.859939128184482593e-01 3.974077209936778265e-01 3.341283033255627033e-01 3.999970885877281446e-01 -3.269708117103276371e-03 1.186324246208195349e-01 1.805640292608524933e-01 2.346105985670153271e-01 2.934785979574249248e-01 -3.012018325895045034e-01 -2.462838664834758884e-01 2.713518016832746141e-02 -1.231999987419252207e-01 1.873692504452594554e-01 2.419209707656098107e-01 2.103350850563381613e-01 -1.653277367915219212e-03 9.451047003643558986e-02 2.095856185026428453e-01 1.362692091845973674e-01 -3.151671995131168913e-01 -2.217894351161565913e-01 -1.853453836451175174e-01 2.878586613103424965e-02 -2.113623062086735643e-02 -1.332681536076119402e-02 1.533493854948663471e-01 1.754683651292754387e-01 2.091046125305291437e-01 3.562332045853624507e-01 -7.315186689526401165e-02
1.832760065148174083e-03 4.371816942246123938e-01 6.353079915560986279e-01 2.207841441167438523e-01 5.614188603568323055e-01 7.233325344038431526e-01 3.254498375728069881e-01 5.828867264134592885e-01 1.000000000000000000e+00 3.497066695841722500e-02 2.606462486098857778e-01 1.806983530432762497e-01 3.380972665582093195e-01 3.997782751412665703e-01 3.501289547435659233e-01 7.773708170375701054e-02 3.285827443937465175e-01 3.630075334925504382e-01 1.849293727755582095e-01 3.123020709359174973e-01 3.919610499534058046e-01 2.336186923872547450e-01 2.784885271921123118e-01 1.502218480623482566e-01 -1.584947014850790203e-01 1.726759820580549554e-01 1.036709683779851177e-01 2.057853138213204813e-01 2.303252701658547452e-01 1.907455585677245158e-01 -1.242035394046320379e-01 -2.769194444024685731e-01 -1.234957728035383784e-01 1.673585217304992823e-01 2.498636629448555968e-01 4.434480247438475908e-01 1.434508586424053378e-01 -3.008188378228974225e-01 6.604426797785267755e-02 1.787950686526552924e-02 1.651448457794223862e-02 -1.716311214823147968e-01 2.946895502878454226e-02 2.808153500837319849e-01 2.544997558605258670e-01 1.175719392933563257e-01 1.584732721857410598e-01 8.522943238354520334e-02 5.923646765114861656e-01 7.669218375877609462e-02 -1.527953131399955311e-01 4.682747526711525388e-01 6.421508391082079992e-02 3.273070406758795126e-01 6.015151673447902692e-01 7.144426914790625860e-01 3.795071765000972985e-01 8.116810557524565262e-01 -2.677308073774126163e-02 1.574766103634342995e-01 2.343563493737178816e-01 2.243809527575063578e-01 3.363675126356509004e-01 3.564422997509348878e-01 2.920285531398003620e-01 3.173140347613406242e-01 1.400461401955215568e-01 1.836542405866490035e-01 1.691758011016602226e-01 3.471421331982998404e-01 3.718701341324338050e-01 1.243964971335446007e-01 2.304129693943454682e-01 4.489940997901874231e-02 1.049216098572454403e-01 4.095392250680481711e-02 2.937773339293727748e-01 2.228717763986818590e-01 -1.085265785342238998e-01 -2.179420552152289414e-01 -2.204383304512369524e-02 -7.822335709131260362e-02 1.969667045954013040e-01 1.534879245782161117e-01 1.347091484581210141e-01 -1.328305367914614787e-01 1.642316731180817613e-01 1.741355456581485384e-01 3.151800408297553147e-01 -2.809046695177198072e-01 -2.837760236647335899e-01 -1.594018809102542567e-01 2.938183549929556868e-02 -4.782605876193573441e-02 -1.886677674591620280e-01 1.575204365680309693e-01 4.234856597419101032e-02 1.063301763400616579e-01 5.683833522971916130e-01 1.255625993525996131e-01
-1.325065560795643249e-01 -2.204535890641347584e-01 1.044989347813919112e-01 -4.123346534373801275e-01 -1.827377062781071759e-01 4.075647241571942608e-02 -3.531564853839471579e-02 -1.378498602115608707e-01 3.497066695841722500e-02 1.000000000000000000e+00 3.901023175226553397e-01 3.184964579414604757e-01 2.509551745431776865e-02 -9.738860631186165018e-02 -1.148833651269620115e-01 -2.017346625979181685e-01 -3.268278508354262226e-03 -2.288266324154915599e-01 -1.755938520449382423e-01 -3.731122663333608092e-02 -9.764158691106174237e-02 -2.893711695740292661e-02 -3.212306207225546495e-01 4.401889108054564126e-01 6.549740105138033286e-01 6.876860503571717576e-03 -2.278214360068818722e-01 -5.773402715170615485e-02 2.157428762782877540e-01 -2.301328810234677114e-01 3.292080586887193849e-01 -5.427768386738292955e-02 -2.892710389616892641e-01 1.274184100610588621e-01 -1.420612664876914899e-01 -6.671538482837442718e-02 4.334541946856387828e-02 3.112813564216421192e-01 6.848751675883987811e-02 3.044387710657904811e-01 1.114986656376442398e-01 3.442247360694535852e-01 -1.611882647534315094e-01 4.970683336127196955e-02 -1.665915989251021481e-02 -3.658138004783789698e-01 -3.401782284193257677e-01 -3.741549254635047617e-01 9.581146744838949653e-03 2.535452845861639951e-02 -9.052071524794455537e-02 -2.569661205657222114e-01 -2.664815100122636671e-01 -3.892027507960029165e-01 -1.283015908483169654e-01 1.355139415858568341e-01 -2.058867284073659931e-01 5.282202236550311708e-02 8.060752363475676141e-01 3.475098458865497619e-01 2.000091444846075206e-01 7.325966932561778222e-02 -2.277915726464069257e-02 -1.536754218187964260e-01 -2.328918252930725907e-01 -1.909094201454598072e-01 7.777042580824550244e-02 -9.382327754667271758e-02 -1.024864599996891251e-01 -2.068855446733349479e-01 -9.869918739334275493e-02 -1.323519638745321303e-01 -3.414373726827925060e-01 3.120187344306248889e-01 2.575076821076035527e-01 1.891961816837602062e-01 8.766375859324455899e-02 -2.083891341754412485e-01 3.332264287131009306e-01 -1.321058576659480954e-01 -5.366257322854214862e-02 7.815452472007636264e-02 -1.106153381762722682e-01 -6.043263339637566095e-02 -2.080535065727091848e-01 -3.016658922143297672e-01 1.273102082323818440e-01 -4.758067617757631707e-02 -1.439361888994069444e-02 2.957436800382226560e-01 -1.888899989081226638e-01 3.589704108743052569e-01 1.361914276258988088e-01 1.729807726299789628e-01 -9.576470985261502367e-02 -6.423468420152143865e-02 -3.526958220925576759e-01 -3.494754358051406218e-01 -5.460602054988818350e-03 1.769563703471547511e-01
6.334877824858946814e-03 -7.396476982552169233e-02 3.244478933498970430e-01 -1.134320961280884804e-01 -7.029697983280613904e-02 2.217931967892902978e-01 3.081436072595803433e-01 1.192389569837954549e-01 2.606462486098857778e-01 3.901023175226553397e-01 1.000000000000000000e+00 6.970406730840711385e-01 4.501760903795375968e-01 3.213465341207850656e-01 2.321394991280835152e-01 -9.943257013058480476e-02 3.697529854146907602e-01 2.194601940878482954e-02 3.189515731524363851e-01 8.359731443223696046e-02 1.954762645049164527e-01 2.418471538670385890e-01 1.242719011850346807e-04 6.826843260833541649e-01 2.587204329944221559e-01 4.653089770819002213e-01 1.000304168662823241e-02 6.561793058541214030e-02 3.746047502688927833e-01 -3.955455165131326230e-03 1.411802873543654135e-01 -1.218787412441630219e-01 -2.923686821628788124e-01 2.504219683219282566e-01 7.072625562078030392e-02 1.153929068515935907e-01 4.228068754229301063e-01 2.013912147908711661e-02 7.519559545480639096e-02 2.114368836653964245e-01 1.685764486621428859e-01 3.484355726531104258e-01 1.525313889642149479e-01 3.352367325264162257e-01 2.389702682364372999e-01 -2.274199753242433716e-02 -2.539236973565792491e-03 -6.391594408267081695e-02 2.643597524111184205e-01 2.102649452641894845e-01 -1.306327846571528339e-01 5.371039398264464138e-02 -1.909013854560780987e-01 -1.256520801510452867e-01 8.544256229008230508e-02 2.863621979679479845e-01 7.393719281397892473e-02 2.104880079547920557e-01 2.849098083750329913e-01 6.585888174342324763e-01 6.582319432908425583e-01 4.736636767063410192e-01 3.179464594099653540e-01 2.037879904927863695e-01 1.176945640934028148e-01 1.598808786141858729e-01 1.609248954973208079e-01 2.426043601401195737e-01 9.933143826219083261e-02 3.514720008985697947e-02 1.336670533456644772e-01 1.668888351026336925e-01 -2.433958824711186797e-02 2.681669133981893771e-01 5.477169226229054999e-01 4.791241586759190096e-01 3.404408826683317235e-01 5.429009143732486248e-02 7.402467768786336055e-02 -1.343398613962648036e-01 1.323588332529249123e-01 4.130292105375247408e-02 1.628633969830835526e-01 4.068816032435046415e-02 -2.853657119683877461e-02 -1.453932233476088742e-01 4.780913681388089809e-01 5.275265137339055915e-02 1.490628876601078345e-01 1.704018442236130693e-01 -3.884723210142031480e-01 7.230714862724811620e-02 2.639077946010350006e-02 3.585636847292443252e-01 1.601677011782668136e-01 2.283200635034854931e-01 -1.187086167152187274e-02 -5.345566811439039778e-02 1.922491091026273524e-01 2.972409419298240318e-01
-9.318389159807891065e-02 -2.968839942474274431e-03 2.090402079394225454e-01 7.951175648819056030e-02 -1.089738118287147117e-01 1.068290412207878459e-01 3.018176307476164166e-01 1.412633974927530178e-01 1.806983530432762497e-01 3.184964579414604757e-01 6.970406730840711385e-01 1.000000000000000000e+00 5.381954483844816339e-01 5.024465948565133289e-01 3.862075260882631977e-01 -6.114015616522820717e-02 4.021121211406439300e-01 1.098645883306041959e-01 3.916834332808623031e-01 1.619704653062868371e-01 3.560844917813225652e-01 3.642654461684361467e-01 2.850493605718557033e-01 6.240128410821973448e-01 2.029378544580890675e-01 6.425776760494790185e-01 2.287962038785662788e-01 2.747325521236447243e-01 3.703896357121703731e-01 2.284927520391644984e-01 8.813526513779010307e-02 -1.649080328397747042e-01 -6.546018640885259421e-02 2.672364581627143520e-01 2.493336655940115165e-01 7.739328575948684064e-02 3.373359767685796817e-01 -6.724697025577312803e-02 1.159148625032856428e-01 1.962709330993044621e-01 1.750288707030451529e-01 4.079384798577290749e-01 4.609267619220521750e-01 2.703504335228936184e-01 3.206698234852873863e-01 2.237141799033696421e-01 2.582073014096550878e-01 1.228153149771264857e-01 1.499155227386424205e-01 2.627705232359973664e-01 -1.243020345800891491e-01 4.998848723440264125e-02 9.769209536128616381e-03 2.430981902707529674e-02 -7.666981769146893541e-03 1.740475666867216664e-01 1.437994688129300980e-01 1.502163566954921037e-01 2.185946603050927806e-01 7.418741210524507634e-01 7.517833815305602352e-01 5.423545518122769860e-01 4.284751080622320463e-01 3.863741720113332279e-01 3.633059181387881531e-01 3.468959292554108509e-01 7.428253171499282770e-02 4.422244803887470099e-01 3.143162652032281956e-01 1.701902430873473981e-01 3.020282290097625610e-01 4.100655720275219740e-01 2.296072921811593281e-01 2.707948075250533604e-01 7.260038988878042554e-01 5.857616351545625877e-01 3.245494728535027185e-01 3.106727916936751210e-01 -7.441094517388630036e-02 -1.470616448342203508e-01 3.381260312876475105e-01 8.413557945918162528e-02 2.482168846623103442e-01 1.863408341827799131e-01 1.757619338787889951e-01 1.087382883255526567e-01 4.334847004480629207e-01 2.501719056404276831e-01 1.435005061632858570e-01 1.316702665863082877e-01 -2.230919124627888939e-01 -2.384178065996193224e-02 8.892138491555025281e-02 4.092509650409712485e-01 3.750717480961246464e-01 2.799972191165776003e-01 2.306689615860623432e-01 1.342341975914892738e-01 1.138837335274804630e-01 2.796272854693487298e-01
4.539224675408467385e-02 1.625250828010441906e-01 2.993666666989837077e-01 3.205334595131382747e-01 1.822208508760036483e-01 2.164966035887272711e-01 4.776183314695696680e-01 3.070400473974665423e-01 3.380972665582093195e-01 2.509551745431776865e-02 4.501760903795375968e-01 5.381954483844816339e-01 1.000000000000000000e+00 7.181293886223223399e-01 5.782765664340819844e-01 3.319490368805179392e-02 5.673484413284631822e-01 2.007606917984554873e-01 4.825764121376061033e-01 1.942773487882139827e-01 4.326745360538082341e-01 5.239182136054610917e-01 4.844480057699248055e-01 3.056419238356158363e-01 -9.941741985979225815e-02 5.975549368140291584e-01 4.503476158864741508e-01 4.101499409717407896e-01 4.096063812591795306e-01 4.327511226746969530e-01 -9.708324605268452145e-02 -1.653912846435751927e-01 -9.864201360766396143e-02 1.327579729463155278e-01 4.499165130739505303e-01 2.512378449020444826e-01 4.060379340477921484e-01 -1.919892388327315291e-01 2.128708678597387993e-01 1.322643575531847748e-01 1.340713592644776908e-01 2.012766777453096345e-01 4.706033106173012626e-01 4.823701491016161857e-01 4.562207384972782331e-01 4.248048426981898551e-01 5.009332371482059232e-01 3.594969734074010548e-01 2.585907983388059939e-01 2.673998609769158152e-01 -1.388534760846116545e-01 2.335267668627673543e-01 1.329802664822808678e-01 2.738210556204832002e-01 1.919927565399546232e-01 3.161359529079452724e-01 2.851826287529130033e-01 2.709743016907745217e-01 -5.444948958621695367e-02 4.537044882906056120e-01 4.957229325801413844e-01 8.422482494783951612e-01 7.478560919771943816e-01 5.954519698789120241e-01 4.790514767453483702e-01 5.395626804220108319e-01 1.776293849708093509e-01 5.100365843036824831e-01 2.887577946404866203e-01 2.321394254942010515e-01 3.433389511929919036e-01 5.681743129654451829e-01 4.291577263402723830e-01 2.369999127191399491e-01 4.218512857258583937e-01 4.082418806684444679e-01 4.430156048618310027e-01 4.627621836078275042e-01 -2.728806887914572710e-01 -1.028936407651246249e-01 2.392179563130473197e-01 5.385517391659852549e-02 3.908105368135599278e-01 2.783182246621800915e-01 3.803452083790829774e-01 2.995212621882590298e-01 4.772591492879450503e-01 3.196632440945361142e-01 2.656254384167713312e-01 1.694852756322352827e-02 -2.049964850537150662e-01 -1.568558560509319966e-01 1.474785698759334962e-01 2.569725005263140405e-01 3.800332341605265896e-01 4.638228586840645873e-01 4.201731918314283165e-01 3.825696629361354240e-01 2.195651042523706076e-01 2.212559529391399382e-01
-7.840146313578699733e-02 2.431476640481019524e-01 2.434893019282030890e-01 4.306326242155772421e-01 1.837345383756862349e-01 2.551416480952292676e-01 4.415371823492994507e-01 3.787103789494771777e-01 3.997782751412665703e-01 -9.738860631186165018e-02 3.213465341207850656e-01 5.024465948565133289e-01 7.181293886223223399e-01 1.000000000000000000e+00 8.111243675172936651e-01 2.733499760642930237e-02 5.566253125976919902e-01 4.561493754496009911e-01 5.514059933075919906e-01 3.988147153035270787e-01 6.702747740431221901e-01 5.597936624185821941e-01 7.069189680883893878e-01 2.266600558097512375e-01 -2.547416405290841013e-01 4.828805697528544272e-01 5.223756886507723296e-01 5.426730639493066999e-01 4.363482426189249641e-01 6.403414448454763930e-01 -2.029651650584536615e-01 -3.068620707023228533e-01 3.501856359273117225e-02 3.051336151856882672e-01 6.438488759368485859e-01 4.043630116815760123e-01 3.460138298357448572e-01 -3.763012187505885842e-01 2.054872377283185891e-01 9.914336977998323974e-02 2.113273851548962134e-01 6.820937378355003411e-02 4.724188191698417971e-01 3.622424708368496837e-01 4.672663692273021918e-01 5.418160159733540482e-01 6.960409911555986984e-01 5.462945149078792806e-01 2.669422230939282881e-01 3.304588140182634359e-01 -2.378688643145333015e-01 2.437600127556235063e-01 2.171443186627717570e-01 3.892255029298398172e-01 1.933519253933431437e-01 2.973460102171968655e-01 4.071423669181956084e-01 3.356998678188995999e-01 -1.498600703074894069e-01 3.513391444465526203e-01 4.295008165393296995e-01 6.195141732102922294e-01 7.446063749873731430e-01 7.721967677001660979e-01 7.130105282969347869e-01 7.983298928827665675e-01 1.466347725206625652e-01 5.914796692801342903e-01 5.419425425275883335e-01 5.002657101489133007e-01 6.076554179442962278e-01 6.455896299921921599e-01 6.486055851299724617e-01 2.010687966574667418e-01 4.256765332667226120e-01 3.045048392189802500e-01 5.042400304111871456e-01 6.401655734453783886e-01 -3.773181738914030969e-01 -2.298615122389033594e-01 4.300084339207797535e-01 2.163095178422795584e-01 4.703337970562879722e-01 4.443077615921003365e-01 5.139764441982928034e-01 4.604775025248910580e-01 4.172470725930986224e-01 4.401380809695404350e-01 4.120135539306492567e-01 -2.872617410437233038e-02 -1.800200435394217202e-01 -3.032101994614676554e-01 1.065930500931741715e-01 1.153063034545783738e-01 3.393892504772874630e-01 4.214510643169835369e-01 5.546695588820740319e-01 5.133052002896926203e-01 2.309239877197931112e-01 2.256103388842605750e-01
-1.217503357988192342e-01 2.243215183031988802e-01 1.780192367923771335e-01 4.436244753672928254e-01 1.673424368611319824e-01 2.074759734135295242e-01 3.775030063877087838e-01 2.598732880966590497e-01 3.501289547435659233e-01 -1.148833651269620115e-01 2.321394991280835152e-01 3.862075260882631977e-01 5.782765664340819844e-01 8.111243675172936651e-01 1.000000000000000000e+00 -2.760148059077107210e-02 4.586192432355588045e-01 4.092825929698939436e-01 4.799097162187309640e-01 5.012997799679282940e-01 6.993425847250498428e-01 4.006785357793190561e-01 6.555515755090547403e-01 1.820650733397670695e-01 -3.158943428809403153e-01 3.920966509022321134e-01 5.594576201913791236e-01 6.217134728500237628e-01 5.698577446931293311e-01 7.106527121753265508e-01 -2.692300065561296085e-01 -3.639230696486414618e-01 7.427003372948892679e-02 2.700809623238075718e-01 6.491800268608326485e-01 4.513719978250043119e-01 3.803330009005979617e-01 -4.740712768558538737e-01 1.769420649869602458e-01 1.363651584273985196e-01 2.863341725151779538e-01 -5.855592682970155866e-02 3.891965920684450908e-01 4.172608003106204611e-01 4.572675202813623607e-01 5.301312875053303397e-01 6.866085777835904125e-01 5.657392599251612753e-01 2.336016323088979385e-01 3.706440930039006099e-01 -3.468924440806744336e-01 1.347476976967078022e-01 1.863745296458506895e-01 4.187264313871056354e-01 1.062374846095482245e-01 1.910906551491420857e-01 2.847637501655105319e-01 2.518852559083137876e-01 -1.802137081744382141e-01 1.980591926553860738e-01 3.489319099591995932e-01 4.377105278456184800e-01 7.066476513027326600e-01 7.359156181260263496e-01 7.267877273260771043e-01 9.079620050991888958e-01 1.265547755035649480e-01 4.996115775118172841e-01 5.347922072194140064e-01 4.834926349691624492e-01 6.795662672778997049e-01 4.934859609610794395e-01 5.841895178948849354e-01 2.322176912353771661e-01 3.645007539588777656e-01 1.438275468308613525e-01 5.888165463717660586e-01 6.582450444786374089e-01 -3.905788975391467077e-01 -2.744400038325453539e-01 4.465108001070327015e-01 2.051600253908366922e-01 4.718061191036004298e-01 4.048405980121483894e-01 5.361683802781269659e-01 4.357713810060989124e-01 4.430799954129739926e-01 4.653025113545522506e-01 4.570687247457669300e-01 -2.191686574733823362e-02 -1.994322920769949770e-01 -3.917075611861007278e-01 9.527133776383872599e-02 -3.479843905898315909e-02 2.721869053649564885e-01 4.779059072429322486e-01 5.392036738278146446e-01 4.769013308223549186e-01 2.144033376323657980e-01 2.187533466152989103e-01
