1.000000000000000000e+00 7.460342793898477876e-02 3.245427644975172332e-01 -2.036685598675920528e-01 -3.960508933640329021e-02 1.943571434023300681e-01 1.896823212678434151e-02 -4.728801184608198011e-02 3.407096999109295032e-02 1.688108610841335677e-01 1.436299456299537647e-01 -1.925365845799690764e-03 3.589628149948607266e-02 -1.769402596829030283e-01 -1.604561530805724834e-01 1.238561858615384176e-01 -1.076581805761299068e-02 -3.008055313743781406e-02 -6.263884723795908049e-02 -5.663076945307850274e-02 -6.112597612040614886e-02 -3.759168237835559118e-02 -1.971110378647301375e-01 4.267587839443010705e-02 1.630380251331918773e-01 -9.752423469785229115e-02 -1.557771246507614615e-01 -6.559464543472320192e-03 9.350681789267219213e-02 -1.400326643963757667e-01 2.021296280210348462e-01 7.550193308818450855e-02 -1.476792763976974843e-01 -1.937272169267313660e-02 -1.087703604794221096e-01 9.534233052298678179e-02 2.514083547927631335e-01 3.255173621490444202e-01 -2.157285745515791133e-03 -4.430760467874687511e-03 1.453052883137780915e-01 1.105451662424563747e-01 -1.027659730293276341e-01 1.568356329749003575e-01 -9.282203507900990691e-02 -1.425958232710825280e-01 -2.049912289078313632e-01 -1.787918120945630462e-01 2.287723416021208711e-01 9.482667956293081013e-02 5.237933689598797127e-01 5.564020564491591048e-02 1.783871300419518149e-02 -7.066593275013118014e-02 1.053220143582010576e-01 1.893868157728562651e-01 -8.789120475839908020e-02 -7.618926777074773449e-02 2.806933919284640422e-01 5.246705034517627764e-02 -1.361222404546392484e-01 5.553207039485169583e-03 -9.226862796972924718e-02 -7.911387720851195682e-02 -1.839621168588865263e-01 -1.636729916697043374e-01 5.375999388165202814e-02 -6.239473607219321594e-02 -1.933054975102846129e-01 -1.693389187931653717e-01 -1.417129028383497524e-01 -7.233965666427186192e-02 -2.149408121345229572e-01 -1.085240748360691704e-01 5.601616071574273825e-02 6.184478838858236543e-02 1.152295079067087724e-01 -1.846528471518567305e-01 1.388399274475905221e-01 6.175504519194690775e-03 -1.509816916602498560e-01 -8.591417614364155186e-02 -5.402106703162906642e-02 -1.886138642635942775e-01 -1.764179623763913740e-01 -2.400070920796191221e-01 1.788242387272623579e-01 2.771526560706350992e-02 -6.246515951331340494e-02 1.670543085829339844e-02 1.225514192667768315e-01 4.491581601750586905e-02 6.119436034559130877e-02 1.410826511319892007e-01 4.905575317519345578e-03 6.976928620971802053e-02 -1.182204610972186348e-01 -1.483891488344115106e-01 1.147633846149135051e-01 1.837519148654162549e-02
7.460342793898477876e-02 1.000000000000000000e+00 6.658641582795876701e-01 5.441247273435400045e-01 7.277623232827142852e-01 6.276347595932448842e-01 2.961440884753462344e-01 7.475432120808441772e-01 6.847076331932406834e-01 1.121227765214608679e-01 2.485892137494116194e-01 2.663149154405934915e-01 1.028951893823955577e-01 -1.075160420281935786e-01 -1.398755532977637439e-01 4.297824709127354703e-01 1.381214527494115385e-01 4.541981191892169312e-01 2.655287727914236798e-02 -6.434713674506511993e-02 -1.083567589428935107e-01 3.177961604734780843e-01 -2.844421637245854451e-02 1.321751769950067490e-01 1.565028302732291432e-01 2.338883638821965816e-01 -1.384388363900552754e-01 1.081910325962902875e-01 1.160070829984949509e-01 -1.366324357117659483e-01 -8.861902437736057792e-02 -2.637537888076854631e-01 -2.741394134467358690e-01 1.305902068541204553e-01 1.139520980196967043e-01 1.415673631309109781e-01 1.565713036013959281e-01 4.499150800667477135e-02 1.160999398106990965e-03 1.563782961477400701e-01 5.919315957008925572e-02 1.089128555678430393e-01 1.943372063284964646e-01 1.342317019962865204e-02 5.974406990299399589e-02 -8.760719971626794444e-02 -2.342256736835328368e-01 -1.561029303192245643e-01 3.167983137983044206e-01 1.001904929799654342e-01 1.400662106248281302e-01 7.996996749336919841e-01 4.075170152872480411e-01 3.445281555284593344e-01 7.513423305993905954e-01 5.337733382474765254e-01 6.591589058619086172e-01 6.690172236605924638e-01 1.904971604933504425e-01 2.454520460829295037e-01 1.167861388391271127e-01 4.194300189419190167e-02 -8.933642784157602712e-02 -8.739909580203830686e-02 -6.518513448020375745e-02 -1.953002941115315749e-01 2.204954489625400582e-01 1.014208484252296927e-01 3.636212982223072099e-02 3.780100318766964063e-01 -1.021062380966308164e-01 1.658531366947635921e-01 -5.827173533270766509e-02 2.280857743683804006e-01 -2.356747261135580876e-02 1.693950030471643997e-01 1.548510151635343612e-01 -1.546405663891981530e-01 -6.750155167520252575e-02 -3.383872314817039650e-01 -1.438467075071809542e-01 -6.042594479745364705e-02 1.476498383499585398e-01 9.091820669951404532e-02 -4.457472863014225184e-02 -1.572218484941212413e-01 1.503638559700405386e-01 -5.884802733284218851e-02 2.770263694861079817e-01 -1.215717458919930161e-01 -1.397830209813931412e-01 2.038309823041064839e-01 3.619525899804151847e-02 6.970886063096190521e-02 1.787022202631909085e-01 -1.057507586533357538e-02 -1.722926960917941369e-02 -5.781834055493979829e-02 4.318761201866553323e-01 6.724087524309831088e-02
3.245427644975172332e-01 6.658641582795876701e-01 1.000000000000000000e+00 1.561293298720054790e-01 5.072127288376515608e-01 7.659951814868535269e-01 2.472763738998076666e-01 5.949181916816711491e-01 6.750173537043510086e-01 2.223859924703439628e-01 3.545933637308469333e-01 2.893607938053490702e-01 2.127144341769865443e-01 -1.774154219514464392e-01 -2.030803890363526709e-01 1.699921690777083660e-01 2.298167656790757740e-01 4.484825401392080746e-01 1.368495487020887635e-01 -1.127404041932773479e-02 -3.142856853261589978e-02 2.902642406068288716e-01 -1.437803537730222569e-01 1.746649430016449234e-01 3.832845141193439442e-01 3.147335094925370891e-01 -2.315660384506779967e-01 1.880015710768236092e-01 2.647819194345324978e-01 -1.503862381399161119e-01 -5.163810041555193242e-02 -1.995544268275550037e-01 -4.453937917081796649e-01 1.751492231692967638e-01 2.089936406178379696e-02 2.277603492174946065e-01 2.264571536745889624e-01 2.543378115661262817e-01 -5.087100834165548396e-02 1.839145158930607371e-01 9.836698092539786220e-02 2.448876923150601348e-01 2.221522006548712069e-01 1.510939744786488070e-01 -5.867391222370620107e-02 -2.124580523438854562e-01 -3.401888355118319884e-01 -2.508977390156256204e-01 5.426357734338873584e-01 1.762141054652629768e-01 3.693401054771910386e-01 6.935149789095867989e-01 1.494589569176768273e-01 5.693005802973596235e-02 7.444449915873825319e-01 7.427375762980825691e-01 5.382854001765904339e-01 5.781341887746905828e-01 3.527949015418226364e-01 3.308844243152802567e-01 1.207291905950627353e-01 4.429394271017826623e-02 -1.535555779773764840e-01 -1.443579360747175855e-01 -2.031518179990042805e-01 -2.910324427877273856e-01 1.754981088530998823e-01 2.974831206851203530e-03 -8.118366165374550636e-02 2.510431166389732183e-01 -1.630348435808150753e-01 -3.831812690249102038e-02 -2.043164241389407720e-01 1.008498958622793401e-01 3.131454959528537363e-02 2.671822961003317287e-01 2.611320530425345621e-01 -1.751820797518823525e-01 -1.137236674896456995e-01 -3.942198130634113618e-01 -1.566963018841434352e-01 -8.904929455435552088e-02 6.159138069330849855e-03 -1.598482774335669432e-01 -1.859490960056427999e-01 -3.677868623978675644e-01 1.792078846109309564e-01 4.352991637052636836e-02 2.628341462941956030e-01 -4.529684969963029828e-02 -6.836224959239600718e-02 2.623717043346804889e-01 -1.130126321891049800e-02 1.191363654966729885e-01 6.115194634890212116e-02 -2.561396738221869904e-02 -1.376088198027283216e-01 -1.676765306507924103e-01 5.138823569567092520e-01 6.323877563262544910e-02
-2.036685598675920528e-01 5.441247273435400045e-01 1.561293298720054790e-01 1.000000000000000000e+00 6.696518885329456605e-01 2.320360585782229035e-01 2.566300926401385296e-01 5.626940569267315784e-01 3.235527020223866734e-01 -1.350370849597314071e-01 -8.903238818849525116e-02 -4.912087887966216926e-03 -4.266918947525095984e-02 5.391431319368051450e-02 6.713151185135481092e-02 6.006213544159109130e-01 6.956643807073394428e-03 2.524193465116778001e-01 -5.398689631761430935e-02 -4.266074619991141320e-02 -7.284283566706456492e-02 2.225166971446333186e-01 2.418972174846259759e-01 -1.023122424429227934e-01 -1.298651040728810713e-01 4.285451321220409143e-02 -1.981648743471656898e-02 -3.614084572893225267e-02 -3.717985420548273329e-02 1.269467353655745201e-01 -1.562388371539537857e-01 -6.373467695281925804e-02 1.070966643171777088e-01 5.918165187153456158e-02 1.145737217437527572e-01 -1.893763880648449138e-01 -1.335220380684893071e-01 -9.258027053350451063e-02 1.241922967789918925e-01 1.476257166582580459e-02 -1.234568003979575196e-01 -6.992065863675783755e-02 8.706007225287616669e-02 -1.650421936428343728e-01 1.204263258480887111e-01 1.102489923548884698e-01 5.125962134971152190e-02 1.052803736330871903e-01 -6.665553231276323543e-02 -5.621665961039839371e-02 5.178028285828896460e-02 4.732719006190061473e-01 4.258782971798432682e-01 3.812738560306430102e-01 4.371480288751188881e-01 1.523248969480201498e-01 4.333627164423974332e-01 4.300211340324487375e-01 -1.349129533908044742e-01 3.411039665192721476e-02 1.016917831532461042e-01 6.806566996772476195e-03 6.668390947904197230e-02 1.099935095652235378e-01 1.853061157305532780e-01 9.602354182465694388e-02 -4.198074032074206041e-02 1.558214579515113385e-01 2.482307693345113808e-01 3.635660232412713522e-01 7.914105846323024607e-02 2.758997371524132269e-01 2.233950331202762263e-01 1.098158897044479304e-01 -1.317941330031821290e-01 -6.732887401141175732e-02 -2.278204317539935572e-03 3.166695078674663932e-02 -1.330161386769755996e-02 -5.110548394815782325e-02 -5.058563619430943292e-02 -5.729215921354459395e-02 2.064852335375573777e-01 2.457957826502911447e-01 1.063659543168011257e-01 1.717152736208174824e-01 -5.940392222362015501e-02 -2.121195982534974378e-01 1.250199716525172422e-01 -2.264469477822081966e-01 -1.948901156861246042e-01 -3.214838382350015174e-03 -9.314124008248537284e-03 2.236537429154043105e-02 9.003412739441289669e-02 -4.445371285305930315e-02 1.166597320656162090e-01 1.512714891359375757e-01 2.058668967564701580e-01 6.094928078832184681e-02
-3.960508933640329021e-02 7.277623232827142852e-01 5.072127288376515608e-01 6.696518885329456605e-01 1.000000000000000000e+00 5.429806189263076677e-01 2.524105284395888327e-01 6.906251000994140243e-01 6.172758833943847723e-01 5.155174048940463355e-02 1.654407049714607392e-01 1.861613927868464302e-01 1.412906492857951557e-01 5.805756286648260101e-02 5.228005857683427210e-02 4.225873788852616553e-01 1.292528172103552808e-01 4.000344739285604523e-01 6.877042168401507893e-02 -9.098806754267196525e-03 1.902527391508602311e-02 2.980122887191851144e-01 1.715265489840468449e-01 4.441461140117734796e-02 7.339414167760592578e-03 1.991210407060781118e-01 -4.751588043666710170e-02 1.219461170734785493e-01 1.247867449406592361e-01 8.500974890820363339e-02 -1.328527012637851779e-01 -1.980479132277802035e-01 -1.289163500480575153e-01 8.462085885467955648e-02 1.298041041199815560e-01 4.901686249816301216e-02 1.068847181701785554e-01 -1.364882062882920126e-02 1.700243411985424488e-02 5.577097391194962145e-02 -1.763493049660323688e-03 4.828437658714433700e-02 1.557171382174805385e-01 -8.925835463672135428e-03 1.092002596118453045e-01 2.789257960982549286e-02 -8.517596788448711376e-02 1.470404709002928224e-02 2.322155954593640714e-01 6.102527660526031739e-02 1.154542867238600168e-01 6.674005810598518940e-01 4.588568928042636164e-01 3.768545033155998314e-01 7.219162997197920983e-01 4.512504049528758276e-01 5.996207370243926693e-01 6.262770020973045249e-01 7.470287901824429477e-02 2.083589642802948227e-01 1.310934289904178707e-01 1.295226545156327180e-01 5.789072090240200003e-02 1.286547081612444132e-01 1.283053087426830330e-01 2.394712146842245884e-02 1.585880192412676137e-01 1.860229685421740109e-01 1.590953066200663790e-01 3.918317367952304231e-01 6.995489842506541489e-02 2.150984113620035276e-01 1.338193700380019280e-01 1.514209124660864658e-01 -6.726037590609348915e-02 6.438092485501910323e-02 2.004405533725222843e-01 1.149385751655343339e-02 -9.632952750162424027e-02 -1.949536611333242686e-01 -6.508210073667522466e-02 -7.091231119754118351e-02 1.874634516418932639e-01 1.394142790449234004e-01 7.461303844264688401e-02 2.988145830848550413e-02 1.078500138452425094e-01 -1.081370778158641521e-01 2.518868262997555063e-01 -1.460931677939646123e-01 -1.599593102255591204e-01 6.675404233018265854e-02 1.714438775458305281e-02 3.618356960804849920e-02 1.346766821730933927e-01 -4.855558140209765422e-02 7.817240905791310313e-02 1.315624563443742456e-01 4.044119299038714810e-01 5.830875241554600574e-02
1.943571434023300681e-01 6.276347595932448842e-01 7.659951814868535269e-01 2.320360585782229035e-01 5.429806189263076677e-01 1.000000000000000000e+00 1.478562338201647175e-01 5.780524430979975259e-01 7.958211730887559954e-01 2.744413153511053305e-01 3.875329821532184638e-01 2.778708164134694458e-01 2.574664809163294543e-01 -1.063378296004262834e-02 -9.350902120012444252e-02 9.985501999561119391e-02 3.120902863883898704e-01 4.710207139823918698e-01 2.198551283014351931e-01 4.602494955482369643e-02 6.856231823723210606e-02 3.659776686590071604e-01 -6.171090681060440591e-02 1.856156730642689046e-01 3.679762170289394563e-01 3.124951373759610740e-01 -2.322183817149829632e-01 1.711857615731491866e-01 2.864222072734253222e-01 -4.456956742051632753e-02 9.935075130063779347e-02 -2.138671130333823223e-01 -3.593960693506197956e-01 2.064106774017529511e-01 8.592809959280167664e-02 3.529626147065612063e-01 2.744421755524580342e-01 1.582906647529720989e-01 -1.067658738753300557e-01 7.063875108685686854e-02 2.887960810853898094e-02 1.971085061713483966e-01 2.341943010161153249e-01 2.788538441723282038e-02 -4.924450419825637804e-02 -2.248664287484367919e-01 -2.647547790445103355e-01 -2.501490168486921739e-01 5.802716243857815037e-01 2.579150591666536929e-01 2.137973022250074240e-01 5.709054039435029759e-01 1.292334140632822592e-01 3.838038820456778077e-02 8.291436125667576151e-01 8.261932776507214804e-01 5.017102962702174596e-01 6.676407332247553672e-01 3.861242001809743196e-01 3.633674624511836759e-01 8.392679902504480982e-02 9.958348283158827141e-02 -3.908654446287234720e-03 -1.020911259336594254e-02 -1.132368724912928976e-01 -2.286034530598353709e-01 1.287751138879414115e-01 7.604492556072470211e-02 5.355928209142727520e-02 3.235536910428783997e-01 -5.257259655040041196e-02 3.940173396196794409e-02 -1.483482129554422879e-01 5.061107843400356604e-02 4.343442477156419720e-03 1.896392974608685222e-01 2.372362706265641608e-01 -1.754274862168163640e-01 6.054766463051522440e-02 -3.210344918796810276e-01 -5.222453826884149164e-02 -7.275107899643694365e-02 -3.460473864969258739e-02 -1.178212629368448616e-01 -1.916036727381673910e-01 -3.060301814157582734e-01 1.935107898441596197e-01 -3.082409229076808407e-02 3.765848614567875452e-01 -5.391461103868914334e-02 -5.749539092194968365e-03 2.573527375872637912e-01 -6.831538030673936501e-02 1.761745318679828476e-01 6.713438931068622939e-02 -1.159196135847636727e-01 -1.752359124991964834e-01 -1.717077208652824927e-01 5.909272708992368006e-01 1.126990010654863456e-01
1.896823212678434151e-02 2.961440884753462344e-01 2.472763738998076666e-01 2.566300926401385296e-01 2.524105284395888327e-01 1.478562338201647175e-01 1.000000000000000000e+00 3.962207440665133085e-01 1.525289989529748369e-01 2.850354314815019552e-01 3.264063387692825446e-01 2.867415085871554137e-01 3.623320332629234031e-01 6.138125313394794842e-03 6.075686879567085419e-02 3.535734954375580052e-01 1.206964319130654772e-01 1.289851492836810165e-01 8.043143134708841124e-02 2.137191019076003229e-01 7.294687164312196014e-03 3.166223562614396414e-01 9.774743543682984370e-02 3.305225686513188488e-01 2.047196173451255596e-01 3.114187807941072861e-01 5.741003685671135920e-02 2.883707950421696142e-01 2.311767325587253674e-01 1.482326489144283888e-01 -1.769468847654049881e-01 -6.643156392839613678e-02 -1.502709350571738156e-01 1.386877643560363235e-02 1.118292606361734470e-01 6.437971203475556514e-02 1.136496482533648905e-01 3.960720476751236618e-01 5.419962111907105085e-01 5.554350200620460365e-01 3.183656597511798636e-01 1.588601678552968854e-01 3.231120816217648573e-01 1.739294330160498780e-01 1.692935634319600868e-01 2.401202435288558035e-01 4.986512573770119500e-02 1.216262451485969759e-01 2.463239412047954768e-01 2.696430885520180176e-01 6.312999284501619179e-02 4.189634035830548942e-01 3.100769022107985329e-01 -4.824371390278206495e-02 1.767629792391344212e-01 1.728782806751269496e-01 2.692964368391255192e-01 2.353492908225451319e-01 2.048010389459929137e-01 2.520202593842096883e-01 2.542374358996675188e-01 2.807958810116154558e-01 8.407918943305099646e-02 8.793769366332650217e-02 2.178105280053373519e-02 1.032278229339555625e-01 4.177453644632221352e-01 1.969478175411788490e-01 5.520373832005680964e-02 1.450611197769188232e-01 7.986223406929826574e-02 1.460816509653112549e-01 2.140944177161978601e-01 5.986733594449766827e-01 1.163040849844132196e-01 2.603114474403128153e-01 2.298888280661166850e-01 7.704364256190986138e-02 -1.996271020170242716e-01 -2.646719651280148855e-01 -4.721160928818601138e-02 2.411988343354606323e-01 1.485767269750077058e-01 6.180895704736660140e-02 1.414332691371630590e-01 9.935317682385835791e-02 5.521700228756518114e-02 8.556519860244868672e-03 2.496833155496137324e-01 1.770191516590129965e-01 -2.593782860823414249e-01 2.722806802275693494e-01 4.547172642077347282e-01 1.855345180502166735e-01 3.235114910364014218e-01 2.008778687249369310e-01 2.839636171297564293e-01 2.070370251463392042e-01 2.889616712881425409e-01 3.514416827613953687e-01
-4.728801184608198011e-02 7.475432120808441772e-01 5.949181916816711491e-01 5.626940569267315784e-01 6.906251000994140243e-01 5.780524430979975259e-01 3.962207440665133085e-01 1.000000000000000000e+00 6.890233644037510041e-01 5.633322633477995389e-02 2.197257595452676848e-01 2.880637472442826863e-01 1.294467176696227906e-01 -2.691900660925181446e-02 -8.636231113619084743e-02 3.941406302843157294e-01 2.350438551088347428e-01 5.822847516605742513e-01 1.649124772813632400e-01 4.549607999450249601e-02 2.134344348636607255e-02 3.546600915719579916e-01 8.043521347331969440e-02 1.823936306905996896e-01 2.022488948357569205e-01 3.193877446436329537e-01 -8.024926110496490017e-02 1.792247618377419138e-01 1.490500122801785288e-01 -8.903389685791164576e-03 -2.021628207643355601e-01 -2.346606587196356231e-01 -2.046798384213799338e-01 2.320598006353286058e-01 1.211253078618355489e-01 1.061860802236414547e-01 1.925700443011768570e-02 1.443165749452285096e-01 6.451915515175844773e-02 1.368216999375096166e-01 8.111719306409069519e-02 1.645032117503331670e-01 2.673637241042813306e-01 8.478437093435481353e-02 1.330662660971569100e-01 1.253283012574580788e-02 -1.586521149519321272e-01 -2.500579434513190702e-02 2.588309612606369270e-01 -3.015454403150072231e-03 1.079428871937043732e-01 7.597779380625100387e-01 3.359664049119295282e-01 1.882397991636585444e-01 6.906326655306681550e-01 4.969527049008120589e-01 7.559137579459035416e-01 7.088693940362972290e-01 1.064608146710051412e-01 1.867180284593110418e-01 1.989540229816845196e-01 8.891867783322788057e-03 -9.229493945687106127e-02 -4.757169658463935441e-02 1.507152042153665371e-04 -1.376543627531764957e-01 1.892358619228315941e-01 1.334884400178595887e-01 1.063596854063750263e-01 4.955362835714373082e-01 -2.572115847733073835e-02 1.612505235498788159e-01 9.173442797719094655e-02 2.378259788444472000e-01 -1.148981339722039523e-02 2.194989824955128066e-01 1.633463085411323290e-01 -4.809049317219007968e-02 -1.774087566956629447e-01 -2.650535108532267037e-01 -4.544589823613174456e-02 -4.767541233329550265e-02 2.284814262636380988e-01 1.222004876109122340e-01 5.121380315434258257e-02 -8.574388991263072468e-02 3.848022782567636635e-02 1.086285241562819255e-02 2.476047128209294956e-01 -1.191165658980108816e-01 -1.466332651928735631e-01 1.827483851342787124e-01 -4.709458536724931560e-02 8.926283313029290123e-03 2.265916932430209474e-01 2.231077025024245930e-02 7.756119000279114439e-02 7.828764400017576564e-02 3.806774199783757306e-01 -2.186010505800515744e-02
3.407096999109295032e-02 6.847076331932406834e-01 6.750173537043510086e-01 3.235527020223866734e-01 6.172758833943847723e-01 7.958211730887559954e-01 1.525289989529748369e-01 6.890233644037510041e-01 1.000000000000000000e+00 1.697769993038692748e-01 3.378917487516392981e-01 2.973196283141326113e-01 1.674528690786397378e-01 -1.507657400030166465e-03 -9.444072658284162480e-02 1.299062503136114710e-01 2.981270130171286281e-01 5.667255623444987789e-01 2.067043559897801530e-01 5.677422711545786899e-02 5.949612620496737975e-02 3.651835044355481452e-01 -2.467737737067815518e-02 2.727019110857811235e-01 2.244658283461824777e-01 2.751632654583597293e-01 -1.739650341268956235e-01 1.543035275248573757e-01 1.505584992394821131e-01 -2.325927614799407420e-02 1.515107117533775853e-02 -2.685276467547091928e-01 -3.138830927866453901e-01 3.010312871064270701e-01 7.767227522618924684e-02 3.870059757407868228e-01 2.144238746444444843e-01 3.258450948485090010e-02 -1.184804406877859734e-01 3.720399170357820834e-02 1.595933834597693946e-01 1.517198147536218400e-01 2.219181411851063601e-01 -8.080782888199578018e-03 -4.144638576453797685e-02 -1.315554900958025020e-01 -2.283209460679002378e-01 -1.515470052143431945e-01 4.318200844421553608e-01 1.455883447377918360e-01 8.929761108038346273e-02 5.959314401054928156e-01 2.027514500149685817e-01 1.453844599632279910e-01 8.215729167923874199e-01 6.919079888240162735e-01 6.689953026572935668e-01 7.956395410993029049e-01 2.486228303482818092e-01 2.945210683248920547e-01 1.064537552950486771e-01 6.247802277045250152e-02 -2.779087112597025330e-02 -3.854240150644131641e-02 -5.681654926591662297e-02 -1.997058874379961935e-01 2.933754308099795205e-01 7.956671284306136849e-02 8.560485282085089631e-02 4.526552636926574058e-01 -2.683599378898367943e-02 1.175100678735234161e-01 -8.888792184715763045e-02 1.596201184303418508e-01 6.756138336453672288e-02 1.908727246557576362e-01 1.865439444003110792e-01 -1.152319320024478011e-01 -3.851884499392889405e-02 -3.005438664353680678e-01 2.153885706076355544e-02 2.973152988927559026e-02 1.617451164090245863e-02 5.167576217481607490e-03 -9.223622620850650822e-02 -1.978111280364965030e-01 1.766958230966743926e-01 3.133124997418157420e-02 4.051993279019576177e-01 1.890669956434633953e-02 -4.894010416811147429e-02 2.083121389086150521e-01 -3.259786244222152157e-02 3.088030115425172833e-02 9.998953011357250564e-02 -1.237024436074943001e-01 -7.315018940242297429e-02 -1.058585894391406851e-01 5.050569008420481287e-01 1.248440094082411793e-02
1.688108610841335677e-01 1.121227765214608679e-01 2.223859924703439628e-01 -1.350370849597314071e-01 5.155174048940463355e-02 2.744413153511053305e-01 2.850354314815019552e-01 5.633322633477995389e-02 1.697769993038692748e-01 1.000000000000000000e+00 4.411540158469722250e-01 3.080715450531915089e-01 3.631802179461901536e-01 1.627539323686393383e-02 1.038224281081474021e-01 1.659024617766976031e-02 1.705062658048455415e-01 2.191339409591769316e-02 1.077065187897440351e-01 -2.246591201395392243e-02 -6.492022131270387686e-02 2.148624121129547315e-01 1.296555922248237257e-02 2.850907387233161949e-01 3.399926928129939907e-01 1.783057655832890609e-01 1.019758802070908493e-01 2.896884130122002188e-01 3.051831632477591816e-01 1.069463419845754631e-01 1.847361940709049410e-01 -1.057270434041951979e-01 -9.587878767966380444e-02 3.632144867339051619e-02 1.947884955265396512e-01 2.110899116982529744e-01 3.477933557993287406e-01 2.192452776359438416e-01 2.483993127435260850e-01 3.249232200141194404e-01 1.948323739704754531e-01 1.476799700594145504e-01 1.478345682279458007e-01 2.100468328586103661e-01 1.786434636597302450e-01 1.023858645360699038e-01 2.003302865906423594e-03 3.633294274155440991e-03 2.718978120243914498e-01 2.885070524066005726e-01 -1.726178642656546816e-02 1.102912648142122531e-01 1.676036135183709419e-01 -1.786367680978524497e-01 1.443711560583247622e-01 2.113917938450591005e-01 2.336455917531590418e-02 5.801393502503180560e-02 4.892154382764996035e-01 3.834747372692427492e-01 6.803019322505082789e-02 3.655866506084359813e-01 3.080441849766230034e-01 2.170185787913175013e-01 2.406639041561508402e-02 9.584112738398162246e-02 2.765928841678022554e-01 2.064971781598699541e-01 1.367535785756906347e-02 -8.199662815063689381e-02 3.643644345628424541e-02 2.387699833196239574e-01 4.036102870557466138e-02 3.556465559486973738e-01 2.230256659749085268e-01 1.951689853973987698e-01 3.076704866629808577e-01 1.327752455752407856e-01 1.318209987021828344e-01 -6.570013267350907626e-02 4.806909145991721671e-02 3.718809551725267559e-02 9.398462414665142983e-02 9.772564615977114011e-02 1.215169415667909925e-01 7.326911792852154603e-02 2.581924037908131520e-01 1.569859823462816384e-01 1.677772365911656405e-01 1.414754521640593787e-01 3.383185434489305310e-02 3.930399717136051074e-01 4.719919142751838326e-01 2.147717089137296809e-01 2.509913053918371162e-01 2.032296813012314518e-01 1.688353648528471418e-01 1.101596615554678166e-01 1.866783986852138255e-01 2.206190132161886253e-01
1.436299456299537647e-01 2.485892137494116194e-01 3.545933637308469333e-01 -8.903238818849525116e-02 1.654407049714607392e-01 3.875329821532184638e-01 3.264063387692825446e-01 2.197257595452676848e-01 3.378917487516392981e-01 4.411540158469722250e-01 1.000000000000000000e+00 6.742807369419944186e-01 6.615351125602320081e-01 3.335034822151648481e-01 2.896906646134388419e-01 6.337448601307447277e-03 4.749642097781202610e-01 2.992043572824342190e-01 4.766944173612107094e-01 2.050841123379627262e-01 2.585775535204032916e-01 4.992535632453592442e-01 2.327364098335478193e-01 5.530105357640926478e-01 4.009721573085648916e-01 5.850091765581590941e-01 1.290999319862504713e-01 4.793181913708601805e-01 4.176492699847555445e-01 3.143944128054924070e-01 -1.146578834075581144e-01 -1.296605258631182700e-01 -2.350520053011138366e-01 2.454008804424266665e-01 3.350086384417466090e-01 3.748519424036403369e-01 4.583901364399977640e-01 2.947073625492449556e-01 1.836439393713324986e-01 3.507833543405097787e-01 3.853946954814616022e-01 2.540024189164373780e-01 5.006649468946475778e-01 3.406095523505341394e-01 1.490382800003235975e-01 2.113069597653822185e-01 1.336229687490728679e-01 1.268001053860648708e-01 4.737809112675641088e-01 3.772501323109701543e-01 -8.037918846614570956e-02 2.178386559585558102e-01 5.827054871438663852e-02 -1.358354696744654422e-01 3.021309671060639079e-01 3.914323788571915097e-01 1.625579901851465781e-01 2.476313422059912284e-01 3.702358546619871071e-01 6.460386767165782196e-01 4.812743930292650574e-01 5.705256555991079503e-01 3.137649919733105919e-01 3.105526054552882331e-01 1.517306773613209259e-01 2.339565484063254874e-01 2.729433677996971341e-01 4.490985103943272994e-01 1.778283941446466287e-01 2.000455267865182962e-01 1.662702647972324754e-01 3.088760649224804311e-01 1.257212754414159805e-01 3.669041872240097479e-01 4.187272844805666194e-01 5.130098732464982714e-01 4.793285484780137606e-01 2.377063025115080386e-01 -2.680759256016636005e-01 -2.845592256793189612e-01 2.015000100198635902e-01 2.380527317822952460e-01 4.353073434607509541e-03 1.209806994305723249e-01 1.398881496130773561e-01 5.169965305763845470e-02 4.471533948457899199e-01 3.119364771914359680e-01 3.735657256201109777e-01 3.200632478513832369e-01 -3.365383895766329431e-02 2.216653473492979920e-01 2.750103252127607534e-01 2.044962373365310226e-01 4.957474405333289202e-01 2.343946737580746009e-01 2.406168466449500054e-01 2.001213886152316268e-01 3.798005710744601360e-01 2.620644816119013787e-01
-1.925365845799690764e-03 2.663149154405934915e-01 2.893607938053490702e-01 -4.912087887966216926e-03 1.861613927868464302e-01 2.778708164134694458e-01 2.867415085871554137e-01 2.880637472442826863e-01 2.973196283141326113e-01 3.080715450531915089e-01 6.742807369419944186e-01 1.000000000000000000e+00 6.069984309876141904e-01 3.410594192354525211e-01 2.967871278382779865e-01 4.523061406227772002e-02 5.321907283328104477e-01 3.666190069913153327e-01 5.029798485082351833e-01 2.692277302791420968e-01 3.369772294316571437e-01 5.447681117539969753e-01 2.739993266599277111e-01 5.595002525406771454e-01 4.294744382189887300e-01 6.716304112413258309e-01 1.849457982466411743e-01 4.910098666052954974e-01 4.919236007446388115e-01 2.386769309462803967e-01 -1.946504251154741461e-01 -1.787813203345620106e-01 -3.339189896195754459e-01 3.172438334369385160e-01 3.532507202035744531e-01 2.997413443200417915e-01 3.899537939153883692e-01 2.921561115968436817e-01 1.992504738939173681e-01 3.862763559319951079e-01 3.794367776883443844e-01 3.968493673975275193e-01 6.055256668565830447e-01 3.806296425912258918e-01 2.434893719539250601e-01 3.107501073072032605e-01 1.235152989381676225e-01 2.262674728083770292e-01 4.524713579715837763e-01 3.827818566221205532e-01 -1.972676178408429293e-01 3.005107728288088920e-01 4.998088879000758822e-02 -4.722341638552943199e-02 2.627858420257697669e-01 3.154133427153983371e-01 2.738664836982219186e-01 2.919179807132241677e-01 2.442453427013143719e-01 5.917665096541196990e-01 5.708677168902648313e-01 4.805988784010698511e-01 2.156623588030580074e-01 2.587311864402235262e-01 2.294873576639389623e-01 2.097982869274598039e-01 2.593127881378285426e-01 4.938176302384050254e-01 3.084622571412209968e-01 3.165862569743815857e-01 2.238114583228868748e-01 2.946245661725582776e-01 2.430617889532932230e-01 4.124832014181595286e-01 3.976063148823928417e-01 5.933133065430723496e-01 4.759754133852321378e-01 2.282112657899152131e-01 -3.833892662765049919e-01 -4.019460523800837959e-01 9.960390203969017586e-02 2.733134679671417877e-01 1.439362256477604574e-01 2.309997048639122474e-01 2.818915903233022990e-01 1.488213027705383162e-01 3.648081960288986902e-01 3.028940752421525051e-01 3.584003137861199728e-01 2.081050926436621984e-01 -1.799440370353099783e-01 2.894022248057909197e-01 1.905743258580478716e-01 2.108326965952981580e-01 4.907063041279345339e-01 2.919509972931351727e-01 3.508318759729732172e-01 3.091495771718167918e-01 3.937014756539097826e-01 2.702945849183269189e-01
3.589628149948607266e-02 1.028951893823955577e-01 2.127144341769865443e-01 -4.266918947525095984e-02 1.412906492857951557e-01 2.574664809163294543e-01 3.623320332629234031e-01 1.294467176696227906e-01 1.674528690786397378e-01 3.631802179461901536e-01 6.615351125602320081e-01 6.069984309876141904e-01 1.000000000000000000e+00 3.938084316538023044e-01 3.325460962087146699e-01 -8.917770935542256722e-03 5.070656743733795713e-01 1.430559251448619840e-01 4.920441533337194806e-01 2.273886089114893760e-01 3.427697345518003202e-01 5.535641636379107222e-01 2.478012432334807114e-01 4.160177330168193244e-01 3.212239847456628272e-01 5.920255237277153304e-01 1.631415081874463269e-01 4.984417453064113879e-01 4.640948037594494480e-01 3.207127301599523861e-01 -1.368978850318896545e-01 -1.578466436510288229e-02 -1.776147816134072965e-01 1.118142158595690910e-01 3.180427930186698893e-01 1.987540033533822248e-01 3.837295153725049923e-01 3.339521840365954897e-01 2.148403877449580335e-01 3.443125862307395701e-01 2.677437848888516991e-01 2.176744499903500718e-01 5.717117415585729612e-01 3.275986501681533158e-01 2.026859075710510383e-01 2.604183039805156863e-01 1.566669317812466600e-01 1.890332655450990829e-01 4.085709254173710003e-01 4.104003139315529070e-01 -1.262457892660684977e-01 1.674194855488745914e-01 9.427173620231504847e-02 -6.444955545236875916e-02 1.891802417190964758e-01 2.872983198577988007e-01 9.857549481433725003e-02 1.683321293484379422e-01 3.112698841807059469e-01 6.587465932190255113e-01 5.081861032546231005e-01 6.730493018047039033e-01 2.889783010574351607e-01 2.815683005012832307e-01 1.471275181596478632e-01 2.629159025432446506e-01 2.364612662840874791e-01 4.131614506263777686e-01 1.961028336428342622e-01 1.363047968696840806e-01 2.104306861971380893e-01 2.459209700390224129e-01 1.951720673380937798e-01 3.650288637172425799e-01 3.056265092777215031e-01 4.767596917866436246e-01 4.742328455498149853e-01 2.557123014733597710e-01 -2.533489525257685004e-01 -1.936528982194405946e-01 8.251612889591730671e-02 2.462623068867711706e-01 5.912888072102161913e-02 1.084361786707297992e-01 2.000114368385043084e-01 1.110836177995547236e-01 3.134850847069595714e-01 2.010373131090286147e-01 2.952880685488156742e-01 2.487935166771956252e-01 -1.126202589035392304e-01 2.352047756434423043e-01 2.764266058022862849e-01 2.567088815435221716e-01 4.329365333888458012e-01 2.253106730998118146e-01 3.012426048510408183e-01 2.776886408762240244e-01 3.420748803855773179e-01 3.192075177863990532e-01
-1.769402596829030283e-01 -1.075160420281935786e-01 -1.774154219514464392e-01 5.391431319368051450e-02 5.805756286648260101e-02 -1.063378296004262834e-02 6.138125313394794842e-03 -2.691900660925181446e-02 -1.507657400030166465e-03 1.627539323686393383e-02 3.335034822151648481e-01 3.410594192354525211e-01 3.938084316538023044e-01 1.000000000000000000e+00 7.997077371789227396e-01 -4.730679677226225233e-02 3.703685597898657700e-01 1.819516402565823365e-01 5.508156274193517499e-01 3.869899951176174469e-01 6.555184580298345498e-01 4.090366335091817906e-01 7.310721041167217438e-01 1.903359841299528121e-01 4.962226056314204825e-02 3.770295353600784938e-01 4.398010008107913760e-01 3.858310665544897322e-01 3.691523939943206489e-01 5.484447870825076565e-01 -1.844313962360678016e-01 4.331256046412600841e-02 1.292800963314149898e-01 1.200243302629291769e-01 4.375534927822935516e-01 2.478508943464644287e-01 2.234623716219488743e-01 -6.394994748430107151e-03 -8.009085149172788520e-02 -3.120573472118995124e-03 5.845652955890705965e-02 8.567083265852029270e-03 2.270716358388446821e-01 3.902117706361254296e-02 9.173827588413914491e-02 4.247397608327897478e-01 5.724327061142532314e-01 4.821677037758496653e-01 1.155992499043868998e-01 2.500998209528618732e-01 -1.840398387339573227e-01 -1.408094329407811318e-01 1.262351257740745164e-02 -4.048986397246637919e-02 -4.224053306817639186e-02 1.032899432659820441e-02 -7.468673178695564574e-02 1.697223012559545899e-02 -8.348549344104026770e-02 3.432519134679976047e-01 4.332042619379679604e-01 3.552770571341268280e-01 5.232650259217103139e-01 6.609826053359225684e-01 6.893841077860748401e-01 6.431269174235731967e-01 -1.208706400499333367e-01 5.957392529139315940e-01 4.789572799339115172e-01 3.037972197843759603e-01 6.665788303170764317e-01 4.001906784429867248e-01 4.602702721173099198e-01 8.226809774003673859e-02 1.989806574696832975e-01 1.910931116990462197e-01 4.332474060516260383e-01 4.525771030928975036e-01 -2.419135286216978209e-01 2.402179336169073948e-02 2.125280757507846674e-01 6.213876461303090987e-02 -5.266270546327563029e-02 3.016044809805077942e-01 3.899022249351399294e-01 4.865442282419532027e-01 2.560458905811799912e-01 1.406124123386571778e-01 3.210558372624318091e-01 2.024914629459211718e-02 3.754405643857762487e-02 -7.518305129615585058e-02 -4.497378116907291279e-02 4.163759382566321193e-02 2.445554011087220370e-01 4.487286198583319285e-02 3.672315670827645540e-01 4.406851257608131456e-01 1.222804984513867071e-01 2.297381305260514650e-01
-1.604561530805724834e-01 -1.398755532977637439e-01 -2.030803890363526709e-01 6.713151185135481092e-02 5.228005857683427210e-02 -9.350902120012444252e-02 6.075686879567085419e-02 -8.636231113619084743e-02 -9.444072658284162480e-02 1.038224281081474021e-01 2.896906646134388419e-01 2.967871278382779865e-01 3.325460962087146699e-01 7.997077371789227396e-01 1.000000000000000000e+00 8.668030240331832392e-02 1.857913844257142455e-01 1.542929081308337946e-01 4.068012927217580232e-01 4.489588972698998481e-01 5.912274769417324993e-01 3.078469527201540545e-01 7.475198811826482270e-01 1.394363711531435290e-01 2.244559851389497582e-02 3.252072850369706059e-01 5.134041086039000668e-01 3.860424422053780336e-01 4.496036312166697968e-01 5.179316639840811920e-01 -2.540612211721305358e-01 -5.348482851701802723e-03 1.805899198092897340e-01 8.046093844347815272e-02 4.602571873981693429e-01 2.226879592130673047e-01 2.581774490713875103e-01 -6.568587093447671166e-02 -7.418437329610490108e-04 1.054710451617414113e-01 5.618635966576666224e-02 -3.294662869284518958e-02 1.462701463077039354e-01 1.131591893026573509e-01 1.625145988588707069e-01 4.849120796635174035e-01 5.981578544608918691e-01 5.207981646975397005e-01 1.269661925157145321e-01 2.821285364679058105e-01 -1.426669921763692173e-01 -1.350354510215040771e-01 7.680422180511924102e-02 1.777608952483705762e-02 -1.085582169024426613e-01 -5.597376447131266475e-02 -1.441334185253069500e-01 -6.979533875503925178e-02 -6.436956819168161703e-02 3.372352332386920892e-01 4.545439999067868997e-01 3.904710504386386671e-01 6.294641748902357614e-01 7.459596245405085702e-01 7.869291064811929637e-01 7.912908301898189389e-01 -1.309922355044487730e-01 5.736589187770720910e-01 5.702639135946757643e-01 3.129515108417874059e-01 7.593949720925340374e-01 4.317312279174195244e-01 5.148859194510977400e-01 1.459939533913556520e-01 2.272734690344562214e-01 2.011734990113702992e-01 4.953543172322998900e-01 4.942107716503821302e-01 -2.917501837447529778e-01 1.508743798196154375e-02 2.155001907022115470e-01 4.431520499128341339e-02 3.602632520416804845e-02 3.576448430808703005e-01 4.812364272172807156e-01 5.807239989428379934e-01 2.959776542691427426e-01 1.266412320148349868e-01 3.586247024525206495e-01 8.974860275924324490e-03 -1.959749497438343854e-02 -7.392538331971716670e-02 8.865344430413742149e-02 4.867711822989127107e-02 2.192744107575580192e-01 1.402349296120112276e-01 4.447358291526066765e-01 5.241358346476318042e-01 1.494096067275994255e-01 2.975253875705040629e-01
