1.000000000000000000e+00 1.003969007929827184e-01 1.302776852458787937e-01 3.122662055324146868e-01 1.034260789754395601e-02 6.661347604203256278e-02 1.544282653745247258e-01 2.727398772611152600e-01 1.203719068966431840e-02 -1.301324197442637054e-01 2.234127797944865934e-01 -3.849008355988028929e-01 -2.935167054936049791e-02 3.192707026702657630e-02 -2.800550317544709400e-01 3.799924811830228122e-01 1.296998173230443085e-01 1.550967963856103304e-01 1.529708029553222270e-01 1.591980015040814558e-02 1.077785943482410108e-01 1.551811584619743056e-01 -4.259907007393540918e-02 -4.355379721589296982e-01 3.600949674667495715e-01 -1.088158312132659067e-01 8.067866069257653705e-02 -1.399505538725062670e-01 2.910756284758934109e-01 -4.302178180157834042e-02 -2.059499975673546174e-02 4.345577577201622521e-01 3.374691543474712674e-01 4.675154606461349310e-02 1.781327137321804532e-01 -4.105870096460582097e-01 -1.806011856226191481e-01 1.236096694270231861e-01 2.109711686303097633e-01 1.693572813899149598e-01 -8.330612912930311642e-02 -3.248749072144160865e-01 -9.924048062755465305e-02 -3.283391059253420834e-03 1.627421711723757783e-02 5.728794879560395598e-02 -2.271088728420886035e-02 4.723370287511673149e-02 4.881342860462729583e-01 9.147945868236775913e-02 1.021544314610098141e-02 5.766752949861625455e-02 3.187496588424703070e-01 1.787559258558826525e-01 3.193302312325791564e-02 3.297656245275686904e-01 1.937296893641478335e-01 1.328700864407138249e-01 2.481508091674786143e-01 -9.169948416414696810e-03 -1.982362297186106292e-01 -2.340171198595170921e-01 -7.271374105707834046e-02 8.510327748391824376e-02 3.638474961792028881e-03 -1.647428908426469274e-01 1.955037904946628491e-01 -4.590847161283322792e-02 -6.437983259637106159e-02 1.242344595375932947e-01 1.029803229469722636e-01 9.519020566411752482e-02 6.871400568924102004e-02 1.881078003916294428e-01 -3.616769010862062039e-01 1.383087950095383822e-01 1.346041291171924392e-01 -1.950344170900778495e-01 2.164713109592817097e-01 4.318079522831174133e-01 -1.945566608301704525e-01 -9.281720657935640939e-02 -1.246589252591933372e-01 -1.043835515427841698e-01 2.559056440572459942e-02 1.512023850140175874e-01 1.281509156417080242e-01 -1.503041210707133646e-01 -1.664241585583114691e-01 -2.016436778083117998e-01 4.051035960124833579e-01 5.251949108158200374e-01 3.508136313735393808e-01 1.359876966061489278e-01 -1.082942578817295970e-01 -6.643506521560600675e-02 1.136485723946772941e-01 1.420396865947056234e-03 1.882652718229750610e-01 2.221491984811694298e-01
1.003969007929827184e-01 1.000000000000000000e+00 3.925576809841204162e-01 6.296068779678559713e-01 3.010156856014041815e-01 2.650060101827583781e-01 2.345957414134545449e-01 6.038570733412075286e-01 1.340533815645775229e-01 -1.514524980853174940e-01 1.925083703630852197e-02 -1.327187475546355022e-01 2.911426172408682761e-02 -1.040553664200905559e-01 -1.374220052530941427e-01 4.853047766358583592e-01 -2.577924875011123815e-02 4.798800740320666725e-01 9.831220013873614993e-02 2.565871830468565706e-01 -2.146751884552511314e-01 2.005866279450577994e-01 1.477730767900695130e-01 -4.923871892285430069e-02 -8.625387070772562448e-02 -1.616678923230118262e-02 -2.267244587350295271e-01 -1.295845224195613619e-02 -7.646099590605121010e-02 -1.250990271874365956e-01 -1.469959871499066928e-01 -1.220147069838386777e-01 -1.050136506397570391e-01 -1.285789097337948217e-01 6.723621933634667258e-02 -1.196526111606315279e-01 -3.576364999231549380e-01 -1.920015420248879778e-01 -1.495876491373669959e-01 1.798245357055397453e-01 -3.191235856415531313e-01 -1.381283969197508177e-01 -2.424505468387951335e-01 -2.842135423362511237e-01 -2.004358438715598545e-01 -2.194655825998447496e-01 -2.908630342526455914e-01 -8.768952516584148371e-02 2.100489795967301898e-01 -1.259893475540580510e-01 3.793817588186838563e-01 7.324718127269870260e-01 5.180611777722466949e-01 2.582611706912421590e-01 3.060817978092873481e-01 3.309698254679297458e-01 6.063585577679535543e-01 4.154449972321500595e-01 -2.075633619713748712e-01 -2.630342011160062832e-01 -8.624856636344398197e-02 4.142986881303378777e-03 1.951882567528762935e-01 9.725990119841453063e-02 -9.969978631543983949e-02 -1.131880508278190200e-01 2.397719440307104211e-01 1.557730669281540692e-01 3.168398847269728313e-01 4.497930189331847961e-01 1.137589472767132348e-01 3.889300682820727717e-01 3.430476370823792309e-01 2.671024973745927400e-01 -6.818236575574131153e-02 -1.194522532995080516e-01 -2.461163342127189319e-02 5.118669996886201362e-02 -1.708116421680823116e-01 -1.719946018976380442e-01 3.447306871555525648e-02 -1.464316378444430744e-01 -1.596068944715234861e-01 2.014877321453454884e-01 -9.754092933343253002e-02 1.681028043330795585e-01 -2.343614976882879841e-01 -1.233329274751295305e-03 2.334620269522355573e-01 5.995885050497497953e-02 -3.730348285009273124e-02 -4.748612673517927513e-02 5.470364747209928435e-02 -1.135972778164698847e-02 -1.588760481825526524e-02 -2.347124157995491289e-01 -1.180106136512991261e-01 -6.821583461079155919e-02 4.411561725088345987e-01 8.169769687196706820e-02
1.302776852458787937e-01 3.925576809841204162e-01 1.000000000000000000e+00 2.913369577790312914e-01 3.884974406088571586e-01 6.575066240396653106e-01 -9.949532898066913711e-02 2.712066996836215993e-01 2.593197801755528498e-01 -2.640352774223569954e-01 -1.320899627926901687e-01 -1.769821142738584041e-02 2.410315041567419325e-01 -7.825553188195369381e-02 1.950057099365338012e-02 1.822078402630924465e-01 1.476476647490692629e-01 3.377752489990312745e-01 1.580951358816390928e-01 3.397081213336557437e-01 -1.374214093620178823e-01 1.685088239811548538e-01 -1.913558427296791764e-01 9.623000338103127049e-02 -2.319963537898400707e-01 8.660387500156896401e-02 -2.280751071918427353e-01 3.339921120458640980e-01 -8.501601309968780107e-02 -5.346628472888215189e-02 -3.389844457076761353e-02 -3.478064225511512397e-01 -2.726545620332425091e-01 1.294276260660912892e-01 5.447712402454969738e-02 2.534692392960216090e-01 -1.141254021615891040e-01 -3.242916847350353904e-01 -1.616910041788790220e-01 -1.693002052005637345e-02 1.082584171482173230e-02 -1.490313017733003731e-01 -9.212353363960908148e-02 -1.066127830034381274e-01 3.100723657443546846e-02 -1.500413447436715897e-01 -1.798260110456356142e-01 -1.743823812588752020e-01 4.021204825582163495e-02 9.164214286501702611e-02 5.811926199304422447e-01 5.722493749048656042e-01 2.053451017638139586e-01 -1.442361154781323929e-01 3.794333592444458225e-01 3.803921872386023528e-01 1.174617629474697666e-01 3.224338109846990874e-01 -5.226851209841146817e-01 -4.148769151456537796e-01 -1.385201228125358675e-01 1.756282771261502285e-01 3.149445093945222873e-01 2.623997477820380619e-01 -1.921466141358184054e-01 -5.305594992576240232e-02 1.939792445403305463e-02 1.362844915358979447e-01 1.344355667528688569e-01 2.946933381304761568e-01 1.174707894948830711e-01 2.712103364063816469e-01 1.261726515770416335e-01 -1.193994717748425721e-01 2.953599791372817432e-02 -1.653685040357563418e-01 -1.007214544913968834e-01 2.218539596255931015e-02 -2.721892592841765324e-01 -1.369968412968599336e-01 6.557796795911483012e-02 2.167489394325466390e-01 4.228561391909339134e-02 2.870288751012849970e-01 -1.113048986452004757e-01 9.670008550467348862e-02 -1.225126289218881059e-01 2.654550367503163977e-01 3.361425674330659752e-01 4.801530034084516840e-02 -1.447401723195723966e-01 -3.512091520621483109e-01 -2.422721805366249148e-01 -6.712779663158585652e-02 -1.750244283942986590e-01 -1.264745336360921513e-01 -2.047482594656597210e-01 -2.006007460300361367e-01 2.263269905342120691e-01 1.660078255470200936e-01
3.122662055324146868e-01 6.296068779678559713e-01 2.913369577790312914e-01 1.000000000000000000e+00 3.326715956197089374e-01 2.362455988113696392e-01 2.708466123151248017e-01 6.460394128893575116e-01 1.320810809635331595e-01 -1.346461836694808900e-01 1.407203341251388184e-01 -1.837552710723945604e-01 -3.266111311366295261e-02 -1.762412660796205677e-01 -3.468061772508226337e-01 5.596818752842560585e-01 -1.082853185068723273e-01 5.280159664564055833e-01 5.529530343582778756e-02 2.435916480750992819e-01 -1.763237558266820271e-01 1.580815193996010781e-01 1.679500440771429862e-02 -2.575263522831967022e-01 1.361834925445425462e-02 -1.027384953747169510e-01 -2.127674994909068140e-01 -6.360488670491980245e-02 -2.583220240298435277e-02 -2.293549331134628610e-01 -5.137072362742613196e-02 1.081603919243292883e-01 1.062570942269054769e-01 -7.878220018534844160e-02 1.090835326231565233e-01 -2.329367255962468131e-01 -4.481696921259761823e-01 -1.377930677030296258e-01 2.372199691851113734e-02 2.742155405061835194e-01 -3.271894951432016141e-01 -2.532718810082662531e-01 -3.535443820993920405e-01 -2.512751148110178856e-01 -1.521861739000850422e-01 -2.864655215584255843e-01 -3.246581585952703630e-01 -1.298924597860295349e-01 3.019597525779862957e-01 -1.086015577146545175e-01 3.369386001408596898e-01 5.799220903053174947e-01 7.112810480209902364e-01 4.773830630610794712e-01 2.848086117505978510e-01 3.031056398477104952e-01 7.002059442201657991e-01 4.964943162907929364e-01 -1.198002313824268333e-01 -2.006531932187782252e-01 -1.161517221365342412e-01 -1.509119064801500709e-01 4.507111084311814925e-02 7.001259419914071525e-02 -1.459358014606077225e-01 -2.654576795730276273e-01 3.069752725791037307e-01 1.210344919962977883e-01 2.396757218793649780e-01 5.643405062236827030e-01 1.339681739516266623e-01 3.446469201695452900e-01 2.501135842860508496e-01 2.981944297676815125e-01 -1.650431296339623932e-01 -8.529413639697734639e-02 -2.334150993609786923e-02 -1.854118066923100550e-01 -6.388409578098172559e-02 1.044838852288596937e-01 -1.219234077421620932e-01 -1.349597257164901754e-01 -2.527515657257547455e-01 7.975692590829250306e-02 -1.633108684943437583e-01 1.567536246199778271e-01 -1.988138877137536065e-01 -1.011466389249884024e-01 2.569644046223469314e-01 -5.501456644311031319e-02 1.814675854855108406e-01 1.083753131494355204e-01 1.843635579290962279e-01 8.701914784595426652e-03 -4.375663398034307372e-02 -2.949043161860089857e-01 -1.743822701770952888e-01 -1.569380578485056743e-01 4.426023163800773541e-01 1.476712787620333978e-01
1.034260789754395601e-02 3.010156856014041815e-01 3.884974406088571586e-01 3.326715956197089374e-01 1.000000000000000000e+00 4.312548261352144863e-01 1.834759738593383371e-01 5.243163054258984657e-01 6.252396232118436759e-01 1.411882566075796375e-01 1.636363825556362839e-01 1.882177565428464761e-01 6.246580440383599914e-02 -1.466041114392651334e-01 -7.426812216143391376e-02 1.094590956203750701e-02 -1.407065261401512779e-01 3.424637277543035041e-01 -8.184226007543637937e-02 1.986524187962460108e-01 -8.833469196524168510e-03 -2.557131671215131380e-02 -1.228487980447602775e-02 -4.377594138084779998e-03 -1.945251040260399453e-02 1.179275845259487726e-01 -2.221364801437702985e-01 1.270083524928277141e-01 -1.081367183659105030e-01 -1.120862699472729013e-01 -2.740902009081412627e-02 -4.905329211210770340e-02 8.845219179628087403e-02 5.334308903670803570e-02 -7.060342847249469200e-02 2.221031630713004579e-01 -1.695011867216797419e-01 6.678797563453789388e-02 2.001445695099224042e-01 1.896709248334322861e-01 -8.420213075667487557e-02 3.457801540897915971e-02 -2.927685940585388336e-01 -5.434358284501968062e-02 9.862384194014796324e-02 -2.075683128736137417e-01 -2.520557994288711856e-01 -1.059988685316654022e-01 -1.142125921022524998e-02 -2.573948613300717017e-02 4.307091006206076877e-01 4.676173361690389441e-01 1.609279938967506096e-01 1.140178578710973611e-01 7.003772891553967650e-01 1.974372111841249666e-01 2.653872268358890563e-01 6.133292577576069382e-01 -1.127508091787019912e-01 -2.101265530500766865e-01 4.149955627218140041e-04 1.171008561360117051e-01 1.017644908736614201e-01 -1.698846003459195814e-02 -6.990199575974571922e-02 -2.026350912957262246e-02 1.143559632799501929e-01 9.308053968187290916e-02 5.725771238366195864e-02 3.886118028612360331e-01 8.093373354525885965e-02 2.171297201935598331e-01 1.186208126980234090e-01 -7.687410721025295102e-02 1.201879438404936662e-01 -1.036270859723089632e-01 8.956111327806452749e-02 9.458564498005089805e-02 -1.534768041741162437e-01 1.395681313437945915e-03 -5.700443814173406648e-02 9.940024798570974707e-02 1.765193709583826997e-04 6.257482155895136011e-02 -2.279931285972934263e-01 -7.339832327754518271e-02 -1.737051890659786768e-01 1.181362214124218324e-01 3.374984513296900857e-01 -9.047475419714745559e-02 5.333324004241641290e-03 -1.536934069457427110e-01 -8.186687115398903758e-02 2.181882399843726797e-02 -8.026304591216819329e-02 -1.090199056863007249e-01 -2.494526567291306673e-01 -2.175016291292523329e-01 2.326236065915673057e-01 -6.166604865850491141e-02
6.661347604203256278e-02 2.650060101827583781e-01 6.575066240396653106e-01 2.362455988113696392e-01 4.312548261352144863e-01 1.000000000000000000e+00 -7.270309007180968119e-02 2.914538848006772431e-01 5.108670402724524440e-01 -1.197762423399349879e-01 -5.566605569753543814e-02 -4.278684867611863042e-03 1.918750848836576206e-01 6.343251111527773399e-04 4.103518535029708481e-02 8.475392888626720467e-02 9.899657087164107083e-02 1.868582628721383310e-01 4.961570753864442268e-02 2.023204901729576954e-01 -8.357807164791207499e-02 1.331675864498484130e-01 -8.211507699314384012e-02 1.259693660183393016e-01 -2.995256669300125352e-02 1.459700938849456675e-01 -1.414850596954072837e-01 2.799313799282865389e-01 -2.138258367748495370e-02 4.632860052119294747e-02 -9.458080447002556457e-02 -2.281776436044143930e-01 -1.654209941441441012e-01 6.203232683685537541e-02 6.584808208188237810e-02 2.485207519961361855e-01 -4.862816217493500653e-02 -2.591257798111576416e-01 -1.344124342453786591e-01 -6.040494661195522363e-03 -1.451677953896474832e-02 -1.229343963405369056e-01 -1.411807990117524281e-01 -1.054558080985544682e-01 1.431322631986670438e-02 -1.752343892906157719e-01 -1.556468286875790918e-01 -1.768491705065320385e-01 1.327689114591668884e-01 1.835157545545361077e-02 3.464370279706028288e-01 3.897853875053648998e-01 9.406855245275595745e-02 4.935205577521362130e-02 5.867073996677492076e-01 5.579636676778966242e-01 7.005025778205503650e-02 3.743261546662597361e-01 -2.900762532995621035e-01 -2.475747185648262683e-01 -4.166266313996164206e-03 1.972930513609394698e-01 3.649084422468818478e-01 2.235604690169502029e-01 -1.083420265509806718e-01 -1.545860281598350136e-03 -4.257820359577346031e-02 8.201154144646877198e-02 8.563021359357236850e-02 1.888217482191280883e-01 1.010155655940978836e-01 2.886986202077226893e-01 1.542538648693395353e-01 -5.353501544906150156e-02 9.505385435293421670e-02 2.453824058232546845e-02 4.375060333858346584e-02 1.290506679933541845e-01 -2.415761086841976268e-01 -1.006703718009465398e-01 1.015704638860380482e-01 1.067336579439090577e-01 3.219219800819760492e-03 2.431546890317888288e-01 5.952061525537621044e-03 1.838964097160536437e-02 1.802618575738528656e-02 2.575628751156411322e-01 3.159489761803807584e-01 2.148614664411904393e-02 -1.527034230663458780e-01 -2.221716585099350882e-01 -1.733620777156842929e-01 -1.016219617160159794e-01 -1.109957508813755184e-01 -1.668446853105956529e-01 -1.962998216025039211e-01 -1.920536383411453052e-01 2.654732696819233073e-01 4.408712512320266813e-02
1.544282653745247258e-01 2.345957414134545449e-01 -9.949532898066913711e-02 2.708466123151248017e-01 1.834759738593383371e-01 -7.270309007180968119e-02 1.000000000000000000e+00 3.479537257404730077e-01 4.178139978122411002e-02 1.912596983300690889e-01 2.217480880611255867e-01 4.780605962694258609e-02 -1.075333041735571371e-01 -8.596105102472376136e-02 -2.779576587089364614e-01 2.019417414427345792e-01 -2.740299798098865328e-02 2.029715534706437730e-01 1.254151871464167511e-01 -5.563134685178384303e-02 -5.184599036163261426e-02 5.901166956379079453e-03 6.042482787099223707e-02 -1.686475048290373702e-01 1.883925519793126224e-01 -1.292146131820031685e-01 -1.864061489790541995e-02 -1.244868312222162238e-01 5.977450988875727955e-02 -1.648409666301617338e-01 -7.165053404593861586e-02 1.827866218175195900e-01 3.034738290727426735e-01 -2.436120803074856220e-02 3.455244537411680111e-02 -8.835822474906288027e-02 -1.454042672691534532e-01 3.376818708970887872e-01 3.431226397561285002e-01 5.828294593285158198e-01 -2.646696755885438474e-03 2.509160622357886061e-01 -7.652905302988996517e-02 9.771545012459778579e-02 -4.927834639860573934e-02 -5.239096496640952005e-02 -1.670621920157815687e-01 9.518102369823618070e-02 1.581107691697608564e-01 2.065000532269345157e-01 5.854496604931497261e-02 6.851393457012830424e-02 2.980368743569913881e-01 -5.441062745516553334e-02 1.112955135737673518e-01 -6.672329594429537991e-02 3.699091544020511324e-01 1.694974345437209040e-01 2.203289705147503663e-01 4.054389943996397627e-02 -8.974681650040262915e-04 -8.048409236400851097e-02 -5.920649831599135438e-02 -1.062439464280822699e-01 7.830021868274883445e-02 -2.095374737985620239e-01 6.621110878375147113e-01 1.267703166540247173e-01 3.928320650508562023e-02 2.556630054671010788e-01 -1.094343809193134842e-01 7.407065126766471108e-02 5.784646710386438101e-02 4.626296838068343908e-01 -8.122435871839864263e-02 -1.055574991853914651e-01 1.819152472643325094e-02 -1.229210702322744292e-01 1.353407861344152648e-02 1.289777188721076828e-01 -2.170133264590554945e-01 -5.832664650258517769e-02 -7.712310454357579337e-02 -1.761987778279551498e-01 -1.024664859253683613e-01 6.275944613537799699e-02 -9.687863866168439086e-02 -1.705170957864829140e-01 5.454290565529660434e-02 1.213850897636688936e-01 2.608506250390789094e-01 1.496415019478899155e-01 3.868010025971685972e-01 3.003396292210233631e-01 2.041529462069845424e-01 1.416436159617896484e-01 -1.011550562906127389e-02 6.661453930252320133e-02 2.710751149547538374e-01 2.787804768254597554e-01
2.727398772611152600e-01 6.038570733412075286e-01 2.712066996836215993e-01 6.460394128893575116e-01 5.243163054258984657e-01 2.914538848006772431e-01 3.479537257404730077e-01 1.000000000000000000e+00 4.260764577302854628e-01 -2.141792490376193125e-02 1.633690151442632743e-01 -1.635222715588786346e-01 -8.221328006643040254e-02 -9.852381774910258516e-02 -2.923987154133299016e-01 4.339245491347409334e-01 -4.688159994867766717e-02 6.584893099577248110e-01 6.175647675170259365e-02 3.412188481490681102e-01 -6.254017089488743408e-02 1.670254109221790684e-01 1.914554871180765561e-01 -2.241876139945969959e-01 3.657283589035122129e-02 -2.297969046078314828e-02 -1.973072702433874559e-01 -8.704126719682818425e-02 6.003180742444520768e-02 -1.436539531625957156e-01 -5.403901705738672900e-02 9.764558098475351056e-02 1.221731761345253020e-01 -8.365760789613345405e-02 7.128990560851995728e-02 -1.686759522367904662e-01 -4.844024343540443978e-01 -5.582625816138372943e-02 4.275864322525772115e-02 3.139987570232453673e-01 -3.572177413214928099e-01 -1.166690097013856342e-01 -4.104584599340285189e-01 -2.830167102404098078e-01 -7.750786320768007776e-02 -2.802670290834392564e-01 -3.568326222321829277e-01 -9.765922817305697223e-02 2.584698280072978416e-01 -1.515547062615282825e-01 2.708806467081706360e-01 5.749291278109701642e-01 5.385976178546388882e-01 3.989861443072332259e-01 5.040738753038058739e-01 3.306474472079554694e-01 7.380113774601363419e-01 7.101547237747338759e-01 -1.550931011017608538e-02 -2.126837188563012460e-01 -1.668060777497524516e-01 -1.083041866443926887e-01 1.017326581348826503e-01 -1.557878446258913370e-02 -8.585028458851533262e-02 -1.474626587127109978e-01 3.807771083539205903e-01 1.474127175103962517e-01 3.049804826988606887e-01 6.542442331342077644e-01 2.274360661442171028e-01 3.903140258486104686e-01 3.784023154313094217e-01 2.801533721362005624e-01 -1.307851399280860749e-01 -9.366136962846571823e-02 1.957599284394858086e-01 -2.392645498345818966e-02 -1.556486360166257042e-02 1.011365056498723936e-01 -6.211623697952944889e-02 -1.644619935217269679e-01 -1.274790093743065900e-01 8.423507921604324322e-02 -1.068854782094539047e-01 1.133200676613702468e-01 -1.965556091703919428e-01 -1.059713307389595072e-01 3.327047601878038718e-01 -3.215442286842775527e-02 1.599997036940350170e-01 1.100404838931743484e-01 1.104949906728179415e-01 3.661940185100286127e-02 -3.084520832390038464e-02 -2.571545377246819974e-01 -1.596480400522474474e-01 -7.320335163506774823e-02 4.697736220035031440e-01 5.230311173748401765e-02
1.203719068966431840e-02 1.340533815645775229e-01 2.593197801755528498e-01 1.320810809635331595e-01 6.252396232118436759e-01 5.108670402724524440e-01 4.178139978122411002e-02 4.260764577302854628e-01 1.000000000000000000e+00 2.740619544407342789e-01 1.382340554510548269e-01 1.620076769986733001e-01 6.919333251050704958e-02 -4.783468268003258916e-02 -2.662821501955367487e-02 -1.321890439614531731e-01 -2.570017770752407171e-02 1.437461078302119388e-01 -8.658008358935032067e-02 1.251551505592143898e-01 9.647794744521620558e-02 -5.162953421045246571e-02 3.600589814552136725e-02 4.904352853091271253e-02 1.654208465305518627e-01 2.064896976110780491e-01 -7.881208796244107417e-02 7.910985271042426936e-02 1.132303230219434548e-01 3.674721617113470978e-02 1.221785318926797009e-02 -3.431693856892114453e-02 7.056618476468014267e-02 -2.485121075814548941e-03 -1.477977358343573744e-01 2.445054923178892892e-01 -1.686273770873000788e-02 9.062919671384249420e-02 1.843369857216076713e-01 9.598292027191657194e-02 -7.948926850730153593e-02 1.142655601021745626e-01 -2.887636593477780900e-01 -4.527813056190970603e-02 4.592005082402342286e-02 -1.846768246137686920e-01 -2.352799996931376758e-01 -1.565155080574173185e-01 8.780841020363113272e-03 -8.157630951060101943e-02 1.552978081201754068e-01 2.503057107827710848e-01 -4.017359022744944330e-02 1.972650682274791067e-01 7.408205286963385205e-01 3.816322614986805140e-01 1.417210780170128914e-01 6.289672484108761452e-01 1.364828746600606768e-01 -6.827291244543205739e-02 1.054512240204178025e-01 1.355265926655568054e-01 1.587173717361178571e-01 -3.773817694077051532e-02 -4.808021588544035552e-02 7.185664826466475752e-02 9.352084703989236789e-03 5.276036957768580338e-02 2.683386709119557970e-02 2.073725013008229090e-01 1.226050933553995692e-01 1.587713450710537266e-01 1.337351411258829725e-01 -2.501816659044945462e-02 1.536989491156094401e-01 6.862644153598364272e-02 2.907975204252984391e-01 2.498564916924983226e-01 -4.399603250828573731e-02 -5.714548424992207075e-03 -1.320115016184784419e-02 3.775777900439681450e-02 9.661922661257407730e-02 2.475481578231833457e-02 -3.628395819965861413e-02 -1.610895316894573326e-01 3.944278410126098727e-02 1.476033495382925997e-01 3.098679771320419496e-01 -7.734009855563060698e-02 -1.869971958015565275e-02 -4.674729076141550393e-02 -6.081226030084406660e-03 2.822477671020609535e-02 2.833338353257794720e-02 -5.679506476003180065e-02 -2.043463903033158335e-01 -1.567645398662181055e-01 1.763093767228654518e-01 -1.793381389586454211e-01
-1.301324197442637054e-01 -1.514524980853174940e-01 -2.640352774223569954e-01 -1.346461836694808900e-01 1.411882566075796375e-01 -1.197762423399349879e-01 1.912596983300690889e-01 -2.141792490376193125e-02 2.740619544407342789e-01 1.000000000000000000e+00 9.107971126072193779e-02 5.523331447247122883e-01 1.558361528696478038e-01 3.949058994394571108e-03 2.057295484690001633e-02 -3.399017161410370358e-01 -7.143906981467490480e-02 -7.608439478065018302e-02 -1.472752263002753137e-01 -1.681395393196236931e-01 7.018727345820420516e-02 -1.256925345796255367e-01 7.543271024360410915e-02 1.796222054876384366e-01 4.318494669352548332e-01 6.295963835002593711e-02 -3.240190015815731794e-02 -2.937152070370177212e-02 -1.973779741235975882e-02 -1.211421671981691671e-02 2.639444020669668989e-01 1.335169790100134146e-01 1.873473882318429928e-01 2.072104857048224363e-02 -1.268922427870333436e-01 1.538232011842838032e-01 8.961912461141725850e-02 4.074540490446434959e-01 3.388606456556308433e-01 1.177240157050471331e-01 2.848964064078789507e-02 5.109151207128538319e-01 5.334578445480313985e-02 1.410336583577245229e-01 1.095901315441684528e-03 2.553907688872766348e-03 -3.376644874231975874e-02 4.381458471295476137e-02 -1.665665935038520840e-01 -2.377006752505720494e-02 -5.955750275297769930e-02 -1.495545475351078568e-01 -2.420885423676896187e-01 -5.667109994519477223e-02 1.590002588517214488e-01 -1.897238932214625473e-01 -7.012428937313888722e-02 1.240303744653663415e-01 4.726048154661708356e-01 3.624324648800332227e-01 4.416791311534742914e-01 1.786756422999120353e-01 -8.823506023117386188e-02 -1.789653475987878495e-01 1.239607165381390180e-01 1.244211064119706001e-02 8.784147289091848165e-02 5.619979585638849168e-02 -9.501288137904514985e-02 2.914991253491664921e-02 -1.411947662521672309e-01 -9.212918478735324102e-02 -7.890388255705792220e-02 5.428289267880691271e-02 3.134084266681481656e-01 1.880726883811829342e-01 1.172251576175538240e-01 8.981619793323691869e-02 2.185759512481202371e-01 4.859416381164859827e-02 -1.839007046555473646e-01 2.259448584393504780e-02 1.559037332504753792e-01 -1.292857955175624740e-01 -8.045892570015462930e-02 -1.238732070922422823e-01 -1.358137971774394867e-02 -3.827808438670603913e-02 1.978492458130583914e-02 -9.355026189890297550e-02 -4.354182798913019785e-03 -2.302227893784272381e-02 1.412156849079411469e-01 3.157710063377625054e-01 2.066953175269801990e-01 2.388353160320310642e-01 -5.318801309547200457e-02 -2.313358880941676285e-02 5.118526408806860217e-02 -1.880806757874028401e-01
2.234127797944865934e-01 1.925083703630852197e-02 -1.320899627926901687e-01 1.407203341251388184e-01 1.636363825556362839e-01 -5.566605569753543814e-02 2.217480880611255867e-01 1.633690151442632743e-01 1.382340554510548269e-01 9.107971126072193779e-02 1.000000000000000000e+00 6.994384315648537187e-02 -1.085012173832870658e-01 -1.400669456111468258e-01 -1.961799325595292853e-01 7.870203973887499038e-02 -1.587381913100621156e-01 -7.563725838509165189e-02 -8.409051401709463636e-02 -2.232672440604099862e-01 -4.203888025020830269e-03 -2.010540603921456559e-01 -1.352595227514352405e-01 -1.724478612556071544e-01 3.012270277240574612e-01 1.094863095226875638e-01 1.366403844654860006e-02 -1.807474863104458485e-01 7.746623936684418621e-02 -1.211766750296786460e-01 -8.929556168925194271e-02 3.895710452849570071e-01 4.458145033272560287e-01 -7.540792536470133922e-02 -1.275793081659093720e-01 -1.485715484303447020e-01 -4.268077775711428407e-02 1.839627350162278963e-01 3.795965448390565267e-01 2.222913557092163206e-01 -8.191424026562002525e-02 -2.383102435859369983e-01 -1.137569529647182581e-01 1.746153148456397186e-01 -5.469083145231987131e-02 -9.029323507034714424e-02 -1.423065436201734479e-01 -1.213993527815358797e-01 2.825709202250020757e-01 -4.166422739316862772e-02 -1.246432423422854339e-02 -1.096936172421806395e-03 1.172474428380334416e-01 1.668098558520859642e-01 1.525133885926337751e-01 1.532138879564195477e-01 6.638873420515718771e-02 1.729737472406028542e-01 3.473609741653316818e-01 2.875874044285871012e-01 1.893457462350275067e-01 2.708855751436467854e-02 -1.554941593072909911e-01 -2.863344697832880328e-02 4.700390404468312439e-02 -5.942089402804945353e-02 1.146090824264839672e-02 1.395370933623749782e-02 -2.085890929708684727e-01 -5.231716620815960589e-02 -1.108545388000696658e-01 9.188963419231706287e-03 -1.805308467779802861e-01 -6.552950639355358681e-04 3.487028426730442998e-02 2.637345440139387542e-01 1.206875789960462214e-01 -1.471510459441312257e-01 1.158150438437255958e-01 3.711011079636120646e-01 -1.771833349101751276e-01 -1.511263704341194170e-01 -1.748883417049613975e-01 -2.296515414720864401e-01 -9.208220609068656914e-02 -2.046688349991958866e-01 1.777905411116689482e-01 -1.784635873644369597e-01 -1.197800097090346710e-01 -2.350290873623647470e-01 3.380275461762717315e-01 3.588825011904059337e-01 3.264471855544645584e-01 3.517270834398112528e-02 4.950161254711122477e-02 5.395842360642059271e-02 -9.304866863592932413e-02 -1.915336182468092563e-01 1.416781238099051703e-02 -1.584150054940487370e-02
-3.849008355988028929e-01 -1.327187475546355022e-01 -1.769821142738584041e-02 -1.837552710723945604e-01 1.882177565428464761e-01 -4.278684867611863042e-03 4.780605962694258609e-02 -1.635222715588786346e-01 1.620076769986733001e-01 5.523331447247122883e-01 6.994384315648537187e-02 1.000000000000000000e+00 1.409132721192588866e-01 -2.279768281614114322e-01 7.471731940298677321e-02 -3.958769550805213422e-01 -2.410202528289420998e-01 -1.294428097988326865e-01 -2.584059669716746721e-01 -9.776989820927348140e-02 -9.908076242301319669e-02 -3.234934404528931329e-01 -2.334903745207559667e-01 3.669050128773794772e-01 1.245345071986529439e-01 2.903292104354979197e-01 -2.374866226877095088e-01 1.085308582898936725e-01 -3.026374642640880519e-01 -1.429324601908915637e-01 1.358273243792332274e-01 -1.724623641975859267e-01 -1.717933735733042852e-02 -5.915538551196967976e-02 -2.725002667193842099e-01 4.144304114229896974e-01 1.409891171977913638e-01 1.210171900600863909e-01 1.629883112089161867e-01 9.224567330268414536e-03 6.660892512285440659e-02 4.029092620278577064e-01 6.123689945827238967e-02 1.879662730551718564e-01 -7.407846036521445465e-02 -1.191516684688283534e-01 -1.139146293709655255e-01 -1.268447976863015247e-01 -2.743669540300218701e-01 -9.292141266687760706e-03 1.375131262808761412e-01 -3.187706563501861018e-02 -2.974239754682543313e-01 -2.332513851404932892e-01 1.580345901669409359e-01 -2.484436907435344788e-01 -1.929017871941856865e-01 1.486573447698403064e-02 6.340574227432077548e-02 3.756632044175336471e-01 5.156925520583607314e-01 2.131443385570573057e-01 -1.643366473782185422e-01 -2.185269068983875518e-01 -9.403640175385769018e-02 -2.521053144594179174e-02 -5.637618112998654674e-02 9.950756738012224087e-03 -1.469704868082394866e-01 -2.620985159096822156e-02 -2.056676157375212366e-01 -1.635034209490980606e-01 -2.630611247086680482e-01 -2.007031118998017505e-01 4.893460874111372205e-01 2.045671042834167619e-01 -9.770568003547600022e-02 3.419621268877628267e-02 -7.870438569515228466e-02 -9.810407103309773391e-02 -1.134452884010920537e-01 9.525814810668756238e-02 6.554811203019132726e-02 -9.437524264625923864e-02 -2.765919977554704423e-01 -2.996291906919155701e-01 -1.358534084336801839e-01 2.375783683369239382e-02 1.443829313202149023e-01 -1.059683688336595236e-01 -2.188519824167808880e-01 -3.666264785156069794e-01 -1.681816565966286203e-01 2.662419948007388459e-01 1.083213015377424010e-01 2.309373175542857037e-01 -2.669371068768369715e-01 -2.624712388604734659e-01 4.492280819190158647e-02 -2.226690364260655863e-01
-2.935167054936049791e-02 2.911426172408682761e-02 2.410315041567419325e-01 -3.266111311366295261e-02 6.246580440383599914e-02 1.918750848836576206e-01 -1.075333041735571371e-01 -8.221328006643040254e-02 6.919333251050704958e-02 1.558361528696478038e-01 -1.085012173832870658e-01 1.409132721192588866e-01 1.000000000000000000e+00 3.640133379002041814e-01 4.029767339715168983e-01 -4.556419875513243595e-02 3.650490024388667876e-01 1.014945506037224221e-01 1.338472092510518408e-01 1.275228031709071674e-01 1.775110316058482740e-01 2.726138721418712163e-01 1.008444362191193155e-01 2.640222307226468557e-01 7.392239388625428120e-02 1.218914807912095527e-01 5.812935515882548809e-02 3.123187948275589765e-01 7.427726406006250615e-02 2.311896451186304657e-01 -1.836280414606697789e-02 -1.979947704697966882e-01 -1.043034698999903281e-01 2.541661866787350843e-01 1.202982545127700975e-01 1.959655176954063771e-01 8.831399537905303132e-02 -5.467612536017071867e-02 -6.916700386724554395e-02 -1.727715768475374947e-01 1.718678818143883069e-01 3.710149828623503232e-02 2.083973674715805802e-01 -4.295956782271970198e-02 1.205572516445789222e-01 2.128251808013954804e-01 1.319436990217269512e-01 1.030371485517233288e-01 -1.066901462942335399e-01 1.037190874592745921e-01 1.693156138974874214e-01 1.086360894800751098e-01 -8.254747799955422516e-02 -8.423628084589530884e-02 1.051375581618270300e-01 8.304643371766984306e-02 -1.109605719600548351e-01 1.061777785315695319e-02 -9.157259513662187322e-02 -9.847564028212651976e-02 1.306200916870284279e-01 5.910027888567216392e-01 3.505342649513684683e-01 4.102872926541176746e-01 1.923938887317332702e-01 3.567104957348943839e-01 -1.365719955498614080e-01 3.330646338710969157e-01 1.884792640075229897e-01 4.335698440026858336e-02 2.066326875088462522e-01 2.561497251391669505e-01 1.749791107321018169e-01 -7.277410724804157793e-02 2.601001573419776669e-01 -3.824533818720898815e-02 1.489813387601816863e-01 3.112084701193667535e-01 -1.105279862822391435e-01 -1.276071451687725566e-01 1.273533691697942560e-01 1.903914011117652516e-01 1.967394697928302738e-01 3.380914821466792231e-01 1.526005575180499618e-01 2.131917544376523421e-01 7.393159830822956802e-02 3.364659339174829178e-01 9.985641119390185894e-02 3.361195710195651054e-02 -1.182037260465667039e-01 -2.245168268969058301e-01 -5.382182933454128515e-02 -5.321346048544425833e-02 1.828586817661020936e-02 1.275940613560566813e-04 1.478229472803567757e-01 8.239414204450326573e-02 -6.490858653754817686e-02 5.473222489518405481e-02
3.192707026702657630e-02 -1.040553664200905559e-01 -7.825553188195369381e-02 -1.762412660796205677e-01 -1.466041114392651334e-01 6.343251111527773399e-04 -8.596105102472376136e-02 -9.852381774910258516e-02 -4.783468268003258916e-02 3.949058994394571108e-03 -1.400669456111468258e-01 -2.279768281614114322e-01 3.640133379002041814e-01 1.000000000000000000e+00 5.080444732778504058e-01 -8.236494154021833936e-02 4.165112285284730542e-01 -1.335172030983850303e-02 3.769294494236670179e-01 -4.018475096492991200e-02 4.736575013304435977e-01 2.574216017417612079e-01 4.625889868818005013e-01 4.118234337940848006e-02 8.234179636555845339e-02 -9.615950333093524482e-02 4.389782073267314289e-01 1.227851039868731869e-01 2.902171178420630548e-01 5.227128211883761422e-01 -6.963395546003404990e-02 4.156707469452711884e-04 -3.192908324667127068e-02 2.466657466907773988e-01 2.119516028052942647e-01 -1.214384082724653119e-01 2.477552618425045775e-02 2.080318036447209584e-02 -4.677035625365891930e-02 -1.667830545611436177e-01 1.413770601397340565e-01 -4.561383177500110547e-02 2.593680611855604390e-01 1.393969101660939153e-02 2.532943613453345622e-01 4.400269804595102197e-01 3.590736503023262971e-01 3.509210640188225594e-01 -7.222817081073287793e-02 6.984225064180066278e-02 -2.361067291844821669e-01 -1.323939759830997931e-01 -1.352207548178321062e-01 4.583172501419555123e-02 -7.943287741058648044e-02 5.229313670345282078e-02 -1.371422971274606772e-01 -1.048277222492446786e-01 1.138998196907116123e-01 -2.128838521290525934e-02 -3.600176621334195276e-02 2.105211152353153592e-01 3.406189274808215095e-01 5.243403455532726909e-01 6.049492250078524203e-01 5.244890069498405749e-01 -1.501691891179680882e-01 2.240752819228633841e-01 2.186850241739826117e-01 -8.484061875635581784e-02 3.284341798684758396e-01 1.002522847879375040e-01 3.513845949239531863e-01 7.338418190115893712e-03 -8.525751080687338571e-03 5.013303156726049703e-02 2.970353204573185080e-01 3.911304348798236852e-01 4.518660129389079350e-02 -3.825535196952291328e-02 1.222672345031338009e-01 -4.735670996161219642e-02 1.264841069788960881e-01 1.705795324378605315e-01 4.645702717888462452e-01 2.839740968932493725e-01 1.388799672013081576e-01 1.813583148324536265e-01 -1.936256792070090160e-01 1.635237256896871286e-02 1.133392270520051058e-02 7.496689690020291730e-02 2.440292160876745761e-02 -1.422463845892183443e-01 4.899844071343580076e-02 2.454204972058953056e-03 5.062424384636877717e-01 4.566262097406828535e-01 -2.042761320699307270e-01 2.338415141056374505e-02
-2.800550317544709400e-01 -1.374220052530941427e-01 1.950057099365338012e-02 -3.468061772508226337e-01 -7.426812216143391376e-02 4.103518535029708481e-02 -2.779576587089364614e-01 -2.923987154133299016e-01 -2.662821501955367487e-02 2.057295484690001633e-02 -1.961799325595292853e-01 7.471731940298677321e-02 4.029767339715168983e-01 5.080444732778504058e-01 1.000000000000000000e+00 -2.316777392763381682e-01 3.980466045917407381e-01 -1.468246653986069739e-01 1.252924230657644356e-01 1.092392370843042054e-01 4.318764882584584797e-01 1.634603578890682363e-01 3.620751509187076222e-01 4.649161070138377871e-01 -1.141739872507023384e-01 2.381653356232818208e-01 2.357863534474611278e-01 2.919478896362289744e-01 1.912456014593920395e-01 5.705058564766589679e-01 -1.392692829266071741e-01 -3.575438595149742493e-01 -2.795225639706401255e-01 2.206400546970918031e-01 6.813006723705894441e-02 2.258658245729491809e-01 2.151936555177882404e-01 -8.065600262881546245e-02 -1.644007617976721292e-01 -2.600197279893662894e-01 1.881244408189900741e-01 8.418901929932687267e-02 3.108543254111056364e-01 -5.986340332665628788e-02 1.902894042000478347e-01 3.116368662804994139e-01 3.017088432882800708e-01 1.862162996674822102e-01 -3.007396108998096618e-01 -4.318208441182053853e-02 -5.205528878699799966e-02 -9.208259178770837605e-02 -3.480245047196304231e-01 -1.273910179558796207e-01 -3.073435746592818180e-02 -1.223878305034942354e-01 -3.087036641321021513e-01 -2.386114303984244178e-01 -1.377614387914149752e-01 -4.711171806087287306e-02 1.558618743086773450e-01 4.115977437622643786e-01 2.802027897922802491e-01 3.477833768277368010e-01 3.847766264347169951e-01 7.679856732161173261e-01 -3.558624361973274919e-01 1.467765642716652719e-01 2.437737721300073934e-01 -2.212642527215522292e-01 3.719213510690032587e-01 1.066387864060638901e-01 3.021555319508694160e-01 -1.349921191965708922e-01 2.779287909054630190e-01 6.418930979458555008e-02 2.854366044825508153e-01 5.547900038848093685e-01 -2.292680019824255844e-01 -4.110043584648999659e-01 3.593345938433304965e-01 4.966029843129969590e-02 1.702523391567045685e-01 3.265174279236189303e-01 3.424460044909174439e-01 9.076833435869013922e-02 5.974423015567611323e-02 3.540365000192173262e-01 -1.907063496512655457e-02 1.859310167145788173e-01 -4.438117460723611796e-01 -3.237801818313775781e-01 -1.553443397463939446e-01 -2.165257006518040983e-01 1.948219207766671872e-03 -6.817470178258576430e-02 2.809785622098165958e-01 2.363540535292457945e-01 -2.771685413250193353e-01 -1.608275394574210926e-01
