1.000000000000000000e+00 -1.773114716481963282e-01 3.629322586513665794e-01 -2.428855885597870357e-01 -6.104048865701294097e-02 9.313941037785518351e-02 7.329610565794525412e-02 -1.555255216903308202e-01 -3.135115592912039034e-02 2.319609602757768396e-01 9.963511109354633577e-02 1.360137892805038939e-01 -4.255809172281874858e-02 -2.113685263980780160e-01 -2.653522577686069361e-01 -1.179007008469987877e-01 1.552693997059079178e-02 9.536419769362013132e-02 -1.590187377843556571e-01 1.836993515964400470e-01 -2.094739545947793546e-01 -7.356535455045551397e-02 -2.329664517929587730e-01 -4.313873054608095142e-02 1.206872979379654959e-01 -6.158632428958148164e-02 -2.465879059415363450e-01 -2.264755956764584466e-01 -1.806510029677745321e-01 -3.097653300184325387e-01 1.532494625032145286e-01 1.678568609993738581e-01 -1.789806376953793632e-01 2.733474577930124563e-02 -1.143227848228912241e-01 9.152026953761503714e-02 9.951336958145234890e-02 3.070020790678413269e-01 -1.073147937968573808e-02 2.142243824649286144e-01 1.406277482554675884e-01 2.148237912920411552e-01 1.054119893479619902e-01 -1.084306145367822938e-01 5.253325086042281294e-02 -2.919208747351238475e-01 -1.970171632002658546e-01 -1.312648912003222534e-01 3.653153783653274034e-01 1.722505652081403882e-01 4.921723303355830526e-01 1.404625355096893180e-01 -1.723472714447643883e-01 -2.023663169944212026e-01 3.781795482990858021e-02 2.961286235152331692e-01 6.303021399895036847e-02 1.251805210734777303e-02 1.140826953455870291e-01 -1.553106425467360233e-02 -1.988873021648502465e-02 -1.964712297344653469e-01 -2.966564857992460835e-01 -2.980673313814660719e-01 -2.649650737851539928e-01 -2.622965464203615427e-01 7.444649403001592225e-02 -1.447247675918356125e-01 1.864878984756060745e-02 1.301409307036657248e-01 -1.383871665646878649e-02 -1.883436438001660218e-01 -8.264420812846805242e-02 1.169770770319142061e-01 -1.095653556660609040e-01 -1.420213160163973087e-01 -1.772270324096711647e-01 -2.467112263343531064e-01 1.360153026090839545e-01 -1.430450708886115037e-02 -2.100049194606365410e-01 -6.859775819541577557e-02 1.705337523986039661e-01 -1.051679758026446143e-01 -2.533914461665995876e-01 -2.727560820365741434e-01 -9.897778175509799881e-02 -1.951352776490720420e-01 1.813304218523592304e-01 7.701281226066108987e-02 -2.850385299970425307e-02 2.473169815641519664e-01 -8.819651368016891146e-02 1.415839390966673605e-01 8.999587674323035469e-02 2.967501399031585024e-02 -2.466445100012867042e-01 -3.132969020291260370e-02 3.675337753257544859e-01 2.702647658417097198e-01
-1.773114716481963282e-01 1.000000000000000000e+00 4.454830365697138861e-01 6.954589459801908680e-01 6.396634847636225585e-01 2.552024921832066195e-01 -7.959671740930972239e-02 3.244168019547590265e-01 3.872211188053498732e-01 -4.210678734025747882e-01 -2.460200768515966030e-01 -2.225910092358829862e-01 -1.191970855752390139e-02 2.933205206279932975e-01 3.758255783542875927e-01 5.095147895218115064e-01 -1.713404679331560765e-01 7.452621675737047813e-02 2.238731831502719927e-01 -1.065495856967276361e-01 2.668086010055832347e-01 -1.917318089771830047e-02 2.659438124142063931e-01 -3.145961399349421206e-01 -3.878493170404463952e-01 -7.067370137078553272e-02 2.443402222498906318e-01 1.881687653749665456e-01 1.687826094499694785e-01 2.678622413543123582e-01 -3.528472490700730324e-01 3.925520172418829890e-01 4.583308559163735141e-01 -2.156297636698258913e-01 -4.794071418261808271e-02 8.649521397202185324e-02 -2.279378745961793962e-01 -2.556056180166926817e-01 -1.517448998656000525e-01 -4.325056443739279111e-01 -2.343744996777150091e-01 -2.907589368532608742e-01 -3.567997790163523475e-01 8.261459087105055277e-02 -2.767736594053888943e-01 3.368633127185851062e-01 2.088950377330066888e-01 3.109431277366911939e-01 -8.286316679991279077e-02 -1.692770478707235071e-01 -4.274374503489117294e-02 6.285729033674599675e-01 6.247150970753876376e-01 6.676357057631121528e-01 3.151072283409636077e-01 8.406052597888867550e-02 3.506099488167709333e-01 2.770988496077703700e-01 -3.535062527868720883e-01 -6.183438652302931937e-02 -1.482074067153955899e-01 7.895163416680280044e-02 2.136983346161435982e-01 1.204791880155477585e-01 2.917452163157357448e-01 4.018900633500090969e-01 -5.892729132877688042e-02 8.660998207553266548e-02 -1.097713968570327714e-01 -2.812120883860402473e-02 -1.107319203695079635e-01 6.418097128403343898e-02 2.659272357605139692e-01 -3.761995898123981497e-01 -1.822209483905673777e-01 -4.611050640141464013e-02 2.519786474849401436e-01 3.015213326024904772e-01 -3.658580473701483760e-01 3.635596274999330357e-01 -7.440094487938300749e-02 -3.432280144207311423e-02 -2.725148169125078401e-01 5.919960566713957512e-02 2.015667908865099445e-01 8.305255312366524589e-02 -4.890189016929356869e-02 2.564595562373297999e-01 6.010373133235309695e-02 -2.978717399401740185e-01 9.180430313703917544e-02 -4.347224793514513075e-01 -2.190491855508439611e-01 -2.562313618508338942e-01 -3.225571699721960783e-01 1.403646746625810023e-02 2.984337704854452822e-01 2.251299479543236171e-01 -1.080513064044340450e-02 -1.537286713205973654e-01
3.629322586513665794e-01 4.454830365697138861e-01 1.000000000000000000e+00 1.990929730096560324e-01 2.681002613358952624e-01 4.198069722188589314e-01 2.241838984801544088e-01 3.776524013464267471e-01 4.187667545093295418e-01 -1.323198844773594909e-02 -6.708795770721219520e-02 6.488127189535469741e-02 -7.845164842724398901e-03 9.093239616025446115e-02 1.360008979225714731e-01 8.296382373770759544e-02 -1.598351815084149696e-01 5.480337895753967931e-02 -4.693430318157883890e-03 -7.804531982445087057e-02 4.933502919736983822e-02 -5.414563638111184740e-02 4.031169859637184771e-02 -1.852583432181432177e-01 -1.824737138097415889e-01 -3.688767449853428554e-02 7.518820681332387401e-02 4.908805193609605544e-02 -1.489314730095248757e-02 -4.887294201123525139e-02 -1.639974443279112182e-01 1.676728769221833282e-01 -5.465431403664846102e-03 -2.466372513473167327e-01 -1.099615143045344356e-01 1.564896134010286544e-01 -1.248515371113550348e-01 -4.533318285774529111e-02 -1.535430243604358341e-02 -4.060341360734888438e-02 -7.537770002181246043e-02 1.057048766453981964e-01 -1.228159333960995581e-01 -1.622516347883385182e-02 -8.878285266100133244e-02 1.263720372663447167e-01 9.586907082732468166e-02 9.073805177473455441e-02 2.208894053625273246e-01 -2.357857525740297833e-02 1.210429880128963548e-01 6.717646415112351610e-01 2.067427247110042443e-01 2.538210628405956348e-01 4.041000184961929809e-01 4.460763406747556559e-01 4.286523825613924310e-01 3.898855746200446393e-01 -4.630778521935525333e-02 -5.110570199191907109e-02 9.188337082690196250e-03 -4.755877241787633686e-02 4.578789653322477143e-02 -6.884342845875800719e-03 3.873404345977109892e-02 1.307112540345611584e-01 5.170212464208662206e-02 -5.432033094761858777e-02 -2.026811037386121728e-01 -6.333515880656438723e-02 -1.643725621630852396e-01 1.548602762081574026e-02 1.603725031982410898e-01 -2.114565813621952905e-03 -1.680434573268085319e-01 -4.028815146572222589e-02 9.248001387657509009e-02 1.640310484879318464e-01 -1.503463038163926624e-01 4.971763906084863266e-02 -1.990382170191160316e-01 -1.742010929438948807e-01 -7.065550341959475622e-02 -3.999631700982101551e-02 5.907254520838019218e-02 -2.128398600186741374e-02 -8.833081951069904347e-02 8.635168747317203963e-02 1.245075731199069141e-01 -4.990846784544644699e-02 -8.896383464638750460e-02 -6.336367529920479413e-02 -7.473136255319960675e-02 3.143413102473004150e-02 -1.183134951845370431e-01 6.389093802544485931e-03 7.788449433415156609e-02 1.302978732907092152e-01 2.488063678522179079e-01 1.882692180882968025e-02
-2.428855885597870357e-01 6.954589459801908680e-01 1.990929730096560324e-01 1.000000000000000000e+00 6.820685002279666120e-01 -1.491027240664858089e-01 -2.289575715191984606e-01 1.487578778109433508e-01 1.850779432598034513e-01 -5.366224609133112278e-01 -3.146254614806118788e-01 -3.043338605756708004e-01 -1.566359924461157294e-01 3.237353714657676962e-01 4.686690078298438866e-01 5.837388143074891955e-01 -2.276772712145943844e-01 -2.225676961506760920e-01 1.660383020143182675e-01 -2.799992194410773627e-01 3.485584326735355343e-01 -1.430662794864301646e-01 3.092810086361264532e-01 -3.175025038036488056e-01 -4.738631800260281191e-01 -1.615521057137558614e-01 2.146714792321953169e-01 1.338346058834001540e-01 1.834573751780403383e-01 2.670155172724770209e-01 -2.222286290321319191e-01 4.095627076664759003e-01 6.205749990889765089e-01 -2.926390932709180270e-01 -1.886760463546783284e-01 1.840859490975804355e-02 -4.554403589417966858e-01 -3.119302481824703932e-01 -4.057324251515530555e-01 -5.834205711363594782e-01 -3.980020122965564622e-01 -5.020072076957232676e-01 -5.224319483397952268e-01 1.048858703302524287e-01 -3.713272785261134690e-01 3.083887222316841203e-01 1.864855502150844779e-01 2.853073918640147699e-01 -2.699009591294380672e-01 -3.091683249537830469e-01 -1.196910130844597436e-01 3.111295952805713250e-01 6.948436534468802606e-01 8.461221160100558247e-01 5.349145498610439857e-03 -2.236315477253716932e-01 2.804531246858105176e-01 9.979967567623934666e-02 -4.555735471300750850e-01 -1.504257019762639813e-01 -2.032180597032964831e-01 4.576537244212676436e-02 2.907556948880526959e-01 1.962336432736277170e-01 3.510567992853115826e-01 4.907596542527374872e-01 -1.956562802168709120e-02 -5.166415471888806399e-03 -2.165194475634188986e-01 -2.321879959975996777e-01 -1.507953468653081552e-01 -2.385535776816766207e-02 2.024646473938172542e-01 -4.997423615613905690e-01 -1.969229490125593840e-01 -1.086136380464012008e-01 3.196333769846242956e-01 2.914405645602750061e-01 -2.895629108500935578e-01 4.433992693826073750e-01 -5.248363061544820268e-02 2.665451616399772128e-02 -4.939961785644872982e-01 -1.258664645619642641e-01 1.540234179540544146e-01 5.208970210032022596e-02 -1.264039000273631252e-01 2.043892990344415572e-01 -1.103303220168287552e-01 -4.128650851398188437e-01 1.376913525460329302e-01 -5.587569053217217308e-01 -3.814332636489635719e-01 -3.994231506891700034e-01 -4.661448181562464210e-01 4.964185477353686565e-02 2.444969772663574403e-01 1.474180537982623662e-01 -2.374384848067721265e-01 -3.130730231484724624e-01
-6.104048865701294097e-02 6.396634847636225585e-01 2.681002613358952624e-01 6.820685002279666120e-01 1.000000000000000000e+00 -1.139903186061692192e-01 -2.671731689157468836e-01 1.772283579759344196e-01 3.215868710116516205e-01 -3.247343249211132044e-01 -3.341035660032773413e-01 -2.948995414348010713e-01 -1.999596680837337215e-01 2.408380913861327410e-01 3.615095450413758904e-01 4.747308274409011708e-01 -3.155429463408239710e-01 -2.492973628385386498e-02 8.504995844969875929e-02 -5.621754725541849851e-02 2.372001626275349606e-01 -2.378888394369107206e-01 1.707214773928140972e-01 -4.034382185238428176e-01 -3.742960370656632230e-01 -2.944579071681235893e-01 1.575895364785292463e-01 1.588142092397787086e-01 9.493024935859487035e-02 1.646842314221634296e-01 -1.935567002483829513e-01 4.023423757255318867e-01 4.542560640654839665e-01 -2.451886300079281489e-01 -1.702636375989164674e-01 1.353098598503918171e-01 -2.415081282430409371e-01 -2.065493902968780493e-01 -3.103730883923350170e-01 -4.684951976026210385e-01 -2.931034482698763322e-01 -4.144486627535554080e-01 -4.437627257255195024e-01 2.148092735472739365e-02 -2.022435334937087437e-01 2.598104722793287413e-01 1.158401659776831932e-01 2.574992159112040047e-01 -2.003670259215992733e-01 -2.201079355994420284e-01 -2.100924610348013297e-02 2.674340957145042719e-01 5.953795410831167478e-01 6.690138827333874660e-01 6.664020426274820663e-02 -2.556269647674122569e-01 3.279170133581526536e-01 1.860864347033112653e-01 -2.835581516557698079e-01 -2.809496105248085462e-01 -1.484929632989236969e-01 -7.996373033500669969e-02 1.647380564992383389e-01 1.638250360535178085e-01 2.344329043818174085e-01 3.611413254103021941e-01 4.218324165884170668e-02 -1.107960028525473289e-01 -1.601970070112500033e-01 5.629723711891618243e-03 -1.769257976953918926e-02 -1.039001631408383308e-01 1.685646369170424042e-01 -3.425607068812248635e-01 -2.464888498087706159e-01 -2.608607650507115960e-01 1.843799651314076971e-01 1.979749269643790721e-01 -2.212949719239670765e-01 3.303575166740844726e-01 -1.403634799755751061e-01 9.479352416218379818e-02 -3.163861293314515488e-01 -1.064840942637853838e-01 1.751392356911509740e-01 1.287504517545706717e-01 -1.448970592800485901e-01 2.084825901549058336e-01 -7.229010926849457896e-02 -3.882720574581487449e-01 1.599890756545294390e-01 -5.120631921049674240e-01 -3.453121304516555412e-01 -3.582777925925659246e-01 -3.651847722624074755e-01 8.444101536389733709e-02 2.385522928060262171e-01 1.935285446198994619e-01 -1.672575734596973285e-01 -2.767088274914985546e-01
9.313941037785518351e-02 2.552024921832066195e-01 4.198069722188589314e-01 -1.491027240664858089e-01 -1.139903186061692192e-01 1.000000000000000000e+00 4.160500740392282792e-01 5.359091823543939981e-01 5.480162065150187001e-01 1.060209108459600758e-01 2.406423988934800265e-02 1.860787454668476337e-02 2.153896213678005711e-01 -5.839841532403081126e-02 -1.485215468897934932e-01 -3.859458866404986283e-02 1.197744357731197751e-01 3.216405495511064916e-01 4.107817840130170706e-02 1.547935028429000826e-01 -1.031457039796206399e-01 2.078467290823817759e-01 -1.064235109335383150e-01 -1.809725770052534113e-02 2.152264280297863097e-01 1.186093333239418707e-01 3.996223406490163194e-02 9.225588896141928563e-02 1.309146802496595485e-01 -5.682994815821586221e-02 -5.797668523034054527e-02 -6.942532081159392965e-02 -1.964131372078063986e-01 7.837981774425031856e-02 1.669973258740655997e-01 2.283278601795558915e-01 2.957447168959947414e-01 6.231090074754478542e-02 3.631531174566502984e-01 2.020394474516789829e-01 1.916222776708427500e-01 2.589716694448828127e-01 1.193142065103252047e-01 9.561086684740538466e-02 3.904426171040138033e-02 -4.657324412312029149e-02 -2.624877185961400558e-02 1.493143105098493524e-02 4.800745980849920880e-01 2.342939008619025487e-01 2.485967288929009575e-02 5.396226796059349073e-01 -1.767097331876028021e-01 -1.502229099042615146e-01 6.809500560713787065e-01 7.477657655804086367e-01 3.604726445728838047e-01 5.646568987276282536e-01 6.214628963809548656e-02 7.990625662102240900e-02 -8.608464027815124209e-02 9.307671859417203375e-02 -6.965841905486744312e-02 -1.486958682776754470e-01 -8.290394325987684998e-02 -1.344555668096682755e-01 4.019815999917098620e-02 9.724542835112570671e-02 1.571195235504348892e-02 1.652076085845910480e-01 -5.478068748455755532e-02 1.532500718898869019e-01 8.591473596023653514e-02 1.456615455761608169e-01 -6.335030052654916366e-02 5.786773099203212228e-02 2.432628390118117545e-02 2.189609448946578177e-02 -5.528663762899053286e-02 -1.306672795558836142e-01 -1.358313120326123391e-01 -1.146820171560869323e-01 1.701471060735148810e-01 1.732126357096535341e-01 3.368931887748300574e-03 -8.547670698230913633e-02 1.636873086238142816e-01 8.511022303788599863e-02 3.393499544129349177e-01 8.646961453484448834e-02 -1.028381481327705765e-01 2.080824961332603529e-01 2.311363969688779996e-01 1.969039327215074964e-01 5.163184665072739071e-02 3.758586892539129282e-02 -4.392070993446597210e-02 3.366851059190906909e-02 5.292230922104721458e-01 2.797762704251985366e-01
7.329610565794525412e-02 -7.959671740930972239e-02 2.241838984801544088e-01 -2.289575715191984606e-01 -2.671731689157468836e-01 4.160500740392282792e-01 1.000000000000000000e+00 3.882547020508798630e-01 1.699461077384927521e-01 3.169710354612458314e-01 2.332882468053571468e-01 2.788210291692310716e-01 1.807931014616407650e-01 -8.597867382550120063e-02 -1.166734895640788583e-01 -8.634917954252374628e-02 2.613250935353254034e-01 1.981672035542027810e-01 -1.734908675393794343e-03 1.290579982785760582e-01 -1.965879367209726752e-02 2.301839837708917202e-01 -1.131063774211963774e-01 3.816553291400835435e-01 2.894939381499637143e-01 2.512921863938366585e-01 -6.265640311125889039e-02 -6.970221414504876312e-02 2.117334522429399069e-01 -1.460028562032409938e-01 7.945467076493799297e-02 -3.079985545328830510e-01 -3.659030556532825718e-01 1.298063682933741914e-01 8.190254347078566866e-02 5.620032925576470828e-02 1.122090187940351647e-01 -1.803633719247197884e-02 2.148587655518686690e-01 4.250805409353610731e-01 1.185348380731214568e-01 2.716026981289202391e-01 1.646855044711776905e-01 -2.084341486132452737e-01 5.695853976863611556e-02 -2.901491015905979798e-01 -1.753384005344009455e-01 -2.626733229413047432e-01 1.649383907916581182e-01 -7.816101613965373285e-02 -4.596713162952727194e-02 1.686550044773507673e-01 -2.308357853161032425e-01 -1.737276612957072419e-01 2.445980272764300689e-01 4.183201636828454140e-01 3.384846480975091665e-01 2.775947864786394437e-01 2.849873055966223867e-01 1.206392734547534207e-01 2.711250506270041494e-01 1.662679262287455884e-01 -7.100664462448028069e-02 -1.229727792444885587e-01 -7.558861575396261245e-02 -1.417564463407659792e-01 1.411413598877859499e-01 1.773033437650645416e-01 1.814285938224406425e-01 1.141609044120271560e-01 1.738963995319396383e-01 2.598235311918105084e-01 1.489151537299822706e-02 4.219803633503428353e-01 3.325914397737984030e-01 3.423303594320788457e-01 1.380303176452078173e-01 6.180096577833606858e-02 9.519947725285247964e-02 -3.295283550779916637e-01 2.440594897186553203e-01 -1.156612241627987259e-01 1.527700779670740361e-01 1.584510057966307117e-01 -5.155740123818592507e-02 -9.388929468919111898e-02 1.763225364232274828e-01 -3.904329953011963922e-02 1.532015011082658307e-01 3.111659268894466090e-01 -2.710865812150395904e-01 2.917635627564876821e-01 3.188781449378525479e-01 2.115123672032286628e-01 1.681735498598351253e-01 -1.573712737052664346e-01 -2.827744555205654597e-01 -2.180655089732762286e-01 1.852703519302361379e-01 4.389489319156889002e-02
-1.555255216903308202e-01 3.244168019547590265e-01 3.776524013464267471e-01 1.487578778109433508e-01 1.772283579759344196e-01 5.359091823543939981e-01 3.882547020508798630e-01 1.000000000000000000e+00 7.304179905334297063e-01 -2.292900947125682196e-02 -2.113670421682041778e-01 -1.020158544182291349e-01 -8.305117946432845344e-02 -2.854313821209829294e-02 -1.478672612241087835e-02 1.772402209216296376e-01 -1.407031647613999625e-01 -8.254949801110094201e-03 -1.536916477089302346e-01 2.133355483988571850e-03 -6.422958214367789631e-02 -8.818111113475916862e-02 -3.455963655999525624e-02 -1.065480075779774438e-01 -8.318863674991766599e-02 -6.108663801629977269e-02 9.386467397130044896e-03 2.313715896123130084e-02 1.142302482007132025e-01 -8.311488532895755857e-03 -1.397239439429179275e-02 -1.825180486709441496e-01 -2.259672215073670401e-02 -1.273047092530891766e-01 -1.214901018858659809e-01 2.595518010391227315e-01 -9.042693871250218757e-03 -1.699177696316844510e-01 -2.799559250729553167e-02 -1.165746207110732735e-01 -9.102325445892352207e-02 -1.752702814159174532e-02 -1.327853380368896608e-01 8.925465167179624792e-02 -1.458658329089254288e-02 -1.591713901878594184e-02 -4.448675464232632742e-02 -3.591230010427885061e-02 1.639551264468976366e-01 7.722720416775824548e-04 -7.679227382081492415e-02 4.367971820089301405e-01 9.952045595658660926e-03 1.251419509468948699e-01 6.622314386414023257e-01 4.314158774711012168e-01 5.773635029639053728e-01 7.372441047911613143e-01 -5.299552120275852901e-02 -2.094990515757760019e-01 -4.531900965395237180e-02 -5.151435092087736090e-03 1.433616214602844580e-02 -4.402895681368515501e-02 -3.213282093346950946e-02 -2.172186449510570688e-02 -3.657033914239642830e-02 -9.560790692437469429e-02 -1.259739516538891380e-01 -9.123139121350798408e-02 -7.929253903921912316e-02 3.745937967226519588e-02 1.408945342648914439e-02 -8.713797234165610028e-02 -4.550251463665744289e-02 -6.594874735006250877e-02 3.385982792665298557e-02 1.066337544689339584e-01 -8.024903327137573872e-02 -1.590962528033254830e-01 -1.522786808112789325e-01 -1.350814836002466879e-01 -7.114550575451150660e-02 -8.611260941019581450e-02 -1.052306945000455740e-02 -2.143134145200489490e-02 -5.154302592764046370e-02 6.235699735487652828e-02 3.802339515314714230e-02 -1.474081244644873112e-01 -8.126428481500527767e-02 -1.498474582827890034e-01 -1.074793479264113116e-01 -7.131133312814816327e-02 -1.247310712404335747e-01 9.416085294021905860e-02 -2.632753517509033026e-02 -6.981783093653307071e-02 1.908036907755795153e-01 -1.103644559352779525e-01
-3.135115592912039034e-02 3.872211188053498732e-01 4.187667545093295418e-01 1.850779432598034513e-01 3.215868710116516205e-01 5.480162065150187001e-01 1.699461077384927521e-01 7.304179905334297063e-01 1.000000000000000000e+00 -4.834082435926043142e-02 -2.571467092277512356e-01 -1.900448133365240655e-01 -1.217147226968386536e-01 -8.237376997752758612e-02 -8.998378002914865503e-02 2.060137423654490041e-01 -2.583586362621166921e-01 7.084615999618336379e-02 -1.868252076143850360e-01 1.675929213379680205e-01 -1.763768483928862818e-01 -1.682094112125797347e-01 -1.264768059548976586e-01 -3.115339704543304000e-01 -1.704262484678083223e-01 -1.914859373591625558e-01 -5.405419529497740988e-02 -2.652440211402743234e-03 -3.614788616544220567e-02 -9.915299755327422471e-02 -7.591709223748660529e-02 -4.732818770988052315e-02 4.832229754090527213e-02 -5.060171725313133972e-02 -9.551319835602203878e-02 5.143420275135357489e-01 1.030293005228081066e-01 -9.612509110720199312e-02 9.116774050590670253e-02 -9.302141791546408855e-02 7.025462996783767011e-02 -2.948439225742261610e-02 -1.262015879620088099e-01 1.167397264668846441e-01 1.560171713595545281e-02 -3.910775835999279887e-02 -6.297732583995412081e-02 2.328624197298127113e-02 3.680968762641655956e-01 2.151059879178799372e-01 7.390434204838101755e-03 4.324876081050156862e-01 6.865732527652602946e-02 1.340820183901274554e-01 6.917144850180686477e-01 4.040032330933663318e-01 5.445869258199143026e-01 7.492279420418147540e-01 -7.671053436266569991e-02 -2.228228941559225462e-01 -1.014677166363027738e-01 -7.922784160184763447e-02 -6.923204758500817180e-02 -1.096086281996768441e-01 -8.421700823926968338e-02 -9.933093713468783836e-02 1.444578595172310020e-01 -1.481545943747061556e-01 -1.126688490982281632e-01 2.341447470185339594e-02 -1.168370799629843276e-01 -9.518684621866184414e-02 6.624446645619853566e-03 -1.090673578822055761e-01 -2.384015259574047418e-01 -2.409161847580681970e-01 -9.044750473627255483e-02 -1.001149401821927257e-02 -1.212049080853736666e-01 -6.920804822577457383e-02 -3.465023756518412212e-01 -3.285266450001236155e-02 -1.508563947456855771e-02 -9.983430589635246266e-02 -5.844666547589273675e-02 -1.703680835136208924e-02 -4.107236139508683992e-02 5.865008473336672662e-02 2.303885565469934449e-01 -1.927212476114392448e-01 4.646132673317216605e-02 -2.175326307217428923e-01 -1.270730887674933474e-01 -7.891374617949563353e-02 -1.114504268232898859e-01 1.434455430176609647e-01 -6.341330358480667950e-02 4.266981457675723260e-02 3.926626765568919653e-01 7.983497368410891193e-02
2.319609602757768396e-01 -4.210678734025747882e-01 -1.323198844773594909e-02 -5.366224609133112278e-01 -3.247343249211132044e-01 1.060209108459600758e-01 3.169710354612458314e-01 -2.292900947125682196e-02 -4.834082435926043142e-02 1.000000000000000000e+00 4.101507829048583464e-01 5.146279565429566771e-01 1.311933248771424976e-01 -1.904433975228917997e-01 -3.272031509815778172e-01 -3.889846919316590768e-01 1.667923513382019440e-01 1.982003626285230025e-01 -2.043482326151718764e-01 1.823614001560333042e-01 -2.346332932871826038e-01 8.822396741547197663e-02 -2.337885182562510766e-01 3.462176113642185804e-01 4.867169132303251766e-01 1.907700264870184625e-01 -1.684617892151806795e-01 -1.543092499390231465e-01 -1.067335201227742059e-01 -2.308061887436562432e-01 8.673695214655452457e-02 -2.004712874293667901e-01 -4.535033190073623488e-01 9.175791062757471250e-02 6.860539011319723157e-02 -1.447970238083802702e-03 3.926993483446774014e-01 2.550365031682571004e-01 2.962192847079634372e-01 6.232441072775514179e-01 3.266419938093332309e-01 5.920433329520677912e-01 4.912246706973484311e-01 -1.366478453846322050e-01 3.150788247540513565e-01 -2.459168691837995413e-01 -1.668779879100996677e-01 -2.046316590903855814e-01 2.429461934391527189e-01 2.422132931954643353e-01 7.368292798277951972e-02 -1.322266868705739840e-01 -4.718979925334567116e-01 -5.100994837068907328e-01 4.298313865531974698e-02 1.841409774573858349e-01 -1.120484519344639857e-01 -7.717659269637322517e-02 7.747608739462613636e-01 1.601856083775454187e-01 3.698663097689997570e-01 -6.760159615612912343e-02 -2.660395074671055293e-01 -2.149996973155901825e-01 -2.437642084443500390e-01 -3.400861749342319329e-01 5.832574159779010947e-02 -1.490541997046168909e-01 1.257684013054112260e-01 1.598956704017626129e-01 1.678910613483269865e-01 1.549203414684884733e-02 -1.303639787477030021e-01 6.517158857734318689e-01 2.196976870305826779e-01 2.258443194014329025e-01 -1.756777377215984759e-01 -1.746910889681816959e-01 1.757810737038838778e-01 -3.243461450754522857e-01 -8.162457693103244982e-02 -2.142704152160243569e-01 3.402437043880318090e-01 2.797193490174957470e-02 -1.388454562388712898e-01 -1.642438872015291873e-01 6.425027458183460438e-02 -1.728556810325306836e-01 3.956929102614441252e-02 3.638507254783382439e-01 -3.062615524983012816e-01 4.458212411211550652e-01 3.422957107136274657e-01 5.181390473950906461e-01 4.118181709224324472e-01 -5.087664775851947346e-02 -2.171220144480122682e-01 -1.851362667782892879e-01 2.346909084227408182e-01 2.461551997834775518e-01
9.963511109354633577e-02 -2.460200768515966030e-01 -6.708795770721219520e-02 -3.146254614806118788e-01 -3.341035660032773413e-01 2.406423988934800265e-02 2.332882468053571468e-01 -2.113670421682041778e-01 -2.571467092277512356e-01 4.101507829048583464e-01 1.000000000000000000e+00 7.412962555818917165e-01 4.687312637192250775e-01 1.006410372150167154e-01 -7.340202056897907057e-02 -4.651763976417954138e-01 4.442266411002700477e-01 1.599879432189141026e-01 1.864211940150233282e-01 1.820790066367084237e-01 2.435959743451591650e-02 4.491876028092909312e-01 5.635523811073343131e-02 6.200368789299881556e-01 2.137966904620436925e-01 6.705564259422467366e-01 9.426561000738253870e-02 1.566615831221360861e-02 1.190270902038505357e-01 7.759999792356495063e-02 -2.470501832722809543e-01 -3.142800850409617763e-01 -5.202591273380647863e-01 3.545970589025353448e-01 3.655556901043247597e-01 -2.677833841478331062e-02 3.680645082597600592e-01 -8.406354117252230751e-02 2.081884804694466851e-01 4.043991719484809622e-01 3.989376435930737652e-01 4.387987528563429551e-01 5.886657663897031378e-01 -4.406151074063913847e-02 2.661589007591165235e-01 -1.238116631646126418e-02 3.075117076922586137e-02 5.402376919747416822e-02 2.127466332728019383e-01 2.826786507857821928e-01 -2.134964716278065777e-01 -5.720541786319237321e-02 -3.294025199969664586e-01 -2.396669484069204326e-01 -2.240080930689148653e-01 8.818430229795044817e-02 -2.778419476123432652e-01 -2.700115031151460454e-01 4.869469238789776999e-01 7.819559356018882523e-01 5.838594336997043888e-01 2.830823684731733070e-01 -9.498334934268029897e-03 -5.099460276356530125e-02 7.064292089439148936e-02 -7.984121535576088613e-02 -1.532201988657388297e-02 2.994348898836336481e-01 2.935828775372776311e-01 1.027516225992526622e-01 1.728966280955059887e-01 2.384827183805514617e-01 8.687707350506594650e-02 5.605084570571944313e-01 4.793350723978826444e-01 5.608135053977801876e-01 4.928948501646526759e-02 -5.786351575463603153e-02 -1.538026511092167037e-01 -3.584017038349754936e-01 2.321590352325636208e-01 -1.055691952833822111e-01 4.083715550316226461e-01 2.945165275820663120e-01 5.105812381642706871e-02 -1.375471961855745384e-01 3.994292442461985781e-01 1.879543511478424037e-02 2.096889149898178706e-01 6.205173838779455275e-01 -3.316467355503647796e-01 3.113957464311545298e-01 3.696146051428396140e-01 4.171454596697318773e-01 5.161615849616084661e-01 -6.945307134285583217e-02 -6.677021488104513403e-02 -6.680722148314735542e-03 1.722222877741256541e-01 4.302636576577379413e-01
1.360137892805038939e-01 -2.225910092358829862e-01 6.488127189535469741e-02 -3.043338605756708004e-01 -2.948995414348010713e-01 1.860787454668476337e-02 2.788210291692310716e-01 -1.020158544182291349e-01 -1.900448133365240655e-01 5.146279565429566771e-01 7.412962555818917165e-01 1.000000000000000000e+00 4.403736582881612183e-01 8.145959472170716947e-03 -1.338210449768789667e-01 -4.636823861115378365e-01 4.511191818183269975e-01 1.291298196678769827e-01 4.683306753030374442e-02 1.495318202965699450e-01 -3.627275051336245615e-02 4.775895840380568469e-01 -6.713358225784641850e-03 6.703369365452453987e-01 1.483009968978491189e-01 6.749658291375495445e-01 1.437746482265035708e-01 4.858635566210914303e-02 1.084059037440095880e-01 6.795630711714766015e-02 -2.475849655569806462e-01 -3.950782218199352935e-01 -5.412040750930685595e-01 2.969525183087893816e-01 3.356551239852146873e-01 4.044158346299970425e-03 2.440663022972258123e-01 -2.206254412930963582e-01 6.466121338434556443e-02 3.912879783369636044e-01 2.826700345070303766e-01 5.314809916892048181e-01 5.730772384625505422e-01 -1.541935622377881010e-01 3.265677795211885392e-01 -9.011540318936209215e-02 -2.974756883656596781e-02 -9.421876445091395547e-02 1.668904718304296264e-01 1.664531075350405009e-01 -2.048433173911790861e-01 -1.407785357816681172e-03 -3.137694235799408093e-01 -2.060668859167931188e-01 -1.622046027854460171e-01 1.120238945626511329e-01 -2.208437635863033099e-01 -1.890552225100037009e-01 5.702994969741204123e-01 6.132442017640287180e-01 7.565425617236237743e-01 2.862178991693841157e-01 -1.403367275039272763e-02 -9.783858551454625851e-02 6.557470974306295504e-03 -1.610740506441469821e-01 -9.564439286126229581e-03 2.883751588452257986e-01 3.411342751917115779e-01 9.485384854967945922e-02 1.665493634460991634e-01 3.339378511389759496e-01 6.455329805286351419e-02 5.887755412319823911e-01 5.611938915194777389e-01 6.529934385991780221e-01 8.984644087319555716e-02 7.119388056497832906e-02 -1.622735225905402034e-01 -4.548463236351566463e-01 2.612354863594807952e-01 -1.215160404509529474e-01 4.191542883167316824e-01 3.448562706748898310e-01 1.382676106604271149e-01 -1.429332716747126475e-01 2.898146094503172843e-01 6.865971995229884495e-02 1.785724929571305131e-01 6.179964200096561555e-01 -4.506740096744659141e-01 2.338434403304043285e-01 2.761714559333985353e-01 4.899311389503836489e-01 5.171582481593289815e-01 -1.613069413912951722e-01 -1.492476465549591735e-01 -1.482290494848448048e-01 1.125069480738389305e-01 3.138107099151827839e-01
-4.255809172281874858e-02 -1.191970855752390139e-02 -7.845164842724398901e-03 -1.566359924461157294e-01 -1.999596680837337215e-01 2.153896213678005711e-01 1.807931014616407650e-01 -8.305117946432845344e-02 -1.217147226968386536e-01 1.311933248771424976e-01 4.687312637192250775e-01 4.403736582881612183e-01 1.000000000000000000e+00 3.298360008788076558e-01 9.656166596843267225e-02 -3.790272337987739548e-01 6.048986647137757355e-01 2.773573274767080488e-01 4.581119182266766843e-01 1.542759180609791780e-01 1.825387486614745425e-01 6.872834577065379813e-01 1.200414373593343825e-01 4.740608434514828051e-01 3.987010385868534207e-02 4.283135660085924390e-01 4.357612000277130138e-01 3.750379829094077633e-01 3.582180530816352904e-01 2.389070054911554830e-01 -2.428650511200991513e-01 -2.472233343259356841e-01 -3.536783926286378721e-01 4.953885256115083680e-01 7.062931207516069954e-01 1.084749828511072239e-01 3.707746506642464746e-01 -2.458837659171794754e-01 2.706642983725286999e-01 2.404751920194241610e-01 3.967672418682320346e-01 2.247144194573952314e-01 3.661458155742893239e-01 9.522635623967902474e-02 3.043276040162420926e-01 2.344799173888262867e-01 2.704164894730722302e-01 2.311354260313962794e-01 1.474886068361510594e-01 2.577310631546843589e-01 -3.237126377108843767e-01 4.604264926502891347e-02 -2.129519672803905639e-01 -8.653288004081025053e-02 -7.363921918640610464e-02 1.259003982710787395e-01 -2.401406877109815985e-01 -8.438648930354998579e-02 1.506475542726517791e-01 4.717508507122984418e-01 3.369608791320753416e-01 6.866903279120497583e-01 3.779817973117682861e-01 1.939024876884990756e-01 2.818792798661169385e-01 6.024316468137776853e-02 -8.382085753278085971e-02 5.729103377490808446e-01 3.635021509395752748e-01 2.389268503867142679e-01 1.575219131708741893e-01 5.428711450062474464e-01 1.959251738790362130e-01 3.139750791686788389e-01 3.618746791264021989e-01 3.438995841904786688e-01 3.138280439556050405e-01 7.885880250774861266e-02 -1.866415467124119820e-01 -3.184576927618824604e-01 3.468052617547311423e-01 2.245373903815030825e-01 3.914370341230594685e-01 6.254257311746610482e-01 4.188960545262308544e-01 5.326587823204945171e-02 5.162742826487569658e-01 3.714189831528297292e-01 3.764887839295442129e-01 4.813458635803413710e-01 -2.796732106016592279e-01 1.081903180780341284e-01 3.518749658711647355e-01 1.915587940982440562e-01 2.802302312189978162e-01 6.778291687819093525e-02 1.520453095368648755e-01 1.363065789123778793e-01 7.812554689122622187e-02 3.618494281994458217e-01
-2.113685263980780160e-01 2.933205206279932975e-01 9.093239616025446115e-02 3.237353714657676962e-01 2.408380913861327410e-01 -5.839841532403081126e-02 -8.597867382550120063e-02 -2.854313821209829294e-02 -8.237376997752758612e-02 -1.904433975228917997e-01 1.006410372150167154e-01 8.145959472170716947e-03 3.298360008788076558e-01 1.000000000000000000e+00 7.948649469993604999e-01 -5.960308553149219757e-02 1.304391599778483568e-01 9.446765809392172752e-02 6.354021900555986146e-01 -1.010438032986675644e-01 6.348526070339037819e-01 2.178312559316937513e-01 6.095837967819434100e-01 1.114416459684049177e-02 -2.035726900948258700e-01 9.668938750894538747e-02 5.861775168033896977e-01 5.668241938479302577e-01 4.296949403945481416e-01 4.314904752951834732e-01 -3.398999674459871057e-01 2.601732718301916214e-02 5.953028536774532947e-02 5.670300790162034060e-02 2.325645188428113186e-01 -2.071694987246477590e-02 -5.293255678950900545e-02 -3.602613931488036214e-01 -2.164202211370507001e-02 -1.643630661687239813e-01 -3.802152676899371586e-02 -1.208326351710144603e-01 -1.140944173522794453e-01 1.586864771314859812e-01 -1.431593425097385242e-01 6.475340183201037103e-01 6.570612413767193960e-01 6.594886093178655706e-01 -1.141268187015214153e-01 -9.708882419473197078e-02 -3.681586476075505154e-01 9.724932952598354385e-02 1.226106980559412002e-01 3.413401430636891498e-01 -1.330309078036424064e-01 -1.725407432824225540e-01 -5.983896303582317971e-02 -2.921433206963616053e-02 -9.307885344034082242e-02 1.386156229091317638e-01 1.917109102434243206e-02 3.769982424689381495e-01 6.951572980338390773e-01 6.293696845378049520e-01 6.413164436333742557e-01 7.309664700936338022e-01 -1.592466924599078570e-01 3.227305349710062887e-01 1.322122827049866591e-04 6.219907000474724640e-02 9.795104945136062780e-02 3.118306158258906113e-01 5.824299535186107102e-01 -3.671902874111048626e-02 2.015412311840326584e-02 9.165676720421350732e-02 5.585923554696465843e-01 4.452219499088109211e-01 -3.209668448428597554e-01 -2.930020432548565909e-02 1.956697850525842830e-01 2.106990156475304077e-01 -1.831637580611676086e-01 2.066116348564615568e-01 5.644765256119006480e-01 4.082070830695246899e-01 2.598992442507392919e-01 4.832733571891250635e-01 4.993851515808172409e-02 2.349967660214367666e-03 -2.434679971990220959e-01 -1.703408818500529720e-01 3.076552486056002844e-02 -6.799183046161617894e-02 -1.868844374445413348e-01 1.494120075651036716e-01 5.698127880633039322e-01 5.533516404787358622e-01 -1.507458225234968030e-01 -3.666406490995863937e-02
-2.653522577686069361e-01 3.758255783542875927e-01 1.360008979225714731e-01 4.686690078298438866e-01 3.615095450413758904e-01 -1.485215468897934932e-01 -1.166734895640788583e-01 -1.478672612241087835e-02 -8.998378002914865503e-02 -3.272031509815778172e-01 -7.340202056897907057e-02 -1.338210449768789667e-01 9.656166596843267225e-02 7.948649469993604999e-01 1.000000000000000000e+00 1.026318068779911580e-01 -2.264078028606295034e-02 -2.033915449389134614e-02 5.616591819287937160e-01 -2.345146041531985803e-01 6.938577937717566035e-01 7.430065240443545216e-02 6.464849575243436508e-01 -1.262579638714714514e-01 -2.974387438418982788e-01 -1.698343353372325226e-02 5.060739072910711567e-01 4.707976618009060976e-01 4.123716479415933667e-01 4.783877523979339075e-01 -2.426311586262124009e-01 1.538132067212339693e-01 2.311932829471644302e-01 -1.684148971823635210e-01 2.734058646478011723e-02 -1.144047495187065916e-01 -3.122118234826730676e-01 -3.578724660571489524e-01 -1.407641369577910806e-01 -3.105707156231798938e-01 -2.416680500049425973e-01 -2.929086683953577852e-01 -3.165713692858335149e-01 1.330084866724171866e-01 -2.649163313170362910e-01 6.356635811073726439e-01 6.021784546847009922e-01 5.996512710887028641e-01 -2.603767946916095144e-01 -2.900420840400968481e-01 -3.183055650255866564e-01 1.545410126246516413e-01 2.964753532008564396e-01 4.770932486497372338e-01 -1.394971535388810080e-01 -2.548619447470668042e-01 1.783265087537582588e-02 -1.107034845993603613e-02 -2.315561892297010038e-01 -2.825436857172327482e-02 -9.240598026695734379e-02 2.795224387240807795e-01 6.700664534676391559e-01 6.895763885364700752e-01 6.792996933364349177e-01 8.940063672464152456e-01 -1.388307640840424351e-01 2.217785740054298294e-01 -1.784276338574661835e-01 -4.574656939779850329e-02 7.284673255493202826e-02 2.135738596514571153e-01 5.651502493691390461e-01 -1.922669374854082680e-01 -8.074738253000010579e-02 9.042380473897937421e-03 5.684509727864905937e-01 5.709455169802526431e-01 -2.238423066976293063e-01 1.469105080342754666e-01 1.686726241754640254e-01 1.677107220442197177e-01 -3.653674368637709891e-01 4.633902130119106622e-02 5.051121844771722103e-01 4.585828489711971101e-01 7.004166460454391840e-02 4.353228413839015376e-01 -1.052970659520910679e-01 -1.631698410218277440e-01 -1.287111800932405348e-01 -2.773226817695176871e-01 -9.020291981417778715e-02 -2.352957325502313957e-01 -3.591779919153191836e-01 9.811633534620849140e-02 6.176837312568350669e-01 5.180293734208498702e-01 -2.663358639901358127e-01 -2.438822238669494658e-01
