1.000000000000000000e+00 1.695924907975376594e-01 5.279764246380767023e-01 -1.940150841435707213e-03 1.182989500507818786e-01 2.831475679283772529e-01 3.640966693245872299e-01 4.553954909516501615e-01 3.663125992122396313e-01 1.754177535572425117e-01 -1.498500223010514332e-01 -2.433683819208365962e-01 -1.852140249323700194e-01 -2.395891675343741756e-01 -2.552964746331599089e-01 1.413103412757365507e-01 -2.576076363509073250e-02 -1.878840410761773161e-01 -7.400483674963259650e-02 -2.534020816177454116e-01 -2.646031133892962073e-01 -1.963090640748702820e-01 -1.022677063130638803e-01 -1.652900255786927952e-01 1.543636422659635243e-01 -2.241459858262263294e-01 -1.994184004943738986e-01 -3.448382826350893660e-01 -4.933720726280732549e-02 -1.571693444107122029e-01 4.610358442649961641e-02 1.809091437870090913e-01 7.836115320963278619e-02 -3.209010454162901371e-02 -1.567833326605640731e-01 -1.227105162987874587e-01 -7.618629754596124848e-02 2.641195869921779127e-01 1.266774247384556684e-01 1.520962354259141613e-01 -2.116025301029974930e-03 -7.111800495224482321e-02 -2.571618022833158101e-01 1.457423670636434285e-02 -1.121196446103744082e-01 -3.079791819242150286e-01 -2.072934293834050035e-01 -1.943156278929031866e-01 1.354781105449401613e-01 -2.374780902739263150e-02 5.389970733124803681e-01 2.550979681564845558e-01 6.933439185388734494e-02 -5.434565266703965392e-02 2.943679161066546368e-01 4.192383358243353952e-01 3.079372735282875362e-01 2.911755396432625931e-01 1.040107383839740524e-01 -2.377489565890485435e-01 -2.464036388253221799e-01 -1.837825484604169168e-01 -1.881127374304520927e-01 -2.172497762781398778e-01 -2.910932433473018000e-01 -2.296863129903153888e-01 2.244308293765826245e-01 -7.302713019411651019e-02 -1.963097605671591528e-01 -1.968178468381953095e-01 -3.393482947286715068e-01 -2.639970175281111109e-01 -1.793648426570766952e-01 -1.141506435967938327e-01 -2.056500361573037339e-01 -1.993041727982882150e-01 -1.842525055932296707e-01 -2.234245484021338823e-01 1.101880623140356896e-01 2.542768019749596098e-01 -1.134601939420363387e-01 -1.297440904911861259e-01 -1.119944529586173604e-01 -1.731582488121992391e-01 -2.587477762119537728e-01 -2.628463477929214309e-01 -1.403360480177876790e-01 -2.597088547248155299e-01 -1.813130607824774143e-01 -1.305630709718096083e-01 1.554404124152169997e-01 1.434148131076494193e-01 4.598344412931584801e-02 -2.327699373903457103e-01 -2.554432403477644997e-01 7.687882509517497687e-02 -2.105748087115013600e-01 -2.245009692128516476e-01 2.947472786819973350e-02 -3.644164761543908920e-02
1.695924907975376594e-01 1.000000000000000000e+00 4.610483806060717282e-01 5.499320985240413462e-01 5.713902102913924752e-01 5.339269067069252195e-01 3.235231122194292541e-01 5.611179734465082669e-01 4.311435298819800144e-01 1.237763113691683764e-01 1.127118939139948040e-01 8.349532537285483946e-02 -1.155643624666911201e-01 1.340067555764824503e-01 5.777892044406374855e-02 5.089542158657419657e-01 -4.062561897282627316e-02 4.691967306913502611e-02 1.158176945327536317e-01 -3.347278499025405640e-01 -8.196328235339879476e-02 -1.037259213260661589e-01 2.362436939110644230e-01 -2.603781377104454342e-01 9.896080584415747894e-02 -5.090893960655285683e-02 -9.825495685445237437e-02 -1.357201773812563850e-01 -3.085002114272221152e-01 1.695271806103896828e-01 -3.019917897462327978e-03 3.348114004631224661e-01 2.748768384057800329e-01 -2.681754912712595029e-01 -2.798365252888607765e-03 -2.046538001563571185e-01 -4.490592351789782222e-01 4.041356535668149119e-01 3.188823368566738869e-01 1.503807125503885400e-01 -1.733207264515714829e-01 -2.267317722521457468e-01 -5.923875816013719764e-02 -1.398419427495855016e-01 7.780584536694028219e-02 -4.893876699740199593e-02 8.423262362985549367e-02 5.203069140924333237e-03 -3.701908348192765874e-02 -2.810651599556365232e-01 4.366956159743838328e-01 7.748392619629680400e-01 4.416649930976758731e-01 5.421749845552457092e-01 6.454014508090035740e-01 5.329641524816189913e-01 5.960150475126883007e-01 5.516614199734918289e-01 3.138861578536677327e-02 3.063250256441841027e-02 4.713522880268977699e-02 7.690098414966355794e-03 5.346537380374355442e-02 2.126684162779697573e-01 3.710737199964867644e-02 8.835328102185899257e-02 1.845410682783030221e-01 -2.936038873612761835e-02 -1.332075831464217541e-01 6.382880809829133417e-02 -6.062331291088492863e-02 -2.089964534030164245e-02 2.795468353958110441e-01 9.586175085494814951e-02 -4.322645122030572412e-02 -4.062498073155348249e-02 -2.240181367971224302e-01 1.439436019099913366e-01 6.256325175261917039e-04 3.955588025078888292e-01 -3.472185144903967569e-01 -3.008320835403898719e-01 -3.628075532004254589e-02 -1.103947140028180007e-01 -7.275661607948050169e-02 2.449054373197327369e-02 -3.754182385506086850e-01 -1.273292007057288955e-01 -2.363007317228389415e-01 -3.369667318102682191e-02 2.699225975134951772e-01 3.944581749637540713e-02 3.774058153547716898e-01 -1.279682220395231829e-01 -2.160698797656970260e-01 -1.583750273235374206e-01 4.774854253474584281e-02 6.368508665493308185e-02 1.255984534487134263e-01 -3.119599649390333851e-01
5.279764246380767023e-01 4.610483806060717282e-01 1.000000000000000000e+00 1.315161059054865411e-01 4.658231375804779417e-01 6.205017915469714929e-01 2.966448585265985538e-01 6.034321465581519162e-01 2.552505718500777676e-01 1.163251603956236974e-01 1.661991810382509038e-01 3.364236311131972579e-02 -5.556722500566238510e-02 -1.415477624311619886e-01 -2.089464288352320120e-01 9.998429707267347810e-02 6.317011897825884625e-02 -3.746941715092432044e-03 -4.158040304386195068e-02 -2.756792768470376354e-01 -1.960128168021712525e-01 -8.631858084306370804e-02 -7.875758491108246495e-02 -7.868199506690361222e-02 1.586661455596280190e-01 -6.283315917664109018e-02 -1.913089049776666717e-01 -2.514810937355320686e-01 -3.574252827647179248e-02 -1.529334658367103306e-01 5.090524716947267964e-02 -8.215301720027129440e-02 -1.720497641641375863e-01 -9.832263086570192101e-02 -7.222235143391145251e-02 2.728452274589247828e-02 -2.000968576695088819e-01 8.713478215909871427e-02 3.068820284571577850e-01 3.139266069795303982e-01 1.376485127772884565e-01 -6.214373822690893306e-02 -1.198610396793852589e-01 -6.771637345681051634e-02 -1.018178406708495493e-01 -2.707271497619480050e-01 -1.583621919663977529e-01 -1.887853236671231949e-01 3.227528302797015858e-01 -6.897347641721915390e-02 3.225560022177572095e-01 5.302474238650397576e-01 -6.901149812183116072e-02 -1.083410535590893266e-02 5.890753519492486490e-01 6.512369747391330010e-01 3.131063558747125275e-01 4.875502163724499405e-01 8.454925431543401648e-02 3.021530069176819877e-02 -1.282588671622563251e-02 8.955679979140980518e-02 -4.977417190346269255e-02 -7.201985975396960060e-02 -1.824034591321145315e-01 -1.945329052312733675e-01 1.426014845235482886e-01 1.083016962943416234e-01 -3.462590363950581590e-02 -1.038337960595757045e-02 -2.257331479431659571e-01 -3.968694176927672207e-03 -2.899237463472680021e-02 2.147959739480022334e-01 5.871653418988004303e-02 -2.224086474804028157e-02 -8.979029562867538172e-02 -9.928462415256136819e-02 5.316219457859931025e-03 3.293056306696739294e-02 -2.499189720629635576e-03 -3.693357477234357478e-02 -4.417979055699602919e-02 2.947985433347835929e-02 -1.898446548835879821e-01 -1.569588996812755211e-01 -1.517545846389249664e-01 -1.467346916715649430e-01 -3.602413034545431936e-02 6.881163809944110255e-02 -1.136742920896028353e-01 1.082827380662891303e-01 1.446944677325894268e-01 -8.038858661899968283e-02 -1.793595249019054039e-01 -3.086537740955544451e-02 -2.003136845991291826e-01 -1.769258705540893428e-01 3.380314767418225452e-01 1.595104693652591929e-02
-1.940150841435707213e-03 5.499320985240413462e-01 1.315161059054865411e-01 1.000000000000000000e+00 4.530395647865850806e-01 3.266085878166789525e-01 2.530620665028645577e-01 3.801647496817415206e-01 4.638079661709767487e-01 1.047592252922024091e-02 1.777153601526090462e-02 4.211788563528766349e-02 -2.915473378246112579e-02 1.886672088462641173e-01 2.082498062775506309e-01 6.316153440369388639e-01 -1.463761470944897614e-01 -8.640560212674265606e-02 1.407086343205319057e-01 -3.014680691567477311e-01 -1.129502860425840027e-01 -4.843191585177111791e-02 4.101746214627367548e-01 -3.495564956201361873e-01 1.052947182484493486e-03 -1.866546132478286504e-02 6.939418753317316835e-02 4.176414389322007786e-02 -3.180922273325110239e-01 3.312662864676382268e-01 -2.370567105449849221e-01 3.619044435536860060e-01 4.407388275114513809e-01 -3.961972566937184692e-01 1.962353293788064723e-01 -2.744606403797382188e-01 -4.450596009112574580e-01 3.270326046631489847e-01 2.676086118381486023e-01 9.113093430347272983e-02 -2.917055369016352540e-01 -2.482897132073614566e-01 9.579526306768193500e-02 -5.017382378927841280e-02 3.260173497309681867e-01 1.711166544975010473e-01 2.599684364904795153e-01 2.347158008499166670e-01 -1.459165140473681066e-01 -2.636539857628044103e-01 3.136961387200835061e-01 6.373536056336622790e-01 5.412566252706341174e-01 7.235639499642161354e-01 4.892126659470895644e-01 3.299882129796852248e-01 5.947432049588242675e-01 4.681265898077914267e-01 -9.697397050527299667e-02 6.185901938105323877e-02 1.765768744867072249e-01 8.013162372258697541e-02 3.854019903919097406e-02 2.598111843137920207e-01 8.533911505472896453e-02 2.675160920376127294e-01 1.834125206482203618e-01 -1.310171986592370830e-01 -2.351952676966923284e-01 -5.447903754519501512e-02 -6.340715732100849801e-03 5.509381941133055516e-02 3.423814694807122971e-01 -7.054444956162779501e-02 -1.900343966858037414e-01 2.518376667693680848e-02 -2.371973728641386392e-01 2.766476504183235097e-01 -2.005916197518823607e-01 3.620592441832452546e-01 -3.615331981028253594e-01 -3.106208619984505148e-01 1.558831434007937611e-01 6.230310839809015400e-02 1.295513886419646932e-01 1.666174561945412969e-01 -3.694280099398465356e-01 7.252852158766270874e-02 -2.864021521948320603e-01 -1.167688056930290055e-02 3.669907431865201408e-01 -1.370596143430992953e-01 3.475691588954041289e-01 -6.558480404060482161e-02 8.447065218118015098e-03 2.630635623341356574e-02 2.684686362743196608e-01 2.670112853056685331e-01 9.024486970053063883e-03 -3.153699399123241487e-01
1.182989500507818786e-01 5.713902102913924752e-01 4.658231375804779417e-01 4.530395647865850806e-01 1.000000000000000000e+00 5.554024018718562994e-01 1.878664513165463901e-01 4.980910678386087365e-01 2.901884352199157746e-01 1.602091685347929381e-02 1.762691646065061568e-01 1.065500078736102557e-01 -4.840622760754161036e-02 6.276468693691518441e-02 -7.450749618966946708e-03 2.189583158637077309e-01 6.102209270601242908e-02 1.285338350445399680e-01 7.613637434130325621e-02 -2.150094788633334364e-01 1.357585820302749727e-02 -1.135447832969653098e-01 4.558633466102347820e-02 -1.922480866031204272e-01 5.996867526013659189e-02 -3.665726294528177942e-02 -1.461989411207443856e-01 -1.808706300623468266e-01 -1.674621344140174162e-01 -3.488233249561187299e-02 5.550762218458567265e-02 7.985371088742512780e-02 5.679179606296223121e-02 -1.628811109210235863e-01 -1.089352057885547287e-01 -1.238293566812305735e-01 -3.790788610830858607e-01 1.801099481951322634e-01 2.012123165896331778e-01 9.136599308493230376e-02 -6.965459997985541662e-02 -2.151754296828117807e-01 -1.199526417964987546e-01 -1.442292886600604063e-01 -4.430323420693206560e-02 -1.097401798195785788e-01 -6.290363200109201636e-02 -9.483110847161325963e-02 4.751728245416013408e-02 -2.319799710639115498e-01 2.772161509567647175e-01 6.193929874911024980e-01 2.142923585569716238e-01 4.127071339638954672e-01 7.143756866647671400e-01 5.006801009915287093e-01 4.656721150495001238e-01 5.417461092763379282e-01 5.238787095603817529e-02 3.045181519504037287e-02 -1.127491706250571997e-02 6.398740573424159528e-02 -2.004166702972670633e-02 1.111491760824027675e-01 5.649126463340937987e-02 -7.580974194835502205e-04 9.416590018096103465e-02 8.083740030112880615e-02 -1.624921751015499100e-02 1.405215600568534562e-01 2.182955417477870728e-03 -5.299365720068653467e-03 1.098970731884196389e-01 1.302805240188762981e-01 -3.337721364693470999e-02 -5.362448419745862588e-02 -1.192524695173835109e-01 1.092070700535132874e-02 2.480691592749607183e-02 1.381707686926325063e-01 -1.875365289219921294e-01 -1.893119980900524746e-01 -5.931851988102404549e-02 -7.271653185495027816e-02 -1.213056413698989366e-01 -7.193054813500000810e-02 -2.894840343849792164e-01 -1.622438231136968390e-01 -1.209780015280781107e-01 -6.061665833141403198e-02 8.388758334471821398e-02 4.107049346532781753e-02 1.657955991973853460e-01 -1.719760987396757312e-01 -1.578394588849713620e-01 -2.027268686032057121e-01 -9.103976357884903392e-02 -6.125081440853973047e-02 2.139402758388849191e-01 -2.294822711332970833e-01
2.831475679283772529e-01 5.339269067069252195e-01 6.205017915469714929e-01 3.266085878166789525e-01 5.554024018718562994e-01 1.000000000000000000e+00 4.218853680247454663e-01 7.366951247745435749e-01 4.115323795331562451e-01 7.923742586331139481e-02 2.080612641473786328e-01 1.577902971387298015e-01 4.515830806255742569e-02 1.899323978573954630e-01 1.202337634139957340e-01 3.045112322179411302e-01 9.629379415941874409e-02 1.538283269208635673e-01 1.902584062831022271e-01 -2.135555249111676934e-01 -3.738286750660382157e-02 -7.901409590330751853e-02 2.187004964875729485e-01 -1.889798299600625453e-01 1.572275647714565794e-01 1.998480683709445704e-02 7.625548649952382935e-03 -4.982652029383487918e-02 -1.427010644948930596e-01 6.976094017723200036e-02 -2.419718558751936385e-04 1.241239615182630936e-02 1.291384528708132418e-02 -2.267636461096840805e-01 9.567024941511821645e-02 -5.242206683944473922e-02 -2.720018687114671430e-01 1.561284746878295049e-01 4.568875381204426933e-01 3.845589212602643636e-01 -3.169989501944003862e-02 -9.214489065433373316e-02 -3.132835230884716774e-03 -6.919343290194046592e-02 1.035511372833217425e-01 -1.008265389793289342e-02 9.600867322555330097e-02 1.458595625216802839e-02 3.462254524544587930e-01 -7.736538979119714221e-02 3.610418177908907844e-01 6.927415762876326655e-01 2.494892865647580782e-01 3.384779537478928568e-01 7.566280635833715351e-01 8.063438241788689620e-01 5.916503068215039907e-01 7.160000192209645675e-01 -5.594461443773794673e-02 9.075363650234578861e-02 1.313410554752429127e-01 2.521177210027352178e-01 2.276011265994537514e-01 3.362405431862197647e-01 1.730231100458024251e-01 1.552004449653591467e-01 3.217323596037716671e-01 1.979068499286622818e-01 7.248323356593421030e-02 1.920112690111183129e-01 3.303029738005509169e-02 1.689033714604794290e-01 2.756358738704243194e-01 2.528204854956753733e-01 1.724734822415209187e-02 6.094906940600257339e-02 -1.829260566473975671e-03 2.059937397587157382e-01 -1.709025593864834103e-01 8.592676265821637405e-02 -1.380842591948464315e-01 -5.379406272362011882e-02 8.253452097203983762e-02 1.519892559555731937e-01 5.966252829780414879e-02 1.098641144052387303e-01 -2.014834730482757685e-01 2.926761258175019850e-02 -3.258617506131485791e-02 6.322919314531401380e-02 1.413707525721605816e-02 8.035553432320019160e-03 3.543895665069597967e-01 -2.707440540357763936e-02 -6.503256304786556030e-02 -4.710737057097855868e-02 9.177400571656865735e-02 1.130259501593044447e-01 5.332486659604004364e-01 -9.313997227229117715e-02
3.640966693245872299e-01 3.235231122194292541e-01 2.966448585265985538e-01 2.530620665028645577e-01 1.878664513165463901e-01 4.218853680247454663e-01 1.000000000000000000e+00 4.714249819747254877e-01 5.065370991311559656e-01 3.029717418422383512e-01 6.997413621795610383e-02 6.526475630081510215e-02 -6.820506335968454237e-02 8.028275155071130931e-02 6.643833331752256599e-02 4.995924821765987400e-01 -2.112176175279492363e-01 -5.822294974225550312e-02 2.225887602764839521e-03 -2.796253128146954370e-01 -2.366552528648011022e-01 -4.908280333665689110e-02 2.026256314988365559e-01 -1.837260341195079416e-01 3.009377786216499429e-01 5.469856498765774538e-02 3.109755678654481381e-02 -1.083037862377208976e-01 -2.816984648113302625e-01 1.751631559060031207e-01 -6.948652223309498277e-02 3.885613999380221895e-01 3.647563449821148995e-01 -2.035490557606071671e-01 2.830844274850954218e-02 -1.004908156808711206e-01 -1.879236311455905473e-01 3.831988444890092049e-01 4.306052182713167586e-01 3.877243020412165508e-01 -1.047485919955637168e-01 -1.448064562349036244e-01 8.322320413291435515e-02 1.103203252289628247e-02 1.252674588890720642e-01 1.922214335823553555e-02 1.034031836515030278e-01 6.541716320878637747e-02 1.982173075198127576e-01 -7.505990270047946389e-03 5.099935134685559257e-01 4.061833126791293269e-01 4.643181355176412284e-01 3.747544589312462593e-01 4.007696451470073029e-01 4.736410918538756509e-01 5.302571167367845506e-01 3.641991421720852662e-01 1.071070172068665505e-01 3.201099999294585580e-02 8.871965721002313121e-02 -4.208508847647889767e-02 4.976384241033235400e-02 1.449537747155255352e-01 2.090002991879148439e-02 1.140283362981919096e-01 6.397026270053096653e-01 -1.851788419081934478e-01 -2.003206332296408043e-01 -1.521913881944653157e-01 -1.348252203209699129e-01 -6.044077738498188773e-02 1.449939693914779337e-01 1.715443486350961555e-01 -1.726125554155312491e-02 6.206655093847193716e-02 -1.401697833818762451e-01 1.487655563264374259e-01 -8.076262704460326902e-02 4.833332641853897438e-01 -3.071782907440213095e-01 -2.060124618129581253e-01 4.822742587867782232e-02 -7.261033161569513394e-02 -2.055486721707949077e-02 3.594527476315957648e-02 -1.972890502133506918e-01 -2.530601842013173106e-02 -2.088539428607723569e-01 1.293163412260348033e-01 3.057438479981119950e-01 9.008727574733652044e-02 5.030444632779168534e-01 -2.617341535699316962e-02 6.849214823338328761e-02 1.243279894505387728e-01 1.368777906626190144e-01 7.715372800844344514e-02 2.065986528869170058e-01 -1.322863739935107030e-01
4.553954909516501615e-01 5.611179734465082669e-01 6.034321465581519162e-01 3.801647496817415206e-01 4.980910678386087365e-01 7.366951247745435749e-01 4.714249819747254877e-01 1.000000000000000000e+00 6.353630090782043105e-01 2.353185050974186954e-01 5.443487231106484275e-02 -3.475101555369179696e-02 -1.474805318850053171e-01 -2.252994702989625023e-02 -4.784646690097174755e-03 3.686728142093927962e-01 -2.813535226698955435e-02 6.873030734665187824e-02 1.297152617883707282e-01 -3.071324994761374660e-01 -1.829886920167059228e-01 -1.470581059501512300e-01 1.605763555871442816e-01 -3.519925433811850191e-01 1.756626746077236401e-01 -9.801241284227329986e-02 -1.153428619031139496e-01 -2.601025440047063930e-01 -1.837957133943923238e-01 -1.046363584065617726e-02 -7.531887232097103646e-02 1.889116220192016415e-01 2.056081803746594716e-01 -1.671860204746711265e-01 2.107140852952343879e-02 -2.027221722752666488e-01 -3.898174871971766819e-01 3.477683271993702308e-01 4.549374671392706904e-01 4.222205333231480173e-01 -6.534052741564524980e-02 -2.617370782348594771e-01 -1.043794463468414729e-01 -1.110399303073963395e-01 1.229593360501085586e-01 -1.794104691675036944e-01 -6.560716721552532771e-02 -1.036817559848103726e-01 1.968882668925996393e-01 -1.380103498823731234e-01 5.756419549904140398e-01 7.246218245700170035e-01 3.366106889890946863e-01 3.396870272079455244e-01 6.887823258867907805e-01 7.725451341258449123e-01 7.403554459334606985e-01 8.070905907926251288e-01 5.681658269942356509e-02 -1.936537365052184642e-02 -4.272347818938344866e-02 3.608525043708946112e-02 -1.873342239088572614e-02 1.196837900329268956e-01 -2.001151616645577280e-02 3.005963097905350878e-02 4.360802704867219881e-01 9.912233286735000481e-02 -6.761077318679201142e-02 9.451416220226747933e-02 -1.713221890162313354e-01 4.642269164536622084e-02 1.260886849868665394e-01 2.081399801828964780e-01 -1.315243112338521092e-01 -6.113506878705910613e-02 -1.656762801811842989e-01 2.945194567353221285e-02 -1.431411509166084506e-01 2.485783411635917317e-01 -1.846195990112063645e-01 -1.789757252958674161e-01 1.089563940902375655e-01 6.278313488686240729e-02 -1.045854069134209280e-01 -7.533476466724466081e-02 -3.566753368756235831e-01 -1.060680725672702440e-01 -2.241641089617378013e-01 2.647042137568503609e-02 2.330192819436311402e-01 9.533127536621914533e-02 3.951125673705697117e-01 -2.155141850685414751e-01 -1.639947077952020604e-01 2.788752554029709507e-02 -2.203899470537502847e-02 -4.441232779184524360e-02 3.288141030570828627e-01 -1.742946135412728192e-01
3.663125992122396313e-01 4.311435298819800144e-01 2.552505718500777676e-01 4.638079661709767487e-01 2.901884352199157746e-01 4.115323795331562451e-01 5.065370991311559656e-01 6.353630090782043105e-01 1.000000000000000000e+00 3.516768221015940110e-01 -2.079009387222460203e-01 -3.118031454719062956e-01 -3.317707046226174850e-01 -8.270237534652630229e-02 -2.393322645956344474e-02 5.230120897850171202e-01 -2.453897260415937032e-01 -2.024871653820793371e-01 2.406514578700501630e-02 -3.918104145812624783e-01 -3.531717257945218291e-01 -3.176805374377639213e-01 1.913718546103534424e-01 -5.707601733071075989e-01 1.258921348720411781e-01 -2.565718713675470553e-01 -1.211250581437595397e-01 -3.208801584605219248e-01 -3.954913350541017780e-01 9.710289838260779960e-02 -1.570385390967805050e-01 5.628353586537724329e-01 5.870076180205839878e-01 -2.174902979354131349e-01 -8.500630593761536458e-02 -5.360185679978016760e-01 -4.919767850935243825e-01 6.126670696929209514e-01 3.379373401622406958e-01 3.018634806267545545e-01 -3.291479445849692098e-01 -3.186164624029250159e-01 -1.712192388408619870e-01 -3.902368467159524762e-02 1.290493867564359021e-01 -8.016388139952175529e-02 -5.205725658140267220e-02 -3.559292927621051945e-03 -7.847622435766295201e-02 -2.239276732128032132e-01 6.695281380507090985e-01 5.560656645754387117e-01 5.665232030826756748e-01 4.175573430477309000e-01 4.976816604255942522e-01 6.090219235125103880e-01 7.486409329014837022e-01 6.729149045863221934e-01 1.493408182715338373e-01 -2.406611753946051313e-01 -2.315642050511401151e-01 -2.415625702460766910e-01 -1.564646726196109172e-01 5.242876482721506998e-02 -1.432138978107017624e-01 4.702884200666841014e-02 6.141053179536605233e-01 -2.140189545692353368e-01 -3.900247353516445026e-01 -2.234967451088866186e-01 -3.515035298256770080e-01 -2.019657422788337653e-01 7.477437613178210263e-02 8.900063878689723137e-03 -4.243496748143356645e-01 -2.373815502559201984e-01 -4.396792769121334876e-01 -4.608441645110162438e-02 -7.497260360099165799e-02 5.609944234137386188e-01 -4.159425955068084546e-01 -3.792230320826286416e-01 1.931742340644769865e-02 -1.322363381758517031e-01 -1.552280181247768509e-01 -9.536128045624873983e-02 -4.840159930557523249e-01 -2.054283775289963976e-01 -5.647211790915521723e-01 -9.337634338133371514e-02 6.054891191508758874e-01 1.285030324021632364e-01 4.366116365312573966e-01 -3.376150045063038840e-01 -1.827278014610991264e-01 5.673515794452579225e-02 4.131925517661103747e-02 -1.271576689278749268e-03 4.042664188137004566e-02 -3.365487002241486780e-01
1.754177535572425117e-01 1.237763113691683764e-01 1.163251603956236974e-01 1.047592252922024091e-02 1.602091685347929381e-02 7.923742586331139481e-02 3.029717418422383512e-01 2.353185050974186954e-01 3.516768221015940110e-01 1.000000000000000000e+00 2.206060941848169699e-01 2.205089740287597896e-02 -3.023112216297575428e-01 -3.744987856642670310e-01 -2.758139335120776137e-01 9.954712444338779942e-02 -3.172780133921860313e-01 -1.546509610974263482e-01 -3.197671370414458814e-01 -3.252323023072711816e-01 -2.866527886370634493e-01 -1.794775233120842473e-01 -1.646258289791417417e-01 -2.286595504615430707e-01 5.083401795835507109e-01 -7.726065305343535194e-02 -1.907085260993963138e-01 -2.997513738252414739e-01 -6.741290495731033783e-02 -1.055906214111804187e-01 1.037953787631270761e-02 2.498546050808329588e-01 1.756370490708640264e-01 -4.569310448706160460e-02 -2.137546351686781809e-01 -1.023922739099648593e-01 -2.551764941526056263e-01 3.419919458854161487e-01 4.099232060289085822e-01 4.829177122261249511e-01 2.063439753127458143e-01 -1.174273297665882204e-01 -2.091449544221139212e-01 -1.006015115668688620e-01 -1.509994160992575996e-01 -2.856128044058107718e-01 -2.914116740219982460e-01 -2.658829835956155740e-01 1.322666509763660292e-01 -6.376864426095783800e-02 2.186650523023258297e-01 1.484477027689243833e-01 3.429606838532473639e-02 -4.757229369452730533e-02 1.922922424084293203e-01 2.392464183614884665e-01 1.468589076234783075e-01 2.664892313895668718e-01 6.233223310582655108e-01 1.293059866823518533e-01 -7.667372781831269246e-02 -2.461636606964363594e-01 -2.347759315828648052e-01 -2.691494952543056485e-01 -3.177866198674877962e-01 -2.430658391906316274e-01 3.964577976315950547e-01 -1.559111996760641217e-01 -2.719996572589526429e-01 -1.747324122269254820e-01 -4.037787591445803903e-01 -1.904253543683376015e-01 -2.186241459107864937e-01 4.066789848042060562e-01 -8.818163032857734285e-02 -5.232277383939155230e-02 -2.624617370531764360e-01 -1.808588521082775402e-01 1.407317424604403178e-01 2.610311614460795182e-01 -1.474345355851312545e-01 -9.453287014972015789e-02 -4.498779374052932351e-02 -1.438554291793955886e-01 -1.748078887531524794e-01 -2.587667220574100257e-01 -3.000387606282278741e-01 -1.724631476494234705e-01 -2.029352404037125523e-01 2.699648632179514340e-01 1.475500722013481647e-01 4.532760405989178509e-01 3.597951699894781363e-01 -1.956292301717746651e-01 -8.589940973211121489e-02 1.022499741527005956e-01 -2.039250028389267833e-01 -2.579308842957692138e-01 1.742001278012667853e-01 6.268511135838861215e-02
-1.498500223010514332e-01 1.127118939139948040e-01 1.661991810382509038e-01 1.777153601526090462e-02 1.762691646065061568e-01 2.080612641473786328e-01 6.997413621795610383e-02 5.443487231106484275e-02 -2.079009387222460203e-01 2.206060941848169699e-01 1.000000000000000000e+00 7.132287889599888686e-01 1.900107074436052368e-01 2.450475340848414993e-02 -1.174165021370133025e-02 -2.428021013444614518e-02 4.472390026160326382e-02 2.634411867819045905e-01 -6.613601532282056827e-02 -1.591435889141328344e-02 4.331117751669775334e-02 1.312303735713031272e-01 1.986741870686882169e-02 2.812929590448917105e-01 4.141946750533832544e-01 4.961507531905527402e-01 8.194345504060703000e-02 1.319098558183778580e-01 1.267232164370020453e-01 9.621580718312523414e-03 1.861037109864748240e-01 -3.076200473811431801e-01 -2.808627875627660031e-01 7.037274688678482604e-02 7.491703198453009138e-02 4.079693128482219655e-01 5.845644112261549202e-02 -2.421777777392927489e-01 2.500645968053423762e-01 2.807605802789140403e-01 5.220424020858536185e-01 2.767636669083817780e-01 2.993385759774492838e-01 7.203982706829033071e-03 1.278420122123116037e-03 -4.008951627527747308e-02 5.862233217711263628e-02 -2.387297200426762370e-02 3.564749680783225738e-01 2.575130166720199787e-01 -2.034231657942529858e-01 1.198559900880436513e-01 -1.594878902428921164e-01 -1.404510780251271365e-02 1.999950910013416905e-01 1.053211233526271107e-01 -9.444633810002242558e-02 9.899524816500303304e-02 3.037891875592695357e-01 6.819634456991899851e-01 4.717809561596244539e-01 2.733347796957522613e-01 1.154618745881201142e-01 6.795346401650655122e-02 6.306315432205582272e-02 1.014718345981030674e-02 -4.647756287630449429e-02 1.182922546462109731e-01 9.513238875950043305e-02 2.382788930795205762e-01 4.580245375316415596e-02 1.882124077417166863e-01 1.364769974179434742e-01 4.931198095152223293e-01 4.292647542854836074e-01 4.569613388989647307e-01 1.378209797588140773e-01 2.130289742777214668e-01 -4.831617111011642096e-02 -2.631874360572511451e-01 9.808053292936415313e-02 2.992050675097773227e-01 1.094960666870512384e-01 1.320782346452315237e-01 1.524881649268128303e-01 9.763520112651229155e-02 7.085947570672616880e-02 1.783357832950651090e-01 3.911363639825111149e-01 5.020179681804889382e-01 -3.876517982921946492e-01 5.655599340664966418e-02 1.507458110624058378e-01 3.114873593434687171e-01 1.414794776982630509e-01 8.131409160939033487e-02 2.787988911703584427e-02 4.071398358930247013e-02 4.060005085139690717e-01 4.051014011465540743e-01
-2.433683819208365962e-01 8.349532537285483946e-02 3.364236311131972579e-02 4.211788563528766349e-02 1.065500078736102557e-01 1.577902971387298015e-01 6.526475630081510215e-02 -3.475101555369179696e-02 -3.118031454719062956e-01 2.205089740287597896e-02 7.132287889599888686e-01 1.000000000000000000e+00 3.541483408075997152e-01 2.946550500636107572e-01 2.108399633803813289e-01 6.108818928768756235e-02 1.042365578781742491e-01 3.103709850165304318e-01 5.196975599171583388e-02 2.460577512076900578e-02 1.402401943216054769e-01 2.738836458854049249e-01 1.941200241724378439e-01 4.211085061983331213e-01 3.787772820518520156e-01 6.037037648574493653e-01 2.358353302986160582e-01 3.774010331298170984e-01 9.860982504019641381e-02 2.085179067663673336e-01 9.958442491817257047e-02 -3.646297286795715520e-01 -3.028422353809915313e-01 4.017211804287568189e-02 1.946544273771686762e-01 4.805055096427486849e-01 1.609756555222937036e-01 -3.344500734979434786e-01 2.519932843235996311e-01 1.710626185602330263e-01 3.561303380680767017e-01 3.428021521089137935e-01 3.956050538974085207e-01 -7.017436276474743606e-02 7.044547798138073302e-02 1.482202089091365915e-01 2.931352020825503391e-01 1.340783684267139453e-01 2.968551762076170331e-01 2.166827846745167652e-01 -2.627168822096416778e-01 9.026112259256979797e-02 -6.380663633017913394e-02 1.014175416128954565e-01 1.026797267910672523e-01 -2.203233041391389549e-02 -9.829738336873181104e-02 -2.227247463242401984e-02 2.013664229450789489e-01 6.757725261451996701e-01 6.277062886851090262e-01 3.594985194189702638e-01 3.168568526998532531e-01 2.840614464577047582e-01 3.003966411792304836e-01 2.096988646164693049e-01 -1.625437105799691917e-01 1.025299513552952457e-01 1.597963532168253098e-01 2.225732841636125503e-01 2.599786934428016116e-01 2.597216860499959035e-01 3.217523855729811366e-01 3.225487924835176434e-01 5.419673315169525329e-01 5.422960756346054678e-01 2.393428857327163928e-01 4.381889999555827475e-01 -1.443146462221114312e-01 -2.741400248774563675e-01 7.622872833653673852e-02 2.446577898962795095e-01 9.126518935940591826e-02 1.659956825692929516e-01 3.220567760952943170e-01 3.293876814427276756e-01 1.634455019674202481e-01 3.205321053649425322e-01 4.576509696386956705e-01 3.853409353147748129e-01 -4.219087691441076871e-01 -1.615100365258450438e-02 2.134401538553694078e-01 4.410883655680281068e-01 2.326383040886388087e-01 2.964523627968497846e-02 1.724061354907802934e-01 1.871586678471807152e-01 3.477859584371786883e-01 3.214682418439182565e-01
-1.852140249323700194e-01 -1.155643624666911201e-01 -5.556722500566238510e-02 -2.915473378246112579e-02 -4.840622760754161036e-02 4.515830806255742569e-02 -6.820506335968454237e-02 -1.474805318850053171e-01 -3.317707046226174850e-01 -3.023112216297575428e-01 1.900107074436052368e-01 3.541483408075997152e-01 1.000000000000000000e+00 3.633218792406049391e-01 2.350941411910997536e-01 1.481639795863070978e-02 4.924650088436248185e-01 1.684884731607391162e-01 3.159144256364647130e-01 2.909450344867967053e-01 3.365135379559612283e-01 6.538743557309953935e-01 1.035555249596785826e-01 3.458438030382800510e-01 -2.172276860473913718e-02 3.849265151624816084e-01 1.563888689026956269e-01 4.457740960520178986e-01 3.365293654036355386e-01 7.475846377590908420e-02 6.714311055224826685e-02 -2.966973097156467287e-01 -2.731846897375309613e-01 4.427648349512679216e-02 4.822998695682113035e-01 2.293912321280492383e-01 4.050191648471187511e-01 -4.623746804481269623e-01 -3.226470353999302040e-03 -8.285105955291024310e-03 7.535596134273110647e-02 2.378779726928981764e-01 4.245159267091884181e-01 6.880726466136326269e-02 1.719125200787954832e-01 1.411077355450796877e-01 3.417349777187798088e-01 1.014681096764737667e-01 1.297622459441209464e-01 1.379902146316709655e-01 -2.542984445789587267e-01 -7.572809324160638400e-02 -1.003239866544026609e-01 1.344160293234632556e-02 -5.669796197443976310e-02 -7.930649422294616668e-02 -1.350204245937600966e-01 -1.393055597564754333e-01 -1.420399124636302080e-01 2.634661972815109388e-01 5.565626749489526182e-01 7.455561660276892599e-01 4.838292199726972331e-01 3.119286779959379863e-01 3.751168850217718731e-01 2.092678103077522112e-01 -1.672743087554370012e-01 3.427175483665707012e-01 4.040885453932691052e-01 2.506545736500969679e-01 4.363299292597854206e-01 4.868826145935194472e-01 1.489048718103846702e-01 8.424150899832576200e-02 3.878035902341139818e-01 3.796083911665293353e-01 5.027572984653045918e-01 3.648301240061401773e-01 -1.590017234506034549e-01 -2.566292435220556278e-01 2.913850589425100446e-01 1.612901281914185525e-01 2.143663408909176060e-01 3.253814298357028956e-01 2.558363817111878880e-01 2.855959090762435482e-01 4.469025588721050046e-01 3.435910196110548709e-01 2.695698974888517951e-01 4.171669564183622808e-02 -3.248429593094924739e-01 -2.350503511725778316e-01 6.851359465781685365e-02 3.627178200683104370e-01 3.665860131394680366e-01 4.543098849873728612e-02 1.523105377333503485e-01 1.690037436355636413e-01 1.348318879606087983e-01 1.429125402324902816e-01
-2.395891675343741756e-01 1.340067555764824503e-01 -1.415477624311619886e-01 1.886672088462641173e-01 6.276468693691518441e-02 1.899323978573954630e-01 8.028275155071130931e-02 -2.252994702989625023e-02 -8.270237534652630229e-02 -3.744987856642670310e-01 2.450475340848414993e-02 2.946550500636107572e-01 3.633218792406049391e-01 1.000000000000000000e+00 7.594789285833991599e-01 3.336611658819343407e-01 1.202138752660460996e-01 1.458952382864645847e-01 5.682724486803418795e-01 1.288656886953440939e-01 3.914340688760281073e-01 2.899440136577626781e-01 5.921412815486637449e-01 7.816664597038239237e-02 -6.969105138904248264e-02 2.527819395566414662e-01 5.205188179539578242e-01 6.121201137346260479e-01 -1.148013971164915381e-01 5.227347525205640055e-01 -1.363238416170762524e-01 2.064081182282639579e-02 1.891588682100500685e-02 -2.535608835715271736e-01 4.244186906162655260e-01 9.522828878658366747e-02 9.922765413964201864e-02 -8.647992907358460768e-02 1.435685008829201137e-01 -7.758637210118916883e-02 -2.922392872154039867e-01 9.072446082249711885e-02 3.295303458512792161e-01 -5.103949596622568002e-02 3.250372100135393016e-01 5.914757529274962122e-01 7.291972690804059409e-01 5.429548151333716266e-01 6.949048326355637163e-03 -6.363762542910800235e-02 -4.902235865383614694e-02 1.618980004608222834e-01 3.455006431881894047e-01 4.168068602006986256e-01 7.159102968456251825e-02 2.361990920602414362e-02 1.465336582552780598e-01 -8.732415932224188784e-03 -3.499105102675587609e-01 1.075875246881313613e-01 3.533261819992172259e-01 3.514914302122042478e-01 7.148843123874526473e-01 8.320651098019953285e-01 7.956195113659697560e-01 7.262730363281030277e-01 -8.013999898323530269e-02 1.164665452628608489e-01 2.120977583824778800e-01 1.684410436253471754e-01 6.343078535894404180e-01 3.922492616739667315e-01 6.438360996417961113e-01 -1.470256913270548416e-01 1.409438721668729855e-01 2.570234437690809282e-01 2.886979278608704513e-01 6.805600852743330931e-01 -2.511296640469473651e-01 6.395402953669374058e-02 -1.300208212324164558e-01 -1.312252968500266792e-01 9.480580765501550600e-02 1.930652302835549339e-01 5.366252530269354226e-01 6.861116136368992091e-01 1.230039536108764042e-01 4.229668509342104921e-01 9.144277402179233627e-02 -1.305304689586888889e-01 -2.668038856178830617e-02 -3.301271061913770288e-01 2.005870665393492958e-01 3.072209585483363647e-01 2.522353634033434044e-01 -8.254260834816498638e-02 5.970733960862943945e-01 6.011337116665879110e-01 9.171229797621310853e-02 -1.639829316162967621e-01
-2.552964746331599089e-01 5.777892044406374855e-02 -2.089464288352320120e-01 2.082498062775506309e-01 -7.450749618966946708e-03 1.202337634139957340e-01 6.643833331752256599e-02 -4.784646690097174755e-03 -2.393322645956344474e-02 -2.758139335120776137e-01 -1.174165021370133025e-02 2.108399633803813289e-01 2.350941411910997536e-01 7.594789285833991599e-01 1.000000000000000000e+00 3.296481261859693923e-01 -1.301564355071432172e-02 2.895456395160678209e-02 5.388851247362458352e-01 1.006489809941755048e-01 1.985355475526104085e-01 1.898052797573514527e-01 6.944719439972150132e-01 1.813665205125589500e-02 -5.455256383675785581e-02 3.089544395564365331e-01 5.347628587925705723e-01 5.590305809638577150e-01 -9.502720098118598580e-02 5.624432245949834153e-01 -3.343508561566870263e-01 1.456717563904989278e-02 1.116021077219061519e-01 -2.856457750614193603e-01 4.966830069221430111e-01 -4.153427673212613941e-02 2.128227979432241804e-02 -5.692088095772743911e-02 8.825092588354402356e-02 -4.297965759119165563e-02 -3.230193506486545019e-01 5.978031515605445462e-02 4.002368044659398993e-01 -8.696908872520003886e-02 5.147810996419406315e-01 5.186171225056550593e-01 6.370469521614006148e-01 5.512793684301493524e-01 -1.093832220059683669e-01 -1.117467715616768109e-01 -4.921879158798538739e-02 1.291769925087837834e-01 3.180408031831542526e-01 3.505857405028722784e-01 3.119044288313625388e-02 -4.038269268812474944e-02 1.478464104753378083e-01 1.541475940375847814e-02 -3.582728190058128703e-01 1.120308767012144907e-01 3.498216992193505792e-01 2.962324095664354284e-01 6.136224808723039770e-01 7.989805188877358022e-01 7.636360094841874169e-01 8.992428198165006714e-01 -3.546848298585138920e-02 7.766456991137947463e-02 1.206953877968069272e-01 1.280700877202265164e-01 4.907809674383267207e-01 3.947861134231099300e-01 5.995149155329089208e-01 -1.318548044150521237e-01 1.136638446055506513e-01 2.999892960955429233e-01 2.250700252039833094e-01 6.970842377022746783e-01 -4.646322698586740629e-01 2.698985784297244089e-02 -8.437801126956810671e-02 -1.637311942139645371e-01 3.416082821225729926e-01 3.232499859915065055e-01 5.933712570355358373e-01 5.823729864347327867e-01 2.859750764908560935e-02 5.561576051126700948e-01 -2.281183862296341097e-02 -9.905486865856186207e-02 8.615916126360449387e-03 -3.930995664613399221e-01 1.630005263076981792e-01 2.416452077601847492e-01 3.088897687338565956e-01 1.479681421341154379e-01 6.054317483285636126e-01 5.690606133184188398e-01 1.842557047976544141e-02 -1.975322262510046945e-01
