1.000000000000000000e+00 1.322475887735216626e-01 2.858066445987590409e-01 -1.085130903885660469e-01 -3.315940211926372144e-02 1.408220522921194429e-01 8.975199122905141991e-02 4.294262476359313185e-03 -1.220872986316552493e-02 -2.661545651317112626e-01 -5.089881479787245616e-02 2.031301422466340878e-01 1.161067879186632040e-01 -3.054397879839606481e-03 -1.206404107628625683e-01 2.805191426430244661e-01 1.369846206676859079e-01 -4.161115949871130489e-03 7.101111698725430521e-02 5.887903814550753123e-02 -4.105732167157263163e-02 1.232265734331397106e-01 2.075308204305336638e-03 1.514666295858383416e-01 3.196031554774717010e-01 -2.533160636384354167e-02 2.892998728643622064e-01 2.884287866276740719e-01 2.138837243916581476e-01 -1.282593899043993346e-01 -1.097499224090869863e-01 3.251546938286559163e-01 9.017936029589095071e-02 6.417759422751011245e-02 1.338470059198836049e-01 -6.853915771023470771e-02 1.781388153281830422e-01 2.048877400042594110e-01 -8.217306023343869115e-02 1.293424012716526406e-01 1.175560681246775874e-01 1.361972714881542479e-01 8.122409723151623184e-02 4.679560328661440394e-02 -8.137784583623572376e-02 6.118297903625637135e-02 9.934368652960889196e-03 6.550755577458494683e-02 7.538313526879408810e-02 1.349191041344119033e-02 6.546726790076401459e-01 2.469177482526327128e-01 3.654899477724934259e-02 -8.625017675424898056e-02 1.107614168341907041e-01 3.100935825026909232e-01 -5.613426887794382286e-02 5.189633882722326230e-02 -1.173815686200824493e-01 3.889239572140627543e-01 2.698725032757121056e-01 1.622149406437795038e-01 2.047532702494283749e-02 3.063611394683264655e-02 -1.548366235229095382e-02 -7.455026890076517365e-02 7.216864810451163736e-02 1.020516724966296918e-01 9.613542751987525295e-03 5.617082220776840884e-02 8.298443923303385969e-03 5.522514574532341736e-02 7.956632281209295374e-03 -2.541583219105261193e-01 1.984170808802242780e-01 2.510628453154343798e-01 2.363382344937303980e-01 2.137915368589762485e-02 3.111516335200140843e-02 4.590874736680818080e-02 6.840268486241825319e-02 7.187179232068230395e-02 -7.013230973082240638e-02 -1.164455847058901974e-03 1.354580731807560612e-01 1.539622266624222739e-02 1.203785145340994789e-01 2.647652146053821043e-01 4.321667613491975146e-02 3.036471509758817411e-02 5.215496936166980763e-02 4.928602261341930579e-01 1.407605283295289278e-01 1.209042934622293619e-01 2.156630172937019085e-01 -2.130661432776548639e-02 7.370062757395377806e-02 4.221776699684949563e-02 1.395292319511931556e-01 -6.655102481177707641e-02
1.322475887735216626e-01 1.000000000000000000e+00 5.112189305195039557e-01 3.790989178451884684e-02 6.301472405566799218e-01 5.084688285139905561e-01 1.920237319460920133e-01 3.687076830343921641e-01 3.584064141077518140e-01 3.196779436016062431e-02 -1.547573735226298042e-01 -1.218276563844115923e-02 1.595586973066308589e-01 1.644615143643350652e-01 8.673189400685082928e-02 3.209982079777323194e-01 1.317187828096611502e-01 1.027126771584978143e-01 1.361961122328452511e-01 8.377598580825361407e-02 1.706558330384555788e-01 1.167299092946918471e-01 1.411753062829413929e-01 7.769033839924160967e-02 1.158248190544237388e-01 -3.552127733282343242e-03 7.900310649091346615e-02 -1.117144801904540463e-01 1.598088976123523131e-01 4.537539615802616694e-02 2.777205611790013046e-02 -3.318205898102775941e-02 -1.001954772741747157e-01 7.081924389093581518e-02 5.514305936228592470e-02 1.613590073611833112e-02 1.855427351896324351e-01 1.367535316448898197e-01 1.317486765519763348e-01 1.404083762985943451e-01 3.291907258766382793e-02 -5.251444170962372288e-02 -3.949886122293043422e-02 -3.548140822517040216e-02 -2.947358244583934278e-02 2.744937719239706059e-02 1.621583954954874396e-01 1.697869160978393854e-01 2.956655634320596304e-01 1.581790004667540939e-02 2.110377836782499350e-01 7.035901604944098109e-01 1.516496223735848761e-02 5.218483011026244650e-02 5.235468736070640894e-01 4.057546876488723475e-01 2.661817143551190590e-01 4.178570129652047771e-01 1.138430482477647970e-01 3.602012773916674071e-02 1.435272792735801939e-02 7.930096771003465606e-02 1.171573685648043817e-01 1.259691543107535061e-01 1.333672822610797726e-01 9.738708924247023446e-02 1.470100599864745672e-01 1.327802407490780989e-01 1.242361597670692402e-01 1.281563528328212853e-01 1.297911623958339089e-01 9.562976265001017773e-02 1.496330822113389192e-01 -1.130988798518202804e-01 1.260911994057693775e-01 1.233629270950200724e-01 1.586762940243286457e-01 1.343231659559120661e-01 6.518396704247428342e-02 -1.335675662118365192e-01 8.218174832497505966e-02 1.313363654573479478e-01 1.562151394715346163e-02 4.340135415931246909e-02 1.535982530716109296e-01 1.754267079801581086e-01 2.355732783524112361e-01 -8.618187051462959658e-02 4.165602304713045267e-02 9.887704311423002601e-02 -5.937539375205190539e-02 2.510013100539999487e-01 -8.851073325461560060e-02 -9.990356484318445307e-02 1.040386238171221028e-01 -2.611156763258674560e-02 5.920327496679434615e-02 1.849216105649124364e-01 2.543374492070199500e-01 -1.844340396870350340e-02
2.858066445987590409e-01 5.112189305195039557e-01 1.000000000000000000e+00 -5.327579851580759307e-01 3.390052077539337794e-01 7.129495745033571641e-01 3.760401097991297736e-01 4.327008397716852195e-01 4.245187556291126207e-01 -2.115549405324496091e-01 3.956417888287971224e-02 3.470556426330462241e-01 4.179530305421557124e-01 4.849623471354815862e-01 3.734360232572154770e-01 1.858707261776372799e-01 4.243232744133358936e-01 3.436548395858578520e-01 4.216819617005025389e-01 3.957870452181946885e-01 4.256251310442019653e-01 4.238794043349090046e-01 4.577324592890223420e-01 3.140303575314462026e-01 1.381601231409112229e-01 1.773098602494042608e-01 4.057279749527575308e-01 3.614552042415563604e-01 5.594359078791730777e-01 4.281514529281899573e-01 -2.308655284980564437e-01 -4.403364457015918748e-02 -3.668274807658729597e-01 4.502249095041454541e-01 2.665128729383575701e-01 2.065114214103070944e-01 4.463148393685463233e-01 -1.829040257501760580e-01 1.178077013455536108e-02 1.955754301194166933e-01 3.530977769720136106e-01 2.786930915330872519e-02 3.384698384881982824e-01 -9.544595115527562679e-02 -1.662816627436830563e-01 4.104228485130623216e-01 4.461479030962845482e-01 4.671591558960239698e-01 4.271152443579580016e-01 2.235666766072984535e-01 2.852096920443959460e-01 6.025308945177250131e-01 -3.743604925934397309e-01 -4.015367977097331065e-01 6.087611671171631045e-01 7.350153055987788120e-01 2.169949905287613390e-01 5.318794560270315719e-01 -1.212524772573520121e-01 4.290553097817750294e-01 3.864321879353196376e-01 3.660761364785357630e-01 5.566413706799895333e-01 4.963876478751656496e-01 3.707770850588336109e-01 4.274015650155427171e-01 1.203835186656290746e-01 4.733422270547038568e-01 4.662343544924682504e-01 4.885320437843855834e-01 4.221933439565203061e-01 3.654128321262730683e-01 4.930478822861520394e-01 -7.774054734223179164e-02 4.136721421208488514e-01 2.641209906066893653e-01 5.287105589478870993e-01 5.206740536012105514e-01 -3.093998177825484364e-01 -2.057172925241429196e-01 3.821616300911306330e-01 3.858012303286257882e-01 -1.894857076699092979e-01 1.372776763838876868e-01 4.418291500048834863e-01 5.235133459658189992e-01 4.136029250904050270e-01 2.312627104287095225e-01 2.633481347622396163e-01 2.594959532376170386e-01 -4.071849534159692752e-01 3.410960919213895659e-01 -1.074112157582907678e-01 6.521397141879727022e-02 4.444450080253583013e-01 -1.964534820891475630e-01 4.266558978262164348e-01 4.968759361546959963e-01 3.607058776443577419e-01 1.444810520253375086e-01
-1.085130903885660469e-01 3.790989178451884684e-02 -5.327579851580759307e-01 1.000000000000000000e+00 2.569726110636679772e-01 -2.884894230222703193e-01 -2.624277787041607857e-01 -1.619446172841463860e-01 -1.740474827216898779e-01 6.329193691212539608e-02 -2.460363829294253402e-01 -2.768154291873655137e-01 -4.173655892083869556e-01 -4.689366471091129251e-01 -3.721823272772663005e-01 4.613458301321556737e-02 -3.835343864688813276e-01 -2.401470230252619187e-01 -3.259332618372385859e-01 -4.031531538284931493e-01 -3.720048382057314917e-01 -4.501071953832102013e-01 -4.715726606959955713e-01 -2.733180564739311480e-01 -1.296106994050087169e-01 -2.452399450048944052e-01 -4.479565693372122848e-01 -4.281918112110106867e-01 -5.177455979925515983e-01 -4.724036991079843539e-01 3.737220892766919267e-01 1.673916745614671964e-01 4.894905582483774498e-01 -4.943198262801516973e-01 -3.154462394113294876e-01 -1.973124451164236792e-01 -3.752658122077392466e-01 3.898136608140576609e-01 3.793500799831284881e-02 -2.350332661635465004e-01 -4.216820642673736463e-01 -1.867391968725672091e-01 -4.012047593482067076e-01 1.397575307226701369e-01 1.773431382567354150e-02 -5.678262246646431644e-01 -4.874072475550346173e-01 -4.511657136762173836e-01 -1.871208275864787718e-01 -2.474771281292044156e-01 -5.010456303536486161e-02 -1.167448159270689373e-01 6.574286296745410763e-01 7.639833667494208003e-01 -2.263146130289875879e-01 -3.396872321974584441e-01 -1.060898149524401243e-02 -2.883474729000716219e-01 5.582656300841958713e-02 -3.717126918031961602e-01 -2.943648794170504734e-01 -4.246588697275042734e-01 -5.516375981094233660e-01 -5.261954938283300853e-01 -3.212083692206501029e-01 -4.206165482740765738e-01 -4.583259674203467304e-02 -4.540341385808364660e-01 -4.536452464589756373e-01 -4.214497156572243886e-01 -3.852713561515339058e-01 -4.693407277987833304e-01 -5.106043246037439420e-01 -9.729120169487751046e-02 -4.312442307073659498e-01 -2.648419548014289693e-01 -4.839704391920180981e-01 -5.418563989691863592e-01 4.492253473293058019e-01 3.275216555498238202e-01 -4.368004436253853928e-01 -3.808338548079773234e-01 1.372127827702807057e-01 -2.781781276738565789e-01 -4.972196265828366935e-01 -5.486826455105833222e-01 -3.669990442370433259e-01 -3.640577109029775604e-01 -2.338466764907473350e-01 -2.770277029353679366e-01 5.592700534870992390e-01 -1.341365648174600300e-01 1.561633324025414049e-01 -2.397374329881566124e-01 -4.450198684567610030e-01 1.765611506139593556e-01 -5.417561411897605650e-01 -5.121139732584286675e-01 -1.013228222939078077e-01 -1.933647065647163821e-01
-3.315940211926372144e-02 6.301472405566799218e-01 3.390052077539337794e-01 2.569726110636679772e-01 1.000000000000000000e+00 4.360583234666221553e-01 1.952169846466642877e-01 3.817561281622678937e-01 3.783089904599105102e-01 -1.998300858508099132e-01 -2.129021379346398846e-01 2.169261480456294994e-02 3.471664419866807294e-02 1.367697413847981935e-02 -7.255248342886404765e-03 1.604239777926354804e-01 -3.078664717322912234e-02 4.936042510870851385e-02 7.270305485101878629e-02 1.980077043242270060e-02 8.190002273721726234e-02 1.176050022083993153e-02 -1.504229653600334081e-02 -1.409512646996780201e-02 -1.955401969940430973e-01 -2.026265780879519529e-01 -2.661835567482937620e-02 -7.677633216254906023e-02 2.870644226151354214e-02 1.728845039994560476e-02 2.186129286082644507e-01 -1.201576494499638770e-01 5.212517283815428643e-02 1.858747601514679909e-02 -4.876035570160767996e-02 -4.733484946854737280e-02 1.948442865546173575e-01 3.820203121548959579e-02 1.697028987625317231e-01 -1.661643853799766798e-02 4.930689284573994136e-02 -2.000912257147678952e-01 -1.184841327497458859e-02 3.619950702731715431e-02 -5.392442388053994215e-03 -5.316835569867144062e-02 4.619499260892902942e-02 6.135737482412256805e-02 2.016073180261609976e-01 1.092531535944824689e-01 4.386994162850972601e-02 6.035664146486940940e-01 1.385965899967554482e-01 3.600250978196673501e-01 5.979276877949101232e-01 3.765176339409113115e-01 3.197040740554839000e-01 4.524873924242890921e-01 -1.974224063841930610e-01 -1.542762065460798887e-02 1.163604249167854952e-02 6.689071119215450438e-03 6.027532078170805968e-02 1.037732896568708055e-02 6.360153042607435969e-02 1.431300161840424155e-02 1.277106143615301947e-01 8.048363947619861791e-02 6.497926209170730438e-02 1.456006157673314927e-01 5.289270703511716326e-02 -6.447154001118088340e-02 -2.702979791028776654e-03 -3.010751216287758103e-01 -5.561561087777493195e-02 -1.541115219391669122e-01 -6.369998658297104308e-03 -6.012727721095838251e-02 3.240599508351992702e-02 -1.395526493723771577e-01 -3.860916547139964933e-02 1.301009505791398679e-01 -7.962044748168221886e-02 -8.668838309658838392e-02 -3.040880811554853846e-02 2.005765006311290358e-02 7.936464931907825926e-02 -2.151348183173827644e-01 5.427602373645040376e-03 6.589435138123438118e-02 -1.531543153071445937e-02 -4.708995032770620093e-02 -8.540124717329403148e-02 -1.490642634691833890e-01 6.240999876924616108e-02 -2.997160309784926285e-02 -2.738803991134718813e-02 3.067416256484842632e-02 2.400960349420757645e-01 7.432757685198053410e-02
1.408220522921194429e-01 5.084688285139905561e-01 7.129495745033571641e-01 -2.884894230222703193e-01 4.360583234666221553e-01 1.000000000000000000e+00 4.343494459517335260e-01 6.823137377393204694e-01 7.189054252583834126e-01 1.460739786179643222e-02 -6.565216940616859509e-02 1.635786869237298713e-01 2.995769262217456985e-01 2.995533204661388615e-01 2.137560913404831786e-01 3.893294346548750728e-01 3.820213118421307286e-01 4.164721439260417601e-01 3.827585314727178778e-01 2.416879090573410827e-01 3.132390677121807410e-01 2.704106676208885562e-01 2.913136057898270126e-01 2.472623986865986612e-01 1.517543179267654696e-01 1.496852478726699021e-01 1.560738712990122901e-01 1.606332291415624863e-02 4.024337073257769903e-01 2.147277169446650535e-01 -2.930709988198773597e-01 -4.950528899472975836e-02 -2.943363447512032938e-01 3.076111649582727869e-01 7.978507709655469071e-02 7.433379108128351787e-02 2.654466192359542509e-01 -7.631101488084518492e-02 6.273447029859494095e-02 2.303417304476124972e-01 2.066258811332357115e-01 -7.444262415697035923e-03 1.396498237999654890e-01 -2.417839944427925269e-01 -2.137544784280363264e-01 1.044802206595948635e-01 2.305818987665201603e-01 2.292217857295074379e-01 5.645223406342815275e-01 1.748125452950854419e-01 2.090978584598414125e-01 4.830222862447680066e-01 -1.276238079669509140e-01 -2.250465009550774165e-01 6.553232896465260859e-01 8.169727175280806497e-01 4.649918358327356227e-01 7.202314968863237077e-01 9.425131960002028353e-02 2.164084729559717923e-01 1.988406272579786860e-01 2.473166725540437705e-01 4.510526099674087575e-01 3.176204118405972499e-01 3.252954077772834407e-01 2.623770932542548451e-01 1.762610810718913679e-01 4.570882310827430461e-01 4.371311740445668614e-01 4.665306303882848504e-01 3.323699582218478388e-01 3.093994194089222383e-01 3.618644217023953003e-01 4.840364880664187880e-02 3.901437666674358318e-01 2.272940847755702543e-01 3.852850950944108344e-01 2.953645603866878466e-01 -3.112428593945211763e-01 -1.028793951047502070e-01 3.389058483948475531e-01 2.454158505742882468e-01 -1.972674917319771348e-01 5.886439124435845216e-02 1.960962515857881949e-01 3.333149941774092295e-01 2.692706530055735126e-01 -7.430804897491331829e-02 1.971255484855272411e-01 1.997729689929080843e-01 -2.777640731833062593e-01 2.802946603747501486e-01 -6.952998988352063550e-03 -6.666681164779257596e-02 2.074928814262073928e-01 -2.946554500485312200e-01 1.031585400350719245e-01 2.432241485853832985e-01 5.899434791652600207e-01 1.265837655681187612e-01
8.975199122905141991e-02 1.920237319460920133e-01 3.760401097991297736e-01 -2.624277787041607857e-01 1.952169846466642877e-01 4.343494459517335260e-01 1.000000000000000000e+00 4.512387132589675276e-01 3.934402476966342155e-01 2.181929946365741141e-02 1.260440445862683889e-01 -2.357331955323748590e-02 3.623224555737319386e-01 2.138723054987609340e-01 6.823743562650182171e-02 2.074125184653716480e-01 1.515950862904046625e-01 2.467179272006126134e-01 2.371976036917619879e-01 3.095174217772686531e-01 1.147457837188872593e-01 2.748152411101167925e-01 1.726271244088429802e-01 -8.930715502243931000e-03 -3.982981377977994758e-02 -1.036834521347579363e-02 2.494557181748709163e-01 7.335010711991311882e-02 2.696258100824777126e-01 1.150198946329840100e-01 -1.777751315108663521e-01 -1.049609472917812647e-01 -2.162453785712011856e-01 3.218448777503152836e-01 1.087331718195085062e-01 1.195231707288443856e-01 4.052094103514234935e-01 -1.328823391489411185e-02 1.750821624952801914e-01 4.228571371121975231e-01 5.138443553837861444e-01 4.594495857932454769e-02 2.985244268969948211e-01 7.850518221965702148e-02 1.799349201582977134e-02 3.241625565139254483e-01 3.236160508912052647e-01 3.211226382885847275e-01 5.226078091171365569e-01 5.581331059263326955e-01 1.409613528557001616e-01 3.046655415541685286e-01 -2.388550421119030043e-01 -2.643864601879604148e-01 4.307505444916474024e-01 3.824433661111302785e-01 3.890962042720579328e-01 4.714433149995666539e-01 -1.001317951790089283e-02 1.297602275441336050e-01 1.829435069508742601e-02 2.725739368568895205e-01 2.957001347248759959e-01 2.017966463670775312e-01 1.628995391201207288e-01 8.113720206722907502e-02 4.796222334159956358e-01 3.480555292290737901e-01 2.253542301643841061e-01 3.051408281280060808e-01 1.276792607996166118e-01 2.226646440807138194e-01 1.902220077954248911e-01 5.343905325982021420e-02 1.580930991095519100e-01 -7.864876891578709284e-02 2.280077266221749166e-01 9.545145755335381066e-02 -2.277532322513247109e-01 -9.060032507984804029e-02 1.038913562578178962e-01 2.633413620877904648e-01 -2.644790562336000739e-01 1.999661038659968082e-02 8.021276938716302707e-02 2.703710897164607330e-01 2.715788526542775583e-01 -7.133932257991399892e-03 2.711875454251094775e-01 3.187913022881217473e-01 -3.116182850414107586e-01 1.203396585398570778e-01 -2.472680334633080568e-01 -4.894951642109405393e-02 1.525414566412733319e-01 1.287090615304287422e-01 2.994935069546527662e-01 2.723536165725904401e-01 4.467785995238643948e-01 5.168126064276301612e-01
4.294262476359313185e-03 3.687076830343921641e-01 4.327008397716852195e-01 -1.619446172841463860e-01 3.817561281622678937e-01 6.823137377393204694e-01 4.512387132589675276e-01 1.000000000000000000e+00 6.890008474394435645e-01 1.903019209160146732e-02 -5.723544426305892524e-02 1.425968956816990874e-01 1.779469447520104497e-01 1.832654991793031263e-01 1.682056784753546419e-01 4.700053648108181159e-01 2.971262189137688914e-01 5.051428530019402841e-01 2.860919368129097307e-01 1.713417335336940850e-01 2.736624276895486818e-01 5.393668134084028676e-02 1.821710706246883749e-01 2.158636731825070154e-01 9.636520084682524689e-02 8.955766965704425875e-02 -4.982681218004023777e-02 -6.150905450955133913e-02 2.963519218751034523e-01 1.157608290775609949e-01 -3.147868647013865040e-01 -1.765854431128934324e-02 -1.808536837689267707e-01 2.198524565604335623e-01 -1.745822860574877955e-01 -1.878004690974694607e-02 1.139497070595869715e-01 -6.557947388246762599e-02 1.279136101501182343e-01 1.673414867500868375e-01 1.281880265535926267e-01 1.681298052586350025e-02 -5.192248051459994254e-03 -3.266945716436804870e-01 -2.166814328581913862e-01 -5.482102956892025147e-02 8.596835474149362721e-02 1.841776771831669240e-02 3.393994491135128855e-01 8.095971841233981503e-02 1.955435325163722426e-01 3.354074777639045601e-01 4.172183200968913180e-02 -1.980402694191824575e-01 4.755636748844895845e-01 6.428460220098057842e-01 5.699388369899310858e-01 6.974226092333550842e-01 3.261142711813154460e-02 8.353547288473392451e-02 1.096422845062977047e-01 1.056624156834526235e-01 3.383275442340459294e-01 1.847390520267929714e-01 2.780584018688166958e-01 1.680679634982859272e-01 3.888605935293570903e-02 3.562928159071243051e-01 3.864493171174849806e-01 4.819207288994992733e-01 3.111116106762049083e-01 1.973869841603796138e-01 2.350347999734480609e-01 5.806877742380587432e-02 2.493083989055935590e-01 1.658714818663054591e-01 2.977952232960761059e-01 1.401304735486116892e-01 -2.979677533092177089e-01 4.131962957218114976e-03 3.008032797965995986e-01 1.741730924229581423e-01 -1.968549087985584922e-01 -4.599455947823613555e-02 3.850972583435907648e-02 1.784636281974817107e-01 2.025136712900274805e-01 -7.304657187487312298e-02 1.831057347811354818e-01 1.841174775931590790e-01 -1.421566820632728934e-01 1.195447302760109382e-01 -7.296168617165223885e-03 3.214586697845545765e-02 1.144636531182330885e-01 -3.566911535800947330e-01 -5.799821524932211730e-02 6.176267588547987991e-02 4.361548573353244973e-01 1.016141923080456921e-01
-1.220872986316552493e-02 3.584064141077518140e-01 4.245187556291126207e-01 -1.740474827216898779e-01 3.783089904599105102e-01 7.189054252583834126e-01 3.934402476966342155e-01 6.890008474394435645e-01 1.000000000000000000e+00 1.367621001278983561e-01 -3.845597587638279607e-02 4.427768420706841221e-03 2.523262146909435732e-01 6.845006888576081472e-02 -3.171485169384492819e-02 2.954149946175063102e-01 2.690999092251619151e-01 2.417188013341882991e-01 1.813755078087390948e-01 9.271759636959141238e-02 1.255175768959508054e-01 1.595474376923218807e-01 4.076942967147596797e-02 7.885386902562395439e-02 4.545151932281928792e-02 5.814101262187320457e-02 -5.978644781091938670e-02 -8.377477212248260474e-02 3.125351681597478559e-01 1.250869578700475500e-02 -1.505914511536155520e-01 -2.024701176147125636e-01 -2.705064968393762204e-01 2.781595485265846435e-01 1.699315750053763743e-03 -1.744509584826545168e-01 1.603462483271182459e-01 -9.448336982680892449e-02 7.916488397994328463e-02 1.830122251446752168e-01 1.890130255196899867e-01 -8.299579483508695565e-02 1.054677530569419208e-01 -2.891307979719049959e-01 -7.784745010971169665e-02 -2.553415173457361520e-02 4.027637629691596666e-02 1.543076947250529053e-02 3.954626383875315399e-01 8.195966376370181217e-02 1.184452024395220848e-01 3.323960189577964686e-01 -5.333230052268760069e-02 -1.935358891977182194e-01 6.138085140226058334e-01 6.572709390458963963e-01 6.100690807264631532e-01 7.897226954598018933e-01 1.154130208491027793e-01 4.925606937725813400e-02 1.464653794995160983e-02 2.619178610354984116e-01 3.311777301556083075e-01 1.584199802964111337e-01 1.779041320935908221e-01 2.289713263262515772e-02 2.169009414823140358e-01 3.837536258791497956e-01 3.491363798713797983e-01 3.077084799774674195e-01 1.680317653833489910e-01 3.061600635637376500e-01 1.614852145844180298e-01 -1.332349630295492221e-02 2.418569928912552014e-01 1.218698897913223778e-01 2.769949155428466647e-01 7.749200391355660911e-02 -3.149025081106467394e-01 -1.656409117654988050e-01 2.398476648352108886e-01 2.789260318520742632e-01 -1.222417196036620357e-01 1.114985337096272011e-01 9.256437326396628473e-02 1.920951128351965354e-01 1.922190993679687154e-01 -1.576811522952930311e-01 4.217153440993193225e-02 2.737650552844755336e-01 -2.302209138832724267e-01 9.457696955332399458e-02 -1.331545989547842090e-01 -8.882597933519639777e-02 1.774326789470946630e-01 -3.444337072865026883e-01 -2.847138716938168307e-02 4.542898852437952939e-02 4.594678573478201966e-01 3.499795888923547260e-02
-2.661545651317112626e-01 3.196779436016062431e-02 -2.115549405324496091e-01 6.329193691212539608e-02 -1.998300858508099132e-01 1.460739786179643222e-02 2.181929946365741141e-02 1.903019209160146732e-02 1.367621001278983561e-01 1.000000000000000000e+00 3.952833231839927852e-01 -2.077818969930220194e-01 1.259404940025562192e-01 -1.963986142787526312e-01 -2.012039322122534668e-01 2.694915853573607092e-02 3.941530728956676999e-02 -1.577817936920169473e-01 -2.083951547266801041e-01 -3.583205943035075447e-01 -2.775540007983238189e-01 2.347745449701524323e-02 -2.060416869921444516e-01 -1.167526048774601699e-01 4.335669487606404471e-01 3.955943701797939860e-01 -2.358469990413446515e-01 -3.776573307826838199e-01 -2.499156378480797414e-01 -2.572088502874698146e-01 -1.213480011506535283e-01 -8.154416317663239211e-02 -9.063488728315766130e-02 -2.278374034878085097e-01 1.996088305587180242e-02 -2.146965500237142388e-01 -3.845527468408886929e-01 1.905758686946160130e-01 1.524679484748643066e-01 2.859320807989639279e-01 -2.063407530826327774e-01 3.573885124851548523e-01 -8.442377254568174394e-02 -8.351933703130809405e-02 1.944042234817568993e-01 -2.518229322195953412e-01 -2.076469173002738200e-01 -2.505927087434881573e-01 7.471342239022676912e-02 -2.138000923689014343e-01 -1.940096537768496443e-01 -2.666004814636505071e-01 4.233895637045382437e-02 -2.029612834398752674e-01 -1.178204655087807667e-01 -8.403178735338411032e-02 2.683760921833856505e-01 4.399162722919879032e-02 8.090204893438004419e-01 -1.471317928789193374e-01 -1.783708481918609978e-01 4.944783365248878876e-02 -1.764438176677483872e-01 -2.207872306916599248e-01 -1.404348600912951606e-01 -2.266285905896402164e-01 1.750466877272083555e-01 -1.359997380913816889e-01 -1.741605452853352554e-01 -3.904688370501330219e-01 -3.180957019391587037e-01 2.134031865913129655e-01 -2.108974350746242454e-01 6.266961018626799884e-01 1.663517897731577044e-01 3.277507897336583431e-01 -2.094279217237480784e-01 -1.518959367042145847e-01 3.562078545118990691e-02 -5.415201115897051200e-03 -1.096242304907346426e-03 -2.574695674917789057e-01 2.654478269354219044e-01 2.263294975964942890e-01 -1.507420163714570382e-01 -1.775409101747817409e-01 -1.325583619929683044e-01 -1.015928807110148130e-01 -2.741963777252127699e-01 1.952703456712270511e-02 -6.053557800623061112e-03 4.771734076714675976e-02 1.834395977067798389e-01 3.067859084961328114e-02 -9.748308373964865992e-02 5.095257941443992467e-02 -2.970175839796002082e-01 -2.584825432685816105e-01 -1.425452846546175836e-02 -1.524559722922476657e-01
-5.089881479787245616e-02 -1.547573735226298042e-01 3.956417888287971224e-02 -2.460363829294253402e-01 -2.129021379346398846e-01 -6.565216940616859509e-02 1.260440445862683889e-01 -5.723544426305892524e-02 -3.845597587638279607e-02 3.952833231839927852e-01 1.000000000000000000e+00 2.236024910309827030e-01 4.236740240635842314e-01 4.558775916906405296e-02 4.161622331536302816e-02 -1.810795757275978080e-01 1.012027419495522551e-01 -1.086958164840404473e-01 -1.207569752883233677e-01 -7.889432876824400975e-02 -1.003223443155570188e-01 2.937874456654642197e-01 -2.214808405738824884e-02 7.091911871869115147e-02 9.719380218031739571e-02 4.476173675366281746e-01 8.609818229605500917e-02 2.349940020251879702e-01 5.029739666882670698e-03 3.605108752075606576e-02 -1.734085241644993391e-01 -1.102508237337416069e-01 -1.565682879113858839e-01 1.672307493930019762e-02 2.534732285746768565e-01 3.870759974783685720e-02 -6.913259318357276029e-02 -7.298953575429650842e-02 5.968067218598477330e-02 1.318104952429303700e-01 1.477225466625655403e-01 1.696306315017877264e-01 2.532020283832959739e-01 -5.762206524205543134e-02 1.476748055018091421e-01 6.357498782305254226e-02 2.616257571285262803e-02 -1.927626361676290645e-02 6.391993732176358932e-03 5.375338919944510491e-02 -6.115942533618802524e-02 -1.466351136332553762e-01 -2.641392362050394294e-01 -3.792066816774019022e-01 6.093940890603129906e-02 1.174153347196546862e-02 1.262988615091233668e-01 1.000375704533790731e-02 2.264666927873564550e-01 2.532005839423346338e-01 7.149165485188863078e-02 3.256378213330036742e-01 5.025816120104379531e-02 4.740017959140985226e-02 -8.572311791105969789e-03 2.402040608464713273e-04 1.757464489778737260e-01 -5.540982937884402632e-02 1.509116479861335146e-03 -1.225294498588469227e-01 -1.217731951369701859e-01 4.100133016313506351e-01 -5.771877285069096364e-02 3.473676092805367821e-01 2.523755855574955076e-01 1.647256771803420061e-01 2.257893248278666689e-03 3.997928353925632450e-02 -1.689702740148288085e-01 -4.677149451956174459e-02 1.376336502514529381e-01 4.279848959768200317e-02 1.065174260382119598e-01 4.018207670855173386e-01 1.043509273318437708e-01 -1.563943422695226321e-02 1.179180383542865508e-02 3.314351649907811281e-01 2.629408271495299945e-02 1.960461506213917460e-01 -2.193715921250287970e-01 -5.990543784076869660e-02 5.180973173086027977e-02 9.002909245359949630e-02 2.369436485709118245e-01 2.824398107258280222e-02 8.876700168826895995e-04 -9.853393608521469980e-04 -1.187327256717014973e-01 9.505228104502898290e-02
2.031301422466340878e-01 -1.218276563844115923e-02 3.470556426330462241e-01 -2.768154291873655137e-01 2.169261480456294994e-02 1.635786869237298713e-01 -2.357331955323748590e-02 1.425968956816990874e-01 4.427768420706841221e-03 -2.077818969930220194e-01 2.236024910309827030e-01 1.000000000000000000e+00 3.568819763324073691e-01 3.801996579731691805e-01 4.162386523082274858e-01 7.075068331552207546e-02 4.742963435120512994e-01 2.667695807114554007e-01 3.387709912894282804e-01 3.153955749889276183e-01 4.163227553763016453e-01 2.155352920078681123e-01 4.031492944350425489e-01 5.805883133330634882e-01 1.424811087479253002e-01 3.533563600360685730e-01 9.956945713290557554e-02 3.007980805438724703e-01 3.674706206082421489e-01 3.632084575350337241e-01 -1.518513721462801114e-01 1.888584880842638855e-02 -1.927696250049561466e-01 2.155963918671209845e-01 -4.973179285965312335e-02 1.697238873080347266e-01 1.235717003535204694e-01 -2.681909005258721890e-01 -8.707510807713750300e-02 1.478909884091175186e-01 1.779036007694884403e-01 -9.393318016728633563e-03 2.140753283724753930e-01 -1.646459150295191964e-01 -2.121734456379754385e-01 9.058021446851731440e-02 2.084999736953081217e-01 1.854279338343256256e-01 6.143475074528381014e-02 4.166710347265149827e-02 1.550705412556353524e-01 1.216227315372874623e-01 -1.431525930811970715e-01 -1.354677296515914564e-01 8.680194056011096559e-02 3.135081968701966537e-01 -1.409427761659911849e-01 4.829978111940171764e-02 -2.458294803966155073e-01 7.383674113659924876e-01 7.407148113043924287e-01 3.498654458711411563e-01 3.903126857393742766e-01 3.587195243485175045e-01 4.067712137222992408e-01 4.148824068399157294e-01 -1.364027569933164152e-01 2.720905669541737737e-01 3.130978533389423002e-01 3.901138775969205663e-01 4.526230309779947780e-01 2.910787119759321029e-01 3.550007808156632194e-01 2.471755202051859057e-02 5.349601663898339021e-01 3.070905903858824337e-01 3.653379977334896833e-01 3.436227110468579315e-01 -3.287932085970736718e-01 -5.638144258517556635e-03 3.484303171099211727e-01 1.803327274936140090e-01 -2.539660358234503978e-01 4.638230271663163450e-03 1.736887271472904171e-01 2.836225901673977701e-01 1.631597237415811086e-01 1.440048129639007746e-01 2.408970643635797160e-01 1.201507686182540363e-01 -2.095500421517155765e-01 6.403726313539814807e-02 5.491250825915029721e-02 1.109994684198156167e-01 4.999054516403702020e-01 -2.769211331461887693e-01 9.943166930976922446e-02 2.313544341222592005e-01 1.199802904889018668e-01 3.625448556711561438e-02
1.161067879186632040e-01 1.595586973066308589e-01 4.179530305421557124e-01 -4.173655892083869556e-01 3.471664419866807294e-02 2.995769262217456985e-01 3.623224555737319386e-01 1.779469447520104497e-01 2.523262146909435732e-01 1.259404940025562192e-01 4.236740240635842314e-01 3.568819763324073691e-01 1.000000000000000000e+00 3.866951533759823700e-01 2.552776257071091015e-01 1.981011051266320239e-02 5.772459194616715861e-01 9.768831943981597099e-02 3.174127074997295517e-01 2.932440031587353890e-01 2.525601888101812742e-01 5.846887294682161507e-01 3.565792898900861929e-01 3.696325212061023491e-01 8.629203686399408713e-02 3.756275940571939809e-01 3.047304338096644694e-01 3.066563571875559058e-01 4.946923175791794747e-01 3.097576377516967350e-01 -2.672492304422966480e-01 -1.002900972285287740e-01 -3.233088345298945621e-01 3.564324666616316972e-01 2.047327857702354592e-01 7.782684944234180210e-03 2.823539750172244789e-01 -6.590906706896754175e-02 4.707100403965235047e-02 3.505994207715621980e-01 3.882755669140345867e-01 -2.993248164296091751e-02 3.262947485692884175e-01 -1.225329927027153792e-01 -6.733821539128607286e-03 3.047373432545853467e-01 3.613931918764485829e-01 3.333984436016713682e-01 3.152668665972869211e-01 2.431570487895329258e-01 2.724043653370788673e-02 1.940347003381191759e-01 -3.579667760240924368e-01 -4.311869912096901181e-01 3.310272324167466973e-01 3.789732402422547053e-01 1.724407397078298598e-01 3.169244753953318061e-01 9.170650778281808080e-02 3.880463970621652048e-01 2.976305496279518237e-01 7.743086080117513870e-01 5.850170644564179900e-01 4.152370723171132649e-01 3.200484405070856408e-01 2.956614652838353563e-01 2.760368941478997806e-01 4.658393005255858643e-01 4.038932796357365129e-01 2.804218383318383689e-01 2.715430727260013666e-01 5.947833107166424771e-01 3.745312368357223698e-01 1.629943100506957010e-01 5.524605674281549694e-01 1.810303494196960072e-01 4.852816205675959949e-01 4.005573851709034461e-01 -3.815651878208751735e-01 -1.216367148587534086e-01 4.200708464083863780e-01 3.729848108875358781e-01 -1.968098555606491440e-01 2.780185201240809034e-01 3.564280387918907222e-01 4.674122101328269663e-01 3.477642032572401121e-01 2.101201320527185390e-01 1.751707837011451385e-01 3.484139660131445604e-01 -3.697262175383679295e-01 1.838795153749391287e-01 -6.951412915711895069e-02 -9.352553116628163632e-02 3.766775867811435474e-01 -1.302993924185437413e-01 2.984977679647131676e-01 3.734294283690041683e-01 2.043782653348564238e-01 2.111239364782231953e-01
-3.054397879839606481e-03 1.644615143643350652e-01 4.849623471354815862e-01 -4.689366471091129251e-01 1.367697413847981935e-02 2.995533204661388615e-01 2.138723054987609340e-01 1.832654991793031263e-01 6.845006888576081472e-02 -1.963986142787526312e-01 4.558775916906405296e-02 3.801996579731691805e-01 3.866951533759823700e-01 1.000000000000000000e+00 8.557537116352047502e-01 -6.176772913039504237e-02 4.612748951824421351e-01 3.718835342340052752e-01 6.477643767204941394e-01 6.990679317992384290e-01 8.422653360853407101e-01 4.413579376242117158e-01 8.609276197503938910e-01 3.588190992606927199e-01 8.693633656504627660e-02 2.148614867632853143e-01 3.308518869951860841e-01 2.645737988825089260e-01 6.050179731840871211e-01 8.178956048151766467e-01 -2.653728682833169095e-01 6.517308010178268773e-02 -2.857705165215610466e-01 5.756366188323160937e-01 1.940008290867402119e-01 4.114944726907854289e-01 4.735412575713469630e-01 -1.383964139250006276e-01 5.390753971065141703e-02 2.205465410421007244e-01 4.751573962807142393e-01 9.115629412205585036e-02 3.543666033039535312e-01 4.065159473456523165e-04 -2.324122976257116668e-01 5.892294265675172005e-01 7.869448536722734033e-01 7.362834556154520538e-01 3.552499125416678782e-01 4.249406420104389626e-01 -2.277954242182997704e-02 1.810810709507919558e-01 -5.725002934343138561e-01 -4.192540655071146372e-01 2.511161777472534218e-01 2.461882480207512047e-01 -1.804336043936893008e-01 2.184336115150478652e-01 -1.028249717196219049e-01 3.846481225319273722e-01 4.115578927926865083e-01 2.718150421618909518e-01 6.882043826792004770e-01 8.440207961901905476e-01 7.167961123667156986e-01 8.637004397774490361e-01 -9.526920025994380092e-02 5.222940087750376215e-01 5.864059637540274261e-01 6.260629030644370152e-01 7.884880349157450397e-01 2.301492747804832484e-01 8.124072778087242375e-01 -8.986012484526680749e-03 3.368522461552354574e-01 1.692590618486813914e-01 5.580717246016417832e-01 7.491860918097819066e-01 -4.630280921316149989e-01 3.302113654457111691e-02 3.903087526297697729e-01 3.731024875128133300e-01 -3.710144003654413103e-01 -2.937915237392208986e-02 3.346250238295667701e-01 7.081733827204599319e-01 4.471163037415031849e-01 1.380583434341939031e-01 3.606576945957071234e-01 2.099576804492515325e-01 -4.220210710830598622e-01 2.317269019058854629e-01 -1.992953308656822409e-01 1.610997042060773321e-01 3.236198301693204438e-01 -1.335006184512002037e-01 5.574679450496315969e-01 7.226974669482154612e-01 1.372093632392880347e-01 3.540111692716108593e-01
-1.206404107628625683e-01 8.673189400685082928e-02 3.734360232572154770e-01 -3.721823272772663005e-01 -7.255248342886404765e-03 2.137560913404831786e-01 6.823743562650182171e-02 1.682056784753546419e-01 -3.171485169384492819e-02 -2.012039322122534668e-01 4.161622331536302816e-02 4.162386523082274858e-01 2.552776257071091015e-01 8.557537116352047502e-01 1.000000000000000000e+00 -1.050913739991082702e-01 3.628987939334866741e-01 3.984718505818292678e-01 5.685374058117966811e-01 6.535756612139791422e-01 8.711608377509352241e-01 2.644212518013727697e-01 8.323083789368866947e-01 3.625233401586679394e-01 5.517803416975834707e-02 1.957815441178252513e-01 1.844664693236817143e-01 1.793078033261296389e-01 4.828763772524835018e-01 8.377288632015562619e-01 -2.159494270101895708e-01 7.900491318372807048e-02 -1.853910786696634505e-01 4.327752539703612622e-01 7.503911850405291240e-02 4.615818969132524097e-01 3.545497324491588831e-01 -1.543285348205283014e-01 9.242821033085147492e-03 9.287648364884595886e-02 3.188256663611669928e-01 4.336138704164029661e-02 2.631362138337660639e-01 -8.842243169877608139e-03 -2.762346389407711600e-01 4.423934396860351170e-01 6.651975198508699449e-01 6.055856182660542819e-01 2.644675027791427158e-01 3.290902479546309323e-01 -1.229555247507959498e-01 7.554790600169029868e-02 -4.486100535700141001e-01 -3.097503345868105051e-01 1.174896801122397028e-01 1.590013912717940237e-01 -2.176130096974597250e-01 8.368568738615195235e-02 -1.153898995357023338e-01 3.538043257883432546e-01 4.439455391434639075e-01 1.521286314411633422e-01 5.914109515309571297e-01 7.507247459403166845e-01 7.413828421003034741e-01 9.082226970389033482e-01 -1.906572130920396457e-01 4.081088828836192395e-01 5.199471344796832151e-01 6.177667532881322421e-01 7.998427151879722308e-01 1.203537247696495061e-01 7.673271463882049837e-01 2.048884428716022527e-02 2.938585413269069746e-01 1.665516155925693409e-01 4.541209710986786607e-01 7.075602527477365955e-01 -3.747581010516089495e-01 8.217630668780352698e-02 3.335238866981906636e-01 2.759320503537314173e-01 -3.140346771858879005e-01 -9.401698874843550380e-02 2.215852974163347588e-01 6.138150286493259111e-01 3.495421624016983864e-01 4.502349970809338409e-02 3.674660481401890721e-01 1.128200492228399049e-01 -3.080535556127771413e-01 1.581090871132486142e-01 -1.255537895344925048e-01 1.624356494933119344e-01 2.679404666150283498e-01 -1.438452588661273401e-01 4.145048029223778463e-01 6.168053074849165762e-01 7.260719749293358116e-02 2.936386352525995336e-01
