1.000000000000000000e+00 2.017288481407654432e-01 3.604370556865862385e-01 -1.820981072465625572e-01 -3.686739908395787052e-02 2.317400813138023596e-01 3.969116758140945889e-01 1.527651548366445178e-01 7.090443291969271422e-02 3.012382469184028411e-01 1.863633725653807693e-01 2.346449047468284477e-01 8.107887744359021376e-02 -2.468308587613147198e-01 -2.879858262968422178e-01 2.791031742629067613e-01 3.166602516350758290e-02 -3.619189623332198097e-02 -1.579908054766013537e-01 -2.686506932577410051e-02 -2.383197448066997348e-01 3.856604333537255562e-03 -2.069658992252133844e-01 1.541690423371478991e-01 3.936546493070108843e-01 1.584197326121331573e-01 -1.288435846349396223e-02 -1.127107712135423934e-01 4.044912812478656389e-02 -2.750689588003352171e-01 -6.897800471353604523e-02 -7.191586432610934387e-02 -1.680782128123370356e-01 6.103711443106211824e-03 8.527728225846466226e-02 5.877729439635065445e-02 7.921997742988298730e-02 4.600237489535698443e-01 1.109957664499183760e-01 3.112679119750684786e-01 1.984742682092166810e-01 3.659963324230810500e-01 2.397317916273103144e-01 2.296312407917440734e-01 1.650590545915298357e-01 -1.471332371010752871e-01 -1.502553967506710664e-01 -1.898796822726599443e-01 2.270483392452262994e-01 1.871177589037434918e-01 2.936983539507307395e-01 3.263535338288722776e-01 7.895497745247695431e-02 -1.348328064551588545e-01 2.191979452920040650e-01 2.774403665370226424e-01 9.344044323152750353e-02 3.710554991987483758e-02 2.559989100897521186e-01 6.020460729444401804e-02 9.517158734730558900e-02 3.924523430352554187e-02 -1.415654574689651501e-01 -2.854434413872214971e-01 -3.071107925116075554e-01 -2.882150847195018573e-01 2.862978740763658658e-01 -2.430027597592643654e-02 -5.834129025209414121e-02 -1.299907054592920608e-01 -2.175640741614790485e-01 1.796195118504022581e-01 -2.579137107022534958e-01 1.418936206544328116e-01 -1.791397952689763318e-02 2.692695448781867174e-01 -8.613592668976159661e-02 -2.733667532669309952e-01 -3.445340319573911986e-02 -1.443762525177741951e-01 -1.878403521891056083e-02 9.824465066086137538e-03 1.486864836943504464e-01 1.786848248513427384e-01 1.352754340626507179e-01 -1.718060423631017075e-01 -9.528671287613203061e-03 -7.025399559140656225e-02 4.953577214953579916e-02 1.619410899041004714e-01 1.036419204278636458e-01 3.702629003417870490e-01 1.042670282582195962e-01 3.728513122440259564e-01 6.076855470821943689e-02 1.988564206731495698e-01 -1.221611159032456595e-01 -1.876483308051849486e-01 2.163502950283176240e-01 1.860779154050594131e-01
2.017288481407654432e-01 1.000000000000000000e+00 4.433677688545055173e-01 4.382982620631417636e-01 7.283555482156246486e-01 4.356594699851661368e-01 1.041768472183169231e-01 4.718204167220186873e-01 4.030900122959070742e-01 6.565100639893904633e-02 1.115120075329548571e-01 6.548881352034624515e-02 1.945787330426412554e-01 3.922182531188229959e-02 -9.184319812574967545e-02 4.369573047475667216e-01 1.366582528257470619e-01 3.510253550992876725e-01 8.005487108989080280e-02 6.919093445733540126e-02 9.647487483419715792e-02 1.846724895268346822e-01 1.382948111102657585e-01 3.275839924071804327e-02 -3.196553564757610016e-02 4.053788270507820840e-02 -3.236383275178926315e-03 -7.285054684502030586e-02 9.935842603796543604e-02 -1.093958122779578185e-01 -4.468416753395064445e-02 -2.244582748246426798e-02 8.968056808517069212e-02 1.900911606330359105e-01 1.569015200937733112e-01 2.832749055566692875e-01 5.894154731663408392e-02 -1.037019947830068456e-01 1.286336359221117720e-01 5.952556894246407299e-02 1.290682814287719832e-02 -3.570402128154585158e-02 -2.210874551187523573e-02 -1.683222428066753484e-01 8.219474862163551887e-02 -2.038857673076582833e-01 -1.383622255884817132e-02 -2.356134153096490352e-02 2.510389964363585191e-01 4.579375462752117293e-02 1.284724313385877392e-01 7.703916360369462701e-01 3.137612988530225633e-01 5.059339302287132467e-01 5.357125675586844604e-01 2.618313580543110142e-01 4.868875636224472836e-01 4.425449234634863394e-01 7.725563658646632248e-02 2.187862117533496964e-01 1.659608888944754945e-01 1.225552092614167199e-01 -4.099514040884959763e-03 4.839098972980461488e-02 -2.947740570692488401e-03 -2.365920969625706638e-02 -4.322918479918881618e-02 5.145897629456293310e-02 1.203389670799270839e-01 2.126685501402036382e-01 1.033942014736444343e-01 7.145817054191650787e-03 1.386080522472751264e-01 3.497104488403619121e-02 4.699239701596264612e-02 4.192889253947882505e-02 1.163940282004189697e-01 -6.156262351442123165e-02 -4.277530530470737696e-02 -1.840510987370983301e-02 6.694523227652222908e-02 -8.977645983232027116e-02 3.033957780221277142e-02 7.305398520373571070e-02 1.226766614180961473e-01 -1.103993028621953580e-02 -4.056004422823558490e-03 -7.418407548797409379e-02 2.070832784682387628e-01 -1.106280523610645994e-01 6.745663725904822716e-02 -2.211139079313417799e-01 1.179404690683083790e-01 -5.939247890746135461e-02 2.783188953988791070e-02 -1.182519372568585359e-01 -1.014090063324899482e-01 -8.244197441141262739e-02 2.765416912566023844e-01 5.495916180700183978e-02
3.604370556865862385e-01 4.433677688545055173e-01 1.000000000000000000e+00 -2.518388067170767020e-01 3.460732702189148746e-01 7.739312594485864283e-01 5.090752414430789186e-01 6.637981629900320257e-01 6.342647117148950686e-01 2.972547139197893040e-01 3.957384770757192971e-01 3.444683096786654297e-01 4.037889452474994756e-01 6.187985358569454003e-02 -8.372176744092041378e-02 -1.649093745729207985e-02 3.451937697453573151e-01 3.537153732919774418e-01 1.249084808037536770e-01 2.032331321661624557e-01 1.132604868445783869e-01 2.853593935424417194e-01 1.039125965038533161e-01 2.804283139655224799e-01 2.054587573511248988e-01 3.417992018726330739e-01 1.403123019796485849e-01 -1.665155572283686172e-02 3.375836049225000579e-01 -1.386196643298169273e-01 -1.719396223599823359e-01 -3.140295656100630661e-01 -4.409201520627511472e-01 1.906349548369379587e-01 2.588110065160219020e-01 3.869083029611234958e-01 2.328684616687259901e-01 1.682787861035227317e-01 2.651454666764953561e-01 3.399743488979775630e-01 3.066157005934515567e-01 4.463058873432940166e-01 3.618769933440853515e-01 1.371116922420585471e-01 2.076920885186250287e-01 -1.052367644502933408e-01 9.417668454625695296e-03 2.835689501968715470e-02 5.731112770352945196e-01 3.177404582224118146e-01 -1.648746845259096705e-01 5.004591199647345778e-01 -1.207860189764927011e-01 -2.043569722279922340e-01 7.371395327504620676e-01 7.208801835409175407e-01 5.409123272436289209e-01 6.297065722357976236e-01 3.172783753517727789e-01 3.581749784863135222e-01 2.490125754820475545e-01 2.330022186015326402e-01 1.648714043732838475e-01 5.368397157518937229e-02 -2.032432690757371083e-02 -7.299088235455970797e-02 3.790555019429815986e-01 2.310309947464166402e-01 1.015473147919452868e-01 1.572609244343173007e-01 1.051429758115937224e-01 3.162888906739527162e-01 1.367000582314997770e-01 3.129570717874913255e-01 1.845017888969263942e-01 3.773753303781264279e-01 2.205033887125987802e-01 -8.212432246222864385e-02 -1.692986452760437133e-01 -2.924170555152808548e-01 -2.579686268052754430e-02 8.311835767583628659e-03 2.991111227715275156e-01 3.138455969843908511e-01 3.088754769817920187e-01 7.357032112434808147e-02 1.577578737220269312e-01 -1.917588972152476506e-02 3.281646938760592880e-01 2.061605833735988824e-01 -2.601081282607577427e-01 2.085936217391370084e-01 2.355917641191468404e-01 4.006397838067255468e-01 3.029529156113972554e-01 2.497835190275893569e-01 4.824883610026467484e-02 -6.969170051347307708e-03 5.376429177572115137e-01 3.621228038983280162e-01
-1.820981072465625572e-01 4.382982620631417636e-01 -2.518388067170767020e-01 1.000000000000000000e+00 4.463398773559299482e-01 -1.586982574097456355e-01 -3.549351075835395219e-01 -1.749320521744672785e-01 -4.754645494427599262e-02 -2.663413769008375342e-01 -2.432523219652394653e-01 -2.588478453007018731e-01 -1.052640005673665669e-01 2.572709112756571548e-01 2.791780417342135667e-01 5.232275455122743502e-01 -1.073628246720060991e-01 1.189049124735465507e-01 1.291129430031736358e-01 1.108453868706499659e-02 2.336334186419586623e-01 -9.959947912268485304e-02 2.854158236310841423e-01 -1.866377388977728535e-01 -2.631109960411548432e-01 -3.481550415915982133e-01 -1.454651570263569282e-01 -3.983458452247944093e-02 -7.247263453102512076e-02 2.827233705765318517e-01 2.735129871511612909e-01 5.547704951330573175e-01 7.318179150226210572e-01 3.965088298184466648e-02 -1.721588519469736678e-01 -7.175461120952267464e-03 -1.006240497623488300e-01 -2.470309527149740225e-01 -8.157518594525395295e-02 -2.585818393680381355e-01 -2.812907924523401215e-01 -5.437072712353033799e-01 -4.624762595131480802e-01 -3.031908096142472697e-01 -2.305417716485624047e-01 -2.809554512244578570e-02 1.909254349342771606e-01 1.214607216941402806e-01 -2.214368723653984405e-01 -2.251922688302528397e-01 4.102683024720398253e-01 3.559902683708592308e-01 5.759623957355465285e-01 8.960979560397461796e-01 -7.322988089008949930e-02 -2.038547553835315940e-01 -3.416161841435222390e-02 -4.449455659335080360e-02 -2.659876436043636661e-01 -1.106353199773311008e-01 -9.431261827310649659e-02 8.225372574944871118e-03 2.964016680967873629e-02 2.686335449409349985e-01 2.717317050518044952e-01 3.308966696310332578e-01 -4.919990914422975870e-01 -5.202597607297669569e-02 4.816196421506536984e-02 7.116505858454565125e-02 2.256116081446730148e-01 -3.264269363818160241e-01 2.233136469169327565e-01 -3.620319226544089775e-01 -7.150748849754748337e-02 -3.353589614107397310e-01 4.086036315892895704e-02 2.723016605522851075e-01 3.484197998803335028e-01 5.901995185476315298e-01 1.144406781923746896e-01 -1.258003905596378758e-01 -4.108797219027595649e-01 -3.695178584092998486e-01 -2.434064445801917831e-01 -3.231133963465492465e-03 -5.519088016607220926e-02 -8.413375665749873999e-02 -2.820540752081845265e-02 -3.984803039216119891e-01 4.128526889582456727e-01 -3.640381664959511099e-01 -9.629180433518536031e-02 -4.371976201572018716e-01 -2.345310315245172916e-01 -3.799424910984815495e-01 -7.335316348252259033e-02 8.369007761357825925e-02 -1.896012931321071071e-01 -2.592171674671843729e-01
-3.686739908395787052e-02 7.283555482156246486e-01 3.460732702189148746e-01 4.463398773559299482e-01 1.000000000000000000e+00 4.205552351682438350e-01 3.032020526855812997e-02 5.019060791979975678e-01 4.514887113533835317e-01 -3.897865825051940319e-02 6.985671228737547200e-02 1.823111397894993171e-02 1.368400679775806095e-01 7.424486706854284412e-02 -6.176887015769405576e-02 2.689763442025632223e-01 1.433473919149637066e-01 3.316482740691006903e-01 9.728537531755634959e-02 9.095452575598080014e-02 1.447395448905633708e-01 1.193163985292456097e-01 2.032004410111840353e-01 -4.732504585685902779e-03 -1.660341002643034303e-01 -5.487261801269085332e-02 -1.393632528058620298e-02 -1.130625529238755422e-01 1.335626177424691086e-01 -9.718915867448268964e-02 -4.704457027353044912e-02 -4.441326768970489669e-02 6.618233231536330141e-02 2.100876850555339070e-01 1.080022551369067968e-01 3.090111576433870466e-01 1.235062696358293494e-01 -2.096499195761178658e-01 1.053487093982087563e-01 6.236293098888303493e-02 8.155088792288230082e-02 -7.594495210018777087e-02 -5.764268498821062403e-02 -2.820714453644904141e-01 5.926605700873487786e-02 -1.692191153780642499e-01 -1.363037844941947024e-03 6.195549783980859593e-02 2.415415894303644950e-01 9.199361501183903056e-03 -7.876683559031626147e-02 5.678971984672724904e-01 2.087461798605503294e-01 5.012153668810187535e-01 5.464328356139519505e-01 2.748928099655712498e-01 4.536055772246983531e-01 5.278171179872800378e-01 1.276602578036330898e-02 1.646223499353368647e-01 1.046153955269398250e-01 1.013023069127497872e-01 8.325418711614372691e-03 1.191548493986432089e-01 3.966504671504266638e-02 2.470116623143780651e-02 -5.233875056988344238e-02 3.335060891654855614e-02 1.253874442324217076e-01 2.003729452758196694e-01 1.406348049639420672e-01 -1.254057564403930070e-01 1.999566396564353976e-01 3.144825413339807918e-02 3.089850754663884050e-02 -2.823046116743934200e-02 1.445134327794870832e-01 -7.308987438352830546e-02 1.571296255539350942e-02 -7.495143065731982301e-02 5.687103208644696262e-02 -2.388553667969037925e-02 4.082358208356583196e-03 -3.324394260104999218e-03 5.194742609535032279e-02 5.076852211970613732e-02 9.226644549745881274e-02 -1.269274829333681964e-01 1.827592371702515539e-01 -9.385611162612761404e-02 3.383773782679572184e-02 -3.466725044525599264e-01 5.867349329067089725e-02 -1.912539505200363255e-01 9.794033233799685073e-03 -1.754878670703987342e-01 -1.207528286319761029e-01 -3.469354470516441274e-02 2.598874682224525112e-01 3.228384474505616164e-02
2.317400813138023596e-01 4.356594699851661368e-01 7.739312594485864283e-01 -1.586982574097456355e-01 4.205552351682438350e-01 1.000000000000000000e+00 5.465846323507121962e-01 6.725331109377336025e-01 7.955548136506126466e-01 3.214475154341657759e-01 3.720315355411661362e-01 2.857117404237381475e-01 3.997529320590694213e-01 9.643931325961170586e-02 -3.660838082546897382e-02 -1.880124735683765327e-02 2.766355364578550469e-01 2.824885802222291131e-01 8.970658601456985015e-02 2.929993958837381895e-01 1.040223869557210939e-01 2.363840828084202983e-01 1.072205913568271551e-01 2.230732165116925958e-01 1.596102781134614290e-01 2.912972165239222644e-01 2.317034471858302191e-01 1.296916306430306344e-02 3.643802790661584412e-01 -1.185243057346546669e-01 -1.734822283261782117e-01 -2.791564093076082109e-01 -3.635515092781766433e-01 8.401327855248257037e-02 2.597958479122653985e-01 5.441687795158685059e-01 3.163858413316883444e-01 1.252384116788157753e-01 3.683514177471500228e-01 3.879916233846499862e-01 3.655942379595803482e-01 3.988303637055237716e-01 3.338764020211605899e-01 1.589991306849483921e-01 2.805703740879736396e-01 -2.376492611928960469e-02 5.552055492363645178e-02 7.836666516622874112e-02 7.103557085938871918e-01 4.371469056544837750e-01 -1.176506342021181456e-01 4.539981014526651149e-01 -3.785950861476507223e-02 -9.857992482025682013e-02 7.898465167652078955e-01 7.950788403073941746e-01 4.678719556133271174e-01 7.291353088614220823e-01 3.820097962076356435e-01 3.871152358229995039e-01 2.351238854434078429e-01 2.666007723206492153e-01 1.982512977128041698e-01 9.525047591080294807e-02 2.294641651964795560e-03 -9.605090637190009245e-03 4.408882757537154196e-01 1.581436268750750496e-01 1.449033765945425406e-02 5.043900634403512134e-02 1.142569775158807921e-01 2.744906599737318986e-01 1.148350322315854904e-01 3.694017432404401169e-01 6.591145845102283629e-02 3.275539847523158965e-01 2.402167367987900759e-01 -6.291774982756066781e-02 -1.462795197005940795e-01 -2.192816663256171583e-01 -9.152511772977225957e-02 1.755100562206967718e-03 2.658866968348031490e-01 2.485739786663108131e-01 3.209203718101567016e-01 6.450516226083770344e-02 2.266360515749577531e-01 1.626923125807611809e-02 4.419318303107302448e-01 2.163616630364714188e-01 -1.994190788417322668e-01 1.525673554300147061e-01 2.912240364699173467e-01 3.427094089439929325e-01 3.078083684739486570e-01 2.772463015499071481e-01 1.129868159626546825e-01 1.861085879168572488e-02 6.879103613217035784e-01 4.689323612802148711e-01
3.969116758140945889e-01 1.041768472183169231e-01 5.090752414430789186e-01 -3.549351075835395219e-01 3.032020526855812997e-02 5.465846323507121962e-01 1.000000000000000000e+00 5.068195410711757720e-01 3.678206061595981624e-01 5.039087946129959805e-01 3.546820357860033801e-01 3.331105760629284318e-01 2.303481342858247349e-01 -1.618236071867222570e-01 -2.211813966301756085e-01 8.453614742931197384e-03 9.288713160675649005e-02 -7.984748839526653597e-02 -1.537532306585833453e-01 4.917763865938686724e-02 -1.852323399126735437e-01 2.105039543035631400e-01 -1.780384705500696607e-01 3.072752275872995265e-01 5.169986806410367119e-01 3.015134492041188219e-01 8.001819377755121920e-02 -1.411212301785182699e-01 1.902488832650135464e-01 -2.507014611899208711e-01 -2.516747098462164822e-01 -3.027484262737766274e-01 -4.585499118127228657e-01 -6.188514174021111924e-02 1.367988392711935175e-01 1.588655006444509576e-01 1.300090585960070599e-01 4.973680164325978148e-01 4.331100026248609902e-01 7.100575247103436682e-01 4.567685302194033348e-01 5.834594529542392882e-01 5.057774424958266790e-01 2.825575332686672825e-01 2.215844772553336728e-01 -1.230359404635028436e-01 -1.119100803221034224e-01 -1.169156385102612244e-01 5.065176930896314600e-01 3.532741102207840322e-01 -9.663070649774407883e-02 1.776051078669693695e-01 -6.023664399943439579e-02 -3.111607767448194006e-01 4.341832249571349611e-01 5.240853814813023481e-01 3.079983966214636659e-01 3.374050757614205365e-01 4.343861167528080269e-01 1.842424463722840133e-01 1.231606283765847715e-01 6.930586399770191641e-02 -2.485125662657182780e-02 -2.518146908408926410e-01 -2.677636367277146934e-01 -2.604120903194110936e-01 6.937776894589515742e-01 -6.005243313129576821e-02 -1.578046923026848181e-01 -2.297998981667117580e-01 -1.409710069827840306e-01 3.151333158218702080e-01 -1.998634936417789387e-01 5.481625777439094183e-01 -9.022850480606992019e-02 4.038122957031065607e-01 -1.432198621814780373e-02 -2.375156935733692964e-01 -1.722263634364777363e-01 -2.890876781999326961e-01 -1.252456329000283808e-01 -3.768715869463967055e-02 4.201433951472290929e-01 3.076594261358788218e-01 2.352607485954534561e-01 -1.140842235786465320e-01 5.879395071498132175e-02 -8.972945395569507931e-02 1.633689894934183262e-01 3.847899596180874848e-01 -1.326835426029141785e-01 4.598901638385848312e-01 3.121249531621765327e-01 5.490786449515980827e-01 2.885601850608874308e-01 3.861829317153184782e-01 2.468944319576565211e-02 -1.301482397132854851e-01 5.158583684228573718e-01 4.098982014339171420e-01
1.527651548366445178e-01 4.718204167220186873e-01 6.637981629900320257e-01 -1.749320521744672785e-01 5.019060791979975678e-01 6.725331109377336025e-01 5.068195410711757720e-01 1.000000000000000000e+00 6.685630138510229026e-01 2.838249212662468102e-01 4.331655721571961992e-01 3.639141042578652452e-01 4.089875759677435996e-01 2.345882906197701429e-02 -1.598820309014732932e-01 -7.082943043655989812e-03 3.901640344857188469e-01 3.892380240013792458e-01 1.180754611176063479e-01 6.906345990248338729e-02 3.881915092152567887e-02 3.596608245123733560e-01 8.887696955405531563e-02 2.343585719063768502e-01 1.269806121628195283e-01 3.381264232936482261e-01 8.139088310383377212e-02 -9.787321502472356993e-02 2.684399776802418036e-01 -2.242108043605663681e-01 -2.077068354760713276e-01 -3.307203964581279521e-01 -4.213277575188395518e-01 2.680689013595928261e-01 2.937784914212211995e-01 4.215962449288990221e-01 2.690891650808450719e-01 1.257493385935116448e-01 2.672382954182861425e-01 3.612108304331434483e-01 3.907732249549742964e-01 3.694376842151716467e-01 3.620180179943147669e-01 1.105326268999720120e-02 2.411296713840565820e-01 -1.989576796806474257e-01 -1.118266750616895983e-01 9.460508583687866555e-03 5.076345664579369199e-01 2.879413604790387882e-01 -2.541697207354682297e-01 4.053492835657564464e-01 -1.864488805114427328e-01 -1.142762789369314996e-01 7.103671248409495487e-01 6.245846291871307576e-01 7.459139882090114471e-01 7.376366078986266173e-01 3.246233642002302466e-01 3.911882048675911494e-01 2.352388155372501233e-01 2.572267333403476797e-01 1.442436437125740600e-01 1.460830270814797785e-02 -7.852829088523513579e-02 -1.232420816127262758e-01 3.616917503413855095e-01 1.981088050596349348e-01 1.686684757001512824e-01 2.042929318872995226e-01 -7.613911622823586224e-03 3.037430317179626860e-01 1.654095722372009025e-01 2.927606020098955653e-01 1.258466171544988244e-01 3.497723957669663930e-01 1.750248486743127274e-01 -1.861561771114175756e-01 -2.131772432891114177e-01 -3.603095255489717763e-01 -2.722724401180563747e-02 8.550823823828139492e-02 3.283883128028273757e-01 3.667478941493813593e-01 2.457488827733654846e-01 8.513189820348772419e-02 1.827845321600287953e-01 -3.538378120268916710e-02 2.855634416887314342e-01 2.279181239174863927e-01 -2.956150060242962452e-01 7.348781354510297570e-02 1.550410118356682354e-01 2.001065788491960262e-01 2.024750339953414469e-01 1.643432443816074118e-01 -4.045431910615081283e-02 -6.416147525680536423e-02 5.775418284355989806e-01 3.341726917333027735e-01
7.090443291969271422e-02 4.030900122959070742e-01 6.342647117148950686e-01 -4.754645494427599262e-02 4.514887113533835317e-01 7.955548136506126466e-01 3.678206061595981624e-01 6.685630138510229026e-01 1.000000000000000000e+00 2.099767196777448108e-01 4.085812814750285349e-01 3.196421790884027003e-01 4.061683064450977154e-01 2.373415696426854626e-01 9.846218750712101841e-02 3.807610700196479431e-02 2.215461672554976946e-01 4.101661067400025895e-01 1.936709895495030698e-01 3.735341722807571374e-01 2.241988847378119376e-01 2.505436327569129928e-01 2.365991206828068072e-01 2.041131361767354047e-01 -1.029493538582122447e-01 2.588275633371169282e-01 2.959322641598278736e-01 5.785147096774862635e-02 4.047921946534284166e-01 1.324284387397796359e-02 -1.016705018392838472e-01 -1.596205273290775550e-01 -1.945988652635816107e-01 1.022852980738594986e-01 2.946194361228499092e-01 6.324946742088920493e-01 3.622330783520512076e-01 -5.616623895293365587e-02 2.774778223616781170e-01 3.448095466265181930e-01 3.529789887545212168e-01 2.496107837919928074e-01 2.586720391992802792e-01 1.488132727422022683e-01 2.391192750187219884e-01 4.587516628928434842e-02 1.885128914370899633e-01 1.831150130671725940e-01 6.126170869948042164e-01 4.513975914181092008e-01 -8.166719905704386551e-02 4.030998279891175318e-01 1.323422274611669829e-02 -1.316719983700798298e-02 7.562735923618368883e-01 7.624702063362193138e-01 4.511198921134807471e-01 8.781500211217330154e-01 3.473664013635338055e-01 4.220539716616942272e-01 2.866423027553238190e-01 3.752753312281163489e-01 2.800306484164400977e-01 1.961688700277763875e-01 8.737755572552016736e-02 1.292311735708802367e-01 3.542120324831635192e-01 1.646953638596553582e-01 1.288193686760680245e-02 1.269542342437185167e-01 2.277209383533508047e-01 2.786023837716697926e-01 2.424074245945406492e-01 3.144858391035108558e-01 1.302352862979306025e-01 2.954400230344994549e-01 3.084940589929648924e-01 6.060393942128292077e-02 -8.945896962883288783e-02 -9.133281202100645979e-02 3.552921326244411378e-03 2.898677616690584560e-02 1.953599991745061937e-01 1.908238550726052141e-01 3.218061395614192355e-01 1.776757707038700562e-01 3.088701022048228606e-01 1.014790990603939430e-01 5.528246001934024045e-01 2.138436522039559307e-01 -1.911432956311932552e-01 2.013798632379257963e-02 2.976706630900927131e-01 1.988898129276925608e-01 3.087917814497801450e-01 2.676710007030223548e-01 1.759782902567892660e-01 1.131649974689586113e-01 6.465140840829448621e-01 5.096054922133260723e-01
3.012382469184028411e-01 6.565100639893904633e-02 2.972547139197893040e-01 -2.663413769008375342e-01 -3.897865825051940319e-02 3.214475154341657759e-01 5.039087946129959805e-01 2.838249212662468102e-01 2.099767196777448108e-01 1.000000000000000000e+00 5.814538187045532602e-01 6.543472610727268934e-01 3.560198847257318167e-01 -2.909387005788463196e-02 -9.466500480277935392e-02 3.834841435946253346e-02 2.561923528967791630e-01 2.880062264543295850e-02 3.621523051039089031e-02 -5.190391770941201605e-02 -9.223952695155682169e-02 2.755706801139028994e-01 -1.389096762531931428e-01 4.346138341807390670e-01 5.764247046950015108e-01 5.268256680677442239e-01 1.087661100442036399e-01 1.160883458584223704e-01 2.851621177988894473e-01 -1.193929681535059600e-01 -2.110044976585506438e-01 -3.875162722753604516e-01 -3.527928194535268624e-01 2.427622470856302672e-01 2.062433594810447191e-01 6.651269633090509115e-02 1.919174132432770463e-01 2.883187940875602262e-01 4.406006433383805043e-01 5.634972709185959161e-01 3.335705060103919539e-01 5.146400151703640624e-01 5.888984626842783676e-01 3.271596017150896207e-01 2.818760822747789496e-01 -1.239546009802302562e-01 -8.826038236816428906e-02 -1.327272647233437852e-01 3.870478888242180893e-01 2.656599099292977773e-01 -1.208036887427316325e-01 1.083663337626059459e-01 -4.078730084861834776e-02 -2.442818328528563732e-01 2.175487361201824121e-01 3.431033138270943583e-01 1.469803130827601889e-01 1.427393269074027360e-01 7.673684749214123579e-01 4.536464760924676654e-01 5.074592398524034875e-01 1.385916355148059942e-01 4.928410987688450901e-02 -1.617598124604660847e-01 -1.639593913191874364e-01 -1.098863358953625635e-01 3.795699723802417047e-01 1.291684698167712142e-01 1.324371297754619592e-01 -6.922833196072109008e-02 -8.831723734912874657e-02 4.902736814915377161e-01 -1.517941255352676100e-01 4.612692252994446962e-01 1.466453905389912826e-01 6.262784905585198070e-01 1.745312954759894730e-01 -7.279731180800740054e-02 -3.208538267260441224e-01 -3.225458277850710154e-01 2.900945269290668149e-02 1.288868816373441029e-01 4.844916060724785423e-01 4.073505511804323409e-01 2.928802543998330621e-01 -3.038344077709602756e-02 1.198255253204395104e-01 6.699472731512551293e-02 1.159381870189054031e-01 3.032780427138448420e-01 -1.315655785261200979e-02 4.308663078530202695e-01 5.329121637428807512e-01 4.967116367731975179e-01 4.355333132158936138e-01 3.459196950467174347e-01 1.026757563578776893e-02 -8.402638119325331334e-02 3.561725860337960903e-01 2.641577114862434517e-01
1.863633725653807693e-01 1.115120075329548571e-01 3.957384770757192971e-01 -2.432523219652394653e-01 6.985671228737547200e-02 3.720315355411661362e-01 3.546820357860033801e-01 4.331655721571961992e-01 4.085812814750285349e-01 5.814538187045532602e-01 1.000000000000000000e+00 8.485278962257004620e-01 5.957954098233463336e-01 1.963655399546544167e-01 7.899835767560536848e-02 -2.897353200871945894e-02 4.336048130064923956e-01 2.903690072819803403e-01 2.045788032693024450e-01 8.807337177856006116e-02 7.588613730085036480e-02 4.440230002709526502e-01 9.850843370376687058e-02 5.401220549005296689e-01 1.913070554175401727e-01 7.261830180674716528e-01 1.527299279146246691e-01 1.458683199698189992e-01 3.923435009991349531e-01 7.143314772312124583e-02 -2.209636365367022015e-01 -2.932995933630566654e-01 -3.501234916629338279e-01 3.175887649620159348e-01 3.379513901753934957e-01 3.122891313379898004e-01 3.673224870976520284e-01 3.938823566313216784e-02 3.846494975178247344e-01 4.968710142802957308e-01 4.673574378997673029e-01 4.838242883556088669e-01 5.982606247579361769e-01 3.245126651141923002e-01 3.138031603173482287e-01 -5.739079255385377137e-02 8.524500446490443362e-02 4.765080971553536937e-02 4.607575350654708468e-01 4.232532280628182320e-01 -2.269449152783145629e-01 1.184483508297451831e-01 -1.999885194165273994e-01 -2.520983863409960168e-01 3.612965604384044127e-01 4.805536977466052240e-01 3.117557383650928493e-01 4.132174466253907830e-01 6.495961479329028787e-01 7.616341035935605408e-01 7.133989394798487815e-01 4.168192715781659508e-01 1.924300282744537127e-01 3.849816958851442344e-02 -1.836728858536023148e-02 8.933169930077428100e-02 3.426598402984603609e-01 3.066192340597302390e-01 2.567441917164189347e-01 1.403771341812148077e-01 6.760045807395914652e-02 5.799797924796363802e-01 1.197968784936807723e-01 4.324859574852956134e-01 4.239219284209436167e-01 6.746203052722763438e-01 3.239922215549950746e-01 8.300890109768602199e-02 -3.149353422732978913e-01 -2.482221819270770680e-01 1.200243956550334362e-01 1.390034818836597685e-01 4.096252742285256265e-01 4.428858533038822487e-01 3.167556405926374441e-01 1.351395966545347049e-01 3.450361404575585378e-01 1.397426727374083411e-01 3.569404851624939368e-01 3.846885048533714158e-01 -1.924312685869869755e-01 2.449629550559957458e-01 4.461511484131988614e-01 3.570944951453406402e-01 4.347015649689237038e-01 3.496960912251724785e-01 1.043535501341192606e-01 5.342462485793424837e-02 4.757138553794830749e-01 4.358423002365842125e-01
2.346449047468284477e-01 6.548881352034624515e-02 3.444683096786654297e-01 -2.588478453007018731e-01 1.823111397894993171e-02 2.857117404237381475e-01 3.331105760629284318e-01 3.639141042578652452e-01 3.196421790884027003e-01 6.543472610727268934e-01 8.485278962257004620e-01 1.000000000000000000e+00 5.335840110518670354e-01 1.582075469085713615e-01 3.653285781350884553e-02 -1.607718443457049895e-02 4.290529745729856348e-01 2.795076988909371840e-01 2.209543843142245667e-01 5.192059543988375350e-04 2.282095562303057545e-02 4.008047127200333737e-01 5.691586893697214017e-02 6.015474157450061421e-01 2.574990940061969158e-01 7.373946267086814998e-01 1.105659079589642602e-01 1.608492570760002571e-01 3.156006210688252489e-01 4.080102044237005759e-02 -2.493419878945604407e-01 -3.217819353912392821e-01 -3.414141043590792068e-01 3.280807453836137033e-01 2.641356697740766535e-01 2.148395405468554453e-01 2.836795363084742561e-01 1.091187606388485491e-02 3.172301033483044264e-01 5.162632048439650401e-01 4.124187103338081695e-01 4.757102735548052741e-01 6.049645476995644255e-01 3.273746824449896287e-01 2.425911800156576037e-01 -1.181331040050978831e-01 5.571848759801092260e-02 -1.860809151253125723e-02 4.073429085561232621e-01 3.068471922751382364e-01 -2.076677851784109186e-01 8.544355315943165385e-02 -1.479967706947864781e-01 -2.570596493263137550e-01 2.909229016207374729e-01 4.016240508031330148e-01 2.706651473881342973e-01 3.176976001070705991e-01 6.968308384503951736e-01 7.293193282368510832e-01 7.756213562435448905e-01 3.209299309753806950e-01 1.415732527317397904e-01 -3.564777466675533163e-02 -6.009199409851041090e-02 3.450237311026728426e-02 3.325418799639864864e-01 2.951974239062888916e-01 2.480258859255806969e-01 1.316098774561727525e-01 2.834691710561268799e-02 5.519111294135290446e-01 6.895948125259962480e-02 4.718723770402362128e-01 4.804249371182686690e-01 7.432462734700391316e-01 2.664752030033972763e-01 7.156783947542398605e-02 -3.645098061148476232e-01 -2.658874032541082566e-01 2.010892871813710070e-01 1.355558210090701265e-01 4.178582269511733616e-01 4.195191382131794322e-01 3.014003411441085745e-01 1.248822915459771588e-01 2.587691713608041288e-01 1.515628846378918038e-01 2.750746395955047663e-01 3.753631891863490888e-01 -1.626823844156921606e-01 2.343855997611875019e-01 4.691372424374389838e-01 3.631263844702324883e-01 4.651339299261804672e-01 3.196062175136456518e-01 4.420061114826056431e-02 1.117866626326731450e-02 3.971778117951074161e-01 3.372967313538184353e-01
8.107887744359021376e-02 1.945787330426412554e-01 4.037889452474994756e-01 -1.052640005673665669e-01 1.368400679775806095e-01 3.997529320590694213e-01 2.303481342858247349e-01 4.089875759677435996e-01 4.061683064450977154e-01 3.560198847257318167e-01 5.957954098233463336e-01 5.335840110518670354e-01 1.000000000000000000e+00 4.414667779212425591e-01 2.729277270203260275e-01 7.364760229449549001e-02 6.527935152778635564e-01 4.321859508741331957e-01 4.574435851730305203e-01 1.943864826687414504e-01 3.009817371320253621e-01 5.998100361101550426e-01 3.045366109026373391e-01 5.353734278153897685e-01 9.208420421947118018e-02 4.678852545864594092e-01 2.324901349788052185e-01 2.488062040141969522e-01 5.251406055978105059e-01 2.004730930628453589e-01 -1.531516751619481191e-02 -1.850256405294395945e-01 -1.560958323099046197e-01 4.079703088438613179e-01 4.049024037438451740e-01 2.636434454458884136e-01 3.350188857579416979e-01 3.645795564667996674e-02 2.925922812313527244e-01 3.053707170703578444e-01 3.411786474091881849e-01 2.357053376631873809e-01 3.655900054099833762e-01 2.007329031163418709e-01 2.356886937203546695e-01 7.163810260184955148e-02 2.693894613527824666e-01 2.123769692485730221e-01 3.400429378430833149e-01 2.969311124932274559e-01 -1.560984710958130406e-01 1.610091174254103530e-01 -8.198945573082967730e-02 -1.060511782917917117e-01 3.392242205084853857e-01 3.873050563731771923e-01 3.041240525208309675e-01 3.925077799305611292e-01 3.706346982454944428e-01 5.481388582719761704e-01 4.614810054991886901e-01 7.101765875291149444e-01 4.078125634000586697e-01 2.811765566913128622e-01 1.917259193775503467e-01 2.708277135579807426e-01 1.999255180093145179e-01 4.177443865762646147e-01 2.467411520397657376e-01 2.128085299719186529e-01 2.446228504234900791e-01 5.338336101605081208e-01 2.884495525513945391e-01 2.917338456370872635e-01 4.529816618084866464e-01 3.560114674599454410e-01 4.520335061063185389e-01 2.365763050057262673e-01 -1.119507491380816455e-01 -1.167487495772687733e-01 1.553806458935962642e-01 8.366263630663467454e-02 2.032748423824327078e-01 3.425709695471489402e-01 3.289895979046414953e-01 2.486082523294661506e-01 3.196786818012041786e-01 1.289568762170518745e-01 2.849265306678406828e-01 2.293391104339003450e-01 -1.881795063934390833e-01 1.364504368898233899e-01 2.975196074899270071e-01 2.225225416501163400e-01 3.029010315250260099e-01 2.304257946091981257e-01 2.015959621696527260e-01 1.474388280113138328e-01 3.582544106724667721e-01 2.927374734673546253e-01
-2.468308587613147198e-01 3.922182531188229959e-02 6.187985358569454003e-02 2.572709112756571548e-01 7.424486706854284412e-02 9.643931325961170586e-02 -1.618236071867222570e-01 2.345882906197701429e-02 2.373415696426854626e-01 -2.909387005788463196e-02 1.963655399546544167e-01 1.582075469085713615e-01 4.414667779212425591e-01 1.000000000000000000e+00 8.276715814300028562e-01 8.327121836051414039e-02 3.903132411751927267e-01 4.346556170725433543e-01 7.614395453871827257e-01 3.998952440648256834e-01 7.778825252318305461e-01 3.253799396411187206e-01 7.606825957625110712e-01 1.844531585455530531e-01 -2.479625087520978821e-01 6.511733327804093696e-02 3.492329129596449810e-01 4.528410218301964218e-01 4.216830422659522126e-01 7.611475586723944753e-01 3.573384939399825572e-02 2.502632492627441807e-01 2.725680072873835624e-01 2.917497044379444016e-01 1.347524541383355590e-01 1.956465073051906478e-01 2.438771086657613996e-01 -1.905657595284349359e-01 8.611407978591024970e-02 -4.447369989011486918e-02 8.647744161276893493e-02 -1.471040634369984446e-01 -7.823862375833719185e-02 9.648288595322444816e-02 -1.018218808973765516e-01 4.455740750395498218e-01 7.539483459711496804e-01 6.746492571606451660e-01 5.186628182453325436e-02 5.325010011181536412e-02 8.851634753304579717e-02 -2.914194095209602167e-02 1.168718096110282628e-01 1.920747925780611487e-01 4.782873774221308577e-02 1.505719422082631709e-01 -1.200869607813660105e-03 1.960099126298839312e-01 7.746399193706288155e-02 2.554481568614930809e-01 1.787965242010313982e-01 4.396848147826988851e-01 5.700995731033078329e-01 7.408974341223415472e-01 7.440534897635308065e-01 8.057935438958682139e-01 -1.249875546932831122e-01 4.261814768535859277e-01 2.685326465206623880e-01 2.533948256713018377e-01 6.652638844332899870e-01 1.427489802333030966e-01 6.868019259603970195e-01 -6.808407321150911073e-02 2.845481710458700464e-01 2.118358337098709063e-02 4.548425226386118569e-01 7.668440819418256282e-01 3.203613738071588862e-02 3.349403696831579902e-01 2.175784488605137790e-01 1.265446521341677122e-01 -1.963277094303450265e-01 -1.811919849715160624e-01 1.672551017027664177e-01 4.443017060950785191e-01 2.844002437748203160e-01 3.186648548557409755e-01 2.191871164731586108e-01 1.547298638357115334e-03 -3.398178969894365825e-02 -1.050462577229594185e-01 1.332304715120767591e-01 -7.141167458514051380e-02 8.157478919812345686e-02 4.960511120562608595e-02 5.282878348790598366e-01 6.316066170628928944e-01 3.589269383850168804e-02 3.722095462503692553e-02
-2.879858262968422178e-01 -9.184319812574967545e-02 -8.372176744092041378e-02 2.791780417342135667e-01 -6.176887015769405576e-02 -3.660838082546897382e-02 -2.211813966301756085e-01 -1.598820309014732932e-01 9.846218750712101841e-02 -9.466500480277935392e-02 7.899835767560536848e-02 3.653285781350884553e-02 2.729277270203260275e-01 8.276715814300028562e-01 1.000000000000000000e+00 4.473341212598172523e-02 1.868033798110919352e-01 3.099987475648999236e-01 5.957776726667608491e-01 3.985781705140580833e-01 7.196644016349502682e-01 1.953980870740213149e-01 7.323255703290540986e-01 8.600607885178840339e-02 -2.813263533869966304e-01 -2.302568149555457924e-02 2.650176084084048811e-01 4.306970458374655419e-01 3.578791914294601195e-01 8.228933018710895553e-01 5.085006830269597766e-02 3.313240437781060921e-01 3.361619794602620503e-01 1.375414958464055148e-01 9.440291035128788727e-03 1.649448030555895894e-01 2.142349046237743415e-01 -2.083478967200884380e-01 -1.503220172893154731e-02 -1.035933816747833108e-01 -1.494020274012697498e-02 -2.077668619155999818e-01 -1.872588330299826964e-01 6.845459017957759851e-02 -2.023295433192333903e-01 4.258537022222961266e-01 7.137230083676420200e-01 6.550874687355471293e-01 -7.140405212074858732e-02 -7.150293424969238892e-03 1.812782243854633990e-01 -1.315860684188270846e-01 1.181277660487569658e-01 1.867569332792002046e-01 -1.042517047640784400e-01 2.309814091244060882e-02 -1.713417170615764429e-01 3.594546319169335952e-02 -2.502017998901801335e-02 9.965447660073037395e-02 4.817449931080525216e-02 3.510924593806818428e-01 5.480898018503206348e-01 7.055324777439947459e-01 7.669926340261141728e-01 8.939407555698324348e-01 -1.860315330495605490e-01 2.898996984189530224e-01 1.791782351068459955e-01 2.211895308691402273e-01 6.933480018938721345e-01 4.395026066969518613e-02 6.510545974039332329e-01 -1.512533950225940782e-01 1.858769706358383289e-01 -8.454841194660417392e-02 4.428840735470876977e-01 8.149883062544585055e-01 3.767011826856855178e-02 4.225558234938718294e-01 1.730889672662080381e-01 8.175776232162057511e-02 -2.892280260593747543e-01 -3.033015494018460045e-01 8.094099104837329528e-02 4.420084658027119140e-01 2.719775198710968067e-01 3.164610704625698268e-01 1.987611671960041182e-01 -4.462337633449282165e-02 -1.052495757821725157e-02 -1.372748848149213663e-01 -8.066789588687880985e-03 -1.321516973372852954e-01 -4.200438495282469986e-02 -1.333518532624114851e-03 4.631848527464516585e-01 6.442099718447161782e-01 -6.445844355386089186e-02 1.134539012645890141e-03
