1.000000000000000000e+00 4.373805600044830544e-01 4.888680692953668028e-01 1.208126955605553360e-01 2.061224015338091742e-01 3.978642845392205141e-01 3.077681170125943777e-01 3.235178342354937953e-01 2.882223295181522982e-01 3.453900170280608251e-01 -5.622492980748539787e-02 -1.684693438912269192e-01 -7.949213633442701876e-02 -2.901646214049826145e-01 -3.750094076822448885e-01 5.070239846046641352e-01 -9.695721164248488622e-02 -2.031864739557144028e-01 -1.581934045029178559e-01 -3.221281024435443952e-01 -3.805284512782528550e-01 -1.207971662008750779e-01 -3.632722370559618996e-01 -2.615277121799653437e-01 1.926931402549441341e-01 -2.362270393047031791e-01 -2.893340096459694477e-01 -3.111819177095500599e-01 -1.139988826918842402e-01 -4.166139549703070655e-01 3.443783898289231038e-01 1.297168489031138294e-01 1.562554918236622459e-01 -1.559011938969429301e-01 -2.035808585500821499e-01 -1.468677406323947443e-01 1.697692541970775501e-02 5.152651223183875029e-01 9.522558010615450282e-05 2.102820656644641406e-01 -1.376050834574496784e-01 1.101999579871953266e-01 -1.585605079052854194e-01 -1.003668756600309964e-01 1.491573463541921198e-02 -4.030033922069329311e-01 -3.431887027784287780e-01 -3.486469451164593281e-01 2.955325108887053576e-01 -6.149892531912345278e-02 5.970813523892285479e-01 5.928140762379130457e-01 2.960107559548146861e-01 1.721521579326610596e-01 3.630880323216726935e-01 4.510094659906848658e-01 3.241354645515742150e-01 2.153071113954330706e-01 3.109165011152268399e-01 -2.251822037120519426e-01 -2.618892146090645023e-01 -7.072360421309814571e-02 -2.785482196928132370e-01 -3.390297164727855694e-01 -4.346693996072494293e-01 -4.340644791345378284e-01 2.425127796755687237e-01 -8.807392606242189781e-02 -2.832735984698576126e-01 -2.492293828504341946e-01 -3.886260863001621546e-01 -2.287389645372891744e-01 -3.920855358680082059e-01 1.650299842104697434e-01 -3.116304803357911601e-01 -1.694199335153410424e-01 -1.034602713212642161e-01 -3.908954487861273086e-01 2.734987474193821821e-01 1.474592538984641210e-01 -3.601789306167783589e-01 -1.481647416306536014e-01 3.697805825494349802e-02 -2.219310127354624795e-01 -2.155316302130805273e-01 -3.576705455621276286e-01 -6.086150368665632637e-02 -2.586366819628301283e-01 -2.261278885684774587e-01 -5.306731315050922104e-02 1.373049504710221469e-01 2.372678534626606606e-01 1.588229285468789054e-01 2.965842767547011150e-01 -2.027377001375022803e-01 -1.345664815137790904e-01 -3.644866829621377646e-01 -3.447511080374616732e-01 3.506390810270567093e-01 -6.483995453919320917e-02
4.373805600044830544e-01 1.000000000000000000e+00 7.079586654231013743e-01 2.222031484757668041e-01 7.220074884258645964e-01 5.969450668343857513e-01 5.738042700668191110e-01 6.254270238974110052e-01 5.133509097243824648e-01 4.144072396606429121e-01 1.449941712660834103e-01 7.075140520505894537e-02 8.808876079929454928e-02 -2.161901697230998454e-01 -3.695745328063806956e-01 4.787985589632384742e-01 1.993334662687389347e-01 1.133579687918711970e-01 1.536143877212206403e-02 -1.427022185749323158e-01 -2.742418426397654208e-01 7.354415235572397957e-02 -2.586635479190960707e-01 7.523343965673031167e-03 2.581082547315608489e-01 -7.926659554568184218e-02 -2.526062358873139013e-01 -3.226549708420574647e-01 -9.456373464610459689e-02 -4.258908581926685866e-01 -3.393681410199821807e-02 -1.752690801208358629e-01 -1.800660412620179174e-01 1.542762180136619532e-01 4.313623614998875200e-02 4.939320628823538201e-02 3.964552121351305053e-02 3.569200954903537504e-01 1.389649440071536179e-01 4.706477746813561569e-01 1.588899565905587397e-01 1.071222726531219083e-01 1.257554446269012749e-01 -2.536569572885898349e-01 -6.550304339478954518e-02 -3.654555644200855324e-01 -2.769954768641227916e-01 -3.179810026492164154e-01 4.879014301553885602e-01 2.925153458732058231e-01 1.938766212219208696e-01 7.858597926267055778e-01 2.359316369393237856e-01 2.323494037127484813e-01 6.551242288078895637e-01 5.991361515119353331e-01 6.139367481262507642e-01 5.553586098418520356e-01 3.529944843192382442e-01 5.025264603658126383e-02 2.798022426858432984e-02 1.268358117368932059e-01 -1.726690033020133463e-01 -2.178942108316476445e-01 -3.607157927230726924e-01 -4.405567305370390319e-01 3.627676104779670729e-01 1.698647568804009800e-01 -9.599599462671384170e-03 5.326344656536486505e-02 -2.628607586972868670e-01 1.322510413147245630e-03 -2.345142527885828165e-01 2.795798807255474583e-01 -7.364259285928465015e-02 2.288236572175976133e-02 -1.054968959286659187e-02 -3.317404339389020129e-01 -1.755105668651266437e-01 -2.003620878573070252e-01 -2.340762101819458263e-01 1.636389835295137471e-02 -7.248096045344308569e-02 -2.140263838045425304e-02 -1.953292773776699187e-01 -3.293910046324412533e-01 -5.010779543979389933e-02 -3.161182012651669315e-01 -3.127986092775707216e-02 1.241747406293576134e-01 -1.801651147762279859e-01 2.451003087055440011e-01 1.542021131088777419e-01 9.399446642702467825e-02 1.328677732325230128e-02 -3.465998283429120863e-01 -2.753373327006236049e-01 -3.234410826805664274e-01 5.511278948750225615e-01 2.445704704085797654e-01
4.888680692953668028e-01 7.079586654231013743e-01 1.000000000000000000e+00 -3.224816163598497043e-02 6.097386551539049071e-01 7.624423474150190394e-01 6.584256533270019807e-01 6.715293772039188092e-01 6.543777560467382015e-01 5.530190092529069235e-01 2.657672047183415320e-01 1.643593376182214683e-01 8.935155501780242537e-02 -3.078817152338401697e-01 -4.677008821218424650e-01 3.111597079898981155e-01 2.166331852332661345e-01 8.653953037885342425e-02 2.697086474207354562e-02 -1.352566284251581485e-01 -3.095678020337980785e-01 -2.135137431772025224e-02 -3.722524016082319198e-01 1.073808393672173733e-01 4.228434510149307046e-01 -3.654604741603752205e-02 -2.599194992480554078e-01 -3.346537451867035440e-01 3.348064199622899362e-02 -5.626091022240755635e-01 3.154069714806376906e-02 -2.065330039399352613e-01 -3.265660173614070572e-01 1.731326771667585362e-01 -5.455404884450355818e-02 9.066799133647851505e-02 1.087175157281051185e-01 4.369733062171523019e-01 8.529278716110384739e-02 5.892243131762656683e-01 2.134668838674899649e-01 3.155990540377711095e-01 1.373389017539574930e-01 -2.185778589917617143e-01 -6.731527227697342575e-02 -4.664531383208754267e-01 -3.957661165862401687e-01 -4.306882253740739741e-01 6.656392460211019158e-01 3.724937126549258126e-01 2.203636312893503535e-01 8.243600375246853407e-01 7.649113588478111125e-02 -6.602817972066192531e-02 7.722682323535554616e-01 8.225628759058476458e-01 5.940842783030009233e-01 6.383774789057697907e-01 5.024585059694155476e-01 1.272199368773240802e-01 9.059440254469139364e-02 1.175386075631293381e-01 -2.551885077697055859e-01 -3.307943929682684026e-01 -4.320548989951708552e-01 -5.293572217580289063e-01 4.762337437698643261e-01 1.559540683228698155e-01 -6.924723759661051414e-02 -4.675935683571617700e-04 -2.926461162868476684e-01 -4.277766189274408853e-02 -3.434135039827633795e-01 4.416082301255620512e-01 -6.451913463552705341e-02 1.593336738643280903e-01 8.713351777383684937e-02 -3.879527231771185414e-01 -8.368031310882613483e-02 -2.379575919551427388e-01 -1.939749578619894832e-01 -1.248826759487925257e-02 7.207151346423487648e-02 -3.709672122485191403e-02 -1.900732268824335547e-01 -4.075491822337448111e-01 6.364757102413405414e-03 -3.384390428456061084e-01 2.100828273835263216e-02 2.671221657987221110e-01 -2.236889699668456188e-01 4.582788565632887612e-01 2.834395248919581167e-01 2.933921094315355416e-01 1.372835998880006514e-01 -3.007363681375636033e-01 -3.530613662089344684e-01 -4.196816803464558654e-01 6.725544205264561981e-01 3.345850370040345245e-01
1.208126955605553360e-01 2.222031484757668041e-01 -3.224816163598497043e-02 1.000000000000000000e+00 2.070330259257436578e-01 -6.569094303916125921e-02 7.953690626521109364e-02 -1.176915121333277220e-01 -1.946499893606987996e-01 -2.236807085110284199e-01 -3.001236437505482857e-01 -2.592505645544460058e-01 -2.691520295285223519e-01 -1.701242653036903751e-01 -1.382952163077744157e-01 3.994673013363592151e-01 -3.235592814530594552e-01 -3.155087561896002812e-01 -2.913739682134627307e-01 -3.150327814099527779e-01 -2.573543030186500880e-01 -2.671156255602835095e-01 -1.732972627618509787e-01 -3.836892247536095035e-01 -2.193703428171850933e-01 -3.117445920682294092e-01 -1.604638267570832055e-01 -3.111822911188772967e-01 -3.082096284770618477e-01 -1.492501926764647491e-01 2.420078994273728579e-01 2.086496663464056933e-01 4.546145373592504479e-01 -3.471047665086473555e-01 -2.640223210881731952e-01 -1.468535656776433496e-01 -2.499976393707156741e-01 6.794865547023141994e-02 -1.051867156021705912e-01 -1.623032789848049273e-01 -2.835501553662656549e-01 -2.952858163216314225e-01 -2.903660368547501536e-01 1.173523472021438946e-01 2.816691319686858153e-01 -1.549910085245958247e-01 -1.030201800717427119e-01 -1.104192933958290518e-01 -1.783505418284992150e-01 -1.965008274042760461e-01 2.429224508898066015e-01 6.153494727459915548e-02 4.947877291570058067e-01 7.949555261316082477e-01 -1.162183394296976563e-01 -1.430416651970506658e-01 -8.512669985176987350e-03 -1.998330019079942177e-01 -2.534498001445127935e-01 -2.533265752607469223e-01 -2.250884175294706191e-01 -2.496449396688332767e-01 -2.202530072736814393e-01 -1.872708823472744311e-01 -2.287625111479794637e-01 -1.503220169521383431e-01 -2.085849113097290597e-02 -3.192638947748459577e-01 -3.705813834048719002e-01 -3.271972446359586728e-01 -2.628341840256180340e-01 -3.507412489074646089e-01 -1.564875884953268736e-01 -1.305975089782810128e-01 -3.215176503061118463e-01 -3.098651683744056973e-01 -3.089308761562100658e-01 -2.337391306812509895e-01 1.168785303156820859e-01 1.813505956143466602e-01 -3.985417490748662805e-01 -1.978624548016235940e-01 -7.758336409442678772e-02 -3.377775693226758302e-01 -1.365016609930999048e-01 -2.163283597738623887e-01 -2.553072930515701833e-01 -2.749759266476293207e-01 -2.879593074493528859e-01 -3.420121314360002329e-01 1.900286312682621659e-01 -1.688150487971177283e-01 -1.150918026790027221e-01 -1.646183178734186014e-01 -3.460967498001922826e-01 9.996468348332250564e-02 -1.595966002760804414e-01 -1.261149453319567182e-01 -6.596708460227722337e-02 -1.944511632540874557e-01
2.061224015338091742e-01 7.220074884258645964e-01 6.097386551539049071e-01 2.070330259257436578e-01 1.000000000000000000e+00 5.731272554854374146e-01 5.588133397101092692e-01 5.868751979255787399e-01 5.007711597051266450e-01 2.771797017433821342e-01 8.906480390986198925e-02 4.374252545213654086e-02 5.015332599806011926e-02 -7.923540590022651320e-02 -2.214361856189170086e-01 2.407889998526736297e-01 1.954458765356954508e-01 1.748453334775129098e-01 7.546364436074275150e-02 -7.977657487333327316e-03 -1.009385916977916936e-01 6.650137288458622675e-02 -1.515745157455092862e-01 5.632829947672335358e-02 8.068647202012067809e-02 -1.004501287154095368e-01 -1.861070210238422173e-01 -2.362759810471805610e-01 -3.273939650457807077e-02 -2.880722214905150347e-01 -6.510584564026976329e-02 -2.920006377204251158e-01 -1.464518343335340922e-01 2.063742815377150319e-01 9.163383768837664312e-02 2.082813080140972772e-01 7.734288238440961694e-02 2.025206425227995544e-01 1.660947310794657350e-01 4.202102399154063472e-01 2.509642675688141811e-01 3.584991812928842864e-02 1.104997658899214558e-01 -9.587684157194908963e-02 -2.243538165767802392e-02 -2.083145881207928152e-01 -1.439445059317654985e-01 -1.340215296712471971e-01 4.730315699696851506e-01 3.859553978332029289e-01 -2.508058669335917062e-02 5.714906864187120350e-01 1.546158917680612310e-01 1.926759667807820542e-01 6.617345727180092840e-01 4.735233197362710422e-01 5.202987861116021850e-01 5.316660933901445896e-01 1.886753292837725915e-01 4.066987399612453230e-02 7.515851478637039507e-02 4.654322162118181699e-02 -6.188555455855854204e-02 -9.563068350465794842e-02 -1.847641064867792393e-01 -2.750080633345833858e-01 3.592603180471026780e-01 1.384780080044335226e-01 3.176911994798251038e-02 1.169007091540438525e-01 -8.666857248883565179e-02 1.906051957025864732e-02 -9.067674882375013901e-02 2.989759714796743628e-01 -1.285172259545488450e-02 -4.845770045060827230e-02 2.181419871110926514e-02 -2.288604858977682788e-01 -2.444172658879233961e-01 -3.746647351911109869e-01 -1.535069654174751608e-01 5.934490753430194526e-02 -9.437670008277605771e-02 1.569385474281382448e-02 -1.708834554052998111e-01 -1.751980860320980493e-01 -2.520447353904028032e-04 -2.809337431492966997e-01 1.010486045395453947e-01 1.619953960200079535e-01 -2.627567281099896790e-01 7.417597456399435685e-02 1.618347316907290112e-01 3.211220627732687752e-03 9.445624542686693881e-03 -1.988964331557152299e-01 -1.327405046313196169e-01 -1.589651564787333549e-01 5.078936614484867995e-01 3.359428051038425012e-01
3.978642845392205141e-01 5.969450668343857513e-01 7.624423474150190394e-01 -6.569094303916125921e-02 5.731272554854374146e-01 1.000000000000000000e+00 6.902406658308959386e-01 6.932537343316105272e-01 7.573042985027560459e-01 5.522014178310420407e-01 1.987932380464881577e-01 8.820165740897482898e-02 1.523137454492305976e-01 -1.316896112832529608e-01 -2.763501361212580276e-01 1.986873159211340889e-01 2.605243092455274967e-01 1.560259895510087980e-01 9.151138682752947562e-02 -4.946162383237841242e-02 -1.909392888029778079e-01 4.537559925311721379e-03 -2.329395255800499054e-01 4.080764135575772056e-02 3.448684763151889654e-01 -1.022578917995532605e-01 -1.921229071900120988e-01 -2.746873251308346031e-01 1.033926028806757096e-02 -3.703832669411507017e-01 -1.016034212252742673e-02 -2.366735314236651233e-01 -2.211317792336411070e-01 1.793046503760978849e-01 7.988933267649463502e-03 2.010905941927989271e-01 5.176808279286098519e-02 3.975441574459067651e-01 1.599535925310465456e-01 5.605577824658452002e-01 2.312805848146564647e-01 1.382840561425458248e-01 9.181617792194331218e-02 -1.849539176807533380e-01 -8.456450467944943983e-02 -3.269933114147841602e-01 -3.091362888157382915e-01 -3.018048266045270100e-01 7.160616167585109881e-01 4.063183752274598382e-01 1.974563164909771407e-01 6.508612111494205266e-01 1.492646415449187525e-01 4.005501816120932146e-02 7.973124931530154447e-01 8.403244306922030837e-01 6.049958400966601868e-01 6.661961437278293152e-01 4.775046739211858959e-01 6.390651977521709382e-02 4.822219083271699069e-02 1.597106451770641811e-01 -8.036250725305109366e-02 -1.713902924709284348e-01 -2.848456591354582845e-01 -3.697811566018143203e-01 5.351019044447946627e-01 1.863367141559840456e-01 -4.863068178707623951e-02 5.579490146009601775e-02 -1.982796624087013460e-01 -2.573655003289339674e-02 -2.326642361573615092e-01 4.602587167646746136e-01 -5.860414183391335352e-02 5.124906287834267091e-03 4.179139427329259943e-02 -3.096796080932423534e-01 -1.141163422413126322e-01 -3.019155946448387473e-01 -2.544989412083098479e-01 -6.591510357802644882e-02 -3.164953932735613956e-02 -8.848523503413564806e-02 -2.143431344244172143e-01 -3.411828755623680376e-01 -6.367055136038830832e-02 -3.284154808283233917e-01 7.895697472229988578e-02 1.854903935460351094e-01 -1.893260692713800708e-01 3.589226892036644356e-01 3.150927931059268050e-01 1.887656242370650828e-01 2.858840136488383435e-02 -2.806137974463007168e-01 -2.592178736721935106e-01 -3.361754489045954974e-01 7.394993725365105464e-01 3.401022477054905235e-01
3.077681170125943777e-01 5.738042700668191110e-01 6.584256533270019807e-01 7.953690626521109364e-02 5.588133397101092692e-01 6.902406658308959386e-01 1.000000000000000000e+00 6.980687361134447766e-01 6.983998439576812878e-01 4.864610600481598102e-01 1.114526329961706835e-01 6.717031825481731278e-02 8.224777966174817712e-02 -1.326100508253842680e-01 -2.995456146912113815e-01 2.489886454311826813e-01 2.797604485099949856e-01 2.005899116394899151e-01 1.543040576742444325e-01 -2.160150251889238638e-03 -1.573965758110927593e-01 -3.617493119239370558e-02 -1.633971335432856664e-01 8.373937474155797311e-02 2.532748247249568263e-01 -1.858616767082038324e-01 -2.061403188651756146e-01 -3.544311826289575085e-01 -2.406477329664479924e-03 -3.454269525308924504e-01 1.957845836017042124e-02 -3.422270774435603458e-01 -2.572911970483354738e-01 2.205942150701447890e-01 -4.947031236547169003e-02 2.734140214243037659e-01 9.801495213677872964e-02 2.775352186085547901e-01 2.227750556574651375e-01 7.349173440059127982e-01 3.160626656754717545e-01 1.422227111512069930e-01 3.183406662280694605e-02 -1.583060214465613069e-01 -1.034425311912787887e-01 -3.110905193916955191e-01 -2.287305603247346275e-01 -2.691083450854797054e-01 6.308194298564003821e-01 4.981185076620702756e-01 8.313714098781636863e-02 5.774024291441188783e-01 2.095377221351288899e-01 6.369646834664091650e-02 6.787930266775901167e-01 6.877013495068362570e-01 6.347169255669855570e-01 6.861701717952555235e-01 3.731833520113242431e-01 5.784845115078881411e-02 4.668318736263186303e-02 1.079004305666103058e-01 -1.174957806780947966e-01 -1.104848578497360789e-01 -2.144666204035714785e-01 -3.504972978932964223e-01 6.978368325051665932e-01 2.272898495744437863e-01 4.527390599886092076e-02 1.529515840163621909e-01 -1.459366209348018639e-01 1.390790113970893568e-02 -1.503836701852777347e-01 6.138254870226693694e-01 6.196740845049907714e-03 -2.458942705688028918e-02 4.929175648968740775e-02 -2.573992762699260362e-01 -1.922441724664596396e-01 -4.038554805882745846e-01 -1.824296125227578558e-01 5.661312518693699912e-03 -3.573902428496714134e-02 -6.845210102938117935e-02 -9.651051870668037047e-02 -2.807043515527130606e-01 -2.409036692660084314e-02 -3.125985703281385364e-01 1.581747411521786939e-01 3.123087930713386307e-01 -2.946780244442763208e-01 3.417261794556207266e-01 3.983840003087268933e-01 1.812560293662101030e-01 5.383645255739662183e-02 -1.650353631911392616e-01 -1.588032908421362355e-01 -2.695712937845791690e-01 6.349078021621812340e-01 4.462923264785463862e-01
3.235178342354937953e-01 6.254270238974110052e-01 6.715293772039188092e-01 -1.176915121333277220e-01 5.868751979255787399e-01 6.932537343316105272e-01 6.980687361134447766e-01 1.000000000000000000e+00 8.255018737330069856e-01 4.945262139059772855e-01 2.343082742005700991e-01 1.775723173028600499e-01 2.469008529146535513e-01 6.971114981255712578e-03 -1.925059243391814001e-01 2.505699415506800753e-01 4.279633458348016117e-01 4.459720486204981071e-01 3.101401256899669612e-01 1.369560425791553904e-01 -6.890951378180814983e-03 1.525496021618490960e-01 -6.455027623373665868e-02 1.889204129960978529e-01 2.565531497229977531e-01 -9.375079844332109141e-03 -1.888290793429659442e-01 -1.924012022004427669e-01 8.185027047694783120e-02 -2.655972841904153947e-01 -1.462098629034446484e-01 -4.073674211357735664e-01 -3.450525475619230509e-01 4.282134992783462879e-01 1.530345418435963556e-01 3.246540849492810521e-01 1.171394849587650416e-01 1.860422761530590441e-01 1.750974715125276082e-01 5.760420098853188398e-01 3.800863110414768875e-01 1.957621405581516372e-01 1.713917428078675920e-01 -3.196249813460159128e-01 -2.437018213631826358e-01 -2.510981105193909046e-01 -1.636136842044717821e-01 -1.882461864156511344e-01 6.578672391121842544e-01 5.128305448748203821e-01 8.264287963912657353e-02 6.601608207757918567e-01 1.224960336184241216e-01 -8.673966916934644500e-02 8.171800809378017005e-01 7.075160195842004063e-01 8.627511520562640701e-01 8.670267212633934184e-01 4.164218564537450207e-01 1.957860826895420348e-01 1.772065280934756182e-01 2.852492461811915181e-01 1.282482014606493512e-02 -4.455736279098806638e-03 -1.013082976333552487e-01 -2.469334608118098906e-01 5.260446773838137746e-01 3.979644137903768919e-01 2.728873901667634994e-01 4.006943401817795736e-01 -1.552026892154789901e-02 1.589905254524624778e-01 -5.194272179583550586e-02 4.204182875058904423e-01 1.531654177272178952e-01 7.366823057580178247e-02 1.697561405070588114e-01 -1.535839015262202012e-01 -2.569924814463843687e-01 -4.236073559528402699e-01 -3.711898707721927176e-02 1.710195772884759158e-01 -5.333417127382610035e-02 1.614314988012609808e-01 -6.980031954262791438e-02 -1.573856493281248770e-01 3.820481979901756142e-02 -2.187425828553521134e-01 2.921055470264192211e-01 3.492427793468755870e-01 -2.367037210338421849e-01 2.449805216636240512e-01 2.593728875277053758e-01 1.288213342619880242e-01 1.215174281867574813e-01 -3.770291147085853001e-01 -1.129705136011640715e-01 -1.736848614407489610e-01 6.618837697931084785e-01 4.570974527552069122e-01
2.882223295181522982e-01 5.133509097243824648e-01 6.543777560467382015e-01 -1.946499893606987996e-01 5.007711597051266450e-01 7.573042985027560459e-01 6.983998439576812878e-01 8.255018737330069856e-01 1.000000000000000000e+00 6.340253638218603660e-01 2.628025059017585208e-01 1.482185325523497632e-01 1.771429255032302696e-01 -8.493607201257995232e-02 -2.723257634028179996e-01 1.604467680112090233e-01 3.403517630079767597e-01 3.803688447159882524e-01 2.128829780282170403e-01 1.297546129449695107e-01 -7.065972783109190913e-02 5.106379109257171145e-02 -1.449125873787308616e-01 2.278781089820849093e-01 4.052230825751950705e-01 -2.752265699228611043e-02 -1.538896393328204604e-01 -1.820602533166161274e-01 7.119526967718250998e-02 -3.061475124100233591e-01 -3.784807370527860926e-02 -3.559577171660021633e-01 -3.181908445393404339e-01 4.091403449794510649e-01 7.436966645228289263e-02 3.426050517660721995e-01 1.382885681917440934e-01 2.301468570360379329e-01 3.146725823383194481e-02 5.988063738569081584e-01 4.156185660654455605e-01 3.310759999579508950e-01 1.725240956000566872e-01 -2.152971160957754260e-01 -1.291968683432808684e-01 -2.704995536458478234e-01 -2.280038161611636638e-01 -2.163492259191797662e-01 7.313509803139673915e-01 5.602319832605454630e-01 7.010586196157023164e-02 5.843315680524006073e-01 -1.259641121541221591e-02 -1.657722082123665452e-01 7.724625592942081509e-01 7.872122748136404224e-01 7.128598667624352903e-01 8.792977584374295219e-01 5.367377869311811267e-01 1.755538482409140233e-01 1.434273190016417399e-01 2.249259012221364873e-01 -5.885988916690852030e-02 -9.196854352657940490e-02 -1.619591661397101201e-01 -3.172831798642414824e-01 6.059389994654983402e-01 2.798732902518494825e-01 1.764836384453907503e-01 3.072761073281742306e-01 -8.673502647297501311e-02 1.230488182666946567e-01 -1.516291260443803912e-01 4.845209195897575150e-01 1.059324905124396921e-01 1.831639064792396077e-01 1.410811180496030492e-01 -2.028889776653693411e-01 -1.825766118606600985e-01 -4.025400020559303238e-01 -4.686537827912217596e-02 1.656744742772940093e-01 -3.831629281486286995e-03 6.905474857921777010e-02 -7.131505809792271222e-02 -2.435403342148425021e-01 4.422766708899816823e-02 -1.865149348861961931e-01 3.085236719611421652e-01 4.570390288148595270e-01 -3.195054166792781203e-01 3.159444754212403783e-01 2.388066820123525835e-01 2.266582297554516345e-01 2.282848345704243664e-01 -2.733082039539487806e-01 -1.802502450495741260e-01 -2.374112040572047555e-01 7.399069353831208007e-01 4.996663009189135085e-01
3.453900170280608251e-01 4.144072396606429121e-01 5.530190092529069235e-01 -2.236807085110284199e-01 2.771797017433821342e-01 5.522014178310420407e-01 4.864610600481598102e-01 4.945262139059772855e-01 6.340253638218603660e-01 1.000000000000000000e+00 4.006502358451494161e-01 2.237986280896495650e-01 8.255499859946104080e-02 -2.506173643142627916e-01 -3.700275661153530904e-01 2.127171205568482437e-01 1.813859733526496099e-01 -5.853264337850689648e-03 2.017915415482807173e-02 -1.874850065561294576e-01 -2.944512772049683869e-01 -2.973647772739590120e-02 -2.784732056873569506e-01 1.779951823210476625e-01 7.404712054480252492e-01 2.616481182510426232e-02 -2.614780975460283541e-01 -1.724539297873970145e-01 -3.413612975625387666e-03 -3.787683027465919561e-01 7.057526247980357159e-02 -1.121935206902788529e-01 -2.169204395124749718e-01 1.611112904380417321e-01 -6.032272464542366708e-02 -5.423377589288955192e-02 1.518918445596868783e-01 5.362197817230558439e-01 7.505970974583842104e-02 5.985742383774032005e-01 1.820674328784768758e-01 4.764510146641696697e-01 1.635179752357036886e-01 -1.732853756580575999e-01 -2.173823395463414521e-02 -4.113833302602006303e-01 -3.930589533076400688e-01 -3.995789892193056247e-01 5.284091921831161054e-01 3.144032345965696029e-01 1.778458665904714409e-01 5.206753338274511256e-01 -5.518432682909513165e-02 -2.118860648267469893e-01 5.115048454435967562e-01 6.409227381587451200e-01 4.155822573296452105e-01 5.663290716042016504e-01 7.800216577602012702e-01 1.684373307237733708e-01 8.772460196962256207e-02 1.199186884736476860e-01 -2.101731940207897109e-01 -2.748298703817037003e-01 -3.827037031429699199e-01 -4.383239527381183054e-01 3.669372547880341284e-01 9.531971047274287456e-02 -9.010684078691583165e-02 -7.628499119268117301e-02 -3.153771042279466252e-01 2.301508877141079240e-02 -2.895477193469677135e-01 4.452344167675257314e-01 -1.400696621124459217e-02 3.669362099076407535e-01 4.553449728040765560e-02 -2.258891450890183061e-01 -5.080447662293309519e-02 -1.164373549471218322e-01 -2.009934444623019678e-01 -5.757716870298516809e-02 1.233978076796223844e-01 -2.618946855678103147e-02 -1.482954098949117172e-01 -4.288551186849192121e-01 5.510481456813464546e-02 -9.541527962385583372e-02 -5.540974499013201493e-02 3.133320479855553065e-01 -1.590572235946666468e-01 4.923255318600025521e-01 3.404018708376872482e-01 4.168842035310669214e-01 2.472385472967659759e-01 -2.108236611483243761e-01 -3.207779001906602145e-01 -4.032019216378273097e-01 5.529818924541289871e-01 2.715734725761046464e-01
-5.622492980748539787e-02 1.449941712660834103e-01 2.657672047183415320e-01 -3.001236437505482857e-01 8.906480390986198925e-02 1.987932380464881577e-01 1.114526329961706835e-01 2.343082742005700991e-01 2.628025059017585208e-01 4.006502358451494161e-01 1.000000000000000000e+00 7.881865193852537477e-01 5.211556502217226106e-01 1.303189255960921222e-01 1.371602895931790245e-01 -1.552568496734514358e-01 4.437820780680731825e-01 3.115146973650935736e-01 3.268647788773069163e-01 2.637748080968799202e-01 1.664084898652621880e-01 2.734030085157327927e-01 1.130033020854358944e-01 5.884594005107111059e-01 3.645050088900054219e-01 6.289821203960371809e-01 -4.945130666248917853e-03 1.135111547172251156e-01 3.812525650659435716e-01 -4.821844375092633646e-03 -2.847975164222600331e-01 -3.720285802372299555e-01 -4.982742760191296028e-01 4.207537885262490618e-01 1.735011655603441727e-01 2.491741437087950373e-01 2.842772333243758220e-01 -9.947531751052762425e-03 6.276246614844974148e-02 3.331331555832804936e-01 3.598658116672856511e-01 3.522505274845965650e-01 3.712086101932274285e-01 -2.982163519359832399e-03 -1.179453007417480270e-01 -5.167697902794216730e-02 -1.864678557466723646e-02 -1.669624578085657229e-02 4.158497304686664675e-01 4.880001837221414340e-01 -2.560212432746351019e-01 1.514791653018822404e-01 -3.760173254879355942e-01 -3.617168060203912461e-01 2.368928901212143112e-01 3.247548377886660953e-01 1.843903514639646246e-01 2.898771613688005400e-01 3.697067866960041527e-01 7.724479650787484664e-01 6.970569609655025145e-01 5.091683477324494556e-01 2.046932781709805693e-01 1.414932366713342882e-01 3.255986732988289112e-02 8.156354498675330578e-02 1.572986298421816531e-01 3.450339436489983647e-01 2.739435192604554592e-01 2.096095405900398889e-01 1.732661892663215908e-01 3.342765462499827644e-01 1.366958514927437418e-01 2.746247331263530489e-01 4.596652550731392117e-01 6.274265919438739569e-01 3.934830650459184564e-01 1.933880915293751390e-01 -3.190822438224865110e-01 -3.444406356296124128e-01 3.165981819106498119e-01 1.644231546830887680e-01 -4.689488265933439669e-03 2.397551995929173563e-01 5.155978549946599321e-02 -7.220166182422478249e-03 3.161038734340017031e-01 4.226337925633593534e-02 3.659945969502582663e-01 4.518267198724746359e-01 -3.474836330056715883e-01 2.303936683085638371e-01 1.925655771486558532e-01 3.570448133524061624e-02 3.993775692020933299e-01 -6.630366381181175550e-02 6.585275093237381860e-02 1.749499283474480194e-02 3.710755127449037460e-01 5.497794652264479387e-01
-1.684693438912269192e-01 7.075140520505894537e-02 1.643593376182214683e-01 -2.592505645544460058e-01 4.374252545213654086e-02 8.820165740897482898e-02 6.717031825481731278e-02 1.775723173028600499e-01 1.482185325523497632e-01 2.237986280896495650e-01 7.881865193852537477e-01 1.000000000000000000e+00 5.857898301158026566e-01 2.943023331536058773e-01 2.776001173976376801e-01 -1.652608290086907128e-01 5.525170725496301172e-01 4.358950752824993780e-01 4.689430835488758165e-01 4.054846730658343557e-01 3.374239913670834534e-01 4.097405673020278472e-01 2.989073753148694390e-01 6.812917555232275157e-01 2.167450573906762601e-01 7.078165444711272958e-01 6.131015041636788537e-02 1.879639116405525945e-01 4.249456653835129716e-01 1.599363345665532066e-01 -4.031063776619976391e-01 -4.134942043261153888e-01 -5.055421692468637929e-01 5.144104544310588167e-01 2.471071353246594993e-01 2.994252730037816890e-01 2.335567018839830034e-01 -1.958428519988469341e-01 9.503893087909137671e-02 2.539391978456175814e-01 3.714494009660375129e-01 3.072639774172241656e-01 4.268195299918507435e-01 -5.094793950882635369e-02 -1.915208810743721790e-01 7.628862398722875693e-02 1.326490694755842192e-01 1.408469713356288178e-01 3.001675393830474103e-01 4.463025296976523837e-01 -3.157141485814036752e-01 1.797202099170492132e-02 -3.909237878352526119e-01 -3.505423797163795818e-01 1.639631898289627687e-01 1.648570911726821853e-01 1.316286087226791468e-01 1.988882985914099122e-01 1.710498381623132280e-01 8.164493026708397050e-01 8.056488795806113767e-01 5.781021190141689692e-01 3.348066906822326216e-01 3.103203211779224646e-01 1.871208700360605104e-01 2.545033971885402035e-01 4.522087490043005115e-02 4.614386157171082581e-01 4.125367225418697936e-01 3.489701805678183666e-01 3.232750170547439850e-01 4.449624654838882365e-01 3.309932077978722242e-01 1.895467573681599849e-01 5.703719176996411289e-01 6.359140570722773278e-01 4.195511835793878652e-01 3.422938143837142566e-01 -4.442316215996602868e-01 -3.638309617995759693e-01 4.174839771203496253e-01 1.678733956450849107e-01 -6.837053305851982510e-02 3.129986471720482277e-01 1.427693902603581755e-01 1.442683065648184826e-01 2.577261676280450664e-01 6.879920508888071051e-02 4.489352867858727447e-01 3.714295537843477768e-01 -3.287931076214195558e-01 1.032911072656655244e-01 1.621311677748666358e-01 -9.845155059915286500e-02 4.333783100383147291e-01 -9.031071393839538997e-02 2.140198975390772973e-01 1.528297897865661947e-01 2.200846187964598244e-01 5.005274571879253509e-01
-7.949213633442701876e-02 8.808876079929454928e-02 8.935155501780242537e-02 -2.691520295285223519e-01 5.015332599806011926e-02 1.523137454492305976e-01 8.224777966174817712e-02 2.469008529146535513e-01 1.771429255032302696e-01 8.255499859946104080e-02 5.211556502217226106e-01 5.857898301158026566e-01 1.000000000000000000e+00 5.914644779457578494e-01 5.412572486011663075e-01 -1.508902265951622967e-01 6.753807467606798287e-01 5.257908864209899225e-01 6.826376632096496921e-01 4.500596739650322697e-01 5.192679621810089019e-01 6.018829846275616235e-01 5.014884524887009976e-01 4.860764327063035184e-01 -7.630643515934824872e-02 5.546149147550151204e-01 1.732978084437625521e-01 3.262366277298177075e-01 5.409557358441650088e-01 3.855474477519328924e-01 -4.356860956887879111e-01 -4.930667052514985937e-01 -4.228438203466612921e-01 4.997120942765887475e-01 5.177257352426041237e-01 2.364934454539550091e-01 2.747433417811729339e-01 -2.655444688649937768e-01 2.334802899516026931e-01 1.909163223232201445e-01 2.709309273520423833e-01 8.848467080042669852e-02 3.393358366608109078e-01 -1.622613280324214091e-01 -3.401242389671180200e-01 2.320601067778270132e-01 3.445359286851225056e-01 2.848844810729189714e-01 2.000523705824701071e-01 2.789278587889784111e-01 -3.142843418907171338e-01 5.643092567972969598e-02 -1.962150905146496926e-01 -2.287432880026746551e-01 1.946063566714903159e-01 1.437092688555574593e-01 1.827146845400384467e-01 1.773237409866753045e-01 7.598068326965795594e-02 5.516112818600996670e-01 5.834500840369902797e-01 8.971416571235504289e-01 6.382323436669994354e-01 5.718762431442518945e-01 3.915761436922987060e-01 4.719228916274101349e-01 7.445814381536947080e-02 6.790077554456196429e-01 5.310381474999946727e-01 4.353900598972718639e-01 4.791162687756976846e-01 6.393589037316358414e-01 5.210879766948302017e-01 1.844665080101894616e-01 5.804531249962928685e-01 3.078782866202430246e-01 5.778656070606951189e-01 5.259928014641704896e-01 -4.497266933229940311e-01 -4.408912062501578188e-01 3.992577573760193177e-01 1.100007781819268421e-01 -1.710303361041980996e-01 4.464111723972567503e-01 2.397935111607207848e-01 3.393548656119697582e-01 3.213481423781522350e-01 2.125183872190146983e-01 3.370982049882935150e-01 1.839416515190759049e-01 -3.081093687232612233e-01 -4.898099030562779593e-02 1.765151993642629091e-01 -1.188618894447485697e-01 2.178464197187597040e-01 -2.165554576918699015e-01 3.612355833378271264e-01 2.955663576469867992e-01 1.804659782037168758e-01 2.921799904334698716e-01
-2.901646214049826145e-01 -2.161901697230998454e-01 -3.078817152338401697e-01 -1.701242653036903751e-01 -7.923540590022651320e-02 -1.316896112832529608e-01 -1.326100508253842680e-01 6.971114981255712578e-03 -8.493607201257995232e-02 -2.506173643142627916e-01 1.303189255960921222e-01 2.943023331536058773e-01 5.914644779457578494e-01 1.000000000000000000e+00 8.690500550675176461e-01 -3.654857038288696347e-01 5.136349263985909852e-01 5.061896868686711626e-01 7.255819112786767722e-01 5.394697545933134775e-01 8.108220040689928521e-01 5.824554145667637517e-01 8.282104742302712763e-01 3.483996696069474042e-01 -4.216567718144112464e-01 3.816460972921167927e-01 3.885555954332454709e-01 5.772898954522086568e-01 5.231119959639760619e-01 7.802223548175361012e-01 -4.422147059947821313e-01 -4.811547773987743803e-01 -2.628322022003317660e-01 3.853417638263802458e-01 4.789522341408097850e-01 2.885072259860391175e-01 2.346174241385411696e-01 -5.145358197174559889e-01 2.359497775110453444e-01 -6.608630998726686134e-02 1.843469761047872857e-01 -6.553749213782690541e-02 1.911244451970274816e-01 2.971567730905767812e-02 -2.927438299070512784e-01 6.277530924041634375e-01 7.468851274716964417e-01 6.724762904945352782e-01 -1.042398046274490703e-01 1.140312003995270218e-01 -4.724395100680862103e-01 -3.200188477469625981e-01 -1.943345435469112370e-01 -1.768906577470869546e-01 -4.699076652556589961e-02 -2.108543441697947052e-01 -2.415835378376786011e-02 -6.748619343448047925e-02 -2.597708851153684440e-01 2.571944011559595955e-01 3.536215061166624318e-01 5.230936890035955411e-01 8.559234784877053359e-01 8.539311322131718507e-01 7.462067087351651473e-01 8.323384104953744922e-01 -1.082784786879649602e-01 5.379231437656326609e-01 5.450244533910388878e-01 4.867893775297754133e-01 7.441171035516631616e-01 6.152103044144124899e-01 8.134975905139270047e-01 2.250613301045635561e-02 4.847724232254215226e-01 3.189038315195098089e-02 5.172870146710265571e-01 7.834747024894904710e-01 -4.406319577600111281e-01 -4.577721823424187320e-01 4.000256352096734358e-01 4.589099317941480738e-02 -2.638093447571853711e-01 3.520820027777217809e-01 3.676281094587811049e-01 6.963432648116867352e-01 2.985748459252203779e-01 3.464638886539200269e-01 3.711492619633565138e-01 -2.988409882037095303e-02 -2.618700603163098828e-01 -3.178448269850142616e-01 8.025025773290585251e-02 -2.323116412154188348e-01 7.734832035396160821e-02 1.002756884340477023e-02 6.712408784548427043e-01 6.549690080880824494e-01 -1.290685161140894543e-01 1.032298151005963671e-01
-3.750094076822448885e-01 -3.695745328063806956e-01 -4.677008821218424650e-01 -1.382952163077744157e-01 -2.214361856189170086e-01 -2.763501361212580276e-01 -2.995456146912113815e-01 -1.925059243391814001e-01 -2.723257634028179996e-01 -3.700275661153530904e-01 1.371602895931790245e-01 2.776001173976376801e-01 5.412572486011663075e-01 8.690500550675176461e-01 1.000000000000000000e+00 -4.125004786218176012e-01 3.956175494827532946e-01 3.769462809747066712e-01 5.684061329559982889e-01 5.008071173288753952e-01 7.880362734139849668e-01 4.456299437213946391e-01 8.027900915603639609e-01 2.882264997237444781e-01 -4.781969184933109740e-01 3.977542343859449825e-01 3.749016165552145896e-01 6.085275162954757455e-01 5.042438248442570048e-01 8.380357455656322063e-01 -4.202501358458383685e-01 -3.754184198555262086e-01 -1.682415361856259006e-01 2.521692549192933730e-01 3.592398299317687838e-01 2.198591317856474214e-01 1.291247310953564098e-01 -5.949839688988279862e-01 1.117873689267074172e-01 -2.352349619322048890e-01 3.866509264651927374e-02 -2.121619770265159299e-01 6.754021061397556813e-02 9.341104689725032717e-02 -2.442149609899810225e-01 6.242429204456482195e-01 6.767643475226470251e-01 6.601538213928244136e-01 -2.219158515572592916e-01 -1.794561023628292104e-02 -4.779398291243183716e-01 -4.545621444819109014e-01 -1.926625517038989543e-01 -1.274865699239479955e-01 -2.427008763872431363e-01 -3.535880206249710223e-01 -1.923516865516197438e-01 -2.567625718162001580e-01 -3.719236192564736032e-01 2.750984184273605471e-01 3.671233354403148352e-01 4.650034081271577913e-01 8.293072834957336825e-01 8.345511727437912031e-01 7.655579038088755617e-01 9.124800755415996001e-01 -2.039419235874516956e-01 4.205840160054764576e-01 4.710433893427396490e-01 3.975534392827876906e-01 7.468784246891133627e-01 5.174507825851781817e-01 8.083727533673240595e-01 -6.063015890356808490e-02 5.069582134198086232e-01 1.840703194410989174e-02 4.679138123495464319e-01 7.922964355209446419e-01 -3.866508316942588452e-01 -3.497043418368231404e-01 4.210984963594608943e-01 -4.698923114015939734e-03 -2.970937719138226907e-01 2.648522201206653381e-01 3.471727086642362736e-01 6.878187178427027648e-01 2.118340254708476200e-01 3.460156339345995535e-01 3.085879949842240677e-01 -1.215118574197995432e-01 -2.292342850437620039e-01 -4.352245642874809084e-01 -1.600760875840285180e-03 -3.336726448755980012e-01 -1.712292062156746050e-02 8.533931063740185508e-02 6.303230788926986738e-01 6.443551577843374956e-01 -2.459585386184320321e-01 1.314128597512609700e-02
