1.000000000000000000e+00 2.956004858203720512e-02 3.215872774444102772e-02 6.855202887501149478e-02 1.260744077234812743e-01 2.105981946444040326e-02 1.007702891955041258e-01 1.725302548506974787e-01 6.426907069976420250e-02 1.097153734247501566e-01 -6.744408932056679407e-02 -2.350008967688739792e-01 -3.562607109888484835e-01 -2.552059690622844879e-01 -2.131498283633636026e-01 4.254072933837719228e-01 -3.293498790684271094e-01 -2.633573906458902547e-01 -2.941896595760580269e-01 -4.228019795962101313e-01 -2.393092864860293933e-01 -3.478813185629401339e-01 -1.917606792018618223e-01 -3.048238346153546718e-01 2.377723764352568381e-01 -9.520127143360793132e-02 -2.969854223039504193e-01 -2.974057598177892725e-01 -3.734090816633831023e-01 -1.859988117455252388e-01 3.664188403446507203e-01 2.525332623300605150e-01 2.876721339761084129e-01 -4.191747088877616489e-01 -3.163905266136057826e-01 -1.020405415811847100e-01 -4.332297805625588416e-01 1.917702001969529835e-01 -1.587429795263000099e-01 -1.869426569482156020e-01 -2.465711011113353723e-01 1.078051257431800053e-01 -1.727265798578350720e-01 -2.463233927290760239e-01 -1.544311220616235159e-01 -1.321484833222586475e-01 -2.731354776943055174e-01 -2.015241945644885568e-01 -9.589830441990508658e-02 -3.643027253866234494e-01 4.661132733249546689e-01 1.724419480134677385e-01 2.099603059368309876e-01 7.199325835171023480e-02 1.076161002836917846e-01 6.066499651433659990e-02 1.059517304805360632e-01 -5.287553751671617702e-02 5.410516488224168669e-02 -4.341229771437906532e-02 -1.431016037387474460e-01 -3.119362772255191985e-01 -3.664555982218732355e-01 -2.464121301791853402e-01 -2.671299838327731435e-01 -1.760771822658935004e-01 6.002192755963742243e-02 -4.749857525777584355e-01 -3.862974742580525533e-01 -1.903034878909390659e-01 -1.496060578062088642e-01 -4.126778352506861869e-01 -2.291547259690673299e-01 -1.075727903253429069e-01 -3.747884343151999254e-01 -7.471398747538753049e-02 -2.966207193066335845e-01 -2.297985915716941607e-01 3.562254966345357321e-01 1.917586327507582733e-01 -3.344975034411944437e-01 -9.726317423420588471e-03 -7.623100809850605342e-02 -3.273458527392029693e-01 -2.380784106768590591e-01 -2.749224606491121881e-01 -3.986799726307765357e-01 -3.116281011125656697e-01 -2.648613492358582455e-01 -1.451789012136043278e-01 3.369082957276984258e-01 1.606761009885341318e-01 -1.310272424392985025e-01 1.619423930356662933e-01 -2.723824744331327513e-02 4.788134646044702597e-02 -1.829936278979383824e-01 -1.070854743051284780e-01 -1.207645046724367399e-01 -2.398500322395293038e-01
2.956004858203720512e-02 1.000000000000000000e+00 5.204521733867402133e-01 6.026505869731747511e-01 6.280151859091686051e-01 5.444892854460896547e-01 2.185932723716348114e-01 5.946815591138213675e-01 4.640115157818543445e-01 -5.803328413366777398e-03 -1.584599787379034064e-01 -8.150727583465612602e-02 1.639459326588249555e-01 1.417870427192820804e-01 1.226115057261083080e-01 3.385942343110742714e-01 -1.147498800702551336e-01 3.790075978876409901e-01 -1.275949195393773772e-01 2.908961020369486006e-01 1.065194204547645351e-01 6.530981802976579265e-02 8.841045941292319243e-02 -1.154322572417997295e-01 -1.195582595237058426e-01 -8.185237269555939443e-02 1.198822720099269185e-01 1.608263727711147927e-04 1.482317681483271143e-01 -5.642828332021611500e-03 -8.714326849680933962e-02 4.141941725691890286e-02 4.667098373076496165e-02 -3.479034001555836308e-02 7.632322309768027613e-02 2.834808037942614933e-01 -1.083218010333745762e-01 8.061525758142211494e-04 9.179236122795023101e-02 -4.140085447206361124e-02 -9.751657251969356177e-02 -1.203658087732047653e-02 -5.142118666303618912e-02 2.153897394423665707e-02 -4.293586669739298672e-02 4.215387247581094815e-02 2.008998997078877830e-02 4.717707600467870542e-03 4.543851177265317842e-01 4.594856501804708143e-02 7.387389491505418071e-02 7.804745230299611203e-01 3.168855466060274684e-01 5.783323506317857854e-01 5.501877365010742205e-01 4.975274282514224322e-01 5.257006500683614192e-01 5.180358172169525766e-01 -4.940625660779796730e-02 -1.624091123382342405e-01 -6.246180577707399761e-02 1.025069840961539552e-01 1.205754263026988515e-01 4.323424240663279600e-02 6.291938055283033404e-02 1.155118080977039913e-01 4.354145846962375471e-02 -7.473826817162711883e-03 -2.333894977531307188e-02 2.543102882356674255e-01 9.746431463161862874e-02 1.323140936757348229e-01 3.944247696192079017e-02 -1.651879862822927814e-01 -1.665261658877315032e-01 -8.595426124760434383e-02 2.033537842848010535e-01 -2.410937951101946655e-02 -1.126609866574073693e-01 7.665665073771231464e-02 -2.680055845688352201e-01 -1.054562283313549009e-01 -4.835208934539540065e-02 9.941102829273602837e-02 7.914053976732692008e-02 3.564363914720507232e-02 -7.808995793038341071e-02 9.973081299754782414e-02 2.978817603380551904e-01 -2.424764515866087156e-01 7.452932235783220338e-02 1.103710701839857727e-01 1.167757401680227097e-01 -9.423226729755476358e-03 -7.429558061200361441e-02 -9.390381556378006589e-02 3.528326489904541619e-02 -6.797265680386871400e-02 4.418542633915736872e-01 -5.233198086434713223e-03
3.215872774444102772e-02 5.204521733867402133e-01 1.000000000000000000e+00 1.038580836609030861e-01 3.206599647349951399e-01 6.202105409770217737e-01 4.051462981320388401e-01 4.380910401466656667e-01 4.574488985805553187e-01 1.487356684718866562e-01 1.028206056433871030e-01 1.131477285973663954e-01 2.687312515426691362e-01 2.966980713244061346e-02 -7.971681318466290744e-02 2.914735074470509169e-01 2.605512803874064365e-01 2.993295024863371068e-01 9.019180152399738915e-02 2.477356052409164233e-01 -4.444864704699588026e-02 2.083305652508690708e-01 -3.214287459106098671e-02 2.910456053663939002e-01 4.231201014610470185e-02 1.312667248567620237e-01 2.592224895404776977e-02 1.427414500701087996e-02 1.914915984127937842e-01 -1.355547523874285898e-01 -1.358487628395477764e-01 -1.515505779221512639e-01 -2.539777068325214104e-01 1.533619889061585417e-01 1.651818521899300896e-01 3.992226385336632433e-01 1.621349323432295375e-01 9.293169653137561825e-02 2.374782193272385600e-01 2.525625548261125619e-01 2.507462868448068760e-01 1.213075524524735299e-01 1.375296104516455231e-01 1.824350224460018211e-01 2.303588725931398351e-01 -9.338596530697346187e-02 -7.621329990940681198e-02 -5.375682251079618584e-02 5.713945193403159317e-01 2.772542259709810386e-01 -6.323894811743074884e-02 5.883513496390981867e-01 1.899813312274273580e-01 6.842969576168353441e-02 5.672122839145578022e-01 6.346773282250829373e-01 4.554072733302910736e-01 4.120282640606380276e-01 1.782711038033717998e-01 9.436364343884509620e-02 -5.101242254035441570e-02 1.632159098921285301e-01 9.685524764416002241e-02 -7.462595854653765459e-02 -5.957921029058853291e-02 -6.149483015416096904e-02 3.809972685792197278e-01 1.960495402992540048e-01 5.981899403014365874e-02 1.130334995545835206e-02 -1.028098507620660018e-01 2.594983425309867475e-01 -1.005400923934834656e-01 2.176593238124195639e-01 1.694595253219104425e-01 2.199678706330928379e-01 2.483424143267005113e-01 -1.022034741907353467e-01 -1.073288617607582457e-01 -1.043120076587687045e-01 5.473393960064569519e-02 -1.545871943417519989e-01 2.359438284752519155e-01 2.252139806098524544e-01 -2.603249770731750137e-02 -9.114810784275242939e-02 1.505885030188137963e-01 3.690163828622865932e-02 3.399514154022910128e-01 1.419332691555561243e-01 -1.862716245199858012e-01 1.564167279231231111e-01 2.379172561577738432e-01 5.306575271526194071e-02 1.498336610357383636e-01 -5.135149083766398642e-03 -1.946822903942042535e-02 -1.478081205268114151e-01 4.872180061094739667e-01 2.599355837969476446e-01
6.855202887501149478e-02 6.026505869731747511e-01 1.038580836609030861e-01 1.000000000000000000e+00 4.991709349875526058e-01 2.451821657673681487e-01 9.326715266827716178e-02 4.134559460827443855e-01 2.076720245979314095e-01 -1.784220251950145997e-01 -1.308414127466773491e-01 -6.893158123734265119e-02 1.418905538537485467e-01 2.377272899117071625e-01 1.968130855665901624e-01 2.662992421053167469e-01 -2.292086762767673869e-01 3.325013844663403106e-01 -1.339554023823130435e-01 9.903790304487702922e-02 1.350387539054451469e-01 8.862739667293634271e-02 1.524030178072066921e-01 -2.499621071001104922e-01 -2.057930984326183654e-01 -7.656183127759955132e-02 -9.508425640613277306e-04 -9.141011994475017888e-02 6.413192551500226934e-02 9.721124818325775629e-02 -3.101930506213910685e-02 2.216358349747384326e-01 2.020946337336691490e-01 -7.029703552426674884e-02 2.692528394925101107e-04 6.356624814020865426e-03 -1.383858200492890100e-01 7.459086837371468881e-02 1.472831201987386679e-02 -1.604811607821110264e-01 -1.658343853774019439e-01 -4.118689588343395214e-02 -7.664251643519551238e-02 -4.302810172451299042e-02 -1.071169750708118318e-01 1.159512530397975305e-01 9.170438332927804970e-02 7.678738175277555200e-02 1.768441012633510112e-01 -2.176672541047465839e-02 1.055548907736556380e-01 4.748942296414319086e-01 3.250215586623759201e-01 7.417326865429884064e-01 2.315965326146509073e-01 1.873784890548601534e-01 4.469175372456503093e-01 2.735689961517049351e-01 -1.850971474770413405e-01 -1.291897904993325186e-01 1.093506491514485181e-02 9.096096236020062564e-02 1.138532823973170960e-01 1.691916195771211717e-01 1.447502341128974190e-01 2.055381552514408405e-01 -1.063163756394656934e-01 -2.776399172918690011e-02 -7.556802466028630927e-02 3.157761693797871971e-01 1.235928987535375584e-01 6.166491778355348563e-02 1.418858887552898740e-01 -2.534079626371155691e-01 -2.988443279136209774e-01 -1.723994309110633283e-01 1.038834148761836051e-01 5.303405237230312402e-02 -5.897400175969261943e-02 2.252709735853093143e-01 -3.727341890307241390e-01 -1.268373558478199936e-01 -1.931264570614365239e-01 -4.310645484964961693e-02 -2.761268094598349696e-02 6.175829919648626043e-02 -8.367933705346722317e-02 6.801060933112431338e-03 9.795434669376774928e-02 -3.151785413518409240e-01 1.773054973137762613e-01 9.933238031693378267e-02 -2.709999170335901375e-02 -6.660955281207220358e-02 -1.611190404480692118e-01 -2.976128042722238354e-02 8.637940246055882121e-02 3.438023116725793388e-02 2.248568925955441444e-01 -6.994804505897904423e-02
1.260744077234812743e-01 6.280151859091686051e-01 3.206599647349951399e-01 4.991709349875526058e-01 1.000000000000000000e+00 3.408387062664305356e-01 1.687604428528834966e-01 5.562381678203479618e-01 4.031308067891588021e-01 -5.739051517536319924e-02 5.726536039372913389e-02 -3.277972989663448938e-02 -1.264897456139404616e-02 5.787433142293146177e-02 3.345168790953968740e-02 1.853197675759601093e-01 -6.237131081975175878e-02 2.286966661778856158e-01 -5.608871346896168730e-02 6.863685520681724050e-02 9.104766027388004612e-02 8.587585234726890712e-03 4.947820652412677350e-02 -1.274951187129739760e-01 -1.991571490299267333e-01 1.293489954017540688e-01 4.788184593851145358e-03 -7.133554283766913029e-02 -8.868045776773332556e-02 -3.537381047329518635e-02 -1.717720744685423406e-02 1.021763372419538102e-02 9.689049247672827658e-02 -1.371380608399651313e-01 -2.483970129265651583e-02 1.323773303828414682e-01 -1.609479596712399263e-01 -1.777571486043769688e-01 -1.017804609937634358e-01 -1.255842033433640093e-01 -7.929371892202156935e-02 1.112334178623649583e-01 4.551753249362936599e-02 -7.839655182254341714e-02 -1.550131915829156548e-01 -5.761283370395406042e-03 -1.181641735229572027e-01 -6.529184681243183075e-02 2.024623924532445718e-01 -1.160169569711396176e-01 1.679046155443759125e-01 5.343401701313506003e-01 1.653456795580313388e-01 4.016297065829494417e-01 4.219369084432837980e-01 3.522084684351707295e-01 4.765874518871389132e-01 4.512312277118925574e-01 -1.499950549730957872e-01 7.390367184700434577e-02 1.074433380756132650e-01 -4.168084417538187730e-02 -5.724989878659651754e-02 -2.068007923546722263e-02 1.919123282443582074e-02 5.605598911680600982e-02 7.041865147691739324e-02 -1.164935163186966161e-01 -1.525233709205659205e-01 1.623128748832096124e-01 1.155546089053085534e-01 6.820992648744960210e-03 3.201803264424696316e-02 -1.187986735692199980e-01 -2.394789779219756165e-01 -2.313956646428179387e-02 2.228558438375743966e-02 -8.603442276150675971e-02 -9.622941638190871116e-02 9.555621179758139183e-03 -2.887443885685651024e-01 -1.631493956338003204e-01 -7.442395398852361121e-02 -4.645367044593054495e-02 -3.614861236088538765e-02 -1.058628986748279543e-01 -1.369259815958941973e-01 -1.424729206561635431e-01 7.679331931393970634e-02 -1.598645450324108486e-01 4.484317064729816116e-02 -6.260905838489599917e-02 -3.309822936383522568e-02 6.406801035249795606e-02 -5.020094146730853801e-02 2.035308886297974504e-02 -3.289091555034040493e-02 -6.396218059902386566e-02 1.642156954160428894e-01 -8.474191842025106947e-02
2.105981946444040326e-02 5.444892854460896547e-01 6.202105409770217737e-01 2.451821657673681487e-01 3.408387062664305356e-01 1.000000000000000000e+00 4.950653541979516681e-01 6.582169890682575408e-01 7.819334031465503543e-01 3.644167042865389949e-01 -7.830328877070978633e-02 7.300424925681721355e-02 1.915229533086394986e-01 8.620024297719217077e-02 7.468099797518859551e-02 1.436882149828292987e-01 5.867567622351140683e-02 3.497442721373769103e-01 -7.521789610945706084e-02 3.673647831054747681e-01 8.588303366781811776e-02 2.899432087065393834e-02 -1.655802302479324542e-02 1.538555456252144182e-01 1.664756547146316878e-01 -1.161326038866180299e-01 6.045995587386414349e-02 -7.945266662593221396e-02 3.538370934823030223e-01 -6.429820516951219311e-02 -3.260563373917758478e-03 -6.573388531982650440e-02 -1.910890170465718296e-01 1.191495134575048936e-01 1.388873019975659338e-02 4.653362952119045048e-01 -4.678863807343094233e-02 2.411200515464320404e-01 4.481385889048710158e-01 3.739270125424153934e-01 1.622944068237267001e-01 1.551348485245003239e-01 1.874688935782440691e-03 5.584392929403938360e-02 1.101696380658472169e-01 8.737027224810012260e-03 -2.405935774447575184e-02 -1.833253183605650788e-02 7.861807458648233382e-01 2.978635957595853201e-01 -2.741187816007664146e-01 5.732798958895030106e-01 1.838066429470765761e-01 4.250594455997901977e-01 8.592724419664580227e-01 8.577877808771835477e-01 5.554950124234185882e-01 7.365033660285724704e-01 2.866662807148459557e-01 -1.464079976670350502e-01 -4.859266137774867489e-02 1.415614967656686762e-01 1.263669298929084583e-01 -5.925441112486479200e-02 -7.622684945113850086e-02 2.204127153917069537e-02 3.594335062462715724e-01 8.784684727103257706e-02 1.163017121148519212e-02 3.044371799178728633e-02 1.001572463409992619e-01 1.032616585060499997e-01 -1.119367774375285840e-01 2.232649506532901895e-01 4.822324015824924759e-02 -1.063620571584925241e-02 2.940272438291725021e-01 -1.339413650788183474e-01 -8.562768626473869424e-03 -3.070939386018860587e-02 -8.512616892004443159e-02 -7.055432805118778961e-02 1.072255073789906560e-02 8.660020907602342111e-02 2.239052153379294391e-02 -6.120217339066423567e-02 -2.634109360002249186e-04 1.930207827319751351e-02 4.569712541056022981e-01 -1.347581989503143307e-03 -9.104731577675254095e-02 3.246318766855358917e-01 4.558632413854920018e-01 5.153236583484428757e-02 4.104761813333131226e-02 -3.087046771110250540e-02 1.653775598348811854e-02 -1.344297907748930598e-01 6.728266764157848634e-01 2.105264305008652248e-01
1.007702891955041258e-01 2.185932723716348114e-01 4.051462981320388401e-01 9.326715266827716178e-02 1.687604428528834966e-01 4.950653541979516681e-01 1.000000000000000000e+00 5.748636001782398974e-01 4.984097331916538809e-01 4.402488165092894312e-01 5.335636131268407106e-02 2.317352354742384657e-01 2.912923055268079597e-02 -1.203366525935459647e-01 -1.728319501440880590e-01 3.819552030059035208e-01 1.465027594642644426e-01 1.648409198311610313e-01 -9.447233341810895579e-02 3.028736471240746353e-02 -1.208629726817651712e-01 -5.404087463485033466e-03 -1.136025149520874244e-01 2.846260713371520090e-01 3.247011228914708503e-01 -1.474074561019203880e-02 -8.691723554296897081e-02 -1.788959376852292116e-01 8.326375252154048778e-02 -2.146974173077720038e-01 5.448497504754034465e-02 -8.781207652475887804e-02 -1.833788102130445574e-01 5.005688986188436274e-02 -9.892791766607110515e-02 2.313643899747998001e-01 -5.766328952050591566e-02 2.833908034059541281e-01 3.240251950680350657e-01 5.617079386837795507e-01 3.219020451447079934e-01 2.439356786428510115e-01 1.246894952364992759e-01 7.904819972795348870e-02 2.020565464312095438e-01 -9.742508406811846433e-02 -1.599908003692879221e-01 -7.981569206094527025e-02 4.479982148203216497e-01 2.671884222867407788e-01 -2.351670606067702007e-01 3.579782602413513204e-01 3.443095051819037300e-01 2.416145975901962673e-01 5.435007831975922077e-01 5.169864045888172832e-01 5.606090125682519076e-01 4.338212465147913699e-01 2.871753915321055284e-01 -2.795751697499884378e-02 2.745225615610194340e-03 5.684423042585227091e-03 -1.003758293716256883e-01 -2.076534757504867046e-01 -2.081121760209528049e-01 -2.086879606494080608e-01 7.262441979862932495e-01 1.183760610243298622e-01 -3.482735698679371994e-02 -1.409357602690066991e-01 -1.085872662858999166e-01 4.054590686232936725e-02 -2.028436494579366756e-01 4.549407408330982672e-01 1.370010061459301931e-01 7.816852335301087418e-02 -3.748303375677541904e-02 -2.716716029519531950e-01 2.218671016647412366e-03 -7.979138782119631068e-02 -4.557066405466328463e-02 -1.617299942232471588e-01 1.767867113990095329e-01 2.151925167643540387e-02 -1.407328900123199222e-01 -2.089366013813673817e-01 -3.483196654577424417e-02 -1.866833036595937911e-01 2.122286799162494131e-01 2.016491769448012228e-01 -1.866063794576132140e-01 1.407249012922703324e-01 3.125871291614421565e-01 2.263518333740167920e-01 1.699825872135632965e-01 3.475524577336162185e-02 -5.335236246594426968e-02 -1.725707532470793226e-01 3.490932985255543186e-01 2.503142030066011769e-01
1.725302548506974787e-01 5.946815591138213675e-01 4.380910401466656667e-01 4.134559460827443855e-01 5.562381678203479618e-01 6.582169890682575408e-01 5.748636001782398974e-01 1.000000000000000000e+00 7.156533851076317676e-01 1.800802274489650689e-01 -7.355114236060331101e-02 -1.925645792288994962e-02 -7.171703294911362103e-02 5.395818332718519544e-02 -5.769914051781918282e-03 2.543169152770354824e-01 -3.929057348368276970e-02 4.142248446495436220e-01 -9.330362552790726072e-02 7.596667554312648563e-02 5.436890405831500822e-02 -7.421967819462771399e-02 2.060897807605340318e-02 -1.858980636129610019e-03 5.503882677258131045e-02 -8.215341901747305609e-02 -8.045667784975417403e-02 -2.109787365628570388e-01 1.500071731269007336e-01 -1.020731184164291455e-01 1.063761447365085128e-01 7.259634527274556881e-02 3.244917555342931303e-02 -3.225336672083525813e-02 -1.052214834502751967e-01 2.263435780398323771e-01 -1.903268579407661476e-01 6.462600980286953289e-02 1.033615876775576953e-01 1.105912635358139301e-01 1.848113283167216597e-02 6.190175413691664796e-02 -6.779058317943224832e-02 -1.382620983787106184e-01 -3.346435465163418582e-02 -1.086949012551319815e-01 -1.901429495915208101e-01 -1.003857641533013600e-01 4.861269368407915570e-01 1.162195935080236227e-02 -5.848539298919762375e-02 6.248986088475276812e-01 2.674508810051524632e-01 5.100268018770715006e-01 7.249346614893470431e-01 6.630632455443038475e-01 7.831376643125630421e-01 7.127441336974313923e-01 4.081503882856370169e-02 -1.245715020481263091e-01 -1.034984441863345400e-01 -1.288279451613783544e-01 -2.304986559783148148e-02 -2.991519203418234463e-02 -5.921464931379859936e-02 -2.270217588433254621e-02 4.294378063948838253e-01 1.362282289615215566e-02 -3.688673461104489959e-02 2.063014558418208300e-01 1.748190980323728605e-01 -9.932761792183407434e-03 -1.364504549134305279e-02 4.865178090573789305e-02 -1.377175642725928795e-01 -1.299537721324929007e-01 1.189574758009583205e-01 -1.788418994026779729e-01 4.620427787766760025e-02 9.548067023298117961e-02 -2.527105078220017731e-01 -1.733100417334202670e-01 -9.343756380349883817e-02 -4.392714869971914293e-02 -1.259689975999233880e-01 -1.779913385413632865e-01 -1.676510036374372348e-01 -1.505832003685479425e-01 1.749037025992553340e-01 -1.315670502320765434e-01 -3.309968731801864184e-02 1.531670167185145981e-01 9.726392717717090297e-02 3.108598380699954117e-02 -9.654779696056337013e-02 -8.801926865277465151e-02 -1.150949852335859669e-01 -1.703475284779704946e-01 3.935952617534755338e-01 -8.798148942101086589e-04
6.426907069976420250e-02 4.640115157818543445e-01 4.574488985805553187e-01 2.076720245979314095e-01 4.031308067891588021e-01 7.819334031465503543e-01 4.984097331916538809e-01 7.156533851076317676e-01 1.000000000000000000e+00 3.339744155038023021e-01 -5.876649155864392682e-02 1.877683000936826441e-02 5.905046171746928911e-03 9.987591105041986050e-02 7.743292807113698328e-02 1.073381883297952616e-01 -2.668943062102316008e-02 2.956511248313440365e-01 -8.048674723723409086e-02 3.139530776742906482e-01 1.181182681252811589e-01 -9.490679278596923785e-02 4.227000644475908953e-02 7.314604655833979729e-02 6.026543714591155870e-02 -1.160196599953077778e-01 5.002892661504944327e-02 -1.305931970162733102e-01 2.626822309625113649e-01 -2.652336921123068722e-02 7.026847185420416475e-02 -8.802327120977239058e-03 -1.056503925244931669e-01 4.229395144616779345e-02 -6.890117987002952749e-02 4.732679433024245541e-01 -1.244752236822960767e-01 1.546284813333228259e-01 3.497286233589509963e-01 3.110474327524561655e-01 1.440290056209935221e-01 1.309192413483414863e-01 -4.887104955342637391e-02 -8.237658369598623020e-02 -5.747696096475326394e-02 2.123573419908658319e-02 -2.268384691174929468e-02 1.914023166189398120e-02 6.437781757632312640e-01 2.067258841864468843e-01 -2.715063937333251909e-01 4.736638669404509838e-01 1.886447627563278273e-01 3.702485232252059610e-01 7.940401871082177765e-01 7.887461650238780653e-01 5.616857323241134514e-01 8.470155085059404287e-01 1.804012130188865082e-01 -1.215844858057078676e-01 -5.075100949908442627e-02 -2.009497551012781602e-02 5.760360424130158558e-02 -5.386586887857646583e-02 -5.698823244935626725e-02 3.040172188049668212e-02 3.682668830951428274e-01 -8.951459536084995991e-03 -2.802597128435728446e-02 3.110588276713475986e-02 2.071430546415166940e-01 -8.731383766339950378e-03 -6.487570476703742595e-02 1.724474556400792391e-01 -5.420148519081538496e-02 -1.250653007518488236e-01 1.963721528163025198e-01 -1.226892361932117870e-01 -1.571589972194534918e-02 -2.011104110226402675e-02 -1.487364041356071809e-01 -5.506232767529614528e-04 -9.575400160428468310e-02 -7.484286245777958466e-03 5.415886695268219697e-03 -5.813185113830290213e-02 -7.137984454453855099e-02 -5.692083916052087522e-02 4.052478317316335898e-01 -3.855189665064384652e-02 -7.540899321352156903e-02 2.676935309379650518e-01 3.735461213426409799e-01 5.672808966974458161e-02 -9.415385757513991538e-02 -3.533973360522821988e-02 5.756073999052314406e-03 -7.674575907410970121e-02 5.613680855171185868e-01 1.503160078993641124e-01
1.097153734247501566e-01 -5.803328413366777398e-03 1.487356684718866562e-01 -1.784220251950145997e-01 -5.739051517536319924e-02 3.644167042865389949e-01 4.402488165092894312e-01 1.800802274489650689e-01 3.339744155038023021e-01 1.000000000000000000e+00 2.738513071270151089e-01 3.889349139027356572e-01 1.143473677579416037e-01 -2.452436501385858170e-01 -1.158124214722010270e-01 1.435798522691022205e-01 1.678009194171938001e-01 -9.449433922526086910e-03 -2.353699036113787724e-01 1.482696931974561150e-01 -1.316204334406080312e-01 9.227560444725406430e-02 -1.992916472437083475e-01 3.709964139642231151e-01 4.932144579558546682e-01 6.095910202335019790e-02 -1.419402734471953212e-02 -1.057479377497567152e-01 2.760622709319637824e-02 -1.394113141799813715e-01 -6.189819381003541787e-02 -2.035723839079555675e-01 -2.979515654171133732e-01 8.611287508897543051e-04 1.539523060872443477e-02 1.720579294358350331e-01 -5.489705834984889843e-02 3.326219286406166264e-01 3.590385743644826655e-01 6.230464356568885531e-01 2.914189915143392540e-01 4.901682626407438681e-01 2.905600564642184525e-01 7.909823951113507945e-02 2.457081178841839242e-01 -6.755577668309013795e-02 -1.466311539470998015e-01 -4.559778963998516177e-02 3.620877309068463168e-01 1.995660911690061157e-01 -3.585490641117806132e-01 6.173469635806733830e-02 -1.192746241499407361e-01 6.603949561167257211e-03 3.663930569593618070e-01 3.830910664709755720e-01 1.504236413824335816e-01 2.834400236385244409e-01 7.238139552520126419e-01 1.201547323773099751e-01 1.641363915722596489e-01 1.179575284014654640e-01 -1.217739889027700528e-01 -2.549627126218738660e-01 -3.139216754239115836e-01 -2.008070591755199141e-01 3.722533528296602112e-01 -1.197204791009639190e-02 -7.248244691608092538e-02 -2.512291816715435666e-01 -1.065234643368259126e-01 9.781735850881474389e-03 -2.498686754701939794e-01 5.067568785546903154e-01 2.648298085267002389e-01 3.338533069006427989e-01 -5.028980621195405093e-02 -2.203778078523844774e-01 -3.984305802355716380e-02 -2.225823499263005489e-01 7.182393928592449572e-02 -6.450460199137975081e-02 3.031335699433757025e-01 6.154031342752572936e-02 5.329548858024771296e-02 -1.832538091652893830e-01 1.865809651986867143e-02 -1.245982462580465799e-01 2.079716528832789846e-01 2.349900661394116186e-01 -2.221422277375745824e-01 1.733612886992625668e-01 4.109718519974184803e-01 4.442526712870698002e-01 3.625311732558019751e-01 8.817414089122890819e-02 -3.427754183373986352e-02 -8.430161274166442231e-02 3.331502137342233216e-01 2.066652860773716405e-01
-6.744408932056679407e-02 -1.584599787379034064e-01 1.028206056433871030e-01 -1.308414127466773491e-01 5.726536039372913389e-02 -7.830328877070978633e-02 5.335636131268407106e-02 -7.355114236060331101e-02 -5.876649155864392682e-02 2.738513071270151089e-01 1.000000000000000000e+00 7.345488463295859471e-01 3.808718339700224442e-01 -7.084813318874670640e-02 -1.336792170419506993e-02 -3.578513129917251095e-02 4.041353537794991069e-01 1.124654849654248279e-01 5.889206762749067681e-02 1.120888614573046921e-01 -5.979041620460642803e-02 4.661656263907936748e-01 2.787873769085504050e-02 5.737163062130976598e-01 1.839227328249306431e-02 7.623876189218679045e-01 1.904733128748717363e-02 8.439017931589294641e-02 -2.131270867405855862e-02 -4.316434139905818423e-02 -3.481030994401393963e-01 -1.558437057421136196e-01 -3.045006365054975239e-01 1.405302693535367131e-01 2.835377268547721319e-01 1.237244325519288035e-01 3.520736763580847861e-01 -4.829193102088147338e-02 9.507942300446456385e-02 3.427926746197850205e-01 4.208671339842000036e-01 4.914602185596064210e-01 6.574456409524240819e-01 2.517044297454227308e-01 2.783558686731122944e-01 -2.070987100488372659e-02 -4.719896239297624585e-02 3.613612686826391668e-02 1.006351488094021640e-01 2.794099566296422976e-01 -1.555825980151308574e-01 -1.404974289342679761e-01 -1.681076075893813138e-01 -2.682257514624682426e-01 -7.932479611790027585e-02 -5.446007745681703122e-02 4.715310691613688876e-02 -4.192615000710814971e-02 3.892828494753088897e-01 7.894874651565180201e-01 6.378384556588365673e-01 3.299745106289733720e-01 2.304929960801692813e-03 -3.540787814967143177e-02 -3.915707568596590860e-02 -5.105058669685921292e-03 2.499086584981300430e-01 2.284727662049655383e-01 8.908351020036732459e-02 -2.447631852863931846e-03 -1.123447577775704975e-01 3.615484688349926423e-01 8.095217675395744578e-03 4.296923137362396172e-01 4.573306072820647605e-01 7.081697481428537166e-01 2.937822827141761337e-02 1.119798641305973404e-02 -2.782287197187384153e-01 -1.879021198401636394e-01 2.233462652324309239e-01 -1.713015789216366658e-01 4.359346253927125492e-01 2.828739930637861333e-01 2.119801182409849008e-02 -1.565350079984706780e-02 3.669947854466866777e-01 5.304926335444328737e-05 1.770843432354470559e-01 4.209864874152398628e-01 -2.731694252381270949e-01 -1.835384479339077779e-02 1.209522873612247640e-01 3.425799815248501412e-01 5.113753388877791961e-01 2.553299338048559686e-01 6.790474409948604739e-02 2.448664781409503471e-02 1.288110573103117829e-01 3.786344890780529160e-01
-2.350008967688739792e-01 -8.150727583465612602e-02 1.131477285973663954e-01 -6.893158123734265119e-02 -3.277972989663448938e-02 7.300424925681721355e-02 2.317352354742384657e-01 -1.925645792288994962e-02 1.877683000936826441e-02 3.889349139027356572e-01 7.345488463295859471e-01 1.000000000000000000e+00 4.878290982159089739e-01 -3.251282887722981019e-02 1.098538320472463442e-02 -6.068184517610480944e-02 4.726330217233499220e-01 2.087090719272522432e-01 7.566075061772614685e-02 2.549694574146214587e-01 -7.158809728859591090e-03 5.301807998524904475e-01 -9.876289666245723423e-03 6.414631728420534529e-01 1.246491060014436464e-01 6.739554106719748416e-01 1.261621076217049608e-01 9.009808921266458659e-02 1.213908486364090045e-01 -5.927890949226653078e-02 -4.513438076614634253e-01 -2.398276022063428603e-01 -3.671013739636829754e-01 2.455857401031316389e-01 2.996985344765932258e-01 2.097380895049186511e-01 4.058458787470612394e-01 1.179200655638284329e-01 2.792403273775969086e-01 5.571916823684438524e-01 5.023377525701308022e-01 5.176116423046714932e-01 7.196304450056865143e-01 3.359378982429690463e-01 3.423538220399214294e-01 4.620931343186833982e-03 -1.006410906862531193e-02 5.808402731507690542e-02 2.844722283747920799e-01 4.550607017984096281e-01 -3.678870256982106346e-01 -7.368655154254606654e-02 -1.551018359366973243e-01 -5.969190127092342812e-02 5.284440588147310686e-02 5.970968861198806821e-02 8.892066064215005394e-02 4.797304599771072542e-02 4.975126977564278130e-01 6.019106033490790875e-01 7.018669101639196661e-01 4.590818856889816169e-01 8.586149104892761008e-02 -5.208495369790812346e-02 -2.628095790276590085e-02 -3.850465870635526311e-02 3.361436574401460708e-01 3.999744773127618114e-01 1.954360611480965293e-01 4.969203361092533466e-02 -9.548043527494687321e-02 4.407372511769315215e-01 -3.676721223386612836e-02 5.439545249411210648e-01 5.849364167292149252e-01 6.874086849192529991e-01 9.322700152865785739e-02 -4.186834685367366027e-02 -3.688494681985183266e-01 -2.036912098022828910e-01 2.234385292276676316e-01 -9.954186925091118576e-02 4.742781821309887125e-01 3.593787016941490942e-01 1.128098194878083410e-01 1.444612665458195992e-02 4.109141293569825160e-01 9.026945726173186968e-02 3.215260059156240247e-01 4.305288387547773765e-01 -2.737988234503984097e-01 4.489994311842145785e-02 2.915815350949599316e-01 3.910632127884381970e-01 5.668684545037719902e-01 2.155269531148644724e-01 1.061923392348459588e-01 -5.706880356550422979e-03 2.943667668464242659e-01 4.907471984876247140e-01
-3.562607109888484835e-01 1.639459326588249555e-01 2.687312515426691362e-01 1.418905538537485467e-01 -1.264897456139404616e-02 1.915229533086394986e-01 2.912923055268079597e-02 -7.171703294911362103e-02 5.905046171746928911e-03 1.143473677579416037e-01 3.808718339700224442e-01 4.878290982159089739e-01 1.000000000000000000e+00 2.747786671979774442e-01 2.704555654199038983e-01 -1.654694510192476209e-01 4.719111274598661310e-01 2.603307945804396173e-01 2.182851813716490119e-01 3.812559246580178862e-01 1.705310995106759375e-01 6.873091066952617956e-01 2.150314262277500110e-01 4.585972159311896834e-01 -3.427112746843342245e-02 3.877870564717679214e-01 3.321277792796257233e-01 3.933616215274221561e-01 4.249093143374782500e-01 1.691586879476453531e-01 -3.980707632003652185e-01 -1.338861290573303831e-01 -2.605252999943090120e-01 3.341854188689788452e-01 4.845714076736296616e-01 2.675914033613653875e-01 4.914084201206322389e-01 8.234147794040076740e-02 3.191056877287258842e-01 3.206828183001790844e-01 3.576819911515938810e-01 2.167379356594956452e-01 4.286830606916082198e-01 3.741550189101847668e-01 2.845218284708205814e-01 2.182217150130137950e-01 2.837321800309162700e-01 2.151076208580524063e-01 3.392442520100729664e-01 4.682395035913487491e-01 -2.213450937265962759e-01 8.969918930361313325e-02 -7.034958773977977031e-02 2.115581078035617957e-02 4.185206553566952342e-02 1.007280446297326021e-01 3.758117826474395053e-03 4.326558699326696344e-02 2.294891786620723850e-01 2.870386930921091095e-01 3.608172212073253449e-01 8.265051942003893704e-01 4.965239854080679138e-01 2.278543352682123602e-01 2.304581400197164009e-01 2.594370787908019116e-01 -1.459388241946560534e-02 4.388927704106378447e-01 1.600569069684127099e-01 7.722757071489767811e-02 -2.907683093651174805e-03 6.354725465358406211e-01 1.573394529293856148e-01 2.507838457737356919e-01 3.975192746683441913e-01 3.751322494026445575e-01 4.660279131060630076e-01 2.766936417134799875e-01 -3.319663513820498291e-01 -9.460091677275417332e-02 2.403379013085368832e-01 -8.450273477909886477e-02 3.093263252458395285e-01 4.620865056090352474e-01 2.546501951701675703e-01 3.274571797742312773e-01 5.338943982518570275e-01 4.034962941845608997e-01 4.349931546129626181e-01 1.989077703144307985e-01 -1.676432605581165136e-01 1.506548339520328295e-01 2.986690034616907297e-01 6.445424991996359654e-02 2.898689744520622780e-01 1.909066824800511875e-01 2.948726424811090041e-01 9.999543146114547865e-02 4.231937473975987962e-01 4.082867623198179197e-01
-2.552059690622844879e-01 1.417870427192820804e-01 2.966980713244061346e-02 2.377272899117071625e-01 5.787433142293146177e-02 8.620024297719217077e-02 -1.203366525935459647e-01 5.395818332718519544e-02 9.987591105041986050e-02 -2.452436501385858170e-01 -7.084813318874670640e-02 -3.251282887722981019e-02 2.747786671979774442e-01 1.000000000000000000e+00 7.938520089094095455e-01 -1.955706568665825373e-01 1.686944360893394557e-01 3.704822274716936814e-01 5.832996744387830557e-01 2.376750667082067614e-01 7.505943517873091553e-01 2.470414200418828976e-01 7.700904703776816351e-01 -2.731874618213423270e-02 -2.545744200008899227e-01 -4.683492268681305193e-02 3.414969538454376008e-01 4.598013713682609360e-01 5.387725455279338549e-01 6.296875913051174223e-01 2.444062429675569054e-02 1.352458520819299626e-01 1.076826543984361895e-01 3.315225569689775331e-01 2.409821312462730458e-01 1.139560003040867298e-01 2.657968273216713140e-01 -1.663012431825802162e-01 1.426553989227651309e-01 -1.089823404766255555e-01 4.428541284575621823e-02 -2.169723292957840000e-01 -1.247949950079399462e-01 1.361698534774055946e-01 2.657303407342164261e-02 5.273192512265202359e-01 6.748898049404309374e-01 6.273023913012026886e-01 1.062015369860345865e-01 1.860811184615513703e-01 -1.353308138803794858e-01 -1.112271833443610920e-02 1.085006624550177157e-01 1.494314565651732596e-01 3.721951925190174898e-02 5.204004321549515061e-02 6.667841173012589717e-02 1.683600305315825774e-01 -1.608016738780096988e-01 -5.221506033755070331e-02 4.721685244242422932e-03 1.982581509035490630e-01 6.491748715791884061e-01 6.978492270434867306e-01 8.095858437479649394e-01 7.659292104752529751e-01 -1.597156543117003169e-01 3.867209972877626578e-01 3.646288487315764715e-01 3.645730888889944232e-01 6.022202184002150016e-01 3.558813440542769602e-01 6.878062286869072173e-01 -1.911031701926536319e-01 4.454023126383376691e-02 -1.334257296206315668e-01 6.030803381356737436e-01 6.922200013864731050e-01 -2.731829398500656980e-02 1.218434425157779166e-01 2.465404874200691765e-01 8.746150439197042728e-03 -1.217312878330297637e-01 1.667895475337874966e-01 2.959938896314791013e-01 6.426184295748431641e-01 3.299815668042629935e-01 3.502766281063521281e-01 1.851434749633379118e-01 -1.065393271764920324e-01 9.236278695010882722e-02 -4.078611266716781342e-02 8.929896767449002626e-02 -2.807239988790277696e-01 -2.437300168274298406e-01 3.955884388515838734e-02 4.914774279748279073e-01 5.116401353889805659e-01 9.270975098458315855e-02 2.292411439858713790e-02
-2.131498283633636026e-01 1.226115057261083080e-01 -7.971681318466290744e-02 1.968130855665901624e-01 3.345168790953968740e-02 7.468099797518859551e-02 -1.728319501440880590e-01 -5.769914051781918282e-03 7.743292807113698328e-02 -1.158124214722010270e-01 -1.336792170419506993e-02 1.098538320472463442e-02 2.704555654199038983e-01 7.938520089094095455e-01 1.000000000000000000e+00 -2.049301230089116410e-01 -3.859885227792957639e-03 2.847253275821938212e-01 3.392076438404837413e-01 2.746249827992159331e-01 8.017181769432001337e-01 1.730381544544392636e-01 8.189954925136659902e-01 -8.871147973301328482e-02 -1.743177072337802613e-01 -3.188185297779430605e-02 3.326385782451767859e-01 4.347358445118849612e-01 4.490982995944644562e-01 7.725131711988144634e-01 -5.948470501937333510e-02 1.929180115039541565e-01 5.799652044505546750e-02 1.330900709063335963e-01 1.431485643445303269e-01 1.464565389960332531e-01 1.016974378619650843e-01 -1.902001186508363861e-01 9.650956578048042189e-02 -8.344948218954259533e-02 -6.575459763660429502e-02 -1.056387518779637325e-01 -1.270695319251359812e-01 1.111109817909820656e-02 -1.188705689566362800e-01 6.217443013170829147e-01 6.913381774381449629e-01 7.002016384010997241e-01 8.874994841899370990e-02 9.222134733716880195e-02 -1.561147562203292760e-01 -4.082252397192549093e-02 4.816992301363437479e-02 1.183931576584696110e-01 2.518827817605348574e-02 1.133363033136184674e-02 -1.979027074789965843e-03 1.337292806717598759e-01 -6.236151237303915601e-02 -6.038692484061894752e-03 1.251244068642699547e-01 2.866555404820050890e-01 5.923804699918800987e-01 7.028731079493948375e-01 7.874597009020897209e-01 9.019444001256258225e-01 -2.132017968350606862e-01 1.886786261455217495e-01 2.685713963984941999e-01 3.446255657031094821e-01 6.830932914463073713e-01 2.895014103910046321e-01 7.401144644299707531e-01 -1.618379839205574544e-01 3.454536604329112859e-02 -8.009880667520198616e-02 4.917280764080464439e-01 7.525374156425982397e-01 -9.867039425686886800e-02 1.380361269054767859e-01 2.035920509179151849e-01 2.163793938563086244e-02 -2.107455227471335402e-01 1.194467247591459447e-01 3.335439485438990714e-01 7.092455549816705229e-01 2.226804997522619511e-01 3.566415529165923304e-01 2.442958676290268860e-01 -1.400321146658635996e-01 7.406707547351365495e-02 -6.771401719014762122e-02 1.301659455930145037e-01 -1.447777479424280367e-01 -2.152833739009978598e-01 -1.885872913297136078e-02 5.856073457259026727e-01 6.270814776102466848e-01 1.536867236087733624e-01 -6.113601999118786594e-03
