1.000000000000000000e+00 2.606480471996255877e-01 3.075728386920912882e-01 4.856392941474565461e-01 2.416734347596791455e-01 2.126897929725929115e-01 2.651076335488832814e-01 1.376127714276716707e-01 3.264558741818120863e-02 4.388334441061381846e-02 9.263458941322974538e-02 7.083339042947989217e-02 -8.660108948783486194e-02 -6.825555131712489343e-02 -1.083530783388945463e-02 6.315090736875925703e-01 -3.020419387549672097e-02 2.565514375016895721e-01 6.747857919816173389e-02 3.949998363884226205e-01 1.766406901000613650e-01 3.859758154600035490e-02 2.765571617308758452e-03 1.639955539558455300e-01 2.775010911517731826e-01 2.602918212300485146e-01 1.861745015691458269e-03 1.133166451161784528e-02 8.397171559687650888e-02 -1.757878912906571112e-01 9.455833770753653555e-02 6.375485266529244965e-01 5.425270390854753932e-01 2.800185704491728669e-02 -9.890980018546091657e-02 1.575083335632749548e-01 -7.965240496513351434e-03 6.003711401111269108e-01 3.013290431872076014e-01 2.276996995168802107e-01 1.408153168987758552e-01 -2.434029156756063392e-02 1.080385142832136214e-01 -1.803580934227069776e-01 -2.136658116261204443e-01 6.458384209178634483e-02 5.959951907019583189e-02 1.442721011435759426e-01 2.243001132642070683e-01 2.263805008661599893e-01 6.619973529464732165e-01 3.965133991326288410e-01 4.872435838347122794e-01 3.279648135511797902e-01 2.760950945723245065e-01 3.758150780823658610e-01 2.743629873542104969e-01 8.103075180123921195e-02 8.463358914359139784e-02 8.392746465575863860e-03 1.065552309303548634e-01 1.529173337486777751e-01 1.338084310171005209e-01 1.674119251998744395e-01 -1.409563249996165224e-01 -2.750206592058706580e-03 3.575393228422378833e-01 -5.424611641828770009e-02 1.325313593938510538e-02 2.742929076970296864e-01 2.006480563796647354e-01 2.277435252110185104e-01 8.836950318170865015e-02 1.176545018891639732e-01 1.975636630999873800e-01 2.851817218970749135e-01 6.489487246047274949e-02 2.167978658889333221e-01 2.382109243202951976e-01 6.497524438294759452e-01 2.911259077380672355e-01 2.276138452937699064e-01 -6.014338441775914784e-02 1.817153798863128111e-01 1.447791952504353385e-01 3.700142906000179477e-01 2.406687039323952282e-01 4.143583030959823166e-01 2.638504809301007170e-01 2.273378898824746364e-01 4.942573893753633429e-01 1.929798930258622425e-01 -1.522518402762976578e-02 3.555184548602159933e-01 2.972509706173731003e-01 5.294895617761898043e-03 -8.528870888191017463e-02 2.886426009473674337e-01 2.250965565490708753e-01 2.457714849159352843e-01
2.606480471996255877e-01 1.000000000000000000e+00 4.344493661343122870e-01 4.110056258496047055e-01 5.279352598950431963e-01 3.971174515108001346e-01 3.862777538848118919e-01 5.240509459715033680e-01 1.578133403354318454e-01 -2.516341791868278305e-02 5.968741921117638044e-02 1.355593765839536446e-01 1.116619951557174806e-01 -3.129592137114189931e-02 8.420431785929038959e-02 5.080809788309186281e-01 1.196913747339132250e-01 3.884689369146512306e-01 1.482116992643953690e-01 4.156600550750603751e-01 2.015707044964772376e-01 1.466256225133411029e-01 -5.619324856110794603e-02 1.164444995967098967e-01 1.356605903235625276e-03 2.486273885939303263e-01 1.448548479948877088e-01 1.261754508328781221e-01 2.102999755453892339e-01 -1.716321970634694105e-01 -1.345316249030105438e-01 2.310770722995915960e-01 3.071276332757170713e-01 1.189822863178536666e-01 9.025634493812534354e-02 3.054800368001315269e-01 4.526279565968399643e-02 2.640492626357365813e-01 2.541817769063034471e-01 1.668261261554793429e-01 6.222959122337615168e-02 5.084220151637947049e-02 1.985100360406381603e-01 9.707284488316766935e-02 8.669359361519024532e-02 1.496514715956023638e-02 -6.427252488050262669e-02 -2.630652669470691027e-02 1.858281867583357061e-01 1.391750261875113748e-01 3.658012549794297796e-01 6.089161476555088326e-01 4.356264357289197364e-01 4.674017256232301243e-01 5.365582628816366606e-01 2.844404659797384327e-01 5.543372362142500176e-01 3.834335502427147491e-01 2.643387814012456913e-02 1.246095554731374427e-01 1.492845323799113222e-01 1.934545203252325540e-01 1.474425964310994985e-01 8.437109346261182632e-04 4.429885139055929344e-02 -3.886434413447450303e-02 2.056019238451008146e-01 3.841874094322403344e-02 2.175296665026584808e-01 3.204190955666424423e-01 2.006335009386296109e-01 2.805077541281553732e-01 6.538734104447133100e-02 1.283657336337077903e-01 1.074431522028743563e-01 1.604804084340927806e-01 1.578691490602572578e-01 1.173565157277897675e-01 -8.771206197908304469e-02 2.341968755454916784e-01 4.591352188943266521e-02 7.494168692251883257e-02 1.375039621130254852e-01 2.296357061004384303e-01 1.787723026316702934e-01 2.396041615794448909e-01 1.660873217047500738e-01 2.426383146389354262e-01 3.748022318524979468e-01 1.442142737604702350e-03 1.907143761919540270e-01 5.055617080165044491e-02 2.506986581847094331e-01 1.159005490954695128e-01 1.820107715620514210e-01 9.389468776058169930e-02 2.955884504985329189e-02 5.447677023472342200e-02 2.230660265470217063e-01 8.782406044881754803e-02
3.075728386920912882e-01 4.344493661343122870e-01 1.000000000000000000e+00 5.380453802962744531e-02 2.478926281588287317e-01 6.074105732687649084e-01 4.329630974981819591e-01 5.522794359648732776e-01 2.468222832542783240e-01 2.399360697447453783e-01 2.355879228830372041e-01 2.193998237817971764e-01 8.323794840415782437e-02 -5.701181220079337003e-02 4.390829746520896922e-03 2.954008198789080941e-01 7.185620254247636340e-02 3.204595521997037899e-01 8.939987917594631461e-02 7.788254447787755497e-02 -1.879599289305898188e-02 1.041729735762978865e-01 -2.063241741622051928e-01 2.267703860296957641e-01 2.400136377035214097e-01 1.152283554692424966e-01 -1.179209603946494156e-01 -4.757857174298627673e-02 2.454857834401801830e-01 -2.724566578310881337e-01 -1.404575665940247797e-01 1.203983068698250697e-01 3.498085588626697467e-02 1.768075204808445267e-01 -1.973106596622368758e-01 2.164791388669430605e-01 2.427542940130084093e-02 1.635351064874898674e-01 6.681470773673740815e-02 3.781742545761498930e-01 1.363010749560208956e-01 6.708714844738507266e-02 2.937220564244613641e-02 -1.072793947596241762e-02 1.364921570747864576e-01 -1.377186276438930046e-01 -2.904910852988147885e-01 -1.599300432259010141e-01 5.313968675105253947e-01 1.940222351467105200e-01 1.796692913690478011e-01 5.029516838774025222e-01 5.408166463039816574e-02 -5.009648854367394072e-02 5.745012522772771080e-01 5.926034379217409720e-01 3.115199655308020787e-01 1.722576873190662106e-01 3.341576763625267454e-02 2.847603494281212844e-01 2.081241399587414609e-01 1.338876244343363275e-01 9.948938239897262004e-02 6.477392778646214044e-02 3.304307134763845993e-02 -4.765324138955295830e-02 1.154153962435327217e-02 1.494652976342440154e-01 1.396192516552711149e-01 1.967822417238294652e-01 6.123055681853725729e-02 1.595060308348550948e-01 -1.175901380300944377e-01 3.161796985140689631e-01 2.446184892313274795e-01 2.565799207857613062e-01 1.662502299057840027e-01 -8.468755738211647399e-02 -7.802580648465191893e-02 1.040547864059608862e-01 -1.769803355973634815e-03 2.929707403414056471e-02 8.883659475377890524e-02 -6.023728921876189690e-02 -1.991468808227578324e-02 -5.804439337101247737e-02 -3.779976572124629092e-02 -5.799333402636107360e-02 2.627565074593214978e-01 1.077907490013070568e-01 -6.391662909059722675e-02 1.301606869523780907e-01 5.713935390119392888e-02 2.188594401312286553e-01 6.036594770890306438e-02 -8.228858600115619704e-02 -1.157099126478387252e-01 -1.652411351560207631e-01 5.213678843833827736e-01 2.276013787695113089e-01
4.856392941474565461e-01 4.110056258496047055e-01 5.380453802962744531e-02 1.000000000000000000e+00 4.771234688710787042e-01 2.085457549456504744e-01 2.274245569077888163e-01 1.374109058918953075e-01 1.657002788255423631e-01 2.836094003762590701e-02 1.212407468589363768e-01 1.970266415237547364e-01 1.620067483694809796e-01 1.688033906817826002e-01 1.650178376805946090e-01 5.643910039766741882e-01 2.548259317218748987e-01 3.946952840097904813e-01 3.295684272160304684e-01 5.219476002556374672e-01 3.909158123476102475e-01 2.699837610280467204e-01 1.611861803215715594e-01 3.551620574300073940e-01 5.453267201339125070e-02 3.427621661196542102e-01 2.423691932677783378e-01 1.682566313972081451e-01 1.514807516480478622e-01 -5.858204066860085713e-04 1.419793044150408079e-01 4.547599560843099131e-01 6.817233338043943158e-01 1.773032030718760810e-01 1.897077723316890063e-01 1.698864162738229766e-01 1.038599217891539583e-01 4.836494876153921707e-01 3.241929682869527096e-01 1.608387531300083939e-01 2.083514970189650206e-01 -4.654247062460593193e-02 2.445396065098978944e-01 -8.928257397601385703e-02 -1.390628400496616568e-01 1.769007010812755076e-01 2.864422463866013180e-01 1.335914374580631503e-01 2.394445962947313114e-02 2.106743277760639854e-01 5.848134786321500522e-01 3.502821926756898296e-01 6.678206074076744603e-01 7.658523293918386710e-01 2.719319700111458293e-01 2.454107220236740883e-01 4.692284232735418614e-01 2.376436372675029274e-01 7.626823752408615209e-02 1.801001974986674026e-02 1.647741610703855331e-01 2.689331512438979388e-01 3.624936728806206210e-01 2.412086892047316800e-01 1.413725752022241822e-01 1.213436852392444365e-01 4.416772429507833109e-01 1.592956039378365662e-01 2.661574833172491439e-01 4.219294527354451874e-01 2.971747291611824826e-01 4.115448449901100147e-01 3.232762568233183975e-01 1.469805647760464573e-01 3.427315168978952720e-01 2.667129477320888675e-01 1.794924549424772309e-01 3.846414394202246068e-01 2.067465517804019104e-01 5.426351685127388524e-01 4.096247703413540830e-01 3.407258619916186393e-01 4.703625341629517204e-02 3.096752987999970008e-01 3.051388586057587338e-01 5.351778147314745215e-01 3.706021742055684576e-01 4.229461954068209906e-01 3.528042026881421100e-01 3.103622390111557272e-01 4.853784390377384739e-01 -5.499994782746619321e-02 1.250371379087211743e-01 1.513911719473299000e-01 3.217881537614763476e-01 5.198751522835652616e-02 3.706530244866976243e-02 3.625822106960125968e-01 4.727755540151929586e-02 2.174872228346056424e-01
2.416734347596791455e-01 5.279352598950431963e-01 2.478926281588287317e-01 4.771234688710787042e-01 1.000000000000000000e+00 3.821811023674597796e-01 1.743375348398324975e-01 2.591393476412359176e-01 7.175886962428768001e-02 -5.166136776360347183e-02 -7.244192642713104258e-02 -2.174545220026406073e-02 -1.232281091861833211e-01 -1.923323462298262565e-01 -1.710811091722093946e-01 4.021240365600154965e-01 3.155656539680298887e-03 2.374415596170726117e-01 -2.650185751446228893e-02 3.652219955557243214e-01 -1.572308771018143120e-02 1.868351982911056475e-01 8.896554009202020316e-03 1.747332710676069156e-01 6.033916980451226042e-02 1.966475021591716499e-01 8.860538764125416855e-02 1.317912500183504032e-01 -3.864991846518716495e-02 -9.678057044105552176e-02 3.846659663522381239e-03 2.151455189903764553e-01 3.716583174715842874e-01 9.918776544120565253e-02 2.870711519887500507e-02 1.971839294837412215e-01 -2.315447762731262862e-02 2.710169285520235283e-01 2.258193407311775147e-01 1.274848594760681908e-01 1.322056065751025522e-01 4.685200701404606399e-02 8.018305710333818725e-02 -8.209440241945700767e-02 -7.786711819447732219e-02 -7.490650616706348922e-03 3.629141216017954530e-02 7.276616921661043999e-03 1.126071096382445513e-01 1.029390460720103206e-01 2.135634903271371177e-01 2.483519953525601398e-01 3.318481661049179632e-01 4.820461849135218579e-01 5.829949101382773113e-01 1.644398605301404526e-01 4.362847767244156238e-01 1.092894756508772103e-01 -8.280359670253333026e-02 -1.990529580067419424e-01 -5.210102132364549665e-02 -9.798057814242575048e-02 5.678202988536396045e-02 -1.285372814730438296e-01 -1.851375730967833311e-01 -2.296014697822182093e-01 2.309159716767984205e-01 -1.533589417328194704e-01 -9.234434640248275969e-03 1.948966430599749500e-01 -4.014790435673058766e-02 1.285369161815350103e-01 7.701180815259085766e-02 2.777107813323107521e-01 8.080923533686423799e-02 7.485647963444730379e-02 -6.277368840771589686e-02 8.139921638188636621e-02 1.290573611670790474e-02 2.036155276796571267e-01 1.820762692619476153e-01 1.984503552609040711e-01 2.871247790245037151e-02 1.084433168853354557e-01 1.800549352183080376e-01 3.553161031489928123e-01 4.574345046024336919e-02 2.096960250216222676e-01 2.627169275601181631e-01 2.369008110297320391e-01 2.092874031986162175e-01 -1.454883233494587702e-01 1.018310779154150691e-01 1.696026643446490179e-01 1.526677403664417065e-01 -1.126839524566423251e-01 -8.527581145156012954e-02 1.038997602273747517e-01 1.113897819315778775e-01 3.266855797738665163e-02
2.126897929725929115e-01 3.971174515108001346e-01 6.074105732687649084e-01 2.085457549456504744e-01 3.821811023674597796e-01 1.000000000000000000e+00 4.469138098227806166e-01 4.787115424932988361e-01 4.246764479726336527e-01 2.346867023406747632e-01 2.662901604391998411e-01 2.558421345772312061e-01 1.469778619351927440e-01 4.128546483706693748e-02 9.985674112257243717e-02 3.604003785267318460e-01 1.876464753341285097e-01 3.136484835651845993e-01 1.570202459836659570e-01 1.810172652604853938e-01 1.069042961694084415e-01 2.169901291511078245e-01 -1.163833521584900915e-01 2.560292293178624834e-01 2.541831029131929598e-01 1.705555394580396955e-01 -2.297093601136231816e-02 3.650454620716303555e-02 2.325249017255063555e-01 -1.488367582272560885e-01 -5.152105366754249766e-02 1.499194564833136178e-01 1.935870427776456015e-01 1.801682763792896713e-01 -1.099674790420493153e-01 2.049000460308686156e-01 -1.792632811362019837e-02 2.075062932048116759e-01 1.386675938884500969e-01 3.744998059017856651e-01 1.717257521468995296e-01 1.227564655100125829e-01 4.076984577657091074e-02 -8.800241543846945569e-02 4.393569871229493010e-03 -1.382250590727738815e-01 -2.232684605200277450e-01 -1.572825507979881687e-01 5.110301908274846872e-01 1.935148985474799410e-01 1.915180613336578686e-01 3.660871625431945664e-01 1.915999518124369139e-01 1.609294284171905176e-01 6.881888594242050461e-01 6.898214018112744927e-01 3.145956036688786761e-01 2.961885749650538524e-01 1.557823147712267542e-01 2.608931936776654470e-01 2.634936640487275383e-01 1.808117464154701259e-01 1.631629591100761667e-01 8.106982046201004211e-02 3.650344081232689136e-02 2.799318792027805786e-02 1.126204867191303860e-01 1.399970706527510211e-01 1.747805268517175492e-01 2.536158465391435968e-01 1.538312039611079984e-01 2.034202898833996631e-01 4.302707914518514101e-03 3.360066510432994091e-01 2.957285736546061417e-01 2.466152593396567227e-01 1.349666563740692382e-01 5.683560974344667449e-02 1.439927061384604218e-02 9.875000595289831762e-02 1.334160102307387630e-01 1.025651627841022845e-01 1.919657202411319957e-02 -1.759810105154178614e-02 8.329090028995000949e-02 7.133277759142842012e-02 -4.026101721489985796e-02 2.719554022235054144e-02 2.911622996736120683e-01 1.870097850848159160e-01 3.545775274040983971e-02 1.592413119309055436e-01 1.919254678143184345e-01 2.259880854156474383e-01 1.164029837659493472e-01 -1.144352977382305792e-01 -9.311333314799088989e-02 -5.958040725893232192e-02 5.590971589091506821e-01 2.535090551200010478e-01
2.651076335488832814e-01 3.862777538848118919e-01 4.329630974981819591e-01 2.274245569077888163e-01 1.743375348398324975e-01 4.469138098227806166e-01 1.000000000000000000e+00 5.157101494061482327e-01 1.655745986961125737e-01 1.381953008934303506e-01 1.952834118379956352e-01 1.565505891491421886e-01 7.427174213604169350e-02 -5.496576009627826553e-02 -2.256019896012506631e-02 4.157966591999574524e-01 3.649265512165827258e-02 3.289065500956953048e-01 4.952577719640489928e-02 3.212001707105537895e-01 5.883876416759793726e-02 1.224819697263240525e-01 -1.330400185734813556e-01 1.899331804455307027e-01 2.662098085615829945e-01 1.116333934389751315e-01 3.298235019940411183e-02 1.001342105973177382e-01 2.631664920509043104e-01 -2.558350634287424041e-01 -9.956209496863785424e-02 2.085539929673769222e-01 1.021349888641111953e-01 7.825579732413404099e-02 -1.280904770486671895e-01 3.764864503326474932e-01 1.755318399107170801e-01 2.826429686696362853e-01 2.570588512849849017e-01 5.166293356831760386e-01 3.172475826511914065e-01 1.737868437293906554e-01 1.065316236677177619e-01 1.794596971429704979e-01 1.210412394005078024e-01 9.998872077139238368e-02 -5.908537153468279568e-02 8.791490706882308659e-02 5.536946221975798110e-01 4.539785978920513054e-01 2.331709980983083796e-01 4.736823823731289851e-01 3.320897831281185986e-01 1.772670409811144543e-01 4.182870685183365245e-01 4.356171267104056999e-01 4.606836069958967217e-01 2.399062321357427752e-01 8.496684095857634511e-02 1.891544495365676815e-01 1.367778422634292335e-01 1.169048880285450953e-01 5.406791177720033509e-02 -6.110875295148656544e-02 1.420927101028545032e-02 -1.173547111921713904e-01 4.283064191273342480e-01 5.119433004259342501e-02 1.182674667767014270e-01 1.652271115115263311e-01 5.069517577111938567e-02 1.194497866334578995e-01 -1.310106711574633709e-01 3.880338771224334238e-01 1.842961934311836969e-01 1.714599439728639041e-01 1.449608742723389743e-01 -1.747079496128417161e-02 -3.759865201403427698e-02 1.353266739793463902e-01 -5.843922706894724012e-02 6.371408997912472727e-02 1.047456382800492358e-01 -7.463336944814097373e-02 4.539741098337354841e-02 6.497517095334758019e-02 1.316110006964727186e-01 8.478147737384009175e-02 4.491954056950307472e-01 1.710787813185139228e-01 8.988138250435908077e-05 2.517727048095587672e-01 2.305031894673825188e-01 2.891606009268656852e-01 1.739489423866340811e-01 1.503888951497882875e-01 6.494422120958655287e-02 1.493230697040959058e-02 5.458481682307375626e-01 4.761380172388290366e-01
1.376127714276716707e-01 5.240509459715033680e-01 5.522794359648732776e-01 1.374109058918953075e-01 2.591393476412359176e-01 4.787115424932988361e-01 5.157101494061482327e-01 1.000000000000000000e+00 3.886703341901850961e-01 2.481640085988158217e-01 3.170850354342532595e-01 2.918845875359550313e-01 1.664634618209450134e-01 1.383671736631801596e-01 1.981837281538852691e-01 3.203038750540610491e-01 1.473246259618283260e-01 5.014846841986735360e-01 1.468259599263858906e-01 1.906598766930481248e-01 2.016764051904708366e-01 7.148008044802717231e-02 -1.528638852893529632e-01 1.997425377849477435e-01 1.696484439474897632e-01 1.248814518275912083e-01 1.078579874464430030e-02 5.041214114810946278e-02 2.939974042730147952e-01 -2.372374196228840548e-01 -8.992558378216966575e-02 1.290513418465383533e-01 5.766708975775571011e-02 2.022623937920850212e-01 -1.470197821945448680e-01 2.874063875336880236e-01 4.980431028378416725e-02 1.631413478823998120e-01 1.914961185409030098e-01 3.123651820527517109e-01 1.515003618033141930e-01 1.507037564917079464e-01 8.901055891785752960e-02 1.450991950224541915e-01 1.382346307258672524e-01 -4.576339551721889110e-03 -1.569583017518184076e-01 -1.319612925954028460e-01 3.944269715350662286e-01 2.190163358897771750e-01 1.976934572524186307e-01 5.690123830225281010e-01 2.381927476263566712e-01 7.340448794337024740e-02 4.996494582856289557e-01 4.892243976541625905e-01 5.536551066651620445e-01 5.133124572082181647e-01 2.241842862688893934e-01 3.552324293299560787e-01 2.966813317630071500e-01 2.336283969629433244e-01 1.949308332585928671e-01 1.377322548625674048e-01 2.035144139990665013e-01 1.133353862395927031e-01 1.028782319824776414e-01 2.126393615222886835e-01 2.903862041387647586e-01 3.277989795138267493e-01 2.282595371497588843e-01 2.148255068749318486e-01 -2.938123338457588468e-02 1.966119848929783476e-01 2.925680759093890471e-01 1.461580313107402607e-01 2.350599778541866691e-01 -3.954129646672999848e-02 6.385642058620606167e-03 7.979357463409271489e-02 -4.440461232772159594e-02 6.705985868000747044e-03 6.762847479578905363e-02 -8.913190353640201846e-02 5.282461697328036387e-02 -3.436451202073406708e-02 3.208506214858643929e-02 -7.483729402361096426e-03 3.720380918861609931e-01 -1.910375452330912924e-02 -4.609677342195557873e-03 2.088698090918314765e-01 1.631635097278957280e-01 1.327271226445319585e-01 1.240769159833743779e-01 1.124872301281017173e-01 1.119052014715991861e-02 -1.272352429430760046e-01 4.457189856403788730e-01 2.522923438748615466e-01
3.264558741818120863e-02 1.578133403354318454e-01 2.468222832542783240e-01 1.657002788255423631e-01 7.175886962428768001e-02 4.246764479726336527e-01 1.655745986961125737e-01 3.886703341901850961e-01 1.000000000000000000e+00 4.375533283147893249e-01 4.602229862584855113e-01 4.554523083630632185e-01 3.994663345138476096e-01 4.860318102382776839e-01 4.519493780232696767e-01 2.076577899673245631e-01 3.621103723684412912e-01 2.594350409310227645e-01 3.790580374210677506e-01 2.575431716665946974e-02 3.758461239026528178e-01 9.201783306182721722e-02 -1.751068894781026078e-02 1.447027626457614846e-01 7.737939597249281209e-02 2.094092917225744421e-01 5.550647495783214008e-02 5.632129553330193078e-02 1.551113677070755370e-01 1.449365084252073332e-01 1.268666271706436754e-01 2.159795616584377423e-02 1.576570889816118204e-01 1.010084298148831994e-01 -1.266164511879144111e-02 8.448164404715571840e-02 -6.683541567918530046e-02 1.205250839323697420e-01 1.859394157079204829e-02 3.296596450680685381e-02 -1.152843438037322171e-01 1.264163198554237033e-02 1.005116807094304753e-02 2.905082778883472452e-02 -4.099243444793068680e-02 -1.167449886221871569e-01 -1.447877846975156590e-01 -2.182279683070721676e-01 1.630562397452673673e-01 -1.543453250751350599e-02 1.925709850661883049e-01 2.412492253393749286e-01 2.516220837550923739e-01 1.357125074557788968e-01 3.571888599487910154e-01 5.822828819936545219e-01 2.485805179667613940e-01 6.545141309685974518e-01 4.722994834287784771e-01 3.919788016681130527e-01 4.358639826383466365e-01 4.456877204769013612e-01 4.226456169704055355e-01 4.413694737092866416e-01 3.307734201993463574e-01 4.343440708850216936e-01 2.281331398620793302e-02 3.946716381052704503e-01 3.761601049628618409e-01 2.966181171414116191e-01 4.312384998952749626e-01 2.661846492067003189e-01 1.956743931710820950e-01 6.390558926173091348e-02 4.544620316365532431e-01 1.798374241618749814e-01 2.131353547194780595e-01 2.199285390274939855e-01 1.325951992781970179e-01 7.511275978765517836e-02 7.523907854249406446e-02 -4.487841993779766170e-03 -6.643716817631230287e-02 -4.954526400111067957e-02 2.076795596753337400e-02 -6.385855507698318112e-02 3.745219707608413856e-02 -3.765780579516635890e-02 8.092602235590407034e-02 -3.453947363626802460e-03 8.032355716736280793e-02 1.209474889575107848e-01 8.149636082286718097e-02 -3.968453427727566298e-03 -1.004040810303188751e-02 1.589534072386315430e-02 -9.619905512803232639e-02 -1.126206225211981576e-01 2.723472138657693775e-01 8.113679630148043498e-02
4.388334441061381846e-02 -2.516341791868278305e-02 2.399360697447453783e-01 2.836094003762590701e-02 -5.166136776360347183e-02 2.346867023406747632e-01 1.381953008934303506e-01 2.481640085988158217e-01 4.375533283147893249e-01 1.000000000000000000e+00 6.272882678365855336e-01 6.057471168283757867e-01 3.879154299053524380e-01 3.502843856194252092e-01 3.301450002465644573e-01 1.041844398219091972e-01 3.762138396084536152e-01 2.254118502717373518e-01 2.963740353636392100e-01 3.606348484260234188e-02 2.149839887202277811e-01 1.968065606189131067e-01 -1.234119547767348474e-01 3.344631429574244086e-01 4.320202767655073051e-01 2.923514020750621611e-01 3.585778260488801938e-02 1.646694401173578182e-01 2.855436230943028120e-01 5.623006423936895148e-02 1.785285448547112575e-01 3.413862137440289851e-02 5.896249977806420489e-02 1.229578547733786442e-01 -6.921347668586792790e-02 2.558492854422294016e-01 1.315351123085971019e-01 1.515940613488083732e-01 2.055047090914073060e-01 3.002531969712620707e-01 6.076819333442681076e-02 1.471880231701383213e-01 1.152442783233584844e-01 1.354010399101474305e-01 4.486886354842722219e-02 -6.563830281960959800e-02 -2.106048771141962317e-01 -1.361415479131785899e-01 2.198850299498703587e-01 1.077271856965633240e-01 6.930190681743300662e-02 9.458990383539095381e-02 1.041940424700399798e-01 -6.027741593203503334e-02 1.749649614025056976e-01 3.919513204031919718e-01 4.798541121117481933e-02 3.391506430053939924e-01 5.992287955216255568e-01 5.368985490548892070e-01 5.847273659150153957e-01 3.885326790698921950e-01 3.539528593371016885e-01 3.319507836062137174e-01 2.078373418089446145e-01 3.126601187461676146e-01 -3.561405138238916274e-02 4.034407317884279864e-01 2.902771506655903444e-01 2.118312589366103671e-01 3.367569633899455961e-01 2.374913471040615842e-01 7.954933463876834310e-02 2.788897965274448887e-01 5.640949866097709764e-01 3.692961887722157610e-01 3.344816849944878268e-01 1.562732875488858919e-01 1.692168100363809768e-01 2.715000532419167487e-02 1.024732392764168137e-01 2.134741535774567489e-02 2.055042517267292590e-01 -9.434371398638201345e-02 5.988908425796433260e-02 -1.321084436817980545e-01 1.483469705793779014e-01 -3.537573422651194011e-02 2.013651100951930617e-01 1.749692304485269134e-01 -4.412935182567492148e-02 2.073723023982330105e-01 2.226802806945336610e-01 2.368436306961439752e-01 1.672048140341204081e-01 1.385717836505681033e-01 -3.501165131331467062e-02 -8.632632540432684520e-02 2.753355329536656959e-01 1.651670932314346085e-01
9.263458941322974538e-02 5.968741921117638044e-02 2.355879228830372041e-01 1.212407468589363768e-01 -7.244192642713104258e-02 2.662901604391998411e-01 1.952834118379956352e-01 3.170850354342532595e-01 4.602229862584855113e-01 6.272882678365855336e-01 1.000000000000000000e+00 7.097586718690566121e-01 5.184464470737222275e-01 4.475525034664178392e-01 4.878217077051488770e-01 1.270761045931010913e-01 4.491371151744990020e-01 3.181286780333545394e-01 4.091035392094270473e-01 7.612391632461948388e-02 3.532060197530225154e-01 2.285236579485523667e-01 -4.632024567659139003e-02 4.082587576774681093e-01 2.461723650444248013e-01 3.895166491066166525e-01 7.466680647566240059e-02 1.900211449812171105e-01 3.575716432013081314e-01 9.595026683755394914e-02 5.040130511982023054e-02 7.550416358580799847e-02 1.253166802152085590e-01 2.351592090295132886e-01 7.578890560233161877e-02 1.879220803257684314e-01 2.418485778863869173e-01 9.709083537835078159e-02 2.311051912533347574e-01 2.937335520267866373e-01 2.206789649989073787e-01 1.423906801525738897e-01 2.773782527505997964e-01 1.975969031314638580e-01 1.338227855715779235e-01 2.241071480872174407e-03 -1.028444904901194001e-01 -8.573660283692807749e-02 2.636993390712299434e-01 2.806195741364381213e-01 1.539555107509675003e-01 1.263561293171398259e-01 1.424086169414647551e-01 9.843486012191841536e-03 1.563765900384923024e-01 4.329892117634386861e-01 2.476366898836360880e-02 3.377438393244830972e-01 5.153998403675984497e-01 6.413538696908783754e-01 6.304460059453736998e-01 5.629561150964306204e-01 3.910262917709202979e-01 4.019119306106715972e-01 3.788408906317349278e-01 4.368286002457968942e-01 -4.558236213512058266e-02 5.020237982648381170e-01 3.968729407304245060e-01 3.007415380190162080e-01 4.080397231664723012e-01 3.959730339171496638e-01 1.435449789740803617e-01 1.474211406168135230e-01 5.909499913424312023e-01 4.488886077411491926e-01 4.013988620086622050e-01 1.982945715975867051e-01 4.955063953283556782e-02 7.775572027763913430e-02 1.426487646746572302e-01 9.961711376002196916e-02 1.870692589792060379e-01 5.609485372986614676e-02 5.718370687320296214e-02 -7.120346376856453996e-02 2.560499272038028740e-01 4.594560065133444782e-02 2.394990786465901189e-01 1.744843836672024251e-01 2.504863464551963098e-02 2.021471672753888948e-01 2.481738706854577092e-01 1.003986925055958407e-01 2.832005271421103587e-01 1.853039239702317376e-01 9.166755442997560899e-03 -6.820050755367790263e-02 3.460580948176662508e-01 3.351408718945586007e-01
7.083339042947989217e-02 1.355593765839536446e-01 2.193998237817971764e-01 1.970266415237547364e-01 -2.174545220026406073e-02 2.558421345772312061e-01 1.565505891491421886e-01 2.918845875359550313e-01 4.554523083630632185e-01 6.057471168283757867e-01 7.097586718690566121e-01 1.000000000000000000e+00 6.200995792609992341e-01 5.033215993567576874e-01 5.688229830799235165e-01 1.705315284067960013e-01 5.451474254636561323e-01 3.874587227326011796e-01 5.423628076329252146e-01 2.265620438568426154e-01 4.794704239172263849e-01 2.943125481549377365e-01 6.173273809853530719e-02 5.025647907005890147e-01 2.210262242798975707e-01 5.551338798244830341e-01 2.120536137140734412e-01 2.777614591433592017e-01 4.353844662524538056e-01 1.618577776151507719e-01 -5.901019362027905280e-02 1.167827922373817218e-01 2.035383556177894071e-01 2.170765807467647246e-01 1.733061739406311641e-01 3.599008326650784406e-01 2.733799789531805580e-01 1.280383487071293791e-01 2.407750081526007779e-01 2.886155353277937152e-01 1.308521213624114221e-01 1.274579073058655088e-01 4.176521776545779607e-01 2.065211636652962701e-01 2.327696909639397349e-01 5.079199922848377791e-02 -2.743550952303744697e-02 -8.427350631734759068e-02 1.983442222791788334e-01 2.164718713678670525e-01 2.378004595867260762e-01 1.997103474703175452e-01 2.438737613763553580e-01 1.637526816208002278e-01 2.102363496890929107e-01 3.792122240985406068e-01 9.708071712855111113e-02 4.310169510370825963e-01 4.833405691202816712e-01 6.627944611231908478e-01 7.203556814481155701e-01 6.478787603120133021e-01 5.664415739169593733e-01 4.439005960274718388e-01 4.741181322313105517e-01 4.884527755494792456e-01 -3.046206820352468855e-02 5.502258750784451147e-01 4.707043954030525890e-01 3.902266681337900889e-01 4.989134759801008290e-01 5.247424383827781202e-01 2.623850418329283785e-01 1.668729313829367955e-01 6.527302571010651366e-01 5.473336993306989751e-01 4.864106737784589241e-01 3.472233472141756927e-01 -2.995435970359970265e-02 1.487690178323633206e-01 1.577816231416333259e-01 8.361603518075703956e-02 2.598187539490830478e-01 1.921904530278345236e-01 1.776178654939634671e-01 5.801799802244134857e-02 3.275661962927640114e-01 1.686716410364384744e-01 3.641598403161278030e-01 1.264374913225277119e-01 9.584714574252066466e-02 1.469611222602897060e-01 2.951235774040924520e-01 9.381326790778354852e-02 3.023556268494900778e-01 1.866649147546654841e-01 5.745160757818637554e-02 1.305212866501727180e-02 2.778625361044007591e-01 2.419199709141820198e-01
-8.660108948783486194e-02 1.116619951557174806e-01 8.323794840415782437e-02 1.620067483694809796e-01 -1.232281091861833211e-01 1.469778619351927440e-01 7.427174213604169350e-02 1.664634618209450134e-01 3.994663345138476096e-01 3.879154299053524380e-01 5.184464470737222275e-01 6.200995792609992341e-01 1.000000000000000000e+00 5.798164956072083820e-01 6.289112663716249774e-01 5.069537782430873912e-02 6.586611741508598961e-01 3.336120501978069863e-01 6.554502926321770229e-01 5.715286070673955554e-02 5.104843444955278198e-01 4.323335973508832808e-01 2.250240160995352900e-01 3.440566075606120711e-01 -3.145590251342011978e-02 3.278712842209697831e-01 2.484353821071177693e-01 2.671986299693789868e-01 4.161698437953448848e-01 3.467449969845292634e-01 -8.554511792624622246e-02 -5.237955132706881983e-02 1.547586275777519671e-01 3.357361138332905504e-01 4.141404772973759085e-01 9.303631514974895766e-02 2.537222798612782659e-01 -8.997063192020623990e-02 1.107273405093631424e-01 1.687597258391712596e-01 7.499098348145738502e-02 2.705243790268896040e-02 2.932717387400232689e-01 2.512303897770764571e-01 2.540477442691451149e-01 1.115210735455595820e-01 7.418998660646962395e-02 -4.934868333662013190e-02 3.368941873210519466e-02 1.155070321967026498e-01 1.430081004202519435e-01 1.345266739166955661e-01 2.156395818632974304e-01 1.817855748764830859e-01 5.186102382876238426e-02 2.193511925413939578e-01 6.622551635971109067e-03 3.536946518564628716e-01 3.433225816037837608e-01 5.634979289736291586e-01 5.405436781824376480e-01 7.131256945409266690e-01 5.715563844507917102e-01 4.397175184675742865e-01 6.292016557704684931e-01 5.480592738303853295e-01 -1.084137943078907207e-01 6.761887370593813174e-01 5.935588804216155312e-01 3.123398011517981576e-01 3.980944449328271406e-01 4.845969579139389749e-01 3.706838444540013211e-01 -2.476496842482146798e-02 4.697852266973259749e-01 2.857059903313608484e-01 5.025112705885492748e-01 3.451886719404209658e-01 -8.589564441374898662e-02 2.870382346980351190e-02 6.522511499061126039e-02 9.095400239933293385e-02 2.125858378651669378e-01 2.894755482534166480e-01 1.370029968909721729e-01 7.248607538437598641e-02 3.079524982190805504e-01 7.034349679841175873e-02 1.546858174880746117e-01 -4.343144796243240957e-02 6.997529445478636867e-02 1.961075152805382554e-02 3.150700436029671425e-01 -1.240472673952183885e-01 1.072337511392381926e-01 1.486778787406880242e-01 1.610985287722210280e-01 -2.371795570380359763e-02 1.357723580526376261e-01 1.176089302265164033e-01
-6.825555131712489343e-02 -3.129592137114189931e-02 -5.701181220079337003e-02 1.688033906817826002e-01 -1.923323462298262565e-01 4.128546483706693748e-02 -5.496576009627826553e-02 1.383671736631801596e-01 4.860318102382776839e-01 3.502843856194252092e-01 4.475525034664178392e-01 5.033215993567576874e-01 5.798164956072083820e-01 1.000000000000000000e+00 7.161916376379025007e-01 1.241351403806257442e-03 5.696611319336284396e-01 3.325577322521097723e-01 6.412544629972294352e-01 -1.524172138958129752e-02 6.339479890732422351e-01 1.705032419744639260e-01 2.696247612109799463e-01 2.151958218406743450e-01 -4.382647656591997370e-02 1.549050920893106642e-01 1.409623006954570101e-01 1.124465339015166265e-01 2.689583670453392084e-01 3.408741199447579140e-01 1.203994889237852139e-01 2.066215525345593829e-02 1.832749975623825522e-01 2.784861044914747064e-01 1.952468051685808947e-01 -6.516773251186783189e-02 1.079328026811886831e-01 1.428407128300924166e-02 2.737753504879132313e-02 -3.073340490060304936e-02 -5.144587474912033775e-02 -6.674738877364766454e-02 6.019935820527536063e-02 7.614979972505919736e-02 5.704890025111799406e-02 2.510153655454067448e-02 1.646587825088499102e-01 -1.245687038100986022e-01 -1.143208012881947039e-01 -4.245412979447164836e-02 1.768225478556313401e-01 5.009665539584347987e-02 2.329113110202492565e-01 1.407962750075955338e-01 -9.185556748273335237e-02 2.171948882173173334e-01 -1.491233220428204477e-02 3.942461488495637711e-01 4.085819797304070522e-01 4.551346848522857536e-01 4.562224511972798879e-01 5.687429205788596676e-01 5.739048248127625040e-01 6.769462709278437629e-01 6.743517983144433625e-01 6.918282133295400316e-01 -1.826115763612690679e-01 6.363032826254040319e-01 5.804739124790908589e-01 3.706406468565263124e-01 5.495586800422651574e-01 3.655706034189712406e-01 4.750384100093351103e-01 -1.403542016613481269e-01 4.262832539450257530e-01 1.193507963967910535e-01 3.782937266412786936e-01 2.986587123801801025e-01 1.334418374858895862e-01 8.932818292495244006e-02 5.620434750989707767e-02 1.267651790129644719e-03 -1.726955993705668602e-02 8.132507555680561218e-02 7.252264440820195557e-02 8.527703261852022376e-02 1.623019167022224651e-01 -6.421399027873481158e-02 4.518664465355472226e-02 -1.599945709173949682e-01 1.046908552960692379e-01 9.749547336605050851e-02 1.961411021046704228e-01 -1.758252952460587770e-01 -2.413727107417400555e-02 7.444311983373246011e-02 3.271561153165395558e-02 -1.721320579046993482e-02 2.262163712697816409e-02 1.530999445138290019e-02
-1.083530783388945463e-02 8.420431785929038959e-02 4.390829746520896922e-03 1.650178376805946090e-01 -1.710811091722093946e-01 9.985674112257243717e-02 -2.256019896012506631e-02 1.981837281538852691e-01 4.519493780232696767e-01 3.301450002465644573e-01 4.878217077051488770e-01 5.688229830799235165e-01 6.289112663716249774e-01 7.161916376379025007e-01 1.000000000000000000e+00 1.009655187179976515e-01 5.696342658933746250e-01 2.981054041210871586e-01 6.190672173562953295e-01 9.495621131038704810e-02 6.964351855255305201e-01 1.537378188027702375e-01 2.818010134040103698e-01 2.364442740542422594e-01 -4.878174275080225664e-02 2.462330449925029807e-01 2.055435241441170569e-01 1.250896199550968757e-01 3.674114462642469325e-01 3.394029647513215342e-01 -2.969186722095565681e-02 9.441616216222575853e-02 1.807403528602459508e-01 1.917871546363193180e-01 2.314157853263328346e-01 3.412433877520432840e-02 1.014843129765135854e-01 2.030748600503099605e-02 1.290889537155124889e-01 3.434784787644153820e-02 -7.167780603181779508e-02 -7.795892977175382377e-02 1.488459874339795597e-01 1.168377941992588959e-01 1.357019160770696897e-01 8.197200230780180008e-02 1.197907498818174404e-01 -5.365736913049555523e-02 -9.472858942454354114e-02 -2.105696373875527369e-02 2.792748141031438647e-01 1.750296053896910065e-01 2.959239002931637885e-01 1.767374477297936064e-01 -2.379570082425679078e-02 2.231883164182880963e-01 1.448438360544191186e-02 4.539496320887911884e-01 4.483703005944421616e-01 5.207048487061333164e-01 5.625684865496674014e-01 6.922425939038853171e-01 6.201829792138336961e-01 6.382275125601446497e-01 6.715036518942499866e-01 8.169852775908218456e-01 -9.190472784275856288e-02 6.199328854429397850e-01 5.637116690902324034e-01 3.602416623498537751e-01 6.416235055769413664e-01 4.587299001390520159e-01 5.130605741947041887e-01 -1.447693302340504473e-01 4.811323157876072898e-01 1.947890813406924215e-01 4.651217242338537283e-01 4.460501504795806871e-01 7.684643241209689057e-02 1.876900071802445058e-01 1.175332280299078436e-01 -1.070633343431178289e-02 3.863766283339111623e-02 2.076288118155192319e-01 1.205479948203158624e-01 1.158398514771126486e-01 2.490775422329116195e-01 1.131333703824617676e-01 1.150676900020407012e-01 -1.383941727528092691e-01 2.137476574980300692e-01 1.671863803117315528e-01 2.614258200136874155e-01 -1.596824161757090521e-01 7.555554576943088185e-02 1.584781276964523922e-01 1.005529361257500448e-01 8.258449528809222451e-02 6.931682321909708733e-02 3.559675045847569830e-02
