1.000000000000000000e+00 8.220595553421190527e-01 8.220595604368393650e-01 8.220595600009936721e-01 8.220595517350179904e-01 8.220595533623973328e-01 8.220595583608325541e-01 8.220595592466268808e-01 8.220595594909980708e-01 8.220595532704197961e-01 8.220595579033532774e-01 8.220595605657390337e-01 8.220595587853209985e-01 8.220595482819116340e-01 8.220595578242375634e-01 8.220595570708751909e-01 8.220595521471349976e-01 8.220595640381042069e-01 8.220595583830310193e-01 8.220595563499398795e-01 8.220595574155038499e-01 8.220595585890104751e-01 8.220595582483724018e-01 8.220595591576338457e-01 8.220595606621771134e-01 8.220595634898374415e-01 8.220595583885292879e-01 8.220595557408491016e-01 8.220595610184796564e-01 8.220595549489491116e-01 8.220595578564711126e-01 8.220595565573495245e-01 8.220595604535905210e-01 8.220595602802172053e-01 8.220595521063371880e-01 8.220595575329573412e-01 8.220595585150211049e-01 8.220595624003546043e-01 8.220595582328209527e-01 8.220595547522790980e-01 8.220595584914853760e-01 8.220595592922429473e-01 8.220595580425276161e-01 8.220595599118212249e-01 8.220595621163692135e-01 8.220595592054679157e-01 8.220595579496863259e-01 8.220595562697570191e-01 8.220595614627863590e-01 8.220595607173545316e-01 8.220595596596709242e-01 8.220595607637677382e-01 8.220595631104337109e-01 8.220595621518383966e-01 8.220595632441981548e-01 8.220595578770829581e-01 8.220595584631220643e-01 8.220595594825125252e-01 8.220595550861017342e-01 8.220595569274052883e-01 8.220595581719294387e-01 8.220595562143253598e-01 8.220595593938986312e-01 8.220595592163078003e-01 8.220595586461577620e-01 8.220595574015168161e-01 8.220595583580697641e-01 8.220595588517016772e-01 8.220595580160154903e-01 8.220595535825840905e-01 8.220595612729849622e-01 8.220595571827493675e-01 8.220595589122965396e-01 8.220595599279743038e-01 8.220595621617834414e-01 8.220595616925727711e-01 8.220595590957888721e-01 8.220595532123724514e-01 8.220595618993947751e-01 8.220595615223382779e-01 8.220595549252361911e-01 8.220595605260433425e-01 8.220595616824218910e-01 8.220595592234825055e-01 8.220595449829919410e-01 8.220595604777919396e-01 8.220595605160474495e-01 8.220595622113605616e-01 8.220595579049322366e-01 8.220595588111433427e-01 8.220595575418102596e-01 8.220595562242338783e-01 8.220595615922011712e-01 8.220595605179503718e-01 8.220595610355828642e-01 8.220595587129190251e-01 8.220595515682138643e-01 8.220595586281174150e-01 8.220595617334353067e-01 8.220595603423495046e-01
8.220595553421190527e-01 1.000000000000000000e+00 8.220595625110237448e-01 8.220595600665359104e-01 8.220595583015688490e-01 8.220595615283822211e-01 8.220595599099448370e-01 8.220595623639117555e-01 8.220595639008726474e-01 8.220595621294808364e-01 8.220595628891492757e-01 8.220595604149109059e-01 8.220595621724994251e-01 8.220595620444124396e-01 8.220595630443856550e-01 8.220595604462795913e-01 8.220595592940469487e-01 8.220595600548287196e-01 8.220595614475246782e-01 8.220595595137215605e-01 8.220595587853974928e-01 8.220595632357653448e-01 8.220595592303686638e-01 8.220595605716737309e-01 8.220595587711074792e-01 8.220595562350150320e-01 8.220595630848016588e-01 8.220595599504434414e-01 8.220595604347545882e-01 8.220595630154106104e-01 8.220595598725364272e-01 8.220595604631945053e-01 8.220595624291771042e-01 8.220595602618474551e-01 8.220595623785508232e-01 8.220595602547303704e-01 8.220595628188405168e-01 8.220595620671210524e-01 8.220595649254075488e-01 8.220595565496290336e-01 8.220595602970600657e-01 8.220595617008811251e-01 8.220595623734688884e-01 8.220595631694551653e-01 8.220595584173235881e-01 8.220595602124287637e-01 8.220595593411225144e-01 8.220595607909172431e-01 8.220595624628900255e-01 8.220595607942297045e-01 8.220595621885691262e-01 8.220595566865368520e-01 8.220595587949535155e-01 8.220595625801944140e-01 8.220595597348534511e-01 8.220595599283098132e-01 8.220595584782645071e-01 8.220595605621556778e-01 8.220595643960809662e-01 8.220595577015221700e-01 8.220595594745023771e-01 8.220595636871327327e-01 8.220595629561300299e-01 8.220595605686220608e-01 8.220595599878103288e-01 8.220595646177633053e-01 8.220595637756772378e-01 8.220595603168192600e-01 8.220595636200795919e-01 8.220595623184459022e-01 8.220595585274849126e-01 8.220595567701118878e-01 8.220595615844653592e-01 8.220595617811687905e-01 8.220595594288321317e-01 8.220595610948053800e-01 8.220595610435836864e-01 8.220595632218589133e-01 8.220595583941067153e-01 8.220595630769289563e-01 8.220595633945725345e-01 8.220595558058593211e-01 8.220595590457816515e-01 8.220595603175577804e-01 8.220595567448785168e-01 8.220595563462985700e-01 8.220595585935958072e-01 8.220595572616915536e-01 8.220595551048790472e-01 8.220595626296361980e-01 8.220595588481389715e-01 8.220595633401182045e-01 8.220595584259691169e-01 8.220595597309411362e-01 8.220595626555255997e-01 8.220595638320864484e-01 8.220595601956468546e-01 8.220595647616131263e-01 8.220595574319924381e-01 8.220595621283578458e-01
8.220595604368393650e-01 8.220595625110237448e-01 1.000000000000000000e+00 8.220595627287635709e-01 8.220595588248731378e-01 8.220595615252462851e-01 8.220595602248016442e-01 8.220595645666038953e-01 8.220595636062123512e-01 8.220595622960981119e-01 8.220595634983812738e-01 8.220595647021965435e-01 8.220595640493156830e-01 8.220595603861499123e-01 8.220595637052146021e-01 8.220595625570422671e-01 8.220595591301147476e-01 8.220595625747312285e-01 8.220595620654219671e-01 8.220595629867898380e-01 8.220595604576544924e-01 8.220595637818414181e-01 8.220595628582368919e-01 8.220595632053780966e-01 8.220595612201438973e-01 8.220595612114383055e-01 8.220595628150587642e-01 8.220595611590466589e-01 8.220595642093306843e-01 8.220595613255922141e-01 8.220595633372033140e-01 8.220595624858226813e-01 8.220595640828491923e-01 8.220595614163539455e-01 8.220595606077346629e-01 8.220595630219392769e-01 8.220595623837937405e-01 8.220595648524738897e-01 8.220595635137064594e-01 8.220595594186022037e-01 8.220595596673759831e-01 8.220595646571743353e-01 8.220595634437393162e-01 8.220595645364741078e-01 8.220595633351119869e-01 8.220595639790606590e-01 8.220595608375895758e-01 8.220595642308494710e-01 8.220595648949506895e-01 8.220595649060741250e-01 8.220595628772373598e-01 8.220595621467901015e-01 8.220595628818555545e-01 8.220595635377201393e-01 8.220595624411791702e-01 8.220595643224720694e-01 8.220595588037507007e-01 8.220595630059333025e-01 8.220595629608868915e-01 8.220595610100629447e-01 8.220595630401984488e-01 8.220595633470387797e-01 8.220595629074073374e-01 8.220595641876062842e-01 8.220595608513531216e-01 8.220595631347130672e-01 8.220595632435667710e-01 8.220595630160313361e-01 8.220595643999079050e-01 8.220595625070971080e-01 8.220595635054569472e-01 8.220595601204081504e-01 8.220595627930653571e-01 8.220595627382027981e-01 8.220595635893273023e-01 8.220595636133303241e-01 8.220595605995416610e-01 8.220595607899500168e-01 8.220595631985333496e-01 8.220595643861701163e-01 8.220595628046193371e-01 8.220595613387869927e-01 8.220595635988267036e-01 8.220595619043548075e-01 8.220595568639135209e-01 8.220595599385260854e-01 8.220595619966948320e-01 8.220595612248297046e-01 8.220595600594806651e-01 8.220595640474290811e-01 8.220595626891308294e-01 8.220595617008240596e-01 8.220595614857422184e-01 8.220595636141763141e-01 8.220595643443091571e-01 8.220595633382424827e-01 8.220595595498080277e-01 8.220595630137457199e-01 8.220595626106909082e-01 8.220595636687960672e-01
8.220595600009936721e-01 8.220595600665359104e-01 8.220595627287635709e-01 1.000000000000000000e+00 8.220595540155998249e-01 8.220595592733129786e-01 8.220595608776878338e-01 8.220595619402013554e-01 8.220595600008904213e-01 8.220595610083091254e-01 8.220595598705099372e-01 8.220595634169993726e-01 8.220595625111114524e-01 8.220595542456613503e-01 8.220595628262592491e-01 8.220595580159945071e-01 8.220595538159585214e-01 8.220595619992628889e-01 8.220595621209524362e-01 8.220595611930494595e-01 8.220595588823002009e-01 8.220595596796325122e-01 8.220595627080129475e-01 8.220595623468435198e-01 8.220595640741337196e-01 8.220595611697832927e-01 8.220595637132189770e-01 8.220595567753048449e-01 8.220595628975657654e-01 8.220595578560293548e-01 8.220595636347951540e-01 8.220595613514541933e-01 8.220595624018772751e-01 8.220595631037697082e-01 8.220595589338288711e-01 8.220595621444769519e-01 8.220595597048356851e-01 8.220595637201864037e-01 8.220595615616455021e-01 8.220595535055925662e-01 8.220595568256767738e-01 8.220595626303357495e-01 8.220595588533967657e-01 8.220595622488815479e-01 8.220595626761628694e-01 8.220595617028452207e-01 8.220595632068543601e-01 8.220595606386185139e-01 8.220595633742447950e-01 8.220595616688243235e-01 8.220595630125502318e-01 8.220595611451161355e-01 8.220595614682580932e-01 8.220595624901362308e-01 8.220595631749219034e-01 8.220595619609530891e-01 8.220595601472299174e-01 8.220595612205934266e-01 8.220595592962378628e-01 8.220595584200401928e-01 8.220595608330751869e-01 8.220595610293007782e-01 8.220595619320131275e-01 8.220595608004096499e-01 8.220595595816820866e-01 8.220595607348327727e-01 8.220595619628593420e-01 8.220595620108602786e-01 8.220595623257301865e-01 8.220595608924253783e-01 8.220595620217377997e-01 8.220595585330370270e-01 8.220595618313160102e-01 8.220595637977962111e-01 8.220595619566114509e-01 8.220595632723273205e-01 8.220595557925161057e-01 8.220595567677024817e-01 8.220595597577343705e-01 8.220595628370178654e-01 8.220595619284986055e-01 8.220595639511297792e-01 8.220595641067914849e-01 8.220595578769989142e-01 8.220595496584087725e-01 8.220595607724809906e-01 8.220595599582924962e-01 8.220595635605038032e-01 8.220595602314728634e-01 8.220595637172035675e-01 8.220595606074427852e-01 8.220595602799145585e-01 8.220595626056289573e-01 8.220595648863762150e-01 8.220595613890214759e-01 8.220595607247035419e-01 8.220595576747020683e-01 8.220595612203320801e-01 8.220595640503591817e-01 8.220595637901728647e-01
8.220595517350179904e-01 8.220595583015688490e-01 8.220595588248731378e-01 8.220595540155998249e-01 1.000000000000000000e+00 8.220595619537544030e-01 8.220595610977154966e-01 8.220595619555395306e-01 8.220595610791135988e-01 8.220595575425417856e-01 8.220595623313498024e-01 8.220595583977270415e-01 8.220595598458076969e-01 8.220595583707316356e-01 8.220595538532065039e-01 8.220595622050541618e-01 8.220595630830153100e-01 8.220595544669127008e-01 8.220595550750613434e-01 8.220595558920167356e-01 8.220595604551328428e-01 8.220595581514655859e-01 8.220595605246460158e-01 8.220595538060552210e-01 8.220595554583128850e-01 8.220595526818239573e-01 8.220595567341106857e-01 8.220595620756844246e-01 8.220595583267086282e-01 8.220595608430405488e-01 8.220595553528156074e-01 8.220595540045254612e-01 8.220595597334089399e-01 8.220595501391475546e-01 8.220595594494782832e-01 8.220595526335422454e-01 8.220595628289261159e-01 8.220595563156049002e-01 8.220595598822568739e-01 8.220595643234233085e-01 8.220595602826320514e-01 8.220595583364281866e-01 8.220595607435038366e-01 8.220595614029784226e-01 8.220595565292116991e-01 8.220595572005962026e-01 8.220595563964031571e-01 8.220595580807064096e-01 8.220595562501674669e-01 8.220595573235884856e-01 8.220595587731142073e-01 8.220595529674193935e-01 8.220595555204922578e-01 8.220595579024377875e-01 8.220595543590699661e-01 8.220595591398863755e-01 8.220595590297740118e-01 8.220595584448996407e-01 8.220595615564221248e-01 8.220595632510122597e-01 8.220595588782814156e-01 8.220595558456913476e-01 8.220595605429197317e-01 8.220595607645313496e-01 8.220595619796748910e-01 8.220595577353593253e-01 8.220595583969126929e-01 8.220595580175495964e-01 8.220595603266793727e-01 8.220595583926006977e-01 8.220595565088946177e-01 8.220595574221591928e-01 8.220595568864726976e-01 8.220595592494330806e-01 8.220595556884974231e-01 8.220595526209498738e-01 8.220595607575056363e-01 8.220595602476945540e-01 8.220595601672815445e-01 8.220595599339672876e-01 8.220595596138436933e-01 8.220595489388891064e-01 8.220595550848974753e-01 8.220595609658217784e-01 8.220595619974508939e-01 8.220595566189000669e-01 8.220595619336026338e-01 8.220595527742444730e-01 8.220595444607085023e-01 8.220595602233695676e-01 8.220595539097318438e-01 8.220595623329662871e-01 8.220595573867731654e-01 8.220595560160958160e-01 8.220595607734803023e-01 8.220595610601673098e-01 8.220595586530916599e-01 8.220595592406845231e-01 8.220595547500226807e-01 8.220595605008140794e-01
8.220595533623973328e-01 8.220595615283822211e-01 8.220595615252462851e-01 8.220595592733129786e-01 8.220595619537544030e-01 1.000000000000000000e+00 8.220595623844250133e-01 8.220595640109918945e-01 8.220595624110446087e-01 8.220595624084188202e-01 8.220595624348209229e-01 8.220595607347566114e-01 8.220595623432084276e-01 8.220595615979932047e-01 8.220595608422083256e-01 8.220595630928019260e-01 8.220595635354429609e-01 8.220595580289098425e-01 8.220595621058368607e-01 8.220595620505714018e-01 8.220595630954459221e-01 8.220595613136338908e-01 8.220595628192507442e-01 8.220595610056604663e-01 8.220595600262607938e-01 8.220595543564498398e-01 8.220595613520856881e-01 8.220595610944619880e-01 8.220595598393312109e-01 8.220595625811213392e-01 8.220595618331690835e-01 8.220595594050049693e-01 8.220595619441392055e-01 8.220595578440701434e-01 8.220595641823994493e-01 8.220595595003705736e-01 8.220595628854503456e-01 8.220595597019267897e-01 8.220595629590867759e-01 8.220595599119653318e-01 8.220595594759850799e-01 8.220595613798700185e-01 8.220595619524754261e-01 8.220595637108536469e-01 8.220595605014049401e-01 8.220595613583605576e-01 8.220595607688383488e-01 8.220595621344998216e-01 8.220595609586440755e-01 8.220595610908358886e-01 8.220595624552479164e-01 8.220595578060710951e-01 8.220595567899551259e-01 8.220595609524768976e-01 8.220595566211432725e-01 8.220595629013465189e-01 8.220595571102009558e-01 8.220595627425537621e-01 8.220595638857121079e-01 8.220595624770724585e-01 8.220595615578356608e-01 8.220595610197997116e-01 8.220595625958825314e-01 8.220595598629927281e-01 8.220595616605779199e-01 8.220595622854584006e-01 8.220595625434421461e-01 8.220595627467003341e-01 8.220595629434231943e-01 8.220595627767692815e-01 8.220595602969789084e-01 8.220595607125139592e-01 8.220595623008561947e-01 8.220595621300653688e-01 8.220595602743238084e-01 8.220595585415071405e-01 8.220595604071437856e-01 8.220595632448044476e-01 8.220595607361220747e-01 8.220595624106704635e-01 8.220595644394709245e-01 8.220595559016191656e-01 8.220595594243766957e-01 8.220595610154396438e-01 8.220595622268151992e-01 8.220595606472980155e-01 8.220595607413675454e-01 8.220595568641563267e-01 8.220595536723851460e-01 8.220595634429804788e-01 8.220595595446898995e-01 8.220595624945230551e-01 8.220595609842862306e-01 8.220595610489764837e-01 8.220595622864416141e-01 8.220595635679723845e-01 8.220595642799698455e-01 8.220595612383359008e-01 8.220595595024281499e-01 8.220595630018182609e-01
8.220595583608325541e-01 8.220595599099448370e-01 8.220595602248016442e-01 8.220595608776878338e-01 8.220595610977154966e-01 8.220595623844250133e-01 1.000000000000000000e+00 8.220595629013881522e-01 8.220595620392544545e-01 8.220595597321918024e-01 8.220595620473728493e-01 8.220595605329640287e-01 8.220595622250036483e-01 8.220595554809185801e-01 8.220595586020982282e-01 8.220595606457111737e-01 8.220595613010139857e-01 8.220595603385847383e-01 8.220595617413768430e-01 8.220595577332063808e-01 8.220595637146457246e-01 8.220595597655906417e-01 8.220595623226027993e-01 8.220595596905722058e-01 8.220595631907861023e-01 8.220595573983023874e-01 8.220595615405035250e-01 8.220595600913547241e-01 8.220595601494915527e-01 8.220595620497598288e-01 8.220595605013737428e-01 8.220595576480739242e-01 8.220595623179663969e-01 8.220595580901519650e-01 8.220595618532672288e-01 8.220595567733484099e-01 8.220595640171000085e-01 8.220595605383759219e-01 8.220595620493761357e-01 8.220595597091069351e-01 8.220595609404427462e-01 8.220595601092780536e-01 8.220595611600691743e-01 8.220595632689713383e-01 8.220595604384325350e-01 8.220595587794764514e-01 8.220595622459249130e-01 8.220595582008619617e-01 8.220595600618677556e-01 8.220595592987371969e-01 8.220595635296289450e-01 8.220595575375585495e-01 8.220595596035594754e-01 8.220595626912312603e-01 8.220595608899623485e-01 8.220595602987599282e-01 8.220595630926486042e-01 8.220595623745202696e-01 8.220595608835801205e-01 8.220595621661463959e-01 8.220595608394378750e-01 8.220595577924674213e-01 8.220595636570143805e-01 8.220595598688223982e-01 8.220595632292690969e-01 8.220595603397902185e-01 8.220595616849846188e-01 8.220595619724014869e-01 8.220595613414243275e-01 8.220595600501549027e-01 8.220595602094090681e-01 8.220595597256757925e-01 8.220595605165693653e-01 8.220595634854097611e-01 8.220595606287673940e-01 8.220595591330256413e-01 8.220595610637405626e-01 8.220595607314715725e-01 8.220595616611270362e-01 8.220595630173046509e-01 8.220595615862201777e-01 8.220595576120346415e-01 8.220595596797938276e-01 8.220595608944949451e-01 8.220595564626050900e-01 8.220595628633806662e-01 8.220595621701901612e-01 8.220595602772655663e-01 8.220595515803135189e-01 8.220595633085735487e-01 8.220595561991149713e-01 8.220595632982848899e-01 8.220595633394778279e-01 8.220595614568545484e-01 8.220595625994626676e-01 8.220595632253208107e-01 8.220595610289910260e-01 8.220595618379298308e-01 8.220595614382355532e-01 8.220595637924028587e-01
8.220595592466268808e-01 8.220595623639117555e-01 8.220595645666038953e-01 8.220595619402013554e-01 8.220595619555395306e-01 8.220595640109918945e-01 8.220595629013881522e-01 1.000000000000000000e+00 8.220595641324071057e-01 8.220595627907014702e-01 8.220595642760819555e-01 8.220595640061335585e-01 8.220595644522566969e-01 8.220595611343709530e-01 8.220595625497489900e-01 8.220595639875560856e-01 8.220595625573954290e-01 8.220595617815315004e-01 8.220595628220250806e-01 8.220595627847362419e-01 8.220595632989838863e-01 8.220595635562099046e-01 8.220595639467210836e-01 8.220595628755015261e-01 8.220595620047358443e-01 8.220595595637882891e-01 8.220595625896665037e-01 8.220595625454659716e-01 8.220595634120660966e-01 8.220595630005438359e-01 8.220595633717616701e-01 8.220595616814594386e-01 8.220595641918527763e-01 8.220595600761139154e-01 8.220595628546225608e-01 8.220595616738759492e-01 8.220595641055492564e-01 8.220595635704133208e-01 8.220595638505945324e-01 8.220595617006862810e-01 8.220595610346482784e-01 8.220595640977984564e-01 8.220595641332624215e-01 8.220595652737084924e-01 8.220595631626040900e-01 8.220595634974563470e-01 8.220595617059830440e-01 8.220595639248241548e-01 8.220595637929882793e-01 8.220595641345149751e-01 8.220595637606357142e-01 8.220595613680815594e-01 8.220595617102951502e-01 8.220595636173259058e-01 8.220595614052399469e-01 8.220595645909808402e-01 8.220595600551816595e-01 8.220595641165415746e-01 8.220595638687048234e-01 8.220595633483530618e-01 8.220595637337511086e-01 8.220595623766486781e-01 8.220595639799112009e-01 8.220595636764940206e-01 8.220595627164815067e-01 8.220595630997459269e-01 8.220595635705013615e-01 8.220595639585415171e-01 8.220595643732150348e-01 8.220595631520969393e-01 8.220595633171137173e-01 8.220595614220191916e-01 8.220595630828889666e-01 8.220595634868516077e-01 8.220595634246526950e-01 8.220595621434261258e-01 8.220595620359382183e-01 8.220595625384126137e-01 8.220595639692461765e-01 8.220595645985808719e-01 8.220595637829598568e-01 8.220595598855086061e-01 8.220595625740722001e-01 8.220595629111434599e-01 8.220595603031813914e-01 8.220595619270941734e-01 8.220595631639285861e-01 8.220595605124297878e-01 8.220595573623081798e-01 8.220595647109103510e-01 8.220595617208721340e-01 8.220595632087618343e-01 8.220595627781788206e-01 8.220595633745577668e-01 8.220595647286812468e-01 8.220595644778009303e-01 8.220595622163837657e-01 8.220595630599764059e-01 8.220595626044825410e-01 8.220595644367756361e-01
8.220595594909980708e-01 8.220595639008726474e-01 8.220595636062123512e-01 8.220595600008904213e-01 8.220595610791135988e-01 8.220595624110446087e-01 8.220595620392544545e-01 8.220595641324071057e-01 1.000000000000000000e+00 8.220595604210085838e-01 8.220595647309630882e-01 8.220595623801827401e-01 8.220595627461415589e-01 8.220595609652538993e-01 8.220595623294324472e-01 8.220595632574350109e-01 8.220595622540131098e-01 8.220595620130803916e-01 8.220595621316434398e-01 8.220595607590186482e-01 8.220595613572304616e-01 8.220595644571291327e-01 8.220595609427991945e-01 8.220595615720546201e-01 8.220595605509058990e-01 8.220595585876326883e-01 8.220595624618851627e-01 8.220595611909268241e-01 8.220595617108646946e-01 8.220595635200584894e-01 8.220595605891467539e-01 8.220595593567315840e-01 8.220595641447635549e-01 8.220595602005273950e-01 8.220595619887856031e-01 8.220595606369717201e-01 8.220595646715068705e-01 8.220595630696378997e-01 8.220595647317814336e-01 8.220595612530771090e-01 8.220595630710990642e-01 8.220595624567613724e-01 8.220595641484613747e-01 8.220595647074339096e-01 8.220595613467266416e-01 8.220595617518151599e-01 8.220595608114548147e-01 8.220595614298042975e-01 8.220595633277045788e-01 8.220595627250188997e-01 8.220595625053210842e-01 8.220595587811749816e-01 8.220595613177075212e-01 8.220595636444912868e-01 8.220595610163781153e-01 8.220595618415500461e-01 8.220595602340008412e-01 8.220595623555657649e-01 8.220595643719222911e-01 8.220595610363546912e-01 8.220595617486262663e-01 8.220595627056891397e-01 8.220595640971631868e-01 8.220595626033461167e-01 8.220595619175521396e-01 8.220595644843405880e-01 8.220595631773873757e-01 8.220595614136125828e-01 8.220595635628965558e-01 8.220595610966808797e-01 8.220595607818347306e-01 8.220595602610449859e-01 8.220595628093256835e-01 8.220595624155063730e-01 8.220595621729175351e-01 8.220595614731631695e-01 8.220595639857262160e-01 8.220595637798037147e-01 8.220595626688774749e-01 8.220595647662017891e-01 8.220595627230333768e-01 8.220595571451770889e-01 8.220595608089745765e-01 8.220595626399347378e-01 8.220595583239468374e-01 8.220595603837533849e-01 8.220595618524264570e-01 8.220595597328428372e-01 8.220595551388419908e-01 8.220595629631035628e-01 8.220595600382264445e-01 8.220595634225981163e-01 8.220595609521168523e-01 8.220595609699409279e-01 8.220595649573269048e-01 8.220595650405653210e-01 8.220595609892901168e-01 8.220595641576281531e-01 8.220595599279487686e-01 8.220595632596869873e-01
8.220595532704197961e-01 8.220595621294808364e-01 8.220595622960981119e-01 8.220595610083091254e-01 8.220595575425417856e-01 8.220595624084188202e-01 8.220595597321918024e-01 8.220595627907014702e-01 8.220595604210085838e-01 1.000000000000000000e+00 8.220595603707750998e-01 8.220595603462771406e-01 8.220595640188314013e-01 8.220595620274097071e-01 8.220595621012120047e-01 8.220595597873439075e-01 8.220595586577708058e-01 8.220595585022648644e-01 8.220595618162924723e-01 8.220595600544450265e-01 8.220595612323234880e-01 8.220595609979078899e-01 8.220595613368657517e-01 8.220595615753588659e-01 8.220595590499751859e-01 8.220595556061052189e-01 8.220595611608692010e-01 8.220595613312678962e-01 8.220595612452821221e-01 8.220595617201115202e-01 8.220595626780624610e-01 8.220595639977940072e-01 8.220595602942698532e-01 8.220595583441960841e-01 8.220595632292142518e-01 8.220595599989718449e-01 8.220595606863404514e-01 8.220595614634362835e-01 8.220595622194206697e-01 8.220595545755504663e-01 8.220595551754992236e-01 8.220595629333091736e-01 8.220595617895449791e-01 8.220595625134624607e-01 8.220595587216430467e-01 8.220595610412720911e-01 8.220595576978584340e-01 8.220595634911447291e-01 8.220595615886912011e-01 8.220595614703154475e-01 8.220595632685688825e-01 8.220595597263373744e-01 8.220595575046822923e-01 8.220595618470383226e-01 8.220595593494907094e-01 8.220595621277715370e-01 8.220595560827520520e-01 8.220595626285795987e-01 8.220595621710569123e-01 8.220595590636780026e-01 8.220595613191906681e-01 8.220595619148344246e-01 8.220595615270930301e-01 8.220595600963509497e-01 8.220595593703937665e-01 8.220595611641400291e-01 8.220595638276482209e-01 8.220595635691068104e-01 8.220595631127207703e-01 8.220595650228653684e-01 8.220595610198827563e-01 8.220595553229742558e-01 8.220595600647064849e-01 8.220595615858631300e-01 8.220595603324087897e-01 8.220595614551899910e-01 8.220595569109750977e-01 8.220595601805400499e-01 8.220595586854766434e-01 8.220595609857523911e-01 8.220595632460636626e-01 8.220595582779709476e-01 8.220595590148087606e-01 8.220595594137948270e-01 8.220595589601226161e-01 8.220595567914990021e-01 8.220595582433835036e-01 8.220595555093874740e-01 8.220595575149178824e-01 8.220595638141747763e-01 8.220595596897064539e-01 8.220595617505670472e-01 8.220595597951125821e-01 8.220595612698549104e-01 8.220595606747734818e-01 8.220595618127395365e-01 8.220595607111016445e-01 8.220595623280143593e-01 8.220595596552718876e-01 8.220595618961736850e-01
8.220595579033532774e-01 8.220595628891492757e-01 8.220595634983812738e-01 8.220595598705099372e-01 8.220595623313498024e-01 8.220595624348209229e-01 8.220595620473728493e-01 8.220595642760819555e-01 8.220595647309630882e-01 8.220595603707750998e-01 1.000000000000000000e+00 8.220595631449831853e-01 8.220595631139502313e-01 8.220595609992581432e-01 8.220595613555223835e-01 8.220595632921982032e-01 8.220595624952488079e-01 8.220595597731350512e-01 8.220595610905861994e-01 8.220595602390976531e-01 8.220595607698800711e-01 8.220595640388638214e-01 8.220595612142679309e-01 8.220595606350618034e-01 8.220595605939513550e-01 8.220595568164211775e-01 8.220595614837690190e-01 8.220595605906229064e-01 8.220595617317062453e-01 8.220595630602107740e-01 8.220595608703273882e-01 8.220595585639645098e-01 8.220595638903814839e-01 8.220595579316777313e-01 8.220595620566231165e-01 8.220595603762124171e-01 8.220595646406629875e-01 8.220595625416484697e-01 8.220595635799159417e-01 8.220595625594038225e-01 8.220595621764918981e-01 8.220595627431116492e-01 8.220595643244459350e-01 8.220595645321318035e-01 8.220595604067867379e-01 8.220595613016371539e-01 8.220595612049789169e-01 8.220595616123458349e-01 8.220595622365570732e-01 8.220595620635195999e-01 8.220595614550908481e-01 8.220595578909222212e-01 8.220595604459365324e-01 8.220595622178000772e-01 8.220595604734081130e-01 8.220595624453811423e-01 8.220595610640908379e-01 8.220595614241665849e-01 8.220595638174263975e-01 8.220595615896393316e-01 8.220595628252127529e-01 8.220595618785012659e-01 8.220595640509419377e-01 8.220595639027264978e-01 8.220595609021689176e-01 8.220595632808750386e-01 8.220595617290079593e-01 8.220595605647746940e-01 8.220595630163464174e-01 8.220595614269162743e-01 8.220595598181237307e-01 8.220595593357108433e-01 8.220595616854413645e-01 8.220595619845496582e-01 8.220595615538616174e-01 8.220595600917859347e-01 8.220595620937014569e-01 8.220595630073750382e-01 8.220595624998127127e-01 8.220595641838945866e-01 8.220595621752316839e-01 8.220595570695484744e-01 8.220595602561358017e-01 8.220595609799591363e-01 8.220595589676595871e-01 8.220595599926023844e-01 8.220595615944641388e-01 8.220595593271216028e-01 8.220595528149254871e-01 8.220595629156380868e-01 8.220595595590736160e-01 8.220595636189967914e-01 8.220595601156597265e-01 8.220595610414227483e-01 8.220595647310697807e-01 8.220595643732301339e-01 8.220595603596437817e-01 8.220595630488437555e-01 8.220595600621525278e-01 8.220595629582270192e-01
8.220595605657390337e-01 8.220595604149109059e-01 8.220595647021965435e-01 8.220595634169993726e-01 8.220595583977270415e-01 8.220595607347566114e-01 8.220595605329640287e-01 8.220595640061335585e-01 8.220595623801827401e-01 8.220595603462771406e-01 8.220595631449831853e-01 1.000000000000000000e+00 8.220595631054408159e-01 8.220595573548982182e-01 8.220595626153112123e-01 8.220595617406606381e-01 8.220595578781209056e-01 8.220595614838906995e-01 8.220595612353798209e-01 8.220595628846804059e-01 8.220595594187909416e-01 8.220595622626077903e-01 8.220595633649580014e-01 8.220595624207265306e-01 8.220595625186521982e-01 8.220595609093613865e-01 8.220595625358292358e-01 8.220595588184445024e-01 8.220595638618934942e-01 8.220595593922815914e-01 8.220595634694048970e-01 8.220595602908064015e-01 8.220595640642830437e-01 8.220595608883068950e-01 8.220595591978623329e-01 8.220595628410883871e-01 8.220595615938137701e-01 8.220595642417511950e-01 8.220595620202207909e-01 8.220595596057200805e-01 8.220595591052752837e-01 8.220595639177975533e-01 8.220595618759520828e-01 8.220595638921264214e-01 8.220595636942551465e-01 8.220595633720962914e-01 8.220595626909008580e-01 8.220595628541517152e-01 8.220595640306882501e-01 8.220595638970542574e-01 8.220595617479762307e-01 8.220595613297325688e-01 8.220595626482884999e-01 8.220595621278656839e-01 8.220595621630630845e-01 8.220595643386466866e-01 8.220595598902783463e-01 8.220595617296352353e-01 8.220595612823667908e-01 8.220595611104069000e-01 8.220595629986970909e-01 8.220595617316721615e-01 8.220595624567853532e-01 8.220595642332488850e-01 8.220595601000986186e-01 8.220595616485472101e-01 8.220595611725374230e-01 8.220595617425615620e-01 8.220595632645022466e-01 8.220595608709655444e-01 8.220595627702045327e-01 8.220595607970400120e-01 8.220595623676665298e-01 8.220595627645490566e-01 8.220595631097341593e-01 8.220595623737528834e-01 8.220595586060468474e-01 8.220595590330984637e-01 8.220595629885082412e-01 8.220595640482556421e-01 8.220595619141920496e-01 8.220595623543448527e-01 8.220595643261633390e-01 8.220595599821194366e-01 8.220595545220629186e-01 8.220595610254760599e-01 8.220595620109454327e-01 8.220595629748802535e-01 8.220595586171336455e-01 8.220595635880628693e-01 8.220595620663860847e-01 8.220595607985768938e-01 8.220595616479691170e-01 8.220595643784545103e-01 8.220595638151519946e-01 8.220595621601177738e-01 8.220595585855340337e-01 8.220595610999407166e-01 8.220595636604716150e-01 8.220595637303029779e-01
8.220595587853209985e-01 8.220595621724994251e-01 8.220595640493156830e-01 8.220595625111114524e-01 8.220595598458076969e-01 8.220595623432084276e-01 8.220595622250036483e-01 8.220595644522566969e-01 8.220595627461415589e-01 8.220595640188314013e-01 8.220595631139502313e-01 8.220595631054408159e-01 1.000000000000000000e+00 8.220595610748178128e-01 8.220595623850256439e-01 8.220595624213247188e-01 8.220595601999369784e-01 8.220595615009878010e-01 8.220595626666816758e-01 8.220595606990687143e-01 8.220595626667341893e-01 8.220595631106237811e-01 8.220595627463482824e-01 8.220595623550164266e-01 8.220595620591432118e-01 8.220595591859594098e-01 8.220595615737528172e-01 8.220595624096300735e-01 8.220595638865781929e-01 8.220595620923236702e-01 8.220595634068081914e-01 8.220595638000447458e-01 8.220595623880022629e-01 8.220595597654224429e-01 8.220595628047405734e-01 8.220595616032113639e-01 8.220595631739133768e-01 8.220595638411613004e-01 8.220595629915828928e-01 8.220595588009058652e-01 8.220595595622282037e-01 8.220595647913305770e-01 8.220595639193508664e-01 8.220595642451319351e-01 8.220595613970379523e-01 8.220595629573927976e-01 8.220595602459485063e-01 8.220595638755063828e-01 8.220595631789013868e-01 8.220595630671501119e-01 8.220595638889005574e-01 8.220595623489147519e-01 8.220595606383662712e-01 8.220595637613229423e-01 8.220595628897207074e-01 8.220595633850786843e-01 8.220595601397685526e-01 8.220595635193143069e-01 8.220595626282524160e-01 8.220595619366587448e-01 8.220595642173257334e-01 8.220595625039014420e-01 8.220595641125619801e-01 8.220595634300008614e-01 8.220595612471016667e-01 8.220595620888354604e-01 8.220595640156715955e-01 8.220595639936916221e-01 8.220595633560540128e-01 8.220595644699201232e-01 8.220595624789247546e-01 8.220595570814448472e-01 8.220595618866989307e-01 8.220595635312286653e-01 8.220595632731056979e-01 8.220595629854769992e-01 8.220595597779564168e-01 8.220595603312776944e-01 8.220595622474266007e-01 8.220595633757137310e-01 8.220595626680656798e-01 8.220595608693964662e-01 8.220595614375528770e-01 8.220595610092951144e-01 8.220595581425478304e-01 8.220595606718942294e-01 8.220595617052457449e-01 8.220595591880427433e-01 8.220595581643771466e-01 8.220595645015510433e-01 8.220595616087356117e-01 8.220595634115193118e-01 8.220595627080079515e-01 8.220595631555409621e-01 8.220595633986651496e-01 8.220595632988484391e-01 8.220595597570528046e-01 8.220595633839606897e-01 8.220595625407713936e-01 8.220595637364799257e-01
8.220595482819116340e-01 8.220595620444124396e-01 8.220595603861499123e-01 8.220595542456613503e-01 8.220595583707316356e-01 8.220595615979932047e-01 8.220595554809185801e-01 8.220595611343709530e-01 8.220595609652538993e-01 8.220595620274097071e-01 8.220595609992581432e-01 8.220595573548982182e-01 8.220595610748178128e-01 1.000000000000000000e+00 8.220595600124359636e-01 8.220595613531577195e-01 8.220595606662488564e-01 8.220595543126202331e-01 8.220595586779809727e-01 8.220595586144905376e-01 8.220595578330124331e-01 8.220595621530336627e-01 8.220595566829506096e-01 8.220595581475440561e-01 8.220595531609677931e-01 8.220595494240459100e-01 8.220595567655714087e-01 8.220595599121864883e-01 8.220595578387054347e-01 8.220595608999615722e-01 8.220595582012218960e-01 8.220595600066032960e-01 8.220595577971467893e-01 8.220595539793200679e-01 8.220595624707127680e-01 8.220595587002980098e-01 8.220595599329795222e-01 8.220595579938837494e-01 8.220595612086750714e-01 8.220595561997523504e-01 8.220595565552716311e-01 8.220595609454004471e-01 8.220595621841809697e-01 8.220595607826055584e-01 8.220595546805826714e-01 8.220595597214179762e-01 8.220595534251009529e-01 8.220595622515362022e-01 8.220595589488309818e-01 8.220595592491187764e-01 8.220595581638663329e-01 8.220595557474972281e-01 8.220595523560187967e-01 8.220595581394229967e-01 8.220595536998830388e-01 8.220595597541586752e-01 8.220595508743490099e-01 8.220595589148457227e-01 8.220595633263678703e-01 8.220595573814575285e-01 8.220595601257822960e-01 8.220595622242742317e-01 8.220595600686898541e-01 8.220595589243182566e-01 8.220595556191176989e-01 8.220595616091835867e-01 8.220595611910385125e-01 8.220595590633466010e-01 8.220595605415557117e-01 8.220595629688910444e-01 8.220595557797238939e-01 8.220595522883795692e-01 8.220595591411059555e-01 8.220595573347505569e-01 8.220595575220380757e-01 8.220595570283000253e-01 8.220595576779206048e-01 8.220595614974174348e-01 8.220595562962026426e-01 8.220595588607627624e-01 8.220595612589407519e-01 8.220595511832011759e-01 8.220595541148947305e-01 8.220595574114568649e-01 8.220595614685467512e-01 8.220595529549011848e-01 8.220595553293508218e-01 8.220595492513415037e-01 8.220595523014052608e-01 8.220595595877993045e-01 8.220595589987762519e-01 8.220595604066452955e-01 8.220595546319451330e-01 8.220595558967349614e-01 8.220595596318246434e-01 8.220595610753429483e-01 8.220595592750130631e-01 8.220595605254086280e-01 8.220595534266741389e-01 8.220595579913207995e-01
8.220595578242375634e-01 8.220595630443856550e-01 8.220595637052146021e-01 8.220595628262592491e-01 8.220595538532065039e-01 8.220595608422083256e-01 8.220595586020982282e-01 8.220595625497489900e-01 8.220595623294324472e-01 8.220595621012120047e-01 8.220595613555223835e-01 8.220595626153112123e-01 8.220595623850256439e-01 8.220595600124359636e-01 1.000000000000000000e+00 8.220595598829377737e-01 8.220595568460216107e-01 8.220595615021402125e-01 8.220595638295905561e-01 8.220595629901550350e-01 8.220595586195150739e-01 8.220595634350417180e-01 8.220595602711008310e-01 8.220595643190976576e-01 8.220595612940372332e-01 8.220595580270541047e-01 8.220595633594245388e-01 8.220595568593327407e-01 8.220595613767904819e-01 8.220595603523110917e-01 8.220595637070580164e-01 8.220595620496945477e-01 8.220595627255504745e-01 8.220595635142865509e-01 8.220595614716345034e-01 8.220595642171595330e-01 8.220595603240911098e-01 8.220595637883568729e-01 8.220595634034392196e-01 8.220595534801785620e-01 8.220595574268709793e-01 8.220595630791475150e-01 8.220595614876273771e-01 8.220595630901259554e-01 8.220595616580774756e-01 8.220595626936136879e-01 8.220595612651984130e-01 8.220595626793884003e-01 8.220595645792680983e-01 8.220595632268002939e-01 8.220595620953724536e-01 8.220595606056632088e-01 8.220595600248968848e-01 8.220595625832212150e-01 8.220595608774925456e-01 8.220595625706520471e-01 8.220595557359756667e-01 8.220595619776551732e-01 8.220595622668256386e-01 8.220595566870971815e-01 8.220595613014074488e-01 8.220595642488608412e-01 8.220595620710438034e-01 8.220595602868998597e-01 8.220595574705821251e-01 8.220595641927219699e-01 8.220595630976541557e-01 8.220595619797208542e-01 8.220595629797615711e-01 8.220595622572391958e-01 8.220595612613400549e-01 8.220595585149742535e-01 8.220595634132218388e-01 8.220595617704578029e-01 8.220595627622542256e-01 8.220595640060988085e-01 8.220595580240239730e-01 8.220595609750327437e-01 8.220595595276724010e-01 8.220595632931501084e-01 8.220595631987455132e-01 8.220595617083621409e-01 8.220595624469879681e-01 8.220595583412367846e-01 8.220595535658061781e-01 8.220595591505371891e-01 8.220595575123280652e-01 8.220595606879347317e-01 8.220595612071082137e-01 8.220595628905329466e-01 8.220595624157167602e-01 8.220595599619474614e-01 8.220595601982056966e-01 8.220595631051134111e-01 8.220595625618059010e-01 8.220595626907108988e-01 8.220595603809296437e-01 8.220595623471381730e-01 8.220595616147645668e-01 8.220595622347186548e-01
8.220595570708751909e-01 8.220595604462795913e-01 8.220595625570422671e-01 8.220595580159945071e-01 8.220595622050541618e-01 8.220595630928019260e-01 8.220595606457111737e-01 8.220595639875560856e-01 8.220595632574350109e-01 8.220595597873439075e-01 8.220595632921982032e-01 8.220595617406606381e-01 8.220595624213247188e-01 8.220595613531577195e-01 8.220595598829377737e-01 1.000000000000000000e+00 8.220595626837752246e-01 8.220595598629101275e-01 8.220595601360513038e-01 8.220595619290225198e-01 8.220595615982068116e-01 8.220595626265253530e-01 8.220595620628273759e-01 8.220595595931439181e-01 8.220595590918897688e-01 8.220595572460729361e-01 8.220595588927750441e-01 8.220595621854737134e-01 8.220595622143973547e-01 8.220595601609572700e-01 8.220595601498790206e-01 8.220595594324475730e-01 8.220595612883396797e-01 8.220595577620762873e-01 8.220595611922399959e-01 8.220595606756927465e-01 8.220595627661010374e-01 8.220595608091385564e-01 8.220595621972114353e-01 8.220595624695903325e-01 8.220595627716290599e-01 8.220595629577548413e-01 8.220595628270171984e-01 8.220595633917393563e-01 8.220595615769211717e-01 8.220595635226440878e-01 8.220595591185126949e-01 8.220595626647364540e-01 8.220595615886477914e-01 8.220595619645433283e-01 8.220595605070655232e-01 8.220595606457993254e-01 8.220595575962517110e-01 8.220595609903350587e-01 8.220595580955049053e-01 8.220595626719463533e-01 8.220595567691565408e-01 8.220595613383249178e-01 8.220595635538054946e-01 8.220595639268668542e-01 8.220595632402702968e-01 8.220595618607261512e-01 8.220595631039141482e-01 8.220595624285219616e-01 8.220595612724717061e-01 8.220595619718534808e-01 8.220595618029112872e-01 8.220595613949882585e-01 8.220595617731250027e-01 8.220595613746349839e-01 8.220595601593262414e-01 8.220595590122121710e-01 8.220595630748123162e-01 8.220595618900391477e-01 8.220595617130606048e-01 8.220595588513706087e-01 8.220595619047352809e-01 8.220595608858743963e-01 8.220595623146189634e-01 8.220595625749892443e-01 8.220595619953960931e-01 8.220595560946580838e-01 8.220595601400637609e-01 8.220595615664417766e-01 8.220595604629737929e-01 8.220595610382082086e-01 8.220595628079888639e-01 8.220595567325333919e-01 8.220595550527296513e-01 8.220595617278606548e-01 8.220595622429034410e-01 8.220595621452181367e-01 8.220595613888411757e-01 8.220595604980023285e-01 8.220595629576873398e-01 8.220595627307301090e-01 8.220595598155790995e-01 8.220595608977252500e-01 8.220595593787358712e-01 8.220595624862003792e-01
