1.000000000000000000e+00 5.135473825282613897e-02 2.582840629680370759e-01 -3.665133691226882817e-01 -2.578861615952479092e-01 -2.092584244568547122e-02 2.508967627818128321e-01 1.208550959204796882e-01 6.012967700945940751e-04 3.586861315260186228e-02 -8.417882191343324660e-02 -1.986608519798558070e-01 -2.958481305460257671e-01 -3.916252630788558675e-01 -3.636465540131325613e-01 4.885796087098431273e-01 -2.463613420543125931e-01 -2.402396698638792627e-01 -2.661850879821250349e-01 -2.876366604968872975e-01 -2.721811580461003799e-01 -2.306923764983204173e-01 -2.585336062461223716e-01 -1.477219521980594197e-01 3.493095787599597712e-01 -7.992967446697717138e-02 -4.022299513008819605e-01 -3.330099456432149552e-01 -2.653288973515404714e-01 -3.135930356641712935e-01 2.620069756582303899e-01 6.398203447631795049e-02 2.907637422259509372e-02 -2.901200803923213445e-01 -4.080275113508858298e-01 -1.707624927872123111e-01 -2.039629518722745893e-01 4.954054222005529473e-01 -1.577289475730566659e-01 -1.400656239064484720e-01 -1.278222832417795496e-01 -1.259816143664233556e-01 -1.860968372504892276e-01 -2.072714339048554733e-01 -1.223677030490148421e-01 -4.220448374664152458e-01 -4.400320396857524963e-01 -3.174033774772974659e-01 7.065666181571018944e-02 -1.496198543885707000e-01 4.600342576869330125e-01 2.274311250471104662e-01 -9.306483189608416584e-03 -4.139518694019160838e-01 -1.666436374730790454e-02 1.217150472191942667e-01 1.182363179284553756e-01 -3.346559302632845512e-02 2.205897860174678149e-01 -1.588693703422182912e-01 -2.836571655452557739e-01 -1.580183722815828029e-01 -4.321392700455859437e-01 -3.709970957204121733e-01 -3.739727309089135310e-01 -3.115835349777562047e-01 4.226361822240244370e-01 -1.995310743889037453e-01 -1.359323933989444455e-01 -1.300519507100210692e-01 -2.886939141117373375e-01 3.420117693257922718e-03 -1.783857386595620875e-01 -8.310330532490274591e-02 -1.012861709434552532e-01 1.008543505410451763e-01 -2.792257149296979435e-01 -3.194698693315221605e-01 2.144641779712987972e-01 1.274872938126501432e-01 -1.172639436998145906e-01 -2.122854067920046384e-01 7.395879025994527012e-02 5.545251608332454028e-03 -4.211112714650128708e-01 -3.729425451657417678e-01 -2.321626613147075857e-01 -2.096918106078745625e-01 -1.245065819105163202e-01 -2.121486635722653891e-01 8.561571354798411249e-02 4.202637080590915786e-01 1.049053975570831965e-01 3.622884950567504814e-01 2.336564787791311215e-01 -1.449045063515800313e-01 -3.735223425039442269e-01 -2.633021708546441908e-01 6.145531805261415792e-02 -2.108147104470954256e-02
5.135473825282613897e-02 1.000000000000000000e+00 6.023697201781215149e-01 4.165189384015292595e-01 6.825127403349301458e-01 5.820343577153935799e-01 1.085381503640077822e-01 6.563826410322834981e-01 4.966447784453189573e-01 -1.567917633697588908e-01 1.306764184985738098e-01 1.310635542956897492e-01 1.882106200342103242e-01 2.753792256566593433e-01 1.490239025493210190e-01 2.058284050216630523e-01 3.893716688763956824e-01 4.467642184660818860e-01 4.007548254714974889e-01 2.875681679597843488e-01 3.882873737780406231e-01 1.738678368044590805e-01 1.226944448955235717e-01 7.134589144950756251e-04 -2.195049297179575698e-01 3.576787096101109731e-02 5.884449460978033453e-02 1.386747533157190598e-02 3.401878392553903119e-01 -1.420044299066043902e-01 -9.567025613701551912e-02 -2.499489035262177639e-01 -2.583152286151398358e-01 2.191004844164289589e-01 1.884262376440733466e-01 1.649714789174501761e-01 3.008874838751191549e-01 -3.302875452342949880e-01 -5.130887980169025753e-02 -9.629136577522345863e-02 5.501438232678174806e-02 1.413595900224199065e-01 1.110815288896035563e-01 6.200193398164095815e-02 9.997637948990599488e-02 -3.392297278202823646e-02 7.405799665418017798e-04 -3.053506092217984566e-02 3.578111752363577480e-01 1.391946189813342560e-01 -6.312237278799906481e-02 7.849461853650991916e-01 -1.333512075455174119e-02 4.280475763569784875e-01 6.830641073493247672e-01 5.352299493255942009e-01 6.851364961591436264e-01 6.507326087794903513e-01 -2.329371897197496377e-01 1.882440318712799987e-01 1.631896488433558778e-01 1.926285319699501952e-01 2.439755981134183183e-01 3.028109865355020358e-01 3.567074679276874272e-01 1.714723544656294452e-01 -1.739456794750102869e-02 4.146683741537736112e-01 4.622887498346975876e-01 5.455356671068297691e-01 3.700418235824314839e-01 3.716710686537070263e-01 2.054558132759188582e-01 1.115951353116506617e-01 2.940785930526195746e-01 4.221152505810518013e-02 3.141688738090033239e-01 -3.212965775377140537e-02 2.165014575702547094e-03 -3.035146396084305587e-01 7.026374507165931982e-02 2.385597522019718975e-01 9.568294650332344331e-02 2.189427453650346356e-01 1.011172732009299469e-01 1.047964723772992907e-01 3.260211878510735906e-01 -8.159987653754915971e-02 3.058069725829534180e-01 1.504972167397374272e-01 -3.645918355289881618e-01 -2.411261816529010615e-01 -2.703033048567193841e-01 -1.011337459672972811e-01 3.414239029241655787e-02 1.050560770529425647e-01 5.896219311038462807e-02 8.047794290069686107e-02 3.944026009467646587e-01 1.342682967726087084e-01
2.582840629680370759e-01 6.023697201781215149e-01 1.000000000000000000e+00 1.534700025719956500e-02 4.448116802186624641e-01 7.777963540318892921e-01 1.810646625473421867e-01 6.099257475416697272e-01 7.112079918163431991e-01 6.283191221277555083e-02 3.581915900525615704e-01 3.179389014670840341e-01 3.062783774123218894e-01 1.918878905826912618e-01 2.371674827480209358e-01 -3.447703107361049790e-02 3.386478576764679893e-01 1.598782341181408662e-01 3.564951329968291116e-01 2.590341091112498551e-01 4.146518994131579983e-01 -3.102601339716961129e-02 2.065942473347208430e-02 1.709229269745380919e-01 -2.110725697182305044e-02 1.086894456100514633e-01 5.478360459897033824e-02 3.868455788162741826e-02 4.132136271965151098e-01 -1.021532323086025845e-01 -4.641754950489312970e-02 -4.895707589372322865e-01 -5.269161287078467648e-01 1.111471844076519500e-01 3.680219785724914844e-02 2.880221342700827747e-01 2.964885681963723707e-01 -2.061136129727338950e-01 5.913252405329712247e-02 -7.318107499154336698e-03 9.102055107133699696e-02 3.068291277373851322e-01 4.122771910809425872e-02 2.819009534609515089e-01 3.283598885794093425e-01 -5.731566960093794488e-02 -4.449952487565475567e-02 -8.981549800625192315e-02 6.161732896477629673e-01 2.485032565435189023e-01 -2.283249186788001428e-01 5.272199768712378942e-01 -3.857541765481423135e-01 1.050326952845908740e-01 7.737071640467632072e-01 8.030823319076015876e-01 5.735357783252176267e-01 7.268395291402548475e-01 -3.337165879080247408e-03 3.665719364036590933e-01 2.712920751260874952e-01 3.364013542978003257e-01 3.153918068529355523e-01 3.265218317777767165e-01 3.860468113479189611e-01 2.347459891008729094e-01 8.634756403374138634e-02 3.917939973001725029e-01 3.104812692587038403e-01 3.336510359827964400e-01 4.216084893797426569e-01 2.782293922084730919e-01 1.083564795897400956e-01 2.278796530074866378e-01 4.224312238454134838e-01 2.092462764370422446e-01 4.278659570010689417e-01 -3.327034082364108830e-02 -7.136513417093748313e-02 -4.783374653456597958e-01 -8.247437287728187627e-02 5.157392987842854271e-02 1.276614355161083680e-01 9.452562450010351669e-02 2.959223285116934291e-02 1.815719900161146677e-02 2.915978227466396455e-01 -8.851667091076630134e-02 3.980872761618011735e-01 2.205905011194597143e-01 -5.607691887072403514e-01 -2.602211395409343431e-01 -2.008220304861935424e-01 -2.443938446895508806e-02 8.309166631883248277e-02 3.157981951262928688e-01 5.079703610691754800e-02 2.349112251093352088e-02 6.035697897162395353e-01 2.645171296952987250e-01
-3.665133691226882817e-01 4.165189384015292595e-01 1.534700025719956500e-02 1.000000000000000000e+00 5.889346660162551039e-01 7.175407192356179908e-02 -5.870374721345260338e-02 1.045447783616146459e-01 -3.093748813547034585e-02 -4.208274329542559533e-01 -1.294829379592987717e-01 8.343262133682276260e-02 8.662981930418667265e-02 4.400635096601136498e-01 3.025665093669847594e-01 -6.774494100647703021e-02 2.570939765274371513e-01 4.616570078966777957e-01 3.882169626585164068e-01 3.742024877342653433e-01 3.945049301032971800e-01 3.030673961317138509e-01 4.743655381602250865e-01 4.120192649704603610e-02 -5.170374890692249759e-01 4.478194223518552203e-02 2.627250964035328651e-01 1.603202203396475733e-01 3.238581187097077096e-01 2.290240276416960763e-01 -2.410878180296357198e-01 3.253116440414439980e-02 2.204743675468977607e-02 3.692350560659225511e-01 3.775938548203549017e-01 3.194342652954194894e-02 2.223830309924276771e-01 -4.615876298689829405e-01 4.423947103373362943e-02 4.283357621127746595e-02 1.141907590533672440e-01 4.450548197780118675e-02 9.721159307041199460e-02 -2.875121679790076240e-03 -8.797266293649642910e-02 3.611739618032787646e-01 4.148349358744686244e-01 3.815340257564787119e-01 7.325414134250168852e-02 1.438123185297676965e-01 -1.256530491392321147e-01 2.476733022956630337e-01 3.546026002049834647e-01 8.309389427624459534e-01 1.118272487515576952e-01 -6.660793178771068357e-02 3.499208237215302164e-01 1.064298143605003633e-01 -4.605185283225687876e-01 -1.161623483057567033e-02 3.292208148337404106e-02 -3.582854952969462270e-02 3.740148619579798939e-01 4.521533765430710283e-01 4.272272303609231936e-01 3.657936897353728511e-01 -9.464397497993344566e-02 2.458579203818227477e-01 3.799682689786832990e-01 3.578135397654124139e-01 4.479237609106198059e-01 2.136423137562712127e-01 4.680169426386917575e-01 2.606287755044497945e-01 8.137677828634119759e-02 -1.777371194479669680e-01 2.959048120869342546e-01 2.508688168873362545e-01 -1.587573805807691307e-01 -6.450067626095355548e-03 3.505097451521371754e-01 3.911323615265009934e-01 -2.246213813058762498e-01 1.177216306125037082e-01 3.429207850765383925e-01 5.181867194546119215e-01 2.216383975022463149e-01 7.902967669047247790e-02 2.269699223277362454e-01 2.457286747327967202e-01 -8.272954973031447501e-02 -3.646082285724183136e-01 -1.391513839056375268e-01 -3.256215931401978403e-01 -2.210867552734926689e-01 4.991709726233662520e-02 3.922718652173124432e-01 4.147629816961564964e-01 1.088249680832096694e-01 2.961195393476947005e-02
-2.578861615952479092e-01 6.825127403349301458e-01 4.448116802186624641e-01 5.889346660162551039e-01 1.000000000000000000e+00 5.598581806437435970e-01 -3.918252283865365782e-02 4.156186044177777039e-01 4.092412426947741322e-01 -9.672255364341310335e-02 3.118636974267739448e-01 3.423423049728560041e-01 3.856539814290569912e-01 5.021016061146257314e-01 3.981518691340620308e-01 -8.338956149290994990e-02 4.126481229410600138e-01 4.112774100273526856e-01 5.126177741198866267e-01 4.742748238288529983e-01 4.997836088552426448e-01 1.975958026015449676e-01 3.272073131817955782e-01 1.903832036837809494e-01 -3.721897248233484445e-01 1.520438456230476520e-01 3.119342091744707890e-01 1.806710789680817941e-01 5.309462464787112479e-01 9.051140859281835149e-02 -2.725597347744630472e-01 -2.852300720929005218e-01 -2.953800754681867313e-01 3.201875648820623477e-01 3.431939683281681197e-01 2.330005797883419605e-01 3.391120719058114408e-01 -5.043073564823665755e-01 4.788386973194381363e-02 -1.555003139023033651e-02 1.368542016486278823e-01 1.504089937697277446e-01 1.155052176458767343e-01 1.758572434576779198e-01 1.870120264004339339e-01 2.304046075090858958e-01 2.943311775638154937e-01 2.200946842621631372e-01 3.483574539869382369e-01 2.211487508535588953e-01 -2.898823337770680686e-01 4.917314535687564159e-01 -1.723627359152456531e-02 7.088589371474626200e-01 6.520904596598812164e-01 4.276916411440789823e-01 4.851736409051673471e-01 5.436531802942606850e-01 -2.240702542540454478e-01 3.147118369506020641e-01 3.605981738072386311e-01 3.390617785086811331e-01 5.066470821657422796e-01 5.192296986447230145e-01 5.532583704598054153e-01 3.803341160415267819e-01 -1.880119451886141102e-01 4.590712403250105100e-01 4.494031341232792576e-01 4.349079310386152475e-01 5.426105091870506714e-01 2.741191660352150228e-01 3.401369553727027206e-01 2.313644694740480956e-01 3.074405997821031966e-01 1.042785206547284203e-02 5.121055571835702036e-01 1.948850214895841704e-01 -2.080022739362562822e-01 -3.568257204290968820e-01 1.648655464524454994e-01 3.189214683807091721e-01 4.628914936619221016e-03 1.554582333939234784e-01 3.525749722353063720e-01 3.585036969230526172e-01 3.638189300995555153e-01 9.432159798475379942e-02 4.018334531871299298e-01 3.095881705715246568e-01 -3.903762950524589104e-01 -4.368430087580937315e-01 -2.086719525369097328e-01 -2.838681854684820260e-01 -1.250209440639074021e-01 1.918128057210689297e-01 3.314314547653622878e-01 2.889161439927557806e-01 4.210311698940120695e-01 1.348565421458068070e-01
-2.092584244568547122e-02 5.820343577153935799e-01 7.777963540318892921e-01 7.175407192356179908e-02 5.598581806437435970e-01 1.000000000000000000e+00 1.042252231119647349e-01 6.178096027911356147e-01 8.140537917975573245e-01 7.800781663960205947e-02 4.580722677125128039e-01 3.778494645759216675e-01 4.861913114906795119e-01 3.524913049524104336e-01 4.367668956903198452e-01 -1.223515527244121853e-01 3.555567649318812640e-01 2.217935443863711387e-01 4.312775328734405611e-01 3.650345849378661689e-01 5.081148001192575814e-01 -1.416801048234270742e-02 1.423826029207657939e-01 1.209991373420093164e-01 -1.556168378028545962e-01 1.309861990275134891e-01 2.650241680726144189e-01 1.828583212906055577e-01 5.082184789923501755e-01 5.233943473788740808e-02 -1.975223952816217987e-01 -4.354972608846425230e-01 -4.755406297974907326e-01 1.461321875208472787e-01 1.394924527725395214e-01 3.749577370216495842e-01 2.926201433258900364e-01 -3.257849512109247669e-01 6.357526556510180449e-02 -1.895906000082119014e-02 6.518374301850822505e-02 2.253363073243415393e-01 4.101746041846034835e-02 2.691546537736970723e-01 3.392994588105389675e-01 1.187688600768326136e-01 1.030199673613972355e-01 4.502021155697428362e-02 6.838993805768965872e-01 2.931296407343838561e-01 -3.650287033004147030e-01 4.592125382905086206e-01 -3.545288649711048068e-01 1.975431178597842063e-01 8.704412688195691805e-01 8.605001710841554408e-01 5.093146641808976582e-01 7.804181158348837410e-01 -1.297172082375946250e-02 4.812297607714642877e-01 4.200856392818946849e-01 4.846783015252310589e-01 4.712890006941495846e-01 4.359146175111950350e-01 5.255516154492729797e-01 3.871234715155983386e-01 -4.923208676747509865e-02 4.528970126739396695e-01 3.211144762436734523e-01 3.511298658210299517e-01 4.997499447188736843e-01 2.080481275639429750e-01 1.768552231876427405e-01 1.924420596917193749e-01 4.249254126191295278e-01 1.594113992149378267e-01 5.149793502265928025e-01 1.653470601069858548e-01 -2.192031471739264714e-01 -4.655109468577158793e-01 -9.350764113607261396e-02 8.677641487976800461e-02 7.763917597300763751e-02 1.055958499254741750e-01 2.324335648712510527e-01 1.365766786997736348e-01 3.224750566349041114e-01 6.137556742314943803e-02 4.463268560259364137e-01 2.061933887878456551e-01 -5.345686587225538799e-01 -3.217143625847596611e-01 -1.796653852073267776e-01 -2.105788213290293309e-01 -2.622600699424041185e-02 2.559910226063006888e-01 2.249623491869003067e-01 1.465861143980052572e-01 6.968454273271137422e-01 2.569213176729663872e-01
2.508967627818128321e-01 1.085381503640077822e-01 1.810646625473421867e-01 -5.870374721345260338e-02 -3.918252283865365782e-02 1.042252231119647349e-01 1.000000000000000000e+00 4.435276211203936225e-01 3.008523743794082050e-01 2.026274285877764370e-01 2.993433292250854798e-03 -1.400409303517983865e-02 4.667868983729706565e-03 -2.126033979634988358e-01 -2.340178265463605800e-01 2.276369578114923187e-01 9.315464518329640009e-02 1.170408624835394401e-01 1.204731044939340856e-01 9.071140960162243916e-02 -1.913429743231937971e-02 1.995626083571592491e-01 -1.569246304996262664e-01 1.891728622987478292e-01 1.447070995327880139e-01 -6.980511446145239163e-02 -2.259925568109315275e-01 -2.215378105760130167e-01 3.589562071343146976e-02 -2.638505227451024560e-01 2.366732235354087055e-01 -3.602481323021480275e-01 -3.080988208726793132e-01 1.507446050672068272e-01 1.292116608224914698e-01 2.292004928330759195e-01 1.034044090812279160e-01 8.716336887286910140e-02 2.019998435859289843e-01 3.203337490517765840e-01 3.634532386961153438e-01 2.269580647084075697e-01 1.914307463945608967e-01 1.365037570900699271e-01 2.285661230851265269e-01 -1.644803617272513063e-01 -1.336878334221154596e-01 -1.971924624520626501e-01 3.457028615058939658e-01 3.613038735316287942e-01 -8.383917190689857413e-02 4.975226257905861205e-02 -9.248658532374107177e-02 -2.606181927557933709e-02 4.233004465766405933e-02 1.391133673094558654e-01 4.475485085154139453e-01 2.900311306518991161e-01 -3.941146917278941925e-02 -6.675204311083140704e-03 -7.662921313029021075e-02 5.093086057584836346e-02 -6.795714497825426637e-02 -9.292371248389165450e-02 -6.057915977852289940e-02 -2.491737274404391134e-01 5.891363096758484019e-01 8.395951911192209294e-02 1.098087643186902995e-01 4.612439338692359003e-02 2.576222010906897841e-02 1.989770130491193001e-01 -1.504204515465773218e-01 4.911714081579348634e-01 2.884761682426060792e-01 5.463247910685482822e-02 -2.465299188387276921e-02 -3.085977079432653536e-01 2.188090495574923910e-01 -2.315156895227910572e-01 3.035062464591996648e-02 3.681087083524498677e-02 2.006723282594393698e-01 1.988670532361339893e-01 -7.610141080574975292e-02 1.102664370039059365e-02 9.380306037792304763e-02 -2.362915208745906270e-01 3.005666217921575956e-01 2.711029464698965219e-01 -3.010650646650863127e-01 7.145731194957780086e-02 1.840930963896073858e-01 1.696338371863667094e-01 2.634714774826446004e-01 2.777669602031221929e-01 -5.726947318714639690e-02 -1.231696619340849341e-01 2.815850823384137280e-01 4.195884323840866625e-01
1.208550959204796882e-01 6.563826410322834981e-01 6.099257475416697272e-01 1.045447783616146459e-01 4.156186044177777039e-01 6.178096027911356147e-01 4.435276211203936225e-01 1.000000000000000000e+00 7.569962799523916042e-01 6.279970817310850939e-02 2.542807083916062139e-01 1.983540115381265123e-01 1.027702276112503199e-01 1.816738575859516702e-01 7.765139678179497351e-02 2.347885384270183562e-01 3.942919990423851551e-01 4.283599976757035965e-01 4.343598919589904961e-01 1.766133287638750604e-01 3.470922441042008089e-01 1.155347604134626949e-01 1.959707161780791310e-02 -3.801479456828895861e-03 -1.621524971466497362e-04 4.003988604246861566e-02 -6.722188652506996820e-02 -8.135469137342364598e-02 2.539417805490288838e-01 -1.743668085861147798e-01 1.183710503379665005e-02 -4.837485289582361681e-01 -4.554114705033581734e-01 1.793174165835514922e-01 1.028334113849670717e-01 3.088925506999805615e-01 2.554057822203686379e-01 -1.800914860876509371e-01 2.532155300048895968e-02 7.424526919109021572e-02 1.577466903422725664e-01 2.410613074299431113e-01 1.451846573897981607e-01 1.827262433405254238e-01 2.861019519688424717e-01 -1.084285926423960988e-01 -1.209873582627290084e-01 -1.633985824379022567e-01 5.241055837857969690e-01 2.656116283565546632e-01 -2.179820353050484216e-01 5.305005258528429080e-01 -2.493106828660363317e-01 1.281836430901434620e-01 6.126110981815278134e-01 5.951228108801380756e-01 7.951584885022112692e-01 8.233307523870329048e-01 -6.913831440159329267e-02 2.944786688361302751e-01 2.266130336693126801e-01 1.556094778656668953e-01 1.094327418594373824e-01 2.283297453965951185e-01 2.734301440875345213e-01 5.981135948036710170e-02 1.904538606735697859e-01 4.952876151441964470e-01 4.867387248689785673e-01 5.900271201256637177e-01 2.670884166578998964e-01 4.343157502990600549e-01 1.049963081810348503e-01 2.377842507549365880e-01 4.460017371938891362e-01 1.729765199515711505e-01 2.504117427380775363e-01 -1.230777570232833712e-01 3.550472984869974119e-02 -4.559037839530010738e-01 -1.435195339061804132e-01 1.392211918546719107e-01 2.611291552090913015e-01 2.938068898901590176e-01 4.367142084281326608e-02 -2.280423465087509996e-02 2.958554261344785163e-01 -1.710307089800827685e-01 3.562598225170949262e-01 1.843288967302015580e-01 -5.038683434647048820e-01 -1.824640737990860517e-01 -2.471991058063261748e-01 -4.599327716111815956e-02 1.319333693045513234e-01 2.285840174672438552e-01 -1.717609468552036295e-03 -2.851041199179244270e-02 5.060593532239821002e-01 3.676057539845796751e-01
6.012967700945940751e-04 4.966447784453189573e-01 7.112079918163431991e-01 -3.093748813547034585e-02 4.092412426947741322e-01 8.140537917975573245e-01 3.008523743794082050e-01 7.569962799523916042e-01 1.000000000000000000e+00 1.706171549170281687e-01 4.282966125823378101e-01 3.105131046763196512e-01 3.311117060842366788e-01 1.884452099293039973e-01 2.536008340984064469e-01 -7.181725183760309661e-02 2.899823176534421232e-01 2.252000013743416795e-01 3.556104653868157883e-01 2.678287893833149469e-01 3.724708078523107369e-01 -5.636356859102509276e-02 1.739832522622383488e-03 9.024042269687641837e-02 -3.414863441482233336e-02 4.024724810540929176e-02 8.614111718355629832e-02 8.884334479884114025e-03 4.062965724326423334e-01 -5.084870937431677784e-02 -3.418906103435619126e-02 -4.928321931806385336e-01 -4.687657659890479556e-01 9.015013631178855902e-02 7.245480674728613235e-02 4.892860543039549981e-01 3.104815312237099723e-01 -2.414866996363415619e-01 1.240627601879890768e-01 9.166278467057296930e-02 1.303577322163749497e-01 2.948553934078596006e-01 7.160445736873483069e-02 3.119456213599753336e-01 3.783354662642571253e-01 -2.380993281028101829e-02 -1.613561579313657277e-02 -7.961295701147132198e-02 7.148944366540342932e-01 3.787807790061197277e-01 -3.609351509885129761e-01 4.012748052803681298e-01 -3.944345759924355876e-01 9.134391572355311795e-02 7.628778683471394428e-01 8.076324520503146420e-01 5.873260091733182309e-01 8.790667527874056475e-01 4.868689504256969863e-02 4.543003337636571382e-01 3.464800428470609650e-01 3.871954275597944140e-01 3.317827624070028292e-01 3.242888405044787037e-01 3.883231250207836993e-01 2.129289242119160319e-01 1.090653003151552530e-01 4.008375811635245811e-01 2.642035273269327522e-01 3.693993780852593001e-01 3.639687596793509949e-01 2.031331657350332609e-01 5.785490631003468304e-02 2.765269141509548168e-01 4.548247274776192617e-01 1.409351477906412020e-01 4.346190604519928891e-01 -2.376302897756549584e-02 -4.853223026181208849e-02 -4.805262549812731043e-01 -2.171815152718559738e-01 4.519319663743355531e-02 1.546622741885535501e-01 9.757519516359627887e-02 6.947898897676504926e-02 7.898777052552615960e-03 3.177868035896560528e-01 -8.457505514163184135e-02 4.961670180962178267e-01 2.121691046332218888e-01 -5.373696069622939664e-01 -3.009115933581026914e-01 -2.011373940548166761e-01 -7.391839094198340843e-02 4.749791711545804651e-02 3.133291187376125997e-01 8.399731653122828601e-02 -1.006559915826985008e-02 7.141572120200910812e-01 4.208846300338231483e-01
3.586861315260186228e-02 -1.567917633697588908e-01 6.283191221277555083e-02 -4.208274329542559533e-01 -9.672255364341310335e-02 7.800781663960205947e-02 2.026274285877764370e-01 6.279970817310850939e-02 1.706171549170281687e-01 1.000000000000000000e+00 4.551261548339540774e-01 2.744755097135014310e-01 2.144805035341955657e-01 -2.049348663582835628e-01 -7.881499944942302327e-02 -1.045574168359476169e-01 -5.062706114813798897e-02 -1.763998516150144802e-01 -1.474237739914297518e-01 -1.121205136422661758e-01 -1.595658887314545804e-01 -4.861690615011527924e-03 -2.911537411157841260e-01 2.155424153717229174e-01 4.976849191787520721e-01 1.797315147770385882e-02 -1.780543937717189995e-01 -2.615208446408753828e-02 1.104431908868548293e-02 -1.857190266423607017e-01 2.321296232509816038e-01 -2.373712818763381860e-01 -2.805798866425774918e-01 -7.554874955718460239e-02 -8.063549323845137229e-02 6.201810930359087648e-02 -1.380829859228529209e-02 1.865616073123075036e-01 2.307445516523133067e-01 1.424033002965115480e-01 4.693102563478682154e-02 1.619324794490217545e-01 8.357656294426221710e-02 2.270264120228314975e-01 3.008596795893332954e-01 -2.328345244366243072e-01 -2.185585317201853839e-01 -2.767152808574731004e-01 1.644075948823449373e-01 8.350639616049951308e-02 -2.163077464745198353e-01 -2.846222930407719676e-01 -4.067847883129982467e-01 -2.535129227895650539e-01 1.350170001766451237e-02 9.998278585033798516e-02 -7.678490955637001791e-02 1.069035379869073682e-01 6.089030716042207469e-01 4.025197823027829580e-01 4.328557723480691566e-01 3.166771533763441115e-01 -1.852447067703992534e-02 -1.622985882020320514e-01 -1.216475963438720664e-01 -1.745883941384115956e-01 7.195349397668153457e-02 6.474055459354062861e-03 -1.484364341811775512e-01 -1.180125010506992561e-01 -1.673972343242632888e-01 3.161641557018299298e-02 -2.758207229425785889e-01 1.344442948963140427e-01 2.564515385456970775e-01 3.681714393668102936e-01 2.735783714639140538e-02 -1.289874050761768420e-01 2.046074679595984991e-01 -2.085901355726672013e-01 -1.376382822411154339e-01 -1.611958230878372533e-01 3.878769087282647465e-01 4.519155109769087270e-02 -1.210637164856496750e-01 -1.839527079319231428e-01 2.676207543134568462e-02 -3.595901213535925706e-02 4.924934904874904429e-02 2.845054173591736457e-02 -1.496891905785742993e-01 9.653939984507181604e-02 1.948829618421819010e-01 1.850008437951536910e-01 3.560105708836164840e-01 2.979242641988271711e-01 -1.772258465087936941e-01 -2.438869638349822622e-01 1.453753740543649309e-01 1.916670809632516070e-01
-8.417882191343324660e-02 1.306764184985738098e-01 3.581915900525615704e-01 -1.294829379592987717e-01 3.118636974267739448e-01 4.580722677125128039e-01 2.993433292250854798e-03 2.542807083916062139e-01 4.282966125823378101e-01 4.551261548339540774e-01 1.000000000000000000e+00 7.702750531591406880e-01 4.878306497971474087e-01 2.916112058524645279e-01 3.885070412688055863e-01 -2.691646691469333774e-01 3.088442549780704427e-01 1.190593874341193126e-01 2.514423160910734811e-01 2.983151566871199423e-01 2.492574578247158390e-01 1.510251911129789106e-02 3.344139499754578138e-02 4.692311182029194616e-01 1.711193418464350691e-01 4.292447666120919325e-01 1.237550944632234834e-01 2.506289017327427149e-01 4.792380815753331524e-01 9.905527805971727634e-03 -9.006399979270605927e-02 -5.325313390919136358e-01 -5.398805531118787693e-01 1.518057783756523171e-01 1.451276599139498524e-01 3.793707340710182341e-01 2.990877402982518585e-01 -2.765405098098672743e-01 6.577882213587994686e-02 5.538065904318457966e-02 2.051382309725710007e-01 3.432996022588651330e-01 1.486012976122913221e-01 4.447916643252443070e-01 4.490095803184217527e-01 1.672837483430891781e-02 2.947289743893442490e-02 -3.930692603458426498e-02 4.508960294969726057e-01 2.897636832542798135e-01 -4.328718602770569301e-01 -5.356576112228221553e-02 -4.921129830318198284e-01 9.561371852451834574e-02 4.104470942727885818e-01 3.636851539133088562e-01 1.802732200562508491e-01 4.346307162004844349e-01 2.352334071889978229e-01 7.849097106696525383e-01 7.141730709199798355e-01 5.327071349140815038e-01 3.443858208551351385e-01 2.852327316584989392e-01 3.440967574329357181e-01 2.408592946118895406e-01 -1.159264280320224522e-01 4.038338689341830490e-01 1.996558891889926302e-01 2.220647756117228033e-01 2.920944518952563462e-01 1.639725522068040398e-01 3.687666143676806424e-02 2.383557242679242016e-01 5.061674649319677366e-01 4.936315582091499454e-01 5.117017332432716170e-01 1.427040548972740019e-01 -1.651761001218979841e-01 -4.906192998989592491e-01 -3.487087521741850243e-02 8.981246714395331454e-02 2.603210972434495396e-01 1.492438186724195093e-01 1.745289463565200538e-01 2.822387574335319740e-02 2.917454439704156854e-01 1.989531044155465334e-01 4.131906822162541570e-01 2.795206226719528786e-01 -4.591772205382357863e-01 -3.835502952691116074e-01 -1.592199344392657701e-01 -9.247978521109512240e-02 1.494832130904635570e-01 4.561894340564521255e-01 1.285237122530793474e-01 4.158647087684566590e-02 4.670120760289340756e-01 3.244799506883228046e-01
-1.986608519798558070e-01 1.310635542956897492e-01 3.179389014670840341e-01 8.343262133682276260e-02 3.423423049728560041e-01 3.778494645759216675e-01 -1.400409303517983865e-02 1.983540115381265123e-01 3.105131046763196512e-01 2.744755097135014310e-01 7.702750531591406880e-01 1.000000000000000000e+00 5.520670603611925742e-01 4.478150300407310880e-01 4.540818585089687609e-01 -3.501587598249247257e-01 5.282835216902350695e-01 2.490409215493472050e-01 4.305576709766365529e-01 3.640642443168196074e-01 3.760946721607049126e-01 2.127887630205101410e-01 2.261774715505747435e-01 6.480916328424197737e-01 -8.095298051773729131e-02 6.031758425952167268e-01 1.740557295265929283e-01 2.860739560268462656e-01 4.953400468864843087e-01 1.600607989693112465e-01 -1.927795344254531196e-01 -5.254867074893305734e-01 -5.595925034980876456e-01 3.076148192749304511e-01 2.943947481612833594e-01 4.261815165174832609e-01 3.703988451227194223e-01 -3.930348487700821014e-01 1.739592292733223300e-01 1.485298566915582152e-01 3.194009638057235256e-01 4.475709593016879428e-01 3.616004569668991864e-01 5.270475065553856808e-01 4.488963256194494211e-01 2.114077349904352754e-01 2.236891227202690569e-01 1.323835302116872503e-01 4.134055586011045058e-01 4.347888904622169703e-01 -5.186337733226724644e-01 -1.068730163483058299e-01 -4.218388377873499850e-01 2.718226636369323046e-01 3.202463777670258582e-01 2.299352856502843989e-01 2.157504500693118998e-01 3.715435164768279286e-01 1.129142177165319734e-02 7.540966846746790520e-01 7.484241770400956728e-01 5.624364934208400113e-01 4.661118630044938094e-01 4.290467688404991931e-01 4.188647755949501117e-01 3.116234924101887738e-01 -1.687134091973985228e-01 5.698711089923178541e-01 3.485527513249397913e-01 3.408405587938288517e-01 3.893861475512821468e-01 3.543752972590551442e-01 2.040864463412395136e-01 3.232314959563611367e-01 6.654087186948204335e-01 5.022649590454411062e-01 5.289797242967424484e-01 2.387705992564450597e-01 -2.502466219296380912e-01 -4.824239475299879620e-01 1.446788720887673130e-01 2.301561631914642025e-01 1.889006023947934487e-01 2.449912033906589959e-01 2.523890048176634648e-01 2.041380014766015771e-01 3.272306821363354379e-01 1.760060764262129929e-01 5.243267149799923921e-01 4.083692586944490110e-01 -5.233541952437033018e-01 -4.615261167355936833e-01 -1.235341800810499241e-01 -2.090931236725485642e-01 1.566986050904171646e-01 5.466827730180496836e-01 3.156593917148497463e-01 2.103881479226397400e-01 4.115951947990871829e-01 3.885622780678434918e-01
-2.958481305460257671e-01 1.882106200342103242e-01 3.062783774123218894e-01 8.662981930418667265e-02 3.856539814290569912e-01 4.861913114906795119e-01 4.667868983729706565e-03 1.027702276112503199e-01 3.311117060842366788e-01 2.144805035341955657e-01 4.878306497971474087e-01 5.520670603611925742e-01 1.000000000000000000e+00 3.888922059956824162e-01 4.723448523168049529e-01 -4.552360965247419511e-01 4.478726736294117994e-01 2.719530341273388996e-01 3.871497009731881822e-01 4.803582476205741081e-01 4.198309400650158674e-01 3.395989455688719905e-01 1.891501294497314745e-01 4.510311624897254679e-01 -2.347934400880462846e-01 3.657778009823338117e-01 3.921211868406868084e-01 4.008072696796767809e-01 5.591687555549925692e-01 1.998573036451635754e-01 -2.248914553776729663e-01 -3.457751598055708309e-01 -4.466819697572574910e-01 4.326015611079198631e-01 4.928419758989851518e-01 3.152948763992704517e-01 3.311862076219987405e-01 -4.242300067737372893e-01 2.208275810824284480e-01 1.407073725159149746e-01 2.851553055380892654e-01 2.268143984078292985e-01 3.018301823297178665e-01 3.472887585073954342e-01 3.933026271256404027e-01 3.182174739495733928e-01 3.408520184188240654e-01 2.314141815452549766e-01 3.778374068237937422e-01 3.724923137836649301e-01 -5.239225761951752380e-01 -6.799462913547714427e-02 -4.110004889441944975e-01 2.877592030534692480e-01 4.413018376856746583e-01 3.440759553265949067e-01 9.255733691774416239e-02 3.227048275141388145e-01 -1.155238873851602288e-02 4.581564040429671469e-01 5.440981379461750089e-01 8.139555314447488588e-01 6.872626803150275743e-01 4.566741100306913048e-01 4.629313526937571810e-01 3.503418486699643175e-01 -2.373036766140051712e-01 3.630263418254421892e-01 2.269423427472729848e-01 1.875178930043127079e-01 4.816110454764093718e-01 1.447027795686476881e-01 1.524779022884332758e-01 2.744595588388238916e-01 3.359629287452010615e-01 1.274828117558055585e-01 5.362179611408042224e-01 2.501797052352179307e-01 -2.245669774637340799e-01 -3.669211579029382220e-01 1.880892158852932594e-01 2.023457292461602053e-01 7.694852399981408353e-02 1.132885036610469381e-01 4.251037954128000229e-01 3.534583379676465853e-01 3.227390954035105897e-01 2.579485333364522903e-01 3.969495534318714935e-01 2.726307221733477171e-01 -4.186753466479056773e-01 -3.937297741022657283e-01 -4.355278839085974241e-02 -2.815262766160848695e-01 -5.438757278452793775e-02 3.664246419810133770e-01 3.963715750778786240e-01 2.474960980601823290e-01 3.768260257875786778e-01 1.873557524082266612e-01
-3.916252630788558675e-01 2.753792256566593433e-01 1.918878905826912618e-01 4.400635096601136498e-01 5.021016061146257314e-01 3.524913049524104336e-01 -2.126033979634988358e-01 1.816738575859516702e-01 1.884452099293039973e-01 -2.049348663582835628e-01 2.916112058524645279e-01 4.478150300407310880e-01 3.888922059956824162e-01 1.000000000000000000e+00 7.763175888207947128e-01 -2.899058667970897396e-01 4.955703268782474247e-01 2.772732881044709385e-01 6.510099415255192756e-01 4.170013737195266135e-01 7.002428633710373607e-01 2.339916938223641496e-01 7.025159628874381168e-01 1.082737761834634688e-01 -3.595031716899318996e-01 2.725741547298525802e-01 4.984066206149221911e-01 4.305901629359035754e-01 4.942689604484803989e-01 5.405991143373843899e-01 -3.944388342944867287e-01 -1.489605514162936073e-01 -2.442470459002291649e-01 2.392069853267327906e-01 3.288631237179606703e-01 1.955613334000574910e-01 2.890436763116708274e-01 -4.857629530429156128e-01 3.378135525174509601e-02 1.886795712305782205e-02 1.050571381486657546e-01 1.715425605620724547e-01 1.030985935358654654e-01 2.087954612913197061e-01 8.138558971170414824e-02 5.920909897366197772e-01 5.865905773021016234e-01 5.592687999135586008e-01 2.254574777247908279e-01 1.929316921751773883e-01 -3.244845302392604380e-01 1.305870650682944001e-01 -3.829753312718999630e-02 4.575935048537218552e-01 3.427786529080204536e-01 1.739007806309455506e-01 2.462973368369918981e-01 3.108565934233484818e-01 -2.539228071569504808e-01 3.739424898617244586e-01 3.811851193801435445e-01 2.259532989714211904e-01 5.906173339385428767e-01 7.503294014361160391e-01 6.873871002333594715e-01 7.572070111142912285e-01 -2.726903644787161407e-01 4.923568533025050598e-01 3.788784622530155244e-01 2.943915065658053720e-01 6.165567610633035933e-01 2.530794526101339259e-01 6.629540026728352187e-01 1.764463241350071598e-01 3.595795968248108876e-01 1.168918178608267383e-01 4.745855761216304924e-01 6.178564964391421999e-01 -3.706016464385509246e-01 -2.089794045812431444e-01 1.903563830234552834e-01 2.224578360601053573e-01 -1.907947764143058667e-01 1.056355698092914797e-01 4.939624725508121039e-01 5.396355746344304594e-01 3.041612575783288475e-01 2.507216186017356963e-01 2.731360938877871458e-01 2.928820943293238832e-01 -3.109641950644629338e-01 -4.533315145443339578e-01 -2.414375201375253133e-01 -3.888038426913532075e-01 -1.850238872200359042e-01 1.684743326615523451e-01 6.227325570632115115e-01 6.271436344237668603e-01 2.637833113163863819e-01 1.000788010536575179e-01
-3.636465540131325613e-01 1.490239025493210190e-01 2.371674827480209358e-01 3.025665093669847594e-01 3.981518691340620308e-01 4.367668956903198452e-01 -2.340178265463605800e-01 7.765139678179497351e-02 2.536008340984064469e-01 -7.881499944942302327e-02 3.885070412688055863e-01 4.540818585089687609e-01 4.723448523168049529e-01 7.763175888207947128e-01 1.000000000000000000e+00 -3.776711214531602856e-01 2.811698030939258075e-01 2.140166661045824759e-01 4.573026810651487639e-01 5.029432762941135060e-01 7.023667479124162671e-01 1.645725460917889238e-01 6.879164765103497059e-01 1.911051224294843254e-01 -2.992237426956449453e-01 3.727073070295912061e-01 6.305337227896395946e-01 6.496663636604131931e-01 6.328510361732626599e-01 6.448436699466975064e-01 -4.505824766655577851e-01 -2.065044768726479740e-01 -3.055192346544293169e-01 2.440092588964317133e-01 3.014071551061445753e-01 2.246188290520787223e-01 3.474266283507822517e-01 -5.279808461345651960e-01 -1.706739460073316769e-02 -5.377668755429460684e-02 7.778039025897930114e-02 1.674249300416207897e-01 1.187841433974729660e-02 3.066754373357668539e-01 1.878300797982537795e-01 6.264250657509967679e-01 5.480147687399263834e-01 6.149397135313449114e-01 3.552576613503440894e-01 1.753491623230264973e-01 -3.922450105791646102e-01 7.304413298900401010e-03 -1.674991386587456332e-01 3.713665937426934849e-01 3.351585001846114076e-01 2.768194897059985116e-01 1.361757205712567920e-01 2.610673943863758284e-01 -1.496089605216872065e-01 4.643222417666185708e-01 4.348447292196258029e-01 2.905679435084705386e-01 6.577101770235916911e-01 6.847253916967744880e-01 7.229350425521134937e-01 8.984566734978760572e-01 -2.128207999280523066e-01 2.982152220265349984e-01 2.695270514829833930e-01 1.922543797489053297e-01 6.801706805100806719e-01 9.481050546908015297e-02 6.190765236000340677e-01 1.953050693687703454e-01 2.889808873293334135e-01 1.588953964881536229e-01 6.215643976218403477e-01 7.588623473471005632e-01 -4.880208317632442339e-01 -2.520722624192811012e-01 2.092188857052838802e-01 2.305552672723592544e-01 -1.619524289512555837e-01 9.951490420978989504e-02 5.698364526173929079e-01 5.412915035349989967e-01 3.239436110005340930e-01 4.643561254705019237e-01 3.091736165423925597e-01 2.306939135051625789e-01 -3.245644291310619822e-01 -4.565839508241156808e-01 -2.345240519828618031e-01 -4.265852770383302683e-01 -2.630977162749298937e-01 2.226880578848967618e-01 6.579393746306206880e-01 6.610771213798813939e-01 3.884096217906063964e-01 5.417929127653375865e-02
