1.000000000000000000e+00 2.289413958787918091e-01 -1.740686409175395966e-02 -3.609329834580421448e-02 3.112172149121761322e-02 -5.016113072633743286e-02 -4.148996993899345398e-02 1.322785168886184692e-01 1.107313483953475952e-01 -2.581706643104553223e-01 -3.079874254763126373e-02 5.053681135177612305e-02 -1.227195262908935547e-01 6.250168383121490479e-02 1.155531965196132660e-02 -9.955069422721862793e-02 5.293966084718704224e-02 9.410776197910308838e-02 -1.535489559173583984e-01 9.831794351339340210e-02 2.099284715950489044e-02 -1.364863961935043335e-01 2.073678076267242432e-01 -1.350207775831222534e-01 -3.788497149944305420e-01 2.018575072288513184e-01 2.784013152122497559e-01 3.899718075990676880e-02 1.816674172878265381e-01 1.654908433556556702e-02 -1.259095221757888794e-01 -3.261917829513549805e-02 7.110318168997764587e-03 1.439379877410829067e-03 -9.505458921194076538e-02 -6.243583187460899353e-02 -1.128943986259400845e-03 -1.476573348045349121e-01 -3.338757455348968506e-01 -3.803170844912528992e-02 6.666067242622375488e-02 -1.725800484418869019e-01 -2.176163643598556519e-01 1.932242959737777710e-01 2.988086640834808350e-02 -2.483995445072650909e-02 -1.086804047226905823e-01 8.150355517864227295e-02 2.817412018775939941e-01 -5.531968176364898682e-02 4.044794440269470215e-01 1.287693679332733154e-01 -1.201179623603820801e-01 -7.638123631477355957e-02 -3.549512475728988647e-02 3.042816556990146637e-02 7.291768491268157959e-02 -2.655474701896309853e-03 -3.316656947135925293e-01 -2.720721960067749023e-01 1.177829355001449585e-01 -1.349948644638061523e-01 -3.078857660293579102e-01 -6.265167891979217529e-02 -9.184634685516357422e-02 -1.055762246251106262e-01 1.304402202367782593e-01 -2.752289474010467529e-01 2.370233833789825439e-02 7.111237198114395142e-02 9.775889664888381958e-02 -2.119122259318828583e-02 7.104517519474029541e-02 -2.036221027374267578e-01 -1.931016594171524048e-01 2.330204099416732788e-02 4.496990516781806946e-02 8.820131421089172363e-02 3.634741157293319702e-02 -8.358573913574218750e-02 -1.483799070119857788e-01 -1.920439004898071289e-01 2.593035064637660980e-02 -1.489356160163879395e-01 -3.644944867119193077e-03 -3.412722945213317871e-01 1.594649404287338257e-01 4.895601049065589905e-02 -8.907515555620193481e-02 -1.252493411302566528e-01 -1.948356777429580688e-01 -2.422474771738052368e-01 -3.230369091033935547e-01 -2.731573879718780518e-01 3.635920956730842590e-02 1.345815509557723999e-01 7.450771331787109375e-02 6.524256616830825806e-02 2.181950807571411133e-01 -1.404564641416072845e-02
2.289413958787918091e-01 1.000000000000000000e+00 -1.915545947849750519e-02 2.288188934326171875e-01 3.541239798069000244e-01 1.518514752388000488e-01 1.586484313011169434e-01 2.742237448692321777e-01 2.612217888236045837e-02 -8.807937800884246826e-02 -3.252160549163818359e-02 3.442969173192977905e-03 9.361451864242553711e-02 2.271942794322967529e-02 -2.873850464820861816e-01 2.860151827335357666e-01 4.014163911342620850e-01 4.158335924148559570e-01 1.734578013420104980e-01 6.893441081047058105e-02 2.099118828773498535e-01 1.273679137229919434e-01 1.435007303953170776e-01 -3.626122772693634033e-01 -5.183534696698188782e-02 2.343401014804840088e-01 -5.733454227447509766e-02 -1.972431540489196777e-01 -3.467855229973793030e-02 -1.045124381780624390e-01 3.090350031852722168e-01 3.985400795936584473e-01 -5.039446055889129639e-02 1.908244788646697998e-01 -1.642175763845443726e-02 -1.240734308958053589e-01 -1.431228220462799072e-02 -2.106252312660217285e-01 -2.103409022092819214e-01 1.035278066992759705e-01 -2.670654058456420898e-01 6.297393143177032471e-02 5.694130435585975647e-02 2.377138659358024597e-02 -1.111598126590251923e-02 -1.277802139520645142e-01 -4.483329355716705322e-01 1.395103782415390015e-01 4.970147833228111267e-02 -3.481277227401733398e-01 -3.150057420134544373e-02 4.129112362861633301e-01 2.499659657478332520e-01 3.019218444824218750e-01 3.034806847572326660e-01 -1.312369257211685181e-01 3.766405582427978516e-01 7.418411970138549805e-02 -3.736030757427215576e-01 -2.996450960636138916e-01 8.165807276964187622e-02 4.218664020299911499e-02 -2.249629795551300049e-01 5.929572507739067078e-02 1.815742701292037964e-01 -2.585904896259307861e-01 -2.259197682142257690e-01 1.196541339159011841e-01 1.271720081567764282e-01 3.574281036853790283e-01 1.127052828669548035e-01 7.857498526573181152e-02 1.905926614999771118e-01 -1.773276478052139282e-01 -2.832736074924468994e-01 -1.249972381629049778e-03 4.416676983237266541e-02 4.075143858790397644e-02 3.288194835186004639e-01 2.616424858570098877e-01 -1.931458711624145508e-01 -2.580726146697998047e-01 -6.387881189584732056e-02 1.069480702280998230e-01 -1.579068414866924286e-02 -3.817749917507171631e-01 2.096655219793319702e-01 -2.310376986861228943e-02 -4.119857251644134521e-01 -2.497238367795944214e-01 -1.293886154890060425e-01 3.386734426021575928e-02 -4.324279725551605225e-01 4.608273878693580627e-02 -2.204075306653976440e-01 -1.742290556430816650e-01 1.209197871503420174e-04 1.287729199975728989e-02 -8.705729246139526367e-02 -2.242425456643104553e-02
-1.740686409175395966e-02 -1.915545947849750519e-02 1.000000000000000000e+00 -2.147094607353210449e-01 4.476541653275489807e-02 2.591596245765686035e-01 2.277692854404449463e-01 5.765590667724609375e-01 5.728276968002319336e-01 -2.231017053127288818e-01 2.683037221431732178e-01 7.263807207345962524e-02 -1.116122901439666748e-01 4.307908192276954651e-02 2.376175224781036377e-01 5.319299921393394470e-02 -1.496771126985549927e-01 6.822488456964492798e-02 5.367427319288253784e-02 -7.899659685790538788e-03 1.771135032176971436e-01 -2.894421517848968506e-01 6.794075667858123779e-02 2.071929723024368286e-01 7.885521650314331055e-02 -3.455510139465332031e-01 -1.789520829916000366e-01 -2.012478560209274292e-01 5.737721920013427734e-02 -9.897945076227188110e-02 -3.171862959861755371e-01 -3.598838746547698975e-01 -2.097983658313751221e-01 -2.577457018196582794e-02 -1.456527709960937500e-01 2.473680377006530762e-01 -2.315945923328399658e-01 -1.518655866384506226e-01 -7.096431404352188110e-02 -3.736996948719024658e-01 -7.965710014104843140e-02 -1.715765148401260376e-01 -3.371030390262603760e-01 -8.885312825441360474e-02 -1.932131052017211914e-01 -4.830330610275268555e-01 -2.072277665138244629e-02 -3.629615604877471924e-01 2.346029430627822876e-01 -1.051066890358924866e-01 5.161312874406576157e-03 5.497949719429016113e-01 -9.330968558788299561e-02 -2.270493358373641968e-01 4.229376316070556641e-01 5.785257220268249512e-01 4.704594910144805908e-01 5.923648476600646973e-01 1.044650096446275711e-02 3.956716358661651611e-01 3.254626691341400146e-02 -3.278299793601036072e-02 1.747735738754272461e-01 1.506911963224411011e-01 2.652237117290496826e-01 2.653624713420867920e-01 7.034701853990554810e-02 1.154385358095169067e-01 1.446206960827112198e-02 1.501563787460327148e-01 3.011255264282226562e-01 5.501225590705871582e-02 1.641014218330383301e-01 -1.687972992658615112e-01 3.013103902339935303e-01 -1.131854578852653503e-01 -3.042297065258026123e-02 3.402268514037132263e-02 -3.987714052200317383e-01 -3.337976932525634766e-01 1.037362776696681976e-02 -1.100064665079116821e-01 -1.882890313863754272e-01 -7.483270764350891113e-02 -1.425858438014984131e-01 -1.076288670301437378e-01 -2.367928326129913330e-01 -2.623355388641357422e-01 3.061685264110565186e-01 -2.622215449810028076e-01 -3.104996383190155029e-01 -1.454196274280548096e-01 -9.758143872022628784e-02 -1.234318688511848450e-01 -7.568861544132232666e-02 -9.051023423671722412e-02 -4.019605517387390137e-01 -2.138732969760894775e-01 2.899107038974761963e-01 -2.477385997772216797e-01
-3.609329834580421448e-02 2.288188934326171875e-01 -2.147094607353210449e-01 1.000000000000000000e+00 7.845817506313323975e-02 1.675470620393753052e-01 2.625176310539245605e-01 5.665929988026618958e-03 -2.923622429370880127e-01 3.795415461063385010e-01 -1.683235317468643188e-01 -3.390179574489593506e-01 1.235388219356536865e-01 -2.022275924682617188e-01 -1.075200587511062622e-01 4.221355319023132324e-01 -2.745502442121505737e-02 1.535632759332656860e-01 1.532675474882125854e-01 1.124859042465686798e-02 -3.093534894287586212e-02 1.733666807413101196e-01 -3.758385777473449707e-02 3.061076439917087555e-02 1.928954124450683594e-01 -2.142011560499668121e-02 -1.299267709255218506e-01 -5.922597832977771759e-03 -1.120439618825912476e-01 -2.702007889747619629e-01 3.143611252307891846e-01 1.719326525926589966e-01 5.185251832008361816e-01 -6.538966298103332520e-02 2.757748961448669434e-01 1.793908178806304932e-01 9.069015085697174072e-02 2.043974995613098145e-01 1.403876692056655884e-01 2.192186117172241211e-01 2.404869720339775085e-02 2.574205994606018066e-01 3.039652109146118164e-01 -1.994959115982055664e-01 -1.722164452075958252e-01 -1.116464473307132721e-02 7.913966476917266846e-02 1.514605432748794556e-01 -1.750852540135383606e-02 -2.748169191181659698e-02 2.498820424079895020e-01 -2.000527530908584595e-01 3.782258629798889160e-01 1.951011419296264648e-01 1.352043449878692627e-01 -7.001450657844543457e-02 2.184773236513137817e-01 -6.410362571477890015e-02 7.160049676895141602e-02 -9.662422537803649902e-02 -4.369858205318450928e-01 -7.365814875811338425e-03 -1.070065074600279331e-03 -3.184973299503326416e-01 -1.688932627439498901e-01 -5.707672098651528358e-04 9.602102637290954590e-02 -4.987539257854223251e-03 -1.047573164105415344e-01 9.897377341985702515e-02 -4.029577076435089111e-01 -1.954706758260726929e-02 3.587152808904647827e-02 1.070839017629623413e-01 -7.282009464688599110e-04 4.431734234094619751e-02 6.870981305837631226e-02 -2.727208733558654785e-01 1.943027377128601074e-01 9.123804420232772827e-02 -1.068773493170738220e-01 -2.982722036540508270e-02 1.879159547388553619e-02 9.701750427484512329e-02 1.325372308492660522e-01 2.022416144609451294e-01 -1.189067214727401733e-01 1.820751726627349854e-01 -4.376192111521959305e-03 9.346611797809600830e-02 4.530862867832183838e-01 2.659704089164733887e-01 1.419791579246520996e-01 1.706356555223464966e-01 -1.165506020188331604e-01 1.353137046098709106e-01 2.719226060435175896e-03 -3.642528504133224487e-02 -2.669998444616794586e-02 1.383380144834518433e-01
3.112172149121761322e-02 3.541239798069000244e-01 4.476541653275489807e-02 7.845817506313323975e-02 1.000000000000000000e+00 1.241487488150596619e-01 6.433044373989105225e-02 3.870298862457275391e-01 3.099058270454406738e-01 -2.565451264381408691e-01 -7.572205364704132080e-02 1.457844972610473633e-01 -3.317997977137565613e-02 1.557736098766326904e-01 4.382294788956642151e-02 -1.348635256290435791e-01 1.336058974266052246e-01 3.141466900706291199e-02 -1.300960034132003784e-01 -4.302880167961120605e-02 2.653824090957641602e-01 -1.720222532749176025e-01 -9.393454343080520630e-02 -2.880569398403167725e-01 -1.427527815103530884e-01 -2.927774935960769653e-02 1.436339318752288818e-01 -1.685829609632492065e-01 2.449812293052673340e-01 2.880110964179039001e-02 -1.502506155520677567e-02 -1.731777936220169067e-02 -1.498038023710250854e-01 -1.287617837078869343e-03 -3.243792057037353516e-01 -1.761162728071212769e-01 -6.166772544384002686e-02 -1.581032574176788330e-01 -1.335623413324356079e-01 -7.842259109020233154e-02 -1.969449520111083984e-01 -1.543910205364227295e-01 -1.553699970245361328e-01 1.375695914030075073e-01 1.431692540645599365e-01 -1.954470993950963020e-03 -2.984962165355682373e-01 -2.062680274248123169e-01 2.513524889945983887e-01 -3.726911917328834534e-02 4.962604027241468430e-03 4.057312905788421631e-01 7.861100882291793823e-02 6.283196210861206055e-01 3.576614260673522949e-01 4.190466925501823425e-02 2.431273013353347778e-01 3.496297597885131836e-01 -1.978263258934020996e-01 -1.974829733371734619e-01 2.132792472839355469e-01 -5.102533474564552307e-02 -2.908225655555725098e-01 9.410504251718521118e-02 1.015939638018608093e-01 -2.866701036691665649e-02 -8.414056152105331421e-02 -6.281601637601852417e-02 -6.886196881532669067e-02 2.240453287959098816e-02 2.606844604015350342e-01 -2.179309874773025513e-01 -9.430253505706787109e-02 -1.348482221364974976e-01 -1.954581141471862793e-01 -5.581470951437950134e-02 7.713330537080764771e-02 1.349898576736450195e-01 1.923385858535766602e-01 1.012305170297622681e-01 -2.126619219779968262e-01 -2.148279249668121338e-01 -4.606154933571815491e-02 -2.458623647689819336e-01 -2.100287228822708130e-01 -4.392320513725280762e-01 1.744343638420104980e-01 -2.417709380388259888e-01 -1.790283620357513428e-01 -2.577089965343475342e-01 -1.509197950363159180e-01 -4.781703278422355652e-02 -2.216513156890869141e-01 -7.231672853231430054e-02 -9.596408158540725708e-02 1.848458126187324524e-02 6.598456948995590210e-02 -1.030219644308090210e-01 8.190748095512390137e-02 -4.322652146220207214e-02
-5.016113072633743286e-02 1.518514752388000488e-01 2.591596245765686035e-01 1.675470620393753052e-01 1.241487488150596619e-01 1.000000000000000000e+00 3.381433784961700439e-01 9.281360357999801636e-02 4.321886301040649414e-01 4.268647134304046631e-01 -6.063183769583702087e-02 -2.689488530158996582e-01 5.480559915304183960e-02 -1.105520501732826233e-02 2.207212299108505249e-01 3.440009355545043945e-01 8.696322888135910034e-02 1.521867662668228149e-01 3.088777363300323486e-01 6.507018208503723145e-02 2.993330955505371094e-01 -2.099549174308776855e-01 3.360345214605331421e-02 1.542735695838928223e-01 1.921067088842391968e-01 -1.106720510870218277e-02 -3.908715248107910156e-01 -2.236295193433761597e-01 1.625300049781799316e-01 -4.176332652568817139e-01 3.844800889492034912e-01 1.765559017658233643e-01 -5.224381759762763977e-02 -3.481205999851226807e-01 -1.014305278658866882e-01 5.792996287345886230e-01 -3.651181161403656006e-01 -6.477237492799758911e-02 1.210088133811950684e-01 8.247620612382888794e-02 -1.104721203446388245e-01 2.047900408506393433e-01 1.699069738388061523e-01 -4.026010930538177490e-01 -4.677851200103759766e-01 -2.859961092472076416e-01 -2.810120582580566406e-01 -2.365911900997161865e-01 5.369962453842163086e-01 -3.602453768253326416e-01 -1.450198888778686523e-01 3.401951491832733154e-02 3.366120457649230957e-01 -2.090621143579483032e-01 7.392473816871643066e-01 6.167533993721008301e-01 2.694392800331115723e-01 4.020428955554962158e-01 1.425607949495315552e-01 -1.050884742289781570e-02 -3.890063762664794922e-01 -4.558656364679336548e-03 3.384892642498016357e-01 -1.364332735538482666e-01 1.804522424936294556e-02 3.841229379177093506e-01 1.362873911857604980e-01 1.074317842721939087e-01 -3.155916631221771240e-01 -2.738367207348346710e-02 -1.424836087971925735e-02 -2.081770151853561401e-01 -8.670897036790847778e-02 1.242448240518569946e-01 2.670519649982452393e-01 9.801153838634490967e-02 3.532101511955261230e-01 -1.573094129562377930e-01 1.661001592874526978e-01 6.675148755311965942e-02 -7.753968983888626099e-02 -2.963193953037261963e-01 -5.016290545463562012e-01 -4.717173054814338684e-02 -1.329038590192794800e-01 1.984822563827037811e-03 -4.138968288898468018e-01 -2.473737299442291260e-02 3.294292986392974854e-01 -2.232762277126312256e-01 3.090003728866577148e-01 2.786238789558410645e-01 -4.617939889430999756e-02 3.121292293071746826e-01 -1.428089737892150879e-01 -3.313874006271362305e-01 -1.575381904840469360e-01 -3.218372166156768799e-01 5.345863699913024902e-01 9.327727556228637695e-02
-4.148996993899345398e-02 1.586484313011169434e-01 2.277692854404449463e-01 2.625176310539245605e-01 6.433044373989105225e-02 3.381433784961700439e-01 1.000000000000000000e+00 3.401341736316680908e-01 2.573529779911041260e-01 2.321140915155410767e-01 -1.142913028597831726e-01 -1.466813832521438599e-01 9.004572778940200806e-02 -1.536968946456909180e-01 -6.802253425121307373e-02 3.997909128665924072e-01 2.458012700080871582e-01 2.009285092353820801e-01 3.022843301296234131e-01 1.811446845531463623e-01 3.101113736629486084e-01 -1.599103445187211037e-03 2.204014211893081665e-01 1.518510431051254272e-01 2.146492153406143188e-01 -1.126721650362014771e-01 -1.243805959820747375e-01 -1.097927689552307129e-01 2.653957344591617584e-02 -2.697115242481231689e-01 1.425956934690475464e-01 1.188787966966629028e-01 1.217364296317100525e-01 -5.606816709041595459e-02 -2.886771410703659058e-02 2.242040783166885376e-01 -1.830557435750961304e-01 1.442918181419372559e-01 1.329978108406066895e-01 1.893825381994247437e-01 1.691748015582561493e-02 7.629856467247009277e-02 -5.962158739566802979e-02 -2.151240408420562744e-01 -2.431423366069793701e-01 -1.701502352952957153e-01 -9.627928584814071655e-02 -1.386036872863769531e-01 1.523758620023727417e-01 -1.135921552777290344e-01 6.950783729553222656e-02 1.997696757316589355e-01 5.744344592094421387e-01 -8.418510109186172485e-02 3.854385614395141602e-01 2.519993185997009277e-01 4.987691938877105713e-01 3.800479769706726074e-01 7.507341355085372925e-02 1.542732957750558853e-02 -2.157824337482452393e-01 9.775979816913604736e-02 1.072724908590316772e-01 -8.489423990249633789e-02 1.282747387886047363e-01 1.274934504181146622e-02 2.940898537635803223e-01 2.601282000541687012e-01 -4.386017844080924988e-02 9.807876497507095337e-02 9.891938418149948120e-02 1.472276598215103149e-01 1.972971111536026001e-01 3.375678360462188721e-01 2.902589142322540283e-01 1.987698022276163101e-03 1.640228033065795898e-01 -1.863340474665164948e-02 1.015840992331504822e-01 1.011208072304725647e-01 -3.013629280030727386e-02 -3.527346551418304443e-01 -3.468889296054840088e-01 -2.209887504577636719e-01 -8.154421299695968628e-02 7.731427252292633057e-02 -1.918236464262008667e-01 -7.497944682836532593e-02 1.428934931755065918e-01 -5.418759211897850037e-02 2.100628018379211426e-01 2.919611036777496338e-01 1.218142509460449219e-01 8.166038244962692261e-02 -2.143649756908416748e-01 -7.780033349990844727e-02 5.961967259645462036e-02 -1.594315320253372192e-01 9.886614233255386353e-02 5.360322445631027222e-02
1.322785168886184692e-01 2.742237448692321777e-01 5.765590667724609375e-01 5.665929988026618958e-03 3.870298862457275391e-01 9.281360357999801636e-02 3.401341736316680908e-01 1.000000000000000000e+00 5.671861767768859863e-01 -4.254479110240936279e-01 1.523097455501556396e-01 1.049211621284484863e-01 -5.890041589736938477e-02 9.752652794122695923e-02 1.229095384478569031e-01 -7.374137174338102341e-03 -7.308353204280138016e-03 2.778258025646209717e-01 -5.275080446153879166e-03 1.193542554974555969e-01 3.309059143066406250e-01 -2.447179555892944336e-01 1.971446573734283447e-01 -8.627518266439437866e-02 -8.417712152004241943e-02 -2.276816964149475098e-01 3.625116543844342232e-03 -1.933979094028472900e-01 1.212296262383460999e-01 -3.553212061524391174e-02 -3.905270099639892578e-01 -2.767761945724487305e-01 -1.759828627109527588e-01 1.280563026666641235e-01 -2.091789096593856812e-01 -6.577438861131668091e-02 -1.233291923999786377e-01 -1.922474503517150879e-01 -3.170493543148040771e-01 -3.382284641265869141e-01 -2.509075105190277100e-01 -3.358589112758636475e-01 -4.641569256782531738e-01 8.396288752555847168e-02 -8.876033127307891846e-02 -4.361008703708648682e-01 -9.098987281322479248e-02 -2.678099572658538818e-01 1.291020512580871582e-01 -1.465290486812591553e-01 1.593787521123886108e-01 6.311859488487243652e-01 2.394633740186691284e-02 1.579970568418502808e-01 4.250364005565643311e-01 3.299550116062164307e-01 7.046772837638854980e-01 7.357368469238281250e-01 -2.436824440956115723e-01 1.813716888427734375e-01 1.920960992574691772e-01 2.097162604331970215e-02 -1.034168154001235962e-01 2.111481428146362305e-01 4.076292216777801514e-01 1.163644641637802124e-01 -1.786418631672859192e-02 1.293484568595886230e-01 1.764377802610397339e-01 3.635648488998413086e-01 4.737445712089538574e-01 8.540725708007812500e-02 3.242202699184417725e-01 -2.822962701320648193e-01 6.775216013193130493e-02 -1.326366961002349854e-01 -2.823312953114509583e-02 1.728261411190032959e-01 -2.573119699954986572e-01 -2.965975701808929443e-01 -1.110305488109588623e-01 -2.261407971382141113e-01 -5.986160039901733398e-02 -1.074942871928215027e-01 -1.612732559442520142e-01 -3.764199912548065186e-01 -1.153378747403621674e-02 -2.824843823909759521e-01 3.678048774600028992e-02 -3.727401494979858398e-01 -4.127154052257537842e-01 -1.766814440488815308e-01 -2.907354235649108887e-01 -2.997953891754150391e-01 -1.290584057569503784e-01 2.003177255392074585e-02 -2.892321050167083740e-01 -1.118339598178863525e-01 7.327362895011901855e-02 -3.104427158832550049e-01
1.107313483953475952e-01 2.612217888236045837e-02 5.728276968002319336e-01 -2.923622429370880127e-01 3.099058270454406738e-01 4.321886301040649414e-01 2.573529779911041260e-01 5.671861767768859863e-01 1.000000000000000000e+00 -2.645783126354217529e-01 2.149017602205276489e-01 1.504926234483718872e-01 -1.040788218379020691e-01 2.792055904865264893e-01 3.615179359912872314e-01 -1.614604294300079346e-01 -1.105534750968217850e-02 1.380005106329917908e-02 1.134839956648647785e-03 7.025667279958724976e-02 3.742693364620208740e-01 -3.174244463443756104e-01 2.287549227476119995e-01 1.115061417222023010e-01 -4.449179023504257202e-02 -1.999618858098983765e-01 5.458342656493186951e-02 -1.946020722389221191e-01 3.610776960849761963e-01 -5.490500014275312424e-03 -2.741838395595550537e-01 -2.443277686834335327e-01 -2.892423868179321289e-01 -6.663782149553298950e-02 -3.317020237445831299e-01 2.532299160957336426e-01 -3.028908371925354004e-01 -1.251320987939834595e-01 -1.137571930885314941e-01 -1.927929818630218506e-01 -5.497489124536514282e-02 -1.805834919214248657e-01 -3.628377318382263184e-01 7.105751335620880127e-02 -7.462219893932342529e-02 -2.459192723035812378e-01 -8.948443084955215454e-02 -3.329087495803833008e-01 4.629840552806854248e-01 -8.616732060909271240e-02 6.374081969261169434e-02 4.665044248104095459e-01 -1.006497517228126526e-01 -8.825779706239700317e-02 5.141547322273254395e-01 6.974003314971923828e-01 3.383263051509857178e-01 7.423751950263977051e-01 -6.723275035619735718e-02 2.233877927064895630e-01 1.833756417036056519e-01 -2.001374214887619019e-02 9.721897542476654053e-02 2.220073342323303223e-01 2.971549332141876221e-01 3.458870947360992432e-01 1.811311542987823486e-01 5.290187429636716843e-03 -4.697784781455993652e-02 -3.106182441115379333e-03 4.693470001220703125e-01 -2.450442127883434296e-02 9.495006501674652100e-02 -3.914485126733779907e-02 2.129299640655517578e-01 -2.327815257012844086e-02 1.606984883546829224e-01 2.082889229059219360e-01 -1.977483332157135010e-01 -2.145855724811553955e-01 -2.098106220364570618e-02 -2.540076076984405518e-01 -2.538583278656005859e-01 -2.784222960472106934e-01 -2.828572690486907959e-01 -2.923188507556915283e-01 -1.562539190053939819e-01 -2.900094389915466309e-01 3.061450123786926270e-01 -3.077440857887268066e-01 -3.317617774009704590e-01 -9.176598489284515381e-02 -1.482414901256561279e-01 -1.328864097595214844e-01 1.181455608457326889e-02 -1.006946340203285217e-01 -1.413735449314117432e-01 -2.500438392162322998e-01 4.655555784702301025e-01 -1.556255817413330078e-01
-2.581706643104553223e-01 -8.807937800884246826e-02 -2.231017053127288818e-01 3.795415461063385010e-01 -2.565451264381408691e-01 4.268647134304046631e-01 2.321140915155410767e-01 -4.254479110240936279e-01 -2.645783126354217529e-01 1.000000000000000000e+00 -4.350392892956733704e-02 -1.510876715183258057e-01 3.603459000587463379e-01 -9.580416977405548096e-02 2.165552601218223572e-02 4.367393553256988525e-01 1.005444154143333435e-01 -3.501760214567184448e-02 3.166298568248748779e-01 -9.677505493164062500e-02 -4.965793713927268982e-02 2.183909863233566284e-01 -3.426146879792213440e-02 3.372812569141387939e-01 4.383200407028198242e-01 1.855024099349975586e-01 -2.888787686824798584e-01 6.027734652161598206e-02 -6.335327029228210449e-02 -2.357853502035140991e-01 5.160743594169616699e-01 2.755976915359497070e-01 3.077245652675628662e-01 -2.323909401893615723e-01 3.142646849155426025e-01 3.546070158481597900e-01 -8.649761974811553955e-02 2.823897898197174072e-01 3.818922340869903564e-01 4.306539595127105713e-01 5.391379818320274353e-02 4.530850350856781006e-01 5.213255882263183594e-01 -4.031931459903717041e-01 -3.286784887313842773e-01 4.755918309092521667e-02 5.439833179116249084e-02 5.198459699749946594e-02 3.955392166972160339e-02 -1.095029935240745544e-01 -1.192763298749923706e-01 -4.225742816925048828e-01 3.887089788913726807e-01 -2.598593235015869141e-01 1.572353541851043701e-01 7.623638212680816650e-02 -1.107239276170730591e-01 -2.053492963314056396e-01 6.104125380516052246e-01 5.743652209639549255e-02 -4.339360296726226807e-01 1.939591616392135620e-01 4.354239404201507568e-01 -3.124885559082031250e-01 -2.578427791595458984e-01 1.845310479402542114e-01 6.970041990280151367e-02 1.095486581325531006e-01 -2.545534372329711914e-01 -1.879054754972457886e-01 -4.503643810749053955e-01 -3.479914739727973938e-02 -1.212534978985786438e-01 3.858247101306915283e-01 3.316183984279632568e-01 2.657606005668640137e-01 2.391144782304763794e-01 -2.283730804920196533e-01 2.209766507148742676e-01 1.694865375757217407e-01 4.246886074542999268e-02 -1.117193177342414856e-01 -3.467667400836944580e-01 8.167737722396850586e-02 9.255537390708923340e-02 4.149374365806579590e-01 -3.447735309600830078e-01 2.215212285518646240e-01 1.232947707176208496e-01 1.372845321893692017e-01 5.993997454643249512e-01 4.419387578964233398e-01 3.635002672672271729e-01 4.056115448474884033e-01 -3.143162280321121216e-02 -1.577948778867721558e-01 7.570684421807527542e-03 -1.799175888299942017e-01 9.367901086807250977e-02 2.159127742052078247e-01
-3.079874254763126373e-02 -3.252160549163818359e-02 2.683037221431732178e-01 -1.683235317468643188e-01 -7.572205364704132080e-02 -6.063183769583702087e-02 -1.142913028597831726e-01 1.523097455501556396e-01 2.149017602205276489e-01 -4.350392892956733704e-02 1.000000000000000000e+00 5.527289509773254395e-01 2.366739511489868164e-01 2.779234647750854492e-01 2.909144163131713867e-01 -2.813473045825958252e-01 4.588740412145853043e-03 -2.339528053998947144e-01 -1.143209338188171387e-01 -4.894169792532920837e-02 5.676569789648056030e-02 5.813162773847579956e-02 7.258409261703491211e-02 1.499378234148025513e-01 1.702363342046737671e-01 1.329298317432403564e-01 1.420342773199081421e-01 1.012194231152534485e-01 9.146114438772201538e-02 3.012160658836364746e-01 -2.899465262889862061e-01 -1.254274249076843262e-01 -1.397830396890640259e-01 -1.478281710296869278e-02 2.524708211421966553e-02 -6.095898803323507309e-03 1.210389882326126099e-01 1.310710608959197998e-01 -1.999182105064392090e-01 -9.323428571224212646e-02 -1.494916677474975586e-01 3.731440380215644836e-02 -2.552357614040374756e-01 1.580610722303390503e-01 9.398210048675537109e-02 -7.018662989139556885e-02 9.887078404426574707e-02 -1.368823200464248657e-01 -7.580009847879409790e-02 1.239633783698081970e-01 6.132434681057929993e-02 2.018197178840637207e-01 -3.554253876209259033e-01 -9.478421509265899658e-02 6.597368419170379639e-02 1.995961815118789673e-01 -6.027236580848693848e-02 9.751549363136291504e-02 2.082049101591110229e-01 5.827118754386901855e-01 4.446177184581756592e-01 2.533691525459289551e-01 1.555587816983461380e-02 2.265607714653015137e-01 2.736008167266845703e-01 1.459242701530456543e-01 -1.237840652465820312e-01 -8.067300170660018921e-02 1.357535719871520996e-01 8.474694564938545227e-03 1.233895644545555115e-01 2.159314453601837158e-01 1.724621951580047607e-01 -5.504903942346572876e-02 1.804626882076263428e-01 1.499049067497253418e-01 -3.009160980582237244e-02 2.995729744434356689e-01 -2.564663887023925781e-01 -1.361952573060989380e-01 1.863284260034561157e-01 -1.025368925184011459e-02 4.048324748873710632e-02 -4.636189341545104980e-02 2.651505917310714722e-02 -6.440602242946624756e-02 1.471382081508636475e-01 -2.364547550678253174e-02 8.429685607552528381e-03 -1.546915993094444275e-02 -3.646071851253509521e-01 -3.619557991623878479e-02 -5.945472046732902527e-02 -1.194337755441665649e-01 6.504189223051071167e-02 6.539627164602279663e-02 -1.092315018177032471e-01 -8.890903741121292114e-02 -4.711229703389108181e-04 -1.325911376625299454e-02
5.053681135177612305e-02 3.442969173192977905e-03 7.263807207345962524e-02 -3.390179574489593506e-01 1.457844972610473633e-01 -2.689488530158996582e-01 -1.466813832521438599e-01 1.049211621284484863e-01 1.504926234483718872e-01 -1.510876715183258057e-01 5.527289509773254395e-01 1.000000000000000000e+00 2.267277538776397705e-01 3.561707139015197754e-01 1.036781966686248779e-01 -4.900251328945159912e-01 1.472996771335601807e-01 -3.363530635833740234e-01 -2.428052425384521484e-01 -9.839669615030288696e-02 1.870741508901119232e-02 -6.676906254142522812e-03 4.093259945511817932e-02 1.123768612742424011e-01 -6.818962097167968750e-02 2.609486281871795654e-01 3.437685966491699219e-01 1.485651731491088867e-01 1.120611280202865601e-01 4.759759604930877686e-01 -4.392344951629638672e-01 -1.827137023210525513e-01 -1.635125577449798584e-01 -2.275156229734420776e-02 -1.916538029909133911e-01 -3.496291637420654297e-01 1.249750405550003052e-01 9.675377607345581055e-02 -3.119817376136779785e-01 1.757814548909664154e-02 -1.586344242095947266e-01 -1.633167117834091187e-01 -3.705694973468780518e-01 3.240441381931304932e-01 2.344546616077423096e-01 1.090481504797935486e-01 9.659633785486221313e-02 -2.057228237390518188e-01 -9.884300082921981812e-02 1.883923262357711792e-01 1.672381013631820679e-01 1.744039505720138550e-01 -4.331719875335693359e-01 4.961307346820831299e-02 -1.225969418883323669e-01 -2.045038901269435883e-02 -2.061351537704467773e-01 1.526596769690513611e-02 1.725556701421737671e-01 3.387456536293029785e-01 7.373216748237609863e-01 3.286028504371643066e-01 -1.893005669116973877e-01 3.128071725368499756e-01 2.086081355810165405e-01 -1.312389671802520752e-01 -1.430151909589767456e-01 -1.414915323257446289e-01 1.210952028632164001e-01 -2.049831300973892212e-01 2.312763780355453491e-01 1.084311529994010925e-01 1.120886579155921936e-01 -4.334078356623649597e-02 1.511921286582946777e-01 1.671107113361358643e-01 -1.742812544107437134e-01 3.424969315528869629e-01 -2.862665057182312012e-01 -8.710758388042449951e-02 1.200671941041946411e-01 -7.611318677663803101e-02 4.394061863422393799e-02 -2.494835108518600464e-01 -6.134308502078056335e-02 -2.771332561969757080e-01 2.771152257919311523e-01 -9.301802515983581543e-02 -2.324417233467102051e-01 -3.038869053125381470e-02 -4.454964995384216309e-01 -1.773926913738250732e-01 -3.604296967387199402e-02 -3.708915412425994873e-01 1.927345097064971924e-01 1.017086878418922424e-01 6.642179191112518311e-02 -2.248739451169967651e-02 -1.446550339460372925e-01 -1.128710731863975525e-01
-1.227195262908935547e-01 9.361451864242553711e-02 -1.116122901439666748e-01 1.235388219356536865e-01 -3.317997977137565613e-02 5.480559915304183960e-02 9.004572778940200806e-02 -5.890041589736938477e-02 -1.040788218379020691e-01 3.603459000587463379e-01 2.366739511489868164e-01 2.267277538776397705e-01 1.000000000000000000e+00 1.348829567432403564e-01 -9.352843463420867920e-02 1.101833358407020569e-01 2.603631317615509033e-01 1.539822760969400406e-02 1.541453897953033447e-01 -5.306788533926010132e-02 -1.857138983905315399e-02 3.289459347724914551e-01 5.651041120290756226e-02 4.473024606704711914e-02 1.910937577486038208e-01 1.232142075896263123e-01 -5.620408337563276291e-03 8.603993803262710571e-02 -1.183787211775779724e-01 1.506364792585372925e-01 9.441630542278289795e-02 1.427944153547286987e-01 2.162188291549682617e-01 1.129658296704292297e-01 2.200723141431808472e-01 1.787765999324619770e-03 -6.651602689089486375e-06 1.695869266986846924e-01 6.633815914392471313e-02 1.848947554826736450e-01 -5.277298763394355774e-02 6.181245297193527222e-02 1.324586123228073120e-01 -6.821225583553314209e-02 -1.066635642200708389e-02 8.057726919651031494e-02 8.773619681596755981e-02 1.099321618676185608e-01 -1.551991850137710571e-01 -2.792654186487197876e-02 -2.019186690449714661e-02 -5.986471846699714661e-02 1.105209514498710632e-01 -7.056481391191482544e-02 3.511280566453933716e-02 -2.041820250451564789e-02 -4.732283949851989746e-02 -9.113933145999908447e-02 3.264253437519073486e-01 2.604852616786956787e-01 8.125163614749908447e-02 7.240059971809387207e-01 1.923301368951797485e-01 5.726487841457128525e-03 7.994602434337139130e-03 -7.905654609203338623e-02 -5.412953719496726990e-02 1.906135678291320801e-01 1.478908061981201172e-01 6.001865863800048828e-02 -1.135294362902641296e-01 2.084653228521347046e-01 4.824230074882507324e-02 1.264092773199081421e-01 1.443672478199005127e-01 9.644016623497009277e-02 -4.896711930632591248e-02 9.675896726548671722e-03 4.334236681461334229e-02 -2.975105494260787964e-02 8.187738806009292603e-02 7.369910925626754761e-02 -1.091423928737640381e-01 6.747230142354965210e-02 -1.796968467533588409e-02 1.201752200722694397e-01 -6.405293941497802734e-02 1.266461908817291260e-01 -5.448821559548377991e-02 6.819152086973190308e-02 7.137856632471084595e-02 7.505968213081359863e-02 5.708171427249908447e-02 2.581601496785879135e-03 -1.023444458842277527e-01 -5.750108510255813599e-02 -5.647033452987670898e-03 3.884232416749000549e-02 -1.408409774303436279e-01 2.318112179636955261e-02
6.250168383121490479e-02 2.271942794322967529e-02 4.307908192276954651e-02 -2.022275924682617188e-01 1.557736098766326904e-01 -1.105520501732826233e-02 -1.536968946456909180e-01 9.752652794122695923e-02 2.792055904865264893e-01 -9.580416977405548096e-02 2.779234647750854492e-01 3.561707139015197754e-01 1.348829567432403564e-01 1.000000000000000000e+00 3.114838302135467529e-01 -1.915825903415679932e-01 1.806227862834930420e-01 -3.982341289520263672e-02 1.810501664876937866e-01 -1.341178268194198608e-01 2.845344543457031250e-01 -1.811935380101203918e-02 2.744644582271575928e-01 6.447935849428176880e-02 -1.470207720994949341e-01 -2.724472247064113617e-02 2.574324905872344971e-01 -3.339836746454238892e-02 2.713074684143066406e-01 3.696506917476654053e-01 -1.631112992763519287e-01 -1.856918931007385254e-01 -5.969633534550666809e-02 1.328917145729064941e-01 -1.103554442524909973e-01 -8.021140098571777344e-02 -3.664553910493850708e-02 2.499787323176860809e-02 -9.089276194572448730e-02 4.990299418568611145e-02 7.354586571455001831e-02 -1.871672123670578003e-01 -1.412792801856994629e-01 2.021858245134353638e-01 1.747704297304153442e-01 9.905703365802764893e-02 8.006954938173294067e-02 -3.249115496873855591e-02 5.802717432379722595e-02 8.154685050249099731e-02 5.813653767108917236e-02 9.252233058214187622e-02 -2.590065896511077881e-01 -3.480606898665428162e-02 6.119655817747116089e-02 9.625554829835891724e-02 -1.518949121236801147e-01 1.285414695739746094e-01 3.150191903114318848e-02 1.775305867195129395e-01 2.508904635906219482e-01 1.165877729654312134e-01 1.331216543912887573e-01 3.913631737232208252e-01 3.195744752883911133e-01 2.024185955524444580e-01 -1.825214326381683350e-01 5.153341218829154968e-02 6.493531912565231323e-02 -7.571665942668914795e-02 2.378814816474914551e-01 -8.628341555595397949e-02 4.629296809434890747e-02 -8.360483497381210327e-02 6.152727082371711731e-02 -9.535323083400726318e-02 3.713944926857948303e-02 2.598965764045715332e-01 -9.042997658252716064e-02 -1.270923167467117310e-01 -2.952089346945285797e-02 2.367668226361274719e-02 -1.380680873990058899e-02 -1.425229907035827637e-01 -5.293304473161697388e-02 -1.983288675546646118e-01 2.026754990220069885e-02 -1.039709001779556274e-01 -8.870593458414077759e-02 -9.220281988382339478e-02 -2.175276577472686768e-01 -2.001629918813705444e-01 -8.148727566003799438e-02 -1.997100114822387695e-01 -8.797619491815567017e-03 -5.139245837926864624e-02 7.865097373723983765e-02 -2.696327492594718933e-02 2.668056450784206390e-02 -8.742392808198928833e-02
1.155531965196132660e-02 -2.873850464820861816e-01 2.376175224781036377e-01 -1.075200587511062622e-01 4.382294788956642151e-02 2.207212299108505249e-01 -6.802253425121307373e-02 1.229095384478569031e-01 3.615179359912872314e-01 2.165552601218223572e-02 2.909144163131713867e-01 1.036781966686248779e-01 -9.352843463420867920e-02 3.114838302135467529e-01 1.000000000000000000e+00 -2.013796269893646240e-01 -2.366084307432174683e-01 -1.599520891904830933e-01 -1.094475984573364258e-01 5.189960077404975891e-02 2.709261178970336914e-01 -3.559684753417968750e-01 1.952280700206756592e-01 3.481298983097076416e-01 7.171016186475753784e-02 -7.866565138101577759e-02 7.437828928232192993e-02 1.583807915449142456e-01 5.424651503562927246e-01 1.573403924703598022e-01 -1.901526153087615967e-01 -3.050731122493743896e-01 -1.130815297365188599e-01 -2.337543517351150513e-01 -1.060435473918914795e-01 2.560941576957702637e-01 -3.731099888682365417e-02 -6.198330968618392944e-02 -1.673755794763565063e-01 -3.049789071083068848e-01 -9.734147042036056519e-02 -1.455597132444381714e-01 -2.693094313144683838e-01 6.438017636537551880e-02 -1.818442344665527344e-01 -1.677472889423370361e-01 7.968117296695709229e-02 -2.521300017833709717e-01 2.754769921302795410e-01 6.116346642374992371e-02 1.638569831848144531e-01 -1.287562679499387741e-02 -1.336158812046051025e-01 -8.415085822343826294e-02 1.309662014245986938e-01 4.300053417682647705e-01 1.689382083714008331e-02 2.451962977647781372e-01 2.429691404104232788e-01 2.917198836803436279e-01 -2.210202999413013458e-02 -1.223496496677398682e-01 1.562435328960418701e-01 3.485846891999244690e-02 1.338101625442504883e-01 7.315814495086669922e-01 1.372929215431213379e-01 -1.203447952866554260e-01 -9.883232414722442627e-02 -7.664638757705688477e-02 3.107012808322906494e-01 -7.017935812473297119e-02 1.296669542789459229e-01 -9.288424253463745117e-02 3.596666157245635986e-01 9.054931253194808960e-02 4.033984839916229248e-01 3.451787829399108887e-01 -1.872727125883102417e-01 -1.904324740171432495e-01 1.304205060005187988e-01 -1.808497756719589233e-01 -1.100552082061767578e-01 -1.390637755393981934e-01 -5.286517366766929626e-02 -6.239353120326995850e-02 -1.233174204826354980e-01 -1.731021888554096222e-02 3.926666975021362305e-01 -1.473940014839172363e-01 -5.429052561521530151e-02 -1.094425320625305176e-01 -3.485254198312759399e-02 -6.721806526184082031e-02 8.679616451263427734e-02 1.022592335939407349e-01 -7.382573932409286499e-02 -6.069638580083847046e-02 3.424243927001953125e-01 -6.384035944938659668e-02
