1.000000000000000000e+00 4.050054785947120872e-01 4.912340568999893908e-01 2.087112831119750100e-01 8.967740200994049615e-03 3.156375991953333515e-01 -8.057756048093805967e-02 3.402146938305978391e-02 -1.209560592723143563e-01 -2.252542813115958886e-01 -4.065389676946368769e-01 -1.998763817666499298e-01 -2.954654179514117907e-01 -1.799644782603357085e-01 1.186697107098261782e-02 3.817751685213400803e-01 -3.074163256587610915e-01 -2.537193245207424591e-02 -3.888845417538079885e-01 -4.363104013601998982e-02 -6.301230570956789512e-02 -2.552632894653374396e-01 2.003616447210481710e-01 -2.690926916475519515e-01 1.679999603598895663e-01 -1.485333169479955140e-01 1.385526877413937041e-01 -1.101790351311499605e-01 -2.616696338496108873e-02 1.361449895214805750e-01 -1.610832679070162976e-01 3.253624741535016685e-01 7.352397776945115981e-02 -4.337579127501333121e-01 -1.728112387875710698e-01 -5.542362589069000506e-02 -1.885827049034072833e-01 -1.872167809296710586e-04 8.303414687452329024e-02 -3.033326260002388794e-03 -2.739980825728245972e-01 -2.957119754134412970e-01 -1.711896717374921939e-01 -3.856953697741132281e-01 -1.863769590468105156e-02 5.152311021775266703e-02 9.963405175529960189e-03 2.249229577410985781e-01 3.776393385630478772e-01 -4.507352820483183364e-02 7.432416459193291747e-01 1.436409248226632185e-01 2.490958611814712287e-01 1.128303842567754817e-01 -1.100388287057976477e-01 4.658527845454289995e-01 6.396728566694631635e-02 -7.253745954389230477e-02 -1.690225369524112342e-01 -3.468521441669853989e-01 -1.870503007574165211e-01 -2.078553959704925735e-01 -3.778438641079468613e-02 1.365696874029071750e-01 -2.864616539904343145e-02 -9.118859151214955480e-03 -2.916882997251176723e-01 -3.138619379115455965e-01 -2.591136411769652259e-01 2.532925191276774388e-02 -7.183645556605089411e-02 -1.746681134533590862e-01 2.169672151501759183e-01 -5.529872073358222534e-02 -2.479764650224784706e-01 -1.223248605078356838e-01 -1.786964871419552403e-01 2.888174910512182336e-01 -2.366588577958526063e-01 2.462817793780629483e-01 -2.196584966403708206e-01 -2.028071656481647833e-01 -2.383607273556524464e-01 -2.320990256866399259e-01 5.953082873208893205e-02 -1.253711362825271625e-01 1.483594881090683215e-01 -2.490103339000687352e-02 -1.529193832634197503e-01 -3.695117149201049833e-01 -2.153035247047995968e-02 8.795991641826998719e-02 -1.924437322487770885e-02 -3.057210335767984732e-01 -2.200715172398615693e-01 -3.093241289026205654e-01 1.317356801071952466e-01 1.441675517402415396e-01 6.889425540300929407e-02 -1.190860347488238991e-01
4.050054785947120872e-01 1.000000000000000000e+00 5.074137521186948829e-01 5.745827823224001207e-01 3.618790815575188557e-01 4.105536416908368569e-01 1.686237137556828303e-01 5.702166200195777357e-01 1.409497470888921022e-01 -1.061127684618014405e-01 -2.507192866444571955e-01 -5.163615360379811975e-02 -7.017306077600789227e-02 -6.605602435920059079e-02 -4.906856637765933532e-02 4.640950448659544314e-01 -9.340563919738767429e-02 1.795150222550570274e-01 -1.088559642703457730e-01 -4.975580254593981594e-02 -9.716155390334110797e-02 -6.601892130947427384e-02 1.426083597191855554e-02 -1.561382182816778708e-01 1.349893758892856399e-01 -4.817598515702943562e-02 -5.244966222890926066e-02 -2.515834260776220743e-01 -6.679931816111392417e-02 -6.812211025792518082e-02 -5.266577357799284015e-02 1.357027582061543225e-01 -1.365814798774528660e-01 -2.685063690521645174e-01 -1.870566481800867431e-01 1.080974988040163121e-01 -1.092426559784788059e-01 -4.120108517909207291e-02 8.113985283420459271e-02 1.629402361803279076e-01 -4.093252782066730822e-01 -1.902891983821173305e-01 -2.002152031313566560e-01 -4.011068313645672068e-01 1.619604034690138444e-02 -2.343499385629727594e-01 -2.819333921676479005e-01 -1.900760433610203248e-01 2.284988718316786904e-01 -2.183805171055892280e-01 3.936421666586801815e-01 6.869066896861316662e-01 3.101412709640944398e-01 3.281383946579060629e-01 3.701455103552500625e-01 3.945343112590570245e-01 5.541543698965498699e-01 3.220581852384504784e-01 -1.033552493264215527e-01 -1.800697905158821777e-01 -6.358444830054371666e-02 -4.049504108983888184e-02 4.603333124301415419e-02 5.880654978912953218e-02 1.102027120569097213e-01 -7.206402528270886010e-02 -1.417806048075607450e-01 -4.059946822616598144e-02 -9.454757792318164988e-02 2.683486833347794587e-01 -9.027531513131599808e-03 5.383926354559389477e-02 -1.188328095730731629e-02 2.038998522171341088e-01 2.399346551202957353e-02 5.626668181342527400e-03 -9.154893950556183130e-03 1.562510309830642541e-01 -5.465463653277257555e-02 7.899705953931551727e-02 -6.637644948896113950e-02 -3.343365691678009677e-01 -1.190608358304580811e-01 -6.002046177490429069e-02 1.289052213313745809e-01 -1.299834616768344164e-01 5.288385641374423671e-03 -1.952325408001717721e-01 1.226561428186909858e-01 -3.338865962113616859e-01 -2.087245123284175163e-01 1.126990630962125539e-01 4.329059804264642070e-02 -1.404009592516404781e-01 -9.730669222274933305e-02 -3.038261181487161289e-01 -9.478369627354700511e-02 -1.935941287562855107e-01 1.970606239579652808e-01 -2.164896550770124550e-01
4.912340568999893908e-01 5.074137521186948829e-01 1.000000000000000000e+00 2.066995640100304510e-01 8.519939582797488031e-02 6.845478144189250935e-01 2.672939615987784401e-01 3.641639349847080043e-01 4.175093661988090732e-01 7.150146679870547639e-02 -2.595550745375599933e-01 7.030865015746291802e-02 -2.002783222226835469e-01 -1.392299863611144162e-01 -4.888195580416764691e-02 4.050566065482549272e-01 -8.104223624750972466e-02 7.294207825481509137e-03 -2.763949852232550075e-01 -1.224422427354357051e-01 -1.250466552089367356e-01 -1.646570324039685618e-01 2.282977784687732214e-01 -1.256362427386095194e-02 3.388888693451339584e-01 2.179021406006876466e-02 -8.025219769385563695e-02 -7.972787922164487062e-02 -5.624344418257015005e-02 1.282964345419490559e-01 -2.001880346597455507e-01 3.423997106019553427e-01 -9.073691796893518235e-02 -3.929112318798189674e-01 -2.496845121678891999e-01 1.566018499627311877e-01 -2.140231568004283824e-01 1.134054585576303731e-02 1.609036736390257183e-01 3.075648372258599772e-01 -4.922236984127658088e-01 -2.787271646068654740e-01 -2.131114030048119334e-01 -4.962452714725970604e-01 -1.812464038312076031e-01 -2.201191409036203916e-01 -2.024071357576414376e-01 -5.360345734513526778e-02 3.283274009789201586e-01 -3.685349693246102731e-01 4.064676371528631038e-01 3.789801776348795670e-01 2.806016171955202920e-01 -6.725277422043280523e-03 2.233818589655702236e-01 7.193803772230618065e-01 3.503149021866346913e-01 3.119410944079399894e-01 1.403584150040727840e-01 -2.161906928876985989e-01 6.579728912540798447e-02 -6.453465734141133892e-02 1.054176230662350056e-01 1.237319574547443568e-01 7.610764127096178444e-02 2.220703338276536556e-02 6.942113424310838998e-02 -1.383641527480811151e-01 -2.454971276320254137e-01 4.032294075843773085e-02 -1.804602647478058264e-01 6.818718517690642612e-03 1.522380295335751532e-01 1.746081015882280374e-01 1.221996619244679755e-01 1.526591582066040564e-01 -3.641562844338976784e-02 4.089631867558725653e-01 -1.978538872474430443e-01 2.570598870364737554e-01 -1.303416251158613370e-01 -4.392954812946369136e-01 -2.205421969956251338e-01 -1.122271759857422641e-01 1.143113731836054164e-01 -2.253235375659358164e-01 8.855040696648608378e-03 -7.482698277126351161e-02 1.804579167342173010e-02 -4.128985396468340396e-01 -1.651240553363390595e-01 2.282806789533301239e-01 2.217205995484502201e-01 -1.605272318168398660e-01 -1.262298354242283038e-01 -4.074082394792876705e-01 -7.728944843689135313e-02 -1.248948765305311209e-01 6.704771682888850670e-02 -3.717136173675066879e-01
2.087112831119750100e-01 5.745827823224001207e-01 2.066995640100304510e-01 1.000000000000000000e+00 6.465880622946148515e-01 2.405939950689339191e-01 1.670327848655377145e-01 6.073809071652553904e-01 1.000302262955088256e-01 -5.237176890301053350e-02 -1.513245979225369131e-01 -1.281876427761830667e-02 -3.595173262799329639e-02 2.908151532318220198e-02 -5.135817869425227805e-02 4.682788074085567631e-01 5.837698912260808060e-02 1.538063917406729542e-01 3.392039862056756006e-02 -1.746608796026208610e-01 1.095293100620399335e-01 1.497691249547046521e-02 6.141080747808676937e-02 -1.787302413197015272e-01 3.600143553624553933e-02 -1.046936674397585809e-01 -1.281630285065172015e-01 -3.130884232221800567e-01 7.320763098942577318e-02 -2.152457074773410917e-01 -1.846901460320876376e-01 3.485791470736412240e-02 5.861332826863327461e-02 -1.788223610519259696e-02 -9.020215489303122502e-02 -2.439875379428171898e-02 -1.124077788424175245e-01 -1.429307206210796155e-01 -8.979458407949431065e-02 1.073483747225268820e-01 -3.237386380759068594e-01 -2.588381973266677960e-01 -2.408584758373117918e-01 -3.563946349162021576e-01 1.812618245431022249e-02 -3.046175432836788488e-01 -2.803023853571374180e-01 -1.956604342083073100e-01 1.996566235194368044e-01 -1.996338634116537614e-01 3.137419403618227354e-01 5.586265341218968894e-01 4.966411102510640552e-01 6.966043588057212466e-01 4.122628360332818431e-01 1.429655139653547846e-01 6.113279889398376410e-01 3.407298690160807109e-01 -9.146153760527121757e-02 -1.230785834546340718e-01 -6.929309074108042088e-02 -1.691498402517457866e-02 -1.177037345125974688e-01 1.052874665355162283e-02 1.556370799392871873e-01 -2.526503598739378298e-02 4.118485209955149301e-02 3.650586226327157818e-02 5.214135711598884282e-02 2.695371906082819624e-01 1.031767144678664705e-01 3.850376395013863778e-02 6.652439870871988681e-02 1.752884106640719142e-01 5.011431782513942751e-02 -2.075698367154839297e-02 2.728317413165954122e-02 -1.486437283813378529e-02 -2.715159567437274712e-01 -1.474149880969105424e-02 5.001273500173867258e-03 -2.608817905836153805e-01 -3.127665011247261484e-01 8.062010476107916990e-02 1.178674154490429726e-01 -1.680989905430990972e-01 -3.730898685232113959e-02 -2.433327393941043526e-01 -1.894140940267033738e-02 -3.016230340828596757e-01 -1.305313054147470286e-01 4.801842756301507448e-02 -8.746816037546455147e-02 -1.433001942344400981e-01 -1.452549375821585720e-01 -3.230920828972188574e-01 -2.092531951854448291e-01 -2.403522714161703266e-01 2.075004093321947407e-01 -2.396513856991792646e-01
8.967740200994049615e-03 3.618790815575188557e-01 8.519939582797488031e-02 6.465880622946148515e-01 1.000000000000000000e+00 2.103348135918894080e-01 3.311953070854103259e-02 4.192142546336813380e-01 1.287774179756728810e-01 -1.026370297763738032e-01 -1.130392900622267105e-01 -8.119314823057691144e-02 -4.235685127530203903e-02 -1.236730104134029923e-01 -1.586202697357155800e-01 1.177166093478941994e-01 -6.825443491256773243e-02 1.168731076340683295e-01 -1.044305513573396127e-01 1.185618792607474707e-02 1.160024701906565633e-02 -7.969838553434292761e-02 -1.013342323543111045e-01 -1.725641265545994341e-01 -5.789342539267201826e-02 -1.276133209331727081e-01 -1.827941557878496326e-01 -1.569087586962538972e-01 -8.844193491632013071e-03 -2.142879019922812045e-01 -1.090872068900009123e-01 -9.408837542755557615e-02 -3.892041094754847275e-02 2.996720374344766236e-02 -1.153734463964451173e-01 1.978511072628537093e-01 2.464227806084855893e-02 -2.023778431516358722e-01 -1.431033736320389826e-01 -7.494466447353960448e-02 -1.578651317417037736e-01 -1.919223539458961292e-01 -2.735226684972990041e-01 -1.392087205796995186e-01 2.829178393272251905e-03 -2.548979576541946512e-01 -2.288546188055269326e-01 -2.223457191107251762e-01 1.886614948277769988e-01 -3.655340916612695445e-02 1.776591374437390056e-02 4.386581684205816956e-01 1.934181791430246988e-01 6.637146499752561990e-01 4.971319014062929309e-01 -7.062774726744725992e-03 4.229023826300228883e-01 3.274834380035493986e-01 -2.023740696926427385e-01 -1.443731225681831876e-01 -1.608473412303227379e-01 -3.465136637205549347e-02 -1.445869337348202055e-01 -1.825161469402049874e-01 -6.402800861732478588e-02 -2.245272610678804293e-01 7.243246651642512579e-02 -1.173495993804088144e-01 1.089220996980321682e-01 1.932767082883290188e-01 7.421936478302758322e-02 -6.911756757704363985e-02 -1.719256072138701796e-01 3.116680546742542704e-02 -1.284196173563180270e-02 -9.906031675457242780e-02 3.766186522227892713e-02 -1.504350048615078483e-01 -1.142623449727230844e-01 -1.167321338136770165e-01 3.842614411544970771e-02 -3.191014019923935074e-02 -1.907184019866446367e-01 8.469027045467543424e-03 2.572008774753563667e-02 -5.926918695964489975e-02 7.406852458888681101e-02 -1.499209735005124777e-01 2.133450651611791260e-01 -7.278577429103856578e-02 -9.242153118225228392e-02 -6.127561697890402531e-02 -1.463638187024675907e-01 -1.034125789450941607e-01 -1.097993268417389590e-01 -1.161658904967602240e-01 -1.486905698460851688e-01 -1.991084637879401154e-01 2.179558819962462424e-01 2.399574226047779257e-02
3.156375991953333515e-01 4.105536416908368569e-01 6.845478144189250935e-01 2.405939950689339191e-01 2.103348135918894080e-01 1.000000000000000000e+00 2.191730093394552992e-01 4.581588943789411950e-01 6.354694896423593864e-01 1.387069746650634872e-01 -1.506745185265673803e-01 1.146512689604157337e-01 -2.361369200477038410e-02 -3.546126644418995388e-02 -5.095469896398234499e-02 2.529814475798100037e-01 1.128535661817707536e-02 1.201042351193596855e-02 -1.237615314659240573e-01 -1.435661476130973002e-01 -2.042219287966529767e-02 -4.675759158976550145e-02 2.078827108064230100e-01 -4.229059703212827148e-02 3.140553747913196747e-01 3.495728747083495097e-02 -1.341986962247905812e-01 -4.118743327242486985e-02 3.406311946214941877e-02 2.334704872191396482e-02 -2.347882076266658569e-01 2.781930477209457742e-01 -1.169147552319157735e-01 -2.376702607603139450e-01 -3.022229163119068973e-01 2.565500080212034795e-01 -1.869499076756117317e-01 -3.378641368729105865e-02 2.894533994154935633e-02 2.010489665975034035e-01 -4.759987002671195455e-01 -1.538713142160879621e-01 -2.765621355030961626e-01 -4.391455523892657808e-01 -2.411566313228820091e-01 -2.781249197989978938e-01 -3.150989970540339913e-01 -1.449294567931937172e-01 3.454377238700093722e-01 -3.567860042339658921e-01 2.730450575606017116e-01 4.032091395724145544e-01 1.849072766991374794e-01 1.173746422212410857e-02 5.365273630742457556e-01 7.513832326435335718e-01 4.525954183576653689e-01 4.968750291391392793e-01 1.391210498655011396e-01 -1.423520453608985992e-01 7.361362222559311719e-02 3.939175417118758599e-02 1.460263932073030679e-01 7.863911474067031282e-02 1.654361729030479899e-01 -3.011489992592217280e-02 1.337105534504587911e-01 -1.931908848362673273e-03 -7.715383351033677783e-02 7.436128695403056155e-02 -1.037030651710872803e-01 9.954418952667479226e-02 1.278270941162118757e-01 1.808431345025489079e-01 1.333153480476683694e-01 1.734147808457563722e-01 1.467485522699633060e-01 3.522673520039694695e-01 -2.001915491467575470e-01 2.059866682710628227e-01 -5.287099576970325648e-02 -3.926639226632503976e-01 -2.490502264630694018e-01 -1.172318983272939291e-01 8.743480047623236606e-02 -1.562103113118290532e-01 6.218608498576675553e-02 -4.296253518569900093e-02 1.582816139372723307e-01 -3.110815352408013990e-01 -1.529690784746631782e-01 2.241864012560683406e-01 1.345904419915479600e-01 -9.096354951954523094e-02 -2.165719463496903335e-02 -3.946565279763271095e-01 -1.591277239182493086e-01 -1.796776376875802161e-01 2.759911064918153523e-01 -2.883277112313419877e-01
-8.057756048093805967e-02 1.686237137556828303e-01 2.672939615987784401e-01 1.670327848655377145e-01 3.311953070854103259e-02 2.191730093394552992e-01 1.000000000000000000e+00 3.166431449307655632e-01 2.438632093582463189e-01 4.673253990074399677e-01 2.111087777717636227e-01 4.383263304955815620e-01 4.133176656961528271e-03 -2.910799200666366535e-02 -7.172085023056237740e-02 3.162880576000114408e-01 3.818202742982109710e-01 4.913668257097999342e-02 6.025169165983287889e-02 -2.554215556207199977e-01 7.522129994338554171e-02 2.220967422337705444e-01 1.787214747404780868e-01 4.540232707700083692e-01 4.374704820426529861e-01 3.674600047608155284e-01 -3.539066884023392423e-01 -8.812927532860968804e-03 2.014345467401305045e-01 -5.885609812799309781e-02 -3.198858822541924413e-02 2.516697424741231592e-01 -1.654992093465703362e-01 -2.106666226921771745e-02 -1.215316056333859696e-01 -7.579567318876870297e-02 -2.351173176104929541e-01 1.095320568581222981e-01 1.037405804673455362e-01 5.116110397537428911e-01 -3.028064305590497662e-01 1.990658487829377599e-01 5.854658394797181836e-02 -2.224522406385446571e-01 -1.461475110432129132e-01 -2.873370934647746511e-01 -3.284431771129036060e-01 -1.438583201333885619e-01 2.068772099076792437e-01 -4.345690886941557807e-01 1.157837338553703160e-01 2.168007287673797412e-01 3.089013611535188497e-01 -3.868285658399551324e-02 1.815234904855398401e-01 3.717388852311799274e-01 1.836253688405823370e-01 1.878931624445813742e-01 5.117246852969284943e-01 2.711624775019369493e-01 3.858548172314283931e-01 9.599813615014905765e-02 3.694673597700345868e-02 -3.348659725402303167e-02 2.317475387847608634e-02 9.314562589793512482e-02 6.198341255543710071e-01 1.574192258480510143e-01 -9.697223573535523888e-02 4.654154982284705588e-02 -9.491027023671458340e-02 2.995860246953170325e-01 9.199251718694659297e-02 5.846881218554014215e-01 5.797827141607778678e-01 5.331804816743631603e-01 1.537337668238522304e-01 2.873014883742123771e-01 -4.497915591685370390e-02 1.916504406820621620e-01 1.810378140168853733e-01 -1.948830855070890766e-01 -1.772479490873895003e-01 2.011394106390589354e-01 3.168146915202591646e-02 -2.147800928717411850e-01 -1.618860485972473395e-01 -8.616301620463265656e-03 1.079145676901076267e-02 -9.819431371007450449e-02 -1.828808354310451981e-02 4.235051279874286756e-01 4.244354854612324424e-01 3.559477210806820668e-01 2.527291409331297034e-01 -6.565234679445559884e-02 -2.038938206991111890e-01 -2.135743499572837767e-01 2.413459937968889801e-01 -3.086216128381542578e-01
3.402146938305978391e-02 5.702166200195777357e-01 3.641639349847080043e-01 6.073809071652553904e-01 4.192142546336813380e-01 4.581588943789411950e-01 3.166431449307655632e-01 1.000000000000000000e+00 5.508352840352814805e-01 1.364313450991493926e-01 1.724476837843530452e-02 8.298513344760465038e-02 1.587364540184108552e-01 1.868236070995464848e-01 8.297786223000731820e-02 4.072843340894693465e-01 2.868246321512387120e-01 3.465627872416285338e-01 2.492196746171464750e-01 -2.514404460218861992e-01 1.795246455402410568e-01 2.197189202880803494e-01 1.131278722838922612e-01 -5.228185478420908916e-02 7.159355102464623477e-02 4.946182248878697868e-02 -2.031012399455328354e-01 -3.100467771348561219e-01 4.791440699659924723e-02 -2.364649086524065469e-01 -9.544162406045339497e-02 -8.423622834862701941e-03 -2.396681370232187913e-01 5.525796408100371732e-02 -6.871603821852505234e-02 1.848689491146972286e-01 -2.174539838900775290e-01 -1.455349193746036940e-01 -1.293287255323476992e-01 1.609941143099511418e-01 -5.125496092657730873e-01 -1.553670821616309206e-01 -2.007457296312571415e-01 -4.681841704526000236e-01 -1.195207981183979973e-01 -4.422091682660443390e-01 -4.176289768495820010e-01 -3.375135179422000253e-01 6.966442510667508747e-02 -4.286775484333296693e-01 1.174114788163739265e-01 6.369945260806082477e-01 4.092199676919451856e-01 3.093675777401852511e-01 5.211866728621464828e-01 3.092696265955741097e-01 8.143786792223635107e-01 7.035460317104210715e-01 7.881287428543122531e-02 -3.395123376211790084e-02 4.536988323684303104e-02 1.616465625704306130e-01 1.347260595292366359e-01 1.569696665345494402e-01 3.605958413304901633e-01 8.104810332904369141e-02 1.502964292495760634e-01 3.128143142727395354e-01 1.376800934538634225e-01 4.838662391967075149e-01 1.175233768607418655e-01 2.600219577919014036e-01 1.195714221243961983e-01 2.480095216021248605e-01 2.566212585659325973e-01 8.698312287036803758e-02 2.046082333988632485e-01 9.292168008449175343e-02 -5.618427561744197135e-02 -7.026496609016111283e-02 1.530550836088359623e-01 -3.525274864480705816e-01 -1.567090902118309925e-01 1.747168504758951080e-01 1.609003595606671444e-01 -1.310209244288627339e-01 -1.732574956433350355e-01 -2.124969707691647391e-01 1.213432115831880737e-01 -3.495726503900055127e-01 -3.465253215259389008e-01 5.498831860307631936e-02 -4.169287126623021089e-02 -7.582366471348055137e-02 -6.743697816597922501e-02 -4.303996442819326140e-01 -3.285916400003017768e-01 -3.410779356777307592e-01 2.016892591440875293e-01 -3.857233150234673502e-01
-1.209560592723143563e-01 1.409497470888921022e-01 4.175093661988090732e-01 1.000302262955088256e-01 1.287774179756728810e-01 6.354694896423593864e-01 2.438632093582463189e-01 5.508352840352814805e-01 1.000000000000000000e+00 2.580950766575332844e-01 8.907320909339556947e-02 2.069365743153186166e-01 1.672490526867988492e-01 2.292158389210781910e-01 8.226052917412393639e-02 8.151380365098860603e-02 2.830622000216086454e-01 1.634765675413324681e-01 1.972381929742406392e-01 -6.695853597072132235e-02 1.870990068259446026e-01 1.190091355041089649e-01 1.386555865893684958e-01 -1.956609335453131371e-02 1.569786804618678033e-01 1.121657873682566364e-01 -2.739468510980225258e-01 -1.407749995608710003e-01 3.371151517681941073e-02 -1.940876706811143493e-01 -9.298479908808768291e-02 6.178217604789202483e-02 -2.173199023199810231e-01 3.918099902602487083e-02 -1.707573454602048235e-01 3.548895993140565031e-01 -2.050369086801087370e-01 -7.901626503957209779e-02 -1.055421011237348966e-01 1.452366180335684931e-01 -4.015319583282769278e-01 -6.204139557697017221e-02 -2.108192034614188304e-01 -3.239779648591052386e-01 -3.573475103925571328e-01 -4.128943487472735985e-01 -3.895690491392569399e-01 -2.756732679239557449e-01 1.345640991515794083e-01 -3.340262858845789440e-01 -9.524141926352239218e-02 2.937840044651613414e-01 1.871070534293060583e-01 -5.916262889868376812e-02 4.016662281162049486e-01 4.476552285143644561e-01 4.993463668687166401e-01 6.927240903475408995e-01 2.118632480768304627e-01 6.127489800136499271e-02 1.758731066782073804e-01 2.327805009638430345e-01 2.054194178738901477e-01 1.835567264977907287e-01 3.271919873796270140e-01 9.856534753162125850e-02 2.897829588249992150e-01 3.248094940947140463e-01 7.243885374170315472e-02 2.575737935695722181e-01 7.661751559276179513e-02 1.627808275462579168e-01 8.872359289661156667e-02 1.139197190355457356e-01 2.332990314770036766e-01 1.697092572472110039e-01 1.548172286314022650e-01 1.015539576119273563e-01 3.904268503528837697e-02 -1.758527696229187851e-02 1.796950386676938669e-02 -2.354106525151986873e-01 -7.384287300116769426e-02 3.227464777252131434e-02 -3.689299435588364734e-02 -1.966342109233376323e-01 -1.379289589477726286e-01 -1.933651721088618380e-01 1.707587069670357116e-01 -2.471276691284435278e-01 -2.468850789189269979e-01 8.705072402460904690e-02 2.871615842415042169e-02 3.580867456347036279e-03 2.446613011639181545e-02 -3.947718671509694577e-01 -3.918575611148446547e-01 -3.232803129136804232e-01 1.785093418700774703e-01 -2.938319339564671173e-01
-2.252542813115958886e-01 -1.061127684618014405e-01 7.150146679870547639e-02 -5.237176890301053350e-02 -1.026370297763738032e-01 1.387069746650634872e-01 4.673253990074399677e-01 1.364313450991493926e-01 2.580950766575332844e-01 1.000000000000000000e+00 6.439832310909422430e-01 7.512072880129280206e-01 1.570078787386784136e-01 1.208555518758583636e-01 -5.383037728079849427e-02 -6.019197715490479800e-02 1.920606634655025735e-01 -3.180517642371012976e-01 1.255786207251042008e-01 -3.310499929870254210e-01 -7.306158827216424623e-02 8.452596783520457957e-02 -1.360882150507116417e-01 3.698949670547077018e-01 5.842641960911879595e-01 4.169755445131521077e-01 -4.425421598828763181e-01 4.152328775404973138e-02 1.778847344578211170e-02 -6.693009208941066990e-02 2.716747725013230613e-02 3.972291598712858196e-01 -1.919059723844577375e-02 -1.819146191431559867e-01 -2.868261067780465412e-01 -1.344516049584777162e-01 -1.755035036706794893e-01 3.901008834022707261e-01 2.632498481384552003e-01 5.187015430288988149e-01 -4.499818049082493499e-02 4.333665696054855854e-01 2.127281626103958156e-01 6.617830464651743017e-02 -2.275151319832233732e-01 -1.666837207893163975e-01 -2.109385202305169293e-01 -1.625597535712709485e-01 1.650321310305704614e-01 -2.700977237206856341e-01 -8.393701324425453456e-03 6.237337794605614383e-02 7.778610699839677567e-02 -1.516845988784688570e-01 6.468005992474755439e-02 3.293268772116898502e-01 9.621422742819105145e-02 1.193249197462397243e-01 8.107758186804683298e-01 6.660306535481294032e-01 6.470665257983259089e-01 1.851992818530269203e-01 6.314349544624683896e-02 -4.334521234278217172e-02 2.948547667303425684e-02 1.636181282070981180e-01 3.504190500227658545e-01 1.063476642034488218e-01 -2.849150882231577531e-01 -2.331936881948444840e-01 -2.711899669950310066e-01 9.425838929386212706e-02 -1.451954977528548962e-01 4.466943592290972820e-01 4.778110527207940494e-01 7.129286356795798696e-01 -9.659627458631757368e-02 4.143734049234953226e-02 -2.921485000301679395e-03 3.477622243368653221e-01 -4.513058365007045769e-02 -1.529292286923637778e-01 -1.706310858562328225e-01 -2.128547906903375045e-02 -3.486130205179606700e-01 -3.561135296704400210e-01 -2.028498829682062743e-01 -6.462076895669156829e-02 -1.010329050123844885e-01 1.524262847095922135e-01 2.549150936099574549e-01 5.478292920379198572e-01 4.870038145422568299e-01 5.241477751052343592e-01 4.161437413017187170e-01 1.438201789181458023e-01 -2.243982606242454492e-01 -2.722477177425793871e-01 3.108580729231896767e-01 -1.654920112916694885e-01
-4.065389676946368769e-01 -2.507192866444571955e-01 -2.595550745375599933e-01 -1.513245979225369131e-01 -1.130392900622267105e-01 -1.506745185265673803e-01 2.111087777717636227e-01 1.724476837843530452e-02 8.907320909339556947e-02 6.439832310909422430e-01 1.000000000000000000e+00 6.089005298999057292e-01 3.616707761129132059e-01 2.695092954300809529e-01 -4.369750798001391379e-02 -3.442243149509205402e-01 2.697431383990065434e-01 -2.838790462615231047e-01 3.221178187204095655e-01 -3.144569512156186186e-01 -1.435687164701674734e-01 2.733132857451717745e-01 -2.170841440578591686e-01 4.513555975979402501e-01 2.276594104170884536e-01 4.873609538519841911e-01 -2.478269794283654293e-01 1.567348222352802911e-01 -1.201440174454415782e-01 2.005535484952076716e-02 3.489424701159767744e-02 1.066986356739355879e-01 -9.616608387206058983e-02 9.232634078614009379e-03 -6.366545104113716103e-02 -1.327299811441890465e-01 -1.178389469296638181e-01 3.400568772889537850e-01 2.040341904035790355e-01 2.303901008515460425e-01 1.510886039659539992e-01 5.534330054229583684e-01 3.675610709657460284e-01 3.508999381505898407e-01 -8.730194855731163162e-02 3.275904207332297480e-02 -2.271396593746530246e-02 -1.726195035119632848e-01 -1.380666540525264385e-01 -1.104897119103197406e-01 -2.320709257031596806e-01 -2.765603491302545333e-02 -1.605455346325018462e-01 -2.134496991327441417e-01 1.027828169555080745e-01 -8.789980107386069497e-02 -2.717586469179794975e-02 9.073565290037470532e-02 5.650017045034431140e-01 7.826425714406252121e-01 5.369661101408281789e-01 2.953044514433393330e-01 1.266707600192238659e-01 -5.583568603992081908e-02 1.636109941978106108e-02 1.202814005717003920e-01 1.224300647652206281e-01 1.972446566053059624e-01 -1.769567883509798323e-01 -2.714894428292338180e-01 -2.793315706791028585e-01 1.378415290667377169e-01 -1.965567768881426591e-01 3.148933255214512728e-01 4.348548802458740425e-01 5.139856538756560900e-01 -8.343586019419782507e-02 -2.337637088432008292e-02 5.533811077825358249e-02 4.160722464343551141e-02 2.663260466724506545e-02 -3.155071663151064881e-02 -2.516445942696996299e-02 8.881505952531174031e-02 -2.877504861500195243e-01 -1.200114543517190324e-01 -2.891615341540936801e-01 1.067564576750701377e-01 -1.331545487007680106e-01 3.417162970287528911e-01 1.501665506967789498e-01 2.553822122505355341e-01 2.318170848510872073e-01 4.801914219018056373e-01 3.907077230436076243e-01 3.214632893665053670e-01 -1.019791144677502925e-01 -1.804406941058343816e-01 2.094531121284129993e-01 -9.252849178057646158e-04
-1.998763817666499298e-01 -5.163615360379811975e-02 7.030865015746291802e-02 -1.281876427761830667e-02 -8.119314823057691144e-02 1.146512689604157337e-01 4.383263304955815620e-01 8.298513344760465038e-02 2.069365743153186166e-01 7.512072880129280206e-01 6.089005298999057292e-01 1.000000000000000000e+00 2.131686515967620710e-01 1.310052810024563974e-01 -6.447351892356221505e-03 -8.197993903452197029e-02 2.775437806154656961e-01 -2.220072290695825068e-01 1.088380488921374262e-01 -2.098211145681009027e-01 -2.300944699240984118e-02 1.257110381153388468e-01 -5.913699096306943015e-02 4.529892238237627211e-01 4.638088826112245489e-01 5.740194059768314316e-01 -4.288717389446330963e-01 3.329867208804209583e-02 4.361850360658113199e-03 -2.143020783592887012e-03 -1.540818719778119517e-01 2.644374780158436078e-01 -1.383775584719544316e-01 -6.844326016839555327e-02 -2.565006332919689824e-01 -2.525683060627386192e-02 -2.107553131270978042e-01 1.782901042949844306e-01 1.234549293141417731e-01 3.629117020636027924e-01 -1.467609547933025060e-01 3.436346171132652061e-01 1.688292661603459366e-01 1.711885997272240278e-02 -2.208341787932689981e-01 -2.433943472360864946e-01 -2.909927945627540646e-01 -2.168322281612175551e-01 1.440827300623269691e-01 -3.405754562224106441e-01 -1.927553553669309611e-02 6.590189820182995595e-02 1.973734735811413787e-02 -5.781500283756709629e-02 6.531614341577511584e-02 2.411547665481184322e-01 2.962175944763171739e-02 9.058865354816079962e-02 6.755973938536128376e-01 6.942542544950163208e-01 8.191964223237919729e-01 2.416073452068422112e-01 1.632051677544616719e-01 -4.213490290219604889e-02 2.107154000065575988e-02 1.539499049304492995e-01 3.106709411213168792e-01 1.311851385597492259e-01 -1.547515362615390633e-01 -1.775127177483444840e-01 -1.574213216298128437e-01 1.645321706331149825e-01 -8.113021883917741206e-02 3.388647345670428024e-01 5.913206873282560450e-01 7.600993896380383585e-01 -7.904249144122768578e-02 1.422091575019430454e-01 -1.101184054511622906e-01 1.979843439864439059e-01 -2.265677461785742600e-02 -1.794846337156098814e-01 -1.828446362366046851e-01 7.425782559937552096e-02 -2.331880844984458856e-01 -3.173788966290643221e-01 -2.903354684765651617e-01 -7.359685924237682753e-02 -2.406576306612602523e-02 6.053694205932878131e-02 6.849061009477161455e-02 4.107000716578196320e-01 2.814208858956150916e-01 3.726295754831118745e-01 4.536482935627412227e-01 2.462807709531985093e-02 -2.732851446304986887e-01 -2.861070408441132584e-01 3.247664412552342950e-01 -2.366182480688024670e-01
-2.954654179514117907e-01 -7.017306077600789227e-02 -2.002783222226835469e-01 -3.595173262799329639e-02 -4.235685127530203903e-02 -2.361369200477038410e-02 4.133176656961528271e-03 1.587364540184108552e-01 1.672490526867988492e-01 1.570078787386784136e-01 3.616707761129132059e-01 2.131686515967620710e-01 1.000000000000000000e+00 6.287909092395267407e-01 2.281650594303705204e-01 -2.134418268214317849e-01 3.914390369956056159e-01 2.062386286270323846e-02 5.134437003610629047e-01 -8.958172794410899920e-02 1.139635055644760801e-02 3.739647408669297124e-01 4.592320526865174141e-02 1.930971941879989218e-01 -1.807856716676378150e-01 2.627686453840504810e-01 3.914157224309661176e-02 7.977934799171892966e-02 -1.120024339701682255e-02 7.788560596010195292e-02 -5.290523158580016233e-02 -3.240181268840640616e-01 -2.984701552246573075e-01 1.215563739053414777e-01 1.185417236899319327e-01 9.404834860240894601e-02 -1.224321025418703690e-01 -8.170951072056256703e-02 -2.038615169565945739e-01 -7.876667388807147285e-02 -1.196295377779661856e-01 9.902040290124126953e-02 8.082437857645730084e-02 1.231694442032803677e-01 -1.428821347742432113e-03 5.950702853435907436e-03 -1.028746612490661488e-01 -7.941852446019974365e-02 -1.188387620822547452e-01 -6.270285987661010363e-02 -2.468827287270741466e-01 1.137441702861970855e-01 -4.232278389279541669e-02 -8.978770931014591616e-02 1.724129127372606152e-01 -1.439666852144247111e-01 1.705197398001516429e-01 2.619290161723541455e-01 1.869881192498099587e-01 3.873846286166824360e-01 3.467290312207048086e-01 7.545991937770163416e-01 5.908525435036157125e-01 3.128775806126667391e-01 3.573803860033665236e-01 1.781377157579173143e-01 -7.712149650197420991e-02 5.431497886801797126e-01 5.366721153354587354e-03 5.293172917766824498e-02 2.220361417609134635e-02 2.360768016895745114e-01 4.537577981310261105e-02 4.320499333862709568e-02 2.342754925557886669e-01 6.892266436860411405e-02 1.018620654481258575e-01 8.890920091762863353e-02 6.531052406911895536e-02 -3.017878218402366142e-01 -7.864916401207054653e-02 -1.558751047860127970e-01 2.231919892437363856e-02 1.522480047249760993e-01 2.558051368397497652e-02 2.636441922036879271e-02 -2.331077365204414775e-01 1.311445411396105765e-01 -1.812721713088541811e-02 -5.218751653349358588e-02 -3.006309722699995191e-01 -1.966585360966354445e-01 -1.767015175447178010e-01 -5.983165935161397679e-04 -3.721501410196467047e-02 2.947324186325169654e-02 -1.041794022440395290e-01 -3.455363897006241691e-02 1.496644349051541312e-01 2.650548539201076290e-02
-1.799644782603357085e-01 -6.605602435920059079e-02 -1.392299863611144162e-01 2.908151532318220198e-02 -1.236730104134029923e-01 -3.546126644418995388e-02 -2.910799200666366535e-02 1.868236070995464848e-01 2.292158389210781910e-01 1.208555518758583636e-01 2.695092954300809529e-01 1.310052810024563974e-01 6.287909092395267407e-01 1.000000000000000000e+00 5.561962722556901273e-01 -1.096606863763156248e-01 4.378484179594288594e-01 3.773235591291728558e-02 6.773579387850584554e-01 -1.574371122741662077e-01 1.637055966386432027e-01 3.259967659658179473e-01 1.825803090700965359e-01 6.232508547757253936e-02 -1.479028279713617833e-01 1.451064485546283422e-01 8.398755298667691382e-02 6.863008542050749727e-02 1.040825025586825520e-01 1.271195970698496824e-01 -6.061585831514571671e-02 -2.263087751966304517e-01 -1.278786983199167449e-01 1.577659070137046315e-01 1.233392548856827170e-01 -5.458819271377255040e-03 -1.392469546313383488e-01 -4.916854814094890475e-02 -1.173986636386632337e-01 -5.190647502301147520e-02 -1.446771507970215087e-01 1.905011841935191561e-02 8.764941861626698860e-02 5.622439114799768212e-02 -6.621340158004573873e-02 3.848079669025683547e-02 9.000629655097609413e-03 8.507078714405795494e-02 -1.002000268209322781e-01 5.438030206499904363e-04 -1.313935486036886535e-01 2.206162205723089659e-02 1.084712057405401026e-01 -1.023694657834658267e-01 4.390204970087484282e-02 -9.108423378792800118e-02 1.698079729963385409e-01 2.556521560335318632e-01 1.828130833969544011e-01 3.318936199176894530e-01 2.532719740247373341e-01 5.416058147255308208e-01 5.402515707095472131e-01 6.452908814872981846e-01 6.465469883085103175e-01 5.241073769479772659e-01 -1.447172311151549706e-01 6.174778868026593592e-01 -2.117941433510045143e-02 4.701964931181069896e-02 8.925162014367077346e-02 1.681222464808051764e-01 2.606767899166004265e-01 2.386288111086379629e-02 8.562938979306933263e-02 -1.042367941226375778e-02 1.250499307613534561e-01 1.333991428127890289e-01 -6.477991087138139370e-03 -2.368656312370666095e-01 -1.561729583141578948e-01 -1.826581346107780668e-01 -2.414805797633155435e-02 8.065076365573314865e-02 -1.574489607546681030e-03 -9.744365575998770873e-03 -1.450843624564798762e-01 1.125314127434663691e-01 -1.505134856629194440e-01 -2.105522938412336675e-01 -2.889338510410964234e-01 -1.727172634448415345e-01 -1.409788842822201349e-01 -2.765044913811862126e-02 -1.497554853427973398e-01 -7.834137210777442073e-02 -1.300471513524046052e-01 2.770400037514589645e-02 7.007140264713122846e-02 -9.616349468167613782e-03
1.186697107098261782e-02 -4.906856637765933532e-02 -4.888195580416764691e-02 -5.135817869425227805e-02 -1.586202697357155800e-01 -5.095469896398234499e-02 -7.172085023056237740e-02 8.297786223000731820e-02 8.226052917412393639e-02 -5.383037728079849427e-02 -4.369750798001391379e-02 -6.447351892356221505e-03 2.281650594303705204e-01 5.561962722556901273e-01 1.000000000000000000e+00 -2.088821275875712286e-02 1.124072483679142698e-01 1.771354293387026324e-01 3.114089510527277005e-01 5.402645945001802869e-02 4.875113904311785262e-01 -9.202317909082141645e-02 3.842635576823460464e-01 -1.502404692026091185e-02 -1.952140851476082961e-01 -2.012795942485890582e-02 1.113554421484092699e-01 3.990837791404583390e-02 4.544814310673294666e-01 2.013058262835998868e-01 -2.503571998573840898e-02 -1.435249741122683331e-01 -1.183207182888607878e-01 8.887392457499437848e-02 -7.325133035375917812e-02 7.776776047871999942e-02 -1.517913382536490406e-02 -1.472005254757384196e-01 -1.507871860591518953e-01 -1.157975251546390916e-01 -2.010803141981238051e-01 -2.367230878014386641e-01 -1.918466537344321599e-01 -1.925069377536119952e-01 -3.216578648515001221e-02 -1.844216201697978716e-02 -2.589762016677648465e-02 1.965422727356928856e-01 7.804130407780407799e-03 5.252913161139716181e-02 -3.615130604820810528e-02 -1.102748776369158468e-01 1.614069456237623296e-02 -3.876672910285321877e-02 -1.690725227479490667e-01 -1.488207339981713513e-02 2.892497670212785393e-02 7.583142567882077134e-02 -6.260206526244146974e-02 -5.663862834310620133e-03 1.106712476001359691e-01 1.133279130809239227e-01 4.425225447477094676e-01 5.749502253422884568e-01 6.013141639108505743e-01 6.967782783134269797e-01 -1.208323710921103272e-01 2.221929412253496328e-01 1.078950772881778764e-01 1.847585344898255988e-01 4.089481661113664179e-01 -1.447225848595725950e-01 4.142388347647009139e-01 -9.424697430681085175e-02 -9.731739026432442707e-02 -1.475693457226681937e-01 3.004100222029218448e-01 2.253528163342956026e-01 4.550598310777815431e-02 -9.285103305178134259e-02 -8.335306296123641545e-02 -1.419342510362465448e-01 -1.030219446670082167e-01 -1.413618687109975403e-01 6.402191359749444255e-02 -4.740740428616278812e-02 7.173769906631334570e-02 5.800285003987810592e-03 4.861611591946796845e-02 -3.013335589591381036e-01 -2.804974542888831190e-01 -2.566169334824217607e-01 -1.598843363573644039e-01 -2.832748204300518102e-01 -3.371488746141752535e-01 -2.357887607386077722e-01 -5.229046969132601641e-02 1.293178495418620955e-01 -4.018821695936405924e-02 3.213147744603945394e-02
