1.000000000000000000e+00 1.188038451171748444e-01 5.956407177189494417e-01 8.806929062438351163e-02 9.697123310494808190e-02 2.012861348105106363e-01 7.232233647813569866e-02 7.941786142015672123e-02 2.244271057039854984e-03 -6.776141607520353750e-04 4.338096456347383112e-02 1.392909470752123624e-01 -1.239136635749908399e-01 -1.310596340560545581e-01 -3.601919785917299943e-02 2.952166918045844857e-01 -1.031345559385483668e-01 -4.580873461415558429e-02 -5.799184272515854610e-02 -2.706497668234034704e-01 -6.431290237640070739e-02 -7.219801779682459564e-02 -6.776458992415107518e-02 -3.691245881435869375e-02 2.969298913426093312e-01 1.333773366191049747e-01 -2.085430086272830885e-01 7.708087093936240308e-02 9.996508950192707632e-02 -1.742522664587739870e-02 -1.921806597194435084e-01 3.371717255138960145e-01 2.020786853833046043e-02 -4.008824177136934702e-02 -6.834418523194747686e-02 -7.237438513067102897e-02 8.295171867833205093e-02 2.058390722581468490e-01 -5.698003646880064887e-02 1.582070869571645944e-01 8.965665727995755091e-03 2.050065561089457200e-01 1.605987374366943041e-02 -6.448512994723816505e-02 -8.847246006834558196e-02 -4.135645277613957810e-02 -5.541779539496787671e-02 -1.153987622781436767e-01 1.365892783411525868e-01 1.703962870452076228e-02 5.881797257283185587e-01 4.171934757455240117e-01 -1.148123535696078251e-01 -3.474469813435308030e-01 3.363823084713097322e-01 4.556891649214559470e-01 5.852614795991034624e-02 -1.950548234560329705e-02 -4.111142177689601669e-03 3.691652120134544246e-01 9.270564810653052212e-02 -1.174085040066429747e-01 -1.373250280384759325e-01 -1.089417828245461684e-01 -4.209384359188109159e-02 -1.994445949791830847e-02 6.875573985175051361e-02 -9.497131221136639878e-02 -5.314059997119045115e-02 1.230347105663572027e-02 -8.049480104462063135e-02 -1.435733823244070007e-01 -1.219427810899408604e-01 -1.159024060331903007e-02 -4.214938210380390210e-02 2.735354121555015339e-01 1.461796465715878013e-01 -7.422060754526642323e-02 -1.321715628822066613e-01 2.890024533344323632e-01 -2.173120376183811930e-01 -1.764788754467300769e-01 -1.238832072244205051e-01 -8.119426012060151909e-02 -2.966800482289946861e-01 -2.687463782367843779e-01 1.406694358326351368e-01 -5.651759570626947032e-02 2.057251426496507427e-02 -8.060813701389120400e-02 -4.457409854040918218e-02 1.790436783666976839e-01 -1.620290803897370679e-01 1.760385110541854703e-01 1.600285259005629901e-01 -1.035800927555640266e-01 -1.736368081788686180e-01 -2.143006783266992732e-01 1.694316460454848294e-01 1.750864566068821571e-01
1.188038451171748444e-01 1.000000000000000000e+00 2.158178545273367333e-01 1.141666408731347032e-01 3.779241954606245568e-01 3.743353988706782931e-01 2.880790179125012895e-01 5.288976226728065999e-01 4.086132867583632811e-01 -8.440573595076387992e-02 -2.265137080617893595e-01 -2.490578515240201296e-01 -1.404525189197503021e-01 -1.236237855407318897e-01 -5.621018544382988535e-02 5.047729409061045835e-01 2.314966779745263265e-04 1.733527638679830118e-01 1.035299425521176847e-01 1.433029724279409611e-01 -4.580764837205281159e-02 -1.320308549845462254e-01 -4.438341800627693817e-02 -1.300970638923983624e-01 -1.537825089892539687e-01 -2.240391331530713626e-01 -3.120170951668859716e-01 -2.214095160128782269e-01 1.497198987267627478e-02 -1.559546688289835670e-01 1.468020281128058213e-01 -1.425050613841734037e-01 5.679814911946915595e-02 8.209969614876948263e-02 -1.838648638437427874e-01 -2.315030264653703679e-02 -1.503596957174303528e-01 -1.082179530200215317e-01 -1.274696700669539391e-02 8.982261428589656885e-03 -6.430725249223757933e-02 5.053798206846061430e-02 -1.361759765866195349e-01 -1.460102290590551688e-01 -7.289948936381090983e-02 -2.503578690334578583e-01 -9.729618915995047468e-02 -8.285469978928498846e-02 2.729240687015984657e-01 1.042117768330941413e-01 2.161911871077931702e-01 5.819303308949465015e-01 3.840722931420739172e-01 1.127757364252804095e-01 4.881804988217765540e-01 3.831879179624059217e-01 4.083561943652266324e-01 3.902460264498399667e-01 -4.881929102672907805e-02 -1.970449340885089412e-02 -1.962873733153041866e-01 -8.659555989758906114e-02 -1.389113800262311016e-01 1.013566382156400880e-01 5.420409705180335297e-02 1.429328956872985036e-02 1.805638077356707394e-01 1.306532766284128344e-01 2.607306498833652716e-02 2.064983065322265610e-01 7.991628163387105854e-02 -1.292311071831430958e-01 -1.639085483486605113e-02 1.757482960720264664e-01 -6.620505907344576002e-02 -8.099936919447640882e-02 6.809042724075461961e-02 -1.145357260941530508e-01 -1.091950508982964668e-01 -4.736719645304113269e-02 -1.339309264514939590e-01 3.159550864729830655e-02 -1.534657401293450518e-01 -1.350541394965988629e-01 -2.803375726812288860e-01 -1.515292571203225303e-01 -9.666770133126838423e-04 -2.106781176530187760e-01 1.214553753215848325e-01 -1.108779445227623256e-01 -1.562244695503094529e-03 -1.520243153692863239e-02 -2.868055946167021378e-02 1.341572884042072644e-01 7.973474075922882057e-03 -2.067174976494806915e-01 -2.230717741812568433e-01 -1.473185745752296494e-01 3.533713781974467949e-01 2.859995250042536921e-02
5.956407177189494417e-01 2.158178545273367333e-01 1.000000000000000000e+00 -9.306869695987791957e-02 1.085370309434773028e-01 4.681516749169253311e-01 8.834837201761822079e-02 2.847251832018771189e-01 1.788027578442737131e-01 -2.682133675278161045e-01 -7.800166600574913456e-03 -5.051015433973257002e-02 -2.208812934842974696e-01 -2.883256795628088565e-01 -1.520953031004322609e-01 1.646685576467909196e-01 -1.273532309820311903e-01 -5.543602690867691085e-02 -1.508125988324317546e-01 -2.396595455318859258e-01 -2.495223531051468935e-01 -1.014963224000888647e-01 -8.987651099687293810e-02 -2.923358064309408352e-02 1.212531127481303456e-01 7.529946421698333059e-02 -2.040496329452423374e-01 -2.563294079065435091e-02 7.237349915593933869e-02 -7.144602905872689258e-02 -3.365493336394791424e-01 3.809114676863527282e-02 -2.965335594304384093e-01 -3.713699465636779995e-02 -4.600932051522512237e-03 -6.130720037993440258e-02 -4.129947008879007037e-02 -1.538236620213428441e-01 -2.217198447782003090e-01 1.052267552872099138e-01 -3.474693911686893566e-02 2.583328765142786643e-01 -3.659569804248450492e-02 -2.917764393752411700e-01 -2.515584968092759999e-01 -1.113263201198499558e-01 -6.731039052456597171e-02 -1.148408938005380936e-01 3.053579121211778546e-01 1.093951067842139323e-02 5.269161122130183728e-01 5.798558440252878921e-01 -3.616899398318822872e-02 -3.851119246298019827e-01 5.194129131869615890e-01 7.088512558855224466e-01 2.476823100926243970e-01 1.338907448639505560e-01 -2.446414641607182194e-02 3.254295203676620396e-01 -2.433465228104570929e-02 -1.239475386239421856e-01 -8.310460181658227419e-02 -3.027505851716064816e-02 -8.883705712419052991e-02 -7.813901061325732866e-02 1.772572782542611858e-01 -6.298913455524116078e-02 3.846488279421982071e-02 8.331198605957697290e-02 -1.446538485216818659e-01 -4.360257993974398644e-02 -3.052380932498333435e-02 3.386269018940233494e-02 -7.268484325986070138e-02 2.238732380654676335e-01 2.929823061125904141e-02 -1.075850533543720594e-01 -3.481725415224464215e-01 2.238311091825347099e-01 -1.157792005607333613e-01 -3.404917586252009798e-02 -2.316240790112560899e-01 9.364603593607669085e-03 -2.635169511259231601e-01 -1.605613594562284585e-01 -8.752985272677074602e-02 -1.920060996222854310e-01 7.721461677529416201e-02 5.185476727256250334e-02 -1.111994294960971658e-01 2.591406771115209451e-01 -1.871749296768903947e-01 1.686383017583062416e-01 1.388139557470458307e-01 -2.953530466897541507e-01 -1.761287677287704523e-01 -1.060473584194050606e-01 2.643083080547541375e-01 2.320944280330483889e-01
8.806929062438351163e-02 1.141666408731347032e-01 -9.306869695987791957e-02 1.000000000000000000e+00 3.891808803128176120e-01 -7.903980268076307714e-02 -4.213108985338212542e-02 4.866323193618236898e-02 1.438498403706365766e-02 -6.660717412996203235e-02 -1.395913926477440337e-01 -1.488991959593300718e-01 -2.161825824035193411e-02 4.189860656243701853e-02 5.691706151885604636e-02 3.579174952665031828e-01 -3.680947381236943095e-02 1.300482813792959991e-01 8.627655060401291653e-02 2.153174690453155821e-02 9.391499582565265847e-02 -5.368027915773559283e-02 -7.596274762592418982e-03 -1.781075793229870974e-01 -5.101972604495113445e-02 -1.793534085718368476e-01 -8.688653300249046807e-02 -2.452034719556152598e-01 -1.034960303051102037e-01 -9.042177455376863848e-02 1.686446792123282579e-01 2.900948886565433704e-01 3.356917559584284838e-01 1.229154765002344329e-01 -2.596642422713477116e-02 -1.351559076975535900e-01 -1.823647975440005065e-01 3.934407330954911575e-01 1.279120477207520146e-01 -9.185632556192041553e-02 4.694985326656884311e-02 -1.698560416332265399e-01 -8.276263249467037675e-02 4.656623937067447261e-02 -9.618453066773928473e-02 -1.465236293102186171e-01 -4.902672869648155851e-03 -4.964996283008732414e-02 -9.394676982988654779e-02 2.564366469204487978e-03 5.307210477809044813e-02 5.190583764856445542e-02 1.774830136548833925e-01 4.379004365214730909e-01 5.760318744336487794e-03 -6.383163185753666646e-02 1.133926520788943737e-01 1.064360656088419732e-01 -2.718210483758201623e-01 -1.378674656635133500e-01 -1.819330801542979603e-01 -6.018628259993143159e-02 7.486276654549658439e-03 8.466328469483817842e-02 9.272322867533296098e-02 1.274316315428912771e-01 -2.142726002308017463e-01 1.294087024414100895e-01 1.182187628877510860e-01 1.682846998771540259e-01 1.519490522284342171e-01 -1.372980888902878838e-01 -6.646463712623605635e-02 -1.102546209341584704e-01 -1.325786343601039474e-01 -2.324857541680055983e-01 2.172163634662058196e-02 -1.126659667103697554e-01 5.058867058053439364e-02 2.044530830738048865e-01 1.189257568590733338e-02 1.339152479971283602e-02 -5.938357938982222889e-02 -1.833430145666541944e-01 -2.479598637329249178e-01 -8.140970017343673870e-02 -9.501112828348837192e-02 -1.703266284772108619e-01 7.629804337536980063e-02 -1.666189732345631780e-01 2.170119329617142129e-02 -5.446444022665121454e-02 -5.811187720858550232e-02 -5.669725973794481622e-02 -2.343896005938913008e-01 -7.324257654437210663e-02 -2.560607160554743134e-01 -1.590450957717111924e-01 -6.672096901903228072e-02 -1.875266020662156308e-01
9.697123310494808190e-02 3.779241954606245568e-01 1.085370309434773028e-01 3.891808803128176120e-01 1.000000000000000000e+00 3.880955035098462291e-01 1.310991300618837285e-01 3.458365423782879811e-01 3.711105225645950911e-01 -1.070544423097001541e-01 -5.437915301770342852e-02 -1.963628885085702269e-01 3.381908098357318954e-02 -1.144506926310552702e-01 -2.686884785297803946e-01 2.935796004972527351e-01 -5.565936443799502503e-02 1.013360341124871361e-01 6.692189552840986655e-02 1.375178989653820794e-01 -6.251307618243137632e-02 -1.568271634824085492e-01 -2.191962652914877241e-01 -1.714409934055878271e-01 -2.165302635395452979e-01 -2.849537694638361596e-01 -1.911029108536774768e-01 -2.896569154438646820e-01 -3.691314077448590997e-02 -3.486290861342228875e-01 -5.193530769419012899e-02 4.279090070971804105e-02 1.784492047295275011e-02 1.957491411456476621e-02 -1.298073174080634218e-01 1.172624620697183678e-01 6.336106528628056289e-02 -5.561123708311074831e-02 3.722857425081388394e-02 -1.107281789330876315e-01 -4.470715441133035761e-02 -2.441621497567012244e-01 -3.656606008872372304e-01 -2.155473301592921720e-01 -1.374393021417224248e-01 -3.923474288698658441e-01 -2.207958526240741126e-01 -2.384545411979182572e-01 3.721480401143317240e-01 1.783924916483749235e-01 1.245754803028960161e-01 3.729989750980730601e-01 5.298108038661154540e-01 4.938084683189324364e-01 5.123258215046974096e-01 2.972616743633025860e-01 3.952530984272119574e-01 4.253737566012059101e-01 -1.517205309825145898e-01 -6.034094980126039620e-02 -2.164476644126137883e-01 -8.615453834752265228e-02 -1.674767572567073537e-01 -2.370624274431985812e-02 -5.504764404696627783e-02 -2.145710288202117844e-01 1.486963803893965874e-01 3.804089824645939810e-02 9.433067183256961530e-03 1.669883129803321486e-01 6.538208815969988319e-02 -2.412082512087800334e-01 -1.695478912024953599e-01 2.245297682836665532e-01 -9.966615270881956645e-02 -2.642914558521247126e-01 8.020200521413850536e-02 -2.806955959070373541e-01 -1.216051839436410320e-01 8.757521158557150798e-02 -1.249080946973262635e-01 -9.320340052624589977e-02 -3.203479655428773110e-01 -3.597525518416126444e-01 -3.063676513139640956e-01 -2.392095673352747642e-01 6.551790618754518847e-02 -3.019238213937455173e-01 1.743192500245181187e-01 -7.146176854302768722e-02 -2.498525231183983120e-02 -1.626847451403077294e-01 7.855049562494088866e-02 -1.640706541752045000e-01 -3.764052092198073574e-01 -3.241310333093099239e-01 -4.186133237442696831e-01 -3.429984247475312831e-01 3.799913393517821980e-01 1.387949702111954398e-01
2.012861348105106363e-01 3.743353988706782931e-01 4.681516749169253311e-01 -7.903980268076307714e-02 3.880955035098462291e-01 1.000000000000000000e+00 2.935806309724509622e-01 5.474629947139024733e-01 4.492468145478450414e-01 -1.440630194850218426e-01 1.913776560408214991e-02 -2.274389181201666443e-01 -1.369369402704424636e-02 -2.451936807003426977e-01 -3.133367343665189875e-01 1.427787194691974015e-01 9.910484473559610583e-03 3.965564719486817241e-02 1.471723137312911343e-03 -3.860972202685285497e-03 -2.336649238198405532e-01 -2.795334191196853155e-02 -1.519278047269682352e-01 -1.194395233386286032e-01 5.998019672993351592e-02 -8.299936905347790606e-02 -1.831393909282994226e-01 -1.758018032565143995e-01 1.217390526534213591e-02 -2.633628288738662504e-01 -2.155027176321605287e-01 -5.128202770122822912e-02 -1.794349445505990237e-01 4.166761322944338708e-02 -1.581483200909848501e-03 1.042877500436919930e-01 -6.053086213591702541e-02 -1.376724601030149819e-01 5.608709030456136141e-02 9.441082213701723624e-02 -3.573292836246678289e-02 6.026167651824722304e-02 -2.096310144696431899e-01 -2.192330688119338289e-01 -1.272424434469802135e-01 -3.046714295022980301e-01 -1.414275381477403393e-01 -1.529195456920750817e-01 7.107695465067167540e-01 2.602269191305863205e-01 3.333599474820089781e-01 4.625778652199390995e-01 3.169696113137534521e-01 2.179043558071565995e-02 7.122981958360797838e-01 7.209590199079448647e-01 5.010687095190702323e-01 3.971463280453733091e-01 1.277500761151965369e-01 9.873803621621225421e-03 -1.856565140889132048e-01 -2.750342032816025309e-02 -1.521432512419786387e-01 -1.926132103612202343e-02 -1.728144864569905459e-01 -2.179014650503241224e-01 3.642676191376514883e-01 3.640542488084655415e-02 6.155894024716229013e-02 2.283507705421050082e-01 -3.766059269556716604e-02 -2.726865784565704609e-02 -3.858624526190882614e-02 2.259436749682834644e-01 -6.179673440828061665e-02 -3.612473627117123581e-02 -5.663007706799022545e-02 -2.433026794074480970e-01 -2.220771263758174463e-01 4.362375446483952868e-02 -4.908676045535195070e-02 1.265127600611844205e-01 -2.595400824199691758e-01 -4.883709342978698187e-02 -2.059912772588763097e-01 -1.698820166155724232e-01 -1.210632749463905755e-01 -2.147730727470772150e-01 2.003710071836751205e-01 1.046925125705124582e-01 -8.675123126073748525e-02 2.984705617731112093e-01 1.942259534665752019e-01 1.569848845371494828e-01 -1.379461055535875780e-01 -2.576732346645380090e-01 -2.392956645158458018e-01 -2.032982172940488164e-01 6.039619709674788339e-01 3.212843191952011734e-01
7.232233647813569866e-02 2.880790179125012895e-01 8.834837201761822079e-02 -4.213108985338212542e-02 1.310991300618837285e-01 2.935806309724509622e-01 1.000000000000000000e+00 4.568560349183977687e-01 3.990305198822364785e-01 2.698939270830041370e-01 7.136817600749215118e-02 2.355548738934367878e-02 -4.416250017361956354e-02 -7.588079961638929949e-02 -1.504978773921543667e-01 3.012129331014460898e-01 1.241221592703478094e-01 5.308776705816543873e-02 4.865479413094420114e-02 5.118356057575242438e-03 -6.962201569126150180e-02 5.431348339029631878e-02 -4.619707361989772859e-02 2.327522525295298295e-01 8.341552572096933016e-02 -6.029929057198941261e-02 -5.103988177382717817e-02 -3.922000083989286151e-02 1.005079076189560605e-01 -1.373702881810910936e-01 6.313735056267017094e-03 -5.250467374111883467e-02 5.971341031021180218e-03 8.574251483294004217e-02 -3.651930552914785244e-02 1.144546143254741022e-01 7.013953925189983507e-02 8.556458767365422713e-02 2.519442372835696831e-01 3.934947471824604137e-01 2.839768909685546627e-01 8.954705048915517773e-02 -1.071039599783751330e-02 8.334620844274076568e-02 4.851723688423531522e-02 -1.374608963971657993e-01 8.675119303864574360e-02 -5.561673766913982457e-03 2.563345003793693899e-01 1.670024999273014010e-01 -3.506164879279658614e-02 1.868134064217560342e-01 3.316958507232169173e-02 5.510936815503184212e-03 2.673465561590846473e-01 2.347893479520966331e-01 2.109297578751601066e-01 2.453962495833718338e-01 6.607641009325300463e-02 -5.154186360878508510e-02 -4.875720116626390023e-03 -1.148045802556528910e-01 -1.319571463900061359e-01 -1.132332548683601947e-01 -1.992132797441739933e-01 -1.796012393517674444e-01 2.843811084228052843e-01 -2.159678897375660878e-02 -8.872006320594720552e-02 3.950082727937864746e-02 -8.064197689419753956e-02 -1.144873764488134604e-01 -6.912001412865047267e-02 8.495138534298184163e-02 1.022509883980230599e-02 -3.343686627142238715e-02 2.569134989680622871e-02 -1.151607437047262317e-01 -1.342817985625376354e-01 -1.523330770262047162e-01 -7.828889359819643512e-02 -1.774446374320718875e-02 -5.056086716493222999e-02 -1.501584622444421258e-01 -9.313751679024874497e-02 -7.821798846653163495e-02 5.968858579479345561e-02 -7.150696721883539886e-02 -1.033949597968927478e-02 2.682692250064793935e-02 -1.028380126714894954e-01 -1.789711211647888323e-01 4.412045741753381489e-02 -1.809540334968264344e-02 -7.105966024341488045e-03 1.525635184313358164e-02 -1.113567216846944735e-01 -9.691115686166983101e-02 3.128030037477512737e-01 1.651491040835390001e-01
7.941786142015672123e-02 5.288976226728065999e-01 2.847251832018771189e-01 4.866323193618236898e-02 3.458365423782879811e-01 5.474629947139024733e-01 4.568560349183977687e-01 1.000000000000000000e+00 7.639607057792452416e-01 -4.731129937513364053e-02 -9.357567527864792123e-02 -2.335475210270634705e-01 2.911647071612862014e-02 -3.641235257575733270e-02 -7.253338619046605096e-02 2.865579227138940754e-01 3.040392750007833156e-01 3.166143794524391430e-01 2.008234654480122450e-01 1.907639923295350315e-01 2.051697864130473670e-02 9.999958431364468214e-03 -1.822253891064993386e-02 7.236724759350492142e-02 -1.607693292515747496e-01 -1.505419782982657662e-01 -1.769080795659663807e-01 -2.335996147072265938e-01 2.055814135975455870e-01 -1.783896978029643754e-01 1.397755996161128590e-02 -9.861945327168256115e-02 -9.765068291952036517e-02 3.166723023987852992e-01 3.051068239622418271e-02 2.320478949664167845e-01 -8.504872082467831995e-02 -1.191891421106797688e-01 6.574641825025816233e-02 1.843225017564791846e-01 1.711202770829733100e-01 4.948928335944936113e-02 -1.481720105195820369e-01 -1.928944538919336871e-01 -1.728182803329924785e-02 -2.567406413569956469e-01 -4.233559982089107887e-02 -8.880896668328158716e-02 5.017152270772998746e-01 2.948383984687398818e-01 1.671650974716429316e-01 5.252266952826090129e-01 3.382266881787570068e-01 5.778700860479746987e-02 6.036064096161616321e-01 5.413715887934512638e-01 6.615573125354026196e-01 7.249138276985576113e-01 2.869507380581638734e-02 6.861943421521109199e-02 -1.304725028589001912e-01 3.965597362937554882e-02 8.194470556955060769e-03 2.043527176543753765e-01 4.863274451141510329e-02 -1.779012224155829616e-02 3.335910048342820011e-01 2.834842696571990284e-01 2.427154784843578161e-01 4.750073932600989424e-01 2.047956599859342419e-01 8.193881104433309304e-02 6.417226864157372923e-02 3.369887477319939428e-01 6.623204020195815056e-02 -4.419445449638852164e-02 1.244803040377423925e-01 -1.765392285903704117e-01 -1.930828264749215595e-01 -3.806663705152747712e-02 -8.883754427813261162e-03 2.101231158011571121e-01 -1.071767164219900453e-01 1.683725927489976293e-02 -1.550943089093094196e-01 -3.272323824503599321e-02 1.783811245096494913e-03 -2.108774092581855997e-01 3.480038796556084724e-01 1.538542630781314091e-01 -6.143020619295954526e-02 4.035001639181979433e-02 7.712030646485715235e-02 9.672596959054145793e-02 1.812714696625240124e-02 -2.074839714704140026e-01 -1.788520758321774096e-01 -8.856849587956802661e-02 5.558774256132129610e-01 2.558526196471155867e-01
2.244271057039854984e-03 4.086132867583632811e-01 1.788027578442737131e-01 1.438498403706365766e-02 3.711105225645950911e-01 4.492468145478450414e-01 3.990305198822364785e-01 7.639607057792452416e-01 1.000000000000000000e+00 -4.371853427147202875e-02 -1.083749020437998895e-01 -2.775682255814123089e-01 3.687466295164590346e-02 -1.027763200595835889e-02 -5.380322876284616973e-02 2.240503311627009553e-01 2.982777250644532696e-01 3.442477100898066467e-01 1.853260306288121995e-01 2.677224335728448645e-01 3.730971639688855646e-02 -1.402007745220436134e-02 -4.922771849415336770e-02 1.014037298201054815e-01 -2.636231309613407126e-01 -2.058762390442160362e-01 -1.114073912043435644e-01 -2.199581033300140320e-01 2.175663911086014868e-01 -1.683874087416711018e-01 -3.737253414787245626e-02 -1.065483653440080919e-01 -1.139341875231071749e-01 3.029575512077922750e-01 3.999798987918946891e-03 3.167854496753692017e-01 -1.189124285410255930e-02 -1.487086540059744111e-01 6.153612796212008101e-02 1.456328658518811492e-01 1.898771052497336964e-01 -3.891871352644098864e-02 -1.937299355710127569e-01 -2.292068407101224836e-01 -2.901935384723574110e-02 -1.964492050819957591e-01 -6.010366725814100808e-02 -4.261514559305611127e-02 4.480112694450802402e-01 2.838791396129563549e-01 2.796403952995136361e-02 4.253321565621746014e-01 2.736055357547713673e-01 1.360212935218066133e-01 5.284292239314225537e-01 4.359810193156896663e-01 6.147620593799898447e-01 7.617088249310922654e-01 -1.519205874441278449e-02 3.844690450924169445e-02 -1.532258151494570175e-01 4.831126970842433005e-02 4.694305152506696860e-02 1.995112386304059571e-01 8.965822972451839568e-02 -1.503277716481577105e-02 3.237378488558022571e-01 2.610388448017141316e-01 2.211405101470461376e-01 4.492861322514826727e-01 2.096517645327349577e-01 5.937031474490812172e-02 5.574715122672597306e-02 3.184941361154379758e-01 6.128876525721053264e-02 -9.987634610369765242e-02 2.017493117367688549e-01 -1.237734809231457317e-01 -2.096488968962253729e-01 -7.091956541507887790e-02 -1.621843929408340853e-03 2.294409264493326439e-01 -1.141899831973644530e-01 -3.457768249003126404e-02 -1.261831648154911611e-01 8.276112332744244016e-03 4.870660130474317034e-02 -1.823607167674857477e-01 3.413905974841663360e-01 1.766649243339127873e-01 -1.156588488413044513e-01 -8.720549978732244911e-02 5.579528483199574368e-02 -5.434376862159730204e-02 -1.174786243033267528e-02 -2.459942824468879241e-01 -1.484558528831678159e-01 -4.692401461966474313e-02 5.149214542967087693e-01 2.375517846901045171e-01
-6.776141607520353750e-04 -8.440573595076387992e-02 -2.682133675278161045e-01 -6.660717412996203235e-02 -1.070544423097001541e-01 -1.440630194850218426e-01 2.698939270830041370e-01 -4.731129937513364053e-02 -4.371853427147202875e-02 1.000000000000000000e+00 4.272938374094524261e-01 5.117146441180586702e-01 3.268607981295332254e-01 1.586625825295719938e-01 2.858133140976367240e-02 8.333870504078820518e-02 1.571958286379079028e-01 -6.066566771292813270e-02 5.780092611517265166e-02 -1.240287996258560288e-01 7.397814293995433332e-02 2.578500162244619087e-01 3.761521961005684367e-02 3.919268733033543506e-01 4.302221598271423475e-01 3.668357364321092051e-01 1.551344938157829256e-01 1.847681951582068327e-01 1.056003079570546899e-01 9.963416146591881628e-02 3.311289544825896797e-02 4.329218513465813573e-02 1.655114757215820354e-01 -4.356126760271370607e-02 7.680008134580128265e-02 3.318041537703724647e-02 2.057421200633548497e-01 2.273499688560881860e-01 3.249895153148097959e-01 3.557043371757275252e-01 -5.720993889694848261e-02 7.236907662667094177e-02 2.707039026420577366e-01 2.299218172697781726e-01 2.409411506945685066e-01 -8.387568932467062699e-02 -7.032050785570485157e-03 -3.921087786677585063e-02 -1.017541667424214785e-01 -1.074429008125539209e-01 -9.967248005848385051e-02 -1.960854805188926853e-01 -9.901533680120906677e-02 -1.708266054694747987e-02 -1.655504238325536670e-01 -2.125108091730300852e-01 -1.820241020744313432e-01 -1.762000462014810254e-01 4.200356558538421159e-01 5.346987146751786685e-02 3.777339071912505508e-01 1.267184444978340374e-01 -4.968208118946793733e-02 -1.218627585961693377e-01 -1.003742265573824566e-01 -4.978472031578890650e-02 -5.530261766750144831e-02 -3.855196981987130816e-02 -1.850632339633526691e-01 -2.085434192162085587e-01 -1.042531352836466169e-01 5.535654042386912999e-02 6.631763183701233633e-04 1.704832732938216522e-01 2.879630168985289340e-01 2.902936922427631905e-01 1.039878632711807305e-01 1.634765562469167044e-01 1.540789257003820356e-01 -1.459497776920892775e-01 1.105779813055082356e-01 -2.412800890587242231e-01 1.934565145000457231e-01 4.793375628213821654e-02 1.829866751547606085e-01 -3.085447321814941551e-02 2.503892023537009348e-01 1.611124476087556490e-01 -1.850704601642529645e-01 -1.231025898517317391e-01 -9.411018357267131318e-02 -1.638732843043261278e-01 6.310938208436990549e-02 -7.138983361062538162e-03 6.480487438355884977e-02 1.991293299245508741e-01 2.479421242107336231e-03 -1.083371859351993649e-01 -4.925770500382180284e-02 -6.430461322430769400e-02
4.338096456347383112e-02 -2.265137080617893595e-01 -7.800166600574913456e-03 -1.395913926477440337e-01 -5.437915301770342852e-02 1.913776560408214991e-02 7.136817600749215118e-02 -9.357567527864792123e-02 -1.083749020437998895e-01 4.272938374094524261e-01 1.000000000000000000e+00 6.092257764504390716e-01 4.665041450138657786e-01 1.071736685057823601e-01 -5.388283074741072320e-02 -1.519617605034261354e-01 1.969037073529409931e-01 -7.496929710833467875e-02 4.550673449783686902e-02 -1.428092829342509917e-01 -1.630477836163331251e-02 3.927368006104902109e-01 -2.188793223646185240e-02 5.346024331367644766e-01 3.172152420408149709e-01 4.613957673124301495e-01 1.898814591548796948e-01 1.473618320250164593e-01 1.604691280939743725e-01 1.799550458016905760e-02 -2.344472178103382265e-01 2.359056516744951690e-02 -1.603184509002272273e-01 3.041781787989352587e-02 3.102671602350475233e-01 1.591173492309598814e-01 2.254779036223683863e-01 -8.511659708329820384e-02 8.658072106139932944e-02 1.632244747279538166e-01 1.198429388703256410e-01 8.119803502064534828e-02 7.939969515516331899e-02 -1.473735833692418062e-01 -8.382075196781539617e-02 -1.684520127900856201e-01 -5.530562349137725653e-02 -2.135280951557858020e-01 1.049892940007020742e-01 1.504179482349865538e-01 3.816541091750431242e-02 -1.542204658125261862e-01 1.150414666370673522e-02 -5.306015096215485616e-02 -1.140076798444986383e-01 -5.159475892696766680e-02 -7.506824031249423324e-02 -1.383080653918683789e-01 4.577956531064882872e-01 3.971137719099824270e-01 4.227981348667159689e-01 2.882211432467383094e-01 -3.545978643734848390e-02 -1.662761665598057881e-01 -1.956125006282719292e-01 -9.517706292353765585e-02 1.497559182414180956e-01 1.534357404724872274e-02 -5.555659797691583912e-02 -1.337106695825502622e-01 -1.238584761864042066e-01 1.476250010889133268e-01 -4.409142081447896960e-02 2.803099343970798518e-01 3.891219624438076452e-01 2.373053772640142944e-01 5.496129401878289966e-02 2.820482753223248554e-02 -1.466181884415898029e-01 6.328279434021043259e-02 1.351375184587765843e-01 -1.814621237489561223e-01 -2.057767972301635939e-01 1.433979747483126767e-02 7.611511902565035181e-02 -5.404945560380503694e-02 1.846236631924064453e-01 -2.267195910556752889e-02 6.057662192213866814e-02 1.626259530627477412e-01 2.345034163704096467e-02 -2.066641552664144274e-02 2.465309670336690850e-01 -7.683532645863473676e-02 -8.918015060163167473e-02 -1.339320607779086736e-01 -1.938135909853508088e-01 -2.228457498574039630e-01 -1.457403631073264302e-02 2.570177458169173312e-01
1.392909470752123624e-01 -2.490578515240201296e-01 -5.051015433973257002e-02 -1.488991959593300718e-01 -1.963628885085702269e-01 -2.274389181201666443e-01 2.355548738934367878e-02 -2.335475210270634705e-01 -2.775682255814123089e-01 5.117146441180586702e-01 6.092257764504390716e-01 1.000000000000000000e+00 3.523205879858435363e-01 1.799897162922985128e-01 8.047783773403274776e-02 -1.341176590306520922e-01 1.053509729477923457e-01 -4.674511587425399239e-02 1.568402496621748854e-01 -1.754935034636576074e-01 6.895075444627683792e-02 3.894901092513067264e-01 3.502065895668585171e-02 5.368210622175195734e-01 3.943270231625486399e-01 6.414098383255280034e-01 2.102035803372973299e-01 3.439548457215235167e-01 1.605287275435942906e-01 1.336620514678558136e-01 -1.592495611389819210e-01 -5.086753845031435212e-02 -2.516333658041523119e-02 -3.628476515134564095e-02 2.848817259082611075e-01 1.458851078281762081e-01 3.645952362185442830e-01 -1.006089149797797589e-03 8.367397957541750086e-02 1.769770600130763649e-01 5.382802087052799417e-02 1.744911425631133772e-01 3.228701430456837884e-01 1.536478686167390417e-01 1.602839985073135354e-01 -2.656103022522311383e-02 -2.029059777352089106e-03 -1.618152523648372920e-01 -1.643020956125102183e-01 -1.014722098341251516e-01 -5.534948022055597577e-02 -2.228734392925738050e-01 -2.080111721392778612e-01 -2.103804797167785623e-01 -2.206478886358365921e-01 -1.881120072875772375e-01 -3.385518333047580208e-01 -3.085807125485678926e-01 3.701317673763380722e-01 4.709485693790208538e-01 6.440007745318548915e-01 2.431611636945199273e-01 8.926914311216897768e-02 -6.532343524586396721e-02 -4.452616414260309602e-02 2.183910901700530927e-02 -3.056464776237638459e-02 8.625360862979197796e-02 -8.800219159275084191e-02 -1.787159121348126101e-01 -7.321700719490473186e-02 1.960781289786348303e-01 1.055019238364661611e-02 1.896519039395113404e-01 5.080329039115450973e-01 5.008424163928740791e-01 1.867513956934457042e-01 2.215478317263766539e-01 -7.354877818654015353e-02 -9.409193754273850741e-02 1.256441681180010261e-01 -2.858179152792640898e-01 6.744536464643939577e-02 1.191895545304862830e-01 2.217134493753439017e-01 3.944223908656526584e-02 3.549819058806807925e-01 1.966952925767318228e-01 -7.384158983755276240e-02 2.912473108972553695e-03 1.521705755711701830e-02 -1.532446202572138594e-01 7.608047906278764261e-02 -2.134186725626794484e-02 2.546961821674619264e-01 1.686241610028718918e-01 1.764503611395003627e-02 -8.729840417572005962e-02 -1.986168493051140571e-01 7.868356102239701388e-02
-1.239136635749908399e-01 -1.404525189197503021e-01 -2.208812934842974696e-01 -2.161825824035193411e-02 3.381908098357318954e-02 -1.369369402704424636e-02 -4.416250017361956354e-02 2.911647071612862014e-02 3.687466295164590346e-02 3.268607981295332254e-01 4.665041450138657786e-01 3.523205879858435363e-01 1.000000000000000000e+00 2.819350385225508071e-01 8.421627909030404702e-02 -8.728581054229940517e-02 4.851222396626099775e-01 1.650740383472794892e-01 2.442307716318147803e-01 1.722692080244798973e-01 1.771912289157584752e-01 4.114783256443603210e-01 9.361329992584684068e-02 3.446940873291857721e-01 7.146486955579929058e-03 1.969367726094392312e-01 1.549388169512413149e-01 1.852357176314478882e-01 2.199988386992988987e-01 4.315619847620429106e-02 5.658658981492437068e-02 -8.202563714827301733e-02 2.555616144177350404e-02 2.193875051601810733e-01 2.967668042123048910e-01 2.502327965929204145e-01 1.792195888660640668e-01 -1.075783097447465808e-01 1.307574613198548286e-01 -2.632784287650943161e-02 5.982551025851387538e-02 -1.285041384705195855e-01 3.200729432712757366e-02 4.697958713994469099e-02 9.166691636721686909e-02 2.470096183356784367e-03 -3.647379133566797105e-02 1.639846623579131052e-02 8.972648136469461855e-02 1.573578539836436030e-01 -1.568765056896111454e-01 -1.731864605703472559e-01 4.934301730725375312e-02 9.154127881625477581e-02 -6.207116669206722004e-02 -1.360948138633203131e-01 -2.858925909127685901e-03 9.481781499902590393e-02 2.966322875596105746e-01 2.382018499046447135e-01 3.183787900842588448e-01 6.989988824879216356e-01 2.427638402776942095e-01 1.233295597159381612e-01 5.540570732434860202e-02 6.252454624129503979e-02 -1.837293850637641487e-02 2.986969558727460838e-01 1.195739282196900677e-01 1.307748426791923158e-01 1.697825015418559236e-01 3.092436397176184237e-01 1.404409871583670866e-01 2.558256144235498408e-01 4.045388861753892451e-01 8.958489896731561264e-02 1.165878229352207696e-01 1.009107068035787896e-01 -3.036451793915273534e-02 -2.139534004434561487e-01 2.195653399298650443e-01 7.860219746227863069e-02 8.341110426183727389e-02 2.135209741777408243e-01 2.993696304254088725e-01 1.242164708865114708e-01 1.762236971656476470e-01 1.214989088913290272e-01 2.189758104598401867e-01 8.389471717927118877e-02 1.454353330981660725e-02 -1.360272332097358650e-01 1.398923236725232722e-01 -1.785532463115080126e-01 -3.348453982165186527e-02 3.150398722223154979e-02 7.327959972096957653e-02 3.879666683800384736e-02 5.648176580575162836e-02 1.093573050138717528e-01
-1.310596340560545581e-01 -1.236237855407318897e-01 -2.883256795628088565e-01 4.189860656243701853e-02 -1.144506926310552702e-01 -2.451936807003426977e-01 -7.588079961638929949e-02 -3.641235257575733270e-02 -1.027763200595835889e-02 1.586625825295719938e-01 1.071736685057823601e-01 1.799897162922985128e-01 2.819350385225508071e-01 1.000000000000000000e+00 6.274879665386959848e-01 -2.894513294001696546e-01 4.322297604071564936e-01 4.957768260548438555e-01 6.565454818015030725e-01 4.070822115339512437e-01 6.946857662658842969e-01 3.227420819179486200e-01 6.126375060872852885e-01 3.358477841548185849e-01 -8.453115550834071346e-02 5.074242474529910146e-02 2.130998714664763816e-01 1.380663018242840601e-01 4.063582964578387746e-01 5.107845227746372618e-01 1.462354604277963654e-01 1.305989201709778780e-01 1.298899407081542390e-01 4.525615473202195260e-01 2.086227393005535002e-01 2.461609507290464516e-01 1.222650042262261733e-01 1.271092373385091998e-02 -4.794217575897907757e-02 -1.401649774964185136e-01 1.311810253346245292e-01 -1.503301293677206663e-01 -9.296215019270198318e-03 3.621207706421930572e-02 1.833264073595432531e-01 2.315538018218461225e-01 3.636540566207923098e-01 3.603581703097524236e-01 -1.775509819533807043e-01 7.788357000495045590e-02 -1.553186550040021319e-01 -2.240760539073582414e-01 -6.983906686603337521e-02 2.467686608186354588e-02 -2.082451950003050833e-01 -2.459524911326879115e-01 -1.077667589810325649e-01 5.998038317933580832e-02 1.979870351684465124e-02 1.650973866668697387e-01 1.611769882172668089e-01 2.535804175375842573e-01 3.828907021746797423e-01 5.655159277149778285e-01 6.005358291130834525e-01 5.337552145257534741e-01 -1.800448834630343775e-01 4.261208926432832333e-01 3.350779435853009081e-01 3.377375937374543780e-01 5.810910113114956532e-01 2.507119210671470144e-01 4.771730646607404425e-01 9.227279481462234700e-02 3.735399224017391662e-01 1.200544894399456844e-02 3.952150153107834019e-01 5.124485964990245224e-01 6.349651807589222485e-02 -6.452778262187015834e-02 2.918049509915531248e-01 1.628064457537633791e-01 5.682348687010405075e-02 1.128611958123487136e-01 2.527193191411504780e-01 2.656975922689792657e-01 2.068586902313332143e-01 1.846705613452124806e-01 3.040828106639592021e-01 1.252115269551867527e-01 -1.920944115299277194e-02 -2.361415954215934643e-01 -8.139344072560011911e-02 -1.209584454935165587e-01 1.013279459201106431e-01 7.792123182583821084e-02 2.179001560219549494e-01 2.992786045332165856e-01 -8.144307912188396281e-02 -8.482818749354822593e-03
-3.601919785917299943e-02 -5.621018544382988535e-02 -1.520953031004322609e-01 5.691706151885604636e-02 -2.686884785297803946e-01 -3.133367343665189875e-01 -1.504978773921543667e-01 -7.253338619046605096e-02 -5.380322876284616973e-02 2.858133140976367240e-02 -5.388283074741072320e-02 8.047783773403274776e-02 8.421627909030404702e-02 6.274879665386959848e-01 1.000000000000000000e+00 -2.057434400158651144e-01 2.898531346033034195e-01 3.753064670366791922e-01 3.929529109092477768e-01 2.583172949564769838e-01 5.866965805137707157e-01 2.452189828651979153e-01 6.450266636905667150e-01 2.028656784646206690e-01 -1.945792009805111591e-02 7.386977789799875627e-02 1.743474569277073394e-01 2.001012632455609064e-01 2.547616232510656054e-01 6.981066103650341859e-01 9.966621115783821927e-02 1.481520009509919855e-01 1.365058610436307995e-01 3.533412840674473587e-01 2.092507887887298246e-01 1.023065354213223248e-02 -3.232096513223002565e-02 5.190102323283054403e-02 -1.630393189211577776e-01 -8.765803781784632653e-02 5.256872662498970200e-02 1.051939447904117093e-02 1.456821298017682564e-01 2.210968586695893218e-02 6.248823509526353626e-02 3.843574201357465858e-01 4.127902797807959101e-01 4.599641600985989176e-01 -2.765688682898604367e-01 -9.175381424980902367e-02 -7.505207238296264516e-02 -1.497030856317236314e-01 -1.516160390616757558e-01 -1.283023953959891994e-01 -2.995643119078394978e-01 -2.125842560208138499e-01 -1.284941955504026179e-01 -5.785385190143287754e-02 2.130323802791673007e-02 2.162500499442422675e-01 2.018746902078211447e-01 1.892107461842252314e-01 4.027798661679939385e-01 5.475521432557775015e-01 6.562856782695599689e-01 8.081128491355733523e-01 -2.011875902629717272e-01 3.471303186850595579e-01 3.321327666993902916e-01 2.652810454489007985e-01 5.126651936607574678e-01 2.767755630346172002e-01 5.250533888398004612e-01 -5.532817007684123073e-02 3.017096231500326353e-01 1.119937492740900042e-01 2.513404642465769112e-01 5.915056463235534023e-01 -2.983452840739651488e-02 -2.682447621835661045e-02 1.964427619067808384e-01 1.447421904621094824e-01 1.427955602944879498e-01 2.155878199444607179e-01 2.079680063974186088e-01 3.395170022953866718e-01 9.572559972462602040e-02 2.408002102705879000e-01 1.395192030086112867e-01 2.216844124547295847e-02 8.583219251498043489e-02 -8.206897080753244866e-02 -1.537785756700371376e-01 1.272372540297147213e-02 2.481834428964662942e-01 1.266431813852548494e-01 3.191674078163271866e-01 4.114102001283688193e-01 -2.238251150124113131e-01 -1.536518844396923544e-01
