1.000000000000000000e+00 1.191206101426820763e-01 2.319995887749416452e-01 -2.440517782895999452e-02 -3.619229871158252676e-02 1.775654778352496466e-02 2.822843168221689236e-02 5.054080922109362856e-02 -6.130046520080511402e-02 -2.183197840115625732e-01 -2.987559560395404712e-01 -3.240734561634290856e-01 -2.683365571123812465e-01 -2.648985815048816028e-01 -1.176598090790639678e-01 4.545663059714419862e-01 -2.377178358722136509e-01 -1.953603648057223793e-02 -1.162105324443672705e-01 -1.253346454482457406e-01 -8.879291171347766798e-03 -2.307665556470015200e-01 -1.271160029365616118e-01 -2.494989899616678886e-01 1.558856617441426728e-01 -2.708450795210415318e-01 -1.656243500092580145e-01 -1.147490673192710225e-01 -2.356962791228683352e-01 -2.087020259834138081e-01 2.438660088135007342e-01 1.621488611313221528e-01 2.142944344196384410e-01 -1.576862208998257575e-01 -2.796465480630117018e-01 -7.075725706350305400e-02 -3.285693388704282736e-01 1.424307044865885108e-01 -1.361998039092201518e-01 -1.943620038979039788e-01 -1.707694048220302629e-01 -2.170928592270141011e-02 -2.826514875783702752e-01 -2.801152590614265359e-01 -9.630957415054930415e-02 -2.788486968994566828e-01 -1.299005661329390160e-01 -1.682861813849653027e-02 5.026138506676168516e-02 -1.949511190385837811e-01 6.701218330887381835e-01 2.586660544383646565e-01 5.172607821167494319e-02 -9.241205217826090057e-02 -1.261164116014913683e-02 3.240024535267764516e-02 1.306755308558640305e-01 -7.769655127661069527e-02 -1.931974686601329039e-01 -2.119554121225788179e-01 -2.945914870121202900e-01 -2.982933978040265832e-01 -2.773690637006478443e-01 -1.217180310683626809e-01 -1.469217119305955555e-01 -1.823115868140442741e-01 8.109763033691137768e-02 -2.130111659064797547e-01 -9.179118054459804721e-02 7.021574935724612943e-02 4.607375318437556544e-02 -2.052390198501397311e-01 1.889463197018202006e-02 -6.749266154192905265e-03 -3.387963984217612357e-01 -1.613652683043958203e-01 -1.516886374580887209e-01 -1.230153001462209877e-01 2.508846711330350865e-01 1.753342755132689668e-01 -1.348247003712018111e-01 -1.647154528341664981e-01 -9.695625265930682413e-02 -2.272204924737833975e-01 -1.166221599189950775e-01 -3.714714343214835235e-02 -2.881981958466656724e-01 -1.706466597113272810e-01 -1.779966074016376201e-02 -1.218658700117623006e-01 2.495470863961584962e-01 1.484022264478235542e-01 -2.341478445393221641e-01 -5.967729456413729122e-02 -2.269431971559196237e-01 -2.020124527673698711e-01 -8.551806739348086217e-02 8.383131652443430448e-02 1.251965897818019813e-01 -1.100445703072321646e-01
1.191206101426820763e-01 1.000000000000000000e+00 4.675599542543387721e-01 4.580251871332507441e-01 5.840244497669033752e-01 4.101399730224011275e-01 1.484097292359142228e-01 5.880247017890587458e-01 4.330264940292535836e-01 -3.362498569821006922e-02 5.803014284902811848e-02 -3.519581828280486657e-02 3.216207550454508457e-02 1.906831396426552083e-01 1.634165615862626930e-01 2.102203700566079025e-01 -7.012866742890841443e-02 2.040803427990746655e-01 7.751269269054071598e-02 1.562494708021245071e-01 2.159166159606882851e-01 -2.079028683177235326e-01 -5.465121920198205696e-02 -1.726456385567557150e-01 -3.532186568504670776e-02 -2.289897876780525032e-01 -1.970794158040198585e-01 -1.062435105979379485e-01 1.287834589261194485e-01 -1.271221023311452092e-01 -8.201413107510267808e-02 -3.133770988230965508e-03 3.327375463745484846e-02 6.819303956021985358e-02 -2.005990760125577754e-01 2.836792713698497170e-01 6.164580036086639292e-02 -7.061691953741905392e-02 -1.918629385538644927e-01 -1.654989971267143700e-01 -7.743767729334383176e-02 -1.767006636203075354e-01 -2.732520405449072043e-01 -1.698527419325483456e-01 -9.712324231702915145e-02 -2.680248689379652327e-01 -2.279304404436738041e-01 -1.515059932265199194e-01 3.805258649889485811e-01 5.432886850840701332e-03 3.401253693112107120e-03 7.347168744059274781e-01 1.874526231328970671e-01 3.715749363601228983e-01 5.040383751604082807e-01 5.262702263992509177e-01 4.402895948030466911e-01 5.181340342583499181e-01 -4.862705722899371419e-02 -6.062770696088797158e-03 -1.471637816140336508e-01 -1.139103694678563795e-02 -9.514164399412081141e-02 1.618983853103430903e-01 2.097684590920876613e-01 1.412372493229283044e-01 -2.025839704087334034e-02 4.576173476928040856e-02 -1.058531481089456175e-02 2.566348040731530888e-01 1.960747321524751452e-01 -2.666335327192093096e-01 -7.507856567611292942e-02 -1.634827204885745677e-01 -5.830587417783467813e-02 -2.704822366911599496e-01 1.276266264766392489e-01 -1.167855952384823509e-01 -7.817709197694704126e-02 -5.492619429173077605e-02 -9.333105850154130301e-02 -1.995166531152259559e-01 -1.597810530594547807e-01 -1.301661806267299104e-01 -2.589216478188153259e-01 -2.848473632015488533e-01 3.566673421038980135e-02 -1.435537894474422926e-01 1.563846555246695691e-01 -2.819490614327320177e-01 -3.928516598535179011e-02 -1.881020288700653020e-01 -1.855883037427255577e-01 -2.913073286314151189e-01 -3.649165808941683409e-01 -2.118473192228778057e-01 -2.788143898336683524e-01 -1.631218475127240164e-01 3.454359097259426803e-01 -4.858061900158045648e-02
2.319995887749416452e-01 4.675599542543387721e-01 1.000000000000000000e+00 9.919153920854552331e-02 4.989200042005892954e-01 6.873568665103872988e-01 2.183171130419963857e-01 6.373107111984961382e-01 5.957574173322006672e-01 -1.680191987965371295e-02 1.896904570016636760e-01 -2.529289763438156112e-04 5.166859188310703177e-02 2.756434961824994478e-01 1.696097063391279747e-01 8.386813562039577286e-02 1.129537588838006174e-01 1.510946899402571819e-01 1.760311168838344098e-01 -4.350981152701123567e-02 3.601392600494586760e-01 -1.629260258106479398e-01 1.680654253038173923e-02 -1.651791310215346975e-01 1.555341097030749908e-01 -5.475570061719484821e-02 -1.719446175146344680e-01 -1.127866647518330351e-01 1.482854424907544266e-01 -1.665909533596973136e-01 3.982923401677282427e-02 -2.172818788212597108e-01 -1.816065903634705159e-01 2.568748358846527358e-02 -1.265458922906228800e-01 2.627977747678522102e-01 -1.484003608091316768e-02 7.458321955679407533e-02 6.274879529315305349e-02 -6.236104408922236476e-03 -1.160017721152961992e-02 1.424260622107920427e-01 -2.303426600485140516e-02 -3.896866356211504956e-02 1.381028112320803469e-01 -2.384213176166559978e-01 -1.927369296444462476e-01 -8.776537425445217477e-02 4.316154482813105431e-01 1.246895797175988224e-01 -3.928965836837058218e-02 4.633940636101996913e-01 -1.306544340819621453e-01 -6.438922852812978270e-02 6.219281993554931498e-01 6.031184206053527008e-01 3.741144310933664507e-01 6.012961685453417360e-01 3.804341927604489026e-02 1.875719246559471864e-01 -3.542655531873185187e-02 7.072156017206591982e-02 -7.893846837125126359e-02 1.605596779186317935e-01 2.122217038421217172e-01 9.018454160112399087e-02 2.219810262412801050e-01 1.595498088521133395e-01 2.985979495440565026e-02 1.489561306312626177e-01 2.046510416998024162e-01 -1.474323357837406256e-01 -2.402918030859605911e-02 8.197074502843201826e-02 -5.911197693727665570e-03 7.203912992860821152e-02 1.700377634232461133e-01 -1.125520847891484655e-01 -4.137555935917290595e-02 -2.379422277158532995e-01 -2.173160119300494297e-01 -2.667506252357001451e-01 7.856038550877499083e-03 -5.069427192459464299e-02 -2.708696412365406703e-01 -2.939825993303019080e-01 3.970452902249104604e-02 -4.072327062412495896e-02 1.411987026465591211e-01 -7.745786917127218951e-02 -2.110574540239560093e-01 3.263532771493033585e-02 1.923440435428618381e-02 -6.538700352262774573e-02 -1.059766221779031153e-01 7.633496718080709509e-03 -1.950900373297966006e-01 -1.532902206711533322e-01 3.926538325981003830e-01 1.438267113575694145e-01
-2.440517782895999452e-02 4.580251871332507441e-01 9.919153920854552331e-02 1.000000000000000000e+00 4.320866010432076187e-01 8.512886140490136255e-02 6.993296696922143840e-02 2.283708683680444052e-01 8.140355173321563165e-02 -1.446977396281702855e-01 -5.951774257115075711e-03 -1.596771947874275899e-01 5.247817039696994063e-02 1.628205792529325568e-01 -1.468833900938651578e-02 2.883034730741408369e-01 -2.923789908764796303e-02 1.714013618824320462e-01 2.012790427050000219e-01 -4.035499585258824073e-02 -4.432963938801269543e-02 -7.393225660133906363e-02 4.796471804985891901e-02 -1.923761878579215989e-01 -3.709794213880107105e-01 -2.794722007445097356e-01 -1.350335299927652721e-01 -1.395237910380696111e-01 1.093015096106973449e-01 -2.405481945962120727e-01 1.040560283152535542e-02 2.345041486151073495e-01 2.166394523739111622e-01 1.820461443127953660e-01 -4.126987816722144792e-02 1.715390855512284041e-01 1.022654949692147902e-01 -1.176839900364286678e-01 -2.327643806419793515e-01 -1.466837815398975842e-01 -2.776534427406188860e-02 -1.998653217820571537e-01 -3.392728439562408549e-01 5.558212545322521042e-02 -6.250408930683101771e-02 -1.858926665750689766e-01 -1.367641392616847362e-01 -3.148079834698988555e-01 1.269069777176244918e-01 1.757757714065936658e-02 1.218007303034353110e-02 4.205660243560874756e-01 4.730095623249812586e-01 7.593791767409060478e-01 1.321330413701433948e-01 1.753582099149765261e-01 5.075822442988336958e-01 1.153338197729887049e-01 -2.009811376318339782e-01 -1.016438338671075831e-01 -1.194040798134835962e-01 7.440761417007681067e-02 -6.424166261718490881e-03 4.206730100757889550e-03 2.112455720779242430e-01 8.110488930113742001e-02 -1.164087278078086533e-02 1.199513716867276480e-01 1.484785455568693735e-01 1.321505196913574376e-01 -1.612124369462889228e-01 3.400667347591850714e-03 -4.097667884680546158e-02 -2.761230352236281327e-01 -1.331419368938242531e-01 -3.739506914146804029e-01 1.647240120623883752e-01 -8.024743423715668955e-02 9.719332046394768554e-02 2.345039428385266578e-01 -8.080585001290205294e-02 -2.200812851656137603e-01 -1.254081816514555359e-01 1.071574874597615162e-01 -8.750722296227600450e-02 -1.027050230581413731e-01 1.031900105089467029e-01 -1.702298163281261711e-01 1.620982957874294028e-01 -3.320798018922063721e-01 1.314881661650075251e-01 -3.745572347822700432e-01 -1.948886000081314074e-01 -2.448849612946691900e-01 -3.639181679769000755e-01 -9.860969360021029639e-02 -3.225476232881009375e-01 -2.221268082031935542e-01 1.414387502646622663e-01 -9.014881530832730139e-02
-3.619229871158252676e-02 5.840244497669033752e-01 4.989200042005892954e-01 4.320866010432076187e-01 1.000000000000000000e+00 6.034996798048369859e-01 8.448090696560606183e-02 4.924717261789079981e-01 5.386299158043826862e-01 3.045502239560159835e-02 2.491690409990112709e-01 3.763692724512023025e-02 1.133674755993677175e-01 3.504118224621666777e-01 1.871860362591358240e-01 1.050760457696999772e-01 7.878591467986884034e-02 7.591391157051902150e-02 1.564971002711454395e-01 -2.890326996112843605e-02 2.298402941845118785e-01 -9.791760782422667675e-02 -1.852412507933176924e-02 -1.231292440178105158e-01 6.701188101976086886e-02 -1.369702781937429392e-01 -1.641709753130696225e-01 -1.168008747710665429e-01 2.665701368420198003e-01 -1.829651993976332824e-01 8.743714038413652467e-02 6.357020180995665189e-03 5.855974422201082157e-03 9.226485604568299137e-02 -5.157645914233814632e-02 2.127810495316640460e-01 9.485697732574434327e-02 -2.057638345353011294e-02 -9.072536931933089521e-02 -7.691716340914329930e-02 -3.538914801520731505e-03 2.361743191811310760e-02 -1.108386770178504954e-01 1.045577553733736433e-02 6.678835766086699266e-02 -2.075554348871692378e-01 -1.899980418782553360e-01 -1.966427720420962366e-01 3.040825133849409667e-01 8.426244771644793297e-02 -1.064613495158388545e-01 4.237885843484389126e-01 4.944801927366340721e-02 3.277676672415191228e-01 6.415796944985797667e-01 5.312878813604843264e-01 3.310746828073959924e-01 5.384440061722931548e-01 5.803316524021392281e-02 1.755716164403463841e-01 -3.233919502101997856e-02 1.377547267943859677e-01 -3.039309889569501502e-02 1.922077609684301192e-01 3.239634699870468371e-01 1.715482585980308283e-01 6.514270341513991869e-02 1.471611627937164102e-01 7.186232100615728979e-02 1.405655367610172263e-02 7.278783874980399027e-02 -1.678948196255075354e-01 -1.723014668844362329e-01 -1.583315630484209702e-02 1.853497788118802295e-02 -1.270450857297500680e-01 2.501379726390889346e-01 -9.404650727987913517e-02 7.157080743093904851e-02 -5.705251109783553154e-02 -1.731763131532516042e-01 -2.314523613793388612e-01 -7.757078979231578353e-02 -3.195462014345723523e-02 -2.717510760496911204e-01 -2.538309025617214720e-01 1.066974605029906431e-01 -1.229031473253911488e-01 6.265089211686060422e-02 -1.580868686755672325e-01 -2.668649146883546666e-02 -1.328476043996239253e-01 -9.885615314336781978e-02 -9.591052882893982834e-02 -1.843407162984359582e-01 -3.577499250449120427e-02 -2.534794728524001339e-01 -2.376200207676188447e-01 2.875325446901214055e-01 -5.414452623514470243e-03
1.775654778352496466e-02 4.101399730224011275e-01 6.873568665103872988e-01 8.512886140490136255e-02 6.034996798048369859e-01 1.000000000000000000e+00 1.955282659439335213e-01 5.945757224941145003e-01 7.923663103692818455e-01 2.397686524782385586e-01 4.572476412947389934e-01 2.237973735742547488e-01 1.794617649076840071e-01 4.176629723585654208e-01 3.434724445762618039e-01 -4.531492614400349853e-03 1.890035552466703128e-01 1.325911392060640237e-01 1.673813191537310008e-01 1.092010813995583224e-01 4.187739833136712164e-01 -5.453058806373237144e-02 1.088134135707354705e-02 -2.308916730011168102e-03 2.323648898054355982e-01 7.055290301323062507e-02 -1.593156188565797715e-01 -7.889675829698680753e-02 3.082284874723926760e-01 -1.081387206286368446e-01 4.640926587142765042e-02 -2.616016115126742481e-01 -2.311810891273075041e-01 8.378507645574677365e-02 -4.278909487484342661e-02 3.853480489627346128e-01 1.066163572871419302e-01 7.917432894885541306e-02 9.829452015644435381e-02 7.599534218630117632e-02 4.473790382179321234e-02 1.593300170324274123e-01 4.346358455921111447e-02 -2.020756761403702181e-02 1.723481783914181109e-01 -2.672253638948127730e-01 -2.854390008335202511e-01 -1.204616354383703236e-01 5.644976877966125794e-01 2.050753989758149487e-01 -2.115061535828101358e-01 3.262498665025967970e-01 -2.488839602570363796e-01 -1.143860932516551632e-01 7.679356089997740886e-01 7.661450943292926752e-01 2.866622644886950844e-01 7.025256265984328730e-01 2.955751969514681110e-01 4.048607271120990281e-01 1.738269052074361554e-01 1.743619944042380798e-01 1.390443092711109163e-02 3.320508031810390226e-01 3.700001118107930087e-01 2.688207625581222615e-01 2.220279211066422120e-01 2.441331878169710756e-01 1.089096370651930074e-01 8.554607109418747857e-02 2.982927034031195301e-01 -1.438024868040778392e-01 -1.268725532872832795e-01 1.681003198759454809e-01 2.116919712945145859e-01 1.785683007155509372e-01 3.133349254957972785e-01 -6.086602903967983091e-02 -4.550888286982118780e-02 -3.195938859680188537e-01 -1.395587231333418055e-01 -1.882613422269189540e-01 2.531578510687317388e-02 -3.165393530076150014e-02 -3.386521357644968755e-01 -3.554345797364853454e-01 1.578847111084015764e-01 -4.934427042226958819e-03 2.123781556211586929e-01 2.833408539380299213e-02 -2.711829399456753276e-01 7.362216550027611550e-02 9.568459640924255327e-02 -1.228352164676614969e-02 -7.379665319239692156e-02 5.026532791640108550e-02 -2.587390159898838582e-01 -2.184681625879949518e-01 5.507364414189298563e-01 2.014870981192472821e-01
2.822843168221689236e-02 1.484097292359142228e-01 2.183171130419963857e-01 6.993296696922143840e-02 8.448090696560606183e-02 1.955282659439335213e-01 1.000000000000000000e+00 4.281992161016371368e-01 3.488685186619852052e-01 7.465719153895727933e-02 1.001329697824564040e-02 -8.374657168434955501e-02 -1.567476058290374202e-02 6.310854249193206811e-02 -1.697278398823830470e-01 2.641987122304427782e-01 -8.114770621452659094e-02 7.308591720613706599e-02 1.401140172794601048e-02 -7.740892321578526913e-02 -3.337862410798684426e-02 -1.332839874648738820e-01 -1.978403410201820187e-02 -9.321560264128619933e-02 -1.005219973273357159e-01 -1.215476461999138724e-01 -1.731022426597342845e-01 -1.508227487890358431e-01 3.555491788177726070e-02 -1.462007055800274846e-01 -1.033953610198204941e-02 -2.465981235829321494e-01 -1.694638678030173373e-01 -1.264209614480868091e-02 -9.337605755270346475e-02 1.686203433469498081e-01 -4.711222940354834604e-02 2.697842117493852165e-01 1.799038368160198187e-01 5.230335856887735613e-01 9.894139553261464826e-02 2.516013448152371740e-02 -3.236148835776140459e-02 -9.020452876575914269e-03 3.508770807728251589e-02 -7.784620472313534545e-02 -1.083151135940048707e-02 1.123625860253880081e-02 1.765119492138470247e-01 1.221135727957253087e-01 3.163677119669977209e-03 2.189979091698279756e-01 2.925612844306517135e-01 -5.072700438704919740e-02 1.728203309338409155e-01 2.238963238051916993e-01 3.915326927274417890e-01 3.464714455537276638e-01 -1.898583170833510400e-02 -3.194707151165736281e-02 -7.082754038452329648e-02 -6.524289934660264939e-03 -4.946470359906043890e-02 -5.527471134260194402e-02 -5.886375380109168387e-02 -1.330944617939153751e-01 6.256939518630021402e-01 -1.935999892400609018e-02 6.278418072097720348e-02 5.149982814595399638e-02 -5.640717862223656315e-02 -2.976937959397790018e-02 7.171877416664219906e-02 3.383758596946689901e-01 -1.002251838144447293e-01 -5.511532738444222673e-02 -6.782373028538181414e-02 -2.102156109924915306e-01 -1.434342208626196609e-02 -2.723633987658760636e-01 -1.521691375425887061e-01 4.818057738328730688e-02 -1.564633956730946893e-02 -3.588106932737340077e-02 -1.952546921109611644e-01 -1.726410287086968184e-02 -2.848883140794334148e-02 -1.172011274923782792e-01 5.606412572972102604e-02 1.831023537094099984e-01 -1.215641787898104065e-01 1.321362813909156830e-01 1.118311897707829211e-01 -1.319255173356952693e-01 -8.064659347604730133e-02 3.762977582445926200e-02 5.481904479881248571e-02 9.536785526629432130e-02 1.775255282545190327e-01 1.452760865404350843e-01
5.054080922109362856e-02 5.880247017890587458e-01 6.373107111984961382e-01 2.283708683680444052e-01 4.924717261789079981e-01 5.945757224941145003e-01 4.281992161016371368e-01 1.000000000000000000e+00 6.675114297263623486e-01 6.993634474933903278e-02 2.109716699297607689e-01 8.771888426862686772e-02 1.269702806503070491e-01 3.063632521497392514e-01 1.384229168333526994e-01 1.508914294880388807e-01 1.016303677300010172e-01 3.843358884863963820e-01 2.655896327175421567e-01 -2.908219195735564991e-02 3.580377947166987762e-01 -8.194025064275640979e-02 7.416077551258443146e-02 -1.062459768022138151e-01 7.391252734204900587e-02 -5.470015278193202796e-02 -1.843538314786667687e-01 -2.175531815752002329e-01 1.155090570442592890e-01 -1.903900922984186062e-01 -9.305253979998119596e-02 -2.540747320996032954e-01 -2.051919652515053483e-01 2.115638829877658778e-01 -9.039262338727153956e-02 2.292000939552497063e-01 -5.407540890803998884e-02 1.209592285668006084e-01 9.793742193317786504e-02 9.508831859863071945e-02 5.907736947746928396e-02 2.163881484838103136e-02 -2.835171996985164089e-02 -5.905428291341540542e-02 7.275015685221862538e-02 -2.488780895938274007e-01 -2.268112960573130110e-01 -6.535685512437960920e-02 3.997378772116395029e-01 8.663739098092676505e-02 -1.190234743897491815e-01 5.968047204735046352e-01 6.423347234538837047e-02 8.979274654228419639e-02 6.259342590996587186e-01 5.926968430878601923e-01 6.210655558223026063e-01 7.417373775255895474e-01 9.057060907152120199e-02 1.477795449857715049e-01 -4.170494109667219340e-02 1.422435218106187504e-01 -7.336618130792904591e-02 1.287238232616269018e-01 2.017629006116138657e-01 6.669964666168583245e-02 3.197972347068423482e-01 2.477073111563022345e-01 1.597655866599217989e-01 3.530767104973980830e-01 1.577637649306188050e-01 -9.496984174479754237e-02 8.070522229069171383e-02 1.051785115860748715e-01 4.640169486496954765e-02 -8.622961469042820376e-03 8.402511737566914496e-02 -2.209314833055503469e-01 -1.156044126827953933e-01 -2.694056001770666064e-01 -9.554702777712147099e-02 -1.593234936906401389e-01 7.498787695215102314e-03 -2.999279064655430843e-02 -2.950603960660386216e-01 -3.499027751480903170e-01 -1.575187295786044731e-02 -1.239760336647265371e-01 1.031466895623996544e-01 -3.723485097294781249e-02 -2.285788703354001972e-01 -3.152228669591363580e-02 1.950041490935280550e-02 -1.665592738164173026e-01 -1.206838561643620578e-01 -5.237359182121095746e-02 -2.338616587936361291e-01 -1.180122378260214239e-01 3.664420571292334450e-01 1.043765930222536192e-01
-6.130046520080511402e-02 4.330264940292535836e-01 5.957574173322006672e-01 8.140355173321563165e-02 5.386299158043826862e-01 7.923663103692818455e-01 3.488685186619852052e-01 6.675114297263623486e-01 1.000000000000000000e+00 2.388038678864146114e-01 3.969472153419780214e-01 2.316071072580435097e-01 1.830115515885086253e-01 3.873916523339527851e-01 2.833704344300885802e-01 -4.337375194681671042e-02 1.495057008043739477e-01 1.761797601178352879e-01 1.527252228596499561e-01 1.597835734575065725e-01 3.999660172419196025e-01 -6.587902777726380166e-02 4.023133448908425107e-03 1.656563304480222071e-02 1.828638465369585853e-01 6.822104828971302382e-02 -1.545729806305919662e-01 -1.066534216344278557e-01 2.862159761334172603e-01 -1.185973577594799239e-01 -5.048448478825500602e-02 -3.039544294265905111e-01 -2.433790105623799827e-01 1.277780632303872899e-01 -1.951487161405034837e-02 4.312658053080552500e-01 1.053745472070054395e-01 5.689334524433820039e-02 8.535259500593905813e-02 1.867479684493376368e-01 8.062494416417163856e-02 1.239792644068503785e-01 8.120157288961588060e-02 5.499757803492804492e-03 2.091857318226473805e-01 -2.747922133506570663e-01 -2.635422970921926233e-01 -1.135026750357726044e-01 5.693700350980301916e-01 2.345960147037025323e-01 -2.817760389744310423e-01 3.489747606013210990e-01 -1.330381357851603830e-01 -6.464702359935720066e-02 7.189107660537298328e-01 7.503889001402112013e-01 3.093460903067153378e-01 7.919462831508515821e-01 2.365927677484366831e-01 3.511777748040466607e-01 1.199215059393405891e-01 1.701234775745495698e-01 3.017289986785748421e-03 2.670445179614269748e-01 3.387064875943026077e-01 2.469252254278083980e-01 2.928168134200697104e-01 2.188210314629443487e-01 1.551438200475138141e-01 1.566350793417603526e-01 2.908928828152644308e-01 -1.588779285758534221e-01 -1.095510102277583303e-01 1.814330521315201672e-01 1.715600119145128388e-01 1.252819098683429777e-01 2.353616916136195003e-01 -1.089517963985816296e-01 -1.176090112404708371e-01 -3.697415071389478225e-01 -1.069653372562738153e-01 -9.551416643534157980e-02 3.453214513362910104e-02 -1.758723245375473643e-02 -3.599362458157390754e-01 -3.898265593123899642e-01 1.536446371597863514e-01 -3.796636721568909939e-02 2.527569724768183868e-01 7.652345891623935081e-02 -2.979944863098065722e-01 -1.361078158906379662e-02 3.278903460878446197e-02 -7.738146256233348341e-02 -7.461278515710079162e-02 2.977498594525413572e-02 -2.871419573850430007e-01 -1.863337185015708497e-01 5.198280994725725801e-01 2.276633676734284295e-01
-2.183197840115625732e-01 -3.362498569821006922e-02 -1.680191987965371295e-02 -1.446977396281702855e-01 3.045502239560159835e-02 2.397686524782385586e-01 7.465719153895727933e-02 6.993634474933903278e-02 2.388038678864146114e-01 1.000000000000000000e+00 6.167019932654835834e-01 6.355449845948050180e-01 3.759125089804020714e-01 2.364261971947076990e-01 3.613101541949754192e-01 -8.767756109126635666e-02 1.314271645864300564e-01 -8.308501831691944561e-02 -1.294626566069334295e-01 1.365457854050001751e-01 1.145413622025063388e-01 1.273579789920134264e-01 5.947115190206041929e-02 3.937828621881847013e-01 4.520061915382352913e-01 3.692521484666148046e-01 -1.002599233294984016e-01 3.307028919643819481e-02 3.031401636918181763e-01 1.626754550203561023e-01 -1.002135245293665905e-01 -2.531696688023266084e-01 -3.783637074370064246e-01 2.650378594153256565e-02 8.269946203743074042e-02 1.917617557894316094e-01 2.209877987709611136e-01 2.359827545501312629e-01 2.351528143478419097e-01 4.267022745372368031e-01 9.540575966748449099e-02 2.504757586858871177e-01 2.479831772312675597e-01 7.428960614063970236e-02 1.198693498571431065e-01 -1.829061984080184167e-01 -2.339793399776388116e-01 -2.830472139508496965e-02 2.409937997675392907e-01 1.437978554739495207e-01 -2.697525104681030572e-01 -1.136133329706768419e-02 -3.017065096780159883e-01 -2.686356849525601276e-01 1.970050851039309159e-01 2.341627246366974335e-01 -5.235239872211551460e-02 1.597587672482226051e-01 8.243927227990436313e-01 5.693938499312570789e-01 5.002677009386239382e-01 3.146773483998419607e-01 2.601028138626023112e-01 2.018100075874756927e-01 1.662235547275096592e-01 3.113498434922470914e-01 2.303310875775048949e-01 2.250095190539552481e-01 1.408169040019255636e-01 -1.117727167263667248e-01 1.459347311546788650e-01 9.842667253274126060e-02 -5.677292459681582137e-02 4.883909216801191611e-01 6.252925716633082054e-01 5.333153597685752478e-01 2.591322390091457262e-01 1.357785101076178225e-01 -1.237848884687196283e-01 -2.969984607813198063e-01 1.689494179728312229e-01 4.295144873860234913e-02 1.445132366387044398e-01 -3.225808157546594668e-02 -2.349685649869368842e-01 -2.598598034032946202e-01 2.544322156299295701e-01 9.658994050724775682e-02 1.013589429669945335e-01 4.676138259981621470e-01 -3.850115622187900155e-01 2.584134256509161287e-01 4.053422620437135415e-01 2.189541326040688463e-01 3.226778596524091935e-01 2.008355891536125204e-01 -1.784897081234753102e-01 -1.158917188144011762e-01 2.761953301884081391e-01 1.830193387771547331e-01
-2.987559560395404712e-01 5.803014284902811848e-02 1.896904570016636760e-01 -5.951774257115075711e-03 2.491690409990112709e-01 4.572476412947389934e-01 1.001329697824564040e-02 2.109716699297607689e-01 3.969472153419780214e-01 6.167019932654835834e-01 1.000000000000000000e+00 7.035494403511192152e-01 3.879378526760176027e-01 4.518054105355800432e-01 4.382804263215545615e-01 -1.915492344351980569e-01 3.675629475354097453e-01 1.322350846181376445e-02 1.402754440959460558e-01 7.329062465725134923e-02 3.333606999092639245e-01 2.502709894053343209e-01 1.507945544570427343e-01 3.742184473959317970e-01 3.363824020973805728e-01 4.742995063150639012e-01 -1.009306901810664570e-01 4.136641283048101553e-02 4.863037327112154085e-01 3.567209234984481531e-02 -1.020234877579358490e-01 -2.456717464422294162e-01 -3.602603655094017698e-01 1.660184727754397405e-01 1.731130624254158257e-01 2.886678407638179622e-01 3.038250737396516743e-01 1.329431564067112825e-01 2.419536543310652210e-01 2.859435029109485549e-01 1.843672522402845515e-01 2.438909783973251810e-01 2.995706189180076806e-01 9.179425531753618306e-02 1.069989762665303767e-01 -1.603291067433650352e-01 -2.276638993122277743e-01 -1.824067719641155882e-01 3.078347573633694600e-01 2.112365989227573959e-01 -3.713132634050068104e-01 2.888347433232582584e-02 -3.378379942676636993e-01 -1.999909206901401004e-01 3.809092104283269831e-01 3.928459741615293876e-01 2.211941627372152053e-02 3.624047395882441513e-01 6.635352108189455089e-01 7.649368322521964414e-01 5.758780556009279739e-01 3.771256898625753307e-01 2.478268300798389667e-01 3.325015429816819412e-01 4.217826637567237968e-01 4.164322006797200326e-01 1.684712805064374208e-01 4.249720809383770725e-01 2.377895030104243690e-01 -1.375893920416908778e-01 1.887371492647210158e-01 1.665917895113789293e-01 -1.224371821357276846e-01 3.516616872338202970e-01 6.315030741168816686e-01 5.347899377944522747e-01 4.524715661576394488e-01 1.187125763878868756e-01 -1.398674379830855130e-01 -2.727718071821160772e-01 6.392447382667278133e-02 -3.858108507030224427e-02 3.044265735424411118e-02 7.591882378867105541e-02 -2.308001553417539375e-01 -2.777503724006674113e-01 3.407955878613699308e-01 1.374942622373882817e-01 1.641652649406781517e-01 3.871838051043034468e-01 -3.897408026364370670e-01 1.940908322566758104e-01 2.953121464956279252e-01 1.718344451752262247e-01 2.829584391993122949e-01 1.753343737514132805e-01 -2.540821964273738964e-01 -3.036607618868347735e-01 3.036284235428665657e-01 2.482307381357061471e-01
-3.240734561634290856e-01 -3.519581828280486657e-02 -2.529289763438156112e-04 -1.596771947874275899e-01 3.763692724512023025e-02 2.237973735742547488e-01 -8.374657168434955501e-02 8.771888426862686772e-02 2.316071072580435097e-01 6.355449845948050180e-01 7.035494403511192152e-01 1.000000000000000000e+00 4.849728793705970764e-01 3.054795678753564059e-01 3.460777307622749377e-01 -3.231190363076682504e-01 4.866408538738849487e-01 7.274743064298952455e-02 1.806166049635078430e-01 2.152691260747548463e-01 2.342563898061092165e-01 3.881268885938631286e-01 1.339395612852985751e-01 6.530080111649217978e-01 3.915895601125962133e-01 6.497374513515259409e-01 4.852064621368504943e-02 2.361492621607095554e-01 4.460814783630784319e-01 1.069679140868100009e-01 -3.569949834470221295e-01 -2.688462570576468647e-01 -3.621788076024526348e-01 2.455576364625078889e-01 2.691099188332605197e-01 2.854036140331077664e-01 3.597517215402264990e-01 -3.581459047586669792e-03 1.586527372105183131e-01 1.998174414312875180e-01 1.695817761493839670e-01 1.224668314788849716e-01 4.150231713188875515e-01 1.047876746720319829e-01 1.088758922209175084e-01 -1.139099811321736822e-01 -2.906808633898030902e-01 -7.716354460027208262e-02 2.557700946206755699e-01 2.023199734009981654e-01 -3.360320144040938040e-01 -3.560920111958779805e-02 -3.119927974876101628e-01 -2.330679309783126041e-01 1.900009846184541051e-01 2.153888749132279734e-01 -1.141884965369385496e-01 2.164325460115078537e-01 6.034192817077516091e-01 7.348823011749731071e-01 7.306894507572289088e-01 4.130318161791224907e-01 3.207249128433445895e-01 1.870521715913443517e-01 3.202845612897268768e-01 3.141002953272114540e-01 2.865615738066341900e-02 4.821749743770881724e-01 2.630898469260511408e-01 -4.631089622641262026e-03 1.425071547792871041e-01 3.091721771433738053e-01 -7.291775585087192924e-02 2.449127847061068342e-01 7.629515703238620716e-01 6.029990746594855455e-01 4.289816424215248669e-01 1.891237843193546986e-01 -3.752157929675306036e-01 -2.735929126264604050e-01 3.314201452153547334e-01 8.990714820084648451e-02 1.257288797171590422e-01 1.311410223569913491e-01 -1.070222943674077748e-01 -3.771339306739951436e-01 3.722425228507676431e-01 2.573637352162156944e-01 2.475728932570921137e-01 3.750812409624181276e-01 -4.080237495149982019e-01 9.454417223754761623e-02 3.281631166234508790e-01 1.517100035928124480e-01 3.719367623965528225e-01 2.111329871021614679e-01 -2.708492410550717988e-01 -2.868818688189207489e-01 2.175984056841834269e-01 2.489380702482840713e-01
-2.683365571123812465e-01 3.216207550454508457e-02 5.166859188310703177e-02 5.247817039696994063e-02 1.133674755993677175e-01 1.794617649076840071e-01 -1.567476058290374202e-02 1.269702806503070491e-01 1.830115515885086253e-01 3.759125089804020714e-01 3.879378526760176027e-01 4.849728793705970764e-01 1.000000000000000000e+00 5.186693440327904137e-01 2.924732159846968882e-01 -2.172659928947640595e-01 4.001821237021124245e-01 6.543139595186822643e-02 2.996508791104385838e-01 5.444534156272882661e-03 1.714573528637695632e-01 3.587247672601797110e-01 2.085050155900810831e-01 2.524033977491165204e-01 9.137695998311283485e-02 2.627607600074906014e-01 5.263296421168392469e-02 2.045028106609542984e-01 3.994798228609268698e-01 2.588839716763234322e-01 -2.511595306673586325e-01 -1.231072412716949505e-01 -1.739148173326007796e-01 2.429883010630518314e-01 2.386090215772962153e-01 1.037450033490356777e-01 2.069294266564694063e-01 -6.247795232290929285e-02 7.441910645001612035e-02 1.186238836329061991e-01 1.874831036917565252e-01 1.996362778491731285e-02 1.445964996233301825e-01 1.015561571640699184e-01 -2.515986539405216937e-02 7.616330764455352120e-02 -1.380936195385987393e-02 -4.524913687648415839e-02 1.022322712286446306e-01 8.648779001181809700e-02 -2.376660746424811288e-01 4.674420738060250380e-03 -1.105754201871491926e-01 1.274260514782846708e-02 1.466159522178130947e-01 1.626373172640279696e-01 -2.058576400922927652e-02 1.790895576332976191e-01 3.204356000319573683e-01 4.103708500057733910e-01 5.034490365164862036e-01 7.920978428174171304e-01 6.699132589467028387e-01 2.533879864414533833e-01 3.358771457886821077e-01 3.091083470080521201e-01 -5.854824925238634459e-02 4.418945661882105469e-01 2.360312875213498307e-01 -1.197273683943001626e-03 -2.117649466019139518e-02 3.066841855260530325e-01 -2.991660408910775532e-02 1.269164246992625020e-02 4.654931060027187040e-01 2.000881622642647906e-01 3.774589727477762335e-01 1.695955122564264395e-01 -2.376788732214520639e-01 -1.245647873794092642e-01 1.961323229223846665e-01 3.865046522683397018e-02 1.726103808913867499e-02 2.154152453072502860e-01 -1.517926134635504964e-01 -1.933862400016721217e-01 2.874454232028205714e-01 1.749322528394710863e-01 7.122502536707803200e-02 1.166470011178135646e-01 -1.894652267697674863e-01 -6.517780040407797348e-02 2.394852717022440125e-01 2.467864562780600936e-03 1.344192926236979502e-01 3.335266085999782221e-02 -1.783569760588459008e-01 -2.406610904087973513e-01 6.959919919174879788e-02 7.591459020151535009e-02
-2.648985815048816028e-01 1.906831396426552083e-01 2.756434961824994478e-01 1.628205792529325568e-01 3.504118224621666777e-01 4.176629723585654208e-01 6.310854249193206811e-02 3.063632521497392514e-01 3.873916523339527851e-01 2.364261971947076990e-01 4.518054105355800432e-01 3.054795678753564059e-01 5.186693440327904137e-01 1.000000000000000000e+00 4.876858145299503011e-01 -1.574071472977574826e-01 4.065116668084371443e-01 1.259368683115664189e-01 3.636878787198210561e-01 -2.471054009502571952e-02 4.560172969316213520e-01 2.662947852235013624e-01 4.692275610320652546e-01 5.803695165405409195e-02 4.542050119987446621e-02 1.282768559964040378e-01 1.339645382463300859e-02 3.256118535249497709e-02 4.617047245823139301e-01 1.766895341092793170e-01 -4.239643614895298451e-02 -1.001103322588645511e-01 -1.177786358422925339e-01 2.210911795416273806e-01 2.201376432319906151e-01 1.643425999917688118e-01 1.109443698147764973e-01 -1.400963451398058376e-02 4.171350370902000837e-02 6.272406268114698313e-02 1.018167407079494241e-01 7.913543132643793832e-02 5.666419425756544920e-02 1.085260930966580606e-01 3.301184211887746994e-02 2.842736647456509114e-02 -7.134674282963777980e-02 -1.157744371115436849e-01 1.857968415304690202e-01 1.627902309714876206e-01 -2.598528861533019874e-01 1.083863289358389520e-01 -9.249356744864860314e-02 3.245977549466971118e-02 4.231620560060047609e-01 3.975837978457623656e-01 1.123028769629778878e-01 4.118310449365323866e-01 2.508431025483290888e-01 3.799640143759998590e-01 2.532540629185328074e-01 4.884010921362705870e-01 4.458171183912909008e-01 5.022085170916368302e-01 5.602788622686702968e-01 5.314914221486730650e-01 2.179015140769939921e-02 4.654164505205587998e-01 1.853378240915388442e-01 -3.105493274295551345e-02 1.330536828520956227e-01 2.324166205701149457e-01 9.328585173899817118e-02 -1.142613338860428047e-02 3.091284983603934666e-01 1.023161170500579836e-01 4.385725787966353040e-01 2.392770317288907822e-01 -7.757639218195243325e-02 -1.203805127336209091e-01 -2.631496549100831306e-02 -1.144477735097709503e-01 -1.038258994324640361e-01 1.616120429330846486e-01 -1.621961481452070808e-01 -2.002452332948357061e-01 1.827652256626607075e-01 9.432441647446142274e-02 7.060363271400532659e-02 -4.031592077526077733e-02 -1.631394159852517511e-01 -3.909070867407397204e-02 1.903538136398355562e-01 -5.749242022768043248e-02 6.025824590429087503e-03 5.546312773546989427e-02 -1.213507330282775076e-01 -2.450509261380589832e-01 1.871102068543976371e-01 1.277857972663786756e-01
-1.176598090790639678e-01 1.634165615862626930e-01 1.696097063391279747e-01 -1.468833900938651578e-02 1.871860362591358240e-01 3.434724445762618039e-01 -1.697278398823830470e-01 1.384229168333526994e-01 2.833704344300885802e-01 3.613101541949754192e-01 4.382804263215545615e-01 3.460777307622749377e-01 2.924732159846968882e-01 4.876858145299503011e-01 1.000000000000000000e+00 -1.852098576770399019e-01 8.579761248189959888e-02 9.135396255999650786e-03 -9.830578833301636954e-02 2.538737201420727119e-01 5.547978247354194981e-01 3.258717404335098600e-02 2.230862061800830409e-01 4.108783096886073349e-02 2.642733125362763391e-01 9.566578305578300745e-02 -7.377395287907458077e-02 9.119378830210210507e-03 4.200547697857536233e-01 3.350467422115755434e-01 -8.435375845280722318e-02 -1.329638776007258660e-01 -1.784919035268021092e-01 -7.665531466901912699e-03 9.999998140867676424e-03 4.477732626913020347e-02 6.145691264444476387e-02 -4.044197622854060759e-02 -1.073559243071104397e-01 -8.612068562230129620e-02 -9.821860586754127542e-02 1.484483500396213684e-02 -2.542890612636558231e-02 -9.868188627623585008e-02 -8.457430938786971927e-03 -7.401258690667929241e-02 -1.780054055898002141e-01 -7.187096877748437584e-02 2.944130660527994880e-01 4.336527091413280854e-02 -2.095372578352164561e-01 4.688041496993446827e-02 -3.018669330987278077e-01 -8.519475653068427079e-02 3.014817227884024620e-01 3.780243687776540518e-01 -5.646843378572599659e-02 2.264628075505877303e-01 4.185111076266697094e-01 3.841457512906311655e-01 2.270024129322630313e-01 2.007581165565344994e-01 1.796028284645065087e-01 5.639405772736041378e-01 4.962053930020610126e-01 8.144600166235290706e-01 -1.524327927811006955e-01 1.391103255175738795e-01 7.515789716529305831e-02 -3.869531128128025216e-02 5.418393553185885114e-01 -9.181070320912435023e-02 -2.714525728472901370e-02 -2.003233965049856444e-02 3.910428678470230235e-01 1.370134077967183339e-01 4.130605061624895713e-01 2.570784845083741721e-01 -1.473303345474120396e-01 -2.111316632553264516e-01 -7.848541527121220482e-03 -1.185675114482031001e-01 -8.496163049449384497e-02 -6.987556049654131130e-02 -2.208407109556501935e-01 -2.590873069392167771e-01 1.737964600996660669e-01 7.725601753635603919e-02 3.710368201551554612e-02 -4.986962127803685335e-02 -2.573540426652393132e-01 1.938032240133409634e-02 1.009027518438824003e-02 -5.674683813153356959e-02 -4.423322589037993746e-02 -7.492338262444797614e-02 -1.385182084303750172e-01 -1.232564471330390848e-01 2.971484494483774275e-01 -1.313677596634350506e-02
