1.000000000000000000e+00 2.170241205066937573e-01 3.191547197287270543e-01 -2.680925879444658877e-01 -2.727515796312509622e-01 1.135515135201185626e-02 1.290069310787213541e-01 3.663663649839422887e-02 -8.312890038895934253e-02 -7.191670261622805371e-02 -2.195536888380493490e-01 -2.398456723005764346e-01 -3.780890762840413699e-01 -3.767516158349468736e-01 -3.757171304637139109e-01 1.954094994058358237e-01 -1.761984600316297278e-01 -1.972342463434554050e-01 -2.248768176073514258e-01 -4.245051034561058145e-01 -3.930123286220262857e-01 -2.721267382898929221e-01 -3.140036542440505229e-01 -2.371762165351656293e-01 2.551851774107464776e-01 -7.540755606772475694e-02 -3.825507026413009770e-01 -3.583109114830094755e-01 -3.341173214268863267e-01 -3.658833671054509962e-01 2.783580221647096176e-01 3.077156043272001873e-01 -1.845973940937996674e-02 -1.917053218917502411e-01 -3.538802630087780621e-01 -1.230132819156833229e-01 -2.691593395635647479e-01 3.488281571518289104e-01 -6.517125398736345332e-02 -8.059311899544960300e-02 -1.542843954209433543e-01 1.551851303892589629e-01 -1.742696847263934812e-01 -7.954014172313610131e-02 -1.133588219017889615e-01 -3.111388414393484458e-01 -3.588658270807064121e-01 -1.973464641383626261e-01 2.291445899459673419e-01 -1.228631418780979229e-01 6.837064931734393447e-01 1.382643353200821434e-01 -2.639145564310357416e-03 -3.691718310030012717e-01 -7.140503853353424857e-02 3.685018176859812793e-03 1.080300115874021499e-01 -1.569506411796351142e-01 -1.605363705531533403e-01 -1.242512602813629491e-01 -2.943143914778012515e-01 -3.883356455813635755e-01 -3.565752076379404278e-01 -2.987274309576090636e-01 -3.059590295302500595e-01 -2.985820690433459434e-01 -1.266675376600782110e-01 -2.493162752974709684e-01 -2.908143906404545564e-01 -2.288214244213854220e-01 -4.220437079714817741e-01 -4.311235677135447086e-01 -3.010841339119179616e-01 -1.886699489497043469e-01 -2.345940797473149986e-01 -1.556978110065786736e-01 -3.892696726101402827e-01 -3.616432216389955934e-01 1.255658318732707363e-02 3.528423342853346245e-01 -3.094476296888430400e-01 -2.263716946527577212e-01 -1.283872115035117611e-01 -3.461175541499610375e-01 -2.850682623391500581e-01 -3.221941948977846137e-01 -2.428950942302039728e-01 -2.193698956644208886e-01 -2.613911520106348418e-01 -1.899749188845755166e-01 1.158785820769887669e-02 1.331933118014067274e-01 -1.687591848388677873e-01 8.131104442068283478e-02 -2.295447050955167767e-01 4.429727183724919970e-02 -2.253514436606657012e-01 -2.399024583599603244e-01 5.560718934683296644e-02 -1.066391430056008310e-01
2.170241205066937573e-01 1.000000000000000000e+00 3.322969593407687494e-01 2.212367126312904941e-01 4.302909812339859030e-01 4.988689726456205231e-01 4.282705918825862601e-01 6.388501441314718976e-01 5.447925579233994231e-01 -1.153807772460096054e-01 4.709831012067435679e-02 2.307093319887227462e-02 -6.043307301700116818e-02 4.419892231637883445e-02 -1.513935798631123042e-01 6.480085176042549300e-01 5.988377444817543499e-02 1.843546057947008932e-01 1.117042878939004114e-01 -1.748021342897117802e-01 -5.617669719205840156e-02 -1.831800481236653955e-01 -1.152290513694583934e-01 -2.168668778233261429e-01 -2.044960916556927688e-01 -3.421803339359568569e-02 -2.816365832138433833e-01 -3.050536091648147208e-01 6.554716304897038881e-02 -2.227701782322092372e-01 -1.572213897219291445e-01 1.083776111218246602e-01 -1.784611297165785218e-02 1.671313333723679212e-02 -2.622120687322130328e-01 1.860061764207095458e-01 -9.653658911744622539e-02 1.790287401533571798e-02 -3.983864108124929304e-03 -1.294724221461303615e-01 -3.137179143036405438e-01 -1.372724969604769696e-01 -1.415565313035385131e-01 -1.867038726789830849e-01 -1.899632586841651927e-01 -2.312269402885736291e-01 -3.277032017720528656e-01 -2.105486753308427605e-01 2.930566127096994600e-01 -3.838574606729037997e-02 2.337040880220730421e-01 7.622336651019923082e-01 3.853380453252425730e-01 8.112809295094103312e-02 5.375866523963295229e-01 4.372532518951142699e-01 4.960620726011356618e-01 5.709735478490309823e-01 -1.132334293528983460e-01 5.236349675487845384e-02 -4.399919158430241201e-02 -1.175478758848643411e-02 -7.324598841644559821e-02 1.013734612023635684e-01 1.124840397462921887e-01 -6.918456501784815693e-02 6.397514089953598715e-02 1.626390778096497847e-01 -1.013503985834828675e-01 1.389448172265286552e-01 4.010425456898782104e-02 -1.252241100819390107e-01 -1.925288365627944864e-01 -1.276502421080315253e-01 -7.403367237529207001e-02 -2.215278721639550863e-01 7.180517595501276218e-02 -2.908728048717834636e-01 -1.901230317191119346e-01 -1.413403202858344587e-01 -3.312562350228904773e-01 -3.040196261412193013e-01 -3.046454730098828723e-01 -2.121169416528240759e-01 -3.002919907133310695e-01 -3.645604506550138013e-01 -5.918094326225478014e-02 -2.829841054156037039e-01 5.214244284385567002e-02 -3.550947266179013684e-01 -3.168268988525509838e-02 -2.368915128628922701e-02 -2.092916053192829529e-02 -2.107970688003186766e-01 -2.058938964657269777e-01 -1.555353341964858527e-01 -1.460999297628109428e-01 -2.299679798364850092e-01 2.388330254746304226e-01 5.112009114968547874e-02
3.191547197287270543e-01 3.322969593407687494e-01 1.000000000000000000e+00 -2.404393426860785832e-01 5.020894674266705715e-02 5.927531814451183489e-01 2.399409305488383048e-01 4.040598502492493416e-01 4.785054653157223559e-01 -1.666176005591409048e-01 1.534061506445952017e-01 2.955958160073952623e-01 1.632665327653383125e-01 1.122580464419690172e-01 -6.427497880476043535e-02 4.424525756469440546e-02 3.147152593208983884e-01 2.987148700610960939e-01 2.992018609660943018e-01 -4.084300287087607589e-02 3.901222026435647444e-02 1.967541216381929470e-01 3.741561469553240492e-03 1.913564065377215961e-01 6.136885278957552453e-02 3.336973654763096264e-01 -1.372407699415141569e-01 -2.573376686958980253e-01 1.439948655919446319e-01 -1.202054863443060423e-01 -7.812140308383164200e-02 -1.071382257712891750e-01 -3.464312319307077392e-01 2.790824901969219951e-01 -4.764676248562495220e-02 3.229267551446389217e-01 -3.138516669438433382e-02 -1.036274779070139873e-01 2.527283967424251779e-02 -6.447814785695110684e-02 3.136208293127338079e-03 2.803661030881525740e-01 3.155886078971670838e-01 1.266977750679725845e-01 9.625291409605876702e-02 -1.678983934585990823e-01 -2.096937970183266053e-01 -1.403557080996813144e-01 4.992920460976776886e-01 2.544464250051605148e-01 2.169214267738641538e-02 3.486685220454895928e-01 -8.865503916311925914e-02 -3.278092640241087596e-01 4.572737858440160674e-01 5.144317179717252664e-01 3.258717629814313343e-01 3.535509830355645922e-01 1.232160801164831898e-01 3.700343691205278396e-01 1.921796551309077616e-01 1.203345290923054645e-01 9.381765932825703036e-02 1.444518047085603663e-01 1.112476274366985263e-01 3.130818933854040420e-02 6.129272546170000391e-02 1.548362650786330175e-01 5.836218859948376358e-02 2.332351366712488994e-01 5.504453704103215439e-02 -1.720042928464392620e-02 -4.211904049810862721e-02 -1.426735092795012975e-02 2.471319219860905469e-01 2.543404032385966906e-01 9.275126995659960238e-02 -1.365949567468594805e-01 -2.371547368116596610e-01 -2.128889010629243239e-01 -6.310226205323450632e-02 -6.113941013607607222e-02 -1.983591435994166985e-02 -7.497649565033712160e-02 -1.705430554425259870e-01 -2.114964512184884793e-01 3.672404779988321100e-02 -3.057501251705983525e-01 3.003656018548406803e-01 5.039799761337064588e-02 -3.293610874081741025e-01 1.573831222586942469e-01 -1.914306441913611254e-02 2.430009156084801669e-01 4.791764022822277841e-02 1.842752006604480575e-01 -1.348025806357988632e-01 -1.419321588994855721e-01 3.895587724103701244e-01 2.870350966175346241e-01
-2.680925879444658877e-01 2.212367126312904941e-01 -2.404393426860785832e-01 1.000000000000000000e+00 5.237870382727995988e-01 -3.798042062905438582e-02 5.285736663234351373e-02 1.523697896146851416e-01 1.348490006151416842e-01 -1.236327826311663970e-02 -5.234233835000372953e-02 -1.271875804078372862e-01 8.850886013826275711e-02 3.043284258154771438e-01 3.818570233529813840e-01 2.099374646452587811e-01 1.534493533982855167e-03 1.622283125634859657e-01 1.124976901525475137e-01 2.007495318468796308e-01 3.976950362452889021e-01 -8.708984008611202199e-02 3.532488752475889116e-01 -1.687131751592524376e-01 -1.912935600333235675e-01 -3.291207041996377369e-01 9.832862899930010225e-02 5.036294686291417633e-02 1.184444169265975316e-01 2.484206874906937368e-01 2.102667841509422639e-02 3.227412949693079791e-01 5.325569669061267497e-01 3.239883721019812951e-02 5.199037416042292387e-02 -6.474048036392170136e-02 -1.261705956077771758e-02 1.368835545295678247e-01 4.318208936810803006e-02 -3.328881668552130524e-02 -9.695692512030293364e-02 -3.419870618884996438e-01 -2.059223717458074088e-01 -3.464115637189167651e-02 -1.094807848677740725e-01 2.044194614329941095e-01 3.296090594552820163e-01 2.871578931457670070e-01 -1.797672685045625662e-01 -1.237279700872220695e-01 8.077037955929404489e-02 2.459396780498333823e-01 4.411006952323227592e-01 7.753097432327358263e-01 1.060730671289837473e-01 -7.628125788919438814e-03 2.705112645162753848e-01 1.812822947264841333e-01 -1.934415043467946627e-01 -1.054263133853097362e-01 -3.844537800567006391e-02 1.699728091189817158e-01 2.713185154952013067e-01 3.060194113015818895e-01 3.458634140160228299e-01 3.217891270365477174e-01 8.157304797067110869e-02 2.433098487260711984e-01 1.600283682756018233e-01 1.377669234301749090e-01 4.160522503933915539e-01 1.543125434939061069e-01 4.135795819243326399e-01 -4.605872057018606941e-02 -9.353969458166717932e-02 -2.590993464199411456e-01 2.177652318651353835e-01 2.290191957371145726e-01 1.250873039040822643e-01 2.984070346451369593e-01 -2.638162495598073837e-02 -1.326717214781894527e-01 -5.971867674712754565e-02 4.705882132372119636e-02 9.683107991792261338e-02 2.970468366626754508e-01 6.743905952498602252e-03 -4.633558895933604510e-02 -1.361855736535243049e-02 -2.025040496697762815e-01 3.654228232985003988e-01 -2.950183104776359366e-01 -3.373575133498080830e-02 -3.117079980854653987e-01 -8.977138768600383123e-02 -8.703070250423704246e-02 2.208021959037898274e-01 3.903040588092549501e-01 -1.104073245801463904e-01 -1.004056764788162359e-01
-2.727515796312509622e-01 4.302909812339859030e-01 5.020894674266705715e-02 5.237870382727995988e-01 1.000000000000000000e+00 4.063707464173412220e-01 1.112858740719112338e-01 4.542563496276850188e-01 4.512984644394751887e-01 5.222412602420298255e-02 1.909920251352303089e-01 1.650250608704806610e-01 1.344995070742462384e-01 3.294555104084542774e-01 2.063542335126717642e-01 3.870050975552790651e-01 1.264067640436281892e-01 2.915926639450922564e-01 3.076142315807420258e-01 1.952006267377059678e-01 3.703603365904064026e-01 -8.105307305488791692e-02 1.779660924240551445e-01 8.552761979220449562e-02 -2.470262487886377700e-01 -9.717469863110522743e-02 -1.743830659096867394e-03 -4.802742872698494148e-02 3.998668880334929066e-01 1.334328782347293449e-02 -2.793106662910555538e-01 -1.455832100776477400e-01 1.302093193797620174e-01 1.547143348772135885e-01 -9.839412589827870037e-02 1.323254097445088762e-01 9.682061288972781954e-02 -2.774048523824015899e-01 -1.040429148365191181e-01 -1.270213431956826178e-01 -2.083616409462686614e-01 -4.244223428066218884e-01 -2.171664634363572877e-01 -1.291229420850511234e-01 -1.523302874859205035e-02 -5.976420506660531928e-02 -3.411810030684567924e-02 -2.330940072622171566e-02 -7.172091532185408125e-02 -3.475348531766533217e-02 -2.114149550104476305e-01 4.415457401580303864e-01 3.196994611418308430e-01 6.662520396520147381e-01 6.300285653589881019e-01 4.267838529271112957e-01 2.907057268974415076e-01 5.897468844100355323e-01 -6.915574529179749352e-02 8.419220599961614593e-02 2.033681798766920068e-01 1.706915497587304653e-01 1.814092980885850526e-01 3.219020557307711305e-01 4.485938780738257803e-01 1.749171911503268340e-01 -2.934387175152912072e-02 3.178973065045247459e-01 2.124692234348702635e-01 2.572318017513507415e-01 4.601088026746766868e-01 9.992956863077289212e-03 1.333555760479231689e-01 -1.273010532598946587e-01 1.377611613397061452e-01 -1.365563988541687035e-01 3.982121200202331512e-01 2.396356141953681282e-02 -6.337674595046069448e-02 -2.133311638586808667e-01 4.733507095341370902e-02 -1.319779614272093837e-01 -4.924010662153083251e-02 -9.369377220065780443e-02 -8.001805748417985253e-02 -7.260220701836099522e-02 -1.958446287404584478e-03 -2.613448896502627572e-01 1.585036680766818695e-01 -2.055282742192467704e-01 -8.895746531470408169e-02 -3.799106015668597403e-01 -1.848734562900226919e-01 -4.524146044065545658e-01 -2.595162931653940963e-01 -2.649083143253214145e-01 -1.011133030726232007e-01 -9.164926257218264372e-03 4.690096156111822623e-02 -1.786070812890504927e-02
1.135515135201185626e-02 4.988689726456205231e-01 5.927531814451183489e-01 -3.798042062905438582e-02 4.063707464173412220e-01 1.000000000000000000e+00 2.654822388253705312e-01 5.462398373900503312e-01 7.865211074030779015e-01 -3.186526600574814995e-03 3.230329264757275665e-01 3.480419334786200025e-01 3.052313708642643841e-01 3.312510138644512714e-01 1.149909714845091940e-01 1.624102723958772421e-01 2.511514864750884479e-01 3.618473866692956120e-01 3.541082584163392499e-01 8.619867965010427624e-02 2.361495252404429424e-01 8.937651780528714507e-02 3.959147638404515029e-02 1.549937757744906108e-01 -6.808366655934679212e-02 2.415426519291770657e-01 -1.468437050304915725e-01 -1.630653606184989945e-01 4.253929933018177345e-01 -8.083926626125097215e-02 -3.125316958131889034e-01 -2.089048616037646466e-01 -2.845715640381918932e-01 2.219898444395078108e-01 -7.249865166102521796e-02 5.057906592497108944e-01 1.659715354855622049e-01 -2.373168998349337311e-01 3.348452551554890327e-02 -7.325590508256765720e-02 -1.438347049122213339e-01 -3.245305361979594627e-02 1.745984554161485180e-01 -3.427988332418028389e-02 9.166009233831953068e-03 -2.083972561131137435e-01 -1.822568859308573708e-01 -2.622789799377658881e-01 5.588278728087360259e-01 2.824604852187409532e-01 -1.237777174769321697e-01 5.063196196208020750e-01 4.348291815528477350e-02 -8.350860729830447693e-02 7.526744799094167160e-01 8.561731468430621161e-01 3.677757060699103908e-01 6.259856145962143792e-01 1.914936829174609390e-01 3.605442027227703239e-01 2.633128850356687978e-01 2.969913769901736944e-01 2.373397323626875999e-01 3.047853628558296890e-01 3.337580789731875441e-01 1.771660379410814334e-01 6.340662037960728692e-02 2.900233982009352007e-01 1.036934118457602388e-01 2.869440070086909378e-01 3.167545939569305080e-01 1.656419657619025501e-02 -7.931733357105845428e-02 -4.736463528962964187e-02 2.372246993319148400e-01 1.357078516195613926e-01 4.092635855529209721e-01 -1.180100418006501256e-01 -3.264377316854871758e-01 -3.982014558899616419e-01 -5.609721289035525527e-02 -1.603378484877119314e-01 -1.706970376678227097e-01 -1.141305194922831584e-01 -2.590247231282096219e-01 -2.881742562558433640e-01 1.649159176058090093e-01 -3.091114743424107636e-01 4.506591345624940681e-01 -1.088293836491971839e-01 -3.519729173146671775e-01 3.678924845146573641e-02 -5.271136312626298337e-02 -4.832474797683965900e-02 -1.012385994238452214e-01 -1.130273478297146583e-01 -2.327524166105713888e-01 -2.504259058122816350e-01 5.857119098363071652e-01 3.369854340982504914e-01
1.290069310787213541e-01 4.282705918825862601e-01 2.399409305488383048e-01 5.285736663234351373e-02 1.112858740719112338e-01 2.654822388253705312e-01 1.000000000000000000e+00 3.976512089855226972e-01 3.599607897269260226e-01 -3.573699851645525255e-02 8.753523355008081819e-02 4.573676699853471833e-02 1.111039628942011616e-02 -8.991443776685921485e-02 -1.805634412112618048e-01 5.349836015670446088e-01 -3.369749610881290353e-02 1.450895355602579116e-02 -6.750574450375219915e-02 1.113929845634136634e-02 -1.532418556215713046e-01 -1.846974682219881536e-01 -2.168234978520186262e-01 -9.948966985445165112e-02 -3.019855870695475897e-02 1.076008652008139839e-02 -3.082147799287123235e-01 -2.949159872115061365e-01 2.973395751077479929e-02 -2.445476827902420547e-01 -1.036997980573870770e-01 -2.611008887657652409e-03 -1.409813241594652378e-01 -7.019892163460667023e-02 -2.556579736651346524e-01 2.874685937533265068e-01 -1.777478485450819934e-01 1.660283077085187298e-01 1.318202516391479007e-01 3.756156790247360822e-01 -8.394046873353479266e-02 3.515053721283422066e-03 1.898175347263046002e-03 -3.866356641624875672e-04 -1.821564867196076298e-01 -1.724855893459905642e-01 -2.626395763108740899e-01 -2.589203797580196253e-01 3.626733605692915030e-01 5.675854279211723502e-02 2.391335675191353927e-01 5.422160444455196293e-01 5.966334944362498005e-01 -5.292456444665887688e-02 2.588367247789106207e-01 2.355865832340257870e-01 3.202661080227990897e-01 3.291468307943436478e-01 -7.856065468288861431e-02 4.615781791645700433e-02 3.398265720236209875e-02 8.023863921599589180e-03 -6.583804071293419824e-02 -7.652628138984644834e-02 -6.220373294791962243e-02 -1.325364532131849127e-01 6.273433534240977494e-01 -1.518394382462852528e-02 -1.163837668197619524e-01 -6.599525952738602430e-02 -4.705795439704846261e-02 -2.958269652632897900e-02 -2.044810336275559304e-01 4.897410288335153905e-01 3.669500584652157782e-02 -1.844539448996580441e-02 1.838702043804533353e-03 -3.007113756865583132e-01 -1.006521973299834422e-01 -1.077823235208361652e-01 -2.684459881324965380e-01 -3.036280162659268922e-01 -2.448029953566444039e-01 -2.026058399563241408e-01 -2.678927983839096139e-01 -2.590972707192288338e-01 -4.774640121036569790e-02 -2.329659567737656090e-01 2.012199124921800752e-01 -1.055333210289035178e-01 1.021636484390051336e-01 2.196853470609597681e-01 3.976891180295553663e-01 8.392304771951410516e-03 1.794585753621543711e-01 6.392408174081917749e-02 -6.164995342384708976e-02 -1.379041001270908395e-01 3.646005306271616897e-01 2.528716618789124682e-01
3.663663649839422887e-02 6.388501441314718976e-01 4.040598502492493416e-01 1.523697896146851416e-01 4.542563496276850188e-01 5.462398373900503312e-01 3.976512089855226972e-01 1.000000000000000000e+00 6.902629701025628783e-01 -1.631372344368554606e-01 1.119417386126570074e-01 1.681200837912864288e-01 9.940468431644151892e-02 2.904367202854425956e-01 2.067300118112348414e-02 5.301558111446282862e-01 3.747719078969768414e-01 5.641204457725087495e-01 4.727292590314237652e-01 -5.982071123392183887e-02 1.176550665949808450e-01 1.461291514104775258e-01 1.599973383452908404e-01 -2.514507892680901274e-02 -1.384615921462863664e-01 1.396557521073799324e-01 -1.499515786764400727e-01 -2.239600233534330131e-01 1.555137840820866868e-01 -1.048866609139211398e-01 -2.993500027254863971e-01 -2.103339011047889451e-01 -2.589855043284444713e-01 3.644659356378212589e-01 -2.984686736716316360e-02 1.922058750327358678e-01 -4.772864245040343151e-02 -2.516609847468025962e-01 -1.960112349803263543e-01 -3.198343253482571757e-01 -3.237996824175969901e-01 -5.351167598560667427e-02 1.424078947138079400e-02 -2.311059906273496833e-01 -2.304255879919387406e-01 -2.403603453891086650e-01 -1.763034891711643681e-01 -1.694278446109311331e-01 2.766847972230178088e-01 5.609648586298430009e-03 -6.966444535010775374e-02 7.310053910663839583e-01 3.217022064262458625e-01 4.496991656145383348e-02 6.579726116307562656e-01 5.221590908047299973e-01 7.808469285150796413e-01 8.302150583991236843e-01 -8.521793686665696255e-02 1.857751362002475204e-01 1.095903855190507176e-01 8.557395197097623918e-02 4.122539733955157132e-02 3.221115330085184136e-01 3.922534699258521940e-01 1.031898033922922092e-01 7.653089820849796887e-02 4.494198684943676025e-01 1.828170072114089217e-01 5.237568796314031605e-01 2.590480839627133380e-01 1.445796423235089223e-01 3.911236105229086088e-03 -1.907817110066756805e-01 1.627201719418168158e-01 2.355980085077327701e-03 2.369444977434876365e-01 -1.202055192828213326e-01 -2.868466252988871590e-01 -3.532054503530520639e-01 -1.808667278458056249e-01 -2.743403771556721105e-01 -3.095941139468716963e-01 -6.629152662973858412e-02 -2.573269838829169709e-01 -2.401754774267746972e-01 1.399538173339078852e-02 -2.303901264799149973e-01 1.920119357947873417e-01 -2.457155108528946141e-01 -3.525874480778206088e-01 -9.691326793691055694e-03 -1.942378121874794306e-01 -1.268185040402141639e-01 -1.894194997577954287e-01 -1.945660846226621998e-01 -2.095618809398365479e-01 -1.945094436691422735e-01 2.713459342872619473e-01 1.119053920442516642e-01
-8.312890038895934253e-02 5.447925579233994231e-01 4.785054653157223559e-01 1.348490006151416842e-01 4.512984644394751887e-01 7.865211074030779015e-01 3.599607897269260226e-01 6.902629701025628783e-01 1.000000000000000000e+00 3.487818151043076825e-02 2.724790423984332910e-01 2.827343760129484851e-01 2.933650609870889214e-01 3.699747133844642488e-01 1.690926811722676948e-01 2.253792652661119056e-01 2.480263303107425321e-01 4.252301819720875065e-01 3.795497163069157520e-01 8.710331437532931043e-02 2.211126290682377260e-01 5.129921025493312109e-02 1.559163095294870127e-01 1.308543334090631061e-02 -1.493516171784520785e-01 1.201595943762847063e-01 -1.118437975320398514e-01 -9.848962276203039601e-02 3.484843963477417539e-01 4.875888801693465183e-03 -3.054329622651525411e-01 -1.699976277690943838e-01 -2.046535210814948436e-01 2.223813701237379314e-01 -2.035430285331900346e-02 5.280705650015782293e-01 1.539291287651600448e-01 -2.054635403142663075e-01 -1.737174891976930868e-02 -1.328857104452911553e-01 -1.938699707004864770e-01 -1.219144677669691257e-01 6.544921136955256236e-02 -1.187699410665535721e-01 -1.492278541509843293e-01 -1.469956666902999531e-01 -7.759114176416792574e-02 -1.764243012358517881e-01 4.577348459616695231e-01 2.014997403319568892e-01 -1.251526335004739809e-01 5.945186052389104248e-01 1.912512133650567658e-01 3.654968994279596955e-02 7.311511549864514459e-01 7.685129134961481423e-01 5.357458543539086460e-01 7.833420779234077092e-01 1.630247580019627551e-01 2.496876217526596275e-01 1.990481331135968701e-01 3.094819827476922303e-01 2.298053587633580030e-01 3.883907285564658918e-01 3.999532898542713100e-01 2.569034234693396423e-01 2.049547017684796024e-01 3.578320218941454245e-01 4.855155735541465817e-02 3.455033260140455975e-01 3.579200423813453935e-01 8.494290353662185822e-02 1.746367870378760789e-02 2.190740578280397574e-02 1.315046946727025101e-01 1.443513677926798293e-02 4.246797220811167617e-01 -1.431244290088767336e-02 -2.937459601132332843e-01 -3.685908584530606658e-01 -1.534801912214712738e-01 -2.427714024689852923e-01 -2.907273952847610476e-01 -7.746738171600869860e-02 -2.448068554074482317e-01 -2.059010552757413182e-01 2.056996493580628138e-01 -2.284080460094143894e-01 4.182105375778701339e-01 -1.902410974043897418e-01 -2.497199337478243908e-01 8.463518560522376166e-02 -1.932683004314107375e-02 -9.974690623475343521e-02 -1.584125554887422238e-01 -1.623873150473977844e-01 -1.289147189296101226e-01 -1.450234545998812519e-01 5.224202510619634365e-01 2.875059728635143141e-01
-7.191670261622805371e-02 -1.153807772460096054e-01 -1.666176005591409048e-01 -1.236327826311663970e-02 5.222412602420298255e-02 -3.186526600574814995e-03 -3.573699851645525255e-02 -1.631372344368554606e-01 3.487818151043076825e-02 1.000000000000000000e+00 4.144360932928294883e-01 2.616827690409597729e-01 7.286421617107492754e-02 -9.735531046295418933e-02 -1.609778124249804099e-02 -1.916108317665335126e-01 -2.636185696505872755e-01 -3.105512429384467699e-01 -2.259330579778392190e-01 -2.472644324567735141e-01 -1.521556489916049693e-01 -2.851281579052689641e-01 -1.377556954003262280e-01 1.301920830165887444e-01 5.387765183555582871e-01 2.898784571482954445e-02 -9.520508977505068304e-02 1.666474800915665466e-01 2.080476018154872042e-01 -1.283595694274597410e-01 1.277331725863987688e-01 3.406613320861733712e-02 3.155699286584510987e-02 -2.437092841375677887e-01 -2.496720994903573465e-01 7.503789284603999687e-02 3.738241528124705559e-01 2.299563524350847071e-02 5.018544167989841265e-02 1.806905018206775015e-01 -5.097716940534696012e-02 -1.022692525318387308e-01 -1.844664688355923676e-01 -6.536167374944815492e-03 1.280361276348451205e-01 -1.686663200241429461e-01 -1.007805985249512204e-01 -2.464867625106148818e-01 -6.083853657302891460e-02 -1.012009124408844579e-01 -3.751922488993437999e-02 -2.115381894426776321e-01 -7.974649843197718913e-02 3.947206099728287065e-02 6.201897192384430053e-03 2.654658591308543467e-02 -8.274418111417670973e-02 -8.792420345779970725e-02 6.236616793716971419e-01 -9.014043774597435554e-02 2.654366190193147707e-02 4.674071943759386394e-02 3.533470106757941737e-02 -1.342021020355761152e-01 -1.125276185990468497e-01 -6.829557590514230558e-02 1.131585484763849847e-01 -2.390150188477805637e-01 -1.142783098917613677e-01 -3.217569961563295777e-01 -1.196097716916055542e-01 -1.641730943063395842e-01 -1.730586929880916502e-01 1.688407078864804511e-01 -1.419351205079986411e-01 2.781114176218033029e-02 2.169598143544282653e-01 -3.470997591543157484e-02 3.759928196059276750e-01 3.383687387999009810e-02 2.940769701344852355e-02 -2.962027558223724946e-02 2.178260723749112504e-01 -2.195217078186877668e-01 -1.101949042353934510e-01 -1.328901677784198876e-01 2.771523820367552404e-01 -8.160465293141143384e-02 -1.653750644210565668e-01 -2.779318690070721725e-03 4.158485053560959793e-02 3.528934942130393382e-01 8.873440075708462216e-02 -3.102461086012950689e-02 -2.327127555630667810e-01 -1.123499329772570526e-01 -1.995301651970294021e-01 -1.837884499579851560e-01 1.651107114057519688e-03 -1.169248810200248651e-01
-2.195536888380493490e-01 4.709831012067435679e-02 1.534061506445952017e-01 -5.234233835000372953e-02 1.909920251352303089e-01 3.230329264757275665e-01 8.753523355008081819e-02 1.119417386126570074e-01 2.724790423984332910e-01 4.144360932928294883e-01 1.000000000000000000e+00 7.658711766192248804e-01 4.571823588336346167e-01 1.624017313121624284e-01 1.003892870013303323e-01 -7.727370090603302710e-02 1.676801858972103154e-01 8.670886424118803837e-02 1.051804418110029588e-01 4.478396338992666342e-02 9.899987987473601869e-02 4.471387058091986361e-02 -1.293765547491151635e-01 4.825031375851208115e-01 2.832522404069414135e-01 4.858838932228801144e-01 -1.128469730030331047e-01 5.064312636762249853e-02 4.338236306813737508e-01 -8.638143358986657971e-02 -2.902036031938225458e-01 -2.660152663461234357e-01 -2.581529249687763428e-01 9.595406527125344143e-02 -1.137959669666987056e-01 3.373742906973421496e-01 3.204290397511536659e-01 -2.949801608568769495e-01 -1.906994114407713952e-03 1.346939312946153766e-01 1.666401156297635244e-01 1.327722939440821315e-01 3.269615132534067770e-01 1.520795215645632803e-01 1.593481971326365376e-01 -1.998355022792298874e-01 -1.880684185157829591e-01 -2.721742667250198200e-01 3.248654446207301372e-01 3.080134602393820864e-01 -2.520948924897317145e-01 6.268171144108385107e-02 -7.064572654199555157e-02 2.080533127002512708e-02 2.266349419563039591e-01 2.935183507638823852e-01 7.358321535113292178e-02 2.173158517220913077e-01 6.091877085447904294e-01 5.340264442202681261e-01 5.817272018220595031e-01 3.865771882177667651e-01 1.734240733441532734e-01 3.492126957635414974e-02 4.743574661730975972e-02 7.807613988625701495e-02 2.269802989266088145e-01 -4.583953679794978975e-02 3.760076052245708844e-02 9.656597410252543146e-03 9.908664981297332641e-02 -1.494850391054684119e-02 -1.712581415427278375e-01 2.166343457297132125e-01 2.524581159446018797e-01 4.325655091226294213e-01 3.013861217317083674e-01 -9.375077160244353613e-02 -1.039633901932585647e-01 -3.411292832767687799e-01 9.343277897864218917e-02 5.177631930117824154e-03 9.676297426913617328e-02 -1.281065531354789455e-01 -2.068240916717788147e-01 -2.281113919251095412e-01 2.382632898243768893e-01 -2.364881129676124905e-01 2.867369403220573210e-01 2.176712180383767181e-01 -2.416318543184464152e-01 2.076274091158659962e-01 1.439909619949296393e-01 1.933523288814307795e-01 9.696258358694469226e-02 6.023716580917632540e-02 -2.403520206405554138e-01 -2.107288275441677183e-01 4.135986952020292429e-01 3.270914743820716453e-01
-2.398456723005764346e-01 2.307093319887227462e-02 2.955958160073952623e-01 -1.271875804078372862e-01 1.650250608704806610e-01 3.480419334786200025e-01 4.573676699853471833e-02 1.681200837912864288e-01 2.827343760129484851e-01 2.616827690409597729e-01 7.658711766192248804e-01 1.000000000000000000e+00 4.993636558104797563e-01 2.137473146695735293e-01 8.292063602189155003e-02 -1.052173187850789088e-01 3.613034763891422307e-01 2.001675297702942558e-01 3.232295746192611063e-01 8.694553470435684162e-02 1.389178501449851444e-01 1.655694156495189084e-01 -5.353702610790882221e-02 5.683737373521234870e-01 2.352287443589365645e-01 6.196399672533829950e-01 -1.115953011849013105e-01 -3.083839986375436909e-02 4.096627164844448554e-01 -5.384796493768321396e-02 -3.331727099578872253e-01 -3.462745074796259592e-01 -3.416455892581599096e-01 2.168995496452714999e-01 -7.743700904754287351e-02 3.498692936100171735e-01 2.719801539378614019e-01 -3.064978424356964437e-01 6.330028374809482106e-02 7.127590909931356966e-02 1.248200595700109661e-01 2.310591788941255831e-01 4.349328259394564800e-01 1.440965334126803610e-01 1.841922698598684460e-01 -2.315398064869648165e-01 -2.143411838216540966e-01 -2.993968724647414481e-01 2.837802224929885098e-01 3.205759855773650524e-01 -3.601208996000554441e-01 3.193591777640532314e-02 -1.145404782397950322e-01 -4.591339674691945899e-02 2.463041673283238586e-01 2.941573466990771157e-01 1.038333277047542302e-01 2.452883622866624258e-01 5.908637930749655043e-01 6.616384400501328367e-01 7.203421428439458207e-01 4.354868775435893902e-01 2.287046035017230305e-01 1.536764686215279507e-01 1.728842365806780579e-01 8.257857381815093822e-02 1.879267379232226753e-01 1.541723274619699879e-01 1.248489648641473854e-01 1.270492673147561036e-01 1.420742560449698710e-01 8.997202782885503625e-02 -1.055712661494686427e-01 2.019970525750192369e-01 4.258494604645934878e-01 5.606738345740158724e-01 2.975644414901832957e-01 -5.994215501542612956e-02 -1.651189865732559103e-01 -3.981427271266388401e-01 1.350706627854577069e-01 7.721326675916751099e-03 1.086547326385014639e-01 -8.450470403986955203e-02 -1.973196078016055677e-01 -2.368818873774375944e-01 2.347462125296501390e-01 -2.913492370084573291e-01 3.348571600221720845e-01 2.264263667976749717e-01 -3.804816027925131405e-01 2.800663726169882461e-01 1.479550572485786308e-01 2.928735838119820301e-01 1.813167863646623912e-01 1.252378424478343133e-01 -2.694291753267845091e-01 -1.994483391148189622e-01 3.292538261919695231e-01 3.315879566253471800e-01
-3.780890762840413699e-01 -6.043307301700116818e-02 1.632665327653383125e-01 8.850886013826275711e-02 1.344995070742462384e-01 3.052313708642643841e-01 1.111039628942011616e-02 9.940468431644151892e-02 2.933650609870889214e-01 7.286421617107492754e-02 4.571823588336346167e-01 4.993636558104797563e-01 1.000000000000000000e+00 4.917734022851308895e-01 4.510050927546735977e-01 -2.055487817413592100e-01 4.599634998370657479e-01 2.748585171963795482e-01 3.728437297796508565e-01 3.495110776532979746e-01 3.875537921404326736e-01 3.848775972543284074e-01 2.180219170022925923e-01 3.453402902402609165e-01 -1.139457057595513571e-02 2.731181622520406638e-01 2.277510014069872302e-01 2.523406166634388770e-01 4.426124629718403702e-01 2.661626591058164348e-01 -2.527280101276138113e-01 -2.739129132795331545e-01 -9.737342842712805313e-02 3.334491367412546481e-01 3.313728066772347325e-01 3.920691178309811398e-01 3.631285951895200648e-01 -2.200614766203199124e-01 1.768398583301644678e-01 1.050874323816393952e-01 2.211669992100193105e-01 2.555211212687679562e-02 3.719474945516806352e-01 2.267166497438134476e-01 2.342935284075986224e-01 1.840542235697788243e-01 2.409403608065914804e-01 5.022374121887323434e-02 2.074912957375084355e-01 4.063458408510781661e-01 -4.131665917494753981e-01 6.435755885812813326e-03 -1.929686237646608127e-01 2.339444754317045183e-02 2.169920512084523023e-01 2.617343723806164757e-01 1.803833289236547385e-02 2.305366694565388896e-01 3.711167434385820862e-01 5.592020987954898770e-01 5.946830194171486283e-01 8.290294871915099284e-01 5.616349650421964546e-01 4.273761255754329191e-01 3.454161659220920666e-01 4.180170422214711246e-01 1.746442152634241352e-01 2.550091329076396018e-01 2.419318308065462053e-01 2.051612041858781599e-01 3.678243925402838732e-01 3.576978449315367237e-01 1.518488383730672020e-01 2.007572760803611467e-01 3.477767734379283437e-01 3.238113627068458511e-01 4.419317776329064751e-01 2.766100982812672582e-01 -4.552563441320871956e-02 -3.180093777273215738e-01 1.639091099000765661e-01 1.701731045651136143e-01 4.117743277831743820e-02 2.641695282981100790e-01 4.806479606394233745e-02 1.544228517862483718e-01 3.704268287678508798e-01 -1.081685063117164211e-02 4.950528535990471601e-01 2.857735155137653416e-01 -2.779936176974799333e-01 9.761402209916265893e-02 1.836216175011905760e-01 1.375680090572352354e-01 3.088565136499585306e-01 1.392340293147006358e-01 9.319050308358597934e-02 8.843627104457413290e-02 2.919993185751887932e-01 4.382715082343057178e-01
-3.767516158349468736e-01 4.419892231637883445e-02 1.122580464419690172e-01 3.043284258154771438e-01 3.294555104084542774e-01 3.312510138644512714e-01 -8.991443776685921485e-02 2.904367202854425956e-01 3.699747133844642488e-01 -9.735531046295418933e-02 1.624017313121624284e-01 2.137473146695735293e-01 4.917734022851308895e-01 1.000000000000000000e+00 7.383083693987294582e-01 -1.039543798492976595e-01 4.166401825402174519e-01 5.195257913619379941e-01 6.253123793521135898e-01 4.531380396168874780e-01 7.504828807001597824e-01 4.568779429300906525e-01 6.464274106677664333e-01 2.551735595200065321e-01 -1.955083415888731191e-01 8.071355676186491024e-02 3.690186399272412099e-01 2.980522892272954305e-01 5.415963225862381325e-01 4.165465366959421045e-01 -3.662979342356437740e-01 -1.905519668107022724e-01 -1.197184992520373102e-02 3.832967124641028511e-01 4.357888724143887949e-01 2.254045132477320301e-01 3.181633269957822585e-01 -2.543069502326260056e-01 -5.186046161069916144e-02 -1.637047951612650987e-01 -4.793096744415543953e-02 -1.195945282966690698e-01 1.309627655274745173e-01 3.077406098635989545e-02 -1.366616281744002966e-02 1.913465208386342375e-01 4.563156263427765036e-01 2.687496066175829590e-01 8.693074345151004245e-02 2.237302828202582805e-01 -3.721168070820395912e-01 9.311893755967567965e-02 -4.769564960058100822e-02 1.780171589935183318e-01 3.577679752236174182e-01 2.841244099423487213e-01 2.265639193333674195e-01 3.382340594076496676e-01 1.713573528177242400e-02 2.845302194239819893e-01 2.170088027725343427e-01 4.983000583983172027e-01 6.425861960022360986e-01 6.059386753090977296e-01 6.828606592853629920e-01 6.790942194262304943e-01 -5.690141503290925551e-02 5.335683027056624672e-01 5.260004721424785812e-01 5.043269519679673962e-01 7.598674655816899381e-01 5.586502792957299679e-01 4.964623901661137650e-01 -1.098641253609593110e-01 3.499411519714553664e-01 1.287456955715816642e-01 6.835677959638427614e-01 4.500455688343460436e-01 -2.544607554959665840e-01 -2.080315322136933320e-01 3.208427274898543735e-01 3.909008507194682014e-02 -1.665837256636776564e-01 3.181245646299741270e-01 1.828024731054642416e-01 3.367859165818388179e-01 3.806059437834900527e-01 1.064806502201767896e-01 4.160173863049118070e-01 5.515366376193094056e-02 -2.440286576847960354e-01 -1.955870643045910240e-01 -1.019966978893513676e-01 -1.153198424188507515e-01 3.589033984620795814e-02 -3.818811498987451092e-02 1.187330890815081752e-01 3.225946481849882863e-01 1.529837125853955870e-01 2.201722553734658805e-01
-3.757171304637139109e-01 -1.513935798631123042e-01 -6.427497880476043535e-02 3.818570233529813840e-01 2.063542335126717642e-01 1.149909714845091940e-01 -1.805634412112618048e-01 2.067300118112348414e-02 1.690926811722676948e-01 -1.609778124249804099e-02 1.003892870013303323e-01 8.292063602189155003e-02 4.510050927546735977e-01 7.383083693987294582e-01 1.000000000000000000e+00 -2.726065887026725143e-01 1.617349043015286481e-01 3.365494198527070879e-01 3.058126499540623211e-01 4.842920688282585928e-01 7.606326247024320919e-01 2.872361525717337383e-01 7.093501727351222419e-01 1.549653998092627161e-01 -1.743792333368021641e-01 2.246157437813357978e-03 4.698072970964442541e-01 4.871389527622455584e-01 4.790723706214471966e-01 5.923948489479361479e-01 -3.032836194399318730e-01 -9.442685541874608346e-02 1.705518428917666141e-01 1.990362268003994517e-01 4.216484274204594929e-01 1.543127578153371815e-01 2.717107429246117811e-01 -2.161639968951239443e-01 -1.189068277183025629e-01 -1.213961469106997204e-01 -1.796539631945236540e-02 -1.081743985635968547e-01 4.536589288568023542e-02 8.730421452678119310e-02 -8.568560349852594182e-03 3.763128249151875271e-01 6.154959351540271184e-01 4.535040756783221827e-01 -4.924925120754159585e-02 1.408364352204874714e-01 -2.963014279092182068e-01 -1.026526202017420952e-01 -9.987662224767739072e-02 2.510348048238883467e-01 8.483602945112941884e-02 8.316080357568331194e-02 2.840224850014996458e-02 8.796231987572390720e-02 9.316325743528315606e-03 2.016799181856389900e-01 1.801280453217830591e-01 4.518804851583764215e-01 7.023619187357565963e-01 5.856388024289915784e-01 6.268466134825844138e-01 8.691448300463001653e-01 -7.786301721107677376e-02 3.218996568493399657e-01 4.093139060661628026e-01 3.318264744436476565e-01 7.592853047153601542e-01 5.008688474352177566e-01 6.165560114413183301e-01 -2.329432534321751111e-02 2.262258860884475975e-01 1.275426500329227830e-01 6.141728417422196440e-01 6.361267459943433789e-01 -1.771158050126623862e-01 -5.834742984842232472e-02 3.336045264505283492e-01 1.777315696475913545e-02 -9.583725961229691559e-02 3.177583698126106304e-01 3.558018402091153720e-01 5.206163146068824021e-01 3.517429530030446450e-01 2.880555508840548229e-01 3.434380436031091999e-01 6.844894414972257923e-02 -1.107935160370558114e-01 -2.635228337874537252e-01 -1.395443793146685096e-01 -5.870718906773587237e-02 4.765532703124712027e-02 3.270986182544410609e-03 2.841872151098305821e-01 5.408735503729277250e-01 3.920867458479287276e-02 1.462322248381236478e-01
