1.000000000000000000e+00 3.633058006845987231e-01 3.113475573261106355e-01 -3.555978561478069511e-02 1.116608656241371289e-01 2.010821771991587181e-01 1.757397380285566357e-01 1.779855512210548885e-01 2.399802738322818207e-01 -6.846703247501025047e-02 -3.223803189832016858e-02 -4.704846684860120726e-02 2.788724237723127497e-01 -1.501809988508548410e-01 -2.895724636145249331e-01 4.086653275015325604e-01 3.024629631892118420e-01 2.462545356976481581e-01 1.148111747737643323e-01 1.048409319667151784e-01 -6.267080748618174268e-02 2.357358198683704442e-01 -3.311989191456231052e-01 -1.016519149410114176e-01 2.280750941554240963e-01 2.176522827223834056e-02 -1.285870874415499243e-01 1.008080875818813393e-02 1.419478473520388306e-01 -2.987658370953588660e-01 3.501588585982303159e-01 1.737614685943867365e-01 1.170597808841296189e-01 3.108501741685420483e-01 3.259571777815497562e-01 -8.113571334875455121e-02 1.030580446261593897e-01 3.428250525393664039e-02 -2.626759434010927929e-01 -2.932573113894623162e-01 1.343596728973894261e-01 5.745726345832751214e-01 1.215868987135972912e-01 3.038129096404020846e-01 3.273375079541891997e-01 -1.337595938285997543e-01 -3.053526061360551380e-01 -1.468071748113499442e-01 1.625659976052015732e-02 1.781680626525908862e-01 5.330030275313314414e-01 5.828628765652470456e-01 3.717043612428085342e-01 -2.172040083345078698e-01 3.470849403452969661e-01 4.461734177278437463e-01 1.158903169718921433e-01 1.534495455259691776e-01 -2.163767242761195364e-01 1.543573861760393906e-01 2.237312329562357593e-02 1.341796344394104168e-01 -1.814738265216511159e-01 -2.694824406631054492e-01 -2.482080491064821703e-01 -2.796894884226698297e-01 -1.471426863393675288e-01 3.019221917843917802e-01 2.247619565851956269e-01 2.021514218175704258e-01 -9.349288691531337054e-04 -8.759762074989330127e-02 -3.317257616324882918e-01 -1.923614373361005325e-01 1.895525157939226615e-02 1.901850085029736792e-01 -8.911796598182972207e-02 -3.780345857163924794e-01 3.228452997104105382e-01 -7.163780140287448472e-02 3.302379779894706185e-02 1.536614922441521258e-01 2.522057510768039856e-01 3.475992336891989831e-01 -1.711017438677348013e-02 -2.288516371401307925e-01 3.059924138687705741e-02 -2.663233539478627732e-01 4.996042073857422106e-02 1.012301145338620999e-02 -1.046939811095006292e-02 -1.145562672238800150e-01 -2.513872019437994876e-01 4.947138312423418616e-01 4.825623748258638102e-02 2.777245506928610608e-01 -2.161218233904760866e-01 -1.165747703107410937e-01 2.171831854012032104e-01 8.742335535391881907e-02
3.633058006845987231e-01 1.000000000000000000e+00 6.199813175012526267e-01 4.813136699246081118e-01 4.637545224342647376e-01 1.903599968611732751e-01 2.762500197661056922e-01 5.317140285756145612e-01 2.547064317344565620e-01 2.365628717023502553e-02 4.207511960635541837e-02 3.023693751231435953e-02 1.790102360050842834e-01 1.104888641714756592e-01 -2.885730933358487960e-02 5.837147341946300472e-01 2.983678561018919262e-01 3.708664600412550083e-01 2.610366472341096311e-01 1.260803505103548772e-01 3.504946078422472300e-01 5.282009187168627655e-03 4.185607456823751960e-02 1.360435818831434163e-01 4.850021097093538680e-01 2.936519927688506781e-01 3.899187380993862639e-02 1.961625458770621319e-02 2.387655408697025583e-01 4.968912485890364383e-02 8.326933861696587946e-02 4.965164220938053652e-01 1.801781620343589907e-01 -1.104100710785520523e-01 -1.380226824380739459e-01 -3.526990162475732160e-01 -2.005990767516697415e-01 9.210289538548713240e-02 2.071222857919934913e-03 -1.887705649453579049e-01 -3.551588154223628835e-01 2.449918515642306449e-01 -1.966530229646220804e-02 -1.046412462015134798e-01 -1.303979388406905360e-01 -1.079807447912611851e-01 -2.460039995947608249e-01 -2.356903631817243994e-01 -2.953934103529191613e-01 -1.719369384548851687e-01 3.879239367622160373e-01 7.323738642535663201e-01 5.638889778206770398e-01 8.140704077029593810e-02 3.121962707658371694e-01 3.824529706700690590e-01 4.085722719430578964e-01 2.559792953856563913e-01 -1.647432782067211610e-01 1.677281858736626163e-01 2.354488886376820411e-01 1.338243927595530458e-01 7.886816640320624960e-02 -4.825829985307618711e-03 1.243645150456588605e-01 8.286893883210392012e-03 -1.911718062128957285e-01 2.949262881081262666e-01 -5.675454918768453594e-02 1.124136423210228414e-01 2.856710985085534338e-01 1.057359012007562660e-01 8.981384518339031661e-03 4.375369130462666151e-02 1.632205688689515044e-01 5.203131455160426855e-01 1.530957655438484055e-01 -3.369109567591415527e-02 1.607915788514551469e-01 3.330725077034030757e-01 -3.596751085643970502e-02 -4.034872045467340351e-01 -1.825004194825494142e-01 -9.477720387220793519e-02 1.294829612560083054e-01 -3.440668793105724488e-01 -5.022574095673244809e-02 -2.170992619786243916e-01 -2.199030598322230523e-01 -3.032420148834058526e-01 4.281216993107524876e-02 1.091183391073935333e-01 -1.157099017610999508e-01 1.518816159058873905e-01 6.055438272633888175e-02 -2.488475647861087547e-01 -7.751278431019463511e-02 -2.039026857586145325e-01 -6.767240093759099850e-02 -2.230045035645751295e-01
3.113475573261106355e-01 6.199813175012526267e-01 1.000000000000000000e+00 9.770093821806942469e-02 2.974714862849081598e-01 4.407739664895179432e-01 1.995911211884619230e-01 1.944875698740196890e-01 8.468135722723760250e-02 -1.321487846017380379e-03 8.504959535062978082e-02 7.107077861905999883e-02 1.973180641512315703e-01 1.003609134237402195e-02 -1.056814467463895874e-01 3.834675554140087872e-01 1.355553205122310978e-01 6.165712371675392822e-02 1.182086571799906421e-01 7.876658480543126395e-02 1.662422095655767262e-01 -4.391042829313553976e-03 -6.633596838970513832e-02 -4.544301497286355740e-02 6.086235986895714989e-01 2.119796452306144108e-01 -8.505617899564842793e-03 -7.395400330855365911e-02 8.057866465680049717e-02 -9.516494802547494081e-03 3.169999267908681917e-01 3.524305989189320809e-01 -5.309508735106890399e-03 -1.760248328672705254e-01 -6.796556415582892530e-02 -3.739484137833921085e-01 -2.354979386198953750e-01 -3.295467751306439819e-02 -3.009487649089496314e-02 -2.435895959722829407e-01 -3.314814381169136071e-01 5.088959550669944210e-02 7.331457706553742848e-02 -1.568430060126819736e-01 -1.293158021253101309e-01 -1.492104275357956644e-01 -2.247500365483394713e-01 -2.074526867644370109e-01 -5.210309733482632738e-02 -2.146526219449664263e-01 3.831045278744784066e-01 6.391782869313629156e-01 2.657957822578866924e-01 -1.165305821860848356e-01 4.041607126624488511e-01 6.094920835842719820e-01 1.121964705726965078e-01 -1.455597847177040119e-02 -6.541691738785948562e-02 1.569278660201007813e-01 2.911636382965492320e-01 1.352642310361503730e-01 3.542234542196088382e-02 -8.676000350381543602e-02 -2.341402204169067483e-02 -7.280596624467650102e-02 -3.413394354184318691e-01 6.923380806771867180e-02 -2.071826666790902438e-01 -9.565540325160062918e-02 1.224679389987102102e-01 -8.022228999531966220e-02 -1.359550041023294686e-01 -1.313875444906285328e-01 -8.299092179207121682e-04 4.899618566064382064e-01 5.809759471603862663e-02 -1.164113291063249289e-01 4.094696905329799352e-01 2.382926942181169128e-01 -2.767261775796124867e-01 -3.031021684764810820e-01 -1.808087088014405930e-01 -8.092031498591963079e-02 5.996463241116507456e-03 -3.113644253494090020e-01 -1.832085622969995276e-01 -2.514580306959552924e-01 -3.220466618549367444e-01 -3.725213069510836528e-01 8.238220211946388483e-02 3.206203809580943087e-01 -1.429033018805918043e-01 8.913431393580716067e-02 2.678484605201578717e-01 -2.593885604418869062e-01 -1.548099652639954582e-01 -1.772919177292934523e-01 9.398494643213560484e-02 -2.215434415906179233e-01
-3.555978561478069511e-02 4.813136699246081118e-01 9.770093821806942469e-02 1.000000000000000000e+00 5.811842154241285696e-01 -1.230462353503392579e-02 1.912253773481009111e-01 3.087579401938503887e-01 1.187528479130848663e-01 1.315492114696960313e-01 1.529249654422621396e-01 1.092644647995589663e-01 9.988190566683767535e-02 3.780996213264730121e-01 3.789682672192300483e-01 2.411038511553547647e-01 9.407053551393966540e-02 2.111056313903648396e-01 2.096305062587929535e-01 1.364711160114616684e-01 4.615554245883859985e-01 -1.735846303527001921e-01 3.891975168064018553e-01 2.023391115009558761e-01 1.870876399408379909e-01 2.133363504520860987e-01 1.874092496496032878e-01 1.604609497988805644e-01 2.953231657842557700e-01 3.518233972636325979e-01 -2.869534708955478464e-01 5.260971213340598363e-01 3.605943272785425702e-01 -2.095975226854387419e-01 -2.645127756664456542e-01 -5.926148961265493426e-02 1.085103460046656781e-02 2.593199970215392391e-01 1.539250364676286453e-01 -1.414452570951941525e-02 -2.459593042592327083e-01 -3.874529862455600160e-02 -1.894404863954423923e-01 -5.650743390000417810e-02 -3.363524555111145897e-01 1.003467561395233049e-01 4.973647286580453603e-02 -3.948859239328822261e-04 -1.351405571885875012e-01 -1.237307624766965583e-02 -4.360347181404489875e-02 1.661613511799303611e-01 3.534158259763017229e-01 7.137998610755202922e-01 -8.231307601674130170e-02 -1.203806533378366656e-01 2.443554912415089597e-01 1.304794791868093828e-01 -8.228315829242782709e-02 1.535301537778874514e-01 2.166403390687770270e-01 1.530751360156514251e-01 3.220278454477741303e-01 3.432958414270469438e-01 4.482587988808083290e-01 3.825736023969298349e-01 -9.065120846034765978e-03 1.927796629376666016e-01 -1.237342364125375432e-01 -6.340190420541233496e-02 2.562481023182967554e-01 2.552406234166578261e-02 2.739403559441579428e-01 1.141491044001729099e-01 2.256001733063616455e-01 2.427722749881771058e-01 2.535854130065122169e-01 3.064805061512071993e-01 -2.635519250415427894e-01 5.142441586598588410e-01 -1.531219585401608768e-02 -4.250056124985129857e-01 -3.538013335254782121e-01 -2.761488061186948006e-01 2.274798929485902510e-01 -1.107593042100313840e-01 1.266586535161445259e-01 1.190963738988999425e-02 -8.527334822513921164e-02 -2.163396659779455722e-01 1.085159482918613139e-01 -5.864547732065934771e-02 6.605936679247430277e-02 -1.379676851262923720e-01 -2.561789033802380766e-01 -3.108623794265858442e-01 1.444722911333369830e-01 -2.899108814222838351e-02 -1.044083363296017808e-01 -7.519845749762646414e-02
1.116608656241371289e-01 4.637545224342647376e-01 2.974714862849081598e-01 5.811842154241285696e-01 1.000000000000000000e+00 3.860688667829572096e-01 1.588225076462365382e-01 4.299521450496166519e-01 4.398870022691196979e-01 2.118314504129678866e-01 6.094599578355056751e-02 3.756479137628220000e-02 1.232009765682873653e-01 1.213270898356340333e-01 9.433150043142493613e-02 3.355526476352148069e-01 1.799219107114831961e-01 2.683088302767405731e-01 1.320290432018195459e-01 1.381924671979800068e-01 3.175996111952195111e-01 -1.092021766731680367e-02 1.483863930814527943e-01 9.726640837872307932e-02 3.282968766863205712e-01 2.110094507095135186e-01 6.307651144791368014e-02 7.325868858826818653e-02 2.867322324549625989e-01 1.280318726232602955e-01 -1.147560859156821628e-01 2.801533325000780672e-01 2.265873312094765224e-01 -1.021602988489145047e-01 -1.677668511966258769e-01 -1.993096704506087113e-01 -6.172825848098784790e-02 1.693846865460656437e-01 1.639914923036798200e-01 -6.261137335797062331e-02 -3.452315405618240352e-01 -6.572995634489847694e-02 -1.825159959361601913e-01 -1.204018280721109446e-01 -3.317757435265099031e-01 -5.451334370386909378e-02 -1.172893140250383104e-01 -1.389063968224055479e-01 -1.185106987199993633e-01 -1.344103173617487990e-01 1.557849503509456390e-01 3.439307160465805424e-01 4.850991616995130040e-01 5.252439308136932494e-01 4.248244546268632460e-01 2.630951374874333504e-01 3.109495278823601327e-01 2.937172867905976648e-01 9.937042234761371551e-02 4.993296405564900953e-02 1.754282980585053775e-01 9.482316616764356609e-02 2.099437395585901089e-01 9.856288689671882652e-02 2.253626705869641311e-01 1.205659245530192186e-01 -7.014378694868010633e-02 2.275210830919636995e-01 -7.666023665378889074e-02 -1.469139832782445166e-03 2.550526017928222977e-01 1.934366215889932183e-02 1.025207015385562609e-01 9.115794128503935945e-02 2.476579814691307058e-01 2.313060141691459515e-01 2.161379619449650125e-01 1.065841957636965431e-01 -1.132514816035184863e-01 2.422649945429389551e-01 -1.175047435821681557e-01 -4.135587979111561285e-01 -4.022526077336572858e-01 -2.401730814865158103e-01 5.880481840147399469e-02 -2.638838629915790102e-01 5.920405484395045714e-02 -1.860223637192686130e-01 -1.500697631825340939e-01 -3.629713611285090291e-01 1.245275613572097151e-01 1.159002657462949865e-01 1.347457442490875568e-01 -1.955171974559505033e-01 -1.944920962534050501e-01 -3.895286695348901262e-01 -1.050415548363165391e-01 -1.721295360675930419e-01 6.036554321091410803e-03 -2.150209335936477950e-01
2.010821771991587181e-01 1.903599968611732751e-01 4.407739664895179432e-01 -1.230462353503392579e-02 3.860688667829572096e-01 1.000000000000000000e+00 4.069070125696943041e-01 3.268733328704276353e-01 5.331721776571687332e-01 2.750498368250473002e-01 1.807904268174709839e-01 1.445338147178055199e-01 2.285173369013574762e-01 6.952028836034099268e-02 -1.890423742546980300e-03 1.400467526534969753e-01 8.562965036938213759e-02 6.375649089709445327e-02 7.310923818584136313e-02 1.940557095630825735e-01 1.495559441239181497e-01 2.084014261697619830e-02 3.952276600135730400e-02 -6.386685328670382855e-02 2.872374228844241095e-01 2.050653830173347625e-01 -8.385851973580545765e-03 3.229944823414658550e-02 2.645970010790517080e-01 4.819592575728624644e-03 4.097083511707876741e-02 -1.841991645293507840e-01 -2.116822644399788678e-01 -1.735816959272186433e-01 -1.037064598017798517e-01 -1.813907621255705371e-01 -2.645984196596144061e-02 -3.554776486960693066e-02 1.598757805212468464e-01 1.163550529108802745e-01 -2.592675135355961835e-01 -5.413616582408227462e-02 -1.939954177363076848e-01 -7.012236261512491686e-02 -2.256990590937676400e-01 -2.219235809721692987e-01 -2.055339711213574061e-01 -5.218155913999592693e-02 3.386322266136935211e-01 -1.442903265023202097e-01 9.799326306865477343e-02 2.828063963512901235e-01 7.699606868083302968e-02 3.989209995161405869e-02 6.473987867061105073e-01 6.589072192939363637e-01 1.690300457155451408e-01 2.663047163069052758e-01 2.720825275441909885e-01 6.105601363306406570e-02 1.703845476637061429e-01 1.737331111744372658e-01 1.780304245141670905e-01 1.406381428626184843e-02 7.334504707823186198e-02 1.956090438071482127e-02 1.220445906961927507e-01 8.225342455484330878e-03 -2.143848532811109819e-01 -9.708618259373069659e-02 1.788973624129775453e-01 -2.258527690536732691e-01 -5.817389127288106337e-03 1.440344192390119460e-01 1.293472243625117257e-01 1.752535024956377030e-01 2.724307623058407901e-01 5.305804809645605497e-02 9.532538373946214394e-02 -1.723262895813247597e-01 -3.493887219056083238e-01 -3.086071435291967702e-01 -2.921609106915783460e-01 -2.028132738864326656e-01 -1.798357407559932758e-02 -2.854165083376792866e-01 -3.657302074632140521e-02 -1.466304549502138732e-01 -1.406130337941693120e-01 -3.508729640080069379e-01 -7.477778582608608782e-02 2.676648417341176422e-01 2.115722980633587269e-01 -2.859195437338777832e-02 -5.026685620848454078e-02 -1.717775853717866952e-01 -2.819479833587734685e-01 -9.477498015837551582e-02 4.726522339555561669e-01 -1.867023199227819119e-01
1.757397380285566357e-01 2.762500197661056922e-01 1.995911211884619230e-01 1.912253773481009111e-01 1.588225076462365382e-01 4.069070125696943041e-01 1.000000000000000000e+00 4.542190076230761542e-01 3.176456360699567716e-01 3.194077701256506918e-01 1.276486865197264675e-01 8.545704878878601640e-02 1.419535427570520758e-01 7.664949567739097469e-02 -5.106545743490814582e-02 3.795548335286655917e-01 3.308222077664155214e-02 1.857872623758452524e-02 4.374627624240393781e-02 -6.239329190842469314e-02 9.639148768184825633e-02 -2.163465298318861807e-01 -2.430239319145524601e-02 1.352819714472492003e-02 1.814135367225075957e-01 5.183401577523689963e-02 -1.523980810018007448e-01 -2.295797138635974066e-01 8.291353849440195878e-02 -1.548417221101842378e-01 3.986258845428049258e-02 4.460653546983130852e-02 8.022622971144995063e-02 -2.708902774744141317e-01 -3.012088868801310326e-01 -2.446824279517651191e-01 -1.758403012724019110e-01 2.944635704647706187e-01 1.373027448882341572e-01 2.847881228169703016e-01 -1.765845385705235304e-01 -3.024249690431002682e-02 -2.661723943418429217e-01 1.404752185557641211e-02 -9.555864137882416620e-02 -3.016107861425242898e-01 -3.354686242798041174e-01 -2.030634178838048587e-01 8.704297056740001315e-02 -1.808195822062128311e-01 2.497704143525008025e-01 2.769397636257527329e-01 3.940127767925326596e-01 -1.391748520531388422e-02 2.995708463918181352e-01 3.098609944374867697e-01 3.466488489555239472e-01 2.714109744092119691e-01 1.397137175067306170e-01 1.127358557018893689e-02 -5.237216198304294607e-02 1.555068844688939633e-01 2.628181036603787976e-02 -6.617744244528061918e-03 1.444527627019769403e-02 -6.553502758697829500e-02 4.332711511175532659e-01 7.590027087046219249e-03 -1.859825074097848918e-01 -1.227079998160590657e-01 2.761963714372659903e-02 -2.171671855453284894e-01 -9.633413325357029211e-02 2.477509605179258889e-01 1.806646855173758559e-01 5.210498207382523173e-02 1.526604235149831880e-02 -1.016504728379814676e-01 1.401287854860440441e-01 6.433363901729773071e-02 -1.593013151737277533e-01 -2.142990267217667610e-01 -1.415810184318791187e-01 -1.857599097576052016e-01 -6.810487038677473515e-02 -3.353387370845182236e-01 -1.345851520776618349e-01 -2.398544377656896542e-01 -1.313969998270356210e-01 -1.606817995918780606e-01 1.303014826030607920e-01 2.664104820593602430e-01 2.271858623466033733e-01 1.588518497593578022e-02 -1.325896734362243812e-01 5.334500174712424048e-02 -2.522019783468114618e-01 -1.879843781109342693e-01 1.995003365421620656e-01 -1.148569552381009107e-01
1.779855512210548885e-01 5.317140285756145612e-01 1.944875698740196890e-01 3.087579401938503887e-01 4.299521450496166519e-01 3.268733328704276353e-01 4.542190076230761542e-01 1.000000000000000000e+00 6.543588955563311993e-01 1.497126373892165574e-01 -1.835315797121306672e-02 2.634790209265117198e-04 1.074109271790227027e-01 4.383493196536352582e-02 -6.436124265294616842e-02 3.810257887177438407e-01 3.044386290375208359e-01 5.003698440337007725e-01 1.905255765563482750e-01 2.543453089375171533e-02 2.863532502876866559e-01 3.295961358865523438e-02 7.794043093875710482e-02 3.012768278874943251e-01 1.697844705830413303e-01 2.856220493175444242e-01 4.522257062465239591e-03 -7.961498913264480892e-02 2.061602424681540369e-01 -3.124384202561408808e-02 -9.544516012093443025e-02 4.247200741142433122e-02 -2.544351536194548388e-02 -1.229734318779307084e-01 -2.938757705916915652e-01 -2.533461712730440407e-01 -2.447317721086126330e-01 8.316423010723908438e-02 1.247272085610662967e-01 1.319571000938831451e-01 -3.164209675612455475e-01 1.984390711743476421e-01 -4.710293224945621277e-02 -1.628546498949318411e-01 -9.378074270819154734e-02 -1.715506609212977263e-01 -2.311013361766026397e-01 -2.958846348088425837e-01 -2.902041636812697223e-01 -1.984828412269574738e-01 1.201606427092639651e-01 4.662917291111346452e-01 4.260262056871279568e-01 4.448778325010117191e-02 5.603684926527181531e-01 4.003939391510124568e-01 7.556576150852158946e-01 7.209165035892813878e-01 2.803405735141822203e-02 2.212844163816610719e-03 8.376533436720637327e-03 2.905589594161140862e-02 6.851707678067447960e-02 -3.536259255476516955e-02 8.813610866735765992e-02 -4.947076046939734989e-02 2.574564377471142973e-01 2.802264921889202620e-01 -7.477589222250109746e-02 2.311954777653364435e-01 2.955882599181877124e-01 1.698365919072195585e-01 9.509028470273590827e-02 3.382277470280597442e-01 3.457445451936760339e-01 2.722945405890466741e-01 1.834923144642448822e-01 9.390818046081567810e-03 -5.990635399936820871e-02 -3.247039958351985618e-04 2.512440488606284671e-03 -4.497221903359470696e-01 -1.766227912069224248e-01 -2.076898084333944627e-01 1.173764602555265463e-02 -3.614931349774245239e-01 -1.317651712799685904e-01 -2.985411660243773579e-01 -7.694785960629248189e-02 -7.779972099774952465e-02 -1.203430976800666935e-01 5.209850109519340022e-02 4.813783229900798349e-02 1.086110208820391942e-01 5.236245378627037844e-02 -2.004924852095874288e-01 -1.399878889773917001e-01 -3.256957806033883296e-01 2.092031138258484621e-02 -1.893407181563976360e-01
2.399802738322818207e-01 2.547064317344565620e-01 8.468135722723760250e-02 1.187528479130848663e-01 4.398870022691196979e-01 5.331721776571687332e-01 3.176456360699567716e-01 6.543588955563311993e-01 1.000000000000000000e+00 3.589369937897308738e-01 1.790464309453200231e-01 2.256940763068898126e-01 2.152900781237921946e-01 6.094393633734505877e-03 -6.619319049390974541e-02 1.669719388790909254e-01 2.607171953597157699e-01 3.445773525106519686e-01 1.383334530850830191e-01 1.447513013034108509e-01 1.940417564552918139e-01 1.000099937357835922e-01 -1.483441123255659858e-03 2.385054880612022254e-01 1.321330970962800166e-01 3.495275462125899679e-01 1.903623783089647414e-02 6.601254566002691393e-02 3.700958774772803439e-01 -3.635390817569358890e-02 -1.623507127405585115e-01 -1.514918492110114701e-01 -1.011218969979241628e-01 -5.266198765370272428e-02 -9.754176927439789369e-02 -3.740942462225824855e-02 3.120297728476667184e-02 -5.472395837948287878e-02 7.661654052872776850e-03 1.110556129952245258e-01 -2.079675383467108341e-01 2.011156457119254726e-01 -1.085947300357563844e-01 1.541026340858795730e-02 -3.173383296964975286e-02 -2.315626696104704230e-01 -3.063588343891810450e-01 -1.988903227357583237e-01 1.381784542565386679e-02 -2.122714809618183804e-02 3.133822091063829390e-02 2.631765118576518958e-01 2.027510397168925671e-01 5.748255481426389063e-02 5.935576616909313818e-01 4.864768544139711492e-01 4.917929656927724769e-01 7.410208997128696629e-01 2.266959564484162526e-01 1.312213052653328216e-01 1.500173985736098781e-01 1.023813697090969616e-01 1.684316808239676444e-01 -3.230034534043238481e-02 5.850050376771776667e-02 -4.851254779516968318e-02 2.944438817580815604e-01 1.724305564062225127e-01 -3.773789871306727772e-02 1.413090017009127897e-01 2.605671572924838642e-01 -4.917767356064511181e-03 1.050170281687905910e-02 3.271028256933767864e-01 3.695360068838470236e-01 2.406889857414586109e-01 2.654026591061781071e-01 2.542578094228175115e-02 -1.623382279329881606e-01 -2.186096751291901341e-01 -1.220661092711394780e-01 -3.218763283858542268e-01 -1.530308074082759873e-01 -1.144407756380063507e-01 3.312191084436246630e-02 -3.620910861183230245e-01 3.763199378020661706e-02 -2.742659870222041163e-01 7.318973700431809226e-02 -7.127367893474409466e-02 -2.090255118728576167e-01 -1.102310686673137197e-01 9.542391042863762607e-02 9.107662752938161521e-02 -7.349422918192728693e-02 -8.123493449543957301e-02 -2.817364123498020678e-01 -2.345942167928958544e-01 2.997669739951311918e-01 -7.687858226126034755e-02
-6.846703247501025047e-02 2.365628717023502553e-02 -1.321487846017380379e-03 1.315492114696960313e-01 2.118314504129678866e-01 2.750498368250473002e-01 3.194077701256506918e-01 1.497126373892165574e-01 3.589369937897308738e-01 1.000000000000000000e+00 3.980752273238744032e-01 4.665865693479428478e-01 2.893629258373924262e-01 2.966024995229666478e-02 3.746092698984661296e-02 6.350073559192424832e-02 3.693569308158325959e-02 -1.604721057093457803e-01 -2.194279552999315805e-02 -7.060383186987261028e-02 1.439129926421673922e-01 -9.775721091018076125e-02 6.083559783558189354e-02 3.126991798212876428e-01 2.304409695733292684e-01 2.528712564255597428e-01 6.923129013505517626e-02 1.259115003653117348e-01 3.050964427839449877e-01 7.700684757505651956e-02 -1.958460680981234103e-01 -6.943881321056129263e-02 -5.725369673512668497e-03 -3.334559441075171105e-01 -2.508443275956478979e-01 -1.564323351467977463e-01 -4.292830359701416305e-03 2.016099406851558085e-01 3.300252509460826489e-01 4.800806455975633047e-01 -3.051640231624412891e-01 -4.197359767781740775e-02 -1.651973648444329257e-01 -7.311490374697682260e-02 -1.635800263097071661e-01 -1.903495336911607549e-01 -1.722751914617029201e-01 -2.102778082918562164e-01 -4.037133349121883180e-02 -2.073201710232183137e-01 -5.401668007514746905e-02 -4.365476225584676018e-02 5.406387171562723748e-02 1.261313874475917529e-01 1.593040686534074601e-01 1.167947897511925626e-01 6.723174474568015258e-02 1.625265186726676525e-01 7.005323301176108464e-01 2.703535172659712882e-01 3.056192994755401182e-01 2.990073278436028992e-01 2.228258137731883026e-01 4.211813003436010172e-02 1.083290769322511754e-01 7.444920225960309501e-02 3.144927942326357084e-01 -1.453672933744224079e-02 -1.380819072685885440e-01 -2.661777740420396277e-01 6.481042048206664408e-02 3.498395795708597600e-02 1.428963441733983181e-02 4.883583912028630625e-01 4.201730320828818699e-01 1.757550066579039172e-01 2.791089986583207838e-01 1.812072089211501646e-01 -1.491712437172941219e-01 -6.276882247075905863e-02 -7.809192589871528922e-02 -3.451317119173922809e-01 -2.330279495892194908e-01 -1.947229080570190562e-01 1.194164594287431685e-01 -2.281290101518980151e-01 5.500182767746841089e-02 8.856122189353922425e-02 -1.472729706465404631e-01 -2.171974263891489620e-01 2.331174581826176914e-02 1.468535485220269221e-01 4.595761111089843864e-01 -1.429408107224683644e-01 -8.538513676376530137e-02 -1.096261596904073710e-01 -1.654644056945743791e-01 -1.672816880593678834e-01 2.591538473051047814e-02 -2.296214255431409945e-01
-3.223803189832016858e-02 4.207511960635541837e-02 8.504959535062978082e-02 1.529249654422621396e-01 6.094599578355056751e-02 1.807904268174709839e-01 1.276486865197264675e-01 -1.835315797121306672e-02 1.790464309453200231e-01 3.980752273238744032e-01 1.000000000000000000e+00 6.377226533650531826e-01 4.612618835360673408e-01 3.461587229402496857e-01 3.852167486701949528e-01 -1.464406076825284231e-01 -6.625465174237310517e-02 -1.945148763245206913e-01 2.976591478278806449e-02 3.634307160492533662e-02 2.394536040791966081e-01 -1.238262528239105764e-01 2.938661004648878139e-01 1.597576236518155057e-01 1.875074814465018946e-01 3.796531421359052305e-01 2.369433511669769288e-01 2.945245435795691979e-01 3.235515393006201390e-01 3.492132558353830962e-01 -1.222398637397784649e-01 2.999888792811009064e-02 -1.150828574971081292e-01 -3.080069147222686543e-01 -1.192879326002659751e-01 7.079996799937683660e-02 2.168290291279145465e-01 -1.114137833495791423e-02 1.433021675466490119e-01 1.421072156456323204e-02 -8.523541557892785892e-02 1.519658506510733476e-02 2.283763807728870013e-02 1.909191649115220268e-01 -1.101221845190913928e-01 1.746634373636830884e-01 8.226037712187064810e-02 1.643496838319416509e-01 1.987573475398096423e-01 1.456423828728753145e-01 -1.283344023316461691e-01 1.232782417130396692e-02 -7.091571912590174942e-02 1.470300503946948556e-01 -5.529103934432220285e-02 4.833782114867600510e-02 2.576037718315050268e-02 5.555703562625238096e-02 3.681842993201701608e-01 6.846015563211644839e-01 5.635776973892824282e-01 4.760727690812004975e-01 4.216724849767853889e-01 3.261856332873764863e-01 3.419890180344939967e-01 3.933654692923739815e-01 1.265744519223612474e-01 -5.298789247122088347e-02 -1.500362723567484347e-01 -1.462238632249887871e-01 1.410630895055929590e-01 -1.744541492711807196e-01 1.881262066645957298e-01 1.171237743298202544e-01 3.075258145143289767e-01 2.894712090988914022e-01 2.597585905712846976e-01 3.736849736605167838e-01 -1.527629046734323426e-01 5.761966304419884749e-02 -1.756691780744749631e-01 -1.086249968570134894e-01 -1.676645988622729455e-01 -1.863524737503700901e-01 1.976191526388490216e-01 -3.263917302172374829e-02 1.180194467845731565e-01 1.846656004519680594e-01 -1.424015420896684522e-02 -5.342079228200644070e-02 -3.763039244552342233e-02 -9.758343280671674669e-02 2.352927838869575405e-01 -1.327180852985543683e-02 -2.665684956611334699e-02 3.273762439391316587e-02 1.354049144790284154e-01 1.839907841692749180e-01 1.772882508124805634e-01 1.396619642886005319e-01
-4.704846684860120726e-02 3.023693751231435953e-02 7.107077861905999883e-02 1.092644647995589663e-01 3.756479137628220000e-02 1.445338147178055199e-01 8.545704878878601640e-02 2.634790209265117198e-04 2.256940763068898126e-01 4.665865693479428478e-01 6.377226533650531826e-01 1.000000000000000000e+00 4.772154534523270764e-01 3.112120552826607711e-01 3.387529662716667889e-01 -1.641338520357193964e-01 1.426358344772212239e-01 -1.362669890237636905e-01 1.267622192536709824e-01 4.791661400208910293e-02 3.011997003230608150e-01 -5.384702582877998189e-02 3.139944659059312193e-01 3.721875601109740916e-01 1.495125512635591958e-01 3.804246664160707558e-01 3.046894267315053417e-01 3.309718674199567667e-01 3.978021325417224197e-01 4.027982477656203986e-01 -2.352644769272163594e-01 -5.473429520166049264e-03 -1.354257239849268046e-01 -2.780997902919577491e-01 -9.776063645799371038e-02 1.980410817385047303e-02 1.090520945624067345e-01 -1.262537480512507526e-01 3.215221326152669507e-02 -5.849765572144093734e-02 -1.837644193896693368e-01 5.838763706685178717e-02 -3.612060761535909603e-02 1.060207651838598608e-01 -6.029499199959034716e-02 1.243794768097682829e-01 6.804077005165928838e-02 1.273464412401046353e-01 6.294598276273452586e-02 1.382820394183888158e-04 -2.028267038604760208e-01 -3.624368702680032250e-02 -1.595012111309808411e-01 9.562775215216597069e-02 3.049534707920974891e-02 4.144177958146612328e-02 8.402711801714925557e-03 1.675441681750146905e-01 3.091568237183710544e-01 6.767496627380568119e-01 6.738048634468243314e-01 5.120754839433871997e-01 4.623069622675839430e-01 3.148357854265462219e-01 3.560579078134054054e-01 3.640117801518513718e-01 7.189944327388284040e-02 2.748542671936941850e-02 -8.003812467519956508e-02 -1.580184220506558879e-01 2.102120011851300874e-01 -6.049591323328110115e-02 2.448402870342291371e-01 2.216674967512363981e-01 4.847510812667274460e-01 3.680856985867688169e-01 2.831142617327057631e-01 3.949914287527713785e-01 -2.555072784443595535e-01 -5.227789526608976611e-02 -4.101814358879882216e-02 -1.821853281022146331e-01 -1.468600038168239308e-01 -1.175575130680056313e-01 2.968508429419370320e-01 -4.575262509541512534e-02 4.848678585974842969e-02 1.492262873273179080e-01 -3.456030873713262369e-02 -1.168470848398838885e-01 -2.076145965002000604e-01 -2.099375999552980376e-01 1.113726030928594846e-01 -2.600054813687183858e-02 -4.508773356111073910e-02 1.078014958381289835e-02 8.917343448187403654e-02 1.569857343382964898e-01 6.251570150469046294e-02 -3.453425272875613322e-02
2.788724237723127497e-01 1.790102360050842834e-01 1.973180641512315703e-01 9.988190566683767535e-02 1.232009765682873653e-01 2.285173369013574762e-01 1.419535427570520758e-01 1.074109271790227027e-01 2.152900781237921946e-01 2.893629258373924262e-01 4.612618835360673408e-01 4.772154534523270764e-01 1.000000000000000000e+00 2.395645546440107465e-01 1.297554188494341454e-01 -5.550205213695552642e-02 2.429855443764245559e-01 1.200390430173438189e-01 2.020703183427521865e-01 1.543576255704300904e-01 2.524140992156594376e-01 1.857964912475377206e-01 1.267799009271530220e-01 5.771981827286745692e-02 2.516258404952103622e-01 3.039996734903429587e-01 2.100854706366328262e-01 2.957097834447908191e-01 3.084870760270213563e-01 1.907320887411986521e-01 9.923188795537375706e-02 -5.161727263907083668e-02 -1.724448890944648149e-01 -7.561152623353113722e-03 1.568384067704967355e-01 -5.555030722257894849e-02 8.919610279328547831e-02 -1.118111896212441864e-01 -4.547672923625455804e-02 -1.103505753416157836e-01 -3.509800143426788227e-02 2.665582293831345040e-01 5.560146057150109483e-02 2.424909286503288408e-01 1.252991940877332122e-01 1.162987046319727547e-01 1.882920717493117777e-02 8.298095609893776925e-02 4.105350119567851425e-02 1.186388447555734582e-01 -8.702716558667191599e-03 2.051514208350670720e-01 6.173733427707334825e-02 1.494062814019788549e-02 2.005184001414667128e-01 2.082241518143731207e-01 1.449759864613475446e-01 1.817193387371137947e-01 2.101106853072126635e-01 5.306350761590370446e-01 4.629843395769501213e-01 7.781680422532399888e-01 3.715228181166252419e-01 1.764996045576682215e-01 1.916932387004502414e-01 1.465714995907123896e-01 4.985140248306467459e-02 3.010331826451367321e-01 5.144086269254619093e-02 1.079786975522351034e-01 2.209873397286978014e-01 3.166639505667034893e-02 9.496365468403389354e-02 -7.114353421981940706e-02 3.131113481819136624e-01 3.007831022681289324e-01 2.229231904748771309e-01 1.511891966689710154e-01 6.040611525072663718e-03 -1.491667756444666482e-01 5.044022635476876071e-02 1.785189229545272246e-02 4.593760792548206434e-02 8.088976777009422581e-02 1.978522534075885242e-01 -3.225970352254695778e-02 1.057520961518759045e-01 3.225694153298505618e-02 8.813069533035587655e-02 -3.893095129852848502e-02 -1.044391038674511440e-01 -1.244101316381909517e-01 5.139651384699108622e-02 1.915554068880193639e-01 -4.893502357342698755e-02 1.409007097786172391e-01 2.213990343333219202e-02 1.410521626665238171e-01 1.452544956335640458e-01 7.470847390162188573e-02
-1.501809988508548410e-01 1.104888641714756592e-01 1.003609134237402195e-02 3.780996213264730121e-01 1.213270898356340333e-01 6.952028836034099268e-02 7.664949567739097469e-02 4.383493196536352582e-02 6.094393633734505877e-03 2.966024995229666478e-02 3.461587229402496857e-01 3.112120552826607711e-01 2.395645546440107465e-01 1.000000000000000000e+00 8.050280912314191628e-01 -2.119495433178090749e-01 7.337558678993244543e-02 1.482000796329653869e-01 4.542209357815141790e-01 4.504048782092954784e-01 6.754666474776660490e-01 -2.045184461955595195e-02 7.941283330116890582e-01 7.847799389410109461e-02 -2.979507727812150120e-03 1.619413534000662402e-01 6.040471939366415244e-01 5.378016754656703702e-01 4.572205155588006664e-01 7.592957678949493472e-01 -2.950997854249138297e-01 1.777143225088309297e-01 -1.067296612401565925e-01 -1.704602540994303583e-01 -1.125368844339307839e-01 1.077007588262083593e-01 1.302281096372975011e-01 -5.987608646840923698e-02 9.040357995231119992e-02 -6.546010414395367349e-02 -1.439499441232824917e-01 -7.296680005734003382e-02 -2.256087230024762524e-01 1.057473474726379620e-01 -3.455240806363346073e-01 5.534605328961780257e-01 5.589412362550216784e-01 5.930731946129019772e-01 1.173984959856066157e-01 5.328449511098876795e-02 -3.321612051323744597e-01 -7.033036126294286983e-02 -1.207748090077650632e-01 3.039525029555929514e-01 -1.325477342155628180e-01 -1.410192205703717783e-01 2.449350620392361580e-02 2.692641852055664697e-02 -4.049400777544391594e-02 2.523992620085948047e-01 3.192723200978022091e-01 2.970137014860430025e-01 6.837551719534658012e-01 7.850699280565192062e-01 8.106344420607553003e-01 8.061375274067067442e-01 1.004378781250870739e-01 1.634872877231880461e-01 -6.812058090985914638e-02 6.253321876408421409e-02 5.054919168927484163e-01 -5.425446063414413045e-02 7.121122733153845141e-01 1.597688039453381281e-01 2.504176713299344215e-01 1.204417414766348199e-01 4.972393224060460692e-01 7.103035882089823172e-01 -3.545389373105840569e-01 1.792464804354164387e-01 7.154311593090142106e-03 -1.596078674554028964e-01 -4.126672690370788432e-01 -2.328055188278185250e-01 5.451313564532124234e-01 3.942825636644584075e-01 1.954008160494352664e-01 3.568451259031724110e-01 1.307466825388655662e-01 -1.927242551977186580e-01 -1.009156529218570714e-01 -1.581035959682209335e-01 1.222627414422817194e-01 -9.282958359561781225e-02 -2.964660353931723447e-01 -1.216928590925741710e-01 5.127357718756988536e-01 5.857070014076196651e-01 9.590539308850337674e-02 4.453072304874813175e-02
-2.895724636145249331e-01 -2.885730933358487960e-02 -1.056814467463895874e-01 3.789682672192300483e-01 9.433150043142493613e-02 -1.890423742546980300e-03 -5.106545743490814582e-02 -6.436124265294616842e-02 -6.619319049390974541e-02 3.746092698984661296e-02 3.852167486701949528e-01 3.387529662716667889e-01 1.297554188494341454e-01 8.050280912314191628e-01 1.000000000000000000e+00 -3.325064192855128886e-01 -4.185091883158781334e-02 1.740890958531732952e-02 2.856895539690306740e-01 3.604493441338557647e-01 6.430896050329181213e-01 -1.187706418873006320e-01 8.283411327691569959e-01 1.259816570296121152e-01 -1.428143950863902945e-01 1.520898794821132771e-01 5.182733442683671310e-01 4.937521236274509673e-01 3.742627461295983116e-01 8.063172401486830010e-01 -4.601957682741140143e-01 1.188194501928637736e-01 -9.383670197882415520e-02 -2.334709878767015634e-01 -1.744782067991412222e-01 2.082292266071592013e-01 1.341162538863825970e-01 -9.252632948491526510e-02 1.284509046887404304e-01 -5.229208227907848616e-02 -1.494441246653936128e-01 -1.951088032494260049e-01 -2.797776530810368589e-01 5.588495164958828115e-02 -3.887171239344797136e-01 4.955858701257302990e-01 5.872564230380373784e-01 5.893316297043608154e-01 1.081954179715766823e-01 4.864930917481456035e-02 -4.344253594281790032e-01 -2.203403865023770558e-01 -2.246597762108251961e-01 3.789477650812893006e-01 -2.326738208214391701e-01 -2.919954427848696632e-01 -9.457541746778040659e-02 -6.612238769261388760e-02 3.927143555748557543e-03 2.851806520238130416e-01 3.368930680869526850e-01 2.515820431040977079e-01 6.709420729426337493e-01 7.970388099337876175e-01 8.359211046743900697e-01 9.065724584105814277e-01 5.089207330503009441e-02 6.836115580212735743e-02 -8.983600570660806028e-02 -3.718463524842954837e-02 4.536764548980829481e-01 -6.467128275649863811e-02 7.292289828446774091e-01 1.566054695418560017e-01 2.618536325684720500e-01 2.797238115167421935e-02 4.054476012641567428e-01 7.846048062257864331e-01 -4.868447319843852150e-01 1.971531777080563763e-01 5.476717962214713159e-03 -1.659750939190412222e-01 -4.075174298804046802e-01 -2.511690127078803902e-01 4.915088481490894612e-01 4.237840257545085754e-01 1.754743780592782076e-01 3.966416723819088941e-01 1.364332664676559392e-01 -1.395919547164898578e-01 -9.411556098589093922e-02 -2.356309633618534627e-01 1.124091476459421479e-01 -2.193163730055189831e-01 -3.385306260043418614e-01 -1.455937529507262962e-01 5.032844522854571512e-01 5.385146202969652851e-01 1.060356035481975316e-02 5.354586663006588587e-02
