1.000000000000000000e+00 3.491523429549748259e-01 7.041727657666727591e-01 -2.599774157708312772e-01 3.688381904463992056e-01 5.007970512993692447e-01 3.862825573533474333e-01 2.739569318950731969e-01 3.676653282934501665e-01 4.541080919072197908e-01 2.037187919386027890e-01 5.315005117385560073e-04 -9.410174631300527448e-02 -4.136699258918486444e-01 -4.565394752171558768e-01 4.905828755357154458e-01 4.807890515441572837e-02 1.859694419141799324e-02 -3.418144174927240098e-01 -1.229804338277650511e-01 -2.080702137502375426e-01 2.400884848533571814e-01 -3.063774838714937165e-01 5.955541158920317837e-03 6.809544335765547185e-01 1.241106627491586761e-01 9.256997385292524416e-02 -2.638315814892778013e-02 -8.249839390465824041e-02 -3.132918697176254041e-01 1.825134156028486720e-01 -2.190689976386658855e-01 -3.930121074582026419e-01 2.170406243282818060e-01 1.687272371649930769e-01 -8.595167439009483712e-02 2.896723539213736515e-02 6.528983301790953764e-01 5.270838739441012777e-01 2.676370781595094894e-01 2.256850702197537306e-01 3.769291086630950915e-01 2.194009816242298572e-01 4.078160994317138188e-01 3.724348298237358246e-01 -2.075246732456375032e-01 -3.085927198838536167e-01 -1.812210256013176979e-01 1.781728355701405753e-01 2.283186214813705817e-01 5.284640946730954081e-01 6.974053060596333564e-01 -1.126059872050899496e-01 -1.222660573652603194e-01 4.190161051270959724e-01 6.421170176540610397e-01 4.103501869763852006e-01 2.491146008145052049e-01 4.885682990028228923e-01 1.037664872085442835e-01 1.592022162897208659e-01 -1.585177728714715351e-01 -2.806482028290575581e-01 -3.763983779072205826e-01 -2.730759419124184073e-01 -4.578241445878829530e-01 5.326059574295294308e-01 8.689318866325725088e-02 4.289970737611058932e-02 -1.064322441698929284e-01 -2.785699401963434019e-01 2.348021606253571647e-01 -2.672168454984096275e-01 1.160382793947084684e-01 -4.985400357799115931e-03 3.358846241469170546e-01 4.047492631270487029e-02 -2.785052522154384813e-01 8.535103086634342195e-02 -4.009976752304872938e-01 -2.443887573918196443e-03 2.522810433591297918e-02 4.256151460497916705e-01 2.629799811649892183e-01 -2.013089562559260484e-02 -4.031911003196465559e-01 4.751782267152430267e-02 -5.710333815651472827e-02 -5.767417450625504649e-02 1.877153018043426769e-01 -5.663826432748400586e-02 6.817155535725952786e-01 4.047949049440169866e-01 5.120342816638071559e-01 4.287167152043504514e-01 3.260849869624964370e-01 -1.986827998582373633e-01 -2.499083167875175149e-01 1.881614814570174987e-01 1.887786047664057054e-01
3.491523429549748259e-01 1.000000000000000000e+00 5.006396980572502819e-01 3.734491573346290227e-01 7.185527271731402266e-01 2.163666310811336035e-01 1.150668410139759623e-01 3.844618095698807414e-01 2.000457905429361416e-01 2.480954685995154924e-02 -1.305600741668211939e-01 -7.444884277234672942e-02 5.699978585420496791e-02 -7.645031534508975324e-02 -9.719446389053305879e-02 6.020620017747205788e-01 -1.843771996861360077e-02 3.825417183026205148e-01 1.895826199133276990e-02 1.400986104709641134e-01 3.476632448833966160e-02 1.225816150307182800e-01 -4.360279478851779994e-02 -2.639792477851607769e-02 1.473581304412461823e-01 -9.750769822991846303e-02 5.257079964366386665e-02 3.612852525875743376e-02 9.227451968684269312e-02 -1.744337470816549884e-01 7.854898337941712549e-02 -4.444413767788193970e-02 1.226971337094254384e-02 1.721643482323707841e-01 2.643533134336688642e-02 1.902027614175755832e-01 7.950877869234508621e-02 1.611800593657015113e-01 7.855486915905073031e-02 3.993907719198416806e-02 4.866390142450786188e-02 1.255567090325812119e-04 -1.313597425625901705e-01 9.149961674754410190e-02 7.522290723848164273e-02 -7.377559258662561015e-02 -1.473725646722790980e-02 -8.393810819846937721e-02 -6.410965049691037809e-02 1.272827814843334113e-02 2.756161922150406896e-01 6.747732702402695626e-01 3.369627432437273806e-01 5.713477505277347879e-01 3.321984285808196047e-01 2.145891514118482557e-01 4.414510271995939483e-01 2.580020038638601854e-01 1.587029770600446865e-02 -1.420323004658180510e-01 -8.806143847073956768e-03 -9.142937383137983431e-02 -1.403223230705893075e-02 -9.436177593985747847e-02 -4.940763462131522732e-02 -1.342724610339256219e-01 4.812904900413888382e-02 1.261268691789949326e-01 2.608519535028197001e-01 2.929920201238060962e-01 -5.929358209254825297e-03 1.037231607395994182e-01 -4.087611665567048719e-02 1.357813810431270640e-01 -9.507318584178924004e-02 2.632734106333471311e-02 2.682483937573940450e-02 1.753629017161194292e-02 1.456903564307945355e-02 -7.288616470123299163e-02 2.989700673306814683e-04 4.063404839057918605e-02 -8.295568209071499388e-04 9.471593768573770278e-02 5.943204514099137414e-02 -1.661489027058465559e-02 1.785740473035217490e-01 -4.647334803420847399e-02 1.307883431446841827e-01 -5.451263286693881771e-02 1.059567888145457742e-01 7.136031975146327200e-02 1.711321317090986338e-01 -5.037102219990182220e-03 -2.982705832253044684e-03 -8.104948287346524019e-03 -2.645093805247335575e-02 -1.017761025460910268e-01 -6.502450612314325529e-02 -5.378182185298360785e-02
7.041727657666727591e-01 5.006396980572502819e-01 1.000000000000000000e+00 -2.523497699786997339e-01 4.849398721557066083e-01 6.938953952400551684e-01 5.436313183152603479e-01 6.012028467932680753e-01 5.337008391086667247e-01 4.184334693859715903e-01 2.168437065205303660e-01 8.665909070308823459e-02 9.621283185122055104e-02 -2.928689896084601951e-01 -3.911006360246578883e-01 4.269644441667563295e-01 2.087582567257221244e-01 2.626550488936033045e-01 -1.641089556664208637e-01 2.773255968508272357e-02 -3.230738951705500184e-02 4.048187004849914117e-01 -1.639373311501245711e-01 2.002287807343142850e-02 6.126798762623268946e-01 1.962420978063100785e-01 1.722703401711857818e-01 9.456934314581035006e-02 1.029927223185071877e-01 -2.460430945438505379e-01 -7.502603517842061642e-02 -3.343800520563366407e-01 -4.691385292165607956e-01 3.888103186149706181e-01 2.549956646055415721e-01 7.949387387393860860e-02 2.294114872413637596e-01 4.285847438454337688e-01 5.873566289684430952e-01 3.598110830381813230e-01 2.909567000724357366e-01 4.142271386521394483e-01 2.916873224895603633e-01 3.863231198324986182e-01 3.329906008105827375e-01 -9.964896095336898962e-02 -1.847172589436288925e-01 -7.052525983342378124e-02 3.230592336610856874e-01 2.640681123943774411e-01 2.410771781485971654e-01 7.925875537868988241e-01 -2.381972785575161844e-01 -8.592489499485632398e-02 6.538703801861099896e-01 7.392983740674387017e-01 6.747627288189297357e-01 5.282323890736578820e-01 4.742872251547067819e-01 1.520905017689764549e-01 2.291408455963553359e-01 -5.611812562193031068e-02 -8.939018653685952553e-02 -2.936325871700453116e-01 -1.486611208032246889e-01 -4.012495397098385652e-01 5.480345350128916770e-01 2.705531291263831850e-01 3.112318784799060767e-01 1.241372561578309025e-01 -1.550290495602832108e-01 3.981560718118641318e-01 -1.476259881768312854e-01 2.766015197796740654e-01 -5.134251202106630829e-02 4.490957894996203681e-01 2.517821202039745576e-01 -1.223375849939018628e-01 -1.821029970060039083e-01 -4.597379927573689296e-01 8.737824866011774383e-02 1.375127729033673585e-01 4.535154353486844925e-01 3.780532493462722687e-01 1.090411918244147960e-01 -2.423455015063877005e-01 2.770357180692179511e-01 5.044912534501599238e-02 1.058407538761506478e-01 2.675212299257506143e-01 -3.013836667078210740e-01 5.872369942994613012e-01 5.699298681422361179e-01 5.061210542940004498e-01 5.087251593338006916e-01 3.180220036398246908e-01 -5.558290181580845257e-02 -9.921758875603217676e-02 2.750969113411483868e-01 2.188690583434989290e-01
-2.599774157708312772e-01 3.734491573346290227e-01 -2.523497699786997339e-01 1.000000000000000000e+00 4.855333234463846126e-01 -2.728474200013150663e-01 -3.268361429860408562e-01 -1.084526531046863945e-01 -2.757207381732395546e-01 -2.642213555866400609e-01 -2.964009893342314794e-01 -2.352480222471113325e-01 -1.106557682394615078e-01 9.101654364594129187e-02 9.461800662932970396e-02 4.019850623722483474e-01 -2.565837360797109112e-01 1.717372514244994500e-02 1.288340783722011496e-01 -7.486028508021866368e-02 -8.669975554637501802e-02 -3.268673895577504651e-01 -4.847596823985945991e-02 -8.783359979050589517e-02 -3.711858918016724962e-01 -2.772222082873199711e-01 -2.685140626124840613e-01 -2.222625918112106913e-01 -1.097052472711141091e-01 -7.335273186856772210e-02 1.871126391641779740e-01 4.163062980440989658e-01 6.213425978107260939e-01 -2.518169312998689846e-01 -2.429367669690057630e-01 7.489653817991535900e-02 -1.805650378241218101e-01 -9.655395253297158198e-02 -2.949993704188880739e-01 -2.853082461535947911e-01 -2.569695500794632048e-01 -2.853633674199713144e-01 -3.129514408205614773e-01 -2.448491026345539501e-01 -2.755882531317889739e-01 -1.245111721964026613e-01 1.147649557828964162e-02 -1.296806280080544382e-01 -3.419249341225241712e-01 -2.598881193777284881e-01 1.872276985290752538e-01 -6.564987620857086481e-02 7.341889101268787021e-01 8.287082611308541624e-01 -1.771603154256906343e-01 -3.427670293840379689e-01 -1.546034558673146375e-01 -2.378427894908261009e-01 -3.737447972971539856e-01 -3.806378209799504697e-01 -3.050233256399506598e-01 -5.390894367710092477e-02 2.131885654760726917e-02 5.531499493309318533e-02 -8.266291265871783533e-02 9.387399989905959030e-02 -4.550133602968563507e-01 -1.455460572584309775e-01 -5.840888833173134287e-02 6.163214198250712567e-02 -6.848984707203442657e-02 -3.174994251364582354e-01 -5.131360135778811893e-02 -8.366171766266637666e-02 -1.464553810046198279e-01 -4.098084507642593133e-01 -2.758292260608724011e-01 -1.531838225217233874e-02 2.184441557356655572e-01 4.445994271500249284e-01 -1.733186114422225477e-01 -1.723421231596587166e-01 -4.420520202413875110e-01 -2.754631702732833753e-01 -1.413042511972522064e-01 1.358213657759519966e-01 -1.370316451063492424e-01 -2.335982214676107227e-01 -3.522994077724933559e-02 -4.361832992964996270e-01 5.178107344356037700e-01 -3.700527217310767281e-01 -2.858063050682370654e-01 -3.449947931143254043e-01 -4.632559407603339396e-01 -3.246115077859359488e-01 -1.070995674003882292e-01 -1.394015493302440123e-01 -3.118131656881869551e-01 -3.270950239913230084e-01
3.688381904463992056e-01 7.185527271731402266e-01 4.849398721557066083e-01 4.855333234463846126e-01 1.000000000000000000e+00 2.904264440645338841e-01 1.375741402668343438e-01 3.920915322141211856e-01 2.153801789920009035e-01 1.398016682985755155e-01 -8.046854612258878825e-02 -1.573567360061330356e-01 -9.041526548441054800e-02 -2.150412605973980318e-01 -2.502821457720209586e-01 6.045352935554004770e-01 -9.812844314303226234e-02 2.488983922169079044e-01 -1.087652003372250736e-01 2.399699318151101313e-03 -8.633625599003987017e-02 4.639247913138232204e-02 -2.151792879072410569e-01 -7.605617057158266248e-02 2.264131641288115726e-01 -1.190404660909779311e-01 -1.293870237218510411e-01 -1.416397825192463045e-01 -6.546583158348445730e-02 -2.708318564773583570e-01 1.025811519560723417e-01 -4.983672211714784694e-02 5.450197481778042141e-02 1.236437469933536482e-01 -2.989446841226416768e-02 1.297147235214661520e-01 -7.004139878975960964e-03 1.888902658587487682e-01 1.621001105674349241e-01 3.773212760184285752e-02 2.442697295866794183e-02 5.691960872672624516e-02 -6.933020866355392442e-02 1.508864727808972017e-01 1.034632817445557129e-01 -2.651915678214534777e-01 -2.040018715518200076e-01 -2.309313576603891638e-01 -4.407777584123557385e-02 1.448735624849949166e-02 3.067118743045290086e-01 6.070224253317141327e-01 3.656164746978422531e-01 6.292411985214815262e-01 3.511311941219086852e-01 2.995433945527046227e-01 4.316621101687347917e-01 2.282446284524568270e-01 1.102717427302039171e-01 -1.937214187955861866e-01 -7.733045202877682212e-02 -1.684543998050549996e-01 -1.603150304153137806e-01 -2.158779352685643027e-01 -1.916798249191700720e-01 -2.570079743469269040e-01 1.032828347863761903e-01 3.477539540200528384e-02 1.696734696851602553e-01 1.756742459608431062e-01 -1.402185794974842026e-01 4.719854169703672012e-03 -1.872327505262636471e-01 1.117506431320332144e-01 -1.338405515243147881e-01 6.380672685802571409e-03 -8.272557037703816285e-02 -1.747194501452613569e-01 4.138518883646490065e-02 -1.020159424881274951e-01 -1.273287541883181828e-01 -5.437792918075438041e-03 4.101002056714558169e-02 7.153562631072410416e-02 -8.874409172678253410e-02 -1.653621230584832180e-01 8.285150814438539679e-02 -2.046416657274176543e-01 3.085118917047746309e-02 -1.208077424877417039e-01 9.355104576947212425e-02 1.631672466617788420e-01 2.427484414304106330e-01 1.447670891132695481e-01 5.379671846625549113e-03 2.801967815428272474e-03 -2.127624146138638317e-01 -2.617220536134772235e-01 -6.282136397727294819e-02 -6.540519658233485967e-02
5.007970512993692447e-01 2.163666310811336035e-01 6.938953952400551684e-01 -2.728474200013150663e-01 2.904264440645338841e-01 1.000000000000000000e+00 7.749989867566766666e-01 7.438395996684458167e-01 7.333965015132974941e-01 7.482517703927148434e-01 4.868828504992186446e-01 7.719397090160286246e-02 8.226113567981217789e-02 -3.983717274353315574e-01 -4.706701876522658701e-01 3.115507033757036193e-01 2.495274307208943387e-01 2.935733241542042848e-01 -2.380969171115447369e-01 1.077089125475346465e-01 -7.736416501676858515e-02 4.588717181382986343e-01 -2.922597796590231667e-01 -1.086729167632173934e-02 6.161231090134019484e-01 2.925417084422180514e-01 2.240956797677529089e-01 1.794715003786078455e-01 1.639419415574235595e-01 -3.532069464377590728e-01 -5.995731964821866128e-02 -4.622183001108868261e-01 -5.122420668927792908e-01 4.911778191323900589e-01 3.397475320982576430e-01 1.167662969741139339e-01 2.731160815948580622e-01 4.136192185024500367e-01 7.068656916542027657e-01 6.413351590789733159e-01 3.915887247688666362e-01 5.960130094664747302e-01 4.510137120699810320e-01 4.661867582619974582e-01 4.492556185592448958e-01 -1.322501200924611764e-01 -2.615075373130171243e-01 -1.693092341087970021e-01 4.485744687680706666e-01 3.571489284245983331e-01 -1.252063149582197631e-02 5.323281939938765417e-01 -3.631339890707411255e-01 -2.016544981949699722e-01 8.291425508443273085e-01 8.675999050222126252e-01 7.611606363896222804e-01 6.575902922863502420e-01 7.462896192955167374e-01 2.722471062170692124e-01 3.293909319048408113e-01 -8.982463145703537336e-03 -1.567547777670339204e-01 -3.215010135329617880e-01 -1.337592498560450371e-01 -4.746681905173601446e-01 7.307179904496854395e-01 3.003406404207451530e-01 3.163712393104083920e-01 8.106063587931859604e-02 -1.475942622362939605e-01 4.365463377515965138e-01 -2.550434365746487853e-01 6.082609120391060387e-01 4.634892290295838241e-02 6.037293532702344701e-01 3.491157562293300542e-01 -2.492869595401713267e-01 -1.599838076955488742e-01 -5.850771347617955698e-01 1.701879857354744729e-01 2.291655911684025992e-01 6.007019487794428292e-01 4.674098342847745613e-01 1.135533313470104833e-01 -2.487954819592754774e-01 2.810538027157868934e-01 1.178193513254639085e-01 2.090413543231085525e-01 4.493792169886403065e-01 -3.910124445183528197e-01 5.997817934347652313e-01 7.430483014694103661e-01 5.832326889602693631e-01 6.523638933157369646e-01 4.538204693854764882e-01 -1.400015480621116526e-01 -1.932218442973409334e-01 4.554245567418740981e-01 3.061592923553803081e-01
3.862825573533474333e-01 1.150668410139759623e-01 5.436313183152603479e-01 -3.268361429860408562e-01 1.375741402668343438e-01 7.749989867566766666e-01 1.000000000000000000e+00 7.338018913541050070e-01 7.437620902412024337e-01 7.107555443569218978e-01 5.459659420448985667e-01 1.964580690951132913e-01 1.364119090848194271e-01 -3.459391872018514613e-01 -4.337968640833380629e-01 2.077325098588635455e-01 2.730526253891695232e-01 3.163378921087856566e-01 -2.298206490739859442e-01 1.606821960396148663e-01 8.287823838831072029e-03 4.132187859804970498e-01 -2.396353385580595741e-01 5.156826833401631505e-02 5.395595764095684199e-01 3.647086041168612347e-01 2.648067046616053299e-01 2.063302752599988632e-01 2.012636137470682485e-01 -3.796395297379263623e-01 -1.356840261544046966e-01 -5.279604323317617087e-01 -6.134153500524822666e-01 4.882387137335815752e-01 3.404589718029703005e-01 7.064944798436799400e-02 2.487576852327081645e-01 3.163870635594961955e-01 6.532927461259833146e-01 7.503586795203276427e-01 4.725245294086505843e-01 5.534081186760249071e-01 5.472457754902259053e-01 4.853645263376272778e-01 5.818806918411199014e-01 -1.269405377276555391e-01 -2.134164223436674224e-01 -9.685836213395493388e-02 4.699422676357608575e-01 3.886763097891443031e-01 -1.713028983831877960e-01 4.214866068587409531e-01 -4.127678972281447756e-01 -2.890778879721420669e-01 6.536864900057725025e-01 7.485355018184692844e-01 7.248859020011775289e-01 6.467434277462938974e-01 7.098911790016301238e-01 3.037252229506285928e-01 4.058506447160646347e-01 3.053569152205924328e-02 -1.376975624542278731e-01 -3.264982185406525295e-01 -1.391569345208344965e-01 -4.447696636348684729e-01 7.738207476211215186e-01 2.717550208701620673e-01 2.668195013743269728e-01 6.790295977523119753e-02 -1.211612923212113252e-01 4.430838702673560725e-01 -2.540046040329376753e-01 5.686942413110267491e-01 8.973021154943873479e-02 5.725858004385158129e-01 3.578440546740758732e-01 -2.215062305188870706e-01 -2.243983762462403442e-01 -6.394989249556645161e-01 1.308549953514559494e-01 2.485406137040508112e-01 6.546327787796156761e-01 4.770638249245803819e-01 1.901300025502135060e-01 -3.144148201261773856e-01 2.263533801171024040e-01 1.265130506492180007e-01 1.261384738770786051e-01 5.313881363568245808e-01 -4.786931447514505278e-01 5.481203747148539751e-01 7.150142498756172360e-01 5.431131556119809245e-01 6.877742316747116336e-01 4.881351810670100377e-01 -9.336028953948774523e-02 -1.471378951081576680e-01 4.539882820756250825e-01 3.781231660734761801e-01
2.739569318950731969e-01 3.844618095698807414e-01 6.012028467932680753e-01 -1.084526531046863945e-01 3.920915322141211856e-01 7.438395996684458167e-01 7.338018913541050070e-01 1.000000000000000000e+00 8.192198302698244783e-01 5.359629914820369656e-01 4.584446583987080159e-01 1.534206157248691749e-01 1.702105127121712747e-01 -3.148331174977929137e-01 -3.584208593804940057e-01 3.045767708217951286e-01 2.594749886715433940e-01 5.320466535188828061e-01 -1.679758205064157406e-01 2.023415507794733004e-01 3.496686262227334530e-02 4.958349791163865206e-01 -1.914689180644449096e-01 -4.206685201620316561e-02 3.622889282196116723e-01 2.906409985835584631e-01 2.612187961086127053e-01 2.517511038250291877e-01 2.282044074447597548e-01 -3.324183246463722763e-01 -1.409130248960667187e-01 -4.882640478776226201e-01 -4.753969059936026254e-01 5.523393764358918157e-01 3.587332805588140938e-01 3.049498154177511244e-01 3.457133334390098400e-01 1.870327122400982367e-01 4.762889422106965642e-01 5.757765726534248563e-01 4.923675630484221077e-01 4.810823514834329240e-01 4.156477672916774613e-01 4.412418415810146488e-01 4.642089695516865011e-01 -6.735373692314912397e-02 -1.850026960143976995e-01 -1.117794778828547636e-01 4.582596863102286200e-01 4.249477143666051671e-01 -1.651110071285366299e-01 5.492463389222179693e-01 -2.915161487148251740e-01 -4.812778353181561448e-03 7.660639373197114521e-01 6.648895791538441680e-01 8.813013906594900915e-01 8.398583377821058349e-01 5.502796634530546793e-01 2.969187677697805450e-01 3.367070949485620468e-01 8.123943327610227971e-02 -1.056067881820524773e-01 -2.938111905562735271e-01 -8.806012533957015276e-02 -3.759673298059411639e-01 6.122288577998751258e-01 3.347043120086660162e-01 4.806395098133089405e-01 3.119747899260900681e-01 -8.243757813726036721e-02 5.298225760180058641e-01 -1.536640339963112889e-01 5.383147749298969886e-01 -9.803465615222443225e-03 4.606765088261168262e-01 3.707015017632160347e-01 -1.653275561499852608e-01 -2.582109148923510400e-01 -5.581876843207197458e-01 1.362240994587273490e-01 3.488336665847645568e-01 5.552193516574046583e-01 5.210979420350195790e-01 1.600943639084679293e-01 -1.857373109639453013e-01 3.276998826797196673e-01 2.190425816622741939e-01 3.022392718572373682e-01 4.848455651227741026e-01 -4.362190650726914809e-01 3.835712338362101126e-01 6.068612477638568592e-01 4.315160972135801409e-01 5.439912767135822724e-01 4.338114299424891684e-01 -4.413929764237101844e-02 -1.225259438131330730e-01 4.527090566402935390e-01 4.209112497856004054e-01
3.676653282934501665e-01 2.000457905429361416e-01 5.337008391086667247e-01 -2.757207381732395546e-01 2.153801789920009035e-01 7.333965015132974941e-01 7.437620902412024337e-01 8.192198302698244783e-01 1.000000000000000000e+00 6.660951269264714369e-01 5.338449244443059793e-01 1.483924864041062663e-01 1.100159253383704988e-01 -4.631303482546530459e-01 -4.895759249115957390e-01 2.391701546710548187e-01 2.380078794218523364e-01 4.333860850821770749e-01 -3.460392489618825951e-01 1.608427038764992933e-01 -3.557691510930759138e-02 4.977850694780621144e-01 -3.087324198718617851e-01 -8.048801191127930021e-02 4.441371654576453665e-01 2.359365186619678811e-01 2.977548668178536251e-01 2.521497234584185176e-01 1.763063625554413538e-01 -4.229801014195364584e-01 -1.957092812958476438e-02 -6.002488673631152238e-01 -6.059924063984258868e-01 5.656929730669633116e-01 3.957803812882406125e-01 3.092461779014506473e-01 3.274681165908089331e-01 3.497620196395652692e-01 5.375336909563882548e-01 6.446904348949745733e-01 5.731700995917982100e-01 5.312645449648555340e-01 4.399152920570213454e-01 5.733368813472421444e-01 6.004611610420437229e-01 -8.730642676777619626e-02 -2.950416144803112983e-01 -1.543695807195480385e-01 4.335226557963992033e-01 5.437678190526518129e-01 -9.769285075741156177e-02 4.903502497755922729e-01 -3.542563700142782879e-01 -1.849455612118650061e-01 7.609197022809571775e-01 7.563837057107289930e-01 7.866549419603227067e-01 8.753694281461934512e-01 7.013389415932276272e-01 3.538280210980948026e-01 3.939303168622625972e-01 9.176238740986804310e-02 -2.338246976752464401e-01 -4.025573841729137570e-01 -1.805255790778117486e-01 -5.029985341610305749e-01 7.717062109051139318e-01 3.227143449812027720e-01 3.999376172799950502e-01 1.990922863284654287e-01 -1.495381300728350071e-01 5.331347514911782826e-01 -2.572386157588574251e-01 5.274471694332110161e-01 3.302958268600205555e-02 4.614263924385369475e-01 3.734342085471225592e-01 -2.869408178228265438e-01 -1.260981764303671648e-01 -6.764497591151336087e-01 1.898884652742681423e-01 4.210479014126538577e-01 7.169441771018372211e-01 5.752731298945461536e-01 1.808166800233983462e-01 -3.231769953534626150e-01 2.920844798842787138e-01 2.396763179975102687e-01 2.943634362342025246e-01 6.398562812019682466e-01 -4.176605464355591657e-01 5.037666852386050165e-01 6.004753757712953943e-01 5.388589591199477447e-01 6.364322817530955190e-01 5.794045557159942517e-01 -8.216206477774097572e-02 -1.829901597967444338e-01 4.544858997743786988e-01 5.525597837615136010e-01
4.541080919072197908e-01 2.480954685995154924e-02 4.184334693859715903e-01 -2.642213555866400609e-01 1.398016682985755155e-01 7.482517703927148434e-01 7.107555443569218978e-01 5.359629914820369656e-01 6.660951269264714369e-01 1.000000000000000000e+00 6.487797142865745492e-01 4.994544751402869159e-02 -1.103339946801874458e-02 -4.709676139506215331e-01 -5.458784464329453634e-01 2.436307426531982567e-01 1.285797803240453230e-01 1.437804293006875456e-01 -3.519926439834088483e-01 3.952949203605509582e-02 -1.718971324958240565e-01 3.624664126106419970e-01 -4.108747772192769543e-01 -7.265407185236925913e-02 6.730081692808319582e-01 2.391997997588619085e-01 1.409152327684834449e-01 8.440368064597394970e-02 5.291064765090986582e-02 -4.574909558270171539e-01 9.331446258044831521e-02 -5.207082595942812420e-01 -5.640659879081310057e-01 3.871676624699035840e-01 2.555648689233500637e-01 -3.524208093269218939e-02 8.806157392501842707e-02 5.258511543251151998e-01 6.744103519918217549e-01 6.085569987161343342e-01 2.696768660910498494e-01 5.925252300000564132e-01 3.983253221122582399e-01 4.301793347604589979e-01 5.344939671887646293e-01 -2.508119669992375789e-01 -3.365649721477367295e-01 -2.563551713210321936e-01 2.059904068966404711e-01 1.905089515154182733e-01 -1.929152810255895661e-02 3.668775311634276393e-01 -3.055611346590303978e-01 -2.255597226237145425e-01 6.244158932607067891e-01 7.729720928533216906e-01 5.936337417198751520e-01 5.085819084789093836e-01 8.554512109396632535e-01 2.104578222821750499e-01 2.854224108505322710e-01 -4.005128149601315524e-02 -2.153852949037198539e-01 -3.555207474263372691e-01 -1.933009850406593177e-01 -5.333543808883082216e-01 7.423423252666901950e-01 2.460121524060860099e-01 1.486170271799964193e-01 -5.451193136189194655e-02 -2.120098667211144094e-01 3.046322127290696513e-01 -3.940513402426246703e-01 5.657466395328567543e-01 1.049009840744501570e-01 5.407227245821354389e-01 2.671355891372197422e-01 -3.780968379634407905e-01 6.498260290874170730e-02 -6.362808264573072137e-01 1.839088162977433327e-01 1.591420722982572755e-01 6.619977553332142550e-01 4.203275204402303622e-01 9.437168822306546412e-02 -3.586386995553850765e-01 8.464824686678364130e-02 -2.234059641991279974e-02 1.812796848013593573e-02 4.123318803590647064e-01 -3.201442824554687205e-01 6.150491835170313060e-01 6.697373275735122311e-01 5.657457379171454415e-01 6.134144245800825512e-01 4.170878906789416418e-01 -2.614336905517296028e-01 -2.924683796838790095e-01 2.607870517861398674e-01 1.825330061378156177e-01
2.037187919386027890e-01 -1.305600741668211939e-01 2.168437065205303660e-01 -2.964009893342314794e-01 -8.046854612258878825e-02 4.868828504992186446e-01 5.459659420448985667e-01 4.584446583987080159e-01 5.338449244443059793e-01 6.487797142865745492e-01 1.000000000000000000e+00 5.407065546357965324e-01 1.770536073244168562e-01 -1.970151297794775491e-01 -2.351767366759439093e-01 -1.547430918151750448e-02 2.404872050721406918e-01 1.394465976032278898e-01 -1.036278167355608598e-01 4.289635214123108803e-02 4.107181206994613143e-02 3.971805729764454340e-01 -1.067027464343456439e-01 1.808552331946978731e-01 3.877986833468777816e-01 6.185403278806916871e-01 2.498813731483356670e-01 2.492475608452721925e-01 1.848945019008824686e-01 -1.831753473842295532e-01 -8.133143628272167247e-02 -2.885392243218561914e-01 -3.680167227651472972e-01 3.335582930233726984e-01 3.638377569224923724e-01 1.194376781576062252e-01 2.292766506487708411e-01 2.554797247548785122e-01 4.270647820393387861e-01 5.186835783753830365e-01 4.302167018712197422e-01 5.728583956965637158e-01 5.771510019044323592e-01 4.734019698881805072e-01 4.680586291109644637e-01 6.702163329360894158e-03 -9.488114325246703451e-02 2.009778589721394892e-02 4.508209651836042053e-01 2.919461554232090084e-01 -1.362932653565292473e-01 1.510283803958212268e-01 -3.560074024364451306e-01 -3.258764117619362133e-01 4.090083554968898527e-01 4.443466757011753643e-01 4.077443450505475186e-01 4.738447174032354714e-01 5.883450470741545812e-01 6.414553812602002969e-01 5.825795673144436027e-01 1.472050546312712871e-01 -6.696581318313817033e-02 -1.883509217927409329e-01 -7.990542843754869229e-02 -2.384490190676076815e-01 5.184470947894785908e-01 2.644847637861190703e-01 9.740644003850104649e-02 -7.895038394717104890e-02 -8.024589937718866473e-02 4.275594504108174987e-01 -1.211817747165114673e-01 5.213326480813376129e-01 3.208198552109104429e-01 6.112339307120244758e-01 3.194518447946245177e-01 -5.037340650640877854e-02 -1.175472136672437579e-01 -3.662975018936939775e-01 9.082847148697624495e-02 1.203304253430316356e-01 5.551090355151171440e-01 4.964380382612876841e-01 1.354665670892249985e-01 -2.746049496165176573e-01 1.910286507679881673e-01 2.225168362147649792e-01 1.763369519232543536e-01 5.036139161745519788e-01 -2.745319781789635205e-01 3.867620670151876716e-01 4.918600425443964697e-01 4.155017035396113001e-01 5.984854321814501166e-01 4.443900746755954922e-01 1.135114227680664514e-02 -3.980101478074904442e-02 4.715571669420142720e-01 3.895578538738911356e-01
5.315005117385560073e-04 -7.444884277234672942e-02 8.665909070308823459e-02 -2.352480222471113325e-01 -1.573567360061330356e-01 7.719397090160286246e-02 1.964580690951132913e-01 1.534206157248691749e-01 1.483924864041062663e-01 4.994544751402869159e-02 5.407065546357965324e-01 1.000000000000000000e+00 4.355861925288380676e-01 3.113775732752345760e-01 2.821513424261886671e-01 -1.141816061657793951e-01 3.380447470078923322e-01 2.046114366148492347e-01 3.330629873706438815e-01 1.686133406465355200e-01 3.871749501779055969e-01 2.803041019318300853e-01 3.907080606264289324e-01 4.669584831227968080e-01 5.722910386468550020e-02 7.266624241293712094e-01 3.241027943277868251e-01 3.664375965076699382e-01 3.844368497918126959e-01 2.420168162777023846e-01 -3.036539952603088399e-01 1.053006884298444412e-01 -5.921377223392544284e-03 2.017139876731660897e-01 3.191478160035828848e-01 3.119129210212295278e-01 3.551939297645539395e-01 -1.962242342874892798e-01 1.993581127813557133e-02 2.849655497747569100e-01 3.861875824358592113e-01 3.199124149133785178e-01 4.888022639510561373e-01 2.925057787044885171e-01 1.802811896861800101e-01 3.258587881778063355e-01 3.016587382326779698e-01 3.743757637911826475e-01 5.042980086891208913e-01 2.935360376667388582e-01 -1.034306483089965506e-01 -2.318568157188225301e-02 -2.006736907785463542e-01 -2.504601457233438522e-01 8.184890589619052415e-02 -2.836822709707338686e-02 6.930239239449108302e-02 1.613865188279593466e-01 7.871005503868291203e-03 7.592465083927004699e-01 7.544220702116165578e-01 3.395831004322837909e-01 2.777975874316662708e-01 1.944703910590148688e-01 2.090696194816112075e-01 2.495880541248456652e-01 8.403774740401515064e-02 2.842238767684297507e-01 1.054888533290203323e-01 5.240357411190661729e-02 2.694142268346764180e-01 3.541222744059975835e-01 3.246313417450764072e-01 3.032506902361197798e-01 4.270956530393180128e-01 5.695276785303804434e-01 2.820863007657317678e-01 4.678513621807579570e-01 -3.628945391436970147e-01 9.764363387501064084e-02 4.884369400567582092e-02 3.203973510133930475e-02 1.341666472340712346e-01 2.799954265373025275e-01 2.082811315736459168e-01 1.888884302612025418e-02 3.745203299116198759e-01 3.457999261696569349e-01 3.031538540632777723e-01 3.621754982834386460e-01 -8.573677781843436208e-02 -4.609345281694153529e-02 1.922563904659040923e-01 5.115694495771345301e-02 3.751458510674757219e-01 2.093298587144670486e-01 3.641488740130696677e-01 3.430758731510328285e-01 5.189542583312505286e-01 3.577807123141388268e-01
-9.410174631300527448e-02 5.699978585420496791e-02 9.621283185122055104e-02 -1.106557682394615078e-01 -9.041526548441054800e-02 8.226113567981217789e-02 1.364119090848194271e-01 1.702105127121712747e-01 1.100159253383704988e-01 -1.103339946801874458e-02 1.770536073244168562e-01 4.355861925288380676e-01 1.000000000000000000e+00 4.734357098765341609e-01 3.456597525939948956e-01 -1.200367359211547934e-02 7.176782158808727718e-01 4.540165739080370688e-01 5.902959511855517816e-01 4.202494890184904630e-01 5.614081198947640239e-01 5.473572258178608374e-01 5.674039525194860545e-01 4.637890548498000420e-01 -4.757897331697879401e-02 3.214168078130571482e-01 6.364424083172126601e-01 6.046738367082412635e-01 6.730656827106625828e-01 2.175046575046946651e-01 -2.151635480168261894e-01 -3.501271297760879565e-03 5.861594318944643618e-03 5.228057718476920579e-01 4.331523674108281874e-01 3.107818252287283811e-01 6.855585391960400399e-01 -1.862288088810808706e-01 1.534971115939288422e-01 1.762518147671486846e-01 3.831901186426489581e-01 2.460981144673006216e-01 2.133017200659081403e-01 2.029878187366409847e-01 1.843151582037337033e-01 5.953222385890185597e-01 5.236052221178395527e-01 5.475267316255540972e-01 1.961523713998423457e-01 3.835647783891852902e-01 -2.718124191596928974e-01 3.671873365499640773e-02 -7.760257406132173297e-02 -1.738183893702299199e-01 1.621546423888396149e-01 -1.312855930218542093e-03 9.137159654152611499e-02 1.376036680211582264e-01 1.006619163295490241e-02 2.841897269389180858e-01 2.855810523108286425e-01 7.485209127149241581e-01 5.525441490029014968e-01 2.414829525571872970e-01 2.790104460704432854e-01 3.173002359773664516e-01 2.685814209942219769e-02 6.058416902402907755e-01 5.003076843757473524e-01 3.809027217461777304e-01 3.802370921867654352e-01 4.998541001036806986e-01 3.959497698421110545e-01 1.266608954152314281e-01 2.589743951419056778e-01 2.372343206272585492e-01 6.118310634550868654e-01 5.601284322106093727e-01 -2.705092749784444028e-01 4.991565177075772686e-02 3.241181699854708276e-01 3.042508389360436549e-01 1.250300132055828517e-01 2.416939515033767472e-01 5.130120660002230881e-01 2.696416732833060714e-01 6.189122749896304176e-01 5.602932302245668961e-01 4.802899217084248273e-01 2.565830463974606013e-01 -1.066727904535700461e-01 -9.238312045341609546e-02 2.181075200057446262e-01 2.178557525801174104e-03 1.896914416940901627e-01 2.098109580909010285e-01 6.366895741534408515e-01 5.316358287175712016e-01 2.724705830052837063e-01 2.659427417485746847e-01
-4.136699258918486444e-01 -7.645031534508975324e-02 -2.928689896084601951e-01 9.101654364594129187e-02 -2.150412605973980318e-01 -3.983717274353315574e-01 -3.459391872018514613e-01 -3.148331174977929137e-01 -4.631303482546530459e-01 -4.709676139506215331e-01 -1.970151297794775491e-01 3.113775732752345760e-01 4.734357098765341609e-01 1.000000000000000000e+00 8.615526614801584104e-01 -2.341772065183789497e-01 2.971086317765652129e-01 1.675680870744950812e-01 8.008301526607787268e-01 3.254801454073764644e-01 7.062127145189532884e-01 -2.964761867508589055e-02 8.599533985902012567e-01 3.594484683132612157e-01 -4.109989726017561074e-01 1.200729734655696934e-01 1.998307651467232104e-01 2.921399020280711079e-01 4.089486635756673927e-01 6.989803663289376745e-01 -2.727814502231412086e-01 3.989107875975762552e-01 4.327925016664462277e-01 -3.279119097037374447e-02 -4.035680574505678964e-02 6.013915623694057744e-02 1.765563014260876362e-01 -4.955716146377149300e-01 -3.486988840483991048e-01 -2.566261569728810477e-01 -1.312286908841001354e-01 -1.998193852427406492e-01 -1.571396601912137259e-01 -2.654217632960975126e-01 -2.832404561353555894e-01 5.811464303722214675e-01 7.335643669977955916e-01 6.776375691232335852e-01 -4.809170231568542231e-02 -1.241686165526971058e-01 -2.191878284051187731e-01 -3.528625372495781676e-01 1.203856184805331825e-01 2.407427514516197881e-02 -3.442131186601271597e-01 -5.074880000266320801e-01 -3.956884761013314544e-01 -4.113424353605618644e-01 -4.889050548409906716e-01 5.576800490073530181e-02 5.183529627341604273e-02 3.112965022783118485e-01 6.874636080668256044e-01 7.017203436775246717e-01 6.173982796015082819e-01 8.202469178441620379e-01 -4.916972708255148983e-01 1.238864533825648900e-01 5.747580977757232867e-02 1.630703110555208613e-01 6.577419314588263122e-01 -6.157559689654426571e-02 7.276484458870661198e-01 -1.611630385313932989e-01 1.117373820449969329e-01 -7.406462458659666959e-02 1.553782258134289163e-01 7.844240033674307888e-01 -2.602552968302025427e-01 5.015928376999079230e-01 2.386703336702636347e-02 -1.754485391573771536e-01 -4.301383386542048104e-01 -2.449953560287963239e-01 2.231856164720641134e-01 5.496608074375378683e-01 1.869252148812963199e-01 2.241820467847621123e-01 1.078424430447901400e-01 -2.448731499847572601e-01 1.568458972080839231e-01 -4.970389583948529033e-01 -2.456383930265718663e-01 -4.330789915931005929e-01 -2.589212469196044974e-01 -2.632739113134927589e-01 6.054188391748857034e-01 7.040289505918547741e-01 -7.058243822999825043e-03 -1.824127638357448955e-01
-4.565394752171558768e-01 -9.719446389053305879e-02 -3.911006360246578883e-01 9.461800662932970396e-02 -2.502821457720209586e-01 -4.706701876522658701e-01 -4.337968640833380629e-01 -3.584208593804940057e-01 -4.895759249115957390e-01 -5.458784464329453634e-01 -2.351767366759439093e-01 2.821513424261886671e-01 3.456597525939948956e-01 8.615526614801584104e-01 1.000000000000000000e+00 -2.551848311316786688e-01 1.844549228350940151e-01 5.201609264131154542e-02 6.659861644573269457e-01 1.995644551711305836e-01 6.251504586320928425e-01 -1.413204217536868090e-01 7.754193761604983859e-01 2.904125058861098396e-01 -4.905920178894696559e-01 8.848242468757036572e-02 8.729041071488741199e-02 2.071889054159915255e-01 3.155205593999299563e-01 7.481057562479040968e-01 -2.507862692545817507e-01 4.178705023439720501e-01 4.703514249413901505e-01 -1.520536877504187201e-01 -1.030353396570655722e-01 4.741458519017978379e-02 1.193306391554596890e-01 -5.160126702324007164e-01 -4.670441231506333724e-01 -2.882444268552994404e-01 -1.742755153283612468e-01 -3.097260947304675271e-01 -2.116738718794418661e-01 -2.828989522498294162e-01 -3.257607659119731713e-01 4.742947234844444027e-01 5.760604235364397141e-01 5.369937108020657046e-01 -4.468616291562862303e-02 -1.198468834728350224e-01 -1.977909307379319137e-01 -4.075878646787703952e-01 1.243926178906964303e-01 4.062512810738338337e-02 -3.788224466500582088e-01 -5.911727627798627482e-01 -4.647055439933397425e-01 -4.292088427302971354e-01 -5.289837618594722679e-01 8.545747518404087084e-02 5.701085644639590500e-02 2.851712492033404711e-01 6.246506358717697216e-01 7.461892559665761482e-01 6.432897979593097393e-01 9.233256500666587874e-01 -5.469203665567241579e-01 3.824730003558943908e-02 -2.199304094220839046e-03 8.852568526404817895e-02 6.570743833982669591e-01 -9.372441896534033923e-02 7.789143149529070831e-01 -1.801353788260674771e-01 1.185111416085186664e-01 -1.145687673516219973e-01 5.793724121631820684e-02 7.240819334333955526e-01 -2.579325617155402983e-01 5.160755226066237045e-01 -2.899870016678601781e-02 -2.050294560622737683e-01 -4.749644874613904721e-01 -2.296165257570422502e-01 8.655918017650222895e-02 5.531654218870700745e-01 1.314071119892875339e-01 1.951768803434167920e-01 8.405850842180541405e-02 -2.478428865532791570e-01 1.707192360991470759e-01 -5.623725739799991796e-01 -3.149538574778471545e-01 -5.144512161059927591e-01 -3.122101780804094062e-01 -2.610009462521174495e-01 4.928550988296025448e-01 5.982320018607143464e-01 -5.364201882804341646e-03 -1.333623297238798189e-01
