1.000000000000000000e+00 9.454294767301980873e-02 3.328668897845955543e-01 -1.514436594404961200e-01 -1.866547913721703922e-01 -1.439901405230089877e-03 -8.882341423057620033e-02 -3.202421029555531651e-01 -1.675890783988406296e-01 2.269499886753445841e-02 1.903523427852448213e-01 1.104533712063106576e-01 -1.899874181461268519e-01 -3.952210060598094210e-01 -2.888166652003910650e-01 3.598768154355850846e-01 -2.998415457208101764e-01 -3.188562807508963370e-01 -3.377962368329206488e-01 -1.455468973751467832e-01 -3.321677309051835891e-01 -8.851194065998858884e-02 -3.398799986771403048e-01 -1.139661350575812415e-01 2.204561280691198499e-01 6.249248908729938823e-02 -2.324763378510655287e-01 -2.705910296705690832e-01 -6.252799602328414086e-02 -4.093422023478728300e-01 -2.083118632459140737e-02 -1.559801154927396016e-01 -2.523636974756887641e-01 -1.841656162379579631e-01 -1.147987641479040338e-01 -1.064376279129013586e-01 -7.923059757514804013e-02 -2.351558338058083453e-01 -2.050751329664962652e-01 -2.587026943840269261e-04 1.579151283189047378e-02 3.317874102048840035e-01 -3.051371541560338185e-02 1.754232618077547490e-01 1.878385897006103200e-01 -3.903020206511625956e-01 -2.929271467539296681e-01 -2.575806864581729472e-01 2.876742588931741618e-01 1.429953030334833557e-02 3.173557342351901456e-01 1.898703892360679435e-01 -3.262849229343715018e-01 -2.603963824366317126e-01 -4.715348995601045812e-02 1.701495939675183311e-01 -2.322233972664295987e-01 -2.140160470008562743e-01 -6.715967651940663030e-02 7.657977259919301893e-02 -2.067820184568719688e-01 1.667565509211283159e-01 -3.518390979706789712e-01 -3.643414184510712084e-01 -3.483814053837988589e-01 -2.395811642666786645e-01 1.074344362028766819e-01 -3.267330764298213563e-01 -2.887633649344718556e-01 -9.803387037398850201e-02 -2.402603707450592374e-01 -1.852581245240182140e-01 -2.627932412915948701e-01 -8.701898598884326430e-02 -2.463904326297283176e-01 1.258482589761981615e-02 -1.089298245562932560e-01 -3.264353145656820332e-01 1.380307620246147837e-01 -2.889067257886298035e-01 -4.906938099151114674e-02 4.464616590804399987e-01 9.617235863059160617e-03 -4.043537513475875533e-02 -2.557919602721775987e-01 -2.564251885368845074e-01 -2.495350835918568599e-01 -3.229522386891529040e-01 -9.626418896302930961e-02 1.875211721818863253e-01 -8.112010051015923484e-02 -4.208125504396046379e-01 -3.305981816915189997e-01 1.506494847784772828e-01 -2.194005652028050424e-01 3.675847172034416716e-02 -3.531395690973513357e-01 -2.574160878241053552e-01 3.384251676244544593e-01 2.380429621950249930e-01
9.454294767301980873e-02 1.000000000000000000e+00 5.999767703314345946e-01 6.734563287780680474e-01 7.387909121295983539e-01 6.675738186998431134e-01 5.156455167646361026e-01 6.491285269317853546e-01 5.795316393299848601e-01 2.310336759303588949e-01 1.224824335172802064e-01 9.263224436077596366e-03 3.269494928284704116e-01 1.173182210984769908e-01 1.486991346565701491e-03 4.698252043200731864e-01 1.415541469808016539e-01 4.494778795500479762e-01 2.776652571116849932e-01 3.458733627094385810e-01 2.321996433507670654e-01 2.724966066926770569e-02 2.434799197795854686e-02 7.357795523273355509e-02 7.075189725609391800e-02 -6.020327747731947510e-02 4.744490185284555572e-03 -4.434677869352711410e-02 1.249048823869463309e-01 -9.914863646151682308e-02 -3.201787897727950694e-01 -1.886509205507474474e-01 -8.940314066425336659e-02 1.729778610635405722e-01 9.225584396695586664e-02 2.537969523645774994e-01 -4.725917480753849542e-02 -2.260622756822976490e-02 -7.609466634075229274e-02 7.601225668403348290e-02 7.873904429412069417e-02 9.076798790771746506e-02 -9.261025233376600496e-02 -6.101665669024212285e-02 -3.678532259232066282e-01 -9.113400809028296412e-02 -5.300860494314875437e-02 -5.205388685272265004e-02 4.207344828231640022e-01 1.406120342936959811e-01 2.993857528388460098e-03 7.630938107923315172e-01 1.650691628251589882e-01 6.428001432806209614e-01 7.106642862477982048e-01 6.104284365753774866e-01 5.502757744576233234e-01 5.904795730940531895e-01 -1.635922046257209939e-02 3.242749010902450379e-01 2.685873052566004615e-01 2.760742925116582702e-01 6.517694498080434107e-02 1.395824543733543144e-01 1.368223375082746052e-01 -2.673264167872162200e-02 -5.458428747655950236e-02 2.390811331999838640e-01 7.465840761241687717e-02 2.026042513564607073e-01 2.082100404351376333e-01 7.281759264020699896e-02 -5.615041166575571174e-02 4.916981623152696240e-02 1.537958374698728814e-01 1.669074574400740973e-01 9.668203296940737490e-02 -5.996998031994216216e-02 -3.602416365388131370e-01 -1.917360994171431188e-01 -7.471278323058502813e-02 -2.307196053397453928e-01 -9.269868788429672102e-02 2.042451126053276573e-03 2.834562861972384981e-02 -8.001467591405152235e-02 -1.800994490665388387e-02 -5.020133664128533652e-02 2.983883602483984876e-01 -9.140416840427938172e-02 -3.216604994099823700e-01 -2.043848685727787107e-01 1.432523164127434134e-01 5.863269841285528861e-02 -2.353896174775340147e-02 -1.305778626433050649e-01 -7.507333437147217792e-02 -4.106303546382252673e-02 3.687283895068764195e-01 9.407522626045736192e-02
3.328668897845955543e-01 5.999767703314345946e-01 1.000000000000000000e+00 1.177705187988244417e-01 3.614036110803948154e-01 7.383443837032829249e-01 5.735509149049750066e-01 4.042595954361587474e-01 4.962209362543584801e-01 2.774892122175091069e-01 2.368414517975413469e-01 1.468397521628156954e-01 2.514531767900221593e-01 -4.330243974901856058e-02 -1.390179988262160438e-01 2.850729794380478799e-01 1.429403877482780250e-01 3.230168595619916649e-01 1.776409800015350537e-01 2.283306435905465281e-01 1.064346302514047188e-01 1.021703348772477898e-01 -8.607635878129932250e-02 1.742278966880986268e-01 1.682091709510157851e-01 9.129168185024900961e-02 -1.216044837483404480e-02 -3.107655971096146344e-02 9.188999501379004065e-02 -1.808734704845310071e-01 -3.738329314565650985e-01 -5.231312081219205989e-01 -4.313613357991690767e-01 1.303353518404622990e-01 1.606769662286930411e-01 8.271456074755026422e-02 -7.799875766127344068e-02 -3.152047980309916619e-01 -8.842681945402275367e-02 2.978132621675335101e-01 1.451954813996039206e-01 3.533060936500460048e-01 3.895647554940598334e-02 5.972685032849110731e-02 -1.881413397324582792e-01 -2.216772557509362473e-01 -1.481749065386563091e-01 -1.647101471104901182e-01 5.849928805556409150e-01 1.675359298585532564e-01 -8.932032319822146016e-02 7.041262687558339506e-01 -1.426922255320211275e-01 1.254578844312413677e-01 6.524717592695252755e-01 8.127712853432118578e-01 3.971389442921250956e-01 4.597951141601889780e-01 7.381116898946850358e-02 3.287255753012774395e-01 6.881152647182911530e-02 2.107035742759464370e-01 -5.084073191913750234e-02 -2.373575928744566660e-02 -5.459096912437877425e-02 -1.393335993011543816e-01 6.867582479006117957e-02 1.264868785742643831e-01 2.106809029349539925e-02 2.249133321737084856e-01 8.839055853353040837e-02 5.275871781726388515e-02 -1.182394688069826755e-01 1.676505447516562219e-01 1.463995892591778980e-01 1.297328983009451708e-01 6.204940620905710635e-02 -1.626941710826227405e-01 -3.033367292014130245e-01 -4.658359361619098249e-01 8.644423096861356126e-02 5.228229256478125059e-02 7.363059711266918550e-02 1.103170650723384189e-01 2.050490636996098182e-02 -1.699139690236043665e-01 -1.014407090530844296e-01 -1.198001450174712851e-01 2.106583506474180578e-01 9.956890397949881566e-02 -4.228569872834752053e-01 -4.777753008218184050e-01 4.893414684450565072e-02 1.995835347028316054e-01 5.823234248530886198e-02 -4.522909471685056942e-02 -1.918056077424637185e-01 -1.518588068969282390e-01 5.950688234287030420e-01 2.400938297142999334e-01
-1.514436594404961200e-01 6.734563287780680474e-01 1.177705187988244417e-01 1.000000000000000000e+00 7.550805931449049435e-01 3.397747885972315363e-01 2.859358188736407791e-01 5.532829301703633407e-01 3.995542239492597125e-01 7.116577397594457677e-02 7.680301136551510865e-02 4.305086849011743877e-02 2.451220932996676372e-01 3.225607227452323977e-01 2.416832491374327208e-01 3.168751805653695075e-01 1.030949780340588984e-01 3.608695237145760348e-01 3.273925890978489628e-01 3.312627475416207168e-01 2.810688001099956312e-01 -2.436406444695873343e-03 2.520346926547205602e-01 8.371224735938948697e-03 -4.661621392726877922e-02 -5.854394200596255149e-02 6.933564146175248688e-02 9.271968906152713852e-03 1.915363811135818994e-01 1.273983457814921172e-01 -7.448621245183638384e-02 2.260288345013875821e-01 2.926064669799513518e-01 1.571385303795424793e-01 -2.138495273781623046e-03 3.194859241505000891e-01 1.122991479375488573e-03 3.055523609090031734e-01 -1.409159815363385942e-02 -8.566382178109090140e-02 8.120389890466940541e-02 -4.919266158935336336e-02 -7.008154623158040220e-02 -4.767393843520713326e-02 -3.373952545929073676e-01 1.508634883467032950e-01 1.706560416255368529e-01 2.144876259593531120e-01 1.696375945349495873e-01 1.478432354039944108e-01 1.389465429711169431e-01 4.689497161983306461e-01 4.674167161617196475e-01 8.508003825892044292e-01 4.666237003299071318e-01 2.699124554256652209e-01 4.475718560229833276e-01 4.480378269934583435e-01 -6.696503828724706398e-02 3.145276000571471386e-01 3.622037555134782760e-01 2.284612551987659501e-01 2.345913563343657304e-01 3.346699760924881084e-01 3.554127122775450065e-01 2.453024544941530549e-01 -6.382935544797072036e-02 2.898877473217984502e-01 1.383379458170794218e-01 1.085247964408420640e-01 2.829413709201498706e-01 1.123937651818448374e-01 1.699176946368508023e-01 -2.254648611494126931e-02 1.607839482108442686e-01 1.891036171229676099e-01 1.652001913079320095e-01 1.404846605130291026e-01 -1.834876987305414098e-01 1.696586498338891746e-01 -1.113452060422155804e-01 -3.208982598355101246e-01 -1.601137888446241275e-01 -2.075509318265601408e-02 6.382423077680503265e-02 1.181731258715758709e-01 6.143183156723953237e-02 5.212671850753916591e-02 3.193742485022106892e-01 -5.359567432205513543e-02 -1.034783374156649470e-02 9.046780517467081784e-02 1.724762135231196203e-01 8.147703138227523068e-02 -1.850151442659521070e-02 -5.166979828228975696e-02 1.405053610751207382e-01 2.245649247126127457e-01 1.472252427728815427e-01 4.540123549493220445e-02
-1.866547913721703922e-01 7.387909121295983539e-01 3.614036110803948154e-01 7.550805931449049435e-01 1.000000000000000000e+00 6.025245124983678036e-01 3.654209626068433692e-01 6.731092291063844879e-01 5.991417031488727174e-01 9.619953531693795079e-02 1.255781697960757781e-01 1.181813917765298788e-01 3.612468388516193452e-01 3.410780563277922561e-01 2.205886999150653838e-01 1.813520810964046881e-01 2.257137977769078929e-01 4.910584903595802686e-01 4.256793393879039211e-01 3.713420092901756897e-01 3.699298110974719167e-01 6.875617475959705516e-02 2.675658568020064521e-01 1.181429624810692164e-01 -1.992236847844918238e-02 4.167989585809037806e-02 1.353372179776668183e-01 7.203260878188860739e-02 2.620382811992511551e-01 1.253135032599962950e-01 -2.602945496370657752e-01 2.488989329760442001e-02 1.571753925796412765e-01 2.270856770563713933e-01 1.308104412438421960e-01 3.566491210447301774e-01 5.725404485957150819e-02 1.432210251764451381e-01 -3.868183419536933010e-02 -2.561067265849566177e-02 8.888357762299818610e-02 4.130745241725762573e-02 -1.068148053675153399e-02 -3.830518770867571282e-02 -3.157045071140962000e-01 1.309159596440562512e-01 1.378424626611036430e-01 1.862065661495061475e-01 3.025449010848675346e-01 1.542007962965932233e-01 1.013148731643205916e-02 6.114554349888478013e-01 3.596431405439423634e-01 7.929019527076280882e-01 7.049844453260079025e-01 4.927128346116035340e-01 5.134539165156577489e-01 6.424356509180446650e-01 -1.562898035629775237e-02 3.895030826701503801e-01 3.815594225500605341e-01 2.417137661706417195e-01 2.606515752643778772e-01 3.619546313195862730e-01 3.718429301575850165e-01 2.183016026604800708e-01 -1.438364359065323617e-01 3.555310560548463616e-01 2.082131042163137546e-01 2.315606527431901263e-01 3.572946014908413015e-01 2.055285376155976951e-01 1.723764121368772106e-01 -3.612264347618375504e-02 2.248702361489011148e-01 2.725908997394980715e-01 2.477301650457235382e-01 1.499511703804158047e-01 -3.508569341793651430e-01 1.966055498079978536e-02 -5.052662643062613701e-02 -3.403096364481933978e-01 -1.056524149888338759e-01 6.185745159929190162e-02 1.643506139312432834e-01 9.916817921937484681e-02 1.220848846933639681e-01 1.029487296636689003e-01 3.977578311931272426e-01 -1.012340070423083521e-01 -1.530802369942756147e-01 -5.655659737305802903e-02 1.695192362981176870e-01 1.531908618795476129e-01 7.054865801318850604e-02 -1.858556735512510195e-03 1.374783636201195591e-01 2.036185490625411487e-01 3.036913977497472938e-01 1.123035114241873050e-01
-1.439901405230089877e-03 6.675738186998431134e-01 7.383443837032829249e-01 3.397747885972315363e-01 6.025245124983678036e-01 1.000000000000000000e+00 6.077776016673315240e-01 6.563025232134285236e-01 7.611977695453537862e-01 3.552709390668359335e-01 2.345401076199869206e-01 8.426043569676927580e-02 4.881559284509737195e-01 1.791033217491031226e-01 2.586053981312670322e-02 1.920732099202087650e-01 3.006913812153250709e-01 5.475727569565754793e-01 3.909120729925411597e-01 4.522420655437532910e-01 3.189197864459681897e-01 2.029252844688854140e-01 1.284782366241993545e-01 2.865624103543092938e-01 8.596479983898396016e-02 1.100250432837858311e-01 1.209486483933358558e-01 1.129399657485258557e-01 2.212138056118192198e-01 2.931328596018450972e-02 -4.365561777271798061e-01 -4.609991064119545179e-01 -3.351366264789881755e-01 2.928779282679069285e-01 2.795908119944383041e-01 2.971418295043848912e-01 4.453651137041025887e-02 -2.709690955726139494e-01 9.182741985853606773e-05 2.887064457528621952e-01 2.018780130815078233e-01 1.859211693814500632e-01 4.382717607801919768e-02 -4.173132562122963685e-02 -2.951151252665875635e-01 -6.811435767975519695e-02 -1.029083699130500448e-02 3.607292704564779139e-03 6.394765012784102698e-01 2.685001194790705981e-01 -1.919004331336430225e-01 6.821039449998522741e-01 -1.155375560644855172e-02 3.979753578015091109e-01 8.612116404952208093e-01 8.422377553296150898e-01 5.681706450833841071e-01 7.376827899941365008e-01 1.813882269845298045e-01 3.363809294538595562e-01 2.123276597771218965e-01 2.614711233655389044e-01 1.529271090103387354e-01 1.727418367694693868e-01 1.323910829287550939e-01 7.827934881628055216e-03 7.919224506809002806e-02 3.290065501999073772e-01 1.658596337503084606e-01 3.101506554088514500e-01 2.936214875611242170e-01 1.947235484753973567e-01 4.198554432581769885e-02 2.381112023907644426e-01 2.719186070935777910e-01 1.822227066819265551e-01 2.442870062592705227e-01 7.280142075580847694e-02 -4.348498504674060405e-01 -3.912591732681407475e-01 1.459395870840215492e-01 -2.056130275468285862e-01 9.444047344651601561e-02 1.666379851888002694e-01 1.940878313924223331e-01 -4.405699523739779744e-02 1.087472771541965616e-01 7.645801296910478828e-02 3.781257989494579697e-01 1.864590425994630193e-02 -4.442975744595751841e-01 -3.371687772997683519e-01 2.162348443007731935e-01 1.085382125640408091e-01 8.213117534876471226e-02 -5.084831270960853827e-02 -5.648897645501075454e-02 1.487751461677789232e-02 5.999411867448286584e-01 2.536437262368435031e-01
-8.882341423057620033e-02 5.156455167646361026e-01 5.735509149049750066e-01 2.859358188736407791e-01 3.654209626068433692e-01 6.077776016673315240e-01 1.000000000000000000e+00 6.689629371728211815e-01 5.914220607985731792e-01 3.367802697521901645e-01 1.450895649228689521e-01 1.468961675213082130e-01 2.787972576219594489e-01 1.536030113881998727e-01 -2.547487531443344902e-02 3.176711939060454237e-01 3.158315374752542204e-01 4.921142668466879644e-01 3.482792177945585044e-01 3.054830619459598662e-01 2.684952659850600165e-01 1.166071150527416833e-01 9.667284983499835338e-02 2.768867661626150389e-01 1.973084762686949656e-01 1.033318762255352602e-01 4.447359096309265458e-02 3.314481126933132432e-02 1.411632585293849662e-01 -1.602328729622667230e-02 -3.502516592317918009e-01 -3.770466279009813126e-01 -2.468085043182253191e-01 2.759001321679300234e-01 1.913860226050989877e-01 2.461543005036739562e-01 -1.060465060566952861e-02 -1.664292071479084867e-01 2.055236185303316310e-01 5.246374159404061377e-01 3.646871986116111408e-01 1.785763206984977980e-01 1.593449152849611417e-01 -6.517172954448269273e-02 -2.710374357986524152e-01 -3.244067407499571370e-02 -3.814031262190203247e-02 -4.367583283879954148e-02 4.162614289650115040e-01 2.720447600816308098e-01 -3.350158258971499547e-01 4.775610753329555536e-01 1.877472980738192077e-01 2.644594594298956269e-01 5.521542384682308624e-01 5.551686938788379377e-01 7.082578842869337032e-01 5.744876203237604395e-01 7.181968645045733179e-02 2.512278337150161689e-01 2.196244187011572035e-01 8.230074198069536884e-02 6.106484197359024479e-02 1.383242309566790063e-01 1.200654039424871727e-01 -5.785543933327209204e-02 3.363925240474924250e-01 3.241639121306760241e-01 1.782485481730017307e-01 3.089218618945485662e-01 1.841334432053679249e-01 1.451996085401836278e-01 5.241716898546867551e-03 3.860788981094686600e-01 3.173587993076078528e-01 1.852287460288673249e-01 1.259005365893465789e-01 -7.436043822967385031e-03 -4.071458379557043039e-01 -3.966625774708213426e-01 1.552514849954724219e-01 -1.646385078281426828e-01 8.487594962663352893e-02 1.581296703640563961e-01 1.475355368069869166e-01 -3.752879181493198922e-04 3.507415271205623075e-02 -1.508315877409268507e-02 2.793279292803192981e-01 1.600574845460986384e-01 -4.713671031242232523e-01 -2.621002532284228970e-01 3.604718715298741438e-01 9.869654595751471693e-02 1.061100016914502259e-01 -1.950588636914346030e-01 -2.436916953104448225e-02 -3.763212197413604715e-02 3.567928750913205160e-01 1.520738702073639592e-01
-3.202421029555531651e-01 6.491285269317853546e-01 4.042595954361587474e-01 5.532829301703633407e-01 6.731092291063844879e-01 6.563025232134285236e-01 6.689629371728211815e-01 1.000000000000000000e+00 7.798311371672292935e-01 2.149005664756897249e-01 1.102694951883420767e-02 5.165847425213851429e-02 4.204870217753955419e-01 3.827007333125435617e-01 1.731063791584331879e-01 1.651204296863733323e-01 3.995418441086379668e-01 7.602448993723234238e-01 5.161240341718255076e-01 4.720789014305961651e-01 4.824637423836107830e-01 1.662424400956857284e-01 3.086469171362190012e-01 1.476662518617552211e-01 2.160974210850773181e-02 -4.085635455191870269e-02 1.786141493518262069e-01 1.213734467333913852e-01 1.647663362095496409e-01 1.266555750862886631e-01 -2.416291199089684871e-01 -1.438686178585308895e-01 1.662048600620576232e-03 3.902750834165364946e-01 2.164689640163878215e-01 4.071190693548960016e-01 -5.199123237602577309e-03 1.793512152079643207e-02 5.751497255208645049e-02 1.725917769254357859e-01 2.216107535644182003e-01 1.006046819983018488e-02 5.583975004616963632e-03 -4.697521069706114827e-02 -3.249481933152039148e-01 1.546022740901206449e-01 1.479629178226756769e-01 1.443519284246270462e-01 2.884288104764304306e-01 2.022499418550621209e-01 -2.702614749366187286e-01 5.342439474784498321e-01 3.252407924325188548e-01 6.245432029075762559e-01 7.067585137096130676e-01 5.481050056536169723e-01 8.255075867811010326e-01 8.260408602457243177e-01 1.672697921992458842e-02 2.928058127016824330e-01 3.308030859879215746e-01 1.840766829413849059e-01 2.576729871693561602e-01 3.798508532916307079e-01 3.475141040068263076e-01 1.485574713200838726e-01 4.605141080097608502e-02 4.623571408315376163e-01 3.181689426648818819e-01 3.908060587550770126e-01 3.660820881116521597e-01 2.789473194153935243e-01 1.887834394902848101e-01 1.655509083455706520e-01 4.155571011431887229e-01 2.104945902116829581e-01 1.674943600297216784e-01 1.479042364606686644e-01 -3.650987921901631683e-01 -1.264794642137064551e-01 1.081278461005487218e-01 -3.490562987210439894e-01 1.418699075167297388e-02 1.796683163089878021e-01 2.707873140911004617e-01 1.372297435388625253e-01 1.023226657886527197e-01 1.112706803861421845e-01 4.292681957757662481e-01 -7.361543607064014415e-03 -3.445638739427120401e-01 -1.017621433692427885e-01 2.905577322135732832e-01 6.815890632153280559e-02 1.023580764623959333e-01 -1.038543143742652192e-01 1.434821719414928198e-01 1.657969505549518607e-01 2.563035128241307192e-01 6.471555914504469043e-02
-1.675890783988406296e-01 5.795316393299848601e-01 4.962209362543584801e-01 3.995542239492597125e-01 5.991417031488727174e-01 7.611977695453537862e-01 5.914220607985731792e-01 7.798311371672292935e-01 1.000000000000000000e+00 4.178231214169088603e-01 1.373895845769371182e-01 4.073515525701423140e-02 4.357243850592910084e-01 2.195134245926513850e-01 2.725363359390544499e-02 1.050501451028200972e-01 2.480888831904615455e-01 5.900428069193934810e-01 3.873674037809099469e-01 4.368916745845807803e-01 3.147497013331181925e-01 1.622941068911112061e-01 1.619975278534173668e-01 1.960877271590486803e-01 1.710570739406371832e-01 4.217678991566982394e-02 7.134441242579860065e-02 7.299051110838825074e-02 1.832926432124075133e-01 1.631034818123081173e-03 -2.833297412848698182e-01 -3.154239526585017050e-01 -2.017089362610452741e-01 3.232890410359791633e-01 1.996316705943372016e-01 4.550093149787193814e-01 2.601937377918723746e-02 -1.592477974397048246e-01 7.661292570964275961e-02 2.249053964626477053e-01 1.951278342844268709e-01 1.308868830774501391e-01 3.272023323750285206e-02 3.091432489051011354e-02 -1.944272377540568475e-01 -1.919714248952287400e-02 -1.444511509866500685e-03 -1.129054430502329787e-02 4.100398631766383195e-01 2.704767899897034256e-01 -2.804910777962005275e-01 4.999324546344754427e-01 1.421877926693857486e-01 4.775435864683384990e-01 7.530389198787712512e-01 6.729792047197724614e-01 6.929886214962315272e-01 8.259860608949847194e-01 1.658528345227254230e-01 3.075731454648248375e-01 2.861181372570225090e-01 2.050132713700342779e-01 1.686599594938470170e-01 2.064166876109309601e-01 1.715413495743633443e-01 1.788897797644254523e-02 1.463037051605328431e-01 3.503254673187294332e-01 1.557954054527268817e-01 2.715049791485672492e-01 2.437200862727447459e-01 1.836518899012437589e-01 5.381558034173555827e-02 2.500582502525768303e-01 3.149981460794981647e-01 2.472707285850215542e-01 1.896186507408188782e-01 7.602134036587947230e-02 -3.094267250771799427e-01 -2.762435878000763512e-01 1.392800346101155384e-01 -2.108845936168714519e-01 9.776343381895374884e-02 1.920600511266031540e-01 1.787696928557217790e-01 -1.009565580941628772e-02 8.629832943034766723e-02 3.002851404106302718e-02 4.203328629421913543e-01 1.173905234136787545e-01 -3.805288479727660933e-01 -2.128854362996426275e-01 2.894906056240593717e-01 8.527759164331256969e-02 7.618385817612270683e-02 -1.325163921361579011e-01 -4.372187427117461833e-02 3.800342504103605603e-03 3.768946316499861005e-01 1.744153536244510694e-01
2.269499886753445841e-02 2.310336759303588949e-01 2.774892122175091069e-01 7.116577397594457677e-02 9.619953531693795079e-02 3.552709390668359335e-01 3.367802697521901645e-01 2.149005664756897249e-01 4.178231214169088603e-01 1.000000000000000000e+00 3.233396061837637836e-01 -2.500100955948717299e-02 2.155428743586519647e-01 -1.604652466839628366e-01 -2.706458435886888725e-01 1.985252343820209098e-01 -2.167218574313925158e-02 5.747798664810655628e-02 6.953679052865159582e-02 -2.378052811505350361e-02 -1.047873188576026321e-01 1.000877763412112986e-01 -1.661153365783055447e-01 2.376673887969396048e-01 5.487821832632076013e-01 1.062588827879802356e-01 -1.504951706660810073e-01 -1.609713041045410589e-02 3.092582825637028160e-02 -1.192284847927654184e-01 -1.847764569349281683e-01 -2.534014741382434321e-01 -2.430954132044931548e-01 2.142130681139909482e-02 1.151826180611135175e-01 -2.103505696272867792e-02 4.795631177319699401e-02 -1.493237711460801698e-01 2.136520956896619805e-01 3.646296441704539593e-01 8.968658739652449197e-02 2.164093195570842287e-01 2.199030465261660738e-01 2.793968068652744052e-02 -5.426800109687641635e-03 -2.322317378037467017e-01 -2.525993506140812306e-01 -2.579201771697095524e-01 1.913176216289371734e-01 1.846218740731955799e-01 -1.507266086065282840e-01 1.762966132659753160e-01 -5.713767708589569116e-02 3.539460635123557047e-02 3.379309423412697466e-01 3.611295694637935427e-01 1.391950710535894975e-01 2.620705259978932666e-01 3.847837957526669128e-01 1.196283905770562095e-01 9.263439236389432729e-02 -3.857713767613891315e-02 -1.350176399855695097e-01 -1.669050734589250795e-01 -1.879924509365572260e-01 -2.879575610883319814e-01 1.550600852215568981e-01 3.093850856635918176e-02 -1.631457318069202411e-01 -1.031715743229361937e-01 -1.474530067865896243e-01 -1.057368530625807379e-01 -2.353133957318664093e-01 3.086057461592316975e-01 6.031143002697843258e-02 1.272672033520502177e-01 -8.155837754274962784e-03 -1.502980988854420719e-01 -2.392044346241594677e-01 -2.693326913722781657e-01 3.020787100156500232e-02 -1.298184415586302598e-01 1.186769057986838127e-01 6.676235391022300458e-02 -1.139306480728386334e-01 -2.425002272566741668e-01 -5.661145029230511133e-02 -1.760375931370748992e-01 -4.628349762240465542e-02 6.691331498120449417e-02 -2.616256237877117030e-01 -1.786398455424113296e-01 2.366739081286789448e-01 5.111398193845591298e-02 7.381720697074403703e-02 -2.244435701010186468e-01 -2.711642982670790514e-01 -3.140548182936373500e-01 7.728041358172636766e-02 1.117036228519744934e-01
1.903523427852448213e-01 1.224824335172802064e-01 2.368414517975413469e-01 7.680301136551510865e-02 1.255781697960757781e-01 2.345401076199869206e-01 1.450895649228689521e-01 1.102694951883420767e-02 1.373895845769371182e-01 3.233396061837637836e-01 1.000000000000000000e+00 5.544474797324023818e-01 3.503687633129863310e-01 8.252989178655020797e-02 1.625606844181665123e-01 8.931160515195833705e-02 2.468247932742136386e-01 2.936940655907497796e-02 1.731509598430345520e-01 1.558481051423309116e-01 7.078160552414748674e-02 2.591511889675965907e-01 9.426100457822386702e-02 5.519886085032129630e-01 2.343806822760473307e-01 5.938662612183792655e-01 6.750621885520839693e-02 9.450440977155535882e-02 2.494982934003216191e-01 1.396541054994287212e-01 -3.304186024734048210e-01 -3.169123082917862377e-01 -2.230811379581077725e-01 1.282123981674652691e-01 2.497739259746498408e-01 -1.928767337595040793e-02 1.959571416038903557e-01 -2.797691742952669869e-01 5.810193995333930855e-02 2.145735125884668526e-01 2.392084199582720505e-01 3.650353213567405497e-01 3.329373193594828417e-01 7.019799631286767483e-02 1.968018737465214787e-02 -5.550766123448722111e-02 -6.339066997050823993e-02 6.278475276022328633e-02 3.471899365497351786e-01 3.497150027869115885e-01 -1.436460967360290129e-02 2.669383842745663427e-01 -1.193608028392514619e-01 2.900910659508993544e-02 1.163891668918251160e-01 2.017143337327323982e-01 -8.403108605046803736e-02 6.472617156472319777e-02 1.895060435463418458e-01 4.632150089429282747e-01 1.802708638308755107e-01 2.625528273793916179e-01 1.190170187274634250e-01 5.540302044077208971e-02 4.226302189818539889e-02 1.344394868062490089e-01 -8.348024283150383418e-02 1.298039335772913638e-01 -1.535466313326425483e-02 5.823354855508483703e-03 1.151964758733863003e-01 8.738687234004829940e-02 7.951619734744079515e-02 7.466546318719965991e-02 7.916515137400516322e-02 2.203747223630868890e-01 2.057591547037420088e-01 9.473548886300336980e-02 -2.564616327407847063e-01 -2.982125562944678565e-01 1.163932975758418947e-01 3.740240725219972327e-03 1.724902584778421899e-01 1.218912485535347257e-01 8.687185788640537643e-02 -1.424242132302588719e-02 6.180541205533827964e-02 -1.163855299837020761e-02 -3.770473874173633968e-03 4.970172897562016162e-02 -1.781376381262448627e-01 -3.879665347752771498e-01 1.593500849133960839e-02 1.826745906447237444e-01 7.346542174873434139e-02 -3.571255388124754820e-02 -2.910686096410457918e-02 2.141462690693371126e-02 2.846224124923408261e-01 3.663498165345401292e-01
1.104533712063106576e-01 9.263224436077596366e-03 1.468397521628156954e-01 4.305086849011743877e-02 1.181813917765298788e-01 8.426043569676927580e-02 1.468961675213082130e-01 5.165847425213851429e-02 4.073515525701423140e-02 -2.500100955948717299e-02 5.544474797324023818e-01 1.000000000000000000e+00 3.499325213967688919e-01 2.946812162765763965e-01 3.316303294709892491e-01 -1.335513605269946502e-01 4.314665517304128173e-01 2.015966367515247271e-01 3.206716414666160864e-01 2.611128482510907678e-01 2.892165835753485736e-01 3.538053811895021106e-01 3.141805416380744065e-01 5.605150128276413790e-01 1.300559413088845373e-01 6.799005715483241730e-01 3.333195805647050647e-01 2.789532922594804565e-01 3.908035558286497291e-01 2.486093074627637178e-01 -2.916301222215222921e-01 -2.131177309832277822e-01 -4.985287109235040509e-02 3.601262514172666740e-01 4.081130589573607192e-01 1.611987856728261115e-01 2.724694606060315549e-01 -1.579371611980813772e-01 -4.236541367418873022e-02 1.435333757185099368e-01 4.596584760792476465e-01 5.679883154674879586e-01 5.213828415220957968e-01 2.703382936977372086e-01 1.286527031016550526e-01 2.689600748324160184e-01 2.020462143325185977e-01 3.039054027249036283e-01 2.004606228038313398e-01 2.612385672989075980e-01 -2.556174897475166005e-02 1.372669477940801908e-01 -1.020949243316501658e-02 4.427363417625516245e-02 4.799255117833459150e-02 1.207962763081342622e-01 -1.024353674128836676e-02 1.295801459086580176e-01 9.666366048455687920e-02 6.074017769126949240e-01 3.445453981100335406e-01 4.203187131764507534e-01 3.252600189469912473e-01 3.108429676212711712e-01 3.158819534408815466e-01 3.351818147170000928e-01 -4.600675748831013073e-02 3.297868708810738902e-01 3.066405622909523787e-01 2.547891229035783578e-01 3.496511301315293752e-01 4.318532176249543220e-01 3.127485298532614588e-01 8.772869250691858745e-02 3.204086590573734794e-01 4.791249825415813679e-01 3.122554721979419745e-01 2.380523330822968131e-01 -1.531996382112986999e-01 -1.922136597607491393e-01 3.046317105112317236e-01 1.513963601740729858e-01 2.365618911423613968e-01 4.023195907509141134e-01 3.679796859454917968e-01 3.389590458726701727e-01 1.269939219010741693e-01 2.423972910409495363e-01 2.748631420670661907e-01 2.643842323468321709e-01 -1.459711213898101378e-01 -3.918211937262999767e-01 -2.969952881746462832e-03 4.781933283675761093e-01 3.241903409455305640e-01 1.746562162266534768e-01 3.231127889086314875e-01 3.136692686307178124e-01 3.303103205088650518e-01 3.519524695530574787e-01
-1.899874181461268519e-01 3.269494928284704116e-01 2.514531767900221593e-01 2.451220932996676372e-01 3.612468388516193452e-01 4.881559284509737195e-01 2.787972576219594489e-01 4.204870217753955419e-01 4.357243850592910084e-01 2.155428743586519647e-01 3.503687633129863310e-01 3.499325213967688919e-01 1.000000000000000000e+00 5.469789715030531907e-01 4.268726723458739492e-01 -8.753979256979219081e-02 7.167202997650907736e-01 5.376199695366479236e-01 7.015587272735753777e-01 5.589688059366966222e-01 6.141250673216895883e-01 6.305756803782720521e-01 4.750530579965159261e-01 5.404721743124107913e-01 -4.310890683269268803e-02 2.111137666052804174e-01 6.192547011794091727e-01 5.925692310929648876e-01 5.135112441089491053e-01 4.426952130068037006e-01 -3.323006135827861196e-01 -3.765280086068291121e-01 -1.454598439733422177e-01 6.179157872991863920e-01 6.925058723129562388e-01 1.923620631280332782e-01 3.997651991967789975e-01 -2.005336704972784101e-01 -1.518329356757620700e-02 1.766694340205134384e-01 3.998775617678750893e-01 2.479821439972083041e-01 2.778724560255220744e-01 8.760763716289581005e-02 -1.362440057244935776e-01 4.486172194645881017e-01 4.383130356594711063e-01 4.142038906709905044e-01 2.874973044855159698e-01 3.664890192973109806e-01 -1.954250369063736670e-01 3.647074020173438069e-01 -5.052030045310864498e-02 2.778231024079478861e-01 4.154823064064308569e-01 3.607613501335555362e-01 2.337874668548761969e-01 4.948535374889513339e-01 1.398021757710641855e-01 4.646979334351311608e-01 2.862285627246831665e-01 5.764280203801751545e-01 5.991268767823791919e-01 5.068103734153688311e-01 4.737935509297455661e-01 3.805192402215361036e-01 -1.641197343049879132e-01 6.472796551771691220e-01 4.935691949968994963e-01 3.023039240711691278e-01 5.645740820929583403e-01 5.377756881389520460e-01 3.584113969343236117e-01 1.806093417988103578e-01 3.859461670027148905e-01 2.372882459929707422e-01 3.949766357372412329e-01 4.435626007861341868e-01 -3.798363559176725635e-01 -2.587792307922281987e-01 3.263898631889720625e-01 -1.964399422487333180e-01 2.688159671779186688e-01 4.292341955970778722e-01 6.011972191741538074e-01 4.092839070436044002e-01 3.265570685575220344e-01 4.772357090189518480e-01 3.593605435125007408e-01 2.500787614841511186e-02 -3.360476914165606011e-01 -3.053319353477900733e-01 2.050157061192886820e-01 1.991617079611933405e-01 2.497461380914703932e-01 -6.136115550994741298e-03 4.160826934200240745e-01 3.779309016792205544e-01 2.394300848891926514e-01 2.495446290697601044e-01
-3.952210060598094210e-01 1.173182210984769908e-01 -4.330243974901856058e-02 3.225607227452323977e-01 3.410780563277922561e-01 1.791033217491031226e-01 1.536030113881998727e-01 3.827007333125435617e-01 2.195134245926513850e-01 -1.604652466839628366e-01 8.252989178655020797e-02 2.946812162765763965e-01 5.469789715030531907e-01 1.000000000000000000e+00 8.019785007531755605e-01 -1.469837019705516612e-01 6.480045614731481107e-01 5.018095945877670827e-01 8.076603733355498527e-01 4.974444446523365038e-01 7.767815031155219652e-01 3.841526445607070239e-01 8.647719050068565227e-01 2.491117071819779483e-01 -2.203138982926865774e-01 4.652590123488767326e-02 5.851888874942555718e-01 5.421561691381048265e-01 5.804494661494014052e-01 7.242600677440674817e-01 -1.451648804782685043e-01 3.944668300847044978e-02 1.969205197363837478e-01 4.873933295414883959e-01 3.554293203469062190e-01 2.273627749494240013e-01 3.203728527070194287e-01 1.616238693972165685e-01 -2.690990093203671218e-02 -7.526793263537048806e-02 1.928320134189903945e-01 2.469178148691298855e-02 4.084388936774888124e-02 8.267180629845752304e-02 -2.233419492916841331e-01 7.199763011416671077e-01 7.865584008397299431e-01 7.774261782444081836e-01 5.282703835946358367e-02 2.333410789500048321e-01 -1.181536022085543508e-01 1.146987771945338630e-01 2.687725940088912524e-01 3.795445454390189433e-01 1.819105837709867057e-01 6.581029637848226366e-02 2.535475867297351527e-01 3.217037074520789908e-01 -8.939866685756232834e-02 3.993806287706698765e-01 3.463373585525403309e-01 3.609859866256151517e-01 7.245129587052734355e-01 8.069015891866226919e-01 8.097878923562127351e-01 7.836222463785711412e-01 -1.887096319925454513e-01 6.841891074630009895e-01 5.910855908382200985e-01 2.787276053979699797e-01 7.208506302315891290e-01 5.358168655090292942e-01 7.817178825490385119e-01 2.525425544902267991e-02 4.352300022393915113e-01 2.771807318003793319e-01 5.270223874078036053e-01 7.432971867709244895e-01 -2.928611591317890617e-01 1.037002034842456760e-01 2.907981004306106620e-01 -3.161412951518308145e-01 3.107706681722292863e-02 2.643079708218059598e-01 5.427280566490116920e-01 6.148575910588814919e-01 3.514258496797250664e-01 5.679477420560143930e-01 3.412193096085029964e-01 -1.646411956508387134e-02 -1.082935541442252292e-01 -2.448315381429940624e-02 1.792015317513589168e-01 1.868695495293879461e-01 1.778086393998088433e-01 2.690930343058719684e-02 6.900650233518526022e-01 7.554902768575434413e-01 8.589947771525942299e-02 1.218719464570409278e-01
-2.888166652003910650e-01 1.486991346565701491e-03 -1.390179988262160438e-01 2.416832491374327208e-01 2.205886999150653838e-01 2.586053981312670322e-02 -2.547487531443344902e-02 1.731063791584331879e-01 2.725363359390544499e-02 -2.706458435886888725e-01 1.625606844181665123e-01 3.316303294709892491e-01 4.268726723458739492e-01 8.019785007531755605e-01 1.000000000000000000e+00 -2.023957982380388543e-01 4.800183213402274274e-01 2.572772214737222285e-01 5.871667802516864487e-01 3.664889530352498093e-01 6.742993196588144000e-01 2.702551061292137735e-01 7.901104453430172203e-01 2.613808471472992556e-01 -2.267576206178922860e-01 1.389693798152195903e-01 5.345608876450159697e-01 5.617677432705541207e-01 5.614657683939537902e-01 8.032661716792227624e-01 -1.069089230907321331e-01 1.166065807855357628e-01 2.144838661944486469e-01 3.312435455736835177e-01 2.807385826786943928e-01 1.457301362591615912e-01 3.065702577404533780e-01 1.650794071865195334e-01 -1.095573435705015086e-01 -1.915042531639185031e-01 1.159361353642311271e-01 2.263170056120258899e-02 3.582200620522895534e-02 1.061446622195914291e-01 -1.864788567158076060e-01 6.685735814652495890e-01 6.866545597517411670e-01 7.829933797454317057e-01 2.861812763335166987e-02 1.444911385589795760e-01 2.981150026295286901e-02 6.669563322197921695e-02 1.789201972930648810e-01 3.025679833619716597e-01 1.916719636164832680e-02 -6.392049910219817221e-02 2.061349195167742204e-02 1.307626519718422531e-01 -1.495678794474678552e-01 3.841697029015434528e-01 2.474351590303189297e-01 3.639527141969332025e-01 7.240478681143623918e-01 7.731710530179971563e-01 8.064018599751453520e-01 9.058018599667300164e-01 -2.682316781033106667e-01 5.330361155968884601e-01 5.511960163144722369e-01 1.499614897650072554e-01 7.331182589184864762e-01 3.899585507215617142e-01 7.710035725225310443e-01 -1.823472420054282894e-01 2.890023706665807435e-01 2.177699804140406092e-01 5.110621783783412253e-01 7.154772834477861609e-01 -1.531402259365831631e-01 2.013112956885603766e-01 2.067705182247085716e-01 -2.711889611378057729e-01 -7.805222736346466988e-03 1.781817546445008116e-01 4.695261454681717295e-01 5.897770131412388706e-01 2.907765517137769207e-01 5.065489453143079412e-01 2.563119372220154513e-01 -6.146673232544393184e-02 2.638920130811214099e-02 3.471672461093465445e-02 1.216216798188586232e-02 1.402860097442308607e-01 9.468495341217825212e-02 1.236192257398680133e-01 6.415094751931093020e-01 7.521456926994315451e-01 6.770339487940008061e-02 9.866089335757963208e-02
