1.000000000000000000e+00 -1.182222740880469330e-01 1.904276946450170482e-01 -1.323655843087388762e-01 -1.198609613721813016e-01 -6.026459591589893722e-02 2.711163442622618880e-02 -1.011610390540571697e-01 -1.406010291321055927e-01 -9.994590468290784346e-02 3.754967795448937995e-02 -2.299178116493182100e-02 6.522731520526726945e-02 -8.399433901495420574e-02 -8.987508310907844911e-02 1.108190059422221874e-01 -2.961891144989815816e-02 -2.649842466450315782e-03 -3.763518801030264760e-02 2.066176734291291089e-02 -6.867132551744882518e-02 6.422050975570894882e-02 -5.446282078763613893e-02 -2.324521576059981887e-02 -7.384034412744890086e-02 1.412361515620371710e-01 -2.731650207430820487e-02 2.745639396431794402e-02 5.843288803903208539e-02 -1.609726379570908805e-01 -4.146482852159229238e-02 -5.326468645861064805e-02 -5.359240226779976579e-02 -2.003518700464328867e-02 2.543403344557914128e-02 -1.041588763034740628e-01 4.983595301975633773e-02 2.287114182933677395e-02 -1.232573270826789469e-01 -1.372247815180812625e-01 -5.024435129907251635e-02 1.601412572889121533e-01 8.869369916925164696e-04 3.983193280120057161e-02 5.949400046484085158e-02 -1.953558313563727444e-01 -1.198341194122580639e-01 -1.081013164675755645e-01 -1.096822076286823287e-02 -1.696362986913234686e-02 3.243956787452140778e-01 1.554738391253785573e-02 -4.514759957539681706e-02 -7.040683559819403692e-02 -1.127707239931135252e-01 3.148860829633880892e-02 -1.365509081563037741e-01 -1.048081266916495446e-01 9.592837762453737538e-02 5.839709846940595306e-02 7.151072265215285828e-02 -3.481629910886361451e-02 8.897021673512127762e-03 -1.475102472183965618e-01 -1.182627798761538701e-01 -1.443879277568251296e-01 -8.094618114357629568e-02 -2.244988167702308829e-02 -1.856241305565793989e-02 -4.815033236046832588e-02 -1.137543141047053646e-01 -3.467616951556452137e-02 -7.189618561601522628e-02 -9.001220025157119498e-02 2.860050994623463197e-02 1.410739586126818212e-01 6.745178581733395941e-04 -6.456205038765558402e-02 1.895062246562788724e-03 -1.239140128393750734e-01 5.252188138020467967e-03 -8.708134024919228500e-02 1.398846150888613804e-01 -1.882877338479967480e-02 8.529305294844714835e-02 -1.063485044916062661e-01 9.958781857822040281e-04 1.407386691516990425e-02 -6.593813071445825402e-02 4.187157328466896422e-02 -1.999704997270164084e-02 -1.188076854307901359e-01 -2.049506310401461029e-01 1.089244736181341905e-02 9.743704458062436846e-02 1.489760662694173399e-01 -5.097621794856601468e-02 -2.311957737708991711e-02 1.109016289178433624e-02 3.885304466743964152e-02
-1.182222740880469330e-01 1.000000000000000000e+00 2.789657082029728397e-01 7.409156689705532761e-01 8.196146077401585961e-01 5.334535128269918269e-01 4.689246506897510880e-01 6.867360744202237743e-01 5.720848340222828288e-01 -9.889879776351928609e-02 -6.809975170197106464e-02 -6.534321614791087363e-02 1.493453462219313244e-01 3.457159073319569509e-01 2.317281201988279637e-01 4.903545417063850387e-01 1.065169893492315389e-01 3.827613350984787610e-01 2.626382930311149666e-01 2.176028764122299453e-01 3.548357344075425690e-01 1.852435320829741994e-01 3.419284611521212214e-01 -2.033110524848376864e-03 -2.675357974633133518e-01 -1.012122809858432282e-01 8.638882429507646968e-03 5.444324460968468643e-02 2.276625453997214721e-01 1.727716299821775991e-01 1.381547457307642224e-01 1.531458634582193949e-03 1.817525724246997487e-01 1.866235477695563916e-01 1.863000305715884208e-01 5.264643910564404949e-01 1.961915530923259987e-01 9.074725266685979008e-02 2.696296671059678074e-01 2.195985246905282073e-01 3.219012746178223638e-02 -1.282094705969609449e-01 2.233668589740182842e-02 3.070380256325385693e-01 3.169643924100703364e-02 3.045986419148789121e-02 2.687590601348463504e-01 3.461755861074600760e-01 4.586420304679157400e-01 2.846551379544501881e-01 -3.691361228447022635e-01 6.741016527242371659e-01 3.155473524066713109e-01 5.133707318339890691e-01 6.130247889640800807e-01 2.843080724486415356e-01 5.886246748337835566e-01 5.877156705900155043e-01 -2.964277118931897825e-01 9.551066647252011432e-02 -3.293996907994766604e-03 2.619203154997574723e-01 5.528265215095621438e-02 -5.714883001498026471e-02 3.429676880869213518e-01 1.830913198762407490e-01 2.800660740671716553e-01 3.079367184691337300e-01 2.245564897892935452e-01 3.138786464890682693e-01 3.425629182714749477e-01 2.676568425297347620e-01 2.234806918724979996e-01 1.555111383542395753e-01 -4.805971859862007839e-02 -8.981056221806346662e-02 6.112155525643934995e-02 2.005908611173312095e-01 -2.290289363470027484e-01 -1.120723257275898777e-01 -2.448109034970663012e-01 -1.471191264043750779e-01 -2.491799486607149672e-01 -2.388747434372049880e-02 -3.785145426897088550e-01 -2.940920476905136693e-01 9.852166604598779076e-02 -1.367367041504984615e-01 3.420535447581176114e-01 -9.483912716489864558e-02 -1.506906224802222471e-01 -4.274657369715093719e-02 3.463296761869769647e-01 -2.452309888671641847e-01 1.361388681003739172e-02 -4.756065509447215955e-02 -3.370911655309624666e-01 1.030106928396555405e-01 3.008150391682630209e-01 1.788328020515236594e-01
1.904276946450170482e-01 2.789657082029728397e-01 1.000000000000000000e+00 -1.732734005793057086e-01 1.564206885384771539e-01 6.787144782045082536e-01 4.163630930733475122e-01 5.170752504167096530e-01 5.145604923989117729e-01 7.919939346110035916e-02 1.616491266788868952e-01 2.496647275732308616e-02 1.302079658310279497e-01 2.143317491854038540e-02 -3.336975725193503384e-01 6.328074943209119341e-02 2.368379040701572569e-01 3.419435859921265974e-01 1.658723892573248371e-01 1.325500218769355976e-01 -3.791706984885866161e-02 2.156465818730789463e-01 -1.830996800220373866e-01 2.899162239397213847e-01 1.168382147448709940e-01 2.067678257586708646e-01 -2.692788686569183576e-01 -1.973544291247432692e-01 -7.846087997113707080e-02 -3.702392152226529620e-01 1.864307776793756033e-01 -4.492474273590583156e-01 -4.212393130706332256e-01 2.198539848206854108e-01 7.938658869169586130e-02 2.711269091837273382e-01 7.823441226089944411e-02 -2.793524453741397240e-01 -1.719352377897962747e-01 3.391258259142351794e-01 1.529649081203753314e-01 3.163625231721546860e-01 3.301411941127828653e-01 2.459938389130149339e-01 2.775967707700433551e-01 -2.995878353875807143e-01 -2.010724980647078108e-01 -3.104503051217364362e-01 5.835066220524263159e-01 2.755045002842612667e-01 1.470755258141941968e-01 6.138130706267589387e-01 -8.093387399643066360e-02 -3.350492487121191076e-01 5.944549493814571539e-01 7.265876189650486427e-01 4.498610237687994395e-01 4.725568744343755512e-01 2.958852390566676926e-01 8.177683535862204089e-02 -1.195467243920620287e-01 -2.361082125862070530e-02 1.768340614359997232e-01 -1.332986982363491002e-01 -2.579273190277600603e-01 -3.588436507980067858e-01 1.644453634305991507e-01 9.740187391013122031e-02 4.221463333105877902e-02 2.299131102989489805e-01 -1.026616855027735337e-01 1.937616681743201119e-02 -1.907004389442232273e-01 3.522971803108160965e-02 -9.894284835902822373e-02 4.696213923002624108e-02 -2.518886896346060889e-01 -3.571545559692570482e-01 8.801892216863252405e-02 -4.778987714895387429e-01 -1.668378844371959935e-01 -7.118744182572966928e-02 1.094725001251648788e-01 -2.120920861435980909e-01 -2.649721373805946079e-01 -2.134694885774704731e-01 -8.368329086136334916e-02 -3.250919892345922046e-01 1.641475828785801949e-01 -5.737156481886075514e-03 -2.575451480345867239e-01 2.597480221614859031e-01 1.075475229834584739e-01 1.505293937467982179e-01 6.986656961657940201e-02 8.466621794788918576e-02 -8.333207925883677480e-02 -3.516109528273584361e-01 4.848592971034190735e-01 2.081476913370158277e-01
-1.323655843087388762e-01 7.409156689705532761e-01 -1.732734005793057086e-01 1.000000000000000000e+00 7.584308890234557898e-01 1.814135866399308461e-01 1.546234633242821732e-01 3.892989154680518982e-01 2.830760368064067500e-01 -2.091480361069854577e-01 -2.183243263935406020e-01 -1.633339921729413668e-01 3.603337750948357870e-02 3.047262629480534946e-01 4.362591908090489023e-01 5.017842456383670990e-01 -1.247106238015116969e-01 2.086132746546014161e-01 1.224906692225569971e-01 5.020204663466184408e-02 3.318836764395235450e-01 7.320567579435917349e-02 5.007908178095346052e-01 -2.001161841535072372e-01 -3.657466951685757750e-01 -1.983528375570734470e-01 1.905213151489585921e-01 1.500684434371783171e-01 2.348322951107110479e-01 3.848528970893141943e-01 4.976988079078009664e-02 2.979718158433560804e-01 5.025791924659865906e-01 4.938694644368164799e-02 1.822490735849129351e-01 4.139110289546800159e-01 1.377415966260044922e-01 2.974208913449220559e-01 4.194942824625329525e-01 -2.228710745676890440e-02 -7.092812476649110187e-02 -2.747751080279786651e-01 -1.401942953973099038e-01 1.703683160332167268e-01 -1.023945862310203514e-01 1.587339559193830796e-01 4.239411344706213169e-01 5.867713168610453334e-01 1.207054652764057712e-01 1.001404052915161463e-01 -3.762299436528457330e-01 3.952943728744433005e-01 3.799975530730472228e-01 7.998372494793658527e-01 2.849548332433917142e-01 -7.466439124132613625e-02 3.036895373963792721e-01 3.184509974485617012e-01 -4.709327076483040275e-01 6.120341957383071754e-03 1.741565163924105666e-02 2.337192185857985272e-01 -1.686830545093728484e-01 -1.073241330939824351e-01 4.776003246760435750e-01 3.935127300867424793e-01 1.480198052011901244e-01 1.945287941206046700e-01 1.709034628333245542e-01 1.734579814998472858e-01 3.614966554010068389e-01 2.508949191452694572e-01 3.392238178673029347e-01 1.065575859854574481e-01 -5.614590399190084666e-03 -1.430124789033128396e-01 2.015211115349140603e-01 4.272398629334844267e-01 -2.647326243004946011e-01 2.401129421572457401e-01 -1.786620574613719536e-01 -1.238464831156750462e-01 -2.656510562515638774e-01 1.395500515211006987e-01 -2.501852914524273497e-01 -2.188251111088411471e-01 1.280182327385125940e-01 6.371266218287863214e-02 2.230089184675663472e-01 -8.699220315972246154e-02 6.249890591446995158e-02 -2.509488015342541400e-01 2.137647036113387022e-01 -3.155451518483644024e-01 4.621916753858297533e-02 -3.627412267691580705e-02 -3.712142355145565675e-01 2.999003552089922753e-01 3.857070870241153387e-02 5.356684936646056300e-02
-1.198609613721813016e-01 8.196146077401585961e-01 1.564206885384771539e-01 7.584308890234557898e-01 1.000000000000000000e+00 4.858920293858880468e-01 3.037251395728783887e-01 5.687195548512810062e-01 5.818645346615195502e-01 1.993218778339933897e-02 -3.464964592853308351e-02 -9.714467472556231192e-03 1.516444602037154143e-01 3.878467985284073105e-01 3.619238634961431944e-01 4.204416565972770026e-01 7.975565427239973693e-02 2.542605782390963687e-01 2.843805482204219137e-01 1.325552440529908227e-01 3.844860109427278294e-01 1.341383441401283461e-01 3.778787996513569558e-01 -2.815077686869421267e-02 -2.387371563139725761e-01 -1.401280490278425384e-01 3.516313392227884971e-02 1.169639107611620266e-01 2.830562780750200402e-01 2.900976672891666386e-01 1.681662734301942463e-01 1.167817553266391195e-01 2.811654644850974938e-01 1.395407302720972076e-01 1.723543439326211402e-01 5.282173239480227878e-01 2.025684794545856704e-01 1.687433856775208130e-01 2.813378941384362397e-01 4.605666779024924357e-02 -6.356291655166294852e-02 -2.029421389562945655e-01 -9.712577983479406263e-02 2.200451031963218951e-01 -1.226431961165620581e-02 9.696683263033654965e-02 2.858266799024524185e-01 3.943160452452852405e-01 3.617737802304710204e-01 2.485441035608960125e-01 -3.429252992945532319e-01 5.745684303695610673e-01 4.423524029769831389e-01 6.163242773657121587e-01 5.653917263505976454e-01 1.951878079518046538e-01 4.968160057599981250e-01 4.594697263087020866e-01 -3.392193382855901440e-01 1.149055569934079590e-01 2.424167913735957025e-02 2.591766623883435816e-01 -1.276277487234604192e-02 -2.738647414687338591e-02 4.237633475199811817e-01 3.654846506045762444e-01 2.609669437658477253e-01 2.497699695075950854e-01 2.048120729706552623e-01 2.087553174400139655e-01 3.598930190325047573e-01 2.374520235249275024e-01 2.679409047407175226e-01 1.310084097516154011e-01 -7.296064853231742919e-02 -6.166501674146344231e-02 1.529820138437177346e-01 2.816700763715584421e-01 -2.996708097677257543e-01 3.127292339473913135e-02 -2.236675494576143564e-01 -1.745681067832859645e-01 -3.519166330824201605e-01 2.335000299442068633e-03 -4.108965642423267894e-01 -3.442067478371315659e-01 1.316212099676346003e-01 -1.104737000384683338e-01 3.304546731312071328e-01 -1.338860961701902608e-01 -1.279234726990113313e-01 -1.649207747727152173e-01 3.683257880100211379e-01 -2.373466091638016529e-01 -1.034552803747432748e-01 -2.278481846461838378e-01 -4.035477909332740865e-01 1.104452240994554940e-01 2.250708159674325581e-01 1.797929623037382019e-01
-6.026459591589893722e-02 5.334535128269918269e-01 6.787144782045082536e-01 1.814135866399308461e-01 4.858920293858880468e-01 1.000000000000000000e+00 5.222628268819430319e-01 6.877693208205307718e-01 8.249933727074640899e-01 1.162011346258342709e-01 2.707454874592737926e-01 1.513952654731547942e-01 2.766613964734687126e-01 3.237743047998741797e-01 6.725759204722277229e-02 4.912562203072409067e-02 2.945126912249900197e-01 4.050614077980454475e-01 3.698511592009577909e-01 2.756233535010295665e-01 2.556501429522784474e-01 2.705952593082455726e-01 1.321455980903945004e-01 3.423722392050830843e-01 -5.781602908165144744e-02 1.835627801360502631e-01 -1.018532993767305994e-01 -1.334694460740099529e-02 1.905085372739343530e-01 -3.878423331974281685e-02 1.789448305715458098e-01 -4.093523438288416139e-01 -2.819324624620840880e-01 3.209947982642836761e-01 2.537603044020881882e-01 6.472024394540912828e-01 2.767729194687938987e-01 -2.373573886396787569e-01 3.555042236817846507e-02 4.612201774061620574e-01 2.554676614877403051e-01 1.428622186069346545e-01 3.068200404664170322e-01 3.314051789967429884e-01 2.259386653720345528e-01 -1.749338172542437841e-01 1.358484916152477295e-01 1.059452725016720581e-02 7.701835572175498301e-01 4.880379496157139507e-01 -2.826427530663099263e-01 5.909659846522445914e-01 -1.517955731732029481e-02 -4.725437776252174038e-02 8.582261073224360937e-01 7.362842650166163683e-01 6.298647652282003406e-01 7.280162339009557115e-01 1.712443959083995160e-01 2.526268172536187961e-01 9.403867340401737829e-02 1.729528479583414546e-01 1.766049189326565905e-01 -1.075179842426224192e-01 4.575804057068901670e-02 1.584092656410482358e-02 3.921929809839830861e-01 2.327093487805922123e-01 1.708406411322469787e-01 2.944085370155313242e-01 1.244013671277262867e-01 2.038960971741187456e-01 3.711261432850874314e-02 3.111310078626660647e-01 -1.079791885126178963e-01 1.311750990638292091e-01 9.747917827779607053e-03 -2.689408016460070189e-02 -3.269517082559753735e-02 -4.514057823674467729e-01 -2.573493118425240200e-01 -9.760623931392969910e-02 -3.805546128042943538e-02 -1.113549524303908689e-01 -4.035504103085629790e-01 -3.364290618638553498e-01 1.323060159222557430e-01 -2.155949576694503877e-01 4.565828024724355449e-01 1.675958681178385881e-02 -3.315380198020897451e-01 1.686957149583921678e-01 4.516119223380299919e-01 7.395745951049943756e-02 1.201076739449885994e-01 -3.006604707831143485e-03 -3.018221119223384319e-01 -2.061469483650075762e-01 6.195471350745304084e-01 3.773085659429532002e-01
2.711163442622618880e-02 4.689246506897510880e-01 4.163630930733475122e-01 1.546234633242821732e-01 3.037251395728783887e-01 5.222628268819430319e-01 1.000000000000000000e+00 5.626001557048024848e-01 4.177651761481462334e-01 2.541743098611676244e-02 2.678719852285846303e-01 2.552632751048961035e-01 2.061919039334834114e-01 1.650201112562338090e-01 -3.064210478963103057e-02 2.289324436728869261e-01 2.071478749002686470e-01 2.713095457755532180e-01 2.087425999251802944e-01 2.065919037967944016e-01 2.039424436012184927e-01 1.660351866573467339e-01 1.248752834860252098e-01 3.218764611515236851e-01 1.609402801679075609e-02 1.473971507852252782e-01 -1.227851692884974200e-01 -4.181819411725071212e-02 1.738437640179532062e-01 -5.124594822044181014e-02 1.207258450125914540e-01 -3.320016417964788413e-01 -2.140003379822726093e-01 1.514571729364290742e-01 1.184703136257695549e-01 3.532138149112324932e-01 1.673375010939604224e-01 -1.444729953972514747e-01 5.813015565796408879e-02 5.947217030770308721e-01 3.070945267257924050e-01 1.030539336495134295e-01 2.413727043193639177e-01 2.429947599635801925e-01 1.189268887792689633e-01 -1.854058648631899120e-01 6.515837180542631557e-02 1.757409877121575772e-02 4.681965255340448384e-01 2.884237087616184358e-01 -2.565431309023721296e-01 4.451850998052762631e-01 6.215450483582777436e-02 -5.529406746557746777e-02 5.284021311329606396e-01 3.185634543633263371e-01 5.148831450481182737e-01 4.927999962571452675e-01 1.622884110133309202e-02 2.164059894074641666e-01 5.390949069692450857e-02 2.203351327474193516e-02 2.030020280171267177e-02 -2.044174863561506461e-01 2.360375782481603096e-02 -9.624282090174469950e-02 3.647477019236293749e-01 2.046281045276145683e-01 9.405380876010083213e-02 1.508992906465523587e-01 1.180205660925748301e-01 3.610331396765163736e-02 4.667138344268775135e-02 2.637416044182773200e-01 -1.622303244939084788e-01 9.202805853310414008e-02 -2.980610945716045956e-02 -3.591727562775881566e-02 8.659165658317900111e-03 -4.325624522599278987e-01 -3.489821216911153101e-01 -1.839552694912348352e-01 -3.831230225358590175e-02 -2.529358315652088796e-01 -3.048437243037675493e-01 -4.086490341078652944e-01 3.849015755232405855e-02 -2.266046704570152392e-01 2.405694455309605184e-01 -2.100562659837904370e-02 -3.101847328367009493e-01 2.936759245981599431e-01 3.036958661351196742e-01 1.790549433918162819e-02 5.137804215092250243e-02 2.113798459479495837e-02 -2.567532572279750958e-01 -7.340650088993978806e-02 3.226687881668839908e-01 2.453238052321356222e-01
-1.011610390540571697e-01 6.867360744202237743e-01 5.170752504167096530e-01 3.892989154680518982e-01 5.687195548512810062e-01 6.877693208205307718e-01 5.626001557048024848e-01 1.000000000000000000e+00 7.167718711361522610e-01 -8.586493243290024835e-02 2.170255714001437936e-02 1.493603826560980369e-02 1.096860413864718387e-01 2.553020494353097081e-01 2.714217845500049853e-02 1.407226875621167272e-01 2.622930884434710452e-01 5.887992958734914462e-01 3.124170620439130630e-01 3.309565362472807193e-01 2.956446007745383575e-01 1.996021735879889569e-01 2.404131572823870466e-01 1.648643025280789043e-01 -1.961269460215517846e-01 -2.497614087627474805e-02 -6.275295676959211089e-02 -9.208458146252591903e-02 1.665819755371022171e-01 -3.618883365949816106e-02 1.474475010749613235e-01 -3.564545892959271600e-01 -2.052049844946449708e-01 2.690342551041316477e-01 1.363539578559733734e-01 5.625802910034304327e-01 1.806762102815076820e-01 -2.445277629405668285e-01 6.246343368362602955e-02 3.607375406134296636e-01 1.722842586952672561e-01 5.091978113286208148e-03 1.709548088031782043e-01 4.313600510335472427e-01 2.532564373907665867e-01 -7.597787198720173940e-02 1.664404827097358264e-01 1.606860621558494628e-01 5.837055527744661187e-01 3.555907128251924454e-01 -2.842092249956239547e-01 6.398965830778862163e-01 1.260895819885736180e-01 1.371243295836823417e-01 7.130634184185591362e-01 4.743682518949189908e-01 8.240584470202187983e-01 7.755387499429261533e-01 -1.215213470689256552e-02 8.368192617040255687e-02 -1.177308848738076452e-01 5.311683783912089091e-02 4.725080138273395070e-02 -1.288655992310900333e-01 1.472812666659346625e-01 -2.877882356345148537e-02 4.326026694976110587e-01 3.008922162036049008e-01 1.937749083620086410e-01 4.690882319679276491e-01 2.444341303445122515e-01 1.517914638608739986e-01 1.766559977943137072e-01 2.463021996571020944e-01 -1.010756427957806014e-01 -1.618199817464290036e-01 3.280181168346466697e-02 -8.097812688723983899e-04 -1.106820544497048447e-01 -3.751789404696134755e-01 -2.821739752256635092e-01 -2.075591593211042335e-02 -5.507132147504546771e-02 -1.678623928955139122e-01 -4.013620842143788003e-01 -3.077350646181201133e-01 5.895080356478283462e-02 -2.321550897463776353e-01 3.768248520823512249e-01 -2.271206871222526680e-02 -2.704029084921037440e-01 1.544868694608861059e-01 3.342066711509741883e-01 -3.441007340088048094e-02 6.162432665118638964e-02 1.484833310072774804e-01 -2.634199309807642164e-01 -2.744003129245312089e-02 4.527617777578100133e-01 2.276538399502717192e-01
-1.406010291321055927e-01 5.720848340222828288e-01 5.145604923989117729e-01 2.830760368064067500e-01 5.818645346615195502e-01 8.249933727074640899e-01 4.177651761481462334e-01 7.167718711361522610e-01 1.000000000000000000e+00 1.860161592109178808e-01 1.384152575645839489e-01 1.603581005607962184e-01 2.384971294146530363e-01 3.066819314208238945e-01 1.119568222903166155e-01 3.800296621016951287e-02 2.707761435859690757e-01 4.181863733741645328e-01 3.399394534767306575e-01 2.913707863991816804e-01 2.476837655230700042e-01 2.066348977146429400e-01 1.516422648624171365e-01 2.629546577334661017e-01 -9.974970309261751988e-02 5.538534434844260418e-02 -9.483557605472014984e-02 -3.708459207591119355e-02 1.658465581151507551e-01 3.929563626557172618e-02 1.898684174740619957e-01 -3.253009541969522633e-01 -2.353103029129576251e-01 3.137302268399759231e-01 1.711725305419714294e-01 7.197133633755939952e-01 2.047676169203986873e-01 -2.111825707406576325e-01 1.090753639616530019e-01 3.665605605078299800e-01 2.563336900729461520e-01 4.028925863498603738e-02 2.084278522751069340e-01 3.430414436812745937e-01 2.397620537075726421e-01 -8.194942060818430352e-02 1.395075601346379701e-01 8.922407516994669552e-02 6.649379136777641142e-01 4.313522294679384417e-01 -3.421667452244178120e-01 5.567983729465710852e-01 7.710252167541004065e-02 1.001557618691512747e-01 8.230346372154542234e-01 6.082209310813241343e-01 6.879578766485860974e-01 7.741894010743661791e-01 1.065444864807237324e-01 2.245778385467903371e-01 3.745817484652042700e-02 1.577087626390512032e-01 1.484736416167013739e-01 -4.949647139017623876e-02 1.099453175864166521e-01 9.717320387297899431e-02 5.159626002873649586e-01 1.884060430836172473e-01 1.219972837290018292e-01 2.991679323874528729e-01 1.670723306187096302e-01 1.470211544285500993e-01 1.073909742962152747e-01 3.894338494262921668e-01 -1.410920413319394773e-01 6.565868401826516383e-03 2.252681049259180543e-02 1.575163240513144033e-02 -1.271108847363481842e-01 -3.493903783244279859e-01 -2.590724116273201427e-01 -4.975403934710993098e-02 -1.080575022854818462e-01 -1.446355108619466756e-01 -4.394852137895669530e-01 -2.703942552111592845e-01 7.148561675815720551e-02 -2.536420286130045554e-01 4.896333435837268433e-01 5.799160384937564498e-04 -3.020458072593709686e-01 1.112562459685972199e-01 5.182396124591498454e-01 -5.436832497373926499e-04 1.268391155380056007e-02 -5.506280220145580440e-02 -2.831893886236317992e-01 -1.390451979381358283e-01 5.407317058691446521e-01 3.080429323616298842e-01
-9.994590468290784346e-02 -9.889879776351928609e-02 7.919939346110035916e-02 -2.091480361069854577e-01 1.993218778339933897e-02 1.162011346258342709e-01 2.541743098611676244e-02 -8.586493243290024835e-02 1.860161592109178808e-01 1.000000000000000000e+00 8.951731544406769936e-02 2.557454399897226005e-01 2.372931000009423710e-02 -1.208080296851748031e-01 -1.380587358984115831e-01 -3.425903398838265473e-02 2.688047788563387511e-02 -2.683489959362592159e-01 -1.450567281051048374e-01 -1.474524361863461808e-01 -2.107484178912698014e-01 -1.305964702307969016e-01 -3.068049757976749614e-01 1.524686028438444474e-01 6.449671538074666088e-01 -2.145420208553449337e-01 -2.377517856707677402e-01 -1.953816789755490613e-01 -1.942471767235608437e-01 -8.491082122857615544e-02 2.498559352281707890e-01 9.389722686355754522e-02 -4.351139608829288768e-02 -1.515529221380142455e-01 -2.032171986389497698e-01 -6.404383432923771435e-02 -2.132757277993938549e-01 1.486777166498297054e-01 1.328168361789338059e-01 7.120727042442856480e-02 -5.747005745635982987e-02 5.292192552021419277e-02 -5.045843629772237340e-03 -1.519319349124941820e-01 -1.841140426275666986e-02 -1.673931844440619196e-02 -2.604290253761877838e-01 -3.006470907395728531e-01 5.141298160172665804e-02 -1.591990038502225091e-01 8.799724250556587024e-02 9.096725015565453043e-02 1.444798427114844241e-01 -1.504423124719417304e-01 1.676183883527476437e-01 1.505554431253754155e-01 2.399930489762436281e-02 -8.192705469689032238e-03 1.942481235181917343e-01 -5.339225237866547513e-02 -1.383780980000721139e-01 -1.129371374063067313e-01 1.075253124281352335e-01 1.102777355995871178e-01 -2.348620598133979998e-01 4.464257878343660078e-03 5.044934782494837205e-02 -3.075720569334537968e-01 -2.933703833269722949e-01 -3.316324781237106056e-01 -1.727350813302961363e-01 -3.035510167570569240e-01 -2.463680634739610353e-01 4.996930171532814463e-02 -3.374332738710908441e-01 -7.677329713821379187e-02 -1.906177500239031042e-01 -2.347100346236314083e-01 -3.623748821050793573e-02 -1.130271031718903078e-02 -2.027949049692200911e-01 -2.754087147889962006e-01 -2.679044953616095404e-01 -2.649694507116874265e-01 -6.175528481551639803e-02 3.030473483646920277e-02 -3.140747787655307488e-01 -2.937878755406271858e-01 -1.016010329785851651e-01 -2.519776422784520964e-01 4.749058663129593350e-02 2.878548613255479394e-01 3.070267617991374043e-01 -7.037833894280212665e-02 -3.933716655638754833e-01 -4.761998463073317533e-01 1.464042609527768934e-01 -2.862355284475082140e-01 1.663989804058707556e-02 -1.455838246717814366e-01
3.754967795448937995e-02 -6.809975170197106464e-02 1.616491266788868952e-01 -2.183243263935406020e-01 -3.464964592853308351e-02 2.707454874592737926e-01 2.678719852285846303e-01 2.170255714001437936e-02 1.384152575645839489e-01 8.951731544406769936e-02 1.000000000000000000e+00 5.613180807353043145e-01 5.085296579190913269e-01 3.408756639756278517e-01 1.705954568220225676e-01 -2.534952266619701078e-01 5.217648143898818702e-01 7.815523859000363463e-03 4.116645560646098878e-01 2.009591120962633259e-01 2.874120327364751426e-01 3.643213420580806439e-01 1.264924400203203403e-01 5.120870926818676949e-01 3.540354249697284794e-02 5.370672885492807636e-01 1.102550098129066042e-01 2.772957665202068767e-01 3.423318280361956067e-01 7.053989781297645423e-02 -9.942223499112645690e-02 -4.168580398869738413e-01 -3.662624580927142937e-01 2.548564691869031340e-01 2.693067223262635146e-01 1.206697929648190559e-01 4.481432583561997807e-01 -3.100560047371236916e-01 -1.749531479288625457e-01 2.318562998257789887e-01 2.042626255962640969e-01 1.821725113791226314e-01 2.736428202739920601e-01 -5.602180403209719439e-02 1.966183960477155546e-01 -1.722964338948722585e-01 6.016740722902871180e-02 -5.657286002057147073e-02 3.463057826811557494e-01 4.350281667631915039e-01 -1.489628001372813315e-01 -3.670635817342584456e-02 -2.599271128141008025e-01 -2.832116765313058560e-01 1.604805557846453734e-01 2.360239986208036989e-01 3.566196721178121337e-02 1.705753398096213069e-01 4.041091788959937925e-01 5.588287136267902078e-01 4.839461111834179596e-01 1.779881377874737436e-01 1.167580993336497508e-01 -6.074348847597691586e-02 3.381746538137770514e-02 9.026661129719400212e-02 1.018574566484740929e-01 2.835543506948034476e-01 1.561481512067351141e-01 -1.079935427697389753e-02 1.672390353253680809e-02 1.408792482069855245e-01 1.051892929661900865e-02 2.774445475117441329e-01 3.693135800629920862e-02 5.750123441922615486e-01 2.472600827270723667e-01 1.106184098962870732e-01 1.401802357904530748e-02 -4.460993153325846228e-01 -1.737309275841098233e-01 -6.385792976626518402e-02 1.940815700391413101e-01 9.757745133325375006e-03 -1.182031702478598956e-02 -3.584289453204707598e-01 3.816938687529813357e-01 3.593350367003744772e-02 2.984121643611857833e-01 2.451383051453307205e-01 -4.584991058500285654e-01 1.381340034351165036e-01 2.210529909545593252e-01 2.529272397202331768e-01 1.419501217841892537e-01 -4.990266833799146540e-02 -2.404432106190844687e-01 -9.200115507766594425e-02 4.120816072050835777e-01 4.715428587427643592e-01
-2.299178116493182100e-02 -6.534321614791087363e-02 2.496647275732308616e-02 -1.633339921729413668e-01 -9.714467472556231192e-03 1.513952654731547942e-01 2.552632751048961035e-01 1.493603826560980369e-02 1.603581005607962184e-01 2.557454399897226005e-01 5.613180807353043145e-01 1.000000000000000000e+00 3.864911453885908066e-01 1.882948122150797376e-01 8.054041531511521579e-02 -1.498392621848166351e-01 4.201619408842092729e-01 2.196843797791958944e-02 2.684446220850255638e-01 2.306373942129826549e-01 1.399611952357554256e-01 1.945884745018750528e-01 6.747807672255366762e-02 5.438854144421242376e-01 2.012180970363327270e-01 3.016399496978687811e-01 5.520128170999866191e-03 1.204665901265593031e-01 1.775988813806493871e-01 1.267303788764681527e-01 -3.397204911113464038e-02 -3.262201484339531943e-01 -2.506161618619319187e-01 1.815931270597452019e-01 4.927510121533749260e-02 2.500781093866442650e-01 1.730452399998862190e-01 -1.878786401630524183e-01 -1.259746948320795701e-01 2.013604667040885254e-01 2.266011757480908273e-01 1.497782670997580001e-01 1.657722553964481316e-01 -7.930581126145495874e-02 7.255328021917144266e-02 -2.143670475348695703e-01 -5.242861098760284028e-02 -1.860210699174752111e-02 1.883452546791818949e-01 1.456143681711491167e-01 -1.470140752176877508e-01 1.286976868605935230e-03 -8.175276094872149790e-02 -1.812984861537562109e-01 1.510008587884167364e-01 6.075317551102105834e-02 3.712465142522266420e-02 1.108366818723919012e-01 3.643636901506800418e-01 4.261830702199908560e-01 4.096770409254722467e-01 3.227431747199008966e-02 3.004238205925595720e-02 -1.260608426997279763e-01 -2.167872573646367415e-02 8.502486839284652265e-02 2.249875393183241312e-01 1.180433368826559401e-02 -5.183031537580647108e-02 -1.362512735748737380e-01 -3.776045743111251796e-02 -2.226829040997579945e-02 1.743363296872138188e-02 3.642447319341673428e-01 -7.129493527472993003e-04 3.284052485170744218e-01 1.303722091718327314e-01 1.034049423381048771e-01 -4.065456635782319084e-02 -3.246498539206573719e-01 -1.495259505303729308e-01 -1.349718241418124409e-01 -1.434214005757755706e-02 -1.412494692543515007e-01 -1.117209360075099717e-01 -2.773863422427791381e-01 1.166328352390340745e-01 -5.009245135167158386e-02 2.704274264389692761e-01 1.397011062575935492e-01 -2.625595447973523844e-01 2.001194814704496117e-01 3.191853503693743987e-01 1.648310754058521510e-01 -4.780572664490258250e-03 -1.033478845416394287e-01 -2.396318136877467475e-01 -7.195685593102642275e-02 2.032073778250239326e-01 2.049560849116182082e-01
6.522731520526726945e-02 1.493453462219313244e-01 1.302079658310279497e-01 3.603337750948357870e-02 1.516444602037154143e-01 2.766613964734687126e-01 2.061919039334834114e-01 1.096860413864718387e-01 2.384971294146530363e-01 2.372931000009423710e-02 5.085296579190913269e-01 3.864911453885908066e-01 1.000000000000000000e+00 5.672732037783456693e-01 3.211489705127704153e-01 -2.413897130004187541e-01 6.354121142988017334e-01 1.618416906731180438e-01 6.151942028986824296e-01 2.896158256116004304e-01 4.691641521580083851e-01 7.120959368541347478e-01 3.245419032306535723e-01 4.363764913997767447e-01 -2.651782104038084564e-01 5.196638882108188806e-01 3.564631416639336692e-01 5.066877706354900868e-01 3.829674449385099821e-01 3.048684627474297359e-01 -2.779553498547099322e-01 -4.304460048444972986e-01 -2.661421227685140112e-01 4.982316217247862444e-01 6.091978645442930329e-01 2.411872260180503158e-01 5.158339033803008844e-01 -2.498546983581914627e-01 9.834004243666856146e-03 2.442977526415340550e-01 2.358330637449013167e-01 1.284309159946037393e-01 3.924114202402457230e-01 1.004209539782729282e-01 2.237228823086624130e-01 1.939639928435344177e-02 3.609618046731734586e-01 1.787701296959201269e-01 2.818627382822608829e-01 5.485178597013969926e-01 -2.869720858299569799e-01 2.958590792457831131e-02 -2.825239681927482205e-01 -1.387618859666290838e-01 1.853948339679639679e-01 1.667493306355881943e-01 7.702228812664835278e-02 2.069798516882210837e-01 3.454467005039872918e-01 6.565028086805020369e-01 6.124662260861152285e-01 6.229831228828089928e-01 3.800544553805497716e-01 1.265029851813806727e-01 2.311788108263428121e-01 2.506102877332326839e-01 1.122816590681722654e-01 5.121478196113189441e-01 4.080913852457685453e-01 1.941500176952435652e-01 2.581191818712246788e-01 5.299667160382603992e-01 2.430759962108839656e-01 3.597035024044328844e-01 2.542945006309772493e-01 5.644707784131749451e-01 2.397669619294623689e-01 2.829920943728296834e-01 -2.767993445197566293e-01 -4.365226815426663243e-01 3.168113809816018589e-02 1.095966548984901867e-01 2.784740230196087185e-01 3.459341877605159876e-01 8.444560114914388682e-02 -1.203844357240040214e-01 4.878028803980081762e-01 2.430061391371476087e-01 4.485534118036724194e-01 4.584062862661879012e-01 -4.474413615080380380e-01 -7.420436509783497059e-02 3.814306973130712763e-01 -6.783961421575462891e-02 3.941474725818623348e-01 3.562240292590188040e-02 -1.943777059690959264e-01 1.482754017019593251e-01 3.271789995283815311e-01 5.800169725618765648e-01
-8.399433901495420574e-02 3.457159073319569509e-01 2.143317491854038540e-02 3.047262629480534946e-01 3.878467985284073105e-01 3.237743047998741797e-01 1.650201112562338090e-01 2.553020494353097081e-01 3.066819314208238945e-01 -1.208080296851748031e-01 3.408756639756278517e-01 1.882948122150797376e-01 5.672732037783456693e-01 1.000000000000000000e+00 6.980876442819416994e-01 -9.969476221875001043e-02 4.912436263094945299e-01 2.565653188469732005e-01 7.435018870148702996e-01 4.093737530342528852e-01 8.768704381741146969e-01 5.177565666241834563e-01 7.071108089933293428e-01 1.919723905517439211e-01 -4.498566653473828891e-01 2.828855531353453023e-01 5.146448986586811269e-01 6.180087241728073888e-01 7.002149794935654814e-01 6.001956323388252246e-01 -1.630892973104964006e-01 -2.232136904449767423e-01 -9.237254482116136201e-02 3.886015194665239925e-01 5.429781582708561594e-01 3.572734647761375837e-01 5.699228064741167499e-01 -1.678512736956982443e-01 1.152991965820478887e-01 1.456950102189550345e-01 1.055124827502312845e-01 -7.850112103005342512e-02 1.118685867280626717e-01 9.591734936858772875e-02 4.580054960087823895e-02 2.646901022833236805e-01 6.513275608711582843e-01 5.284017780349957727e-01 2.918954253038918978e-01 5.552234478445426946e-01 -3.986622051173766557e-01 1.137720905119242176e-01 -9.555578444255019566e-02 1.448341671940423514e-01 2.651770735548575342e-01 1.536986406459477095e-01 2.061757299432833979e-01 2.700872123699069594e-01 2.724102785899783219e-02 5.501782129405828892e-01 4.656691405989377142e-01 4.992356651407848789e-01 3.053629333113780930e-01 2.859769183180386753e-01 6.703191481106893779e-01 5.802407499600080731e-01 7.921399846623586316e-02 7.236650187944899670e-01 7.355977956480288515e-01 4.103390857488739552e-01 6.461165363057211897e-01 6.949864588713541291e-01 5.944457237055538190e-01 2.870156107542176649e-01 1.740868392931878561e-01 4.122899460284676909e-01 5.745805384244342395e-01 6.170120596141076552e-01 -3.198948262076652393e-01 -2.728218527468238008e-01 6.798801290068794134e-02 1.064672426760577134e-01 5.497380712598767122e-02 3.928832325954402793e-01 -4.401091006476640088e-02 -2.016038950728955559e-01 6.190491231467755151e-01 3.533131506698251045e-01 5.395319439266854644e-01 2.654418448716731049e-01 -3.780126226847352888e-01 -1.950752999270738974e-01 3.804615028925298348e-01 -1.609069691996981299e-01 3.012786646819188840e-01 -2.239779868032560489e-02 -2.702894016909602182e-01 3.871614481285560183e-01 2.931163689074596235e-01 5.446061334840061052e-01
-8.987508310907844911e-02 2.317281201988279637e-01 -3.336975725193503384e-01 4.362591908090489023e-01 3.619238634961431944e-01 6.725759204722277229e-02 -3.064210478963103057e-02 2.714217845500049853e-02 1.119568222903166155e-01 -1.380587358984115831e-01 1.705954568220225676e-01 8.054041531511521579e-02 3.211489705127704153e-01 6.980876442819416994e-01 1.000000000000000000e+00 -1.035673934047601566e-02 9.834877867838354160e-02 -1.943999729203675642e-02 3.701042456230494437e-01 1.562206501492125199e-01 6.687151025629396450e-01 2.371571816523684317e-01 7.747051101663878780e-01 -5.010290269654964906e-02 -4.418250103717513144e-01 1.168414933865084410e-01 5.153603611434879328e-01 5.800165161287144100e-01 6.712627216592125245e-01 7.300976490656438944e-01 -2.527583765283182293e-01 1.537963069338838529e-01 2.041458594576158192e-01 1.001684129650305816e-01 4.215475115688951946e-01 2.991057999647841470e-01 4.408733814101516435e-01 1.066922120391276818e-01 2.395630863489451035e-01 -2.785918556203693941e-02 -1.395459478130560470e-03 -2.775439679482342714e-01 -1.068023137689704388e-01 -4.911394858275272557e-02 -1.442096175158271432e-01 4.122823766071851970e-01 7.268711091518892387e-01 7.144038643710445280e-01 2.602346731250175169e-02 2.942335306492126490e-01 -3.427221745432964539e-01 -7.959344252607267189e-02 -1.454894480351546192e-02 4.059542214821764694e-01 3.358092530600198522e-02 -1.899216060386954286e-01 8.319191361466698673e-03 6.176656438125934651e-02 -2.278380855002815342e-01 3.900785934460462290e-01 4.258320710615340343e-01 4.037092427505784564e-01 2.153708491366329841e-03 2.107358295569709272e-01 7.725444848196881820e-01 8.353439973772449623e-01 3.714314843030136482e-02 4.146070837307929136e-01 4.340731570513506887e-01 1.068624998148158672e-01 5.837780492242070629e-01 4.797397688177011954e-01 6.460909887501619098e-01 2.040314357080108554e-01 9.696664220616540986e-02 3.311466749356452022e-01 7.251105981402491407e-01 7.877414876083851381e-01 -3.230155513170768766e-01 8.822887975670384852e-02 -9.707297178011085187e-03 -1.630784620849811545e-02 -6.665803516837813525e-02 3.997525012320952698e-01 2.705859994796433118e-02 -8.442593992959861182e-02 5.307242446647830736e-01 4.444029051785208795e-01 3.470422575982515245e-01 1.190218716800732907e-01 -1.815535647227959626e-01 -3.357766206468592585e-01 2.572170616074166971e-01 -2.606221291509849824e-01 2.422042696885388646e-01 -5.811510286092209931e-02 -2.145161654416256891e-01 5.446300613012794445e-01 3.879771093704378199e-02 3.044243624523280678e-01
