1.000000000000000000e+00 2.339975820632794190e-01 2.898161255927690916e-01 -1.153670224959994772e-01 -1.236037469836005348e-01 7.637307585590702441e-02 2.369199588780780408e-01 1.973866191721042884e-01 2.375647400514278862e-01 2.304130033624529061e-01 -5.978622885359324152e-02 3.610693518625884835e-02 -1.318691914039352431e-01 -3.521362550784232770e-01 -4.560953924079318433e-01 3.038030056658010958e-01 -1.681621435051678659e-01 -5.367478462400439992e-02 -1.866020888597855198e-01 2.138292408580021869e-02 -2.479291850729178626e-01 -1.503655732532056810e-01 -5.256527256509916368e-01 7.900410137301109789e-03 1.779578251745003170e-01 -2.973282131549916801e-02 -3.081449006408340519e-01 -4.044057702706825852e-01 -1.417571633538915465e-01 -5.585546919782431452e-01 2.891031495515753447e-01 -9.359709738385425803e-02 -7.009195722594185884e-02 -1.445405621994237111e-01 -1.985778228567821879e-01 1.540524757837840875e-01 -1.047169916446153287e-01 8.524686414679236157e-02 -1.615522574749412854e-01 1.519023384798986742e-01 1.216350989581166109e-01 2.722686929055118665e-01 8.532961384830473062e-02 7.554604886252903016e-03 2.112845405909946628e-01 -4.767978934211389852e-01 -4.194582207882659453e-01 -5.676543497394578308e-01 2.206425071696973550e-01 3.988853813555993943e-02 6.849839729501842056e-01 4.101856773972185066e-01 7.293988834404820099e-02 -8.455360889705296201e-02 9.847937070617510114e-02 2.272554224846737303e-01 1.422876519530651418e-01 6.335471972087650117e-02 8.415110546922298373e-02 -4.135662709840515205e-02 -3.325692440366590646e-02 -2.358515346152346426e-01 -3.810633837065288132e-01 -2.802702555790093086e-01 -4.833891192002527371e-01 -4.830274270141540205e-01 3.407223019534112995e-01 -3.277171458852168873e-01 -3.366385915630939474e-01 -3.482332232337043837e-02 -3.516596697030803242e-01 -2.910952019353629239e-01 -4.825247172693585274e-01 -7.836665583779105215e-02 -7.203393579787853440e-02 7.428884479914402150e-02 -2.148904010232746131e-01 -5.670478553803973698e-01 2.758564723753725301e-01 -3.146487690906650796e-03 -2.637275935123202242e-01 1.330311557061578387e-01 2.102470014022800038e-01 -1.766509798700149902e-01 -8.092100164828501183e-03 -3.864376033340202188e-01 -1.820609494336823952e-01 -3.824132788916091430e-01 1.416334036871751134e-01 1.372963918505691883e-01 9.221264783124391573e-03 3.484136670561827631e-01 -7.120912678905742810e-02 1.337989541647602310e-01 1.701208815520104667e-01 4.492661304180983056e-02 -4.194870294385765197e-01 -4.421558234382996222e-01 2.778496988131749501e-01 4.854275264775501780e-02
2.339975820632794190e-01 1.000000000000000000e+00 4.001982238646913381e-01 2.999209267592761186e-01 5.212809253089664141e-01 3.405731893874250904e-01 9.595288799258622214e-02 5.875860020572671871e-01 3.857509185619169001e-01 -3.135799766151854510e-03 6.379318932706637413e-02 8.377366405954694145e-03 1.029162172774747246e-02 9.190073912391254207e-02 -8.468258915275680976e-02 3.631933529130610960e-01 6.211766827407142616e-02 1.223738583417048748e-01 1.374603097664247320e-01 -9.960355800581096805e-03 1.171146100561997194e-01 -2.497560819869575760e-02 -1.044436229109963615e-01 -7.074282132400544487e-02 5.924624757118494497e-03 -1.226866863322910312e-01 -1.421005996258977722e-01 -1.951556786499785978e-01 -1.119410666795154358e-01 -1.888717269555843514e-01 -2.346820483211116762e-02 -8.246356323194807547e-02 -1.486982511233343185e-01 -1.969271509156458044e-01 -9.820316080676910753e-02 4.608779696570518281e-02 -1.099197978863374059e-01 -1.100128816703845047e-01 -9.893199982487083100e-02 -1.324533171608458793e-01 -3.085231024473405470e-01 -1.598116717544334764e-01 -2.039189088424823160e-01 -3.097137517980859678e-01 -8.425144067105534706e-02 -3.279005627053521721e-01 -2.696924622964516627e-01 -2.145089472368857941e-01 5.143918564097797047e-02 -2.677484767579494385e-01 1.108232388999026291e-01 6.894799075561200974e-01 3.295553246700858030e-01 3.707628460950076477e-01 4.647207473249826415e-01 3.107027254995561316e-01 5.021670810696921006e-01 4.313820996501670502e-01 -1.033898525338038804e-02 3.370766602796060329e-03 4.128115822546147423e-02 4.460315679120122057e-02 -4.096209424100304142e-02 1.314183759460766376e-01 -2.105536953130259653e-02 -1.095454593100831514e-01 -6.496987079173002430e-03 -2.472396636538982256e-02 -8.620213889873795665e-02 1.165254411341571650e-01 2.186718512412371904e-02 -5.146339711164758801e-03 -2.734358645779753341e-04 -9.121312332742428919e-02 2.194696546851459054e-02 -4.243794578107334264e-02 8.630575681505478491e-03 -1.175639140813234396e-01 -9.234698865363510922e-02 -7.640240258643724025e-02 -1.943805478865746061e-01 -2.827870088861074160e-01 -1.561511568194438870e-01 -7.463852354913787235e-02 6.148867673092671404e-02 -1.578241986705798128e-01 -1.081050061296290332e-01 -2.223254491545762768e-01 6.111615068510046741e-04 -2.114772556276150184e-01 -2.008591088302103256e-01 -1.619793924402568308e-02 -1.245625969423252710e-01 -1.190580809335659157e-01 -1.125215134294472175e-01 -2.014048217196403867e-01 -2.827229404810380209e-01 -2.450160707218307643e-01 1.094120386487113655e-01 -2.085235446279577465e-01
2.898161255927690916e-01 4.001982238646913381e-01 1.000000000000000000e+00 -3.963903881998409040e-01 5.149830826032922304e-02 7.220771969040828964e-01 4.209126975371338397e-01 5.815154721563855489e-01 6.143282587466164513e-01 2.786617013482779459e-01 3.820645824228345866e-01 2.248352191682808088e-01 2.734051765923617427e-01 -2.382434629666254147e-03 -1.762780398715441121e-01 -5.865485440286022367e-02 2.823534934545136599e-01 2.714784869714758631e-01 2.003577289715645360e-01 1.775061203501887286e-01 1.490760156590723862e-01 2.670279928314609474e-01 -6.585195757974318664e-02 3.310469244797889510e-01 3.390518551730545838e-01 2.281824742675636064e-01 7.662073359775470327e-02 -1.668575769962627742e-01 1.745259084107878000e-01 -2.983323419680887767e-01 -1.446433682998153891e-01 -5.107515569554755830e-01 -4.410863846139884137e-01 2.064434249033273161e-01 2.111080938248271477e-01 1.689890093253781089e-01 6.699026965794242783e-02 5.877113638184700006e-02 8.851389606971492297e-02 3.624794746099747056e-01 1.915645263491985439e-01 2.377026183028751460e-01 2.394720421561825074e-01 -2.164651617999487770e-02 1.280205396442626598e-01 -2.303281079376241491e-01 -5.424573855771631925e-02 -2.636191300492347067e-01 6.101852464400865372e-01 2.745800904664780773e-01 2.270180931051276607e-01 6.980029091200466995e-01 -1.609712063728398479e-01 -3.335885708701011310e-01 6.772537354045616853e-01 7.775517135092692156e-01 3.597470706052225409e-01 5.040396318368762785e-01 4.565840208974475956e-01 3.454134087914178530e-01 4.375905785619044752e-01 2.898402235077980338e-01 -1.101852817049104108e-02 -7.308585382319782164e-02 -3.692425775344109623e-02 -2.626686973163281924e-01 3.781134113168045929e-01 2.323507171866354415e-01 2.011660974414249681e-01 6.938451476721864408e-02 -7.086437518223847416e-04 2.774890532701474455e-01 -7.003312345629524038e-02 3.091422806261898137e-01 3.683265602923330717e-01 4.966025146149757319e-01 1.463927262364669024e-01 -1.877280011053418518e-01 -2.214862171615862019e-01 -5.109919923432627575e-01 1.881815099534638880e-01 -7.855099273815489835e-02 1.931358491146347167e-01 3.518906958396785800e-01 1.515103465232227609e-01 -3.009215645086150623e-02 5.724526729059629254e-02 -7.422131691051592206e-02 2.684770787223256239e-01 3.482909064094994456e-01 -3.591507725958063002e-01 3.692170293655069879e-01 1.596714861436742128e-01 2.761511238285009884e-01 5.383838490735984861e-01 -1.010329026499553473e-01 -2.773017820431040725e-01 -2.322075249666792907e-01 5.686881250920594599e-01 3.493891517295314442e-01
-1.153670224959994772e-01 2.999209267592761186e-01 -3.963903881998409040e-01 1.000000000000000000e+00 5.409996352917521012e-01 -3.198904426187504924e-01 -2.277487376666193220e-01 -6.845185175046958337e-02 -3.136941286624445602e-01 -3.903564800571187043e-01 -4.083754056452246206e-01 -2.501659893272075719e-01 -2.380820493811637850e-01 1.550511045098868501e-01 1.411494621038583697e-01 4.252225589759811020e-01 -2.746297318956829048e-01 -2.967581944615054756e-01 -9.436467793928539349e-02 -3.259709502604006270e-01 -1.262825179293701749e-01 -2.867730644674308382e-01 5.232369116482438187e-02 -4.634605060648213093e-01 -3.517144551860953428e-01 -3.502931523257937219e-01 -3.034376856615153550e-01 -6.161006321898157556e-02 -3.566789777848692333e-01 1.711162470820537518e-01 -3.035101953237559491e-02 5.950249165426103604e-01 4.380635621176438010e-01 -4.235736071783451351e-01 -3.548598187499776846e-01 -2.833238271809721542e-01 -3.117382102278385969e-01 -3.843929532539343968e-02 -1.353508677275819250e-01 -4.315036362814292925e-01 -5.575224444179370797e-01 -4.027033702110315305e-01 -4.380403482636728296e-01 -3.776677574922231440e-01 -3.332909196423987086e-01 -5.857372948018387329e-03 -1.197057864926513032e-01 9.246856357654351100e-02 -5.384369726225155528e-01 -5.772831643833861159e-01 2.913524018325814799e-02 -9.121608265275368832e-02 5.451403023505915213e-01 7.628357785332372520e-01 -2.099164809122215924e-01 -4.591268806116072243e-01 1.519875095934981046e-01 -1.293644445225419770e-01 -4.670187159349801775e-01 -3.785078990584396230e-01 -3.869447587003257971e-01 -2.355355030998865506e-01 3.595575793206276516e-02 1.560546953073359278e-01 9.361152329643653014e-02 2.100330384103771264e-01 -3.771660333339700300e-01 -2.269890815822359631e-01 -2.850244122370139688e-01 -1.089622007110441909e-01 -2.793669660705033753e-02 -2.195324128440665490e-01 8.513864408036529718e-02 -2.621944360603280511e-01 -4.479402396032970413e-01 -5.282567945290356226e-01 -1.774184348459763305e-01 1.359851600927484694e-01 1.061574278778136537e-01 6.027866429934163328e-01 -4.377907487512134321e-01 -3.119437410206307715e-01 -3.726920738724001647e-01 -4.404547732248557113e-01 -2.409716317786255169e-01 -1.133998183339854776e-01 -2.132583499855351117e-01 -1.851134676574605620e-01 -4.125797697181131651e-01 -6.060026700993156323e-01 2.488475982408598075e-01 -3.294415176496136022e-01 -1.391719661831232746e-01 -3.608775191537899607e-01 -6.082703136682536815e-01 -1.713932616107071150e-01 9.564293038890657461e-02 1.149584347734980720e-03 -4.589287064506880065e-01 -5.775293512582910793e-01
-1.236037469836005348e-01 5.212809253089664141e-01 5.149830826032922304e-02 5.409996352917521012e-01 1.000000000000000000e+00 2.104126349287460673e-01 -2.328073986477124102e-01 2.803581927178839805e-01 1.220868594437609367e-01 -2.269490814792933242e-01 -5.618089715459434474e-02 -1.941787040712859846e-01 -1.261489139737329845e-01 2.171002337794286641e-01 1.192292159688023018e-01 1.843629626664343990e-01 -6.523967742899740296e-02 -7.517675458751101047e-02 6.040042372838736601e-02 -2.148264560096394826e-01 1.081604310384749745e-01 -1.858760590611042707e-01 1.192030964971249607e-01 -2.656826514861447830e-01 -1.140447751332944321e-01 -2.645402119325061530e-01 -1.526461904625278365e-01 -9.072296540154185795e-02 -2.805010623183574747e-01 1.127255064728119038e-01 -8.128105763275618456e-02 3.120774276452851770e-01 1.858002517641521023e-01 -2.613634780152443438e-01 -1.259313690778412209e-01 -1.508015046347172261e-01 -1.646820886978564158e-01 -9.015893855588234806e-02 -9.220639344084431699e-02 -3.633462516547124044e-01 -4.561940438115969498e-01 -3.355442453197770569e-01 -3.978149620953940202e-01 -4.966910275435659772e-01 -2.186634500868312736e-01 -1.172268717949824512e-01 -6.371066028372290857e-02 4.611015899480973984e-02 -1.324470349379364142e-01 -4.481044898848682290e-01 -2.201988787983670190e-02 2.871089554718175840e-01 4.633852450496894204e-01 6.646608421546823520e-01 3.965752155838062620e-01 2.999367092392181064e-02 3.958408615290159305e-01 2.455552041390836049e-01 -2.206162886526236155e-01 -1.635680949883183410e-01 -1.903876695746624104e-01 -7.961917915624543152e-02 9.810455689856886763e-02 2.146252814186117852e-01 1.864193504464412010e-01 1.898124926090271891e-01 -2.715906410597321297e-01 -5.951541760431557776e-02 -6.535971390165626338e-02 -7.479617753464983150e-03 7.332493157288964836e-02 -2.887208382917208840e-02 1.945618165759127882e-01 -2.287051263192472206e-01 -2.363102001797753593e-01 -2.550034123889490245e-01 -5.144691922990071720e-02 1.505608323651923819e-01 -3.206950184947362364e-02 2.599910604740099940e-01 -2.778671290733666366e-01 -3.677991851340747242e-01 -2.828287091035150413e-01 -1.608990825567266358e-01 -6.125841824501107591e-02 -4.866422020409240379e-02 -2.727703077587631877e-02 -9.918171719837778899e-02 -2.446178416841433834e-01 -4.479483279036099996e-01 1.852368657217281500e-01 -2.204895077351629040e-01 -1.604813793136152522e-01 -2.484074604943218578e-01 -4.029494549997805208e-01 -3.380829432095209808e-01 -4.915141452881040957e-02 -6.404893204443296018e-02 -1.333260614017708345e-01 -3.793821576310252852e-01
7.637307585590702441e-02 3.405731893874250904e-01 7.220771969040828964e-01 -3.198904426187504924e-01 2.104126349287460673e-01 1.000000000000000000e+00 3.075849450775969274e-01 6.321534219614736161e-01 6.697849807156168733e-01 1.766194012570597160e-01 4.045893008191534523e-01 1.585635651160179904e-01 2.719703305818327310e-01 1.098683549374939866e-01 -5.687285649549246244e-03 -1.622123704359111074e-01 3.287402808372998364e-01 2.776013337602657449e-01 2.321241324517533955e-01 2.249840513390997943e-01 3.059411819902861374e-01 1.690499108024038633e-01 1.156460614827477251e-01 3.589996284785254566e-01 4.306111583126685516e-01 2.391404871687100586e-01 2.080533290321339157e-01 -3.980782662632956909e-02 1.832920865932210208e-01 -1.384549849492150153e-01 -1.907181930213013299e-01 -4.389126713132248669e-01 -4.277190250982015884e-01 1.308842689153676686e-01 2.638334489439982944e-01 1.635146488762989070e-01 8.062180041673264186e-02 1.404870307607576640e-01 2.725444991669718209e-01 3.369029826549541085e-01 9.081872232700768932e-02 8.544878722847623620e-02 8.385994822127058879e-02 -1.638744486803506706e-01 -9.235825133667983911e-02 -1.643255709350147920e-01 1.588337130659046859e-02 -1.028520250849340317e-01 6.256737239746487100e-01 1.389926591740945627e-01 2.043402715900949698e-02 5.788681428143070962e-01 -1.308503490991333729e-01 -1.522259747823972720e-01 8.517716962133716763e-01 7.421967023298834398e-01 3.913686432917110603e-01 6.181959772247869189e-01 3.692231171971920856e-01 2.625839997916007418e-01 3.797222062873146786e-01 3.280621843976084806e-01 1.128552987540194369e-01 9.643580206398721932e-02 1.410425276288559682e-01 -5.457708415552067760e-02 2.300445462688999465e-01 2.889059425489997612e-01 2.649031831764750988e-01 9.200664961857815682e-02 1.564905503270105080e-01 3.480418279508284418e-01 9.587015819042353504e-02 2.699673930856931192e-01 3.448663047323488051e-01 4.377972241903100303e-01 2.569977506575552018e-01 -4.890655160040081927e-04 -2.188792397939622048e-01 -4.691611780029122936e-01 1.894763453425183652e-01 -2.378910485556707255e-01 -1.089334408416537010e-02 3.225264993028715277e-01 1.455878034112585429e-01 2.075267901087934561e-02 1.718802183420036767e-01 7.928797200504725251e-03 2.510855537769541290e-01 2.169686987784323340e-01 -2.572660996482555862e-01 2.847908136364054599e-01 1.467709970957834786e-01 1.597449893080260530e-01 4.046115715491915288e-01 -2.306216580235556646e-01 -2.361836630362988410e-01 -1.240387293837048044e-01 5.398561316762502393e-01 2.315258713574474825e-01
2.369199588780780408e-01 9.595288799258622214e-02 4.209126975371338397e-01 -2.277487376666193220e-01 -2.328073986477124102e-01 3.075849450775969274e-01 1.000000000000000000e+00 3.293940962187331123e-01 3.568254912774939114e-01 2.740516868472510081e-01 1.328623309068848179e-01 1.071344854615951109e-01 9.179939880160341292e-02 -1.073347969505684535e-01 -2.207849941500681923e-01 5.809489810097227119e-02 3.455250953174874434e-02 -3.567219180118155059e-02 -1.824794758934179459e-02 1.916564064573406390e-01 -5.232614898116177971e-02 -1.944400183813504643e-02 -1.343182884044754888e-01 3.418383931008989740e-01 2.744845560906867821e-01 8.827071407901110334e-02 1.060028465055719571e-01 -1.053782896578470130e-01 1.642691888401837663e-01 -3.062958026093523523e-01 -1.854061008737341310e-02 -3.506758351613735170e-01 -3.185013827294550515e-01 4.865886251564355974e-02 1.004996975653826702e-01 1.671047452452592841e-01 1.263294827315240010e-01 2.810844998435148567e-01 3.507394092283102616e-01 7.014163038363676606e-01 3.783435903345429008e-01 2.877537771395841659e-01 3.747706757466626182e-01 1.905643138766496547e-01 1.326357308004745827e-01 -1.938147917710958054e-02 4.960619593234232884e-03 -1.623499310277877750e-01 4.004687186528429477e-01 4.002727925230156192e-01 1.500950975583817959e-01 3.080995731204675958e-01 -6.181334166074946464e-03 -2.219407854592880536e-01 2.028480391486348622e-01 3.973130658429414597e-01 3.032843277265770063e-02 2.983927747894011273e-01 2.859622400723942359e-01 1.362516357316600757e-01 2.615624499405724279e-01 1.199643080096670922e-01 -1.931488493918515070e-01 -1.840716347696239874e-01 -1.411021579438811457e-01 -3.097288117232315785e-01 5.513538668946604826e-01 2.060432394285450705e-03 -7.323669164871067505e-02 -2.600965748979156000e-01 -1.601988674376724486e-01 4.413886140986093831e-02 -2.592712919834291863e-01 6.550170190456549024e-01 2.437868969693430254e-01 1.927127745751184285e-01 5.161004335478538291e-02 -2.438954976889809723e-01 -2.758541590973502544e-03 -3.304429069095309868e-01 8.939295317736345448e-02 2.783729830285512977e-02 1.985709592198128814e-01 7.821167140038111365e-02 1.135753546284110765e-02 -1.049856718063176333e-02 9.378027287390273969e-02 -7.652421535014553022e-03 2.700330014063851980e-01 4.541688845693748200e-01 -2.031052023656380601e-01 4.909580583087831407e-01 4.722059849162904555e-01 3.337166719940818926e-01 4.446429138291143057e-01 9.138502611964263722e-02 -1.033300539939659840e-01 -1.797729698860175140e-01 3.387080838638021341e-01 3.414213065089366506e-01
1.973866191721042884e-01 5.875860020572671871e-01 5.815154721563855489e-01 -6.845185175046958337e-02 2.803581927178839805e-01 6.321534219614736161e-01 3.293940962187331123e-01 1.000000000000000000e+00 7.615752523650433092e-01 1.138391872163603269e-01 2.837899909099962370e-01 1.851260054739278238e-01 1.878192573155641476e-01 1.520722945135934423e-01 -5.092362808107483985e-02 5.600745879149908978e-03 3.195360076056149579e-01 4.018181528092112931e-01 2.650203529449032813e-01 1.856463889268036849e-01 2.796555604883472212e-01 1.689793038202930253e-01 3.042377225457524106e-02 2.790611646118048572e-01 1.675000448440429890e-01 1.063096952580215859e-01 7.910731788518760021e-02 -8.401566647323538417e-02 9.720811879543436729e-02 -1.949826501346575980e-01 -1.161759650162585700e-01 -4.485039940922797008e-01 -4.501551205090978391e-01 7.747776770630199206e-02 1.475816713920466705e-01 3.482834670197053062e-01 2.855238268503276430e-02 -1.497862310061109092e-01 2.300048906852238464e-02 2.161233185460504636e-01 4.072879567440637616e-03 1.983677562036440661e-02 3.311395314551650315e-02 -1.982042223902813205e-01 -3.043496259834544901e-02 -2.464254297695888385e-01 -1.386376862387848075e-01 -1.420221835549165534e-01 4.196804854937158935e-01 4.273270057846161041e-02 1.289537435082045158e-01 6.631153577153466872e-01 5.702616294167439648e-02 6.576322733377130969e-02 6.724301890945849625e-01 6.330297134325179043e-01 7.257237798869314860e-01 7.852170216824941873e-01 2.043564210886326671e-01 2.374581091178089298e-01 2.678091094255089510e-01 2.265674331907981676e-01 6.132487112072364938e-02 1.642665475087939086e-01 1.278124260329984718e-01 -9.157024861003737470e-02 3.205594108016077692e-01 2.179130944875235509e-01 1.397733578174143731e-01 2.142588760033599660e-01 1.053707978054839040e-01 2.181566595423168886e-01 9.368523588046608064e-02 1.188776493598453915e-01 3.248484811256623916e-01 2.552589222783132605e-01 1.880657840610769904e-01 -7.356307995477538719e-02 -2.053140782927867780e-01 -4.152860963945204098e-01 3.668054064215398036e-02 -2.127401443886055843e-01 -1.251358290803975849e-02 2.206463876978652372e-01 1.783692406970158462e-01 -6.196945447661986878e-02 3.236480154254868513e-02 -1.226084041339802200e-01 3.169621019184766797e-01 8.340544753560799607e-02 -2.801450318009247598e-01 1.514545638676350614e-01 -2.205971003912250011e-03 1.578028215615941143e-02 2.179681877576521987e-01 -1.942656339289204059e-01 -2.549078847462600828e-01 -1.540814993819355216e-01 3.942989007617218045e-01 9.872111731664015566e-02
2.375647400514278862e-01 3.857509185619169001e-01 6.143282587466164513e-01 -3.136941286624445602e-01 1.220868594437609367e-01 6.697849807156168733e-01 3.568254912774939114e-01 7.615752523650433092e-01 1.000000000000000000e+00 3.300803300346407121e-01 2.966678120470622182e-01 1.970166726154045367e-01 1.235433761354511051e-01 -7.868884023202250833e-02 -2.690135012003564419e-01 -7.954873548932299421e-02 3.066912011425691476e-01 3.641736051422133080e-01 1.707068741533903644e-01 2.345025455092473454e-01 2.366969467798219484e-01 1.378142316998390848e-01 -1.291557023432906848e-01 2.712128362167860463e-01 2.755546374196433668e-01 1.291646789658968675e-01 9.539399648474418403e-02 -2.031278101540002767e-01 3.975562216128335907e-02 -3.284417039541217553e-01 3.678801868835076400e-02 -5.238245020700117438e-01 -4.338408204237117483e-01 1.096516008708302153e-01 1.452237309549274935e-01 4.370895136192746722e-01 9.229433648985591043e-02 -1.131009188046018799e-01 -1.427560594567995125e-02 3.131789586326032548e-01 1.098796130055263026e-01 1.845045320828407609e-01 1.066265678309180343e-01 -8.241377425255590194e-02 1.152649521957160861e-01 -3.441648976630196088e-01 -2.100676250520146504e-01 -2.495425500372228655e-01 4.888341209827226086e-01 1.414048047670565522e-01 5.606101356900885374e-02 6.162579242195913576e-01 2.850598116045287636e-02 -1.187090867890322060e-01 7.151767606636335595e-01 7.387196272914409167e-01 5.630200906053409726e-01 8.064302777184301219e-01 3.022966101822412432e-01 2.341729484082469837e-01 2.389069478635416355e-01 1.259786994649021719e-01 -1.134294639777946867e-01 -3.360600328946104776e-03 -5.048560972335109504e-02 -2.921384643863347841e-01 4.130136618442036278e-01 1.412846982377027882e-01 4.936261023057817582e-02 1.772785673682749086e-01 -3.455126983736728913e-02 1.374866075956406586e-01 -9.477107602171223888e-02 1.550940821042734175e-01 3.111181551100682952e-01 3.289921194715998420e-01 3.122151481020849634e-02 -2.286895338650000720e-01 -1.003353983029785373e-01 -4.642016534699824337e-01 2.188930171453328313e-02 -3.203086548337632372e-02 1.012295114875061269e-01 2.005253762811256557e-01 3.267558442696779086e-01 -1.423711197900097147e-01 5.406618487567595860e-02 -1.283773489411740021e-01 3.515922098751624869e-01 2.307247918260869612e-01 -2.544865940740707044e-01 2.999966017293968501e-01 6.405341296588849820e-02 1.228889910322998880e-01 3.108689491166330976e-01 -1.082818804145655456e-01 -3.753250089666628209e-01 -2.920354743097257622e-01 4.195124103399315851e-01 1.787816712863729562e-01
2.304130033624529061e-01 -3.135799766151854510e-03 2.786617013482779459e-01 -3.903564800571187043e-01 -2.269490814792933242e-01 1.766194012570597160e-01 2.740516868472510081e-01 1.138391872163603269e-01 3.300803300346407121e-01 1.000000000000000000e+00 3.294810202363830931e-01 4.175538921950577298e-01 1.886668065327772592e-01 -2.463384367499198147e-01 -3.112775607109512510e-01 9.251449476162845395e-03 -1.497040421004280225e-02 -7.809444788732285148e-02 -1.632454983463902110e-01 -3.335588131220375285e-02 -1.887308481531317361e-01 7.382313251629922524e-02 -2.477101591725749119e-01 2.092724090126317493e-01 6.095886717544831690e-01 1.595906586300841201e-01 -5.727967527654993785e-02 -1.509773168080048578e-01 -1.757177338449719337e-02 -2.664194487033086367e-01 1.441986750942666207e-01 -2.722760080463647592e-01 -9.625712297705311948e-02 4.402481606098890971e-02 -2.981091595738526515e-02 5.651541869433324150e-02 1.014405295957134107e-01 1.995647287861710417e-01 8.566338015223586011e-02 4.395088524823593246e-01 2.407230531994654643e-01 5.063739354774116075e-01 3.510943276936641100e-01 2.230823916837504362e-01 2.165369811254613808e-01 -2.589490599446198082e-01 -1.773223889913494999e-01 -2.883389775586425174e-01 2.283700673604708020e-01 1.476301629035490781e-01 1.186247486230692094e-01 2.543076562909939997e-01 -2.997131446596403362e-02 -2.626090487483400682e-01 1.635562051160341368e-01 3.349863512988151548e-01 9.107751906610019044e-02 1.428304666110531695e-01 5.299463354439477580e-01 2.369601010731701984e-01 1.748884351819798566e-01 3.690044874710973755e-02 -1.572292462481941488e-01 -1.837459849609036910e-01 -3.329249783034451959e-01 -3.262442012172964145e-01 4.366426109502186681e-01 -1.711161172639091010e-01 -1.461505722340747659e-01 -1.256431098710937833e-01 -3.207193982642987384e-01 -8.051861982057950673e-02 -3.014679200170547468e-01 2.113096042418698139e-01 9.789605527628610082e-02 3.086168209411784824e-01 -1.048379615193507364e-01 -2.301744583512317921e-01 8.270635415091562304e-02 -2.098156273524341975e-01 -6.881882853505988384e-02 1.492694176142076723e-01 2.650269908859875789e-01 2.916052433718459291e-02 -1.955661074553986713e-03 -1.065175509213682897e-01 5.244180775755811347e-02 -4.118074889693517510e-02 8.581228865133988526e-02 2.414379248062182293e-01 -5.849845763710269375e-02 6.005247462537613989e-01 2.546028306976311217e-01 4.713847188397408683e-01 2.715280438067032565e-01 8.470745387997798137e-02 -3.119239842231090742e-01 -3.013408385462165717e-01 2.441088576152064260e-01 1.347393634018974051e-01
-5.978622885359324152e-02 6.379318932706637413e-02 3.820645824228345866e-01 -4.083754056452246206e-01 -5.618089715459434474e-02 4.045893008191534523e-01 1.328623309068848179e-01 2.837899909099962370e-01 2.966678120470622182e-01 3.294810202363830931e-01 1.000000000000000000e+00 5.504762191301078023e-01 6.554692103228297873e-01 3.484966619127020659e-01 2.075705894552573039e-01 -3.079625350355299496e-01 5.168421786000039209e-01 3.285332582751403496e-01 3.828125697859707244e-01 1.679805999518063364e-01 2.532783129872400174e-01 4.795621981160164138e-01 2.307667088564837876e-01 5.944229825827266334e-01 3.646820761693452262e-01 5.746840579028782425e-01 3.336201975704292111e-01 2.180575832257618807e-01 4.314245546902221728e-01 1.218380128763370818e-01 -1.735041208994092532e-01 -4.461253371814672408e-01 -4.743085830092583222e-01 3.934754130604785072e-01 5.069453089445035143e-01 8.875001401836700443e-02 2.796167703039698638e-01 -1.243801601118260797e-01 1.374866166953644386e-01 2.073513120064710002e-01 3.174412186211735820e-01 2.523917099005668629e-01 3.428344263724016350e-01 2.295782941722227244e-01 9.379813082698915117e-02 1.390644111651125336e-01 2.632796448865640793e-01 7.611899937019851736e-02 4.832508778078697942e-01 3.593233567143060414e-01 -7.721838632486581477e-02 1.809201983055812868e-01 -3.578828784529048956e-01 -3.454592632660332119e-01 3.340320306414949481e-01 4.736032355713780673e-01 1.436529686311820153e-01 3.031209214450895084e-01 4.887351821420060083e-01 6.881993365331747770e-01 6.778945809805148048e-01 5.756557765856940012e-01 3.534401482503719549e-01 2.387053657098903159e-01 2.384266855515822514e-01 1.423872427709907684e-01 1.882845327833404248e-01 3.756240969439639810e-01 3.327934439575071512e-01 5.102268414164090604e-02 1.336641730326270094e-01 4.779904221846934531e-01 2.500255074553395240e-01 2.613136345407978123e-01 4.947449522220153662e-01 6.180229489943919186e-01 4.251537784056844127e-01 2.076829323376270520e-01 -3.584298674299438714e-01 -5.342886306047476275e-01 3.328413167853203070e-01 -8.002486305089673291e-02 1.214489765132127502e-01 5.023769718609346624e-01 5.517335642813066265e-02 2.357475583291387122e-01 2.760801434463794335e-01 2.743715697008795584e-01 2.752790594232865096e-01 3.344514944629984332e-01 -3.770519860084361463e-01 1.626772494619480591e-01 7.640945759964801187e-02 2.707074393370602072e-01 5.181992203494762972e-01 6.558129032761068379e-03 5.956643691504305560e-02 1.434941579334504946e-01 5.219435608355845746e-01 4.177069271858730448e-01
3.610693518625884835e-02 8.377366405954694145e-03 2.248352191682808088e-01 -2.501659893272075719e-01 -1.941787040712859846e-01 1.585635651160179904e-01 1.071344854615951109e-01 1.851260054739278238e-01 1.970166726154045367e-01 4.175538921950577298e-01 5.504762191301078023e-01 1.000000000000000000e+00 5.572446854296804197e-01 2.938753782432867445e-01 2.178858884141724184e-01 -2.216063048059399576e-01 3.727428445811772906e-01 1.400495960111776683e-01 3.098720713445480834e-01 5.298526050444699043e-02 1.463044776392420920e-01 3.118405463348903339e-01 1.903358022950133455e-01 4.683586286675107679e-01 2.202812011494656164e-01 5.470214061449624188e-01 2.437818573120401067e-01 1.817004355800687643e-01 2.899611061274535162e-01 1.262843465367841367e-01 -2.429121917005812314e-01 -3.237146046660471232e-01 -3.647566194861187050e-01 1.553376901414101063e-01 2.609920802838827103e-01 8.753618601369322905e-02 1.224277308414198490e-01 -1.547404581135624069e-01 5.132791224696480609e-02 2.421753312335193919e-01 2.846038857665301181e-01 3.266353977544158016e-01 3.510743052082745952e-01 2.763990912285089196e-01 2.143146499500058269e-02 1.328021484225439530e-01 1.784508604287608213e-01 1.267160618477163048e-01 2.752288435654932086e-01 1.950895807804448601e-01 -6.641860201352328685e-02 8.479955746435140218e-02 -2.697052346366806130e-01 -2.477739954058014726e-01 1.095480393959695209e-01 2.536596369803975071e-01 2.020598347535184081e-01 2.253331259576465129e-01 3.668216271165958275e-01 5.522345582291691146e-01 5.527766285433874938e-01 4.286265340716473027e-01 3.171769851741859103e-01 2.578437759431743137e-01 1.888201410696789539e-01 1.643022363875565328e-01 3.377583203664989431e-01 2.525209477617945675e-01 1.207781532768559540e-01 -5.712472794525163405e-02 8.296046480472143991e-02 3.485141732326255126e-01 1.829013580299922448e-01 1.961844119419648147e-01 3.702965103644260680e-01 5.005256764558237981e-01 2.769426195700073756e-01 2.371508915954008978e-01 -3.111379619228991089e-01 -3.233270907600283017e-01 1.310859547503490652e-01 -1.231740427594057580e-01 7.035814175240201473e-02 2.875548772867586034e-01 -1.033722485631167198e-01 1.137664921052514710e-01 1.250468053580957861e-01 2.366981911084357904e-01 1.079769390348473829e-01 1.149987314818021189e-01 -3.255274287666506394e-01 1.530444602802457366e-01 1.402380376421351882e-01 3.751944840464753739e-01 3.615312315394471065e-01 1.174185849463761228e-01 4.957333306295672731e-02 1.608507138606332376e-01 3.638851424811538338e-01 1.926968097115647205e-01
-1.318691914039352431e-01 1.029162172774747246e-02 2.734051765923617427e-01 -2.380820493811637850e-01 -1.261489139737329845e-01 2.719703305818327310e-01 9.179939880160341292e-02 1.878192573155641476e-01 1.235433761354511051e-01 1.886668065327772592e-01 6.554692103228297873e-01 5.572446854296804197e-01 1.000000000000000000e+00 5.146945136688527711e-01 3.980911222151626294e-01 -2.377059488194489256e-01 6.378019965356203080e-01 3.639533586421722644e-01 4.891383632048020291e-01 1.579987516502827372e-01 2.826844109005565153e-01 6.513307015913404330e-01 4.250453121442445692e-01 5.646497806492584148e-01 1.733190357539237669e-01 4.412533153824536036e-01 3.760662183882494958e-01 3.585536285434007264e-01 5.083439769870604641e-01 2.971883774256633970e-01 -3.108207395239919180e-01 -3.888950300594120613e-01 -3.499065747644161672e-01 4.570843486340889772e-01 5.531416923533185592e-01 4.129328874639512370e-02 1.795326157642422593e-01 -1.174098506638893841e-01 1.157305553566287115e-01 1.332503714654604821e-01 2.718712743673887267e-01 1.278778506758171396e-01 3.059919513088312226e-01 2.598321721534769813e-01 -1.032904248868089236e-01 3.170258564089560860e-01 4.191042154513623941e-01 2.711632616866659906e-01 3.475127786206114178e-01 3.511296147066552131e-01 -3.961620291630763013e-02 2.992122784222739709e-02 -3.635616150433237381e-01 -2.827688589852001555e-01 1.295614864227512819e-01 3.370144727635244197e-01 1.333759708643176278e-01 1.975822900882365785e-01 3.932494140855905540e-01 6.683727669193433307e-01 7.274135731010128447e-01 7.982394389472671214e-01 5.550423045758765550e-01 3.516900062835379148e-01 3.906097799410855331e-01 3.312016401498267260e-01 1.308148941619711736e-01 5.128956978138143885e-01 4.657034221311296407e-01 8.319159329183892226e-02 2.504145558960459428e-01 6.242810351788424805e-01 3.997166379458622631e-01 3.066724149084909534e-01 5.334665076519750082e-01 5.199388118724895813e-01 5.586174965171997187e-01 3.819016989592701750e-01 -4.001482477867758791e-01 -4.319103171699154031e-01 4.245397767614266793e-01 -1.255265217515299514e-01 4.138484118734243877e-02 5.782979009752493571e-01 -1.075126512127491107e-01 3.520303990975421349e-01 2.614093013033513269e-01 2.897866604335820884e-01 2.724339539212475847e-01 2.720383636264775418e-01 -3.522396899022594563e-01 7.674426496316906487e-02 1.351771027488860855e-01 2.101088250253736189e-01 4.519673634426431552e-01 6.534765887130797313e-02 1.888490308990132815e-01 2.974308288808403811e-01 4.523934403614275346e-01 3.916419950739944977e-01
-3.521362550784232770e-01 9.190073912391254207e-02 -2.382434629666254147e-03 1.550511045098868501e-01 2.171002337794286641e-01 1.098683549374939866e-01 -1.073347969505684535e-01 1.520722945135934423e-01 -7.868884023202250833e-02 -2.463384367499198147e-01 3.484966619127020659e-01 2.938753782432867445e-01 5.146945136688527711e-01 1.000000000000000000e+00 7.762019729686220337e-01 -2.562970612925205560e-01 4.724933914820049763e-01 2.910957907896065122e-01 6.827930906797193833e-01 8.102533122033392377e-02 5.506618355025134637e-01 3.696083575061382409e-01 7.312924003823669805e-01 2.301095310350236567e-01 -1.300996881475720846e-01 2.184377930240180288e-01 3.977558986707891986e-01 5.381968914316490604e-01 4.242693335611040784e-01 6.177596825799808178e-01 -4.385511037368183263e-01 -5.890718316784772368e-02 -2.079220240940146958e-01 2.107376113270616469e-01 3.909678534666007899e-01 -8.445041905045733155e-02 8.080756976488166765e-02 -2.979800226156015253e-01 -4.303734545627154601e-02 -2.082078521128401805e-01 -7.039610163166366841e-02 -2.364949696820192737e-01 -1.250760463174478421e-01 1.681621684276889128e-02 -2.849097027022935991e-01 5.162341788283328903e-01 5.606202151299897185e-01 6.192785111022092170e-01 9.073975429673686310e-02 3.346682825099699804e-02 -2.515782405965241164e-01 -1.570727673808660352e-01 -1.707748838600518793e-01 6.524793803853620733e-02 4.033021811306907595e-02 3.185651411140046074e-02 1.463634466160946834e-01 1.501240164434596014e-01 -3.129872668345294595e-02 3.814298464165173375e-01 4.163556525810196418e-01 6.293428854789786531e-01 7.449575803162789001e-01 6.719258924103207464e-01 7.717044190499383616e-01 7.399832313212679757e-01 -2.162372212192070209e-01 6.137336487558557874e-01 5.214719170589122710e-01 9.207276125104463249e-02 5.450787107565204792e-01 6.212918042221474701e-01 7.441726323401938181e-01 1.134376361111223142e-01 3.482649748207332641e-01 1.956156609661129919e-01 5.742126677846720595e-01 7.059514149779124725e-01 -4.436184540332808179e-01 -1.747817078718350847e-01 3.402630572004938792e-01 -3.500541914078152961e-01 -2.530609104877510895e-01 4.516058451276774299e-01 -7.556508570508796430e-02 5.105083779215704443e-01 2.520429598523051262e-01 4.269795976027053741e-01 2.226753217993361275e-02 -1.287617226596191045e-01 -2.812058603062524975e-01 -3.386004551606903723e-01 -7.266596356725506245e-02 -9.257413200075215176e-02 -2.078433110987510518e-02 -2.090056815558734640e-02 4.763201576998831177e-01 5.816113085560500329e-01 1.252953340863056653e-01 4.838467745220275534e-02
-4.560953924079318433e-01 -8.468258915275680976e-02 -1.762780398715441121e-01 1.411494621038583697e-01 1.192292159688023018e-01 -5.687285649549246244e-03 -2.207849941500681923e-01 -5.092362808107483985e-02 -2.690135012003564419e-01 -3.112775607109512510e-01 2.075705894552573039e-01 2.178858884141724184e-01 3.980911222151626294e-01 7.762019729686220337e-01 1.000000000000000000e+00 -3.512171359160115580e-01 3.219243726819299156e-01 2.298702238490939465e-01 4.211165056200000811e-01 2.077126228689216147e-01 5.196964506696080122e-01 1.956857644853009781e-01 7.479119146485030400e-01 2.130100250749591140e-01 -2.065759092578249578e-01 1.681502787109018238e-01 4.192698930724433892e-01 6.568044002253174973e-01 4.478365229476136133e-01 7.514844135073716069e-01 -4.312560858511824136e-01 -1.988907935188612836e-02 -1.819625796812574248e-01 1.253155816969272196e-01 3.084644315161023109e-01 -8.123748872234731744e-02 7.671521971924996630e-02 -3.008504468475080018e-01 2.474978552218329991e-02 -2.002439624423993925e-01 -8.778403654440146420e-02 -3.382925964917007922e-01 -1.966627016100571945e-01 1.704166576760986554e-02 -4.045565352970076356e-01 5.890937280239950669e-01 5.587691068101311442e-01 6.917269393404302802e-01 -1.093254451580729855e-02 -4.406224509667324568e-02 -3.540834221103780766e-01 -3.653091928763351759e-01 -2.840149920771431469e-01 6.496435729916733015e-02 -9.379085903172866556e-02 -1.471124292650722587e-01 -5.289283756775622902e-02 -8.174828697996676385e-03 -6.592141185551718408e-02 2.411444178499561608e-01 3.052456637207164314e-01 5.549868694701041161e-01 7.772507338981962111e-01 6.213899584081935545e-01 8.014604632145722052e-01 9.033513185716909311e-01 -2.678281453624782871e-01 5.702292407444693456e-01 5.724436280365224894e-01 1.373916492872620521e-01 6.905706656822860889e-01 5.304124405863589464e-01 7.675490523930099673e-01 5.954531758228251426e-02 3.138911548378536809e-01 1.001645511602443223e-01 6.456824967622512013e-01 8.055140354864470664e-01 -3.749251965862151481e-01 -1.104705176628081043e-01 4.517178326444279968e-01 -2.983694968379583257e-01 -3.411337760643820549e-01 3.783882840895167465e-01 -1.072230456642012525e-01 5.548624439940103015e-01 2.636475775395953902e-01 4.655886186804960580e-01 3.152427654761957160e-02 -1.511877918177640390e-01 -2.429671629611747929e-01 -4.444465580933624760e-01 -9.916460793840316257e-02 -1.697872976738988293e-01 -8.697077516173834510e-02 5.917288921320026929e-03 5.328203869243702817e-01 6.841912949696976609e-01 6.597428234081334497e-02 -1.701434850908878230e-03
