1.000000000000000000e+00 6.245402530547757014e-02 1.214849074042583105e-01 3.273364337573136940e-02 1.436368811284918223e-01 4.203201909902181538e-03 1.488492904436639619e-01 1.207019233477328937e-02 -1.658241421352639119e-02 -1.458142244951546596e-01 -4.608525104923991145e-02 9.921513107109994345e-02 -5.155129843815365459e-02 -1.572061307280330222e-01 -2.140617757147904310e-01 1.909105562582266991e-01 1.346542517145638274e-01 6.822082033559094538e-02 -1.822263662412964419e-02 5.985229201116338410e-02 1.308403429477730459e-02 2.170013866214069442e-01 -6.892331129316525695e-02 1.532182305705094283e-01 -9.047675913765118594e-02 1.709223505596471904e-01 -1.229366692143179507e-01 -1.866630971384415638e-01 9.593046492171146411e-02 -2.381910933726284485e-01 -7.152889685052746249e-02 1.214115962952922179e-01 -5.763392212909717455e-02 5.107329620576885054e-02 7.433170555413613767e-02 8.267847186746643540e-02 1.255405961086216160e-01 -1.775895072645063966e-01 -1.091542296639345100e-01 4.196532353071813493e-02 -5.535587468785926890e-02 -1.120544943655263637e-01 -9.495608960945610411e-03 -1.354721177398864607e-01 -9.941405915203012367e-02 -1.944087000610273952e-01 -1.142683359895992762e-01 -1.076098951916767549e-01 4.993976857844067974e-02 4.113908963629348513e-03 3.788597069311287480e-01 7.778044074961476539e-02 3.365312779362134021e-02 4.822094604225190401e-02 8.778360459958017836e-02 -1.866209989793370452e-02 8.802302684721377557e-02 -1.503631202523484159e-02 -3.145099803578434161e-02 2.206797405832806869e-01 8.531440239535946490e-02 -3.494162514898158794e-02 -1.307963030135980143e-01 -2.513341991043011037e-01 -1.426411886418515740e-01 -2.319492218205341516e-01 2.079295287921438806e-01 -7.009704073699447868e-02 -3.744869610398611492e-02 -3.268511673432951403e-02 -4.206407027026655421e-02 1.335245398652128712e-01 -1.069494395245865481e-01 1.935111564479416180e-01 1.196475101842141286e-01 1.737815542355992948e-01 7.067245141659355030e-03 -2.344464663323021503e-01 1.969335907888643614e-02 2.411758742142679907e-02 7.010047945907010858e-02 -4.854836725587693275e-02 -1.390030502326582151e-01 6.692700017859777584e-02 -1.723618905253345990e-01 -2.219063499591723554e-01 5.961491815747171213e-02 -1.545460350854001852e-01 1.024489896325864180e-01 3.638043889365784322e-02 -1.315616006216430711e-01 -3.645678045617085083e-01 -1.896289778201826204e-01 1.004106345105696269e-01 8.316291158530084160e-02 -1.901610442950239788e-01 -2.142067522419568160e-01 -2.193756525103563448e-01 1.516068566361598313e-01 1.452559226318693442e-02
6.245402530547757014e-02 1.000000000000000000e+00 3.746783859638599390e-01 2.197136297444503839e-01 4.525681055908837291e-01 4.217539456159809519e-01 3.802944111043525810e-01 5.525944866971733704e-01 3.789383285426653480e-01 -2.971051588542068800e-02 -1.025249732372915668e-01 -1.386425444917505911e-01 -1.229204500409186163e-01 -7.781041121095639418e-03 -4.629558632844948951e-02 4.776457299678374957e-01 1.202213274814956379e-01 3.856268299678959344e-01 1.329597920071284300e-01 1.428439437834118919e-01 8.728467611560380979e-02 1.358615046513864111e-01 7.488885616225490760e-02 -3.547412569125267534e-02 4.731579513536176423e-02 -1.339220659751344245e-01 -5.977489723624501705e-02 -1.676615389929136113e-01 5.925754891749732134e-02 -1.462756224408145733e-01 5.801474898900268323e-02 1.297120228208782297e-03 2.081142880347491009e-01 2.708896656004526338e-01 7.648843640219668560e-02 8.297025637532843764e-03 -9.951737457897872827e-03 9.439603820973464787e-02 4.596480657228933092e-02 1.649069320510812911e-02 1.360131945763475014e-01 -4.562623504434171889e-02 5.306661064663797944e-02 -6.804555087020131010e-02 -1.021120631993166277e-03 -1.498203478524093302e-01 9.054838042838932177e-02 5.039038114622596681e-02 1.254639621210767997e-01 8.648843903148148438e-02 2.400184788252381907e-01 6.646060671854336910e-01 3.555979907670827611e-01 3.368345017007253750e-01 5.038305373829148337e-01 3.536319086290253266e-01 4.629567056962146099e-01 4.379111345810872136e-01 5.352043698314801201e-02 -1.125864438538047713e-01 -1.513655945584056473e-01 -1.284711050724660908e-01 7.377885831117178550e-02 -2.629302192497924226e-02 1.029857933639675843e-01 1.170521875160729711e-02 1.041254065884263391e-01 -5.249922634953841857e-03 2.373806877469680776e-01 3.047027165366238410e-01 1.085646679445424478e-01 9.126599101071412867e-02 7.271278652773574547e-02 4.993427335166391451e-02 -7.450453375576546189e-02 -7.711167308935372444e-02 1.057292795337894803e-01 -9.054536493070221292e-02 1.392014729803847661e-01 -1.929340349414711622e-02 1.743017112879827191e-01 8.598441857309832570e-02 9.257357658205393747e-02 9.396135027651478233e-02 -7.180358112732303233e-02 5.017528260272976354e-02 1.157178903391371527e-01 -1.733203983803547066e-01 4.567232350545386704e-02 7.766217215566030910e-03 2.118247667698995862e-01 1.312875401831088973e-01 6.629208298262429661e-03 -4.465523859913936300e-02 1.309819732811143625e-02 -3.276981153396765767e-02 -9.407664233802781606e-02 -4.451847252381330167e-02 7.712011677988211966e-02 -3.365201652622272499e-02
1.214849074042583105e-01 3.746783859638599390e-01 1.000000000000000000e+00 -3.217388127577453516e-01 6.769603969502203944e-02 6.992940005975800677e-01 1.325578264620221880e-01 4.108441829876510742e-01 5.320616249427563282e-01 9.298846493417295411e-02 -1.604073924198223464e-02 -1.418387498017041962e-02 2.742185242407710333e-01 1.741945253823984907e-01 1.407689501049688707e-01 1.493749278376905743e-01 2.896477116952423936e-01 3.788258296624962274e-01 1.141187838912547242e-01 1.894011981569224956e-01 1.918550061617828317e-01 2.036791803304463799e-01 1.820929963369262439e-01 6.264332623500878938e-02 -2.451286428502205076e-03 1.114130810153077800e-01 1.894393456612628313e-01 1.983658257587650187e-01 2.865086052962674823e-01 5.852781347139773827e-02 -1.485726582639159410e-01 -2.613834916656077589e-01 -2.932303827868867896e-01 1.220708356565151226e-01 1.989847068917412198e-01 6.654202805703458845e-02 1.573785377037469069e-01 -1.435256386476650159e-01 1.365819267522636327e-01 1.523358465002307427e-01 2.012736377912468372e-02 5.352688303739910371e-03 -1.669565871560914003e-02 -8.297511943762733710e-02 -9.231697650377529429e-02 6.798366924673739098e-02 9.278096461114193616e-02 -2.278312336849502850e-02 3.591343580853912920e-01 9.039496941690856879e-02 -1.383438635037939624e-02 3.270880798943926471e-01 4.464733718751834335e-02 -1.812452293513913959e-01 5.681761266259981458e-01 6.693668446990479470e-01 3.742166930601486530e-01 5.028784459228727854e-01 1.941371190813238889e-01 7.366143922358209251e-02 -1.143087040117726425e-02 2.966045525647136860e-01 4.712763957848719043e-01 1.749150300446501993e-01 2.292171637422935893e-01 1.712395290386046487e-01 1.085283118811414954e-01 3.657532854715103143e-01 3.128278320636606047e-01 2.967510263431387130e-01 2.542492634970152099e-01 3.150125979736074222e-01 2.550119484953987103e-01 7.084817887327524155e-02 1.592645448145127984e-01 1.278266506024412254e-02 3.934364727020606134e-01 2.858477242071160718e-01 -8.862626660683174673e-02 -2.496994840675794969e-01 3.577942332923942370e-01 8.432038436136735093e-02 9.744141623690030785e-02 2.673289738531542392e-01 1.612343722961701864e-01 1.406208615490338043e-01 1.627928538641008893e-01 1.480970644314505424e-01 1.370028001422589903e-01 1.824743318059866004e-01 -1.752401283502335594e-01 1.153724983784805841e-01 5.748789900754184418e-02 -7.432533933840483956e-03 1.315231903434270141e-03 -1.229409674254165405e-02 1.400020627542144513e-01 8.462153168657389479e-02 2.816591735650391115e-01 4.059511483960934197e-02
3.273364337573136940e-02 2.197136297444503839e-01 -3.217388127577453516e-01 1.000000000000000000e+00 6.167266406804478018e-01 -1.869660097679548272e-01 2.072258968209580166e-01 1.743044518853307800e-01 -6.396678692124538324e-02 -2.789291446869217039e-01 -1.740136364019193027e-01 -2.265463933877472358e-01 -2.598079053668551630e-01 -1.004473474154267548e-01 -3.220447589168256436e-02 2.776632023058100973e-01 -1.793327860647838667e-01 -5.948617032808398153e-03 -1.418077153612332941e-01 6.588833217975596790e-02 -1.047121331423042688e-03 -2.119206374187503350e-01 -8.640511707619887016e-02 -1.018167969108958182e-01 -1.079840466975239971e-01 -2.947314258891133298e-01 -3.208693784310986952e-01 -2.725248679018746900e-01 -1.223605952251125978e-01 -7.720740485103053108e-02 1.780667039383390937e-01 5.252868645739373621e-01 5.324484990068570900e-01 5.521433858843092374e-02 -2.122792085765342895e-01 1.316096561400698257e-02 -5.822643295380817291e-02 4.132761153899877082e-01 -9.982471717358318286e-02 -2.287773237662526493e-01 7.914914853283952501e-02 -1.253154058127370352e-01 -1.458039692729315717e-01 -4.125603873950797751e-02 6.449820014161621040e-02 -2.318904512320194011e-01 -9.989589319546461621e-02 -2.762766213855149741e-02 -2.018925661324424414e-01 6.708567368930125341e-02 2.497229941800465369e-01 4.554893781777729633e-01 3.499683006155117626e-01 7.816052514250018124e-01 5.740417777435641994e-02 -2.357618564492270363e-01 1.912295092075048109e-01 4.797308915945329433e-02 -3.124686652713512536e-01 -2.264401597270278566e-01 -3.045413020561091866e-01 -2.781716936285066888e-01 -2.060872245114744039e-01 -7.593340430115820550e-02 -1.013216612089247936e-03 -3.661412903872320046e-02 1.505011944806404212e-01 -2.766093553503949365e-01 -1.228809679767569329e-01 -7.227860280751120803e-02 -1.461725908178607668e-02 -2.505891227850299829e-01 -1.034314947622571174e-01 1.724543601848780444e-02 -2.373860631845742253e-01 -2.401218435192574163e-01 -1.545498932539319248e-01 -2.442040001343985800e-01 1.641835482884014541e-01 4.740505636249294219e-01 -1.239659124041456173e-01 -1.332731965470216606e-01 -2.436370358678057180e-01 -2.896896901452816753e-01 -3.183864303118517092e-01 -1.724186591014206793e-01 -2.944610616787731935e-02 -3.438958070130930800e-01 -1.714765443053006821e-02 -3.695549952041649738e-02 3.841736301143469645e-01 -4.496683043447181893e-02 -1.230288811405577803e-01 -1.050703803932415137e-01 -2.022592685784679600e-01 -1.757734460515982533e-01 -2.657612735689030004e-01 -1.765834756749585233e-01 -1.608954157078670566e-01 -2.366182002639725251e-02
1.436368811284918223e-01 4.525681055908837291e-01 6.769603969502203944e-02 6.167266406804478018e-01 1.000000000000000000e+00 2.888516627768897838e-01 3.447605347384118391e-01 5.425174414396265465e-01 3.476200570940957135e-01 -8.413287182641067397e-02 -5.768044626941493114e-02 -1.768571216721442629e-01 -1.478579151848913031e-01 6.064036997232454679e-02 -6.398959037826468244e-02 3.228514316114373672e-01 1.073044789339891586e-01 2.394534628469077997e-01 -8.916412840850228283e-02 2.783375636202815584e-01 1.773004173059029576e-01 -9.772875717897971937e-02 8.979884125317308396e-02 1.296809666392559346e-01 6.788345960700196968e-02 -9.168964344049929105e-02 -1.925733341326303083e-01 -2.159176964711278790e-01 1.950836070035004144e-01 -9.145271835267748672e-02 -2.603516234885555961e-02 2.454163737760436670e-01 2.649427784438891376e-01 2.390894590549794141e-01 -7.607548325055597804e-02 1.651429109402046957e-01 1.460127939190489499e-01 2.827755710424789681e-01 -6.515070145974796723e-02 1.841181512295655270e-02 9.406396943995136428e-02 -7.441335091729370244e-02 -1.797481161584539300e-01 -1.365849573416805518e-01 -2.101701133071694899e-02 -3.053716313064467336e-01 -8.589363637234125048e-02 -2.887907382618183638e-02 -5.480337210805652504e-02 1.011209230080973992e-01 2.242356312254098760e-01 6.653843305327237223e-01 2.913359754026731419e-01 7.238824405612896973e-01 5.278070621804678009e-01 1.469378994993403853e-01 3.654906757617943369e-01 4.125621300256138158e-01 -1.048626695574583628e-01 -1.813847948125727749e-01 -2.172688487736865459e-01 -1.830802226149137457e-01 -9.335965025390179084e-02 -1.393515939987062247e-01 3.021578780877156797e-02 -9.276640941056123191e-02 2.828301049215559138e-01 -1.644183523859392981e-01 5.964070357885598028e-02 1.284689389477270682e-01 1.455665020496934581e-01 1.159378055829096005e-02 9.072162481459210281e-02 2.580828033123435672e-01 -4.402149730235988684e-02 -2.561182760332265246e-02 1.096221189893467618e-01 -1.237802667235699122e-01 -4.463658185847955290e-02 1.272447734009445885e-01 1.691534250231409575e-01 -1.619307281271946050e-02 -2.584483634869654822e-01 -1.578137378772240806e-01 -1.721336678760100602e-01 -9.499345743580098200e-02 1.724796983873729261e-01 -2.636141663146237546e-01 2.087762556180109419e-01 6.327178543501403574e-02 1.782291926921710790e-01 -2.385465583006778773e-02 -9.479720842420926927e-03 -1.777994880418060364e-01 -7.421096324033341074e-02 -1.838471294243362308e-01 -2.470327391413389695e-01 -1.303107640870038442e-01 1.430762446253718012e-02 -1.310473091609696411e-02
4.203201909902181538e-03 4.217539456159809519e-01 6.992940005975800677e-01 -1.869660097679548272e-01 2.888516627768897838e-01 1.000000000000000000e+00 3.718110718171452334e-01 6.246085272754359208e-01 7.445203161176036089e-01 2.342318851328288043e-01 8.014483312456828490e-02 -3.106970176298452097e-03 1.891826900696634006e-01 2.705956087308107327e-01 1.246837756154325627e-01 2.828637486053801608e-01 4.023027865397803549e-01 4.934438573293815633e-01 1.840204267223564394e-01 3.423201974239012957e-01 3.119278241341804092e-01 1.334110956448705809e-01 2.769148649167447740e-01 2.184731174469058124e-01 2.167657390413627871e-01 1.326439655737357282e-01 1.795630552310537864e-01 1.793407444589074362e-01 4.461428660161316784e-01 5.899864307966953825e-02 -1.390543930682142937e-01 -1.463982136410642010e-01 -1.119183235387915809e-01 2.396357741328492830e-01 1.610139048161395581e-01 2.228643422129978902e-01 1.945357227109140164e-01 5.630928395266035502e-03 1.166250890530143650e-02 1.695238405877898813e-01 2.533552968786928830e-03 1.284784294738646748e-01 -1.257856316096232219e-01 -8.155975729979036970e-02 -6.855041469075830174e-02 -7.751592665556596151e-02 -1.735806570393333588e-03 -5.282569694740652140e-03 4.068319459697878893e-01 1.056634170391767963e-01 1.204351996713990125e-01 4.676491766664977456e-01 1.599340563269313620e-01 -5.830224588841392136e-02 7.561900144930924217e-01 8.381928708400808725e-01 4.917856182811716215e-01 6.638170025102373417e-01 2.737511718463718768e-01 7.456608936600983562e-02 -2.495482621549487828e-02 1.533700508398769813e-01 3.699413742150239881e-01 8.293402330729904293e-02 1.591213533754022580e-01 1.363678734104761259e-01 1.903090821544559108e-01 2.720058639259388400e-01 3.380481200608503878e-01 3.882974719517718332e-01 3.300278203704069546e-01 3.146351014557037251e-01 3.076757102914806086e-01 1.750896768405249271e-01 2.156375791594476732e-01 1.603804951500485687e-01 5.030549696970192386e-01 2.947874004720281715e-01 -3.787714593087274789e-02 -1.638350606702336232e-01 3.954653347488711335e-01 6.768554532430429149e-02 -2.375481417037502221e-02 1.596239196833851015e-01 1.737924661169115426e-01 6.693989080049045359e-02 2.508421988976206607e-01 1.087279688912360931e-01 3.045657316089285804e-01 7.988191245274300911e-02 -9.569338203414889943e-02 2.447355580577951495e-01 6.308662907611693738e-02 6.540207046617646514e-02 2.379740815397817996e-02 -2.073594160559597693e-02 3.805024563227863560e-02 6.097027689039314496e-02 3.542423829168707128e-01 2.193446944736057030e-02
1.488492904436639619e-01 3.802944111043525810e-01 1.325578264620221880e-01 2.072258968209580166e-01 3.447605347384118391e-01 3.718110718171452334e-01 1.000000000000000000e+00 5.627996961866963410e-01 3.764756780950322956e-01 1.084589973924729028e-01 2.124708665896746923e-02 -2.113518788476533017e-01 -1.825593210992704496e-01 1.021688722084474338e-01 -6.038804486293861823e-02 6.183453179495135288e-01 2.305930376743546839e-01 5.181851787553832800e-01 1.953070164786983032e-01 2.835512700172170830e-01 1.963594528654234450e-01 1.932312783115500976e-01 1.136803025063194833e-01 9.407107328680423819e-02 8.229190880900658089e-02 -1.103404127009681018e-01 -2.130068560477301268e-02 -1.348837031465121572e-01 1.381581300205575180e-01 -2.003652616989258228e-01 1.634500893320132431e-01 1.390348360540469008e-01 3.550952991552398519e-01 3.534831899676473266e-01 1.951204648942944930e-01 6.836340600043934457e-02 5.636908903123525119e-03 2.806747874204050253e-01 7.809111313279755440e-02 1.181532772532015163e-01 3.049709314902304125e-01 2.607068432754374929e-02 2.375750328439614478e-02 1.234529937348150253e-01 1.366243792589217076e-01 -1.307590072181043506e-01 6.773329204464190179e-02 1.469555972596462978e-01 1.923020652541846953e-01 2.659450740758961818e-01 3.654033954975698384e-01 4.505685762949441231e-01 4.624920538361791955e-01 2.270541111924987976e-01 4.173280599972873373e-01 2.525957890034793429e-01 5.674179523772633349e-01 3.512435719627871045e-01 1.568205012224491990e-01 -3.404846972797408861e-02 -2.005235972799392641e-01 -2.445220728997943294e-01 -8.147305211823933913e-02 -9.187061191349273070e-02 -2.797271252696617930e-02 -4.816781962409963369e-02 5.051878953083834833e-01 -4.778303601498615216e-02 1.581473005149260647e-01 2.930936516385871382e-01 1.206664269073827594e-01 1.043648103721552811e-01 5.799028755862176143e-02 1.879182076465938100e-01 2.664618680957568219e-03 -5.250054689550216758e-02 1.460277260178296788e-01 -1.594014411451624147e-01 1.448551013298762236e-01 1.477365747690048137e-01 8.457960758652750821e-02 4.662303782795784030e-02 -3.533525078390394036e-02 3.016508617677372828e-02 -1.233520142266730790e-01 -7.776726271958769865e-02 7.966280615542654930e-02 -2.198095732121033707e-01 1.110362887975737400e-01 -6.297057210578820008e-02 2.901366323861400143e-01 7.845631148823301038e-02 -6.387508989760547901e-03 -1.965921560749789992e-02 -1.117754938625572653e-01 2.890294017313711078e-02 -1.302839797187909376e-01 1.644644559606189133e-02 1.260253359240018356e-01 8.423111815042087780e-02
1.207019233477328937e-02 5.525944866971733704e-01 4.108441829876510742e-01 1.743044518853307800e-01 5.425174414396265465e-01 6.246085272754359208e-01 5.627996961866963410e-01 1.000000000000000000e+00 7.690492631896964637e-01 4.392750490031620270e-02 2.875544358133350423e-02 -2.304259894065970871e-01 -4.571169644342235050e-02 2.088685798761886758e-01 8.002889827392896394e-02 3.109723340558986915e-01 2.090205626242624959e-01 6.257016893428118953e-01 7.231563473350674509e-02 2.632406866212161356e-01 2.266949284909726692e-01 -9.962990890728397851e-04 1.810220511231456497e-01 -3.414645646812810437e-02 7.641863046711495390e-03 -1.872205076326686202e-01 -6.359844082849604174e-02 -1.597939523712181009e-01 1.770770433573972957e-01 -6.418193118225068439e-02 2.117873002717722900e-03 1.058886942691694352e-02 1.310233319660168427e-01 3.075199295265246269e-01 -1.377615867912300798e-02 1.337177012928973396e-01 1.096627962232679526e-01 1.399927304356759217e-01 4.220094191915969850e-02 4.458623990877800397e-02 2.195597697267596959e-01 -5.690259762096400858e-02 -1.503221417801478832e-01 -3.133955031566194004e-03 -1.811812159600689753e-02 -1.031398749580276220e-01 1.333572526031457373e-01 1.118527094847365094e-01 1.637130250322220149e-01 1.217796089473719839e-01 1.329750302156775810e-01 6.411468514424082388e-01 3.383383953791724852e-01 2.844029502009732258e-01 7.180021385963727409e-01 5.248352896255130684e-01 7.191225603552778844e-01 8.061495193039588392e-01 4.417158980378955296e-02 -1.211555667267767561e-01 -2.279730227498739381e-01 -1.067770844948906367e-01 1.806767886224630026e-01 7.185051543392288742e-02 1.907351095501473859e-01 1.227620693766851984e-01 2.619337406631742637e-01 -4.742809313712520979e-03 2.180330912293191592e-01 4.358421086825654545e-01 2.176698512828642296e-01 1.055350790790483412e-01 2.392306287237971063e-01 6.427460874417863235e-02 -7.746826911955667638e-02 -1.365235721160514282e-01 2.652320236258743358e-01 1.295110148082821884e-02 -3.784458300538338232e-02 -8.902043664990770891e-04 1.842676217753030365e-01 8.856691657709193921e-02 -7.847367937755435341e-02 -6.276840833215184545e-02 -6.058857258102012117e-02 9.233222322394381287e-02 1.655549900411923681e-01 -2.074985134067076353e-01 1.603514405740986415e-01 4.885704519889693537e-02 1.992484819202235136e-01 2.051610387023265064e-02 -1.892594156988978288e-02 -1.542465510911562310e-01 -1.538816779409846736e-01 -4.844211556494111559e-02 -2.696466973190052296e-02 6.193526877529356017e-02 1.000818277254295202e-01 -1.599295997820905646e-02
-1.658241421352639119e-02 3.789383285426653480e-01 5.320616249427563282e-01 -6.396678692124538324e-02 3.476200570940957135e-01 7.445203161176036089e-01 3.764756780950322956e-01 7.690492631896964637e-01 1.000000000000000000e+00 1.074685793486054169e-01 1.330035906017713043e-01 -8.835728526112691938e-02 8.586986629578814700e-02 2.953958013848610453e-01 1.353477123900455326e-01 1.471546770215775846e-01 2.771989142285976038e-01 5.366155966234835706e-01 5.014699384422238032e-02 3.034518714297792519e-01 2.963642914384516103e-01 9.178386763423444436e-03 2.370343182731305398e-01 8.749102542518286119e-02 2.985219325350885883e-02 -9.429361628850571261e-03 4.357306086326669103e-02 -2.495797243970891699e-02 2.977345377366518719e-01 4.244676044194414105e-02 -9.685975396716145491e-02 -1.267966694485711532e-01 -6.019349126559354196e-02 2.519209286463230946e-01 4.506856178458534118e-02 2.568301604667578841e-01 1.849499200638958230e-01 5.678499141434534270e-03 3.834331999587795026e-02 1.191379667417702543e-01 1.260711894216216544e-01 -5.376231035086396354e-02 -1.655839358098504521e-01 -5.347195331926984929e-02 -4.003658270616562015e-02 -3.215855769165094913e-02 1.164616916479346009e-01 5.439313196950697898e-02 2.092917590633693592e-01 5.958850849816424433e-02 7.655969448819105461e-03 4.566318325126290101e-01 2.461063684707017196e-01 1.014447714205058415e-01 7.130246656344048084e-01 7.450358839554065415e-01 6.249696172166232522e-01 8.499401950390146343e-01 1.155079273940180645e-01 -1.201679099553816694e-02 -1.076028349672844414e-01 5.608004492600806440e-02 3.616141980636393138e-01 1.501079768542125659e-01 2.479442011064978690e-01 1.888715404542782583e-01 2.585719652657438861e-01 1.215342090656111457e-01 2.802539415211169893e-01 4.073696226806881593e-01 3.076554510091299433e-01 1.912456153133122172e-01 3.266073222905468421e-01 1.296278575278047573e-01 9.195613989972459268e-02 -4.579587388044470408e-02 3.866245304926890225e-01 1.823319151529493032e-01 -1.102914010892115798e-01 -1.107570667581844748e-01 3.345295688146467938e-01 1.541278564987819122e-01 -1.701537278023855168e-02 4.141783437414799096e-02 9.622634782474230597e-02 1.437495714886872222e-01 2.075076953125398471e-01 -1.982774133307090361e-02 2.607677859546769783e-01 1.626837597944623126e-01 4.847243341824384461e-02 3.114879236678462504e-03 2.267158577879968204e-02 -1.679904966060024873e-01 -1.118547655337487345e-01 -4.258494812145171421e-02 7.771645522340091261e-02 7.569029344310010399e-02 2.044642016805265083e-01 -3.443558823085053622e-02
-1.458142244951546596e-01 -2.971051588542068800e-02 9.298846493417295411e-02 -2.789291446869217039e-01 -8.413287182641067397e-02 2.342318851328288043e-01 1.084589973924729028e-01 4.392750490031620270e-02 1.074685793486054169e-01 1.000000000000000000e+00 5.957717026329821808e-01 4.431427295925065013e-01 2.902076494550695496e-01 2.938623599497483529e-01 1.574537354995867444e-01 1.880207431841836654e-02 2.414714049738508617e-01 2.160092042515823416e-02 1.665534620614385064e-01 1.134966861524765308e-01 1.879136330713417624e-01 1.664806823627900945e-01 2.645917260902962975e-01 2.989218648171758086e-01 7.252616949168193550e-01 2.515172404889057245e-01 2.218296243024394931e-01 3.268227446246513845e-01 2.160616558062839476e-01 2.742729551228901275e-01 2.310975420226972776e-01 7.855695326384870558e-02 -1.718429473490382942e-01 1.066937644792887718e-01 3.245509923214229819e-01 -5.857797885164892082e-02 1.300418076562123715e-01 2.693407035936246641e-01 1.653162203090834670e-01 4.013134083369129801e-01 -2.878554964853872761e-03 5.888008382498362003e-01 3.118057484546362113e-01 2.870168550850943356e-01 6.720971201350604829e-02 7.213535295648523804e-02 -3.730958397130721554e-02 1.016359513569274481e-01 1.544887839189289236e-01 -3.270673827773384196e-02 2.507373956159193729e-02 -7.483057573206612634e-02 -6.144563196671889299e-03 -2.810709537600394881e-01 7.995973382696354437e-02 2.302494370796589196e-01 -1.485147854857340848e-02 -2.034097715834541631e-02 7.656369804900557963e-01 4.143391402765913556e-01 2.839620770866304045e-01 2.617386644824123421e-01 1.843935269817125744e-01 1.439955226568239710e-01 1.104294420723975351e-01 1.397339729551527743e-01 4.268943496462835469e-02 2.838756703579683460e-01 1.843716695373131820e-01 -3.195562421899651034e-02 1.757154079954368620e-01 3.085223891609041869e-01 2.137277825674740728e-01 3.143384659208657839e-01 3.075646687024552461e-01 6.173641893309267381e-01 1.786210173099887777e-01 3.982286559837207029e-01 1.632491182307709565e-01 -4.490847415774068345e-04 2.199501652352892911e-01 -8.990332933067080035e-02 1.184070152046308583e-01 2.703794432005269255e-01 1.787897831222191036e-01 1.130276679243032850e-01 1.749835296492341097e-01 3.580488162436692434e-01 4.524400439464707629e-02 8.114671882742367781e-02 -3.497362575401164603e-02 5.408056271177115182e-01 4.271832241765400329e-01 3.916888012829204402e-01 4.677710645878360163e-01 2.610863696580786875e-01 1.758479212000741976e-01 1.211010119381291938e-01 1.328278593921841111e-01 2.378126262120305520e-02
-4.608525104923991145e-02 -1.025249732372915668e-01 -1.604073924198223464e-02 -1.740136364019193027e-01 -5.768044626941493114e-02 8.014483312456828490e-02 2.124708665896746923e-02 2.875544358133350423e-02 1.330035906017713043e-01 5.957717026329821808e-01 1.000000000000000000e+00 5.514562662246447200e-01 2.481316973602087639e-01 2.844920727852374154e-01 2.210636774130758653e-01 -1.272508825602259308e-01 1.971769468508653700e-01 6.856864360152088722e-02 8.648616857359411880e-02 1.870265185579366995e-01 2.522889294855823472e-01 -3.118458083078100990e-02 2.444044991779288911e-01 3.415370752499050644e-01 4.092656996889408871e-01 3.462415117395533093e-01 2.044130398875698348e-02 7.854405962819471787e-02 1.094923921571418352e-01 3.487337028040709552e-01 1.535011296219443988e-01 9.519703691742549545e-03 -2.126357539341421354e-01 4.526029634037936900e-02 1.070314499835580552e-01 1.757668220313427787e-01 1.962388981086433393e-01 9.335861364226637205e-02 3.941498526872468100e-02 2.207835733856834959e-01 -5.687937582196397196e-02 2.743995955299423639e-01 1.830758773394012551e-01 2.316071414471696788e-01 3.147950772083982912e-02 1.972608652251957653e-02 -6.952562181032706512e-02 5.142259129043663668e-02 6.193308630282674115e-02 -1.368308752397063843e-01 -2.416528492939455652e-02 -5.391365779969260752e-02 6.393284951771190106e-02 -1.287396345505498196e-01 9.731950557776992972e-02 1.560563323279887393e-01 1.322954379866389703e-02 7.456167201001512312e-02 3.691300904070593525e-01 5.328756555752962587e-01 4.333530401239666374e-01 2.990090128452441709e-01 1.383465830380843087e-01 1.576671922054237451e-01 2.121801065398163100e-01 1.834795604002837921e-01 7.679481546150199178e-02 2.650930484133164344e-01 6.418565609316792542e-02 1.894402447925193703e-02 2.245338459377084761e-01 2.130615617772325110e-01 2.583266953356916917e-01 2.199927731926640262e-01 4.270085239903936292e-01 4.972742815309746378e-01 1.060312678340546017e-01 3.082426927418745466e-01 -1.043280632630166210e-01 -1.885739968866149627e-03 8.194401666991076028e-02 -1.570304516831558805e-01 -6.195630019222743423e-02 1.111778994312207364e-01 7.225158632792118285e-02 -1.149689727253868157e-02 1.188814626736202917e-01 1.642745110282943510e-01 1.088292851491758778e-01 4.961126670703847746e-02 -1.466311123225964852e-01 8.456960148462625004e-02 1.603293806300164770e-01 1.089608207576133608e-02 2.934961862093373175e-01 1.056505370738114735e-01 9.069665528679361766e-02 -9.749898428537644504e-03 1.137623915455935331e-01 -9.069292179839721912e-02
9.921513107109994345e-02 -1.386425444917505911e-01 -1.418387498017041962e-02 -2.265463933877472358e-01 -1.768571216721442629e-01 -3.106970176298452097e-03 -2.113518788476533017e-01 -2.304259894065970871e-01 -8.835728526112691938e-02 4.431427295925065013e-01 5.514562662246447200e-01 1.000000000000000000e+00 4.973069009299781462e-01 1.629995988252027905e-01 1.468091168392763601e-01 -1.904222623214450738e-01 2.436721501896289555e-01 -1.350892645605168974e-01 8.360737717148276904e-02 1.144922454523237959e-01 1.964762270671168709e-01 2.464438498634528851e-03 1.093701210686418845e-01 4.288360166326334877e-01 3.475692770939550202e-01 4.228608408055531953e-01 7.676549325213644082e-02 1.640442510313988023e-01 2.323482019122295461e-01 1.829405087356862081e-01 -1.421070674344144299e-03 4.623231921685463735e-04 -3.557456861652727453e-01 -8.745699905079239167e-02 6.364736318857071307e-02 1.127615218254166413e-01 2.205235693425449117e-01 -1.251722449612295840e-01 -1.384037120030635615e-01 8.181124313898970046e-02 -2.460731082299875416e-01 1.984164594721893882e-01 1.193851075473093271e-01 5.873586541918584397e-02 -6.964610595527694070e-02 -2.182859933422327814e-02 -1.857714411772117546e-01 -1.517307362378083890e-01 1.173642614438517029e-01 -1.308833964717006637e-01 -5.555222943387540246e-03 -2.090828011903105577e-01 -1.324269569764041088e-01 -1.792989479826020138e-01 -1.089187426425612532e-01 7.346661299556057900e-02 -2.157656872083246191e-01 -1.239332405752882338e-01 3.912796374144794087e-01 7.330698303296671048e-01 7.545464653224468465e-01 5.648702297839582886e-01 2.051583191480158830e-01 1.157737454843843911e-01 1.275404245696019068e-01 9.567860356202098626e-02 -1.160365949902630728e-01 3.915964498442386921e-01 8.523052869382689856e-02 -7.124907312862294173e-02 1.752535616559412479e-01 1.731753955532814859e-01 1.212332580992994818e-01 1.355369712701935125e-01 5.652506129668588564e-01 5.391962863801134098e-01 1.620420651345275964e-01 2.594880106569839584e-01 -5.575533431276002982e-02 -6.452881512582819834e-02 1.464052381048535634e-01 -5.875064602477233361e-02 -1.996423409883031630e-02 1.251123432073379393e-01 1.284816122926853987e-01 5.889637213604494853e-03 1.204373277628782574e-01 2.045211835511383247e-01 1.081290656278406648e-01 8.858848542883725197e-02 -2.605912056444620317e-01 5.271450193158268294e-02 1.033939984101790166e-01 1.877564683036550830e-01 4.546229783676247749e-01 4.968509882303984507e-03 8.451322782909097275e-02 -7.356553573484363173e-02 1.675696231676376546e-01 -3.185085961578991431e-02
-5.155129843815365459e-02 -1.229204500409186163e-01 2.742185242407710333e-01 -2.598079053668551630e-01 -1.478579151848913031e-01 1.891826900696634006e-01 -1.825593210992704496e-01 -4.571169644342235050e-02 8.586986629578814700e-02 2.902076494550695496e-01 2.481316973602087639e-01 4.973069009299781462e-01 1.000000000000000000e+00 3.470235805546195706e-01 3.165644007183435749e-01 -1.804307422348856160e-01 4.329997947713847828e-01 -2.623355464472190354e-02 6.849490925344182968e-02 1.023569636323844317e-01 2.443708410627758454e-01 1.149739604701293383e-01 1.987983933191636576e-01 1.680802869648211351e-01 1.418425288983954369e-01 1.781329354481327454e-01 2.811181577525654340e-01 4.281097743354475016e-01 2.826207662621786354e-01 3.093438883787655858e-01 -7.491732891777780345e-02 -1.457090131151209111e-01 -3.565435328974145834e-01 5.871581790336641293e-02 1.708377224384725612e-01 1.448887996483144182e-02 1.974934938717590738e-01 -1.176897554303798360e-01 2.630430746613215270e-02 1.326337593731944653e-01 -8.844409133662348155e-02 6.607334875921809514e-02 1.711676393461514234e-02 2.051020396410885641e-02 -5.681577156870473710e-02 1.836348966227318857e-01 6.286737268266096024e-02 8.493701800076084579e-03 1.441269104973497972e-01 -4.904087336408818887e-03 -2.504990920926922215e-01 -1.823449825211268527e-01 -1.511489854604136096e-01 -2.189616190180500299e-01 4.973201632090960139e-02 2.220710485993312444e-01 -5.162481334533377403e-02 5.783455918001622481e-02 3.216140210879509520e-01 4.200940984321851479e-01 5.056819253866835506e-01 8.378351314308575271e-01 5.011777035418893966e-01 3.275702092306718161e-01 3.011031421937935826e-01 2.781483768541115342e-01 -1.340500510590383332e-01 5.821245620965780354e-01 2.487585567907112383e-01 1.717458424072463088e-02 2.588921293250594502e-01 2.164501649439892206e-01 2.485308568707074728e-01 2.341453169175819818e-02 3.478213638379663020e-01 2.279980886996285927e-01 2.664116591150566538e-01 4.451337426160744126e-01 -1.292914836219764274e-01 -1.513932105697400332e-01 2.243117591783663767e-01 5.870797109101942579e-02 5.255017699719351232e-02 1.750258581478965347e-01 2.300263777186968839e-01 2.068268008976630323e-01 1.097529446914319584e-01 3.299088866262971376e-01 6.838004806730904606e-02 1.371320722784485635e-01 -2.668529135698513577e-01 1.066864743162020124e-01 1.450031615284167186e-01 4.546879327905088697e-02 1.376187799905645992e-01 -1.546384676109304954e-02 2.615010101684041022e-01 1.455429271286703408e-01 2.091038763441025461e-01 3.423574305892412850e-02
-1.572061307280330222e-01 -7.781041121095639418e-03 1.741945253823984907e-01 -1.004473474154267548e-01 6.064036997232454679e-02 2.705956087308107327e-01 1.021688722084474338e-01 2.088685798761886758e-01 2.953958013848610453e-01 2.938623599497483529e-01 2.844920727852374154e-01 1.629995988252027905e-01 3.470235805546195706e-01 1.000000000000000000e+00 6.882291748092485006e-01 1.711740586583265777e-02 4.624940707443906951e-01 3.330554813819811555e-01 2.313951989441504486e-01 4.953964574352048289e-01 7.376251617421578644e-01 1.782447797058273886e-01 7.429323827570269989e-01 1.752394167583414264e-01 1.251221523395821267e-01 1.623482461736946159e-01 5.132157888427478776e-01 3.344614778397447807e-01 4.030909675246120427e-01 5.773382224876741908e-01 -1.126189501283816619e-01 -2.236132846556733098e-02 -2.092022414051069312e-01 3.413257020662973096e-01 3.071554043024131153e-01 1.062946524768985379e-01 1.445235060687452833e-01 -2.342051626791724975e-02 4.795000595893328388e-02 2.155670989467719789e-01 1.630567641072577234e-01 7.546625855468236388e-02 5.523778938495479962e-02 7.659546094433555830e-02 9.246505891540872379e-02 3.327355767490438598e-01 3.733265118046657505e-01 4.253532907418860476e-01 9.472581289074191724e-02 1.089799048380086788e-01 -1.058955944390276294e-01 4.901814715346335810e-02 6.918883585596534436e-02 -7.522640434841009263e-03 2.032018755759323891e-01 2.763655519962074369e-01 8.520383959414398745e-02 2.744184620899586258e-01 2.225816472489260955e-01 1.849729185736801729e-01 1.328620349105270881e-01 2.361517407896815413e-01 5.621139800768387706e-01 6.704912280361680077e-01 6.296970958956695785e-01 6.728716008335822174e-01 6.018971571612718660e-03 4.976376751668032949e-01 5.121786367191397682e-01 3.010998362242682802e-01 6.750054829412649449e-01 2.138916760329782341e-01 7.259303049952833264e-01 1.966717485774506502e-02 1.970638092650988937e-01 1.234424533882919617e-01 4.108226969144412322e-01 6.203468078349597681e-01 -1.288661102934309521e-01 1.020324856737044594e-01 3.888290576533026122e-01 1.585973602163320562e-01 1.372500626365311949e-01 2.439825107013390004e-01 3.924619276425474479e-01 4.503292315363119358e-01 1.568811283114694699e-01 3.131129351824682439e-01 1.251849508034448277e-01 1.209687306689437442e-01 -8.688983523566467040e-03 1.030795060914757588e-01 5.638764078445832745e-02 -7.777314081127000012e-02 9.989779184609269558e-02 9.874411727937665306e-02 4.511451194867818759e-01 4.747635576235811339e-01 1.839846314954833306e-01 3.397415784663582183e-02
-2.140617757147904310e-01 -4.629558632844948951e-02 1.407689501049688707e-01 -3.220447589168256436e-02 -6.398959037826468244e-02 1.246837756154325627e-01 -6.038804486293861823e-02 8.002889827392896394e-02 1.353477123900455326e-01 1.574537354995867444e-01 2.210636774130758653e-01 1.468091168392763601e-01 3.165644007183435749e-01 6.882291748092485006e-01 1.000000000000000000e+00 -3.242598001102505421e-03 3.615183461189069303e-01 3.363566987437744404e-01 3.279706962033952511e-01 4.933133489083310064e-01 6.523330419574505656e-01 9.652824431358812685e-02 6.604168609728344741e-01 1.402962178641155855e-01 5.443490669589714018e-03 9.142133033795390995e-02 3.743786071696407758e-01 3.102008100452924855e-01 2.372250056378829020e-01 6.645966829761125183e-01 -1.922529213610929197e-02 8.857651248130815613e-02 -1.287615552178890954e-01 2.484886500156719413e-01 2.297915462531863462e-01 1.589338141842656371e-01 1.878134942144018549e-01 5.460841674324156542e-02 3.103688127537957558e-02 8.799212995252517211e-02 1.088129750451100469e-01 -3.266154887542714602e-02 3.425824754428821728e-02 9.747780939197278616e-02 9.704317066179807272e-02 3.369384126530019508e-01 3.135232141289539531e-01 3.415932845437234522e-01 8.132150568835383453e-02 5.036981217940469241e-02 -1.103624064879137473e-01 -1.663362094865188795e-02 1.746339229310818753e-01 -3.977415713811822962e-02 6.662015154790171256e-02 1.804274782262521859e-01 -7.644586717674717487e-03 1.808397574064578572e-01 1.055123795641671330e-01 1.460680354849826224e-01 1.384168192913259043e-01 2.751666077670054666e-01 6.167408999158354721e-01 7.320460335605498692e-01 7.774842292789525544e-01 8.595108656943857284e-01 -1.142979442537925827e-01 5.691149452711193879e-01 5.027251196378916820e-01 4.098563157973705851e-01 6.762065185265047074e-01 1.774436333377363562e-01 6.865033963157778363e-01 -7.223146326568923026e-02 1.594002289187844146e-01 2.638215805818050486e-02 3.893293522711713806e-01 6.571108804427751027e-01 -6.557799638845804302e-02 2.975730637562332137e-01 2.850251388549495668e-01 4.905864022254157950e-03 1.723191150600353605e-01 2.715488430398486086e-01 3.490732894126512553e-01 4.301959308901100454e-01 1.473877037128179801e-01 2.546455798915771007e-01 1.162263270839306861e-01 2.940038028768512599e-02 6.244929424140765323e-02 7.481526261622913065e-02 4.998539918654198479e-03 -1.334299432224701210e-01 5.333494110468878224e-02 1.155202941759969487e-01 4.154046046589397467e-01 3.313645844395227691e-01 1.472576207535694903e-01 1.679410585697600419e-02
