1.000000000000000000e+00 1.668094877649914931e-01 7.927785263224962353e-02 2.586125425967517599e-01 2.316488344233464877e-02 7.484251595290816739e-02 1.790575524324868883e-01 -8.185701563346985121e-02 -1.424484170313943809e-01 4.435749115590230107e-01 2.347719676716000237e-01 2.765302724450799388e-01 1.227849144699840606e-01 2.270983161339271417e-01 2.330209202203110397e-01 2.743521776128272638e-01 2.523691433531083939e-01 1.476041910668202672e-01 2.165238304589018059e-01 1.336184085480292272e-01 2.071809025548377592e-01 1.636771019588132703e-01 1.358862084356335376e-01 2.869418775692034185e-01 3.692241728866643147e-01 8.921980266669655990e-02 -8.073178724294602371e-02 3.847202148011740624e-02 8.588597902336247980e-02 -2.117731248352536233e-02 -4.054652548904263271e-02 2.758458249810599172e-01 1.353017226302697107e-01 2.088356156977005385e-01 1.782610509769073370e-01 -4.486052014420494061e-02 -1.027474010472672998e-02 2.044484007089831523e-01 5.808878651833233875e-02 8.250432586324847606e-02 2.037921179637527114e-01 2.378206779132777116e-01 1.473267041088225371e-01 2.015347366177011323e-01 -7.564203326283926165e-02 -1.631220997204203271e-01 4.383354228813710063e-02 -1.513531638859311468e-01 2.143919137032527789e-01 2.356414651500661483e-02 3.205679791792032662e-01 -1.767405801759110995e-01 5.115327929482690709e-03 -4.305936888924698919e-02 -1.470762942304826015e-01 1.343230373332384049e-02 -3.264463858833123178e-01 -3.055442701963210217e-01 -1.103704709816989704e-01 -9.669603028917973797e-02 -2.170536151323529395e-01 -2.829545521387337725e-01 -2.715604473494078741e-01 -4.112821247815536818e-01 -2.903835821927013838e-01 8.587770559884776167e-02 -2.658138848520364417e-01 -2.859616919246266153e-01 -3.534510906224221372e-01 -2.438946877953831471e-01 -7.015384072505137514e-02 -2.535897628361615808e-01 5.335636871669067333e-02 -3.067012395555414606e-01 -2.881010417203928031e-01 -1.404774222862922861e-01 -1.019142972765175320e-02 1.322962070923987266e-01 9.772143962192267330e-03 2.380393160583430257e-01 -2.893242635914729521e-01 -2.478911145967649110e-01 9.669328220135396668e-02 1.280499684030829699e-01 7.731853401923628744e-02 1.732507836993087830e-02 -9.925184939589359531e-03 2.398941858147980027e-02 -1.599063157393673662e-02 -2.345801243464711583e-01 1.440875249738536035e-01 9.181872895901513343e-02 -5.559125176910361538e-02 8.868100706815466860e-02 -7.681538936279003194e-02 1.140492570263604150e-01 -1.197877146303895184e-02 1.497978470374845480e-02 5.851399673525051193e-02 -1.475753984768085614e-01
1.668094877649914931e-01 1.000000000000000000e+00 2.967278556067126094e-01 2.573546401300553232e-01 3.059778527600152120e-01 3.509615050034298744e-01 1.433614084300656455e-01 3.516580686862826322e-01 2.706531539556686350e-01 1.000053624504539385e-01 1.638286451322522319e-01 -2.697695206465600820e-02 1.832173850706193263e-01 1.308311230026219796e-01 1.110996161701590795e-01 3.756950671406436570e-01 9.931575045069612750e-02 2.059450459330874617e-01 7.868466758217096402e-02 -2.278821050942893278e-02 7.110728560236924400e-02 2.738556772821479912e-01 5.426856079375713682e-02 2.146797974446143231e-01 7.138101737708826312e-03 1.797186266664303755e-01 -3.270942071625686925e-02 4.302226726149143560e-02 2.021303622215789575e-01 -5.616185501152275855e-02 -1.703740883626249716e-02 7.002892483647504829e-02 4.987751028681154664e-02 1.087371682217716934e-01 2.654763386808304815e-01 -2.929409133527368508e-02 1.646342029305175314e-01 -3.976432801718558958e-03 9.035673630015422786e-03 -4.094273331255125076e-02 1.095976317948093096e-02 6.981385713132455539e-02 1.730879815921922693e-01 -8.836158511298468354e-02 -2.518740930777423059e-02 -1.396305002694830100e-01 -2.581340920079221515e-02 -2.488196318655085115e-01 1.004172656001461605e-01 -2.533470290234386690e-02 2.378923723849255267e-01 1.559468753307589883e-01 7.391277072331224607e-02 2.577797493810057849e-01 2.789379829416731571e-01 2.936757958708950400e-01 5.423514671678061200e-02 1.418424065672249657e-01 -1.889630567318864307e-01 -2.015798477402716560e-01 -1.182670892019489772e-01 -1.201401815570472820e-01 -2.610820554546118555e-02 -1.612765598171824188e-01 -1.839808712463409102e-01 1.269572751241073100e-03 -1.267913520564271090e-01 -7.109195933200869455e-02 -1.367722804991761687e-01 1.634890671393977174e-02 -2.915933279504681966e-02 -9.138060331584461904e-02 4.906767509618755428e-03 -1.391968023890441108e-01 -1.795278016702671342e-01 -8.305496282919495876e-02 2.784369512077732867e-01 1.375112042570625082e-01 -8.020273224441988591e-02 -4.104426014459234412e-02 -1.475593470671050234e-01 -1.893291856992170008e-01 1.818017355947800645e-02 1.721769835771588264e-01 2.640588932601403357e-02 1.119309932150445303e-02 -1.050460362170236445e-01 3.869468674135909808e-02 -1.069311999239275224e-01 -1.398733148983717645e-01 7.959708288133245102e-02 -1.184243478990728293e-01 8.628752177000068198e-04 -4.607247686487803834e-02 1.163237151700340262e-02 -1.515649858258815985e-01 -5.375452033231246235e-02 -1.759815231429801841e-01 -1.010020789937416397e-01 -1.054877659258123823e-01
7.927785263224962353e-02 2.967278556067126094e-01 1.000000000000000000e+00 -1.290536950659237903e-01 8.107331883977174358e-02 5.516513704605179313e-01 2.050649649612592829e-01 2.672847905896451604e-01 1.925100370481860057e-01 1.160679451398102455e-02 2.410535297239780883e-01 1.185081408482209081e-01 5.280362330661186876e-02 -9.124601489259526535e-03 -3.140211853615341303e-02 3.886423957434462784e-01 -1.284523566748460403e-02 4.472394561714209543e-02 -1.354790543151593481e-02 -1.181532740601913267e-01 -7.699359720356882542e-02 3.170110202745208411e-02 -1.539815800572343907e-01 4.263586487332137603e-02 4.110787314249170210e-02 2.129820722379837383e-01 -2.295186377847757975e-01 -2.182347855798114633e-01 -5.542032149153607035e-02 -2.254169592272893263e-01 -1.782927049634165928e-01 -4.075606962107158546e-03 -6.111465821297493856e-02 2.391701435049396057e-02 4.971237415555843087e-02 -5.540443538895340608e-02 -6.398231357184078205e-02 -2.229833353287296593e-01 -1.795021982838628238e-01 1.396342290140590303e-01 3.602859381994959198e-02 -1.746086601121728810e-01 7.008605900273558176e-02 -2.074335864945466568e-01 -2.188188148424537183e-02 -2.134596144989385214e-01 -1.546098751310185371e-01 -2.754816059990330968e-01 1.769472338078299511e-01 -2.263973949345826631e-02 1.393289781396962468e-01 4.511879632395221495e-01 -6.032375133956339314e-02 -8.243958285020211441e-02 2.177263297981292811e-01 4.253926048656538894e-01 3.373962772168587892e-02 8.935167281970578246e-02 -2.576976707037510403e-02 -1.073214410479107345e-01 -7.921703420741069146e-02 -6.516345337294807138e-02 1.054324736365635784e-01 -8.783600705270638853e-02 -1.154208458300902962e-01 -1.104308047193427317e-01 -6.512456225373738916e-02 -1.331497410924701794e-02 -1.131927287255351522e-01 -1.131416595083374055e-01 -1.084647888101414742e-01 -1.029439018108726026e-02 -6.227630857484100710e-03 -6.711749900520587453e-02 -4.950606241843596989e-02 2.741932710070512855e-02 3.596988563826723773e-02 -1.022458770520190685e-01 -1.156223462179061801e-01 -7.626539124798095703e-02 -8.428867200871724419e-02 -5.948410934620339957e-02 -9.481791413105551333e-03 1.034331919332980715e-01 -5.843419676353441006e-02 5.749981811025062228e-02 -1.083712463896363276e-01 7.490017311938186075e-03 -4.944249011794757398e-02 -5.964726364760220001e-02 -2.170589231844848588e-01 -1.308373801564789440e-01 -2.126164090553655517e-01 -1.489532149246962089e-01 -3.982490495337315251e-02 -5.584635483306635978e-02 -1.881873476277443336e-01 -1.631287133946698886e-01 2.456205368979346923e-02 6.915101899189880774e-02
2.586125425967517599e-01 2.573546401300553232e-01 -1.290536950659237903e-01 1.000000000000000000e+00 5.521563514271877748e-01 7.305476583927375533e-02 -7.838073802417099001e-03 1.680895055511359704e-01 2.967483727209033195e-02 3.782985283755743722e-01 5.387397503133459220e-02 -2.395695052482459467e-02 2.522161593724195350e-01 2.288469823951840842e-01 2.547272993733181723e-01 1.436656267645214091e-01 2.612812232028963177e-01 1.176813823553432975e-01 1.498239437210069636e-01 -3.962517071162122151e-02 2.246582574025066392e-01 3.036990853993425388e-01 2.266306891770473453e-01 2.723256956609163004e-01 1.908502625220532822e-01 -7.531331798977103364e-02 -9.126298854994071771e-03 2.474757029508374284e-01 2.065094317276153502e-01 1.654194968855368375e-01 1.902969543104455763e-01 1.641473939882739930e-01 4.351566251739836244e-01 1.742683661238244863e-01 1.922513805064913206e-01 -1.724402305669965607e-01 1.617276891576636261e-02 5.596417463147812521e-01 4.214776567441065880e-01 -3.924471541124492646e-02 -9.620469711073387220e-03 2.637413319275324630e-01 1.187053245382183875e-01 3.400673826806776545e-01 -1.721881200114062579e-02 -4.968985044512753968e-02 5.543082333292986830e-02 -9.793673379862873063e-02 -1.291519895972235155e-01 -1.681195238688386051e-01 2.919285182854909899e-01 -8.035907220363311398e-02 4.753268045426427002e-01 4.012224859096844010e-01 7.743805422227370561e-02 -1.007375951724845571e-02 -2.549005079313087507e-01 -1.123480455296116398e-01 -1.632402286668475644e-01 -2.204457151614950816e-01 -2.577022230840037009e-01 -1.260505241910024610e-01 -2.231298533710886767e-01 -2.031063732415483436e-01 -1.104540560347456180e-01 1.913071824885377581e-01 -2.237905097014262490e-01 -2.068596783099888869e-01 -1.992130034244806169e-01 -1.563444377151116949e-01 -5.248658989497326233e-02 -2.236601342322925290e-01 5.364055080192264846e-02 -2.309677912255326815e-01 -2.874787647527739520e-01 -1.859955456001745888e-01 1.310276165442018637e-01 2.511770806488515251e-01 3.461031479199738747e-01 4.004411922158751524e-01 -2.554986390438128696e-01 -3.322052628945803554e-01 3.131920854852875968e-01 9.915159387599996321e-02 1.118572753623453403e-01 -3.199838442204462619e-02 -4.698686748509688788e-02 3.885621931221497176e-03 -2.262243267460613549e-01 -2.763182871525290407e-01 4.861892280348635853e-01 -1.056786044648347356e-01 2.535003240981665296e-01 3.107531676455498326e-01 -6.891918843511415926e-02 1.334004734123369340e-01 1.477481734274971037e-01 -2.597891263471838706e-03 -1.565951379613583494e-01 -2.648217819792396122e-01
2.316488344233464877e-02 3.059778527600152120e-01 8.107331883977174358e-02 5.521563514271877748e-01 1.000000000000000000e+00 2.712430586776219399e-01 -1.760213352191146163e-01 4.159979014080811832e-01 4.372286754610129056e-01 1.156032475643176127e-01 -8.817333182509601297e-02 -2.153471445416461905e-01 3.706771034381161484e-02 -1.946729162081239362e-01 -2.060784254719447706e-01 1.169389258472493531e-01 -1.272654520380188947e-01 -6.230630911349544637e-02 -1.927022912348503314e-01 -2.507259227789417899e-01 -2.152696593887972465e-01 6.367518071623790021e-02 -5.856887979466034871e-02 -1.570693224771692043e-01 -9.851507192425756551e-03 -2.764165328827444257e-01 -1.383707998717240428e-01 -1.986821997212828705e-02 -1.962584583212109712e-02 -6.831687852953226281e-02 1.831095552984354780e-01 5.049090068911291085e-02 3.912441559340098518e-01 -1.641505443602822578e-01 -4.620501842160261441e-02 -1.074324989693034582e-01 -4.632067157914960404e-02 2.613532957605569917e-01 3.005575989577410345e-01 -2.114333708977298165e-01 -3.023710654214283866e-01 1.027845581811603765e-01 -9.716017340333459040e-02 1.457975645743932458e-01 -3.021638462926503482e-02 -9.980398182706222421e-02 -1.677719170974185936e-01 -1.234998956611590981e-01 -1.879919459231424173e-01 -1.845252901157087566e-01 9.283890146810222510e-02 3.047941473018676573e-01 5.569444401508746312e-01 5.877527209292534582e-01 4.666159807353448818e-01 2.963203415518873007e-01 1.874660639974262966e-01 3.220447258143714908e-01 1.498706219776186621e-01 5.536751531901316220e-02 7.393302516039629291e-02 1.958791068384147516e-01 1.730206256283112753e-01 9.774094445799448583e-02 -1.920330234097447283e-02 -2.413016258469537212e-01 1.791488391230629806e-01 1.285515235103659726e-01 1.252344008585256907e-01 1.033820594099213314e-01 -1.287089773405908633e-01 1.164156498347155427e-01 -1.770599386722906399e-01 1.345236767005431044e-01 4.774320497364202553e-02 1.698917460605774143e-01 1.208802230498117886e-01 -1.259528653607097093e-01 2.881538125585753063e-01 1.165345964601019330e-01 1.255700588670411455e-01 1.882194460931246177e-02 1.374579392663050625e-01 2.477973369724417729e-02 -1.875070287015294934e-01 -1.334828004420069159e-01 -5.217790853851646260e-02 -1.300390940787075345e-01 -1.542586122977662455e-01 9.301198945985833522e-02 2.958710509744806871e-01 5.819183331579746987e-02 3.265236839032608085e-01 3.865274577617166529e-01 1.471708542446872325e-01 1.167897845019394698e-01 -2.014370877106495469e-02 -1.878738357035723838e-01 -2.315970302642951853e-02 -8.751899786608664800e-02
7.484251595290816739e-02 3.509615050034298744e-01 5.516513704605179313e-01 7.305476583927375533e-02 2.712430586776219399e-01 1.000000000000000000e+00 9.923257130702049789e-02 3.704275077104318137e-01 3.879801182903375723e-01 5.877043633110717175e-02 1.061672291985866490e-01 7.911006951562139788e-02 7.097430252803360595e-02 -5.145966103332049596e-02 -7.065931032724492855e-02 2.928655329653934158e-01 -2.658391373625960258e-02 9.428706187190800947e-02 -4.781851335198082642e-02 -4.125172877888790002e-02 -1.209879939548171718e-01 8.004976842116454105e-02 -1.183139453019528553e-01 2.328686748723373875e-02 6.304606634287057698e-02 1.825027188133982459e-01 -1.907498284821755874e-01 -1.745086285501646906e-01 2.779542339847391325e-02 -1.463814276368341216e-01 -9.724716676234719526e-02 -1.000245615137056697e-02 4.860761895201245325e-02 1.329769552321981817e-02 4.233838893978301293e-03 6.629188869408869644e-02 3.199566771933597120e-02 -6.683433215504147595e-02 2.378142730285634845e-02 9.841241980936059341e-02 -1.092254654525834368e-02 -2.208967635627714921e-02 1.871455605201320302e-02 -1.381153220372582091e-01 -1.837477915879935919e-01 -2.512269745178742353e-01 -1.324182761513130191e-01 -2.491834175820050179e-01 2.471439478996479699e-01 3.927640504775142122e-02 5.444288244837327401e-02 3.191548251795344182e-01 1.874049639976761369e-02 9.161347618683662875e-02 4.969443417360378534e-01 6.143897471339170302e-01 1.128465087406683581e-01 2.343033292496959630e-01 1.199507513680447141e-02 1.978600456879142308e-02 1.937740449466338055e-02 6.508541057218501791e-02 1.744188284749971229e-01 -4.916117330906986937e-03 -6.575459878931914914e-02 -1.238010339486145528e-01 4.328931261545850701e-02 -2.183478182523566121e-03 -1.113557689084328055e-03 -1.075590916819415058e-02 -9.122240588032337616e-02 9.246982611412857267e-02 -1.749811168787404961e-02 3.587482080764187869e-02 -2.726870140679358429e-02 8.578761101493428964e-02 1.577301142376903720e-01 -4.223445804615107851e-02 -1.169960195676266052e-01 -2.238792259273771762e-02 -2.884377615021620905e-02 7.308056623638075483e-03 -7.244459164626307346e-02 6.144473190140924829e-02 -1.057600394826536672e-01 2.252656590903564723e-02 -4.582131328277326554e-02 -4.080982402725247260e-02 -4.709784679527798806e-02 2.495878390924853932e-02 -6.778074049189687644e-02 1.318503966557187275e-02 -5.304126048917322256e-02 -1.156762881435949575e-01 1.834378001625738136e-02 -1.052945497064489699e-01 -2.024198553674926015e-01 -2.181101172786684417e-01 1.807836665549001909e-01 1.278569207359269710e-01
1.790575524324868883e-01 1.433614084300656455e-01 2.050649649612592829e-01 -7.838073802417099001e-03 -1.760213352191146163e-01 9.923257130702049789e-02 1.000000000000000000e+00 -1.344669994788323109e-01 -1.173149745730704546e-01 1.889273013573263826e-01 2.390249897086992314e-01 2.706082810217043666e-01 1.410765334991151421e-01 2.849097718705407845e-01 2.676232783851540953e-01 1.655375391708835131e-01 2.693311828189341450e-01 1.765725128194294002e-01 1.742019349578095289e-01 2.270456582791325062e-01 2.533870389309900717e-01 1.521748713519685547e-01 1.122201662950618323e-01 3.932685853779954721e-01 1.048139887047854213e-01 2.758907273548933392e-01 4.037714325891495620e-02 -1.143014953605335365e-01 1.856946026509335157e-01 -5.761005432449615993e-02 -1.068928661912212086e-01 8.399510609624580293e-02 4.984447606472632020e-03 2.573512738039373526e-01 1.739390974517396049e-01 8.737691735773703283e-02 1.006257557258946056e-01 8.150566583080574856e-02 5.384136279303015221e-02 3.991347522411876070e-01 4.361534398462729167e-01 -6.995103429434203213e-02 2.450287357783041409e-01 -1.347454962729145167e-01 -1.053798749242931682e-01 -1.501674128974067254e-02 6.396310114197251151e-02 -8.518069259153410178e-02 1.395146331439616749e-01 2.455424880164296386e-01 1.653918129509251156e-01 -8.450929032069029456e-02 -6.497064517602049727e-02 -1.982359118920166141e-01 -8.571820491469847592e-02 -3.019316946874743557e-02 -2.883225212863521070e-01 -2.982828898550254348e-01 -2.287202897372378474e-01 -2.494304121566798260e-01 -1.913995379729119539e-01 -2.230873073962255093e-01 -1.947376940514997101e-01 -2.354908334709046036e-01 -6.858780418745527574e-02 2.147860502778949077e-01 -1.547056091162018476e-01 -1.811175756363155032e-01 -2.994521220127878136e-01 -1.678993652325183883e-01 1.039307561156529586e-01 -1.777744874529208763e-01 1.852237505037560572e-01 -1.977143980077994412e-01 -2.129642743917987413e-01 -2.302541948599493848e-01 -1.114611274829364375e-02 1.234979019169292341e-01 -2.071934757290307405e-01 1.352315081240867134e-01 -2.438014656979465289e-01 -1.850239638175759371e-01 6.011808336910880179e-02 8.292414029747749438e-02 1.575531982483298898e-01 1.558684539580941497e-01 -5.885951652944548806e-02 -9.399468285383110605e-03 9.879246066438827911e-02 -1.446677032425875697e-01 1.657359863517104265e-02 -2.181424119387138927e-01 -1.509164501531974345e-01 -2.267666109484706427e-01 -9.448294441820853651e-02 -4.701454145492287018e-02 8.498442643399799212e-02 1.388737123212266944e-01 -4.033427881101549380e-03 5.922301243778396035e-02
-8.185701563346985121e-02 3.516580686862826322e-01 2.672847905896451604e-01 1.680895055511359704e-01 4.159979014080811832e-01 3.704275077104318137e-01 -1.344669994788323109e-01 1.000000000000000000e+00 5.101424098205156188e-01 -1.542893277252525286e-01 -1.574201369851557786e-01 -1.099102688991765997e-01 -1.234286613419208062e-01 -2.441057206265660751e-01 -2.988354958928868266e-01 1.338720698122105868e-01 -1.871753676749444706e-01 3.759754809940765198e-03 -2.732746406458101407e-01 -3.722485526736141193e-01 -2.561866523390002315e-01 -5.248910520228954393e-03 -1.409153914913254535e-01 -2.065378316814678317e-01 -2.039457636805837304e-02 -4.134381234849573289e-02 -1.345750777133902787e-01 -8.105990166871858416e-02 -1.370791940564360656e-01 -1.102682864751345637e-01 4.100174594472937029e-02 -6.626928628552540557e-02 8.978860681058868642e-02 -2.020575721861016527e-01 -1.050700297589389140e-02 -1.356229895528798524e-01 -9.017908153460074683e-02 -3.149227031031332641e-02 5.563985054553528126e-02 -3.144657604556096442e-01 -3.375784681838370216e-01 -3.321619481746217184e-02 -9.602318898179783291e-02 -8.266312999809648232e-02 -7.731276006425208402e-02 -6.807845672222674616e-02 -2.832187353425114074e-01 -8.295160655371981717e-02 -2.048730164345837768e-01 -2.747362065477004234e-01 -1.427872820138235133e-01 4.406835411900038579e-01 1.739374843526120817e-01 3.204452615141863414e-01 4.838484443906870824e-01 3.709749491587797099e-01 4.614987748879075258e-01 5.379628742845576905e-01 1.850964380805397713e-01 1.539503872375221072e-01 2.149612896805119522e-01 1.831792716252146347e-01 2.759376794922792642e-01 1.518575847937504164e-01 5.704160541749974528e-02 -2.972566684930920689e-01 2.621662449311240040e-01 1.864248833588532106e-01 2.875561567777577543e-01 2.796637323104625983e-01 -5.955504620172463043e-02 2.373839366976418230e-01 -7.249233675126344478e-02 1.770007754731535710e-01 1.574263553975624730e-01 2.899094444937299064e-01 1.537973815921346576e-01 -1.554906248360132526e-01 7.721623129997909341e-02 -1.755688685714826558e-01 2.579341874712272054e-01 1.030526011616950122e-01 -1.605510272054659973e-02 2.884438482996754677e-02 -1.706417892564555672e-01 -1.325185228198989262e-01 -7.942631670163285973e-02 -2.324411258546020195e-02 -2.118727887939568511e-01 1.739955514918170576e-01 -3.833300318817259300e-02 5.356765658795640400e-02 1.050962967329756304e-01 1.578499000947884978e-01 2.260678899742624148e-01 -2.241441994033697635e-02 -8.466051882215075430e-02 -1.679883702667552825e-01 -3.672903845045107085e-02 -2.042050824190298070e-02
-1.424484170313943809e-01 2.706531539556686350e-01 1.925100370481860057e-01 2.967483727209033195e-02 4.372286754610129056e-01 3.879801182903375723e-01 -1.173149745730704546e-01 5.101424098205156188e-01 1.000000000000000000e+00 -1.056023449090289640e-01 -1.748856068676949427e-01 -1.551043065743147598e-01 -1.638794410140549940e-01 -4.499719755638182384e-01 -4.230855919601824722e-01 1.735490852111411589e-02 -3.893897417925094029e-01 -9.823217380963608636e-02 -4.369463696343662273e-01 -9.833364081264413248e-02 -3.529109176989286834e-01 -2.216915130663980882e-01 -3.028771152321749760e-01 -3.042590941159674101e-01 -9.469950354633150519e-03 -1.188117077785442594e-01 -1.342178469919073358e-01 -1.795470818311416528e-01 3.189915792359515612e-02 -2.562032117020726640e-01 1.090667548352956262e-01 1.310252903481463026e-02 1.363828427048237590e-01 -3.605418327767487274e-01 -2.295951751190334622e-01 2.967378008871462414e-01 1.521830091932537821e-01 -2.033266632284920841e-02 1.343491681969992413e-01 -1.837818595694250823e-01 -3.372684190402075455e-01 -3.210329778113876764e-02 -2.461812969583331567e-01 -1.835862065062054960e-01 -2.251738187125554569e-01 -1.450604078649517514e-01 -2.447230691363701527e-01 -1.150771151656178326e-01 -1.479020774882851275e-01 9.257818873781669539e-03 -1.835114972287750224e-01 4.538111347723556843e-01 2.439229994982914929e-01 3.400578299709650087e-01 5.672390769785508047e-01 5.807300911362890394e-01 5.681887909146807747e-01 6.641346783574072488e-01 4.296632294812232633e-01 3.319047780841294926e-01 4.202654663010012004e-01 4.247737437759313561e-01 4.786307586135035153e-01 3.351400283760262444e-01 2.558534727867431968e-01 -3.587872385987941892e-01 4.438160643813934270e-01 4.245502475311921931e-01 4.078666945356199669e-01 3.570454282552634750e-01 6.599837685136718257e-02 3.845946379726896125e-01 -2.914689850743617527e-01 4.377434606909979542e-01 3.870648736292755521e-01 4.670613512535277123e-01 3.050510209672708251e-01 -3.691789662582626863e-01 -1.643166623864680126e-03 -1.212388122032495713e-01 4.331533061845789789e-01 3.484166954442672881e-01 -2.106292274495394357e-01 -1.448969125542882985e-01 -3.996448463418402763e-01 -2.384693378545873210e-01 6.035645401234341484e-02 -6.100172925300800103e-02 1.124108851010671845e-01 4.513493388518391436e-01 5.700062361893981633e-02 2.666457368313542298e-01 3.037316864354252521e-01 1.256306718455550142e-01 3.379525956355790561e-01 -1.890851127204708770e-01 -2.136252542133266485e-01 -3.470575298308428702e-01 1.505387451679465749e-01 1.774290904638715083e-01
4.435749115590230107e-01 1.000053624504539385e-01 1.160679451398102455e-02 3.782985283755743722e-01 1.156032475643176127e-01 5.877043633110717175e-02 1.889273013573263826e-01 -1.542893277252525286e-01 -1.056023449090289640e-01 1.000000000000000000e+00 2.964293023702314622e-01 2.983157312669659778e-01 3.300542943615029090e-01 4.069513692223207246e-01 4.106728181308910153e-01 8.600344895809904078e-02 4.071669830013580627e-01 2.112650897972326303e-01 3.581021484759462359e-01 1.722389593751122994e-01 3.571799872906706308e-01 2.253548437732754428e-01 2.057256226599372961e-01 4.064618745668115984e-01 5.050096170016391550e-01 1.014892770608044059e-01 -1.163438697913796449e-01 1.379939838259711948e-01 2.401396540586392125e-01 1.769859016194055487e-02 -7.450464049549623477e-03 1.916819355432377581e-01 1.342390567461499429e-01 3.605256978627809916e-01 1.119041297604489726e-01 -1.110861632803277071e-01 9.223095653310305064e-02 2.363389873418263454e-01 1.270861469100432184e-01 1.317521421375053570e-01 2.082925246947619491e-01 2.507974407780814707e-01 1.768536012234151189e-01 3.067119536167752236e-01 6.306029142515308383e-02 -7.205414326196731001e-02 3.998013971767291896e-02 -2.060907059513116535e-01 1.140190488566303201e-01 -5.811774743862908182e-02 3.421966692932985055e-01 -2.147778736498587027e-01 4.621418263638007312e-02 -5.035039396154934038e-02 -3.193251917717041533e-01 -1.094087806955843928e-01 -4.324160865064823334e-01 -3.810729972155332268e-01 -9.463809997646541183e-02 -3.106896068748550843e-01 -3.269524115157947386e-01 -3.509517017907163305e-01 -3.620111288955029094e-01 -3.698449127667320924e-01 -2.486316146361388923e-01 2.352614890629241284e-01 -4.242052039833167920e-01 -3.843679583825674317e-01 -4.143210228233399350e-01 -3.504202220514919253e-01 -1.205965086268209335e-01 -4.327168714000794725e-01 1.057219401541701215e-01 -4.256628741843996311e-01 -4.008718232582755281e-01 -2.783658669475340131e-01 2.684994498578664041e-02 2.031858619913353980e-01 1.680296852043095535e-01 3.081509522185755801e-01 -4.391831707089450809e-01 -3.435572294189437326e-01 3.095266533654896790e-01 2.127452187024354846e-01 1.294589034940665517e-01 8.296090872727492072e-02 -1.045890472346206190e-01 -5.127320084498975666e-02 -1.597929011091917262e-01 -3.753301148245134500e-01 1.629050584652854128e-01 -6.319429639695635370e-02 -7.807675786221071612e-02 1.173347014240908870e-01 -2.456478743251044594e-01 2.403655202137916502e-01 4.713756591282271952e-02 1.706819985341834905e-02 -1.314695635155423703e-01 -2.628654018807046744e-01
2.347719676716000237e-01 1.638286451322522319e-01 2.410535297239780883e-01 5.387397503133459220e-02 -8.817333182509601297e-02 1.061672291985866490e-01 2.390249897086992314e-01 -1.574201369851557786e-01 -1.748856068676949427e-01 2.964293023702314622e-01 1.000000000000000000e+00 3.614998329536666666e-01 4.139385231492638817e-01 3.796546966050634575e-01 3.293609149154664295e-01 2.462359349306630640e-01 2.509380246683188820e-01 1.629112431936826644e-01 3.681559639942674766e-01 7.708135889333792012e-02 2.503116178474760756e-01 7.691708284476088398e-02 9.685551274626469712e-03 2.944110955631739635e-01 1.046146436150377640e-01 1.711618732027169187e-01 -1.722149961018726860e-01 -1.611375727813478195e-02 1.680740636852749714e-01 -1.398821227139758483e-01 -1.367862448907362360e-01 7.658798976518018005e-03 -3.713093882382786926e-02 2.348653620733255343e-01 1.668150901538617212e-02 -1.077288584673598976e-01 9.109069265548015021e-03 -7.820442533398781759e-02 -6.722997058198981746e-02 1.900296453075478176e-01 2.793581147457146474e-01 -7.127239986571809113e-03 7.629519812892743280e-02 8.325097228851088826e-02 -3.372833397485002632e-02 -2.305638165590471189e-01 -2.758238553855632200e-02 -3.444060464748028294e-01 2.384741724244154037e-01 1.933737080665702546e-01 2.498731826921082866e-01 -7.173957518579464343e-02 -7.795208387592704458e-02 -1.017059657668348827e-01 -1.689936494269202172e-01 -5.920154577655403066e-02 -2.939957482795472754e-01 -2.707572784220030893e-01 -1.772259463229181875e-01 -1.605515313104416419e-01 -1.938378793910171538e-01 -1.725392296703717743e-01 -1.095305679460348708e-01 -1.179553059144898552e-01 -1.804151126587997533e-01 2.257328127477799262e-01 -2.601949251592950985e-01 -1.590366069256081982e-01 -2.961205843850834296e-01 -2.318083051087269086e-01 -6.348243645934605051e-02 -2.775623625906303849e-01 4.451863365064316624e-02 -2.932790309216953273e-01 -2.240834015682713898e-01 -2.047687975299913032e-01 1.827018566049910808e-02 9.729804047042536763e-02 -1.535039338806581666e-01 8.590803712990922880e-02 -3.240749918345340874e-01 -1.493536551470263929e-01 2.778661328772655606e-02 1.365335232066616500e-01 7.561907446652013642e-02 8.505080085741564822e-02 -6.547967382425889937e-02 1.863551149623976803e-03 -3.865550901092443259e-02 -2.292060665737191971e-01 -1.066571713831179422e-02 -2.070864260468890106e-01 -2.058793381697942571e-01 -5.859861635169020394e-02 -2.817649028695324853e-01 5.714285479394557582e-02 -1.866557936331453837e-01 -1.482971340275650307e-01 2.695504982816272765e-02 -2.815994175181142298e-02
2.765302724450799388e-01 -2.697695206465600820e-02 1.185081408482209081e-01 -2.395695052482459467e-02 -2.153471445416461905e-01 7.911006951562139788e-02 2.706082810217043666e-01 -1.099102688991765997e-01 -1.551043065743147598e-01 2.983157312669659778e-01 3.614998329536666666e-01 1.000000000000000000e+00 3.426036607635145614e-01 2.742790567204960728e-01 2.422964346774037214e-01 2.591993946033115392e-01 2.631076854910006091e-01 1.261419232132940105e-01 2.705757672244782364e-01 5.773916236381928385e-03 2.231961126788086225e-01 -2.803789990677347122e-03 -1.249089348860225740e-01 4.011749411873061222e-01 2.789474858427659076e-01 3.631005693964075576e-01 -2.775075500916462379e-01 -1.735881610570627898e-01 -3.686074036773865498e-02 -1.686687210745116405e-01 -3.616119804581967578e-01 -5.563615057461399754e-02 1.693675664208781767e-02 2.148398717213229614e-01 -1.050636043509239476e-01 -7.035974763377265961e-02 -6.413191333069657996e-02 -1.817114882171239620e-01 5.165968229420656727e-02 2.296470473962559655e-01 1.628925992405393097e-01 2.221717381217409859e-02 1.058606852995942066e-01 -3.101512199592291671e-02 -2.388941737778626784e-01 -2.023641714049528584e-01 -2.584669734233416283e-01 -2.090785121365389132e-01 1.430551800263666629e-01 7.237643332514660799e-02 -5.156259862357503998e-02 -6.358963869461811691e-02 -1.695040217733138621e-01 -2.409004232035049375e-01 -1.720708611828269397e-01 -1.440902987461774032e-01 -2.109566303214200356e-01 -2.181405687552936956e-01 -3.026671550989523674e-02 1.113319670935799255e-01 1.357153069963064063e-01 -5.127974091932360062e-02 -9.318264159253747403e-02 -7.861958136767022154e-02 -2.635689800693219800e-02 1.725420038677646095e-01 -1.296021767753232912e-01 -1.264847825993841157e-01 -1.243731998246134507e-01 -1.461385465626955371e-01 -4.193742730302325102e-04 -1.039430663288254814e-01 4.086071226540358148e-02 -1.662104524559589458e-01 3.039862942371027513e-02 8.891931390707991101e-02 -8.596420019377595811e-02 -6.092554592995176599e-02 -2.515049884589740103e-01 -5.777324885747933680e-02 -8.580790747379703209e-02 -4.301468076875501756e-02 -1.044113908576037170e-01 5.466439473832918755e-02 -7.516827162056716194e-02 -5.819013412747312680e-02 4.600289769908456894e-02 -6.806868939729274204e-02 4.715107991813100030e-03 -7.414483547878984726e-02 -1.923835802275677964e-01 -7.650880886746684595e-02 -1.980285100201311377e-01 -3.457877320349323630e-02 -1.604709475244367189e-01 5.861528641816591417e-02 -2.253442471518812551e-01 -8.792770063777052836e-02 5.422500010093361800e-02 4.522411577311050146e-02
1.227849144699840606e-01 1.832173850706193263e-01 5.280362330661186876e-02 2.522161593724195350e-01 3.706771034381161484e-02 7.097430252803360595e-02 1.410765334991151421e-01 -1.234286613419208062e-01 -1.638794410140549940e-01 3.300542943615029090e-01 4.139385231492638817e-01 3.426036607635145614e-01 1.000000000000000000e+00 5.995100509165919300e-01 5.213533693895406884e-01 2.899731533842727083e-01 4.554716461102357172e-01 3.381617935072469550e-01 4.572243872440253099e-01 1.811838157813779326e-01 4.237968311084500672e-01 3.383391518985214286e-01 2.238063664354046911e-01 4.580465831050564152e-01 2.199768895593869414e-02 2.074842227483944257e-01 -1.922881351379676917e-01 2.932556393690570196e-01 3.244542286814547927e-01 1.759280021738040545e-01 -2.583248782309052194e-01 -1.190862368261278448e-01 1.402204015654038259e-02 4.491222631457640335e-01 7.176198201806284482e-02 -8.692007208249301342e-02 5.085985408858303969e-02 -8.566873313048005423e-02 6.478945139733387204e-02 1.913584645681484508e-01 2.301676807524389023e-01 -3.809818687305663309e-02 1.657758742002567454e-01 1.620754925512968292e-01 7.864618244502055711e-02 -1.553169506096679364e-01 2.071652200093873977e-02 -2.696364237928339791e-01 2.199384434645994812e-01 -5.597121316932605894e-02 3.448167144983069754e-01 -1.031827720555374278e-01 -6.706960888412446566e-03 -4.768058428909736218e-02 -2.174585608280814597e-01 -9.540401819020152829e-02 -4.056328948810730695e-01 -3.283559728267605449e-01 -3.711781472403907212e-01 -3.492437341350840829e-01 -3.172875565585179802e-01 -1.948509455896364484e-01 -2.552361075986686600e-01 -1.385470280277136257e-01 -1.914029715811935151e-01 4.363571033042443204e-01 -4.522169795079515886e-01 -2.792801601170279424e-01 -3.609177064026088955e-01 -2.458517886610649683e-01 -4.464476282659066153e-02 -3.550041924976432561e-01 1.681476712071776902e-01 -4.387379198112290046e-01 -3.325131865434086120e-01 -3.362848909678171627e-01 1.975589268677646337e-01 3.731399831299601066e-01 -3.712077140329048813e-02 8.472860922583239432e-03 -4.077910169520740924e-01 -3.105208768723748958e-01 1.149451562502877833e-01 1.904307422755316670e-01 1.815950675194123731e-01 5.407236509352647547e-02 -6.931648521993169498e-02 -4.629543591906212091e-02 -6.895794445591536814e-02 -4.346132161392988746e-01 -2.897048983133428818e-02 -3.666670847021227253e-01 -2.622996533369726380e-01 -3.577014042689213857e-02 -4.231460991583156916e-01 1.444699566044490291e-01 -1.257679561325475426e-01 -4.445712116085813459e-02 -1.107473541600362404e-01 -1.818469058704986763e-01
2.270983161339271417e-01 1.308311230026219796e-01 -9.124601489259526535e-03 2.288469823951840842e-01 -1.946729162081239362e-01 -5.145966103332049596e-02 2.849097718705407845e-01 -2.441057206265660751e-01 -4.499719755638182384e-01 4.069513692223207246e-01 3.796546966050634575e-01 2.742790567204960728e-01 5.995100509165919300e-01 1.000000000000000000e+00 7.932388959713724264e-01 1.858615650222259497e-01 6.721330565378040856e-01 4.747072067707776566e-01 7.135047129477597450e-01 3.126390552360661657e-01 7.187765659083580339e-01 4.298988588127237720e-01 5.365129992280033289e-01 5.702506565099790814e-01 -1.148140498316103236e-02 2.648893546615763150e-01 6.167920130591880018e-02 3.596533189855161128e-01 4.062458408526181119e-01 3.177248680465752373e-01 -3.041414700335685062e-01 -9.717861798406822460e-02 -1.277908730408122973e-01 6.568811917525272381e-01 2.796236301259915624e-01 -1.426614333991046424e-01 2.854808875225950740e-02 2.075485165124609302e-02 -8.556713935568492635e-02 2.161131838596396237e-01 4.511383547245189640e-01 -4.856218226659000936e-02 2.913382521110371992e-01 1.979101641415697554e-01 1.908328752252647642e-01 4.478257355790102312e-02 3.050431337835950441e-01 -1.008847673466871375e-01 2.249945277801072285e-01 -6.355118608388000967e-02 3.956860922138682457e-01 -4.002683118555395714e-01 -1.323157164061635749e-01 -2.477355047111783060e-01 -4.577775265359098067e-01 -2.630743661792296351e-01 -6.625884474199523755e-01 -6.102936728763456165e-01 -6.502067616350156731e-01 -5.690115618503123196e-01 -5.775917574750131234e-01 -5.417474491847007467e-01 -4.876541864021883832e-01 -3.682579865325215640e-01 -2.529047257948846550e-01 6.557991903945555867e-01 -6.231712499103400082e-01 -5.228536364951501536e-01 -5.499872017330682539e-01 -2.969865242609475708e-01 1.027546035468291930e-01 -5.645031419343706780e-01 4.981770130660850282e-01 -6.357790816965700476e-01 -6.016716730123469192e-01 -6.519774015004667911e-01 8.805222122858381850e-02 6.182829053451823764e-01 -1.169094596957761384e-01 7.456873139432475261e-02 -6.163189283583666578e-01 -4.941255078615357510e-01 3.010427590037962342e-01 2.780463938098699517e-01 4.907478021790411815e-01 3.218165393252090944e-01 -1.282112381849813965e-01 8.128682447535579003e-02 -7.761395995897853173e-02 -6.125706348483769270e-01 -1.726155783561843238e-02 -4.888587480189824919e-01 -3.875471728094441737e-01 -2.605730818412132499e-01 -4.773296749789474602e-01 1.927394076316661653e-01 1.858841588860144778e-01 2.849080980849226230e-01 -2.126463021930699304e-01 -3.017726919455495649e-01
2.330209202203110397e-01 1.110996161701590795e-01 -3.140211853615341303e-02 2.547272993733181723e-01 -2.060784254719447706e-01 -7.065931032724492855e-02 2.676232783851540953e-01 -2.988354958928868266e-01 -4.230855919601824722e-01 4.106728181308910153e-01 3.293609149154664295e-01 2.422964346774037214e-01 5.213533693895406884e-01 7.932388959713724264e-01 1.000000000000000000e+00 1.325284299564193913e-01 6.252119977309740229e-01 4.742821829809600320e-01 5.835675197700358474e-01 3.810015993915351062e-01 7.516226558035550287e-01 4.168020730309240918e-01 5.840187512262535741e-01 6.176630936352167645e-01 3.586414756405128385e-02 2.813906244462117678e-01 1.484618873435652464e-01 3.966270965223139267e-01 4.792504289208390778e-01 3.439601515769362128e-01 -2.704159330934065020e-01 -2.838086687873063452e-02 -9.633828507505012850e-02 6.002762276177751044e-01 3.360727357449119768e-01 6.624517509059754325e-03 1.789478094036421885e-01 7.185466910696719500e-02 -5.578833864772509560e-02 2.021845444768653188e-01 4.299472425665894493e-01 -2.435185442469247133e-02 2.933645379992053104e-01 1.930405551911979767e-01 1.475411979142234042e-01 9.643715621787463110e-02 3.064248010394346466e-01 -5.894750518567415387e-02 1.216512228809670110e-01 -3.295091076031164690e-02 3.615127725318580398e-01 -4.383897394157060257e-01 -1.084116354109955632e-01 -2.558708556854443761e-01 -4.496358827906951072e-01 -2.511299899095433275e-01 -6.878390241855664167e-01 -6.192467864481489004e-01 -6.041862613777294611e-01 -5.645275505145137540e-01 -5.583987929056950517e-01 -5.536064687544889340e-01 -4.966749894244535946e-01 -3.852053090756830667e-01 -1.020974078335459140e-01 8.199045745352496750e-01 -6.381437060443083675e-01 -5.584058425395761471e-01 -5.199825669815738571e-01 -2.575344672188437101e-01 2.688048488640937816e-01 -6.183802728504091961e-01 5.788333860823869914e-01 -6.539402826397223700e-01 -5.694290488840090259e-01 -6.284509668174044217e-01 2.302882761942232070e-01 6.149915914210279944e-01 -1.195333877846588566e-01 1.669868339364376786e-01 -6.260945332863080415e-01 -5.312836942928701456e-01 3.023772153215721903e-01 1.806051903867867403e-01 5.199751219185014817e-01 3.318276366624144380e-01 3.103297209874466851e-03 1.171257587976447939e-01 -3.713842252132942834e-02 -6.231247190813031800e-01 -2.616424969064439811e-03 -4.243542223452807516e-01 -4.012204758806184324e-01 -2.759516169025016397e-01 -4.822330215437305445e-01 1.236407428863661312e-01 2.149464593979378002e-01 2.981012559869721801e-01 -2.550855737125068967e-01 -2.665196488934249985e-01
