1.000000000000000000e+00 4.347951642142839912e-01 4.585439867292122051e-01 1.374979013231760194e-01 3.254152278402181464e-01 2.756623883101219086e-01 2.437357557472898673e-01 7.535011395608769147e-03 -2.743699689098365226e-03 3.217862860379092638e-01 1.234984337657768771e-01 1.791654997462435728e-01 -1.784227011607696645e-01 -3.704635853617869179e-01 -3.965269385188759932e-01 4.436434976091526705e-01 -1.837570523284328128e-01 -2.154878506383486048e-01 -3.118519109910621312e-01 -2.956289425341419586e-01 -3.588919067420311415e-01 7.725635751100308479e-02 -2.869418696018593007e-01 -1.539954279311445962e-01 3.129272800730652504e-01 1.491609957334553982e-01 -1.052358796747765307e-01 -2.429420763817770335e-01 -2.635104926581625095e-01 -4.001015247222491911e-01 -1.161386321564416846e-01 -8.411265778995309639e-02 -2.056580985878381784e-01 -2.324929783111962800e-01 6.599262166127896345e-02 -5.884142763001933701e-02 -7.715031511894161753e-02 1.949909408134133659e-01 6.851309047444284483e-02 1.087059320300666626e-01 -1.296694689815487134e-01 2.906001058537610593e-01 1.654732697425168320e-01 2.554196461133983465e-01 1.413344300941252740e-01 -3.404282652526179898e-01 -3.163897719649005902e-01 -2.126060010957485369e-01 2.336534574988856083e-01 -1.042792279153250540e-01 4.538199212830850149e-01 5.171835828955609893e-01 3.486250715559625069e-01 3.648215639820862749e-02 3.108813842009474637e-01 3.416833909626642574e-01 1.714122128692748270e-01 -1.233852268399388830e-01 3.552738579528879614e-01 -1.837038650363812106e-03 -7.055807905301746119e-02 -2.015861817592437821e-01 -4.038421391150078255e-01 -2.380643821048373243e-01 -1.625804588673049333e-01 -3.925365044734704378e-01 7.946921369043777328e-02 -2.839283957958136928e-01 -3.293187839315019350e-01 -1.183473396002927419e-01 -3.348456272632029940e-01 -9.469799353322090607e-02 -2.655896919600003181e-01 3.951486770737898391e-02 -2.734446752142709047e-01 2.781433442774668419e-01 -2.511023589399128397e-01 -3.308222557044846468e-01 -5.306338630715583260e-02 -9.847911779730186832e-02 -2.605305450634036180e-01 -1.367756956669213819e-01 1.580644115170621589e-01 1.680302331738774968e-01 -1.167684441064726908e-01 -3.379128103825839724e-01 -2.428530691510371806e-02 -1.024522017943531177e-01 -1.207772539737182044e-01 -1.276714833218648704e-01 7.266866509141961528e-03 2.710843789700062567e-01 1.478315972755813446e-01 1.983620503218228304e-01 2.596543246106363112e-01 2.337042792853159801e-01 -2.954322133700549857e-01 -2.276115655128289617e-01 2.628254172200002459e-01 -7.015954271990257167e-03
4.347951642142839912e-01 1.000000000000000000e+00 3.608906476950362041e-01 4.603768794419157984e-01 3.319866619379770456e-01 5.136425395955402512e-02 8.417310867368596461e-02 -1.162109460255544430e-01 -1.472819865783659699e-01 2.409428621939258552e-01 -1.970950197552040484e-01 -5.072505054253620416e-02 -3.425014442400699521e-01 -4.103453733448356733e-01 -3.097904404755586483e-01 6.421474712156979292e-01 -3.229600644286284572e-01 -3.354564577227319155e-01 -3.346151691711413134e-01 -3.714953318071000377e-01 -4.230299478233037758e-01 -1.819793444223707368e-01 -3.020117249148129290e-01 -3.521511357075424731e-01 2.756924640491976164e-01 -5.576968002972954724e-02 4.768528741223284316e-03 -2.072880120739858945e-01 -4.507248252928649501e-01 -4.118439096392201848e-01 -1.079247590591646822e-01 1.787994388846359667e-02 1.292579668156658146e-01 -4.483121113650206935e-01 2.644336014453344680e-02 -2.490695712034874665e-01 -2.252965813663271588e-01 2.787704828527025613e-01 9.734793661834587053e-02 -3.769131157838443921e-03 -4.276019369134265169e-01 1.154535928373837256e-01 4.723340531519394647e-02 1.014333130057433058e-01 1.306597671671328453e-01 -2.659721125952031473e-01 -3.174049802094491834e-01 -2.583782596171845802e-01 -1.703354861592294434e-01 -3.140833405660762856e-01 4.895044357988251327e-01 7.393513979132718683e-01 6.051447694375116093e-01 3.333039360716235078e-01 2.199199507719382385e-01 1.454631627914717007e-01 1.001230671917413273e-01 -1.745887276175270841e-01 2.172956749087910089e-01 -2.457067570144210733e-01 -2.834142164749143267e-01 -2.034400164267954059e-01 -3.053064840427753279e-01 -1.517197338969163700e-01 -5.534241636986893254e-02 -3.174774473144609255e-01 -1.107754312029307908e-01 -3.550902261372816393e-01 -4.530044182310695722e-01 -2.738169613046769757e-01 -3.442843385841761750e-01 -2.536253666603602297e-02 -2.169073048705373874e-01 -1.248350615321305451e-01 -2.526506091970595058e-01 7.496753491129720670e-02 -3.488384778903313999e-01 -2.186370466493695319e-01 2.287668592925121147e-02 1.289652619225957822e-02 -2.518754546448050413e-01 -1.381178874319013428e-01 1.758207266458237106e-01 1.647994778470460719e-01 4.792338262580943253e-02 -2.998907819443975553e-01 -1.833073543107185954e-01 5.429726084708101641e-02 -3.828179327404953591e-01 -3.438674107117325462e-01 7.766063273220620566e-02 3.350874219314290414e-01 5.192370365320948117e-02 6.698807116368735159e-02 1.171908898756574974e-01 6.056283293713768390e-02 -2.285291411733666456e-01 -2.907024437818366835e-01 -1.012635846884313434e-01 -2.629734082357503278e-01
4.585439867292122051e-01 3.608906476950362041e-01 1.000000000000000000e+00 -1.184818171206167142e-01 4.708833656316979144e-01 6.796838375214301342e-01 5.457644074895632302e-01 4.768426374041883076e-01 3.940220343297303751e-01 6.213526550233462453e-01 2.263844897375877074e-01 3.951636776500577763e-01 -3.309457481300961956e-02 -3.947075307431228142e-01 -4.751233258332615561e-01 8.468159921064867535e-02 1.025721727126410188e-01 -3.376040782791619455e-01 -3.952880698116089664e-01 -4.652745174250350613e-01 -3.415297098724054403e-01 3.546083729531814277e-01 -2.658839344083466782e-01 1.361856029564845194e-01 4.716782735630128398e-01 3.020407103109417069e-01 -2.516377960287590199e-01 -2.787862131786104092e-01 -1.585962234461022746e-01 -4.114602866581430485e-01 1.978772732242484872e-02 -3.318187078030605530e-01 -4.727583375457163339e-01 -3.774250330357334371e-02 1.183890663235210444e-01 -3.010017527088797995e-01 1.834588552444289464e-02 9.010079382141143733e-02 2.280887491761917074e-01 4.050747521165516396e-01 -4.387413558712595016e-03 5.125127843854848653e-01 3.536171950229066718e-01 1.680015950965628169e-01 1.351481338791909736e-01 -4.252406128917561312e-01 -3.508258102773291753e-01 -2.606577311702465427e-01 3.442627608795748584e-01 -8.568249742753157594e-02 1.852331097809099547e-01 6.060010616840791897e-01 2.536017661268582524e-01 -1.027818791354440653e-01 6.926292535366911363e-01 7.798902539141832069e-01 5.784356230744187588e-01 2.413250968496855331e-01 5.652739471581863517e-01 8.733806613910392869e-02 9.712522168997651806e-02 -1.543113149543273999e-01 -3.832312313727743169e-01 -3.519576047063815438e-01 -3.240820116239306881e-01 -4.717532865686898114e-01 3.439108302745124135e-01 -1.893714946907010810e-01 -3.203919395549640337e-01 -3.077765356291018439e-01 -4.065267407665203447e-01 1.133270017813583358e-01 -2.567674761207397460e-01 3.499158559404533797e-01 -1.976142462804909572e-01 5.129568105665351929e-01 -2.645121734494945698e-01 -3.366649923396913269e-01 2.479564008419813531e-02 -2.633318525480872752e-01 -2.432299454224448043e-01 -3.066895840960371378e-01 3.009828099578272242e-01 1.647999137406960246e-01 -2.633315699305012192e-01 -3.660825556656233104e-01 -4.728440899227719096e-02 -3.184729382321081492e-01 -2.788161543026561606e-01 -4.973280246299222052e-02 1.102800707009995388e-03 4.061532648193955652e-01 3.528304495375790273e-01 5.473114014337331357e-01 5.422603271883218445e-01 6.302578758837326656e-02 -3.923127040619879269e-01 -3.244928939744951557e-01 4.934594300061379557e-01 2.487655461894152861e-02
1.374979013231760194e-01 4.603768794419157984e-01 -1.184818171206167142e-01 1.000000000000000000e+00 2.229046633112206632e-01 -2.531023012085521495e-01 -6.462617841774005722e-02 -2.648817516813908313e-01 -3.171058852091686031e-01 -3.911005653932279370e-03 -2.561269484590629197e-01 -1.924228681969075150e-01 -3.729880769285013886e-01 -1.569114525713996289e-01 -6.579330791876861206e-02 6.696759048010836324e-01 -3.676355111667095610e-01 -2.455645916760134939e-01 -1.300125520975775051e-01 -2.317358521206663302e-01 -1.901975248739926627e-01 -4.285534550266064668e-01 -1.424062498329416726e-01 -3.822934486079301863e-01 -9.949257412975015535e-02 -6.664318222769645417e-02 4.036066436536861479e-02 -2.530719995840677999e-02 -2.981138953567178396e-01 -1.588177055366980506e-01 -3.756908718672611336e-01 7.347851000102005592e-02 3.741381332753102584e-01 -4.433569461493571118e-01 -1.316825807594841358e-01 -2.868956766717015161e-01 -3.775782587657651734e-01 3.106235257036200556e-02 2.335344409086213130e-02 -1.630589120100711664e-01 -5.275810836293574058e-01 -2.502898357168605314e-01 -2.578818226611528375e-01 -4.483685586817332674e-02 -1.089056075779553517e-01 -9.597741170403079058e-02 -1.973718696572339948e-01 -1.422506665400306569e-01 -4.328699436064545880e-01 -5.005819931469782658e-01 3.176322967279888720e-01 2.332924666386408663e-01 5.397803954635892465e-01 7.061905007799332834e-01 -9.577280206631084980e-02 -1.942224713035684003e-01 -1.171520828036727857e-01 -3.427865816441318936e-01 -7.541308929492583635e-02 -2.241410654147981685e-01 -2.895151329011220187e-01 -2.289149267509205665e-01 -9.681143227607470758e-02 1.473034795437583831e-02 3.879287215690141455e-02 -5.571627279405042682e-02 -4.000904085881452077e-01 -2.073310273541562887e-01 -2.511227920343314102e-01 -2.606622086696964713e-01 -1.378236857820608063e-01 -1.421513347697896945e-01 -8.570700395430609630e-02 -2.996362609520261677e-01 -1.112531286603553604e-01 -9.649568877736551531e-02 -1.375941809340604505e-01 -8.036345055429287842e-02 -3.173961033458476133e-01 6.470073747474294756e-02 -5.835623047081301557e-02 -1.475894907057268279e-01 -1.861946384845099278e-01 5.922545188458296778e-02 1.518863790395125202e-01 -7.822970904452983265e-02 -2.066161440847925634e-01 1.012362408576610723e-01 -3.894904502243622946e-01 -4.884348546674447955e-01 -7.021156348159734994e-02 -1.528025983652813169e-01 -8.082686241588837861e-02 -2.719031201557557953e-01 -1.876136985110382349e-01 -1.038804782212076755e-01 -5.902471842003565589e-02 -1.777756200892379457e-01 -3.620162095842899830e-01 -4.854775926220379345e-01
3.254152278402181464e-01 3.319866619379770456e-01 4.708833656316979144e-01 2.229046633112206632e-01 1.000000000000000000e+00 4.964007679764938508e-01 3.430934661211868519e-01 3.103228580057661445e-01 2.454058097767422564e-01 3.823106011558313200e-01 7.825071308975814488e-02 1.812550710517508989e-01 -2.270076746172759730e-01 -2.531458186962657897e-01 -3.389689207592964104e-01 2.795165567960523623e-01 -7.128068836020559629e-02 -2.695312851956052635e-01 -3.128261625947305058e-01 -3.279571579058595532e-01 -3.083135048063079253e-01 2.028042009886909247e-01 -1.201258501247894767e-01 -4.864367604112718180e-02 2.290648889627557583e-01 2.258149138046423032e-01 -1.816253551242810182e-01 -1.555984731506070695e-01 -1.222823163696276222e-01 -2.736812098682956385e-01 -2.700818930747830859e-01 -2.550613501318928500e-01 -2.441648813325467404e-01 -8.100241953739402423e-02 -3.746286267988728491e-02 -3.194133267472104576e-01 -1.023350280299881593e-01 2.628442916159033985e-02 2.120425934428974979e-01 2.989601046651075844e-01 -4.400890244089541298e-02 3.828641383980712076e-01 2.678016489934145761e-01 5.974408392886781938e-02 -8.874968599357276056e-02 -1.657971104888409930e-01 -1.947723924618727509e-01 -7.830229075875619338e-02 2.141381779254511453e-01 -1.474295121380430340e-01 6.175528106123359673e-02 3.645195962751885954e-01 2.100508804285314834e-01 1.789803667553027944e-01 6.238942295469095400e-01 4.823895746631146064e-01 3.993509881831682207e-01 5.938098426832022492e-02 2.551059428016191344e-01 -3.337522444147644068e-02 -1.298688637083214061e-02 -2.554315499294695369e-01 -2.596542217348015158e-01 -2.251689684839888739e-01 -2.262531018466913402e-01 -3.450091750595505879e-01 1.657681509876309800e-01 -1.857575572658491658e-01 -2.820301529635663162e-01 -2.648682254593321406e-01 -3.792402541470140109e-01 4.613519820806370048e-02 -1.291560288671177725e-01 1.011742799719475422e-01 -2.719749187196419116e-01 3.041569586401373648e-01 -1.847550627045481952e-01 -2.010198818161685608e-01 -3.118482105132610593e-01 -2.797412333717707589e-01 -1.903038014066777694e-01 -2.204584771446771174e-01 -1.056100509226425982e-01 2.574955990181369836e-02 -8.233178049732620130e-02 -1.424103295495093569e-01 -1.138530365332793975e-01 -2.000085648470410205e-01 -2.686136404992962023e-01 -1.299252592811841189e-01 -1.570551442733219283e-01 1.125149707765503576e-01 2.495781557576962906e-01 4.021507747357831453e-01 3.037078550317933168e-01 -1.096667904575358982e-01 -1.359321490517136632e-01 -1.407320869180819500e-01 3.248425353087168732e-01 -3.410460080539522154e-02
2.756623883101219086e-01 5.136425395955402512e-02 6.796838375214301342e-01 -2.531023012085521495e-01 4.964007679764938508e-01 1.000000000000000000e+00 6.160312295115347725e-01 6.146054567024719084e-01 4.998171755217195034e-01 6.085536950842419524e-01 3.378900336535587967e-01 5.181072693484097824e-01 -9.719500219652829620e-03 -1.966396671815997810e-01 -3.404079124283790891e-01 -1.656512735707832418e-01 1.611417923042854083e-01 -1.644728573044075270e-01 -2.270410672935709862e-01 -2.577558635916599727e-01 -2.063217183929844656e-01 4.338082063358081331e-01 -9.834519995084416155e-02 1.925844032207152112e-01 3.074810932829855070e-01 3.978344924276620564e-01 -2.592600618125087686e-01 -2.355267039520299310e-01 6.482526712559277815e-02 -2.545600394226521512e-01 4.515978697578647109e-03 -3.539971189151310260e-01 -5.242952268695990625e-01 1.099118546046940759e-01 1.125758816357830261e-01 -1.684154877358626512e-01 1.672380698272130928e-01 -7.459335093773167280e-02 2.745820572281900684e-01 6.214741350071346648e-01 2.404186301793772018e-01 5.988346756962047435e-01 5.137032955253022504e-01 1.854347510120036013e-01 1.033802492161992742e-01 -2.597400036670607926e-01 -1.645112726235345435e-01 -1.094597190684580279e-01 5.510327498376893507e-01 8.359260511276629668e-02 -5.637823253424915915e-02 2.525033874727748984e-01 -3.700469479295677433e-02 -2.571793154824579264e-01 7.757492498563181016e-01 7.998200703304044756e-01 6.494679135478305110e-01 3.480473357039782778e-01 5.306842851498093649e-01 6.140964074580863852e-02 1.681347552392534750e-01 -9.506614556827207296e-02 -2.075559508498685812e-01 -2.366027294793005831e-01 -2.632726674581435389e-01 -3.420029525328577846e-01 5.505775967760200285e-01 -5.312841024725897116e-02 -1.092899104435078039e-01 -1.913561711580065994e-01 -3.203707037530310053e-01 1.993016465173033658e-01 -1.212722466150429751e-01 4.090507169807670040e-01 -1.269605000749185475e-01 5.286578119400584530e-01 -8.620107220398046111e-02 -1.998457323642607308e-01 -3.334342080910883410e-02 -2.638450805928934662e-01 -1.364359789363265574e-01 -1.909542575577395374e-01 1.989419166633062674e-01 7.776436919256102254e-02 -2.573369539738044054e-01 -1.840459558687898844e-01 7.191152968047760663e-02 -2.913765408989968386e-01 -1.029238813743426351e-01 1.052678647099571096e-01 -7.104965617948859335e-02 2.000105751863847647e-01 4.506492873862391058e-01 5.810705265323319324e-01 5.552857690126370427e-01 5.310017111869043405e-02 -2.479269848741185722e-01 -1.126544070614752951e-01 6.595156699523452293e-01 1.715766367154361871e-01
2.437357557472898673e-01 8.417310867368596461e-02 5.457644074895632302e-01 -6.462617841774005722e-02 3.430934661211868519e-01 6.160312295115347725e-01 1.000000000000000000e+00 6.640815383942922923e-01 4.506476633573608392e-01 5.907195438741726923e-01 4.221247118991454106e-01 5.475952394884590069e-01 -5.341180136006571516e-03 -6.997228465063716485e-02 -2.036866096798196635e-01 -7.048589141921647594e-02 2.361789474152210522e-01 -1.163765602478896849e-01 -1.926109178360925211e-01 -2.031272399392055339e-01 -1.166991888276301681e-01 2.853762910638132921e-01 2.559124076258541269e-02 2.325221993347765803e-01 1.796777540070771673e-01 4.510598904413209431e-01 -1.290212097781835987e-01 -1.227313627235988441e-01 1.485016229184781822e-01 -1.357162725683071225e-01 -1.513516636545812477e-01 -2.285780755504001893e-01 -4.981372252525796407e-01 1.361009586076761535e-01 6.570518562338217676e-03 -3.058691927659783483e-01 1.769332052526820243e-01 -1.328996112294343612e-01 2.540525576747282854e-01 7.283596441340524086e-01 2.421332523445751672e-01 3.640898187279560383e-01 3.062508685025119859e-01 8.685987230415644078e-03 -3.269408526075626154e-02 -2.020208770659079611e-01 -6.875373813505550324e-02 -1.642255170817154275e-02 3.252306937769758322e-01 -4.569302271499862261e-02 -9.358146001782595425e-02 1.539516132132443815e-01 -4.850631000204606164e-02 -1.178048216902193163e-01 5.396057597075771817e-01 5.477274902353174157e-01 6.004511327425846590e-01 3.554881566588756203e-01 4.281385495785202666e-01 4.120846727469313492e-02 8.430103647515894971e-02 -1.013440078763934299e-01 -1.349729577236072342e-01 -8.272809446123229049e-02 -2.457801359148705303e-02 -2.128192985229930001e-01 4.232679526258028013e-01 4.424652322870776394e-02 -5.283847496852023262e-02 -1.848816194718577166e-01 -1.930826806585408117e-01 1.179326134203429466e-01 1.727563402745061578e-03 3.775084518191216820e-01 -2.130274442038091604e-03 5.201681142630817378e-01 9.152410461699450606e-02 -7.020147661573895859e-02 -2.063566083272816154e-01 -2.570691853606502097e-01 -8.733340669667412348e-02 -2.441476853152809434e-01 3.705715515594925485e-02 2.975038077373134623e-02 -1.167183555923502480e-01 -1.352586326808531136e-01 1.705430299162518926e-01 -2.431933215353042910e-01 -1.804231680163061180e-01 1.890776174439338236e-02 -2.256619911726633065e-01 5.475646784778394669e-05 3.610871216852308829e-01 3.142653377287404348e-01 3.594852237180677368e-01 -5.561862398858223588e-02 -1.620813687522326407e-01 -8.905796849674056659e-02 4.506411452905384474e-01 8.857761447815384881e-02
7.535011395608769147e-03 -1.162109460255544430e-01 4.768426374041883076e-01 -2.648817516813908313e-01 3.103228580057661445e-01 6.146054567024719084e-01 6.640815383942922923e-01 1.000000000000000000e+00 7.643660695236167424e-01 3.848723520563021583e-01 3.925897714532876615e-01 4.396793896577724792e-01 8.169770332391905476e-02 1.620241826284034292e-02 -1.091117845414303483e-01 -3.068807051753973947e-01 3.290002761255049757e-01 -5.158772431115824647e-02 -1.825740860662951326e-01 -1.447334632016061551e-01 2.515775420374745733e-02 3.448510038339505646e-01 1.491864156724141965e-01 4.282910102713036182e-01 9.667339007802054629e-02 3.418379326761761261e-01 -2.402771323124747449e-01 -1.062525510953754443e-01 2.494219098573511040e-01 4.010604898598412599e-02 -3.060847819933057434e-02 -2.828838281345407157e-01 -5.444041556479519706e-01 3.178293142187908482e-01 -1.569994349933835354e-01 -2.286079047079757065e-01 2.055240363285295579e-01 -1.886388838667540646e-01 1.649776677887309084e-01 6.077152815664873531e-01 4.555665523287331098e-01 3.132369758487100198e-01 2.503625627581237412e-01 -1.618393216430889514e-01 -2.061858528553734693e-01 -5.055615906778695295e-02 1.425103182469771024e-02 7.706813764109321507e-02 4.605131490447561537e-01 1.713154644309863306e-01 -2.434268421270366911e-01 3.437598136241248881e-02 -1.588422265075834228e-01 -2.487819541143397872e-01 4.808376740017907824e-01 5.656449571145769628e-01 7.215038027140733279e-01 7.049420492838506247e-01 2.425700304343130498e-01 1.618568847290233759e-01 1.805583554419563086e-01 -1.092525326449512307e-01 -2.378163766374471674e-02 -8.266570277974093217e-02 -1.220374585865477424e-01 -9.805057586812292170e-02 5.301188082101900845e-01 9.032602264026051708e-02 7.754085430827849061e-03 -1.806162696976704174e-01 -9.564678330765025160e-02 2.258625466248802283e-02 8.562329357325654255e-02 5.320731538689187357e-01 -6.453442845321094579e-02 3.704091505172658616e-01 1.167438192988254630e-01 4.842613555035810667e-03 -1.417337385290709240e-01 -2.820019189305173479e-01 -7.411091468477698507e-02 -3.352868749333311471e-01 -5.128204919196539119e-02 -2.308639435120911354e-01 -1.644803171437145828e-01 6.095501252722296259e-02 1.172110433737345719e-01 -4.123336462029290606e-01 -5.715680522971294114e-02 2.143559652220657641e-01 -1.354834886341622913e-01 1.426740641833852252e-03 3.532170977521800204e-01 3.829541595625147177e-01 3.018128223026299017e-01 -2.724133139524684277e-01 -2.778455186441851354e-02 4.619235637119323973e-02 5.789083653039691635e-01 2.985619982257588512e-01
-2.743699689098365226e-03 -1.472819865783659699e-01 3.940220343297303751e-01 -3.171058852091686031e-01 2.454058097767422564e-01 4.998171755217195034e-01 4.506476633573608392e-01 7.643660695236167424e-01 1.000000000000000000e+00 2.855160239493500507e-01 3.322270708511259052e-01 3.149879758566674348e-01 1.439824482760579394e-01 1.185593017960618646e-02 -4.951792239624224629e-02 -3.329594855895289252e-01 3.383944530588304800e-01 9.601075868153986781e-03 -2.166565463153994897e-01 -1.289997677983260871e-01 2.810627295652827137e-02 3.689918653603020404e-01 1.812455980205504025e-01 5.112183242298438124e-01 1.720033127793211547e-01 2.562628982306758840e-01 -3.071692282037525867e-01 -1.012304209244476311e-01 2.062584840775625872e-01 1.035199837109044424e-01 3.328004853941941843e-02 -2.736847773449483379e-01 -5.000441861029973900e-01 3.283772817826270396e-01 -8.503123356161007562e-02 2.002218030163780901e-02 1.694586278125931045e-01 -6.700302187967413503e-02 1.193108802846012118e-01 4.197933028921896348e-01 5.461875503076464300e-01 2.767804129866943130e-01 2.330903653846357892e-01 -8.698399295918968210e-02 -1.352382134483171572e-01 -3.216788169394682595e-02 -2.491196185240194400e-02 8.181613504921222968e-02 4.757727371417230788e-01 3.188777280377352863e-01 -2.307314952379207196e-01 2.216037277786353510e-02 -1.866502081033809546e-01 -2.323405737942624838e-01 3.894771810463723005e-01 4.922994503103270691e-01 6.879663877532667948e-01 8.263992970943414562e-01 1.938415901849535605e-01 2.137361424373591667e-01 2.091240278232746330e-01 -1.167866529724991970e-01 -1.538960057280708846e-03 -4.015062894787801290e-02 -1.432896279863143385e-01 -2.396117745019395520e-02 6.021534777196795307e-01 5.115224145163321107e-02 -3.385457263659259752e-02 -8.880846776928633113e-02 -1.325365744314102034e-01 7.662560752996995170e-04 1.467050285130621912e-01 5.051832478457614073e-01 -3.386028422102806829e-02 2.822364955480473059e-01 3.095719825300637801e-02 7.751022869846598169e-03 -6.739369756128572864e-02 -2.716941114958377201e-01 -9.456074344784806684e-02 -2.116877477941923325e-01 -2.997329301387659239e-02 -1.938227782238359231e-01 -2.356619561100031235e-01 6.205319620887302795e-02 2.921934330532931223e-02 -3.815381621600009154e-01 1.027462923792776539e-01 3.707786574462935691e-01 -9.785642035114057447e-02 4.555103433811550501e-02 2.478433600601031017e-01 3.283161516485007536e-01 2.496253302421312104e-01 -2.275143497923368119e-01 -2.507378730493603491e-02 7.018393738828226924e-02 5.588411991261772460e-01 4.170332275840905045e-01
3.217862860379092638e-01 2.409428621939258552e-01 6.213526550233462453e-01 -3.911005653932279370e-03 3.823106011558313200e-01 6.085536950842419524e-01 5.907195438741726923e-01 3.848723520563021583e-01 2.855160239493500507e-01 1.000000000000000000e+00 2.361748204257058670e-01 5.226169435350005443e-01 -2.284414803754622122e-02 -3.803209210877513957e-01 -4.190239078337696932e-01 1.002376328295041807e-01 9.265687019005358627e-02 -3.715319865690018819e-01 -3.564721575016687183e-01 -4.789378687270601787e-01 -3.498700566923307331e-01 3.134095859928482941e-01 -2.776666959522086642e-01 9.954006443793257664e-02 5.281708290839153275e-01 4.032431358998329607e-01 -3.126677824423732543e-01 -3.127768925511409948e-01 -1.865771630882515908e-01 -3.822633248919162230e-01 -1.941048924524350905e-02 -2.470196271758616779e-01 -3.795380594847255207e-01 -1.036581280148335116e-01 1.348160573668890083e-01 -3.615154229278577103e-01 -1.170952496872665061e-01 8.862154817602631296e-02 3.236087294476043819e-01 6.049638487628300476e-01 -6.808077423441641352e-02 5.209689114744883165e-01 4.157070973966129901e-01 2.108907898657247093e-01 1.208282390085501784e-01 -4.978134944711365417e-01 -4.133675852637593851e-01 -3.311262281146857833e-01 1.463820125366144531e-01 -2.054526112156065676e-01 1.158524916682119738e-01 3.920195561173213106e-01 2.037531179122590297e-01 -4.929411475906441548e-02 5.893655704821875174e-01 5.984326064442778703e-01 4.576846507278916620e-01 1.278605729158537596e-01 7.383518022827836313e-01 -5.348126821678905046e-02 6.738557755583145584e-03 -1.027302428813355872e-01 -3.429570965777988256e-01 -2.693756680369440160e-01 -2.225473029696781735e-01 -4.035618909303246848e-01 3.757985559014381804e-01 -2.088630692551847468e-01 -2.865603153129605007e-01 -3.311273215658727120e-01 -4.044953972327199332e-01 9.179008120996644260e-02 -2.609461831577027935e-01 3.202281708713956565e-01 -1.130113993070221007e-01 5.767897542634854435e-01 -2.794929300041295028e-01 -3.333810652675396891e-01 4.418204502064864737e-03 -2.000007035027635272e-01 -2.089465488225902834e-01 -1.889524541927047885e-01 2.977669930910011309e-01 1.871262614137585989e-01 -3.306583721812448862e-01 -3.996364786579434392e-01 -1.590563719330789494e-01 -3.146601756641942971e-01 -3.722565372811150186e-01 -1.202722511330865524e-01 -3.587546813444729421e-02 3.662760849646367611e-01 3.907006924940350512e-01 4.534270337412625862e-01 4.746004949624127445e-01 9.452117683298438822e-02 -4.997025264733278016e-01 -3.604092909435118730e-01 3.146856592324824287e-01 -8.339405073926110801e-02
1.234984337657768771e-01 -1.970950197552040484e-01 2.263844897375877074e-01 -2.561269484590629197e-01 7.825071308975814488e-02 3.378900336535587967e-01 4.221247118991454106e-01 3.925897714532876615e-01 3.322270708511259052e-01 2.361748204257058670e-01 1.000000000000000000e+00 7.692194782602018721e-01 3.419165354792537137e-01 2.294391760097116428e-01 1.146500204448369087e-01 -1.922465757261654362e-01 3.053487220196855478e-01 1.425552263946720244e-01 1.193469155385456087e-01 1.097185757510920484e-01 2.196053650614224195e-01 4.030426931066677376e-01 2.109847195701433920e-01 5.541114542340770388e-01 -7.519429254511321437e-02 7.079955312605803464e-01 -3.104633515463192661e-02 -4.124280510613322764e-02 2.716371663029593653e-01 1.350659234881447790e-01 -2.603109979496847082e-01 -1.530233538727318043e-01 -3.742529638358127464e-01 2.385428888162705319e-01 2.833832133638012341e-01 4.287507652735151470e-02 2.582030413931734603e-01 -3.053243152250917913e-01 -1.737480885374742545e-01 4.395672262827504118e-01 4.148273420062226213e-01 1.244658379687331728e-01 3.724218744502915124e-01 1.319256847967286428e-01 2.152421825084401344e-02 -2.473660169262256042e-02 9.886234576938052188e-02 1.261458076095501313e-01 3.804264475611177088e-01 1.587464126825095800e-01 -2.801291418238411324e-01 -1.158816269511690478e-01 -3.875623017298011064e-01 -3.795492317217163403e-01 3.289832756188821317e-01 1.851668688054502465e-01 2.303239916342964821e-01 3.448874277937092891e-01 3.763711115502357263e-01 6.605654106310616669e-01 6.205276035429870829e-01 1.611156170486824080e-01 3.153128909758510113e-03 1.194278396281828608e-01 1.602859792402298034e-01 8.640966491631223156e-02 3.457195111218400174e-01 2.234325620443501081e-01 1.618079573496556123e-01 -5.048621321194894131e-03 1.234142165519453577e-01 1.281061167252372512e-01 1.474475799959333588e-01 5.320395395819117468e-01 3.204320218504367324e-01 5.776789333751126687e-01 2.665042681216712728e-01 7.771133005297857499e-02 -2.928892463827099668e-01 -3.113242432093809575e-01 8.274610905453752552e-02 -1.868819775229609848e-01 -3.571062045307787924e-02 2.253479182021708993e-01 -1.145410429769461308e-01 -5.659903156250341294e-02 3.224874345372951701e-01 -8.200924420875162213e-02 1.116203118910878839e-01 3.010204466925632816e-01 -3.795280576443406662e-01 -1.796457552538721358e-01 1.366753838794643357e-02 5.370571063214499979e-02 3.983141579676403587e-01 1.727469214638764905e-01 -8.111299041837693666e-03 5.532272657307301528e-02 3.835471355678622962e-01 2.210173574598431057e-01
1.791654997462435728e-01 -5.072505054253620416e-02 3.951636776500577763e-01 -1.924228681969075150e-01 1.812550710517508989e-01 5.181072693484097824e-01 5.475952394884590069e-01 4.396793896577724792e-01 3.149879758566674348e-01 5.226169435350005443e-01 7.692194782602018721e-01 1.000000000000000000e+00 3.219591457564719983e-01 4.785712834873580984e-02 -8.289820340486205030e-02 -1.318421902851227012e-01 2.955777599430284286e-01 1.704877741175798295e-02 5.737455137108898699e-03 -9.785103565569465423e-02 4.685075290931586811e-02 4.182483717258839162e-01 3.681851412806210616e-02 4.392793736744137756e-01 8.767290325679087670e-02 7.837975832143508903e-01 -1.700946946982200836e-01 -1.804633379812130289e-01 1.562449957027975678e-01 -4.415245657424946013e-02 -2.174641361599209677e-01 -2.068580133824942380e-01 -4.326261043945928697e-01 1.633057597009953954e-01 2.915067166170910440e-01 -1.054342752105640046e-01 1.687224916491653348e-01 -2.789591605857711376e-01 -5.845385260443062420e-02 5.627783179225733790e-01 2.471530795489323418e-01 3.147111773687537584e-01 4.841584579746429640e-01 1.877107692225154223e-01 1.229726369203700959e-01 -2.857903873829077401e-01 -1.186749419553480289e-01 -9.304366520004055119e-02 2.856077418550212466e-01 2.229829661219356884e-02 -1.568986940310004852e-01 4.234403932111262953e-02 -2.040076418910874434e-01 -3.262683001672993521e-01 4.572694884669756266e-01 3.455904612672306975e-01 3.465344050710336687e-01 3.059221233748244950e-01 6.042921245409673681e-01 4.066626820076737481e-01 5.040958900526276709e-01 1.771304618015978050e-01 -1.119664498592402996e-01 -4.249650590147625862e-02 1.116435717578648235e-02 -9.753436780263707861e-02 3.690092761031301682e-01 1.285260493871671628e-01 4.140487758888031222e-02 -1.048014048679199728e-01 -5.329561990062942067e-02 1.552040804367139093e-01 -2.587024675434769147e-02 4.995723749577287709e-01 2.732536421760369261e-01 7.530916893522946465e-01 1.451927807683169591e-01 -6.052850572401780038e-02 -1.976421909197252913e-01 -2.301411577659342456e-01 -2.144274969899679154e-02 -2.363144521969536838e-01 1.417882155944377442e-01 2.384571416518786735e-01 -2.733389328336451873e-01 -2.627531853732186784e-01 2.190489118958909576e-01 -2.268857716077355702e-01 -6.278857494940753847e-02 1.564039204624279589e-01 -2.704964248006679894e-01 -4.447839862265500627e-02 2.456043665616139404e-01 2.015288251187406510e-01 5.121932000740634372e-01 1.703168745831242226e-01 -2.817808999907066569e-01 -1.573817526658415344e-01 3.401412735714334779e-01 1.077107063486290039e-01
-1.784227011607696645e-01 -3.425014442400699521e-01 -3.309457481300961956e-02 -3.729880769285013886e-01 -2.270076746172759730e-01 -9.719500219652829620e-03 -5.341180136006571516e-03 8.169770332391905476e-02 1.439824482760579394e-01 -2.284414803754622122e-02 3.419165354792537137e-01 3.219591457564719983e-01 1.000000000000000000e+00 3.549037536069864496e-01 2.940866732209494461e-01 -3.550686189302106888e-01 5.071836351793905795e-01 2.875688259020314774e-01 3.854686070782863960e-01 1.935533042530514780e-01 2.759040834410255161e-01 4.332131102730939487e-01 2.103373011064489650e-01 5.025036385105068337e-01 -1.165714961515111753e-01 2.521777572620482744e-01 1.941431749406746787e-01 1.472331385120651259e-01 3.547993933313021708e-01 2.545876046423785621e-01 7.197213584783059004e-02 4.827010510286335043e-02 -1.358861821223690258e-01 3.921093169704227277e-01 3.613318606894088125e-01 2.366241326302970238e-01 3.219149759194634974e-01 -2.570687111187671681e-01 -1.003108423962248141e-01 5.695532113767896171e-02 3.387996968488145022e-01 -2.899448444447704290e-02 1.414648024478931954e-01 -9.008694820980335527e-02 -5.907263968565425183e-02 6.712957498303885606e-02 2.340978132423300051e-01 7.270979517848939755e-02 1.168663561125821565e-01 2.885309403522569038e-01 -2.051070959541238803e-01 -2.207069238169551972e-01 -3.848808714098835293e-01 -2.708572888221785768e-01 -1.084483956333902183e-01 -6.378979374205963337e-02 -6.271137176280286440e-02 2.617405104672475002e-01 8.230092537479695436e-02 3.443276145444333913e-01 4.938796523237360958e-01 7.175458400000126469e-01 2.351721878398471965e-01 1.548877661721497212e-01 1.695835139896931798e-01 2.572170042409993029e-01 7.345107203744059843e-02 4.091820905353959481e-01 2.946584780285800842e-01 1.274851547073520275e-01 2.242551778418095665e-01 2.585286511602389314e-01 1.206227398944623164e-01 2.356799313256363604e-01 4.918802078387520815e-01 1.605731288557668279e-01 3.184803943715087127e-01 2.368995092663126190e-01 7.028960239720978553e-02 -1.362334937312929296e-02 2.253151938616853034e-01 -2.404087810272767869e-02 3.769427030277439084e-02 1.659020479776154022e-01 -2.979256595281740833e-02 -3.052103125894047378e-02 2.870595870957241558e-01 9.028205515507105317e-02 2.433176140917386598e-01 3.260399875706939676e-01 -6.338768558956564547e-02 -1.772625983271175765e-01 -3.391135245213572347e-02 -2.521605861881797903e-02 1.160089382988746809e-01 3.218314578632998357e-02 4.504328398826876190e-02 2.301658540570392097e-02 2.997552124270821614e-02 2.703501232818286693e-01
-3.704635853617869179e-01 -4.103453733448356733e-01 -3.947075307431228142e-01 -1.569114525713996289e-01 -2.531458186962657897e-01 -1.966396671815997810e-01 -6.997228465063716485e-02 1.620241826284034292e-02 1.185593017960618646e-02 -3.803209210877513957e-01 2.294391760097116428e-01 4.785712834873580984e-02 3.549037536069864496e-01 1.000000000000000000e+00 8.354228664870818610e-01 -3.107720770912696384e-01 3.940089853160934075e-01 6.433333762937677447e-01 7.533851871851130477e-01 6.944439511047802993e-01 7.041456440935395245e-01 8.120401954593466087e-02 8.205672147492895085e-01 3.268751913725337355e-01 -4.124179869179102620e-01 1.428879299196953723e-01 3.220512253465779295e-01 4.881208352439236342e-01 7.038564546479320061e-01 7.686908533746475980e-01 -2.070771552598559551e-01 1.379248453968964783e-01 7.486910913820974886e-03 5.489289111452273495e-01 -2.471216798647956400e-03 2.992147493446957185e-01 3.798642918586991879e-01 -4.245349102937813757e-01 -1.368226886237459139e-01 -1.131621637724018400e-02 4.171352902509535832e-01 -2.270727559761216430e-01 -1.079797608068639447e-01 -1.306600271573357119e-01 -1.595854709904190594e-01 6.542920722857842319e-01 7.551571832514809568e-01 7.130845216564030142e-01 2.327494237485297490e-02 2.966809078124738597e-01 -5.311465824538179614e-01 -5.454596721821414196e-01 -5.504810651173344116e-01 -1.126929586008862255e-01 -2.909223372248493367e-01 -3.409369028246075350e-01 -1.286445760728628374e-01 2.088269821086881084e-01 -3.749222880520980961e-01 1.998030061668999990e-01 2.263295351315496862e-01 4.127880020237677527e-01 7.229138584788586952e-01 6.706962000584576478e-01 6.138120436690185366e-01 7.941158198992483985e-01 3.582524794526542600e-02 7.354051323968531229e-01 6.578821605748546020e-01 3.531367008636319138e-01 6.040623689028487009e-01 2.309037597256907437e-01 7.345608761306799961e-01 7.214356888726222716e-02 5.057776262394444444e-01 -9.691330492071914549e-02 7.766936522580072388e-01 7.833825488477247356e-01 -2.791836578439824135e-01 -8.207206000513316002e-02 5.939354021685767648e-01 2.100697275180474222e-01 -3.353225512314100265e-01 -1.504212264550256195e-01 3.509993752904778108e-01 5.593187899530044360e-01 4.494104211596886556e-01 3.758431189593863242e-01 4.467941261567562883e-01 3.103774582903043866e-01 -3.830473205410631077e-01 -5.100700636885304728e-01 -8.948991105249635980e-02 -2.634422592999327573e-01 -2.494379559965497484e-01 -2.467015010021463353e-02 6.755513877320444838e-01 6.680309076690282843e-01 -1.212465234312334744e-01 1.972158552770549300e-01
-3.965269385188759932e-01 -3.097904404755586483e-01 -4.751233258332615561e-01 -6.579330791876861206e-02 -3.389689207592964104e-01 -3.404079124283790891e-01 -2.036866096798196635e-01 -1.091117845414303483e-01 -4.951792239624224629e-02 -4.190239078337696932e-01 1.146500204448369087e-01 -8.289820340486205030e-02 2.940866732209494461e-01 8.354228664870818610e-01 1.000000000000000000e+00 -1.861018434672956356e-01 2.610230132537672554e-01 5.564212739312384137e-01 6.426402561388988577e-01 6.214856634528128643e-01 6.462937050970894992e-01 1.082835957018903408e-02 7.954158969000595381e-01 2.778850993353033649e-01 -3.850764078387995948e-01 2.046484814680717135e-02 3.607649827361293360e-01 4.896156366385090997e-01 5.300638918295467183e-01 7.944411876587103016e-01 -1.890767675534497094e-01 2.084818728857929793e-01 1.553668889582402179e-01 3.700780572059660378e-01 1.300045881897246396e-02 2.981419834973316751e-01 2.852201249507297920e-01 -3.378540842940042088e-01 -1.402740738811120158e-01 -1.216287733348051098e-01 3.126263470130426492e-01 -3.243219503575811014e-01 -1.915485447879637648e-01 -1.636736127585198541e-01 -1.404239605959020365e-01 6.890366081204096771e-01 6.884953914171100253e-01 6.859628670350723656e-01 -1.074948710019559828e-01 2.073288853060376580e-01 -4.376818304232584222e-01 -4.997334418085032093e-01 -4.346642588163137644e-01 -6.680862527719197419e-04 -4.199519872879858839e-01 -4.411294691004867818e-01 -1.965291337673187866e-01 1.617993055423137261e-01 -4.272892574862829917e-01 1.925446493656391977e-01 1.473656411792833576e-01 3.634290204735228236e-01 7.184528439572243075e-01 7.593750265243628395e-01 6.769544721730340608e-01 9.065751801735200122e-01 -9.930355864943821512e-03 5.968713689201777806e-01 5.242315450787574660e-01 2.915278764169760839e-01 5.590641875240476288e-01 2.164197577533691075e-01 7.816000946370963431e-01 1.706666284755639640e-02 4.590763271180313687e-01 -2.008993349483145507e-01 6.265306499489068370e-01 8.083436043053255915e-01 -2.225534896773195270e-01 -4.188550848806676941e-02 5.339854422026545366e-01 2.073505593232992661e-01 -2.954653516619365483e-01 -9.202203312108028777e-02 4.047659387356410399e-01 5.750966993376336323e-01 3.362693648219848841e-01 4.268249153813600816e-01 3.647331476544462547e-01 2.548595499634842554e-01 -3.407931608429291548e-01 -4.514772272116343577e-01 -1.800993738620547957e-01 -3.528905790011744315e-01 -3.069244345682625164e-01 -3.643823764025209966e-02 6.882524960863215524e-01 6.565285914546712398e-01 -2.489070503320179595e-01 1.009280033295119061e-01
