1.000000000000000000e+00 -2.185412288830837491e-01 1.906044009368450254e-01 -2.692686446484200413e-01 -1.291929245642273183e-01 5.960253461616638049e-02 -6.378747816602199638e-02 6.553190251550526646e-02 2.099725468801503375e-02 5.769701950124616480e-02 -1.759573869476028368e-02 -9.971110299134004762e-02 -2.892355396865194939e-01 -3.883230607732317541e-01 -3.956387901260504103e-01 -4.458324314429078228e-02 -1.959720311858605679e-01 -3.491365114884933951e-02 -2.834879112057064887e-01 -9.688795539729828932e-02 -3.194559360777626256e-01 -1.527757257780317235e-01 -2.856007616406046612e-01 -1.074088045638653954e-01 2.983443295430673325e-01 -1.976967923967724167e-02 -2.567109090571279006e-01 -2.532763928628938288e-01 -2.754900060955569607e-01 -3.067159506592107010e-01 1.387965369122418635e-01 1.097364985395305331e-01 -1.186946813649112781e-01 -6.534593471638892870e-02 -1.430227752702769861e-01 5.920753438556954767e-02 2.655771828996166331e-02 2.225619220971263024e-01 -1.569938615317726938e-01 -6.808779752024601839e-02 -1.439994889386119747e-01 1.032751828881312284e-01 -2.484635842448722556e-02 1.055909284072583387e-01 -5.454758909411003276e-02 -2.213074601098153071e-01 -2.098157863373667498e-01 -1.977628347306504553e-01 3.047294062073688803e-01 5.176579687356899079e-02 4.874130931098030195e-01 -7.487628965025585346e-04 -1.750336650946949235e-01 -2.229754509287218966e-01 8.393348238838356512e-02 1.052401744360825370e-01 2.136577615797103508e-02 -4.700487662263488561e-03 6.917566860127280504e-02 -5.131554619015368801e-02 -9.183539617301070268e-02 -2.361152168955294728e-01 -3.307762309891095764e-01 -3.384581927487190223e-01 -3.940947354747119102e-01 -3.746629727174753954e-01 5.016685696480584211e-02 -2.140156236905925713e-01 -2.288653631037612934e-01 -7.818597185101403002e-02 -2.883569078381388318e-01 -6.648520779970219785e-02 -2.514089163483990697e-01 -9.824080231416383591e-02 -1.264224111599750733e-01 1.087074156336277631e-01 -3.451317190493315423e-01 -3.730901876362967551e-01 1.046706316019657967e-01 -7.988036684524255082e-02 -2.981515632663083171e-01 4.724718919675415831e-03 2.492731859808471062e-02 -5.143601703082955473e-02 -2.876761920426967323e-01 -2.387800829200173169e-01 -1.368003147411023801e-01 -1.571203698464653242e-01 6.378814189330324347e-02 -4.049715013969845678e-02 -7.172529559530953225e-02 1.655618484066731511e-01 -1.131952402625438364e-01 1.064741099272879382e-01 -6.976097203828835434e-03 6.495143939899200580e-02 -2.300676649765594772e-01 -1.714603066587787883e-01 2.107959546967633491e-01 8.493005894684636792e-02
-2.185412288830837491e-01 1.000000000000000000e+00 4.684042213053042358e-01 5.543134320759276479e-01 6.038839876112978011e-01 3.292626396482176698e-01 1.158502794004166864e-01 3.184173236351633962e-01 3.518422330146011578e-01 -9.596432360521003901e-02 -9.840383481229648954e-02 -2.135417409934110833e-02 1.364767783309197291e-01 2.387148051505778579e-01 2.106195590358266034e-01 2.449239733588774171e-01 -2.987193341915627895e-02 -1.214641274752628897e-01 -1.810822980825274944e-02 -2.225665071090370262e-01 9.126030044430323562e-02 -2.367639398041669879e-03 1.877862403613035913e-01 -1.598720795222476343e-01 -1.323660054806546638e-01 -7.895644698961271080e-02 8.695025184271530649e-02 3.843080950000060669e-02 -6.256801170452346017e-02 2.183051446536653784e-01 -1.400327471800431045e-01 2.079642760368636822e-01 2.115139379972193756e-01 -1.438425372992064577e-01 -3.122253317034794085e-02 -1.071030334355712738e-01 -1.274036755069646865e-01 -1.564255961884340393e-02 1.841981402529672962e-01 -3.101766489648652425e-02 -9.551568150407546698e-02 -7.109624213269968851e-02 -1.937943715396518440e-01 -2.526843008151445635e-02 1.606927385582566578e-02 1.062819254009648301e-01 1.815164729115746889e-01 5.362080922001317973e-02 -5.270463470318008381e-02 -1.827702560137698662e-01 2.578257562361421784e-02 5.294732019138630452e-01 3.074663774090481416e-01 4.955137263143694626e-01 4.314286781221949862e-01 3.010996302497004895e-01 2.866211999312316960e-01 3.894493355456429273e-01 -5.218655748867461093e-03 -1.272719942669030546e-01 2.445842730711280180e-02 1.590704381728827721e-01 1.708394183858416571e-01 1.876292514880654738e-01 2.102439432173388023e-01 2.067715067868142187e-01 -1.759520663550713515e-01 -1.563248383010436282e-02 -1.086937383763382226e-01 -1.571210747080807602e-01 4.425425983898752247e-02 -9.601033240984242767e-02 9.671113671470010775e-02 -7.766966211935444342e-02 -9.739627021921512182e-03 -1.909379543246567668e-01 1.972729868079879656e-02 2.477429617142426488e-01 -1.130124999285445908e-01 2.568552031058684570e-01 -1.306913536143842203e-01 -2.001939994653925137e-01 -2.005769178461196400e-01 -1.950206363476061078e-01 1.222410645983858929e-01 1.776467239237933260e-02 -2.593867258874905934e-02 -5.221295371438070682e-02 -2.366731037166392437e-01 -2.189773028882869288e-01 1.167055545195603561e-01 -1.031153072655246056e-01 7.667446189388374411e-02 -5.556188120480079484e-02 -1.970015213359230521e-01 -1.058732549766248920e-01 9.886616653398071219e-02 4.225696911951049711e-02 -3.164165440812576752e-02 -1.840387542202781834e-01
1.906044009368450254e-01 4.684042213053042358e-01 1.000000000000000000e+00 8.111739430117148597e-02 1.657988312290125388e-01 5.520060642683186636e-01 1.559514434179533338e-02 4.884463011142916034e-01 4.834701709105831968e-01 2.095638338770547046e-02 6.123190780713216180e-02 1.259158830173827959e-01 1.420210618467072083e-01 9.137409782854519213e-02 1.479626274201787869e-02 2.624863061612137116e-02 -2.939298764766437588e-03 -9.763688344326862389e-02 -3.607863010497322498e-02 -2.925969681239293796e-01 2.947587048415226466e-02 -1.116577564141909944e-02 6.900852938260780556e-02 5.143181189916564561e-02 1.305733838003772240e-01 1.116587902471619098e-01 -1.085196946339058305e-01 -1.483961007495251394e-01 -7.496442854473193973e-02 7.495254722162593419e-02 -1.031042992163461181e-01 2.758427524373505135e-01 -9.797311641222224143e-02 -2.132391896133592757e-01 -1.070759299638381346e-01 -2.009728723962699304e-01 -1.979567640748605417e-01 1.068850412951100892e-01 1.025803202849381521e-02 -9.498354177693114214e-03 -1.913925398618499529e-01 8.768033260957282249e-02 -8.042427947464277083e-02 -7.187798182752980214e-02 -2.175847121489197511e-01 -1.502885380731995291e-01 -1.012922769682202684e-01 -1.424897799976639345e-01 3.405188211613895816e-02 -2.124403595477065976e-01 2.645420762673511006e-01 5.722524175387616596e-01 2.564205756198361177e-02 4.715454321384657255e-02 4.601879994485765790e-01 6.450156853005659663e-01 3.803840417057939294e-01 5.222369789766246884e-01 6.088168358050629475e-02 1.238337097671551035e-01 1.570439045548884527e-01 1.823220587046795460e-01 1.206256094060714074e-01 1.975750531652294140e-02 5.024809654173249124e-02 4.225000446864888431e-02 -1.189404396513785572e-01 -4.423211108261005005e-03 -1.064475572361224254e-01 -1.800033664960350444e-01 -3.303653103807192848e-02 -1.370560233845355240e-02 2.416093894745766774e-02 1.523756432742516542e-02 1.086617204258766983e-01 1.239134139001747403e-01 -6.524076528679099984e-02 9.688917326122002682e-02 -9.110324906163330683e-02 1.755705319344062487e-01 -1.130698746750613132e-01 -3.098487967895816597e-01 -2.369777411926655697e-01 -1.875873732271775562e-01 -1.014795156734760034e-01 -1.824335043942759693e-01 -1.923261829043686755e-01 -2.190948802958055941e-01 -2.604930853924455336e-01 -1.156845928809526747e-01 -1.687756875214874164e-01 6.803250602622303023e-02 -7.513312081553417954e-02 6.638789930916830229e-02 -4.593612816552040262e-02 -1.719842055869212349e-01 -1.347516581227813093e-01 -1.238520599505839037e-01 -1.151551497171891120e-02 -2.005623932807690801e-01
-2.692686446484200413e-01 5.543134320759276479e-01 8.111739430117148597e-02 1.000000000000000000e+00 5.394694373962165557e-01 -3.945629453312027302e-02 -5.075475397540788608e-02 -9.152567668150325686e-02 -2.420885139832155628e-02 -3.736724378156013326e-01 -3.682529314466128079e-01 -2.613217320119443077e-01 1.895337424389991199e-01 5.107553889540888958e-01 5.420105896918673283e-01 2.754942481874948501e-01 6.626065390825901236e-02 1.265277838187656989e-01 2.119593655117152642e-01 5.996885911520541401e-02 3.227879026009693453e-01 2.018820207541171738e-02 5.433911656668796164e-01 -3.886169672399449326e-01 -4.778014696844152254e-01 -1.033019615228523147e-01 2.552939660088704432e-01 2.429651218916806521e-01 1.756702582801890067e-01 5.536404183779990440e-01 -3.368209694283640920e-01 2.949033712021306153e-01 4.879858578481378606e-01 -1.668440886691005326e-03 1.555899673624014656e-01 -1.601389923536212720e-02 4.635028243767193995e-02 -3.696649543411944516e-01 2.049896870118330522e-02 -3.013014739868543068e-01 -5.673239118785437796e-02 -3.248799750353130733e-01 -2.989054080178545347e-01 1.167166697635143718e-01 9.539193020187693162e-02 3.866009580843542959e-01 4.884792255636213887e-01 4.368223995495897349e-01 -1.592985579290823461e-01 -1.421419419276121476e-01 -1.238361827935737791e-01 2.558001176918657804e-01 5.539226895710011034e-01 8.616465601714288214e-01 -8.903391958051011523e-02 -1.393214329501593074e-01 8.193832942313657164e-02 -6.280812186577397829e-03 -3.709476702017421856e-01 -2.795854538650580645e-01 -2.529779413955046685e-01 2.317177265584564050e-01 3.600859311403439289e-01 4.907655473841337490e-01 4.957923627032774228e-01 5.447423197841507747e-01 -2.127572113682557609e-01 1.952729462700824314e-01 1.501006964285238610e-01 1.000218802576825911e-01 2.958078179648707673e-01 2.178282287974987394e-02 4.535348088995638793e-01 -3.609545126126001424e-01 -2.139550390093808707e-01 -4.519907775874270062e-01 2.948591698687986207e-01 5.265301990474682281e-01 -3.381116039314454591e-01 4.859629192229536487e-01 1.272219570039181957e-02 -9.674355330370277076e-03 -3.175221971224343465e-01 1.515645428343063983e-02 3.243088215886958947e-01 3.997794527949013466e-01 1.615309207746118969e-01 9.037101632734086121e-02 -7.188510542039175388e-02 -3.147429556123866323e-01 4.016095299839738675e-01 -5.196049558761619558e-01 -1.006250024817277877e-01 -2.340556773306454452e-01 -3.829761813625479072e-01 -7.798195827283144199e-02 3.791095716242512403e-01 4.071923671715139692e-01 -5.052041949755652073e-02 -1.588796949334916053e-01
-1.291929245642273183e-01 6.038839876112978011e-01 1.657988312290125388e-01 5.394694373962165557e-01 1.000000000000000000e+00 3.230565139013847342e-01 2.986758415340644984e-02 1.495933497494774701e-02 2.992763898514779752e-01 -1.459454900299100855e-01 -2.784729358178373304e-01 -2.876239298486880092e-01 -1.630883305343387990e-01 -1.611105035308533009e-02 5.279614151465003569e-02 4.019949193737922498e-03 -2.895836610169307823e-01 -2.742645379117319981e-01 -2.292161904566810404e-01 -1.284227593542316415e-01 -1.658937007574000644e-01 -3.351878510761404639e-01 5.089645152379589262e-03 -4.609151712855307781e-01 -2.526677654343883472e-01 -2.518216582719767227e-01 6.352027463464041124e-02 6.795933780617482989e-02 -1.852248902575872325e-01 6.122858035626466827e-02 -1.572889591508052631e-01 3.167306367341562318e-02 2.023621434488932502e-01 -2.637418926225809646e-01 -2.632590780341440562e-01 1.088378179832998893e-01 2.127250283475612402e-02 -5.582064977706617526e-02 7.183610040273467889e-02 -2.959111747937833159e-01 -1.408718348628885675e-01 -1.979988724879935269e-01 -4.556161935757349624e-01 2.950408862369134910e-01 9.125416787088118376e-02 1.876665115039233278e-01 9.542600544410410890e-02 1.857237740657290831e-02 2.009198390238152443e-01 3.365109744235772471e-02 -6.564696638562374231e-02 6.867212147507902043e-02 1.858981639446011802e-01 5.334551630646302556e-01 3.677857195001439372e-01 4.981150160667786875e-02 -3.503421740777741544e-02 2.284750263182995234e-01 -1.358889118939751728e-01 -3.853730426340164494e-01 -1.852200320749995965e-01 -1.281215325892788026e-01 -4.269187622431089985e-02 -3.119068740759073019e-02 2.981853870383435919e-03 4.234383426967956721e-02 -1.895451166443592184e-01 -2.450922510763738071e-01 -2.720169988712873854e-01 -2.273955988690883889e-01 -1.660670919872043461e-01 -2.651474857814335451e-01 -4.986529840843453854e-02 -3.286970025836837839e-01 -2.869143715701801267e-01 -3.811596394651131647e-01 -9.090990611939549215e-02 3.668188512398350837e-02 -1.870645521922759402e-01 7.706145177387030420e-02 -2.776225126051237724e-01 -1.600599360096226567e-02 -1.076176650723274508e-01 -2.442165150605774548e-01 1.003944702277766304e-01 4.402722273438360034e-02 3.031316532708621531e-02 8.290391907028665797e-02 -4.405735537882413989e-03 -2.203584466826142285e-01 1.989854658836066881e-01 -1.801280322010324064e-01 3.988931871456161127e-02 -5.226982189767151454e-02 -3.363673938955702436e-01 1.819635902912118963e-01 1.550339377372426941e-01 1.067130684149638908e-01 2.039532766236869243e-01 2.680179658609374571e-02
5.960253461616638049e-02 3.292626396482176698e-01 5.520060642683186636e-01 -3.945629453312027302e-02 3.230565139013847342e-01 1.000000000000000000e+00 1.625355477140753568e-01 5.569845178515394624e-01 8.147185927363416180e-01 2.870938695368162596e-01 1.724810834983294405e-01 1.667690356209122482e-01 1.817641048497235789e-02 -1.740227577497090450e-01 -2.249270503422929612e-01 -2.419697759994717673e-02 -8.999320731350052283e-02 -1.225441550253369011e-01 -1.593981554445171867e-01 -2.520874890986376515e-01 -1.585119617441682893e-01 -1.010068501581836697e-01 -1.291033436065770201e-01 -4.992621151612865182e-02 1.528613454018543649e-01 9.073092326855100587e-02 -6.907565165205573066e-02 -5.679418545986984063e-02 -1.390422611620339977e-01 -1.665211120752631557e-01 1.560758303438312088e-02 -7.102886379587308729e-02 -2.183961926475269100e-01 -1.923615845256062551e-01 -2.344550745790601187e-01 -5.229694416127529666e-02 -2.443471090569911686e-01 2.226434545867577997e-01 -4.372614820427445093e-03 3.098382055673767552e-02 -2.166109880911891161e-01 1.148474765479227076e-02 -1.562580868985295746e-01 -8.261590020244247157e-02 -2.270734434179479677e-01 -2.571333310420068075e-01 -2.717399618749632428e-01 -2.488428091976765399e-01 2.677054348055469268e-01 -1.936837606707876858e-01 1.705554423065892000e-01 2.737762572287038010e-01 -4.169251830382029317e-02 -1.067770510707906073e-01 7.567709933515572862e-01 6.961426853054839547e-01 3.869888527053065852e-01 7.348767408378040766e-01 3.023124649580514189e-01 3.223294525898542234e-02 2.610117544686896829e-01 1.773923579249792395e-02 -1.217957327854669869e-02 -1.796009163203765857e-01 -1.417094839954845531e-01 -2.033805119726966870e-01 -2.777301520229093559e-02 -9.742518296761625007e-02 -1.210294319350471992e-01 -1.159435058739488739e-01 -1.863353149012337007e-01 5.674574884864615892e-02 -1.097244876554248072e-01 2.924694907083276452e-02 9.370356811836780264e-02 1.657879771209862796e-01 -1.420718863411214450e-01 -1.118117872957798825e-01 1.872152843958530335e-02 -1.822532903998723419e-01 -2.392781081551732247e-01 -2.125178155100735100e-01 -1.658597993691151087e-02 -1.738032796173130667e-01 -6.890861419995215897e-02 -2.527942964264042192e-01 -2.249056815393638276e-01 -4.142177750695928001e-02 -1.446418777760238583e-01 -1.297088867005493640e-01 -2.183571863277767866e-01 2.274594504350238022e-01 4.127223034757552395e-02 6.369621840021956298e-03 -1.746712060337944628e-02 -7.910286985975946428e-02 -2.478665433070330881e-01 -2.372181259545095566e-01 1.812671486851594460e-01 -1.581526152482817804e-01
-6.378747816602199638e-02 1.158502794004166864e-01 1.559514434179533338e-02 -5.075475397540788608e-02 2.986758415340644984e-02 1.625355477140753568e-01 1.000000000000000000e+00 4.502518583405967223e-01 2.971895903586797560e-01 9.564631287857847108e-02 1.685960391731975982e-01 2.019476253342250283e-01 1.158680819008066631e-01 -1.283679220316546500e-02 -1.002151442606681181e-01 3.120595174162424934e-01 2.374145778320786368e-02 1.484614076638317848e-01 -1.602272005137196946e-03 1.950926208664154893e-01 -1.582363813131774932e-02 1.802236472271671885e-01 7.853219081953820291e-02 1.535337067415147028e-01 1.310096682140100832e-01 1.308908837975010508e-02 9.169047647609766816e-02 -1.221776101936741382e-01 3.834517903707442693e-02 -8.155505280300714976e-02 2.204707103637081403e-02 -9.149658011065356367e-02 -2.707349288677422111e-02 -1.882378233291963077e-01 -7.116748518203892815e-02 -4.483377356156464238e-02 -4.282689740989046867e-01 3.103299207996720877e-01 3.500955246913382002e-01 3.637027836152264548e-01 4.963246016069822186e-02 3.475394611970062005e-03 -2.755343682186522924e-02 -2.657436962374665201e-01 -1.108164722055457047e-01 -2.058441327094770734e-01 -3.302194330600531635e-02 -1.774100404737632974e-01 8.037186509342138241e-02 -9.401299269986826412e-02 2.242428665860756176e-01 2.689570993515504882e-01 3.221330998157074244e-01 -8.236466608941649115e-02 1.231539926186717010e-01 1.558036602818451688e-01 4.602237113228168641e-01 2.747900709763753113e-01 2.304719113623307225e-01 -5.946751462447048830e-02 2.555760986214486441e-01 7.378331217651022678e-02 6.013527518508466480e-02 -6.428178397914868780e-02 1.692127120047913838e-02 -9.407472496332625056e-02 5.713513972607845437e-01 6.016611557586107328e-03 -1.062584159600929142e-03 3.657195929451380334e-02 8.880505282650696941e-02 2.769927901440090157e-01 5.512804486518938646e-02 3.399592466342623021e-01 2.974390446810341038e-01 9.827517635031354781e-02 1.865685072546863221e-02 5.730125701352187934e-02 1.287994534392542800e-01 -7.056825171762921844e-02 -1.101965169176817860e-01 -2.615602610871155531e-01 -1.462860995547779486e-01 -8.897119643573253578e-02 5.214417537576541972e-02 1.998552808048980126e-02 -2.580359824682849634e-01 -2.571741906764425933e-01 -6.351268276670593745e-03 7.663233353690446226e-02 -4.911815917237868229e-02 2.941290399664842070e-01 4.012372641861411404e-01 -1.131815564750330572e-01 8.363728969717020012e-02 -1.791530603452392012e-01 -1.422033442454281871e-01 -1.117614937603337993e-01 6.007475194678519453e-02 -1.439504697373637510e-01
6.553190251550526646e-02 3.184173236351633962e-01 4.884463011142916034e-01 -9.152567668150325686e-02 1.495933497494774701e-02 5.569845178515394624e-01 4.502518583405967223e-01 1.000000000000000000e+00 6.619083513756351955e-01 3.125385509326225053e-01 2.369760474735004008e-01 2.411139833862178117e-01 1.590247390343456080e-01 -8.435368547803145933e-02 -2.584926032762268622e-01 3.073363373069570859e-01 1.330660770610459787e-01 1.882470089742358244e-01 -3.891560344633573920e-02 -2.172647538736899309e-01 -2.465373754615886662e-02 1.799796118592705552e-01 -3.379606971746631355e-02 1.174503598808458726e-01 3.140558361451157854e-01 9.918562050461822432e-02 -1.749606299914683583e-01 -2.969536637679738855e-01 -1.037883054054436066e-01 -1.714483229290899580e-01 1.053978740417620685e-01 5.047149196301629198e-02 -1.192276430195436943e-01 -7.628054800791178591e-02 -6.115730153580828388e-02 -3.390321131120652143e-01 -4.989313648909681209e-01 3.730928150995023729e-01 1.489222775022920608e-01 3.038797824865209773e-01 -1.569395360884364155e-01 -2.508670195977894674e-02 6.573291112839803330e-02 -4.140652321378449630e-01 -2.779964046997507321e-01 -4.582975545377075965e-01 -2.774585099735131233e-01 -2.880553019524838554e-01 -1.380170845731613638e-01 -3.669842644915520258e-01 3.233500600386745027e-01 5.747217492007710149e-01 2.132325631468065530e-01 -2.046744702994015008e-01 4.806161878927898701e-01 5.532857721078703328e-01 7.968092757367453149e-01 7.459483716240579154e-01 4.025386840333302629e-01 4.411763089190920417e-02 3.571069269297611481e-01 1.488598070752633340e-01 5.765938797115120751e-02 -1.526686339841431539e-01 -4.580383343128519025e-02 -2.433501140830111598e-01 8.482316878755610801e-02 8.550577512244975087e-02 9.157341029864752430e-03 6.815169648971666772e-02 -5.617187753915550003e-02 2.807054078542552955e-01 -9.280897600429998881e-03 2.481437061850178261e-01 3.041361547106319896e-01 2.195140716333034703e-01 -1.996355132808733390e-01 -9.123495089132173386e-02 1.810759691150987671e-01 -1.165965334625889277e-01 -2.424160054475301973e-01 -3.842919476286952851e-01 -1.670072896306638022e-01 -9.086768849208642918e-02 -1.990168889549721321e-01 -2.740315142925625613e-01 -4.685494027272578688e-01 -3.427767509943472901e-01 -3.936079996593739860e-01 -1.955864171831924736e-01 -2.097888385611092754e-01 3.148902162032729546e-01 1.042808598027400863e-01 -9.785413108744189792e-02 4.892407062937833423e-02 -4.133815815531775018e-01 -4.288962129328280914e-01 -4.486735892859342045e-01 -2.224404533753041868e-01 -4.143700732527439978e-01
2.099725468801503375e-02 3.518422330146011578e-01 4.834701709105831968e-01 -2.420885139832155628e-02 2.992763898514779752e-01 8.147185927363416180e-01 2.971895903586797560e-01 6.619083513756351955e-01 1.000000000000000000e+00 3.046784238958179514e-01 1.561160384084795405e-01 1.850306831718948053e-01 7.987948278317810735e-02 -1.250631313552820478e-01 -1.953046149151015654e-01 1.061082215953953467e-01 -5.038919622997729136e-02 -6.554259168258392242e-03 -1.383238578601075353e-01 -2.105466333396764922e-01 -9.005623871784737555e-02 -1.392091630613139126e-02 -6.602097892745464880e-02 -7.556535920842344378e-02 1.698500695344303535e-01 5.405591582998877515e-02 -1.906278341333152160e-02 -3.532179703822379419e-02 -1.058744722640379832e-01 -1.287952221783124074e-01 7.436672125437862602e-02 -9.716550841996487997e-02 -1.959226416012916361e-01 -1.343499545866141121e-01 -1.735026238337258608e-01 3.085340646656323238e-02 -2.882259082975552333e-01 2.461234942081515775e-01 8.151947254978199331e-02 1.150347445440624422e-01 -2.115710328237389859e-01 4.615578921416591852e-03 -1.386604651734373583e-01 -1.518904129222607979e-01 -1.814527560232026271e-01 -2.950021802095769696e-01 -2.213012746333596625e-01 -2.318684108674522459e-01 2.370775936771240544e-01 -2.184045213863116397e-01 1.641695886346747901e-01 3.474028043659599940e-01 4.406844743203613274e-02 -1.251166289411936861e-01 7.308118473410191163e-01 6.819242012034771871e-01 5.045547690475163938e-01 8.495375313900551673e-01 3.674385041738641999e-01 -2.932547727946576213e-02 2.853117680507454290e-01 6.734470451547487635e-02 6.761123236343408172e-02 -1.372614068398398945e-01 -6.195574421124464687e-02 -1.838740964715811499e-01 1.868250449834432669e-02 -7.715374047961570669e-02 -9.138621855864076382e-02 -8.218933640008591057e-02 -1.123818704903325888e-01 9.177148418909077121e-02 -4.728292786259965380e-02 8.365021904602726321e-02 1.204504288391142902e-01 9.647973559314203251e-02 -1.394252020102723366e-01 -6.074131370748193925e-02 8.972243231820931086e-02 -1.819277637078347276e-01 -3.246176502902646255e-01 -2.949928957429961973e-01 -4.488618937452797109e-02 -1.904225044509728348e-01 -7.847979764894300048e-02 -2.570907803014580439e-01 -2.557349875190085275e-01 -8.387912868938529609e-02 -1.386447420984630863e-01 -2.145963019103421521e-01 -2.616928411331474469e-01 2.324858586860074905e-01 5.872065879770779068e-02 -5.387940143985975316e-02 -4.066118345970110709e-02 -1.319636321377301857e-01 -3.004091165348781733e-01 -2.836591678165073516e-01 1.461293954472137613e-01 -2.240955102242146446e-01
5.769701950124616480e-02 -9.596432360521003901e-02 2.095638338770547046e-02 -3.736724378156013326e-01 -1.459454900299100855e-01 2.870938695368162596e-01 9.564631287857847108e-02 3.125385509326225053e-01 3.046784238958179514e-01 1.000000000000000000e+00 2.446121321503824386e-01 4.267597430991688645e-01 -8.727150866269188512e-02 -4.021884308637270755e-01 -4.001385704902527540e-01 -1.725995005815534125e-02 -9.571225860971988020e-02 -1.261259225139773898e-01 -2.548143995523092786e-01 -1.691512469260416374e-01 -2.471928468119985733e-01 -1.324971767724169580e-01 -3.362788138236252888e-01 2.280050813697986345e-01 4.297350365009279249e-01 3.413562184334518329e-02 -1.686793578218057643e-01 -4.367963877200440465e-02 -5.182583595867432114e-02 -4.373858412540673757e-01 2.974561224475414378e-01 -3.345256532053452747e-01 -2.869263100904614894e-01 -5.305745200156018054e-02 -1.520024618715239695e-01 1.343152775470950883e-02 -1.432003160691829313e-01 2.996629646241719125e-01 1.787919868237712942e-02 3.423377104410955107e-01 -6.227491548903104496e-02 3.198025105794413681e-01 1.254623235267375292e-01 -1.100221911205691572e-01 -2.025935334460119558e-02 -3.428916818002283318e-01 -4.631757871032766705e-01 -4.025603437717726329e-01 9.013040578650011181e-02 -3.416736473756556980e-02 1.704076861325913850e-01 -8.318406469225718414e-02 -1.906200662054943762e-01 -4.369351225545920481e-01 3.082151058612851990e-01 2.334991602993039816e-01 1.098068560326784376e-01 2.860956379227560520e-01 7.921403092518388700e-01 2.588786858525803924e-01 4.673717106699117885e-01 -1.130478405998931041e-01 -1.982780412989277319e-01 -3.882821025160689277e-01 -3.648251728602058819e-01 -4.049240320942100180e-01 3.025693366957999397e-01 -2.050157332072241878e-01 -1.359011817023306479e-01 -1.560305642761760370e-01 -2.222661601073133986e-01 2.563555543889475125e-02 -3.544707165616579614e-01 4.784383862967026557e-01 3.464720152171385514e-01 3.893238395582542810e-01 -1.260972664081716488e-01 -3.161093671886121004e-01 3.062339765270181702e-01 -3.294951832687851301e-01 -1.093231393030745235e-01 -1.045538183403050825e-01 3.667885277312548098e-01 -1.760009786380056784e-02 -1.344023000690033054e-01 -3.832339607556887739e-01 -1.273441155944523943e-02 1.261368857957824718e-01 -4.596980265630293966e-02 1.990264561312984071e-01 -1.904470225222583413e-01 4.323220790559902937e-01 1.781409159791876307e-01 2.502658637690662324e-01 2.974079720944626803e-01 9.564172382983751608e-02 -3.374842798348191564e-01 -4.005740716370530530e-01 1.368251745305557390e-02 -3.237087662790270187e-02
-1.759573869476028368e-02 -9.840383481229648954e-02 6.123190780713216180e-02 -3.682529314466128079e-01 -2.784729358178373304e-01 1.724810834983294405e-01 1.685960391731975982e-01 2.369760474735004008e-01 1.561160384084795405e-01 2.446121321503824386e-01 1.000000000000000000e+00 6.031387440247290010e-01 2.791718420224296171e-01 -8.380079708634063929e-02 -1.778193947379841933e-01 -5.689395752779918131e-02 2.026348244628154438e-01 2.733339066808621043e-02 8.963128367270721542e-02 -4.719042566429033914e-02 3.740776123541106335e-02 2.638850743092611140e-01 -1.529923431313626181e-01 5.789001710917444088e-01 4.452623813844029388e-01 5.830681772540436958e-01 -1.088256959668429218e-02 4.326063666923413522e-04 1.234617679845849553e-01 -2.351714562628608729e-01 2.751752982380272633e-02 -1.304851877705880681e-01 -3.173609264064194968e-01 6.113451914734609888e-02 1.108049395455714820e-01 -1.052415654896200897e-01 -4.673251374582006699e-03 2.122058274346837470e-01 1.612620263384512975e-01 2.580305281569374998e-01 1.319454499428536765e-01 2.799078274977805370e-01 4.390744574934847821e-01 -2.008068895061979886e-01 -4.742526339624010545e-02 -2.429061431168267060e-01 -2.390697852605888074e-01 -2.179184259557623848e-01 7.241530263923072475e-02 3.877287841640949390e-02 -2.373983211775380908e-02 4.243136950375304972e-02 -1.955251562373237495e-01 -4.210958579009944081e-01 1.640879457313951517e-01 2.567305204930375173e-01 1.271597593881726440e-01 1.092349045026264759e-01 3.668014936359676459e-01 5.758984219907827828e-01 5.662128987129038116e-01 2.784955277577637056e-01 8.375786861045568521e-02 -4.054085703975639915e-02 -5.028258153215511145e-02 -1.642247519879059814e-01 2.085421260130509297e-02 1.560665179441149686e-01 1.008330905897420193e-01 2.592126934757078144e-02 1.602217626207199860e-02 2.682384819436026691e-01 -1.094063473298085148e-01 3.783066298925366611e-01 4.561889100827569710e-01 6.503408994320416525e-01 2.738110337707534356e-02 -1.027434401285367560e-01 3.788544151298482016e-02 -3.227464475557940693e-01 1.842992690248260179e-01 -7.796490465243803569e-02 1.324472330924432173e-01 3.861876722635224773e-02 -1.143227342245344003e-01 -3.301903378962720015e-01 -5.968644326297601471e-02 -5.934901386711492061e-02 -1.060051255171604034e-01 1.325730896719969354e-01 -2.777179572023864562e-01 2.920659206150814646e-01 1.774721967330770422e-01 1.387645213374208153e-01 4.477655593610430085e-01 -1.194826910554697419e-01 -2.008369013469965825e-01 -2.584249912639121627e-01 -3.079544305259832027e-02 3.810849708782660522e-02
-9.971110299134004762e-02 -2.135417409934110833e-02 1.259158830173827959e-01 -2.613217320119443077e-01 -2.876239298486880092e-01 1.667690356209122482e-01 2.019476253342250283e-01 2.411139833862178117e-01 1.850306831718948053e-01 4.267597430991688645e-01 6.031387440247290010e-01 1.000000000000000000e+00 3.941103679721519870e-01 9.588911666769850406e-02 1.659817383956029360e-02 2.175771054464507859e-02 3.366754666571494248e-01 6.504253015136429728e-02 2.348873999161827097e-01 1.047800033112529505e-01 2.149868493953946968e-01 3.002719296713386998e-01 4.570417562425137248e-02 6.571166079865951026e-01 4.173346011195892546e-01 6.070434750953207503e-01 9.017368018282431730e-02 2.086303210213644455e-01 3.193176632249365432e-01 -3.504628297690571409e-02 -5.217806000617752904e-02 -2.055365273624324973e-01 -3.494303069958963892e-01 -3.071573982455803528e-04 2.192530734170335949e-01 -8.781885457354567104e-02 -5.996396582695159155e-02 7.800391356818160704e-02 1.175215213641444822e-01 3.135899246969550136e-01 -1.858033152570605015e-02 2.834697400045704252e-01 3.595283036648749819e-01 -1.914534920973785526e-01 -1.118199685124004888e-01 -1.675580273616707472e-01 -1.899892947985618030e-01 -2.081495778086659698e-01 4.328255097442573057e-02 -5.464698119984103680e-02 -5.653302018331272244e-02 1.115791021132065131e-01 -1.157420616338548369e-01 -3.414503801073107692e-01 1.166700703673557021e-01 2.651594780009641217e-01 1.014658523561312448e-01 1.543809091698951919e-01 4.465700832011110233e-01 7.310334038595218686e-01 7.999554457038654531e-01 3.925486530934051976e-01 2.347521505495540617e-01 1.466980025395918652e-01 1.139943361494740598e-01 3.185449423721226081e-02 1.480626917321614944e-01 2.728857709948387944e-01 1.835969921196855259e-01 6.672004814947909111e-03 2.210568483763057923e-01 3.425358833435712125e-01 5.021902143691438919e-02 5.212139268081177335e-01 6.899283927665628147e-01 7.274076938092575162e-01 2.277994024952757768e-01 1.325453347891881184e-01 -1.238634691703716269e-02 -2.460247000168200859e-01 2.498605420344243433e-01 -2.562675093206276400e-01 7.747963704808374930e-02 8.833906125064058812e-02 3.127691284332608651e-02 -3.052564868116828811e-01 3.933841063282258327e-02 5.289018562565924592e-02 -5.916362065506958201e-02 1.555315634858914497e-01 -3.922847950102136827e-01 1.836636409474486364e-01 1.914860123057726959e-01 1.353189187636844315e-01 4.651438543756629684e-01 -8.945257195318581656e-02 -1.516009367076149028e-01 -1.643559379102660367e-01 1.936175976647817529e-02 -6.995891279188878875e-02
-2.892355396865194939e-01 1.364767783309197291e-01 1.420210618467072083e-01 1.895337424389991199e-01 -1.630883305343387990e-01 1.817641048497235789e-02 1.158680819008066631e-01 1.590247390343456080e-01 7.987948278317810735e-02 -8.727150866269188512e-02 2.791718420224296171e-01 3.941103679721519870e-01 1.000000000000000000e+00 6.853279382345850435e-01 5.292183939461586606e-01 1.729225153328493858e-01 5.629463466279941430e-01 3.382000868272936889e-01 6.020228047716585928e-01 1.733781184968861133e-01 5.718708405738713862e-01 5.448919901271932487e-01 5.002714077012707650e-01 3.004214151651245501e-01 -1.566218632273647798e-02 3.505694356734276873e-01 2.241064531940924476e-01 2.105675675531316349e-01 5.576903804342702164e-01 4.714035944168867842e-01 -2.478477900606376183e-01 1.812272326213011375e-01 6.584829469185880801e-02 1.066181537412076857e-01 4.881600843937554113e-01 -2.436195146460290728e-01 -5.085694304896254056e-03 -9.972754698470794044e-02 1.863158142299403963e-01 2.209298869906796692e-01 8.924678305131485134e-02 -1.207525059269467516e-01 1.796577941199554718e-01 -2.103223586569888948e-01 -1.418721213381613500e-01 6.173886333058999087e-02 2.246505115174110279e-01 1.904556510221699361e-01 -1.545423730644565341e-01 -1.879778565595140727e-01 -1.681586137376474277e-01 2.848906855057105614e-01 2.803678625871790508e-01 1.291868473947363205e-01 -1.266342265427417568e-01 1.236543600415929978e-01 2.316282357662817482e-01 8.926344138063245504e-02 -4.674913116233132132e-02 3.175295755456306046e-01 3.303034731034301119e-01 8.481410473590518251e-01 8.243015561630592236e-01 6.631856134280235127e-01 5.860522348563461659e-01 5.251814034265097630e-01 -6.885547393992515197e-02 5.564631708554885758e-01 4.387976744753103175e-01 2.434066352453029825e-01 5.259698807694717093e-01 4.616665490869503174e-01 4.758112181677209285e-01 1.736340219215893321e-01 2.635996598636476951e-01 1.731241108653254201e-01 5.025840866834756504e-01 5.001736294569765207e-01 -1.747938207117316900e-01 2.160611929164764078e-01 2.808433478605331102e-01 -1.803568402990622654e-01 -2.466598210858435836e-01 2.268129088797475879e-01 1.864095985060695015e-01 9.936090391072809058e-02 9.062905243639997332e-02 -4.688353504806216238e-02 -1.430447715573435474e-01 -1.471648840297873628e-01 4.804109437903718999e-02 -1.731175738303834810e-01 5.179895668689862148e-02 -1.566219075562209073e-01 5.395644704651174350e-02 -2.867754147533277953e-01 1.118504472062222532e-01 1.598771254011591425e-01 -8.515266378622331211e-02 -1.815470565965034422e-01
-3.883230607732317541e-01 2.387148051505778579e-01 9.137409782854519213e-02 5.107553889540888958e-01 -1.611105035308533009e-02 -1.740227577497090450e-01 -1.283679220316546500e-02 -8.435368547803145933e-02 -1.250631313552820478e-01 -4.021884308637270755e-01 -8.380079708634063929e-02 9.588911666769850406e-02 6.853279382345850435e-01 1.000000000000000000e+00 8.627956786752044582e-01 1.959011694638287115e-01 4.359720038144281884e-01 3.040946477369079193e-01 6.212292932531442435e-01 2.765815157056277784e-01 7.695889307629811826e-01 3.561513725527248320e-01 7.665107588553752294e-01 7.633188366460354202e-02 -3.653827916942781195e-01 1.144706390618741854e-01 4.634869243895744506e-01 4.111509692510771918e-01 5.626170950229671952e-01 7.942890423261231847e-01 -3.894332499550030025e-01 3.106256749871776912e-01 2.892474631348912473e-01 6.481388997319270651e-02 4.300499726980435700e-01 -1.362517439164372957e-01 4.315767031631397715e-02 -4.006914144582113257e-01 8.023912361947684035e-02 -6.879807784624157596e-02 4.850521291910227933e-02 -2.730732403986848023e-01 -6.289690705051893815e-02 -3.190116656647921933e-02 -3.509110568864234891e-02 4.322911579256122905e-01 5.131729773722134569e-01 4.938751366075854743e-01 -2.454242242608169200e-01 -1.579875375895192779e-01 -2.458388809810573561e-01 2.405305539926293756e-01 4.096783092273034721e-01 4.435072761055752766e-01 -3.194952414710781619e-01 -4.914266320826240347e-02 8.894108752202387058e-02 -7.281789185719839130e-02 -3.904128685693603051e-01 8.413677536484660824e-02 -5.748287772011606046e-03 6.259003662270823387e-01 7.609677378605402831e-01 8.655442902927933391e-01 8.418928172262801768e-01 8.595684071628858502e-01 -1.311270495630691701e-01 5.064755133754583749e-01 4.722246045126554104e-01 2.587667508526810822e-01 7.197119964723364127e-01 2.328867306136798432e-01 7.171147274111850933e-01 -1.107974376588316684e-01 9.025509432671657839e-02 -1.671597057244409434e-01 6.216121835050467670e-01 8.140915040640465117e-01 -3.418801298485208418e-01 4.565365854696422088e-01 3.608580240449312804e-01 -9.607217533649001218e-02 -3.641045684798496773e-01 1.709666261686166866e-01 4.317522161108788281e-01 3.676267725737785153e-01 1.830637329043972028e-01 1.102814251280732072e-01 -6.317924889723565418e-02 -1.693739291053705520e-01 2.060838983559528936e-01 -4.603550229273238870e-01 -8.305584369069485273e-02 -2.147004481612300453e-01 -1.983301734160523022e-01 -1.710978314947044776e-01 4.588233824810811767e-01 5.336954350351390541e-01 -1.160285367844981347e-01 -1.602094208948458831e-01
-3.956387901260504103e-01 2.106195590358266034e-01 1.479626274201787869e-02 5.420105896918673283e-01 5.279614151465003569e-02 -2.249270503422929612e-01 -1.002151442606681181e-01 -2.584926032762268622e-01 -1.953046149151015654e-01 -4.001385704902527540e-01 -1.778193947379841933e-01 1.659817383956029360e-02 5.292183939461586606e-01 8.627956786752044582e-01 1.000000000000000000e+00 1.157052718070334801e-01 3.046272696014462045e-01 2.313270544517645189e-01 5.501005506326009931e-01 3.341403864094307230e-01 7.685847071879031711e-01 1.771858964711741091e-01 7.492708194915710385e-01 -1.501120913479782326e-02 -4.360637007346819805e-01 2.148123424657034930e-02 4.745402253906015333e-01 4.996535821137177980e-01 5.688565733270818381e-01 8.270300400533048268e-01 -4.176769836641365252e-01 2.425034976991321534e-01 2.813470865864860504e-01 4.707767624344901154e-03 3.298585796255923408e-01 -2.252940595925657496e-03 1.100884195701338358e-01 -5.007910937547329633e-01 -1.608912768298356721e-02 -2.032261616409665461e-01 -1.856673917132284357e-02 -2.862226963997506757e-01 -1.946076956155289028e-01 4.262653258045456112e-02 -5.160154758276869896e-02 4.935239488077367565e-01 4.906752894996792014e-01 5.184308580482293038e-01 -1.974762435902478741e-01 -1.194787355585054528e-01 -2.906147972542139080e-01 1.111895185002539921e-01 3.622108364194200347e-01 5.038649123589602485e-01 -3.328667324302657660e-01 -1.301800734831664585e-01 -8.083400916049790497e-02 -1.671053114664240169e-01 -4.079504504784220442e-01 5.071565841924735585e-02 -9.406708674177086116e-02 4.885194699815699204e-01 6.773718163292442584e-01 8.287349953278934089e-01 8.423175719002253814e-01 9.252430596307414934e-01 -1.060631320594303817e-01 3.985562194709303396e-01 4.244707834266678304e-01 2.313152880702170622e-01 7.531959365168480192e-01 8.703254758928462287e-02 6.996199462765835264e-01 -1.992325154800123066e-01 3.060887972735593099e-02 -2.386129138256213866e-01 6.687565819680698631e-01 8.376592213235966033e-01 -3.742819154422901695e-01 4.570642584594679647e-01 3.688815132651711570e-01 -3.157461557986051409e-02 -3.189228766622637656e-01 9.828151093408761529e-02 4.661056553868576091e-01 4.024424985210076078e-01 3.018818011609334384e-01 2.488706047228747276e-01 6.278598054818693153e-02 -1.276033093369521310e-01 2.025592875911053636e-01 -5.105438669095567761e-01 -1.316616000948106213e-01 -2.044539180352693830e-01 -2.738188374727326679e-01 -6.336896033437859621e-02 5.199026227377122611e-01 6.427672563356494617e-01 -2.655967307720155310e-02 -8.939304853871177237e-02
