1.000000000000000000e+00 2.764400318346695307e-01 4.014419825478435788e-01 2.338282580684535039e-01 -9.650449644374353708e-02 3.394764737592916304e-01 4.015136357104491793e-01 1.768357820312141671e-01 -1.039622775818053318e-01 4.193160327327802306e-01 3.081994007558079840e-01 2.510040710110416490e-02 -2.030138637921914957e-01 -1.886887905842428992e-01 -1.294411459058084357e-01 4.393055151484338006e-01 -1.714102542324440204e-01 -4.646251401292206956e-02 -1.600772923841656814e-01 -4.530102633769000214e-02 -1.688701230882098669e-01 -3.141445776866571560e-01 -2.491504671190717946e-01 2.096883350048013850e-01 5.077917492798953436e-01 2.537420413396495045e-01 -2.955054362928414280e-01 -2.902697935190537981e-01 -1.483047665923480363e-01 -4.220335155560425155e-01 -4.685577615670395990e-01 5.408198957311548538e-01 4.642758234295709524e-02 -2.990032622596265344e-01 -3.075166007115578415e-01 1.231203674059296316e-01 1.224318985320300701e-01 4.226450011684707020e-01 3.875808449189270810e-01 1.761565576022421920e-01 5.914441907911814622e-02 -5.678394304241763946e-01 -1.406580871092996676e-01 -1.294924822051890523e-01 -1.342333031362902551e-01 -2.676615464471609473e-01 -1.139316764626846779e-01 -8.827049379336733559e-02 4.383689215234609082e-01 -2.967860026530058648e-01 4.974367699126449049e-01 3.037149145077336354e-01 3.032735743623531377e-01 1.899450153319672541e-01 -2.844508965004773904e-01 4.485193650902966067e-01 2.001723659969289471e-01 -4.169728888621581503e-02 2.054378477946816328e-01 4.866539075560510352e-01 2.528572350556349546e-01 -1.831107513699828659e-01 -3.414152811140280797e-01 -2.167951877193197707e-01 -3.360575750321512789e-01 -2.375770551662058083e-01 3.181987829292458603e-01 -2.728663738556287854e-01 -3.878507143030021642e-01 -9.805873339085789675e-02 -1.860408524348867443e-01 -3.093567412547638118e-01 -3.280078166324383315e-01 1.734384262191116244e-01 1.929050139819492027e-01 3.042502653125555567e-01 7.780951605973096541e-02 -3.035836692809918969e-01 -2.884204561433346276e-02 1.410825284606996022e-01 -6.389228299980119485e-02 -6.645447558511344277e-02 -2.724254619728185278e-01 -3.042481169207171821e-01 -2.239356373295931790e-01 -2.337180201124808288e-01 1.924629801166850285e-01 -1.375002779277717524e-01 7.562480033407815094e-05 1.146854546237769112e-01 1.663771697301410779e-01 3.926151419596801695e-01 2.742342026670196442e-01 2.623938858500578508e-01 -3.692565489110796045e-02 7.908186228509907212e-02 -1.909096379047040826e-01 -2.142876274169957240e-01 4.717425796926207338e-01 -7.721334560284578985e-02
2.764400318346695307e-01 1.000000000000000000e+00 2.444713103043240909e-01 6.029506746421833263e-01 5.199833146233934222e-01 1.720873340943740726e-01 3.145009972579633217e-01 2.801918359283424032e-01 -3.529525212654886085e-02 -5.470835303860050597e-02 -2.279181811064311461e-02 -4.183548742636646750e-02 -1.542869286120519545e-01 -1.144392944453200139e-01 -1.157751193441444726e-01 3.659537781188980654e-01 -2.584290627406141128e-01 6.493626487861002550e-02 -5.962514374816456353e-02 -1.562667354432343836e-01 -2.307716292583805728e-01 -1.978163867409630516e-01 -1.002294655797594108e-01 -5.169529793425831771e-02 7.189920897455879178e-04 -3.749142621115079260e-02 -1.834895507447845964e-01 -2.964517474787089490e-01 -3.566417811231183399e-01 -1.768954846417616356e-01 -1.489406429355439876e-01 -1.338517798477690916e-02 -3.279754088144246071e-02 -3.433411739614817271e-01 -2.672520823198251128e-01 2.551763427336045664e-01 -1.677780426597067220e-01 -7.318440066308370962e-02 -3.099066510130977364e-02 -1.856112565106086132e-01 -2.270926516045270460e-01 -2.346656040167826585e-01 -2.437844689754041783e-01 -2.848437392908536592e-01 -3.702213689148907139e-01 -1.542247534285884347e-01 -8.521493407444792612e-02 -2.044149587850988270e-01 1.443851205068255039e-01 -1.795871041668540558e-01 2.100064713549240625e-01 5.097451495157075962e-01 3.506127775314393236e-01 3.807945016387851433e-01 2.182693144342765790e-01 1.128273833324622694e-01 3.248716396206893786e-01 1.559292245863670434e-01 -1.086295197430133530e-01 4.452850517439352340e-02 4.356659692646912274e-02 -1.265601835392899943e-01 -1.559846743308861139e-01 -9.846857944723455547e-02 -1.533850571878094537e-01 -1.223661987214048757e-01 1.609647520515274655e-01 -1.713395719462192934e-01 -3.229916425158203541e-01 2.220843970983600937e-02 -2.466962049598182272e-01 -1.789076193997878317e-01 -9.743351839658401237e-02 6.932132565425612285e-03 2.465413966897388523e-02 -4.134197904087294484e-02 -1.342958890511593006e-01 -1.725985577416862260e-01 -3.802361445669972806e-01 -9.791957934220213433e-02 -2.113673505092026617e-01 -2.247992462280212489e-01 -3.074257204492304441e-01 -3.171106220829102984e-01 -1.231296883354058569e-01 -2.023086765166042245e-01 -1.295371850469637098e-01 -1.804172988790993248e-01 1.296682848018083922e-01 -8.587296068150793160e-02 4.441764220293580034e-02 4.322901211098526680e-02 -3.975852940692950477e-02 -6.942823476465111165e-02 -2.069625471360231894e-01 -1.610204025106877490e-01 -9.988516675512640330e-02 -2.249839645283908673e-01 1.866674638280904075e-01 -1.414026633292541357e-01
4.014419825478435788e-01 2.444713103043240909e-01 1.000000000000000000e+00 3.950668187859407432e-02 -8.765487852426628868e-02 6.030715833187867414e-01 4.632265083122076854e-01 3.685345626912787664e-01 3.319162118841062492e-01 2.165642030491667092e-01 2.740599694837220768e-01 1.176469802924818564e-01 1.118930219535949067e-02 3.679911370132916970e-02 1.093408029245509366e-01 2.588225861189973331e-01 -3.503515224208877954e-02 6.132204263160532381e-02 -6.746505836085134322e-02 4.250399989652618726e-02 8.855757827393810622e-02 -1.404810388177210878e-01 -6.738562042350690340e-02 2.679722697749286620e-01 2.345729439719533849e-01 2.656952197858909459e-01 -3.122465408249404661e-01 -2.138491469560473146e-01 -6.078090822473908306e-02 -1.896469965885534126e-01 -2.668969862497058143e-01 4.161292604212780688e-01 -1.591664840053977903e-01 -1.923595499275027043e-01 -2.298682617569266784e-01 1.850757647791452520e-01 4.810727470245688281e-02 3.644175181751684867e-01 2.949748332032067766e-01 2.956749124439130294e-01 1.963799412348686199e-02 -1.416033275847248529e-01 -7.256456222042612092e-02 -1.269808410259539166e-01 -2.959091518858920078e-01 -3.294514527523140224e-01 -4.026511033991850286e-02 -1.516745569137831207e-01 5.103811601612382454e-01 -8.534801940383243690e-02 4.253559934231672113e-01 5.828806875594488845e-01 2.119919762308672961e-01 1.714689867946362911e-01 9.555325606294443053e-02 5.971707199042363134e-01 3.539566192198694283e-01 3.232962257291823183e-01 1.341973019224796115e-01 1.989433169436254645e-01 2.070433622399998341e-01 -9.161545876564337887e-02 -2.188393495045649340e-01 -1.473781050274365068e-01 -1.002713817840180793e-01 -5.928334912587232552e-02 2.243108499083949492e-01 -1.058492442056657989e-01 -2.625225675240998591e-01 -2.918025213394696143e-02 8.674866025638201805e-02 -1.524961584531716874e-01 -7.553475261431776867e-03 2.677514604595684355e-01 1.726554156781929528e-01 2.062135448865103637e-01 2.483882629702779676e-01 -1.155150873776041726e-01 6.964977843863176532e-02 2.353852189727544397e-01 1.483451054349873340e-03 -1.144590673328838570e-01 -2.987936510800392464e-01 -2.970727900467093896e-01 -2.707094475985015736e-01 -2.272711349596543140e-01 8.922072764875395301e-02 -6.003433209497552325e-02 1.572378105534495141e-01 3.124616627725069692e-02 -4.717900822898682460e-05 2.586985328046405019e-01 1.939896648480299024e-01 2.081630944693746432e-01 -6.433659819961100312e-02 -2.529471913367205629e-02 -2.440665052674438618e-01 -2.124260379010187993e-01 3.905343309158227361e-01 3.213946299385662952e-02
2.338282580684535039e-01 6.029506746421833263e-01 3.950668187859407432e-02 1.000000000000000000e+00 6.106740513153053884e-01 -8.296729013385399643e-02 1.946304571083256885e-01 2.135367745959395880e-01 -2.990389941323989276e-01 -2.071970465223475499e-01 -2.078580200412338819e-01 -1.937841353763540275e-01 -3.507093907710731595e-01 -2.885847933718415637e-01 -2.890207661778827486e-01 2.438402782181186279e-01 -3.845939014048709859e-01 7.248921932434609916e-02 -9.914733988407235799e-02 -2.550735088831881936e-01 -3.959045817908231069e-01 -3.154969677259072958e-01 -2.553172206218284335e-01 -2.671522521333938860e-01 -9.837505992612251282e-02 -2.508568913665433775e-01 -2.006779936430759526e-01 -3.652544037954174039e-01 -4.734206471212724088e-01 -2.739134446869631589e-01 -2.777084493816616706e-01 -5.659299791936583945e-02 2.173694477676539616e-02 -3.938264328710933682e-01 -4.071058830331233946e-01 1.987576247552884645e-01 -2.761508236061496757e-01 -1.819089620501408433e-01 -1.508960785058127974e-01 -3.916921260942614613e-01 -3.612082868140707448e-01 -3.126069505261758752e-01 -3.681365870192517264e-01 -2.950732965224951432e-01 -4.382142578746343609e-01 -1.317151435883607558e-01 -2.545252285012808424e-01 -2.189548390385951393e-01 5.050032310607116721e-03 -2.220094219062258845e-01 1.620108752459804569e-01 3.399570888773986721e-01 3.885262657778534301e-01 4.592622015075717434e-01 3.896121494347761643e-02 -7.526607694976655827e-02 2.668773851732362257e-01 1.041863070060088971e-02 -2.682504550496411233e-01 -8.197804039874721782e-02 -2.080313775093647899e-01 -2.987148622935240638e-01 -2.568675946171374291e-01 -1.467562284811408935e-01 -2.189640460283813206e-01 -2.408426882997983798e-01 1.132272859812565452e-01 -2.414137390323130294e-01 -3.358504522278899507e-01 4.678454811190890100e-02 -3.973023011426652373e-01 -2.723085728045485099e-01 -2.475096939628453618e-01 -9.476752559582853064e-02 -1.261967773408931293e-01 -1.688588953207708909e-01 -2.916208701667251102e-01 -2.774672708325195969e-01 -4.937996952644320148e-01 -1.509491335613003526e-01 -3.601113279913421561e-01 -1.991387389568930188e-01 -3.026995688837110787e-01 -3.433834227584623977e-01 -1.062296149739518636e-01 -2.079902401178525539e-01 -1.588917287874590800e-01 -2.416166439463908466e-01 9.135487680418029333e-02 -1.074882813210341487e-01 1.448173051368246145e-01 -5.959154249923293706e-02 -1.068134771930766697e-01 -1.004054075146670610e-01 -3.379458908384004312e-01 -2.381378204541700627e-01 -5.465942023746895445e-02 -2.167261982130894993e-01 1.399063733024432862e-02 -1.753301277897923449e-01
-9.650449644374353708e-02 5.199833146233934222e-01 -8.765487852426628868e-02 6.106740513153053884e-01 1.000000000000000000e+00 -2.334786434973105118e-01 -6.263914992756262901e-02 4.518587871643805348e-02 -1.816638234826699339e-01 -5.576963460145849538e-01 -4.402454351370201913e-01 -4.376846672443203690e-01 -3.186156577123622768e-01 -2.017840929268712724e-01 -2.912357973369780750e-01 4.261197846412375506e-02 -3.060804898582180078e-01 5.764609446547037941e-02 -3.419060702212680519e-02 -1.999298711774547266e-01 -2.247572641804239379e-01 -2.229520045520374250e-01 -1.038345894306902245e-01 -5.056880394561978909e-01 -4.426754961088681939e-01 -5.068838455785373842e-01 -1.100215817674411317e-01 -4.643062401476589773e-01 -4.296918961817595140e-01 -1.261601147165585524e-01 4.547236097614727746e-02 -3.929899121875292667e-01 -3.746250637059881511e-02 -2.499233843461185212e-01 -3.435828786204331298e-01 1.127705566116554009e-01 -3.384155505879469783e-01 -4.781868114097584943e-01 -4.017654851530283455e-01 -5.529555689257127371e-01 -5.086358638613313055e-01 -1.342686920082218974e-02 -4.455208893200745535e-01 -3.152974512556104836e-01 -2.783878170445836520e-01 -9.560362428979883587e-02 -2.217344213263400532e-01 -1.255825940827554332e-01 -2.191107269147935244e-01 6.684948947236971084e-02 -1.587393938067482302e-01 1.995577739725789279e-01 9.284624086876877569e-02 4.603545692889154384e-01 1.726813255364615662e-01 -3.188634810326043678e-01 8.868370796947021295e-02 3.356887910529735009e-02 -4.580390433566312036e-01 -4.684160268518067216e-01 -4.302566960766755488e-01 -2.624282533095229630e-01 -1.836017687512605800e-01 -6.800953220881859884e-02 -4.321470315963232833e-02 -1.413277190259125127e-01 -1.303524555307528643e-01 -1.265784861785847204e-01 -2.185427360334199209e-01 6.353070631885812669e-02 -2.028077963434786191e-01 -2.864858183506390210e-01 -6.897019435511099472e-02 -2.993321398434724556e-01 -3.322397993615553990e-01 -4.882552138402644348e-01 -3.554526624437346349e-01 -2.250817897072461271e-01 -4.931100703087410997e-01 -2.847139181370644812e-01 -3.466349255978805055e-01 -2.280078259042146449e-01 -2.369665101238499494e-01 -2.514795571950819708e-01 -1.056787560030345019e-01 -1.412960582501596174e-01 -3.194215318252242586e-01 -4.311156370734252063e-01 2.297413272893608291e-02 -4.497525790368361309e-01 -5.948169432254998834e-02 -4.662327167684441886e-01 -3.733603937892272517e-01 -4.015478933337741640e-01 -4.104086014750455980e-01 -4.564413024119890472e-01 -1.433095339828518999e-01 -1.150391947618221444e-01 -2.832236857200722824e-01 -7.812187666012443410e-02
3.394764737592916304e-01 1.720873340943740726e-01 6.030715833187867414e-01 -8.296729013385399643e-02 -2.334786434973105118e-01 1.000000000000000000e+00 4.704323405198540531e-01 4.069327217638195049e-01 4.927645838189896876e-01 5.087974743923378007e-01 5.373608067988279169e-01 4.009786744108211898e-01 2.151471263416225577e-01 2.700123580847507698e-01 3.871860568550712367e-01 2.509746310802222213e-01 1.249411881117848677e-01 5.937744165194295404e-02 6.723889439625585496e-02 2.055099355096627611e-01 2.682791525728738247e-01 2.309315166493368376e-02 1.425479622341095376e-01 5.329870215302647818e-01 5.193603070234140695e-01 5.360152168414232809e-01 -2.004308564949026372e-01 1.869684681986706065e-01 1.880862138899494773e-01 1.154970295639858591e-01 -3.412964189560013240e-01 4.676399707393320004e-01 1.066789288872010133e-01 -1.453590484584449671e-01 -1.833567670321545676e-02 1.520992346598807610e-01 5.681738674903080710e-02 4.730278194862083674e-01 2.505029919197896415e-01 3.484314525542468455e-01 9.791610988022329820e-02 -9.661091355199839803e-02 8.191325630884734033e-02 -3.524157355990153312e-02 -2.415722878937941187e-01 -3.219592487117514668e-01 -4.553108704761076042e-02 -1.326749148147483015e-01 4.471408749550117023e-01 -2.394066329358831569e-01 4.555014964302450120e-01 4.853607387773180015e-01 2.913880357417417688e-01 -1.088163711196885319e-01 3.946253165470118840e-01 7.734549253434922500e-01 3.349815711241765359e-01 3.331254365669518158e-01 4.541374469699457350e-01 4.767159841430365086e-01 4.706690367628841853e-01 1.040309484080518820e-01 3.763743043896313617e-02 -5.952660059110616297e-02 -2.296744123457363992e-02 2.244756746281978688e-01 2.622600675974710582e-01 3.642814716736551134e-02 -1.128158892998979146e-01 -9.168634339145627365e-02 2.056298223726569785e-01 3.108990906977817520e-02 9.988580105602355708e-02 3.506326317940157145e-01 4.009910669847462916e-01 5.206388915880557633e-01 4.951974678078884806e-01 2.288127519634595430e-01 2.942496271436439992e-01 3.167425859745912065e-01 1.164516032802806189e-01 -2.188744638036413670e-01 -1.238692033773416828e-01 -1.729280171806140964e-01 -2.285713946106195660e-01 -2.089973087988046818e-01 1.244741431325026293e-01 3.014760614893658430e-01 1.329041862186981504e-01 2.326816281425632127e-01 5.326546541307978187e-03 4.846637585848725394e-01 2.742033589230118418e-01 4.389295132968492053e-01 1.392019812488935748e-01 2.195328955644191560e-01 -1.781904095034589353e-01 -1.873026691432878310e-01 5.932684091475918242e-01 -5.437465729471614717e-02
4.015136357104491793e-01 3.145009972579633217e-01 4.632265083122076854e-01 1.946304571083256885e-01 -6.263914992756262901e-02 4.704323405198540531e-01 1.000000000000000000e+00 4.228291159249389919e-01 1.755135572002129718e-01 4.560082300247706999e-01 3.812010107111807322e-01 3.816458083308728599e-01 4.024250021128051441e-02 7.439031766330539419e-02 1.438065104305990272e-01 4.760226026699879709e-01 1.701596324159431817e-03 -9.693419709451979449e-02 3.767571797920872545e-02 1.409211196092583773e-01 -1.256661223031849128e-01 -9.568837725801671024e-02 4.119271189908899067e-02 3.934839854302717987e-01 3.395783419530001290e-01 4.121885348699813600e-01 -1.068782487395104480e-01 1.761972908603847560e-02 -4.895562717982402529e-02 -5.087107892428616857e-02 -3.189497602216090910e-01 2.584513502933660778e-01 -9.018620320675417579e-02 -3.357994174951685062e-01 -1.292969462137459891e-01 4.344058119463611867e-01 -5.159793863452283996e-02 4.261710761813894965e-01 3.439560831451178302e-01 3.699243238849530546e-01 1.490784104951455025e-01 -1.625319055967574811e-01 6.080526929496227889e-02 -1.125764275601621404e-03 -2.707016471112588807e-01 -1.320866941662340310e-01 -3.876476410249445753e-02 -7.747483332237287135e-02 3.670640778647444313e-01 -1.911058534389448171e-01 5.765592431350342606e-01 5.487684712293453559e-01 4.683239434445338745e-01 1.329585964046948142e-02 2.352989440089461592e-01 4.886203608856753422e-01 4.850193785344404929e-01 1.795541431369703511e-01 4.338147233458579666e-01 4.723335707654836568e-01 4.723566461978215836e-01 1.026853411776390002e-01 -1.216623351894884214e-01 -1.208585358065983467e-01 -1.963311617375985418e-01 3.193704034047308710e-02 6.244868468744586565e-01 -1.223454153543154788e-01 -3.131175081761557455e-01 -2.452095302506253627e-01 -1.520107042354126858e-01 -8.547899990532276115e-02 -1.461363290281057492e-01 5.521646281068276485e-01 4.154847151918487080e-01 4.178955069938596334e-01 1.059643744898574325e-01 -2.450878410756920575e-02 3.548941453075959464e-03 5.250593094741119737e-02 -4.300411543638753276e-02 -2.175116832224185115e-01 -1.018371482195947059e-01 -1.568758591476522302e-01 -1.127874453958921525e-01 -2.539949347608574381e-01 -2.126853757101752895e-02 1.644024239002411514e-01 3.087817677871673161e-01 3.323126275721219325e-01 3.175065084665012333e-02 5.154221912186971455e-01 2.254568059194196894e-01 3.397083456469384144e-01 1.962094423302931656e-01 2.382441353069396084e-01 -1.020761649016558789e-02 -2.039253713285198166e-01 4.969081988792897753e-01 4.240352151411271725e-02
1.768357820312141671e-01 2.801918359283424032e-01 3.685345626912787664e-01 2.135367745959395880e-01 4.518587871643805348e-02 4.069327217638195049e-01 4.228291159249389919e-01 1.000000000000000000e+00 4.064228218723469066e-01 2.595347168466536347e-01 2.008215118052454617e-01 2.598514811702988259e-01 1.991278625181207573e-01 2.491800999808073125e-01 2.624264847185544536e-01 3.826059831934756628e-01 2.117541781715503169e-01 4.466022478986837463e-01 2.986503787532553411e-01 7.511840050619474074e-02 2.331716456729079900e-01 4.661361185494178327e-02 1.923757246035779911e-01 2.992505955239525006e-01 2.093254532425198322e-01 3.299070510474133577e-01 -5.197446865616530548e-02 7.171772300832142399e-02 6.506813673116366992e-02 7.115998720016719625e-02 -3.175332604309276108e-01 1.016196182810676363e-01 1.816903286990759203e-02 1.115272385038009878e-01 4.540394372079225443e-02 2.001056380657200429e-01 -3.178186413019264134e-02 1.124165349064185637e-01 -4.285943129269301211e-02 3.640998954293256373e-02 -2.610726249195290116e-02 -1.047962745351297964e-01 -4.775704358641615077e-03 -2.421760623371425059e-01 -1.873091665261387984e-01 -2.707529536109092860e-01 -1.275510318457272196e-01 -1.713619809292457885e-01 1.270861377624857291e-01 -3.216058234549069028e-01 2.561306478463639125e-01 4.837943435202429754e-01 4.559928608475163903e-01 5.659891531203065096e-02 4.431992348348844923e-01 3.302606937348309679e-01 6.943053465076132191e-01 5.820490808181857378e-01 2.744945681022620820e-01 3.759045954819511537e-01 3.874719639811969873e-01 2.200863922183839139e-01 3.518160962271716513e-03 1.166265995137896055e-01 2.462561282921715833e-01 2.389133155548754384e-01 1.057171393523490821e-01 2.410066732948768775e-01 1.595967305031907313e-01 3.302774282620305479e-01 1.053508077628553391e-01 8.582559410124185328e-02 1.135251463499231117e-01 1.159073199993432973e-01 4.165745230251331477e-01 3.793531917415902677e-01 1.514667377209880372e-01 9.316790345735362355e-02 -9.716165956086283972e-02 3.486320059871233362e-02 8.752576693222480220e-02 -2.438649835875187910e-01 -1.602574671369274284e-01 -4.867172894453178356e-02 -1.444603314929031324e-01 -3.455752766758707906e-01 -2.921985083261508312e-02 1.523766456048912810e-01 8.580099987691858221e-02 1.049085639138739624e-02 -9.837839674827014713e-02 3.351030007844514325e-01 -5.644006792664096189e-02 3.233354398964398690e-01 1.002641974191183054e-02 -3.069509354373713139e-02 -1.933701231351601380e-01 -3.217297561248330662e-01 3.555280162210006645e-01 -2.521773574508611171e-01
-1.039622775818053318e-01 -3.529525212654886085e-02 3.319162118841062492e-01 -2.990389941323989276e-01 -1.816638234826699339e-01 4.927645838189896876e-01 1.755135572002129718e-01 4.064228218723469066e-01 1.000000000000000000e+00 2.079403225929816468e-01 2.409238940187640454e-01 2.259614110874175463e-01 3.087116039708479587e-01 2.855872464765898955e-01 2.816013939631362151e-01 -3.421946397547142443e-02 2.829568401637265751e-01 8.697325371839845221e-02 1.486543021874056625e-01 3.316794517207370396e-01 3.672830377932172485e-01 9.770769643861060283e-02 1.968168314577467271e-01 2.696186541039701234e-01 1.351746406448277316e-01 2.525036281317853404e-01 3.502303432644443288e-03 2.090909818468580927e-01 3.933230286371290352e-01 2.382869186782447524e-01 7.695373035218486257e-02 3.010416881837124289e-02 2.153523877142649381e-02 1.766622415942124824e-01 1.354484500732991425e-01 1.103242958196471446e-01 1.110738311776207805e-02 8.041389583216188019e-02 -8.134719044765482965e-02 1.866817491101245841e-01 9.165066205075063366e-02 1.274104681163266695e-01 -4.723577740497122458e-03 4.181240011609491797e-02 -1.312296270044687775e-02 -1.164092270951512659e-01 -7.809794356785371150e-02 -1.151604520788357539e-01 1.291132568601081054e-01 9.664968967158866359e-03 -5.209307904746479645e-02 2.470214805588008822e-01 5.000224566719454339e-02 -1.749905417900062821e-01 4.963466328576369158e-01 4.328176785926594050e-01 2.696550663789147873e-01 6.514631811650337667e-01 2.554543148846790124e-01 1.624101928146352569e-01 2.224103158068578001e-01 2.838193695064409883e-01 1.797771455326314383e-01 4.777736124388105160e-02 1.670762295555204835e-01 2.197083211983842654e-01 9.515975718067694322e-02 1.489510119111511766e-01 1.743816305974588976e-01 6.875805110607872972e-02 3.681992441398659333e-01 9.672216935315205988e-02 1.500960471555259079e-01 1.598480093481045028e-01 1.412164126400367592e-01 1.933078512452828801e-01 2.240020989453196110e-01 1.545442977550857688e-01 2.530550599402054401e-01 1.474758506718075457e-01 1.125271100859947526e-01 -1.205794898384458247e-01 -1.038143804860519465e-01 -4.906841845703360794e-02 -1.472225524750918058e-01 -1.972569991160060821e-01 -6.363550725001393404e-02 1.954701595860776075e-01 1.431986478044211808e-01 7.824148287014306979e-02 -1.379718604119954395e-01 9.531784879258595189e-02 -7.759086431966689956e-02 8.814872389425600085e-02 1.200429630013260390e-02 8.531593711567449223e-02 -1.468004356812661615e-01 -1.635384210036778252e-01 2.753603819026384514e-01 4.300329937811825896e-03
4.193160327327802306e-01 -5.470835303860050597e-02 2.165642030491667092e-01 -2.071970465223475499e-01 -5.576963460145849538e-01 5.087974743923378007e-01 4.560082300247706999e-01 2.595347168466536347e-01 2.079403225929816468e-01 1.000000000000000000e+00 6.382371265517433612e-01 6.430009897219766124e-01 2.247774507587894099e-01 1.607227923171979378e-01 2.517284065294618234e-01 3.063847882251772292e-01 1.933784626999441314e-01 -1.048109039122133851e-01 4.694833085691598601e-02 8.266747762167159230e-02 2.253067534848895645e-02 1.074891344607093874e-01 4.848869608834447537e-02 6.814468598107569219e-01 7.431280170177395616e-01 7.369034959771332272e-01 -4.474171044737937364e-02 4.076818363740716267e-01 2.404834119098348544e-01 2.745053453313231126e-02 -2.797112759198066012e-01 5.227282449960978239e-01 2.106964080998149358e-01 -1.584851208785226576e-02 1.574949483511592085e-01 2.566874927404787926e-02 2.101088371265683874e-01 5.782716984661568915e-01 3.755201553975336948e-01 4.843759455647900780e-01 3.046841034877437182e-01 -2.022189586966527397e-01 3.509337735750452936e-01 1.608119813963569678e-01 1.017218547720087629e-02 -1.358974316657753090e-01 1.174580305682013711e-03 -8.262201315367349863e-02 2.406145256520611231e-01 -4.629539786732766449e-01 4.349443643095075029e-01 1.160125945516877477e-01 3.030493254625641897e-01 -3.125189589056614481e-01 4.360366824117443280e-02 5.529905801330530224e-01 2.606199232742322791e-01 9.581254105943803889e-02 7.659998136881770447e-01 7.967036245147338658e-01 6.969809588554969348e-01 3.038200684366870186e-01 1.064912861273124983e-01 3.367967377721575728e-03 -1.374483711175286393e-01 1.423432694798865139e-01 3.766919099138528737e-01 4.862374121142814393e-02 1.689095383817506429e-02 -2.016501446454165292e-01 -8.577202005026050846e-02 1.925162933526517461e-01 -1.026346056577633753e-01 4.611360075653638257e-01 6.154579098448168528e-01 7.804452761561428975e-01 3.010012193757382604e-01 1.511900255047905761e-01 4.118043887411506621e-01 2.729722244323708469e-01 2.900738474638951403e-01 -6.549851204471686394e-02 1.238271637328996616e-01 5.963971269856282315e-02 -7.995337166979632482e-02 -1.126222562085947010e-01 2.089187953773495587e-01 4.249321383103887295e-01 -3.378533231808134030e-02 5.019238080390319157e-01 8.184236983416894040e-02 7.507798989109369936e-01 4.175877637487480643e-01 5.824420728608679099e-01 4.241855154804242689e-01 4.166813400347421648e-01 -1.583494681812303018e-02 -2.105325919089436615e-01 5.194617957462526192e-01 -2.152647969575406661e-01
3.081994007558079840e-01 -2.279181811064311461e-02 2.740599694837220768e-01 -2.078580200412338819e-01 -4.402454351370201913e-01 5.373608067988279169e-01 3.812010107111807322e-01 2.008215118052454617e-01 2.409238940187640454e-01 6.382371265517433612e-01 1.000000000000000000e+00 6.132398802617913258e-01 4.645848966250895051e-01 3.841435500577888296e-01 4.583709232038268855e-01 1.307724068142304963e-01 2.376716023552633839e-01 -4.396358695009549428e-02 1.916342459280689359e-01 -1.182136711238068912e-02 2.109893412464113327e-01 2.160938261221939660e-01 2.012650915492072423e-01 6.788561627733042947e-01 6.805335200175228749e-01 7.347813203727810993e-01 -2.064885979816254713e-01 3.637848993399156461e-01 3.076628495801703722e-01 2.548274662659022471e-01 -3.064930607180192945e-01 5.373360505954577482e-01 2.961540100075688020e-01 -7.252503973946869409e-02 1.035750573012425985e-01 2.058118959679404794e-03 8.310601953209126314e-02 6.682591244336225644e-01 4.093170356217640249e-01 3.914129016745372946e-01 2.248173661776577681e-01 7.621425783022954537e-02 3.088412101177334113e-01 1.357652071709603558e-01 -1.353035726755061063e-01 -2.936698826468114309e-01 -3.719214761049973589e-02 -1.141920943120976195e-01 1.872150735698692448e-01 -2.712088811486591533e-01 4.508413393600563812e-01 1.007375659521441424e-01 1.510870776133726445e-01 -4.555661713928591539e-01 1.213061730719676296e-01 5.402696605309882383e-01 5.204583692821770219e-02 4.268143809907346681e-02 6.545372978074781578e-01 6.169709866815948907e-01 6.540778530403799085e-01 3.660652535259332763e-01 2.278070128376764869e-01 2.083593777938206118e-02 -1.017390296395516702e-01 3.068745619783703193e-01 1.521638973886389468e-01 1.561654649889437363e-01 -6.992557435949956629e-03 -2.596417823952973380e-01 -4.318714430869739079e-02 2.366606213737814102e-01 1.178437971365431797e-01 4.182823597838451479e-01 4.944479122351521094e-01 6.713950840373744677e-01 3.277307219982069642e-01 3.808517945435340168e-01 4.831644414749443617e-01 5.050237272061437466e-01 2.507054006113839661e-01 -1.599722896315602660e-01 -8.043894759868849831e-02 1.018345150741743754e-02 -1.705944649978975158e-01 -7.901695689863548477e-02 1.453632768535129405e-01 4.284696530845689688e-01 4.107287091642677218e-02 4.310488217760855556e-01 1.331766669297521910e-01 5.561842292152020528e-01 2.719572028031211897e-01 4.746029932042881705e-01 3.301575553978154942e-01 3.856571183552469084e-01 -9.340718522014336556e-02 -1.867206553167287120e-01 3.954765451445282909e-01 -2.162198256876748936e-02
2.510040710110416490e-02 -4.183548742636646750e-02 1.176469802924818564e-01 -1.937841353763540275e-01 -4.376846672443203690e-01 4.009786744108211898e-01 3.816458083308728599e-01 2.598514811702988259e-01 2.259614110874175463e-01 6.430009897219766124e-01 6.132398802617913258e-01 1.000000000000000000e+00 4.024136265833894166e-01 3.391778933550826935e-01 4.254170500015252432e-01 1.461629944262646530e-01 2.636302559723432970e-01 -2.461428610110377030e-02 1.867431443290200610e-01 8.700133441134100254e-02 7.165627632952530079e-02 3.307923251934055120e-01 2.392320585045530357e-01 6.718586141308603432e-01 4.309425274831545916e-01 7.323024388316481392e-01 7.318604768945209671e-02 5.895537412577096514e-01 2.429094281009987477e-01 2.796461307303648169e-01 -1.588644844579113757e-01 1.997039644141652692e-01 6.900047243815375653e-02 5.482427533040025447e-02 2.903390921634640409e-01 1.723617454453242326e-01 1.278350811710278478e-01 3.918826433458187375e-01 2.054230989044441846e-01 3.557875400350460349e-01 3.186186028014783567e-01 8.889734793128856172e-02 4.761756389358874353e-01 3.037172750239879315e-01 -1.692950875933588867e-02 2.194673220370144465e-02 9.361559431500718342e-02 -2.448991998283132215e-02 1.418396433246842669e-01 -3.703422956830542678e-01 3.456276599501816316e-01 9.948570119095183351e-02 2.480806303859448836e-01 -4.369703237648537297e-01 2.720390898101238131e-01 3.824804834015107513e-01 2.457455547076665692e-01 1.236909472208878868e-01 6.283557233175670609e-01 6.115968595889070825e-01 6.684948791372272714e-01 4.711589368788737797e-01 3.510313013889302391e-01 1.608709353798233599e-01 6.769992718085869610e-02 3.392794044199032300e-01 2.960152863843414361e-01 2.448630913998671166e-01 1.504968108607962762e-01 -1.706661429907934679e-01 -4.668431483042699559e-02 3.707528288589510557e-01 1.022225547802142476e-01 4.574869846851603028e-01 6.094636691558417141e-01 6.988687522401193508e-01 2.654271388216240535e-01 3.826869444524071961e-01 2.467026077559875408e-01 1.333157890759186226e-01 2.033597079500292504e-01 -6.480061365729408718e-02 2.096441124057395466e-01 1.963216959548760576e-01 4.874833975494362315e-02 -4.568028342904944389e-02 7.973458223390818278e-02 5.536164312855564873e-01 1.352760407197828585e-01 5.348201547025372982e-01 1.772756112132256590e-02 5.759828808432874148e-01 2.817916675982442554e-01 4.824903317023673810e-01 4.495292332084281917e-01 4.771890019865752675e-01 1.507640850072126948e-01 -7.596028386428717305e-02 4.228885773340502197e-01 -1.838741246561350073e-01
-2.030138637921914957e-01 -1.542869286120519545e-01 1.118930219535949067e-02 -3.507093907710731595e-01 -3.186156577123622768e-01 2.151471263416225577e-01 4.024250021128051441e-02 1.991278625181207573e-01 3.087116039708479587e-01 2.247774507587894099e-01 4.645848966250895051e-01 4.024136265833894166e-01 1.000000000000000000e+00 5.709929028335133383e-01 5.368860662526288019e-01 -1.473287100128553850e-01 5.543424261427619681e-01 9.959143212095462883e-02 3.640717918902218186e-01 2.029687581079383379e-02 4.379743574994950928e-01 5.855645804946375543e-01 5.253814358494913739e-01 4.137869706605925568e-01 2.436378626580531226e-01 3.840840587874780332e-01 1.485318796540232855e-01 5.080628159282556400e-01 4.525966258469262260e-01 5.494183103506797838e-01 -8.444174609325817704e-02 3.820995843138326464e-02 6.427358807146225927e-02 2.692239133413683039e-01 4.308838967159252520e-01 -1.923242078606542949e-01 8.558791775638249777e-02 2.892136856544797463e-01 1.058233819031073331e-01 2.229904392777521394e-01 1.378935041195900324e-01 3.534390544122301692e-01 3.681992320661480189e-01 1.296314876982546105e-01 1.133631225841865570e-01 3.356999008455524569e-02 2.091956558118608089e-01 1.013459112552584501e-01 -1.429733033362119987e-01 3.257672700347899464e-02 8.064978859343283069e-02 -8.823243686413452525e-02 -1.076937868067154858e-01 -5.352723784882914559e-01 3.026898368654837301e-01 1.198932025501843329e-01 -1.544613643200069136e-02 2.016259127459375522e-01 3.949939353869654224e-01 2.143175087192344674e-01 4.514492372893602612e-01 6.918935914479744653e-01 5.446922112290327744e-01 3.376697677494441274e-01 3.581941313197752330e-01 4.823951717872307365e-01 -2.041469576673385078e-01 4.954745548047078674e-01 3.478906428690266006e-01 2.039405887009815982e-02 2.458867236987997973e-01 5.535526010221581972e-01 4.984722964762683395e-01 1.426533365337058212e-01 3.561318416894297956e-01 3.500463536914976137e-01 2.863406994614264844e-01 5.899633063919573761e-01 2.713980911522700934e-01 2.092011629214481361e-01 2.727806854225856004e-01 -1.463571410195547706e-01 4.732368760463181306e-02 3.373282339126072449e-01 9.007391453333107867e-02 9.686360505121834052e-02 3.318796085214908292e-02 4.587100235803084902e-01 -9.916488344013393852e-02 1.428369587109293015e-01 -5.818183063132381649e-02 2.426124644759792559e-01 -2.927157970379857393e-02 2.257640030774334117e-01 3.070823763446960397e-01 3.130167690477873021e-01 1.052737252667153844e-01 8.351062024262982664e-02 -1.232657766327065717e-02 4.133660027691376387e-02
-1.886887905842428992e-01 -1.144392944453200139e-01 3.679911370132916970e-02 -2.885847933718415637e-01 -2.017840929268712724e-01 2.700123580847507698e-01 7.439031766330539419e-02 2.491800999808073125e-01 2.855872464765898955e-01 1.607227923171979378e-01 3.841435500577888296e-01 3.391778933550826935e-01 5.709929028335133383e-01 1.000000000000000000e+00 7.618136839594771281e-01 2.442857616650196545e-02 6.309268173645975475e-01 2.413234410362307125e-01 6.759591124023037745e-01 1.407957612398303138e-01 6.071842953445415469e-01 4.756362662908109051e-01 6.953239371204703589e-01 4.466675078958730061e-01 1.327333810088411337e-01 3.701008767999534599e-01 1.580030065718790733e-01 4.502936803126198484e-01 4.801495669404384214e-01 6.384924520128762992e-01 -8.988769583898843785e-02 -1.266487552954095354e-02 1.081891191188857487e-01 2.812320743660561284e-01 3.282597190126691489e-01 -1.447923913150001574e-01 2.674247743676726186e-02 2.573786133752751781e-01 -3.021705971375976407e-02 8.970878095566894861e-02 3.932919653288124984e-02 4.081186337380942608e-01 1.798164007069169290e-01 7.379262127002347155e-03 -3.955894343015903258e-02 -1.238824098858324896e-01 1.914304824176877307e-01 7.146258844762934381e-02 -1.020606185210216205e-01 6.747184471137888939e-02 1.472664755599543407e-01 2.280716529924057406e-02 4.765385139677318083e-02 -4.485166805080885166e-01 3.869210087630656769e-01 8.166811395546030861e-02 2.701548185391406537e-02 8.349331540492808956e-02 3.326072308641859765e-01 1.439907335864200610e-01 4.378979182757223310e-01 3.960971521317798727e-01 6.321447669050925811e-01 4.799195729649398112e-01 5.524132899128243457e-01 7.048017808772767401e-01 -2.136382762350473030e-01 5.851738671436127470e-01 3.839195446901096931e-01 4.317681585494451135e-02 3.200276454674086946e-01 4.450806107290863345e-01 5.830249503498509123e-01 6.304028447969234339e-02 4.671253094436653153e-01 3.077873495052356190e-01 4.093091180379525018e-01 6.234204822680269320e-01 1.858542210797307637e-01 1.947873552832326272e-01 3.314664569143170314e-01 -2.118924185385876735e-01 5.845119684535422799e-02 2.717436078059725646e-01 9.406472905377326332e-02 3.822148403157436813e-02 6.576459115966612479e-02 3.616738641031004842e-01 -2.900012661689675003e-02 8.564755580766267307e-02 -1.244205506784819143e-01 1.482469465459272384e-01 -1.194756746817752235e-01 1.986522498386734392e-01 2.109826053168624149e-01 1.891294975680516688e-01 1.637220387437166025e-02 1.218991892237189095e-01 -2.763229215502643887e-02 9.850621546290776187e-02
-1.294411459058084357e-01 -1.157751193441444726e-01 1.093408029245509366e-01 -2.890207661778827486e-01 -2.912357973369780750e-01 3.871860568550712367e-01 1.438065104305990272e-01 2.624264847185544536e-01 2.816013939631362151e-01 2.517284065294618234e-01 4.583709232038268855e-01 4.254170500015252432e-01 5.368860662526288019e-01 7.618136839594771281e-01 1.000000000000000000e+00 9.607777697291458585e-02 4.634352849681013797e-01 2.465723320453654388e-01 5.248511986748507496e-01 2.181528014362360268e-01 6.493238849709308536e-01 4.175816451159332088e-01 6.313950903491715172e-01 5.420370430661054506e-01 2.183469415138453718e-01 4.587697320928117439e-01 1.551032080248999079e-01 5.324036112232022333e-01 4.833292516616084500e-01 6.425795684650167372e-01 -1.553754876085822467e-01 8.648618966119528406e-02 9.648950770699028789e-02 2.064712536065486104e-01 3.870074304136463250e-01 -7.464063025984282729e-02 2.041755462225285436e-02 3.489824941627800436e-01 4.918818921465250432e-02 2.128444823578619916e-01 9.677597696241573011e-02 3.565619278674992954e-01 2.639752715192230093e-01 9.501976475188458893e-02 -3.129458990642153271e-02 -1.025982496423193668e-01 1.974938045932491670e-01 4.698049380275195336e-02 -1.592688620368223895e-03 4.425584047874957239e-03 2.584790499150229071e-01 9.047659765133672649e-02 8.324550996294816096e-02 -4.415915058416314265e-01 3.754128205307198374e-01 1.890939156565712431e-01 6.539460133574394318e-02 6.180802712271319527e-02 4.194789847448979758e-01 2.261320672460747361e-01 4.714220110347007719e-01 3.917210795618444874e-01 5.698675644200101864e-01 3.256359069388475302e-01 4.492704967308417396e-01 7.838134920379160597e-01 -1.498404565550029988e-01 4.717545944581720274e-01 3.032928791731171470e-01 2.047296728001466587e-02 3.353672430637824053e-01 4.555128569581000653e-01 4.789180875578514796e-01 1.976908375915928384e-01 4.727488766381089391e-01 3.935741258429396594e-01 5.140786464309622383e-01 6.707755717509135129e-01 2.420863527769012979e-01 2.336719516471861824e-01 2.633990607579867471e-01 -2.596051201110489703e-01 7.287371032122587355e-02 2.386641705279634595e-01 9.150073496579137766e-02 6.497668474904933801e-03 7.910633504366333668e-02 4.497540817100074695e-01 2.034045809136906385e-02 1.084616947836738732e-01 -1.310104265526139955e-01 2.568619196595858245e-01 -4.567288704822341193e-03 3.048423324957441616e-01 2.618523654853999183e-01 3.305115103909663232e-01 3.823847711791118070e-02 7.809704197684962101e-02 7.620470048388067186e-02 7.730477725268961042e-02
