1.000000000000000000e+00 6.870377995136105198e-02 -4.121321816537660832e-01 3.017225038792849534e-01 3.489456647152812674e-01 -2.761545221205568557e-01 -9.182651476311175232e-02 -4.455678335168442028e-01 -5.352336356473449408e-01 -2.843037540900337223e-01 -8.642565839629048896e-02 1.787148630902099800e-01 1.083380421858926301e-01 4.758249343277560772e-01 4.762295944638497147e-01 -4.691126130619879264e-01 1.506641575819663570e-01 -1.295098272170608529e-02 1.750715008561917752e-01 2.467824749261554318e-01 2.971449619564881517e-01 3.533106043476065550e-02 4.131235617891678147e-01 3.424008723161087731e-01 -1.266687362315000731e-01 -6.373462509578885216e-02 5.454081584857129600e-02 3.794229566366891238e-01 3.079069141727038272e-01 3.730385531790793574e-01 -2.640828554013362108e-03 -3.191738789443901436e-01 -3.997259935384622209e-01 1.940228967740730837e-01 8.693950893049570694e-02 -9.379018797075458491e-02 5.859903158818900032e-02 -2.779679361857266828e-01 -7.171871395943257843e-01 -4.048965874889332572e-01 -1.978833682828662344e-01 -3.138553411149753170e-01 2.816855570926729002e-01 -1.790996984950409265e-01 3.825865823930656162e-02 4.502583931659536604e-02 4.493037000737913345e-01 5.384416950818529113e-01 1.442719845108756671e-01 -1.922244580969545147e-01 8.629849317918347751e-01 1.694508158629604855e-01 7.516294452247083147e-01 -5.764885290680994423e-01 -3.079033987636995984e-01 -4.545454651825551751e-01 -2.670115028022577164e-01 -3.286851942239372160e-01 -2.937306532897089872e-01 -3.001454364266201713e-01 3.622892334974117112e-01 3.985696801051531041e-02 4.083840051942079774e-01 4.517315551021288678e-01 3.984421798004068593e-01 5.099466095896959539e-01 2.455840957088613330e-01 1.193491367593124131e-01 1.580141298766115088e-01 5.632705083063824919e-02 3.695121430881659341e-01 2.478838664606628495e-01 4.854794254905404061e-01 2.235454650620644357e-01 -7.737655010005747847e-02 -5.276999880260418996e-02 3.553829776479873193e-01 4.688895099145856671e-01 -8.302721483275557479e-02 -9.944326509959579286e-02 -4.993274680094581149e-03 9.076190876909101535e-02 -8.615527470594358528e-02 1.652140898227076327e-01 2.788596117420389375e-01 3.660605822320452396e-01 9.347115677446063420e-02 2.140474661308017501e-01 3.393043425014651004e-02 -3.715588603973790094e-01 7.237662097170622921e-01 -9.511497488120296273e-02 -1.747696278265230552e-01 2.306284633853918353e-01 -1.544830329736354702e-01 -1.608587838246405832e-01 2.977571071944554171e-01 2.299098803693441495e-01 -1.267227575005423768e-01 -1.935221580790962292e-01
6.870377995136105198e-02 1.000000000000000000e+00 4.557158590309306478e-01 1.332909159300973423e-01 3.770440530042152849e-01 2.091579407587174366e-01 4.809033446473907625e-01 3.988329610689716476e-01 2.118043859264734097e-01 -6.823885703349935605e-02 -1.807956424898346515e-01 -1.594255692286364601e-01 -3.299680713033910640e-01 -1.681188303338784495e-01 -3.047982372202518442e-01 4.662421652011111139e-01 -1.914102628361201708e-01 1.525559549952902605e-01 1.500908090120583321e-02 -5.832615577375762500e-02 -2.561159902499574037e-01 -3.441736558996082440e-01 -1.364415907276577689e-01 -1.207201366626953348e-01 -1.000628242882322799e-01 -1.754556927120120569e-01 -2.129252633313223342e-01 -2.246706285493840216e-01 -2.739662649530291705e-01 -3.887992244042041134e-01 -3.607709648649412570e-01 -1.618887520670583280e-01 -2.135418247275378545e-01 -4.469725401459666292e-02 -2.113197637627404202e-01 1.596753991112093984e-01 -1.183467801723570023e-01 -4.286071687036573791e-02 1.355796949516189370e-02 2.424435726488226583e-01 -1.946445986680145693e-02 -1.906078204903220163e-01 -2.084243439220074268e-01 -1.436549805888857334e-01 -2.234854850565726747e-01 -4.830197862920052598e-01 -1.490901180571151674e-01 -1.791265808338908805e-01 3.285531151117686566e-01 5.243229560808788242e-02 9.649028360836332807e-02 7.435461696934252407e-01 2.918738132646879202e-01 1.173267373449706462e-02 4.385766030974448393e-01 3.884775962540856775e-01 5.419702817528629923e-01 4.023114257330672738e-01 -3.083814312653716805e-02 -1.677465188166307186e-01 -1.919653585011003583e-01 -2.392377458386449329e-01 -2.330398962644963934e-01 -1.139344555693651284e-01 -1.302704280356339617e-01 -2.512359870921680449e-01 3.076899047303460200e-01 -1.208973134164556401e-01 -1.025769275772712152e-01 1.474537800875209970e-01 -2.187038650965610065e-01 -1.719855694020794579e-01 -5.495281127200116189e-02 2.503419961089495271e-01 -1.770681047488029680e-01 -1.127606886677897380e-01 -1.886707242682279795e-01 -1.288840386455994691e-01 -2.813569612104486195e-01 -1.351845451943934628e-01 -1.228103848126146230e-01 -1.815874080859526396e-01 -1.221253308713510372e-01 -2.961458801172072719e-01 -2.481659243840551518e-02 -1.386558569239537686e-01 -1.699161562282871796e-01 -1.971230304464545169e-01 6.024245914360776451e-03 -4.150049629467095907e-02 2.760466738986219748e-02 2.322333558515009971e-02 1.025315481613622154e-01 -8.319839252132835150e-02 -1.974476088494982462e-01 -2.282270185847413424e-01 -1.900184776911190421e-01 -2.763795118223622560e-01 3.965406262922521741e-01 9.198224754941612680e-02
-4.121321816537660832e-01 4.557158590309306478e-01 1.000000000000000000e+00 -1.491288501086086848e-01 1.711851446021338818e-01 6.551299808853510154e-01 5.901284622200967389e-01 7.076167917351848802e-01 6.535951625634017770e-01 3.029870936977175355e-01 -9.963643096892599305e-02 -1.736877755568592696e-01 -3.759315829242440565e-01 -5.391311706789906344e-01 -5.823508457952428774e-01 6.723069401762958863e-01 -3.670106975828088536e-01 -7.090390863506688957e-02 -2.878364937264380474e-01 -4.177588555282800709e-01 -5.357123580139278030e-01 -2.767990203005791794e-01 -3.794543854829857676e-01 -2.958581744806447200e-01 4.481638680156897064e-02 4.463017763005093681e-03 -2.809066052757424048e-01 -5.019602450031667162e-01 -5.204977910138981478e-01 -5.130593133674720141e-01 -2.236605200146504491e-01 2.039548892746345654e-01 7.837167603863810783e-02 -3.849566239666721290e-01 -2.565028317518031065e-01 1.152024532879815516e-01 -2.091281066933920740e-01 3.986911320167533801e-01 5.000453580380185281e-01 5.947417886634961404e-01 7.984010267996652366e-02 -2.921682735045766366e-02 -3.233286901207160224e-01 5.149099785531707080e-02 -1.927841587024901604e-01 -4.012449349716396552e-01 -5.054470913605622062e-01 -4.901919097023937910e-01 3.456359746588705817e-01 1.871052089793838469e-01 -4.070911053240048316e-01 4.792946254785015459e-01 -3.159213771046527897e-01 3.874346889264134175e-01 7.385072644854133728e-01 8.164383621628220622e-01 5.926063516507388274e-01 6.293247096996611445e-01 3.356229603652276516e-01 9.216781137851623451e-02 -3.183705881296957085e-01 -2.617897535910814755e-01 -5.024966973825021332e-01 -5.161072769522895287e-01 -5.238783874892668502e-01 -5.672147937029968778e-01 1.687557599437576050e-01 -3.762197553680790563e-01 -4.387469289880174261e-01 -1.928200140771852977e-01 -5.634198103177637806e-01 -3.633140573901630366e-01 -4.175266625320578906e-01 1.011013987694813210e-01 -2.225283998928356821e-01 3.885768432621835439e-02 -5.002245547008122850e-01 -4.673924695177850142e-01 -1.730447404040885151e-01 1.026016243821613466e-01 -2.691571365795913384e-01 -3.996971835600335310e-01 -6.755149630846626896e-02 -3.370003281361035885e-01 -2.974452884085946880e-01 -4.365161488286684044e-01 -3.669124601993092871e-01 -3.858203377151052105e-01 -2.071778387409184130e-01 1.971964470144809967e-01 -4.301752850358982472e-01 1.852531510065691389e-01 3.236662722717691953e-01 -2.304855574287474618e-01 -6.569356262873940477e-02 -3.166117180985850155e-02 -4.146963444741426641e-01 -4.091671647264103484e-01 5.142837603638024113e-01 1.732374536961503730e-01
3.017225038792849534e-01 1.332909159300973423e-01 -1.491288501086086848e-01 1.000000000000000000e+00 6.144680037864671540e-01 -5.448926084907086340e-03 -2.641403631705678198e-02 1.989045839092428228e-02 -4.219380055805635292e-03 -1.441621559695989430e-01 -2.207157718497007592e-01 -2.909810316855547807e-01 -1.576312694612209686e-01 6.163770733215273578e-02 9.969403482360708613e-02 8.152631110712882379e-02 -9.741413010725638588e-02 -9.963193609446863164e-02 -6.112278266389816958e-03 -7.805202050871364039e-02 6.684274033302088636e-02 -1.962401654973577603e-01 -2.118849906382071213e-02 -2.500480747141874405e-01 -2.529888439597698935e-01 -2.979832920939036733e-01 -1.934181438071184700e-01 -1.126373459809276445e-01 -3.452516543935803262e-02 3.930603907180885148e-02 3.387851376593663533e-01 2.596246420900342744e-01 3.491027382048173533e-01 -9.803067654014951948e-02 -2.051753865542062794e-01 -2.549858416290609608e-01 -1.875389177510326244e-01 -4.081292048166642455e-02 -8.499274679558004031e-02 -3.270582762244282349e-01 -4.062515463744388877e-01 -1.709837751423468888e-01 -3.111290180178060139e-01 -2.552328332442835856e-01 -5.351826887097864416e-02 -1.530864718113991996e-01 -1.182789826018175450e-01 -1.311582264058980783e-02 -2.621625853562032926e-01 -2.589279697384284096e-01 2.788692825776515338e-01 5.251558406906025461e-02 3.117415631782938235e-01 1.872502414935073023e-01 -2.293793774126222720e-02 -9.181009883532093019e-02 -7.153811425098843824e-02 -6.757366889281875288e-02 -1.577450794690792579e-01 -3.791724627328611485e-01 -1.202321344954284943e-01 -1.696107879326418655e-01 5.748617327628010362e-04 -6.348244814776150824e-02 1.704355311390480174e-02 1.194847828823080715e-01 -4.880421974626647508e-02 -1.572047915902084481e-01 -1.713846997456850985e-01 -4.211450408531738909e-02 6.541393193319672283e-02 -2.415511675474392439e-01 -4.817517393860013507e-03 -1.132151202462164802e-01 -3.327723024372974958e-01 -3.741239365546790152e-01 -1.400255021142775280e-01 -2.221641965230123153e-02 4.087656046265633059e-01 3.343806579783886179e-01 -2.266701210109065279e-01 -2.417821825085390564e-01 -1.937827639347445563e-01 -3.229236994004326955e-01 -1.679868550071284827e-01 -1.385520028929905223e-01 -1.570319572551189535e-01 -1.392528076303381490e-01 -2.138498839152850051e-01 -4.080157236814558885e-01 1.702918309352356996e-01 -1.632664034299957101e-01 -1.132543985927433744e-01 -6.912550717963680813e-02 -3.621677043264941442e-01 -3.222011468984492533e-01 -2.151673716515223878e-01 -1.148371195721453880e-01 -1.485127703446317837e-01 -2.590818116797871107e-01
3.489456647152812674e-01 3.770440530042152849e-01 1.711851446021338818e-01 6.144680037864671540e-01 1.000000000000000000e+00 1.995358999228719621e-01 2.144383673348868313e-01 1.874621699039920319e-01 7.319019477356636383e-02 -1.207555767866202445e-01 -2.008616011783361521e-01 -2.066309802179673027e-01 -2.469173830725176766e-01 1.078181995710659688e-02 7.936543051286965023e-03 1.571766565118725423e-01 -1.973304967374232555e-01 -1.937877343783120376e-02 -4.698430186292602839e-02 -1.081607065183587402e-01 -6.264475164969676713e-02 -3.088617282322144164e-01 4.568668914464936448e-02 -9.225097848613184048e-02 -2.294369454158671218e-01 -1.877751016863136724e-01 -1.844086632116800351e-01 -1.015288855578040661e-01 -1.579392235414997792e-01 -3.830215822691024341e-02 -2.110281982395274814e-02 2.831279809397548378e-02 2.622794161034407504e-02 -1.521697295056658739e-01 -1.615940550248856078e-01 -7.448478438714221939e-02 -1.798905135916005205e-01 -6.645204522981654205e-02 -1.878019460481994418e-01 -1.071528642531458658e-01 -2.473013029411472163e-01 -2.458879416196389500e-01 -2.105647913141718286e-01 -2.376146167186362901e-01 -1.750971129456152242e-01 -2.490847332410143777e-01 -3.900771679760078187e-02 7.575869905900899093e-02 1.383004761611782985e-01 -2.620814678047380664e-01 3.373844651267493000e-01 3.587042766970821028e-01 4.056121350347658971e-01 -1.092686815769799633e-02 2.269689195974347873e-01 1.610617944451461780e-01 1.796747588825604869e-01 2.013034899742106310e-01 -1.946597751789575226e-01 -3.471655345553050775e-01 -9.677266702649053864e-02 -2.169048038289984603e-01 -8.658717741381045940e-02 -5.890202872583866905e-02 -4.911082481486347268e-02 4.554851357209618173e-02 2.110006709488391752e-01 -2.075531741669517649e-01 -2.449637972315116541e-01 -4.960473012355573474e-02 -5.004269602242007731e-02 -2.635220846845755527e-01 6.039657055539626729e-02 1.451025571827333216e-01 -3.489489283428816035e-01 -1.939695335111695229e-01 -1.876256520613329426e-01 1.696035032541628670e-02 3.313604476020142603e-02 1.255973662423253423e-01 -2.758087831628245890e-01 -3.054168427666636987e-01 -1.467318557965483217e-01 -2.405133296503056406e-01 5.699237214604808109e-03 -1.095073296497964394e-01 -1.760632355378432545e-01 -1.407573550169615439e-01 -1.581072497869302207e-01 -3.434633261091962764e-01 2.471556366758284051e-01 -2.540439720963193482e-01 -8.877838193471220690e-03 4.759495274144927984e-03 -3.312673594944108291e-01 -2.936441112047390445e-01 -8.479572953151717774e-02 -9.840445710227896381e-02 1.489334796467699784e-01 -2.359303370944343670e-01
-2.761545221205568557e-01 2.091579407587174366e-01 6.551299808853510154e-01 -5.448926084907086340e-03 1.995358999228719621e-01 1.000000000000000000e+00 4.733835570234604107e-01 6.292256695979191461e-01 6.587454137351014261e-01 2.882823882536359461e-01 -1.459788163866071187e-01 -8.039383407265494885e-02 -2.704467026050925704e-01 -4.214451800149814353e-01 -4.499895259063736441e-01 4.959235349472555510e-01 -3.392161034351970916e-01 -3.929887739150381490e-03 -1.899812231305860188e-01 -3.728207039175118198e-01 -4.122968250568619375e-01 -2.752046836110895733e-01 -3.147636145701072086e-01 -3.398063466304531155e-01 3.105202179851781694e-02 -3.993814818801735660e-03 -3.163519313241127118e-01 -4.082786026623152487e-01 -4.848527015632567161e-01 -4.272778622907738577e-01 -5.406028553169422296e-02 2.135679594922080815e-01 1.226528542096993191e-01 -2.839992293522004552e-01 -3.621036602305890972e-01 1.979636653745642585e-02 -3.463595919777762711e-01 2.800697772991478929e-01 4.495577029753922704e-01 4.860791316556923869e-01 -2.690432383983831777e-02 -6.356219013546973717e-02 -2.378068421381024644e-01 1.292838006887256364e-01 -2.092623174268012920e-01 -3.771838286663730111e-01 -4.303884150218369453e-01 -3.653203912718162027e-01 3.787988068065982761e-01 1.534939363376115751e-01 -3.330509699697573600e-01 2.359898055810943640e-01 -3.710052109936340936e-01 3.735532329982372279e-01 5.967258507710222482e-01 6.953601199286040258e-01 4.497412349511746843e-01 5.801585875246376700e-01 3.689987379913298171e-01 1.763633490431937290e-01 -2.830208468456026361e-01 -1.599945589801843038e-01 -4.450754218971610943e-01 -3.988070547867724192e-01 -4.236628072446710913e-01 -4.347281098810458211e-01 6.706886631615154026e-02 -3.655166088098861787e-01 -4.821559080485153248e-01 -2.135879897447992559e-01 -5.020200656833435637e-01 -3.446708555268719887e-01 -4.154800143311235261e-01 -6.829378497076564469e-04 -1.720119528804855968e-01 -5.034921974696927871e-02 -4.353877569250325097e-01 -2.938468137795097190e-01 -1.495755837360688602e-02 1.470127882193494606e-01 -2.860370152044148240e-01 -4.632739195010896482e-01 -1.414629071593055676e-02 -3.708689088754342222e-01 -2.850445280298629647e-01 -5.109264766845822425e-01 -3.975835444906164473e-01 -3.160571786752233714e-01 -1.881375668729024231e-01 1.515714455716028752e-01 -4.414104865927523935e-01 1.436663295028199616e-01 1.495983347212741787e-01 -2.815116644342897101e-01 -6.321610134323632502e-02 7.574844154560134157e-02 -3.795868414105107447e-01 -4.354154795491839147e-01 4.666445421933990700e-01 1.083947301669472008e-01
-9.182651476311175232e-02 4.809033446473907625e-01 5.901284622200967389e-01 -2.641403631705678198e-02 2.144383673348868313e-01 4.733835570234604107e-01 1.000000000000000000e+00 6.230953364269851136e-01 4.402309105190149729e-01 2.102804838103693175e-02 -1.602993586599930353e-01 -1.543438084685592737e-01 -2.241447673335991153e-01 -3.598155851159622332e-01 -4.400500100150317451e-01 4.951203009400151900e-01 -3.199159686667721880e-01 1.793384839899941560e-03 -1.589901245928100060e-01 -2.205387816939581302e-01 -3.921081850929241663e-01 -2.977795036261635664e-01 -2.616258055621103473e-01 -1.604809948322700741e-01 5.881778338853287796e-02 -2.098724839753453308e-01 -2.502406724489375511e-01 -4.140321953172083069e-01 -3.385528199692247608e-01 -4.628782010809034952e-01 -1.999422090643211136e-01 -7.004209902043838365e-02 -1.610308456370053709e-01 -2.634547801596407446e-01 -1.534287708554373797e-01 2.412705692762283083e-01 -1.090613218347599722e-01 1.753241666791404696e-01 1.893735084933851343e-01 5.690065740274101724e-01 1.825524704416706945e-01 -1.533866245900069314e-01 -9.073637107916042444e-02 -7.935811392589250252e-03 -1.693522615597674308e-01 -4.126324467133550833e-01 -2.874845987500342370e-01 -3.201627011869396799e-01 5.437470502639984993e-01 2.186525434912699739e-01 -1.150792252619286804e-01 5.804711378926686871e-01 1.029860676461074043e-01 1.503934241839259556e-01 5.729410672928721970e-01 5.353760382386250072e-01 7.233468010250537761e-01 5.933359492732018792e-01 1.298986142039089131e-01 -1.248974651490272619e-01 -1.459558201725309479e-01 -1.576453686168615975e-01 -3.223414513863430142e-01 -3.016192758345758174e-01 -3.635104431301188765e-01 -4.227879651215091239e-01 6.122100849767304620e-01 -2.501081229917764270e-01 -2.747979447077379955e-01 -5.259710273806219444e-02 -3.943657324814412446e-01 -1.924041254001760681e-01 -2.429193395867567662e-01 3.802298578950079055e-01 -1.760796210611197676e-01 -8.639616478076750372e-02 -3.199735619120928631e-01 -3.455831454939307101e-01 -2.183716713045528446e-01 -3.509276523928545055e-02 -2.727156712806262928e-01 -2.339145521416765849e-01 -1.258880798365391053e-02 -1.932506758200849828e-01 -1.918724198251136881e-01 -3.069750748454176392e-01 -2.055712366821690340e-01 -3.819094902544462045e-01 -1.376939528588989620e-03 1.108759777696693982e-01 -1.084222971690499693e-01 2.350937669420068987e-01 3.481164875200870035e-01 -3.630616259820657055e-02 -1.186112296538057720e-01 -9.374397823440047683e-02 -2.710463806368488271e-01 -3.318438685287946610e-01 5.539232737910398940e-01 2.422055276776254318e-01
-4.455678335168442028e-01 3.988329610689716476e-01 7.076167917351848802e-01 1.989045839092428228e-02 1.874621699039920319e-01 6.292256695979191461e-01 6.230953364269851136e-01 1.000000000000000000e+00 8.048713767119135554e-01 1.745227822780206217e-01 -1.741097609529148327e-01 -2.907175749321339042e-01 -3.214937953186708941e-01 -5.165576837290040135e-01 -5.663173859839988333e-01 7.079447968546583869e-01 -2.979994005693651360e-01 1.787564909314636741e-01 -1.521520366929651202e-01 -2.828193189397916751e-01 -3.973483968430909230e-01 -3.056677879373892459e-01 -4.113413484224580086e-01 -4.342963063859945350e-01 -1.918690265538753464e-02 -1.395111174617733596e-01 -3.327369601464516546e-01 -5.174196717879624430e-01 -3.951454447876960319e-01 -5.832307720226428405e-01 -1.300893096262860649e-01 1.515463162266373898e-01 1.870123236278854462e-01 -2.009731077694650037e-01 -2.921602807940127389e-01 1.317664537848739492e-01 -1.144638147383626459e-01 2.014569516973503671e-01 5.644423542539197536e-01 5.492787322158153573e-01 1.317967842097516329e-01 -1.071533701001836647e-02 -3.685206294122609916e-01 1.779555326252418856e-02 -1.860386876364847619e-01 -4.845814891603853480e-01 -5.222550732350299540e-01 -5.500255933160053123e-01 3.514792270860569445e-01 2.368104430196569521e-01 -4.875021403664886455e-01 3.679529904936272855e-01 -3.131397985938138562e-01 5.045485552908659521e-01 7.219886021994552650e-01 7.999335435610185341e-01 7.087658203690736514e-01 8.093616061788955207e-01 2.485773739949177219e-01 8.418639259659407154e-03 -4.391260910270933238e-01 -2.224005226700856708e-01 -5.309842239708166822e-01 -4.848304611018608989e-01 -4.428601852684993512e-01 -5.572749570143358255e-01 2.284377246979412968e-01 -2.412840095302891674e-01 -2.730226239503911745e-01 5.324531988226600954e-02 -4.595754159190658106e-01 -3.819903522445372013e-01 -4.363754522858456775e-01 -6.762389590909440029e-02 -1.639370523803072299e-01 -1.340901588360413621e-01 -4.126658717585214298e-01 -4.809421035481181161e-01 -4.915142632902108621e-02 2.577393903001377884e-02 -1.716574720342584626e-01 -2.825534329689686763e-01 -7.953812856482614380e-02 -4.059696429315494126e-01 -3.408095038537170551e-01 -4.970542614681596749e-01 -2.115607918054470959e-01 -3.755533254200966731e-01 -9.117705130107085776e-02 2.224516079049811135e-01 -4.466629416161433386e-01 6.344287825823434479e-02 1.938701861696623119e-01 -2.373761083226848534e-01 -1.556558191390907120e-01 -9.464968766746546802e-02 -5.046960611657806961e-01 -4.732400604214458406e-01 5.396423997996384614e-01 2.134312272938568011e-01
-5.352336356473449408e-01 2.118043859264734097e-01 6.535951625634017770e-01 -4.219380055805635292e-03 7.319019477356636383e-02 6.587454137351014261e-01 4.402309105190149729e-01 8.048713767119135554e-01 1.000000000000000000e+00 2.977215919896947227e-01 -1.984971572341179269e-01 -3.397892163295417323e-01 -2.968544681012543207e-01 -5.716471036983638010e-01 -5.816151928200217203e-01 6.728606009339856975e-01 -2.565644289105262765e-01 1.149362825355260964e-01 -1.933945576202718009e-01 -2.992500681276839547e-01 -4.319865762568077527e-01 -2.415737057068405302e-01 -4.620492650255422773e-01 -5.685667227462806173e-01 -1.401338567034126660e-02 -8.267875793686417507e-02 -3.403395445643780381e-01 -5.245758417879820001e-01 -4.681234577876056679e-01 -5.806219726450195795e-01 3.120732783442008162e-02 2.282545961107793342e-01 3.199710499369843864e-01 -2.039099882882144943e-01 -3.686669572809807560e-01 2.728751718949213451e-02 -1.475941439960583579e-01 3.204482630214486316e-01 7.008700600241535295e-01 5.563524185618915485e-01 5.680227517783107555e-02 4.113342637299120114e-02 -4.201984751085498515e-01 1.348234276872484483e-01 -1.347824879351983141e-01 -3.954047484148972003e-01 -5.530253870953254491e-01 -5.995552624186324397e-01 1.966394993923358259e-01 2.452351122498246105e-01 -5.821168014090426501e-01 1.505623101197682279e-01 -5.063641507121338092e-01 5.687383157343912643e-01 6.037933277690367140e-01 7.766709904290962641e-01 5.151592802104951740e-01 7.164232596895107053e-01 4.121926919977539905e-01 1.008098435583510560e-01 -4.963980099971493920e-01 -1.447962549374292029e-01 -5.742475732727596593e-01 -5.345265520186820440e-01 -4.786694359348913630e-01 -5.716641478542437982e-01 8.442010634169216932e-02 -2.666566704251847053e-01 -3.369407547053795970e-01 -5.870680982684427923e-02 -5.210999166562330087e-01 -4.151032622084558366e-01 -5.322114719448362008e-01 -2.408954785355921502e-01 -1.935689467012863263e-01 -1.617664675820175146e-01 -4.752516091989847369e-01 -4.675712637992753273e-01 1.171472700184340299e-01 1.241522987727462918e-01 -1.512588001919604186e-01 -3.276921606727084546e-01 -2.371970022400149772e-02 -4.137783461846324395e-01 -3.738841091704613318e-01 -5.359777636808261692e-01 -2.502100359484723535e-01 -3.770124459753088075e-01 -1.331793931922679031e-01 2.885949640438884578e-01 -5.444224520345440910e-01 1.484320621092943548e-01 1.498823173240423079e-01 -3.304010820533695436e-01 -1.282542899166626282e-01 2.159093093325362839e-02 -4.852699645238923165e-01 -4.962004633113311081e-01 4.064902184358720749e-01 1.855648534133066407e-01
-2.843037540900337223e-01 -6.823885703349935605e-02 3.029870936977175355e-01 -1.441621559695989430e-01 -1.207555767866202445e-01 2.882823882536359461e-01 2.102804838103693175e-02 1.745227822780206217e-01 2.977215919896947227e-01 1.000000000000000000e+00 2.021403727846798615e-01 2.087370307246163570e-01 -2.120776352675676213e-01 -3.428703153322891772e-01 -3.109156708028000260e-01 1.629637142645052605e-01 -2.012511736763501202e-01 -3.581185360992854561e-01 -3.349373524693171067e-01 -4.828428821814957361e-01 -4.059199610578583806e-01 1.311614272265768794e-02 -2.913062710328659377e-01 -1.710592757901337746e-01 3.016605979266852589e-01 3.985134740876387083e-01 -1.650332236172513956e-01 -1.234276226704453944e-01 -4.476880162404420216e-01 -1.968407669256233561e-01 5.996004524486762965e-02 2.746458600430128905e-01 2.154995189541405731e-01 -4.156134022136202533e-01 -2.772410941543988483e-01 -1.933389754574850461e-01 -1.777685413378992108e-01 5.770372957590166330e-01 4.366989497690359490e-01 3.687866341818638594e-01 -8.975528802655480254e-02 3.552876170548154855e-01 -3.040257001250279423e-02 2.006917323375606022e-01 -1.982678164961832190e-01 -4.150614605953281688e-02 -3.030958435890831471e-01 -2.868123086711611425e-01 -3.636502780496999460e-02 -3.104686381555775143e-01 -3.024755118665321540e-01 -1.490982416770648133e-01 -3.978628495632265949e-01 1.951719071968271713e-01 1.711580139969094694e-01 3.005187363041830206e-01 6.193914435697498930e-03 3.799148759657403757e-02 7.304121242252732404e-01 4.478797954737267495e-01 -1.319748766593964104e-02 -1.202919946253851596e-01 -3.078735508442426161e-01 -3.299755364740226127e-01 -3.514993620944127373e-01 -3.045147505878732508e-01 -1.399170893601655863e-01 -3.822978147289681217e-01 -4.906769687923754342e-01 -4.844908984632458893e-01 -4.495511938103669558e-01 -2.277258626893779725e-01 -3.990869882256824486e-01 -1.158323222486561527e-01 -1.111701451760181009e-01 4.184111240828856659e-01 -3.696023634214536391e-01 -2.000567782288746044e-01 1.701916290249665953e-01 2.331265866857518965e-01 -2.457418809374475877e-01 -4.056910836441177670e-01 -4.887300894161610010e-02 -2.694212927400820856e-01 -2.922862585356353904e-01 -3.449359417389473159e-01 -2.919548639966543235e-01 -1.589549642831354082e-01 -3.375218884830027410e-01 8.488047516025939987e-02 -2.656837577203142176e-01 5.384903359540179624e-01 4.651090028589594527e-01 5.758001743728029254e-03 1.281534304302604788e-01 2.369765290929849721e-01 -2.299602904277865956e-01 -3.179931692111761521e-01 5.546107916462560128e-02 -2.486322564251457756e-01
-8.642565839629048896e-02 -1.807956424898346515e-01 -9.963643096892599305e-02 -2.207157718497007592e-01 -2.008616011783361521e-01 -1.459788163866071187e-01 -1.602993586599930353e-01 -1.741097609529148327e-01 -1.984971572341179269e-01 2.021403727846798615e-01 1.000000000000000000e+00 5.661989656794957915e-01 5.208805596327151927e-02 -9.675102765738069488e-02 -5.913489906722577821e-02 -1.528156146550633809e-01 -9.536695295664041061e-02 -2.325964334979813974e-01 -3.177326090940722492e-01 -1.166568530429269029e-01 -4.991874014406048193e-02 -5.147522778776419949e-02 -1.400820642865417687e-01 4.408354183244760360e-01 5.358258084505177488e-01 3.996974614927558678e-01 -7.203927161546737346e-02 8.828613903993522138e-02 1.043258617302781494e-01 7.986794787518268490e-02 -1.931534511145783783e-01 2.308554393692538731e-01 2.347209560153183314e-02 -2.585967993091741191e-01 2.411102628871683029e-01 2.329541637482629712e-01 2.020336384031693744e-01 4.993092836016686104e-02 -8.765236291567087001e-02 -1.128807763993011637e-01 2.045009659864695795e-01 4.966045433084972927e-01 2.775531975897178594e-01 -1.396370290726258734e-01 -1.549477027137602034e-02 2.246355808741002658e-01 -1.153513715051957961e-01 -6.745765032167470865e-02 1.109608948631880670e-01 -7.996813656356244193e-02 -5.364237343872971936e-02 -1.389145003338213280e-01 -5.635544116621143962e-02 -7.789783684381210160e-02 -2.653218076596276787e-03 -3.802370647527233971e-02 -1.490856290005248275e-01 -1.599668690553561201e-01 3.310156721204454700e-02 4.967885815977558517e-01 4.378252670141880576e-01 -1.137294768658795585e-01 6.986208641735089375e-02 -1.687139392898343582e-01 -1.796080743441422212e-01 -8.331002516755893483e-02 -1.017137764669413108e-01 -1.270850386167217960e-01 -4.665103008061177725e-02 -1.041660595804545369e-01 1.719367027069698120e-03 -2.821038725331603825e-02 -1.182310864737752126e-01 3.309190259402123441e-02 3.012493632612002203e-01 5.868151545714860307e-01 1.301883529804775952e-02 -1.894453722323259648e-01 -1.185831894071008447e-01 8.593720049025718732e-02 -1.597572772440301325e-01 1.756359198071539562e-01 -2.074067338139955752e-01 9.149458859001552424e-02 -1.889316911634486562e-01 -2.426448356235670623e-02 1.836978823850173304e-01 2.119707073127255481e-02 8.790003431426883507e-02 -5.862643361537630410e-02 7.234307714424803581e-02 1.219874348957115384e-01 1.774839516078831059e-01 4.897079595546224295e-01 1.242236325792067525e-01 1.133833250211599558e-01 -5.386122990402801569e-02 5.890580227559897436e-02 6.222816093534416088e-02 -1.296889635260529139e-01
1.787148630902099800e-01 -1.594255692286364601e-01 -1.736877755568592696e-01 -2.909810316855547807e-01 -2.066309802179673027e-01 -8.039383407265494885e-02 -1.543438084685592737e-01 -2.907175749321339042e-01 -3.397892163295417323e-01 2.087370307246163570e-01 5.661989656794957915e-01 1.000000000000000000e+00 1.073222990172586627e-01 4.355895879401246173e-02 2.790732652320485063e-02 -2.990890194504028932e-01 5.070619043221874511e-02 -8.010863282066632562e-02 -7.371616272024207606e-02 -1.931493011598194032e-02 6.524332358666581552e-03 1.188245825538960243e-01 -7.201638465663073863e-02 5.680875420120511388e-01 3.042193854606687342e-01 5.986520450545080863e-01 2.155441715864882257e-02 2.421159724133070679e-01 1.211250998172004184e-01 5.462702682996206649e-02 -1.850758656789553980e-01 -1.725833129948192712e-02 -2.141271951262107842e-01 -2.407647517413104635e-02 1.717825715541952403e-01 2.528186801357853453e-01 1.106504793587814034e-01 -3.899518982322409955e-02 -2.403085103157716618e-01 -1.066414328237082626e-01 2.169442254586659014e-01 2.422168565339444801e-01 5.121276659552765897e-01 3.503365429616599191e-02 4.138805140613241451e-02 9.875539393140547739e-02 6.519988845770620378e-02 7.555464435051233163e-02 2.152958173663230557e-01 -1.674787413736359976e-01 1.846030740822482419e-01 -1.043727479002799635e-01 4.011409159356024712e-02 -1.989284526978176149e-01 -1.687258112594470782e-01 -1.855765921463481960e-01 -1.825435819454468422e-01 -2.172216189191454594e-01 9.154182730282715841e-02 5.714380764283104597e-01 5.610316666672588992e-01 -4.576848495268137640e-02 8.437557978845165729e-02 3.544940082327308062e-02 1.403961258435173446e-03 1.449848363388285544e-02 -3.710055610923974206e-02 -2.070217577012002652e-02 4.630244779616021419e-03 -4.032651883979318508e-02 3.419681031334226295e-02 1.513852741758824061e-01 -4.321981115442773136e-02 1.833835445888144233e-01 4.556431008875190813e-01 6.031861990253362116e-01 1.114202488579900396e-01 3.307034761823264557e-02 -2.166631623377043847e-01 -9.892633094773287117e-02 1.349336563514389256e-02 1.510049298766754922e-01 -1.305379531978683762e-02 1.320992283793657185e-01 1.875347458002012482e-02 -7.024467360762450679e-03 1.652746924770712722e-01 6.628139879229325016e-02 1.758406241436668849e-01 6.392460205113537075e-02 1.713155383151770683e-01 1.415389612865222135e-01 4.903163177777335874e-02 3.095147904753099977e-01 2.503681591739612133e-01 2.119086151525738926e-01 9.437749049647436994e-02 -2.881236573677230586e-02 1.209206513172167569e-01 -1.492932538953210819e-01
1.083380421858926301e-01 -3.299680713033910640e-01 -3.759315829242440565e-01 -1.576312694612209686e-01 -2.469173830725176766e-01 -2.704467026050925704e-01 -2.241447673335991153e-01 -3.214937953186708941e-01 -2.968544681012543207e-01 -2.120776352675676213e-01 5.208805596327151927e-02 1.073222990172586627e-01 1.000000000000000000e+00 4.862006390366507280e-01 4.490242903985880440e-01 -3.592023667382266972e-01 5.889721803548223500e-01 1.548748782460132589e-01 3.689189620816030746e-01 3.408175550767474915e-01 4.741284034241163292e-01 4.098598648698662528e-01 3.501895078935099992e-01 1.624549027312627014e-01 -2.372797517422056690e-02 -6.227699540039008906e-03 3.813630100284476354e-01 3.726818486712482614e-01 4.096344171376481436e-01 3.890935989360047031e-01 1.287891341070305229e-01 -1.752635321953327219e-01 -1.876988459309324453e-01 3.299567104866259482e-01 4.086928272190614719e-01 -1.585184011388262593e-01 1.486131013734436346e-01 -2.146082480573240359e-01 -2.466366848170035708e-01 -3.127599805116612619e-01 -7.016842711467949356e-02 4.017637099307502790e-02 1.547668361320679309e-01 -2.797238393165064549e-02 3.029518142871388542e-01 3.573520854016263293e-01 3.112766272677028878e-01 2.702070892891528242e-01 -1.614849221663289536e-01 6.065401772069716618e-02 1.464745010859622720e-01 -2.814957697402861725e-01 6.458076157650423366e-02 -2.009674615564378819e-01 -2.970573192685885267e-01 -3.458796542044335620e-01 -2.678543782008377394e-01 -2.855251349561758745e-01 -1.993680546928110198e-01 -2.202712733784453411e-02 2.565907582456120051e-01 7.389389003233945985e-01 5.052183103528739005e-01 3.809566959694334343e-01 3.709765111659017456e-01 3.924080397632354611e-01 -2.895355968356878168e-02 5.001080047032088194e-01 2.931690182818699197e-01 1.710660004968282688e-01 3.637342626900469944e-01 4.513138278630391964e-01 2.738650936504627431e-01 -2.773329025580138774e-02 2.972626755348555250e-01 -5.041238104385154656e-02 3.507011300138205279e-01 2.850695687494869124e-01 2.546694921895320887e-02 -1.807169325442202767e-01 2.296803282424592085e-01 1.943079605509088481e-01 4.697065970824401693e-02 3.593077935889869012e-01 2.098856419366169068e-01 2.830355283615915152e-01 1.881729796212592842e-01 3.520448093001322110e-01 8.317222312458216749e-02 -6.111776840792764592e-02 1.200018843176616362e-01 -1.243540654104447196e-01 -2.928473613239045426e-01 -1.845257019596116717e-03 2.156217887643387468e-02 9.363725932787275719e-02 3.179756198448312476e-01 2.811434859243129858e-01 -2.449484077211433186e-01 -1.229121956683906954e-02
4.758249343277560772e-01 -1.681188303338784495e-01 -5.391311706789906344e-01 6.163770733215273578e-02 1.078181995710659688e-02 -4.214451800149814353e-01 -3.598155851159622332e-01 -5.165576837290040135e-01 -5.716471036983638010e-01 -3.428703153322891772e-01 -9.675102765738069488e-02 4.355895879401246173e-02 4.862006390366507280e-01 1.000000000000000000e+00 8.372449539062069013e-01 -6.074759592208455183e-01 5.636255842286250761e-01 2.673653833792066226e-01 6.311676509662491608e-01 5.122843039339360915e-01 7.454248073851937884e-01 3.367039481539802481e-01 7.666940997641822353e-01 2.267574376423339422e-01 -1.318626377771382752e-01 -3.413732211485459578e-02 4.141318180652953096e-01 6.167226826446898791e-01 5.818404026639586446e-01 6.762480734750614397e-01 3.106397845678180239e-02 -3.921502659103034971e-01 -4.236719967146574950e-01 4.871169641997422639e-01 1.909033853741945175e-01 -2.274004882116112125e-01 1.622680922397808922e-01 -4.499102670577005414e-01 -6.088662280549391737e-01 -4.686428059999901419e-01 -2.391973680100732413e-01 -9.551032067597797770e-02 1.653670789834083277e-01 -7.060080190468462358e-02 1.523854218896243395e-01 2.783395482716044533e-01 6.576124670282049722e-01 6.880926951117770640e-01 -1.411228338758566681e-01 -1.078106907767676786e-01 5.154141841585466732e-01 -9.177179323796702537e-02 3.911190504995455952e-01 -5.589272078147952127e-01 -4.156917849133618392e-01 -5.504491740930858024e-01 -3.334773128469047387e-01 -3.750661150442444192e-01 -3.633205931929490706e-01 -1.952988529655977634e-01 1.985746579882019525e-01 3.744653248367887932e-01 6.988990342417379376e-01 7.976548781208792072e-01 7.680151360755246293e-01 8.192619087912358378e-01 -4.213351935717556812e-02 5.526921839971055128e-01 4.437791258367004832e-01 2.765043198931129154e-01 6.915702050939290801e-01 5.129558445970098246e-01 7.662703463960774952e-01 3.351093097087610995e-02 1.052757742406343067e-01 -7.193525950146013870e-02 6.361981851631670626e-01 7.309022436672842904e-01 -1.159355240297643835e-01 -2.140783232993060392e-01 3.013443771537794857e-01 1.922158247144612475e-01 2.679898994425719203e-02 2.516176308844154663e-01 5.003567003195767970e-01 5.206333799188607170e-01 2.577565018291900212e-01 5.222121650355137090e-01 1.484353119578680213e-01 -2.242799096362630140e-01 3.587284171768740371e-01 -2.832215136545108147e-01 -4.153284869493646392e-01 7.606131522810818946e-02 -8.470432847013041611e-02 -2.478425563865268785e-02 5.428226845151570279e-01 4.905664967935099430e-01 -3.075947926395848353e-01 -1.014084823010321101e-01
4.762295944638497147e-01 -3.047982372202518442e-01 -5.823508457952428774e-01 9.969403482360708613e-02 7.936543051286965023e-03 -4.499895259063736441e-01 -4.400500100150317451e-01 -5.663173859839988333e-01 -5.816151928200217203e-01 -3.109156708028000260e-01 -5.913489906722577821e-02 2.790732652320485063e-02 4.490242903985880440e-01 8.372449539062069013e-01 1.000000000000000000e+00 -6.649043521863017281e-01 4.605495763024126665e-01 1.363918235323512418e-01 4.632627943828196981e-01 4.495123040491952326e-01 7.690836734853497836e-01 2.818569572737417150e-01 7.334901054136676590e-01 2.201246606691440177e-01 -9.046952655526742382e-02 -6.114422285732024759e-02 4.232054594030617012e-01 6.196777299236455594e-01 6.109745176357650465e-01 7.631468735187786345e-01 1.020071708140724009e-01 -3.087906413747348311e-01 -3.666521678986414678e-01 3.833434481602338573e-01 1.974388978994099930e-01 -2.732170595369004529e-01 1.352989197797292986e-01 -4.112713266773482812e-01 -6.224874274563491072e-01 -5.317697861120784797e-01 -2.679168240077110519e-01 -9.869972934682605392e-02 1.103477918886061893e-01 -1.235766610207910676e-01 1.525080033493027287e-01 4.016287208352692928e-01 6.319608442222415245e-01 7.082712208564913015e-01 -1.830281146972882467e-01 -1.854877521748875269e-01 5.093646067993579107e-01 -2.105996009569220395e-01 3.388125936440568586e-01 -5.594691982614806713e-01 -4.713203231677557392e-01 -5.895262180682445674e-01 -4.405165996370093984e-01 -4.402944240948092336e-01 -3.783099881748491211e-01 -2.000417590810860402e-01 1.955177342375506999e-01 3.220331794969957251e-01 6.931164246022663011e-01 7.555926828156892539e-01 7.617978298924157343e-01 8.868010670938033524e-01 -1.194110288419288624e-01 4.283289015313568315e-01 4.062577479300091832e-01 1.730148166231919582e-01 7.536357917265290585e-01 3.899832781664493986e-01 7.409746511503522148e-01 -3.415543548832591231e-02 2.275113748114407711e-02 -7.653088393565869729e-02 6.364909089594860125e-01 7.168229484764906401e-01 -3.066818908696417739e-02 -1.554840876283736795e-01 2.195162888290083658e-01 1.745374911248426808e-01 -2.490967111994788277e-02 2.619573717029261561e-01 4.625080665461755447e-01 5.283945668317382438e-01 2.238887843990043092e-01 4.956514440790383280e-01 7.658570401875736122e-02 -3.061957142268394994e-01 3.705991831101873024e-01 -2.647154627468584764e-01 -3.773854639288702906e-01 1.253298576559567779e-01 -1.316977378458737691e-01 -9.779319618430748484e-02 5.538958140795876561e-01 5.561644435053961777e-01 -4.036704014220253711e-01 -1.936188756904981823e-01
