1.000000000000000000e+00 -7.161169843881380614e-02 -7.353823122715108518e-02 -1.273512036022116933e-01 -5.259985296880198558e-02 1.483204249380251083e-01 3.102778101102419139e-01 1.160488966462461663e-01 5.316723161555111238e-02 8.662230605755879415e-03 5.069102645362902337e-02 -9.721440570880351961e-02 -7.801097542536787610e-02 -6.112153142134624240e-02 -1.058223516026111088e-01 1.174286563056803762e-01 -1.164413819333190298e-01 2.165823432539715487e-01 -1.415942918314121446e-01 1.358543517088576791e-01 -1.943994344916532765e-02 -5.801907361975770783e-02 5.794528468022196177e-02 -3.199986418446843645e-02 1.416492579452029166e-01 -7.861189718453997013e-03 -1.039547025901058908e-01 6.714346259764990277e-02 -7.316542042570274226e-03 -1.644470123017344187e-01 -8.009879479672843416e-02 1.014325856186334279e-01 1.231213163881192535e-01 9.665323965916919335e-03 1.471578501042121109e-02 2.568051933484987170e-01 3.947661893978978570e-02 1.127860019117935680e-02 -1.189218283104220147e-01 -5.361802039003576298e-02 1.896126566379882916e-01 -2.782261685428529807e-01 -1.378048983710961628e-01 1.228117861617742251e-01 7.527469014407091319e-02 -2.982620111026669171e-02 -6.416829994423721428e-02 2.377429064662303915e-01 3.574656274405381140e-01 1.304521358465807190e-01 3.685986250227883954e-01 4.063061759162043401e-02 1.336439372984316032e-01 -1.333441444015998900e-01 1.133994063253846440e-01 1.871953251606739144e-01 8.581732789610975465e-02 -1.382328764166086132e-01 1.523394341612462344e-01 -9.545957471942055628e-03 -1.143644505115473942e-01 -1.384666866911140881e-01 3.696049667906557701e-02 -3.678209988140602321e-02 -1.290430273823074681e-02 -5.313317096427580891e-03 2.456914360980476664e-01 -1.408168069988299242e-01 -5.398695336562763653e-02 3.411119141035097446e-02 -1.204622727917019874e-02 -1.938129837960010093e-01 5.635375464703423765e-02 5.764891392004331538e-02 -2.218736032399534763e-01 -1.817315215918587773e-02 -1.239947013885138033e-01 -1.266500282049026482e-01 -1.498055900717279731e-01 7.650658876989188673e-02 -1.030405440605633716e-01 1.027787416397595854e-01 -2.393073112925630797e-01 -9.110174699681505839e-02 -1.183773343679770385e-01 -1.806619474851280799e-02 -1.765079779320983394e-02 -1.923099878025226195e-01 1.210635744652944906e-01 -1.525342775586970290e-01 1.131111538095155022e-01 6.542524234258494109e-02 -7.869376415557230442e-02 -4.027622970754003717e-02 -2.292649393513844780e-01 1.557136577124727805e-01 -5.788645539196790590e-02 9.082303830038276904e-02 4.695402711111982264e-01 4.677072282708077261e-02
-7.161169843881380614e-02 1.000000000000000000e+00 1.478691619083562780e-01 4.819076041091675533e-01 4.281725739265265784e-01 2.757624418554401879e-01 3.396004940541721105e-03 1.695005009005865482e-01 1.784339497442604117e-01 -1.907256463040646055e-01 -1.165412818079029494e-01 -1.648015450390893366e-01 5.763637696998608062e-02 4.287117058067779762e-02 5.895560960343085993e-02 -1.898462186165799162e-02 -3.162496610475387659e-01 -3.248685613080862233e-01 -3.326690978369069296e-02 -2.153893337723621765e-02 -2.136325781589234751e-01 -1.150185527423128740e-01 -2.393315712541645157e-01 -2.145676909130787291e-01 -3.433800530463733680e-01 -2.108671498206515782e-01 -6.793965686805812643e-02 -5.799935409652842710e-02 -1.102111955199600590e-01 -7.017289357454031817e-02 -2.192658037198733784e-02 2.817899283766861149e-02 1.014368215912049426e-01 -2.935330444257653881e-01 -8.298149859255316008e-02 -2.963177108826714826e-02 1.439965661799473828e-01 3.624660632354161083e-02 -1.947321081596825989e-03 -2.638612467419403779e-02 9.192771471848396048e-03 -5.711840094321381928e-02 8.798659508066448975e-02 1.333420435462535081e-01 1.565642049235603794e-01 1.472965094742427206e-01 1.258767966430339169e-01 -6.061706981510276739e-03 1.031388187236886300e-01 1.324144666266675319e-01 -8.546033183215799578e-02 4.996842208438710409e-01 -9.374033591519802255e-02 4.355517095776852976e-01 3.053967386663412054e-01 -1.259304507963528684e-02 3.349467581733926030e-02 2.611774406842705121e-01 -2.584724341631401967e-01 -8.949381316955506288e-03 -1.300420994542106183e-02 1.185072107470957897e-01 -1.753317272629019777e-02 -2.589597728553667474e-02 -1.312850127512854015e-01 4.787294724376748786e-03 -1.475176029683969992e-01 -2.547058892799172192e-01 -2.201533382703865782e-01 -3.282344193592816040e-01 -2.358787502541564440e-01 -7.872420060482041015e-02 -1.994938666783749037e-01 -1.191220802975274107e-01 -1.764271735518828654e-01 -1.724079781023249991e-01 -1.484792900598021492e-01 -1.168486222558406395e-01 -1.027815321384553116e-01 -1.093707009602112867e-01 -1.075988473995389688e-01 -6.086882882940543998e-02 1.823857891141315579e-01 -3.750950767839827255e-02 -5.841832155249341435e-02 1.917387189293803720e-03 1.657702139686152987e-01 1.280209252805581399e-01 -2.461575113091138065e-02 1.581822518465440253e-01 -5.903282956913616375e-02 -2.601353820984685372e-01 -6.335809460368933832e-02 -7.331245407113158412e-03 -4.639564118381020452e-02 1.582953751343397220e-01 1.965785665030349849e-01 1.117843802398878622e-01 -5.695830576448962512e-02 1.503493791659912260e-01
-7.353823122715108518e-02 1.478691619083562780e-01 1.000000000000000000e+00 3.014965416772689630e-02 -7.521294448834719981e-02 2.380588652002218197e-01 -8.360703740123849592e-02 2.649346138149670793e-01 2.987734289713627200e-01 -2.752584844999111241e-02 -5.876193868290811168e-02 2.549805998545242591e-01 2.258205884046409484e-01 9.849427264636678725e-02 1.242877846580069945e-01 -1.531936946588824400e-01 -6.390209727090220837e-02 -1.855563412403662613e-02 4.235799125859488617e-02 -4.794816661818727954e-02 6.128768613054434017e-02 -9.066692888932159633e-02 -7.561701954996001562e-02 -2.192503551359038794e-01 -4.420679333185621035e-02 -3.813144203591896375e-02 2.014754528468663819e-02 8.879306494548724893e-02 -8.976466019037742522e-03 3.972630944006469433e-02 2.501840967731600585e-01 -1.992452826724248893e-01 -2.335382787054613996e-01 -1.141750366315030657e-01 -6.379996656779686470e-02 1.781028865902680586e-02 -6.289253665712579711e-02 -2.379373140792523378e-01 -2.101195859548238287e-01 -2.099107795504007168e-01 -1.555241835805183659e-01 4.649708093722753482e-02 -5.096543426929935061e-02 9.092181934086447648e-02 2.002803648626581001e-01 -6.584056798061861671e-02 -5.828089028817218936e-02 5.387262578623121939e-02 2.914161373749831960e-02 -3.450345886535360895e-02 4.276216138220885477e-02 3.003581022600771977e-01 -1.891534528908676849e-01 8.879628802591099657e-02 1.354709630496896966e-01 2.048977883495958774e-01 2.810600496762243328e-01 3.061171275270390124e-01 -5.097845270950845942e-02 5.472770243627451611e-03 2.866291322378654027e-01 2.227389419451519248e-01 -5.238943791294353725e-02 1.108060292224613969e-01 2.965957215836525270e-03 1.528658728503846376e-01 -1.703474939154606405e-01 9.106437039477335849e-02 -1.095158263153181294e-01 -1.059044132295220569e-01 4.326986454449736896e-02 -7.034884702968902115e-02 -1.286224192487835927e-01 -2.394080343997626592e-01 -4.616485123835363524e-02 -5.018127619435671857e-03 1.197688669264212052e-01 1.224513164602024223e-01 8.176846667200238228e-02 -1.700469281170935987e-01 -1.742803163678532385e-01 -2.499735253683615099e-01 -1.244612567170602126e-02 -1.214028967749829352e-01 -1.302069562929734567e-02 -2.355992821073632226e-01 -1.183807338864140968e-01 3.846221271593975449e-02 -1.021810902797272713e-01 -1.392754189436395951e-01 -2.776924537520527037e-01 8.997794582814539616e-03 -2.930732410936630061e-01 -1.984609819862455382e-01 -1.944368870673106320e-01 8.706073492189003726e-02 -1.264889660659219706e-01 -6.416574082282010261e-02 -1.061303451062083625e-01 -4.254176152047139253e-02
-1.273512036022116933e-01 4.819076041091675533e-01 3.014965416772689630e-02 1.000000000000000000e+00 4.017414009812518838e-01 1.861069674900513726e-01 -1.001475118934561787e-01 8.644157202827251751e-02 1.587737339231599654e-01 -4.759663163802236446e-02 -1.304564125945409658e-01 -9.913740494332784481e-02 1.057569593259251838e-02 -4.171937250284851045e-02 -7.758934842140824406e-02 -2.929613760536186814e-02 -1.826312001418833875e-01 -2.275982009473246359e-01 7.831991697168189451e-03 1.727500134818567290e-02 -1.947122695840970141e-01 -1.098093933506118225e-01 -1.769650279803349768e-01 -1.123988560287729338e-01 -2.872773894106945280e-01 -2.792220538806496344e-01 -4.757869073110131131e-02 -8.535485270652255763e-02 -3.291678250121984894e-02 -1.247351823438516139e-01 3.030279296959980523e-02 1.008421213332918176e-01 1.291553126468146795e-01 -2.145472772725947608e-01 1.189597259508521146e-02 2.342126476865735024e-02 1.056461538396789301e-01 2.381785715488398195e-02 -4.440485420826022905e-02 -4.667261733317587535e-02 1.076854491846159206e-03 -3.568745784061144906e-03 6.488375649735593498e-02 1.253388560280960795e-01 1.588937348568212893e-01 2.791919140452522527e-02 6.604455476783284429e-02 -4.247169829380505190e-02 1.771717625010328923e-01 1.175303029450808501e-01 4.983739155772798357e-02 3.417515690381817683e-01 -9.548369640466791708e-02 5.822368106676953925e-01 1.705965238512481830e-01 6.591569739158366359e-02 7.207840330570479924e-03 1.960076631411808434e-01 -2.129834507802868815e-01 -1.670019502299696090e-01 -7.515151830442648451e-02 9.094052678583096350e-02 -2.668518621196816140e-02 -2.362753615579228986e-02 -1.605747941618469454e-01 -1.003572198431813556e-01 -2.071101179792948221e-01 -2.292383343666533069e-01 -2.406002148143591424e-01 -3.327998811605902274e-01 -1.607121439080518299e-01 2.331220360617312914e-02 -2.502068052485837968e-01 -1.506470498652471013e-01 -9.166952580306630960e-02 -1.727888079537717170e-01 -1.422100360300548039e-01 -9.569792536673391026e-02 -3.157322762574314869e-05 -9.555838396066558549e-03 -1.266210508165922788e-01 -6.079623451812211921e-02 7.464280994479305376e-02 -4.991711861579819359e-02 -5.315950837122306732e-02 -1.127616462885066562e-01 4.337661134491545105e-03 7.794465331102218286e-02 4.111095515031967795e-02 2.398016010292685837e-02 -7.192105525550797351e-02 -2.108578058464880278e-01 -1.007796397245572934e-01 4.474356088684887378e-02 -4.853357184558953347e-02 6.050906819331730579e-02 -2.869805328291587590e-02 -3.015669473497506470e-02 2.592418196048449502e-02 1.649758889527425110e-01
-5.259985296880198558e-02 4.281725739265265784e-01 -7.521294448834719981e-02 4.017414009812518838e-01 1.000000000000000000e+00 3.243313098831013819e-01 7.677338751054317567e-02 -1.752288546949832757e-02 1.040683509760058495e-01 -2.299570509519532624e-01 1.286557777731475206e-02 -2.885421690619212054e-01 1.074572455576050384e-01 -3.745610405353289041e-02 1.346969328073433642e-02 -7.671229460604147600e-04 -2.527440720169845667e-01 -1.609093022251090466e-01 -3.410006265232150280e-02 9.369972893034278494e-02 -1.763023712745984406e-01 -1.083510899281153878e-01 -1.805354741911297800e-01 -1.722776699913249610e-01 -3.158371146525210671e-01 -2.577006224487366493e-01 2.797851240803188311e-02 -1.230409699677585122e-01 -1.652252204366044808e-02 -2.367639113337628720e-01 -4.877177001079473218e-02 2.437258143610842309e-01 5.531014879009608920e-02 -1.838567512025967299e-01 1.090336110550272838e-02 5.150800078982648716e-02 8.355363957337333392e-02 2.671584341262844275e-01 1.131636283669792825e-01 1.314856452436516110e-01 1.411449314078935258e-01 3.434965276888787833e-03 1.183321735315034234e-01 1.728365351844235454e-01 1.640596098818807858e-01 2.276058170394076041e-01 2.803479235095543975e-01 1.471771418989155922e-01 2.471900459564524144e-01 2.057157372275272011e-01 -7.550832275538757465e-02 2.678622335165637969e-01 -6.226756135024877348e-02 4.868400686667427313e-01 3.568755136764248936e-01 1.302787640419676984e-01 -1.682289991353796144e-01 9.042763261222155902e-02 -2.035477381847630995e-01 7.117607298598929710e-02 -1.984793220888920739e-01 1.396424853849058123e-01 1.744365876722220043e-01 1.396271793404749856e-02 -2.080148150432190868e-01 5.968079324960642862e-02 -1.784958134103600269e-01 -2.413229778450892704e-01 -2.632718551586061273e-01 -3.214825040610114204e-01 -2.611751809439867844e-01 -8.484425050502069840e-03 -2.090349868511732490e-01 -1.403800602701827382e-01 -2.659698901717619246e-01 -2.498913184935054321e-01 -2.264565687750355882e-01 -1.541640273333681199e-01 -2.703568891805617491e-02 8.612421858505783789e-02 -2.325345469954327726e-01 8.785324694030786571e-03 5.043450571670171634e-02 -1.160168209156230701e-01 -8.677208718683143696e-02 7.477616803970065298e-03 8.301858049976477971e-02 4.291494353062378503e-02 2.611984985099965930e-03 3.452099655305493342e-02 5.687620520655299258e-03 -1.919082586651283950e-01 -1.181732146678128419e-02 1.307886741475499937e-01 1.721429966553365137e-02 1.265633742421477803e-01 1.651041587491945961e-01 1.155163957484275639e-01 5.124548163533750034e-02 2.360121981682502812e-01
1.483204249380251083e-01 2.757624418554401879e-01 2.380588652002218197e-01 1.861069674900513726e-01 3.243313098831013819e-01 1.000000000000000000e+00 1.885763855603751205e-01 5.003787884192461427e-02 3.317395179942332906e-01 -1.282406519932674238e-01 -9.245491770530699094e-02 -2.593346994574990405e-01 1.906333050779572824e-01 1.193451868058963694e-01 1.404149198330273129e-01 -1.946654913343502658e-01 -2.814863400102001201e-01 -1.399730737936060454e-01 -3.828453029267674806e-02 1.865161521118606502e-01 -2.329974383419149420e-01 -1.555023057792267460e-01 -8.240014074515043807e-02 -1.390691680489806459e-01 -3.142653772295582182e-01 -1.180676196494977320e-01 7.871610956313287999e-02 5.095029416718932502e-02 1.265318768170102248e-01 -6.638791308132278857e-02 7.427058562244058526e-02 1.579301602715159070e-01 -1.388243080277980213e-01 -2.570478087370675624e-01 -5.843386447924969751e-02 2.432561998860618413e-01 2.467175946320137037e-01 2.190530967032183474e-01 3.862029905233008154e-02 5.757309056114297274e-02 1.748850699892379179e-01 2.354146085918207981e-02 2.867979047505351056e-02 3.489658403774310580e-01 3.280406663521026611e-01 2.369163923482467127e-01 2.127380373567717142e-01 2.739725270019783276e-01 5.162072298470483656e-01 3.836473700647758944e-01 1.978168364254957040e-02 2.054275668842328040e-01 -3.139075376432902686e-01 1.456126349308851098e-01 4.460908669741960875e-01 4.565623790408965266e-01 -8.061030581136621742e-02 1.994416828411956499e-01 -1.449386366203454235e-01 -1.684766921506802156e-02 -5.238953851182227839e-02 9.061276055793539286e-02 1.744653750963640060e-01 9.997574156088649688e-02 -1.043741526178538076e-01 1.223761195375708266e-01 5.293555331754910137e-02 -1.982443564637524636e-01 -2.593572524828918202e-01 -3.630932996936256929e-01 -2.318393224366525618e-01 -1.115158451448070021e-02 -1.070889403512987198e-01 -8.177195954818802792e-02 -2.956494284206315215e-01 -2.214634420198437204e-01 -1.108877208996681685e-01 -4.748075253949492203e-02 -6.078673994764604432e-02 3.540433293858877284e-02 -1.690294589194289432e-01 8.072456024628732463e-02 -2.389069648793392883e-02 -2.098823122434860244e-01 -1.259068057019134546e-01 -1.227414860931088508e-02 1.578541468259599956e-01 1.723668030190948219e-01 1.595228994933475530e-01 6.950929334845620811e-02 -1.701412059317138348e-01 4.124345867099597079e-02 2.720480686841281193e-02 6.365680447233426631e-02 -4.529670593847790611e-02 2.844409437734977675e-01 1.793919075579425704e-01 2.646417417190473631e-01 3.227740714965162683e-01 3.661509953880468515e-01
3.102778101102419139e-01 3.396004940541721105e-03 -8.360703740123849592e-02 -1.001475118934561787e-01 7.677338751054317567e-02 1.885763855603751205e-01 1.000000000000000000e+00 1.064185194541200363e-01 1.251538339467825889e-01 -7.249260353409400781e-02 6.952244466125778732e-02 -1.392832221199866161e-01 2.958905988447154550e-02 4.067944339293378536e-02 -6.747197284794617667e-02 -5.266323109458939666e-02 -2.157649681804308384e-01 5.691534032468092280e-02 -1.404440012832371132e-02 4.295524547264994997e-01 -2.356898419325044458e-01 -1.490388181714144555e-02 8.805173512236036393e-02 3.843882374479701269e-02 -9.314683984693589158e-02 -9.741950714453867510e-02 1.993823083733868018e-01 1.805058616634517069e-02 5.171089338166606070e-02 -6.176076943083135679e-02 2.106155020594416630e-02 1.895791552750880904e-01 -1.000521265568679041e-01 -1.984272942591359667e-01 -1.357461638819093819e-01 3.248916213924301633e-01 3.189755949101543558e-02 3.968339953585803270e-01 2.339765681689292276e-01 3.285130740885547351e-01 1.538030098571949167e-01 5.008494530228622954e-02 -1.242439425805070066e-02 4.435142053013672592e-01 1.504410009471474630e-01 4.647436839273614284e-01 1.356604387754648533e-01 3.452649919761735520e-01 4.465418646466799979e-01 5.044030609389893449e-01 2.054742960238787053e-01 7.131348318287407395e-02 -4.303286741064880211e-02 -4.143322369878463945e-02 3.419759822985320163e-02 2.626355785182686309e-01 1.484884425376965522e-01 9.031589754767391405e-04 1.308946359990931577e-02 -2.005298324813944381e-03 -2.053160182171327452e-01 4.249237168407335279e-03 1.385889531018730803e-01 4.828054834515376620e-02 -9.947124619238242871e-02 -1.718098280776771472e-02 4.583364288677377330e-01 -2.474089438351194381e-01 -3.607363273798235292e-01 -2.173371148861725499e-01 -4.430414050150913163e-02 -2.921207580597197373e-02 -1.387908506407197796e-02 2.026179433465596369e-01 -3.351368708716288558e-01 -2.198185674396528622e-01 -1.659337915263817409e-01 -2.977755555762509609e-02 -2.149680908065799423e-01 1.781331070254711657e-01 -3.015757697454266029e-01 -1.237933990027169084e-01 -2.395404651053952838e-01 -3.511636253914105499e-01 -8.512817343175277385e-02 -2.161648796976392284e-01 -8.238783197315122098e-02 -9.346529799604434002e-03 2.595811337976882682e-01 -1.878401489072036301e-01 2.397668368599590802e-02 2.427062814875078356e-01 2.022822391604349734e-01 1.101381098223962879e-01 -1.021148209720106614e-01 4.435882806514565568e-01 3.238606373084484402e-01 4.237311812269775602e-01 4.468798478531882945e-01 4.054751517021529250e-01
1.160488966462461663e-01 1.695005009005865482e-01 2.649346138149670793e-01 8.644157202827251751e-02 -1.752288546949832757e-02 5.003787884192461427e-02 1.064185194541200363e-01 1.000000000000000000e+00 2.471641308021623462e-01 1.906133902600996854e-01 6.252226670494227811e-02 2.394667462797196722e-01 1.355901205615892280e-01 1.600913021722687735e-01 -4.759043436879962369e-02 1.405340526061783259e-02 -7.385083542023418435e-02 -6.582652763695227838e-02 1.089038475271545958e-01 -2.095106052187684365e-01 -6.964222215506779556e-02 -6.900514166665773497e-02 -1.406112000792976158e-01 -2.634181996436782969e-01 1.971314270908429700e-01 -4.893912860060609105e-02 -7.962682482869300193e-02 8.124672763486712190e-02 -2.590034743956829977e-01 -1.946563877162231504e-02 6.953121272731911662e-02 -2.239068619895477341e-01 5.813672815216758272e-02 -1.106811837196742393e-01 5.738630270014871693e-02 -9.198794801437741586e-02 -2.812241968914321738e-02 -1.746419578020428631e-01 -1.371367670692786589e-01 -1.815982718680109187e-01 -1.301796723061014738e-01 -4.282386906282974193e-02 -3.473587348886751636e-02 2.006120701189960664e-01 8.942325060549012952e-03 3.702220568939892931e-02 -1.164380970753933486e-01 4.243133991475515204e-02 2.503462348859235298e-02 -1.446299049796688774e-01 1.581263067225300301e-01 3.756784950054674055e-01 8.320435354783743687e-02 8.645215212122595028e-02 1.860372994008972491e-01 9.643555506063421212e-02 4.204281787554246530e-01 4.211042067828602020e-01 1.809528571775385619e-01 1.556367578958858452e-02 2.035189742850261885e-01 1.494086073334815190e-01 9.765276716166385040e-02 9.234541484811750744e-02 -4.400042967564368745e-02 4.064500304492227323e-02 -4.755600627618076365e-02 -8.928637267886045670e-02 -7.346105271968003669e-02 -3.052877902816811609e-02 -9.520823911741010948e-02 -4.047461541647292410e-02 -1.469664596423095049e-01 -1.789699076246239751e-01 2.199233086990233163e-02 5.227927151028069486e-02 -4.400156122367209627e-02 3.070468004968976081e-02 2.356196551264847991e-02 -9.016487525988048368e-02 -5.648796040082220554e-02 -1.629004627382832360e-01 1.391895133215459712e-01 9.119965534081786451e-02 -4.116249640180354857e-02 -1.440814436912298269e-01 -4.877911597745344940e-02 9.369948534022548570e-02 -2.055876406422814107e-01 -7.771077683445559714e-02 2.254673180406602945e-02 -1.417348559968696631e-01 -2.051202068833894165e-01 5.734667781460514938e-03 -1.006752466770387267e-01 2.147862518809134647e-01 -7.254307626990141866e-02 -3.893864117166995903e-02 9.400416282863283124e-03 -1.652469556931686623e-01
5.316723161555111238e-02 1.784339497442604117e-01 2.987734289713627200e-01 1.587737339231599654e-01 1.040683509760058495e-01 3.317395179942332906e-01 1.251538339467825889e-01 2.471641308021623462e-01 1.000000000000000000e+00 -1.715152261993135472e-03 -8.103451959539942351e-02 6.639469842659801585e-03 1.782215656407331594e-01 -3.984968417266755714e-02 -2.407622896468500015e-02 -2.242781855870218388e-01 -3.113081061730837984e-01 -1.882013086072348018e-01 -5.780263426205310001e-02 7.137133152040368855e-02 -2.726681266347351640e-01 1.924987326824396938e-02 -1.183721267557900358e-01 -1.163111285125808941e-01 -1.620062088487343732e-01 -1.042370180171993538e-01 4.489596206032351461e-02 1.517851729983860087e-01 -1.839979676937200381e-01 -4.593639103675779822e-02 2.286111999107588444e-01 -1.084093418357180427e-01 -2.119450623123448479e-02 -2.550856693430366695e-01 6.486664548816940823e-02 3.386385262001211371e-01 2.311343684457732861e-01 1.419395976646556923e-01 1.607753873212770801e-01 2.383010854905965870e-01 1.760859748651780743e-01 2.454216055839226196e-01 1.846320325437585397e-01 3.169902305129104203e-01 2.942759788420269973e-01 2.565374600990777965e-01 2.387335329264124728e-01 2.785509797929213716e-01 2.388812273765553440e-01 3.287899838757157855e-01 1.535883931972715499e-01 2.978799062490375404e-01 -2.625751039456686864e-01 1.701503012010727733e-01 3.421483393580453947e-01 4.104790330363481399e-01 3.185029103639304138e-01 4.741067339222430621e-01 -1.375273400328538564e-01 -9.678620259924602953e-02 9.625735660180342879e-02 1.861286133455727076e-01 3.086078058779026176e-02 -2.462212099957754655e-02 -2.667269264590632627e-01 -2.494706766983595739e-02 -4.706915901263136748e-02 -2.418415021329770598e-01 -2.745335832497418638e-01 -3.130806129748586186e-01 -1.912718683745164294e-01 -6.183526908822832568e-02 -3.126497787183959431e-01 -1.377285517094191392e-01 -2.854886517687310055e-01 -2.124146605375295260e-01 -1.590872053344504766e-01 -1.132161341560152662e-01 3.475830774711179127e-02 -1.327435859312317279e-01 -2.921265107017836926e-01 -9.345701531539724050e-02 5.141366973056222395e-02 -2.009451026080972535e-01 -2.001077434304798230e-01 -2.578541883913899047e-01 6.719299432108906400e-02 1.420273253013048520e-01 1.088104830160429720e-01 1.049485239388242841e-01 -1.699440721257775289e-01 1.734690513569836501e-01 1.000910610972529681e-02 -4.120873131787415773e-03 -1.422751879140539411e-01 2.119750165291110766e-01 3.301110387811145158e-02 -8.582729930384730074e-03 1.719293035393498204e-01 2.543184748628225522e-01
8.662230605755879415e-03 -1.907256463040646055e-01 -2.752584844999111241e-02 -4.759663163802236446e-02 -2.299570509519532624e-01 -1.282406519932674238e-01 -7.249260353409400781e-02 1.906133902600996854e-01 -1.715152261993135472e-03 1.000000000000000000e+00 2.145043913852903716e-01 4.719603258789807354e-01 2.892667057828280167e-02 1.934974199957187335e-01 1.591633610709700386e-01 1.987909316356960103e-03 1.853460129838388759e-01 -3.140619224915978253e-02 3.423212348604542932e-01 -9.888970775733878227e-02 2.244156150600259692e-01 -1.610820601971812704e-01 -6.929325601079644459e-02 -4.256318240867480729e-02 3.832338438522326363e-01 1.314806858687290747e-01 -1.136941796839392033e-02 1.275182050833999492e-01 2.705419259340482996e-02 -1.191503143033266010e-03 -2.822920549382503669e-02 -7.404268781938370958e-02 1.811464158942889709e-03 -6.788028772326547278e-02 -1.047356040802523980e-01 -2.717958300617613343e-01 -1.310289633474124582e-01 -1.310498261120138230e-01 -1.243120140920320471e-01 -1.285934568876621886e-01 -3.944143539409231125e-01 -5.107597548336674509e-02 -1.978871599671157278e-01 -3.030366406089533143e-02 -2.069964135562802066e-01 -2.055269351360808350e-01 -3.839895291495206697e-01 -1.729950503649644866e-01 -1.519074539373461985e-01 -2.906059538433995448e-01 4.531806113656253882e-02 -9.464761438086077838e-02 2.116396944881736575e-01 -1.001756693369905554e-01 -1.139054797990469298e-01 3.071303208143399271e-02 1.070644779105407174e-01 5.419060366765949405e-02 5.404370072431072813e-01 1.427507788173696945e-01 2.787073053051831173e-01 5.579986696127324508e-02 1.507021749860107118e-01 1.084806115285677358e-01 2.166663291359665622e-01 1.106660521832364408e-01 2.836039859765967369e-02 1.977048788922061151e-01 -1.768761248561405083e-02 1.216849897740611280e-01 2.279321334227239482e-01 8.188561710829091178e-02 -7.878174000124023345e-04 8.315438850211237867e-03 2.175481577348918616e-01 3.292925000659376322e-01 2.114034997102730296e-01 1.669724271517030734e-01 1.495987713043408704e-02 1.803651404619213416e-01 -9.733460544937422645e-03 -2.161537353370055481e-01 -9.271816215015382667e-02 -1.992623357154972227e-02 1.208211221404195540e-01 -2.196856563541578766e-01 -7.118808008622902472e-02 5.976873527042789874e-02 -1.754192847903461028e-01 -2.817590204272331089e-01 1.254341834492760377e-01 4.603624398003029056e-02 -2.066489543471088444e-02 6.703782675768808763e-02 3.737169305546378384e-02 -2.488531140958993859e-02 -2.573138307968050875e-01 -2.249994056709886114e-01 -6.526300006971143264e-02 -2.613047095729205127e-01
5.069102645362902337e-02 -1.165412818079029494e-01 -5.876193868290811168e-02 -1.304564125945409658e-01 1.286557777731475206e-02 -9.245491770530699094e-02 6.952244466125778732e-02 6.252226670494227811e-02 -8.103451959539942351e-02 2.145043913852903716e-01 1.000000000000000000e+00 1.951994539683535590e-01 6.133970137995525124e-02 2.657982599556091285e-01 2.220977419914955397e-01 1.152307429821091411e-01 7.494634509783774934e-02 -1.791575620263919852e-02 7.948599260201270889e-02 -6.672005074921188994e-02 1.887449619254669420e-01 -5.010157531933785713e-02 -1.753848768412920658e-02 -4.458453915280554541e-02 2.532401421930371987e-01 7.610006766644215881e-02 -6.399229868260146448e-02 -8.556364056330302559e-02 -4.558357658625091652e-02 2.018125665522770007e-02 1.775898133191958911e-02 1.672471884979420398e-01 5.050024429273231724e-02 2.898654455514151559e-02 -1.292094923535152262e-01 -1.388545408936532333e-01 -1.200404988688593966e-01 6.432916990882649177e-02 6.430199357334975829e-02 4.167718569564300007e-02 -1.072788445403612956e-01 -4.086041123454866447e-02 -1.095056166165887940e-01 5.585428554955574471e-03 -4.809910396036400776e-02 -3.975873049839667717e-02 -1.060274517063482247e-01 -9.581633719470852850e-02 -7.450087997860932454e-02 -1.566900896740404947e-01 -2.983497336204590442e-02 -7.337448902734965139e-02 1.388831914996912498e-01 -1.571645919810558123e-01 -5.902297522436199262e-02 1.061792286994019986e-02 1.245543071412342356e-01 3.029742463052492729e-02 3.137801060857824398e-01 2.781344234833995621e-01 1.622362632736909227e-01 -3.383605419703202000e-02 5.907243768952173679e-02 1.442350960250166070e-01 2.395926156265765772e-01 1.307701893825750916e-01 -8.141059835844703316e-03 1.057766367301145594e-01 1.307310537919991258e-02 7.903537180412489871e-02 8.096378876784715573e-02 1.069843426333260961e-01 -6.628134723102343563e-03 -6.176448592029049750e-02 -4.656312191396135697e-02 1.260499754460301103e-01 -1.410804812245167184e-02 8.753734085424218214e-02 5.590075488074168486e-02 1.399386621617519921e-01 -2.027979966835151970e-01 -1.600549467996301711e-01 -1.519775384289639986e-01 -1.144098703788714866e-01 -3.238052662123169778e-02 -8.205831164518931353e-02 -1.067019254620421576e-01 -1.270311163051178471e-01 -1.250355182077381999e-01 -2.599768657707205999e-01 9.121005549119520772e-02 4.127317540573720300e-02 1.077555841234263123e-01 -4.629928077594090696e-02 -6.691510667741543128e-02 6.747406382705305183e-02 -2.359650655642318504e-02 -1.614146771767884514e-01 -5.013918270207220335e-02 -1.651000886214847585e-01
-9.721440570880351961e-02 -1.648015450390893366e-01 2.549805998545242591e-01 -9.913740494332784481e-02 -2.885421690619212054e-01 -2.593346994574990405e-01 -1.392832221199866161e-01 2.394667462797196722e-01 6.639469842659801585e-03 4.719603258789807354e-01 1.951994539683535590e-01 1.000000000000000000e+00 7.975562784053671916e-02 2.539188529334270861e-01 2.216524343502909722e-01 7.297097579122949207e-02 3.477083322526917097e-01 1.334330473048972801e-02 2.661719474933277874e-01 -1.729664263399797175e-01 3.269166051964479403e-01 -1.482653402693676244e-02 -1.411783892491224983e-02 -1.090663488660266328e-01 3.925567196309989737e-01 1.598954246333256779e-01 -1.173271993085778786e-01 -8.495538906947518567e-04 -5.891773679206074865e-02 6.206800501204331327e-02 1.133920272858894712e-01 -1.779738440062804128e-01 -1.448032701050011306e-01 8.033284178843533296e-02 -4.700028088771627394e-02 -2.762911481187366736e-01 -2.690684352617841446e-01 -3.058495567407727989e-01 -2.214304945936592106e-01 -2.931308203211536179e-01 -4.032352145197978244e-01 -5.506602588268021126e-02 -1.699591466424763553e-01 -1.244820920139237674e-01 -2.469043726118208271e-01 -2.471270054497825830e-01 -3.797123873049207954e-01 -2.614446979536575455e-01 -2.053513618600398827e-01 -4.046854562886951223e-01 8.701631221144041917e-02 -1.207592186261734549e-02 1.925141518334291257e-01 -1.341696078462257247e-01 -1.889221955336267411e-01 -6.625110389883981377e-02 1.820978788443118612e-01 1.211555923764547765e-01 4.158943124807740754e-01 2.399425110912977444e-01 5.462656773625282902e-01 1.487239443540092909e-01 1.763609802110032224e-02 1.526038434103302033e-01 3.045004467518679370e-01 2.665385194800601321e-01 -7.474516269870873364e-02 3.731564652830925977e-01 1.374330929698197312e-01 2.135484475056108333e-01 3.067586825865535327e-01 1.087746025536692335e-01 4.391884764133355962e-03 -1.047872997543168178e-01 3.346786118659229037e-01 3.773374784638359736e-01 2.756589123192348945e-01 1.866640565004419605e-01 1.693480181687214148e-01 -3.516069139741889726e-02 -2.580788683902702010e-02 -2.518231369752548798e-01 -6.572000373597083889e-02 6.556633112376675232e-02 1.404534571211180083e-01 -1.792918353379119312e-01 -1.111555277202120606e-01 -5.503038831963787125e-02 -2.243921035601265657e-01 -2.661821541510711597e-01 4.436676934834758029e-02 5.783022972532327749e-02 -1.919369499655942390e-01 -1.189527872195249025e-01 -1.705310259557925659e-02 -3.763579954610087042e-02 -2.964098619816354918e-01 -3.250236880894201152e-01 -1.597452999585465272e-01 -3.318471335526297361e-01
-7.801097542536787610e-02 5.763637696998608062e-02 2.258205884046409484e-01 1.057569593259251838e-02 1.074572455576050384e-01 1.906333050779572824e-01 2.958905988447154550e-02 1.355901205615892280e-01 1.782215656407331594e-01 2.892667057828280167e-02 6.133970137995525124e-02 7.975562784053671916e-02 1.000000000000000000e+00 2.477261835803893364e-01 1.201183523803794201e-01 6.704211710414791081e-02 7.598533834965867650e-02 2.880723678373546190e-02 1.458456669918031523e-01 -3.300266625454904065e-03 -9.290691011480180228e-02 7.816581701775049407e-02 6.738952827455203798e-02 -3.436501570898847779e-02 1.987769250520455763e-02 2.709260097364082215e-02 1.579469082618550069e-01 1.321180840694054504e-01 4.322755336255103970e-02 9.013862533200751870e-02 2.473974119389059090e-01 7.521302693838348430e-02 -7.040644866495635035e-02 1.096171487352856216e-01 1.741144507630092986e-01 5.017454051734297760e-02 3.487719201167171351e-02 5.913313893192434501e-02 -3.471288677006181822e-02 -6.861428444806891291e-02 1.112280505359045379e-01 9.301787875458569776e-02 8.676737776263689084e-02 1.023749847992908718e-01 2.770572586527705883e-01 8.764905187547335219e-02 1.974661739275009598e-01 1.510660457116244915e-01 5.720835369289321154e-02 1.065032955167424800e-01 3.727088136508944355e-02 1.339168688245190308e-01 -1.143807233190596018e-01 4.837313517369391108e-02 2.652321911811671429e-01 2.157539673351964171e-01 2.125018001308050936e-02 2.854700103129459432e-01 2.180246903850940887e-02 1.290062257287663550e-01 1.838289122943103371e-01 5.151775295321917580e-01 2.029198356794509328e-01 1.357686477883647547e-01 -1.064223439978572022e-01 1.335586837889143619e-01 -1.670590932111494231e-01 -4.106270090001933742e-02 -4.868720818994277250e-02 -1.394036019449108599e-01 -1.570332780390645000e-01 1.588536758050345665e-01 -1.518166630030440556e-01 -2.288589948184336642e-01 -1.288855991717279270e-01 -7.713468881129151300e-02 -4.046541574148354581e-02 1.919448947227992974e-01 -2.788263470828030669e-03 -2.979816628697237735e-02 -1.940300150602752016e-01 -1.274058766462089209e-01 -5.538936194994070750e-03 -8.097660340184924255e-02 -1.095708002557742866e-01 -1.197164989127078027e-01 -1.438393330312015030e-02 1.283476339805824928e-01 -1.163010266658084380e-01 -1.242526213917445055e-01 -1.070828612354382953e-01 -9.478659392838442721e-02 -6.783976980998568385e-02 -7.939229759208117632e-02 -1.191563738848484821e-01 1.102258432649408926e-01 -3.079299573396076031e-02 -2.787186317995809376e-02 -3.923537337047171281e-02 4.005290478722861591e-03
-6.112153142134624240e-02 4.287117058067779762e-02 9.849427264636678725e-02 -4.171937250284851045e-02 -3.745610405353289041e-02 1.193451868058963694e-01 4.067944339293378536e-02 1.600913021722687735e-01 -3.984968417266755714e-02 1.934974199957187335e-01 2.657982599556091285e-01 2.539188529334270861e-01 2.477261835803893364e-01 1.000000000000000000e+00 3.887928497407360240e-01 -9.117430489130989857e-02 1.031517952411730304e-01 -1.385689924839284271e-01 3.691939827470816504e-01 2.909272476114686812e-03 2.100891272648860164e-01 -1.722203903472906139e-01 -2.230989864403929920e-02 -9.236685730904584113e-02 1.083294982511295579e-01 8.152946565184669703e-02 5.261349810363047386e-02 5.459011294342323677e-03 1.496262591157516142e-01 1.230194131418244352e-01 7.042034567493356267e-02 1.705841459024960011e-02 -2.113607005267353622e-01 -1.014015025806292991e-01 -1.907025224295524346e-01 -1.587624264799367413e-01 -1.003159863090842020e-02 2.669503336651498845e-02 -1.328332810146905518e-01 -9.587487827943889929e-02 -2.013694490513009971e-01 -3.932590473038615614e-02 -1.188395594233864622e-01 1.300177402490476086e-01 -2.309633699719720705e-03 1.220264531711314077e-01 -8.940868608983267019e-02 -5.035140221032725211e-02 -1.621607388915800516e-02 -3.195232942202873294e-02 -5.456725068746644952e-02 7.783741997627903475e-02 2.158487459627357954e-02 -4.615155608647066726e-02 1.425014958838032725e-02 -1.533212950252729051e-02 5.185188599135010651e-02 1.347149897728938117e-01 2.437098276560185073e-01 2.541044396794667204e-01 2.126734829853301201e-01 1.659804404735790440e-01 2.139185148709008000e-01 3.833357977107428871e-01 3.712536889041487820e-01 4.151291887568481775e-01 9.596268265018446236e-03 1.940110169121212202e-01 -7.552362793051282941e-02 -6.217564374680255995e-02 1.565972161894469417e-01 8.745487339041750630e-02 4.964523223465892171e-02 -3.042690082471801935e-02 4.947196590781705039e-02 1.449868256451039839e-01 2.251795122742314414e-01 2.736197880900753110e-01 8.126710511836619799e-02 7.259162349504572065e-02 -1.370555471976875050e-01 -1.942873274514136106e-01 2.883644429391673137e-03 -1.325333474136261014e-01 5.841116374500186087e-02 -8.087408580519396539e-02 -3.689560797131087588e-02 5.766114524027003002e-02 -1.301527610037176985e-01 -2.121175399946388374e-01 1.605335043321357014e-02 -5.538128887384143398e-03 1.186748392102751973e-02 -5.672058235198130377e-02 1.739014693707666842e-02 1.291905966341377887e-01 6.634647521702513595e-02 5.431570523028374925e-02 -5.536416135132326416e-02 -3.389673730444244665e-02
-1.058223516026111088e-01 5.895560960343085993e-02 1.242877846580069945e-01 -7.758934842140824406e-02 1.346969328073433642e-02 1.404149198330273129e-01 -6.747197284794617667e-02 -4.759043436879962369e-02 -2.407622896468500015e-02 1.591633610709700386e-01 2.220977419914955397e-01 2.216524343502909722e-01 1.201183523803794201e-01 3.887928497407360240e-01 1.000000000000000000e+00 -1.533913956894101815e-01 5.213694840229046723e-02 -3.905225911171859854e-02 2.635507959624666108e-01 1.585437021668045232e-01 4.317628908810380861e-01 -1.771703844628494395e-01 5.246461119503217918e-02 -2.359696262584218274e-02 5.517873717750673701e-02 1.854647384026221202e-01 9.451928239182515179e-02 4.708092543562874405e-02 4.027369606873634211e-01 8.556980944193369465e-02 -4.955352475068551532e-02 4.727406312654031106e-03 -1.978261648471649481e-01 -1.517534091383962169e-01 -1.986736532275685807e-01 -1.289790044134093150e-01 4.677887339916979303e-02 -6.047559265795194455e-02 -1.840415741994566035e-01 -1.518113716384629219e-01 -2.475792799042179637e-01 -1.336353109354851409e-01 -1.668622522238552564e-01 1.871354377130583085e-02 -2.194861351593273280e-02 -3.145609208484340114e-02 -1.431916814566775165e-01 -3.979179086313788805e-02 2.623214181446750087e-02 -4.196993034246934706e-02 -1.432131901545566910e-01 1.049958591157382909e-02 -1.721680447753431292e-02 -5.008151064545295766e-02 4.688025583877548919e-02 2.964903913556948475e-02 -1.133961675006374126e-01 4.775805246877657534e-02 1.699730419754179600e-01 2.491317695683953892e-01 2.636053278246906495e-01 1.118374744095098072e-01 1.007754103493851694e-01 2.101117303269014192e-01 3.546035763105920835e-01 6.228636545598852381e-01 -5.953483917059279595e-02 3.315505531468794786e-01 -8.596960261447629537e-02 -3.087924501446366252e-02 3.522458093688056735e-01 3.848237156602690723e-02 1.210575197142415432e-01 -1.683854535381737114e-02 1.933057687534426028e-01 3.049471959600302817e-01 3.730826621662213793e-01 2.936757954673494542e-01 -6.128869599719027200e-02 -1.442677735157243436e-02 -3.507415019095638103e-02 -2.044564348728873659e-01 -1.003915473602878111e-01 -5.627313100640488064e-02 1.845380876011625815e-01 -1.195562900153944175e-01 8.300439238073133164e-02 1.806708682144601841e-01 -4.772669070962331367e-02 -1.713678654287847380e-01 -7.603600498157764287e-02 -4.610336229165392513e-02 -9.510607274310060866e-02 -6.618324741888508000e-02 3.021684961916788065e-02 4.658806269098476720e-03 -4.339418761376356848e-02 9.494813489403319470e-03 -6.607301100530947602e-02 -9.145346920325156739e-03
