1.000000000000000000e+00 1.039050403538513412e-01 3.404717221073932931e-01 2.348073322940564811e-01 -2.009290997832232917e-01 2.751831409647187421e-01 1.800721607230954535e-01 3.460414122636415457e-02 -7.409332589603391528e-02 -1.924378075929385548e-02 -3.598495289213972659e-01 -2.491041460155167184e-02 -1.947139815272708185e-01 6.283184773107952648e-02 5.883824690374594296e-02 3.735417131934077872e-01 -8.489439092498336781e-02 9.128184418362904340e-03 -1.204954420625750783e-01 -2.906833818396850067e-01 -6.126144575412133253e-02 -1.384853520624924894e-01 9.278836547640292864e-02 -1.954664210173608918e-01 2.877702183805647129e-01 -8.291916993261928825e-02 -3.469213634167784832e-01 -9.441166995715417898e-02 -1.385346047205886499e-01 -1.138802262104036261e-01 -4.542660257165197224e-02 5.530314054231025844e-01 5.771355215946623318e-02 -8.913459941063869851e-02 -1.760252672300631760e-01 -5.348264279991027381e-02 1.945509020711213080e-02 9.022749626953767421e-02 1.428091769975161074e-01 -7.246523212193801966e-02 -1.279750837945488884e-01 -2.724404144577989295e-01 -1.517443237938883305e-01 -2.941772024008539876e-01 -1.867073601531194227e-01 -1.165031907521969085e-02 -2.360650112396507627e-02 9.166044998345683481e-02 3.182428955370748547e-01 -5.506032202722430796e-02 6.083890691981063137e-01 2.292629140496861007e-01 9.680157897321556293e-02 3.784242445771666269e-02 -1.842217693656786059e-01 3.955676237145904772e-01 1.952738477174768283e-01 1.389714009313168241e-01 3.239056994200690820e-01 -3.612597888866141225e-03 1.046556042168954592e-01 -2.466294581395175878e-01 9.716056193088384516e-03 1.120595439705032031e-01 -4.442562015821775040e-03 4.887666342550379267e-02 3.365356355551438750e-01 3.338928879512386566e-02 -3.695498161309938856e-02 8.510844828639410609e-02 -2.161808529601017270e-01 -4.620232749913067566e-02 -8.739759835759565443e-03 -7.301306980326273399e-02 4.883615904013684228e-02 2.496928683731322873e-01 1.851723602569981669e-02 -5.086370871287086010e-02 -7.846918533935433315e-02 4.702259206492782062e-01 -1.980576016766578407e-01 -2.006148265303531464e-01 -1.920494371115060994e-01 -1.750477366187538630e-01 -1.328501757501424629e-01 -3.873031461843172429e-02 -1.459776951268481338e-01 -1.203327440396980974e-01 -6.601384283576751388e-02 -1.377751337356361572e-01 3.520900830108809609e-01 4.047540616281071757e-01 3.167639228748119207e-01 1.709821767333752351e-02 -2.205751388852157102e-01 -3.347362312747235169e-01 6.356470773213679371e-02 1.588819678584046380e-01 1.177672770789502457e-02 -1.398256873906053022e-01
1.039050403538513412e-01 1.000000000000000000e+00 4.926045493428806710e-01 6.404491640045818501e-01 5.373162197437221232e-01 1.925156653141615881e-01 2.718847816275991036e-01 6.110211640812088785e-01 1.576667644867466023e-01 4.667895043627443702e-02 6.630230493479229159e-02 2.452551172261871471e-02 2.736537071108324226e-01 2.439961074759763315e-01 1.791553903079604049e-01 4.717391753068369553e-01 2.727997055543090466e-01 4.219926223331195714e-01 1.494898257371524708e-01 -3.531107650998464159e-02 2.840103067755565536e-01 -5.576575931178287537e-03 1.863407969011345033e-01 5.756862679863243570e-02 3.575482812858771231e-02 -4.083965825851722242e-02 -2.024975145441155200e-01 -1.716538475158058963e-01 1.095507291398107458e-01 5.184916100149911805e-02 1.691540744168851251e-01 3.838870156898246261e-02 -3.976979595698779124e-01 1.945801149531687368e-01 -1.106727916200934830e-01 1.651648294746474455e-01 -2.295266571225471341e-01 -1.039780681461573014e-01 -2.936133653925939169e-01 1.335449261398141130e-01 -4.656123347666399903e-01 -1.048718280731120722e-01 -1.500233629847465000e-01 7.538433342521474491e-03 -6.904793391973493288e-02 -2.798755951890312677e-01 -2.942979811958226222e-01 -1.661266898774499956e-01 -1.073679475551138351e-01 -2.594339583344703049e-01 3.227434749594806362e-01 5.931775217285258917e-01 3.889233383589110749e-01 5.532622547509057354e-01 3.237505225711364010e-01 3.695155100823399597e-01 5.632835037017966950e-01 5.586627654088855977e-01 2.664665831973791338e-02 -3.731697953697200171e-02 1.099369308037135562e-01 1.787351466789806054e-01 7.601110216897860594e-02 4.285563027308268436e-01 3.234951629780290494e-01 1.812835976767504520e-01 -6.977767155135246313e-02 4.201266792959084673e-01 3.360960060504614155e-01 4.909865973767194580e-01 1.751326971330319782e-01 1.151927675090176767e-01 1.111417241879007062e-01 1.198000735403070699e-01 1.802459096015087137e-01 3.540957969968745039e-02 5.918256412593114052e-02 2.145687518079316194e-02 1.280866780607202993e-01 -5.164308464992887343e-02 2.008479913361744390e-02 -3.077103638193829371e-01 -9.183682490217147387e-02 -2.217035651982277589e-01 -2.247654389779769613e-01 -1.927428041231709910e-01 -1.332677777261394025e-01 -2.273091353374716850e-01 1.453755100529206534e-01 -3.304806959824494461e-01 -2.331500581279262463e-01 2.044439698612220829e-02 -1.505200228422656217e-01 -2.168203887541294769e-02 -1.381992197362754138e-01 6.879773521117402146e-02 -3.675084139497958868e-01 -1.028273294595511145e-01 -1.275488897756201596e-03 -2.210732483771818691e-01
3.404717221073932931e-01 4.926045493428806710e-01 1.000000000000000000e+00 4.469311343225719213e-01 3.852758487164346102e-01 2.807935363906267634e-01 2.631522548553535401e-01 4.564087301178398892e-01 2.811550972766122536e-01 8.756221057476999692e-02 -2.701453285391329784e-01 2.018269511355207657e-01 1.290936496812982448e-01 3.285455311030495151e-01 3.505067959865613703e-01 2.831016585124923046e-01 3.382348218494441450e-01 2.441631251047503282e-01 2.225831657701500543e-01 2.651105598010472172e-02 3.927437479637012063e-01 -1.360822792123017322e-01 1.537203872415886519e-01 -7.046716516169355266e-03 8.608536674823383250e-02 -2.800100588578383620e-01 -2.157303220294916890e-01 -1.165818393573977430e-01 1.856735700332407535e-01 4.586047808942118886e-02 1.449987946442474196e-01 1.974253958585592272e-01 -2.674108811290463739e-01 1.893348572965119700e-02 -2.013079636461913013e-01 1.809966409215661987e-01 6.899082660702373845e-04 -6.602638099721183651e-02 -2.581592081588794940e-01 1.013225595231832116e-02 -2.875773911842204322e-01 -3.352386605287813737e-01 -1.465203914565822718e-01 9.831613023789907441e-04 -2.015908320245085247e-02 -6.634840030671423916e-02 -1.794698416346537095e-01 -3.885658559221612934e-02 8.071845898432386535e-02 -3.370714628520640743e-02 4.660391474162315917e-01 4.342128922917031231e-01 1.474934634714777926e-01 2.962870407304468712e-01 2.875787575440822974e-01 6.255533771898686979e-01 4.215102926623027213e-01 5.274367244956761347e-01 5.160863993969172503e-02 1.337767868814439820e-01 3.038382492040131097e-02 2.245043022453129256e-01 3.460596760966569516e-03 3.987678332171636364e-01 2.851233496395515488e-01 3.392950513745970897e-01 -4.722998460187112502e-02 3.899580580157431253e-01 2.254515526744018949e-01 3.504656955200400326e-01 2.341363741192158676e-01 2.648663360962725741e-02 8.028913090821297727e-02 3.942262271439179490e-04 8.912753224269975849e-02 1.588478711083698980e-01 2.163498151735741282e-01 -1.905974688712440065e-02 1.200548117036973617e-01 2.340093670149082372e-01 -5.397097572825486356e-02 -1.183577106399829187e-01 -1.583853225370433215e-01 -2.723874794821927736e-01 -1.282053167197448607e-01 -2.368283392378947305e-01 4.121034577274406210e-03 -7.386418395981643459e-02 2.099162003176579250e-01 -1.334100895137889653e-01 -7.662941311053475014e-03 2.362953889838929344e-01 -8.782844983589520316e-02 -1.140321061671343700e-01 -1.618576425812464636e-01 2.630500204604221959e-02 -8.607528654296443815e-02 -7.784033752147764525e-04 -2.022614920592669813e-02 -2.611951546061292220e-02
2.348073322940564811e-01 6.404491640045818501e-01 4.469311343225719213e-01 1.000000000000000000e+00 3.690930655779485758e-01 2.570562663278161408e-01 2.990631155664997265e-01 5.731289454841167474e-01 1.049749597429456560e-01 4.151434700718669574e-02 -1.129021832542796006e-01 1.169249853426702207e-02 9.591466033276455083e-02 1.343743875615082128e-01 7.345517021885215880e-02 4.789265163120917657e-01 1.235296416565795918e-01 4.063697437872869633e-01 3.315581803260540285e-03 -1.337689465368115116e-01 1.325786409651978082e-01 -4.908631451862333073e-02 1.421839584807866597e-01 -1.055227968871359223e-01 1.411254811290907907e-01 2.466679680754138224e-03 -2.132489174592185344e-01 -1.937921066954880200e-01 -5.512790784348484130e-02 -8.464319173119707468e-03 1.150511085385108184e-01 2.049373049757681198e-01 -3.213433365318895119e-01 1.168009342452683424e-01 -1.308735627311997662e-01 8.321747404544667381e-02 -2.917737151535576556e-01 -1.366921237483177121e-01 -1.887573711126482034e-01 9.698539998144248275e-02 -4.643034428696114491e-01 -2.424772279513198736e-01 -1.993428638401529562e-01 -8.782659256257287217e-02 -8.331127495756081303e-02 -2.883824649481903646e-01 -2.982980713564046260e-01 -1.461434121337304715e-01 1.110211086125670885e-03 -3.282976458643713236e-01 4.519800649408722837e-01 5.829526901195463129e-01 4.535072556831635793e-01 6.596420603641311997e-01 2.234050487283504027e-01 4.132453990378692765e-01 5.907693332315600010e-01 4.953092531106223495e-01 8.906773545581320173e-02 3.116474659150539686e-02 7.190079713082923873e-02 2.276715581427847523e-02 -4.238867033456837630e-02 3.624973367594365170e-01 2.666244773211565722e-01 5.292139916024524854e-02 -2.044318015062510444e-02 3.412762622547584335e-01 2.835075108134453847e-01 4.843817420074627567e-01 8.855588718334476278e-03 7.143061931778468820e-02 7.550510054912126789e-02 -2.407643053553904997e-02 3.821623094768134693e-02 1.535657794924566999e-01 -6.765759363183619646e-02 -1.034676191631806741e-01 9.745240624968265486e-02 1.024240947620504438e-01 -6.913775602806632170e-02 -3.477958539432300378e-01 -1.689698447234102285e-01 -2.356339778055131229e-01 -2.579188755428904467e-01 -1.864180206581510235e-01 -2.118182196517238436e-01 -1.782024404091741288e-01 2.688319132118639418e-02 -4.005536342536553662e-01 -7.548481237871965122e-02 8.327464705467833850e-02 -2.723114275226356032e-02 -2.181523852238718281e-02 -1.877971394328521171e-01 -5.164712770465796493e-02 -3.794555987664283703e-01 -1.076184027587261116e-01 -8.289510199617008968e-02 -3.341617529561398126e-01
-2.009290997832232917e-01 5.373162197437221232e-01 3.852758487164346102e-01 3.690930655779485758e-01 1.000000000000000000e+00 2.222408728574568337e-01 1.446737761061345773e-01 5.628133649958152462e-01 3.307283996528332382e-01 4.965973363608371105e-02 1.727845867696898852e-01 8.764035448324912492e-02 3.776135787800625754e-01 2.497002314182177884e-01 1.500908952290273268e-01 2.513429130680339130e-02 3.871912295010222493e-01 3.790757982023972850e-01 3.394326102215971530e-01 2.850297201956731308e-01 3.519423274143471114e-01 3.611503466540232771e-02 1.102687473013902325e-01 1.476472730655598031e-01 -1.365902563369033595e-01 -1.890922187205728092e-02 4.362166447432279381e-02 -5.083657283818632938e-02 2.709583097770953408e-01 3.960631384203815858e-02 1.840958758885931634e-01 -2.247939016241615739e-01 -2.373705422214984484e-01 1.832123482139731696e-01 1.159044279001703037e-01 3.189259885061735966e-01 -1.322470549329452794e-01 -8.268438554511768623e-02 -1.884083676980798649e-01 1.157822840911182510e-01 -1.801223610465729763e-01 4.436911567381079252e-02 8.567983358877015454e-02 2.835955347703689733e-01 2.034224660805296347e-01 -1.536291475518306582e-01 -1.625411047004935439e-01 -1.082545147136522445e-01 -1.656457455762129771e-01 -1.239137398334655242e-02 -3.732036882700918989e-02 3.749740337493616682e-01 1.431137806042546111e-02 4.990290649982402904e-01 6.611687122687608387e-01 2.754623487257882863e-01 3.727321223336601541e-01 5.189272577017576271e-01 -2.127404920766914620e-01 6.129832672983909908e-02 3.735118312327510588e-03 5.075776611476451317e-01 4.024470346766419876e-02 3.742379979542012625e-01 4.006321081833825182e-01 2.093224402101792059e-01 -2.656145922329652409e-01 4.356432943330379448e-01 4.013779435089236403e-01 3.188009809971567576e-01 4.327958789670269812e-01 1.284010813496041237e-01 -1.919530464569674244e-02 7.723070739851230909e-03 1.493555687905102625e-01 -1.078787312246461405e-01 1.514441258459806317e-01 2.324353991190415344e-02 1.319178581734214983e-01 -2.884906300378636823e-01 9.279998820704049578e-02 -6.952335061928802129e-02 -5.786302305360145268e-03 -6.826353482222237423e-02 -1.075454660228525872e-01 -2.745043369773675912e-01 -4.753051635176937240e-02 -1.529916576273737151e-02 1.883500018258744968e-01 -1.879417255744079973e-01 -4.291041794698552403e-01 -1.331595788651723233e-01 -4.312122055782560692e-01 -1.100910670743006498e-01 4.452005552690588980e-02 3.012225293704034468e-01 -3.165605816311319876e-01 -2.647368794324540531e-01 8.015935431405234179e-02 -2.058439691141184316e-02
2.751831409647187421e-01 1.925156653141615881e-01 2.807935363906267634e-01 2.570562663278161408e-01 2.222408728574568337e-01 1.000000000000000000e+00 2.732337751993847430e-01 4.356109862524240040e-01 4.157493635500039697e-01 4.239801865380583151e-02 -1.776899436423841072e-01 1.248981913954009537e-01 -1.206782153711504352e-01 -7.839341388300666291e-02 -5.419211305249596600e-02 5.675152231296117650e-02 9.099073483972273946e-02 1.362287118795484642e-01 9.788499736756887948e-02 1.009182582301404313e-01 -1.445877707631875245e-02 -2.271901648995763856e-01 -9.317031489343662043e-02 -2.160492536385451023e-01 1.877533715893397182e-01 3.951912012356414983e-02 -2.880274711435290014e-01 -2.973411114615501782e-01 -1.186093790156937111e-01 -2.834202735246251215e-01 6.865563650172770704e-02 1.478563542024375344e-01 -6.678175864601423872e-02 -1.165434519386855522e-01 -1.023484681595197843e-01 3.234190640466398925e-01 -1.078526112623534455e-01 1.624721845821205102e-01 2.136046953933953552e-01 1.076584085981696914e-01 5.906667949754122737e-02 -6.561342615432075309e-02 -3.593898625249612733e-02 1.703771862930581749e-01 1.326290772934835549e-01 3.381332083391744812e-03 -7.661176245641507232e-02 1.089144565074873922e-01 2.276990776541606976e-01 1.025828709767145491e-01 2.062213835050461519e-01 3.839876080856963747e-01 1.364734839498303598e-01 2.190289798834473278e-01 4.574148288169516130e-01 5.279559340264560197e-01 3.801007374349520407e-01 5.217393987343449391e-01 9.771161923710769415e-02 3.090922528071170516e-01 6.762495930999945504e-02 7.365789921307185073e-02 -3.330075707738112678e-01 1.910232831518565155e-01 1.279290337466113814e-01 -7.044907618915044467e-02 3.628198739327921363e-01 2.406011337071101708e-01 1.898245186706915277e-01 2.156057437970841928e-01 1.664066523511907036e-01 -2.178817349947217707e-01 -3.216992819824795458e-01 -2.859520171175883307e-01 -1.254464924214795593e-02 1.900853875756505079e-02 -7.169443858694089788e-02 -3.337358679742183920e-01 1.139845168756458416e-01 1.440534668735267976e-01 -2.589221839237508260e-01 3.448201139077532174e-02 -1.434404720355647311e-01 -2.294463406496706215e-01 -3.419703779820159606e-01 -3.602727618872163529e-01 -1.296727617593182447e-01 -1.148759278027415426e-01 1.030137409496294648e-01 -1.456031492329465382e-01 3.029737778758551797e-02 7.898610892795683569e-02 -5.810437511038172437e-02 1.217930167071959724e-01 -1.399649612955074507e-01 9.394599106392735599e-02 -1.352981367547349822e-01 -8.698201286045877112e-02 2.782763558374028445e-01 4.912764081390893350e-02
1.800721607230954535e-01 2.718847816275991036e-01 2.631522548553535401e-01 2.990631155664997265e-01 1.446737761061345773e-01 2.732337751993847430e-01 1.000000000000000000e+00 3.989274035018922082e-01 1.736147893592883129e-01 2.570084274818673631e-02 1.209125909669253249e-02 -2.189884630611454649e-02 -4.773185414420019756e-02 1.831244338034074140e-03 -4.380478313111094146e-02 1.866126338513652283e-01 9.902390759118005759e-02 1.456381146345791799e-01 1.905451893499292629e-02 -1.740169872812931395e-01 -1.064530633121908154e-01 -2.013879968156167821e-01 3.195827846935532599e-03 -2.610636279714147467e-01 -1.025879416350154449e-01 -1.789731558242008969e-01 -3.172901258201290542e-01 -2.580966446836486239e-01 -9.826379923410859252e-02 -1.152263033654631758e-01 -2.184084329409259270e-02 1.295031281016092300e-02 -1.480227040991849707e-01 -2.997326018806260178e-02 3.211266270564801240e-02 2.536615379384141722e-01 2.310850433591273567e-01 3.347883054494797950e-01 2.443131272634072593e-01 1.755797569129191049e-01 1.402290993989702694e-01 -7.140441054877090521e-02 1.344603904796287663e-02 1.997030946785139094e-01 1.214960948955699782e-01 3.770440521410082235e-01 2.732271052734695505e-01 2.920748889331803433e-01 1.496182881174625279e-01 2.656301512007294141e-01 1.967421798771019081e-01 3.127467101986935449e-01 1.086890259523366209e-01 2.001963458771756077e-01 6.422069721753448368e-02 2.649048696395914226e-01 3.035783129186159224e-01 2.751560831657668960e-01 2.103952447347083934e-02 2.680988185136036744e-03 -1.048668935704610006e-01 9.317252087523505630e-03 -1.704412730976737067e-01 1.779658813602968404e-01 1.195154133716999217e-01 -3.505937688177682143e-02 2.907547918571535273e-01 1.779841063894334330e-01 6.696285503210148982e-02 1.944459644084909344e-01 -6.451958487355449745e-02 -1.042670956129327225e-01 -2.537219231611577697e-01 -1.421361242713841122e-01 -8.424610655571390661e-02 -1.533984669129625222e-01 -8.896476650625738392e-02 -3.468642134214803274e-01 1.172835638304486755e-01 1.013252611522031527e-01 -3.100644786553801158e-01 1.618505260588626871e-01 -1.787837535343788364e-01 -1.264545482052903125e-01 -2.651314709162409522e-01 -5.264457624738590885e-02 1.784857165891193254e-01 -1.680422890576575012e-01 3.528926698722225502e-02 2.463224772566782392e-02 9.459522174825510388e-02 1.454527763837797361e-01 6.407755484951786762e-02 2.146033972124012368e-01 -1.678055770307652628e-01 1.911326839811821610e-01 2.168418880059021503e-01 9.511640659005424214e-02 1.404585218732358476e-01 2.582231428854697697e-01
3.460414122636415457e-02 6.110211640812088785e-01 4.564087301178398892e-01 5.731289454841167474e-01 5.628133649958152462e-01 4.356109862524240040e-01 3.989274035018922082e-01 1.000000000000000000e+00 4.178225253041871756e-01 1.654152215149557181e-01 1.389791176265026684e-01 1.580251150151531503e-01 2.285818879605600595e-01 1.626732320812854515e-01 9.992045622889432488e-02 2.448602305351413877e-01 3.723220336159757671e-01 4.673297052621862568e-01 2.492742793762752207e-01 1.822306272578293751e-01 2.649033986327178347e-01 -8.940191006899583792e-02 3.501151142609863764e-02 -9.881704244580784280e-03 -2.530361803419889366e-02 1.158735608425642653e-02 -2.149200647367704442e-01 -2.454397378953350750e-01 1.874737991657619840e-01 -6.416652916474960278e-02 1.804179627618152926e-01 -1.199460306707618579e-01 -4.101499228222172944e-01 1.976096001036754535e-01 2.985483152455100514e-02 3.900573873883768083e-01 -1.379933058798192280e-01 -1.716274074270277700e-02 -9.453394769684821120e-02 1.405228612198407001e-01 -2.431439184651533192e-01 -6.796295598559051222e-03 4.751742178294234009e-02 2.333425522812473119e-01 1.598855777770343822e-01 -1.334240308271829045e-01 -1.441604169088846754e-01 -6.846332011121879224e-02 -2.439345618310258604e-02 -7.011740164371998985e-02 1.872864605723862097e-01 5.994117195233582551e-01 3.169595366605231779e-01 5.074781234902746574e-01 5.375912912899869500e-01 4.511130776547034871e-01 6.606290788674976655e-01 7.354434304287733593e-01 -2.486440530952658060e-02 1.752421638198731757e-01 8.326537779465158218e-02 3.108012194455245236e-01 -2.391396156221897717e-01 4.850548488073715414e-01 3.737765954165107041e-01 9.431831965916928628e-02 3.821401208231621060e-03 5.104103176743894910e-01 4.933452618805250212e-01 5.351042049477618967e-01 3.791549999610797639e-01 8.629877336306528146e-02 -1.490676293953133724e-01 -3.966750889925282908e-02 1.616214690380662622e-01 -6.778068491764105419e-02 5.755752471939978854e-02 -1.727980880652446039e-01 2.678254594936518851e-01 -1.493625866788722001e-01 -2.906939011167408368e-02 -3.555731064031976418e-02 -2.976754450757950962e-02 -2.213163911077559443e-01 -2.704551896561183111e-01 -3.295535326898854089e-01 -6.701442686440105267e-02 -1.168985550799452877e-01 1.994630513053866627e-01 -2.970917234372388305e-01 -2.546262779465601755e-01 -1.858980939867699994e-02 -2.675574683358256656e-01 8.844187326157959550e-02 -1.334359356440453261e-02 2.548269096317630211e-01 -3.216366875240392886e-01 -1.675886620848311970e-01 8.286999085892544914e-02 -7.218192689542181351e-02
-7.409332589603391528e-02 1.576667644867466023e-01 2.811550972766122536e-01 1.049749597429456560e-01 3.307283996528332382e-01 4.157493635500039697e-01 1.736147893592883129e-01 4.178225253041871756e-01 1.000000000000000000e+00 -9.630000033401741114e-03 -1.628742580522269667e-01 -5.383780567776728747e-03 -7.995548686221534695e-02 -3.116097586882189338e-02 1.418002354328565598e-02 -2.097407670736556595e-01 9.347335182890234573e-02 4.112074255097296349e-02 1.485191239214085079e-01 3.211336909130933503e-01 1.613067285331708234e-01 -3.605432494209619976e-01 -2.414174710989678840e-01 -2.350518117358974812e-01 -1.479443128358815529e-01 -1.770510771015088858e-01 -1.848200675943310056e-01 -2.354896092739174329e-01 1.179730119834142450e-02 -1.650806404378078185e-01 1.259334003317267858e-01 -7.439683518036248333e-02 -1.069567773037387592e-01 -7.178016075788602735e-02 -2.564265674366594805e-01 5.485971438618848506e-01 2.625390963128992339e-01 4.540165426741212679e-02 -7.018388028057737094e-02 -1.272064397231667532e-01 2.151018144106488783e-01 -1.618713720806215228e-01 -1.243082332543003626e-01 2.146052005091513837e-01 2.392620579050743213e-01 2.725921912262110891e-02 -4.977464634886175771e-02 4.433255781840413079e-02 1.828462643194246617e-01 3.560478491137019641e-01 -7.239435410572978014e-02 1.678189123338911515e-01 -9.973253851742487630e-02 1.514941192595765096e-01 3.918630300321704896e-01 4.612008381944892044e-01 1.142649794793050011e-01 5.132596204727544187e-01 -1.867113012637431346e-01 1.466696449280413816e-01 -1.935155507281035858e-01 2.020315413950491135e-01 -2.906816390352302548e-01 2.134691348007593248e-01 4.205899052386068843e-02 2.818504707536108322e-02 3.899829042824835140e-02 1.805987543752501367e-01 1.748836725619675458e-01 1.487363916345620096e-01 3.624282433210039289e-01 -2.754625898195555145e-01 -2.953691210328663885e-01 -3.464798132797969332e-01 -1.329808443971942644e-01 -1.405906845561207819e-01 1.968580485289574411e-01 -2.918002724085492217e-01 1.520170198307455867e-01 -2.780880665100496016e-02 -1.583379623877508025e-01 3.322523161850367557e-01 2.117611383850890455e-02 -2.438596908713682176e-01 -7.724500918346655087e-02 -2.946231368018893404e-01 2.779980931531237376e-01 -4.660952448649281071e-02 5.562678023945591965e-01 5.345590122872607985e-02 -1.085157219789766730e-01 -5.207054506968032681e-02 -1.539604563024793427e-01 3.449444283948095713e-02 -1.164659885795544803e-01 2.474131117304632366e-01 -6.874903088477343771e-02 2.705172563870235488e-04 3.012737334110025533e-01 3.711193870296513042e-01
-1.924378075929385548e-02 4.667895043627443702e-02 8.756221057476999692e-02 4.151434700718669574e-02 4.965973363608371105e-02 4.239801865380583151e-02 2.570084274818673631e-02 1.654152215149557181e-01 -9.630000033401741114e-03 1.000000000000000000e+00 2.670199595365032597e-01 5.181804851491136343e-01 1.074429533383153418e-01 -5.117197009313214501e-02 1.374288611906871460e-01 -1.679049577792621206e-02 1.534935444902996160e-01 5.441526497690317432e-02 -2.541526863607993306e-02 2.650833370888929647e-02 1.687540491718776681e-02 9.148196079078600718e-02 -1.492264107843161991e-01 2.900270759489236294e-01 3.090158106490402123e-01 3.744796145867573811e-01 2.615550163880445145e-02 2.037139225436981060e-01 1.967519571902735243e-01 -1.077956892302871228e-01 1.891853039246730456e-02 -5.686244759087401290e-02 -2.438987923050221773e-01 1.034511490667741895e-01 2.440230157547167433e-01 -2.199355119240460343e-01 -3.468780353930883686e-02 -2.523863433114538479e-03 4.583707413872856185e-02 4.844198787002433892e-01 -7.879056571829162747e-02 1.757658826739554869e-01 2.805903496714145517e-01 1.552817996103269815e-01 6.087743186022987613e-02 -5.413563581653491052e-02 -1.482677756042783401e-01 -2.588688934951247078e-01 -2.802190510855480654e-01 -2.518937728523991115e-01 3.818004840225144858e-02 8.614983213906228510e-02 5.801843868695022444e-02 -3.246473826030998183e-02 1.788601000274868125e-01 1.433507758183940051e-01 2.274880200898967975e-01 9.873518174732823227e-02 5.103193640401249009e-01 4.712538565423025072e-01 5.617424240667324709e-01 1.660523579927002946e-01 -2.911235461594747012e-02 -6.886259159658368600e-02 8.695218882893771331e-03 -6.153646357628244495e-02 1.299921261894975977e-01 -4.307330753809237439e-02 3.564404335997542472e-02 3.480160095122362268e-02 1.070841238464855794e-01 2.708378304749639587e-01 -2.475968797194361692e-01 3.023153016668829740e-01 4.268342352700774112e-01 4.038696863613434052e-01 8.958213806695750070e-02 1.373886632754741655e-01 1.479227579488924527e-01 -5.715943587492854083e-02 2.979036413237154401e-01 1.639624887544665482e-02 3.871291143420111935e-01 3.607161740387533344e-01 8.803915033343076568e-02 2.565880403441580734e-02 3.479422171631137845e-02 2.916475044043363996e-01 3.509203842421675795e-02 1.299415642701280127e-01 1.233428492598879871e-02 2.284703752873275262e-01 3.595703223219431921e-02 1.152209262177971427e-01 4.538711457070606081e-01 1.968476073476585764e-01 -4.799692099440106691e-02 -1.442743592573037803e-01 -1.944250344067254277e-01 -1.737288092531338868e-01
-3.598495289213972659e-01 6.630230493479229159e-02 -2.701453285391329784e-01 -1.129021832542796006e-01 1.727845867696898852e-01 -1.776899436423841072e-01 1.209125909669253249e-02 1.389791176265026684e-01 -1.628742580522269667e-01 2.670199595365032597e-01 1.000000000000000000e+00 1.403614429754476423e-01 3.155203594234095021e-01 -8.208676063188968808e-02 -6.638280998610865402e-02 -1.122665800195043612e-01 2.028130174073838332e-01 3.135540939987129655e-02 1.454630790933456874e-01 1.721674635798059183e-01 -5.092997759125508089e-02 2.289970484968177900e-01 -9.977879653094066936e-02 3.067537948316580443e-01 -7.819236952744915148e-02 3.319870374784851808e-01 1.315329773755579135e-01 1.081627286844584063e-01 1.787856346831083743e-01 -6.670383111542045607e-02 -7.089516649207626420e-02 -4.314954244605261335e-01 -1.573573319142013427e-01 1.864266411647785004e-01 2.697805560618050102e-01 -3.725792365419526575e-02 -1.655451810347232100e-01 -6.175810276837742641e-02 2.056547487151259498e-02 3.605369974743781736e-01 -6.313425438311540128e-02 4.817713392339647571e-01 2.505615157610269206e-01 2.860408470741974130e-01 1.005330974677198230e-01 -8.270437832506723208e-02 1.019222537424252853e-02 -1.337171065292505345e-01 -3.546120109057065428e-01 -1.023253098977144754e-01 -3.680265524339153549e-01 -4.288921866490284784e-02 4.393908914860230469e-02 -6.792491146511985163e-04 1.348161079048181277e-01 -3.447136915658252643e-01 5.843617480487742905e-02 -5.486353790282319509e-02 -2.508179286711571115e-02 9.353165438396052189e-02 2.487899005423511722e-01 2.569292588701508895e-01 7.571607239420784230e-02 -7.303431188575730537e-02 4.645859544167523641e-02 -4.933978588588655567e-02 -9.839242448236511229e-02 2.880757851884888435e-02 1.571074821711686553e-01 -5.088096288141858749e-03 1.680113723478768029e-01 2.617809482915133823e-01 -7.414110761139999783e-02 2.836685018042563455e-01 2.507107864669789743e-01 -9.004022038824198437e-02 -1.482032345367771849e-02 9.373653007954520222e-02 7.382834382008737761e-02 -4.271612472124625137e-01 2.840168802316892505e-01 9.521596940951482235e-02 2.965440713737173550e-01 2.571179507856026225e-01 1.090778971316708479e-01 1.177465222690837754e-01 -3.049595484384150582e-02 6.916486820956331549e-02 -7.573039858634986188e-02 8.248997997798218629e-02 -3.158818653907406460e-01 -2.277475234181595143e-01 -2.612324982656207273e-01 2.245040388737223058e-01 3.755281207951153832e-01 3.365785583308655848e-01 -8.057559034798535136e-02 -1.433878899296971432e-01 9.594382332046558215e-02 -4.220951526756840100e-02
-2.491041460155167184e-02 2.452551172261871471e-02 2.018269511355207657e-01 1.169249853426702207e-02 8.764035448324912492e-02 1.248981913954009537e-01 -2.189884630611454649e-02 1.580251150151531503e-01 -5.383780567776728747e-03 5.181804851491136343e-01 1.403614429754476423e-01 1.000000000000000000e+00 7.682985221026607248e-02 -7.381487512894448211e-02 -5.779306081179808215e-03 -6.226837852518650983e-03 2.192797349417981156e-01 2.421584119726629680e-01 9.547884999002528850e-02 2.363677469648617913e-01 3.737738572734515541e-02 -3.255601431133192409e-03 -1.922064368096762232e-01 4.404231563384660708e-01 3.151153439091132213e-01 3.556348326646292524e-01 7.753857244420248214e-03 1.101230592877454062e-01 2.416252296298169455e-01 -8.004743934768786262e-02 -1.867550811322346224e-02 -1.875218833474014413e-01 -2.991506538267806881e-01 2.327876438648822655e-01 1.837124269995060732e-01 -1.727731371955335826e-01 -1.411078437394279461e-01 -1.748276729266425578e-01 -4.249107910793147730e-02 3.796092759879746703e-01 -3.532591451662350085e-02 9.902735708924581548e-02 4.167460644362152578e-01 1.550729859005334221e-01 -2.605755678324492633e-02 -1.470868893987820614e-01 -2.369440826096972652e-01 -3.670888961859220534e-01 -2.385654941811164442e-01 -2.781946398210524141e-01 9.931627392879505134e-02 2.412769383108419666e-02 5.725641591933665342e-02 7.309346281456287342e-02 3.163657202703961668e-01 2.064517331867490590e-01 2.280915582399716812e-01 1.573741964577332064e-01 2.945632504110019534e-01 7.235166484395265662e-01 4.497337163021810080e-01 2.422115841292502014e-01 -1.332722570528990791e-01 -7.294601081041880708e-02 -3.475610231474249995e-02 -1.756176605504014554e-01 8.143679295472505686e-02 7.445112827413669088e-02 1.255181223755018893e-01 1.602182748368509158e-01 2.348136329370476560e-01 3.053622081996890114e-01 -2.280434590901021519e-01 3.002718054190241515e-01 3.682085422125986884e-01 4.643236703422820022e-01 5.397144694144553889e-03 7.273464518811305346e-02 1.813223985125822502e-01 -8.439018010035057027e-02 3.336965509398080454e-01 -1.565605510889837501e-02 2.875090147722324518e-01 2.986564982484053443e-01 7.819821005582448803e-03 -1.324166035416114995e-01 -6.251825744467087720e-02 2.475510938940678474e-01 -7.675900296268101108e-02 1.042751051017947600e-01 -1.016039953193911966e-01 2.677483542775977998e-01 -3.906308343488371776e-02 -1.335451463318096561e-02 5.336375594112551246e-01 2.031376124935019012e-01 -1.069206343868217696e-01 -2.996986460729015311e-01 -2.401558745516106097e-01 -2.283346889166198990e-01
-1.947139815272708185e-01 2.736537071108324226e-01 1.290936496812982448e-01 9.591466033276455083e-02 3.776135787800625754e-01 -1.206782153711504352e-01 -4.773185414420019756e-02 2.285818879605600595e-01 -7.995548686221534695e-02 1.074429533383153418e-01 3.155203594234095021e-01 7.682985221026607248e-02 1.000000000000000000e+00 4.620338714521717849e-01 4.398500542422660309e-01 1.192855362369225625e-01 5.238181446392190521e-01 2.514705164786167346e-01 4.086021402430589089e-01 1.629465103042043173e-01 4.993830900850721455e-01 2.697779158741331340e-01 3.427242021781948256e-01 2.891802636007023697e-01 -4.713660394694799832e-02 3.342134779829491337e-02 1.508844724429187489e-01 1.955499092076889156e-01 4.611458975504040270e-01 2.474993167983766951e-01 1.662686817908942405e-01 -2.367760593411764591e-01 -3.260758418214663723e-01 2.619579770008130248e-01 1.356033223921913611e-01 -5.948101396197738588e-03 -7.262517596477278958e-02 -1.879099655143987579e-01 -2.284893539338810620e-01 9.669665571404453819e-02 -3.084877629888281292e-01 2.012091808903064272e-01 1.234258630581412386e-01 1.485494344587346693e-01 -2.321224550949704465e-03 -3.687396645635882680e-02 -7.532806322549091826e-02 -1.504613049147134063e-01 -2.425415616371240923e-01 -1.454412067575499845e-01 -4.847378614555253318e-02 2.353931748679925495e-01 -7.371856614140587759e-03 1.628663266273916999e-01 2.981520608571495701e-01 5.596459556343980762e-02 2.234465158644058369e-01 1.915573798197561795e-01 -6.493938081634943738e-02 -6.687951428919301777e-02 1.549263557140671821e-01 5.144795261522968621e-01 3.171622403344721008e-01 4.297388050824677563e-01 5.450235450200040521e-01 4.899379738034683185e-01 -3.301532165195216750e-01 4.072485740017542932e-01 3.059519236884374882e-01 2.375989311330392595e-01 3.713834987591976833e-01 3.157019950731695945e-01 2.721200163414586592e-01 2.124135416051167735e-01 3.237639683335062357e-01 -5.208393869009488725e-02 3.084662123104656151e-01 4.304302061125730439e-01 1.310015236462439836e-01 -2.606584116072870883e-01 2.668257438111031887e-01 -1.017807166400148261e-01 6.859617312751510598e-02 2.123997454732618265e-02 7.038822730844690456e-02 -6.383695743732804850e-02 -7.092456235660764274e-02 1.314423031567907851e-01 4.575607367185972191e-02 -1.037666664038100484e-01 -2.428678291394955335e-01 -1.729688139699446514e-01 -3.370951857709729715e-01 -3.930432045170749282e-03 1.795858060506748399e-01 1.669109251616005540e-01 -1.985190285143144384e-01 -6.494043066564750277e-02 -5.007534903053218606e-02 -1.602566240190405333e-01
6.283184773107952648e-02 2.439961074759763315e-01 3.285455311030495151e-01 1.343743875615082128e-01 2.497002314182177884e-01 -7.839341388300666291e-02 1.831244338034074140e-03 1.626732320812854515e-01 -3.116097586882189338e-02 -5.117197009313214501e-02 -8.208676063188968808e-02 -7.381487512894448211e-02 4.620338714521717849e-01 1.000000000000000000e+00 5.743158427015913059e-01 2.175884417828629069e-01 3.842514030800894265e-01 3.141028208447166903e-01 3.704715773212619578e-01 4.255812261998634383e-02 6.280686470071987770e-01 2.416290660200927087e-01 5.292121695564006023e-01 1.337668681894456923e-01 -8.102678654015510462e-02 -3.491250265466964708e-01 7.802822851913085445e-02 1.641723442037668068e-01 4.685542169481711205e-01 2.848207331975156076e-01 3.211125816628791069e-02 -5.836859572956697856e-02 -1.448000516039361640e-01 2.338031186463121469e-01 4.441512598893827823e-02 1.608494299193565791e-01 3.421698903750865911e-02 -1.833532525532622359e-01 -2.056008262763480976e-01 -6.886828177530299189e-02 -1.954528332576165317e-01 -6.740644033954995562e-02 -7.017802208448023493e-02 -1.055857689692461104e-01 -1.256226005724260519e-01 -2.800955097465725532e-02 1.460090926925112012e-02 4.350833069088079486e-02 6.103740132106634519e-03 3.882899922132681397e-02 1.795617227922701176e-01 2.606691269436028913e-01 7.678674384546444950e-03 9.495854021747117402e-02 1.932230123192598126e-01 1.681819148596207791e-01 1.751379923186728860e-01 2.341435388479927715e-01 -4.888061090248189966e-02 -1.819271358721445409e-01 4.883764243470048450e-02 2.748045853715245790e-01 1.787766800810758339e-01 4.304352888066793614e-01 5.707439723038733037e-01 6.475982360486149947e-01 -2.016330850983547862e-01 3.370586868388569801e-01 2.901430485420609662e-01 2.571647134348433172e-01 2.935481329243973536e-01 1.975031765444573151e-01 4.371997500675727788e-01 1.607259141446258366e-01 2.224992261640348634e-01 -8.627082142790462593e-02 4.217092364670536608e-01 3.821867112567337577e-01 -2.195806884186735780e-02 1.151667057928099439e-02 1.097473093378512898e-01 -4.630003158536837721e-02 -1.015006665887722564e-01 -1.925926645049889363e-01 5.015198236521272585e-02 -4.311163572702705893e-02 3.973703909877610019e-02 1.049746425765364366e-01 1.995470761485571842e-01 -8.548824768630097770e-02 -5.653708363352363819e-02 -4.308541200473603450e-02 -2.013763223472869179e-01 -1.618519534613931943e-01 -1.137537023304907302e-01 -8.504840324473891822e-02 -8.315371244110894566e-02 1.995339948517277640e-01 -2.320544044102816963e-02 -3.304832664893975550e-03
5.883824690374594296e-02 1.791553903079604049e-01 3.505067959865613703e-01 7.345517021885215880e-02 1.500908952290273268e-01 -5.419211305249596600e-02 -4.380478313111094146e-02 9.992045622889432488e-02 1.418002354328565598e-02 1.374288611906871460e-01 -6.638280998610865402e-02 -5.779306081179808215e-03 4.398500542422660309e-01 5.743158427015913059e-01 1.000000000000000000e+00 1.434784865585905511e-01 3.281881141352056552e-01 2.330056528626735929e-02 3.589868449270083861e-01 1.570354048653930384e-02 6.378330918508314795e-01 1.411474444338549350e-01 3.058102617269171652e-01 8.201370741333513514e-02 5.420409957186329841e-02 -1.102463116210073840e-01 3.628317303973791624e-02 2.556545785755978684e-01 4.291128877978933054e-01 1.966196850461577050e-01 1.004275282338139980e-01 7.811222804699517741e-02 -2.298145233274303256e-01 1.397528369944909740e-02 -8.579531915668332787e-02 1.630827415725702185e-04 1.127388419512896645e-01 -9.960838455444061268e-02 -1.733738626487341394e-01 -6.878353139875682809e-02 -2.152562053641289552e-01 -1.857127942280000638e-02 -6.546670479814459265e-02 5.659165838921063711e-05 -8.710451266977931040e-02 8.192085788828870618e-02 -3.114812386811343162e-02 -2.711377557049537979e-02 -4.263805101968928118e-02 2.056138853298023969e-02 1.935410271715629904e-01 2.492492102474347382e-01 -1.122156247605901602e-02 -3.608918887061966785e-02 1.047297977774196837e-01 2.660946138636148817e-01 1.222835140249192293e-01 1.707294810825215892e-01 1.172806775784605016e-01 -4.677623542752697844e-02 1.430286140597152311e-01 2.281541142832212155e-01 1.995299578105424188e-01 3.716350534802435046e-01 4.812694260631247278e-01 7.101529130378840815e-01 -2.637113052389986612e-01 2.266439228903681935e-01 1.714131378870724087e-01 1.092342392259863237e-01 2.768351092991080953e-01 9.713354038849783545e-02 2.375228740419638440e-01 3.764485717862673525e-02 2.307445834190843259e-01 1.309880843477303491e-01 5.012932607010396335e-01 4.406151270253495511e-01 1.283001704485204827e-02 1.147221920212709162e-01 8.136572459939189761e-02 -6.037695054995966155e-03 8.108611125429052158e-02 -1.139213296825150046e-01 8.532409263455148496e-02 -8.281566174438793893e-03 1.249209349703462035e-01 1.900126422164439832e-01 1.924020671172609054e-01 1.425424512719471355e-02 5.326679470062308658e-02 5.041145233105194523e-02 -1.415530942813153503e-01 1.518146147733701740e-02 8.807558606361060374e-03 -5.824156294433168596e-02 -2.518890675689506101e-02 1.983191393829147053e-01 -2.393796943307979069e-02 -1.586157121832655267e-02
