1.000000000000000000e+00 -2.363940559385603046e-01 -9.738118806870939281e-02 -1.924919784400675946e-02 -1.119831598553660545e-01 2.999540536169975069e-01 -1.210648574660269372e-01 -1.549661553420231819e-01 -1.449024649321589142e-01 -6.173642657916804388e-02 1.482608113836677427e-02 4.697526378806164866e-03 -2.081886875567999229e-01 -1.168317764227177202e-01 6.833392824343299810e-02 5.122932220650901897e-02 -2.157948461255110584e-01 -7.701855296208569290e-02 -1.690944360774132849e-01 3.141523890845346334e-01 -9.365440370035151008e-02 -6.360784866439371521e-02 -2.538716001032008743e-02 -3.050209678753765252e-01 2.251401415188717878e-02 -9.647306880494531389e-02 -2.164972978411681126e-01 -9.275870513233890058e-02 -1.513349038095470334e-01 -1.705545956866698354e-01 2.381541409994705205e-01 -2.631758972864816637e-01 -1.035778413605420445e-01 6.696340281813238648e-02 2.199886487266965174e-02 2.970129281528448018e-01 1.503000698586110517e-01 1.244858032052700292e-01 3.444045474339250262e-02 -4.130172583437412975e-02 3.830935136385531514e-01 1.688695025156005114e-01 -1.115188629074180364e-02 2.703339360749927311e-01 2.333004937303529702e-01 8.023582088594870265e-02 2.138980177162257135e-01 2.877031995097898975e-01 5.620800208942153819e-01 3.835434029114054844e-01 2.524910677406584925e-01 -1.076550582154750663e-01 -1.081266819140265650e-01 3.204264784089467036e-03 -7.030582280893067637e-02 -7.480756164207477688e-02 -1.487580350029464871e-01 -2.037715653692362960e-01 -2.040979562597119643e-02 1.398667389482844033e-02 -2.067859643701200623e-01 -6.821199915316655815e-02 -2.494526554930810158e-01 -1.678155355352683731e-01 -2.860886809374175999e-02 4.116941491110435308e-02 3.038158693031268662e-02 -2.126478639439685903e-01 -2.672603206798726538e-01 -8.730843291115060467e-02 -2.238165033476503807e-02 -2.647584524972756426e-01 -8.508045617984888453e-02 -8.646967313007764000e-02 -2.204542007423007377e-01 -1.105858127553016740e-01 -2.109571964109531739e-01 -1.461730539135918938e-01 6.965095340784613342e-02 -1.884264988633321813e-01 -4.097938645917446610e-01 1.794309270050539196e-01 7.820909989550173247e-02 -2.073369863802936586e-01 -3.722826011866133822e-01 -8.174242205071255429e-02 1.184337423866958922e-01 3.046121889236889577e-02 2.808387932341518400e-01 9.697142576654391166e-02 1.302929635351901538e-01 2.878526906699339638e-01 1.280758747554868945e-02 1.667010949305683110e-01 -2.629259652554644111e-01 3.154111177721343195e-01 7.457775848317642342e-02 3.104513334837383232e-01 4.941570915539285624e-01 3.646001382316906292e-01
-2.363940559385603046e-01 1.000000000000000000e+00 4.160549037897319224e-01 2.272556502766937825e-01 3.731141305346504233e-01 -1.518033919165386880e-01 4.167619261652742713e-02 5.588976387487627484e-01 3.131097882052909509e-01 6.883525652889931068e-02 -7.234782978847897894e-02 -1.568516674340502889e-02 1.127914884129743445e-01 2.483723396473268633e-02 -4.169521629489438691e-02 5.264569765961069070e-02 -9.813275902839527221e-02 1.551486007884571028e-01 9.253219462966323638e-02 -3.197170013768266816e-01 -1.288575987561464860e-02 -8.579475936381465717e-02 -3.222773756399749390e-02 2.404248540979208315e-01 1.260342795321363063e-01 1.266933625915950823e-01 2.400834570538822321e-01 -7.840975596055971275e-02 -6.487727999639672505e-02 3.161953285508693479e-01 -1.693635952777847176e-01 1.456604310495368537e-01 3.787688111832590576e-02 -1.688761831400956703e-01 -1.381601117076693697e-01 -2.291445740710182921e-01 -4.266918350278555150e-01 -1.977642108371212848e-01 7.376522352013216433e-02 7.573268668325094932e-02 -4.627620274051623128e-01 -2.232283889883015793e-01 -4.386897010338615226e-03 -3.568142421029803502e-01 -1.926099826455796304e-01 -3.105994769647384968e-01 -1.546851019350806711e-01 -2.642560098979728211e-01 -3.017011907037107643e-01 -4.467028648407034841e-01 2.311485594225690804e-02 6.199078754602739272e-01 1.518865910825447640e-01 3.031568830821354532e-01 3.220125671395709377e-01 2.389643681602390823e-01 5.357152397251716547e-01 5.248273421199908251e-01 5.177679742305151683e-02 -1.180578443460676141e-01 4.673939661418786279e-02 -3.390974176038088345e-02 2.195277764824301037e-01 1.397621033281612746e-01 -6.543120251194504966e-02 2.168358625177902246e-02 -3.764204041099882825e-01 -1.626934514488696804e-01 -9.918384542652326774e-02 -1.071817168947266086e-01 -2.291769508076077211e-01 -1.719841047721249183e-01 -2.150914396038538789e-01 -1.181415392924292651e-02 -6.605148193129103951e-02 1.186004127279957077e-01 -2.678897860399303762e-02 1.058524535810288214e-01 -2.033531301577967340e-02 1.050751043562275638e-01 1.596039891837925662e-01 -3.851799886163589370e-01 -1.480921586897122610e-01 -1.785979877349817280e-01 1.395939706246853429e-01 -2.605668587262139346e-01 -4.032708846588456408e-01 -2.323143378451609231e-01 -3.842719139355039171e-01 -3.766018213418684257e-01 -1.841566605650626631e-01 -1.868891514989299563e-01 8.697959697024863768e-02 -2.535934782704601931e-01 6.703470943177185226e-02 -3.930827347439153630e-01 -3.515286204453369479e-01 -4.235299643744677156e-01 -1.704216657829730475e-01 -4.357214281609922968e-01
-9.738118806870939281e-02 4.160549037897319224e-01 1.000000000000000000e+00 -1.237633286387784526e-01 1.841383041055601466e-01 3.478739695826155165e-02 -1.808086437729157780e-01 3.085199424207646368e-01 2.542171702350165541e-01 1.388359644323644282e-01 1.317218413093243501e-01 -1.392379152214244797e-01 1.724237159896644389e-01 3.136668031975070048e-01 1.359536126207606388e-01 -2.388114876832256317e-01 -1.952693793904197728e-01 -5.558520756631841336e-03 2.278183160568984442e-02 -3.085113884361886938e-01 -2.423827493172791281e-01 -5.264274221819039042e-03 -9.996145658303506876e-02 1.757325595068791324e-01 3.160976782528108764e-01 9.487159683567636392e-02 2.085837558799512603e-01 1.477727014254946181e-01 3.791361307604333014e-02 3.516197955376879070e-01 -8.453062346591838638e-02 2.697248019846242850e-01 -3.685797279435807511e-02 -2.768336809783774055e-01 -1.615224044562598993e-01 -2.567579855416943779e-01 -2.677133786135418858e-01 1.202203183653708651e-01 1.946426169656738092e-01 2.018431281664700983e-02 -3.005744550528947623e-01 -2.387315473860303072e-01 -2.429776143864240210e-03 -1.707169909026709786e-01 -1.416644751425237547e-01 -4.446769906477770345e-02 5.967960564643740203e-03 -1.179779045469907250e-01 -1.596359278347858068e-01 -2.246823673599527282e-01 -6.022727211219292345e-03 3.927338321021192624e-01 -1.891522055084692844e-01 5.950101886531396211e-02 2.006978140503345998e-01 1.940303843718085564e-01 3.118407875533121265e-01 3.763603618016114760e-01 1.529635177265893098e-01 9.133105259534819720e-02 -3.993473840258104229e-02 1.055491675884365210e-01 4.585618497521363190e-01 3.202577985808645056e-01 -5.990972562654704042e-02 1.512419999142452787e-01 -4.260795140519241797e-01 -1.501314987365747200e-01 -1.427119201953464811e-01 -2.898409633694879473e-01 -2.578221048753318589e-01 -1.808476612506408274e-02 -1.924988250042151405e-01 2.615739973672303806e-02 -3.985964607590357367e-02 1.385732827663541389e-01 9.798949169223336586e-02 2.278650498993661233e-01 -1.430900229811110924e-01 1.179445732843417971e-01 8.797931235857085752e-02 -3.028177925762866041e-01 -1.062777511894897609e-01 -1.039435287603168723e-01 3.622716521228631220e-02 -1.714588981007428015e-01 -1.773922907793946124e-01 7.636606318346247924e-02 -3.250245981949144158e-01 -3.324302460812725846e-01 -1.596238860794765846e-01 4.229053521791537734e-02 -2.089089147466149238e-02 -1.065701202455250803e-02 9.642762694435692145e-03 -2.437640239132067566e-01 -1.524405335144357609e-01 -2.064260655939327838e-01 -1.033517720779865562e-01 -2.367080655164175984e-01
-1.924919784400675946e-02 2.272556502766937825e-01 -1.237633286387784526e-01 1.000000000000000000e+00 -7.111164376183275182e-02 -2.639706245527179487e-02 2.151937763616973143e-01 2.499651369173086224e-01 9.999530040857589064e-02 3.855409325472777815e-02 -2.003355446868404499e-01 1.000704264965857071e-01 1.121044451521445301e-01 -2.481153811334560755e-01 -1.178198406990868807e-01 2.106241947161960615e-01 -4.085707702918263580e-03 9.346046216260570083e-02 -1.034534862625010876e-01 -1.235690247025499205e-01 2.191587537343740386e-02 -3.749593022522933888e-02 -8.420079572821552796e-03 6.581208351329737027e-02 -7.756873821742427122e-02 -9.791170729489829735e-03 -9.466358876721200910e-02 -1.943744911107688211e-01 -1.787174760670848239e-01 -5.364708522782495742e-02 9.184245092781749553e-02 -8.768296067144057404e-02 -9.626943483339922558e-02 8.907046043210270492e-02 5.067890003335602002e-03 4.341245835865239350e-02 -1.603811216991977151e-01 -2.829725224042202170e-01 1.569413891517912329e-02 9.199171976478225099e-02 -7.170258906484082428e-02 5.251158113372337427e-02 -2.074137476234299074e-02 -1.642017505187005622e-01 -1.305709037333607492e-01 -2.053135362801479513e-01 -1.585746824582939529e-01 -4.479069481884544179e-02 -9.238280904794513027e-02 -1.324946171860116595e-01 -5.162314126082198640e-02 2.039561969691607024e-01 3.210458803324217625e-01 3.425790886778541378e-01 1.557666815017898498e-01 2.119909119682067064e-02 1.937082586492966385e-01 1.763101974173149900e-01 1.310662307399793926e-02 -2.448314498974488718e-01 8.904615491629425117e-02 7.835242192635971659e-02 -7.102701647103733251e-02 5.564178697857630196e-02 7.668188530779863898e-02 -5.782922854171223398e-02 3.931211244525493055e-04 3.367438976085596752e-02 -2.100310523838055249e-02 3.034312760547373811e-02 -7.906450475068652062e-02 -7.719980846978496958e-02 -8.177538482698956668e-02 -2.570832331233454879e-02 1.955484662983311694e-02 -4.317549167800678600e-02 -2.212781409970756841e-01 -9.936515250455973947e-02 1.236120137586166623e-01 -1.504398985224092988e-01 2.223733949607923158e-02 -8.828775442610514723e-02 -1.578015138130484385e-01 -8.067993959392412429e-02 -2.147582476996345510e-02 -9.699387026860799288e-02 -1.704181624937881057e-01 -1.909982641323581809e-01 -9.148149262042605534e-02 -1.107768134144393596e-01 -7.383691929079547189e-02 -2.001613777205532574e-02 1.411777512297891779e-01 -1.654364006261596631e-01 -2.826000102827509394e-02 -1.755337441089598050e-01 -1.942904197431856994e-01 -2.031880660389193405e-01 -3.020562194003474643e-02 -1.138148854375081731e-01
-1.119831598553660545e-01 3.731141305346504233e-01 1.841383041055601466e-01 -7.111164376183275182e-02 1.000000000000000000e+00 -1.853331231519397548e-01 -1.444337246017663445e-01 4.293387293184874887e-03 -1.819342476104545414e-01 3.795309387862354916e-02 -2.328005310987658061e-01 -3.654392952119050464e-01 -1.023116946717104458e-01 -1.188363237337512895e-01 -2.841265740311204047e-01 2.101314455907003775e-01 -1.458969765527133866e-01 -2.199931984592400427e-02 6.344671050752345720e-02 -7.308255588307653594e-02 -9.543771108457212160e-02 -4.291831309294778102e-02 -8.852631778487125846e-02 -1.871868263860620996e-02 2.900030663086821114e-01 -1.387829001333525936e-01 -5.778805075471724062e-02 -4.142958209284019339e-02 8.957396030380369509e-03 7.455954712258844319e-02 -1.694705832939557011e-01 1.956620045906555805e-01 2.029618790710271958e-01 3.935486611830248810e-02 -2.005901172949473843e-01 -3.032971243287483354e-01 -1.813429726147266219e-01 -1.518434034391063711e-02 -8.964866867422973881e-03 -1.020591008002442457e-01 -3.186545987020468762e-01 -3.991307465886270167e-01 -2.737443015628358567e-01 -3.325000858209693488e-01 -2.258365257449869712e-01 -1.746285859867498791e-01 2.319725158629254089e-02 -1.352978394738785783e-01 -1.337583652595549788e-01 -2.278429369347055866e-01 1.993577148183170999e-01 9.203066825305761256e-02 5.894878767051780349e-02 4.476295789860585718e-03 -1.050359437206843383e-01 -4.297992253398508905e-02 2.327790648460456493e-03 -6.028278613689520837e-02 6.986295868097697204e-02 -2.465248243361722047e-01 -1.255204445968279570e-01 -2.811293382719905476e-01 -1.295955100243520453e-02 -8.195955608412304472e-03 -1.952121943395800641e-01 -2.136803209225727473e-01 -4.205423191447017484e-01 -5.701822489832594071e-02 1.369649711856905927e-01 -3.239731267376922547e-02 -2.861798928542697365e-02 -1.145786812802175036e-01 -1.131510227199232776e-01 -2.108001900716339194e-01 -1.985591827673109933e-01 -2.972292843459784298e-02 4.758203657437230782e-02 -1.228936801113595101e-01 -2.810151711180270198e-02 2.179133291376964543e-01 -4.323378466576997120e-02 1.018814024130277468e-02 -1.707542071958762786e-01 -2.358116750235920434e-01 -5.185263915768887483e-02 4.791472667813181235e-02 -1.797827122844181946e-01 -1.490986185506343875e-01 -1.437816889168523904e-01 -2.431065052900098777e-01 -4.701005972884386708e-02 -6.560538780158638172e-02 1.231560569631877031e-02 -2.279875515624570081e-01 -1.621638873065270048e-01 -2.982658156327015475e-01 -2.935630474437045945e-01 -1.407709202378268631e-01 -9.243330853239439815e-02 -2.687031523258150978e-01
2.999540536169975069e-01 -1.518033919165386880e-01 3.478739695826155165e-02 -2.639706245527179487e-02 -1.853331231519397548e-01 1.000000000000000000e+00 -9.122598178495881782e-02 4.949611690095779420e-02 3.266455008908726865e-01 -2.752190415365129636e-02 2.421451266920250922e-01 1.963757898394749013e-01 -2.620263480169187243e-03 2.990968847996089419e-02 1.908790553971765336e-01 -2.118595884419530173e-01 -2.106426149511860246e-01 -1.296934777768377067e-01 -5.455844972686713090e-02 1.434055930732696937e-01 -2.616412198118098220e-01 1.009505566223739687e-01 -8.688615800087400032e-02 -2.320249103690269765e-01 -2.312506876631173491e-01 -3.916183326980393446e-03 -9.521989030744758969e-03 4.638367063135644119e-02 -2.696466028618935695e-01 -1.127928993077575576e-01 1.229992867738405327e-01 -3.466751245474755661e-01 -7.789764229906996629e-02 -2.213745956123797792e-02 -2.371317975935875386e-02 4.374266041655234249e-01 6.434555874475890447e-02 2.105101524349907993e-01 1.500216526333227329e-01 1.079178813205435850e-01 4.525716239729522528e-01 2.967659402748855091e-01 2.410873833628818519e-01 4.425251916507044192e-01 2.539996572205405201e-01 3.275627784188027136e-01 2.566753666743175066e-01 4.555502679345174721e-01 5.666274106104433050e-01 4.749941491833414853e-01 1.890156715106274810e-01 5.626087684387748832e-03 -2.390755548951182530e-01 1.674525291623725209e-01 3.413634614025630176e-01 3.899040250936722241e-01 2.697896008655369104e-02 1.171560115351286679e-01 1.037202626771565467e-01 2.040118796871623064e-01 -6.420559965809249925e-02 1.672623833839562424e-01 -2.894615613762131778e-02 1.629984731240634657e-02 -1.632008603823650872e-02 1.026117722546036753e-01 5.822570662774285283e-02 -2.044752278421995695e-01 -3.616961011343404198e-01 -2.415948393411342654e-01 -2.510351643780280306e-01 -1.504678730669852527e-01 -2.723451414587907959e-01 -1.114707018784697953e-02 -2.501757572177996103e-01 -1.496473502989924820e-01 -2.946238062563453219e-01 -7.711838899310766160e-02 3.715480320167419137e-02 -1.808488632877024993e-01 -3.905913007773449408e-01 1.198539324133596207e-01 1.606468842466453606e-01 -1.155951162137352078e-01 -3.867344657554783738e-01 -1.286098361100781462e-01 6.420834709794039086e-02 1.233148888634704871e-01 2.180334761039595948e-01 -2.838023058095680978e-02 3.196661811689509025e-01 1.081588875275880796e-01 6.341314875439225951e-02 1.580258480833959256e-01 -8.533990572685032361e-02 4.502624835782992330e-01 2.597409858006899386e-01 3.102492949492257068e-01 5.863582069496509064e-01 4.169313274795223845e-01
-1.210648574660269372e-01 4.167619261652742713e-02 -1.808086437729157780e-01 2.151937763616973143e-01 -1.444337246017663445e-01 -9.122598178495881782e-02 1.000000000000000000e+00 1.349043211375109130e-01 -5.105494601557083317e-02 1.091210168551407650e-01 -3.029310200016628596e-02 3.837627247783136908e-01 -1.251980167636344010e-01 -5.476126605777177636e-02 1.595070107499654000e-01 2.829832873892179634e-01 1.273592926878594489e-01 1.335820757887550836e-01 -5.472891371255553770e-03 -1.166633270889356616e-01 2.800220065015369686e-01 -1.339966294219601395e-01 1.691941069867992087e-01 1.602819580945110123e-01 -5.428890837028478578e-02 2.347238198035035417e-01 4.958229578345457050e-02 -1.852166007888441102e-01 -3.194301223605445356e-02 -1.277662257209164487e-01 -8.541938615343100394e-02 -2.159015982967750769e-01 -3.217728287406061705e-02 -4.806132092528433292e-02 -9.279296603805919572e-03 4.434844616111346949e-02 -1.008220543307342260e-01 -2.474625571370430155e-01 -4.050543807574319422e-02 3.326941230178697695e-01 -1.515434955233667669e-01 3.317732865261914799e-01 1.073161514830705821e-01 -7.927258584859153689e-02 -1.773480592743229001e-01 -6.605760828856190037e-02 -1.589272163700828633e-01 -1.492154029728319509e-01 -2.856626842000324906e-01 -2.155792656142585528e-01 -2.045080349807444076e-01 7.856736124254967701e-02 3.520919182544686166e-01 -4.108501548383431540e-02 3.222053103369239974e-02 -1.621662973068963842e-01 1.996667936420072620e-01 5.212357744236813945e-02 -2.304329020298259700e-02 -1.967827293939485023e-02 3.409674212958619388e-01 -1.644167792979963350e-01 6.151804514975355194e-03 -1.270811566949440474e-01 1.774740198574466521e-01 1.312232878312741269e-01 2.894892150509496553e-01 1.719399082332729450e-02 1.519768053183876422e-01 1.804506307655139863e-01 2.281253477126871654e-01 -3.298684483632862569e-02 3.236213703084667714e-01 2.604074580607169120e-01 2.483064127337633875e-01 2.633477510693343349e-01 1.372007680060753076e-01 1.559806077531019353e-01 -1.014887838205124314e-02 -9.925850350256817944e-02 2.421515066435698804e-01 -2.495470087095849332e-01 -7.088930554262480588e-02 1.587154852719848130e-01 3.311957342548801919e-01 -8.411302862518869536e-03 -9.653476843462654999e-02 -4.474712154775298267e-02 -1.567970553272232627e-03 1.342684986825844196e-01 -2.157702438188038585e-01 -1.905437162375257509e-01 1.326614177041319786e-01 1.084769133359352045e-01 2.451734684959840926e-01 -1.292187255595427797e-01 1.533501321737443801e-01 -9.451843722968171491e-02 -2.387307175195313713e-01 -2.120173407954178968e-01
-1.549661553420231819e-01 5.588976387487627484e-01 3.085199424207646368e-01 2.499651369173086224e-01 4.293387293184874887e-03 4.949611690095779420e-02 1.349043211375109130e-01 1.000000000000000000e+00 5.916587254843951316e-01 1.156013621838045541e-01 -2.564198579198822756e-02 2.771517979686705657e-01 2.227787652551149467e-01 1.168196262571286198e-01 1.586324676402668943e-01 -1.038214410674684757e-01 -5.204831065398238081e-03 2.690244293600879688e-01 4.360264763641862398e-03 -4.004790337617236129e-01 1.836357204543831792e-03 -3.404883109441521338e-02 1.374301793362240898e-01 2.132141376614273831e-01 -3.639613335747213241e-02 2.584137332221252970e-01 2.231130550707670079e-01 -1.460042861084148436e-01 -1.994961134269013225e-01 2.958075215817791426e-01 -2.606907501554379600e-02 -1.367581146924993357e-02 -1.678776566392926536e-02 -1.950129500869242916e-01 -5.905033248789211264e-02 -1.422147551004115384e-01 -5.314425463636989200e-01 -1.857121152461417568e-01 1.139430917747523142e-01 1.654106699271067349e-01 -3.492138566700162539e-01 3.957205509269571403e-02 2.003911475404198395e-01 -1.267589490660726015e-01 -1.237798851297755298e-01 -2.063268849090133250e-01 -1.852855368248869927e-01 -1.453004333700954331e-01 -2.434197630739358686e-01 -3.367880393373877679e-01 -7.153428156590926901e-02 6.463840686029981297e-01 7.727704708541041634e-02 5.047420744507823409e-01 5.073910502645535558e-01 3.177070977870605217e-01 7.241831258283077943e-01 7.395745784684492063e-01 -1.145875692137314494e-01 6.862441873216104660e-02 1.158477953160648860e-01 7.434594421051778090e-02 2.078795212928158109e-01 1.320280791250332264e-01 6.938398897820161060e-02 1.885355440562036800e-01 -2.741902919865208954e-01 -1.782129731181050225e-01 -1.427639837786223165e-01 -3.457182570481848183e-02 -2.497067258752196095e-01 -1.975956423732778966e-01 -7.522810064253522555e-02 6.273082680488738239e-02 -2.429988120997140719e-02 1.316134923937471168e-01 -1.554552042518962396e-01 1.941816519243685091e-01 -4.149567156188296163e-02 -1.326609949945210809e-01 1.230336251601251429e-01 -4.983363995448634176e-01 -1.169684310010900841e-01 -1.488367158125355749e-01 8.876161378179095451e-02 -2.688524892097237107e-01 -4.416407156966642988e-01 -2.220222788016229520e-01 -3.631304744647617655e-01 -3.388794182644057074e-01 -2.447669791485506674e-01 -2.242659682714585045e-01 2.576486124597313424e-02 -1.031380590831488947e-01 1.051918313819402845e-01 -2.485171827748280104e-01 -2.222481965315233621e-01 -3.133240214756450315e-01 -1.248740625429458628e-01 -3.732220860515610417e-01
-1.449024649321589142e-01 3.131097882052909509e-01 2.542171702350165541e-01 9.999530040857589064e-02 -1.819342476104545414e-01 3.266455008908726865e-01 -5.105494601557083317e-02 5.916587254843951316e-01 1.000000000000000000e+00 -1.161232251908319857e-01 1.835692698016455626e-01 3.017094432700053175e-01 2.654017832972205837e-01 1.327603814594484344e-01 1.658008716403845395e-01 -3.398037650558644041e-01 3.557995717490102655e-02 1.541212678745356168e-01 -2.582477160648017148e-03 -2.271632957023805577e-01 -1.227329030808769900e-01 9.970148176912528581e-02 -4.294733457721305880e-02 7.358592161759598682e-02 -3.513185978057894454e-01 1.808302275240608603e-01 1.860379350257396758e-01 8.929289362597470081e-02 -2.128936797991960728e-01 1.891288364646221132e-01 2.307796616906946166e-02 -1.702226598825308523e-02 -6.570422893820122845e-02 -1.370276718161641538e-01 2.039459087100669969e-03 1.905319071639181017e-01 -3.236746802275735635e-01 -7.848749263848316116e-02 4.575747121410978641e-02 1.106339788084246545e-01 -2.592903423119433809e-02 1.152250738234826682e-01 2.901522243981271565e-01 1.742298627449122006e-01 5.554834597870123708e-02 -9.064664105657007503e-03 -9.237141122827363660e-02 3.487823218740744580e-02 -6.514471279315564578e-03 1.253779842130776359e-03 -1.312330776989329741e-02 4.593258199382633800e-01 -1.044319959638467937e-01 4.748469492748542686e-01 5.524371992570923373e-01 5.687835009473962700e-01 5.174446224169034769e-01 6.823240190165339447e-01 -6.919528619268172642e-02 2.613031646780419881e-01 8.268312610552305819e-02 3.158737140828942747e-01 1.958066182273162092e-01 1.588307045540035545e-01 -1.339756572395454752e-02 1.272576278971168651e-01 -3.150335810924297791e-02 -8.895997998486042391e-02 -2.137253484828135208e-01 -1.086498561361396997e-01 -3.202924916962457957e-01 -8.806017516093711528e-02 -3.005622614821600869e-01 8.451885042305005979e-02 -7.869655852025777762e-03 -5.018089574820044745e-03 -2.516841378412063568e-01 8.690871122513658953e-02 6.822623162312459189e-02 -5.209762572177177586e-02 -7.495888158994534582e-03 -2.427807730073344161e-01 4.256536492246651426e-02 -8.498848087548411048e-03 -8.894652101788222409e-02 -2.734436687489519291e-01 -2.140571296390446354e-01 -3.853515440507915366e-03 -1.432092972036965173e-01 -1.854303379316694089e-01 -3.297359008802404345e-02 -2.214038480278326115e-01 -8.265121899630017976e-02 -4.622648754179434910e-02 1.292441984802268629e-01 1.395962716497702039e-01 -1.293012913909858015e-02 -1.403708155178141626e-01 1.236609190681406123e-01 -1.994778956056870826e-03
-6.173642657916804388e-02 6.883525652889931068e-02 1.388359644323644282e-01 3.855409325472777815e-02 3.795309387862354916e-02 -2.752190415365129636e-02 1.091210168551407650e-01 1.156013621838045541e-01 -1.161232251908319857e-01 1.000000000000000000e+00 6.777976453863096551e-02 2.337138399742533790e-01 -2.420819464279020013e-03 2.059915817308146657e-01 3.039354664777949577e-01 -4.417630213448383442e-02 -5.359287234431145408e-02 -2.708577256189830251e-01 -1.082971037936548281e-01 -2.398293276861328260e-01 5.001891486781601809e-02 -1.116816921308770305e-01 6.189741672689600543e-02 2.025720672784955545e-01 3.394989351148401946e-01 1.612427000796175236e-01 1.492659453408313672e-02 -1.266948803175879379e-01 -4.332199588060413331e-02 1.096859020415652114e-01 -6.693230467925599669e-02 -8.464844308549152041e-02 1.369664695992387493e-01 -2.784887465652396976e-01 -1.805880669931531624e-01 -2.605934949310427240e-01 -7.555121955068500039e-02 2.579354411484824361e-02 1.448024359913459569e-01 2.785854044418175079e-01 -2.148761896291354334e-01 1.521270867642416369e-01 8.776249000631014541e-02 -8.085292555177368487e-03 -1.158209348066753658e-01 5.346474495018894296e-02 -1.643189579704436992e-02 -6.907653492168372433e-02 -1.126958200042659786e-01 -1.329707728346585238e-01 -8.245395677288645808e-02 1.191812385501027499e-01 2.103731976361943382e-02 -1.591225788805871941e-02 9.385722451835550040e-02 -2.601709864223311075e-01 7.154935494836449361e-02 1.318690624494800630e-02 2.973071465985382966e-01 2.242705278673261596e-02 2.418510368973464109e-01 -2.084068391062442183e-01 3.239751816449797789e-02 1.072231303179055767e-01 3.956474344921771802e-02 3.259435691876423347e-01 -8.359174273744751638e-02 -3.026699309571079244e-01 -1.082474896019125638e-01 -2.322890317723086684e-01 -7.045953093778875576e-02 -1.613909474195880100e-01 1.794483090336510822e-01 2.594288552691979555e-01 -2.834824735490438716e-02 2.911509201037181804e-01 9.038045381216966434e-02 1.202243962611996980e-01 -7.849564706692006844e-02 -1.879239798998450506e-01 2.566226967559170208e-02 -2.973752693688475057e-01 -1.263725096554076943e-01 -3.365404306960296382e-02 6.164149109538861332e-02 -7.242825468497490760e-02 -9.139208845012972149e-02 -1.418233273056626886e-01 -2.624286966035804247e-01 -8.819349365401046859e-02 -2.334577516424566901e-01 3.919616950197452737e-02 2.468064086363221665e-01 1.777478596835413149e-01 5.078840692456850631e-02 -1.643714094488724908e-01 -3.197040534853908683e-02 -4.492632748501337869e-02 -1.207340265054651779e-01 -2.242643851239523867e-01
1.482608113836677427e-02 -7.234782978847897894e-02 1.317218413093243501e-01 -2.003355446868404499e-01 -2.328005310987658061e-01 2.421451266920250922e-01 -3.029310200016628596e-02 -2.564198579198822756e-02 1.835692698016455626e-01 6.777976453863096551e-02 1.000000000000000000e+00 2.428772034011852654e-01 2.249632998832110375e-01 1.967699447268337343e-01 2.884289289716246429e-01 -2.466850154654424976e-01 1.713211021284131719e-01 -9.867217431092102642e-02 5.647821444004493679e-02 -5.904845519624456890e-02 -4.242744382030236988e-02 1.303275139571845043e-01 -9.516792548810545926e-02 1.637400466808042743e-01 -1.881128584732755793e-01 1.809494441516818486e-01 1.666072841347863154e-01 2.905764873509324997e-01 1.049651998932912278e-01 1.713827700201739079e-01 3.561485729745205581e-02 -1.182365882985825095e-01 -1.648130109307239799e-01 -1.053328476802231628e-01 1.088819589965502044e-01 2.044718802348378384e-01 1.118571038107781801e-01 1.570655375146561006e-01 -8.354426535045190311e-03 9.095497003499342092e-02 1.644959424083139443e-01 2.039561815449142668e-01 2.738700640436566025e-01 2.146761626257878142e-01 1.457759361382834629e-01 2.390075928009882111e-01 4.480660078915064265e-02 4.171744724703467522e-02 1.455846641853510426e-01 1.679690133903413429e-01 3.381830067535977844e-03 1.155501948837190165e-02 -2.175724459128746680e-01 -7.599879140605987626e-02 1.989618926995274650e-01 3.153692369884386060e-01 -1.317245449026083204e-02 1.321696159411517302e-01 1.814133446636004565e-01 3.860444872604571476e-01 2.016249285145741144e-01 2.928427567444827906e-01 9.748559058906436370e-02 1.990141316880950362e-01 -2.821173139214259995e-02 1.931921758039591708e-01 1.583377600561639842e-01 5.328454042780240291e-02 -1.290643040858695523e-01 -1.307086958980227254e-01 -2.713650238707696755e-02 1.533524199208125272e-01 -1.106548507151844246e-01 2.091950935432573544e-01 2.100741691222185181e-01 1.494042529344280223e-01 -2.038566892072826101e-03 1.979263595624524974e-01 -3.223506734542079533e-02 -7.966895848741124830e-02 -5.603795945077541529e-02 -6.034877975688167362e-02 1.079860401241839324e-01 1.766135869171895911e-01 -3.456812665015489283e-02 -2.028713953687853455e-01 5.237126812493506089e-02 2.270709203415895161e-01 7.256405268957333288e-02 3.204525098940464584e-02 1.485613680833995122e-02 3.634450886417870535e-02 1.715577151648208648e-02 1.327456598016854838e-01 2.682593848484163823e-01 2.340404818035972390e-01 2.335494073926851211e-01 7.046708597224668469e-02 1.889056892893481998e-01 2.150267011638918035e-01
4.697526378806164866e-03 -1.568516674340502889e-02 -1.392379152214244797e-01 1.000704264965857071e-01 -3.654392952119050464e-01 1.963757898394749013e-01 3.837627247783136908e-01 2.771517979686705657e-01 3.017094432700053175e-01 2.337138399742533790e-01 2.428772034011852654e-01 1.000000000000000000e+00 1.482448380015557836e-02 9.610913772773441166e-02 4.644300888700896301e-01 -7.285844168252667008e-02 1.342784447867662323e-01 2.526018059733674964e-02 -5.221751805294164855e-02 -2.030838104052050952e-01 2.168998053424640582e-01 4.807609539943512311e-02 2.531446497133690854e-01 3.002518273455337394e-01 -3.349969329557460074e-01 4.251386048994593714e-01 1.238076433199801069e-01 -1.714978806883402929e-01 -2.333642077059726594e-01 5.923993417896883384e-02 -3.561438930719918600e-02 -4.881968009854797952e-01 -9.788675562955458098e-02 -1.346621606927960180e-01 1.224318752133165683e-01 1.444617232268413098e-01 -1.882868793860842105e-01 -2.450837132304205801e-01 9.697520534905065825e-02 4.904982624081827836e-01 -7.416661206843014678e-03 5.434826321674069982e-01 5.352520393021891199e-01 2.674343679675736940e-01 6.922708934503450651e-02 4.760319692407269376e-02 -9.476563519906242017e-02 2.800882341977860290e-02 -8.629148723436805279e-02 -5.406169198357719391e-02 -3.192223792983302499e-01 1.926953539692441708e-01 9.647894339121113050e-02 1.997403797143704196e-01 3.815596150834980049e-01 3.079424854917402199e-02 2.258085278562318443e-01 2.653947523058139968e-01 -4.888733650098318895e-02 2.544311360918018461e-01 5.521495973979536620e-01 -6.017844074197122028e-02 -2.895357438756502103e-02 -1.148953678412182634e-03 2.788554688557297045e-01 4.192979559308311344e-01 3.238207139122840084e-01 -2.020581103665910483e-01 -1.119883956590123214e-01 -2.544638246624037967e-02 -4.613892597658071637e-02 -1.643566198287209068e-01 1.925879105527868174e-01 4.094443672195269279e-01 1.502512721521894190e-01 3.756179126320842721e-01 -1.249611698369505058e-01 1.416255188862898529e-01 3.797240374184591288e-02 -3.549920528538406117e-01 3.352390427564301556e-02 -3.614774752670352753e-01 1.738633572700279961e-01 1.999050112732031204e-01 1.418579818780051072e-01 -1.558060022753346985e-01 -1.967904820497950180e-01 -7.285058019193738077e-02 -9.600120796410679946e-02 9.754391362208415447e-03 -1.572370744302405143e-01 -3.130053705631369865e-01 2.196054955783399154e-01 2.507742856892283823e-01 3.212592741041658262e-01 1.823284875738850619e-01 1.532985437320144306e-01 -4.434455296237285044e-03 6.930210123695036695e-02 -8.015344544805923233e-02
-2.081886875567999229e-01 1.127914884129743445e-01 1.724237159896644389e-01 1.121044451521445301e-01 -1.023116946717104458e-01 -2.620263480169187243e-03 -1.251980167636344010e-01 2.227787652551149467e-01 2.654017832972205837e-01 -2.420819464279020013e-03 2.249632998832110375e-01 1.482448380015557836e-02 1.000000000000000000e+00 2.301003331333020541e-01 9.873779640977997651e-02 -5.280476530322388701e-02 3.236310622574677942e-01 1.783100091279745114e-01 1.557736263745842786e-01 -2.434409988598403851e-01 -6.111105879298647098e-02 3.091473135644681181e-01 1.042074085436639902e-01 3.312139362604406556e-01 -3.872615310067253902e-02 1.727648967112878908e-01 3.372756706961553830e-01 4.803891339812048633e-01 2.126370393062495256e-01 4.861460291763465280e-01 -4.446521714293769079e-02 1.098837526009926874e-01 -2.036409271572822977e-01 4.977533899056287015e-02 2.644158152346602897e-01 -1.202604287832205049e-01 -3.345469645023690236e-02 6.669175780094532824e-02 5.687274115369852362e-02 -1.628643249316044650e-02 -1.238473691085461570e-01 -7.270983266278656376e-02 2.289549510678016708e-01 -7.777409026500006761e-02 -6.266248274771325788e-02 1.219679061173987306e-01 5.746149263976563226e-02 -2.555229712017256793e-02 -1.798138195790592586e-01 -1.121223240794676779e-01 -1.035697731078597475e-05 2.252362020247079821e-01 -4.412310838589539319e-02 1.371395320982678745e-01 3.042075015163444585e-01 3.594025888570306915e-01 2.496913403076235216e-01 2.985426927841731692e-01 2.898724438412833004e-01 1.838736169288321676e-01 1.907923786937093247e-01 5.769109945576743614e-01 4.045014863872014588e-01 3.078521492652179226e-01 1.297135511126607799e-01 1.891585956066327333e-03 -1.580113629541339826e-01 3.092398816610832379e-01 5.696052978559711100e-02 -8.214415073388996354e-04 -1.126101439863276404e-01 4.119847328023055200e-01 -2.022132762006066120e-01 -1.045832427677037720e-02 2.665001647709218102e-01 1.965868335535201350e-01 6.358006447067843236e-02 3.549937095446542568e-01 -4.935679951172173424e-02 1.878743457274067302e-02 1.425032572250546081e-01 -1.660685010128425398e-01 -1.564425927513151127e-01 2.198824822098837950e-01 8.774611612156288376e-02 -1.683928634635168675e-01 -4.735799318889019616e-02 1.666163178364424013e-01 -2.384979589097588060e-01 -2.212481772714075257e-01 -9.050185225254364640e-02 -9.544806320634183217e-02 -3.251085768681055005e-02 -1.151927160941392941e-01 2.713535758216106819e-01 -8.424763485770891958e-02 -3.812420495789221181e-02 -2.279534124109904858e-01 -1.219150900332344051e-01 -1.007242606365312265e-01
-1.168317764227177202e-01 2.483723396473268633e-02 3.136668031975070048e-01 -2.481153811334560755e-01 -1.188363237337512895e-01 2.990968847996089419e-02 -5.476126605777177636e-02 1.168196262571286198e-01 1.327603814594484344e-01 2.059915817308146657e-01 1.967699447268337343e-01 9.610913772773441166e-02 2.301003331333020541e-01 1.000000000000000000e+00 5.173370869077392742e-01 -2.325758959951123861e-01 1.425968643794825186e-01 1.646140832075616497e-02 3.065124924161622966e-01 -2.598368062889676033e-01 1.600413699664165745e-01 8.321722833564750010e-02 2.653749007097220280e-01 2.264727076779316783e-01 2.813524520819655761e-01 2.361048571932851670e-01 3.083301676181016693e-01 2.468172488651169671e-01 2.287427117149882783e-01 4.138097735432829105e-01 -9.992637396358719504e-02 1.712080106596466367e-01 7.788409901857244744e-02 -2.591481338371929288e-01 2.430268307139432649e-02 -2.641070967839984074e-01 -2.612350022247034165e-02 2.053191954150889731e-01 1.486685875826243286e-01 6.272461827651766575e-02 -1.884944490731325084e-01 4.669365874906581185e-03 1.732300125302520533e-01 -1.052130135286269419e-01 -8.542106030655817472e-02 1.775864274510358942e-01 1.118570120643556237e-01 -3.027241152339965602e-02 -1.759009607571857814e-01 -1.124186723556945128e-01 -9.052673094789524810e-02 1.783959319738018801e-01 -1.723976965239821524e-01 -1.187985157142879972e-01 1.041914284051762285e-01 -5.834048756494850108e-02 1.260440951428398737e-01 1.438100090165717604e-01 1.125498863611023997e-01 2.225699917297941643e-01 1.297310153827363755e-01 9.317171287589118278e-02 2.980449789098242319e-01 3.376084119951309748e-01 2.652606541647412053e-01 3.215827409882386911e-01 -1.599662384484052402e-01 -5.671158747021210617e-02 -5.575504575255378625e-02 -2.067795671528093460e-01 -2.933672227881631983e-02 5.185909898895285641e-02 1.455050095751204420e-01 8.783522057505063763e-02 7.518454055543609404e-02 2.330081619215778332e-01 2.630612266259167442e-01 3.837359672566159063e-01 -2.655878962230781015e-01 8.402331361076386534e-03 1.218093975807132967e-01 -3.058437510899740808e-01 -6.365024445903906536e-02 2.413026640654008029e-02 1.430055919096740180e-01 -5.269297663851522928e-02 -1.218750053253672416e-01 7.583059895753163637e-02 -2.672184523846957704e-01 -1.896302974075662062e-01 -1.640170224806782040e-01 -1.280041687901347161e-02 1.909600392739025862e-02 1.278927160200800384e-01 9.021901627116962752e-02 -1.254165836203765538e-01 1.216595604428857835e-01 -8.430112153282051657e-02 -1.803245425418577019e-01 -1.900253975035549603e-01
6.833392824343299810e-02 -4.169521629489438691e-02 1.359536126207606388e-01 -1.178198406990868807e-01 -2.841265740311204047e-01 1.908790553971765336e-01 1.595070107499654000e-01 1.586324676402668943e-01 1.658008716403845395e-01 3.039354664777949577e-01 2.884289289716246429e-01 4.644300888700896301e-01 9.873779640977997651e-02 5.173370869077392742e-01 1.000000000000000000e+00 -1.649661464149489998e-01 3.713668085480379549e-02 -2.988993580177400772e-02 1.047383673980466744e-02 -2.042537180423288912e-01 2.278331252679102192e-01 1.987759755302527520e-02 2.520413749176476648e-01 2.039883820522568614e-01 3.544498832464620247e-02 2.826864783677220383e-01 1.546600720645014970e-01 3.064864668918619757e-03 3.672945431947113870e-02 2.112408658517364590e-01 -3.441647445509598419e-02 -3.087102679270823380e-01 -7.311021447622388647e-02 -2.927718847377731026e-01 -1.759086141035226189e-02 2.298195978706703974e-02 -8.934992601370445042e-02 9.806635164351582001e-04 1.629544781596371228e-01 2.768482920796601077e-01 -3.985328450503802800e-02 3.479657057780487506e-01 3.664684562448287108e-01 1.922886995642504038e-01 7.303685439629899190e-03 2.295413909353413162e-01 2.332701945568333921e-02 3.129129883104174448e-02 -6.607729217211167575e-04 2.199416299945618214e-02 -1.833153638164681243e-01 1.479643305704466116e-01 -5.271229216696464437e-02 -2.736486248726391346e-02 2.357069874074565474e-01 -8.995598663021316110e-02 1.679856594128203151e-01 1.402121230294605114e-01 8.187395812050067556e-02 3.333692280270657005e-01 3.553177908670350771e-01 6.101304260092983017e-02 1.539604187472449759e-01 2.015233444790758832e-01 3.619783243285931151e-01 6.167239638717385564e-01 8.413664410727543508e-02 -2.289559522089532895e-01 -1.541387545799773884e-01 -1.479681030963133082e-01 4.414442322129389501e-02 -4.753021722014690725e-02 1.993835929571887433e-01 3.324347180562085557e-01 1.412194893478459501e-01 3.755676857850686612e-01 1.568683764512114054e-01 3.480935512416569733e-01 -1.345645526927699009e-01 -3.056607552421923280e-01 1.553101699993483971e-02 -3.387413329713639398e-01 5.071430040403061834e-02 1.314732795342060390e-01 1.290512768465548465e-01 -9.222168221969767599e-02 -1.052925510246055657e-01 8.043090071035986777e-02 -1.301988933173651164e-01 -6.582602867907987043e-02 -2.007773290141476874e-01 -1.544343350374074164e-01 1.136988100284082870e-01 3.186396900357707507e-01 1.722627063463534614e-01 1.082934929127929158e-01 1.960832497236117133e-01 2.341740290807589955e-02 3.584904402142313762e-02 -4.727481171427173889e-02
