1.000000000000000000e+00 4.479833784979933564e-02 3.350653328367649286e-01 1.398293019985275276e-01 1.805691623288712966e-01 1.911099395122456135e-01 5.359942571610444573e-02 1.253064708568463748e-01 4.271099901632927770e-02 -1.069385306792633022e-01 1.042851028736189456e-01 7.242190726046873750e-02 8.929817467831918654e-02 7.356660406146868503e-02 7.335629237942004055e-02 -1.158367250258701547e-01 1.474340963792632186e-01 3.829374513868259722e-02 3.956356649147080295e-02 2.032783051937496824e-02 1.061654311622145658e-01 -5.628617862486130774e-02 -2.377429804904659591e-02 -3.179232154347726158e-02 -2.577716562190306981e-01 4.762423491135701209e-02 -7.776375076023714361e-02 -6.986653164002561145e-02 7.343858165395519833e-02 1.472769172112480540e-01 -4.792709190657648555e-02 -1.585141843098899269e-03 7.114731640155771974e-02 -9.461665102806605943e-02 -3.847095534068872141e-02 -4.731239356327190948e-02 3.955448901362569603e-02 1.336975326509949949e-02 7.069166406342542938e-03 -4.385665223427845372e-02 3.749448066251312439e-02 2.193196481124903147e-02 -3.147219001825352080e-02 3.326764275170228380e-02 -6.930359612908285061e-02 -2.757002054515780929e-03 -4.021007279129324569e-02 -4.652278701395905908e-02 2.059202406345211900e-01 1.789402963828841675e-01 1.776846152438691373e-01 1.142471871303861741e-01 -3.883530440870934519e-02 1.372523714498162795e-01 1.481782645633440421e-01 1.891101719587548191e-01 8.991265941890665137e-02 7.224197356857148256e-02 9.054584959001613434e-03 2.580543999077286044e-01 2.893269245025637537e-01 6.959305252250642948e-02 -5.005889794302668255e-02 -2.385248627612141913e-03 -6.620613991208518234e-02 7.361877307868287812e-02 9.362252563987236154e-02 6.747145072062490923e-02 -1.701263477060529217e-01 3.203911489863388393e-03 9.880309833564901445e-03 -1.292245235976680340e-01 -6.570180101954777203e-03 -1.472267667309082317e-01 3.788142155240027675e-02 2.112868160667907835e-02 -6.422623570101351764e-02 -7.094848253034377605e-02 -1.452950461077216759e-01 -1.287257765589687464e-01 -1.370495134482165589e-01 -1.076596285595899510e-01 -2.716235190712135705e-01 -2.021594488781293109e-01 -1.787988195284550830e-01 -2.387813447884168938e-01 8.131999923797744723e-02 -6.814756568429534977e-02 -4.459975767561208393e-02 -1.714636696658122239e-01 -4.416512540033304575e-03 -2.885094680453959004e-02 -2.430933240345219959e-01 1.433087395274528809e-03 -2.356250469699726346e-01 8.584847944074476545e-02 -1.544133638331220693e-01 -1.379943977106381503e-01 1.413853115419343998e-01 1.086543878744440778e-01
4.479833784979933564e-02 1.000000000000000000e+00 5.121757794427628241e-01 6.885421422039728068e-01 6.171596644677473931e-01 2.846783590272576880e-01 2.424555555838294185e-01 7.132259278262023106e-01 4.637429605276415789e-01 -3.145202305862558889e-01 -1.257027539022182450e-01 -1.604574610155101166e-01 -2.781245082523146062e-01 -4.115911778630073070e-01 -3.021217794968983350e-01 2.986693086656692087e-01 -4.053858036261482334e-01 1.663872477314994325e-01 -2.497706108026564176e-01 1.766075670967345163e-02 -2.651382076085703199e-01 -4.532375501400663920e-01 -3.521532079182926323e-01 -3.587478333544531495e-01 -2.416928949182838016e-01 -2.286797352939996530e-01 -3.181163810343559106e-01 -2.984233607033230373e-01 -2.707341235951359892e-01 -2.650921868980262164e-01 -1.435364034787718901e-01 -1.501356281946212290e-01 7.491940706968833186e-02 -3.498142996922408154e-01 -2.830347927114661433e-01 3.947017081915178971e-01 -7.477856579788527691e-02 -8.722758329982883974e-02 -8.875582638088942711e-02 5.829636952899087260e-02 -1.559435490365675692e-01 -1.685674356645915431e-02 -6.071668573268931141e-02 -2.043886881541373719e-03 -3.050359547123903670e-01 -1.907898337838250524e-01 -1.843276620026216561e-01 -2.501988897543960255e-01 3.569944834250988741e-01 4.519937138005968719e-02 2.524838178331670346e-01 7.493647111241684700e-01 2.020266475733073774e-01 6.375351303706444650e-01 3.799141232203204210e-01 3.415352574950674125e-01 6.433854157630016779e-01 6.683222334456718761e-01 -1.784926184921158399e-01 -5.264796636169749577e-02 -1.499914768498017970e-01 -2.933601932369840348e-01 -3.540287183225788170e-01 -1.878362529822948657e-01 -2.260765982495347715e-01 -1.936759959074827731e-01 6.363038370399585683e-03 -3.208858748952415074e-01 -3.448078455160997757e-01 9.493950354615324216e-02 -2.953729757867155636e-01 -3.391373582896133887e-01 -2.898092549488375247e-01 6.657652689384345457e-02 -2.320469790936943166e-01 -2.487460431178608600e-01 -3.307791425457299872e-01 -2.212350613075272088e-01 -1.657915154477588582e-01 -1.959475628750743104e-01 -3.691555414682176073e-01 -3.480943407409947121e-01 -1.597820967659326075e-01 -2.324515393032270671e-01 -2.796479938665051845e-01 -2.146295014193430328e-01 -1.368185558528190737e-01 -1.234165551301883296e-01 7.352311466985304855e-02 -1.305543652483099337e-01 -9.739207027817441131e-02 5.172066949593955715e-02 -2.071979898562281708e-01 -6.187505189348964374e-02 -1.374882438141965812e-01 -8.053452309258524178e-02 -2.744500251735785268e-01 -3.523435231420977698e-01 3.655117315044435489e-01 4.720792776359548221e-02
3.350653328367649286e-01 5.121757794427628241e-01 1.000000000000000000e+00 4.642488536786763542e-01 5.106317432899005748e-01 4.605452806881867867e-01 2.421399877448592031e-01 5.726534923758679341e-01 4.972370118446590159e-01 -2.624018582816731171e-01 -4.125767791295124193e-02 -4.518881608423677004e-02 1.804629662585943706e-02 -2.040570862617707704e-01 -1.209262372276287550e-01 6.371349295723910400e-02 -1.840692387113837258e-01 2.609308275451710513e-01 -7.051016766682396963e-02 7.578444984188598132e-02 -6.641726926311279644e-02 -2.890070974566495421e-01 -3.003251199675534000e-01 -1.357436880229111742e-01 -3.233895845457680496e-01 -1.203131675573211878e-01 -2.389523089374691323e-01 -2.226261520022033702e-01 -9.185205083494452083e-02 -1.538562622183717032e-01 -1.373846108092269536e-01 -2.285892083904740024e-01 -1.103697868153862560e-01 -2.838595886706526406e-01 -1.825064966625958018e-01 3.992605626537179542e-01 -1.346280712331600071e-01 -1.911518106638397108e-01 -4.010671453052487567e-02 6.239707543150101003e-03 -1.853381135982292149e-01 -9.040850258434849490e-03 -3.732209267825804810e-02 -8.394156754277100341e-02 -2.695035847936617102e-01 -1.539733603411336527e-01 -1.971153377211981028e-01 -3.091626762131816086e-01 3.577969288733796605e-01 7.096187793638392138e-02 1.873556092882547874e-01 5.825686491529932232e-01 1.356958765004165346e-01 4.265522172141509860e-01 4.189931848333035558e-01 4.666483761532525532e-01 5.288115079564716936e-01 5.212058985824020718e-01 -1.548485092881904113e-01 9.816571330414729235e-02 8.428710664885989690e-02 -4.480148861424423923e-02 -1.480136675879052122e-01 -2.142963216410934402e-01 -1.507406715044810330e-01 -1.483514839886675325e-02 1.022026615408844902e-01 -2.342510169888985805e-01 -2.927027921856192871e-01 1.224444114934262612e-01 -1.222840217785376160e-01 -2.613935479050611410e-01 -2.749242771481774095e-01 1.222212634324632424e-01 -1.137472098076218324e-01 -1.077123591146085108e-01 -1.331617487421790647e-01 -1.190820492171381362e-01 -2.338920603472883497e-01 -3.321750268264359041e-01 -2.103984153397474022e-01 -3.526253763661845730e-01 -2.151017602888472824e-01 -2.565618842777976361e-01 -2.340935620918082605e-01 -3.226697519826363103e-01 -7.569345278936447097e-02 -1.614993976409201670e-01 1.612720055337331371e-01 -1.921934996367389847e-01 -2.437793605931830865e-01 -8.801556487764421177e-02 -1.324190791715113280e-01 -3.009855030073908116e-02 -1.281011313941315399e-01 -1.078234708847540246e-01 -2.933493656031214702e-01 -3.164421404497928525e-01 3.538778136824535236e-01 2.510572817773754073e-02
1.398293019985275276e-01 6.885421422039728068e-01 4.642488536786763542e-01 1.000000000000000000e+00 7.155859512669145994e-01 2.830010411062974796e-01 2.679347344007932397e-01 6.758168201515816209e-01 4.131146075140919027e-01 -2.958973544900907471e-01 -8.276794869271617006e-02 -2.071542376022376120e-01 -2.662025032067999453e-01 -4.504444411627197553e-01 -3.139299818749694548e-01 3.115330033414912547e-01 -3.893679098407193950e-01 1.137907524276575433e-01 -2.827710745876668708e-01 -5.321619020354553115e-02 -2.406008330654043348e-01 -4.949602994629492270e-01 -3.871633486797165236e-01 -3.097262789642490355e-01 -2.531417345276066877e-01 -2.454882632497915329e-01 -4.216091791979063030e-01 -3.485841813841714099e-01 -2.778822662463064086e-01 -2.353010294943606862e-01 -1.545366699945068811e-01 7.905266616584549766e-02 1.495056928591911583e-01 -3.681528210979771454e-01 -3.986619100993791798e-01 2.587831061976153535e-01 -1.408028948151641147e-01 3.294056821239293303e-02 -1.549618987800479020e-01 7.497892659730812093e-02 -2.503989938766103540e-01 -2.835579678625502545e-02 -8.152916243781617445e-02 -7.014231688082261940e-02 -3.953782404143862950e-01 -2.763626528330881960e-01 -2.809225112904084054e-01 -3.523984005442252210e-01 2.883730154175466742e-01 -4.776085082790226116e-02 3.250442180704651851e-01 7.144438457353124994e-01 2.895232448012464155e-01 6.721634610713781433e-01 3.903099725024201661e-01 3.636260683946289096e-01 6.889039871054716269e-01 6.476660730117893561e-01 -2.063992185777690225e-01 -7.010060746103452534e-02 -2.686088503189944521e-01 -2.762858868782326338e-01 -4.497873969585316489e-01 -2.630462060014305270e-01 -2.295463512462559696e-01 -2.730953192157817289e-01 2.890299740006315593e-02 -3.432603229199909234e-01 -2.803782782509410265e-01 9.631752410477997794e-02 -2.700929312269942373e-01 -3.671547875454069243e-01 -2.948579067116547936e-01 6.113612095237791651e-03 -1.799799133463648726e-01 -2.708171404806415938e-01 -2.777406675851247231e-01 -2.591504133562508860e-01 -7.295970391843289993e-02 2.683836430641513629e-02 -3.346846495341456729e-01 -4.000382274404121752e-01 -2.170920220074570861e-01 -3.224443662020847756e-01 -3.430052322362746597e-01 -2.846229373598418433e-01 -1.463289569435607951e-01 -2.090432731686273082e-01 4.828819904259936714e-03 -1.602652708803331827e-01 -6.561456170740681548e-02 9.500897761943857822e-02 -2.106154267280955783e-01 -1.278358926165332025e-02 -1.489082146850732313e-01 -1.906106769063662665e-01 -3.918315108455862061e-01 -4.231689418257424951e-01 2.819043838157408999e-01 -3.586958985992105137e-02
1.805691623288712966e-01 6.171596644677473931e-01 5.106317432899005748e-01 7.155859512669145994e-01 1.000000000000000000e+00 3.027194838845284619e-01 1.692846642731427043e-01 5.912106456185317604e-01 3.760539345485335860e-01 -3.107683210309328814e-01 -1.203082106276133489e-01 -2.074501623235228132e-01 -2.556197731964772735e-01 -3.651238218974220406e-01 -2.686544861450921307e-01 1.994030445240154159e-01 -3.180207490900153755e-01 4.314519550867397524e-02 -2.695540458032734676e-01 -7.144386196145026402e-02 -1.866471197068972632e-01 -4.486527394642805255e-01 -4.248488300830460251e-01 -2.783444142106741848e-01 -2.240384553015636604e-01 -3.000479067142278744e-01 -4.312347331119396054e-01 -3.679148657429641700e-01 -2.529166102524723625e-01 -2.076982855080853618e-01 -5.350955975183961655e-02 6.985519315222753212e-02 1.899316875966362284e-01 -3.412576397415748031e-01 -3.656513076711073729e-01 1.877650066051671784e-01 -1.102388276320421107e-01 4.883885773334400993e-02 -7.348394956402543032e-02 8.551458018964328001e-02 -1.536319567376658590e-01 -1.231890396338841676e-01 -9.219469812864268532e-02 -2.389545102805201368e-02 -2.545189681392629466e-01 -2.435040423332793247e-01 -2.519334687503617665e-01 -3.665849623186429040e-01 3.183789816165432662e-01 7.984304620552011567e-02 2.944668763434717951e-01 6.456136223632868987e-01 2.591670933892395445e-01 6.124036937856733864e-01 3.692126429768987639e-01 3.650570582998248215e-01 5.774484801329969885e-01 5.616924305160201358e-01 -1.841721426183447197e-01 -9.586873093298295401e-02 -1.624313894950598358e-01 -2.641782784074912516e-01 -4.220131343725038175e-01 -2.798226519818681757e-01 -2.884079510392936196e-01 -2.205894342082689585e-01 4.494588505187595978e-02 -3.137640414362449226e-01 -3.409359745999885338e-01 -1.268171462925137341e-02 -2.174014514227020911e-01 -4.499943676455026020e-01 -3.830274132562043188e-01 -1.473135314032021290e-02 -1.913133875826358576e-01 -2.542529759374537734e-01 -2.679530497636891662e-01 -3.367325647335622230e-01 -3.480694788596757488e-02 -3.620832116585244453e-02 -3.350699999635141646e-01 -4.123697993852017407e-01 -1.383749624946680468e-01 -3.908581629476888253e-01 -4.155552106147144542e-01 -3.783041512636428072e-01 -1.503851739880337490e-01 -3.273373494004123141e-01 -3.278115865816645658e-02 -2.035488288758718900e-01 -6.625381638353429470e-02 7.073115354974392199e-02 -2.556476821562886914e-01 -4.267559275916087830e-02 -2.323689407562584408e-01 -1.725432984473951603e-01 -4.312996429112804231e-01 -4.821740440692156016e-01 2.904309746925954894e-01 1.597155666188648359e-03
1.911099395122456135e-01 2.846783590272576880e-01 4.605452806881867867e-01 2.830010411062974796e-01 3.027194838845284619e-01 1.000000000000000000e+00 2.690821881943616378e-01 4.213902989998632442e-01 5.670269751478055342e-01 -2.921649394601367328e-02 1.659103039837105387e-01 1.798872976972362980e-01 1.443980191958884329e-01 3.387623520910532093e-02 -3.187803263578705640e-03 -1.956612781202246923e-03 -4.745417255089190434e-02 2.698505498138639713e-01 -1.535035232162942735e-02 1.384523902183261712e-01 1.488779331033396602e-01 -2.154910555354317137e-01 -1.162754199459403170e-01 -3.339578757328147407e-02 -2.416104913647286467e-01 5.914211498973193787e-02 -2.068030773492987584e-01 -1.301320638234966798e-01 4.675645256953982198e-02 9.017433153455632622e-02 -9.854959205588366411e-02 -7.349724828132997434e-02 5.461575815315584720e-05 -9.731301744703349521e-02 -1.966665921870154321e-01 3.372531515559898385e-01 -9.035993699115034417e-02 -9.657344851252609719e-02 -4.508067601276621872e-02 9.193138989901963876e-02 -1.140938781628764304e-01 2.492440051257341360e-02 -1.017301039071424017e-02 -1.255624079104979696e-01 -2.275207689939300892e-01 -1.930393998356491336e-01 -1.775712130715620674e-01 -2.024769781841494198e-01 2.797019466864433812e-01 1.585169469452540891e-02 1.691253667385084758e-01 4.297981246982753301e-01 -2.734873965009434332e-02 2.193081331010333646e-01 6.060846039648999373e-01 6.764589532560156826e-01 4.132566848373088741e-01 4.586076915460032266e-01 7.405184222945204731e-02 1.614437750717041264e-01 2.224598836337200181e-01 1.745300506552035780e-01 -6.821181666923135933e-02 4.439124756627726293e-02 -1.889306234766286244e-02 -5.403236032390175241e-03 1.669577791905967612e-01 -5.498623309579522139e-02 -1.350170889723951995e-01 1.276192721018656329e-01 8.743205208732029998e-02 -1.666896986314737039e-01 -1.032774419724302312e-01 1.585710584828207981e-01 -5.510502312553412774e-02 -1.307603807312182273e-02 7.195049424937270677e-02 2.801490737937075565e-02 -1.393777997949709746e-01 -9.922544388546064575e-02 -8.604512214857039376e-02 -1.467156012404630394e-01 -3.380750418776388155e-01 -2.190247368349609036e-01 -1.352588984375093228e-01 -1.936255477586772689e-01 4.753029487539433932e-03 -2.054835027058066546e-02 2.194072728395369265e-01 7.295377608230337041e-02 -1.077772081048111730e-01 5.069778612730325290e-03 -1.030713542862832233e-01 -7.182669347338288546e-02 7.531625699236457923e-03 -5.238829333819926271e-02 -2.268770391984490098e-01 -1.767125874555005305e-01 2.704446904324608880e-01 1.135457446871113163e-01
5.359942571610444573e-02 2.424555555838294185e-01 2.421399877448592031e-01 2.679347344007932397e-01 1.692846642731427043e-01 2.690821881943616378e-01 1.000000000000000000e+00 4.220156686718743444e-01 4.171127973917532206e-01 5.247925316440640864e-02 1.363773874022673471e-01 8.120642351276854964e-02 2.162343792392007191e-01 -6.520311585859721315e-02 8.596700958005981663e-02 2.701372949595886586e-01 7.803145478977478733e-02 3.999809856087387372e-01 1.595899078711574270e-01 4.424807152087716355e-01 1.378991239312925554e-01 -7.735008495369795345e-03 6.436876996505773441e-02 1.726908778464177896e-01 -1.239608838124046583e-02 2.704375024332543731e-01 -9.557344558202506002e-02 1.080374953271453914e-01 3.136297588754304866e-01 1.553853542906952767e-01 -2.186119140127328608e-01 -2.898576169296721537e-03 -1.124447841533223608e-01 1.314736817579858774e-01 -6.202776727204028367e-02 3.965619676347855171e-01 -8.829042943475992611e-02 -1.622567152547105818e-01 -1.015577771840010524e-01 3.625203858901447640e-02 -2.548515530099982884e-01 1.818327542947007769e-01 -1.285262435566895955e-02 -3.957321647721251390e-01 -3.692469930939926703e-01 -2.828481785388817227e-01 -2.397897394807155247e-01 -1.654913281530417113e-01 -7.553768800024464325e-02 -1.703957609899794945e-01 4.656327568872715289e-02 2.965184034190251339e-01 4.108119268272229091e-02 1.539608348292581530e-01 3.675634669560210455e-01 2.801189264512472521e-01 4.095543007120022727e-01 4.186585053664804712e-01 7.383243125009597563e-02 1.836425938108809386e-01 6.419114686795326929e-02 1.243776474409612615e-01 -7.334590244846481144e-02 -1.451305703420078252e-01 9.258924695039488784e-02 7.380825852589156799e-02 3.325954996504537631e-01 2.879990311923502980e-02 1.700666226948936155e-01 4.145118857928677403e-01 2.347965683448847707e-01 2.078114156699012727e-01 2.002056555132578908e-01 3.308500463877261377e-01 4.735082328891053460e-02 1.614709943831367789e-01 2.751926944215000725e-01 3.026663360417323756e-01 -2.713415461507233672e-01 -3.401327910526338871e-02 2.521693226220061423e-01 7.280388332616143099e-02 -3.091984346752755242e-01 8.267583564432758048e-02 1.258200184368338526e-01 6.564758309231477629e-02 6.413953867587481039e-02 1.570021585256736185e-01 5.376367473027398036e-01 3.772922771430274880e-01 -1.247009375999295483e-01 1.320682806691650946e-01 1.320897244327852993e-01 -4.189638188238183070e-02 3.038234720077995221e-01 -2.431074738782746381e-01 -1.038852476815248921e-01 7.552440319286372883e-02 6.767760057822352904e-02 3.093630505935041422e-02
1.253064708568463748e-01 7.132259278262023106e-01 5.726534923758679341e-01 6.758168201515816209e-01 5.912106456185317604e-01 4.213902989998632442e-01 4.220156686718743444e-01 1.000000000000000000e+00 6.343278194936760039e-01 -2.807441456166639426e-01 -5.298642334540391852e-02 -1.050347944297047587e-01 -1.065736661158624005e-01 -2.976164181124738572e-01 -2.100675309636650667e-01 2.885677299396524620e-01 -2.725740682390271341e-01 3.655287087746164065e-01 -1.080975756136999116e-01 1.019441868714464905e-01 -1.661462490109005263e-01 -3.543524412872476326e-01 -1.969742568831545082e-01 -2.473521352793610073e-01 -3.159532702706630003e-01 -1.318494321733226227e-01 -2.387357895495813287e-01 -1.713944322772034679e-01 -1.750201461296860272e-01 -1.849827308873324694e-01 -2.107845299642145676e-01 -1.719484103549016318e-01 -1.037209063916996327e-01 -2.482464414425029908e-01 -2.044621151438298368e-01 4.961720093261289266e-01 -1.133981864412552110e-01 -1.186832884499038482e-01 -1.140111248721899090e-01 9.449516948196606814e-02 -1.882698298045732133e-01 5.532598402488241029e-02 -2.355516485315126488e-02 -3.358834588554857753e-02 -4.202579206409661206e-01 -1.239442381277476024e-01 -1.626474851805906618e-01 -1.900334313442902379e-01 3.141912380435223362e-01 7.291639862984471143e-03 2.210523026559801096e-01 7.813002446773998910e-01 1.427260357043466932e-01 5.069907341191929318e-01 5.137581265882336101e-01 4.621608965954813741e-01 7.664960151185116199e-01 7.731641704039617924e-01 -1.078622958800468518e-01 7.584665327988539263e-02 -5.634375378232938519e-02 -1.350715358924957366e-01 -2.878858075689451623e-01 -1.841469576928993490e-01 -7.734888082112986729e-02 -1.540952027971976557e-01 7.297270540141151396e-02 -1.997522774572913495e-01 -2.914444264437796583e-01 2.221532101877769783e-01 -1.755076569710000700e-01 -2.187634260053467061e-01 -1.959320844667175876e-01 1.613390336906840028e-01 -1.415548080729074343e-01 -1.520162578532108788e-01 -1.936233413099985312e-01 -9.215645901144432772e-02 -2.911558645759017572e-01 -2.349246192065037597e-01 -2.751008926641352881e-01 -3.800522826549390110e-01 -3.464397359294081880e-01 -1.631133357503903591e-01 -1.649970883190305659e-01 -1.683424041429989748e-01 -1.140018455595797064e-01 -1.305664749805085685e-02 2.335374106385456616e-01 -9.396764857110355418e-02 -2.394156379082720554e-01 1.794949570159087016e-01 -2.244473141438373676e-01 -1.996140433672801209e-02 -8.508840459847015480e-02 -9.963759919729971160e-02 -1.847244752917717725e-01 -2.347365861605276993e-01 3.133264338889427125e-01 1.969201382606949532e-02
4.271099901632927770e-02 4.637429605276415789e-01 4.972370118446590159e-01 4.131146075140919027e-01 3.760539345485335860e-01 5.670269751478055342e-01 4.171127973917532206e-01 6.343278194936760039e-01 1.000000000000000000e+00 -6.730312057034418260e-02 4.827263103946186767e-02 -7.424997331337079842e-02 1.194273777881348919e-01 -1.387048979279939254e-01 -5.969999823611288337e-02 1.439053135045879062e-01 -8.379431918090954334e-02 4.028779939076468364e-01 2.783914135472146702e-03 2.107655488582290959e-01 -2.874637558497693257e-02 -2.085337583909799841e-01 -6.509181033449368270e-02 -1.303464859039474566e-01 -2.675805760260414612e-01 1.708938985002856140e-02 -1.211306685944945477e-01 -2.300264021166863876e-02 1.074430108597604176e-02 -1.335018946337597837e-02 -2.092768107835248081e-01 -2.102925674721707605e-01 -1.634566547270947801e-01 -1.529799330500895560e-01 -6.065255098076648838e-02 5.362121929621747052e-01 -2.092618899122482556e-01 -2.438344422777815323e-01 -1.564898551040199148e-01 -2.436082846451411571e-02 -2.508140197045806152e-01 6.243650161623501976e-02 -3.691278189850719788e-02 -2.459650779430143652e-01 -3.193165406968956899e-01 -9.174228543910530054e-02 -2.213783250698074245e-01 -1.195960183017987372e-01 1.806984517590064232e-01 -8.643335525191329916e-02 1.281946943857123766e-01 5.873718038371582573e-01 1.037716734907216803e-01 2.788919515286868434e-01 5.579706825399222136e-01 6.307094052635742187e-01 5.848829737405348839e-01 6.905871882543597184e-01 1.624001442814526977e-02 6.013266090970755678e-02 9.459834138109574075e-02 1.235478946526696181e-01 -9.908188155277888876e-02 -1.888961593485740109e-01 4.860678276043853274e-02 -5.175292626782725114e-02 1.281385492135672932e-01 -1.089208604721192686e-01 -1.235936982199069417e-01 2.620228781973113485e-01 -2.360112037727942272e-02 -4.264634761691914189e-02 -1.820986384239613870e-02 2.072007757713811849e-01 -8.736865116918754448e-02 -6.986384082172468479e-02 4.429429759545348150e-02 8.927160286167248882e-02 -3.139005930556463264e-01 -2.813435564137219402e-01 -8.944783642944033331e-02 -1.737546736930740965e-01 -3.701418912608346878e-01 -1.210258834475719941e-01 5.383723776635503111e-02 -4.663691622053804664e-02 -1.953329611483640149e-01 1.089392392679660176e-01 3.575137728225887823e-01 8.024343751659772372e-02 -2.937195656031754143e-01 2.721073744869673822e-02 -4.754845169913929359e-02 -9.224292734627337342e-02 9.740334907480470428e-02 -1.604561154102027154e-01 -5.742129849148884524e-02 -3.628070307206682221e-02 2.277644012025794862e-01 -3.128796592863011816e-02
-1.069385306792633022e-01 -3.145202305862558889e-01 -2.624018582816731171e-01 -2.958973544900907471e-01 -3.107683210309328814e-01 -2.921649394601367328e-02 5.247925316440640864e-02 -2.807441456166639426e-01 -6.730312057034418260e-02 1.000000000000000000e+00 3.512457478015453827e-01 3.024050714654509253e-01 3.086386029571732137e-01 2.272030044019796025e-01 2.554412657344787840e-01 -1.289078977592606479e-01 3.253258283360693226e-01 -1.148765890463470662e-01 6.040180317206471361e-02 -1.011649658504889110e-01 9.734137149020631596e-02 2.644315647061484809e-01 1.460369645530361637e-01 2.878684153805246004e-01 4.527713763437665739e-01 3.317333641771400554e-01 1.140879447063273405e-01 3.175463999166811546e-01 1.548987683900392431e-01 3.126614128360750700e-01 1.468309219393334475e-01 1.541483405233773363e-01 1.019841161243843219e-01 4.755378252767129138e-02 1.658956194585559651e-01 -2.411027176783830384e-01 1.457151188292833133e-01 1.801458882942932604e-01 7.962659518978271178e-02 5.628019337366287761e-02 8.013810549391126026e-02 1.263765422582744102e-01 2.402728423748071440e-01 -3.440994341814853502e-02 1.689213401197585951e-01 3.090423458047734245e-02 5.873208925835808614e-02 9.496783711395100080e-02 -1.829607814401960075e-01 -9.236841291694905531e-02 -1.293635962694314190e-01 -3.377400252366238864e-01 -3.572433267675885205e-01 -4.254650963217214144e-01 -1.523328295529373932e-01 -1.362105749930408727e-01 -2.692971932776370148e-01 -3.125060919799555470e-01 4.182075808700930208e-01 1.198573438698064819e-01 1.405675995484132745e-01 2.915025461609482282e-01 1.920737733780414069e-01 1.630700569911608666e-01 6.117515806881244911e-02 1.555410263281520045e-01 -4.472556633385325886e-03 7.522556234433652733e-02 1.155941706176295131e-01 -1.146987181640568981e-01 8.746770712309268059e-02 2.716107792671870746e-01 2.340298812052534205e-01 7.220086648289751607e-02 2.224034613458428511e-01 3.100192971328643021e-01 1.807957622292796218e-01 2.476107993046336164e-01 1.023370606486916495e-01 1.240832016439339658e-01 1.718384717840900078e-01 1.849515982772257372e-01 1.216499615805859830e-01 1.126694037910241225e-01 1.683659525467236795e-01 1.496392147121914651e-01 1.504930695554876630e-01 1.738344663488631259e-01 -8.544267511311209873e-02 1.202088055153878871e-01 6.235631896351432474e-02 1.853501838075769237e-01 3.198927388447752040e-01 1.405924802107789695e-01 3.244395233722822680e-01 5.027244449741350568e-02 1.028533906453559660e-01 1.560489004630974952e-01 -1.975133357227576436e-01 -4.609485720402854703e-02
1.042851028736189456e-01 -1.257027539022182450e-01 -4.125767791295124193e-02 -8.276794869271617006e-02 -1.203082106276133489e-01 1.659103039837105387e-01 1.363773874022673471e-01 -5.298642334540391852e-02 4.827263103946186767e-02 3.512457478015453827e-01 1.000000000000000000e+00 4.791134561733663699e-01 3.613405781816749207e-01 2.434297755788325524e-01 3.015096376983008586e-01 -4.670810187411889025e-02 2.833974468366587396e-01 -9.009750694461322179e-03 1.455438045901964184e-01 -1.544227102431688751e-02 7.717318447072413212e-02 8.088858352188001144e-02 7.237688780039919223e-02 2.856337124092975244e-01 2.060974575751895188e-01 4.155704212566926348e-01 5.921602910270033771e-02 1.984761303415484290e-01 8.333466838272321486e-02 3.681733694441409188e-01 -8.537622890625609856e-04 3.243359665917519563e-02 1.651430195060515568e-02 -4.722699244857442302e-02 1.186735844086135860e-01 -4.138785909123265938e-02 3.130225959411597758e-01 2.096737898846565140e-01 2.229804346070431154e-01 7.694840518200822543e-02 1.321150284755177595e-01 2.117369790134445429e-01 1.764895733948171619e-01 -3.096499589100117165e-03 -1.001862927459215569e-02 -5.839252426841702245e-03 2.763180290556867605e-02 -4.523810958034875374e-02 9.222948494025834387e-02 6.869126095371531904e-02 6.585335783127643783e-02 -6.143538618861049683e-02 -3.329955654704188639e-01 -1.777703778843691684e-01 1.408804601230162212e-01 1.004042760302626958e-01 5.866202181090751817e-03 -1.505607572420236406e-01 5.296247014774051465e-01 3.935720695085278553e-01 4.073918017187107554e-01 3.095346817602948608e-01 6.734767531404692309e-02 2.229242337371629967e-01 -7.492871862665656524e-02 2.660346678727139036e-01 8.563449421681418317e-02 6.641810706132222908e-02 -4.301659043270658622e-02 -9.770706222680647368e-02 6.247878766718653609e-02 3.666996962918529779e-02 6.419456140162407842e-02 3.260267643403983156e-03 3.001254987827833287e-01 1.646119739036838725e-01 2.137308429774502361e-01 1.940417459934677957e-01 2.636750156340836662e-02 9.787162429526589935e-02 6.729032251270493370e-02 9.292437712297479946e-02 -1.532609828064114277e-01 -1.367734049260634355e-01 -3.488542042659949216e-02 -1.910966804717896539e-01 2.743335983145658852e-01 1.529598330237346426e-01 -7.869555901886202132e-02 1.701176998097933893e-02 1.098252692748426101e-01 -1.801057405645908188e-02 1.127321618869109310e-01 5.598231682496737638e-02 7.665416275724465378e-02 6.938595154695527401e-02 -7.115821713499879964e-02 -5.803629519478913784e-02 8.962662096711408732e-02 6.221085980623338590e-02
7.242190726046873750e-02 -1.604574610155101166e-01 -4.518881608423677004e-02 -2.071542376022376120e-01 -2.074501623235228132e-01 1.798872976972362980e-01 8.120642351276854964e-02 -1.050347944297047587e-01 -7.424997331337079842e-02 3.024050714654509253e-01 4.791134561733663699e-01 1.000000000000000000e+00 4.260372894501988639e-01 4.142995968601842494e-01 2.910718389876947310e-01 -2.052472812451642051e-02 2.193638852521962168e-01 -5.289678182180140159e-02 1.161178320550341064e-01 -2.285473243113404773e-02 2.386187340857498229e-01 1.347518090344628217e-01 1.259930548097206726e-01 3.873599743508709392e-01 3.144084158735054313e-01 4.058949430874039810e-01 1.852673442904169063e-02 1.518066376538157736e-01 1.289717045076144430e-01 3.709512065118763524e-01 -1.165057389635376223e-01 1.492137981233247479e-01 6.892193800440798990e-02 -2.369521506432620966e-02 7.464054222191214560e-03 1.389150643780944112e-02 1.865243171632590402e-01 1.532946963222199255e-01 1.052795378583246677e-01 1.681816976478267278e-01 7.067328254172934587e-02 1.537675304106905783e-01 2.315731803489994300e-01 -4.441791601456384318e-03 -4.462431062583244179e-02 -8.149974000697138288e-02 1.307885012324304930e-01 6.381444032095936157e-03 2.997118074837863341e-02 -2.936922724692157122e-02 4.741246578763209929e-02 -1.561575929170224142e-01 -4.183268221867632586e-01 -2.331173494133565727e-01 3.591020340331684685e-02 5.005195218993534201e-02 -1.662442876166776995e-01 -2.221829090277550600e-01 3.097670082636924671e-01 3.046944401248552481e-01 4.723785357636905990e-01 3.468904385821098835e-01 2.185125979243947303e-01 3.317242022750883090e-01 1.217178121350031839e-01 2.543489240116529326e-01 -6.344679157369285949e-02 1.390551962285321297e-01 -3.496093349616933438e-02 -1.640607528248010372e-01 1.495163330694095072e-01 1.078692900298225399e-01 4.962972674908770060e-02 1.970402518659334634e-01 3.376873708915797412e-01 4.392315580871108960e-01 1.244168464231603793e-01 2.999136287351604757e-01 -5.100927114189901523e-02 1.933941495229391794e-01 2.144057546803072589e-01 -6.724535253471371210e-02 -8.769704436319349095e-02 -3.698679732189508879e-02 -3.679110529520503159e-02 -3.668970998583099413e-02 2.706041259377679475e-01 1.016907435168601381e-01 2.238317056646103170e-02 7.972753330430601415e-02 7.166819564494227891e-03 1.678582967121816649e-02 1.728505440049979969e-01 1.829869216153165168e-01 1.986139173760577969e-01 1.607926401222264587e-02 -7.475622511179108587e-02 -1.849669205478150628e-04 -1.037565498963585603e-01 7.967347387794393443e-02
8.929817467831918654e-02 -2.781245082523146062e-01 1.804629662585943706e-02 -2.662025032067999453e-01 -2.556197731964772735e-01 1.443980191958884329e-01 2.162343792392007191e-01 -1.065736661158624005e-01 1.194273777881348919e-01 3.086386029571732137e-01 3.613405781816749207e-01 4.260372894501988639e-01 1.000000000000000000e+00 4.246445667786953315e-01 3.853656386758542163e-01 -2.254462928974986513e-01 5.063029171048094579e-01 9.043279250510531664e-02 3.077805187387443464e-01 1.207763299170908494e-01 3.065199289176001596e-01 3.034993198462071495e-01 3.239668222731477698e-01 3.102415501505887963e-01 1.494974645706532435e-01 3.908203654133645677e-01 2.739468864515542390e-01 3.597682858047802079e-01 3.107147238752893115e-01 4.063635572503621063e-01 -6.691366136222490213e-02 -2.822164488935898635e-02 -4.074760805071715730e-02 1.349649026712432809e-01 2.420677019700236965e-01 -8.913720146898437835e-03 1.749882526346892009e-01 -4.167234116940244509e-02 4.788130403369880023e-02 -4.536353416801028327e-02 -8.529069374964595414e-04 2.112493036750366926e-01 1.570768598994393972e-01 -1.386553551962945441e-01 9.690294710938579179e-03 1.311792352415667995e-01 1.160910739967701832e-01 1.662457090878851351e-01 -1.572431309746096795e-01 1.408944865126934495e-02 -9.389263644649603613e-02 -1.873709534716364866e-01 -3.126406276029853881e-01 -3.136743535117434423e-01 4.465038400908625908e-03 1.262965942077231007e-01 -1.044156552317949266e-01 -1.338323174724775910e-01 3.595320071331041811e-01 3.735090611468925847e-01 5.289829558208594129e-01 7.026787250950800034e-01 3.200658364461654304e-01 2.163580450526546017e-01 2.394188805702001099e-01 3.121600879129391437e-01 7.228991493077083219e-02 2.737438749927985637e-01 8.735106081462475081e-02 2.844310548913595374e-02 2.718755620878446355e-01 2.838711580902225085e-01 2.474876956335672340e-01 4.758692505253110661e-02 3.111151881096440586e-01 2.914109307617779865e-01 3.148934985427233046e-01 4.308232127365128061e-01 -2.474050805161153166e-01 -8.379817841989800620e-02 2.321181867781790809e-01 9.694421855413336286e-02 -1.860319446017079936e-01 1.960220202688751565e-02 2.165685315665098754e-01 5.499128925464732975e-02 1.668779043210309454e-01 1.753184277849078043e-01 1.604068503163997295e-01 1.071000871551862493e-01 -1.240905242826149391e-01 -9.321880319095167400e-02 1.370497904670486267e-01 -6.942997891443029868e-02 1.078594515627772782e-01 -7.618029721004350441e-02 1.564834308654065032e-01 2.724603829088625417e-01 -1.887137231428462070e-01 6.376000361232411762e-02
7.356660406146868503e-02 -4.115911778630073070e-01 -2.040570862617707704e-01 -4.504444411627197553e-01 -3.651238218974220406e-01 3.387623520910532093e-02 -6.520311585859721315e-02 -2.976164181124738572e-01 -1.387048979279939254e-01 2.272030044019796025e-01 2.434297755788325524e-01 4.142995968601842494e-01 4.246445667786953315e-01 1.000000000000000000e+00 5.481231321605011253e-01 -3.383709903452292722e-01 4.087437659932033340e-01 -1.921922236001224679e-02 3.775437356346254547e-01 6.380099646233987343e-02 4.852611673063984554e-01 3.220394334134538128e-01 4.586381759357289756e-01 2.854683225935557567e-01 6.466142146083594944e-02 2.826609419261041922e-01 3.223785505479684899e-01 3.919899452439060683e-01 3.022928223109643819e-01 5.335194935301229568e-01 -7.356755218176221078e-02 -8.457799825964801288e-02 -1.348566687112097429e-01 2.281241636068886414e-01 2.745068334819079081e-01 -1.723850310990619750e-01 1.978817372162381683e-01 -3.596282743567175838e-02 9.048111755243166965e-02 -1.189223110783397402e-02 1.728296888761235162e-01 9.017589086844693402e-02 8.868429918600914674e-02 4.349292295512287992e-02 1.443409863418541883e-01 2.683641126238830998e-01 2.805536017053213982e-01 3.565760494726596952e-01 -4.411064096969648241e-02 7.228839137666065451e-02 -1.537786327218398919e-01 -3.637156818260671165e-01 -4.036504584785071681e-01 -3.359273669650004179e-01 -1.389125188013292100e-01 -9.112901135142321973e-02 -3.086298527422062787e-01 -3.059152551503221962e-01 2.790733862008190624e-01 3.220244682156624960e-01 4.313992221554378559e-01 3.956441458176196413e-01 5.055514323878290694e-01 5.010023879616272158e-01 3.407713637948715513e-01 4.959104880843387408e-01 -5.504628064917570229e-02 3.811625826441416010e-01 1.012092039015042022e-01 -1.164412715555604300e-01 3.524984781817602775e-01 2.123875585060669979e-01 2.931858531473363061e-01 1.090624388194291056e-02 1.985657495439843157e-01 3.229312472117192856e-01 3.023581500267839561e-01 3.702436257071328174e-01 -1.401581342443707079e-01 -6.654574973517049519e-02 1.850745759645212041e-01 1.136969417095102380e-01 -1.051974642016680755e-02 8.160519221617985874e-02 2.281371780487454204e-01 1.671022866391254635e-01 2.937852786855182363e-01 1.814066580555147301e-01 -1.257792105745648981e-02 4.627170775734240626e-02 -5.418890286952431773e-02 -5.484174890534584262e-02 4.808917884670572962e-02 1.412831996855781758e-02 5.400137600690790157e-02 9.321833342329279015e-02 3.160367237002253415e-01 3.331012004779849711e-01 -1.780331055145931429e-01 6.372215361321632854e-02
7.335629237942004055e-02 -3.021217794968983350e-01 -1.209262372276287550e-01 -3.139299818749694548e-01 -2.686544861450921307e-01 -3.187803263578705640e-03 8.596700958005981663e-02 -2.100675309636650667e-01 -5.969999823611288337e-02 2.554412657344787840e-01 3.015096376983008586e-01 2.910718389876947310e-01 3.853656386758542163e-01 5.481231321605011253e-01 1.000000000000000000e+00 -3.279289661567719172e-01 4.517542299763798175e-01 1.022146453850503039e-01 3.699259078728420191e-01 1.844368778756233784e-01 5.149141982912999183e-01 3.032809093097869058e-01 4.176185390606947379e-01 3.624056738759478535e-01 1.037577087995546349e-01 4.277889351238553517e-01 3.918503295727660540e-01 4.932643354160997085e-01 4.160210125140453852e-01 5.780149181912707101e-01 -6.136673431105480608e-02 -1.295740005127107852e-01 -2.069360756355042297e-01 1.621265695922676220e-01 2.319654164141164987e-01 -1.521138926218265075e-01 1.309464122639276695e-01 -8.468146209348369202e-02 1.243362552603036013e-02 -2.333313055633700339e-01 2.294449065473350494e-02 2.176149094026902098e-01 6.622012436872784513e-02 -1.420246735573069477e-02 1.937104878074409064e-01 2.386838211947016064e-01 1.551529198168348778e-01 3.153299867532868839e-01 -1.069394140415153710e-01 -4.761002177138213415e-02 -2.333004507814458728e-01 -2.888849168710458382e-01 -3.012944691657517549e-01 -2.753447622162137343e-01 -3.836237331923337407e-02 -1.170511183026860524e-01 -1.848648990255778168e-01 -2.362527117830098833e-01 3.371601671047709248e-01 3.844417640503677291e-01 2.997598177392704621e-01 3.037136143941172040e-01 4.902512917336912524e-01 3.605125169604366242e-01 3.650368754883233646e-01 7.072096472272877410e-01 -7.026901487619800768e-02 3.366110057692850432e-01 2.720515621592013433e-01 8.174393682177708009e-02 5.204468558157944180e-01 3.079584445186146491e-01 4.072639728601626374e-01 -8.976920567404955698e-02 3.196958422539616929e-01 3.690237137274309243e-01 4.690791991206674783e-01 5.361974611693315351e-01 -2.217400075359341194e-01 -1.369372982095601321e-01 3.062448937750358313e-01 1.114912262942827081e-01 -1.567613434450034621e-02 1.061086247526680792e-01 3.128247094961261743e-01 1.346756292318571357e-01 2.037200862590418382e-01 2.153595071929463034e-01 3.526462138533204699e-02 1.402659520796128469e-02 -2.142347009890123999e-01 -6.231478023405289529e-02 1.481873315330398677e-01 -1.067959841672764254e-01 1.532149836409011923e-01 2.945103001509193075e-04 2.803854694615745546e-01 3.678620144556311589e-01 -1.786451486345157769e-01 -7.250320611441163354e-02
