1.000000000000000000e+00 1.841973238024388615e-01 1.024947059433698876e-01 1.570327882084101290e-01 1.912476519288290946e-02 1.473338225332030127e-01 6.856542352114211591e-02 -5.356153730058249574e-02 -1.551878669725940962e-01 5.859468790347552997e-02 7.724656301527421665e-02 7.500514638539156065e-02 -8.928397111931933583e-03 6.323943378277152583e-02 -1.836509209541365914e-02 1.296847673633192699e-01 -8.271858035386592256e-02 -1.895050863869942870e-01 9.422742865888848740e-02 -1.481503745276057382e-01 1.768382381892261712e-01 -1.368321929039336693e-01 1.238198631237492431e-03 -1.576818068294456310e-01 2.020945915156710515e-01 1.544169654791572310e-01 -1.645289910112573695e-01 -3.016662085086919132e-01 5.135382848281227347e-02 -1.339408457804233954e-01 -7.918943790628202306e-02 1.526234690475144207e-01 -8.040177646417600785e-03 -1.755624640986551688e-01 -2.625185773901154151e-01 -5.102440535014916845e-02 -2.313323978265869815e-02 2.026701973933170142e-01 -7.606189487183828701e-02 2.660998829781067304e-02 -3.713538649363110761e-02 -1.736781122654610376e-01 -1.264197341191195256e-01 -1.472414820279356329e-01 -8.504583578898533558e-02 -2.556234895883333635e-01 -1.169556489466817145e-01 1.855386675599857704e-01 2.743178928674510630e-01 -1.250901395521647128e-02 7.166384979508572117e-02 -1.332036447454965078e-01 -3.238188363347165033e-02 -2.640068716323364928e-01 1.099522155448956068e-01 1.967945651614287361e-01 -1.020023449555792910e-01 -1.346592708368883062e-01 1.401720635632513756e-01 2.231028252630609665e-01 2.876114624957735177e-01 -1.696263131044442596e-02 -2.107773137221553156e-02 -3.007735450319329665e-02 1.403134865959221322e-01 -6.869788993378712905e-02 7.109357239382053939e-02 -4.804875481803451420e-02 -1.700233898328470106e-01 6.385867689119617552e-02 -1.323672955367807269e-01 -1.253712624957089017e-01 -7.891034966017440588e-02 -1.027559069010418880e-01 3.019085375577219496e-02 2.828667346082640588e-01 1.639120506444362857e-01 -1.420145546727985264e-01 -5.501045517945591518e-02 2.362235530677924689e-01 -2.121064953954939492e-01 -7.725855165211345521e-02 -2.538096667679279883e-01 -3.077245588169600921e-01 -2.236604539072389319e-01 -1.511585109888964606e-01 1.594617547353185671e-01 -1.481155291577211097e-01 -1.299658104999301157e-02 -9.565033010747009401e-02 5.115673055649257173e-02 8.507851652926326502e-02 -8.676961416482406597e-02 -4.872770838813547667e-02 8.795891055840639183e-02 2.057233852192567533e-02 -2.578713337265612915e-01 -7.805896550796934119e-02 2.676822256228045260e-01 6.645014936927813587e-02
1.841973238024388615e-01 1.000000000000000000e+00 1.946977345856908403e-01 5.265708354209228670e-01 4.634565049657930480e-01 1.024823043949512902e-01 -1.166493898493622533e-01 -5.356407666510359239e-02 -2.635440648764956206e-01 1.521044556412899651e-01 -1.647686736665724891e-02 -2.243415464739431930e-01 -9.082053542236701027e-02 8.138563244876353964e-02 -1.046622434585882389e-01 2.721263099056062673e-01 -2.168731775123714789e-01 -3.003093550969314074e-01 -1.707332155007411367e-01 -2.119009452876851052e-01 7.031849082284591379e-02 -3.179831628755608319e-01 1.883496947704911854e-03 -3.925041255473873947e-01 3.338364745737928407e-01 5.008865889387089515e-02 -1.642366147757860217e-01 -4.665839823032700284e-01 -2.027814617215118465e-01 -3.096439167707582939e-03 -1.398068965041477651e-01 1.075446616831369634e-01 -1.954053113461446944e-01 -2.709461222356429055e-01 -3.518890412038254700e-01 -3.291287299629684360e-01 -2.622829744353274428e-01 2.086270412428347376e-01 1.177816798543713656e-01 -1.287076928283921451e-01 -2.412644762008415156e-01 -3.345122115690342679e-01 -8.780167909664407522e-02 -2.450115251606600417e-02 -3.781045073680518454e-01 -2.668322526558151719e-01 -1.508301903474862093e-01 -6.426048623451144359e-02 9.215893193991687993e-02 -2.025851975520983894e-01 -2.889402941647997713e-01 3.122205858809710133e-01 2.312556925670901098e-01 -2.269021491199122165e-01 1.842267320847758572e-01 7.791165453053658374e-02 -1.149093991612662735e-01 -2.476975719102553208e-01 2.388410777610798508e-01 1.498924890638322904e-01 3.064851664685271926e-01 -1.110217275614009125e-01 -7.583305102134799136e-02 -5.450644142882392351e-02 -9.056295620520632417e-02 3.678228759584824259e-02 -1.640803021113431681e-01 -2.214265206246392448e-01 -3.139043797181502726e-01 -1.593185992146866348e-01 -1.041780336779060401e-01 -2.623224523806192421e-01 -6.841963084369372117e-02 -6.015980811582418569e-02 3.789877869651833708e-02 1.539208566534633858e-02 1.348558062852644839e-02 -5.034755699967025794e-02 2.701702613905293537e-02 -1.316190288879632436e-02 -2.182793840580753708e-01 -3.055943950964878919e-01 -3.995185716600627157e-01 -3.176132777459836354e-01 -2.114584195825686963e-01 -2.684970390210448810e-01 -4.001445928078281589e-02 -3.510837139754963143e-01 -1.373238166593043208e-01 -3.625280881672383049e-01 -2.330313335163704258e-01 5.546443132164793899e-02 8.699207284801840911e-02 -3.112804370106530549e-01 -2.828867511358423154e-02 2.067399150074695352e-02 -2.955342529059322709e-01 -2.215777430121662894e-01 1.447376246774696729e-01 -1.062554033771751089e-01
1.024947059433698876e-01 1.946977345856908403e-01 1.000000000000000000e+00 -1.015072008970291928e-01 1.870861685530044172e-01 -1.514642852714852272e-01 1.346604465472827916e-01 9.510251317468329524e-02 9.105663773700309327e-02 -1.217078091836422404e-01 -7.894551773900226888e-02 -1.972840727734428423e-01 2.425449658125395369e-01 3.692243489328781436e-01 5.467157156349838898e-02 -6.962498451736905125e-02 2.129472082182174986e-01 7.731959169024298084e-02 -1.188550193168698421e-01 -7.122571647850714505e-02 1.684508353844536011e-01 1.186886936024222905e-01 3.026795721247403925e-01 9.547480327119266252e-02 1.907218831064517450e-01 -3.502798063246709975e-02 1.662162411916208449e-01 8.886009251307806778e-02 1.728262668056679274e-01 2.723013346009624525e-01 -3.877971764704178370e-01 4.072290210755151740e-01 -4.311003927912700484e-01 1.431805703936269158e-01 2.276267440960938471e-01 1.420754166815260955e-01 2.261866075726798875e-01 1.915018146830647083e-01 1.864837966792486368e-01 -1.502148877380600211e-01 1.059541296292184354e-01 -1.908307684431472806e-01 2.601614999384463389e-01 -3.681489461074758524e-02 -1.107560936579759375e-01 1.780845111863928465e-01 2.800707229218425409e-01 6.705271524266563643e-02 2.431098381524445240e-01 2.659055964186206045e-01 -2.292007435547465943e-01 2.516197978651133482e-01 -4.424354468981008259e-01 -2.469228547241488630e-02 9.150685446014075741e-02 2.954744098236031791e-01 7.393594411475397365e-02 -2.592637033068424801e-02 -1.200364699052430956e-01 3.000978430552847520e-02 -1.345700787831188017e-01 1.906963974115455374e-01 3.838111696095135028e-01 2.421811194540556267e-01 -4.097965624707704257e-02 3.028140335436336206e-01 -1.740942534286646914e-01 3.252460815109196046e-01 3.493149104433631025e-01 -4.822159465323705430e-02 3.837203632595170832e-01 1.526463380577155748e-01 1.609541099157550670e-01 -1.347453038832926719e-01 8.603193748360214721e-02 -5.718629080597770892e-02 4.022837356838978445e-02 3.015040483273545568e-01 -3.072928500975682931e-01 7.416368325926160632e-02 3.114837958735220957e-01 5.168312943675911625e-02 -1.678808523070857428e-01 1.982104736829157776e-01 1.583266436059448945e-01 2.130359148496897004e-01 1.389168243191328256e-01 -1.031537372995508933e-01 8.847051324161940653e-04 7.807942660086974671e-03 -3.400752689584390365e-01 5.727346864437389551e-02 -2.874804902837847509e-01 -3.571093485313617255e-01 5.709138922996298549e-02 -2.411115775205755207e-01 1.510402427787835289e-02 7.425458013511455901e-02 1.405866565923482303e-01 4.020412764801591793e-02
1.570327882084101290e-01 5.265708354209228670e-01 -1.015072008970291928e-01 1.000000000000000000e+00 5.840838015947130701e-01 2.687492184274866691e-01 -1.446297218647120408e-01 -2.699470322433673020e-01 -2.358457124527092441e-01 5.091806092769709524e-01 1.827558583888563501e-02 -3.658358078635136068e-01 -3.257494727932586098e-01 -5.871405676651871020e-02 -3.588507846727325146e-01 3.872958558863023315e-01 -3.572781206893946848e-01 -4.268620932442051541e-01 -1.601907008220607442e-01 -4.835456103014831308e-01 -5.377308163822610426e-02 -5.475841053406540482e-01 -1.210750974879105241e-01 -5.754110716195058872e-01 5.597185700903942740e-01 3.503743033965909803e-01 -3.023168685701176361e-01 -6.601101724196609677e-01 -3.333070893834848003e-01 -1.867723587923883766e-01 -1.809069919145137317e-01 1.716855960582824581e-01 1.294222474444434723e-01 -4.497805695558952932e-01 -4.959305639538189037e-01 -4.917074735024635213e-01 -4.157627757217497999e-01 3.197695642167160124e-02 -1.857942731215213861e-01 -4.144447222728712965e-02 -3.509438457068274064e-01 -5.920875865186111531e-01 -3.466053476149822399e-01 -1.659019740487504835e-01 -3.600426247378402111e-01 -3.288612083597068914e-01 -1.808726831265430879e-01 -3.447263305819450036e-02 -2.913655775149094906e-01 -5.285063353323857793e-01 7.674635941726545840e-02 -2.404224297867157967e-01 1.888881389575511327e-01 -5.389150320049835852e-01 1.640258612685790984e-01 1.117088490611024970e-01 -2.557123066316576709e-01 -3.291642351981564074e-01 5.842370656901949566e-01 3.907955246289613882e-01 4.048830005904857643e-01 -3.446505866703771792e-01 -2.028132524012865034e-01 -1.394655755605495040e-01 -1.765427494065003600e-01 -2.573431904744833409e-01 -2.669680205374760917e-01 -3.618818842334880492e-01 -4.385966119183940526e-01 -2.405692525569514406e-01 -1.958846417720052913e-01 -4.358691624465409475e-01 -1.485763064704832825e-01 -1.742545329215598182e-01 2.080777962639492884e-01 2.937565169557160294e-01 -8.659700913474523143e-02 -2.594545617383066105e-01 -3.575344425582504398e-02 4.402019291203372250e-03 -3.576398273640072900e-01 -3.428186967701026822e-01 -3.578399213055050709e-01 -3.385554494220707755e-01 -3.023681845752309028e-01 -3.367411373308724087e-01 -1.920349321598640857e-01 -4.442551910194922349e-01 -4.135191265625923762e-01 -5.520503671564501724e-01 1.773565600006457299e-01 4.206379574586913139e-01 -4.838234434376463555e-02 -3.856298704127306132e-01 -6.112620219863138665e-02 -7.242446791428737429e-02 -3.628202017958074288e-01 -2.262182856978058043e-01 -1.201983792073584890e-02 -2.778955296721059010e-01
1.912476519288290946e-02 4.634565049657930480e-01 1.870861685530044172e-01 5.840838015947130701e-01 1.000000000000000000e+00 -8.862508418581453717e-02 -1.280853375237682723e-01 -2.589293069940947212e-01 -2.498569351432879115e-01 2.832002364549726092e-01 -2.461724276141148415e-01 -5.003991803279361772e-01 -1.659417134012814710e-01 1.824330665444155453e-01 -1.827085677567256705e-01 3.224356807010780868e-01 -2.280338842000602662e-01 -3.609947425565206425e-01 -3.135042342060355702e-01 -3.311059221811776254e-01 1.132401912188727225e-02 -4.111137102277541144e-01 7.698480916214038572e-02 -5.609043059706250167e-01 5.564209760414449146e-01 2.508341688270452480e-02 -1.128667440501627262e-01 -4.237069180951667513e-01 -3.295427726924361478e-01 8.519772583586493475e-02 -4.290185403046922752e-01 4.626923321618098828e-01 5.650891042879196968e-02 -2.396181437950705428e-01 -2.529054656385009148e-01 -3.246717267963691311e-01 -1.595234046397640271e-01 1.848525993274459656e-01 9.157506635305678877e-02 -2.748907966987296225e-01 -1.831719381620405540e-01 -6.354068698837417317e-01 -3.037816827421056798e-02 -3.561973812261305661e-02 -4.585042097548928108e-01 -4.465801137386427033e-02 6.858304887232258285e-02 3.139473826109322185e-02 -1.376895631874574810e-01 -1.688667397654037283e-01 -1.485060087594987366e-01 7.395638216433449152e-02 -5.146334627108121312e-03 -2.325526306452528058e-01 -6.054199369977545514e-02 1.083177817173570645e-01 -2.741116602675999769e-01 -3.215690235170032274e-01 2.788923239261388853e-01 1.615286803003104787e-01 1.324952372272878154e-01 -2.074821533678544716e-01 8.227333205912712444e-02 9.519389255846991138e-02 -6.986795639914426814e-02 3.992770588013395267e-02 -3.480981636198947626e-01 -1.458233258869866267e-01 -1.809660146521774315e-01 -2.826391036125197043e-01 4.538257316863050783e-02 -3.392938102278200141e-01 -1.940259652321870906e-02 -2.176875998336484375e-01 -1.433741740026916664e-02 1.160716554092215413e-01 -1.680396102293836569e-01 -3.881168648532602045e-02 -2.731438854586026310e-01 3.337115647470430269e-02 -1.002849965860487941e-01 -1.783959536456937167e-01 -3.483680778341017859e-01 -2.793590443876299845e-01 -1.194635478009128254e-01 -1.037225108680634583e-01 -8.875210147236127500e-02 -4.161128742822676752e-01 -2.185827181665485341e-01 -4.896492273828394470e-01 -1.176732946212616926e-01 3.679101223936141474e-01 -1.903677699363733322e-01 -5.243196170519646149e-01 -4.705715266214612058e-02 -1.788139579348023422e-01 -1.666344842098805012e-01 -1.466593294307105833e-02 6.824973885249728534e-02 -1.144537131934193902e-01
1.473338225332030127e-01 1.024823043949512902e-01 -1.514642852714852272e-01 2.687492184274866691e-01 -8.862508418581453717e-02 1.000000000000000000e+00 -1.149187533047573567e-01 1.806612905904240174e-01 2.751566649007359255e-01 5.170917293843426688e-01 5.142236846647282311e-01 2.422163419832885356e-01 -1.870036800585252457e-01 -8.759738190378446587e-02 -1.187234877535551236e-01 -3.658376998101223881e-02 -4.087166916074456285e-02 -6.120445105933576546e-02 -8.301307813987734985e-02 -1.413098432602978294e-01 -7.528025285623018981e-02 -1.522904425830968744e-01 8.370244018719499857e-02 -3.554783857487495841e-02 1.238270633866713211e-01 5.794724528820284215e-01 -1.025002257557749291e-01 -2.581861474774640453e-01 9.955252789814780789e-02 -5.668294684363733155e-02 4.185363860991063722e-01 -4.844641677186181106e-01 -9.733727118332535788e-02 -2.670612227834938124e-01 -1.717204418198403082e-01 1.898900800386793541e-02 -1.279322724068254480e-01 -7.225254115533163990e-02 -2.571988578333018194e-01 5.237093095172538071e-01 -4.269616951107160774e-02 3.092897476376015031e-02 -2.332976383224790451e-01 7.982784008619065244e-03 1.278065440505503358e-01 -7.203740489676081771e-02 -3.978458800013349311e-02 5.618790486597265155e-02 3.344205188106182114e-02 -2.720523823307030575e-01 -4.995273587228608349e-03 3.847303387341420924e-03 3.181189814971076002e-01 -5.378003984942189009e-01 7.008762170033450145e-01 4.428593641585544805e-01 3.303260955539517041e-01 1.311774185261046777e-01 5.816752910283727873e-01 3.246336756326927420e-01 4.001246127807888686e-01 -2.875388254336909144e-01 -1.478355741051464445e-01 -7.921521901530473309e-02 -1.919245129735533129e-01 -3.924214331991529581e-02 2.434088872512447654e-01 -2.866302945685706427e-01 -2.106747636357434172e-01 -5.324891742364541714e-02 -1.707029550320877942e-01 1.483911985872027675e-02 8.997921857519956823e-02 2.386441250661051894e-01 4.457412813538929597e-01 3.373514723084669042e-01 1.656243994651582924e-02 -1.738879122331630361e-02 3.642010388289201872e-01 1.387460548481962014e-02 -4.153103893636140298e-01 -2.185105893683081946e-01 9.266729030731891970e-02 8.727569824779263241e-03 -8.602234592664223523e-02 -1.654805295935689036e-01 3.045834670736669025e-02 -1.967071366128576304e-01 -4.215198551586905179e-02 -1.905310067767224946e-01 8.021441090819297903e-02 1.995289533510490598e-01 1.617053777289144678e-01 3.931902348334298525e-02 -1.176190515190626840e-01 2.785895840630714382e-01 -1.149366603997569042e-01 -1.033155316250213424e-01 3.050390960092469461e-01 8.777615441424785336e-02
6.856542352114211591e-02 -1.166493898493622533e-01 1.346604465472827916e-01 -1.446297218647120408e-01 -1.280853375237682723e-01 -1.149187533047573567e-01 1.000000000000000000e+00 3.734248532383561137e-01 2.971664273143752588e-01 2.726817969331785801e-02 -2.554858359499743645e-02 6.796293000659679728e-02 2.173203538032923710e-01 2.834323841506597441e-01 3.165938099024173114e-01 1.316946748716659732e-01 2.256454394975908884e-01 3.779235160754501610e-01 2.964036711879755037e-01 1.899551152561566314e-01 3.509133558390883367e-01 2.648022818061346317e-01 2.009702721299581607e-01 3.073933195166117516e-01 -8.496772880294472608e-04 1.130612874592828478e-02 2.416542718379828814e-01 1.878036632304811993e-01 2.816839006468669915e-01 1.346406960342657472e-02 -8.218671740148504601e-02 6.404340047766295119e-02 -2.064886131677139830e-02 2.427635974147087650e-01 1.594056557005138208e-01 1.066218125414658963e-01 1.825737552152815191e-01 -6.889935552886411463e-02 -5.733240791950250381e-02 -2.759704067374766159e-02 -9.046770042616340823e-02 4.507953770751941397e-02 -3.433049894201162938e-02 9.419342884102979013e-03 8.949587949612297644e-02 1.469445635617009846e-02 -3.468676724963394575e-02 -3.330023715519201538e-02 -2.254924734904419775e-02 8.491239122058469313e-02 6.685809429245799518e-02 -5.126770557887860152e-02 -1.348049651125637627e-01 -2.861251840078446809e-02 -7.665496687119260910e-02 8.339008531932551316e-02 1.649116124193927002e-01 2.672561321663490808e-01 -5.001273638048105846e-02 -3.659452941046943165e-03 -2.657590588582422336e-02 2.962564139737129398e-01 2.701216911653185893e-01 1.931072713447153644e-01 1.782075903310636478e-01 1.993695642817893965e-01 2.397424880074178200e-01 3.754055443379463730e-01 3.393450064609111472e-01 3.298416397656537269e-01 3.508313714849857212e-01 2.967039491105172844e-01 3.057842805195397640e-01 9.072033782854954653e-02 2.613355487776993225e-01 1.001509437634015703e-01 2.117436872047907814e-01 2.458926962865572996e-01 -5.627495923651123361e-02 -1.058255068241088365e-01 2.872058882857809747e-01 1.232620251476606865e-01 1.923330191754503149e-01 2.889178469150867068e-01 3.464552493075164219e-01 2.269630654897725752e-01 9.584142661960094733e-02 1.067092520205112915e-01 2.558695624640225930e-01 1.203719545354146603e-01 7.989696203870380598e-02 -3.087955391159004012e-02 -7.261456515013614121e-05 -2.564235859098034503e-02 1.917877428320957645e-01 -7.784270156711398103e-02 1.290489535279098210e-01 3.694257104192404800e-02 -2.281679220933579416e-02 1.386114919770168978e-02
-5.356153730058249574e-02 -5.356407666510359239e-02 9.510251317468329524e-02 -2.699470322433673020e-01 -2.589293069940947212e-01 1.806612905904240174e-01 3.734248532383561137e-01 1.000000000000000000e+00 3.842871087145917630e-01 -5.944325133078864898e-02 1.033290752858282840e-01 2.942349380240416035e-01 2.327740087139562875e-01 1.701402341307837740e-01 2.012226226622097769e-01 2.600076054211252971e-02 2.151399862443285627e-01 4.090062544738528594e-01 1.287264486153129606e-01 1.706666846732911025e-01 1.593138208412463452e-01 2.912608450943869887e-01 2.236740761725441451e-01 2.482157268813175721e-01 -2.527251139481423436e-01 2.457561162377706540e-02 3.638706663603512581e-01 2.816236924813395048e-01 2.440070662970574289e-01 9.394026886899220496e-02 2.033266410388123724e-01 -3.188001485263863843e-01 -4.064852438767339871e-02 1.636890810097535454e-01 2.403915038513758373e-01 2.668097877029980136e-01 1.415503809647655764e-01 -1.071622426303795172e-01 6.756154567764695307e-02 1.133570277890883216e-01 -1.726205818155080937e-02 3.307107272036007295e-01 3.909447648770517786e-02 1.106225546161142687e-01 2.877254068652065899e-01 1.142659175135584126e-01 9.164990843641769580e-02 6.115984779335565530e-02 1.169167734694431665e-01 1.012878916921327727e-01 -1.212897030116641961e-01 2.380514281421791944e-01 6.546834093387468578e-02 1.669350315933905557e-03 1.789980082704308584e-01 2.113457955401312760e-01 4.836224603691807178e-01 4.733785914123756489e-01 -8.105609122313521542e-02 -1.687738941393320258e-01 5.316319988092537384e-03 1.962760273275628575e-01 2.400183068433074940e-01 1.565522256043371252e-01 1.173592283835310085e-01 1.786438513267729622e-01 1.875071925763964753e-01 1.839431117992285369e-01 1.996413691718981753e-01 2.723873260914630445e-01 8.293754934001687507e-02 3.203254649610303706e-01 2.906946078780026088e-01 2.712853379263540643e-01 1.096217924374573299e-01 2.818122078765465666e-02 2.693900556601062646e-01 2.693606484579755267e-01 1.781466603719919217e-01 -1.427099918743228724e-01 1.420464576426683223e-01 6.894592793905925110e-02 2.923185752940438698e-01 1.512080715744943682e-01 4.528241234593160525e-01 2.268928589422076758e-01 1.445269087397517416e-01 2.355935583356924823e-01 2.989232054874529365e-01 1.502369144743279095e-01 -1.399596104292496201e-01 -2.940044102193961062e-01 2.188714092887067142e-01 1.997178156392760418e-01 4.464498963718695895e-02 2.107692978348741641e-01 2.047605343404353129e-01 4.998382288399357692e-02 9.969008977795842941e-02 7.565820117912298859e-02
-1.551878669725940962e-01 -2.635440648764956206e-01 9.105663773700309327e-02 -2.358457124527092441e-01 -2.498569351432879115e-01 2.751566649007359255e-01 2.971664273143752588e-01 3.842871087145917630e-01 1.000000000000000000e+00 1.864605550954638313e-01 2.591896583549566091e-01 2.764141768150747969e-01 1.401059631778189540e-01 1.816593238393759691e-01 1.466689630677524558e-01 -8.530541059566619511e-02 1.639444805083877799e-01 4.165371826910946318e-01 2.540088737955636597e-02 3.211715064399502384e-01 3.067017585507492150e-02 3.328527477597668094e-01 2.444510422547979678e-01 4.820331161878141923e-01 -2.616255762822777831e-01 2.236855623597266973e-01 2.328823199583441583e-01 3.151504124454458378e-01 4.198310648289397817e-01 1.110896892751406795e-01 2.386174740531239458e-01 -3.134827446437322696e-01 -2.162625791565298550e-01 1.193442976488553187e-01 3.101176518543044547e-01 3.822799834706180344e-01 2.733101898692456566e-01 -2.768365901483403335e-01 -2.752055300084463862e-01 2.877922105778247253e-01 1.740625845094362079e-01 2.291926968217727623e-01 -1.333899676784335887e-02 -1.881819256372795415e-02 4.389778407551841455e-01 1.974633072170481896e-01 1.332661111541755539e-01 -1.000259721267173774e-01 -1.483184802158668200e-02 7.346959001068152639e-02 1.064888779377105715e-01 1.266704669029479480e-01 -6.378847495562826875e-02 -9.961213725838030664e-02 2.908500185309715880e-01 3.206849324273995938e-01 5.483276675500516895e-01 6.555067223487048844e-01 8.719278364189864128e-02 -2.659584762069172256e-02 -2.869527177743124158e-01 2.789234537297500052e-02 1.427784033390800955e-01 2.104817639617717895e-01 -1.624345409720442668e-01 2.516222950616363585e-01 3.666500712198257905e-01 2.349548932480467756e-01 4.450372547904524190e-01 1.036611007136523238e-01 4.042282174876729584e-01 3.783815718707850273e-01 3.322372674443708207e-01 2.803724560424746826e-01 3.331418209711703993e-01 6.495780575724621753e-02 -9.182022784544070781e-02 3.285975207317910485e-01 7.111940779993347617e-02 -1.934691961882865907e-01 1.649056783410163818e-01 2.017178677868414760e-01 5.186957393565645447e-01 5.311275645772796095e-01 3.186709638964453917e-01 3.253895426417247605e-01 3.260285886339435446e-02 1.118774013247399030e-01 1.553238410391856172e-01 1.459643015570684654e-01 8.333115417989450657e-02 3.024829572991391199e-02 -1.678816206744227768e-01 7.960666893641510367e-02 -2.092005266733290292e-01 6.907329852719219787e-02 1.868954392291693467e-01 2.000359700811067398e-01 5.704863460648618926e-05 4.166464320960500123e-02
5.859468790347552997e-02 1.521044556412899651e-01 -1.217078091836422404e-01 5.091806092769709524e-01 2.832002364549726092e-01 5.170917293843426688e-01 2.726817969331785801e-02 -5.944325133078864898e-02 1.864605550954638313e-01 1.000000000000000000e+00 3.799355072027350566e-01 -9.618482181180296187e-02 -1.853347597052110163e-01 1.671014663550855206e-01 -7.950585556391683018e-02 2.181502481290295559e-01 5.396989047070378451e-03 -1.803090762694455895e-01 -1.480926072205403787e-01 -4.175465351146242510e-01 -1.198610548189094765e-02 -2.213861960587185373e-01 1.608552217311861043e-01 -1.326185587769088681e-01 5.491940609787426819e-01 6.281305570594616361e-01 -1.329785444564595132e-01 -3.571114308165318496e-01 -3.276514964170022109e-02 -1.896694380906876337e-02 1.072617384466541257e-01 -5.016262195924039297e-02 -4.494441165067154798e-02 -1.810024044911268393e-01 -1.110716660136943784e-01 -2.358631574749670556e-01 -1.127510623568978992e-01 -1.291949920714577545e-02 -3.795217841772384748e-01 1.784437926759157855e-01 -2.569409393259442509e-01 -4.253847533620286891e-01 -3.727111336969812228e-01 -1.558923553770763248e-01 -1.382214847423036963e-01 -1.025845303110830831e-01 -2.629598701105122921e-02 -1.549655363677429967e-02 -2.671600582171276828e-01 -4.441506271613691048e-01 9.434085586236443111e-02 -1.548250775606543339e-01 1.823606116621107054e-01 -5.679145448051585721e-01 3.752426074090298158e-01 3.926396129518829325e-01 9.022791275088987151e-02 -6.757342433034772833e-02 7.811613656055473864e-01 5.356703637037560917e-01 3.929120892296121270e-01 -2.156749643717960352e-01 -3.133919161160061972e-02 1.448046040773053877e-01 -1.391742702679295007e-01 6.201388223850456266e-02 1.374367567779520571e-01 -1.467883248429441290e-01 -3.857759483774104992e-02 -1.018495860117856755e-01 1.013551751031086523e-01 1.452986634037303597e-02 2.662366189777015668e-01 8.388067754744517324e-02 6.002755981853542533e-01 4.891995156885139417e-01 -5.946502873867467315e-02 1.127235147907709178e-01 9.295729362396901174e-02 9.863091285503979011e-03 -2.060382408500443241e-01 -1.734515610260048690e-01 8.419111483408267538e-02 1.694749836315032343e-01 -4.405155404638975980e-02 1.530450793204525366e-02 -4.012335202393109423e-02 -3.413397901753083552e-01 -2.314892235230872897e-01 -4.635070255435489450e-01 2.044683881544071269e-01 5.432736650794420807e-01 -1.962610879571092745e-02 -3.243662278326785442e-01 -8.031356890956996286e-02 -1.532608309755929647e-02 -1.046610944258771630e-01 3.986546849647300272e-02 1.014329959192236674e-01 -9.290153260540590097e-02
7.724656301527421665e-02 -1.647686736665724891e-02 -7.894551773900226888e-02 1.827558583888563501e-02 -2.461724276141148415e-01 5.142236846647282311e-01 -2.554858359499743645e-02 1.033290752858282840e-01 2.591896583549566091e-01 3.799355072027350566e-01 1.000000000000000000e+00 3.656214780307525669e-01 3.335821174659994032e-02 7.429147100995410480e-02 4.368980311755069068e-02 -1.024820867984587991e-01 1.649583110165583899e-01 2.878410229790271963e-03 4.013409712223627024e-02 -2.199291989762108823e-02 -6.453893372992394739e-02 1.240076460346509479e-01 7.822590240090829261e-02 2.551351892931141840e-01 2.463608270988120255e-02 4.794923111780373115e-01 -6.164894534009101451e-03 2.467154641088875264e-02 1.650138042147519801e-01 4.215096620325538279e-02 4.895895018856000203e-01 -3.740098820566395421e-01 -1.785289308225371241e-01 -1.444976834793597620e-01 6.552896047990498796e-02 1.002737598729402796e-01 5.064877356363511191e-02 -1.708530764086303548e-03 -2.584306079265346057e-01 3.381980059015183282e-01 2.039535745953171761e-02 1.268687930493568317e-01 -9.263061182902064539e-02 1.349996164495264606e-01 1.145392613697721607e-01 7.822912851465432457e-03 9.081889363738909968e-08 3.870914272942862361e-02 8.325704704786054955e-02 -1.002953434439093350e-01 6.604914806266515281e-02 5.136628859569074973e-02 2.058872089682328155e-01 -3.312281903901836966e-01 4.537132952769468708e-01 2.886670668936606177e-01 1.555966475466356858e-01 9.242486876085033443e-02 3.380394902679905722e-01 3.949252024321082688e-01 3.180269430297743560e-01 1.272378837681470420e-02 -1.728778065460110508e-02 6.435934710344153042e-02 -1.474333515970700226e-01 1.012713199175003104e-01 2.269579285627404130e-01 -5.126207209484619221e-02 -1.509726538270515610e-02 -6.733312308188799111e-02 -3.186514187533220910e-02 3.227572314410619980e-01 1.773405226781264998e-01 8.799679886123766559e-02 4.801333681891105098e-01 3.435563858667534665e-01 -3.013272838534776336e-03 1.328744481757028195e-01 3.199776308538061498e-01 1.541256770444783021e-02 -2.142268968576522825e-01 -1.673238901821695879e-01 2.543515997294958919e-01 2.987886986172077486e-01 -6.439060693309025564e-03 -4.609857025202902803e-02 2.964910048812460439e-02 -2.102012465380059120e-02 -6.986507739974660413e-04 -8.400282644253967423e-02 1.089694260189625757e-01 6.938699487071389727e-02 1.097409196649321156e-01 1.431746755770415269e-01 1.066644335182751896e-01 1.915066855278493851e-01 -2.770903460143910729e-02 -3.022696432366028113e-02 2.134857009512691195e-01 6.016881469018150325e-02
7.500514638539156065e-02 -2.243415464739431930e-01 -1.972840727734428423e-01 -3.658358078635136068e-01 -5.003991803279361772e-01 2.422163419832885356e-01 6.796293000659679728e-02 2.942349380240416035e-01 2.764141768150747969e-01 -9.618482181180296187e-02 3.656214780307525669e-01 1.000000000000000000e+00 7.432176402220150302e-02 -1.435586852994410745e-01 3.104118782103874041e-01 -1.044756434966026964e-01 6.474041276240929954e-02 2.447795063444502262e-01 2.702546002173532025e-01 3.495920938962917557e-01 1.436024622267328965e-01 3.543649557907154191e-01 -1.073520087672659024e-01 4.098166210591541736e-01 -4.720580489874214303e-01 7.550650180578220849e-02 1.115142820355994602e-01 2.437902077306271509e-01 2.506829099103671799e-01 -2.201405811957967418e-01 4.949896625685570317e-01 -5.166101805258561663e-01 -3.138875168475224048e-02 6.613033462908088529e-03 6.545159216142015790e-02 2.918732031431197083e-01 1.548029306665712479e-01 -1.789616121655353831e-01 -1.772544952611448399e-01 2.276082827948553433e-01 2.374001265886258386e-02 5.837222563764071781e-01 2.982940533378834400e-02 2.536641048273345911e-01 3.430878633069129324e-01 -7.439871541142437095e-02 -1.628781211573795684e-01 9.454909781949674685e-02 2.510189137764092249e-01 8.127881616284139688e-02 6.388572655307656056e-02 1.235136312892342464e-01 1.598552200567881498e-01 1.054660011352901439e-01 1.521569840797013518e-01 4.664434597679902039e-02 1.951625986502075194e-01 4.329730812367080794e-01 -1.185717068962272303e-01 -1.161334208102901555e-01 4.898380725425416360e-02 1.425651710274579709e-01 -3.364405882164193257e-02 -1.318354333392331712e-01 1.681205639626179305e-01 -9.876306038421694966e-02 3.543505719626925399e-01 -3.004364182693807298e-02 -3.706557957849224150e-02 2.746230242666530819e-01 -1.635974380062673039e-01 3.312148382882810771e-01 -1.121605451163146076e-02 2.951968640123188159e-01 2.594793150057989398e-02 2.334564354607686631e-01 2.672897512981466939e-01 -4.443463505805545638e-02 3.172251615779139722e-01 6.283987625063612581e-02 -8.599181128932235907e-02 -2.924692241111964599e-03 3.811155489880268532e-01 1.109590311370765719e-01 1.493489312947074710e-01 -1.030762031918223270e-02 1.418900616907688150e-01 3.718803420897703327e-01 2.971548158977334042e-01 1.886726118075573722e-01 4.453641505824088020e-02 -4.049938517744625655e-01 2.660829125081569102e-01 6.305227670816438978e-01 2.012595726214456981e-01 4.434418690687539355e-01 6.577072858684011869e-02 -9.559934417656837380e-02 1.468487147677561555e-01 1.397880765809434711e-01
-8.928397111931933583e-03 -9.082053542236701027e-02 2.425449658125395369e-01 -3.257494727932586098e-01 -1.659417134012814710e-01 -1.870036800585252457e-01 2.173203538032923710e-01 2.327740087139562875e-01 1.401059631778189540e-01 -1.853347597052110163e-01 3.335821174659994032e-02 7.432176402220150302e-02 1.000000000000000000e+00 4.049732668359706245e-01 2.722501446952442228e-01 -1.252759579068203344e-01 5.606802604825685821e-01 1.427835055025317712e-01 1.194748794964540645e-01 9.874426787109363834e-02 8.311013692674799891e-02 5.018262485830226050e-01 3.577457235665058022e-01 2.563210941556796629e-01 -1.181313316732721524e-01 -1.031240121558396061e-01 4.343347769104595746e-01 4.559772233060179203e-01 2.429082798243804020e-01 4.301969358594464610e-01 3.061163056608640423e-02 6.391504559880636926e-02 -1.507485898207917008e-01 3.565199819001531600e-01 4.407464794879556447e-01 1.210368696438885450e-01 3.251138939747629797e-01 2.047346537644858522e-01 2.372383622249965296e-01 -5.322576877484472974e-02 1.593844195587982848e-01 1.787821650285044695e-01 3.452219989450180382e-01 1.255974462793348900e-01 2.284134004944277374e-01 2.694179142212102529e-01 3.046924632281039491e-01 1.593477325540906542e-01 1.924742821522268943e-01 4.118229193360173346e-01 -2.307009832596660093e-01 1.726057176103522606e-01 -2.096956232023927669e-01 9.354606501958835640e-02 -1.559285102803354417e-01 4.835669335545278447e-02 7.408520279412661447e-02 8.206218283101948674e-02 -2.699308167904900801e-01 -1.062259125309662489e-01 -1.152264196577322958e-01 6.411439760150252631e-01 4.989056342290862922e-01 3.805056898640625240e-01 7.738170164745755697e-02 2.839381571815852712e-01 -1.066002278844296013e-02 4.959137294886248881e-01 3.371286038993908107e-01 8.141150645956744814e-02 2.005016484497967877e-01 5.232817251452623886e-01 3.078286217225943422e-01 -6.864286669634493687e-02 2.979752872541998818e-02 -1.151739234286165009e-01 1.623725977016314825e-01 4.000511833918020121e-01 6.194318865897888160e-02 -2.058979412446883261e-01 2.478345021799137349e-01 1.360652602449533288e-01 1.545548501689640031e-01 2.728460465813805635e-01 3.186311842748121848e-01 3.082377918488241608e-01 1.429158246206859162e-01 1.693223792364785263e-01 9.017234297084261718e-02 2.433979829370724601e-01 -2.898143166045999974e-01 -2.644799384754466520e-01 6.492516281884690328e-03 -2.141651532529230406e-02 8.345671125012543712e-02 4.373841147767095622e-02 2.459651293798171823e-01 6.172785245531639542e-02 -5.734800900477433905e-02 3.444996407323978882e-02
6.323943378277152583e-02 8.138563244876353964e-02 3.692243489328781436e-01 -5.871405676651871020e-02 1.824330665444155453e-01 -8.759738190378446587e-02 2.834323841506597441e-01 1.701402341307837740e-01 1.816593238393759691e-01 1.671014663550855206e-01 7.429147100995410480e-02 -1.435586852994410745e-01 4.049732668359706245e-01 1.000000000000000000e+00 4.042176608925178161e-01 2.233402772383363821e-02 3.495564893719532717e-01 8.741203555240131817e-02 8.820126041679225704e-02 -5.760183355404760452e-02 3.126330976021510222e-01 1.942455343997541994e-01 5.698570977948510530e-01 1.847461690661499900e-01 2.151952858122507251e-01 8.336193144795295273e-02 3.558914589989937149e-01 2.153622150261575441e-01 3.370902819240078618e-01 4.074722592480564121e-01 -2.485425826442226871e-01 2.473065817383760800e-01 -2.884654386057539099e-01 2.472654027068139637e-01 2.728308863499636638e-01 6.639601984138873703e-02 3.446186352204991254e-01 1.494529516876712538e-01 5.809927730322751727e-02 -7.626651948186959074e-02 4.644778877788632854e-02 -1.727637752753077294e-01 1.400182098389645691e-01 4.195395054450460834e-03 2.749807013614482404e-02 3.197349201731010115e-01 4.162028160928364362e-01 1.868250294697598735e-01 1.502586860892487775e-01 2.021179565592333971e-01 -2.198141073705278947e-01 1.711369838294692081e-01 -2.177071090577519519e-01 -9.588388793944355171e-02 1.122941606762723529e-03 3.032680698356024496e-01 1.137589275746555134e-01 9.369716666377016223e-03 7.433801038612432299e-02 1.480858072810693205e-01 -9.618232538264540055e-02 2.978153260162436644e-01 5.518415802750032961e-01 6.258805491389841658e-01 1.893562252318151118e-01 5.549533835692735950e-01 5.387598036453871558e-02 4.609254683983175505e-01 4.244232195379389894e-01 2.272305453007281151e-02 4.926265305021794161e-01 2.545047220710683344e-01 5.576150196538217640e-01 -2.587144975285635140e-02 2.704130004702468559e-01 8.364251541208990448e-02 1.635822101855677613e-01 5.444546655283384329e-01 -1.997165800001255986e-01 -1.388554738714632975e-01 3.713937345652921218e-01 1.325019072034085699e-01 7.954498698843998072e-02 2.642984667102276641e-01 3.615375962695124845e-01 3.929836188854264334e-01 2.246804230262570978e-01 -2.552506576447591269e-02 4.294203529037103617e-02 -3.643121547495331569e-02 -2.657642351045791385e-01 9.735062476607231341e-02 -2.064907065669471797e-01 -3.227608152634584004e-01 -5.075406717757527386e-02 -9.938427681269169922e-02 2.567560816925995026e-01 2.930682892588524768e-01 8.097081741800872534e-02 6.097580440256776535e-02
-1.836509209541365914e-02 -1.046622434585882389e-01 5.467157156349838898e-02 -3.588507846727325146e-01 -1.827085677567256705e-01 -1.187234877535551236e-01 3.165938099024173114e-01 2.012226226622097769e-01 1.466689630677524558e-01 -7.950585556391683018e-02 4.368980311755069068e-02 3.104118782103874041e-01 2.722501446952442228e-01 4.042176608925178161e-01 1.000000000000000000e+00 -2.543030141016843979e-02 3.574966734729834728e-01 2.997557179112847470e-01 4.158778244105797994e-01 3.003579097778577567e-01 5.496601129832258126e-01 4.122078664078595023e-01 1.965236819707864291e-01 4.172099735659883235e-01 -1.651935097789808127e-01 -8.054294645913623318e-02 3.098247370008894164e-01 4.019009119975965882e-01 4.387835166103974394e-01 4.809183420562621047e-02 -1.487971601183504800e-02 -7.030201530994693859e-02 -2.202923137627075534e-01 3.502457654752130223e-01 2.703487402664045969e-01 9.722416353861233762e-02 3.376403875296238866e-01 -1.606856553499064200e-01 -1.062287554349696239e-01 -5.581652413592576301e-02 -5.322886367945628416e-02 2.525087537328568055e-01 7.493123585066716053e-02 1.091405017719042636e-01 1.621607870337928303e-01 1.857074741085326663e-01 5.338090853596790669e-02 2.493258481708843788e-01 1.435107491715763017e-01 2.509647783762115614e-01 -6.854678711637446353e-02 1.402792590411291729e-01 -4.508537646240419472e-02 2.647921744014626322e-01 -9.328032578058539914e-02 6.344078551032782121e-02 3.961917410561941605e-02 1.873288112354089541e-01 -1.538882626766014117e-01 -6.408332049092754779e-02 -1.472896456619250116e-01 2.914765447797633136e-01 2.692095224334550840e-01 3.302861149731824986e-01 4.782809427110088496e-01 3.781130862258059722e-01 3.125441209590600344e-01 3.900912769483219078e-01 2.784810890052979437e-01 4.523087571239556293e-01 3.680002987151479443e-01 2.871153931798934855e-01 3.504269237770099021e-01 8.481296924816107696e-02 9.196064041442754411e-02 7.989898782548110479e-02 4.178942493344949827e-01 2.720344546906633965e-01 -3.912623462909376251e-03 -1.575387310676784614e-01 3.593429541792269588e-01 2.065729001022286182e-01 2.166876886713433037e-01 2.620655994729869653e-01 4.695415974460149244e-01 3.033424578257372661e-01 2.414335140250025991e-01 3.524855258101072253e-01 2.357827183977571628e-01 1.629364684489819914e-01 -5.591734139565052858e-02 -2.035365667978058790e-01 -2.029919559638997464e-02 1.694755969747382962e-01 9.909966444646431394e-02 8.540176432311778754e-02 3.464779852409070049e-01 1.991407044890081413e-01 5.836765026580423288e-02 1.496272322645563202e-01
