1.000000000000000000e+00 4.444400758523703310e-01 5.385115545061366360e-01 -4.230648916593564013e-01 3.910246937739416673e-01 1.930387479628529468e-01 6.636199781098377215e-02 -7.704948662003667514e-02 -1.475458196986411674e-01 8.228694712189719984e-02 3.534946614475161231e-01 3.038681974234945793e-01 -1.956576459422124381e-01 -2.117377260749401524e-01 -1.523511102754008806e-01 3.798031827725968368e-01 -3.380164290121557280e-01 -2.446513041295481639e-01 -3.066561978625868545e-01 -1.672701589446070614e-01 -4.492919052062876312e-02 -2.734079319207097791e-01 -1.563584414773445952e-01 1.103252715289959746e-01 4.601226308087651429e-01 2.792830978598070946e-01 -2.645870450408379093e-01 -2.201788083267506024e-01 -1.784056660200981914e-01 -1.970267058857500531e-01 -4.244070661007444123e-01 4.605482900628536380e-01 -2.365461498486660236e-02 -2.033279081399986254e-01 -1.712056797714354706e-01 5.929396058850753236e-03 -2.260519495162357506e-01 1.497769656345446510e-01 -9.117671826134784996e-02 8.813750459068862841e-02 -7.723925255297291181e-02 -1.904191554118010998e-01 -1.670227861406651526e-01 1.690079341892755105e-01 -2.102855986205728056e-01 -1.079666738623684952e-01 -2.683154252799641593e-01 -1.836212798019016545e-01 1.579451483986905880e-01 -8.793649417229380816e-02 4.709541872021122955e-01 -8.852274010981553420e-02 -4.112625825382109079e-01 5.393503061012911992e-01 -2.609628592958805893e-01 4.376246990339033860e-01 -4.290682710939023453e-02 -2.392074333815229215e-01 2.313576469266760971e-01 1.903248096991758953e-01 2.097194452594281777e-01 -2.681107528202971713e-01 -2.162738042135571026e-01 -8.296350709354402553e-02 2.975493661776161709e-03 -2.323284183545117343e-01 8.045676613267734034e-02 -1.811161342590559553e-01 -1.243524995727493671e-01 -6.059140066634684935e-03 -4.891445789325833682e-02 -2.983762197411895523e-01 -2.293343139294262423e-01 2.323940290037857653e-02 -1.077120344727623864e-02 3.259032155773310957e-01 -3.360092317740635132e-02 -1.243191436775986092e-01 2.788000496003933404e-01 2.672246538248706504e-01 -9.100833683155043485e-02 -1.669878116587231176e-01 -2.225709388950517231e-01 -3.399489236638414402e-01 -1.308457022808709458e-01 -2.454333979276608069e-01 -8.047684465656212982e-02 -1.195642597254207573e-01 -9.704918154490017879e-02 -2.100522852213815850e-01 -4.765479333556942726e-02 5.109041628376388422e-01 2.285763514969960455e-02 -6.198255631170979107e-02 -3.960138336520370450e-02 1.846006546965057171e-01 -4.442736731124646149e-02 -1.414860364849649665e-01 9.687447073858768132e-02 -1.084864544429816995e-02
4.444400758523703310e-01 1.000000000000000000e+00 6.157273334268398290e-01 -4.203732665588238437e-01 6.493808326121498498e-01 3.190887837771937963e-01 -8.522952400089116656e-03 -1.268372621183448956e-01 -3.802718306226566397e-02 -1.958499479868871240e-01 1.526214171567633060e-01 3.525017637218255118e-01 -2.038464929731895747e-01 -2.669055392611729624e-02 4.536659050288305989e-02 1.090486629041040739e-01 -4.466056746730961979e-01 -2.901497177744433165e-01 -3.397785561958805434e-01 -2.710956426522697638e-01 1.462748024442866723e-01 -3.109276774998248061e-01 8.775332711072679481e-02 4.683300017666282983e-02 1.855212894074174945e-01 2.846841227074984326e-01 -2.072814426175494662e-01 -2.949472567624372155e-01 -1.838687965745471053e-01 -8.402074881167861595e-03 -3.729506035411203069e-01 1.490211252959286192e-01 -1.295164650604885559e-01 -4.138043512940183244e-01 -3.246473063237175216e-01 -2.543834375489658628e-01 -3.798588247589757549e-01 -2.692771148068247647e-02 -1.922649068528085592e-01 8.798051154654051853e-02 -2.679549461843555025e-01 -1.036267698992300590e-01 -1.263569129390035573e-01 -4.111761384796264879e-02 -3.777871257056953369e-01 -3.334724653645208814e-02 -1.362682463240441066e-01 -2.870828506224401555e-01 -1.347051815262445273e-01 -2.264891403195985475e-01 3.892076081283544209e-01 3.033853524014396008e-01 -4.034215821149379488e-01 6.594509672278781043e-01 -4.014722494546269643e-02 5.200858499206700847e-01 -2.112354854257412762e-01 -1.545404358454724736e-01 -2.266891125143292648e-02 3.516804077756618963e-02 2.293748216852769806e-01 -3.084513518076976157e-01 -1.164200073798954127e-01 7.067633919883288540e-02 1.606268678980223297e-01 -9.650393437246948536e-02 -1.209818543345499153e-01 -3.521141256559280897e-01 -1.166860979619639277e-01 -7.773254203284940544e-02 3.693741353303865022e-02 -3.337108162312281689e-01 -7.285786987343317866e-02 2.209208714878886648e-02 -3.305447978475553605e-02 2.612522558824585395e-01 1.912993224194430367e-02 9.634999887846450173e-02 3.772184683213469780e-02 2.052344594967913383e-01 -2.621866829279270728e-02 -3.778031511134145592e-01 -8.488626569438759151e-02 -3.693091580850735300e-01 1.413539713925022479e-01 -2.215778529539891295e-01 -2.866902279654787722e-01 -3.097283266551771330e-01 -3.311740741669217947e-01 -4.281441079930990434e-01 -2.557162291112118901e-01 3.812187211349385985e-01 -1.381286420239208057e-01 -1.879510271773577046e-01 4.798184509804235415e-02 -1.606928575351625477e-01 -2.544135086816932956e-02 -3.380792196381388615e-01 -1.336584157984669896e-01 -2.074504853584185626e-01
5.385115545061366360e-01 6.157273334268398290e-01 1.000000000000000000e+00 -4.865646643606416633e-01 5.337752454603688079e-01 3.932509281251332367e-01 1.721992126379245092e-01 -1.809110164405105386e-02 -4.128816215966032988e-02 1.822051560997414443e-01 5.483490695027690709e-01 5.347359546582445278e-01 -1.617927102931044081e-01 -1.767843695307407259e-01 3.738777927062569839e-02 3.549456023144845207e-01 -3.210225512175537976e-01 -2.473004632367217515e-01 -3.175763823873473668e-01 -2.405282531631384169e-01 4.208683725764217343e-02 -2.195635953227206838e-01 -1.026531082541237150e-01 2.953977942839166038e-01 5.447164390158828473e-01 5.118480881341470612e-01 -2.569386830466623972e-01 -1.817914470504051749e-01 -1.272171025189277327e-01 -2.058378910107357407e-01 -4.517401145138895679e-01 3.554004997200222449e-01 -1.345578008660166525e-01 -3.392550480515260647e-01 -2.104311557741765648e-01 -7.220223099866573957e-02 -2.084390043376552482e-01 -3.372936965161255074e-02 -8.051463609044154368e-02 1.877346464368590262e-01 -1.796666280061496312e-01 -3.573975805570903663e-01 -4.075341572206862134e-02 1.840833446152000119e-01 -2.441412399930184274e-01 -1.519727446522700365e-01 -3.033135944095443626e-01 -3.825158536511938934e-01 1.864224590087969757e-01 -1.696724087589480401e-01 2.296843728328270828e-01 1.208660528967206022e-01 -4.962752664647791523e-01 5.860331127535447493e-01 -3.073470060587940589e-01 6.597049109797116229e-01 -1.024795960683533846e-01 -2.780565155693989210e-01 4.247907636284062871e-01 4.335061456490783005e-01 4.836748487104514105e-01 -2.904608409794631196e-01 -2.384447219652753303e-01 -7.099638589163262403e-02 4.893853062558092132e-02 -1.926526846200185550e-01 8.416796532105526307e-02 -3.156495758841476595e-01 -2.032252562994607548e-01 -7.102091620191565424e-02 -3.369775003820855985e-02 -3.376528592759712732e-01 -3.283107725884329420e-01 2.307065847396042590e-01 1.879233597235377695e-01 4.590286883284977471e-01 2.447513745229023402e-02 -1.124378275132712109e-02 7.033863524395093936e-02 5.338903758823279611e-02 -3.934366452403405962e-02 -3.114670171175212832e-01 4.252616003626524116e-02 -2.693113439609351456e-01 -7.878334404693913828e-02 -2.761409714578959007e-01 -1.484493393904213511e-02 -1.467083325383036208e-01 -1.770268143577720943e-01 -2.753680568557680397e-01 -1.992641918692012459e-01 5.388520953763247245e-01 1.332191858005842555e-01 -4.173694590154963802e-02 2.344458103799744453e-01 4.186164388544481169e-02 -1.112750987348794934e-01 -4.018899750450755648e-01 1.047550297325395702e-01 -1.485968735793030127e-01
-4.230648916593564013e-01 -4.203732665588238437e-01 -4.865646643606416633e-01 1.000000000000000000e+00 -3.914817379647289597e-01 -2.911800264703562346e-01 2.132746267391951167e-01 2.914338157751073521e-01 3.409724814141440463e-02 1.126935534873823586e-01 -1.825046895141195502e-01 -3.172413686114594622e-01 1.033769301572834143e-01 3.698296537633719017e-02 8.306908491674164230e-02 -1.395221557905115539e-01 3.018304271408739359e-01 1.610707827047370699e-01 2.044605400260408601e-01 -3.063205185441944881e-02 7.039786957253540978e-02 1.838258138641582773e-01 3.583130628163971182e-02 -9.149388735762270172e-03 -2.205133385760548737e-01 -1.882072030469585100e-01 1.103207486253411640e-01 1.219457019338938825e-01 1.077289830567673273e-01 1.921786797434567595e-01 1.635578282881165468e-01 -1.003291869043006768e-01 2.803125301378114539e-02 2.764483288046183998e-02 -2.119659963915043049e-02 -2.141489201057154568e-01 -4.785046749519793891e-02 -1.711047265249534266e-01 -2.553503099026931816e-02 -2.932783438956240163e-01 -2.147986970828791031e-01 8.987146393057626748e-02 -1.017341896720841410e-01 -3.174046593197795141e-01 1.237357431780352901e-01 -2.872329338490672290e-01 -3.791826119214553037e-02 -2.977921501611768482e-02 -2.014051166931828118e-01 -2.408187828715166456e-01 -3.177682666057881078e-01 -5.677220031645603682e-02 5.011730226302770763e-01 -3.494959690391941098e-01 7.425748475784307856e-02 -5.148761250282358759e-01 2.952664730462885578e-01 1.695606980362429905e-01 -6.958402245539417608e-02 -1.515468827671350993e-01 -2.612969259971823499e-01 2.036070875926117019e-01 1.794371029390342542e-01 9.125201844609087676e-02 -2.029625213884760429e-02 1.966380377092358800e-01 1.723896142313059987e-01 2.806523771261438815e-01 1.182834612040041811e-01 4.688010713841551935e-02 3.491977887877996400e-02 3.756303362038780347e-01 2.319813137367908173e-01 1.620491200876341131e-01 1.408135781025623146e-01 -1.557657186553853546e-01 1.187765241443751452e-01 1.224144069687473912e-01 -1.772538764937347522e-01 -2.682959389515383597e-01 1.754579720354122463e-01 -2.301989128345185640e-02 5.611925569559945287e-02 2.930320186854116771e-01 1.042438204315732503e-01 4.771882420183903156e-02 -1.001548031317850002e-01 1.002942927374602666e-01 -1.369190341429727398e-01 1.841032271136850695e-01 3.274974320071926542e-02 -4.566020347761639009e-01 -2.139357695565074352e-02 -1.448768176841947614e-02 4.634841710602554885e-03 -2.951662883511796398e-01 -2.665457398256844135e-01 8.004721054614201414e-03 -2.288500073622617148e-01 -2.335124586990737217e-01
3.910246937739416673e-01 6.493808326121498498e-01 5.337752454603688079e-01 -3.914817379647289597e-01 1.000000000000000000e+00 5.299807411413793856e-01 -1.175467296804548478e-01 -1.872615635998512162e-01 2.549107173146338834e-01 -7.889512671102583141e-02 1.522562422138980520e-01 2.798112252076699336e-01 -1.978949219538205517e-01 -7.889417454837656385e-02 3.148431671230730866e-02 5.267051550710899477e-02 -3.910691486502398950e-01 -4.324579389243434213e-01 -2.957777533712931395e-01 -2.876872734378091434e-01 7.780378986716757206e-02 -1.566008549549340045e-01 3.387167993445093939e-03 1.257553333883747737e-01 2.393359375823458368e-01 2.404935522865379871e-01 -1.775065884259428017e-01 -1.914146896050371027e-01 -1.434160764130048837e-01 1.894003570165947014e-03 -3.266898339817707608e-01 1.148344909776338185e-01 -4.168188829079019775e-02 -2.614623784492348113e-01 -1.482330415535225432e-01 -1.346945262781949204e-01 -1.671966726930703695e-01 7.230702893771287498e-02 -2.299359582591982767e-02 1.758700738258359153e-01 -1.593236939437236432e-01 -1.411840487070269157e-01 -4.193187021857374547e-02 -2.845640722565542444e-02 -3.540702748400497146e-01 1.536831984012985118e-02 -9.221678301065466821e-02 -2.746650684200108161e-01 -7.036477198373292108e-02 -1.062143031163640672e-01 2.606310072381757270e-01 2.727987984846640956e-01 -3.909496393800029335e-01 6.516070158909273990e-01 1.162348852249945330e-01 5.573662641688207353e-01 -2.775264754153238811e-01 3.122599995829790018e-02 4.544856801637672111e-02 8.517437063106857165e-02 1.403316396792928522e-01 -3.542330436008758188e-01 -1.609316291787371289e-01 -8.689744998560518241e-03 1.890262612217920302e-02 -1.227272904163722034e-01 -1.400424199248201662e-01 -2.922608440261107443e-01 -1.590545043997288743e-01 -1.830187493830753853e-01 -4.008181504429973729e-02 -2.720439359502310750e-01 -1.178873734723468319e-01 2.550222314442752991e-02 3.851595340928638811e-02 2.073268648310689910e-01 -1.715248657641129520e-02 1.786617280582847994e-02 -1.035547335812694314e-01 1.097921225671084217e-01 2.131656989099370639e-02 -2.662321857654762480e-01 -4.799680879729665423e-02 -2.746470385684551818e-01 6.190663102651591809e-02 -2.320767218192975601e-01 -1.257214431787469222e-01 -2.327783185913132324e-01 -2.734972746934952181e-01 -3.930453137518519213e-01 -2.740118362312717881e-01 3.027459677545843997e-01 -2.148402562551231521e-01 -1.689283613808072182e-01 2.352941582530218220e-02 -1.661854666397224456e-01 -1.454119852213724660e-02 -2.762089127113003251e-01 -4.740023794535030283e-02 -1.334405985888345303e-01
1.930387479628529468e-01 3.190887837771937963e-01 3.932509281251332367e-01 -2.911800264703562346e-01 5.299807411413793856e-01 1.000000000000000000e+00 -1.930007394782368713e-01 -1.706955492595418900e-01 4.442937202335855429e-01 -3.646459279905798351e-02 1.524233471026793518e-01 2.172237744470660870e-01 -6.589263258404087775e-02 4.603386472101748950e-02 1.346631626732313347e-01 -8.358195146550952137e-02 -7.926652865851470386e-02 -1.337147372811094692e-01 -1.742267797350022197e-03 -1.087959428364420646e-02 1.443793575773478499e-01 6.697928884618313539e-02 1.384900423585884444e-01 9.428378938501966525e-03 2.066019345383184880e-01 2.334653136458154088e-01 3.819872522124653780e-02 1.164871804277478780e-02 1.075571465690303291e-01 1.423992973085352887e-01 -1.583649839206745513e-01 4.959281474057062461e-02 -1.967265259886037676e-01 -1.527930280913926964e-01 6.664955166756501848e-02 2.502022031223384915e-02 -1.131528011140689200e-03 -1.655503164725120602e-01 -1.226414602020990258e-01 9.179724978506520472e-02 -3.493536181758436637e-02 -3.932368547854091928e-02 -3.591255828338826145e-02 4.177094340044986212e-03 -1.223052615892631922e-01 1.774209977488225634e-02 -5.778539440268459781e-02 -1.743610725056388977e-01 9.918794596666075103e-02 1.259678367005083975e-02 2.060709047109821612e-01 1.753512810081822026e-01 -2.967935418080343557e-01 3.174268779279251773e-01 2.357034884134152353e-01 4.583308140000850739e-01 -2.149063501655804065e-01 2.228898941080466045e-01 1.163627650311351847e-01 1.496223546739897936e-01 7.683331639613000252e-02 -1.113848905862023092e-01 -1.126386574728448775e-01 4.704167761225971911e-02 8.723721760134109382e-02 9.114910592779688903e-02 -2.307868086844996613e-01 -6.307257517840519911e-02 -3.035402080325912133e-02 1.799287921020367026e-02 1.134136050887151886e-01 -6.053231521976171203e-02 3.419684009739262440e-03 -4.473713900505556229e-02 3.813179941243018123e-02 8.420865933314343466e-02 1.704425657928547999e-01 1.916826851852721503e-01 -5.362393129385735480e-02 -8.661240069120638638e-03 -2.959121644793801659e-02 -4.650367178578564825e-02 2.144855159442083867e-02 -5.337182532533903817e-02 7.337122843618944235e-02 -7.566318818980240224e-02 7.960552657890772321e-03 -9.434752285230951774e-02 -6.781699714106356920e-03 -2.067659642397042807e-01 -2.084419717696018859e-01 1.754637549364495286e-01 -1.082541241143285399e-01 -4.136845323411697528e-02 3.731297309842561416e-02 -1.249598802258533314e-01 6.621360755824598487e-02 -1.624377583895116328e-01 1.559778531911372168e-01 3.415410771809454515e-02
6.636199781098377215e-02 -8.522952400089116656e-03 1.721992126379245092e-01 2.132746267391951167e-01 -1.175467296804548478e-01 -1.930007394782368713e-01 1.000000000000000000e+00 4.985270233277204199e-01 -9.886750237034085120e-02 3.656293161726684726e-01 2.050714123594920280e-01 3.107239092712305029e-01 1.241809904422547101e-01 3.835336303275404743e-03 2.123763026112848173e-01 3.631245328372836312e-01 2.353041043652521480e-01 1.572609762767541997e-01 -1.492950784906968247e-02 -2.263933109517438091e-01 2.487213613669636281e-01 1.033675890511364798e-01 5.439220421424077745e-02 4.012060854438792012e-01 2.020823056556195763e-01 2.745073527421959536e-01 -4.401860364868229181e-02 3.328427511699192515e-02 8.107620598304962622e-02 4.600096459255324007e-04 -1.028861412285867333e-01 1.656542387813812467e-01 -2.508400919387024919e-01 -1.635314732763134549e-01 -1.940338770044567895e-01 -2.884571428927268921e-01 -2.514084526566440214e-01 -2.760447080181411272e-01 -2.588716152630176071e-01 -1.693889609680497843e-01 -3.815918654073124916e-01 -1.266322007789481841e-01 -1.121612409157550228e-01 -1.923179864377033144e-01 -2.520483498921581231e-02 -5.006032706038741065e-01 -3.843267490634272865e-01 -4.281170516875502097e-01 -1.156328655412266482e-01 -4.294047791876094977e-01 6.286541749555909185e-03 -1.098610925390977738e-01 2.597240546583890475e-01 -7.111396679086805228e-02 -1.748524709755171769e-01 8.921063067947243228e-03 4.765132217818448535e-01 -4.343328822504961828e-02 3.094313340834176085e-01 1.974733791232308744e-01 2.626514247215342435e-01 5.230111760352825628e-02 1.542906039229561058e-02 1.343890807700353351e-01 1.633964057496800071e-01 1.003946121718966855e-01 5.600098087505710476e-01 1.192009647397616473e-01 5.576235548210547316e-02 1.331849974163444583e-01 1.333564968965109676e-01 2.322624136909168524e-01 -9.306730423743936678e-03 4.350265162385631434e-01 4.381488487787523756e-01 3.047120252920291761e-01 2.043544181592794329e-01 1.257423044354721853e-01 -2.754678887756574143e-02 -9.812431731475509955e-02 2.386603999531891340e-01 -3.842496229708201039e-01 -4.151506109417203022e-02 1.032411402675445372e-01 -6.486853220595818759e-02 -3.406214957530696030e-01 -1.340581344029737332e-01 3.528375839713710632e-02 -3.052471629951097887e-01 -4.978414692933339630e-03 -1.960133305293874084e-01 2.458541921295405094e-02 3.269844955090007305e-02 1.473729711278893651e-03 1.656679673787846974e-01 -1.668975681792222721e-01 -4.801261190989759009e-01 -3.409857363943497033e-01 -2.162364275544506054e-01 -4.005145685196873639e-01
-7.704948662003667514e-02 -1.268372621183448956e-01 -1.809110164405105386e-02 2.914338157751073521e-01 -1.872615635998512162e-01 -1.706955492595418900e-01 4.985270233277204199e-01 1.000000000000000000e+00 9.984305298199937229e-02 4.237701193937957744e-01 1.435865417336676664e-01 1.352010637932934134e-01 1.661842238158432183e-01 1.588381039466696953e-01 2.401003719642783377e-02 2.143785312850904692e-02 2.777800054983436961e-01 3.714599566396396546e-01 1.439074718207458692e-01 -1.368325220093097039e-01 -5.572028316562804839e-02 1.916542025529137105e-01 -7.684262636724308038e-02 2.170195577501943529e-01 4.095537813082137518e-02 1.112842113310752723e-01 8.972072992787108459e-02 1.091632656611213753e-01 -2.152239924975872607e-03 3.172604275451260114e-02 1.175817925125240138e-01 -2.117513827785153652e-02 -4.559816039873131055e-02 -7.962641874247491924e-02 3.787009669448778565e-02 -1.597737399419357496e-01 -5.265378003467725138e-02 -4.873948926259850933e-02 -9.558148857298210538e-03 -1.014688496119323657e-01 -2.940710340592500582e-01 -1.815930548750311485e-02 8.843261170318726661e-02 -6.759226039255190888e-02 1.857025347750567434e-01 -2.978067155137523181e-01 -1.320577668965766394e-01 -2.989106880755800777e-01 -1.222652328079966433e-01 -2.439026398612461066e-01 -1.710152158818621093e-01 -2.021138226546088587e-02 2.732836783423532312e-01 -2.180612478637224128e-01 -1.965812654493659731e-02 -9.353038300314912845e-02 5.473590630041091920e-01 1.691270532698115059e-01 2.473874829414798027e-01 1.495342950698702877e-01 1.721694329866144957e-01 1.393135079367447404e-01 1.537814243746011278e-01 3.501270901085529880e-02 1.863096505470598560e-02 1.717312412732387508e-02 2.942281107737114154e-01 1.781365074697914552e-01 -1.229253343418034439e-01 1.145616593246759352e-01 -9.045510122148175958e-02 1.979796967550916109e-01 -7.458847463874239414e-02 3.146909457836113977e-01 2.323880212364089204e-01 7.530352429505331180e-02 8.555770167609443033e-02 1.816102897733126026e-02 1.620596471138939162e-02 -1.441972291954902174e-01 9.691095427375633412e-04 -3.357726088477099857e-01 6.404468750906572305e-02 1.279634182463236514e-01 -6.340845216417473340e-02 -1.776369281460256910e-01 -1.823514916098440894e-02 9.339065648442416989e-02 -1.752349537610690955e-01 4.349302082652032990e-03 -1.519030877784713351e-01 -1.203855185755170754e-01 2.739817285719458109e-02 -3.875830414990168171e-02 6.180041701761795209e-02 -8.626517536641342687e-02 -4.240600815579913530e-01 -2.850450371683859729e-01 -1.776873884509808377e-01 -2.868548021008842097e-01
-1.475458196986411674e-01 -3.802718306226566397e-02 -4.128816215966032988e-02 3.409724814141440463e-02 2.549107173146338834e-01 4.442937202335855429e-01 -9.886750237034085120e-02 9.984305298199937229e-02 1.000000000000000000e+00 1.870349005144457746e-02 -1.716047548174391979e-01 -3.266773596868533663e-02 1.144131766694087560e-01 2.480682619917979892e-01 1.488583634132881472e-01 -3.125263781282249242e-01 1.523360455401760183e-01 5.477568243576384083e-02 2.167020350642900328e-01 1.185283290771492054e-01 1.183911660223144341e-01 3.053003336279974667e-01 2.148763347723597616e-01 -8.558755379286660595e-03 -2.008156407788078968e-01 -9.015078814916203942e-02 1.326280309987931116e-01 8.672196458903196070e-02 1.668871170276814697e-01 2.237137965143853324e-01 9.595354502605714375e-02 -2.754976383233589399e-01 -6.290624265411161320e-02 8.213616533261228203e-02 1.707900400022262788e-01 1.226739881180586023e-01 1.541832605852798410e-01 -1.540828872206018441e-01 -4.141472821373119034e-02 -8.247521710982860799e-02 4.602578685117379720e-02 1.066623637754822440e-01 3.063347264505311696e-02 -8.691162273003620597e-02 -3.443673636908840124e-02 7.630165856410293934e-02 1.150254986405757074e-01 3.254463715986234684e-02 3.051075430407726441e-02 1.840604508693025332e-01 -1.435118828165870830e-01 1.905640344990466306e-01 3.695258208144127504e-02 -5.153104418771816547e-02 4.572795890508813965e-01 1.885906381042769808e-01 -1.140661294321364261e-02 4.987431414444770117e-01 -1.143371176583275611e-01 -8.497279529137975740e-02 -1.507062426409597755e-01 5.201920019662455846e-02 9.384858296356370089e-02 9.934373899303070021e-02 9.704837687637392352e-02 1.951366419108558070e-01 -1.834440851726736044e-01 1.279657339680896344e-01 -2.674015502029527397e-02 1.062484344993254587e-01 5.933871053978663490e-02 1.426585549617891968e-01 1.331637046337367236e-01 -7.248164293407675929e-02 -4.051211646578163628e-02 -1.852709396345196824e-01 6.486649898009051729e-02 8.919470659118537703e-02 -2.615614449560834665e-01 -2.224603944260901134e-01 -6.282067624209804191e-02 5.401597521709406574e-02 -3.690511157309786777e-03 1.070991057076502682e-02 -3.645419828134685569e-02 -2.702691738939146104e-02 5.499175594125964989e-02 3.548656001264903492e-02 1.146829412795893899e-01 -3.861648428790472043e-02 -2.947005661804629195e-01 -2.036062209076072160e-01 -2.446376035015251915e-01 -1.356133624920499714e-01 -1.392373679741168990e-01 -1.663867997470962756e-01 -1.029974554562862465e-02 -4.392756595722534935e-02 1.092600277502751432e-01 1.147242096323486255e-01
8.228694712189719984e-02 -1.958499479868871240e-01 1.822051560997414443e-01 1.126935534873823586e-01 -7.889512671102583141e-02 -3.646459279905798351e-02 3.656293161726684726e-01 4.237701193937957744e-01 1.870349005144457746e-02 1.000000000000000000e+00 5.529095381055778580e-01 3.773526180115021611e-01 1.138228649381082674e-01 -2.251381498901033895e-01 6.247824609057178041e-02 2.481040451523827128e-01 1.461877011046082142e-01 5.567854029780516106e-02 -1.268240505606980095e-01 -1.785531905835615052e-01 -8.598198513514176966e-02 1.373424604261465898e-01 -2.511614352068639033e-01 4.712455703631509008e-01 4.546133359622007708e-01 4.536218672343456104e-01 1.254012478955106660e-02 2.868031516939433256e-01 3.365192405028635120e-02 -1.631783354216833071e-01 -8.557807317390353496e-02 2.246139150310705601e-01 1.900396494033203265e-02 -7.373437192016955855e-02 5.623421247076029750e-02 -1.883155537648175532e-02 6.087465260067054067e-03 1.255016220754311129e-02 4.798448917292606059e-02 -1.203492255931793917e-02 -2.112711811998316813e-01 -1.444609541795458529e-01 8.211114400835890781e-02 1.787294201388877068e-01 2.608118341433149356e-01 -4.676345966061685733e-01 -4.222546927355939061e-01 -2.912505034735279330e-01 2.496030497820890537e-01 -1.658398891323274171e-01 -1.282076681757655101e-01 -2.879517061902661657e-01 1.009546896915140823e-02 -1.878620471974885020e-01 -2.521167080119830484e-01 1.744743736620439911e-01 3.622265914687514132e-01 -3.586158824723263000e-02 6.427519375920791589e-01 5.441135820404044976e-01 3.792621546928498510e-01 2.614656229232121404e-02 -1.099312662583970014e-02 -1.170383626884761302e-01 -5.514508447378204531e-02 -7.335596334738252178e-02 4.898892405449030152e-01 8.537447884321722191e-02 -1.443619406831535834e-01 -3.683695871165861696e-02 -1.832868106266008490e-02 2.411491663183402689e-01 -2.069067604004733163e-01 5.529408763772303281e-01 5.334944796841941672e-01 4.497720155252967755e-01 1.657847705629451884e-01 1.911724235707727704e-02 1.015859656477993145e-01 -2.110734329200216197e-01 1.142654375716961324e-01 -1.932197792876738929e-01 9.403664233099233438e-02 2.859654600724495510e-01 -1.597222161320121236e-01 -2.467483434322040037e-01 1.356559656244871737e-01 3.708161424959882657e-01 -1.047413642027723510e-02 2.413530621535333875e-01 -8.669702126462511260e-02 1.038391445946983960e-01 2.000002267121789856e-01 1.139968675688539518e-01 2.353701564213489528e-01 1.453712255817667942e-01 -4.391144021631844252e-01 -1.762274443826467307e-01 1.432110733887641263e-01 -1.666483101852314908e-01
3.534946614475161231e-01 1.526214171567633060e-01 5.483490695027690709e-01 -1.825046895141195502e-01 1.522562422138980520e-01 1.524233471026793518e-01 2.050714123594920280e-01 1.435865417336676664e-01 -1.716047548174391979e-01 5.529095381055778580e-01 1.000000000000000000e+00 4.647208466987417519e-01 -1.551031472723195248e-01 -4.055157575541056825e-01 3.094606656969052516e-02 4.893130436465125688e-01 -1.542675117759152725e-01 -8.941007036032463939e-02 -2.723851157671172141e-01 -1.484313620962584013e-01 -1.659418804770367295e-01 -1.757990854094464983e-01 -3.251508288787639533e-01 3.742716250536385347e-01 6.891101095215182992e-01 6.271271554747405164e-01 -2.341680120100995410e-01 1.381165881601062184e-01 -7.827668041662010079e-03 -3.973777027693700670e-01 -3.713701298876372903e-01 4.568029849763736716e-01 -2.318182159448346422e-02 -1.944310614884684763e-01 -2.129199292581333142e-02 7.243777243283290590e-02 5.352376830427411566e-03 5.028148842530856533e-02 6.940145562076427410e-02 1.149607839242335200e-01 -8.607898226590431079e-02 -4.778558979508704119e-01 8.973058609747841530e-02 3.602736233071604510e-01 6.769449573192852510e-02 -2.977303963248299490e-01 -3.565420916365521498e-01 -3.427647405713197259e-01 4.450324544497937240e-01 -1.076037939441102514e-01 -1.613917032729674655e-02 -1.796754719729958261e-01 -3.269901983433699533e-01 2.513923808172753294e-01 -5.264051889252854277e-01 4.104854940577737921e-01 5.621366111798262871e-02 -3.213264477917955886e-01 7.293141835237151316e-01 7.437235041364638199e-01 6.017263198267275293e-01 -1.917463139577569031e-01 -3.645461062948857078e-01 -2.947031884058865514e-01 -1.923475065143769036e-01 -2.441375244156925861e-01 2.900098113081987505e-01 -1.931249937095831926e-01 -2.361954375130564387e-01 -1.617975554765839208e-01 -1.077619518931245274e-01 -1.596210482905471573e-01 -3.755612979585322697e-01 3.766121468191669930e-01 3.828664145948315056e-01 5.741022793474030994e-01 9.552615170588356353e-02 -7.430519477789465643e-02 1.630990244509597786e-01 -4.356738537099976577e-02 -6.433951136899009049e-02 -1.537649842046267812e-01 1.913151013927194277e-01 1.071371077642070679e-01 -1.915987797530515901e-01 -1.421605134931975267e-01 1.954983528705485363e-01 1.828483154292056267e-01 2.529621930060940369e-02 7.314163637378556793e-02 5.478368998995294947e-02 4.930890668831884871e-01 4.098079852331973361e-01 1.316235311232271943e-01 3.843457123946986131e-01 2.720918019825325773e-01 -1.882744164153256905e-01 -2.323458529461626121e-01 3.318739875383167615e-01 -8.444237408936919320e-02
3.038681974234945793e-01 3.525017637218255118e-01 5.347359546582445278e-01 -3.172413686114594622e-01 2.798112252076699336e-01 2.172237744470660870e-01 3.107239092712305029e-01 1.352010637932934134e-01 -3.266773596868533663e-02 3.773526180115021611e-01 4.647208466987417519e-01 1.000000000000000000e+00 1.901007190255598611e-01 3.694567720683765433e-02 2.681046784289160545e-01 1.569924862049254521e-01 -7.201278018578580187e-02 -1.260641965911093731e-01 -1.978442972081616569e-01 -2.522952757302668325e-01 2.096477876881153724e-01 1.426500163029260394e-02 3.148222587248141607e-02 4.424687387975735353e-01 3.687307629726037095e-01 5.025084499834119312e-01 -1.055071226974523546e-01 -7.224644453635471752e-02 1.527788727188284824e-02 -1.042931244756207659e-01 -2.555579663058914486e-01 1.360059791086386805e-01 -2.615321463440271055e-01 -3.637710872306235133e-01 -2.582904271865415491e-01 -1.676019377891141970e-01 -2.530727216622717379e-01 -1.984089731565208958e-01 -2.895132062326184474e-01 -2.312953197133296029e-02 -3.224947297822076675e-01 -1.198896588104049893e-01 -7.971591109927331220e-02 1.797883565304672984e-02 -1.622854599568482326e-01 -3.304989434921165037e-01 -4.329819655477575302e-01 -3.940492806372251078e-01 6.570729109219526631e-02 -2.392042764942778066e-01 1.846862693083131668e-01 1.048738846595602958e-01 -2.080480609990441876e-01 2.201057951952697933e-01 -9.359396707941149141e-02 4.086297245036141224e-01 1.288916045909748766e-02 -1.233194243060285744e-01 3.725666889594483333e-01 3.918408647793524824e-01 5.708656447466410322e-01 3.104497058007364002e-02 3.312993314538287964e-02 1.230129039813792347e-01 2.512639972108234310e-01 4.323296375961276083e-02 2.639323381538589142e-01 -1.287852297258857137e-01 -3.797691334364783344e-02 -5.954891594099369356e-02 1.170478215032910302e-01 1.333672885879214585e-02 -1.519824656885145064e-01 4.015790601430251905e-01 3.862398821219305556e-01 4.983290799626907686e-01 1.393470526325554792e-01 1.417125879469353367e-01 3.762040620301246308e-02 -3.638644064860238180e-03 1.066385518900674068e-01 -3.538725563765369730e-01 -3.277336592286958245e-03 -3.727137629915273226e-02 -5.677687150340935546e-02 -2.831356263206419865e-01 -4.968094720471811360e-02 -7.928792626214299644e-03 -1.521830664622176865e-01 -1.584233399919417196e-01 -2.690337752929227721e-01 3.276289525015258497e-01 5.499515202376399625e-02 -2.406169095394730673e-02 1.658000725231319750e-01 6.072658584433855353e-03 -2.539120834321035858e-01 -3.593415488209693587e-01 4.032859710473754231e-03 -1.728190930340018083e-01
-1.956576459422124381e-01 -2.038464929731895747e-01 -1.617927102931044081e-01 1.033769301572834143e-01 -1.978949219538205517e-01 -6.589263258404087775e-02 1.241809904422547101e-01 1.661842238158432183e-01 1.144131766694087560e-01 1.138228649381082674e-01 -1.551031472723195248e-01 1.901007190255598611e-01 1.000000000000000000e+00 4.051636808385513655e-01 2.884861584087901054e-01 -2.300797885537445575e-01 4.714335595624891684e-01 2.086838530185575191e-01 3.151949398906132571e-01 -9.060414746875226910e-02 2.242633455856143376e-01 5.492734117792421600e-01 2.044289195376377544e-01 1.649174317482900720e-01 -1.237879513233841738e-01 -2.979175559419990765e-02 2.836686853653457296e-01 1.868671976293530268e-01 3.409223698999587771e-01 3.537980758569940765e-01 2.708174322319366611e-01 -3.181094919985645864e-01 4.712593073935925775e-02 -3.156420691706798842e-02 9.739407212816868220e-02 -1.105844121110051009e-01 4.323550624683170085e-02 -1.642963914183125651e-01 -2.174510726437165198e-01 -2.291245581966843969e-01 -1.867717785073385317e-01 2.600668733021313517e-01 5.138505395977944340e-02 -2.387324948143413061e-01 1.737852245592127198e-01 -1.001359490906707783e-01 -9.449149653137461913e-02 -7.158088089041012014e-02 -1.584450086412018122e-01 -8.777589199767027450e-02 -1.085953355519943125e-01 6.134756679815357716e-02 2.261798522361264385e-01 -3.288277969475703055e-01 2.879473638807130698e-01 -1.201895669761737367e-01 4.460860276245030842e-02 1.247868025498907602e-01 -1.052154402986661408e-01 -1.792957375363059269e-01 4.819564219537584432e-02 6.445450551295160979e-01 6.649843450024967018e-01 3.548936634587384620e-01 2.041581854692896825e-01 3.126224263213174814e-01 1.671748464227077458e-01 3.828604921259795013e-01 1.741637403625221903e-01 1.067652202625938157e-01 1.850055130291891059e-01 4.773085194384779073e-01 1.005291739562745867e-01 7.794272204077891397e-02 1.220339380003852420e-01 -7.184105825057396366e-02 2.405083807581883948e-01 2.557696693671472343e-01 1.494053434783936506e-02 -3.723870112016244849e-02 1.734587687262411360e-01 -9.748611164432938181e-02 7.228134870764281461e-02 1.644349273858601856e-01 8.968271794646395789e-02 -1.124749526643632758e-01 7.297067764752875052e-02 1.252202208006240047e-01 -2.042351205209228665e-02 -4.394071252375088103e-03 -1.680755696960559986e-01 -2.532824017933997252e-01 -1.964473439006053368e-01 5.496807410603581773e-02 -4.949552493576738627e-02 -5.971135739388407082e-02 -8.865612187759773499e-02 -4.703434794362154614e-02 -1.986580741063985189e-01 -6.153409745160730304e-02
-2.117377260749401524e-01 -2.669055392611729624e-02 -1.767843695307407259e-01 3.698296537633719017e-02 -7.889417454837656385e-02 4.603386472101748950e-02 3.835336303275404743e-03 1.588381039466696953e-01 2.480682619917979892e-01 -2.251381498901033895e-01 -4.055157575541056825e-01 3.694567720683765433e-02 4.051636808385513655e-01 1.000000000000000000e+00 3.169066284032419079e-01 -4.072830524216227155e-01 3.709335946032588649e-01 2.660457693736935081e-01 4.840750924315210812e-01 -2.055413145543524833e-02 3.290285775748084118e-01 4.498943469847602739e-01 4.939485446101709587e-01 -6.662820885287791539e-02 -3.800692638864250350e-01 -2.530299586890540908e-01 3.065799549930173784e-01 5.858407988166550867e-02 1.677899390273896452e-01 4.755701932901224005e-01 2.641206373958501774e-01 -4.457551255350750141e-01 -7.365246980580432423e-02 4.785034774285365500e-02 1.417160732841426518e-01 -9.689320933755450616e-02 5.584563337815626888e-02 -2.118938801746217682e-01 -2.477388105147995401e-01 -1.276462212590658563e-01 -1.537250768408740531e-01 3.754089686418837224e-01 9.162527943272194553e-02 -2.784663764496722593e-01 -4.985138554535116506e-02 2.117928461562107179e-01 2.637116311064807150e-01 1.372144971920786216e-01 -2.535075859691528488e-01 2.952630288804757031e-02 -5.404381908532818191e-02 2.891531853898722804e-01 1.651244947292134224e-01 -2.269088096513340036e-01 4.344506653998855272e-01 -1.702875130782122437e-01 1.157984983352698116e-01 2.356683880440204604e-01 -4.405640201380746634e-01 -4.284739433809413578e-01 -1.994570313788431859e-01 2.849643457166934346e-01 4.942016411982582680e-01 5.503534288391278562e-01 3.925392317077490700e-01 4.536878421598545819e-01 -2.048530498333986927e-01 3.360078528445099022e-01 1.314486149424364536e-01 2.938065710616570292e-01 7.407930407173256293e-02 2.097609783524296279e-01 2.816938691886071711e-01 -1.473196662110290434e-01 -2.485686016109116270e-01 -3.209548378274794111e-01 2.949612861935854008e-02 1.572340288031721656e-01 -1.418428063311151510e-01 -7.295080256947351904e-02 -4.329582461072042227e-02 -9.477345503654191483e-02 -4.909757671707656174e-02 -5.533786767527559824e-02 5.032735876987619317e-02 -1.954973344525287940e-02 4.484318355044365767e-02 -2.166849458935414877e-02 -2.832623154392945389e-02 -2.559365223505781217e-01 -2.601876753830937306e-01 -2.451960964680332811e-01 -3.755013404581750147e-01 -2.443893159094518742e-03 -1.133139527601546431e-01 -2.194361542402747944e-01 8.208875115015429325e-02 1.926828036825088339e-02 -2.871552628899688431e-01 -1.488787610326529516e-02
-1.523511102754008806e-01 4.536659050288305989e-02 3.738777927062569839e-02 8.306908491674164230e-02 3.148431671230730866e-02 1.346631626732313347e-01 2.123763026112848173e-01 2.401003719642783377e-02 1.488583634132881472e-01 6.247824609057178041e-02 3.094606656969052516e-02 2.681046784289160545e-01 2.884861584087901054e-01 3.169066284032419079e-01 1.000000000000000000e+00 -5.411562556368849225e-02 2.005969111811386485e-01 2.154295876367137708e-02 -5.578703433721945298e-02 -7.847681666467491712e-02 6.219622117899114011e-01 3.529177053070365333e-01 5.148496617498393713e-01 4.418277226556101556e-01 4.953981591860336792e-02 3.171759354398101527e-01 2.334445028970818514e-01 2.637192333261247912e-01 4.977789951294397941e-01 3.696176971056372995e-01 7.470061207124435720e-02 -2.521798889018584955e-01 -7.619727897711998932e-02 -1.483415269092744071e-01 -4.586169651867448571e-02 -2.531958386790945092e-01 -6.276121318420249673e-02 -3.869595988144359788e-01 -3.169629118078339247e-01 -3.231384044946616352e-01 -3.771109655255979187e-01 -5.481852343373012047e-03 2.727139454001683422e-02 -3.605674574346847683e-01 -5.431908209976275825e-02 -1.887669579621536475e-01 -2.156425190764562072e-01 -1.766382213406452739e-01 -6.874617890171282053e-02 -2.349259998580883746e-01 -1.645207877008293407e-01 2.497599209828045286e-01 1.821572277924919658e-01 -6.532367767095345612e-02 4.618647326626569571e-02 -2.171547406634715197e-02 -2.623533141428126270e-02 -1.785710775477278300e-02 6.523900731547667073e-03 -1.999453933392152799e-02 2.117782490596649067e-02 7.249245814207921912e-02 2.284306555654116444e-01 3.536166170779171392e-01 4.888542401287517269e-01 7.034381201508019821e-01 1.124032839523728122e-01 3.479535570521997273e-02 2.328105075466420926e-01 1.950365825388045149e-01 4.670273440433876377e-01 3.393832778550600060e-01 3.725505999854591965e-01 8.778924069372065486e-02 2.791007654985188102e-01 1.527609236568507056e-01 4.536827265912701246e-01 5.457605917029271225e-01 -2.991150799513073721e-01 -1.436819796973406449e-01 3.315280341605876813e-01 -2.263244911826915451e-01 9.460569743713947988e-02 1.459884611940237276e-01 2.327379766414555684e-01 -2.486628968735597467e-01 7.736709345869774261e-03 2.370530871186947719e-01 -6.598661367211242079e-02 -2.292105278122190393e-01 -3.122765504091850608e-01 -1.805198047813992290e-01 -2.646114956024047116e-01 2.600213125561952679e-02 1.390560461346735943e-01 -3.461809966525005167e-01 -2.994906271769672279e-01 -1.788265519612856347e-01 -1.339561278741762951e-01 -2.536486087648366361e-01
