1.000000000000000000e+00 8.510124470988379708e-02 -1.157473600924678880e-01 6.032044301521374829e-02 -2.248319496511494153e-01 -2.224015079110372162e-01 3.016463897729064481e-02 1.474581071438659241e-01 3.922306861901469349e-02 -1.729174833044982290e-02 -5.764121916805778345e-02 -2.292002805297276846e-01 -6.184567636395405660e-02 -1.114681149825885731e-01 -1.467902086505853132e-01 4.609974094229978003e-02 4.351229845359064902e-02 1.941955769545055110e-01 2.237391592949590502e-02 2.696601734925149207e-01 -8.624862942290693890e-03 -1.527981533159064875e-01 -1.109941209733276285e-01 -2.128282132205973898e-01 3.640980948018638363e-01 -4.047881279611844629e-01 -2.132578188773975592e-01 -3.037137728980633944e-01 -8.000844943737479842e-02 -3.049825132511158055e-01 -6.011804528220796723e-02 9.047859932928363491e-02 1.734043252079411901e-01 4.617753936038841711e-02 8.785942643991448420e-02 2.504507365041173661e-01 1.299524983546690160e-01 2.470781906630726832e-01 2.059437035586073605e-01 -4.609878155420001067e-02 9.049822586826582194e-02 -1.309812513309673299e-01 -3.026225582111511381e-01 6.405770868274104912e-02 1.548930574390917636e-01 -1.263401312282863009e-01 -6.531422156688300451e-02 5.774937517692350919e-02 2.651392164244354976e-01 2.736056484941861711e-01 3.687846438367203272e-01 1.419335164165752006e-01 9.701668346397536447e-02 -5.399784283256141987e-02 -1.016446998597365578e-02 -1.446057288266289209e-01 1.722698587907851020e-01 4.187309349440615502e-02 -1.259147893637520060e-03 -2.117200926078846857e-01 -2.925116676684358930e-01 -5.921470574755604427e-02 -2.511461196712841959e-01 -1.645298758514217585e-01 -3.576390213441683896e-02 -1.858206896478930836e-01 2.136491906348906566e-01 -2.805814911897090355e-02 -2.825784658253678930e-02 8.725268127296846241e-03 3.951336964718699107e-02 -2.683484234631976495e-01 -2.363252819265694304e-01 -3.177061639561422068e-01 -1.441777257638139631e-01 -2.508993589949484737e-01 -1.248255222511477081e-01 -4.123592186426395800e-01 8.021610691320221753e-02 5.699731869733582618e-02 -2.560688865235399292e-01 -5.053333453143574877e-02 5.759162711631974491e-02 -2.044053307043346979e-01 -3.097709919103501242e-01 -3.092159489687935081e-01 1.166380087341763877e-01 -2.745982764389853226e-01 2.336256604848000462e-01 -1.972736618784487750e-01 1.937845809103313222e-01 3.124612463183229494e-01 -8.389491111606314777e-02 4.314098793593639652e-02 -4.422925024984073472e-01 1.524368918056276390e-01 -2.494104314570076419e-01 -1.301781630580223226e-02 2.709971989870640363e-01 1.909024128012145882e-01
8.510124470988379708e-02 1.000000000000000000e+00 3.004390926299364550e-01 2.241492224526331067e-01 4.709000586924828036e-01 8.383873024718274669e-02 -2.299423947399926657e-02 2.287040404458422493e-01 2.530790409377536299e-01 -1.083992954376589019e-01 5.966943623081923803e-02 3.874659418856905846e-02 -1.993031690333972872e-01 -5.265212413477574765e-02 3.254765495947555681e-02 7.523640718507075553e-02 -8.186318374412292209e-02 -2.022448425570573249e-01 -4.110476927469045028e-02 -2.224241224147426588e-01 8.633084333300451718e-02 -2.300504629530556733e-01 -3.079363660982146755e-01 -1.288805002376572362e-01 5.262299172495715771e-02 -1.126443366965718812e-01 -1.629183561181506978e-01 -2.128604467128646094e-01 -2.181869692584517129e-01 -2.122593399325454211e-01 -1.295955169316976574e-01 9.131680402779256134e-02 -3.833752841707667447e-02 -2.756794282635930959e-01 -2.211752556853076868e-01 -1.651141129142264519e-01 -1.858481729266998617e-01 1.028930916813550756e-01 5.779015351892616975e-02 3.441908353925673958e-02 -1.222263001936887417e-01 1.520990263495615273e-02 -2.002006918370771993e-01 4.519739803129572964e-02 -1.826534782937238588e-01 -7.011908941091794800e-02 -2.042364494768300898e-01 -2.505270439427244589e-01 6.622439960675173543e-02 -5.142949173375882532e-02 1.071575047820205601e-01 4.061784060970998755e-01 1.352103787565236137e-01 3.071401449041210041e-01 4.702118217695840097e-02 1.283390967479753064e-01 1.772410587284735106e-01 1.719226112612645130e-01 8.289272151871550365e-03 -6.175420034687247040e-02 -3.142464061621748350e-02 -2.620183065022732016e-01 -2.266323392804309722e-01 -1.389311455361041947e-01 3.095685269911720508e-02 -4.195424127807792503e-02 -3.726258274582888025e-02 -6.969558678426142351e-02 -1.542512409154128683e-01 -1.334591849709324263e-01 -2.856008186964684517e-02 -8.131095515782048311e-02 -3.342577202845368189e-01 -4.166210233707059313e-02 -6.039893768208755981e-02 -1.280627155700649923e-02 -1.396208337147030465e-01 -2.194852012730123814e-01 -6.488975477964203931e-02 -1.429458665554567964e-01 -1.324876215112298916e-01 -5.944569881218397800e-02 -5.045138336276035890e-02 -9.521441330510695134e-02 -7.029969669764676854e-02 -1.343370844039799561e-01 -1.201504961099389146e-01 -7.316356555636131798e-02 -2.329432445655392481e-01 -5.125410822488959267e-03 1.427039500432057406e-01 2.152316241493096305e-02 9.708985337389315629e-02 7.700276161051496093e-02 -8.129723510841544570e-03 -2.010877185885126192e-03 -5.236350358307667596e-02 -2.044561494530862944e-01 2.971534639640094344e-02 -5.849682329657846652e-02
-1.157473600924678880e-01 3.004390926299364550e-01 1.000000000000000000e+00 8.371311263978163664e-02 2.196044139688414776e-01 3.939687383540945165e-01 7.148100381095692790e-02 2.826718731190325795e-01 3.662568635923071358e-01 -1.348032656007625008e-01 9.629120082453647422e-02 2.330383030011543011e-01 -2.082064799508574204e-01 -2.098250266994871813e-02 1.849110230789136056e-01 -7.239880427779779581e-02 -4.868833068212911203e-02 -2.207390220469876985e-01 1.048239413027607196e-02 -2.386777430929952759e-01 1.248893273132303250e-01 -8.382554328765409735e-02 -1.733476779950168800e-01 -8.371734521033770415e-02 -9.038794689532615723e-02 -1.419550308138466457e-02 8.248368496023365457e-03 -9.699908983404173513e-02 -1.702764036941530612e-01 -3.691085646283866206e-02 -1.124792933353493812e-01 2.849454837118227113e-01 -1.658573692268313637e-01 -1.960364421630983733e-01 -2.910872709399518476e-01 -2.571677132907128072e-01 -3.355558476774892496e-01 5.079110310226897518e-02 -1.347476310286571492e-02 1.842544894828848923e-01 -2.183018963290544456e-01 -2.494520399778494824e-01 4.645956575425164853e-02 3.164424092104645841e-02 -2.371107101824158625e-01 -8.650189844197461730e-02 -2.985323063628729234e-01 -2.552393657641510716e-01 -1.006725134063083810e-01 -1.333704305190722139e-01 1.712915717791125558e-01 5.306072512776229821e-01 2.448138710051384892e-01 3.906543626825135229e-01 1.312890902746834121e-01 3.322151221060594128e-01 1.603378851661065307e-01 3.631540038954061411e-01 6.662238570337034038e-02 1.843980115832815070e-01 7.956930702560800761e-02 -2.626722243708361493e-01 -5.974537605282824460e-02 8.431369316548673054e-02 1.649528288608674009e-01 2.319252961277245839e-01 -1.264267241549008602e-01 -5.863579082105331575e-02 -5.907510986625410382e-02 -3.464489122447597051e-03 9.056292611251166857e-02 8.402767898909117850e-02 -2.002556110684353130e-02 -5.892553418403920912e-03 1.618329613060293937e-01 5.605030756612942866e-02 -2.650388863955691413e-02 4.122229630953342522e-02 -1.690666907148018760e-01 -8.495844922682635469e-02 8.376460311319003371e-02 -1.114635619865929073e-01 -7.312967094900839349e-02 -1.146763985611236498e-02 4.351166189868545947e-02 -6.491148383228571850e-02 -2.376869786027391018e-01 -1.110383182862898638e-01 -2.084458704448569899e-01 6.817686887696687570e-02 -1.857928394766992976e-03 -1.489451393051750283e-01 2.922466412038001934e-02 -1.181997208499889068e-01 3.643193842823113510e-02 -7.553510495348177145e-02 7.840154585157252387e-02 -1.549496531844875014e-01 -1.250996785542312084e-01 -1.574270499849052263e-01
6.032044301521374829e-02 2.241492224526331067e-01 8.371311263978163664e-02 1.000000000000000000e+00 -2.842670834797033849e-03 -7.667129000137121175e-02 5.963837009460239147e-02 3.386326530635214715e-01 4.141873304426021418e-01 8.744804150608102844e-02 -1.878969736228404408e-01 -3.123085865579343090e-01 -3.139230997762609832e-01 -1.392776759498020878e-01 -8.226597951318315172e-02 3.844683304966072246e-01 5.951007732742897086e-03 1.239093991215457768e-01 6.335837219016228310e-03 1.143577102918078188e-02 6.104468448492871013e-02 -1.260032285315365319e-01 -2.179056764006339630e-01 -7.425935065340212582e-02 3.939719625686631532e-02 6.984680897655477783e-03 -1.820425220577534253e-01 -1.998142525073734466e-01 -1.180039343341837167e-02 -2.487616328249162567e-01 1.266678171500421890e-01 1.587832254012003785e-01 1.772068463054154164e-01 -8.363264191092458291e-03 -1.430633539538869459e-01 -7.604378229414800183e-02 -5.550111957593226869e-02 -8.416564668544632144e-02 -1.248246260848287492e-01 -5.919640826227861446e-02 3.089075396461137338e-02 -1.814871307811884160e-01 -2.403134891091370240e-01 -2.461361236018631549e-01 5.780501676230997976e-02 -1.286888425604248987e-01 -8.165163446290366056e-02 -7.981039814511865782e-02 -3.002426634661527639e-03 -7.098897282323962665e-02 -4.835877356897674145e-02 9.552978815032567295e-02 1.326447976278018748e-01 1.879678101549055735e-01 3.029993222765058336e-01 -1.033605154965513140e-01 1.190185575031761228e-01 1.870866367013528098e-01 -1.647586454470821860e-01 -2.481668526370415795e-01 -1.985633754264637119e-01 -1.696166000794345763e-01 -3.220829639350764745e-02 3.224789347885834850e-02 1.203689996882924100e-02 -7.501110539656966059e-02 -4.039014977920244581e-02 1.278640318689247268e-01 -8.045063226567958359e-02 4.828220717339341828e-02 4.133566995969698704e-02 -3.712001710331287452e-01 -8.929607244303321145e-02 -8.874123912970542649e-02 -1.455429188930476014e-01 -7.570479615423233999e-02 -1.823197483846954181e-01 -2.556414848271231222e-01 1.623154143976837105e-01 1.727535515686126344e-01 -2.044947405026811826e-01 -3.362943727635114843e-02 -7.699408182704106651e-02 -2.361717433597707583e-01 -1.530475197305606327e-01 -5.952178419555823746e-02 4.706885308385032329e-02 -9.848846075610263873e-02 -3.555383707416364530e-02 -1.375170196490555219e-01 5.776744358212890923e-02 -2.608894770052863632e-01 -2.964739199727587371e-01 6.791852469234518908e-02 -1.897367353629984266e-01 -8.073768130444482216e-02 -1.475406863239346611e-01 -2.423908040426338839e-01 -3.252434000717353002e-01 -1.010531097425679779e-02
-2.248319496511494153e-01 4.709000586924828036e-01 2.196044139688414776e-01 -2.842670834797033849e-03 1.000000000000000000e+00 1.642991837019267265e-01 -9.614067799853398544e-02 1.003684771206568016e-01 2.924097740292422656e-02 -1.750897554258652455e-01 2.599748505573418189e-01 2.235485400970007031e-01 -7.749913761708404625e-02 1.556662072616600556e-01 8.671411545267961041e-02 -1.604770442639039951e-01 -9.549305474073800648e-02 -1.264334888748960828e-01 -1.178690285452304309e-01 -1.985104225157111046e-01 1.164268676716522094e-01 -1.000083849824416199e-01 5.175624820746246163e-02 -2.196363666039229112e-01 -2.160027599868891701e-01 3.490237991908361898e-02 -5.647299833842815697e-02 1.197646510592713792e-01 -2.633158308955207971e-01 7.549663283259232249e-02 1.071026798602287868e-02 1.315203490198934844e-01 -2.393815115434299867e-01 -6.777452302962957975e-02 -1.890673568472169552e-01 -2.662980290610936218e-01 -1.938076421248557391e-01 -1.846964915478750968e-01 -1.726212415361405572e-01 -2.242712017616974585e-01 -2.252485829072052304e-01 2.326757379976442108e-01 -1.270595490469658521e-02 1.062772838628365246e-01 -1.766009171951454237e-01 -2.930951024965788854e-02 -5.310813697404633341e-03 1.874307849833254172e-02 -3.027306112369398949e-02 -1.635043385790780346e-01 1.424499182693102391e-02 2.218332072624957518e-01 8.092807417825130523e-02 3.568107662408899761e-01 -1.562037383199001324e-02 4.101648759120111176e-01 1.308179396998183919e-01 1.646806208646311998e-01 5.201549879542628069e-02 2.041935759277647144e-01 1.629286019269903241e-01 -1.230770960839416422e-01 5.019607030561951122e-02 4.031399649984144379e-02 2.077845395977061804e-01 1.563785812619440940e-01 -1.486292561593756945e-01 -2.078129068154548065e-02 -5.483762126397731529e-02 -6.078921696043700085e-02 3.550564547620546629e-02 3.274530761338802914e-02 -1.686366361914014636e-02 -4.734440966566053760e-02 2.387090705095646498e-02 1.142298067039394793e-01 -5.399584518291059704e-02 3.752325037624704845e-02 -1.441677102591450155e-01 -2.055712953076193339e-01 6.699383902904498291e-03 -4.959120382492451101e-02 -1.056973849891085365e-01 -6.229146784518188595e-02 8.908788043435374171e-02 1.045946133440343317e-01 -1.377777016922156483e-01 -5.156798698863362257e-02 -3.407827292085122139e-01 -1.496089245123188860e-01 3.786085194666877901e-02 -2.407300950587774047e-01 1.443703290323856137e-01 8.883617278840720555e-02 9.918741182462299799e-02 -5.562527434335928084e-02 1.599662605043761579e-02 2.170415366179047345e-02 1.177059776428405063e-01 -2.336344057472184432e-01
-2.224015079110372162e-01 8.383873024718274669e-02 3.939687383540945165e-01 -7.667129000137121175e-02 1.642991837019267265e-01 1.000000000000000000e+00 6.221621068929396314e-02 1.589106219982797663e-01 2.095514688740168774e-01 -7.577848997539858578e-02 -4.680312397109102213e-02 5.771682705134782709e-02 -6.451107200185790536e-02 -2.117727864839780150e-02 4.593439018066612645e-02 1.218425531579896311e-02 -4.503253473003913931e-02 -4.691187746464205166e-02 -7.609060235577343179e-03 -7.575448233711289114e-02 -4.374801055363574179e-03 2.283255538336534038e-02 5.073515009149599277e-03 9.774887304396673304e-02 -1.244966348580606591e-01 7.062766898438535557e-02 -5.889522024533692252e-03 7.832370825871314002e-02 -1.769344244632824470e-01 9.967659103736026260e-02 -2.451489341644559616e-01 -1.243644816221526912e-03 -2.210706104890484622e-02 3.135660108608812752e-02 -4.001428167513694338e-03 -1.075499581242124053e-01 -1.200229153577762747e-01 -1.268615855642528031e-02 -9.177117244989586864e-02 1.002089147076296177e-01 -1.121442038772315214e-01 -5.684406715197509730e-02 1.428180673348420672e-02 8.540113978585955889e-02 -1.691092885177294114e-01 -3.296137977130938427e-03 -1.403769019835919563e-01 3.384709766244944212e-02 -6.205065671943174989e-04 -1.245758345060213462e-01 -5.395857273826566713e-02 2.058705297254314615e-01 7.677257014385574507e-02 2.390825105364412506e-01 1.771144956765167977e-01 1.941906858140801384e-01 4.229974627715814978e-02 1.663582160562457890e-01 -6.788453358818065386e-02 5.819014420408802346e-02 1.809071159292604918e-03 -1.806592011350318383e-01 -6.886075635160408825e-02 8.980694787874966833e-02 7.077499218623719938e-03 7.749942061516833236e-02 -3.771817938016555627e-02 -1.309024775075782188e-01 -1.088870783309756757e-01 -1.094170417926050576e-01 -1.449483994723957045e-02 -3.734603475099312203e-02 5.197819847591386017e-02 8.615783220417179422e-02 -3.591116719986950367e-02 5.625085994875434620e-02 -9.818026558580629504e-02 4.285871072119381425e-02 -1.845531059101808147e-01 -2.436273832005086681e-01 -1.507530719923768205e-04 -1.343600140226110240e-01 -1.102996691878786462e-01 -8.850527329926054232e-02 4.354166569200400988e-02 1.332275299853856627e-02 -1.476256539060720463e-01 7.746272490764524732e-02 -1.958179773528001544e-01 2.740096751865045074e-02 -1.064771545797458252e-01 -1.776761496442372801e-01 -9.641077957792096309e-02 -1.611617023756626299e-01 -1.691086612809397996e-02 -3.064069335651655249e-02 -4.375983055730023330e-02 -4.220781104884671620e-02 -1.258133136648794392e-01 -1.613368671029958845e-01
3.016463897729064481e-02 -2.299423947399926657e-02 7.148100381095692790e-02 5.963837009460239147e-02 -9.614067799853398544e-02 6.221621068929396314e-02 1.000000000000000000e+00 3.064380560955482502e-01 2.420247157021539197e-02 1.191482155207640170e-01 -1.132064416348048524e-01 -1.158195318537838872e-02 -2.376381711556928289e-02 -6.508058409878599015e-02 1.930273778537201224e-01 3.160683985810605057e-01 4.047320558943650060e-01 1.872888020424480215e-01 1.538585649011565692e-01 2.796820847419307920e-01 2.022879859766213428e-01 8.830699813259322573e-02 2.084493769247436068e-01 3.472191328023316870e-01 1.749557474766775533e-01 1.774430746085816149e-02 2.797966717316358598e-01 4.024544279390891710e-02 2.957897467041645800e-01 7.847372841018263739e-03 -2.069345991079737657e-01 -2.202241928149755446e-01 -5.511666375270096035e-02 5.241596015006402126e-02 1.738306968819955389e-01 2.020457731154067793e-01 1.186498216534668908e-02 -1.459013825003644405e-01 -8.675682867406918353e-02 1.772377942013134977e-01 -4.354226694881906806e-02 -2.242972580162643781e-01 -4.568910013926889141e-02 -2.492241787537917141e-01 -4.522743320838341907e-02 6.111000622446976366e-02 1.452038938992896398e-02 4.306650715778404664e-02 -5.956263456539555301e-02 -1.276261581184137961e-01 -1.403985669088290422e-01 1.593283228249414984e-01 3.087724323071938670e-01 3.468844991871009725e-02 7.207209691481399061e-02 1.042474170822610055e-02 -4.614800205468943249e-04 -1.314228177041069090e-01 -3.816169988381683253e-02 -1.202800443351806359e-01 4.580090265782400111e-02 -3.999043772924689572e-02 1.266847187898227645e-01 1.598261677143355819e-01 3.858314276298867307e-02 2.386097505020161325e-02 -9.262108974625801738e-02 2.535997690888130429e-01 1.893884161254079657e-01 9.414201466584129485e-02 2.813933647142858874e-01 9.660526436988543797e-02 1.593293468200809304e-01 1.071239073809163722e-01 2.343290247761338763e-01 8.383355671454519042e-02 3.738388405948868676e-01 1.168271208044461412e-01 -1.714779159974884337e-01 -6.798695735318509292e-02 4.025346624589543065e-01 -1.319122478684598976e-01 -2.356823897481084007e-01 2.936249966108832044e-01 1.119926700743262143e-01 -3.274253077894589276e-02 1.072043883740248504e-01 -4.837897405446964921e-02 1.637342038971745795e-01 2.873393106172581479e-01 -1.654531296275819352e-01 1.098708040365919264e-01 8.388646894776462248e-02 9.451027236188797032e-02 -1.022546023766808532e-02 -2.850801732008768075e-01 7.814857151473308949e-02 -7.803574873025716230e-02 -1.254562529815162197e-01 -1.444045518214087387e-01
1.474581071438659241e-01 2.287040404458422493e-01 2.826718731190325795e-01 3.386326530635214715e-01 1.003684771206568016e-01 1.589106219982797663e-01 3.064380560955482502e-01 1.000000000000000000e+00 5.497014183727130243e-01 -7.786746768936363139e-02 -6.485497932747405492e-02 -1.687147458680915424e-01 -4.865329586555134922e-01 -9.459926630489137733e-02 -1.471571022090396429e-03 9.247117063989498953e-02 -2.197784827671844105e-02 2.412541489383540072e-01 -2.280356369133228547e-02 3.234591444100606838e-01 1.794930142242920357e-01 -4.053531620193708829e-01 -2.046059676622535572e-01 -1.466143619445124391e-01 -7.919974589409909532e-03 -2.569795744391550341e-01 -2.166777091781987574e-01 -3.087865922587738621e-01 -8.968212739145474399e-02 -3.346058451012549062e-01 -9.135874326521789546e-02 -5.847272736434354183e-03 7.601909895350519863e-02 -1.472762320059884944e-01 -1.566233292279762823e-01 2.294502969084777633e-01 4.387029278478016964e-02 1.253673685539815064e-01 2.014921344630267105e-02 -1.655248055538467711e-01 -7.039793733684750199e-02 -2.211259277327085326e-01 -3.509078840287056522e-01 7.201884751341312840e-02 4.331198936524256748e-02 2.177965474816256908e-02 -2.523901061623464726e-01 2.875346457261379260e-02 1.892561744151977088e-01 1.720319002144918286e-01 1.086257598931312379e-01 3.985481299062690330e-01 1.754789031270017896e-01 2.211845117803222516e-01 2.355065555284778234e-01 1.476371347066618989e-01 5.210163898119359871e-01 4.997345488485808174e-01 -1.614639406292941171e-01 -1.435105451238136987e-01 -2.194947379727859582e-01 -3.389135730796917212e-01 -2.633604954353516714e-01 8.160546448601466163e-02 2.362611780325589717e-01 4.556735183100651954e-02 1.575729476594398826e-01 1.610341441515392436e-01 -1.685393446724718358e-01 1.846837390866595263e-01 3.458293670772913386e-01 -3.669720428404953383e-01 -1.034830774931690262e-01 -2.361035197447912404e-01 -1.390587158926766265e-01 -3.370056097831065078e-01 -3.270624039053163928e-02 -3.253904045758452268e-01 -3.931453747439115493e-02 -6.426140258808930861e-02 -1.246918219709293174e-01 -2.823931231560817823e-01 -1.198248890032173608e-01 -2.087590157073615782e-01 -2.708109179733717009e-01 -3.231933490611924586e-01 9.885203844546318341e-02 -2.391431040195713398e-01 2.022502428995505419e-01 -2.387096043629760300e-01 -2.255276718111439739e-03 -1.597864891518795127e-01 -7.735467456318706470e-02 -2.222025463273192766e-02 -3.279837883714650237e-01 1.742512849044728918e-01 -8.354505129369044908e-04 -1.160237429146853683e-01 1.044935447238473647e-01 1.567632983794154389e-01
3.922306861901469349e-02 2.530790409377536299e-01 3.662568635923071358e-01 4.141873304426021418e-01 2.924097740292422656e-02 2.095514688740168774e-01 2.420247157021539197e-02 5.497014183727130243e-01 1.000000000000000000e+00 8.543156756594502688e-02 -1.434248721227027734e-01 -1.122144709147483294e-01 -4.749139519904921891e-01 -1.926237691950580533e-01 -9.644582979163623948e-02 1.318718640079141469e-01 -1.477943380369894089e-01 -8.751292612543132288e-02 -8.161905700307763023e-02 1.471705080736730384e-02 1.850739955956064858e-03 -2.941080137729572552e-01 -4.381972681938134939e-01 -1.050361455454734416e-01 -4.734310409933845804e-02 -8.569319340311661037e-02 -3.697837716601385938e-01 -3.907198697320738434e-01 -1.491628613961938354e-01 -3.828628743073695384e-01 6.836316105606304872e-02 1.641884126606020511e-01 1.445417448073032032e-02 -2.486979825336720351e-01 -3.416240095846653779e-01 7.459533710799851058e-02 -4.599267111634242067e-02 2.655307239627249793e-01 8.039606324367082335e-02 2.382819652027147114e-02 3.653023419429072410e-02 -2.100131168524904390e-01 -2.797196994505432022e-01 6.542580404361382496e-02 4.010174576428837678e-02 -1.147636909692320989e-01 -3.333997865888936873e-01 -1.841498152059078963e-01 2.243147730265190043e-01 2.194074150741855134e-01 8.262575878940137120e-02 3.727558838800988927e-01 1.142115247271529715e-01 2.355171643821260818e-01 2.545691954000675050e-01 1.193081765304308539e-01 2.983604161833610657e-01 5.207928954117684306e-01 -7.807983821572050953e-02 -1.006082208639700881e-01 -1.377627766540500120e-01 -3.923300698902018602e-01 -3.507635372422965858e-01 -1.114975842293056407e-01 -8.153886828813765308e-02 -1.270071581909939240e-01 1.992853110710110232e-01 -5.933301483871747384e-02 -2.820070249723987676e-01 -1.028560959926861224e-01 -3.081331312598842298e-02 -3.656263122980468738e-01 -2.801613307857849233e-01 -7.200153466627120559e-03 -1.225543532641336919e-01 -1.888926569029839020e-01 -1.840808823985572162e-01 -3.505366823285718803e-01 2.142454704225738860e-01 2.464963290682559496e-02 -2.613060156504262155e-01 -1.807483813523115823e-01 -2.791059628752098898e-02 -2.789924524936090444e-01 -3.586435129889440909e-01 -2.672910154611883859e-01 3.489612084427527738e-02 -1.359625838170820944e-01 7.882815452568413261e-02 -1.608950948240487344e-01 1.319473151495076206e-02 -1.913274801568046191e-01 -1.971922390129623448e-01 -2.179470360578519145e-02 -2.499448187921917142e-01 2.471675377792095230e-01 -9.642384229231232284e-02 -2.989430666212493093e-01 -2.036113294997233050e-02 2.424576868731957435e-01
-1.729174833044982290e-02 -1.083992954376589019e-01 -1.348032656007625008e-01 8.744804150608102844e-02 -1.750897554258652455e-01 -7.577848997539858578e-02 1.191482155207640170e-01 -7.786746768936363139e-02 8.543156756594502688e-02 1.000000000000000000e+00 -1.546106764775181941e-01 1.380712970123775529e-01 8.832331246974015060e-02 -4.130781440814644545e-02 -2.796945669221945208e-02 6.629605303555174967e-02 8.432191845101873195e-02 -1.013067320451430109e-01 5.505384942727541836e-02 -1.188830194345815994e-01 -7.066582363288997914e-02 1.139946867093996202e-01 -6.316469446230620066e-02 3.429343774297221037e-01 2.871496397490531649e-01 3.117134903503821497e-01 2.425707579212867115e-02 1.147320727831726943e-02 1.808457647800627011e-01 -2.948371043819316209e-02 1.335991582474142514e-01 -1.587447682007620264e-01 -7.591792229581967311e-02 -1.333397143888608860e-01 -1.153013961265146048e-01 -1.168324504157158134e-02 3.634545827472313202e-03 -6.886317425963357775e-02 -9.667894073170482661e-02 3.043143485792669800e-01 -4.233281857877850551e-02 2.773126174660779930e-01 -9.963578801795180961e-02 -3.442555991909602708e-01 -2.317881132962063551e-01 -1.549079498191550941e-01 -7.839058735524399857e-02 -1.428105942126706440e-01 4.241306181339038472e-02 -1.946434160960152093e-01 -1.919187108331943670e-01 -3.773012972228100004e-02 -5.836720685643810060e-03 -2.946808083052013250e-01 2.873280041178484165e-02 1.103724419468873619e-01 -7.943541296028699961e-02 -1.512940390045696415e-01 3.933306247376909814e-01 1.380296959399793244e-02 1.922415150222739066e-01 -4.947737408946426690e-02 -7.691052617499049594e-03 2.922287081139564313e-02 -1.254901657963783945e-01 -3.867995665354766882e-02 5.270651186242730768e-02 -2.586834092372236951e-02 1.346298473573676567e-02 -6.827149607642740703e-02 -5.882393788096994258e-02 1.379806253791289765e-03 -2.260285699185070676e-02 4.845488676437146314e-01 6.324494984434243794e-02 2.384931525909971539e-01 4.848631299024384889e-02 6.682525377268182243e-02 1.863905193394270743e-01 2.082580823552101223e-01 5.098693905318409103e-02 -4.362412694192330243e-02 -9.779457194878872495e-02 3.630344013712528267e-02 -2.135843741610626758e-03 1.111757372560465661e-02 2.354125175094669981e-02 6.122517871897140140e-02 4.442201718055407283e-02 1.404991438049181529e-01 -1.787800168325743289e-01 2.606598534302844161e-01 1.368046188874936786e-01 3.378891590541238110e-01 5.285853353827530549e-02 -1.671394206234603497e-01 -9.101190705766812328e-02 -1.351138200511858845e-01 -3.323273590039527853e-02 -8.642846110736529530e-02
-5.764121916805778345e-02 5.966943623081923803e-02 9.629120082453647422e-02 -1.878969736228404408e-01 2.599748505573418189e-01 -4.680312397109102213e-02 -1.132064416348048524e-01 -6.485497932747405492e-02 -1.434248721227027734e-01 -1.546106764775181941e-01 1.000000000000000000e+00 4.680336656828432140e-01 1.158532653588273675e-01 2.522044141145195484e-01 1.224084123581841849e-01 -3.508548751942621724e-01 3.044155885444198989e-02 -1.958214862071907258e-01 5.797551327920708736e-02 -1.928494331585272892e-01 9.070089449623225386e-02 4.033284074096724070e-02 9.881309544000746459e-02 -2.990856941374798739e-01 -1.532017177027698018e-01 5.454610261811822583e-03 -4.578704966647582572e-03 1.449239107386194048e-01 -9.824024393346721118e-02 1.139539842720566076e-01 2.356823710000015282e-01 3.015401804693664256e-01 -2.979153263686405428e-01 -8.843155742453220761e-04 -1.031764270533563205e-01 -1.873047164502006645e-01 -1.717752556689031984e-01 -1.183241342413998221e-03 -1.628092649740755793e-01 -1.486522240481523149e-01 -2.265867831841718860e-01 1.234793708510317500e-01 2.787573151694701656e-01 1.547977232557225247e-01 -8.652835231162793461e-02 -3.830682612187677472e-02 1.958367795744312551e-02 -1.192319121944396682e-01 -9.642986309951170898e-02 -9.370723263852008544e-02 2.656354530145811910e-01 1.699019512137933119e-01 8.255877780278830791e-02 1.422137418509981932e-01 -1.946966972678104008e-02 2.580913918718941158e-01 2.321937496490601022e-02 1.050421190998914039e-01 3.641472499398284990e-01 4.578778230147391715e-01 2.626109117152865546e-01 1.197948173099274982e-01 1.472936347060598561e-01 7.398616678687532089e-02 1.566929459455383700e-01 1.957661964263077425e-01 -1.743166110255468249e-01 9.355747945161871360e-02 7.244930220237739624e-04 -1.637747955598474470e-02 2.377617116623763696e-02 2.181114028616988332e-01 2.223730823282720967e-02 -1.401901728271749970e-01 2.873857110647797253e-01 1.865442632095445918e-01 5.070352681633864128e-02 8.966401481747156288e-02 1.574374641923957305e-02 -1.790811295377506621e-02 1.054189661617984386e-01 -3.643881849732293066e-03 8.300403357286738337e-02 4.438042571231741451e-02 1.041886121360059703e-01 3.737534279811648152e-02 -3.332233523709973028e-02 -1.028306430098418350e-01 -1.438851456448463906e-01 -1.352121014973173274e-01 3.404263635132623311e-02 -9.034405458538861955e-03 1.391266584426196218e-01 2.118328488245120877e-01 1.589767805230468123e-01 4.127239730970600623e-02 4.657182846266712251e-02 6.515681836034526928e-04 2.016458697430638658e-01 -1.439901787656886201e-01
-2.292002805297276846e-01 3.874659418856905846e-02 2.330383030011543011e-01 -3.123085865579343090e-01 2.235485400970007031e-01 5.771682705134782709e-02 -1.158195318537838872e-02 -1.687147458680915424e-01 -1.122144709147483294e-01 1.380712970123775529e-01 4.680336656828432140e-01 1.000000000000000000e+00 6.094815287208785876e-02 2.452294996566468654e-01 2.011883111898423171e-01 -3.608197260783096993e-01 -1.853211175761853013e-01 -4.304309350996672334e-01 6.088406234576725085e-02 -3.262588621230895214e-01 -3.793349880309312278e-02 -3.097494119052590991e-02 -2.925098217304005280e-02 1.522694950227007626e-01 -1.671072367629139743e-01 3.912221003896916294e-01 7.525741000041293038e-02 1.827698757749414982e-01 3.124445709459065107e-02 5.380599251526564653e-02 -1.948356114906288003e-02 6.938722459863895520e-02 -4.745038255815111072e-01 -3.275665906354134349e-01 -3.068809884716708902e-01 -1.181927642298945119e-01 -5.241458412484794466e-02 5.320402264074579161e-03 3.378470501505671103e-02 1.807169799216440387e-01 -1.510922288783767553e-01 2.542452043637819514e-01 3.356942871554765007e-01 1.602132461293513388e-01 -2.602271793160327862e-01 1.185885996830781386e-01 -1.835468346683647445e-01 -2.248924617288413641e-01 3.420665043196163824e-02 -6.420570986472132202e-02 -6.515054485573955334e-02 1.142299983171248395e-01 5.168216361754592730e-02 1.007422244362752434e-01 -2.375405778665923007e-01 4.371268477021836851e-01 -1.751502448320023386e-01 8.610660947858587988e-02 3.636974926567156929e-01 6.331811475789775878e-01 6.836922269089111825e-01 2.247492149475618581e-02 8.842304509297026216e-02 7.735895204067795572e-02 1.322778982909937895e-01 2.004848749521463691e-01 -3.620307866816047798e-02 -7.141295274621797806e-02 -8.166647535321504281e-02 -1.368681589651867259e-01 -1.084021630294275569e-02 3.590257704972724118e-01 -5.672730649201816744e-02 3.423684784852486507e-01 4.551892167006077461e-01 4.700533914643261757e-01 2.172388224887720209e-01 2.607598629956260905e-01 -1.693625796963044716e-01 -6.311415635948060265e-02 2.760984145991849936e-01 -6.600636601617329569e-02 -2.790671197434002257e-02 2.146986036341743398e-01 1.838294555090577709e-01 -2.411554132648984286e-02 2.473935313972695435e-02 3.852272409956272736e-02 -6.612233153424793008e-02 8.025422020192056471e-02 5.885280605387073483e-04 7.596674697688690636e-02 2.977466789097705235e-01 3.420109232326851711e-01 3.797525678595015663e-01 1.374694076424300311e-02 2.682324553051562699e-01 -4.650944471774458300e-02 2.265551585703468596e-01 -4.538159179707905444e-02
-6.184567636395405660e-02 -1.993031690333972872e-01 -2.082064799508574204e-01 -3.139230997762609832e-01 -7.749913761708404625e-02 -6.451107200185790536e-02 -2.376381711556928289e-02 -4.865329586555134922e-01 -4.749139519904921891e-01 8.832331246974015060e-02 1.158532653588273675e-01 6.094815287208785876e-02 1.000000000000000000e+00 1.961219413425622504e-01 1.301089698240058545e-01 -1.385535968699443121e-01 3.042758856236416620e-01 -1.194577961863053789e-01 5.408546149723238161e-02 -1.861451181264589250e-01 2.906149144903120637e-02 5.453397554800133440e-01 4.349545009319328859e-01 1.810501848711049966e-01 1.840446634556306416e-01 1.969396452090484417e-01 3.813526360204385068e-01 3.525963992992984797e-01 1.804395707054901599e-01 5.072118408118299060e-01 3.916645348336840471e-02 -7.386481051755551530e-02 -1.390938304816040083e-01 2.721702524229047127e-01 3.357888587012709536e-01 -1.798427988081266748e-01 -1.463620750778600599e-01 -1.619829758086167026e-01 -2.360093613813040170e-01 1.192348051376852791e-01 -1.736163527202440049e-01 1.683185530782174144e-01 3.265877905021978833e-01 -1.926000431555587866e-01 -1.165631689670469789e-01 -3.803059790405260293e-02 2.133748211014239171e-01 7.200722381829796626e-02 -3.727322845965060361e-01 -3.177699106210761237e-01 -5.969414950766063765e-02 -1.851977306109701127e-01 -7.026808442181262104e-02 -1.261312295754821733e-01 -1.104433331496600806e-01 -1.197404945877810628e-01 -2.404518336720590510e-01 -4.893381454662345531e-01 1.547212141174370836e-01 3.941984793507231910e-02 1.404292775219330991e-01 5.876192887622215810e-01 4.182677913657815716e-01 1.887211842007531504e-01 -1.083643836394614507e-01 1.080647529313663591e-01 -2.419506741464500510e-01 6.717842837387205668e-02 2.449774772751389662e-01 -7.028337408555371257e-02 -9.468807997278770594e-02 4.774355679414369891e-01 3.277997808258465429e-01 1.030494309894009197e-01 1.747576893842011647e-01 3.038387758703652852e-01 1.516038611274093117e-01 4.044276999577091081e-01 -7.854638849243732179e-02 1.205647411981032591e-02 2.408875876424479145e-01 1.600350633819465629e-01 6.364069390131768533e-02 2.929408757492910076e-01 4.125678466090442198e-01 3.161711693007956958e-01 -1.492256755447403660e-01 1.728655156384158731e-01 -1.679916941627344618e-01 2.803121809190592950e-01 -2.002695857385916045e-01 2.841246826910349688e-01 1.453435345099102216e-01 -3.439316188406858071e-02 2.081353857178018796e-01 -2.801311988274588494e-01 -5.008691336406547595e-03 1.862394737249063459e-01 -2.017580610610187619e-01 -2.912178004843151147e-01
-1.114681149825885731e-01 -5.265212413477574765e-02 -2.098250266994871813e-02 -1.392776759498020878e-01 1.556662072616600556e-01 -2.117727864839780150e-02 -6.508058409878599015e-02 -9.459926630489137733e-02 -1.926237691950580533e-01 -4.130781440814644545e-02 2.522044141145195484e-01 2.452294996566468654e-01 1.961219413425622504e-01 1.000000000000000000e+00 4.994433516324217615e-01 -1.724879436536460309e-01 5.982873731743240664e-02 -1.442405030931838417e-01 3.780246696721157318e-01 -1.414687737186047234e-01 3.072383858983683269e-01 1.260416128176385930e-01 3.114007266388852391e-01 3.767372856236499840e-02 -1.655001218303277233e-01 8.159297633308890130e-02 2.109864613208949358e-01 3.422364054286337054e-01 1.585032404039882215e-01 3.280378299347361248e-01 -9.279509179669268026e-02 -1.591123026047807087e-01 -1.133341287522743601e-01 3.806997276720454348e-02 1.104441132316903995e-01 -1.451129085985651823e-01 1.270750739525438461e-02 -1.071090112859654220e-01 -6.168934537096444626e-02 -8.847849227768303515e-02 -1.040145564735942690e-01 1.538507612589335438e-01 1.985358095128628986e-01 8.317328604575116580e-02 7.068513584459308607e-02 2.918287924918516185e-01 2.199279451061619262e-01 9.998465494998654002e-02 -1.576533444569550579e-01 -1.096536228067711422e-01 -1.832644454674102752e-01 -8.992679409065369722e-02 -1.424841348294755283e-01 -6.341974815980096214e-02 -2.355537347319798178e-02 1.306492139663179702e-02 -9.422284330164366895e-02 3.003231590025261938e-02 1.852150137071794560e-03 1.240031971470892808e-01 1.382840164440184982e-01 3.033698598684379522e-01 3.661218974783755353e-01 3.338855946954381038e-01 3.479306957028780456e-01 4.253506978492285762e-01 -1.451453446127451141e-01 3.285947959004831276e-01 9.016660360544173636e-02 1.052462540625317411e-01 1.978509102331821035e-01 2.180608796027152518e-01 2.972056416035416815e-01 -5.657737794756321353e-02 1.684655208115883596e-01 7.333467361238310556e-02 2.220821328562745389e-01 3.041040854786669634e-01 -2.257799489561962136e-01 -7.554057028655682127e-02 2.347308702543867975e-01 1.604630740978450487e-01 2.071190745523345256e-01 2.318621897894642681e-01 3.361100756336332096e-01 2.551829266510077798e-01 -1.190757951404060842e-02 2.194106923047556557e-01 -1.717833637604856967e-01 5.393565433573233037e-02 -5.574888795589762192e-02 6.284800452291110229e-02 9.847045116261499142e-02 1.362229224322717043e-02 2.568584406522241848e-01 -4.014668429396918425e-02 3.160111423828140809e-01 2.424282170936882530e-01 -7.361549738978690957e-03 -9.615254582962527719e-02
-1.467902086505853132e-01 3.254765495947555681e-02 1.849110230789136056e-01 -8.226597951318315172e-02 8.671411545267961041e-02 4.593439018066612645e-02 1.930273778537201224e-01 -1.471571022090396429e-03 -9.644582979163623948e-02 -2.796945669221945208e-02 1.224084123581841849e-01 2.011883111898423171e-01 1.301089698240058545e-01 4.994433516324217615e-01 1.000000000000000000e+00 8.209938918373681227e-02 2.509044138405641111e-01 -9.997769471813901243e-02 2.892627702780957155e-01 -1.110444262739674198e-01 5.176403967070392076e-01 2.436976527716862850e-01 2.852252030318278564e-01 2.736511752366485029e-01 -7.156324154243649815e-02 2.198743751790709078e-01 2.921649430336577535e-01 2.660897751291455560e-01 4.345344323904377082e-01 3.533394542914466974e-01 -1.277247974232212091e-01 -8.556999057476333270e-02 -1.359093954590907261e-01 2.861611856725822245e-02 1.289808120992496088e-01 -1.253017122380143955e-01 -7.565720496899105973e-02 -1.527832956903910633e-01 -7.191730078050166675e-02 1.659257644116932939e-01 -1.467799898405441061e-01 -7.026517938861799595e-02 2.513140961295547982e-01 -2.155010009455218811e-01 -1.396091483111800979e-01 1.856735138733928703e-01 1.678597704208344699e-01 -4.062816871150960046e-02 -2.358612368723017327e-01 -1.895547705447134246e-01 -8.703397701508912288e-02 1.105846230117000784e-01 1.739139040660625524e-01 -2.143300437777899761e-02 5.438591568473324922e-02 3.864599360446991511e-02 -1.613686458037564275e-01 -2.694429493953830537e-02 -3.836958758925922836e-02 1.064564591862301873e-01 1.884525255229585472e-01 1.021379274151278660e-01 3.802063700877865160e-01 2.432490443843169092e-01 2.476094914022292093e-01 6.000765159881337185e-01 -2.553445142245774346e-01 2.968042370390599483e-01 1.862383458477450959e-01 1.091961876828992928e-01 3.654151842638667103e-01 3.001226941586943586e-01 4.030038868862161339e-01 6.851368042404708258e-02 3.165217876873714364e-01 2.162497949493284166e-01 4.135840753946519732e-01 4.639091816096849175e-01 -2.299138118127855845e-01 6.360388731239004223e-02 4.162703047174890481e-01 2.473835730487555090e-02 -2.947158159690584783e-02 3.543255607481377023e-01 3.622170602346219681e-01 2.207762903072751082e-01 1.571511973327780962e-02 1.344888828050915253e-01 -1.154138150130353951e-01 2.564070851021615915e-01 -8.482068887165195026e-02 6.156268372698383423e-02 1.000170258268383572e-01 -2.827514170247829445e-02 3.306367513944042380e-01 -2.780353465936530877e-01 3.347549133851945302e-01 3.757646389114322610e-02 -2.425859430147260243e-01 -1.724414746597731363e-01
