1.000000000000000000e+00 1.342841155165482199e-02 4.369707366255364683e-02 7.546115778958323306e-02 1.388754009471203366e-01 8.882981757351947338e-02 1.246042368225252495e-01 -6.109750296447797463e-03 -3.355832646956714849e-02 -2.592893773653594525e-01 -3.014809682180535910e-02 -3.161550138569609730e-02 -2.278812501618556752e-01 -1.206944120909173163e-01 -8.182366197697157895e-02 8.262656849940745729e-02 -1.455091484065098029e-01 -7.345778537109340367e-02 -1.229609132812050504e-01 2.605162191312623138e-02 4.297313718328414633e-02 -1.531764594991446848e-01 -4.793555220314570098e-02 1.639088583683763825e-02 -8.117654522364682601e-02 1.048762239258769491e-01 -1.858541849832106851e-01 -3.004114263014725714e-02 -7.158324067638813237e-02 -2.598312011109582195e-02 -1.075359217245092924e-01 6.010997016955420269e-02 2.694727289626999145e-01 1.519646492063681659e-02 -1.324093347253778308e-01 2.717120777969661907e-02 2.925720607987120081e-02 7.568497406831525831e-02 1.149769765059058396e-01 -8.917304094114989269e-04 -9.043413403380479165e-02 -1.611347882163520762e-01 -1.423925830627457423e-01 -2.697235030627507038e-02 -1.093182430565749208e-01 -7.909691269898659616e-02 -1.391132237369341607e-01 -7.191239010786318331e-02 1.364889392459224804e-01 -4.213972840657898705e-02 1.194758169057420494e-01 5.046754549369115994e-02 1.312510656403002018e-01 8.294352064434944161e-02 9.408946939113406460e-02 1.469585368596830477e-01 7.741430829922524293e-02 -2.397369600872732986e-01 -1.700578101730042535e-01 -3.212026325451233788e-02 -9.619055824867548884e-03 -3.829502479703516399e-02 -3.002350069412922789e-02 -1.683888052450689676e-01 -8.286683120716650808e-02 -8.127125360223882988e-02 -1.042078740102508894e-02 -1.609231373312691449e-01 1.668852801060862270e-02 -7.711958618031798142e-03 -1.250260898136895671e-02 -8.775191722636324632e-02 -5.954662128261273973e-02 3.392144527083564010e-03 -2.029933316310005009e-02 -1.145080686861522645e-01 5.111328666155939143e-02 -2.873398461306709770e-02 -8.311571599710447511e-02 1.073579643964896330e-01 -2.050141576737723667e-02 -1.597179499647299883e-02 -7.011939436931866054e-02 -1.262966264213331580e-01 3.894981694022815397e-03 1.268020805135734036e-02 1.783715715392694690e-02 -8.956043477628068683e-02 -4.389062304636139750e-02 -1.390121003231901964e-01 5.096261211360340881e-02 -8.258934608054738225e-02 -8.983793492611535925e-02 4.506451363930266685e-02 -1.170515762598086165e-02 -2.277555720563174957e-02 2.199017988280877259e-02 -6.094252146843228204e-03 1.201090991241172135e-01 1.788744625951230183e-02
1.342841155165482199e-02 1.000000000000000000e+00 2.976600695065109714e-01 3.651169478709305749e-01 2.964494923269427873e-01 1.836537740213619596e-01 2.307371642927274688e-02 2.851363652280404781e-01 -1.285226199818270167e-02 3.723403138548164737e-02 1.851483008889465154e-01 1.623584934197244145e-01 1.892101174843383304e-01 1.799118235440807234e-01 -1.952049565958637739e-02 -2.433374324029875108e-02 1.443412809211795933e-01 1.673650465781524599e-01 2.368849802166392016e-01 8.573621096623984528e-02 6.226929652455947400e-02 1.480197074674747051e-02 4.553064731686943395e-02 -3.628520614611553674e-02 1.113931070311208887e-01 1.462079496490384855e-03 4.239587545347187764e-02 -8.908963743218463764e-04 1.167845205622234338e-02 1.580789941706774726e-01 1.715963890010663850e-01 1.888851196304934255e-01 -4.940945598177721998e-02 -7.801829431176763544e-05 2.179712141648618151e-02 9.359880247924319552e-02 5.871523309093564652e-02 7.872830423814754230e-02 7.512601349718427135e-02 1.868521754960687786e-02 -1.010021754785023901e-01 -1.254906778972013359e-01 -1.728064958490858156e-03 5.717989672755556529e-02 9.924488226098911181e-02 -3.042802891487169509e-02 9.293751757589641116e-02 1.063810089385040930e-01 4.922440570258242859e-02 1.072695932809422242e-01 1.466229956520276601e-01 4.093972381286903883e-01 2.084647275291351409e-02 -2.631251373400863777e-02 3.496515706457294370e-01 2.515928194075260915e-01 2.695993114242762334e-01 2.833558877381860963e-01 8.850315534847195964e-02 -4.844619451637093704e-03 1.025092697401381106e-02 1.053014762680096195e-01 2.525493391251163455e-01 1.617765503875034649e-01 6.957765574051871793e-02 1.223910356190823362e-01 -5.903903884778589906e-02 1.821744966827630874e-01 -6.710389708698996647e-02 7.470828667076925833e-02 -5.974461727740302402e-02 1.734169290917747519e-01 1.578597757814140523e-01 7.268410352743907323e-03 -7.939843586016997329e-03 -2.072446522659013302e-02 2.326577740136965555e-01 1.284374425871669632e-02 8.546587971946598139e-02 1.344962726861714530e-01 -1.868758822697908217e-01 -5.744561237745924448e-02 -3.335021571614051744e-02 -1.341599075588651435e-01 -1.075611673180962014e-01 -1.129945274455461945e-01 1.098038342768458409e-01 3.625734022166595544e-02 1.365562961165186218e-01 -1.585670454627464421e-01 -8.780213200172060084e-02 1.492038079745493517e-01 -1.282450503298914746e-01 -1.285777082149371087e-01 -2.052985623518709668e-01 1.004780558831277620e-01 -7.343152709394319688e-03 2.276312242801749666e-02 -3.266175770203329221e-02 6.784786156990384176e-02
4.369707366255364683e-02 2.976600695065109714e-01 1.000000000000000000e+00 1.715415430643601746e-01 1.598173384978301415e-01 2.237095001696408902e-01 2.547653106243923382e-01 4.278672136729697040e-01 8.695473625913592575e-02 8.665994439565100071e-02 2.070357317793248553e-01 7.255518804268623612e-02 1.279008961807547307e-01 1.548562505277257806e-01 7.329961494185421866e-02 1.236052833306983817e-01 2.614346258516670463e-01 2.731957914951758659e-01 3.453619048423835491e-01 4.911369763052654547e-02 1.474410527108311331e-01 1.412688486826882417e-01 1.836776471018011503e-01 6.166515953600007482e-02 6.919469553711438126e-02 4.241288248067803107e-02 -5.697750368395409354e-02 7.108094592244895704e-02 1.335332649158301258e-02 1.656880727917488250e-01 -3.737703160349570980e-02 1.194714277195266933e-02 -5.962133720448307278e-02 1.633422845541246116e-01 -4.956684744401284454e-02 2.696134435022057643e-02 5.678925739612694645e-02 -2.471602350930956690e-02 1.113334658639816670e-02 8.745838021262563461e-03 -1.190447679969294792e-01 -6.632344352790348063e-02 -5.091948036738688788e-02 -8.820291728603853534e-03 -1.719650511435289186e-01 -1.114288120872600069e-01 -2.076007298159027181e-01 -1.808876496368084785e-01 1.102769298751346411e-01 5.252520271128778795e-05 2.749383392496671519e-01 2.744369516695047695e-01 2.659269799852687077e-02 1.006633759858137772e-01 1.926405028182519019e-01 1.806782081201745993e-01 3.184374903188675332e-01 2.028851342153908666e-01 9.656553937414405486e-02 1.221029847969404558e-01 1.923474748784799460e-01 1.438696425450511074e-01 1.704782569144714932e-01 2.693654081741465589e-01 1.999620045597528539e-01 4.005581381491448573e-02 -1.119111685384271970e-01 2.893244612246547165e-01 4.473303847158978386e-02 2.565320702876084935e-01 5.587743916332936489e-02 9.887271373791994833e-02 8.774706571373108721e-02 -3.559273545384478848e-02 1.661807085246657933e-01 7.908732058004880328e-02 1.074326593219517845e-01 1.577367725686478206e-01 1.553891648509093601e-02 -1.357997817939258223e-01 -1.389269960731026599e-01 -2.701362164543386069e-01 -3.287443801862701687e-01 -2.223133251664272392e-01 -2.436508909123254185e-01 -2.605415114016082501e-01 -6.246884744588133281e-02 -9.961736763874906586e-02 7.079802497480811030e-02 -2.440325354400164903e-01 -1.820628637882487910e-01 3.170209389302853370e-02 -1.180757735299193117e-01 -5.977252366250370569e-02 -2.183900933654395748e-01 -6.807899998220652560e-02 -2.642949794679534947e-01 -1.854126160976800053e-01 7.275362287974110331e-02 -1.261038043005927728e-02
7.546115778958323306e-02 3.651169478709305749e-01 1.715415430643601746e-01 1.000000000000000000e+00 1.528853339260261568e-01 6.118354023734583896e-02 4.922641108092480622e-02 3.619733893217522147e-01 1.032977390640749116e-01 -3.120894213147918858e-02 1.197385882379086441e-01 1.865556768176097890e-02 1.412350890036078721e-01 2.090919767316883893e-01 -2.143461314793271982e-02 1.321818790724164361e-01 -3.269051159689551067e-02 4.880025313947844445e-02 1.450947146988958991e-01 -2.085520786584428854e-01 -1.744514019283552667e-02 -1.725884297775804807e-02 2.426274301386142918e-02 -3.402911806805983264e-02 -4.146035558226691281e-04 1.645436719450541971e-02 -9.481751472590677077e-02 -1.231321165997467798e-01 -1.555500429862753664e-01 1.507850496437302401e-01 1.943384734383543644e-02 3.796334685126476205e-02 3.694340365482810806e-02 -1.076000522875850407e-01 -1.269243547630248825e-01 -9.759835180703341218e-02 -7.073765453681843396e-02 -1.149621499967538483e-03 7.912629302885572369e-02 -1.542222991398095877e-01 -2.345743250072446773e-01 -4.307505737856123784e-02 2.503978725681942617e-04 -1.853093924576948090e-02 5.995037661525630390e-02 3.565684115436160845e-02 -1.138478567207689696e-01 -7.141645440451037385e-02 -1.892970693291022230e-02 -7.299051644460625987e-02 1.700123410253643053e-01 2.183525454330491611e-01 1.337481951526247881e-01 1.958898866877479827e-01 1.847480866535484711e-01 1.165890218390071703e-01 3.610073111819433467e-01 2.659754619284086519e-01 8.423476443810430647e-02 -4.022134442635433293e-02 -1.517568297320800660e-02 1.838232999516324351e-01 1.757682523495329163e-01 1.845863540156543470e-01 8.341274746657953432e-02 8.047165703356046196e-02 -1.254475542521692744e-01 9.989539399818603282e-02 -1.253832977152906092e-01 4.511324396057969643e-02 -9.217725026934960042e-02 1.945214121122439965e-01 8.793502427797070253e-02 -1.270152305602305007e-02 -6.672410212270189767e-02 6.597853561372250646e-03 -3.072902185814292003e-02 5.665356641698082035e-02 3.536233424040615553e-02 6.761504953835599692e-03 -1.760560760028858640e-01 -1.620342466484117339e-01 -1.253221555955892075e-01 -1.170431525836113512e-01 -1.080841903194867809e-01 -1.483948376319836338e-01 7.303377092109005972e-03 -3.495643184045343216e-02 -1.229195150698238065e-01 -1.874186691521838311e-01 -3.524823632619455971e-02 9.218890898492062419e-03 -1.146648438119314689e-01 -8.962126977323016386e-02 -1.038581003085897875e-01 1.614425985209321304e-02 3.133220678479534810e-02 -8.879801172251088059e-02 -3.622452681620216136e-02 -8.257462455693800885e-02
1.388754009471203366e-01 2.964494923269427873e-01 1.598173384978301415e-01 1.528853339260261568e-01 1.000000000000000000e+00 2.195421997424569782e-01 4.919613360098939320e-02 1.684152326743808548e-01 8.246584500958852038e-02 1.359625800363643278e-01 5.054637318511944616e-02 8.263586399358856249e-02 4.218513059599904302e-02 4.920481556383784344e-02 1.285572074450106184e-01 -6.654111540711438177e-02 -4.173835174425279126e-02 1.352362467342915764e-01 2.461944164815374134e-02 1.591357541069081671e-01 2.291710403011180119e-01 -3.890331616441628643e-02 5.556409569699126416e-02 8.122222062002922016e-02 5.772183894116119512e-02 2.903615631864254337e-02 -3.969018916416770099e-02 1.450592275411377585e-01 1.040690513513821691e-01 1.805258633849612382e-01 1.630634189461615258e-01 8.852377934343327870e-02 -8.498041888775041686e-02 -2.311942782143654174e-02 -7.735424631112507166e-02 8.886513905275940373e-02 1.776899358368814671e-02 -1.289255966853476709e-01 2.596321453211036800e-02 -4.174195617332580183e-02 -1.356055121236450223e-01 -8.577400272843881124e-02 -1.242848978473462263e-01 -5.206211674214397678e-02 -1.695042584702104865e-02 -1.006359824243241163e-01 -2.071207052436182042e-02 7.314477048004221216e-02 1.821261908718227115e-02 2.311115880017730606e-02 2.002035592713214407e-01 2.438665619954235309e-01 5.331004042039113461e-02 6.950941639932758931e-02 4.333144975801265231e-01 2.042031385694508538e-01 8.281382279778104483e-02 4.173698726068906378e-02 1.245963458717237460e-01 -4.726122114378335237e-02 8.791865989259110836e-02 1.448105779151533622e-02 2.251487223587076703e-01 -4.245831573562320466e-02 1.054525226822885728e-02 5.556311720782314278e-02 4.151428811898580894e-03 5.806321717008265659e-02 2.317780180966495449e-02 -7.050932118970702767e-02 3.892301968735909640e-02 -6.883956840604651094e-03 1.557820165447537930e-01 -1.468497251164733834e-02 1.105125316897973831e-01 3.504827918986799101e-02 2.084217630148443301e-01 1.841273025909922201e-01 1.607390372645330079e-02 6.252346347353412992e-02 -2.801385399723287442e-03 -1.417316014334956964e-01 -8.052894512522330850e-02 -9.859779941440968698e-02 -5.994182100551609382e-02 3.531230717311589773e-02 1.144342748912580005e-01 8.996038524299444783e-02 1.807505688018933021e-02 -7.442242646608274170e-02 -1.059359094719769245e-01 5.485054150971448855e-02 -4.556277432770619584e-02 8.768674528043787775e-02 -1.351706684365244771e-01 -8.204142403371604553e-02 -2.093182178584235970e-02 3.740400944107555997e-02 8.787562489336742111e-02 3.292812229683166059e-02
8.882981757351947338e-02 1.836537740213619596e-01 2.237095001696408902e-01 6.118354023734583896e-02 2.195421997424569782e-01 1.000000000000000000e+00 2.300833494980002725e-01 1.402342131617615728e-01 -8.199068174184531710e-02 1.388675591651386543e-01 1.852629175634913916e-01 2.328575021799868250e-01 4.952099399536277063e-02 -3.625337344128188449e-02 -5.608817392601513074e-02 7.055826647384523531e-02 1.109245973811985725e-01 1.300881422822140476e-01 1.575157234205807333e-01 6.451566823375963489e-02 1.992173149670243559e-01 7.606958563404421503e-02 6.971929560261254377e-02 2.485314833004663437e-01 8.420168206734116034e-02 1.564282289490279421e-01 -9.624359816139051171e-02 -6.477042474486137402e-02 2.442178078577666445e-01 8.589798344326605994e-02 -5.074750153597664369e-03 1.546059488252253256e-01 -1.643205759067776495e-01 1.022989103980799855e-02 3.869423659182377739e-02 1.119992735168514886e-01 1.350185156882021675e-01 1.735996208937401197e-01 2.442341712355703409e-01 1.849849560228680467e-01 -2.190539638835849526e-02 1.130344433037775848e-01 -2.205885370633088247e-02 -1.681279581884836949e-01 -2.813333143930361047e-01 -1.618169963441153658e-01 8.383341979252023624e-02 1.467524384057314508e-02 1.708108607526857281e-01 7.022007898389889813e-02 1.318826279159587833e-01 1.485486629526723001e-01 1.219548608536286938e-01 -1.110830350852317489e-01 4.160425096633478259e-01 4.560661637070074215e-01 4.409676451936966196e-02 4.574344034815817917e-02 3.150976630035328130e-01 2.493212710411057687e-01 1.499759004462640211e-01 -2.897359943704039612e-02 1.584009140943086758e-01 -6.654698261523415981e-02 -4.499255571720059410e-02 3.094954233768410987e-02 1.449009735799975107e-01 3.059573869924778200e-02 2.490821689207945167e-01 -1.635665841446811916e-02 -3.454741780349707830e-02 5.305720702626914864e-02 1.766718988251197442e-01 2.510253599011120773e-01 2.663297450935100952e-01 2.168855751672205123e-01 3.075657300781243220e-01 1.195060668359513995e-01 1.291534901277758274e-01 2.031862928110782784e-01 1.210624964068028331e-01 2.672774944751108665e-03 -1.755778023438646085e-01 -1.013929203763348774e-01 -1.098130550722397764e-01 3.282096252866210234e-02 1.217501488588432351e-01 1.179011560614594972e-02 1.198277085139711068e-01 1.164123548444700312e-01 3.197948742216459583e-02 8.843563170412728491e-02 2.220306314168219441e-01 1.066074122291908871e-01 -4.997492024986125575e-02 -6.162154163542908625e-02 -5.507571675392378130e-02 5.130293524756526086e-02 2.091026932276589811e-01 6.092988120928811285e-02
1.246042368225252495e-01 2.307371642927274688e-02 2.547653106243923382e-01 4.922641108092480622e-02 4.919613360098939320e-02 2.300833494980002725e-01 1.000000000000000000e+00 2.913730404386072892e-01 1.297849453089294502e-01 -1.629279205449007950e-01 1.049169595368227015e-01 -5.433655700502594554e-02 3.349476049897892604e-02 5.353405218933236787e-02 -2.725625299315771570e-03 1.977037441246877192e-01 7.458267672751160704e-02 2.419155508340573302e-01 1.237131892371326619e-01 1.969532178926241273e-01 1.102407466625076882e-01 8.085634927111659542e-02 6.735622444554245636e-02 -2.739322611643915401e-03 -9.684334377730020871e-02 -1.320504793660589038e-01 -1.463628153220673245e-01 -1.345093899803613269e-01 9.350573481743237880e-02 -9.171206457858506467e-02 -1.565693658943130284e-01 1.266048317392144684e-02 1.467190030105802456e-01 1.877278647546848089e-01 -1.079966745858714217e-01 3.164459810552425756e-01 2.158583888032390707e-01 1.284675253657647509e-01 1.749614645293199044e-01 3.722009649744368875e-01 2.635235365118145934e-01 -3.876752183191121276e-02 4.362061829386921358e-02 5.688607789071813831e-02 -1.676412047199541677e-01 3.209587553046957045e-03 7.398148727596944030e-02 1.398991919555720442e-01 3.059438387261959602e-01 3.185913962836062208e-01 2.394489593106912395e-01 -2.784151350510134099e-02 1.313310181240580354e-02 5.605496943013494292e-03 1.533657394863322254e-01 1.248514631130138025e-01 8.932456698479143697e-02 8.849874943307486919e-02 -5.413576847809687537e-02 1.087049552957987525e-01 1.141823597713569234e-02 1.811171406586434274e-02 1.038678835912747872e-01 8.004264404341246419e-02 -4.994986076164867339e-02 -1.171489789587123603e-01 2.586472434447533719e-01 1.266029537922865600e-01 1.505411684372758296e-01 1.673219212865725003e-01 -1.242772197262555084e-01 -8.626924771947938608e-02 6.610364067767557361e-02 2.430113026562881473e-01 -1.479134046358881495e-02 -2.498485862994709872e-01 -1.564424647534674168e-02 -1.171516948075748688e-01 4.077447673553222240e-02 4.121299274281105957e-02 -1.829460197266045973e-01 7.302739866763122145e-02 -2.207123683609295839e-01 -2.690833569738715902e-01 -3.526300206514335067e-01 -1.065368947611206457e-01 2.138510768781248794e-01 -2.323623125645114251e-01 2.360246676938453914e-01 5.212303442394008307e-02 1.698171923274164122e-02 7.529976764207657602e-02 -2.056090504357400636e-02 5.991723564740183972e-02 -2.486336535179561047e-01 -1.275149856828930277e-02 -1.795994242629224968e-01 1.098413988559548693e-01 2.904011741626679743e-01 2.728094399260921343e-01
-6.109750296447797463e-03 2.851363652280404781e-01 4.278672136729697040e-01 3.619733893217522147e-01 1.684152326743808548e-01 1.402342131617615728e-01 2.913730404386072892e-01 1.000000000000000000e+00 2.376959324019100317e-01 1.207254131161881600e-01 1.517360940070444364e-01 5.111676248336130546e-02 2.484900554126443506e-01 2.864590484522498981e-01 1.440566315889496019e-01 6.707844165569472328e-02 1.520542735832524361e-01 3.567437901075268258e-01 2.830138498259044955e-01 -1.274035151077868890e-02 1.709575205196987857e-01 1.597974162258157527e-01 1.811791557993863988e-01 3.128139656347922459e-02 4.869486310197897877e-02 -6.333406351738841804e-03 8.493107187828561472e-03 -2.863081570975519255e-02 -9.464068357962851508e-02 8.745854137085404267e-02 1.937258945615640687e-02 -2.082873250740955098e-02 -9.116625617945775528e-02 1.093743570770197709e-01 -4.815111496479101971e-02 -1.933108321538917762e-02 -1.000802206469655065e-01 -1.167995265095791851e-01 -2.516513258794033162e-02 -6.583698816929176023e-02 -1.917803255669320861e-01 -1.261321988755553618e-02 -8.514413205697868650e-03 -1.852491941355703187e-03 -7.757169609980912872e-02 -4.006456830049850981e-02 -7.235824484120251254e-02 -7.608168582543145542e-02 2.436833507081259675e-02 -7.750405447702291006e-02 2.437756782893006346e-01 1.956789826830842016e-01 7.647117673323362841e-02 1.148128701345807051e-01 2.061637758849853841e-01 2.011414941540968782e-01 4.698756194844362355e-01 3.685533076675910902e-01 1.623242147989348572e-01 1.086896436922951507e-02 6.222924619882697767e-02 1.651615788170422983e-01 2.451725757303695186e-01 2.846028323304443663e-01 1.021813988995530220e-01 1.159099021816855646e-01 -6.799428356129383344e-02 2.199862728581951921e-01 -4.759994039978819591e-02 2.224922394508429546e-01 -3.192045133541779323e-02 8.427792988991336665e-02 7.937740681239205398e-02 -1.314610783570316528e-02 4.228687274890588488e-02 2.250868383712975943e-02 1.094212638403052780e-02 2.633136222543751639e-02 9.997901029421372987e-02 -7.009226533967073680e-02 -1.742283497411434845e-01 -2.350468178402994046e-01 -2.831257591842590848e-01 -2.125076847125045854e-01 -2.999479120122992559e-01 -1.952342211111551540e-01 -3.930368205558512629e-02 -4.248640411962713304e-02 -5.334325693293205661e-02 -2.278077041980623441e-01 -2.609218439703255288e-01 3.701742744750452507e-02 -1.052357354343763929e-01 -4.168389815533452697e-02 -1.683334444593602985e-01 -7.855573016325835545e-02 -1.965978859063432782e-01 -1.400664890605794188e-01 1.443788025368077316e-03 -1.013481825658222729e-01
-3.355832646956714849e-02 -1.285226199818270167e-02 8.695473625913592575e-02 1.032977390640749116e-01 8.246584500958852038e-02 -8.199068174184531710e-02 1.297849453089294502e-01 2.376959324019100317e-01 1.000000000000000000e+00 5.615517690136396373e-02 -6.349218578854977368e-02 -7.607005950774547998e-02 -2.322138222239514271e-02 -7.093429701242952301e-02 -7.980934021852449656e-02 2.930099760084278054e-02 -9.063963686489924509e-02 2.070397291757485880e-01 -5.282154303536788775e-02 9.860997971485396807e-02 4.704464724276526122e-02 -5.717545106001726413e-02 -1.770405918834631331e-01 -3.556846645000313195e-02 -1.419422472575767036e-01 -1.673279593383094899e-01 1.978332171552938945e-01 -6.903502252393739491e-02 -1.056690268557864548e-01 -1.455139628837194832e-01 1.400473853321764113e-02 -2.839605122986134100e-01 3.775646351125391820e-02 1.906555534167611032e-01 4.990241640089245617e-02 1.499334173559120631e-01 -1.886564313669404358e-01 -1.989128290502986396e-01 -5.758432548986912314e-02 -8.148750457898135818e-03 9.258804288809940886e-02 1.907448649887002329e-02 3.805977474178059289e-02 1.764922028720644354e-01 1.199560066163509742e-01 1.190551325531033072e-01 -9.297063890647805362e-02 -4.436749516322437831e-02 -1.581544041486331320e-01 -3.483385513637204944e-02 2.563862881755119699e-02 -1.134143606494509293e-01 1.584377203901051259e-02 1.478410470765803841e-01 -6.252461841794620945e-02 -1.016673091881145491e-01 2.867631808989116182e-01 2.756316058902935628e-01 -3.653304029382460627e-02 -1.545034056317062809e-01 -3.688067324260061591e-02 -6.546277090340618318e-03 -1.443834395103140711e-01 -5.016958275991467014e-02 4.046676601356920949e-02 -2.553757112915425731e-01 -1.197168864658109365e-02 6.086547324232656486e-02 -2.999857257537951599e-02 1.314468455830761218e-01 -2.556571921248106550e-03 -1.189946056510599454e-01 -2.594163505810388459e-01 -4.925630417138921607e-02 -8.147380552817386212e-02 -1.459770252049504835e-01 -4.658528405500714925e-02 -1.105858867397444822e-01 1.770039571337370804e-02 -1.934475220065418055e-01 -4.578971618099692692e-02 -8.539206291156853368e-02 -7.590990655273788246e-02 -2.072308680882409965e-02 -1.212467400064038692e-01 -1.782871180345019235e-01 -1.846622507386727063e-01 -5.791753617645484242e-02 -1.302909530530791116e-01 2.312874541803719777e-02 -1.557924645703004374e-01 -2.155442663110158398e-03 -8.824422497097500484e-03 -1.779370008646526391e-01 -1.231816631536599427e-01 8.539867936273141946e-02 -2.522347032777410430e-02 -2.895828883307816071e-01 -1.057357107821440961e-01 -1.420432394252091890e-01
-2.592893773653594525e-01 3.723403138548164737e-02 8.665994439565100071e-02 -3.120894213147918858e-02 1.359625800363643278e-01 1.388675591651386543e-01 -1.629279205449007950e-01 1.207254131161881600e-01 5.615517690136396373e-02 1.000000000000000000e+00 -9.133732126103461316e-03 3.309264602138893840e-01 2.434715487461257266e-01 1.557762967396388587e-01 4.637529796741617777e-02 -1.219243051188408367e-01 2.365240668492628595e-01 6.076276993963226902e-02 1.027482937140288682e-01 -1.842573691713884076e-01 8.632083438645969664e-02 1.303104447867902728e-02 1.121684313442734560e-01 1.100886271605938244e-01 1.704926263527634100e-01 1.203696704497046605e-01 7.923338658122612566e-02 9.261507024353807238e-02 1.263970226853582124e-01 4.591851237232243144e-02 1.585391373366883683e-01 -2.512846722401701829e-02 -4.116947022647140519e-01 -2.522972565154573375e-03 9.426628523345553790e-02 -2.374800976051884283e-01 -3.049050911615089690e-02 -2.251559574134689712e-01 -2.682566764670510362e-01 -1.889785243679465432e-01 -2.656881665486818811e-01 6.111667245853779490e-02 -1.430465143425032060e-01 -1.039780090911948673e-01 -2.573361172722255646e-02 -2.629576107816672392e-01 -6.037014684805674242e-02 -9.632276837728558083e-02 -1.558840631026656709e-01 -2.041105599055139386e-01 7.185839216755680880e-02 1.662695164767975797e-01 8.055346562425530488e-02 -5.120101892093451706e-02 1.583992418812907588e-01 1.976630975360093301e-01 5.168254048854933197e-02 1.198728086186225117e-01 5.157500890335292576e-01 1.851166126946861279e-01 1.809647692039926536e-01 -7.702446605611288494e-03 6.766721403572219240e-02 1.366705959428322625e-01 8.168154212533032532e-02 1.272243158021256482e-01 -8.157680740158478397e-03 1.060958044041244996e-01 -4.950979411790982360e-02 -1.135859356196752962e-01 1.174549664486139455e-01 8.508765879135106458e-02 1.888745442714355460e-01 -1.251898623970144064e-01 1.355821937490928886e-01 4.405651618028398886e-01 1.298580353341448612e-01 1.495249276700612306e-01 1.535249300100836600e-01 -1.445944088035688024e-01 1.749537788981778974e-01 -1.652418600457324083e-01 1.111706117258464549e-02 1.416184082415580803e-02 7.212483585470008673e-02 8.003545588774585440e-02 -6.372620851328524016e-02 1.519775815077163972e-01 -7.243786298880693086e-02 7.131099667991754043e-02 -1.202487662420080039e-01 -1.671799076740979051e-02 1.365983951592359691e-01 -1.413381426710112396e-02 1.861796306424156125e-02 -1.176524771698005539e-01 -1.669462122951650140e-01 -1.055616814760699795e-01 -5.892066121914470329e-03 -1.961518349272355077e-01
-3.014809682180535910e-02 1.851483008889465154e-01 2.070357317793248553e-01 1.197385882379086441e-01 5.054637318511944616e-02 1.852629175634913916e-01 1.049169595368227015e-01 1.517360940070444364e-01 -6.349218578854977368e-02 -9.133732126103461316e-03 1.000000000000000000e+00 3.907005843118530053e-02 1.256737673551014955e-01 1.080173209135591728e-01 1.064098173815519743e-01 -5.537525741680049407e-02 1.867643135238145347e-01 1.492321075222825533e-01 3.533204115516240806e-01 7.516844416203909141e-02 1.841766053357659361e-01 1.547306165549102441e-01 1.239869689704774791e-01 2.667967740420132960e-01 2.654727655896428340e-01 1.917550416413034975e-01 -2.168323797411129128e-01 7.598275794454900645e-02 2.225927618016851628e-01 9.975393050476173695e-02 3.827801071663489846e-02 6.256806210375180644e-02 3.044980849548858948e-02 1.403109532839350859e-01 -1.326276914995477008e-01 2.285835922927881986e-02 7.568700475307389708e-02 -2.607328642427267015e-02 -8.449864552770534887e-02 -1.399570217356647592e-02 -6.384694314317358732e-02 1.270955350873762546e-01 5.335790490107517742e-02 -1.002077660761505479e-01 -3.033952108309703188e-01 -1.383246980722102060e-01 -6.848549036444731564e-02 -1.300257164451356917e-01 -3.539395405490897845e-02 -7.875058405812163098e-02 1.228205521992898064e-01 8.181705991074500472e-02 -4.024022694058362187e-02 -2.315102852269043665e-01 5.297354755862757753e-02 2.696415755764016570e-02 2.956429783289999530e-02 1.266179336580236861e-02 7.702887307027452002e-02 7.832071523798415924e-02 3.398152466888181289e-01 1.515747682656569395e-01 1.851959968032322601e-01 1.272933834151911692e-01 6.392126637082699847e-02 1.667719169141067964e-02 -7.669710498966526672e-03 1.701049954690699861e-01 8.876571125076353208e-02 1.255232422203549636e-01 -9.500646274431796823e-02 1.363252960607314879e-01 5.719413682731306486e-02 1.401104960712580838e-01 3.540779203321449686e-01 8.734722255033727789e-02 1.685107146373558129e-01 1.921058636607803904e-01 -3.866910931861507195e-02 2.889052372886768971e-01 -6.593164406172174336e-03 -7.318439503068661922e-02 -3.654606413127513553e-01 2.254599951798316737e-02 -1.643155882799069711e-01 -1.712312311328162417e-01 1.210244809964493157e-01 4.129568095769285685e-02 1.324165949911745299e-01 -9.700931059134706991e-02 -1.300054183983569978e-01 3.833021071389970391e-01 -8.772437354241914564e-02 -9.858589390720035039e-02 -1.146978640539947358e-01 -6.924020927400703629e-02 -1.985647753803286009e-01 -1.622920137531982110e-01 -2.191967608675866874e-02 2.781701073453270862e-02
-3.161550138569609730e-02 1.623584934197244145e-01 7.255518804268623612e-02 1.865556768176097890e-02 8.263586399358856249e-02 2.328575021799868250e-01 -5.433655700502594554e-02 5.111676248336130546e-02 -7.607005950774547998e-02 3.309264602138893840e-01 3.907005843118530053e-02 1.000000000000000000e+00 1.252708432701346575e-01 1.305679589733589607e-01 1.139739721683001861e-01 -6.245412295510219952e-02 3.341620983045321402e-01 9.247693621882328852e-02 1.650240122483088157e-01 -8.038316692061477087e-02 2.642092939626912163e-01 2.360007147443423867e-02 2.040484266661126422e-01 2.584544133594635640e-01 1.154903662217611066e-01 2.948426582435347831e-01 2.241509856754233740e-02 1.005873285466227229e-01 2.563465316032517705e-02 1.115477493606686216e-01 -5.260919790899661053e-02 6.129584020436613240e-02 -2.547003279178050583e-01 -2.109192025284311808e-02 1.210823581341504834e-01 -1.118033958983272874e-01 -1.993159769016667610e-03 -1.761219267640292199e-02 -6.719911978531359353e-02 -4.441895289024886534e-02 -2.544894925530076790e-01 1.402286676026587853e-01 -7.488910978055400569e-02 -4.790020079272357817e-02 -2.984453724934719304e-02 -1.944459700843742533e-01 4.199805377259822198e-02 -2.899208043876564875e-02 6.435242940547998558e-02 -1.214967044700691057e-01 8.714692243318139520e-02 1.701647443949687588e-01 7.708867125891115391e-02 -8.530313610128208157e-02 2.332777417874990211e-01 3.204847756122416458e-01 7.992677928244784624e-02 1.010179504941274842e-01 3.709019305481980333e-01 4.875312817186888137e-01 2.317200080277133922e-01 -1.678337319885964520e-03 2.268533822711088221e-01 1.390806034902341004e-01 1.043728070001571917e-01 2.510744975184921457e-01 -8.477805336708872652e-02 1.032425412920040808e-01 4.417011067960609910e-02 -1.051810453284112157e-01 1.189187608043640182e-01 4.545681031258452798e-02 2.690879349809359722e-01 3.532890315531359710e-02 2.502758145401076106e-01 4.640173426759465758e-01 1.858156068694551133e-01 1.518176691622987462e-01 1.222091407367003890e-01 7.587123938819032021e-02 8.687366889685446680e-02 -1.833520503734395735e-01 -4.818431299834512183e-02 -1.426743989404521129e-01 7.310409743856421949e-02 -3.004010212467284058e-02 4.325257283333958785e-02 1.601789918030118165e-01 7.510269679466571868e-02 -2.283664383252896266e-02 -1.511767789993596067e-01 9.627033278319620940e-03 3.994523156301921923e-02 5.211766354725116263e-02 1.660043915821957095e-01 1.773278963809761868e-02 -4.005112151727027031e-02 -6.899679433599469058e-02 -4.598611406674615702e-03 -1.173047070641541623e-01
-2.278812501618556752e-01 1.892101174843383304e-01 1.279008961807547307e-01 1.412350890036078721e-01 4.218513059599904302e-02 4.952099399536277063e-02 3.349476049897892604e-02 2.484900554126443506e-01 -2.322138222239514271e-02 2.434715487461257266e-01 1.256737673551014955e-01 1.252708432701346575e-01 1.000000000000000000e+00 3.416851625850421126e-01 1.369426778373099285e-01 -2.097633803739366587e-01 2.170166621290040010e-01 1.453267691062554989e-01 2.143257764986112035e-01 -1.563917099032772484e-01 5.152980114612463330e-02 1.847451952842047718e-01 1.445667338626554499e-01 -5.474313668449086630e-03 7.042555202047222351e-02 5.200722181551312856e-02 -4.608999717886397285e-02 8.273733686369184881e-02 -6.184635070198524903e-02 1.278255781597210095e-01 3.553425488252898862e-02 1.753799552621202462e-01 -2.107091967747493078e-01 2.447445236076159492e-02 6.692579430729163337e-02 -5.938725321598723600e-02 -6.575429265851351172e-03 -5.909159714258262891e-02 -1.871092846368420104e-01 -8.492234986098951000e-02 -1.185379004865041302e-01 3.248347041475541097e-02 -3.486729516618650854e-02 -1.382862542452340535e-03 -5.713543044825761339e-04 -7.840563779829230751e-02 4.751636214543496911e-02 7.484976309747164158e-02 3.824902380175384912e-03 1.794723534027305471e-03 3.964252186939013628e-02 1.889574489033231386e-01 -8.989143416802253261e-02 -1.011561317848123365e-01 2.092141273621315745e-01 1.515381195130851844e-01 1.981454271328758621e-01 2.577214113071247259e-01 2.153675766603062591e-01 7.897353118892662394e-02 1.473550666485740901e-01 4.702357703416153445e-01 4.373718325719035960e-01 3.338565986576307876e-01 3.266879876000527289e-02 2.759370384066871518e-01 -8.180676264092555383e-02 2.219402437520641147e-01 -5.443186387188185538e-02 4.640868709039330103e-02 -1.490281150108397623e-01 2.638710786711965794e-01 1.115741882829918707e-01 -4.870111284311959277e-02 4.255862175528340313e-02 1.038882871255702861e-01 3.679294973646204253e-02 4.915130142778528083e-02 1.574589768306484117e-01 5.378331662744367803e-02 -1.369274577865040865e-01 -8.585834144602765006e-02 -1.282542470955131686e-01 -2.996904144017399976e-02 -1.850564994114130279e-01 -1.091184446033402478e-01 6.027441306404035526e-03 3.100379843088617304e-02 -5.147755706632976130e-02 -7.241561721033160093e-02 -1.180549418186679772e-01 5.463918091970969976e-02 -8.606036723402146413e-03 -3.402597018171827498e-02 -7.962653461186156023e-02 -3.360487513298380385e-02 -1.338502088682861357e-01 -3.300171650714638777e-02 1.223013276576737952e-02 -3.431036860926178073e-02
-1.206944120909173163e-01 1.799118235440807234e-01 1.548562505277257806e-01 2.090919767316883893e-01 4.920481556383784344e-02 -3.625337344128188449e-02 5.353405218933236787e-02 2.864590484522498981e-01 -7.093429701242952301e-02 1.557762967396388587e-01 1.080173209135591728e-01 1.305679589733589607e-01 3.416851625850421126e-01 1.000000000000000000e+00 3.849310167334283883e-01 -1.559501969236220253e-01 1.081375551269696672e-01 2.088704200038381531e-01 3.728864525401425212e-01 -1.423079870415052406e-01 1.492382294675641541e-01 1.325270558788263775e-01 3.310981827243183462e-01 -4.558080734952719287e-02 2.187558420755124078e-01 -1.242598560938503183e-01 -1.131457498003100304e-01 -2.788505668985424846e-02 -1.354686640113867691e-01 1.662713278634429248e-01 1.082392998385519750e-01 1.694584621535868418e-01 -1.879009774320384019e-01 -3.052511324933598544e-02 -1.077156839682577860e-01 -1.580412686562103208e-01 -1.855749927254085434e-03 -3.865331531583160452e-02 -7.527606805435824167e-02 -1.929852475669058820e-01 -2.918850661652169776e-01 4.298884282674942520e-02 -5.933201171233767890e-02 -1.713985110625563732e-02 2.264403516819744454e-03 3.403170361263928301e-02 2.770626998500314974e-03 -2.175858210511518592e-02 3.524815630803262295e-02 -2.292470693377654523e-02 1.015771105442650479e-01 2.261329324536649199e-01 -9.862059144167559244e-02 -5.298874494817818089e-03 1.513779951332180351e-01 9.059034724675404937e-02 2.833436405267927838e-01 2.015830305266334554e-01 7.204535536554236563e-02 2.478122119998044798e-02 2.110700128287614288e-02 2.099369640509649859e-01 4.508981814474921079e-01 3.790391524398230572e-01 2.046504565890025773e-01 4.154761957150380214e-01 -1.996692158225773228e-01 2.191963721069551674e-01 -1.562297736486607524e-01 7.437068124764950605e-02 -2.055102436903931407e-02 5.008148775734548586e-02 2.481739276345127088e-01 -1.087203669916469578e-01 -9.225472282180874339e-02 7.341589306031655326e-02 2.945586218384680863e-02 -2.177292291710206107e-02 3.277878471275225136e-02 1.832670777141867657e-02 -2.887869778434206114e-01 -2.339637486306885839e-01 -1.529612089365100791e-01 -1.115900951726183643e-01 -2.240444873601682152e-01 -1.249258637049498744e-01 9.625740230854930302e-02 -9.594114084484624272e-02 -5.792003076022456814e-02 -2.591070725432450539e-01 -1.584162586886144752e-01 1.300437304221449542e-01 -2.333565018792544965e-01 -2.682580285297608141e-02 -1.695577935303771433e-01 -4.949808273036651607e-02 -9.789337685003435263e-02 -1.213800404092645925e-02 -1.013270630806125672e-01 -1.612530926800153502e-02
-8.182366197697157895e-02 -1.952049565958637739e-02 7.329961494185421866e-02 -2.143461314793271982e-02 1.285572074450106184e-01 -5.608817392601513074e-02 -2.725625299315771570e-03 1.440566315889496019e-01 -7.980934021852449656e-02 4.637529796741617777e-02 1.064098173815519743e-01 1.139739721683001861e-01 1.369426778373099285e-01 3.849310167334283883e-01 1.000000000000000000e+00 1.292204120793901366e-02 5.787571650776198590e-02 2.576880908540140624e-01 1.469573060159312938e-01 1.984961320708125143e-01 4.620687105636028802e-01 3.295514600667345806e-02 3.392217875994841259e-01 2.144161637817962041e-01 2.378410024712332704e-01 3.867512202356088169e-02 -2.155677614504833695e-01 1.018309863577065988e-01 3.312150118188408182e-02 3.691918950312329528e-01 1.124145675065151527e-02 1.377095435688908132e-01 -2.158503045884941907e-01 -3.822397443504411312e-04 -1.158543118901171759e-01 -9.690868988079312518e-02 -8.510950368868205884e-02 -2.022326842411341363e-01 -1.042841081741832238e-01 -1.954069088032189261e-01 -2.453252442850295811e-01 -4.250306073206872731e-02 -1.819871374865949243e-01 -1.909764600821076963e-01 -1.529610408878680772e-01 -1.372075283714682126e-01 -9.073325863212618192e-02 -8.803090336956088946e-02 -7.289540531117336131e-02 -1.262384410739522678e-01 1.194976360427572326e-01 1.876182724971262039e-01 5.800418623664960888e-02 1.137670646081487408e-01 4.921325726095419212e-02 4.273859907486018267e-02 1.281276395138526980e-01 2.037316106536428417e-02 8.930753449066981819e-02 3.791654109411314588e-02 5.018417995465034032e-02 -1.106591890195728588e-02 4.003169424486935912e-01 1.105397448258029353e-01 1.214402170354602628e-01 3.733368544149949786e-01 -1.676097949285310917e-01 -3.843962915077798331e-02 -5.373394552527906154e-02 6.316999753964355757e-02 3.338071747162376091e-01 -1.176128999650652707e-01 1.343685917308419797e-01 -7.970910080849616386e-02 1.396817896448161456e-01 1.029331947231502120e-01 3.554947370395623862e-02 2.824092164812259664e-01 -7.632984057776207032e-02 -9.125525749740706627e-02 -7.377948501948905502e-02 -2.356479402281488056e-01 -2.369725587794039856e-01 -1.102153011065043903e-01 -9.196981520947405953e-02 -1.016816240166672075e-01 6.487966601251487359e-03 -5.520630487155959304e-02 -7.372758675633643566e-02 -2.245950807118212711e-01 -2.562875115595517617e-01 -1.180353311353929818e-01 -2.181647854607436654e-01 3.284477215374845618e-03 -5.735440177508162318e-02 -2.378834598078053142e-01 -1.847405899455533684e-01 -6.671831006177001647e-04 -1.605386874646421991e-01 -1.065559520873645971e-01
