1.000000000000000000e+00 2.773358676424170777e-01 4.188728592448741073e-01 4.133466534772200357e-02 3.021252209623370710e-01 4.353145547341875643e-01 3.839147425285674431e-01 2.724694303734059297e-01 3.247813708672240840e-01 -1.207371099186859281e-01 -3.969459096218082989e-02 -1.919228477471019434e-01 -1.043509148941320665e-02 -2.776389796937262511e-01 -2.994024497902292858e-01 3.853676773765131736e-01 -3.754521549097328270e-02 -9.054674673575108246e-02 -1.197227343887375811e-01 -3.778092709686650674e-02 -2.302128016374528630e-01 -2.628772887908516487e-01 -2.796060953761501100e-01 -3.340399052700834814e-01 1.240888783764128311e-01 -1.801646595209515644e-01 -2.160970003661687733e-01 -3.938042307165020017e-01 -5.364219738726183628e-02 -3.753447967766310733e-01 -1.706774488904114762e-01 1.815077958481942089e-01 1.869907288163493442e-01 -1.970518969822057098e-01 -2.660302763557420569e-01 -1.714017430192363856e-01 -2.923322027613663443e-01 2.645611340300426662e-01 1.961839662541573492e-01 -3.012976677809685311e-02 -8.430863222933407397e-02 -2.119865032390657322e-01 -3.340454591589663291e-01 -5.247950465359094152e-02 4.914701626190126627e-02 -3.111431533040016073e-01 -3.506889552709532287e-01 -2.428410437073978412e-01 1.982447453585914066e-01 -6.489929341680121533e-02 5.714620296358854379e-01 4.855291194188021686e-01 1.417803353477601336e-01 1.564934873419150940e-01 4.675175225369998522e-01 4.944269339588139855e-01 1.950089778000366758e-01 3.057942783724822977e-01 1.921610714269977316e-01 6.811768859046442304e-02 8.297815179898068716e-03 3.006281907690753000e-02 -2.463375885263593967e-01 -8.103930428298074251e-02 -3.342342395380210607e-01 -1.594113274465186192e-01 3.526022508631648233e-01 -6.760436144716278073e-02 -2.899186173165133051e-01 -1.545441458241298416e-01 -1.033213963521826401e-01 -2.561825253396762259e-01 -3.153471703831313144e-01 1.850487757789683885e-01 -2.446060609922668660e-01 -5.298943634106129986e-03 -1.383672129278778473e-01 -3.025642612810783283e-01 6.765572512280657036e-02 2.170838921572932900e-01 -4.297285552722769353e-01 -1.337950206790524399e-01 -7.492871379560494052e-03 -2.667036830835702310e-01 -2.654034454561883249e-01 -2.834618105672784827e-01 -1.917503246511262638e-01 -3.557580021918659297e-01 6.861555443096159501e-02 2.550087577067108521e-02 3.107000131339537341e-01 2.578447502451983731e-01 2.255767791542607481e-01 -4.272772170939634351e-02 -2.853255878001540458e-01 -7.018592586066010885e-02 -2.839374904862440041e-01 -1.976913389782974928e-01 3.968403554674107547e-01 -2.417939733578511677e-02
2.773358676424170777e-01 1.000000000000000000e+00 3.983013840695904251e-01 3.095171786620411480e-01 2.440318846006295783e-01 4.002425624888968358e-01 6.532372437184021108e-02 2.758998099792482339e-01 2.152537055080799289e-01 4.810281145221130539e-02 -2.145050086744090811e-01 4.759881597852369528e-02 -1.184972178097174096e-02 -1.741560209779045298e-01 -1.275342747326289050e-01 1.829818966175761064e-01 -1.534348632054802763e-01 -9.169737427158741738e-02 -3.115275628681540288e-01 6.289973423189438272e-03 -9.140543219749891479e-02 -1.041235420102878811e-01 -1.006375513348889139e-01 2.104278758123091092e-02 -2.281419362692712824e-02 -1.110649638642362685e-01 -6.517664145487929439e-02 -1.293346641261645114e-01 6.584072785164214736e-02 -1.131384189126398016e-01 1.865899863963940142e-01 -8.714195513070932542e-02 -9.824404816645621041e-02 -2.089522289924337639e-01 -4.328792301023533240e-02 -4.753031476216027645e-02 -5.414010597544895859e-02 1.289082897788348114e-01 -5.902409196191207331e-03 2.392991017770988160e-01 3.062935956818916422e-02 1.772855407165098429e-02 7.453316318366244586e-03 -1.342612334221724990e-01 -2.003672608256245324e-01 -3.755649967936357247e-02 1.694606212976837098e-02 -9.415430432971837182e-02 3.010720874616250042e-01 9.121768121977573418e-02 2.833883015117640847e-01 4.087013642775240707e-01 8.553784064598825287e-02 2.602684888667846086e-01 3.924357345700064670e-01 1.425429578105237571e-01 1.065458806620956864e-02 2.964988984131907146e-01 -3.729179427500398103e-02 -6.969056526672870455e-02 7.019523409290945315e-02 -3.352057417709014553e-02 -1.346815185074288490e-01 -1.977948534654384305e-01 -2.476360634645454473e-01 -1.311405160148184923e-01 -2.416147505176042057e-02 -2.922376705971671540e-01 -1.719052098201418466e-01 -1.156350483685667924e-01 -6.514006318903471648e-02 -1.886134025741876552e-01 -8.411529222476711587e-02 1.125995871802357683e-02 -1.311610721741323649e-01 -2.115875576730572027e-01 -5.314353904982330179e-02 -1.628896012899538337e-01 -7.783798762416420380e-02 -9.583681170307578601e-02 -2.128202475269052318e-01 -1.123322200332169118e-01 -2.891438348059925389e-01 -2.198418361862831127e-01 -1.531651101472566445e-01 -9.827169405647363798e-02 -1.576041733575075099e-01 -1.323525391422664399e-01 1.238310482682610236e-01 6.714455824691213659e-02 -4.155956198028459142e-02 9.806268396927463049e-02 -9.446583155415511079e-02 4.429491730406165395e-02 4.101981678740242165e-02 -1.561077537870433629e-01 -9.365454081465190983e-02 -7.191672222636588674e-02 2.534822213532335611e-01 8.066202950078342482e-02
4.188728592448741073e-01 3.983013840695904251e-01 1.000000000000000000e+00 -1.094514838090191455e-01 2.025691061300206874e-01 5.589456751151129499e-01 1.566312392600875125e-01 4.502853589730199113e-01 4.364870332390933805e-01 1.617963151557088031e-01 -6.492552140466875676e-02 7.951819213770461303e-02 -1.488063742561605285e-01 -2.339602342110622402e-01 -1.368383628009181008e-01 2.468140435737739558e-01 -1.343385395108308011e-01 2.827421802485688071e-02 -1.754558531294247714e-01 6.345090299134333034e-02 -2.191555679031857717e-01 -2.410560428245728526e-01 -2.941663213856611225e-01 -2.428004375207453922e-02 9.637072634598467524e-02 5.495183701205454650e-03 -1.198851018899315668e-01 -2.327378123263597054e-01 -5.071851433799624137e-02 -2.315206616626432623e-01 6.752802603457179476e-02 -4.511359593955122788e-02 -2.400241131391801508e-01 -2.190867474308596796e-01 -1.322553839749518456e-01 1.462889384205936782e-01 -6.900995452863452340e-02 2.222613212358321433e-01 3.051183027425167019e-02 2.843017987684438030e-01 -2.854019115533166975e-03 3.653858474762207431e-02 -7.066653873659520246e-02 -2.027367497311877154e-02 -9.376392406193596873e-03 -2.166102679281615151e-01 -2.630251817262153624e-01 -2.255435725057517438e-01 4.603615690565224794e-01 1.170292039099009446e-01 3.595053214924745499e-01 5.808926969015606456e-01 5.951872295017467812e-02 8.818349294233586780e-03 6.428740682871291190e-01 5.728205729695187154e-01 1.581451638837610973e-01 5.036420359627887811e-01 1.627510391762095054e-01 1.521864844473961864e-01 -3.159857168514090126e-02 -1.389385929483975268e-01 -1.469782649956631881e-01 -5.022155165659684950e-02 -2.110865116796475927e-01 -1.734415993474647810e-01 2.070883736296873501e-01 -1.447924570332843053e-01 -2.653449208361967626e-01 -5.688740721477893170e-02 -6.038373671196875514e-02 -2.346724218726369271e-01 -2.671494889644041026e-01 1.635343785914546433e-01 7.891029626623882048e-03 -1.752222746833391118e-02 2.558266277834773950e-02 -2.102433938875228336e-01 -2.994679841142646945e-02 2.404044047209714929e-02 -2.814230957375231656e-01 -2.050572382500927271e-01 -1.117660312954265323e-01 -2.128497347845688947e-01 -1.747649914476112898e-01 -2.498357454102563269e-01 -1.204604897949606290e-01 -2.875331558684890432e-01 2.086577584590868784e-01 1.734913960560059421e-01 -3.904370811974746530e-02 1.199436760270936181e-01 6.822933772740313353e-03 2.907322358374717433e-02 2.292203423421380545e-02 -3.345848794313933255e-02 -2.626398327725277815e-01 -2.130960918709441376e-01 5.216762104564743874e-01 2.166877298956844389e-01
4.133466534772200357e-02 3.095171786620411480e-01 -1.094514838090191455e-01 1.000000000000000000e+00 4.593676429444708553e-01 -2.737657726516506268e-02 1.375457678009341100e-01 -3.450207955120500325e-02 -9.539660036846778213e-02 -1.888023824577814425e-01 -1.320937306773463937e-01 -1.519063334594940584e-01 -1.533303089593378854e-01 -1.882569277362196314e-01 -2.467873252014450292e-01 1.734305214522370575e-01 -2.058389823972350263e-01 -1.059474362542892623e-01 -2.457606257695567620e-01 -2.521727983308513221e-01 -1.878791674091280506e-01 -1.444220235124566709e-01 -1.385627443947146098e-01 -2.176492486977981561e-02 -1.061668308006618738e-01 -1.266027766266258070e-01 -1.357025144843033715e-01 -1.230310592182321111e-01 1.646494457710382178e-02 -1.690961226019202512e-01 5.614134577308614593e-02 1.295897581437799664e-02 4.230464684296676992e-01 -1.424573075641269448e-01 -1.234299791535284491e-01 -1.463693995958671723e-01 2.290585462178179252e-02 -1.322447425474464755e-01 -4.722773282396032328e-03 -2.092573900735031633e-01 -4.614080019280800832e-02 -1.362869055392539608e-01 9.354285334421259812e-02 -8.088840628804910837e-02 -1.719486553540635898e-01 -1.495107257747142759e-01 -8.573595411153527024e-02 -1.937413742105075498e-01 -2.212969883484706690e-01 1.214405709914694910e-02 1.586318506692611652e-01 1.365506024701113874e-01 4.931662729977236148e-02 6.991836589793830603e-01 1.268145210678267298e-01 -1.154644882580342924e-01 -5.994296355984028019e-02 -1.175013820925636387e-01 -2.432610661391676476e-02 -1.473739821767229008e-01 3.758736082238561121e-02 -1.914859784297434642e-01 -2.843096531037747066e-01 -3.849812813105656373e-01 -2.814949763701757868e-01 -2.244795957857778634e-01 -6.776290939119772316e-02 -2.839046949827564448e-01 -9.221186412967154189e-02 -1.316815741213322455e-01 -2.531345289279401389e-01 -2.323774923051754870e-01 -1.881987954876185865e-01 4.010363583111953290e-02 -1.919327594620372224e-01 -1.309942120318911551e-01 -2.494909358073843231e-01 -1.744577790591249067e-01 4.784474051508512404e-02 1.676645783611668437e-03 -1.155641842066118530e-01 -5.821895535759388091e-02 -1.209496602991621955e-01 -2.392002144375211248e-01 -1.730110973734862168e-02 -1.422290521999395874e-01 5.125358164646925951e-02 -7.750522175668372871e-02 -5.985216943962762964e-02 -1.742136254090217440e-01 2.354801732367162170e-01 -1.444695513461518033e-01 1.518099648788868161e-01 -4.081812236324477983e-02 6.395518071931804473e-03 -9.401303408228577074e-02 -1.006163317991299461e-01 -2.065917848650988542e-01 -1.900484903739193820e-01 -8.823035175086235693e-02
3.021252209623370710e-01 2.440318846006295783e-01 2.025691061300206874e-01 4.593676429444708553e-01 1.000000000000000000e+00 2.972805057206814872e-01 1.369064083162443435e-01 9.852832855586801664e-02 1.411467213658308961e-01 -1.381064701576907028e-01 -3.447645666498359018e-01 -3.142019104869298585e-01 -2.984320103706835092e-01 -1.912078008944263774e-01 -2.121916561052826777e-01 3.842107380566605612e-01 -3.602730695409499528e-01 -2.301593436370467927e-01 -3.096263461632652869e-01 -2.098830412331185724e-01 -1.554345038433577741e-01 -3.472659313559640637e-01 -2.060640743295465149e-01 -9.430077203093169269e-02 -8.039082561561833318e-02 -1.457030611222834282e-01 -1.657196403386399786e-01 -1.648755012202852976e-01 5.655527638937603296e-02 -1.226948629955340181e-01 -1.141560085838106975e-01 -1.430626736826745571e-02 3.336741824278943724e-01 -3.317560903540947015e-01 -2.294937395101624977e-01 -1.834724938206403477e-01 -1.035598427034945396e-01 -1.451412180874885327e-01 3.966865326103127115e-02 2.501638549637387465e-02 -2.173863336680557368e-01 -2.028509296255612271e-01 -1.317321982396465196e-01 -2.075664847913107069e-02 -1.985500892767340375e-01 -2.013692607342449925e-01 -1.279080757641144761e-01 -1.936382677538794617e-01 -8.300170074946533472e-02 1.133249442197003520e-01 3.245805524595783420e-01 3.227691067441192385e-01 8.663999912059171249e-02 6.383619130199023051e-01 4.056862392157464248e-01 1.928513847099167233e-01 -4.373328505766175406e-02 1.453094916509690138e-01 -5.117383491000553758e-02 -2.227132979319661477e-01 -1.022353365132277619e-01 -3.231606928244405985e-01 -3.465887295324197037e-01 -4.207482926161488224e-01 -3.782478832050445439e-01 -2.314163786763513420e-01 -2.267957405929115974e-02 -3.750827956030093335e-01 -2.877535497528516117e-01 -1.629823429943947355e-01 -2.468423274869385453e-01 -4.262672970285957263e-01 -1.808102529920219970e-01 -2.543922403797090927e-03 -2.690952858823766891e-01 -3.083215137197565237e-01 -2.016476120148363582e-01 -1.590242879931923481e-01 -6.623966171157867622e-02 5.273655871841576503e-04 -2.851249030229469072e-01 -1.631997492588599941e-01 -1.014555323484364335e-01 -3.698983004993344204e-01 -5.847978757394758920e-02 -2.456070627202013024e-01 -4.133820843127535699e-02 -1.673729081347451741e-01 6.755564902840104254e-03 -6.425977415131076120e-02 2.432433948669124046e-01 -2.127806916680788363e-01 5.388034125978967415e-02 -2.594319329036905430e-01 -1.043946739687642983e-01 -1.090353372758507827e-01 -1.603245231965632900e-01 -2.230012246001992215e-01 -1.075668218413592808e-01 6.770645262575225587e-02
4.353145547341875643e-01 4.002425624888968358e-01 5.589456751151129499e-01 -2.737657726516506268e-02 2.972805057206814872e-01 1.000000000000000000e+00 1.265926052051668249e-01 2.981341657637906484e-01 6.008000360484170299e-01 1.577743062533933927e-01 -2.236078766842838905e-01 6.421410321583394254e-02 -8.648318424938432336e-02 -1.640734972323054652e-01 -1.467504046538906926e-01 3.054656462295212149e-01 -2.625609706638271090e-01 -8.737681693857970999e-02 -2.526856480336536204e-01 -3.967210149262139635e-02 -8.065782139488435198e-02 -2.775867941562725760e-01 -3.083252197167790087e-01 5.432387771792912545e-02 1.850974394720009825e-02 -3.069862932775355505e-02 -1.818683903944458558e-01 -2.058064971544585620e-01 2.476112121037439551e-02 -1.832239688111792775e-01 3.245923161579560706e-02 -3.842670046549639257e-02 -1.166470313502171313e-01 -3.301629701251063143e-01 -2.110168378534790778e-01 3.612599302228233777e-02 -7.731484038235862666e-02 1.613138844796759008e-01 1.218097566648053132e-01 2.742373713247177602e-01 -7.537358472067090358e-03 6.740289888331749135e-02 -1.132357115401220471e-01 -6.670775654978147728e-02 -2.721942982677261758e-01 -2.442477703513852294e-01 -2.369244232593268606e-01 -2.923362157539730055e-01 5.011268646620165024e-01 3.534564667704785945e-01 3.253030648739028696e-01 5.700744277802465287e-01 1.233551123437286734e-01 1.078945275891967787e-01 6.653122562043558563e-01 5.795293601870546985e-01 8.560322101657473481e-02 5.874079095932199790e-01 2.391897942539792168e-02 1.481858745753175388e-01 1.453193379784733785e-01 -4.595069220140528266e-02 -2.007291113329797150e-01 -2.293619815258161054e-01 -2.801668038257861260e-01 -2.156931000477536886e-01 1.401332544453957607e-01 -2.271425823315679493e-01 -1.834824384531222319e-01 2.840475952848787317e-02 -1.884221016129214721e-01 -2.943705465344061412e-01 -1.960865550202819940e-01 8.418977681144330927e-02 -2.689910096790923758e-02 -2.474719694855410414e-03 1.427219584504919696e-02 -2.609759646045685111e-01 -9.849662588900495730e-02 -2.132359130020876781e-03 -2.439234382982441440e-01 -9.182304847297367845e-02 -3.149678644863107557e-01 -3.779184343419825787e-01 -2.384992342858036352e-01 -3.748375266474667789e-01 -2.394207345994521507e-01 -2.624954185374230864e-01 3.013502123094194962e-01 2.434344257391288235e-01 6.524040518543537670e-02 6.089396603092367410e-02 -7.279296512448465983e-02 -5.091460413330970922e-03 1.074990645491423757e-01 -8.886866361122443270e-02 -3.572692933631759771e-01 -3.292962324491714998e-01 4.682635384583313520e-01 3.775626967886918650e-01
3.839147425285674431e-01 6.532372437184021108e-02 1.566312392600875125e-01 1.375457678009341100e-01 1.369064083162443435e-01 1.265926052051668249e-01 1.000000000000000000e+00 1.458459321999656111e-01 2.965278159524956103e-01 -1.065516852968583783e-01 2.207560429423107429e-01 -2.455860150980752887e-01 -2.276029622349381304e-02 -3.929489419170865139e-01 -4.756128129378476843e-01 4.629232302123071907e-01 -8.808158689450167056e-04 -1.229823703595584045e-01 -1.253282636411300055e-01 3.005128791728128943e-03 -2.820051444343734670e-01 -2.972560670294679408e-01 -2.843150035385799135e-01 -3.468502403836958292e-01 -7.069654822323385469e-03 -8.721992211186212207e-02 -1.654368901829804672e-01 -4.225551116520206985e-01 8.440744746970739454e-02 -4.760107485143165729e-01 -3.125130661586952296e-01 9.305339880041181566e-02 4.088585177137208926e-01 -1.314464734541348767e-01 -1.865831418351341087e-01 -1.556097295766453170e-01 -2.090137128670858657e-01 2.333940983862637930e-01 4.842225081178777590e-01 -1.879162623042613944e-01 1.046604249502936096e-01 -1.722338863349835714e-01 -1.454147594207035876e-01 -8.394060091745565721e-02 2.627385474593845194e-01 -4.036921305431340756e-01 -4.131519001180993800e-01 -4.033404239192193708e-01 -1.636334203392509901e-01 -6.609676566892895566e-02 5.115768860129963347e-01 4.542272846784951024e-01 2.324681282773882474e-01 2.436557062157367337e-01 3.349079385261790609e-01 4.818468512654628944e-01 3.024601864087744785e-01 2.255573502147114329e-01 3.972627527242360013e-01 4.397989181455939228e-02 -2.315518927052475084e-01 -1.112941984488510262e-02 -3.697803147128556622e-01 -1.240330548837132313e-01 -3.241486252986265915e-01 -3.114487472874541418e-01 6.366376816172133468e-01 5.401187079141344521e-02 -2.785091688897863849e-01 -2.724571623473672766e-01 -1.473339380901927120e-01 -1.959028069842205788e-01 -4.328921382812418450e-01 6.350422817246463847e-01 -2.734818833211699607e-01 1.066108369442321513e-01 -2.868740778589660700e-01 -3.204314245464275901e-01 3.582524183522713818e-02 2.492885883740361963e-01 -3.791851239545184771e-01 -1.491090570300657170e-01 1.526265310720288093e-01 -2.358037318916556824e-01 -2.062092691565129143e-01 -2.975507012233845616e-01 -1.033914238617764242e-01 -3.731040287254587806e-01 -1.488530371911267816e-02 1.795504698633010321e-02 3.393545148702785119e-01 3.436247468366540048e-01 6.583769404473456266e-01 -1.475508670295769542e-01 -3.240867156711113584e-01 -5.593607594010023554e-02 -2.869703762992172336e-01 -2.875990174903925167e-01 1.935602197108670930e-01 -2.437250565307442773e-01
2.724694303734059297e-01 2.758998099792482339e-01 4.502853589730199113e-01 -3.450207955120500325e-02 9.852832855586801664e-02 2.981341657637906484e-01 1.458459321999656111e-01 1.000000000000000000e+00 3.303198201504420339e-01 -4.700838817233267408e-02 -4.040407713325532002e-02 -8.744556146844022215e-02 3.408113295760949180e-02 -4.865998051921883311e-02 -6.045317642873506564e-02 4.245633412442420540e-01 3.404294164205864254e-02 3.744726668834250649e-01 8.263787271256367584e-02 -8.388522365406232695e-02 -3.180256229145894675e-02 -2.689788244963432773e-02 -4.269050986380741597e-02 -1.147211031208512783e-01 -8.971465229389258278e-02 -1.003376988239535750e-01 -1.210570257757535295e-01 -2.328965243527191809e-01 -1.180649622176892788e-01 -1.071649134298451461e-01 -2.282744685563122509e-03 -4.026161820817944492e-02 -1.072796886587946696e-01 1.401747731139651454e-01 -1.252686493669444845e-01 -3.759268215451707501e-02 -1.796341009114837961e-01 6.601164994086211601e-02 -2.556848005572722946e-02 1.470733341259468363e-01 5.104725934350807376e-02 -1.578360309316111931e-01 -3.153314598644565980e-01 -5.324142091072290445e-02 -4.943344289994623664e-02 -1.522500382296751442e-01 -1.717372394559649462e-01 -1.219429980747673004e-01 2.535958625117948895e-01 1.143624547813055781e-01 3.621043927074836799e-01 4.889511083964804827e-01 4.110754650634164120e-01 -4.847317367137054557e-03 3.716586684937262519e-01 3.181265082720296511e-01 6.186630382849354071e-01 5.401963503802630351e-01 -3.583473704574316205e-03 9.512687077734457985e-02 -4.308530191781744650e-02 8.140396609286523755e-02 -8.969524982231753818e-02 3.897160461147543969e-02 3.399804428064963878e-03 -1.337351009235766275e-01 2.057271491548577080e-01 5.192820171844118177e-02 6.810882423099445804e-02 3.490776185544449128e-01 -5.329891971255226041e-02 -3.940512535559337337e-02 -4.106567135933764795e-02 -5.014905411513814054e-02 -5.883974782984240093e-02 -1.490357002584949131e-01 -4.867662108366391932e-02 -2.029005031389568559e-01 9.837804600866625893e-02 2.921819688015136335e-02 -1.343457416755213796e-01 -1.140612436054853629e-01 -1.590059073506880361e-01 -2.449740562367134777e-01 -2.688884958795728641e-01 -1.958429875497072203e-01 -2.652710613771107062e-01 -2.434048887394227867e-01 -1.936560767128770941e-02 1.202340181843997852e-02 -9.302591161356954519e-02 -6.379586453578338368e-02 -1.868456804852895725e-01 -1.007720016139874303e-01 -7.143399004011048714e-02 -6.384912509156072391e-02 -2.010582688082970249e-01 -1.213495791696347359e-01 3.062088094473079392e-01 1.401214256419723303e-01
3.247813708672240840e-01 2.152537055080799289e-01 4.364870332390933805e-01 -9.539660036846778213e-02 1.411467213658308961e-01 6.008000360484170299e-01 2.965278159524956103e-01 3.303198201504420339e-01 1.000000000000000000e+00 1.034783248328344785e-01 6.353033754931511345e-02 -3.444326922285414344e-02 3.084955589939396281e-02 -1.416011318989624512e-01 -1.417267605844864109e-01 3.064944073903964616e-01 -6.457137696085138434e-02 -5.568579194196332516e-02 -1.144734458137691840e-01 2.228246176442678639e-01 1.621659648764581935e-02 -2.039252431406533006e-01 -2.304362928558333912e-01 -1.335227780625775906e-01 4.402345163347488877e-02 5.335329963850206358e-02 -1.362077152847540884e-01 -2.303631705749641934e-01 8.773598344464154930e-02 -2.178082747836501687e-01 -8.290479190420745048e-02 -9.608227857393475402e-02 -7.806986041469944626e-02 -1.555869184356594714e-01 -2.427457058302247561e-01 3.054291425326421949e-02 -1.640259146225888920e-01 8.146569937053038668e-02 2.272958729361102687e-02 1.224383268852782952e-01 8.242358157447018940e-02 -1.448382048294405769e-02 -1.447359448138420823e-01 -3.889651413361545212e-02 -7.940527894471877124e-02 -2.136093183721651800e-01 -2.815855843282730753e-01 -2.275940012386933609e-01 2.717880089862967918e-01 9.204061439156586977e-02 4.553477640566740980e-01 4.698516669074141450e-01 1.072408340506278424e-01 1.612592146747197919e-02 5.273601633879702044e-01 6.060553339092010772e-01 1.655364162797778593e-01 7.166795003480297410e-01 1.854961715396112876e-01 1.246056765748993767e-01 -1.507077963139271115e-01 3.591453106096553771e-02 -1.898202674712076432e-01 -4.107798427631116633e-02 -2.008119795500236393e-01 -6.817704221229121953e-02 3.760226839342686311e-01 -6.202274555233157349e-02 -2.045967007471469201e-01 -5.883364481437061699e-02 4.591594574347594715e-02 -1.778032170514712296e-01 -2.419901270933672854e-01 3.160967641194728506e-01 -8.452340068533902018e-02 5.481083090582115208e-02 1.223260334480468087e-01 -1.478863411424599372e-01 -1.683658359162806817e-01 9.805037914082617712e-03 -2.603962316091806839e-01 -2.746997515964693520e-02 -2.355320638421270762e-01 -2.340891906811794765e-01 -3.359175049630776511e-01 -3.221757787007697993e-01 -2.070915672663898588e-01 -2.467744642099640173e-01 3.322990277556073790e-01 1.887567224702759450e-01 1.165057458010488739e-01 1.694183485160712377e-01 1.281516656787168862e-01 -1.047362707378175217e-01 -3.851548229951741453e-02 -6.073472919774408618e-02 -3.172044389443598456e-01 -2.631496719431922204e-01 3.891913442072074680e-01 1.401597299265084084e-01
-1.207371099186859281e-01 4.810281145221130539e-02 1.617963151557088031e-01 -1.888023824577814425e-01 -1.381064701576907028e-01 1.577743062533933927e-01 -1.065516852968583783e-01 -4.700838817233267408e-02 1.034783248328344785e-01 1.000000000000000000e+00 -1.813468925773900897e-01 2.868428155614287656e-01 -1.003396000976924107e-01 -2.297307423623275169e-01 -1.848259207985290808e-01 -1.414468863878541594e-01 -2.982828658255036181e-01 -5.582878648145669920e-02 -2.347104818176337648e-01 -2.858682821631996704e-02 -2.554036209876590635e-01 -2.310381141358889001e-01 -3.490295216799079170e-01 2.564955938596736873e-01 4.180042710079676094e-01 -1.022255525342102844e-01 -1.244479445270497558e-01 -5.404474484040990012e-02 -1.087062622221702940e-01 -1.569395058917519847e-01 2.920063775462299338e-01 -2.333525942387631655e-02 -1.641091089560867688e-01 -1.023584112372438182e-01 4.857506897458074152e-02 1.838054318006790422e-01 1.369588636248070534e-01 2.779912399378131616e-01 1.414885317292628175e-01 3.943792763396369860e-01 9.110790502984368600e-02 2.642422927565209467e-01 2.929294125102234747e-01 2.311871055948787335e-03 -6.156097233947081804e-02 -1.791152558753933144e-01 -6.163279466306774423e-02 -2.366560699514147492e-01 1.003277685513622869e-01 1.550502219058961517e-01 -1.356378999147414555e-01 3.815571320825326962e-02 2.222357335713923132e-02 -2.404384682526496397e-01 7.958241275367675116e-02 -1.157264030355327836e-02 -6.005753717306041434e-02 5.812726477103727363e-02 3.979208243744856710e-01 3.349001124031703025e-02 1.667726830612554778e-01 -1.943059022562427518e-01 -1.382340849196090071e-01 -2.381983731445887764e-01 -1.465694983065337909e-01 -3.263920699987805096e-01 3.613753267151799398e-02 -2.432073644922018718e-01 6.422581525649699238e-03 1.603313595805763020e-02 -1.893454080096176884e-01 -1.851269414741213426e-01 -2.509320979909402949e-01 9.476900666645368676e-02 1.536810370690838423e-01 1.389495116774197292e-01 8.362267251813104707e-02 -2.057881224446688195e-01 1.159543269075014454e-01 1.430691812480051894e-02 -1.813227860877237099e-02 1.227418690045386195e-02 2.180518242561623257e-02 -4.543304608992424637e-02 -3.246261764379426706e-02 -1.503050836713159533e-01 1.251191684476180184e-02 -1.653270165672659775e-01 7.714075216910791510e-02 1.280712531427053436e-01 7.617986466467208118e-02 2.578125733602716352e-01 1.838299349442360517e-03 3.140091390906397106e-01 1.819289550480723272e-01 -1.043331384674805462e-01 -2.435855682666032973e-01 -2.724531317271790543e-01 -2.179575646504794059e-02 1.551102281670529992e-01
-3.969459096218082989e-02 -2.145050086744090811e-01 -6.492552140466875676e-02 -1.320937306773463937e-01 -3.447645666498359018e-01 -2.236078766842838905e-01 2.207560429423107429e-01 -4.040407713325532002e-02 6.353033754931511345e-02 -1.813468925773900897e-01 1.000000000000000000e+00 3.037819379298334899e-01 3.711723159979712916e-01 1.651115430047312982e-01 1.624243048695937497e-01 -1.568894215888403665e-01 6.219481493482257317e-01 1.587557026638760915e-01 3.791004269083421141e-01 5.336526228495869217e-01 2.070877106005344914e-01 2.929673872900143139e-01 5.966784724416930585e-02 -3.690793937975827416e-02 -8.880536911625704077e-02 3.814463347650699498e-01 2.275124951789306571e-01 1.649560428497812981e-01 1.869946584274209400e-01 -6.561481806603997871e-04 -1.572946207184654499e-01 -1.193962885028731491e-01 -2.259673968232698837e-01 3.676203647225768090e-01 2.773447991516092559e-01 2.204517203691094274e-01 1.115921155674117343e-01 -3.768671457526567847e-02 1.111870395680016749e-01 -1.954711648153842352e-01 3.353089895312975077e-01 -3.865072638331997629e-02 1.055850232237589559e-01 5.744638733991023344e-02 4.049085932803131449e-01 1.889436666509791141e-01 -6.068483183293787303e-02 1.580153687006459473e-01 1.214289854403744345e-01 -2.847817959940457944e-01 3.098209851284591115e-02 -7.976462599627180683e-02 -3.811407096848071219e-02 -1.307338748082449154e-01 -1.240573232433865580e-01 1.040806213717471868e-01 5.981916562860963710e-02 -3.949015904311983793e-02 2.311283448634993132e-01 5.075889577939115549e-01 -7.836099542050109501e-02 3.014826248337777459e-01 3.235181342886301326e-01 5.102826519706686881e-01 3.059501342564429072e-01 3.312168585570036683e-01 2.843754855270470561e-01 5.252691498335213538e-01 1.138726041378926024e-01 -1.279005578077160588e-01 5.181756569094294607e-01 4.155233322210740710e-01 -8.495962747702434648e-02 4.071637785879431148e-01 3.044908878554598020e-01 3.673504145998770509e-01 3.291561819171229808e-01 2.463977391127654959e-01 -2.133644526778435691e-01 -4.155623793181750791e-02 2.089951122074984735e-01 1.701108989944370986e-01 2.478895659530431783e-01 4.715526669826120010e-01 -7.521635523772925679e-03 2.138915663617078078e-01 2.795913900277021691e-01 8.920287119264086462e-02 1.532384972491963038e-01 -9.961804314167863484e-04 -2.321686772005717991e-01 1.435995342142370734e-01 2.835836696779087673e-01 -4.073674718677413806e-03 7.792256946304187970e-02 1.083595330080830837e-01 1.114602322787914407e-01 1.728877125355509359e-01 2.375802053982010442e-01 -2.457679053925538593e-01
-1.919228477471019434e-01 4.759881597852369528e-02 7.951819213770461303e-02 -1.519063334594940584e-01 -3.142019104869298585e-01 6.421410321583394254e-02 -2.455860150980752887e-01 -8.744556146844022215e-02 -3.444326922285414344e-02 2.868428155614287656e-01 3.037819379298334899e-01 1.000000000000000000e+00 1.881073929240194009e-01 2.221774958214225715e-01 1.306863018429525458e-01 -3.273441017114193663e-01 1.691288666564695620e-01 1.575032768858392607e-01 1.781487359913643265e-01 2.334924852350965530e-01 4.461937560645416745e-02 1.898678822210688177e-01 -2.093794058748487397e-01 3.822832390418702819e-01 1.148116762317911294e-01 3.338044788972510113e-01 7.418463719253730326e-02 2.430259895093988542e-01 -5.399527042837773405e-02 3.048183986161883199e-02 2.810368078824137528e-01 -6.587596698183294242e-02 -3.911813021825348846e-01 7.296506990612530719e-02 8.426313303525580223e-02 3.490207331594892270e-01 1.755236504491592409e-01 7.752633651749700483e-02 -4.707549817899749772e-02 1.201130163962747521e-01 2.068858051634594741e-01 3.187667506572047227e-01 2.664276239076375785e-01 5.680831355342150224e-02 -3.408834146994998288e-02 6.843316740250900143e-02 -3.346226370607462142e-02 6.756806708548203366e-03 3.635052613536108868e-01 5.873878979687858354e-02 -2.941389986789347266e-01 -5.520762384666765693e-02 -1.321149951580301296e-01 -1.576971216584727997e-01 -7.596509908621676410e-02 -1.088380335532419807e-01 -1.331954589845876502e-01 -8.522842650992115687e-02 2.664338032688317107e-02 4.959277482318900088e-01 3.558657444215629351e-01 1.692698978250205266e-01 2.973404304519143282e-01 9.606930217492233581e-02 1.146531732169676909e-01 3.588552577649383596e-02 -1.219657804170272142e-01 8.428937202636080372e-02 1.227001121565855224e-01 8.363960103073170282e-02 1.055838194453803391e-01 1.861503037076650546e-01 -9.687386471556030942e-02 2.081770225471854530e-02 5.271348166247681322e-01 3.760291560672929800e-01 3.135481623031186049e-01 5.991986621878574865e-02 -4.816276247526474902e-02 -8.940278088514871935e-02 1.973449280167496600e-01 1.197610483551489642e-02 -1.152813864208438593e-01 2.327698555059585228e-01 2.544868868708995494e-02 -3.325970680659151579e-02 1.603015042035851045e-01 1.459011284843756695e-01 2.378542495959162228e-01 9.997490576679571306e-02 -2.626668156769579321e-01 1.416839858731907542e-01 -8.742488673111521724e-02 3.171481071514254402e-01 3.588643514196510065e-01 2.295190780771943495e-01 -7.000913747434471535e-02 -1.099102105525519846e-01 2.248774466130006033e-01 2.509529692144088497e-01
-1.043509148941320665e-02 -1.184972178097174096e-02 -1.488063742561605285e-01 -1.533303089593378854e-01 -2.984320103706835092e-01 -8.648318424938432336e-02 -2.276029622349381304e-02 3.408113295760949180e-02 3.084955589939396281e-02 -1.003396000976924107e-01 3.711723159979712916e-01 1.881073929240194009e-01 1.000000000000000000e+00 2.887125294774549600e-01 1.481010769718593967e-01 -8.919730274512814583e-02 5.506010569502041152e-01 1.924793776967495262e-01 3.371468804568271693e-01 2.564348639890483561e-01 2.639653735993574557e-01 2.972977334609570588e-01 1.852444778939819070e-01 -2.683019896082403100e-01 -5.381922669280269494e-02 5.258373101411477086e-04 1.478843924382407804e-01 -6.900564537641843896e-03 1.756153226451305158e-02 1.276856452021284949e-01 -1.441978111120800210e-01 4.127416196381490654e-02 -2.187983959792062505e-01 3.630348410983447738e-01 1.424461456794983150e-01 6.378734490221791599e-03 -1.895845336283223381e-01 1.693959826214372077e-01 1.107754935579485928e-01 -8.157169203813019465e-02 3.412654497025209288e-01 -8.451405258128773246e-02 -4.859331674938523193e-02 1.066478941089547480e-03 1.638812500324419441e-01 2.396022395925180848e-01 5.950569648231167352e-02 2.297952918873026884e-01 1.691477446841525289e-01 -1.211015564608487749e-01 -1.209081892820823567e-02 -1.038032210629162427e-01 6.715063481521217625e-02 -1.879475813006509788e-01 -1.426702875868518239e-01 7.643861491374350989e-03 1.133632136609740299e-01 -1.989118090341057341e-02 1.846171558918564479e-02 1.350927766572461997e-01 1.257173364547715666e-01 7.354878542968090738e-01 4.407542241302377373e-01 3.658272185809131605e-01 1.990668474940398835e-01 2.551096297786663580e-01 7.770472262048701284e-02 4.465812977802058326e-01 2.117345778747624918e-01 1.233073068319053972e-01 3.051529332672585637e-01 3.724056658416577958e-01 1.097398184964823026e-01 3.540217987684152190e-02 8.109855205216372209e-02 -4.074892295255205799e-03 8.119609294599641758e-02 2.078267363392055922e-01 -4.877739867165516163e-02 2.569727637557359112e-02 3.170465919575331942e-02 1.370854288968406942e-01 -9.797826799918703256e-02 2.185234064791869713e-01 -2.468155636134169439e-01 1.215382353515967462e-01 -1.284509104553753778e-01 6.852830766882953006e-02 7.935306170982651258e-03 -5.115381438614756415e-02 -1.625184355595528929e-01 1.649731513019772888e-01 -1.720408051684708256e-02 -5.055195492433822019e-02 -2.261292922943872463e-01 9.102476715737572999e-02 1.206078280596854374e-01 2.003971302122565523e-01 1.941640893064756346e-01 -1.005572680003734981e-01
-2.776389796937262511e-01 -1.741560209779045298e-01 -2.339602342110622402e-01 -1.882569277362196314e-01 -1.912078008944263774e-01 -1.640734972323054652e-01 -3.929489419170865139e-01 -4.865998051921883311e-02 -1.416011318989624512e-01 -2.297307423623275169e-01 1.651115430047312982e-01 2.221774958214225715e-01 2.887125294774549600e-01 1.000000000000000000e+00 6.389581518365183843e-01 -2.025059625444732836e-01 3.678219937959232855e-01 3.548780741611645695e-01 5.626132072427560971e-01 2.711685777689991084e-01 5.970090474797904445e-01 4.853580955792534679e-01 4.928077621378696427e-01 6.585658862165033600e-02 -2.217681815662075617e-01 9.999291835477469581e-02 3.971684555405439743e-01 4.420324352808467916e-01 3.922652864716057175e-02 5.628504636475610834e-01 4.103090705583711459e-03 -2.346042673948390000e-01 -3.276548091892282910e-01 3.916862921636146133e-01 2.645997719368223811e-01 1.945841338433858259e-01 8.374403520609152718e-02 -2.390377378604603420e-01 -2.094924146390877984e-01 9.115308924413782765e-02 1.296979389330129295e-01 3.306290023523738436e-02 1.547093207502952400e-02 1.397556075500395734e-01 -2.541920909928740632e-02 5.494062399575175837e-01 3.770033459032265943e-01 5.433443644846963627e-01 1.882318258734230199e-01 -2.760403688080144413e-02 -2.959094385923902171e-01 -3.505321779227533741e-01 -9.365699711597114119e-02 -2.367394895613214867e-01 -3.484403114641578258e-01 -2.883224762008174125e-01 -1.719749400957318319e-01 -9.725003120490657849e-02 -3.728425277847910446e-01 9.330784195902616651e-02 4.078953075425070796e-02 2.255181543536423083e-01 4.917636227767426260e-01 4.190677256585928490e-01 5.698761751593202085e-01 5.299945017151451720e-01 -4.054154290940685246e-01 2.477954904745786613e-01 3.022228330052491030e-01 3.011085590067937301e-01 4.221073735560894047e-01 2.701199461546308078e-01 4.951080103024336765e-01 -2.735608542051595760e-01 1.841786619767268596e-01 -1.560197815143543054e-01 3.506636751641036276e-01 4.638091664819410931e-01 -1.953413324553683883e-01 -3.829143729241309413e-01 3.191840324434099818e-01 1.361406017242570432e-01 -1.020910772218387441e-01 3.368553019656674308e-01 1.723548494829692523e-01 3.527039965054838966e-01 6.389432623679643097e-02 3.766851724128389978e-01 1.743841860196406468e-01 -9.951469021175790575e-02 -3.931066487419654920e-01 -2.782765106412322109e-01 -4.138566830435326804e-01 -5.596771732763418383e-02 9.307469133976198350e-02 2.159251083905658619e-01 4.269943303379938881e-01 4.212530391837523980e-01 -3.649486612033114863e-02 1.577372514502175527e-01
-2.994024497902292858e-01 -1.275342747326289050e-01 -1.368383628009181008e-01 -2.467873252014450292e-01 -2.121916561052826777e-01 -1.467504046538906926e-01 -4.756128129378476843e-01 -6.045317642873506564e-02 -1.417267605844864109e-01 -1.848259207985290808e-01 1.624243048695937497e-01 1.306863018429525458e-01 1.481010769718593967e-01 6.389581518365183843e-01 1.000000000000000000e+00 -3.060369358550383834e-01 2.961963244305892973e-01 1.862746164323954012e-01 3.338373646995023702e-01 3.437224686993893830e-01 6.504252977067190855e-01 4.423965967087337692e-01 5.542752750677084617e-01 2.097817360769955730e-01 -2.277694469012447043e-01 2.106408331112443189e-01 3.887566781021661866e-01 5.375694086090143653e-01 2.649102892899890538e-01 6.457536468313745948e-01 2.415347396420443674e-02 -2.527801011081775018e-01 -4.270776624195469773e-01 2.428147137538022304e-01 3.838391116648913193e-01 1.546353630714588645e-01 2.439736295704772184e-01 -3.428710502497757107e-01 -3.673044424303736344e-01 1.469422482067593294e-01 -1.910761703648596044e-02 4.864866595796003140e-02 5.963522000724953698e-02 1.526411935822835630e-01 -5.327106921732359390e-02 5.810787216360182583e-01 4.294455969348370816e-01 5.819750191964694341e-01 2.607544684594609863e-01 -9.999500216737601532e-03 -3.290089779969078143e-01 -3.866174600856366328e-01 -2.227425340429789735e-01 -2.867662776840115280e-01 -3.141840620108926618e-01 -2.256086385083343193e-01 -2.950141699291973785e-01 -6.887329831364240318e-02 -3.213194730812842792e-01 1.478140233980003715e-01 -1.190128781608365202e-02 1.479907802259578242e-01 5.589382387349863812e-01 4.969644012720115245e-01 6.010074064703294638e-01 7.199476774798383438e-01 -3.866057533778419208e-01 2.147886749260596584e-01 2.089323589869803433e-01 1.406187086633761407e-01 6.036579394444722135e-01 2.843413604842042197e-01 6.031382651314136645e-01 -2.775463250069427068e-01 2.265657402340426063e-01 -9.249871291894248837e-02 4.860837205024343688e-01 5.691296501795657381e-01 -2.311024413298546076e-01 -3.679883362332625474e-01 3.707958192120947571e-01 9.704181811677886627e-02 -6.849341324539000818e-03 3.789950524563614476e-01 3.078495929848512613e-01 4.799436744383137610e-01 2.157764419981907100e-01 4.540601887924318181e-01 2.463563994311165906e-01 5.428489704611980105e-02 -4.751093305007852430e-01 -3.715199842224460314e-01 -4.860389235044819123e-01 -8.524095157490040042e-02 2.403897543929087444e-01 1.901311589771954025e-01 4.861596573903468888e-01 5.278702117112632486e-01 1.496852096433232311e-02 1.580883577728750267e-01
