1.000000000000000000e+00 6.470922922048413795e-02 -3.991688598643153979e-02 1.378623321154784712e-02 9.621351486782853124e-02 -2.855183817894099349e-02 1.357995882650159525e-01 1.460972947233264152e-01 -5.709952467705789458e-02 1.340916993230572285e-01 3.201028596332668452e-01 1.850536634802285307e-01 -1.636097982428914577e-01 -3.489566088226903617e-01 -3.080483155521460126e-01 -9.239138796416186683e-02 -2.193208504663427816e-01 1.015758157302152492e-01 -2.028397568805689610e-01 4.732730023111429707e-02 -2.812205455209817462e-01 -2.092706474160775654e-01 -1.842822747749299772e-01 -2.560195244422623362e-01 3.992278367643445902e-01 7.209279402138550619e-02 -4.021763330175237572e-01 -2.938565751723026254e-01 -2.853121349591143385e-01 -2.446390284726200903e-01 -1.084812483479669354e-01 2.167232702112608655e-01 -9.005497525455878616e-02 -1.315021606049561823e-02 -2.312398335871211907e-01 -6.211242310721885873e-02 -2.295522706605065966e-01 -6.057907893720820142e-02 -9.825123848967934337e-02 -6.988393390492651965e-03 -1.359736487638912028e-01 6.919427741406546095e-02 -2.253774802123772458e-01 -1.640503757351522429e-01 -5.491338534714881175e-02 -2.971157649304639881e-01 -3.594134765884119953e-01 -2.592253218338158027e-01 1.956100386688666704e-01 -1.253555949961202565e-01 3.251997636202236253e-01 1.555254786530910482e-01 4.950698468691707571e-02 1.262122750717256936e-01 -1.733565070223539589e-02 -6.043478553811423848e-02 2.250362130499271307e-01 1.448557896155193148e-01 2.160947677546667389e-01 4.312950729445182985e-01 7.563833640572883987e-02 -9.100701521129088423e-02 -1.799187014712715638e-01 -3.354892755012899852e-01 -1.747859887532411671e-01 -2.647876450044849284e-01 7.048907652164375370e-02 -2.045097648567578974e-01 -1.485321980667880515e-01 1.420906635994486633e-01 -1.527931098115255237e-01 -1.623038916435822210e-01 -2.293752287776369136e-01 1.929569188799009072e-01 -4.840474242430604229e-02 3.266080298475005361e-01 -3.265559367404149982e-01 -3.295573124853046765e-01 -4.736666978422953561e-02 1.657622055402669103e-01 -1.795400272651982154e-01 -1.686995182455983400e-01 -2.759834073884018801e-01 -5.551548038836474908e-02 -3.920343437647269003e-01 -3.690099738256626405e-01 -1.858532925708308303e-01 -3.361728377839747761e-01 6.244019319675699758e-02 -3.541969818455554253e-01 -2.113187990220231904e-01 3.030509936082156353e-01 4.295784302291039136e-02 3.189221738578549847e-01 -1.471526088566819934e-01 -1.810888007581916148e-01 -4.157016099352904837e-01 -3.895885441279055561e-01 2.362038538617347860e-01 -1.478889891962892056e-01
6.470922922048413795e-02 1.000000000000000000e+00 5.177919931946901588e-01 6.461668630618395692e-01 7.219374598248327057e-01 1.921258624863809161e-01 4.150927934602104408e-01 5.927008842111225473e-01 2.793333568561746083e-01 -3.222076555534558739e-01 -2.615730901015764220e-01 -1.476951199158488548e-01 -4.162168127766361497e-02 -2.156837747869505550e-01 -1.989918658463861179e-01 3.296756701648325683e-01 -1.308378537077888037e-01 4.060859823020789849e-01 -8.167844637462991220e-02 1.562264655149965542e-01 -1.103237924665059211e-01 -1.938168604767263881e-01 -6.538100625201485883e-02 -2.256605240507534027e-01 -2.153323174486458103e-01 -1.499982442170705033e-01 -2.061270096317983080e-01 -3.228216464930816487e-01 -1.588566938371570592e-01 -1.437999692886111902e-01 7.438276027537045476e-02 -1.086028864625679553e-02 -1.227849718882518953e-01 1.680213773764229271e-02 -1.238569381775029427e-01 -3.486198025986259053e-02 -1.412439310030368933e-01 -1.428575910929001380e-01 -4.058358980082518025e-02 4.037065335043129588e-01 -1.461693592098892713e-01 -1.225706497106165138e-01 -2.290256108425714199e-01 2.207952659386793748e-01 1.137705204072641807e-01 -1.174110803716364448e-01 -2.260042251751633313e-01 -1.254411252833565471e-01 2.260194575613832246e-01 1.088359433488121919e-01 4.475746574374015463e-01 7.472714931880637401e-01 4.779704537156221900e-01 6.227085027646677151e-01 3.595337825646405250e-01 3.724497921102416786e-02 6.232611990958234482e-01 4.231784559064345475e-01 -4.613433967613844167e-01 -2.048066731903090409e-01 -3.902923035132775942e-01 -1.466578445025556454e-01 -1.190376076722603205e-01 -3.503700673892508055e-01 -2.288367527667855006e-01 -1.262173861388206642e-01 4.500076844655453434e-01 -1.859837492524977209e-01 -1.099412661283688114e-01 5.414339088544988243e-01 -6.893841856134746982e-02 -6.822123337137819821e-02 -4.902750577519732894e-02 1.030184663642173121e-01 -1.998372582263196473e-01 -2.997712191915601343e-01 -8.502548434545405265e-02 -1.904196264788342585e-01 1.880695909790196241e-01 -1.232852995918078953e-01 -1.679466765147076823e-01 -2.731320853429929918e-01 -2.003466390450522883e-02 -1.602474621880861649e-01 -2.184199595500380953e-01 -1.147868720824209571e-01 -1.594290469894664719e-01 -2.795027533467762670e-01 1.288706580116453226e-01 -2.028755029123761322e-01 -2.326913222072826415e-01 -3.649637404724114242e-01 -1.886642508018211706e-02 -4.392858414945968182e-01 -2.040551949894504058e-01 2.341341496673639277e-01 -1.037598630862634347e-01 -1.312345713895522736e-01 1.538060305080949652e-01 8.116424916063644246e-02
-3.991688598643153979e-02 5.177919931946901588e-01 1.000000000000000000e+00 2.291328130050241108e-01 5.020032620042012006e-01 6.093572121367352157e-01 1.502742099049576563e-01 3.802430839424538744e-01 5.186713563386026182e-01 -1.253928073864382375e-01 -1.645097424717122947e-01 -9.361176587412384231e-02 1.468163061742440156e-01 5.617373794567178530e-02 5.993419858471818462e-02 9.927046798706153086e-02 1.700679353879638867e-02 2.969421511287290150e-01 1.393817733704274218e-02 -8.656231386193178473e-03 3.288539321431908219e-02 -8.280911415183982160e-02 2.291607036916019566e-02 -8.581866038025112720e-02 -2.078757566855717609e-01 -8.273110682090725754e-02 -5.422194690335971345e-02 -7.321468551566587268e-02 -5.772363802424070739e-02 1.063689173420223205e-01 -9.700823025816539269e-02 -8.306657881736351223e-02 2.879565226986994728e-02 -6.637954550165325873e-02 -1.689897380990302428e-02 1.996619574466766966e-01 7.768977329330763876e-03 -2.149263854815275376e-02 1.210986838806633464e-01 1.638025719098847588e-01 -1.160063622893704911e-02 -5.723667703086593450e-02 -2.686787169191054425e-02 9.332981571070081417e-02 -4.625540291389857589e-02 8.927839587963284917e-02 9.015301205464690271e-03 1.203037748787752839e-02 3.012649630088231612e-01 2.084129169422703209e-01 2.613835378665740894e-01 6.157325937306794561e-01 1.207915878762559070e-01 2.565749234623651009e-01 6.324452284875498043e-01 4.382730538482288440e-01 3.640612657966681431e-01 4.422634831211271211e-01 -1.867877809961034363e-01 -1.371633321389597593e-01 -7.923901235308948576e-02 3.017602617782921826e-02 1.106980900666771628e-01 -9.268356647657027825e-02 5.085937363514382581e-02 1.342005111221385161e-01 7.391452017399231800e-02 -8.145828356742244175e-03 -1.143692523283344892e-01 2.781904038285760716e-01 4.399125246403012141e-02 -7.304945098538652426e-02 -8.214411637259336207e-02 -5.178744324318032555e-02 -5.203147178579861643e-02 -2.125651843917668316e-01 6.690723551708481487e-02 1.658156134952174648e-02 -3.332751634293021348e-02 -6.661074920386217402e-02 -8.649915717669511006e-02 -2.431621015030865918e-01 -1.622508994953953676e-01 -1.798672918737885817e-01 -1.913323700933910743e-01 -1.287428650131101360e-01 -1.067696957921420303e-01 -9.813905173163349482e-02 -3.334920146669878571e-02 -1.912596092945944293e-01 -1.127588127315426181e-01 -2.954101345874062257e-01 -1.190339466729779250e-01 -4.188443249230298648e-01 -8.357522783604579009e-02 4.084534271750561718e-02 3.152215994181477039e-03 -9.509959329254345783e-02 1.724514782480918995e-01 9.593977922788109181e-02
1.378623321154784712e-02 6.461668630618395692e-01 2.291328130050241108e-01 1.000000000000000000e+00 5.938823725973587653e-01 6.497429145999607247e-02 6.080614994353326086e-01 6.672054645882690149e-01 6.804403114714269174e-02 -3.198337991058421426e-01 -2.112217207584607959e-01 -2.241243638931795235e-01 -7.780364417716467695e-02 -2.267212250051829081e-01 -2.797459358410321340e-01 3.366602977564397969e-01 -2.455377149622024746e-01 3.257665961386036479e-01 -1.599695997790594182e-01 1.381532620482346374e-01 -2.021375725045601868e-01 -1.582597111675414780e-01 -7.540127987416914146e-02 -2.242555068530064089e-01 -2.256704452899234159e-01 -2.194047684843797308e-01 -1.768083613283160382e-01 -3.593345912943644582e-01 -2.106994537080586205e-01 -1.741325645511556386e-01 1.715533539754451053e-01 -7.033079363517628912e-02 -1.659215925419578186e-01 -2.870015956801128670e-02 -1.508696313000456313e-01 -1.472330383847663682e-01 -2.207500823778429100e-01 -1.038327676683543643e-01 -4.395281231698035251e-02 4.813749069925857826e-01 -1.440602719426565259e-01 -1.920997391179730396e-01 -2.387430458908464947e-01 2.836670401729174396e-01 1.432026598316329946e-01 -1.089127677582721332e-01 -2.751040024468541789e-01 -1.434711621269500748e-01 1.596708881462906571e-01 1.127553790894227498e-01 4.100728973919572917e-01 5.204693873771989443e-01 5.530555996308207378e-01 6.882768292836536350e-01 1.562344632497242036e-01 -4.862556832249866068e-02 6.452931558679425583e-01 3.765177449007213184e-01 -5.186558402839099857e-01 -1.686520752578366811e-01 -3.909273461932776250e-01 -1.887228088428697936e-01 -1.219626110102185468e-01 -3.360729759158597729e-01 -2.920421852851186606e-01 -1.671791662430147374e-01 5.778984917792762133e-01 -1.668815054140135867e-01 -1.082590851669671950e-01 4.875165917933979576e-01 -1.428352206659054269e-01 -4.684978549726920988e-02 -2.131663202206486932e-02 2.153447224669838012e-01 -2.516941981281285989e-01 -3.477125556216969504e-01 -1.054513825044537251e-01 -2.059111004031671244e-01 2.919515542321873824e-01 -1.446570455652773923e-01 -2.298747226939028832e-01 -2.732908274646617119e-01 6.738655277397966048e-02 -1.572812737035569342e-01 -2.409283305139131581e-01 -1.282334689565772234e-01 -4.974626495173150448e-02 -2.572168535870519857e-01 1.886058657432679864e-01 -1.991906461527738204e-01 -1.987896821820565596e-01 -2.572753755502345530e-01 6.329449885704256651e-02 -3.802839497009651293e-01 -2.754363115827562214e-01 3.511595052204262157e-01 -5.200045447629143835e-02 -1.294772557497333998e-01 1.240793953682129414e-01 1.174210335501530006e-01
9.621351486782853124e-02 7.219374598248327057e-01 5.020032620042012006e-01 5.938823725973587653e-01 1.000000000000000000e+00 3.069699004989791535e-01 4.274925553900437158e-01 6.288459545264997175e-01 4.262626903314787885e-01 -3.165425200883137391e-01 -1.539723473095783723e-01 -1.627301042985952184e-01 -6.773711879437573080e-02 -2.251480278250268252e-01 -1.971267026891637963e-01 2.097209589922652551e-01 -1.334923513975141696e-01 4.448571820416726275e-01 -2.714457335145068276e-02 1.775763125334042514e-01 -4.704082241759160316e-02 -1.624520284002551884e-01 -2.289301641405910859e-02 -2.839864745229271348e-01 -2.115024814547184773e-01 -4.567666363690769255e-02 -2.046166694326672919e-01 -2.030128819753294900e-01 -1.040129921148399694e-01 -8.057021810714981580e-02 1.071906756382641768e-01 -1.077757282470878826e-02 -1.741241829895024129e-01 4.634950710645248384e-02 -1.490933445452038708e-01 1.877732269493875492e-02 -1.045502273363431989e-01 -4.753583987103773140e-02 -2.711540462518230096e-02 3.471396379353724471e-01 -9.204636528962505115e-02 -9.942963961686353269e-02 -2.892134836711238166e-01 2.746543103821696419e-01 1.648597119872294015e-01 -2.755023475184219944e-02 -1.993340763696869189e-01 -3.356416587432885928e-02 2.895758280647691696e-01 1.920217520296549074e-01 3.654328188729984439e-01 6.756790876016400826e-01 3.867059638352244866e-01 6.779833741875286313e-01 5.367212974109983881e-01 1.524167609577409266e-01 6.289914291563859505e-01 5.809852182682182509e-01 -4.597086041165859283e-01 -1.982472272847689843e-01 -3.167662821955324892e-01 -9.940107180630743111e-02 -1.177030867694898869e-01 -3.497616335008697508e-01 -1.156885710326788497e-01 -4.365576658902033808e-02 4.068136120334225891e-01 -1.668212310015749003e-02 -8.085219297678879202e-02 4.934657168871833255e-01 9.170092479106179556e-03 -7.801459139624401795e-02 -1.540328900998830589e-02 1.847065131924235243e-02 -1.989386698155954369e-01 -3.262974506485524229e-01 -1.293871377483711040e-02 -1.504065928897981852e-01 1.696483456890489350e-01 -4.248864855695284881e-02 -1.681999508526530185e-01 -2.229754525159456657e-01 -8.727440942568352733e-03 -2.128763996563919902e-01 -2.708170337443816522e-01 -1.650205269355976279e-01 -2.846063288311857439e-02 -1.925788787790826684e-01 2.352182201212790480e-01 -1.830345101500115979e-01 -2.346367373340325635e-01 -3.059187047357708744e-01 -1.532956633522844503e-01 -3.351323884770548989e-01 -3.329710432314566537e-01 2.912329919853506865e-01 -6.857391611734658943e-02 -1.128690474450222414e-01 2.025188778594753103e-01 1.438569936007265126e-01
-2.855183817894099349e-02 1.921258624863809161e-01 6.093572121367352157e-01 6.497429145999607247e-02 3.069699004989791535e-01 1.000000000000000000e+00 1.190240337243157753e-01 2.357552493288439521e-01 5.031007157037135080e-01 -2.929909057278650211e-02 -5.301110615633428114e-02 -8.322388596672211647e-03 1.894158233722070817e-01 1.571807786280683961e-01 1.854362447911641395e-03 -5.754013911710087947e-04 1.236314960001106272e-01 1.971454625761348556e-01 3.948865968371596119e-02 -6.048811724093063752e-02 7.679074893758695841e-02 -2.369354961933275300e-02 2.872167845724603319e-02 9.097185268352316750e-03 3.310681824164169590e-02 -2.369552757957478842e-02 -1.414786348668813348e-03 6.623336594007257772e-02 2.416724930004361324e-02 8.516214138675776146e-02 -9.268285586110215635e-02 1.493250781079516198e-01 1.380404488723023515e-02 -7.105735076441833942e-02 -4.888656132550082273e-02 2.441041148951003104e-01 4.227141656972425998e-02 9.745651416775212572e-02 5.972922185094169112e-02 7.100285610304041262e-02 4.476820404204678860e-02 -6.672400543454642952e-02 1.508161419156690830e-02 1.185909340769541846e-02 -8.024289831139548579e-02 5.587563410597445879e-02 6.234991030115077243e-02 4.165818629144905916e-02 3.333499159000299916e-01 1.901255698575574637e-01 1.860969555375749374e-01 3.997108192112330260e-01 -1.415717425079993097e-02 8.611099986877136792e-02 6.339225377303460141e-01 5.865943623469798140e-01 1.805039558345091222e-01 4.025332715860215349e-01 3.325556140231099647e-03 4.851813548315767055e-02 3.818814008571590202e-02 1.189140332602311168e-01 1.831428459382877516e-01 -8.268652893570184459e-02 1.283687848124449304e-01 1.227998106634509423e-01 -4.631075265748692271e-02 5.991903802754127567e-02 -1.254000993542823406e-01 8.799367617426261112e-02 6.111031604335830092e-02 -1.296760214969477631e-01 -4.935976090707196173e-02 -3.099688364860206727e-02 -2.055960199668689994e-02 2.099140945647467310e-02 9.519093149906310281e-02 6.398610959712837387e-02 -3.875288465065973575e-02 1.461765087848553857e-01 -5.930006932432859562e-02 -2.186493849131453115e-01 -2.396270153988852847e-01 -2.207553695943981209e-01 -2.249962786551217286e-01 -1.868852850109922192e-01 4.860554867290182990e-02 -7.251244835767875485e-02 3.359166653474797513e-03 -1.235733338153136851e-01 -1.191315489862729837e-01 -1.090302043845020885e-01 -1.566591965301686595e-01 -2.391837589403568720e-01 -7.358917670356869556e-02 -4.745938232151346997e-02 -6.646240077967871529e-02 -9.747923113334197587e-02 2.393868032412742597e-01 1.067944450384878674e-01
1.357995882650159525e-01 4.150927934602104408e-01 1.502742099049576563e-01 6.080614994353326086e-01 4.274925553900437158e-01 1.190240337243157753e-01 1.000000000000000000e+00 5.783749848017859518e-01 5.798957988501522720e-02 -1.953119013488653077e-01 -5.403878334965237819e-03 -3.023267915523905058e-01 -1.135942741746300416e-01 -2.179166197702805119e-01 -2.775302868029583814e-01 2.567922138080487304e-01 -4.276292199606501754e-01 3.163165994408321247e-01 -3.351671018200866325e-01 3.639644695242173489e-01 -2.516532893797435166e-01 -1.219250273542745594e-01 -4.963334037417687500e-02 -3.502500335870187276e-01 -1.250429186036156604e-01 -2.157869635182983747e-01 -1.880507452627645792e-01 -3.279945589091197711e-01 -1.112969933783232307e-01 -1.611849518612005761e-01 1.890778816132131501e-01 4.113427714541736252e-02 -1.429264416750399003e-01 -9.315348759841145243e-02 -1.301749827549993077e-01 -6.770297763114422988e-03 -2.091415869600601884e-02 1.694733140405542127e-01 4.547239546243984909e-02 6.667649479083347375e-01 1.966002259317476686e-01 -1.890115605322729153e-01 -1.818588988013432606e-01 3.248855181523984670e-01 2.640822884514456570e-01 3.317493845946675735e-02 -1.512867266253111187e-01 4.513882439487897080e-02 4.279285915229458226e-01 3.801910956783813855e-01 5.225785466218721975e-01 4.265736310204952808e-01 4.222199485893149418e-01 4.428175466701046448e-01 1.218092783624741549e-01 8.243170615055865624e-02 5.905020040014541394e-01 3.115783100100443792e-01 -3.882757707113856371e-01 -1.592321068442917875e-01 -4.008449470314277008e-01 -2.305359422402085134e-01 -1.563612168144497550e-01 -2.240873590928033621e-01 -2.599222784824846144e-01 -1.833437972219009726e-01 7.081376209419500967e-01 -2.374970068685043900e-01 -1.803230883444764676e-01 4.456825344865397165e-01 -9.925477502942874064e-02 -1.051782744051161095e-01 -1.039225919930193281e-01 4.685238731448797544e-01 -3.660450391429147521e-01 -3.326203410244061853e-01 -1.684244934023801099e-01 -2.876614419819198964e-01 2.676937549683863216e-01 -1.143274547872001091e-02 -3.598023102627810887e-01 -1.052856058188407357e-01 3.397755008050077491e-02 -1.387407210352838427e-01 -3.597426242549244257e-01 -1.528138521762768542e-01 8.316976274716419981e-02 -2.652517207046943271e-01 4.448760613815199716e-01 -7.561026763198089307e-02 -4.153768029370483866e-02 3.052926275707459544e-02 2.486642329304814270e-01 -2.026674640224806478e-01 -2.671645931927949524e-01 3.819997574917006200e-01 2.026422839356089439e-02 -1.011979933591128887e-02 4.836981478989141880e-01 3.716258005825952559e-01
1.460972947233264152e-01 5.927008842111225473e-01 3.802430839424538744e-01 6.672054645882690149e-01 6.288459545264997175e-01 2.357552493288439521e-01 5.783749848017859518e-01 1.000000000000000000e+00 3.684690614354715343e-01 -1.897121723772698110e-01 -3.983159229816028712e-02 -2.156743415660484220e-01 -1.156093122670832918e-01 -2.242249157525932068e-01 -2.695731041397707584e-01 3.075450798327518109e-01 -2.241681598906408723e-01 5.567297860943080101e-01 -1.498961024847710599e-01 2.428751274762466217e-01 -1.347385033258458042e-01 -1.259202827585217122e-01 -1.853134228217901552e-02 -2.491748199447867684e-01 -7.156232226032525900e-02 -8.981596573288753993e-02 -1.708672346460571589e-01 -3.229436108304553077e-01 -9.600363039651696462e-02 -1.470796310629045034e-01 1.900887797736855733e-01 4.486208699444401565e-02 -1.982904959915684218e-01 1.263946525733649906e-01 -1.425165043902567874e-01 -2.107717231879268488e-02 -2.384617192896367477e-01 -7.758107969928007552e-02 -4.609552377377795773e-02 3.767165916247655066e-01 -6.320511199169449867e-02 -2.194892511724541584e-01 -2.526255106455417287e-01 2.470449772671608202e-01 3.076986183846951439e-01 -1.395012677820699210e-01 -2.038728699690409152e-01 -1.551983279019360229e-01 2.023835247510634705e-01 4.697311311409835266e-02 4.620112487352804886e-01 5.945165084507630926e-01 4.572870240928185726e-01 5.396687413996634763e-01 3.341835370633678415e-01 9.423362995566304801e-02 7.942020865211856240e-01 6.220615777917255507e-01 -4.102911968161943035e-01 -1.132471841071808344e-01 -2.994621718125513032e-01 -1.655192498881509211e-01 -1.006242042352572114e-01 -3.626248012509728502e-01 -2.044589531145247496e-01 -1.999429618325413716e-01 5.115141921195394126e-01 -1.142435260445781586e-01 -3.991276963488506885e-02 6.425975822102814039e-01 -3.210676775265734750e-02 -1.993243841430945851e-02 4.921676352997311071e-02 2.031565427139615521e-01 -2.266940913064416363e-01 -2.728860337014989978e-01 -6.674282733792420708e-02 -2.144303409031678709e-01 3.467548239708551638e-01 -1.140577507621277631e-01 -1.512674055352373481e-01 -2.206821993178253727e-01 8.879205786570060210e-02 -8.525202774001890138e-02 -2.701465595692422728e-01 -1.385097377000086005e-01 -1.053390005694971807e-02 -2.853845202450596141e-01 3.325882544170583044e-01 -2.252823761728358909e-01 -3.079584229636939119e-01 -1.371235197965266772e-01 -3.927645171470479750e-03 -2.879821313422920581e-01 -2.968051451051840761e-01 2.836126604568547371e-01 -1.200430101333376104e-01 -1.894248378888297446e-01 2.425927876001435779e-01 6.736406351921526980e-02
-5.709952467705789458e-02 2.793333568561746083e-01 5.186713563386026182e-01 6.804403114714269174e-02 4.262626903314787885e-01 5.031007157037135080e-01 5.798957988501522720e-02 3.684690614354715343e-01 1.000000000000000000e+00 6.389834122128580651e-02 1.025883303613983888e-01 1.031791674017561167e-01 2.119481396896113201e-01 -1.632449132516334070e-03 -1.253756257062138280e-01 4.202188554817006677e-02 1.530647196903813789e-01 1.813235285486508308e-01 5.421264258248479490e-02 -1.281668580881895059e-01 1.143086807182032844e-01 -4.258616401891056336e-02 -8.859583793928922646e-02 -3.254341196471535747e-02 1.324098585827802876e-01 1.795735537701413642e-01 -9.683488902872806892e-02 5.953565692569604689e-02 1.024076364637617259e-03 1.649333106620093706e-02 -1.649082763403926510e-01 1.957294995240665691e-01 1.331639875594775868e-01 7.487531808862450677e-02 -7.943952564998414678e-02 2.059882771519874478e-01 4.278747008875457419e-02 5.840457493161551467e-02 1.237758996027638059e-01 -8.656181615658380124e-02 3.357146256383663086e-03 9.531350622652341731e-02 -4.206774227389784709e-02 -2.132967042131364913e-02 8.138761204616564576e-03 -1.310447033012599946e-02 2.665923814706319325e-02 -7.105140289998976288e-02 1.612405973164535156e-01 -5.880548089617279074e-03 1.472876123191757258e-01 4.441632979715466889e-01 4.050132902212466579e-02 1.634350370835161992e-01 5.170752288117153039e-01 4.608171313888801968e-01 2.998490096944242400e-01 6.563542230186105719e-01 4.267190260358794118e-02 8.195558960884424815e-02 1.204097355607924025e-01 1.895297564643707855e-01 2.282780014555672865e-02 -1.865104828208428434e-01 8.066245063614640998e-03 -4.810719486894041858e-02 -6.537179556691287419e-02 7.851733857172342457e-02 -1.072337950585053046e-01 1.364758952166694739e-01 8.674821972121127267e-02 -1.394833010145991592e-01 -1.153105806204745010e-01 -4.566838499019207354e-02 5.933851664524707886e-02 5.107488250158737780e-02 5.417248930489053371e-02 -4.307509210909590130e-02 -5.652190300431265800e-05 9.298402633358164582e-02 -5.757830073101372764e-02 -1.585517808475049861e-01 -1.076999090034569256e-01 -1.760882142806868000e-01 -2.350983366464955704e-01 -2.090503485214924850e-01 2.787523113007485051e-02 -2.986647849441429609e-02 7.288641149998132188e-03 -1.481783161122642856e-01 -1.345142586815602781e-01 -6.240410296100509790e-02 -1.078788191707853589e-01 -1.190810527916305733e-01 -6.811756999096668652e-02 -5.909495776679935669e-02 -1.115450904060237836e-01 -1.872961499366081473e-01 1.466934749173249564e-01 -8.556332807261562978e-02
1.340916993230572285e-01 -3.222076555534558739e-01 -1.253928073864382375e-01 -3.198337991058421426e-01 -3.165425200883137391e-01 -2.929909057278650211e-02 -1.953119013488653077e-01 -1.897121723772698110e-01 6.389834122128580651e-02 1.000000000000000000e+00 4.236951148643257059e-01 4.371041438811937296e-01 1.261881531795643607e-01 1.386513040152673459e-01 5.706721534627878095e-02 -8.966160584487845031e-02 1.251034219529840730e-01 -2.314745354108649622e-01 -7.928781799721348889e-02 -3.262792601076661136e-01 5.555787494358536277e-02 1.640444981605145708e-02 -2.805742624800455776e-01 2.985481342806567961e-01 4.753696924839711513e-01 3.554212034715409918e-01 -1.471500622639728695e-01 2.449595152948634905e-02 2.522338372677096485e-02 -4.843350188744319218e-02 -1.653016546073153570e-01 2.161240023204347438e-01 6.817178846006807791e-02 5.929615081009628752e-02 -1.130750737467091788e-01 -1.128753834283355434e-01 -8.630034655753261730e-02 4.959118614218417653e-02 7.648322234429195954e-02 -2.211409496823845133e-01 -2.312205060489456454e-01 9.184972720507295074e-02 -7.305543363351471586e-02 -3.158960580070372948e-01 -1.237619539714985145e-01 -1.781216147453346110e-01 -1.767937643867123487e-01 -1.963957036207764906e-01 -1.983763086292736344e-01 -2.840687502066209236e-01 -3.217067333121016032e-02 -1.235027622073787690e-01 -1.751883145515746587e-01 -2.750669804904624094e-01 -8.720191973041641065e-02 9.712753026958756419e-02 -1.540274158341689847e-01 -1.246827771584070599e-01 6.182469436378190686e-01 4.462152545750494581e-01 6.033599241350587894e-01 2.228741829101893723e-01 8.207245191791284755e-02 1.194624363084802604e-01 8.728902899589562059e-02 9.962567297339205638e-03 -2.263619649482430107e-01 4.267301768913277921e-02 8.039227316128942646e-02 -2.297121720114558008e-01 1.637969794098425094e-02 1.289735398397799104e-01 -1.816124630431297793e-01 1.970695656356153680e-01 4.258183412386953304e-01 4.959757285812502192e-01 -7.387039733678085057e-03 -5.930835267048221830e-03 -8.687095653712079146e-02 1.423338612710036977e-01 1.315722276876827301e-01 -7.133635703606538633e-03 -6.725337590364828533e-02 2.303468369449448994e-01 9.680857875343025672e-04 -1.211938109271868402e-01 -3.397468733769577059e-02 7.549688431926440679e-02 -1.956790680123839110e-01 -3.518086564211923839e-02 9.132407135473083470e-02 3.705109175334556082e-01 2.057945763433951802e-01 4.185316202877506497e-01 1.896070228950048620e-01 -2.935932326745572252e-01 -1.815679651171577813e-01 -1.588004383079079096e-01 -9.031930963226678100e-02 -2.571518380192251985e-01
3.201028596332668452e-01 -2.615730901015764220e-01 -1.645097424717122947e-01 -2.112217207584607959e-01 -1.539723473095783723e-01 -5.301110615633428114e-02 -5.403878334965237819e-03 -3.983159229816028712e-02 1.025883303613983888e-01 4.236951148643257059e-01 1.000000000000000000e+00 5.645856921916293514e-01 1.720023279289378815e-01 -1.002807048430229996e-04 -6.144856099004396971e-02 -1.361109767738135079e-01 1.199921700980844663e-01 -1.086323331419138810e-01 -3.345881671228279064e-02 -1.034742429464751978e-01 1.272460749393237826e-02 2.394025106777915302e-02 -1.786181687795553863e-01 1.384345077437317273e-01 4.669681273545290279e-01 4.696808460122804951e-01 -2.120178685937511298e-01 8.871462980471370163e-02 6.491742779691940524e-02 -7.961841284552724496e-02 -1.209633918334860475e-02 2.510376992909102989e-01 -8.385285419914584315e-02 1.827942126171397674e-01 -1.714070850774404853e-01 5.225974982077854353e-02 -1.885926574610339440e-02 -2.461312308261505433e-02 4.238428341799085897e-02 -2.324842782473032499e-01 -5.396658115155036212e-02 2.315531127451695148e-01 -5.504435989771252341e-02 -1.262573127626217817e-01 -6.659325587442563137e-03 -2.373815618390498206e-01 -1.932249938237781406e-01 -1.822759867601096151e-01 -6.646004120692421135e-02 -2.514839898529844797e-01 -5.345667629940055454e-02 -1.081781126845497987e-01 -8.554916668261854096e-02 -1.776829147712500612e-01 -9.690784299400820312e-02 1.922842892735888293e-02 -9.074501545913377099e-02 7.836454142447679683e-02 3.926031043151494426e-01 4.528796959645788878e-01 5.388830896488530087e-01 3.705263673995209395e-01 9.576449200639807618e-03 -1.213302061740448648e-02 3.356800212083137225e-02 -7.556381328947928133e-02 -2.136951912675786325e-01 1.432519478010614022e-01 -2.436675941734453565e-02 -1.215172648875079975e-01 4.077073716906206430e-02 4.071030967987017413e-02 -1.447947922670269894e-01 1.561730426320173948e-01 3.720882231645248894e-01 4.399877190261708426e-01 -6.549033239243459703e-02 -3.239729665937444991e-02 -2.949970297274908185e-02 1.041308034342427885e-01 9.607309696560893675e-02 -4.052160005338786841e-02 -1.170568185366605840e-01 1.087296122190863357e-01 -2.254801539520609466e-01 -2.895139671168822093e-01 6.680838148156975631e-02 -7.506016047141120251e-02 2.524768027993501418e-02 -1.641791598959342346e-01 -1.883400866197782464e-01 3.243787965853532906e-01 1.492118073630271657e-01 4.336243226797049655e-01 2.561069968109281128e-02 -1.503407527724975878e-01 -2.784692404028328849e-01 -2.812223955430577793e-01 1.927252336042142855e-02 -2.556371852089350249e-01
1.850536634802285307e-01 -1.476951199158488548e-01 -9.361176587412384231e-02 -2.241243638931795235e-01 -1.627301042985952184e-01 -8.322388596672211647e-03 -3.023267915523905058e-01 -2.156743415660484220e-01 1.031791674017561167e-01 4.371041438811937296e-01 5.645856921916293514e-01 1.000000000000000000e+00 2.665806898193826546e-01 7.506706353528712350e-02 3.574356548144629747e-02 -6.024471106242362123e-02 4.461743339942602637e-01 -1.744765518364822243e-01 1.455930006458159010e-01 -3.824959769435436474e-01 1.527246034199536417e-01 -1.772414709757610474e-03 -3.078551550946816429e-01 4.089064398095090258e-01 5.247229049875564710e-01 5.326528112895547729e-01 -3.590475261332683465e-01 -7.772649732842199866e-04 6.446221537522972556e-02 -1.555656041707532133e-01 -1.275108340221673964e-01 2.794383160521329290e-01 4.335859341463218358e-02 2.260669111882721016e-01 -2.416174652937809753e-01 -3.579891371197634065e-02 -7.481258707155917509e-02 -2.599929137657849276e-01 -6.743475945710751540e-02 -3.543518458635980251e-01 -3.405949283568653896e-01 3.420761138789472633e-01 -1.045694939076621394e-01 -2.948503701077083150e-01 -2.258650237567534358e-01 -4.139548318585201114e-01 -3.176372005614627736e-01 -4.406132897358134848e-01 -2.686222320441279954e-01 -4.657876591444194969e-01 -1.830273447618491756e-01 -6.656400845982794745e-02 -6.289804435031520757e-02 -1.244112865173472582e-01 -8.220691338274054016e-02 -8.375418175388547881e-02 -2.535421866592915130e-01 -4.381727421880075163e-02 4.524499709547423754e-01 5.616703467451700238e-01 6.463988214222483597e-01 4.723488657007974267e-01 9.613700161864772997e-02 -3.838338082323158873e-02 6.796593274774724580e-02 7.283818542584404553e-03 -3.835372596788106381e-01 2.333184556202194393e-01 8.093112515702842458e-02 -2.087252070418233740e-01 1.203526738802795787e-01 8.947539165905733782e-02 -1.845376670519011941e-01 -2.363554067002440404e-02 6.538546404325271677e-01 6.017247545663106933e-01 7.119544972201552469e-02 5.207686590393755671e-02 -8.768420135453434960e-02 1.464671062827478942e-01 3.156923434434382725e-01 -1.659385386251796268e-01 -2.606375414803830393e-01 9.980268949594607586e-02 -1.451814046453999141e-01 -3.397608994140425831e-01 -1.618300578751603533e-02 -1.047960023907481969e-01 -2.932578681787328945e-01 -2.463400447420293349e-01 -2.678491665441913860e-01 6.011206818765910814e-02 -1.216446605348349289e-03 3.549952412330525386e-01 1.080277080356761288e-01 -3.621042785492415983e-01 -4.436564048761705292e-01 -4.708379131454180078e-01 -2.175139337545027307e-01 -4.645901116595756997e-01
-1.636097982428914577e-01 -4.162168127766361497e-02 1.468163061742440156e-01 -7.780364417716467695e-02 -6.773711879437573080e-02 1.894158233722070817e-01 -1.135942741746300416e-01 -1.156093122670832918e-01 2.119481396896113201e-01 1.261881531795643607e-01 1.720023279289378815e-01 2.665806898193826546e-01 1.000000000000000000e+00 4.790898982136509443e-01 3.033801826486736686e-01 1.541006291945363482e-01 4.433564347871126743e-01 4.161009069707972269e-02 2.973826170596723384e-01 -1.537078624772651170e-01 3.087251353500012341e-01 3.727271874569023646e-01 1.248025187472809466e-01 3.535691884218457037e-01 -1.612467928605902309e-02 2.939562185917352077e-01 2.459942048078079396e-02 2.347258309280133570e-01 2.062638333105804578e-01 2.835041840036943150e-01 -2.704854476937071928e-01 -6.188242555737940437e-02 1.048455864109729824e-01 2.102680618505949339e-01 2.276055506038519860e-01 1.005151716250197447e-01 7.313408433253185126e-02 -1.679541553971857226e-01 1.182613593770530797e-01 -1.564569488388835861e-01 -6.207122302574136913e-02 9.547001808914078180e-02 3.157585585796742755e-01 -3.052416310038851277e-01 -2.122265206032095397e-01 -7.738793137172580994e-02 1.318766759270981470e-01 -1.077737738969807291e-01 -2.386496698137244576e-01 -1.098612419729695922e-01 -1.377397085786651876e-01 -8.741015430401753716e-03 -3.378145531881233433e-03 -1.049459473155346795e-01 1.873648901685554258e-01 1.032330150585680645e-01 -1.393061717950117018e-01 2.263999784905191062e-02 1.475331876354793181e-01 5.689622891678616096e-02 2.774171885722072073e-01 7.242674176027231736e-01 5.352007043226011396e-01 2.681159271773027042e-01 3.327475722204359943e-01 3.091205046254058009e-01 -2.455188645507804523e-01 3.544199478169058337e-01 1.817793480039425758e-01 -8.909851780151541167e-02 2.206061435642208135e-01 3.226181147425096207e-01 4.687106160519141640e-02 -1.579430423468642930e-01 2.941277549611358011e-01 8.562175041673612819e-02 3.856446445948256696e-01 3.076565366425774162e-01 -3.625984085245021471e-01 -1.327313389997235478e-02 2.651662962086654418e-01 -1.253446696831938267e-01 -2.578497576230130428e-01 1.815822828842727499e-01 5.627956216504727965e-02 -1.129929181314106718e-01 3.338695200462923202e-02 1.774884061306431504e-01 -2.063269811544100329e-01 -1.741714503247602241e-01 -1.751896125405810190e-01 -9.554629612808952788e-02 -1.304571248254682847e-01 -7.314469467453012241e-02 7.687793773145149001e-02 -3.659863581607881167e-01 -1.243143935223269686e-01 -1.519587575823749259e-01 -2.404240315277305640e-01 -1.139548759112747750e-01
-3.489566088226903617e-01 -2.156837747869505550e-01 5.617373794567178530e-02 -2.267212250051829081e-01 -2.251480278250268252e-01 1.571807786280683961e-01 -2.179166197702805119e-01 -2.242249157525932068e-01 -1.632449132516334070e-03 1.386513040152673459e-01 -1.002807048430229996e-04 7.506706353528712350e-02 4.790898982136509443e-01 1.000000000000000000e+00 6.741358099139722615e-01 1.814529212143052572e-01 4.792209040029368206e-01 1.610045116857569958e-01 4.642506699572219175e-01 -6.303430039110147903e-03 5.497288893312162195e-01 4.647933168932651404e-01 3.841208424290382673e-01 4.476463830265574040e-01 -2.059027754582300751e-01 2.333614518711785435e-01 3.551017756454025731e-01 4.106177129867606412e-01 4.564198527487926538e-01 4.829447200323852551e-01 -4.140747032896992946e-02 -2.382817169590332185e-01 6.403053449325732394e-02 2.332237139092369627e-01 3.614907266537809027e-01 8.499711919458970144e-02 7.367350036584943695e-02 -1.164212862925703418e-01 1.432537229442121252e-01 -8.775977541975947538e-02 -2.630066259281849117e-02 -1.333672735967231238e-02 4.021385684417432826e-01 -1.962093686407696269e-01 -1.737118645368665171e-01 7.875793130078691251e-02 3.446847384898808486e-01 1.004840204128777531e-01 -3.321554443701231207e-01 -1.678636705942232465e-02 -2.270055817096687800e-01 -2.590991731941612031e-01 -1.233810099318894127e-01 -2.810437250048792857e-01 1.479704410347252586e-01 7.266742206879721333e-02 -2.294915998923212075e-01 -2.290094311610645916e-01 1.048834451626772662e-01 -1.477060766990242469e-01 1.455246958312952921e-01 3.986706303680370711e-01 6.030392499131698170e-01 5.968270893475076111e-01 6.098738921565968196e-01 6.676003509982648687e-01 -2.350913359251564361e-01 4.625606850866740838e-01 3.946813413216625488e-01 -2.885419062532875584e-02 4.941193940770447490e-01 5.079319584300214796e-01 3.918827663123745086e-01 -1.842359134788933706e-01 2.489283513595583475e-01 -8.383098873249947292e-02 5.918227071115906845e-01 6.558989841472955273e-01 -2.569682360789297126e-01 -1.377771812780812233e-01 4.085967372035327894e-01 1.155022372348201709e-01 -6.643611583317513003e-02 2.909319047895986277e-01 4.055059629039028390e-01 2.724823856720020032e-01 1.424787097211008546e-01 4.284986673943599333e-01 -1.030056543695535703e-01 1.197219410234120346e-01 1.853194109389322275e-02 -1.281191727274857417e-01 -1.480314761209426677e-01 -1.194281080656865723e-02 2.667431096814428804e-01 -1.934983994432529220e-01 1.678831173938129251e-01 2.318528484300471926e-01 -3.046756241626370487e-01 5.485179929988575481e-02
-3.080483155521460126e-01 -1.989918658463861179e-01 5.993419858471818462e-02 -2.797459358410321340e-01 -1.971267026891637963e-01 1.854362447911641395e-03 -2.775302868029583814e-01 -2.695731041397707584e-01 -1.253756257062138280e-01 5.706721534627878095e-02 -6.144856099004396971e-02 3.574356548144629747e-02 3.033801826486736686e-01 6.741358099139722615e-01 1.000000000000000000e+00 1.296002663433045987e-01 3.945856426583382870e-01 1.867352153537932824e-01 4.250787081008136625e-01 1.214624509438418098e-01 6.617695347809844364e-01 3.991259500314454089e-01 3.458777020264846014e-01 3.866124520250847074e-01 -3.536064506749947434e-01 2.101158470795055910e-01 3.105802887540802248e-01 3.329557713736653324e-01 4.506290950296974462e-01 4.381015670852196897e-01 1.779570626951415546e-02 -4.223849072309399655e-01 -1.079450559636528501e-01 2.432720869165813649e-01 2.644749743633754147e-01 1.410103004116977643e-01 9.001990117375011091e-02 -2.362016399207476636e-01 3.452330184079753506e-02 -5.446802987797767087e-02 -3.445636368659428517e-02 -8.851486958385829107e-02 2.265181849831484906e-01 -1.149478503522544659e-01 -9.876300030178117306e-02 1.387517884349073749e-01 2.602848455296762342e-01 1.242076238715874165e-01 -3.018681242413747690e-01 2.802854950278457075e-02 -2.675778115341919672e-01 -3.341537051222600030e-01 -1.371207082541253952e-01 -2.819544690806787268e-01 1.017581164903610114e-01 -7.328162314468236738e-02 -2.472553735565315158e-01 -3.087355795736142494e-01 -2.103906404042543699e-02 -3.018953518872471986e-01 6.452524612743679167e-02 3.096477586596945164e-01 5.040464342150965393e-01 6.380600057665634095e-01 6.467695341345263138e-01 7.546163754398979018e-01 -1.787723649750444233e-01 4.674750060885836667e-01 4.465196064888533600e-01 -2.152462876084206000e-03 6.253654676803290791e-01 5.345509513652609845e-01 3.924463935978236839e-01 -2.401577705708175803e-01 2.945455801262569784e-01 -2.269680963422932851e-01 6.221764426828800820e-01 6.685364523613439580e-01 -2.550463277117792638e-01 -2.658727900566332236e-01 4.284752426366502664e-01 2.029839120460798785e-01 2.829458884602462782e-02 3.093931591042886065e-01 4.230761171406551835e-01 3.296719310957610394e-01 1.589853935806661289e-01 3.996661879699860975e-01 -1.683420288149321386e-03 1.806282267239253392e-01 6.753450775903824255e-02 -1.984387734472450038e-01 -1.547647586975708089e-01 -3.728620561360085350e-02 1.703642022810126222e-01 -1.328117864266797621e-01 2.388659675323380194e-01 2.590433121100801928e-01 -2.991320645973377657e-01 1.337842649772367776e-01
