1.000000000000000000e+00 -1.650578218557221533e-01 1.552968231895013665e-02 2.581726123107364601e-01 -5.435219827820744927e-03 1.974782058709666777e-01 5.673261559707040713e-02 -1.266322888048057038e-01 1.180310008028815916e-01 -1.088568011714317330e-01 -1.155402360820135532e-01 -2.440158462386754767e-01 2.605491214244759143e-02 -9.139780723690438258e-02 -2.339944838048912401e-01 1.288672260680006265e-03 -2.635047123598339147e-01 -5.979341568154752928e-02 -2.772457059287647407e-02 2.615192857277753857e-01 -1.210903324455198382e-01 -2.486042430788440727e-01 -1.280006278311846546e-01 -3.328945612163596302e-01 -7.538543807621256310e-02 -3.829490793350249778e-01 -1.703289801140367155e-01 -3.260557118057137993e-01 7.084826887919190574e-02 -2.289118146873978799e-01 1.709814727930796807e-01 1.046363035652978640e-01 6.926642719243177038e-02 -1.403705846354019460e-01 -1.941157322129777874e-01 6.875242570746363524e-02 5.225887468854817364e-02 2.377063282824977697e-01 -1.582384891657491743e-01 -3.787076832977760710e-02 3.911430280866363685e-01 3.932043106320441683e-02 -1.993739304444901994e-01 4.199855601590081200e-01 1.800236008272130400e-02 1.259486470950384185e-01 9.462657283033561184e-02 2.126031031617901801e-01 4.682314661118792687e-01 3.975290503726199298e-01 2.204957405028114270e-01 -1.681376166008931583e-01 -1.995264089425988763e-01 -1.730263154163114714e-01 -5.125414294552664389e-03 1.999219412172197896e-01 -3.771903751487874074e-02 1.206832566334404416e-01 -2.052788133020760353e-01 -1.815263655103700469e-01 -1.375813032203472841e-01 2.914260561771054789e-02 -2.671517775655222332e-03 -2.484879767486422308e-01 -2.335064509669334265e-01 -2.181276813945620952e-01 4.730104742220531122e-01 -1.260192239278185855e-01 -1.272159457248596137e-01 6.388200672079569209e-02 -1.028012821146234712e-01 -2.440833924471509098e-01 -4.884614724266690688e-03 7.172211731773572851e-02 -2.728533281277270572e-01 -3.251967573798772992e-01 -2.138934681368223067e-01 -2.894572374837178774e-01 2.762529723164284801e-01 9.522983696367082543e-03 -3.294442488535085367e-01 1.742079773966298262e-01 -1.569593406953857795e-01 -1.749282354408181195e-01 -3.100402116991404222e-01 -7.847288106482605552e-02 -9.349227703230077180e-02 -2.862649002901281881e-01 2.368238257800394375e-01 1.710469383489245099e-01 1.360375124919250278e-01 -9.830771933913960703e-02 -1.284043943148312772e-01 -1.464348242501037900e-01 -1.688966066343330630e-01 4.531857312235442747e-01 2.420444022579936183e-01 1.528315690994340170e-01 3.840367952946078800e-01 3.846034193587771766e-01
-1.650578218557221533e-01 1.000000000000000000e+00 3.604402305815276875e-02 2.403924789710805421e-01 4.218321116477619093e-01 -7.446426075280510037e-02 3.095132703550246278e-01 4.128096149812742199e-01 -4.422564565929558433e-02 2.810748733077042538e-01 6.974201740764192359e-02 1.263819627143012714e-01 2.243652099923013760e-02 1.250757569052182716e-01 7.848809547342967818e-02 2.488582986825528254e-01 -3.867352043682162344e-02 2.398710301098440009e-02 3.180104427881521451e-03 -1.955500429232432391e-01 9.927412804589554052e-02 3.054722259855828168e-02 8.011093269001512418e-02 1.097231147511670557e-01 3.721091618619976060e-01 1.573197818832092754e-01 1.165217564447211668e-01 -7.505899115969737190e-03 -2.584913999152528910e-02 -4.939147086680941573e-02 -2.329707096572519384e-02 1.565204960385113975e-01 1.421166201005692464e-01 3.978485226328731805e-02 5.183457806189398914e-03 -2.010660119143363733e-01 -1.793697411884891957e-01 -1.180884163385019225e-01 -2.386297157955263593e-01 -2.921517388723896547e-01 -3.286878217546908565e-01 -3.137030867386673139e-01 -1.838999246496087758e-01 -3.825948523993690786e-01 -1.146990549526510084e-01 -2.496013201936331527e-01 -8.900203046301780052e-02 -1.034344132245500203e-01 -2.001777968220614101e-01 -3.942431567159506711e-01 -1.718591995072956888e-02 2.699032592778023987e-01 1.159282955753697109e-01 4.959829973054402652e-02 -1.281598136278989386e-01 1.166611065514629592e-01 2.611378505147616824e-01 1.692774299479865019e-01 4.240827330702966469e-01 1.245018820354796135e-01 2.548265111646436654e-01 -1.240326725065874908e-01 1.217801846931388654e-01 1.098309059652557568e-01 1.302749515403316682e-01 1.325418333721391506e-01 -3.084131749032667513e-01 -1.106113025064158102e-02 1.003518353615977104e-01 -2.056467460007417591e-02 1.400983900322322062e-01 -4.419818992014398762e-02 9.446316409471335052e-02 -2.594457823029434063e-01 6.156444273545655377e-02 1.874833160726873116e-01 1.027066490257917686e-01 6.693691354719821796e-02 -3.914925032246659165e-02 -9.016648191935094925e-02 2.089960683720993306e-01 -1.663488873990595085e-01 -1.679781752371497724e-02 -8.151156801528006840e-03 1.831340767456314800e-01 -4.822593702483743416e-02 -1.965603711598826742e-01 -5.412304390440032462e-03 -2.591018274956003453e-01 -1.457930551323866897e-01 -6.829360824690022813e-02 8.952170686661772847e-02 -6.950080195244586530e-04 8.536574297232515929e-02 -5.579947613152091979e-02 -2.775951760523334699e-01 -3.100919894112904029e-01 -5.836295434990105592e-03 -2.099951358819785174e-01 -3.472202713278843000e-01
1.552968231895013665e-02 3.604402305815276875e-02 1.000000000000000000e+00 -9.118354754915894422e-02 -1.777799929847065086e-01 2.757015343436877153e-01 -1.206477820381687965e-01 2.765899351229362257e-01 1.822531343176693464e-01 -5.980299706177703845e-02 -2.317057231541591877e-01 4.855529021905075765e-02 1.302769248866889051e-02 3.400794050984529918e-03 -8.740997497206377809e-02 3.790583544292077528e-02 -1.059063143646892385e-01 1.066909776543119165e-01 -6.514273041681485632e-02 1.823229151765675890e-02 -2.103635186566152060e-01 6.664898886818867996e-02 -9.052051423578531819e-02 -1.144468162095045316e-01 -4.798267428745738861e-01 -1.558162469513039716e-01 -1.843330533156828099e-01 -2.929012048725934680e-02 -1.611315143950169115e-01 8.399076909181517336e-02 8.904211477900816907e-02 -4.421477303067016806e-01 -1.342130333730897351e-01 9.493901074460475709e-02 1.645927705922077822e-01 -1.616751234898631262e-01 -2.348970482045419084e-01 -2.399114664359791038e-01 -2.021335445072070525e-01 -9.077623773717131972e-02 5.833389775729452137e-02 4.459440546840893749e-01 2.222844258629496916e-01 1.523372584953612829e-01 9.485634942188823915e-02 8.597657244518193409e-02 1.663444200976241238e-02 -8.969845772134367456e-03 -2.585873689232965483e-02 -1.722172286289702994e-02 -9.868434184324437197e-02 6.338105775573769918e-02 -1.422675354961306649e-01 1.179535913085167642e-01 6.153379603042907764e-01 9.698204388133108145e-02 2.608583175093905915e-01 3.801573246136334960e-01 -1.348449391585423152e-01 -8.605578954120353397e-02 -2.801253217544614690e-02 9.579132512108616548e-02 3.400186789171898843e-02 -1.212979223282703717e-01 -3.222312566119762967e-02 -1.240386835105618119e-01 3.360144932150319411e-03 8.042267518489004674e-02 1.758749895740420455e-02 4.157238625087825157e-02 -1.545469152465434315e-01 1.301296206370862185e-01 4.577952581233425688e-02 -4.649039867675467536e-02 -2.224347275873395091e-02 -1.882907733459869282e-01 -1.088163933338155698e-01 5.275039650261754975e-02 8.954231760020987807e-02 -2.818870322468571277e-01 -1.282703549567324464e-01 1.473837398870583154e-02 2.377969184695344074e-01 1.397763711206500004e-01 1.999069096468346005e-02 8.521491280066448293e-02 -1.661564734675007315e-01 1.513730910410824963e-02 -9.835777438171683373e-02 4.425528341490173739e-02 -1.103816349324288765e-01 -2.563625608147873103e-01 -2.487741272556856786e-01 -3.582638053526025490e-01 1.172221935596341608e-01 1.798294487098761607e-01 4.052083610980027756e-02 -4.951041412043465789e-02 -1.113079944471594002e-01 -1.889450807984499256e-02
2.581726123107364601e-01 2.403924789710805421e-01 -9.118354754915894422e-02 1.000000000000000000e+00 2.790975323615216275e-01 7.839778377158715394e-02 1.083495144148574479e-01 2.635094859538588460e-04 -9.372162088571150962e-02 9.974435142128865173e-02 -9.125753327335661691e-02 -2.616047322731607228e-01 5.136210988488067869e-02 -4.740084076248644862e-02 -1.908188878591017545e-01 4.059801127164664458e-01 -2.617339837717844730e-01 -1.307759679834016309e-01 1.307753161599105041e-01 -7.983805075023628003e-03 6.563071636630447847e-02 -1.244622281548332793e-01 2.256060065639240927e-02 -1.742786508909819343e-01 1.878340884197507998e-01 -2.654033092645611269e-01 -2.417934170260246235e-02 -2.409321063287640508e-01 2.586999476078980648e-02 -1.953298444919509824e-01 1.570505334754266624e-01 3.300622678741323424e-01 3.305457335513230510e-01 7.558047623558057648e-02 2.505282245419740775e-02 -9.739863001101002615e-02 6.546973790217656963e-02 4.702654435203874883e-02 -2.389315826517779684e-01 -2.628769266859454223e-01 7.385598504958561239e-02 -3.119985102001205934e-01 -2.553109200271594381e-01 -6.261218664374630649e-02 -5.796211866026693138e-02 -2.546270779641646165e-01 2.039511686074556018e-01 -4.818557775489453604e-02 5.228171275510493793e-02 6.055665274777698864e-03 9.118051095616655499e-02 -2.695838325570467653e-01 -1.790563063497006002e-01 -8.196522348070969799e-02 -1.015408890475164999e-01 2.020628754029279717e-01 4.110222346342504857e-02 -2.083009575854991025e-02 1.071788137357218007e-01 -9.083256749764363758e-02 -5.273257501928594985e-03 -5.574115058572776116e-02 -2.811148664611018422e-02 -1.950011645007413419e-01 -2.508693119874687988e-02 -1.622850781325648473e-01 2.480985752352131424e-02 -8.622791493583870093e-02 6.507754564945758546e-02 -5.311046656702696905e-02 1.284361404563928166e-01 -1.549688943731583890e-01 4.620173616912811448e-02 -1.188080911252242938e-01 -9.344588797160008342e-02 -1.187795547892574466e-01 -6.535937866846647237e-02 -1.596037247174994789e-01 2.296712391815903531e-01 -2.103262540108251921e-01 -2.852055518321819100e-04 2.765595231327582643e-02 -1.491414205841235519e-01 -1.919846013393378958e-01 -4.890313200007290889e-02 -5.034931156845755956e-02 -1.108337244664387017e-01 -4.165656037594623329e-01 3.399632694606524730e-02 1.387288567023522434e-01 1.835394537277268701e-01 3.557857611762832006e-03 -1.607745699961725394e-01 -1.892964472869836656e-01 -1.108670851547780556e-01 1.047539246894093751e-01 -2.021902449509051514e-01 -3.240091085262208903e-02 -1.135845726401361888e-01 -5.070446167301368573e-02
-5.435219827820744927e-03 4.218321116477619093e-01 -1.777799929847065086e-01 2.790975323615216275e-01 1.000000000000000000e+00 2.348470149946297603e-01 4.726300825907462505e-02 1.032755824740860945e-01 -2.551705318355754551e-02 1.471036972894826933e-01 1.433471478993239290e-01 -2.874423516540663415e-01 1.326734737962013411e-01 3.174408637295401125e-01 -5.753448207962881533e-02 2.549249530012760029e-02 -4.946099116924201899e-02 -1.750472994051408271e-01 2.876492386957538172e-01 -7.098616739165765355e-02 1.557402341872644036e-01 3.789836999743204093e-02 -2.660720218618507771e-02 -8.502962322342479118e-02 2.964066694400993018e-01 -2.126328716096232557e-02 2.370866977175002943e-01 1.773482798895166523e-01 -4.143343597107425336e-02 -1.454735630730390368e-02 -2.225487031346173872e-01 3.245967701240202175e-01 3.482911945959726308e-01 3.945888680243520713e-02 1.479667786963859422e-01 -1.888486155143148937e-01 1.457013532837394404e-02 -1.216318457519163787e-01 -7.913403060048665449e-02 -2.210140070483599395e-01 -1.066904090042036651e-01 -4.931785081434809093e-01 -2.251640537920192309e-01 -1.260758939724797578e-01 -3.958159311318666662e-02 -3.118834672387406706e-02 6.844257773088741059e-02 -4.673210961134576132e-04 6.871027300332598065e-02 -6.524910056740025610e-02 1.772627872067505661e-01 -1.502848049664162466e-01 -2.526951109391060712e-01 2.258339818259128273e-01 3.269310386328973250e-02 3.046049676792087491e-01 -1.629729215498672834e-01 9.955473294294597819e-02 1.775518827752021467e-01 -2.897154623134636647e-02 -1.334243501674931345e-02 3.115500916384203976e-03 1.184580450125116563e-01 1.676187560627834250e-01 6.145404504609872087e-02 2.255030949081154035e-01 -1.599834047903769541e-01 1.700243038312498900e-02 5.827504670556266086e-02 -1.842527512168101733e-01 1.403415506899003684e-01 -8.795332697379953935e-02 -2.734141983916941326e-02 -2.235527224939075353e-01 -9.491064375138134890e-02 7.806040659114996116e-02 -4.009132705410943520e-02 -2.914985813734301962e-02 -1.987075768784251351e-01 -3.750603845292996286e-02 -3.900006878520027257e-03 -8.511104194009265489e-02 9.464927257243989367e-02 9.873888736924797682e-02 2.003084918595924024e-01 1.195884115010257126e-01 -9.536205835796035535e-03 -1.365848556233346944e-01 -1.621136277149831939e-01 -9.599138627834959137e-02 1.256361113219104375e-01 -1.703239920700958671e-02 -1.164628191051317666e-02 8.726175540614343473e-02 -6.891352893801255819e-02 -1.881480017292613272e-01 -1.391105010312853330e-01 7.545894030583071704e-03 -1.159464570895680086e-01 -4.946545040899806567e-02
1.974782058709666777e-01 -7.446426075280510037e-02 2.757015343436877153e-01 7.839778377158715394e-02 2.348470149946297603e-01 1.000000000000000000e+00 -1.913740345504272300e-01 -1.092867090190855275e-02 4.563140542355512141e-01 -2.800579804202736334e-01 -9.226959292931208312e-02 -3.729548755861033515e-01 1.660293562884281315e-01 6.870297291671906281e-02 -3.672704824393424605e-01 -1.490031090819054771e-01 -1.146421480784683145e-01 9.954716538937966042e-02 1.608319457743667968e-01 3.134714129782970038e-01 -2.374876415188569359e-02 -6.310585254393234755e-02 -1.284353300943268106e-01 -3.085151206010008362e-01 -3.119009652893010576e-01 -2.752997502784193529e-01 1.534663013360943080e-02 8.055620167691669720e-02 -5.983935274452309092e-03 -7.292258401093293374e-02 -1.333310261204045943e-01 -1.144934118782774540e-01 -5.439545356611798915e-02 5.807275053580902152e-02 1.850981614517756557e-01 8.813225008584379960e-02 -1.424984085821734969e-01 -4.372441410446230997e-02 -9.587278062261941902e-02 -1.171992023542879624e-01 2.158405712878047333e-01 -2.961409459190548696e-02 2.512500140244541824e-02 2.426680894320722148e-01 1.119349055520228731e-01 1.933066233928954769e-01 5.305646193381007014e-02 1.240849758680442200e-02 3.450956836407265693e-01 2.308082048003223807e-01 1.794609348437649354e-01 -3.302804374137114918e-01 -4.377778324429502654e-01 2.624384999267898588e-01 5.530734066381131075e-01 5.759831095725888028e-01 -1.710965166971815665e-01 4.946084645976301930e-01 -3.438125856118152690e-01 -1.617775369195028901e-01 -2.905942739592238255e-01 1.674913097255489036e-01 -8.941633173296680004e-03 -1.373397283873829533e-01 -5.880458580638440319e-02 -1.355812587396364455e-01 1.057190396239748587e-01 7.992566057899889997e-02 7.923822652690680479e-02 4.308589882505778346e-02 4.884181891662815744e-02 3.400014592181847817e-02 -4.164935080659476485e-02 -1.477040555693597823e-01 -2.232777219075912367e-01 -2.379936762871953659e-01 -2.026684203094255010e-01 -1.354976999412207395e-01 -2.322692650789384694e-02 -4.137099424654105267e-02 -1.845136711096291571e-01 9.657697646418773874e-02 1.557142848687602110e-01 2.058274172102844690e-01 5.169598430215261928e-03 1.782060436104972723e-01 -2.167542184857996698e-02 -1.045842268308403156e-01 6.287921708842743318e-02 9.641109439264491932e-02 9.927939193241130944e-02 -3.076951441391799213e-01 -2.290956531313551037e-01 -2.293009201976785594e-01 -1.093544733828922949e-01 1.817344837665700596e-01 1.633002457741020985e-01 1.017604692701127959e-02 5.801874708477271214e-02 2.182716431875877938e-01
5.673261559707040713e-02 3.095132703550246278e-01 -1.206477820381687965e-01 1.083495144148574479e-01 4.726300825907462505e-02 -1.913740345504272300e-01 1.000000000000000000e+00 3.719125521481763119e-01 -4.101430768573869484e-02 7.649777588549359908e-02 -2.517235223305085492e-02 5.235665605311169007e-02 -8.450934745733473807e-02 -6.643182019447757720e-03 -1.690728453420017874e-02 1.632903054736868365e-01 6.358856557680903597e-03 1.359419083922983607e-01 -1.199765112827669289e-01 3.314834702726290883e-02 -2.850436617667900796e-02 -7.307358471600501615e-02 3.334678346114961639e-02 6.460607256260679498e-02 1.352687549421102975e-01 -2.720861015893935239e-02 5.922534617959557268e-02 -1.552032775079527083e-01 5.503368139470768937e-03 -1.545188214865891585e-01 -7.721173920304895411e-02 5.538740361394949019e-02 2.084695328079539875e-02 -5.699824864425159787e-02 -1.763049007232110055e-01 8.255687950767000294e-02 4.209718997060499929e-02 1.357027529194636262e-02 -5.322126125722054929e-02 -4.641359551977921986e-03 1.244996035235476639e-02 -7.748051343830114623e-02 -2.002303691056047941e-01 -7.504161018962046681e-02 2.228664876489657234e-02 -5.416224431111498622e-02 -1.172405053535821445e-01 1.671046656352706827e-01 9.388670918685246281e-02 -6.028779719643420978e-03 4.198194593702510302e-02 3.363440787582954172e-01 2.324806614023650075e-01 -1.354669251317609791e-02 -1.738831207800373146e-01 -2.968176772720297271e-02 2.148641398044657258e-01 1.215239084624119142e-01 1.262878780080362029e-01 -6.331796398812798536e-03 5.494806260290776428e-02 -1.045397216787217892e-01 -4.251986081094644154e-02 3.255597179568263388e-02 3.060156007171468268e-02 -5.640431788712628458e-02 -1.595602742266221188e-02 -6.424892466891744813e-02 -4.774557912304690233e-02 4.235468844795689525e-02 3.842664033272259923e-03 -3.012656996595605152e-01 1.608717491135560479e-02 -3.546026386225654276e-02 7.987369530391809705e-03 1.928109888698309807e-02 9.132588891020471111e-02 -1.263900413948604029e-01 -9.247942317166531201e-02 8.066205666081285863e-02 2.752612252792873207e-02 -8.996913418442973459e-03 -1.141110496265565766e-01 -2.062206298263496163e-01 3.038119930180457895e-02 -2.207602518791193791e-01 -7.171586827520357033e-02 3.983936280485636527e-02 5.186328183057212216e-02 -2.320209186913883490e-02 -7.808725893092949288e-02 1.417841682517273216e-01 7.680986890590989213e-02 1.374290291705357325e-01 -1.618421430885376433e-01 -1.149430779844041739e-01 -7.596425326525241273e-02 1.417297131267051258e-01 8.527335555670534362e-02 -9.824334571751939735e-03
-1.266322888048057038e-01 4.128096149812742199e-01 2.765899351229362257e-01 2.635094859538588460e-04 1.032755824740860945e-01 -1.092867090190855275e-02 3.719125521481763119e-01 1.000000000000000000e+00 1.794853198565944385e-01 1.936822843372240036e-03 -1.350964985736710366e-01 8.572301225106564171e-02 -6.939252460148560842e-02 1.819559071274226836e-01 5.069263695375235412e-02 3.157773021436706407e-02 -1.422528178696733960e-02 2.821094898774699766e-01 -7.878418162413554360e-02 -1.211296084136150725e-01 -1.482414834248123592e-01 4.603020289693544875e-02 -3.921160445719453630e-02 7.713679469696570201e-02 -7.823542511367788388e-02 6.273935904205583947e-02 1.134142996807020395e-02 5.753532115208324221e-02 -8.045828269122337617e-02 4.031178073523738331e-02 -2.370883365262459533e-02 -1.165593926800687907e-01 -2.988055251386880287e-02 6.400223174889448086e-02 1.136766652852296139e-01 -1.392089301831131998e-01 -2.060345011404541293e-01 -2.288366577527180534e-01 -1.990923242816461658e-01 -2.724356759155244778e-01 -2.137820958503456881e-01 1.854808684021188592e-01 8.229272284781931346e-02 -1.683368507029270600e-01 3.446170053963795027e-02 -4.758231571347405764e-02 3.553899941359359854e-02 -6.066290200030109020e-02 -1.005995111198188935e-01 -2.910490637153569371e-01 -1.561677469016348185e-01 3.791428973884435893e-01 9.065661066735168638e-03 2.538598885951698358e-01 1.913249450574748545e-01 8.389933149998840545e-02 4.842578927028821645e-01 4.633805365647517549e-01 1.482837186419794506e-01 -2.840698715265955673e-02 4.648656336450489313e-02 -1.816913208468300678e-01 -2.641183076486760574e-03 1.528689122358378033e-02 1.526483437736425031e-01 5.035639461661808869e-02 -2.918490752042973702e-01 6.626192044897525300e-03 2.796384838013436444e-02 6.316502464142111084e-02 -5.224612293047498773e-02 -8.301843356402303920e-02 1.427180800334588821e-02 -3.441474294063904260e-01 1.463481407042407749e-02 9.271736429009699854e-02 2.676749946233909078e-02 4.912706378772927623e-02 -9.434501310442715283e-02 -1.809303928270410422e-01 8.534371593785494703e-02 -1.561026248656034177e-01 8.452279461672695948e-02 7.029932304026917378e-02 1.122914496435783172e-01 -7.086077153603345669e-02 -2.168116108034848222e-01 1.543341745149352795e-01 -2.485226214335418404e-01 -1.966937154529115606e-01 -1.648864169135984825e-01 -4.987002335113288609e-02 -1.640733862191591785e-01 3.681969785602817041e-02 4.531119182523393046e-02 -1.765762527514386504e-01 -1.930223513069098396e-01 1.455874381762101979e-03 -1.779436235613573170e-01 -2.837193944203766915e-01
1.180310008028815916e-01 -4.422564565929558433e-02 1.822531343176693464e-01 -9.372162088571150962e-02 -2.551705318355754551e-02 4.563140542355512141e-01 -4.101430768573869484e-02 1.794853198565944385e-01 1.000000000000000000e+00 -2.543981318037552009e-01 -2.833301214919488609e-01 -2.135591148490688096e-01 -1.174046175756824212e-01 -1.486798985555400354e-01 -3.533983666195195661e-01 2.067627471566378314e-02 -2.417637092064097715e-01 2.425216607063774010e-01 -2.563137692533135614e-01 4.073802897753270869e-01 -3.071815684131244950e-01 -1.970856693578191265e-01 -1.545615573404498233e-01 -3.681991366361241358e-01 -3.186358248405481430e-01 -2.966055221896883309e-01 -2.030700467220692140e-01 -2.449066266569985828e-01 -2.207159394414225095e-01 -1.658597321218731324e-01 1.872324024387653774e-01 -9.033279141421569902e-02 -6.261542040929463093e-02 -2.747679324795764683e-02 -2.970657847398210875e-03 3.344712524157656408e-01 -2.636927311163521637e-01 1.541661515074910782e-01 -3.728246277356250804e-02 -8.992464492088680358e-06 2.876867051045439716e-01 2.457118431156313232e-01 3.882740981730874869e-02 1.861998328968924588e-01 9.059432643939173413e-02 1.607312610005844633e-01 1.273536788521801855e-01 1.007674822409750509e-01 3.323507149237507341e-01 1.995306836251013738e-01 8.113443300234297884e-02 -8.228120923557246530e-03 -8.170478024235361403e-02 1.180789072820679769e-01 2.376640193950314006e-01 4.284216405318984622e-01 1.597371786600413623e-01 6.392933924127554013e-01 -3.577324777285249002e-01 -2.171395655229748922e-01 -2.367286903541413745e-01 -1.416969802120711663e-01 -2.247277844246490519e-01 -4.129609710768152309e-01 -2.281307269580473973e-01 -3.988454943896727611e-01 1.942316420969806001e-01 -1.948823272744553414e-01 -1.045928013082628033e-01 2.178005179294182359e-01 -2.261051079802880448e-01 -1.489395021826696863e-01 -1.504240818805222812e-01 -6.695172720857076043e-02 -3.995795991963105309e-01 -3.824467613023170287e-01 -4.208040449842936348e-01 -3.142503905573698075e-01 3.073587332263265637e-01 7.477359514850481781e-02 -3.151422431816859326e-01 1.262753814444337042e-01 -9.702810987060899242e-03 -2.842043591493931612e-02 -3.365028075783771389e-01 5.402923373517102418e-02 -2.306878042679846030e-01 -7.163799035205584143e-02 3.658232724907967831e-02 -1.582545870923316930e-02 1.414656277585822908e-01 -1.716659319819807683e-01 -7.221619774356097254e-02 -9.185507533972045446e-02 -1.740104854198743223e-01 2.307086427647666860e-01 1.558632866259727634e-01 -9.202371573803104499e-02 2.213965101545786185e-01 1.667794752044338136e-01
-1.088568011714317330e-01 2.810748733077042538e-01 -5.980299706177703845e-02 9.974435142128865173e-02 1.471036972894826933e-01 -2.800579804202736334e-01 7.649777588549359908e-02 1.936822843372240036e-03 -2.543981318037552009e-01 1.000000000000000000e+00 1.821091144982639742e-01 3.837639012118979065e-01 4.418315026800955642e-02 9.341529538563099477e-02 3.698616436703817678e-01 2.626697975675724717e-01 1.851013439987100329e-01 -2.955648690311294541e-02 9.545535821313656799e-02 -2.898245212507057356e-01 1.598246726611870783e-01 1.478190029560053631e-01 2.985758816534908600e-01 2.790176476719627430e-01 5.169594978863945034e-01 2.757077406031689937e-01 1.799676310488503295e-01 7.929701814733507159e-02 5.595276554745332726e-02 2.122041122682156444e-01 1.736401926681920838e-01 4.100350533800469766e-01 1.418348630613469885e-01 1.252546996297201343e-01 -4.338768690106320491e-02 -1.346665793841547720e-01 6.538412154204009674e-02 -6.123297043109440785e-02 -1.576383210240709654e-01 -1.415442724675414488e-01 -2.885247283268413954e-01 -6.055250132315705136e-02 -1.416346450616833841e-01 -2.078745224970341698e-01 5.706873269462767184e-02 -1.941877186138392941e-01 -8.357813934488257657e-02 3.441032669487491952e-02 -1.711383065342722554e-01 -2.728150246767376275e-01 1.569750060035680905e-01 9.884074887118694808e-02 1.994926164002137348e-01 -1.871382639694482986e-01 -2.809438534303168034e-01 -8.766005652171790508e-02 1.478266536670349574e-01 -2.609405802758331117e-01 6.361356580899302227e-01 3.676985426472408891e-01 4.668650329416370037e-01 -6.762723364342058952e-02 1.347438557617607058e-01 1.571987192385914944e-01 1.706582099902463623e-01 2.232974535083955825e-01 -1.579299758456930713e-01 3.380708678668068595e-02 9.323908848106034208e-02 7.772481224861558548e-03 1.032565784850348056e-01 6.217969589357855154e-02 1.984769793456596931e-01 -1.432355448736234889e-02 2.536961331364200323e-01 3.044594884211512253e-01 1.840747256270059140e-01 2.449640516870606743e-01 8.597361127027301764e-02 1.294133849114676715e-01 1.936249531393577084e-01 -2.051989205631429281e-01 -1.803539387813455630e-01 -1.321556571901336408e-01 2.469419067957057956e-01 -1.063293829730797974e-01 8.870787349577181902e-02 5.661146404557178963e-02 -1.188317834685578001e-01 -1.948090489660905256e-01 -9.787424124387306135e-02 3.819353666236433575e-01 7.549047442744911962e-02 2.132206029887917520e-01 1.519232069229753679e-01 -1.924143842965250761e-01 -2.740041498681725085e-01 4.677456045415794017e-02 -4.569465880657255091e-02 -2.361931050210003546e-01
-1.155402360820135532e-01 6.974201740764192359e-02 -2.317057231541591877e-01 -9.125753327335661691e-02 1.433471478993239290e-01 -9.226959292931208312e-02 -2.517235223305085492e-02 -1.350964985736710366e-01 -2.833301214919488609e-01 1.821091144982639742e-01 1.000000000000000000e+00 2.735131034637922620e-01 1.960661844568350465e-01 1.946288762496187208e-01 2.817057723579747819e-01 -9.253325305678543333e-02 3.428242336098188403e-01 -1.080596436357137285e-01 2.103629504093218472e-01 -1.999238095150927264e-01 3.110628702370735188e-01 2.816639592882707044e-01 1.758594238616929817e-01 3.480948114531405846e-01 3.331385197145314558e-01 4.447383670650079668e-01 1.539529649815572498e-01 2.261365179416047200e-01 2.747193254478586533e-01 1.778602514442999619e-02 -9.896236226385385359e-02 1.040349945600860665e-01 -1.511878510234621054e-01 5.896573911854537803e-02 2.702800935747861830e-02 -1.571593273511109334e-01 7.697642550167488329e-02 -1.844464149531702402e-01 -8.271438233440023269e-02 -5.438766130844398944e-02 -3.190371674455786399e-01 -3.258258906439403524e-01 -7.592879270430573369e-02 -1.537333837779422119e-01 5.310794227039108278e-02 -2.196553512139235442e-01 -2.334230454496231122e-01 -2.003843759428342863e-01 -2.419134428828276784e-01 -2.144046008196095199e-01 1.130351398656521088e-02 8.557526917188615356e-02 2.048459904909848417e-01 -4.467193201968817223e-02 -1.533975610102467357e-01 -8.901708181589226831e-02 -2.113677274108190784e-01 -2.156662746567563627e-01 2.651884718708557021e-01 1.397384106207167354e-01 2.423804833715329510e-01 1.358437317714528136e-01 2.489414889048925106e-01 2.948473560516847169e-01 2.901190967350114058e-01 3.677608778826468305e-01 -1.866464971150630370e-01 2.662603968338451699e-01 2.266591104735756201e-01 4.966566392073344660e-03 3.123346655213750100e-01 2.992006986893666620e-01 2.129939719989791813e-01 -1.133403647328184577e-01 4.075745258223130163e-01 4.146545719878757530e-01 3.615812638835059212e-01 2.561347859157926954e-01 -1.233535796757979641e-01 3.245887343819935794e-02 3.793030876509348448e-01 -9.693386662664273123e-02 -5.795665057841432183e-02 1.357539710351990947e-01 1.962946002161911063e-01 4.118031702448983478e-02 2.330630133498517720e-01 1.469110813963535600e-01 -4.454780566808366760e-02 -1.283875786190013801e-01 -1.337425097046036349e-01 -9.389466171973039066e-02 4.708227350223792508e-04 2.409651637040958194e-01 1.978329506185077039e-02 -1.584191511714267420e-01 -1.348196982262231669e-01 6.364884053895678018e-02 -1.273373192906535056e-01 -1.061641228792845337e-01
-2.440158462386754767e-01 1.263819627143012714e-01 4.855529021905075765e-02 -2.616047322731607228e-01 -2.874423516540663415e-01 -3.729548755861033515e-01 5.235665605311169007e-02 8.572301225106564171e-02 -2.135591148490688096e-01 3.837639012118979065e-01 2.735131034637922620e-01 1.000000000000000000e+00 2.379972660452542646e-02 -2.509859242753651951e-02 4.954367263343570915e-01 5.053420859938875798e-02 3.932450069936578863e-01 1.234839383240045885e-01 -1.398479589086723818e-01 -3.002867442224413930e-01 1.083134604661705608e-01 2.132927238252378954e-01 2.130045127636428226e-01 4.896065921164824974e-01 3.523536716918586054e-01 5.516911033362549288e-01 -8.757603923966764126e-02 1.021268127192390962e-01 3.277914925612859798e-02 1.672187386937871723e-01 2.265320558850645108e-02 -5.899423155198409152e-02 -3.170405999500878758e-01 2.601319383235945956e-02 -1.729536860858664760e-01 -1.517148088966982500e-01 -1.036030119181858278e-01 -1.882812970278226472e-01 -1.110553306503663656e-01 -1.349149317033302570e-02 -5.001468092573491120e-01 2.151304725875160251e-01 9.921639198188710040e-02 -2.709977100742370637e-01 -1.517845315145072704e-01 -2.185156699486359433e-01 -3.539744352297490848e-01 -1.932753162772020972e-01 -3.176825864298926105e-01 -3.577512029987570674e-01 -1.142144284015421951e-01 3.899080579340833963e-01 4.773095332169070004e-01 -1.628170383051850134e-01 -2.247848739144772123e-01 -3.171048593021884576e-01 2.125308094204460541e-01 -1.763041179768203570e-01 4.119229443279563974e-01 4.097903969164638505e-01 5.103781866170297166e-01 4.327372584377119080e-02 1.496376686950798285e-01 1.759499320352828078e-01 2.212190250913366185e-01 2.716289645590646562e-01 -2.317460231399749160e-01 1.858822561214045765e-01 8.213339038310800422e-02 1.001078806681548194e-01 1.625584339680385682e-01 2.339834773993278438e-01 2.059850203069488184e-01 -5.618532751548622334e-02 5.019632601752160861e-01 4.409057499265230384e-01 2.870197449213306995e-01 3.726152526287228040e-01 -8.629792704972238937e-02 1.691746811345775925e-01 3.275739700996259662e-01 -2.535084183695925364e-01 -2.022160985678478906e-01 -3.206885666523626860e-02 6.673077089669324224e-02 -1.734765586971782070e-01 -2.958659958089601347e-02 3.253665176196455788e-01 -1.972581584614993555e-01 -3.294853701466765594e-01 -3.140004190262782879e-01 2.226589979864461721e-01 1.093446447358707718e-01 3.277123589042996166e-01 2.887299033861930320e-01 -2.406225146705657791e-01 -1.529323157003096012e-01 -7.523480878750954393e-02 -5.722463440294613124e-02 -2.688988512977047995e-01
2.605491214244759143e-02 2.243652099923013760e-02 1.302769248866889051e-02 5.136210988488067869e-02 1.326734737962013411e-01 1.660293562884281315e-01 -8.450934745733473807e-02 -6.939252460148560842e-02 -1.174046175756824212e-01 4.418315026800955642e-02 1.960661844568350465e-01 2.379972660452542646e-02 1.000000000000000000e+00 1.197633774505235810e-01 4.347822290308442361e-02 -7.193434479661696412e-02 1.960860112089718443e-01 -1.294324514938020310e-01 2.442126972318978129e-01 1.743085598846735515e-02 2.022393471778580476e-01 2.193941104034773104e-01 2.760413097207200378e-02 1.569206296759932673e-01 5.657457034543526136e-02 1.019376675074231964e-01 1.303938017971267294e-01 2.170961588612930482e-01 2.279950928023223300e-01 8.838595224133745376e-02 -1.095940722058779127e-01 -1.283267520634362724e-01 1.709612639152645677e-02 1.079025938367846882e-01 9.631129208809716125e-02 -1.049218155675043090e-01 6.981922779789052902e-02 -1.688248442919059178e-01 -4.713627045114814063e-02 -8.617132127876048209e-02 -1.062709845302206857e-01 -2.162843613865556291e-01 -1.000128480698264516e-01 -1.197203263817947644e-01 -6.791889989823522711e-02 -1.002698686754880664e-01 -8.467949437765877330e-02 -1.418767973318348918e-01 -7.833558322337647040e-02 -1.838151070020451958e-02 1.051740540458369899e-01 -1.425168602753505986e-01 -1.107072941437222680e-01 6.860057611653980203e-02 1.274940046829778073e-01 1.547000029988171987e-01 -1.765035207045288213e-01 -3.701833776490433964e-02 7.931114550068014968e-02 6.202739478507900833e-02 3.270348668001681891e-01 7.164552193957305359e-01 6.636147004490299262e-01 2.532497302020074170e-01 1.488813584226799103e-01 2.035757532549851145e-01 -6.771672136272781362e-02 2.496832386196505271e-01 3.089971255045476095e-01 7.713982701713769860e-03 2.707547464933736103e-01 2.864190006475810790e-01 2.858993149332058822e-02 -3.357659630901528580e-02 1.537631433940164216e-01 1.269441318524590911e-01 2.374753090512066178e-01 2.388232775400992713e-01 -7.613759782045037561e-02 -1.554775872788696500e-01 2.487835719670409840e-01 5.336279854594496060e-03 4.276395152601449035e-02 1.297178556080975376e-01 1.647037701435790646e-01 -8.699210134946029627e-02 1.333671180229239750e-01 1.049902698648402105e-01 2.587278355134719002e-02 1.709758414874726629e-01 -1.832477218316701587e-02 -1.445694637504969238e-01 -2.130672071449947122e-02 -4.490886806079379123e-02 1.285200219000141031e-01 -1.094795366806954606e-01 -4.617743637082773883e-02 2.308107186012785944e-02 -8.816037719457128774e-02 -1.569174808257285322e-02
-9.139780723690438258e-02 1.250757569052182716e-01 3.400794050984529918e-03 -4.740084076248644862e-02 3.174408637295401125e-01 6.870297291671906281e-02 -6.643182019447757720e-03 1.819559071274226836e-01 -1.486798985555400354e-01 9.341529538563099477e-02 1.946288762496187208e-01 -2.509859242753651951e-02 1.197633774505235810e-01 1.000000000000000000e+00 3.041836661694637400e-01 -1.431270343921537402e-01 1.476846287507838362e-01 -4.576636667388775392e-02 2.298679688824134260e-01 -2.337022842052446370e-01 1.655579970813250146e-01 2.336657665839737552e-01 2.195308524744554179e-01 5.361870085913942457e-02 1.671578329455779832e-01 2.413834763335596656e-01 3.968771519770242784e-01 3.649724690621989343e-01 1.453713291822959774e-01 3.510168112306000232e-01 -3.114390843974618184e-01 1.914583232203633523e-01 1.027294072225775762e-01 1.325080538463260516e-01 2.823809524818702843e-01 -2.481591960657758833e-01 -1.103157595763649135e-01 -2.198336476302959475e-01 -4.580835407228826123e-02 -2.055058972645405491e-01 -2.489576215988438257e-01 -1.274078625381193097e-01 5.197431153902713069e-02 -1.440269164747285391e-01 1.038986591656203551e-01 7.716119112391388313e-02 9.518600146345398971e-02 1.368187445016102143e-02 -1.852790296038486773e-01 -2.370464485146617784e-01 -3.557180976663872757e-02 7.961311499513151757e-03 -1.516788005180624288e-01 2.140834135071820188e-01 6.949309153075594603e-02 5.701105230977814714e-02 -4.277067030807382708e-02 5.599136142598076793e-02 1.322299158374264094e-01 1.284403265728445154e-01 9.941033201724087942e-02 1.186400734835581401e-02 2.805474687945931356e-01 4.333774427145055674e-01 3.839345970619586490e-01 4.886900818094667698e-01 -3.141152313732986645e-01 2.164487898008157774e-01 1.837004088238275989e-01 4.362030682879405180e-03 1.725048716871570020e-01 1.883313888872905906e-01 2.751687974793261549e-01 -2.508415416434572887e-01 1.085460689653754973e-01 2.269178042051883670e-01 1.853955491407159040e-01 3.657775907019294448e-01 -3.727002258558219094e-01 -1.879016061862199063e-02 1.484727315393979952e-01 -2.088198385205363161e-01 1.264793876440951648e-01 2.563422709195991578e-01 3.358060651912643246e-01 2.356264498368184079e-01 -3.231001367728394968e-02 1.894554487004879162e-01 -1.921455137089172760e-01 -2.270828950076781150e-01 -1.287993294743594863e-01 3.396413546795542387e-02 -1.245552409766591540e-01 6.325582274580768272e-02 1.260674062817905561e-01 -3.316925467868855337e-01 -1.121448423737079897e-01 9.457756845834892900e-02 -2.359513805766741967e-01 -2.250037834678324800e-01
-2.339944838048912401e-01 7.848809547342967818e-02 -8.740997497206377809e-02 -1.908188878591017545e-01 -5.753448207962881533e-02 -3.672704824393424605e-01 -1.690728453420017874e-02 5.069263695375235412e-02 -3.533983666195195661e-01 3.698616436703817678e-01 2.817057723579747819e-01 4.954367263343570915e-01 4.347822290308442361e-02 3.041836661694637400e-01 1.000000000000000000e+00 -9.859915547249085976e-02 2.759691047493127436e-01 -1.305505396732692946e-01 3.444108493291823947e-02 -3.350123899000950201e-01 3.495305316041268373e-01 3.634102598704165299e-01 3.779947372171602038e-01 3.821024427171784144e-01 4.102264581728623516e-01 5.475446388244893381e-01 2.475366145702523335e-01 3.914771437723120195e-01 2.208868742518555750e-01 4.767702640686406479e-01 1.556934862854220634e-02 1.471339580616715936e-01 -9.840183225609010209e-02 2.747287647062963967e-02 7.713564578401932437e-02 -2.214980182036332679e-01 -9.735090425169648900e-04 -1.112086635576655519e-01 -3.098576381508526614e-02 -8.716735580858225862e-02 -4.818031317507881495e-01 3.930979447611978456e-02 1.064268281847415704e-01 -2.164619855977328589e-01 4.242203926705336026e-02 -1.492610605896464437e-01 -7.171966092782637581e-02 -1.096145028355354212e-01 -3.596883278128850114e-01 -4.048260754554455776e-01 -2.132847480526815775e-01 2.935631177714159712e-01 2.503346099261936075e-01 -1.328002324085773567e-01 -2.767284877118184050e-01 -2.453693311457654791e-01 8.340175751972574159e-02 -3.162264447951693702e-01 4.616190248419076991e-01 3.762890698842522585e-01 3.734748600091570836e-01 6.111861109297784048e-03 2.801090462429665640e-01 3.781802229091095202e-01 3.518272679511044720e-01 6.211251012869365429e-01 -3.379508780261328282e-01 2.375112249820148791e-01 1.423010477244197047e-01 -2.299872700764811831e-02 2.918375114849706686e-01 2.477380228142436747e-01 3.556769676447010253e-01 -1.537223176427105209e-01 4.601610765900805422e-01 5.619271260269963486e-01 4.556207215837225766e-01 5.628605267656076050e-01 -1.616658532782787316e-01 -1.377389958074188431e-02 3.592322185221603070e-01 -3.629218350821108441e-01 -1.847790189725352639e-01 1.032786445588392138e-01 3.252743824943101214e-01 -1.218759207604993428e-01 2.566006735560831184e-02 3.656250464648833076e-01 -2.414804066292368934e-01 -2.645310393442073527e-01 -3.461842172220724878e-01 2.478727255969469800e-01 -1.957337221137492658e-02 2.634908670820009235e-01 2.710997442311035011e-01 -3.245882631091502324e-01 -2.521427433795593309e-01 -1.029952806396146336e-02 -1.641626163530750804e-01 -3.861218800653739569e-01
