1.000000000000000000e+00 2.582623178899072780e-01 9.952998017485274740e-02 5.451465364118989604e-02 -4.496390399936043419e-02 2.572066527584267459e-01 1.932553591325922304e-01 2.193974536846445278e-01 4.709641259673464503e-02 2.178025397587327605e-01 -7.879861988465804157e-02 3.070159241166569436e-02 5.672093009528895481e-03 -3.657866038576362833e-01 -3.753450761175560202e-01 1.686902266231063985e-01 -1.008567678978678078e-01 -2.280803857509657029e-01 -2.675751045831715746e-01 -2.051679332282124388e-02 -1.528670254296282394e-01 -4.570060075246507730e-02 -1.811461710779024015e-01 -1.139847061244431137e-01 2.232698621154347585e-01 -5.666932951633571469e-02 -1.540136439221292397e-01 -1.291165081166696094e-01 -1.917701171099699120e-01 -3.229328100214081121e-01 -1.297951942632230016e-01 3.409642533178809387e-01 -1.349116906573664676e-01 -8.823495523844866739e-02 -7.080332999108235326e-02 -9.785408148578980669e-02 -1.221323043819824705e-02 3.648655203548843984e-01 2.393805218344599861e-01 2.297668654674041022e-01 -3.317280833251091965e-02 6.060657806334384529e-02 5.866103445394609678e-02 2.698374524729475060e-02 -7.656934440002159496e-03 -1.261973655541078765e-01 -1.771271182810679745e-01 -1.608098033234018343e-01 2.695667646002617435e-01 6.570430887863257241e-02 5.952978904024818635e-02 2.649948217014567731e-01 4.222166907689173243e-02 7.752958923551150905e-02 4.144133144834316607e-02 3.064065800784068760e-01 2.188079351003620054e-01 1.137412379439526611e-01 1.529196632573184278e-01 1.096688010750736415e-02 -3.330725716401426728e-02 -1.695763817285061703e-01 -2.725492942774419003e-01 -4.138909058385337181e-01 -3.336102083288118858e-01 -2.896151496206304521e-01 2.717464589263873798e-01 -1.563070752741950731e-01 -3.265269102601031648e-01 -1.665857116619092471e-01 -2.431795172469315147e-01 -2.972031634306702280e-02 -1.113607538622433807e-01 8.405469953407117625e-03 -6.997429417998844714e-02 1.168971103952353846e-01 -1.667561011899738599e-01 -3.177307800648424552e-01 -1.223195488527200198e-01 9.907829972067676294e-02 -3.644694088957480815e-01 -1.771657695309986347e-01 -2.446828496069971548e-01 -2.131725345917442338e-01 -3.579216061239618996e-01 -3.166467715469743482e-01 -6.883022293449823914e-02 -1.574644648155223980e-01 -1.600234251371418503e-01 4.468957087513596160e-02 3.849463346093498495e-02 2.418479694290235071e-01 -1.817197572927309324e-02 -1.636648634561714277e-01 8.255071821806236887e-02 -2.803643630971482462e-02 -1.763814196980875437e-01 -1.463969225157177867e-01 1.625087070224616737e-01 1.614678829052437203e-01
2.582623178899072780e-01 1.000000000000000000e+00 1.112093100211391794e-01 1.798174720879683053e-01 2.657742505646181752e-01 9.898424308837255881e-02 2.945741505997169774e-01 2.999615057214903291e-01 3.544796048563050306e-01 8.836470769285242888e-02 -6.478987614148340457e-02 -6.355407386789684032e-02 1.265708951264930826e-01 -9.340799563956574125e-02 -1.399085568296523086e-01 3.356077447324697927e-01 1.665355647516468252e-01 -1.765826468862200238e-01 -1.340073219168303187e-01 1.241330478892310324e-01 1.007684677224375408e-01 4.875236798708205976e-02 -1.589219917672860319e-02 -1.568246436253959986e-01 3.218575008321284958e-01 -8.470178087787581800e-02 1.307056636522818949e-01 1.023854919761311016e-01 6.697636974383230912e-02 -7.122499725079398103e-02 -1.668078651573980664e-01 2.538694215394392967e-02 -1.456149541260524927e-01 9.830848541778046401e-02 9.395189901196232540e-02 -9.431078103296677839e-02 2.350812839825262290e-01 2.555829427789628183e-01 1.399097181829230818e-01 1.459672532874299600e-01 2.274992769272331516e-01 3.257339847836938918e-02 -1.220337091226749620e-03 4.391549605164519338e-02 9.461735615448690906e-03 8.271773547688705819e-02 3.239782156625949094e-02 5.471237671931858566e-03 8.786727478622115284e-02 3.062997673580382663e-01 -2.636261282425733654e-02 1.485597802727623429e-01 -1.940332771748166651e-01 -3.663303581837090706e-01 3.144659830130752676e-01 1.540857154711572918e-01 3.354016374293170011e-01 -4.338076945921458955e-03 6.692036461173518809e-03 -1.016974266966028245e-01 -1.440686421894389058e-01 3.025379815335718300e-02 -1.136565490921107903e-02 -2.336849442552335898e-01 -1.987400423404781513e-01 -1.033449864550705505e-01 1.739518855244760465e-01 8.016441802755971957e-03 -6.289190479191379690e-02 1.326951445097128146e-01 -6.517622568570172192e-02 1.597435446745514853e-01 8.059687090013835375e-02 -9.878122751933957058e-02 3.711395520325921904e-02 -6.756883359813191381e-02 7.263908752844128180e-02 -9.564128221181764089e-02 -1.921943754915557967e-01 1.041312064265236675e-01 -1.207195746206592424e-01 1.556056319771714491e-01 7.013392810339097450e-02 8.340548912988635100e-02 -4.087760486992979107e-03 -1.376875693962976988e-01 1.414380619296902175e-01 2.834925770752795213e-02 -6.697690686669004190e-02 4.179779385342787673e-02 5.513715524717031913e-02 5.898909670099192204e-02 -4.222193581421106179e-02 9.022695048298024281e-03 1.434076285005429496e-01 8.144846204434129378e-02 -2.811698118860667464e-02 5.151103951410773707e-02 9.019217593677442135e-02 3.521349356609420056e-01
9.952998017485274740e-02 1.112093100211391794e-01 1.000000000000000000e+00 -3.225332124828899083e-01 2.239234542770664749e-01 3.965644049153805306e-01 2.866577199916793273e-01 3.247618770277868605e-01 1.820812632331502978e-01 -2.858645053614623510e-01 1.982747244177101298e-01 1.587280683791272573e-01 3.212241492306496804e-01 3.162394462906161219e-01 1.916537405264184812e-01 -6.068670589906065282e-02 3.048753421840079136e-01 1.671629798446866988e-01 1.042349115536743975e-01 1.353536984020543843e-01 8.094327063285564061e-02 1.674493581626061156e-01 2.222336955933689462e-01 2.993595873734039015e-01 1.791440204527432190e-01 2.269538558977648446e-01 9.705505478665053809e-02 -1.591297327194019784e-01 1.683091802099140333e-01 1.356565490433249421e-01 -2.651810155830596205e-01 -1.896360603141182821e-01 -4.664632370867008437e-01 5.158352227701585441e-02 7.217981048238519826e-02 2.623607976533322561e-01 -3.087924204646951831e-01 3.214512099538168188e-01 1.874628303591688860e-01 1.061095697181940190e-01 1.559119990593604566e-01 2.021432786832366157e-01 2.186539018061285089e-01 1.985597698001066447e-01 -1.918626219582822423e-02 1.479248828253597881e-01 6.221786374799820329e-02 5.770133861359479782e-02 9.242600048174655358e-02 3.056374772634291026e-01 -3.928247896791741689e-01 1.745677363322229447e-01 -4.063996523425927876e-01 -1.813851659990084186e-01 3.156112834682248680e-01 1.275342112337218003e-01 1.869883123362308386e-01 -1.994375206664651956e-01 -2.716345363239480726e-01 -1.546867688954421671e-01 -3.478705761915237143e-02 1.982388509625815642e-01 1.581562088930242027e-01 -4.264188728383764421e-02 5.919295315537386783e-03 1.666409256693572871e-01 -5.715382721752497452e-02 8.998406991901916618e-02 -1.615246763742597402e-01 -6.825374549175988736e-02 -2.673009857500501241e-01 -4.186078993763335532e-02 -2.083083680713329958e-02 1.757421733614874804e-01 -7.273065812675525398e-03 -4.172662245762554130e-03 -5.685255984388667277e-02 1.277653078506638118e-01 -2.715832683022356697e-01 -1.632624027570233338e-01 1.029673459699563184e-02 3.951134882961723771e-02 1.548735619107115269e-01 -2.829595986196695168e-01 -1.327069790711290498e-01 -1.536621517019922112e-01 -1.000772439380976098e-01 -2.785989390992127945e-01 7.836533650936598761e-02 5.706069470981849079e-02 -4.062572850846031813e-01 -3.525821671257637901e-01 -2.148176393922796856e-01 -9.748783857779348694e-02 7.843489217475259345e-02 1.409599088021934177e-01 1.293640880229374734e-01 -5.647009057729787673e-02 -3.291264345980018241e-02 1.870488192044146569e-01
5.451465364118989604e-02 1.798174720879683053e-01 -3.225332124828899083e-01 1.000000000000000000e+00 2.700664907628557154e-01 -2.265777812836047237e-03 -1.945525118659565955e-01 -2.092653065153284864e-01 1.747406426832096016e-01 8.574684818698309619e-02 -3.867456399850177640e-01 -5.695245955607902699e-01 -2.731394456808297067e-01 -1.670776091470085323e-01 -2.266008365804563218e-01 4.469550086720138204e-01 2.203707956530694470e-02 -4.232756211645896105e-01 -3.612137642771339197e-01 -8.785132955351727599e-03 1.852535454388721525e-01 -2.850434001310226950e-01 -2.187276955745536822e-01 -5.668376285892393618e-01 -2.063997569109171371e-01 -4.825423172308186404e-01 -1.153131446591079967e-01 4.549352223589084310e-02 3.751028039779102236e-02 -2.073018561511486835e-01 2.065009685364379080e-02 -1.533036512495091928e-03 6.324022338708306101e-01 7.151605657428038165e-02 -3.045181761037161206e-01 -4.692291716935532708e-01 1.499447313881065169e-01 -1.563465078272701370e-01 -2.337347917272031006e-01 -1.997696404810673787e-01 -2.224775048970581426e-02 -1.092539457720942547e-01 -2.151089566611458781e-01 -2.445437309189963382e-01 -3.249960606321103951e-01 -1.201430221569236290e-01 7.015507059263131895e-02 -3.573737796252344362e-02 -3.570671553821838651e-02 8.236292704215364413e-02 6.131550861458590074e-01 1.119646959449995122e-01 4.094649525968648840e-01 4.403302378533157507e-03 4.794506698039898568e-02 3.728113195440794364e-02 2.622608183214861777e-01 -2.288267889028138546e-01 5.103751611378383804e-03 -2.836240629376865496e-01 -3.200324204263686467e-01 -2.460146897124338705e-01 9.259609657549763839e-02 8.300932911477562626e-02 -3.908720752581087976e-02 -3.042396606805885390e-02 -1.153949706761073224e-01 3.767579269276739862e-02 -1.416473332307974231e-01 2.979061849848690935e-01 1.051804122362669514e-01 -2.345319409286089618e-01 1.496193036131936993e-01 -1.382094227584701462e-01 -3.841570018828088240e-01 -1.478405162647682403e-01 1.991886907483059466e-01 -5.011425080672925192e-02 -2.325184350298235281e-01 1.003114627218667232e-01 -2.257839822371095206e-01 7.335386654029018606e-03 -4.927916224987022309e-01 -7.969883985489294165e-02 5.833687758430001688e-03 -9.196892003836483476e-02 1.904706333254873041e-01 3.726687153629985177e-02 -4.349107240524770490e-01 9.729030379555940120e-03 4.651259057878423531e-01 -8.550429136576223610e-02 -3.312466289544050563e-02 1.838826040771612824e-02 -2.134029935753151697e-01 -2.232961442483823444e-01 -2.849718570751781990e-02 1.100539336099256721e-01 -1.731658849528900646e-01 1.085617487613898258e-01
-4.496390399936043419e-02 2.657742505646181752e-01 2.239234542770664749e-01 2.700664907628557154e-01 1.000000000000000000e+00 2.429922875988531072e-01 1.913356279652451974e-01 1.188310905325214439e-01 4.201493489665341641e-01 -1.416331372001005118e-01 -1.603855848461685218e-01 -2.125834633057223644e-01 -5.334946547753453838e-02 6.100892277764375857e-03 -8.895489114483422222e-02 1.260553197365308631e-01 9.675150006639629541e-02 -1.662134542840029983e-01 -2.403250564812973722e-01 1.077403952452165581e-01 1.357981318642169193e-02 -1.488090271042054324e-01 -2.805722273716654974e-02 -1.951624527743025528e-01 8.551112675240297306e-03 -1.244456788792913243e-01 -1.493764834841735702e-02 -3.493110132725713718e-02 4.244685740239156901e-02 -2.016579440205689203e-02 -1.138427824448162567e-01 -1.746101285797771185e-01 4.278442800259162071e-02 4.786036883855175617e-02 -8.294248385595305584e-02 -7.186473114562484665e-02 1.251426751895243217e-01 1.494205149732436566e-01 -5.082992829672828422e-02 -1.274416821473340344e-01 1.314179096969345650e-01 8.426122901706352419e-02 -1.253228520960940617e-01 -1.828667017312393672e-02 -1.919686449688983720e-01 2.414895855584605483e-02 1.553024599178783327e-01 7.175440253516095213e-02 1.550895654507716825e-01 2.404420258623069795e-01 -2.198011801296879605e-02 -2.466388838549893880e-01 -1.078487273636475063e-01 -1.029298563840788522e-01 3.939175049848943067e-01 1.891808495568123027e-02 1.385423769960224538e-01 -3.530813696629794274e-01 -3.071997809059704432e-01 -1.479976622979289891e-01 -3.442910532435058957e-01 -1.569214543102860904e-01 -3.254745283085125340e-02 -6.602128995154254998e-02 -1.883701714705286745e-01 -4.379314727615273017e-02 -1.967852102331554831e-01 -7.949180528313679051e-02 -1.924269923328826293e-01 7.452125606694051663e-02 -5.089314115316387332e-02 -1.796706708285661092e-01 -1.599498496473361620e-02 -1.324241044258165356e-01 -2.811760950928974268e-01 -3.752311276315383748e-01 4.454930698461039701e-02 -2.972868918587161235e-02 -2.600859924242623911e-01 -1.218014569619603055e-01 -1.506387281678093770e-01 -1.431171753647921333e-02 -1.288877006554782212e-01 -1.309969042351645241e-01 2.308616538339778451e-02 -1.279519326279129898e-01 1.172844448551596669e-01 1.908618342605886142e-02 -1.792877527447259978e-01 2.316444001656532692e-02 -3.795411536036672612e-02 -2.452108802482936556e-01 -9.651540626007978907e-02 -8.451513961609645464e-02 -7.669028071878411512e-02 -8.376957867122618306e-02 -6.311773098294748419e-02 2.081906317490010011e-02 2.404452629799516683e-02 1.882065742073770476e-01
2.572066527584267459e-01 9.898424308837255881e-02 3.965644049153805306e-01 -2.265777812836047237e-03 2.429922875988531072e-01 1.000000000000000000e+00 2.043327253306667091e-01 1.467574484662844680e-01 2.134333474354813409e-01 -3.334649209903926825e-02 -2.219797989501839652e-01 -7.760811943729230278e-02 1.140985675615187184e-01 3.198793846124432100e-02 -5.663173498061515460e-02 1.010868151083678806e-01 8.909980422736617223e-02 -1.023036197020226190e-01 -9.483910819714586049e-02 1.469986537513525149e-01 1.356909818179161120e-01 5.860847372896021285e-02 8.694946953195396150e-03 -1.009112297643834921e-01 1.475163306618033354e-01 -2.517577261053498619e-02 3.714054756720521627e-02 1.733918675325098191e-02 3.417298894481983484e-02 2.743413249151137670e-02 -2.809393692032621792e-01 1.814796146667798094e-01 -1.992916870074011026e-01 -1.421485647856889911e-01 1.447313229664227985e-02 -1.699003238188536921e-02 1.324793503838887429e-02 3.662965873807629835e-01 1.514624857605978148e-01 1.602641356471255218e-01 -6.043878455925617149e-02 -9.679996244255960336e-02 -4.772992380171380000e-02 8.154465424368788351e-02 -1.708446634118667429e-01 3.106410979685246543e-02 -2.289862008978630487e-02 3.542950880999559682e-02 4.763348369534810556e-01 3.286916998017487268e-01 1.058174600696610776e-02 1.809265290544669336e-01 6.515609745169480271e-02 2.565099659727899106e-01 3.543199290005816238e-01 4.485358788349544379e-01 2.226759050772031123e-01 -1.392512836233771034e-01 6.357643664272644157e-02 -2.525012966566182460e-01 -1.642175990463208834e-01 -7.596291335887439544e-02 6.347252988677988539e-02 3.920713614443475242e-02 -5.191969440874313196e-02 3.062290389166293439e-02 1.386681856378955968e-01 -3.579035053536619437e-02 -2.697656645599638137e-01 -1.191757244024627543e-01 -1.244931673382276838e-01 -1.478302759694645752e-01 8.112620691512227589e-02 -9.976107028315467362e-02 -2.220384466146819724e-01 7.963039007496237887e-02 6.714840508360039872e-02 1.031274473968142071e-02 -2.409639561566186694e-01 5.538624486436923705e-02 -1.170817598491703387e-01 -1.425992336826879259e-01 -2.351077134985182088e-02 -1.471840261123658067e-01 -1.070485542324966094e-01 -1.371920625480926859e-01 1.154209703190873099e-01 -5.083557550480841125e-02 -1.420770978346160285e-01 2.122429263435139483e-03 -1.682086110751625785e-01 -1.206808851032465518e-01 -1.178724635938748488e-01 -1.197426248526584081e-01 -5.450059469476733684e-03 -8.159754930509025006e-02 -1.684455555362212448e-02 -8.108153874033692532e-02 7.704831544033353963e-02 2.543342185455542692e-01
1.932553591325922304e-01 2.945741505997169774e-01 2.866577199916793273e-01 -1.945525118659565955e-01 1.913356279652451974e-01 2.043327253306667091e-01 1.000000000000000000e+00 5.993332735975885894e-01 3.641830970578248117e-01 5.114328961098347365e-02 2.898243446637081000e-01 3.883104485706641018e-01 -2.796684445815201744e-02 -3.572923645047981073e-02 -1.131668855357545050e-01 1.169091717261613594e-01 3.346362595798133780e-03 1.122416437020379715e-01 -1.601859050863074507e-01 8.006601870587766456e-02 -2.947625706148079838e-01 -3.150845230068036185e-02 -1.601704962200181381e-01 2.915815762325901228e-01 3.546113407666878770e-01 3.470001666828571585e-01 -2.110428009796029847e-01 -4.495675990673834305e-02 5.896348369427997088e-02 -1.039249530273447797e-01 -1.613241671945014610e-01 -6.308816546802604140e-03 -4.067944545378214261e-01 -2.070334396679803235e-01 2.523971311200258992e-03 3.608433936639905415e-01 1.621884560228893102e-01 5.158454992835179720e-01 5.735703833294083509e-01 2.352288942690969886e-01 2.947764728085518482e-01 2.288976374532346592e-01 1.549067426170415429e-01 2.571635445969545630e-01 -2.042379260732523835e-02 -1.876944809537931802e-01 -1.104133784031167131e-01 -5.235104388717327223e-02 4.383381804343166599e-01 6.444911041760478798e-02 -4.069075691797323091e-01 3.193918190710193228e-02 -2.970585165512605874e-01 -1.669631091012495350e-01 4.489758129277031107e-01 3.567168965438921591e-01 3.136242417707184593e-01 3.228463963626105326e-01 1.791170076906757960e-02 2.690179595305348670e-01 1.095826720404626670e-01 -1.455260642165124019e-01 -2.298045060584826271e-01 -4.401711219986585433e-01 -4.749501608183738233e-01 -2.386406391617091893e-01 3.741532020066145603e-01 -2.852556518512842643e-01 -2.914880176939133039e-01 -2.342371419716433034e-01 -3.824730482113837260e-01 -1.061225510065976624e-01 -3.383990413650421192e-01 1.392641859207885691e-01 8.331497405205438855e-02 -5.262454839664140044e-03 -9.317964262563618871e-02 9.778275821268021806e-03 9.201405546306551386e-02 -1.328574534181412026e-01 -1.105657712426422884e-01 -6.354650381471978193e-02 5.379493255705275478e-02 -2.324996799612047138e-01 -2.532532585901000055e-01 -3.158775525329923228e-01 1.246141041147343365e-01 5.393286983142841357e-02 1.776284940783875721e-01 1.108642979826400116e-01 -1.927375094504637232e-01 3.061577222679235932e-01 3.493276478230872839e-01 6.777690374156965236e-03 1.182886024546414561e-01 1.366243121885319656e-01 -2.191551128446276864e-01 -2.393783858139651999e-01 4.583740686063308978e-01 1.741940816172949935e-01
2.193974536846445278e-01 2.999615057214903291e-01 3.247618770277868605e-01 -2.092653065153284864e-01 1.188310905325214439e-01 1.467574484662844680e-01 5.993332735975885894e-01 1.000000000000000000e+00 4.308167214506298803e-01 2.398207727359162045e-01 2.838669047373830745e-01 3.892728074171724062e-01 4.405735102212104959e-02 -1.299894594505566492e-01 -1.298123742314139517e-01 3.351843920961208173e-02 -1.745459400276081277e-02 1.661069397559665761e-01 3.793774377715687651e-02 -7.837019800606258302e-02 -2.088710067266510984e-01 9.715658059320811391e-02 -1.012375458644215048e-01 3.648836508594108796e-01 4.387471494272112693e-01 3.465898549353745306e-01 -1.151136888224599114e-01 -4.459048154075532784e-04 -7.724434763004869864e-02 -1.311399656338997355e-01 -2.490395697591809843e-01 -8.425393244197823539e-02 -4.846193313725703500e-01 2.443700792767125249e-02 1.042302679786892838e-01 2.993829515802085561e-01 6.273207348900328162e-02 3.627759971667958716e-01 4.432497633476206178e-01 3.850211684486778974e-01 1.256787255990643171e-01 2.645513536310956648e-01 2.043604224142837045e-01 1.192681674123355767e-01 7.184376715240002598e-02 -2.569491448181007720e-01 -2.032044964427993372e-01 -2.973465163108823250e-01 1.558011300424915480e-01 -2.517179285248750259e-02 -4.407416728660730754e-01 5.617610338413760868e-02 -3.193540112580218193e-01 -2.398026775988799653e-01 3.613354408728622902e-01 2.654721708702451610e-01 3.429553817010185801e-01 2.734128419871953430e-01 8.909866572394688211e-02 2.143053030899856881e-01 1.028184119547806974e-01 -6.369174944192257382e-02 -1.965797370543898026e-01 -3.999382361856589352e-01 -3.363092083930870890e-01 -2.436302092905670569e-01 4.211748383412654007e-01 -1.720568200726478036e-01 -7.704548958207931009e-02 -1.570923375430829938e-01 -3.830777466173245771e-01 6.207640499964202363e-02 -2.777602983706993767e-01 2.164641754015968478e-01 1.913245910404681727e-01 4.395246442155304606e-02 -5.660793011117893486e-02 -3.072059026484074556e-02 -4.750102641707453638e-02 -1.681258927947769655e-01 1.267567241478628204e-01 -4.618509131508193033e-02 8.343420716209484778e-02 -1.945892609059233502e-01 -2.271092830444318422e-01 -3.080600613522903042e-01 9.234098307651912585e-02 -1.012891953930415284e-01 1.401021331668935999e-01 1.093483062025701197e-01 -2.748011631601938731e-01 2.145875160059778630e-01 5.246455734983798691e-02 1.427162582209778700e-03 8.801507608683455108e-02 3.335842649713890995e-02 -2.033590961615060477e-01 -3.200633707407990469e-01 1.946521358877974783e-01 4.859154215450721404e-02
4.709641259673464503e-02 3.544796048563050306e-01 1.820812632331502978e-01 1.747406426832096016e-01 4.201493489665341641e-01 2.134333474354813409e-01 3.641830970578248117e-01 4.308167214506298803e-01 1.000000000000000000e+00 4.890323466901971144e-02 7.241218688875332432e-02 3.220091139636401673e-02 6.384436561995660009e-02 1.319270789160114331e-02 -4.219481372576931039e-02 1.162539510701973838e-01 2.051694025521286768e-01 -1.978792191133021960e-02 -1.203882937059321950e-01 9.032518050674304133e-02 4.110371895467378189e-02 4.548234647128503866e-02 -6.090146231633838253e-02 4.027664989067657186e-02 2.436154599857822123e-01 9.594854762862989328e-02 -2.539203246450993240e-02 1.108093342978944268e-01 1.274345133890899817e-01 -4.864546839778804282e-02 -1.333239519287066355e-01 -2.313367831783174067e-01 -1.451947837596493929e-01 1.953682215494864649e-01 2.100571069392564647e-02 1.208601736081592604e-01 1.018783920986950781e-01 1.511587550874034236e-01 9.455227052849517200e-02 5.289668563391738965e-02 2.931924058038035130e-01 2.338881574631586358e-01 1.417016619381938070e-01 1.812329196915400953e-01 -4.896369865287227528e-04 -1.860493376511942673e-02 -7.636479840964279821e-03 -7.243107528884815127e-02 1.693127609515152898e-01 1.922233540280102460e-01 -1.269343763309774553e-01 -2.809490687467340250e-02 -2.182122055889956225e-01 -3.270704109151887917e-01 4.053328061367219015e-01 1.673684226938462749e-01 3.660990227146232456e-01 -4.582600741368182684e-02 -1.650380439213732231e-01 -5.463771180891956875e-02 -1.190915155264998943e-01 -4.388430906739780590e-02 6.570008869356033787e-02 -1.493310037570777515e-01 -2.002398377911299709e-01 -3.334475894283580460e-02 1.081525157503347573e-01 -1.407682726154309977e-02 -4.782969159077664345e-02 1.829601102424806836e-01 -1.118329926375126182e-01 -2.595466015735463372e-02 -9.274961622312319354e-02 3.285888365552503548e-02 -3.078103654674270093e-02 -2.023326978265928555e-01 2.479733640690009733e-01 7.244425944386898020e-02 -1.478300214724788397e-01 -1.715680839838306104e-01 3.817921573796594081e-02 1.709689280784627285e-01 6.484301397269038453e-03 -1.435061630148470602e-01 -1.146482535942025122e-01 -2.146905577732994563e-01 2.645090241851991708e-01 9.109484618331241184e-04 -2.893515408413530401e-02 2.242012837926426749e-01 -6.180723378651008931e-02 -6.094839923480341315e-02 -2.267033958208700822e-02 5.033553241444854720e-02 -3.239580874210431626e-03 1.074312409480801256e-01 4.285795386539287960e-02 -7.918778399231704568e-02 1.027308048631160181e-01 2.400579594093252556e-01
2.178025397587327605e-01 8.836470769285242888e-02 -2.858645053614623510e-01 8.574684818698309619e-02 -1.416331372001005118e-01 -3.334649209903926825e-02 5.114328961098347365e-02 2.398207727359162045e-01 4.890323466901971144e-02 1.000000000000000000e+00 -2.971469796169444455e-02 1.388227007052068029e-01 -8.774883913274173983e-03 -4.845086197065270883e-01 -2.948621865846715040e-01 -3.907692669819087111e-02 -2.960496967151762249e-01 -2.037470151931546625e-01 1.449867509843289493e-01 -1.758021745854939089e-01 -4.085800388981108283e-02 1.746256888648390904e-01 -1.979423028304646559e-01 2.464882094281173330e-02 3.304906790923898829e-01 2.489258514965129315e-02 5.888763008193498294e-02 1.038044782653226999e-01 -3.236758632007497027e-01 -1.743806381501703529e-01 -1.738548098313024981e-01 2.359878897555815480e-01 2.920757693172065794e-02 1.317277903694321906e-01 2.108986937841448583e-01 -2.458650724072465321e-01 3.230179905692761588e-01 4.933916438183347936e-02 1.006387190697175804e-01 4.375451461923431373e-01 -1.512219716955170434e-01 9.517149973702640486e-02 2.534152961752126135e-02 -8.205659742006000956e-02 1.230481345828986078e-01 -1.733208468825898907e-01 -1.807238966471580166e-01 -3.509654369010264952e-01 -1.076005175929918289e-01 -2.006632930001063519e-01 2.635697685995656153e-02 -1.239541642567150714e-01 8.901462345838723200e-02 9.222591097280254113e-02 -5.679326957284745736e-02 3.370740642920538321e-01 1.652202650475380619e-01 3.696875176279700859e-01 5.741616831349876104e-01 3.353951312232638093e-01 1.892757384000325616e-01 -6.753103119221338935e-02 -2.779720027819651551e-01 -2.417101144429961157e-01 -1.094000379979142706e-01 -3.408710910574189179e-01 3.619473266613874585e-01 -1.139926986623532312e-01 5.982177427429533761e-02 -1.886376207758874990e-01 -4.396221213988545096e-02 2.555573392878845995e-01 -1.299836860607068156e-01 7.257610288505962452e-03 1.312795524292802996e-01 2.257776864550236351e-01 -2.759647801970165071e-02 -3.378874147681939499e-01 -7.798927995451931938e-02 6.660488579163601625e-03 4.641546661863176111e-03 -1.599008194410673767e-01 -1.494011846111351072e-01 1.661550367984153675e-01 -2.943680303359145212e-01 -6.035930790443344574e-02 2.104284235337295639e-01 6.528714188393239248e-02 -7.526062573885268503e-02 -4.929491601849294441e-02 4.890281719884208983e-02 3.253303112964837096e-01 -7.555387207779072634e-02 1.222636686963847008e-04 -3.462737278880129860e-02 -1.715991155141733948e-01 -7.183821325709856265e-02 -2.269920178282607559e-01 -7.831564015104951204e-03 -1.012211402860640902e-01
-7.879861988465804157e-02 -6.478987614148340457e-02 1.982747244177101298e-01 -3.867456399850177640e-01 -1.603855848461685218e-01 -2.219797989501839652e-01 2.898243446637081000e-01 2.838669047373830745e-01 7.241218688875332432e-02 -2.971469796169444455e-02 1.000000000000000000e+00 5.529556387449025001e-01 1.972761420278631161e-01 8.402407478637816118e-02 -2.429744732526996354e-02 -1.781280116216133191e-01 1.795026089788845924e-01 3.051598776331803098e-01 1.750826589267457378e-01 4.584178794970447494e-03 -2.972492674426308046e-01 3.180481347434375716e-01 -5.769517131355086231e-02 6.596604769963420045e-01 2.473506392845117308e-01 5.704039611528276543e-01 -8.348787004333463324e-02 -6.516695904457903143e-02 1.646995068766369252e-01 -1.890205846881006652e-02 -5.184307283093159135e-02 -9.987258519510842925e-02 -3.111844271611290957e-01 1.928293222909510385e-01 9.808355320503828190e-02 5.011711833201573096e-01 -1.943296518410047302e-01 6.744195676900507919e-02 2.278439444366892330e-01 -2.919916707281151533e-02 4.137718048436169194e-01 2.571574620016735535e-01 3.300406376677822440e-01 2.144112212049263111e-01 1.331349568352444834e-01 -1.267544230380831527e-01 -3.003045389224250072e-02 -9.640069926450986482e-02 -1.109237931460880650e-01 -1.812228415225627665e-01 -4.338505018343781217e-01 -7.620847851456122313e-02 -4.482672148216885200e-01 -2.654174300212998605e-01 -9.344882128226583706e-02 1.030986579051076067e-02 7.570121308819484363e-02 3.476633300765064605e-01 -1.097198561538391404e-01 4.994429126743989422e-01 4.724278404086825756e-01 2.751464443385794878e-01 -7.917638447221271580e-02 -3.751299799201757157e-01 -2.266444730076053460e-01 -9.479463833560435038e-02 6.198157321963732036e-02 7.414562706132381276e-02 8.708628642588243929e-02 -1.018557136888769421e-01 -2.763546641014882344e-01 1.943318893895447930e-01 -4.030444381246768293e-01 3.573500153603135776e-01 4.595456259964862955e-01 2.382619918098591583e-01 -3.913671302650648109e-02 -1.716514069100930637e-03 1.010184897943368215e-01 -2.058029333569312003e-01 1.964777071713527945e-01 2.066936603259083016e-01 2.034585071998835648e-01 -1.134359894106693745e-01 -1.292659405739124412e-01 -8.173655782926941837e-02 2.580190138173635989e-02 -1.267740860220222532e-01 3.790001109055416428e-01 1.198757377395062579e-01 -2.004441786693078598e-01 1.208244766953769228e-01 1.964045218151334316e-01 4.811992625362954829e-02 2.027674688980833639e-01 2.508095793868435064e-01 -1.172548073764729110e-01 -1.970026203745942339e-01 1.484053843129790329e-01 -9.669973854413821401e-02
3.070159241166569436e-02 -6.355407386789684032e-02 1.587280683791272573e-01 -5.695245955607902699e-01 -2.125834633057223644e-01 -7.760811943729230278e-02 3.883104485706641018e-01 3.892728074171724062e-01 3.220091139636401673e-02 1.388227007052068029e-01 5.529556387449025001e-01 1.000000000000000000e+00 2.237687444261536596e-01 -8.874625381726355955e-02 -8.687719238200901362e-02 -3.063487991782599118e-01 -3.936801605063824233e-02 3.298546854650764026e-01 1.943219844869466251e-01 -8.588494341533503551e-02 -3.966273401385132513e-01 3.286104270197010568e-01 -1.466828285730762405e-01 6.312982853603801292e-01 2.860182317075869451e-01 6.836580579952087344e-01 -6.535806207755114061e-02 4.798331706987068318e-02 -6.357604613419894080e-02 2.474545554694234858e-02 -1.221890862558916296e-01 8.599164737536055259e-02 -5.316743007052885384e-01 -2.475565527803853111e-02 2.896541223614901850e-01 5.181962736820123760e-01 -8.674443606981486338e-03 2.127925116842180608e-01 4.058834660031336306e-01 2.516488113606273891e-01 1.480718530543552458e-01 1.539963594710031525e-01 3.185611273023572498e-01 2.342041003082406259e-01 1.782122406321474117e-01 -1.678929487749884208e-01 -1.438309759472528593e-01 -1.987329781681583252e-01 1.429668100721099844e-01 -2.243481418000756178e-01 -5.929356711412210323e-01 -1.149271821315828584e-01 -3.900177356468685352e-01 -1.088352085542448472e-01 2.554497713707948661e-02 1.244825080225329395e-01 -9.435090426917358553e-02 5.020061969367717314e-01 8.454530091504522393e-02 5.557981756259733341e-01 5.313333639186339497e-01 1.886878092511409810e-01 -2.171330441413235057e-01 -3.985869579512838490e-01 -2.975071615866342056e-01 -2.827525601949659184e-01 2.653184380444763568e-01 -1.218617615559669798e-01 8.284893317077600405e-02 -2.665565669803071081e-01 -3.180816233560042061e-01 2.385818195270965336e-01 -4.367422244084761540e-01 2.201863410412228383e-01 4.831106725772848498e-01 2.347031595305411333e-01 -2.344167646953652928e-01 -4.492624180846850612e-02 1.830326481950458051e-01 -1.991987503015884564e-01 1.972523451178558873e-01 5.801781840222601343e-03 3.489621491647791340e-01 8.370376394437754886e-02 -1.545022967787814672e-01 2.212051551397584137e-02 -6.299081230250337671e-02 9.718178665054325038e-03 4.797239551158272719e-01 1.679376462646179138e-02 -4.482702670072212237e-01 3.070527719021448609e-01 1.598590277764329048e-01 -3.761512626354059086e-02 3.326711602769767961e-01 1.540049180071047796e-01 -2.327083782590858296e-01 -3.103423753050263967e-01 3.944858161881217296e-01 -1.133226189223268954e-01
5.672093009528895481e-03 1.265708951264930826e-01 3.212241492306496804e-01 -2.731394456808297067e-01 -5.334946547753453838e-02 1.140985675615187184e-01 -2.796684445815201744e-02 4.405735102212104959e-02 6.384436561995660009e-02 -8.774883913274173983e-03 1.972761420278631161e-01 2.237687444261536596e-01 1.000000000000000000e+00 2.887014864641370693e-01 2.552449350988281185e-01 -1.601067818948608279e-01 5.045047154827757563e-01 1.839584008333972898e-01 4.682738725927048651e-01 1.621903203357122902e-01 2.449380984339232237e-01 5.358502117332027970e-01 3.731293938654448028e-01 3.442285909802200727e-01 2.109048786316315705e-01 2.986394186339483281e-01 3.985559057274881134e-01 8.102062421165476258e-02 2.696034933396272426e-01 2.815725593271006244e-01 -5.248179395979302164e-02 -3.135552704099215521e-02 -3.355526670939698031e-01 4.111816851425401098e-01 4.498446817518817475e-01 8.764063439389525867e-02 -1.297647112360088006e-01 8.848500820489223206e-02 -1.927172218927307445e-02 1.311446928093409625e-01 1.818191021866845392e-01 1.106960661580195099e-01 2.983771463721696104e-01 1.689994799712244145e-01 2.267353622864907992e-01 2.502038336252706552e-01 7.638838118850209413e-02 5.095408561138572295e-02 -1.176472125876720648e-01 2.954626441717619900e-01 -2.516119543445030082e-01 -2.348865716511835261e-02 -3.848181942337159378e-01 -2.718294275709784991e-01 8.632967096502784654e-02 -6.128376197042499640e-02 -5.348054020604158659e-02 -1.125779609857535946e-01 -1.661890656258619980e-01 -1.327071503328445812e-01 5.966227708673366853e-02 5.914540173585044469e-01 3.261694501916567179e-01 1.906917438090007313e-02 2.211265054266277896e-01 1.827568749537075710e-01 -1.036162102148122099e-01 4.234953492588601764e-01 2.455190683570840360e-01 8.380108260199922721e-02 1.219576863163471386e-01 4.224373651459545354e-01 1.309030760630478518e-01 -1.461852539829179565e-01 2.527727777744384063e-01 1.980118900089777780e-03 9.598822914623060532e-02 7.534998092890136945e-02 -4.786179940339701372e-02 5.038959622639566788e-02 2.301925518832813045e-01 2.196350133193053777e-01 3.318676823087405303e-01 2.300360039607842189e-01 -7.786604230391720727e-02 4.647570483726922580e-02 -3.346889139534479918e-02 -6.175831242519992659e-02 2.377275360292641637e-01 3.261650043086175565e-02 -2.705731840913271347e-01 -2.454971448269744061e-01 -3.980687348370748890e-01 -1.365504868016491624e-01 9.790745200781940383e-02 2.228614283206071800e-01 1.621766037201068933e-01 8.815429203867855557e-02 -9.758643504823281967e-02 1.828456488963823290e-01
-3.657866038576362833e-01 -9.340799563956574125e-02 3.162394462906161219e-01 -1.670776091470085323e-01 6.100892277764375857e-03 3.198793846124432100e-02 -3.572923645047981073e-02 -1.299894594505566492e-01 1.319270789160114331e-02 -4.845086197065270883e-01 8.402407478637816118e-02 -8.874625381726355955e-02 2.887014864641370693e-01 1.000000000000000000e+00 6.684503803993698812e-01 -1.029242295737631402e-01 4.611202392709873310e-01 2.492670315435275286e-01 1.872314486425026014e-01 3.184492829503171585e-01 3.900148140669652541e-01 1.338621002996661091e-01 5.560623355381364430e-01 1.467083132066846762e-01 -1.175179740256717814e-01 1.120630892541552293e-01 2.481582325506425935e-01 6.745880106836037171e-02 5.165778022165018468e-01 5.380156422195996324e-01 4.865781170420565432e-02 -3.154074150597126480e-01 -6.515835586057328044e-02 8.468509763556175685e-02 2.133266178377798278e-02 1.989932707414664992e-01 -2.044834212086023284e-01 -2.366599597910556269e-02 -1.285388213941896229e-01 -2.377660175409396226e-01 1.988500184141016036e-01 1.532558079237087388e-02 1.264917440406420832e-02 1.211025539866071171e-01 -4.494563288660781419e-02 3.307003037727526129e-01 3.398517210229172747e-01 4.481104038468811113e-01 -4.540631666593267918e-02 3.114286974725134494e-01 -1.182484640031936513e-01 -2.399167773653601565e-02 -2.768550308658774273e-01 -2.482005835223247692e-01 1.144356217437901557e-01 -2.580357761973040565e-01 -3.353346572306471068e-02 -3.269025840585016995e-01 -4.144093355598293948e-01 -2.761980076476855395e-01 -1.106340364256571396e-01 2.705621855407709941e-01 5.053778760502606326e-01 4.873603862700271461e-01 4.255993475487477307e-01 6.348442204529326505e-01 -2.278209250066605962e-01 3.112101606616388128e-01 1.476385528770086109e-01 2.717553905449895946e-01 2.846946155360656205e-01 -5.694078917298512482e-02 3.367802034074564022e-01 -1.435049878546437556e-02 -1.913552386923228054e-03 -1.646566659814849842e-01 3.220449442687398633e-01 5.386025862573571299e-01 -1.879013556199654600e-03 -4.107467928431156323e-02 1.897690667815482568e-01 2.481409795162362875e-01 2.309993947278569937e-01 2.127712693225243881e-02 3.408589385985560383e-01 1.835877338783437618e-01 -8.159229200989680242e-03 7.034101650523845450e-02 1.476574960335090281e-01 1.170500301840983332e-01 -1.303166427241993219e-01 -4.043141421033736860e-01 -4.689494383128434141e-02 -3.618127120267045777e-02 -2.259285191311421331e-02 1.811216808047444449e-01 3.923118007256112261e-01 3.561736496458012824e-01 -9.087362313797320290e-02 1.242486964679189593e-01
-3.753450761175560202e-01 -1.399085568296523086e-01 1.916537405264184812e-01 -2.266008365804563218e-01 -8.895489114483422222e-02 -5.663173498061515460e-02 -1.131668855357545050e-01 -1.298123742314139517e-01 -4.219481372576931039e-02 -2.948621865846715040e-01 -2.429744732526996354e-02 -8.687719238200901362e-02 2.552449350988281185e-01 6.684503803993698812e-01 1.000000000000000000e+00 -2.228306165778246861e-01 2.805464119107187182e-01 3.152100955159563012e-01 3.150553401733579562e-01 2.810524462373352739e-01 4.435335225040408780e-01 1.556708701661043692e-01 6.609647219607235336e-01 1.716378413787003065e-01 -8.706436648448009907e-02 8.449894836431590117e-02 2.969557251550283827e-01 6.279074338098583619e-02 3.775263252383822543e-01 5.603161875120831192e-01 1.036371656949019726e-01 -2.975070319455598855e-01 -9.578820072899182914e-02 7.795020151228501670e-02 1.532455825707076669e-01 1.441586135548776071e-01 -1.081536007370192953e-01 -1.089197804971008821e-01 -1.546225705120674032e-01 -1.420673707438743216e-01 4.678196533740815871e-02 3.330989322002696987e-03 -6.661866663153442891e-02 7.457310887900103769e-02 6.193987338179375579e-02 2.826728776492613004e-01 2.829513238664864705e-01 3.700834647328064553e-01 -1.298198607800022386e-01 2.629151588882738810e-01 -1.543577203863983616e-01 -1.178954702260320009e-01 -2.648396540186931936e-01 -2.674896727643404915e-01 9.849021013522228640e-02 -2.740103542974343109e-01 -1.103184124455262177e-01 -2.447550167357579742e-01 -2.612405484483046880e-01 -2.488734442393022994e-01 -9.430465025853994321e-02 3.201522480826619610e-01 4.322050086202530172e-01 5.392948724972209673e-01 5.339652522015418956e-01 7.017611130874327197e-01 -1.372561686318700402e-01 2.615938462507789719e-01 2.886633078830164179e-01 2.403068510273628777e-01 3.981149198692273128e-01 1.061839117269112454e-01 4.483590304547374616e-01 -7.221116940565490416e-02 5.698670328573271493e-02 -1.638606696508216332e-01 3.209310151742825190e-01 4.723306568011497730e-01 4.256268686239681603e-02 1.685069245866750026e-02 2.632957636283933534e-01 1.848795647515482365e-01 2.480979616455403214e-01 1.849648679375741345e-01 3.004447522222822853e-01 2.647692290088374811e-01 -8.708874884131799152e-03 1.386557494040009664e-01 2.065879687700944156e-01 1.147519516584845217e-01 -1.485060434527582518e-01 -3.599097566335504594e-01 -1.149060162599295637e-01 -3.343918570862485645e-02 -6.726178628582858698e-02 1.577202279301279375e-01 3.937026784737065466e-01 3.483968083690429096e-01 -1.136649180058033892e-01 5.847575987662861907e-02
