1.000000000000000000e+00 5.101965034849121894e-01 6.259705207398046367e-01 1.624905416889096677e-01 5.552852252212253648e-01 6.195030921551337721e-01 -2.467447173174268649e-01 6.643288475918993630e-01 7.049119388683748877e-01 2.446416145782307205e-01 3.105631447678115498e-01 -4.093063438129504461e-02 -2.690971702750581951e-01 -6.583135490194034212e-01 -5.582607763679322543e-01 2.822851538360716672e-01 -3.852481598985948996e-01 -9.839301610459616487e-02 -5.554574887099439362e-01 -4.237822886563960001e-01 -5.312309472585023951e-01 -1.569058345611381300e-01 -5.945625395545368619e-01 -4.360240974505840555e-02 3.938414253022974876e-01 -1.324897423128326424e-01 -6.022670573318049669e-01 -3.526391691377245285e-01 -3.566070135901944216e-01 -6.249660791961193507e-01 6.141260780637971400e-02 5.921604080723749108e-01 -2.255682363222750453e-01 1.691450811331554061e-01 -4.238176235231341793e-01 1.791929243617843837e-01 -6.071552078431846113e-03 3.463198722778339511e-01 3.343364387340060362e-01 5.209408547687058855e-01 1.470076080434047361e-01 -7.139776654535022471e-02 -3.677066256762931973e-01 -2.959500688920850275e-01 -2.941515482548733851e-01 -5.346895114397471893e-01 -5.222461979934037712e-01 -5.167041975853881031e-01 6.255832729224125588e-01 3.915997069344001602e-01 2.466795203523683144e-01 5.179023882872682005e-01 1.380424215979372815e-01 -1.893973284321602210e-02 1.884145604653724992e-01 1.041380306008046763e-02 3.736906594921095559e-01 4.120573585244835524e-01 4.917025378849180228e-01 2.259869084985814680e-01 3.748857095422101215e-01 -1.661492808680141153e-01 -6.574056027783663492e-01 -5.254344254635613387e-01 -6.181696494145373366e-01 -5.549301964431307965e-01 7.243820050878817529e-01 3.606834215586450509e-02 8.527388554074921689e-02 -2.270787145087087011e-01 -5.080796105045455313e-01 -4.627164551568725970e-01 -5.667229469782404383e-01 -1.179343988528504528e-01 1.513199755988710871e-01 1.164543426768240297e-01 -3.248013829117816220e-01 -3.009463511820908432e-01 7.805913649454875036e-02 4.814729723305996023e-01 -3.092961752972048783e-01 -2.263888377703248689e-01 -2.471365717699273157e-01 -2.523503157540692432e-01 -5.184623289118830414e-01 -3.961617139994455528e-01 7.847237695862956108e-02 -4.509227930618622260e-01 8.460026511426584073e-02 -2.704645040699104608e-01 -2.902811516737373587e-01 -2.143535035204104447e-02 1.108229178158713774e-01 1.054882599079517980e-01 -1.696704211687778685e-01 -3.927068905552772438e-01 -4.332491114593246539e-01 -5.055068727897722436e-01 4.325693810749262069e-01 1.384198567786753577e-02
5.101965034849121894e-01 1.000000000000000000e+00 4.888992663657470983e-01 7.765285740056184112e-03 6.278863395916804979e-01 4.767241516447307537e-01 -5.544072353206720427e-01 4.558785149763008859e-01 5.993589623633742702e-01 -7.231101166337396136e-02 6.537895661308099071e-02 -2.140576634263574862e-01 -3.872688425795012962e-02 -3.666383795961504766e-01 -2.843677576228909598e-01 5.033532169100421449e-02 -3.182350534790913676e-01 -3.816166058812141548e-01 -4.447326337551231745e-01 -3.836650296695322537e-01 -2.493704172521123974e-01 -1.907091442088428013e-02 -3.714851527215790039e-01 -1.113548005341709196e-01 1.325625355660721150e-01 -2.580372116621370560e-01 -3.169048624479333109e-01 -1.499983345155474768e-01 -9.057653000576759705e-02 -3.561306230491359526e-01 1.144755097022314011e-01 3.698845951125442344e-01 -3.902465506218881774e-01 2.327800716644581602e-01 -3.398559394040411297e-01 -1.697191713888216991e-01 3.640983229159580614e-02 -2.341924413602687952e-02 -7.495927855220281631e-04 3.461757527542446145e-01 -1.443301340823089085e-01 -6.614712724886227802e-02 -3.633478952728588229e-01 -1.513935731691135600e-01 -6.722185321472785857e-02 -2.901627822896816200e-01 -2.462233645046820740e-01 -3.016631343773072960e-01 4.051594070691029725e-01 2.689507448387544741e-01 -1.184679888620752686e-01 6.067326968692891009e-01 -2.981301349595717048e-02 -1.235740073625591628e-01 -1.233358918043495484e-01 -3.899324711357659567e-01 1.280201588362795892e-02 1.165654219894035060e-01 4.849767863113360056e-01 -1.063005070009668956e-01 1.518887853457868697e-01 -1.167033683567417560e-02 -4.122164689594167153e-01 -2.832407182090105335e-01 -3.709665472475718873e-01 -3.442233777559314256e-01 4.164501968517327346e-01 1.839114723450208655e-01 1.091105270679247063e-01 -4.738961194166804169e-01 -2.503636492670059943e-01 -3.377249718217318897e-01 -2.920821054937636219e-01 -4.570980180757070466e-01 -1.801264675774159607e-01 -4.738101377932738695e-02 -2.901486362821805165e-01 2.905497176340180593e-02 -3.632778934674979476e-02 3.791906476571941242e-01 -2.515617843080072968e-01 -2.721633723897473600e-01 -1.197270329797762156e-01 -1.190723684847835862e-01 -2.553309737668409962e-01 -1.215292940734157140e-01 6.339627855345007779e-02 -2.157212895800720009e-01 -1.521834495250458386e-01 -4.955842690897731551e-01 -5.089730271022838703e-01 -4.250451413406279855e-01 -1.585094199794784831e-01 7.312985073892948329e-03 -2.206013513490059363e-01 -2.675977208375485694e-01 -2.199386129325852646e-01 -2.633435819732998229e-01 7.092074090950536980e-02 -2.069531409595512239e-01
6.259705207398046367e-01 4.888992663657470983e-01 1.000000000000000000e+00 1.202086569501941010e-01 4.398556268151151971e-01 7.007800480167001300e-01 -8.374108540906460840e-02 7.461925591378195666e-01 6.995901134174754565e-01 2.439334862655657132e-01 2.236904343872444800e-01 1.465194271040520524e-01 -1.666339659036216170e-01 -5.831451971321691685e-01 -4.332212457494874491e-01 2.090855182086875930e-01 -5.176853503178960869e-01 -1.525484433003432005e-01 -6.405039679082844550e-01 -4.925040878745713391e-01 -5.093319004454314181e-01 -1.216504219250975904e-01 -4.698238766057626914e-01 1.701709719910020902e-01 3.463120307818662869e-01 -4.799459707055152291e-02 -5.050916233165985147e-01 -2.494364009406927762e-01 -4.597139382234322058e-01 -4.724878407107309108e-01 -1.000710257914549234e-01 4.170547510781818512e-01 -2.675916865868679384e-01 1.353966821567783863e-01 -4.899550421742544515e-01 2.200449857502163320e-01 -1.329653811312855594e-01 4.688768768088587557e-01 4.208282254663187616e-01 4.857442609219632113e-01 1.838814163872441454e-01 -1.281941769820567345e-01 -3.309892734752671317e-01 -3.334506737103906659e-01 -1.034527061018353927e-01 -4.367216187635130087e-01 -5.617601086433497981e-01 -3.772435736308267229e-01 6.257098882976869225e-01 3.519247991173935497e-01 1.295328993147365493e-01 7.031664847275344021e-01 1.389431679880602510e-01 9.948240054942343591e-02 4.349956252551012703e-01 1.906786699638735039e-01 4.674915929945649973e-01 5.802154527732126255e-01 5.069273056341057071e-01 1.046912499142138298e-01 3.451698421965982977e-01 -1.169376411447051178e-01 -5.448154552925114080e-01 -3.543256304303204485e-01 -6.683638533108759994e-01 -4.098417637212276032e-01 6.524425013483707847e-01 6.944317890153939299e-02 5.226548668945581871e-02 -3.705208444818798852e-01 -5.365659593834966046e-01 -4.490566071967852513e-01 -4.462557600889238141e-01 -3.082580339067144543e-02 5.027706427176413528e-02 1.559054802833744480e-01 -4.787864691458565969e-01 -2.022823465573841406e-01 -2.772258313481960057e-01 3.047740526071274769e-01 -3.725197612497590516e-01 -3.577072407029224799e-01 -1.899923818262125308e-01 -2.385269710626790884e-01 -4.089187346155119807e-01 -4.118246093173314470e-01 -1.130828313431422039e-01 -3.420216818761022681e-01 3.201170636690374438e-02 -2.597870061434611189e-01 -3.036858674816690917e-01 6.311774311619218480e-02 1.247804999067245180e-01 -3.454799726853094444e-02 -2.936682369085416577e-01 -3.449796098034711989e-01 -2.957978278779952452e-01 -3.818791522694285345e-01 4.004438190972907097e-01 -3.027339053887489681e-02
1.624905416889096677e-01 7.765285740056184112e-03 1.202086569501941010e-01 1.000000000000000000e+00 3.479020331953262546e-01 1.445497139275598864e-01 1.430813735727281266e-01 2.458363196351449897e-01 2.171600452682637961e-01 3.678730623881316247e-02 1.288142267513278129e-02 3.847319755362249571e-02 -1.296944964623527041e-01 -3.532798914121266232e-01 -4.165087427259331898e-01 5.492116134164352070e-01 -2.727424899712233008e-01 1.185155823927695473e-01 -1.105782454140395721e-01 -1.666992926634061623e-01 -4.703080484728735522e-01 -4.543791353354866280e-01 -3.853638402750226843e-01 -2.208272488429786073e-01 -2.615528782708603783e-01 -6.163666275100074948e-02 -3.855590152936467785e-01 -5.726159000402852861e-01 -4.360893082672489540e-01 -2.457856758668627850e-01 -1.740246546977132769e-01 3.273268631251808336e-01 4.749895995207740196e-01 -3.754952705816097525e-01 7.755734638543905490e-02 3.561272325089216428e-01 4.023965088000033830e-02 4.386574467610993566e-01 2.920631292497102849e-01 3.047306835363584598e-01 1.009305585838612407e-01 -2.356464883727472648e-01 -4.758999777776369566e-02 -1.339569220627564450e-01 -4.791755107465962560e-01 -3.451761849299259666e-01 -2.473386636556930418e-01 -4.723124458509340151e-01 1.597367677579998313e-01 1.391473742123151003e-01 3.856547947901016182e-01 -8.670425403611144166e-02 5.890257530967966115e-01 6.688609219107796156e-01 2.248101919896593470e-01 2.749077312081234237e-02 5.202524123463059258e-01 2.114798248119384994e-01 -1.269274686172511268e-01 6.702797356683343200e-02 2.156602659955800944e-02 -3.751952191136549430e-01 -2.308953386236992089e-01 -4.103243005392266940e-01 -2.559667169372480122e-02 -4.283529714235347341e-01 2.048073238131228047e-01 -4.986814517488433185e-01 -4.310900510233793836e-01 9.413506475680236130e-02 -4.732971610995821421e-01 -3.920159076731711822e-01 -3.677120059338574998e-01 1.944704262661858252e-01 -1.704729086835696586e-02 -1.938640496557863246e-01 1.598739883819117191e-01 -4.553752160079276301e-01 1.547241592180953473e-01 4.152338374269923249e-01 -3.102437904514671052e-01 -3.436432255631005628e-02 -4.066500478839344956e-01 -4.668330481515893249e-01 -4.366878691943794633e-01 -4.773415653827687288e-01 2.698109342837849423e-01 -4.936236402779327070e-01 -1.190303931410894136e-03 1.829419416457951086e-01 3.321250759521973128e-01 3.655251314343543195e-02 3.207700189061205576e-01 -3.535229623308177582e-01 -1.952023317785555601e-01 1.913085565289247489e-02 -4.876026898460779080e-01 -4.062746889003633899e-01 8.567979819392801399e-02 2.078333906628882233e-01
5.552852252212253648e-01 6.278863395916804979e-01 4.398556268151151971e-01 3.479020331953262546e-01 1.000000000000000000e+00 4.700898350838199069e-01 -3.799858538119486040e-01 5.069198340503519029e-01 6.843030627255419773e-01 3.579989182542908654e-02 1.336791654138534957e-01 -6.097021881845366559e-02 -1.623586185205080634e-01 -5.610341918548188422e-01 -5.043920831979812336e-01 1.686716942189000479e-01 -3.543920926566621055e-01 -3.118357340036082004e-01 -4.393798904049412979e-01 -4.501420854958416706e-01 -5.156520419259489341e-01 -2.113191824415519837e-01 -6.097786273069989438e-01 -2.154852105770966586e-01 4.154616652419583500e-02 -3.212932858397567482e-01 -5.340720047362479406e-01 -4.222654927744606823e-01 -2.699921526878630296e-01 -5.254861777757902086e-01 7.518413497403012014e-02 6.085006784807724944e-01 -1.500144543622255328e-02 -1.295902269303833045e-02 -3.285095045491394639e-01 6.341574395685097010e-02 1.348910457349365710e-01 2.596444148208366665e-01 1.274215405697807224e-01 4.753103106054412663e-01 -6.339816090801009274e-02 -3.627486794958179050e-02 -3.530706394595022335e-01 -2.078932792828420417e-01 -4.050259671662733152e-01 -4.608005976561829198e-01 -4.126833163303114671e-01 -5.748019197576773598e-01 4.907141649773538172e-01 3.447550861287560497e-01 1.785027909793676371e-01 3.971381948912834914e-01 3.717072143609655432e-01 2.257622552153372708e-01 -9.079989991588082593e-03 -3.062600065186952270e-01 3.357800264960776881e-01 2.134534329794043894e-01 3.453201832430989882e-01 5.339507131078072288e-03 2.018703998242710462e-01 -2.498875940984919553e-01 -5.353960824358966475e-01 -5.203622399773394358e-01 -3.898704931017429320e-01 -5.376100985815613909e-01 4.992368364686523008e-01 -5.839253723714205729e-02 -9.636317731827441502e-02 -2.989342059170601584e-01 -4.768381538485104709e-01 -5.297576684415578052e-01 -5.233225950054082309e-01 -2.862538634006990823e-01 -6.991523942293581539e-02 -1.214637101992597223e-01 -1.540989310650649202e-01 -2.739867890332919886e-01 1.461929264196102363e-01 5.536622522296762439e-01 -3.687559779791383940e-01 -2.640905960508784234e-01 -3.462675043752894144e-01 -4.512129519973098746e-01 -5.387606057605149878e-01 -3.764693970980835802e-01 2.710673375270683527e-01 -4.694492208977382175e-01 -1.612625751477913816e-01 -2.939024183001199275e-01 -2.496095115895688998e-01 -3.439957943140027341e-01 1.537614255555876386e-01 -1.196865637585940029e-01 -2.906293309588074414e-01 -3.007318765443385833e-01 -4.736875679808563167e-01 -5.150412178838869037e-01 8.847584395505848909e-02 -7.549732446050964885e-02
6.195030921551337721e-01 4.767241516447307537e-01 7.007800480167001300e-01 1.445497139275598864e-01 4.700898350838199069e-01 1.000000000000000000e+00 -4.376511697017565483e-01 7.287876139256005414e-01 7.712442588727681514e-01 1.423672390383776964e-01 4.940829899295818839e-01 8.551367219814573484e-03 -1.425513407289655254e-02 -5.463712936234840223e-01 -3.505896677968891595e-01 1.595812450377555591e-01 -4.350763362767470777e-01 -1.437517456124920712e-01 -5.413376130778151385e-01 -4.959746300725938473e-01 -4.188999685255251348e-01 1.235118730985724361e-01 -4.375862067962814628e-01 1.788468032421489384e-01 4.928407039312820426e-01 1.178939839714788496e-01 -4.866081049217363397e-01 -1.366532602897380100e-01 -2.854886217718766717e-01 -4.954841023761247798e-01 -1.278702650880107206e-01 5.167144177869361643e-01 -4.666506917452685754e-01 3.779486356856024409e-01 -4.347194111348602341e-01 5.586337600862913838e-02 -9.445138827754689936e-02 2.234315199495651993e-01 3.182634209838485218e-01 6.160581204350439322e-01 1.465685234003162862e-01 1.844585437746678117e-02 -1.918407479438473395e-01 -3.927899862892649807e-01 -2.111768888579144271e-02 -4.374837182059868046e-01 -4.612649312149242342e-01 -3.682423850130779330e-01 7.977827880448710163e-01 4.420963095373317553e-01 -1.589074508352140425e-01 6.088001467423154178e-01 -8.784482769285946457e-02 -6.869790969983853579e-02 1.208503828841211714e-01 -2.105556293381301292e-02 2.264353365402854978e-01 4.518447040689045346e-01 7.382365440295958203e-01 2.177289149716055694e-01 5.729481533111502323e-01 8.997295402889020355e-02 -5.284978310051063888e-01 -3.134811639544596851e-01 -6.836337296455936574e-01 -3.783156342118874638e-01 6.208986881387711376e-01 2.705139050006853951e-01 2.782158383830207748e-01 -3.744866427528455999e-01 -3.870223797352281281e-01 -2.605783839981872241e-01 -4.366529327536018967e-01 -2.641589607829746278e-01 2.994384423129193840e-01 2.991009583841452990e-01 -4.839782781033201142e-01 -2.535938291372251754e-02 -2.552851950625044664e-01 3.857632625789846892e-01 -2.499343388649928610e-01 -3.371825408706551896e-01 -4.178002035385905422e-02 -4.151953866523486886e-02 -3.378974797482656167e-01 -3.033585414644758282e-01 -1.123508719830875746e-01 -2.200534888107041620e-01 4.301106454445013244e-02 -4.240339303140353566e-01 -5.598822469017631365e-01 -1.370106295471434921e-01 -5.319070650394436273e-02 1.736132765279607693e-01 2.149923862291674634e-02 -3.999644282870953860e-01 -3.031979760809654922e-01 -4.052759652933592971e-01 3.271019890704554012e-01 -1.205167623558310863e-01
-2.467447173174268649e-01 -5.544072353206720427e-01 -8.374108540906460840e-02 1.430813735727281266e-01 -3.799858538119486040e-01 -4.376511697017565483e-01 1.000000000000000000e+00 -1.654561848299904159e-01 -4.300278330361743673e-01 3.578197302149541681e-01 -2.848723363077358406e-01 4.332801676557508919e-01 -1.929207745208953717e-01 2.561551709362415094e-02 -1.430411823496467727e-01 1.408682657039380948e-01 8.474436825717288069e-02 4.595609396070686747e-01 1.624917319265227478e-01 2.805371466267482239e-01 -1.443252720945321643e-01 -4.343336641029902911e-01 6.875292218240151854e-02 1.019594092634520388e-01 -2.339196779259451464e-01 4.270415171887242262e-02 1.172138947972285461e-01 -2.492196731379824060e-01 -2.692159399443899148e-01 1.551474949480265708e-01 -1.598797302397726161e-01 -3.713188372294084494e-01 5.501955083301873772e-01 -5.338910910209755389e-01 2.832067335501097238e-01 5.828473983460195074e-01 -7.089140568297888634e-02 4.503301491259005807e-01 3.888457920458070483e-01 -1.969766629792653323e-01 3.898312207852563382e-01 -5.508320449770422872e-02 1.471543276999394967e-01 7.142888550009603155e-02 -1.948955725597762700e-01 1.701645670436862934e-01 -2.632286287672610386e-02 6.196823269092077702e-02 -3.377940490613354774e-01 -1.468116327083238415e-01 4.399163352659981596e-01 -2.682471119450275943e-01 3.481391041303178446e-01 3.151825054478928356e-01 6.370878488906980275e-01 6.320812405488065444e-01 4.623150402520417313e-01 2.677088769406354984e-01 -6.209669201348834155e-01 3.592827540187892160e-02 -3.573447830103290701e-01 -4.399611697915437047e-01 5.272426119581964665e-02 -9.405974511634296320e-02 1.746275453017588075e-01 -2.748989911348420981e-02 -1.153009855076082280e-01 -6.007622203422605667e-01 -4.813870378018053064e-01 4.744236976820934704e-01 -1.925725314940020250e-01 -1.203050556700571011e-01 5.398269668241943708e-02 7.686908482148819832e-01 -1.490838073779064410e-01 -1.185016898767034671e-01 2.990423090834149478e-01 -4.146596184474347635e-01 4.355193333202152239e-02 -2.693292396528388366e-01 -3.239232432358955110e-02 3.048065362122660549e-01 -2.110068219766343955e-01 -2.594665827140545944e-01 1.640885763574368578e-02 -2.057963353248163652e-01 5.818899601091112594e-02 -1.259471751592189104e-01 2.218887347379830122e-01 7.203446027674562657e-01 7.276294075440717934e-01 6.401828306998545992e-01 4.424154821281203187e-01 -3.287622275332084398e-01 -2.078760784353193281e-01 3.050460554022543791e-01 7.764020405551759485e-02 1.365863232662124782e-01 1.555654761131634589e-01 4.489267025509093845e-01
6.643288475918993630e-01 4.558785149763008859e-01 7.461925591378195666e-01 2.458363196351449897e-01 5.069198340503519029e-01 7.287876139256005414e-01 -1.654561848299904159e-01 1.000000000000000000e+00 7.872703336942171726e-01 2.501219065761167704e-01 2.841380435173599395e-01 2.916665420814509857e-02 -2.586094806967947357e-01 -6.736111047289501386e-01 -5.008676334883132020e-01 3.782739480612567484e-01 -4.869085156417359839e-01 -1.790899107596641837e-01 -6.016971105715913648e-01 -4.674242993845624250e-01 -5.396648864087969510e-01 -1.305636970978798495e-01 -5.774175058233569358e-01 9.259813508629695378e-02 4.222606758677502903e-01 -1.154002559957011398e-01 -6.056878348923500077e-01 -3.425861784620624073e-01 -3.895030985192380890e-01 -5.858615059521575796e-01 -2.095283333055820985e-02 5.139346640607661554e-01 -3.098898165774026658e-01 1.806569971513652118e-01 -4.804755944971559334e-01 2.353410754563774188e-01 -5.459388811490862442e-02 5.084720924621447535e-01 4.363394296304141107e-01 7.575561644695878449e-01 2.399632522538092949e-01 -1.506688047695386723e-01 -3.606008359266242302e-01 -3.689834949375808137e-01 -1.835975524810497528e-01 -5.377025998256349526e-01 -5.736840273955056135e-01 -5.043079453366282605e-01 7.105810291611596163e-01 4.431729453788983975e-01 4.668808278844540499e-02 6.499746233463251643e-01 1.554613047073250542e-01 9.572003960708667936e-02 3.038733932294550577e-01 3.931660383214945209e-02 4.988527905082518754e-01 5.649681267507647986e-01 6.055740190674034906e-01 1.623075276126483002e-01 3.896617230861337267e-01 -1.926482703125710627e-01 -6.513556253993972867e-01 -4.415064765246743961e-01 -6.991903166643081979e-01 -5.131348772731229024e-01 7.573836792443027210e-01 8.573839688755036104e-02 1.465000845458014622e-01 -3.201517690900501090e-01 -5.490097061833693060e-01 -5.048301383735027681e-01 -5.648401692655331541e-01 -9.016236941676289418e-02 1.370791799066238825e-01 1.249044900854396484e-01 -4.412974075100873361e-01 -2.626382366252976719e-01 -5.736795256499235135e-02 4.068847882053290843e-01 -2.783587891600801667e-01 -2.678140014557280346e-01 -1.751612897155520043e-01 -2.315613654699003598e-01 -5.256580437028370856e-01 -4.833496013733770691e-01 -3.589330644195463851e-03 -4.189363887932290864e-01 4.501630690247751532e-02 -2.767715816562652531e-01 -3.271174313977589510e-01 3.514327098900493773e-02 1.255444722830766913e-01 3.402553974349701443e-02 -2.507062044015001545e-01 -4.330120309969969772e-01 -4.488912610971860784e-01 -5.120910758586412204e-01 3.376409927455207849e-01 -2.708402103394660834e-03
7.049119388683748877e-01 5.993589623633742702e-01 6.995901134174754565e-01 2.171600452682637961e-01 6.843030627255419773e-01 7.712442588727681514e-01 -4.300278330361743673e-01 7.872703336942171726e-01 1.000000000000000000e+00 1.530624376856311031e-01 3.874927656219115391e-01 -6.832954077086945965e-02 -1.625260005228479632e-01 -6.497270525733968016e-01 -4.900785918788708728e-01 1.991153156515542977e-01 -4.716433424546821462e-01 -2.677079001864136609e-01 -6.364100462912911649e-01 -5.370939486165420274e-01 -5.272670470161802125e-01 -7.468045874072344430e-03 -6.070977950359605080e-01 1.770103906940670923e-04 3.666249752526299921e-01 -1.357633196127394082e-01 -6.283842500680039134e-01 -2.986524092431253052e-01 -2.849750691188871476e-01 -6.138223618715452634e-01 8.003004032940265466e-02 6.567301913847162220e-01 -3.085414104543663383e-01 2.977070094731599781e-01 -4.802186787771015597e-01 1.021143127656920224e-01 5.206995155073392001e-02 3.494173325552507037e-01 2.870562375185352066e-01 6.598896276162330432e-01 7.942397654131663765e-02 -8.840167776329665994e-02 -3.415352621510662212e-01 -3.224275814706895060e-01 -2.299588215049238049e-01 -5.774244791016507339e-01 -4.986949731085958404e-01 -5.287676090931147099e-01 7.524953495725743569e-01 4.783163224766751598e-01 8.443812517906840176e-02 6.308068063228710054e-01 1.481327649979568006e-01 3.206078764533825537e-02 9.470810883964141114e-02 -1.236775776996646703e-01 3.746289291567112545e-01 4.754705477564799554e-01 6.706920472657050825e-01 1.394852177075093236e-01 4.686143123511009034e-01 -7.911098539257389872e-02 -6.160752168286903752e-01 -4.545915608786759154e-01 -6.785844967733583033e-01 -5.256280670825623780e-01 7.412548084455009567e-01 1.939191581259240571e-01 1.796259417506495815e-01 -4.325959710176708328e-01 -5.125156856852192133e-01 -4.866761505734725768e-01 -5.829451596635856214e-01 -3.022995119920104945e-01 1.263779907469329555e-01 8.056775892744631740e-02 -4.306158076028795967e-01 -1.728067572793474671e-01 4.901394467172948653e-03 4.839976357543281926e-01 -3.128211658029543263e-01 -2.983318130345201658e-01 -1.486937420664358189e-01 -2.384136803029884011e-01 -5.384560878939749218e-01 -3.967797199530188057e-01 1.041847044771170294e-01 -4.172357978973737502e-01 9.761146976569412201e-03 -4.534707120109168765e-01 -4.600729572563982406e-01 -1.714484493597673020e-01 5.290088357084373610e-02 1.146223555375398689e-01 -1.962065540942966591e-01 -4.789366461975927414e-01 -4.640884185613121105e-01 -5.458816811438806926e-01 3.553413106952197920e-01 -8.310949121386682070e-02
2.446416145782307205e-01 -7.231101166337396136e-02 2.439334862655657132e-01 3.678730623881316247e-02 3.579989182542908654e-02 1.423672390383776964e-01 3.578197302149541681e-01 2.501219065761167704e-01 1.530624376856311031e-01 1.000000000000000000e+00 1.772337452637210709e-01 5.498916493556659235e-01 -1.420495436436461090e-01 -4.459360312937741821e-01 -5.425366957120326683e-01 6.893228399497031145e-02 1.141442780852069405e-01 2.978309791714413568e-01 -2.219200183283297489e-01 -8.796380143412171893e-02 -4.173207298083076444e-01 -3.345588668343701944e-01 -4.605013308076065237e-01 3.453041595131901564e-01 3.961243480900704661e-01 2.674532762121763496e-01 -3.789179154379576087e-01 -4.367161054349740779e-01 -2.268331075256943274e-01 -4.161684260152210824e-01 -1.154056952183076801e-01 1.040868365678360302e-01 1.446988002522260064e-01 -2.119518779898330596e-01 8.723041027989410223e-02 6.403902061739484841e-01 9.506974717607874492e-02 4.119122085632653807e-01 3.880373095941401784e-01 1.404095937332096589e-01 3.595812290735997396e-01 2.586441198042728762e-01 4.625207008442616674e-02 -1.003499355811134502e-01 -3.740687805002878008e-01 -3.645323139298255466e-01 -4.125139067812914062e-01 -4.621640692896382685e-01 6.427874272556771684e-02 7.650609492715618187e-02 2.609088740737794954e-01 2.798495826893525676e-02 1.793440953484890799e-01 8.137532282185963237e-03 4.605540692607377751e-01 4.883048720633443862e-01 5.032918268773198811e-01 4.619041503598835807e-01 2.510907988130179139e-02 3.425871891413620474e-01 9.203003356603785268e-02 -3.846288979231733962e-01 -4.242859874520292229e-01 -5.182648565375896910e-01 -2.722883613501893563e-01 -4.870592439737547741e-01 4.366963069535425568e-01 -3.774324926408397785e-01 -2.911190874769555847e-01 2.882860343940161774e-01 -4.254546935112140660e-01 -2.750805725291708415e-01 -4.551663475706814732e-01 5.706865572106394335e-01 2.460953794405460471e-01 4.137415368263040460e-01 1.752764963887301908e-01 -4.854671754177015686e-01 2.231990936136265813e-01 2.386303620747287912e-01 3.873820380894717197e-02 2.670208816045024913e-01 -1.698836135292159100e-01 -3.450543325870645273e-01 -3.366349136169871636e-01 -5.018141926686190413e-01 2.067389575892297215e-01 -3.920995778839295731e-01 3.465338509571414538e-01 4.017625033947379576e-01 2.857983746560915361e-01 6.084375948141500512e-01 3.282737797778160216e-01 2.457133529859735765e-01 8.925554087057481489e-03 2.131856812947859406e-02 -3.657453515149828860e-01 -3.976302184002012408e-01 4.219096470764854279e-01 3.566285679722595581e-01
3.105631447678115498e-01 6.537895661308099071e-02 2.236904343872444800e-01 1.288142267513278129e-02 1.336791654138534957e-01 4.940829899295818839e-01 -2.848723363077358406e-01 2.841380435173599395e-01 3.874927656219115391e-01 1.772337452637210709e-01 1.000000000000000000e+00 1.720831909303671137e-01 1.457131786278199337e-01 -2.546280898031501594e-01 -8.021675213055183551e-02 -2.782014416967795983e-03 -2.242749003905769034e-01 1.049985157113798862e-01 -1.419900519590378551e-01 -2.619151341747267825e-01 -1.623333575033566456e-01 2.946256237357251506e-01 -1.840275421338545270e-01 1.359241155967748360e-01 4.886847750518571454e-01 3.730259116602208658e-01 -2.739614856510416696e-01 6.256699459172079814e-02 -1.483073840050145864e-01 -3.316154448219717499e-01 4.741590152405444208e-02 2.694800948711285060e-01 -2.706886458466308265e-01 3.460672305658707426e-01 -2.947685295606184974e-01 2.798547232517971731e-02 1.025991451571494212e-01 -3.457522133647238788e-02 9.243091507282163999e-02 3.384986509534537169e-01 1.536771929461015762e-01 1.956390154294171402e-01 9.456664074055494418e-02 -2.351359086956311961e-01 -6.035087076353666188e-03 -2.861669470191789411e-01 -1.580978565521771462e-01 -1.865791515317813121e-01 4.895344462446839517e-01 2.933261665856945477e-01 -7.613518474985253581e-02 1.178057099965512666e-01 -1.113105886505563191e-01 -1.132578568244199946e-01 -7.949836883268440735e-02 -6.974242609716690966e-02 5.704408603542963224e-02 2.181629416251434084e-01 5.270538736494373433e-01 4.470759205034827710e-01 7.908197344149819896e-01 2.895086323432934372e-01 -2.435604449492957402e-01 -1.088727817482892241e-01 -4.500250989879847618e-01 -7.411310244365727773e-02 2.949115708184798512e-01 2.563835680969374642e-01 2.788333126899391057e-01 -1.341980124759111215e-01 -1.354472867052598228e-01 4.499042445833434378e-02 -2.726565168219155511e-01 -1.567742582628826320e-01 6.426052910598507584e-01 4.499930581267491125e-01 -3.023105209182717634e-01 3.436422134093752856e-02 -5.856782888431150136e-02 1.477687215744607485e-01 -1.675592424217019483e-01 -1.947603490361127232e-01 7.077876458269392358e-03 9.415230591642868851e-02 -1.538103662064812249e-01 -1.401187691560529247e-01 8.464081578097228543e-04 -1.428157783296047680e-02 1.652521819171389739e-01 -2.112175721709644294e-01 -3.485560312551619355e-01 -5.612537133380146592e-02 2.014175692199281914e-02 5.007031919015115795e-01 3.529117322675691115e-01 -3.591526342793810445e-01 -1.517814868766556025e-01 -2.288229108249028032e-01 2.484230420429241193e-01 -1.292867663803524136e-01
-4.093063438129504461e-02 -2.140576634263574862e-01 1.465194271040520524e-01 3.847319755362249571e-02 -6.097021881845366559e-02 8.551367219814573484e-03 4.332801676557508919e-01 2.916665420814509857e-02 -6.832954077086945965e-02 5.498916493556659235e-01 1.720831909303671137e-01 1.000000000000000000e+00 8.808323329732262175e-02 -2.106815931426115340e-01 -3.429301806590285273e-01 -1.689308123691726782e-02 9.137417131190836428e-02 4.129361251569985680e-01 -2.147616503966014168e-02 5.241475209533939805e-02 -2.874574888015301588e-01 -2.920670772772201440e-01 -2.286945185609981779e-01 5.475243776931578710e-01 2.005596485038309840e-01 3.793207926096247573e-01 -1.385047967020297255e-01 -2.818213406111755859e-01 -2.428433234216184622e-01 -1.819409537150398770e-01 -1.746664280920063039e-01 -1.191308873383699861e-02 1.397417456561068361e-01 -2.587799247838596384e-01 2.190273283878089450e-01 5.390087524923556916e-01 -1.158952738774631924e-01 3.007413124791422643e-01 2.320596396376179149e-01 1.681198432329610720e-02 3.616659912585211689e-01 2.477179859488392311e-01 2.810766596522681349e-01 2.713695124804792191e-02 -2.528480684238076925e-01 -1.210129755960588360e-01 -2.834884332780455707e-01 -2.854659447344144452e-01 -1.045197797548483819e-02 -4.384764608023391380e-03 2.187822631493784031e-01 -1.095228083823014537e-01 1.530468616954612227e-01 1.390561480380173298e-01 4.068336918171214234e-01 3.243397513451403147e-01 3.769088410887597163e-01 3.197358000930157762e-01 -1.858938592948952417e-01 3.912125189742170495e-01 1.628119610313302212e-01 -2.938455169299988845e-01 -2.276105190990332372e-01 -3.479269724816070886e-01 -1.512666873720339422e-01 -2.727348236677474835e-01 1.342452169291674380e-01 -4.055589283326402894e-01 -3.670441017154911223e-01 3.714333953716965619e-01 -3.190702273726147564e-01 -1.532895170767694937e-01 -2.257830980558186984e-01 5.248660520847547861e-01 1.333329249104301673e-01 3.690696381746216836e-01 1.974795939090505659e-01 -3.460667258831294779e-01 -8.903833164268044886e-02 1.004070623347933094e-01 -1.299148975040610998e-01 1.730252369791606959e-01 -2.214909551072380411e-01 -3.189294667015452056e-01 -1.720647005794191664e-01 -4.135101600992746040e-01 8.304441063452139282e-02 -1.879421283871398896e-01 2.668480523704578333e-01 4.842289944735870821e-01 2.742752001918849492e-01 5.332265170985527325e-01 4.437054510206768776e-01 9.832527890523404257e-02 -4.041941667851830372e-02 2.064507071809301708e-01 -1.503772441363074863e-01 -2.130148248179650483e-01 1.888251094594521895e-01 2.558412819556707407e-01
-2.690971702750581951e-01 -3.872688425795012962e-02 -1.666339659036216170e-01 -1.296944964623527041e-01 -1.623586185205080634e-01 -1.425513407289655254e-02 -1.929207745208953717e-01 -2.586094806967947357e-01 -1.625260005228479632e-01 -1.420495436436461090e-01 1.457131786278199337e-01 8.808323329732262175e-02 1.000000000000000000e+00 3.561012548098083652e-01 3.310414710598156285e-01 1.390224290133518399e-02 3.226245820430636568e-01 8.432350554819503796e-02 4.362149727485865602e-01 1.645093189880998674e-01 3.938019807129319871e-01 2.972655496917727125e-01 2.925410742681532339e-01 2.184296683917444915e-01 6.275558552789296807e-02 3.405778766457336348e-01 1.687479832009178837e-01 2.993694190514927245e-01 3.575723798551388444e-01 2.277936736434644782e-01 -1.101652700291773646e-01 -2.179999976745433388e-01 -2.377873603593514129e-01 1.109935144237764182e-01 1.235941115805205825e-01 -2.533751073807938847e-01 -8.006017779958506456e-03 -4.098983765748101527e-01 -4.011419027262648762e-01 -1.209352083207567152e-01 -3.034082134086215077e-01 2.101877424886067214e-02 9.695507371739146840e-02 6.139772521280131151e-02 1.656079368331798696e-01 1.262764962777380151e-01 1.018537821997324566e-01 1.516884400741252137e-01 -1.442236150110718651e-01 -2.274547354179747571e-01 -3.393616094970632879e-01 -1.896352256844159867e-01 -2.431002999169717682e-01 1.007350010406721230e-02 -2.801441443672347820e-01 -2.618605545564556825e-01 -3.120638923862315006e-01 -3.041953517347025238e-01 4.748636594617369755e-02 9.800672710004655619e-02 1.978972423831254213e-01 5.578926309743450496e-01 3.808665580037429721e-01 2.404332111732698785e-01 2.314187007414063302e-01 2.980342789376093093e-01 -2.194009976867372369e-01 2.348319564863764752e-01 5.872584522915662297e-02 8.762536339936899399e-02 4.052927041918309992e-01 3.892454118483468783e-01 2.905102172654915882e-01 -1.827942285832820923e-01 1.106313317350810926e-01 2.554508041550256903e-01 1.418790299908616048e-01 3.086526864007251847e-01 -2.706448252366168150e-01 -1.799247642706700567e-01 1.901485719116640105e-01 -5.503101091670488387e-02 -4.530222052739046879e-02 2.084028414465303458e-01 2.372562179719475139e-01 1.854649680601089257e-01 -3.376629946249978809e-02 2.459360935317318475e-01 -6.939793188561294013e-02 -1.309066483643608614e-01 -2.193104415329608647e-01 -1.957758156044000497e-01 -3.334438834807622043e-01 1.403371517924881517e-01 3.224475012282197461e-01 6.291267130711156001e-03 1.246027062730587914e-01 1.135416748138037418e-01 -2.650630039120795423e-01 -2.159583485927716318e-01
-6.583135490194034212e-01 -3.666383795961504766e-01 -5.831451971321691685e-01 -3.532798914121266232e-01 -5.610341918548188422e-01 -5.463712936234840223e-01 2.561551709362415094e-02 -6.736111047289501386e-01 -6.497270525733968016e-01 -4.459360312937741821e-01 -2.546280898031501594e-01 -2.106815931426115340e-01 3.561012548098083652e-01 1.000000000000000000e+00 8.061899571805545284e-01 -2.796999359796724649e-01 3.994210300785299150e-01 -1.722212404416454887e-02 6.240128468750691937e-01 4.644403699872121094e-01 8.237229207237453110e-01 3.529790314095951342e-01 8.404702717032740411e-01 -6.539636180227247075e-02 -3.488092009674315652e-01 1.303851711310685668e-01 7.420680655968480144e-01 6.136517071472586959e-01 4.966341023457551129e-01 7.950412426409246835e-01 1.054309372621406588e-01 -5.695590008272749527e-01 -4.600178785708513435e-02 3.038133530799478309e-03 2.999407191972624509e-01 -4.626567375047755393e-01 -1.535659168613669190e-01 -5.229864789265701308e-01 -4.488065107090095651e-01 -6.269396052924585128e-01 -3.903159545709664613e-01 3.845128574653866593e-02 2.480060214523439055e-01 3.153266737005726572e-01 4.532536849705692816e-01 6.784214979733617090e-01 5.805971318096381228e-01 7.439897806710877859e-01 -5.970932684425092063e-01 -4.525651828869476367e-01 -3.299942644190803631e-01 -3.638350360611198320e-01 -3.151596953524341549e-01 -9.154622154576148862e-02 -2.813807405836194486e-01 -7.179178646926508145e-02 -5.958800188135824349e-01 -5.686499347241471547e-01 -3.975572651131433211e-01 -2.327055644571038584e-01 -3.387881035559654475e-01 4.521872982512096240e-01 8.414852226145265179e-01 7.733912366057706933e-01 7.269011397276735620e-01 7.726548481699524462e-01 -7.434698413583328280e-01 2.113038645955175043e-01 9.292730191882699053e-02 9.658265619508772659e-02 7.751382197678745589e-01 6.796856185770769887e-01 7.989445191503986576e-01 -1.334002847286406279e-01 -1.750943728242255470e-01 -9.389541850807481271e-02 2.282526337701521191e-01 5.490716277440590432e-01 -1.929206097098573602e-01 -5.831988242507230025e-01 2.968101408684483133e-01 1.400030775070695496e-02 2.379971162007299967e-01 4.607060006667049734e-01 6.585018536878770590e-01 5.902026442145903440e-01 -2.232992216396091079e-01 5.523718958810073243e-01 -2.079402174703456618e-01 -2.105234545725328740e-02 1.923920847980595955e-02 -1.390078718468653329e-01 -4.187121364026707981e-01 1.118580875568374149e-02 2.228801106889681249e-01 2.825586733230788239e-01 5.997447713764388899e-01 6.572145588662622329e-01 -4.317533649459677769e-01 -1.734523785475772240e-01
-5.582607763679322543e-01 -2.843677576228909598e-01 -4.332212457494874491e-01 -4.165087427259331898e-01 -5.043920831979812336e-01 -3.505896677968891595e-01 -1.430411823496467727e-01 -5.008676334883132020e-01 -4.900785918788708728e-01 -5.425366957120326683e-01 -8.021675213055183551e-02 -3.429301806590285273e-01 3.310414710598156285e-01 8.061899571805545284e-01 1.000000000000000000e+00 -2.709150040107165536e-01 1.801811842496007232e-01 -1.734089382890726672e-01 5.247260652361277478e-01 2.915123271119064441e-01 8.379749783530697771e-01 5.922722776721448534e-01 8.377263065357082317e-01 -7.028238015578376630e-02 -1.689314649027938986e-01 1.302312089523057215e-01 6.478082702560845618e-01 7.848913288734091775e-01 4.528738524235793039e-01 7.053465720533738104e-01 1.294869370096261574e-01 -4.852112724186862236e-01 -1.777471025729128185e-01 2.744993579858411858e-01 -2.435351642033407524e-02 -6.394215696048441977e-01 -1.124820304199642129e-01 -5.931884140579058995e-01 -4.801965030032718795e-01 -4.813279347135181463e-01 -4.297844472897957013e-01 -5.313216424522316551e-03 1.007313001339681102e-01 1.056052473862243157e-01 6.322395151691730941e-01 5.567216602072219134e-01 5.325334220638729965e-01 7.885425524286024945e-01 -3.970979370125594654e-01 -3.509238035103950937e-01 -4.034412305141020783e-01 -2.388850343401643095e-01 -3.937931818639017756e-01 -1.867180036360423234e-01 -3.781861747549327690e-01 -1.871293936929410984e-01 -6.539278512161659229e-01 -4.996440942631220072e-01 -7.553718654968333279e-02 -2.648987547979852475e-01 -1.173908143036587887e-01 6.438701293005234527e-01 7.977795499683880687e-01 8.968663966732890458e-01 4.789452051601327809e-01 9.048675382083196661e-01 -6.561387649851124770e-01 4.936001611791162591e-01 4.090486125162658415e-01 -1.175704912245810058e-01 8.011822337929288551e-01 7.032028559186440653e-01 7.886607971201603506e-01 -3.464210211357032221e-01 -2.578664781336262313e-02 -3.079887985603312409e-02 -1.100724944415638479e-01 7.488450418873232595e-01 -3.094675007964158286e-01 -5.496005748718735262e-01 3.221272476530716022e-01 -1.872756336331769245e-01 3.324505999622171526e-01 6.215845327044624558e-01 6.856421439474803536e-01 7.090758795449214613e-01 -3.557559834398262288e-01 7.229769100280389882e-01 -2.005529617357762195e-01 -2.789965494238975108e-01 -1.621731158961400576e-01 -2.677087918354967844e-01 -4.680969978917164931e-01 9.758203171677361232e-02 2.434017374081575424e-01 7.341904392611392841e-03 6.107345338630798537e-01 6.764774242452304964e-01 -4.199178204642515233e-01 -3.194603948615838962e-01
