1.000000000000000000e+00 9.177134977452258702e-02 2.055612546148216646e-01 1.735520500670936078e-02 1.713623779602333752e-01 4.597433519074341501e-01 2.429957261290505988e-01 -1.670439205256210591e-01 1.881152779468350522e-01 1.428165729606195311e-01 -3.889607840917615189e-02 -1.166199515618500382e-01 -1.409441252398267452e-01 -9.238415374442250638e-02 6.477983859624882046e-02 1.543123083155865105e-01 -1.375307952656739108e-01 -1.519446710891537988e-01 -1.315628247832298092e-01 -1.332217064441335030e-01 3.388100373533202425e-03 1.285748914364737983e-01 -2.533847807148840656e-02 -2.507882087062210386e-01 7.290285465485855931e-02 6.452608019065993183e-02 -1.484310768801725029e-02 -1.766398647595020244e-01 -2.308011398646759582e-01 -1.192042102635093234e-02 2.854098926489705979e-01 1.358588970186264955e-01 -1.393563868471922318e-01 -1.430253630475257220e-01 1.656889926668909663e-01 -1.572913507020321511e-01 -2.286554267498809301e-01 -4.920392290142030361e-02 -2.500414985752067443e-01 -2.868568723644970841e-01 -2.828927132992984927e-01 -3.243747290746937240e-01 -2.010618764405096848e-01 -1.106617570436413539e-01 3.916789934917667138e-01 -7.604747905722389345e-02 2.435826295751268578e-02 -3.984879255193315289e-02 2.865393203532585753e-01 7.961225624671625783e-03 4.256451525373989297e-01 1.742541279144787236e-01 -1.157761007863513103e-01 1.539401011437201983e-01 -1.044990259165607394e-01 1.732000108995785381e-01 -3.281363806479722922e-02 1.905006568414517251e-02 -1.558217601849979372e-01 -5.502602794517200829e-02 -2.752645929550969761e-01 -2.418218459203024806e-01 -8.605975517362307592e-02 -5.120358552947661818e-02 -5.009233693164036327e-02 2.112238773301658434e-02 -1.638073229342605353e-01 -1.965912662711697192e-02 6.171298176486658682e-02 -3.206203767979213248e-01 1.313015353248398465e-01 -1.860450427100831527e-01 -5.812240475454154287e-02 -3.552266018612812992e-01 -1.532176992106315527e-01 -2.108135816657814299e-01 -2.419869014279910635e-01 2.191345355943693715e-02 2.190065741231330410e-01 1.651307705192005537e-01 -5.138332194513427903e-02 -1.626586621238728381e-01 3.644123921990654047e-01 -3.853998716569217442e-01 9.046134803243112421e-02 -8.057597800352218204e-03 -3.179719343839376156e-01 -2.729367861829696817e-01 -1.101583567471593472e-01 -4.336447883146743454e-01 1.607080539577971368e-01 2.009152657826097088e-01 3.213913059210642964e-01 2.123895474174334885e-01 -3.861085050136544017e-01 1.958188342001065119e-01 8.232543949099598024e-02 -3.410529713155954767e-02 -9.838935121033284825e-02 -4.617538977369248926e-02
9.177134977452258702e-02 1.000000000000000000e+00 5.197630815242454405e-01 2.946154240574435090e-01 6.030492227169291786e-01 1.999257637975695168e-01 2.383932209484058706e-01 4.545635989057972837e-01 3.404469411024437786e-01 -1.842246233730630012e-01 8.109193605370229596e-02 2.053438950683863784e-01 -1.694329160451038263e-01 -4.038040218571319895e-01 -2.056759591815092159e-01 5.144363040049133584e-01 -2.170289876688657194e-01 1.476866958581870837e-01 -2.135334688138365022e-01 2.616207549876493899e-02 -1.466483159939391545e-01 -2.138806271771906131e-01 -3.488320102148853574e-01 8.781726491629590625e-02 1.057168319943584817e-01 2.065067063978226480e-01 -3.803551455488257682e-01 -2.111180150683808210e-01 -6.040861545813186462e-02 -1.688756805386718296e-01 -1.914413311654445116e-01 -2.770639515933044361e-01 -2.378797381195718041e-01 6.197066787240144287e-02 -7.436038193004433638e-02 3.303223132172405374e-01 -6.011692386130643162e-02 -3.773975304696489119e-03 2.782959100513075074e-02 1.808939427393313759e-01 -8.298351550220389727e-02 -1.729875945338623100e-01 -1.023792578318022048e-02 -2.571181585530651348e-01 -1.054368942795567560e-01 -3.632029364066171051e-01 -2.786568205307188295e-01 -3.390176407975603601e-01 1.889862501434757813e-01 1.304108987884065873e-01 4.317211740538361986e-01 6.754334029469200029e-01 3.766887919449074529e-01 3.613895879300878522e-01 5.802869213275370086e-01 3.285974212904203551e-01 4.329535472679751362e-01 4.755513012013404817e-01 -4.603337860264872933e-02 3.405715073425188283e-02 1.087671676516082098e-01 -3.345860466016960522e-01 -3.254609597308965596e-01 -4.430379389582906891e-01 -2.591303470127227504e-01 -2.628064283015030811e-01 1.392886409488687527e-01 -2.135990284557909014e-01 3.984289590155140615e-02 1.161355434140924278e-02 -1.809378597803280309e-01 -1.990806951286316906e-01 -2.839794423640265020e-01 2.069599475197523852e-01 -2.437633353640612267e-03 1.099638086162494643e-01 -1.589330367924051968e-01 -1.634744790164560646e-01 -2.572547016035283129e-01 -3.491652366568451238e-01 -2.632786585932733181e-01 -4.066547066172297720e-02 -2.297278875559296829e-01 -1.846629149178475315e-01 -2.771562085919926366e-01 -3.650688313621526793e-01 -2.752379776841221842e-02 -2.998913264272400347e-01 3.257949045988338677e-01 1.430141809251676832e-02 -7.489765697326469795e-02 3.598792227371894886e-02 1.751490974842893900e-01 -2.869499488549813807e-02 1.862113857966756769e-01 -2.494402480386909426e-01 -2.947265132385806230e-01 -3.538940914372593616e-01 2.429871363929625994e-01 7.389304953434180923e-02
2.055612546148216646e-01 5.197630815242454405e-01 1.000000000000000000e+00 -1.415623508984414358e-01 3.653830659532090741e-01 3.910893236424858865e-01 4.719701844149875036e-01 4.108901082267392146e-01 4.999679228522139196e-01 -1.750694536854997541e-01 -1.647140708253139185e-02 2.118143820355050111e-01 -8.467831486436597221e-02 -3.201011933404546150e-01 -1.788095129193231492e-01 6.017557686610873757e-01 -1.751116958867049711e-01 1.985460010513491469e-01 -7.799739133478611475e-02 1.152896748912459052e-01 -2.584852922693907373e-02 -1.365677394506981390e-01 -2.631796901849198789e-01 5.153695748590639281e-02 -9.754303977013079052e-02 2.267327317943583498e-01 -3.124764568368133544e-01 -1.362258859302748204e-01 1.195131719448472435e-01 -1.097523842286757950e-01 1.107852455451531770e-01 -4.374619166326728092e-01 -5.130018683526961221e-01 1.412886541854706801e-01 1.275470140253515995e-02 3.833826242014218844e-01 5.275012084044034683e-03 -9.023474584671767329e-02 -9.689524271864122240e-02 3.142118344232817106e-01 1.182983433498461558e-02 -3.981662855543999235e-01 2.911601196051213578e-02 -2.882878049795947750e-01 -1.552973971782797002e-01 -3.289565106203729550e-01 -2.935138254601811769e-01 -2.561573800660245093e-01 3.226877106325325428e-01 3.254211176946863460e-01 3.101893704547915021e-01 7.373185202142374939e-01 1.865835163098498450e-01 4.383209589300928744e-01 5.550062973465311744e-01 5.554773477778649493e-01 3.999316879390495405e-01 5.476916139558066776e-01 -7.821021666646640891e-02 3.111892250506886198e-02 1.153477860901647722e-01 -3.847733364102867148e-01 -3.392012516318271831e-01 -4.315887177857031798e-01 -2.071387464834536785e-01 -2.072404977600227904e-01 1.309366109929442079e-01 -1.303716816584582772e-01 4.257416067073646615e-02 -7.085679106474014610e-02 -7.369892681655949851e-02 -2.130625979029639738e-01 -2.315574650054130768e-01 8.838430483712512997e-02 -2.576522502219424568e-02 2.701932279475184259e-02 -8.930874075718517324e-02 -9.292935615761439838e-02 -3.259784488122258878e-02 -3.978999569907147871e-01 -3.251532026044791635e-01 9.143788568436874526e-04 -1.963395636982216974e-01 -2.861397575405433269e-01 -3.331929787015408539e-01 -4.744847785838949283e-01 -8.591017049891671795e-03 -1.989090744281999112e-01 3.622681684124870460e-01 1.596020714607931240e-02 8.590909860264450693e-02 3.405844639670793095e-01 4.701523629109349289e-01 1.547514679016321337e-01 1.338439859104117169e-01 -1.272590721154674420e-01 -2.876244516225436310e-01 -3.109573257390216838e-01 3.598173879067579350e-01 1.716904397967559115e-01
1.735520500670936078e-02 2.946154240574435090e-01 -1.415623508984414358e-01 1.000000000000000000e+00 3.915420712747191279e-01 -2.258286447977656541e-01 -2.399608786976979435e-01 2.346319970170839819e-01 -1.160205864143756538e-01 -1.485048148359756903e-01 -2.066171225015185631e-01 -2.573149165108361558e-01 -2.309562140784482687e-01 -7.748890073554207114e-02 1.781894298807828103e-03 -3.420111701277572108e-02 -2.172890591075950784e-01 -1.003785745772278193e-01 -1.883148430781453886e-01 -1.384739253762408417e-01 -2.949508534896428391e-01 -1.866277636988054045e-01 -8.586294551533608932e-02 -1.137409644484817933e-01 2.047924033039371511e-02 -2.135558460041915296e-01 -8.515214843891363850e-02 -2.012538114314544602e-01 -2.360809716709899864e-01 -6.874035902235950402e-02 -9.801134884814911852e-02 3.696249834765727993e-01 2.916152146749463325e-01 -2.917189876574444174e-01 -1.520298204076859783e-01 -5.334815410843436051e-02 -1.765238021325631623e-01 1.064359728711961467e-01 8.148983181893849903e-02 -1.657020834924388120e-01 -3.133048583531677922e-01 1.395341278220950665e-01 -1.595944637286990375e-01 -6.875313059322550602e-02 5.049307028043048540e-02 -5.383595007144843791e-02 -2.533464585910322198e-02 -8.521169762865306307e-02 -3.352883284430827615e-01 -3.311604286940628139e-01 1.551486964389607592e-01 -4.970545137831921395e-02 2.158963577430259850e-01 1.307765585885120596e-01 1.496891574427208493e-01 -2.973612097493012474e-01 2.424944181791852948e-01 8.033761730721528105e-02 -1.218509478344750735e-01 -2.268977165267464791e-01 -2.056960056670277537e-01 -2.624868486300271572e-02 7.184641386824926201e-02 1.100695499523791365e-01 -1.025305155084874596e-02 2.093833701832269190e-02 -2.154315645189968098e-01 4.688009351865564389e-02 8.271804723207634713e-02 5.874875314080851146e-02 7.846869739266675026e-03 -9.619690080381802788e-02 -2.882496441989402039e-02 2.562133954330067173e-02 -1.651114632285496098e-01 -1.654945514148910835e-01 -1.237343963544242365e-01 -3.888114755889356122e-02 -9.218865994332441083e-02 3.167719169252796174e-01 3.151503133170096421e-02 -1.742990890692248385e-01 1.307982301745075349e-02 5.575809843734013532e-02 1.793320712415285567e-01 1.598806362924981850e-01 -1.824261535217035490e-01 -1.769715429275458829e-01 9.245155800107306490e-03 -1.339481756500472409e-01 -4.527480660771539267e-02 -2.616066982507880279e-01 -4.303366422785034340e-01 -2.406397747008593990e-01 -1.804514076690918456e-01 -5.672164615503631074e-02 5.494230693995458270e-02 2.426954861771524034e-04 -2.903547677809747429e-01 -2.513834823687534081e-01
1.713623779602333752e-01 6.030492227169291786e-01 3.653830659532090741e-01 3.915420712747191279e-01 1.000000000000000000e+00 -3.365655909099087711e-02 7.627525605746894588e-02 3.950166656033414214e-01 1.115806553664941692e-01 -4.087680355097161322e-01 -1.558553350249743119e-01 7.119526845310904109e-04 -3.040137093093774889e-01 -3.666351139949576843e-01 -2.753156347062833409e-01 2.132051779290581039e-01 -3.365948770086778508e-01 5.055099740645867951e-02 -2.963856747701664740e-01 -1.330541160231162867e-01 -2.474951665125644795e-01 -2.864216181462107547e-01 -3.368045492939273355e-01 -1.281528080080171217e-01 3.878989382258781621e-02 -4.878661848552023894e-02 -4.154411351276224296e-01 -2.598669141921646775e-01 -2.032583091054286084e-01 -2.434221247338562710e-01 -1.959830625245076452e-01 -7.582967003756982405e-02 -3.006375216749479842e-02 1.902759635303214597e-02 -1.274757697786888244e-01 2.510035146456013888e-01 -1.473408938108230759e-01 1.202833904496230372e-01 2.019341419557492412e-01 5.309274122101866750e-02 -1.117714371030654186e-01 -5.989069053174110591e-02 -1.349912937475373220e-01 -1.591117955605137746e-01 -2.670458282207235912e-01 -3.506671197141822960e-01 -1.793835403913890403e-01 -2.731830599709744178e-01 -3.820588899338745598e-02 -3.965656473910975782e-02 4.076455072480341113e-01 4.716272223816853071e-01 4.613745731008899731e-01 2.551370183692534543e-01 5.101277803621908635e-01 1.337871882711860194e-01 3.706857318440738847e-01 3.320749901192991960e-01 -1.663721957709553556e-01 -1.655788744130636259e-01 -1.636946469734071666e-02 -3.112291961782512884e-01 -3.027812677074879777e-01 -3.309574342275174441e-01 -2.448738081454035487e-01 -3.055311943842256017e-01 9.196275998180158950e-02 -2.478581026043454871e-01 -2.677276098625654480e-02 8.647356978056493226e-02 -2.577581969005739992e-01 -3.115894850190574217e-01 -3.259551305638361818e-01 -7.924980682620214566e-04 -1.897278766661771865e-01 -8.673635764177572982e-02 -2.218115778241196434e-01 -2.534262967394493860e-01 -2.608472508972971560e-01 -1.717940557029143389e-01 -2.777714271891822406e-01 -8.048155307695993577e-02 -2.932973708971306492e-01 -1.350798363353343801e-01 -2.369311862169339034e-01 -2.435137806415996475e-01 -1.940718171620202381e-01 -3.362945865841674986e-01 1.699414597705004304e-01 -1.106819722505968245e-01 1.369436055663521834e-01 -8.496930506120145554e-02 -3.450548753963603860e-02 -1.432623853235461264e-01 4.067411622255983489e-02 -2.393728022458915250e-01 -2.911210208989787884e-01 -3.384459510278692851e-01 1.904560074221450794e-02 -5.088012999524166302e-02
4.597433519074341501e-01 1.999257637975695168e-01 3.910893236424858865e-01 -2.258286447977656541e-01 -3.365655909099087711e-02 1.000000000000000000e+00 5.171913446040796725e-01 7.046073456933930890e-02 6.447302634647829045e-01 3.376586312092160203e-01 2.979814112755264643e-01 2.326772744612133348e-01 -2.914612067655856370e-02 -2.572224993964327688e-01 1.591943414013297087e-01 3.561075026462280357e-01 -1.391278898476834280e-01 7.149960709946123760e-02 -7.574430086366601422e-02 -1.253606710980457875e-03 4.718206972182581449e-02 2.631683571721880610e-01 -8.932322459734802489e-02 -4.678334873433886293e-02 1.245156989380378082e-01 4.556013887161038944e-01 -1.826467753908895056e-02 1.714578139119452525e-03 -1.615459150625957740e-01 1.364487076022015133e-01 3.029913482360149235e-01 -3.278360720353456492e-01 -4.686002577833773830e-01 -3.062925901918729654e-02 3.367877927297271978e-01 -4.762655413648289593e-02 -8.486954850681499574e-02 -3.358862856876705938e-01 -5.527001787373343467e-01 -1.651859576968371934e-01 -1.505173550904921054e-01 -5.027131821675628887e-01 -8.304566843966042222e-02 -2.803109118050479687e-01 4.614106167098084299e-01 -1.467150544628661735e-01 -6.141760654180279666e-02 -4.894749325932647166e-02 7.145509369728900717e-01 3.383751204327977713e-01 3.479742886810560654e-01 3.958872639546159866e-01 -1.300673468472826333e-01 3.599837199782373598e-01 1.048991226808268923e-01 5.469226343707623839e-01 2.505669996209615169e-01 3.593236467500155462e-01 6.694156863495333287e-02 3.074492320725719652e-01 -3.240542473447965283e-02 -3.597703804402022087e-01 -1.514619668072363368e-01 -2.851147517282480726e-01 -2.196609627554123867e-01 -2.854181420697364177e-02 4.464093630300410703e-02 -2.739661219620681543e-02 2.082334539496364934e-01 -4.155025382938148937e-01 1.584744091042233349e-01 -9.216963876005412892e-02 -1.406840850188813274e-01 -1.389921277873380212e-01 7.705734773600884935e-02 1.028299404387909427e-01 -2.117433019673138628e-01 1.366021942214731555e-01 1.688381542763243426e-01 -2.237199062300629093e-01 -2.360260443617007500e-02 -4.330806784151048500e-02 2.598694655985706037e-01 -5.129030085352572765e-01 3.563855297070961381e-02 -2.305623924840248251e-01 -1.317910194743338592e-01 -1.810000284113950086e-01 7.761360973737249647e-02 -2.360593792610232999e-01 2.717729754874443834e-02 3.603411882967663127e-01 6.980184688272579319e-01 4.064614849451355094e-01 -1.171350341215112167e-01 1.311205014918321865e-01 1.123441700292837908e-01 -1.311852327423272957e-01 3.895959320027336803e-01 1.951436917388621184e-01
2.429957261290505988e-01 2.383932209484058706e-01 4.719701844149875036e-01 -2.399608786976979435e-01 7.627525605746894588e-02 5.171913446040796725e-01 1.000000000000000000e+00 3.162267035601466492e-01 5.087904200461704773e-01 1.142812043842858089e-01 4.772259129111601494e-02 1.185970738956181325e-01 -9.031858360218657233e-02 -1.697173076787970025e-01 -6.887762729208767032e-02 3.607569809477469969e-01 -5.705207254936957295e-02 2.527684795387826755e-01 -1.874178155340581672e-02 1.362097627899661878e-01 1.043696766921087815e-01 -3.018117693111657326e-02 -6.976428779288809667e-02 3.983762597735298477e-02 5.388162465359946918e-03 1.275110581964481182e-01 -1.087626801853043002e-01 -8.459782687939489121e-02 1.105276450406458555e-01 -5.773048195627589890e-02 1.456644989271948798e-01 -4.086767340260278880e-01 -3.931848512130716733e-01 3.105380654841256582e-01 9.918446028921906743e-02 3.422339144595454297e-01 1.752632986448120558e-02 -1.587302241805853831e-01 -2.356297889764925324e-01 2.656352433157334603e-01 2.487625889187599360e-01 -3.406630215408413820e-01 -3.972060188408743815e-03 -8.561221606300847831e-02 1.323886162719838944e-01 -7.169458988369958874e-02 -2.001130531157811060e-02 4.390807986063213764e-02 5.393344945118349054e-01 4.774309857234135257e-01 2.269621427866154728e-01 3.634410074408981894e-01 -9.033548385068980446e-02 2.774447951616043628e-01 2.631636141341983093e-01 4.631544251510998911e-01 2.993414211057522367e-01 3.609498083086066234e-01 4.068911742641630885e-02 1.079474972996055382e-01 -2.040743536917519196e-02 -2.975809504121592619e-01 -1.878372451876793858e-01 -2.736046749640512199e-01 -1.584266386024836548e-01 -9.265363913705239318e-02 3.947189858529571160e-01 -7.127023579406473186e-02 6.413599810360391500e-03 -6.045235518840216121e-02 3.396997617323713886e-02 -1.576455026550148408e-01 -1.111971690250166400e-01 -1.968520934920507323e-02 -8.679357846412744104e-02 -8.508100193892810872e-03 -3.462564858044456934e-02 -7.076851474868496583e-02 4.751119471796141913e-02 -3.531095676297850705e-01 -2.513693544430474214e-01 9.013243463242831544e-02 6.727685321588286471e-02 -2.744513879871917639e-01 -2.371430558641143271e-01 -2.310067096366557049e-01 8.131579602611120616e-02 -6.187756260140231390e-02 3.295843277168888363e-01 -1.440539545827608818e-03 1.222775357521397981e-02 1.854930741353917334e-01 4.691192022779035464e-01 3.044022773399753801e-01 -2.385509477183061708e-02 9.984073447908470289e-02 -3.115975558155079442e-02 -5.368241947131051350e-02 4.087189879454747876e-01 3.752347786344691905e-01
-1.670439205256210591e-01 4.545635989057972837e-01 4.108901082267392146e-01 2.346319970170839819e-01 3.950166656033414214e-01 7.046073456933930890e-02 3.162267035601466492e-01 1.000000000000000000e+00 3.401798743802815217e-01 -1.388046774995243537e-01 3.491392439248864471e-02 1.748187706847177947e-01 -1.220925946627930553e-01 -2.004049333085792528e-01 -1.732853413175761415e-01 3.310204655823920095e-01 -1.091275857186977533e-01 4.263451715239937601e-01 -8.562126831132242655e-02 1.257037899173447659e-01 -1.336277420625328338e-01 -2.251108548038525670e-01 -1.892541205528566195e-01 2.220734349445909195e-01 5.283018404685030367e-02 8.264926999657835893e-02 -2.630725464181882245e-01 -3.692428215203971686e-02 2.000868022131424562e-01 -1.703580676359509882e-01 -1.454264830689110943e-01 -3.134784358150193850e-01 -2.090731354286370081e-01 2.115577236160376406e-01 -1.251549629861403445e-01 4.449971634524119146e-01 1.404532320753540398e-01 1.067904775635763748e-01 1.304627845989438928e-01 2.934708788406146240e-01 2.138231126361022638e-01 -3.554900793584468699e-02 1.042874596458701619e-01 -4.313159636754802795e-02 -2.863131580836907331e-01 -2.624401962742751726e-01 -2.325284691971591655e-01 -1.214889905983014828e-01 1.216984239789463962e-01 9.149201182372072860e-02 9.512935942368877518e-02 4.150176069917249633e-01 3.264225590393353138e-01 1.557113199912965595e-01 6.476722645962098568e-01 2.911714762072922236e-01 6.675265742949940684e-01 5.817647981941265201e-01 1.565855479890768398e-01 5.870785370567399575e-02 1.675469213491687370e-01 -1.637939214715206648e-01 -1.797410784835578312e-01 -2.723267466424995065e-01 -2.318848609008692940e-01 -1.610427856253462131e-01 2.608703362297072892e-01 -9.410866298369140182e-02 1.101855804205596062e-02 2.476897009818408157e-01 -1.513143452336230543e-01 -1.424394009204521250e-01 -1.697823915458295252e-01 3.203780967609642372e-01 -7.695758965356571182e-03 2.140987255835650749e-01 9.353117943069970408e-02 -1.442289413541050502e-01 -2.673422744857097966e-01 -3.460046223699201340e-01 -2.442160518150146287e-01 3.832035797326068666e-02 -3.272474211524016852e-01 7.426505951104818426e-02 -3.731835543901215191e-01 -3.566942593857740929e-01 2.469163723896639628e-01 -3.533386409891765400e-03 3.631609474955619921e-01 2.352136028496193965e-01 -5.415745644657595642e-02 5.601930399398884208e-02 -5.164075417038492891e-03 7.014170010156182966e-02 2.829063599177643606e-01 -1.627237671326629553e-01 -3.166061987506404440e-01 -1.903947063842742760e-01 3.410516113677538597e-01 1.186088250576542991e-01
1.881152779468350522e-01 3.404469411024437786e-01 4.999679228522139196e-01 -1.160205864143756538e-01 1.115806553664941692e-01 6.447302634647829045e-01 5.087904200461704773e-01 3.401798743802815217e-01 1.000000000000000000e+00 4.327791441852715804e-02 2.000438503490843956e-01 2.624149351489556969e-01 -1.247924201363892621e-01 -3.468760583969077160e-01 2.227281860506892530e-02 4.581462403129867855e-01 -2.255388898339500403e-01 2.954863960173538251e-01 -1.057045118880179102e-01 8.765973715651030618e-02 -4.645373264885976211e-02 1.250148126396830595e-01 -1.715860243445664346e-01 1.990831260297026145e-02 -1.411612655284566198e-01 4.064204180242925180e-01 -1.630128721077993281e-01 -1.698983359651362254e-02 -8.894457654053967988e-02 1.241982845881870884e-01 2.542417751021134320e-01 -4.363389968220605653e-01 -4.881636547097549239e-01 1.435316601868411868e-01 2.747968503887708303e-01 2.952400631458066416e-01 -4.239050769683301752e-03 -4.342542401436294552e-01 -5.292908586628779499e-01 1.158670405581880896e-03 1.287009473057306418e-02 -5.762202496327009094e-01 -1.223934977902991911e-01 -3.219607838856062831e-01 2.619487495455903869e-01 -2.215242410596369727e-01 -1.026099484292206099e-01 -4.353642401596571898e-02 6.238721651433580817e-01 5.566984559840313374e-01 2.400112187166806577e-01 4.946737116727132344e-01 -5.852523501643108056e-02 4.721774916420063417e-01 2.750573173098349589e-01 4.659246943544389508e-01 3.684254990394875140e-01 6.444799783954457961e-01 -4.383685853715624942e-02 2.692654871066847977e-01 2.079199811979486057e-02 -4.198377232067651565e-01 -1.685641586846731710e-01 -3.389596867401821201e-01 -2.218372199353225716e-01 -1.154913099811309268e-01 1.590313283177179349e-01 -2.420544825809300277e-02 2.940527835491529851e-01 -2.460524529090414303e-01 3.423369437227512246e-02 -1.512897000890923160e-01 -1.830296955268729264e-01 -8.477580044472120269e-02 1.317875906055362423e-01 6.998141809890140452e-02 -1.694381475388394842e-01 6.960862603274887983e-02 1.047618547990295801e-01 -2.559302200342271627e-01 -9.635235731588145947e-02 1.508935697668650211e-01 1.343254513134162220e-01 -5.120324906585658198e-01 -3.689555215632647767e-02 -2.531291657955848096e-01 -2.765020909179932360e-02 -2.072884209617635309e-01 4.247844894457488141e-01 -1.160570939014309577e-01 1.850409756872440151e-02 2.421087688357630996e-01 5.022013096824414768e-01 3.022154456074148121e-01 -2.155346717989292324e-02 5.520091446219936582e-02 5.937939435116672271e-02 -2.202875745728600787e-01 5.522327226838127379e-01 3.176631338289555018e-01
1.428165729606195311e-01 -1.842246233730630012e-01 -1.750694536854997541e-01 -1.485048148359756903e-01 -4.087680355097161322e-01 3.376586312092160203e-01 1.142812043842858089e-01 -1.388046774995243537e-01 4.327791441852715804e-02 1.000000000000000000e+00 3.570172274769262133e-01 2.687278458435037876e-01 4.022474303286067698e-01 1.424813534323525754e-01 3.304827082601483057e-01 -7.056501516582530664e-02 3.598804173848493271e-01 -1.541923889193364539e-01 2.571394591770500004e-01 4.125243218411717844e-02 2.418688164580134470e-01 4.292683320088500065e-01 1.039437335765222847e-01 2.788538527457253835e-01 4.359111849082403789e-01 3.537170776832621599e-01 2.797555849840249187e-01 2.759958148735759398e-01 1.527275212444973995e-01 2.348701380289154594e-01 1.957913801096134582e-02 -5.629696100328959729e-02 -1.526394157691089160e-01 -6.378899242838848016e-02 3.698542275899740495e-01 -3.711739866547477118e-01 1.222245324854657894e-01 7.191087553861936869e-03 -1.415354990368209442e-01 -5.437790111156814293e-02 5.619097581312591360e-04 3.745733804489406044e-02 2.151721523525110813e-01 2.173220779827395727e-02 4.675641406519129295e-01 1.434213831441364939e-01 1.129921109796545170e-01 9.803968370326741899e-02 1.688422141974295632e-01 -4.766372672548963713e-02 -7.377932709661948196e-02 -1.914161811858438589e-01 -3.429109348993120143e-01 -1.204277458095487363e-01 -2.271861094567438621e-01 2.233669590197762123e-01 -1.407194040472908303e-01 -9.551050168236698001e-02 5.635816245038575145e-01 3.086373204794684577e-01 4.101167904841346301e-02 1.690919996148671223e-01 1.885019429109923428e-01 7.392555394982264216e-02 -1.611263190273349091e-02 2.008990103365147217e-01 -2.136278816340319089e-02 1.938685653670676190e-01 7.658932918877381368e-02 -3.310689460572445175e-01 1.371271056205007055e-01 2.830932644610223980e-01 8.524026696395350933e-02 1.846768488480150239e-01 2.415138012778307031e-01 3.482894775389442921e-01 1.273022193230357313e-01 2.989142824960189238e-01 -5.993212993345616198e-03 -1.638152692053239656e-01 1.286787645406413105e-01 -6.114447933477121233e-02 3.164206338051522849e-01 4.167205024220806825e-02 1.995553518401134985e-01 -2.831267261296782634e-02 1.657723879384314924e-01 2.609931551808953865e-01 -2.671423455463820540e-01 -5.444803903098421188e-02 -2.587093668429512605e-01 2.015206148726255697e-01 2.634585551844341733e-01 3.072292154943815357e-01 2.533235741731699325e-02 1.096931785123517328e-01 1.895296640779529918e-01 5.673040116070090372e-02 1.295946467012262238e-01 -5.987740733528551518e-02
-3.889607840917615189e-02 8.109193605370229596e-02 -1.647140708253139185e-02 -2.066171225015185631e-01 -1.558553350249743119e-01 2.979814112755264643e-01 4.772259129111601494e-02 3.491392439248864471e-02 2.000438503490843956e-01 3.570172274769262133e-01 1.000000000000000000e+00 6.440107361232241256e-01 1.777674982244143442e-01 -3.229369190174405380e-01 -4.136753891921405440e-02 6.540093642620452286e-02 -2.968902710343542060e-03 -3.954983544014207403e-02 -9.194639546096863847e-02 -2.243475669288317320e-01 -1.561024596092026595e-01 2.763257883632396217e-01 -3.276958216407509505e-01 3.491734944407409724e-01 3.809006627494620489e-01 6.837264430845675367e-01 -3.758654067792073505e-02 1.598570720658835376e-01 -1.163088976858455414e-01 -6.235293214343735207e-02 -3.751465237060742919e-02 -2.392335980584259503e-01 -1.470075454295754480e-01 -1.091837077787854715e-01 2.256644706376279563e-01 -2.202997760105331604e-01 2.629047818292601923e-01 3.666813314365825055e-02 -6.979441425398387466e-02 1.812024431642788799e-02 8.165750419593474640e-02 3.337148360997966440e-02 3.880368706949726132e-01 7.498453498798793304e-02 1.216612594411991682e-01 -2.027669299539370529e-01 -3.162779059361431333e-01 -3.471152492710620763e-01 3.624997482993740361e-01 8.207119607723224741e-02 7.876625413270915699e-02 9.227851043670687314e-02 5.618232684680511853e-03 -1.412116976465946916e-01 5.055560740664805791e-02 1.847883298668970831e-01 8.857440246540497497e-02 6.531703599671430382e-02 4.606605027248050210e-01 7.547484388583348691e-01 5.123213884481613301e-01 3.417318659004597164e-02 -2.415096440151168478e-01 -4.204564846442849779e-01 -4.483674662923051724e-01 -1.878319469377400519e-01 1.008707299212827646e-01 -1.678904979328307567e-01 1.041231822518469755e-02 -3.025154428270666052e-01 -2.454121539340805291e-01 1.080262933587926855e-01 -3.592712811572455478e-01 2.504368813385769998e-01 3.927331697482165374e-01 6.680534593670401922e-01 -1.926828315481533827e-01 -3.489809794599376541e-02 -7.200579308561183556e-02 -2.746827464441086164e-01 1.561314071986006635e-01 -4.139749415989713022e-02 -4.949745021649445270e-02 -1.252610157713627270e-01 -8.911633921442722872e-02 -3.107025336991783848e-01 1.249646456148073015e-01 -7.402979953156474391e-02 -2.514536933722853473e-01 1.620456321389471266e-01 -2.084786533521659213e-01 2.348025412721267968e-01 3.158712512570680531e-01 3.731959413216094368e-01 4.648270754430932628e-01 -2.444850951070436443e-02 -1.972648570214909358e-01 -3.629999218110973036e-01 4.025900387921726442e-01 -6.122375697759261520e-02
-1.166199515618500382e-01 2.053438950683863784e-01 2.118143820355050111e-01 -2.573149165108361558e-01 7.119526845310904109e-04 2.326772744612133348e-01 1.185970738956181325e-01 1.748187706847177947e-01 2.624149351489556969e-01 2.687278458435037876e-01 6.440107361232241256e-01 1.000000000000000000e+00 1.955917455165246677e-01 -3.542628919491196404e-01 -2.158925109461379277e-01 2.340086215014554605e-01 3.191371760176206496e-02 -7.856432601147480752e-03 -1.191537366337091369e-01 -1.400433553103209994e-01 -1.489243284903260800e-01 1.253413333188861667e-01 -3.523916583924119328e-01 4.455925241252781666e-01 3.695301274034904493e-01 7.281773684317477402e-01 -2.210081088614688771e-01 2.177833158555745607e-01 5.960474408605137032e-03 -8.949143609373978736e-02 -9.735115974477823869e-03 -3.482392990966205470e-01 -2.545197422688831868e-01 1.484221863923123989e-02 2.310872824795728586e-01 -1.981218150505822603e-02 2.315964813910559306e-01 8.662106780874613554e-02 3.376161812621136099e-02 2.336355427882013946e-01 1.245233651760732224e-01 -1.523200350814284398e-01 2.762462299008019428e-01 -1.217203871845534413e-01 -1.171152004407424868e-01 -3.263351116439910937e-01 -3.299268751779916853e-01 -3.348406102154913855e-01 3.048840713923013923e-01 1.782728042802760871e-01 9.657858404049460277e-02 2.716666379684068988e-01 9.861702238087489969e-02 -3.366143991318983064e-02 1.674191138097602949e-01 3.761169940694616409e-01 9.328317980969082213e-02 2.491131691202866927e-01 4.818602255728951511e-01 5.698132354179107351e-01 4.417879056840476881e-01 -1.194718561162603082e-01 -2.769891970899888700e-01 -4.666134057284356818e-01 -4.182031128095528016e-01 -3.308372995105332004e-01 1.760181239152200094e-01 -2.048540829226618842e-01 3.217824505668219481e-02 -2.734655637616367763e-01 -4.003599638293844354e-01 -3.192163118180891407e-02 -3.889926639149400844e-01 3.433859733715453055e-01 4.054590169366604768e-01 6.804954084988158458e-01 -1.033852922081100884e-01 -8.399792585060013306e-02 -2.528921587976265539e-01 -4.246422611495948019e-01 -6.737839993932703830e-02 7.520453641741807471e-02 -2.329185746862839912e-01 -1.105816061058880612e-01 -2.118267390841494235e-01 -4.565836888201087462e-01 2.134993018243029894e-01 -3.555955566247333971e-02 -5.704035436619777494e-02 1.376651304679585575e-01 -4.358120798040674565e-02 3.431367043655087490e-01 4.386245687601798560e-01 3.368360259041096039e-01 5.276150824809060502e-01 -2.743334116209458218e-01 -2.748366124626638318e-01 -4.405343082404445942e-01 6.792899608327924721e-01 5.622821192659085282e-02
-1.409441252398267452e-01 -1.694329160451038263e-01 -8.467831486436597221e-02 -2.309562140784482687e-01 -3.040137093093774889e-01 -2.914612067655856370e-02 -9.031858360218657233e-02 -1.220925946627930553e-01 -1.247924201363892621e-01 4.022474303286067698e-01 1.777674982244143442e-01 1.955917455165246677e-01 1.000000000000000000e+00 4.666929829997935597e-01 2.996382675546804819e-01 -1.218114875455868079e-01 6.775878708245786086e-01 1.703551365624978164e-01 6.157611480355101863e-01 3.467949022758707867e-01 4.792133555736915462e-01 4.759588609964002792e-01 3.098860158310540180e-01 3.467962816455960606e-01 9.734207356053264926e-02 1.840531010637389275e-01 4.570477437775466445e-01 5.571161016383491260e-01 4.345014023716646245e-01 3.455662777594972757e-01 -2.061008518844468507e-01 -1.875627634037524694e-01 -1.514415767997347173e-01 1.820662712422121132e-01 3.476239722020603717e-01 -1.497756803014292371e-01 2.310777626844338073e-01 -4.273739118460668368e-02 3.477834498935369889e-02 9.183634769019261013e-02 1.452809255985601511e-01 1.415050833866496049e-01 3.398844094066755250e-01 -2.617064931869133790e-02 8.723125754445203162e-02 3.844279216740318361e-01 2.989322947401734099e-01 2.765217064370018574e-01 -5.247189887253415896e-02 1.129542289279592271e-01 -3.031090387043275380e-01 -5.955748930402113978e-02 -2.874967403838995517e-01 -9.945751632388763475e-02 -9.725160259969724275e-02 8.040604374374860086e-02 -1.926976713210470649e-01 -9.698803781024815940e-02 3.095689711837295577e-01 1.909192128821544099e-01 2.640521654089506565e-01 4.927035458424314784e-01 4.439618586914157450e-01 2.519378757168800331e-01 3.255401076055001730e-01 2.035324397725737089e-01 -1.419180685981336065e-01 4.225152750649901479e-01 8.977730055441833501e-02 3.359843137368993815e-02 2.358748328881215828e-01 6.418428678005579924e-01 3.437087264219447769e-01 2.620020358989815223e-01 3.565048054867953620e-01 2.975743902252926953e-01 4.436944038099254195e-01 4.424769647365339731e-01 -2.013263191201561941e-01 -2.300323954227772860e-01 2.290849365979575614e-01 9.058911727934348956e-02 2.132455036103905396e-02 4.404902448712319507e-01 2.475082448670094804e-01 1.214162544414695843e-01 4.291174251738853473e-01 6.009516592595492979e-01 -3.091957939912385808e-02 2.090268892544962787e-01 -2.552011942765728403e-01 -3.301318335616497401e-02 -1.612117714667836085e-02 3.652235941920783219e-04 2.738714331967982418e-01 -1.613506044638901016e-01 2.102262522425412117e-01 2.732904684795386396e-01 2.591968219855654565e-02 1.573767254911631608e-01
-9.238415374442250638e-02 -4.038040218571319895e-01 -3.201011933404546150e-01 -7.748890073554207114e-02 -3.666351139949576843e-01 -2.572224993964327688e-01 -1.697173076787970025e-01 -2.004049333085792528e-01 -3.468760583969077160e-01 1.424813534323525754e-01 -3.229369190174405380e-01 -3.542628919491196404e-01 4.666929829997935597e-01 1.000000000000000000e+00 3.377203674791205978e-01 -3.116446598029807280e-01 5.737668601632732734e-01 1.320903582661719922e-01 5.763186116335607956e-01 3.548028241361951274e-01 5.563646949503027184e-01 1.888457486104246630e-01 7.216676415728630056e-01 1.855773286693630873e-03 -1.604055674020433697e-01 -4.520239252090741955e-01 5.900469338902021299e-01 4.386665474437282386e-01 4.228411796510612164e-01 3.185748583116887467e-01 -1.107938541559616713e-01 1.945602868992878376e-01 2.433387696294619373e-01 1.170792526174193743e-01 -1.921682339706965587e-02 -1.206863844534056401e-01 7.625088457073005144e-02 -9.830947746802660980e-02 7.184136028765392666e-04 -9.579654492208440619e-02 5.888913871847186593e-02 2.728394286095479626e-01 -6.116729003416469107e-02 2.209932617622356599e-01 -4.823629624157477723e-03 6.883936387355708009e-01 5.706508938569568867e-01 6.183796077298656657e-01 -2.654873575282741260e-01 -1.566362568851459580e-01 -3.912242375441268294e-01 -3.406301098630441504e-01 -3.669908262671336407e-01 -2.272726038211282662e-01 -2.278806536882135858e-01 -1.810980633756146818e-01 -2.845554907206122031e-01 -2.927153630708131948e-01 -6.190406437941924078e-02 -2.063141686018442056e-01 -1.743379632750756414e-01 5.802259355998051760e-01 6.595232479417896254e-01 7.177919471305059806e-01 7.156647372091603510e-01 4.165392893911339378e-01 -2.657798239467296653e-01 4.936141853500531917e-01 -5.511367076983648972e-02 3.328922519408986647e-01 4.749598195413952118e-01 5.006053911842411885e-01 7.591084661644765808e-01 -7.763376569361830903e-02 5.537322746764059694e-02 -2.185719649584002833e-01 5.846042316237600733e-01 4.073005443600043463e-01 -5.010013521005638598e-02 1.784995531521501033e-01 2.861849415067307389e-01 -7.032632311802554381e-02 7.179971474251459207e-02 5.440192039064710716e-01 3.023005535550992162e-01 5.459733034316517353e-01 2.562395785584238306e-01 6.175404076968397105e-01 -1.079868969796767275e-01 3.462335361979617526e-02 -1.249915605206277092e-01 -3.135032538614767050e-01 -3.072455084225341748e-01 -3.015096662440036601e-01 -1.687503660871372269e-01 5.332981561568905793e-02 3.996212639477650375e-01 7.356376330322227375e-01 -3.445958735933423722e-01 4.018194973729884850e-02
6.477983859624882046e-02 -2.056759591815092159e-01 -1.788095129193231492e-01 1.781894298807828103e-03 -2.753156347062833409e-01 1.591943414013297087e-01 -6.887762729208767032e-02 -1.732853413175761415e-01 2.227281860506892530e-02 3.304827082601483057e-01 -4.136753891921405440e-02 -2.158925109461379277e-01 2.996382675546804819e-01 3.377203674791205978e-01 1.000000000000000000e+00 -1.698181227192926690e-01 2.553502397837729143e-01 1.497447430038185978e-01 3.947915428886571987e-01 4.231225239196068633e-01 4.313734672721775132e-01 4.816325006861011393e-01 4.042552818977493967e-01 -3.293925666615518666e-02 -1.038874724904407937e-01 -4.314424391411662146e-02 4.731540854785161732e-01 3.065502237648111694e-01 8.863909860230222149e-02 6.977112194544905499e-01 8.238450265113891891e-02 -5.920928859189982657e-02 -7.744846420203280180e-02 1.104645124731667809e-02 3.536389942431275579e-01 -2.322179106212719779e-01 -1.710129426163707611e-01 -2.196758324804108653e-01 -2.076407264292467747e-01 -2.004467468258775142e-01 -1.971774457605981190e-01 -2.251511069172243071e-02 -4.259210893750486893e-02 -1.670516575475931020e-01 2.974638464025642914e-01 3.055382274164902268e-01 3.512792459309164173e-01 3.442604164873959149e-01 9.496923017579705917e-02 5.584202925150716368e-02 -8.340374440723832827e-02 -1.983760223991582750e-01 -3.391294421153032146e-01 -1.757787650384420516e-02 -1.911391897203080226e-01 -4.977560267286567676e-03 -1.011387007194494564e-01 -1.059679784609957320e-01 7.142350006651501659e-02 -3.564133833375535826e-03 -3.548872057084335313e-02 3.087270975613868318e-01 4.590716030540722414e-01 3.431692298362022941e-01 3.088946480597595245e-01 7.166735332375978595e-01 -2.198127939238724293e-01 3.939113302241428194e-01 4.295883662270493786e-01 -1.217215616070348588e-01 5.893634922721762148e-01 4.948603713035124585e-01 3.838443990749243473e-01 -1.012336015627944563e-02 7.586196674918185834e-02 -1.526200856392821714e-01 1.744350436004352967e-01 7.310655362091346143e-01 1.461183524210511175e-01 1.509720937138481558e-02 2.794333172084204620e-01 -1.929600032608367807e-02 1.999700461039334021e-01 5.069476392713054280e-02 4.882478323112104945e-01 3.573119618591281688e-01 -3.770811421635527488e-02 2.743466237287832676e-01 1.791904256760225300e-02 -3.942248091673300481e-02 -2.795446893253730192e-01 -2.327364375072019653e-01 -1.117983053822402539e-01 3.980061295737731542e-02 -2.328938488720546651e-01 5.254154004487782137e-02 4.510142999159023058e-01 3.082806586510635771e-01 -2.196803309627227696e-01 6.042616669234102816e-02
