1.000000000000000000e+00 -1.572957523210030961e-01 1.618459188160980000e-01 -1.536806620527741973e-01 -4.288004949319281778e-01 4.506017717770849362e-02 1.205923051245705035e-01 -6.909860486315025363e-02 6.006670945279597024e-02 5.513827371285012768e-01 3.098822952103633122e-01 5.599957841358583766e-01 -2.192141040371877736e-01 -1.913198464032499768e-01 -2.220443347397265954e-01 2.371012532488207813e-01 -2.136819289650504494e-01 -1.601788628068918641e-01 -3.999700451781751931e-01 -4.599935019968318106e-02 -1.808465512376484230e-01 -2.553043234407287310e-01 -1.289809156348613872e-01 -2.395712682190154208e-02 5.960853359682162234e-01 5.024823145855465689e-02 -4.438180150469055452e-01 -3.557797174139711305e-01 -3.050025904171937419e-01 -2.230918741058966481e-01 -3.456166279811127146e-02 4.756186425915392424e-01 -1.259855431144498161e-01 -4.278926995787700194e-01 -3.477064465293110973e-01 1.926595299946799516e-03 -1.802511450021073713e-01 3.229126465625467568e-02 -2.054918283503860132e-01 -9.391847339049641530e-02 -2.155060765388581434e-01 -1.911487948742132403e-01 -1.241673029931518457e-01 8.802210881571152432e-03 -1.043040942793965475e-01 -2.151275979981401854e-01 -1.635003647337070556e-02 -2.516188897226576127e-02 2.066312747124934290e-01 -9.541440213414327520e-02 2.516997712226725636e-01 9.490004060482983006e-02 1.104006208107924103e-01 1.165168146208260258e-01 -1.393322327518398684e-01 3.176312884278844062e-01 2.422005949259392055e-01 6.232117278324458137e-02 3.448247158748173891e-01 3.617997241321308510e-01 2.951687721332041381e-01 -2.592130634136540282e-02 -4.004912671844673699e-01 -4.466048151302829949e-01 -2.829251310053934598e-01 -2.785107773052364344e-01 2.128240418111425891e-01 -3.991568145363254549e-01 -3.458509564124748192e-01 -3.180705115692396001e-01 -4.123938593992632629e-01 -2.467122293183808268e-01 -2.286248074449049317e-01 -4.965949104083121346e-02 1.005478035634105038e-01 4.196856848703636178e-01 -2.712047795381946624e-01 -1.465515627660829712e-01 2.424788098868277952e-01 1.283014383195643926e-01 -1.490529020012296701e-01 -1.045192172680187576e-01 -2.527394218147619998e-01 -4.605192794740729512e-01 -2.193276673308151292e-01 -2.044753245473500403e-01 -3.890941247608286496e-02 -1.255460729702203571e-01 1.827013877776642939e-02 9.541492240445656470e-02 4.713333745552226173e-01 3.984243823087644243e-01 2.261513651723639495e-01 4.138061404120291220e-01 2.388426705596766730e-01 6.947761667648262585e-02 -3.137327739284045958e-01 -1.440831145122437040e-01 3.638367853421764497e-01 6.504546029583242739e-02
-1.572957523210030961e-01 1.000000000000000000e+00 1.302518633466301645e-01 5.905537264131180963e-01 3.949580349091778575e-01 -3.683529035280330710e-02 4.998832435804137497e-02 1.072661928826889044e-01 -1.966842199319855378e-01 -4.070181588276898521e-02 -8.428684723974924631e-02 2.401732667426620116e-01 -1.515412874024614776e-01 -1.256243284719462672e-01 -8.742394083792721926e-02 1.045795003099649206e-01 -3.337390496885751512e-01 -1.712446483265296637e-01 2.195472986979958296e-01 -3.186859546681084510e-01 -3.483096179383228241e-01 3.642289779591272123e-03 -8.618842998911922793e-02 -1.101757024494239290e-01 -8.304566550555801674e-02 5.279484465024075063e-02 -1.752805315245443973e-01 -1.712911666562456914e-01 -9.749773195924536784e-02 -1.820851467247698932e-03 2.248542872356634470e-01 4.500938004957810018e-02 3.924960312249117234e-01 -1.203302353218186349e-01 -1.561825931562402792e-01 -3.502068167155907297e-01 -1.516960896955257820e-01 4.226503674813889555e-01 1.657152315759097272e-01 -3.231633805667817605e-02 -2.957087010978552422e-01 -1.286829292302194283e-01 4.841441130902234685e-02 -2.488510626818991323e-01 -1.859126329458310467e-01 -3.425833735867827579e-01 -4.749448118283188247e-01 -3.763510034585799136e-01 -2.918760504400301214e-01 -2.174598551687763337e-01 4.318250231228669689e-01 -1.320196259570765307e-01 3.190217747260565284e-01 1.676675270778798521e-01 1.227060808467263092e-01 -5.837826175625831365e-02 -1.361596544330232472e-01 -8.583303517460147414e-02 9.500911118547082646e-02 -1.524058587293023459e-01 -1.236784897315510723e-01 -2.203525116433580622e-01 -9.678322806464886852e-02 -1.654323120399672220e-01 -5.780515273360670864e-02 -2.433319973928160795e-01 -3.815055567128658454e-01 -8.107161592827451246e-02 -3.107912278056942923e-01 -1.066215780094383614e-01 -1.009878820734741167e-01 -2.085175166467377050e-01 -2.137820956701505237e-01 4.674685904712560375e-02 -2.654986267406854727e-01 -1.601433667089930193e-02 -4.815372701377483577e-02 -1.829299159235558692e-01 -2.494957420761562406e-01 9.013922918661645967e-02 -3.580361350276243249e-01 -3.117283261571186515e-01 1.711987970899799261e-01 2.239405010947747854e-01 -2.846194240837787715e-01 -3.104318749311917869e-01 -1.811379664449138949e-01 -2.020579125939132581e-01 -3.233016330607412780e-01 -4.039521415972077145e-01 -1.251261561514753207e-01 -3.072784877099192236e-01 -1.167489479638641470e-01 -2.225153735071894456e-01 2.627008352618351306e-02 -2.282122375986031793e-01 -2.175018003144385259e-01 -1.681248915593255289e-01 -8.669138628890096787e-02 -3.216925539357795016e-01
1.618459188160980000e-01 1.302518633466301645e-01 1.000000000000000000e+00 -8.542715669063408179e-02 1.531607205265661797e-01 3.616511226034474502e-01 -7.246683331193598532e-02 -3.730302494692609994e-01 -2.897006112797798627e-01 -3.313711158726231898e-01 -4.558395796525379073e-01 -2.703733573275403368e-02 -7.492814089113286613e-02 3.160774231885881136e-01 2.961298721862790639e-01 1.206484003060655091e-01 -3.950153304284650391e-01 -1.803971397424638037e-02 -1.437634072522507057e-02 1.274265972170033900e-01 4.166033977871144017e-02 -2.229101520151435256e-01 4.414713021101969725e-01 -3.080038088309479671e-01 -2.545236474432604479e-01 -4.580680256468498412e-01 -1.378300116968182165e-01 -3.452741152245839551e-01 -4.031984430336486153e-02 2.120839023276445967e-01 9.115392633179460191e-02 2.206644152167810680e-01 1.231061837842229584e-01 -2.165497774411482557e-01 -3.946907601142886635e-01 -4.393889901655129160e-02 -1.000190087834354757e-01 1.330642302816264499e-01 -4.936491778375644290e-02 -4.867260862148795053e-01 -1.965002575761826964e-01 -3.583438678952765022e-01 -1.473781318821254793e-01 -2.856420594748188546e-01 -2.582648445203006293e-01 3.479354723632735458e-02 -9.279896380712079201e-03 1.791551081387666444e-01 1.004294761173036149e-01 -1.262887035786653712e-02 4.136246310989287189e-01 2.559309179772876752e-01 1.630005336627184664e-01 3.974428983588902953e-01 -2.254626439914733105e-01 4.555479307128211253e-01 -9.163324301292107010e-02 -4.375896734861643433e-01 -7.309826811901387611e-02 -3.454171882118745596e-01 -3.320882992684910939e-01 -1.569476907672991417e-01 -2.195194010859199130e-01 8.927153111176203137e-02 1.191431265573717341e-01 -2.476044517808290435e-01 -2.355521499072711633e-01 -9.277168055112992862e-02 -2.407204071627158382e-01 2.743836039890111544e-02 -1.637628176915849332e-01 -2.887207996431533918e-01 2.430412410337288998e-01 -4.284308608922108852e-01 -2.371559121735372644e-01 -2.407077590938027090e-01 -3.512021385657550232e-02 -2.618531480219131458e-02 -1.217079300472352459e-02 6.358867413546319403e-02 -2.262584391396058603e-01 -1.833294545504015327e-01 -1.062730569461995123e-01 -2.473673473616393448e-01 -1.655736862908530616e-01 -6.137070568743792365e-02 -1.710808750244035004e-01 -4.158593931326526327e-01 -2.249612043496125591e-01 -4.497389614222995213e-01 1.362676161930982677e-01 -2.008505159830178410e-01 -2.505472061748924006e-01 -3.631539254364322677e-01 -5.907955547297879390e-02 -2.327141393574516381e-01 -3.170360395886555327e-02 1.008614682610558533e-01 -7.910569811030561393e-02 -2.867589197623419267e-02
-1.536806620527741973e-01 5.905537264131180963e-01 -8.542715669063408179e-02 1.000000000000000000e+00 3.748948345135122984e-01 -9.995572091113620605e-02 -8.897954245483692681e-02 2.012380614729306072e-02 -9.197000450049026832e-02 4.681125848741722606e-02 -5.162955336519881727e-02 1.792354334896759660e-01 -1.046018719414634479e-01 -1.013030241888796812e-01 -1.015624409949482804e-01 1.586623857025255269e-01 -1.912441463916546014e-01 -5.815019636902706013e-02 1.894618163760177498e-01 -3.312435647717008602e-01 -2.757261410486071540e-01 -7.780501790792858363e-02 -1.534685950570545965e-01 -7.319752671451645876e-02 4.146156259160632858e-03 6.754364460807886494e-02 -1.158214125783485482e-01 2.521511077437162303e-03 -1.695958730825730676e-01 6.293979765643153979e-02 -4.919606721965037038e-02 7.250535139677496965e-02 4.289795222361307836e-01 -6.503153695129118561e-02 -1.176189035699714835e-01 -3.121295739074658737e-01 -1.681278993895935769e-01 1.539689712452993187e-01 1.388222396176793348e-02 6.721142413238050117e-02 -3.344222336350189950e-01 -2.023850549003008981e-01 -2.336598588047193448e-01 -2.897836071839622885e-01 -3.623451229574976007e-01 -1.773185114086801573e-01 -3.389548982384986697e-01 -3.502867750050391860e-01 -2.097969541331106413e-01 -2.496794742356640284e-01 2.631081831881660338e-01 -1.365434431789309400e-01 3.282079308830740394e-01 2.627904006050008068e-01 7.277037620396120676e-02 -1.225890257856947774e-01 -4.746892531094033113e-02 -1.988251050658319113e-02 4.548674178566604331e-02 -5.213868855682169193e-03 1.173820874023084708e-02 -3.976885436287160014e-02 5.892617331523657825e-02 -8.814114857730868946e-02 6.099787536619694778e-02 -9.103921099306291898e-02 -3.523626054396456486e-01 6.221785415280558368e-02 -1.944973573675720102e-01 -3.431869849204213091e-02 -4.832506886191639123e-02 -1.831851110676567251e-01 -1.512837571185731145e-01 3.295720220273162110e-02 -1.181646786106731739e-01 1.483354531527431019e-02 -1.161964767369426943e-01 -5.036063760537415335e-02 -2.423363981798410949e-01 1.725536580011122756e-01 -2.007401049512364810e-01 -3.067707051345980318e-01 -1.170032920219781364e-01 1.757700455903367098e-01 -1.733634945449236964e-01 -1.383457346430161938e-01 -2.310459395883747991e-01 3.683305896969895493e-02 -2.402323010950810356e-01 -2.942553734743807436e-01 -1.041599961717519646e-01 -3.009619215776258572e-01 -1.559820405480956684e-01 8.889489922384344670e-03 -8.260027536608054166e-02 -3.025484353437636886e-01 -8.353892960392091116e-02 -1.568134055437220842e-01 -9.621277571932577988e-02 -3.439079512464340849e-01
-4.288004949319281778e-01 3.949580349091778575e-01 1.531607205265661797e-01 3.748948345135122984e-01 1.000000000000000000e+00 3.473450876127115450e-01 -2.173482160645836270e-01 -1.326818426386031369e-01 -1.686300119664030650e-01 -4.466939134240536236e-01 -4.238517700134096233e-01 -2.758993334425493549e-01 8.479728022095926743e-02 1.336740141890812861e-01 1.633326125427190245e-01 -2.066056887979408063e-01 -1.967989054085710413e-02 -3.179903198668147107e-02 2.927334578099427542e-01 -1.323740323905977512e-01 -1.167788427939053242e-01 1.266304878037754211e-01 1.269463615892081065e-01 -8.189565067092705042e-02 -5.398961042246290809e-01 -2.659985611039325515e-01 5.258325249326321893e-02 1.108850690267123434e-01 1.348982246737486235e-01 1.139058869978038929e-01 1.654760558226177347e-01 -3.180074142479762389e-01 4.290562610147959366e-01 1.572489735303288783e-01 8.440301206311495719e-02 -1.659676696356148229e-01 -4.159601125807433492e-02 1.698573005598342373e-02 2.199197188624739049e-02 -1.949897172088300157e-01 -1.009585111449418787e-01 6.702658593951285951e-04 -5.739427120190791765e-02 -3.045434653494047961e-01 -1.895300964425253309e-01 -4.996330300415048609e-02 -2.528122332432048425e-01 -1.592024461456207074e-01 -1.518241627522456116e-01 7.034505735032102469e-02 1.888986901698503640e-01 -7.966069794000033011e-02 6.444806421877535829e-02 2.718410625608900233e-01 9.681273891911330864e-02 -2.072463135724176286e-01 -3.772514411967898829e-01 -1.863212713725620751e-01 -3.474819029183752184e-01 -5.141615297174434440e-01 -4.498769141724684451e-01 -5.102729431819354872e-02 3.343943225674702591e-01 1.974285280437062251e-01 2.828107945349638830e-01 -3.852915056229160723e-02 -3.540724933497391702e-01 3.217440002999217286e-01 -9.265261441453296123e-03 1.720252325574863905e-01 2.433307489846449068e-01 -8.695217243682532016e-02 4.062086191372827476e-02 -2.490215322983640733e-01 -2.296049844731609668e-01 -4.429511203296681021e-01 7.601650901755398378e-03 2.092721277935458840e-02 -2.754333720177709055e-01 -7.718034189405729995e-02 -1.215837471698985733e-01 -1.242826751033773436e-01 -1.993046375564072603e-02 2.207705427919126329e-01 -9.202249005907953139e-02 2.692068143871537492e-02 -1.481991550807887081e-01 -1.518850820703077364e-01 -1.400831364539296964e-01 -3.535068622993541299e-01 -3.561706343261656915e-01 -5.227966851733882869e-01 -4.682809071406932588e-01 -5.860761063056908471e-01 -3.284594980271407505e-01 -3.102690858342489477e-01 5.183767742412900142e-02 1.027077248386669417e-02 -3.288184832514127187e-01 -1.091623727603855121e-01
4.506017717770849362e-02 -3.683529035280330710e-02 3.616511226034474502e-01 -9.995572091113620605e-02 3.473450876127115450e-01 1.000000000000000000e+00 -1.604829777276542691e-01 -1.798672491254681982e-01 3.778636003936814564e-02 -2.314094879780529967e-01 -2.153592628241288165e-01 -1.534673599077890083e-01 2.905279406571648626e-01 1.527606274440905243e-01 2.020761935416841015e-01 -7.276367578889623988e-02 9.968243909712090622e-02 1.156689812780501841e-01 -6.655549101783819754e-02 2.048313026318556440e-01 1.669894912483959326e-01 1.279346547115671473e-01 1.742816762771706718e-01 -6.437416286826486145e-02 -2.433468506865212322e-01 -3.212858977106397562e-01 6.710301948171804032e-02 1.359415942945333723e-02 1.152506731251938393e-01 1.132879588547228700e-01 1.391114041935049839e-01 -4.849300986671464808e-02 2.431112345863838814e-02 1.815621750420165492e-01 1.034945207145164942e-01 9.924940896441677984e-02 -5.102469212571743989e-02 -8.045030231804430054e-02 -1.441689093453506487e-01 -2.559317746371446156e-01 1.384613411377808856e-01 -1.578003340561196996e-02 -5.878666656631065940e-02 -1.133534695090532979e-01 3.647857303859454448e-02 -2.101191692921871093e-02 7.346518057739162555e-02 8.832645839943556454e-02 2.450992840658096916e-01 2.388361560822382379e-01 4.190835586892947828e-02 7.042265368851961804e-02 -1.432542996463506135e-01 -6.685578756071298978e-02 2.104621660304228925e-01 2.820929799930126380e-01 -1.360733746600392147e-01 -1.069282014759328076e-01 -1.770434006165884644e-01 -3.540268860724649080e-01 -2.576901891431380154e-01 2.054670167152121141e-01 2.287447400642046158e-01 1.210780901401148080e-01 2.830521484241938640e-02 -9.723608971601474527e-03 3.408835091480982155e-02 1.868996178141927311e-01 1.333170552528275266e-01 2.077275382133171588e-01 2.076366181800847477e-01 5.765745461982774850e-02 1.654358414498164620e-01 -3.064631833204045641e-01 -4.526138795528643344e-02 -2.914458724445745386e-01 3.365621931596543548e-02 1.184303199347982449e-01 1.618533726006678997e-01 -3.035672793629831320e-02 1.142973400894018304e-01 1.275270680309482096e-01 -1.763996217487280582e-02 -8.360858886887349850e-02 2.348282649534752520e-02 1.124840055148279006e-01 3.138872463395042667e-02 -7.012031733243809239e-02 1.166609729990779609e-01 -6.679267797154729569e-02 -4.727208858347523718e-02 -1.370486764866280238e-01 -3.231553837789041816e-01 -2.781349460777354787e-01 -2.258672764002513933e-01 -5.797875133893183597e-02 6.285197423358093727e-02 8.713985669090078268e-02 -4.765334798642307385e-02 2.059272515164059236e-01
1.205923051245705035e-01 4.998832435804137497e-02 -7.246683331193598532e-02 -8.897954245483692681e-02 -2.173482160645836270e-01 -1.604829777276542691e-01 1.000000000000000000e+00 3.348130810976250316e-01 2.288257184386165433e-01 2.481761918819783419e-01 1.523198042155049503e-01 1.722734708222669053e-01 -1.297021661839407314e-01 -2.884288454733898721e-01 -2.241220575056327990e-01 2.507747157195225896e-01 -2.460713612564544850e-01 -2.101357052999191510e-01 -1.159876574760872886e-01 4.463693038452078155e-02 -2.557808901962428938e-01 -7.513222600692433251e-03 -2.699480124959911520e-01 -6.462547765112516829e-02 1.339754318421589596e-01 7.208735766863084982e-02 -3.085871155124959020e-01 -2.674819250125312076e-01 7.895214233976405316e-02 -4.008931504716127803e-01 2.137307762480580298e-01 1.993740531343023703e-01 1.030036930852607120e-02 -1.985908516963156845e-01 -1.142994546998456623e-01 1.168620556615771189e-01 1.515050965329263755e-01 4.236609447260819561e-01 1.099382501633016651e-01 6.039649266843941794e-02 -1.487936890892519598e-02 -3.121236852422555261e-02 1.126840924647256881e-01 2.966534379502344110e-01 2.285310727145879739e-01 -1.589383798236106982e-01 -2.841293186683278571e-01 -4.803522569120171476e-02 1.438193930379594032e-01 1.614768776746472734e-01 2.019437057321301909e-01 -4.814718434008966735e-02 1.121996705078839307e-01 -1.049797594271576900e-01 8.312381446777854233e-02 9.553154805965910490e-02 3.631927412056364934e-01 2.855401469152057947e-01 2.442569446084978946e-01 9.693487593526892154e-02 5.791985557461006712e-02 -2.547973969049006082e-01 -3.395557066292226867e-01 -3.177127472151737297e-01 -3.113293082124984346e-01 -2.770792181052700309e-01 2.614310387725771734e-01 -2.909364750011337319e-01 -2.349660091168915832e-01 -2.682905619765716954e-01 -1.747345556123076071e-01 -1.267455445554828697e-01 -2.955654156996991855e-01 5.377648614047143144e-02 -7.479645116839910013e-02 1.555871057048595907e-01 6.447543777803574350e-02 -3.736929223620347185e-01 1.047523778252261034e-01 6.486926110393313738e-02 -2.168956784566813401e-01 -1.924196471228530603e-01 2.032330273439408030e-01 3.085162863617879267e-02 -3.527281158506280212e-01 -4.211848124812692107e-01 2.473125387415776033e-01 -1.010837684986998081e-01 5.359501527977740543e-02 3.554632845168118928e-03 1.055379666028195412e-01 1.144109288290677540e-01 1.526723380538562713e-01 4.090272143020327877e-02 7.062993620342870871e-02 2.694925409613567191e-01 -1.452013427704971771e-01 -8.521039645888221770e-02 3.101618975725039529e-01 1.681869110500332498e-01
-6.909860486315025363e-02 1.072661928826889044e-01 -3.730302494692609994e-01 2.012380614729306072e-02 -1.326818426386031369e-01 -1.798672491254681982e-01 3.348130810976250316e-01 1.000000000000000000e+00 4.804360908574819011e-01 3.342133889071052799e-01 4.399739979655925004e-01 1.956349682309526661e-01 8.137049228655218389e-03 -2.018077057293638510e-01 -3.014992978512097133e-01 -7.720696546959972262e-02 1.148959816272147189e-01 3.067274535589610204e-02 -4.876100661415110060e-02 -4.383103955128542922e-02 -1.557479163271535127e-01 2.376930869348760911e-01 -3.493707927256592960e-01 1.825771989568532316e-01 2.171388755251399127e-01 3.905001903967666999e-01 -2.636460265724816301e-02 8.021374009861342858e-02 1.014122862871709579e-01 -3.227119880288212284e-01 -6.005365938268537873e-02 -1.475996371612402214e-01 -1.906473350573833492e-01 7.206424991096808952e-02 2.279545213572726214e-01 2.210893789576750743e-02 1.301230804919570050e-01 8.822808405641231755e-02 2.163909699636749895e-02 2.831644191836871216e-01 7.317547812976800403e-02 2.630359031703964900e-01 1.516297032762054242e-01 2.995590935651512021e-01 2.676838165141819936e-01 -3.047711475494145339e-01 -2.754167853772445107e-01 -1.309073136457888920e-01 1.646294565560706483e-02 7.232223462487320786e-02 -1.530898257066499735e-01 -1.063161009965832987e-01 -3.002854380632700645e-02 -3.322884896992919779e-01 2.791641763045045188e-01 -1.391772547124627835e-01 2.950721854904343466e-01 5.615470404176154950e-01 1.540700540998193868e-01 2.421817803393630508e-01 2.303656745598980649e-01 -3.669796688511921257e-02 -3.308542670956026582e-02 -2.377127226858749276e-01 -2.900411767048228784e-01 9.906685100945346323e-02 2.234384438565762965e-01 -7.616224130257351344e-02 1.711894008994887389e-02 -2.276529128181874889e-02 6.715008758546872625e-02 1.615428341216230135e-01 -3.235752994985349740e-01 2.872851246123424018e-01 1.497038405754320955e-01 1.798590199760681518e-01 1.373552611951786295e-01 -1.736744898878043453e-01 -5.178850444624660126e-02 -1.942400668749680592e-01 3.696855968195192355e-02 -4.076823567552229771e-02 2.030259169501578420e-01 1.899887579643993185e-01 2.410394919443276454e-02 -2.704653776342721971e-01 1.901226042460500421e-01 2.375347769992821878e-01 1.835724600579390353e-01 2.657294738669605527e-01 -1.094276305329930782e-01 9.800043649320826222e-02 2.285917227458360568e-01 2.103379372342693843e-01 -2.555117494140996676e-02 2.610489475514413682e-01 -2.176647947385764448e-01 -4.126308714339934486e-02 2.448447573063043115e-01 5.765257754713911525e-02
6.006670945279597024e-02 -1.966842199319855378e-01 -2.897006112797798627e-01 -9.197000450049026832e-02 -1.686300119664030650e-01 3.778636003936814564e-02 2.288257184386165433e-01 4.804360908574819011e-01 1.000000000000000000e+00 3.586810760622632932e-01 4.284289532354380592e-01 4.907942980128623262e-02 1.240324211062635157e-01 -1.682925409749598256e-01 -2.161108366044632578e-01 -3.930885781311668076e-02 2.638401423891288955e-01 1.231427340324278280e-01 -2.217396681295707439e-01 7.181775357087799572e-02 -8.802962417948544810e-03 1.866944817634451914e-01 -3.690723246405275826e-01 8.280304178933589609e-02 2.646387990708208848e-01 2.539519246089110838e-01 -8.736114194671101840e-03 1.326299773632813594e-01 1.435927653118607497e-02 -1.817217931873883474e-01 -1.038785438005844913e-01 -1.105009984572591190e-02 -2.392177167533455495e-01 1.613531387773638193e-01 2.613137117304198398e-01 2.767093341945370821e-01 1.851071503647195027e-01 -1.724776806078212876e-01 -1.205977106611866856e-01 2.372977818832976149e-01 2.653309328127206324e-01 2.019570694855119530e-01 -1.497923993792066484e-02 2.921398763841641655e-01 3.337859498124588487e-01 -1.709699300098238284e-01 2.588366931336343046e-02 8.484039068019631757e-02 2.115926278981207220e-01 2.622179564816640718e-01 -2.959417308297271343e-01 3.874843168897706969e-02 -1.999163270674512716e-01 -3.572834606253444956e-01 3.630142192733942785e-01 1.403422026768833819e-01 3.324490322906333839e-01 6.330598214244886890e-01 1.142850973905972234e-01 2.383369241072393341e-01 2.266566631376456531e-01 1.008742704617723029e-01 4.698279515393133376e-02 -1.105640545428904081e-01 -3.250687195342840119e-01 2.090490827024343579e-01 3.755668789538614827e-01 -1.825395316825306410e-02 1.447156796590196026e-01 1.379195736849091365e-02 1.306591275795224993e-01 1.532293830571015980e-01 -2.107234832750158604e-01 8.536801082806963481e-02 1.830986075946333946e-01 7.747407703479286534e-02 -7.565759533953185512e-02 -1.951876005409981449e-02 2.395651679521894339e-01 -5.967711343702965243e-02 1.429454345102160184e-01 1.481268531942924183e-01 2.599174597359324781e-02 -7.140452163132696151e-02 -2.527819149359060869e-03 -4.191012348286125844e-02 1.718509312620351559e-01 2.808227787152013932e-01 3.639979201918782659e-01 3.214369245171622702e-01 4.468955904616132846e-02 2.238052354035246216e-01 1.385120368292609150e-01 3.291274750855843201e-01 -1.583003167676764467e-01 2.813441901929562561e-01 -1.370350636208078621e-01 -1.036624900674718193e-02 2.948693195319357363e-01 2.624597359517528150e-01
5.513827371285012768e-01 -4.070181588276898521e-02 -3.313711158726231898e-01 4.681125848741722606e-02 -4.466939134240536236e-01 -2.314094879780529967e-01 2.481761918819783419e-01 3.342133889071052799e-01 3.586810760622632932e-01 1.000000000000000000e+00 7.349546344819567478e-01 5.556900655376723064e-01 -1.069250828915213336e-01 -4.020172924106419354e-01 -2.945074811411334537e-01 2.447658066421178336e-01 3.107654610923686958e-02 -1.347408195426117172e-01 -3.712949185307988231e-01 -2.728713914524476536e-01 -2.194225288413506059e-01 -4.178748308535201739e-02 -4.192915712980324616e-01 2.557054760497315948e-01 8.182767829146209149e-01 5.584949351835293285e-01 -2.252410069243652169e-01 -5.338445841960405558e-02 -3.581402771280680075e-01 -1.660045661111029525e-01 -1.093331319494401932e-01 4.212403270047427872e-01 -1.340880522683225717e-01 -2.321355309624710261e-01 -3.692583250690377461e-02 -1.129944917845998736e-01 -2.235532595406119205e-01 3.799260800069615557e-02 -1.306161707094500857e-01 3.134755454806165686e-01 -1.912244649175727229e-01 1.576682899331992706e-04 7.018784908701929115e-02 9.229491308290267704e-02 -9.823251365151717748e-03 -4.213017440024512950e-01 -7.853759479030435198e-02 -2.630214538114732936e-01 -3.081158375359710835e-02 -2.331349534714417249e-01 -3.993367449110322986e-02 3.053618619344007634e-02 1.277781423620897583e-01 -1.611836637841275732e-01 1.869995868055931987e-01 1.704563504975599164e-01 2.976204067232117167e-01 4.167099395042411780e-01 6.064376947656189287e-01 6.550784462592779134e-01 6.445209583599552650e-01 1.165080572246891960e-01 -2.729538676207082792e-01 -5.119920815032874550e-01 -4.812468675527460937e-01 -8.245706510455098892e-02 2.060080209817344021e-01 -3.990165759593679584e-01 -1.732080899416880704e-01 -3.618610939534809834e-01 -3.452503471302195148e-01 3.603433156124573322e-02 -3.413611872024194249e-01 3.535360180722378343e-01 3.106479326042608236e-01 6.543370074073242559e-01 -2.791394236686821073e-01 -3.054011743830301745e-02 2.047018430410319501e-01 8.413371933300403671e-02 -2.467066834113018636e-02 -1.384764763971794155e-01 -9.099097729254529421e-02 -1.555279136343271362e-01 -1.344098154243976717e-01 -3.437809403555229792e-01 -5.110412700557346449e-03 2.231753771049197754e-01 1.970520236324532770e-02 3.130668288561302970e-01 2.836827160314636664e-01 5.124141623787840105e-01 4.217994355891777070e-01 6.372204023455020350e-01 2.304398398293577288e-01 7.639185745003676531e-02 -4.407837277881642146e-01 -3.631109375443758447e-01 3.268241492330510867e-01 -1.306223718422427071e-01
3.098822952103633122e-01 -8.428684723974924631e-02 -4.558395796525379073e-01 -5.162955336519881727e-02 -4.238517700134096233e-01 -2.153592628241288165e-01 1.523198042155049503e-01 4.399739979655925004e-01 4.284289532354380592e-01 7.349546344819567478e-01 1.000000000000000000e+00 3.712432943790284212e-01 7.468195189689599833e-02 -3.306922111424518973e-01 -2.409184120204742596e-01 1.028432343654455405e-01 2.595774380415509786e-01 -2.914981800111265606e-02 -3.448420783789312716e-01 -1.899023477408158800e-01 -2.069584612948398815e-03 2.353019669800372640e-04 -4.619387335903918923e-01 4.290720041827357778e-01 7.120601313704623125e-01 6.910932838945674783e-01 -8.065518028368337880e-03 9.072263828427531984e-02 -2.816046785995818258e-01 -1.413579134013736860e-01 -2.215413639027828951e-01 2.877384201911239447e-01 -3.187728517113054827e-01 -3.908198240674440327e-02 1.005930499579671400e-01 3.574792607190920013e-02 -1.240350518175992178e-01 -8.388897895923576320e-02 -9.259107332207457131e-02 4.446171841439331418e-01 9.274150503968184994e-03 1.538375148472895804e-01 1.548074618341946096e-01 2.342762252580510018e-01 1.403479390368663760e-01 -3.045400820539276299e-01 5.371515238350355048e-02 -2.122346017902092818e-01 2.117624164434072503e-02 -1.176324393721949746e-01 -3.266533885409064197e-01 3.178678973086615511e-02 2.018726684744736807e-02 -3.501846339968929800e-01 2.626028096435339965e-01 5.993436518160810689e-02 2.982523841910105777e-01 4.691824512866176189e-01 5.147040496712017577e-01 6.513956849785079717e-01 6.967215906511722290e-01 3.083119292655029375e-01 -1.067174248574747769e-01 -3.191105609837127099e-01 -4.721539888467882196e-01 1.278490807836800414e-01 2.862267363985760427e-01 -2.198385861453626688e-01 1.200315151681187881e-01 -2.483113182394087182e-01 -1.385673506426201573e-01 2.562823870388398206e-01 -3.110557862302617549e-01 4.580168566984933465e-01 4.488707127436382116e-01 5.754284320199400948e-01 -1.864322725426375005e-01 4.897991153057074804e-02 2.288154229164300058e-01 3.543972933188993535e-02 2.283023666463773471e-01 1.024663397634493003e-02 6.117580659451522102e-03 -5.417100185059232909e-02 8.745557540611997166e-03 -2.277309291043486950e-01 7.272025395556583338e-02 3.313426788484937213e-01 1.800430896116171353e-01 4.123391848783738434e-01 1.430568332982130597e-01 5.355760664649894531e-01 3.892004152404177630e-01 6.491603492785336105e-01 1.117277467187926393e-01 2.174064630526251207e-01 -2.726311081166540307e-01 -3.558101622808569897e-01 2.918332119330097063e-01 -2.566377433673582703e-02
5.599957841358583766e-01 2.401732667426620116e-01 -2.703733573275403368e-02 1.792354334896759660e-01 -2.758993334425493549e-01 -1.534673599077890083e-01 1.722734708222669053e-01 1.956349682309526661e-01 4.907942980128623262e-02 5.556900655376723064e-01 3.712432943790284212e-01 1.000000000000000000e+00 -1.157715468045863588e-01 -2.502782805005794309e-01 -3.310469951357942198e-01 3.294330058589495791e-01 -2.215379182478967868e-01 -1.036054580033689970e-01 -5.541174187813251162e-02 -2.610113324605443652e-01 -3.418914765915809229e-01 -6.128976366580946022e-02 -2.789459964169573869e-01 1.594731627844049038e-01 5.573508537602878121e-01 3.672639792465825503e-01 -3.802675935816306474e-01 -1.824309282607626259e-01 -2.166781745719044416e-01 -1.846494888324819728e-01 -5.294485309590327843e-02 2.813002152595622807e-01 8.625386715250994360e-03 -3.479753225661831317e-01 -1.383254065060372240e-01 -2.441479485489983225e-01 -2.197725623592422517e-01 1.783706800147034921e-01 -1.874999992585573219e-02 1.510889797279842683e-01 -3.289146239166800822e-01 -1.685134208373395837e-01 1.793194921156038291e-02 -5.868736408999293552e-02 -1.619874708830906784e-01 -3.687481074617270371e-01 -3.440795279333885848e-01 -3.499324316467471996e-01 -1.518608462363800204e-01 -2.910833391372498746e-01 2.397652891699715016e-01 -1.341118538453570652e-01 2.748709951350038483e-01 1.325285480322923870e-01 -1.032460264720081178e-01 5.998731495638150168e-02 1.422333118145987785e-01 1.022264705506762406e-01 3.880144091448308186e-01 3.996245501995566718e-01 3.620055836779719760e-01 3.020446968343907732e-02 -2.157243716085083252e-01 -5.256822077674919713e-01 -1.965841499099612311e-01 -2.803655033119601403e-01 -6.923424064313897508e-02 -2.429089504224060114e-01 -4.035297031498191189e-01 -3.526744414176359310e-01 -3.989832475061704797e-01 -2.241435010761973767e-01 -4.347201976371702359e-01 2.337251869483666644e-01 1.852772091016909595e-01 5.604444571826441290e-01 -1.093147561713709442e-01 -1.214656971980555694e-01 -4.558579718099493167e-02 7.550089472947274505e-02 -2.293437943580028393e-01 -3.005360030815256711e-01 -1.377765730402269184e-01 -9.999997286189432621e-02 -1.744318992847224969e-01 -4.289905863374276485e-01 -8.112095431272210722e-02 1.787264287529687426e-02 -2.570497687751546190e-01 3.937828259961351912e-02 1.743062517610324824e-01 1.844632820878809032e-01 3.202913331388069773e-01 3.698635501642223988e-01 3.942380735374225176e-01 -5.901055688405572319e-02 -4.248201279968511490e-01 -3.280413343811560134e-01 2.201923314813243604e-01 -2.562182136364168916e-01
-2.192141040371877736e-01 -1.515412874024614776e-01 -7.492814089113286613e-02 -1.046018719414634479e-01 8.479728022095926743e-02 2.905279406571648626e-01 -1.297021661839407314e-01 8.137049228655218389e-03 1.240324211062635157e-01 -1.069250828915213336e-01 7.468195189689599833e-02 -1.157715468045863588e-01 1.000000000000000000e+00 1.919801432888371961e-01 2.069917290972846657e-01 -1.460067727840871354e-01 6.140856490112867050e-01 1.063595773859365434e-01 2.809323120581398436e-01 1.548169646174450964e-01 4.013877566824626264e-01 4.123156321466772134e-01 -3.361262830205898750e-02 3.696637383943336963e-01 -1.507799680354395266e-01 8.593296475973052906e-02 3.498746335378440375e-01 3.794318728636671967e-01 3.593292654598644886e-01 2.342224006914231937e-01 7.688610424781239239e-02 -2.269777160867764154e-01 -1.830104799356268575e-01 4.285176726765981825e-01 4.260629157431567449e-01 -6.979724984254854353e-03 8.238164793673302677e-02 -2.913120232198278536e-01 -1.713059837073257208e-01 -2.247559055151087185e-02 2.316258223718024312e-01 3.179355363888790587e-01 1.236048376379858399e-01 -1.824694262165577757e-02 1.380072486323815351e-01 -8.737945896392337528e-03 5.569508578208706706e-02 -1.076859512387456572e-02 -3.569140069435650792e-02 1.357117120200079519e-01 -3.835158455436745162e-01 -1.216358977286662590e-01 -2.457260651479123148e-01 -3.308023947956214572e-01 7.538877587744571840e-02 -5.503424053849158976e-02 -1.658265437328558245e-01 3.454776981139696945e-03 -1.510863214616249284e-01 -1.972521827978565290e-01 2.841537024146870496e-02 6.480507520983408432e-01 6.175784449059217307e-01 2.729775830778609635e-01 1.601246467666900541e-01 3.160579980606306183e-01 -8.275748013950187665e-02 4.562860309237998790e-01 4.124930652966732336e-01 1.743678234227914181e-01 4.169789157847091365e-01 3.962770637339694813e-01 1.695463544358924157e-01 8.292428404806788042e-03 3.056578386892757071e-01 -1.488326742573556905e-01 3.241795857357532284e-01 2.378667017172521048e-01 1.170399401293325398e-01 -1.406081399991435388e-01 3.721583478626876440e-01 6.648118432590181814e-02 3.100230741781066952e-03 1.505444580556743184e-01 1.871051703724392890e-01 4.686420091283737682e-03 4.552909007303137384e-02 7.878284166605895034e-02 3.520976033733691501e-02 9.172864389354003223e-02 -4.178629659142923392e-01 -1.515673587477540663e-01 -2.919190479919986925e-01 -1.179644437122531753e-01 -1.234976395952117195e-01 -5.217047942750462769e-02 5.195637803776548269e-02 -2.708316709587928195e-02 -2.539184126725316792e-01 1.007741512507740389e-03
-1.913198464032499768e-01 -1.256243284719462672e-01 3.160774231885881136e-01 -1.013030241888796812e-01 1.336740141890812861e-01 1.527606274440905243e-01 -2.884288454733898721e-01 -2.018077057293638510e-01 -1.682925409749598256e-01 -4.020172924106419354e-01 -3.306922111424518973e-01 -2.502782805005794309e-01 1.919801432888371961e-01 1.000000000000000000e+00 6.568681905729775172e-01 -2.101725245565949918e-01 9.098927262842823604e-02 3.763852111440125214e-01 2.813185585778242848e-01 1.305540302345821191e-01 4.678751245470653131e-01 1.148698045126371470e-01 5.240278626962293629e-01 1.813512285234642959e-02 -3.601574338197003899e-01 -2.935942922902453622e-01 1.991551278700730010e-01 1.297675313413549081e-01 3.471136022432786961e-01 3.964623075094722005e-01 -1.825975906647568925e-01 -2.351209167410672207e-01 -5.861996446255246691e-03 1.410105882757116680e-01 4.942925066957216951e-02 -5.564282076971135277e-02 2.247315678908543002e-02 -2.526068428853542880e-01 -1.072971678721637741e-02 -1.999654268412990321e-01 9.700743319659929642e-02 1.259442429303063091e-02 -4.271681608727962570e-02 -2.903367274712068680e-01 -1.931626643176685698e-01 2.597416392126624118e-01 2.993299076011635695e-01 2.704323982686542838e-01 -4.106168338649753002e-02 -8.739169883936445714e-04 -1.584804484203904962e-01 6.105514284501619565e-02 -2.463167249350441679e-01 3.421882008659685864e-02 -1.873513957383729500e-01 2.708847334383562844e-02 -2.676292601658336601e-01 -3.281447374856401034e-01 -3.345851920374972588e-01 -3.138665507359900131e-01 -2.675099938391862775e-01 8.118571791486814404e-02 2.607893493429352949e-01 5.562489097838055896e-01 5.905150454200065457e-01 4.553971538946774977e-01 -2.564298407667915947e-01 1.829585704008587499e-01 7.032834733059997734e-02 1.875035646024423575e-01 2.817852481232872575e-01 -5.482221189715867637e-02 4.129864632274621861e-01 -2.337144900886572452e-01 1.713635792121627824e-02 -3.075467568738935453e-01 2.067390472570599103e-01 3.314843910721294029e-01 -1.368552738356852427e-01 -2.675039881410796183e-01 5.701672971331853829e-02 -1.672485260252090091e-03 -1.837677174214129294e-01 -1.506114086430381804e-01 1.917663821733169849e-01 1.816146840981047728e-01 -1.814363037389042088e-01 -4.165802273528556449e-02 -1.870299314161515125e-01 -1.550133764648988499e-01 -2.194323244282919416e-01 -2.590010922924289027e-01 -1.471919695596029254e-01 -3.006721797276407093e-01 -1.319148671966447195e-01 -3.091159978774070116e-01 4.974760738303401347e-02 2.281891140689432662e-01 -3.465961524176849329e-01 -7.912247558516430357e-02
-2.220443347397265954e-01 -8.742394083792721926e-02 2.961298721862790639e-01 -1.015624409949482804e-01 1.633326125427190245e-01 2.020761935416841015e-01 -2.241220575056327990e-01 -3.014992978512097133e-01 -2.161108366044632578e-01 -2.945074811411334537e-01 -2.409184120204742596e-01 -3.310469951357942198e-01 2.069917290972846657e-01 6.568681905729775172e-01 1.000000000000000000e+00 -4.502268554480107210e-02 8.184080178757222046e-02 3.546468206915349697e-01 1.410253347700162752e-01 1.498691707336879397e-01 5.460751961050740455e-01 1.189868596154876057e-01 5.331086812597143343e-01 1.547394565400257438e-01 -2.646082698564441449e-01 -1.375542113067640126e-01 3.140496585429638499e-01 1.938658048489892705e-01 2.606689993987385545e-01 5.393659852656109699e-01 -1.116842543830042223e-01 -8.861999733065274720e-02 6.095494927268707563e-02 1.355174583995028548e-01 -2.543449145497380780e-03 -7.477565862656000706e-02 -1.301114310179935230e-01 -2.523191691853723384e-01 -5.941780572472597777e-02 -2.126379334559225232e-01 -4.584657350076427190e-02 -5.400821493255825168e-02 -6.590910610718074374e-03 -4.203473485174079594e-01 -2.778850187553119633e-01 9.552276754193086972e-02 3.335746920763543732e-01 1.522374733889896026e-01 -1.119029819104501861e-01 -1.322465179583747208e-01 -9.621428244492585824e-02 2.423065247777413111e-01 -1.199791211201954866e-01 2.692240767147822261e-02 -6.657121358557709090e-02 1.993708186326156595e-01 -2.350894930768411273e-01 -3.672408476493898011e-01 -1.001788068855277575e-01 -2.483885351680119313e-01 -1.308437269600006003e-01 1.062383334590970840e-01 1.767934125539075418e-01 4.777766882025338280e-01 4.555479195207192133e-01 4.397369132046987095e-01 -3.036297189404572605e-01 9.357112301389973463e-02 1.347239812517962709e-01 2.210982518760328808e-01 2.770301285697387428e-01 6.222396494059197897e-02 5.722278163596786760e-01 -1.394093351665263714e-01 1.041259490946018634e-01 -1.653962524122179478e-01 1.959648546845443040e-01 4.542782692623167362e-01 -1.201003345780109338e-01 -1.870818446484644182e-01 1.584446212332205339e-01 -4.541330130713963631e-02 -1.861016595007562724e-01 -1.533339191862139184e-01 1.367131634359639025e-01 1.227399036886885481e-01 -1.793113173151780759e-01 -7.665589039457859633e-02 -1.808171513172087130e-01 -2.137493198062249966e-01 -2.001309763926758245e-01 -1.847021283542647774e-01 -1.748955052255588560e-01 -2.832773315651908042e-01 -2.263125285457461555e-01 -4.476360393312512342e-01 -9.407512561008990470e-02 1.259053503015289677e-01 -4.069881703823332586e-01 -1.707359620503039188e-01
