1.000000000000000000e+00 1.511968954727598569e-01 1.448843027896888069e-01 2.403225763040731655e-01 5.866625087829033941e-02 7.794730976197897232e-02 1.526520683645606613e-01 1.045379739053173135e-01 4.702394461367119527e-02 -2.289845695335520834e-02 1.444375024040120692e-01 1.532108387660065518e-01 5.225313303764941159e-02 -1.176672978049776580e-01 9.638404935254011978e-04 4.236411209406428791e-01 1.057020663346533162e-01 1.787521434827411826e-01 4.087363728097482413e-02 3.227194102845520191e-02 -3.027246165115228885e-02 -1.214602836341168585e-01 8.947703846405338779e-02 -2.496664062099463247e-02 1.876315272083393937e-01 5.421635019502744207e-02 -6.231123141071333305e-02 -4.785781413594653033e-02 -6.662537134336737887e-02 9.960497984758401313e-02 4.106840574798938104e-02 2.535895895481517504e-01 5.145430251722087761e-02 1.214156345294918476e-01 1.029271769344317911e-01 1.320097720019722254e-01 -6.719315791382979297e-02 -6.000325548793872948e-02 -1.392902972913020454e-01 -7.272552790445677151e-02 -8.112864108355551107e-02 8.237772516467266326e-02 -1.481098897165383510e-01 -5.006895745286944754e-02 9.119242076556427273e-04 -2.169577333344714365e-01 -2.974096631932538620e-02 -8.865126458892572114e-02 6.036934569427791081e-02 -1.085864798087112781e-01 9.817721716495898809e-02 2.708646082578397563e-01 2.175418056854099280e-01 -3.130073225579460550e-02 3.719457526487120885e-02 2.653951317984070898e-02 1.448553507280016250e-01 9.917946427560866973e-02 -1.941807925875480359e-02 1.378272849381302900e-01 8.530802507244138189e-02 -9.305342368918166282e-03 -1.193549265482351379e-01 -2.754749175063376729e-02 1.171473214558746839e-01 -3.166464972075598572e-02 -1.378680796891074145e-01 3.880141751321582871e-02 4.771599149675158358e-02 2.288912555797377457e-01 1.108059927477943879e-01 -2.151702004080707775e-02 1.069358764920068372e-01 6.266917642332554828e-02 1.047196037550290476e-01 1.461042762305347076e-01 1.061336612153449509e-02 2.336968908881822612e-02 1.403489382731057944e-01 -2.485942329111415910e-02 2.255990601155065216e-03 -1.784070565559786326e-01 -1.128177267015278706e-01 -4.426934033356541044e-03 -1.151004286737477601e-02 -1.833461912805307570e-01 2.509834338781698074e-04 7.008092267184495502e-03 3.488906152262928606e-02 -1.598623692057760670e-01 -2.009204233462362765e-01 -7.957446440012841404e-02 -2.377004049268750807e-01 1.123939708077971028e-01 -1.865183365744843003e-01 -4.395654344335809573e-03 -2.198485673399382390e-01 -1.330153738086846948e-01 1.229666592663593017e-01 -1.198950796771982158e-01
1.511968954727598569e-01 1.000000000000000000e+00 5.215574836831264882e-01 3.957650793196373917e-01 2.727138411389913863e-01 1.468321680006737240e-01 2.065290929741387116e-01 4.891726214095055147e-01 2.396008843536124588e-01 -2.459601319259639013e-02 -1.426739453059982510e-01 -5.728114665413923390e-02 9.137751747921893375e-02 1.127205417702612927e-01 1.922396682654980149e-01 3.589307669864815753e-01 8.627755577639144302e-02 3.154780149647208320e-01 3.606974456264853968e-02 -1.235945366453050087e-01 1.193235003932624633e-01 -6.529202501476841225e-02 2.977282411831089562e-02 9.717847982368853221e-02 1.716561749924953861e-03 4.245889868794402999e-02 -6.195585732550588920e-02 4.179725705673101310e-02 -1.756883056850188640e-01 1.599086753983381404e-01 -2.068393012341021575e-01 -2.173760257238436036e-02 -1.159327458162081048e-01 -4.723698198096835249e-02 -5.885179406158307092e-02 9.693302310168989966e-02 8.980656916897267195e-02 -1.754773352462098979e-01 -3.908530710273520198e-02 -1.007647310536022023e-01 -1.980844577160409126e-01 -1.055597339535176010e-01 -1.645478466002638640e-01 -3.385136862999975071e-01 -2.359902618473126157e-01 -9.010350589500142060e-02 -2.586489932873847764e-01 -1.760395673638045777e-01 -7.120988716456414999e-03 -1.816574334607242991e-01 1.559400871380958453e-01 5.742998185237258024e-01 3.484754311691330986e-01 -1.005379749493528901e-01 4.613579977642913721e-01 2.513822946309459128e-01 3.561961619481809338e-01 3.361752284598654161e-01 3.874233963743625025e-02 -1.323372789697211671e-01 1.984198662190073126e-01 8.461603058340559647e-02 1.458536195573619243e-01 2.191236622567437342e-01 2.880950581007941103e-01 1.990448379096232678e-01 -1.774573899911033870e-01 2.208346602254106505e-01 8.989307427646599236e-02 2.318735583865609295e-01 2.012249632304912994e-01 -4.334188187898581346e-02 2.326206280578231242e-02 -1.671793202665440570e-01 1.476981142903798228e-01 8.157246177990618019e-02 7.250341243480498687e-02 1.164817361255381239e-01 -1.218857722243105873e-01 -1.465261516302982792e-01 1.541928303194856770e-02 -2.528305528512613809e-01 -4.241269442935319961e-02 -5.806790360511131233e-02 8.112345860906727824e-02 -1.743621904559425340e-01 6.609330860645724892e-02 -1.146607768092098162e-01 1.604814665225459958e-01 -3.051164612945153065e-01 -1.122698636082855722e-01 -2.338856618795933373e-01 -9.225366266632507861e-02 1.185700277196567870e-01 -1.212082052397352588e-01 -3.812957051109599482e-01 -2.407459557216254931e-01 -9.912827623499334551e-02 4.536639482813916574e-02 -1.107632000801775790e-01
1.448843027896888069e-01 5.215574836831264882e-01 1.000000000000000000e+00 2.064969453538035571e-01 3.915887055916952852e-02 2.753049629528092068e-01 3.147746689416697219e-01 4.865139356266296455e-01 2.284899832328905478e-01 6.023808279418534778e-02 -1.214827121404095794e-01 1.044887568491797980e-02 5.909657502914570509e-02 1.385927205643840698e-01 2.589441313922247745e-01 3.051322687465093386e-01 -4.285124575393038301e-03 2.406633527334265110e-01 5.496673983172127576e-02 -1.946883433183852208e-01 7.477064734286224812e-02 -1.096410986061731874e-01 -6.922503979291984300e-02 -3.214964793413752943e-03 2.128922357642473173e-01 -5.564470225276386267e-02 3.287812861923258140e-02 1.272705297870870347e-02 -2.035827362314930611e-01 1.194415385333528618e-01 -1.307237176172850179e-01 -8.763607732331135658e-02 -1.922422407844126546e-01 -1.565797697684457312e-01 2.145167233942432694e-02 1.252187406761864352e-01 3.415524654354455680e-02 -1.470209994253387498e-01 2.695394985098764629e-02 -3.195446262383950381e-02 -8.151439552508578379e-02 -1.160306334303159298e-01 6.920687973957255490e-02 -1.536547342889959256e-01 -3.886165237144503792e-02 4.900588377499514280e-03 -1.777154765405276615e-01 -1.400293338080592920e-01 1.503022999411392779e-01 -1.011001305642252046e-01 4.639451567670373200e-02 5.327858149160804579e-01 1.185227657907920451e-01 7.064430422829949541e-02 3.890004033283944174e-01 4.511330560697507375e-01 3.872474096662207876e-01 4.228940278392430696e-01 2.222576780108105263e-02 -9.389396676420849394e-03 9.946551607702384945e-02 -7.258422956729775055e-02 1.265982802755450665e-01 2.876122632029576853e-01 2.569714512461335754e-01 2.211370580435546573e-01 -1.771948344386510277e-01 9.510691542657510877e-02 -8.713570279090405990e-02 1.527865428776406798e-01 1.586354771232673655e-01 1.630256136098259118e-02 -5.917635275551706708e-02 -1.172596802121470966e-01 5.328789156224560813e-02 -7.434490275083284472e-02 -2.812151041340919810e-02 4.600517540464741685e-03 -9.322676823855131911e-03 -1.774797734900190882e-01 -1.609461374028854364e-01 -3.436674820597608315e-01 9.122445951093677285e-02 1.421150741659783778e-02 4.549465713427856828e-02 -1.624595741660452841e-01 3.384488889816916063e-02 1.584121945106870336e-02 9.178219824164993157e-02 -2.301669160802133351e-01 -6.844184262479047209e-02 -1.577559850967120147e-01 -5.162662607329102094e-02 -1.046294036706981317e-01 -4.986975880079993735e-04 -1.257242112887904661e-01 -8.119649721347245441e-02 -8.460921111128827388e-02 8.705542118394828111e-02 -1.353966377908736585e-01
2.403225763040731655e-01 3.957650793196373917e-01 2.064969453538035571e-01 1.000000000000000000e+00 1.169572019023545489e-01 1.814097499410443903e-01 2.060487085166512466e-01 4.002219949270934274e-01 3.309137528765846437e-01 1.467503093270486891e-01 -6.591264534170170053e-02 2.902342836612229957e-02 9.019252515947323579e-02 1.511329104407404256e-01 1.723744136317605091e-01 1.951768116024619193e-01 1.584556762093952409e-01 3.079891182853614073e-01 5.620223580853143941e-02 -2.032646712711492359e-02 1.502467848573319498e-01 7.626083297755677226e-02 9.743795804437060948e-02 1.051630210427829532e-01 2.367094157543130073e-02 4.127234861191588638e-02 -7.989000368532542251e-02 2.664886267416249899e-02 -1.525378319390619242e-01 1.979907488874782240e-01 2.658450194800130936e-02 -1.114767870737660461e-02 -4.885044920992757250e-02 -1.631818738626662768e-02 -2.067743653351744159e-03 1.160738054836866623e-01 8.398693438079646301e-02 -1.123547546573743505e-01 -8.793069699548963780e-02 -3.888264313612698614e-02 -1.046277153826012940e-01 -1.227410182542526124e-01 -1.285719074234828452e-01 -1.082937514938068085e-01 -2.335699410388475949e-01 -1.708209947298269457e-02 -7.305082594975749466e-02 -1.645258286134508030e-01 1.296373469790551847e-01 -3.213528550250902699e-02 1.074388076531016117e-01 3.568453467913387245e-01 2.337552738441191769e-01 -2.259105056649732268e-01 4.713374131370211551e-01 2.574669973082386321e-01 3.683111495164303473e-01 3.881613380186343942e-01 2.637443815671026148e-01 5.993296895811200953e-02 2.572850887935425046e-01 2.043322035203535558e-01 1.592861495219078383e-01 7.868997549289591387e-02 1.913135558387348834e-01 1.358046251538602145e-01 -3.591529365786136352e-02 1.744151993102635301e-01 -2.342288957277253308e-02 2.407829988507054486e-01 1.537344953330531117e-01 -2.142443460981627388e-03 5.728712589116561477e-02 -1.475058471351241574e-01 1.659512509261257263e-01 1.037349907980250063e-01 -1.072326355266488632e-02 9.394254121812400937e-02 2.416493083967999084e-04 -1.819578930391459459e-01 4.902974925096722364e-02 -1.461661816465899544e-01 -1.104369400719143884e-01 -1.012663308613466762e-01 -6.415002688651168239e-02 -7.086082546109963298e-02 9.464360551994944332e-03 -9.999424151695811280e-02 1.466511164962298330e-01 -1.682502111399677147e-01 -2.181141658971631203e-01 -1.237347369234517193e-02 -1.126283982437115694e-01 1.632614933708912974e-01 -6.951272248181000757e-02 -1.449598363674143298e-01 -1.229099197867036114e-01 9.815226909977445638e-03 7.802548282873159047e-02 -1.612470893518747755e-02
5.866625087829033941e-02 2.727138411389913863e-01 3.915887055916952852e-02 1.169572019023545489e-01 1.000000000000000000e+00 8.290522934142106892e-02 9.157295819065533471e-02 2.251339529265507233e-01 2.847194385096689651e-01 2.010762101531255591e-02 -6.385460133159994237e-03 -3.105857019899393306e-02 -1.048816826944741314e-02 -5.114718867268665259e-02 -1.723959947600920695e-01 -9.085125657438178348e-02 1.524828572485700459e-02 -2.275978452472879679e-02 -2.767132499539384782e-01 -8.623752423099352582e-02 2.663903743204681374e-01 1.023784992919924003e-01 -8.648355115887559896e-02 6.754407189681865820e-02 -4.591061726675295385e-02 5.250770796788672284e-02 -2.601912516817257992e-01 -3.697011879931927369e-02 -4.162142401327330321e-02 -2.205752966390221725e-01 -9.741484363700426974e-02 2.577954313271713788e-02 -1.664945593577512595e-01 -1.331410170163463136e-01 -2.101370932654305079e-01 6.423995709904406493e-02 2.436540339461346419e-02 -5.209640378101109554e-02 -9.214005612959208502e-02 -6.031558908348416681e-02 -5.521175890204871317e-02 -2.107901742591501981e-01 -2.155552628271525939e-01 -6.845257313753158601e-02 -3.365185823373055829e-01 -4.945529750963514187e-02 -1.067715806271719997e-01 -2.118265256245445149e-01 5.968263064745094049e-02 2.312053414288058051e-02 3.387427244851269892e-01 5.916649799625108008e-02 2.964958542034156763e-01 4.644564494634835484e-04 2.183871019294534865e-01 1.024295452024129860e-01 2.053105451180200214e-01 1.779348486134556262e-01 8.330649757065107519e-02 -2.695459231501947661e-01 -5.200389055559784951e-02 1.231017455014143253e-01 9.950824298939484058e-02 -1.703384825447090689e-01 -1.844487910472372150e-01 -3.250077663496282049e-02 6.657349655195492211e-02 -1.201558645347383094e-03 1.193830591091101373e-01 -3.557851869546705542e-02 2.928834608469760292e-02 -1.415263815015216538e-02 2.488976154062696663e-02 -2.408933626642810466e-01 -6.952335877819150294e-03 -1.628232827084701018e-01 9.392707665571740916e-02 6.010124641954972535e-02 -2.000527297674151161e-01 1.556180409507880724e-01 9.578990397633768694e-02 1.389900372365336922e-01 -2.875366145906824711e-01 -9.727797227531548296e-02 -1.219587696058807430e-01 -1.678450318781842324e-02 1.698273018540041590e-01 -5.860487336054305552e-02 8.120633434297588882e-02 -1.069873589185196261e-01 2.053301919479798565e-01 6.756497354704196767e-02 -1.719936033550875307e-02 1.913926369220482204e-01 -1.484679422099179080e-01 -2.706344538934930544e-01 -1.362741753628566588e-01 -1.492422394311909706e-01 1.299726033843747646e-03 1.381064951547604780e-01
7.794730976197897232e-02 1.468321680006737240e-01 2.753049629528092068e-01 1.814097499410443903e-01 8.290522934142106892e-02 1.000000000000000000e+00 4.132782366467339652e-01 2.707256159062881307e-01 3.297315401443090543e-01 8.687199203730171237e-02 1.237712426569975988e-01 2.327979839755547342e-01 -3.301791192016029219e-02 -1.275889212652513149e-02 -1.077149361573626479e-01 5.648484819716763361e-02 -6.329254105581499576e-03 6.085950743231632182e-02 -1.191217221913204016e-03 -2.576807299384089103e-02 9.053593834551164343e-02 -8.201081697720938313e-02 4.128357951352351618e-02 -1.080357466298808300e-01 4.232897377687663276e-01 5.526772055778425563e-02 -3.489051988267179161e-02 -7.127886627266277753e-02 5.373004863952252075e-02 -5.416953009278767384e-02 -1.723191687112646808e-01 -1.874011488072827025e-01 -2.152381549392119453e-01 -1.624562563355657907e-01 -1.769240624168726128e-02 1.659378595956403080e-01 -3.209902073253465549e-01 -1.386167344988639138e-01 -1.026118235657252215e-02 2.934596705197575206e-01 -9.592899830842692432e-02 -5.395194649978742041e-02 -1.063885778473718929e-01 -5.516653446471052324e-02 -1.840568256923117707e-01 -1.450718425393235367e-02 -7.505378024640781132e-02 -3.743974484201097880e-02 4.685362451879124257e-01 -9.321768389584719761e-02 2.989812876882133597e-02 6.502008207236228965e-02 -3.374326978375434549e-02 3.298049979336937221e-01 2.213024370587201861e-01 5.036454884116011721e-01 3.020106652043108020e-01 2.827443126283934460e-01 1.223118455245315178e-01 2.348815412935244262e-02 8.601964820465041184e-02 -1.269768032201124830e-01 -7.067696976663515041e-02 -8.577825030666989814e-02 -1.369066364285590753e-01 -1.057939082576784262e-01 2.001331824092011380e-01 -2.172266562525138611e-01 -1.688082177448597121e-01 -5.893940817148695527e-02 2.905483893903948803e-02 -1.509596821848456782e-01 -4.534170452941593127e-02 2.172344610633389628e-01 -4.699988933029684152e-02 1.490139248509272651e-01 1.743385141340985517e-02 3.446146535408082384e-02 -2.027502946578787768e-01 -8.115054786404432563e-02 -1.599460593804966635e-01 -2.518605850752627107e-01 -1.606059136823224376e-01 -1.484342083843398219e-01 -7.286051746934404938e-02 -1.689829979956388173e-01 -1.254474937981098770e-01 -6.400663614744390995e-02 7.844665601532646582e-02 -5.284202294766929264e-02 5.527621630507392747e-02 1.534014596128535912e-01 4.372014019543164071e-02 -3.396183967316514229e-02 -5.374880345604117482e-02 -1.122230495952445395e-01 -8.282863483515603975e-02 -3.612366372337780934e-02 1.481460233024782802e-01 -9.984806483154773371e-02
1.526520683645606613e-01 2.065290929741387116e-01 3.147746689416697219e-01 2.060487085166512466e-01 9.157295819065533471e-02 4.132782366467339652e-01 1.000000000000000000e+00 3.363684663612314663e-01 3.243743436814359726e-01 6.175271613640626565e-03 3.064179247028838149e-01 3.570900147715728723e-01 2.950847137363261929e-02 -3.561676249019909285e-02 -1.303501895624667450e-01 2.313145523481890398e-01 8.759080467196439512e-02 2.709271604989087479e-01 9.317466385522979455e-02 2.216927109308869381e-02 4.565365983439206160e-02 1.942200944563467202e-02 7.901787998647753775e-02 1.325224439295746848e-01 2.649890050213741244e-01 4.654385276202998439e-02 -2.039794414763748242e-03 -2.390082907182145000e-02 -1.285783494811405525e-01 3.565010650375569079e-02 -3.511842344590689058e-02 -5.865982670561691037e-02 -1.086857671379866802e-01 6.928282136968506866e-03 1.208218325536846438e-01 2.311829484230657206e-01 -3.204122805512972239e-01 -5.751003745110545851e-02 5.088837086014733231e-03 1.003954457959457952e-01 -1.974342902137081815e-02 1.391838736085675111e-03 -3.104797399010583714e-02 -1.288326423336594029e-01 -1.207380776179417942e-01 -3.405438365813569929e-02 -9.164715278894999470e-03 1.958492827879842416e-03 1.911847016436717395e-01 -7.949028435826689665e-02 4.744545269907436691e-02 1.917555775620241598e-01 1.009477414899017378e-01 1.833934011803871333e-01 1.831011681790811751e-01 3.572352925821485892e-01 3.705213408067964953e-01 3.402938355330475395e-01 9.687202456616779422e-02 2.325104783781161144e-01 1.293467400873118400e-01 -3.785746965999952501e-02 -1.818037713483228457e-01 -4.643745580076089757e-02 -3.224781855522008186e-03 -1.307274360267406121e-01 1.485313760863179733e-01 -4.710295805217799836e-02 -8.240238084022377674e-02 2.568512350930896374e-02 4.032850676652716820e-02 -1.388190424307050586e-01 -1.078684504454397591e-01 1.145930008240634984e-01 9.059570844826000946e-02 1.003417442188025560e-01 -5.340567719760142690e-02 3.768295747649515887e-02 -1.215438683024251676e-01 -1.576761371380773769e-01 -1.248481844432274418e-01 -3.444737720353236998e-01 -2.365248814797531740e-01 -1.532066438371594841e-01 -1.350129787593681019e-01 -2.906469946587279529e-01 -2.167449238000657696e-01 -1.221484363108548271e-01 1.767440757856680589e-01 -1.009873773045151107e-01 -1.356940214128941613e-01 -2.842163563448848670e-02 -1.351106739133257351e-01 -4.370158001597938824e-02 -9.586662965524977986e-02 -1.476793997436689487e-01 -2.127826033438319775e-01 -1.856421034081743582e-01 1.118005578981485781e-01 -7.617703963026944969e-02
1.045379739053173135e-01 4.891726214095055147e-01 4.865139356266296455e-01 4.002219949270934274e-01 2.251339529265507233e-01 2.707256159062881307e-01 3.363684663612314663e-01 1.000000000000000000e+00 5.549030040789180163e-01 7.175998072638888059e-02 1.338123766866283065e-02 8.021519448470075531e-02 3.797466888270795843e-02 1.061530665105823307e-01 -8.553093757702723288e-02 2.033986516127290478e-01 1.444409500111631661e-01 3.908627885306398819e-01 8.706116850332555612e-02 -3.423258052394860251e-01 1.851864406520317974e-01 1.656527449478312555e-02 -9.559464604719840330e-02 3.717694172003283004e-02 4.851625914604534850e-02 -3.371941180942557292e-02 -1.500745316590750278e-01 -2.318180194870673450e-01 -1.920609360581596314e-01 -7.553086853094197368e-03 5.484260485152208904e-04 -3.767127578976998958e-02 -2.632886935115262839e-01 -2.781892924318190574e-01 -2.316051262074977912e-01 1.026338590283028401e-01 -1.402745093089794726e-01 -3.968096532990139647e-02 -2.355135474181096686e-02 -2.030700675267861910e-01 -2.215711256129004048e-01 -1.352792661374402627e-01 -2.057102226688042323e-01 -1.636045716270673744e-01 -2.541269880197598585e-01 -1.105877752211982257e-01 -2.609290365192825090e-01 -3.355491292159656913e-01 1.397895672268997629e-02 -1.850444440542197144e-01 2.729532696049833396e-01 3.958633510160435853e-01 3.413886304328145882e-01 1.113801472973292850e-01 4.325934725298041239e-01 4.454422984004781649e-01 6.883670714770541155e-01 6.280538114738105637e-01 1.038174290383828413e-01 -8.562295726604723933e-02 3.950238402373081048e-02 7.952864106474932804e-02 1.590099158229932308e-01 8.814544998843586165e-02 9.099929014144873818e-02 -5.591692449102525589e-05 -6.901269794991110595e-02 1.745075091434488412e-01 1.073525900131865468e-01 1.392468412583127979e-01 1.646806537750251931e-02 2.234667649334686618e-02 -3.176490898243863881e-02 -1.966364745957973059e-01 4.006360111528251000e-02 -1.147421468657923854e-01 1.541855154170458479e-02 2.148942359657554212e-03 -1.079621533592727001e-01 8.899415732412671240e-03 8.921441490550988725e-04 -1.694382544705840821e-01 -2.099924560679553853e-01 -2.330041743571320545e-01 -1.174373966164280608e-01 -1.868044977764175552e-01 4.193308958661269049e-03 -4.053405231898074557e-02 4.949253703150460759e-02 -2.342242987969156698e-01 3.017409778223391348e-02 -5.787706318934059124e-02 -5.477915867621495349e-02 -2.715215332918846994e-02 -8.403841337145233348e-02 -2.245506541799703049e-01 -2.012902845644852501e-01 -2.156270140130181756e-01 -1.399043706795752851e-01 -1.258652450880063667e-01
4.702394461367119527e-02 2.396008843536124588e-01 2.284899832328905478e-01 3.309137528765846437e-01 2.847194385096689651e-01 3.297315401443090543e-01 3.243743436814359726e-01 5.549030040789180163e-01 1.000000000000000000e+00 1.892726103320701292e-01 1.186589537252443760e-01 1.832654208837246890e-01 6.916587961862709355e-02 -1.215916301522466103e-01 -2.577947065414224470e-01 -4.248175820986331563e-02 1.829189262417664497e-01 2.250836322521225785e-01 -9.284524884212261298e-02 -3.477550739192160623e-01 1.729386848480076455e-01 1.622120506940142037e-01 -1.437794824301440733e-01 1.625843852972744530e-01 -3.199984363349473587e-02 1.624941942686893293e-01 -2.583549612000949902e-01 -2.299187956421963330e-01 -1.731693916051547100e-01 -1.266929289531910571e-02 1.513349390839557329e-01 4.197937537748563930e-02 -2.892513547288746434e-01 -3.272913947992527328e-01 -2.339742640711127142e-01 3.053051836015587273e-01 -2.056218837022154022e-01 -1.561918636251200324e-02 -1.791013230428498137e-01 -1.960653329520280208e-01 -2.764251158047607571e-01 -1.601943978929346035e-01 -1.617971253006257326e-01 3.315775942321864261e-02 -1.436327710678123593e-01 -1.693011971394122461e-01 -2.418869530232984344e-01 -3.735968189839504738e-01 9.315101619491124307e-03 -1.797771117760876836e-01 2.311316483827264290e-01 1.425216845114202491e-01 2.575138435627948863e-01 6.332513860648965841e-03 3.765487417895415634e-01 4.711856242329701128e-01 5.030326003532782364e-01 6.639947406080791703e-01 2.457006440228459154e-01 7.530958218701407081e-02 9.174599198122099231e-02 1.721512928089090899e-01 8.078500535860175247e-02 -2.159501161266482450e-01 -1.386519198065560288e-01 -1.186124724814660580e-01 -7.823689064023130191e-02 9.204966380704748818e-02 1.333352074125517817e-01 -1.548190948368222651e-02 -4.201859851404479707e-02 1.281918403287568287e-01 -5.779199004954105323e-02 -6.451591590733821158e-02 1.378125180233737701e-01 3.277659545370805588e-02 -3.405545173149456678e-02 1.687512043836727343e-02 -9.174583271623294733e-02 1.358730213145746823e-01 1.012411214981150803e-01 -1.559708406245081114e-01 -3.541658055071463251e-01 -2.761673214641826024e-01 -1.835189219392764637e-01 -2.207184957817037996e-01 -9.488151793733187733e-02 -1.220831785032364253e-01 1.480062548883367274e-02 -1.258478738049796930e-01 -6.904123973977729922e-02 3.904337023840233345e-02 -1.611613055732046274e-01 -1.178631454565283315e-01 -1.005585610733373686e-01 -1.358854700651893066e-01 -3.040987299547001088e-01 -3.226760109602437310e-01 -1.727831228091304683e-01 -1.357976277997007264e-01
-2.289845695335520834e-02 -2.459601319259639013e-02 6.023808279418534778e-02 1.467503093270486891e-01 2.010762101531255591e-02 8.687199203730171237e-02 6.175271613640626565e-03 7.175998072638888059e-02 1.892726103320701292e-01 1.000000000000000000e+00 -5.201243051240820453e-02 2.810419288604551133e-02 1.120825165535450779e-01 1.090770987005714732e-01 1.943512315089877540e-01 -4.143051882734472696e-02 1.394843933513052192e-01 5.975025681401015948e-02 -2.934208987502147023e-02 3.814264145865738087e-02 1.896994373717974525e-01 1.899039386232674043e-01 9.935464345826440502e-02 2.908837103606917718e-01 1.573313678128444304e-01 3.487329032799615369e-01 -1.403289957319662773e-01 1.238790833424023019e-01 3.321552549487623990e-02 1.058669114721183940e-01 3.810530550017805773e-02 1.941973814880965793e-02 -1.260103611389105371e-01 1.140853839062569777e-02 -1.307568525067114018e-01 -2.985223055940317005e-03 2.764819007629081352e-02 -3.564752088031712951e-01 -3.673167023268343878e-01 1.813023027936760678e-01 -3.561816696017600092e-01 -1.898325287373858750e-01 -3.756730848033593140e-02 6.961146258725693300e-03 -7.741737548534038948e-02 -3.114463787942762796e-01 -3.236942234293465059e-01 -2.141805767550889750e-01 1.802594357717635931e-01 -2.633852424067636977e-01 1.876581874672206274e-02 8.105268533590509472e-02 -1.206622396691122215e-02 -8.829343000043698986e-02 1.939430306941158921e-01 2.637072627644177492e-01 1.325842127565758817e-02 1.479983562390013163e-01 5.607748571880710742e-01 1.900641190450657325e-01 1.957034684638154498e-01 1.516392767077968662e-01 1.593346171399200595e-01 -3.613101652177998918e-02 5.750766711453367958e-02 1.412319282323487857e-01 3.011264403656253516e-02 6.701671792881995493e-02 2.024973803255168403e-01 2.344148843274618810e-01 3.231438861243689509e-01 3.583039266667889522e-01 1.696958215620588684e-01 -1.302702717393158238e-01 3.375935157215432247e-01 2.521990368413292161e-01 2.123894000178156438e-01 2.897668776502802523e-01 2.072533865391839800e-02 1.734266332080134504e-02 2.013583267412180355e-01 -1.291291272599344730e-01 -1.807747643384286299e-02 1.946833068295778235e-01 1.872519399023687414e-01 1.270130556105745767e-01 5.131888765334521874e-02 5.947452355438303390e-02 4.702959594098273660e-02 -8.225852767968504231e-02 -1.997183049224276752e-01 1.750999069462703950e-02 -1.563997815709853301e-01 -2.148051718436336244e-01 -1.302925660378849992e-01 -4.638941052106291402e-02 -2.812005376522163647e-01 5.787287743405783447e-02 6.883212453749514015e-02 -1.919401121120996867e-01
1.444375024040120692e-01 -1.426739453059982510e-01 -1.214827121404095794e-01 -6.591264534170170053e-02 -6.385460133159994237e-03 1.237712426569975988e-01 3.064179247028838149e-01 1.338123766866283065e-02 1.186589537252443760e-01 -5.201243051240820453e-02 1.000000000000000000e+00 6.860123867052254631e-01 1.633866458365116625e-01 -6.856819421413376525e-02 -1.245838507553556906e-01 9.628344267112728949e-02 8.703073290629760594e-02 -2.308978322454623838e-02 2.885323808334206569e-02 -2.576674713948263334e-02 6.721535016409554975e-02 4.757716429476567532e-02 1.652593533246730084e-01 2.068660451357369756e-01 1.555403086458671258e-01 1.139349118322719456e-01 -2.669499343998313345e-02 2.755541421358478904e-02 -4.467221088204909041e-02 1.099918306284606434e-01 -5.861371072287781259e-02 -1.175296841126812486e-01 2.187901577009409779e-03 -2.933627433615995650e-02 1.519906634513167043e-01 2.626029802908786959e-01 -4.698746070549395526e-01 -8.220686020196289745e-02 -7.897734647105474071e-02 -2.064610034025401164e-01 -1.171082759100695037e-01 8.873985896248980099e-02 -2.694604716519805043e-01 -8.526082381902173879e-02 -9.336191657501551056e-02 -1.490089685479984438e-01 3.769559971236533663e-02 4.042986110550840506e-02 -1.368461457679641113e-01 -2.075821573007418375e-01 -1.030197687664295148e-01 -1.801537432662644600e-01 3.187126057709765287e-02 2.389616383076527961e-01 -1.587352174687337580e-01 -4.021986674819429813e-02 1.090061474767823613e-01 4.338175699929030377e-02 4.584586736006471958e-02 4.931780141645517035e-01 2.700844139580100278e-01 7.439589187954044613e-02 -1.569263158730437036e-01 -7.774215989471618127e-02 5.653180971138214300e-02 -1.617062873489902852e-01 2.420395919569838239e-01 -1.576985805196626234e-01 7.912017941974827662e-02 -4.276062111741059726e-03 -6.598722806772396032e-02 9.202971452926653195e-02 4.341869243524474481e-02 4.636016059838464209e-01 2.974897166285160877e-01 2.706675058292749569e-01 3.998065942105807208e-02 2.407047528175375040e-01 -1.180955769452448345e-01 1.503052635938171948e-02 3.132414433066293795e-03 1.942148678237129791e-02 -1.582903142596139845e-01 1.529013157138528756e-01 8.913197143110383747e-02 -2.818858531328718997e-02 -8.048718302660838597e-02 8.157284045106008574e-02 1.037805354878219705e-01 1.632799852360561077e-01 6.192916483523103893e-02 -4.277899666497920333e-02 -4.192262230243377213e-02 -9.395927327162917342e-02 1.010730906912288285e-01 -6.011013135947368413e-02 -5.357609480009063035e-02 1.935567267170327371e-02 -1.247219492863485824e-01 -1.258963630018113677e-01
1.532108387660065518e-01 -5.728114665413923390e-02 1.044887568491797980e-02 2.902342836612229957e-02 -3.105857019899393306e-02 2.327979839755547342e-01 3.570900147715728723e-01 8.021519448470075531e-02 1.832654208837246890e-01 2.810419288604551133e-02 6.860123867052254631e-01 1.000000000000000000e+00 2.461581845912265143e-01 -1.267662528948777789e-01 -1.534279021104667795e-01 1.055637975149512076e-01 2.258745412393680929e-01 1.544784609394128996e-02 2.858326819908592678e-02 -8.011250920949879173e-02 9.490540387912908826e-02 6.248753252142223713e-02 1.344363919742581348e-01 2.378301135433064650e-01 2.593607615714401127e-01 1.775640242925232148e-01 -4.879038961106069161e-02 -3.748950340849846463e-02 -7.832725674294656326e-02 8.610066532381885351e-02 -2.358118613087236207e-02 -1.298604488638952503e-01 -1.027230119529096708e-01 -7.649088929663878933e-02 1.096181159742708328e-01 3.413362399462182561e-01 -5.041038755952427231e-01 -1.624093915920137021e-01 -1.264507718252785295e-01 -9.567702057096980073e-02 -1.714141153420268848e-01 -2.909431997627620614e-02 -3.215483263240722089e-01 -4.596532460546297327e-02 -1.233528355590702702e-01 -2.102539677466654100e-01 1.290762195621601195e-02 -4.589192297053695108e-02 -3.600148447099903171e-02 -2.013560969389068256e-01 -5.051628152583442777e-02 -9.513736565065389339e-02 4.533247158448316244e-02 2.424476653148562311e-01 -9.882960874602586543e-02 5.352425650987219924e-02 1.494334594983288134e-01 1.279699111142846846e-01 1.223081843107676203e-01 4.904194525481640476e-01 4.542888633714051161e-01 1.725299975746568404e-01 -4.672652279269370185e-02 -1.472055815539422829e-01 -5.055325545519444123e-03 -1.969275372855905371e-01 2.702944617415788953e-01 -7.881993570224501977e-02 7.873912209346072000e-02 -1.883808047439667482e-03 -3.711933953106279910e-02 8.869676406352054732e-02 -4.552924679922334440e-03 3.782841536505183733e-01 3.477470218256012990e-01 3.442253506724085033e-01 5.584137527686723612e-02 2.372209769986870498e-01 -1.042260188626542572e-01 1.704943808593454777e-02 1.705782602423758232e-02 -2.279728820430834343e-02 -1.541206793419964138e-01 7.826777244931934496e-02 8.295694432564459930e-02 2.206635882880851954e-02 -3.784050680676297879e-02 9.294866928171727563e-03 1.811020851469069270e-01 1.611653601151667725e-01 -1.128852249931635264e-02 1.625610623960051238e-02 -2.885557078050804761e-02 -3.583067430612232179e-02 7.820933355237262574e-02 -9.396494525156283417e-02 -1.245092404159831301e-01 -8.115827262942203538e-03 -1.112102245903638931e-01 -1.141853263275178915e-01
5.225313303764941159e-02 9.137751747921893375e-02 5.909657502914570509e-02 9.019252515947323579e-02 -1.048816826944741314e-02 -3.301791192016029219e-02 2.950847137363261929e-02 3.797466888270795843e-02 6.916587961862709355e-02 1.120825165535450779e-01 1.633866458365116625e-01 2.461581845912265143e-01 1.000000000000000000e+00 5.021992497860517518e-02 1.112140754666301051e-01 1.937753706424045347e-02 4.247884936302383507e-01 9.491370552167809060e-02 8.395954960615653606e-02 1.351169105174326347e-02 1.648473349476882455e-01 3.453900364925331368e-01 2.502797762869972131e-01 2.322042414883530026e-01 1.571482507195132994e-01 1.573205653652889613e-01 2.154190506025283058e-02 1.997894501789423127e-01 1.713816002957013751e-02 3.077011794100413811e-01 6.258875827474042960e-03 1.133821151576282910e-02 -8.268171869052931555e-02 9.901596593499464860e-02 1.592927325850936049e-01 1.269759708632111350e-01 -7.215371794623300084e-02 -2.556739976295978045e-01 -2.655210389093305978e-01 -1.740361725199044141e-01 -2.232866444558033736e-01 -1.785816912463234485e-01 -1.936408130692677809e-01 -1.805442067686645891e-01 8.782775298095051031e-02 -1.260704554429992186e-01 -1.442028776166685844e-01 -6.608310325081186154e-02 -1.863784347208764236e-01 -2.290188728887742886e-01 -6.056935172939521134e-02 1.020177905522643425e-01 1.437705564807430399e-02 -8.710013130896140932e-02 7.176446594030374757e-03 2.932882189104176612e-02 4.386561686658476539e-02 8.001772895723636980e-02 1.517232441417194766e-01 2.998575590540121794e-01 5.207914525496323277e-01 6.833974232318567044e-01 3.916931081244953150e-01 -5.350188574479444042e-02 1.147148770698172005e-01 1.511371590273383539e-02 -6.270432017007864130e-03 2.698850259414599106e-01 2.314202081446343762e-01 2.920900412757180820e-01 2.538274304185326180e-01 3.957123216042773839e-01 2.255354999654828885e-01 -1.647351667402360484e-02 3.941076666117371841e-01 3.055053639000087085e-01 2.114963094029621571e-01 3.018965861875091972e-01 -3.256518917542689656e-02 9.801424057741142670e-02 2.277281959904643438e-01 -1.324126448042062601e-02 -6.362793094821359019e-02 2.783100299214259499e-01 3.161549129280558645e-01 2.558132170260608018e-01 1.887112770768564207e-01 -5.921402595316573730e-02 1.260730530854276832e-01 9.741611689846105260e-02 -2.942714927411040349e-01 -8.853338950511530081e-02 -1.300232973793913616e-01 -1.306875819343981948e-01 1.776647241083469941e-01 -1.848257403698767842e-01 -1.369514735382735271e-01 1.220218254071452624e-01 -1.182896039260577375e-01 -1.344248842255065524e-01
-1.176672978049776580e-01 1.127205417702612927e-01 1.385927205643840698e-01 1.511329104407404256e-01 -5.114718867268665259e-02 -1.275889212652513149e-02 -3.561676249019909285e-02 1.061530665105823307e-01 -1.215916301522466103e-01 1.090770987005714732e-01 -6.856819421413376525e-02 -1.267662528948777789e-01 5.021992497860517518e-02 1.000000000000000000e+00 4.770904584824481320e-01 8.632576146958445551e-02 5.673479766265780017e-02 1.450732229127910944e-01 4.577493452432471188e-01 8.532717395722246023e-02 2.400351259982502206e-01 7.114955396543261312e-02 2.947083646358490960e-01 4.276321736885558417e-02 9.575943983140633095e-03 1.178951111122382087e-02 2.039878111152738371e-01 2.031231476837689898e-01 9.387359648150356284e-02 2.506983754336521431e-01 -2.325576119256847485e-01 -2.875113545487802402e-01 -4.638030216510917285e-03 1.919230309771718240e-02 7.358605757803299285e-02 -2.238556580318778466e-01 9.402765840417565135e-02 -1.143976882070425194e-01 8.175826413440884233e-02 -2.631906282348341758e-02 -4.944803589607735944e-02 6.255404202833791949e-02 1.912674124211457410e-02 -3.149492351806552626e-01 -2.361968793574842629e-01 1.197268909734720693e-01 -3.711846629915394047e-02 1.666482919666900930e-01 1.875125153106850517e-02 -7.198444368836133533e-02 -4.473652872237104949e-02 1.780668172391114967e-01 7.788087996407126734e-02 -1.116591171430790508e-02 1.962552072104112311e-01 7.075163892846292324e-02 8.896217790748163490e-02 2.474858435139586782e-02 1.068650613701319640e-01 -1.690930132802165031e-01 -6.819492915794237451e-04 -3.958738070305579254e-02 2.343895696005454110e-01 4.610216427053701604e-01 3.199934647023292000e-01 4.623475908743614471e-01 1.611954208787818102e-02 1.268892105843081319e-01 2.993293563050252945e-02 2.204504496311477657e-01 2.377962776215612195e-01 1.032865820402362328e-01 2.817570747880985271e-01 -1.052439280668557436e-01 6.228933771449165352e-02 6.096552505684544460e-03 1.836765188168122676e-01 3.090488356995241825e-01 -1.722829173213877296e-01 -2.626582404858142095e-01 3.530151192025578893e-02 -8.937764900830215409e-02 1.080708999114655400e-01 1.398437984802865242e-01 1.815710878840890996e-01 1.916914870038133600e-01 3.729388094277485965e-02 2.540386740325120685e-01 1.205641832468704322e-01 -1.275347847724339900e-01 5.847334046662262808e-02 2.272013224212613564e-02 1.015544753987046162e-01 1.424272893215932333e-02 9.185057777006838675e-02 -1.538703181768822925e-01 1.645490206611975315e-01 2.918649279863473889e-01 7.245608925642012255e-02 -6.927718290168882742e-02
9.638404935254011978e-04 1.922396682654980149e-01 2.589441313922247745e-01 1.723744136317605091e-01 -1.723959947600920695e-01 -1.077149361573626479e-01 -1.303501895624667450e-01 -8.553093757702723288e-02 -2.577947065414224470e-01 1.943512315089877540e-01 -1.245838507553556906e-01 -1.534279021104667795e-01 1.112140754666301051e-01 4.770904584824481320e-01 1.000000000000000000e+00 2.174336765444042918e-01 -1.012252546579034129e-01 1.196703428806319830e-01 1.558431831571334969e-01 2.307830008986523906e-01 1.711664489022229341e-01 -6.508454528053633781e-02 3.429868970036717979e-01 7.351899425609316474e-02 2.120779071344307265e-02 6.013473637201425387e-02 2.595721861112389450e-01 3.700406952055826371e-01 -2.802119753503865256e-03 4.272458706618293411e-01 -2.347678658788692196e-01 -1.467338393511663230e-01 8.420027597594381685e-02 2.042723481788517315e-01 2.367302310530034204e-01 -1.612031115550484062e-01 2.668151989613134489e-01 -2.246402659332026874e-01 -1.716192483798219953e-02 4.782577107145332546e-02 -4.890414544674748232e-02 7.338253329607764830e-02 1.646219082553528612e-01 -2.500316813594555820e-01 -2.507455861750308712e-03 1.094221482156254449e-01 -6.779194783134770419e-02 2.155190518565135438e-01 4.350260607427629267e-02 -7.229258119010287253e-02 -1.819127106963720764e-01 3.461658713273991217e-01 -3.967890424724275500e-02 -1.948469500599468440e-01 2.386457606771897610e-01 3.219669891176813598e-02 -1.394605643140728324e-01 -5.182843001211981382e-02 1.771344571776864996e-01 5.997155958631663480e-02 1.143596222716068561e-01 -3.832750528544568575e-02 1.448890008420361253e-01 4.732379289648939169e-01 5.491750771503500772e-01 6.964628649978490404e-01 -1.919184849935867965e-01 5.256673405434838381e-02 -4.599269025584415416e-02 4.019734409212236681e-01 4.201627525112310857e-01 1.205398050509633584e-01 3.100876559693528933e-01 -9.713836051716503994e-02 1.372386703136511121e-01 1.394836481201828238e-01 1.503691148055502635e-01 3.268482510670235319e-01 1.188502632112341598e-02 -3.481885826181272958e-01 -2.557687802825685600e-02 -2.347188273274601056e-01 2.969603406250731492e-01 3.727977737671053227e-01 3.336168921909052898e-01 1.929553785588121462e-01 6.515499992704576471e-02 1.634709356023001103e-01 1.436851819174528588e-01 -1.911688910937071606e-01 -1.717184432502872060e-01 -1.412714145784564335e-01 -2.608057583145195410e-02 1.485912845675449630e-02 5.014431520708510781e-02 -8.310028716297550300e-02 1.249844438957622844e-01 3.516129948927744775e-01 2.155583110876590769e-01 -1.325535166133268161e-01
