1.000000000000000000e+00 7.268842259445461307e-02 2.985879843811587997e-01 -1.261362670831528421e-02 1.082170142236762306e-01 2.483294270752179622e-01 2.692761221419236461e-01 2.629281683971547712e-01 2.357295339123906264e-01 2.720914928221573881e-01 2.373165753793057553e-01 1.287545218316325513e-01 -1.069359613261989667e-01 -1.238755644655032406e-01 -2.481815912811217439e-01 2.557623106508811750e-01 -1.321225939333226795e-01 2.868659623484786647e-01 -5.141729424044991226e-02 8.694876235714928125e-02 -1.290586319969760087e-01 -1.914049467432327178e-02 3.194385925708601720e-02 7.330661649922926015e-02 1.980314174199789279e-01 -3.370745072051197638e-02 -3.251447253248672675e-01 -1.535372606950973218e-01 7.655509710894162776e-04 -1.046276076999943655e-01 -9.658944112106675195e-02 1.659759580856179917e-01 -8.901192167506526143e-02 1.793032506677178506e-01 -1.663154618145824271e-01 1.599089293826378433e-01 -2.538242229423900431e-01 -7.716519363688540030e-03 -1.766854501947166534e-01 -4.781792773422147841e-02 1.434244952583981769e-01 -3.859133593755324082e-02 -1.874273420418514913e-01 -2.892663915823329712e-01 -1.538723097270733309e-01 -3.180786132454012094e-01 -1.738844709070011818e-01 -9.429609266289513958e-02 2.711550682513961807e-01 -8.504908819204563819e-02 4.425652204774223608e-01 2.237272243447519238e-01 5.085681184264299187e-02 -8.718942843653103292e-02 1.775101055416327123e-01 3.039772549643786625e-01 4.324539182351014310e-01 2.833929717832164297e-01 1.739158508031642403e-01 1.512539793384148623e-01 1.984738039259426878e-01 -1.309716584570099207e-01 -3.611201865686829854e-02 -1.858883186617540095e-01 -1.579834658211793641e-01 -2.424504810485888506e-01 3.474696263207724400e-01 -2.290960365712686742e-01 -3.795612933840197822e-02 1.599835893966962685e-01 -3.693535568227647448e-02 -1.728741018908303700e-02 -4.687508208593837988e-02 -9.541263823021818580e-02 4.525844051176868693e-02 1.955705297691553990e-01 -3.954764174065499016e-02 -1.230123558079483370e-01 -1.520946752816298708e-01 2.802079380422759294e-02 -2.981797024128078344e-01 -1.421383838796626553e-01 -3.220287053477515760e-01 -1.250954566101444565e-01 -3.791536643510559079e-01 -2.402780071912672399e-01 -2.445336861343391233e-01 -2.029512853269041794e-01 -5.772417651379205261e-02 -1.956727129262099130e-01 -1.713384355727748665e-01 1.612758940547684983e-01 -1.909861525776535840e-01 1.070730079492303727e-01 -2.126806407132370846e-01 -2.096521637675857475e-01 -3.242139830369071274e-01 -2.095817913622180506e-01 2.780992113261847587e-01 -1.438905242896042491e-01
7.268842259445461307e-02 1.000000000000000000e+00 1.895053082671569189e-01 5.767877749947021293e-01 4.035373038706067117e-01 2.812312890890544814e-02 2.491688331197381701e-01 3.089416031101288040e-01 -1.866061010891393035e-01 -1.102210410455552320e-01 -2.839226006184218387e-01 -1.806187041303202456e-01 -2.146317752331977635e-01 -2.518024385391291059e-02 1.133921989879668399e-02 3.678117464548632531e-01 -2.112144083876706380e-01 1.772982137286914228e-01 2.874361985941110628e-02 2.461948304252884467e-01 6.466693519064709017e-02 -4.879515613780055494e-02 -3.280631472271590410e-02 -2.938194930710298983e-02 -1.972045465726005586e-01 -1.812440847692329826e-01 -2.347862345581660792e-01 -3.554524522937674846e-01 -9.881175253271679004e-02 -7.432385584691425517e-02 -4.417443440517084680e-02 -9.292600668911352169e-02 6.446403341880305171e-03 9.302818773512142037e-02 -9.537653613927685181e-02 -6.953306926647624675e-02 -3.401278474800713547e-01 -5.161318850554742071e-02 -1.552522719844079135e-01 1.465132178155065853e-03 7.265266113133239667e-02 -2.720375153701918777e-02 -2.105229021047394788e-01 -2.506797592779528294e-01 -2.158231230179691318e-01 -2.084320327353327007e-01 -1.849410139890371174e-01 -2.138540210520238349e-01 -2.263083578811162788e-01 -3.123146377581028851e-02 2.203387590009874344e-02 5.359278734564822955e-01 3.429518470764710281e-01 3.582297279967005532e-01 2.199808221884698989e-01 -1.053105166239488993e-01 1.427911782737144586e-01 9.844183321334329384e-02 -2.691926173085796847e-01 -2.999502145601685710e-01 -3.070230547920070260e-02 -2.711780622495879034e-01 -1.254313939479431983e-01 -1.289524062363852641e-01 7.102842968617661956e-02 -2.010370025701346819e-01 6.957620159227177747e-02 -1.711438494752180739e-01 -9.422225935538361408e-03 1.884027003591570160e-01 -5.192223184584334947e-03 -1.614620372179345065e-01 -9.169176919824205407e-02 -9.296961558167680939e-02 -1.566421034473030882e-01 -3.070856418199671700e-01 -5.017745832490860813e-02 -1.896523558647069674e-01 -1.673195753348518389e-01 -1.683790304312741404e-01 -1.890627555772226298e-01 -1.137750521180410368e-01 -2.868583996496059108e-01 9.412358696321904139e-02 -2.465108920923859415e-01 -3.204261572964162141e-01 -3.368021630535724675e-01 -2.489672739564147419e-01 -6.134022576759824708e-02 -1.812948147423646683e-01 -6.095003827075433367e-02 -1.821053488319013258e-01 -1.409456829792110899e-01 -2.000634472486468585e-01 -2.037395543529568198e-01 -3.391772540524282120e-01 -2.998401387107385574e-01 -2.188008362977691690e-01 -7.104589539258915343e-02 -1.361044170800030373e-01
2.985879843811587997e-01 1.895053082671569189e-01 1.000000000000000000e+00 1.158636313034841769e-01 4.212764847253180345e-01 5.751082536957663471e-01 1.910514750190707711e-01 4.076740488877481083e-01 2.488039177882427622e-01 8.443856112941139358e-02 -9.147825678710606867e-02 -8.854466793363084676e-02 -4.743740080423852756e-02 3.587704712288869446e-02 5.593079421401973145e-02 2.703986515003150015e-01 -5.214696181124556934e-02 2.155096718886117257e-01 -7.105068228219155180e-02 -1.195475282177839091e-02 -4.983153196264106244e-02 -1.762360984861822012e-03 1.749959196573555031e-01 7.705918165083047722e-02 -2.461718878732682692e-01 -8.796346625413499487e-02 -2.026967248177751202e-01 -3.070390798854186198e-01 8.471449989038287720e-02 6.076104990763863539e-02 -2.082490520909547893e-01 -1.005643948444276681e-01 -1.594480529461694829e-01 1.652631595533540498e-01 -3.587329020592057438e-02 1.466485020053840127e-01 -1.448652083502788290e-01 -6.650760510715390816e-02 -3.002869034939784632e-01 -1.888420822246870412e-01 5.707494343207360557e-03 -3.145822932810131145e-01 -1.781034279468245163e-01 -3.701986487870279618e-01 -1.629544481483511664e-01 -2.803918907515142167e-01 -5.184098616353356725e-02 -6.764033250979328837e-02 1.167023881574772853e-01 3.678046268924971968e-02 -9.729557352634821132e-02 5.351207921682842317e-01 2.456752193849053023e-01 3.268583683914336180e-01 4.214796608629222119e-01 4.061506830889043962e-01 3.589924359454933489e-01 4.607006838918386582e-01 8.203854361917169158e-02 -2.833166865503197740e-01 1.737417233835782671e-01 -9.919186011950958948e-02 1.185964003862061550e-01 3.061172100802737189e-02 7.546073323173749237e-02 7.811060130125487000e-02 1.700341258680969081e-01 -1.412688557035217674e-01 -5.488464322832447423e-02 1.125300215913285218e-01 8.174996605287562779e-02 1.126531332329201024e-01 1.862745161885064060e-01 -2.019038391895850437e-01 4.744437317097831286e-02 -4.402794474374169958e-02 1.721493887978016446e-01 1.261265843795007502e-01 -1.621290386271698539e-02 -4.664067739783188393e-02 -1.503824373325429731e-01 8.684876788306540932e-03 -1.163912166231686335e-01 2.612711399789317476e-02 -1.797405968417031819e-01 7.996863325078994167e-02 -3.903025274844670184e-02 -2.483047245892167076e-01 1.009755536251241530e-02 -1.880081225721346727e-01 -5.437959346510711639e-03 -2.108008784816884917e-01 -6.603322494906288531e-02 -3.368962348899279813e-01 2.422075214607392283e-03 -3.202925561467477311e-01 -2.220648695829398611e-01 -8.807445795465844440e-02 1.831795264696651215e-01 -2.650651574817789943e-02
-1.261362670831528421e-02 5.767877749947021293e-01 1.158636313034841769e-01 1.000000000000000000e+00 5.902193108617479478e-01 -7.167261690255026518e-02 2.302865622225452880e-01 3.115718055274855347e-01 -1.497461921212253910e-01 -2.178894784603692680e-01 -2.419359974880097852e-01 -2.645216787433103400e-01 -1.988380537112378332e-01 -4.158439410034771994e-02 5.597029100592846446e-02 3.382564918290813516e-01 -1.640973880433939935e-01 7.724253131781033677e-02 -8.338768868871002105e-02 6.577718782487580740e-02 5.281605250839604276e-02 -1.526529786493539265e-01 -6.549255818515178906e-02 -7.939452834493430922e-02 -2.620849294480442904e-01 -2.206243001117663693e-01 -2.730759698370645583e-01 -3.545641147609536192e-01 -5.787594258141465220e-02 -3.280698037206319223e-02 -1.075848142361176402e-01 -9.949690807697596229e-02 -3.751731779906442715e-04 -4.133190368659353520e-02 -1.642357670799901304e-01 -1.767676789193606546e-01 -3.402390188080984257e-01 -2.008936832098770220e-01 -2.647065303384765755e-01 -4.301502690360497344e-02 -5.874643952816367004e-02 -1.664783072242021489e-01 -2.497823868966291549e-01 -1.772535585230135269e-01 -2.054140122034099347e-01 -2.208096256021565007e-01 -2.211392093296530581e-01 -2.233774626349757653e-01 -3.698729319729447962e-01 -1.143799225063641400e-01 -1.141352222547375450e-01 4.212840538932118295e-01 3.309382295772201887e-01 4.696359343418021193e-01 1.281054895655406589e-01 -1.856592464273966181e-01 1.403268069547158325e-01 4.173431696152981457e-02 -3.113023135801878949e-01 -3.269204931487955101e-01 -8.186701050418701553e-02 -2.597604473019708426e-01 -6.040455037965730689e-02 -1.149529027119841201e-01 4.630252189561031434e-02 -1.075122716701304854e-01 -6.997199723095122448e-02 -1.280161321706999311e-01 -5.579794031661560599e-02 5.376197135956085199e-02 -1.125603560558281896e-01 -2.614966562448176046e-01 -1.262971006357412607e-01 -1.943475626006405665e-01 -2.597158713729577073e-01 -2.947939296795075159e-01 -1.027526644162490427e-01 -1.886612727094223729e-01 -8.726592445590639069e-02 -7.860812192136872045e-02 -2.201909387203948298e-01 -1.190574626124729918e-01 -1.616948677069488804e-01 -1.499223642060188398e-02 -2.576877687289645946e-01 -2.858643760903331610e-01 -3.423938765471167267e-01 -2.634407783418123983e-01 -1.836596042783096294e-01 -2.439495110088725216e-01 1.801442627039385666e-02 -1.494909985162257982e-01 -2.210895984939156012e-01 -3.120956468741857281e-01 -2.640259197546696579e-01 -2.643587583713684630e-01 -2.760372099463929141e-01 -1.877290093942021454e-01 -2.207239143605825571e-01 -1.776321297128199694e-01
1.082170142236762306e-01 4.035373038706067117e-01 4.212764847253180345e-01 5.902193108617479478e-01 1.000000000000000000e+00 3.171184257747003965e-01 1.305570967775790681e-01 3.939193791275171774e-01 1.523237308068383367e-01 -2.268049146387774995e-01 -3.419501835589676686e-01 -2.996878790318949215e-01 -1.936707446658582632e-01 -4.662086562011082819e-02 -5.052806806290371239e-02 2.791123994496648164e-01 -2.278742195604138154e-01 1.507189434979855358e-01 -1.905090568399201989e-01 5.015990103152945939e-02 -1.293721800854720771e-01 -1.994857287581698613e-01 -1.625479707000175578e-02 -8.732157362864478856e-02 -3.812293055415908460e-01 -1.308778468026814135e-01 -2.867827618516747834e-01 -3.985483178507758795e-01 1.380687867230643955e-02 2.728334653629072015e-02 -9.339556445675885332e-02 -1.566464125721480083e-01 8.098670428839521707e-02 8.345464111953035391e-02 -6.842883442259509175e-02 6.266294873890341545e-04 -2.880885810032519090e-01 -2.337974806853518051e-01 -3.601374736028187251e-01 -9.492192688099254649e-02 -4.935112720010119414e-02 -1.631822516064317385e-01 -2.704530640955475906e-01 -2.153465719863915384e-01 -1.242446150126559762e-01 -3.551719774305814314e-01 -1.894227250432461984e-01 -1.713057730608040230e-01 -1.353763646058186720e-01 -7.015946550416675420e-02 -1.388023256635812219e-01 4.798813218124481361e-01 2.249304093456229170e-01 3.553719224314230152e-01 3.754006133141534196e-01 1.474761755227788351e-01 2.486220333959062723e-01 3.738178394760232615e-01 -2.922694214448245953e-01 -3.559106332461189903e-01 -9.053932301308928454e-02 -2.233387676904897423e-01 1.753772180189342583e-02 -1.259132505688458636e-01 -5.392745450596614365e-02 -1.523917577300486215e-01 5.655283000180120340e-03 -2.086343111364744318e-01 3.557477671355158133e-02 7.970444005260376996e-02 -1.572882588067606724e-01 -4.749589638137081959e-02 -2.723762735445826519e-02 -1.000037731981211347e-01 -2.544785533563658775e-01 -2.590690087462004798e-01 -4.182163660139838479e-02 -6.316527622629694583e-02 -7.142007743505216291e-03 5.949232672131000293e-02 -1.464623234891825332e-01 5.203918958111129756e-02 -1.746260348033709664e-01 -4.054669120722214498e-02 -3.414378268270981676e-01 -1.139509473326367345e-01 -1.970506337006099618e-01 -3.089711183914851111e-01 -6.170784159893688559e-02 -2.007146793426048126e-01 -2.530829815169067729e-02 -8.871227752378282871e-02 -2.135996861962629056e-01 -4.473167773189709040e-01 -1.902416098319555104e-01 -3.597804805102446934e-01 -3.010652235681448574e-01 -1.725144441270606566e-01 1.622171197567385788e-03 -8.047993802455752355e-02
2.483294270752179622e-01 2.812312890890544814e-02 5.751082536957663471e-01 -7.167261690255026518e-02 3.171184257747003965e-01 1.000000000000000000e+00 -5.549548849003785311e-02 2.982860372867672805e-01 4.924943527046387604e-01 -7.611689316800460473e-03 -8.830778365373428973e-02 1.002355496462797868e-01 1.470529992343964365e-01 1.491445449348079710e-01 -7.089635812339188051e-04 3.254188589710843571e-02 3.198910857098398453e-02 1.527010670757002753e-01 -7.932241984352071673e-02 5.481629982101555304e-02 -8.235544506352771021e-02 1.538595491910189628e-01 2.763481823728729525e-01 9.133888568195108748e-02 -1.782116408248380635e-01 1.643325574290721847e-01 -3.472601942936308361e-02 -8.669055580827375942e-03 2.789446787114134296e-01 1.170700804442590948e-01 -1.043807244963007447e-01 -1.266179479239170902e-01 -1.025115722416360120e-01 2.785063357430120345e-01 2.531371073336237121e-01 2.667326911161770342e-01 7.953274488220060667e-02 -9.018876718540448645e-02 -1.995640923931521760e-01 -8.540073728238706252e-02 7.460350893647210713e-02 -8.125891319790740086e-02 2.766170407900030506e-02 -1.986089056301325040e-01 -1.084703433304768233e-01 -2.274488997058532191e-01 4.763289081282846144e-02 9.498893267663982565e-02 4.099968681245353408e-01 1.100666858124866448e-01 4.032763516320557462e-02 2.568661970827975094e-01 -6.975556187963366517e-02 -1.099491624892581926e-01 5.979166565905379427e-01 7.033538644011879670e-01 3.207683249946450821e-01 6.403911093585543668e-01 1.056729892937174758e-01 -3.013795075728469691e-02 7.717871491638021719e-02 1.804120628710550178e-01 2.685233254249158596e-01 4.613601065232671855e-02 6.631030393120126987e-02 1.111387419269121990e-01 1.795294181696209801e-01 1.068206100051930993e-02 2.989440557446674251e-01 1.821857854100514262e-01 8.924964281151438750e-02 4.404574259674778891e-01 3.314300018069532006e-01 -5.132540975653813488e-03 2.024276703872357197e-01 7.539251713806030541e-02 2.538429095836766680e-01 2.854466601416891236e-01 -1.020720281037869048e-01 1.122628631936785915e-01 1.558080218306782394e-01 2.185623807249644501e-01 -2.549466059583682664e-02 1.026426290303030647e-01 -1.052350651464363518e-01 2.754429266903273277e-01 1.541816601110362617e-01 2.336347263363322893e-02 2.184927784161723174e-01 -1.466899557131482248e-03 -8.121532038756043570e-02 -1.564477334461001484e-02 1.565960818650447006e-02 -1.518369974486354634e-01 1.480030356192117424e-01 -1.617757914221454874e-01 -1.272394969626583494e-01 2.583580921596356425e-02 4.372644930113733230e-01 9.507640683377950597e-02
2.692761221419236461e-01 2.491688331197381701e-01 1.910514750190707711e-01 2.302865622225452880e-01 1.305570967775790681e-01 -5.549548849003785311e-02 1.000000000000000000e+00 5.284759133899502581e-01 -9.050687518288744182e-02 6.606479747738078223e-02 1.211314964426069615e-03 -2.449580820726152408e-01 -1.012084491650930840e-01 2.248720795141456036e-02 -1.531641967030378075e-02 7.461845362926212699e-01 -1.508718949689921429e-01 6.197117043449111851e-01 2.101888331770589424e-01 2.129440020450002469e-01 1.606003990268385639e-01 1.440486192697607720e-02 1.450906673300711991e-01 1.840894397332787369e-01 -6.299877767084489932e-02 -2.312426902141916929e-01 -2.739709635500410245e-01 -3.272517940959823179e-01 9.802028469036534741e-02 1.066094223991594647e-01 -8.716068558334588712e-02 -1.690531367416920477e-02 -9.121243481054341906e-02 2.189539971843570687e-01 -2.346510381433909165e-01 1.604496462675154486e-02 -4.264715127820826179e-01 -1.533014352404414860e-01 -2.190321089344983430e-01 1.228328169034300643e-01 -9.571277613082898594e-02 -2.637342392941795510e-01 -2.043707615659912658e-01 -2.901675359951507716e-01 -2.770908163221315057e-01 -3.436467863281256196e-01 -5.736605681476384527e-02 -2.969771371250590208e-01 -1.317702923987857100e-01 4.422207747395925231e-02 6.666209723131898135e-02 4.918667450042651379e-01 5.421753416181568364e-01 2.555129690646611995e-01 3.860977878043025946e-02 -7.745918586993112698e-02 5.514436914405268508e-01 9.272399447400656025e-02 1.373434115034524033e-02 -1.543442173977252474e-01 -2.507647027006254178e-02 -1.332168529153950065e-01 1.157379110604738262e-02 3.371988942321626354e-02 1.798467800578123499e-01 1.189877519410987780e-02 5.063251406973618973e-01 -9.410109933670990356e-02 -1.772541809924713385e-01 2.793294458382826750e-01 2.643631034466786822e-01 -1.709136779175922383e-01 4.109105923035726721e-02 -5.542102008855636502e-02 5.674848548784912350e-02 -1.302060101399883929e-01 2.189031850455928074e-01 -1.899804225264717719e-02 -2.950415745994182035e-02 -1.671329806200481105e-01 -2.813227166679013735e-01 -3.457445753995617155e-01 -3.502788431319394657e-01 -2.590455970170217337e-01 -3.779844642189036930e-01 -3.072574290770642702e-01 -3.182598791418249085e-01 -4.149272596896294574e-01 -4.355604599128298088e-02 -2.812267557800905426e-01 -1.698107799037852916e-01 -1.111370032896682493e-02 -2.681249384494091559e-01 -2.045596379326276859e-01 -3.594445904485912835e-01 -4.024877521858690188e-01 -4.344483162848049584e-01 -2.480176144310536901e-01 -1.206503855337444087e-01 -1.088119460331459509e-01
2.629281683971547712e-01 3.089416031101288040e-01 4.076740488877481083e-01 3.115718055274855347e-01 3.939193791275171774e-01 2.982860372867672805e-01 5.284759133899502581e-01 1.000000000000000000e+00 2.443527559616331668e-01 -3.642688761315786283e-02 -3.933992899684538025e-02 -3.007967018983997431e-01 -2.072163850838736610e-01 -2.902219184998006477e-02 -1.623398548219917581e-01 5.931494504123061562e-01 -1.528542777835682487e-01 5.536943301764134517e-01 4.214093792709418251e-02 2.579890831789526384e-01 9.982762212034858307e-02 -1.451761719106635096e-01 8.025270821064561799e-02 3.780079256870003818e-02 -6.110010286155111159e-02 -2.382375734907031251e-01 -3.704190550909295943e-01 -4.312780150513226274e-01 1.112986269959503199e-01 -7.416796907077157115e-04 -1.922509228341853504e-01 9.066740824749910943e-03 -7.168748207816071083e-02 2.950288577259053135e-01 -2.309369367245012461e-01 -3.469026232444651775e-02 -4.469645100524796688e-01 -4.091258222509314701e-01 -3.577349887989761390e-01 8.295619925276924433e-02 -4.052246047450190625e-02 -2.651848551978518986e-01 -2.505983033670816096e-01 -4.258892283345351304e-01 -3.513383061301914023e-01 -5.451165522631634675e-01 -2.267586183094746632e-01 -3.343765977013326562e-01 -9.423025211669833201e-02 -1.697366272389063679e-01 -6.193770638688675390e-02 5.490339175801444149e-01 2.788728791829961362e-01 2.880991547911218587e-01 3.566837216196818705e-01 2.533509117253095466e-01 6.400452302569041851e-01 5.198075093985675688e-01 -8.463283289877336635e-02 -2.363776601224429064e-01 -1.266343066227469394e-01 -2.580017974026287964e-01 -4.089170932947595177e-02 -1.161077084331355730e-01 1.587006251426501258e-01 -1.941923829189070305e-01 3.588628126369339810e-01 -8.277049394408624028e-02 -6.150734959437174909e-02 3.684212448218073810e-01 1.445352768939810739e-01 -1.328327802985684869e-01 1.317520082625804265e-02 -8.946468611666724691e-02 -1.195622462228649457e-02 -7.851366018022605531e-02 8.378678706234390927e-02 -1.118589756983898870e-01 -1.141167031408803073e-01 -1.275005573049761420e-01 -2.037574320177978904e-01 -1.969682543515142992e-01 -4.318895908658185734e-01 -2.841421399943721560e-01 -4.359176528492422764e-01 -2.982648890333872704e-01 -4.096250010767625849e-01 -5.647965607014089340e-01 -9.997490595423021154e-02 -3.991140594692282328e-01 -1.985273869158684368e-01 -3.790551321423856618e-02 -2.618859315176492175e-01 -3.299467827024134547e-01 -3.247087983373805331e-01 -4.688089995106469732e-01 -5.586826005177860655e-01 -3.992375035933053984e-01 -8.503892933800866194e-02 -2.572859943396272331e-01
2.357295339123906264e-01 -1.866061010891393035e-01 2.488039177882427622e-01 -1.497461921212253910e-01 1.523237308068383367e-01 4.924943527046387604e-01 -9.050687518288744182e-02 2.443527559616331668e-01 1.000000000000000000e+00 7.211784387446559808e-02 7.966686166798538082e-02 8.577947846321155867e-02 7.915293009304823213e-02 9.322803796751349958e-03 -1.412967783964449164e-01 -1.208634494305163565e-01 2.563466173044826740e-02 5.537481438394978306e-02 -1.579421769343348492e-01 9.019528963765427454e-03 -5.238131706994916120e-02 2.508531214692990771e-02 1.779618743454470242e-01 2.515058072212270415e-02 8.186430981590825384e-02 8.982094711124531672e-02 -8.209533027439369635e-02 6.796260129300082942e-02 2.519718813260810597e-01 7.949964216680834028e-02 -6.508269955789493244e-02 7.034179612934289560e-02 -3.899563250512731033e-02 1.870422445568029335e-01 3.727839450811360617e-02 4.770585481403238209e-02 9.266560599101092421e-02 -1.049532038028965497e-01 -1.159455777377570856e-01 -4.319951084385473261e-02 2.053797145487494611e-04 -5.830021362816740528e-03 8.474865849169240829e-04 -1.720204196971509003e-01 -2.902927368668663591e-02 -1.751414797803563239e-01 -6.410641147341000767e-02 6.869332971219430095e-03 3.084853468695578083e-01 -5.799884625266255034e-02 1.574481845049558459e-01 -4.579847984495164642e-02 -2.427628552439518306e-01 -1.561120600828259375e-01 4.044712324537625414e-01 6.010012316975449354e-01 2.691639648771048110e-01 5.867085701600468495e-01 1.439645531790337551e-01 1.007868735249689979e-01 2.910804638424819429e-02 1.134878241753181916e-01 1.308720847959051470e-01 -8.383221712640259726e-02 -2.074167584816095922e-02 2.471679190114611097e-02 6.857582792906852243e-02 5.867621209075640776e-02 1.678723356571157344e-01 1.487451838456734510e-01 3.439248389044433779e-02 2.107314743921719358e-01 1.695335693774409069e-01 1.649629532692435327e-02 1.575973277572893516e-01 1.229719648811251481e-01 1.883065805113265379e-01 1.105075727316054551e-01 -9.387548849719527799e-02 1.421673635885631337e-01 1.175591750311197059e-01 1.214667596784221593e-01 -5.235282126883131909e-02 -1.026036587246835913e-01 -7.530030007508364820e-02 1.333071189961497482e-01 1.015415419734573693e-01 -6.982345893854528807e-02 5.376825678120918800e-02 -2.372975492813162932e-02 -1.545864612781321645e-01 1.238158881113016890e-01 3.363156084641993893e-02 4.266390590239061559e-02 1.109344291272135602e-01 -1.533413458097642457e-01 -1.738003433193162361e-01 -5.957988361840307889e-02 2.254478966973119669e-01 2.064282537980057994e-02
2.720914928221573881e-01 -1.102210410455552320e-01 8.443856112941139358e-02 -2.178894784603692680e-01 -2.268049146387774995e-01 -7.611689316800460473e-03 6.606479747738078223e-02 -3.642688761315786283e-02 7.211784387446559808e-02 1.000000000000000000e+00 5.376163800212296895e-01 2.778642502582733820e-01 1.366123808463460265e-01 -3.556164697245961515e-02 -5.801821839537262687e-02 3.329511568795705256e-02 6.845759259691522325e-02 -8.114952257693169857e-02 -8.223356019924951688e-02 -2.248631655817190933e-01 -8.884814063240341342e-02 9.209905052822456306e-02 6.631999597801398194e-02 2.866722141392704648e-01 5.140305275346930269e-01 -3.112235769138986183e-02 3.831330291823067252e-02 1.415206655718987128e-01 -8.977953337037336556e-02 1.038605341574462271e-01 -1.333477314931013902e-01 3.558479265882726339e-01 -4.650116447124518632e-02 -8.812017254434073577e-02 -9.443622318218497513e-02 -9.581116582467508191e-02 6.740697870460425623e-02 8.295027190899163794e-02 9.795417967528079195e-02 -8.106791646645543359e-02 -5.060029895708449688e-02 6.360109087455084048e-03 -2.544300024370415095e-02 -1.905134159482857470e-01 -8.714764542430379624e-02 3.071200506909770728e-02 1.869016241338685574e-02 1.831433570139995304e-02 2.342441968718577891e-02 -1.455955484935413380e-01 2.101102025554633101e-01 6.501556956457200942e-02 6.095431117331428367e-02 -3.010792324518998028e-03 -2.339874810399218685e-02 1.694519408404192317e-04 1.115626362049978448e-01 4.612475511379511561e-02 6.691538137928186858e-01 3.072000565933295513e-01 5.473835856071028738e-01 1.124874555778075658e-01 6.671213454371302531e-02 -8.151049492752967390e-03 -6.604421226883938623e-02 8.703649798936492765e-02 2.045681541921261920e-02 -8.883613830993983274e-02 -2.044619767375680797e-01 -1.323184689024865246e-01 -1.192076267238081771e-01 5.789935835926635771e-02 1.272381382201014099e-01 3.153251642498859642e-02 2.504624994686779904e-01 4.428678121060257156e-01 7.421425488926841618e-02 5.467599325693030948e-02 -7.965734696511713245e-03 -4.855362361577547636e-02 -1.478566207960123891e-01 -1.865923360633129913e-01 -5.429578755929111156e-02 -5.942733833220063128e-02 5.908820415481117611e-02 -1.953014102228592397e-02 3.873968986121643920e-02 -1.778979477783828797e-02 -1.476080997861300426e-01 -8.042071858964418285e-02 8.806075843549358850e-03 1.975038839103594734e-01 1.487144078139198689e-01 3.204313685126868316e-01 6.723983192448552970e-02 -3.687009242601837350e-02 1.863212835136488985e-02 3.148243538006910425e-02 4.557661774039797886e-02 -3.474600837846966717e-02
2.373165753793057553e-01 -2.839226006184218387e-01 -9.147825678710606867e-02 -2.419359974880097852e-01 -3.419501835589676686e-01 -8.830778365373428973e-02 1.211314964426069615e-03 -3.933992899684538025e-02 7.966686166798538082e-02 5.376163800212296895e-01 1.000000000000000000e+00 2.775294723065689362e-01 1.385282571272576924e-01 -7.353985308899625706e-02 -1.886840405901298034e-01 -1.826734690643039283e-02 1.085920525168234813e-01 -1.068612514256717660e-01 -1.269829892722442732e-01 -2.356448662626269008e-01 -4.055616325838405471e-03 2.822269468529128335e-03 -1.731830047002816050e-02 7.478193012581346721e-02 6.588338751688745942e-01 -2.817803008094941705e-02 -1.745298447859176122e-02 1.400926945483751962e-01 -1.744072364203864689e-01 -7.600131929202294523e-02 -2.650762129210089690e-01 5.563976415482915217e-01 -1.055980385794223902e-01 -1.187954573245321027e-01 -1.645237353618649867e-01 -1.491504580277990266e-01 2.873191952710960062e-02 -1.553865405144868594e-01 6.961987688001686214e-02 -1.070257252292319411e-01 -3.571663636223985222e-02 -6.269178843588232852e-02 -6.690179030210675892e-02 -2.701441018556457463e-01 -1.528413694060748451e-01 -9.972887259483623201e-02 -1.289173616657194876e-01 5.152088082187312491e-03 7.773923448821755400e-02 -2.532755567317694911e-01 1.986787785444610599e-01 -1.576609207483332109e-01 -1.175869230919681097e-01 -2.161652161823384224e-02 -2.573662103070959318e-03 3.280924260573901685e-02 1.030763115344801722e-01 1.795598935405895435e-02 5.309133161666319545e-01 3.690752519240555474e-01 4.074738889151052201e-01 1.524432992977425849e-01 -2.070873933076774337e-02 -4.869088240882092633e-02 -1.349544088448457191e-01 1.797708710830640128e-02 -6.467145463807152939e-02 -1.208361912878083699e-02 -3.020126547737911893e-01 -9.644339817980708551e-02 -1.551417921154598367e-01 -6.021532784033028184e-03 4.415840948609899008e-02 -9.388701113070496707e-02 1.773187702874115812e-01 5.508903453190324706e-01 -7.776627309788905484e-02 -7.802584977446527792e-02 -1.393943428832772891e-01 4.701408843246410174e-02 -1.468756431476666569e-01 -2.387358459248258291e-01 -4.979392868392672200e-02 -1.469303296745545495e-01 3.557289045958880735e-02 -1.260192498471013611e-01 8.843098000512920193e-03 -5.361021633559589356e-02 -1.400277368488551111e-01 -2.031425792093225213e-01 -9.211067061261788910e-03 1.416899213458152895e-01 2.268776685258800524e-02 4.489390342446418214e-01 -9.238171865655302531e-03 1.561987416753230495e-01 -9.340570157839374332e-02 -5.754900842503142544e-02 1.197586842141928204e-02 -1.358741754339878594e-01
1.287545218316325513e-01 -1.806187041303202456e-01 -8.854466793363084676e-02 -2.645216787433103400e-01 -2.996878790318949215e-01 1.002355496462797868e-01 -2.449580820726152408e-01 -3.007967018983997431e-01 8.577947846321155867e-02 2.778642502582733820e-01 2.775294723065689362e-01 1.000000000000000000e+00 3.007035587574647950e-01 1.676659961619782480e-01 1.837131834416604048e-01 -2.796008946454293653e-01 3.300498392792182156e-01 -1.332416829249742085e-01 1.131467134711437172e-01 -1.199477660216932418e-01 2.627467631258007755e-03 3.084097640300572651e-01 2.052079706262708580e-01 2.610594695262093423e-01 2.859477390695275290e-01 5.497909248321687370e-01 1.702649879801928501e-01 4.681487700724943357e-01 8.676543326151887892e-02 1.482131274320478698e-01 1.505678445195595960e-01 5.853228813097573202e-02 -1.505641556932938718e-01 7.769003579191502418e-02 2.285761084613525396e-01 2.019492291968571496e-01 2.600501024714114151e-01 -3.192925657242856596e-02 -3.975537767919312682e-03 -1.474501444628293356e-01 -2.004528604738729791e-02 4.682336332042308369e-01 2.507910707774289039e-01 5.803580383933204523e-02 -3.789626551420712669e-02 8.878055816664350008e-02 1.775875340473462250e-03 4.528715337378335509e-02 1.878617457211995967e-01 -1.486830390716036843e-01 2.960561212687551347e-01 -2.993184972415098843e-01 -3.397845813658047498e-01 -4.467357421516193194e-01 -1.659682337660727675e-02 1.616608812777083348e-01 -9.037724066811642087e-02 7.226036163050087238e-03 2.991914249643313206e-01 6.167323874434863518e-01 5.408107745099250963e-01 2.534235630811398909e-01 1.518685063158141946e-01 9.576114505156349543e-02 1.038774842239854751e-01 1.417718528318456794e-01 -1.538244963215007755e-01 1.753554125735730940e-01 1.602993073426278448e-01 -2.068328592118893767e-03 1.401555785108080654e-01 3.352597419495922382e-01 1.143382577111916876e-01 7.803905349464476671e-02 5.218047295555630072e-01 5.305360281611019024e-01 1.214877366036077599e-01 2.626901307066164537e-01 -9.571329259685223967e-02 5.410420162875644728e-02 1.863462192510862425e-01 -5.961713281011691429e-02 5.025868138713664168e-02 7.413306727891255665e-02 2.036122494005985217e-01 3.365565785605810489e-02 1.586376681405682887e-01 3.343520373977812987e-01 8.831745324121663410e-02 1.097692910122721917e-02 -2.677369572987213231e-01 4.862477357184879362e-02 -1.857390734417695838e-02 4.647677337742917025e-01 2.661536975033961250e-01 1.898700652974056047e-01 6.414675298921174162e-02 -7.536300776115226197e-02 1.104608170890592767e-01 -1.037009946598599908e-01
-1.069359613261989667e-01 -2.146317752331977635e-01 -4.743740080423852756e-02 -1.988380537112378332e-01 -1.936707446658582632e-01 1.470529992343964365e-01 -1.012084491650930840e-01 -2.072163850838736610e-01 7.915293009304823213e-02 1.366123808463460265e-01 1.385282571272576924e-01 3.007035587574647950e-01 1.000000000000000000e+00 4.531336547260557124e-01 4.081097516604914044e-01 -1.134756543653893945e-01 3.291250360963743904e-01 -6.274713590621973369e-02 2.644094186805297508e-01 -1.544572671547088383e-01 1.582569998096925168e-01 3.179661314331088118e-01 4.128888590143504067e-01 1.956503183228318621e-01 1.463496198903114880e-02 2.861916465116614017e-01 3.147933055916957157e-01 4.108680807771606380e-01 2.871550423735699242e-01 3.144212689181536957e-01 -1.297354727581910561e-01 -9.728064293347185587e-02 -5.036574151205911593e-02 8.136267294048128706e-02 3.438083454370922665e-01 1.912298283120707487e-01 3.798492751067326645e-01 1.468239350226492046e-01 7.419892540643735490e-02 2.420753461765551891e-03 9.460696203637740387e-02 5.210615849596198640e-02 2.581098613677559883e-01 7.627009894218640673e-02 -2.989637357191575820e-02 1.732752020693651696e-01 2.997171795580649278e-01 1.881945418030777639e-01 2.715795270292362673e-01 2.404811212986321944e-01 4.623792682193086229e-02 -1.262488417602607438e-01 1.756023637201910292e-02 -2.304784779425513019e-01 -2.066096486134732027e-02 1.506572014815426852e-01 -4.470346662606698718e-02 4.077118540056511725e-02 3.003468220555686741e-01 1.916448258864179854e-01 2.783232013227153190e-01 6.597819285430962521e-01 5.690014954883764187e-01 4.174699478106188577e-01 3.197243177959004368e-01 5.507562268666895688e-01 3.645662407932943883e-02 3.274005118954538274e-01 1.229517249260060341e-01 2.871191077610598524e-02 2.732422938196021334e-01 3.185740390159351176e-01 3.865451259253496197e-01 8.686197134938873632e-02 3.273414581857166938e-01 2.108179891817844043e-01 3.529557300920790341e-01 5.074961053524655874e-01 -1.134739350431010069e-01 4.256955460768407917e-02 2.863786090753527858e-01 2.294992291690495234e-01 2.323258637723723263e-01 1.694034036991295677e-01 2.895622770093642662e-01 3.395110148990654886e-01 4.338215327649289077e-01 3.175616947319004901e-01 2.841861276963648653e-01 2.111035632698243791e-01 8.029271382670657986e-02 -3.037332149162980457e-02 2.113451067019088137e-01 8.911536301647662861e-02 3.223964061792841118e-01 1.235172351899598564e-01 3.000080191355890546e-01 2.537369420055790581e-01 2.314107635921542061e-01 3.171684647008973790e-01
-1.238755644655032406e-01 -2.518024385391291059e-02 3.587704712288869446e-02 -4.158439410034771994e-02 -4.662086562011082819e-02 1.491445449348079710e-01 2.248720795141456036e-02 -2.902219184998006477e-02 9.322803796751349958e-03 -3.556164697245961515e-02 -7.353985308899625706e-02 1.676659961619782480e-01 4.531336547260557124e-01 1.000000000000000000e+00 5.663565057126256352e-01 1.206593280101430146e-02 3.270853191659829351e-01 1.863023995080910211e-01 4.720291447010649399e-01 1.032455240769731414e-01 4.697499555874052879e-01 1.245159630586060717e-01 5.106025355132841614e-01 2.083484065488021841e-01 -1.813703015779221661e-01 6.877070957117167871e-02 3.284966832666085801e-01 1.712536272281935112e-01 3.639512575862794419e-01 2.935484706209673389e-01 -1.895036477122245544e-01 -2.139453740684283678e-01 1.060641328952793838e-02 2.097879770722894388e-01 2.993165809466633576e-01 2.801134213476766943e-01 2.442196571482789513e-01 2.951879461218173337e-02 -8.962760436951268395e-02 -7.008464839341084496e-02 2.035800059694727326e-01 -1.412829651236948703e-01 1.356786164695152064e-01 -1.632760962855686962e-02 -1.374565408983605130e-01 1.281047028440423230e-01 3.376604511118552754e-01 2.155882809373454168e-01 1.360857627001908488e-01 2.571140655757134241e-01 1.987143357695657245e-04 1.905896849333351545e-02 1.114472186412364119e-01 -7.257858988077617313e-02 -1.773549498678784597e-03 8.030715948879794952e-03 -8.495099212065808369e-02 4.085798767583245089e-02 3.087829152226017476e-02 -1.691134474922859413e-02 1.785774985852259245e-01 3.070200150425331231e-01 4.510759877410523977e-01 4.662544225251115670e-01 4.635211714643446279e-01 5.296736891168944972e-01 6.160169702604662879e-03 2.951152078167577075e-01 1.688372667094334978e-01 9.716771415635740150e-02 4.441413772897823131e-01 1.250632238318645229e-01 4.751908995155726401e-01 -1.219995183618266116e-01 1.709857057282324344e-01 -3.401334201375542238e-02 3.646593960206152008e-01 4.821134660577767184e-01 -2.961566681904212461e-01 -1.840624674985790188e-01 1.676903339438747254e-01 1.408853614282325473e-01 3.152009439630254484e-02 3.513780448776433751e-02 2.299614246377356397e-01 3.035534640668903217e-01 2.583054123872775554e-01 1.549306728785861398e-01 2.048729418890589127e-01 6.895704127771976055e-02 1.009824237509438088e-01 -2.725161626582832120e-01 5.989897349104868207e-02 -1.489009398620731728e-01 1.516897597094891970e-01 -7.857962580469554648e-02 1.968645911387252867e-01 2.041059181038402948e-01 1.491661437383103861e-01 2.335292417330899484e-01
-2.481815912811217439e-01 1.133921989879668399e-02 5.593079421401973145e-02 5.597029100592846446e-02 -5.052806806290371239e-02 -7.089635812339188051e-04 -1.531641967030378075e-02 -1.623398548219917581e-01 -1.412967783964449164e-01 -5.801821839537262687e-02 -1.886840405901298034e-01 1.837131834416604048e-01 4.081097516604914044e-01 5.663565057126256352e-01 1.000000000000000000e+00 -9.146785534200030376e-02 3.856177643976517744e-01 3.352054409496195431e-02 4.509731290557202898e-01 5.012084958657071071e-02 4.297675674420498027e-01 1.739350735570844297e-01 3.994088521487286769e-01 2.022334533110531907e-01 -3.238189527245071142e-01 1.587011958016057156e-01 2.187138013053252783e-01 2.196380407518617739e-01 3.010267288322264756e-01 4.191462077787036500e-01 -1.340386146780384313e-01 -3.727130941374255935e-01 5.898094237492060299e-02 1.309240610307791375e-01 2.481057017577384671e-01 2.271185091589116578e-01 2.663179373454380161e-01 1.166772376702032710e-01 -6.388707576157114099e-02 -7.400325784169088650e-02 1.364992891033695033e-01 -1.039217677986422617e-01 1.101362136188907825e-01 1.377711750148888359e-01 -3.501344537152419750e-02 1.810809897381308320e-01 2.542720604562672682e-01 1.221183737314818635e-01 -5.380217321639967770e-02 2.664050240063759456e-01 -1.551851352590364885e-01 -1.769794575781727733e-02 1.662613297409361590e-01 1.765431173873270587e-02 -2.312224161643670339e-01 -1.894317790897017961e-01 -2.386062728766952246e-01 -1.256451420799213348e-01 2.694033244410963535e-02 -8.144643102378222588e-02 2.658390773130597795e-01 2.791808014214400835e-01 3.348153719729033972e-01 4.789648649145402670e-01 4.711541539014213464e-01 6.194222891922057661e-01 -1.463061648222742372e-01 3.096823933026777165e-01 9.552206580870414854e-02 -1.037701136588592421e-02 4.171064684554237623e-01 2.120242125896212859e-02 3.811557810226846588e-01 -1.580236572188912780e-01 2.225375006952110268e-01 -7.526070308036450496e-02 3.881631100914529897e-01 5.033732198243140443e-01 -8.160900581710285595e-02 -1.833435844594365205e-01 1.546313328898201445e-01 6.015818192173538054e-02 1.241433709372414540e-01 1.122317236817275410e-01 2.376905771418011404e-01 2.259109614086567130e-01 3.391708016689600758e-01 2.784210472487052002e-01 1.665731782018082807e-01 9.868075835232406612e-02 1.321480144122156308e-01 -3.566035272383307198e-01 7.503241327163286123e-02 -2.047767766013089408e-01 2.124760871564122244e-01 2.824883120933800035e-02 2.389186117697476575e-01 1.714863537052731812e-01 -1.713659910874404521e-04 1.972756339519004254e-01
