1.000000000000000000e+00 1.123112447020121196e-01 1.612844996653893873e-02 -1.986313920381845566e-01 -3.096085124256921506e-01 2.766189969267127680e-01 2.659362916612906247e-01 7.520434106964665744e-02 1.171884954777638460e-01 1.080891238728368259e-01 1.474732305804286880e-01 7.460676737991893404e-02 -8.447537988214824656e-02 -3.288183266666453997e-01 -2.409160564897914469e-01 7.326640586110469422e-02 -2.235632181465552204e-02 1.158723377252137421e-01 -8.676425731263626151e-02 9.712273602778449810e-02 -1.366983471812855677e-01 -9.908275787584007455e-02 -2.593465031301241397e-01 1.803997323359916582e-01 2.505161907498518747e-01 -6.178820423379192961e-02 -2.669740469388135473e-01 -1.813034625843538694e-01 7.713189978771436972e-02 -3.013460034488438244e-01 6.390437812764957447e-03 2.145764745173541488e-01 -3.394144106658309457e-01 -7.212537728198102627e-02 -6.240168137766591294e-02 1.763929197219262640e-02 -1.839882403397612165e-02 1.191577412335622504e-01 7.106882749873202898e-02 1.979809319099018472e-01 1.144939454227570375e-01 -3.113314056213126180e-01 -1.970606803974792320e-01 1.489725432350675893e-01 -4.975824849053945426e-02 -1.235244942597908957e-01 -1.970340978436749269e-01 -1.661234737816847384e-01 1.975934733386505715e-01 8.969550808799688080e-02 1.457781615832656752e-01 1.098761706059766391e-02 4.392315625882019930e-02 5.431594852512772881e-02 6.358312554814010698e-02 1.911077759977395929e-01 1.442653520205562367e-01 2.425311333514971746e-01 1.180779712996532643e-01 1.660341597097311217e-01 -1.278246600363452667e-01 2.185206258721659328e-02 -2.447833044569831251e-01 -1.030678538350833368e-01 -7.178205973917095584e-02 -3.155696522249075153e-01 1.727038593073172701e-01 7.974389626553032850e-02 -5.837836876098100036e-02 5.067913614964741215e-02 -8.474618139954966101e-02 -1.055700195606982111e-01 -2.345768835614339132e-01 8.809821883047749824e-02 2.075586040475422764e-02 -8.351437408840989285e-02 -4.073004354028676721e-02 -1.623233958289058976e-01 -5.390242308155174938e-02 2.585577787953247664e-01 -1.142306844414468503e-01 4.371594906541289433e-02 -8.106512464593530753e-02 -1.290152095820773503e-01 -2.641409885002047320e-01 -2.215327772527754813e-01 -6.633428120192817745e-02 -1.029940784047661956e-01 1.596386314545266416e-01 3.474461830972400134e-02 3.172612417846052968e-01 4.124162754119474195e-01 3.246879777713410076e-02 3.938670876449282265e-02 -1.214021271869218932e-01 4.526208735961898683e-02 -2.614439182647115834e-01 -3.399381798558807066e-01 1.729354002952560587e-01 1.647854370616592123e-01
1.123112447020121196e-01 1.000000000000000000e+00 4.931222129645798091e-01 3.105452786322623893e-01 3.535295508922249308e-01 3.585226130405151923e-01 4.056208870595024996e-01 4.437284356411794750e-01 3.087352883701709461e-01 -2.072924513262042467e-01 8.190901238829022268e-02 3.630058962372856995e-02 -4.636868990370763416e-02 3.966951868271089560e-02 8.357040824190016537e-02 3.076206165045838326e-01 -1.128456551829878363e-01 2.365065600171176452e-01 1.583366733655599545e-01 -7.375842566416478119e-02 1.121210947252896800e-01 -1.612565586608044332e-01 -2.931330061004844278e-02 -7.475217993939468897e-02 -2.858211156643125639e-01 -6.014726427241045420e-02 -8.824391015077756584e-02 -2.223609936613109295e-01 -2.356573668131501931e-01 -4.464292438192860729e-02 -1.006588832243564685e-01 -2.753835108154014666e-01 -9.961384630676357876e-02 -1.688868826784404864e-01 -3.184526164177140517e-01 -8.444100370360840824e-02 -3.140651928037463403e-01 -6.412105453885895640e-04 -5.280625921498660613e-02 1.280853150095019599e-01 -1.125134425458878956e-01 -1.742754240763536022e-02 -9.345053518607666920e-02 -1.168791912392462551e-01 -1.464057484107522678e-01 -1.240492144721073858e-01 -1.704010064855957240e-01 -1.665151059421772772e-01 7.140661912866635985e-02 -1.234822285918678181e-01 1.605294761401646897e-01 6.986562098496281736e-01 4.504145723317708461e-01 -4.562329344650077612e-02 5.359226951168810649e-01 4.357104883262798434e-01 4.648178555026718506e-01 2.287047407565002410e-01 -5.309383258164954156e-02 5.822103792390949384e-02 9.053932230270439474e-02 1.885465379061071478e-02 -4.656589818594301239e-02 1.998014589320582790e-01 2.365030218699335496e-01 1.454843573210220509e-01 3.496443018383380008e-01 8.651803367495745911e-02 -9.967634948079451274e-02 2.097398330689680956e-01 9.640873673307530714e-03 -1.608552498959804344e-01 -8.534108727598306576e-02 3.402809307678816841e-02 -5.034184369555939204e-02 -6.692073816540905495e-02 -1.498075803629079494e-01 -9.252279176713912312e-02 4.016486130766392174e-03 -1.371333464406291058e-01 -2.317408614476147155e-01 -1.900657057778010195e-01 -2.216713992020964419e-01 -1.694851595319557536e-01 -2.093594068403777375e-01 -1.884399428288824618e-01 -1.599549173112721767e-01 -2.629622039413640477e-01 -8.102605490955779033e-02 -1.464779567823160378e-01 -2.627579096006521508e-01 -5.392253140612601053e-02 -7.571949909430274184e-02 -5.197808342287910111e-02 -8.156149797576467408e-02 -1.683650562532223172e-01 -1.087660032034745983e-01 -1.577622932267995215e-01 1.517231844874424307e-01 -8.706944540469556404e-02
1.612844996653893873e-02 4.931222129645798091e-01 1.000000000000000000e+00 4.821324682839874670e-02 6.541262086066679249e-02 5.055969912715355674e-01 5.018462179108239551e-01 6.796567034291978171e-01 5.645983012798857503e-01 -2.731877236297125533e-02 7.825732695383570692e-02 2.242461410587629489e-01 9.710488901721291144e-03 3.303613354411722991e-01 2.448060155274135730e-01 7.525629288088284130e-02 -8.437869203812924102e-02 3.272159978457503948e-01 2.728844002395670598e-01 1.001196183567492626e-01 2.251070400032338104e-01 -8.610585593194466925e-02 7.546283935433920065e-02 1.191610564737615729e-01 -1.665629533414050290e-01 -1.106318054561206965e-01 -1.468619334678108457e-01 -1.718322567172414495e-01 -9.867434677958611400e-02 6.375785242199728808e-02 -2.951371181396796051e-02 -1.638470518972606205e-01 -1.245459081875708862e-01 -8.136470610179488347e-03 -2.236902693570839151e-01 -6.138986923155166815e-03 -1.888440391315171774e-01 2.631393071937828190e-03 -4.270984868634350451e-02 2.213127631721004129e-01 -1.066561511709478854e-01 -1.549969412534941693e-01 -8.362317163608053161e-02 -1.016545137344134486e-01 -2.084291476130930576e-01 -1.169719299025616804e-01 -3.483006867384698391e-02 -1.469493289857765062e-01 1.995827302983601836e-01 -5.393282160032206868e-02 1.978678416629056358e-01 5.844747386815155599e-01 3.742672521363337168e-01 -8.104199487630936796e-03 5.187314282661876774e-01 5.774969627335697631e-01 5.086873054575484776e-01 3.574509710238040205e-01 -1.198788295624440142e-02 1.847890564506033395e-01 6.113395430638501882e-02 1.119400359297983705e-01 2.226397217301832598e-01 3.939037863464671108e-01 3.747773455650010299e-01 3.079479168813309409e-01 3.517556395392786306e-01 1.283015325713973698e-01 3.093846129187160718e-02 3.285946012446860354e-01 1.115664417079493126e-01 -7.759484216719128580e-02 8.208650223796505607e-02 2.015381706394108741e-01 -7.137236129225818125e-04 -6.430115161644615884e-02 -8.074662224845023661e-02 4.650248525239834840e-02 -7.221218050953287504e-02 -2.774861398959763137e-01 -1.569406234807868283e-01 -9.569147974299309356e-02 -1.569383594627960232e-01 3.515279722438173493e-02 -1.593887471261813127e-01 2.916962042795580995e-02 -7.999473194271839935e-03 -2.117815018691807105e-01 6.306701323422631011e-02 -5.310727192756079656e-02 -2.907848707125707532e-01 1.062408403876615587e-02 2.060169651595555873e-02 3.713833489824132795e-03 -4.718148801350949967e-02 -8.937758116880042958e-02 -1.033437864942469801e-02 -8.032568377679573379e-02 3.058872728451135781e-01 -2.097437588997055728e-03
-1.986313920381845566e-01 3.105452786322623893e-01 4.821324682839874670e-02 1.000000000000000000e+00 6.785818850197076202e-01 -1.750634011979842752e-01 1.783381728468898531e-01 1.140666612315821699e-01 1.677925962559088241e-02 -3.578465466678720230e-01 1.742594653154266593e-01 -9.124785265601141615e-02 -1.210327083125418285e-02 7.026016950383524862e-02 5.349850575228812244e-03 3.779190893332917689e-01 -1.522089537419043792e-01 5.499089593603110476e-02 -6.645367330196041977e-02 -2.238069714856960879e-01 2.770078325456694704e-02 -6.103378846863653090e-02 7.460661213515502876e-02 -2.786960249432193781e-01 -3.361408053000280449e-01 2.161318874300597048e-01 4.043749639677484548e-02 -1.267063761077145689e-01 -3.045330387172067721e-01 -3.214862632087009398e-02 2.272259554365557987e-01 -5.351670249831953496e-01 1.065900623442277151e-01 -1.661806354929397933e-01 -7.887661241906535059e-02 -5.235664024296839136e-02 -1.403787012974469783e-01 -2.544921519888236963e-02 -5.822203506351669028e-02 2.094784601254898529e-02 -8.156974028873144322e-02 2.760281205281839290e-01 1.911990670441745810e-01 -1.798215976978022601e-01 -2.654084817764909218e-02 -4.662936563397062500e-02 -2.061705052639572697e-02 4.922046824020559486e-02 9.884357917716191100e-03 -1.004339334370293185e-01 3.727491508894154038e-01 3.105897081324464626e-01 3.206529725118538732e-01 -5.778503799432905819e-01 2.001977716062280088e-01 -5.447752034834318219e-02 2.030091992792033007e-01 8.069820674251362846e-02 9.287794700076022758e-02 7.109110359235447374e-02 2.060892371027421566e-01 -1.289200925965974243e-01 -1.355098791000418357e-01 -4.660352192080195743e-02 3.539026738261934896e-02 1.472259691489294364e-01 2.120378398937591835e-01 7.621899895864829577e-02 -5.581332421757281836e-02 -2.375961059287743857e-02 -2.802660543330227905e-02 -1.047630279415955878e-01 -2.613900111566287363e-02 -2.884663029226777753e-02 -3.070591376421337795e-02 4.248982096088971955e-02 -1.406340500916254677e-01 -3.830382507054953117e-02 4.421685116667912196e-01 8.010259276465774361e-03 1.679624441553900088e-02 -4.422208113097820387e-02 -1.825149685758149509e-01 -1.651926033798633842e-01 -2.909780675193573279e-02 -1.252007190127148173e-01 -1.140008553764269850e-01 -3.545906969269165682e-02 -1.770044231505485122e-01 3.895651734185395614e-03 -1.493058102040845936e-01 -5.457286701359100878e-01 2.137528241327709411e-01 3.034187067696418327e-01 1.075382629595525164e-01 -3.200315874249198833e-02 8.604879168215598742e-03 1.144677203144640054e-01 6.980359957854551101e-03 -8.459348899904804708e-02
-3.096085124256921506e-01 3.535295508922249308e-01 6.541262086066679249e-02 6.785818850197076202e-01 1.000000000000000000e+00 -6.673751950099833519e-02 9.214964938062768229e-02 9.754108033160399649e-02 1.691437520226217114e-02 -3.388950341511834941e-01 8.770397301898656683e-02 -1.277659239672186975e-01 -1.300131648127689568e-02 1.566679640609035529e-01 1.175712276579673199e-01 3.630703045354740088e-01 -6.556219868587284672e-02 1.099582990699468077e-01 8.602685667649614953e-02 -6.109522978206943788e-02 1.102864869497961336e-01 -9.792052435277270872e-02 1.604027765024323704e-01 -3.384097994491263584e-01 -5.084043698770562836e-01 7.390378267978200966e-02 4.696555428821999612e-02 -1.885007483000288309e-01 -3.089981492163178523e-01 -1.631436963491970926e-02 -3.699632881747432888e-03 -3.833444072542163128e-01 1.867521454925509250e-01 -1.087932583180687141e-01 -1.216867603359882144e-01 -7.411690035268000964e-02 -1.978581873720872408e-01 -1.429489941519266893e-01 -1.432633075073179441e-01 -1.313104622121938625e-01 -7.288623300392198245e-02 2.447183804961138298e-01 1.918759433871586317e-01 -1.648035789696746245e-01 -4.972189832923146896e-02 -8.688402275759050594e-03 -1.524362901736998378e-02 1.195051503757069561e-01 -2.649097736904818673e-02 -9.247186342653147817e-02 1.294068548133935903e-01 2.930075863230053868e-01 2.620923239731134946e-01 -3.029141571017081036e-01 1.929254133491707934e-01 6.275888819324726420e-02 1.087698017043048776e-01 -5.607158476638529621e-02 -7.975018320507434866e-02 -2.890343563480311795e-02 1.927540178508483915e-01 -1.154340942932831904e-01 -1.259237559308536668e-02 1.603362043623414168e-01 1.355667863330967116e-01 2.251969292268642675e-01 1.751211158720836492e-01 7.562108382943887042e-02 2.616304906757719803e-02 1.457610369347433002e-02 4.507278340843978021e-02 -1.026378735379376572e-01 3.905298084263281871e-02 -2.430280845358008535e-01 -7.272479102489969038e-02 -3.097134552804989976e-02 -1.551136238715501992e-01 -1.013628816689678691e-01 2.110478668939132774e-01 -8.186577843218724448e-02 -4.934583170113449740e-02 -8.094083362951698390e-02 -2.179530007091212973e-01 -1.140307090355747177e-01 -2.407729969056967775e-02 -6.849181336978957257e-02 -2.350082440771845971e-02 -1.687375386278631706e-01 -1.601799806651686975e-01 -7.142174185785694386e-03 -2.489528146276193121e-01 -4.815363698752829213e-01 -7.958192610861718197e-02 6.062864575045395256e-03 7.142411641843814107e-02 -4.311080711871771720e-02 4.843861510174184148e-02 1.548979115677999452e-01 4.453132187661054502e-03 -9.520613506333222564e-02
2.766189969267127680e-01 3.585226130405151923e-01 5.055969912715355674e-01 -1.750634011979842752e-01 -6.673751950099833519e-02 1.000000000000000000e+00 5.323279116447000581e-01 5.085124810068032408e-01 6.256428420689900127e-01 1.110251573410197673e-01 4.972274667495404227e-02 1.967976848409410118e-01 1.331088460844792043e-01 2.206812151868550453e-01 1.843470899896521575e-01 5.065412162631198478e-02 1.396450658153264857e-01 2.726799004048284791e-01 3.248908625353399970e-01 2.536820271228560353e-01 1.800778651787598994e-01 -7.014014006097058461e-03 7.729670939579074383e-03 1.204460718242870432e-01 3.909281669445970747e-02 -1.075264432785726226e-01 -1.006636497485620951e-01 -7.231987542379603173e-02 8.936140026911273959e-02 -1.662120008863182674e-02 -1.018215224331139451e-01 9.637420668444850180e-02 -1.756275526132102249e-01 6.699464222029075100e-02 -7.683973885209557930e-02 1.254281043233578807e-01 -7.122122353250785742e-02 6.019922521745455640e-02 2.587990478436875963e-02 2.001882232158929131e-01 -1.666254282948112508e-02 -2.972498577605399150e-01 -4.656390706361504539e-02 4.403221387427123240e-02 -2.009403525142663960e-01 -5.507908779615357936e-02 -9.415700872182040937e-02 -1.232329330038968995e-01 3.089185735562357538e-01 7.243985835675620377e-02 1.290826534463563324e-01 3.448805454372192991e-01 2.691518633690590523e-01 9.930468225188800180e-02 5.577723687937419239e-01 5.920789416967663366e-01 3.044526502057478545e-01 3.086873297040987341e-01 5.256580008417038874e-02 1.948333534672189726e-01 1.884472877585746317e-02 2.302731722142838389e-01 1.397611406026224301e-01 3.695691068301047433e-01 3.768060440253495069e-01 1.292209899408583718e-01 3.722404155164616424e-01 2.221112928366680284e-01 6.309686919998601373e-02 2.358646415885244652e-01 1.147391108892444056e-01 -4.183794078660660332e-02 -1.753960415272398307e-02 9.016803642464289725e-02 1.903098666620370652e-02 -4.673077781638529382e-04 2.083873027326420616e-02 2.486704024846369057e-02 -1.651877297061641880e-01 -1.791331701393525377e-01 -1.656729117106061910e-01 -8.066865302416956207e-02 -1.753030718948274669e-01 6.348802290444938157e-02 -1.581772698016877532e-01 -5.396930244996541587e-02 6.081285190715772504e-02 -1.739261099812727807e-01 2.208615596089712474e-01 -1.338498593694105454e-02 -9.514828178233269984e-02 2.354564411532604207e-01 -3.701853874286851337e-02 -7.090569078284011950e-02 -2.745632305515300492e-02 -7.031714812012464233e-02 -8.395865676221282714e-02 -1.198981755238808095e-01 3.750413092835614970e-01 1.350937281963300596e-01
2.659362916612906247e-01 4.056208870595024996e-01 5.018462179108239551e-01 1.783381728468898531e-01 9.214964938062768229e-02 5.323279116447000581e-01 1.000000000000000000e+00 6.006595625243493775e-01 5.016798324539955001e-01 1.412759488056965912e-02 1.664096921983916899e-01 1.172087153359809703e-01 5.473103661601607522e-02 1.156832910194229708e-01 9.663662765962188761e-02 3.722210247954217954e-01 9.640031296286154239e-02 4.137033654970330154e-01 1.901217253917480143e-01 3.642768223095015773e-02 2.129881590012593084e-01 -7.859100641841045010e-02 1.488720145961694614e-02 9.144552150311426042e-02 1.033570177481882291e-02 -4.098188545334437161e-02 -1.739735885823948947e-01 -2.642184002765832207e-01 1.507031375974915953e-03 -8.095540705966941530e-02 1.338818101854300224e-01 -1.691506257370654909e-01 -1.641737124627043742e-01 -3.503311849164249953e-02 -2.143488235922225427e-01 -3.788991593601641339e-02 -2.069412031161182164e-01 4.439847050112769727e-02 -5.853490829746878926e-02 2.483636649779025762e-01 -6.988817051142769132e-02 -2.204932272621338007e-01 -1.082887313891604669e-01 -4.602755487948496232e-02 -1.910019477534842525e-01 -2.756001442572201254e-01 -2.773437477166609266e-01 -2.160536009118878831e-01 2.423522711221544890e-01 -8.307156037580797070e-02 4.195256022069377977e-01 4.536134030247309101e-01 4.808469799765887620e-01 -1.642785485660789857e-01 5.204427281807626482e-01 4.992754654140161841e-01 4.658911622989315160e-01 3.957279360182968109e-01 1.733352232506254476e-01 2.105113197680162362e-01 8.614863723602089740e-02 9.692188269768647890e-02 1.132932061622295497e-02 2.475266185136271446e-01 3.049979987830834238e-01 7.270784498586525813e-02 6.326589030988889473e-01 3.475168171387097438e-01 1.094620378970980190e-01 4.128219982974702384e-01 1.712096764613180722e-01 -5.435083234176742856e-02 -1.619396117135930672e-03 1.567565708854172235e-01 9.365901385741361163e-02 -2.160789005115930361e-02 -1.422345155178631436e-02 -7.403011563167904811e-03 9.374830213687364300e-02 -5.717632471071058820e-02 -1.395938493359669685e-01 -1.031769901604299156e-01 -2.023800786651242800e-01 -5.713651466714041172e-02 -1.949872807918325568e-01 -2.488979294562822797e-01 -7.288747449387830701e-02 -3.047261148046372381e-01 8.305866619960038111e-02 -7.318227764680623748e-02 -4.185552466335160787e-02 3.231821509519502977e-02 6.193852553508352038e-02 7.991513172305690638e-02 -9.272711345243768444e-02 -9.170783541945380646e-02 -2.276794101897858247e-01 -1.577181262517510507e-01 3.122997635157051532e-01 1.080843738603972422e-03
7.520434106964665744e-02 4.437284356411794750e-01 6.796567034291978171e-01 1.140666612315821699e-01 9.754108033160399649e-02 5.085124810068032408e-01 6.006595625243493775e-01 1.000000000000000000e+00 6.273338822850492713e-01 8.939279886087281302e-02 1.521553479132570219e-01 1.403167821223373357e-01 4.548597451977151596e-02 3.064437793591601733e-01 1.663427028122352047e-01 1.866084905700501062e-01 -1.300134067716613162e-01 2.829586110900878526e-01 2.463108259902378749e-01 2.416388655641248107e-02 1.710593919120119155e-01 -1.532981665398095161e-01 -7.218727343600324364e-02 -2.559684177946725675e-02 -1.297100957191285320e-01 -2.099064046081486057e-01 -2.423658579703010241e-01 -2.571039414468492823e-01 -1.577311344507518198e-01 -1.394051201849086374e-02 2.394051561048579288e-02 -9.037126824648716861e-02 -7.981079315941469465e-02 -1.065408630028929077e-01 -3.274430593688117397e-01 -1.877905323891374467e-03 -1.986027265158295252e-01 7.423754368488923172e-02 1.479807566025691593e-02 2.219923965200113758e-01 -1.088939068298064305e-01 -6.236490342662166786e-02 -3.308072113633075267e-02 -3.495321382636777663e-02 -2.177877012712109983e-01 -1.199196277633830382e-01 -1.380273754775834250e-01 -2.280627881416270597e-01 2.143534812772111553e-01 -4.284796882752656827e-02 3.063074539560766696e-01 5.879383181877682052e-01 4.786925697956311843e-01 -3.105565386451284576e-02 5.507232310981682311e-01 5.344889430701547095e-01 6.083375160130086723e-01 5.469368833316697875e-01 1.325081931629556731e-01 1.274445061700889836e-01 8.701922843688571219e-02 6.656588476344571514e-02 1.848668461046762967e-01 3.880121919698177879e-01 3.380089627870110358e-01 2.430721271527639671e-01 3.930761154514482714e-01 1.242607003763292056e-01 2.004535897632662208e-03 2.756235416319223752e-01 3.708765989069427726e-02 -2.100976107641286672e-01 -4.052312977139865824e-02 1.292593269615640583e-01 -7.151511222727319206e-02 -8.012135218562287109e-02 -1.433773429831523005e-01 -1.935410208748557584e-02 3.725087559635236606e-02 -2.083576924578599276e-01 -1.831333639329007501e-01 -1.004298358979830441e-01 -1.613705407294563354e-01 -4.808671807840476237e-02 -2.089374864784783181e-01 -1.106102698104761417e-01 -1.147430907991362934e-03 -2.447206145354616502e-01 5.173364567906897638e-02 -3.178137193412692435e-02 -1.460834123339844193e-01 7.494003712645004589e-02 1.218033776712884875e-01 9.389650573193288052e-02 1.550849580509398862e-02 1.472213234774945659e-02 1.663983197978642289e-02 -1.196889222545621523e-01 3.706739121269207460e-01 3.443157968243221873e-02
1.171884954777638460e-01 3.087352883701709461e-01 5.645983012798857503e-01 1.677925962559088241e-02 1.691437520226217114e-02 6.256428420689900127e-01 5.016798324539955001e-01 6.273338822850492713e-01 1.000000000000000000e+00 7.163164043411920923e-02 2.192635377605783031e-01 2.610429297778762980e-01 6.962483722066253877e-02 2.564898338271462408e-01 1.725920391270062415e-01 -1.336694247488261211e-02 -7.613543480858729617e-02 1.685420126939391472e-01 2.084410310956596180e-01 2.513630875898251182e-01 1.090214075610226180e-01 -1.837561068506179118e-01 -1.216496961273930422e-01 -9.937408673182952096e-03 -1.448316633555785382e-01 -1.961470259342667222e-01 -1.974318052250251532e-01 -2.824872747706717035e-01 -7.408276396921602280e-02 -7.260160434832094167e-02 1.631818612695171145e-02 -1.288322738235319898e-01 -9.789448429058598966e-02 2.696477182225061331e-02 -1.285530442297296572e-01 2.544639499157703710e-01 -4.680602841441447448e-02 1.974834071757722853e-01 1.043997156964524137e-01 1.245307950059211938e-01 1.104758284430365917e-01 -1.553316243601543800e-01 5.313134554758541794e-02 1.159398292181514911e-01 -2.461695655315871145e-01 3.555089958987689425e-02 -1.988362741983987214e-02 2.874034438953327122e-02 4.823233371473851228e-01 2.115803874212404401e-01 2.389728186568153001e-01 3.586549236281789677e-01 2.900232864715720504e-01 -8.147597631420390452e-02 5.618453288867063522e-01 6.132128563155936352e-01 3.318076857138596569e-01 5.410641589954067188e-01 5.885050319984108658e-02 2.257174946673641269e-01 3.473215282643905139e-02 1.175631868623340376e-01 7.377660562717307247e-02 3.553212850910678622e-01 3.350709768476129446e-01 2.298013912709457041e-01 2.716669883271199404e-01 6.073444316310785962e-02 2.583351664468019893e-03 1.311029567508474325e-01 5.920875207307080973e-02 -2.378690491455792699e-01 -6.479772125903007773e-02 1.351584597525035125e-01 -1.511930500413312950e-01 -1.378782593892858566e-01 -1.359055372904842685e-01 -7.141805955302713005e-02 2.605326083688425456e-02 -2.467879970829170710e-01 -1.895390317805703828e-01 1.006474856940862000e-01 -2.585589198664723365e-01 -7.470074107988684819e-02 -3.001970803113837571e-01 -6.126471368171754889e-02 1.226731703707096138e-01 -2.074257928124031147e-01 2.959022660002885163e-01 1.050186018170327640e-01 -5.115249958125563795e-02 4.070235938779578205e-02 1.505223263549068657e-01 7.610515748262962343e-02 -6.584451245327030671e-04 9.783516883662070340e-02 1.497978499490431638e-02 -8.360988669623732605e-02 5.549250357521042787e-01 2.869565634231114326e-01
1.080891238728368259e-01 -2.072924513262042467e-01 -2.731877236297125533e-02 -3.578465466678720230e-01 -3.388950341511834941e-01 1.110251573410197673e-01 1.412759488056965912e-02 8.939279886087281302e-02 7.163164043411920923e-02 1.000000000000000000e+00 3.239555694953896725e-01 4.676086939414369481e-01 2.330677182221548849e-01 -1.640818720672067646e-02 6.153725177346450886e-02 -1.003776284452516654e-01 1.911415345730957949e-01 -1.301697130655871670e-01 4.439844947354042864e-02 -1.295924324276211126e-01 -1.227793586865427895e-02 1.468954263801298954e-01 -7.588944916623781289e-02 4.369646157289617805e-01 3.732245624760902603e-01 1.922088534403951776e-01 -1.245568446164941057e-01 -1.429843536838527884e-02 1.536927845109929414e-01 1.177136751430375577e-01 -1.773424938603071488e-02 3.072226181829965097e-01 -2.065542052552506169e-01 -1.080717370311483488e-01 3.059871704559694386e-02 -7.431237768726468851e-02 -2.668992596915838872e-02 -1.345768143193424027e-01 -1.800894605291206499e-02 2.254381395234329732e-01 -3.075186702759261093e-01 1.108832145454926033e-01 -9.896573381941990710e-02 -1.012113610311494022e-01 -2.680049116768763035e-02 -2.822066260170095209e-01 -1.598414419366722405e-01 -3.224646850717074464e-01 -1.508557329211391296e-01 -2.436713674289666676e-01 -1.053403496631570013e-01 -1.271030682551499147e-01 -2.318317535884248104e-01 7.231546334793545472e-02 -4.927253790596584221e-02 9.364686617683765091e-02 5.458825092227391138e-03 1.375621426769655341e-02 3.659133948297535466e-01 2.650036581645253131e-01 2.471134691242308223e-01 2.168620628565155473e-01 1.498308788814461112e-01 2.993311508181733908e-04 5.432888243618960028e-02 -3.418666234569188445e-02 2.523509523954682587e-02 -3.165974023415907973e-02 1.031546412117817224e-01 -9.409627739769368948e-02 9.743849504971402453e-02 1.909873691408367213e-01 4.169885560263775215e-02 3.434400845201165953e-01 2.849092069951558170e-01 3.595096624006383634e-01 1.289515916780542004e-01 1.392267165769725257e-01 -8.494689535830018956e-02 1.883583801910443944e-01 2.064333210957289277e-02 -2.401504143288314685e-01 2.631882438941941516e-01 4.080974990374193478e-03 3.301137687224160733e-02 -6.586133980176123170e-02 -1.114685463391230230e-01 9.096225011623799983e-02 -8.774430384391503079e-02 -8.382293207333439689e-02 1.151048017150261976e-01 2.508499634348043683e-01 4.652598238074585890e-02 -1.851461772349724186e-02 2.055093082039664287e-01 -2.230420409587170402e-02 -2.442052557270803503e-01 -2.008875362091591954e-01 -1.335392500367537649e-01 -1.779194925499937852e-01
1.474732305804286880e-01 8.190901238829022268e-02 7.825732695383570692e-02 1.742594653154266593e-01 8.770397301898656683e-02 4.972274667495404227e-02 1.664096921983916899e-01 1.521553479132570219e-01 2.192635377605783031e-01 3.239555694953896725e-01 1.000000000000000000e+00 5.925438137262065696e-01 1.877045318693462139e-01 5.318173433809095935e-02 9.469343564212163999e-02 6.585237587346778887e-02 -3.254963752006164585e-02 -6.238619227031969028e-02 -5.534848787701081296e-02 -5.575721743608338943e-02 1.262738542615128405e-02 -8.500652995243832000e-02 -8.582144368269911672e-02 3.050287645858659191e-01 -4.830472793363822098e-02 3.274826576417776969e-01 -2.666743389299452982e-01 -1.990609960585869032e-01 -6.559887527293623011e-02 4.177676246618507866e-02 4.116627242939219222e-02 -1.932727195836447254e-01 -2.365589313800835480e-01 -2.837140847967852264e-01 -8.364610256216186909e-03 9.934946031352383244e-02 2.173137277562006350e-02 -1.956272667710241137e-02 -4.730693903157145302e-02 1.451110428269177799e-01 -1.666972191631349021e-01 7.747206690208263691e-02 7.967486584370692126e-02 -9.167557465871005451e-02 -1.699438614133849390e-01 -9.073132538550485182e-02 -9.030699915287021540e-02 -1.942637538062202684e-01 3.497351382847129625e-02 -9.430837140725299717e-02 1.582328374182960240e-01 4.672632472300170675e-02 -6.631869331083899144e-02 -3.013644774290302752e-01 8.849907898416548013e-02 1.913165417284379000e-01 1.055897951777994698e-01 1.974112853573833926e-02 2.226861802447639704e-01 4.280852287708237225e-01 4.040478118574039601e-01 1.884597422977189740e-01 -6.863729386105309194e-02 6.626930925743192147e-02 1.442224884441392907e-01 1.269481895588594200e-01 1.149706487773915209e-01 2.655552421998595355e-02 -4.639659430649470395e-02 -1.201152518920062529e-01 8.610548039665645581e-02 -2.965479527859894368e-02 -5.519338381657580908e-03 3.054569479329400927e-01 2.250739571977982412e-01 2.664814242897790564e-01 -7.546947915146395847e-02 4.594644111526535041e-02 1.375316862247949190e-01 2.074188353453461364e-01 -1.033646013724398918e-02 -1.329890140549864208e-01 -6.254254754597567134e-02 -2.647119429735637075e-01 -2.336992807367728464e-01 -1.203430053029119623e-01 2.120403125986291409e-02 2.775406514111497178e-02 -9.356450346869406992e-03 6.188567358343326219e-02 2.412903025537888047e-02 -8.389498609909265547e-02 1.685646018729697881e-01 1.621789831219240252e-01 1.444260674394937938e-01 5.581553353501075843e-02 -1.925913558127495817e-01 -2.354107584826094501e-01 7.215151320808589272e-03 -2.015802862601990403e-02
7.460676737991893404e-02 3.630058962372856995e-02 2.242461410587629489e-01 -9.124785265601141615e-02 -1.277659239672186975e-01 1.967976848409410118e-01 1.172087153359809703e-01 1.403167821223373357e-01 2.610429297778762980e-01 4.676086939414369481e-01 5.925438137262065696e-01 1.000000000000000000e+00 3.698466865295235162e-01 1.888816617440630397e-01 3.090185579807173122e-01 -1.226134144181358354e-01 1.570441085908155232e-01 -2.974619231091067337e-02 9.448757811217711744e-02 -6.233105729988654142e-02 1.362132452628355972e-01 1.064569074470690935e-01 8.911370134813011157e-02 5.480886310284240892e-01 1.879071526703868789e-01 4.595878166106427964e-01 -1.177489172693481079e-01 4.936760934690698210e-02 1.099635936075983450e-01 2.594104679163579674e-01 -2.613168504408120915e-02 -6.412466329700373946e-02 -3.089630752855330176e-01 -1.693857514999554115e-01 1.167253791005942454e-01 6.742291722675938792e-02 3.860698730380666965e-02 -1.012690545298481209e-01 -1.761585744287755273e-01 1.390488489339863076e-01 -2.946521164104667356e-01 -1.178174556846290320e-02 5.074790224233469149e-02 -1.276301542316796711e-01 -2.115833662040413621e-01 -1.679796380348495821e-01 -2.723139918639805659e-02 -2.180039664707627556e-01 -1.269940723851940498e-02 -2.063907212831539162e-01 2.579977172071489661e-03 6.303139473961162642e-02 -1.472617801064659004e-01 -1.562396988870226044e-01 1.622175000623627128e-01 1.774862745528044128e-01 7.690242655455305221e-02 -1.592925288728333499e-02 2.699423703736740787e-01 5.420280075674162035e-01 4.826149254640529351e-01 4.101668040906098489e-01 1.426290881522424836e-01 1.037732738467609245e-01 1.913451563322284554e-01 2.145769743431656940e-01 5.591791455137392480e-02 9.563118198287322291e-02 9.635620761226017239e-02 -7.442115088186029848e-02 1.818445363162638773e-01 1.959114924139900848e-01 1.890712151790143181e-01 4.656204078991851292e-01 3.316272122548882262e-01 4.425144105582171639e-01 8.007409922041383576e-02 2.827041004165722349e-01 -1.483674844066939710e-02 -7.375359489211563355e-03 9.233105848219012868e-02 -2.040353251196174167e-01 -2.601900551496721253e-02 -1.613194024206452137e-01 -4.914072551882894130e-02 2.137690137276167940e-02 1.220976706564069238e-02 1.389827909439152742e-01 -4.605472543745989245e-02 -4.203895738898330570e-02 -1.008764403305356522e-01 -5.014125678291631028e-02 4.290485931397090141e-02 1.132256197803000741e-01 2.058970412715705744e-01 -3.741331922084303180e-02 -2.060825012773852549e-01 -1.531742418868066447e-01 -4.985827427349635160e-02 -1.288662457176985576e-01
-8.447537988214824656e-02 -4.636868990370763416e-02 9.710488901721291144e-03 -1.210327083125418285e-02 -1.300131648127689568e-02 1.331088460844792043e-01 5.473103661601607522e-02 4.548597451977151596e-02 6.962483722066253877e-02 2.330677182221548849e-01 1.877045318693462139e-01 3.698466865295235162e-01 1.000000000000000000e+00 3.647173197618978069e-01 3.494611866615529028e-01 9.005230948784886946e-02 3.407118905973295919e-01 8.808140273527667596e-02 2.436622785763554178e-01 -1.386102974254075637e-01 3.056868647860584431e-01 3.721697736431654469e-01 3.213898854057092858e-01 2.119965847946536919e-01 2.562792789118545911e-01 3.859235436840214306e-01 1.655724819745076071e-01 3.213343547399293287e-01 1.221864687164899294e-01 4.481242982369617600e-01 -2.368820013490487986e-01 9.672265190368423138e-02 -2.410145930540776582e-01 3.634637470084258609e-02 1.525020593850826174e-02 -1.512398721439282279e-01 -3.874707010566668525e-02 -2.809797364027599165e-01 -2.362001796126008413e-01 1.674926094625616702e-01 -4.021525610409576457e-01 1.100366214070295223e-01 -2.107001271127043884e-01 -3.396986247836980000e-01 -2.218752644328794432e-01 -2.715196677907592004e-01 -1.221258140098762518e-01 -2.922032129535715450e-01 -2.190557030853811926e-01 -3.062497788095850937e-01 -1.846505424647377214e-01 -3.782239678909470049e-02 -8.890369606304020234e-02 -8.458674294060887500e-02 6.524755832626900898e-02 8.744261050543386538e-02 4.149456684690006059e-02 2.376166840899474053e-02 3.979851630438289156e-01 4.001497947621492912e-01 5.553552218428096099e-01 7.009794544955669782e-01 5.197251565048341959e-01 1.495903732307266865e-01 1.554181609173698464e-01 2.911507720161700674e-01 1.846724137723180226e-01 3.049501143832867300e-01 3.047245659784735827e-01 7.653757825286201799e-02 3.080300899330823960e-01 5.344577920034954133e-01 4.159308496909661645e-01 1.293354847045223299e-01 4.209034522750729201e-01 4.698085831230197074e-01 3.347374204252770435e-01 5.893474566333426479e-01 -2.350421782009351479e-01 1.303878460418441687e-01 1.495374552361991571e-01 -3.050740536585755946e-01 3.221566306649770867e-02 1.508092974264818031e-01 2.729315955919738301e-01 2.268536527939866640e-02 -4.147184044236269101e-02 2.021069502775615090e-01 -1.443456994581322206e-01 -1.613045585659217407e-01 -6.935236354750087817e-02 1.140156268221820951e-02 -1.143016300489578113e-01 -9.341565519565708797e-02 2.447277145857879865e-01 -2.713219230789272740e-01 -8.599702162808377237e-02 9.555250064631903850e-02 -1.805298006677831524e-01 -2.427381207458501333e-01
-3.288183266666453997e-01 3.966951868271089560e-02 3.303613354411722991e-01 7.026016950383524862e-02 1.566679640609035529e-01 2.206812151868550453e-01 1.156832910194229708e-01 3.064437793591601733e-01 2.564898338271462408e-01 -1.640818720672067646e-02 5.318173433809095935e-02 1.888816617440630397e-01 3.647173197618978069e-01 1.000000000000000000e+00 6.325445034374841402e-01 1.540157280918439883e-03 1.445543426307086265e-01 8.803931769489060921e-02 4.554338800654944008e-01 1.170563876292510519e-01 4.656490754326261250e-01 1.919354634732599041e-01 4.524775168647042212e-01 5.440903294182190299e-03 -7.913203353057765566e-02 1.244333836248486397e-01 2.381292937572845325e-01 2.156992353501130388e-01 1.190082211317515376e-01 5.081620929678979381e-01 -2.182466751549191342e-01 -5.569156975272607224e-02 -2.626973417120348139e-02 1.351721270434233790e-01 -6.600937831647918363e-02 -2.117680802039841395e-02 -8.367006016597398552e-03 -2.224890937623260068e-01 -1.393411320487437099e-01 1.303179993862595976e-01 -2.286223567459292894e-01 1.691711093243307429e-01 -5.906834756305363518e-03 -2.586738025680871411e-01 -2.332204523304328703e-01 -9.557334851016582519e-03 9.123391308076708728e-02 -1.014581954628722762e-02 7.767673068652171733e-03 -1.210813932294820677e-01 -8.928695728213917326e-02 1.830580896150662273e-01 2.997397229590204742e-02 -9.189899638836276918e-02 1.983793915582874878e-01 1.796159415473660703e-01 1.438531639887833113e-01 7.260570363008948813e-02 1.812619274620252963e-01 2.508472191857901157e-01 3.417904919881895043e-01 2.970594145452046253e-01 6.331022805577736223e-01 5.074046250246095902e-01 4.454250454946186433e-01 5.987006987536582781e-01 1.377263761893118832e-01 1.743822309901931211e-01 2.750098800476533656e-01 1.954601383679761828e-01 3.817662008835077669e-01 2.499692684176796353e-01 4.564851010212886417e-01 6.192472770277133998e-02 1.969810457844980156e-01 2.067138326287050742e-01 2.530876486043961981e-01 4.508584371203451235e-01 -2.317108559207255170e-01 -2.800561477802570587e-01 2.115911373035794241e-01 -1.289237559487749485e-01 -1.018380758276205833e-01 1.700693081255632011e-01 2.941404433883725855e-01 3.274594221282639550e-01 1.607600300862979670e-01 1.160105094958656102e-01 6.829266974829542461e-04 -5.027304375772257729e-03 -3.348194115124437653e-01 -1.199638926342960071e-01 -9.326673540928557757e-03 -4.208363743483964359e-02 2.057647100846711763e-01 -1.404443317016389747e-01 2.358022699831587021e-01 3.780589768492636504e-01 1.212064487003060159e-01 -9.839801554026966768e-02
-2.409160564897914469e-01 8.357040824190016537e-02 2.448060155274135730e-01 5.349850575228812244e-03 1.175712276579673199e-01 1.843470899896521575e-01 9.663662765962188761e-02 1.663427028122352047e-01 1.725920391270062415e-01 6.153725177346450886e-02 9.469343564212163999e-02 3.090185579807173122e-01 3.494611866615529028e-01 6.325445034374841402e-01 1.000000000000000000e+00 -5.799340312987474877e-02 3.159169241525390803e-01 9.526026544289667441e-02 4.608111294953151083e-01 1.723406264222274720e-01 6.437167114689817948e-01 1.911343593026680332e-01 4.997095625986837097e-01 1.460894244051404167e-01 3.231487892363364960e-03 2.246759005489374350e-01 3.170178357209283426e-01 2.603843901540883188e-01 2.860648739819331987e-01 5.619815279610413938e-01 -2.308605951490615149e-01 3.595321640634300403e-02 -7.086312811844647230e-02 1.998507772563259087e-03 -8.326868337100366835e-02 1.649260067777616467e-02 2.455106742621250906e-02 -2.704713864084075658e-01 -2.857006083783687478e-01 1.191697589438343308e-01 -3.412572046762745726e-01 1.658616797261410203e-01 -1.009771529357921110e-01 -3.054166051869114940e-01 -2.089085276600629038e-01 -1.027020796490583643e-01 -4.083052919380097262e-02 -1.477378426530140312e-03 -6.875342165973492847e-02 -2.300531996803958090e-01 -1.514875877617015143e-01 1.566017241424115247e-01 -3.922012915169609953e-02 5.830263693392124386e-02 1.130075914985437108e-01 1.220709364541095743e-01 7.152564607888480148e-03 -2.734233810493809716e-02 1.353504883431910499e-01 3.179586029480123699e-01 4.522197455334016625e-01 3.218701264438016407e-01 5.210205590672509768e-01 5.057380217878194584e-01 5.441950735044071008e-01 6.826321062048186228e-01 1.560548254154484060e-01 2.319250648188865560e-01 3.346267265435116101e-01 1.503041174562436688e-01 6.122516792653818207e-01 2.791317798736773215e-01 4.647941591148200269e-01 9.716679531641202183e-02 3.390532316740721974e-01 3.776905757990557944e-01 3.868082723099462994e-01 4.746849017465167853e-01 -3.346199033170483284e-01 -2.710007772980734808e-01 2.993407214904357794e-01 -2.705923449899963473e-01 -1.572720004872555921e-01 1.035855653997328762e-01 3.842571058495701797e-01 2.291957899305591684e-01 1.161637669326418126e-01 3.246605547777680484e-02 3.897107171472186798e-02 -9.745764269714039807e-02 -4.103575427569253753e-01 -7.796036153494821652e-02 -1.540979087521807955e-01 -1.505791719037976872e-01 2.205001480668626890e-01 -2.660785347085565244e-01 4.905036570649876082e-02 3.040592403963419676e-01 2.820465325936908144e-02 -1.983002433172579848e-01
