1.000000000000000000e+00 -8.470875446098066752e-02 1.549109650764324830e-01 -5.708301227930787092e-02 2.512616840484998074e-02 1.729971108594469398e-01 2.104022591756836980e-01 1.100786591526696501e-02 2.954412555707974786e-02 -1.492344576184496674e-01 -7.230859376761753811e-03 -2.063701707721191103e-01 -1.001040452919312318e-01 1.346747275323287585e-01 3.342418199980055626e-01 1.857005035639791579e-01 -3.721163334011426144e-03 3.007068382527251435e-02 -1.299046825308458331e-01 2.585222390502281420e-01 2.170456703526019715e-01 -8.693067159263967447e-02 1.723805450421490026e-01 -1.585286411201714818e-01 -7.152910420151652182e-02 -1.846196442995519937e-01 1.294642292507301728e-01 3.337494589825122215e-03 1.576319375695240110e-01 3.827983006652498077e-02 9.361955664401533719e-03 1.665315200029139631e-01 -2.110063434863913498e-02 1.359370282367992205e-02 -2.679921451981550837e-02 2.003794721216466401e-01 1.327853549849793424e-01 3.615555126267218367e-02 -7.186499411728522468e-02 -4.926406548219353088e-02 1.116918144232431909e-01 -1.915629960541783139e-01 -3.320093409297880105e-01 -4.567148284850420376e-02 -2.239306955762162057e-02 -8.415283430913535201e-02 1.096349430437326862e-02 1.787601194348639178e-01 1.791941821392400158e-01 1.491312955802285289e-01 3.653236890033974005e-01 1.243557295785863159e-01 4.680622419635415560e-02 -8.713944107649954085e-02 4.677644062545984610e-02 1.655170715413075977e-01 1.814970156177627553e-02 3.045915370022951943e-02 -3.083434355789935188e-01 -1.699708805985966076e-01 -1.557372079081605076e-01 -1.178967260496968927e-01 2.728353673199429563e-02 4.644342856652573792e-02 1.567953668485661325e-02 2.812476653210423394e-01 1.030211408758118091e-01 -4.767928462000788070e-02 1.077722376527276297e-03 3.121080424635039319e-02 2.300320349000988251e-01 4.691033219280107275e-02 8.661270482860521092e-02 -1.671696398879213008e-01 -8.565315778277793335e-02 -1.351317131614017397e-01 9.911068215583829222e-02 1.391965130736707301e-01 5.526659683686936664e-02 1.111931480339986705e-01 -9.618397895566765943e-02 -4.827062271802688015e-02 -2.755871903061982153e-01 -9.732263009083384764e-02 2.070964341355307353e-02 -5.636133652864842858e-02 6.396352517610444377e-02 6.771965003176383391e-02 1.426101929755683173e-01 -6.504173273432076186e-02 7.023124367405075841e-02 1.136982578366666809e-02 -1.626695294393626923e-01 3.491077848643015652e-02 -1.040999012820624930e-01 -1.597792197826862493e-01 -8.757500738000535689e-02 6.723892927320357371e-02 2.396366044780630089e-01 1.920335954005836232e-01
-8.470875446098066752e-02 1.000000000000000000e+00 4.720810417854992558e-01 3.273155815420899506e-01 5.221032483147972636e-01 3.689026313099946219e-01 -2.335652447709646393e-03 4.660798465090900122e-01 4.736163239749970888e-01 -1.909721857965855640e-01 -8.284845034315412027e-02 -8.483502546701440772e-02 -1.179648039358808242e-01 -2.751093830685786279e-01 -2.552890313041604742e-01 1.575868934489339235e-01 1.552661474959343224e-03 4.306659147777455177e-01 1.872072951930613960e-01 -1.026698925664953910e-01 -4.309871932938804523e-02 -7.919003893524906301e-02 -2.768645131654812186e-01 1.207527061939003138e-01 -2.102287251850979144e-01 8.582607431120140018e-02 -1.591592826649400050e-01 -1.944756311338683707e-01 -8.843485601421952058e-02 -1.218625861284733797e-01 -1.068127616851134165e-01 -2.252741773295705852e-01 -1.344809512719473132e-01 1.151040985328729560e-01 -1.550303450400815353e-01 -1.211170520675329543e-01 -1.709046671222104463e-01 -4.133138062070250696e-01 -3.709549571915150556e-01 -2.254081020895962739e-01 -2.289122373532135879e-01 -1.046037986201647646e-01 -1.135229841613225737e-01 -2.339111975646095409e-01 -2.363335210186219282e-01 -3.539172989419688276e-01 -3.577248339277985245e-01 -2.963986929591753139e-01 -1.928113651207097601e-01 -2.460840491861378820e-01 -3.232986764242241212e-02 6.053987096774159360e-01 3.523944365880933849e-01 3.345011172594257176e-01 4.223448547630019867e-01 1.194196907228980142e-01 4.668621098044307138e-01 4.138650381237357623e-01 -1.441316582157402548e-01 -8.804411244387683189e-02 -1.772996604252521091e-01 7.445135633406120557e-02 4.629040296908107366e-02 -1.245507935728270565e-01 9.208799423308436372e-02 -3.497448740454044969e-01 -9.333694044333444573e-02 1.166342675592157846e-01 3.273534953342526754e-01 4.223013405914275986e-01 6.189730901012441278e-02 2.496069691483800423e-01 -5.299155141690133075e-02 4.530682275154795935e-02 1.382869198069037464e-01 4.091943258942622175e-02 8.939513099708602806e-02 -8.087284024338744701e-03 -2.723743045016039366e-01 -2.489997560980681812e-01 1.770531546514416132e-01 -1.121758201935396798e-01 -9.089418337598945130e-02 1.577692758338928858e-01 -1.293018585567504500e-02 -7.538710737001752538e-02 -1.215209535965625504e-01 -1.091302028469790103e-01 7.551081306500487256e-02 -7.566576229656987729e-02 -2.272731460121660552e-01 -4.047757343086275106e-01 -3.339712797492208063e-01 -2.703458729449970677e-01 3.313673344228128259e-02 -2.227140021263388503e-01 -3.202946590064918442e-01 -3.143375144506031504e-01 -1.560923461233109100e-01 -2.279773144199825075e-01
1.549109650764324830e-01 4.720810417854992558e-01 1.000000000000000000e+00 2.402517812523503882e-01 3.797668670623491338e-01 6.483789373502107933e-01 7.038448749515821556e-02 5.719452794873020052e-01 5.559147406566261607e-01 -2.255831386150311813e-01 2.278557997069372443e-03 2.289107277155892975e-02 -4.843905437301910741e-03 3.293215001818471793e-02 1.087615226174819399e-01 1.844432742736965836e-01 1.062165380077654403e-01 3.611366599454987614e-01 -2.102100453116081957e-02 -2.095079241450315821e-01 2.848692116865677582e-01 -7.769404165137494545e-02 -2.994206484938301618e-02 1.375490575786640357e-01 -2.321021106616475566e-02 1.660721929900138005e-01 6.332135574275612327e-03 -1.138721816091429473e-01 6.454076325386622071e-02 8.473179535987851452e-02 -2.732425657540963337e-01 9.826327306854956700e-02 -2.578122550069485430e-01 1.507022808000833998e-02 -1.421864306699687774e-01 -2.979003806192964676e-01 -1.965984949386083702e-01 -2.847369620636944765e-01 -2.051803790125151516e-01 -1.999175565941910815e-01 -4.672448567008269937e-01 -2.378839116173057933e-01 -2.017486751001883460e-01 -5.309459144623706051e-01 -4.141690678231219613e-01 -4.202330465145875937e-01 -4.264001757968490236e-01 -3.136403763844323178e-01 -2.852540170377463324e-01 -3.590882628197018533e-01 7.351841947909069919e-02 5.739118521610245827e-01 3.629154480647424075e-01 2.820489511731296695e-01 6.058965288000949245e-01 3.250890014455329324e-01 4.806825991391829866e-01 5.493144283381135029e-01 -3.234309999462418039e-01 -1.083917327523123281e-01 -5.990937671415730997e-02 -2.803134688500058189e-02 2.506258926640220763e-01 -1.780040339325136486e-02 2.919777722527615027e-01 -1.477807760367430903e-02 -1.945605867189333649e-01 -3.732873992922869366e-02 3.557401006485395034e-01 3.065356453029697281e-01 2.571877907406652231e-01 2.700798774833766402e-01 1.204963383566838298e-01 -5.979791480508198087e-02 2.611292075614963237e-01 2.352699405547090394e-01 2.681114553430879455e-01 2.612354973910391287e-01 -3.912637945917810112e-01 -1.009704560474092155e-01 3.013834683635131517e-01 -3.641464269550044874e-01 -3.020783756303578871e-01 1.734500783134703683e-01 1.504806654877744732e-01 -1.969330777333549165e-01 -8.570567722729749427e-02 -1.580001838615904472e-02 -7.062591409729650216e-02 -2.144354453198940302e-01 -2.219525675968413991e-01 -3.675732754590733675e-01 -3.475172585141899639e-01 -3.088221211945139655e-01 9.936627619757547325e-02 -5.830200530624300992e-01 -3.020304848063942726e-01 -4.843742975141950846e-01 -2.573342985793343751e-01 -4.230505824960857919e-01
-5.708301227930787092e-02 3.273155815420899506e-01 2.402517812523503882e-01 1.000000000000000000e+00 2.720313248115985294e-01 1.518930045081131469e-02 6.882064240009763689e-02 2.305779726452836520e-01 1.623592693289308275e-01 -1.456439463644487037e-02 1.226094000335002264e-03 -2.775096597970504522e-02 -1.719118093280838366e-01 -4.731522211595879518e-02 -1.812764232464088021e-01 -3.972498997162664247e-02 7.558264499513582535e-02 1.390625063812439555e-01 -2.419554085468060209e-02 -2.537641642644734019e-01 1.385070948364495666e-02 -1.133676452704440452e-01 -2.155324148364791970e-01 8.644934290674373412e-02 -4.011557591582053106e-02 4.342914799219133731e-02 -1.571515550850643983e-01 -2.406167750676500017e-01 -1.796821707676318491e-01 -7.089385297715651568e-02 -4.138671254367238400e-02 1.373548030521510865e-01 -1.407810453924166205e-01 -2.699545330201911023e-02 -1.245674896981338320e-01 -2.840403635743929955e-01 -2.585261287006173081e-01 -1.922113990840720876e-01 -2.755870243003885611e-01 -2.384653179121239419e-01 -2.777175753857454299e-01 -2.727368203214720621e-01 -1.183828074592936652e-01 -3.344371922850122858e-01 -3.842967814851362962e-01 -4.291200577173247543e-01 -2.621950523813343925e-01 -2.720860446759868490e-01 -2.726879818529973631e-01 -2.605591248894056911e-01 -4.906581585265035184e-02 2.695601879306653292e-01 4.583335768529332443e-01 4.078296533066886331e-01 9.082779905417336097e-02 7.038303958411680494e-02 2.886877369983348318e-01 4.923971109103563587e-02 -1.034911742900469223e-01 -6.032976299544019587e-03 -1.011833304790497878e-01 -1.528638468166109154e-01 6.855920752793862039e-02 2.758973920045136238e-02 9.674130312833405243e-02 -9.836812717581325249e-02 -1.751922554294645940e-01 1.359689149400489794e-01 2.436039615460376118e-01 1.286199095799885339e-01 6.229008644732062644e-02 1.395850678141736800e-01 4.704082955335072563e-02 -9.984302326869205768e-03 1.543893260826003921e-01 2.579792901816477940e-02 9.304887262620123098e-03 5.335013530835152479e-02 -1.684380229539566842e-01 9.281505533802313079e-02 1.005347065477725371e-01 -2.923473458896061472e-01 -1.706150666687579476e-01 1.917691546711022821e-02 -1.559124491430167181e-01 -4.568115997284798169e-02 -1.682414828420069064e-01 -1.093338302289984937e-01 -2.650855123842922323e-01 -2.308774190277659843e-01 -1.107582520096719730e-01 -1.289064531185866169e-01 -1.537689782907950553e-01 1.719479481258284065e-02 -8.954365815342049673e-03 -3.344226870200637247e-01 -3.515388830865672221e-01 -3.134216791513865230e-01 -1.821346477674554154e-01 -2.590761543596850625e-01
2.512616840484998074e-02 5.221032483147972636e-01 3.797668670623491338e-01 2.720313248115985294e-01 1.000000000000000000e+00 2.828786890602323911e-01 1.316990539016800639e-02 3.297436213976581709e-01 3.683052011447680019e-01 -6.014515940907674135e-02 -1.339742495485831963e-01 -2.280976737006723543e-02 -2.717467279208839875e-02 -2.595247021533425014e-01 -2.745362560656192663e-01 2.281357575561951956e-01 8.351997945874832519e-02 2.708669326358543739e-01 -5.687509865317008639e-02 -1.317831584475840090e-01 -2.174906487259969240e-02 1.497833577778307779e-01 -1.150509245207660264e-01 3.656461859947141013e-02 2.734995202069656628e-02 1.519594443365935577e-01 -1.259293472874801478e-01 -1.430413602743258461e-01 -7.898599947188621184e-02 -5.705434331372262469e-02 -1.239753562923695124e-01 3.384748228240319796e-03 9.766779332342719055e-03 4.772048989780697942e-02 -3.249425192955564257e-02 -1.592299070869495903e-01 -1.442909957918163677e-01 -2.148779306885479357e-01 -1.846600827541423073e-01 -1.216195825400879504e-01 -2.494965681628409926e-01 -1.357895482306981094e-01 -1.160567220439175096e-01 -2.823026447285786888e-01 -1.937793873778742293e-01 -2.638884382341968315e-01 -2.116016898503454979e-01 -2.439131991806688937e-01 -1.969819984605117869e-01 -2.978391697161182905e-01 -4.891059180400574719e-02 3.457542856066567194e-01 2.775244085874146172e-01 1.636543152489826902e-01 3.673345920242395701e-01 1.902029430394308329e-01 2.735466531680889046e-01 2.538273361904194725e-01 -5.666155165344832073e-02 -6.408765997545282783e-03 -1.200710432239975034e-01 5.468527113435174558e-02 -8.509842931530077134e-03 -5.361206080689018272e-02 8.563245964869277416e-02 -2.330470436208109397e-01 -1.726533003658810850e-01 5.615878820461121107e-02 2.213972001968466108e-01 2.417958606829805346e-01 2.255441905497259161e-02 1.246689882870369859e-01 -1.858914805631918521e-02 8.077911497815622177e-02 1.050096747720629109e-01 1.336069543148278582e-01 2.810281590109827213e-02 -6.641187164397298337e-02 -3.218544427394240404e-01 -2.934600558884520871e-01 1.824483042730805638e-01 -1.646134217465640426e-01 -1.308781511972502976e-01 1.487871079937719554e-01 1.069047378944124478e-04 3.292607499675220123e-02 -1.849246519391960775e-01 -2.498837229172905239e-01 1.341825012906515228e-02 -5.860815604508023274e-02 -2.241869575636779577e-01 -1.688207780644398748e-01 -1.372843798169588736e-01 -2.941319856131094923e-01 9.132134197209493265e-02 -3.187081932775143733e-01 -1.991314301546020238e-01 -2.728915354490469292e-01 -1.185092506050177963e-01 -2.616034546466889932e-01
1.729971108594469398e-01 3.689026313099946219e-01 6.483789373502107933e-01 1.518930045081131469e-02 2.828786890602323911e-01 1.000000000000000000e+00 1.815051321331050127e-02 5.198481208012448729e-01 6.416455958565159268e-01 -3.007175877895851834e-01 9.660966783214759756e-04 -7.091624412653765863e-02 7.636878417269889197e-02 1.295692604295211117e-02 1.386433248642695848e-01 2.070200082911702599e-01 5.515758076192300678e-03 3.485731831563499972e-01 4.765914666506269881e-02 -1.241641918400053363e-01 2.896550895000061243e-01 -5.922418849338006303e-02 -1.095996662884329148e-02 1.003086807054043988e-01 -1.771521313741840353e-01 1.063086852452947567e-01 8.090939011495386357e-02 -9.505734676438505962e-03 6.803504308134063205e-02 8.965989873551968858e-02 -2.777475451622504199e-01 -1.245936054532818388e-01 -2.762671184668448743e-01 7.842755115148465628e-02 3.590636948609023105e-02 -1.853165944547698618e-01 -1.045541522481015367e-01 -3.417685430724146656e-01 -1.141359453058557877e-01 -1.575146485135240637e-01 -3.284473135011362066e-01 -7.667948275883194886e-02 -3.919281449041017718e-02 -3.366659854858403134e-01 -2.832717083428997196e-01 -2.348560001356961857e-01 -3.226827158277877916e-01 -2.093693794837831190e-01 -1.910532594720314448e-01 -2.317782844751612170e-01 2.201552579884001604e-01 5.351194569682993230e-01 2.856056586929031083e-01 1.426733937002524211e-01 6.034153344577857236e-01 4.083274897993827146e-01 4.192274069092946642e-01 5.805325132453351689e-01 -2.774581961674288944e-01 -2.875014490569295922e-01 -9.512889763786996911e-02 2.098794866778794510e-01 2.783803989473154217e-01 -3.256084998764695315e-03 1.940633608571070701e-01 -6.638500398344580715e-03 -4.035229001390158027e-02 5.478865944753541321e-03 3.203817115537056504e-01 2.670279929869682767e-01 2.769667178828297827e-01 3.525462742828146534e-01 7.589921344640589151e-02 -6.681656052702161785e-02 2.060271766027077789e-01 1.144585947121683073e-01 2.482978055265543105e-01 2.313943924693355469e-01 -2.774573431240969223e-01 -5.335278256923311341e-02 3.066434855296591433e-01 -2.046794388021838940e-01 -2.637501932256511306e-01 3.088287706742252614e-01 1.778544833458428620e-01 -2.754558889298489022e-01 -3.917514692902583640e-02 9.970996409361412849e-02 -5.602434969686650307e-03 -1.105628491717504658e-01 -9.832387951023219275e-02 -4.817786871321831921e-01 -3.829758599895525806e-01 -3.028591890153064514e-01 1.531627521163037575e-01 -3.409247921179310303e-01 -1.832172624463483945e-01 -4.026079417470521671e-01 -1.928220449047333140e-01 -3.045598527568538771e-01
2.104022591756836980e-01 -2.335652447709646393e-03 7.038448749515821556e-02 6.882064240009763689e-02 1.316990539016800639e-02 1.815051321331050127e-02 1.000000000000000000e+00 2.425220643375000096e-01 1.399996614962318621e-02 2.617426591463641386e-02 4.001936952559319305e-02 -2.043676693901143315e-02 5.580139024359986183e-02 2.178673987012595403e-01 1.092928783453003677e-01 2.641694180081786136e-01 2.130132331336207496e-01 3.209010847436705172e-01 3.606327211511101138e-02 1.911174277763041246e-02 2.605999280752998026e-01 5.914425853932941957e-02 3.037417879756887928e-01 -1.042401572972864593e-01 1.220965921101132140e-01 -1.142800602144323635e-01 -8.106449013235755841e-02 -5.363962480265625776e-02 1.245964290764110666e-01 1.821666312974792867e-01 -3.869747889034238358e-02 6.181692747081779515e-02 4.454766619963317770e-02 1.037000994409395388e-01 -5.898121946148955630e-02 -7.105246376056040258e-02 -1.101986049474597551e-01 1.487958512858663651e-01 1.018704856842065770e-01 1.922130772795045128e-01 6.199975138239040284e-02 -6.613048812082855665e-02 -7.916278279072073987e-02 1.637180266480320334e-02 -4.531846921235543890e-02 3.124595100698366462e-02 -2.655014487440232086e-03 1.195790564339142270e-01 3.711084258072933767e-02 7.190445992325483239e-03 6.262938850895659326e-02 1.356943258964742605e-01 1.780732734718292187e-01 -9.709888814388273337e-02 7.236678089441768436e-02 -7.030837955446452014e-02 3.168252867018828134e-01 2.580566742966388868e-02 -6.794834471563500344e-02 7.050255062786466020e-02 2.628308000688650298e-03 -1.755898238071561257e-01 -6.832110545663860890e-02 1.037338804222943944e-01 2.127597146176766485e-01 1.830901857229483287e-01 3.865651228690664132e-01 1.789226533825427345e-01 8.818627588479326096e-02 2.555001842991826422e-01 1.435648680632843621e-01 8.589034147482169090e-02 2.536881483855802366e-01 3.582274361243744515e-02 6.042289681916587080e-02 2.678867494087991061e-02 1.057137698046565488e-01 1.585338994423150516e-01 -4.548088611630466543e-02 -7.068529614027697916e-02 -1.031048102818780676e-01 -3.109393405228716989e-01 -4.258042742501387812e-01 -2.144777708844083086e-01 -1.165963355788891265e-01 2.588467112980800955e-02 -3.759879161233058847e-02 -1.166630046522944691e-01 -9.632366672719933076e-02 -1.674134923383777673e-01 -1.104270750411830010e-01 2.230480618406691096e-01 9.244033108021944278e-02 -4.344999103430110393e-02 -5.239982393424438833e-02 -7.984759889340800609e-02 7.506903072926614934e-03 2.046194113213957791e-02 8.315465990023809817e-02 4.423773695080258223e-02
1.100786591526696501e-02 4.660798465090900122e-01 5.719452794873020052e-01 2.305779726452836520e-01 3.297436213976581709e-01 5.198481208012448729e-01 2.425220643375000096e-01 1.000000000000000000e+00 5.621785055329233671e-01 -1.801989364815277384e-01 7.798608771486670310e-02 -1.493619195187851408e-03 -2.394616342005768256e-02 -9.081541292027485446e-02 -1.312536839573575365e-01 2.281660480502092081e-01 -2.606062942213500933e-02 6.154847939176558702e-01 4.053029475700705569e-02 -3.398919391937058609e-01 1.644036963194116241e-01 7.253342617495364165e-03 -7.537425025166832881e-02 9.460954419707064134e-02 -4.928060111968203538e-02 1.375144225078024640e-01 -8.221022972763705750e-02 -1.514905074264875084e-01 -8.229486322155758760e-02 8.614586991164656371e-02 -1.542226241590148594e-01 -9.247502150049966008e-02 -1.933828781402704977e-01 8.540801694225894081e-02 -6.588190043959700481e-02 -3.424959565223623659e-01 -3.182629761453213413e-01 -3.306096412930801809e-01 -1.335669065969548597e-01 -1.230106550160911250e-01 -4.040165548231441361e-01 -3.561105845034227141e-02 2.574585544034846407e-02 -3.842398504355466482e-01 -3.255107977571684574e-01 -3.530000510879149900e-01 -3.448927743327974138e-01 -3.457044288096973728e-01 -2.915776106460954420e-01 -4.197554437129487614e-01 4.692335235047214587e-02 6.249662982442871773e-01 4.023649253854940655e-01 1.508213320457702789e-01 5.849412120404006155e-01 2.163856348157251475e-01 6.853240302722387600e-01 6.196014993843241836e-01 -1.090038161424890517e-01 -8.010322817551603081e-02 -2.147045255500579231e-02 -6.659569513597187948e-03 1.566239719730888325e-01 -1.555818715540904229e-01 1.513327152193444380e-01 -1.531312294575457311e-01 5.612691998378452340e-02 8.868607693304504658e-03 2.623326719497347526e-01 4.861639626301884620e-01 8.914126002531463921e-02 3.009017544090744622e-01 8.158199579979916183e-02 4.132419899675981306e-02 1.928023694680632283e-01 1.636387464439210404e-01 1.283165558077919155e-01 1.780470515778205254e-01 -2.842843233734216879e-01 -1.246161715929900438e-01 1.738535628696879498e-01 -4.259586234363150203e-01 -2.907594585279474897e-01 1.641780760293479469e-01 6.937254063345546506e-02 -1.639422778725448115e-01 -1.702719493184092769e-01 -8.019681759260874343e-02 -1.433903540353710371e-01 -2.286553077044347904e-01 -2.041724166861684231e-01 -3.554325911004151961e-01 -2.851602582047043088e-01 -2.644391845775727612e-01 1.777749597458351261e-01 -3.801044456175692865e-01 -2.760499995135087259e-01 -4.366420761923965888e-01 -2.542628412275801386e-01 -4.438198903298674614e-01
2.954412555707974786e-02 4.736163239749970888e-01 5.559147406566261607e-01 1.623592693289308275e-01 3.683052011447680019e-01 6.416455958565159268e-01 1.399996614962318621e-02 5.621785055329233671e-01 1.000000000000000000e+00 -1.755948523825142382e-01 -4.153877400068621550e-02 -6.993169618788716568e-02 7.260981969642554823e-02 -1.304545658665218766e-01 -5.491772776342990214e-02 1.390483752194318912e-01 7.055106226088923849e-02 4.160037071913910145e-01 2.815469103641819737e-02 -3.444684653912211125e-02 2.944446327390442542e-01 2.081792977079134025e-03 -1.019605098179183211e-01 1.403605477611615804e-01 -2.000697545920715748e-01 1.262418055140789030e-01 9.532094043417192741e-02 4.189899124972915057e-02 9.447662256672267889e-02 7.903757949786453796e-02 -2.004030505731493883e-01 -9.898894299122464047e-02 -2.272134499037496425e-01 6.332909842770638453e-02 -4.770294816227298867e-02 -9.585740142480958514e-02 -7.107708235455251211e-02 -4.400766853407710455e-01 -2.706072380358533480e-01 -1.589957544283529534e-01 -3.573557821276955315e-01 -4.037315058795305084e-02 -1.004021094558758542e-01 -3.200537412601657805e-01 -2.530711220457605437e-01 -3.613304588392373118e-01 -3.388655148627746083e-01 -2.941078577592232679e-01 -2.539516141174752439e-01 -2.792772759891398726e-01 2.022804297576423216e-01 5.180610718671909698e-01 3.168056865785637277e-01 1.446117882051975445e-01 5.205512271102844535e-01 4.587467067460460624e-01 4.281222110261111435e-01 6.206919040008440636e-01 -2.109808456055415060e-01 -2.829369228464191366e-01 -1.418783874012238544e-01 1.927249720458517890e-01 2.451664228415612601e-01 -1.645465589868475298e-01 1.363664451131102184e-01 -1.898714611332938118e-01 -7.388547480762010233e-02 5.473602465360530994e-02 2.975726009539729766e-01 3.188586812600363030e-01 2.562761257785035052e-01 2.666150939246849649e-01 7.817985836772357866e-02 6.609188477730951194e-02 5.539418143844216519e-02 1.290192328226905105e-01 2.297593675852827033e-01 1.820292434948020954e-01 -2.905474683887967480e-01 -9.383825885055974148e-02 2.998417140943536729e-01 -1.575027450022072339e-01 -1.932321250918567490e-01 2.721744059746842304e-01 2.538900307278292301e-01 -2.255298585191249650e-01 -9.007851115558887511e-02 4.554746443378893811e-02 1.276862328699449323e-01 4.363262700961106563e-03 -2.379060197330573057e-01 -5.177105514873765468e-01 -3.678101539111982010e-01 -3.789443039713444317e-01 6.607141367963281775e-02 -3.482957921998225959e-01 -1.809116410466574953e-01 -4.193086774486854407e-01 -1.841919796018668398e-01 -3.125720385338370821e-01
-1.492344576184496674e-01 -1.909721857965855640e-01 -2.255831386150311813e-01 -1.456439463644487037e-02 -6.014515940907674135e-02 -3.007175877895851834e-01 2.617426591463641386e-02 -1.801989364815277384e-01 -1.755948523825142382e-01 1.000000000000000000e+00 2.742049943329616726e-02 2.415364757201661772e-01 1.558276453763266234e-01 5.409724381638769675e-02 -1.117824117458988270e-01 -6.125477374159597754e-02 3.077930417516619999e-01 -5.889760183890963008e-02 -1.098870253224011190e-01 -8.608145275496022208e-02 6.192252019650236819e-03 3.167499017456754662e-01 1.582177492879471292e-01 2.731084422950106894e-01 5.572757897769985425e-01 1.728089513914534692e-01 -8.034193002662300132e-02 1.405272854471550925e-01 2.382790289796009597e-01 3.273161913041432169e-02 2.784433773684066860e-01 2.873182701385905147e-01 1.997386312186080481e-01 -1.765211015112233273e-01 -8.915799603281891750e-02 -1.066161323052935567e-01 1.091364438046075053e-01 1.323502394398723934e-02 4.377026339333878885e-02 -6.768824867020770131e-02 -1.152232479220101913e-01 -1.715784012999553021e-01 5.005627175152362052e-02 2.883802805580645140e-02 -8.695782683070293895e-03 -4.721430759618640283e-02 1.447020283287556337e-02 -3.345029893617835343e-02 -1.348535916128249523e-01 -1.964421317270599321e-01 -3.442008594246971365e-01 -3.897519853322148897e-01 -2.627602595239057481e-01 -2.934616175317986686e-01 -8.738667532437635610e-02 6.144310668653416019e-02 -2.845310966261201946e-01 -1.903156643790598068e-01 4.661567809149695374e-01 2.040191486255874820e-01 2.013913634200530656e-01 -5.746210518130794725e-02 8.278869565503144123e-02 6.478826719772258491e-02 -2.681504438109277508e-02 -8.518774139614201935e-02 -9.756448344762026770e-02 3.898888639938567074e-03 -7.895411423942721996e-02 -2.016696001574500297e-01 -1.630126734217803020e-02 -2.481686644895318150e-01 1.524550724751638775e-01 3.453143546602505665e-01 8.894004602862175257e-02 2.345170909735765086e-01 1.778773898517658769e-01 -1.830339085013631129e-02 1.849691397576957719e-01 -4.000527360058929449e-02 7.723025998935660608e-02 -1.393792784993321821e-01 1.445132130477092547e-01 -6.137949990562886760e-02 1.270764355913757693e-01 1.310594652382702785e-01 2.751561047697846651e-02 -1.661484985570350903e-01 3.999164008212100635e-03 1.258359841471114460e-01 -2.252777954593657705e-01 3.967790546210686609e-01 2.222015073382557770e-01 2.238338409510042815e-01 -1.005683700388830398e-01 4.657061776519595686e-02 6.330175047779544595e-02 -6.180700340969006584e-02 -1.270524356105534949e-02 -1.278750994498100979e-01
-7.230859376761753811e-03 -8.284845034315412027e-02 2.278557997069372443e-03 1.226094000335002264e-03 -1.339742495485831963e-01 9.660966783214759756e-04 4.001936952559319305e-02 7.798608771486670310e-02 -4.153877400068621550e-02 2.742049943329616726e-02 1.000000000000000000e+00 2.618292860158658031e-01 -1.146989646494222213e-02 1.578263432590050197e-01 7.706290485112458899e-02 2.082270205676497316e-02 -1.184897129649829101e-02 -1.196354775127576320e-01 -1.330580375079588318e-01 -1.948991760731265122e-01 -1.972770470885067823e-02 2.442327479685894864e-02 -1.615878581864599317e-02 -1.133758366267103093e-02 5.013553613255683494e-02 1.911727966041234239e-01 9.062805309357031477e-03 5.600994085374397247e-02 -2.572615676453948383e-02 4.388436639721784299e-02 1.317184068958823506e-01 -1.065780941342035770e-01 -8.243078435648651392e-02 -4.252399849882933236e-02 4.086645220726096289e-02 -1.680453150818671249e-01 -7.312543292618643720e-02 3.176761628372014312e-03 9.620426444521407161e-02 2.714826528489468482e-01 -1.450905302724536938e-01 1.737417361187880427e-01 1.259721668204925038e-01 -6.409404440461774488e-02 -1.893192880010012846e-01 -1.552374308626389143e-01 -1.528192234084307655e-01 -1.366998034261431572e-01 -1.362401244055266580e-01 -1.772672214817146985e-01 2.061715722674443974e-02 3.168899517223189993e-02 -6.119981484691498080e-02 -7.229289977509173459e-02 1.081016798646779881e-01 6.790530315685797298e-03 1.901110488895826900e-02 3.722770657561978724e-02 3.896414001849187597e-02 2.029721819843806618e-01 1.443617676634858515e-01 -8.899399193230336791e-02 -7.849994307324509313e-02 1.908841110106969732e-02 4.848872666449643900e-05 2.105642782955911008e-01 -6.871069574775423572e-02 -3.750731836736784230e-02 -1.357113386215834938e-01 -1.919780262325576914e-01 -7.794992846874987391e-02 -6.627480378298981900e-02 6.662734589325999823e-02 1.071839893797834897e-01 -3.725310821108119425e-02 1.755264960374569583e-01 -9.203854548205520070e-02 1.284496728800646748e-01 1.292621469425115355e-01 1.662179601440373633e-01 -3.883430488805358904e-02 -1.396240622848403112e-01 -4.774904162548136710e-02 -1.042222761925222091e-01 -5.697937221761984611e-02 -1.372099354873787536e-01 7.647537728852595029e-02 1.036130663653491712e-01 -2.088230224114573097e-01 -1.343278469555643784e-01 8.901685557755714684e-02 -7.826262513028951415e-03 2.591319013242697755e-01 2.224473541232483420e-01 2.283653385919530987e-01 -3.031890624865980419e-02 -7.803481233372248915e-02 -1.189876707496736324e-01 -2.966669688790715340e-02 -1.335875478355345314e-01
-2.063701707721191103e-01 -8.483502546701440772e-02 2.289107277155892975e-02 -2.775096597970504522e-02 -2.280976737006723543e-02 -7.091624412653765863e-02 -2.043676693901143315e-02 -1.493619195187851408e-03 -6.993169618788716568e-02 2.415364757201661772e-01 2.618292860158658031e-01 1.000000000000000000e+00 3.932288116306641990e-01 3.152765651750347731e-01 1.665137387698120419e-01 5.465049551143737888e-02 2.378599302217651867e-01 -1.528588921810538626e-01 1.686390927002364912e-02 -3.021231535915181454e-01 1.542216185979897181e-01 2.095326371475735028e-01 2.866870068627442314e-01 2.914139816241289593e-01 3.407572909759216673e-01 4.492903932882924001e-01 -3.777723615232662924e-02 7.086951837655104669e-02 3.830228507335321081e-02 2.620769835841940121e-01 -1.881602379062738695e-01 -1.941983431612957084e-02 -2.364642358574639558e-02 -1.163387377474798742e-02 2.128813387693773151e-02 -3.054036934705391948e-01 -5.904793053329691205e-02 3.818971697010464534e-03 1.777333507213843811e-01 1.895855146636774013e-01 -3.349395072802166529e-01 6.387467711189827313e-02 4.062684464639760434e-02 -2.513051135949097015e-01 -3.186886803042224270e-01 -1.867229841764618536e-01 -1.029865550349913922e-01 -1.708598338597822341e-01 -1.323213592005344219e-01 -3.270351651885449185e-01 -1.414430946126561950e-01 -1.665469659335915287e-01 -1.027431091612540509e-01 -3.136557384316805003e-02 4.862697835764748233e-02 -3.674821798724421662e-02 -9.201651072596087055e-02 -2.609665483038228762e-02 2.699194133003312013e-01 4.658743354555409111e-01 5.797167702047363314e-01 1.391041128187670284e-01 1.891317788395860677e-01 2.416858625554709761e-01 2.582693349161190866e-01 1.373255685922352975e-01 -1.916158777184542583e-01 2.298796428203801496e-03 9.248827593248877543e-02 -1.969861795037270435e-01 -2.202837379183882061e-02 -9.356061013400493107e-03 3.690333907376155409e-01 2.339905970694937110e-01 3.731145138708812925e-01 4.934585714258261646e-01 1.046365007552224752e-01 3.153669740590065440e-01 -3.020485141418658218e-02 -1.467699663908137060e-02 2.229056892618684060e-01 -1.820748664381851567e-01 -1.369696284845578482e-01 2.825896974742466219e-02 1.239702533827344855e-01 -1.378259583582240044e-01 8.310690103170942367e-02 8.668820973620811055e-02 -1.649094001568276180e-01 -1.121888407505580443e-01 3.024659661858847270e-02 1.558295837699904818e-01 3.213031194049792982e-01 -1.589685612513858926e-01 1.962893013749919535e-01 -1.969471368936707989e-01 -1.784924562366728973e-01 -1.101471003370810137e-01 -1.610109126751399222e-01 -2.861485534363983341e-01
-1.001040452919312318e-01 -1.179648039358808242e-01 -4.843905437301910741e-03 -1.719118093280838366e-01 -2.717467279208839875e-02 7.636878417269889197e-02 5.580139024359986183e-02 -2.394616342005768256e-02 7.260981969642554823e-02 1.558276453763266234e-01 -1.146989646494222213e-02 3.932288116306641990e-01 1.000000000000000000e+00 3.036513910357442336e-01 1.629099731672352391e-01 1.507136654635002904e-01 2.205916541266157715e-01 -1.167246439882496933e-01 -5.709051670813247541e-03 -1.331746511765505847e-01 2.763015513774150222e-01 1.982922345250584251e-01 3.252890686671345843e-01 1.520352138354815752e-01 1.831262690079314137e-01 1.803487993623048846e-01 9.094335765410722916e-03 1.057621173325871411e-01 2.163056316747047902e-01 3.230855949107923619e-01 -3.388741870747995488e-01 1.527259861446003397e-01 3.102027777724098920e-03 3.197130027149630571e-02 9.257895873099462880e-02 -1.840043671866922470e-01 1.244636401102751644e-01 7.337001841635608368e-02 2.695460323611147402e-01 3.654018440182751903e-02 -1.472105419400401849e-01 1.135950926297066288e-01 -2.052931164621588783e-02 -1.797026837554349943e-01 -1.250171594581863110e-01 4.123665336562960110e-02 9.339359794301900497e-02 -3.421193816571083818e-02 -1.133461687645105631e-01 -5.870854119771260621e-02 8.288781479361362337e-02 -9.579250396522166755e-02 -2.777494494639422273e-02 2.786965601516422364e-02 6.636475602227817627e-02 1.147729007160252779e-01 3.812156721383697794e-02 8.997455352589463218e-02 1.748472652693352225e-01 1.092174567468839064e-01 4.150266435895048622e-01 4.956844983977317098e-01 3.795820016891420234e-01 3.247767322958141495e-02 9.701322671118070562e-02 6.816709912026662488e-02 1.393895339816050849e-02 8.069930532813148968e-03 9.630841938757044030e-02 -6.842987787646771791e-02 1.156533189044142151e-01 8.952005754602657128e-02 2.551371239049635142e-01 1.192350655134232287e-02 1.981262377956759246e-01 1.475341242039537037e-01 2.591835406218817583e-01 2.858963659548616199e-01 -1.201817074707501876e-01 -1.364096547725978173e-02 1.836745119579366037e-01 3.679720420095699152e-03 -1.979864607823735301e-01 1.660671111662290200e-01 7.969547232518846280e-02 -1.877916405706738789e-01 1.295076529139341515e-01 1.035234422085761913e-01 -1.022950001668580383e-01 -6.103365894503532535e-02 4.676850532121579196e-03 7.151233683919275275e-02 6.020192002257703651e-02 -2.954086645898131858e-01 3.743786797353697987e-02 -1.459389483817813415e-01 -4.770591551603396013e-02 -6.463966868395255860e-02 -1.302816136760325816e-01 -1.088515686801103111e-01
1.346747275323287585e-01 -2.751093830685786279e-01 3.293215001818471793e-02 -4.731522211595879518e-02 -2.595247021533425014e-01 1.295692604295211117e-02 2.178673987012595403e-01 -9.081541292027485446e-02 -1.304545658665218766e-01 5.409724381638769675e-02 1.578263432590050197e-01 3.152765651750347731e-01 3.036513910357442336e-01 1.000000000000000000e+00 5.511996949397888201e-01 4.676900782265215606e-02 2.852341804112005774e-01 -1.392676671347325701e-01 5.306266613848965863e-02 2.497421282698775082e-03 4.159120433584334031e-01 4.097122511691442953e-02 4.335469651461826279e-01 1.136109261805053061e-01 1.376492127560268730e-01 8.531677295627232427e-02 2.020753757481987267e-01 9.831965495568230351e-02 2.263131856052929547e-01 3.068663971680340996e-01 -2.286400513073110763e-01 1.429476330975717746e-01 -1.106499513809365010e-01 2.920180385978359341e-02 1.073753589266545488e-01 -6.808961162580055848e-02 2.926710224315797609e-02 2.504589833239685981e-01 2.931616810207392509e-01 1.896093677427303226e-01 -8.679216105249119850e-02 -2.014026081327250153e-02 -9.496914478957138583e-02 -1.229859609636617529e-01 -8.844024354499066543e-02 6.090185815103417444e-02 4.643371368871984650e-02 1.287379823448327465e-01 -2.575398466588339156e-03 4.689932532192954417e-02 8.592577283253986786e-02 -1.205176750654239487e-01 3.357130870857896743e-02 -8.432431739413008553e-02 -3.674829370527236266e-02 7.646561965632922564e-02 -5.753555407953159923e-02 -5.027446304102011626e-02 -9.007521080569702576e-02 2.134789644530386832e-01 3.570553476703406948e-01 -1.531953742194857616e-02 2.358522414608116569e-01 3.504631780530199081e-01 3.813138840637360638e-01 5.319995285832859189e-01 3.478138560263093620e-02 4.774014881877598065e-02 1.613167564824720956e-01 -1.380919644528228740e-01 2.963676778650056742e-01 6.676848944637830963e-02 4.236533796848233613e-01 -2.277669347546036616e-02 2.595020421990337223e-01 1.797022740419413622e-01 1.756468495066719759e-01 3.929452895558375736e-01 5.417270618034254748e-02 8.244615937202046108e-02 1.148015436416634644e-01 -1.492842057972627312e-01 -2.159496166735747624e-01 -4.384948185598592542e-03 7.758332078293707357e-02 -1.317893817366271314e-01 1.745618349459188146e-01 2.209706187285204460e-01 -7.385635415402562465e-02 -1.581428344081689807e-01 7.673068723864155671e-02 1.929526944081417505e-01 1.879295449985772803e-01 -5.541788240065045196e-02 7.140382124421880417e-02 -1.625974299617105046e-01 2.683527414438599892e-02 -2.622579518147107394e-02 -4.320741102215882451e-02 2.645388450834941507e-02
3.342418199980055626e-01 -2.552890313041604742e-01 1.087615226174819399e-01 -1.812764232464088021e-01 -2.745362560656192663e-01 1.386433248642695848e-01 1.092928783453003677e-01 -1.312536839573575365e-01 -5.491772776342990214e-02 -1.117824117458988270e-01 7.706290485112458899e-02 1.665137387698120419e-01 1.629099731672352391e-01 5.511996949397888201e-01 1.000000000000000000e+00 -7.028377716797226324e-03 7.924859029965007629e-02 -1.264654882047168694e-01 6.375831195136430485e-02 1.910238698287959336e-01 4.241162822986380698e-01 -1.108185810142079397e-01 3.844516810663142770e-01 8.391740898541821814e-02 4.391433426814028707e-02 2.650741362502278403e-02 2.366941783624395279e-01 1.408676922814446342e-01 3.519407812968872729e-01 2.177042898992468944e-01 -2.007045588360354682e-01 5.849787870832750397e-02 -2.108533870880478500e-01 8.763763182485622685e-04 2.356833425703897499e-03 1.248837200467633468e-01 1.500905186168750294e-01 1.466274112439852895e-01 1.235005849524025423e-01 9.870265189388521820e-03 -4.173047003633161001e-02 -5.018677567138220968e-02 -2.809396820159043018e-01 -1.032450889469692101e-01 -1.071257562890823578e-01 -1.527884059430995208e-02 -1.253465954136492866e-02 2.185365311826392709e-01 1.562565453658193160e-01 1.329434705191541999e-01 1.971001494627564188e-01 -3.385956460623546632e-02 6.081303167770069767e-02 -7.239008704875692091e-02 2.822118760464690027e-02 1.222044713880179462e-01 -8.025595227495206652e-02 -1.969196910079205887e-02 -1.640883468042461379e-01 -2.268342783862568879e-02 2.772351351325505475e-01 3.527148486763247853e-02 2.699687291992844407e-01 2.586059980503192524e-01 3.331366764866069974e-01 5.701067973814535339e-01 8.919134454831137426e-02 -8.460583239065883054e-02 1.340362906840731061e-01 -7.402018586223590990e-02 3.832518529591304457e-01 8.516623223230747330e-02 3.587197870978217629e-01 -1.256524763626740149e-01 2.623730407763849026e-01 1.071956202274113312e-01 3.143135941233416997e-01 4.115015838917193691e-01 8.356510620379528631e-02 1.678613209721659671e-01 1.587973691643910779e-01 7.372958359035160746e-03 -1.599621119429781857e-01 8.618695867078498413e-03 1.174041460080698651e-01 -1.603003170265918653e-01 3.577796311258489848e-01 3.545723646180597988e-01 1.687261333563676580e-01 -7.998150729779764101e-02 2.098942453093109450e-01 7.017028332461940077e-02 4.567156452812735912e-02 -3.749947644254742612e-02 -4.005487276285161699e-03 -1.169192508516517376e-01 -4.683119503548509310e-02 7.407540512348843864e-02 8.566454316599710073e-02 1.419329731978979381e-01
