1.000000000000000000e+00 2.645020893475603235e-02 -1.879566203092813970e-01 3.197305785743922435e-01 -3.384210581973358389e-02 7.846726944929988123e-02 1.352606684642705115e-01 -8.756018743915398861e-02 -1.498811313592526007e-01 -1.611222735136406958e-01 -3.279744881883948915e-02 -1.854953586010922584e-01 8.861559893959358725e-02 1.531643029726166283e-01 -6.818989259171190365e-02 3.637185542453174464e-02 2.543919478632034048e-01 4.010402331364779777e-02 2.528978163704615478e-01 1.947358390151094076e-01 1.077460187633363931e-02 -6.439161131941684157e-02 -1.281026435664547325e-01 -1.811572767423456076e-01 -8.114386515641910935e-02 -3.012652227254139503e-01 -9.616250239507982689e-03 -5.486297152063342175e-02 -7.595357204999092504e-02 -1.800854951828038120e-01 -6.123980061526176910e-02 1.903453984436874746e-01 9.936746658069134375e-02 -1.363551093007186153e-02 -1.370533502384388702e-01 1.937254860223329433e-01 2.786591391759663527e-01 1.775777778919162830e-01 -1.049201066415599570e-01 -1.553466752499466919e-01 1.396248908256942922e-01 -6.496782628182676267e-02 -2.775449795999139768e-01 3.485750350162428735e-01 2.870195282725332420e-01 1.353770887499254894e-01 7.235013959212593937e-02 2.968932909345146087e-01 4.625450429222039417e-01 3.115601196413651519e-01 3.108791402656870262e-01 -9.602783957874806708e-02 9.618853126593841785e-02 -8.052121745452790399e-03 -7.272317588876119065e-02 3.357802696274518883e-01 -8.924255446758411203e-02 -1.855822675057804683e-01 -3.348630291414514404e-02 -1.001333797952642241e-01 -5.015246431724647985e-02 2.320534985438016118e-01 3.923603790867875862e-02 2.082673015297657401e-03 -1.358466895394658536e-01 -2.885225863009916458e-01 2.022683928246345186e-01 4.027575779975102743e-01 -8.657608398611808809e-02 -5.972038554401131599e-02 -1.947349311351558865e-01 -9.916801618400697405e-02 -2.191720090077077243e-01 -1.400874888262095830e-01 -4.116202216495688099e-02 -2.528891135643428489e-01 -1.375337933676289981e-01 -2.111868203339838379e-01 -7.281024930408869222e-02 1.481222109399975284e-01 -1.695397250676936307e-01 -4.568622214367065726e-02 -8.860367275606187421e-02 -1.672641181698940049e-01 -1.234248789771742877e-01 -5.700804432650040388e-02 2.589610964769609169e-01 -1.111734823963354268e-01 1.379929257038380042e-01 -2.528729513493551129e-01 1.075528952827157492e-01 2.099546318669134604e-01 -2.605349265667923908e-01 1.016967803936242587e-01 -2.932502739527007574e-01 2.892101600777285397e-01 1.393332663179884523e-01 2.821210828731560705e-01 4.332803402256631964e-01 2.414088400636932585e-01
2.645020893475603235e-02 1.000000000000000000e+00 4.525777763912279261e-01 3.520004073353301677e-01 4.431892099569756382e-01 2.743216172831303701e-01 3.231458319136661789e-02 5.675668184991662368e-01 2.724500335099512838e-01 -1.609124065075783969e-02 -8.699383163143530051e-02 -7.582885908241773602e-03 -4.028253998801924717e-03 -2.197881741332416948e-03 -1.814276186538544833e-01 3.951834948997412500e-01 -7.585170997577944663e-02 2.245325271804707035e-01 4.538788249427286314e-02 -2.471527245746999446e-01 1.372613861418478520e-01 1.618342367188730091e-01 5.775701894720204621e-02 2.227380407358966752e-01 -1.224282612793123892e-01 1.274955718377688285e-01 -1.718399047082214137e-01 -2.831175014875558782e-01 -7.374661315005787143e-02 3.391087270145649868e-02 -2.298330097698855212e-01 -3.876256443254758044e-01 -4.284030991526347476e-01 -1.585489009234861968e-01 -1.321913617932188867e-01 -2.452733657795784228e-01 -2.445481307867016785e-01 -2.171104659207303000e-01 -6.028828139171972522e-02 -3.295653084086465345e-02 -3.402497504626898484e-01 -8.095018728722609691e-02 -7.016635036139010073e-02 -2.974786266049826988e-01 -2.045602017215918667e-01 -2.864831349562412810e-01 -2.830997214621864821e-01 -2.629873659666190910e-01 -1.179518548490003788e-01 -3.462464631378869284e-01 2.599101323132229635e-01 6.819762798737373233e-01 4.052762179388706421e-01 5.607612521462329580e-01 3.303526793946127693e-01 2.309754146553522902e-01 4.776305082303156646e-01 3.432556094417991144e-01 2.906698775903401866e-02 6.610627371873411401e-03 7.833682707491451680e-02 -5.787818770292141313e-02 -1.678956617737748236e-01 2.795009619582787541e-02 9.714323997883283351e-03 3.298034513572661169e-02 -1.998577873042606812e-01 -2.570962466639305499e-01 1.879355035577863764e-01 4.286772703311574340e-01 1.190129983095326027e-01 2.969619903669675209e-01 3.003908671097608729e-01 3.939531865639323699e-02 1.834703862814492936e-01 8.103604813737971813e-02 9.995517639544361510e-02 1.234514833199594069e-01 -1.506378143375564360e-01 -2.789221965162031469e-01 1.770863911491889764e-01 -2.817904965292528652e-01 -1.418332809878593559e-01 2.505326040076510941e-01 -9.891164978148656028e-02 -7.859706521153676795e-03 -3.447568415391503716e-01 -1.093960649969863003e-01 -1.841686496306478571e-01 6.041922369221493921e-02 -2.883398319723936010e-01 -1.264221948392364181e-01 -1.356805634169909458e-01 -1.169067835346786488e-01 2.269359069253998329e-01 -2.516122256432969939e-01 -1.919273795741623934e-01 -3.041900322163346715e-01 9.234317427551914578e-03 -2.726598137894826746e-01
-1.879566203092813970e-01 4.525777763912279261e-01 1.000000000000000000e+00 1.286146973849929542e-01 2.094299315470818101e-01 6.045974718752256810e-02 5.466482705623796484e-02 5.326842896271781758e-01 3.612153132071347361e-01 -1.572627990686253918e-02 1.883394515204820860e-02 1.828914274327787248e-01 1.617492250055480307e-01 8.241771431056729713e-02 -4.196785154512255173e-02 3.691116151510082100e-01 1.138461455464723909e-01 2.100540323324015801e-01 2.041829946667705620e-01 -3.249987720672452007e-01 2.837372136012707990e-01 2.848397115892098430e-01 2.249334440987989236e-01 4.053069789428029868e-01 7.780940567885393302e-03 2.567736659226184104e-01 -1.283659394624359629e-01 -1.964006921801306760e-01 1.352861924548295625e-01 1.039878530704343440e-01 -1.227022709229392827e-01 -2.440562189709951646e-01 -2.948089409577815401e-01 -3.042445953988576895e-02 1.333538972108916582e-03 -3.270424730186765050e-01 -1.751846025555607589e-01 -2.622165892831503364e-01 -8.141105705334775178e-02 1.479499768627197120e-01 -3.642036984274623634e-01 -1.223623609313305438e-02 6.345694464244350241e-02 -4.179964926161138794e-01 -2.290306784315384869e-01 -3.325540642738927799e-01 -3.088066523913808870e-01 -3.248168134052372702e-01 -3.214656167907574136e-01 -3.844442530753239273e-01 3.934299084324288653e-02 5.007855671322868352e-01 3.539384725424509770e-01 2.465559492044718248e-01 1.750313404502005510e-01 1.495210529718553893e-01 4.984960887398035001e-01 4.949137306494440502e-01 9.560138904423806649e-02 3.214241166017599294e-02 1.600575359557316057e-01 9.757705652381308895e-03 -2.131410755497483711e-01 -1.272289175851338411e-02 2.055810591114831387e-01 -2.742393161377978950e-02 -2.905658241701887246e-01 -1.443551102072802850e-01 2.922420380910170090e-01 3.551229171914994098e-01 2.214936091104556803e-01 3.806726413722477109e-01 3.185378142862277939e-01 7.116148253131372725e-02 2.785304393246882948e-01 2.701524450966487634e-01 2.391986754945309990e-01 2.545357435686709247e-01 -1.570755913349910771e-01 -2.309005510237690240e-01 3.144238406292200194e-01 -3.348743489928701633e-01 -7.741088121277463208e-02 2.357533889304507246e-01 3.187306756646278438e-02 -1.226695497643819216e-01 -3.402954209804081587e-01 -5.772834330650230411e-02 -2.795594439931014530e-01 1.979865816054307559e-01 -3.576624912365443665e-01 -6.821495647931379025e-02 -6.950926349911955293e-02 -2.551900450943321297e-01 2.870062922776737135e-01 -3.688547056677782265e-01 -2.665811392369973332e-01 -4.023174383841215396e-01 -2.639995149213927306e-01 -3.999686729096177396e-01
3.197305785743922435e-01 3.520004073353301677e-01 1.286146973849929542e-01 1.000000000000000000e+00 1.892904274774721562e-01 7.021844192633563964e-02 2.635247862429139221e-01 1.859205753214729639e-01 -9.302219227745865682e-02 -5.121825465005212102e-02 1.238732416146275661e-01 1.858206210952008386e-02 1.930339669169494621e-01 1.633742745686973252e-01 -1.525323717303006810e-01 2.717285698983091802e-01 2.005372881850925881e-01 -1.473660482682088123e-02 2.558672161791748501e-01 -2.802035574697053222e-01 1.081480004541282292e-01 4.398053846555381730e-02 8.532970947194287725e-02 6.026298559817819950e-02 1.346685296195552495e-01 -2.009443524303042641e-02 -2.188039604386957382e-01 -2.043375214206411550e-01 -2.134859743132168364e-01 2.966780245652051937e-02 -2.139912796410173845e-01 1.516695329366520573e-01 -1.358617009202401082e-01 -2.076224779412746690e-01 -2.914205462823943882e-01 -7.002670387114161288e-02 4.795360528882694484e-02 2.825735560183911116e-02 -3.435500932372398397e-02 9.190264622060191624e-03 -2.373761257726865470e-01 3.867003056674284817e-02 -1.981554254521074587e-01 -5.062988344980984268e-02 3.050308889629323519e-02 -6.461122363586981054e-02 -1.648245243391930070e-01 -1.281399446148865917e-01 7.474495933539805625e-02 -6.583745961546226544e-02 3.089683864296806637e-01 3.044179230495009936e-01 4.157305094765449960e-01 3.197725160728753235e-01 -2.030325888922068084e-02 2.770383251553093507e-01 1.853504460690488798e-01 -5.190810897497193099e-02 8.484169452447277993e-02 2.486749942325647625e-02 1.466003299747044020e-01 2.674037009162453793e-01 1.818212417111083057e-01 -1.567432621046080388e-02 -1.131118600733176660e-01 -2.601344460649172574e-01 -1.141450696606914270e-02 2.319784747339355691e-01 1.566156391575136350e-02 7.985416683004775695e-02 -1.199522571678978411e-01 1.822763469286431681e-01 9.058006337892560156e-02 3.573975967731617825e-02 1.364737286542849759e-01 -4.944510080466150287e-02 -1.515714476782979436e-01 -3.531445693428799520e-02 -1.944659802121019854e-01 1.101511808287829602e-01 -2.576467538752307343e-02 -1.524990072240704209e-01 -4.137684424686284557e-02 8.554641122547157472e-02 -1.291201764546152375e-01 1.226889176380341062e-01 -1.053520398510232776e-02 -3.434629369523630599e-02 -1.390437499798947985e-01 -1.074398432947705345e-01 7.053365764529452575e-03 1.663373742056526716e-01 -6.806705037388627311e-02 1.124964067891337655e-01 -1.348439790325905996e-02 4.288780731988726946e-02 8.561073681363148835e-02 -1.095884044906446503e-01 1.039618757197380838e-01 -1.996913048104006355e-02
-3.384210581973358389e-02 4.431892099569756382e-01 2.094299315470818101e-01 1.892904274774721562e-01 1.000000000000000000e+00 5.454294071978108560e-01 -1.909618055804873926e-01 4.146003676590027109e-01 4.874800908575299685e-01 -3.970533167614622161e-01 -5.121852547752582252e-01 -2.908077821359543180e-01 -2.017595663600085798e-01 -3.868280421338097640e-04 -3.262776324231136393e-01 -4.744363209305820644e-02 -2.028308758856848526e-01 2.629078165967564940e-01 -1.563046783165307763e-01 -3.407722890407649530e-02 -1.042301714642284577e-01 1.333062690253199734e-01 3.991607025442385492e-03 -2.191327695487742810e-01 -4.291135512790061890e-01 -2.292053443161937154e-01 -2.729662011198352722e-02 -2.292486054942661500e-01 -3.473976001842286054e-01 -1.224192178681776239e-01 -2.055855128812166255e-01 -3.694385694605171744e-01 -8.183641874012914652e-02 -4.239322371963124420e-02 5.133159547470908003e-03 -4.881413673731691688e-02 -1.792401938138496187e-01 -1.201842935697356313e-01 8.749561554817156250e-02 -1.124482068311627031e-01 2.708525505464895108e-02 -2.629876773432230502e-02 -3.257151767591731639e-02 -1.169532020596258104e-01 -8.994459390446568961e-03 4.992427892417335145e-02 1.631799963741998039e-01 1.041322434143817782e-01 1.659995151669717839e-01 -2.462831404429630805e-02 -1.217158590598751977e-02 2.401621342992542596e-01 7.059446529995618176e-03 7.358948397837039579e-01 6.337443897301423545e-01 1.882070762646860518e-01 1.803926508595427025e-01 1.746539644971445149e-01 -2.671385341359202581e-01 -3.420257267473399976e-01 -3.508444197616461535e-01 -1.673701787915670425e-01 -2.497617599065071470e-01 2.013737234311681612e-01 -1.722805186311718861e-01 -7.148076169765009077e-03 1.344908228287652018e-02 -3.711414320888681839e-01 -1.110726323801200094e-01 1.744967071437934225e-01 -2.399606529583384329e-01 -4.982490863114360374e-03 3.960510590830904065e-02 -1.851139109822591833e-01 -3.427722011095335475e-01 -3.894574927057950497e-01 -2.925800677943062866e-01 -2.646032215618897010e-01 -3.016819348772337706e-01 -4.235006581652863700e-01 -2.456671796710647449e-01 -9.854369446151936985e-04 -1.627601002476304626e-01 -1.342944794843372591e-01 -2.672853008320550949e-01 2.740474411915868602e-01 -1.162652996941859196e-01 -7.390641915602966239e-02 -2.142721129754756870e-01 -1.651384688653967370e-01 -1.836634729159597901e-03 -1.878980407045551526e-01 -1.481309134039813513e-01 -7.782283877627468871e-02 -1.604369193582741160e-01 -2.257989250977888163e-01 -4.156263948243406336e-02 8.079182585849911669e-02 1.830173192388916681e-01 -5.093969356941034643e-02
7.846726944929988123e-02 2.743216172831303701e-01 6.045974718752256810e-02 7.021844192633563964e-02 5.454294071978108560e-01 1.000000000000000000e+00 -1.436306336216328916e-01 3.126396426576544263e-01 4.027277231114022027e-01 -1.124471702430936831e-01 -3.046754875940176910e-01 -1.795578558770626887e-01 -1.608146468747279415e-02 6.186640537739907658e-02 -1.378226771695134911e-01 -7.595135551723496137e-02 -1.213303452605160315e-01 3.096668957289805957e-01 -1.508669893685779806e-01 8.973983973974877792e-02 -3.070169346797717649e-02 1.298393946338083915e-01 -6.336038257447819400e-02 -8.123536734461300757e-02 -3.210683836799073654e-01 -2.944258741177937372e-02 5.269000461376504435e-02 -1.073772299851601247e-01 -9.300017748921596272e-02 -1.230186749884007447e-01 -6.462889367396551510e-02 -3.654900103256917276e-01 -8.344903576143426760e-02 6.677179999774535135e-02 1.645841164013957525e-01 -3.449156647598708436e-02 -5.146118931210036385e-02 3.487116327587638093e-02 1.131028265050777332e-01 -1.494840230767398304e-01 1.465777100493175222e-01 9.552653078926644226e-02 7.085922203780485595e-02 -4.336228602930483622e-02 -1.940734302361416322e-02 1.056139526996549838e-01 1.872129395170966937e-01 6.342834894175330973e-02 2.234982009358200128e-01 3.499358111536347155e-02 2.577544544841250604e-02 1.772184652703549523e-01 -1.061894672010084278e-01 4.432743581312050818e-01 6.053926793794179861e-01 2.877769726530203798e-01 1.911660301005581875e-01 1.748042012846534043e-01 -1.867148278744077683e-01 -1.332659024409668380e-01 -1.357448524411184188e-01 1.284505604030977688e-01 1.652003277545643564e-02 2.768779324637395470e-02 -9.297895700912538197e-02 1.137567526205268548e-01 1.093489564895359367e-01 -2.539467615616181062e-01 -2.092561073324873330e-02 2.134904373136881917e-01 -1.135103906458002909e-01 8.340414360026988938e-02 1.553732256140336228e-02 -1.316871130918294275e-01 -1.138357230137105325e-01 -2.245123860147784367e-01 -3.753022580214378928e-02 -1.224923157424250980e-01 -3.122369437776611675e-02 -3.736789428100166788e-01 -5.972746150750812139e-02 8.939095888773232468e-02 -1.536887772985953693e-01 7.004368009088965223e-03 -2.778048504988993028e-01 1.514029764121889443e-01 -4.040122184974540009e-02 7.189855961326273304e-02 -1.018029559300464848e-01 4.527953480343766858e-03 -3.599624778713273604e-02 -2.543501318459339688e-01 -1.890543130223569790e-01 -3.782435316993915803e-02 -5.098043234916807380e-03 -1.320418883208825944e-01 2.977866608665988291e-02 4.882885016851475080e-02 2.415816099537561601e-01 4.008858326663199828e-02
1.352606684642705115e-01 3.231458319136661789e-02 5.466482705623796484e-02 2.635247862429139221e-01 -1.909618055804873926e-01 -1.436306336216328916e-01 1.000000000000000000e+00 1.284195740418911935e-01 -2.545512738385845020e-01 -3.268387753625734415e-02 1.257771341041166169e-01 -3.762918429222868871e-02 2.746283557498239158e-01 2.589833074164215598e-01 6.831302406534132954e-02 2.389159523614182434e-01 3.339413677775504574e-01 -1.463391621246935004e-01 2.899619157150777893e-01 -1.006440859913219493e-01 1.678971497653423128e-01 -1.429521888205686209e-01 1.052429072193456633e-01 -1.754851747102761234e-02 1.613241537233489897e-01 -9.740001407857509785e-02 -5.989447093020260071e-02 -1.817116706284493954e-01 -1.121721002504206810e-01 -3.727904790462075596e-02 4.291258834062770811e-02 1.950250303584178668e-01 -3.176126935174001381e-02 -3.148084510469173480e-01 -3.136678187670629003e-01 -5.859263255404728588e-02 -6.531312755804337400e-02 1.827363931821822107e-01 1.392804057549345831e-01 2.406942311451716610e-01 -1.660298645087865746e-02 1.975798056904088940e-01 -1.244840997527930648e-01 1.499527286166241480e-01 -3.493333349480441663e-02 1.753795700359397913e-01 -1.061915014885658481e-01 -3.084669185557966861e-02 3.812791525608731635e-02 1.482436230550227274e-01 2.315667913818608703e-01 1.682132382529984982e-01 2.884337541063268784e-01 -1.315889183387199124e-01 -2.966987784365491820e-01 2.282300616559128914e-01 2.020532529954656153e-01 -7.391413103274052654e-02 -1.475709050707308886e-02 3.542737528757438996e-04 5.143030298305344139e-02 7.489595300517484788e-02 1.751912519704596216e-01 1.797143378587833309e-02 3.159407399352995999e-02 -2.801484103116350100e-01 6.844491371671478086e-02 2.731347753809595380e-01 -1.746800243668766850e-01 -8.379418132709377798e-02 -3.047994502911394524e-02 -9.972427594245596161e-02 -6.474063010476421853e-02 7.626535651357678469e-02 7.178386055116842135e-02 -4.549768238301898915e-02 -2.138197256853042183e-01 -1.172282260689717776e-01 -8.059914368368349680e-02 2.094325434765333671e-01 -1.569400864053998035e-01 -2.220550781917547956e-01 -1.459337861190911356e-01 -1.953613497128601495e-01 -1.095370134873810269e-01 -1.612820094556798034e-01 -1.558904826715750910e-02 -2.395904095886978447e-01 -3.710067397485244250e-02 -1.530219778561704436e-01 -7.716870649909655412e-03 1.457862226075721246e-01 1.470922890632224977e-01 1.342898733816415280e-01 -1.144627384431983336e-01 1.315070965813454895e-01 1.858297196579780375e-01 -2.885397033239632536e-02 8.160946865217331980e-02 1.149214428457469850e-01
-8.756018743915398861e-02 5.675668184991662368e-01 5.326842896271781758e-01 1.859205753214729639e-01 4.146003676590027109e-01 3.126396426576544263e-01 1.284195740418911935e-01 1.000000000000000000e+00 4.699809114233578500e-01 -8.759294517476919062e-02 -1.677417680192497818e-01 1.687453940932652496e-02 1.291336645334863753e-01 3.595496485005748172e-02 -2.167557478568591656e-01 2.770147348319396130e-01 3.925994358717125460e-02 3.089023521429315466e-01 1.233515083823729652e-01 -3.644505788327506157e-01 1.968599554885936131e-01 2.781507699507644871e-01 1.241219544669917296e-01 2.775396062451876422e-01 -8.413301352635441099e-02 1.852366000459555184e-01 -1.822593386071512112e-01 -2.285275379444359489e-01 -6.962829094799706520e-02 -3.091589645774508316e-02 -1.534965526504696587e-01 -2.899452434585361171e-01 -3.549336252079575149e-01 -1.796984116952404231e-01 -3.149843205276917774e-02 -3.014823407063954019e-01 -2.810826443562595700e-01 -2.443082438050954985e-01 -2.493428665576238532e-02 5.751159379023386420e-02 -3.546103918292090040e-01 1.354870626307651815e-01 9.773773193286111605e-02 -3.045158934883465673e-01 -2.054828929522902192e-01 -1.314706203766055626e-01 -2.327755562853313365e-01 -3.084329046876433944e-01 -1.623526916588095559e-01 -3.606667771514012744e-01 1.434583286772865007e-01 5.851347978026764096e-01 3.729732503022470946e-01 4.390009572635034663e-01 4.351050651899022181e-01 2.848175481927428532e-01 6.656843659688922443e-01 5.774154048443898013e-01 -2.949347605718570173e-02 -6.696875497998386328e-02 2.341733913853102055e-03 -6.915456172642563126e-02 -9.712123516179842209e-02 1.073425252783674066e-01 1.470105539460627997e-01 -9.758363599471277239e-02 -1.706000364393713553e-01 -1.757895469954814383e-01 2.098471179816562837e-01 4.737492897903334832e-01 7.228692857629992474e-02 3.052689953920973975e-01 3.450449694259589140e-01 1.089481623989604353e-01 1.563530594478757807e-01 1.313826240885234420e-01 5.289751286433631156e-02 8.256945204919421966e-02 -1.571510537909853178e-01 -2.841042162470833188e-01 1.958512294320908786e-01 -2.815331962973858237e-01 -1.303716465610604835e-01 1.962391730903136344e-01 -1.283477681842125906e-01 6.578111010099704781e-02 -3.573419239982242313e-01 -1.094405191964299418e-01 -3.088939279646196745e-01 1.321231223264139887e-01 -3.376046720662189138e-01 -1.232933694196396701e-01 3.779839815214703497e-02 -2.555974365933029891e-03 2.971963128318848013e-01 -2.437453323196034083e-01 -9.479647924275928783e-02 -3.333671053538386220e-01 -1.123717100031747657e-01 -3.595840353607391293e-01
-1.498811313592526007e-01 2.724500335099512838e-01 3.612153132071347361e-01 -9.302219227745865682e-02 4.874800908575299685e-01 4.027277231114022027e-01 -2.545512738385845020e-01 4.699809114233578500e-01 1.000000000000000000e+00 -1.203841264139458578e-01 -2.742556815690012084e-01 -7.142090238727144547e-02 -1.138701927770558869e-01 -1.074900987895711646e-01 -2.449480536323264679e-01 -1.605827868506455591e-01 -1.860918717590702709e-01 2.946162847886852343e-01 -1.808277434611456347e-01 -1.116105602236727896e-02 -9.885890068349080517e-02 7.465389111010624357e-02 -1.394087009370034991e-01 3.716377613242407424e-02 -2.452097040388842297e-01 3.322667461440962505e-02 6.358226569380984183e-02 6.338003774588674491e-03 -2.937040727767558160e-02 -1.133679982297999544e-01 -7.304741158094553433e-02 -2.525437700035672584e-01 -9.478902906854784483e-02 9.921852861312138727e-02 1.460260079194190264e-01 1.807271035848949381e-01 7.177072278543954187e-02 -2.799668767231260902e-01 -2.673668770494699171e-02 -6.548616350083326376e-02 -3.281581204700582260e-02 1.974076005183647564e-02 1.125632824815805816e-01 -1.222120239081104509e-01 6.569673881390682146e-02 -1.118752698738324780e-01 7.757217543166000651e-02 9.117502225031201557e-03 4.653746081239575755e-02 -8.367896200373674265e-02 -1.239021052716690885e-01 2.016641652350174563e-01 -7.955148532975681031e-02 3.556334023275459777e-01 5.732963219850572001e-01 2.123742682132678250e-01 2.139568665123234015e-01 5.152784696276482279e-01 -2.767982854026347292e-02 -9.943279242520720873e-02 -1.196265570762622410e-01 -8.354793212735010799e-02 -2.330850700162606093e-01 4.616460036231487957e-02 -1.084069359155484524e-01 1.738429598246642865e-02 -1.548276746030962658e-01 -3.159016597948698934e-01 3.298567771006605254e-02 2.427523721929722433e-01 -1.063732635920778546e-01 3.291733250512768327e-02 6.626621613560662594e-02 -9.946452063910493635e-02 -1.053425658280447985e-01 -4.047078829070954731e-02 8.843636776443725492e-03 -1.591214177636487287e-02 -1.541897704835557548e-01 -3.782677603360193874e-01 -2.809342215553065243e-03 -6.434197563794329111e-02 -6.036062154549437508e-03 1.964118766427135412e-02 -5.270506725889515486e-03 9.077675868527387837e-02 -6.840523163944778329e-02 7.040944848328856143e-02 4.469879010908209271e-02 8.325268197407673099e-02 -1.816628379288846296e-01 -2.090320037564344924e-01 -6.424647205141346962e-02 -2.519547888367565935e-01 8.179895148921827175e-02 -2.186547830910982593e-01 -1.327401215584938232e-01 -1.843663736598455394e-02 1.835889594383790721e-02 -1.417130693913860595e-01
-1.611222735136406958e-01 -1.609124065075783969e-02 -1.572627990686253918e-02 -5.121825465005212102e-02 -3.970533167614622161e-01 -1.124471702430936831e-01 -3.268387753625734415e-02 -8.759294517476919062e-02 -1.203841264139458578e-01 1.000000000000000000e+00 5.346494505299920208e-01 5.326193607985617584e-01 2.037753205244988708e-01 -8.818243312021233071e-02 2.559847149493620355e-01 9.145607920722947926e-02 -5.151896427335550532e-02 -7.338750240990307705e-02 -7.166611513611477469e-02 -1.113808796914181193e-01 2.419658378626174111e-01 -7.069802070935467253e-02 -7.597068796388373006e-03 4.332452081329017934e-01 5.113738229910196331e-01 4.311826191485005344e-01 -1.807461265091396818e-01 7.580256718819777806e-02 3.751593520814110461e-01 1.348198390489621645e-01 2.020940019828009193e-01 2.492201669409370782e-02 -2.343679003258575533e-01 -4.634809907255722089e-02 5.971397148631744228e-02 -1.044458305345905974e-01 1.088651326241126156e-02 -9.530264287024976799e-02 -2.278845792155662908e-01 -8.970553730542862869e-02 -2.970806496974273681e-01 1.339558392620882055e-01 2.030091479906062368e-01 -2.077091283400608612e-01 -1.941191287429998302e-01 -3.112184951804508604e-01 -3.774157319229687890e-01 -3.485290925562307685e-01 -1.578602900017600230e-01 -2.709352787878174240e-01 -2.205197198714442877e-02 1.747452413176583397e-01 1.077315621563381398e-01 -2.799321335457013449e-01 -7.459737380459750822e-02 -1.841873482305934895e-02 1.373748675095870508e-01 2.050369274736694170e-01 5.130005073585806041e-01 4.810568352552088700e-01 5.863624171113090977e-01 1.028577736439809376e-01 2.518927562553637811e-01 -1.824167645132246107e-01 2.898173643652164344e-01 2.349420655201373276e-01 -7.684873652899415486e-02 6.352043943853830088e-02 2.851000530074778716e-01 1.883752677591214453e-01 4.217657379838140042e-01 2.342643247741948431e-01 2.757523181474350604e-01 3.756304291709061660e-01 5.298598083707605211e-01 5.542760335106161618e-01 4.719171833676652494e-01 4.071982407620184929e-01 4.021043960320577759e-01 1.638483917303792115e-01 4.125792007229289182e-01 -2.759956009900022683e-02 1.912949861003767349e-01 4.537156301777103273e-01 1.654733829091500907e-01 -1.304615253700144584e-01 -1.812791058762531354e-02 1.423418094132407052e-01 7.711855359514645236e-02 3.035972154894827080e-01 -1.446376787234419647e-01 1.432539126917406758e-01 1.529290005825771348e-01 9.220872934140139643e-02 4.294841429726571347e-01 2.150634241724047949e-02 -7.630441580839845972e-02 -2.253195764340820140e-01 -1.458797252167585434e-01 -1.413475473175518360e-01
-3.279744881883948915e-02 -8.699383163143530051e-02 1.883394515204820860e-02 1.238732416146275661e-01 -5.121852547752582252e-01 -3.046754875940176910e-01 1.257771341041166169e-01 -1.677417680192497818e-01 -2.742556815690012084e-01 5.346494505299920208e-01 1.000000000000000000e+00 6.302052328737016706e-01 2.730901180861381450e-01 8.898786718079780556e-02 4.403854731402657152e-01 1.198826030376626550e-01 1.375165950408757387e-01 -1.932482915691848546e-01 1.978027420656260915e-01 -1.336685732463655796e-01 3.089998502161987459e-01 -6.312156053453944586e-03 1.906537823685744981e-01 4.031497785609999274e-01 5.749910648429585880e-01 3.988858855499731737e-01 -3.406151588752438786e-02 2.023836846189590033e-01 4.001919878691952426e-01 3.447091109088079031e-01 1.478371787845342289e-01 2.543169367627971522e-01 -2.417845714579502092e-01 -8.919834316678752761e-02 -1.543992934883470780e-01 -5.658834285464683922e-02 1.076606247111068781e-01 1.221059727094310314e-02 -2.107777510377614461e-01 1.202045436012090934e-01 -2.783836369843755709e-01 7.963442819001882722e-02 1.047267010890370054e-01 -7.140884160663057978e-02 -1.651359727037426117e-01 -2.130425088049547055e-01 -3.539717138535647400e-01 -2.743069852307516987e-01 -1.733082941513643949e-01 -1.355632739061449765e-01 1.423219291994305344e-02 8.688519176419308432e-02 1.688913436205425056e-01 -3.526145347783575801e-01 -2.638114507842565515e-01 -2.819806887139949397e-02 1.001329443159170163e-01 1.373708400308770554e-02 4.974021438643255189e-01 5.390431309155642170e-01 5.874877317521646214e-01 2.365186407611304387e-01 2.287799330770715345e-01 -2.277134943608895845e-01 3.006622161478288424e-01 1.287521379976633018e-01 -1.145519323995219940e-01 2.995731611484480639e-01 2.021829964278600011e-01 3.601761190044452943e-02 4.107754512482094666e-01 2.960800348197681342e-01 2.224692463334558279e-01 3.462736451805336624e-01 5.148420538557915149e-01 5.483777840945304183e-01 3.875193351829522848e-01 4.676272146082731673e-01 2.700679345826113020e-01 2.842284009177972193e-01 3.582940161468528006e-01 -2.338420894474656786e-01 9.764968230362770785e-02 2.778358221229172420e-01 2.896230311008350378e-01 -2.494854286476355376e-01 7.333882209045280987e-02 1.605914346304880558e-01 7.396989135146467276e-02 2.049988244522536474e-01 -1.729938771085290650e-01 3.034600330171387528e-01 4.500337472072713646e-02 3.732253234417812204e-02 3.147773060412873969e-01 1.360588166095963447e-01 -1.929200147991808750e-02 -2.514170252388742144e-01 -1.577641238482499486e-01 -7.562428870060700081e-02
-1.854953586010922584e-01 -7.582885908241773602e-03 1.828914274327787248e-01 1.858206210952008386e-02 -2.908077821359543180e-01 -1.795578558770626887e-01 -3.762918429222868871e-02 1.687453940932652496e-02 -7.142090238727144547e-02 5.326193607985617584e-01 6.302052328737016706e-01 1.000000000000000000e+00 3.050687032010624411e-01 1.722670057976985192e-01 4.366705474945840604e-01 1.757935536239966234e-01 1.117637009759437777e-01 -3.816314028434384959e-03 1.942165752984336136e-01 -1.575676206800946666e-01 4.391329230920887894e-01 1.649834910868290538e-01 2.842211300163696164e-01 5.012023625559995921e-01 6.116686035125289411e-01 4.504492024151011131e-01 -1.238059295065357113e-01 1.996036323223965847e-01 4.816287291359341305e-01 3.435048711239992447e-01 2.082250778907758781e-01 1.032372842694947168e-01 -4.437288512663372098e-01 -1.821994218989556047e-02 -2.003327811462660493e-02 -1.529601526723380622e-01 -3.642804205627120373e-02 -1.420458454820720529e-01 -2.916267792996931618e-01 5.995760063761015890e-02 -3.597492336216227549e-01 1.398645505423055380e-01 2.387628704954906367e-01 -2.984067301901467406e-01 -2.909081441104601762e-01 -3.455008462674531433e-01 -3.905939389822608576e-01 -3.583158973755227183e-01 -1.693272120444723472e-01 -2.861061866035660151e-01 -5.543350705392750127e-02 2.150473465243757376e-01 1.926998196727828794e-01 -2.160239197272601219e-01 -2.332917774545247708e-02 6.287239001926610282e-02 2.592470366137061832e-01 1.894885978651469072e-01 4.971559036969031009e-01 5.265060902166909251e-01 6.728087492903709332e-01 2.456332476872999104e-01 1.665636331967010053e-01 -2.103962685895860996e-01 3.744401884805157454e-01 1.365071078817816919e-01 -9.037796798447983448e-02 1.963011005113256269e-01 3.871678258223816282e-01 2.462422076775701574e-01 4.846182459944430310e-01 3.971979926648831483e-01 3.350714372609249203e-01 4.317697502121404796e-01 4.749327668267733227e-01 6.400426086777237789e-01 4.691053975741465987e-01 4.891504582788049893e-01 3.113888504682880143e-01 6.992007147027456959e-02 4.890788886320970308e-01 -1.778409199532512974e-01 1.387992917447623542e-01 3.889630166335341643e-01 2.317232045431280862e-01 -1.673099768904362239e-01 4.951976736670267443e-02 1.885536037875824578e-01 9.191925371382416235e-03 2.475852510800768680e-01 -2.807925349133928994e-01 2.600106175673754794e-01 1.526507036793234122e-02 1.806081431151454995e-03 3.773478259691496195e-01 -3.600830002877668246e-02 -1.300323021427436110e-01 -2.727994323601541371e-01 -1.666190095256480375e-01 -2.079380628190784785e-01
8.861559893959358725e-02 -4.028253998801924717e-03 1.617492250055480307e-01 1.930339669169494621e-01 -2.017595663600085798e-01 -1.608146468747279415e-02 2.746283557498239158e-01 1.291336645334863753e-01 -1.138701927770558869e-01 2.037753205244988708e-01 2.730901180861381450e-01 3.050687032010624411e-01 1.000000000000000000e+00 3.798145654014259409e-01 2.806971372168766132e-01 2.617130866167609593e-01 4.934897271423466791e-01 1.114180579998204912e-01 4.201987829192585511e-01 -1.305953472923676029e-01 3.147091781377062691e-01 2.721174752879534364e-01 2.672738121468484773e-01 2.971382185965977807e-01 2.980789218783154171e-01 2.491446967395066769e-01 -7.670503101750075770e-02 -2.381629785203830812e-02 1.398417595750296449e-01 1.886916991652382580e-01 4.144000580897552050e-02 2.380187815430564735e-01 -1.183407604871486302e-01 6.080802378286889395e-03 -3.249279118628323193e-02 -1.664197333632465303e-01 3.686313856228898983e-02 1.450205718197677962e-01 2.783793591743137161e-02 2.186168823125393124e-01 -1.782031103247155024e-01 1.235432561228904796e-01 8.851481951374992607e-02 -1.201508488993695140e-01 -1.236678570594667848e-01 -1.012332181042191748e-01 -8.816425150495452168e-02 -1.193927766993255063e-01 6.724827437127088928e-03 -4.954496760478681837e-03 2.126313904216651507e-01 1.828761448331032713e-01 2.985373739753261479e-01 -1.396002563443335398e-01 -1.116365621692966131e-01 1.863877800406826823e-01 2.036549410696818496e-01 6.213923516795270829e-02 2.041236368178284966e-01 3.364436450639973764e-01 4.411957018141524633e-01 4.958867783380975225e-01 4.120532957281056174e-01 -1.535496062804097561e-01 2.208607423972294703e-01 -2.018726000126989245e-02 -7.835363376626838794e-02 3.760938610418191885e-01 2.507023280949895461e-01 1.775679491730944304e-01 1.692004709811960050e-01 2.547832261276322674e-01 1.507622473079824332e-01 1.323525142904269369e-01 3.841551676067729848e-01 2.283093073822691499e-01 1.426893566388494350e-01 2.031831228748498253e-01 5.341064863263664253e-02 2.271365410930760720e-01 2.276937721074497045e-01 -1.865721778276925868e-01 -7.016459351377583864e-02 1.673955483303772585e-01 -4.994050429217435777e-02 -1.344507605891187563e-01 8.858120915604492107e-02 2.817496083645853328e-02 -8.773133980993981507e-02 -1.622255957464964135e-02 -4.887876377690750229e-02 1.721141685989362458e-01 -1.288467149267657208e-01 1.148355203716405204e-01 7.997739341824235126e-02 -7.321678559308582301e-02 -4.750653706784276585e-03 -1.837230804478819091e-01 -1.111326846764799751e-02 -1.220367219096550084e-02
1.531643029726166283e-01 -2.197881741332416948e-03 8.241771431056729713e-02 1.633742745686973252e-01 -3.868280421338097640e-04 6.186640537739907658e-02 2.589833074164215598e-01 3.595496485005748172e-02 -1.074900987895711646e-01 -8.818243312021233071e-02 8.898786718079780556e-02 1.722670057976985192e-01 3.798145654014259409e-01 1.000000000000000000e+00 3.759753529123365245e-01 1.354217839792940803e-01 5.352300255144759600e-01 7.148192605526493271e-02 5.563058594145984248e-01 6.215423926097345814e-02 3.677941356925293892e-01 1.877411157014521326e-01 3.628014714349853675e-01 4.016405279701645153e-02 1.217205608292748625e-01 -6.566161432576089751e-02 7.192428763459621233e-02 5.259827210767953343e-03 2.482279085181366210e-02 1.617177552543810071e-01 -2.019884799696692879e-01 4.265218020036101038e-02 -2.107218825396209860e-01 -8.123965219260806392e-02 -1.942036541661831817e-01 -1.013844647895731643e-01 -9.338004996861928864e-02 1.056386032506036743e-01 8.035471982903462373e-02 1.212397570380113615e-01 -2.993282600702027590e-02 5.182582111898183241e-02 -2.128898825892378555e-01 8.519515165844903856e-03 -1.487236840579801156e-01 3.507758674495576462e-02 -9.739687451705081669e-03 5.474710623238403240e-02 1.038292426052438988e-01 9.509741522772936773e-02 1.653249492557963829e-01 6.102894793490380720e-02 1.432623667949504687e-01 1.020243039196387820e-02 -4.926994132011477262e-02 1.702364254649542108e-01 1.047362535980827791e-01 -1.644648307412824861e-01 2.257677111669068384e-02 -2.099039910550670393e-02 1.674171422208207138e-01 2.118329364059294284e-01 2.972982252285398808e-01 2.196163859000140328e-01 2.777905673325112290e-01 -1.192505578612614719e-02 -1.292302408857436413e-01 2.945608150101454159e-01 -1.130108226943654301e-03 -4.772188380844893940e-02 7.701256382603653694e-02 5.018698797572055531e-02 1.964439001648195238e-02 3.345883246035125796e-02 3.633670557601862555e-02 -5.067554806463327177e-02 -7.383073401161907579e-02 -7.920548349569525581e-03 -1.711580089161511553e-01 -3.696342110967915096e-02 -4.475481625498976129e-02 -2.919902006015671070e-01 -4.020858250840400050e-01 -2.151608106637837303e-01 -1.566945864215622541e-01 -2.635606001341118665e-01 6.627822560085281332e-03 -1.009457133836390158e-01 -1.350945677953643287e-01 -1.973598745772658092e-01 -1.368064307280044134e-01 1.145999573961913043e-01 -2.056072810152589081e-01 -1.787073769595942385e-01 -2.407998288738408543e-01 -1.392262919995806147e-01 -8.266786643874197982e-02 -7.185142795489826706e-02 7.211238485269740039e-02 1.058826447816312022e-02
-6.818989259171190365e-02 -1.814276186538544833e-01 -4.196785154512255173e-02 -1.525323717303006810e-01 -3.262776324231136393e-01 -1.378226771695134911e-01 6.831302406534132954e-02 -2.167557478568591656e-01 -2.449480536323264679e-01 2.559847149493620355e-01 4.403854731402657152e-01 4.366705474945840604e-01 2.806971372168766132e-01 3.759753529123365245e-01 1.000000000000000000e+00 -1.093875997401611358e-02 1.877360155208127324e-01 -9.497211158260415731e-02 2.687539956430208821e-01 8.198787531761794756e-02 4.242857915519784306e-01 8.648937189887176413e-02 3.299688354247696798e-01 1.836111499370867428e-01 3.085608622061575823e-01 2.125418023762973008e-01 1.703526240463840158e-01 3.102010923258259334e-01 5.373398280582381004e-01 4.293124573818830614e-01 2.223121053005622794e-01 1.810185265251592068e-01 -1.726044076440924058e-01 8.033817967200101995e-02 -1.590231029518687431e-02 -1.162877331947545084e-01 1.705332148278762908e-02 9.932586103273730038e-02 -4.278331420338133545e-02 1.606116969429536856e-01 -5.791701095747925354e-02 1.030099830394709121e-01 -6.618080958660871316e-02 -6.254265404285083707e-02 -2.010821609852459502e-01 -1.569023034747590584e-01 -1.833247028958863711e-01 -7.157900299109022646e-02 -9.211717042379637121e-02 -2.802086781612042957e-02 -7.908111699049263921e-02 -8.306583000443749920e-02 -4.061464775222140694e-02 -3.652903861819277176e-01 -1.774314184448112508e-01 -5.426194350267065508e-02 -7.729333329966971144e-02 -1.670736124292513114e-01 3.499604214299385507e-01 3.228361511642674486e-01 3.249629780615748698e-01 1.706376397610084583e-01 2.003860861050189013e-01 -8.081203009265973403e-02 4.920204581214995265e-01 3.790691350762875333e-01 -2.221034682920096648e-01 1.904092628456435232e-01 1.830897522854157966e-01 -2.779923038419851791e-02 4.568266318103934021e-01 1.302228423773738875e-01 1.369949873571194576e-01 2.402581280848530842e-01 2.610046669472909087e-01 3.052169734363300857e-01 3.651797583404867709e-01 3.991662156893801550e-01 1.673988394008299740e-01 6.869102735722293351e-02 2.700735208976277058e-01 -2.026489820209730619e-01 -1.804165986318387316e-01 -3.479505643127252246e-02 1.376703681667692247e-01 -3.346401415796223522e-01 5.613453982126028613e-02 1.305437095239612155e-01 -1.674603443619434098e-02 1.127242432332686839e-02 -1.467771534842347569e-01 2.229597556686452875e-01 -1.942283936455672377e-01 -1.142381016578881275e-01 -2.557160208349120584e-02 -1.234087286880414663e-01 -1.942696098694361440e-01 -1.724000906537903888e-01 -1.453422124913723579e-01 -6.620365224458228670e-02
