1.000000000000000000e+00 4.536414257830709840e-01 4.997007177088244601e-01 8.166939746912432740e-02 3.711194382315963769e-01 -3.699710786881006686e-03 3.042064278119455817e-02 -1.169015786176264143e-01 -2.290142489786379520e-01 -9.072223737655588094e-02 -3.860618995554369604e-01 -1.924387220972283985e-01 -4.259853477441070957e-02 -9.366582153155456059e-02 1.391853255070197859e-01 3.741329869521207718e-01 -3.002689917153946175e-01 -6.935845672085509672e-02 2.621109796077764065e-02 -1.648854096768727698e-02 -4.983799547769414418e-02 -2.081535176868716808e-01 4.597298110725506204e-02 -1.991051619497709313e-01 3.562166435118185870e-01 -6.298539799265995276e-02 -1.413861189396078133e-01 -1.613446299762997249e-01 -5.983989653109034190e-02 -1.054718257870964210e-01 1.850857591780290246e-01 1.200555330052427705e-01 -3.389605744003474502e-02 -1.088944036588922609e-01 -1.837376980187657161e-01 -7.335203401532965073e-02 2.325691754955029264e-02 3.488911793971233855e-01 -1.577470642396101019e-01 -1.091331082086671039e-01 -3.533056589177678564e-02 -3.715986703622294884e-01 -3.909650343796224753e-02 1.442597283678695996e-01 -1.533273437071496284e-02 -2.665282749471192814e-01 -1.267476546348576261e-01 1.475346119212554430e-01 2.758482902620899013e-01 2.175099949402782284e-01 -2.079629881849233419e-01 2.924213629361468447e-01 2.773082209157162747e-01 5.754472128161296496e-01 -8.784033276046354644e-02 4.867092348306513161e-01 -1.110851518153637002e-01 -2.328978163226482767e-01 3.280943690577087235e-02 -7.027871957333599318e-02 7.339044103838808508e-02 -1.306104094592306364e-01 -6.694645778532405667e-02 5.561019570378088195e-02 6.731155266749411226e-02 1.062100724303319393e-01 -1.036494568636970592e-01 -7.273906850469104290e-02 1.051493398131373019e-01 1.474690567601918967e-01 1.887916025113176854e-01 -1.385058452794923345e-01 -1.886822499429941999e-02 3.596970675327846451e-02 -8.420382920545710359e-02 -4.302025099372575045e-02 6.891227619510609248e-02 1.240262532035020168e-02 1.964615202772598823e-01 1.330543027399568590e-01 -1.250886353545456742e-01 1.623766936755093593e-01 -4.177469357316790366e-02 -1.256758598009941053e-01 -2.409232751211641266e-01 1.285442181986396759e-01 9.777754203921083798e-02 -1.900761755516608698e-01 -1.066698105076372693e-01 -2.519265169942995486e-02 -1.565227328673043095e-01 1.385563775199601111e-01 2.079204420229625316e-01 -7.062654709348223370e-02 -1.625140873759690907e-01 2.269331005841222770e-01 7.256443068689806541e-02 2.072218279519653650e-01 3.240227365764744571e-01 2.537179128971077668e-01
4.536414257830709840e-01 1.000000000000000000e+00 6.750638991252759791e-01 2.688154634369540052e-01 6.887735541773800652e-01 -1.277247480202637897e-01 5.159418892675932122e-02 1.415085750328310375e-02 2.066396806925834342e-02 -2.365364442049370242e-01 -4.952145496451225704e-01 -2.299467254075028000e-01 -1.236048417619335371e-01 -1.006811947833543136e-01 1.164653514531701212e-01 4.182343311252735285e-01 -4.620919448078465996e-01 2.599511893875854074e-02 -2.104476412799460849e-02 6.964641687892977884e-02 -1.090054455840482744e-01 -2.900963199276391791e-01 -1.177637601679144136e-02 -1.879720391328223716e-01 8.974584503318358553e-02 -1.647083541947166330e-01 -2.550936198019838064e-01 -2.653619356340802260e-01 -1.040508748079888579e-01 -1.496317849542616873e-01 -9.642335992700332148e-02 -3.171937055451808096e-02 -4.413376933752762021e-02 -3.745754846756746415e-01 -3.557884302022683576e-01 -1.330380903210114651e-01 -1.078521798566242224e-01 1.309468843945433003e-01 -1.502549382641940601e-01 -1.019936441917284886e-01 -1.556274717171455546e-01 -4.930924506101572180e-01 -7.829119800311862276e-02 -1.000217564868254860e-01 -1.060305635617719011e-01 -3.745017459151370742e-01 -1.870004329091385642e-01 1.026069509450307782e-01 1.071988014397392414e-01 8.156710276379847135e-02 -2.583799787262340830e-01 5.404031831646015638e-01 4.263620333900371429e-01 6.729818504166480420e-01 5.757445373627701618e-02 3.774409716530448544e-01 -3.786225577153592287e-02 -5.980670015598960748e-02 -1.281222109757219063e-01 -3.203909307274686036e-01 5.219958293682311345e-02 -1.049142691608867251e-01 -1.457872978470684498e-02 1.384763159548424993e-01 2.690502206609334257e-01 1.177264107164281565e-01 -8.821482764395376097e-02 -4.157604229340677165e-02 2.105638291271504439e-02 1.479780744271046444e-01 2.433620553557369337e-01 -1.803753471996373814e-01 8.749762817604583853e-02 1.340678898949571596e-01 -1.474345590939727946e-01 -9.853064906319303207e-02 -9.693663578048480542e-03 3.189964452030540076e-02 -4.224149767203079497e-02 -1.321279676930243729e-01 -1.747274640752574382e-01 -6.683358864375270325e-02 -2.507502304626542111e-01 -2.421897807925375568e-01 -2.431062874226850579e-01 2.694180853709129270e-02 -1.076393629956326342e-01 -4.136110783306563010e-01 -2.591714995695916235e-01 -3.190076406358612338e-01 -3.064355242404341317e-01 -7.018494711226305749e-02 1.497748925801542508e-01 -1.982234864093082582e-01 -1.297519851496431453e-01 -8.157231204211702613e-02 -1.229846888790405851e-01 1.110915462087171540e-01 9.720011313781094786e-02 1.085646503365072929e-01
4.997007177088244601e-01 6.750638991252759791e-01 1.000000000000000000e+00 1.026813885358844464e-01 5.226052282285209571e-01 1.140539783164976478e-01 2.689894837627526680e-01 2.058654779511583932e-01 1.620807041255602210e-01 -7.924916026855999274e-02 -3.737434204216631972e-01 -9.345058935284389356e-02 9.421390523875676493e-02 8.438698825219546895e-02 2.909746990532745547e-01 5.065034023167636068e-01 -3.719773548172071731e-01 1.577096093213310457e-01 1.582552164536498232e-02 5.944094313099054783e-02 -2.859327877290034070e-02 -5.158181532960326443e-02 2.386982116771938500e-01 -9.780598568230667103e-03 2.489569503895170399e-01 7.983962837973737625e-02 -1.585055138445881917e-01 -2.921069527893166082e-02 1.486207672120086476e-01 3.291944950976718326e-02 1.933098487464495266e-02 1.254788400141472193e-01 -7.803334447667537900e-03 -1.912140715150507375e-01 -1.907460160777189051e-01 -5.353384740784354091e-03 4.118162906602086670e-03 2.890530646459779085e-01 -2.489821959487808350e-02 6.237415222010336130e-02 -1.571978373438863985e-01 -4.709711466810488911e-01 1.044874668385170069e-01 2.212061202671768839e-02 -5.054662373128920860e-02 -3.395772048057464354e-01 -1.812722855357535023e-01 1.674527678453102339e-02 1.442210942811957275e-01 1.478354992002014340e-02 -2.312501245014996487e-01 5.754194245846663280e-01 4.472831694942656644e-01 4.941265721497102303e-01 9.510512305468754590e-02 6.305199008434076990e-01 1.298498091782334940e-01 4.558049668465521259e-02 1.199575177555075450e-01 -8.313626339286538103e-02 2.541221966072182981e-01 9.472455063433163347e-02 3.155224272637772998e-02 2.759289692922238246e-01 4.380815562454933865e-01 3.074157303930131202e-01 9.408204668110906055e-02 8.230909691276112883e-02 1.423350795838710658e-01 2.284972395070432594e-01 2.580251525518639233e-01 -3.827710704196719826e-02 2.360586480456276781e-01 2.689376349918052855e-01 3.365671145819588289e-02 9.564138761831073032e-02 1.718164028533966103e-01 1.947190488075053738e-01 8.217189828010457164e-02 5.127432460656016627e-02 -4.859945293670073219e-02 -9.599654910735250235e-02 -1.181389340767280555e-01 -1.279688488425546056e-01 -9.041015165841360945e-02 1.576426893718866490e-02 -4.202942891865865671e-02 -1.781164056862726275e-01 -2.397526031957018244e-01 -2.325324514586896985e-01 -2.535729244208793642e-01 9.764546965277889901e-02 3.111827092479853563e-01 -1.322609605957078896e-02 1.118380235784653329e-02 4.418153609232675083e-02 -1.168913232409731356e-01 3.791250407741678097e-02 1.937319973604202938e-01 5.282077142542331016e-02
8.166939746912432740e-02 2.688154634369540052e-01 1.026813885358844464e-01 1.000000000000000000e+00 2.953888511675663575e-01 -5.531513023221120706e-01 -3.777200771412037583e-01 -2.452788872696325395e-01 -4.192011867923942647e-01 -4.833547383602145309e-01 -3.299621708381314522e-01 -2.898869163710038888e-01 -1.638432055358412078e-03 5.036158901282426770e-02 1.091472105461356729e-01 -1.070141221889735206e-01 -8.931381980888006278e-02 -8.646000419730866249e-02 -7.814085633810562148e-02 -2.494546694381234719e-01 3.541219147836313086e-01 -1.060606215048395390e-01 4.610353670469653081e-02 -2.228396085276627692e-01 -4.967903007129305104e-01 -3.731721656174694646e-01 6.893234965888357657e-02 -5.487188720270787246e-02 -3.239503365305361759e-01 8.614624314073181244e-02 2.323190596559440990e-01 -4.405121917725846048e-01 7.632826959281472506e-04 -8.533675414297829664e-02 -1.861318951040364655e-01 -3.971159755656942236e-01 -4.239767473414761123e-01 -3.501157331283823865e-02 -5.707149606150651033e-01 -5.355856575188567836e-01 -3.528388568410218973e-01 -1.909012536791543646e-01 -3.449825135525171338e-01 -4.185249746887138023e-01 -4.824234744003329245e-02 -1.545899808765806294e-01 -1.599028971692557088e-01 1.054235019864395578e-01 -4.103457667311209423e-01 7.907673371226750514e-02 -1.575832143553120290e-01 -2.379882910056794476e-01 -2.707382343296161897e-01 2.098119222907379455e-01 3.168171511462865575e-01 -3.007410788221502318e-01 -3.664601938740990605e-01 -4.336668123356079985e-01 -4.379298502654406233e-01 -4.075732681431503135e-01 -2.932959894466046769e-01 -1.916441852915438393e-01 3.497349804615506041e-01 1.403786332428799966e-01 -7.380600878045955049e-02 -6.794932331180604523e-02 -5.837846402016363401e-01 1.850526379642218958e-02 2.344794217588893614e-01 -9.400229395001057087e-02 2.825481309139420416e-01 -4.038603044213854437e-02 1.211410052727780184e-01 -4.116797164524296782e-01 -2.206616002032481261e-01 -5.119240574889269979e-01 -2.006718332552031026e-01 6.813035251633359213e-02 -2.901304200021993449e-02 -1.570590768113113156e-01 6.595824313523962479e-02 -1.393781248903201153e-01 -2.785826335459580250e-01 -2.740032168027003445e-01 9.357068421138582670e-02 8.576451125459647051e-02 -2.598961064255987941e-01 -1.721726898324070776e-01 -4.138338993440443536e-01 -3.914987352010312338e-01 -3.333781152093547862e-01 -4.951438874298340620e-01 -3.760485059699564814e-01 -3.689164419450871035e-01 -4.567102965521390168e-01 -3.833761615465721140e-01 -1.781613799158439718e-02 1.260525009439825705e-01 -4.312764677743898267e-01 -7.419779177027827077e-02
3.711194382315963769e-01 6.887735541773800652e-01 5.226052282285209571e-01 2.953888511675663575e-01 1.000000000000000000e+00 -1.094101795419028106e-01 -8.616240792914149627e-02 -2.569174836289823682e-01 -1.553950336112791819e-01 -4.768490054824441049e-02 -4.561902787492796429e-01 -1.883231730223072220e-01 -1.561920659661460709e-01 -1.508323658925886379e-01 8.271394964141473571e-02 2.536020801684257808e-01 -4.879829392547987421e-01 -1.598438835254792634e-01 -1.037311371804875010e-01 -5.749401713059864097e-03 -1.607583695614057395e-01 -2.646182142759686551e-01 -7.399020484989540791e-02 -2.213518629088044587e-01 1.357777466491136009e-01 -6.307236481387921978e-02 -2.950929779204746195e-01 -2.339180594987071427e-01 -1.149814200938779618e-01 -9.047253333250486473e-02 -2.824936675006401443e-01 1.259434417891810432e-01 -1.354838057004427998e-01 -3.297332244922381306e-01 -3.922484851616456214e-01 -2.083900721722384275e-01 -8.138123124225450644e-02 1.290206919394553953e-01 -2.636540023907756880e-01 -1.642271561873053509e-01 -2.344465045560887861e-01 -5.241559404092308583e-01 -7.834336513581843797e-02 -1.143369501498122387e-01 -1.906657847533794192e-01 -3.981996613785047656e-01 -2.224383773779844975e-01 5.662299002075047577e-02 1.143665572880259718e-01 8.969932872204793971e-04 -3.761237428032191965e-01 3.772173242202637167e-01 3.376195408148234822e-01 7.443289133482283715e-01 -1.289520139215944439e-01 3.605443518163146122e-01 -2.200222925372178340e-01 -2.412652013491149439e-01 -3.502352896407533080e-03 -3.314573864257044367e-01 1.384217799336010801e-01 -1.359917453381809249e-01 -3.210572804837751038e-02 -8.906142694201490961e-02 7.651263500415145247e-02 4.341770781485457253e-02 -2.284720121276659632e-01 -1.564034070085685568e-01 -3.670387726340032519e-02 -4.932594890198216397e-02 1.026517804299564712e-01 -2.730329253248068300e-01 5.694784006236972007e-02 2.505961223631203091e-02 -1.505885633502673515e-01 5.358105473943073314e-03 -1.746744960488641821e-02 6.013583417145953319e-02 -1.765614080148401599e-01 1.156968104386164181e-02 -1.165428188237253720e-01 -5.267314562668470174e-02 -2.946578871351200890e-01 -3.058837777934997337e-01 -2.406471064918286051e-01 2.128620178206002897e-02 -1.618856590068270748e-02 -4.095601211279689680e-01 -2.583075837193684055e-01 -3.581733950110509990e-01 -3.540671984814303674e-01 -3.983518938599018427e-02 1.104368281431423043e-01 -2.103474989456414479e-01 -1.149376747886795558e-01 -9.549636172871577011e-02 -1.022039969789763636e-01 6.483774959168590868e-02 8.572428160618877913e-02 8.660175798680593007e-02
-3.699710786881006686e-03 -1.277247480202637897e-01 1.140539783164976478e-01 -5.531513023221120706e-01 -1.094101795419028106e-01 1.000000000000000000e+00 4.117419984919190590e-01 2.779138417941609540e-01 4.730892635178224337e-01 5.266416607975504816e-01 3.548456180084292311e-01 3.762451455778138554e-01 1.143478338176935477e-01 -4.801966231133178442e-02 3.950977758212775859e-02 2.810900477636665284e-01 -8.898843261072347799e-02 1.012670612141111648e-01 -8.153546757734529693e-02 1.856722384520453906e-01 -3.421900096035231376e-01 1.255466883321228466e-01 6.860843842666805581e-02 2.804260971968637883e-01 4.841567657574577521e-01 5.669910401078874784e-01 -1.236997160092630499e-01 1.229502198441249083e-01 5.239381707560919477e-01 4.942549609122807303e-02 -2.145179181967366011e-01 4.674208796952372680e-01 -1.314660408745573772e-01 -6.841680739151830004e-02 7.467489408067672085e-02 3.009514615687914896e-01 2.917747813970592574e-01 9.166122857975676774e-02 4.722815056676353263e-01 4.574498085025798799e-01 1.390989323860388205e-01 6.704022971021042498e-02 4.638896288088861231e-01 2.834640051538380723e-01 5.314390553289085467e-02 -5.883987517068692275e-02 4.823485419477112346e-02 -1.776637922414557036e-01 3.952968523540196788e-01 -1.865805086100362498e-01 1.077162607977645396e-02 3.589453986342538427e-01 3.255873281878327030e-01 -8.970933969332303692e-02 -1.261236872901597417e-01 4.614679131606223561e-01 4.375729043972482191e-01 3.980470517398459473e-01 4.965386982221022816e-01 3.059270760084692453e-01 4.678468387917300575e-01 2.952352382952073695e-01 -3.109006130600330819e-01 -1.018074539852122512e-01 1.920052816701655896e-01 1.658385322868151934e-01 5.379004030330680752e-01 6.298820069853598713e-02 -2.464642793145327693e-01 9.478565091424881114e-03 -2.034403325022514919e-01 -1.451211409108765088e-02 5.145754090052219454e-02 4.637985456463008527e-01 3.392474545440877232e-01 5.911654295841692885e-01 3.199181783604955198e-01 1.001330696347212806e-01 5.329915075090097681e-02 2.475925724732473410e-01 -9.018252823642471105e-03 -5.693480740839121368e-02 8.691781775210351280e-02 3.669644620610842956e-02 -5.799958246967361342e-02 -2.387772425967875367e-01 1.405350682050530153e-01 1.423217682693739550e-01 2.022820447365682173e-01 1.512090288960676043e-01 1.709259996577253693e-01 5.328475133168001365e-01 3.808609517395957766e-01 4.069745464541872360e-01 5.138364672252166976e-01 2.919157808706863699e-01 -1.570984702171547009e-01 -2.720979463559167200e-01 3.330967061899555715e-01 -6.255192102149532973e-02
3.042064278119455817e-02 5.159418892675932122e-02 2.689894837627526680e-01 -3.777200771412037583e-01 -8.616240792914149627e-02 4.117419984919190590e-01 1.000000000000000000e+00 5.838994606307291724e-01 5.618735448522385045e-01 3.089246053124055091e-01 1.353712298555851679e-01 6.344046709771494763e-02 2.569591788503974850e-02 2.743847718367276728e-02 -6.940466100651895842e-02 4.159916392856181644e-01 -5.821188456840191427e-02 3.057615395874253572e-01 1.536225053747537761e-01 1.012160607140402957e-01 -1.763238846607293464e-01 1.770635059086520663e-02 1.006004443028593320e-01 1.304561174014610969e-01 3.955400285638938640e-01 2.078135386331058099e-01 -1.371680569873775235e-01 -4.618428114591845157e-02 3.095564013682801097e-01 -6.987682198621564256e-02 -9.094649678925439962e-02 3.244506435046118353e-01 9.631300763307697188e-02 5.804510760606310105e-02 -2.453015363120643680e-02 1.921106066542041246e-01 5.290407047413019787e-02 2.263528743688964784e-01 4.178935232752735152e-01 5.308184851782693503e-01 2.551865807151907917e-01 -9.653147064867143717e-03 1.969293529284916466e-01 2.490566953578441378e-01 -2.755406758762089792e-02 -7.326637840911036370e-02 1.198862333856587532e-02 -3.516573016164017268e-02 2.557200458169637813e-01 -6.579823689224718886e-02 1.815584197001182398e-01 5.134784018234214154e-01 4.741339226275402829e-01 -5.836861764162843552e-02 -1.181603433347436366e-01 3.809626286309560350e-01 5.723937489001602597e-01 5.323741765216312150e-01 2.591518710831446359e-01 2.350001911459777271e-01 1.986123698650911207e-01 4.375975104176099001e-02 -2.938741227769538500e-01 9.438042066952183340e-02 2.832617646734176819e-01 1.300824332685463110e-02 5.272084250226296565e-01 1.113379495015945492e-01 -2.348002308254926729e-01 2.641555727901236938e-01 -1.640720512865314618e-01 -1.497419648264722014e-01 -2.912847349727703595e-04 3.357085105079438692e-01 6.217020586526761372e-02 3.119688561935151094e-01 1.649858995169111719e-01 -4.682236032980244961e-02 8.407030509675575414e-02 5.776956681912026603e-02 -1.719068743612882921e-01 -4.304671970355167937e-02 1.694967140776912906e-01 -6.381197415133600670e-02 -1.460749825380051325e-01 -1.896188219150248822e-01 -1.121655956802363081e-02 -9.860750873356020907e-02 1.976327609922693129e-01 1.509281458434699741e-01 9.035817482247034127e-02 4.059200878623939190e-01 3.437695484399657664e-01 2.274682523774194109e-01 2.143280926060199265e-01 2.306732645818711791e-01 -7.692957591293196618e-02 -8.521876908134241868e-02 3.416106508645582740e-01 3.097769124192473189e-02
-1.169015786176264143e-01 1.415085750328310375e-02 2.058654779511583932e-01 -2.452788872696325395e-01 -2.569174836289823682e-01 2.779138417941609540e-01 5.838994606307291724e-01 1.000000000000000000e+00 6.216224930726719222e-01 6.917308011411579804e-02 1.717236008683580284e-01 8.604525574643721864e-02 2.888064955453649718e-01 1.975442981384746555e-01 -2.205082714212139999e-02 2.958542728391204135e-01 1.893401071656805323e-01 5.041812424084035626e-01 2.306831313004971407e-01 4.322877790773667350e-02 -1.983613416613588462e-02 2.227940926017304146e-01 1.422072396858430898e-01 2.196460032358304171e-01 4.585572403134337283e-02 1.378456387332966659e-01 1.303530501695361263e-02 1.107801136767717076e-01 2.823030726757306819e-01 6.210910366470287491e-02 3.382688078056082098e-02 -4.547558218439928107e-02 1.123435634842751552e-01 8.899156732226706779e-02 1.251083485237794446e-01 1.181396417554419209e-01 -1.191877765595760613e-01 -5.360428785533374874e-02 3.184635267136686765e-01 3.885556264766154011e-01 9.922268537488496132e-02 6.689762621179841384e-02 1.064711077699656699e-01 2.094363001140162744e-02 -3.593745881959486965e-02 3.446750577028732249e-02 2.089828602071681224e-02 -1.215313296111790453e-01 -7.814697578926006749e-02 -1.564282972703338048e-01 1.817072050005890393e-01 3.967503864509922540e-01 2.923422763120425150e-01 -3.225903120573748173e-01 3.060399333069493966e-01 1.309237374547595478e-01 7.019325525291882917e-01 6.746831575958744942e-01 7.779558657947838185e-02 1.360955135334355748e-01 4.761889359726348414e-02 2.182884736702522532e-01 -2.491902990123397513e-02 2.988872815887836376e-01 3.850684742692483398e-01 4.557178036201853244e-02 4.852368615915305661e-01 2.454999716510816166e-01 -8.599052412511246773e-03 2.984053598361490756e-01 -5.283190882723454856e-02 1.709275941713518654e-01 1.030196616975105200e-01 3.164295945307298852e-01 9.680100549891940132e-02 1.437943017712220994e-01 1.393874636252330490e-01 5.770612357257712960e-02 5.143710868160972227e-02 -1.465517085008289644e-01 6.411977407157172515e-02 -1.952884228717571835e-01 1.608358183512310080e-01 1.185608294498399634e-01 1.271398902945834464e-01 -1.888706909550924851e-01 -1.694819405209238850e-01 9.025773318284859015e-02 4.956393264121859016e-02 2.942996427983554306e-02 4.965444735060681181e-02 1.259872878029068832e-01 1.184251405146951042e-01 1.646932072113216905e-01 1.693620172946093683e-01 2.849595095189729962e-02 -1.451877677629630492e-01 -1.496702337635150426e-01 -1.749178219834796304e-03 -1.987542501161322361e-01
-2.290142489786379520e-01 2.066396806925834342e-02 1.620807041255602210e-01 -4.192011867923942647e-01 -1.553950336112791819e-01 4.730892635178224337e-01 5.618735448522385045e-01 6.216224930726719222e-01 1.000000000000000000e+00 2.964648523561921878e-01 2.706479617281895012e-01 3.447099458382207882e-01 1.453718398966117042e-01 1.369558958783135827e-01 1.451241360846812663e-02 2.867172524329096861e-01 1.860160792959775211e-01 1.995635328382489582e-01 1.448930130871546873e-01 1.821250587293637424e-01 -1.400187979910089975e-01 1.244337026199604929e-01 7.606319824765231385e-02 3.969497109454339645e-01 2.144804889336885678e-01 3.808727185730951259e-01 -6.744521961856640713e-02 1.168669279235153152e-01 3.972834962358295363e-01 7.323722638938266749e-02 -3.647565104358798105e-01 6.628576375425261624e-02 -8.583577626374631897e-02 -1.139410315414554203e-01 -3.363367065196301575e-02 2.250084620186711681e-01 2.471239115365829117e-02 -1.451791980864144127e-01 3.910737648383584286e-01 5.059407784507664596e-01 2.681078441625349765e-02 -7.602195939296603998e-03 2.508036888712097401e-01 -8.454315898402467444e-02 3.568364264403442454e-02 -6.894348577650630250e-02 -2.145734180737702765e-02 -2.922025725299072230e-01 1.448337048658073075e-03 -2.959397615088496525e-01 5.207107446253336075e-02 4.910431557874896380e-01 3.812328339370831820e-01 -2.074474745827793176e-01 1.123335007203086489e-01 1.850286362667694640e-01 5.581393744827809478e-01 7.551197523112476162e-01 1.977290318612162090e-01 1.636052008360381338e-01 2.626940243600502378e-01 2.347831255151170693e-01 -1.047636482876359854e-01 9.966030505458413694e-03 3.662615889790128421e-01 4.809265829467140180e-02 5.605637934391323185e-01 2.545117562841814340e-01 -9.204873625389191349e-02 1.990565691848617813e-01 -1.282755002753870610e-01 1.044000970413568458e-01 1.315337094794813422e-01 4.390960131221896545e-01 3.092943006518133475e-01 3.841208636935750653e-01 2.916547078307997198e-01 1.347668358335984695e-01 -2.347260210990421703e-01 -1.515358949993834414e-01 1.592459829864920351e-01 -2.802093998173826872e-01 1.816199055791458154e-03 3.125261827411411619e-02 1.787037847034156357e-01 -4.188877089632463413e-01 -1.639026013253084557e-01 1.055735562700211710e-01 1.969805148798840777e-01 -4.377626353842089396e-02 -7.366843608611502170e-02 1.662807659739107269e-01 1.291820549530550422e-01 1.272739008222899815e-01 3.465158030210371276e-01 -1.365570873641319127e-01 -3.223453767992257024e-01 -3.083902110168060262e-01 5.662511029457609202e-02 -2.452169861951947749e-01
-9.072223737655588094e-02 -2.365364442049370242e-01 -7.924916026855999274e-02 -4.833547383602145309e-01 -4.768490054824441049e-02 5.266416607975504816e-01 3.089246053124055091e-01 6.917308011411579804e-02 2.964648523561921878e-01 1.000000000000000000e+00 4.119654185182274331e-01 5.120431418910630361e-01 8.752956860773071501e-02 2.861720057231812234e-02 4.334151118541910985e-02 5.081184945884185955e-02 4.580546849995339315e-02 -1.455576745318848675e-01 -1.378007562459850899e-01 -2.221214181939356463e-02 -3.107108114372635899e-01 1.029764227929311632e-01 6.766662212812237995e-03 3.463873167662224195e-01 5.774517212839004321e-01 5.862456419135166907e-01 -2.822295289418286779e-01 2.113400209291503296e-01 4.957785942639625909e-01 2.156002081852006480e-01 -2.747199061253287611e-01 5.642472648282607084e-01 -9.990913644216734002e-02 -1.318739414888787653e-01 -7.507288314198519441e-02 7.375758860912091930e-02 2.076119475998666752e-01 7.227398991449449084e-02 3.014881446187858693e-01 5.100945385994621883e-01 -1.262912375401016030e-01 1.279409288076173434e-01 3.930938720287650012e-01 1.088490797267151616e-01 -4.844607391615092518e-02 -1.997385523082286507e-01 -1.835745010203683192e-01 -4.614880371828583572e-01 2.176833735303229933e-01 -4.170893040054531320e-01 5.909070990607705187e-02 2.004432954688424307e-01 1.827444593077969526e-01 -7.441256847986386924e-02 -3.801366331952848454e-01 2.730149786977863480e-01 2.955293095887361332e-01 2.463959447018703175e-01 6.743898087542089526e-01 3.585210054032230698e-01 5.612799229533490530e-01 2.055906353681587195e-01 -1.876455328334715178e-01 -2.666099721115780530e-01 -1.478992166927268169e-03 7.037284883269730174e-02 4.568988184119890383e-01 -5.165504157241473330e-04 -3.826297855606654030e-01 -2.097736690908536261e-01 -3.367060534315720610e-01 -6.050399126858877624e-02 6.815594840868539894e-02 4.127643797550619165e-01 4.039982749514235416e-01 7.046725798960775666e-01 3.627701540395953939e-01 1.509968650824086711e-01 -5.131375920239245741e-02 3.356811725286427128e-01 1.775363708132748630e-01 -2.458863209459236088e-01 -2.046163231750510250e-02 -4.951438635695244034e-02 3.087501958723749482e-02 -3.788563589945405097e-01 7.671877482901065526e-02 9.000922247936381237e-02 1.666686376741182141e-01 8.797232438985904584e-04 -7.989162839982591469e-03 4.760692083259528418e-01 1.710439664141742144e-01 3.287948969860896020e-01 4.962382458311843103e-01 9.472184777824586843e-02 -2.912826653916273378e-01 -4.209856534892262303e-01 1.877384947737787413e-01 -2.501187863075732820e-01
-3.860618995554369604e-01 -4.952145496451225704e-01 -3.737434204216631972e-01 -3.299621708381314522e-01 -4.561902787492796429e-01 3.548456180084292311e-01 1.353712298555851679e-01 1.717236008683580284e-01 2.706479617281895012e-01 4.119654185182274331e-01 1.000000000000000000e+00 6.396012447070549278e-01 1.588237350297844186e-01 8.665156947482874350e-02 -1.478588286797197573e-02 -1.228788110475765444e-01 3.007985165937139826e-01 -3.285868260532905788e-02 -3.745209985941398007e-02 -5.250204926610704120e-02 -1.693544027670985386e-01 1.947854985088322000e-01 2.783300330973636789e-03 4.582207314927019826e-01 9.478612681435882870e-02 4.396877181350288821e-01 -9.749741473616495291e-02 2.835154081438605034e-01 3.787528625833117557e-01 2.031874892116244946e-01 -1.094900156931350316e-01 2.194500981687503294e-01 -8.845239855770258008e-02 -2.246420165354362855e-02 1.318651253266176770e-01 7.049895182539417382e-02 5.123345560816748578e-02 -1.867155062166017121e-01 2.599454963475243408e-01 3.526789525517221024e-01 -6.510550887736060721e-02 2.945079393170066950e-01 3.452446929456688962e-01 -4.722758218172330019e-02 6.403684962642007539e-02 3.184866070017371847e-02 -6.181759014307536965e-02 -4.059004644319579302e-01 -7.294605505740482665e-02 -3.837083840176898075e-01 1.430559389791993818e-01 -1.731726274891522699e-01 -1.322848665644806854e-01 -4.497610174515364601e-01 -1.566974147914097226e-01 -1.407661683243692785e-01 2.801131066202754982e-01 2.648581550493975811e-01 3.983541688529724234e-01 4.302259913406695779e-01 3.253539844210646126e-01 2.908290222457755037e-01 -7.139556134593667835e-02 -2.093081454616268489e-01 -6.633680803706450135e-02 -6.958714859180280266e-02 3.702311896234805055e-01 9.107226691407423191e-02 -3.456384973698478080e-01 -3.069548056277313086e-01 -3.179623647472868964e-01 1.141757042726535831e-01 -1.991399922712041443e-02 2.246486194585407825e-01 3.720164915167598063e-01 4.543668314420375443e-01 2.231969314114045366e-01 5.294865358124824922e-02 -8.126545628265494092e-02 1.428863691568554029e-01 2.255793821918716247e-01 -2.540335050391383520e-01 4.131051142898556350e-02 9.554693640212355565e-02 2.062216227478426145e-01 -3.659844942004821799e-01 -2.687348946730364063e-02 3.358638157571908756e-01 1.002622849637335722e-01 1.308200928673537156e-01 1.140975939428989644e-01 2.329791593531278793e-01 -2.667626285565182984e-02 2.300048382723276774e-01 4.451054776281089254e-01 -2.003938771379724926e-02 -2.431652396350882095e-01 -4.567699679245159627e-01 -1.413801908447381572e-01 -3.414506424053820322e-01
-1.924387220972283985e-01 -2.299467254075028000e-01 -9.345058935284389356e-02 -2.898869163710038888e-01 -1.883231730223072220e-01 3.762451455778138554e-01 6.344046709771494763e-02 8.604525574643721864e-02 3.447099458382207882e-01 5.120431418910630361e-01 6.396012447070549278e-01 1.000000000000000000e+00 2.396032928139681384e-01 2.397848980340923641e-01 2.536278119844044276e-01 1.068204706053610398e-02 2.126252933433460668e-01 -2.008415745806556851e-01 -3.350636341160715542e-02 -7.472677976082899021e-02 -8.089601880891707231e-02 1.308685536204188538e-01 5.680068854726264688e-02 6.511910815009521736e-01 2.774840895649635653e-01 6.791015577305842266e-01 -2.445528990463532726e-01 4.496239789068606774e-01 5.292001024319561431e-01 4.025249725374515086e-01 -2.629954660737137129e-01 1.940686232381908793e-01 -2.864008792935484049e-01 -2.633961733387210069e-01 -1.022304350682659707e-01 1.231106955383206268e-02 1.868825805355618652e-02 -2.236941664399411112e-01 1.250893951267334492e-01 3.189661775410947420e-01 -3.840569798712695215e-01 9.796623923049750660e-02 4.371471383929682597e-01 -1.990184941383544293e-01 9.099820637830344228e-02 -2.789431708277673727e-01 -3.383008898580986967e-01 -6.680024924420865373e-01 -1.100120086543969200e-01 -5.977465358444190580e-01 -4.767623117464073884e-02 6.307171341676869047e-02 4.049701983840340962e-03 -2.027126889257274134e-01 -1.772147485931146738e-01 6.941490282370836595e-02 1.839275432432514457e-01 2.670433717873536006e-01 5.487181707980229861e-01 4.831650829218051557e-01 6.422411228103979131e-01 3.487774859869121613e-01 8.091886919201216055e-02 -1.476716512940257076e-01 1.321326865854157984e-01 2.058328752634628334e-01 4.225564459408412410e-01 1.322650798544431350e-01 -1.722431598277174014e-01 -3.049882458925701756e-01 -8.996345771862103435e-02 1.628776126664567003e-01 2.044064143980948989e-01 4.176092673056196469e-01 6.490713355717498967e-01 6.607321883024593889e-01 4.972205461265769566e-01 3.593719755311287067e-01 -1.286208562716484871e-01 1.494129028504938839e-01 4.456836400944260146e-01 -4.984725917539493678e-01 -1.315199099042738407e-01 -2.383471544077967255e-02 3.285815326162079830e-01 -5.851115393933735698e-01 -4.261187314590662162e-02 3.607490883080977651e-01 -2.761924136682314575e-03 -1.452267259152067724e-01 -2.215512894889600237e-01 1.932079443149772591e-01 -6.335500581006128784e-02 2.449455363179193768e-01 5.266254076222220970e-01 -2.016025339093197033e-01 -5.491633859075253365e-01 -6.079477371241136519e-01 -1.653159373857110703e-01 -5.106762056903498825e-01
-4.259853477441070957e-02 -1.236048417619335371e-01 9.421390523875676493e-02 -1.638432055358412078e-03 -1.561920659661460709e-01 1.143478338176935477e-01 2.569591788503974850e-02 2.888064955453649718e-01 1.453718398966117042e-01 8.752956860773071501e-02 1.588237350297844186e-01 2.396032928139681384e-01 1.000000000000000000e+00 4.913307841349664473e-01 4.793015793591681173e-01 -4.660663720180671654e-02 2.907935887135242314e-01 1.475332630193767203e-01 1.965599554945026695e-01 -9.745373555349576278e-02 4.130011590884788419e-01 3.003991651115377470e-01 3.912981933085734609e-01 4.078678112307285719e-01 -7.190513293129795203e-02 2.516476311250696596e-01 1.969197508022581811e-01 3.992668154472777675e-01 4.157655128819249257e-01 4.564532998887244064e-01 1.105578311564900523e-01 -9.708690222282409521e-02 -3.460414160406225653e-02 1.042282697111797524e-01 1.125391989972476803e-01 -1.021729815565675936e-01 -4.903711879298675025e-02 -1.274544499880306270e-01 1.100219600527296143e-02 4.132149760044303427e-02 -2.655241829804840803e-01 5.260111084025418521e-02 1.101280729494543142e-01 -1.250856831547887960e-01 -4.154553846039683862e-02 -1.934212101572838766e-02 -1.912787536545886924e-03 -2.089077357389112766e-01 -2.557228277277220907e-01 -1.978292224843721803e-01 1.082058122222875340e-01 -4.786540885811645107e-02 -1.456291253074468439e-01 -2.573066988141157196e-01 3.131515368618302264e-01 3.873383201663207348e-02 2.393028949992380416e-01 1.043931082828923884e-01 1.979135811265265443e-01 1.227894294444955847e-01 2.768609344790712301e-01 6.491346769172883224e-01 4.434912278397412644e-01 2.968413898337897150e-01 3.791194995542858659e-01 3.924028785669229635e-01 1.815896442583462278e-01 3.523788520532127877e-01 2.555425759960165966e-01 3.008222255649334320e-02 2.834267173207496437e-01 3.165033110400892746e-01 4.016648091589018477e-01 1.633125069029203180e-01 3.888371915154721359e-01 1.724470581089994625e-01 4.235736823375507165e-01 4.167304333362256696e-01 -1.943941764474769671e-02 4.914927919307746779e-02 3.938843846799536252e-01 -3.144760007990097805e-01 -8.459978523110490978e-02 1.384588269276102596e-02 3.572626509542820572e-01 -1.822506863640026009e-01 -1.577217509291030037e-02 2.928187558414349079e-01 -2.174448630598169452e-01 -1.317905367920510218e-01 -9.192560055128641550e-02 -8.438105919731868354e-02 -1.104885472936497914e-01 6.553381818145957716e-02 1.239611247727893384e-01 -1.789061781635740978e-01 -1.773020471057660530e-01 -1.607158124379372555e-01 -2.222000837627368108e-01 -2.715803395496728112e-01
-9.366582153155456059e-02 -1.006811947833543136e-01 8.438698825219546895e-02 5.036158901282426770e-02 -1.508323658925886379e-01 -4.801966231133178442e-02 2.743847718367276728e-02 1.975442981384746555e-01 1.369558958783135827e-01 2.861720057231812234e-02 8.665156947482874350e-02 2.397848980340923641e-01 4.913307841349664473e-01 1.000000000000000000e+00 6.171412984547963720e-01 -1.093181636037798415e-01 2.550849123678432528e-01 1.439527317340366375e-01 3.257898262277983403e-01 -1.139895134020708217e-01 5.748806863430306890e-01 2.568423232116143207e-01 4.843761858309095780e-01 4.504522638847131555e-01 -1.465145742562234954e-01 2.444998640997321504e-01 2.453571515653551471e-01 4.847672678500858923e-01 3.938906228604835413e-01 5.875613881788287474e-01 -5.678040304982410330e-02 -3.184339486954777532e-01 -1.065152548291047607e-01 -4.688834160407553270e-02 8.838614691929543021e-02 -1.964889934409061456e-01 -1.947910647427440745e-01 -2.660453408082433246e-01 -2.550725575707279980e-02 2.741045866473269463e-02 -4.046398212905574221e-01 -5.451695561903260878e-02 8.535763495549542057e-02 -3.074769235293137171e-01 1.034293768317799678e-01 5.074326265322332691e-02 -1.372628696238515356e-01 -2.335252654624829505e-01 -4.238996151248375366e-01 -3.245576411487898771e-01 -3.649056099732070346e-02 -5.644298441052327669e-02 -1.921112395679857865e-01 -2.273669215534982468e-01 2.876785815468632101e-01 -6.312678032373836290e-02 1.083192021538295913e-01 5.444542222914965091e-02 1.125377700830759442e-01 1.056524357837858169e-01 2.620433652917113498e-01 3.641279913749043695e-01 5.359303036627702799e-01 4.473229852799981976e-01 4.272673957613007945e-01 5.092323846571191748e-01 9.244486040870243670e-02 3.911530828962385686e-01 2.928263487741688542e-01 -2.984440770088521433e-02 3.998521277557337550e-01 3.449800845468124488e-01 4.850034735116701134e-01 1.508203387882673940e-01 3.891007945224351228e-01 1.536818002866437161e-01 3.954971793912034350e-01 5.597687997409289684e-01 -1.802250543151056317e-01 -2.220508047284066588e-01 4.651371915366378507e-01 -4.346247311772750144e-01 -1.838638752333964788e-01 7.464818946608814398e-02 5.172897933512822233e-01 -2.066467437897272219e-01 -1.304859866935753065e-01 2.940045233596316754e-01 -2.987268117571020842e-01 -3.105305056820464871e-01 -3.312122238336061009e-01 -2.016198308152482854e-01 -2.299279259969134181e-01 -1.141168403714166307e-01 1.159817799866929011e-01 -4.042463343404213427e-01 -2.125760507663788101e-01 -2.133968231553423911e-01 -3.883609669815131227e-01 -3.928596075856138903e-01
1.391853255070197859e-01 1.164653514531701212e-01 2.909746990532745547e-01 1.091472105461356729e-01 8.271394964141473571e-02 3.950977758212775859e-02 -6.940466100651895842e-02 -2.205082714212139999e-02 1.451241360846812663e-02 4.334151118541910985e-02 -1.478588286797197573e-02 2.536278119844044276e-01 4.793015793591681173e-01 6.171412984547963720e-01 1.000000000000000000e+00 3.250160060813065549e-02 -3.417267564066199439e-03 -5.209579165791079075e-02 8.440282165650969670e-02 -6.998776520262720013e-02 5.491439860678075657e-01 1.287316787899158987e-01 5.245060523618835235e-01 4.530090434865892135e-01 2.706656572266812402e-02 3.619358161841436106e-01 1.848897274272656155e-01 5.188635287525771300e-01 4.563688338268815370e-01 6.477967360265149965e-01 5.443582822836773999e-02 -1.617044726419626099e-01 -1.221897935760629383e-01 -1.950637572397697361e-01 -4.438714239468584399e-02 -2.111520314613996030e-01 -9.229733563866872326e-02 -1.128632530480903617e-01 -6.639333224067482664e-02 -4.574892445484741652e-03 -4.961960103205841910e-01 -8.380978455158558105e-02 2.672994359744275128e-01 -2.112833563857474950e-01 8.566959033918292166e-02 -1.747498901664112647e-01 -1.651081492823015529e-01 -2.606171242896200280e-01 -2.583904989556475296e-01 -2.809810149507259158e-01 -1.480190644996860205e-01 3.459890349303007279e-03 -9.141699703241670805e-02 6.860398817356710977e-02 2.382983920907829067e-01 2.114825089797674196e-01 -8.735874287294176366e-02 -1.611560170257982094e-01 2.679446910577095164e-01 1.552604664506500309e-01 4.263881826169851896e-01 4.730026006371306213e-01 5.292782173248229416e-01 4.138015632178467795e-01 5.008641125228506796e-01 7.534691530088372113e-01 5.684250615480489210e-02 3.629823610494616881e-01 3.159441442484434148e-01 -6.812860584004098996e-02 6.158246699972801386e-01 2.842621862831955504e-01 6.007408500359954218e-01 2.498994421009494704e-01 5.116581735706470235e-01 2.687149295770024926e-01 5.501469498883584386e-01 6.953260709638808823e-01 -2.271879109310838418e-02 -1.292768951613634462e-02 4.160171563767086078e-01 -4.282279732628648805e-01 -3.313524990764815104e-01 -2.625406538378758509e-02 4.084280107001179161e-01 -2.250456732388537440e-01 -5.456531105037357166e-02 2.688140683691662147e-01 -3.936533692223145309e-01 -3.545913269212137009e-01 -3.168009742562177822e-01 -1.215875553110381813e-01 -2.053571201693419820e-02 6.645387621057040643e-04 1.730294409863631921e-01 -3.076172653184325312e-01 -3.016340983681874977e-01 -2.432466044417404549e-01 -2.451558899377183631e-01 -2.992962853591895067e-01
