1.000000000000000000e+00 3.362213126571346744e-01 1.967957421678350749e-01 4.087365399079879169e-01 3.110968990531360334e-01 2.312842165758955404e-01 1.632556385682535360e-01 8.879225848386344822e-02 2.212953790250708763e-01 2.168055224192038388e-01 1.858778688273363677e-01 1.439546775647597421e-01 -2.024725305940319187e-01 -4.259721873585293334e-02 -1.245145585885798628e-01 3.141014942335595972e-01 -3.084193515359034410e-01 -5.164828607346726858e-02 -2.209678110396150197e-01 -3.757590163735460287e-01 -2.054029938923505882e-01 -2.404953437951647399e-01 9.385481209366167143e-02 -4.605153131631446739e-02 2.756172655953982309e-01 4.342534917941837797e-02 -3.934238487642833793e-01 -1.066607924273797608e-01 -2.089029752792354588e-01 1.103629279496629312e-01 -1.001503017210007285e-01 5.370671827254676067e-01 1.128678216593252265e-01 -3.638483509408823036e-01 -3.008321647858539505e-01 -2.070608256659978164e-01 -4.949190158966757513e-01 1.060840066992916747e-01 8.337273769132672041e-02 2.667008769995361517e-01 -9.483283238554014727e-02 3.885623101523149464e-02 -2.494957277730243950e-01 -5.369931511545524006e-02 -2.248025194509032654e-01 -1.075570144930509120e-01 -3.665440190207240601e-02 1.152576521883634242e-01 4.378569750103362690e-01 -3.083915447589080094e-01 6.914304006455317397e-01 1.586781776846456771e-01 1.763003398370065478e-01 -1.869557660510570707e-01 1.272896970920001872e-03 2.162752463902842259e-01 2.904219539381083792e-01 3.044626158983804731e-01 2.389974728953866978e-01 -6.969055675023649865e-02 4.131991944927652094e-01 -1.721924996377680595e-01 -9.436586733209235967e-02 -9.216332591650508443e-02 -2.662214120309630561e-01 -1.078197600057115291e-01 1.389278960431476750e-01 -1.076966139467085692e-01 -2.513190498865036093e-01 -2.189110489353885691e-01 -2.099720215522559164e-01 -3.540369513755924347e-01 5.317122482486972418e-02 -1.008602509726850942e-02 -7.180289237199988239e-02 1.879289400736396942e-01 -2.166601113798446165e-01 -6.404725228904460665e-02 2.327154277694991891e-01 2.114287694349506475e-01 -4.126406635670630541e-02 -1.829481607154072875e-01 -3.290520556754558679e-01 -1.324360210956813111e-01 -3.300480513469813970e-01 -9.961742896441148909e-02 3.329069582271046088e-03 -1.967787568813428312e-01 -1.548945948269857542e-01 -3.030261721496801952e-01 4.414594114820636489e-02 1.880878992214320977e-01 1.652441650388010164e-01 2.417113023196724997e-01 -2.929386147154188214e-01 -1.076535235647080591e-01 1.511700843593193622e-01 1.093674327673000712e-01 2.012916136157873181e-01 -3.196406248509667258e-01
3.362213126571346744e-01 1.000000000000000000e+00 3.848336532859903958e-01 5.080411742908790274e-01 1.602758390661548626e-01 3.525371750105359414e-01 3.209671380725213075e-01 3.040387578715797456e-01 4.322674283564456044e-01 2.028319095298589461e-02 2.258258167364872171e-01 2.304557830633664206e-01 -6.273050607699769132e-02 1.944587937624799312e-01 1.983724871502626774e-01 3.050736141408544322e-01 -1.522003780226175440e-01 1.192147342604686633e-01 -9.151453975329772172e-02 -2.455617277872816084e-01 1.195392273222560661e-03 -2.254755265899590841e-02 2.503333580551355131e-01 7.568373373383602276e-02 1.916177837248942417e-01 6.391051719738854997e-02 -7.420728993583938782e-02 3.229849310495901127e-02 -6.545880864755837525e-02 2.803514116146896828e-01 -1.535918373113505375e-01 2.069152224483427893e-01 -1.071827660117396636e-01 -3.012147304825177341e-01 -1.606756385946890575e-01 5.794912884892413490e-02 -2.966658729552469342e-01 2.234820613977294423e-01 2.347476616959197904e-01 3.483997389107735820e-01 -1.501833857347636969e-01 -2.192119642347445038e-02 -1.502955590306147560e-01 -3.381951478062825839e-02 -1.938403040783649167e-01 3.368161284761529706e-02 9.435755475078493049e-02 1.460202103727440415e-01 2.845069765479167900e-01 -1.917232556432580948e-01 4.457742472573441583e-01 4.242724705243582362e-01 2.824803455477591096e-02 -2.546454660321763597e-01 1.083834402243145367e-01 3.784408386079259889e-01 2.938849303037300298e-01 3.041695381317527924e-01 3.041068048843265093e-01 -3.219898973175303741e-02 2.346994162308666254e-01 -3.916432801740069719e-02 -1.653125867738988383e-02 1.052576075371869507e-01 -1.176143245382317015e-01 1.373261996466243751e-01 6.838448698653447344e-02 -1.334936955030400357e-02 -1.233127848980815622e-01 3.352161561311493843e-02 7.089351758797234060e-02 -2.130648814385058265e-01 1.197161490355624636e-01 5.624214182684223601e-02 8.713651508118920586e-02 1.911236709141685419e-01 6.672415990719589296e-02 1.824201263456571853e-01 2.294896159697994986e-01 2.504341113524876511e-02 -1.111492253114415053e-02 -2.345193024819827721e-01 -6.029131109326359150e-02 -1.160804165762012452e-01 -6.586844647899177570e-03 4.061060572093632554e-02 2.105423715721400912e-01 8.190931270819339430e-03 3.964187906642085285e-02 -2.444307422278639841e-01 -2.393945532413178576e-02 1.856798344532084866e-01 2.262316594377569157e-01 2.823092013085661267e-01 -1.493433955210488329e-01 -6.164819921419423601e-03 7.837948121773276322e-02 7.639243293903714982e-02 1.539704167916776389e-01 -1.548640356913903171e-01
1.967957421678350749e-01 3.848336532859903958e-01 1.000000000000000000e+00 -1.206566081073338383e-02 -2.970989462374497899e-03 1.659375172816373589e-01 3.467954752026812248e-01 3.366486000954426738e-01 3.315840228448317384e-01 -1.168948362468394259e-01 1.038532104728873418e-01 1.425849977731046270e-01 1.006404044578443763e-01 3.515194724540218196e-01 2.933811827754069790e-01 2.477569724817054730e-01 1.260395280806612950e-01 2.888283766820438081e-01 1.830797248019711554e-01 -1.406616764243770468e-01 1.312199694822455409e-01 1.016966919413306650e-02 3.469608520721063072e-01 -9.324541892654705788e-02 -4.847220817014798872e-02 -8.712364659871787986e-02 1.263558753113421806e-01 7.684886499887164102e-02 1.136386012443359739e-01 3.899891929445895578e-01 4.980130104888383716e-03 -1.413491579036539325e-01 -2.412096677063940153e-01 -2.017706512756089754e-01 6.179338255710630640e-02 -7.410641254016944734e-02 -1.333183419218597621e-01 -6.812352322489681478e-02 -2.965842261053567869e-03 5.189059410518962606e-02 -2.130990408621951382e-01 3.189168090857771864e-02 -1.800573992252694211e-01 3.969706326477824739e-03 -2.765864991505341264e-01 2.544642996482821551e-01 3.617738360608809683e-02 2.506328321484549426e-01 1.286923289501966383e-01 -1.918717517699611852e-01 2.555923566545625913e-01 4.339540484409580845e-01 2.776315858315158702e-01 7.586807155973244836e-03 -3.874221658756441672e-02 2.730998687820232473e-01 3.727865207150268256e-01 1.918216278570821498e-01 1.369222450151313664e-01 -1.218635803450348887e-01 1.469073380582679444e-01 1.796761675787598433e-01 1.059102235537671549e-01 3.207282206636076216e-01 7.092819426556896956e-02 4.143652219561214656e-01 -7.624541097982752424e-02 1.714782695032892323e-01 4.973210094314380048e-02 1.175465264904194118e-01 9.321108125722613047e-02 9.673665693896998929e-02 2.173264527267264601e-01 1.771315065347504047e-01 -5.361633138179582730e-02 -3.269798634353714151e-02 2.481859435505887612e-01 1.422201302702353898e-01 1.478956404232340538e-01 -7.059361762591501166e-02 -1.572142546166130361e-01 -3.013415682734664203e-01 -1.585741345001843161e-01 -1.255244207298041037e-01 -7.755020075620947494e-03 -7.032507339986955597e-02 1.206530822592121951e-02 6.109022748008286624e-02 -3.119163092475864610e-02 -3.461917894937285856e-01 -1.248328531821700088e-01 -7.777315537393274247e-02 -2.152982644825371383e-02 2.079240859236761163e-02 -2.968049782183398988e-01 -1.067070030870195807e-01 5.458601263845432039e-02 1.445016501617783222e-01 7.185291247221674282e-02 -2.247220517362670256e-01
4.087365399079879169e-01 5.080411742908790274e-01 -1.206566081073338383e-02 1.000000000000000000e+00 3.165559647119329800e-01 3.257109818911167465e-01 -3.007332694530310060e-02 -3.624158058950067290e-02 8.572675087232788094e-02 6.015862413317582535e-02 7.919032533427101950e-02 1.242483301443031291e-01 -1.535530360696797936e-01 -5.673567278291020977e-02 1.883805840180921912e-03 9.182090433249158468e-02 -3.479784863202997625e-01 -1.412364678418835118e-01 -1.958151538058239549e-01 -1.548400761533013370e-01 -1.352952316394887833e-01 -1.124293082586295539e-01 1.047017042229377026e-01 -4.113308160306552302e-03 5.546068808059570476e-02 6.142237103831459794e-02 -1.720378518302524695e-01 6.552180021874571061e-03 -7.565424515422633500e-02 9.902855455906800497e-02 -1.708778446868170486e-01 3.640448694967734489e-01 1.274232981779533924e-01 -2.804486611958172948e-01 -1.913741514899947038e-01 -9.298959826398883743e-02 -2.561406702882858544e-01 9.058299061440866495e-02 6.155525703912649582e-02 1.630281460943998895e-01 -1.449011065913700935e-01 6.460116881395168431e-02 -1.458872694793234837e-01 -6.118936560110697920e-02 -6.308702025221285536e-02 -9.085979274166751385e-02 7.354299988376733488e-02 6.077662948442264651e-02 2.535624786711130896e-01 -2.120215853443695175e-01 4.693805968214210256e-01 1.346479367491418555e-01 -1.150946836558098263e-01 -7.084549157888282711e-02 9.959390180724054034e-03 2.646273657755485176e-01 3.417746245674739558e-02 7.011001402002911553e-02 8.846714004953812327e-02 -1.144945032573094768e-01 2.544343183010513987e-01 -1.659825478274292443e-01 -5.543596632125694784e-02 -1.098636018522073793e-01 -1.578703351184937986e-01 -9.480317750283005773e-02 -2.630822246096968173e-02 -1.130755344570361642e-01 -1.180099735399885719e-01 -1.707333515602476037e-01 -8.190603816603062026e-02 -2.853962476081359778e-01 7.600456873986688455e-02 -1.155703808697168267e-01 -4.413940041885432847e-02 8.139804855869754718e-02 -5.089137313793287015e-02 1.055460112253641669e-01 2.134873227250930483e-01 2.628784077832370669e-01 -3.871005274795821099e-02 -1.439998765810197590e-01 -1.042838739089112093e-01 -3.296702464101487068e-02 -5.080257555722691998e-02 1.099290774901627438e-01 1.001540156992778846e-01 -6.941559819837443690e-02 -1.233856934698442653e-01 -2.151161843281479691e-01 -2.848508122791858221e-02 1.085049828696350027e-01 1.092819869804357441e-01 1.730093615411293639e-01 2.686282861115388276e-02 -6.468224618734668384e-03 1.359782146421960880e-01 6.327556062135789028e-02 7.014417118326295164e-02 -1.624371594717745615e-01
3.110968990531360334e-01 1.602758390661548626e-01 -2.970989462374497899e-03 3.165559647119329800e-01 1.000000000000000000e+00 5.164870500834227718e-01 -1.282859315073771878e-01 -2.610607369346432810e-02 1.868820768979126967e-01 -5.839182065922132389e-03 -1.064947366549769403e-01 -7.171767373806242629e-02 4.691848767592108477e-02 6.050603258072166646e-02 -2.762959910519815487e-01 -2.161004411142451731e-01 -2.792278029604607914e-01 -1.438023657880070083e-01 -1.836692163946038736e-01 -2.440882277120571819e-01 -2.149410477860779767e-01 -1.565040129802128949e-02 -1.145094524937270430e-01 -1.094197287360836601e-01 6.677949061559267097e-02 5.461473862217945674e-02 -2.331438400210444906e-01 -1.952201275500598521e-01 -1.993899480455267326e-01 -1.213315492404550000e-02 1.171658567340910610e-02 2.522817957229914754e-01 -6.829504548198335467e-02 -5.432313983998116047e-02 -3.475939328530874839e-02 -8.963251253951329267e-02 -2.324651130003886068e-01 -8.093776035684642489e-02 -5.871775004434097445e-02 3.207557852866026182e-02 6.244158064112609839e-03 6.561942406913318093e-02 -3.951954162001022897e-02 -3.326654606236982559e-02 -2.475996505695381503e-02 -1.183870320689955347e-01 6.689970192769743862e-02 1.078702627293976340e-01 3.443766078931870256e-01 -4.901343302575117411e-02 1.305229331802844617e-01 3.091118180228447088e-01 -1.850070801954424582e-01 1.051598701692608023e-01 3.618603971170411548e-01 3.017145667486233473e-01 -7.594832218358013587e-02 3.323506738344667033e-01 -1.411464319328846195e-01 -1.050590836882124568e-01 1.805514280689958229e-01 3.880662597428287397e-02 1.717983299858610036e-01 8.784440377395982824e-02 -1.325712737798360186e-01 -1.219457958300844830e-01 -8.560723409672568729e-02 -1.266565333142449790e-01 -1.278968377434704373e-01 -1.267142049916461788e-01 -2.687655475454296949e-01 -8.561008959465508938e-02 6.918439546648164074e-02 -4.713111942743659910e-02 -1.822528964465041368e-01 8.724673123467686919e-02 -2.626216952222482082e-01 -6.076273787198162996e-02 4.055485104962658349e-02 3.811421909390964868e-02 -9.217762059940343145e-02 9.495916885323325840e-02 -6.762329052161071552e-02 1.005673510200339321e-01 -1.935535679023213662e-01 8.098946396587089480e-02 -7.323913942217760709e-02 -1.905011456544997983e-01 -1.747319429550755476e-01 -1.699843464833199480e-01 -1.334336472667468909e-01 4.865712957899371444e-02 5.871758354967310245e-03 9.527693672739291630e-02 3.938001283231143401e-02 -7.522817411275871391e-02 -1.374463319184626164e-01 3.425366504409240592e-02 2.075080731831349112e-01 -6.639291672801636568e-02
2.312842165758955404e-01 3.525371750105359414e-01 1.659375172816373589e-01 3.257109818911167465e-01 5.164870500834227718e-01 1.000000000000000000e+00 -5.294772257268523519e-02 3.513951671208307218e-03 2.553327598986847580e-01 -1.377886626903201406e-01 9.416703864894425836e-04 -4.002629062994381148e-02 1.256019294167621536e-01 2.628614999870657054e-01 3.154121667878956314e-03 -7.475993516767294456e-02 -1.190581461241626976e-01 -4.305371068903491444e-02 -5.082093611042132197e-02 -1.663253615989164214e-01 -8.520641466458866997e-02 -1.108587512805736010e-02 1.076715218363869520e-01 -9.720108594799661828e-02 -2.149218740548985290e-02 -2.497139733428183420e-02 -2.130654454287828417e-02 -6.089847093894252411e-02 -3.102190514965041945e-02 1.633356652170620260e-01 -9.795584516285071874e-02 9.122495178533268634e-02 -8.687550995320718339e-02 -8.750673628062399789e-02 2.064392238362596638e-02 -3.726260303740299568e-02 -1.880117842293510810e-01 5.947544689904116222e-02 8.677128003149434110e-02 1.279712153327705881e-01 -4.314236126342016475e-02 3.334005979673923536e-02 -2.475869925199175939e-02 -8.704301338194637971e-02 -6.471712448541312723e-02 -5.793155667624919070e-02 1.390227585886313066e-01 8.048506812347075434e-02 4.038033999129442830e-01 -7.675462700345807472e-03 1.794532723475029123e-01 2.626514620575059467e-01 -2.551819404411183601e-01 -5.012723783586231496e-02 4.645091164099274250e-01 6.126235688374740418e-01 -5.731153427926986843e-02 2.612064948165787603e-01 1.948856723858679446e-02 -1.533534541319238886e-01 1.720653594065019165e-01 1.487806330237658736e-01 2.473344917535959253e-01 2.109738984968941022e-01 -8.769785417551341500e-02 4.968695095695926933e-02 -1.090491832635304137e-01 7.651833535216655963e-03 -5.598132398430352707e-02 1.415075410218513338e-02 -7.332589786258529585e-02 9.534825406889040067e-02 2.219662521167820868e-01 -1.219036197111615927e-01 -2.148805169930176340e-02 2.404840126857593283e-02 1.416777594908519983e-02 1.532622321315456893e-01 1.391901703629285780e-01 -7.884947150182609887e-02 -1.013649686929075783e-01 -3.181754839630399068e-02 -5.236908045091175773e-02 1.620403227056204515e-02 -6.397825219063194013e-02 2.218811119043316848e-01 1.022743274787991652e-01 -2.687165933472987142e-02 -1.269878644968535086e-01 -2.321389638177855097e-01 -1.636829065576536346e-01 -4.866412504476717860e-02 7.813195367704152709e-04 7.996110828750359334e-02 9.198722180061569276e-02 -1.199412934050800433e-01 -4.210495211863083537e-02 1.914005958690324569e-02 1.940710399655605767e-01 -3.584919247017718386e-02
1.632556385682535360e-01 3.209671380725213075e-01 3.467954752026812248e-01 -3.007332694530310060e-02 -1.282859315073771878e-01 -5.294772257268523519e-02 1.000000000000000000e+00 5.557531324239041171e-01 3.705338978819213147e-01 1.095678515668688235e-01 3.312170610898488854e-01 2.554290299361300920e-01 -1.829960668697551696e-01 1.452400964091948299e-01 1.001850804973760944e-01 5.229554788813211008e-01 8.579105225293015211e-03 3.247609999244437939e-01 3.657441134983448888e-02 -2.505457835035370673e-01 1.153278469967848607e-01 -9.640522340408681778e-02 8.716694414619680087e-02 3.006118712693893191e-01 3.521915239661205232e-01 1.448999296814355020e-01 -1.219348727983638435e-02 1.797274127358824188e-03 -7.043468694545436393e-02 7.000249907529923488e-02 1.906539753058323489e-02 1.755602418013500476e-01 -4.064798897769549696e-02 -3.162649579676743428e-01 -3.288943326571556192e-01 4.427629223105089551e-02 -3.085583954880516955e-01 3.330511229223062086e-01 3.469744916771081988e-01 4.377127760240472343e-01 -9.763628015073763308e-03 -1.139982891068512527e-01 -4.384725578924870276e-02 1.169385099507750519e-01 -7.996974980683489720e-02 2.213213336765890160e-02 -1.079368103814872526e-01 -6.548144701742909801e-02 9.977253598276616953e-02 -1.444281683694696172e-01 1.588098277503836864e-01 9.102159815339776194e-02 3.355838230158013635e-01 -2.942453695845583805e-01 5.969672130367841695e-02 1.125333961318058240e-01 5.583865536302349275e-01 3.643105990577957809e-01 3.489749962469997357e-01 2.114499078599119675e-01 1.701894769146584940e-01 -1.421392902215433962e-01 -1.469974162029416553e-01 1.376405946458726937e-01 -8.190302024996470864e-02 1.485431131856167486e-01 3.910990201368036434e-01 8.162321677742337411e-02 -1.223885310783099090e-01 7.134985612395736143e-02 1.441600031344404120e-01 -2.040785266790609287e-01 -1.576152943395241202e-02 2.962151419647177653e-01 1.927462770044835183e-01 3.467049742659996103e-01 3.918364190177719975e-02 6.329362028461552048e-02 1.324678665069147221e-01 -4.417270626531971667e-02 3.922165121872986772e-04 -3.003411203648324590e-01 -1.785309396570116114e-01 -3.561059835913762406e-01 -1.153033092649018154e-01 -2.438870542864243485e-01 -1.995238758827521872e-02 -7.887842960024885053e-02 6.672395082797390187e-02 -3.066076520719551030e-02 3.096696865090892495e-02 2.626796438037743986e-01 2.441987352116164744e-01 2.195671335701012417e-01 -2.967452389698806425e-01 1.200077528322255893e-01 1.385775009910617493e-02 -9.389854342321571345e-02 1.564487471017726172e-01 -9.736140832428794023e-02
8.879225848386344822e-02 3.040387578715797456e-01 3.366486000954426738e-01 -3.624158058950067290e-02 -2.610607369346432810e-02 3.513951671208307218e-03 5.557531324239041171e-01 1.000000000000000000e+00 4.662900257540827931e-01 2.304701539121375153e-01 2.994703647765691867e-01 2.998270996095083740e-01 -4.204700970252191888e-02 1.221471313798986047e-01 -3.853443701218159378e-02 3.553055814092925813e-01 -4.970949765810826759e-02 3.472710793342954072e-01 -9.291469166542087876e-02 -3.621570130680820121e-01 5.634855039018518003e-02 -6.873282719939269314e-02 -1.650778746736196456e-02 1.264686081789853367e-01 3.418679133739002673e-01 1.537227843645631309e-01 -1.008190950708356542e-01 -5.976988734133374670e-02 -1.884291687967802886e-01 4.545855606940487487e-02 8.382820071795178685e-02 1.171331192143375832e-01 -1.204322490520439437e-01 -2.989364208776467691e-01 -3.228299218294545803e-01 8.024190685953518087e-02 -3.000155226322936408e-01 1.875984568931050589e-01 2.048328780610434441e-01 2.609282916089077364e-01 -1.095666933236903728e-01 -1.989213387378875042e-01 -6.912429074378005633e-02 1.543596106270076485e-01 -1.456974003967023180e-02 -2.252869567714878285e-02 -2.103957922379456058e-01 -1.060708827507145929e-01 4.161672879952062198e-02 -1.380810163537214974e-01 8.857079725564531714e-02 2.325913631964076356e-01 3.711801621703703646e-01 -1.826155768122924850e-01 1.202620042315290100e-01 3.790382995408907163e-02 5.844657729060998008e-01 4.280875539846898947e-01 2.893272865887466239e-01 1.956132571800494324e-01 1.632481372806451614e-01 1.920083857739075242e-03 -3.368880131282619289e-02 1.057608415910586269e-01 -9.789100947462033020e-02 7.961547072252947443e-02 2.527827870567414537e-01 -7.271690949082131039e-02 -2.555744558067186700e-01 -3.005257663813493130e-02 -4.777385185936356901e-03 -2.130047052079573344e-01 -9.321741749098452767e-02 2.507780980458946818e-01 1.923645910623774866e-02 2.624447984189905991e-01 -9.452562007382413201e-02 -8.453160780933067706e-03 1.098687492453010173e-01 -1.374296578086342813e-01 -1.298734617972632510e-01 -2.440948850493982469e-01 -5.567072104340767963e-02 -3.155265035738352708e-01 -1.710281600798990442e-01 -3.491029912487760845e-01 -1.639928045720343286e-01 -1.559078708367206412e-01 -2.208084629261600207e-02 -5.369922499946938599e-02 -2.419950924740082304e-02 2.735162268904876015e-01 2.384137393231526569e-01 7.409281922757303407e-02 -2.953162217679248802e-01 1.332026211029968266e-01 -7.775551396288200856e-02 -1.667279702238113059e-01 9.793103264937585983e-02 -1.579230238818006560e-01
2.212953790250708763e-01 4.322674283564456044e-01 3.315840228448317384e-01 8.572675087232788094e-02 1.868820768979126967e-01 2.553327598986847580e-01 3.705338978819213147e-01 4.662900257540827931e-01 1.000000000000000000e+00 1.397690317419095496e-01 4.396896422739755145e-02 6.094231122727231803e-02 -8.496021352521090919e-02 5.217725768535941798e-03 -1.734497258864159952e-01 3.129930575195494780e-01 -2.549595393323639270e-01 1.243618257749380396e-01 -3.536202641306204209e-01 -4.346486466828993200e-01 -2.959497406101019301e-01 -4.302515343590652963e-02 -1.782376152400473313e-01 -2.958511369174114929e-03 3.235747474183151562e-01 1.704095268927609610e-02 -2.134925042614839175e-01 -1.824674782551796437e-01 -3.343026064888606208e-01 -4.615401180086631944e-02 6.869753468062640700e-02 2.138742416833541993e-01 -1.179330887778814573e-03 -2.392773867057168824e-01 -2.502433029876612314e-01 7.553233357257179694e-04 -3.634810323352697381e-01 3.259303281860023160e-01 3.383516315457950063e-01 2.445765070159776067e-01 -2.364929747905720747e-01 -1.166126841818770493e-01 -6.730337922114852656e-02 -4.768002190989579364e-02 -1.471297536353169677e-01 -1.656434175132290576e-01 -1.371008525658643507e-01 -1.155969794674096413e-01 2.312933763602485204e-01 -2.100694258943628101e-01 1.829905937270945859e-01 3.782432440191212386e-01 2.362475615589156586e-01 -1.954358116185147265e-01 1.889657915566336222e-01 3.490161643837992878e-01 4.684432710430050939e-01 4.669729326525089985e-01 2.259475416422287997e-01 1.864717947736776321e-02 1.823332094677577730e-01 -4.436703199271577192e-02 -9.924420176152666875e-03 1.491496923491227727e-02 -2.943169705346413978e-01 -1.822587065593239131e-01 1.121451198506049907e-01 -2.635256748280356276e-01 -4.225661715674761676e-01 -1.215360622575879790e-01 -2.927946566392197192e-01 -2.187032933243402144e-01 -2.846175082749329843e-01 5.670848640395663443e-02 -1.356356848118436542e-01 1.789355301574040991e-01 -2.059746230956102930e-01 -8.934542060793841667e-02 2.025219186073914102e-01 -9.525903373605591751e-02 -2.769057279813997852e-01 -2.804932355052597859e-01 -1.494107453454148471e-01 -3.009081312653039131e-01 -2.680659568646535096e-01 -3.064296006252167359e-01 -1.464497408352030128e-01 -2.308027450690745275e-01 -1.420081075466155807e-01 -2.102788690206734701e-01 4.792312687474258037e-03 2.063978609058118030e-01 2.222896115672890194e-01 2.355960912767088855e-01 -2.328861381172845357e-01 -6.429365271924615544e-02 -2.106871682224137621e-01 -2.429898398486904088e-01 7.376397279719532074e-02 -1.907405177531775187e-01
2.168055224192038388e-01 2.028319095298589461e-02 -1.168948362468394259e-01 6.015862413317582535e-02 -5.839182065922132389e-03 -1.377886626903201406e-01 1.095678515668688235e-01 2.304701539121375153e-01 1.397690317419095496e-01 1.000000000000000000e+00 3.881500616942648585e-01 4.253941454509982956e-01 -1.576113984066106199e-01 -1.916635501808869324e-01 -2.000808156665672410e-01 1.282169108035495150e-02 -1.485783988445836812e-01 1.480504217847432857e-01 -2.632545052989012646e-01 -1.641494555229078833e-01 -1.413756287121689381e-01 -6.146556502007768236e-02 -2.784209294514724542e-01 2.709242333827263094e-01 4.733933670974760366e-01 2.706680508187027656e-01 -3.012607938254872608e-01 6.281812750320420191e-02 -2.200416883294643022e-01 -1.465550974891875469e-01 -1.130826878643177158e-01 3.443482059986670563e-01 -1.998315697830767290e-02 -1.669003920232057514e-01 -2.581322809457484713e-01 1.171924153555836540e-01 -2.728109839949280357e-01 1.723270281104252455e-01 1.688762389619555826e-01 3.592646270952765675e-01 8.666717342315748140e-02 -2.109490091887868679e-01 8.316232454279623258e-04 -6.759779491915057781e-02 -1.423967425646365803e-01 -1.988937417454179069e-01 -2.067524118468156424e-01 -2.374372306016670764e-01 5.357691519150133835e-02 -1.677562538580182894e-01 1.189433276240770276e-01 -7.410835823524603017e-02 7.210279997595218926e-02 -2.564745974873098300e-01 5.294350407828995325e-02 -1.532848517066125182e-01 8.761711074587959225e-02 2.353319030620142915e-01 5.343221392075105936e-01 3.288114949242380014e-01 2.614448939098229507e-01 -1.651959075715970504e-01 -3.405967697367778269e-01 -2.650717719050518784e-01 -2.785161996833695475e-01 -1.162515516922710546e-01 1.490317705815647487e-01 -2.518803087677207175e-01 -3.181869389474275001e-01 -2.735032252514874029e-01 -1.087978716499033299e-01 -3.386616350190591040e-01 -2.796945469032384723e-01 8.365860718959099163e-02 -4.424116086885779286e-02 4.559122391385292961e-01 -3.494358662307089358e-01 -1.251384368599548491e-01 -1.544090650559009903e-01 8.178568951923717578e-02 -3.581764103364091373e-02 -1.579614670631886847e-02 -9.067216403084141230e-02 -1.606136584623849561e-01 -1.253605443852242596e-01 -4.157386280405814261e-01 -1.907132995683495924e-01 -1.324034876646866532e-01 9.461946592348381702e-02 7.545841348691506578e-02 1.275975723056382849e-01 5.517549823667357023e-01 4.346365368997973655e-01 2.058041115191485970e-01 -2.290306489840888970e-02 2.372300357649457375e-02 1.471291962563158438e-02 -2.615341159844895569e-01 1.406305035754339405e-01 -1.013079821011065029e-01
1.858778688273363677e-01 2.258258167364872171e-01 1.038532104728873418e-01 7.919032533427101950e-02 -1.064947366549769403e-01 9.416703864894425836e-04 3.312170610898488854e-01 2.994703647765691867e-01 4.396896422739755145e-02 3.881500616942648585e-01 1.000000000000000000e+00 4.908531487447105324e-01 5.949004528787237706e-02 1.894272388066881585e-01 1.523886329878808288e-01 1.267143411524079832e-01 1.121082954923821595e-01 2.130360631166707541e-01 1.248075652664170643e-01 -7.316770750262102663e-02 1.627180085759322992e-01 1.399387203797248513e-01 1.725728325733294488e-01 3.807178109889335915e-01 3.478846253037396474e-01 3.918096788507337003e-01 5.764593818556384280e-02 2.629331946004770937e-01 1.375418172639443770e-01 2.616064880139999382e-01 -1.030030443989067013e-01 2.221055581158618841e-01 -1.554849630593264642e-01 -1.436165438759574586e-01 -1.523883618124410311e-01 2.640775788608784591e-01 -1.431133986625985621e-01 1.757618604456519795e-01 2.096110479212499045e-01 3.887614216379481902e-01 1.303539452632520856e-01 -4.284669660867727187e-02 1.238713554515364357e-01 -5.430517504479454027e-02 -1.085316716198328618e-01 9.128323043055236452e-02 5.340929766792116423e-02 2.342512021884319770e-02 1.843268679675314492e-01 -3.296988499119890559e-02 1.702253469247023976e-01 -9.615884737214681769e-04 -2.859775734384580048e-02 -3.961027155711190351e-01 1.040442198166748183e-01 4.725921408742790597e-02 1.687388907317200482e-01 1.928841155528387974e-01 4.740021889442860847e-01 3.990373737760784523e-01 2.921124678837161981e-01 4.136584869386612101e-02 -2.013339999622277832e-01 -1.654674329701788515e-02 -1.086421735427478413e-01 1.914669295796072312e-01 1.342229010662492616e-01 9.744947021039622459e-02 -2.888524614432031942e-02 6.861281244305125759e-02 1.987491085900698062e-01 -7.905704419923920145e-02 4.502292187791439443e-02 1.679412668094266703e-01 2.895647296358551115e-01 4.389227876032117392e-01 5.388701653508692554e-03 1.075669706402039710e-01 -9.504222826970405713e-02 -2.014873908066699276e-02 2.611666415685400255e-01 -8.699947087279692737e-02 -8.888258962201170399e-02 -1.185500859172836929e-01 1.438447549218565234e-02 -1.603637882448741836e-01 1.099293095953090826e-01 9.709968305705547753e-02 2.080300419856760674e-01 1.208142129571398438e-01 1.542382441901702511e-02 3.434685400614790329e-01 2.233646542711989480e-01 2.536753315655871366e-01 -8.314627820506638456e-02 1.309068514691735276e-02 1.639655819775950596e-01 -8.788631180687825686e-03 2.288679578881408772e-01 1.581652308563798442e-03
1.439546775647597421e-01 2.304557830633664206e-01 1.425849977731046270e-01 1.242483301443031291e-01 -7.171767373806242629e-02 -4.002629062994381148e-02 2.554290299361300920e-01 2.998270996095083740e-01 6.094231122727231803e-02 4.253941454509982956e-01 4.908531487447105324e-01 1.000000000000000000e+00 7.830160166572810304e-03 8.751227435843461633e-02 8.530363905962051740e-02 7.548224020636408460e-02 2.115806139073589387e-02 2.013321981930970006e-01 -2.538562919414747744e-03 -5.531136641578781460e-02 7.888167256174284658e-02 3.275904444485753381e-02 1.069250275257713212e-01 3.712134526512533284e-01 3.113821344948238812e-01 3.441197962743630656e-01 1.032561733528231628e-03 1.580705406265822954e-01 6.143371861859711625e-02 2.645749083894179399e-01 -2.175702326674497644e-01 1.872856401168845053e-01 -2.350895718933218859e-01 -2.372512527047754005e-01 -2.266239988862662758e-01 1.932045762806124389e-01 -1.368751660957729654e-01 6.326295342228180352e-02 1.140986887378279552e-01 3.225492573326843027e-01 1.687309722397527939e-02 -1.084878124619687439e-01 1.014954047654221814e-01 -1.253666958868275040e-02 -1.194934580616608816e-01 1.414237602622439027e-01 -2.449171469806680698e-02 -4.450400049302692001e-04 9.634743221163263871e-02 -7.645841967116182025e-02 1.479080748116118893e-01 4.596699653365234062e-02 3.768136243751098180e-02 -2.178888538946127662e-01 -1.368697638757366067e-02 4.980432653529606214e-05 1.430725726192493552e-01 1.636335678399219451e-01 4.096089447392634586e-01 4.759655327706058259e-01 4.249929238447135993e-01 3.170074004627423253e-02 -1.598762293822688085e-01 4.634043405173046692e-02 -1.218370578139488236e-01 2.130329932640481760e-01 5.783012820036182583e-02 1.375907616804110216e-02 -1.508295406369397074e-01 -4.274726458480064550e-02 8.599542686949650239e-02 -1.576460881875978159e-01 4.709156087010100446e-03 1.677750097137999385e-01 2.676372175065377390e-01 4.759333456492507164e-01 -1.175858817357946229e-01 8.405852852203900272e-02 -1.805787183431306619e-01 -4.090010722065237636e-02 1.112156437178227902e-01 -1.637361419451213995e-01 -5.891916045059832074e-02 -1.683083703473566561e-01 1.734309755533208763e-02 -2.087831210254295911e-01 -4.305954584208215863e-02 7.471254600582499794e-02 1.915296560872031262e-01 7.437282751807768044e-02 -6.974302146108232736e-02 3.847100060047756731e-01 2.669623731663527955e-01 1.068676080860059691e-01 -2.213589909013325210e-02 1.649419575269690796e-02 1.382277767446859762e-01 -7.485839283482351170e-02 2.521749433027448140e-01 -4.306809050195464783e-02
-2.024725305940319187e-01 -6.273050607699769132e-02 1.006404044578443763e-01 -1.535530360696797936e-01 4.691848767592108477e-02 1.256019294167621536e-01 -1.829960668697551696e-01 -4.204700970252191888e-02 -8.496021352521090919e-02 -1.576113984066106199e-01 5.949004528787237706e-02 7.830160166572810304e-03 1.000000000000000000e+00 2.554950322317662281e-01 5.512431124005483934e-02 -2.222371862266964981e-01 3.473786598873128129e-01 3.204757247048579255e-02 2.125062857809068284e-01 1.118772594407695109e-01 1.193198309629499992e-01 2.497850416091334791e-01 1.428601953906624422e-01 -6.859943733122182696e-02 -1.140398740805789596e-01 1.169942032686886318e-01 9.370838360179083171e-02 1.316318251558632746e-01 2.596829716476948824e-01 1.920552994945315395e-01 3.736091493801092095e-02 -1.796211212913332300e-01 -1.481217548210929102e-01 2.740980482108836269e-01 3.045518336703977313e-01 1.076577898125482408e-01 2.408724340939361330e-01 -2.073691095282744201e-01 -1.527706236745187685e-01 -1.790458300762435284e-01 1.119876052264902888e-01 1.718243679789571154e-01 1.775400426199828519e-01 -2.594233888544281511e-02 -6.250492023719786405e-02 6.867480828093056044e-02 5.676853163736918922e-02 1.159015950792000593e-01 2.044853016564476475e-02 1.809639696819299592e-01 -2.259017759574131479e-01 1.171629635628690796e-01 -1.246236734315665784e-01 5.245259354135948376e-02 1.363842320095240146e-01 1.045577028745747206e-01 -1.941111581961265375e-01 -5.624525484499279249e-02 -1.946740955160126685e-01 1.054455914603538366e-02 4.915690591501869523e-03 7.389548896975278724e-01 3.486354994369799121e-01 1.219541460545025546e-01 6.056243993932932529e-02 2.230739556025055081e-01 -1.755288187993697957e-01 1.891520579786394873e-01 1.948457216357365740e-01 1.210010128764823084e-01 3.845609110451888440e-02 4.304386501169369383e-01 1.675647763613213326e-01 3.098301788542436389e-02 3.216519948570360082e-02 -1.205478153387853357e-01 1.958896108985706264e-01 6.783429223487695559e-02 -8.903299406729665855e-02 -1.569190488067910838e-01 7.389497567151599722e-02 9.603514202426843838e-02 6.464947479739741043e-02 2.197427909174056726e-01 3.474114865295112320e-02 9.565292564887518945e-02 6.008857359911391749e-02 1.712337503074328193e-01 7.549778331289860867e-02 5.070470082738562367e-02 -1.041888834468459452e-01 -1.945965561565180246e-01 -2.409472427184778942e-01 -4.829708374231878737e-02 1.312711511333882475e-01 -8.747068461799163697e-02 -1.294894836524186355e-01 4.285461583983447842e-02 5.360819135543737346e-02 1.093060735799051830e-01
-4.259721873585293334e-02 1.944587937624799312e-01 3.515194724540218196e-01 -5.673567278291020977e-02 6.050603258072166646e-02 2.628614999870657054e-01 1.452400964091948299e-01 1.221471313798986047e-01 5.217725768535941798e-03 -1.916635501808869324e-01 1.894272388066881585e-01 8.751227435843461633e-02 2.554950322317662281e-01 1.000000000000000000e+00 4.864170125357504815e-01 7.653435771464675574e-02 4.047067850331915739e-01 1.937372351273594084e-01 4.373590978562849618e-01 3.342362704275360450e-03 3.740953810212998554e-01 2.058649313780496204e-01 4.576577727126709405e-01 6.570751255939713542e-02 -1.616321802039863698e-01 1.566258513084691495e-01 3.537822067958001360e-01 2.461910549836008877e-01 3.959092858823911043e-01 4.645638604900793611e-01 -1.926058405270761678e-02 -1.437539629031726607e-01 -2.056558088287364083e-01 -2.464072981665531292e-02 1.390108938817851969e-01 5.188117201495402731e-02 5.900257333443167940e-02 -2.142476903736491578e-01 -1.138742930649102869e-01 8.304020647986129489e-02 -7.485955423757834244e-03 7.270948234430346657e-02 5.799888624496715196e-03 -7.651828135194682634e-02 -2.073711640356196151e-01 1.761407201501725972e-01 2.293080081886429977e-01 1.520859555547975361e-01 9.223378184408891067e-02 5.550097148875384606e-02 5.610146899052915331e-02 2.072315215845852709e-01 3.900619647637230264e-02 6.955823075694982094e-02 1.168000517756558471e-01 2.445723522888211543e-01 3.248442106735243556e-02 1.281864775943581530e-02 -1.363718600034878430e-02 1.177416543794827970e-02 4.761927168994469634e-02 3.196514231854710175e-01 4.183251550787058792e-01 4.303379998039482124e-01 3.769584977952151195e-01 5.407049768134579715e-01 -5.249500316224490343e-02 3.719554571784255970e-01 2.477845341631655651e-01 2.290581985657811070e-01 3.447513605090688493e-01 4.171716317730826962e-01 4.253483728219727977e-01 2.351402785997869782e-01 2.823152648061815762e-01 3.611728477996801329e-02 4.335525270286978428e-01 3.368192511208142892e-01 -3.033823263266613099e-03 -1.153952763792432945e-01 1.264083897939295154e-01 -2.353250329367816696e-01 -2.224780202715797850e-01 -1.204190651827695586e-02 9.523618433949793127e-02 1.854349977469967048e-01 1.798845665160239415e-01 1.484251664415724425e-01 3.440441039303807069e-02 -1.415534864524062297e-01 -2.940776837776142294e-01 -1.772514335296196120e-01 -4.244066769199444922e-02 -1.190565878134423605e-01 5.188381825659028890e-02 -1.319498965818821923e-01 -5.290655961584274369e-02 1.088656762686695950e-01 9.615056357105954132e-02 -2.100495617432846310e-02
-1.245145585885798628e-01 1.983724871502626774e-01 2.933811827754069790e-01 1.883805840180921912e-03 -2.762959910519815487e-01 3.154121667878956314e-03 1.001850804973760944e-01 -3.853443701218159378e-02 -1.734497258864159952e-01 -2.000808156665672410e-01 1.523886329878808288e-01 8.530363905962051740e-02 5.512431124005483934e-02 4.864170125357504815e-01 1.000000000000000000e+00 9.782961262349385012e-02 2.709760953468924871e-01 9.672456682911498294e-02 4.100790268819319295e-01 2.328699682513437896e-01 4.540349726198066871e-01 -2.050480432630760394e-02 5.380474726096324822e-01 9.134981807366449047e-02 -2.815655730808447887e-01 -2.587480451089154386e-03 4.202063031056639253e-01 4.532339903279511417e-01 4.871112326362968536e-01 5.000183034839836838e-01 -2.362857453917499295e-01 -2.902474404132883157e-01 -1.029528100654921730e-01 -1.133338182474418615e-01 8.876389933553945066e-02 1.746476418328914981e-01 2.672250581242421874e-01 -2.041435078647733659e-01 -1.540762706694698003e-01 -2.016604509834277539e-02 -1.418481393802689117e-01 5.019919604275283054e-02 -8.871221673724037637e-02 -1.404955648630049070e-01 -2.825296734625911688e-01 2.592399067861943518e-01 1.594196522265967642e-01 1.618027999231194114e-01 -7.471867225478374952e-02 5.967802342715423231e-02 7.461281077558713781e-02 9.157624352938065204e-02 8.573991814408986334e-02 1.783223145940187881e-01 -2.030760964748593023e-01 4.868221062652013098e-02 -1.714973792277717235e-03 -2.642033929665592584e-01 1.979037986267257951e-02 -1.256303172504430743e-01 3.772898765789996223e-02 8.123945692177689248e-02 2.354181222326250378e-01 2.356570415962603027e-01 4.706956217652549235e-01 6.211021417290047975e-01 -8.781978381062902073e-02 2.705132019799049714e-01 2.738956018763775146e-01 1.258206510728674121e-01 5.466295823748910099e-01 2.501253943398914492e-01 3.683065307375838482e-01 1.820050388005452768e-01 2.139466197292553828e-01 -4.374246062515070588e-02 6.654228945524741645e-01 5.240890666459266933e-01 -1.158292683285837843e-01 1.759886823598818704e-03 9.013336098189857204e-02 -1.356820471332071121e-01 -1.182853450304641035e-01 2.995162550643084773e-02 3.576335405306367288e-01 2.491075693362970189e-01 3.963789472743397546e-01 3.171526150001086619e-01 2.600344573285737759e-01 -1.077957857891150284e-01 -1.407990952247244187e-01 -2.029725635454638355e-01 3.648289997292276932e-02 -2.028059745519482926e-01 1.009894123215464290e-01 -1.759986770534810729e-01 2.374852000815697028e-01 2.234829202216551958e-01 -4.460220037407799237e-02 9.312428381793211307e-02
