1.000000000000000000e+00 -3.141833018973296671e-02 6.483279146050688890e-01 2.041835050661430229e-01 2.459363057702257105e-01 -1.990918473552111094e-03 1.958966232814763342e-01 1.844284651041915024e-01 3.121287669384636976e-01 1.709661504320641734e-01 1.729798486128354962e-01 1.058257374887139890e-01 1.331507944306300761e-01 7.857383894728972584e-02 -6.588728207702852779e-02 1.953024436147037246e-01 -2.032052905761628711e-02 6.675607050583663715e-02 -1.067239279325399998e-01 9.705997946715144709e-02 1.127005044032986236e-01 9.450961244285900620e-02 6.148641901842109847e-02 2.491249882071888411e-01 -5.004775715593669932e-02 7.213111643987922539e-02 -9.215008605791856142e-03 -3.795852981123536835e-02 5.482351606122776166e-02 -1.130285233421893104e-01 -1.413979371361502868e-01 -1.236051349687804701e-03 -8.354815428449111070e-02 9.575301149076226315e-02 8.198729190535916644e-02 7.808118571598090217e-03 1.355288556248073761e-01 4.789318106943749598e-01 1.490710057075989893e-02 9.455941157779478023e-02 3.495942196266920710e-01 -1.511357463828838787e-01 -2.841255198715149366e-02 6.184709539970231762e-02 3.444611460725337942e-02 -6.541940049615496688e-02 6.688375571167544387e-02 1.324365271643475339e-01 1.014775471244617755e-01 1.669976389862893040e-01 4.340696662958397067e-01 1.784532742792509508e-01 1.281751782289383967e-01 8.111866594914027284e-02 3.895183913052641111e-01 -4.664087498536229059e-02 2.151791348829583395e-01 2.712011321400096264e-01 1.885938244096371785e-01 1.274063999024047655e-01 1.801145652244581508e-01 -6.103688923402316585e-02 -1.444470565545563356e-01 -6.127982651833554367e-02 -3.450287620239367997e-02 -1.749961994128480525e-01 2.128775277694392731e-01 -6.574400430770258041e-02 -6.439704522262947040e-02 5.097095288467817786e-02 -4.709719783273473570e-02 9.228549244856652789e-02 -1.154256684491054424e-01 6.231241828866572463e-02 -5.486719803459932931e-02 9.401057656987239775e-02 2.544022531372144846e-02 -1.766172446092231507e-01 -2.676778348317696010e-01 -1.221139875179652057e-01 -1.688843650214543191e-01 2.797033706420778629e-02 2.118733478146738597e-02 1.064128002516636640e-01 -7.127667099216253299e-02 -1.268401985642693686e-01 7.347831180000548301e-02 1.464037268407867853e-01 4.531675899269257263e-02 1.946903366644893718e-01 5.043592809815706374e-02 3.407039431805240770e-02 -5.162386499947971275e-02 -5.528441734364157589e-02 1.877530176397102513e-01 8.112575134647655173e-02 3.673616678129380114e-02 6.785197884621316233e-02 4.684228571266451507e-02 4.137081413611922720e-01
-3.141833018973296671e-02 1.000000000000000000e+00 6.567368582409981170e-02 4.503245287318577428e-01 3.081719998584815934e-01 3.029113060891049924e-01 2.718462133715225937e-01 1.572453358648809862e-01 -5.340204968618116055e-02 -1.068203707992500121e-03 -2.880695075711072611e-02 -2.497562703543544996e-02 -2.283586765637534988e-01 -3.093910046696587979e-01 -2.728620905242978290e-01 4.835500976524868127e-02 -3.928633744240514654e-03 -2.318374780602774632e-01 -2.220520030305872528e-01 -3.358555948585040252e-01 -2.110811686917710706e-01 -2.165528757109735913e-01 -1.755191537613267072e-01 -6.595879216732722372e-02 9.984522104227322448e-02 -8.212270891601780587e-02 -1.627272468033039154e-01 -2.916501254444309743e-01 -2.077122788257800279e-01 -2.216045455097815364e-01 -8.763831017705368820e-02 9.093574904818178817e-02 8.295179337936253727e-02 -1.849192036721074295e-01 -1.008727848161312390e-01 3.558784831079234851e-02 -1.044635538168350308e-01 -6.301714128190089026e-02 2.174102682051866613e-03 2.274146013613002615e-01 -8.701050249427061400e-02 -6.795437908766187307e-02 3.007890596532530533e-02 -1.948359709938526363e-01 -6.784195144841723146e-02 -1.094975609107849135e-01 -1.235941524043501216e-01 -6.674939264905356551e-02 4.819845019902716660e-02 2.001521412822372670e-02 7.392980363942983774e-03 4.792611217670480483e-01 2.612174737482733655e-01 3.808411200409075881e-01 2.942934558578273463e-01 1.400398463268440197e-01 1.276190745437221497e-01 1.136859709330928225e-01 -1.303166886349576281e-01 7.748065766645503318e-03 -7.109217306286595706e-02 -3.064062159515893446e-01 -2.425890757076754056e-01 -3.123697915867025832e-01 -1.833322719218422325e-01 -2.723744114836451624e-01 2.124161514436855025e-01 -2.775726465281234678e-01 -2.635183539669412878e-01 -2.348926275793403184e-01 -3.408553897632772833e-01 -2.815243485237916565e-01 -2.348809168707466921e-01 4.013088046230866429e-02 -2.584143161697036086e-03 -3.555618422295745568e-02 -2.848236431380341549e-01 -2.003821583712240006e-01 -1.384541648013264646e-02 9.620794239064058007e-02 -2.663504739153952361e-01 -2.106590677420750179e-01 -1.303350877906083727e-01 -1.119536585772868548e-01 -1.812828630613737835e-01 -1.622270917437592108e-01 -2.902008819391028310e-02 -2.010389896573965274e-01 -4.127880509000384640e-02 -2.132902553784251504e-02 1.498852804269557859e-01 7.507651597010443767e-02 2.778244370021644150e-01 8.522228814990591428e-02 -6.101522367302774502e-02 9.019183317952410989e-03 -1.164234318109654692e-01 -1.359639060880439010e-01 1.548930118185596339e-01 -1.070847776396173651e-01
6.483279146050688890e-01 6.567368582409981170e-02 1.000000000000000000e+00 2.193042082791032132e-01 4.961095446290889055e-01 1.938632588881890328e-01 3.438965420985812260e-01 3.233064270249565442e-01 3.594772680749546145e-01 1.254168107844330915e-01 3.163032392810095211e-02 1.681544680022963034e-01 1.142563579630503784e-01 -2.424842411568907743e-02 -1.898175675006375240e-01 2.461560055744210496e-01 7.028506794645594802e-02 5.191524891632268157e-02 -1.330304622391428049e-01 -3.013538153981251428e-03 4.015466883336243215e-02 2.673511204286016518e-02 -8.187045318932335836e-02 2.687651682228498484e-01 -9.351483780982688954e-02 6.909691491606997915e-02 3.852331074743590295e-02 -4.663028307627423152e-02 -8.159332064574435772e-02 -2.635623495665623817e-01 -1.166896223709570635e-01 -3.942744349501918488e-02 -2.813763542937461892e-01 1.051214441856393109e-02 8.531215886751117305e-02 1.105437877973203392e-01 1.682071385259930468e-02 3.523786120447816583e-01 3.426997220751694471e-03 1.959303752985005198e-01 2.913654023316969988e-01 -3.733878198368104084e-02 -7.015697566743075986e-02 -2.670215425841623857e-02 5.841805267900228998e-02 -8.527997884102114790e-02 5.637720820274864236e-02 1.807578907294131541e-03 2.126883700097906976e-02 2.601793440054358530e-01 4.103082637895905105e-01 2.979045228999559480e-01 1.914516307350023760e-01 3.406751783421540503e-01 6.165490177229255853e-01 7.752621455249114613e-02 4.100954821503189351e-01 4.506824514532548065e-01 1.088266528539905686e-01 -2.720919540949253215e-02 1.790855058610776318e-01 -7.797659331151102213e-02 -1.623895124135842361e-01 -1.261631272264715775e-01 -1.239522325250924234e-01 -3.015030253072348843e-01 3.843659478801296769e-01 -1.255832225603347174e-01 -1.126860178388226635e-01 -6.264141698702997696e-02 -1.760555623931821523e-01 1.036372328524940434e-01 -2.368914918181475315e-01 1.771365378713198047e-01 -3.593678088017980554e-02 1.239640744505801223e-01 -8.576231001873482751e-02 -2.109355002927812694e-01 -2.343747191146232089e-01 -1.586036686743763080e-01 -1.551551683413213700e-01 6.799372228193410923e-03 1.995004531312977863e-02 9.283869331399777214e-02 -1.992170511293329255e-02 -1.611579341773130836e-01 -1.275084180433937696e-02 1.851259118279124094e-01 7.189136192678013959e-02 2.873564755027019912e-01 3.196227387987859297e-02 1.760634470279105052e-02 8.259112143158357788e-02 -4.601952380643001272e-02 1.710714408197138992e-01 4.254088351014121555e-02 4.584305656989468708e-02 -5.286005217007912205e-02 -8.546472280988955117e-02 3.356585284399970504e-01
2.041835050661430229e-01 4.503245287318577428e-01 2.193042082791032132e-01 1.000000000000000000e+00 1.316598301417834793e-01 1.517472614778143936e-01 3.147445083939786059e-01 2.420920214053048358e-01 1.265742100096891795e-02 -2.147523261254183358e-01 1.789361565440120982e-01 -9.410554422446876233e-02 -2.063951025231140213e-01 -2.626613021492144040e-01 -2.411220825203556628e-01 4.475638636687101490e-02 -1.417667726658324578e-01 -2.390892642338879603e-01 -1.487030791598564217e-01 -1.757439302340050025e-01 -3.173303527630920440e-02 -1.489669062471356276e-01 -3.581957211267945002e-02 2.527291149760559769e-02 2.534699184454634793e-03 -5.960532692075876104e-02 -1.127967546571033014e-01 -1.524597565155127732e-01 -1.036404243377022499e-01 1.439040695979778434e-02 -2.393374107032611997e-01 1.451573430104571016e-01 -7.836062863430784398e-02 -1.663793757980357724e-01 -6.672630133875304126e-02 3.320344525319265244e-02 6.809319302853493461e-03 2.334717087779673850e-01 1.056434329069243505e-01 1.262291168878741932e-01 6.946446187311278164e-02 -2.401346748558348954e-01 2.676189175514864099e-02 -1.354809355299898821e-01 1.174137789716416663e-02 -1.033441582674145265e-01 -1.049993766170304876e-01 -1.032048108140479030e-02 2.572263080981890271e-01 9.874343327258476577e-02 2.067226546366271178e-01 2.945761987109933866e-01 5.821745890278487434e-02 3.004173282960582170e-01 2.269095517083983271e-01 7.374021948180561892e-02 2.084752196841179184e-01 1.752477542582769054e-01 7.745371473617818081e-02 1.167062942850485840e-01 2.783883542658681723e-02 -1.114235422334099446e-01 -2.550567509664961596e-01 -2.625180853913794965e-01 -1.262171498080523757e-01 -1.268855903351724101e-01 1.092616692777539089e-01 -2.640276839650732565e-01 -1.513659589745625089e-01 -1.996302817795579318e-02 -2.088691053131626063e-01 -1.252788096929996209e-01 -1.838918624277501301e-01 7.141978916909436093e-02 1.066693333831570945e-01 2.730369519528101988e-02 -1.731855163636718542e-01 -1.418296688203281586e-01 -1.981812007146659116e-01 -1.319276814772524752e-02 -2.236284248790360585e-01 -5.436503653921260365e-02 -8.846186947320382188e-02 2.894973955945399913e-02 -1.739153261907750436e-01 -1.258907431409579947e-01 9.425381588961057044e-02 -1.907339550126537220e-01 -6.471638804909800313e-02 -3.715162057729023276e-02 4.056523525205914249e-02 -2.427135490476962573e-02 1.349736127748866199e-01 8.777131649051145290e-02 -7.866237072142137632e-02 4.567590092842724325e-02 -1.081451413844800868e-01 -5.271544586953506861e-02 2.657333086467711936e-01 1.404280822688432073e-01
2.459363057702257105e-01 3.081719998584815934e-01 4.961095446290889055e-01 1.316598301417834793e-01 1.000000000000000000e+00 2.907630284026875844e-01 3.310929515915531640e-01 2.036243068892642782e-01 1.243707944595752318e-01 1.012946618040223845e-01 -2.829783685611977351e-01 -2.424364873766265277e-02 6.983363542691543857e-02 -1.503262433025876199e-01 -2.860366980597052744e-01 3.002358420888047164e-01 1.703143987653694680e-01 -1.249399672996545085e-01 -2.541257718887310335e-01 -1.902261203624185382e-01 -1.238536647439660437e-01 1.321182802149687731e-02 -2.542779354118203106e-01 -1.227240855311778449e-02 -1.006062182773794639e-01 -7.700691750798265012e-02 5.213738901897261441e-02 -9.210516345008566697e-02 -2.242890455835335195e-01 -3.605667932224820293e-01 -3.950620050100024996e-03 9.751106507573029233e-04 -1.038369045045290234e-01 -1.118707513452733282e-01 8.681027683932285299e-02 -4.254913097355197266e-02 -7.891676772070729817e-02 8.811150629560327019e-02 3.865254106048704452e-02 3.472872970729865005e-01 3.425953262140461059e-02 1.350202030466407521e-01 2.132303109451332002e-02 -1.098607768965388642e-01 1.350089778111246940e-02 -2.042898631615752345e-02 1.927920691504041856e-02 -5.315365901082071826e-02 -9.644218452094709126e-02 1.974204980515369134e-01 2.098834921138128251e-01 3.686060849657535332e-01 3.796760950266496182e-01 5.745944858567246794e-01 5.339930508167880507e-01 1.460961015283360198e-01 3.090461625292720282e-01 2.567189931877670861e-01 -1.777784373396027184e-01 -2.578850989773260327e-01 -7.978358220609051144e-02 -1.800588264450950493e-01 -2.620144204172245583e-01 -2.286825104586151791e-01 -1.915657211417254591e-01 -4.388482063238140496e-01 3.872418690161237853e-01 -2.236769846790740424e-01 -2.472280797841132360e-01 -3.214147322512221905e-01 -3.245720600504133913e-01 -2.125310503022877565e-02 -2.921358989261053640e-01 1.267605660040882765e-01 -1.799604673455279524e-01 -9.087067547796943978e-02 -2.398421596295518265e-01 -2.835068675235474234e-01 -6.031761790218696101e-02 -1.222263500711628786e-01 -2.595453416355363307e-01 -1.651545966016136902e-01 -2.918333805245776694e-02 -4.859913794395308989e-02 -3.475081400666392949e-03 -1.344789368236685712e-01 -1.123313480153633331e-01 3.646937824201720163e-02 -1.080287103493191708e-02 9.931042513793290893e-02 3.794282646879232335e-02 -2.563999841223263323e-03 2.321371941191033850e-01 -1.064256452619231491e-01 1.093708131865035564e-02 4.256051207159392002e-02 2.561124409336179575e-02 -1.582299458855365715e-01 -1.305112294401527262e-01 2.212597576941505162e-02
-1.990918473552111094e-03 3.029113060891049924e-01 1.938632588881890328e-01 1.517472614778143936e-01 2.907630284026875844e-01 1.000000000000000000e+00 3.902674610139392208e-01 4.353713763334029485e-01 9.557209915373365838e-02 -5.898875248940132349e-02 -1.278796325834991587e-01 -3.285990952793221842e-02 -9.078155015605535172e-02 -2.759510722276138361e-01 -3.468318614036826619e-01 1.643990390903610765e-01 1.252300479209188244e-01 -1.107340992796222029e-01 -2.401273885443319378e-01 -2.589339479671887712e-01 -1.102947645546799998e-01 -6.101788423025468477e-02 -2.028682966468993432e-01 2.187173866240101766e-02 2.319887828066605762e-01 -1.199871843499455970e-01 -7.999459904365445462e-02 -3.092771247669698353e-01 -2.497049009890198734e-01 -2.922746720490846384e-01 -2.354338356194515813e-02 1.909403105636336695e-01 -1.037117054144391787e-01 -4.822823695058642279e-02 -1.738952549583512239e-02 1.319870409994893801e-01 -2.152987173604604676e-01 -1.564291416728441977e-02 1.715072623930738449e-01 3.751259897605833671e-01 -5.975461379670279211e-02 -1.289395869115114168e-01 -1.757545685109900002e-02 -2.986184476309296509e-01 -3.359566835502016818e-02 -1.130932328052321190e-01 -6.399534957234376265e-02 -9.435264048655106484e-02 2.014975654221091289e-02 4.311537778514797775e-02 5.139889644328655971e-02 2.897112168984528613e-01 1.912846327155165727e-01 3.540685811999319532e-01 5.378583857027986470e-01 4.306251031937046725e-01 4.837218195474211613e-01 3.520144306976378812e-01 -8.574108332400991184e-02 -1.571981278841705354e-01 -1.075737185600769870e-02 -1.609803591483630059e-01 -2.268768229951841076e-01 -2.596719491359925636e-01 -2.700296484440317668e-01 -3.039148325107461357e-01 4.469414525499156299e-01 -2.886192122737780696e-01 -1.454149132689288859e-01 -2.152019674792636506e-01 -3.960037241663321161e-01 -1.747073357879366517e-01 -2.060094053154615801e-01 1.802593774234008128e-01 -4.323195029061061706e-02 1.077062536247826718e-01 -2.364582815123833226e-01 -2.156994782772461705e-01 8.523224075504923225e-02 5.158688925344279315e-03 -1.817243922926677913e-01 -8.245715503730000062e-02 -1.704056282623173935e-01 -1.402479921292579534e-01 -9.732851514598452047e-02 -1.814188897223982244e-01 -1.263825473920119624e-01 -1.890144162085072854e-01 7.326036666613759685e-02 9.321041481221510605e-02 4.482106015397932519e-02 1.614459375349520387e-01 4.411667144107305205e-01 1.195655869608151650e-01 -3.752439039856205610e-02 -1.005124275053195376e-01 -4.913513049002988381e-02 -7.838855911415677780e-02 4.655128348833884044e-02 -1.065977429249717751e-01
1.958966232814763342e-01 2.718462133715225937e-01 3.438965420985812260e-01 3.147445083939786059e-01 3.310929515915531640e-01 3.902674610139392208e-01 1.000000000000000000e+00 5.575638903274950930e-01 2.768980170980880340e-01 -8.673339412360142955e-03 -1.450433333228757782e-01 -9.828554291837544865e-02 -3.044596068973713307e-02 -2.329127202217366466e-01 -3.292061279183279288e-01 2.890271727575115523e-01 1.872421436402847694e-01 8.930217862211953586e-03 -2.195970819036583421e-01 1.686128519543763846e-02 -1.744950415974069191e-01 -5.203087657063882460e-02 -1.333686464636636704e-01 7.801974274245050689e-02 1.656695118753585549e-01 -2.567457598576525224e-01 -1.899406795242834511e-01 -2.938755009585180544e-01 -6.489806299506616083e-02 -2.128464803853392651e-01 -1.153145917232635959e-01 3.456766190876164185e-02 -1.897477243985234152e-01 4.641747329489331192e-02 -8.913038246395550701e-02 2.258121780899862430e-01 6.007423780909552924e-02 1.417088303841398111e-01 1.178977247426331448e-01 5.413003615657516754e-01 1.568388471269115680e-01 -7.040718523833887355e-02 -1.704524700721615493e-01 -1.951433901439726948e-01 -1.277262615154962366e-01 -1.379118851469802176e-01 -1.781428438725242147e-01 8.537693627449004924e-03 3.039944344580667868e-01 2.571112485354660193e-01 1.257790767574671342e-01 3.777075428240659893e-01 2.761315589837281537e-01 3.775458425212001590e-01 3.976702747856556419e-01 2.755946284928815770e-01 5.187475405255890237e-01 3.681444371984547437e-01 -1.028212277117273171e-01 -9.754288173952653518e-02 -1.395259275948861344e-01 -6.968688161424553551e-02 -3.617476751451834116e-01 -2.932295183413993200e-01 -2.412626563043709371e-01 -3.062129347599688023e-01 5.192154227742898920e-01 -1.658664837225963529e-01 -1.284772096352202464e-01 2.400582414168427395e-02 -2.611083126799726428e-01 -1.130242501737042937e-02 -2.226059946142864565e-01 2.678861504283887585e-01 4.508882216754461075e-02 -1.493557981455359007e-01 -9.789180075284562021e-02 -2.183129826719318878e-01 -8.564302605526784296e-02 -7.070297743956260872e-02 -1.341824572882962530e-01 7.036716514544946732e-02 -1.720571063963829972e-01 -1.291007495542179084e-01 -2.335055949715444668e-01 -2.256983785471995407e-01 2.031798509988243240e-01 -1.289644609889618043e-01 2.497939769774712993e-01 6.008184613549877318e-02 1.863646946379981725e-02 3.208671714054357055e-02 3.151647448477927216e-01 4.443073078455968966e-02 -2.199641004308174885e-01 2.543728294759852598e-02 -1.340181341839364604e-01 -4.080872531989312990e-02 2.546400570258289808e-01 1.814279967154122375e-01
1.844284651041915024e-01 1.572453358648809862e-01 3.233064270249565442e-01 2.420920214053048358e-01 2.036243068892642782e-01 4.353713763334029485e-01 5.575638903274950930e-01 1.000000000000000000e+00 5.340203135352438180e-01 -2.377690375481453580e-02 1.867118776042981099e-01 -3.833594031461520779e-02 9.892560428487750385e-03 -1.656870184693586545e-01 -1.905230016637403656e-01 3.716046796803429419e-01 9.657908085677281707e-02 1.178268713373679111e-01 -3.136629380496011588e-02 8.264586737931718663e-02 -9.186287587048755365e-02 4.608231997178253991e-02 -2.995618337836413597e-02 2.926475201032029960e-01 9.204957617510647894e-02 -8.594095187448193285e-02 -1.891496019165614106e-01 -2.564548453962749441e-01 1.013328174402682164e-01 -1.142290369946176998e-01 -2.189868190978132012e-01 -1.892475697076921315e-01 -2.754880499100244018e-01 2.195468338609233017e-01 -4.856923489150403311e-02 2.458289736821373528e-01 3.736389354188601047e-02 1.137870491367744680e-01 5.916103948540960694e-02 2.156666962694477607e-01 2.093757494298238431e-01 -1.537387787416432672e-01 -1.700611963390168402e-01 -3.110780815432632740e-01 -5.579233089653365396e-02 -1.613519120584137878e-01 -1.499373467031078766e-01 -7.051344593924351034e-02 4.602184825600333928e-01 3.272284519900111460e-02 2.160467872727706296e-01 3.486582968518640024e-01 1.864300179246529410e-01 1.937164720180328537e-01 4.709411902385808868e-01 5.366400577731237354e-01 7.410297996109942442e-01 6.165102653186332882e-01 1.940890625120203494e-01 1.306466699099102791e-01 1.110668343989729134e-01 1.071214485907591857e-01 -2.727310007797605351e-01 -1.980778696087443780e-01 -2.360331929699062414e-01 -1.354747514332914904e-01 4.146924802988515846e-01 -6.275352710420931124e-02 6.393309636748195635e-02 2.666212836395364660e-01 -6.960918918596147031e-02 -1.468464644850618790e-02 -7.218585532041424391e-02 5.056241785956151480e-01 2.353720043967685027e-01 5.522223491790335254e-02 1.170150154528302594e-01 -7.479316700273591634e-02 -8.412070276582063466e-02 -3.166413666880126820e-01 6.521236792672173432e-02 2.262401441591422313e-01 -1.924698692016364454e-01 -1.781391022906848864e-01 -2.760082576700431667e-01 -3.219981049077947355e-01 1.644627670826080412e-01 -1.758513334091114100e-01 2.887883004622192051e-01 2.069163959034310829e-01 -2.149015351253088235e-01 -1.177073071663709419e-01 7.661817075323740234e-02 3.144838531541344767e-02 -2.098842355516774838e-01 -1.557802014180233730e-01 -1.391203121363412953e-01 -7.580361703380855166e-03 3.737665372381213658e-01 1.537615767941186706e-01
3.121287669384636976e-01 -5.340204968618116055e-02 3.594772680749546145e-01 1.265742100096891795e-02 1.243707944595752318e-01 9.557209915373365838e-02 2.768980170980880340e-01 5.340203135352438180e-01 1.000000000000000000e+00 3.725875848066730889e-01 1.411718564517602803e-01 9.765521054658526934e-03 2.658016383203722355e-01 9.942638542691052683e-02 -2.063446122078258990e-03 2.137128211382577914e-01 2.178925133300104178e-01 3.316016805202361972e-01 -1.053579770319783629e-02 3.000541596583891080e-01 1.279365815753301383e-02 1.246466164492738005e-01 -9.665122567468951986e-02 4.125578397292751220e-01 -2.082775682222835073e-02 -9.584019888446666802e-02 -2.253434777096141872e-01 -7.071059475866750543e-02 2.939710640616181037e-01 -6.633483068744611133e-02 -2.806279062716916517e-01 -2.449974906347707204e-01 -2.211246954111566465e-01 3.287067982384284104e-01 -3.414862565988632803e-02 2.278563786252113532e-01 2.325951112771078022e-01 7.784180201729698489e-02 -8.546684084852938790e-02 1.846646090823504324e-02 4.082026844285283618e-01 -2.090366374796008841e-01 -3.896890594321659185e-01 -1.964399361481203587e-01 -1.667284779335543865e-01 -2.065014043946226119e-01 -1.462280312480191136e-01 -2.477796577658846963e-02 2.830937100044629839e-01 9.315687717234721887e-02 1.647289217285057839e-01 1.641913339727051335e-01 8.254526780250395768e-02 -6.726559342155082055e-02 3.568509050981343300e-01 3.267792181791749351e-01 4.258330335763589325e-01 5.747992050786036033e-01 2.844167074675111873e-01 1.329236938282750691e-01 1.163581439241078430e-01 1.514414129778808571e-01 -1.750916370258691693e-02 -6.386562052167804072e-03 -2.039500361242428846e-03 -1.109255222964354581e-01 3.286330859979342267e-01 2.156616473466784201e-01 1.215256480669435341e-01 2.853162663061598603e-01 1.518198802763225941e-01 1.603171321580569297e-01 -9.974397718654566536e-02 4.119283164814258602e-01 2.301307957356046041e-01 -7.570597962004728398e-02 3.106725273713033530e-01 -6.937392431702657514e-02 -2.884075909438716390e-01 -3.822125517788658722e-01 2.163330271293369134e-01 2.942700975699270582e-01 -1.704372357689793727e-01 -6.566805956857410531e-02 -2.242101027762884724e-01 -2.574325963132898520e-01 2.046944441794576741e-01 5.278548305247536543e-02 1.810299529466252444e-01 4.086574308467282313e-01 -1.575202367790314861e-01 -2.649259575655615317e-01 -1.397926737510057360e-01 -3.033701434618910620e-01 -1.437408878020874914e-01 -1.515814452377497457e-01 -1.533972092737959092e-01 -9.179555972882175174e-02 2.002648109133509935e-01 2.961944370688153749e-01
1.709661504320641734e-01 -1.068203707992500121e-03 1.254168107844330915e-01 -2.147523261254183358e-01 1.012946618040223845e-01 -5.898875248940132349e-02 -8.673339412360142955e-03 -2.377690375481453580e-02 3.725875848066730889e-01 1.000000000000000000e+00 -2.241535760072994599e-01 3.247156682130443450e-03 4.610687310668521999e-01 3.125157320677596773e-01 1.430492383056845285e-01 7.570205811212796232e-02 4.312521926604915845e-01 2.364709147218911622e-01 -1.527090760972138750e-01 1.620868584329974438e-01 -1.438653505910804098e-01 3.461899926312921316e-01 2.525432805331237832e-02 1.391645830042977372e-01 2.348469166835584210e-01 -8.826866898331527100e-02 -1.054192254735193818e-01 7.256836646747179265e-02 1.233406864714102352e-01 -2.713645536812076334e-02 -1.763473331844672976e-01 -1.042400492865691863e-01 1.810652999574622474e-02 2.088380976146156087e-01 3.053373350732214719e-01 -1.367949641324962551e-01 1.309635194976377925e-01 -1.381408011928037805e-01 -1.416733533855301097e-01 7.588514458093122139e-02 9.154805817565500603e-02 1.098919784890279999e-01 -2.998235027727820801e-01 7.469613604768506922e-03 -1.126614830169960640e-01 -4.032684083495501060e-02 5.848744847449328932e-02 2.093574132354544537e-01 -1.976440554646745340e-01 -1.277554555766854671e-01 -7.886007515866595707e-02 -4.687608329904687648e-02 7.365851410953087874e-02 -1.512977163010792159e-01 1.506842020493196210e-01 1.286651537118503330e-01 -8.447997374566933171e-02 5.206983933864830355e-02 4.583782734239307162e-03 -1.953240685053216907e-01 -1.431207338385290795e-01 9.001044518470503741e-02 5.348413983016065548e-02 9.802655401801334267e-02 1.410932438156312823e-03 -1.420129051897296157e-01 9.045482802584697835e-02 2.673180707441966120e-01 -9.052278222339733837e-02 -1.230810972705130152e-01 8.693540611369370008e-02 1.597343759900024529e-01 4.880962475106995213e-02 -9.700104369113844716e-03 -1.007279422720716022e-01 -1.629191848735427328e-01 1.543295274457168187e-01 -2.174227793545376736e-02 -2.101573914171454560e-01 -2.618236598814111527e-01 1.362220492877837252e-01 8.628737706443651012e-03 5.584961958940062171e-02 -7.684037500781187684e-03 -1.877728930966028262e-02 -1.441958253356155073e-01 2.792665825050903369e-02 2.178768142543794639e-01 -7.887625070476945999e-02 6.553798207861682990e-02 -4.882491691882178547e-02 -1.434190746678306871e-01 -4.520521312205343090e-02 -1.534103857349362054e-01 -3.366060949501786803e-02 -2.637965618135657692e-02 3.483197489961906146e-02 2.564597068227658302e-02 -1.630401262594147471e-01 -1.533221012385353466e-01
1.729798486128354962e-01 -2.880695075711072611e-02 3.163032392810095211e-02 1.789361565440120982e-01 -2.829783685611977351e-01 -1.278796325834991587e-01 -1.450433333228757782e-01 1.867118776042981099e-01 1.411718564517602803e-01 -2.241535760072994599e-01 1.000000000000000000e+00 3.319976615933777908e-01 -7.919511053574027071e-02 -9.489686657680293513e-02 2.877384141535268419e-02 -6.433097833765895335e-02 -3.289113691600392131e-01 1.268443449324713722e-02 2.727375617430445875e-01 3.834685473571425307e-02 1.374107291357980210e-01 -3.268723226525042241e-02 9.929009706103522626e-02 3.382989199304089478e-01 -1.016269648620486549e-01 5.016165526204470204e-01 -6.963548017753269648e-02 9.780751864952114127e-03 2.079195348577912716e-01 1.295087364178666989e-01 -1.443016208621810403e-01 -2.358737004867923481e-01 -2.233094087729269595e-01 4.033068797643003800e-02 -8.014685115875162802e-02 1.003939985606719237e-01 3.336932550038863854e-02 2.664840588158478019e-01 -2.700237006222335964e-02 -3.095751189789567315e-01 2.080532716675029536e-01 -1.637709208550615081e-01 2.064205299081734168e-01 -6.667987364247233983e-02 1.780634075326293086e-01 -4.642854608770908414e-02 -1.217394449860165345e-01 -1.917866989473498984e-01 2.825572375365760225e-01 -1.247450752354132553e-01 2.092925659177769238e-01 -7.357612727140114273e-02 -2.460322092751863199e-01 -2.806416053463942628e-01 -7.474459763521590361e-02 1.025999943644865554e-02 9.811159115776706130e-02 2.015208886560354573e-01 4.795827238667099146e-01 5.840183711630860808e-01 5.319089943435276746e-01 1.095040447622116775e-01 6.478373538860432435e-02 -8.199478554352271353e-02 -2.569737821441684181e-02 2.351318625631525494e-01 -1.816895720200919218e-01 3.085095960033057763e-02 1.984201148309882590e-01 3.590580768347978458e-01 1.536904516633145201e-01 -8.050897525287184497e-02 5.493082431148148953e-02 1.726394961988878540e-01 2.570941220574974317e-01 3.744036114933227410e-01 2.048692698345626062e-01 2.282241746086786094e-01 -4.304403424563747749e-02 -1.414862029437203850e-01 7.238242772687576709e-02 8.831302989375360013e-02 -1.078288286343590842e-02 -9.462101547285042694e-04 -1.394428970450283800e-01 -1.422002330722282881e-01 1.188555366857209222e-01 -1.119154379646214309e-01 1.302322497158563686e-01 1.396445377654207676e-01 -1.959149885346155029e-01 -1.460123230792458038e-01 -3.844173901099579571e-01 2.966737613405418320e-02 7.221853973029658535e-02 -3.867409239929023301e-02 -6.862103372043008853e-02 5.431748279639657395e-02 2.571645633407531051e-01 2.721708900373560613e-01
1.058257374887139890e-01 -2.497562703543544996e-02 1.681544680022963034e-01 -9.410554422446876233e-02 -2.424364873766265277e-02 -3.285990952793221842e-02 -9.828554291837544865e-02 -3.833594031461520779e-02 9.765521054658526934e-03 3.247156682130443450e-03 3.319976615933777908e-01 1.000000000000000000e+00 7.122044806413450890e-02 7.991392868510528713e-02 5.732674611198636250e-02 -2.234490404945983777e-02 -2.122098209492881415e-02 1.951121695612841878e-01 1.795387506062281757e-01 -2.592106984998663634e-03 1.142329184765964872e-01 1.796509688051012819e-03 7.872263386524759599e-02 1.923205774040207539e-01 -5.910508572806904420e-02 5.774628597533364438e-01 -3.556384125360227688e-02 -6.294774112251341758e-02 -8.125388375237835303e-02 -1.171095593383154748e-01 1.470277169586349797e-01 -2.431049856017417077e-01 -2.644216875389770460e-01 -5.491218752719006883e-03 3.586812030619911107e-02 1.646895508419133902e-01 1.673447117530603781e-02 4.279579803818744227e-02 -1.641849401700063438e-01 -8.154702233057192773e-02 1.762836493944738570e-01 5.642249895525584813e-02 2.805396871649974422e-01 -1.726769793646730777e-01 4.848346475851508103e-02 -1.015834500494938730e-01 1.420048894802592998e-01 -3.183000745661918041e-02 -9.638891692623866025e-02 7.463477409398162898e-02 6.118579009249228845e-02 -1.771805663853427415e-01 -6.987483138921309067e-02 -9.706707327307786959e-02 1.643257245374045092e-02 -1.250857255376364718e-01 4.068744316445323944e-02 1.557028033483791873e-01 -1.799417872259298848e-02 6.485793131432303349e-02 4.457854062989276556e-01 -7.528669511929365205e-03 1.038982472537694907e-01 8.606788721964714339e-02 2.590396051388710319e-02 9.637273122597222325e-03 2.608680144838846846e-02 1.884063670019925016e-02 6.794636272653707676e-02 6.702009378620814306e-02 -1.859862361307474191e-02 -4.401980119536209185e-02 8.626063503331023175e-02 7.684584752943708630e-02 -8.995680226251981382e-02 2.908934443861932451e-01 -1.436008584921125500e-02 -5.629342253806858543e-02 1.244536483443778735e-01 -7.113822130062209814e-03 2.935974835118292450e-02 -3.567886815923422550e-02 -4.526389208632539823e-02 -8.437462522133190590e-02 -4.278648093529580088e-02 8.316975583458587062e-02 -3.402268376231754737e-02 5.704126631786398532e-02 3.133186646466690761e-01 2.733382424312595371e-01 -2.172055406130603827e-01 -1.546872436018573160e-01 -1.613096776841949076e-01 -1.312814405287153052e-04 1.923739918833189122e-01 -1.721855449876994182e-01 -4.542923859142966592e-02 1.001290442446304413e-01 -7.605376832391656794e-02 1.743536010989625573e-01
1.331507944306300761e-01 -2.283586765637534988e-01 1.142563579630503784e-01 -2.063951025231140213e-01 6.983363542691543857e-02 -9.078155015605535172e-02 -3.044596068973713307e-02 9.892560428487750385e-03 2.658016383203722355e-01 4.610687310668521999e-01 -7.919511053574027071e-02 7.122044806413450890e-02 1.000000000000000000e+00 3.951494878494599683e-01 2.792194076334244546e-01 1.538205049740231159e-02 5.367999722381873173e-01 4.098464438938011489e-01 1.316062212495266726e-01 4.917591766880227144e-01 -2.930930970044165647e-03 5.455471469058660317e-01 2.512618816484943340e-01 3.278628195674275214e-01 1.002098541962853223e-01 -2.463170017390355765e-02 -6.124244055138835380e-02 2.685151043884592692e-01 4.123126919589077954e-01 1.975849821552271846e-01 -5.567945839671580716e-02 -2.466411631806822782e-02 -1.685453046160041435e-01 5.128164746172980681e-01 4.856774768231261752e-01 -3.007660474899612191e-02 4.322432670710883995e-01 -7.070812330236569965e-02 -1.293146858298860891e-01 5.504857474642915749e-02 2.492854859680179169e-01 1.188149817987346341e-01 -1.770713683360060631e-01 5.273658256752034035e-02 -1.948731994800748102e-02 -3.097561995934403761e-02 3.508532395079712318e-02 1.913834228588339736e-01 -1.490429801037022328e-01 -5.635097615435497205e-03 -4.020988609714049727e-02 -1.903275295743518669e-01 -1.239770268543124859e-01 -1.306400427303928413e-01 3.361381388790261882e-02 -1.881065538954675717e-03 -2.870449978316661974e-02 4.903732117239977678e-02 -4.540446203547494029e-03 -1.565281005508205037e-01 -7.062101034829822502e-03 4.192130366647324191e-01 9.337067847952801314e-02 2.351524167443071189e-01 9.541967634692080646e-02 1.798538927014109723e-01 -3.605927747697112301e-02 4.244622033119037074e-01 1.904866229658292998e-01 1.698709904288440153e-01 3.246987343116338742e-01 3.863107671631201279e-01 2.213591184353261021e-01 3.694021631597246835e-02 -4.519130403358279785e-02 -1.086075948308997258e-01 4.617342705946760328e-01 1.716490727965717666e-01 -1.772351896741665156e-01 -3.316622401791484709e-01 3.671416358075269559e-01 2.482967561859867056e-01 8.990121869909339924e-02 1.412609725618654000e-01 -1.421508756437792065e-02 -1.435300730786039647e-01 2.674941286146617081e-01 2.492406880698750660e-01 6.605571140289802357e-02 4.057401729366311161e-02 -3.083416899064407857e-01 -2.702437952144265410e-01 -1.011923369052875332e-01 -1.613901528674557551e-01 -5.049760713558221203e-02 -8.387120419448688968e-02 2.238534167569174605e-03 1.204356442343787748e-01 -2.078837490042600988e-01 -5.053274137986286940e-02
7.857383894728972584e-02 -3.093910046696587979e-01 -2.424842411568907743e-02 -2.626613021492144040e-01 -1.503262433025876199e-01 -2.759510722276138361e-01 -2.329127202217366466e-01 -1.656870184693586545e-01 9.942638542691052683e-02 3.125157320677596773e-01 -9.489686657680293513e-02 7.991392868510528713e-02 3.951494878494599683e-01 1.000000000000000000e+00 6.999395085395987426e-01 1.185563019624290108e-02 2.593595681151042998e-01 4.787982777216780450e-01 3.173993208361711171e-01 4.266869764984926316e-01 3.652822778346054289e-01 3.170106181859518868e-01 4.696752867107567009e-01 2.640451827239761462e-01 -5.854604212103594468e-02 -3.213915627200915337e-02 2.119895167648776918e-02 3.029394881351332169e-01 1.344014157524200115e-01 3.518760229966996778e-01 6.765762238525868666e-02 -1.143812127464986783e-01 -4.824449191362199102e-02 3.475066221904553054e-01 2.549715332635311693e-01 9.411694459095662491e-02 2.215777863638747902e-01 -1.077042094607822825e-01 -2.443271214512644784e-01 -1.165465179400799189e-01 2.826105948805519019e-01 -1.024109157780196504e-02 -1.417735267280318401e-01 8.428261446170286220e-02 2.763284718465926215e-02 1.268219694731357594e-01 4.069714076866562391e-01 2.818347935253691094e-01 -2.670143112760558490e-01 6.994147703514329295e-02 -3.046088098519751999e-02 -3.985972980437642588e-01 -2.166561828539268486e-01 -3.117139388386684362e-01 -2.020434014502348608e-01 -2.309161293883054134e-01 -1.969403639655661342e-01 -1.025425841564216733e-01 -4.196521433630637232e-02 -2.116933082283282419e-01 -6.493589548022025981e-02 1.989477564295058509e-01 3.119862160181485766e-01 6.167108207681244458e-01 4.841211792417675075e-01 3.753937269202464733e-01 -2.364995078093866943e-01 3.775380921275076629e-01 2.318179860301001760e-01 1.854460859722377730e-01 5.651623151113482901e-01 1.893946838099661578e-01 3.746806974354185416e-01 -2.192964373976692971e-01 -1.842337432362373406e-01 -2.155643107395567581e-01 2.643642474371439288e-01 1.367716876363972989e-01 -1.339469372148179849e-01 -2.488577287441937347e-01 2.848362268794007446e-01 1.871763891342736463e-01 3.804431348989300438e-02 -9.744156129300481084e-02 4.167352375676938031e-02 2.192894360699219614e-01 7.659878220714519403e-02 1.204401445787153524e-01 1.231151030243891470e-01 2.830679555156929289e-02 -2.937906338411803153e-01 -3.448051707451068038e-01 -3.028418818907001597e-01 -1.656612115790934980e-01 -1.539542509620880351e-01 -1.625990407878229738e-01 8.462472849875715686e-02 1.482292199838861624e-01 -3.005473344553921677e-01 6.717009413169586218e-02
-6.588728207702852779e-02 -2.728620905242978290e-01 -1.898175675006375240e-01 -2.411220825203556628e-01 -2.860366980597052744e-01 -3.468318614036826619e-01 -3.292061279183279288e-01 -1.905230016637403656e-01 -2.063446122078258990e-03 1.430492383056845285e-01 2.877384141535268419e-02 5.732674611198636250e-02 2.792194076334244546e-01 6.999395085395987426e-01 1.000000000000000000e+00 -6.102797261657543632e-02 1.888242609242010983e-01 4.898680331701116830e-01 4.682693429228220738e-01 4.569760341693803740e-01 2.895149277003484234e-01 1.873228160031674416e-01 5.651782644323548599e-01 2.246771622460345119e-01 -1.251153607024649561e-01 5.218776482649862408e-02 -1.068720439398219285e-01 2.573118708572776359e-01 2.788975005018138331e-01 4.534021356288283622e-01 1.370288121485477469e-02 -1.691906726396613658e-01 -6.056635709350358110e-02 4.219781402133056525e-01 1.857669531186527945e-01 1.454165046578298759e-01 2.392414322646489455e-01 -1.818856411772451220e-01 -3.587849977817986202e-01 -2.121448765492483790e-01 1.953199833234978144e-01 -4.257594329992459709e-02 -7.230293571397537755e-02 3.116855316277017743e-02 3.676353438489159131e-02 8.561754872770532820e-02 2.725212295310601163e-01 2.629323778921474619e-01 -1.691348157720349854e-01 -5.617846557386534101e-02 -6.094011944807992825e-02 -3.913302651864987158e-01 -2.719926334653043343e-01 -3.899571294490007389e-01 -3.401340158154391169e-01 -1.722839369661393338e-01 -2.497710716945930054e-01 -1.375999326997391359e-01 1.904862929249657652e-02 -5.116767612387203984e-02 -1.571625844808412220e-02 2.919827716246653493e-01 3.620054558642566422e-01 6.715043230622350645e-01 5.221535852604719530e-01 6.123545011038690200e-01 -3.419370904196428751e-01 4.636228250090085323e-01 4.148574454610142181e-01 3.227582202682735546e-01 6.497589736174534947e-01 1.194121951202243154e-01 5.310310674498144312e-01 -1.305519823622547648e-01 -1.592669277814392267e-03 -1.462837972195309977e-01 4.082411058479240573e-01 2.587597003417715924e-01 -7.487084171548821776e-02 -2.406840439814111332e-01 4.364450275777116972e-01 2.619326477560330879e-01 -3.114455572955108706e-02 -1.219216372441192242e-01 -3.137207970792894873e-02 2.203614694572947896e-01 1.412347706675459169e-01 -1.681400507326241689e-02 2.083431878600973397e-01 4.410420365708836443e-02 -3.323730041120789847e-01 -4.182525130543062741e-01 -3.511754960728759589e-01 -1.200684817603950572e-01 -1.747832905961916594e-01 -2.195696954460797379e-01 -1.029281514911903860e-03 1.986318466838209729e-01 -1.796274727645525982e-01 -4.373278511484990361e-02
