1.000000000000000000e+00 -1.878112364577932958e-01 9.125445813058499778e-02 -2.039006219565636310e-02 5.690139816163688330e-02 1.186194180710490181e-01 -1.053669113108933464e-01 -1.743712920979557934e-01 1.010713959694071601e-01 2.059030975651842676e-01 -2.605614242140410694e-02 -4.146013639150168684e-02 -2.554179816173309317e-02 5.952297697328145371e-03 -5.335938519921402945e-02 3.836634858734264686e-01 3.278809461911565137e-02 -1.596431316086002750e-01 2.397820642550240605e-02 7.943423471791935184e-03 -8.079388403332866952e-02 4.020783943501705232e-02 -1.133304522617102211e-01 -4.689317944192455262e-02 1.300184384935694770e-01 -1.312960392030710077e-01 -2.161363385877892451e-01 -2.097167484142229144e-01 1.137330792871124319e-01 -1.799191460118945152e-01 3.872020062041080929e-02 2.545124584947202617e-01 -3.789682758274003083e-02 -1.460493104089310989e-01 -1.122653114059363744e-01 8.926733291413287141e-02 2.614206346148841842e-01 1.780666401270992738e-01 -2.946368207532596567e-02 -6.310255725256077274e-03 -1.627978781434305799e-01 -6.952361198626860750e-02 -1.025432377175446441e-01 -1.596543944563639725e-02 -3.374385928411470503e-02 -2.811588652486167808e-02 -2.016522100499077916e-02 -4.493729266031302322e-02 2.196062474634762618e-01 6.831673202733011541e-02 3.780506560611486266e-01 5.876364823861675996e-02 9.191228195909109666e-02 4.884182292149644861e-02 1.041570610167462801e-01 1.672752445154361001e-01 -1.923620944437073876e-01 -1.181829318930896489e-02 1.108948739917110654e-01 8.957957280998925242e-02 -1.139079669389789912e-01 -9.550479209086951138e-02 -9.626346384091033492e-02 -9.561125128096362169e-02 -1.356561566726189605e-01 -2.254737451124833383e-02 -1.405114659025759605e-01 3.438460844332966171e-02 -8.568232500699227150e-03 -1.067137795481272050e-01 -5.407351442965407928e-02 -1.917430327340526319e-01 -2.517558630649638918e-01 1.114914340371570868e-02 4.195615258878240134e-02 3.031535915210509247e-02 4.005582291946675755e-02 -2.079580494304812677e-01 -1.268666873872565347e-02 5.041410218868309229e-02 1.847325621654380412e-02 -9.831417217943642928e-02 -1.551199185692171689e-01 -1.554987405029371328e-01 -1.284541659291084104e-01 -1.333361196905093748e-01 2.038173511448788666e-01 -9.277727939929965306e-02 1.147147362060018244e-01 -2.102716464765219950e-01 1.805510315796811649e-01 1.695887943003700493e-01 1.365761110060866590e-01 -4.978718727300801561e-02 -9.874761489601205366e-02 4.431771969266993204e-03 -1.795396492856209114e-01 -9.482649297585940551e-02 8.720660895184999262e-02 -1.941205843067347891e-02
-1.878112364577932958e-01 1.000000000000000000e+00 1.586648846066265606e-01 4.649251809938249602e-01 5.373415408627993939e-01 5.361683586490944425e-02 -5.894939925215470639e-02 2.118496774390463688e-01 3.375385435055650724e-02 6.861168549773323522e-02 1.889414130983791962e-01 1.897798313048492391e-01 -1.395372480453182795e-01 -2.365769744735771868e-02 -5.095099924480601256e-02 8.524220093224199601e-02 -1.073151564237222327e-01 1.596618878907907768e-01 7.845320738812971983e-02 -4.726424086823820497e-04 7.971941343938218627e-02 -1.489057884227089346e-01 -1.578643200733020058e-01 1.282419486724428181e-01 7.532144518319237869e-02 2.273350848585789508e-01 1.251218290831222490e-01 1.262719098809570728e-01 3.131207517877832719e-02 -6.692560883203284294e-02 -1.774129465572212017e-02 7.522525720295021590e-02 -4.004386064788603011e-02 1.210446027803532831e-01 -9.975877939535740535e-02 8.194877138254574866e-02 -5.954256791628140949e-02 6.036341538821282660e-02 1.109011974972159559e-01 1.859955446445874135e-03 -4.265605292958721262e-02 1.951059225309610679e-01 1.033526410619116931e-01 2.107324506416484167e-01 7.322921882036602381e-02 1.901194329960980344e-03 -8.766177551215169339e-02 -3.933277471140397830e-02 1.473856258080296910e-01 6.086976517489846306e-02 7.122449536984648555e-02 1.929763126794184491e-01 -1.707832317861237605e-03 1.686264865695595860e-01 1.595115562763769687e-02 -5.148418562584965164e-02 -3.583906751223674136e-02 -1.008355232803754276e-01 4.409364353513281834e-03 6.440022743782357340e-02 7.715558463574662129e-02 -9.746202794378108769e-02 -1.248944279507356869e-01 1.252052235295741077e-02 4.099850134333131446e-02 8.339310126221187100e-03 -3.691366552098508669e-02 3.580831605305069554e-02 1.398075190392324314e-02 4.371563496515923353e-02 7.127831224703898294e-02 -2.973858465175310134e-02 -1.241071850487733413e-01 -1.299605699193947909e-02 -1.269010372392172792e-01 4.439732387880039599e-02 1.267179374599565755e-01 -1.426861917568441884e-01 4.355153725492772604e-02 9.045397216895158243e-02 -1.168250894491830311e-01 -1.056281712065290646e-01 -2.113531244648823165e-02 2.818491780134444943e-02 1.477209713009304815e-01 -8.462177693405906198e-02 4.309959624795803128e-03 -9.048332715294882256e-02 -9.437781229980936326e-02 3.013767041156110646e-02 -9.472913854565726682e-03 -2.859572168975775194e-02 1.036821593841423111e-01 2.017836270100854257e-01 1.135231232482337704e-01 1.860769801665082268e-01 1.416113867356089684e-01 4.682489994628755842e-02 7.287120387161975799e-02 8.299281986457812677e-02
9.125445813058499778e-02 1.586648846066265606e-01 1.000000000000000000e+00 -1.677166678087446960e-01 1.711215817515653603e-01 7.836391268015346911e-01 5.411537966526488441e-01 6.138975497312867957e-02 6.444991851939122496e-01 3.201981819619222763e-02 8.348604503341903668e-03 -8.608151698703214727e-02 6.039856586170298108e-02 6.233767992221807969e-02 -2.618995578241657962e-01 4.183329981592599500e-01 2.677131846538824064e-02 -1.225880468573290888e-01 -1.349321055202570285e-01 5.023191273832817993e-02 -1.469873798836068834e-01 1.048510057083780755e-01 3.624523581187411025e-01 -2.254095835312677765e-01 -2.779833977278509463e-02 -2.364536367294216290e-01 2.293564901999550071e-02 -5.067508265747572987e-02 1.314417354685481175e-02 1.939786014567893568e-01 2.293932664650896180e-01 1.678446989079798723e-01 1.736826246135346197e-01 -4.794621878215069716e-02 -1.063781280366587062e-01 7.183802378192433169e-02 1.984069833140603700e-01 1.728600342093251085e-01 1.489822381532446838e-01 3.494629769086404214e-01 2.960454438210990274e-02 -1.319544935650555362e-01 4.961682243678684073e-02 3.508790241092624163e-01 2.017425716426329563e-01 3.569316890783893470e-01 -2.008566205063968269e-01 3.842586384634458785e-01 6.142243275984788919e-01 4.369835301210356349e-01 3.619629510007196099e-02 2.694188420044646981e-01 5.002995345764615909e-01 -5.903436517123080568e-02 5.461196773694387829e-01 4.371942143774687484e-01 -1.386564245987100541e-01 -2.887140939020670788e-02 -4.791089163900567882e-02 1.160114935425949900e-01 5.217372554344247571e-02 -2.085142419190699203e-01 -1.042015267319111316e-01 -1.344743367702965486e-01 -2.492002628273671250e-01 -3.543195884532034934e-01 -4.564282586618554349e-01 -2.504949100270998374e-01 -4.858740162092588938e-02 -2.044779402857421768e-01 -2.724654807094465878e-02 -3.965100301645593794e-01 -1.940715078420134354e-01 -3.609576556538832692e-01 -4.193285577285714438e-02 -3.464494178408056291e-01 -1.199774858185726212e-01 -1.205094615314751400e-01 8.661609088239118071e-03 3.216130700727701935e-02 1.019147729835372888e-03 -2.745033128930576827e-01 -3.949951649020906341e-01 -4.621361806547343298e-01 -4.518028839341552416e-01 -3.869777384991546221e-01 4.142551842441979937e-02 -1.862557946404237372e-02 -5.148804123036325453e-02 -3.152256053142692416e-01 2.068698443122988506e-01 -1.724350275182781958e-02 3.323361665839888457e-02 -3.417304785218920893e-01 -2.659808583068107302e-01 3.508240140121908768e-01 1.610016310701386233e-01 -1.760449358743323423e-01 3.045308958620553397e-01 1.329948307670638374e-01
-2.039006219565636310e-02 4.649251809938249602e-01 -1.677166678087446960e-01 1.000000000000000000e+00 4.289910585326736636e-01 -2.065143750069440842e-01 -2.734848264716702171e-01 2.285319506563836534e-01 -1.436043390639980266e-01 2.551665515911020199e-01 3.023943602460797409e-01 3.705873998889943621e-01 -2.393330174445011116e-01 -1.915381356097801413e-01 -5.869833152158267231e-02 1.902488687611992579e-01 -1.799228887558594059e-01 2.126447902425127601e-01 3.692965695720817204e-02 -8.783980827185761120e-03 1.259509249944601172e-01 -2.993795861412058557e-01 -4.075837090260725493e-01 2.978661910851317374e-01 1.889503563075612680e-01 2.031572859951118470e-01 6.655965365249526602e-03 -5.285729717487990323e-03 -3.964400411024390086e-02 -2.459511487642503103e-01 -9.446772816597623357e-02 -6.008350963548534339e-03 -1.911829082870583063e-01 1.312898951641621181e-01 -1.654864452240376316e-01 3.713929804140983504e-02 -1.306349248866924273e-01 3.410437455709182386e-02 -1.413588288028419862e-02 -1.899246807254865443e-01 -9.485480185533234909e-02 1.684445050484781603e-01 -9.414768064919948332e-02 2.108675080667945234e-01 -6.043671078918159273e-02 -2.000833396784292006e-01 -8.328369672618735065e-02 -2.628462068035362642e-01 -9.874494421814861145e-02 -2.662859615663937946e-02 1.644949363382920970e-01 5.521842597665794355e-02 -8.122169706546836232e-02 5.213272944461200264e-01 -1.318457399561530352e-01 -1.760495543745964064e-01 1.770600076349268179e-02 -5.628991382311160363e-02 7.689985430944941414e-02 -5.293632561242393036e-02 3.531119337152276855e-02 -6.674112375251262108e-02 -2.002751085394932351e-01 -1.143767168027135100e-01 3.720210161438432250e-02 -2.255177470911117962e-03 1.783616561115470567e-01 6.152784605034880387e-03 -6.079230526430238341e-02 1.560844433965687672e-01 1.643338996838032695e-02 5.311455563774639815e-02 -8.932392096865106323e-02 1.039674472956854528e-01 -9.393581534715216008e-02 1.845277472020045717e-01 1.063039020626154602e-01 -2.739988768826757126e-01 7.293328170829310730e-02 2.058473056764325571e-01 -7.875769617019628965e-02 6.198735054877483469e-02 1.200135352364719021e-01 1.224655722698017729e-01 1.679084994138915488e-01 -4.753353084501607193e-03 -7.771044518780085252e-03 -2.278428767666467181e-01 -6.057288834032859351e-03 1.099993328683715604e-01 1.751974283137022054e-02 2.014265429450140810e-01 2.288881023246387147e-01 3.173061507581824148e-01 1.488151256786754417e-01 2.818736169234282649e-02 -1.246935290783223252e-02 1.144482042573614078e-01 -5.571072867334665030e-02 5.754231576104020668e-02
5.690139816163688330e-02 5.373415408627993939e-01 1.711215817515653603e-01 4.289910585326736636e-01 1.000000000000000000e+00 1.056017773924875502e-01 -2.345455461780066725e-02 3.363745916454586316e-01 1.655158210836287225e-01 8.015149006778962693e-02 1.140799575160520440e-01 9.248538830264733945e-02 -1.507684827683041517e-01 -2.083348355550685427e-01 -2.184707719316304197e-01 1.941322576053660098e-01 -2.065103458314374307e-01 -5.710458439674209741e-02 -1.268544100704268041e-01 -1.739808604717659468e-01 -8.063683372804050786e-02 -1.218076830933355892e-01 -1.867252024554514889e-01 -5.306440062201585317e-02 6.425213361026471670e-02 5.157242680961358905e-02 -5.880863466071414858e-02 -2.246213294834191743e-01 -1.755283901317641615e-01 -1.685853332365872675e-02 8.453450697900184718e-02 9.839613994447543588e-02 4.864923912438327835e-02 -9.150142643919145780e-02 -1.741246298077021304e-01 -4.422883470561198710e-02 -1.027261111404287747e-01 -8.329500629565379788e-02 -2.083351365383482104e-02 -2.122608056872209714e-01 -1.262630190680962550e-01 1.094719227216870566e-02 1.279236500177374086e-02 1.942552857472924777e-01 2.050749051322490329e-02 -1.314168825104179705e-01 -3.049915020979739322e-01 -2.144500084038881149e-01 1.711800824686298683e-01 -4.777844352431966785e-02 1.045301946035242097e-01 3.334600775597421629e-01 4.387393008834866931e-04 4.095184176366564177e-01 1.657206644999732192e-01 1.181675563231636972e-01 -6.292954404961767501e-02 -1.009947406585577911e-01 -1.451756113180613927e-01 2.847431696539946128e-02 3.086919880927296855e-03 -1.036912375911868828e-01 -2.683212484134728237e-01 -1.511467759886567230e-01 -8.433441500942435998e-02 -1.647575699096409385e-01 -1.838701070572981988e-01 -1.923187515801176861e-01 -1.666507981543558226e-01 -1.344885423026453419e-01 -1.340498310166957086e-01 -9.394831911939208191e-02 -1.956551684310264827e-01 -1.423332594714737942e-01 -1.729322927840287738e-01 -1.263472774192979653e-01 -6.335916932200852392e-02 -2.806967515011198344e-01 1.140853063144110502e-01 1.557115784997883667e-01 -2.253494451243579777e-01 -8.169894125196111578e-02 -1.483731942856850727e-01 -1.753812370824907596e-01 -7.411362708361098062e-02 -2.169447242499225048e-01 -4.281146549734957119e-02 -3.426157026758515078e-01 -2.201217367585382723e-01 -1.126236078097565818e-01 -4.857402380856241930e-02 -3.435217480757844777e-02 -8.692393848354719454e-02 1.064021375161429001e-01 -1.608765501546875754e-01 1.852887159235259637e-02 -3.012460499404628900e-02 -7.400813503724511244e-02 2.876431765930904938e-02 -6.648228206313228084e-02
1.186194180710490181e-01 5.361683586490944425e-02 7.836391268015346911e-01 -2.065143750069440842e-01 1.056017773924875502e-01 1.000000000000000000e+00 6.132694494864404655e-01 -6.967465296526291485e-02 6.685843421458249614e-01 2.421192947136855192e-02 2.995072878525011084e-02 -9.857556575158946122e-02 1.239882044588961757e-01 6.739034901695546698e-02 -3.693179462671177804e-01 4.512051336681066616e-01 2.861652714849377555e-02 -2.024822928052475435e-01 -1.426840874599443754e-01 4.575531858507269484e-02 -1.573502957840220151e-01 1.728934850641938303e-01 4.545404068550772947e-01 -2.944844940836162661e-01 -8.475847423893612120e-02 -3.451954031924129862e-01 -2.963330137464492003e-02 -4.962286634531420937e-02 -2.381755670094785893e-02 3.044793229466050688e-01 1.824581189867109932e-01 8.647205303950443456e-02 2.157192452075652189e-01 -7.371427730473266438e-02 -8.076298352762278920e-02 -8.416462881721935296e-02 2.494973852067451925e-01 2.713379253430943661e-01 1.623509670622372003e-01 4.612666228634100252e-01 8.274070691279011847e-02 -1.744270671088113400e-01 3.580800495658468391e-02 3.932171662767214304e-01 2.150099190262558801e-01 5.245964219447905030e-01 -2.277102133531874739e-01 4.651541304460934390e-01 7.293691257546333073e-01 5.340580958758249785e-01 5.056521405770719041e-02 2.215366489247893866e-01 4.941201805586010187e-01 -6.223930187058803604e-02 6.301050494450296524e-01 4.760689502835476206e-01 -2.093157409187808016e-01 -1.553875308082683648e-01 -4.218984515151556064e-02 8.363265041333253769e-02 6.487790530289053170e-02 -1.912325206250676535e-01 -8.204610184317870369e-02 -2.770968592034762090e-01 -3.118875433651579487e-01 -5.080326034122614187e-01 -4.840636515237913273e-01 -2.564406582648375288e-01 2.968671163692442397e-02 -1.916533724068790190e-01 -4.169179770961482789e-02 -3.930600696258678139e-01 -1.571172678928659527e-01 -4.798204703103073898e-01 1.641329497576198698e-02 -4.168477452496004987e-01 -1.765641288768487194e-01 -9.665251560395921038e-02 -3.212665853145238448e-02 -2.267881095302397981e-02 6.858290453046546331e-02 -2.072332830674972204e-01 -4.684866823262778812e-01 -5.769081925741033068e-01 -5.997769847518038544e-01 -4.594162442297552995e-01 1.108510248648446675e-02 2.446875485812863987e-02 -1.692841229325945385e-01 -3.836700143748349445e-01 2.130881828320036198e-01 -1.171578143599876116e-02 4.097717707577084451e-02 -3.793583405206931713e-01 -2.922284152640405308e-01 3.314307395161074643e-01 2.751659468505924244e-01 -3.110285268814292903e-01 1.767490489120076280e-01 1.541605997929385297e-01
-1.053669113108933464e-01 -5.894939925215470639e-02 5.411537966526488441e-01 -2.734848264716702171e-01 -2.345455461780066725e-02 6.132694494864404655e-01 1.000000000000000000e+00 1.944319800417710353e-01 4.268220639284945883e-01 -1.875699024004603196e-03 -1.452168641409453120e-01 -2.078959596143954980e-01 2.271939457170970844e-01 1.349901822708739207e-01 -4.033939855654061213e-01 1.961602840529989844e-01 -2.290311810350201260e-02 -1.353564396957239457e-01 -2.414447134175976006e-01 -1.430818355740309245e-01 -1.395218468737738637e-01 2.981813790388499474e-01 6.879317064587892050e-01 -2.426592907981559022e-01 -2.440008642321458421e-01 -2.569732849615869452e-01 2.041671947741211662e-02 -5.302104511151024130e-02 -2.173615297960805326e-01 5.214587789714385524e-01 1.372019533724918028e-01 1.874553871508873731e-02 3.671763323095672549e-01 1.812032513902230371e-02 1.648690641249062061e-01 -1.608919744069789159e-01 -1.079354575822420309e-01 -1.857899189728709835e-02 4.773670983174185117e-02 3.658266430837681105e-01 3.002225472222531666e-01 -5.885217049944650031e-02 3.057546406859598664e-01 1.675081103343649125e-01 3.331902177236348850e-01 2.261983323970229443e-01 -1.832016617460692498e-01 3.685983186220857521e-01 3.913563995394055417e-01 2.784147600642781217e-01 -2.374167147380299714e-01 1.165731281701802152e-01 3.679875198295670113e-01 -6.044279786013825179e-02 3.546280096701099338e-01 3.448531105736084013e-01 1.197162424738820730e-01 -1.349843473917685110e-01 -3.462189500061105263e-01 1.737768719995309019e-01 7.312632432824951734e-02 -1.131946039784491737e-01 -4.912418355397284858e-02 -1.719372381653682946e-01 -1.815861186143327421e-01 -3.969928482830334948e-01 -2.975382800366691560e-01 -1.265566773675552703e-01 -3.022656250511889311e-02 -1.333364238310698613e-01 -8.570540932052152228e-02 -5.696141280977636695e-02 2.428523278794238877e-02 -4.404674786903963191e-01 -1.161504368705357643e-01 -4.688283832043981247e-01 -3.568128929632196078e-01 -3.636010360360965310e-02 1.300636660681371570e-01 -1.206601101831432724e-02 -2.810206263072662428e-02 -4.992934353750507620e-02 -1.278034549605674697e-01 -4.346315347574276067e-01 -5.506035164268983095e-01 -4.139046762616135355e-01 -2.711167550335004117e-01 -3.089782551590536733e-02 -3.108227539198418765e-01 -1.529519440968371558e-01 3.201615549962231241e-03 -1.737306393027157614e-01 -2.555443222765449995e-01 -3.057461590473822821e-01 -3.397718940483307470e-01 8.595039519445606124e-02 6.473421778872495182e-03 -2.270000706581053462e-01 2.312698529249843649e-01 1.912514927152833902e-02
-1.743712920979557934e-01 2.118496774390463688e-01 6.138975497312867957e-02 2.285319506563836534e-01 3.363745916454586316e-01 -6.967465296526291485e-02 1.944319800417710353e-01 1.000000000000000000e+00 1.903450888568020138e-01 -2.632290799611200841e-02 1.163317134500134603e-01 1.443256503341610320e-01 5.640966693662197856e-02 -9.567629383468831406e-02 -2.236123816087158198e-02 -1.820017461431897021e-02 -1.578589934052020693e-01 2.382823724265664134e-01 -1.123868267712911928e-01 -1.462553847558683562e-01 1.132948588534646167e-01 8.967679259518250567e-02 2.222884424018794353e-02 2.120363642777302604e-01 -7.452078923206907624e-02 2.345079015742743134e-01 8.045945309591870376e-02 -9.873010529800742285e-02 -2.815059505104601789e-01 -1.441910328732175228e-02 5.088124243478111403e-02 -6.247784967445118090e-03 2.143079570096111941e-01 1.813515404083457239e-01 2.734619434659149584e-01 3.025959933572565097e-01 -3.598957594280940420e-01 -3.771922742950901131e-01 -1.087017074199453787e-01 -3.019394424755985629e-01 3.977082293630490040e-01 1.228337515869115659e-01 1.265008603724412095e-01 -9.547587669199908769e-03 4.867138218513033382e-02 -3.949525813344555991e-01 -8.580550836983352747e-02 -1.190137007093517302e-01 -9.531305615416096888e-02 2.228123515683440303e-02 -6.575659094141904359e-02 8.918634793274758665e-02 5.714194818306311124e-02 1.866644898708154365e-01 -1.947515320137148051e-02 -1.977351882909962263e-02 5.531994840912711764e-01 3.335545192828776040e-01 -2.629808859236515972e-01 2.221966669433848851e-02 2.695520646674657295e-01 2.618678518177007253e-01 -2.339127489338900245e-01 2.098944501397335960e-01 2.656712044862299948e-01 5.600735006784286069e-02 2.596461553776999165e-01 -1.064380250839137426e-01 -9.082903313153860292e-02 8.242470419569694617e-02 1.305608320057837467e-02 2.031681562061311841e-01 -8.960734249984388111e-02 1.915430199653569421e-01 -9.486455373334269636e-02 5.111861092074761193e-02 -1.266751267778494228e-01 -2.899486524357158812e-01 1.949036740381117905e-01 1.014266990807387164e-01 -7.852057872354675783e-02 2.132226656350952598e-01 1.464051664167701772e-01 2.658208424750813093e-01 1.000883101045806911e-01 2.732914843481855025e-02 -1.711795592444247671e-01 -3.402766609331491221e-01 -3.575928475007753536e-03 3.528305297499116922e-01 -2.865228087498842835e-01 -9.467379191794650373e-02 -2.203859802368930143e-01 2.214639067174362930e-01 -7.478271627355660700e-02 -1.461201402783522396e-01 -2.682873991306773953e-01 1.642052075261901667e-01 2.708399051801242408e-01 1.707187916757794965e-01
1.010713959694071601e-01 3.375385435055650724e-02 6.444991851939122496e-01 -1.436043390639980266e-01 1.655158210836287225e-01 6.685843421458249614e-01 4.268220639284945883e-01 1.903450888568020138e-01 1.000000000000000000e+00 -1.955609330115370137e-01 -3.644515861046363631e-02 -1.391331975075159044e-01 1.924650223133960447e-01 7.250645153677878763e-02 -2.429889884639552244e-01 3.462301901420239414e-01 1.864314015840032313e-02 -7.634666851382117259e-02 -1.148274322390618329e-01 -1.496379527364022398e-03 -7.684350537994809327e-02 2.035243434640654769e-01 3.534492631530037898e-01 -1.872676671706501317e-01 -2.255847137233845390e-01 -3.021623408362559826e-01 3.290202283528029237e-02 -1.105491858180081138e-01 -7.655808327141341851e-02 1.138433373674270638e-01 -5.670128755227025336e-02 -9.119194165867484936e-02 1.242317637530385432e-01 -2.482575585842634880e-02 1.248981497113436506e-01 1.629170771843003740e-01 1.453252091686073888e-01 1.268325417914248354e-01 1.566824720258839510e-01 3.209243366107422113e-01 2.429899184892292952e-01 -1.728043072838912619e-01 -1.058933843972838795e-01 1.807053990109322161e-01 -6.341998050122903130e-02 3.297351057264423790e-01 -7.304179005762742594e-02 4.033446069987033367e-01 4.989922694659491009e-01 4.536220806998506050e-01 1.589569465280228633e-01 1.260994080721976052e-01 4.797339808315612131e-01 -6.658196956619004403e-02 6.205426894358933021e-01 4.128719910874472099e-01 8.035644461426870444e-02 2.389983794586764410e-01 -2.607588307807197012e-02 -3.525493093445830617e-02 6.702989316165711142e-02 3.358691822960232359e-02 -3.422171054076334623e-02 -3.558044850878355758e-02 -1.752405857256335575e-01 -3.644514415630282222e-01 -1.930220949118510720e-01 -2.940696111085371878e-01 -5.080556485661040858e-03 -8.925955422227524472e-02 -1.039213695026775658e-01 -2.799825022135211117e-01 -1.502330846196632541e-02 -2.765086756664857925e-01 7.950478629999870039e-02 -2.762202803266770590e-01 -2.289753607440460914e-01 -1.083663614594610192e-01 -2.344559855357801204e-01 -1.712775308492758553e-01 1.623616154686916835e-01 1.783384630213855071e-02 -3.953519579982631704e-01 -2.588685547353098970e-01 -4.055574229533026598e-01 -1.226085990372539763e-01 2.357103691573853889e-03 2.688590953741430006e-02 8.410668611506656733e-02 -1.650691393365228687e-01 6.946869735256111511e-02 -1.811868986860193653e-01 -1.184277816991958082e-01 -3.617035685745053630e-01 -1.629412219823704322e-01 1.302344115727359919e-01 1.513556882969079032e-01 -8.281102104243152906e-02 1.719557945852146497e-01 1.632646363795591249e-01
2.059030975651842676e-01 6.861168549773323522e-02 3.201981819619222763e-02 2.551665515911020199e-01 8.015149006778962693e-02 2.421192947136855192e-02 -1.875699024004603196e-03 -2.632290799611200841e-02 -1.955609330115370137e-01 1.000000000000000000e+00 2.951933878110494236e-01 4.723715395887809199e-01 -1.892323759993399801e-01 -1.362115174681720331e-01 -1.998137878716691601e-02 2.880690189350653130e-01 2.311733835189905967e-02 4.596465671574782863e-02 -6.461347636814330098e-04 1.517078454717496645e-02 6.144910207597568952e-02 -1.879149598654928366e-01 -2.181854408797112843e-01 3.242407900929634157e-01 5.130589563393449515e-01 2.227811987487424983e-01 -6.886890568611053753e-02 7.439646769332254606e-02 1.466990311573834749e-01 -1.814575276268489967e-01 3.438890765198772403e-02 2.764785465302129763e-01 -3.977166222817891256e-02 1.050401324623913696e-01 -2.950178243828573410e-01 8.039967792959941406e-02 5.489539896182944745e-02 1.469439700958265482e-01 1.164553589204101042e-01 7.510479230181532281e-03 -1.784653816877169730e-01 2.048933932824595627e-01 3.357998263535071082e-02 3.133395702836359598e-01 2.004052121523265673e-01 -1.622575261979399552e-01 -9.756845453429990878e-02 -2.476747227772156112e-01 1.270385415719185451e-01 3.136238797485707552e-02 6.224814947309322000e-02 7.763113148449894176e-03 8.031387620575360098e-02 4.817585053076022666e-02 -4.359177391518417183e-03 5.645781560095956136e-02 -1.412578141374761787e-01 -1.207336734009047952e-01 2.683361917516322581e-01 3.104222889802604746e-01 1.023198008135614429e-01 -3.037204571263130704e-01 -3.337965553300958343e-01 -1.675800985356029338e-01 -3.161459945297041829e-02 8.487413746939583004e-02 -1.008291850209301899e-01 1.268694786552176934e-01 -1.238672464821303082e-01 4.897176205576823926e-02 4.428857023698862944e-02 -6.589582423836590208e-02 -2.828342486272481526e-01 1.464627686021631459e-01 -4.074481364634729291e-02 2.228064520613239619e-01 1.326963089335987112e-01 -3.236884743987616941e-01 1.231206789285401171e-01 3.891610054946602060e-01 -9.027827321541470607e-02 -1.469004672581968873e-01 1.589095749123418250e-02 -7.882209112223705072e-02 1.292749024977376399e-02 -2.763795304038675349e-01 1.299552338928069428e-01 -2.034941772509685776e-01 2.604528486294708373e-02 6.565712484381970755e-03 3.923611092923626753e-01 6.125044549873642774e-01 5.209472605535226952e-01 3.171819529923560754e-01 -5.736972607866423768e-02 2.261528949647251818e-01 -8.351161854337545154e-02 1.921903484221684777e-02 1.685425497780351500e-01 1.197586292414621056e-01
-2.605614242140410694e-02 1.889414130983791962e-01 8.348604503341903668e-03 3.023943602460797409e-01 1.140799575160520440e-01 2.995072878525011084e-02 -1.452168641409453120e-01 1.163317134500134603e-01 -3.644515861046363631e-02 2.951933878110494236e-01 1.000000000000000000e+00 5.144124827323633964e-01 -7.966558436387591313e-02 -3.741441062297122533e-02 3.527351284586284497e-02 1.436474893285442367e-01 -4.620619681477689672e-02 2.275601421528828938e-01 4.471322705279022480e-02 1.578505549881894232e-01 1.741793513318050934e-01 -7.475306729129659045e-02 -1.459034777462661636e-01 3.713142671258978789e-01 2.517529885853816984e-01 1.371900569221669031e-01 1.151389001236231419e-01 2.309873101992302724e-01 5.577039432885268905e-02 -1.669430503254705836e-02 8.450365290653585881e-02 1.322069925166026172e-01 -1.230012264446981099e-02 2.123860837916325128e-01 -1.063503179998696174e-02 1.232683387834978966e-01 4.902900500318819327e-03 2.985018049591701139e-01 2.331537276305827300e-01 4.552064336491069840e-02 1.344037733218388098e-01 1.686307638461528868e-01 -3.348366783769527594e-02 3.226918670879852513e-01 1.590969691755579618e-01 1.438991214658602857e-01 5.112107559505661702e-02 -1.271617294286842698e-02 7.521068782855019896e-02 2.985072895401706949e-01 2.569997996058114853e-01 -2.385804517667576563e-02 1.030424573986924719e-01 1.461673521717893887e-01 2.673914704719597673e-03 -8.566311710005185265e-02 6.763055927779106080e-02 6.457836649089854220e-02 2.770206306376294947e-01 -1.180255638590555489e-01 1.843575956560204732e-01 4.289276216629044763e-02 -1.120447956246467536e-01 -7.768716581009968425e-02 1.356001234028863522e-01 -1.257163712870329186e-01 1.466885809440316712e-01 -1.376583074473707591e-01 -3.541574584344680393e-02 1.443724045387291821e-01 1.913293918264546423e-01 -1.270461055804078228e-03 -7.119737862462939548e-02 1.184973899212145992e-01 8.695474682289798529e-02 2.867322069959287734e-01 1.285058420583467254e-01 -1.230552723638241308e-01 1.045694075469132539e-01 1.521795215447289129e-01 1.573056217598868822e-01 -1.749476280943161599e-02 -1.424830328390472127e-02 7.757277764604245118e-02 6.729966415660655621e-02 -2.114641000576563540e-02 6.782888613163516600e-02 -1.218733556857740236e-01 1.083098705995323846e-01 4.882437273738127193e-02 6.752408793717962210e-02 2.790385699763373584e-01 4.177114772421866018e-01 3.230402332695223033e-01 1.443708413882012209e-01 2.027597006884818420e-01 2.242454996000483591e-01 -6.297257175291949040e-03 4.697289853878294091e-02 3.052614384610309872e-01
-4.146013639150168684e-02 1.897798313048492391e-01 -8.608151698703214727e-02 3.705873998889943621e-01 9.248538830264733945e-02 -9.857556575158946122e-02 -2.078959596143954980e-01 1.443256503341610320e-01 -1.391331975075159044e-01 4.723715395887809199e-01 5.144124827323633964e-01 1.000000000000000000e+00 -2.172918515316333010e-01 -2.508130119865709662e-01 -7.422148891579784247e-02 7.170916695672929775e-02 -1.137006183327403039e-02 1.840674285336326155e-01 -2.935456100880515576e-02 5.293569751265601170e-02 1.340492286605252104e-01 -2.324359858942807444e-01 -3.431159422013293492e-01 4.855431809265927101e-01 3.287699292040686672e-01 2.620329662970366513e-01 -3.311813478771498398e-02 1.414158231156420753e-01 1.066973779568427400e-02 -1.895146926063813186e-01 1.172680459607364639e-01 2.384222006760253754e-01 1.377250423982680043e-02 1.548741447936586024e-01 -1.649129907455882948e-01 9.118253207019624829e-02 -1.126379459735574462e-01 2.451621516436899295e-01 1.332394112587626245e-01 -1.126846986933257022e-01 4.481359631016779838e-02 6.196987006305734041e-02 -1.169371698901978777e-02 4.399548085824331878e-01 1.034331861575929351e-01 -5.595392911745006997e-02 -1.265894791256717833e-01 -2.154836496077808528e-01 -4.046840093383715503e-02 1.837251634332334738e-01 2.034645588733777488e-01 3.178394690492484381e-02 1.737387842810189653e-02 1.162503483904170631e-01 -2.971758281261708406e-02 -7.246916467596425937e-02 3.650567620217580814e-04 2.958284570651406598e-02 2.942969503446394852e-01 -1.025604125280874246e-01 2.173982132718746130e-01 -7.502476544096182975e-02 -1.898702870248267505e-01 -1.178847837311793184e-01 5.451355137817275737e-02 -6.638300925536480546e-02 1.743548811867383641e-01 -1.038493734274378855e-01 -9.071337533268966635e-02 7.200636647493127707e-02 4.248949859032280507e-02 -3.538019579500757683e-02 -1.963847523465983014e-01 3.048821139870719343e-01 1.102881114187211770e-01 4.182551960897661902e-01 1.180386870930426602e-01 -3.015219150271738480e-01 1.041285106721501624e-01 2.409530953730880942e-01 4.462478196751690912e-02 -5.492355490930184853e-02 6.842094033141403464e-02 1.205817917572457876e-01 1.836092471562377204e-01 -1.666722442303952834e-02 -1.764540226731205891e-02 -2.868187079855377686e-01 5.788089178357157943e-02 1.440845986869906947e-01 1.180379055969235508e-01 4.734960375050730752e-01 5.060314157962022552e-01 4.008908641578200482e-01 2.231160090440734989e-01 1.892052742441814039e-01 1.308896427226586001e-01 -2.591061058821922738e-02 8.004260276577535027e-02 1.751890663166428275e-01
-2.554179816173309317e-02 -1.395372480453182795e-01 6.039856586170298108e-02 -2.393330174445011116e-01 -1.507684827683041517e-01 1.239882044588961757e-01 2.271939457170970844e-01 5.640966693662197856e-02 1.924650223133960447e-01 -1.892323759993399801e-01 -7.966558436387591313e-02 -2.172918515316333010e-01 1.000000000000000000e+00 5.634842499297251228e-01 1.896956985573369225e-01 4.174003729992530748e-02 4.826216624054613380e-01 3.164172697155183123e-01 3.490493813693529845e-01 3.903170118058098548e-01 2.853862386321818212e-01 6.622263793761065109e-01 5.314385099413013736e-01 4.075485002401947783e-03 -2.041369271151064479e-01 -1.768633512768413851e-02 1.965768394114761064e-01 2.518862717768550197e-01 1.663876745447914474e-01 3.802210631695042697e-01 -1.359572586746192746e-01 -1.742954072501985696e-01 4.715244335985881163e-02 4.032812250783628372e-01 6.597093723688226552e-01 2.105847352306292053e-02 1.227491080171546900e-01 8.890258329413187888e-02 -3.174419458058699850e-03 1.583579913144745333e-01 5.799561851184288352e-01 8.266518876901862711e-02 2.239632542501112933e-01 -3.161597498852452559e-01 2.768768588224817737e-02 2.373801376307577149e-01 4.229678126305791985e-01 4.610786922265164289e-01 -2.150035732810031547e-02 2.649490227568085943e-01 -1.641119950910606695e-01 -3.734504431463814833e-01 -1.310134899854863977e-01 -1.193761552046846697e-01 -8.864649380620645558e-02 -2.672965390993090051e-01 1.640050453269590591e-01 -1.750544634099713420e-02 1.276468843927355268e-01 -1.239172889097794363e-02 2.068719734557498413e-01 4.407568490773550174e-01 2.250982900479863158e-01 1.590152003500034938e-01 2.906174938605912139e-01 2.900064399525914029e-03 1.061280209729062868e-01 3.092660018231109254e-01 4.620183633027049597e-01 3.981583283650096949e-01 3.626134985950517642e-01 1.985271139564309673e-01 5.842805551088615240e-02 -1.036511468073686576e-01 4.781889395273630772e-01 5.936549105611391847e-02 -2.150388388376805321e-02 3.203105623705760352e-01 -2.312884915773148198e-01 -5.751735281224223950e-01 5.343335460729611297e-01 3.957988141376388436e-01 -4.680441121857871478e-03 1.253496528207983518e-01 -1.938753854655353159e-01 1.508990722311925325e-01 8.293872082493413886e-03 4.000831262562758450e-01 5.333498964804661568e-02 1.387428498949178912e-01 -2.221394139683925684e-01 -1.572284286832149047e-01 -4.585205308092901721e-02 -8.381051987536138059e-02 -2.753626459173534949e-02 -2.328413644865531262e-01 -8.262938041837165903e-02 -2.284892590155637726e-01 -9.647304576805469656e-02 1.548227865714865426e-01
5.952297697328145371e-03 -2.365769744735771868e-02 6.233767992221807969e-02 -1.915381356097801413e-01 -2.083348355550685427e-01 6.739034901695546698e-02 1.349901822708739207e-01 -9.567629383468831406e-02 7.250645153677878763e-02 -1.362115174681720331e-01 -3.741441062297122533e-02 -2.508130119865709662e-01 5.634842499297251228e-01 1.000000000000000000e+00 3.286080489265795213e-01 8.239220513728297279e-02 3.647835525378902988e-01 3.420252690050191724e-01 4.165540260551809926e-01 4.586343601893897448e-01 2.868442295850563428e-01 5.228205106038125161e-01 4.574019512777532936e-01 3.954245708109722923e-02 -1.316395670362333903e-01 -2.791433916475943161e-02 3.778871531907023185e-01 3.923491014989664016e-01 3.031236005172822656e-01 3.677277628628714545e-01 -1.570352216344856333e-01 -9.571503384397443692e-02 -1.434790801870633806e-02 3.900317375340395243e-01 4.920770055665398823e-01 1.385298146504391481e-01 1.935930809371511352e-01 1.980343343775782528e-01 2.691296931842701579e-01 4.507879529390222961e-01 3.823790586391881408e-01 1.074146659861552333e-01 2.933650834462266932e-01 -2.398505003804183022e-01 4.793234698714055747e-02 3.383593763549463951e-01 6.571391316074459699e-01 4.540429903190945082e-01 1.884596734149115299e-02 2.526098530432787648e-01 -1.472756983728108482e-01 -3.048878709269485232e-01 7.804488253962366118e-02 -9.989911444306263932e-02 -6.725234830264079089e-02 -2.539921623152057162e-01 1.057013987103926772e-01 1.375092960980887624e-01 9.602298907932996230e-02 -1.138060142238146721e-02 5.133775003003259590e-02 3.346384707769282651e-01 4.499955515629486813e-01 4.042748469218891416e-01 3.735160240859524694e-01 1.624385549459245737e-01 1.043799758790156379e-01 3.939485140145014830e-01 4.556987699672104819e-01 3.466042525314078082e-01 4.088799688682602795e-01 2.004328432520381398e-01 1.812991277949244917e-01 -2.099102684098379940e-02 3.395260311022031963e-01 2.750872074679105994e-02 1.229493034670845336e-01 4.909748135891457421e-01 -1.994104948915922104e-01 -4.489324292065756117e-01 5.155161298836382633e-01 2.860677459202417006e-01 7.105387174736789435e-02 1.496899417240681596e-01 -3.919611692204447856e-02 1.992412710517055818e-01 1.035542722539582461e-01 4.761673557136811841e-01 2.482115026261767221e-01 1.179114632866062468e-01 5.501079963795726946e-02 -1.506144878078891358e-01 9.729684675689233286e-02 -1.133497498951811511e-01 2.168454641674756878e-01 -3.555104119119198436e-02 1.087266047166021016e-01 7.985912407530816604e-02 -8.970257492139338540e-02 1.568603993233652627e-01
-5.335938519921402945e-02 -5.095099924480601256e-02 -2.618995578241657962e-01 -5.869833152158267231e-02 -2.184707719316304197e-01 -3.693179462671177804e-01 -4.033939855654061213e-01 -2.236123816087158198e-02 -2.429889884639552244e-01 -1.998137878716691601e-02 3.527351284586284497e-02 -7.422148891579784247e-02 1.896956985573369225e-01 3.286080489265795213e-01 1.000000000000000000e+00 -1.317575106433027943e-01 2.051532611030784103e-01 3.438198986829503201e-01 4.622436179262732203e-01 3.524769672670872156e-01 2.486844662185568045e-01 1.221864001974347913e-01 -1.812563712662773607e-01 1.823344316795676712e-01 2.005685930358913072e-01 2.792619044594188971e-01 2.735899274331525799e-01 3.021860550266829981e-01 4.229518423233035729e-01 -3.042476804128285139e-01 -1.178737802269669704e-01 -3.859746907535628602e-02 -2.542485947738977181e-01 2.611255880274949703e-01 1.325933167390163925e-01 3.252152162757880327e-01 2.760255423838738897e-01 -4.514321857174882074e-02 -4.688168937485340249e-02 -1.251454770709659325e-01 5.307218045940269996e-02 3.177223971196428409e-01 5.143421177637350593e-03 -4.231065946648137066e-01 -1.088233079364165079e-01 -8.311574240795882584e-02 5.376404777721074391e-01 9.726916538106858412e-02 -2.256062580001829132e-01 -1.076746731074063740e-01 -5.248110624199477797e-02 -2.420978911099264941e-01 -2.611528945122902345e-01 -1.361579638419509464e-01 -3.442318131416893245e-01 -3.476039980517371397e-01 1.055708411966942012e-01 2.623323976251714096e-01 4.326313659513943422e-01 -6.199370186091115315e-02 -7.153958828050905813e-03 2.754467596461739887e-01 7.420580335861719223e-02 4.760266988035274927e-01 4.956504391182213198e-01 6.056434350674506639e-01 2.347340773113285872e-01 3.484372282991803904e-01 2.304730031429463866e-01 2.906293418538367646e-01 2.280099742331701540e-01 7.065349294848949357e-02 1.123768603725013200e-02 4.378070624839053293e-01 2.282731273615381806e-01 5.022151204669985658e-01 5.238931503860039252e-01 2.961570048305600111e-01 -9.236154564986823190e-02 -1.789139011994613226e-01 2.256343599583891524e-01 1.109700580617294652e-01 2.501120402248198649e-01 4.776298887820891736e-01 3.996330250339609202e-01 4.505243160889654264e-01 4.219029591661759282e-01 3.791025182549995209e-01 4.616334088218498888e-01 3.065465125833329307e-01 -3.488526452915512860e-02 1.534337052569800519e-01 2.468125366909857399e-01 2.809720681487447580e-01 2.019369969160015044e-01 -1.381536733655545357e-01 -1.775937816012955195e-01 2.595189281855704855e-01 -9.622400439349626522e-02 1.647834670309368532e-01
