1.000000000000000000e+00 1.915998962673860218e-01 -9.155461699147392912e-03 -6.460616380741716902e-02 -1.349825265815319808e-01 -7.336839656962719503e-02 4.296081289467121311e-01 5.611231380162450683e-02 -1.508660180001428763e-01 1.170880630310627141e-02 1.019198579540513266e-01 1.734199948246287759e-01 -4.271228725592351450e-01 -4.160729010414229156e-01 -3.836540290910424589e-01 4.037709379600605830e-01 -6.018187382299162724e-01 -3.857834927381915691e-01 -4.315596702522041528e-01 -4.039396743218391927e-01 -3.691030440962783099e-01 -5.068746787442878210e-01 -4.222958576441671052e-01 -3.307347641764286084e-01 2.371052058277031138e-01 9.243125906643609446e-02 -4.373553280643101560e-01 -4.579589167774980596e-01 -5.260074446369313872e-01 -3.490436613458700044e-01 7.856665940318698430e-03 4.364388519900758712e-01 2.986355135059639010e-01 -5.238118082357695604e-01 -2.281912058488077266e-01 -2.883107881502514624e-01 -1.319177252582192927e-01 6.002299675594786610e-01 4.316816776853568127e-01 2.593077523409745844e-01 -1.276829353341950302e-01 2.078070733450665397e-01 5.504691009290738624e-01 3.199480072344754733e-01 2.527620631321244038e-01 -2.570129866246245176e-01 -3.899241667408599454e-01 -3.719737998954809610e-01 3.830213470674170284e-01 -1.356942215881869196e-02 5.248065374651005310e-01 2.491636197307799672e-01 4.793462077618472761e-01 1.085477754713065485e-01 -1.768866246763471000e-03 -5.587949365860351604e-03 -2.903543374431508811e-02 -8.370874433494167322e-02 -2.382812175539979552e-02 1.930751875974713594e-01 3.454574559447112225e-01 -2.487743914975720227e-01 -5.442904654770318595e-01 -4.741018087018612492e-01 -4.499843280097419185e-01 -5.162690099755404827e-01 2.573455289273457458e-01 -4.522574466237627155e-01 -5.176805319988514453e-01 -4.686030694679448327e-01 -5.634467352374631366e-01 -2.543057682200458025e-01 -5.231645666533371042e-01 7.742147494528696383e-02 -1.918491750613680047e-01 3.417910182847609390e-01 -6.118288731395739033e-01 -4.067224324865927332e-01 1.425183536566797804e-01 4.424415280948080786e-01 -4.606356713636921008e-01 -2.845664450295355974e-01 2.399169935111871432e-01 7.026940596419746499e-02 -3.207996060741516442e-01 -4.324519459834022528e-01 -2.480707201412754928e-02 -1.720324663081767291e-01 -3.434335171469936610e-01 1.350350180695594482e-01 4.696999107652728989e-01 1.789076632225769514e-01 5.274008162429135727e-01 4.356604263865981874e-01 3.958309861982268196e-01 3.777740149770577038e-01 -1.742912342633182177e-01 -3.253686636519582676e-01 1.211980651684142762e-01 3.028516809997215675e-02
1.915998962673860218e-01 1.000000000000000000e+00 3.669486294569621054e-02 4.318831892673282158e-01 2.931389197857852680e-01 -5.600992535900196218e-02 3.652212386297886693e-01 3.724315317072958709e-01 7.290985671641479759e-02 -7.114464286889971012e-02 -1.607284486687749203e-01 -5.859098607743092740e-02 -3.422086728134415834e-01 -2.796784837376656285e-01 -3.499202554699152312e-01 5.728367777065037636e-01 -2.801681142703444927e-01 -2.320753453993970317e-01 -8.389614890054038210e-02 -2.461680115317282369e-01 -1.252265083324650141e-01 -2.859601681547728202e-01 -3.781988792922743592e-01 -2.249109587970933299e-01 5.641976118813012142e-02 -1.416825245202399941e-01 -1.331307060966197275e-01 -2.550013535857506008e-01 -2.566998314139896653e-01 -2.077937555488688082e-01 1.576967626287010260e-01 3.171717418726315296e-01 5.485977014065813728e-01 -2.495252383931071960e-01 -9.904207370633544283e-02 -2.117393111741823208e-01 -1.715023080528366439e-01 3.380724179766278481e-01 9.817052030168625654e-02 1.970451935098929686e-01 -2.138861231747486435e-01 9.773318034542917421e-02 1.550647591552808124e-01 1.813021904486468994e-01 1.940155165175084240e-01 -2.107328867377178117e-01 -3.229350871224810904e-01 -3.458306047732805921e-01 7.851923169008004355e-02 -1.754783993334903813e-01 2.046229653419018579e-01 2.953275290436870870e-01 4.625788663293661229e-01 5.024423771251714799e-01 1.455845609917922889e-01 -7.350516753148422788e-02 2.781824021566253191e-01 8.956870796780795618e-02 -2.567605969819023448e-01 -1.460700722814439467e-01 1.158691354196739326e-01 -1.707341021647113821e-01 -2.967222446790483970e-01 -2.475303264994689612e-01 -3.785240510042353623e-01 -3.045683535293128852e-01 2.086408309680011508e-02 -2.902929113483966317e-01 -1.979787184612956941e-01 -2.040564929726206012e-01 -2.786062802483492140e-01 -2.861207072276786278e-01 -3.831071805591438895e-01 -1.067698938875717984e-01 -2.838607159493948262e-01 -3.999029684047529509e-02 -3.896419890618841309e-01 -3.372480888073826066e-01 9.737173899245231412e-02 3.455638477780668127e-01 -3.636097754326825249e-01 -2.797058411900197328e-01 2.120740416405925144e-01 -4.395273165332538867e-02 -1.414511740986111876e-01 -3.694736195568272819e-01 -1.652971698715274551e-01 -2.723318493441113652e-01 -3.040884559651139685e-01 8.056854007858639099e-04 3.632932912605951192e-01 -1.337055417557943549e-01 2.874984731979361996e-01 2.051243092754054809e-01 2.518417845918616838e-01 1.105863908883286117e-01 -2.433390669988074739e-01 -3.958186820301860531e-01 -1.853185069680512997e-01 -1.210591635419873136e-01
-9.155461699147392912e-03 3.669486294569621054e-02 1.000000000000000000e+00 1.055373267899201578e-01 1.092992841917628383e-01 3.952476720078440531e-01 -2.247263033669632051e-02 -5.104733194778279803e-02 9.853869307475476846e-02 -1.564039475130046264e-01 1.878990703424230913e-01 1.298099080166483787e-01 2.235385952567484902e-01 1.896620972415375417e-01 2.915872501109131876e-01 -1.053129442407766819e-01 8.086005816935062929e-02 1.822044785781241072e-01 1.715294143469502652e-01 1.062889965600281456e-01 1.370137410983045256e-01 4.252938479249560033e-02 2.693906008282032638e-01 3.435043331171403619e-02 -3.611791858312624753e-02 -7.815014892463140184e-02 1.685692863118398166e-01 1.480505335445514714e-01 9.715344308193435419e-02 2.588346070372071206e-01 -1.264151845448669986e-01 1.298832707199401304e-01 -1.310684807994746126e-01 1.636732474513982738e-01 -9.397721265785873024e-02 4.050589012404431921e-02 -7.202032695440897803e-02 -2.158453583151226651e-01 -1.369259670399776939e-02 -1.273231321602256438e-01 -1.404567336168629499e-01 -4.324727398558213531e-01 -1.497319996641524598e-01 -2.431297760813504738e-01 -1.044578005335440318e-01 -4.541089525723628756e-02 1.046559843107484761e-01 5.392043788726209180e-02 -5.890483417306875691e-02 -1.431847914259500587e-01 -1.337761557460469819e-01 4.531601342627909063e-02 -2.532065656841933632e-01 -7.747301012607629711e-02 1.682820397497772902e-01 2.462552130867052824e-01 6.041897820264643254e-02 1.165755980149617461e-02 1.658583450070926779e-01 1.220351375216944395e-01 2.593910484673406791e-01 6.459135637893054227e-02 1.546620693873445307e-01 2.622045150326733909e-01 2.931885681016985767e-01 2.627131358380935255e-01 -2.362163686162084275e-01 2.273062023858443415e-01 3.016829789062025480e-01 2.820103256208564835e-01 1.349686136221487365e-01 -6.281021172439667233e-02 1.562011947765865882e-01 -1.064395919924165101e-01 2.504866235085038140e-01 2.294670685676385713e-01 6.225635908242109495e-02 2.901540195361434482e-01 -1.711102119466093585e-01 -2.490920777627477767e-01 2.059825261288263931e-01 -1.249135135395855328e-01 -2.002432744238760998e-01 -1.913047590436713907e-01 8.504058727979683929e-02 4.163298183474644504e-03 -1.403219614244120561e-01 -1.228097856471812577e-01 -3.199613744478352340e-02 -3.974797020369897904e-01 -2.557569041678045552e-01 -1.126754262386385763e-01 -8.493874726353216331e-02 -2.175975158895708250e-01 3.955900524883550901e-02 -3.541019235996288317e-01 -3.314753350657542036e-02 7.201243541949595151e-02 -1.046812467446402856e-01 -1.462149703841577053e-01
-6.460616380741716902e-02 4.318831892673282158e-01 1.055373267899201578e-01 1.000000000000000000e+00 6.838562158390200096e-01 -2.323019339472046363e-01 2.544276199996657328e-01 2.825260528346697497e-01 1.213782265520119974e-01 -1.684556090325613487e-01 -2.636418204233383911e-01 -8.882313252679549520e-02 -1.554327178338568427e-01 -2.358782083225552384e-01 -1.715222998488915296e-01 1.596903864208150392e-01 -2.069911514060902569e-01 -1.901749069896356559e-01 -2.343828332048751573e-01 -3.060955304699330970e-01 -2.269555881738885839e-01 -2.258923478040854305e-01 -2.158009244006419136e-01 -3.213112236311258529e-01 5.509795008135687927e-02 -2.538909797349043762e-01 -1.839827823057330614e-01 -1.509840465286088063e-01 -1.892475682208760723e-01 -5.420303634091917094e-02 3.998395424066603088e-01 3.682677048557874144e-01 4.500937736832767433e-01 -2.474184753061371977e-01 -2.553077533316414072e-01 -2.372222584527339806e-01 -2.702145603016659070e-01 1.837593024549924459e-01 -9.003876584917724912e-02 -1.003352719669497184e-01 -3.005492109524626754e-01 -1.564583492325994918e-01 -1.230915085961667016e-01 2.828380087256883169e-01 1.314748618476681008e-01 -2.384497519968510337e-01 -3.339227891875273246e-01 -3.224170671693145640e-01 -1.480368872160173488e-01 -2.752219698556290783e-01 5.130501079486835675e-02 6.505705658447104300e-02 1.577009698671113236e-01 5.364974349459924463e-01 4.934162912073576657e-02 -1.938307213514805782e-01 1.453719681581135958e-01 2.003359359810771567e-01 -2.564437073738277117e-01 -1.618343110237007235e-02 1.332366822503557868e-01 -1.035212479555027293e-01 -4.587607235888509216e-02 -1.146529998400657724e-01 -1.450737518383919955e-01 -1.592643780287092137e-01 8.156653901353101352e-03 -1.455135210785008515e-01 -8.863031344895273833e-02 -1.236486931999628835e-01 -1.980138862644020836e-01 -2.887339709508599528e-01 -1.338611345154001875e-01 -4.214860541646034964e-01 -1.793882017873166534e-01 9.631898027970561826e-02 -2.150329290283813366e-01 -1.711161101223717396e-01 -3.105273254176450781e-02 3.226268849099936942e-01 -1.841284123029517938e-01 -2.564099298160572582e-01 1.438514293058084648e-01 -1.827243855776438386e-01 -2.144247047777767257e-01 -2.483687278600175963e-01 -2.798619893881613696e-01 -4.186637557472002169e-01 -2.045126704650496730e-01 -2.288563458581485965e-01 5.116856930073135357e-02 -1.339749731727061244e-01 4.006232745159640785e-02 1.800272491397506003e-01 1.353874007529051182e-01 -7.173455470655694388e-02 -3.265531155722678491e-01 -2.306359446428611626e-01 -1.833019891946406910e-01 -1.982903547516638443e-01
-1.349825265815319808e-01 2.931389197857852680e-01 1.092992841917628383e-01 6.838562158390200096e-01 1.000000000000000000e+00 6.277511397133322957e-02 3.786758505107926109e-02 1.158846514915661680e-01 1.483143894318445788e-01 -5.860845927792190241e-02 -1.903122861300982072e-01 -1.162858140149005889e-02 -2.234498429416061430e-02 -1.708478957213022675e-01 -1.029227152952461727e-01 -1.328839808053460143e-03 -1.358824594078982539e-01 -9.953615222419194553e-02 -1.921062102855707054e-01 -2.302285553356326619e-01 -3.165297659797717822e-01 -9.171058807607379570e-02 -1.032679961731986368e-01 -2.488998379310528031e-01 3.929951353260921487e-02 -2.029938178472795729e-01 -1.255032585175328563e-01 -4.376067527466719065e-02 -1.047964179781825100e-01 2.591255376428588161e-03 2.265822090075567119e-01 2.312260127943468746e-01 3.217543767582030645e-01 -9.689619082234154912e-02 -1.392704211780509127e-01 -7.523266026558897424e-02 -1.843123507488964863e-01 5.979703113129480191e-02 -1.082314603657975188e-03 -1.474786971326855767e-01 -7.907029431934198271e-02 -7.620916143809640386e-02 -9.560225553033750712e-02 7.633204055485709461e-02 1.399393845345383962e-02 -8.829075433478815460e-02 -8.896909706900606174e-02 -1.771741525763232961e-01 -3.703167676987316470e-02 -1.100237579037046665e-01 -3.652668467060491558e-02 -6.401545129703054005e-02 -5.798645821421700292e-02 4.694159283593793974e-01 2.567680102216523541e-01 -1.122376961363459186e-01 -2.259891009379607490e-02 2.802861322739961802e-01 -1.390677764478857603e-01 -9.464553941767007983e-02 9.330868636333815302e-02 -2.047132484330485558e-02 6.890088155099259593e-02 -6.618828323697581451e-02 -8.077859932131729870e-02 -7.904582844180609025e-02 6.635331916106604333e-02 -1.469721027378100564e-01 -4.934516564832291952e-02 -7.192507688516998343e-02 -1.638866058051214047e-01 -1.607959151314006241e-01 -6.584918604723440094e-02 -3.050115190982093938e-01 -1.477580214893329524e-01 1.953879250058571451e-02 -1.178539502107980863e-01 -1.232118477916696458e-01 -2.053472073587876978e-01 1.092062815875560200e-01 -1.630822460080627589e-01 -4.063799129416197781e-02 6.272989926364753999e-02 -1.736927542686913517e-01 -2.232092625029398203e-01 -1.124406763555702189e-02 -1.719619516978140306e-01 -2.120891492401877354e-01 -1.534422408252761588e-03 -9.406965335431513586e-02 9.397994488946298172e-03 -9.999732026669735929e-02 2.284407815433410916e-03 1.439351733254548293e-01 7.434983547283412209e-02 -1.781609472866301780e-01 -1.630674992259473766e-01 -5.715832624181063637e-02 3.587053695167810585e-02 -5.681163358384290485e-02
-7.336839656962719503e-02 -5.600992535900196218e-02 3.952476720078440531e-01 -2.323019339472046363e-01 6.277511397133322957e-02 1.000000000000000000e+00 -1.269993419908704568e-01 -1.464616734135813503e-01 3.552886658077063498e-01 3.133725912378189649e-01 3.877342435126804321e-01 3.020023542495629543e-01 1.938860793781450875e-01 1.393775738565908584e-01 1.516731356814254583e-01 -6.786964000958282950e-02 1.032370041633269148e-01 8.515828678048351086e-02 2.987546878904161485e-01 6.129186302183522311e-02 -2.746614031547887566e-02 1.253602497822765560e-01 1.772340917592787890e-01 2.460405516886779997e-01 1.554562510507569162e-01 7.576259626330748842e-02 3.047287846021665483e-02 1.226963335166539604e-01 1.656110957823340168e-01 1.197082229265905295e-01 -1.962253704487522399e-01 -1.325541907916143736e-01 -2.994845357230631056e-01 2.432197762041761468e-01 -3.026663852211075763e-03 1.763688727064114670e-01 -2.281101380791913935e-02 -2.667905151681682629e-01 1.296356479393795114e-01 3.824823478390455139e-02 1.670140717494668081e-01 -1.375262931297606683e-01 -3.713908726321073217e-02 -2.287994635049334646e-01 -1.790563341600492631e-01 1.010905756426915408e-01 2.771445581857165941e-01 6.294576287021394490e-02 2.728611164399667999e-01 9.351780735604804662e-02 -4.988469114030200102e-02 -2.727657412851969623e-02 -3.492558631809131175e-01 -2.204183483531118870e-01 5.304711305203986260e-01 5.865271725236215206e-01 -2.726305650355622182e-02 1.162348133954893559e-01 4.453413854014159901e-01 -1.973227707977192880e-01 2.220870034692873085e-01 2.361774588521268758e-01 4.102841185178536521e-02 1.321274827905594418e-01 1.360385442373747977e-01 1.776813769332674653e-01 7.976555615521638276e-02 1.429806303598582691e-02 1.953263862357940694e-01 1.807793910067421184e-01 4.312197035790525657e-02 2.226566873042869210e-01 7.523340907053530091e-02 4.094308459773522424e-01 3.073217161908444184e-01 1.837225709333893120e-01 1.055300702506922067e-01 1.727128414512139054e-01 -7.199172900283523635e-02 -4.609072310475368917e-01 8.370434117516377392e-02 2.414353985075849141e-01 -1.483415641648512806e-01 -4.205027347384481667e-02 -8.135099675990881130e-02 1.682321654243055797e-01 7.684402046467948312e-03 1.066558833786798860e-01 2.103343029485111870e-01 2.727631884577638721e-02 -7.441619446602264210e-02 2.554559155769901002e-01 5.357447799990418084e-03 -1.360861356611186845e-01 6.271980135575954893e-03 -1.447446404103012174e-01 1.591587150069708190e-01 1.517387656220604564e-01 2.582070456186803531e-01 1.163510505225881647e-01
4.296081289467121311e-01 3.652212386297886693e-01 -2.247263033669632051e-02 2.544276199996657328e-01 3.786758505107926109e-02 -1.269993419908704568e-01 1.000000000000000000e+00 4.561123076350581118e-01 1.535827298599332646e-01 1.998381596911623093e-01 -1.070775353299091709e-01 2.393094995543731951e-01 -4.375124432188542412e-01 -4.692861061431894409e-01 -3.908771929750099461e-01 4.683783823259477508e-01 -3.892415001748929515e-01 -2.383655854335507140e-01 -3.103564071189618412e-01 -3.450642465526404523e-01 -2.363727550933764077e-01 -4.996564770103035791e-01 -4.938349797585913081e-01 -2.209075597110417566e-01 3.642471818862768052e-01 -9.835654882852688796e-02 -3.902049712722486796e-01 -3.863183482841936467e-01 -4.818777872766265569e-01 -3.660796499483128796e-01 1.638902689173631078e-01 4.452241375710016547e-01 5.060507274295131808e-01 -4.684634901435337784e-01 -3.011660450925056631e-01 -2.848398051377982187e-01 -2.485149692326459048e-01 5.147974767019377618e-01 3.391763510463800535e-01 3.441722544433715170e-01 -5.498753850185034847e-02 2.074773639887066493e-02 2.824689714873589441e-01 3.580595008291265757e-01 1.978319626153316191e-01 -2.717890868330062326e-01 -5.254859796052708809e-01 -4.858909135157128967e-01 2.676849205198437720e-01 -9.816804214828657449e-02 4.855666831939903783e-01 3.035711760946164239e-01 4.712110121947918895e-01 2.937328173631537087e-01 1.349539934113628548e-01 8.058397884684534440e-02 2.892347243490079878e-01 1.070755115988717560e-01 -3.915533866475304908e-02 -9.326006008995627039e-02 3.990794988737307314e-01 -2.042730360651684174e-01 -4.447615147381840384e-01 -3.470155356955072490e-01 -3.518227745482419011e-01 -3.746701750934862685e-01 3.404362419782517857e-01 -3.315936798663797758e-01 -3.739081239138472013e-01 -3.041975900167199764e-01 -3.535326405149268880e-01 -2.577544502294406015e-01 -4.623469919738120160e-01 -8.476776787440519489e-02 -5.077989127380846957e-02 3.805353808064254606e-01 -5.276331069366050341e-01 -4.645702296579738433e-01 9.475121669853489581e-02 4.148838206126294614e-01 -4.707451740563456943e-01 -3.575827318157461798e-01 1.832692135323353011e-01 -1.563369074296420691e-01 -3.175462940838793546e-01 -5.049556105916992443e-01 -2.350737310646254519e-01 -4.097096705620384416e-01 -2.863784050708974016e-01 6.956108217216535466e-03 2.995573153655995968e-01 1.596039634214451997e-01 4.086484289885592425e-01 4.066373827228406679e-01 3.024243697361467254e-01 1.487679942666935984e-01 -3.456545761959144980e-01 -4.380324047998281900e-01 7.097073842762779972e-02 -6.888307704387254538e-02
5.611231380162450683e-02 3.724315317072958709e-01 -5.104733194778279803e-02 2.825260528346697497e-01 1.158846514915661680e-01 -1.464616734135813503e-01 4.561123076350581118e-01 1.000000000000000000e+00 3.975316935266356433e-01 1.925460144615556146e-01 -2.913516828414363657e-01 4.875252869851275789e-02 -2.387895990125986911e-01 -2.026369557175494440e-01 -2.137549535991510596e-01 2.759194990772006473e-01 -3.019299194891258628e-02 1.418299240536869399e-01 6.779321940690274939e-02 -1.981711069491827737e-01 5.400756526334091201e-02 -1.911724102262090663e-01 -3.416010281995867648e-01 -5.091789900251573152e-03 1.888767204491390850e-01 -6.095828762228441833e-02 -1.844413443575514955e-01 -1.580360249529219330e-01 -2.007976718182995779e-01 -1.468422212295117657e-01 2.678131630430482524e-01 1.180449407188832595e-01 3.075580533804117556e-01 -1.117948316747819915e-01 -6.669859036147303410e-02 -2.518497090269026795e-01 -2.429634713837725279e-01 1.860915941777611937e-01 4.494375703903463748e-02 2.402553000171013531e-01 -9.449758415784009769e-02 1.479053059121060720e-01 4.716542366069508690e-03 2.012099588462413491e-01 1.888396507850584050e-01 -2.533980063643401781e-01 -4.396097689565751643e-01 -4.192926942811270319e-01 -6.824957966356211270e-02 -1.864671985763801942e-01 1.455734160391217169e-01 2.627331277027732948e-01 2.617709127577168560e-01 2.921536259632421806e-01 1.975081176216695322e-01 1.751493939141786360e-01 4.609085917769071283e-01 3.835950099231731913e-01 -8.223102166447192329e-02 -2.677000967678494492e-01 2.116514800003668414e-02 8.164994231935822355e-02 -1.254527218796918087e-01 -1.826686583372405526e-02 -1.106604670396465068e-01 -5.777755013341959178e-02 5.328167274255574126e-02 1.173236012740252326e-02 -8.563201101131403051e-03 -1.384764547434843077e-02 -6.987812408645742435e-02 2.981476240143371426e-02 -2.014987797127007485e-01 -1.710353651088444560e-01 -7.552469701518814416e-02 -1.902358606294467583e-02 -2.038275980912381546e-01 -3.346153451638636533e-01 2.047468005767671961e-01 2.479668871203866698e-01 -1.731892017123811411e-01 -2.404566277958085085e-01 1.383204231279372143e-01 -1.064254796244723522e-02 -1.380299378379308273e-01 -3.351292930544633730e-01 -1.587583280803142316e-01 -1.656910465628742557e-01 -1.877165896646785792e-01 1.213817320634849421e-02 5.272562210177206971e-02 -5.200570930782229956e-02 1.331139983905200719e-01 1.869044420497769921e-01 5.730286074676471664e-02 9.411930482444196000e-02 -3.659008312986414269e-01 -4.061952951417353019e-01 -1.002264257891229832e-01 -2.058084599963137806e-01
-1.508660180001428763e-01 7.290985671641479759e-02 9.853869307475476846e-02 1.213782265520119974e-01 1.483143894318445788e-01 3.552886658077063498e-01 1.535827298599332646e-01 3.975316935266356433e-01 1.000000000000000000e+00 2.347500015873683621e-01 -2.066013917585272225e-02 7.193490952062041310e-02 3.204323990357019897e-02 1.658300454650356781e-03 -1.330808679985465669e-02 -1.016578487345175807e-01 1.100846212607939495e-01 9.466195796093349046e-02 2.601570784900456013e-01 -4.990375485398844402e-02 -2.696613221959124479e-02 -8.960197925649063949e-03 -1.066765044459663248e-01 6.692385042613628598e-02 3.328927233687782594e-02 -1.294105047353876770e-01 -1.771576198399522906e-01 8.495631220108240678e-03 4.101307899370128240e-02 2.150487994948271572e-02 2.115680266136240120e-02 -1.724088371935352804e-01 -1.438423764760548562e-01 1.635274785307091472e-01 -1.865432097671179679e-01 3.663276042497251583e-02 -9.494153598415380757e-02 -2.344784223556329594e-01 -2.923191914326730631e-02 -1.656633228330673291e-04 1.303410035182742677e-01 -1.120717004405672040e-01 -2.578614688728643745e-01 -8.085007740549159105e-02 -2.241001840489821040e-01 -1.335064996071214927e-01 -1.019284679184220277e-01 -1.845401056216439406e-01 5.255858032798050444e-02 3.443229611097625709e-02 -7.191780107844793213e-02 1.303513722941641029e-01 -8.657400721814480227e-02 1.648940087102820640e-01 4.571189041783161322e-01 5.517718179060895345e-01 4.570973191654747469e-01 5.853190445171136957e-01 1.736685892044471935e-01 -3.551048226752608339e-01 3.065519366941654722e-02 2.259987784074106720e-01 4.125498681448350191e-02 1.772423438973697030e-01 5.971262240136879229e-02 1.150585483099016287e-01 2.284825313437106320e-01 6.410961540237347656e-02 1.708850422803655789e-01 1.630007882887089810e-01 -3.440654049720561457e-03 2.166396996946415299e-01 6.967140560506464297e-02 1.107033456124623949e-01 8.619743307051423720e-02 1.109489561575111895e-02 9.477952773708252232e-02 -6.985044446668003948e-02 1.126668080925418286e-01 -2.840051302501446773e-01 2.107514411757957506e-02 2.644500467970613555e-01 -1.767297733343600741e-01 -1.693966850466878948e-01 -1.991212606606653501e-01 4.050895602178503085e-02 -3.703004594478993133e-02 -3.234878551236222005e-02 1.645061383942938160e-01 1.671653325500038201e-01 -5.334757938372057529e-02 -5.137671343883990632e-03 6.888671376687622791e-03 -7.910260904075648580e-02 -1.493879632365450738e-01 -1.072705968710037372e-01 -2.217577204849512651e-01 -1.081478568348788888e-01 9.265683472014944744e-02 -1.879695290296637053e-02
1.170880630310627141e-02 -7.114464286889971012e-02 -1.564039475130046264e-01 -1.684556090325613487e-01 -5.860845927792190241e-02 3.133725912378189649e-01 1.998381596911623093e-01 1.925460144615556146e-01 2.347500015873683621e-01 1.000000000000000000e+00 2.898539771433652490e-01 6.701062929815937430e-01 1.278279259356618694e-02 -1.701841497572011697e-01 -1.107451703453329744e-01 2.030323561693209433e-01 3.537002887798766648e-02 -1.613892815361949937e-02 7.626758111504904070e-02 -2.067752509944409955e-01 -2.130166230484082379e-01 1.061327016098772280e-01 -9.710343024813114510e-02 4.546555706924310658e-01 7.034952182811627930e-01 4.129175434599858252e-01 -2.543546068544857985e-02 4.132081701772477578e-02 -7.533600617069147187e-02 -6.026148992663302173e-02 2.173490573957856664e-01 1.130010608719083376e-01 5.561051895376442622e-02 -7.093236471847010061e-02 1.889568763625072145e-01 -1.005594319870636993e-01 -3.166511592968631050e-01 1.912191949816652303e-01 2.300566296036872238e-01 5.046689779165974832e-01 8.584105349655063444e-02 3.445944490619382017e-01 2.371752142307109457e-01 2.637551637088103584e-01 2.454686145796622365e-01 5.129296457147102493e-03 -5.201522628439000234e-02 -2.390477831181270496e-01 1.593345906306335158e-01 -1.537002154118521369e-01 3.188842370563878537e-01 3.270101066999112072e-02 -1.549277022284061556e-01 -2.805099019030488083e-01 3.555883817041786688e-01 4.167424327174397147e-01 -1.426345256106470727e-01 4.119144226956910487e-02 5.539231354943886521e-01 -2.538854101194255586e-01 3.283088418675240150e-01 2.936377062094959745e-01 -1.459194893948040361e-01 -2.492437467993142142e-01 -9.240777768100949530e-02 -1.309822660513169749e-02 1.302663414772374795e-01 -1.967034900661215058e-01 -1.299572069212605596e-01 -2.012973957832019101e-01 -1.500554930043843105e-01 3.731432197174548993e-01 -1.567742784723970273e-01 3.601073044110494337e-01 3.400006051282707387e-01 3.529272777701180086e-01 -8.343249116172114788e-02 -1.366232296662251156e-01 1.849221464311631702e-01 6.426107788404578081e-02 -1.430606174832044775e-01 -8.806382532635505245e-02 3.274336599274728643e-01 2.965182964932372989e-01 -5.207296788327669262e-02 -1.713757604486560449e-01 -1.978904249605596966e-01 1.307194889777066882e-01 -4.362773859888073591e-02 2.560298125572868511e-02 -2.672477155751441791e-02 5.947755775871186312e-01 1.341817631228679475e-01 3.263923807963085011e-01 2.012619959864075103e-01 1.854535351878205673e-01 1.948109938487943213e-02 -1.300723520515372766e-01 1.869688782371849711e-01 -1.029557743471974235e-01
1.019198579540513266e-01 -1.607284486687749203e-01 1.878990703424230913e-01 -2.636418204233383911e-01 -1.903122861300982072e-01 3.877342435126804321e-01 -1.070775353299091709e-01 -2.913516828414363657e-01 -2.066013917585272225e-02 2.898539771433652490e-01 1.000000000000000000e+00 3.745073785451170090e-01 2.074154578452160058e-01 1.295087820285137081e-01 1.188827230127499635e-01 1.153517764840426146e-01 -6.144200429557198501e-02 -2.404860200939731574e-01 6.906858379821920191e-02 -1.046617666402728519e-01 -4.732075741935657526e-02 1.628003272561295844e-01 2.309078133504035846e-01 2.759882754074940436e-01 2.692913075692488500e-01 4.636941481082413885e-01 1.236877517377967112e-01 9.650338349345030653e-02 1.452736856135425358e-01 1.252364634686664868e-01 -3.890918887936552217e-02 6.825218228628866790e-02 -2.175271433901856122e-01 -3.955307745532903041e-02 8.572764423120649013e-02 -5.165357043337158449e-02 -1.518633407170875416e-01 2.711966909280931481e-02 1.175111540957319151e-01 1.945384462789937208e-01 -1.130428827138240944e-01 4.112744985533749870e-02 2.363581764320565881e-01 3.513929942716514238e-02 8.830667463322097732e-02 5.827958366734886653e-02 2.223835151143606637e-01 9.663315234192158820e-02 2.567720257484714524e-02 -1.639510243849907345e-01 1.549678129977495877e-01 4.772464967966617150e-02 -1.584348865828887898e-01 -4.172325187733479934e-01 4.044212009259353507e-02 2.424791819355923694e-01 -2.185998141779643689e-01 -1.987374710154773683e-01 4.339888833299718751e-01 2.182242001752103533e-01 3.940886948311741467e-01 2.354464482141621351e-01 -1.270977211762032155e-01 -1.267973895371683757e-01 7.738425469365335825e-03 9.713858989143607861e-03 -9.350536744012191703e-02 -1.117351337443728276e-01 -8.893843712768673138e-02 -1.645769829177881338e-01 -1.043070171590506079e-01 1.062529063274740421e-01 -3.410925442142492825e-02 2.913195786309998869e-01 4.360091615147526634e-01 3.530516220580946496e-01 2.819678964995839948e-02 2.808685307132195441e-01 -3.005336880726259402e-02 -1.290571754759590739e-01 1.032998131933898778e-01 -8.494612124071888870e-02 2.960756127717914521e-02 1.811144032699807394e-01 5.639880203391547248e-02 -1.388717516963936527e-01 -1.212630167578351015e-01 7.093992273391938608e-02 -1.092031917266438890e-01 -1.637775483642215923e-01 -1.693918383327258637e-02 4.479427536136904586e-01 3.974898825899748217e-02 -6.650437748541701555e-02 2.064490060110236169e-01 7.455514488840062071e-02 1.695016288323763776e-01 5.616438657565297338e-02 -4.110402322213077553e-02 -9.145310593414870959e-02
1.734199948246287759e-01 -5.859098607743092740e-02 1.298099080166483787e-01 -8.882313252679549520e-02 -1.162858140149005889e-02 3.020023542495629543e-01 2.393094995543731951e-01 4.875252869851275789e-02 7.193490952062041310e-02 6.701062929815937430e-01 3.745073785451170090e-01 1.000000000000000000e+00 1.112339147609216483e-01 -1.546958375447640699e-01 -3.960206470145269907e-03 1.957333408436474909e-01 -6.001555727965019599e-02 -8.302541564306349653e-02 -3.982669415034916643e-02 -1.907347891771110915e-01 -2.182015812173528913e-01 2.024205933843861369e-02 -2.192320364626455451e-02 3.964742836626179989e-01 7.036596759495371556e-01 4.942775433101866955e-01 1.385779856550111832e-03 1.807173678438731002e-02 -1.426181357765254065e-01 2.699538730325556218e-02 1.478922004659479206e-01 3.036749581465404413e-01 8.399875673275361554e-02 -1.522152373398561742e-01 8.011597826533158051e-02 -1.337379463005001767e-01 -3.710977710470207414e-01 2.225571250492952013e-01 1.942429857310289387e-01 4.267722558965321156e-01 -9.773901112162755589e-02 1.308441312898317443e-01 2.826318359181138606e-01 1.767924069847624791e-01 2.373371610709453516e-01 -1.411135546432807086e-01 -9.231863256055930500e-02 -2.766901337906987890e-01 1.250247786412803930e-01 -2.841467000458096082e-01 3.496960335820210597e-01 -7.432877910343483815e-03 -1.485688605751848135e-01 -2.512484968244990680e-01 2.286020609805307080e-01 3.211440771625729274e-01 -2.328115737749220926e-01 -1.022554337048808965e-01 5.402967201676421860e-01 5.244283778623790720e-02 5.547703374865753378e-01 2.901140353569310326e-01 -1.140024134230920999e-01 -2.443258041854338980e-01 -4.492010840210685502e-02 -2.216437978978912093e-02 -8.223774979278836508e-03 -1.678618398521109223e-01 -1.090669241681831020e-01 -2.064221859589640273e-01 -1.671565586927438174e-01 2.255522987577910088e-01 -1.731256386700538996e-01 2.367098842881001086e-01 5.082242950309145968e-01 5.773471072126538095e-01 -1.509211345205228594e-01 -1.751010373253386598e-02 6.029537425801317907e-02 7.945898621114604043e-02 -7.411952369016536202e-02 -2.557282221906376773e-01 2.130374950021649283e-01 1.721130381131426579e-01 -2.529646742576964827e-02 -3.209170001629333968e-01 -3.080133993934172643e-01 2.558541344601452522e-02 -1.607072275843575149e-01 -2.166102264410650069e-01 -1.200568687654424288e-01 4.755848458512134114e-01 7.480735375333123771e-02 2.586608316105314387e-01 3.381454801433659840e-01 5.430447747003659675e-02 -7.448920944687120738e-02 -1.792864630820052985e-01 9.033178986548796863e-02 -2.131573826014628303e-01
-4.271228725592351450e-01 -3.422086728134415834e-01 2.235385952567484902e-01 -1.554327178338568427e-01 -2.234498429416061430e-02 1.938860793781450875e-01 -4.375124432188542412e-01 -2.387895990125986911e-01 3.204323990357019897e-02 1.278279259356618694e-02 2.074154578452160058e-01 1.112339147609216483e-01 1.000000000000000000e+00 6.085132991647782541e-01 6.314719951838443368e-01 -4.272174959718686993e-01 5.554463831023894738e-01 3.823431243204949981e-01 4.280974376256825864e-01 2.589517569148137577e-01 3.775525476847406137e-01 5.368383097194795450e-01 5.951147502667363254e-01 2.957050917116353927e-01 -1.000516216920927098e-01 7.094926008967733511e-02 4.849583537264856026e-01 5.427714554678273462e-01 5.197590032709867858e-01 5.267189571714848695e-01 -6.833543149864745869e-02 -2.560740649715678163e-01 -3.058444329321058919e-01 4.754649615106364968e-01 2.998571083384804492e-01 3.126052325046880798e-01 2.096779584686000730e-01 -4.409356555982466008e-01 -2.372788146182909230e-01 -1.824219564109005876e-01 1.200641303781041641e-01 -1.171415139182561821e-01 -3.431341878485040797e-01 -3.261732873528284671e-01 -5.660975572640579434e-02 3.417500079521266221e-01 4.642484900406863568e-01 4.627406611769468436e-01 -1.828984329013770282e-01 5.034089065273452540e-02 -5.365385312411251606e-01 -2.980698128683930692e-01 -6.523112016059889884e-01 -3.260566164029959912e-01 -6.127497089668296204e-03 1.813494720705512153e-01 -2.448527942892013698e-01 -1.759701959890356410e-02 1.325943902118830731e-01 8.388367964049765757e-02 -1.185341605854535324e-01 6.039696378113212916e-01 6.558176528535913929e-01 4.111638203020026028e-01 6.126763461359868712e-01 6.190745110444834109e-01 -4.205524611453784756e-01 5.217477751352037618e-01 4.156193065355896499e-01 4.153892241783265216e-01 4.396164137104697223e-01 2.901734194565849245e-01 5.089173918288966147e-01 -9.566807332863641600e-02 2.806813065400781126e-01 -1.677011881407139693e-01 5.162972966759301618e-01 5.605327708405674070e-01 -1.645051079602870281e-01 -3.944092227296153164e-01 3.486472445168184997e-01 1.117169996916841379e-01 -1.823134588214614937e-01 -1.793516635380125457e-03 3.963131060522333549e-01 4.217038422612558457e-01 1.422618922778462469e-01 1.948231743614936007e-01 3.496068992102401851e-01 -2.323417380982647495e-01 -5.318009642464177622e-01 -1.586164280883243238e-01 -4.721892387689156645e-01 -3.698595071377784316e-01 -3.324952807697807433e-01 -3.043232714681684548e-01 3.530736346164758954e-01 4.831731356213562756e-01 3.248699291778672088e-02 5.723783662316679621e-02
-4.160729010414229156e-01 -2.796784837376656285e-01 1.896620972415375417e-01 -2.358782083225552384e-01 -1.708478957213022675e-01 1.393775738565908584e-01 -4.692861061431894409e-01 -2.026369557175494440e-01 1.658300454650356781e-03 -1.701841497572011697e-01 1.295087820285137081e-01 -1.546958375447640699e-01 6.085132991647782541e-01 1.000000000000000000e+00 7.585593145433281448e-01 -3.632789217009063654e-01 5.853932885257768781e-01 4.484450869150654051e-01 6.300888602274218320e-01 3.795225789706033748e-01 5.842408837144521527e-01 5.146805538665162327e-01 7.193486205136591094e-01 2.703942523956587851e-01 -2.973096974281239646e-01 3.876332881395259250e-02 4.902795444050068174e-01 5.669472984842619523e-01 5.173868439547854026e-01 4.969600541896221912e-01 -2.660042342882620869e-01 -3.237033496459465476e-01 -3.744663348462339836e-01 5.388948827562608512e-01 3.620005287615111755e-01 3.167296912599011360e-01 3.546731457062486936e-01 -4.732565025638751366e-01 -2.631992757257377025e-01 -1.426826712222958871e-01 1.313914885043721559e-01 -1.702666042571321092e-01 -3.459021639828454564e-01 -4.491463686697083624e-01 -1.439163708459954005e-01 4.698582221750824406e-01 6.331819597868417748e-01 6.289231864263480354e-01 -2.823231716634523880e-01 1.144933333838183687e-01 -6.225269714050949421e-01 -1.507443970981386105e-01 -4.723191047812656529e-01 -3.245315186078757685e-01 -1.249201966465933733e-01 1.463544526052754924e-01 -1.282513060592610499e-01 2.113325012852271256e-02 7.283957715688527124e-02 1.964666292835002548e-01 -2.673378105529276572e-01 3.640929790146616440e-01 6.171030910426088534e-01 5.224876739706093565e-01 6.922211567903657770e-01 7.144316785365415479e-01 -4.422461078771411924e-01 5.798623221621790336e-01 4.692213505872292467e-01 5.122188065963938497e-01 4.766106368193916420e-01 2.018231332385945764e-01 5.811998400286473299e-01 -8.904415878098904946e-02 1.811224177267563573e-01 -2.968026623664287711e-01 5.225847000696578482e-01 5.962613673132762804e-01 -3.168223819733937963e-01 -4.099589879163376138e-01 4.322055460573649421e-01 1.736486468356803758e-01 -2.323801585748709875e-01 7.930047374319616760e-02 4.469611393774329255e-01 5.440752924634512100e-01 2.769891799962222456e-01 2.528351035777570144e-01 3.572365873087945953e-01 -1.639649418327482344e-01 -4.842439333414228497e-01 -2.655396652329363172e-01 -3.949339704135313989e-01 -4.873276394996471361e-01 -3.364158511773955862e-01 -3.415317524061189935e-01 4.803650479736275014e-01 6.153700799557059176e-01 -4.077628840610768302e-02 9.912382819385316679e-02
-3.836540290910424589e-01 -3.499202554699152312e-01 2.915872501109131876e-01 -1.715222998488915296e-01 -1.029227152952461727e-01 1.516731356814254583e-01 -3.908771929750099461e-01 -2.137549535991510596e-01 -1.330808679985465669e-02 -1.107451703453329744e-01 1.188827230127499635e-01 -3.960206470145269907e-03 6.314719951838443368e-01 7.585593145433281448e-01 1.000000000000000000e+00 -4.089483828435781509e-01 5.333349162965880241e-01 4.628221701142936073e-01 4.819664385400338480e-01 3.622276465526799161e-01 4.899986624211601360e-01 4.571741287752635330e-01 7.409025668218764960e-01 3.161324253974318599e-01 -1.559965875114796285e-01 7.207375814774122369e-02 4.521887415681771216e-01 5.921680201146615197e-01 4.730293338268706238e-01 5.166959028415321065e-01 -2.296412503159387664e-01 -2.144498727024843621e-01 -3.497359186131313025e-01 4.792588804275056402e-01 3.299044294802173094e-01 3.101841464686255767e-01 3.157864565999247142e-01 -4.389794277496923414e-01 -1.992937709673321123e-01 -1.563630278440083232e-01 1.583007159170424505e-01 -1.911471237402575241e-01 -3.140565643275103902e-01 -3.983028176835275991e-01 -1.010091688544557664e-01 4.700426808522882860e-01 5.894595988319218938e-01 5.751564744283776953e-01 -2.361232253277580628e-01 8.118077973789616930e-02 -5.832881715405661138e-01 -1.874416084799258031e-01 -5.703554808356530170e-01 -3.350510985797102159e-01 -5.991928485819623951e-02 1.644736049989384274e-01 -1.932545797568364365e-01 7.592615605876162216e-03 1.135938155737116206e-01 1.964203740923131380e-01 -1.986775832975624101e-01 3.949516343837379262e-01 6.285280155142741743e-01 4.195558777661410610e-01 7.397088772024990044e-01 7.734399346102798223e-01 -4.489314289875755426e-01 5.285620322513675529e-01 4.418519563485028279e-01 5.034012869225309439e-01 4.855217953890015870e-01 2.003795241750508382e-01 5.854378685396776083e-01 -1.323859003335022821e-01 2.563394312765616134e-01 -1.500012044972652281e-01 5.129612241498068270e-01 6.317263980874203710e-01 -3.696987464590393291e-01 -3.736204405956211616e-01 4.253000265738661745e-01 1.091130524015207770e-01 -2.150504731580204498e-01 6.694258119769788684e-02 4.311287821373120943e-01 4.745616104253648770e-01 2.158753482950956093e-01 2.440100787605074262e-01 3.465591997480679254e-01 -2.763825417638018922e-01 -5.707999154213304616e-01 -2.607572006887840521e-01 -4.074170039527840181e-01 -4.089265556287536296e-01 -2.830884115101920950e-01 -3.856220933146510266e-01 4.497523190741063992e-01 6.049488897309366342e-01 2.727220559317275819e-02 6.833566077917563319e-02
