1.000000000000000000e+00 -1.225063144145282917e-01 -1.750245218498492905e-01 -1.821650807328340782e-01 -2.350660452818742752e-01 1.437457784106331848e-01 -5.103117033788521356e-02 -3.551186111720629895e-02 -1.150837221933524723e-01 5.848807102174063965e-02 -2.392527502068480735e-02 1.340793979120587509e-01 1.404093957104607382e-01 -4.826268253941695674e-02 -2.020787331273472542e-01 -6.059357646101817818e-02 -1.039016241684477398e-01 -1.126482889372054236e-01 -2.193957379031880039e-01 2.033860186331701014e-01 -1.953203584513078794e-01 6.167945519910685709e-02 1.625626036329986812e-01 -1.959357485699641382e-02 -2.466155269081191648e-01 -6.802325287346290550e-02 -3.759984500353209108e-02 -6.691925602869119860e-02 1.189486273650237763e-01 2.926226296087442932e-02 -1.335668757258261230e-01 -2.860039406173901511e-01 -2.213678108363537900e-01 -8.887907567229906547e-02 -6.969407552939821393e-02 2.428618649729489820e-01 -8.895509937018709901e-02 -2.647520760490242042e-02 -7.316967321722553375e-02 -5.217011411702175694e-02 8.766599938232862155e-02 9.321990809254830646e-02 -1.945298526429543040e-01 8.129732326733873915e-02 -1.746929725789564680e-01 8.897149064383410091e-03 -7.632981536336463924e-02 2.876922672238727552e-01 4.747341278685245913e-01 1.738861454748628632e-01 4.758115385989173524e-02 7.791102271621908179e-04 -6.701250644647839538e-02 -4.630565675667423081e-02 4.003040298233285360e-02 -1.732574239210617900e-02 -5.776138250867503265e-02 -6.550307870412602762e-02 1.556019551925795774e-01 2.127127333657650166e-01 -1.910804673492015882e-01 8.482276397915167188e-02 6.065936573577077745e-02 3.242926932281611774e-02 5.248667643909352837e-02 -7.566809763084871021e-02 2.498536589312191636e-01 -7.739140142087881646e-02 3.189633369590973155e-02 1.632331378754708628e-01 3.927795888057035445e-02 2.967576622795606300e-02 1.155516639518749111e-01 5.726522333512163582e-02 -1.352709965438388118e-01 -1.613608671958915441e-01 2.562491510899269145e-02 1.210116627878087131e-01 -1.811455010497560747e-01 1.466530918895918648e-02 -1.205338338908188561e-01 2.190274232335327476e-01 -1.430219980533735669e-01 -8.126611075692634356e-02 -2.027545080529680535e-02 2.551663456804764141e-01 8.695271221703262596e-03 1.469218564223334078e-01 3.761339015371102934e-01 6.467534400768164271e-02 3.776954038506592087e-02 2.010715155363814732e-01 -5.016917671674133578e-02 -4.061800696409288008e-02 -1.611426407426875262e-01 2.053353457888611733e-01 6.959449305130480101e-02 2.916486991016084551e-01 4.508489726721998103e-01 3.842197321886931527e-01
-1.225063144145282917e-01 1.000000000000000000e+00 4.058027954240359669e-01 7.466404139150951691e-01 6.175332036236134137e-01 1.626410327956105129e-01 2.089954352946922500e-01 4.673871018655173515e-01 2.152175895834834429e-01 6.390702267799999899e-03 3.551438284932988826e-02 -5.682558370418224619e-02 -2.019610427843070988e-01 -1.648506681877101310e-01 1.669446725686002941e-01 3.384800079672760087e-01 -1.604791034311218723e-01 -3.652196517082277605e-02 -7.287783960761896884e-02 -8.260027365714067704e-02 -3.252215515036017274e-02 -3.386083070605868106e-01 -4.109038346115933549e-01 -1.805174457168230440e-01 7.040053978322870221e-02 -1.948087136436432998e-01 -2.311640847827526879e-01 -3.992521308457532281e-01 -3.008302805158300508e-01 -3.413183530308356861e-01 1.906835348556955023e-01 2.404720870530720478e-01 2.805759576349685092e-01 -2.360187591591821343e-01 -2.633162869038141451e-01 -1.287169870960681861e-01 -1.287598440967185898e-01 2.585501497587350261e-01 8.686087821042440260e-02 -4.149594208733135142e-02 -2.285519768997916479e-01 -7.879594317089949618e-02 -8.793956772745437078e-02 8.831313895017896265e-02 2.251864735328741318e-01 -1.413831667924453639e-01 -1.528851713486835684e-01 -2.548575827846601971e-01 -7.800577268985323109e-03 -1.530436686356393371e-02 1.018648314841749530e-01 4.826960221643482041e-01 3.865123215273203461e-01 4.929755080137535050e-01 3.435420686232412701e-01 3.136825119519210392e-01 4.512846894334020531e-01 3.597802881238149064e-01 5.102470688842656449e-02 -1.471856403824482185e-01 1.483194429629908495e-01 -9.970940227405675205e-02 -2.826560639892663485e-01 -2.538354288748261856e-01 -1.511382971618252802e-01 -7.564446693596001137e-02 -9.098488981323903102e-02 -1.583825244163769019e-01 -3.124066561811445486e-01 -2.571182656976386260e-01 -7.788656109056874000e-02 -3.219997596464475587e-01 -3.097755881038354864e-01 -1.600132588316464932e-01 9.052531935328792662e-03 -9.197807914488771719e-02 -2.961985077990889614e-01 -3.117762279874684017e-01 2.090254517911921683e-01 2.025030213990856032e-01 -1.872721915675157334e-01 -1.972588428990796894e-01 4.510859461409937043e-02 -2.665377850192937603e-01 -2.613475718316798369e-01 -3.717569867490932989e-01 -1.940902642546470103e-01 -3.021820615581535807e-01 -1.923406252592685939e-01 -1.269906345139805715e-01 1.981428515454372319e-01 4.511520404166681486e-02 6.226761389212679548e-02 5.838620534967703390e-02 -5.181052464470506380e-02 4.141434807931278911e-02 -1.977503224940720949e-01 -1.759525680294341254e-01 4.282760683925760509e-02 -5.844058709699631593e-02
-1.750245218498492905e-01 4.058027954240359669e-01 1.000000000000000000e+00 4.135585385322035346e-01 5.066127482075115651e-01 4.736750793540063786e-01 3.067678242288721657e-01 4.463627350566454766e-01 2.043944627256290558e-01 8.459770665659353817e-02 6.201011029599291097e-02 -7.564380508593271379e-02 -1.179886719725859179e-01 -1.369446425079025587e-01 5.575279604653581023e-02 1.969799759646660431e-01 -1.489322186671181436e-01 -4.905381943816919388e-02 4.533983424298285853e-02 -5.091233262090675421e-02 3.347174731747591669e-02 -2.938514540980676215e-01 -2.972801361579407442e-01 -1.926409895132342454e-01 3.060205589387154368e-01 -8.792107309373475843e-02 -2.221861152487749069e-01 -2.612348546579339459e-01 -2.086771061687270890e-01 -2.650614540251211015e-01 1.850630347976356949e-01 3.311680919024245218e-01 1.215796232683404587e-01 -2.082726187497999648e-01 -2.897360703722321462e-01 -1.270850253085814563e-01 -1.892613652949803327e-01 2.856863887652115741e-01 8.682547810655985576e-02 8.686259165023075060e-03 -1.201441903642969516e-01 3.896894345203207044e-02 -9.203707390441703828e-02 2.331792792659620472e-02 1.614860322787228242e-01 -5.960703363464255750e-02 -1.253547501381284679e-01 -1.791146074703656166e-01 2.262168173145235467e-02 -1.607167140614053011e-02 1.872781256788013660e-01 3.503092540512041109e-01 1.885284170395127579e-01 2.680084336785769072e-01 4.589479579923973485e-01 4.783688738281944852e-01 3.395325804105593925e-01 3.639635238237221571e-01 -5.157344138906975323e-02 -3.707167028451322649e-02 2.175275231065468273e-01 -8.587487064064712461e-02 -1.681497790316572039e-01 -4.141245512089340025e-02 -7.890189614074649693e-02 -2.162456697709121481e-02 -5.259080215260617669e-02 -1.180837029220086348e-01 -2.856821302473108726e-01 -2.654476373183277116e-01 -6.284050261657829484e-02 -2.477401184671264300e-01 -2.043368454611096119e-01 -8.646252360280323734e-02 -8.205366389417728668e-02 3.199865636049294831e-02 -1.497650968246447556e-01 -3.021424367251789866e-01 1.983079238815425027e-01 -3.861016185130190098e-02 -1.925403489968771920e-01 -2.042733159761206951e-01 -1.965037902713548112e-01 -3.392811175380240907e-01 -2.753380600593987593e-01 -2.611323588515272465e-01 -2.868745701066536813e-01 -3.037952087590612416e-01 -2.212137092160732510e-01 -1.854317884116889192e-01 5.483966473647505779e-02 1.807373938447765227e-01 8.790618314465038774e-02 7.694298087979067891e-02 2.708343711432091919e-02 -3.432612383931125943e-02 -8.439830148338343940e-02 -1.855813847748485623e-01 2.564076843598893721e-02 -9.513180645217969578e-02
-1.821650807328340782e-01 7.466404139150951691e-01 4.135585385322035346e-01 1.000000000000000000e+00 6.342226174627655366e-01 1.554266721351431069e-01 1.943064319222837233e-01 3.415276985670721577e-01 9.714114574962499915e-02 -2.640766408882176675e-02 -1.254267232500084171e-02 -1.838662338253824469e-01 -3.805209139519230011e-01 -2.675654462152539104e-01 3.190721466713856980e-02 3.642330201781430188e-01 -2.401413500898022524e-01 -3.539625908646255870e-02 -1.218960714524685435e-01 -1.178266506141454339e-01 -7.366446421182992754e-02 -4.083493110167645268e-01 -4.099534732847266438e-01 -2.691215091913988222e-01 -1.961445859526846774e-02 -2.998162594701936357e-01 -2.691276999069365794e-01 -4.470848082474929708e-01 -3.770637647149892580e-01 -3.537556748198667500e-01 1.882920185383804845e-01 2.660724257432173778e-01 2.802689507983061601e-01 -2.378354054172071297e-01 -3.222139695417938210e-01 -1.727264986051966766e-01 -9.050006566326161683e-02 2.444518656637128529e-01 1.035925866828359271e-01 -6.875884172067771305e-02 -2.862387071043230313e-01 -1.105502502448913599e-01 -8.379842846419910396e-02 2.694316284443971921e-02 1.691633099494175563e-01 -1.499071527587700903e-01 -1.414471708195501887e-01 -2.710915094653917334e-01 -3.418899623878206978e-02 -6.635251009124461252e-02 1.118396373029090091e-01 4.751551940825035070e-01 4.588575953224238724e-01 5.705031771932138618e-01 2.897054806375093938e-01 1.869973127340158470e-01 3.893771694356115698e-01 2.156516574873379721e-01 1.056845575375784177e-02 -2.663040020074707859e-01 1.109692673404024700e-02 -2.816350602609106191e-01 -4.064613817772114168e-01 -3.658066928813107355e-01 -2.414525264877107336e-01 -1.874354543870549172e-01 -1.088392849265750889e-01 -1.929936807756941763e-01 -3.060724673746138547e-01 -2.199732989052783638e-01 -9.367601129303791685e-02 -3.459374172354625077e-01 -3.378032583393281163e-01 -2.237430108286684871e-01 -7.579047243100581199e-02 -2.107119580116912916e-01 -3.756907747921827689e-01 -4.100930375538490158e-01 2.014002069269583417e-01 2.879568242469479067e-01 -2.035416298393876167e-01 -1.687087028678895817e-01 -6.792457622172982934e-02 -3.183373188862470005e-01 -3.165870054432136649e-01 -3.959103550192917820e-01 -1.699550505843250847e-01 -3.500592435782602374e-01 -2.577403000581699466e-01 -2.278218949495239287e-01 2.647942639351260619e-01 4.670267173241082759e-02 2.059525861485585890e-02 -6.539664531019230564e-02 -7.322286189149838920e-02 4.487561047711137452e-02 -2.224518608318035717e-01 -1.655558102171187651e-01 -6.750791029138806729e-03 -1.486530366423404748e-01
-2.350660452818742752e-01 6.175332036236134137e-01 5.066127482075115651e-01 6.342226174627655366e-01 1.000000000000000000e+00 2.696589799617097882e-01 2.095483858952445766e-01 3.578801969664955895e-01 1.064030248144917645e-01 -7.352966322990645009e-02 -1.591394102746529204e-01 -2.322439789382784725e-01 -3.437940133455415492e-01 -2.542927693688386004e-01 -6.663118885894662308e-03 3.476227745104659705e-01 -1.640854520798809002e-01 -2.126397108769002842e-02 -4.536708419645383433e-02 -6.584089502821774409e-02 -1.962110504235067138e-02 -3.023746215969723705e-01 -2.973748284305029466e-01 -2.809229121981141053e-01 1.028021694107455614e-01 -2.316138381321999340e-01 -3.072246740821157340e-01 -3.725207353352536499e-01 -3.598388926135029919e-01 -2.785643467066180046e-01 2.988448856346050952e-01 3.230754808441551051e-01 2.967713085173259713e-01 -1.310063021939091576e-01 -2.462650267677759519e-01 -1.536643688172061317e-01 -1.987331077019080516e-01 2.568395611187426764e-01 1.400760757963366021e-01 -1.094555801162397785e-01 -1.519763161904249538e-01 -1.071284286155331084e-01 -1.122431748350584957e-01 5.176857504973160495e-02 1.134196296353364025e-01 -1.529149924237176994e-01 -1.417180195915792584e-01 -2.148839979788141619e-01 -2.466244082307629884e-02 -1.039000313623901495e-01 6.873606746033270043e-02 3.406421282184318722e-01 4.204126648657821597e-01 3.255247457482147166e-01 3.721608763353799754e-01 3.155031980583059559e-01 3.304601325866378669e-01 2.358711565931590481e-01 -2.151204906728398647e-01 -1.748456327898611495e-01 4.755721844994608566e-02 -2.555632498793233842e-01 -3.768561492172574634e-01 -1.810816007691562479e-01 -1.588698366371775472e-01 -1.906589121535313403e-01 -1.703646009539049044e-01 -1.513640593909744703e-01 -2.296846737766317093e-01 -2.147889781928306874e-01 -1.364785242709437574e-01 -3.021881656759753954e-01 -2.761348169373772921e-01 -1.406977984459630016e-01 -1.892266957498014712e-01 -1.523354433343534209e-01 -3.278823157547185452e-01 -4.168574432799768137e-01 3.101535321667904244e-01 3.757428160548215157e-02 -2.344487994042825929e-01 -2.074035356956056286e-01 -1.399507720459258198e-01 -3.457098875241624847e-01 -3.644073595065671078e-01 -1.998425687113010996e-01 -2.690539992718827822e-01 -4.074158957294081729e-01 -2.496465385528837122e-01 -2.746599509034491904e-01 1.064725721401002523e-01 1.117104298228479287e-01 5.527215574203828141e-02 2.045752440815347059e-02 -1.974474134933933978e-01 -3.782933467763824244e-03 -2.541233874505267609e-01 -2.199533048635297916e-01 -4.786931332851290105e-02 -2.013413223892734916e-01
1.437457784106331848e-01 1.626410327956105129e-01 4.736750793540063786e-01 1.554266721351431069e-01 2.696589799617097882e-01 1.000000000000000000e+00 1.701483272884815046e-01 2.564988754607250843e-01 1.679069971478689138e-01 8.639445121956365603e-02 1.853461401446576395e-01 -1.100610434293023410e-01 2.426379707757810381e-02 -1.908892046132098230e-01 -1.730613697760652325e-01 -4.116737210337850089e-03 -2.007949411388556260e-01 -6.745498738999511357e-02 -9.861155810944602362e-02 -7.205194994729371624e-04 -2.959874594976198980e-01 -9.820061511908111107e-02 -9.475093525103789327e-02 -2.888865984198401571e-01 7.860847229963421889e-02 -1.332986279617192349e-01 -1.907624521146218388e-01 -5.323646005347251742e-02 -1.704912677939769139e-01 -1.810322791221498639e-01 -5.259488967482001814e-02 1.256403764242840781e-01 -6.478727288785955662e-02 -1.335017088506753047e-01 -1.326325574978180488e-01 1.991802775736023767e-01 -1.725646193408426204e-02 2.130939548403563422e-01 6.596395058118746657e-02 -6.174412283412392122e-02 9.839769761343883370e-02 1.260183995927749157e-01 -1.364264864018474577e-01 6.835155247589391747e-02 1.001726414708566625e-02 1.066464118148735402e-01 -6.634183469938726048e-03 1.122782837788692673e-01 4.495982991105839099e-01 3.169682904195509354e-01 2.253114259702853062e-01 2.834152820664868622e-01 1.326564627133975660e-01 2.387612514887139381e-01 5.519482240161514008e-01 4.905625828102100905e-01 1.747363176300336940e-01 2.820908198665226796e-01 8.074112606815916915e-02 2.031286632431503897e-02 6.671883007389026177e-02 1.574146621203102725e-02 -1.646655169496292759e-01 7.654764735973366985e-02 -8.996610761518313015e-02 -1.527781567802576068e-01 1.047985851159244641e-01 -1.196516013915185500e-01 -1.399956299506920632e-01 -2.717815727865473263e-02 -1.266417550890842902e-01 -6.539771919970256697e-02 -1.528918336969377623e-01 -1.070621283762145520e-01 -3.222585069036789096e-01 -9.918316212506096685e-02 -2.014365337861838690e-01 -2.061521895308703889e-01 -4.728014497171961067e-02 1.316577865198894082e-01 -2.325491461066727383e-01 1.177900138898604065e-01 -3.302782655339391860e-01 -3.041265487407665002e-01 -2.472891040475925784e-01 8.499789803055076212e-03 -6.356300686969812430e-02 5.471103541004632836e-02 1.239786032796242055e-01 -1.303693318726530659e-01 2.201273530991157412e-01 3.260466657663865786e-01 2.911864853137934028e-02 -4.211198976713900755e-02 -6.562113481469696030e-02 1.510675660534665232e-01 5.638790196287247342e-02 1.001827342430544054e-01 3.836454833444379320e-01 3.128131301424118549e-01
-5.103117033788521356e-02 2.089954352946922500e-01 3.067678242288721657e-01 1.943064319222837233e-01 2.095483858952445766e-01 1.701483272884815046e-01 1.000000000000000000e+00 4.946863446808575371e-01 4.030820303908090319e-01 3.950173127662342520e-01 6.187217828132794174e-03 1.784898877042061793e-01 -5.494265467994889629e-02 -6.868190232792902028e-02 5.988973659683589218e-02 1.719233051231424392e-01 3.541920885975101928e-03 1.412154741919249487e-02 4.328170961838483750e-04 -2.161540211766394270e-01 7.354434854237681951e-02 -8.354952379083649405e-02 -3.281248217152008539e-01 1.439162441808053139e-01 2.479719463634592891e-01 6.018632288586048956e-02 -2.167874148343217899e-01 -2.756445848270519527e-01 -3.200087112688934088e-01 -1.811894434275227728e-01 4.503847020693630965e-01 1.072381160322059823e-01 2.013137909488307929e-03 -2.504484576465696756e-03 -4.914612449757278095e-02 -1.035851194291701055e-01 -2.765883620287098443e-01 3.079210905939355203e-01 2.842970221072528836e-01 1.660774552825581840e-01 8.017159040317364815e-02 2.550569882147343259e-01 1.651269009025799483e-01 2.388853690740697644e-01 1.489376783986040564e-01 1.054338600045598706e-01 -1.012296046227840057e-01 -3.455930880827494667e-01 2.917833598720556091e-03 -3.137620132810263474e-02 6.751788668007445426e-02 3.086539885023141805e-01 1.515392259654466112e-01 1.660738128059373597e-01 2.443729394078740791e-01 3.609127094965194904e-01 4.226394346667013968e-01 3.739246446032578053e-01 8.364215455583827452e-02 5.495787564917395396e-02 1.586069547775346422e-01 3.924218487934925254e-02 -1.312236471032816043e-01 -5.934506798611169798e-04 -3.023717523488882869e-02 -3.220002596754840268e-02 1.172907014430875500e-01 -1.055645674674865475e-01 -2.240556032049807744e-01 -2.435033156177942304e-01 -1.088623259731391069e-01 -1.598042429898481609e-01 -2.207043143911886218e-01 9.491717239116684302e-02 1.477417682286714593e-02 7.790879769723019210e-02 -2.983957364357692210e-01 -3.074681391244006301e-01 3.080513073099040433e-01 -8.160274020381906579e-02 -2.552161521358123353e-01 -2.070150114667163033e-01 -1.161142183507180015e-01 -1.475641021975473421e-01 -4.269639979462738766e-01 -2.398809040978634455e-01 -3.966984086911412577e-01 -4.719893587309373917e-01 -2.024074452212340780e-01 -1.365970599580505485e-01 -2.534144307232988336e-02 2.343492201699664546e-01 2.275999123220374676e-01 1.065819869089808108e-01 7.256680401837263539e-02 1.481103601422530391e-01 -1.038972506256477524e-01 -3.274446043135929019e-01 2.931783309417654651e-02 -7.142260651377393965e-02
-3.551186111720629895e-02 4.673871018655173515e-01 4.463627350566454766e-01 3.415276985670721577e-01 3.578801969664955895e-01 2.564988754607250843e-01 4.946863446808575371e-01 1.000000000000000000e+00 4.577434164434622810e-01 2.456965781316196584e-01 1.196844480812758876e-01 2.431671582625001826e-01 1.124000404313625079e-01 1.121650679863542277e-02 1.585058865018927621e-01 1.588944246576849684e-01 1.100006818002767228e-01 1.402555462203853021e-01 1.896278125649750457e-01 1.791423697077799450e-03 5.728290246266786595e-02 -7.793176217654998461e-02 -2.952504616969544582e-01 1.214240521057011329e-01 2.158979580082530936e-01 9.032308500228702908e-02 -9.816185759429574276e-02 -2.554335566369458910e-01 -1.180594545262182854e-01 -1.612797008189096326e-01 2.999310786565556608e-01 -6.523845735344892260e-02 -9.270634795625655455e-02 -5.960695561945347082e-02 -1.951758046608550734e-01 -8.520462981115177470e-02 -3.872041318952966216e-01 3.497047695609083184e-02 -8.799296109405142785e-02 -7.613798704964992725e-02 -2.448302119875691851e-01 1.512606575246857876e-01 -7.455521835983758283e-02 1.584530414007070676e-01 8.580472260707912302e-02 -1.223271195574669457e-01 -2.998036344577955647e-01 -2.684424484339690831e-01 3.064744797851237657e-02 -1.010306035603800584e-01 5.421833131487301810e-02 4.665433958444005214e-01 2.113054728910492008e-01 2.844894414761247603e-01 5.389745675246701007e-01 5.103763392295392887e-01 6.537857900260026778e-01 7.214844543287290968e-01 4.425569055831299337e-02 1.639789035962110619e-01 1.573823407373294014e-01 2.058775612341841033e-01 -2.301096773708585438e-02 4.029763110826890815e-02 1.907414526347537276e-01 5.367272224820514998e-02 -6.340801561700437107e-03 1.190859637661658005e-01 -1.508402208093294061e-01 -1.085146195657770846e-01 1.152884075966221084e-01 -1.281993283279256601e-01 -1.102264803017918293e-01 1.060705879698884205e-02 1.377908473210479601e-01 1.617119691790303015e-01 -1.267606659106661759e-01 -8.753603760023706548e-02 2.357533565717840895e-01 -2.381673298194914301e-01 -1.927328704333675924e-01 -3.446924837820135035e-01 -9.812802744130511012e-02 -1.341293501206017869e-01 -1.740852307115726971e-01 -2.871966881899740698e-01 -3.813660713698958649e-01 -3.310424599291967307e-01 -2.239985144396403061e-02 -1.258072206499196710e-01 -1.008453119019783045e-01 7.776707305769541001e-02 -6.574098502426656276e-02 1.218971205310424299e-01 -5.526560525310277722e-02 6.541522626498666448e-02 -1.454848392158799297e-01 -2.601283392152978213e-01 8.047463902856796802e-02 -6.769217187560937210e-02
-1.150837221933524723e-01 2.152175895834834429e-01 2.043944627256290558e-01 9.714114574962499915e-02 1.064030248144917645e-01 1.679069971478689138e-01 4.030820303908090319e-01 4.577434164434622810e-01 1.000000000000000000e+00 3.081854189955751666e-01 4.642237463973747369e-02 3.898087951653503302e-01 4.588253300940160068e-02 -5.752085228469899780e-03 1.850573691253283859e-01 -1.767204176938998172e-02 5.921027837658306148e-02 1.583382447463251574e-01 1.701575191218777372e-01 -1.959179174196685469e-01 1.793085711831886309e-02 6.845508055135675340e-02 -3.986371164472390372e-01 1.269659755103874910e-01 1.678378164477649370e-01 1.611179825282764433e-01 2.529731297277854063e-02 -1.357894272028002669e-01 -2.832212805991663473e-01 -7.353654706352111270e-02 2.126770831102718362e-01 -6.105239841031775277e-02 8.751387305889971047e-02 9.515227162445218101e-02 1.387715024465929481e-01 1.875898028077260249e-01 -1.615180979280688711e-01 7.361499507152322042e-02 1.358606992241045142e-01 1.931190956439607920e-01 4.025371847156245658e-02 2.158842899660443904e-01 2.753039179971054073e-01 1.116930153924129421e-01 3.750364130389550188e-01 4.955849559575463414e-02 6.772452848136507886e-02 -4.265809345441617384e-01 -2.499474238339036841e-02 1.174380436836431341e-01 8.565393950803831813e-02 1.645478014941208211e-01 -4.546087361029127472e-02 1.937197933686220785e-01 2.784984667408854087e-01 4.447416787958533568e-01 4.202448177618912095e-01 4.874123158835699798e-01 7.776769400368038765e-02 -1.344037042176831342e-01 1.527993233990478927e-01 2.661445392062182225e-01 6.485542992262250186e-03 -1.223806737141090450e-01 -1.157266631792226164e-01 -8.239618784128825701e-02 4.146568214926937834e-02 1.259176715985556132e-02 -2.211861134234630877e-01 -1.671810994408172435e-01 -1.667389934672206531e-01 -4.866286512202337711e-02 -2.792988862122322558e-01 -8.340164770258279292e-02 2.293420227190673955e-01 1.252060091107561612e-01 -3.371179817639375353e-01 -1.347733845587301693e-01 1.341633632505450924e-01 -1.302499080514366303e-01 -2.340303310117126112e-01 -1.363501698534453355e-01 1.976561926451400608e-01 -2.717877071077883996e-02 -2.593752905197650449e-01 -3.614342345102984355e-01 -2.665357979542082312e-01 -2.628703333971946221e-01 -8.267765777775899771e-02 1.695450661696962236e-01 5.503181376219756955e-03 -8.540960659083730866e-02 1.868145656761046325e-01 5.681370609912048814e-02 1.827935251440417630e-01 -8.683481849188671997e-02 -1.255390688326980808e-01 -3.255462855767113917e-01 3.794312799912837042e-02 -3.539467739065608760e-03
5.848807102174063965e-02 6.390702267799999899e-03 8.459770665659353817e-02 -2.640766408882176675e-02 -7.352966322990645009e-02 8.639445121956365603e-02 3.950173127662342520e-01 2.456965781316196584e-01 3.081854189955751666e-01 1.000000000000000000e+00 3.048665433410875369e-01 5.539690814702041832e-01 1.752326324933878854e-01 -1.209121243849239080e-01 -9.379301295380201896e-04 -4.447702504348382407e-02 1.600210648574356895e-02 -8.665392550226039270e-02 -5.887309587220092288e-03 -2.305883316600584876e-01 -8.671338572522144239e-02 -3.305730294330286312e-02 -2.362319123900552820e-01 2.890809046900378876e-01 4.988671382691016176e-01 4.157900603821297891e-01 -8.420007437399665284e-02 8.192488690958571115e-03 -1.608870873725194439e-01 -1.068902205887800466e-01 1.879062143264409734e-01 1.119347060446161668e-01 -1.454072807958106117e-01 -3.579420141534135624e-02 -9.796200904669193077e-02 -1.418091409863470043e-01 -3.976783928553666581e-01 1.058518136607814186e-01 -2.210668015463930144e-02 -4.845404382453444986e-02 -1.057134120063425720e-01 3.658132036403304310e-01 1.531572083712111863e-02 2.792455822616684569e-01 6.198744293416481865e-02 1.417255197302642704e-02 -2.259138439055667358e-01 -1.469718441379671003e-01 2.169712675388835166e-01 -8.176381113281933066e-02 1.423524650029488747e-01 1.685646057084036475e-01 -2.376481013477195828e-02 1.784565421898564597e-01 1.122672102324428905e-01 4.124108838743973382e-01 2.480113163790574893e-01 2.741672696752708305e-01 3.982960262616763725e-01 2.467872270300507376e-01 3.424019358408739166e-01 3.119223184407207694e-01 7.697687111545273297e-02 -2.858659344418277778e-02 -5.937153082379428848e-02 4.339106375633229595e-02 3.350687666903637285e-01 -8.322313938271232170e-02 -1.250260844460344967e-01 -1.001630662645463660e-01 -4.374996240579071688e-02 -8.746999935092238110e-02 -1.087501704183661128e-01 5.629614647106522679e-02 1.564215882565319349e-01 4.430783014440453638e-01 -2.542860815609294667e-01 -3.254986518407292778e-02 5.998380024440119751e-02 1.180826341123155793e-01 -1.053596601758594459e-01 -9.824705465278154096e-03 1.233038259736119330e-01 1.714685445355271232e-02 -5.609682133774460816e-02 -1.664334070771475993e-01 -3.632971221227527248e-01 -6.172433811771065038e-02 9.321265201602200665e-03 1.490928300611547019e-01 8.619019905130353987e-02 2.808768423999755126e-01 2.879942911103022252e-01 2.001515073800931022e-01 2.123786024617780599e-01 2.571064470117774836e-01 -6.980595883936398238e-02 -1.363616387166040334e-02 2.503179969303589436e-01 4.719078445092942525e-02
-2.392527502068480735e-02 3.551438284932988826e-02 6.201011029599291097e-02 -1.254267232500084171e-02 -1.591394102746529204e-01 1.853461401446576395e-01 6.187217828132794174e-03 1.196844480812758876e-01 4.642237463973747369e-02 3.048665433410875369e-01 1.000000000000000000e+00 2.459558533201909591e-01 4.184222305906244443e-01 1.254027769939796144e-01 4.236420666633685522e-02 -8.640704487723459282e-02 -4.212691540440673815e-02 -1.418299841778285775e-01 -1.278878565683070068e-01 -4.821983372986048122e-02 -1.141352534489544351e-01 4.693201174085128574e-02 -6.520449724903960853e-02 1.874153549590575618e-01 2.669259594296169991e-01 2.715509815454540399e-01 1.323150014007452302e-01 1.806573535560897503e-01 1.839080558517300068e-01 6.751452486571728195e-02 -1.450207020913527600e-01 -8.072445909671589065e-03 -2.286202908342199747e-01 -1.689408746951982510e-01 -3.611332554768367786e-02 -9.213932139047342762e-02 7.436349494969310414e-02 -2.749382040912909039e-02 -5.993695205275213767e-02 5.922391640744756672e-03 -8.410480260815940412e-02 1.190943072606825553e-01 2.983592798394932299e-02 -7.913496739897458998e-02 -4.621885871893827852e-02 5.938831807661584805e-02 1.494874706629101269e-02 4.339738693563349736e-02 9.341054306084481396e-02 1.473117576180451305e-01 6.546109155987241135e-02 2.493631723070728612e-01 -2.615580232787425782e-03 1.595748903453185485e-01 1.012497080453324955e-01 1.434286126233735026e-01 1.059267437189195665e-01 2.153527481009495925e-01 5.537221638590018591e-01 3.881770807812056634e-01 3.553988505278531385e-01 3.508306972227465126e-01 2.175330690589867277e-01 1.772288409778883730e-02 3.023477549012983448e-02 1.791577967196180399e-01 9.863550483651002676e-02 4.580473881280355819e-03 -2.787335076120502075e-02 -7.024573291342463277e-02 3.889174237262989914e-02 9.282016457951545313e-03 -1.303283647518372647e-02 -2.083910626016511128e-02 1.515619707180192177e-01 3.543002965639230895e-01 1.374364041525989177e-01 1.926931036468433056e-01 -1.949577820499362735e-01 2.416383284707793455e-01 9.008076478868760895e-02 3.021492028367176244e-02 -8.221536735844867105e-02 6.271849063373258377e-03 1.403306586418079926e-01 -8.710479515380191440e-02 1.176905986264881604e-01 2.489184513509083430e-01 7.256208956586740477e-02 4.283842105823626456e-02 7.104973723809847319e-02 1.056986065854747386e-01 -3.093790578526204801e-02 8.863991390022216144e-02 1.852260138437659687e-01 3.766561882579402831e-02 1.017312466677787047e-01 7.007245883245892537e-02 9.533724600329272769e-02 1.837391202232701581e-01
1.340793979120587509e-01 -5.682558370418224619e-02 -7.564380508593271379e-02 -1.838662338253824469e-01 -2.322439789382784725e-01 -1.100610434293023410e-01 1.784898877042061793e-01 2.431671582625001826e-01 3.898087951653503302e-01 5.539690814702041832e-01 2.459558533201909591e-01 1.000000000000000000e+00 3.810532869090025865e-01 2.357964153679780739e-01 1.351710071194261176e-01 -2.476440262854230079e-01 8.635409297427011632e-02 -1.175976769822425633e-01 1.576216443606537343e-01 -2.321538089927631943e-01 -1.704963413900057248e-02 1.407825446541125236e-01 -1.878840911963111371e-01 4.779172413481606041e-01 2.583168608972164493e-01 4.907422836853906345e-01 1.529486801907781190e-01 5.615630747578437970e-02 -2.160767511351676176e-02 1.878220383189724840e-01 -5.097763284324588993e-03 -2.488295417480390348e-01 -1.685949698439855038e-01 -8.090380910916408763e-02 7.869990286723260731e-02 -5.598451650309579225e-02 -3.747977209147542177e-01 -1.315375582561572887e-01 -4.598593459098000019e-02 2.059867528946375259e-01 -6.321829695844960462e-02 3.665748136905629950e-01 2.762942036929895151e-01 1.297817247209073488e-01 1.881655765871992347e-01 7.113895303133481451e-02 -3.841803409980337064e-02 -2.051992221864565868e-01 -1.811888582754823604e-02 -1.006690162763036328e-01 -1.126837319558072342e-01 -7.199623480670254427e-02 -3.014543667717323738e-01 1.290972090786031978e-01 1.578660714158189871e-01 3.329676842594561093e-01 2.684723476275103771e-01 3.441683694581835207e-01 3.161467744037186334e-01 3.203537743977751817e-01 2.996764151554999756e-01 5.949985354588775976e-01 3.859783705145510835e-01 1.066673803828266202e-02 5.102219887544316712e-02 1.456648030498590984e-01 2.129011977060238092e-01 3.834776853725746504e-02 -8.372848736478172293e-02 -1.772204372030002639e-01 -4.323403032559260811e-02 3.138045800428135995e-02 -4.579127185935979311e-02 5.799645121786269758e-02 4.292181567353127170e-01 4.449596648162703616e-01 -8.653619578456071826e-02 2.605352680256768916e-01 -9.881290606017677225e-02 -1.786639603733830295e-01 -2.991055767715013539e-02 -1.105336158860426438e-01 2.370762418161781737e-01 1.725686272510180974e-01 6.780933171946842974e-02 -1.835220600763050325e-01 -3.973032720988177169e-01 -4.881521155840494453e-02 2.713358328819832216e-02 2.744945562157058982e-01 -7.279164109286957382e-03 -6.960670025750152756e-02 1.834085727740749072e-01 1.209298104246479405e-01 3.092865857218887182e-01 8.508986606228303301e-03 -4.779869751426078089e-02 -1.233981821290935088e-01 6.720414019429386820e-02 -1.692730318872931114e-02
1.404093957104607382e-01 -2.019610427843070988e-01 -1.179886719725859179e-01 -3.805209139519230011e-01 -3.437940133455415492e-01 2.426379707757810381e-02 -5.494265467994889629e-02 1.124000404313625079e-01 4.588253300940160068e-02 1.752326324933878854e-01 4.184222305906244443e-01 3.810532869090025865e-01 1.000000000000000000e+00 4.153536472676107594e-01 2.291114360191466581e-01 -2.992685750420341351e-01 1.546030403919651242e-01 -1.188963381433709859e-01 -7.529091367726997719e-02 -9.331334253062185946e-02 5.327392070414415509e-02 3.594818567028476020e-01 1.686766544092556663e-01 3.001492650315641386e-01 1.037268013568799357e-01 3.648772113067360601e-01 3.762843809613859447e-01 3.930002944645446528e-01 3.625506451518528683e-01 4.419924228828396862e-01 -1.816949839242365528e-01 -3.883564073155255092e-01 -4.079835643495918207e-01 -2.589174922024545245e-02 1.965114448760686972e-01 -1.886098718296301269e-01 1.230422453468408596e-02 -2.445474617297234421e-01 -1.135255415291546166e-01 8.473843086011427495e-02 -3.113723200188963508e-02 7.387146585633361240e-02 1.543632072117067655e-01 -7.460582486653216661e-02 -1.788151709168976922e-01 1.780912629186437168e-01 1.483469398738351541e-01 9.936161425355662102e-02 -8.614654629775005124e-02 3.622925302638010936e-02 -2.023741431638186317e-01 3.713516384627815747e-02 -1.866358905559011017e-01 -6.776472034723093896e-02 1.289632985076427929e-01 4.528284744930592687e-02 9.641171431522496671e-02 2.689051480155720819e-01 3.230874968666437863e-01 5.415693818060504094e-01 2.717853270671913846e-01 7.701333816263652432e-01 6.679230213842096697e-01 4.026771626026555695e-01 3.434041560443392704e-01 4.475859915686961066e-01 1.935523338121809128e-02 1.831121298536732278e-01 7.576304029163914711e-02 -4.236291486465106060e-02 1.813132961792462972e-01 2.418718011021609438e-01 2.255441883547326387e-01 1.605100469570200916e-01 1.933679152461677542e-01 3.601820786627722426e-01 3.114186811052556125e-01 5.267404434178210026e-01 -2.169581471023923069e-01 -1.668056738422058205e-01 1.246292812015224183e-01 -4.335827518359310073e-02 -1.243206362311010532e-01 2.284428850564121372e-01 2.607947851123180172e-01 7.168591381462383061e-02 2.845727566592757066e-02 2.187974962018273128e-01 2.656589350663106017e-02 9.472465903446296298e-02 -2.600791293122740044e-01 -9.235136453598059847e-02 -1.698157946965326015e-01 -5.017742212317331633e-03 1.564651268917670590e-01 -6.704215881674151223e-02 2.261410759236840984e-01 2.083823594347799027e-02 -5.823382658505812937e-02 9.114188345788779011e-02
-4.826268253941695674e-02 -1.648506681877101310e-01 -1.369446425079025587e-01 -2.675654462152539104e-01 -2.542927693688386004e-01 -1.908892046132098230e-01 -6.868190232792902028e-02 1.121650679863542277e-02 -5.752085228469899780e-03 -1.209121243849239080e-01 1.254027769939796144e-01 2.357964153679780739e-01 4.153536472676107594e-01 1.000000000000000000e+00 4.922967904056743671e-01 -2.329003993226590463e-01 2.284193668939256960e-01 1.374628124177411370e-01 3.394545589530430507e-01 3.084035603591138170e-03 4.103131044562531859e-01 2.602649381433051468e-01 2.960901604430227207e-01 2.878485242863493276e-01 -7.897590027131150270e-02 1.599133569834731150e-01 4.064156547299557221e-01 2.902674523036400389e-01 3.218198634189257112e-01 4.823420902331309601e-01 -1.441252823182925247e-01 -3.456082102082559948e-01 -3.061063822262918843e-01 1.238027467419135635e-01 2.388558024537984770e-01 -1.699186072079645338e-01 9.949348313827986734e-02 -2.759246467114649937e-01 -1.397530495386452298e-02 2.431419186350688710e-01 7.344283523952846449e-03 -8.317365008242180724e-02 2.817216131532456203e-01 -2.338667332563521828e-01 -1.603538761566289730e-02 2.469256470093176836e-01 3.520413069384101812e-01 8.191667508227766514e-02 -3.955386354747399968e-01 -6.598526739163601551e-02 -3.814640222576312079e-01 -1.195679201718700541e-01 -2.558076394525325981e-01 -4.177254254376690928e-02 4.612667038069467873e-02 -1.843130065093399883e-01 -5.103041015281153947e-02 9.696849020829831356e-02 1.930818373714412450e-01 2.032008152839328008e-01 1.011672481911837229e-01 2.995596231149884048e-01 6.077112966721328613e-01 4.420038810580307342e-01 4.625798023960542293e-01 5.327761182899263259e-01 -1.674224922349130673e-01 3.005572148568552704e-01 1.659744827370594200e-01 -7.074230118723535965e-02 3.059132946988240009e-01 2.259328076339163771e-01 3.973398429320177394e-01 2.314563303376367467e-02 2.592912826135576609e-01 9.164193009970711401e-02 3.490870426386242231e-01 4.783194161786240017e-01 -1.631863996813892326e-01 -2.188949128378787357e-01 1.798880486226014652e-01 -1.456697412797245128e-01 -1.524498218125767794e-02 2.333658071247484977e-01 2.094418987970737001e-01 5.808081778599022416e-02 4.821580024072383980e-02 1.467277479303769339e-01 -1.598316979235890334e-01 -3.424338829744132118e-02 -2.529893057419158597e-01 -2.764103487263258052e-01 -1.914021726811518942e-01 -7.375570061508163189e-02 1.087234507623006941e-01 -3.001104492216760677e-01 2.047516859528200894e-01 -4.915426234570097891e-02 -3.043517128806366712e-01 -1.504977325351831430e-01
-2.020787331273472542e-01 1.669446725686002941e-01 5.575279604653581023e-02 3.190721466713856980e-02 -6.663118885894662308e-03 -1.730613697760652325e-01 5.988973659683589218e-02 1.585058865018927621e-01 1.850573691253283859e-01 -9.379301295380201896e-04 4.236420666633685522e-02 1.351710071194261176e-01 2.291114360191466581e-01 4.922967904056743671e-01 1.000000000000000000e+00 -7.354434325774912573e-02 1.116992982159570880e-01 2.111676981315098733e-01 2.339589103463102226e-01 -4.380385971737880968e-02 4.344037688053373203e-01 -1.626030666199038827e-02 4.215468273637036634e-03 1.179277246879796015e-01 1.362915680929512041e-01 1.001951813128949265e-01 1.729940953341791154e-01 1.201053065205943959e-01 1.494250981867118744e-01 1.500517334717437756e-01 2.403203279790911209e-02 -2.992320386000106233e-02 2.409313206307342470e-02 1.003660283829266447e-01 2.872955056866862908e-02 -1.149820407574985992e-01 5.041596792857307163e-02 -1.357589731229584540e-01 -7.633888650931366926e-02 5.444352162820319252e-02 -1.923039105735486753e-01 -1.207648718323814513e-01 8.686682159866146447e-02 -6.441233270423567248e-02 6.699138016574560095e-02 2.085295025006842981e-02 1.503118966844183002e-01 -1.705312555612164549e-01 -2.860047643692804065e-01 -1.737795268706344431e-01 -6.779219309794493054e-02 9.420952533191875866e-02 -6.447176457501412050e-02 5.481601769814214292e-02 4.842316615687563414e-02 4.820356811747448372e-03 7.713480160014801745e-02 1.774723448759092659e-01 1.235172137554035182e-01 3.098788509141879241e-02 3.333263081296972130e-01 1.684623120713787947e-01 3.386908987599548948e-01 2.578422452401786802e-01 3.416703258470241145e-01 6.150429710228242364e-01 -2.233516127607854951e-01 1.622321534793779996e-01 -1.993703603535333657e-02 -9.114511147574730354e-02 2.444842237403648810e-01 2.743409040594091929e-03 1.619377240075410840e-01 -5.622917481934678469e-02 2.365170523397507052e-01 1.658853629332895097e-01 1.356405714752904057e-01 2.259087197986386075e-01 4.966391566079068204e-02 -1.392812287743791788e-01 1.802393071871910557e-02 -2.718713066586342375e-01 9.379888511247369554e-02 6.099466703259135564e-02 6.631698142229990045e-02 -2.183996572010371839e-01 1.411348138222133812e-03 -4.812592732680491536e-02 -2.574149977141941825e-01 -1.069467541960906903e-01 -2.226534102729731956e-01 -2.132420133649912675e-01 -9.904414411189102485e-02 1.047814784541975797e-01 2.599447975816679066e-02 -1.954418429082265540e-01 -7.025701180228081238e-03 -1.647458023280988781e-01 -1.770796098281699205e-01 -2.445820565758702325e-01
