1.000000000000000000e+00 3.506497283392844833e-01 -1.209258386316307832e-01 -1.214430079595168327e-01 1.643388661875127554e-01 3.238621762048521369e-01 1.036342049440357460e-01 -4.097250604783277961e-01 -3.210158793158363610e-01 1.630735067126792837e-01 1.732870573213993459e-01 -6.365848305467919355e-02 -3.248963579687690340e-01 -3.241819620986197692e-01 1.805182090016892865e-02 1.520946751019185139e-01 -3.210736629065741310e-01 -2.487242746890803158e-01 -2.754747244549429763e-01 -6.302569256745797766e-02 -3.066854073028220662e-01 -3.292234552490180821e-01 -5.441304446799526823e-02 -1.830074445095491997e-01 3.453305583068562168e-01 -2.662175701818436102e-01 -1.222811872498641844e-01 -4.080844105633835150e-01 -1.322054081079397370e-01 -3.067747055774335263e-01 7.453336049373829320e-02 6.526636915595072086e-01 3.327899401228521237e-01 -2.292999943244719840e-01 -1.495191640503354680e-01 -7.541420684836509791e-02 1.149245571402165850e-01 2.896170789691214220e-01 3.227632571408140527e-01 7.788815793483244709e-02 2.338107602025592952e-02 -3.083068028018018936e-01 -1.751647521904212967e-01 1.108701975667341633e-01 -8.841870758692636778e-02 -1.281275211077274601e-01 -1.318223152288743594e-01 -1.154483005186896505e-01 5.397659671287486916e-01 1.677137742095900219e-01 6.708429322007218865e-01 1.088719154570288034e-01 1.120823167189350690e-02 -4.990558478321752145e-02 3.163522851043520379e-01 2.690469923683227460e-01 -1.833555956994419867e-01 -3.811113313170918504e-01 -4.494181923047516763e-03 3.156008661057643772e-01 1.194841765521062749e-01 -2.950284578345015452e-01 -3.446877669502192987e-01 -2.122644667404628149e-01 -4.650731644720412783e-01 9.938077933551568710e-02 1.116885405833098061e-01 -4.350867729129136441e-01 -3.557701682123267095e-01 -3.766741144507144701e-01 -2.020436861834661868e-01 -2.560741684170955157e-01 -7.263357461715504171e-02 -3.077067503932682246e-01 -6.729394499179439104e-02 1.371053852507012893e-01 1.789118018057056850e-02 -8.517376637512674709e-02 1.494000721875753668e-01 4.628436070326059637e-01 -3.392925600245725870e-01 -4.160624980288248342e-01 3.531219188813545379e-02 -1.967228719844172635e-01 -1.820097350671105452e-01 -9.454056187744497297e-02 1.558954433339232726e-01 -2.107534497908382098e-01 -8.753076543343935034e-02 -2.620443945665739127e-01 2.037280505579019962e-01 4.367109615823931978e-01 1.328494394435860426e-01 -2.227811612000276942e-01 1.332233988068339814e-01 1.071951706205924448e-01 8.553820062605452246e-02 8.752618663403767540e-02 3.699239943418961007e-01 1.822254647443345976e-01
3.506497283392844833e-01 1.000000000000000000e+00 2.233892279755611832e-01 3.019278310593843662e-01 1.683967485601096381e-01 6.386184967374346211e-02 1.288308155427701496e-01 -2.300725593688548731e-01 -1.648143089554671981e-01 -4.530346522698104617e-02 1.043798867677218634e-01 6.573102059338867265e-02 -9.631721363464901264e-02 -7.310962425550279753e-02 8.817168724200169505e-02 5.305815917181981867e-01 7.738002909928883011e-02 8.755254042885690646e-02 -8.385111107130903407e-02 -1.806205011126902141e-02 6.416374242912452341e-02 2.260193653118076212e-02 2.554389395883022162e-02 1.364276513351594389e-01 -4.600496743497470981e-02 -7.944590619248358132e-02 -3.170721455932242749e-01 -1.493439920585389880e-01 -3.386289234583035324e-01 -1.217833196488276870e-01 -3.130452501478009908e-01 2.583223798301115814e-01 1.875210865644584834e-01 1.336930282170637474e-01 -4.462757515566689176e-02 -3.303851372417137000e-01 -6.553169813209976102e-02 -5.042340421219792396e-02 7.459010168193354329e-02 -6.508556280635639790e-02 -9.297928563493174092e-02 -4.876143671685339576e-01 -2.415948792605878970e-01 -2.555437836538037022e-01 -3.800721476371449192e-01 -3.589730446507501949e-01 2.662830550334370494e-02 -2.446234359920562360e-02 1.418553581868304929e-02 -7.598797070233938300e-02 3.985855623360111122e-01 3.505303831556082494e-01 4.209435978299676528e-01 4.456829383024386027e-01 1.710034418392259170e-01 1.540244187437012635e-01 -1.822142368175904900e-02 -2.947928148176940932e-01 -9.511258287093446451e-02 -4.050583062278346504e-03 2.339226749305332309e-01 -1.289010906306110038e-01 -4.978978510385862616e-02 -2.533540227063750816e-01 -3.407520379817202683e-01 -1.420756117772837002e-01 2.918533204736436376e-02 -2.548421187452766801e-01 -2.751525916777627923e-02 -8.028119863119263788e-02 -1.756489020726801631e-01 -3.260111282925118315e-02 1.366814448866751457e-02 -4.623175185133168719e-02 -4.709423251269720390e-02 3.165109622896251640e-01 -5.094278371318784054e-02 -8.538650200031350918e-03 -1.876253249474416351e-01 2.519399760472380567e-01 -9.490988223565121826e-03 -1.307177079447391713e-02 -2.791050115077072236e-01 -5.626133204284922140e-02 -2.671706621572488838e-01 4.794224136091058963e-02 -1.460755076416222868e-02 -9.090924717908857589e-02 -2.928456738031961493e-01 -1.989090936309138857e-01 -1.348124186765153332e-01 -8.030324480063449899e-02 -9.726749021981924426e-02 -3.585867147279513389e-01 -2.488362424979739251e-01 -2.397836155627672550e-01 -2.879071217324939980e-01 -7.392288481580752690e-02 -1.601773500768940983e-01 -1.505828549525904947e-01
-1.209258386316307832e-01 2.233892279755611832e-01 1.000000000000000000e+00 6.630481513950997607e-02 -9.533691480556413800e-02 2.689125714569910036e-02 2.917540810650713912e-01 4.550612384325174176e-02 -1.181620197398457750e-01 -4.626207417643966591e-01 -5.643322547122655436e-02 1.072682209576066026e-01 1.396837816061221038e-01 3.050597823684355059e-01 6.903047152020019665e-03 1.230481713735208787e-01 2.855944660062116891e-01 1.490083504177939777e-01 1.944625605699991933e-01 3.340679217413652924e-01 1.776425171125032565e-01 1.277219473625043622e-01 1.269126269247526917e-01 1.814355884274562736e-01 -3.064401759154313787e-01 -3.788855641075966445e-03 1.153924286822427536e-01 1.028313155820760882e-01 6.092008623343139750e-02 -1.159544710863512525e-02 -5.966948458845753450e-02 -2.738101546266028530e-01 7.035930843240796595e-02 5.633487178884067498e-02 5.864240788981099628e-02 6.866971653469176873e-02 -9.429084533321786810e-03 -7.825154695071473432e-02 4.074011123267205770e-02 1.584746375090593240e-01 8.597893418897857576e-02 -3.725062742445016395e-02 -1.184915223921174099e-01 -9.901065374127790419e-02 2.835992706762281712e-02 3.312322524449672068e-02 1.924474438565724754e-01 1.321813677334231774e-01 -1.819657041400956909e-01 7.778544473532396364e-02 2.129175082898530566e-02 4.983075177884184748e-01 7.975125683885085637e-02 2.492146182343583649e-01 1.869695664101036700e-02 1.514435731267408103e-01 -1.438408209991426101e-01 -2.146184579172317197e-01 -3.872544047488832852e-01 -2.231550929650652215e-01 1.408059552806855685e-01 4.700603154659042937e-02 6.974592691212926077e-02 -9.379510913903942038e-02 -5.206474378871752545e-02 -2.989421596947918758e-01 7.531651512310567897e-02 -4.811240565707132488e-02 -8.146185358063288973e-02 -2.042091416631678508e-02 5.443824298533143924e-02 5.087724849327476123e-02 2.626513813085340140e-02 -3.510964466569290593e-02 -2.064906217401251132e-01 5.046661559415074189e-02 -9.855850510407831999e-02 2.478725536010979030e-02 -1.242624274975184101e-01 8.689570073521024618e-02 -7.974557569805025559e-02 -4.286491741377321946e-02 -1.224562743019336764e-01 -2.698474909942384647e-02 9.525103617040241166e-02 1.069177201950532036e-01 -8.463764392577093065e-02 -7.911951185247519114e-02 3.821668155904200254e-02 -1.316448284280769265e-01 -7.260577658864078576e-02 -4.253254492289539335e-01 -7.071299315877706271e-02 7.055038968681402733e-02 -2.447147650511069528e-01 -1.302075551379035800e-01 6.020836912079028519e-03 5.750434773679587164e-02 -1.426934701584011388e-02 -1.408278860374257216e-02
-1.214430079595168327e-01 3.019278310593843662e-01 6.630481513950997607e-02 1.000000000000000000e+00 8.740575711172887674e-02 -2.789465206539426187e-02 3.380955125998454935e-01 3.922955498158034460e-01 4.246488954277474748e-01 7.895017742470498978e-02 -6.222407450386469550e-03 2.835956487932295711e-01 5.541555064622720461e-03 -7.204508384278987543e-02 7.234394138150038178e-02 5.684576107476392304e-01 4.662395002268650973e-02 -2.007200556980621303e-02 1.123629733448520962e-01 -2.702835006539041629e-01 2.191832858999578915e-01 -1.483449117249004308e-02 -1.847762885521393728e-01 1.931890532670035576e-01 3.690519718726848614e-02 1.976702460440529496e-01 -2.113551604449148136e-01 7.048236397826887489e-02 -7.237969017888491730e-02 3.348337506192292090e-02 -3.963744063989556310e-02 -7.515693714541038517e-02 1.227010030657145895e-01 4.962880353010861584e-02 -1.374681918218252814e-02 -4.127318961617141846e-01 -1.756054743070569191e-01 -1.537892165566423219e-01 -4.353201625267951597e-02 5.372431974908067898e-02 -2.332384827215398526e-01 -9.594519007361942964e-02 -1.113631880473727048e-01 3.941511473283603600e-02 -7.256101261273480152e-02 -2.966335462533966072e-01 -3.536085645633288421e-01 -3.563250039353172416e-01 -1.565111911066034145e-01 -1.912093397539074979e-01 -8.076003051428015667e-02 2.950330145963165895e-01 3.392141584562632373e-01 4.577402608627120228e-01 -6.618907369997342749e-02 7.691240025110722411e-02 3.080883237690125731e-01 3.398267770880833982e-01 5.092999360937578573e-02 -1.112401891711385649e-01 9.609400627710702747e-02 -1.528850421805368412e-02 7.761326920933717122e-02 -2.021882983833589442e-01 -8.129957006785799509e-03 -1.206014100169545689e-01 2.199404808578602974e-02 -1.756149972699766904e-03 5.305108990676900976e-02 3.505929601489409658e-02 2.580915882517912513e-02 -9.894759807649752825e-02 -1.014685079282434538e-01 2.360954791598123270e-01 7.658254886062606723e-03 1.698795247931904340e-01 1.141070164333519987e-02 -9.291702385784243734e-02 -1.134581261604066145e-02 -4.130630762442429743e-02 1.485803402303468024e-01 3.915046203691966570e-02 -2.945634533760521645e-01 -1.644484951632830261e-01 -2.098197579554433589e-01 -3.097770332083057410e-01 -1.686269246673364197e-01 9.642950997896938825e-02 -3.037526482911302450e-01 -3.005833699032433790e-02 -1.955356512238031752e-01 -3.366147029008542679e-01 5.692475289688642137e-02 -1.411820768145325145e-01 -3.711765878939303209e-01 -3.882576030920500271e-02 -3.322754652809973286e-01 -4.467061078967203280e-01 -1.849456471460660389e-01 -2.355509593985584127e-01
1.643388661875127554e-01 1.683967485601096381e-01 -9.533691480556413800e-02 8.740575711172887674e-02 1.000000000000000000e+00 5.752310906671306290e-01 5.227304269418737298e-02 2.402202489910060636e-04 1.174907834384036481e-01 2.117843051405148280e-01 4.087235418815237525e-02 -3.895987975393910147e-02 -2.181708265375679190e-01 -2.787832977768543441e-01 -3.448101050453690197e-01 7.332825265119945202e-02 -2.074787817328428360e-02 6.380217603588352049e-02 -1.249820690725279571e-01 -1.467210136183976499e-01 -2.522801948790204252e-01 -2.488885069280357548e-02 -3.635715878278729662e-01 -2.925040464530651377e-02 -8.685310491879220940e-02 -1.203586717419209001e-01 -2.029981365367735657e-01 -1.467292157587690160e-01 -3.850280047402658279e-01 -2.545354699638155971e-01 1.745762175397879423e-01 1.579477917556106337e-01 2.164276723296344185e-01 1.235609143769185458e-01 2.422105122248355003e-01 -3.032841551604166953e-03 -2.431304325617012485e-01 2.328199878045084659e-01 1.943436209010853538e-02 1.042684253923254895e-01 4.826239060795810970e-02 2.012536123394244592e-01 3.600394859660135394e-01 8.835467555661252748e-02 1.319608368030423529e-01 -7.058336554144778452e-02 7.642262170127213372e-02 -1.792776055354539377e-01 2.088692462313936626e-01 -6.353824716237796433e-02 2.280697926412526277e-01 3.128113657041040607e-01 3.258077354564040684e-01 1.824578741936111748e-01 3.451415720483324567e-01 1.265555129142588997e-01 9.927766466804119339e-02 -8.254078989762847485e-02 3.440490311067291758e-03 -3.626473646377365023e-02 -1.990486776380238632e-01 -8.748868529050554677e-02 -3.361019861341560389e-01 -1.980507833117639560e-01 -2.398662022161854868e-01 -1.519787471728382688e-01 4.775710106992905185e-02 -2.567771659558435449e-01 -6.299283347254022725e-02 -7.527774142861168305e-02 -3.431169741176926524e-01 -6.288930559918091967e-02 -2.028683864239100298e-01 -1.592981465240357331e-01 -2.563239176333738101e-01 -2.180524907996465589e-01 -4.035555192102348587e-01 -3.238334230383988488e-01 7.465980741205915927e-02 2.891673939079265065e-01 -1.290778918305274248e-01 -6.000681721495414872e-02 2.010867414735395542e-01 1.465446697211686689e-01 -2.756162434747198020e-01 -8.519939178503319055e-02 -3.431083829408134167e-01 -1.519725318272556469e-01 -1.061772327235259022e-01 -2.202137756763003218e-01 2.225646000936368774e-01 2.107606695294374499e-01 1.706150673336090662e-01 9.827787799529889845e-02 1.023489431778079883e-01 -2.207747265924271673e-02 -2.034390522518473854e-01 -3.078897846090246013e-02 1.334790766057239730e-01 -9.036873462200069318e-02
3.238621762048521369e-01 6.386184967374346211e-02 2.689125714569910036e-02 -2.789465206539426187e-02 5.752310906671306290e-01 1.000000000000000000e+00 2.489201046068086620e-01 -6.851154167254573657e-02 6.763977716668634343e-02 3.732196931309981758e-01 1.041631909406055267e-01 -1.800097450015740452e-01 -5.915980175569592048e-02 -1.736518066403529570e-01 -2.309907955690190529e-01 7.425102376272027516e-02 1.815951160498461420e-02 -3.761860629363763392e-02 -5.232543567615643293e-02 -9.942995204406722409e-02 -2.390328898428379645e-01 -7.539021778005015884e-02 -2.729122419898372121e-01 -5.219898565976950622e-02 1.043747798306333130e-01 -1.572823545876617102e-01 -1.254984779203779099e-01 -1.945113182434792254e-01 -3.012343275199965698e-01 -2.801667667807582474e-01 1.206287513701524705e-01 1.960485492483356185e-01 1.602157001561370919e-01 -1.448286014526577528e-02 2.182117176427624816e-01 8.030844086449721864e-02 -1.154839591255688025e-01 3.232442365046137578e-01 2.045957461499601227e-01 2.431120734432632435e-01 1.293867913765049116e-01 2.765115707348817509e-01 3.080328949787008996e-01 9.072024786216562053e-02 6.057113402190315854e-02 -6.673005447542060785e-03 8.174335045270189615e-02 -2.211438264698683820e-01 3.106455830651879690e-01 7.582130958915987706e-02 2.670898944126325891e-01 3.774695851641197142e-01 2.345184431827954663e-01 -8.671658814349431088e-02 2.805046401875865847e-01 4.958872307104197352e-01 3.744347629346841261e-02 -1.697479459035610427e-01 1.858363351651425022e-01 1.443267287007869160e-01 -2.144680017450550369e-01 4.327685827222767928e-02 -2.902091545042678744e-01 -2.482755828351695393e-01 -3.469963713302319230e-01 -3.533583328483232838e-02 2.949111970840010977e-01 -2.570086183931135637e-01 -2.388416087495442430e-01 -2.382267798280294224e-01 -2.619724085736336860e-01 8.809234581853039869e-02 -1.324455301417939990e-01 -1.559528596288099478e-01 -2.068843594834566257e-01 -1.654375161548185535e-01 -3.694656247573960828e-01 -3.001862838489576801e-01 3.838337448140106967e-02 4.819370936961394625e-01 -2.702522521980320058e-01 -2.208395726631685319e-01 1.222246800278579681e-01 1.169575535620670376e-01 -1.249717059693103566e-01 5.240716838858575782e-02 -2.183952735412544588e-01 -9.711367882935077744e-02 -3.739367973741594253e-03 -1.986970180503176697e-01 3.894991189885473881e-01 3.251882961876503830e-01 4.004033814882886899e-01 1.553163323692829945e-01 3.087452348670753355e-01 5.993709065155919391e-02 5.961784646147756661e-02 4.458145371997155465e-02 3.494059763187304379e-01 9.434137759487154495e-02
1.036342049440357460e-01 1.288308155427701496e-01 2.917540810650713912e-01 3.380955125998454935e-01 5.227304269418737298e-02 2.489201046068086620e-01 1.000000000000000000e+00 1.262321035740098518e-01 2.244034861974301964e-02 -2.720010600433690057e-02 5.701620749194901555e-02 4.826871265786871618e-02 1.289183796783313109e-02 1.109753750601240319e-02 2.449588204319202295e-02 3.406235982388332029e-01 6.052075858475716719e-02 -1.536633289630079668e-01 1.564790500523619565e-01 7.932088515228591374e-02 1.195634229739155896e-01 -2.689597344329300865e-01 -1.460061377425929119e-01 -2.245772563040382072e-02 -1.063176471471548451e-01 -2.109774912340119379e-01 -1.385018184524826057e-01 -1.838955537452752476e-01 1.709934942437441319e-01 -2.167886091772819046e-01 -2.990912746072932685e-03 -1.107470936942043099e-01 5.990751736763660906e-02 -1.884633917663276481e-01 -2.751752629955545593e-01 4.278478027200832701e-02 1.153062407507049469e-01 2.176287974820541038e-01 4.098457124283989006e-01 5.758461300051058718e-01 2.957290766148721883e-01 2.285793753656508998e-01 -1.736582542394410622e-01 2.428064737919662375e-01 -6.670220263430948204e-02 9.045052627527953859e-02 -1.782179452494862537e-01 -3.600316257578478618e-01 3.380233200850764619e-01 3.606041317076407737e-01 2.080896952524077526e-01 4.402761438964282736e-01 7.186972987784154276e-02 8.474309660987112969e-02 -5.331368977249860419e-02 3.035459735447983420e-01 8.860865973472482893e-02 -1.093959104558280548e-01 -1.217921280528611594e-01 5.132974403087790793e-02 8.780312670254823704e-02 -5.128403553882650810e-03 -8.477216937734954882e-02 -2.536663546738007757e-01 -2.697488423421071091e-01 -1.378492730680014045e-01 5.346480564041237171e-01 -2.038970973843998169e-01 -4.114906746447093422e-01 -3.663465182501446371e-01 -4.805587328000011926e-02 -1.483906712190659893e-01 -1.209393015528059112e-01 -1.400381456219982335e-01 -2.679160546640040330e-01 -2.802686194083958953e-03 -7.206920338583790164e-02 -1.913792191414918908e-01 -2.255445882934119933e-02 2.653016495650393214e-01 -4.245847915362010450e-01 -2.962457449898943662e-01 -3.283776798889021520e-01 -3.677596006535676088e-01 -1.783877104949795067e-01 -2.458715744867512043e-01 -1.081072033358870393e-01 -2.649513463524137413e-01 3.625512666987287108e-02 -7.795984718895136723e-02 1.549067561591388198e-01 -2.647961027322328839e-02 4.697119440341062657e-01 2.222355464622781662e-01 -2.277655556570084838e-01 2.048564069764163276e-01 1.860444208604108696e-01 -1.833068809621152262e-01 3.935714382989892735e-01 3.274757486822689190e-01
-4.097250604783277961e-01 -2.300725593688548731e-01 4.550612384325174176e-02 3.922955498158034460e-01 2.402202489910060636e-04 -6.851154167254573657e-02 1.262321035740098518e-01 1.000000000000000000e+00 7.291216909476867514e-01 5.708667324584975472e-02 -1.002140444403422925e-01 1.402646673915284303e-01 1.004571002524151380e-01 1.090991604241244445e-01 2.843906957437260588e-02 8.894057931848352305e-02 1.164297213829494776e-01 1.214677263937794238e-01 2.934503468594155118e-01 3.689505496496861547e-02 3.439572703376699292e-01 1.324364169786686196e-01 1.733029711406132781e-02 1.695287851621755104e-01 -1.005268117867517685e-01 2.781273429220796900e-01 1.413181234171631551e-01 3.014791390706104690e-01 2.820320814104040896e-01 1.947334399489550893e-01 2.056451276689295893e-02 -3.792630752331036526e-01 -2.836316478881862890e-01 4.414817167199120568e-02 8.023593245459853529e-02 -7.723844649312493205e-02 -2.550621887998515969e-01 -2.330255839203956569e-01 -2.289440950912063066e-01 1.497574283175978800e-02 -1.653180800374512704e-01 1.962248180582271129e-01 1.281564310873256063e-01 2.967027606251376737e-02 1.199402883368995421e-01 -3.098079746117838804e-02 -2.126737142204053466e-01 -1.325694529586307624e-01 -3.468736198409700378e-01 -1.988481497066652559e-01 -3.741073598361880914e-01 -3.383061465336015261e-02 7.164695153315953254e-03 -4.512890113698347049e-03 -8.332693072100326448e-02 -1.111479749347915602e-01 3.617141061236430200e-01 6.627262985197081013e-01 1.057091815568614313e-01 -1.325163515570106920e-01 -1.307398781741825056e-01 1.617049970031248507e-01 2.483862313818829270e-01 1.990915216503593710e-01 3.977573392317463874e-01 3.206710524532027651e-02 -7.930466867396490649e-02 3.448971630962156532e-01 1.987882139637311696e-01 2.615760847136061051e-01 3.030404267549198227e-01 6.949976774568937532e-02 1.160667023891933242e-01 2.774301777670654667e-01 1.053889234140656939e-01 -8.751358249970057901e-02 1.178983549615335302e-01 4.306847046871176143e-02 -5.800504345283239577e-02 -3.632405555947409437e-01 2.187626323363072445e-01 7.182053466518149853e-02 -6.009228661006792843e-02 -1.268599158749351800e-02 9.535211922700859155e-02 -2.016781022379962596e-01 -2.030136519120271932e-01 1.901885392368370675e-01 -1.768846612044355435e-02 1.376182918739984329e-01 -1.858910465131149159e-01 -3.098316712810093021e-01 -2.038419242591051062e-02 8.720297758602674199e-02 -8.025390676460822381e-02 -2.182928450996081404e-02 -1.206800386272283976e-01 -3.157298951283873945e-01 -2.110630225742858856e-01 -1.759420987969823047e-01
-3.210158793158363610e-01 -1.648143089554671981e-01 -1.181620197398457750e-01 4.246488954277474748e-01 1.174907834384036481e-01 6.763977716668634343e-02 2.244034861974301964e-02 7.291216909476867514e-01 1.000000000000000000e+00 2.270347380320346387e-01 -7.376280041517054020e-02 2.992651856805985527e-02 5.789759264786947107e-02 5.876394482900455796e-02 -9.363104095610440269e-03 8.248957809892050463e-02 8.585159921521967608e-02 1.770122522785434471e-01 2.432298503696175840e-01 -7.449838068176839467e-02 2.450626201956721262e-01 1.067616948361581192e-01 -7.339898504753167296e-02 1.207010509461372283e-01 -9.947304625513130050e-02 2.643126322655743876e-01 2.871690687844528217e-02 2.196539422940267106e-01 1.763630281979380876e-02 1.179826073728286601e-01 -3.798989043878876065e-02 -2.570957270746600520e-01 -1.943154679174045607e-01 2.024951048617535387e-01 1.527494245765999847e-01 -4.107884812998506552e-02 -1.536533180991039027e-01 -1.511590052400877404e-01 -2.090211894580503715e-01 -3.481775476605659947e-02 -1.346916456151366071e-01 9.536919875465435514e-02 1.707904389695406311e-01 2.045440203903360274e-03 9.826128490561905626e-02 -1.028040389956185185e-01 -1.524991158474475750e-01 -1.160307041717995313e-01 -3.324287902981948317e-01 -2.171808190842973163e-01 -3.978798036912454816e-01 -8.557099307128507304e-02 1.446794155182958008e-01 -2.080629008134913041e-02 -4.639533351746363832e-02 2.239635110703188173e-02 4.235713142765411554e-01 7.455786238550669021e-01 2.154179447427244376e-01 -9.802510255447612064e-02 -1.914011996859406040e-01 1.922349668353786067e-01 1.964549338003236112e-01 1.326815368688111785e-01 3.164435144685602830e-01 2.069856590278279507e-02 -7.609769345285684328e-02 3.182845060705976059e-01 2.654840222135005923e-01 3.234758282910741856e-01 1.398960585621461250e-01 5.419516262700701387e-02 3.102849627082001488e-02 2.986276962257411460e-01 6.122548276515251547e-02 -8.060843014134241868e-02 -1.320922893143431850e-02 -6.222608902268830094e-02 -1.058414986051838674e-01 -2.812012844228345965e-01 2.838293895956204849e-01 2.681347162497777492e-01 -4.810859054866667428e-02 5.980018889636513901e-02 1.281027067283149572e-02 -1.227576489379185315e-01 -1.058705334816898436e-01 2.766798653788000717e-01 -1.582619937944623051e-02 1.697969307998993260e-01 -9.591943570671011832e-02 -1.737812254621985963e-01 2.419420736484477821e-02 -6.152592775300240804e-03 -4.726385690672183643e-02 -1.468754569129345107e-02 -2.579491827856405517e-01 -2.649058789376548817e-01 -2.478995121280784808e-01 -2.017227752368494775e-01
1.630735067126792837e-01 -4.530346522698104617e-02 -4.626207417643966591e-01 7.895017742470498978e-02 2.117843051405148280e-01 3.732196931309981758e-01 -2.720010600433690057e-02 5.708667324584975472e-02 2.270347380320346387e-01 1.000000000000000000e+00 4.915723706587661890e-01 1.989294058591217773e-01 2.260995161387152619e-01 -2.158427498211594811e-02 1.133918080049758914e-01 1.193438140496667355e-01 1.333823171710921407e-01 5.813347560606479947e-02 3.251047676845041784e-02 -1.868410447714214662e-01 1.378402763859446108e-02 1.796172084304538119e-01 -6.268465129037618239e-03 2.325105454910336711e-01 4.529523064404809007e-01 2.531125829384290316e-01 -1.285663129686917538e-01 1.385630179457707500e-01 -1.844807466480525571e-01 1.479446211179812343e-01 -1.136255422575555563e-01 1.673796850675646208e-01 -1.326644611932147888e-01 9.263148573849404321e-02 1.550477032587056769e-01 -1.142337246284553104e-01 -1.713201868792414706e-01 1.199386361336016345e-02 -1.568572065225643242e-01 -1.277710927161438553e-02 -2.308284196441920400e-01 1.249451540515693487e-01 9.924203609218953948e-02 -2.035786001848716997e-01 -2.052912560816341492e-01 -3.123933354300032494e-01 -1.040078213302992050e-01 -1.873531358846370343e-01 1.384146281822718622e-02 -3.350225607884927403e-01 -2.952174936689748799e-02 -1.280526147986583152e-01 1.977597223627778622e-01 -2.910296002104560409e-01 -1.257857950818262738e-01 5.983981240838154997e-02 5.104873569397133659e-02 4.275355941596911680e-02 7.381582592349515970e-01 5.487290307293789526e-01 1.068483362459503733e-01 2.159135545899650843e-01 3.398472669536400231e-02 -7.263785516868835612e-02 -3.855170829264810244e-03 3.278538154463508936e-01 -4.736505999617667516e-03 -1.604869073010482816e-02 8.001945836281523783e-02 -3.132635941070206764e-02 -1.315036751587416730e-01 3.355111608559734337e-01 1.021413571762634503e-01 3.155106071586037397e-01 2.040000626233764436e-01 2.969646166917144781e-01 5.832900863133292507e-02 6.597263631477892631e-02 -7.645603846320837838e-02 9.626151870957685985e-02 1.431477954102651495e-01 -2.722179841397005806e-02 -4.728674995369998996e-02 2.229801112401499086e-01 5.095811381779796062e-02 1.097205997932263477e-01 -4.638398927489235934e-02 3.475249372147179994e-01 -8.145314964504472843e-02 1.569513201952183606e-02 -7.553077805823085744e-02 4.033555718574655669e-01 1.447801539662203207e-01 5.499463206201912063e-02 3.288411488615177181e-01 -1.911877197963799124e-01 -1.823111055361739397e-01 -1.724788346674285475e-02 -8.794466577113378702e-02 -2.427843393628283386e-01
1.732870573213993459e-01 1.043798867677218634e-01 -5.643322547122655436e-02 -6.222407450386469550e-03 4.087235418815237525e-02 1.041631909406055267e-01 5.701620749194901555e-02 -1.002140444403422925e-01 -7.376280041517054020e-02 4.915723706587661890e-01 1.000000000000000000e+00 3.284803052126989420e-01 3.573262866308732355e-01 1.069426247696700916e-01 2.552766364929405229e-01 6.551240086295853637e-02 2.573412617287752502e-01 -3.530421140972646310e-02 4.957127990206099816e-02 -8.658308237825740328e-02 1.226318699863565287e-01 1.399616355439958215e-01 5.713323386026182560e-02 3.255495692263907226e-01 2.994796819554842449e-01 2.487390242779486116e-01 -1.038195181813037354e-01 2.263331665766783740e-01 -7.375333274250958637e-02 9.003977420729132597e-02 -2.232228762707322567e-01 1.161487415446755822e-01 -1.643241584282480461e-01 -3.782739165590862096e-02 7.386801051050459997e-03 -2.122421972100370646e-01 -1.462316566939563245e-01 -6.916992340559062480e-02 -1.667666479907836397e-01 -8.133953130263084363e-03 -2.126522384035977320e-01 -4.893278411116603471e-02 -8.314471376794348167e-02 -2.231632266865448966e-01 -3.013770108808472847e-01 -2.669535707489510967e-01 -1.045932695358181286e-01 -1.645567861679838317e-01 1.955829770601371146e-04 -2.383655641177477302e-01 1.995898422481815204e-01 1.881422412924630971e-01 1.636104904601709265e-01 -3.879023852410665857e-02 -1.723158932911727503e-01 1.207893997328409325e-01 -3.150774962421864361e-02 -1.551615087039096563e-01 4.937643223452876096e-01 6.029349110458416261e-01 3.639397080918171934e-01 3.271518963182842854e-01 1.182952900229919252e-01 -1.663077197871735691e-01 -7.172773902637755161e-02 2.688143926382229321e-01 8.562759731112748463e-02 -9.132413573663723805e-02 -6.001826637051688867e-02 -2.128146398488093560e-01 -4.364113756038338204e-02 3.306568195729651660e-01 1.039941343848382882e-01 2.932131363200700114e-01 1.943659317749177884e-01 4.424956089632820500e-01 6.642250691664099149e-02 1.251813053264273778e-01 -1.380854173252762940e-01 1.767524564874888571e-01 1.823117144759840713e-02 -1.241456678085788301e-01 -2.394670175898950537e-01 1.111393086618139674e-02 5.978172947885180416e-02 1.275071132628491921e-01 -1.396513516680109035e-01 3.021867250876885680e-01 -1.724597201813411751e-01 -8.051595342053170790e-02 -1.587995319444697184e-01 8.850674770347422005e-02 5.353841351495301770e-02 4.437019416461841087e-02 1.543476154474703599e-01 -1.767604759075591114e-01 -1.061977553636720695e-01 -4.751316104304054849e-02 -6.734701190106971713e-02 -2.225694444103659131e-01
-6.365848305467919355e-02 6.573102059338867265e-02 1.072682209576066026e-01 2.835956487932295711e-01 -3.895987975393910147e-02 -1.800097450015740452e-01 4.826871265786871618e-02 1.402646673915284303e-01 2.992651856805985527e-02 1.989294058591217773e-01 3.284803052126989420e-01 1.000000000000000000e+00 1.905066675076166061e-01 2.413903859533263474e-01 2.935605047198516782e-01 2.442411867348397436e-01 3.011571765169586135e-01 5.335999411006549925e-02 1.969931850956648245e-01 -1.441751853671131844e-01 2.706814174747319002e-01 2.624924037707203617e-01 2.132371025865457403e-01 5.151572977964334887e-01 2.769211670222690991e-01 5.984048542493316525e-01 -2.039048669308915138e-02 4.659103454783765641e-01 1.381457225563987035e-01 4.651699456552559897e-01 1.973902122650571939e-02 -8.259463853960473390e-02 -9.126978424633057363e-02 -4.190395911860558126e-02 1.404287979766941953e-02 -3.515533761779977562e-01 -3.385930610012364284e-01 -3.115322528960451920e-01 -3.022436430310421751e-01 -1.081002887732145923e-01 -5.776234622015614661e-01 5.057122410836480120e-04 -1.620467882257976000e-01 -2.070020716114190362e-01 -1.059861478251593464e-01 -3.868901007588620433e-01 -3.441417392468607006e-01 -1.754262559109930342e-01 -2.493033312864479656e-01 -5.437451273028495180e-01 -2.153971611953275217e-02 1.449172104838251374e-01 9.624863198079414150e-02 1.352756617015735963e-01 1.080402245436637605e-02 -3.141111320736521551e-01 -1.603037878027938068e-01 -8.364703313937964842e-04 1.031459789867571059e-01 2.752691583539244036e-01 7.078059341535267723e-01 8.962037736363411000e-02 3.121276931138532995e-01 2.431973662325511709e-01 3.167755173986592787e-01 2.682464256500114441e-01 -3.064366893392080349e-01 1.565996561684901145e-01 1.204702390834471448e-01 -8.824150778606125109e-03 1.629987118904134835e-01 1.924499075460101849e-01 3.125728668565755930e-01 3.803915657855753696e-01 3.441595106494011458e-01 5.744690622946975189e-01 4.079558207626082234e-01 4.909133867428941977e-01 4.806995728492077097e-02 -9.551002499203789520e-02 2.239700172360927777e-01 -2.665692386108099998e-01 -2.132061331786006819e-01 -1.156867473065557698e-02 1.154260060165225449e-01 -1.771561800971439837e-01 -1.975089449030028033e-01 3.644098774486123071e-01 -2.986091259649528706e-01 -2.310654262071769605e-01 -4.725521892529361834e-01 -2.092295946619797120e-01 -1.076641422791987796e-01 -2.606707042943148811e-02 -1.600399162990541468e-01 -3.570539739567415993e-01 -3.494201783656164517e-01 -2.543384379554454733e-01 -3.164608325892116492e-01 -5.138036670054795252e-01
-3.248963579687690340e-01 -9.631721363464901264e-02 1.396837816061221038e-01 5.541555064622720461e-03 -2.181708265375679190e-01 -5.915980175569592048e-02 1.289183796783313109e-02 1.004571002524151380e-01 5.789759264786947107e-02 2.260995161387152619e-01 3.573262866308732355e-01 1.905066675076166061e-01 1.000000000000000000e+00 5.640413942217927801e-01 3.939891752891860888e-01 -1.320690719521710743e-01 4.210139744777240955e-01 -5.978698405345735448e-03 3.445839801804302938e-01 -4.473708079462182519e-02 2.482688234956934026e-01 3.403627062257373881e-01 2.890468739071352378e-01 1.711433132613106589e-01 5.977435190601367021e-02 2.748091901304887674e-01 6.988898737917874360e-02 3.375992825058519720e-01 1.286883234596606917e-01 3.843010621133102767e-01 -1.172942543595897197e-01 -3.742345447400065583e-01 -3.510256337781844094e-01 -1.215441282667622212e-03 3.200798323964082481e-02 -1.572408970018184318e-02 1.401797852371708137e-03 -2.200902031897895295e-01 -2.685357403202317528e-01 -4.045618299743254653e-02 -1.152205458469926364e-01 7.392753923507161540e-02 -8.844856484448822276e-02 -2.300670793471029651e-01 -1.581848223582479063e-01 -3.470822791736751390e-03 9.400309164369745341e-02 5.005624259918618063e-02 -2.509774912851949757e-01 -1.133786457186451158e-01 -3.378715780876047070e-01 -1.912726865859385242e-02 -9.903090353364008003e-02 3.004908973931883637e-02 -2.450117470816183529e-01 -3.750785921198774436e-02 -1.336687746286237544e-01 1.513541132202402342e-02 3.160350057312757421e-01 2.195987970195470707e-01 2.761306428024819515e-01 7.059149795896046964e-01 5.051734805108940574e-01 4.178736546052864986e-02 2.135774432018492930e-01 2.581655912740306591e-01 -3.287868116570179244e-02 1.853872320461901202e-01 7.430762486342103353e-03 -4.234945223893742117e-02 1.075914795909659882e-01 4.331544768212926555e-01 1.916994057400899787e-01 2.613995403477916146e-01 8.685503517335389778e-02 2.463795982413171659e-01 9.877916846810493035e-02 2.595947994995093655e-01 -6.993372563474281600e-02 -1.915271809670517911e-01 4.960624186937744734e-02 5.359686108158178558e-02 -2.195051343973034308e-01 8.088794593267191468e-02 2.731022814697731116e-01 2.195105037499569534e-01 -5.284788131432676533e-02 3.160889899440279538e-01 -2.112537299501847030e-02 -2.277970616918987765e-02 -2.738824801846416745e-01 -1.044216386068563401e-01 -7.551369431518102637e-02 1.671994330043157784e-01 2.973709019636274625e-02 -1.294989978998217495e-01 8.608692963715534885e-02 5.614120540546346100e-02 -1.709437225315750541e-01 -1.057474860176489534e-01
-3.241819620986197692e-01 -7.310962425550279753e-02 3.050597823684355059e-01 -7.204508384278987543e-02 -2.787832977768543441e-01 -1.736518066403529570e-01 1.109753750601240319e-02 1.090991604241244445e-01 5.876394482900455796e-02 -2.158427498211594811e-02 1.069426247696700916e-01 2.413903859533263474e-01 5.640413942217927801e-01 1.000000000000000000e+00 4.952016460909260953e-01 -5.459872931632690773e-02 5.436460865444533441e-01 2.213998572231551942e-01 6.027951034591443324e-01 1.799757565226005607e-01 4.454545714825748348e-01 4.035839292783625631e-01 6.062562344873489995e-01 2.227456995874333989e-01 -2.860164920187629328e-02 3.108289065547417684e-01 1.298989440820868257e-01 4.405054025218058666e-01 3.718013832861415402e-01 5.986417588118817523e-01 -1.035522840039931058e-01 -4.245276231202795292e-01 -3.122009233131231576e-01 1.404794124123824040e-01 2.012920572345610948e-05 3.424260391654130459e-02 5.832561946606197589e-02 -3.558069943106305644e-01 -3.198061799548351236e-01 -1.403032536314063050e-01 -1.517197853562877174e-01 -1.237888323285337988e-01 -2.583895676965405341e-01 -3.038239359753543423e-01 -1.133365634447667386e-01 -6.613148120082601444e-02 1.442543190697885003e-01 2.714605389545530767e-01 -3.170908899192634856e-01 -1.633615976549494531e-01 -3.391237043562014275e-01 -3.994288916354701846e-02 -1.770361086958280872e-01 -5.018410073352240486e-02 -1.715441457699135586e-01 -1.258780510192931690e-01 -2.446923833092287670e-01 1.228086721967754785e-02 7.684422530157995410e-04 8.476041716620349997e-02 3.537528554135604963e-01 4.161374940658915111e-01 5.524842588305907132e-01 3.365186707650956732e-01 4.444159213784961149e-01 2.954536335770638900e-01 -1.928034287016166248e-01 3.102819660338531627e-01 1.480572037678492547e-01 1.606707687686484420e-01 2.759476521464521714e-01 3.807985970451730484e-01 5.113626581990107223e-01 1.935512790958827667e-01 1.342218651912671368e-01 3.002537783090340473e-01 3.536422051114315179e-01 5.580324733674448812e-01 -5.047322285923202395e-02 -3.316996539679376577e-01 1.473018488214102584e-01 5.625485009491449501e-02 -1.733892920154481154e-01 1.712640004590648413e-01 4.044628814579218634e-01 2.883434194250267257e-01 6.095423220321000840e-02 2.981370014963158344e-01 7.314421607902231448e-02 -7.099957063589031059e-02 -4.207348787931016187e-01 -2.587297386772424157e-01 -2.515070830531514479e-01 4.815913326901474778e-02 -9.227836449294399279e-02 -2.783198353385244461e-01 1.669980650641091427e-02 2.073593276827518650e-01 -2.182554692620246040e-01 -1.597455741030321119e-01
1.805182090016892865e-02 8.817168724200169505e-02 6.903047152020019665e-03 7.234394138150038178e-02 -3.448101050453690197e-01 -2.309907955690190529e-01 2.449588204319202295e-02 2.843906957437260588e-02 -9.363104095610440269e-03 1.133918080049758914e-01 2.552766364929405229e-01 2.935605047198516782e-01 3.939891752891860888e-01 4.952016460909260953e-01 1.000000000000000000e+00 7.197030071457247158e-02 3.096898900128852161e-01 -7.958440581703567218e-02 3.922853760687894376e-01 -5.931682225573016443e-02 4.766127586863640464e-01 1.435857746577413052e-01 5.703175746124538037e-01 1.819150905673803387e-01 2.354023814282210914e-01 2.760095828360362713e-01 5.128564302986703127e-02 2.704886787707321827e-01 3.308544056230811603e-01 5.346829305276998845e-01 -9.075406272495282686e-03 -3.975148425326933271e-02 -2.349469389877284764e-01 -1.727246944275746543e-01 -2.297691687046588549e-01 -2.900464564619772978e-01 -1.844788796001260722e-02 -2.116912097253173253e-01 -2.269665358565594315e-01 -1.258566205174233565e-01 -3.687989143039389073e-01 -3.659133286037760668e-01 -4.494592255071454545e-01 -2.060110753337151546e-01 -1.737836974947864765e-01 -2.195303608805030116e-01 -2.528873509137680720e-01 -1.178000481520903890e-03 -2.086272880405600216e-01 -2.003424273101278297e-01 -1.251973871681730244e-01 -1.700974272489986228e-01 -1.593249217073502422e-01 1.439864857876371924e-02 -1.103067891746228046e-01 -6.506947318174585715e-02 -2.115767560009231552e-01 1.600424010581740636e-02 9.948331251938863362e-02 2.768975095345131421e-01 4.785388701441520287e-01 2.591117984714517153e-01 4.058322815261701799e-01 2.548268616457825542e-01 2.925092562930237672e-01 6.793576129628128291e-01 -1.945209887911661384e-01 1.590080127809062882e-01 7.887540814052193885e-03 -7.377231853927436467e-02 4.677267194412137452e-01 2.225664958166427287e-01 4.972905576267823147e-01 2.268343728210148180e-01 3.611566144873428197e-01 4.161688815952925835e-01 5.013195924552306115e-01 5.987622379909532944e-01 1.458451957023151890e-01 -1.742574011879152729e-01 5.115946083336649075e-02 -2.322967647577193206e-01 -1.669061347041038701e-01 -1.181290923869389581e-01 2.460084903465964701e-01 7.333055888417012481e-03 7.205080731808173600e-02 3.171534592804318153e-01 -1.898388361451163464e-01 -1.757004771278921906e-01 -3.870610398596673885e-01 -4.411986381125299755e-02 -1.222904972430173404e-01 -2.387736884581326269e-01 -1.562058861425048573e-01 -1.211575909283580665e-01 -1.188865380750513817e-02 -9.498281873478796322e-02 -2.454986750724888200e-01 -1.723936807808992000e-01
