1.000000000000000000e+00 -1.984272684357950289e-01 3.215976233650442301e-02 -1.543978873732354817e-01 -1.545522216222156020e-01 2.231152196122055675e-01 1.821204656690760260e-01 1.072778176126587026e-02 -4.758723989180073388e-02 1.161824866778560644e-01 -2.852226993552274895e-02 -8.281266623930735871e-02 3.296755019375041673e-02 2.336311330569813827e-01 3.388328759563311032e-02 2.417024411825560160e-01 5.448733671957030344e-02 2.008229629134190564e-01 9.696345383456805855e-02 2.268368378912968830e-01 1.286214900834685149e-01 -8.581018999553655102e-02 2.810114807743703258e-01 -2.370168294840279896e-02 1.920289613158759623e-01 -5.905538013037452821e-02 1.944363689371519099e-01 2.543770468201040844e-02 2.286052681544306631e-01 1.031571212372175417e-01 -2.550193092402417983e-01 -1.864925146636467468e-01 1.685399430455771647e-02 8.890297888337348256e-03 -9.935174733299914629e-02 1.829666869205246182e-01 1.166920476850363819e-01 -3.748134226426508980e-02 -2.245024791820599518e-03 -9.334179784153541493e-02 2.030010593797814539e-02 -2.300166375826913079e-01 -1.337528995789053765e-01 -1.655085991054763839e-01 -1.579894261145270706e-01 3.652722372186267136e-02 5.125841254907005651e-02 3.305013975340789223e-01 1.681627683781499183e-01 5.710841021866720074e-02 1.224116914324316491e-01 4.792375907653417116e-02 -5.251806984714622178e-02 -1.674793466671793685e-01 -1.764948557138538154e-01 7.503298500393672243e-02 -6.706231130945104757e-02 -4.367785795397101378e-02 -2.885778247414751141e-02 1.500366156581722510e-01 1.247172511346603292e-02 2.524142699273688312e-02 2.203075920191158860e-02 1.311358220768664151e-01 2.168380623811044794e-01 2.355883912856004403e-01 9.534555690895642893e-03 5.939994230460849539e-02 1.111854828202280820e-01 2.149974213494599551e-01 2.899313034100294284e-01 1.073662729412501043e-01 3.174021935549639628e-01 -6.379374452962148501e-02 -7.067484402973501535e-03 4.291450373137421087e-02 2.478143942977694691e-01 1.828158276405523475e-01 -1.665748432146637314e-01 -1.361578791374112030e-01 -6.759735776028845400e-02 -7.289706726093357625e-02 -2.347835017937743018e-01 -2.491878938044187267e-02 1.524740129933983557e-01 9.290217349548587911e-02 1.474097129986556287e-01 1.066165412620350382e-02 2.781172278418195809e-01 4.401509167810339213e-02 -3.638480823712032797e-02 1.017719731796175725e-01 -2.687729659602545729e-01 -1.538738785588111557e-01 1.174622284639276343e-01 -1.919913318521834777e-01 1.959157952299765415e-01 3.251196914049441777e-01 3.166043507426224979e-01 1.315015043338749745e-01
-1.984272684357950289e-01 1.000000000000000000e+00 3.195735033605110464e-01 6.899805044232405482e-01 4.619482716496375874e-01 2.153007816261115481e-01 5.167676286440515271e-02 3.898759727744477432e-01 2.401012369214916287e-01 3.300469633626466615e-01 -4.271638329906304321e-01 1.625525099362150894e-01 -3.038514080983870103e-01 -5.312735407489734829e-01 -6.539392797718550365e-02 2.025189252394656858e-01 -2.710877457493296450e-01 -4.712370866598303287e-02 -5.078220498107217651e-01 -3.115315643440096441e-02 -1.093133670109952549e-01 -3.497739649834721298e-01 -4.100158547278562882e-01 -3.923818175013524256e-01 2.030122716728421095e-01 -7.427373593664178542e-02 -2.174634871422355120e-01 -4.241291613998804944e-01 -4.086548807891949298e-01 -3.876978530046573113e-01 -1.151037914447647637e-01 3.412032004312995359e-01 3.616515263237211064e-01 -2.375543623635865964e-01 -1.403018851054504967e-01 -4.882438666258950843e-02 2.466835078720175725e-02 4.361614921379048382e-01 -1.761476140290580555e-02 1.099306685602834538e-01 1.712890222795310780e-01 -1.705546299747459638e-01 -7.151356885725486390e-02 -2.311620021300961891e-01 -2.938240983774751958e-01 -2.085373497152498146e-01 -1.531479164426430561e-01 -2.242101262951423368e-01 2.192691793700419778e-01 1.730338484619152739e-01 -2.656338644450837450e-01 5.709400833302944456e-01 2.808331404256066144e-02 7.155844229026715464e-01 6.453191712561635873e-02 1.411294209834254854e-01 2.424035504692172160e-01 3.329266271130355004e-01 2.110846938912147863e-01 4.112589827283985588e-01 -2.004274707744661543e-01 -3.742093523666044641e-01 -4.201424052863219627e-01 -5.014722605622425888e-01 -4.987888630065813178e-01 -4.770236707403606724e-01 1.209348936776311195e-01 -5.197640746492565578e-01 -4.450158732508378567e-01 -2.095889177957624971e-01 -3.525515193398932601e-01 -6.113284781591203920e-01 -5.125287463488314987e-01 9.012913337002943781e-02 -4.738676769657613197e-01 -3.612219987929296550e-02 -2.394613980995768665e-01 -5.638547780763328854e-01 -3.156684991656378836e-01 3.215423523673464068e-01 -2.578493120035533215e-01 7.600822316518683619e-02 -1.584924648895402743e-01 -2.441306194460599877e-01 -2.872971737957785709e-01 -4.745965827334577281e-01 5.509611726346465982e-02 -1.726592585833741922e-01 -3.044968230615181792e-02 -1.878397373186646013e-01 5.437124262778382233e-01 3.138050893625872750e-01 5.526636037381669198e-01 -2.125403756092069107e-01 -7.874171737712183650e-02 -1.783687937378567179e-01 -1.947849200027939320e-01 -1.242257604832220363e-01 2.247740224681875065e-01 1.788510713551046960e-01
3.215976233650442301e-02 3.195735033605110464e-01 1.000000000000000000e+00 1.966090544064789392e-01 7.169706817070288681e-03 4.471328447688567298e-01 9.460858021343149238e-02 2.043882043787484948e-01 1.312751033566043057e-01 3.221277229555136179e-01 -1.600199870726685958e-01 -1.733649751320666121e-01 -2.318914963002474128e-01 -1.942996203325504656e-01 7.026822567720331092e-02 -2.685594235141536973e-02 -1.867602274780167104e-01 -6.062916741510331053e-02 -1.265996203995499170e-01 6.822938232194021568e-02 -5.428897792647529447e-02 -3.741665438604227512e-01 -5.345998131716105106e-02 -2.859468311181390665e-01 3.993942528388872426e-01 -2.343038455404198028e-01 -1.591237671699901324e-01 -2.793069650415999639e-01 -2.489142090507470428e-01 -3.035554956039295815e-01 -3.445961137807822955e-02 1.709735329776134183e-01 5.690652099104874517e-02 -2.884032456935669564e-01 -1.939561435667921940e-01 1.556931235092483788e-02 1.086746507839637423e-02 3.936580466480537610e-01 5.060464216144408556e-02 1.844738718642234543e-01 -6.931966064580405429e-02 -2.686987100417176921e-01 -6.021713175247479788e-02 -1.026189031491591547e-01 -1.306506791295572456e-01 -1.825956220857710144e-01 -7.487770041017405287e-02 -1.210427373129567899e-02 1.103479105731706572e-01 5.357369454703569261e-02 -6.053113786843807853e-01 2.921856783804317459e-01 -1.798026636381958310e-01 3.329400902526626349e-01 -2.813816490460351871e-01 5.547353548400079104e-01 2.653297248533326713e-01 1.717491178982985256e-01 3.206389971636696146e-01 3.965860352844081116e-01 -5.077206038308349628e-02 -2.361282410120884301e-01 -2.429448805048238791e-01 -1.193193232666616282e-01 -8.619897929028029482e-02 -1.763536050989714665e-01 9.945005249747196352e-02 -3.147671776376018138e-01 -2.318143445362831900e-01 -1.154329987792538509e-01 -1.328896982135291394e-01 -3.842935330187561838e-01 -1.218213282119607194e-01 -9.291644397967316338e-02 -2.944128462575630878e-01 1.389696343094007913e-01 6.502642982511863678e-02 -2.861680569541720787e-01 -1.779010548323909646e-01 8.564863101640121656e-02 -1.441337534066333970e-01 -3.294252370475130032e-02 -1.111329039542830049e-01 -2.549563824379125765e-01 -7.659147995168295864e-02 -2.342232410607030524e-01 1.858028057433891780e-02 -3.898368781670024513e-02 4.580334533613333869e-02 -8.882531793818046473e-02 3.415080515814454265e-01 2.323153696456136674e-01 2.498141153973408024e-01 -2.069069712508126435e-01 2.284533599992329481e-02 -1.241429112832090204e-01 -1.072410416081565343e-01 5.892512359434776831e-02 2.198157541555952055e-01 1.221528472903221363e-01
-1.543978873732354817e-01 6.899805044232405482e-01 1.966090544064789392e-01 1.000000000000000000e+00 3.938194774511070695e-01 3.992149154640545206e-02 6.299136494450742474e-02 3.337978868355249706e-01 1.419178102953027321e-01 2.258124121473550350e-01 -4.014884321656446708e-01 1.786748885904266282e-01 -2.684171431187425960e-01 -4.959290074916047342e-01 -9.357849443886726015e-02 2.413528968903306537e-01 -2.506556297778687048e-01 -3.240309015710163276e-02 -4.735037474456069151e-01 -8.940643902306172341e-03 1.105359033484031028e-02 -2.581330688391151873e-01 -3.584780349823619150e-01 -3.286131531209531831e-01 1.034049041989918427e-01 -4.123666812573163060e-02 -1.667044554561133429e-01 -3.799078597797685974e-01 -3.137881183776480842e-01 -3.000454427020363135e-01 -1.982103116992835756e-01 2.775998679678151615e-01 2.824991010777811451e-01 -2.471210379292616000e-01 -7.682187068421537923e-02 -1.449825904503002361e-01 -6.193271667529581803e-02 3.065617190816593007e-01 1.816047623166073058e-02 7.493971553346577552e-02 1.489173960754968107e-01 -1.557970146276454748e-01 -1.332889688102001646e-01 -3.364984673101801271e-01 -4.329874561818730094e-01 -1.185801969736674233e-01 -1.399487829641366532e-01 -2.499299697837874812e-01 1.229900538337065641e-01 1.471973083920104786e-01 -2.386038624488596716e-01 5.196237790541342605e-01 1.372052278821429550e-01 7.711729301326735175e-01 1.211834682372022187e-01 1.050711171986104808e-01 2.132673115018017262e-01 3.067262442183184001e-01 1.655251530384851677e-01 2.738375907412685106e-01 -2.841284151250500489e-01 -4.099314081646130425e-01 -4.180771656455991026e-01 -5.488517136553116016e-01 -4.860431925931082420e-01 -3.470441222563151462e-01 1.165346091536482998e-01 -4.419257246067979650e-01 -4.381344509732076897e-01 -1.784746136284763030e-01 -2.171087109324325026e-01 -4.614982515608312963e-01 -4.397259387370378581e-01 2.089208472137891320e-02 -4.306301870967251255e-01 -7.084558433683899037e-02 -2.645254620450475658e-01 -4.398521073839824491e-01 -3.997131883060859869e-01 3.083061193949684919e-01 -3.629852018829538007e-01 1.065725694503034393e-01 -2.481664873907274971e-01 -2.601044511210929833e-01 -2.947098144187354496e-01 -4.442411395668471319e-01 -8.520247585811636937e-02 -1.648964102190279557e-01 -1.003341984356965755e-01 -1.208669498397875880e-01 4.749731619557773787e-01 1.769352136593166647e-01 4.347861253437858009e-01 -2.676006107189060068e-01 -5.299335969825572784e-02 -2.042515736613587374e-01 -1.493961379028173053e-01 -1.590139405599353684e-01 9.896022921863764643e-02 1.245762099077722257e-01
-1.545522216222156020e-01 4.619482716496375874e-01 7.169706817070288681e-03 3.938194774511070695e-01 1.000000000000000000e+00 2.425525692677223955e-01 -2.054803328754734593e-01 4.312896075336123403e-01 4.877896852754404211e-01 9.623746634638027930e-02 -8.866398931116889481e-02 2.850713536665029912e-01 1.039012295170545393e-02 -2.512048045187403322e-01 -6.442972408908328140e-03 -1.849685838660897197e-01 -1.145592760076794558e-01 -1.129338241389146562e-02 -1.245305314713204131e-01 2.191609435906430314e-01 -8.789309193584647628e-02 -3.217072379978531266e-02 -3.231828113392141710e-01 -1.954633433162809020e-01 -1.307504683611222795e-01 4.012730871395111393e-02 9.883537692577821013e-03 -4.640048854223050023e-02 -2.090515952102942610e-01 -1.596898406324873954e-01 -3.484206781211565129e-01 -9.845539525547197801e-02 8.202212021458735181e-02 1.396587925654523693e-02 -1.944605895799047038e-02 1.419650659737448084e-01 1.636786285313318323e-01 2.151038443133601250e-02 7.050959327804623422e-02 -3.360036816731013509e-01 4.953255594990150779e-01 -1.660277890964748787e-02 -7.841208430584920008e-02 -2.274075013448287885e-01 -1.615205190118968459e-01 2.109825024326736631e-01 9.872307900375566769e-02 3.835778336612859912e-02 3.684707185831809229e-01 4.525682634961335493e-01 8.779610340376314825e-02 1.843320029107249902e-01 -1.222529311769091354e-01 3.404266976872198369e-01 5.010945255305360169e-01 -1.431724431607237225e-01 2.958137877381173397e-01 4.466332884374683010e-01 1.099943412656447100e-01 6.223272378636542090e-02 -3.844463719063482415e-02 -5.465097884535536493e-02 -8.100690737949334252e-02 -1.316912729146475503e-01 -2.591289547475940092e-01 -2.620441351906151461e-01 2.487580976150307807e-02 -1.175346269202815763e-01 -3.057381648338788893e-01 2.072261849693181422e-03 -2.662128851874246416e-01 -2.523391004382225522e-01 -3.041935877126511478e-01 4.256169019478332760e-02 -2.259691048901449895e-01 -2.325543036742172831e-01 -2.414546281975838982e-01 -3.458151144807790622e-01 -4.220396803391752716e-01 -8.176547859690784514e-02 -2.880875498802316081e-01 2.777826855052974997e-01 -1.019084955832020856e-01 -2.578611992037492251e-01 -2.541746885308229231e-01 -3.045790472233060320e-01 6.747934736511926324e-02 1.260930142314679869e-02 5.017185082965552878e-02 -1.073502037578486362e-01 2.507642761480594062e-01 1.940695164999000841e-02 2.696043825149408990e-01 -2.777065261286965070e-01 -1.808275760514019559e-01 -1.729039484697252049e-01 7.617670808215468159e-02 6.597589050443915248e-02 3.018694404737733983e-01 3.338028756537892994e-01
2.231152196122055675e-01 2.153007816261115481e-01 4.471328447688567298e-01 3.992149154640545206e-02 2.425525692677223955e-01 1.000000000000000000e+00 -1.354564144969989670e-01 1.461989083993576188e-01 2.521862738774606205e-01 3.529555288712520333e-01 -1.460239404275558706e-01 -1.894862463407751274e-01 -1.604111625228895610e-01 -2.018983743929718411e-02 -2.167453236490897092e-02 -2.874415404904418631e-02 -1.236994733413949166e-01 -8.843346025788517695e-02 -3.586224371832612279e-02 1.970184218918798746e-01 -1.892426314358601758e-01 -2.359933355561930624e-01 3.821155098699735575e-02 -3.551745448515431502e-01 3.687610560900776435e-01 -2.096910049024573730e-01 -6.602730058502289182e-03 -1.669966819508313105e-01 -1.462491431981727819e-01 -1.920695359529374369e-01 -1.746369395918353773e-01 2.607518305626825919e-02 4.684336149591088877e-02 -1.885245579653379577e-01 -2.242501881920625773e-01 2.970649181680647469e-02 2.562870216982626737e-01 1.787571897651923369e-01 5.554288056179889493e-02 1.629076327591541485e-03 4.918599203286092708e-02 -2.463118717292157034e-01 -8.699016791661555448e-02 -1.138220790369862401e-01 -1.434207559690682358e-02 -2.015252341023854483e-03 1.506904552831348498e-01 2.042017295849537228e-01 4.236392711760730290e-01 1.770252175716317267e-01 -2.829625359629784342e-01 1.842948170166306132e-01 -1.634961741663201462e-01 1.460430210157663833e-01 -7.831249318367541901e-02 4.600223348596974016e-01 3.224661513098887600e-01 2.391177566860363257e-01 2.827427157988760542e-01 4.707390428930969817e-01 -3.020547966683776158e-03 -5.825508885643593260e-02 -5.516773577489320242e-03 1.534052026615430608e-01 4.409250336880914806e-02 -1.131027458207402581e-01 -6.407639781437686477e-02 -2.026539258759140760e-01 -1.721099698504882369e-01 -7.062616525688840408e-02 -1.957500042865890355e-01 -3.131277784859834434e-01 6.106740904654973934e-02 -1.119845464625315451e-01 -2.707265949859777310e-01 7.219279380365568877e-02 3.248298964533297140e-02 -1.640476981053917704e-01 -2.357645081478640381e-01 -4.650152775099126307e-02 -1.349374924462463377e-01 1.023885510243892696e-02 -8.815087279214457727e-02 -2.870314286337274368e-01 -1.167508632516685817e-02 -1.001011920333691879e-01 1.862064278892442970e-01 9.421935912929038648e-02 7.700411017807932967e-02 -1.646454470750434440e-01 2.707084492262677444e-01 2.701691684485038047e-01 8.201770443513045628e-02 -2.757662011939946978e-01 1.337848120841915629e-02 -1.820625452976918357e-01 3.320450977066519149e-02 2.451407087282396757e-01 4.517310839959054469e-01 2.096921843275599551e-01
1.821204656690760260e-01 5.167676286440515271e-02 9.460858021343149238e-02 6.299136494450742474e-02 -2.054803328754734593e-01 -1.354564144969989670e-01 1.000000000000000000e+00 3.704180015654887637e-01 -1.407317891289284750e-01 3.349169556305588435e-01 5.888250161474543887e-02 2.907484274850907213e-01 1.365958351300721185e-01 -1.546480763091047199e-03 1.703811341562977422e-01 3.872274621410017881e-01 3.339417078093536162e-01 5.068015897902866662e-01 4.903919668142785182e-02 -1.782905239866081626e-01 4.868105859932925217e-01 4.154338410602436554e-02 8.424343781196780290e-02 4.085181916489556975e-01 3.481298043644067142e-01 3.539473787040431918e-01 1.872527798101455282e-02 4.942608617301937762e-02 1.745177015062041315e-01 8.299243835314039364e-02 -1.036957989895734011e-01 -5.541281436308844593e-02 -1.098903086740274926e-01 2.045919582486853405e-01 1.512126535242033498e-01 1.250057972407603024e-01 -3.095327856872743810e-01 1.121527315851849893e-01 -2.081691737449941626e-01 1.150346499091990382e-01 -2.801644477725079851e-01 -4.002400012774617183e-02 3.052537096792168683e-02 -1.805553944395405508e-01 -2.587194926362929026e-01 -3.546176342287961081e-01 -4.140937870205670945e-01 -1.400511248189565683e-01 -2.920205365791229690e-01 -3.556419787984145264e-01 4.757854319469538226e-03 1.737232102172561188e-01 1.180092943090748671e-02 -8.737884027972218914e-02 -1.508705094848195316e-01 -1.634138433558353642e-01 1.716110178178250900e-01 8.411999945097931031e-02 2.566114724206983166e-01 2.347067531882175151e-01 1.455889445473181609e-01 -1.260226853643037562e-02 -1.819614283688777701e-01 -1.898247633272696633e-01 1.389100748285156117e-01 5.860849527379622531e-02 2.632951884021664246e-01 1.838541218286656453e-01 3.485302303040477834e-01 3.000795905332443447e-01 5.197469444858656695e-01 1.228706799385704956e-01 1.423257394343428184e-01 4.447963397986531842e-01 3.007633510496736662e-01 4.607315395116158285e-01 3.819700007319596358e-01 4.565969653571893411e-02 -9.682590213948918945e-02 4.835875095697114018e-02 2.742145750053731068e-01 -3.529765542969313663e-01 -2.422254578117529478e-01 3.793762942614350986e-01 2.130786926790320945e-01 6.831317875249987015e-02 -2.214744790006852593e-01 5.936566073873039695e-02 1.956928519576285330e-01 -8.175025373465896750e-02 -9.871176746279405889e-02 2.849694788231563192e-01 1.850812956633719752e-02 -1.553985172407626181e-01 8.574582138996268699e-02 -1.815245306892306620e-01 -2.743386583529492939e-01 -9.466306508457754398e-02 -6.212708918768611310e-02 -2.309076382817865369e-01
1.072778176126587026e-02 3.898759727744477432e-01 2.043882043787484948e-01 3.337978868355249706e-01 4.312896075336123403e-01 1.461989083993576188e-01 3.704180015654887637e-01 1.000000000000000000e+00 3.965131967261333323e-01 3.446829195100964971e-01 5.934842878259313781e-02 3.504171772569568133e-01 1.932359963924915047e-01 2.355715598614171232e-03 2.556713460314500308e-01 1.388716433885744950e-01 1.304163867803404264e-01 3.220290546775100848e-01 6.816978701209419622e-02 -3.245658696269253241e-02 2.974293951154921567e-01 -1.008986587900429638e-02 -3.172852126235057441e-02 1.096119152753392556e-01 2.805691816854593568e-01 2.088610961452831705e-01 8.341561723470468370e-02 2.972426704030622577e-02 4.529818658539002535e-02 4.137149216756008663e-02 -3.604834863857005467e-01 -1.006168518802302569e-01 3.096624245185968828e-03 2.529292896753679645e-02 8.924420259222494434e-02 1.074830730582300303e-01 -8.324654656034166655e-02 9.511005111933937273e-02 -3.924293020287571154e-02 -1.254348926182921320e-01 6.797294423758612480e-02 -1.075477404121230607e-01 1.196219405540876156e-03 -3.415924957039953580e-01 -3.440563259624389025e-01 -3.133894485830539950e-02 -1.855485219920462447e-01 -5.455168922173923851e-02 2.922771885377620400e-03 1.344740309764814318e-02 3.527227316022002457e-02 3.347401073783409786e-01 -1.812912543854586223e-01 1.772781785392906484e-01 2.972497691537981934e-01 -9.620420277863252212e-02 4.634983343912565390e-01 4.926025947465409449e-01 2.520404936545626584e-01 2.406027541759619692e-01 9.082481983986256946e-02 3.228421180583376793e-02 -5.603489596637465514e-02 -1.239403505735125061e-01 3.575632815235180867e-02 1.943122122565827531e-02 4.504988561070648323e-02 4.331709218032000347e-02 -4.796342738880968876e-02 1.815032313208933545e-01 1.238181429661354693e-01 -4.607121323061406232e-02 -3.092643402839330424e-02 2.551284463727174212e-01 5.028909929095889964e-02 1.995869573316515766e-01 1.348672791966427087e-01 -9.899668644999305711e-02 -4.114443210342922375e-01 -1.196521748026807552e-01 -7.973843062883970156e-02 -1.339926571709580405e-01 -2.714372358989415868e-01 5.290784047058132156e-02 7.565218464597090256e-03 -1.244275189385962710e-01 -7.000207090719787195e-02 1.229539663331725013e-01 4.593726089686812897e-02 -1.968602592236873561e-01 9.004203863928109119e-02 1.719577848069262505e-01 1.763191271715612574e-01 -3.073685197118942725e-01 -4.208952221789752368e-02 -3.140739593711753819e-01 -4.327558108016028166e-02 3.222142329528314419e-02 7.618833168194971694e-02 1.904044901273738849e-02
-4.758723989180073388e-02 2.401012369214916287e-01 1.312751033566043057e-01 1.419178102953027321e-01 4.877896852754404211e-01 2.521862738774606205e-01 -1.407317891289284750e-01 3.965131967261333323e-01 1.000000000000000000e+00 -1.363075641590059950e-01 1.233761041646454226e-01 -1.997157885866792867e-02 6.856547900799687956e-02 -4.221435549179736180e-02 1.960673913933617674e-01 -2.311356965959873444e-01 -3.122649085309200934e-02 3.883078638699750951e-02 4.594209467787516848e-02 3.502355484238318661e-01 3.554583916684626171e-02 -2.780509679458552028e-02 -4.643937128789789315e-02 -9.252477191198350825e-03 -1.510641512964090438e-01 1.587599349719458208e-02 1.736269757190231078e-01 9.320955786067090798e-02 1.070650334985075169e-02 9.232747910238457006e-03 -3.456209685999456771e-01 -6.367265483854675501e-02 3.808763371594565267e-02 -9.132278948783729977e-02 -3.846423882298017488e-02 2.878967880084384867e-01 1.641061104657625946e-01 -1.223982245829673271e-01 7.380660707229230733e-02 -1.560610522035837111e-01 1.609903575616761784e-01 -8.064817482795882952e-02 -9.670567873613446219e-02 -2.576876813315645554e-01 -1.733864484219169722e-01 1.508226463934933814e-01 2.403912924684163330e-02 3.074797851616380834e-02 2.437376111783936816e-01 2.336195591256379211e-01 2.425090042515306438e-02 1.054205077135583618e-01 6.198544580458043712e-02 1.695360548212843932e-01 2.926009591475404181e-01 3.820911514530247327e-02 3.276847547847022701e-01 5.127976413117358856e-01 -5.456265639764100450e-02 -7.176155669921772950e-02 1.066609365559162276e-01 1.333052732176558952e-01 8.125932127192422860e-02 5.935043880576208047e-02 -4.953217206118509797e-02 -1.733583862659441449e-02 6.544855174234992523e-02 3.094442972526308816e-02 -1.055897593933912970e-01 1.007854148240040597e-02 -6.758877978380199714e-02 -5.066249980010523873e-02 2.632507205197380431e-03 3.368964393732285650e-02 5.154495544497477572e-02 -2.920453969147112500e-02 6.414740558880223376e-02 3.161612250381308845e-03 -3.372842750562282665e-01 -2.679401234245239460e-01 -8.803307207104887899e-02 9.960290114099540348e-02 -2.613712136636610062e-01 -1.088957877956276826e-01 2.955515321815042201e-02 -1.601610759660775374e-01 2.085045294405692487e-02 6.426490578122075192e-02 9.995578084338062330e-02 5.202882370285621949e-02 5.491328077884138556e-03 -2.005631868245210392e-01 1.086761185795303425e-01 -2.618816990339875028e-01 -2.436316447871281904e-02 -2.579241130564763895e-01 1.313728007632675998e-01 1.294876937376737529e-02 9.982214304158722185e-02 1.133695464167111255e-01
1.161824866778560644e-01 3.300469633626466615e-01 3.221277229555136179e-01 2.258124121473550350e-01 9.623746634638027930e-02 3.529555288712520333e-01 3.349169556305588435e-01 3.446829195100964971e-01 -1.363075641590059950e-01 1.000000000000000000e+00 -1.960077598920926811e-01 3.547206899036472461e-01 -5.436115382740237811e-02 -1.224663120973252389e-01 6.995416238552394639e-02 2.068724094441451444e-01 1.017464350089703623e-01 1.578135515412598389e-01 -1.211799269391028860e-01 -2.490520417558260702e-01 1.593014982833469706e-01 -2.152397656283578098e-01 -1.086816602360346929e-04 -7.181110499197480845e-02 7.308849994093228331e-01 1.666388497919516209e-01 -1.378485297964868461e-01 -2.589439647064886718e-01 -1.708894570109569244e-01 -1.158674341931970747e-01 -1.717641568453054162e-03 3.485005224726736572e-02 -6.712973912119438169e-02 -5.097332244321953892e-02 -6.097267706562901207e-02 -1.658945500864401346e-01 -6.487190037004576804e-02 4.464404838462084912e-01 -3.056468238919020364e-02 1.039173318382841799e-01 -8.641241608242572481e-02 -4.253617281000453276e-02 1.851412748149825482e-01 -8.441352060169601823e-02 -7.340620453227512943e-02 -2.569009850225045799e-01 -2.285904018576618846e-01 -1.048076684718683843e-01 -3.829499413406486918e-02 -8.970246135854484382e-02 -2.652902820003134043e-01 4.701964772573210549e-01 -2.922421785445394327e-01 2.057861467890107765e-01 -2.543786907885144388e-01 8.062031105176518941e-02 3.618458117364138915e-01 1.719151492865576558e-01 6.637618984611761697e-01 7.360452871415571474e-01 5.666248073981985933e-02 -2.253250229627694612e-01 -2.548536500198604338e-01 -1.908239649121581949e-01 8.086178323443635185e-02 -1.609397451592056716e-01 7.379271846196332196e-02 -1.715441080304081767e-01 -1.369950656732109862e-01 -4.379722959855101433e-02 6.765945223945937087e-03 -3.373892137729070373e-01 -8.087703429841752722e-02 3.703557406395228124e-01 -1.556239098626178430e-01 3.478734568982820852e-01 8.871256567197745302e-02 -2.818803960641683148e-01 -1.239457122752544022e-01 2.424516927449147929e-01 -5.175088894694341440e-02 -2.626151417117266740e-01 -1.277337730484301263e-02 -8.178342452224601766e-02 -5.711399408322191847e-03 -1.331761557613933000e-01 -4.971089208679567439e-02 1.052607228671258305e-01 -3.448238810503860552e-02 -3.962846701345218436e-01 3.031183568068867573e-01 7.036866062327590265e-01 3.567945235395146852e-01 -1.451528039619878752e-01 1.859364395487932975e-01 -9.340387215393979037e-02 -2.018553509444146465e-01 4.023743024041594868e-03 1.789418396388692267e-01 1.251812385906356066e-02
-2.852226993552274895e-02 -4.271638329906304321e-01 -1.600199870726685958e-01 -4.014884321656446708e-01 -8.866398931116889481e-02 -1.460239404275558706e-01 5.888250161474543887e-02 5.934842878259313781e-02 1.233761041646454226e-01 -1.960077598920926811e-01 1.000000000000000000e+00 9.863566196212288084e-02 4.797005046253758898e-01 5.178229135284481144e-01 3.753523428809065754e-01 -2.266913857131924170e-01 2.948341309555078671e-01 1.772580768847737964e-01 4.332730228327187905e-01 1.943492143022076124e-01 2.418630674164024552e-01 4.391858876921133081e-01 4.091011750974635208e-01 5.387372073946907758e-01 -1.354569785455537745e-01 3.497236778099884202e-01 3.266183576648805653e-01 6.244526537538828137e-01 4.596533337876483882e-01 4.914765788291168280e-01 -1.876447124713902237e-01 -3.860503977501211215e-01 -2.914825040759912445e-01 2.678964216759860406e-01 2.596925195064059833e-01 1.520015153131067942e-01 3.359833224846862920e-02 -5.078458386749890030e-01 -2.923141868346715647e-02 -9.220585489667706969e-02 -1.314669427998527151e-01 4.603464578441270744e-02 -7.810563827568216266e-02 -1.312083558127851990e-01 -1.240295765592286381e-02 2.115567875615532445e-01 1.295360208672997893e-01 2.309194830080301963e-01 -1.372182383658819838e-01 -9.191026999320990598e-02 2.324126317174119161e-01 -2.692860204729680129e-01 8.489732361869683358e-03 -4.973151070438350252e-01 2.605795414173403546e-01 -1.292652684643338656e-01 -2.212184417328239353e-02 -2.607737938361629274e-02 4.979536211938701690e-02 -3.214089459465694354e-01 4.186593309842547295e-01 5.116365573349753726e-01 4.834621462217104093e-01 5.085471128009327879e-01 4.431627388047404414e-01 5.135246708603258270e-01 -1.732622662579069023e-02 4.704536705224490745e-01 3.772406744991854688e-01 2.693148822835624290e-01 3.503874451208948138e-01 5.708517950357137050e-01 4.953308075802583255e-01 1.365904351079192114e-01 6.244536284560633366e-01 2.087712398146892023e-01 3.838435470307011710e-01 5.803660793081577562e-01 -7.808092665243612784e-02 -4.363881068788571516e-01 2.630926553739970086e-01 -5.632277023346880795e-02 -1.411536858643568093e-01 2.547552954650036949e-01 3.501635219404420352e-01 4.061127691874791834e-01 -2.672495387575428080e-02 4.320086371980188522e-01 1.445096824398069413e-01 2.747468642779800629e-01 -4.948709116351734938e-01 -3.478833334313413683e-01 -2.499333937634537761e-01 -5.086253336449566426e-02 1.234406711931389788e-01 -1.149077343876122037e-01 2.047600242424421069e-01 1.724429441283351627e-01 -2.025625641280109634e-01 -1.285739401854063824e-01
-8.281266623930735871e-02 1.625525099362150894e-01 -1.733649751320666121e-01 1.786748885904266282e-01 2.850713536665029912e-01 -1.894862463407751274e-01 2.907484274850907213e-01 3.504171772569568133e-01 -1.997157885866792867e-02 3.547206899036472461e-01 9.863566196212288084e-02 1.000000000000000000e+00 3.735777723301227371e-01 -8.702748551820881084e-02 1.438677318710709918e-01 -3.262912076918918214e-02 3.714295631542480214e-01 1.706716813994300364e-01 9.076202946601361066e-02 -2.783209542552998461e-01 2.110199007949819516e-01 1.056543972195068820e-01 -2.323677894467532645e-01 3.186526106557487914e-01 1.499295793124845733e-01 5.373131066967822278e-01 -1.243212024406545324e-01 3.223219511177194407e-02 -9.448982449410160689e-02 8.042245608806283808e-02 -1.368510762126678160e-01 -2.329515344930722931e-01 -1.475425372911015331e-01 2.496367923551618684e-01 3.948169527674900980e-02 -5.486822251980919690e-02 -1.784762283125932714e-01 4.901714750492212891e-02 -8.989547956013027585e-02 -2.070859932101752621e-01 1.635930514163501104e-01 2.325661832559652586e-01 1.688107355362676587e-01 -8.078442840677912962e-02 -1.076889485036743033e-01 -6.302987926937514418e-02 -2.689982945291342631e-01 -2.549154842272189914e-01 -1.756644611450143556e-01 4.606739886515442278e-02 2.062783489129873804e-01 1.349065535074429889e-01 -2.415869425240101676e-01 -5.543169717070770691e-02 1.647999918772902195e-01 -5.433197076488315291e-01 1.660884597413835040e-01 1.662107777434092826e-01 2.719297365551053836e-01 1.662388026409580277e-01 2.982819996558753739e-01 1.167123926930738187e-01 -8.329636161871906141e-02 -2.233676135748967340e-01 8.636698955605703887e-03 -1.295936861440590282e-01 1.431849392311150826e-01 2.030424344647991097e-01 2.930856537053897620e-02 1.466036634146306306e-01 1.230269091313336421e-01 3.987014687701762039e-02 -1.991949907701088263e-01 5.553809379571017502e-01 1.999859646230054688e-01 1.986720292179182668e-01 -2.033017447613866963e-02 -1.781880602180663797e-01 -9.986081824571275967e-02 7.767472360926530595e-02 3.846059055418526301e-02 -4.996973429713844755e-02 -1.406725214183477540e-02 1.069773290095409335e-01 -7.436967269423172544e-02 -1.413099136167577929e-01 -2.317727667066408481e-01 1.990607962892802438e-02 2.196804456807210579e-02 -2.146927962881376994e-01 -5.897742493981104894e-02 3.428180175472760327e-01 2.402863714987763244e-01 -7.002152354712908033e-02 2.163734174948110656e-02 -1.481998182499455474e-02 -1.192340878009243987e-01 -1.320783601582507516e-01 -3.818232708503824235e-02 2.500834637523121490e-02
3.296755019375041673e-02 -3.038514080983870103e-01 -2.318914963002474128e-01 -2.684171431187425960e-01 1.039012295170545393e-02 -1.604111625228895610e-01 1.365958351300721185e-01 1.932359963924915047e-01 6.856547900799687956e-02 -5.436115382740237811e-02 4.797005046253758898e-01 3.735777723301227371e-01 1.000000000000000000e+00 4.730137816540017082e-01 3.462946277388787020e-01 -2.031232771111144975e-01 5.576745309121816652e-01 1.728743008907142609e-01 5.161587096245375816e-01 -1.182556944668656101e-01 2.640986367641496302e-01 3.710843392874578761e-01 2.175818569037607786e-01 3.979755695294914797e-01 -3.622512133242196397e-02 4.894926159387953946e-01 2.164913161941124375e-01 4.600622870949037657e-01 1.918512759527548073e-01 4.880711604579376917e-01 -2.328707367827003716e-01 -3.651334187546450560e-01 -3.322947719989271520e-01 3.335814286741339840e-01 1.877743385093628981e-01 6.025790698329228090e-02 -6.406174517188562012e-02 -2.639795672951084082e-01 5.758879695381850794e-02 -2.468620642688146571e-01 7.051282216411587644e-02 2.281559444028399275e-01 1.697211421261306807e-01 -1.228098318882421131e-01 -5.139223248006278416e-02 2.592098833615027464e-01 7.792747536952573939e-02 6.471883516187981744e-02 -1.788186067832649717e-01 1.342018829558690521e-02 3.089699890522107362e-01 -1.993093888917749912e-01 -9.768668191417077817e-02 -4.815417827841383946e-01 2.145800550772883619e-01 -4.111153816870402600e-01 3.854425285443131843e-02 -8.224570080195975352e-03 2.370374974172646462e-02 -1.439787800377041738e-01 5.087273317667703187e-01 7.335619709952142520e-01 4.954685927527273659e-01 2.852757301998610773e-01 4.157335301486169143e-01 3.605516909701391715e-01 -6.414131669656178425e-02 5.671473205585010335e-01 2.577157283036261015e-01 2.130288620303353864e-01 2.938241553566169895e-01 5.087852414104409027e-01 2.603400580510797924e-01 3.649163511935465953e-01 4.617034207780497668e-01 2.113073060137504455e-01 1.591743597517975006e-01 3.461819313360713357e-01 -8.582069619289098283e-02 -1.927895262720951408e-01 1.419654861302674376e-01 -8.445490534040517305e-02 -8.354579802672769395e-02 1.955455185242872262e-01 1.505011363028807281e-01 2.231295503828180926e-01 -1.532734148469997448e-01 2.678321682294856343e-01 8.111922290232066735e-02 -7.665610465649874694e-02 -3.687366249649669525e-01 -3.261864180350213666e-02 -1.624589343342205949e-01 -1.120058788207252271e-01 1.007128678843724617e-01 -1.058217807646875674e-01 1.330625198385373409e-01 5.295260165490112830e-02 -1.593240090366655759e-01 -3.662874088528048772e-02
2.336311330569813827e-01 -5.312735407489734829e-01 -1.942996203325504656e-01 -4.959290074916047342e-01 -2.512048045187403322e-01 -2.018983743929718411e-02 -1.546480763091047199e-03 2.355715598614171232e-03 -4.221435549179736180e-02 -1.224663120973252389e-01 5.178229135284481144e-01 -8.702748551820881084e-02 4.730137816540017082e-01 1.000000000000000000e+00 3.644880925169834418e-01 -9.313670924395929529e-02 3.345044949409656243e-01 6.700077041848023773e-02 5.989964244953145389e-01 1.068680918179565759e-01 2.033530460370541193e-01 3.418094997624036568e-01 6.385018354664984130e-01 3.029050170625432470e-01 -1.631258671978544350e-02 1.713565988938212381e-01 4.349137072683895155e-01 5.543330200200411451e-01 4.582338372142492067e-01 5.995195815432240449e-01 -1.764298164733101026e-01 -4.125794829651401319e-01 -3.293229703801469621e-01 1.716813308823565976e-01 1.792323653035891307e-01 7.938689734451449820e-02 1.255175591777487332e-01 -3.809588903942808247e-01 8.147492106111282884e-02 -1.036871473168528013e-01 -1.487507740128081457e-01 4.329027660410814798e-02 5.466871999161770912e-02 -8.468860620925007521e-02 1.073747874586210849e-01 3.022861799613951184e-01 2.510854033142726482e-01 3.977192004436642669e-01 -5.758010255985886172e-02 -4.536950541043106855e-02 2.832633755261602659e-01 -2.081027847850293599e-01 -3.632648487269920200e-03 -5.783369122007765428e-01 8.859492257068271592e-02 -3.200276148248880348e-02 -5.889006739009958885e-02 -1.604290627973184447e-01 -4.185081390684770170e-02 -1.918422962827324718e-01 2.896729501583382160e-01 5.664693528083257767e-01 6.187676533350280339e-01 6.485587143159354806e-01 6.941740378751605212e-01 6.833369473218887657e-01 -1.726744973875242728e-01 5.279591156383123263e-01 3.459117523765878333e-01 1.884685374385376422e-01 3.429179211043941744e-01 5.888788843214491919e-01 6.023198288929396682e-01 -1.859849932663592414e-02 4.337325829778142516e-01 1.471034689407294260e-01 3.686237741970446180e-01 6.729107238261682333e-01 -1.984810110638433184e-02 -3.601084356646894191e-01 1.675707571926886019e-01 -1.852985283359071811e-01 -7.551115497687767297e-02 1.022038650856617187e-01 3.828960025392723066e-01 4.472705423423529725e-01 3.389652112120063177e-02 3.551369123492368884e-01 8.499405000579739189e-02 9.796709478905449298e-02 -4.260955652535410865e-01 -2.127344043096104642e-01 -3.749131867903583992e-01 2.741917722331449481e-02 1.836095409973532711e-01 -1.461259817110042158e-01 3.227541167682879686e-01 2.766835701093870448e-01 -9.337900004569783807e-02 -6.061400865858573850e-02
3.388328759563311032e-02 -6.539392797718550365e-02 7.026822567720331092e-02 -9.357849443886726015e-02 -6.442972408908328140e-03 -2.167453236490897092e-02 1.703811341562977422e-01 2.556713460314500308e-01 1.960673913933617674e-01 6.995416238552394639e-02 3.753523428809065754e-01 1.438677318710709918e-01 3.462946277388787020e-01 3.644880925169834418e-01 1.000000000000000000e+00 -8.752722346777190576e-02 2.549718935912558271e-01 2.359531180258964134e-01 3.393306314826032288e-01 1.700077915545739060e-01 5.201040611837024485e-01 4.161821251724451970e-02 3.111957875189140243e-01 3.427793856747165524e-01 9.229869601372962806e-02 3.595059108598310793e-01 2.754794115564522805e-01 2.889017744885592487e-01 3.501404867912474850e-01 3.019848724393450201e-01 -2.575878340824518387e-01 -1.148244299174269317e-01 -1.258364837393364244e-01 2.721624368224230539e-02 4.928802382807247889e-02 1.029285879817776056e-01 -7.961549292782574283e-02 -1.412697482104748881e-01 -5.220257043825380500e-02 -9.496323618000441710e-03 -1.742076242675282272e-01 -4.278979792666105786e-02 -6.294785052510812329e-02 -3.003092026583566998e-01 -3.069772004917250552e-01 7.032456083982090156e-02 -1.167101997041375960e-01 4.740824739730600118e-02 -1.084970722806394144e-01 -1.013807472802696341e-01 4.820058795193916945e-02 7.233220854292751398e-03 5.050473920135938564e-03 -1.131743079200623475e-01 -4.073957540670015282e-02 -5.481319318072547242e-02 2.051908288509157394e-02 5.472791487108601138e-02 1.283080438780129506e-01 1.717666457988113737e-02 2.981843461287551622e-01 3.562370322247929155e-01 2.708914966163842308e-01 1.745606708347829106e-01 3.763494035604174059e-01 5.104333261783905451e-01 7.047468408613101476e-02 2.987616989004953094e-01 2.170935446699261140e-01 2.075307405055037135e-01 4.176322900588914089e-01 2.644783809375714778e-01 2.786524572680952883e-01 1.847426583540013045e-01 3.221514497290833834e-01 3.513976085262158766e-01 4.439721430770983690e-01 3.797684057941183577e-01 -2.486747946837800094e-01 -1.955487078002877133e-01 1.210034629847971804e-01 -1.673435325383542116e-01 -3.195802046110673422e-01 1.125716656213412992e-01 2.270681259450962330e-01 7.843802712922896825e-02 -1.317633759842282426e-01 2.260141891886031928e-01 1.107308843737375148e-01 2.855295316822898874e-02 -1.963363031644844159e-01 -4.485196821791690575e-02 -4.606481189583222328e-03 -2.085442895541789743e-01 1.120241952126298512e-01 -2.873516252465125875e-01 9.577743436698812896e-02 8.388023311528029768e-02 -9.625743738048084253e-02 -1.097633071591594817e-01
