1.000000000000000000e+00 2.226560664905666564e-01 1.947873351582287693e-01 -1.294536471156470803e-01 4.106832478212409931e-01 2.658733169326637502e-01 8.758241373153104192e-02 -1.422472740706002547e-01 -1.281552334766513090e-01 2.824860590481646505e-01 1.273811333553334368e-01 -3.063070971224099992e-01 -3.904217221594790121e-01 -3.102962659679865953e-01 -3.378435443051259757e-01 4.220406708328997003e-01 -4.569712116512778532e-01 -5.620107536071061727e-03 -5.029424108752467149e-01 6.631735471102785662e-02 -3.674200471914081390e-01 -3.628469357771835768e-01 -1.357063787945086419e-01 -2.898665461541066191e-01 3.511576866994136625e-01 -3.274603943630401137e-02 -2.930472691990520517e-01 -2.337196875486787784e-01 1.059753531259348125e-01 -4.987516719637565821e-01 1.415231888252578910e-02 1.976336506031349805e-01 2.192843797774451653e-01 -1.839204914891914844e-01 -2.925582450715998317e-01 -1.190709720401419841e-01 5.212944986200305220e-01 2.938318593191489581e-01 4.221859456604807881e-01 3.604714651912154233e-01 9.482724999855690617e-02 -1.543854088661494040e-01 -2.852346680916549304e-01 2.151667529775609308e-02 -1.662789513330794611e-01 -3.752270330528447162e-01 -1.397117761261784386e-01 1.373604810727205860e-01 4.292330011181169636e-01 8.296442635261702669e-02 5.217484439343532676e-01 3.221093939480593193e-01 2.154024441073018603e-02 1.799343609211393191e-01 9.209183505842856443e-02 3.909156316514312279e-01 1.498626305306483865e-02 -4.561019177096412025e-01 4.195893386582376094e-01 2.917413594278064348e-01 2.822917513407771084e-01 -2.444661247869654996e-01 -3.323861983718207624e-01 -1.759324841490699509e-01 -3.593128914991852163e-01 -3.163060173255078933e-01 2.101867607714200670e-01 -1.927523327303850009e-01 -1.942224824691719254e-01 5.557302470886793522e-02 -1.925867422539420670e-01 -2.970204179033767988e-01 -1.815573766821038937e-01 1.543792527151234273e-01 -2.830884163468386228e-02 2.785220877676757856e-01 3.664123012653690559e-01 -4.233224042424168498e-01 1.023851415383330576e-01 1.492225374673568361e-02 -4.434153860367999744e-01 -7.709800654551025867e-02 -3.289484520571911985e-01 -2.935968403529489179e-01 -2.338584541478295475e-01 2.086650241854315635e-01 1.478376922536120408e-01 -1.956530116579652812e-01 3.092563147124048617e-02 -1.737858100994104094e-01 2.998903324503580659e-01 4.978881102635282496e-01 3.313207809713055174e-01 -1.621300626397948474e-01 1.556577674752294693e-01 -2.348078276362937089e-01 -1.838005793025934143e-01 4.100878253299571063e-03 3.159096976875450102e-01 8.489096966676454303e-02
2.226560664905666564e-01 1.000000000000000000e+00 2.336200520508509848e-01 3.796473647669493245e-01 5.457446270105773545e-01 3.468361406339395825e-01 6.695694582541936168e-02 6.268661037494668853e-02 6.035392947390751106e-02 2.941940700965690048e-01 2.017310449708933084e-01 -6.630105692657835281e-02 -2.551880294986444975e-01 -2.681086628089027202e-01 -1.975453347114582703e-01 4.590435075814225385e-01 -3.897859072564818228e-01 -2.278444939959329285e-01 -1.955807377441857731e-01 1.905649118319341362e-02 -3.000707693901113471e-01 -3.795630822528358594e-01 -2.488940257899821540e-01 -1.813120817539496110e-01 1.377493502287413518e-01 2.037454864145878466e-02 1.145943669065425663e-01 9.834109044386989129e-02 1.153645620996614912e-01 -1.505812660435708605e-01 -1.062520383245718902e-01 -2.956406083650027217e-01 3.249260180116146368e-01 -2.044471310789402474e-01 -1.263826763308850132e-01 -1.994529919820144381e-01 2.596824824917760011e-01 1.033880661113058680e-01 3.048808933039099944e-01 2.255203919063684115e-01 1.789014059567938519e-01 -4.489522220133347341e-01 -5.264898398955348835e-01 -2.009751229433892339e-01 -6.680465053007152154e-02 -1.181318066991328131e-01 -2.054469184022584549e-01 1.142256043328168658e-01 4.149511669423059934e-01 1.512517699945289951e-01 1.580439854887236151e-01 6.448491835938573447e-01 4.616819747598858159e-01 5.209081895169193066e-01 2.529142278341315886e-01 3.264454471859027374e-01 2.218217041826433533e-01 -1.311776302976047359e-01 3.306564059377218867e-01 1.895162879232006048e-01 1.926271529771016455e-01 1.795444131428912751e-02 -3.660724423837013464e-01 -1.199969055434427917e-01 -2.558148087127719017e-01 -2.153996608518642664e-01 1.022808142008628934e-01 -2.711823722574562279e-01 -3.354088176514718467e-01 -1.591150339272277836e-01 -2.416420724654751717e-01 -2.804611842043852055e-01 -3.841729180991263481e-01 2.473601742592229646e-01 -1.584438233940823337e-01 1.733564470337315699e-01 7.410259200021926396e-02 -2.816905818567210229e-01 2.137836468068636531e-01 -3.255658270798973408e-01 -2.866688743829698960e-01 -1.560097874541323953e-02 -1.715719886208528500e-01 -1.614043937038455723e-01 9.181535053852964146e-02 -8.054663309354881395e-02 9.107682907717176701e-02 1.085576843273851622e-01 1.174363415173524695e-02 7.748505213728250351e-02 3.190396855719963010e-01 1.583854571075455908e-01 4.216142273773980653e-01 -5.523169101913633083e-01 -1.220365106004667665e-03 -3.290814764333009901e-01 4.020847263866327015e-02 6.047037146322248313e-02 2.466491991126004979e-01 7.344624262318297236e-02
1.947873351582287693e-01 2.336200520508509848e-01 1.000000000000000000e+00 1.424399026838859550e-01 3.067030938521216332e-01 2.294904070597538481e-01 -1.994031452260917187e-02 -6.953305615668840811e-02 -3.888031825089656446e-02 2.309226440119845347e-01 1.693976165066618800e-01 -1.966863457155581044e-02 -3.114066211707891552e-01 -2.523156392311200480e-01 -3.089776162489930034e-01 3.011727338393792586e-01 -1.206650675281868285e-01 -1.421570430130176532e-01 -2.015130926187713445e-01 -1.354618321435039630e-01 -2.446841371344904148e-01 -2.552603646307715635e-01 -1.664043531805127485e-01 1.202806796153062935e-02 1.477603996296686095e-01 7.870332679599678638e-02 -8.474523840880272829e-02 -1.318820870702417380e-01 -1.313502004241309251e-01 -1.781195841512709654e-01 -9.920956968928359987e-02 -6.828098172536098583e-03 7.947578737446803210e-02 -2.270929037090401725e-01 -1.174275618715468483e-01 -1.207908655241106827e-01 1.608018425088231229e-01 3.474432983400992103e-02 -9.002957999604181347e-03 2.021367344302198721e-01 -1.113546878636467868e-01 -2.089260606669800791e-01 -9.558015245486420342e-02 -1.257703527218531070e-01 -7.675358390726409741e-02 -2.386151026799653851e-01 -1.996885574006394826e-01 -1.370051581443557931e-01 1.605878335895123132e-01 -1.092656926669991480e-01 -9.422540183396746483e-02 2.885503093150965093e-01 1.019533607981911172e-01 1.876365187444606897e-01 2.546510289477273981e-01 4.220053620842396103e-01 8.712897104406709670e-02 7.675780593917680417e-02 3.168561144696857013e-01 1.853067534876107758e-01 2.951143141223760424e-01 -1.151424342190977002e-01 -3.220437512044491135e-01 -2.190592003703915047e-01 -2.957718141567506343e-01 -2.824636580802422636e-01 6.697167505935759657e-02 -1.306307903359573697e-01 -2.645176948223236790e-01 -1.327910542484578849e-01 -3.128906957594963512e-01 -2.099788475430524048e-01 -1.903914124457339319e-01 9.429038553013095736e-02 6.476797314001321582e-02 2.233493597994870572e-01 -1.945687192515801458e-03 -2.495794518725202027e-01 4.235673953341992370e-02 -2.485176702592101217e-02 -1.704169940226556990e-01 -8.556520238473190598e-02 -4.433668366765636942e-02 -2.248764969424286164e-01 3.454824038481321691e-02 5.387678227022817123e-03 2.986744338112966995e-02 8.882513925289527157e-02 -8.889582562942406618e-02 -1.614901525759804626e-02 -3.084073747845742994e-02 2.399784185801589476e-01 1.978018238232042425e-01 -5.120743479546148447e-02 2.762356713983623591e-01 -7.412223830761199839e-02 -1.165916728977684641e-01 -1.486377833553352013e-01 -4.366770659276793948e-02 -8.587381087439163729e-02
-1.294536471156470803e-01 3.796473647669493245e-01 1.424399026838859550e-01 1.000000000000000000e+00 2.425808467931060697e-01 1.006946606008872480e-01 1.030208748976152583e-01 1.998677690455457068e-01 1.665822002475607910e-01 1.292874100544119942e-01 9.967867643643964215e-02 1.801199870682538839e-01 -1.012714157566863005e-01 -2.553300619965992446e-01 -2.471548593105162561e-01 2.410146459566326893e-01 -7.055884430624626003e-02 -2.440879302432769349e-01 -4.470076310680431986e-02 -3.418855646776845780e-02 -1.537735869110504472e-01 -1.701263295514932050e-01 -1.002600174728231763e-01 -3.415630209258717354e-02 -4.272719845471728561e-02 7.164311663652822570e-02 1.953915431817580262e-01 5.075110901563827798e-02 1.468159326651553021e-01 -3.508205019976332051e-02 1.094922988228531624e-01 -1.701746696532839276e-01 1.481147980680100062e-01 -9.228433486837303579e-02 -1.987241459711338101e-02 -3.090208912073008074e-01 -1.190901407853794773e-02 1.443963302056516795e-02 -1.121038101666937820e-01 3.097277186232922155e-02 -7.198737941464038170e-02 -1.423607781796339400e-01 -2.310628848211266351e-01 -9.539501243247278106e-02 4.234432214262043997e-02 -8.613211911479386196e-02 -2.963131443323170355e-01 -1.486416534411544865e-01 6.990364737047967403e-02 -9.414678741024182229e-02 -1.912097975869395949e-01 3.131284688779359948e-01 4.787749216152532572e-01 5.854498577247381208e-01 2.331665154967447681e-02 9.720201450465465465e-02 2.795541893999902161e-01 1.715488220550032694e-01 4.436902978198890152e-02 4.298056676260729458e-02 9.374004276972505711e-03 1.100094524443304550e-01 -2.732594167140062202e-01 -1.627999501061808407e-01 -1.441727629931968957e-01 -2.001505169969320097e-01 8.959642020223457237e-02 -1.499084962024403445e-01 -3.207864857161820682e-01 -1.805133396469366935e-01 -1.862622027575646932e-01 -7.308212035772593262e-02 -2.010524693204097380e-01 1.461956020511555169e-04 -5.530294637548145015e-02 1.760239046046436009e-02 -3.435921467444742056e-02 -1.279210357851653102e-01 1.709649764715863163e-01 -2.597796468866991199e-02 -1.388500783718423781e-01 -8.228350610537282783e-02 4.684779898335868220e-02 -3.340836831711559846e-02 1.801523404467990086e-01 -2.440596748668082405e-01 -6.646253376263534796e-02 2.086558240956052079e-01 -1.003383310470667977e-01 1.692420029322161401e-01 1.330806670715990458e-01 -4.295315264708779446e-02 2.295676446735843701e-01 -2.064114167635392461e-01 -1.027907869217862119e-01 -3.334911748238953560e-02 -7.704271483180477609e-02 -7.342886241735908925e-02 1.637408791742254663e-02 -1.384226244846134546e-01
4.106832478212409931e-01 5.457446270105773545e-01 3.067030938521216332e-01 2.425808467931060697e-01 1.000000000000000000e+00 4.610846250530258872e-01 1.368936463329540332e-01 -8.943382413895493988e-02 1.087367183142254612e-01 4.915120458869916553e-01 3.281313948809913006e-01 -2.214221321515554841e-01 -4.115883955275934647e-01 -4.900149184410843017e-01 -4.614905299586090637e-01 4.687801602888492236e-01 -4.583214113926374345e-01 -2.239242570838227420e-01 -4.483044765993849934e-01 -4.605147866580708987e-02 -4.085991558933653178e-01 -4.603456945818822366e-01 -2.924110279120935574e-01 -2.759345445573860856e-01 3.906098430243969410e-01 8.397973728123216131e-02 -1.601406760764774173e-01 -4.927250610934909986e-02 -6.227647600312283954e-02 -3.857778622162948978e-01 -4.700202306986064199e-02 1.032132870085728654e-01 3.823016814528147345e-01 -2.693822269679828629e-01 -3.180515292124148075e-01 -3.876204243003802952e-01 3.154943759478237575e-01 8.129696668364916334e-02 2.873026418130970594e-01 1.404113638002775222e-01 -6.431485032306524796e-02 -3.827249263941006063e-01 -5.196311900010138762e-01 -1.147544306608822423e-01 -1.691715913310544439e-01 -3.851210448463829872e-01 -3.223894112837828452e-01 3.038420770292475648e-02 4.594800227641021029e-01 -4.238763098237816745e-03 1.560440494650023047e-01 5.407613902196986011e-01 3.768038656520649732e-01 5.560795285615165451e-01 3.866140746474396317e-01 5.574863033051252748e-01 2.669401130367311525e-01 -2.339786337359456847e-01 6.152133125675758318e-01 3.958889966878393896e-01 4.678042891384177615e-01 -1.186606249063242857e-01 -5.357059989434650449e-01 -3.129868268445216706e-01 -5.315126262321031581e-01 -4.506881487812877674e-01 1.418126068798847006e-01 -2.919348323449473814e-01 -3.560821465288235288e-01 -1.622305430412582239e-01 -3.691749783379281169e-01 -2.719874101947080680e-01 -3.553942478567987950e-01 7.257440161218331638e-03 -2.807719334940192782e-02 4.440730781728370880e-01 2.097822892459757782e-01 -3.563122117380282949e-01 9.266486054188977084e-02 -1.276115957503527742e-01 -2.421350603164525161e-01 -3.452818077281517156e-02 -2.604967938830475283e-01 -1.446764083620983576e-01 7.054754758020770344e-02 2.624335981280357874e-02 9.034499157704965755e-02 -2.195050429230339939e-02 -8.829931634873992852e-02 -1.488110924973668446e-02 2.452200887659214401e-01 4.592205171632143812e-01 3.812008169114026734e-01 -4.705527868175568007e-01 2.384349554657688719e-01 -2.387885457796132538e-01 -1.852741465117503372e-01 -1.386093253307349171e-01 1.924561094385414950e-01 -8.679063940205969385e-02
2.658733169326637502e-01 3.468361406339395825e-01 2.294904070597538481e-01 1.006946606008872480e-01 4.610846250530258872e-01 1.000000000000000000e+00 6.229231079978974073e-01 3.732893807686766263e-01 5.626257928701643429e-01 6.589642584742092524e-01 6.584491641236481785e-01 2.615054458454554864e-01 -2.990528748115635072e-01 -4.719775695948070227e-01 -3.641172640608434929e-01 1.712169246668803768e-01 -3.926392877455818775e-01 -2.398408906535444696e-01 -2.651732896314343835e-01 -2.582575081646540371e-01 -2.320289138451289424e-01 -1.944873539012565988e-01 -5.211273419716069277e-01 2.109558748633918318e-02 6.361134375562305099e-01 5.668762695644828931e-01 -1.433378636451842214e-01 3.568895352398386844e-01 -1.653001583759236559e-02 3.413386271747568916e-03 1.686789355827302272e-01 -8.385204459812142797e-02 2.515425024319167258e-01 -2.045781321030829825e-01 -1.438675643294544670e-01 -1.014729609697472695e-01 -6.594628812018281383e-02 2.737141249895776174e-02 2.814982523293375061e-01 -1.942928648130373692e-02 -5.947002825463513359e-02 1.984203057856689240e-02 -3.481724642190995311e-01 -1.928096420405603917e-01 -1.531078235957318012e-01 -1.602115123684956788e-01 -3.158343124021953385e-01 -1.972438510180204441e-01 4.735788212173932532e-01 -1.633183881822004857e-01 -6.557845434385120575e-02 5.266075114186425932e-01 -4.325632071810354973e-02 1.789962405916460386e-01 1.404929846837113250e-01 6.653647216764463357e-01 3.950446209682151322e-01 -2.110992842677091030e-01 6.324759112262421379e-01 6.043299604604923658e-01 6.641473789016210105e-01 1.049648173322261929e-01 -3.999669225527592298e-01 -4.688495328017103780e-01 -4.351787168176751153e-01 -4.007089076792634819e-01 1.476511364368281454e-01 -3.126242625856989199e-01 -3.535251280083670511e-01 -1.758395559414259179e-01 -3.224148036518262872e-01 6.429453220095351917e-02 -4.602942415878398252e-01 -3.939923075471828129e-02 9.283318030205897631e-02 6.668525624407036778e-01 2.971257401761531747e-02 -1.276884332698654811e-01 -1.298200903320697874e-01 -2.802234123477617134e-01 -2.738567761547184842e-01 -2.183337890439905338e-01 -2.422797165047364809e-01 1.116587340373349502e-01 -9.163758639780703041e-02 -2.125568841288115185e-01 -1.905899879391037555e-01 2.506191887607430724e-01 5.440924021098899081e-04 -2.217546131831804514e-03 1.085875462432329686e-01 5.322381106825602171e-01 5.228683734731667254e-01 -5.419852818097623537e-01 4.377617224104784488e-01 -1.016265784235734077e-01 -2.728992118495351393e-01 -2.364300314143083226e-01 3.889274382339982239e-01 -3.111950888897033196e-01
8.758241373153104192e-02 6.695694582541936168e-02 -1.994031452260917187e-02 1.030208748976152583e-01 1.368936463329540332e-01 6.229231079978974073e-01 1.000000000000000000e+00 5.843146451895538940e-01 6.693394047028666805e-01 5.869884490732898419e-01 6.574721351207811759e-01 5.227075788938838619e-01 -2.417147958472743441e-01 -3.994376112001966628e-01 -2.358237588985078736e-01 4.822317816979406618e-02 -1.046192740134298388e-01 -7.521297080109007327e-02 -4.176192216487333714e-02 -2.721713854354591011e-01 6.959054006186377039e-02 7.463482340133922865e-02 -3.697399417974315816e-01 3.157062925740062309e-01 5.799597441293692368e-01 7.134382609823121113e-01 -1.412464836216369701e-01 4.301679686769062094e-01 1.005933217561904604e-02 1.669293222541882449e-01 2.875178767718281625e-01 -2.078094971484478193e-01 7.063216732566929279e-02 4.751535650760862345e-02 5.875014485953577309e-02 -1.135792937824627556e-02 -3.218552142894325896e-01 -1.559507116029777152e-01 5.656357544309410790e-02 -6.112661517205487255e-02 -1.330983360028611118e-01 2.473273913033091909e-01 -1.173185611232320097e-01 -2.147161550098863891e-01 -1.903530831517742938e-01 -1.212640462312035150e-01 -3.443240421315291733e-01 -3.808401963147547975e-01 2.075522048149279764e-01 -4.016417964691526565e-01 -1.819518287241937426e-01 2.812177860573919497e-01 -1.339404343631232230e-01 -4.478879779196540123e-02 -1.830730715208906401e-01 4.729513728154590146e-01 4.286528240202412410e-01 -1.527157510544955576e-01 4.060139146663977461e-01 5.968095517224637492e-01 5.719838661838424487e-01 1.676353631610734696e-01 -2.506385829346733374e-01 -4.316738177182776193e-01 -1.566483068949126312e-01 -2.115514728098540076e-01 2.327791253987830378e-01 -4.774817926707058957e-02 -9.111511574036861016e-02 -1.306509621355042908e-03 -8.469428908668484579e-02 3.880569399741340963e-01 -2.035602625832153290e-01 -1.051796496437225337e-01 3.232496003382981931e-01 5.849680059689401634e-01 3.547656817623707354e-02 9.749714246549352759e-02 -1.782339015818460159e-01 -2.494047656917675604e-01 -1.502017538092529081e-01 -2.911337236844039333e-01 -5.311403415710781728e-02 4.329034353588112061e-01 -9.373106475631870493e-02 -2.918201455463086402e-01 -4.040469664991094279e-01 3.093041263411923647e-01 1.739077010916732433e-02 -4.812852419680655608e-02 -1.429165290047534724e-02 3.595145739153300379e-01 3.849241247855017534e-01 -3.462118958918888323e-01 4.110469061771038768e-01 -4.339901115885948235e-02 -3.837140136646652322e-01 -3.400130254052374790e-01 2.776177827930489950e-01 -4.942962513480975151e-01
-1.422472740706002547e-01 6.268661037494668853e-02 -6.953305615668840811e-02 1.998677690455457068e-01 -8.943382413895493988e-02 3.732893807686766263e-01 5.843146451895538940e-01 1.000000000000000000e+00 6.097235055528081871e-01 3.396921665613140684e-01 4.156017342660449643e-01 5.349452524230577932e-01 1.080001291209949921e-01 -4.474808886945833009e-03 5.179537201653226786e-02 -1.464045740744803759e-01 4.067058659671185517e-02 5.579957954981199647e-02 1.100334027547265892e-01 -2.092349798554452300e-01 2.868774590883615416e-01 2.194356717516640631e-01 -1.591041822726564081e-01 3.008554030319007255e-01 2.729862753969599098e-01 5.045367073778671552e-01 1.185589915176323283e-01 4.418960826645983442e-01 1.412492554212972096e-01 3.721509310755097277e-01 1.176339899908370734e-01 -2.931142059726860594e-01 -5.201730332056754558e-02 1.541232999579732199e-01 2.059132556884226695e-01 1.980702955568259052e-02 -3.356537844849354357e-01 -1.907820033547961147e-01 -1.044611042382351078e-03 -1.004795241360940256e-01 -2.334111576069219582e-02 1.981526965236288240e-01 9.297735723219123505e-02 -2.274540318164867125e-01 -6.636240647659505387e-02 1.501987912446204332e-01 -1.482836441824365858e-01 -1.841249628132859972e-01 1.898765224450620157e-03 -3.047264590979480992e-01 -1.745733732392827087e-01 1.327639704353564265e-01 -1.776122182826425921e-01 -1.570894806550370559e-01 -1.074130388978159628e-01 2.162615089331501039e-01 3.503287402743359147e-01 1.614862517129266040e-01 9.026799317811085022e-02 3.236848016542245854e-01 2.614201865577754358e-01 3.251913054116428170e-01 3.763122395468097847e-02 -8.984914384590668435e-02 1.557795067220225094e-01 9.518575559138298114e-02 -2.399090250972346627e-02 3.378339472355734036e-02 -3.013603457160430460e-02 6.147911985674275881e-02 3.151283647079416300e-02 3.662903287401320096e-01 -1.688558100518184821e-02 -9.394411823898898839e-02 1.958495109485223484e-01 2.616451610882946643e-01 -8.261015776056077065e-02 2.164017099124992127e-01 -6.506854062035793973e-02 -3.039561338722596706e-01 -7.885350915579024400e-02 -2.536544035097844652e-01 -8.144043874043625786e-02 3.982713508188287510e-01 2.564407237317226085e-02 -2.627280723003145857e-01 -3.566579922969962957e-01 3.328221421082436793e-01 -7.183725762467749187e-02 -1.708491133545130686e-02 -1.794772793256680377e-01 3.529926229456286507e-02 1.615663830144959678e-01 -2.280837211575019452e-01 1.427156372383294736e-01 -1.155904940039622630e-01 -1.345542519030305806e-01 -1.374828127209980766e-01 1.159556846582926043e-01 -3.662294209558507596e-01
-1.281552334766513090e-01 6.035392947390751106e-02 -3.888031825089656446e-02 1.665822002475607910e-01 1.087367183142254612e-01 5.626257928701643429e-01 6.693394047028666805e-01 6.097235055528081871e-01 1.000000000000000000e+00 4.620295996345707423e-01 5.648756119918886265e-01 4.694151449287372602e-01 -7.638100367703122562e-02 -2.578461216507705323e-01 -9.890440138457537445e-02 -1.609856074776089274e-01 -8.781743416452698903e-02 -1.831175701895355057e-01 1.446381459774991052e-02 -1.673272387794379479e-01 2.077051935725086063e-01 5.699391987620636146e-02 -3.724114005281793927e-01 3.214409972698040741e-01 4.282816589313658828e-01 6.084068977049913451e-01 -9.091214883583381701e-02 4.527705355558045430e-01 1.001884666113665306e-01 3.144096526991179696e-01 1.870720084721672338e-01 -1.245491614281451637e-01 -1.034750929345319148e-01 -1.969814815953959894e-02 -5.254441825836930757e-02 -3.715113007259129851e-02 -4.160866121807406670e-01 -1.366071591990609679e-01 -1.620723075479541322e-02 -1.837517957399186219e-01 -9.722603160893453222e-02 2.478049972447090299e-01 -1.292251149393405275e-02 -7.127982684132806723e-02 -9.265634422645996349e-02 1.002292135195140266e-01 -3.125660459250350076e-01 -3.599626419821631562e-01 1.775230941762064862e-01 -2.771080740054929770e-01 -3.413538613991259352e-01 1.854099826199917533e-01 -1.499466927687820028e-01 -5.984524664252553749e-02 -1.268878240407816382e-01 4.079119331559187822e-01 3.485313162052293134e-01 2.008247132720058781e-01 2.907694522814804894e-01 4.443753680622608004e-01 4.581102452502680000e-01 2.321666532531858063e-01 -1.190858944503023209e-01 -3.317337384180505944e-01 -7.385684691563308701e-02 -7.675962646687020663e-02 1.645215332979403644e-01 -1.037683245936947968e-01 -1.343512251816960656e-01 -1.378500165765039476e-01 3.930261805293019245e-02 3.326476678474957205e-01 -2.164641534296428138e-01 -1.054292055090536723e-01 2.568307505349360365e-01 4.531388491631003212e-01 2.271164044789684977e-03 1.612578699707720442e-01 -1.542162142747111886e-01 -1.827760521779823732e-01 3.984386574266526870e-02 -1.449223584507041696e-01 1.811261859477745692e-02 4.245669547012085876e-01 -2.276446213934607554e-02 -3.746590468223983672e-01 -3.760577959656072333e-01 2.890206444501657868e-01 5.256719570670737030e-02 9.115330631922149984e-02 -8.598848574255259225e-02 2.250961375517235574e-01 3.039765344124514268e-01 -2.973403401811151037e-01 3.289838010125377132e-01 1.174390482403767505e-01 -1.667317682584678884e-01 -2.884003180485791851e-01 2.316509694259149821e-01 -3.832710420961725761e-01
2.824860590481646505e-01 2.941940700965690048e-01 2.309226440119845347e-01 1.292874100544119942e-01 4.915120458869916553e-01 6.589642584742092524e-01 5.869884490732898419e-01 3.396921665613140684e-01 4.620295996345707423e-01 1.000000000000000000e+00 7.767177285346311688e-01 3.382110665868587884e-01 -3.259975803977909203e-01 -5.350005377362946346e-01 -3.455165110530646899e-01 3.064346429330530031e-01 -3.190687899005123507e-01 -2.135704556437893475e-01 -2.412652109304601611e-01 -3.214128606795101928e-01 -1.181042332264004430e-01 -1.658436805809334891e-01 -4.840664951491304713e-01 1.933237936070601182e-01 8.178197589037172754e-01 6.798524891207151644e-01 -2.709936870276808407e-01 3.435124635161399542e-01 -2.535076548403838222e-03 -3.974347247390330046e-02 1.117848080762300078e-01 -5.496082004233313750e-02 2.176322343126899372e-01 -1.120747462004678396e-01 -1.061473937371172488e-01 -2.855252217031930551e-01 -6.307652180232260763e-02 -4.351394342569956525e-02 1.858979354405340401e-01 1.074938539600272525e-01 -2.385374563033924311e-01 -6.992998890069954121e-02 -3.626034506347068365e-01 -2.656918875604108998e-01 -3.546651082810252098e-01 -3.473839005391203827e-01 -4.660150492127792532e-01 -3.363624374483550894e-01 3.335335659847205592e-01 -3.637683881294894173e-01 -1.566662412598826271e-01 5.751908705785544473e-01 -9.438272256072851446e-03 1.805212642463031314e-01 1.677253379469029748e-01 7.313073605621271955e-01 4.812129366258359742e-01 -2.139255195057049308e-01 8.402520324775475391e-01 8.377259971145013528e-01 8.476388344545411346e-01 1.677685311435169191e-01 -3.951905025955310680e-01 -4.645485756116531362e-01 -3.575957758289833865e-01 -3.334289692862225651e-01 2.312290977413362092e-01 -2.126629769940171777e-01 -2.874374457740307975e-01 -1.169807621165435824e-01 -3.005251639402009012e-01 2.292679345424433746e-01 -3.041181263160389059e-01 -9.278684674749326788e-02 3.954095478355627580e-01 8.258679186418352858e-01 1.771507086127477593e-01 -7.851032539436064717e-02 -6.107239481149751709e-02 -2.475071775654878459e-01 -2.527247153690407866e-01 -2.876686310422844617e-01 -1.414640926001680676e-01 2.521900628878018247e-01 2.248599793769550520e-02 -1.584651172624273741e-01 -2.312406414819064837e-01 3.223118645316938591e-01 -2.488783795233672977e-02 -2.628688434593207113e-02 7.787044008820934171e-02 6.323566613156950122e-01 5.059769192940036797e-01 -4.708530526520358639e-01 6.471420220363580667e-01 -1.876527276302995817e-01 -4.698457028387359458e-01 -3.264165375255231871e-01 2.207346606404670120e-01 -4.506249358989153908e-01
1.273811333553334368e-01 2.017310449708933084e-01 1.693976165066618800e-01 9.967867643643964215e-02 3.281313948809913006e-01 6.584491641236481785e-01 6.574721351207811759e-01 4.156017342660449643e-01 5.648756119918886265e-01 7.767177285346311688e-01 1.000000000000000000e+00 5.516328936055275856e-01 -3.281966072912125831e-01 -5.531259960642396223e-01 -2.592978780495466817e-01 1.387144112285724762e-01 -2.693618902336523679e-01 -2.669141729704797017e-01 -9.739330169159386708e-02 -3.474832623962362810e-01 -6.787870847236644745e-02 -1.364085653958834465e-01 -6.015166123801076736e-01 3.280079872243409911e-01 7.428915626004993777e-01 8.245916715891918880e-01 -2.433980344941092944e-01 4.880430617649068603e-01 -1.052726458729675435e-01 1.522421859194353910e-01 2.399187044981307970e-01 -9.216469979155832160e-02 1.151474822975697004e-01 -1.907125543657592903e-01 -9.731273252911856741e-02 -1.355057578366727356e-01 -2.762609715458180237e-01 -3.322671353430581981e-02 1.086497903728915332e-01 4.258168203916667949e-02 -1.474002447788427539e-01 8.191651608517341865e-02 -2.115022206127495086e-01 -2.099790674432199244e-01 -2.349159609681365224e-01 -1.338029323202907517e-01 -4.968776788643286535e-01 -4.399535833603437918e-01 3.771504234129484101e-01 -3.398374302812825487e-01 -3.200117271279058762e-01 5.069529086513958616e-01 -2.846100207627073886e-02 4.816317369861578684e-02 1.429318637026019863e-02 6.998374609330096918e-01 4.396802788037101895e-01 -1.887250270096461069e-01 7.032768148861783253e-01 8.324923590583264144e-01 8.111460586620288238e-01 2.935479596991331097e-01 -3.842929514693775861e-01 -5.059399003619431401e-01 -3.121808480498151628e-01 -2.541947855883572305e-01 2.792572495931113785e-01 -2.286743015611920893e-01 -2.877744155204319809e-01 -1.166820021741905022e-01 -2.637073440059630181e-01 3.059051757143884664e-01 -3.518138538096369783e-01 -7.951329716530218528e-02 3.079254270044175512e-01 8.193378675019383772e-01 -4.228075884820242658e-02 -4.386041776431697826e-03 -1.743922636688528816e-01 -2.490721495771744121e-01 -2.093638366522399263e-01 -2.360211628010585316e-01 -4.286724840728004665e-02 3.195368656899291171e-01 -8.126322351089051987e-02 -3.537579637546310884e-01 -2.976218530889623848e-01 3.711723942430921741e-01 9.292195279312216727e-02 1.358813824438141193e-01 3.252802899787407553e-02 5.517154577862771747e-01 4.665422379995523561e-01 -4.371703042531758232e-01 6.330360829576450188e-01 -3.791230967625914411e-02 -3.801113842329323367e-01 -4.209810026440568564e-01 3.521990501224824821e-01 -4.438456045331961586e-01
-3.063070971224099992e-01 -6.630105692657835281e-02 -1.966863457155581044e-02 1.801199870682538839e-01 -2.214221321515554841e-01 2.615054458454554864e-01 5.227075788938838619e-01 5.349452524230577932e-01 4.694151449287372602e-01 3.382110665868587884e-01 5.516328936055275856e-01 1.000000000000000000e+00 3.191976033938979940e-02 -1.822207518031614959e-01 2.869164613431682970e-02 -6.369668370002193325e-02 2.205090284169828607e-01 -6.043879792615932528e-02 3.192790090969743200e-01 -3.392077823408241599e-01 2.468039769230135905e-01 1.592289122627300324e-01 -2.936108009077851300e-01 5.935006255425295807e-01 2.159761934283707663e-01 6.922618655814680722e-01 5.388921247593141117e-02 5.046207595097528253e-01 1.592896188632571264e-02 4.127294338635997262e-01 2.409788501372860381e-01 -3.208978368865572639e-01 -1.524601029806326169e-01 4.453397502213585213e-02 2.074587671129412003e-01 8.008290766081204923e-03 -4.865135618166560594e-01 -3.195456612066776003e-01 -3.342365338273250996e-01 -1.407205083412946811e-01 -2.697022480852186987e-01 2.914166821966019394e-01 1.335799364738488038e-01 -1.527858484817790907e-01 -1.676720577812461366e-01 6.479152448214760274e-02 -3.367335383931297499e-01 -4.740813694369281350e-01 -7.431800280481321019e-02 -4.667632540902204030e-01 -4.205177553320263995e-01 1.581445843769233583e-01 -1.293638220447277005e-02 -1.758595734030326263e-01 -2.035683267911004846e-01 1.941232374831111107e-01 2.921699229405793630e-01 1.286746392018127128e-01 1.276408450001809136e-01 4.120953983050423264e-01 3.674215568307797608e-01 4.385551733817947273e-01 3.557265924907445503e-02 -2.333500944244714104e-01 1.757863160088617982e-01 6.897542637482337313e-02 1.355624732217507178e-01 1.394792896267270377e-01 2.054437390128494370e-02 1.848208287971654304e-02 6.260831422902904397e-02 5.181553247048226174e-01 1.867488686143311746e-02 -9.219031483449870168e-02 4.510398036296855429e-01 3.473290039536009455e-01 -5.824565948622120737e-02 3.593460500347128717e-01 -5.628611578361257528e-02 -2.043022741993943125e-01 4.037161550145007549e-02 -3.418167507814555139e-01 1.614985803461524427e-01 5.257482426910882189e-01 1.077680770664886933e-01 -5.050649462016701952e-01 -3.810177540929294837e-01 4.905697680522129733e-01 9.830515031070372056e-02 5.692932385433430165e-02 -2.135804132297527413e-01 -3.017284165365643339e-02 1.127338452495867671e-01 -8.874787158662544861e-02 3.203127350987167166e-01 6.178535332321286044e-02 -2.294642265826894456e-01 -2.795092781360825618e-01 6.855731033662841589e-02 -4.607308027314164778e-01
-3.904217221594790121e-01 -2.551880294986444975e-01 -3.114066211707891552e-01 -1.012714157566863005e-01 -4.115883955275934647e-01 -2.990528748115635072e-01 -2.417147958472743441e-01 1.080001291209949921e-01 -7.638100367703122562e-02 -3.259975803977909203e-01 -3.281966072912125831e-01 3.191976033938979940e-02 1.000000000000000000e+00 6.131369750164272769e-01 4.485469291512632628e-01 -4.065564506288185664e-01 3.739289735993594488e-01 2.867474213454409560e-01 3.562888692572667715e-01 1.760331259526717040e-01 3.717113481193962676e-01 4.524457690777196617e-01 3.553891741396847936e-01 1.367621625763014992e-01 -3.276372029518067053e-01 -2.299194025404140418e-01 4.210560082165208384e-01 5.905382912866184719e-02 1.833993401030075410e-01 3.675916853811797003e-01 -1.064440510152745989e-01 -1.398218225855110686e-01 -2.435966797669754935e-01 3.648104299992793731e-01 3.754744191190163560e-01 2.276644348260930817e-01 -1.596170890365281869e-01 -1.348794221432751128e-01 -9.731137200277947819e-02 -1.549184490438685335e-01 1.106694701693574229e-01 -7.299774442344741758e-03 2.358615753078219524e-01 -2.408413740075704759e-02 1.167200351429604765e-01 3.287134535472849284e-01 3.898082856003137198e-01 2.720918535927783211e-01 -3.006732280503748855e-01 1.459876339751566277e-01 1.355871475573359672e-02 -2.887787756817528639e-01 -1.493459810934033571e-01 -2.191778007862162092e-01 -1.897002149876309343e-03 -4.566417762334648578e-01 -1.020168395532176780e-01 2.901019230711579522e-01 -4.251670136202800876e-01 -3.813534121374346220e-01 -3.637067219770571125e-01 4.744483998163664951e-01 6.211168445653676429e-01 4.388884623843334332e-01 4.422199690817026907e-01 4.099660050359331120e-01 -2.322755255091126791e-01 2.634006712586721144e-01 2.540754148839206583e-01 6.902603303100432464e-02 2.672558054489375112e-01 1.557542893358926372e-01 3.291646506335534350e-01 6.149078631912055504e-02 6.794793577877016781e-04 -4.064503387165612214e-01 -4.272609617724319048e-02 4.088609460377815585e-01 3.910051961901276490e-02 -4.260675006670980314e-02 3.027332399691754494e-01 8.478206375139102358e-02 5.159402421730595323e-02 1.831753963624744852e-01 2.220293182054988435e-01 2.722876908984977334e-02 9.387261493281656710e-02 8.831521210423177309e-03 2.100492601679696675e-02 9.533871783695017921e-03 -1.778594880106708631e-01 -4.718930690278155815e-01 -2.901611324747625509e-01 1.640622415275904689e-01 -2.882615322280918657e-01 -2.926905417441653251e-02 2.347264183367577528e-01 2.947514753890565498e-01 -1.850876314735210026e-01 1.645245880908457470e-01
-3.102962659679865953e-01 -2.681086628089027202e-01 -2.523156392311200480e-01 -2.553300619965992446e-01 -4.900149184410843017e-01 -4.719775695948070227e-01 -3.994376112001966628e-01 -4.474808886945833009e-03 -2.578461216507705323e-01 -5.350005377362946346e-01 -5.531259960642396223e-01 -1.822207518031614959e-01 6.131369750164272769e-01 1.000000000000000000e+00 6.925410430765184255e-01 -4.763462487574234849e-01 3.179128876286316796e-01 2.769078652645044492e-01 3.816822458114396133e-01 2.816936053802829854e-01 4.885372181128515567e-01 3.622962156349781582e-01 6.147261947250662883e-01 -1.205573101457077002e-02 -4.922163169343111710e-01 -4.363245862695873667e-01 3.962484707029176323e-01 -7.760421937126030234e-02 2.656965982288621020e-01 3.474172365224075798e-01 -2.634517340470867164e-01 -7.733913717413545830e-02 -3.010300743987476824e-01 2.567253429828211808e-01 2.641779946581932492e-01 2.914041367866656573e-01 -6.949762783033339164e-02 -9.784743967435872991e-02 -7.088398055693169442e-02 -6.710524798892041065e-02 1.639763613058344005e-01 1.983444336390348200e-04 3.021973795680461539e-01 8.462937786689274725e-03 9.660645679031294730e-02 4.204247953076103994e-01 5.846879417670420853e-01 4.559447578443783788e-01 -3.986376618301751273e-01 2.342294666554054494e-01 1.511697013167638826e-01 -4.554015225475693263e-01 -2.814294885272353164e-01 -3.452749168817089709e-01 4.850709269138164803e-02 -5.979889428475801960e-01 -2.580887146640900021e-01 3.439707707683409832e-01 -5.938392567330376126e-01 -5.830574663301252292e-01 -5.853677973724861205e-01 1.832627937462383630e-02 6.752145514027083628e-01 7.182865213400160265e-01 6.607616424155366985e-01 6.580379655059003241e-01 -3.140341340136153514e-01 2.465563963955522686e-01 3.197106014257172779e-01 7.932970079049130041e-02 4.748392951514870952e-01 -2.726917034025291148e-02 4.523217100036872051e-01 1.097339704231784091e-01 -1.315712199041749741e-01 -6.064871214430833657e-01 -7.029725943492325102e-02 3.800441286697410770e-01 3.084092129799764770e-02 8.775201820331068533e-03 3.007000112970038552e-01 1.261708055382187443e-01 4.382826591026071222e-03 -2.680751794347240036e-02 1.687504602705287293e-01 1.865652789460995054e-01 1.349766763888337051e-01 -1.272671886460058355e-01 -1.334036997425211771e-02 -4.144008501227050556e-02 -2.355583176377905597e-01 -5.368416094203127820e-01 -4.252205445437196030e-01 3.145939753563157248e-01 -4.268009429962511536e-01 -3.710112702188585881e-02 4.370683798073420889e-01 5.012078351373370211e-01 -2.690111180157654380e-01 3.165654747729754193e-01
-3.378435443051259757e-01 -1.975453347114582703e-01 -3.089776162489930034e-01 -2.471548593105162561e-01 -4.614905299586090637e-01 -3.641172640608434929e-01 -2.358237588985078736e-01 5.179537201653226786e-02 -9.890440138457537445e-02 -3.455165110530646899e-01 -2.592978780495466817e-01 2.869164613431682970e-02 4.485469291512632628e-01 6.925410430765184255e-01 1.000000000000000000e+00 -4.265226849322111824e-01 2.875016446351714161e-01 1.214378401517594436e-01 4.785518057739755471e-01 2.248759743797385802e-01 5.891045067153981574e-01 2.785937410581824647e-01 3.868656017028310745e-01 2.507853369383975517e-01 -3.246909599521908274e-01 -1.517192042353301407e-01 3.078611485758100952e-01 2.248860542985863242e-01 3.015310760722629824e-01 5.460149785939688583e-01 -2.309936440303044791e-01 -1.803888776692275653e-01 -3.559033226322521615e-01 1.443153360795330353e-01 2.025676043612221200e-01 1.135044063905466805e-01 -2.830016571725201269e-01 -1.841160748155737659e-01 -2.037848021316424341e-01 -1.478911996436521326e-01 1.102699665488504621e-02 6.145432425941484145e-02 2.181802393219351432e-01 -1.064608590795590795e-02 -9.637858475796051705e-02 4.906735038857366060e-01 2.847011414844502486e-01 2.070555290832951645e-01 -3.346014890432242872e-01 7.341444040143225991e-02 5.872243186723185432e-02 -2.664005899076042350e-01 -2.866911182784673828e-01 -4.271472545811820232e-01 1.007045265135915330e-01 -4.718841214666996131e-01 -1.171348662886898956e-01 3.505582725093122076e-01 -4.310874718411676909e-01 -3.213001090803583870e-01 -4.237444894473559320e-01 1.118675231257308667e-01 5.847486905215339981e-01 5.650359275392031755e-01 6.571339635817096125e-01 8.262349766525084460e-01 -1.693304632485435612e-01 2.778479289995902657e-01 2.872781983646624515e-01 5.756903488509882566e-02 5.243411283447705351e-01 1.532255602558384722e-01 3.987156578089030012e-01 8.824254328815016313e-02 6.986134903864120449e-02 -3.916128306348302668e-01 -4.542250683768295216e-02 5.299182802652114832e-01 -1.012312033613721983e-02 -1.120263850497175556e-01 3.367653958721715801e-01 -6.924150084835878349e-02 4.664514337604493653e-03 1.687195599990937989e-01 1.567163478846891056e-01 -9.877624498320398960e-02 6.470364142862141538e-03 2.789648566082046297e-02 4.395589927459211260e-02 -6.682423818301212737e-02 -3.630901396161555494e-01 -4.826448285718522024e-01 -3.654931689604843381e-01 1.830611762717771762e-01 -2.403212491988317157e-01 -7.327292428584702456e-03 3.739439590620349807e-01 3.106240156785460282e-01 -1.696159238214153819e-01 1.657096774083086643e-01
