1.000000000000000000e+00 -1.674504231090202799e-01 -3.675830066200447971e-02 9.273118184958555749e-03 -8.621566718544138030e-02 -7.491138151905463172e-02 -2.845436738054168274e-02 -1.213822186146985282e-01 -1.588956142933082016e-01 -1.946648916241184857e-01 -1.669754708065091242e-01 -1.265957338347344641e-01 -1.472538049012388347e-03 -1.181831596378842735e-03 -4.467361983338966752e-02 -1.049253756509255647e-01 5.304789431483536433e-02 -2.867254959513065166e-02 8.306876353246091249e-02 3.590462142476821827e-02 -7.506670965611954294e-02 1.060076629331782073e-02 1.356367001773180203e-01 -1.470231439623303493e-01 -1.119212385221290684e-01 -1.992167999095824649e-01 1.196823937924435532e-01 -2.540016705201514347e-01 -1.833775836695017078e-02 -2.158530768243916223e-02 3.673017512985903704e-02 1.919621612289720280e-01 2.718301493823653825e-01 6.000915682702828713e-02 4.016016236263950795e-02 3.876236815175807676e-02 -1.286916433716382424e-01 -2.863595782143524976e-02 -1.051566209125912310e-01 -2.004799682357802926e-01 1.214621606552892114e-01 -4.404674835755140183e-02 -1.726699505240377741e-01 -4.802292097957661793e-02 1.649526214232318322e-01 4.560876673791142838e-02 -3.890570122224470875e-03 2.202778153657024285e-01 3.475081755479514367e-01 1.082969494171422825e-01 4.645080514226082591e-01 1.196981251282708790e-02 -1.220579868637286791e-01 -1.754905926399283611e-01 2.599062504557325334e-02 -6.944828311849168823e-02 -1.407190684867281050e-01 -1.118666374837077176e-01 -1.327916313375603896e-01 -1.121251719800878538e-01 4.174307442748426134e-02 -3.524839523450176704e-02 -5.773820693014170696e-02 -8.765976085895177405e-02 -1.767685839015624705e-01 2.455480279547097092e-02 1.955788325434866526e-02 2.188248373064727997e-02 -1.288496086733531554e-01 2.156848800472652497e-02 -5.352077615116182518e-02 -5.609601151255258489e-02 6.962732174244321004e-02 -4.902364685058839544e-02 -1.822166453744236136e-01 -2.258010284417026892e-01 -1.078358413674441324e-01 -9.637254690396807044e-02 1.230004872376192979e-02 -8.940961852701656554e-02 -1.468453715380189928e-01 1.237172130910878520e-01 3.216274576205349622e-02 -9.831251465081698726e-02 -5.139399690101398299e-02 5.929029684389264948e-02 -1.653499034640515397e-01 -1.650875947247687214e-01 1.870941217849747540e-01 3.475781723270419260e-02 2.385539269378688168e-02 9.676880184200353785e-02 3.482137231343539197e-02 -5.861944148560210843e-02 -2.531129276473662038e-01 -6.928417344599335477e-04 9.625756390281260677e-02 2.718558829792650511e-01 2.939383364847524827e-01 1.523255589179363101e-01
-1.674504231090202799e-01 1.000000000000000000e+00 3.971857625892182275e-01 6.789530086663946307e-01 5.680576494250747510e-01 1.980007909765231500e-01 -5.165163986249273614e-02 2.305814009019296618e-01 7.075170008137970923e-02 -1.057223893036225298e-01 -1.095130384403761314e-01 -2.036961677238895985e-01 -1.682295285072201441e-01 -6.931628431579957283e-02 6.661181178116722112e-02 5.106863099568960118e-01 -2.029358457254771542e-01 -7.305228173742410458e-02 -1.205379916612868141e-01 2.354503462482764389e-02 5.358889660843230845e-02 -2.898228921063872310e-01 -2.010446494510639837e-01 -1.417108291483210325e-01 4.719741748478698679e-02 -8.445387607562471199e-02 -2.615297149569711377e-01 -1.810651367764045394e-01 -2.956364511298978023e-02 -6.514333539049710353e-02 2.559204940037284465e-02 4.664049102943756270e-02 -1.556513896801571817e-01 -2.830959946331976229e-01 -4.939715674569992165e-01 -1.802288187818511245e-01 1.927838592710712784e-01 4.237900882531686619e-02 -2.291785717007518708e-01 -9.748152921433916526e-03 -2.596398167805347157e-01 -3.541163312546319331e-01 -2.782359502581276955e-01 -1.267639944793007845e-01 -3.053787599065524438e-01 -1.866916301992972427e-01 -2.603625192037389846e-01 -2.887385945667789167e-01 -1.771019319368170586e-01 -1.246920423188611349e-01 -3.712759754497969161e-02 4.430288112085433716e-01 4.445031310501017519e-01 5.900705264987183840e-01 5.341972439342071444e-02 1.295834901181611432e-01 2.541772200746425514e-01 -4.797536582214392137e-02 2.800657727111541609e-02 1.782893283069357515e-02 2.234858933307735385e-01 -3.465462569074936328e-01 -1.675271852796567651e-01 1.806245534191652513e-01 5.083190692504428038e-02 5.713625931751127596e-02 -1.422672884204693733e-01 -3.746388820445750722e-02 2.985040730840762477e-02 7.886176380307851350e-04 1.035616614173701794e-01 -3.940726546988275181e-01 3.376610857844222074e-02 -9.326245851780039231e-02 -3.204297747522576179e-02 7.546504453239651425e-03 1.239862048592251798e-01 -1.607752457318861183e-01 3.087077964085660139e-02 2.435178263432987711e-01 -4.063705462268198121e-02 -3.497787845115381544e-01 -1.780753359118231738e-01 -3.230021698764039551e-01 -1.062252129953732555e-01 -3.058294833587678063e-01 5.397086462162049153e-02 -4.124162725180090527e-01 -2.481045544953928705e-01 -3.902951511225746239e-01 -5.719271454440635893e-02 6.416396115852603110e-02 -1.284348174560798472e-01 -1.230030033845398441e-01 -7.865656574061112571e-02 -1.900108115533450104e-01 -2.122995121303866972e-01 -2.357005041913809718e-01 -2.005722331196524433e-01 -1.742288364434950998e-01
-3.675830066200447971e-02 3.971857625892182275e-01 1.000000000000000000e+00 5.112263588256089619e-01 3.122574679400552666e-01 5.614108290461448103e-01 3.332744284591898087e-01 4.648675423204535750e-01 3.352792865002701683e-01 2.159355059366271923e-01 2.549993240800307870e-01 1.872859841107958057e-01 5.143330667253250693e-02 7.413148662040619855e-03 5.990504743099617918e-02 3.180493440802336647e-01 3.555267513959041448e-02 8.918981999149365111e-03 -1.009238401542831148e-01 -8.377350628014243461e-02 2.456296039193343883e-02 -1.839508812547790417e-01 -1.876189394520615672e-01 -1.792599741098939090e-02 3.238431121591547335e-01 1.899279656831711072e-01 -3.110139580108202129e-01 -1.306753744588580735e-01 -3.604483997383640947e-02 -2.667747259396376427e-02 -1.960365652943440729e-01 2.337798161104630013e-01 -6.677773178503557117e-02 -1.541888877609173536e-01 -3.746681025446062518e-01 -2.330090881285461213e-01 2.893990677339985246e-02 1.091123577087257518e-01 -1.039183846869334710e-01 1.685631125290082688e-01 -2.314871682883080928e-01 -2.891486364029217659e-01 -9.585572302155521973e-02 -1.533596428690391644e-01 -1.164653715596980638e-01 -3.420705508590837218e-01 -3.602614879746519061e-01 -2.898131488574168246e-01 -9.919538335803362861e-02 -2.244401240445377255e-01 1.074041366026274452e-01 4.208526018487254161e-01 4.796092526933551925e-01 4.510550511541896457e-01 3.512726397621074304e-01 5.934384948545392557e-01 4.158604470560861577e-01 2.281476850150623015e-01 3.646081576796191270e-01 3.417784978571428711e-01 1.347573107907578116e-01 6.606813644600906255e-02 2.583031915857269406e-02 2.004338479718024424e-01 9.435217468161025134e-02 7.341114800147737277e-03 1.104605131638739940e-01 9.309564356661872986e-02 -2.831025400286668603e-02 6.479835992594903948e-02 6.753932200320350576e-02 -1.492632803333694691e-01 -1.526200690364682561e-02 2.306716525238431126e-01 1.532483040726831947e-01 2.827170036878811632e-01 8.224093884293490198e-02 -5.500765158562820334e-02 4.536251051628606423e-02 2.017280456991311643e-01 -1.334579747012175077e-01 -3.834686595016590926e-01 -2.596450407820298234e-01 -3.822545672297759656e-01 -7.492819757325196173e-02 -3.097347664492673402e-01 -1.925748684311001380e-01 -2.413331717213870464e-01 -2.345207308396000390e-01 -2.615491869527034607e-01 -1.585205769814467813e-01 -2.984193582202092094e-03 4.352843145721666668e-02 1.943793654880860700e-01 -7.659406357480419425e-02 -1.153308413761458540e-01 -3.458569865636236251e-01 -2.658723637025206532e-01 -4.816925361220770335e-02 -2.280867932957452160e-01
9.273118184958555749e-03 6.789530086663946307e-01 5.112263588256089619e-01 1.000000000000000000e+00 6.215129743352640901e-01 2.108003897855441899e-01 1.270445573436921050e-01 2.731424926501269668e-01 1.102180173587965911e-01 6.249717377212952833e-03 4.158903238539177899e-02 -9.104070110897122259e-02 -2.275257482905627682e-01 -2.243103061927839981e-01 -7.890602103034033421e-02 4.149771516306866581e-01 -2.828159637665881299e-01 -1.854216260033436925e-01 -2.498083562101843791e-01 -1.147601603237345669e-01 -1.536522871472464358e-01 -2.435369192429140128e-01 -3.020202881025277897e-01 -2.275147100893511465e-01 8.214571518501194436e-02 -1.101675582739564119e-01 -4.327873873371315683e-01 -3.045076987853516104e-01 -1.681478317100162378e-01 -2.872526652163431143e-02 1.168252465544210306e-01 3.053773522355879289e-01 9.219436752273905966e-02 -3.258125212607960175e-01 -4.782880109519916378e-01 -1.991880323701212541e-01 6.805346259675794374e-02 1.712218725339894887e-01 -1.949094891135771113e-01 -4.900720401714325769e-02 -2.674762408825509530e-01 -4.023446937225090836e-01 -1.540101566604319405e-01 -2.442923019832248660e-02 -1.848809322925070164e-01 -1.979710520200003987e-01 -3.974297632160043170e-01 -2.540073685235640366e-01 -7.248761242141407712e-02 -1.702108927175396691e-01 1.093243768875110516e-01 3.623294869458946188e-01 5.020804667040246194e-01 7.361447593890179109e-01 1.442291486588615224e-01 3.058939385248259923e-01 3.158032484275652418e-01 -3.394299922300622607e-02 1.178909149093065323e-01 8.778829762154359562e-02 5.864935119991156187e-02 -3.017487348474892639e-01 -2.922635547276526968e-01 -2.202793413031806005e-03 -1.421525999439744725e-01 -7.610196022183246534e-02 -8.680806997075067588e-02 -1.315575675195299055e-01 -1.877570454801609501e-01 -8.366364394091034551e-02 -1.153579122242998772e-01 -3.960022191591898166e-01 -1.231117888764665519e-01 8.223593986818295010e-02 -9.013480820576998120e-02 6.049655346481252333e-02 -5.703142731139126259e-02 -2.331156139097472768e-01 1.580280929374772714e-01 3.883312760319937995e-01 -2.380747626431166664e-01 -4.153617739936754649e-01 -1.835417100405244417e-01 -4.498392671420308186e-01 -2.425452767443172786e-01 -4.921949980112328982e-01 -1.829344792441371936e-01 -4.263083434702965580e-01 -2.889752192197698744e-01 -4.118184917659084565e-01 6.039629581308494227e-02 8.852444276897657172e-02 4.529164205264972487e-02 3.274557949837167414e-02 -1.725330233561864213e-01 -3.222266536775997975e-02 -2.333724860193296391e-01 -2.332961633799668644e-01 -6.045444518986480692e-02 -1.806230493570819828e-01
-8.621566718544138030e-02 5.680576494250747510e-01 3.122574679400552666e-01 6.215129743352640901e-01 1.000000000000000000e+00 3.518838668064545594e-01 -1.222988285683529602e-01 9.109587509488783347e-03 -1.372102128832185242e-02 -2.188491856388125323e-01 -2.377230899934252017e-01 -4.106169200997353830e-01 -3.389536867774338158e-01 -1.948145665468013488e-01 -1.753910972760639453e-01 2.213327660490660986e-01 -4.210778850547193253e-01 -3.160882215310097387e-01 -2.899993806201041080e-01 1.078674317112062603e-02 -1.796837448617987776e-01 -6.961328589397848543e-02 -1.894328132790871477e-01 -5.439411351709242393e-01 -1.099131189218954252e-01 -3.372161602303561656e-01 -4.752401291277304485e-01 -3.584632119616956158e-01 -2.176990317248269913e-01 -2.834277618536052423e-01 1.353685703467683576e-01 3.116345727125868215e-01 1.029616413168942977e-03 -2.719758480370909060e-01 -4.616978061241837628e-01 -8.288639810677668474e-02 2.641160018131084031e-01 2.588479153099396135e-01 -3.382484925813670357e-02 -3.227624470590846339e-01 1.724732860113550176e-02 -6.100244960703281594e-01 -2.619455217880266584e-01 1.428537391467449291e-01 -1.928831278002645089e-01 2.862493715953754250e-02 -1.124735885777136540e-01 4.416844632281251293e-02 1.301162127402659685e-01 8.829997439265639680e-02 5.586598928151539911e-02 3.542903578662314618e-02 2.227229519686106940e-01 5.316275436436791457e-01 2.604003522321841069e-01 2.828409445677984024e-01 -5.868663281591807862e-02 -3.092055420861757886e-01 -7.834225101270561598e-02 -1.126300479691746820e-01 8.473180208841740724e-02 -4.694385447706455605e-01 -4.611348286655306827e-01 9.558899841225114782e-03 -2.447470082752001841e-01 -2.530872952968768463e-01 -1.145075892969298070e-01 -2.987682844623971712e-01 -3.085990960941735195e-01 -2.347586434769251829e-01 -1.860371985599955647e-01 -5.514811312766788598e-01 -1.872647276189479404e-01 -2.422552616082982446e-01 -3.882566833863548283e-01 -1.704812010161805558e-01 -1.743778728738150652e-01 -4.609466884071131698e-01 8.301759102933177481e-02 5.033215247829093686e-01 -3.009546905616226620e-01 -2.173006207227567710e-01 -2.069742866076970111e-01 -3.885206455028459294e-01 -4.397748109858944932e-01 -2.967651352009690324e-01 -6.080116711929560436e-02 -3.980334646950764443e-01 -1.537939198136462904e-01 -4.602234835088930276e-01 2.361056279308894335e-01 9.923390766143011521e-02 1.271186635313578117e-01 -3.158365099645083635e-02 -2.717608970528012646e-01 1.271716384374151076e-01 1.262484143688069431e-02 3.921841469573079941e-02 1.527264374867163821e-01 6.969303606544373364e-02
-7.491138151905463172e-02 1.980007909765231500e-01 5.614108290461448103e-01 2.108003897855441899e-01 3.518838668064545594e-01 1.000000000000000000e+00 2.118815004613616437e-01 2.908346167700347484e-01 3.666063019827711100e-01 6.071454154955915894e-02 1.300784429281424785e-02 4.382652558452900145e-03 8.596625599744743551e-02 1.268176141059362272e-01 3.618810018309617793e-02 1.599999620621860019e-01 5.328800007203671196e-02 3.018206194709700807e-02 -1.033417278256336218e-02 1.114585060735427957e-01 1.182272581208476392e-01 9.561699823019882694e-02 -2.180169199401903526e-02 -1.826038903319499862e-01 1.400122390235367664e-01 4.924470218878552671e-04 -2.691395378917408876e-01 -2.492725947045598411e-01 -3.095053507332986426e-02 -1.814699377107598099e-01 -1.793193714673242956e-01 1.494698733375885991e-01 -1.408796527713723212e-01 -3.672087127373355186e-02 -2.586558718394582068e-01 -5.605492585490111368e-02 1.566012597368952874e-01 6.145436279375677407e-02 -2.516605638631761940e-02 4.723112719895122824e-02 1.012765852733209238e-02 -3.875606085185310801e-01 -2.340001594492550907e-01 -4.048750638274154628e-02 -1.709861988690010159e-01 -2.017439592224493927e-01 -1.015565906661853868e-01 -3.954213238460531354e-02 1.807821882343139397e-01 4.359863944953397408e-02 1.545108003558907095e-01 2.055058761436225623e-01 2.172709512895918960e-01 1.821145582771597216e-01 5.426595623105847643e-01 6.213996115693845024e-01 2.213875920374758222e-01 1.508122218679821269e-01 1.712914503772710595e-01 1.298950474053761073e-01 1.803788742919678334e-01 7.567245964774065026e-02 3.963593944308290568e-02 3.392086488093092878e-01 9.435044508475511071e-02 -3.804575318463492700e-02 1.396755522666046079e-01 1.072441359701104546e-01 -7.954908705208986464e-02 1.349397187014872990e-01 1.033846178789833981e-01 -1.397618535405983076e-01 3.067731253916893691e-02 1.280648024594048008e-02 -3.512031581374808892e-02 3.320390584514128218e-02 -2.273546911624176742e-02 -1.653251241583687525e-01 -1.348030590940961226e-01 1.777499420557417109e-01 -1.933374849089731506e-01 -1.414919767898682179e-01 -3.089869675732155874e-01 -2.914289399604925168e-01 -2.171317190130162555e-01 -1.083105080575266360e-01 -6.776227801134258877e-02 -2.257932225596699649e-01 2.800351254794482356e-03 -2.366621090697798580e-01 -1.122830976195972191e-01 3.673216020650908048e-02 2.420646778139734848e-02 -3.784333901168077802e-02 -1.926887585144475834e-01 -5.602446679339363050e-02 -1.998937194724458022e-01 -1.939646881655368235e-02 1.719379007665669812e-01 2.770577583313069484e-02
-2.845436738054168274e-02 -5.165163986249273614e-02 3.332744284591898087e-01 1.270445573436921050e-01 -1.222988285683529602e-01 2.118815004613616437e-01 1.000000000000000000e+00 6.712943546881177115e-01 6.209103558551115620e-01 5.034917658353333936e-01 2.911137244421621584e-01 4.522793600263561586e-01 -1.151729507870628832e-01 -1.338844795423312639e-01 -1.716352355235711835e-01 1.519776697671762489e-01 1.139366631093791521e-01 2.757917705046876167e-01 1.051312833783936938e-02 -8.629528353172949418e-02 -4.818267835605060528e-02 -1.348130374257640041e-01 -2.774456066582001723e-01 4.349506732712021123e-02 4.798935638824763927e-02 1.061108412756377184e-01 -1.736891907944913271e-01 -1.306826361514251134e-01 -1.960742601980647315e-01 -8.911868309063604443e-03 -5.567322110435846128e-02 -1.058005407492050437e-01 4.617111882020248637e-02 -8.834012546317733527e-02 -5.630170610740666687e-02 7.192533804123005248e-02 -3.440798137927092992e-01 9.628213601254037926e-03 1.798485119985082648e-01 2.335665686335174074e-01 -9.403669408199200053e-02 1.569351424907842185e-01 3.046052927203722269e-02 3.137356999363502541e-02 -2.086646409671448488e-01 -1.999664619593950476e-01 -3.384077109520756133e-01 -1.173669942770845936e-01 7.398091012808839795e-02 -8.500478488279751554e-02 2.498312986520515311e-01 4.473351716244971521e-01 4.244683017758844601e-01 2.811952997867199211e-01 3.914981097251222231e-01 4.311934125840152787e-01 5.805812862281253262e-01 5.280561571683644040e-01 1.291466498740138913e-01 1.448453484169157958e-02 -3.943588626512876116e-01 2.379956697619734218e-01 -3.597473242732194404e-02 2.983675256686788707e-02 4.154335866989870146e-02 -1.202386821144753037e-01 3.711493862187867920e-01 2.149816212690938422e-01 -1.335921105197599434e-01 2.972806693696920521e-01 -7.625028976834566374e-02 2.431003406010427970e-01 -1.238427904503749399e-01 5.055336515290506094e-01 1.090792105745597013e-01 1.089037400441432851e-01 -2.414130731215907988e-01 6.595961871232687568e-02 2.412661627398453024e-01 -2.011005885595100184e-01 -2.780024098759889539e-01 -3.929994316863725384e-02 -2.925335654539604757e-01 -1.267896540966323149e-01 -1.593526344485367841e-01 -1.818184275697198038e-01 -3.116617371603786490e-01 -1.921929103051686714e-03 1.307238834768875979e-01 2.829571194570932313e-01 -3.926066105435361414e-02 -5.652124439414408369e-02 2.153550326940224247e-01 6.014114576609665488e-03 -1.620696785929234551e-01 1.496073219855431971e-02 -2.487323251572658434e-01 -1.511438480639604454e-01 1.801157750255106271e-01 -1.009931368462039895e-02
-1.213822186146985282e-01 2.305814009019296618e-01 4.648675423204535750e-01 2.731424926501269668e-01 9.109587509488783347e-03 2.908346167700347484e-01 6.712943546881177115e-01 1.000000000000000000e+00 6.024648872623696860e-01 4.037461774197491637e-01 2.886561542049575491e-01 3.817573847294518097e-01 -4.844089239733510854e-02 7.407073240250294788e-02 1.553486699302380515e-02 2.937995855708341320e-01 2.936693983139212483e-01 5.191738362908994153e-01 2.284600233009677628e-01 -2.612673340117581400e-02 2.328926376059087533e-01 -1.745058127576063767e-01 -2.134844675574692485e-01 1.354609937831539046e-01 1.759376018271479880e-01 1.537108907069499042e-01 -1.543419459131436799e-01 -7.010818958144582336e-02 5.462660401289244627e-02 -1.136967379840892259e-02 -1.438654073359669772e-01 -2.410606986509615524e-01 -2.037782022191040043e-01 5.651762522099821467e-02 -9.528706130145331299e-02 -8.400670990580745567e-02 -2.875381291707800324e-01 -9.829397131595128678e-02 7.725296843775060485e-02 2.953888748443696532e-01 -1.937115682681527784e-01 1.790746486111894631e-01 -9.313978361516198068e-02 -1.556497398105495533e-01 -4.228669608369042821e-01 -2.450290110797077037e-01 -3.228612312809256424e-01 -2.918154494560403212e-01 -1.361614304809457832e-01 -1.767807577704424149e-01 1.711155413442867756e-01 6.900026407925969885e-01 5.282447793099562805e-01 4.038649237374200562e-01 4.917260708516424939e-01 4.355017601158756024e-01 7.718883803367333485e-01 6.221451740488050941e-01 1.637569989798179082e-01 2.854250210353014017e-02 -2.122070528336323092e-01 2.275332814512120716e-01 1.181540289963210061e-01 2.912704551671198572e-01 3.539025435675400844e-01 4.870373151148816443e-02 1.899909386867978389e-01 4.712407607204194826e-01 1.166476470090518358e-01 4.936212642911249060e-01 1.958193502889475357e-01 2.619601718002475543e-01 3.250434754996651965e-02 4.097434820240674624e-01 2.129260940265125801e-01 1.147560173222668400e-01 3.288580731584885702e-02 8.722279297203755499e-02 1.942943809907265451e-01 -2.685990094450706467e-01 -1.145756279418130713e-01 -1.633987060090808519e-01 -4.467569822788023948e-01 -1.888754046248881380e-01 -1.016867824908109091e-01 -2.366392464556133501e-01 -1.888967739274007573e-01 -1.622681531466405036e-01 6.725516423673769638e-03 1.807130916839710111e-01 -3.037503320588577638e-01 -1.109309570339036405e-02 -1.718521832854819076e-02 -6.370895509142510127e-02 -1.214284160580462180e-01 -2.634665823172981369e-01 -3.585391594593846376e-01 -3.008342214017395988e-01 -6.627842348151360974e-02 -1.540018912103966187e-01
-1.588956142933082016e-01 7.075170008137970923e-02 3.352792865002701683e-01 1.102180173587965911e-01 -1.372102128832185242e-02 3.666063019827711100e-01 6.209103558551115620e-01 6.024648872623696860e-01 1.000000000000000000e+00 4.568879351326646243e-01 3.154997213642034004e-01 3.922424121463706781e-01 -1.104543640610367861e-01 -1.151854920951251443e-01 -1.154566972535540914e-01 1.931220820225204582e-01 9.387437322616586088e-02 2.125727907139180473e-01 -4.376516121791297620e-02 -2.961502551867921385e-02 8.187318599470987113e-02 -6.725581237881812779e-02 -3.356685854674893998e-01 4.458457073951159477e-02 2.193915045145585219e-01 1.827059528794107435e-01 -3.346977701582165565e-01 -2.887273733767846927e-03 -1.279042791137502133e-01 -1.404259581867239592e-01 -7.180553120523089361e-02 -1.417647214427470714e-01 -1.094935621292120360e-02 1.322283517144061740e-02 -1.293615657171294786e-01 1.883816174039417701e-01 -7.468209629021921314e-02 2.949733215590965782e-02 2.303886395022123057e-01 1.983198858608026804e-01 -7.080815194075303076e-02 1.589334448309412950e-01 4.805498627626857838e-02 -3.060592874385758763e-02 -3.512182162349476444e-01 -2.378043443518713662e-01 -2.513717039573227230e-01 -2.159616573061766409e-01 2.277196991721775962e-02 -3.548628761813190508e-02 5.467260942484882674e-02 4.433539304497780553e-01 4.177959990541944557e-01 2.476412751019343161e-01 3.560377923413548529e-01 5.827401550463779945e-01 5.314005249785895835e-01 5.747161985077798851e-01 1.753210975802017291e-01 6.233812000553976690e-02 -3.224906803751699802e-01 1.707802945643639159e-01 -2.474323188123454462e-02 1.351342956261796235e-01 1.614691784649802120e-01 -1.164642135705081100e-01 2.174750152287258098e-01 1.774176045103491861e-01 -3.245936535959108304e-02 2.693358211750914166e-01 5.161753401017846188e-02 1.608544307968740317e-01 -1.483124787820825075e-01 3.480845049209279063e-01 1.334650193625359083e-01 1.863048746720174231e-01 -8.933466502685437349e-02 -6.005456246397297693e-03 2.440840520262498869e-01 -1.548867415155877891e-01 -2.128732527364392280e-01 -3.894108192103675620e-02 -3.874080923289945910e-01 -8.555040901495332417e-02 -2.490552392680595029e-01 -2.318030871135740856e-01 -1.149393268988307543e-01 -6.254168962790150610e-02 1.127807467806142272e-01 1.636250188363317926e-01 -7.417128607978749899e-02 -5.837956392287901169e-02 1.544962664222119253e-01 1.035547870852392555e-01 -9.545593005861935376e-02 -7.529190085809024657e-02 -3.371016400024734461e-01 -2.777758696515087444e-01 1.193222740315737496e-01 -1.692649116427316289e-02
-1.946648916241184857e-01 -1.057223893036225298e-01 2.159355059366271923e-01 6.249717377212952833e-03 -2.188491856388125323e-01 6.071454154955915894e-02 5.034917658353333936e-01 4.037461774197491637e-01 4.568879351326646243e-01 1.000000000000000000e+00 6.391733910996840740e-01 7.250190703682445337e-01 5.412774594496964908e-02 -2.034035485140104071e-01 -1.510446234950444389e-01 1.148012748098914126e-01 9.172419743662912905e-02 3.156503280341045603e-02 -2.124806394869856174e-01 -1.355666772732523340e-01 1.316062754771728932e-02 -1.875329981440075709e-04 -3.852934041855684555e-01 3.877919841733153961e-01 5.096832575941071530e-01 4.417339185655012601e-01 -2.107096216377485343e-01 2.761482590394799264e-01 -1.297749649240644843e-01 -1.006697173519377660e-02 -9.393260774017880843e-02 1.018607055594892979e-01 1.424795808427349944e-02 -1.695555197498060940e-02 1.451784778881886617e-01 -1.798151313040417254e-01 -2.713705188302816818e-01 -7.407278681700924655e-03 -1.402186810349376894e-02 4.930412405098236750e-01 -2.881383421527743405e-01 2.990324851533018857e-01 3.371191805499906269e-01 -1.164772146703564604e-01 -1.835724145396067930e-01 -4.057990292710861868e-01 -3.944405112879113551e-01 -4.279018550081389871e-01 -3.494931588864020888e-01 -4.153544213290071285e-01 -6.254933155497319208e-02 2.068950388477276414e-01 3.104945256825904498e-01 1.317130159703209236e-01 1.670986172581179208e-01 2.204475245663673477e-01 3.910346398987903371e-01 4.389447151952873827e-01 5.811875823617234094e-01 3.395493337782313215e-01 -3.209336770822385221e-01 2.840060279345330563e-01 6.482516997803142167e-02 -4.857719249553699159e-02 1.950567285721803990e-01 -1.842556768984131288e-01 3.095767453164198768e-01 1.031071289010630776e-01 1.603839889645026773e-01 1.365094364048301256e-01 3.657307475134887603e-02 2.634303216055405295e-01 -1.583575426786804907e-01 6.442414509310711024e-01 4.906320194606733631e-01 5.518524751674982465e-01 5.774931175679408335e-02 1.242023375361658855e-01 2.583332306005685641e-01 -4.612607786169472396e-02 3.321414984796737524e-02 -1.092430088452261971e-01 -6.963035773184025889e-02 2.002987585857002317e-01 9.060287459242806485e-02 -1.999179449626665717e-01 -1.787304124313001674e-01 1.619573650625975303e-01 -1.314854946575916284e-01 2.641886082328600005e-01 -1.822133755375524855e-01 -8.373114358291504356e-02 1.354111224257155133e-01 2.691359654454684169e-01 2.768656539935556160e-01 -1.839228751331789882e-02 -4.420098557524444471e-01 -4.449070092063275861e-01 -1.655298812137090125e-01 -3.336915081474866596e-01
-1.669754708065091242e-01 -1.095130384403761314e-01 2.549993240800307870e-01 4.158903238539177899e-02 -2.377230899934252017e-01 1.300784429281424785e-02 2.911137244421621584e-01 2.886561542049575491e-01 3.154997213642034004e-01 6.391733910996840740e-01 1.000000000000000000e+00 7.013964217086282593e-01 3.095160019443096155e-01 -1.803951177488816865e-03 1.484011580465034175e-01 4.084662400763689610e-02 1.896828910808616431e-01 7.877045999919118913e-02 -6.468694498258467651e-02 -1.772729801825709550e-01 1.096159705285442432e-01 -1.176506175204324184e-01 -2.587156747182631222e-01 5.524966560896336087e-01 5.710994979834285168e-01 6.025265317389909558e-01 -1.087369530507298621e-01 3.117614714776669183e-01 9.067279929540879302e-02 2.660325190444205457e-01 -7.138345858023387169e-02 1.458004330082921796e-01 -1.357138017149609188e-01 -8.253785060950868295e-04 8.937952749095659510e-02 -2.460988654274516851e-01 -2.324771989033778408e-01 -1.491457964003649883e-01 -2.149603877599255419e-01 5.054549992250657597e-01 -4.290652651969695808e-01 2.847484143564403269e-01 3.528367123248475901e-01 -2.824839618068381575e-01 -6.272603937556564535e-02 -5.062775778293694406e-01 -4.321845225437145888e-01 -5.588674863931486492e-01 -4.180464406235446795e-01 -5.014461121146360778e-01 -1.368073319827390333e-01 1.463680468362469345e-01 2.243073172279378413e-01 7.001122806932714993e-02 -2.762902789091455438e-02 1.703330543049629553e-01 3.458533709086898389e-01 4.076933917069923696e-01 6.531876993493155314e-01 5.674606172719613983e-01 7.356648407030754941e-03 4.102847648611654408e-01 2.850547016277613088e-01 7.479581162261298918e-03 2.865657542983127137e-01 1.394276914182322469e-01 1.464827469097520762e-01 1.566138941730842449e-01 2.849337670992510008e-01 1.044542502387498795e-01 1.485115606628600871e-01 3.575033882453605427e-01 6.126131324132245981e-02 5.758558657422249150e-01 6.372562107020390831e-01 6.799201337761010544e-01 3.334222599928731157e-01 3.847541691325770397e-01 2.116538005845390868e-01 1.110621585775363289e-02 2.197574521536736214e-01 -2.764172179188891798e-01 7.263061883954456677e-02 2.024709912349456353e-01 2.565452427499803623e-01 -2.518537939589156616e-01 -1.242318242474811374e-01 1.594313409560849104e-01 -2.033538558564151333e-01 7.895112175968634072e-02 -2.464424468892560949e-01 8.704303695761514414e-02 -4.311681097780201144e-02 3.704569530050349502e-01 4.134655114308825596e-01 -1.475776632840743452e-01 -4.991365070215155186e-01 -5.333567121007121159e-01 -2.836075552798180133e-01 -4.354728451500071151e-01
-1.265957338347344641e-01 -2.036961677238895985e-01 1.872859841107958057e-01 -9.104070110897122259e-02 -4.106169200997353830e-01 4.382652558452900145e-03 4.522793600263561586e-01 3.817573847294518097e-01 3.922424121463706781e-01 7.250190703682445337e-01 7.013964217086282593e-01 1.000000000000000000e+00 3.770569058957092823e-01 -7.081354489325211721e-02 -1.270068499093661256e-02 7.057598941441876883e-02 3.020878405796012522e-01 1.660884364960975856e-01 -8.889837959252464006e-02 -3.411043899432557591e-01 3.905557584199623872e-02 3.467420072142338161e-02 -2.789824740700678207e-01 6.474422513636162169e-01 4.936615197977882730e-01 7.046991113423938247e-01 -8.503796738759662049e-03 4.155207650155455235e-01 -7.389987268788472674e-02 4.387606169300742320e-01 -6.945383785568043367e-02 1.063731274249459305e-02 -6.350606217788330732e-02 2.109822718568481192e-02 2.677661069592932042e-01 -2.731970343191817419e-01 -4.083456230320566815e-01 -2.604293669876685535e-01 -2.027035968881920336e-01 6.159055525472733050e-01 -4.931142878611712854e-01 4.042297554375266500e-01 5.286008586030497280e-01 -3.057172052604094081e-01 -2.065402712043849093e-02 -5.125618111344720784e-01 -4.511838918819165434e-01 -5.476985313114886011e-01 -4.515387736075059388e-01 -5.929477578162647422e-01 -8.282724826712666022e-02 2.210913333767522138e-01 2.730855335323063016e-01 4.268407294556993137e-02 1.093484857645170699e-01 9.243993831878950795e-02 4.362774675718978368e-01 5.258743874271984975e-01 5.086594971118609809e-01 4.886966913719315020e-01 -9.861570761589352752e-02 5.564532273139312091e-01 3.525360778696438047e-01 -7.853422525765629825e-02 2.603355790306561834e-01 -1.106008738569297552e-02 1.280246920043069669e-01 2.345474640880063077e-01 2.781894314720472217e-01 1.596061211871109553e-01 1.236304689732084690e-02 5.019488607072440933e-01 1.111685308711704914e-02 7.560553338704522064e-01 7.216450890040682076e-01 7.114265728629366459e-01 1.272216938937457686e-01 5.437621151956916199e-01 1.775028440647334060e-01 -1.804038548539080855e-01 1.662704079040203953e-01 -2.781117989580944028e-01 1.091125310689605443e-01 2.725605525323529510e-01 4.004563001395649580e-01 -2.172326550640716614e-01 -2.769487715677084183e-01 2.160706984899488925e-01 -2.671682864564045579e-01 1.959847083575478044e-01 -3.369239535012738540e-01 -6.220418534794590337e-02 -2.863596683691967126e-02 2.559756134790578397e-01 4.618508605223241581e-01 -2.226403677140261494e-01 -5.626038204767480622e-01 -5.827778809694666995e-01 -3.524730928151195708e-01 -5.214048291000367152e-01
-1.472538049012388347e-03 -1.682295285072201441e-01 5.143330667253250693e-02 -2.275257482905627682e-01 -3.389536867774338158e-01 8.596625599744743551e-02 -1.151729507870628832e-01 -4.844089239733510854e-02 -1.104543640610367861e-01 5.412774594496964908e-02 3.095160019443096155e-01 3.770569058957092823e-01 1.000000000000000000e+00 4.901255498610494477e-01 3.513987348377497488e-01 -2.432021118996016348e-02 5.148496853174452381e-01 2.011979179007500618e-01 3.028765835039808896e-01 -1.663428797471757370e-01 3.023337088870773348e-01 1.372988452270074988e-01 2.980149980675931842e-01 5.240667879228387838e-01 3.495567433189690210e-01 6.008636052656947113e-01 2.166295097300391381e-01 3.304224584418664623e-01 2.690708192383676756e-01 5.610097881444734425e-01 -2.414093541974458301e-01 1.216794989885778763e-02 -2.051691305671035637e-01 1.980018116526794381e-01 2.367853685671435504e-01 -3.408864248618195258e-01 -1.249168915687700193e-01 -2.049653574897779273e-01 -3.901459681485163200e-01 5.136150365851994692e-01 -3.580985213669613532e-01 1.160060240246690716e-01 2.391665560228411480e-01 -4.336729813928274502e-01 1.587476806937488383e-01 -3.943618423360444880e-01 -1.248306731933594149e-01 -4.026490613634125526e-01 -3.887715153155641423e-01 -4.218149017303142179e-01 -1.538831114375680820e-01 -5.336005890765715270e-02 -1.210909139838860227e-01 -2.705315183904753451e-01 -6.637227230869446881e-02 -8.075524332025310614e-02 -4.539646985971348275e-02 8.719379689750414442e-02 2.769832237656822405e-01 4.690959026264272524e-01 4.658798077974047880e-01 7.439040985593164956e-01 7.844287322172961430e-01 2.113892006622269670e-01 3.415620375274326936e-01 3.654525200761354897e-01 -1.362738631748023899e-01 3.497748507627519432e-01 4.245268513951688250e-01 1.122299284787547924e-01 2.187405258592559909e-01 4.229705292238204462e-01 3.728032469305760377e-01 2.897254934289928419e-01 5.329855306268622694e-01 4.356894746342803160e-01 4.037319708245104555e-01 6.135644365421129010e-01 -2.921518186770376557e-01 -1.229821891774884046e-01 4.432200897386141536e-01 -2.178180077598861064e-01 2.364684844614012571e-01 1.553286509175432206e-01 5.320087021495423230e-01 5.451049003483769695e-02 -5.485132721212838264e-02 1.816500794623250870e-01 -2.640816827863094463e-01 -1.063497950928054686e-01 -4.048795845348612810e-01 5.169357131134023203e-02 -2.316758561260259253e-01 1.116745508902567546e-01 4.767515630344242306e-01 -3.603758507393307053e-01 -2.902788666274800367e-01 -3.492574742856172088e-01 -4.402306907814711456e-01 -4.355446658615906852e-01
-1.181831596378842735e-03 -6.931628431579957283e-02 7.413148662040619855e-03 -2.243103061927839981e-01 -1.948145665468013488e-01 1.268176141059362272e-01 -1.338844795423312639e-01 7.407073240250294788e-02 -1.151854920951251443e-01 -2.034035485140104071e-01 -1.803951177488816865e-03 -7.081354489325211721e-02 4.901255498610494477e-01 1.000000000000000000e+00 5.555497420863634295e-01 1.867153987164766119e-02 6.427402722179254013e-01 5.011729401801250372e-01 6.882249730678933197e-01 2.098858532847856784e-01 6.864638776884665061e-01 1.054957314981217198e-01 5.941761341612100678e-01 1.068097691019213036e-01 8.729115640956977562e-02 1.642924057344551936e-01 2.742323239481811448e-01 -1.558720637823552552e-02 4.883025523783139366e-01 7.791972056365059629e-02 -3.170719569798990944e-01 -3.623468421510852022e-01 -3.378665439283773941e-01 3.675307293275599241e-01 4.866383424854866385e-02 -1.534911379773158391e-01 1.260130608594058066e-01 -2.224862142187236380e-01 -1.238886107524326680e-01 1.890535068883692493e-01 -3.655262774671722004e-02 4.669698115677387018e-02 -2.750833604383433051e-01 -3.683966221283720421e-01 -3.125739321735832021e-02 -1.096033110643887115e-01 2.810590716574319359e-01 -2.716196667321504193e-02 -9.047544641225620243e-02 -7.705096841403842253e-03 -3.593978729263146155e-02 1.071489997461951421e-01 -1.174727475067278842e-01 -1.900224986662710502e-01 4.246522261460662639e-02 -3.302708011245571174e-02 2.260160047640651440e-02 -1.053058149233136211e-02 1.032032814995391401e-01 7.908599473611653552e-02 5.010322439147953943e-01 3.310623793385430447e-01 6.063301968703308509e-01 6.582194153456781827e-01 5.828915887657998285e-01 5.388006698472147527e-01 2.544996619562198310e-03 5.010001242651427322e-01 4.521875632755625873e-01 4.433763235441439687e-01 5.849716133414228914e-01 2.899604024107945710e-01 4.582802704460279819e-01 -1.118332329926175345e-01 1.356258665668519103e-01 -6.568847932473195761e-02 4.472859004794510485e-01 2.366997344616233179e-01 -3.759289524988658759e-01 -3.434513561047192187e-01 3.239133738633966364e-01 7.193688436312536960e-02 -1.220550813902524512e-01 9.093531322755510349e-02 1.789040070100184343e-01 2.254618770969254171e-01 2.030490360811751660e-01 -8.978723296161178480e-02 8.210480769794087363e-02 -3.938256998440414075e-02 -4.033765849947520410e-01 1.693273119018388895e-01 -2.519236135351501926e-01 -2.047696294175903042e-01 7.499337818292997615e-02 -4.056568709672573325e-01 -4.079948810192653846e-02 3.476852162791029682e-02 -1.342865446834739518e-01 -5.519210678128886466e-02
-4.467361983338966752e-02 6.661181178116722112e-02 5.990504743099617918e-02 -7.890602103034033421e-02 -1.753910972760639453e-01 3.618810018309617793e-02 -1.716352355235711835e-01 1.553486699302380515e-02 -1.154566972535540914e-01 -1.510446234950444389e-01 1.484011580465034175e-01 -1.270068499093661256e-02 3.513987348377497488e-01 5.555497420863634295e-01 1.000000000000000000e+00 8.543043065786203039e-02 3.171300835168416876e-01 3.628127452637818218e-01 3.662962837419759810e-01 3.829338087943079394e-01 5.714263444179762397e-01 -1.798246909863947529e-01 4.184035127118271857e-01 2.819807054119152778e-01 1.969226799624864688e-01 2.762744863798421990e-01 2.190136290383147000e-01 7.725523539264299300e-02 5.774690944455664887e-01 1.945205701064573744e-01 -2.458318963446732286e-01 -2.304916543740580248e-01 -3.583007927244012958e-01 1.935223861408477686e-01 -1.687544130987285174e-01 -6.997899260184294035e-02 2.111628143758136622e-01 -2.518072604506893519e-01 -2.036371777167363117e-01 2.273341547028293330e-01 -1.198014286474610585e-01 -1.042849242622121038e-02 -2.980438453168842705e-01 -4.354643921480172986e-01 -3.792476980759820065e-02 -2.593129906027888398e-01 -8.576112171215866456e-04 -2.059808130678716376e-01 -1.618543176977964571e-01 -7.019662706301457722e-02 -6.868966148197554189e-02 5.792697895966332500e-02 1.096324636887045616e-02 -1.922944242234358725e-01 -2.073034060374256138e-01 -3.314922299865440819e-02 8.768854716380516945e-03 -4.554735385983763735e-02 1.590626700791381853e-01 2.436342575082682815e-01 5.213941699804169883e-01 1.568505875084081902e-01 4.246673982721818619e-01 4.099969355697897222e-01 4.608829919246438811e-01 7.965001114179295350e-01 1.552606231466335251e-01 2.305988829317871802e-01 4.587282485767165130e-01 2.702947986003740866e-01 6.519960030381724003e-01 1.328067237185820426e-01 5.247093747499210759e-01 -7.387398509027372218e-02 3.035870360764742482e-01 1.173921893819173390e-01 6.803854423366612059e-01 3.388489065185008586e-01 -7.671552585144515712e-02 -1.473426687755418907e-01 4.418143817599883283e-01 -6.839772329124942096e-02 -8.178980364358365285e-02 -1.317255758533509256e-02 2.659918137982585362e-01 1.201569870400165940e-01 3.280300464162694829e-01 -2.785080055869831525e-02 8.660214134145817477e-02 -6.042110213935650981e-02 -3.623910691294405240e-01 2.952806514849913230e-02 -2.651102464481639442e-01 -5.750914486726241281e-02 1.362125673583899355e-01 -4.424389615866807235e-01 -1.428953508373822234e-01 -8.601754131886545085e-02 -1.958186279503510707e-01 -1.164143128627317253e-01
