1.000000000000000000e+00 3.175686314770119201e-01 3.689630434628689004e-01 4.065374604856659690e-01 1.604204002861106260e-01 2.125981157711754888e-01 2.331500000494680092e-01 3.166994667019245591e-01 1.696510458100480567e-01 2.178681303058618290e-01 3.616109964759720574e-01 2.351381976866640522e-01 3.038783521000417700e-04 6.917346656986342324e-02 -4.880002662573556388e-02 4.251820798335191331e-01 -2.852273535384074465e-01 1.298673416598553898e-01 1.325854767495504918e-02 -2.894906339536970630e-01 -1.620346927516282953e-01 -3.457324838801972833e-01 -1.076311303528068586e-01 -2.436925861281771799e-01 2.022378877142251841e-01 -1.333559094667521872e-02 -3.193994051173290050e-01 -3.093807522679896116e-01 -2.131312852041241934e-01 -1.441969822707676041e-01 1.596757044855854069e-01 3.245174739637324279e-01 1.245622573402835470e-01 -2.621084846791943423e-01 -4.043583160037912960e-01 -1.117371879482730451e-01 -6.327643402137569928e-02 1.720439413388808458e-01 -2.109244120889334812e-04 -6.225920560750379529e-02 -3.556625585577061766e-01 2.051432615204513421e-01 -2.219630681567854591e-01 4.648486235646875214e-02 -1.786628069332652502e-01 -8.253157012841239037e-02 -1.806388763322532287e-01 -3.479431524355865446e-01 3.039822766729058379e-01 -1.218020759857389307e-01 6.279289530366543026e-01 2.814641171497312966e-01 2.132962489368726844e-02 3.362389382677983818e-01 3.065079547790062198e-01 3.013402008283372346e-01 1.213430719833855365e-01 1.843516486248236164e-01 2.891624421101545717e-01 1.969382403230647283e-01 -4.958057997607987627e-02 2.249762531613567207e-01 7.952719412828629375e-02 1.891962525495474445e-01 -3.519271663779183906e-02 -1.425076069257976974e-01 -1.221768646307661993e-01 2.033843483854999301e-01 -7.853296294162104285e-02 1.040670733265709053e-02 -4.601502152595832174e-02 -2.609868434199337783e-01 -4.428076200341372892e-02 -1.885103671019316626e-02 -7.657061530500310076e-02 3.777489331059623312e-02 -2.042695992545483508e-01 -1.962059201356075311e-01 -1.580031190133631691e-01 2.919532166032239862e-01 -2.505566315578741654e-01 -2.552898338830295044e-01 -3.091457641796602207e-01 -3.573979318091766166e-01 -4.003861529659138441e-01 -3.563789007660806973e-01 -9.406278299313627911e-02 -1.337525953353113084e-01 -2.002597063954651424e-01 -2.851579006522695359e-01 1.921275744966502788e-02 7.854623941297751710e-02 6.775134940666367733e-02 9.790456187031708335e-02 -2.023498609669058534e-01 -3.206874481334814203e-02 -1.649196980175506866e-01 -6.041735197782936023e-02 2.400412494364678462e-01 -1.279327414219798009e-01
3.175686314770119201e-01 1.000000000000000000e+00 7.286175518071705826e-01 7.184950609245561726e-01 3.634362834020501976e-01 5.822417060084721374e-01 3.939243091021937815e-01 6.725330486862901580e-01 6.337702401144784670e-01 4.837311346133144063e-01 2.204792437252182657e-01 4.330611985742529035e-01 3.978315218649242091e-01 1.292183005203464408e-01 -3.296472968505380352e-02 6.385510341633477971e-01 6.905573412489478258e-02 -3.152519080076484487e-02 2.832723151960898078e-01 -3.817352502299505290e-01 -2.319860913418105887e-03 -2.873111916547186895e-01 -4.756042945362091157e-01 -1.086014935603384496e-01 3.130025137947692881e-01 -7.609193013921272675e-02 -5.291592346419402570e-01 -1.937696173881752193e-01 -3.085930760232238890e-01 -1.682553321889725395e-01 3.100430120688186242e-01 1.686515545106175573e-01 1.211768859617619876e-01 -1.858040988171453523e-01 -4.173994814901491046e-01 -1.281642102185836241e-01 -1.681747808127041222e-01 1.270739960306196403e-01 5.178059249126630570e-02 4.581960346709521015e-02 -3.835245494990833781e-01 2.003021687279086804e-01 -1.583984049420021911e-01 -2.658365055855859554e-02 1.037376888080223519e-01 -3.811738015168683602e-01 -5.036736237464300991e-01 -4.590193262308890354e-01 1.906657302368267026e-01 -1.120767486054853462e-01 4.453894971662480939e-01 7.607199592640496721e-01 2.390460151077772877e-01 6.976758017184465643e-01 6.435243928192327934e-01 6.537229701378644009e-01 1.093937342119629536e-01 6.148000213797111257e-01 4.399461669269821851e-01 1.535427920697811921e-01 1.696244448451569575e-01 4.797861656298413324e-01 7.040523315145949534e-02 3.533044974812206140e-01 2.212120115788192010e-01 -1.121988305969153499e-01 -3.756605949342558537e-01 4.761089340336423503e-01 3.504191703949568332e-02 9.434806961409016035e-02 -1.829236651750381082e-01 -3.128451250628423996e-01 -3.568266106338235932e-01 1.660650035127148594e-01 6.897164323197391492e-03 1.718858399192533526e-01 -2.446817172905007831e-01 -3.738368798172045371e-01 -1.235526305619162046e-01 1.679352784708349478e-01 -3.786973404252068631e-01 -4.397197635339548660e-01 -1.161728464994025989e-01 -1.222113254403912053e-01 -3.442538056556850301e-01 -5.064200921146512213e-01 -2.232155896801427120e-01 -3.962498194329769907e-01 -3.125017227601488146e-01 -3.741023356350802187e-01 -5.470745491531441712e-02 2.638458936785134101e-01 3.682070051938240440e-01 -1.177784780623889471e-01 -2.306399008031653763e-01 -7.506695359748594143e-02 -3.103859569121753537e-01 -3.392972798608491769e-01 9.910651802218345408e-02 -2.049934929985631482e-01
3.689630434628689004e-01 7.286175518071705826e-01 1.000000000000000000e+00 6.027563095751395927e-01 4.810623867330591774e-01 6.049100385694973214e-01 2.972630003672265819e-01 6.917633933139405444e-01 6.788168162937474603e-01 3.326970004720423701e-01 1.657015830900232523e-01 2.561319720514972920e-01 4.304639428546103153e-01 3.452285582513995310e-01 1.723909389339048359e-01 5.273072107294985988e-01 7.987738357475726581e-02 9.165556727751474064e-02 3.262914121325631855e-01 -3.043162174637705775e-01 1.036380775370938090e-01 -2.891235117566561819e-01 -3.250944308856611453e-01 -1.840628370779429368e-01 1.226888872929268876e-01 -5.599157265877410111e-02 -3.722886541713545938e-01 -2.803472408454739107e-01 -2.416131814744326978e-01 -7.578359738420156755e-02 1.341912794416181831e-01 3.596472335088742728e-02 7.623689044547304894e-02 -8.891252312710856698e-02 -3.915145552450821631e-01 -8.716702780597712641e-02 -1.452864303415960512e-01 6.241205585099093150e-02 -4.180320516334996156e-02 6.079186912274919807e-02 -3.703712761836633893e-01 5.224515801778065183e-02 -1.933411428298782708e-01 -8.165859705518821454e-02 2.560233405670018364e-02 -3.036498858679883561e-01 -3.881705317496509378e-01 -3.796873070713825404e-01 1.290411907460036200e-01 -1.260614638100836793e-01 4.181730602830304178e-01 6.552115060683930681e-01 1.481995429809911669e-01 5.287180982623193026e-01 7.122498571968174375e-01 6.892388734136953854e-01 1.231570422735142334e-01 6.859467149234532712e-01 2.228854186284706940e-01 1.740090436838350463e-01 2.890757799501095238e-01 4.989267834540485613e-01 2.859298310213988503e-01 4.527514699995963121e-01 3.351607730816319464e-01 3.124548167867461507e-02 -3.561578190370480179e-01 5.053848210250151407e-01 1.006359782863223834e-01 1.537062863372519184e-01 -7.353865168642645389e-02 -2.268333116097292212e-01 -2.418282383807726088e-01 1.669450287052325899e-01 -2.505817050057008652e-02 1.048257172555601413e-01 -2.363813545500282609e-01 -2.350208151769104525e-01 -9.045865808387947016e-02 8.539947161202100789e-02 -2.598201938224583007e-01 -3.681584539655644583e-01 -1.535744433105321050e-01 -1.851401908440247213e-01 -2.122762283619474277e-01 -3.561204155692677675e-01 -1.319064908069301489e-01 -3.556440200942094232e-01 -2.154766062025419981e-01 -2.947830822318579513e-01 -9.285074105906349073e-02 -3.707374933563171993e-02 3.452024655008321119e-01 6.411006879140680736e-02 -2.405084903323816414e-01 -9.902583482888045741e-02 -2.046645621708526319e-01 -1.984586405998013114e-01 6.950936242706268198e-02 -2.022557357905848952e-01
4.065374604856659690e-01 7.184950609245561726e-01 6.027563095751395927e-01 1.000000000000000000e+00 3.341298603578271020e-01 4.726307108712146654e-01 3.832260154466831659e-01 5.951768728124016139e-01 5.581499213532321590e-01 4.594993641364918391e-01 3.358550299949046303e-01 4.857488875803165906e-01 2.500816087230813278e-01 1.586572388218485674e-01 -1.082005903985969013e-03 5.975054146964198232e-01 2.459991887818272979e-02 -1.264967104201218384e-01 1.990300037966944990e-01 -3.783010813348852697e-01 -3.864282987940640540e-02 -2.078717494006931121e-01 -3.921753318184066361e-01 -8.960160651110012087e-02 3.416078458494979375e-01 3.407071202946074934e-02 -4.107005058325253755e-01 -1.282369379963619604e-01 -3.065168376956457497e-01 -1.342390245468158272e-01 1.484434855241963114e-01 2.049125103503540712e-01 3.401904270674204755e-01 -2.218813316914899081e-01 -3.408555642519657813e-01 -1.807885859892342448e-02 -7.675923696307383748e-02 2.249925292738485794e-01 1.730000330458239255e-01 5.381792778001981414e-02 -4.129172579002581833e-01 1.633636647966324740e-01 -1.687411553102348694e-01 -1.052933324534203879e-01 -7.223085578299906495e-02 -3.102066373901440910e-01 -4.784066418643396768e-01 -4.745175696176913704e-01 1.663134813595508466e-01 -2.073464855618242508e-01 4.093446373524843307e-01 5.816728473368379948e-01 1.367948297820114623e-01 6.555363484450885680e-01 5.571257827582268840e-01 5.383100528487740899e-01 1.120738072397936720e-02 4.556508574040020187e-01 4.319954323443896960e-01 3.754119774020770461e-01 6.320580538189525532e-02 3.207172671555940102e-01 1.096485791941921584e-01 3.034882802757741804e-01 2.301210023981197228e-01 -1.280074886910629872e-01 -4.106138738220327378e-01 4.114968776090585090e-01 1.358478617516683563e-02 -1.005272693538699635e-01 -2.094872447159105977e-01 -2.595696944523337435e-01 -3.440471528234091414e-01 2.419315977860860278e-01 1.803723972935087350e-01 2.494876580138827016e-01 -1.794417457864793120e-01 -2.933554245827525997e-01 -7.706283898189443538e-02 2.498695500669969594e-01 -2.673862134433235282e-01 -4.165443614202697931e-01 -2.138398877887812966e-01 -1.880480497036410570e-01 -2.915299325635180017e-01 -4.873606577230101267e-01 -1.347113423813110500e-01 -3.586577414597580393e-01 -3.438083585680262177e-01 -2.721083010488384857e-01 -1.585150670998045352e-01 2.368340888114163212e-01 2.321667075487590937e-01 -1.400238710994895219e-01 -1.328063989027558900e-01 -2.464248227816779602e-01 -4.149658382404704526e-01 -3.520486293880386586e-01 1.324153688568185765e-02 -3.057509820879182882e-01
1.604204002861106260e-01 3.634362834020501976e-01 4.810623867330591774e-01 3.341298603578271020e-01 1.000000000000000000e+00 3.264722250756996180e-01 1.479408811438842619e-02 2.934360248624514611e-01 3.887335070873424447e-01 6.664928025967974123e-02 2.378671642496463928e-02 -2.687969460378266534e-02 1.619561159465156275e-01 3.067239677182473367e-01 1.886174874084101949e-01 1.809473139737497738e-01 -1.525578944011148907e-01 1.422093834572397686e-01 1.809221668409717876e-01 -2.143902511013406620e-01 7.465490305330603482e-02 -8.423614764242652597e-02 -5.269779937542914960e-02 -1.455796697084116020e-01 1.183144988857835062e-02 6.089804501707361817e-02 -6.550843564558281318e-02 -2.621724655341257093e-01 -8.141965425554688329e-02 5.507278547166540722e-02 3.353921414956850117e-02 -5.760158157251425888e-03 -1.279862166600495565e-01 -8.684811890008244106e-02 -2.178583721560639272e-02 3.070518424636490065e-02 9.956736170397703645e-03 -3.886296061326988127e-02 -1.443738914214577618e-01 -1.474981654423356825e-01 -1.517217556238741327e-01 -2.204921065489029788e-02 -6.380009157463346903e-02 -4.749422998317891914e-02 -7.611039770316453679e-02 -1.330367054737087718e-01 9.090837171518912838e-03 -5.568629573579482461e-02 1.784475662609456142e-02 -1.772759201668377971e-02 1.617413965608373028e-01 1.872912028184996747e-01 3.195518557412588972e-02 4.186576485215054433e-01 5.040804321833157742e-01 3.148253891286850181e-01 -1.072617593187815896e-02 3.316936194584894082e-01 2.247164215899261075e-02 -6.308499469410180915e-02 2.795777744561675493e-01 2.313378507316048160e-01 2.384981236224711088e-01 2.736252880301028867e-01 1.273759947972343542e-01 4.878257224385629948e-02 -2.220096255446123712e-01 2.026902389801481241e-01 5.110018000597828236e-02 5.926826420557545355e-02 -2.257465397822223246e-02 4.114131479767366151e-02 -4.059776361310122629e-03 -1.151324862414834227e-01 4.491076354320856084e-02 2.710664491200661178e-02 -1.867737579499497980e-01 3.020683413342599086e-02 -1.255311270935353107e-01 -7.286942912469329681e-02 -2.806285436862592311e-02 -9.322216690839749131e-02 -1.399911318392901283e-01 2.567238682887762469e-02 -9.297240672666521460e-03 -5.958078829898380557e-02 1.155549288497057514e-01 -1.607705252250933858e-01 -6.328013626728060115e-02 -4.641135921593401298e-02 -8.884013315015272527e-02 -2.149513470724169484e-01 1.663069438000415803e-02 1.461812532118526853e-01 1.025515568899659433e-02 -1.913978961171164395e-01 -1.177327409153276633e-01 -5.331671602716278602e-02 -3.381842287130477909e-02 -5.655525044293366332e-02
2.125981157711754888e-01 5.822417060084721374e-01 6.049100385694973214e-01 4.726307108712146654e-01 3.264722250756996180e-01 1.000000000000000000e+00 1.809033709393343958e-01 5.344178515839793642e-01 6.772331539519469423e-01 3.735304688133215811e-01 7.444700351016254880e-02 2.991804405875558293e-01 4.602878707019473215e-01 2.269521537864968574e-01 9.060512678754742422e-02 2.728582219148261157e-01 1.921535932871655805e-01 -6.508066239942351949e-02 1.838434753628639395e-01 -1.675878567276350983e-01 5.001791151314490674e-02 -1.081819078792627294e-02 -2.144456735689909133e-01 4.373187862321916558e-02 2.917546047681741639e-01 3.696584960889295890e-02 -3.085432537300001332e-01 -9.258526173406557425e-02 -1.397985765946100634e-01 -3.404026998769577733e-02 8.921752391376867874e-02 -9.859586633110628204e-03 -1.205171218447820825e-01 -5.792726678717012578e-02 -2.416942186467620213e-01 -5.671177590821163683e-02 -2.518068323699968469e-01 -1.460990241564386616e-01 -3.560282000933689267e-02 5.517403455959256353e-02 -2.925243909165812228e-01 1.600674779205616960e-01 -8.324593704997813870e-02 -1.683802724361291303e-01 -4.559360943227212803e-02 -3.030757092160947797e-01 -3.254985402518474902e-01 -3.603635067251851898e-01 3.141241986958711596e-01 -2.438354964057159666e-02 3.430251087548978894e-01 5.669837110220057319e-01 5.793205142134864177e-02 4.711031834561262288e-01 7.443723147022830444e-01 7.924621432481923078e-01 2.252246030962199719e-01 6.154055044568182975e-01 4.349273555439011063e-01 9.556377455764866746e-02 2.482843768809678275e-01 4.972314936983766032e-01 2.734706197993225785e-01 3.004525331602602711e-01 1.136542591505261962e-01 1.096223215904424259e-01 -2.800754564468467267e-01 3.378142876700850894e-01 9.531425296852892581e-02 4.895038254319231119e-02 -3.529970849784448000e-02 -1.178329679101128152e-01 -1.544694301848752727e-01 2.087635050657123403e-01 1.012519101141681754e-01 2.391857851259561740e-01 -3.008946827624084733e-02 -6.147939921372372329e-02 -2.584297405219825317e-01 -5.770902658237418194e-03 -2.449810187805965267e-01 -3.537835648661392662e-01 -2.210078204139295510e-01 -1.166462814678750730e-02 -1.763681154088660441e-01 -2.698511090936407397e-01 -2.144916190317374960e-01 -1.859942319425062218e-01 -1.656577996793247576e-01 -2.622784876839023838e-01 -1.910906400635993818e-01 2.102849599301886141e-01 2.759062365683039308e-01 -1.132618306587108575e-01 -2.048927502448111282e-01 -6.902798412566298059e-02 -2.279901553209538190e-01 -2.796740467442593858e-01 3.049892147797917397e-01 -1.085323713780712712e-01
2.331500000494680092e-01 3.939243091021937815e-01 2.972630003672265819e-01 3.832260154466831659e-01 1.479408811438842619e-02 1.809033709393343958e-01 1.000000000000000000e+00 5.038246286210636971e-01 3.757502716986997338e-01 2.680146697518622778e-01 3.570210645267869048e-02 2.257832962053282766e-01 1.601137346023709940e-01 -3.901849463569789095e-02 -1.986179251907477794e-01 5.490840872634840109e-01 2.045804013809570110e-01 1.119986028667116357e-01 2.287458163467964434e-01 3.030161659056661641e-02 5.498766408935692324e-02 -7.012356633731660349e-02 -1.616363808054367968e-01 3.020472822330381307e-02 1.834850402178259399e-01 -2.404061041878103044e-01 -2.537221251692274304e-01 1.997771847536587014e-02 -6.815956404915259059e-02 -2.314769109062319863e-01 2.085460159539440084e-01 7.545724237929758715e-02 3.096472052480950810e-01 9.008636145270131068e-02 -2.610689711379530764e-01 -5.262425388453808445e-02 -3.309909094312654676e-02 2.523436211175701382e-01 1.103959302082600791e-01 2.848688929483408905e-01 -1.100710042817760331e-02 3.431779686514577210e-02 -1.849136882648901303e-01 1.946643278317076453e-01 1.979674679210746968e-01 -9.136362670126332852e-02 -2.835484777127406653e-01 -8.514177787408361286e-02 2.600955403276030142e-01 1.141679483587317856e-01 2.406753967355704793e-01 4.140492463847289528e-01 4.139160820196236545e-01 3.473710501305098952e-01 1.727965436187441639e-01 3.325642219284742906e-01 4.305991947215134785e-01 3.401552908590107505e-01 1.807932968965675347e-01 1.620750156546526821e-01 -1.307457454626704818e-01 1.922703070943142523e-01 -1.408823483091471984e-01 1.326105918789224070e-01 2.056632851650887217e-01 -1.817118083823539842e-01 1.096966715763939698e-01 4.119625007331538247e-01 1.068100185401952562e-01 9.805478422329827470e-02 1.282393616995874674e-01 -3.600472015119030589e-01 -1.177554194755074113e-01 1.640882727758801174e-01 2.031905792508477762e-02 -8.345368445905329557e-02 4.535548699766862174e-02 -4.789232924114126266e-01 -2.501233518642385217e-02 1.197088886127681134e-01 -3.609724292536982682e-01 -3.344348930462254232e-01 -1.212290365928392344e-02 -2.292357319682907790e-01 -2.961762357968061310e-01 -4.297447666992756932e-01 -1.802589878324752926e-01 -3.147251814609768883e-01 6.700735413110767147e-03 -3.159226329852750648e-01 9.207059366708093828e-02 1.781968881697050255e-01 5.779849853962496647e-02 -9.162145270753506432e-02 -3.445229434107076605e-01 -2.710259906687958239e-03 -1.733789021033134425e-01 -2.330133133335769713e-02 2.659391094749286588e-01 4.885271032201646962e-02
3.166994667019245591e-01 6.725330486862901580e-01 6.917633933139405444e-01 5.951768728124016139e-01 2.934360248624514611e-01 5.344178515839793642e-01 5.038246286210636971e-01 1.000000000000000000e+00 7.199622504179737925e-01 4.336947611737293484e-01 9.144901082901456257e-02 2.951796078867111039e-01 3.145913976053217875e-01 1.724377719224260141e-01 4.683457701394890677e-02 5.240915997517495706e-01 1.216871187968451701e-01 9.591241670948476294e-02 2.953286632812419099e-01 -1.546496938121733056e-01 1.614179458669753042e-01 -1.428401897722186842e-01 -2.754278157978404251e-01 -8.851299490740718867e-03 3.089972655619016573e-01 -7.352414345526926687e-02 -3.468620584677409857e-01 -7.021139345510261920e-02 -1.711748762768975918e-01 -2.099105266677030457e-01 7.220868636962347875e-02 -2.883185275266725647e-02 1.804534603669709358e-01 7.739572412844673496e-03 -3.252681592470688665e-01 -3.688369950996691488e-02 -1.350476349430400347e-01 3.802468669513221072e-02 6.737230739443059169e-02 1.365536064121440629e-01 -3.237985804437899517e-01 1.418688845224974626e-01 -1.464586569780025327e-01 -8.111510516702206963e-02 2.260222774459667849e-02 -3.820826067028467721e-01 -4.866081547527112972e-01 -3.779892033299891985e-01 1.046051984517702288e-01 -1.413125095492872851e-01 3.500955092833870630e-01 6.712473426042280256e-01 2.334641713363677373e-01 4.463318880869229233e-01 5.847182512687573164e-01 6.321855884744204124e-01 3.658499396849106966e-01 7.414102071145159956e-01 3.851796130989317835e-01 1.810663291429778499e-01 1.556112677648485432e-01 3.643711822609221329e-01 1.730726417983226295e-01 2.697105812124694912e-01 2.949974447341783268e-01 -2.385296369198270511e-02 -2.492005516904966245e-01 4.800210338097153917e-01 1.734388990455181245e-01 1.823925471076020266e-01 1.734734420422722953e-02 -1.927863741135960596e-01 -1.635518840172216215e-01 3.178673546595762178e-01 9.904492372769009567e-02 2.417725747684907611e-01 -3.715692380952157620e-02 -2.640717819470760896e-01 -8.018859859517361854e-02 -1.652092058278407027e-03 -2.291067892913092874e-01 -3.479552555011651283e-01 -8.596404790386520667e-02 -6.456986803439458689e-02 -1.642130078170108143e-01 -3.355772627690003507e-01 -1.778704790255391799e-01 -2.873701868331181575e-01 -1.126722449603132087e-01 -1.927800512066575600e-01 -1.749395238315609447e-01 1.588500891126909675e-01 2.303855655235246547e-01 -4.820970655618275064e-02 -1.625063157164579331e-01 -1.018949445466119375e-01 -3.312321287513835255e-01 -2.344013221844122585e-01 5.689053186451110272e-02 -1.790513817088532356e-01
1.696510458100480567e-01 6.337702401144784670e-01 6.788168162937474603e-01 5.581499213532321590e-01 3.887335070873424447e-01 6.772331539519469423e-01 3.757502716986997338e-01 7.199622504179737925e-01 1.000000000000000000e+00 2.631478998038146999e-01 1.533007373943530254e-02 2.034276440423157251e-01 4.535328038715996102e-01 2.985819752122805260e-01 1.653340281548235091e-01 3.604086515164176552e-01 1.609007480089491293e-01 -4.502833117613108671e-02 2.432900433825020414e-01 -9.606683012383955556e-02 2.401526390833838009e-01 -1.019935235406803364e-01 -2.432907156969537077e-01 -7.069059036889444557e-03 1.402166855744100826e-01 -8.301083419494349963e-04 -2.732319049653214593e-01 -1.121120526662800071e-01 -9.676957835001319397e-02 -7.725934297224339165e-02 -2.746015031910992513e-02 -1.734876257724984883e-01 4.222987647075451823e-02 -1.937074164723816272e-02 -3.187831209555290757e-01 1.081994135633142784e-01 -5.478692995163557400e-02 -9.868325167006848642e-02 -6.409533867317362965e-02 3.840291472749617074e-02 -2.739363046183030392e-01 -1.044524548810820200e-02 -2.556855958638180604e-01 -1.636568246968060636e-01 -1.015916647818708857e-01 -3.051559624358647915e-01 -4.020252824931938584e-01 -3.195317406540754690e-01 1.653214335432163229e-01 -7.573660833396285430e-02 3.057333346019688869e-01 6.304319055599312271e-01 2.934011830740931304e-01 5.266521078350403506e-01 6.322631576070208981e-01 7.387252602658951339e-01 3.170302080522466315e-01 8.044376517657594317e-01 2.887882917448625353e-01 1.475142675195381115e-01 2.611140250911010985e-01 4.557313235184266009e-01 3.049996513843352686e-01 3.393339019477470964e-01 3.111991699196899330e-01 1.141969057909566626e-01 -2.267768189459143380e-01 4.720885306786005153e-01 2.227554024904831453e-01 1.546879478387959694e-01 6.553552123773163929e-02 -1.339926146912954752e-01 -1.520761341208920203e-01 2.969366870843629380e-01 1.492887292548512879e-01 1.747179189582806491e-01 -4.925709004439580985e-02 -1.177566012214912167e-01 -1.761624372772435942e-01 -1.389054238698364530e-01 -1.782129668723685390e-01 -2.786610312590462324e-01 -2.164233296055995959e-01 -1.880530134288469629e-02 -5.044450414157128360e-02 -2.471241677116989277e-01 -5.869664974133249197e-02 -2.441081640109543371e-01 -4.426738845579447634e-02 -1.336776484360437389e-01 -1.594753228949017387e-01 4.271998091032047640e-02 2.314782514491843246e-01 -3.202438851435712025e-02 -1.918538838120742718e-01 -2.048707490656496988e-01 -1.835939107001603454e-01 -1.708517818147300971e-01 1.043332901939127560e-01 -1.376330346960581708e-01
2.178681303058618290e-01 4.837311346133144063e-01 3.326970004720423701e-01 4.594993641364918391e-01 6.664928025967974123e-02 3.735304688133215811e-01 2.680146697518622778e-01 4.336947611737293484e-01 2.631478998038146999e-01 1.000000000000000000e+00 3.332623610172646411e-01 7.024835519897756342e-01 2.669636980233008883e-01 6.176555337948753249e-02 -6.523414447629387325e-02 4.538919386676945056e-01 8.008845736486885913e-02 -8.945206291853737002e-02 1.112185459628788065e-01 -3.325232954917885508e-01 -1.648914073884450160e-01 -2.997001093673676286e-02 -3.078057547988397036e-01 1.454153795961773965e-01 6.157836016956229619e-01 9.491774841419083064e-02 -3.541295666036069489e-01 6.271593585146649497e-02 -1.889411449955561428e-01 6.187517318593865195e-02 3.419396663310649842e-01 3.165199301190927961e-01 1.444638858797774594e-01 -2.029493418820196571e-01 -2.124500212696854573e-01 -2.036304385524154159e-01 -1.506177570560916779e-01 1.942630146671808500e-01 2.474617743366923361e-01 2.678136248601252212e-01 -3.978267129818304215e-01 2.256900723251722418e-01 1.786042294987199852e-01 2.939914212304389849e-03 1.937441337195308921e-01 -4.572405315325134278e-01 -4.031128879445160518e-01 -4.343218874523764317e-01 1.233166473083169984e-01 -1.703569208370050714e-01 1.758388808939559123e-01 4.463253804907471034e-01 5.398133775207287349e-02 4.248711380967777340e-01 3.556000254470445543e-01 3.969701818993400799e-01 -1.030305141878289955e-02 2.120236882435344861e-01 7.214892820571505716e-01 2.579928491902159782e-01 9.747732842055210900e-02 3.080922579572578091e-01 -1.388897048381996721e-02 2.408610544057135650e-01 7.916844716172549701e-02 -1.052616589881363585e-01 -3.554929376106586991e-01 3.314001398778889662e-01 -9.065681664592216416e-02 -1.512402316516867351e-01 -2.657215001929310594e-01 -5.728951622051059456e-02 -2.675137446918076090e-01 2.861007989099167426e-01 1.960300658648291006e-01 3.335765718512138656e-01 -7.938314925093831187e-02 -3.045082228552036807e-01 -1.023621690958318731e-01 2.406440175976285734e-01 -2.760763109272006410e-01 -4.032243317699882867e-01 9.467412595121207919e-02 5.284125542180069524e-02 -2.730661791810797823e-01 -4.324447034058460648e-01 -2.200423850488319732e-01 -3.274971479699443910e-01 -3.143685417798376958e-01 -3.350348503641727982e-01 -1.192838294352415313e-01 4.587908081593283227e-01 4.453099117814022789e-01 -2.498140934784733036e-01 -3.554206492458417826e-02 -4.868805482218179631e-02 -5.003394020474709603e-01 -4.562411660139518155e-01 4.396293538556819702e-02 -2.129588004418130620e-01
3.616109964759720574e-01 2.204792437252182657e-01 1.657015830900232523e-01 3.358550299949046303e-01 2.378671642496463928e-02 7.444700351016254880e-02 3.570210645267869048e-02 9.144901082901456257e-02 1.533007373943530254e-02 3.332623610172646411e-01 1.000000000000000000e+00 4.035390310073567743e-01 -5.297102337288754625e-02 -8.483214907952701944e-02 -1.443949710505019191e-01 2.776747500906663335e-01 -2.181634986989479386e-01 -2.199555305793423343e-01 -1.748503771942312712e-01 -4.130168277533464716e-01 -3.228059162714630448e-01 -1.579874504943815927e-01 -2.601307841954533240e-01 -1.420337474504582420e-01 1.509614162897766343e-01 3.399717132096307104e-01 -3.641635802869929162e-01 1.257370679072592791e-02 -2.926714357013386891e-01 -1.045212591393027413e-01 3.066361556444738845e-01 3.593361836347517824e-01 4.767422836413619941e-02 -4.372260301281356010e-01 -2.000249170498898110e-01 -8.153622379264932607e-02 2.833072803903586082e-02 1.586109355292251721e-01 1.982032907652457043e-01 -1.776515056001965603e-02 -3.571094725777143042e-01 1.217625540740833179e-01 -1.597790792951828825e-02 5.252247424736210951e-02 -1.483341745511919108e-01 -9.259543683554263827e-02 -2.504208131689313332e-01 -4.630368190657501160e-01 2.810611011661519609e-01 -1.551095538649228389e-01 2.314654645862856963e-01 7.386471462680348210e-02 -1.722912435131104814e-01 2.582456353204646837e-01 1.702629473312777808e-01 1.285550586026598385e-01 -1.936038591243175178e-01 -1.672495321176014488e-02 3.311697625638743148e-01 5.654823310147513160e-01 8.764140866458861381e-03 8.160998355050932962e-02 -7.743469581871569030e-02 6.631746915131782327e-02 -2.021317107289024584e-01 -1.725409063907452634e-01 -2.230235327209496021e-01 4.367546038260038122e-02 -2.759270197401100244e-01 -2.948402884791727629e-01 -2.890958812451807081e-01 -1.480892835513965833e-01 -2.670701594032738879e-01 1.874434267701007018e-01 2.258453050109713797e-02 2.562849057938482722e-01 -1.519992242939633420e-01 -1.258263383114444911e-01 -1.939355780998616163e-01 4.312584140506295904e-01 -2.113873845499525672e-01 -2.163324053940600400e-01 -1.877137455707715008e-01 -8.139801263508081308e-02 -3.337866010129494354e-01 -3.494524157718124080e-01 5.372621085896734337e-03 5.125844077311537267e-02 -3.381140719354546742e-01 -1.664596096037868345e-01 2.505647942436703760e-02 2.847065583754184934e-02 1.453567654032005829e-01 -5.908994030948273163e-02 1.718151475353581897e-02 7.994299346944169424e-03 -2.000937450237183224e-01 -3.453251302024851199e-01 2.443855259475049418e-02 -1.961124574947409882e-01
2.351381976866640522e-01 4.330611985742529035e-01 2.561319720514972920e-01 4.857488875803165906e-01 -2.687969460378266534e-02 2.991804405875558293e-01 2.257832962053282766e-01 2.951796078867111039e-01 2.034276440423157251e-01 7.024835519897756342e-01 4.035390310073567743e-01 1.000000000000000000e+00 1.997301335285562585e-01 -7.752728678402900919e-02 -1.992531387986185287e-01 4.775113318149771247e-01 9.382719616777814020e-02 -1.093000138430556545e-01 6.452534409902893620e-02 -3.423973634762296214e-01 -2.813730736959627055e-01 -6.283863404169222344e-02 -3.147281580215648966e-01 1.704510020119405778e-01 5.808330461159684210e-01 1.691363149182487924e-01 -4.058618768300419899e-01 -5.467160895853610814e-02 -2.680726220243618840e-01 -8.563924826169184989e-02 3.568394949332913124e-01 4.131775643215870319e-01 1.589292557130456418e-01 -2.182879012500911209e-01 -3.089287835055443132e-01 -8.312063442382579270e-02 -1.937295770446388343e-01 1.739756421291485111e-01 1.427341108113267254e-01 4.957180761939099928e-02 -4.544497931528468371e-01 2.158085727301139733e-01 7.379830746191016512e-03 -1.311210228831762026e-01 6.459549945543956173e-02 -5.051170173063850299e-01 -4.654620994007931389e-01 -5.228356765365494985e-01 1.389231966705191113e-01 -2.467455302520373817e-01 1.938351193851616250e-01 4.021565730792934779e-01 8.518583466999660181e-02 4.504030251449750999e-01 2.768560401813526806e-01 3.068579210725134176e-01 -2.284114691217637577e-02 1.100777446439201029e-01 6.294956917919873884e-01 2.993067860882666076e-01 1.378744238726188620e-01 2.594934047167762881e-01 -1.014481842078063939e-01 1.971305466372492987e-01 1.294197037626899178e-03 -1.903445381566140626e-01 -3.651478581427397008e-01 2.212553817711295778e-01 -1.042721167705168706e-01 -1.791507370515622866e-01 -2.631420012311922463e-01 -1.595698139691215656e-01 -2.909016096394676509e-01 3.206539199978326593e-01 2.228739609250680875e-01 3.561979730117456056e-01 -4.412444859059466012e-02 -2.911528077794842684e-01 -5.642467083726132593e-02 3.686613320000507454e-01 -2.598051883860847400e-01 -4.061562796331488756e-01 -9.561564487280306557e-02 -6.510406472745408624e-02 -3.370170496811902283e-01 -5.087958119569405691e-01 -2.498345214595611152e-01 -3.880374691509146934e-01 -2.736284645223804879e-01 -3.717036561281524820e-01 -1.714665578209378372e-01 4.846775623595122595e-01 3.049358617344496425e-01 -3.732612414811752877e-01 -1.969571605498528222e-02 -9.018108307944248947e-02 -5.601646554970556302e-01 -5.213122194629103978e-01 3.918913367248298696e-02 -2.739479669970792397e-01
3.038783521000417700e-04 3.978315218649242091e-01 4.304639428546103153e-01 2.500816087230813278e-01 1.619561159465156275e-01 4.602878707019473215e-01 1.601137346023709940e-01 3.145913976053217875e-01 4.535328038715996102e-01 2.669636980233008883e-01 -5.297102337288754625e-02 1.997301335285562585e-01 1.000000000000000000e+00 5.417710479592857675e-01 2.942806420287054081e-01 1.891840175115405143e-01 5.336758356160017369e-01 1.231022578612029489e-01 6.000241222953438536e-01 -6.001672317079925247e-03 3.723903406734362376e-01 7.393918329158961911e-02 -1.606326687163956435e-01 4.024339026188814700e-02 9.451165475986636477e-02 -2.131401238471828663e-01 -1.337288979687252521e-01 -8.158268712456495653e-02 -1.128255519069698565e-01 1.225276517255990960e-01 -9.005302821441586725e-02 -1.006116800643326453e-01 -3.992916786766291526e-02 1.649542883041233143e-01 -1.273546990550361857e-01 -3.099557794024541679e-01 -2.970231491326413842e-01 -7.001928345562760669e-02 -1.009366612136708419e-01 1.513308289859051914e-01 -9.974796341473519956e-02 6.358640307216582854e-02 -1.566477011718681077e-03 -9.334635047000652830e-02 7.788282368913473919e-02 -1.550073804067253758e-01 -1.605565931235048704e-01 -1.254211695944528748e-01 9.536027301781181686e-02 3.142003273130972163e-02 2.661520820764781137e-01 4.864812850527823196e-01 2.084778662719382614e-01 3.428822990258419412e-01 4.912344055352451666e-01 5.398022724333588762e-01 7.579526424615011526e-02 4.295296602592235113e-01 1.978542010014133212e-01 -1.303410598305270417e-02 4.059935794059325587e-01 7.889207399072100113e-01 5.118285524043875157e-01 6.053001800553203804e-01 4.290795627202058093e-01 2.712140233672868384e-01 -2.796459340990615772e-01 6.206299743717034190e-01 2.099309736734225884e-01 1.654036623343107526e-01 1.198485169120536431e-01 -1.112655677807232873e-01 -2.114025327312628322e-01 3.363876371888133848e-02 1.312788567072859132e-02 -9.178725127808567974e-02 -1.691433072903325285e-01 -1.315723038065767792e-01 -2.223001673315569693e-01 -1.090176076586092391e-01 -1.791889962931306479e-01 -3.328306243216940796e-01 -2.071497805681691284e-01 -1.636563993586484245e-01 -1.794712845800691958e-01 -2.668394174949409448e-01 -2.815674623631294615e-01 -3.522805013229654558e-01 -1.745446434846069372e-01 -3.178243254110246219e-01 -8.974714133974891206e-02 -3.881332717520326325e-02 3.675259802832159250e-01 5.363465284254687049e-02 -2.952514678628049283e-01 -1.701991957064122318e-01 -9.950552947654511815e-03 -1.092866348567179124e-01 5.814241469722103428e-02 -1.317381890580369141e-01
6.917346656986342324e-02 1.292183005203464408e-01 3.452285582513995310e-01 1.586572388218485674e-01 3.067239677182473367e-01 2.269521537864968574e-01 -3.901849463569789095e-02 1.724377719224260141e-01 2.985819752122805260e-01 6.176555337948753249e-02 -8.483214907952701944e-02 -7.752728678402900919e-02 5.417710479592857675e-01 1.000000000000000000e+00 6.514480518225649330e-01 3.634084671380135440e-02 2.039639903680549038e-01 2.995465170207100569e-01 5.348108056914598896e-01 9.052087400510921977e-02 5.377135171325252427e-01 -1.138211246058835058e-01 1.352092779587669991e-01 -1.240150410215418164e-01 -1.697956769372103436e-01 -1.633823036360588787e-01 1.174286478729644340e-01 -2.651136231573504864e-01 1.017838924347692214e-01 2.573488690272511259e-01 -3.059671639943686849e-01 -2.088158091786878057e-01 -3.705044973560420868e-02 9.384897266227955337e-02 -5.318530805352673918e-02 -1.093073619989944900e-01 -2.934037827590161782e-02 -8.331938692398148383e-02 -1.160991361632634639e-01 1.101111750720986243e-01 -9.346397643899116703e-02 -1.530380088606744793e-01 -8.526255986329486780e-02 -1.455278010095256980e-01 -1.057525599535470984e-01 3.327252275244767677e-03 2.164841040546490736e-01 6.886674160353063734e-02 -6.566943259432948821e-02 -1.494838732563351542e-02 1.287933220241533339e-01 1.932495798644385809e-01 6.777766054550836416e-02 1.335309814640879000e-01 3.601852810641483216e-01 3.041708499604878213e-01 -1.507093854453477738e-02 2.893172724407930829e-01 -4.954317139488252641e-02 -4.747501269075787150e-02 3.293467843609537149e-01 5.129159419228406236e-01 6.786977279555221898e-01 6.800755624835259638e-01 5.660592157425758941e-01 4.729674458993745612e-01 -2.243338590206702399e-01 5.249565312134338857e-01 2.047248221502550869e-01 1.153258911995522495e-01 2.446209001823344553e-01 8.239692690106162343e-02 5.116843205973761050e-02 -7.135760534459907600e-02 6.864530213957460714e-02 -2.495750391249753064e-01 -2.117711378378630271e-01 1.105621845098600509e-01 -1.130678432570669523e-01 -1.846371365596410352e-01 5.159250531350211000e-02 -1.132267761336636647e-01 -1.566116703223708884e-01 -1.859353503574051325e-01 -6.308102848370354546e-04 4.741998484304264100e-02 1.053027683520381570e-02 -2.606547014074526714e-01 -1.562984689488607776e-02 -5.062472827704628253e-02 -4.543941660588835668e-02 -3.197254389413253794e-01 3.028957916001522865e-01 2.401440597717862113e-01 -1.643881292346661416e-01 -3.273845764181487761e-01 9.392063338040582132e-02 1.066584143721837213e-01 -6.525757468146387019e-02 -1.046585427433198573e-01
-4.880002662573556388e-02 -3.296472968505380352e-02 1.723909389339048359e-01 -1.082005903985969013e-03 1.886174874084101949e-01 9.060512678754742422e-02 -1.986179251907477794e-01 4.683457701394890677e-02 1.653340281548235091e-01 -6.523414447629387325e-02 -1.443949710505019191e-01 -1.992531387986185287e-01 2.942806420287054081e-01 6.514480518225649330e-01 1.000000000000000000e+00 -9.802427922358002144e-02 1.555061870585639772e-01 3.109650421807308995e-01 3.350564294055222714e-01 3.483246665767198991e-01 6.197791711627911315e-01 4.639506995959559454e-02 2.944153893505739306e-01 1.739572788424084693e-01 -2.175027083949031548e-01 9.593029191389326749e-02 2.355002177487373061e-01 -2.042318410015065144e-01 4.251667352286106483e-01 3.059020077226061729e-01 -3.573980047776729174e-01 -3.337517690975655982e-01 -2.137048371404366431e-01 1.974043286176018486e-01 -1.451757077311780116e-02 1.303004067985470346e-02 4.122352210275704101e-03 -3.440098877820819134e-01 -3.126280530065427277e-01 -4.810653446883370737e-02 -8.150806416350954431e-02 -2.317290954207331943e-01 -1.261339169274582062e-01 -2.290452417266139462e-01 -1.570159273671663525e-01 -4.433911002886951891e-02 1.791874225352166616e-01 1.317716292545314249e-01 -2.492347376589194585e-01 -3.403547175510737710e-02 -1.957199566455478101e-02 1.431703051490390219e-02 9.528113276799730219e-03 -9.104201486825423684e-02 1.872633847977878963e-01 1.270704826301346513e-01 7.949269309323393762e-02 1.759640817507529820e-01 -1.370055397638390016e-01 -9.607688398674671393e-02 2.684691516580697268e-01 2.102465121419741234e-01 4.968690320270390259e-01 3.473606005053433421e-01 4.504129549762614926e-01 7.511996879504584390e-01 -9.912413980483579523e-02 2.988393736189003946e-01 3.413424514926913789e-01 1.723410708580687956e-01 4.497877208006416661e-01 3.683487384451097357e-01 2.966241372322563352e-01 7.200029475586300354e-02 2.986674548942974683e-01 -2.663224116079253301e-02 8.215591518514640812e-02 4.811572156363144170e-01 -4.048402250213498088e-02 -3.396900560370956224e-01 2.699263366659958585e-01 5.411873524715794109e-02 -1.515745376147447920e-01 1.108688464327786498e-02 2.671073292998912274e-01 2.842726394189502570e-01 1.575540616668693883e-01 -2.434484340743559710e-02 2.072421318678494273e-01 1.947224864387123167e-01 -1.987239419282457731e-01 -3.967227580518120078e-01 1.751393392733811560e-01 2.656732400655905102e-01 3.468634227093748273e-02 -2.212839493638683597e-01 1.281594519434151591e-01 1.973788828835367493e-01 -1.955631406496945723e-01 -3.700504733176589178e-02
