1.000000000000000000e+00 2.263328038717753177e-01 -7.904804115379437945e-02 1.500787892743772611e-01 4.680220140516404975e-02 -8.612726181623119037e-02 1.107901316406580960e-01 1.277017249503665519e-01 -3.197633279476132240e-02 1.504252346513314936e-02 1.222719686686206259e-01 3.979763489228890089e-02 6.000420882221963598e-02 7.951739836178364773e-02 -5.269343851768668735e-02 -2.954030047524078273e-02 6.024977103754033253e-02 8.700889606852013625e-02 2.202867791283864007e-01 1.929258630747143419e-02 1.774882230926369819e-01 -4.095802317089134587e-02 1.730493821392756204e-01 1.426171052297326713e-01 -6.327510316992468464e-02 -5.849837979134521471e-02 -4.092943933443889820e-02 1.371998998981614204e-01 1.229124887907322716e-01 3.799282367686566270e-02 -1.154787922012152218e-01 -2.058864269901898303e-01 -4.788349593544965338e-02 1.024840348912557514e-01 -7.413118964223010254e-02 -1.864813289962200249e-01 -1.335035016768981453e-01 -4.403886671399032116e-02 -2.086701065871121585e-01 -4.468027530323893937e-02 -1.364581527428197945e-02 -2.446774470180873018e-01 -1.357444468950550487e-01 -3.194193775290892802e-03 -1.249085235974236319e-01 -1.446521218272625031e-01 -1.267255706261329329e-01 -1.125854470162041682e-02 9.914827411061823137e-02 -2.841720350536476244e-02 2.887314527017907917e-01 9.126145844220354131e-02 6.444291918643951789e-02 -3.230864576262237192e-02 5.251479783201451479e-02 -2.028242074390065597e-01 4.827836626953344729e-02 -8.750383990609926499e-02 -2.516141068618292786e-01 2.457781512445844987e-02 6.767754293747930971e-02 3.016250433195834940e-02 6.504357691191786639e-02 1.056199886532594862e-01 4.011358013989019602e-03 2.990057316355254624e-02 1.792166005850458210e-01 1.332511909270763795e-01 -1.364604392690867401e-03 1.077860485044336430e-01 1.478941399075599794e-01 9.046532278031586827e-02 1.469844152308057983e-01 1.066727361990994910e-01 1.090216271995276126e-01 4.236171609782848901e-02 8.915973648800187834e-02 1.466039184455482647e-01 -3.294352112809684902e-02 -8.130133223909602469e-02 5.953698441975476680e-02 -3.030294715177959258e-02 -1.303785668769283923e-01 -9.662694151160866607e-02 1.586594676660866843e-01 -6.391521230313887414e-02 -1.660938314319611031e-01 -2.983345528744388644e-02 5.589898853732523307e-03 9.237037230176778357e-02 -7.105536657692936020e-02 -9.530528715686621688e-02 -2.273061786986591282e-01 4.145881276132346721e-02 -8.574349724930501251e-03 -2.835730158608229870e-02 -8.389867048730599575e-02 1.482211998025144972e-01 1.854601830496767911e-01 3.592029476572077690e-02
2.263328038717753177e-01 1.000000000000000000e+00 1.160397186592754259e-01 5.806114547272199777e-01 5.474427420738309236e-01 3.301105197469639263e-01 2.483582076323112287e-01 6.450123184655138786e-01 4.921250845063636081e-01 1.293070351420492481e-01 1.855290233268130362e-01 2.656941902037898151e-01 3.509812667103943129e-01 7.461959352707371596e-02 1.344732574593310859e-01 1.315429460447054555e-01 6.805013103057989954e-02 -3.127934195529284422e-01 -8.458311709757324048e-02 -1.585708322839113615e-01 -3.871769392527701220e-02 -2.548242470209616251e-01 -1.666340464308944669e-01 1.173941238684712562e-01 1.694587866224973871e-01 1.621257270452617916e-01 -9.674693540642967382e-02 2.479329520367084053e-02 8.935676053681376740e-02 -9.934736261227695986e-02 1.939641543429646564e-01 1.542254640555077161e-01 -1.586879909840788541e-02 -3.137292242179516299e-01 -3.851872936269118974e-01 -1.901568060777790725e-01 -1.607367966207157439e-01 1.094889017877751919e-01 -9.794712092470997389e-02 -5.617517444940348104e-02 -4.176219064752412224e-01 3.446910514279656612e-02 -2.688179127886966557e-01 1.657122637736233584e-01 1.527879815737344556e-02 -1.394922442084013947e-01 -3.284738699548071517e-01 -3.627676370217785551e-01 1.849306915220769454e-01 -2.981693990957553012e-02 1.843561882209759362e-01 5.133919556535255779e-01 4.219895912894424672e-01 5.655541397614419763e-01 3.846025799671232148e-01 1.634312246175042560e-01 6.307703057085778386e-01 3.670390663989133717e-01 2.337317488457852643e-01 4.672954049007547184e-01 2.172903384518237724e-01 3.484306408461952942e-01 3.393325972803629131e-01 1.255147780185101036e-01 8.883356807744447955e-03 1.695853174013619846e-01 -7.404840435873720483e-02 4.334845323094811687e-02 -3.586883566889755293e-01 -2.615672618085029266e-01 8.052682027111407459e-02 -3.310028298328155927e-01 -1.839572024209357171e-01 1.844793063162525892e-01 -2.459400825187331441e-02 2.165450150495437098e-01 1.793675045407236435e-02 2.157761993428049252e-01 9.305118897033684555e-02 1.371272335588525904e-01 -1.874988177145321955e-01 -4.214291130229114168e-01 -4.253028840815123446e-02 -3.729089399699718754e-01 -1.949798855060414782e-01 -3.864691224478284948e-01 -1.184208354183665518e-01 -1.270079887497514992e-01 -4.609763520277185278e-02 -2.134836508949121969e-01 1.110799262084964933e-01 1.284475451178176131e-01 8.000124042448056305e-02 2.144889372798521043e-02 -1.067593740467948776e-01 3.729312907474741645e-01 -1.410530652918838002e-01 -3.655702146987220846e-01 -8.230436336807015266e-03 -7.461141482738428699e-02
-7.904804115379437945e-02 1.160397186592754259e-01 1.000000000000000000e+00 9.715892760424334196e-02 4.281821284689107943e-02 2.563988431130804213e-01 -3.886122835788544116e-02 1.695202129933652269e-01 1.007556611764472698e-01 -3.637858693211347694e-01 -8.666154574335839522e-02 -6.748613040927036594e-03 2.646226950572828640e-01 4.076180086764157884e-01 3.837550741097575102e-01 -3.222841707917837306e-01 1.946822550069322311e-01 -1.244748161140101228e-01 1.108026568775569015e-01 -1.473269621253454620e-01 2.200478404220495565e-01 -1.789744165731961267e-01 9.055923341348080802e-02 1.508588537284863418e-01 -1.151977208105500056e-01 -1.605154391181458917e-01 1.555547579585027027e-02 -1.060541889983494662e-01 1.210042145013444093e-01 2.240081921993859748e-02 -2.202346062290767292e-01 3.286425361183583499e-02 -2.835318072409230283e-01 -8.294966463923068856e-02 -2.109380345150015656e-01 -1.646185588271020239e-01 -2.459510289862464338e-01 -2.333243342877568960e-01 -8.840452121253394857e-02 -2.329677416131606671e-01 -2.909065683555730475e-01 -2.482282084737680306e-01 -1.168108176071716020e-01 6.788321752316026081e-02 -1.706841809021192868e-01 -3.724798985091513914e-02 -2.719730361596267229e-02 -1.316152745790263590e-01 -4.198633575217500247e-02 -9.591059113856335860e-02 5.194245309596383642e-01 -1.117729570271205897e-01 5.747670538196066568e-03 2.239086941584768897e-01 2.393493694112029113e-01 6.331988330463692582e-01 1.094936186715980558e-01 2.109558722643886386e-01 1.737629050002997000e-01 1.284234534387676263e-01 1.981381448455039537e-02 2.329848852020647287e-01 2.624765910184329587e-01 4.131116407161346538e-01 4.203694938341890897e-01 3.435526888401152501e-01 -2.249116716002331484e-01 3.601011950116353999e-01 -2.759189243316752943e-02 -1.099356928105237330e-01 2.718612181042564524e-01 -4.637197725215978783e-02 9.114738398265417874e-02 2.331506416618952561e-03 -2.585125784366069934e-02 -3.508141845667529096e-02 6.453367179974460466e-03 2.097184324830718427e-01 -1.798886151283799750e-01 1.448766103852802134e-01 -1.099604161905271965e-01 -2.730040324416088682e-01 -1.212495425766967339e-01 -2.400581042433659329e-01 -1.929367923300844279e-01 -8.967488719236274552e-02 -2.004562956051555433e-01 -1.341476301879494966e-02 -3.393610902348152825e-02 -1.916386837783824737e-01 -1.189372190189298406e-01 3.891237720412830670e-01 -1.623562025876384707e-01 -1.789239677521486382e-01 -8.489235492405938777e-02 1.857274903226789620e-01 -4.577188602729961170e-02 -9.129527685028579476e-02 2.548215376785261180e-02 -2.661839988961609699e-02
1.500787892743772611e-01 5.806114547272199777e-01 9.715892760424334196e-02 1.000000000000000000e+00 4.223119392271377226e-01 2.751566158443495280e-01 2.965848208693674243e-02 4.569949100782981777e-01 3.847480853168595005e-01 1.785670851990330543e-01 6.024891229418615629e-02 1.118877149539592580e-01 5.925480858534768608e-02 -1.297200246000954349e-01 -6.642804110282611585e-02 1.288945925663299574e-01 -1.148865306120800539e-01 -4.798100382192936331e-01 -1.477346870531949519e-01 -4.225947707731502745e-01 -3.010630432351588115e-01 -3.229731151005802992e-01 -3.429387573720757421e-01 -1.919836400881273775e-01 1.439113320256557027e-01 8.434082731375690256e-02 -2.139705146783656697e-01 -4.479871702690159385e-02 -5.931828756321591567e-02 -2.057451459986134601e-01 1.791033584661665956e-01 2.876494995453076631e-01 3.379958114686545390e-01 -4.974462884257413453e-01 -5.044927105833701964e-01 -2.145576892360467891e-01 -2.376899969117955425e-01 3.410271166691949407e-01 8.013867892721598940e-03 -9.933910530665819583e-02 -4.850334328966954822e-01 2.076074149089226772e-01 -3.229915023272940111e-01 2.478676841559155908e-01 3.366533787723769572e-02 -1.931534058383023444e-01 -4.316594211273916404e-01 -4.481737735060764005e-01 2.649905514370208826e-01 -1.953609302148192131e-02 2.592172713043016663e-01 2.075405073869980854e-01 3.678037478451218201e-01 7.123590282297255216e-01 3.347093848488666423e-01 2.313286274429584011e-01 4.465578908084810172e-01 3.475341297382743000e-01 2.130531725553037048e-01 2.072172515459412834e-01 -5.550674834090336268e-02 9.041353841713505035e-02 7.785940310697517242e-02 -1.514086672316479198e-01 -1.168850222827087088e-01 -8.985916553225111597e-03 -1.491295250770719727e-01 -2.577209261861235778e-01 -4.581859993907776984e-01 -3.629051919174388074e-01 -1.789031574802993352e-01 -4.123938261007807915e-01 -4.153100812596037250e-01 5.668595640230968818e-02 2.038222212378893936e-02 1.916179464126155710e-02 -2.451759056804022618e-01 3.374176571311671147e-02 2.168061772076687876e-01 4.030894638759168203e-01 -2.215880378799491290e-01 -4.659138581100538690e-01 -2.109845111131679329e-01 -4.326854223525415377e-01 -2.709244074155125470e-01 -5.893936193002764501e-01 -1.721902205784300033e-01 -2.077273677492367798e-01 -1.144868395213259060e-01 -2.694122808126049873e-01 2.603724196514362044e-01 3.740592314747275826e-01 1.342420443892471948e-01 8.440167610795337727e-02 3.617251398227427223e-02 3.174430718434161358e-01 -2.168390371143180395e-01 -4.091857363091579991e-01 9.243195794114575370e-02 -1.005574869442789343e-01
4.680220140516404975e-02 5.474427420738309236e-01 4.281821284689107943e-02 4.223119392271377226e-01 1.000000000000000000e+00 6.639136997469029522e-01 -7.282135373127078537e-02 4.314185909277328257e-01 6.541792713968639372e-01 8.672262431888552725e-02 1.753383709099543830e-01 1.498690807725875096e-01 2.074660079743607388e-01 4.697306357362955598e-02 1.448119206637079048e-01 -1.042351157010724602e-02 -3.485583416616104546e-02 -3.978352362244936269e-01 2.827313380024408865e-02 -2.119088725182798061e-01 -2.660534127956918349e-01 -1.797325542426936873e-01 -2.462441812125119034e-01 -1.802005341172673303e-01 3.471649108105306913e-02 6.677168658499030296e-02 -2.792758939913614347e-01 -2.162276677741999109e-01 -9.877603455063775628e-02 -1.401262294274573939e-01 1.840940832235489488e-01 2.122894388208262581e-02 1.526661240911369732e-01 -3.428954224754191538e-01 -3.659990812694723372e-01 -6.833825055573730656e-02 -6.957709637191827889e-02 2.416152121396163144e-01 2.900475559600346545e-02 -9.176872707811220553e-02 -3.720228542062100074e-01 1.894446060285163991e-01 -2.847306429648305826e-01 8.190891532674178521e-02 -1.275416578145616153e-02 -1.218570094015483107e-01 -1.490793158572990829e-01 -2.733682363364463574e-01 4.434544819992422560e-01 1.247073515783855488e-02 1.605513984397256011e-01 2.186101525476445151e-01 2.703758224533726051e-01 5.229859807135032179e-01 6.376376731680278853e-01 1.767638483367571789e-01 4.826301259437057456e-01 4.599983469186355034e-01 7.227052661110483500e-02 2.598002443520202043e-01 2.978830834006202313e-02 1.762580648918350701e-01 2.206814835902637384e-01 6.710582630966431539e-02 -9.498193479750753621e-02 8.275295126872546370e-02 -1.864518771544069684e-02 -4.948292547916080530e-02 -3.612715134078145485e-01 -3.040666324234989060e-01 -1.484526813385963206e-01 -2.425202671562560475e-01 -2.336404039420351131e-01 1.176217565474084181e-01 -1.648485637656897929e-01 -5.258890439994174520e-02 -1.609093111447049418e-01 5.408507782846935091e-02 2.960759306583001793e-01 4.946882899753204943e-02 -2.335340298812051130e-01 -2.195522215946160427e-01 -1.269823321935958649e-01 -2.369738161175110602e-01 -3.430883497782525882e-01 -3.237690372603013178e-01 -1.674133277592117913e-02 -1.418232185591280226e-01 2.094939302690834726e-03 -8.122297140442165386e-02 3.764929075083127130e-01 1.791989065185857211e-01 3.455745178064316692e-01 1.949333633391647225e-01 1.565661786092807650e-01 3.484654550622194313e-01 -1.263132585786429785e-01 -3.135988160069539954e-01 7.226439856226796188e-02 -3.237358058611015249e-02
-8.612726181623119037e-02 3.301105197469639263e-01 2.563988431130804213e-01 2.751566158443495280e-01 6.639136997469029522e-01 1.000000000000000000e+00 -4.101757861103121072e-02 2.641903212801697820e-01 6.833773295170424422e-01 1.700087379086989425e-01 2.117057610494662567e-01 2.588339731102356489e-01 3.411591871392940511e-01 2.243958183800111861e-01 3.720911156427366140e-01 -4.364072747512024592e-03 2.142931575540785172e-01 -3.088395552932696742e-01 1.294793866982184016e-01 -2.552747645790463538e-01 -1.122807960375203223e-01 -1.666076695386720929e-01 -1.663362341681359768e-01 -5.187835498756466351e-02 1.932242570575633533e-01 5.857866649656296582e-02 -3.425311670207979442e-01 -2.444147784950689295e-01 3.463050823379300314e-02 -9.846506602384545725e-02 1.515871386468328197e-01 1.276980361495342053e-01 8.370557393572471139e-02 -2.779313844176381498e-01 -3.080670100775389497e-01 -5.810956121735117580e-02 -1.551156833566418591e-01 1.808766800986299217e-01 -4.387437701020619266e-03 -6.189583957922947799e-02 -4.600335708113669764e-01 1.733348266738990728e-01 -3.295097597937228784e-01 2.332623565860578174e-02 -1.452078930855139338e-01 -2.240084316658394470e-01 -1.837764759350152266e-01 -2.848516630189084631e-01 5.011162253424910062e-01 -1.065542130645622115e-01 1.682110000410084183e-01 4.777499656882046308e-02 2.458227582136774669e-01 3.939752760093238604e-01 7.514167964387059584e-01 5.566147835113317566e-01 3.742971179029082607e-01 4.726453262106470876e-01 2.480614623164369426e-01 3.657727117448394405e-01 7.139402523967536274e-02 2.905330729416136237e-01 3.422390410301935915e-01 2.657425698290226124e-01 1.282677561633980834e-01 3.071529090137416484e-01 6.362289062533820275e-03 1.411328378898471514e-01 -2.107022163795109482e-01 -1.898665371056456885e-01 6.540392285240839709e-02 -1.116692355362311484e-01 -1.433202044648815288e-01 1.386135852689489301e-01 -7.643998401847368340e-02 -1.760301164966278364e-02 -5.038597575886764185e-02 1.603975501934423731e-01 2.092674168131352375e-01 1.642810484526581183e-01 -1.966425399907438809e-01 -3.001580748461490922e-01 -2.103237522396839421e-01 -2.437764995891134601e-01 -4.169936731767297511e-01 -3.152281897725678350e-01 -5.267274374453090324e-02 -1.964658282818266544e-01 1.944524410622586186e-02 -1.843788225675255243e-01 3.091852220875647150e-01 3.534333583351894625e-01 2.146498580585910476e-01 7.546452965332663132e-02 7.083053219341502171e-02 3.152468872248404552e-01 -2.485644072433173257e-01 -3.416748681844699598e-01 2.102034894260550735e-01 -7.760494541137007152e-02
1.107901316406580960e-01 2.483582076323112287e-01 -3.886122835788544116e-02 2.965848208693674243e-02 -7.282135373127078537e-02 -4.101757861103121072e-02 1.000000000000000000e+00 4.332721938048404997e-01 1.993407283424474541e-01 1.918195336309597709e-01 1.450380757858775183e-01 2.414915974639926799e-01 1.146678986558333363e-01 2.826363533002058254e-02 9.229312672971275167e-02 2.390788633899808002e-01 2.929813067192903464e-01 9.586576706620857091e-02 -7.115927454842242705e-02 2.175509506175374863e-01 3.326461934774134210e-01 -1.246321458291182599e-01 -2.815697572162054879e-02 4.178788289220796148e-01 3.151391476629742949e-01 2.211717144756429054e-01 6.264143919929647530e-02 3.368639955655550189e-01 4.083790892102938108e-01 -1.441693063735747515e-01 1.593675737287715902e-02 4.605498921857054118e-02 -3.710178212719022484e-01 6.629811946358746266e-02 4.947723735450044319e-02 -1.180509160747292112e-02 4.732122941561626300e-02 -2.224982051306091668e-01 -1.153458536277499058e-01 3.861153159930107437e-01 -6.086313337582888172e-02 -1.930326054580986939e-01 -9.436188120681224256e-02 -8.204098568187491794e-03 -5.503184168894927758e-02 -1.336911080001102758e-01 -2.576537534029447740e-01 -1.552133367031703348e-01 -1.881657127256657416e-02 1.381028844996651760e-02 -1.994023329550574097e-01 3.197143627669834509e-01 2.694372470500234207e-01 5.816386561490236723e-02 9.513387892725579109e-03 -1.170034755303859218e-02 9.885351056868635355e-02 1.684321988266229142e-01 1.975836251760303142e-01 2.979830221812334035e-01 3.834294921902328679e-01 2.625902522494065194e-01 2.039894430209160392e-01 1.658242184321594426e-01 2.342976570950149329e-01 5.254962003892723471e-02 2.718769763433931397e-01 2.042892555892314999e-01 -4.995752418172194620e-02 3.106254135195130831e-03 3.969017876483962315e-01 1.660769100964782155e-02 -2.912558375339283426e-02 5.269577182069745680e-01 3.713994118216965012e-01 4.419578207466167696e-01 5.081991320088246056e-01 2.201518001432259397e-01 -2.978287716378362204e-01 -1.446193393874001809e-01 2.452323599204291049e-01 -2.570015406029389493e-01 4.172323907910344132e-02 -1.167699024260802215e-01 1.900200663338955931e-01 -2.494448929189477596e-02 4.952491036446657335e-02 -5.726226671892497427e-02 1.557990656138339980e-01 -1.795490191473470346e-02 -4.317091095871860573e-01 -1.669999042571886638e-01 -1.593036936887932964e-01 -1.603637758940393565e-01 -2.373080722165986367e-01 -1.254409206868756510e-01 -1.433594256234432644e-02 -1.759457770924287845e-01 1.006618109601665756e-01 9.465859730245056169e-02
1.277017249503665519e-01 6.450123184655138786e-01 1.695202129933652269e-01 4.569949100782981777e-01 4.314185909277328257e-01 2.641903212801697820e-01 4.332721938048404997e-01 1.000000000000000000e+00 6.556845575619741906e-01 8.531504784198819247e-02 2.540194529319321770e-01 2.699121255892701354e-01 3.077847401337797106e-01 1.494435692805529126e-01 2.100497607355437113e-01 -9.132038794134152843e-03 1.541017535061183982e-02 -3.320222407673096288e-01 -6.211743036531617440e-02 -1.140552306193978738e-01 2.295410935846115344e-02 -2.999803296118261353e-01 -2.243957324191723501e-01 7.578492506725358069e-02 1.131374039082209404e-01 1.414714885477943440e-01 -1.377281917578927067e-02 9.733629578627120416e-02 9.885936784752000217e-02 -1.258249811890159442e-01 1.195564356472109402e-01 6.828858139256054061e-02 -2.706484724879468229e-01 -3.344508539262474600e-01 -3.568068825024911517e-01 -9.151374313145441142e-02 6.731126125267964441e-04 3.864334172901547071e-02 -7.189569616287082299e-02 1.062375225286849023e-01 -2.907410841230618215e-01 -3.281168641244404383e-02 -1.784657912605391861e-01 3.464294329530225869e-01 2.242956318665299542e-01 4.925640798568062251e-02 -2.919707519250371308e-01 -2.638328599095552951e-01 1.904203547097275961e-01 1.628602162963959654e-01 7.583157520033551036e-02 5.548441317633013847e-01 2.832309825276337900e-01 5.279052489847585461e-01 3.722253520313696384e-01 1.884158692668176094e-01 6.619511528447231674e-01 6.412544412421387063e-01 1.490437419713183387e-01 4.127232219090718468e-01 2.879791368034721466e-01 3.740856264598588221e-01 3.110795545456241373e-01 1.886175372481499746e-01 1.113313717435314432e-01 1.895805386391460623e-01 1.147458420802807515e-02 2.324843997070862381e-02 -4.908012467023011860e-01 -3.779887665862509682e-01 7.526458693013783618e-02 -3.819828559538389623e-01 -3.095900810096928746e-01 4.032943614386297337e-01 1.215896762190542962e-02 1.831717872799717151e-01 5.529183113964852153e-02 1.386363009326416762e-01 -3.505610909689873406e-02 -1.055320716730230243e-02 -2.340287053248285565e-01 -4.460928257801739516e-01 8.740389134460434251e-02 -4.269868323464402482e-01 -1.890032242346568747e-01 -2.715718158055931419e-01 1.106128196809053228e-02 -1.911847370388486678e-01 7.177297255047408731e-02 -2.499848603215626686e-01 -8.474114739125074292e-02 9.704099829438374639e-03 4.975470640996589033e-02 3.126203302010667484e-02 -9.036121530130163115e-02 3.883859394666707154e-01 5.321697899656391978e-02 -3.406462893139767245e-01 5.300552911706942621e-02 1.390905036892131630e-01
-3.197633279476132240e-02 4.921250845063636081e-01 1.007556611764472698e-01 3.847480853168595005e-01 6.541792713968639372e-01 6.833773295170424422e-01 1.993407283424474541e-01 6.556845575619741906e-01 1.000000000000000000e+00 2.555632906281447569e-01 3.206005297959999556e-01 3.147772309965632953e-01 3.546525888338669108e-01 1.704815207008877898e-01 3.496125336280885287e-01 -3.864689104222995136e-02 5.333701423954654436e-02 -4.572458001035595854e-01 -1.621883749236840283e-02 -2.339106249170022078e-01 -1.379391941723037696e-01 -2.988452979745303550e-01 -3.342420961368065546e-01 -5.856068680987146918e-02 2.071459551239910879e-01 9.206464641111225533e-02 -3.069231016354210806e-01 -1.224441300227057106e-01 -6.500878372588524134e-03 -1.405547572028310044e-01 2.800823197419979316e-01 1.918759292154012530e-01 -8.866875975497150175e-02 -4.204292576914043233e-01 -3.819280326942027792e-01 6.818752892354071685e-03 1.073723694690164980e-02 1.770445400026448568e-01 2.766949820039169006e-02 1.427287083624526054e-01 -3.514851358285340788e-01 1.405536840856557446e-01 -2.635102618997275381e-01 2.995931405713935236e-01 1.762495180234402992e-01 -9.039151015597307603e-02 -2.598702515303739080e-01 -2.944962735748637983e-01 5.014226854220907859e-01 1.322794732889338298e-01 -8.603923380714672761e-03 3.535046150497226369e-01 2.419302065647084554e-01 5.003777420946303733e-01 6.663613090049707033e-01 4.113364580302549811e-01 5.527426439391887047e-01 7.070148372933001690e-01 2.552556040022133654e-01 4.707169303995258347e-01 2.375680050715524017e-01 3.811591455972151432e-01 3.547441213169469920e-01 2.006498402050676810e-01 7.023439815106223560e-02 2.597745308019133725e-01 9.818755421522668003e-02 -6.411613202031849618e-03 -4.947352050172101334e-01 -4.318142915867113629e-01 -3.328250554947363715e-02 -3.174555575809080432e-01 -4.068277021914014080e-01 4.094627252474772883e-01 -5.931233134905199156e-02 5.744720957322235755e-02 -7.859210507638438037e-02 9.861001640053346229e-02 1.697963590318619931e-01 7.365082626583850656e-02 -3.192253620605660647e-01 -4.090292003601273541e-01 -2.329787018251321118e-02 -4.213863477544127489e-01 -4.555049081478645401e-01 -3.403205646443323573e-01 5.333781281834692328e-02 -3.127791804440668844e-01 1.252055524119865260e-01 -2.949124147866380441e-01 1.593570412851194329e-01 1.812759598599920641e-01 2.239006354234848450e-01 1.353357042442477343e-01 3.483724989268388583e-02 4.397136856887273182e-01 -9.917685033822347396e-02 -4.408691211468039883e-01 2.146312206194393724e-01 1.257732821124123157e-01
1.504252346513314936e-02 1.293070351420492481e-01 -3.637858693211347694e-01 1.785670851990330543e-01 8.672262431888552725e-02 1.700087379086989425e-01 1.918195336309597709e-01 8.531504784198819247e-02 2.555632906281447569e-01 1.000000000000000000e+00 3.795125755364333053e-01 3.958372842723768548e-01 9.695696615002104279e-02 -1.603059996318855485e-01 -2.325310544061066215e-02 3.326165119264257175e-01 1.923476616170368692e-01 -5.838000123472898012e-02 -6.932221771789769116e-02 -1.375135785809645239e-01 -3.470944924974050157e-03 2.933480599057548474e-02 -7.494423226064432508e-02 1.233092028967987114e-01 5.463443890287392746e-01 2.383468276974556599e-01 -2.817521696363583517e-01 1.184044504367939427e-01 1.243252144586601132e-01 6.802549548239895938e-02 2.881313483127158070e-01 3.228642690804421345e-01 3.094394364464413960e-01 -5.772477529022924936e-02 -1.000736009628188511e-01 -1.175998552920401036e-01 -6.674288888487624194e-02 3.008794904919204205e-01 8.653144651018543354e-02 3.545737146974445309e-01 -1.389265339213823502e-01 2.642744801097373641e-01 -1.460753404751549411e-01 -6.245188285562410131e-03 3.024644117717686584e-02 -3.204273798880643565e-01 -3.576643501553876670e-01 -2.368603361410374086e-01 1.723256383109880996e-01 -1.609197646733765419e-01 -3.355687241825915934e-01 1.052346945986615684e-01 1.562214123098168705e-01 7.057241079213907864e-02 2.317434483014993440e-01 1.080406357655196593e-03 1.150701148416785752e-01 2.910879676742863381e-02 4.461240427821203669e-01 2.449869207958562944e-01 1.526235712750879936e-01 1.156515600532493360e-01 4.532704793859562709e-02 -1.524789712065864333e-01 -1.701917050920801477e-01 8.888846083641468998e-02 1.399735714769217154e-01 -1.770104767338266105e-01 -8.497169644946105105e-02 3.987523269111615393e-02 4.179047895815492936e-03 -3.521269023623288530e-02 -1.726179042359552995e-01 1.125856795481575412e-01 2.646869492849718286e-01 2.180488788470059669e-01 1.496082336976928100e-02 7.428302809177204924e-02 1.656197002369077520e-01 9.936812257481787702e-02 3.544759523972591114e-02 -1.544770298538031827e-01 -2.451414427267752660e-01 -1.148471974414678742e-01 -1.290728297074243691e-01 -3.215056718090454346e-01 -5.362319472711422896e-02 -1.771184032597905300e-01 -1.315457115647601094e-01 -1.765209654771573156e-01 7.952605624353663305e-02 1.501196649912233672e-01 3.346184712678813844e-02 -1.176557193083587888e-01 4.420228891934936503e-03 -6.024549760060591425e-02 -3.304692141061694177e-01 -3.060376468256491012e-01 8.743272694632510389e-02 -1.386002387272021186e-01
1.222719686686206259e-01 1.855290233268130362e-01 -8.666154574335839522e-02 6.024891229418615629e-02 1.753383709099543830e-01 2.117057610494662567e-01 1.450380757858775183e-01 2.540194529319321770e-01 3.206005297959999556e-01 3.795125755364333053e-01 1.000000000000000000e+00 6.327078456010738483e-01 3.934494184703210551e-01 1.532195654495069059e-01 2.267660114677001737e-01 -9.265118335780893333e-02 2.305577539295552147e-01 -1.742796756093158150e-01 1.485644692456314364e-01 -1.471532006861115405e-01 -3.642795725459654476e-03 6.563031486800209591e-02 -1.073420190948608521e-01 3.215485686849164915e-01 3.703559572953927792e-01 4.305604003944495384e-01 -1.170651084761313854e-01 2.747620675546425528e-01 1.536294152226141407e-01 1.101447407482550045e-01 8.779219592430928532e-03 -2.332799779763066947e-02 -2.051393408331465551e-01 -1.418833756588036565e-01 -2.668113789469738623e-02 -1.192308294105649119e-01 6.679832228168008923e-02 8.411189273620912898e-02 2.594689538667404802e-02 1.706008777804790544e-01 -7.676980855460233122e-02 -1.696928542647884244e-02 -6.326994378433808963e-02 1.297463729363962093e-01 -4.482525115950913852e-02 -3.673807443868786632e-02 -2.072286617143181964e-01 -1.849732070723441035e-01 1.568020006987824178e-01 -7.543325734946110944e-03 -1.020239665397507378e-01 2.356468473788687346e-01 2.504310303940254952e-03 6.510822682330821842e-02 2.925611561969524432e-01 -7.342843203233721805e-02 2.462476275421221217e-01 1.813625076491417187e-01 2.213330261530508936e-01 5.230640598372012784e-01 5.700525142503980458e-01 4.364638188755896597e-01 3.605726072525926584e-01 1.448634310766079014e-01 7.712669833161645006e-02 2.871765989397793706e-01 7.324354972427218891e-02 2.039875978827810632e-01 -2.281574708744511237e-01 -1.982577843741445411e-01 7.124931639178929549e-03 1.542255636323837387e-01 -1.082589494314070422e-01 2.226198237279488901e-01 3.152495093314564012e-01 4.134656886661348119e-01 1.562938736305364840e-01 2.927010660414050003e-01 -8.591211058625590480e-02 -1.557445158193373758e-01 2.253253093938399620e-02 -2.597546980019539431e-01 -1.090172385011059508e-01 -1.093369964968959052e-01 -5.361731422179884937e-02 -1.802937797855392044e-01 5.867881862680997956e-02 -3.601740577958145728e-03 -1.369948212475393667e-01 -1.075474627839094199e-01 -9.646241690477470876e-02 3.627931564844766484e-03 3.554901439423359399e-02 -2.934136711043302051e-02 1.134047122975897770e-01 8.447358833281549961e-02 -8.139661795250320575e-02 -2.740620164590319985e-01 4.880104455217969955e-02 1.014592049022603436e-02
3.979763489228890089e-02 2.656941902037898151e-01 -6.748613040927036594e-03 1.118877149539592580e-01 1.498690807725875096e-01 2.588339731102356489e-01 2.414915974639926799e-01 2.699121255892701354e-01 3.147772309965632953e-01 3.958372842723768548e-01 6.327078456010738483e-01 1.000000000000000000e+00 5.570737977677640007e-01 1.302705924206141730e-01 2.758648895508029053e-01 9.500524702778127828e-02 4.106831078474365015e-01 -1.613213660277854899e-01 1.340960597671349008e-01 -1.083181000143063344e-01 8.657493403732438586e-02 6.488333901711307306e-02 -1.162589046020636452e-01 4.614651045621874781e-01 4.156152944937062110e-01 5.124902921166748504e-01 -2.271246967860700572e-01 2.125241132317404191e-01 2.188030233473362007e-01 1.045816869704443985e-01 5.283751452253138137e-02 4.582572084384228805e-02 -1.625590163011757239e-01 -1.442672462959651569e-01 -7.473203596645680569e-02 -1.856729712813397215e-01 -9.303487680390871983e-02 3.899855787435745763e-02 -1.451095437991737069e-01 1.647961023652257107e-01 -2.552287038234302141e-01 -3.865357389399302901e-02 -1.530943835885743010e-01 2.112287654815872551e-02 -1.690657894026637853e-01 -2.714172769870337176e-01 -3.091019661195262835e-01 -2.576792208257833727e-01 1.516662984297882932e-01 -1.657360059632114746e-01 -4.732715668885509319e-02 2.222895653988597453e-01 1.945690953482940577e-01 1.798836773793320298e-01 2.607618165165163648e-01 2.607087910512346368e-02 3.305407073367517268e-01 1.619277179504847175e-01 3.633179872852206338e-01 6.632864636653419410e-01 6.844491454013783560e-01 5.867832317621487492e-01 5.436161944785457001e-01 1.999585894404666275e-01 1.668590807786866637e-01 3.052230189593582166e-01 3.061321518913720854e-02 2.713515058280352998e-01 -1.356592700070913260e-01 -1.271983285097753047e-01 1.683836409688477531e-01 6.449465703401488503e-02 -5.894722861467366348e-02 2.430491352523255766e-01 5.103923157687825229e-01 5.464043313591226969e-01 2.247152588128051853e-01 4.268174129814968909e-01 -1.088506824755061247e-01 -8.606830737023815625e-02 1.449379400826020237e-01 -2.938789181738563627e-01 -2.425735694285673649e-01 -1.202770918310405446e-01 -9.915390959180593600e-02 -2.818830945217518646e-01 -7.717870173948730705e-02 -1.437817550137705513e-01 -1.880676249252806465e-01 -1.793780457400415140e-01 -8.282178478568677504e-02 1.351901966384604636e-01 -8.220886375710992344e-02 -1.520887591396188898e-01 -5.901137470823526049e-02 7.024345662459424711e-02 -2.389544402495797359e-01 -3.914963425981023981e-01 -1.418043081425710179e-02 -1.027948882057349300e-01
6.000420882221963598e-02 3.509812667103943129e-01 2.646226950572828640e-01 5.925480858534768608e-02 2.074660079743607388e-01 3.411591871392940511e-01 1.146678986558333363e-01 3.077847401337797106e-01 3.546525888338669108e-01 9.695696615002104279e-02 3.934494184703210551e-01 5.570737977677640007e-01 1.000000000000000000e+00 4.979848509590624195e-01 4.710926545796923492e-01 -6.465861960199488501e-02 4.783871153183908431e-01 -3.513752198934388254e-02 2.403620782876538242e-01 -4.329022284764189044e-02 2.067977575845257598e-01 1.125229866136360501e-01 9.641972759636559254e-02 5.093524177814031662e-01 1.828208356506518251e-01 1.819538984253863678e-01 -5.715900272472414223e-02 9.867555878713098194e-02 1.676357210383188079e-01 3.030477232017962375e-01 -2.695080650816931642e-02 -8.556432034648363272e-03 -3.828832919080961683e-01 8.897607393175358675e-03 2.022761107566950142e-02 -2.006068640594877717e-01 -2.381350384733724457e-01 -1.603743369009636710e-01 -1.606550976035364675e-01 3.811092909889605973e-02 -2.174807729924217170e-01 -2.254074039706678301e-01 -8.620325716379136083e-02 -2.425738037271332054e-02 -1.022842540434126396e-01 -9.737259438696443947e-02 -7.794854851805731177e-02 -4.307582721180938656e-02 1.005053368532278918e-01 -1.338901907643640921e-01 1.240272936556181677e-01 3.568952508163164006e-01 1.490397276174606211e-01 1.771664687624402712e-01 4.070375085925345693e-01 2.718796892089743733e-01 4.144212658647646874e-01 2.579655638784917882e-01 2.844445330563805663e-01 6.003390478802470565e-01 5.359945797708103310e-01 8.396810741008992052e-01 7.679200380983448593e-01 5.453320504253372780e-01 2.818959788368958774e-01 4.408145496771808114e-01 -2.890044886300928428e-02 4.958078600653328949e-01 -8.010314163620808892e-02 -8.052903813388745391e-02 1.980549476487430405e-01 2.363559651690337604e-02 1.070182991615112045e-01 1.532210774409160092e-01 1.678775060146318332e-01 3.409042799778451149e-01 1.134030986011713843e-01 4.784648549663347850e-01 -2.398991825114066834e-01 -1.408306573848746579e-01 -8.610435760021946383e-02 -3.420457313144705247e-01 -8.899399807680921648e-02 -2.208131039671649976e-01 -3.010766893623362805e-01 -1.380880882226802886e-01 -2.715215052356350633e-01 -1.560692410284751641e-01 -1.025371680606918384e-01 -3.867541680683963534e-01 -1.799810636793381102e-01 5.730851660255377455e-02 -2.468175102487055184e-01 -2.229763898496221475e-01 -3.220811656284146562e-01 1.901736057132495661e-01 -1.662439567512252470e-01 -3.046362255804060393e-01 -5.798640204260399264e-03 -8.277474482269013556e-02
7.951739836178364773e-02 7.461959352707371596e-02 4.076180086764157884e-01 -1.297200246000954349e-01 4.697306357362955598e-02 2.243958183800111861e-01 2.826363533002058254e-02 1.494435692805529126e-01 1.704815207008877898e-01 -1.603059996318855485e-01 1.532195654495069059e-01 1.302705924206141730e-01 4.979848509590624195e-01 1.000000000000000000e+00 7.070929184615121210e-01 -3.502680961765443635e-01 4.546110380254611005e-01 7.959519668650609503e-02 6.100144192181791158e-01 -5.766918345627925629e-02 4.462969921913525484e-01 -2.408778097832514967e-02 4.034587041440327870e-01 3.608481616088812793e-01 -8.619625013627375820e-02 -1.243011212736591098e-01 1.284352738366044133e-01 7.210293893511506014e-02 3.550012388185899148e-01 3.439424567950791767e-01 -2.177298344383590267e-01 -2.061113062715748956e-01 -4.810516087615397951e-01 1.363982888872696531e-01 -6.580006929889359313e-02 -1.685816243313017493e-01 -1.720131666809260884e-01 -2.420009400527644017e-01 -2.175545172246999004e-01 -1.311198807775484088e-01 -1.095560700507329649e-01 -4.384614211960760066e-01 -1.491236781255199650e-01 7.197162220486402577e-03 -1.244113884203927045e-01 4.824408014030417968e-02 5.417110846593129608e-02 1.196751396888170588e-01 -3.820077369583244759e-02 -5.340472873461045433e-02 2.230229018150422793e-01 7.696178447731635841e-02 -1.393922449514597706e-01 -9.508617251890817690e-02 3.158221574067702764e-01 3.339984515823986033e-01 7.658385238075660073e-02 1.707726143171602040e-01 -5.174396087445197467e-02 1.649638892571126114e-01 2.428820893959564575e-01 4.611687029440778574e-01 5.487917261405922398e-01 7.475494109888889405e-01 5.777559063241161086e-01 7.174342622848455253e-01 -2.787289978855962344e-02 5.895140450224947148e-01 3.428933327879189058e-02 4.568000271517159983e-02 4.068862386812840959e-01 1.348244523397997829e-01 3.486245389378640480e-01 6.281412380716218380e-02 9.922394348330902669e-02 2.913885175297826341e-02 2.386365178836097056e-01 5.010305074327838781e-01 -2.612418174772990764e-01 -2.501950780307150013e-01 -7.193118270531678737e-02 -2.388539800283741577e-01 -1.170350050994747454e-01 -2.806592233202187536e-01 -6.144144429768962773e-02 6.636228494025472879e-02 -1.942981093518563740e-01 -9.881051025090072104e-02 -2.180597991579826672e-02 -2.180949707056104303e-01 -2.896106324828681688e-01 -2.993436799753843025e-02 -3.370643081586728318e-01 -2.170433617117175085e-01 -2.427389874949199000e-01 9.921054397445956685e-02 -1.600676006618496905e-02 1.318248772770858890e-01 5.288984252522703489e-02 4.924806487785495651e-02
-5.269343851768668735e-02 1.344732574593310859e-01 3.837550741097575102e-01 -6.642804110282611585e-02 1.448119206637079048e-01 3.720911156427366140e-01 9.229312672971275167e-02 2.100497607355437113e-01 3.496125336280885287e-01 -2.325310544061066215e-02 2.267660114677001737e-01 2.758648895508029053e-01 4.710926545796923492e-01 7.070929184615121210e-01 1.000000000000000000e+00 -2.798745780498592128e-01 4.546249339140980839e-01 -6.997551794171370798e-02 3.786878647744386650e-01 -6.226543351684784428e-02 3.918136083659288782e-01 -1.294830548831680528e-01 2.570114201272293286e-01 3.688710327211760509e-01 2.662806311419952873e-02 -5.525922839961219107e-02 -7.001807574657588351e-02 2.743282019736850708e-02 3.957400670698580925e-01 2.352745019176570029e-01 -9.179039591122717390e-02 -4.492220782682328217e-02 -3.915299679567954549e-01 -1.939672232982874236e-02 -1.512444494227068725e-01 -1.557089312185751251e-01 -1.528388360821930914e-01 -2.271569831178917309e-01 -2.388556554537448195e-01 -7.563763575251948590e-02 -2.710082459929618603e-01 -3.848112139842426171e-01 -2.665820942905394175e-01 7.664654891192827779e-02 -9.930214780984568390e-02 -8.432933591147101504e-02 -4.078668463563062119e-02 2.973069274905836001e-02 7.495664018197435718e-02 -7.814250134864725306e-02 1.807954342758587574e-01 9.027269467473961195e-02 -5.113451368780556894e-02 1.647004239974080714e-02 3.399156673714466836e-01 4.400244669983554568e-01 1.368768925885851251e-01 3.011915603296972388e-01 1.088873777918225733e-01 3.658731272206447449e-01 3.441515067272267192e-01 4.900576250252402510e-01 5.813349969616266044e-01 6.768324350317526106e-01 6.251085938533526010e-01 7.616014659548008270e-01 5.147320980394091972e-02 5.144472763400030901e-01 -5.794254140914213702e-02 -7.307004810260997463e-02 4.729712349550931338e-01 6.201178033406101048e-02 1.923940699718127145e-01 1.856222806070078890e-01 1.710172263936307335e-01 8.260127963915760152e-02 3.230988759711282965e-01 5.143844680629958699e-01 -1.789115333302622735e-01 -1.829901915305187643e-01 -7.603201135908312092e-02 -2.919039935783382389e-01 -1.788615439024898168e-01 -2.880454965864545636e-01 -2.052772664355511367e-01 -1.616485128684698111e-02 -1.287523028533084923e-01 -1.751469625848739997e-01 3.867023775918536355e-02 -2.983214389125979360e-01 -1.191082636464506211e-01 9.376595784760632935e-02 -1.793643839512573945e-01 -2.072018896299142876e-01 -2.630425724381689201e-01 2.160743711241297493e-01 -8.620795453139877551e-02 -8.258317616558881469e-02 4.373111693265155364e-02 4.849527068019761356e-02
