1.000000000000000000e+00 3.535914482521339552e-01 1.185140390948095646e-01 2.087283006401072505e-01 -8.809622810686469629e-02 9.779598588122112579e-02 2.251704889347048155e-01 1.813081180609538434e-01 4.927475703473372520e-02 5.011577369092484746e-01 3.684959145182220008e-01 3.465010303472334519e-01 1.460625783368462438e-01 -3.919826769415709067e-01 -2.471594786359308515e-01 4.472647905205134333e-01 -1.016132678825313329e-01 -1.147346040771227288e-01 -1.608754868537494997e-01 1.258240903152435253e-01 -2.593868361834688555e-03 -1.815937827190887421e-01 -1.707372723512856072e-01 2.888309523153337680e-02 5.862552637584420578e-01 -1.696254427878882490e-02 -2.400316071788497208e-01 -9.064350185942350591e-02 -1.356663867949686741e-01 1.206187443659859637e-01 9.664493780695430913e-02 6.203048059788286439e-01 1.010086938944649987e-01 -1.477339343193763144e-01 -2.056392945286955876e-01 6.271772868789711464e-02 -3.909859263302738891e-02 6.782004361819502503e-01 -1.749107095740499440e-01 2.723883418467578504e-02 1.473519228336575559e-01 2.096614044742978467e-01 -1.721082495514485999e-01 1.651168025511820237e-01 -2.275245794088505968e-01 -2.395137455517196146e-01 -4.129260866030041166e-01 -1.798254100040896641e-01 3.981306148148402446e-01 1.159682604396745642e-01 5.934459559350725444e-01 1.910036112375941009e-01 2.859965525177997625e-01 -9.990729516284975464e-02 -4.099510405109662442e-02 1.508560077235815422e-01 1.303706809510606635e-01 6.573786494741297448e-02 3.712482439514703247e-01 3.739032641667347501e-01 3.604000377194484517e-01 8.561696842904108207e-02 -6.329354265583639338e-02 -4.004392852330761199e-02 -2.245262125007929932e-01 -1.391860243790038199e-01 2.879928988417289060e-01 -2.079028035982633527e-01 -1.942902944326566628e-01 7.184056984386846811e-02 -1.434104226828264717e-01 -2.821169119389210778e-01 -8.060842008508938006e-02 1.360493834906632005e-01 -4.517109533990034537e-02 4.780082820669890875e-01 -1.953579687956400468e-01 1.225763903530634885e-01 -3.571859571543545969e-02 3.416888786835443059e-01 -2.272379365505632076e-01 3.801338478565466361e-02 -2.487846718767830756e-01 -1.537540573551037515e-01 -3.638678807920214808e-01 -2.931903507142351595e-01 -1.133909103141906849e-01 -1.723355397562024993e-01 -1.290502501055630288e-02 -1.181891539840098336e-02 5.235276929516118338e-01 4.711660791763627731e-01 1.161337165203756884e-02 -1.695606139098812873e-02 -9.942298224837291254e-02 1.167878741868514925e-01 -2.396550866694969473e-01 -2.170916286762623604e-01 1.507576604959975641e-01 2.126167865837573223e-01
3.535914482521339552e-01 1.000000000000000000e+00 5.254268518968807644e-01 5.087856884706426497e-01 3.988003372273559721e-01 6.674653284525184915e-01 6.966154637593037213e-01 6.763872991723851591e-01 6.066265025808639244e-01 3.740713110143499276e-01 2.051926071575879140e-01 2.697822283452402936e-01 4.961683176374559467e-01 1.140609993532945843e-01 2.104059186741462084e-01 6.098996408761973020e-01 -3.813051632470059182e-01 -5.020745710395997374e-01 -3.593918952427322400e-01 -1.850413149539598123e-01 5.125254702807393592e-01 -1.246175966246647338e-01 2.494868544151147560e-01 -2.824452593938093781e-01 2.634948150036202641e-01 -7.471578314550265942e-02 -4.492987773003436214e-01 -3.895545573070321455e-01 -4.360146503976600196e-01 3.438958602506543283e-01 1.765953915863974766e-01 2.871943434436302622e-01 -1.699581514368583013e-01 -5.933276954113828605e-01 -5.240580754611314784e-01 2.493824499421906926e-01 -5.686417199799526090e-01 2.230569809563705264e-01 -1.661894830023683822e-01 1.690231244792606002e-01 -2.608963414615441678e-01 -1.432499922811853732e-01 -4.518872360573063518e-01 -1.872365822130687141e-01 -3.656595793163622821e-01 -5.326121421832160641e-01 -4.350541397841828362e-01 -4.818321856047198537e-01 6.258679028498729258e-01 -2.357137118387062635e-01 4.270457868872883922e-01 7.314135656271021357e-01 5.600604163807428870e-01 3.293897358184223467e-01 6.272595056765182253e-01 6.232308095363154887e-01 5.792737332197002154e-01 6.292504033749329873e-01 3.693240614959608092e-01 3.151318952038214549e-01 3.988084150220058133e-01 4.437093527974811380e-01 3.640821848234871427e-01 4.002235609559864904e-01 2.139442722392294882e-01 3.889949714666444680e-01 5.887654584284168768e-01 -2.789343315647538346e-01 -5.765136402328694398e-01 3.547282130923341522e-04 -4.505296786875587906e-02 -2.287475842051718000e-01 3.668802689789809612e-01 4.683402538488011246e-01 -1.078586907653168909e-04 2.178967707428731415e-01 -1.022730170623389195e-01 2.671044824303664411e-01 -3.544834099329752242e-02 1.240583062011095944e-01 -5.265252992641340501e-01 -2.987649592342920823e-01 -4.971111106982128991e-01 -2.467160539259941610e-01 -5.581382967176863330e-01 -2.469580650534325128e-01 -5.828340597658995259e-01 -4.758862537435727957e-01 4.368280818641838426e-02 -3.457766273948469360e-01 1.116995797367431181e-01 4.653220422195507022e-01 3.716739797505271836e-01 -2.966206740148096266e-01 -4.162619455068263807e-01 -1.555008673752271420e-01 -4.314954408621902715e-01 -4.957966947843093219e-01 5.551467394108897668e-01 -4.430636179482849019e-02
1.185140390948095646e-01 5.254268518968807644e-01 1.000000000000000000e+00 1.456669171462328383e-01 1.680064576917552344e-01 4.234520512016744509e-01 2.557216628394705094e-01 3.001864637838163596e-01 3.472985005007991899e-01 2.193255283986331183e-01 1.517173061656090782e-01 1.906742157975404028e-01 2.930531565676975370e-01 7.088882019241428412e-02 5.201920576115937056e-02 2.124113894968029104e-01 -9.562616486549779804e-02 -2.988467167960626725e-01 -1.737103031685275079e-01 -2.940116012329044293e-01 2.489255774784722153e-01 1.004662167655044208e-01 2.224409755710700654e-01 -8.104652086240696218e-02 1.747281147763511400e-01 1.669460538682765449e-01 -1.172488255031549770e-01 -7.928315018563329708e-02 -4.529790428425073401e-01 2.722236950137170153e-01 -4.199339279225542711e-03 6.721314071049722116e-02 -2.510069071955453590e-01 -3.653174135420139135e-01 -1.492851403579445457e-01 -3.254691764828587797e-02 -4.658680387567065151e-01 -4.537804007199621598e-02 -1.445389099366260199e-01 2.188609303737238665e-01 -1.648861495282135103e-01 7.219074288036825097e-03 -8.161030843507631471e-02 -2.064554616366036932e-01 -9.754484901130984487e-02 -2.588131795169036908e-01 -7.442274441148703790e-02 -2.639178049745755095e-01 1.822768358943399059e-01 -3.202945430485802381e-01 7.965176354207635645e-02 4.033635649199314721e-01 9.292037331589801663e-02 -4.797158840671086714e-03 3.491396004873146830e-01 3.151508702402174289e-01 2.029939346215442753e-01 3.268774909715144728e-01 2.213645374141680333e-01 1.781995167498602872e-01 1.971491650640721516e-01 1.856817120915561503e-01 1.732678874567493699e-01 1.616839969720534620e-01 7.460909850258790055e-02 2.177898682135241959e-01 1.984288460465987169e-01 -6.391231129483357365e-02 -3.278166115576017781e-01 -2.253491696947405171e-02 -1.527659299441241347e-01 9.698434424207927340e-02 4.209653939876541462e-01 2.621096978124350385e-01 1.503732521867200134e-01 2.146456613830785565e-01 -1.586058552665015053e-01 3.396844124423473166e-01 -2.150378912616736082e-01 -1.127040710711883428e-02 -2.575603952664801688e-01 -2.449610662040586084e-01 -1.761882701103242577e-01 5.225501684076008790e-02 -1.381614524526348364e-01 8.749093034451005391e-02 -4.680923751306418912e-01 -1.310048638854627578e-01 -1.559719127699979446e-01 -2.653462040969895019e-01 -1.219358756956688966e-01 2.440902585641779865e-01 2.101477318787353665e-01 -2.996836438246201079e-02 -6.610887284884769954e-02 -1.828839468931536261e-01 -1.986580843589333123e-01 -1.539872962797495803e-01 1.120512587366455370e-01 -2.279970592695070297e-01
2.087283006401072505e-01 5.087856884706426497e-01 1.456669171462328383e-01 1.000000000000000000e+00 5.873610029732088123e-01 3.359203538362189878e-01 6.599429893492835264e-01 7.162987003659071483e-01 5.348520256402369277e-01 -7.343998629337146478e-02 3.818419565945370131e-01 8.794997942001130109e-02 3.638975686251539887e-01 -4.552444237460361379e-03 1.734290406597079406e-02 5.015625088560577982e-01 -3.696257200764920814e-01 -3.860207185928095086e-01 -4.703851361130378939e-01 -1.980072701253349499e-01 2.133867360165294935e-01 -1.631143630971572944e-01 -7.073149326948369175e-02 -4.376573588975105067e-01 -1.252997185542753800e-01 1.144143852030754388e-01 -3.023105251594713216e-01 -2.603712640508954457e-01 -1.811596738695178399e-01 -5.291097791819481672e-02 6.473422574219944714e-02 2.032194381766189162e-01 3.696560470954880773e-03 -3.700691146040812618e-01 -4.578006781189742913e-01 2.466546998890314091e-01 -3.355060880748247931e-01 1.580739828090610977e-01 -2.653846007315339151e-01 -1.466278712044240817e-01 -8.655427812078629601e-02 -2.418799715766282721e-01 -4.335908179724331513e-01 -1.283658497072687754e-01 -7.095898897983748954e-02 -4.230348428382699200e-01 -6.022588902805546818e-01 -3.882111709721305370e-01 3.828101570987234581e-01 -7.080712746950809655e-02 3.945510828405362491e-01 6.857624373783728355e-01 7.191095527996799186e-01 7.459654436969658242e-01 3.299205102730201067e-01 2.418789589178338695e-01 6.726594755248740398e-01 6.604896779594839895e-01 -8.166405550828349791e-02 3.615644816656303773e-01 3.844686488681266501e-01 4.346997854005200113e-01 4.103359108887716378e-01 3.347612969742242428e-01 1.621636578486066460e-01 2.051626907495900376e-01 5.066309372652276766e-01 -3.261620791667338426e-01 -5.874506589141512691e-01 -1.499626276666296727e-02 -7.487671554356306602e-02 -3.648137356203153270e-01 3.583525497890095723e-02 2.950372566162642873e-01 -1.569348396119161493e-01 3.367803296256506682e-03 -1.262277218557212310e-01 -1.029460092388224529e-01 -3.013052184288127558e-02 2.307664331162443197e-02 -6.466087148724455336e-01 -2.308537210554476582e-01 -4.253276449171603524e-01 -4.923677101702059744e-01 -4.182197850223606239e-01 -5.292120990976285633e-01 -3.925595090501683426e-01 -2.888499888385271386e-01 -2.658890061948860142e-02 -4.342853464644140793e-01 4.766861057207348942e-03 1.009884048765170017e-01 1.443115229434189517e-01 -3.827840445105795131e-01 -5.417077256963503951e-01 -9.602986339463455423e-02 -3.578752834519768333e-01 -5.972805441870435716e-01 3.777308659493330834e-01 2.949610203786639379e-02
-8.809622810686469629e-02 3.988003372273559721e-01 1.680064576917552344e-01 5.873610029732088123e-01 1.000000000000000000e+00 4.514183462748554421e-01 4.457480507751200860e-01 5.136946051907563815e-01 4.984685080134769741e-01 -1.013643256851651103e-01 6.212496452148178611e-02 -1.194980252437273377e-01 1.433584661324509568e-01 -8.696606294558529432e-03 2.719196121041943942e-02 2.579193965249775844e-01 -4.927237618734260916e-01 -3.239722429086417943e-01 -3.871808836799169318e-01 -1.344756786967038209e-01 2.450345813118809113e-01 -2.403716150720717759e-01 -1.174916300107473055e-02 -3.682835270882944823e-01 -2.441267466262230790e-01 -7.875738828415105794e-03 -3.093938390170400399e-01 -3.239902699532213326e-01 -3.138052789974616341e-01 -4.041170289630886120e-02 -1.786578518085719103e-01 4.186683116729814774e-02 1.361220682964553730e-01 -3.146353254148452905e-01 -4.102944332906476865e-01 1.917155623251904084e-01 -2.851156513820612970e-01 -5.014436429937442138e-03 -1.151648652592398951e-02 -1.096318219915858594e-01 -1.301030830362957802e-01 -3.485168987087529091e-01 -3.336834502446860973e-01 -3.154313003659530712e-01 -9.709558009132494838e-02 -2.864640609614786393e-01 -3.331823341719049592e-01 -3.434751410043934694e-01 4.023542111946527555e-01 -6.357391209007087762e-02 1.501336672824423457e-01 4.993051184473131232e-01 4.621180798689573099e-01 6.948832258013331042e-01 5.161345588314967259e-01 2.981376444985512353e-01 4.352768653176142255e-01 5.563128849613511173e-01 -6.808160093134918434e-02 8.556636712584436699e-02 1.498188254935002850e-01 2.331879803143559748e-01 3.031861728742265560e-01 2.390308587156239617e-01 1.859052493082604396e-01 2.189620104014724788e-01 3.120249470692071925e-01 -4.315547310985005103e-01 -3.948147941466668143e-01 -6.801908452606378330e-02 -7.159692494225676496e-02 -3.236055834651299645e-01 3.786725269707782310e-02 2.006856672632870153e-01 -2.838345764440926566e-01 -2.007177493958761383e-01 -1.628086254770404750e-01 -1.022041017222183740e-01 -1.427402793436666206e-01 -1.295266728235041354e-01 -4.875608903494070834e-01 -1.237934113157052041e-01 -2.871316621594394713e-01 -4.705336863228951061e-01 -2.733350633442098165e-01 -2.773396407034490196e-01 -3.138476484488945117e-01 -3.668683557780916260e-01 8.567259029465097708e-03 -3.338064274129927123e-01 -3.105151424695042073e-02 -9.877810971529973894e-02 1.522058157922115407e-01 -4.175256733165895739e-01 -3.936723182409232469e-01 -1.675660699874010895e-01 -1.215757293958261015e-01 -4.235645701485160064e-01 3.938548520698631483e-01 4.848295055858361374e-02
9.779598588122112579e-02 6.674653284525184915e-01 4.234520512016744509e-01 3.359203538362189878e-01 4.514183462748554421e-01 1.000000000000000000e+00 6.344535069529683158e-01 6.594276162715356771e-01 7.471862204015449205e-01 2.294056405349426675e-01 1.259619546696211234e-01 1.355251247298898398e-01 6.006749953079517645e-01 3.409706345322047194e-01 3.838486304354302714e-01 4.537699566052343925e-01 -4.098139510190103030e-01 -5.561707489639616808e-01 -2.681011789665759815e-01 -1.837796018683314769e-01 6.494277257857040686e-01 -4.674426312328430234e-03 4.204799545162740126e-01 -3.105366245685273752e-01 1.371150038835406149e-01 -1.249184694998472511e-01 -5.036266571607023179e-01 -4.984352854297060542e-01 -4.481509295977961216e-01 3.546748114284987152e-01 9.722332760452495615e-02 2.865324587393430766e-01 -3.069807324176170304e-01 -6.370987315400188367e-01 -5.228795122261187256e-01 3.112498887090670019e-01 -6.998044317984404294e-01 5.311430012273959944e-02 -3.203536033557038282e-02 1.722633030377730690e-01 -4.318298613073154879e-01 -2.419714494862395260e-01 -5.273419958171335908e-01 -3.696085784278728137e-01 -3.961678250595078721e-01 -4.798453253975091259e-01 -3.284468569079490585e-01 -5.431719910275675245e-01 7.249975941793500578e-01 -2.634309289260666209e-01 2.399842714545709910e-01 6.628882674241014517e-01 4.647686725297123234e-01 2.830689328911359381e-01 8.104391364261075426e-01 8.423086800918542227e-01 5.817403243296397353e-01 7.071994281158955342e-01 3.467573563923044833e-01 3.163468927720608503e-01 4.347413981464434696e-01 6.092207772588612569e-01 6.139059960931789739e-01 6.233304910280998978e-01 4.152761020043928553e-01 6.069806910519199850e-01 5.931477202009604044e-01 -1.720132694502822246e-01 -5.775650359135696688e-01 4.099799578650444032e-02 1.128511734925918830e-01 -9.985368218240438243e-02 5.356732706158972013e-01 5.545654583974077845e-01 3.490526925619030774e-02 1.049695900776290575e-01 4.185006147467487669e-02 2.345149184820723431e-01 -5.212892214898794813e-02 1.307629211382061729e-01 -5.156876725117258697e-01 -3.354202433241187942e-01 -5.123176144076009297e-01 -1.723979471579711042e-01 -4.860559492186358188e-01 -8.066269647472458504e-02 -6.741824994625921219e-01 -5.665939661526764315e-01 1.988360572564043249e-01 -3.465723517202190518e-01 -3.694871821254575722e-02 4.343739802742405121e-01 5.208834004205326051e-01 -3.441907765446756695e-01 -3.216608806008660060e-01 -2.235615474367353417e-01 -3.632793608267750329e-01 -4.894394042591920790e-01 7.288427667302708191e-01 -4.505395298202566345e-02
2.251704889347048155e-01 6.966154637593037213e-01 2.557216628394705094e-01 6.599429893492835264e-01 4.457480507751200860e-01 6.344535069529683158e-01 1.000000000000000000e+00 8.622322984494305009e-01 7.729465596563892538e-01 2.584492018655394352e-01 3.825713387803588716e-01 3.507014359452213514e-01 6.022222469702640524e-01 1.944326384999615076e-01 2.899543056305101119e-01 6.585016497015637738e-01 -3.461010732592908479e-01 -6.545249086950767348e-01 -3.809682720456116778e-01 -2.656027719668970777e-01 6.114203498100867495e-01 -8.630687220246097136e-02 2.487421373378197187e-01 -2.911191701308665780e-01 2.010139620825145690e-01 1.007297195848175786e-01 -3.813084503369716938e-01 -3.392235755362764671e-01 -3.038206881768240608e-01 2.674072862856086141e-01 1.823393034708281624e-01 3.051620718015294331e-01 -2.788179640611019861e-01 -7.003011164622978679e-01 -5.980237302829478629e-01 3.361733707744130606e-01 -6.181792281377855858e-01 1.728017997509606052e-01 -2.938841237252291516e-01 1.202737636726667753e-01 -3.782480795059641743e-01 -9.858247616201890051e-02 -5.073544728763053069e-01 -1.762240235726759974e-01 -1.883429260815304151e-01 -6.392344508419948168e-01 -6.293650527308426446e-01 -6.576253746943165890e-01 6.238496785083272878e-01 -2.677855702536981464e-01 4.149155739343837190e-01 7.985061048781760817e-01 7.853994641018634537e-01 4.991281845046482424e-01 6.210563026896630534e-01 6.432270838253505429e-01 8.205738513322206051e-01 8.145389236710203207e-01 3.104803001715873978e-01 4.979877926845682756e-01 6.109985580138520556e-01 6.230674551228282398e-01 5.461014815855418369e-01 5.784534617256232858e-01 4.398562532209470133e-01 5.066123761612774112e-01 7.121414283513338717e-01 -2.322719510939680598e-01 -7.563099793881802313e-01 -6.204366106366136085e-02 1.377637792726558660e-02 -3.573652975310616653e-01 3.283533540599508638e-01 5.747814182449501041e-01 1.328185469164678834e-01 2.665283894261947784e-01 -6.816583123868108669e-03 1.284563088659045615e-01 -2.586415719545737818e-02 1.467079377024139986e-01 -6.840765922386570219e-01 -5.114476399762122316e-01 -5.140945040030820978e-01 -3.492896342834819201e-01 -5.433305712615206229e-01 -4.978654005826020912e-01 -6.385269562017548139e-01 -4.189065104139432782e-01 6.246810441727097818e-02 -5.280775192698462517e-01 -9.238658041675919252e-02 4.566130645587007097e-01 3.862509611352035743e-01 -3.464686854303474783e-01 -4.831994018073462183e-01 -2.187757297869540596e-01 -6.060142578891669629e-01 -7.194266890937968117e-01 5.988759946067860884e-01 -8.008500645882871138e-02
1.813081180609538434e-01 6.763872991723851591e-01 3.001864637838163596e-01 7.162987003659071483e-01 5.136946051907563815e-01 6.594276162715356771e-01 8.622322984494305009e-01 1.000000000000000000e+00 8.136762047088121896e-01 1.306579102997660058e-01 4.256734390621618180e-01 2.795283390216356523e-01 6.654864973535901118e-01 2.061412282722359102e-01 2.403458747228848502e-01 6.087052984040456360e-01 -3.418262094430520315e-01 -6.483853081417478847e-01 -4.327657296520795449e-01 -3.378365479059520227e-01 5.479112936387491306e-01 -4.991175227605054027e-02 2.392882206215701246e-01 -3.845047296319520358e-01 1.128980907968446662e-01 1.024042035240849413e-01 -4.734666015441883480e-01 -3.623004558348311699e-01 -3.891275144169106248e-01 2.428134083427432033e-01 2.298722443685409234e-01 2.897029561719196566e-01 -3.227271690778684143e-01 -6.743656357118000821e-01 -5.781164725551100059e-01 3.368736579867279146e-01 -6.508045792933845330e-01 1.170252292463693639e-01 -2.777186335217339264e-01 8.144545209954827392e-02 -3.143061727331269983e-01 -1.309727424733505008e-01 -5.042276148512621070e-01 -2.145314472019429208e-01 -2.246776322654367997e-01 -6.255576186929362459e-01 -5.911280931512979953e-01 -6.719697594952911412e-01 5.817854904727268739e-01 -2.437491216211251921e-01 3.653621172551275165e-01 7.754602044066248867e-01 7.066472514470818478e-01 5.388071486036175584e-01 6.552576157443720239e-01 6.285243258815634837e-01 8.508250168408053593e-01 8.746028414773864279e-01 2.212766602470675470e-01 5.416353163883476096e-01 6.384672770510884110e-01 6.885952943329870513e-01 6.273658521077383199e-01 6.343680369346947900e-01 3.988742493075459472e-01 4.818574230264023317e-01 7.263895638252568787e-01 -2.406218562343861167e-01 -7.827937562409661432e-01 -1.444337074561384028e-02 3.148287075609359359e-02 -2.574697939085274223e-01 3.399448200670586173e-01 5.822631438901981760e-01 1.106641166628341832e-01 2.243133911620544541e-01 -4.740477401522957823e-02 1.176506189438614458e-01 1.440699672302038319e-02 1.453031059015955639e-01 -7.263941378648312019e-01 -4.695740443680647691e-01 -5.340729932136838443e-01 -3.037484055279014994e-01 -5.817276591305899913e-01 -4.139583141875752825e-01 -6.731449264092551621e-01 -4.265534951399043151e-01 5.633721739921636329e-02 -5.369590282843061946e-01 -1.106576760414276772e-01 4.059070423806759864e-01 4.244413459609102102e-01 -3.427477325545559284e-01 -4.914594084722471723e-01 -2.215367979770304641e-01 -5.726664321524417289e-01 -7.414358018885349733e-01 5.846060806553787792e-01 -5.940972279605811340e-02
4.927475703473372520e-02 6.066265025808639244e-01 3.472985005007991899e-01 5.348520256402369277e-01 4.984685080134769741e-01 7.471862204015449205e-01 7.729465596563892538e-01 8.136762047088121896e-01 1.000000000000000000e+00 1.226933215123600096e-01 3.153456985883029695e-01 2.226945504607959481e-01 5.869590191366851339e-01 2.313372665035651754e-01 2.522210349042672828e-01 4.840538442707389422e-01 -2.827464503508819726e-01 -6.223272825078588477e-01 -3.426726535887770764e-01 -2.985164445309312908e-01 5.859986762285634976e-01 2.000072571589441017e-03 2.987535365532653642e-01 -2.984376255487271590e-01 6.991074628152287029e-02 3.792183758403579186e-02 -4.721686026753624810e-01 -3.433707779590198239e-01 -3.791329136466822791e-01 2.634290855766652784e-01 1.857303441318231274e-01 1.885516302670825484e-01 -3.362330857981103427e-01 -6.526766971715101118e-01 -4.900807578146475496e-01 4.004657774759917688e-01 -6.955478558083294516e-01 5.509150103358220404e-03 -1.342541951381652499e-01 2.213691369316274637e-01 -3.350275186793542082e-01 -1.566213876705788710e-01 -4.449272531827522803e-01 -2.939992103521023026e-01 -2.379632849447446408e-01 -5.614354710689721806e-01 -4.637468833146844993e-01 -6.418144255442885804e-01 5.845511740398391387e-01 -2.558993695427801418e-01 2.010853610672572456e-01 6.763542652863570037e-01 5.847223871662975414e-01 4.007318363828450969e-01 7.111738842314364595e-01 6.959586183260186854e-01 6.790698370139603979e-01 8.593404875582080216e-01 2.239720947736932588e-01 4.388068738902232147e-01 5.258597405904902322e-01 5.814736465359660045e-01 5.676786124434777259e-01 5.832573641213321114e-01 3.515159633005408568e-01 5.240371589010700548e-01 6.619001287508557985e-01 -1.961580890514323383e-01 -7.076144991748899438e-01 -6.739742612127057331e-02 8.762220399937034609e-02 -1.547091584067992187e-01 4.031648223731613689e-01 6.447042579502126891e-01 1.568965490878493629e-01 1.696982273124650886e-01 5.862696729834931952e-02 1.255395530521185299e-01 -2.467882630589419979e-02 1.034249577115008839e-01 -6.247379968073700773e-01 -4.686380441796277330e-01 -4.884940363911624006e-01 -2.162722165539576191e-01 -5.340802611629116292e-01 -1.950354741258518987e-01 -6.966041816698590461e-01 -4.143942301777280846e-01 1.669335661788258207e-01 -4.508296918869459935e-01 -1.260330158847481896e-01 3.602992137215843549e-01 5.487520768454345887e-01 -3.406431014906103893e-01 -3.610553339906052983e-01 -2.706308120248807070e-01 -4.988515071502684917e-01 -6.131700285657568639e-01 5.989328903999345810e-01 -7.477270754840448230e-02
5.011577369092484746e-01 3.740713110143499276e-01 2.193255283986331183e-01 -7.343998629337146478e-02 -1.013643256851651103e-01 2.294056405349426675e-01 2.584492018655394352e-01 1.306579102997660058e-01 1.226933215123600096e-01 1.000000000000000000e+00 2.135074352126052066e-01 6.403583358250553026e-01 1.897276967840161310e-01 -1.630783813898412926e-01 1.665553813100053293e-01 4.177933926406202092e-01 3.201688948954018506e-03 -2.003028929484650944e-01 1.878875178367465926e-01 -7.613049254573675539e-02 3.192170792017652303e-01 1.694788923805186920e-01 1.968010121654105993e-01 3.029807111726069979e-01 7.858604527804632367e-01 1.908285669972397403e-01 -9.228107380906129531e-02 6.739262174657356663e-02 -2.405516608464432771e-01 3.945454928924101989e-01 -8.172779814891754924e-02 3.583146756214888873e-01 -5.709364877477439426e-02 -3.535115020071194492e-01 -1.243434678128305798e-01 -1.420007753752350610e-01 -2.992576421890183469e-01 3.454089276296675171e-01 -2.393787594047058487e-01 3.521405924915636532e-01 -2.759040402351261578e-01 3.463375642675874944e-01 -9.845542607665756785e-02 -1.386197901287183065e-01 -3.166099710300824821e-01 -4.235284715549325618e-01 -2.093801280543718668e-01 -2.898709475446967221e-01 3.051250010566060600e-01 -3.379651988467407553e-01 2.919420017873752271e-01 2.232819894915415715e-01 1.251256195396910353e-01 -2.066249355651111064e-01 1.937827899926314046e-01 3.761405732110950084e-01 1.376864539199999238e-01 1.072590634966677364e-01 7.823652195840397061e-01 3.334836210028121473e-01 4.098054107740629615e-01 1.033296388000519150e-01 -2.706256634387450496e-02 6.324935095327550993e-02 1.482734216585758144e-02 2.588723044075737501e-01 1.957786252612818689e-01 2.956986389545511462e-02 -1.420486196810666346e-01 -1.019129652644734652e-01 -2.156095696417832386e-01 -9.092912031031782916e-02 2.095284516693601828e-01 3.103014937902577874e-01 3.160930614145830986e-01 6.552855947791306201e-01 -2.231041875444107064e-02 4.711519166195723418e-01 -3.045749695111137356e-01 1.196808167081354901e-01 -1.304869032710771759e-01 -2.947035487930322328e-01 -2.463147673833618878e-01 8.990368053388961278e-02 -2.110537009293493582e-01 -1.704085136433180769e-01 -2.732633198723488643e-01 -4.849124975247974534e-02 -1.251809183305487572e-01 -2.617149128495072086e-01 6.431076689519846235e-02 6.439854251697687548e-01 1.515319399235967868e-01 1.425300796105183065e-01 1.348925704882060830e-02 -2.827395263035386574e-01 -3.987160069331918688e-01 -2.162985369511364886e-01 1.872818339993480297e-01 -2.255872699156740435e-01
3.684959145182220008e-01 2.051926071575879140e-01 1.517173061656090782e-01 3.818419565945370131e-01 6.212496452148178611e-02 1.259619546696211234e-01 3.825713387803588716e-01 4.256734390621618180e-01 3.153456985883029695e-01 2.135074352126052066e-01 1.000000000000000000e+00 4.970893793680880579e-01 2.966680521804322956e-01 -2.731835545370502327e-01 -2.020067433969795490e-01 3.566359841843254608e-01 5.769124790242075723e-02 -3.174283156778563431e-01 -2.528536695298111425e-01 -3.437782399635573305e-01 -3.194273436238848768e-02 6.143372302106716448e-02 -1.435462391396931936e-01 2.499034066672535526e-02 3.365877633238724687e-01 4.422128618691846813e-01 -7.773555508662007008e-02 9.327446753097674847e-02 -2.254845387330324247e-01 3.944147792807463360e-02 5.756634163185984920e-02 3.256980784805370011e-01 -2.194706256154305146e-01 -2.848305570656142760e-01 -1.974984318875064038e-01 1.460375989214867005e-02 -2.272904742033361736e-01 1.808272644060930912e-01 -3.506143106755740257e-01 -7.518401949035694032e-02 1.123285575771751227e-01 3.028751427913033423e-01 -2.639126580169218195e-02 7.461063517901365960e-02 5.698483609098343311e-02 -3.160211828762968800e-01 -4.615699045123525246e-01 -3.604071730933212647e-01 1.825949148484010132e-01 -9.090121621890596970e-02 3.064407637385740957e-01 3.131476310903997251e-01 3.332079134513024066e-01 1.326287707922121917e-01 8.851073943800159827e-02 1.555741479967786833e-01 3.605632677428305399e-01 3.369442528160463413e-01 1.176870541130444481e-01 7.245891661004990603e-01 5.649839820902724519e-01 2.730755824421582378e-01 1.993454233025634958e-01 9.619491136255156616e-02 -1.416038584527576638e-01 -2.130790295747780200e-02 3.585035699412565946e-01 -1.099552547493064664e-01 -4.010332342745122625e-01 -1.174611155879690255e-01 -2.504894058893588626e-01 -2.091547496447569432e-01 -2.851491855139196355e-02 2.509167097194590079e-01 2.936066724378285087e-01 5.364671699831373708e-01 -2.122591726996587158e-01 1.178202510983196172e-01 -1.483006381629270176e-01 1.198818362537810434e-01 -3.084867113857010512e-01 -2.792288069284042940e-01 -1.705543825042752371e-01 -1.438209472494637875e-01 -1.732327806718225449e-01 -3.804027555049475096e-01 -2.977534659527641403e-01 1.011341622341060814e-01 -1.234604351412618428e-01 -2.710014692302563089e-01 -4.067754315941457532e-02 2.118057125421833609e-01 3.051484731742491394e-02 -1.164558661642544138e-02 -4.521377513215098926e-03 -8.987609624810380393e-02 -3.487946468194490501e-01 -4.614722965379568498e-01 5.432440604054240146e-02 -9.770214927749444264e-03
3.465010303472334519e-01 2.697822283452402936e-01 1.906742157975404028e-01 8.794997942001130109e-02 -1.194980252437273377e-01 1.355251247298898398e-01 3.507014359452213514e-01 2.795283390216356523e-01 2.226945504607959481e-01 6.403583358250553026e-01 4.970893793680880579e-01 1.000000000000000000e+00 3.463678302729328862e-01 -1.357996314128410431e-01 1.653489654051126800e-01 4.397848511615433109e-01 2.963717453009123703e-01 -2.405097658911734548e-01 1.534509668238857871e-01 -2.450869561168911859e-01 2.387743966505857796e-01 3.952043479803799553e-01 1.646773879613209757e-01 3.306330594579475757e-01 7.134907526875188255e-01 4.621919209993715638e-01 2.480036704299357769e-02 2.992405160848297663e-01 -1.581045741574830521e-01 4.177360857320062126e-01 -5.052309444008258924e-05 1.325132376422023250e-01 -2.215422619555907358e-01 -3.574393098231379851e-01 -1.810589357827789916e-02 -1.391244705115965707e-01 -2.925258633634226779e-01 1.219336961443200362e-01 -4.579756507304117985e-01 3.712233099992299779e-01 -2.055337957569643992e-01 5.160948645763070441e-01 3.257870828412547798e-02 -5.959672893035306007e-02 -1.636469419258886060e-01 -5.006127219367212389e-01 -2.983601932254998923e-01 -4.291493605315432336e-01 1.670543261634795384e-01 -3.261015058778391484e-01 1.865057549517078472e-01 2.087532117366744100e-01 1.473940509385936737e-01 -1.309279515042919839e-01 1.006886045043064865e-01 2.668967142521226910e-01 2.206886916647406716e-01 2.257033339392613136e-01 6.064904514691100701e-01 5.732299702167029665e-01 6.180993229436206882e-01 2.127817096755212911e-01 1.356888373862127212e-02 8.653150062446612889e-02 -3.364522166525612396e-02 2.228834955680046026e-01 1.946488686609046670e-01 1.922582016868058241e-01 -2.758942180729619387e-01 -3.042545110285635804e-02 -1.059980853457729993e-01 4.536767895633674053e-02 1.733408354658678430e-01 3.435660392901095372e-01 6.620699512314683899e-01 8.154020166794840874e-01 -1.977745769684207539e-02 5.108702307434476175e-01 -3.102883909244831262e-01 5.174406014277185654e-03 -1.934641015165101674e-01 -4.742324424634546953e-01 -2.104286843763719383e-01 2.270446426386622252e-01 -1.976498308489333111e-01 -2.710924389209163343e-01 -3.013339914879603620e-01 1.479168740401236304e-01 -1.560015223005766782e-01 -4.035248756529589698e-01 -1.832643452716389287e-01 4.860349943790552851e-01 5.816328179888729383e-02 2.005936365183560721e-01 2.585050963811063793e-02 -3.672147330710123780e-01 -6.264378502165124374e-01 -3.181626001272485627e-01 7.655373318279364014e-02 -2.762809855711861884e-01
1.460625783368462438e-01 4.961683176374559467e-01 2.930531565676975370e-01 3.638975686251539887e-01 1.433584661324509568e-01 6.006749953079517645e-01 6.022222469702640524e-01 6.654864973535901118e-01 5.869590191366851339e-01 1.897276967840161310e-01 2.966680521804322956e-01 3.463678302729328862e-01 1.000000000000000000e+00 4.705979687346957818e-01 4.554298138536421181e-01 4.713543254805027116e-01 -1.170815513249858220e-01 -5.295888414622124118e-01 -2.239640702176560749e-01 -3.544195264852147420e-01 5.671334023170039318e-01 2.108140617212291013e-01 4.971992293479892133e-01 -3.251522556353895754e-01 1.982187818679546909e-01 1.216540956658595900e-02 -4.273569819708867290e-01 -3.486300120419249526e-01 -3.651921863771823151e-01 5.150179221049872025e-01 2.280094319923115787e-01 2.233869371348961019e-01 -3.889980220698832647e-01 -5.606031828898263569e-01 -3.754816938318571995e-01 1.368009589686657590e-01 -6.501206479200644095e-01 8.810669976568723596e-03 -2.854267408619767243e-01 1.242463801172383336e-01 -3.947724230106436916e-01 -1.323143851947842231e-01 -4.100737736421591895e-01 -2.498104699313143384e-01 -2.965352504158998981e-01 -5.321914022297060676e-01 -3.076333083405995428e-01 -5.017765454317797413e-01 4.727620075615692752e-01 -3.141759957461981445e-01 2.408568043169163064e-01 5.630631333059638033e-01 4.454802415287800188e-01 1.902955696673279684e-01 5.106179926387428569e-01 5.903726111638527563e-01 6.421739149973554328e-01 5.658866572768539438e-01 3.750045999373708416e-01 5.301957160711563422e-01 6.446613050323095617e-01 8.587074758158728116e-01 7.305666169126369125e-01 7.352044033535347634e-01 4.292217756847819810e-01 6.355577952174065182e-01 5.987503425609626007e-01 1.933117122910011157e-02 -6.548438930744437947e-01 1.100565355030296150e-01 1.085256349264056147e-01 1.158395918749213216e-01 5.724665083868585302e-01 4.535520181945411067e-01 2.099554244214122956e-01 2.425670113057343258e-01 -8.471508179801813185e-03 3.937489457770251833e-01 2.309154104575081648e-02 1.189612745677174899e-01 -5.769055932352225025e-01 -4.025699728750981032e-01 -4.871779033519599289e-01 -1.942231950314700709e-02 -5.450159522956723457e-01 -1.861826302029669367e-01 -6.867316374923049249e-01 -4.125387417699624693e-01 -2.613774348221341651e-02 -4.527083755519734076e-01 -1.634315258068936016e-01 4.558712175769886743e-01 3.409724458331860886e-01 -3.273192250210636423e-01 -3.893584460263930791e-01 -2.748402190359904851e-01 -5.623844500222344722e-01 -4.788887601464166255e-01 5.181345897908478104e-01 -1.670972916967371491e-01
-3.919826769415709067e-01 1.140609993532945843e-01 7.088882019241428412e-02 -4.552444237460361379e-03 -8.696606294558529432e-03 3.409706345322047194e-01 1.944326384999615076e-01 2.061412282722359102e-01 2.313372665035651754e-01 -1.630783813898412926e-01 -2.731835545370502327e-01 -1.357996314128410431e-01 4.705979687346957818e-01 1.000000000000000000e+00 6.605752301663524451e-01 -7.215700871182582909e-03 -3.506475738719863622e-02 -1.553586138076331891e-01 4.784362920630470112e-02 -1.261446648472109577e-01 5.045268843533797787e-01 2.386346304827127729e-01 6.749025317220913589e-01 -2.579576341754449276e-01 -2.590988809368771073e-01 -2.361389431105480885e-01 -1.533261464090459325e-01 -2.783898456806905841e-01 4.137409633033935219e-02 4.081033859943634101e-01 9.329937993638873217e-02 -2.600489254417537310e-01 -2.531245210621520525e-01 -1.409236050565937370e-01 -1.301621470091813837e-01 1.583056315247682033e-01 -2.663884883950530247e-01 -3.758886924819877517e-01 5.932643562288565132e-03 1.329351338266505228e-02 -3.876443213649556907e-01 -3.817213082202779439e-01 -2.090266814674246743e-01 -2.542095099985219875e-01 -1.611560472894994767e-01 -5.728203435660695481e-02 2.331563597871628979e-01 -9.852102968475841271e-02 7.963055442764005454e-02 -1.800405867933396187e-01 -2.224078923064266022e-01 2.007753322765460924e-01 1.097384031916557624e-02 5.579147385651219565e-02 3.226230150590380652e-01 3.192823000077511519e-01 2.492318308784377823e-01 2.218397714862738734e-01 2.272383363581155155e-02 -9.755338644737060472e-02 -1.848946620274963086e-03 4.891090762439975759e-01 5.342569730863647726e-01 5.540231914648786615e-01 5.618147916519814489e-01 5.812322648020932236e-01 1.512463293757723981e-01 2.405352740247678200e-01 -2.214116179556824271e-01 1.386053722375035491e-01 3.185573562933227132e-01 3.488987194254954960e-01 4.982125893243331549e-01 1.030397900357931246e-01 2.093836922320356855e-02 -2.908169772960203514e-01 2.391531470038051055e-01 1.912049333248526106e-01 1.251774634958301158e-01 -1.717413096565408859e-01 -1.173280869209338412e-01 -1.564513251484296319e-01 -1.751855378700820642e-01 1.126092621988826065e-01 -1.937636194641714216e-01 1.745013574674924017e-01 -2.565796586413693348e-01 -2.730545994589844705e-01 1.597599016366325342e-01 -1.553050688261508328e-01 -3.226396476275474323e-01 4.361998172881710600e-02 1.783642999569486076e-01 -2.721428484076047760e-01 -2.431301052891547410e-01 -2.019927009301532017e-01 -1.446287725077937403e-01 -4.249992292568989527e-02 2.779303719653599680e-01 -1.574064799566380624e-01
-2.471594786359308515e-01 2.104059186741462084e-01 5.201920576115937056e-02 1.734290406597079406e-02 2.719196121041943942e-02 3.838486304354302714e-01 2.899543056305101119e-01 2.403458747228848502e-01 2.522210349042672828e-01 1.665553813100053293e-01 -2.020067433969795490e-01 1.653489654051126800e-01 4.554298138536421181e-01 6.605752301663524451e-01 1.000000000000000000e+00 1.624310877746470427e-01 -6.300497499131142709e-02 -1.713074969201923148e-01 1.744607970005311315e-01 3.359300213009125402e-02 6.284196325905514469e-01 2.818437496663958597e-01 6.257867608726508379e-01 -3.372055741900575887e-02 6.584986097979675379e-02 -9.167006638411594188e-02 -6.457442852227564256e-02 -2.182339648103043817e-01 6.416018027319812800e-02 4.904029519689065419e-01 5.097161320837661352e-03 -1.576321984816304589e-01 -2.805391149627355363e-01 -3.096955396076012113e-01 -1.877843721824592194e-01 1.103437415837030533e-01 -3.273131728325636702e-01 -2.841265290159524226e-01 -1.531748286669895043e-01 1.894688841927616718e-01 -5.214137489812453730e-01 -1.669061428016497817e-01 -2.941078792735898340e-01 -3.197591325348305702e-01 -2.901984231437776396e-01 -2.922416699978538923e-01 5.194981666074605098e-02 -2.033773765662637012e-01 2.018783964989364910e-01 -3.121553262837791221e-01 -1.047556932017623954e-01 2.706511155671616486e-01 1.058679704819762701e-01 7.586092069593813880e-02 3.814762902804821332e-01 4.341290443729738380e-01 2.893870724122161731e-01 2.475206033117373083e-01 2.767762133031440031e-01 1.763153354410548074e-02 1.493796390323724466e-01 4.600408202908429778e-01 4.387295629078363790e-01 4.936742767153158296e-01 5.089101445839652182e-01 7.336246267536526977e-01 1.663812185276512534e-01 2.359240916511214092e-01 -1.952074712329274209e-01 1.429162532364584015e-01 2.398536295954250552e-01 1.313462944214792427e-01 4.846626348130937956e-01 2.251782031673970619e-01 2.094132328801454612e-01 -1.284823319134199317e-02 3.209676810953858150e-01 3.340934398949114703e-01 -7.271183899601363354e-02 -1.958502879807060282e-01 -9.050387420551249396e-02 -3.430752030460931246e-01 -2.364507028278129419e-01 9.306193390055346459e-02 -1.841853475238112159e-01 -8.920944999023198985e-02 -2.727446666845543266e-01 -2.613309325406801831e-01 1.250453435766253341e-01 -2.727326103300927174e-01 -3.497576394672530231e-01 2.430851150813412576e-01 1.766923791987929648e-01 -2.154260425811406199e-01 -2.315308527555617057e-01 -2.881447597225925694e-01 -3.396698156025856896e-01 -1.084081487399861793e-01 3.815347483739381929e-01 -2.649779307618666535e-01
