1.000000000000000000e+00 -4.550036148930653446e-01 3.028908103204995816e-01 4.215463987757540193e-02 -5.034182707392397260e-01 6.402300857780214294e-01 4.352831965112523016e-01 2.007256271094613465e-01 2.829908397917880181e-01 3.817534717991969972e-01 4.448660464505476142e-01 5.277472343095748197e-01 -3.106977361578562857e-01 -4.159782370268627627e-01 -3.977112677401787311e-01 9.030247558764864513e-02 -2.857972303406735026e-01 -1.660806471380145422e-01 -4.181383908246648629e-01 -1.693137913546348960e-01 -3.032938709673558830e-01 -3.851825455044330937e-01 -4.035533615217234416e-01 2.111954202812247050e-01 5.546321503487342541e-01 6.776308948534490173e-02 -2.966979837474107984e-01 -2.449179590656202776e-01 -1.573520500924754650e-01 -3.366258814236954833e-01 1.769761517830319431e-01 5.098081444267096307e-01 2.132655455518106535e-01 -1.534285274432889701e-01 -3.803901778207308126e-01 -1.698320207667398940e-01 -8.547381638033013651e-02 3.033027103008840708e-01 2.938593065078033972e-01 2.560157816680879161e-01 -2.087255993718025726e-01 2.743823699670835947e-01 1.703206108950272579e-02 9.280836728989476370e-02 -6.156283709814245469e-02 -2.204652732902254164e-01 -2.546488433592515310e-01 -1.882177236147357380e-01 2.701327398969640206e-02 5.466288913908017022e-02 6.342365359804970071e-01 4.422216601496191113e-01 1.376884709572578913e-01 2.578300389719305197e-01 4.147754726716795237e-01 6.105350719089488454e-01 1.165808222105908093e-01 -1.122779454713807995e-01 4.845045322643691810e-01 -2.080195029583931654e-01 1.568445966512642675e-01 -1.744160279319262596e-01 -2.208025678851249785e-01 -4.635511990531028803e-01 -4.005205726742538941e-01 -4.538767212426713660e-01 3.823882158166401757e-01 -2.851348443276936484e-01 -3.902926488519575798e-01 -1.510546896551875629e-01 -2.061845518234194652e-01 -1.238451749506978006e-01 -3.408918414865437785e-01 3.654982134000749894e-01 -3.364278780220012477e-01 3.132234674382194384e-01 -9.260329747379254794e-02 -5.109925191995374760e-01 1.308151566719338854e-01 3.045337877554712414e-01 -3.254270009787432194e-01 -1.292436649547796801e-01 1.764894399431490568e-01 -2.201881404977603374e-01 -3.202348133703576960e-01 -3.261482523022004587e-01 -1.615865129794419597e-01 -3.049464858520361532e-01 -1.134653235663005966e-01 -7.035813278633873402e-02 5.854438699082652880e-02 1.747977303915464187e-01 1.650391979057124758e-01 1.103800764335542417e-01 -3.447955496507535550e-02 1.720809577359314058e-01 -2.876051234906282783e-01 -1.564581241281929880e-01 3.256369419572244794e-01 9.289074802870682379e-02
-4.550036148930653446e-01 1.000000000000000000e+00 4.819499386628586790e-02 3.049958407834254537e-01 5.594851237922869869e-01 -5.451542814795673486e-01 -3.763041950053814255e-01 -1.666144227291301572e-01 -1.209207123302969838e-01 -3.923691442122699269e-01 -3.093838472438356080e-01 -3.910168688921612512e-01 1.536701093035172383e-01 4.016570722540796501e-01 3.773280603964535573e-01 1.218298207451827403e-01 7.214668995952810970e-02 -3.809338721202527867e-02 2.252739111998749988e-01 -1.136980208288591310e-01 5.279580921770906515e-02 1.797707254955270284e-01 3.492304998087562562e-01 -2.873713771244622572e-01 -5.361324975232302226e-01 -1.322693706798206414e-01 2.405668145894733767e-01 2.755593518382978835e-01 -1.081809532314001870e-01 3.734689844177590534e-01 -1.408201723500379365e-01 -2.979451732662720675e-01 1.200869202789871075e-02 -1.189753402775800828e-01 2.619507002412423957e-01 -6.698737897456095991e-02 -1.387905758944766310e-01 -1.018382087140896480e-01 -1.998521498743203451e-01 -2.117016092673172090e-01 1.301172678503340341e-01 -2.999427042228943185e-01 -1.437460081963958802e-01 -5.941063082390445060e-02 -1.839085990881504928e-01 2.679637394438497133e-01 4.377022365651641600e-01 2.003954241302672024e-01 2.697950664905357510e-02 -1.902458118430150613e-01 -3.081592791908190354e-01 -1.084727648942950123e-01 1.301000602305553422e-01 9.661113595419382194e-02 -3.804433511967975634e-01 -5.050526720122635593e-01 -1.649893805006843461e-01 2.276643042730953914e-01 -4.488370562522519536e-01 2.006366008810651913e-01 -2.721063713034769724e-02 1.169803888674082470e-01 2.782030998339050099e-01 3.259663541205849446e-01 2.137383979275669643e-01 4.118751616703810736e-01 -4.008878938312236961e-01 1.758718862815285555e-01 6.711822055433114276e-02 -1.486875977266181315e-01 -6.906528757315602562e-02 7.208312346564753337e-02 1.464550550534671480e-01 -3.170147733332023265e-01 1.772547391483865753e-01 -3.623723080169157784e-01 -4.708237581365501412e-02 4.062658176361612083e-01 3.993151408964187854e-02 -1.017966019461426924e-01 8.315506231409379792e-03 -1.125406358352777358e-01 -8.443175135123681674e-02 1.691876326297907795e-01 1.601757771042512934e-01 2.529447889146964057e-01 -1.430500696341051869e-01 1.253522091724371124e-02 -2.451527407174874662e-01 -2.563089376536481501e-01 9.350169665279474407e-02 -3.852624449702951037e-01 -1.472680020270983048e-01 -1.672222157237700790e-01 -2.105425679901684263e-02 -2.676971444460188310e-01 6.222036328801203858e-02 7.750935093094508260e-03 -3.339653804425209427e-01 -2.870287637976626227e-01
3.028908103204995816e-01 4.819499386628586790e-02 1.000000000000000000e+00 -5.297587350861258232e-02 7.799304664320830943e-03 4.868026204396255219e-01 -2.662198416537563811e-02 1.561547467285755719e-01 -5.062577488548776483e-02 -8.778399742889173019e-02 3.005174178094313642e-01 4.829725521986219516e-01 -2.564529384312789206e-01 -4.129021974045819082e-02 7.770845391778735678e-02 1.353651549321545633e-01 -3.762384259903806538e-01 -3.798540667838103957e-01 -3.394637584202906400e-01 -3.055597952517579152e-01 -1.055327398811972961e-01 -4.200646017166647095e-01 -4.020123513284286354e-02 1.308471119316958753e-01 4.498753071495115163e-01 -3.656674299015950924e-02 -1.318988039601329820e-01 -2.506698536166227509e-01 -3.182583707892134295e-01 -4.899852131071804999e-03 -3.632373482329337433e-01 2.436319425765294255e-01 -9.144834986558564305e-02 -3.165175250239358751e-01 -3.768611634027359547e-01 -2.518897929057426488e-01 -1.611365291455613413e-01 2.490799467484504093e-01 1.111532936441319425e-01 6.825038540324925018e-02 -1.092115982189568180e-01 -3.253918329737656712e-01 1.621451699419673986e-01 -1.358528512120666942e-01 -1.609914394228905976e-01 -8.729296829205106245e-02 -1.422683391520530305e-01 -9.527509573900586060e-02 3.437294041686845825e-01 -6.786821111595182920e-02 4.960370392628761782e-01 4.727096280719788601e-01 -1.114809890039568097e-01 2.290981137993883532e-01 2.560247111636106410e-01 4.215192267911226365e-01 -1.156260811020081991e-01 8.552581463696387609e-02 3.428504133790612474e-01 2.152891900695857452e-01 1.752555708045899496e-01 -3.954586461281571763e-01 -6.043458053151442438e-02 6.833060330048218098e-03 5.297368538314738140e-02 3.329923300377800321e-02 -1.980149247258399803e-01 -2.238250453991325606e-01 -3.952188749855762295e-01 -1.474717612223235830e-01 -3.775983539920186871e-01 -2.016354122215603673e-01 -4.130068844248480087e-02 6.165235179397533793e-02 -2.096489093889119804e-01 2.357407826425890474e-01 -4.069142461643242559e-01 -1.854292452500557742e-01 -1.216048421141338876e-01 1.087058368219888799e-01 -2.912519509518661787e-01 -2.432791510420149461e-01 -2.330717052791664301e-01 -2.740665935343411519e-01 -2.598367837132363189e-01 -2.986383613763547995e-01 -2.170801067340692170e-01 -2.571458487497920720e-01 -3.624928742781211577e-01 -4.317101554799590013e-01 -7.578596683203220330e-02 1.688152135670768494e-01 1.098987923837240616e-01 -4.036789053522685800e-01 -2.342526918979523642e-01 -2.817526419740327692e-01 -9.405763122609285543e-02 -1.329578710646119044e-01 1.561078496429676443e-01 -7.056433282340202062e-02
4.215463987757540193e-02 3.049958407834254537e-01 -5.297587350861258232e-02 1.000000000000000000e+00 2.544748048362205917e-01 -1.255262212915581599e-01 7.322159488412986750e-02 3.192765762649076890e-03 3.492290110150264582e-01 1.254834889832509570e-01 8.275429011426785331e-02 -5.862792238486972535e-02 -2.002164852142548912e-01 -9.646089143842390135e-02 -1.600801923988367237e-01 1.766089975555779068e-01 -2.623599350724719059e-01 -9.904584543254785212e-02 -1.936363771990947391e-01 -3.616922616621375264e-01 -3.731794321810141812e-01 -2.057087046552062981e-01 -1.927058862563544861e-01 -2.152973618852869475e-01 -1.503570510860632314e-01 9.283875248806779459e-03 -1.477282143025819283e-01 1.540661667288582282e-01 -2.586236945414812083e-01 -1.221446682335628059e-01 2.517670421619371268e-01 2.459664305104500293e-01 4.453556931561471477e-01 -2.679646997162276056e-01 -5.378924645186150544e-02 -3.026880058159857056e-01 -2.841518799441504206e-01 3.030560023018454840e-01 3.227073226476848689e-01 -1.366461625962258133e-02 -2.360678817388924544e-01 2.742121734104723263e-01 -2.781549111007358133e-01 1.977366716006224712e-01 -2.178857139940592047e-01 3.888917106452913219e-02 1.939041329761858612e-01 -1.101013499413626695e-01 -1.903742427936217230e-01 -2.880585180857863081e-01 -5.044794535268697783e-02 3.090461184616718482e-01 4.504165636272168816e-01 6.268249151548086484e-01 1.672368398876366083e-02 -1.149704206433387575e-02 1.369880278190403478e-01 1.014194788883239495e-01 -1.327999830507714807e-01 -1.925905468658889175e-01 1.621201208307691474e-02 -7.400508590544292720e-02 -3.899957101471367149e-02 -3.544194465356482748e-01 -3.537062979094428572e-01 -5.474844412593179999e-02 -3.508969804422824856e-02 -2.387817087537516814e-01 -2.607593859833004513e-01 -3.279447407363375588e-01 -2.818167866642021235e-01 -1.003147595400041836e-01 -2.579294792035619066e-01 5.901583196039032059e-02 -2.813505965221932414e-01 -1.089897600214311257e-01 -6.872880260329819468e-02 -1.219154748482818296e-01 3.402262553627254937e-01 2.464566143974181722e-01 -3.563740291863758958e-01 -2.934786251343596830e-01 3.365673157352743750e-01 -3.080881888399450517e-03 -8.726838962956263990e-02 1.201282130956485630e-02 -3.960035176949200930e-01 -2.688741384537101098e-01 -3.634461747086247252e-01 -2.750464018733834726e-01 1.920074203342098107e-01 -2.673101785913348238e-01 8.005604391223683503e-02 2.002588839309143720e-01 2.464484269157641086e-02 7.353288360849728755e-02 -3.527563856484305926e-01 -1.985721486059849050e-01 -1.815316162109290865e-01 -3.393077723841339544e-01
-5.034182707392397260e-01 5.594851237922869869e-01 7.799304664320830943e-03 2.544748048362205917e-01 1.000000000000000000e+00 -4.996649843619240805e-01 -4.477098048272293296e-01 -2.394808127436920675e-01 -2.229454732209795453e-01 -4.811923167515045896e-01 -3.329105296237130363e-01 -3.778021932183325826e-01 9.850686077067741242e-02 3.554301262944306594e-01 3.883905298515904492e-01 4.765387144794961533e-02 -1.129875610963372162e-01 -8.413465288824556465e-02 1.886575440253198122e-01 -3.634372593344918634e-02 9.143964227417368529e-02 2.040291565608770216e-02 3.338593165053597711e-01 -3.792934382235149671e-01 -4.775379928245936934e-01 -2.284357882367476500e-01 2.357786118527962493e-01 2.117716373500534155e-01 -7.524109913973575647e-02 3.539092437969526550e-01 -3.010859102022347966e-01 -3.562695926119296419e-01 -3.798225947127940871e-02 -1.970302585976058396e-01 1.389942071607234708e-01 -3.154805505088300460e-02 -9.760474753520471947e-02 -3.231808460202460070e-02 -6.072822207828094260e-02 -2.804035654258843491e-01 1.264235277232989008e-01 -3.609665196803037990e-01 -1.317864500686363460e-01 -9.854538287609793112e-02 -2.977974942913967915e-01 2.747087575388689751e-01 2.919477791278702328e-01 3.038523447556721879e-01 2.041516707202915004e-01 -1.259250445286143882e-01 -4.648236105661080475e-01 -2.235236514672626629e-01 -1.052370877800887748e-02 1.086698436304778664e-01 -3.355441441176065243e-01 -4.778335550036732493e-01 -2.420417092438634787e-01 1.499344311723072587e-01 -5.098951252613833640e-01 2.058416548773207289e-01 -8.857351127141328828e-02 -4.113603341185890355e-02 2.248866913750917074e-01 3.645431901087500259e-01 3.108663969187735465e-01 4.481735989608306436e-01 -4.822020559045520627e-01 7.397689325236221462e-03 -4.018019684030453564e-02 -1.395317900760189023e-01 -8.806832435057428132e-02 -1.767299566150626888e-01 1.489633623874667134e-01 -3.103536158690908264e-01 3.951009641118664178e-02 -4.300215206686910929e-01 -1.634794248745524703e-01 3.855263000775003279e-01 -6.623172677830704846e-02 -2.647361669571714482e-01 -9.580341542570768032e-02 -1.283235927962564360e-01 -2.877412147652534391e-01 -1.127926968419130753e-02 1.361979783543880718e-01 2.316408795664092191e-01 -7.745952376541066775e-02 -8.859031027070491532e-03 -1.833786408901472986e-01 -3.247846165788328965e-01 -1.770791642693716897e-03 -3.332724121473700785e-01 -1.892205709684354753e-01 -3.669297670187289251e-01 -9.408585872496601221e-02 -2.425057363993538828e-01 1.168060114392204321e-02 1.057308789136069821e-01 -2.417904637323028405e-01 -1.950984630195274350e-01
6.402300857780214294e-01 -5.451542814795673486e-01 4.868026204396255219e-01 -1.255262212915581599e-01 -4.996649843619240805e-01 1.000000000000000000e+00 4.534565236070906002e-01 4.114559390997297172e-01 2.654984231156305441e-01 4.941325759052767053e-01 5.623369116350127594e-01 7.103926998989629205e-01 -2.318843506118181963e-01 -2.525819140795811379e-01 -2.576971803382271942e-01 1.586806188440704202e-01 -2.077103572924041408e-01 -1.642870434528857504e-01 -3.166234987317350646e-01 -1.330795463510101584e-01 -1.614537223309588654e-01 -4.014917501008963274e-01 -3.405389531615786725e-01 4.362856465793377714e-01 7.326408988158416014e-01 1.792654790710329904e-01 -3.507986812478803840e-01 -3.409164397607580832e-01 -1.481416551037856300e-01 -4.028637546848831130e-01 -5.825819433347206866e-02 3.889133155935576847e-01 -1.177823095908871187e-01 -6.706900017447270379e-02 -5.201585929015961618e-01 -1.110837935947947830e-01 5.378111840470121974e-02 1.774319298912227227e-01 2.235104963460546879e-01 4.456071747865087418e-01 -1.571056618615696288e-01 9.325503268811137503e-02 2.307332056179224322e-01 -5.747127966120324505e-02 5.906879129280100810e-02 -3.126472394985027048e-01 -3.656332015934733448e-01 -3.798851732738932063e-01 9.085127395293954300e-02 1.062785883509861223e-01 6.408044328672806156e-01 5.729834468101135947e-01 7.815645273022733819e-02 1.159170315501619752e-01 6.788795675021029874e-01 7.549717853237595255e-01 2.441238220192145092e-01 7.053949336854425933e-02 7.831076875772261525e-01 -1.701730879257467854e-01 1.980381827119518101e-01 -2.639457545231121416e-01 -1.841860130663856288e-01 -2.835860173473572221e-01 -1.534606321777456373e-01 -3.431435724570709445e-01 3.061885330815273254e-01 -2.213614101651649735e-01 -2.705643388694627949e-01 8.154982547907237145e-02 -1.779852244897374425e-01 -3.283269480457999545e-02 -2.780509852978371721e-01 4.309887426921031883e-01 -2.648236759429926646e-01 4.028196223925504804e-01 -1.875238415622217658e-01 -5.237714729062770136e-01 -5.910808647192358073e-02 1.883547845586232561e-01 -1.889199792207415796e-01 -6.038347528508623482e-03 4.213829570294216204e-02 -3.007165711482790993e-01 -3.929979964189737052e-01 -4.649281310970569958e-01 -5.254230416561134209e-02 -1.642045850367824800e-01 -7.679003074487443514e-02 -4.827624706143911898e-02 -1.538857374406207568e-01 4.096741933509905897e-01 2.968671519036827355e-01 -1.385543184565533013e-02 -1.587129502218226351e-01 1.645769340360674765e-02 -1.006545942122734211e-01 -2.097003518363007024e-01 3.842071696084123356e-01 1.908947440042664812e-01
4.352831965112523016e-01 -3.763041950053814255e-01 -2.662198416537563811e-02 7.322159488412986750e-02 -4.477098048272293296e-01 4.534565236070906002e-01 1.000000000000000000e+00 5.369044411931017668e-01 3.893443418539191403e-01 5.577829795869189144e-01 3.986864927426771454e-01 3.957488335870224527e-01 2.141454994491388819e-02 -1.437406777037065209e-01 -1.047990691029072746e-01 3.441610673404869591e-01 9.927948579268762452e-02 1.667470143177655906e-01 -5.248993862556924211e-02 1.425781555892943753e-01 -2.666131927571347912e-02 -1.171528526694054634e-01 -2.445173609452258867e-01 5.153510002773961096e-01 3.190025143257977924e-01 3.914165543735675934e-01 -5.927446669435931098e-02 -6.262806185159493222e-02 2.797554541686854690e-01 -2.184161504533221609e-01 1.346961851596972792e-01 2.374247310557209001e-01 6.991086319328379539e-02 1.345265596799168906e-01 -1.674836983407552993e-02 7.465448851633287031e-02 1.118389048013445214e-01 -1.858298374725700017e-02 2.712510009929225419e-01 5.179551879478999643e-01 -3.131568626024233692e-02 2.554196357689287322e-01 2.016598012249061767e-01 -1.421389583366544362e-01 -4.782533237002314225e-02 -2.515569003676493276e-01 -2.096862105633330309e-01 -3.128352792378383262e-01 -2.245577290781762270e-01 9.149435297394792332e-02 3.048620645545529473e-01 3.192964131081658108e-01 3.125220892953967655e-01 -3.075673753874457600e-02 4.869083838065692005e-01 4.058743264985224530e-01 4.245710978758414633e-01 2.736235517327038555e-02 4.617571944569790476e-01 -4.037579826714610687e-01 2.608048766272696994e-01 8.082279302073096250e-02 1.126825920585282532e-02 -3.643560157017204926e-01 -2.165332875154011294e-01 -1.934583819084034761e-01 7.338913556155238771e-01 -9.021618056889993409e-02 -2.844218811032183172e-03 1.304383678216281539e-01 2.212557951829389469e-01 1.499413834035589199e-01 -1.595324236063582757e-01 5.574689289995984343e-01 1.128801826311553493e-02 3.218960848432247390e-01 2.616387999898120431e-01 -1.513997240527941712e-01 -7.590059108328821302e-02 3.175804193773248268e-02 1.158795880909771342e-01 1.006211422909156911e-01 1.126438130155777012e-01 -6.514519780863793630e-03 -7.789234443930165286e-02 -2.629669493533683955e-01 5.722329181695753192e-02 -2.589302978309567307e-02 1.943649621157566287e-01 3.925030766997713583e-01 -2.694264945590182231e-02 1.000543325218505308e-01 2.105966726106089093e-01 2.109426799124489160e-01 -3.558171246188263775e-02 6.511743723734454703e-02 -1.770499750548397144e-01 -1.144408127151340243e-01 2.191530558499621417e-01 1.789509592364200152e-01
2.007256271094613465e-01 -1.666144227291301572e-01 1.561547467285755719e-01 3.192765762649076890e-03 -2.394808127436920675e-01 4.114559390997297172e-01 5.369044411931017668e-01 1.000000000000000000e+00 5.307037518624163619e-01 4.830562900868957121e-01 2.201153426557884707e-01 2.475387807046424971e-01 1.153861753601875817e-01 1.414286803946789850e-01 2.688290035901385114e-02 2.435726555142885552e-01 1.343233497700710988e-01 2.051948927240136444e-01 1.726640526657383656e-01 8.307401996263501232e-02 9.389666884784675371e-02 -6.140926783137534706e-02 -4.959734461003533629e-02 3.749490328294282082e-01 1.918479454883302571e-01 1.638846112598563720e-01 7.046302453068060967e-02 -3.941331057758335615e-03 1.355200346600307082e-01 -9.163581565658422690e-02 -2.753349915016017543e-02 -3.638970032517394038e-02 -1.581733884187889738e-01 6.255382709365149563e-02 -6.825906228901829076e-02 1.347262466659609470e-01 1.635749717598840025e-01 -7.194823215861770316e-02 2.233484446142913471e-01 5.219246949340831110e-01 2.226905876268772400e-01 7.084470959486040276e-02 2.745704795936791953e-01 -1.123081263831602200e-01 -4.570431865874098783e-03 5.728073375818468899e-02 5.889702363854753750e-03 -2.111026964664748651e-01 -1.091381745951327531e-01 1.481601759774978933e-01 1.825944492528778218e-01 2.780517087095586981e-01 1.554774967265031838e-01 -8.257751067502373810e-02 4.862031869069753376e-01 3.433024584685082647e-01 5.951846404126558410e-01 5.249506590789766447e-01 4.195384834367816840e-01 -3.110863310933461579e-01 2.238360139534295301e-01 8.676821900068022730e-02 1.388014465536381026e-01 4.346407048262652950e-02 7.230075624880663576e-02 -2.988637374242241254e-02 3.775149290359666732e-01 -2.549157828545367543e-02 5.006932254675819025e-03 1.661344358128225007e-01 1.666981487591108202e-01 1.253659582534941697e-01 -1.991282102152884537e-01 3.354379995849099960e-01 6.534793644722972084e-02 1.555236297952582170e-01 1.736161054368415835e-01 -1.186801257072335608e-01 -1.508805305706734101e-01 -1.649690692838998995e-01 9.961416167764690355e-02 7.044385975329132965e-02 -8.400342782218234161e-02 -3.920514024324719959e-02 -8.805473019758745801e-02 -1.950836572259728730e-01 4.222012249786833565e-02 6.797747406757471966e-02 7.221614403784419600e-02 2.233436895070044503e-01 -2.055318020943934232e-01 1.326025274092093309e-01 1.975088535364767084e-01 -1.350364790062814208e-02 -1.293308802814258363e-01 -5.283754033171812747e-02 1.403086358915982094e-02 -1.719167108446886527e-01 1.686795667998771953e-01 1.615716208981718138e-01
2.829908397917880181e-01 -1.209207123302969838e-01 -5.062577488548776483e-02 3.492290110150264582e-01 -2.229454732209795453e-01 2.654984231156305441e-01 3.893443418539191403e-01 5.307037518624163619e-01 1.000000000000000000e+00 5.604725295279904262e-01 2.278292063801557465e-01 1.135142608138468012e-01 2.771659943756168976e-02 -1.251607651841386924e-03 -1.357988329433756081e-01 2.649701939102126411e-02 2.532529620351346364e-02 1.232112614119115351e-01 7.688524775359607821e-02 -5.214919197425860881e-02 -1.549554002566662925e-01 -8.654437591285743525e-02 -2.270428461150086064e-01 1.254401972671674581e-01 6.768617108803742267e-03 5.645294395461240844e-02 -9.752771268497097135e-02 3.967434714228500886e-02 3.279765022030758231e-02 -1.444490722351116363e-01 3.225793256421347621e-01 1.026937083758447944e-01 1.094681173819367220e-01 -3.727044230012003384e-02 -1.595084667662283739e-01 1.209402770372226266e-01 3.972782737506334177e-02 9.983414182612902754e-02 2.712367996337081699e-01 3.741378789848165409e-01 1.185299619330254101e-01 2.900129020399631052e-01 -1.283071967546379477e-01 1.938961909370436609e-01 4.900311067924741082e-02 2.927682621319928694e-02 3.627171730888399670e-02 -2.404569127759597635e-01 -1.365644241115611113e-01 1.401100063157109110e-01 1.307238755959643506e-01 2.382739232281240738e-01 2.241586155442575612e-01 1.754768004363438105e-01 3.695745688904256698e-01 2.496278826847951049e-01 5.279971993822434317e-01 4.782545095505211785e-01 2.319415028740263729e-01 -3.724851709294995095e-01 1.555321008633077928e-01 1.476075344486727503e-01 1.317819619456766234e-01 -1.754648529697194481e-01 -1.926622420559694904e-01 -1.129177210188450631e-01 3.827833159835590249e-01 -1.146700865389287394e-01 -1.510664421482057207e-01 -5.562821799795471950e-02 3.236412985648513124e-02 2.964014766985793858e-02 -3.738367703284453669e-01 2.341768892135462354e-01 -1.023256490371137056e-01 -1.732656978693259200e-02 1.241965878247901500e-01 -1.629513786541043896e-01 1.290123743805119960e-01 9.158166630257584540e-02 -1.059810792183022987e-01 -2.385173137074148020e-02 2.010342079796161585e-01 -1.282163712192056493e-01 -1.940062737304285023e-01 -1.280377836357799171e-01 -9.919988338760055147e-02 -8.931705305007212048e-02 3.123736999179369672e-02 1.409676429393278418e-01 -1.427716598890160782e-01 -4.912892753631946385e-02 4.057813139554813930e-02 2.416257143270987007e-01 -1.410477379217174310e-01 1.778098524817285087e-01 -1.783170892951166098e-01 -2.746189689905207398e-01 1.536382663580448116e-01 8.212547367406458632e-02
3.817534717991969972e-01 -3.923691442122699269e-01 -8.778399742889173019e-02 1.254834889832509570e-01 -4.811923167515045896e-01 4.941325759052767053e-01 5.577829795869189144e-01 4.830562900868957121e-01 5.604725295279904262e-01 1.000000000000000000e+00 3.451654443730135524e-01 3.584117689833690168e-01 7.748599946979033148e-02 -2.504228927391476470e-02 -1.612462067953310541e-01 1.411967699931273856e-01 2.029457776916330503e-01 2.690134763872308321e-01 6.166384596994999023e-02 5.013093838573838557e-02 -1.465268908556011281e-02 6.051704913823217902e-02 -2.105184175267922619e-01 4.774560317814165455e-01 3.259042188582487176e-01 2.559719353920812956e-01 -1.730897807436707625e-01 -1.328851192184345442e-01 1.383228117949227010e-01 -3.011613482771938743e-01 2.288615396899454923e-01 6.425243672877872791e-02 -5.636720913234093827e-02 2.455028659785852829e-01 -1.164366806387923531e-01 2.118052053881885541e-02 1.781023389594704465e-01 -1.764558880555850973e-01 9.561052098156952450e-02 4.997682746072203419e-01 -1.342321034727544764e-02 3.161644467657808155e-01 1.795915297141602029e-01 2.823286952433224240e-03 1.622471391122091711e-01 -2.392164867962897346e-01 -5.435533650411222828e-02 -4.662346972478326745e-01 -3.426864329300277623e-01 6.178320465748612239e-02 1.814776462535748203e-01 2.663339084405400015e-01 2.207638186831156479e-01 5.024801877316251511e-03 4.964471717820993502e-01 4.046446802127869891e-01 5.134744950902651039e-01 2.456075169635166255e-01 5.696513388887892715e-01 -3.215664850296317545e-01 3.441619653179899818e-01 1.763240593816274848e-01 4.938500311744232346e-02 -2.317584898670367044e-01 -1.396468902217931352e-01 -2.235804264474073322e-01 4.553981117253351196e-01 -1.018885352857921839e-01 1.204482228402381089e-01 2.866480154409327685e-01 2.065907086152805050e-01 2.810342419531757230e-01 -1.958492666593470988e-01 4.081512986175140911e-01 7.481228287761675089e-02 3.320600647229148272e-01 2.339567950141292763e-01 -3.040239281680905958e-01 -5.604462582042896157e-02 3.647899749503359136e-03 2.007143095896570251e-01 2.508124485410032078e-01 2.353199133728184345e-01 2.916445065326825348e-02 -2.630004571665924828e-01 -1.250353265126834534e-01 4.724323670051414070e-02 7.633324169881280929e-02 1.302496091329407024e-01 3.658960100263167203e-01 -2.645433122307745410e-01 1.092731078301161646e-01 1.609127066465919909e-01 3.167036417502099299e-01 4.465268198579594450e-02 1.907679543506401315e-02 -1.204132979011429821e-01 -2.773918914028702387e-01 1.432608184417810682e-01 1.265305722149146217e-01
4.448660464505476142e-01 -3.093838472438356080e-01 3.005174178094313642e-01 8.275429011426785331e-02 -3.329105296237130363e-01 5.623369116350127594e-01 3.986864927426771454e-01 2.201153426557884707e-01 2.278292063801557465e-01 3.451654443730135524e-01 1.000000000000000000e+00 6.621387103220425230e-01 -9.279231990992987955e-02 -3.948867975171192063e-02 -2.116039132811051160e-02 3.330742268506506898e-01 -1.358172537979600303e-01 -2.251044592165038494e-01 -2.249666296757803774e-01 -3.317856452180417137e-01 -1.956055846811179944e-01 -3.714220804429088085e-01 -3.502461283203898157e-01 4.205573160188168513e-01 5.306264778143470195e-01 3.826269081730448995e-01 -3.224862768823330561e-01 -2.014258200993892522e-01 -1.840699252242433692e-01 -2.752880643661987370e-01 4.045757042819167482e-02 4.598959654334482949e-01 -2.935284117385558722e-02 -1.376750575576244362e-01 -3.182273831712637557e-01 -1.342245988026516956e-01 -8.220148488712579471e-02 1.701664691989398515e-01 2.730087869789868393e-01 4.142646557498743665e-01 -2.465298744349761206e-01 2.094881103217992591e-01 1.222607065131777748e-01 -7.811728548112650827e-02 -1.242838335306070685e-01 -3.163500566494557575e-01 -2.685391076122735643e-01 -4.139044017649638474e-01 -6.221573449538773948e-02 -6.451096090438732111e-02 3.947006452592521364e-01 5.454910760983932017e-01 2.112577803985607183e-01 2.037866595620158316e-01 5.787205829018128300e-01 5.296753610473909912e-01 1.558771007366813177e-01 -4.695201820628897710e-02 5.592584505719759846e-01 -3.503124991473815369e-02 2.668971118439693035e-01 -1.594384451785185175e-01 6.758478959829328225e-02 -3.036867338958508244e-01 -1.239934731476727697e-01 -8.909766884999885395e-02 2.435672529219031490e-01 -1.395976608772301342e-01 -2.599559636436859500e-01 -1.270100563274867422e-01 -2.463384408587631080e-01 -5.857215536979312742e-02 -2.867371179720046848e-01 4.102754257061265730e-01 -1.273255382085413390e-01 3.771825064240884040e-01 -1.066816976236599213e-01 -2.229549906166573836e-01 1.299981097735681823e-01 3.355203999310345520e-01 -1.313373611797777618e-01 -1.573777249098353426e-01 1.429004871180774849e-01 -3.041773134716679317e-01 -3.132690878631386733e-01 -5.413324700372205145e-01 -2.076166421879456492e-01 -2.538637145669270789e-01 -1.942489886918620234e-01 -1.302885864510504033e-01 -1.769369748192515385e-02 1.731381114221032247e-01 2.685419670389523339e-01 1.029091445179452086e-01 -2.906803138255125707e-01 5.495659927625538843e-02 -1.486426252655536351e-01 -3.275363594059919614e-01 2.036066385274178936e-01 -2.462234564753787436e-02
5.277472343095748197e-01 -3.910168688921612512e-01 4.829725521986219516e-01 -5.862792238486972535e-02 -3.778021932183325826e-01 7.103926998989629205e-01 3.957488335870224527e-01 2.475387807046424971e-01 1.135142608138468012e-01 3.584117689833690168e-01 6.621387103220425230e-01 1.000000000000000000e+00 -1.997278327193238723e-01 -2.205329819247576484e-01 -8.984770291636499928e-02 2.951487774283654275e-01 -1.776753466335757314e-01 -2.287781849723442285e-01 -3.282644985988849018e-01 -2.179624444809782624e-01 -1.262833156136538015e-01 -4.096140826112820710e-01 -2.995516345466540664e-01 5.834979559373868474e-01 6.376512637229876379e-01 3.473972048253001210e-01 -3.089483678919304199e-01 -3.399534925310511713e-01 -1.614180439119020372e-01 -2.807599946720812922e-01 -1.406063571939915047e-01 3.935449271081816747e-01 -1.703265578664946434e-01 -1.007553110170996136e-01 -4.595849226129647414e-01 -1.880583684560832025e-01 -7.232883838969729473e-02 1.281845769942168978e-01 1.438049327638084574e-01 3.268508925173503887e-01 -2.685762181624746225e-01 5.251858953097256200e-02 2.637339983656601938e-01 -1.374847478677377888e-01 -3.300807637153015811e-02 -3.486017741882200816e-01 -4.262271418492772357e-01 -4.124235459946226645e-01 1.132699807339707272e-02 -8.366041027476560366e-02 5.667492253382836465e-01 5.556563794071963658e-01 1.356996931787868843e-01 1.040292667093361267e-01 4.757274046367844234e-01 5.720667455095426179e-01 1.569130078917581606e-01 -5.027360082319037859e-02 6.442182381883232445e-01 -7.720579283409151339e-02 3.871768952901378236e-01 -3.085408114369496135e-01 -9.246596996849081040e-02 -2.979230480414354343e-01 -1.458734922770051623e-01 -1.923961832117451753e-01 2.305967747093974340e-01 -2.265698997718929020e-01 -2.588414070280202761e-01 5.129555614983469930e-02 -2.142855773550487453e-01 -6.518387831278030231e-02 -1.699048240989761704e-01 3.515670161787971537e-01 -2.098981480510115905e-01 5.510296717127673993e-01 -1.956409143006687668e-01 -3.460204735123790232e-01 -6.908200678383960569e-02 1.968026955079656137e-01 -1.094080891547381668e-01 -1.193716681033574895e-01 -1.843940002153452579e-02 -3.335884320512163548e-01 -3.724299464031734508e-01 -5.227140641068018789e-01 -1.844625364551299718e-01 -1.710720451673359566e-01 -1.473096426536394388e-01 -1.009158130047813490e-01 -8.062494925463331574e-02 2.488324354104042013e-01 2.431022205387953494e-01 -2.697419764672815898e-02 -2.277634682653236764e-01 -6.399063919572688108e-02 -1.206730848403382572e-01 -2.883415590706454590e-01 2.626237404632926764e-01 4.205888389823286139e-02
-3.106977361578562857e-01 1.536701093035172383e-01 -2.564529384312789206e-01 -2.002164852142548912e-01 9.850686077067741242e-02 -2.318843506118181963e-01 2.141454994491388819e-02 1.153861753601875817e-01 2.771659943756168976e-02 7.748599946979033148e-02 -9.279231990992987955e-02 -1.997278327193238723e-01 1.000000000000000000e+00 5.354691043201637024e-01 2.749353370296810373e-01 4.037491902385054870e-02 5.365275328017081735e-01 2.595222049454413704e-01 5.631138381339040322e-01 2.331208107843982802e-01 3.474828320376610602e-01 4.394799727606456541e-01 3.312770843104982932e-01 2.180875983128029716e-01 -3.339498226132228687e-01 1.405533090067662139e-01 3.147237367526153351e-01 1.318517582913558417e-01 1.773768832113817306e-01 2.846790681304499082e-01 -5.208051365843750780e-02 -3.599806541887596856e-01 -3.119401399659762486e-01 2.845831487156749717e-01 3.624827678818098864e-01 2.258637776528588659e-01 1.021402733654704215e-01 -4.091018979786177345e-01 -2.948004371950175839e-01 1.834996568316423771e-01 3.953756347986796538e-01 -6.814276175370939659e-02 3.188296097631473369e-01 -1.548728821496342112e-01 1.377491386471881574e-01 7.188055726087087816e-02 2.251899540817013656e-01 5.811910998290256009e-02 -1.993431415303355825e-01 1.047037619224710919e-01 -3.910795674481150619e-01 -2.796249864735970703e-01 3.856846100354546086e-02 -4.408974751574747941e-01 -5.025183889578484914e-02 -3.685774200263250977e-01 1.212886044219659565e-01 2.819450614057439353e-01 -6.327558382347613086e-02 3.064290186696569732e-02 2.177832306083221647e-01 7.130060042367639683e-01 5.557458336102175656e-01 4.173064047509967289e-01 3.923662916002622070e-01 1.948688672636506303e-01 8.226691122559699754e-03 4.642496945718546653e-01 3.342151793662203052e-01 2.304649262017698375e-01 3.033886882279907549e-01 3.812189128331092136e-01 8.512205057920842199e-02 -7.136081226521674703e-02 4.199474827300901936e-01 -1.613165362412528336e-01 1.342565566782550068e-01 4.208064113533280803e-01 -2.172727560073658137e-01 -2.868385545409763981e-01 4.160451342025855981e-01 1.948844877479462001e-01 -1.723738906871910559e-01 1.771395615629733356e-01 6.814840640511508896e-02 2.444838942578507826e-02 1.159430179732235666e-01 2.372423192286295113e-01 1.477601897378677531e-01 3.509136155149485403e-01 -2.159840091083985170e-01 -1.200156986171006940e-01 -9.346149047357384110e-02 7.303092750340624273e-02 7.333858597674014490e-02 -1.443529843936833534e-01 2.273849975707685489e-01 -6.334170756760619525e-02 -2.171983084894354987e-01 6.180465552758883374e-02
-4.159782370268627627e-01 4.016570722540796501e-01 -4.129021974045819082e-02 -9.646089143842390135e-02 3.554301262944306594e-01 -2.525819140795811379e-01 -1.437406777037065209e-01 1.414286803946789850e-01 -1.251607651841386924e-03 -2.504228927391476470e-02 -3.948867975171192063e-02 -2.205329819247576484e-01 5.354691043201637024e-01 1.000000000000000000e+00 5.386489686444294600e-01 3.013254547746089806e-01 3.892582381388671742e-01 2.554757945808829311e-01 5.983792148147654144e-01 7.324680390759590043e-02 2.446415240667228486e-01 3.389962201801314801e-01 5.034198000439035203e-01 8.091869267232294771e-02 -3.704562188818223412e-01 1.142908090355501255e-01 3.704674771615776296e-01 2.694847344707926307e-01 7.504271863589472014e-02 3.664268832725846581e-01 -3.029834700519786206e-01 -4.803000064367279331e-01 -3.854278815038701955e-01 2.428122146928261837e-01 3.546943422942108737e-01 1.865692759939934220e-01 2.019543665783826991e-01 -4.172212127224217415e-01 -2.148334635425571681e-01 2.127521876576659587e-01 4.164038955507555206e-01 -2.951029382448318028e-01 2.739572766512263780e-01 -2.865613100408533898e-01 -1.086346936371445221e-01 2.206417765205289372e-01 4.333147064137059523e-01 9.345956166948778121e-02 -5.687016719028901990e-02 2.981066015035528649e-02 -4.553150648922775212e-01 -8.334920401550889590e-02 6.234155452315640750e-02 -2.602924506617458889e-01 4.850464931042092892e-02 -3.022451448913311411e-01 1.577908122347161379e-01 3.472193386137371607e-01 -7.664581898414002392e-02 1.287685620523745800e-01 7.388774829338509709e-02 3.228354283002243807e-01 5.595697898037501616e-01 6.463121908548410399e-01 5.660541869343957977e-01 4.698293057792450322e-01 -2.531075163978809273e-01 3.475472548332476097e-01 3.667359086178269556e-01 2.275052672620204164e-01 1.473675499117791665e-01 2.917094343366954945e-01 1.878119972060715015e-01 -1.474385622417466284e-02 3.303704005679863887e-01 -2.230906144224372167e-01 1.530690610213128987e-02 4.031224640303666673e-01 -2.070844319454906157e-01 -3.246888987286763451e-01 3.597979473269178330e-01 2.352697489563798650e-01 -2.113441389011012639e-01 1.621194227300285229e-01 1.240400960979711475e-01 1.124076244413366177e-01 9.526550214517665038e-02 2.404817433644763358e-01 -2.525262368810027303e-02 1.146676520656770976e-01 -2.626387111808622388e-01 -2.196535124741824940e-01 -5.818204086507675760e-02 -1.895689401658940954e-01 -1.211196447419048000e-01 -3.318038885475793620e-01 2.874457746951259440e-01 1.115885577098931847e-03 -1.763365602794396692e-01 -5.027137896153346941e-02
-3.977112677401787311e-01 3.773280603964535573e-01 7.770845391778735678e-02 -1.600801923988367237e-01 3.883905298515904492e-01 -2.576971803382271942e-01 -1.047990691029072746e-01 2.688290035901385114e-02 -1.357988329433756081e-01 -1.612462067953310541e-01 -2.116039132811051160e-02 -8.984770291636499928e-02 2.749353370296810373e-01 5.386489686444294600e-01 1.000000000000000000e+00 2.305043032264471325e-01 1.600326666519654994e-01 4.185738526242635538e-02 3.215043601497969972e-01 1.556343327296093315e-01 3.321073694323261605e-01 1.253912811013623563e-01 4.128946381131516352e-01 1.122659870101550827e-01 -2.968116403483789245e-01 9.114220422032567881e-02 3.596140477850081063e-01 1.199447334653796354e-01 1.903719537263201533e-01 5.117574991501461223e-01 -4.695676037031875638e-01 -4.784733900309863230e-01 -3.924928732183498026e-01 5.569165680272288727e-02 1.661055528012226057e-01 2.458303300320961726e-01 1.746895514699342844e-01 -2.910160617875042210e-01 -1.895071956860783224e-01 7.196123663998239828e-02 2.931919142369046050e-01 -4.780635757730045121e-01 1.266566335929102949e-01 -3.629120449048622299e-01 -2.117839222913534269e-01 1.615906093519932640e-01 1.117489638999304147e-01 5.819966662404921914e-02 1.476501324897876166e-01 7.834994453123179936e-02 -3.670852198478265493e-01 -1.463137596619962510e-01 -1.384660261868249087e-01 -2.362310489392594193e-01 -1.128798156619925802e-01 -2.877556092556586842e-01 -5.004369434770922914e-02 1.956502286881296460e-01 -1.599817103292938414e-01 2.505959205879156326e-01 1.955540683288188586e-01 6.539888625478669504e-02 3.948958088453051740e-01 4.871390209172872798e-01 5.423447061766938360e-01 7.999329796844221185e-01 -1.554508538604831291e-01 1.044597921701811288e-01 2.382646519220695813e-01 1.940526177669037178e-01 2.501275994357789467e-01 3.662018099088433509e-02 3.438698046103759731e-01 -8.883766333817934291e-02 4.258100717215549391e-01 -1.209182330508779130e-01 6.935175407500245026e-02 5.734506547845164004e-01 -3.382889750843176557e-01 -3.795503115459349375e-01 3.467286449431828954e-01 1.756116389312821491e-01 -4.307993843304918635e-01 1.320675980279998989e-03 1.436126003265504603e-01 7.486206312077559044e-02 1.714599265963693830e-01 2.518645571975024477e-01 1.276826373887506860e-01 4.337053910327142575e-02 -1.839107090719722115e-01 -2.403673608376201143e-01 -1.464120111661950663e-01 -4.007298949616061035e-01 -2.804742213565293851e-01 -4.294377937467344641e-01 1.876297687591107211e-01 3.094588886416608717e-02 -2.590252948010802678e-02 5.027315958300158927e-02
