1.000000000000000000e+00 -2.378355976127285304e-02 -1.214924606956976627e-01 1.397598058798197873e-01 3.897422865171060440e-03 4.346619763253662394e-01 -1.048253728087144773e-02 6.028655454049170609e-02 6.868221612918955221e-02 4.528939928675419502e-01 8.206991197710601649e-02 -5.796709347419033709e-02 -2.405611808403567142e-01 -4.707981623503844082e-01 -3.965586248068601605e-01 1.629859083998148050e-01 -2.668903985681614355e-01 -7.263238347100303693e-02 -3.582878560458238049e-01 -2.147182619984410457e-01 -4.494683916709960037e-01 -2.578574654361480700e-01 -4.045081795912973677e-01 -3.051884705186181379e-01 5.867876055088577791e-01 -1.939020037915129835e-01 -3.571022253864736817e-01 -2.336238143799131972e-01 -3.100114606440934617e-01 -3.987907817891875317e-01 1.084795198170614150e-01 3.018594185740760411e-02 3.386981133345557393e-01 -1.251501317786117840e-01 -1.970742238120257728e-01 -3.583119141052717310e-02 -1.739414648308209438e-02 5.363133681253589025e-01 3.200024011516782729e-01 2.236646063599174658e-02 1.460195433868990700e-01 4.315917298422811132e-01 2.316395065124911001e-01 3.228731181628717861e-01 5.219421329646677793e-02 1.041592409623219168e-01 -3.208968503621974500e-01 -1.775299186242011440e-01 4.804820371514654243e-01 3.920230283368503765e-01 -4.159747603836687069e-01 1.620742521018856408e-01 -8.944403822359418485e-03 -5.521936681049850054e-02 2.308578696003239228e-01 1.362701339822930680e-01 1.941081675475998108e-02 -1.008010365124065583e-01 4.754177236210815338e-01 3.077690351281175407e-01 2.211854792304049633e-01 -9.210560278740165252e-02 -2.748703561057094236e-01 -4.486735682896136890e-01 -4.013712368638999717e-01 -3.009919415026838241e-01 -1.250206807208685978e-03 -3.081807649687035022e-01 -3.134768526431100377e-01 -2.736443019872582538e-01 -4.792947183763686114e-01 -1.748421091052500542e-01 -3.858186828788010558e-01 -1.448437058066825989e-01 -3.432407654866521662e-01 -3.826793516319346861e-02 -4.744594865502749781e-01 -4.420779570155994320e-01 -1.044616234838131319e-01 3.345343768816710361e-01 -3.754352473380617727e-01 -6.895050122512633162e-02 1.406680893714616354e-01 2.236452678020164203e-02 -2.568026102965127455e-01 -1.960540947625449282e-01 -1.919196886087783382e-01 -5.532246281704845427e-04 -1.529895835044509100e-01 -1.723553796385912940e-01 2.833989820583173724e-01 4.085393007946900856e-01 1.448176289632662206e-01 1.409301685892765943e-01 -2.897131807454824126e-01 3.500072576505646738e-01 -6.671710755913798363e-02 -1.165500434049617090e-01 4.974145346362922604e-01 4.091406152005815366e-01
-2.378355976127285304e-02 1.000000000000000000e+00 4.788728744942837290e-01 6.228721558925036650e-01 4.209815929416094726e-01 1.873428598302604720e-01 2.335244718334124059e-01 3.585358811596562334e-01 1.539416420137140751e-01 5.811432634838437084e-02 7.942319933231151152e-02 -1.835201258515389566e-01 1.046293528700638631e-01 2.130999830686603203e-01 1.531374723692537354e-01 6.223756697823860096e-01 -9.156774372589812638e-02 3.056829157802478172e-02 2.715408140582077981e-02 -2.762133872845794480e-01 1.338782065963299295e-01 -1.702394985370587199e-01 -1.976066101997134006e-01 -2.113390006558297785e-01 4.243879887769676229e-02 -2.541898282130926057e-01 -2.929084485093292334e-01 -2.474726923834882630e-01 -5.048363411208313389e-02 -2.457386145468682670e-01 1.101727760431892161e-01 2.598493472817392513e-01 1.877996779470131605e-01 -6.527108101971364727e-03 -1.874149690358229148e-01 -2.293135861387151364e-01 -2.407327516278420509e-01 2.650997019355632034e-01 1.787416650304262389e-01 3.992220636276277990e-02 -2.923429051971108278e-02 -1.233379312731226335e-01 -2.616114851904099980e-01 -3.224812612536907819e-02 -1.457491021021566913e-01 -1.632532989026285741e-01 -1.336699514371043895e-01 -2.324710783840316652e-01 -2.175434326565822696e-01 -1.753534463228097473e-01 2.226254830491549153e-01 6.153492688008833644e-01 5.595063150756616199e-01 6.234470547473061064e-01 3.109749970524628981e-01 3.021659214765664569e-01 3.176750570838137583e-02 3.916011298461226087e-01 2.467067712987247238e-02 9.852205598998391156e-02 -1.084616954710254932e-01 -4.325613672376910079e-02 -4.739409607592831586e-02 2.318969117140818326e-01 1.356541197818730005e-01 1.682520741229707739e-01 -2.145597426116180872e-01 1.078623602816559252e-01 -1.162466962510416840e-01 -5.741380770765112246e-02 -3.871300023205342250e-02 -3.194037684941588018e-01 -2.150324443682562203e-01 -3.094533082578937097e-02 -1.709882928383882894e-01 -1.708347305759404522e-01 -4.101220010833975249e-02 -2.128818353866397395e-01 -3.527947508931411624e-02 2.250780491901687441e-01 -2.255018931079422473e-01 -1.503382175108985454e-02 -1.121325139029683005e-01 -2.076356310281185502e-01 -2.972946828365610750e-01 -1.804808689171620018e-01 -4.514073766037735025e-02 -2.202480833284106987e-01 -3.112349627178471190e-01 -3.100334414228855251e-01 1.548535494844315297e-01 1.902449417392554076e-01 9.362113728189326578e-02 9.802397631305853620e-02 -1.851380091181112075e-01 -7.033978470115231918e-02 -7.108653086688078437e-02 -2.623262390847005965e-01 -1.421425402704102892e-01 -1.805155867920718027e-01
-1.214924606956976627e-01 4.788728744942837290e-01 1.000000000000000000e+00 3.077621396261045472e-01 3.083804129849091469e-01 3.407537274739673161e-01 2.027519132193087575e-02 8.895599830056478974e-02 1.142965667251342743e-01 2.897529291696224890e-02 1.944336718395110394e-02 -2.129348162745371975e-01 1.646786829130342938e-02 1.768219263561532362e-01 1.473527245202916613e-01 3.095072362787186782e-01 -6.382965828912315343e-02 -9.204614988814728560e-02 8.690665111575643365e-02 -1.895618920147340292e-01 1.134324267025298705e-01 -1.895425649166158910e-01 -3.526391393569807634e-03 -7.365339023450638567e-02 1.005077683774409369e-01 8.066496835194564285e-02 -1.560134761406208048e-01 -1.601945219430479794e-01 3.334467298056328216e-02 -1.625835787682308742e-01 -2.546690200802483317e-01 5.451099148643970826e-01 -4.050885331721233718e-02 -1.592214151946047263e-01 -2.503432190442361205e-01 -1.643437253468323133e-03 -1.405863868356847790e-01 2.319006459565244038e-01 1.369519934331022148e-01 1.678037243883250818e-01 -3.914449188242620503e-02 -4.184923022280383903e-02 -5.417239906587786175e-02 -2.211583892859324552e-01 -2.406462469786611880e-01 -7.622101069957255837e-02 5.457930194022148768e-02 -1.810738740461474428e-01 -1.115139273694788213e-01 -5.896163761861430985e-02 3.239503218306290233e-02 4.718795783611335892e-01 3.199349798914025711e-01 4.949874384607963473e-01 2.700305511489525800e-01 6.577240599611645644e-01 -3.015098645773799796e-02 3.019205739146424428e-01 2.144222538736139869e-02 1.560059965679452265e-01 -3.382441250326411603e-02 -1.955565101213578294e-01 -7.020200770182273564e-02 2.151601568472693848e-01 1.840848592535868078e-01 1.767314028404990967e-01 -1.477941050625260488e-01 8.407855890166808510e-02 -1.340470350437006353e-01 -1.637578973677987215e-01 -8.785083024448924393e-04 -3.040037048465511482e-01 -1.006312765169894013e-01 1.397757216398292646e-01 8.294518731347187701e-02 6.715576139440281034e-02 1.488047410022091954e-01 -1.404343672129617637e-01 -3.398357136139538714e-01 5.267318066107559010e-02 -1.185184267472316477e-01 -1.720748964801894487e-01 -2.648716336069921740e-01 -3.349207719193839639e-01 -1.263136802004195258e-01 -8.309018197595056943e-02 5.096331067635683637e-02 -1.864768996232756687e-02 -6.081104813333233078e-02 -1.375074527147948089e-01 -1.941577830157061382e-02 2.828616829540110955e-01 1.462318421604338614e-01 2.410184415930747281e-01 7.126457280849828740e-03 -1.524067009377926551e-01 -5.517316334389418819e-02 -1.997523955099306248e-01 -1.134039231028279998e-01 -1.218073875365663916e-01
1.397598058798197873e-01 6.228721558925036650e-01 3.077621396261045472e-01 1.000000000000000000e+00 5.700066488570245671e-01 2.191693863301575618e-01 3.467303441455292234e-01 5.335057479042935036e-01 1.617905575296453569e-01 1.687152582331560569e-01 -1.304310541088168560e-02 -1.824103277192284656e-01 -1.031356418613925130e-01 3.933341586113514414e-03 -6.689197811647036584e-02 6.517322967604480821e-01 -1.427314428143437453e-01 -4.638578006005205853e-03 -1.425283658871546455e-01 -3.416612725232869296e-01 -1.522452385319380576e-02 -1.556839507730909955e-01 -3.228280088117294611e-01 -3.081362497051122196e-01 1.118272934387000844e-01 -3.135692168158909499e-01 -3.619632671697504134e-01 -2.191478447183284883e-01 -1.741311741486851472e-01 -2.782880176023215801e-01 1.734062698498652355e-01 2.228444014448013322e-01 4.266857108489406913e-01 -2.565749539759957024e-02 -2.908707525664785964e-01 -2.819720245496264432e-01 -3.102845500530634903e-01 3.522049865884265829e-01 1.932347822876801791e-01 7.955633422007302169e-02 -9.579720003329046663e-02 -1.044788364045949602e-01 -2.000271764454188972e-01 7.835673221685725276e-02 -1.759401284407344779e-01 -1.251966311442466451e-01 -3.814002116543918075e-01 -2.702960549684377267e-01 -1.617547379620985493e-01 -8.744490677075793250e-02 7.712500492458156109e-02 5.489644422977222327e-01 5.367315759324891022e-01 6.423929001599074651e-01 2.471954671623378397e-01 2.715329318517418211e-01 4.104346856243029640e-02 4.391747944707569129e-01 4.811080918327458045e-02 1.730414937668159348e-01 -1.800898571956647404e-02 -2.007373270256962439e-01 -2.913657239374320973e-01 1.121188605034640073e-01 4.193845735268818958e-02 -2.682700332697994863e-02 -2.520333955157479933e-01 4.028562508557358840e-02 -2.053107941802531367e-01 -1.518901838828462525e-01 -1.273325609505411571e-01 -3.637292739961265342e-01 -3.180371357331530091e-01 -1.318058787563149703e-01 -2.582000019315386363e-01 -1.515006042802255204e-01 -1.990297322036501948e-01 -3.217384520970167361e-01 -5.729634422966151108e-02 3.269913166497869783e-01 -3.376770983470491760e-01 -1.160467673716635978e-01 -9.026981748826432006e-02 -2.516336238848467244e-01 -3.870474366947951883e-01 -3.600730390123992319e-01 -1.299269538920660993e-01 -3.491532698830219772e-01 -4.181682366680103402e-01 -4.077756787607597633e-01 9.087767126155604780e-02 1.405859378247347191e-01 9.430699944591396100e-02 5.364051660827413859e-02 -2.827043811182931021e-01 -1.895254325231689879e-02 -1.732790788729155762e-01 -4.045269407507740556e-01 -4.507284732986165110e-02 -8.068052344525873665e-02
3.897422865171060440e-03 4.209815929416094726e-01 3.083804129849091469e-01 5.700066488570245671e-01 1.000000000000000000e+00 3.428417502146151596e-01 1.028147379083226287e-01 3.692999436494615040e-01 2.032788912138737913e-04 -1.962081687237121341e-01 -3.426969116156905470e-01 -3.738484555145253352e-01 -1.645752057539526525e-01 -1.359981204471437111e-01 -2.688738450814399661e-01 2.414579286026790617e-01 -3.160751157258888111e-01 -2.540740992757056227e-01 -2.556271278238019806e-01 -2.634013491130752782e-01 -1.267424279252041541e-01 -2.280236303228763417e-01 -2.749328207297179194e-01 -4.162196663194915325e-01 -1.267144248354707403e-01 -2.930508247699925017e-01 -3.093347779469720060e-01 -1.854198861102709928e-01 -2.305397110682454731e-01 -2.331690201747171065e-01 1.812003685650015739e-01 3.828018743989317629e-01 3.757991967628730445e-01 -2.649818265926436323e-01 -3.776770490101938327e-01 -3.254163198535925394e-01 -1.990092625070444265e-01 1.672677218576119063e-01 3.305431112869698651e-02 -9.423121021337765857e-02 -2.097364852429013660e-01 -2.010348995753700463e-01 -3.433451257477859175e-01 2.304151185053096296e-01 -1.487964610442489011e-01 1.544247836724415950e-02 -4.227921690203927385e-01 -2.777361991144238207e-01 -1.557290393387052987e-03 -1.031376794055471370e-02 2.477009741858018366e-01 2.633549438367239204e-01 2.901345463083468412e-01 5.333373833192335267e-01 1.889586464234090935e-01 1.933721751075238027e-01 -1.436765480296688657e-01 1.393770223576538403e-01 -2.568970940481916099e-01 -1.873040653475764594e-01 -8.640803262422087905e-02 -2.989601596140586404e-01 -2.170609017969160337e-01 -9.526866594803133637e-02 -1.464812044580255934e-01 -2.606176594769604726e-01 -2.319367120230395873e-01 -2.318928050555985609e-01 -3.603315787521103597e-01 -2.972319995288078553e-01 -2.046792656707992486e-01 -4.940757755688264807e-01 -2.690766447501947156e-01 -3.414113858624525100e-01 -3.044821530259583797e-01 -2.102815625980568315e-01 -1.579718368480090562e-01 -2.529101899758192662e-01 4.396936069570132194e-02 3.330672902347587838e-01 -3.718555553073535358e-01 -2.229510887912911077e-01 -2.481720474151066502e-01 -3.729456834764655615e-01 -2.816938989343433786e-01 -3.748882450990900783e-01 1.290637480565566542e-01 -2.698406614604324516e-01 -3.519477797144743847e-01 -4.487461426379825702e-01 5.195361978781962153e-02 -9.915031021456301163e-02 -6.542660415766013426e-02 2.323196117132988736e-01 -6.601841122266969772e-03 1.203803375400008674e-01 -8.123887619052112818e-02 -2.656950040765744259e-01 7.440451937000371052e-02 1.320303164160782985e-02
4.346619763253662394e-01 1.873428598302604720e-01 3.407537274739673161e-01 2.191693863301575618e-01 3.428417502146151596e-01 1.000000000000000000e+00 3.977304752347132766e-02 2.444222647980884844e-01 2.694973451764355876e-01 2.706674715757526051e-01 -2.791193572179426208e-02 -2.349999891521766804e-01 -9.267688991410845400e-02 -2.503152111449919448e-01 -2.659368166455959859e-01 1.113846178635752304e-01 -2.296304990148515801e-01 -1.602502407760930669e-01 -2.896304870607985804e-01 -2.220159122885589087e-01 -2.504213084927518485e-01 -1.475917965583392610e-01 -1.842786665930725154e-01 -2.694688486261010429e-01 4.175602806739813766e-01 -6.967436053350682668e-02 -2.943451485751561458e-01 -1.813670770145691669e-01 -1.924985343696665741e-01 -3.315529582256574459e-01 1.905902702432053439e-02 4.132437451706723053e-01 2.697100559386022001e-01 -2.012213125241480716e-01 -2.911343544895320101e-01 -4.208973728026020600e-02 -1.331029039148322046e-01 4.032357764238403974e-01 1.694989224048303322e-01 -1.782851631134808532e-02 -4.174384361332451887e-02 2.335708993906036868e-01 6.786880146864211760e-02 2.300305240112857363e-01 -1.908819195272407065e-01 6.805149196459021887e-02 -2.450562366836433748e-01 -3.051169235213408437e-01 3.704422872252796650e-01 2.298942087892495156e-01 -2.240403023836720076e-01 2.050815626772370948e-01 7.911258839645307628e-02 1.972993389017078658e-01 4.266771136275046006e-01 5.253957878573359830e-01 4.470494598954163207e-02 1.450965092539226453e-01 2.474215778584697989e-01 1.902553282917210931e-01 1.100231890279984859e-01 -1.859640484820291040e-01 -1.667320073423505244e-01 -2.666206100134664303e-01 -2.881143342979674005e-01 -2.129821405576790838e-01 -8.448704196493493634e-02 -2.558216046384299558e-01 -3.348779290734911762e-01 -3.771601748973461010e-01 -2.994582191120493397e-01 -3.317786128121912315e-01 -2.370834416067670314e-01 -1.402602438168245313e-01 -1.726495991555762333e-01 4.909686072689228159e-02 -2.020759722496276167e-01 -3.270704354261467217e-01 -1.110927385227582914e-01 3.598928114214630658e-01 -3.042652961010480217e-01 -2.485613416613594029e-01 -7.079686408057274394e-02 -1.810435918003103495e-01 -2.294539027271367548e-01 -2.279009546154062982e-01 -2.282258026960490294e-02 -4.405629880547216187e-02 -1.424997640840188762e-01 -2.527274383889541731e-01 9.750905872145758380e-02 3.568234125150571145e-01 1.144742441317089660e-01 3.146720797132190328e-01 -6.616467362262742902e-02 2.893416482190481753e-01 -5.639017744990772879e-02 -2.590542274478638829e-01 3.502568322132805778e-01 2.096743557074257913e-01
-1.048253728087144773e-02 2.335244718334124059e-01 2.027519132193087575e-02 3.467303441455292234e-01 1.028147379083226287e-01 3.977304752347132766e-02 1.000000000000000000e+00 5.044354925684919611e-01 1.829090114060754335e-01 1.652513036352895870e-01 5.103871214137224721e-02 1.366380742722197172e-01 -4.798179893735476931e-02 7.360717377940272088e-02 2.149805872519866545e-02 3.173433871520429661e-01 3.085289071328375377e-01 2.251057072580103791e-01 1.317341195177315072e-01 1.915815289304697300e-01 1.185543627323424054e-01 3.034888503531542603e-01 2.141658637711797430e-01 3.375754668247689105e-01 9.212816817080557441e-02 7.150239860307482098e-02 4.552704884048565555e-03 -7.455701368631940940e-02 1.969123573440337005e-01 -1.589415238384243034e-01 2.465013668410701297e-01 -1.027632193874733132e-02 5.760789195967438991e-02 3.350102008700443501e-01 1.585214078986560068e-02 8.762624767459621655e-02 -1.500194908741297739e-01 -5.215787598783676315e-02 -2.291830512252089058e-01 5.357461224699157365e-02 -1.861502168628365594e-01 -1.419465922454565820e-01 -1.275927982981205355e-01 -1.053259863961926862e-01 -1.414158674439549845e-01 -3.470223636750501828e-01 -2.048548281043168773e-01 -1.283393221343950494e-02 -2.372528919011110682e-01 -2.750737516907324487e-01 9.814367744506301283e-02 2.602704258032153550e-01 2.315603753584832836e-01 9.407833564756623579e-02 1.033637489245058938e-01 3.667351505146069189e-03 3.181828190152760083e-01 2.519303234771004263e-01 4.800471428416908798e-02 1.553575051340441437e-01 4.365003846263012383e-02 -6.745994186008737181e-02 -3.920925116526452481e-02 1.160914865968141890e-01 1.009224873376283749e-01 3.629273039861195815e-02 1.734813849225598156e-02 2.242404837520393657e-01 2.817015597494892387e-01 1.927770207698293117e-02 1.945307033742228187e-01 1.340028153717411630e-01 2.251348869842350608e-01 1.436931253887733240e-01 2.049277668734107716e-01 1.465710809626761812e-01 2.086817461265345619e-01 -1.222018535514358961e-02 2.229334461434862302e-01 9.229620575570393615e-02 2.605330561136785517e-01 -2.463832671370917715e-01 -3.140835816910747536e-02 3.342109267578594056e-02 -1.632574895523332403e-01 -3.385232394444037118e-01 -2.034749203062246881e-01 -3.663713882141791944e-01 1.427075208696163555e-01 7.051712519817815439e-02 -3.192998874469274440e-01 -2.892761487628319264e-02 -1.807822182222041107e-01 -1.959370682460578883e-01 -2.875997242654764197e-01 -1.538823494325046448e-01 -4.173410800643440610e-01 -2.581367394895399681e-01 -2.599840890063464527e-01 -3.516585058485661164e-01
6.028655454049170609e-02 3.585358811596562334e-01 8.895599830056478974e-02 5.335057479042935036e-01 3.692999436494615040e-01 2.444222647980884844e-01 5.044354925684919611e-01 1.000000000000000000e+00 3.302257297121823365e-01 1.486422199412643919e-01 3.721534345300084833e-03 -9.371049531342219574e-02 8.037292695396533460e-02 1.359079337540655512e-02 -1.066391586316374762e-01 2.896566187938536818e-01 1.985790750335107713e-01 3.743171958280857026e-01 -6.027176268940664938e-02 4.726206884571228228e-02 4.110956550238417662e-02 3.120763213795862412e-01 -5.474473969618248032e-02 8.757727228047847839e-03 -3.479486084254140073e-03 -2.109417033944979702e-01 -1.060534815008152970e-01 -1.488910207242327977e-01 3.161547694962849042e-02 -1.524444428325638923e-01 2.629957490194912428e-01 4.295977899746258183e-02 3.408172701917523417e-01 3.097867844655072256e-01 -1.007136741544097241e-01 3.988278101330481468e-02 -2.191697429185464896e-01 6.837838280227845345e-02 -9.660275195790662961e-02 -3.112575532188925978e-02 -1.468609273514128073e-02 -3.512345270514384277e-01 -2.981550915107175626e-01 2.978143306614955063e-02 -1.913711900271617417e-01 -2.147492171065441546e-01 -2.640252714459244698e-01 -4.527689149807258978e-02 -1.242156951990529695e-01 -8.026055263903349168e-02 2.253126281950394161e-01 2.575467110386949199e-01 2.546675905086155933e-01 2.042946824248182969e-01 1.156612582733173161e-01 4.615368593549575710e-02 2.983326205431184874e-01 3.731233265739964944e-01 -7.764520386326034807e-02 -1.385105591213293443e-02 -4.677892209130284779e-02 -3.903739386503859987e-02 -3.788964456722294927e-02 4.188477984860661946e-02 -2.074829677745452378e-02 -1.032483903843407630e-01 -1.792562709074235483e-01 1.230027136261892945e-01 1.266440143880130376e-01 1.367382291886535539e-01 8.026193201030340507e-02 -9.524269065503855602e-02 -5.286267800338494832e-02 -9.808498752445353464e-02 -5.865538062555093052e-02 -1.129077795709313992e-01 -3.339141586439186432e-02 -1.987260619728828670e-01 1.326816207633401967e-01 1.929818116220516633e-01 -3.913291664539989695e-02 -1.679146873362504511e-01 -2.129205614087370246e-01 -1.699660501532722634e-01 -3.619701605719154447e-01 -3.680529897175593423e-01 -2.082598807161778476e-01 -5.424506140758913464e-01 -1.071093316941521545e-01 -1.624209961453718376e-01 -2.985173223423477351e-01 -1.281507020968289945e-01 -2.386166757877211386e-01 -2.084131015598582326e-01 -3.960670923507937924e-01 -1.108970948115827748e-01 -3.852807179974273577e-01 -3.209556930067763436e-01 -1.180180283839421945e-01 -1.754225958898298077e-01
6.868221612918955221e-02 1.539416420137140751e-01 1.142965667251342743e-01 1.617905575296453569e-01 2.032788912138737913e-04 2.694973451764355876e-01 1.829090114060754335e-01 3.302257297121823365e-01 1.000000000000000000e+00 3.085028641121967952e-01 3.365174038793054545e-01 2.473565954249994925e-01 3.201874885005200899e-01 1.806022271810141522e-01 3.169736891761599229e-01 2.884315385391726938e-01 1.561668638370602158e-01 3.620017811660283802e-01 1.665126771764210145e-01 1.750987751268996140e-01 2.817157824051245707e-01 7.430052558293749609e-02 1.232170178600255073e-01 2.382646618877019562e-01 1.083714770278022266e-01 1.444028803898222413e-01 1.215834871607044398e-01 6.638126902486943259e-02 2.976116096548341861e-01 9.430949998754838137e-02 -1.276321632835127340e-01 -2.087171004837904131e-01 -1.730082644522435709e-01 1.204344035989083211e-01 -9.411655104386902615e-02 3.704235784227398187e-01 1.443727778218634739e-01 2.524858228287160666e-02 8.487327815899252392e-02 2.668999542433118100e-01 -4.514400959633767946e-02 1.170641524493384739e-01 2.038230823733578334e-01 -2.280429703461280266e-01 -1.475552937696703870e-01 -1.701101147667422597e-01 -1.749234632337695724e-04 -8.626640140822663949e-02 7.835341409779857103e-02 8.418165801883199795e-02 -2.830602768364885377e-02 3.561386223140242668e-01 1.576429259112245018e-01 5.078150383262206718e-02 5.046259530301359097e-01 1.526733927089332921e-01 3.863885281982796793e-01 5.655368414202018856e-01 2.552847135866883610e-01 1.745450810837445577e-01 2.187612676719158655e-01 3.648150125718884751e-01 2.868240950455328564e-01 2.387059653163152162e-01 2.231534330083259077e-01 3.589682076970124869e-01 7.128112040850063946e-02 2.621674528498608714e-01 9.559234701093381747e-02 1.633556783954295821e-01 2.064288769257302536e-01 1.868184715454227485e-01 -5.233175253065329609e-03 3.456940267609484585e-01 2.415903310734824894e-01 2.181307427032708468e-01 1.407635769972673812e-01 1.455109958472818321e-01 3.021481075684967141e-02 -2.344423268773610791e-01 1.369492456745459719e-01 -7.636918665941024031e-02 1.444876747568124842e-01 1.333528412755940751e-01 1.080510088255051265e-01 6.125016028429136616e-02 -1.585659552718396703e-01 6.689002638897649511e-02 1.676579572124571871e-01 1.376416349381253956e-01 -2.646118759769289785e-01 1.072506398317728399e-01 9.792582212485793913e-02 -1.798106288358816696e-01 -6.575044563584629687e-02 8.372865265582831937e-03 1.430260450139648250e-03 -1.071589704495998774e-01 2.031522621957085328e-02 4.468538977523585365e-02
4.528939928675419502e-01 5.811432634838437084e-02 2.897529291696224890e-02 1.687152582331560569e-01 -1.962081687237121341e-01 2.706674715757526051e-01 1.652513036352895870e-01 1.486422199412643919e-01 3.085028641121967952e-01 1.000000000000000000e+00 5.776973985850609727e-01 4.210494569502378215e-01 3.811359466973401888e-02 -8.453321124458465508e-02 7.335690858177085216e-02 3.298297838690152362e-01 7.204974174437139833e-02 1.491127773079455598e-01 -9.093613751858699301e-02 -1.671322282853172914e-01 -7.693435812083365688e-02 4.150030118873542645e-02 -1.517714617905147889e-01 1.039451018774608104e-01 6.994913697526368157e-01 8.300018057464110532e-02 -2.244359053918680014e-01 -9.415726347316100142e-02 -5.949457032443716126e-02 -2.422303750922591148e-01 8.700634298594638050e-02 -3.490291500654014306e-02 5.773959020665565128e-02 1.489549820613927933e-01 1.176621611581605414e-01 3.962357397336956771e-02 -1.406577376947042712e-01 3.026277359489926710e-01 8.622432011736687330e-02 -3.247981205970522801e-03 -6.239916520058094024e-02 3.296831558282017349e-01 3.591004819251898961e-01 -1.169468409940918746e-01 6.203797852598560980e-02 -1.973582551776445482e-01 -1.454634564238508898e-01 -2.334132235796994304e-01 5.047161899718568406e-02 -6.449312682679773923e-02 -4.642244533640741411e-01 1.549994848130605840e-01 1.451848166082845837e-01 -7.221980112734431578e-02 3.175720014319532436e-01 3.735220282666857905e-01 3.392226346277104621e-01 1.876597116373613927e-01 7.877136942517318774e-01 6.756598649656505584e-01 3.587459508824729082e-01 1.991353806513322944e-01 -9.638281936569351172e-02 -1.076127431813876795e-01 -1.295470010139479211e-01 1.352843425923292431e-01 -1.078916338777442668e-01 5.637790320167467006e-02 -4.122904708532599410e-02 -8.294275147972145212e-02 -1.823554742435332943e-01 1.115279138727459651e-01 -1.711666030513423753e-01 1.600813579072592752e-01 4.757142505665270388e-02 3.253967366845952336e-01 -2.720184905365560235e-01 -1.996708037350659048e-01 -1.255171674166073725e-01 1.610270500189588672e-01 -7.761437346988160624e-02 -6.545844312158399791e-02 3.130787889108631594e-01 3.719973962142449908e-01 -1.460082985745284057e-01 -1.208247256500856320e-01 -4.140028819155263107e-01 -1.551605203606026828e-02 -1.096507608972743103e-01 -1.032853630488556329e-01 4.713944628980840795e-02 5.723062728728702808e-01 1.691763513085535742e-01 5.351510405830769979e-02 -3.103869629422685295e-01 4.069122113960708248e-02 -2.133075723589955286e-01 -2.857864980494846940e-01 3.782963111010164553e-02 -9.571911546622301897e-03
8.206991197710601649e-02 7.942319933231151152e-02 1.944336718395110394e-02 -1.304310541088168560e-02 -3.426969116156905470e-01 -2.791193572179426208e-02 5.103871214137224721e-02 3.721534345300084833e-03 3.365174038793054545e-01 5.776973985850609727e-01 1.000000000000000000e+00 5.695118733270227995e-01 4.190973592424974137e-01 3.190676081424587140e-01 4.446042804494313994e-01 2.578877013292666942e-01 2.849719128979845140e-01 2.480611926049375027e-01 2.512007312859265706e-01 6.200591307728190588e-02 3.282051243089058046e-01 2.074164244466459583e-01 9.934411926396703729e-02 3.978667971358696431e-01 3.756076112790488475e-01 3.101011816323384074e-01 6.538353409517322357e-02 1.936199518002511277e-01 3.255154701961820995e-01 9.453561904646662351e-02 -2.234630528447876380e-02 -2.255209302249982783e-01 -2.836999810205840800e-01 2.027336188427215635e-01 1.794364021190251735e-01 1.165857384763856336e-01 8.582150071833175020e-02 -1.540107238485761715e-03 -1.964490567868298551e-02 1.190584582074895453e-01 -1.470907020627057749e-01 1.644595318213306068e-01 1.930208525833521926e-01 -2.753090833394420955e-01 5.440142599065321029e-03 -3.328090792387379815e-01 3.698140802965646512e-02 -1.689474286606367781e-01 -1.532626387565348136e-01 -1.633457915080276657e-01 -1.199849804726759034e-01 1.211471187250002107e-01 1.423429732132629189e-01 -9.998193363977971038e-02 1.657327092055320139e-01 1.821998392619119111e-01 3.236063006929583152e-01 2.514961612574626582e-01 5.301726068957249849e-01 5.415466709944698476e-01 3.582170017273150764e-01 5.179420498823282815e-01 3.305034041053597216e-01 3.072972343400904860e-01 2.131276714379101433e-01 4.660097441322089695e-01 -1.976638792655599757e-03 4.024830254563244170e-01 1.867024809188365386e-01 1.415550306006242431e-01 2.197449718469425550e-01 3.866889568072273686e-01 4.977100390039686933e-02 4.111330200983045469e-01 3.697365673715785617e-01 4.574485191550609620e-01 1.428583609968267498e-01 2.763011067974178170e-01 2.631485622587265150e-02 -1.262926763819243181e-01 2.374890125589029788e-01 2.697624941114743977e-02 2.813351654632434973e-01 3.973879269317198148e-01 1.823717679220343835e-01 4.713170232155420442e-02 -1.875948514887549323e-01 1.656887904583975168e-01 9.384681956598027452e-02 1.926420132512395300e-01 -1.057556228102682905e-01 3.239040691774267566e-01 1.169910290849585643e-01 -1.347534764873249413e-01 -7.805420260643930463e-02 -5.916115020473081132e-02 -8.226036804047513751e-02 -1.359638601870049313e-01 -1.880007525184080319e-01 -1.274193114922125003e-01
-5.796709347419033709e-02 -1.835201258515389566e-01 -2.129348162745371975e-01 -1.824103277192284656e-01 -3.738484555145253352e-01 -2.349999891521766804e-01 1.366380742722197172e-01 -9.371049531342219574e-02 2.473565954249994925e-01 4.210494569502378215e-01 5.695118733270227995e-01 1.000000000000000000e+00 2.282323311792500420e-01 2.993128320361687078e-01 3.599155297783682150e-01 -2.043553624663905013e-02 3.354250114842181607e-01 2.097210073994979496e-01 2.925960844941967176e-01 2.213214487986575052e-01 3.056054232204168386e-01 2.583623581244020029e-01 2.545241395733174872e-01 5.534287958713441924e-01 1.930109186658486853e-01 5.097111214479057573e-01 2.105834731509957924e-01 2.919742227073295893e-01 3.120510724817046611e-01 2.460149946081443550e-01 -4.138838045058845089e-02 -3.456940539289468095e-01 -4.448501542146203191e-01 1.782161735160993909e-01 1.270451691410254547e-01 1.413800346443772615e-01 8.326384248949431424e-03 -3.079325118480198409e-01 -2.986510212990879376e-01 -1.278835882697301621e-03 -3.513184351963064000e-01 1.215481245363254359e-01 1.598448968109492108e-01 -2.666585381202961624e-01 -6.026745479568247632e-02 -3.410237251347201237e-01 -8.960765725356785449e-02 -1.725799960229304209e-01 -2.132718367466351350e-01 -2.554101739755842426e-01 -6.050777707505797937e-02 -6.558934392555600124e-02 -1.128401188344818201e-01 -3.102633703936342191e-01 7.065610838702957031e-02 -7.916169680205298320e-02 2.519964541804093350e-01 9.245109513379380639e-02 3.591166615980948551e-01 4.853760434694902037e-01 5.741857336762324904e-01 4.838270872619239160e-01 2.838128432304553028e-01 2.448879173233604323e-01 2.653419671895010934e-01 4.004559370207255720e-01 -5.111123913739232250e-03 4.333853897184600235e-01 2.320195509373096376e-01 1.000449764891331028e-01 3.086772140304225309e-01 5.254028260699628028e-01 2.410836965199418536e-01 3.463940058826002200e-01 4.685451881079818470e-01 6.015790246808324637e-01 1.556354203266415714e-01 4.179441398137820340e-01 7.314265138657374821e-02 -2.899478757303176057e-01 3.956937098414421428e-01 -1.577764024547566035e-01 1.296031392283134298e-01 3.446034506660951013e-01 2.460814437467665483e-01 -9.036183194149335907e-02 -3.182607120145440338e-01 6.911219298015888746e-02 1.877327161831565394e-01 2.593171186658539962e-01 -3.739478643961810511e-01 3.465994136387666458e-02 -1.649832551513888412e-01 -2.728381916807371410e-01 -1.158351955823272612e-02 -1.742438748713772689e-01 -2.001499468823388361e-01 -1.047192124863493140e-01 -2.753022943413058754e-01 -2.311695110015042076e-01
-2.405611808403567142e-01 1.046293528700638631e-01 1.646786829130342938e-02 -1.031356418613925130e-01 -1.645752057539526525e-01 -9.267688991410845400e-02 -4.798179893735476931e-02 8.037292695396533460e-02 3.201874885005200899e-01 3.811359466973401888e-02 4.190973592424974137e-01 2.282323311792500420e-01 1.000000000000000000e+00 5.574254629179857812e-01 4.923052939070140521e-01 1.871393078588691125e-02 3.701040369663167184e-01 3.006180115858040902e-01 4.061742636560115582e-01 1.934037177107170435e-01 4.745952021088520323e-01 2.636935243704299214e-01 2.860155986460877764e-01 3.230324968184026813e-01 -1.328287654131268813e-02 1.842427322900880293e-01 3.342457930300224422e-01 1.701373538979986111e-01 4.094351122746959781e-01 4.366481801565311738e-01 6.905887821875425665e-03 -2.291418573906890688e-01 -3.157611793355828422e-01 1.492798399986296209e-01 7.165776754822765493e-02 1.139699547105744032e-01 1.142706975434449046e-01 -2.007198436194097269e-01 -7.587360904675462259e-02 1.421107146265908339e-01 -1.337018777069028941e-01 -6.352423422169085898e-02 -4.398905995859112711e-02 -2.513145676126583572e-01 -1.958532676261059979e-02 -2.294634954186562659e-01 2.343454935162576358e-01 -1.812341166787457755e-02 -1.754479650968314153e-01 -1.773976763389902012e-01 1.744781994521618362e-01 2.238978397957568436e-02 2.839116343802018660e-02 -5.327348691251781315e-02 5.259782619105271562e-02 -8.373437704495792500e-02 1.793623887433722919e-01 2.275056950012763479e-01 8.781731233556311356e-02 7.812828906907946791e-02 1.362848194507621791e-01 6.950980677891724913e-01 7.553891014918963087e-01 5.320362043702513422e-01 3.060971554905992931e-01 4.479543889763795139e-01 6.173078343504402599e-02 3.837241934707052438e-01 2.120720994375375201e-01 2.572560355861421844e-01 4.361026744864330840e-01 2.839426358670155137e-01 2.422081039554438986e-01 2.764006214673473960e-01 4.003403061779013949e-01 2.230057796389694758e-01 3.727222307551764646e-01 5.187097405463353406e-01 1.853972735553841844e-01 -2.176519303491190327e-01 2.810789508100995371e-01 -8.529344773058750162e-03 1.487172109132789688e-01 7.492383076400302433e-02 2.947765470752183870e-01 2.025926682302176263e-01 6.843334783665268317e-02 5.727738488374794351e-02 1.497755964461932043e-01 2.188060310002129527e-01 -2.013297435118198697e-01 -3.779750919401449194e-02 -3.747371454031946797e-02 -1.445026992774539054e-01 9.912036274304758532e-02 -1.157879374034547909e-01 6.557466492589872353e-02 1.043365881190092860e-02 -2.685620738248513661e-01 -1.924636030089333372e-01
-4.707981623503844082e-01 2.130999830686603203e-01 1.768219263561532362e-01 3.933341586113514414e-03 -1.359981204471437111e-01 -2.503152111449919448e-01 7.360717377940272088e-02 1.359079337540655512e-02 1.806022271810141522e-01 -8.453321124458465508e-02 3.190676081424587140e-01 2.993128320361687078e-01 5.574254629179857812e-01 1.000000000000000000e+00 7.707875763786334877e-01 6.830483771600842635e-02 5.228887456518314103e-01 3.097682081525173770e-01 6.918687120379910516e-01 2.956087318233746042e-01 7.702094428181061048e-01 2.321812319025536864e-01 5.103610076716112998e-01 4.716573433944342697e-01 -1.898619673324576373e-01 2.318066383649240170e-01 3.992783363192149992e-01 2.516010120515972392e-01 5.378026679370055962e-01 4.871538927238424632e-01 -1.558472832296219635e-01 -1.943760187790381788e-01 -4.037277245575152107e-01 1.945305246869847571e-01 4.870775943246891115e-02 8.916918350854116659e-02 3.598873140160399609e-02 -2.993697309629741454e-01 -1.017958972452492339e-01 1.399303423467501417e-01 -1.803065434917047460e-01 -1.327053632764957913e-01 -8.782580132490480640e-02 -3.914178970742920871e-01 -1.049132105343798804e-01 -2.244023666973893327e-01 3.377311122094143747e-01 5.880915159161351213e-02 -3.988463497483651921e-01 -3.449167681729533030e-01 2.802991559677927014e-01 1.456046327048814149e-01 9.909035338758311051e-02 6.352768672708111741e-02 5.989555114504715311e-02 -5.016630236941337778e-02 8.093183419839355963e-02 2.787441682863764369e-01 -3.705363453231303589e-02 6.673285772254206050e-02 2.658601078385553276e-02 3.769650909916107961e-01 4.887713602642322908e-01 7.633785937264813137e-01 6.770794453840036642e-01 7.095277655327137944e-01 -4.383099024155161921e-02 6.888625682417461871e-01 3.442295390333384164e-01 2.895399358425768122e-01 6.945828965881093442e-01 2.716869470733501157e-01 4.662964911573642679e-01 3.563530964189010053e-01 5.535386632787955286e-01 1.863330177979727886e-01 5.122141101045404321e-01 5.712768434640824733e-01 2.741959096484717154e-02 -4.033137849562352106e-01 4.118023569065100697e-01 -1.102085454094428735e-01 -6.973297105043317623e-02 -1.191688179798362640e-01 2.770052388017243405e-01 1.209515054853554095e-01 1.490624780421992771e-02 2.320340350931155912e-02 2.081004617171589022e-01 2.194327019293011716e-01 -3.358148099701334655e-01 -1.243512621700057358e-01 -8.695488000898121683e-02 -2.289660581844719378e-01 8.828036120332871661e-02 -3.518740119299597069e-01 2.587432051502152469e-02 -3.057889031188248258e-02 -4.960959017660420689e-01 -3.896015299195752513e-01
-3.965586248068601605e-01 1.531374723692537354e-01 1.473527245202916613e-01 -6.689197811647036584e-02 -2.688738450814399661e-01 -2.659368166455959859e-01 2.149805872519866545e-02 -1.066391586316374762e-01 3.169736891761599229e-01 7.335690858177085216e-02 4.446042804494313994e-01 3.599155297783682150e-01 4.923052939070140521e-01 7.707875763786334877e-01 1.000000000000000000e+00 1.762128599948068475e-01 3.866853166623595572e-01 3.474418474146481195e-01 5.764413953582843142e-01 3.107983071915689788e-01 7.720420811085112467e-01 1.009953512803779818e-01 4.746018298402837621e-01 4.842386387171387918e-01 -8.279662813934482446e-02 2.742147545346126924e-01 3.275107075506169529e-01 2.273443275541313369e-01 6.011063703529103686e-01 4.393114144745528526e-01 -1.625160665010029482e-01 -2.311334839567422417e-01 -4.960502696198607064e-01 1.235454876472558694e-01 7.683340671989727366e-02 1.874639209829219444e-01 1.383187057503284523e-01 -2.428569013206261229e-01 -1.211067589495035124e-02 2.453778366227613583e-01 -1.893665919065358749e-01 1.238781526556652010e-02 1.020792356765780756e-01 -3.818935345811090287e-01 -7.643497368193243047e-02 -2.141625156976307565e-01 3.417201849834640148e-01 2.842665456061119547e-02 -2.826138399735381168e-01 -2.954935430390551176e-01 1.465611465170219008e-01 1.674593174219353442e-01 1.047855988318618231e-01 -2.080232630338972252e-02 1.430917344399394719e-01 -3.328760828094229633e-04 1.089017652247359635e-01 3.348483981113225538e-01 1.170092884182364207e-01 2.021866002731340650e-01 9.944067422757746355e-02 4.150916483459348161e-01 4.498808532908608049e-01 6.787077891358814785e-01 6.818988889501489403e-01 8.678382127594104212e-01 -5.552636576117419426e-02 5.786294012168105017e-01 2.886009219579169227e-01 3.188395084229759258e-01 6.725713472027057271e-01 2.950653131708396160e-01 3.888522199434455984e-01 5.100481666152404392e-01 5.639615931205076427e-01 2.694489106852169802e-01 5.182531587116152583e-01 5.294637336502518998e-01 3.763446260019952250e-02 -4.290047589554965568e-01 3.961684219134963825e-01 -7.456547192931123336e-02 5.956766312771073074e-02 5.159503497920559650e-02 3.083102996859596878e-01 2.294764891492909742e-01 -6.572703123334519559e-02 1.669019800814078303e-01 2.828329515853439391e-01 2.443399831613879414e-01 -3.094920199605663558e-01 3.236527405311773187e-03 7.041938777136563798e-02 -2.023235321059127789e-01 8.388345142724795700e-02 -2.096495040770826879e-01 9.771518210532098569e-02 -1.947379541438114996e-03 -3.847735903643156319e-01 -3.103838850273985539e-01
