1.000000000000000000e+00 3.827933521901826647e-02 5.546390927278906785e-02 -5.304449768140217375e-02 -7.257398372125210828e-02 -7.260456898098690236e-03 -2.074478129686829417e-02 -3.098864695624466981e-01 -2.953850167869964127e-01 9.988150616093324774e-02 -6.572506289210974795e-02 -2.043742451664714022e-01 -2.527243627599651821e-01 -2.119396127964019716e-01 -1.179589427113031663e-01 1.940032650172558437e-01 -3.544597782546319298e-01 -1.721601987322502192e-01 -3.034828694969554652e-01 -7.992922843514890796e-02 -1.488895280962386665e-02 -2.543809509449603268e-01 -1.274844129179445729e-01 -3.577779204386088985e-01 3.695769721148746689e-01 2.582277516293717684e-02 -1.858193487803245711e-02 -2.289057030140345395e-01 -2.284113314129929961e-01 -1.013132945147486585e-01 1.796277218209911541e-01 3.495861730905193698e-01 3.275874636793970618e-01 -2.651916946403104491e-01 1.100751133114324515e-01 -2.643445981367106845e-01 -1.242670412467672819e-01 4.529979375864595093e-01 4.835353147595701506e-02 -9.154920810578029422e-02 -2.780279760053921412e-01 7.687098588149339495e-02 2.536400430334372347e-01 7.449449231896038137e-02 2.626238205972009077e-01 -5.681181572699299867e-03 -1.058775981153637774e-01 -7.666844044345108578e-02 -7.733657705048760378e-02 -1.537789483121306533e-01 4.715587541417876061e-01 4.821338566843345191e-02 1.604218171983279873e-01 -2.496587092827932258e-02 4.053005898198296791e-02 -3.793516007833028225e-02 -1.944368730866435913e-01 -3.223076868771372339e-01 -6.046030748376775982e-02 -1.341365777339961207e-01 -3.711914824316030204e-02 -2.869146439602162091e-01 -3.388030313538762939e-01 -1.924610171335587039e-01 -1.722537950452740774e-01 -5.223325709079220530e-02 -9.533095868656479843e-02 -2.749626666933105423e-01 -2.841220271222925087e-01 -1.783594643350817077e-01 -9.497645346585552317e-02 -2.047054059739100706e-01 -1.198028454356851735e-01 -1.663319890569472936e-01 -3.251423588906028339e-01 1.932374118436344101e-01 -2.183548643142622925e-01 -2.206715286408528209e-01 2.041760892381872805e-01 3.138148629238249332e-01 -3.459252303512641014e-01 -2.256050020990112703e-01 1.475856746413524989e-01 2.183675343036573790e-01 -1.107062059851837282e-01 -9.873066160552072812e-02 -2.048677277286197196e-01 -1.243373946592511853e-01 -2.433210774694848921e-01 -3.524936522755740542e-01 2.924866040755150220e-01 2.633188726570907523e-01 -1.378959930513217087e-02 1.025665233783615432e-01 1.375320854951605498e-01 1.559536735837615540e-01 -1.037333397812351815e-01 -8.023532508246244976e-02 -8.431458250927414966e-02 -1.849295389461155792e-01
3.827933521901826647e-02 1.000000000000000000e+00 4.654332858091660974e-01 5.611784628896676619e-01 6.255802888224855085e-01 2.556833276269196431e-01 2.779720100807124838e-01 -1.246856317628687854e-03 2.000686112233984737e-02 1.271142341456217573e-01 6.867584146484488616e-02 2.282118816101279535e-01 -1.176840745417982032e-01 -2.188194058628550043e-01 -2.509694465558190424e-01 4.561954726832773144e-01 -1.968136994822624608e-01 -3.372334872634646374e-01 -1.690680760963940155e-01 -2.830181686449100287e-01 -2.971910615520331755e-01 -1.269090859015808460e-02 -1.023333266607295428e-01 -1.333847041999703005e-02 1.153398910940853089e-01 1.506935786896705931e-01 1.306539498458079984e-01 -2.993491180370815019e-02 -3.234776169008808933e-01 -4.407926095784976683e-02 -1.678597202525510812e-01 -1.975661175555930571e-01 -3.005334394642735218e-01 -2.755757493789514068e-01 1.404386100518303648e-01 -2.064195194085142460e-01 -1.776219748973355550e-01 -5.997316409192812031e-02 3.777312547554995126e-01 4.575765091828670750e-01 -2.449939884585501104e-01 -8.017190761377697428e-02 -5.280642654891072596e-02 -1.471720408873097852e-01 -6.286430059326063302e-02 1.385369835928089606e-02 -6.368748951730525409e-02 -2.555995806326933316e-03 1.732373696735091950e-01 -2.097918257901639216e-01 6.028183997599607935e-02 5.922921105790329710e-01 5.323033740228917399e-01 6.204991790820582054e-01 4.998737600121667124e-01 4.419871819455402639e-01 2.707958445717743023e-01 -1.675764095831774603e-01 3.110868639349573250e-01 8.809548972455391591e-02 3.179558389944602825e-01 -1.353812809747952928e-01 -1.788781107370001899e-01 -1.473261384614931446e-01 -2.096846903100413329e-01 -2.392735668401713700e-01 2.465470800916289562e-01 -3.561743777868349725e-01 -2.708532988821394372e-01 -2.845721781479932377e-01 -2.289689677022158920e-01 1.353936797073200179e-02 -8.280042342530756494e-02 3.753694444299538469e-01 9.540376121552610056e-02 2.084626077916211795e-01 -3.736464613030324733e-01 -6.708860805312294451e-02 -3.002102933910530402e-01 -1.972856203264534147e-01 -2.581852140568620113e-01 -2.555872155456264672e-01 -1.310049603215550362e-01 1.393506195272234405e-01 1.017263161561031831e-01 -8.992644094640252217e-02 -8.814703282060931677e-02 -2.327898661901486432e-03 -2.321406850378276987e-01 3.322140660213248470e-02 -5.469387216119350054e-02 8.565852618447560018e-02 4.517122957530301797e-01 -1.733140623953081105e-01 7.059883286182529194e-02 -7.919134990953995146e-02 2.699757321969545321e-02 -4.891212846467515168e-02 3.868887954799429263e-01 -1.239914551161550166e-01
5.546390927278906785e-02 4.654332858091660974e-01 1.000000000000000000e+00 3.438430857352589021e-01 4.272980713398537578e-01 4.821724771716368041e-01 5.422777656772435062e-01 1.321807919958441491e-01 1.219516625846407409e-01 2.204761589306851455e-01 1.147828831206069433e-01 2.626633259587499158e-01 -1.170578134608913773e-01 -3.136346025535777238e-01 -2.355387413658467655e-01 4.650779319202595907e-01 -2.957314561695698063e-01 -3.429248192131859052e-01 -2.538400123679196430e-01 -2.944947891592125111e-01 -3.118771760192913245e-01 -1.796912805594932383e-01 -2.567557712255317814e-01 -2.624627600663646115e-02 1.621485039094172076e-01 2.914305571778201820e-01 -1.582277772951365402e-02 -1.243356945967895033e-01 -3.510603704778419987e-01 -1.577063637568757171e-01 -1.970145718482982922e-01 -5.672348289764694851e-02 -2.297944451272418698e-01 -3.204499892713090770e-01 2.294797161753301534e-02 -1.772128736582981590e-01 -2.215043620127138124e-01 -1.064134084440523514e-01 1.841040681256999045e-01 4.529922834309229596e-01 -2.740295617076528023e-01 -6.483306746984347779e-02 -3.330232791260480385e-02 -3.305663772492825614e-02 -1.147840028730604256e-01 -1.054759429815407962e-01 -2.408584690974019671e-01 -1.851760517519484284e-01 2.976468178419096611e-01 -1.319062726638156047e-01 -3.198875021639931149e-02 4.687012412327742350e-01 3.139977193523207921e-01 4.763933504599025537e-01 6.032725871887830715e-01 5.691046492683183855e-01 3.202050400375104910e-01 -6.791319216089213018e-02 3.689525378472028327e-01 2.491357331155260590e-01 1.647783885546222349e-01 -8.606895388698088123e-02 -2.548212235243964563e-01 -2.220036801627922607e-01 -2.643754373986967332e-01 -2.878523514121152371e-01 3.689228758498925842e-01 -3.565132457220918649e-01 -3.164273429950924532e-01 -3.112579860175231361e-01 -2.897937960248259115e-01 -2.337166405858284030e-02 -2.178304643055966605e-01 3.813357744742309485e-01 3.091920778264194494e-02 3.015460810842470196e-01 -3.548157253055905236e-01 -2.044279608142559324e-01 -2.909980083279080643e-01 -1.308499776622639721e-01 -2.909430559536079763e-01 -3.381290578204779185e-01 -7.599292791729379826e-02 6.101168191819762027e-02 -4.130475468032529171e-03 -2.129948047921326748e-01 -1.411797891166862717e-01 -5.607134856793972999e-02 -2.581614618913967152e-01 -6.502835814554812355e-02 -1.976211981874777535e-01 1.578380048808519787e-02 4.197688037328745625e-01 -1.421965883724992663e-01 6.269576171757738903e-02 -5.548502016951637437e-03 -6.860150436486590897e-02 -1.922419570964244706e-01 2.699735208496987227e-01 -7.432377833530909306e-02
-5.304449768140217375e-02 5.611784628896676619e-01 3.438430857352589021e-01 1.000000000000000000e+00 6.981285994335887368e-01 3.774053868203739448e-01 3.720756845763210086e-01 3.282846240108505120e-01 2.640721334453981495e-01 1.000919233453274049e-01 3.649931932057774026e-02 1.236040055449563885e-01 -1.277555315649903378e-01 8.240542067621367539e-02 1.572856541611191220e-02 3.765698139435159630e-01 -4.031317242274227303e-02 -1.534521481189866574e-02 9.991739015107971300e-02 -2.213082562742163181e-02 -3.381679201973054189e-02 -1.179799619389770432e-01 9.226262907894704213e-02 1.041057386773480142e-01 -1.005145680890860427e-01 -1.406554526782617109e-01 -9.584875793054263571e-02 -2.141748685794894469e-01 -7.247630631890193686e-02 3.523143243582261414e-02 -2.472780809705839855e-01 -2.381699773378970486e-01 -1.936804666911053074e-01 1.600373963462674298e-02 -9.076308099353869174e-02 1.593880752326959013e-02 -9.710932997514166998e-02 -1.074329252152095987e-01 4.099669966585176573e-01 4.295987196060082614e-01 2.896755506391301971e-02 -2.288397641312469588e-01 -2.847364827460715508e-01 -3.266820622351417347e-01 -2.193653256057179202e-01 -1.721024357782680592e-01 -9.356977537012951818e-02 -6.223067716749743419e-04 2.749058115911922617e-01 -4.818143372939072411e-02 -6.634729117912191443e-02 5.116455444953980081e-01 5.170382126179103865e-01 6.521544566195706105e-01 5.125183738288151547e-01 4.625673469918122893e-01 5.552529103956285184e-01 1.798512170314579550e-01 1.637168535603306663e-01 -1.900708511203497500e-02 1.660655364615044871e-01 -5.793073784607213894e-02 -1.212622662978255633e-02 1.792670089991613425e-01 1.028340695422901574e-01 4.220017943580606223e-02 3.590788696449095929e-01 -1.686508022704128751e-01 3.324187889110510885e-02 5.633824225537125557e-02 4.957236936877001954e-02 -1.420245368218816528e-01 1.125626744315230549e-01 3.313984296293501774e-01 1.638435659362760810e-01 -8.574473368090342051e-02 -1.197039925005981276e-01 -2.419643615963610467e-02 -3.552994615712825599e-01 -2.703612643843716912e-01 -4.970873527577312351e-02 4.676797848674641746e-03 -3.502874235988899798e-01 -9.089797378034132624e-02 -1.775465178580124259e-01 -1.454103323019199090e-01 4.248034845120276376e-02 -1.987798819449834720e-01 9.221824434449878150e-02 2.085738738980620066e-01 1.329433128252911073e-02 -4.033259709023621215e-02 2.665924943165893235e-01 -2.110970343559388229e-01 -1.683124891887025076e-01 -2.774846169083283742e-01 -1.915003633137579708e-01 -9.714713483489212376e-02 4.474163645290235580e-01 7.924482063180580960e-02
-7.257398372125210828e-02 6.255802888224855085e-01 4.272980713398537578e-01 6.981285994335887368e-01 1.000000000000000000e+00 4.104851984564603651e-01 4.220840813629276322e-01 2.651222148940320933e-01 1.885814749672055091e-01 1.446482065298333730e-01 7.244841454070577447e-02 2.164123988330092785e-01 -1.641073237837737953e-01 -1.198044908865161934e-01 -2.288165671732929340e-01 4.001044427133470527e-01 -1.512616370623522666e-01 -1.982296933742193068e-01 -1.030855724342991525e-01 -1.853245220088947098e-01 -2.557937448987033791e-01 -7.895143193612091936e-02 -6.984879546420831586e-02 8.157563470105608228e-02 -5.159762919373123147e-02 5.609071359102439820e-03 -2.317494821834756736e-03 -1.029496623631827590e-01 -2.617090571379827035e-01 -8.042586325138462167e-02 -3.147739981205430193e-01 -2.557182155640445043e-01 -3.067922452804120459e-01 -1.969277754082306431e-01 -1.364029984207378900e-02 -9.692976416110744842e-02 -1.642585419816325332e-01 -1.953212741626746130e-01 3.509884232419257510e-01 5.110090862258256372e-01 -9.827921718277028706e-02 -2.210705555679560452e-01 -2.449813727567474453e-01 -2.993237918495362249e-01 -2.124267410486915253e-01 -9.365688746039929624e-02 -9.192201472977488963e-02 -2.633812152738254295e-02 3.030035159743914019e-01 -1.537201060463500579e-01 2.595263066620603215e-02 5.256891086991425377e-01 5.880181358450697893e-01 7.301870039329489970e-01 5.525939501182045577e-01 4.564095861631561335e-01 4.966945299643889533e-01 6.534372714735607601e-02 2.512036743831688179e-01 1.315432350832031194e-01 2.470598837612616450e-01 -1.297726347483806886e-01 -7.618284841634362370e-02 -1.699256733945168560e-02 -1.141334143104033028e-01 -1.878407810661849586e-01 3.894140832103974992e-01 -2.636766486405389132e-01 -1.608459660578227257e-01 -1.463530915325664261e-01 -1.737845261691035315e-01 -9.088951116772570060e-02 -1.341655247126420820e-02 4.420794231781233763e-01 1.693472198564320574e-01 4.979892038201653992e-02 -2.814961392849742450e-01 -1.035127468204754819e-01 -3.783302506844785640e-01 -2.843257912882006799e-01 -1.448307611546452434e-01 -1.234463436474783904e-01 -3.055900748415535384e-01 -5.814791969671723876e-02 -4.887800217475765652e-02 -1.318537113749154999e-01 1.424362829974204145e-02 -9.261834430545135000e-02 -6.559791129102357510e-02 1.448155586255597538e-01 -1.430642121842251591e-01 -5.911217564962061716e-02 3.786100080931855127e-01 -2.469280507280546821e-01 -1.149812049883004311e-01 -2.252133375312995733e-01 -7.510242408432128702e-02 -8.983112282443385388e-02 4.777221455252455562e-01 -5.259089420872092163e-02
-7.260456898098690236e-03 2.556833276269196431e-01 4.821724771716368041e-01 3.774053868203739448e-01 4.104851984564603651e-01 1.000000000000000000e+00 6.447591957564876575e-01 5.066737816524528037e-01 4.647169660022046345e-01 4.769955281510067091e-01 3.495339774568905766e-01 3.705567717420738538e-01 5.186720101288386925e-02 -1.135661291873575757e-01 -1.668289849945910897e-01 3.498035911770406292e-01 -6.790603697004771178e-02 -9.552238319721810533e-02 -1.138122384484759331e-01 -6.909136203367563511e-02 -1.530895814988922077e-01 -1.615002642533555979e-02 -1.065653899891078060e-01 2.800936982817632814e-01 1.251363923637921483e-01 2.399591429683883836e-01 -5.241833563565548998e-02 -6.250834202195018618e-02 -8.872863939495115315e-02 -1.745742858861563662e-01 -3.510408161469588117e-01 -1.782293773741552845e-01 -2.202469967077281543e-01 -8.414274508384847473e-02 9.609689004175943697e-03 4.553907727524875160e-02 1.000595006804891191e-01 -2.129831883985227603e-01 2.236883172324410918e-01 5.003611239508275466e-01 9.386438228206438195e-02 -2.094626192491913508e-01 -1.142720827767396558e-01 -2.082670654918219177e-01 -1.859557490978459571e-01 -1.175312444666415518e-01 -1.253914519252245230e-01 -9.615659373828004675e-02 5.868698795159956738e-01 1.067952302642563994e-01 -1.408669381150871314e-01 2.165847755980697120e-01 2.272920488388172344e-01 4.345725028428257253e-01 6.028117548883634713e-01 6.661079148873655376e-01 5.822344075381414852e-01 2.764221529669718125e-01 4.247090309249978990e-01 3.543934924388363328e-01 2.942195921138108239e-01 1.482231275499667211e-01 -1.450388503047021216e-01 -7.209107024888100623e-02 -1.015281535091289294e-01 -1.969820570978048913e-01 6.435262294853321130e-01 -1.110500350153570265e-01 -7.691086810374320182e-02 -8.526525931406860048e-02 -1.334553655055656374e-01 6.564581701633981359e-02 -8.232935585530086475e-02 4.890134998492257634e-01 3.189304812990929050e-01 1.935978155744214613e-01 -1.201306788492123995e-01 -1.196885344075493823e-01 -3.632178844550212338e-01 -2.328310967371774176e-01 -5.118234456690030909e-02 -8.629201397672155160e-02 -2.309567524959291462e-01 -1.448198266703269385e-02 -6.086133973217777715e-02 -1.091484883079026080e-01 1.515380058572594613e-01 -3.311210002582049006e-02 1.700904786337480851e-02 2.618467739860427801e-01 -2.598106503358633690e-01 -1.275212058063762144e-01 2.873419172506451180e-01 -2.282234399351449616e-01 2.143920209512949204e-02 -1.245918403236315614e-01 -9.065552810640163661e-02 -1.249872808037817834e-01 5.194222152418006555e-01 2.806338818969786875e-01
-2.074478129686829417e-02 2.779720100807124838e-01 5.422777656772435062e-01 3.720756845763210086e-01 4.220840813629276322e-01 6.447591957564876575e-01 1.000000000000000000e+00 5.106569671933973709e-01 3.652564132537245434e-01 3.199673705976732729e-01 4.239494778309687573e-01 3.466031422446985699e-01 -1.081853234713994402e-02 -1.784314668050288877e-01 -1.861763895213397191e-01 4.430528825813961347e-01 -1.182841840134324918e-01 -1.257076904894085523e-01 -1.552637860632979094e-01 -1.194076461542760703e-01 -1.973002936244577510e-01 -1.486422813236538409e-01 -2.306543003968012928e-01 2.768122338325229026e-01 7.039767984754430330e-02 2.117337215020513030e-01 -1.906662683015304394e-01 -2.016665857022419961e-01 -1.389980578072425310e-01 -2.494019888955135988e-01 -2.942224979255687600e-01 -1.215113603315243901e-01 -1.404314273997037399e-01 -1.526867791825003429e-01 -7.537760796172306155e-02 1.658441806017179124e-02 -5.280673340942703547e-02 -2.203493916329876401e-01 1.129214579355139331e-01 5.150948364696406045e-01 4.958051898043149691e-02 -2.063731323889303193e-01 -1.093498550030799765e-01 -2.125458005827744745e-01 -1.902717356910023638e-01 -2.387827586085265741e-01 -2.774487011729878660e-01 -2.642442184550258255e-01 4.930834472680912239e-01 2.145690654287771282e-02 -9.664698032461639665e-02 2.048686117175854138e-01 3.109168330348444087e-01 5.233901194744903229e-01 5.774748715240822783e-01 5.465742766771143346e-01 5.166487006954371131e-01 2.385955530625298582e-01 3.365641215671161812e-01 3.285399184177059118e-01 1.435043709251960786e-01 3.247204729032102111e-02 -1.688305411881520779e-01 -1.588066358545286161e-01 -1.496101277203293611e-01 -1.981840561915407251e-01 6.453865812646206734e-01 -1.170504009036020532e-01 -1.562614727605852460e-01 -1.589593922850721097e-01 -1.981635484616860177e-01 -6.579021601506276906e-02 -2.282663981222369243e-01 4.212758620667828025e-01 1.324700705908464227e-01 1.182164236997460677e-01 -1.747891921217362143e-01 -2.366404471257951836e-01 -2.528479634383294372e-01 -1.601513494820356598e-01 -1.289218917552647226e-01 -2.080864542740230860e-01 -2.293332350941952869e-01 -8.097577286122267792e-02 -1.774607295634420823e-01 -2.594648289447084033e-01 5.463301400030456945e-02 -1.830783363953299714e-01 -3.963055732688374605e-02 1.194638284747541884e-01 -2.958051291501348490e-01 -1.529664364686639244e-01 2.558476157639923976e-01 -1.943289160197031740e-01 -1.055108205042308567e-01 -1.482859571903417106e-01 -2.158463574121017303e-01 -3.033351045080878161e-01 3.447774780109684190e-01 1.381560490610166947e-01
-3.098864695624466981e-01 -1.246856317628687854e-03 1.321807919958441491e-01 3.282846240108505120e-01 2.651222148940320933e-01 5.066737816524528037e-01 5.106569671933973709e-01 1.000000000000000000e+00 6.760266623741488790e-01 2.100026696086924882e-01 2.535688578000615534e-01 1.797649818080162554e-01 1.520823935113761738e-01 2.151948101736443075e-01 1.049327235536512692e-01 7.526593454368059322e-02 3.053437804730864680e-01 3.287495225234202123e-01 2.405303133560575679e-01 1.912715175404469392e-01 1.363490755902365958e-01 3.838396378051067703e-02 6.801440358421799448e-02 4.841672787911887599e-01 -2.635168748540986927e-01 -1.091967849233557164e-01 -2.872858814004002337e-01 -1.457677334166587457e-01 2.953188414824126085e-01 -8.863667377664315172e-02 -2.305491374852128295e-01 -2.007807602706360717e-01 -9.222357416445225997e-02 3.123553414281698970e-01 -2.623287339999257894e-01 3.749086609060963138e-01 1.810559615041858472e-01 -3.143567730737196753e-01 5.253839041827984557e-02 2.952341657019386667e-01 4.483475931671260795e-01 -2.589940620321833364e-01 -3.275476389452037784e-01 -3.447559213033714043e-01 -3.420666637329981552e-01 -2.758305148528354955e-01 -1.112982219549625423e-01 -1.206265788514589848e-01 4.349578416481598708e-01 2.236580703249131663e-01 -2.325844997027467498e-01 2.007453557643155972e-02 7.718263319584996174e-02 2.670728675568409538e-01 3.153823789051229398e-01 3.743556564140648746e-01 5.905457574648318442e-01 6.712724324936679698e-01 3.656333245757380224e-02 2.097224490570940292e-01 2.894602595324601360e-02 1.945587968970878268e-01 1.577101016011555890e-01 1.420802075153682065e-01 1.945177945569287470e-01 9.789181347471025141e-02 5.056257127288323883e-01 2.625301539036581366e-01 2.867663602313130222e-01 2.725305428368092198e-01 1.428981500325711973e-01 -4.668798386812306883e-02 4.147159048913889867e-02 2.383763613568175566e-01 3.078333300119799887e-01 -2.063592749718471953e-01 2.621293554045178720e-01 -6.309234936382715660e-03 -1.591149434248692596e-01 -2.451834302679029576e-01 2.482665398439331539e-01 1.509338293451690238e-01 -4.058015524636007787e-01 -2.992564362778040166e-01 -2.378148829156678246e-01 -1.064551298182753181e-01 3.073304553991275667e-01 -2.157875520643550704e-01 3.784104225223816065e-01 3.522045225766414211e-01 -2.684006901848861593e-01 -3.162057524505449968e-01 -3.979633630496879487e-02 -1.949239117036103142e-01 -2.894333398986395633e-01 -3.551223237233435692e-01 -2.539006609382528090e-01 -1.362896771659735107e-01 2.843531282924740000e-01 3.631715532115833422e-01
-2.953850167869964127e-01 2.000686112233984737e-02 1.219516625846407409e-01 2.640721334453981495e-01 1.885814749672055091e-01 4.647169660022046345e-01 3.652564132537245434e-01 6.760266623741488790e-01 1.000000000000000000e+00 2.334386293036309068e-01 1.462155071671061846e-01 9.986278752018507010e-02 1.758123200859185165e-01 2.392864437107598552e-01 1.825703881301757037e-01 6.630421388401205873e-02 2.901656245134722201e-01 3.582226864104862130e-01 2.889654352948298199e-01 2.760277237593957711e-01 1.623418896754393881e-01 9.099932142581035333e-02 6.282606058512052449e-02 4.145678789508171480e-01 -2.650492025178509681e-01 -1.381653970921355445e-01 -1.987177732346210590e-01 -9.716476899755625840e-02 3.400021381053438541e-01 -5.513992353076956066e-02 -2.221861090265547789e-01 -2.157552689693258419e-01 -6.740875309150805295e-02 3.567728946726136385e-01 -1.803851054861047576e-01 4.703099178498142963e-01 2.966500423473145132e-01 -2.170243312348920928e-01 7.702670799151131731e-02 1.819109923246106653e-01 4.542470183714665266e-01 -2.285482806059247196e-01 -2.690160848735793642e-01 -2.917396212189118376e-01 -2.746266534041166274e-01 -2.264261316229885246e-01 -1.013583039284451405e-02 -7.013477592275456363e-02 3.814217652585829565e-01 2.962995392983563958e-01 -2.073941790006237074e-01 6.315324444766971801e-02 7.780768341157860701e-02 1.742272602636060486e-01 2.654537322960978107e-01 3.877120534875300728e-01 5.362370272413243821e-01 6.595074465027349619e-01 -1.324787914626820301e-02 1.025942181731890335e-01 1.271115547599996065e-01 1.833913863373170527e-01 1.364015346191374545e-01 1.920817889023614111e-01 2.092859494803740728e-01 1.236963929266182843e-01 4.030799930361084749e-01 2.397729402227818107e-01 3.501375951943849762e-01 3.174031387812805693e-01 1.794013230948380277e-01 -2.771530736551664625e-02 2.681066844008139424e-02 1.909391487722244263e-01 2.895561476559530556e-01 -2.139344662554607812e-01 3.073738441325482018e-01 3.937669664099920780e-02 -1.434602579911205822e-01 -2.749261500554022741e-01 3.010465625082346386e-01 2.479338691221477098e-01 -3.028506819290041063e-01 -2.188985759838060763e-01 -1.881650269818986032e-01 -6.895910047841380397e-02 3.558705466672971718e-01 -1.943038953727130036e-01 4.452885164934216600e-01 3.727146401553201871e-01 -1.852586183671102171e-01 -2.473562145202004015e-01 -1.073202134041478795e-01 -1.325337822782229336e-01 -2.082216319850779818e-01 -3.032342932835737082e-01 -2.220382219898946186e-01 -1.289524238167551184e-01 2.774801617781488816e-01 4.159982796239197755e-01
9.988150616093324774e-02 1.271142341456217573e-01 2.204761589306851455e-01 1.000919233453274049e-01 1.446482065298333730e-01 4.769955281510067091e-01 3.199673705976732729e-01 2.100026696086924882e-01 2.334386293036309068e-01 1.000000000000000000e+00 2.359171045239787656e-01 3.772431446551856027e-01 2.330259662314973501e-01 -1.820627124908244174e-02 -1.150487019085538881e-01 1.808134981464692981e-01 3.226496994802457996e-02 -7.427213298247201112e-02 -7.145672481097205264e-02 -1.044445421938002411e-01 -1.176486361188372187e-01 1.452416575977885926e-01 -2.965797210159761693e-02 2.026079109265438161e-01 3.179181528751425234e-01 2.994229475459539436e-01 1.465208840602442997e-01 1.149020179783987600e-01 -6.680368205308957752e-02 -1.616198049461138944e-02 -1.965936719883985551e-01 -1.024508197775644697e-01 -8.184252327353813694e-02 -8.463821848088190491e-02 1.806241743175319436e-01 -3.021504421596276843e-02 2.007006595654683978e-01 3.274160515297881539e-03 2.350941061034158841e-01 3.259984763334846103e-01 -2.786806870649369619e-02 -1.534501952929367453e-02 1.920663882872752221e-02 -1.271731896800517014e-01 -6.698075924637131306e-02 6.726225885553109574e-02 2.891056898368293132e-02 6.566236916391142431e-02 3.169840016237324143e-01 -1.499867695795741376e-02 -2.143886811127193592e-02 8.720551479903303205e-02 7.528297667135598614e-02 1.278935451019709291e-01 2.625545989896753141e-01 3.516347934147422416e-01 2.224095835420626666e-01 8.538716786863226327e-02 3.436917018749292008e-01 3.089837409401727797e-01 4.322584212070800791e-01 2.432984822151807169e-01 -3.778130197401514262e-02 -1.501154321432796382e-02 -6.919940875801541824e-02 -1.262103507382534295e-01 3.314600502574372443e-01 5.440877873478165878e-03 -3.474205360268165649e-02 -1.094473542738053362e-01 -1.151821563224084827e-01 1.912892844239342804e-01 -1.529774947351822227e-03 3.492046924292386278e-01 3.561957817743632848e-01 3.755705531029256417e-01 -5.262870797153857555e-02 5.666924566398392343e-02 -1.789772034653029087e-01 -1.922639884374109376e-01 7.086148677921247363e-02 -3.814046038012007533e-02 -3.660882070460991927e-02 1.259163044524983233e-01 9.619378873238745853e-02 8.870522999595388536e-02 2.184119231508962478e-01 1.304744045129355434e-01 -7.631824475355571472e-03 1.404972787877032114e-01 -1.529948270147423461e-01 1.009001081708230628e-02 1.520414876005102556e-01 -1.191230243121027543e-01 2.653388831152192484e-01 -5.652580232968588969e-02 5.103964791423654113e-02 1.952835831940661487e-02 2.573123747837047781e-01 1.520453817903487936e-01
-6.572506289210974795e-02 6.867584146484488616e-02 1.147828831206069433e-01 3.649931932057774026e-02 7.244841454070577447e-02 3.495339774568905766e-01 4.239494778309687573e-01 2.535688578000615534e-01 1.462155071671061846e-01 2.359171045239787656e-01 1.000000000000000000e+00 5.497752046016636251e-01 3.348773095568253755e-01 -1.298447533735711534e-01 -1.394712825805516365e-01 6.001540711824775165e-02 1.966146730681688284e-02 -1.871738296860431805e-01 -1.328679868509111128e-01 -1.894971097551126082e-01 -2.260421461610944149e-01 1.656980326564674588e-01 -1.748242176549961446e-01 3.894639713530338443e-01 2.062470214641724531e-01 4.377035106540357323e-01 7.171483100521866549e-02 2.225427068778582929e-01 -1.110341516311192656e-01 -9.677719096079694105e-02 -1.152284150608910152e-01 -4.981148374509036802e-02 -7.278259640917988937e-02 -1.749868351308400682e-01 1.638528583241563863e-01 -5.435872943396458795e-02 7.455129099219970357e-02 -2.049900962062636278e-01 1.110094084429339399e-02 3.090055716693164700e-01 -1.983840562395305582e-02 -7.028672642178462882e-02 6.456655156978535759e-02 -1.586326343155836649e-01 -6.348343669229870867e-02 3.342984711989170632e-02 -7.446864192350226286e-02 -1.190346178237158686e-01 3.289312691313344139e-01 2.136770007652051204e-02 -1.043867258951599736e-01 -2.713695264155376301e-03 1.273331118466718322e-02 1.605276531722218680e-01 1.851344012215320745e-01 2.658749026957318851e-01 2.148236823929528805e-01 4.664444328016401770e-02 3.526771313636342109e-01 4.381356569015905089e-01 2.386421363171291332e-01 3.075938944457498048e-01 3.388776611173668213e-02 -1.973930990840305488e-01 -2.071909859985423819e-01 -1.996744543633525437e-01 3.459780465063440613e-01 4.183962347039787283e-02 -1.893599529702282291e-01 -2.667549474941043330e-01 -2.636958915420974381e-01 3.289492633248325415e-01 -1.971249674479698122e-01 2.660276210733939495e-01 2.939569961714570967e-01 2.614534012010215624e-01 -8.467549296844134599e-02 3.950030071470035653e-02 -1.338677306921125520e-01 -3.669381134657444254e-02 6.258752552966088088e-03 -2.372560952209551155e-01 -1.186994887235809093e-01 1.271183229701975115e-01 1.191974324380689482e-01 -6.884848498372979873e-03 5.814713744884821012e-02 2.278463021608514438e-01 -1.289248059582133732e-01 1.096024451976780889e-01 -2.072312814249387403e-01 -1.229284232857628945e-01 1.678919450452875106e-01 -1.347665487124855010e-01 9.819062909138291662e-02 -8.380494179443789826e-02 9.655196934994281222e-02 -9.303684872242083681e-02 1.871756211186013652e-01 1.107880989975984359e-01
-2.043742451664714022e-01 2.282118816101279535e-01 2.626633259587499158e-01 1.236040055449563885e-01 2.164123988330092785e-01 3.705567717420738538e-01 3.466031422446985699e-01 1.797649818080162554e-01 9.986278752018507010e-02 3.772431446551856027e-01 5.497752046016636251e-01 1.000000000000000000e+00 2.911146764755707106e-01 -1.181645759133134188e-01 -1.699441932888274553e-01 1.219470965871103929e-01 1.097155158911917311e-01 -1.944627313900164911e-01 -6.792291615979392794e-02 -1.560128033972901784e-01 -2.501609796947435460e-01 2.994386709055215645e-01 -4.820385741493568577e-02 4.089282903723959195e-01 2.143839188917322225e-01 4.815642625718716818e-01 2.633113091001923478e-01 3.569644973908355778e-01 -1.638602261707904906e-01 5.095412163925071986e-02 -2.762060051383732340e-01 -2.471003352411400011e-01 -3.646649087948046764e-01 -1.657128660407778675e-01 2.793487128766159455e-01 -3.389227322809907489e-02 -1.843399736105246975e-02 -2.436599749008939442e-01 1.658873366199611343e-01 5.007569629012454948e-01 -1.307702657909398658e-01 -1.015940623218770933e-01 2.354765245500817575e-02 -1.140429620806497624e-01 -8.525626610834759200e-02 1.134078288600198076e-01 -2.159847514654291908e-02 2.336719636887397630e-02 3.182405391858850185e-01 -7.755823534885734893e-02 -2.271413772897845074e-01 1.223637049980112329e-01 7.772142315230465281e-02 2.331431055451298195e-01 2.907702865173247830e-01 3.410154806790955950e-01 2.242445114910280868e-01 -1.257338819829080002e-02 4.893114564813815792e-01 4.509487930438751957e-01 3.832066958225069375e-01 3.225555946169826882e-01 6.937550834390401877e-02 -8.891858839864386077e-02 -1.797409284964051335e-01 -2.041422826257286993e-01 3.421011850946442667e-01 -7.550459885422761142e-02 -1.293611029338058438e-01 -2.483005464406236040e-01 -2.086775697487389114e-01 4.002577002450049548e-01 -4.236861783075570459e-02 4.564837925470998647e-01 4.755589012127012793e-01 3.580322566980138066e-01 -1.724857873058495694e-01 1.756757838307390074e-01 -3.018713752472765299e-01 -2.507795171101867560e-01 -2.075403340137531652e-02 -2.933347664092443852e-01 -3.263019233308147443e-02 1.777795747476346166e-01 2.676823642881434595e-01 2.509048557555719136e-02 7.464459816813288906e-02 3.172444322182332299e-01 -1.299967587616721043e-01 1.600868767544207372e-01 -3.036275497559092762e-01 -7.516126389833802102e-02 3.095211937858873830e-01 -1.347023374506199911e-01 2.881788176792103862e-01 -7.650966236467723891e-02 1.969823969100054362e-01 -1.522621497422932749e-02 3.544853799690388385e-01 5.098741366788431956e-02
-2.527243627599651821e-01 -1.176840745417982032e-01 -1.170578134608913773e-01 -1.277555315649903378e-01 -1.641073237837737953e-01 5.186720101288386925e-02 -1.081853234713994402e-02 1.520823935113761738e-01 1.758123200859185165e-01 2.330259662314973501e-01 3.348773095568253755e-01 2.911146764755707106e-01 1.000000000000000000e+00 2.617157578755850977e-01 2.028913661021891079e-01 -2.351221191817103595e-01 4.419544382571937158e-01 7.334026504214948006e-02 2.520393304075790319e-01 -6.517431201311002509e-02 -4.727130591441352364e-02 3.782765896302417441e-01 1.413389350011645118e-01 3.338209047795961393e-01 -1.080301719136570193e-01 1.502807976211780749e-01 1.614675136803875866e-01 3.526564748837206498e-01 2.191436702804038794e-01 2.136223551467775761e-01 2.579615092998939138e-02 3.987067751198850041e-02 5.252982880801792404e-02 1.798912482393488776e-01 1.447860967200602644e-01 1.061620416693915686e-01 3.627101489892174402e-01 -3.017133989988953283e-02 5.628374081920393956e-02 2.360107680625422519e-03 1.332937405777032125e-01 1.340272210517870141e-02 -1.894109896873086632e-02 -2.064639774398332461e-01 -1.382155849760979549e-01 9.938850097404465511e-02 2.363034559243602228e-01 2.383288118963569346e-01 9.009703258142419402e-02 1.663063766703762880e-01 -7.399438825918797091e-02 -5.826643145865852830e-02 -3.213989953027587831e-01 -1.854345197988025440e-01 -1.442141475355104563e-01 7.799933079282007908e-02 -4.088942554036825022e-02 1.587939964019157435e-01 3.878127870374176254e-04 2.083092372599223974e-01 2.713258094304911161e-01 6.020096190408721348e-01 4.681809430971749508e-01 1.382167117877959317e-01 1.042068745450468875e-01 8.637602733827377810e-02 -6.432019149102653766e-02 4.272674699298882328e-01 1.867786794839962627e-01 2.021234934428763064e-02 -1.485574146877588660e-02 4.273178083850843190e-01 1.486721410808848620e-01 2.208889188071846976e-02 3.942417627933402224e-01 1.184539303881369660e-01 2.498426831059191444e-01 4.132415282716707661e-01 6.678452620461974854e-02 -1.105801044324038369e-02 3.052875756624033321e-01 1.628504292012327576e-02 -5.323535873867634577e-02 3.790734379558629435e-02 1.809605699689603719e-01 2.524738795182601692e-01 2.648446291218308768e-01 2.184432266777367182e-01 1.248571932747225555e-01 1.312390505023716958e-01 -1.272671445374614074e-01 -1.475243306489035788e-01 -1.285861478765063792e-01 -2.769939259877140375e-02 1.408245750826837561e-01 -2.029269606539795823e-01 1.614825336662582267e-01 2.395302128010194931e-01 -4.701773370180275559e-03 2.473450596295849735e-01
-2.119396127964019716e-01 -2.188194058628550043e-01 -3.136346025535777238e-01 8.240542067621367539e-02 -1.198044908865161934e-01 -1.135661291873575757e-01 -1.784314668050288877e-01 2.151948101736443075e-01 2.392864437107598552e-01 -1.820627124908244174e-02 -1.298447533735711534e-01 -1.181645759133134188e-01 2.617157578755850977e-01 1.000000000000000000e+00 6.937292325678808824e-01 -1.541107056035029010e-01 5.680526109234486087e-01 5.797523134585916837e-01 7.117655723555822433e-01 4.624945726320192074e-01 6.235933278372084443e-01 2.016623885657506665e-01 6.440668583500290811e-01 3.128535659729376750e-01 -2.647699786535612776e-01 -3.422198479477743804e-01 -1.467797005120664022e-01 -6.379113090791393992e-02 5.962401586798592446e-01 5.202396868204572922e-01 -1.086221887723948232e-01 -1.291305582712806155e-01 6.650216428741816121e-02 6.310962679678973064e-01 -2.082150917766201481e-01 3.951827075574085302e-01 3.161022367597084437e-01 -4.808982363075316874e-02 1.372848670857680919e-01 -9.182957829361197699e-02 4.642577839872739087e-01 -1.020634708744985464e-01 -1.895724507611782628e-01 -2.670527412273704382e-01 -1.899207501610344351e-01 -1.191514938509937033e-01 2.621882098084486468e-01 3.192064406835311563e-01 -5.766268338762625678e-02 2.453315656693334235e-01 -1.891458944291341537e-01 -2.028337038063157960e-01 -1.505260734976875125e-01 -1.480118743279247862e-01 -1.668594478305668316e-01 -1.254996270318289586e-01 9.517235259517684010e-02 3.489198826723814983e-01 -2.215555391034802479e-01 -2.030462247789148744e-01 -6.932493894190330797e-02 2.028933046514069249e-01 5.392566359264052700e-01 7.189974503605185419e-01 7.324565421849948965e-01 6.805259160460374046e-01 -7.460584610427488383e-02 5.062040685822325470e-01 6.675843557993931254e-01 6.013113432680918802e-01 6.808253628920959422e-01 -1.028460692337954396e-01 5.700081037410612561e-01 -1.290999008608788023e-01 2.007922203539718176e-01 -3.060895818572442750e-01 5.807588037169595374e-01 5.087525455471744174e-01 -3.303993696496337895e-02 -1.402250670175798353e-01 4.415682907198676954e-01 4.460555855861779717e-01 -2.508168083473401588e-01 -2.788405762231107032e-01 -2.407490911608834994e-01 8.475642085174565910e-02 3.954428733300258680e-01 -1.788163714507521873e-01 5.500753010228802697e-01 2.917838739818542360e-01 2.987559833249318203e-02 -8.558842343013207954e-02 -1.964998706655108895e-01 -5.641878498363761540e-02 -1.770297270024491498e-01 -2.948277945915766529e-01 -1.558868838673446167e-01 1.678526917649862116e-01 -1.343274801462933377e-02 3.094503672185315302e-01
-1.179589427113031663e-01 -2.509694465558190424e-01 -2.355387413658467655e-01 1.572856541611191220e-02 -2.288165671732929340e-01 -1.668289849945910897e-01 -1.861763895213397191e-01 1.049327235536512692e-01 1.825703881301757037e-01 -1.150487019085538881e-01 -1.394712825805516365e-01 -1.699441932888274553e-01 2.028913661021891079e-01 6.937292325678808824e-01 1.000000000000000000e+00 -9.551135945425254237e-02 4.459042753939013726e-01 5.462870572166301786e-01 6.572132562864442251e-01 5.138959665263961307e-01 6.558918065268609654e-01 8.697729379042151709e-02 5.399298725639954943e-01 2.071420703490840232e-01 -1.961250835714676011e-01 -2.944733090312556811e-01 -2.002074567894035206e-01 -1.271058600670611216e-01 5.669797712324469163e-01 4.845001374438840380e-01 -4.647189292658723131e-02 8.226049562317814742e-03 1.357106544967954798e-01 6.020250232714183802e-01 -2.194580673431379414e-01 4.197081601248430771e-01 2.352821959526193440e-01 7.584686783096440676e-02 6.546609524741506259e-02 -1.829082982144428771e-01 3.533039001491771192e-01 -9.111503938491659349e-02 -7.959818441881041928e-02 -1.780318353503485274e-01 -1.032233610220066045e-01 -2.080436165449287556e-01 1.099615680932642114e-01 1.635403111646160923e-01 -1.381481005982209687e-01 2.374975671735540250e-01 -1.560411555771276104e-01 -1.932469217114240467e-01 -1.747775424816337131e-01 -2.204650267497926808e-01 -1.751379171317699324e-01 -1.630760900988061646e-01 -2.285336794027260574e-02 2.727207268473706425e-01 -2.523526262638121631e-01 -2.845274653786181718e-01 -1.532350905170213329e-01 1.246357619151468171e-01 3.798087889246434257e-01 6.172786850023205263e-01 6.838054863921829707e-01 7.404498195280545536e-01 -1.528325463582544952e-01 3.840287268013035660e-01 6.149401385342826432e-01 5.768287303837554836e-01 6.889736653849604098e-01 -1.604924009747867031e-01 4.265643434270363632e-01 -2.269381217977043397e-01 5.767192951893298364e-02 -3.023486364523802483e-01 5.238475721251539818e-01 4.650797413230332578e-01 1.322258119339781227e-02 -1.578008825341664992e-02 2.874141093757375254e-01 3.081336612219610638e-01 -1.545943829663166680e-01 -2.284188982863712691e-01 -2.997676764749608869e-01 -9.916982839762573942e-02 3.014629087136355134e-01 -2.576634316759310317e-01 5.107542761838518297e-01 1.258632759040328453e-01 9.577103379062179567e-02 -8.327693887844864196e-03 -2.357137491248255112e-01 -1.270462157659777575e-02 -1.251422383729172694e-01 -2.441239258772339438e-01 -2.571866010003655556e-01 -5.689503450284328322e-03 -1.308827884649300943e-01 2.714694121677389549e-01
