1.000000000000000000e+00 -7.879361876984224480e-03 9.114951339769533298e-03 -1.643260753337246957e-02 -8.498192337759409576e-02 3.540469503631243353e-01 2.262091923507447144e-01 7.105442214712373583e-02 1.549871628499172871e-01 3.404559055283313818e-01 3.261179164409420128e-01 8.114967879773776760e-02 -1.814488211739369583e-01 -1.565506648419116298e-01 2.968592193790962203e-02 2.237303447241061755e-02 3.911915792608239989e-02 8.170597384038856548e-02 -1.229894992694139794e-01 1.728511965032462627e-01 -2.731148965744141233e-01 -1.296313621220596679e-01 -8.077583553862281718e-02 -1.423266508251402329e-01 -1.451710094758962843e-01 -1.562215223384819107e-01 6.983275735522868899e-02 -8.325768549414643005e-02 7.616721607740592481e-02 -2.133356634363207660e-01 6.977017165365041740e-02 -1.552834708225836122e-02 2.028706265376765683e-01 -7.185894615028393106e-02 -1.267773136557383273e-02 2.760603433880762791e-01 2.113004126297414464e-01 2.561969973095803432e-01 2.213278033123707300e-01 2.585533643997079967e-01 2.639484048877345224e-01 3.517291132177169932e-01 3.257626181069261939e-02 4.047767981434383655e-01 1.791496426215961613e-01 7.618209402758906873e-03 -1.361639123221651815e-01 5.500999224604113252e-02 4.613515132727399326e-01 2.750040062235659111e-01 -1.403930869439723172e-01 2.025815373092513041e-02 1.305647439370695917e-03 -2.772748076300432518e-02 1.656707810027376049e-02 8.157663850800257743e-02 6.885483865442627860e-02 4.711472501578023442e-02 -2.714656245343322408e-02 1.876167986335618987e-01 -2.834184440667312233e-01 -2.155861999265714091e-01 -3.298205721873663787e-01 -1.321073372886643893e-01 -1.889140100614998541e-01 -1.275634790959176978e-01 3.549700990857898586e-01 -2.346658926616511376e-01 -3.472757868062344433e-01 4.258759806363537903e-02 -1.313323824002660123e-01 -1.767121029802805610e-01 -2.088934061994434654e-01 1.308897741592094377e-01 -2.175568239158018335e-01 -1.326540249821728801e-01 -1.354605876521761121e-01 -3.391575532521347580e-01 2.584296253772505048e-01 -9.565145791498490258e-02 -1.153339067578872112e-01 3.621943009938170810e-02 9.409294752298570652e-02 -1.193864123479917994e-01 -7.386384767581524735e-02 -7.647121949001015051e-02 1.008832957873305874e-01 -1.611022052845582919e-01 2.613284687682962959e-01 1.548962079675740011e-01 6.926433827407925403e-02 4.590781336458458761e-01 3.203052710709575202e-01 2.583800486840588384e-01 -2.076065860451133394e-01 3.555348483354936473e-01 1.033359838859011920e-01 1.688724146908347767e-01 4.576571138057366483e-01 2.342831766032306140e-01
-7.879361876984224480e-03 1.000000000000000000e+00 4.463473288552537999e-01 4.546567027259745819e-01 5.639725972410333243e-01 2.361669898346817620e-01 1.636151770254212212e-01 4.793382065969654660e-01 2.789850321817649581e-01 -8.913724737289850653e-02 -5.646174985651496170e-02 -1.587371212161210188e-01 1.857663164000581402e-01 3.381138039675787299e-01 2.602395545758069417e-01 5.579652241234954735e-01 4.928933354862936184e-02 2.775466880510030765e-01 2.413271429053296391e-01 -1.146632853943166941e-01 3.216670691239876811e-01 6.077587633635047476e-02 2.339402666575033374e-01 -2.766200047686604990e-01 -1.600312715590943846e-01 -1.848240906301986120e-01 -2.209946921798070785e-01 -2.331166520987880963e-01 -1.514305892404869958e-01 1.938973005430678076e-01 1.536906585584489893e-01 -3.948061209433897933e-02 -1.255207181292124219e-01 2.033098056659878028e-02 -1.588885082086479161e-01 -2.337591040948001908e-01 -1.821005538552641634e-01 3.319910135157777553e-02 8.025313122640852226e-02 -1.347263665406187305e-01 -1.550526272748754542e-01 -1.384767962875518843e-01 -9.823080723625782218e-02 -5.301201064129728441e-02 8.454302345202047153e-02 -1.165678358501639339e-02 -5.148784908515626618e-02 -1.313236879866848950e-01 -1.206221395703325344e-01 -9.642875322661612070e-02 -7.425131543672532086e-03 5.619145679144618155e-01 5.589154666708479047e-01 4.440428661134611099e-01 3.823631663462989660e-01 2.936389299681441689e-01 4.669156558301548188e-01 3.610801720396415448e-01 -1.777387636071523641e-02 -5.470904981364279468e-02 -3.220272846563371899e-02 1.791443107489188724e-01 5.490509341414001598e-02 2.852412197558597540e-01 1.837390282054505719e-01 2.305107433568712449e-01 -3.188251759865203261e-01 7.329639593184559404e-04 -5.562795775530500475e-02 1.923663500747317678e-01 2.144054729366251799e-01 -1.258773963786444794e-01 1.158593946119224338e-01 -2.084214876350919399e-01 -2.071379792835767175e-01 -1.695323856891872150e-01 1.441247568276855795e-03 2.590595747806032426e-02 -1.550547209628246829e-03 -2.473754941543238398e-02 -2.757814215379009171e-01 -3.152427265378772159e-01 -7.108697977782653214e-03 -2.831062664557145170e-01 -1.836687851775746783e-01 -3.828785916070382989e-01 -2.831282975937861046e-01 -3.548029409636225262e-01 -2.986048081110193042e-01 -2.667154415292317116e-01 -1.199408125317245749e-01 -4.075447932595037404e-02 -1.258624755180806076e-01 -1.534441809782449706e-01 -2.292080545050396989e-01 -1.868260202297681583e-01 -2.607585075650752926e-01 -3.439661371020288350e-01 -9.483063727563374734e-02 -2.320628455126192702e-01
9.114951339769533298e-03 4.463473288552537999e-01 1.000000000000000000e+00 3.970081385959153275e-01 6.310085702287940856e-01 5.743106399255027972e-01 1.732809704835658604e-01 6.586609388165380885e-01 5.850176693092884461e-01 -1.511818899802297445e-01 -1.247447093526387329e-01 -1.437340116369855147e-01 8.203069591345737988e-02 4.806892232916967767e-01 4.593866124893533076e-01 2.995464867858913527e-01 -6.209039326045261153e-02 4.668010052194292991e-01 1.907682349365976970e-01 -5.831779363747296302e-02 3.698343489333666967e-01 -3.192276917579497594e-03 4.051043989960304570e-01 -3.067339677836206091e-01 -1.447771424237363214e-01 -2.869277453012911705e-01 -2.714954564278737603e-01 -4.311662775333621189e-01 -6.809164139748564992e-02 1.325100516812162399e-01 -2.124147360001190851e-02 -1.963267694668158550e-02 -1.697429929094701473e-01 4.160382918987983597e-02 -2.184562110849154748e-01 -1.282446304069632670e-01 -2.000183094149889096e-01 -7.854484376875503146e-03 1.818125256472414852e-01 -4.035626375584700637e-02 -1.859608867446391756e-01 -2.061374074446997717e-01 -7.731148587160023566e-02 -6.145104356081997760e-02 -2.052258571116865552e-03 -5.198431510040915637e-02 -5.833278736271354376e-02 -1.974170103078634331e-01 -7.497385648390425539e-02 -1.409253612498077932e-03 8.682957788417268452e-02 7.256752055948763047e-01 4.055791406903757612e-01 3.975999916510021270e-01 6.989353576514601984e-01 6.492540608613061037e-01 5.798634179809648570e-01 5.889356071042670671e-01 4.458935314901823349e-02 -1.787802793187715233e-01 -1.049147418371631779e-01 1.145720128296525975e-01 1.274695952366058926e-01 5.031549817610639908e-01 3.081727117690351569e-01 4.604809357182862439e-01 -2.034226415229204443e-01 8.661117654453083514e-02 9.603859125526446189e-03 3.074078788822763308e-01 4.139074661200810579e-01 2.452679162212816413e-02 3.426578242976199840e-01 -7.808642304967818026e-02 -2.509676488808729178e-01 -2.532834354826702383e-01 1.052842098803291049e-01 7.693702432514723522e-02 2.538542999246450049e-02 -1.439590704624019862e-02 -2.933281396166150246e-01 -3.072056604160578464e-01 -1.554526569983125106e-01 -3.557163218750662437e-01 -2.371817756138610567e-01 -2.880909428247024340e-01 -1.966547131873391530e-01 -3.888752549271025649e-01 -1.873886707682417274e-01 -2.167919200133077429e-01 1.389255096411767636e-02 1.640132311663083020e-03 -4.025526113876329998e-02 -3.910154906951830711e-02 -3.042699892127804229e-01 -1.021442922416107013e-01 -1.498299650620842638e-01 -2.560575841253483476e-01 5.338123019071733082e-03 -1.145524528697091371e-01
-1.643260753337246957e-02 4.546567027259745819e-01 3.970081385959153275e-01 1.000000000000000000e+00 5.251963866095840094e-01 1.907004069969952254e-01 1.856269592519864675e-01 3.824715088494420323e-01 1.277964781791765536e-01 -4.085984475277712469e-02 -3.368809056714431455e-02 2.345242048706708965e-02 1.548282260677849576e-01 1.814268957660294113e-01 1.378424464837445518e-01 4.203911637091656273e-01 1.337376433467444073e-02 1.557130678637758114e-01 1.060923779682385326e-01 -2.605497476070638418e-01 2.300243531074198378e-01 -2.848555384371166677e-02 1.228497154298271443e-01 -2.207654783536446841e-01 -3.212413181695956271e-02 -8.576813493205170946e-02 -2.509941006778648176e-01 -1.813201852504050249e-01 -4.285833397317830862e-01 1.512734064452636862e-01 1.732376502726146184e-01 2.358317988711463586e-01 3.814252223274407216e-02 3.764859236742846421e-02 -1.033562757446916114e-01 -2.940583628123220050e-01 -2.907742574244382983e-01 7.416658022703759290e-02 1.577838220761556554e-01 -1.721687909692447283e-01 -2.569355083662340222e-01 -5.359832983420883407e-02 1.732574813577291983e-01 -3.459040098301931904e-02 1.440260406622780875e-01 7.667076207140165189e-02 -7.319140744942438659e-02 -1.730223818609875341e-01 -2.040278624769218396e-01 -1.508669552916634959e-01 1.244614704913172415e-01 4.136061193873377673e-01 4.696081327723623522e-01 7.635855146598423682e-01 3.261339895564254743e-01 1.264285384048455807e-01 4.152919918178167302e-01 1.432149560522946452e-01 7.378366814193824952e-02 -1.321996535550909284e-02 -8.872709552386426335e-02 1.208145902109327707e-01 3.301927650080098420e-02 3.200601081260630587e-01 1.488049779599646683e-01 2.563375125668345134e-01 -3.137963154965477952e-01 -1.181614849787632066e-01 -1.321225230741210899e-01 9.458452867500468167e-03 1.504056106087812983e-01 -5.867420050643770008e-02 1.294508223914079825e-01 -3.297724711081518323e-01 -2.699640590730003065e-01 -1.139249917999818479e-01 -1.378933030348917510e-01 -2.924769016101309155e-02 2.153670044235174164e-01 2.152161714850498453e-01 -4.106419290284661350e-01 -3.882119759723891561e-01 -3.100231460919841697e-01 -2.622437768406163938e-01 -3.824131085206409209e-01 -3.705760283950833567e-01 -3.944989766588730684e-01 -2.186426605431620318e-01 -4.420727724972130512e-01 -3.969907148809780351e-01 1.417189614442970202e-01 3.502099864091667153e-02 -1.568951887773824549e-01 -2.003218031505293872e-02 -1.819536196770485670e-01 -2.220300788429192818e-01 -3.272646748514591031e-01 -4.300533445301376045e-01 -2.005518146592928652e-01 -2.788333515686142738e-01
-8.498192337759409576e-02 5.639725972410333243e-01 6.310085702287940856e-01 5.251963866095840094e-01 1.000000000000000000e+00 5.134718632236993097e-01 1.744674682411410938e-02 5.089357501443253495e-01 5.675701760175008159e-01 -2.296304120857759479e-01 -1.622866755871904820e-01 -2.924675213810642993e-01 2.069286804473671471e-01 4.524179363174383739e-01 3.479802081646132250e-01 3.189738801976300109e-01 2.624885780803276614e-02 4.313399504047435440e-01 2.598463301868951247e-01 -7.269379466901328135e-02 2.925995544029009743e-01 1.896271603251943050e-01 3.360075749193378036e-01 -3.162358629200634486e-01 -2.417022615347987347e-01 -2.428962725496437713e-01 -2.336208573520007215e-01 -2.812825387790321985e-01 -5.203473597187905503e-02 2.723232510065112799e-01 1.527426449524642016e-01 -1.532387762910743523e-01 -1.070603774860918872e-01 1.376806717081567044e-01 -2.474689961179393771e-02 -1.670632768907898968e-01 -2.352477765638279483e-01 -1.086442756499042678e-01 1.257012402453430988e-01 -8.562102155373507717e-02 -3.344741389148191135e-02 -1.848733181825376326e-01 -2.500443823682219069e-02 -1.657430206484133972e-01 2.311106920981302951e-02 2.384193561601110831e-02 8.194493849825348897e-02 -8.309522685918811769e-02 -3.474444935929871942e-02 -6.169158743879091938e-02 9.925887164911365024e-02 6.986702048347736005e-01 4.571759948612564850e-01 5.634364478230489137e-01 7.549966834909125346e-01 5.781426134280774898e-01 5.411589500321268842e-01 4.947227982153054038e-01 -2.062588028001106910e-01 -2.756599770415260053e-01 -1.420994072382720519e-01 1.879357905932062534e-01 1.919023817975152590e-01 4.483210117473551137e-01 1.502974302384043337e-01 3.443914209304004270e-01 -2.972513287145144845e-01 2.762675191825232635e-02 -9.544429457634368008e-02 3.467618975841681994e-01 2.784606172180932870e-01 -3.818665602793255842e-02 2.555057407310827866e-01 -2.780174741342263944e-01 -3.504454530400962775e-01 -3.206325857202858010e-01 -4.353110967969635314e-02 5.248303563112002162e-02 -4.259443841457324215e-02 -1.239038730619257955e-01 -3.288105883616389558e-01 -2.830898086926705859e-01 -9.985226236336584849e-02 -3.110527054978115546e-01 -3.736919535957813343e-01 -2.138167162625038975e-01 -3.325555938892013064e-01 -3.936267918041547187e-01 -2.804373156260204225e-01 -3.052549391988153560e-01 -2.138215953653854196e-01 -1.456106285253591370e-01 -1.770870169436173647e-01 -1.788120306309305407e-01 -3.425323042937332696e-01 -2.959071052686330083e-01 -3.250994993908037367e-01 -2.843575965577846421e-01 3.026893427479846257e-02 -2.632044750538617972e-01
3.540469503631243353e-01 2.361669898346817620e-01 5.743106399255027972e-01 1.907004069969952254e-01 5.134718632236993097e-01 1.000000000000000000e+00 2.826345463368129182e-02 4.753868918565397617e-01 5.732858586454340211e-01 2.041033460645998721e-01 7.210148157757634291e-02 -4.993637802839637208e-02 4.919934018847581247e-02 2.339555909992543647e-01 2.659350837945748114e-01 1.338499070764912202e-01 4.504455574269874973e-02 3.246539447368252396e-01 9.134038402262524212e-03 -5.727935056142034742e-02 9.683927099688985352e-02 7.997980159828830746e-03 3.033484369593430485e-01 -2.244424543852153175e-01 -9.856455314306455939e-02 -9.661816827734347191e-02 -2.281957236316581317e-01 -2.691132076009418728e-01 -6.275740798447287938e-02 1.028997287869552607e-01 6.940075205212288545e-02 -7.628911637521954003e-02 6.601419146774105406e-02 -2.323582854223983640e-02 -7.437117884923563627e-02 1.386918912664777612e-02 -1.294286671878048800e-01 9.947150981970928618e-02 1.608399953160556672e-01 3.706083958561500608e-02 -1.505425208118606716e-02 1.311519535417494664e-01 1.999496093283685896e-02 7.417526312242579689e-02 -2.863498230029531359e-03 -1.419706168036396488e-01 -1.184206447356185160e-01 -1.619427781117567244e-01 1.800365945355732467e-01 4.358097462217584012e-02 -2.136553644702013643e-01 5.809944260575378161e-01 2.569119727721543844e-01 2.880877658379641382e-01 6.798777169979797197e-01 6.676527915497384447e-01 4.461413854560250525e-01 4.298032595804360811e-01 -2.257374392644681538e-02 2.124151392722350637e-03 -5.461310380360845373e-02 -3.447022000325478813e-02 -2.590030176024251188e-02 2.355957390670934404e-01 1.172001707812298926e-01 1.857594410663358786e-01 -2.792204103135271717e-02 -7.792290770761310659e-02 -1.136213859682909944e-01 3.088124553117085336e-01 1.851543616899478939e-01 -3.184999113506681908e-03 2.264193335170996968e-01 -2.595253241473554143e-02 -2.172524060776732935e-01 -8.985201891299818278e-02 8.138725394435471217e-02 -1.738839993592027414e-02 5.839885924071316209e-02 -1.929253615421723245e-01 -2.017627526584483411e-01 -1.948397221737588891e-01 2.162193249692525784e-02 -1.873165632004618331e-01 -1.818485355784947022e-01 -9.729036809151639376e-02 -2.309167750053828239e-01 -3.044287402590325486e-01 -5.121240759616183663e-02 -8.314923948398290909e-02 -5.286925311788014809e-02 2.944654914361102271e-01 1.559316949702904964e-01 2.333218487501256266e-01 -2.247404186854745078e-01 7.716157148292898671e-02 -1.468760507488375278e-01 -9.308875645007981536e-02 2.394970680658041196e-01 -9.504990035767647838e-02
2.262091923507447144e-01 1.636151770254212212e-01 1.732809704835658604e-01 1.856269592519864675e-01 1.744674682411410938e-02 2.826345463368129182e-02 1.000000000000000000e+00 2.666092059858344299e-01 1.032829569262507380e-01 -2.958665581756146981e-02 1.571813375932350210e-01 -2.087181798858565515e-02 -1.174355034832650774e-01 1.086949344512048651e-02 1.026284967071044857e-01 1.914570542040583412e-01 7.064978143229150298e-03 1.644485734005457500e-01 1.294759646177190068e-02 2.874643532543978419e-01 -2.867158083748148206e-02 -3.451163353931210320e-01 -6.402747791536506083e-02 -7.732366193710388941e-03 -2.345335694498810325e-02 -4.053438042303225131e-01 1.858684510526480149e-01 -2.030037499141220669e-01 5.622084717648778013e-02 -3.108182856502123559e-01 -2.230168217252429530e-01 4.099059961773945937e-02 1.074738674753560885e-01 -7.528911190646928042e-02 -2.786147765311747793e-01 7.003625782906008901e-02 7.583165527449625687e-02 2.856046051824678855e-01 1.742837582467558211e-01 3.917025811799068613e-01 1.149591914261192116e-01 -3.470365283095330072e-02 -6.101819742489196507e-02 2.765888902542361083e-01 1.448428606767329374e-01 1.449385666480287049e-01 -1.737934401930843753e-01 1.185487588106885065e-01 9.144948080788818656e-02 2.799542901625152735e-01 3.274225881283204798e-02 1.152054146803673934e-01 2.152039660588287162e-01 7.233888153721113046e-02 5.423890371020929219e-02 2.278518736501884689e-02 2.550118884280503928e-01 2.088591560936660652e-01 -4.577276511456823856e-03 -2.804790964603661590e-02 -3.113740131978537939e-01 -6.916362543658675921e-02 -1.866880712503251050e-01 4.556266165172020988e-02 3.754369748029701137e-02 8.645968105182155750e-02 3.357646199080063232e-01 -4.687685620541728188e-02 -8.738496169936703362e-02 7.662964176412767614e-02 7.210802390903421621e-02 -1.505439328091179862e-01 -1.108531259872020669e-01 2.341597698003770323e-01 -9.971167655080256931e-02 -2.236533189023843238e-01 -1.423835410598991817e-02 -2.231109776641876097e-01 1.316192209058111295e-01 1.527542271249109906e-01 -1.577627455442023041e-01 -1.982256137746418734e-01 -2.085703079637502289e-01 -3.179486797634403783e-01 -8.906240955340487264e-02 -3.268532979020827844e-01 7.243669129234328596e-02 -2.344523649668154019e-01 8.908207867874676222e-02 -2.802698107680001716e-02 1.237016113249181232e-01 1.864838019344380315e-01 1.140528380866905334e-01 -9.595023514751271909e-02 -2.956039138743750128e-01 2.261003843933060975e-01 2.305026273917956670e-01 5.626646217638767850e-02 1.469624418010589129e-01 2.984665493651183499e-01
7.105442214712373583e-02 4.793382065969654660e-01 6.586609388165380885e-01 3.824715088494420323e-01 5.089357501443253495e-01 4.753868918565397617e-01 2.666092059858344299e-01 1.000000000000000000e+00 6.147623203069731979e-01 -2.578359344989238078e-02 2.557712497202732638e-01 -1.429382092301899505e-02 1.499428999204380497e-01 4.242769801216296210e-01 3.897514622343855040e-01 4.411441245422579316e-01 1.592314617412138589e-01 4.776937016740130937e-01 2.831418134609682280e-01 -1.839287910560009898e-01 2.804393858583503207e-01 1.679375946703016709e-01 3.206075693098413004e-01 -2.091894996561484976e-01 -1.820576420392317207e-01 -3.357576083145469847e-01 -1.791143014956972090e-01 -1.633808775383263356e-01 -1.954318619269244661e-01 2.100831154770620712e-01 1.480915702195167820e-02 -1.613433377013628045e-01 -1.326577260699231542e-01 1.268790351178885611e-01 -5.705139729242302005e-02 -2.481705485133338940e-01 -1.459905431149844668e-01 -7.866339841631181384e-02 1.283086630940318829e-01 -7.680989344374948569e-02 -1.301829275844093026e-01 3.292317738068539779e-02 -1.023215149046840661e-01 1.132748529639224927e-02 9.503938318712978894e-02 -4.224824950256641370e-02 -8.997246665922814524e-02 -2.223477777117777443e-01 -5.204508346980516592e-02 -4.231902571868002838e-02 -6.732391423831884936e-02 6.495983915419784038e-01 5.357633582935464878e-01 3.179623888161158818e-01 6.114562781276638992e-01 5.003931024277198381e-01 7.412688976107140171e-01 7.026589029244350026e-01 3.253954149036765442e-02 8.426039187732251023e-02 -1.131853718983170803e-01 1.767781643229453803e-01 7.225512736098842204e-02 4.270212423622533615e-01 2.415642450902029115e-01 3.638744150061605787e-01 -1.825138784773190637e-01 1.798752018254139995e-01 -1.895675669301816538e-02 3.160807703428549220e-01 2.371670175601438557e-01 1.495445452090682636e-01 2.279464722151610112e-01 -2.440452428115914840e-01 -1.402413058363734533e-01 -2.136175881589161551e-01 2.990380819899580642e-02 4.609676757538355013e-02 4.979310986363544300e-02 -1.088672321389046599e-01 -2.552379343060754424e-01 -3.140452447138895598e-01 -4.145863175857723848e-03 -1.813267491693555389e-01 -2.373058413017345158e-01 -2.716627604836462373e-01 -2.646718788664301769e-01 -3.125843861796165912e-01 -2.983248883911241989e-01 -1.871204982967686059e-01 -1.260812289632958771e-01 6.721224769851848191e-02 -1.323494879165625915e-01 -7.012280139958169956e-02 -3.023412148347590089e-01 -3.529309379515833262e-02 -2.004252663216140873e-01 -3.001773051098602374e-01 -7.403065391026360936e-03 -1.689059818909116606e-01
1.549871628499172871e-01 2.789850321817649581e-01 5.850176693092884461e-01 1.277964781791765536e-01 5.675701760175008159e-01 5.732858586454340211e-01 1.032829569262507380e-01 6.147623203069731979e-01 1.000000000000000000e+00 -1.743382247894176562e-01 1.727168897004171533e-01 -2.751814171086605643e-01 5.302284928272164855e-02 4.346177804845213766e-01 4.171591354913266603e-01 2.953141646840091727e-01 1.655851822915678229e-01 5.584646479949452180e-01 3.700723995467700700e-01 1.330851612469002854e-01 1.905419376938925768e-01 1.797182283798707536e-01 3.390673706144640143e-01 -3.461248475708030847e-01 -4.131243611808776417e-01 -5.140508744306538924e-01 -1.455917063163170988e-01 -2.523034588461197658e-01 1.285400902985291416e-01 1.568409575875051032e-01 1.860542944842501949e-03 -4.158791377918373833e-01 -9.917454085243583572e-02 1.084076360140979606e-01 -5.330315094271560750e-02 1.792000024915202661e-01 9.754197937391699547e-02 -1.557079290998622870e-02 8.883005038727576075e-02 7.339235773272709262e-02 1.633642223431046314e-01 -1.310499046194689779e-02 -3.108262811476539822e-01 2.672608307185328491e-02 6.424192557792249292e-02 -8.868332984772300809e-02 -1.154774883557903829e-02 -1.127851601411860721e-01 3.006989277152589679e-01 2.556351132665409809e-01 7.456791671550002179e-03 5.866526225660498861e-01 3.729103992860391403e-01 1.152557617611616181e-01 7.072898959799943652e-01 7.203216149411914015e-01 5.613992403047126656e-01 8.091420926684985693e-01 -2.787197168383972468e-01 -5.771829094559763340e-02 -2.354341152382548319e-01 1.352367250937456800e-01 8.180773626197802850e-02 4.401727591296892839e-01 1.153697842746440050e-01 2.965213535424919278e-01 2.278943820078514759e-02 2.422229089894243903e-01 -1.235401119080294374e-01 5.445334473828927768e-01 2.897033358858066565e-01 9.671111721057867872e-02 2.135667584679198094e-01 -1.530017204483263837e-01 -2.699993886901086992e-01 -4.254907256048071629e-01 -9.565186700627571759e-02 -3.290578177262368231e-02 -1.464918488037404987e-01 -3.262130127771302734e-01 -3.033126286926104975e-01 -1.558231516314957654e-01 3.984898292980575824e-02 -2.347923053517358416e-01 -3.383405012420966362e-01 -1.831782474910498837e-01 -5.950999248845518369e-02 -4.025624809119029979e-01 8.937280459820212686e-02 -5.768549747505149344e-02 -3.391049530296087466e-01 -9.493358646358734249e-03 -4.857881062597338429e-02 -2.290893180583316313e-01 -4.764268275525672669e-01 -3.235714673900930149e-02 -1.522274485441066083e-01 -7.173962082947002439e-02 3.899035054507870024e-01 9.596240069086843516e-02
3.404559055283313818e-01 -8.913724737289850653e-02 -1.511818899802297445e-01 -4.085984475277712469e-02 -2.296304120857759479e-01 2.041033460645998721e-01 -2.958665581756146981e-02 -2.578359344989238078e-02 -1.743382247894176562e-01 1.000000000000000000e+00 2.822120934863178721e-01 3.261606522447083600e-01 -6.786137858842571091e-02 -1.673224823945305417e-01 -1.160454856332498591e-01 6.458130126233488366e-02 1.225881460917201959e-01 -2.646679913623457558e-01 -2.114203469050288664e-01 -2.248666242509097246e-01 -4.227973093150198119e-02 -2.885696460128195709e-02 1.288738134986337075e-02 1.844540454532369311e-01 4.135013120409555820e-01 2.912889699024769352e-01 -5.510216837288195446e-02 8.221182842027689730e-02 -1.692238263750251437e-01 -8.136243347692007077e-02 1.502091910693783006e-01 1.119563572424265019e-01 1.566019631089896058e-01 -2.879060084384341481e-02 -2.001193850913542474e-02 -1.338954160639311552e-01 -8.818691204655050575e-02 7.972699032962551891e-02 7.560383106503925851e-03 8.629494314053616152e-03 -1.281839282944343683e-01 3.604312447305743627e-01 6.349684188498239124e-02 2.243152876319938760e-01 -1.007568276775123589e-01 -1.702214923734994834e-01 -2.490279180410170379e-01 -1.313901233981754346e-01 -8.011446241607415863e-02 -1.288673899968870162e-01 -4.182279368870945868e-01 -6.767532129211667469e-02 -3.085684193872101702e-02 -5.423034395627005649e-02 -1.379030345025617221e-01 -3.670284281558825606e-02 -3.727982319132689543e-02 -1.835375001783281779e-01 4.469275554597409994e-01 4.273748851352780487e-01 2.651698708480019206e-01 -2.281506278916256014e-01 -2.069484528699929438e-01 -2.052745715925158587e-01 -5.212902928288157267e-02 -2.444416053338748646e-02 -4.755768072634288662e-02 -1.569935528061871255e-01 6.745919929580211638e-02 -6.629109539678504359e-02 -1.747310788999572595e-01 4.980912648028561207e-02 6.936840773558809736e-02 5.514426167522446659e-02 2.510531377412305032e-01 4.690404733311688834e-01 2.347837536214434084e-01 8.463129817484815525e-04 6.834017162726330197e-02 -2.070392089683101844e-01 1.998021351993600203e-01 -2.305358877390617511e-02 1.052051577852788217e-01 2.122163305086930407e-01 1.924466318808949750e-01 1.027765568791768475e-01 -8.386521817478909124e-02 1.080673276941757771e-01 -5.137020362206166230e-02 5.564867991610800146e-02 -7.160149379492106170e-02 4.132902812362070355e-01 1.766084529358563637e-01 4.816279829584614314e-01 1.874378077504523510e-01 2.366688117836423244e-01 -4.482807778562664970e-03 -3.097646393393421044e-03 -1.099682092251729887e-01 -1.312630811870751091e-01
3.261179164409420128e-01 -5.646174985651496170e-02 -1.247447093526387329e-01 -3.368809056714431455e-02 -1.622866755871904820e-01 7.210148157757634291e-02 1.571813375932350210e-01 2.557712497202732638e-01 1.727168897004171533e-01 2.822120934863178721e-01 1.000000000000000000e+00 4.467435469202748477e-01 8.809416993505604643e-02 -4.773221033656158130e-02 7.410341149838740871e-02 7.288771223407940203e-02 4.281621725292639180e-01 -9.324094499318365259e-02 8.635047906511103544e-02 -1.530574445891850210e-01 -1.374945104288372577e-01 4.410750887614410531e-02 -7.990234453778469192e-02 1.285610422779905060e-01 -4.974720860961825281e-02 -1.786162968270676998e-01 -8.306581401277544907e-02 1.739323894728430353e-01 -1.637100414917424529e-01 -1.043954663331737170e-01 -1.913376033505976015e-01 -3.268583433878078370e-01 7.179384648090465781e-02 1.498015367356332790e-02 1.344766554974678903e-02 -8.834968329924414165e-02 1.676431040198756717e-01 -5.431553979650596310e-03 -5.282512394343533146e-02 9.774926215881056535e-02 2.555735232624636519e-02 4.653486841739810642e-01 -1.523264875048237488e-01 2.199925717480893661e-01 4.905790531212465139e-02 -1.375728683675594977e-01 -2.155205175327545297e-01 -2.319255213244245384e-01 1.307353128260157482e-01 4.243024070249854646e-02 -3.142051321162822042e-01 -6.517730105658252338e-02 8.551796176162901331e-02 -1.163257002996442441e-01 -2.235588452483956365e-02 -1.001202000891625032e-01 8.794387945384565808e-02 1.552661451668264914e-01 4.541785852450792166e-02 6.133380597048381233e-01 6.276372007245054063e-02 1.023636107048044586e-01 -6.483209727911340425e-02 4.128805834897869564e-02 2.422077374453361284e-02 -1.955728908213815592e-02 5.540363911275068137e-02 2.251938609625573351e-01 -7.318121529787202650e-02 5.632634590646590743e-03 -1.604907342892007427e-01 2.243626764627065229e-01 -1.911114463115662354e-01 -1.942289732544575098e-01 2.325317031377827082e-01 9.688721527601452943e-02 -8.145684875400237279e-02 -5.667713929356853891e-02 1.193090335885198944e-01 -2.616702623802232286e-01 2.020816700159851556e-02 -1.398079681004508190e-01 1.066530115205224921e-01 1.106783682578522804e-01 -1.328522325058980880e-01 -1.249804681823356439e-01 -7.061280785914191872e-03 -4.917436624997470473e-02 -6.523358478209285993e-02 1.096051231156704858e-01 -1.875621842124381988e-01 1.858914366604930979e-01 -4.088409049048075811e-03 9.650414884845127939e-02 -1.069577149429477847e-01 1.828330944106914546e-01 -1.403211769491677363e-01 -1.648972888410256410e-01 5.685768275184113069e-02 4.473411846032217254e-02
8.114967879773776760e-02 -1.587371212161210188e-01 -1.437340116369855147e-01 2.345242048706708965e-02 -2.924675213810642993e-01 -4.993637802839637208e-02 -2.087181798858565515e-02 -1.429382092301899505e-02 -2.751814171086605643e-01 3.261606522447083600e-01 4.467435469202748477e-01 1.000000000000000000e+00 1.962949448240093597e-01 -2.187574731687318141e-01 -1.825887869652044193e-01 -2.154939074742864002e-01 2.375845636823377960e-01 -3.384331148597227168e-01 -2.602159401249817261e-01 -4.053207780847702391e-01 -8.906063886431692112e-02 -1.389418217952641810e-01 -1.833502263186149728e-01 4.426395731876158757e-01 4.346798132440716778e-01 3.924731667326940010e-01 -2.858728537557231886e-01 2.505248546827735789e-01 -3.167093564371893932e-01 9.683630492360352504e-03 -1.637049777558325647e-01 1.224819542333192568e-01 -6.033855431172947814e-02 -1.194236991917346918e-01 -1.396971055192472166e-01 -3.173511217295489351e-01 -1.505119336015074138e-01 -1.356596654568355265e-01 -3.328700140443691113e-01 -2.611083923013734487e-01 -4.782461442514785444e-01 2.647001771690751237e-01 7.239093290331069519e-02 2.787869862661889950e-02 -2.046909182082202461e-01 -3.751612165891051176e-01 -4.095536335644385240e-01 -3.678483525784675412e-01 -3.260454354302961821e-01 -4.240821506338567359e-01 -1.114338576211851839e-01 -1.888942066943301301e-01 -2.067702031458331507e-02 4.839504728093174668e-02 -2.021464147397755984e-01 -3.501995616377800435e-01 -1.489385322088934982e-01 -2.131868663426763622e-01 3.537952304107451207e-01 5.464005631910949790e-01 5.344103758879115151e-01 1.251584866006439922e-01 2.075390509754531931e-01 -1.157262773283515706e-01 2.456007675858341843e-01 -4.008678988165410156e-02 -1.652838227721620534e-01 1.292967464823861212e-01 2.449912689833090018e-01 -2.738649187887796654e-01 -8.014270818941951480e-02 3.841568185439130922e-01 -1.190000310958826135e-02 -1.690488657960618479e-01 5.845170248698853266e-01 6.624786070642463276e-01 3.022143493053663921e-01 3.251791994569376842e-01 3.293565594191206758e-01 1.126901087495045944e-01 2.102490140244506200e-01 -2.279856589404463119e-01 -9.749435581077632584e-02 2.622169697487102269e-01 8.438765532240323497e-02 1.018442452081520615e-02 -1.206711248960932736e-01 3.260647105457492589e-01 -1.931856315014756076e-01 -1.771982224198092870e-01 1.389366256108053588e-01 1.451919021644501595e-01 -1.215569704342764762e-01 2.944251789887893933e-01 4.443852792570305299e-01 6.565035086248544038e-02 -2.324756860256725899e-01 -2.992132431476183796e-01 -3.651242687893510031e-01 -2.574221282615258288e-01
-1.814488211739369583e-01 1.857663164000581402e-01 8.203069591345737988e-02 1.548282260677849576e-01 2.069286804473671471e-01 4.919934018847581247e-02 -1.174355034832650774e-01 1.499428999204380497e-01 5.302284928272164855e-02 -6.786137858842571091e-02 8.809416993505604643e-02 1.962949448240093597e-01 1.000000000000000000e+00 3.709776199934797236e-01 2.681298933468955203e-01 -3.135799531370122434e-02 3.469551174243588609e-01 3.220098630788855582e-02 1.481200529964210866e-01 -1.565233993434756721e-01 1.681573017374157486e-01 3.151505265074913686e-01 3.379405763659186768e-01 1.166955033175573475e-01 -5.240930729066662491e-02 8.353245304148586292e-02 -1.875351399300395072e-01 4.096068953385490624e-02 -1.303867389433300550e-01 5.034071045631463015e-01 -1.665445290426735836e-01 -1.434878034598874308e-01 -2.777917431971168583e-01 -3.899319479124691706e-02 -2.897955151446299227e-02 -2.765309006970289030e-01 -2.451151050063999359e-01 -2.275697625265536705e-01 -8.200622324786162320e-02 -1.336164846554602215e-01 -2.325297202601165625e-01 -9.832253041017700868e-02 -1.436856994119590503e-01 -3.012661727781429377e-01 -2.784236565961175081e-01 -2.037952577117449204e-01 6.549012078909988155e-02 -1.748919244320647493e-01 -2.073396529964021962e-01 -2.380142778898162448e-01 -1.417728372431558137e-01 1.372500196900403313e-01 2.164125396553355507e-01 2.066273449052401789e-01 1.637476817592218858e-01 7.937031223111722100e-02 2.340101562515351785e-01 1.349519991113732331e-01 8.120576470530760371e-02 5.588134912655826070e-02 3.860959025646266696e-01 8.207658893740404915e-01 6.337263415494186480e-01 3.133197591764260159e-01 2.032307802068200886e-01 3.007248347836299351e-01 -2.359121988244475276e-01 2.956729324229826483e-01 1.258451573379752719e-01 4.465074783370579642e-02 1.584322220411192583e-01 3.177784790485926325e-01 2.686454846989628220e-01 -1.548452219785021178e-01 1.452153421924964050e-01 4.414512234957841674e-02 7.601071401899475721e-02 3.820765227662000219e-01 -1.296911495265420100e-01 -1.120192361888218691e-01 -1.474165692730075305e-01 -3.127702745023908659e-01 -7.984339653009561721e-02 -7.866393978062205528e-02 -9.895324567374402802e-02 -1.426740502981433019e-02 -2.117582400422627908e-01 -9.752396750635383693e-02 -2.559014765350058895e-01 -2.705467217966756599e-01 -2.654680221159081976e-01 -3.108375434427784398e-02 -8.642638661777880815e-02 -1.904262944907599564e-01 -6.296680961333578352e-02 -2.879898906808323056e-01 -2.728124936050395632e-01 -2.425456705546600311e-01 -2.041205087389680595e-01 -2.578681010950545360e-01
-1.565506648419116298e-01 3.381138039675787299e-01 4.806892232916967767e-01 1.814268957660294113e-01 4.524179363174383739e-01 2.339555909992543647e-01 1.086949344512048651e-02 4.242769801216296210e-01 4.346177804845213766e-01 -1.673224823945305417e-01 -4.773221033656158130e-02 -2.187574731687318141e-01 3.709776199934797236e-01 1.000000000000000000e+00 6.816405060269286054e-01 3.399060529700422273e-01 2.401957181846083311e-01 4.561368240992580980e-01 6.111529983929202547e-01 1.103775072577247857e-01 4.922377751286718950e-01 2.202120394537250558e-01 6.545932107482179685e-01 -3.157050216300661960e-01 -2.145507518868625119e-01 -3.284711527217716309e-01 -1.211592234517072930e-01 -2.300068456209720114e-01 1.291275999920741546e-01 4.656867279601835108e-01 -5.670380875224109718e-02 -2.604348507924951761e-01 -3.112757277955954249e-01 1.106103226998163616e-02 -1.246109523107848949e-01 -7.001092852226552254e-02 -8.741946620286278335e-02 -1.901976871475477213e-02 1.548342510260679317e-01 4.394593673174824328e-02 -8.231311261438198357e-02 -1.942785132664794079e-01 -2.355130470699168810e-01 -1.095632090576443424e-01 4.205793410446394959e-03 -1.183027107059613121e-02 1.899808006980378272e-01 -8.383657052124766917e-02 7.390912281632458503e-02 1.343788893706462373e-01 1.793685531422349252e-02 5.166004294287238618e-01 4.674172715782544674e-01 1.908143241255434996e-01 4.348524560010670337e-01 5.491155241745173665e-01 4.548882846480113429e-01 5.157543562476251120e-01 -7.535662161047806951e-02 -1.861116682624885110e-01 -5.011904637976261631e-04 4.154863201702687081e-01 3.582524566717161241e-01 7.618775952883853897e-01 3.778889831664575816e-01 5.820120273507203290e-01 -1.642159300904331154e-01 3.847145949742126758e-01 -1.511901278421991755e-02 2.873195720917239293e-01 4.802735249661557737e-01 1.796569421985359238e-01 4.423410686687953008e-01 -3.558067018192528908e-02 -2.008235772360376648e-01 -3.085249625486993774e-01 1.475404412606084494e-02 3.434884198659551857e-01 -2.460634315872489986e-01 -2.078441249941755387e-01 -3.672229724264751693e-01 -3.875999539755192735e-01 -1.206356228579699846e-01 -3.251870255576206348e-01 -2.755537692881521172e-01 -1.619021036561780758e-01 -5.643187412754711169e-02 -3.427308031917977171e-01 -1.495731775266339603e-01 -2.354747521926345843e-01 -3.221356923845345999e-01 -8.187646250073395138e-02 -2.373810805662463636e-02 -2.873276529760175335e-01 -3.911748003806000407e-01 -1.011242396110858671e-01 -9.046849545621066246e-02 -1.714889806323202925e-01 8.844821192911955787e-02 -7.506831646053143542e-03
2.968592193790962203e-02 2.602395545758069417e-01 4.593866124893533076e-01 1.378424464837445518e-01 3.479802081646132250e-01 2.659350837945748114e-01 1.026284967071044857e-01 3.897514622343855040e-01 4.171591354913266603e-01 -1.160454856332498591e-01 7.410341149838740871e-02 -1.825887869652044193e-01 2.681298933468955203e-01 6.816405060269286054e-01 1.000000000000000000e+00 2.390944011963041516e-01 7.753321323205833449e-02 4.408542580377282638e-01 4.350131570415650129e-01 9.023747919455742117e-02 5.025258846860953810e-01 2.854787557884308144e-02 6.293138958416597539e-01 -3.280709715912575319e-01 -2.268425976698238977e-01 -4.090180404646999168e-01 -1.487281395280848628e-01 -3.520057399331200654e-01 1.515107841038268732e-01 2.511823529413360623e-01 -2.967360135108522076e-02 -2.415778719273950215e-01 -3.132704467911605617e-01 -3.854115517623710879e-02 -2.398524445619994450e-01 1.716884044090868228e-02 -9.720866908944192364e-03 -1.900986499809501420e-02 1.373882404843228822e-01 6.623023760157953355e-02 -1.024836798497864854e-01 -2.617108640969056377e-01 -3.212335175509284935e-01 4.631618371523373717e-02 5.271617726556506595e-02 -1.180642995847848847e-01 -1.670138750629941021e-02 -1.841949170192904162e-01 1.018410598894421704e-01 1.992316119379343442e-01 -2.124423814230740754e-02 4.346199495445043914e-01 3.977911779387825475e-01 1.371398377941688285e-01 3.547391579374329362e-01 4.755932087694094146e-01 4.060486640399060820e-01 4.784426799831910659e-01 2.456165118126762276e-02 -9.595480386572692588e-02 -6.334870308153418839e-02 2.983417593499319009e-01 1.764092396596704526e-01 6.496169225881132103e-01 4.733128471739269649e-01 6.870741609281834084e-01 -4.508176824388086118e-02 2.956989514518462703e-01 2.654178077851252881e-03 3.737367204032978063e-01 5.884336979725507399e-01 3.665875757076778735e-02 3.996552350153959043e-01 2.529269460157768795e-02 -2.142986104935767078e-01 -3.530253114932406788e-01 1.003173813227104666e-01 1.685362396294744214e-01 -1.004964604342749868e-01 -1.432966943274472105e-01 -3.400307060665573866e-01 -2.730082610985637981e-01 -7.534833358800510639e-02 -3.931204282222808821e-01 -2.643121230946660627e-01 -2.749775078485104385e-01 5.785962095225179180e-02 -4.057752658523666733e-01 -2.928786640194413690e-02 -1.648340300571694284e-01 -2.323474580332400841e-01 -4.294080090670331952e-03 5.391014613699674635e-02 -2.280431857517762617e-01 -4.217517481282017644e-01 3.595200454617134000e-02 1.561978943010311482e-02 -1.383817133572821101e-01 1.163779161087179631e-01 8.557977256700884106e-02
