1.000000000000000000e+00 1.741064912093289174e-01 3.016339923201893369e-01 7.002907359474443150e-02 -1.772127278403631545e-01 2.763363191166569033e-01 2.058920653869769357e-01 -2.673498890601493094e-02 -1.817442509816107055e-02 2.854941131466892656e-01 4.087966702460018587e-01 2.620388341744205873e-01 4.056412113352499127e-02 -2.685988945364329306e-01 -5.562600623725763582e-02 2.541392688654879883e-01 -4.068805140066410891e-02 -1.057441937550899526e-02 -1.414266438295176372e-03 -2.218013559567159065e-01 -1.469968470444295572e-01 -5.901028046741643718e-02 -1.955738063067680166e-02 2.021399373756273959e-02 4.104861030505392860e-01 1.463787029846548848e-01 -1.539331900041375767e-01 2.260203767600063932e-02 -1.300915486964674683e-01 -3.472609672160568983e-02 -3.550823155177487700e-02 3.944757110160302949e-01 1.444815583727291908e-01 -1.393084066367019924e-01 -1.268965755420025376e-01 -1.027771679283505935e-01 1.782724534735206090e-01 3.394402000351269266e-01 8.250052375762037538e-02 6.553115163032771293e-03 1.027446778385549507e-02 5.911280481373367042e-03 7.310386383823951062e-02 1.483792587560662790e-01 3.430597918481417818e-02 -3.108195019565778566e-02 -2.160565919457700101e-01 -2.260591056356060780e-01 1.316063347197876654e-01 -6.788746488272433266e-02 5.662563555315730524e-01 -4.490797233029628077e-02 4.431359740908898809e-02 1.428611322891473190e-01 2.500721151392852337e-01 1.324942365587273019e-01 6.905239612906100000e-02 -8.943644273699220826e-02 3.649789647488866917e-01 2.572794933927354810e-01 4.063422868883664885e-01 4.966129072032429009e-02 -1.026828312863257014e-01 -2.068179269469185011e-01 -1.771015599417110897e-01 -7.580484018302161182e-03 1.180733997136389074e-01 -1.656330449850490216e-01 -2.598134921588827195e-01 -6.942367178848342368e-02 -1.359836274893596875e-01 -4.124589039583052147e-02 -1.126396459214866475e-01 7.369815384178103612e-02 -1.644453058146176649e-02 4.590329884077551936e-01 -1.287453965057435423e-01 1.338016925642175614e-02 4.655667103661872280e-02 3.235460921600178952e-01 -2.509933770679653731e-01 -1.889803539599025917e-01 5.889171767858669346e-03 -2.111693141832502452e-01 -2.897897051844849359e-01 -2.514089762016653573e-01 3.167335672031364874e-02 -1.124171948733829612e-01 -1.979504674187461954e-01 -1.638376291670182450e-01 7.762477656040316087e-02 3.291562681544721314e-01 7.860266703385680731e-02 1.840929657192862667e-01 -1.659335394439345182e-03 -1.325491034333502183e-02 -2.099365436615059088e-01 -1.783478622376996614e-01 1.442287785259608601e-01 -8.696681424260517546e-02
1.741064912093289174e-01 1.000000000000000000e+00 4.782609739143308114e-01 5.372814963130032595e-01 2.847698759436457783e-01 1.991047093180370320e-01 2.345214443010094907e-01 1.273927217026089298e-01 -2.020007614744374902e-01 -4.539176786937131058e-02 2.935221202350310823e-02 -1.368981366266606992e-01 -3.052917830640227703e-01 -4.908401245612862840e-01 -4.277625039846194577e-01 5.298228042304763408e-01 -1.568166333713803540e-01 -3.739829496227378702e-02 -8.219315935090325265e-02 -3.523384042498850510e-01 -3.818459767398968974e-01 -3.376324326969795120e-01 -5.429202392431077551e-02 -7.163644755552406318e-02 2.276881264432709384e-01 -9.270267182969879616e-02 -2.835763245187575832e-01 -2.208838805983097120e-01 -3.091575823217732055e-01 -2.817358472258671420e-01 -1.666136719716019565e-01 3.246349773886064716e-01 3.695803508795316161e-01 -3.764335756273659017e-01 -3.455595369821727880e-01 -4.105657479240903407e-01 1.801237337231457736e-01 7.233011227506799812e-02 -1.866732207557509227e-03 2.889848027017835261e-02 -3.508880160458094366e-01 -2.157839696554030851e-01 4.214298635811006277e-02 3.206609989831917668e-02 5.541336145993307899e-02 -3.101237437398831620e-01 -4.723416070463585803e-01 -2.599926658362719523e-01 -4.319392241143292510e-02 -2.577469871846629346e-01 2.889130790352649747e-01 2.913974827363141964e-02 3.736158213895564573e-01 5.006586391155627425e-01 4.070810533640504825e-01 9.095458743682335867e-02 2.052227322874565774e-01 6.232832579664953493e-02 3.048772726992806867e-02 -1.991960589649761915e-01 8.219883228635515779e-03 -4.578158366136484414e-01 -3.698510134775463420e-01 -4.332216766080475012e-01 -4.253848928097621607e-01 -3.152985290848344668e-01 9.415840409587443449e-02 -4.463108851109749420e-01 -3.583571761354188423e-01 -7.276438870880409804e-02 -2.401310562459099962e-01 -1.958019145038152609e-01 -2.255577175324954553e-01 -1.416967140826338456e-01 -1.643042898266046381e-01 2.060935672103529903e-01 -1.653518747640844722e-01 -1.778515314474984621e-01 8.046111578115210106e-02 1.707749232422992869e-01 -3.178430569891508295e-01 -2.710867259971684873e-01 -7.816217078914422522e-02 -3.595801590983867535e-01 -2.678324485957825352e-02 -2.929894479704384103e-01 1.088838403116706849e-01 -8.156190995102885477e-02 -4.855802136208758890e-01 -1.907167992271051882e-01 1.456096109832806795e-01 3.376159080604332341e-01 -1.278714479243826252e-01 8.984171655911518672e-02 -9.044434076948508483e-02 -3.320499754020807270e-02 -2.625325829332984529e-01 -1.999838441800138866e-01 -1.972543313573305312e-01 -2.410640871915237793e-01
3.016339923201893369e-01 4.782609739143308114e-01 1.000000000000000000e+00 1.088143020070680700e-01 -3.500594821901129028e-02 4.458442908354337542e-01 1.590219054416137090e-01 2.377819077773869749e-01 -1.376021385856807805e-02 1.741714007210123094e-01 2.460189745767896452e-01 1.486903796440929293e-01 -8.472737298002186446e-02 -1.720990060107148167e-01 -1.145095018058466391e-01 3.347434811899719920e-01 -1.359299700252966925e-01 9.724726000237096310e-03 1.489590768334487225e-01 -2.746069027473255764e-01 -1.820629849942580203e-01 -1.341463241469607603e-01 1.288277085504394293e-01 7.043319481125184800e-02 3.097090318494320482e-01 1.747418748761606355e-01 -6.018261824658726472e-02 -1.091396537095073033e-01 -1.736169416092766538e-01 -8.209829707146408528e-02 -6.405241693385421708e-02 1.073714380467594570e-01 1.436258202165102173e-02 -1.971677024928007449e-01 -1.451389545953105653e-01 -2.246025563431586491e-01 2.564885941054224627e-01 5.135506601322945008e-02 1.559255510014650146e-02 1.274984312958237498e-01 -2.329047633650057902e-01 -1.823959439143982564e-01 -1.549173012822695900e-02 -3.724770532703378795e-02 -2.014811172874065581e-01 -2.267382799105422120e-01 -2.290294702987881181e-01 -1.422557769918956772e-01 4.021269193259220665e-02 -2.158834653150041305e-01 2.485732482753304218e-01 1.956975903780129034e-01 1.254056831847142617e-01 1.778923301790140965e-01 3.862220168918983343e-01 4.176371689982727453e-01 1.405924939589942579e-01 5.944862502510778884e-02 3.035499993958389320e-01 1.245432551758369755e-01 2.114065528142204942e-01 -2.143409728204677400e-01 -1.463022633595871536e-01 -9.291427970134479020e-02 -1.741778003316804546e-01 1.446803984237366413e-02 -8.628309387600596389e-03 -1.971462562652917805e-01 -2.287918638187174947e-01 -5.337791087319485039e-02 -1.109958604202239824e-01 -8.782929125676515458e-02 2.582186847251023709e-02 -4.019301989118370839e-03 5.891741715038064167e-04 4.247416320417243263e-01 5.425463107687573949e-02 8.787622134171101454e-03 8.607269004768748621e-02 1.728465239547014379e-02 -1.552235345719605031e-01 -1.606351048570281714e-01 -1.301794027151283450e-01 -1.829052642066332779e-01 1.562134162006424687e-02 -1.313905177883798181e-01 2.140905035812355195e-01 -5.281149907171153041e-02 -3.973252364601726483e-01 -1.644585004342401513e-01 -1.791021998019499267e-02 3.080538505449058051e-01 4.027063921623963427e-02 -1.827792676215120966e-03 2.016691898513469153e-02 -1.705273958386056554e-01 -1.454985493236442551e-01 -7.685788486382164053e-02 -2.401389558226247126e-02 -2.289063343659474004e-01
7.002907359474443150e-02 5.372814963130032595e-01 1.088143020070680700e-01 1.000000000000000000e+00 4.541895010983020287e-01 2.823261315817489001e-02 3.656643239713628923e-01 1.208843276056952298e-01 -2.637128213535376853e-01 2.565661370148105205e-02 -1.496011071084644151e-01 -2.695837383818776578e-01 -2.904991435147143419e-01 -5.147888936347673194e-01 -4.591959465661541451e-01 5.228754311072192351e-01 -1.116445844697589451e-01 6.138979839958429857e-02 -2.654952621643296151e-01 -2.400258671169436253e-01 -4.049621298075348763e-01 -4.189020821379443871e-01 -1.200835292980388241e-01 -2.175298670854343142e-01 1.136015716869303860e-01 -3.049845321059578840e-01 -4.158777639581813790e-01 -2.755206871764051546e-01 -3.312200096829184814e-01 -4.481709838822902081e-01 -1.405225830937096854e-01 3.436897614684402691e-01 5.433597302566652854e-01 -3.879183494007287791e-01 -3.731418269090268636e-01 -4.051140324676812399e-01 1.176205998877185716e-01 -1.682625016759460232e-02 -7.271709421027225395e-02 -4.847869197513119538e-02 -2.980005325656019388e-01 -1.869691978437887647e-01 4.340278626042456261e-02 1.082683917989048367e-01 1.506014533996829774e-01 -3.527694731542345696e-01 -4.770787379583781851e-01 -2.168776619958201202e-01 4.245705795823753737e-02 -1.466076327841993043e-01 1.654280361470489291e-01 -8.643494762375071583e-02 5.484421614201300255e-01 6.821575994452193648e-01 4.026565051618073987e-01 -5.015062771036093298e-02 2.868798189476045035e-01 2.397955419120626971e-02 -1.288297437532978928e-01 -3.466037155088193544e-01 -1.597969380147240548e-01 -4.189597398788387772e-01 -3.469487856720429586e-01 -4.462486937844857837e-01 -4.804681965106250008e-01 -3.639099045565010737e-01 2.993934385463393189e-01 -5.120210658374847457e-01 -3.516847728446703125e-01 9.186604482681187678e-02 -1.242725568996359276e-01 -1.031116725861715017e-01 -2.850000509145486638e-01 -9.443677463361493940e-02 -2.445077569728608957e-01 -6.992513882981576945e-02 -2.598551217072292974e-01 -3.511249902036158166e-01 1.784485220573950592e-01 2.898337982472392049e-01 -3.751610476660868776e-01 -8.796667406063125860e-02 4.835747425491895846e-02 -3.493676833909389323e-01 -6.810786581441657939e-02 -1.867502722626679379e-01 8.520130932868420770e-02 -3.806812027829724332e-02 -2.754343788923919734e-01 -1.008636110766056859e-01 3.275604885215383510e-01 2.627299619217300375e-01 -2.530019081181969498e-01 1.549357559148618335e-01 -1.785132804284652042e-01 2.590290495779359881e-02 -2.853144161247553323e-01 -1.057118488088738817e-01 -7.863237047655746714e-02 -4.454946684915701838e-02
-1.772127278403631545e-01 2.847698759436457783e-01 -3.500594821901129028e-02 4.541895010983020287e-01 1.000000000000000000e+00 1.483333324175736129e-02 3.066206987157844566e-01 2.267104958225122091e-01 -1.136634542181483160e-01 6.148956548430718760e-02 -2.183421960859389388e-01 -2.259403213247010433e-01 -3.733715437274906512e-01 -4.047710220789645930e-01 -4.790173457914649879e-01 1.010793608344240369e-01 -1.437484185127980429e-01 6.499996977060136516e-02 -2.244153831434936852e-01 -3.280245795322851432e-01 -4.935627437361850278e-01 -3.021225688729582970e-01 -2.067494540557656968e-01 -1.524964587901421753e-01 5.919701549266418589e-02 -2.862812919628975883e-01 -3.652005919913661192e-01 -1.030723622627701397e-01 -4.602432435662002219e-01 -3.584857676387617764e-01 -4.357679610217801702e-02 3.915046643535373128e-01 4.685957265183489096e-01 -3.291846939880758716e-01 -3.131132802865124187e-01 -4.207365658555866639e-01 -7.896480829684957015e-02 -2.485070912667656368e-02 7.205424008275687631e-02 -8.067832399129939991e-02 -2.388186074592415498e-01 -1.189657887089866639e-01 2.926051438786501646e-01 3.236461681301472937e-01 3.063982479646175650e-01 -1.015556787472455258e-01 -4.158024154059504762e-01 -1.877296086644399675e-01 3.203786014305612384e-02 -8.593016871762695214e-03 2.627499699889170037e-02 -1.454600394847892220e-01 3.482631937364404906e-01 5.497404380759042253e-01 2.994654119553233906e-01 -1.083663168457685982e-01 3.500307827468480681e-01 2.251591941105829039e-02 -2.483731042834294300e-01 -4.503687762895683400e-01 -2.507211361932797367e-01 -3.537915059231138137e-01 -7.393312443330482542e-02 -2.178872932622788194e-01 -3.578076469494785861e-01 -3.879805737079879413e-01 2.046577529093632775e-01 -3.280274769335446150e-01 -3.918769081361780926e-01 -7.172304516409380715e-02 -2.112235459228100354e-01 -6.531896949277371522e-02 -4.015837984539131211e-01 5.212578346459913192e-02 -1.680936498806273605e-01 -2.058168720760649162e-01 -4.132867858642254033e-01 -3.135586809916888762e-01 1.147151982214223015e-01 2.321566392210746010e-01 -3.553763937606478907e-01 -1.276937978888444125e-01 2.389510975795322290e-01 -3.573890042680407664e-01 -1.775700049297869454e-01 -1.059507539402637921e-01 -1.093710508333786829e-01 1.487474501174421704e-01 -2.092616137809735766e-01 -2.034047685188867249e-01 3.557037462750851642e-01 2.296975485397429184e-01 -1.573714781361624793e-01 2.893230668840030551e-01 -1.518316061246210991e-01 3.092714635602402118e-01 -2.587131738974718376e-01 -1.530368025213652006e-01 -2.635166745736003402e-01 -7.028729824615021285e-03
2.763363191166569033e-01 1.991047093180370320e-01 4.458442908354337542e-01 2.823261315817489001e-02 1.483333324175736129e-02 1.000000000000000000e+00 2.662022180435206775e-01 2.257129037614986899e-01 3.629307859328139152e-01 3.736293885435207351e-01 4.364825250316957117e-01 3.320862623418081028e-01 6.406587055057405555e-02 -3.018332247373285704e-02 1.797778097009822829e-01 1.497199254500367060e-01 -3.037424281603784068e-02 -1.694288028002455260e-01 -2.393121116473651000e-02 -2.873308302206312170e-01 3.770379317938731684e-02 5.756904310245491291e-02 -5.120088224351009021e-02 2.116458621876097790e-01 4.083466705029727972e-01 3.432300379986673589e-01 2.035553569220750203e-01 1.751157520086654151e-01 1.190755886933438437e-02 2.548821780372964030e-01 1.510398754724709969e-01 1.483766963816475666e-02 -1.501914239906950443e-01 -2.311333767735890832e-01 -5.273244506898398798e-02 3.548762506368456637e-02 6.644139554170618023e-02 2.804609195783906439e-01 -7.871481919033050667e-02 3.387851842654217571e-01 -4.095606810095878819e-02 1.748677894368679819e-01 -7.710605394141917257e-02 7.487761688887709099e-02 -2.621198507424772894e-01 1.066136592500813718e-01 -2.065389019371368373e-01 -1.057072582767846491e-01 9.309832872955917105e-02 -7.957150697089195035e-02 9.819001911097950674e-02 4.482009919041228807e-01 -1.750851864053506318e-02 -6.841475689520989945e-02 5.962628733576278428e-01 3.365896121176861766e-01 2.249650568217046939e-02 2.852181416299546801e-01 5.444277861191836321e-01 3.739990863260176379e-01 3.277935903443992549e-01 1.326922349795130462e-01 1.636986145442313571e-03 9.455356148927383797e-02 5.439959696018678570e-02 2.304621634720610268e-01 6.245968120174236887e-02 -5.036143399207149152e-02 -1.163363500007197626e-01 -2.653619707272624750e-01 -1.246676795038435953e-01 -9.289086784443775779e-02 -6.045181407909751281e-02 3.757064295586244884e-01 1.427592820265528861e-01 5.300680993503744665e-01 1.397431283299872262e-01 1.984772911141159946e-01 2.353373284042675762e-01 1.666853706998103202e-02 -9.587190264931232109e-02 -2.463184007967650635e-01 -1.701802129425371568e-01 -4.518150721054428609e-02 2.746155397744758087e-02 -2.129524125614398466e-01 1.524315979940967791e-01 3.824282732772044113e-02 -2.778809272838131395e-01 -6.373661371008593202e-02 -2.932523409363012590e-01 3.541739695903620699e-01 4.642586328881399549e-01 1.056378456335069493e-01 3.274694944821575637e-01 -2.375909997744265478e-01 1.485844276529552088e-01 -1.413805529804962879e-01 4.919541125731972941e-02 -4.073104957796839370e-02
2.058920653869769357e-01 2.345214443010094907e-01 1.590219054416137090e-01 3.656643239713628923e-01 3.066206987157844566e-01 2.662022180435206775e-01 1.000000000000000000e+00 5.733426545663293794e-01 2.864058463138524635e-01 2.892647496110215544e-01 3.415094145561810290e-02 1.011155542261742424e-01 3.609062805150362041e-02 -2.000334684372640226e-01 -8.659358882785253564e-02 3.059777367191919839e-01 3.526065112385037576e-03 2.853683134627954532e-01 -1.015897521854473434e-01 -2.973333764857656880e-01 -1.458695847504127840e-01 -1.554725739448851174e-01 -8.157060773051290348e-02 1.290678594648904387e-01 2.232648708528951198e-01 -5.269819685573325779e-02 -1.667501229325596690e-01 2.014528677842638421e-02 -1.341798560363336446e-01 -6.127286694916419391e-02 -8.564645831270904786e-02 1.698096060879913938e-01 2.198431227568575230e-01 -3.174904022909177392e-01 -2.079784044328367165e-01 -7.794309525336630406e-02 -1.569323830676713424e-02 3.881145403551390649e-02 3.490654001205147072e-02 3.169257180721339329e-01 -1.492887462956911659e-01 -1.281249486023089690e-01 1.471113658963745796e-01 1.121128812383851286e-01 2.044287018715031101e-02 -1.416047080263607150e-01 -3.328722706977306767e-01 -3.428389760971682909e-01 -1.395726066392823615e-02 -8.354500710350754034e-02 1.871485933179683203e-01 1.726010580360847202e-01 3.818893296561666761e-01 3.832214895079575911e-01 3.683285251081782063e-01 9.013657531262368738e-02 5.370194978560535182e-01 3.871747699680249122e-01 1.054210465704723265e-01 -8.026950860630933937e-02 4.681501997686315919e-02 -6.460828370389427866e-02 -7.134814790200130763e-03 -1.010445427907588067e-01 -1.165317346813851684e-01 -4.281179786292665240e-02 3.841213387207484398e-01 -1.761466847021204707e-01 -2.085766759516182456e-01 1.521473872051360976e-01 -4.226949592286335933e-02 3.659118478095971499e-03 -2.514346729254023916e-01 3.421751634606118864e-01 6.784850487680180176e-02 1.099567653821915680e-01 -1.436389560176435098e-01 -5.521138401064585449e-02 1.382715243064369104e-01 1.446022523779765812e-01 -2.564571233731386402e-01 -2.661498536090837197e-01 5.648031379055495904e-02 -3.059298299873113858e-01 -7.328512167369267971e-02 -1.699916107661458287e-01 -8.831681028322234612e-04 -6.725137751458769297e-02 -1.925164114389519565e-01 -1.269738134772072924e-01 1.114459377979285098e-01 2.740734859109772437e-01 8.548303854920125122e-02 8.288310217543048974e-02 8.321329868515031647e-02 -4.841258251432935950e-02 -1.558250933245475534e-01 -2.654029548061234700e-01 -1.170118563751648411e-01 -5.483725624633606181e-03
-2.673498890601493094e-02 1.273927217026089298e-01 2.377819077773869749e-01 1.208843276056952298e-01 2.267104958225122091e-01 2.257129037614986899e-01 5.733426545663293794e-01 1.000000000000000000e+00 4.403643868624381730e-01 1.635743144162015994e-01 -4.633855024944814188e-02 1.365333637052999483e-01 3.843967888191933413e-02 -2.098467313885590477e-02 -7.443910594212697907e-02 1.482996355540077138e-01 3.730771333814131285e-02 4.320461675096824439e-01 4.436988270693591196e-02 -1.777493395372578555e-01 -6.556384541414306266e-02 -5.159760338466005958e-02 -7.420990301075588991e-02 2.747557251245279497e-01 2.560813134323400297e-02 1.112503956792287446e-01 -6.133080574651793987e-02 1.294902736212567573e-01 -5.071597499874434117e-02 3.194936431534305815e-02 -8.836593984483283315e-02 -6.644954058595475832e-02 -2.496490459028053235e-02 -2.037120349686951937e-01 -1.315659302459779578e-01 2.779053404327072770e-03 -9.273710554868072609e-02 -2.070589271962960387e-01 -3.130564173558751662e-02 2.977683780531397706e-01 -2.689965508263880700e-01 -1.354053701159247391e-01 5.692299452916346064e-02 -5.549298710223547759e-02 -1.425756572384880294e-01 -2.344460448711962464e-01 -2.971296552927490953e-01 -3.374389381527185261e-01 -1.246856144817924811e-01 -9.012376263778805463e-02 1.055656798140112984e-01 2.802924096916842300e-01 2.322160618348430017e-01 2.549495304360203107e-01 2.629867303406953072e-01 2.309509572610965178e-01 5.553176254877711937e-01 5.987793483310505094e-01 -6.383303268824534749e-02 -1.224860878566028793e-01 -1.095676652453358340e-03 -3.179232213984722888e-02 1.915817741438518851e-01 -3.099963792093508863e-02 -8.639580511826623621e-02 -6.111770384805138845e-02 2.687139023224984213e-01 -2.383350680332150390e-02 -6.471038923990182767e-02 1.211273082127386214e-01 1.500281772359667899e-02 1.348793296882284665e-01 -1.829992175217297345e-01 3.072874237317053114e-01 2.575082479674385971e-01 8.099799515540871686e-02 -2.642081756085901036e-03 1.225809918356795536e-01 5.834813823716081781e-03 -3.125770401819361055e-02 -2.598985898710415299e-02 -2.208551140094954790e-01 -7.383206419806130627e-02 -1.691373069027815590e-01 1.149885159257279243e-01 -1.523557129099156471e-01 -1.564802479725511605e-02 8.812820686233470424e-02 -9.310593313614994038e-02 -1.625289733292822891e-01 -1.804681160611461624e-02 1.105933024540683984e-01 -6.637861027364125831e-03 -2.042837900435620635e-02 9.426498962235090040e-02 -7.254510547564681222e-02 -1.737856999634675992e-01 -2.825036738834342254e-01 -2.200476033252525554e-01 -7.438776020422976920e-02
-1.817442509816107055e-02 -2.020007614744374902e-01 -1.376021385856807805e-02 -2.637128213535376853e-01 -1.136634542181483160e-01 3.629307859328139152e-01 2.864058463138524635e-01 4.403643868624381730e-01 1.000000000000000000e+00 1.952494019227244415e-01 2.450817318091796371e-01 3.739059152534471298e-01 3.330234212631045798e-01 2.747809104673972769e-01 3.723458366022768251e-01 -9.821509150464970139e-02 1.170440670943482253e-01 6.741567129010708759e-02 5.770690468673193158e-02 -2.166291392612413116e-02 3.755465052253951219e-01 3.179019667228764612e-01 -8.887860692761719028e-02 3.455467917540867018e-01 -1.920519733424799411e-02 3.475782267126305558e-01 2.932631898594039721e-01 3.863372138285608992e-01 2.361527109389364720e-01 4.346233497394575984e-01 7.659537089203949031e-03 -2.975206357562962811e-01 -3.897171640251863578e-01 -6.053047310626774591e-02 8.406040211597778922e-02 3.621514449979358896e-01 -1.865870483775649569e-01 2.100339329657141887e-02 -5.936413649565341899e-02 3.276371144675597757e-01 6.750718723228605646e-03 1.961432667440406730e-01 -1.064059069591953705e-01 -1.127617383812404839e-01 -2.296859617499835415e-01 1.380451030191361950e-01 5.455222412508697882e-02 -1.801862217298098867e-01 -1.532557848251427102e-01 -1.994768438565516430e-02 -2.009792355582362341e-02 4.240906165860309218e-01 -9.458519132753319403e-02 -2.931121216594564927e-01 5.563275052063561266e-02 1.713783833468392748e-01 1.612409301957409002e-01 6.092177897545862919e-01 2.310811785722901579e-01 3.693317308593613846e-01 2.212077419308295656e-01 3.529345263887116446e-01 2.278781783583331277e-01 2.310960848503137433e-01 2.344830696214870724e-01 3.064607362646546429e-01 7.508158700618632053e-02 3.818047228800182658e-01 2.615683199663546010e-01 -7.849581131790082933e-02 8.830695583741633714e-02 8.939651743546253582e-02 3.146853274341199908e-02 4.578379642809664585e-01 3.687565611351108497e-01 2.089126089955051779e-01 2.030613712844217822e-01 3.395918230725566422e-01 -1.644870047001425195e-01 -9.772623219610560019e-02 1.911637226710215520e-01 -1.386925470767712276e-01 -1.941225944591728203e-01 1.420600251690004312e-01 1.276819350735440284e-01 -1.500320895382863950e-01 -6.653414649937268444e-02 5.883417828198619220e-02 7.490424984995464053e-02 3.278474736087810121e-02 -3.510987394092801028e-01 -5.112110622814178967e-02 3.267667788219939529e-01 -1.428686704024844378e-01 2.856126465627484290e-01 -2.001303231599869115e-01 2.439370424475915955e-01 -1.643569304850726331e-01 -9.758998201093913027e-02 2.556537708568483794e-02
2.854941131466892656e-01 -4.539176786937131058e-02 1.741714007210123094e-01 2.565661370148105205e-02 6.148956548430718760e-02 3.736293885435207351e-01 2.892647496110215544e-01 1.635743144162015994e-01 1.952494019227244415e-01 1.000000000000000000e+00 4.260966062620111794e-01 4.800700093693804349e-01 1.724285907070901847e-01 4.905785056788534298e-02 1.806290598215991305e-01 1.476959044039912183e-01 2.059140621790704617e-01 7.725463941431701120e-02 4.152720014609294352e-02 -1.629351131777430073e-01 3.021172246350043930e-02 9.944178386406617165e-02 1.947482298540000045e-02 2.191823069871984830e-01 5.769379810042056800e-01 1.153720417563425527e-01 -6.309601005978579535e-02 6.767108650579836682e-02 -3.061246665573044354e-02 1.094849373375480356e-01 1.156950328577229653e-01 2.078502261871132129e-01 4.460551962252740782e-02 -3.592093489500826353e-02 -2.063791480654584079e-02 2.787890693769766795e-02 -8.631785524725010816e-02 1.229373508843103896e-01 -1.415823902757082642e-01 3.953755438773824404e-01 -9.789966964186848364e-02 -3.657569197382246062e-02 -1.900892547404755412e-02 2.678282128612756718e-01 -7.340593494138045183e-02 2.200832559258383142e-02 -1.780315486722982010e-01 -1.784077614262202238e-01 6.055124254659423333e-02 -9.932649158318788973e-02 3.052118211030074857e-01 1.212686314545788346e-01 5.465972979930026898e-02 3.076704220284815980e-03 2.441931566367485373e-01 1.597185253170449182e-01 7.548251834153854589e-02 6.734168716583180392e-02 5.260341034393720694e-01 3.047562477228175082e-01 2.008714488188593494e-01 2.351735401100341627e-01 2.203042057082784944e-01 2.005669245668747769e-01 1.545887373037545809e-01 1.487366338958602263e-01 4.581411503042838451e-02 4.972191306023380358e-02 -4.672255128346489150e-02 1.871852136480361625e-02 9.922608404136094851e-02 1.872400241928067477e-01 -1.605050856310894294e-02 5.004498691664366339e-01 2.124568277024318219e-01 3.454243082013404575e-01 5.050977777882265790e-02 7.371358961558290013e-02 2.869873721190919214e-01 1.551162660911508950e-01 -1.098873878670103416e-01 -1.488917781639402249e-01 1.130690964795400960e-01 -4.711484086974584290e-02 -4.397223797803855722e-02 6.473098533729901294e-02 2.651282529099983215e-02 2.091843201481480286e-02 3.692707647302108376e-02 -1.639654380282086765e-01 -2.420765293343547439e-02 3.088948653981575254e-01 2.357867407016059902e-01 1.833550276697542836e-01 1.735161165732317101e-01 -2.614655757950345646e-02 -1.150937700884029358e-01 -4.098471960624921334e-02 1.034180945277250185e-01 2.895308642148478051e-02
4.087966702460018587e-01 2.935221202350310823e-02 2.460189745767896452e-01 -1.496011071084644151e-01 -2.183421960859389388e-01 4.364825250316957117e-01 3.415094145561810290e-02 -4.633855024944814188e-02 2.450817318091796371e-01 4.260966062620111794e-01 1.000000000000000000e+00 5.451117335680480958e-01 1.264243965762613664e-01 1.235254824733118262e-01 3.823803933560963042e-01 4.326315269057933593e-02 1.246167364427644975e-01 -1.079406163508889738e-01 1.303393499178729376e-01 -1.598100497762893757e-01 2.291098543953404565e-01 2.193167826312150681e-01 1.332185136352436738e-01 3.077034796726843546e-01 4.418272342856003898e-01 3.683601524506013303e-01 1.876214167139970412e-01 1.817478818330813817e-01 1.493433266077464072e-01 3.346776024548607786e-01 2.015378084535064396e-01 3.359782821564254868e-02 -2.310748535179238949e-01 -4.508235471201219036e-02 6.366279559270934807e-02 2.002468413771096301e-01 -3.832363917789736226e-03 1.724998460025269909e-01 -1.891673464111638947e-01 2.496319668949884829e-01 -1.123374432059477124e-01 1.751036364817294688e-01 -1.143580427518204878e-01 5.748836962622137087e-02 -1.870691939890096467e-01 1.008025231020117790e-01 -2.043394026041377154e-02 -1.618620066474586450e-01 -9.636137884891363137e-02 -1.903503056241974967e-01 1.552594155667392783e-01 2.590986155788936318e-01 -1.375844764529609021e-01 -2.326371361602676546e-01 1.929556360358463951e-01 1.181697451548540806e-01 -1.208410712917488694e-01 9.337931935916164716e-02 5.210335669748463738e-01 6.077494277029871217e-01 5.099379379559413339e-01 2.047206959469168863e-01 7.437535197746437954e-02 1.690575254983664177e-01 2.277204441330680784e-01 3.666262948769403729e-01 -1.761477851865908828e-01 1.926687106715911091e-01 9.548670650223715917e-02 -1.566438468566602460e-01 1.159809641915845596e-01 3.761977417122852607e-02 1.869955488675491551e-01 3.633544036824407075e-01 3.117778919269694193e-01 5.538736399305376201e-01 2.348065346341165760e-01 3.469066613450902947e-01 1.293461479703570671e-01 7.642960677857361940e-02 4.701190288278006557e-02 -2.849060344129878963e-01 -1.042813689721510256e-01 8.260317903043849774e-02 3.760601770181513231e-02 -3.255528277717136681e-02 5.410283170483000392e-02 -3.035700026975974089e-03 -7.783444796954099021e-02 -1.259076994469728317e-01 -3.553703191432837083e-01 1.950922233624599877e-01 3.188448643293952944e-01 6.084670621240346328e-02 2.688147070706748409e-01 -1.773650223613782440e-01 4.936704820831824825e-02 -9.493860740841064683e-02 5.203452901775414835e-02 -1.543769649819897449e-01
2.620388341744205873e-01 -1.368981366266606992e-01 1.486903796440929293e-01 -2.695837383818776578e-01 -2.259403213247010433e-01 3.320862623418081028e-01 1.011155542261742424e-01 1.365333637052999483e-01 3.739059152534471298e-01 4.800700093693804349e-01 5.451117335680480958e-01 1.000000000000000000e+00 3.928275011887694679e-01 2.316656890796450485e-01 3.636295914048582878e-01 7.633451950076834691e-02 2.890085366945538414e-01 1.176386388428384971e-01 3.107303740464658071e-01 -7.006410168803403615e-02 3.313685268000737261e-01 3.695189576898981754e-01 1.469161726834838921e-01 4.918515410658312326e-01 3.829324117189850107e-01 4.778426499525506577e-01 1.202806700899752557e-01 2.767789289359374738e-01 2.495031444527532338e-01 3.795923066390851086e-01 -1.224911732733453308e-02 -7.138450879979242603e-02 -3.390694646431144932e-01 7.015581982113361370e-02 9.579070241110254624e-02 2.750845534523384539e-01 -1.375372594707786056e-01 2.576387908508493210e-02 -2.072527022888545067e-01 3.745668508264978769e-01 -2.080719369441974831e-01 9.544795399234790034e-02 -1.529376811337138931e-01 -8.126426643192562194e-02 -3.087692311446386118e-01 -6.434909562785649795e-02 -9.059739803916261325e-02 -3.260673308440447116e-01 -1.210577258148634178e-01 -2.298390843889625279e-01 1.092491366623216942e-01 2.438442420371668695e-01 -8.884584262973764524e-02 -1.991443944392057575e-01 9.162213489289364188e-02 1.042398485185209028e-01 1.003916251083415354e-02 1.645068647408061135e-01 3.318412614380778503e-01 5.425509431603877664e-01 5.466353041414793168e-01 3.981418628953504180e-01 2.359179083406118260e-01 1.941271365694002271e-01 2.487171890289857912e-01 2.989068224908627558e-01 1.910392777022927244e-02 2.785483965287533503e-01 2.030762425695389339e-01 -1.083012812445143108e-01 2.273353048961738176e-01 3.121919486549899481e-01 1.488811753458223197e-01 5.202176053913103448e-01 5.518466675374350539e-01 5.515383614211669672e-01 3.060454951926722122e-01 4.628495237692311082e-01 -1.672698327017055689e-02 -2.858909983304003949e-02 1.916962675252871784e-01 -2.257560301956068882e-01 -2.292834362114174185e-01 9.206984170657162014e-02 5.540294052143247827e-02 -1.064770471557473092e-01 3.166810761949419295e-03 7.958322453862370915e-02 5.392916059344590729e-02 -1.865235587564447739e-01 -3.435111531153121067e-01 1.573494246421946741e-01 1.789964626415444515e-01 -7.853962346368621728e-02 1.911193899173277144e-01 -2.534986892633860900e-01 -8.358720790263059197e-02 -1.774297493987063712e-01 2.885690408453527034e-02 -1.310720319331004913e-01
4.056412113352499127e-02 -3.052917830640227703e-01 -8.472737298002186446e-02 -2.904991435147143419e-01 -3.733715437274906512e-01 6.406587055057405555e-02 3.609062805150362041e-02 3.843967888191933413e-02 3.330234212631045798e-01 1.724285907070901847e-01 1.264243965762613664e-01 3.928275011887694679e-01 1.000000000000000000e+00 4.152238061652220869e-01 3.414593283070505025e-01 -9.795932794938202320e-03 2.420549328112215626e-01 1.307834248246540210e-01 2.384955537127261271e-01 2.085357508079220545e-01 3.205219701911110053e-01 3.281828352673952232e-01 9.478520048621723315e-02 2.232357505051194291e-01 9.359405115325312996e-02 2.202734764636569698e-01 1.779178059668508338e-01 1.931029632366023374e-01 3.078786779371184834e-01 2.965204723106197870e-01 5.816570589304345673e-02 -2.243485830886169097e-01 -2.842187498260603795e-01 2.973824338784892274e-01 2.709120452417481117e-01 3.441676755520727271e-01 -8.016670987281145078e-02 -1.903586733468036127e-02 -2.283901779189105585e-02 2.000401883208028919e-01 2.173554962944146129e-01 -1.085975536933584057e-03 -1.374962124226030979e-01 -1.450360784921921053e-01 -2.434436602231135061e-01 6.712183644525292203e-02 2.453286678140648991e-01 8.282789654071186572e-03 1.685209141709455641e-02 1.255206766858900924e-01 4.294012075665430000e-02 1.918167040295561954e-01 8.635583996916145616e-03 -3.425653850243419174e-01 -2.428966806505529485e-01 2.120009835469898740e-01 -1.123772957342419609e-01 8.416294582530386981e-02 1.140136450451580130e-01 3.867966307224987021e-01 2.483658773110909990e-01 6.585280707315599447e-01 3.729652212972205949e-01 2.700228493790498008e-01 2.306404880522895107e-01 2.832656718953096564e-01 -7.190951404583423301e-03 3.493683030920817778e-01 2.088256872928464791e-01 1.237789540184993098e-01 1.315236056220247529e-01 2.027573089665685169e-01 1.411184542133095965e-01 1.593790734921627650e-01 2.638654140704457252e-01 1.081688382301899121e-01 2.285815121392114901e-01 2.276150375027960193e-01 -4.964775120519762663e-02 -3.466228684319869191e-02 1.598997221602129759e-01 1.111613364420060007e-01 -1.019473216653285219e-01 2.031612968133684194e-01 -3.618054819574111763e-02 3.049940612521219105e-02 1.787014997248249654e-03 -9.241614768140114788e-02 2.718866969324731930e-01 7.742347082381252632e-02 -2.064110709171431968e-01 -1.458742419274465518e-01 1.283880907692179218e-01 -1.630215452708198842e-01 6.459459232129090289e-02 -2.467877151084983678e-01 7.110907650413605952e-02 -6.497875595491034266e-03 1.875916750862654803e-01 1.688236791980051166e-01
-2.685988945364329306e-01 -4.908401245612862840e-01 -1.720990060107148167e-01 -5.147888936347673194e-01 -4.047710220789645930e-01 -3.018332247373285704e-02 -2.000334684372640226e-01 -2.098467313885590477e-02 2.747809104673972769e-01 4.905785056788534298e-02 1.235254824733118262e-01 2.316656890796450485e-01 4.152238061652220869e-01 1.000000000000000000e+00 6.257683951836215952e-01 -3.070485379111668189e-01 3.822180103836065324e-01 1.742817157990962373e-01 3.809222369300201416e-01 4.345286436959077681e-01 6.639870528879244782e-01 4.654757151318306696e-01 3.796821263874981534e-01 3.208893070744813780e-01 -6.771190302228306812e-02 2.314619965611388053e-01 5.089691617834085635e-01 1.900019990692494165e-01 6.110216459579530524e-01 5.391742590528240120e-01 1.368109968085814698e-01 -5.191964627945996336e-01 -4.779821942158504755e-01 5.145546121298563147e-01 4.802951832354689365e-01 5.933310369505300219e-01 -6.112250217924459356e-02 -2.275128213302114177e-01 -2.059730539634426483e-01 2.280804175993173255e-01 2.205303950218851228e-01 3.305285516436502063e-02 -2.345577052752671754e-01 -2.280441600288140302e-01 -3.093118677235347502e-01 1.769972117488329277e-01 5.634129083945286220e-01 2.596732722727850828e-01 -1.030891126131414509e-01 7.018285351378961145e-02 -2.073280657242166647e-01 1.681815895927437354e-01 -3.586549647764508686e-01 -6.146416104467868902e-01 -2.987370328324351898e-01 1.211248778831581913e-01 -2.973261473469315241e-01 1.965811864621388461e-01 1.589923336875741500e-01 3.962493405749489273e-01 2.703639147635450088e-02 4.349536819758640371e-01 5.046999495186957896e-01 6.684823997766110582e-01 6.221858517227230045e-01 5.074640044212309631e-01 -2.698215737849560258e-01 6.558536789277265022e-01 5.519795323570849677e-01 1.265921869816547529e-01 4.142135930967307256e-01 2.510401293997306382e-01 5.145256063326919538e-01 1.605761521856168828e-01 3.630818604746517408e-01 -1.373217085618435099e-02 5.361427972186970647e-01 4.265075229361365849e-01 -5.183880444788823046e-03 -3.725263377623156402e-01 4.776306600931070623e-01 1.033783882044569946e-01 -1.665688350680295804e-01 4.636336109258766269e-01 2.575687640922478261e-01 3.980059968468950271e-01 4.288397415661867468e-02 -6.095762120362010344e-02 4.182552204013374464e-01 1.161199882005571754e-01 -4.354227748396152786e-01 -3.221517593654588674e-01 1.978626697900473519e-01 -3.510005453016995514e-01 1.638050325235425320e-01 -3.053638015181742160e-01 2.640336230531137862e-01 1.779094689950105335e-01 1.855139027563934562e-01 9.978026124497255123e-02
-5.562600623725763582e-02 -4.277625039846194577e-01 -1.145095018058466391e-01 -4.591959465661541451e-01 -4.790173457914649879e-01 1.797778097009822829e-01 -8.659358882785253564e-02 -7.443910594212697907e-02 3.723458366022768251e-01 1.806290598215991305e-01 3.823803933560963042e-01 3.636295914048582878e-01 3.414593283070505025e-01 6.257683951836215952e-01 1.000000000000000000e+00 -3.346819424373930763e-01 2.502613195218919007e-01 -2.213399331627353278e-02 1.583353315142161100e-01 2.543860230331346228e-01 7.326165119113690061e-01 3.562669088448554011e-01 2.968334651483190423e-01 2.493042738538930325e-01 -1.498440642951302413e-03 2.631962117494560660e-01 4.623447719602953310e-01 1.439833371854912503e-01 4.798567673300704883e-01 6.427438628790176356e-01 1.796504922692214457e-01 -4.783778214102379356e-01 -5.573258377867977842e-01 2.467735499416345846e-01 3.289901724238583069e-01 6.050620508912064599e-01 -9.866662677732113140e-02 -9.069532636842870046e-03 -2.066900624551779864e-01 2.467010979112913005e-01 1.813336487409792086e-01 1.460884126438021791e-01 -3.508432992857531407e-01 -2.266962632665928679e-01 -3.138345930506720727e-01 2.930337868552470582e-01 4.682757557352553168e-01 1.800919550840083816e-01 -1.066162863426284441e-01 1.102631880383294835e-02 -2.215514246363327333e-01 2.940728028507352265e-01 -4.023108631705662463e-01 -6.004332785913885084e-01 -1.226190953618392365e-01 3.155096969286609598e-02 -2.524272204465163316e-01 2.287358369565004323e-01 4.221920698111935044e-01 6.255006739105132274e-01 2.198575072401595665e-01 4.901016679947864940e-01 2.625011358626940794e-01 6.005732217915403792e-01 7.245365308700942863e-01 8.192173944670880781e-01 -2.277460061261681878e-01 5.625507340812693213e-01 5.533331492509976357e-01 1.303023191991722063e-01 4.592819448731440546e-01 8.745076802518221559e-02 5.457043018551805957e-01 2.725547125242766544e-01 3.198201752029986578e-01 1.624283851882248608e-01 4.589943293217346176e-01 4.578653816871124937e-01 3.634049797410168064e-02 -3.189561720092120023e-01 3.085385643851559223e-01 6.619533365259078206e-02 -1.666419986444676593e-01 3.723441056126648441e-01 1.618748866672080622e-01 2.503826055968355058e-01 -4.328489770492422936e-03 -1.206032942983926576e-01 3.226239051675207081e-01 1.675710624197890297e-01 -5.169590997012192268e-01 -1.997780667223123807e-01 3.442512184467019787e-01 -3.423284125292365698e-01 2.942371510443182459e-01 -3.696925549178424752e-01 4.584594105572634692e-01 2.044514082523631593e-01 1.759728239051721876e-01 1.025415936819693841e-01
