1.000000000000000000e+00 -3.216570746721769680e-02 -1.574949878692292679e-02 -1.446838673701859312e-01 -5.576390653108028589e-02 8.591034769974059682e-02 4.016190984141791015e-02 -1.227102709061321344e-02 -1.173181098233374436e-02 -5.403724364337279817e-02 3.350972143660831959e-01 2.482263359977091022e-01 4.694554776371476917e-02 2.621657593483831851e-03 2.090208193941790749e-01 -6.592392318874737422e-02 -1.096660793472119949e-01 -3.022351079824236314e-02 -5.848416445218538456e-02 -5.064950213779430277e-02 1.632495734090196882e-01 -1.459325025296382417e-01 1.814263364587092101e-02 -1.252571425824118567e-01 2.150214977501097302e-01 2.559000382568397680e-01 -3.650889882060903702e-01 -2.020879843448878110e-01 -8.942594168700253310e-02 2.598077069437688263e-02 3.738370342538565594e-01 4.272458685786517663e-01 -1.299330824073305635e-01 -2.423691910165992336e-01 -3.425639049590906149e-01 -3.145637625242488078e-02 -6.383469242934651511e-02 3.606003814942752017e-01 1.513286124710133684e-01 6.066489439605800976e-02 -3.757324297867854074e-02 -1.393850278197603931e-01 -8.359133262928586383e-02 1.021606676504919625e-01 -1.059625690648471029e-02 -2.070723143346823725e-01 9.211605540492766309e-02 -6.065721459096754670e-02 1.726929325669444848e-01 -9.123759015196502425e-03 1.818040927001756957e-01 1.744711816863530078e-03 -3.602889721795755895e-02 1.310413670846716228e-01 2.436433477648575208e-02 1.815204811209101265e-01 1.760022059639403946e-01 5.302069677903233080e-02 1.542494089125667767e-01 1.313289553604397308e-01 2.682517760107083205e-01 3.142337324411040300e-02 4.251068451627476596e-02 1.557375037490591786e-02 5.088029531003892755e-03 7.179205207180780479e-02 2.623835011809946827e-01 -5.293749489548071896e-02 -1.358953137438130010e-01 -5.395888388453412565e-02 1.669855365303903744e-02 -1.056016529857704972e-01 1.625296790484763443e-01 4.962264449907743263e-02 -1.149157267019609713e-01 9.617850274410968958e-02 7.888405710085427333e-03 -1.519547124918261272e-01 2.094002965665971994e-01 1.223140867498432732e-01 3.684787600949496894e-02 3.133668078115742217e-02 -2.909413390274917521e-01 -1.913610046164921086e-01 -1.978141564295918808e-01 5.555206051211589169e-02 -5.543353316847973201e-03 -8.970183167224739240e-02 -1.234240191535511122e-01 9.248419144322779506e-02 1.571854317466727935e-01 4.878164003500075063e-01 2.427182183717566943e-01 1.944290197076343207e-01 1.018454142593052392e-01 1.364510207957431998e-01 -4.424164105255446594e-02 -2.246033832897912502e-02 1.444476989803370193e-01 -3.386906044658872378e-02
-3.216570746721769680e-02 1.000000000000000000e+00 1.840763465561483514e-01 3.534195514264297233e-01 2.444481507886542004e-01 -2.177315981828709390e-01 1.708763627989471623e-01 2.318514747856292302e-01 -2.516282189159160243e-01 1.939110768489921421e-01 6.593259686198631175e-02 1.723304396139027361e-01 -2.870704491306219075e-01 -6.948907413716776116e-02 -2.066476299472533307e-01 5.544536572481371106e-01 5.545160678891239425e-02 -8.234966825669030877e-02 8.250244548117988130e-02 9.837621600939905342e-02 -2.390199710365209507e-01 -2.907120502348951030e-01 -2.493624082355145877e-01 3.990430409795667557e-03 -4.671159426574898049e-02 -3.230336539709171007e-01 1.666096294286634749e-01 -1.143533676072197997e-01 1.226277138358259841e-02 -1.651355655179466697e-01 -3.233998020641630222e-01 -1.214689677288582625e-01 4.545024135725317382e-01 -8.607777045326826804e-02 1.083700944847853197e-02 -1.544750850408327381e-01 -5.392775187170862489e-02 4.532063139649642608e-02 -2.270835105598095760e-02 4.767304549673272163e-02 -2.223047187575701855e-01 -2.386170347788609258e-01 4.142364639584678737e-02 -2.091724797029104188e-01 2.158658271217974434e-01 -5.390133906112202708e-03 -4.003707349594256004e-01 -2.891475203258747073e-01 -1.878308975999777586e-01 9.437099986118133166e-02 1.391180527350037444e-01 4.837360974954836301e-01 5.193430122322501008e-01 1.826155958634866350e-01 8.393748990035154040e-03 -1.277454355983012324e-01 2.784484959666599924e-02 -2.757974164398449210e-02 -5.909253197645809863e-02 -1.428196967668047546e-01 1.455118465663743643e-01 -2.290146616527120871e-01 -2.676681204533966629e-01 1.623198904601474701e-01 1.602337946354931708e-01 1.009143814179248727e-01 -2.937110603730050951e-01 1.253548693536726266e-01 1.321706993572251687e-01 1.053012545248992460e-01 2.684782338698480930e-01 -1.256069098736282141e-01 -1.682077516550641583e-01 -1.309651169405846513e-02 1.215165544123978369e-01 6.711070924706451224e-02 2.185968749720311813e-02 7.247648948516466523e-03 -2.485273970769542318e-01 -2.542408506939066726e-01 -1.212618460884757887e-01 -2.981573406931032899e-01 9.361309484765423239e-02 -4.312483211846091652e-02 1.116239691572457754e-01 -7.342524569347483321e-02 -1.014036728118312275e-01 -5.628100273794871961e-02 2.014435044444955747e-01 -2.102866631592739122e-01 1.329591260639849948e-01 -8.900262473853307868e-04 2.780316048812391250e-01 -3.296925398668417162e-01 8.120156774808015565e-02 -2.387022958462043654e-01 -7.604442412723437517e-02 -1.144731192007091142e-01 -1.086665554688322766e-01 8.588063403129914813e-03
-1.574949878692292679e-02 1.840763465561483514e-01 1.000000000000000000e+00 -2.323368209687081132e-01 1.989139641402274949e-01 4.768658628732513338e-01 1.705293313997341756e-02 3.189920375369543759e-01 5.097333859183446059e-01 7.205931331961445974e-02 3.355108877747060847e-02 2.471584367170600871e-01 1.004139738461803794e-01 2.983438820359184396e-01 3.249811387684714004e-01 -1.250348489277067765e-01 4.251408612758255101e-01 -5.829362279453151330e-02 4.480567341443784657e-01 -6.795407673104619621e-03 -1.672258338310455769e-02 -4.936955121520843204e-02 1.180631708440377237e-01 1.334745011203714027e-01 8.214344102809552350e-02 -3.034017935074203795e-02 -2.482054968639507697e-02 -3.887391014205064665e-02 2.348070862377074908e-01 2.032850436394303684e-01 -7.506143691826104580e-02 -7.098715068444565179e-02 6.045517602889513738e-03 -1.187236637849309467e-01 1.365231586648065626e-02 -1.206019045307538812e-01 -9.665320943207009186e-02 -6.076751665133672126e-02 -5.008268267457900019e-02 1.644720637232155724e-01 -1.917229597656447126e-01 -9.700636642762094919e-02 1.559405708696984805e-01 -1.398906913040448841e-01 5.626727179718155752e-02 -1.693838196604302293e-01 -1.790402181489884337e-01 -2.631439474553369795e-01 2.435118800236732717e-01 -1.191985153302678804e-02 1.913588916888922520e-01 4.479144591979438150e-01 4.893388820450426946e-02 -2.423842204168576986e-01 4.950444726431195153e-01 5.324872564021195798e-01 -4.070287993029311074e-02 1.270072138403695039e-01 1.570038980196759582e-01 1.028355611874537390e-01 1.113908991812507659e-01 1.542102185860039221e-01 8.129256175097462900e-02 3.986377775750617469e-01 2.151132709367308271e-01 3.759860634966423754e-01 -9.944652424298254523e-02 4.335810303699809132e-01 8.525845570484362479e-02 -3.511941647790031446e-03 1.132012856090311437e-01 3.966000766423000840e-02 -3.259075838378173301e-02 1.431853001340751830e-01 2.089360867588965220e-01 1.567303492502369611e-01 2.807773640880328880e-01 1.637273043683294960e-01 -2.147123947017791634e-01 -2.904147011244427312e-01 -1.375669044757628912e-01 -2.772689730980436584e-01 -3.096248852241145072e-02 -1.173416176497433655e-01 -3.244163258724055282e-02 -3.190645098776435096e-01 -1.540224268844434530e-01 -1.299433093929410477e-01 3.211213448439561441e-02 -1.647655346066253523e-01 -2.042249300233913711e-01 -1.649516138583570143e-02 1.229282215095891390e-01 -1.307612789571777900e-01 2.916960391923863541e-02 -2.022409618477945537e-01 -2.632938670088076916e-01 -2.791368731319249785e-01 2.620320158447428383e-01 -5.749723734442763190e-02
-1.446838673701859312e-01 3.534195514264297233e-01 -2.323368209687081132e-01 1.000000000000000000e+00 2.836015849092746732e-01 -4.070202237619668373e-01 2.298133287742345765e-01 2.198941103954669962e-01 -3.856278374090224004e-01 1.959827477500075965e-01 4.084253430605973983e-02 -3.991726020757979665e-02 -4.805923450933174967e-01 -3.391856708061353753e-01 -4.001541909977965328e-01 4.717319686323016570e-01 -4.106117104509582338e-01 1.389952808439965217e-03 -3.251894162910738406e-01 4.342426011422782783e-02 -1.433348380597598559e-01 -2.473914145379217944e-01 -2.900403254708170953e-01 -1.928321922978681047e-01 -1.483578509077976004e-01 -1.979223313134489681e-01 -3.759321076949450474e-02 -1.495135299323016032e-01 -2.557936279994886264e-01 -3.311722073093887331e-01 -2.849363463719784550e-01 9.775986088209663930e-04 4.292595653179670512e-01 -5.367129546918825850e-02 -1.059006777838087665e-01 -4.148442318624340902e-02 -3.638499671453697404e-02 1.290151962958587251e-01 -3.878712677937724840e-02 -1.461533920016985511e-01 5.167388894848242570e-02 -2.736658276195943484e-01 -2.410834649505417815e-01 -1.503906994880244985e-01 -8.275358635799187623e-02 4.905388520108774908e-02 -9.186185740650096299e-02 6.058569835353089239e-02 -2.402055570309437893e-01 -9.184579821333768365e-03 -2.516692593697439709e-02 3.372574864347243229e-03 2.362128600327510208e-01 5.951843576052402440e-01 -1.960154141349334522e-01 -3.972403676280979457e-01 1.453821132610197964e-01 6.758030343302907916e-02 -2.593525325284872229e-01 -9.232139195945433807e-02 -2.416855632296873238e-02 -4.661949726938798277e-01 -3.206035513506921841e-01 -1.926602200616946703e-01 -7.790510318867217843e-02 -2.398250435516701973e-01 -1.680494378616154416e-01 -2.397224974298830247e-01 -1.775449182665491676e-01 -3.839113974313678596e-02 1.067008501319297170e-01 -3.626043611828315139e-01 -1.225944904576334871e-01 -3.175016087975604528e-01 -1.413368240985699020e-01 -1.477119327059315812e-01 -2.395672234756250907e-01 -1.194085855475739977e-01 -2.424783548167134539e-01 7.323656871796427326e-02 -1.172093996445233710e-01 -5.649995918021344377e-02 -6.890386105960863428e-02 -6.753564513238177747e-02 8.901499705033663612e-02 6.620131865599332421e-02 -7.075601202649052512e-02 -1.358580953003955261e-01 7.634599287016567704e-02 -1.838301310893794005e-01 8.574966100669606517e-02 -1.488547398749833495e-01 -5.904011096454984259e-02 -2.577818908608368043e-01 -5.709533526243946305e-02 -1.204538128707495076e-01 -1.470042281502961616e-02 1.108420864017063689e-01 -2.385834156163033348e-01 -4.496359773320302011e-02
-5.576390653108028589e-02 2.444481507886542004e-01 1.989139641402274949e-01 2.836015849092746732e-01 1.000000000000000000e+00 2.769294984281061023e-01 -6.736840497660702420e-02 -9.324169527095466092e-02 1.703562679525517931e-01 3.384843103984823687e-01 2.380659872580311864e-01 1.834512754288333269e-01 -2.277878557036708274e-02 1.531743797843647670e-01 2.701309877701854947e-02 1.145681832473642719e-01 2.906726406989221939e-02 -8.531344761890610751e-02 1.814884449544348216e-02 3.536184636705697049e-02 -2.161098503471979293e-01 -5.744171092596243866e-02 -7.570191599927371395e-02 -4.709896502134756913e-02 4.747646671212518710e-02 -1.737026223313986872e-01 -8.394881317051548775e-02 6.681944965556352312e-02 -8.364505142607808752e-03 2.774973619487456147e-02 -1.679894878345268572e-01 -2.486756109650808261e-02 2.975080476607645519e-01 2.240207944505879373e-02 1.067548810688797450e-01 -6.567146515158975295e-02 1.375738916250527355e-01 2.154623604378659296e-01 7.150122132499295291e-02 -9.860882982474353242e-02 -1.607819612212680049e-01 -2.187942415334746815e-01 3.480453304406452147e-02 -3.813345691161709045e-02 -2.602352743685333869e-01 5.520243740822984579e-02 -2.538024276073550523e-01 -1.591572424358298488e-01 1.916132256967905678e-01 5.137398272410323083e-03 1.337735822148080622e-01 2.357953129997217290e-01 2.314573983995249495e-01 1.901208744116631710e-01 4.313559999962691682e-01 1.469099274683744738e-01 -1.301824114443797809e-01 -2.993560371236381190e-01 1.154612978342032664e-01 7.463043542356655180e-02 8.246798454641941778e-02 -1.108050661505285833e-01 -4.032215505666231214e-02 1.509679124670308958e-01 -1.773242298644469445e-02 3.250991521203928925e-02 -1.253346763839733868e-01 -3.735928258285606957e-02 -2.653116095481390380e-01 -2.612458014770406844e-01 -2.447727284416512938e-01 -2.422286529564456614e-01 -3.308638471760717570e-01 1.931971434755277647e-02 -8.849759521653335903e-02 5.573658706842061356e-02 2.065313009658125906e-03 -1.972639183849740629e-02 -1.188190853945076675e-01 1.970556169451868206e-02 -2.733304269206235926e-01 -2.849104914505393160e-01 6.125298975624588610e-02 -1.937592645781922029e-01 -2.269677925928026141e-01 -1.580336959641410743e-01 -1.956333838556218938e-02 2.521566180015372138e-02 -1.016687367380743057e-01 -2.033481017626330156e-01 1.816519799686636683e-01 4.774901561972028780e-02 2.020130076510588679e-01 -7.402837874895683290e-02 -7.817219060909105788e-02 -9.317442855997257189e-02 -2.382187955208088515e-01 -1.154354652044211754e-01 1.590189183546243668e-01 8.912579782763946010e-03
8.591034769974059682e-02 -2.177315981828709390e-01 4.768658628732513338e-01 -4.070202237619668373e-01 2.769294984281061023e-01 1.000000000000000000e+00 -8.840526785540078758e-02 -1.008258974866615004e-01 6.059032996227432522e-01 2.267532158570864653e-01 2.181167756069441466e-01 3.167022099504500088e-01 4.690795952748663122e-01 4.787393818218569908e-01 4.937019030687435084e-01 -4.204663592584172993e-01 3.878239215105084847e-01 -1.094028602905711689e-01 2.857075425054226847e-01 -2.543797810772278623e-01 -9.250401607737539222e-03 2.007627144054285884e-01 1.549198352536933221e-01 2.127293338636640219e-01 3.477951831828748341e-01 2.179238371284328291e-01 -2.216171112969841928e-01 1.193950542870230169e-01 1.747188935661338760e-01 3.844176074431654988e-01 2.515882889094557817e-01 1.905726058280323154e-01 -1.972342412795720368e-01 -2.124135297002998496e-02 6.336393981021851141e-02 -1.692955380164404278e-01 1.106481527685462471e-02 1.367215543260934529e-01 1.797255064815371506e-01 1.915419031214539991e-01 -8.851000566706931916e-02 3.497149977908234342e-02 2.653127763405659367e-01 2.779365712006115832e-02 -2.196724282217464019e-01 -1.855813583095942965e-01 -2.187287671394824370e-02 -2.193603082324724896e-01 5.132969587836420100e-01 -1.403755392128417379e-01 6.028345369109834595e-02 6.851748095499000935e-02 -2.421687409993530382e-01 -3.405298843401912690e-01 6.891420721386573023e-01 8.020811938996710300e-01 -1.250341922840512154e-01 -1.168158409089955357e-01 4.753563740550858507e-01 3.914396946253669851e-01 1.004635894001722068e-01 4.071636536115937344e-01 3.808286663986792941e-01 3.275744048603593250e-01 1.108671667062219139e-02 3.860616314920526926e-01 1.656655466947900002e-01 1.868095042305083775e-01 -2.103219908656210613e-01 -2.978029329523244062e-01 -2.405345901590739688e-01 6.782269689873955676e-02 -7.824397859984393022e-02 2.988828763405380617e-01 1.498929946543664793e-01 2.403688927954973908e-01 3.523411198284083223e-01 1.290899854532919500e-01 1.135206039790077337e-01 -3.415220579082176022e-02 -1.156303913337457939e-01 -1.876973970643905643e-01 -1.013499289606522580e-01 -1.051200188427845877e-01 -2.981904415755333715e-01 -2.697938584170334053e-01 -7.386143633175103196e-02 -4.527671636443313108e-02 -3.064844895597403918e-01 1.690807593824335611e-02 -6.573394505982302349e-02 2.310055007988448539e-01 2.074437063689198724e-01 2.074938644568372903e-01 4.210964730738727541e-02 -6.346057534863755456e-02 -2.243485944184433756e-01 -2.837548848941978674e-01 4.772120524036823075e-01 -1.242252120470516835e-01
4.016190984141791015e-02 1.708763627989471623e-01 1.705293313997341756e-02 2.298133287742345765e-01 -6.736840497660702420e-02 -8.840526785540078758e-02 1.000000000000000000e+00 4.869087938192872000e-01 -4.856514035976127602e-02 -1.911583109051472329e-01 -1.954076698931871414e-01 -7.646103290719084844e-02 -1.514119071961249341e-01 6.967581880952705697e-02 5.910827706807253445e-02 3.255684490383629059e-01 -4.772782665493957403e-03 6.594600332465920534e-02 -4.270602541750660036e-02 -7.599320669121630012e-02 2.975956537724299689e-01 -7.801367053848770605e-02 6.663642001369138312e-02 7.891669423089363311e-02 -3.777152755118833027e-02 -2.321282319220897578e-03 -2.096477850558892964e-01 -3.121428245470712071e-01 -1.946592185605947878e-01 1.679952572801193811e-02 2.925832943826611396e-02 2.399898534802871464e-01 -1.811632797622519594e-02 -3.159916099450011950e-01 -2.507134716277110154e-01 -2.430061364579824412e-01 -3.306075000628717619e-01 8.177023990656882846e-02 -5.754734120502835726e-02 5.383613507898942219e-01 2.340998441795577867e-01 -1.424189288731579350e-01 -2.210885915029116577e-01 -3.700497905044489860e-02 1.388045486298133957e-01 -2.489275472240433940e-01 1.142152998539705810e-01 1.804434718445104696e-02 -6.324586337758647536e-02 -1.285664406054330133e-01 -2.677570769774920145e-02 2.350418618166551787e-01 1.391240282316509591e-01 3.622846549861500898e-01 -2.933945995833760201e-02 7.678251590094725340e-03 3.147156240181023801e-01 4.218076938703071987e-01 -2.539562960213750387e-01 4.985033684949267269e-02 -2.420881627422558913e-01 -5.487746814595727968e-02 7.970851818395806310e-02 2.605366337999388548e-01 1.638862983141624319e-01 9.691125582142760819e-02 3.412818506273677110e-01 9.477528073014876431e-02 -5.471283112497422191e-02 1.821946410919334791e-01 3.507804210461937799e-01 1.320784283350485457e-02 3.328567582325610008e-01 1.826326413696286732e-01 -7.619644465264731326e-03 -1.829142234787993759e-01 -1.314380607549368307e-01 -9.736295171176363727e-02 -1.183157056257740786e-01 2.167607748140373825e-02 1.726252590837711320e-01 8.752223935526293186e-02 -2.284119473981065518e-01 -5.602137759958819574e-02 -2.722397050433552484e-02 -1.658395708030981292e-04 -3.916844316786757263e-01 -3.094323358954184089e-01 -4.442901648792012964e-02 6.714477910162637564e-02 -1.865536458399193187e-01 3.221238256791585791e-02 1.175427367373391846e-02 -1.095000219070655645e-01 9.918484493497825571e-02 -4.877021291316932516e-02 -1.185721882917153275e-01 -9.776497797510565191e-02 1.016156571017931033e-02 -8.770440594193333605e-02
-1.227102709061321344e-02 2.318514747856292302e-01 3.189920375369543759e-01 2.198941103954669962e-01 -9.324169527095466092e-02 -1.008258974866615004e-01 4.869087938192872000e-01 1.000000000000000000e+00 8.772760640740295823e-02 -7.118043676026743205e-02 -1.626536638119785994e-01 2.799916474975927549e-02 -1.338725100783253741e-01 3.289840620332839388e-02 -2.280377497597228797e-02 1.758885901921712069e-01 2.427579747594636461e-01 2.343910080726084588e-01 2.441957726495752601e-01 6.533869131477756942e-02 2.810613469915099749e-01 -8.491354569055883927e-02 1.441443563682138357e-02 -1.441926558754126359e-03 1.512757637326555757e-02 -5.896353314306063131e-02 -1.051375127987290992e-01 -3.634758929925459570e-01 -1.474855708368014717e-01 6.145823923519000767e-03 -1.590181271211443259e-01 1.667083452587645453e-01 6.130103906172733319e-02 -1.350438935547872699e-01 -2.639721380621376512e-01 -1.214056060743601562e-01 -3.455098131816594642e-01 -3.400627889736233117e-02 -2.113297260818308987e-01 2.570079453880174114e-01 1.465326152733853193e-01 -2.350071585279339403e-01 -1.361354469890197760e-01 -2.578860444537871000e-01 2.550477726649814092e-01 -2.930882443358693856e-01 4.418480453185148066e-02 -3.568332984181328549e-02 -1.056848261858086280e-01 -4.986009024205693974e-02 4.468596754750594341e-02 3.214641096467386605e-01 1.365168750828427979e-01 2.847014042677781243e-01 -5.025128327585306337e-02 8.734473192348103654e-02 4.493849690717672263e-01 5.162062006595485864e-01 -1.017467925063004763e-01 -5.596170422487343338e-02 -1.499303314349887950e-01 -4.029918120316931113e-02 -1.982365252232854910e-02 3.346229956073299983e-01 2.075414606979688048e-01 3.113047051930326048e-02 6.450284822071512825e-02 4.285204917510379019e-01 3.201239600191681522e-01 4.292140788942815921e-01 4.813546098037527754e-01 1.527699656523989202e-01 2.972716695686498101e-01 -1.079901062274304518e-01 9.874099580050207936e-02 -3.897346616838005817e-02 -1.438523873987532509e-01 -7.729566551044433909e-02 -3.964556458714212916e-01 -2.434485480318464012e-01 9.310222679296292769e-02 6.887991312382196751e-02 -2.509526523474771564e-01 -2.644878331259909246e-02 1.117974569878000118e-01 -1.049623065264330968e-01 -3.804241963425375461e-01 -4.146572723371603764e-01 8.559731260925322258e-03 -8.179375116388545863e-02 -3.222556422952340682e-01 -1.386382781620915938e-01 -1.769162798988486718e-01 -2.628011210325155167e-01 -8.786937542625851416e-02 -2.638525617579401406e-01 -2.403591308020480433e-01 -1.570719488451638168e-01 -7.778540542464187912e-02 -1.201074845461005541e-01
-1.173181098233374436e-02 -2.516282189159160243e-01 5.097333859183446059e-01 -3.856278374090224004e-01 1.703562679525517931e-01 6.059032996227432522e-01 -4.856514035976127602e-02 8.772760640740295823e-02 1.000000000000000000e+00 -4.564441051503693308e-02 -6.970224848713420240e-02 -3.579702222621928415e-02 2.797658926546545688e-01 3.845950952876441842e-01 4.247119897894389151e-01 -4.124184215726467428e-01 3.574304618877940931e-01 5.101023727101948457e-02 3.609688672351969441e-01 1.920094295158946696e-01 2.269852671785506648e-01 9.394097600250352065e-02 2.222540411504277391e-01 -5.581715194691806714e-02 4.024102025309690689e-02 -8.059496380084518741e-02 -1.693717042892213809e-01 -4.037925506056610353e-02 1.092699048766182235e-01 2.280760824063825243e-01 1.181060107264298997e-01 -1.876325765901712406e-02 -3.261582011672120585e-01 4.066798953093746921e-02 -1.531917805860847671e-02 1.322581416340548877e-01 4.412715485240465557e-02 -3.175945595349686373e-02 4.379840464507170003e-03 2.245756571729054241e-01 5.845424454683339349e-02 -9.581732793995136055e-02 9.155471841943624289e-02 6.567435437463345349e-02 -1.407163108907887594e-01 -3.651855783873527578e-02 7.908356581503397931e-02 6.060936032173651171e-03 4.905837650234681213e-01 1.447149680184664500e-01 5.518799903314969973e-02 1.704962403318319442e-01 -8.959058488672438925e-02 -2.089341053382580138e-01 4.800255510446592155e-01 6.018483127597286098e-01 -8.184190247596279111e-02 1.375950098976605196e-01 1.833716151395524963e-01 1.512066289578645195e-01 -1.289292985318609142e-01 2.371150748314830581e-01 2.089840691340972278e-01 3.358266186007987097e-01 1.184577843405581615e-01 2.066814236612166400e-01 1.738984736625117933e-01 2.770956835064930512e-01 -9.493130627292582779e-02 -7.892052969395652040e-02 -4.077187265840258312e-02 -1.713572104847345054e-02 -2.169552577201665569e-02 2.628193596271363175e-01 3.404037521558413854e-02 -6.541600350048099033e-02 1.660090351138477915e-01 -6.045240120407384399e-02 6.861227363907694554e-02 -1.752424256493098978e-02 -2.230818986319369202e-01 -8.166036363386361407e-02 -1.288374061634298406e-01 -3.086271349651777407e-01 -3.087135675375060062e-01 -2.344020542062748014e-01 -1.045898620248140315e-01 -2.033345347015848015e-01 -5.786115893274530048e-02 -9.682068105890177800e-02 -1.057360459080972648e-01 7.681421212359482165e-02 1.673722063350692457e-02 8.354547249627657102e-02 -1.498907060390624324e-01 -2.314188656410854500e-02 -2.220821407101537526e-01 -1.994885533698100843e-01 4.646616690828629381e-01 1.357634155129818498e-01
-5.403724364337279817e-02 1.939110768489921421e-01 7.205931331961445974e-02 1.959827477500075965e-01 3.384843103984823687e-01 2.267532158570864653e-01 -1.911583109051472329e-01 -7.118043676026743205e-02 -4.564441051503693308e-02 1.000000000000000000e+00 5.275657313105910351e-01 4.430552419384137797e-01 9.418918260431731471e-02 3.212394130339395887e-02 -8.476452162817453562e-02 -7.271606796362072023e-02 1.476361713476176674e-01 -3.157541144493076768e-01 -3.559731949887204316e-02 -1.799470426290962488e-01 -4.953978074222975536e-01 -4.358552172336400965e-02 -2.355386229875031656e-01 2.098878307319879677e-01 5.416064981141948120e-01 -9.958564949027447211e-02 2.081196257007497386e-01 1.899000117102219998e-01 1.718024789786868345e-01 -1.097689595778689403e-03 -1.262225326410368609e-01 1.553742567225964988e-01 3.761189467361126804e-01 -4.689346788238438896e-02 2.081742917041887742e-01 -1.714793553269665372e-01 9.792369273525418361e-02 1.257961637833596713e-01 -6.701746707244611578e-02 -2.052976202920220039e-01 -2.728581827959725148e-01 -9.500961716096771592e-02 3.360581694398178110e-01 -7.573706006068009304e-03 -2.253002283635163749e-01 3.317057989535277928e-03 -3.685159694862955027e-01 -3.691430393705811275e-01 3.799344093521554288e-03 -9.172591676298321936e-03 7.285044993820524728e-02 -1.064519449986613131e-01 -7.432138887426051332e-02 -1.513229047033977370e-01 2.290172819892615785e-01 1.883250206200780819e-01 -3.297658288960768624e-01 -4.183063929141854209e-01 5.613499109898628658e-01 2.860889248166479937e-01 3.305894706432955799e-01 1.665606150977774411e-02 -8.396137013180546282e-02 1.972498655410802933e-03 4.845781452488249520e-03 7.210914883475520731e-02 -3.278114241658234285e-01 -5.696655841758378053e-02 -1.919987620184082366e-01 -3.339969821990235732e-01 -1.328377000768607985e-01 -1.254438558587469554e-01 -4.516708743763806488e-01 6.983382178809671714e-02 2.853148373187017750e-01 5.567983422219088263e-01 2.957945834371682459e-01 2.092482677870567964e-01 -1.588875324189198690e-01 -2.492058919519658522e-01 -2.233746946346168716e-01 -4.547746728954444873e-01 1.235946233659448584e-01 -1.403760300135496915e-02 3.302546965930680534e-02 -1.908819404279601395e-01 1.378491500818019022e-01 1.816447050506045657e-01 -1.246547766257472163e-02 -1.236893358205365667e-01 1.233498002996394685e-02 1.503718982275048799e-01 2.357274601749769771e-01 -6.058466628875229520e-02 2.324642441541535098e-01 -1.948663886087211583e-01 -8.424201008309356586e-02 -2.063852906385263974e-01 4.499505894453517674e-02 -1.041564075637529951e-01
3.350972143660831959e-01 6.593259686198631175e-02 3.355108877747060847e-02 4.084253430605973983e-02 2.380659872580311864e-01 2.181167756069441466e-01 -1.954076698931871414e-01 -1.626536638119785994e-01 -6.970224848713420240e-02 5.275657313105910351e-01 1.000000000000000000e+00 5.795420917423464990e-01 3.758835376816812429e-02 -2.442546382277851601e-03 8.800441034015318853e-02 -1.102252720633655897e-01 -1.151155912532097342e-02 -2.291883381624109095e-01 -1.008174451302554925e-01 -1.050077146787953969e-01 -3.282772007424407112e-01 -1.305239670783570893e-01 -1.576176371293595002e-01 8.906287336910718999e-02 4.714418782054677348e-01 1.169361142490393107e-01 -1.601988545136049172e-02 1.177035940046250312e-01 1.425758999872729360e-01 3.379436539221731487e-03 2.143867514451934797e-01 3.919132653928971699e-01 2.282832031441266174e-01 -6.452690869115937367e-02 1.222907100099831883e-02 -6.352000543480598727e-02 1.087335416325539567e-01 3.114917165203348604e-01 8.981017797048533591e-02 -1.951752445983029882e-01 -2.187240182732166083e-01 -1.499061968132735234e-01 2.371852095177096331e-01 1.525345082903054317e-01 -1.389736438975179844e-01 -3.855244679740795627e-02 -2.240018300313051103e-01 -3.105905861020307190e-01 3.064739298448263677e-02 -2.679516456230140314e-02 1.175640525337516701e-01 -1.373373865777731684e-01 -8.200120130315313727e-02 -1.350205007023914383e-01 1.604405650192810839e-01 1.932088631386371103e-01 -2.214197264623591621e-01 -4.222416921256892386e-01 4.912978611752432112e-01 3.088594833453777722e-01 4.633100561260374284e-01 -5.155561974344585047e-02 -1.345240121672377220e-01 -8.895121762851045111e-02 -4.585799415697463383e-02 1.130778866695699020e-01 -1.744667402903039566e-01 -1.611476562993879313e-01 -2.417215201360093102e-01 -3.033436883757902880e-01 -2.111693677231856470e-01 -1.728212186294720842e-01 -3.392869415460399440e-01 2.501366258223978968e-04 8.779446574082849786e-02 5.044740315346223358e-01 2.424769480952972955e-01 7.789549638175971569e-02 8.897072399863967251e-02 -5.434336894687304825e-02 -1.882655237866431297e-01 -3.384510096405007884e-01 4.962800131995721495e-03 -1.005041990403928442e-01 -1.211237913047914921e-01 -1.863687753020849547e-01 1.685471095587542656e-01 1.712767526115221428e-01 -5.920111526211114389e-02 -8.097638298204935803e-02 1.149659643041161111e-01 4.192826387312401648e-01 3.169344883097423016e-01 1.848563144453802820e-01 1.783203296544655925e-01 6.845435420008064327e-03 -1.499986926171476553e-01 -1.795413347771742385e-01 4.522143261758350408e-03 -1.328126152571424690e-01
2.482263359977091022e-01 1.723304396139027361e-01 2.471584367170600871e-01 -3.991726020757979665e-02 1.834512754288333269e-01 3.167022099504500088e-01 -7.646103290719084844e-02 2.799916474975927549e-02 -3.579702222621928415e-02 4.430552419384137797e-01 5.795420917423464990e-01 1.000000000000000000e+00 1.535108382764853452e-01 2.366547469317177022e-01 1.822927794263210222e-01 -1.944913051400661008e-02 1.790291850461547263e-01 -2.661194312034884657e-01 1.894854382745180810e-01 -3.555255383629557508e-01 -3.284708672076786518e-01 -1.282523743711332098e-01 -1.346636333808856612e-01 1.676107419470976023e-01 4.087583355398697882e-01 2.051446945646132336e-01 -6.248064812139900864e-02 1.414191336439420410e-01 1.788035341260969802e-01 1.770806881164843916e-01 5.063954530404303489e-02 2.702635538283628125e-01 1.531615028545575408e-01 -1.908636057205597980e-01 -4.375069024619458735e-02 -2.379052127812082695e-01 -7.576650052007552483e-02 2.728342598129534502e-01 6.749614422625070664e-02 -1.261756313553548947e-01 -3.612868790001528829e-01 -1.583110210587702904e-02 2.492038209404123239e-01 8.936429951292864868e-03 -5.646177296992852673e-02 -5.835492296722282618e-02 -3.201038343962643307e-01 -4.456057096483545532e-01 6.650022357988417954e-02 -1.425249097522960640e-01 2.616736322001180226e-01 1.177838290344893207e-01 1.675031264439411430e-02 -1.430823038155342175e-01 2.859392110071095616e-01 2.755505338535243487e-01 -3.405914376034589741e-02 -2.886368828514559448e-01 4.770868868770170579e-01 4.366300255494894866e-01 5.361313145283317372e-01 1.443889188731622975e-01 6.391242970789617894e-02 2.375109551185639878e-01 9.273912778647182276e-02 2.242148906395249053e-01 -1.851191182654968737e-01 1.401461448174840252e-01 -8.751917772284149855e-02 -2.543530931284539442e-01 -1.658452382421793658e-01 -5.883808790838578745e-02 -2.210004247239362174e-01 8.535299420462583164e-02 3.036724795663585108e-01 4.557975249167574572e-01 2.971366852854062102e-01 2.887950771728655108e-01 -5.239645609697544427e-03 -5.400752862796981413e-02 -1.627863139098121303e-01 -4.214251782969850035e-01 -6.548609869957564000e-02 -9.231987960023410600e-02 -4.815595495684470151e-02 -2.833264598433771764e-01 -3.662027621706577529e-02 1.351003969076098321e-01 -1.883575600457492727e-01 -1.461073328640133395e-01 9.829789177347290907e-02 3.205244214562273930e-01 3.293644021528870369e-01 1.391128121670674456e-01 2.611078672507557985e-01 -2.794290550527221348e-02 -1.335048319960887575e-01 -2.946788147608945807e-01 6.305223460444421557e-02 -2.042485116556332359e-01
4.694554776371476917e-02 -2.870704491306219075e-01 1.004139738461803794e-01 -4.805923450933174967e-01 -2.277878557036708274e-02 4.690795952748663122e-01 -1.514119071961249341e-01 -1.338725100783253741e-01 2.797658926546545688e-01 9.418918260431731471e-02 3.758835376816812429e-02 1.535108382764853452e-01 1.000000000000000000e+00 5.607002427451350801e-01 3.967392875620832648e-01 -4.090737768532851648e-01 5.138010973419134819e-01 4.708041445371786288e-02 3.806961348567624581e-01 -3.692033263311862434e-01 9.819717821830859818e-04 5.111669272651819806e-01 3.528959304950280984e-01 2.775287374728523382e-01 2.593710147896485796e-01 2.077200398742863330e-01 -3.407565803326768894e-02 8.657531845120877700e-02 2.524059432149603488e-01 3.760134726207575162e-01 2.726627813265656286e-01 5.300436858690174904e-03 -2.764459612012144518e-01 1.925455438074862580e-01 2.747546887893816403e-01 -1.525894271669606950e-01 5.390014558894614879e-04 8.125309868215653542e-02 2.107566032434693426e-01 2.235084671335035300e-01 5.401185547337455928e-02 1.727938585446929798e-01 3.293953257303951498e-01 -2.022484475411013422e-02 -5.409429143362436826e-02 2.169711890650026509e-02 2.408972604927997752e-01 -9.179251602876523086e-02 1.584506869561173314e-01 -1.093684619766152888e-01 -1.197335821272526579e-01 -1.744236479166530740e-01 -2.531097615211660434e-01 -3.755185590502495008e-01 3.166182828960295015e-01 4.248856937569807646e-01 -4.004884045003793275e-02 -8.645539912268186689e-02 3.432524264929956437e-01 3.601681811522187138e-01 9.329384215389054102e-02 7.995994405677377959e-01 5.291344160292610344e-01 3.717621133110826093e-01 9.476424135048248931e-02 3.796324076081444288e-01 8.383901884761692236e-02 3.812950630970478594e-01 1.208004430191333134e-01 -1.118880714429746626e-01 -2.183752867092551841e-01 4.412403784323402633e-01 1.437667399390417655e-01 3.053554436099910063e-01 2.114444940197045264e-01 2.067973024915429336e-01 3.186474642857480832e-01 1.732693751212824596e-01 7.050002743857185228e-02 -9.420855630810964776e-02 9.468511574365083908e-03 -1.071866856597012002e-01 -1.842970068125898975e-01 3.540550758949832094e-02 -1.433528242339495995e-01 -1.803105081092218620e-01 -1.706991722233573011e-02 -4.954342399886283582e-02 -3.471760865388299200e-01 5.973966097511427403e-02 -2.351053840437226650e-01 5.965477124689021887e-02 7.632355659241575781e-03 9.478510587924919573e-02 3.222271732713762049e-02 -1.299040981716159393e-01 -6.090765450404746206e-02 -3.313773752093115976e-01 9.904026484750916293e-02 -1.221832274672725038e-01
2.621657593483831851e-03 -6.948907413716776116e-02 2.983438820359184396e-01 -3.391856708061353753e-01 1.531743797843647670e-01 4.787393818218569908e-01 6.967581880952705697e-02 3.289840620332839388e-02 3.845950952876441842e-01 3.212394130339395887e-02 -2.442546382277851601e-03 2.366547469317177022e-01 5.607002427451350801e-01 1.000000000000000000e+00 6.493584817678244026e-01 -1.917976660324469118e-01 4.798539194245435291e-01 1.893142891984888332e-01 5.269327003691294253e-01 -2.164459737731022348e-01 2.388334482360437161e-01 2.983815213399336197e-01 4.753909040409649567e-01 1.660647400168430432e-01 1.270948171795556747e-01 7.653525192232497887e-02 -1.717390280898333232e-01 -3.229243221982688872e-02 2.215244325618002386e-01 5.234360489003416772e-01 1.311005777292393870e-01 1.886488092803548580e-02 -1.664028479315028120e-01 5.752924281500389203e-02 1.134347516092565622e-01 -1.823008925991664031e-01 -4.728278467027682841e-02 2.612082297415185828e-02 -1.972164065566675128e-03 1.234240469616501579e-01 -3.584471264352710740e-02 -3.089945251968328338e-02 5.712032832067597682e-02 -1.655508706702532029e-01 -1.335748312618787736e-01 -1.380890204115243214e-01 1.135743342265949224e-01 5.478876436146171147e-02 2.538806608487886862e-01 -1.840472032701140626e-01 8.755443013222992052e-03 1.160826403158952691e-01 -1.337268299369438057e-02 -2.013687815484646870e-01 4.080493229772452213e-01 4.413749047556689287e-01 6.776430640856778709e-02 -4.162705048326696688e-02 2.406885856386845879e-01 3.723490294770376297e-01 3.647450274179978198e-03 5.331031187029269258e-01 5.188333051399689477e-01 6.894476272919514148e-01 4.387515339151739080e-01 4.828867158402446180e-01 1.012921534556803088e-01 4.582325724814637069e-01 5.602922073428000249e-02 -2.811411602705771520e-02 -4.776272006337992093e-02 2.962231819872647165e-01 2.738511794384664855e-01 2.581281934396667532e-01 1.415472430413804161e-01 6.595267325650479295e-02 3.121446388375604952e-01 2.086785541281974965e-01 -6.876378691988009606e-02 -5.650123359806615703e-02 -3.248693578533023985e-02 -1.629090536554789193e-01 -2.554332379642455519e-01 -9.783814054049901066e-02 -1.858849335601706898e-01 -2.306443959507429031e-01 -1.310486620629288668e-01 -1.290567396253798627e-01 -2.399536362883626095e-01 -1.191455201250863905e-01 -1.751495920228201275e-01 1.409214113428599313e-01 -3.811321841789876846e-02 -1.367322532132849919e-02 -7.617216976407903406e-02 -2.290237349641798537e-01 -2.726794078403753652e-01 -2.791846923197266461e-01 2.164652208840235070e-01 -1.497977609581843672e-01
2.090208193941790749e-01 -2.066476299472533307e-01 3.249811387684714004e-01 -4.001541909977965328e-01 2.701309877701854947e-02 4.937019030687435084e-01 5.910827706807253445e-02 -2.280377497597228797e-02 4.247119897894389151e-01 -8.476452162817453562e-02 8.800441034015318853e-02 1.822927794263210222e-01 3.967392875620832648e-01 6.493584817678244026e-01 1.000000000000000000e+00 -2.881714448355474634e-01 3.371034312391906762e-01 7.875928708975284132e-02 3.663269781004776515e-01 -9.899330372770299979e-02 3.632442928545006056e-01 9.933283548790025619e-02 4.935368049152831782e-01 2.418261364257687784e-01 1.385582480854843923e-01 2.614832170278283963e-01 -1.933128741332683642e-01 -1.340046479536410040e-01 3.229647871665859982e-01 4.662507283785934376e-01 2.937176851088670881e-01 1.281582484091741136e-01 -3.512838260218418274e-01 -1.077794541088979013e-01 -1.019728771039877663e-01 -2.439412265154735360e-01 -1.782832777973945848e-01 2.631034209890197040e-02 3.494599777548457187e-02 1.547408396935694985e-01 -1.294612338922503381e-01 -4.275251650047122431e-02 -3.460593172414053176e-02 -8.846385345178112147e-02 -2.267522906004820760e-01 -2.672402776760149923e-01 6.469255562772498191e-02 3.304862104302770838e-03 2.383148167786229010e-01 -2.882411547545536412e-01 7.222450015829613712e-02 4.468929699914792747e-02 -9.256576805340591130e-02 -1.938259793406885423e-01 3.347286155897645776e-01 4.553352071055856154e-01 8.184783752018244540e-02 -6.000647463643086175e-03 2.201741102305975473e-01 2.981067492288879683e-01 1.266093406226505846e-01 4.303258845789795228e-01 4.665341878232265871e-01 4.625510186730031892e-01 3.924600605280501586e-01 5.603279848390998463e-01 2.476759027755582598e-01 2.738141569308856216e-01 -2.028287684463855531e-02 -2.413354129655880670e-02 3.235978398584238303e-02 1.832231040964192870e-01 3.590361545264711962e-01 2.449967316114553262e-01 2.160459671119767666e-01 1.586472045249592289e-01 4.292789153519661061e-01 2.719986651927294163e-01 5.372760755077200800e-02 2.867719818590871300e-02 2.094567943591378878e-01 -7.409017243412258091e-02 -2.756144838108404715e-01 -1.160478551381231155e-01 -7.017685499166835539e-02 -2.129252656153454715e-01 -7.416219260458853380e-02 -1.165014426168031053e-01 -2.413342971346437160e-01 3.674353836737944551e-02 -8.595225558483904349e-02 2.436155613553908916e-01 7.411251250102975086e-02 1.505169085723662703e-01 3.959637966309382390e-02 -9.610779466522952064e-02 -1.693038749948803101e-01 -1.468981380899045397e-01 1.707138079758609706e-01 -2.153422579393869662e-01
